Gene A,Gene B,Label,Score,Precision,Recall,False Positive Rate
YER150W,YNL300W,1,12.098812,1.0,0.0009970089886337519,0.0
YJL158C,YDL024C,1,11.842926,1.0,0.0019940179772675037,0.0
YKL163W,YMR305C,1,10.8554535,1.0,0.0029910269659012556,0.0
YDR055W,YNR044W,1,9.425247,1.0,0.0039880359545350075,0.0
YGR282C,YNR044W,1,9.081255,1.0,0.004985044710338116,0.0
YJL191W,YDL204W,0,9.07983,0.8333333134651184,0.004985044710338116,0.00010003001079894602
YLR120C,YMR238W,1,8.929834,0.8571428656578064,0.005982053931802511,0.00010003001079894602
YNL190W,YOR382W,1,8.776203,0.875,0.006979062687605619,0.00010003001079894602
YMR229C,YOL052C-A,0,8.570345,0.7777777910232544,0.006979062687605619,0.00020006002159789205
YGR282C,YLR037C,1,8.476482,0.800000011920929,0.007976071909070015,0.00020006002159789205
YBR162C,YDL024C,1,8.470148,0.8181818127632141,0.008973080664873123,0.00020006002159789205
YLR042C,YLR158C,1,8.389122,0.8333333134651184,0.009970089420676231,0.00020006002159789205
YMR215W,YER150W,1,8.293102,0.8461538553237915,0.010967099107801914,0.00020006002159789205
YPL163C,YDR055W,1,8.134054,0.8571428656578064,0.011964107863605022,0.00020006002159789205
YLR042C,YLR157C,1,8.00939,0.8666666746139526,0.01296111661940813,0.00020006002159789205
YBR078W,YIR039C,1,7.81132,0.875,0.013958125375211239,0.00020006002159789205
YML052W,YBR093C,1,7.7238474,0.8823529481887817,0.014955134131014347,0.00020006002159789205
YGR177C,YAR027W,0,7.698504,0.8333333134651184,0.014955134131014347,0.00030009003239683807
YLR300W,YOR382W,1,7.554437,0.8421052694320679,0.01595214381814003,0.00030009003239683807
YDR534C,YNR044W,1,7.548555,0.8500000238418579,0.016949152573943138,0.00030009003239683807
YMR217W,YBL098W,0,7.495641,0.8095238208770752,0.016949152573943138,0.0004001200431957841
YJL159W,YNR044W,1,7.491212,0.8181818127632141,0.017946161329746246,0.0004001200431957841
YLR300W,YIR039C,1,7.4549727,0.8260869383811951,0.018943170085549355,0.0004001200431957841
YNR055C,YGR254W,0,7.4380074,0.7916666865348816,0.018943170085549355,0.0005001500248908997
YNL066W,YLR158C,1,7.422131,0.800000011920929,0.019940178841352463,0.0005001500248908997
YGR279C,YDL024C,1,7.4148083,0.807692289352417,0.02093718759715557,0.0005001500248908997
YIL123W,YDR077W,1,7.4107246,0.8148148059844971,0.02193419821560383,0.0005001500248908997
YDR077W,YJR004C,1,7.3741508,0.8214285969734192,0.022931206971406937,0.0005001500248908997
YOR285W,YPR016C,0,7.3435063,0.7931034564971924,0.022931206971406937,0.0006001800647936761
YLR224W,YBR294W,0,7.335067,0.7666666507720947,0.022931206971406937,0.0007002100464887917
YBR183W,YBR271W,0,7.327993,0.7419354915618896,0.022931206971406937,0.0008002400863915682
YOL080C,YOL052C-A,0,7.2127404,0.71875,0.022931206971406937,0.0009002700680866838
YIL123W,YLR120C,1,7.1873827,0.7272727489471436,0.023928215727210045,0.0009002700680866838
YLR158C,YLR155C,1,7.1521463,0.7352941036224365,0.024925224483013153,0.0009002700680866838
YJR025C,YPL093W,0,7.1035323,0.7142857313156128,0.024925224483013153,0.0010003000497817993
YMR169C,YKL056C,0,7.093603,0.6944444179534912,0.024925224483013153,0.0011003301478922367
YOR247W,YHR143W,1,7.091665,0.7027027010917664,0.02592223323881626,0.0011003301478922367
YDR534C,YBR078W,1,7.064381,0.7105262875556946,0.02691924199461937,0.0011003301478922367
YMR215W,YJL159W,1,7.037799,0.7179487347602844,0.027916250750422478,0.0011003301478922367
YHR143W,YLR158C,1,7.0333467,0.7250000238418579,0.028913259506225586,0.0011003301478922367
YDL024C,YLR194C,1,7.01781,0.7317073345184326,0.029910268262028694,0.0011003301478922367
YMR146C,YPR192W,0,6.998263,0.7142857313156128,0.029910268262028694,0.0012003601295873523
YJL171C,YLR157C,1,6.976673,0.7209302186965942,0.03090727888047695,0.0012003601295873523
YKL096W-A,YLR037C,1,6.958314,0.7272727489471436,0.03190428763628006,0.0012003601295873523
YDR219C,YHL015W,0,6.7600856,0.7111111283302307,0.03190428763628006,0.0013003901112824678
YPR026W,YEL040W,1,6.7342505,0.717391312122345,0.03290129452943802,0.0013003901112824678
YEL040W,YLR157C,1,6.72302,0.7234042286872864,0.033898305147886276,0.0013003901112824678
YLR160C,YLR155C,1,6.7214847,0.7291666865348816,0.034895315766334534,0.0013003901112824678
YOR247W,YNL160W,1,6.6698117,0.7346938848495483,0.03589232265949249,0.0013003901112824678
YLR452C,YBR243C,0,6.6579366,0.7200000286102295,0.03589232265949249,0.0014004200929775834
YLL041C,YPR114W,0,6.6557717,0.7058823704719543,0.03589232265949249,0.0015004501910880208
YLR042C,YLR155C,1,6.6328435,0.7115384340286255,0.03688933327794075,0.0015004501910880208
YJL158C,YNL160W,1,6.6319814,0.7169811129570007,0.03788634017109871,0.0015004501910880208
YKL096W-A,YLR158C,1,6.6226,0.7222222089767456,0.03888335078954697,0.0015004501910880208
YDL024C,YMR238W,1,6.6205945,0.7272727489471436,0.039880357682704926,0.0015004501910880208
YDR534C,YEL040W,1,6.577664,0.7321428656578064,0.04087736830115318,0.0015004501910880208
YLR084C,YER150W,1,6.564667,0.7368420958518982,0.04187437519431114,0.0015004501910880208
YFL045C,YER162C,0,6.5227256,0.7241379022598267,0.04187437519431114,0.0016004801727831364
YDR534C,YKR042W,1,6.491497,0.7288135886192322,0.0428713858127594,0.0016004801727831364
YHR020W,YDR453C,0,6.4833164,0.7166666388511658,0.0428713858127594,0.001700510154478252
YNR044W,YMR008C,1,6.4599986,0.7213114500045776,0.04386839643120766,0.001700510154478252
YIL123W,YKL096W,1,6.455165,0.725806474685669,0.044865403324365616,0.001700510154478252
YDR534C,YMR238W,1,6.4468846,0.7301587462425232,0.04586241394281387,0.001700510154478252
YDR343C,YJR041C,0,6.4162965,0.71875,0.04586241394281387,0.0018005401361733675
YKL096W-A,YMR305C,1,6.3838053,0.7230769395828247,0.04685942083597183,0.0018005401361733675
YLR120C,YLR194C,1,6.382984,0.7272727489471436,0.04785643145442009,0.0018005401361733675
YNL322C,YJL171C,1,6.382182,0.7313432693481445,0.04885343834757805,0.0018005401361733675
YIL123W,YIR039C,1,6.364055,0.7352941036224365,0.049850448966026306,0.0018005401361733675
YLR037C,YNL300W,1,6.3546557,0.739130437374115,0.050847455859184265,0.0018005401361733675
YDR261C,YGR282C,1,6.3529606,0.7428571581840515,0.05184446647763252,0.0018005401361733675
YMR307W,YGR258C,0,6.3451667,0.7323943376541138,0.05184446647763252,0.001900570117868483
YBR078W,YOL155C,1,6.334995,0.7361111044883728,0.05284147709608078,0.001900570117868483
YDR534C,YGR189C,1,6.3282523,0.7397260069847107,0.05383848398923874,0.001900570117868483
YGR189C,YBR078W,1,6.314628,0.7432432174682617,0.054835494607686996,0.001900570117868483
YJL141C,YLR196W,0,6.3121037,0.7333333492279053,0.054835494607686996,0.0020006000995635986
YPL033C,YDR411C,0,6.3076806,0.7236841917037964,0.054835494607686996,0.002100630197674036
YER150W,YOR010C,1,6.2997127,0.7272727489471436,0.055832501500844955,0.002100630197674036
YOL133W,YBR078W,0,6.284017,0.7179487347602844,0.055832501500844955,0.0022006602957844734
YDR479C,YOL120C,0,6.207137,0.7088607549667358,0.055832501500844955,0.002300690161064267
YBR295W,YOR237W,0,6.193245,0.699999988079071,0.055832501500844955,0.0024007202591747046
YDR055W,YDR144C,1,6.1907554,0.7037037014961243,0.05682951211929321,0.0024007202591747046
YPR149W,YPR163C,0,6.17081,0.6951219439506531,0.05682951211929321,0.0025007501244544983
YIR037W,YLR056W,0,6.1550345,0.6867470145225525,0.05682951211929321,0.0026007802225649357
YKL096W,YLR158C,1,6.148627,0.6904761791229248,0.05782651901245117,0.0026007802225649357
YMR090W,YLR194C,0,6.104015,0.6823529601097107,0.05782651901245117,0.002700810320675373
YBR162C,YJL174W,1,6.088527,0.6860465407371521,0.05882352963089943,0.002700810320675373
YLR300W,YGR282C,1,6.0695596,0.6896551847457886,0.05982053652405739,0.002700810320675373
YDR077W,YMR215W,1,6.0675645,0.6931818127632141,0.060817547142505646,0.002700810320675373
YLR194C,YNR044W,1,6.059628,0.6966292262077332,0.0618145577609539,0.002700810320675373
YGL032C,YLR158C,1,6.0587406,0.699999988079071,0.06281156837940216,0.002700810320675373
YDR261C,YLR158C,1,6.048967,0.7032967209815979,0.06380857527256012,0.002700810320675373
YHR013C,YBR212W,0,6.0482516,0.695652186870575,0.06380857527256012,0.002800840185955167
YGR282C,YBR093C,1,6.026893,0.698924720287323,0.06480558216571808,0.002800840185955167
YLR084C,YKL164C,1,6.0138106,0.7021276354789734,0.06580258905887604,0.002800840185955167
YNL322C,YMR238W,1,5.9786777,0.7052631378173828,0.0667996034026146,0.002800840185955167
YKL096W-A,YLR155C,1,5.9715266,0.7083333134651184,0.06779661029577255,0.002800840185955167
YKL096W-A,YBR078W,1,5.9651465,0.7113401889801025,0.06879361718893051,0.002800840185955167
YLR150W,YHL035C,0,5.947302,0.704081654548645,0.06879361718893051,0.002900870284065604
YIL123W,YLR155C,1,5.9422307,0.7070707082748413,0.06979063153266907,0.002900870284065604
YLR160C,YBR162C,1,5.9354672,0.7099999785423279,0.07078763842582703,0.002900870284065604
YMR215W,YBR093C,1,5.9278693,0.7128713130950928,0.07178464531898499,0.002900870284065604
YDR341C,YDL204W,0,5.926561,0.7058823704719543,0.07178464531898499,0.0030009003821760416
YMR305C,YOR382W,1,5.924386,0.708737850189209,0.07278165221214294,0.0030009003821760416
YCR005C,YER145C,0,5.895942,0.7019230723381042,0.07278165221214294,0.0031009302474558353
YLR432W,YML042W,0,5.8958945,0.6952381134033203,0.07278165221214294,0.0032009603455662727
YLR042C,YDL024C,1,5.8881545,0.698113203048706,0.0737786665558815,0.0032009603455662727
YNL066W,YMR008C,1,5.8734393,0.7009345889091492,0.07477567344903946,0.0032009603455662727
YOL052C-A,YNL190W,0,5.8656425,0.6944444179534912,0.07477567344903946,0.0033009902108460665
YIL123W,YOL155C,1,5.831709,0.6972476840019226,0.07577268034219742,0.0033009902108460665
YOR206W,YDR342C,0,5.829928,0.6909090876579285,0.07577268034219742,0.003401020308956504
YDL036C,YHR143W,0,5.807346,0.684684693813324,0.07577268034219742,0.0035010504070669413
YML132W,YMR177W,0,5.777432,0.6785714030265808,0.07577268034219742,0.003601080272346735
YMR015C,YOL030W,0,5.7616057,0.6725663542747498,0.07577268034219742,0.0037011103704571724
YLR042C,YJL171C,1,5.7587233,0.6754385828971863,0.07676968723535538,0.0037011103704571724
YJR004C,YLR194C,1,5.753354,0.678260862827301,0.07776670157909393,0.0037011103704571724
YML052W,YEL040W,1,5.7405076,0.681034505367279,0.07876370847225189,0.0037011103704571724
YLR158C,YLR157C,1,5.7284904,0.6837607026100159,0.07976071536540985,0.0037011103704571724
YPL163C,YLR213C,1,5.713552,0.6864407062530518,0.08075772970914841,0.0037011103704571724
YMR131C,YDR256C,0,5.6959753,0.680672287940979,0.08075772970914841,0.003801140235736966
YJL069C,YIR039C,0,5.6850243,0.675000011920929,0.08075772970914841,0.0039011703338474035
YJL158C,YMR238W,1,5.6808505,0.6776859760284424,0.08175473660230637,0.0039011703338474035
YER150W,YDR144C,1,5.6799927,0.6803278923034668,0.08275174349546432,0.0039011703338474035
YDL024C,YOL155C,1,5.6782155,0.6829268336296082,0.08374875038862228,0.0039011703338474035
YBR158W,YBR101C,0,5.673062,0.6774193644523621,0.08374875038862228,0.004001200199127197
YDR233C,YLL041C,0,5.6617475,0.671999990940094,0.08374875038862228,0.004101230297237635
YNL066W,YGR282C,1,5.6189017,0.6746031641960144,0.08474576473236084,0.004101230297237635
YJL171C,YLR037C,1,5.612311,0.6771653294563293,0.0857427716255188,0.004101230297237635
YGR279C,YER150W,1,5.60197,0.6796875,0.08673977851867676,0.004101230297237635
YKR069W,YDR343C,0,5.5896077,0.6744186282157898,0.08673977851867676,0.004201260395348072
YJR151C,YLL024C,1,5.589105,0.6769230961799622,0.08773679286241531,0.004201260395348072
YKL096W-A,YKL163W,1,5.570335,0.6793892979621887,0.08873379975557327,0.004201260395348072
YBR093C,YLR158C,1,5.549521,0.6818181872367859,0.08973080664873123,0.004201260395348072
YJL078C,YDL049C,1,5.529536,0.6842105388641357,0.09072781354188919,0.004201260395348072
YLR042C,YLR120C,1,5.5256925,0.6865671873092651,0.09172482788562775,0.004201260395348072
YLR158C,YIR039C,1,5.505298,0.6888889074325562,0.0927218347787857,0.004201260395348072
YDR077W,YLR120C,1,5.503758,0.6911764740943909,0.09371884167194366,0.004201260395348072
YMR215W,YDR262W,0,5.503676,0.6861313581466675,0.09371884167194366,0.0043012904934585094
YLR150W,YFR025C,0,5.4456496,0.6811594367027283,0.09371884167194366,0.004401320591568947
YKL026C,YBR276C,0,5.4309225,0.6762589812278748,0.09371884167194366,0.004501350224018097
YKL096W-A,YGR189C,1,5.4288955,0.6785714030265808,0.09471585601568222,0.004501350224018097
YOL132W,YDR055W,1,5.423184,0.6808510422706604,0.09571286290884018,0.004501350224018097
YNL330C,YLR056W,0,5.404592,0.6760563254356384,0.09571286290884018,0.004601380322128534
YOR247W,YDL204W,0,5.4024043,0.6713286638259888,0.09571286290884018,0.004701410420238972
YEL040W,YLR037C,1,5.3943276,0.6736111044883728,0.09670986980199814,0.004701410420238972
YNL160W,YLR155C,1,5.376001,0.6758620738983154,0.0977068766951561,0.004701410420238972
YLR441C,YDR512C,0,5.3624835,0.6712328791618347,0.0977068766951561,0.004801440518349409
YGR282C,YDR144C,1,5.361749,0.6734693646430969,0.09870389103889465,0.004801440518349409
YNR028W,YDR077W,0,5.3532577,0.6689189076423645,0.09870389103889465,0.0049014706164598465
YLL024C,YML051W,0,5.3426323,0.6644295454025269,0.09870389103889465,0.005001500248908997
YCL051W,YBR067C,1,5.337651,0.6666666865348816,0.09970089793205261,0.005001500248908997
YOR382W,YMR056C,0,5.3100424,0.6622516512870789,0.09970089793205261,0.005101530347019434
YLR300W,YOL155C,1,5.30402,0.6644737124443054,0.10069790482521057,0.005101530347019434
YPL163C,YGR189C,1,5.288693,0.6666666865348816,0.10169491171836853,0.005101530347019434
YLL024C,YMR008C,1,5.2781677,0.6688311696052551,0.10269192606210709,0.005101530347019434
YLR390W-A,YNL160W,1,5.2780223,0.6709677577018738,0.10368893295526505,0.005101530347019434
YOR383C,YLR110C,1,5.2733192,0.6730769276618958,0.104685939848423,0.005101530347019434
YML120C,YBR238C,0,5.2717195,0.668789803981781,0.104685939848423,0.005201560445129871
YKR053C,YGR052W,0,5.266271,0.6645569801330566,0.104685939848423,0.005301590543240309
YER150W,YMR307W,1,5.2617006,0.6666666865348816,0.10568295419216156,0.005301590543240309
YLR160C,YNL066W,1,5.2609587,0.668749988079071,0.10667996108531952,0.005301590543240309
YHR111W,YER106W,0,5.2567267,0.6645962595939636,0.10667996108531952,0.005401620641350746
YNL160W,YMR238W,1,5.2525496,0.6666666865348816,0.10767696797847748,0.005401620641350746
YBR273C,YKR057W,0,5.2436585,0.6625766754150391,0.10767696797847748,0.005501650273799896
YKL163W,YLR157C,1,5.234043,0.6646341681480408,0.10867397487163544,0.005501650273799896
YBR187W,YKL117W,0,5.2320714,0.6606060862541199,0.10867397487163544,0.005601680371910334
YIL011W,YKL163W,1,5.2248664,0.6626505851745605,0.10967098921537399,0.005601680371910334
YOR247W,YMR238W,1,5.2243423,0.6646706461906433,0.11066799610853195,0.005601680371910334
YJR009C,YGR282C,1,5.20711,0.6666666865348816,0.11166500300168991,0.005601680371910334
YPR119W,YJL141C,0,5.18912,0.6627218723297119,0.11166500300168991,0.005701710470020771
YGL205W,YDL146W,0,5.1831546,0.658823549747467,0.11166500300168991,0.005801740568131208
YOR092W,YJL066C,0,5.180406,0.6549707651138306,0.11166500300168991,0.005901770666241646
YNL322C,YNL160W,1,5.175,0.6569767594337463,0.11266201734542847,0.005901770666241646
YFR031C-A,YER150W,0,5.159838,0.6531791687011719,0.11266201734542847,0.006001800764352083
YDR044W,YOR065W,0,5.157591,0.6494252681732178,0.11266201734542847,0.006101830396801233
YMR305C,YGR282C,1,5.1541014,0.6514285802841187,0.11365902423858643,0.006101830396801233
YDR055W,YER011W,1,5.138417,0.6534090638160706,0.11465603113174438,0.006101830396801233
YMR217W,YLR058C,0,5.1341257,0.6497175097465515,0.11465603113174438,0.006201860494911671
YOL154W,YLR157C,1,5.1326184,0.6516854166984558,0.11565303802490234,0.006201860494911671
YLR120C,YBR162C,1,5.123716,0.6536312699317932,0.1166500523686409,0.006201860494911671
YER150W,YCR089W,1,5.114467,0.6555555462837219,0.11764705926179886,0.006201860494911671
YNL322C,YLR194C,1,5.110867,0.6574585437774658,0.11864406615495682,0.006201860494911671
YCR005C,YBR042C,0,5.108722,0.6538461446762085,0.11864406615495682,0.006301890593022108
YOL030W,YMR008C,1,5.1041884,0.6557376980781555,0.11964107304811478,0.006301890593022108
YGR159C,YMR238W,0,5.1012616,0.6521739363670349,0.11964107304811478,0.0064019206911325455
YLR160C,YER150W,1,5.0917916,0.6540540456771851,0.12063808739185333,0.0064019206911325455
YOR247W,YNR044W,1,5.0715404,0.6559139490127563,0.12163509428501129,0.0064019206911325455
YOR019W,YCL018W,0,5.064723,0.6524063944816589,0.12163509428501129,0.006501950789242983
YDR533C,YBR238C,0,5.0526547,0.6489361524581909,0.12163509428501129,0.006601980421692133
YNL096C,YJL066C,0,5.0459104,0.6455026268959045,0.12163509428501129,0.00670201051980257
YHR143W,YJR009C,1,5.045258,0.6473684310913086,0.12263210117816925,0.00670201051980257
YLR300W,YNR044W,1,5.0422006,0.6492146849632263,0.1236291155219078,0.00670201051980257
YDR077W,YML052W,1,5.0420995,0.6510416865348816,0.12462612241506577,0.00670201051980257
YIL113W,YNL066W,0,5.025263,0.6476684212684631,0.12462612241506577,0.006802040617913008
YLR194C,YOR382W,1,5.025228,0.6494845151901245,0.12562313675880432,0.006802040617913008
YPR192W,YLL011W,0,5.0222774,0.6461538672447205,0.12562313675880432,0.006902070716023445
YDR077W,YMR001C,0,5.0206504,0.6428571343421936,0.12562313675880432,0.0070021008141338825
YKL046C,YMR251W-A,1,5.0169816,0.6446700692176819,0.12662014365196228,0.0070021008141338825
YML052W,YIR039C,1,5.0063767,0.6464646458625793,0.12761715054512024,0.0070021008141338825
YHR020W,YPR160W,0,4.992183,0.643216073513031,0.12761715054512024,0.007102130446583033
YMR182C,YML070W,0,4.991386,0.6399999856948853,0.12761715054512024,0.00720216054469347
YKL096W-A,YOL155C,1,4.9865127,0.641791045665741,0.1286141574382782,0.00720216054469347
YLR314C,YLR158C,1,4.9781036,0.6435643434524536,0.12961116433143616,0.00720216054469347
YDR464W,YBR031W,0,4.97699,0.6403940916061401,0.12961116433143616,0.007302190642803907
YDR233C,YJL155C,0,4.970515,0.6372548937797546,0.12961116433143616,0.007402220740914345
YNL300W,YMR008C,1,4.969575,0.6390243768692017,0.13060817122459412,0.007402220740914345
YCL017C,YDR534C,0,4.965529,0.6359223127365112,0.13060817122459412,0.007502250839024782
YIL123W,YLR194C,1,4.955361,0.6376811861991882,0.13160517811775208,0.007502250839024782
YJL052W,YBR093C,1,4.9468617,0.6394230723381042,0.13260219991207123,0.007502250839024782
YOR009W,YMR008C,1,4.9354777,0.6411483287811279,0.1335992068052292,0.007502250839024782
YJR004C,YNL160W,1,4.935034,0.6428571343421936,0.13459621369838715,0.007502250839024782
YHR143W,YHR107C,1,4.9345417,0.6445497870445251,0.1355932205915451,0.007502250839024782
YIL123W,YLR390W-A,1,4.921745,0.6462264060974121,0.13659022748470306,0.007502250839024782
YHL012W,YHR157W,0,4.9181967,0.6431924700737,0.13659022748470306,0.007602280471473932
YJL172W,YJL079C,0,4.9124794,0.6401869058609009,0.13659022748470306,0.00770231056958437
YLR120C,YOL132W,1,4.9106846,0.6418604850769043,0.13758723437786102,0.00770231056958437
YDR178W,YFL045C,0,4.9012246,0.6388888955116272,0.13758723437786102,0.007802340667694807
YNL283C,YPL280W,0,4.8832726,0.6359447240829468,0.13758723437786102,0.007902370765805244
YDR461W,YDL179W,0,4.878899,0.6330274939537048,0.13758723437786102,0.008002400398254395
YGR214W,YBR003W,0,4.877134,0.6301369667053223,0.13758723437786102,0.00810243096202612
YLR439W,YDL024C,0,4.859693,0.6272727251052856,0.13758723437786102,0.00820246059447527
YJL073W,YJR009C,0,4.848107,0.6244344115257263,0.13758723437786102,0.008302491158246994
YPR080W,YGR143W,0,4.8440366,0.6216216087341309,0.13758723437786102,0.008402520790696144
YDR144C,YLR157C,1,4.828313,0.6233183741569519,0.13858424127101898,0.008402520790696144
YNL322C,YLR155C,1,4.823337,0.625,0.13958126306533813,0.008402520790696144
YMR020W,YJR145C,0,4.8086696,0.6222222447395325,0.13958126306533813,0.008502550423145294
YDR146C,YHR096C,0,4.7982802,0.6194690465927124,0.13958126306533813,0.008602580986917019
YNL061W,YGL259W,0,4.7864766,0.6167401075363159,0.13958126306533813,0.008702610619366169
YDR077W,YNL066W,1,4.7769427,0.6184210777282715,0.1405782699584961,0.008702610619366169
YNR070W,YLR314C,0,4.770162,0.6157205104827881,0.1405782699584961,0.008802641183137894
YMR215W,YIR039C,1,4.7587347,0.6173912882804871,0.14157527685165405,0.008802641183137894
YMR173W,YNL112W,0,4.7514443,0.6147186160087585,0.14157527685165405,0.008902670815587044
YCR089W,YLR037C,1,4.740768,0.6163793206214905,0.142572283744812,0.008902670815587044
YCR002C,YIR039C,1,4.7391796,0.6180257797241211,0.14356929063796997,0.008902670815587044
YOL052C-A,YMR186W,0,4.734261,0.6153846383094788,0.14356929063796997,0.009002700448036194
YDR055W,YAL012W,0,4.730536,0.6127659678459167,0.14356929063796997,0.009102731011807919
YBR241C,YDR261C,0,4.729097,0.6101694703102112,0.14356929063796997,0.009202760644257069
YPL134C,YBR238C,0,4.726662,0.607594907283783,0.14356929063796997,0.009302791208028793
YGR282C,YMR238W,1,4.7247176,0.6092436909675598,0.14456629753112793,0.009302791208028793
YOR247W,YOR214C,1,4.717743,0.6108786463737488,0.1455633044242859,0.009302791208028793
YML052W,YOR382W,1,4.71592,0.612500011920929,0.14656032621860504,0.009302791208028793
YNR052C,YLR160C,0,4.7141395,0.6099585294723511,0.14656032621860504,0.009402820840477943
YOR190W,YMR305C,1,4.708119,0.6115702390670776,0.147557333111763,0.009402820840477943
YCR002C,YGR189C,1,4.6962357,0.6131687164306641,0.14855434000492096,0.009402820840477943
YOL132W,YKL163W,1,4.6943355,0.6147540807723999,0.14955134689807892,0.009402820840477943
YDR077W,YLR286C,1,4.689174,0.6163265109062195,0.15054835379123688,0.009402820840477943
YHR143W,YAL063C,1,4.686079,0.6178861856460571,0.15154536068439484,0.009402820840477943
YOL140W,YAL060W,0,4.685168,0.6153846383094788,0.15154536068439484,0.009502850472927094
YKL164C,YLR155C,1,4.6847153,0.6169354915618896,0.1525423675775528,0.009502850472927094
YIR039C,YJL174W,1,4.6807666,0.6184738874435425,0.15353937447071075,0.009502850472927094
YJL052W,YLR314C,1,4.680488,0.6200000047683716,0.1545363962650299,0.009502850472927094
YJL153C,YPL281C,0,4.667698,0.6175298690795898,0.1545363962650299,0.009602881036698818
YMR008C,YKR042W,1,4.660415,0.6190476417541504,0.15553340315818787,0.009602881036698818
YKL096W,YBR162C,1,4.654761,0.6205533742904663,0.15653041005134583,0.009602881036698818
YNR044W,YLR037C,1,4.6492443,0.6220472455024719,0.15752741694450378,0.009602881036698818
YAL044C,YGR175C,0,4.6492047,0.6196078658103943,0.15752741694450378,0.009702910669147968
YBL082C,YGR044C,0,4.648091,0.6171875,0.15752741694450378,0.009802941232919693
YLR155C,YKR042W,1,4.645921,0.618677020072937,0.15852442383766174,0.009802941232919693
YGR189C,YGR282C,1,4.6453547,0.6201550364494324,0.1595214307308197,0.009802941232919693
YKL096W-A,YHR211W,1,4.643271,0.6216216087341309,0.16051843762397766,0.009802941232919693
YOL154W,YMR251W-A,1,4.6417146,0.6230769157409668,0.16151545941829681,0.009802941232919693
YFR025C,YBL075C,0,4.635819,0.6206896305084229,0.16151545941829681,0.009902970865368843
YJR009C,YJL174W,1,4.634751,0.6221374273300171,0.16251246631145477,0.009902970865368843
YDR077W,YLR040C,1,4.6277695,0.6235741376876831,0.16350947320461273,0.009902970865368843
YPL281C,YNL213C,0,4.6271424,0.6212121248245239,0.16350947320461273,0.010003000497817993
YJR150C,YDR055W,1,4.619901,0.6226415038108826,0.1645064800977707,0.010003000497817993
YMR251W-A,YLR157C,1,4.617184,0.6240601539611816,0.16550348699092865,0.010003000497817993
YFL048C,YLR158C,0,4.6146693,0.6217228174209595,0.16550348699092865,0.010103031061589718
YBR082C,YNL192W,0,4.6108737,0.6194030046463013,0.16550348699092865,0.010203060694038868
YOR247W,YDR243C,0,4.610685,0.6171003580093384,0.16550348699092865,0.010303091257810593
YML052W,YAL063C,1,4.6089926,0.6185185313224792,0.1665004938840866,0.010303091257810593
YLR048W,YBL056W,0,4.604929,0.61623615026474,0.1665004938840866,0.010403120890259743
YMR105C,YJR097W,0,4.604337,0.6139705777168274,0.1665004938840866,0.010503150522708893
YDR492W,YMR139W,0,4.603064,0.6117216348648071,0.1665004938840866,0.010603181086480618
YOR383C,YJR009C,1,4.6011314,0.6131386756896973,0.16749750077724457,0.010603181086480618
YBL047C,YOR310C,0,4.5850267,0.610909104347229,0.16749750077724457,0.010703210718929768
YJL171C,YMR008C,1,4.5658736,0.6123188138008118,0.16849452257156372,0.010703210718929768
YOL154W,YBR078W,1,4.561671,0.6137183904647827,0.16949152946472168,0.010703210718929768
YHR139C,YDR178W,0,4.561098,0.6115108132362366,0.16949152946472168,0.010803241282701492
YLR194C,YIR039C,1,4.5530114,0.6129032373428345,0.17048853635787964,0.010803241282701492
YDR050C,YPL213W,0,4.538427,0.6107142567634583,0.17048853635787964,0.010903270915150642
YDL024C,YJR076C,1,4.519809,0.6120996475219727,0.1714855432510376,0.010903270915150642
YMR217W,YDR019C,0,4.5158095,0.609929084777832,0.1714855432510376,0.011003300547599792
YLR350W,YOL120C,0,4.5154624,0.6077738404273987,0.1714855432510376,0.011103331111371517
YDR345C,YCR005C,0,4.514761,0.6056337952613831,0.1714855432510376,0.011203360743820667
YOR384W,YKL154W,0,4.5129876,0.6035087704658508,0.1714855432510376,0.011303391307592392
YLR042C,YNL286W,0,4.5122333,0.6013985872268677,0.1714855432510376,0.011403420940041542
YJL159W,YKR042W,1,4.5086846,0.602787435054779,0.17248255014419556,0.011403420940041542
YFL023W,YGL104C,0,4.5079064,0.6006944179534912,0.17248255014419556,0.011503450572490692
YJL052W,YJL174W,1,4.5060496,0.6020761132240295,0.17347955703735352,0.011503450572490692
YDR077W,YGL028C,1,4.5038476,0.6034482717514038,0.17447656393051147,0.011503450572490692
YBR109C,YJR073C,0,4.5016227,0.6013745665550232,0.17447656393051147,0.011603481136262417
YEL015W,YDR077W,0,4.4942718,0.5993150472640991,0.17447656393051147,0.011703510768711567
YLR029C,YGR035C,0,4.48591,0.5972696542739868,0.17447656393051147,0.011803541332483292
YLR286C,YGR192C,1,4.4830165,0.5986394286155701,0.17547358572483063,0.011803541332483292
YKL163W,YJR009C,1,4.4736986,0.6000000238418579,0.1764705926179886,0.011803541332483292
YML132W,YNL192W,0,4.462662,0.5979729890823364,0.1764705926179886,0.011903570964932442
YMR183C,YJR150C,0,4.4595203,0.5959596037864685,0.1764705926179886,0.012003601528704166
YOL155C,YMR307W,1,4.457024,0.5973154306411743,0.17746759951114655,0.012003601528704166
YIR039C,YMR008C,1,4.4553237,0.5986621975898743,0.1784646064043045,0.012003601528704166
YNL066W,YLR037C,1,4.447532,0.6000000238418579,0.17946161329746246,0.012003601528704166
YNL322C,YOR382W,1,4.4469857,0.6013289093971252,0.18045862019062042,0.012003601528704166
YDR233C,YLR350W,0,4.446453,0.5993377566337585,0.18045862019062042,0.012103631161153316
YOR096W,YHR140W,0,4.445667,0.5973597168922424,0.18045862019062042,0.012203660793602467
YLL029W,YJR109C,0,4.4415793,0.5953947305679321,0.18045862019062042,0.012303691357374191
YKR077W,YKL004W,0,4.437405,0.5934426188468933,0.18045862019062042,0.012403720989823341
YNR044W,YMR251W-A,1,4.42855,0.5947712659835815,0.18145562708377838,0.012403720989823341
YDR261C,YEL040W,1,4.427238,0.5960912108421326,0.18245264887809753,0.012403720989823341
YJL148W,YLR345W,0,4.4208407,0.5941558480262756,0.18245264887809753,0.012503751553595066
YBR105C,YJR117W,0,4.418793,0.5922330021858215,0.18245264887809753,0.012603781186044216
YFL011W,YFR031C,0,4.4185767,0.5903225541114807,0.18245264887809753,0.012703810818493366
YJR118C,YBR082C,0,4.408636,0.5884244441986084,0.18245264887809753,0.012803841382265091
YJL158C,YGL028C,1,4.4036336,0.5897436141967773,0.1834496557712555,0.012803841382265091
YBR078W,YJR076C,1,4.392843,0.5910543203353882,0.18444666266441345,0.012803841382265091
YBR093C,YMR307W,1,4.38802,0.5923566818237305,0.1854436695575714,0.012803841382265091
YKL096W-A,YLR300W,1,4.386079,0.5936508178710938,0.18644067645072937,0.012803841382265091
YOR383C,YPL093W,0,4.380459,0.5917721390724182,0.18644067645072937,0.012903871014714241
YLR300W,YMR238W,1,4.3795543,0.5930599570274353,0.18743768334388733,0.012903871014714241
YLR042C,YKL046C,1,4.3794765,0.5943396091461182,0.1884346902370453,0.012903871014714241
YJR004C,YOR382W,1,4.371671,0.5956112742424011,0.18943171203136444,0.012903871014714241
YKL004W,YOR037W,0,4.371582,0.59375,0.18943171203136444,0.013003901578485966
YBR301W,YNL160W,1,4.366035,0.5950155854225159,0.1904287189245224,0.013003901578485966
YDR077W,YOL132W,1,4.361027,0.5962733030319214,0.19142572581768036,0.013003901578485966
YNL131W,YER096W,0,4.360366,0.594427227973938,0.19142572581768036,0.013103931210935116
YOR209C,YPR192W,0,4.3591056,0.5925925970077515,0.19142572581768036,0.013203960843384266
YOR190W,YLR194C,1,4.3452363,0.5938461422920227,0.19242273271083832,0.013203960843384266
YNL138W,YLR266C,0,4.3447733,0.592024564743042,0.19242273271083832,0.01330399140715599
YDR353W,YLR158C,0,4.3427453,0.5902140736579895,0.19242273271083832,0.01340402103960514
YLR300W,YMR307W,1,4.3423057,0.5914633870124817,0.19341973960399628,0.01340402103960514
YEL012W,YMR316W,0,4.3412185,0.5896656513214111,0.19341973960399628,0.013504051603376865
YPL207W,YML128C,0,4.34071,0.5878787636756897,0.19341973960399628,0.013604081235826015
YPR190C,YMR081C,0,4.3347726,0.5861027240753174,0.19341973960399628,0.013704110868275166
YLR120C,YLL024C,1,4.3334756,0.5873494148254395,0.19441674649715424,0.013704110868275166
YLL016W,YAL024C,0,4.330845,0.5855855941772461,0.19441674649715424,0.01380414143204689
YHR108W,YDR276C,0,4.327318,0.583832323551178,0.19441674649715424,0.01390417106449604
YGL028C,YMR307W,1,4.3235598,0.5850746035575867,0.1954137533903122,0.01390417106449604
YJR150C,YLR008C,0,4.3166165,0.5833333134651184,0.1954137533903122,0.014004201628267765
YMR171C,YFL045C,0,4.30413,0.5816023945808411,0.1954137533903122,0.014104231260716915
YJL171C,YPL093W,0,4.302048,0.5798816680908203,0.1954137533903122,0.014204260893166065
YNL190W,YMR238W,1,4.292425,0.5811209678649902,0.19641076028347015,0.014204260893166065
YKR034W,YLR377C,0,4.28939,0.5794117450714111,0.19641076028347015,0.01430429145693779
YLR293C,YLR058C,0,4.286636,0.5777125954627991,0.19641076028347015,0.01440432108938694
YPR026W,YMR251W-A,1,4.2825017,0.5789473652839661,0.1974077820777893,0.01440432108938694
YLL021W,YER044C,0,4.278633,0.5772594809532166,0.1974077820777893,0.014504351653158665
YER130C,YBR101C,0,4.278587,0.5755813717842102,0.1974077820777893,0.014604381285607815
YHR215W,YGR161C,0,4.272449,0.573913037776947,0.1974077820777893,0.014704410918056965
YOL121C,YOR264W,0,4.2719116,0.5722543597221375,0.1974077820777893,0.01480444148182869
YHR139C,YKL165C,1,4.270828,0.5734870433807373,0.19840478897094727,0.01480444148182869
YML052W,YGR282C,1,4.249409,0.5747126340866089,0.19940179586410522,0.01480444148182869
YJR150C,YOL030W,1,4.2395616,0.5759312510490417,0.20039880275726318,0.01480444148182869
YBR072W,YNL232W,0,4.2369094,0.5742856860160828,0.20039880275726318,0.01490447111427784
YPL220W,YDR530C,0,4.231337,0.5726495981216431,0.20039880275726318,0.015004501678049564
YHL015W,YNL107W,0,4.224073,0.5710227489471436,0.20039880275726318,0.015104531310498714
YDR261C,YLR155C,1,4.2237644,0.5722379684448242,0.20139580965042114,0.015104531310498714
YNL322C,YBR162C,1,4.215509,0.5734463334083557,0.2023928165435791,0.015104531310498714
YKL163W,YOR010C,1,4.2110524,0.5746479034423828,0.20338982343673706,0.015104531310498714
YCR012W,YMR215W,0,4.2073855,0.5730336904525757,0.20338982343673706,0.015204560942947865
YHR143W,YJL192C,0,4.1965194,0.5714285969734192,0.20338982343673706,0.01530459150671959
YCR002C,YLR120C,1,4.1948915,0.5726256966590881,0.2043868452310562,0.01530459150671959
YCR002C,YMR305C,1,4.190912,0.573816180229187,0.20538385212421417,0.01530459150671959
YNL322C,YJL174W,1,4.1891513,0.574999988079071,0.20638085901737213,0.01530459150671959
YMR217W,YJL081C,0,4.189031,0.5734071731567383,0.20638085901737213,0.01540462113916874
YPL019C,YNL160W,0,4.176457,0.5718231797218323,0.20638085901737213,0.015504651702940464
YIL123W,YNL322C,1,4.1737065,0.5730027556419373,0.2073778659105301,0.015504651702940464
YPL234C,YPL240C,0,4.17028,0.5714285969734192,0.2073778659105301,0.015604681335389614
YDR500C,YKL178C,0,4.168601,0.5698630213737488,0.2073778659105301,0.01570471189916134
YPL006W,YNL302C,0,4.1685786,0.568306028842926,0.2073778659105301,0.01580474153161049
YEL015W,YGR260W,0,4.164608,0.5667575001716614,0.2073778659105301,0.01590477116405964
YCL051W,YMR006C,1,4.1630807,0.5679348111152649,0.20837487280368805,0.01590477116405964
YPL092W,YMR179W,0,4.162118,0.56639564037323,0.20837487280368805,0.01600480079650879
YLL006W,YBR162C,0,4.1580873,0.5648648738861084,0.20837487280368805,0.01610483229160309
YOL030W,YOR009W,1,4.1532025,0.5660377144813538,0.209371879696846,0.01610483229160309
YMR006C,YBR078W,1,4.149329,0.5672042965888977,0.21036888659000397,0.01610483229160309
YOR383C,YLR314C,1,4.143864,0.5683646202087402,0.21136590838432312,0.01610483229160309
YBL056W,YBR187W,0,4.141949,0.5668449401855469,0.21136590838432312,0.01620486192405224
YJL174W,YER103W,0,4.140208,0.5653333067893982,0.21136590838432312,0.01630489155650139
YJL078C,YMR238W,1,4.1385717,0.5664893388748169,0.21236291527748108,0.01630489155650139
YGL116W,YLR333C,0,4.128059,0.5649867653846741,0.21236291527748108,0.01640492118895054
YBR093C,YGR192C,1,4.117329,0.5661375522613525,0.21335992217063904,0.01640492118895054
YIL123W,YLR037C,1,4.1168747,0.5672823190689087,0.214356929063797,0.01640492118895054
YLR075W,YJL085W,0,4.115371,0.5657894611358643,0.214356929063797,0.01650495082139969
YKL046C,YKL163W,1,4.1145325,0.5669291615486145,0.21535393595695496,0.01650495082139969
YGL192W,YER154W,0,4.107734,0.5654450058937073,0.21535393595695496,0.016604982316493988
YDR534C,YJR150C,1,4.107601,0.5665796399116516,0.21635094285011292,0.016604982316493988
YJR004C,YLR157C,1,4.1048274,0.5677083134651184,0.21734794974327087,0.016604982316493988
YJR096W,YOL120C,0,4.096343,0.56623375415802,0.21734794974327087,0.016705011948943138
YLR300W,YKR042W,1,4.094996,0.5673575401306152,0.21834497153759003,0.016705011948943138
YJR009C,YMR238W,1,4.0946198,0.5684754252433777,0.21934197843074799,0.016705011948943138
YBR189W,YDR273W,0,4.0918736,0.5670102834701538,0.21934197843074799,0.016805041581392288
YGR279C,YMR238W,1,4.0911245,0.5681234002113342,0.22033898532390594,0.016805041581392288
YOR260W,YIR038C,0,4.0888677,0.5666666626930237,0.22033898532390594,0.01690507121384144
YJL073W,YDR224C,0,4.0831404,0.5652173757553101,0.22033898532390594,0.01700510084629059
YKR057W,YHR103W,0,4.082864,0.5637755393981934,0.22033898532390594,0.017105132341384888
YLR300W,YMR180C,0,4.080665,0.5623409748077393,0.22033898532390594,0.017205161973834038
YBL054W,YKL026C,0,4.0784287,0.5609136819839478,0.22033898532390594,0.017305191606283188
YDR534C,YJL078C,1,4.06994,0.5620253086090088,0.2213359922170639,0.017305191606283188
YMR215W,YJR009C,1,4.0675445,0.5631313323974609,0.22233299911022186,0.017305191606283188
YGR083C,YPL119C,0,4.064467,0.5617128610610962,0.22233299911022186,0.017405221238732338
YAL063C,YNR067C,1,4.0591335,0.5628140568733215,0.22333000600337982,0.017405221238732338
YCR077C,YER179W,0,4.0549903,0.5614035129547119,0.22333000600337982,0.017505250871181488
YBR162C,YDR261C,1,4.054564,0.5625,0.22432701289653778,0.017505250871181488
YBR202W,YLR058C,0,4.0531535,0.561097264289856,0.22432701289653778,0.017605282366275787
YHR051W,YDL030W,0,4.048112,0.5597015023231506,0.22432701289653778,0.017705311998724937
YFL025C,YJL144W,0,4.0464716,0.5583126544952393,0.22432701289653778,0.017805341631174088
YDR082W,YGL253W,0,4.041639,0.5569307208061218,0.22432701289653778,0.017905371263623238
YMR242C,YDR031W,0,4.038165,0.5555555820465088,0.22432701289653778,0.018005400896072388
YNL162W,YKL217W,0,4.0377946,0.5541871786117554,0.22432701289653778,0.018105432391166687
YHR167W,YBR082C,0,4.036227,0.5528255701065063,0.22432701289653778,0.018205462023615837
YOR047C,YDL075W,0,4.033543,0.5514705777168274,0.22432701289653778,0.018305491656064987
YOR247W,YLR314C,1,4.032999,0.5525672435760498,0.22532403469085693,0.018305491656064987
YNL160W,YJR076C,1,4.0319905,0.5536585450172424,0.2263210415840149,0.018305491656064987
YAL063C,YMR307W,1,4.031318,0.55474454164505,0.22731804847717285,0.018305491656064987
YJR032W,YBL092W,0,4.030071,0.553398072719574,0.22731804847717285,0.018405521288514137
YPL004C,YER171W,0,4.0270886,0.5520581007003784,0.22731804847717285,0.018505550920963287
YDR500C,YMR311C,0,4.0227494,0.5507246255874634,0.22731804847717285,0.018605582416057587
YJL158C,YJR004C,1,4.0221057,0.5518072247505188,0.2283150553703308,0.018605582416057587
YFL011W,YLR228C,0,4.01694,0.5504807829856873,0.2283150553703308,0.018705612048506737
YER109C,YDR256C,0,4.0130067,0.5491606593132019,0.2283150553703308,0.018805641680955887
YMR215W,YHR211W,1,4.0116515,0.5502392053604126,0.22931206226348877,0.018805641680955887
YPL117C,YLR044C,0,4.0091257,0.5489259958267212,0.22931206226348877,0.018905671313405037
YLR029C,YLR446W,0,4.006333,0.5476190447807312,0.22931206226348877,0.019005700945854187
YBR162C,YGR192C,1,4.0049157,0.5486935973167419,0.23030906915664673,0.019005700945854187
YJR034W,YNL151C,0,4.00265,0.5473933815956116,0.23030906915664673,0.019105732440948486
YDR077W,YOR382W,1,4.001902,0.5484633445739746,0.2313060760498047,0.019105732440948486
YJR009C,YFL025C,0,3.9915586,0.5471698045730591,0.2313060760498047,0.019205762073397636
YDR270W,YOL142W,0,3.9894977,0.5458823442459106,0.2313060760498047,0.019305791705846786
YDR134C,YNL300W,1,3.9892888,0.5469483733177185,0.23230309784412384,0.019305791705846786
YDL198C,YBL075C,0,3.987905,0.5456674695014954,0.23230309784412384,0.019405821338295937
YBR212W,YLL018C,0,3.9789534,0.5443925261497498,0.23230309784412384,0.019505850970745087
YDR244W,YML063W,0,3.9786973,0.5431235432624817,0.23230309784412384,0.019605882465839386
YLR307W,YER150W,1,3.9751782,0.5441860556602478,0.2333001047372818,0.019605882465839386
YLR029C,YJL057C,0,3.9741416,0.5429234504699707,0.2333001047372818,0.019705912098288536
YER055C,YBL007C,0,3.9706264,0.5416666865348816,0.2333001047372818,0.019805941730737686
YNL153C,YGL147C,0,3.9639812,0.5404157042503357,0.2333001047372818,0.019905971363186836
YOL061W,YKR058W,0,3.9636445,0.539170503616333,0.2333001047372818,0.020006000995635986
YPL092W,YGL084C,0,3.9603925,0.5379310250282288,0.2333001047372818,0.020106032490730286
YJL052W,YMR215W,1,3.951096,0.53899085521698,0.23429711163043976,0.020106032490730286
YJL052W,YDR055W,1,3.9490914,0.5400457382202148,0.23529411852359772,0.020106032490730286
YDR534C,YMR006C,1,3.9479132,0.5410959124565125,0.23629112541675568,0.020106032490730286
YJL153C,YGL026C,0,3.9468274,0.5398633480072021,0.23629112541675568,0.020206062123179436
YBR162C,YLR446W,0,3.9387932,0.5386363863945007,0.23629112541675568,0.020306091755628586
YHR139C,YJR076C,1,3.9380727,0.5396825671195984,0.23728813230991364,0.020306091755628586
YBR296C,YBR096W,0,3.9351578,0.5384615659713745,0.23728813230991364,0.020406121388077736
YNR033W,YCR005C,0,3.9346895,0.53724604845047,0.23728813230991364,0.020506151020526886
YHR139C,YEL040W,1,3.9337168,0.5382882952690125,0.2382851392030716,0.020506151020526886
YOL029C,YER175C,0,3.927215,0.5370786786079407,0.2382851392030716,0.020606182515621185
YBR283C,YHR024C,0,3.926589,0.5358744263648987,0.2382851392030716,0.020706212148070335
YPL123C,YPR119W,0,3.9157243,0.5346755981445312,0.2382851392030716,0.020806241780519485
YIL018W,YLR154C,0,3.913692,0.5334821343421936,0.2382851392030716,0.020906271412968636
YMR238W,YDR134C,1,3.9030976,0.5345211625099182,0.23928214609622955,0.020906271412968636
YMR234W,YCR012W,0,3.902985,0.5333333611488342,0.23928214609622955,0.021006301045417786
YPL231W,YKL034W,0,3.9007096,0.5321508049964905,0.23928214609622955,0.021106332540512085
YPR086W,YBL013W,0,3.8982577,0.5309734344482422,0.23928214609622955,0.021206362172961235
YDR304C,YJL094C,0,3.8981552,0.5298013091087341,0.23928214609622955,0.021306391805410385
YOL132W,YLL024C,1,3.8970652,0.5308369994163513,0.2402791678905487,0.021306391805410385
YCR021C,YOL019W,0,3.8931723,0.5296703577041626,0.2402791678905487,0.021406421437859535
YLR327C,YER087C-A,0,3.8917603,0.5285087823867798,0.2402791678905487,0.021506451070308685
YHR096C,YLR237W,0,3.891193,0.5273522734642029,0.2402791678905487,0.021606482565402985
YIL124W,YBR121C,0,3.890695,0.5262008905410767,0.2402791678905487,0.021706512197852135
YDR497C,YHR174W,0,3.889216,0.5250544548034668,0.2402791678905487,0.021806541830301285
YMR032W,YOR020C,0,3.8864489,0.5239130258560181,0.2402791678905487,0.021906571462750435
YBR078W,YLL024C,1,3.8788013,0.5249457955360413,0.24127617478370667,0.021906571462750435
YNL300W,YKR042W,1,3.8766956,0.5259740352630615,0.24227318167686462,0.021906571462750435
YMR023C,YDL085W,0,3.8752031,0.5248380303382874,0.24227318167686462,0.022006601095199585
YLR300W,YJR004C,1,3.873527,0.5258620977401733,0.24327018857002258,0.022006601095199585
YAR002C-A,YML070W,0,3.8716054,0.5247311592102051,0.24327018857002258,0.022106632590293884
YLR450W,YPL090C,0,3.870688,0.5236051678657532,0.24327018857002258,0.022206662222743034
YLR314C,YDL024C,1,3.8694677,0.5246252417564392,0.24426719546318054,0.022206662222743034
YGL183C,YMR039C,0,3.8631234,0.5235042572021484,0.24426719546318054,0.022306691855192184
YJL035C,YPR035W,0,3.862774,0.5223880410194397,0.24426719546318054,0.022406721487641335
YNR067C,YDR381W,0,3.8627524,0.521276593208313,0.24426719546318054,0.022506751120090485
YCR002C,YIL123W,1,3.8601232,0.522292971611023,0.2452642023563385,0.022506751120090485
YNL160W,YBR299W,0,3.8588023,0.5211864113807678,0.2452642023563385,0.022606782615184784
YLR084C,YHR143W,1,3.8553824,0.5221987366676331,0.24626120924949646,0.022606782615184784
YOR247W,YLR300W,1,3.8550525,0.5232067704200745,0.2472582310438156,0.022606782615184784
YLR025W,YOR369C,0,3.8537912,0.5221052765846252,0.2472582310438156,0.022706812247633934
YLR213C,YBR093C,1,3.8532853,0.5231092572212219,0.24825523793697357,0.022706812247633934
YLR286C,YLR037C,1,3.8512254,0.5241090059280396,0.24925224483013153,0.022706812247633934
YKL182W,YPL240C,0,3.846047,0.5230125784873962,0.24925224483013153,0.022806841880083084
YNL274C,YMR186W,0,3.846024,0.5219206809997559,0.24925224483013153,0.022906871512532234
YOR383C,YJR076C,1,3.8451161,0.5229166746139526,0.2502492666244507,0.022906871512532234
YHR139C,YLR040C,1,3.8430238,0.5239084959030151,0.25124627351760864,0.022906871512532234
YLL024C,YLR155C,1,3.8403468,0.5248962640762329,0.2522432804107666,0.022906871512532234
YJR078W,YLL024C,0,3.8372078,0.523809552192688,0.2522432804107666,0.023006901144981384
YHR211W,YKR042W,1,3.8325357,0.5247933864593506,0.25324028730392456,0.023006901144981384
YER103W,YDR026C,0,3.8318553,0.5237113237380981,0.25324028730392456,0.023106932640075684
YNR044W,YGR192C,1,3.8193226,0.5246913433074951,0.2542372941970825,0.023106932640075684
YFL049W,YBR048W,0,3.818886,0.5236139893531799,0.2542372941970825,0.023206962272524834
YGL244W,YOL109W,0,3.8157115,0.5225409865379333,0.2542372941970825,0.023306991904973984
YLR314C,YKR042W,1,3.8132129,0.523517370223999,0.2552343010902405,0.023306991904973984
YMR305C,YDR261C,1,3.812191,0.5244898200035095,0.25623130798339844,0.023306991904973984
YOL154W,YDR055W,1,3.8097136,0.5254582762718201,0.2572283148765564,0.023306991904973984
YOR247W,YPR026W,1,3.80852,0.5264227390289307,0.25822532176971436,0.023306991904973984
YDR471W,YKL194C,0,3.8077137,0.5253549814224243,0.25822532176971436,0.023407021537423134
YER150W,YKL163W,1,3.8067093,0.5263158082962036,0.2592223286628723,0.023407021537423134
YMR305C,YJR150C,1,3.804303,0.5272727012634277,0.2602193355560303,0.023407021537423134
YOR247W,YCR089W,1,3.8024938,0.5282257795333862,0.26121634244918823,0.023407021537423134
YOL030W,YLR155C,1,3.802164,0.5291750431060791,0.2622133493423462,0.023407021537423134
YLL024C,YNL300W,1,3.7978206,0.5301204919815063,0.26321035623550415,0.023407021537423134
YHR210C,YIL172C,0,3.7940361,0.5290580987930298,0.26321035623550415,0.023507053032517433
YIR012W,YNL194C,0,3.7926161,0.527999997138977,0.26321035623550415,0.023607082664966583
YOL147C,YLR006C,0,3.784727,0.5269461274147034,0.26321035623550415,0.023707112297415733
YNL190W,YBR162C,1,3.7826085,0.5278884172439575,0.2642073631286621,0.023707112297415733
YNL258C,YBR296C,0,3.7781641,0.5268389582633972,0.2642073631286621,0.023807141929864883
YLR042C,YMR008C,1,3.7742279,0.5277777910232544,0.26520439982414246,0.023807141929864883
YPL126W,YDR342C,0,3.7732198,0.5267326831817627,0.26520439982414246,0.023907171562314034
YML106W,YFL054C,0,3.7727008,0.5256916880607605,0.26520439982414246,0.024007203057408333
YDR234W,YOL109W,0,3.7710562,0.5246548056602478,0.26520439982414246,0.024107232689857483
YJL069C,YMR081C,0,3.7680287,0.5236220359802246,0.26520439982414246,0.024207262322306633
YKL201C,YNR045W,0,3.766529,0.5225933194160461,0.26520439982414246,0.024307291954755783
YOR247W,YIL014W,0,3.7656565,0.5215686559677124,0.26520439982414246,0.024407321587204933
YBR158W,YGR254W,0,3.7651837,0.5205479264259338,0.26520439982414246,0.024507353082299232
YLR110C,YJL078C,1,3.7651265,0.521484375,0.2662014067173004,0.024507353082299232
YOL155C,YMR251W-A,1,3.7638173,0.5224171280860901,0.2671984136104584,0.024507353082299232
YGL192W,YGL223C,0,3.7627845,0.5214007496833801,0.2671984136104584,0.024607382714748383
YER150W,YJR076C,1,3.762206,0.522330105304718,0.26819542050361633,0.024607382714748383
YOR209C,YOL129W,0,3.7583013,0.5213178396224976,0.26819542050361633,0.024707412347197533
YKL096W,YMR238W,1,3.755549,0.5222437381744385,0.2691924273967743,0.024707412347197533
YIL053W,YER074W,0,3.753374,0.5212355256080627,0.2691924273967743,0.024807441979646683
YDR077W,YNL190W,1,3.7526495,0.5221579670906067,0.27018943428993225,0.024807441979646683
YER060W-A,YPR113W,0,3.752574,0.5211538672447205,0.27018943428993225,0.024907471612095833
YCR002C,YJR150C,1,3.7517886,0.5220729112625122,0.2711864411830902,0.024907471612095833
YLR286C,YMR305C,1,3.7498064,0.522988498210907,0.27218344807624817,0.024907471612095833
YKL217W,YNL044W,0,3.7493863,0.5219885110855103,0.27218344807624817,0.025007503107190132
YLR270W,YJL157C,0,3.7454019,0.5209923386573792,0.27218344807624817,0.025107532739639282
YHR150W,YJR109C,0,3.7447197,0.5199999809265137,0.27218344807624817,0.025207562372088432
YPL221W,YNR059W,0,3.7408392,0.519011378288269,0.27218344807624817,0.025307592004537582
YKL163W,YJR004C,1,3.7405906,0.5199241042137146,0.27318045496940613,0.025307592004537582
YEL012W,YNL123W,0,3.737923,0.5189393758773804,0.27318045496940613,0.025407621636986732
YNL327W,YGR282C,1,3.7332573,0.5198487639427185,0.2741774618625641,0.025407621636986732
YPR108W,YLR286C,0,3.7306752,0.5188679099082947,0.2741774618625641,0.025507653132081032
YNL327W,YLL024C,1,3.7301042,0.5197740197181702,0.27517446875572205,0.025507653132081032
YHR139C,YKL096W,1,3.723552,0.5206766724586487,0.27617147564888,0.025507653132081032
YGL253W,YDR343C,0,3.7232957,0.5196998119354248,0.27617147564888,0.025607682764530182
YJL052W,YGL028C,1,3.7200854,0.5205992460250854,0.27716848254203796,0.025607682764530182
YIL043C,YOR383C,0,3.7192273,0.5196261405944824,0.27716848254203796,0.025707712396979332
YDL171C,YDR253C,0,3.7128077,0.5186567306518555,0.27716848254203796,0.025807742029428482
YHR211W,YLR158C,1,3.710551,0.5195530652999878,0.2781654894351959,0.025807742029428482
YMR006C,YJR076C,1,3.7094822,0.5204461216926575,0.27916252613067627,0.025807742029428482
YKL096W-A,YMR006C,1,3.7037964,0.521335780620575,0.28015953302383423,0.025807742029428482
YBR241C,YKL191W,0,3.701768,0.520370364189148,0.28015953302383423,0.025907771661877632
YPL137C,YER091C,0,3.7002983,0.5194085240364075,0.28015953302383423,0.02600780315697193
YOR096W,YMR006C,0,3.6999779,0.5184502005577087,0.28015953302383423,0.02610783278942108
YJL158C,YPL163C,1,3.6978176,0.519336998462677,0.2811565399169922,0.02610783278942108
YJR009C,YNL281W,0,3.689224,0.5183823704719543,0.2811565399169922,0.02620786242187023
YGR001C,YLR158C,0,3.6851668,0.5174311995506287,0.2811565399169922,0.02630789205431938
YKL164C,YKL165C,1,3.6819994,0.5183150172233582,0.28215354681015015,0.02630789205431938
YDR461W,YOR025W,0,3.6773944,0.5173674821853638,0.28215354681015015,0.026407921686768532
YBR093C,YDR134C,1,3.677003,0.5182482004165649,0.2831505537033081,0.026407921686768532
YEL030W,YOR081C,0,3.6769598,0.5173041820526123,0.2831505537033081,0.02650795318186283
YPR149W,YGR204W,0,3.6768672,0.5163636207580566,0.2831505537033081,0.02660798281431198
YOL117W,YER056C,0,3.6733456,0.515426516532898,0.2831505537033081,0.02670801244676113
YLR084C,YIR039C,1,3.6675549,0.5163043737411499,0.28414756059646606,0.02670801244676113
YER102W,YDR515W,0,3.6587806,0.5153707265853882,0.28414756059646606,0.02680804207921028
YMR009W,YPL145C,0,3.6570926,0.5144404172897339,0.28414756059646606,0.02690807171165943
YNL190W,YLR300W,1,3.656496,0.5153152942657471,0.285144567489624,0.02690807171165943
YGL096W,YKL024C,0,3.653861,0.5143885016441345,0.285144567489624,0.02700810320675373
YBL093C,YBL064C,0,3.6522608,0.5134649872779846,0.285144567489624,0.02710813283920288
YMR006C,YMR238W,1,3.652183,0.5143369436264038,0.286141574382782,0.02710813283920288
YPL274W,YGR194C,0,3.6487615,0.5134168267250061,0.286141574382782,0.02720816247165203
YBR247C,YIL136W,0,3.6467667,0.512499988079071,0.286141574382782,0.02730819210410118
YIL009C-A,YJL180C,0,3.643733,0.5115864276885986,0.286141574382782,0.02740822173655033
YKL096W-A,YOR010C,1,3.6429038,0.5124555230140686,0.28713858127593994,0.02740822173655033
YNR072W,YMR081C,0,3.6383157,0.5115453004837036,0.28713858127593994,0.02750825323164463
YIR039C,YMR171C,0,3.6342168,0.5106382966041565,0.28713858127593994,0.02760828286409378
YBR286W,YPL274W,0,3.6293778,0.5097345113754272,0.28713858127593994,0.02770831249654293
YNL281W,YPL186C,0,3.6283157,0.5088339447975159,0.28713858127593994,0.02780834212899208
YCR002C,YOR010C,1,3.6279798,0.5097001791000366,0.2881355881690979,0.02780834212899208
YJR004C,YMR006C,1,3.623099,0.5105633735656738,0.28913259506225586,0.02780834212899208
YLR413W,YFL021W,0,3.6224952,0.5096660852432251,0.28913259506225586,0.02790837176144123
YBR162C,YMR238W,1,3.6214724,0.5105262994766235,0.2901296019554138,0.02790837176144123
YKR055W,YML056C,0,3.6201477,0.5096322298049927,0.2901296019554138,0.02800840325653553
YML127W,YOR113W,0,3.6133657,0.5087412595748901,0.2901296019554138,0.02810843288898468
YPL131W,YOL121C,0,3.610859,0.5078533887863159,0.2901296019554138,0.02820846252143383
YLR270W,YNL302C,0,3.610398,0.50696861743927,0.2901296019554138,0.02830849215388298
YJL013C,YGR159C,0,3.6052947,0.5060869455337524,0.2901296019554138,0.02840852178633213
YLR042C,YOL154W,1,3.604135,0.5069444179534912,0.2911266088485718,0.02840852178633213
YMR114C,YDR304C,0,3.603047,0.506065845489502,0.2911266088485718,0.02850855328142643
YJL171C,YLR307W,1,3.602047,0.5069203972816467,0.29212361574172974,0.02850855328142643
YBR031W,YMR195W,0,3.5952156,0.5060449242591858,0.29212361574172974,0.02860858291387558
YGL016W,YNL194C,0,3.594098,0.5051724314689636,0.29212361574172974,0.02870861254632473
YML120C,YOR391C,0,3.5927825,0.5043029189109802,0.29212361574172974,0.02880864217877388
YIL123W,YDR261C,1,3.585979,0.5051546096801758,0.2931206524372101,0.02880864217877388
YOR190W,YMR008C,1,3.581721,0.5060034394264221,0.29411765933036804,0.02880864217877388
YLR084C,YGR282C,1,3.5805702,0.5068492889404297,0.295114666223526,0.02880864217877388
YDL114W,YNL117W,0,3.5791981,0.5059829354286194,0.295114666223526,0.02890867181122303
YIL078W,YLR265C,0,3.5762565,0.5051194429397583,0.295114666223526,0.02900870330631733
YDL082W,YJR102C,0,3.574063,0.504258930683136,0.295114666223526,0.02910873293876648
YML052W,YDR144C,1,3.573705,0.5051020383834839,0.29611167311668396,0.02910873293876648
YCL047C,YJL158C,0,3.5716462,0.5042445063591003,0.29611167311668396,0.02920876257121563
YOR177C,YOL142W,0,3.5714912,0.503389835357666,0.29611167311668396,0.02930879220366478
YKL164C,YGR279C,1,3.5712957,0.5042301416397095,0.2971086800098419,0.02930879220366478
YOR214C,YLR120C,1,3.56434,0.5050675868988037,0.2981056869029999,0.02930879220366478
YLR088W,YBR145W,0,3.5592632,0.5042158365249634,0.2981056869029999,0.02940882183611393
YLL024C,YDR134C,1,3.5503373,0.5050504803657532,0.29910269379615784,0.02940882183611393
YJR004C,YJL174W,1,3.5485559,0.5058823823928833,0.3000997006893158,0.02940882183611393
YPL163C,YKR105C,0,3.5450943,0.505033552646637,0.3000997006893158,0.02950885333120823
YFR015C,YBL020W,0,3.542291,0.5041875839233398,0.3000997006893158,0.02960888296365738
YJL033W,YGR205W,0,3.5361667,0.5033444762229919,0.3000997006893158,0.02970891259610653
YDR077W,YOL030W,1,3.5346317,0.5041736364364624,0.30109670758247375,0.02970891259610653
YNL036W,YNL156C,0,3.5320091,0.503333330154419,0.30109670758247375,0.02980894222855568
YOL132W,YLR155C,1,3.5311465,0.5041597485542297,0.3020937144756317,0.02980894222855568
YIL123W,YNL327W,1,3.529935,0.5049833655357361,0.3030907213687897,0.02980894222855568
YNL248C,YLR160C,0,3.5297337,0.5041459202766418,0.3030907213687897,0.02990897186100483
YPR026W,YNL300W,1,3.527327,0.5049669146537781,0.30408772826194763,0.02990897186100483
YLL045C,YJL194W,0,3.5242562,0.5041322112083435,0.30408772826194763,0.03000900335609913
YBR128C,YLR056W,0,3.5236804,0.5033003091812134,0.30408772826194763,0.03010903298854828
YJR150C,YJR104C,0,3.5228777,0.5024711489677429,0.30408772826194763,0.03020906262099743
YCR054C,YMR081C,0,3.5199587,0.5016447305679321,0.30408772826194763,0.03030909225344658
YGR282C,YOR382W,1,3.5189118,0.5024630427360535,0.3050847351551056,0.03030909225344658
YDR534C,YNR067C,1,3.5136151,0.5032786726951599,0.30608174204826355,0.03030909225344658
YBL100W-B,YJR143C,0,3.5093973,0.5024549961090088,0.30608174204826355,0.03040912188589573
YCR021C,YCL025C,0,3.507165,0.5016340017318726,0.30608174204826355,0.03050915338099003
YOR383C,YDR055W,1,3.5056002,0.5024470090866089,0.3070787489414215,0.03050915338099003
YJR118C,YMR182C,0,3.5032194,0.5016286373138428,0.3070787489414215,0.03060918301343918
YDR074W,YPL068C,0,3.501545,0.5008130073547363,0.3070787489414215,0.03070921264588833
YDR447C,YDL133C-A,0,3.5008807,0.5,0.3070787489414215,0.03080924227833748
YNL230C,YKL161C,0,3.491657,0.4991896152496338,0.3070787489414215,0.03090927191078663
YHR211W,YMR238W,1,3.491324,0.5,0.30807578563690186,0.03090927191078663
YIL160C,YJL148W,0,3.4905214,0.4991922378540039,0.30807578563690186,0.031009303405880928
YGL059W,YLR083C,0,3.4845219,0.49838709831237793,0.30807578563690186,0.031109333038330078
YGR085C,YLL026W,0,3.4828134,0.4975845515727997,0.30807578563690186,0.031209362670779228
YDL067C,YLR185W,0,3.479753,0.4967845678329468,0.30807578563690186,0.03130939230322838
YBR054W,YBR141C,0,3.476896,0.4959871470928192,0.30807578563690186,0.03140942379832268
YMR182C,YFR031C,0,3.4758735,0.4951923191547394,0.30807578563690186,0.03150945156812668
YJL174W,YKR042W,1,3.4704237,0.4959999918937683,0.3090727925300598,0.03150945156812668
YPL131W,YOL065C,0,3.4664774,0.49520766735076904,0.3090727925300598,0.03160948306322098
YIL113W,YBL061C,0,3.4651465,0.49441787600517273,0.3090727925300598,0.03170951455831528
YGL249W,YML073C,0,3.4604726,0.493630588054657,0.3090727925300598,0.03180954232811928
YOR191W,YER179W,0,3.4601228,0.4928457736968994,0.3090727925300598,0.03190957382321358
YNR028W,YPL281C,0,3.4600255,0.4920634925365448,0.3090727925300598,0.03200960159301758
YPL006W,YAL068C,0,3.4589186,0.49128368496894836,0.3090727925300598,0.03210963308811188
YGL244W,YKL056C,0,3.4585238,0.4905063211917877,0.3090727925300598,0.03220966458320618
YML052W,YPL163C,1,3.4561298,0.4913112223148346,0.3100697994232178,0.03220966458320618
YAR050W,YMR251W-A,1,3.4553823,0.49211356043815613,0.31106680631637573,0.03220966458320618
YDR447C,YFR018C,0,3.453854,0.4913385808467865,0.31106680631637573,0.03230969235301018
YCR002C,YNL190W,1,3.4522498,0.4921383559703827,0.3120638132095337,0.03230969235301018
YLR048W,YGL249W,0,3.4510603,0.49136579036712646,0.3120638132095337,0.03240972384810448
YCL059C,YBR067C,0,3.4491405,0.49059560894966125,0.3120638132095337,0.03250975161790848
YBR067C,YNL322C,1,3.4470763,0.4913927912712097,0.31306082010269165,0.03250975161790848
YGL227W,YIL069C,0,3.4446816,0.4906249940395355,0.31306082010269165,0.03260978311300278
YBR173C,YKR057W,0,3.4437973,0.48985958099365234,0.31306082010269165,0.032709814608097076
YDL137W,YPL156C,0,3.443132,0.48909658193588257,0.31306082010269165,0.03280984237790108
YPR001W,YBR287W,0,3.4396143,0.4883359372615814,0.31306082010269165,0.03290987387299538
YPL094C,YGR032W,0,3.4390697,0.4875776469707489,0.31306082010269165,0.03300990164279938
YGR282C,YHR175W,0,3.4387321,0.486821711063385,0.31306082010269165,0.03310993313789368
YER173W,YDR046C,0,3.4354777,0.48606809973716736,0.31306082010269165,0.033209964632987976
YOR201C,YBL113C,0,3.4341373,0.48531684279441833,0.31306082010269165,0.03330999240279198
YMR200W,YHR175W,0,3.4293754,0.48456791043281555,0.31306082010269165,0.033410023897886276
YNL298W,YPL004C,0,3.4291148,0.4838212728500366,0.31306082010269165,0.03351005166769028
YBR109C,YLR300W,0,3.4272764,0.48307693004608154,0.31306082010269165,0.033610083162784576
YOR120W,YNL308C,0,3.4269152,0.4823348820209503,0.31306082010269165,0.033710114657878876
YPR163C,YDR342C,0,3.4247644,0.48159509897232056,0.31306082010269165,0.03381014242768288
YLR251W,YCR005C,0,3.4138312,0.48085758090019226,0.31306082010269165,0.033910173922777176
YJL171C,YEL040W,1,3.4103842,0.4816513657569885,0.3140578269958496,0.033910173922777176
YKL165C,YGL028C,1,3.410006,0.4824427366256714,0.31505483388900757,0.033910173922777176
YGL120C,YBL030C,0,3.409636,0.48170730471611023,0.31505483388900757,0.03401020169258118
YLR460C,YDR435C,0,3.4076753,0.48097413778305054,0.31505483388900757,0.034110233187675476
YMR015C,YMR149W,0,3.4065502,0.48024314641952515,0.31505483388900757,0.034210264682769775
YJL098W,YOR002W,0,3.4058692,0.4795144200325012,0.31505483388900757,0.034310292452573776
YCR021C,YOR237W,0,3.4008126,0.4787878692150116,0.31505483388900757,0.034410323947668076
YCR002C,YNL160W,1,3.3992062,0.4795764088630676,0.3160518407821655,0.034410323947668076
YNL247W,YGR142W,0,3.3925805,0.47885197401046753,0.3160518407821655,0.034510351717472076
YMR177W,YPR160W,0,3.3901534,0.47812971472740173,0.3160518407821655,0.034610383212566376
YDR329C,YGR177C,0,3.3868337,0.47740963101387024,0.3160518407821655,0.034710414707660675
YAR042W,YAR009C,0,3.3843343,0.47669172286987305,0.3160518407821655,0.034810442477464676
YHR027C,YGR189C,0,3.383513,0.47597599029541016,0.3160518407821655,0.034910473972558975
YMR097C,YGR211W,0,3.382576,0.4752623736858368,0.3160518407821655,0.035010501742362976
YBR162C,YBR093C,1,3.3820102,0.47604790329933167,0.3170488476753235,0.035010501742362976
YDR461W,YPL004C,0,3.3810859,0.47533631324768066,0.3170488476753235,0.035110533237457275
YMR311C,YMR229C,0,3.3732815,0.4746268689632416,0.3170488476753235,0.035210564732551575
YJR101W,YBL092W,0,3.3727882,0.47391951084136963,0.3170488476753235,0.035310592502355576
YOL030W,YBR078W,1,3.3723662,0.474702388048172,0.31804585456848145,0.035310592502355576
YCL039W,YKR093W,0,3.3711867,0.4739970266819,0.31804585456848145,0.035410623997449875
YFR008W,YPR035W,0,3.3711283,0.4732937812805176,0.31804585456848145,0.035510651767253876
YOR298W,YPL213W,0,3.3614626,0.4725925922393799,0.31804585456848145,0.035610683262348175
YDR018C,YKL014C,0,3.3608341,0.4718934893608093,0.31804585456848145,0.035710714757442474
YJL171C,YOR214C,1,3.3604307,0.47267356514930725,0.3190428614616394,0.035710714757442474
YAR050W,YOR214C,1,3.3596218,0.47345131635665894,0.32003986835479736,0.035710714757442474
YJL057C,YDL083C,0,3.3562045,0.4727540612220764,0.32003986835479736,0.035810742527246475
YBR078W,YGR192C,1,3.3534539,0.4735293984413147,0.3210368752479553,0.035810742527246475
YLR452C,YGL222C,0,3.351069,0.4728340804576874,0.3210368752479553,0.035910774022340775
YJR150C,YKR042W,1,3.3508704,0.47360703349113464,0.32203391194343567,0.035910774022340775
YIL053W,YKL014C,0,3.3441806,0.47291362285614014,0.32203391194343567,0.036010801792144775
YMR319C,YBR009C,0,3.3421593,0.4722222089767456,0.32203391194343567,0.036110833287239075
YBR067C,YMR006C,1,3.342105,0.4729926884174347,0.32303091883659363,0.036110833287239075
YDR251W,YKR034W,0,3.340558,0.47230321168899536,0.32303091883659363,0.036210864782333374
YGR017W,YBR180W,0,3.3375552,0.471615731716156,0.32303091883659363,0.036310892552137375
YBL087C,YGR063C,0,3.3357782,0.47093021869659424,0.32303091883659363,0.036410924047231674
YJR130C,YDR188W,0,3.3347049,0.47024673223495483,0.32303091883659363,0.036510951817035675
YFL044C,YMR211W,0,3.3340118,0.469565212726593,0.32303091883659363,0.036610983312129974
YEL058W,YOL151W,0,3.3318534,0.4688856601715088,0.32303091883659363,0.036711014807224274
YDR410C,YDR358W,0,3.3308282,0.46820810437202454,0.32303091883659363,0.036811042577028275
YOR369C,YHR002W,0,3.3229089,0.4675324559211731,0.32303091883659363,0.036911074072122574
YBR040W,YLR157C,1,3.322414,0.4682997167110443,0.3240279257297516,0.036911074072122574
YLR150W,YDL115C,0,3.3149786,0.4676258862018585,0.3240279257297516,0.037011101841926575
YDL049C,YMR307W,1,3.3130226,0.4683907926082611,0.32502493262290955,0.037011101841926575
YKR014C,YOR384W,0,3.3130088,0.46771878004074097,0.32502493262290955,0.037111133337020874
YMR050C,YIL043C,0,3.31057,0.467048704624176,0.32502493262290955,0.03721116483211517
YBR169C,YFL004W,0,3.3105412,0.4663805365562439,0.32502493262290955,0.037311192601919174
YDR281C,YGL028C,0,3.3095741,0.4657142758369446,0.32502493262290955,0.037411224097013474
YGR052W,YOR230W,0,3.3083959,0.4650499224662781,0.32502493262290955,0.037511251866817474
YER165W,YER098W,0,3.3031287,0.4643874764442444,0.32502493262290955,0.037611283361911774
YKL093W,YOR201C,0,3.3029737,0.46372687816619873,0.32502493262290955,0.03771131485700607
YNL216W,YAL053W,0,3.301196,0.4630681872367859,0.32502493262290955,0.037811342626810074
YLR286C,YGR189C,1,3.2974794,0.46382978558540344,0.3260219395160675,0.037811342626810074
YAL044C,YHL003C,0,3.297201,0.4631727933883667,0.3260219395160675,0.03791137412190437
YBR040W,YKL006W,0,3.296702,0.4625176787376404,0.3260219395160675,0.038011401891708374
YJL013C,YGL209W,0,3.296059,0.4618644118309021,0.3260219395160675,0.03811143338680267
YLR289W,YAL029C,0,3.2935848,0.46121296286582947,0.3260219395160675,0.03821146488189697
YDL046W,YOR316C,0,3.290078,0.46056339144706726,0.3260219395160675,0.038311492651700974
YDR534C,YDR002W,0,3.2849483,0.4599156081676483,0.3260219395160675,0.03841152414679527
YPR102C,YHL003C,0,3.284799,0.4592696726322174,0.3260219395160675,0.038511551916599274
YHR133C,YMR175W,0,3.2813964,0.45862552523612976,0.3260219395160675,0.03861158341169357
YLR390W-A,YHR143W,1,3.277855,0.4593837559223175,0.32701894640922546,0.03861158341169357
YNL096C,YLR348C,0,3.2761464,0.4587412476539612,0.32701894640922546,0.03871161490678787
YDR077W,YDR104C,1,3.2731729,0.45949721336364746,0.3280159533023834,0.03871161490678787
YDR003W,YEL002C,0,3.2714267,0.45885634422302246,0.3280159533023834,0.03881164267659187
YMR006C,YLR040C,1,3.2701373,0.4596100151538849,0.3290129601955414,0.03881164267659187
YLR314C,YGR192C,1,3.2667017,0.4603615999221802,0.33000996708869934,0.03881164267659187
YML004C,YJR145C,0,3.2666602,0.45972222089767456,0.33000996708869934,0.03891167417168617
YDL049C,YLL024C,1,3.2649162,0.46047157049179077,0.3310069739818573,0.03891167417168617
YGR120C,YBL075C,0,3.2646942,0.4598338007926941,0.3310069739818573,0.03901170194149017
YDR388W,YKL006W,0,3.2631211,0.4591977894306183,0.3310069739818573,0.03911173343658447
YDL084W,YNL052W,0,3.262271,0.45856353640556335,0.3310069739818573,0.03921176493167877
YDR297W,YCL050C,0,3.2613113,0.4579310417175293,0.3310069739818573,0.03931179270148277
YFR003C,YLR160C,0,3.2611866,0.4573002755641937,0.3310069739818573,0.03941182419657707
YOL141W,YJL144W,0,3.2592149,0.45667123794555664,0.3310069739818573,0.03951185196638107
YJL171C,YKR042W,1,3.2589154,0.4574175775051117,0.33200398087501526,0.03951185196638107
YLR213C,YMR307W,1,3.258614,0.458161860704422,0.3330009877681732,0.03951185196638107
YDR468C,YML063W,0,3.2580652,0.4575342535972595,0.3330009877681732,0.03961188346147537
YNL146W,YOR275C,0,3.2580404,0.45690834522247314,0.3330009877681732,0.03971191495656967
YJR153W,YGR295C,0,3.248886,0.45628416538238525,0.3330009877681732,0.03981194272637367
YGR279C,YLR300W,1,3.2464728,0.4570259153842926,0.3339979946613312,0.03981194272637367
YPL280W,YHR197W,0,3.2462595,0.4564032554626465,0.3339979946613312,0.03991197422146797
YGL206C,YIL136W,0,3.2438295,0.45578232407569885,0.3339979946613312,0.04001200199127197
YDR055W,YHR099W,0,3.241663,0.45516303181648254,0.3339979946613312,0.04011203348636627
YLR314C,YER150W,1,3.2375875,0.4559023082256317,0.33499500155448914,0.04011203348636627
YDR492W,YDR315C,0,3.2371778,0.45528456568717957,0.33499500155448914,0.04021206498146057
YJL158C,YNL300W,1,3.233433,0.45602163672447205,0.3359920382499695,0.04021206498146057
YNL092W,YKL014C,0,3.2321777,0.45540541410446167,0.3359920382499695,0.04031209275126457
YLR044C,YGL186C,0,3.218264,0.4547908306121826,0.3359920382499695,0.04041212424635887
YGR211W,YBR158W,0,3.2151523,0.4541778862476349,0.3359920382499695,0.04051215201616287
YLL027W,YBR066C,0,3.211884,0.45356661081314087,0.3359920382499695,0.04061218351125717
YCL051W,YLR158C,1,3.2109258,0.4543010890483856,0.33698904514312744,0.04061218351125717
YOL107W,YOR391C,0,3.2096906,0.4536912739276886,0.33698904514312744,0.04071221500635147
YMR215W,YOL132W,1,3.2089279,0.45442360639572144,0.3379860520362854,0.04071221500635147
YJL158C,YLR300W,1,3.2078273,0.4551539421081543,0.33898305892944336,0.04071221500635147
YJR121W,YLR459W,0,3.2048554,0.4545454680919647,0.33898305892944336,0.04081224277615547
YKL119C,YCL064C,0,3.2044804,0.4539385735988617,0.33898305892944336,0.04091227427124977
YPR149W,YLR008C,0,3.203181,0.4533333480358124,0.33898305892944336,0.04101230204105377
YER060W-A,YKL212W,0,3.2019854,0.4527297019958496,0.33898305892944336,0.04111233353614807
YHR143W,YDR261C,1,3.2019567,0.45345744490623474,0.3399800658226013,0.04111233353614807
YGR159C,YEL041W,0,3.2015023,0.45285525918006897,0.3399800658226013,0.04121236503124237
YCR002C,YNL066W,1,3.2007604,0.45358091592788696,0.3409770727157593,0.04121236503124237
YML052W,YLR300W,1,3.1991282,0.45430463552474976,0.34197407960891724,0.04121236503124237
YHR133C,YBR072W,0,3.1982236,0.45370370149612427,0.34197407960891724,0.04131239280104637
YGR253C,YPL281C,0,3.198073,0.4531043469905853,0.34197407960891724,0.04141242429614067
YKL165C,YPL135W,0,3.1939163,0.4525066018104553,0.34197407960891724,0.04151245206594467
YNL322C,YLR286C,1,3.1934018,0.4532279372215271,0.3429710865020752,0.04151245206594467
YBL093C,YHL004W,0,3.192089,0.4526315927505493,0.3429710865020752,0.04161248356103897
YHL015W,YLL004W,0,3.1899908,0.4520367980003357,0.3429710865020752,0.04171251505613327
YBL093C,YBR024W,0,3.189652,0.4514435827732086,0.3429710865020752,0.04181254282593727
YMR307W,YLR238W,0,3.1888244,0.4508518874645233,0.3429710865020752,0.04191257432103157
YBR078W,YKR102W,1,3.1858737,0.45157068967819214,0.34396809339523315,0.04191257432103157
YIL123W,YOR190W,1,3.1853595,0.45228758454322815,0.3449651002883911,0.04191257432103157
YHR139C,YOR382W,1,3.182147,0.45300260186195374,0.3459621071815491,0.04191257432103157
YFL039C,YDL036C,0,3.1817942,0.4524120092391968,0.3459621071815491,0.04201260209083557
YPR120C,YIL051C,0,3.178256,0.4518229067325592,0.3459621071815491,0.04211263358592987
YHL044W,YJL191W,0,3.173624,0.4512353837490082,0.3459621071815491,0.04221266508102417
YPR008W,YNL111C,0,3.1733375,0.45064935088157654,0.3459621071815491,0.04231269285082817
YER150W,YDL049C,1,3.1731577,0.45136186480522156,0.34695911407470703,0.04231269285082817
YDR159W,YLR325C,0,3.169753,0.45077720284461975,0.34695911407470703,0.04241272434592247
YGR059W,YBR093C,1,3.1695523,0.4514877200126648,0.347956120967865,0.04241272434592247
YKL096W-A,YKR102W,1,3.16898,0.4521963894367218,0.34895312786102295,0.04241272434592247
YDR160W,YML052W,0,3.1687884,0.4516128897666931,0.34895312786102295,0.04251275211572647
YBR005W,YER150W,0,3.1669798,0.4510309398174286,0.34895312786102295,0.04261278361082077
YDR523C,YGR124W,0,3.1629024,0.45045045018196106,0.34895312786102295,0.04271281510591507
YMR032W,YNL115C,0,3.1620996,0.4498714506626129,0.34895312786102295,0.04281284287571907
YIL035C,YER150W,0,3.161652,0.44929397106170654,0.34895312786102295,0.04291287437081337
YGL010W,YER180C,0,3.1578577,0.44871795177459717,0.34895312786102295,0.04301290214061737
YLR286C,YDR134C,1,3.1550765,0.44942381978034973,0.3499501347541809,0.04301290214061737
YGL070C,YEL054C,0,3.154663,0.4488491117954254,0.3499501347541809,0.04311293363571167
YLR324W,YDL140C,0,3.154417,0.4482758641242981,0.3499501347541809,0.04321296513080597
YCR045C,YKL196C,0,3.1532211,0.4477040767669678,0.3499501347541809,0.04331299290060997
YLR213C,YLR158C,1,3.1531796,0.4484076499938965,0.35094717144966125,0.04331299290060997
YHR052W,YER130C,0,3.152684,0.44783714413642883,0.35094717144966125,0.04341302439570427
YLR120C,YJL174W,1,3.1519918,0.44853875041007996,0.3519441783428192,0.04341302439570427
YDL134C,YER130C,0,3.1518168,0.44796955585479736,0.3519441783428192,0.04351305216550827
YLR110C,YKL163W,1,3.1517768,0.4486691951751709,0.3529411852359772,0.04351305216550827
YLR134W,YPL252C,0,3.1463475,0.4481012523174286,0.3529411852359772,0.04361308366060257
YLR286C,YDL049C,1,3.1462717,0.4487989842891693,0.35393819212913513,0.04361308366060257
YER033C,YOL140W,0,3.1453602,0.4482323229312897,0.35393819212913513,0.04371311515569687
YPL004C,YDR378C,0,3.141942,0.44766709208488464,0.35393819212913513,0.04381314292550087
YHR174W,YDR343C,0,3.141077,0.44710326194763184,0.35393819212913513,0.04391317442059517
YHR037W,YNR059W,0,3.1381626,0.446540892124176,0.35393819212913513,0.04401320219039917
YGL031C,YMR270C,0,3.1373682,0.44597989320755005,0.35393819212913513,0.04411323368549347
YPL130W,YJL174W,1,3.1373284,0.44667503237724304,0.3549351990222931,0.04411323368549347
YJL019W,YMR292W,0,3.1353788,0.44611528515815735,0.3549351990222931,0.04421326518058777
YKL150W,YBL092W,0,3.1270437,0.4455569386482239,0.3549351990222931,0.04431329295039177
YLR084C,YNL327W,1,3.1247518,0.44624999165534973,0.35593220591545105,0.04431329295039177
YLR040C,YLR037C,1,3.1246662,0.4469413161277771,0.356929212808609,0.04431329295039177
YNL300W,YOR382W,1,3.1206303,0.447630912065506,0.35792621970176697,0.04431329295039177
YCR002C,YMR238W,1,3.119005,0.44831880927085876,0.3589232265949249,0.04431329295039177
YLR286C,YJR150C,1,3.1189692,0.44900497794151306,0.3599202334880829,0.04431329295039177
YKR094C,YHR008C,0,3.11847,0.44844719767570496,0.3599202334880829,0.04441332444548607
YLR194C,YPL186C,0,3.1066618,0.4478908181190491,0.3599202334880829,0.04451335221529007
YIL135C,YPR159W,0,3.1035197,0.447335809469223,0.3599202334880829,0.04461338371038437
YMR232W,YGR254W,0,3.1035178,0.4467821717262268,0.3599202334880829,0.04471341520547867
YJR160C,YGR208W,0,3.1017976,0.4462299048900604,0.3599202334880829,0.04481344297528267
YOR063W,YBL005W,0,3.0962694,0.4456790089607239,0.3599202334880829,0.04491347447037697
YHR211W,YOL154W,1,3.094224,0.44636252522468567,0.36091724038124084,0.04491347447037697
YDR033W,YLR219W,0,3.092833,0.44581282138824463,0.36091724038124084,0.04501350224018097
YJR134C,YGR032W,0,3.091113,0.44526445865631104,0.36091724038124084,0.04511353373527527
YDL227C,YLR075W,0,3.0911055,0.4447174370288849,0.36091724038124084,0.04521356523036957
YGR052W,YMR091C,0,3.0865676,0.4441717863082886,0.36091724038124084,0.04531359300017357
YOR273C,YPL183C,0,3.083054,0.4436274468898773,0.36091724038124084,0.04541362449526787
YJR150C,YBR162C,1,3.0820403,0.44430845975875854,0.3619142472743988,0.04541362449526787
YBR078W,YMR251W-A,1,3.0781407,0.44498777389526367,0.36291125416755676,0.04541362449526787
YKL165C,YBR078W,1,3.0777893,0.4456654489040375,0.3639082610607147,0.04541362449526787
YDL015C,YGR282C,0,3.0761719,0.4451219439506531,0.3639082610607147,0.04551365226507187
YJR139C,YPL196W,0,3.0743554,0.4445797801017761,0.3639082610607147,0.04561368376016617
YDR454C,YOL065C,0,3.0719404,0.44403892755508423,0.3639082610607147,0.04571371525526047
YLR306W,YNL318C,0,3.0717404,0.4434993863105774,0.3639082610607147,0.04581374302506447
YER031C,YIL170W,0,3.0692344,0.4429611563682556,0.3639082610607147,0.04591377452015877
YJL158C,YDR104C,1,3.066607,0.44363635778427124,0.36490529775619507,0.04591377452015877
YDR104C,YGR282C,1,3.0651898,0.44430992007255554,0.365902304649353,0.04591377452015877
YLR251W,YCL018W,0,3.0644937,0.44377267360687256,0.365902304649353,0.04601380228996277
YLR286C,YPL163C,1,3.0632906,0.4444444477558136,0.366899311542511,0.04601380228996277
YMR215W,YNR044W,1,3.0548587,0.4451145827770233,0.36789631843566895,0.04601380228996277
YPR156C,YPL159C,0,3.052711,0.4445783197879791,0.36789631843566895,0.04611383378505707
YGL180W,YHR181W,0,3.049971,0.4440433084964752,0.36789631843566895,0.04621386528015137
YIL018W,YDR436W,0,3.049294,0.44350960850715637,0.36789631843566895,0.04631389304995537
YBR212W,YPL156C,0,3.0469878,0.4429771900177002,0.36789631843566895,0.04641392454504967
YCL075W,YGL126W,0,3.0457957,0.4424460530281067,0.36789631843566895,0.04651395604014397
YBL106C,YMR316W,0,3.0433407,0.44191616773605347,0.36789631843566895,0.04661398380994797
YNL117W,YLR316C,0,3.04182,0.4413875639438629,0.36789631843566895,0.04671401530504227
YDR077W,YLR307W,1,3.041752,0.44205495715141296,0.3688933253288269,0.04671401530504227
YPL082C,YCL018W,0,3.0404544,0.44152745604515076,0.3688933253288269,0.04681404307484627
YDL215C,YNR041C,0,3.0378098,0.44100120663642883,0.3688933253288269,0.04691407456994057
YDL246C,YNL335W,0,3.0375032,0.4404761791229248,0.3688933253288269,0.047014106065034866
YNR044W,YBR092C,0,3.0344315,0.43995243310928345,0.3688933253288269,0.04711413383483887
YHR201C,YGL253W,0,3.031469,0.4394299387931824,0.3688933253288269,0.047214165329933167
YNL115C,YBR101C,0,3.030457,0.4389086663722992,0.3688933253288269,0.04731419309973717
YDL135C,YHR174W,0,3.029746,0.4383886158466339,0.3688933253288269,0.04741422459483147
YGR217W,YCR046C,0,3.0296812,0.4378698170185089,0.3688933253288269,0.047514256089925766
YKL034W,YOR338W,0,3.029583,0.4373522400856018,0.3688933253288269,0.04761428385972977
YJR065C,YOR383C,0,3.0279999,0.4368358850479126,0.3688933253288269,0.047714315354824066
YDR534C,YOL155C,1,3.0263176,0.4375,0.36989033222198486,0.047714315354824066
YKL009W,YLR189C,0,3.022971,0.43698468804359436,0.36989033222198486,0.04781434312462807
YMR055C,YPL119C,0,3.0215693,0.4364705979824066,0.36989033222198486,0.047914374619722366
YGL067W,YJL066C,0,3.0189037,0.4359577000141144,0.36989033222198486,0.048014406114816666
YGR189C,YGR192C,1,3.0185819,0.43661972880363464,0.3708873391151428,0.048014406114816666
YLR040C,YJL174W,1,3.0184927,0.43728017807006836,0.3718843460083008,0.048014406114816666
YNL322C,YCR089W,1,3.0183678,0.4379391074180603,0.37288135290145874,0.048014406114816666
YDR074W,YOR242C,0,3.0153704,0.437426894903183,0.37288135290145874,0.048114433884620667
YDR144C,YLR194C,1,3.012907,0.43808412551879883,0.3738783597946167,0.048114433884620667
YDL083C,YPL269W,0,3.0125809,0.4375729262828827,0.3738783597946167,0.048214465379714966
YOR049C,YGR234W,0,3.0124707,0.43706294894218445,0.3738783597946167,0.04831449314951897
YMR215W,YDL049C,1,3.0092006,0.4377182722091675,0.37487536668777466,0.04831449314951897
YKL165C,YJL159W,1,3.0062723,0.43837210536003113,0.3758723735809326,0.04831449314951897
YAL003W,YFL005W,0,3.0059307,0.43786296248435974,0.3758723735809326,0.048414524644613266
YFL004W,YER020W,0,3.0038333,0.4373549818992615,0.3758723735809326,0.048514556139707565
YAR002C-A,YJL094C,0,3.0035572,0.4368481934070587,0.3758723735809326,0.048614583909511566
YHR010W,YML042W,0,3.0003345,0.43634259700775146,0.3758723735809326,0.048714615404605865
YDL215C,YNL110C,0,2.9993386,0.43583816289901733,0.3758723735809326,0.048814643174409866
YKL168C,YJR120W,0,2.9959922,0.43533486127853394,0.3758723735809326,0.048914674669504166
YPR152C,YMR149W,0,2.992765,0.43483275175094604,0.3758723735809326,0.049014706164598465
YBR094W,YFR053C,0,2.9919014,0.4343318045139313,0.3758723735809326,0.049114733934402466
YOR294W,YCR105W,0,2.990849,0.43383198976516724,0.3758723735809326,0.049214765429496765
YOR214C,YOR242C,1,2.9887404,0.43448275327682495,0.3768693804740906,0.049214765429496765
YIL135C,YBR109C,0,2.9865105,0.4339839220046997,0.3768693804740906,0.049314793199300766
YMR016C,YDL205C,0,2.9846334,0.4334862530231476,0.3768693804740906,0.049414824694395065
YHR214W,YBR034C,0,2.9844823,0.4329896867275238,0.3768693804740906,0.049514856189489365
YIL011W,YNL327W,1,2.9840977,0.43363845348358154,0.37786638736724854,0.049514856189489365
YCL051W,YLR286C,1,2.9832833,0.4342857003211975,0.3788634240627289,0.049514856189489365
YOL132W,YBR241C,0,2.9829874,0.4337899684906006,0.3788634240627289,0.049614883959293365
YDL083C,YKL154W,0,2.9807668,0.433295339345932,0.3788634240627289,0.049714915454387665
YGR214W,YOL071W,0,2.9805713,0.4328018128871918,0.3788634240627289,0.049814943224191666
YAR002C-A,YMR020W,0,2.980373,0.43230944871902466,0.3788634240627289,0.049914974719285965
YPR037C,YPL223C,0,2.9802933,0.4318181872367859,0.3788634240627289,0.050015006214380264
YKL096W,YOR010C,1,2.9800868,0.4324631094932556,0.37986043095588684,0.050015006214380264
YDR534C,YDR144C,1,2.977818,0.43310657143592834,0.3808574378490448,0.050015006214380264
YOR247W,YNL322C,1,2.9761267,0.4337485730648041,0.38185444474220276,0.050015006214380264
YBL039C,YGR075C,0,2.9756691,0.43325790762901306,0.38185444474220276,0.050115033984184265
YKL053C-A,YLR448W,0,2.9729946,0.4327683746814728,0.38185444474220276,0.050215065479278564
YDR018C,YHR197W,0,2.9705236,0.43227991461753845,0.38185444474220276,0.050315093249082565
YOL078W,YPL026C,0,2.970087,0.43179255723953247,0.38185444474220276,0.050415124744176865
YLR426W,YOL121C,0,2.9698524,0.43130630254745483,0.38185444474220276,0.050515156239271164
YLR213C,YOL030W,1,2.9693656,0.4319460093975067,0.3828514516353607,0.050515156239271164
YOL158C,YBR267W,0,2.9688432,0.4314606785774231,0.3828514516353607,0.050615184009075165
YLR390W-A,YKR042W,1,2.9637308,0.43209877610206604,0.3838484585285187,0.050615184009075165
YKL096W-A,YOL030W,1,2.959972,0.432735413312912,0.38484546542167664,0.050615184009075165
YOR391C,YKL171W,0,2.9565008,0.43225082755088806,0.38484546542167664,0.050715215504169464
YJL052W,YNL190W,1,2.955912,0.43288591504096985,0.3858424723148346,0.050715215504169464
YIL011W,YML052W,1,2.9554973,0.43351954221725464,0.38683947920799255,0.050715215504169464
YNL217W,YBL082C,0,2.950873,0.4330357015132904,0.38683947920799255,0.050815243273973465
YOR212W,YDR033W,0,2.9494014,0.4325529634952545,0.38683947920799255,0.050915274769067764
YML011C,YKR075C,0,2.9490526,0.4320712685585022,0.38683947920799255,0.051015306264162064
YCR031C,YBR046C,0,2.9487548,0.43159064650535583,0.38683947920799255,0.051115334033966064
YJL108C,YBR006W,0,2.948184,0.43111109733581543,0.38683947920799255,0.051215365529060364
YAL063C,YMR008C,1,2.9473808,0.43174251914024353,0.3878364861011505,0.051215365529060364
YCR098C,YCL014W,0,2.9438832,0.43126386404037476,0.3878364861011505,0.051315393298864365
YOR063W,YFL054C,0,2.9431727,0.43078628182411194,0.3878364861011505,0.051415424793958664
YNR071C,YCL068C,0,2.9423943,0.4303097426891327,0.3878364861011505,0.05151545628905296
YOR057W,YDR039C,0,2.9362493,0.429834246635437,0.3878364861011505,0.051615484058856964
YDL055C,YDR217C,0,2.9361608,0.4293598234653473,0.3878364861011505,0.05171551555395126
YCR012W,YLR429W,0,2.9343638,0.42888644337654114,0.3878364861011505,0.051815543323755264
YLR160C,YJR150C,1,2.932411,0.42951542139053345,0.38883349299430847,0.051815543323755264
YBR191W,YHR168W,0,2.9320602,0.42904290556907654,0.38883349299430847,0.051915574818849564
YJR140C,YJL034W,0,2.9312534,0.4285714328289032,0.38883349299430847,0.05201560631394386
YOR383C,YLR390W-A,1,2.9303925,0.429198682308197,0.38983049988746643,0.05201560631394386
YGR189C,YPR026W,1,2.929832,0.429824560880661,0.3908275067806244,0.05201560631394386
YIL147C,YGL222C,0,2.9264054,0.4293537735939026,0.3908275067806244,0.052115634083747864
YKL026C,YKR059W,0,2.9261293,0.42888402938842773,0.3908275067806244,0.05221566557884216
YLR042C,YOR378W,0,2.92378,0.42841529846191406,0.3908275067806244,0.052315693348646164
YBR005W,YDL127W,0,2.9230618,0.42794761061668396,0.3908275067806244,0.05241572484374046
YEL041W,YML043C,0,2.9230442,0.42748090624809265,0.3908275067806244,0.05251575633883476
YKL163W,YDR261C,1,2.9229074,0.42810457944869995,0.39182451367378235,0.05251575633883476
YPL160W,YDR079W,0,2.9211712,0.4276387393474579,0.39182451367378235,0.05261578410863876
YHR089C,YGR205W,0,2.9208474,0.427173912525177,0.39182451367378235,0.05271581560373306
YGL032C,YLR040C,1,2.9183655,0.4277958869934082,0.3928215205669403,0.05271581560373306
YJL158C,YGR279C,1,2.9153025,0.42841649055480957,0.39381855726242065,0.05271581560373306
YBR296C,YFL061W,0,2.9149632,0.4279523193836212,0.39381855726242065,0.052815843373537064
YLR287C-A,YJR083C,0,2.9137416,0.42748919129371643,0.39381855726242065,0.05291587486863136
YDR164C,YHR175W,0,2.9118655,0.42702701687812805,0.39381855726242065,0.05301590636372566
YMR023C,YHR092C,0,2.9111185,0.42656588554382324,0.39381855726242065,0.05311593413352966
YNL190W,YGR282C,1,2.9107456,0.42718446254730225,0.3948155641555786,0.05311593413352966
YBR040W,YLR390W-A,1,2.9088972,0.4278017282485962,0.3958125710487366,0.05311593413352966
YHR117W,YMR175W,0,2.9067779,0.4273412227630615,0.3958125710487366,0.05321596562862396
YOL005C,YNL145W,0,2.9034,0.42688173055648804,0.3958125710487366,0.05331599339842796
YIL170W,YAL063C,0,2.9014046,0.42642319202423096,0.3958125710487366,0.05341602489352226
YBR078W,YBR074W,0,2.9005575,0.42596566677093506,0.3958125710487366,0.05351605638861656
YDR245W,YER177W,0,2.8988652,0.42550912499427795,0.3958125710487366,0.05361608415842056
YHR210C,YOL069W,0,2.8981938,0.42505353689193726,0.3958125710487366,0.05371611565351486
YMR215W,YOL154W,1,2.8961446,0.4256684482097626,0.39680957794189453,0.05371611565351486
YBR301W,YMR238W,1,2.8960438,0.42628204822540283,0.3978065848350525,0.05371611565351486
YLR227W-A,YJR026W,0,2.895877,0.42582711577415466,0.3978065848350525,0.05381614342331886
YDR046C,YDR411C,0,2.894747,0.4253731369972229,0.3978065848350525,0.05391617491841316
YLR308W,YBR093C,1,2.891538,0.42598509788513184,0.39880359172821045,0.05391617491841316
YGL186C,YGR103W,0,2.890155,0.42553192377090454,0.39880359172821045,0.05401620641350746
YER074W,YBR009C,0,2.8901362,0.42507970333099365,0.39880359172821045,0.05411623418331146
YDL160C,YKR019C,0,2.8893764,0.42462843656539917,0.39880359172821045,0.05421626567840576
YFR003C,YDL083C,0,2.8890676,0.4241781532764435,0.39880359172821045,0.05431629344820976
YBR218C,YJL191W,0,2.8888998,0.4237288236618042,0.39880359172821045,0.05441632494330406
YAL005C,YOL154W,1,2.888761,0.4243386387825012,0.3998005986213684,0.05441632494330406
YOR247W,YLR194C,1,2.8875651,0.4249471426010132,0.40079760551452637,0.05441632494330406
YKL165C,YLR213C,1,2.8848875,0.42555439472198486,0.4017946124076843,0.05441632494330406
YJR130C,YPR200C,0,2.884687,0.425105482339859,0.4017946124076843,0.05451635643839836
YMR246W,YMR290C,0,2.8824482,0.42465752363204956,0.4017946124076843,0.05461638420820236
YFL033C,YNR040W,0,2.8792195,0.4242105185985565,0.4017946124076843,0.05471641570329666
YNL079C,YAL051W,0,2.8791966,0.4237644672393799,0.4017946124076843,0.05481644347310066
YBR119W,YER074W,0,2.8784175,0.42331933975219727,0.4017946124076843,0.05491647496819496
YGL059W,YGL229C,0,2.8762228,0.42287513613700867,0.4017946124076843,0.05501650646328926
YLR197W,YGR154C,0,2.8758464,0.4224318563938141,0.4017946124076843,0.05511653423309326
YBR212W,YLR389C,0,2.8754926,0.4219895303249359,0.4017946124076843,0.05521656572818756
YOR382W,YIL135C,0,2.873469,0.42154812812805176,0.4017946124076843,0.05531659349799156
YDR300C,YGL205W,0,2.8711722,0.42110762000083923,0.4017946124076843,0.05541662499308586
YMR012W,YKR103W,0,2.8691463,0.4206680655479431,0.4017946124076843,0.05551665648818016
YJL056C,YMR142C,0,2.8682256,0.42022940516471863,0.4017946124076843,0.05561668425798416
YNL190W,YDR055W,1,2.8666892,0.4208333194255829,0.4027916193008423,0.05561668425798416
YAL012W,YBR128C,0,2.8638353,0.4203954339027405,0.4027916193008423,0.05571671575307846
YML124C,YBL088C,0,2.8632402,0.4199584126472473,0.4027916193008423,0.05581674352288246
YNL046W,YOR384W,0,2.858518,0.41952231526374817,0.4027916193008423,0.05591677501797676
YER028C,YGL253W,0,2.8583016,0.41908714175224304,0.4027916193008423,0.05601680651307106
YER055C,YDL179W,0,2.8557365,0.41865286231040955,0.4027916193008423,0.05611683428287506
YOL071W,YGR184C,0,2.8535762,0.4182194471359253,0.4027916193008423,0.05621686577796936
YEL041W,YBR172C,0,2.8526118,0.41778695583343506,0.4027916193008423,0.05631689354777336
YBR191W,YDR002W,0,2.8525736,0.41735535860061646,0.4027916193008423,0.05641692504286766
YDR144C,YMR251W-A,1,2.848578,0.4179566502571106,0.40378862619400024,0.05641692504286766
YIL155C,YDR224C,0,2.8462567,0.4175257682800293,0.40378862619400024,0.05651695653796196
YLR142W,YPR041W,0,2.8451824,0.41709578037261963,0.40378862619400024,0.05661698430776596
YER086W,YLR097C,0,2.845096,0.4166666567325592,0.40378862619400024,0.05671701580286026
YJR153W,YOR244W,0,2.8431425,0.4162384271621704,0.40378862619400024,0.05681704357266426
YCL051W,YJL159W,1,2.8426242,0.41683778166770935,0.4047856330871582,0.05681704357266426
YCR089W,YLR158C,1,2.8424811,0.417435884475708,0.40578263998031616,0.05681704357266426
YHR069C,YBR072W,0,2.8417335,0.4170081913471222,0.40578263998031616,0.05691707506775856
YHR001W-A,YGL147C,0,2.8390694,0.4165813624858856,0.40578263998031616,0.05701710656285286
YPL143W,YNL147W,0,2.831109,0.4161554276943207,0.40578263998031616,0.05711713433265686
YGL180W,YPR011C,0,2.8299217,0.4157303273677826,0.40578263998031616,0.05721716582775116
YDR224C,YHR028C,0,2.8299117,0.41530612111091614,0.40578263998031616,0.05731719359755516
YPR002W,YEL039C,0,2.8289127,0.4148827791213989,0.40578263998031616,0.05741722509264946
YHR140W,YMR015C,0,2.8288863,0.41446027159690857,0.40578263998031616,0.05751725658774376
YMR215W,YLR308W,1,2.8284726,0.4150559604167938,0.4067796468734741,0.05751725658774376
YDR534C,YNL300W,1,2.8251367,0.4156503975391388,0.40777668356895447,0.05751725658774376
YNL119W,YDL146W,0,2.824364,0.4152284264564514,0.40777668356895447,0.05761728435754776
YMR242C,YGL244W,0,2.822412,0.4148072898387909,0.40777668356895447,0.05771731585264206
YML056C,YKL061W,0,2.8213828,0.4143870174884796,0.40777668356895447,0.05781734362244606
YOR382W,YKR066C,0,2.820067,0.4139676094055176,0.40777668356895447,0.05791737511754036
YMR284W,YOR384W,0,2.8177915,0.4135490357875824,0.40777668356895447,0.05801740661263466
YOL129W,YER104W,0,2.8144312,0.41313132643699646,0.40777668356895447,0.05811743438243866
YDR056C,YBR072W,0,2.8136663,0.412714421749115,0.40777668356895447,0.05821746587753296
YIL009W,YDR342C,0,2.8112514,0.41229838132858276,0.40777668356895447,0.05831749364733696
YCL063W,YLR032W,0,2.8093681,0.4118831753730774,0.40777668356895447,0.05841752514243126
YDR134C,YJL174W,1,2.809122,0.4124748408794403,0.4087736904621124,0.05841752514243126
YJL141C,YHR005C,0,2.8055437,0.41206029057502747,0.4087736904621124,0.05851755663752556
YEL015W,YHR179W,0,2.8055105,0.4116465747356415,0.4087736904621124,0.05861758440732956
YBR208C,YBR050C,0,2.8051517,0.41123369336128235,0.4087736904621124,0.05871761590242386
YNL216W,YBR067C,0,2.805075,0.4108216464519501,0.4087736904621124,0.05881764367222786
YJL158C,YKR042W,1,2.8045378,0.4114114046096802,0.4097706973552704,0.05881764367222786
YDR074W,YNL280C,0,2.8035133,0.41100001335144043,0.4097706973552704,0.05891767516732216
YPL018W,YGL198W,0,2.8034832,0.41058939695358276,0.4097706973552704,0.05901770666241646
YOR167C,YHL026C,0,2.8011887,0.41017964482307434,0.4097706973552704,0.05911773443222046
YHR209W,YNL151C,0,2.8002388,0.4097706973552704,0.4097706973552704,0.05921776592731476
YGR199W,YDR323C,0,2.7994497,0.4093625545501709,0.4097706973552704,0.05931779369711876
YKR055W,YEL027W,0,2.7993703,0.4089552164077759,0.4097706973552704,0.05941782519221306
YDL039C,YNL006W,0,2.7988167,0.4085487127304077,0.4097706973552704,0.05951785668730736
YJL045W,YOL098C,0,2.7985137,0.408143013715744,0.4097706973552704,0.05961788445711136
YIL037C,YNL307C,0,2.796998,0.4077380895614624,0.4097706973552704,0.05971791595220566
YML087C,YMR238W,0,2.7943752,0.40733399987220764,0.4097706973552704,0.05981794372200966
YNL327W,YAL063C,1,2.7941759,0.407920777797699,0.41076770424842834,0.05981794372200966
YIL011W,YOR382W,1,2.7938962,0.4085064232349396,0.4117647111415863,0.05981794372200966
YOL030W,YDL049C,1,2.7920938,0.40909090638160706,0.41276171803474426,0.05981794372200966
YOL139C,YJL082W,0,2.7919164,0.4086870551109314,0.41276171803474426,0.05991797521710396
YKL164C,YPL098C,0,2.7911935,0.4082840383052826,0.41276171803474426,0.06001800671219826
YAL005C,YDL024C,1,2.7911265,0.4088670015335083,0.4137587249279022,0.06001800671219826
YJL172W,YEL024W,0,2.7905974,0.40846458077430725,0.4137587249279022,0.06011803448200226
YOL100W,YHR167W,0,2.787052,0.4080629348754883,0.4137587249279022,0.06021806597709656
YPL163C,YJR004C,1,2.785421,0.4086444079875946,0.4147557318210602,0.06021806597709656
YJL053W,YBR009C,0,2.785091,0.4082433879375458,0.4147557318210602,0.06031809374690056
YJL052W,YKL046C,1,2.7847714,0.40882351994514465,0.41575273871421814,0.06031809374690056
YNL066W,YKR042W,1,2.7811217,0.4094025492668152,0.4167497456073761,0.06031809374690056
YER098W,YPL273W,0,2.7787614,0.4090019464492798,0.4167497456073761,0.06041812524199486
YCR012W,YPR111W,0,2.7776375,0.40860214829444885,0.4167497456073761,0.06051815673708916
YPL033C,YIL119C,0,2.7767408,0.408203125,0.4167497456073761,0.06061818450689316
YNR006W,YOR204W,0,2.776643,0.4078048765659332,0.4167497456073761,0.06071821600198746
YML080W,YPR192W,0,2.7762835,0.40740740299224854,0.4167497456073761,0.06081824377179146
YNL146W,YMR203W,0,2.7717073,0.4070107042789459,0.4167497456073761,0.06091827526688576
YFR025C,YJR147W,0,2.769431,0.4066147804260254,0.4167497456073761,0.06101830676198006
YPL231W,YOL117W,0,2.7658706,0.40621963143348694,0.4167497456073761,0.06111833453178406
YPL119C,YMR089C,0,2.7658505,0.40582525730133057,0.4167497456073761,0.06121836602687836
YDR172W,YER091C,0,2.762837,0.4054316282272339,0.4167497456073761,0.06131839379668236
YGR279C,YGL028C,1,2.762823,0.4060077667236328,0.41774675250053406,0.06131839379668236
YGL096W,YBR196C,0,2.7622569,0.4056147038936615,0.41774675250053406,0.06141842529177666
YPL218W,YJR066W,0,2.7606838,0.40522244572639465,0.41774675250053406,0.061518456786870956
YDR323C,YMR006C,0,2.7582233,0.4048309326171875,0.41774675250053406,0.06161848455667496
YKL165C,YJR009C,1,2.7581491,0.4054054021835327,0.418743759393692,0.06161848455667496
YGR194C,YAL026C,0,2.7572167,0.4050144553184509,0.418743759393692,0.06171851605176926
YOR262W,YLR157C,0,2.756454,0.4046242833137512,0.418743759393692,0.06181854382157326
YOR195W,YJL034W,0,2.7563128,0.4042348265647888,0.418743759393692,0.06191857531666756
YGL219C,YDR534C,0,2.7543225,0.4038461446762085,0.418743759393692,0.062018606811761856
YDR313C,YDR399W,0,2.752063,0.40345820784568787,0.418743759393692,0.06211863458156586
YKR079C,YMR039C,0,2.7512755,0.40307101607322693,0.418743759393692,0.062218666076660156
YGL185C,YCL018W,0,2.750926,0.4026845693588257,0.418743759393692,0.06231869384646416
YBR040W,YEL040W,1,2.7501276,0.40325671434402466,0.41974076628685,0.06231869384646416
YPL147W,YGR036C,0,2.7479677,0.4028708040714264,0.41974076628685,0.062418725341558456
YPL131W,YOR278W,0,2.745494,0.4024856686592102,0.41974076628685,0.06251875311136246
YLR291C,YNL077W,0,2.744777,0.4021012485027313,0.41974076628685,0.06261878460645676
YER104W,YBR283C,0,2.7444477,0.40171754360198975,0.41974076628685,0.06271881610155106
YOR246C,YER190W,0,2.7443988,0.40133461356163025,0.41974076628685,0.06281884759664536
YOR096W,YPL200W,0,2.7443032,0.40095236897468567,0.41974076628685,0.06291887909173965
YLR120C,YDL024C,1,2.7441807,0.40152236819267273,0.42073777318000793,0.06291887909173965
YPL004C,YAR007C,0,2.7430315,0.4011406898498535,0.42073777318000793,0.06301890313625336
YAL039C,YMR019W,0,2.7427766,0.4007597267627716,0.42073777318000793,0.06311893463134766
YJL170C,YBL075C,0,2.7422864,0.4003795087337494,0.42073777318000793,0.06321896612644196
YKL165C,YJL158C,1,2.741453,0.4009478688240051,0.4217348098754883,0.06321896612644196
YIL011W,YJR150C,1,2.7411687,0.4015151560306549,0.42273181676864624,0.06321896612644196
YHL012W,YGL128C,0,2.7406712,0.40113529562950134,0.42273181676864624,0.06331899762153625
YLR192C,YLR345W,0,2.73985,0.4007561504840851,0.42273181676864624,0.06341902911663055
YOL132W,YKR019C,0,2.739551,0.40037772059440613,0.42273181676864624,0.06351905316114426
YOR247W,YLR343W,0,2.738666,0.4000000059604645,0.42273181676864624,0.06361908465623856
YOR386W,YOR045W,0,2.7384622,0.39962300658226013,0.42273181676864624,0.06371911615133286
YJL108C,YKL067W,0,2.7339177,0.3992466926574707,0.42273181676864624,0.06381914764642715
YLR050C,YDR534C,0,2.7333503,0.39887112379074097,0.42273181676864624,0.06391917914152145
YEL017C-A,YGR088W,0,2.7327461,0.39849624037742615,0.42273181676864624,0.06401920318603516
YER070W,YHL016C,0,2.731402,0.39812207221984863,0.42273181676864624,0.06411923468112946
YCR002C,YGR279C,1,2.7305884,0.3986866772174835,0.4237288236618042,0.06411923468112946
YOL020W,YLR035C-A,0,2.7300367,0.3983130156993866,0.4237288236618042,0.06421926617622375
YBR020W,YLR185W,0,2.7289128,0.397940069437027,0.4237288236618042,0.06431929767131805
YOR369C,YNL274C,0,2.7288854,0.3975678086280823,0.4237288236618042,0.06441932916641235
YLR160C,YMR307W,1,2.7279353,0.3981308341026306,0.42472583055496216,0.06441932916641235
YJL097W,YKL100C,0,2.727118,0.3977591097354889,0.42472583055496216,0.06451935321092606
YOL121C,YOR358W,0,2.7255745,0.3973880708217621,0.42472583055496216,0.06461938470602036
YCR031C,YML005W,0,2.7238655,0.3970177173614502,0.42472583055496216,0.06471941620111465
YKL094W,YDR144C,0,2.723828,0.3966480493545532,0.42472583055496216,0.06481944769620895
YOR092W,YIL033C,0,2.7218893,0.39627906680107117,0.42472583055496216,0.06491947919130325
YBL100W-B,YOR071C,0,2.7188401,0.39591076970100403,0.42472583055496216,0.06501950323581696
YML056C,YDL146W,0,2.7185075,0.3955431878566742,0.42472583055496216,0.06511953473091125
YDR234W,YBR040W,0,2.7138565,0.3951762616634369,0.42472583055496216,0.06521956622600555
YHL050C,YGL084C,0,2.7118094,0.3948100209236145,0.42472583055496216,0.06531959772109985
YKR068C,YDR148C,0,2.7097452,0.39444443583488464,0.42472583055496216,0.06541962921619415
YKR079C,YBL005W-B,0,2.7093005,0.3940795660018921,0.42472583055496216,0.06551965326070786
YPL021W,YAL011W,0,2.7079778,0.39371535181999207,0.42472583055496216,0.06561968475580215
YLR058C,YGL139W,0,2.7062926,0.39335179328918457,0.42472583055496216,0.06571971625089645
YNL322C,YDR261C,1,2.7048936,0.3939114511013031,0.4257228374481201,0.06571971625089645
YHR168W,YPR132W,0,2.704293,0.3935483992099762,0.4257228374481201,0.06581974774599075
YLR460C,YJL117W,0,2.7039661,0.3931860029697418,0.4257228374481201,0.06591977924108505
YGL170C,YCL034W,0,2.7020607,0.39282429218292236,0.4257228374481201,0.06601980328559875
YDR256C,YKL052C,0,2.6969447,0.39246323704719543,0.4257228374481201,0.06611983478069305
YKL156W,YPL087W,0,2.695084,0.39210283756256104,0.4257228374481201,0.06621986627578735
YPR173C,YPR016C,0,2.6949193,0.39174312353134155,0.4257228374481201,0.06631989777088165
YKL093W,YNR067C,0,2.693929,0.3913840651512146,0.4257228374481201,0.06641992926597595
YOR301W,YJR005W,0,2.6939244,0.3910256326198578,0.4257228374481201,0.06651995331048965
YDR369C,YML056C,0,2.6938233,0.3906678855419159,0.4257228374481201,0.06661998480558395
YMR217W,YGR004W,0,2.6920624,0.39031079411506653,0.4257228374481201,0.06672001630067825
YGL183C,YNL039W,0,2.6916614,0.3899543285369873,0.4257228374481201,0.06682004779577255
YLR009W,YNL101W,0,2.6911998,0.389598548412323,0.4257228374481201,0.06692007929086685
YOR272W,YDR111C,0,2.6883628,0.38924339413642883,0.4257228374481201,0.06702010333538055
YMR169C,YER149C,0,2.6876616,0.3888888955116272,0.4257228374481201,0.06712013483047485
YIL011W,YLR037C,1,2.687363,0.3894449472427368,0.4267198443412781,0.06712013483047485
YLR286C,YJR076C,1,2.67984,0.38999998569488525,0.42771685123443604,0.06712013483047485
YMR250W,YKR068C,0,2.6790538,0.3896457850933075,0.42771685123443604,0.06722016632556915
YPL231W,YOR193W,0,2.6770177,0.3892922103404999,0.42771685123443604,0.06732019782066345
YLR224W,YBR101C,0,2.6757455,0.3889392614364624,0.42771685123443604,0.06742022931575775
YOL101C,YDR178W,0,2.6698878,0.38858696818351746,0.42771685123443604,0.06752025336027145
YJL171C,YMR307W,1,2.6681347,0.3891402781009674,0.428713858127594,0.06752025336027145
YKL165C,YLR194C,1,2.667298,0.3896925747394562,0.42971086502075195,0.06752025336027145
YPR133W-A,YBL085W,0,2.6664233,0.3893405497074127,0.42971086502075195,0.06762028485536575
YDR500C,YEL050C,0,2.6654787,0.3889891803264618,0.42971086502075195,0.06772031635046005
YGL147C,YKR008W,0,2.6652431,0.3886384069919586,0.42971086502075195,0.06782034784555435
YFL011W,YGL238W,0,2.665135,0.388288289308548,0.42971086502075195,0.06792037934064865
YDR078C,YHR174W,0,2.6638474,0.38793879747390747,0.42971086502075195,0.06802040338516235
YJL174W,YMR203W,0,2.663796,0.3875899314880371,0.42971086502075195,0.06812043488025665
YFL002W-A,YOR374W,0,2.6622028,0.3872416913509369,0.42971086502075195,0.06822046637535095
YIL094C,YMR242C,0,2.6621766,0.3868940770626068,0.42971086502075195,0.06832049787044525
YGL051W,YMR230W,0,2.661796,0.3865470886230469,0.42971086502075195,0.06842052936553955
YJL190C,YLR098C,0,2.6589687,0.3862007260322571,0.42971086502075195,0.06852055341005325
YBL013W,YLR008C,0,2.6579618,0.38585495948791504,0.42971086502075195,0.06862058490514755
YML004C,YBR183W,0,2.656364,0.3855098485946655,0.42971086502075195,0.06872061640024185
YMR225C,YLR160C,0,2.6550279,0.38516533374786377,0.42971086502075195,0.06882064789533615
YML052W,YOL154W,1,2.6549954,0.3857142925262451,0.4307078719139099,0.06882064789533615
YBR089C-A,YGR185C,0,2.6536555,0.3853701949119568,0.4307078719139099,0.06892067939043045
YJR150C,YLR040C,1,2.653213,0.385917991399765,0.43170487880706787,0.06892067939043045
YGL115W,YBR040W,0,2.6519883,0.3855743408203125,0.43170487880706787,0.06902070343494415
YBR040W,YGR189C,1,2.6511745,0.38612100481987,0.43270188570022583,0.06902070343494415
YLR370C,YHR059W,0,2.6502576,0.3857777714729309,0.43270188570022583,0.06912073493003845
YBR301W,YDR261C,1,2.6474695,0.3863232731819153,0.4336988925933838,0.06912073493003845
YLR286C,YJR009C,1,2.6471615,0.38686779141426086,0.43469589948654175,0.06912073493003845
YBL080C,YER081W,0,2.6459098,0.38652482628822327,0.43469589948654175,0.06922076642513275
YLL053C,YNR055C,0,2.645774,0.3861824572086334,0.43469589948654175,0.06932079792022705
YDR072C,YOL129W,0,2.645295,0.3858407139778137,0.43469589948654175,0.06942082941532135
YMR226C,YNL036W,0,2.6413462,0.3854995667934418,0.43469589948654175,0.06952085345983505
YLR213C,YAL063C,1,2.6391742,0.38604241609573364,0.4356929063796997,0.06952085345983505
YLR390W-A,YOR009W,1,2.6387534,0.3865842819213867,0.43668994307518005,0.06952085345983505
YMR015C,YDR443C,0,2.638506,0.38624337315559387,0.43668994307518005,0.06962088495492935
YPL061W,YHR113W,0,2.6383471,0.38590309023857117,0.43668994307518005,0.06972091645002365
YAL005C,YBR162C,1,2.637241,0.3864436745643616,0.437686949968338,0.06972091645002365
YJR004C,YAL063C,1,2.635292,0.3869832754135132,0.43868395686149597,0.06972091645002365
YGL122C,YBR005W,0,2.6349516,0.3866432309150696,0.43868395686149597,0.06982094794511795
YCR002C,YML052W,1,2.6346824,0.38718172907829285,0.43968096375465393,0.06982094794511795
YDR380W,YOR155C,0,2.633326,0.38684210181236267,0.43968096375465393,0.06992097944021225
YBL054W,YMR006C,0,2.6283417,0.38650307059288025,0.43968096375465393,0.07002100348472595
YLR411W,YBR301W,0,2.628314,0.3861646354198456,0.43968096375465393,0.07012103497982025
YML012W,YGL089C,0,2.627244,0.3858267664909363,0.43968096375465393,0.07022106647491455
YLR314C,YJL158C,1,2.6263444,0.3863636255264282,0.4406779706478119,0.07022106647491455
YPL130W,YOR242C,1,2.6261044,0.38689956068992615,0.44167497754096985,0.07022106647491455
YOR271C,YOR045W,0,2.6249623,0.38656195998191833,0.44167497754096985,0.07032109797000885
YBR191W,YHR056C,0,2.6249518,0.3862249255180359,0.44167497754096985,0.07042112946510315
YDR513W,YFL010W-A,0,2.6248488,0.3858884871006012,0.44167497754096985,0.07052115350961685
YJL097W,YCL068C,0,2.6238341,0.38555264472961426,0.44167497754096985,0.07062118500471115
YJR076C,YBR093C,1,2.622854,0.38608697056770325,0.4426719844341278,0.07062118500471115
YLR293C,YGR080W,0,2.6224108,0.38575151562690735,0.4426719844341278,0.07072121649980545
YKR103W,YOR254C,0,2.620925,0.3854166567325592,0.4426719844341278,0.07082124799489975
YLR327C,YHR001W-A,0,2.6204925,0.3850823938846588,0.4426719844341278,0.07092127948999405
YJL056C,YMR022W,0,2.6176996,0.3847486972808838,0.4426719844341278,0.07102130353450775
YGL192W,YIL014W,0,2.6171334,0.3844155967235565,0.4426719844341278,0.07112133502960205
YNL128W,YOR009W,0,2.6155834,0.3840830326080322,0.4426719844341278,0.07122136652469635
YOR315W,YGR281W,0,2.6103547,0.3837510943412781,0.4426719844341278,0.07132139801979065
YGR238C,YJL158C,0,2.608307,0.3834196925163269,0.4426719844341278,0.07142142951488495
YBL085W,YLR448W,0,2.606254,0.3830888569355011,0.4426719844341278,0.07152145355939865
YBR208C,YNL274C,0,2.6041312,0.38275861740112305,0.4426719844341278,0.07162148505449295
YNL238W,YFR032C-A,0,2.6013403,0.38242894411087036,0.4426719844341278,0.07172151654958725
YMR008C,YGL098W,0,2.6001697,0.38209983706474304,0.4426719844341278,0.07182154804468155
YGR135W,YLR054C,0,2.5981197,0.3817712664604187,0.4426719844341278,0.07192157953977585
YOL154W,YLR194C,1,2.5971766,0.3823024034500122,0.44366899132728577,0.07192157953977585
YER056C,YOL003C,0,2.5965328,0.3819742500782013,0.44366899132728577,0.07202160358428955
YLR286C,YMR008C,1,2.5943677,0.38250428438186646,0.4446659982204437,0.07202160358428955
YER053C,YLL022C,0,2.5880985,0.3821765184402466,0.4446659982204437,0.07212163507938385
YLR084C,YKL096W-A,1,2.5844483,0.3827054798603058,0.4456630051136017,0.07212163507938385
YIL011W,YNL190W,1,2.5841703,0.38323354721069336,0.44666001200675964,0.07212163507938385
YDR522C,YOR242C,1,2.5836725,0.3837606906890869,0.4476570188999176,0.07212163507938385
YJL103C,YDL146W,0,2.5830536,0.38343295454978943,0.4476570188999176,0.07222166657447815
YJR103W,YER091C,0,2.5830104,0.3831058144569397,0.4476570188999176,0.07232169806957245
YKR058W,YPR143W,0,2.5826514,0.38277921080589294,0.4476570188999176,0.07242172956466675
YLR244C,YAL054C,0,2.5815444,0.38245314359664917,0.4476570188999176,0.07252175360918045
YOR176W,YGL192W,0,2.581346,0.38212767243385315,0.4476570188999176,0.07262178510427475
YGL135W,YOR155C,0,2.581215,0.3818027079105377,0.4476570188999176,0.07272181659936905
YDL091C,YPR187W,0,2.581063,0.38147833943367004,0.4476570188999176,0.07282184809446335
YAL048C,YDL060W,0,2.5807319,0.38115450739860535,0.4476570188999176,0.07292187958955765
YGR282C,YKR042W,1,2.5803313,0.38167938590049744,0.44865402579307556,0.07292187958955765
YCL025C,YDR464W,0,2.574664,0.3813559412956238,0.44865402579307556,0.07302190363407135
YPR008W,YKL180W,0,2.5736883,0.3810330331325531,0.44865402579307556,0.07312193512916565
YJL052W,YJL171C,1,2.5722466,0.3815566897392273,0.4496510326862335,0.07312193512916565
YPL163C,YJR117W,0,2.5717058,0.38123413920402527,0.4496510326862335,0.07322196662425995
YHR211W,YGR192C,1,2.5711827,0.3817567527294159,0.45064806938171387,0.07322196662425995
YDR104C,YIR039C,1,2.5689733,0.3822784721851349,0.4516450762748718,0.07322196662425995
YGR040W,YMR053C,0,2.5673227,0.38195616006851196,0.4516450762748718,0.07332199811935425
YJR078W,YHR085W,0,2.564911,0.381634384393692,0.4516450762748718,0.07342202961444855
YIL156W,YCR087C-A,0,2.5641434,0.38131314516067505,0.4516450762748718,0.07352205365896225
YOR273C,YHR092C,0,2.5616605,0.38099244236946106,0.4516450762748718,0.07362208515405655
YKL038W,YHR039C-A,0,2.5615966,0.38067227602005005,0.4516450762748718,0.07372211664915085
YDR245W,YOR063W,0,2.5608191,0.380352646112442,0.4516450762748718,0.07382214814424515
YCR040W,YGL222C,0,2.5585618,0.38003355264663696,0.4516450762748718,0.07392217963933945
YPL140C,YNL208W,0,2.5578609,0.3797149956226349,0.4516450762748718,0.07402220368385315
YLR026C,YBR066C,0,2.5572252,0.3793969750404358,0.4516450762748718,0.07412223517894745
YAL044C,YDR018C,0,2.5571823,0.3790794909000397,0.4516450762748718,0.07422226667404175
YKL096W-A,YMR008C,1,2.556567,0.3795986473560333,0.4526420831680298,0.07422226667404175
YBL092W,YBR072W,0,2.5552773,0.37928155064582825,0.4526420831680298,0.07432229816913605
YEL040W,YKR042W,1,2.5551486,0.37979966402053833,0.45363909006118774,0.07432229816913605
YGR192C,YMR008C,1,2.553187,0.38031694293022156,0.4546360969543457,0.07432229816913605
YOL155C,YPR036W,0,2.552971,0.3799999952316284,0.4546360969543457,0.07442232966423035
YBR243C,YPR192W,0,2.552458,0.37968358397483826,0.4546360969543457,0.07452235370874405
YLR109W,YPL134C,0,2.550802,0.3793677091598511,0.4546360969543457,0.07462238520383835
YER086W,YOL157C,0,2.550694,0.37905237078666687,0.4546360969543457,0.07472241669893265
YOL071W,YJR120W,0,2.5498028,0.37873753905296326,0.4546360969543457,0.07482244819402695
YBR141C,YOR288C,0,2.5492516,0.3784232437610626,0.4546360969543457,0.07492247968912125
YDL024C,YLR155C,1,2.5475926,0.3789386451244354,0.45563310384750366,0.07492247968912125
YLR213C,YGR027C,0,2.5464303,0.37862467765808105,0.45563310384750366,0.07502250373363495
YMR006C,YER011W,1,2.5463998,0.3791390657424927,0.4566301107406616,0.07502250373363495
YBR297W,YIL039W,0,2.5439005,0.37882548570632935,0.4566301107406616,0.07512253522872925
YER036C,YLR304C,0,2.5437226,0.3785123825073242,0.4566301107406616,0.07522256672382355
YIL123W,YKR042W,1,2.5427923,0.3790256083011627,0.4576271176338196,0.07522256672382355
YDL210W,YJL096W,0,2.5426497,0.37871286273002625,0.4576271176338196,0.07532259821891785
YLR075W,YDR358W,0,2.5416725,0.37840065360069275,0.4576271176338196,0.07542262971401215
YDR019C,YFR040W,0,2.5413733,0.37808895111083984,0.4576271176338196,0.07552265375852585
YGL030W,YGL144C,0,2.539677,0.3777777850627899,0.4576271176338196,0.07562268525362015
YIL011W,YGR059W,1,2.5376823,0.37828946113586426,0.45862412452697754,0.07562268525362015
YDL078C,YLR385C,0,2.5372586,0.3779786229133606,0.45862412452697754,0.07572271674871445
YGL212W,YPR194C,0,2.5321512,0.3776683211326599,0.45862412452697754,0.07582274824380875
YGR295C,YLR318W,0,2.5321152,0.37735849618911743,0.45862412452697754,0.07592277973890305
YPL060W,YLR189C,0,2.529502,0.37704917788505554,0.45862412452697754,0.07602280378341675
YOR190W,YDR534C,1,2.529366,0.3775593638420105,0.4596211314201355,0.07602280378341675
YOR382W,YDR359C,0,2.528214,0.37725040316581726,0.4596211314201355,0.07612283527851105
YDL171C,YOR294W,0,2.5279894,0.3769419491291046,0.4596211314201355,0.07622286677360535
YMR215W,YPR026W,1,2.5272198,0.37745097279548645,0.46061813831329346,0.07622286677360535
YIR012W,YDR347W,0,2.5271754,0.37714284658432007,0.46061813831329346,0.07632289826869965
YOR351C,YDR528W,0,2.5264087,0.3768352270126343,0.46061813831329346,0.07642292976379395
YHR139C,YJL078C,1,2.5260587,0.3773431181907654,0.4616151452064514,0.07642292976379395
YJR150C,YOR010C,1,2.524984,0.37785017490386963,0.4626121520996094,0.07642292976379395
YDR218C,YHR172W,0,2.5241547,0.3775427043437958,0.4626121520996094,0.07652295380830765
YMR182C,YDR201W,0,2.5240164,0.3772357702255249,0.4626121520996094,0.07662298530340195
YLR150W,YKL085W,0,2.523468,0.37692931294441223,0.4626121520996094,0.07672301679849625
YMR171C,YMR215W,0,2.5229902,0.37662336230278015,0.4626121520996094,0.07682304829359055
YBL100W-B,YDR168W,0,2.5227976,0.37631791830062866,0.4626121520996094,0.07692307978868484
YGR059W,YMR238W,1,2.5217674,0.3768233358860016,0.46360915899276733,0.07692307978868484
YLR300W,YPL130W,1,2.5198889,0.37732794880867004,0.4646061956882477,0.07692307978868484
YGR175C,YJL057C,0,2.5178325,0.3770226538181305,0.4646061956882477,0.07702310383319855
YBR067C,YJL171C,1,2.5172956,0.37752628326416016,0.46560320258140564,0.07702310383319855
YNL065W,YML088W,0,2.5172253,0.37722131609916687,0.46560320258140564,0.07712313532829285
YOL154W,YLR040C,1,2.5164332,0.37772396206855774,0.4666002094745636,0.07712313532829285
YHR139C,YMR251W-A,1,2.5146313,0.37822580337524414,0.46759721636772156,0.07712313532829285
YAL007C,YBR082C,0,2.511747,0.37792104482650757,0.46759721636772156,0.07722316682338715
YHR185C,YOR230W,0,2.511561,0.3776167333126068,0.46759721636772156,0.07732319831848145
YKL165C,YOR190W,1,2.5114481,0.37811747193336487,0.4685942232608795,0.07732319831848145
YLR106C,YKL060C,0,2.5109315,0.37781351804733276,0.4685942232608795,0.07742322981357574
YDR091C,YER130C,0,2.5108194,0.37751004099845886,0.4685942232608795,0.07752325385808945
YDR197W,YNL161W,0,2.5104334,0.37720707058906555,0.4685942232608795,0.07762328535318375
YFR005C,YKR075C,0,2.5082808,0.37690457701683044,0.4685942232608795,0.07772331684827805
YDR530C,YNL102W,0,2.5051136,0.37660256028175354,0.4685942232608795,0.07782334834337234
YKR058W,YNL096C,0,2.5049596,0.3763010501861572,0.4685942232608795,0.07792337983846664
YKR075C,YAL058W,0,2.5039587,0.37599998712539673,0.4685942232608795,0.07802340388298035
YDR077W,YKR059W,0,2.5035028,0.3756994307041168,0.4685942232608795,0.07812343537807465
YPL163C,YMR006C,1,2.5024378,0.37619808316230774,0.4695912301540375,0.07812343537807465
YBR248C,YOR195W,0,2.5018141,0.3758978545665741,0.4695912301540375,0.07822346687316895
YOR190W,YKL163W,1,2.50085,0.3763955235481262,0.47058823704719543,0.07822346687316895
YGR143W,YOR230W,0,2.499124,0.37609562277793884,0.47058823704719543,0.07832349836826324
YKR102W,YEL040W,1,2.4969509,0.37659236788749695,0.4715852439403534,0.07832349836826324
YML094W,YPR042C,0,2.4953403,0.37629276514053345,0.4715852439403534,0.07842352986335754
YFR050C,YBL075C,0,2.4951282,0.37599363923072815,0.4715852439403534,0.07852355390787125
YCL069W,YPL183W-A,0,2.4948006,0.37569499015808105,0.4715852439403534,0.07862358540296555
YJL005W,YBL075C,0,2.4925344,0.37539681792259216,0.4715852439403534,0.07872361689805984
YHR139C,YDR077W,1,2.490972,0.37589216232299805,0.47258225083351135,0.07872361689805984
YGR134W,YNR021W,0,2.4904919,0.37559428811073303,0.47258225083351135,0.07882364839315414
YEL050C,YNL301C,0,2.4903069,0.3752969205379486,0.47258225083351135,0.07892367988824844
YDR087C,YGR225W,0,2.4872408,0.375,0.47258225083351135,0.07902370393276215
YHR108W,YGL198W,0,2.4869866,0.3747035562992096,0.47258225083351135,0.07912373542785645
YMR093W,YFR008W,0,2.4862676,0.3744075894355774,0.47258225083351135,0.07922376692295074
YBR078W,YNL300W,1,2.4861968,0.37490135431289673,0.4735792577266693,0.07922376692295074
YOR383C,YDR134C,1,2.4841244,0.3753943145275116,0.47457626461982727,0.07922376692295074
YLR035C-A,YLR115W,0,2.4840112,0.37509849667549133,0.47457626461982727,0.07932379841804504
YBR067C,YBR040W,1,2.4837222,0.37559056282043457,0.47557327151298523,0.07932379841804504
YJL125C,YPL196W,0,2.4831905,0.3752950429916382,0.47557327151298523,0.07942382991313934
YBR054W,YGR046W,0,2.4829628,0.375,0.47557327151298523,0.07952385395765305
YML004C,YBR297W,0,2.4825757,0.37470543384552,0.47557327151298523,0.07962388545274734
YMR276W,YBR043C,0,2.4821029,0.37441131472587585,0.47557327151298523,0.07972391694784164
YMR242C,YLR248W,0,2.4817586,0.3741176426410675,0.47557327151298523,0.07982394844293594
YGR225W,YLR079W,0,2.477718,0.37382444739341736,0.47557327151298523,0.07992397993803024
YKR097W,YMR063W,0,2.4775395,0.3735317289829254,0.47557327151298523,0.08002400398254395
YIL094C,YLR121C,0,2.4766927,0.3732394278049469,0.47557327151298523,0.08012403547763824
YLR314C,YLR300W,1,2.4717786,0.3737294673919678,0.4765702784061432,0.08012403547763824
YNL217W,YLR301W,0,2.4705653,0.3734374940395355,0.4765702784061432,0.08022406697273254
YOR214C,YOR010C,1,2.4683402,0.3739266097545624,0.47756728529930115,0.08022406697273254
YMR282C,YOR338W,0,2.4671721,0.373634934425354,0.47756728529930115,0.08032409846782684
YBL072C,YJL124C,0,2.4666781,0.37334373593330383,0.47756728529930115,0.08042412996292114
YBR036C,YCR098C,0,2.4661286,0.3730529546737671,0.47756728529930115,0.08052415400743484
YIL042C,YCR098C,0,2.4631386,0.37276265025138855,0.47756728529930115,0.08062418550252914
YDL084W,YBR173C,0,2.4622366,0.3724727928638458,0.47756728529930115,0.08072421699762344
YKL039W,YOR091W,0,2.4607592,0.3721833825111389,0.47756728529930115,0.08082424849271774
YNL181W,YHR005C,0,2.4600103,0.3718944191932678,0.47756728529930115,0.08092427998781204
YIL052C,YGL244W,0,2.4565263,0.37160590291023254,0.47756728529930115,0.08102430403232574
YNL280C,YGR208W,0,2.4526489,0.3713178336620331,0.47756728529930115,0.08112433552742004
YLR390W-A,YOR382W,1,2.4522896,0.371804803609848,0.4785642921924591,0.08112433552742004
YDR074W,YLR035C-A,0,2.4520283,0.37151703238487244,0.4785642921924591,0.08122436702251434
YHL026C,YPL090C,0,2.451181,0.37122970819473267,0.4785642921924591,0.08132439851760864
YMR179W,YGL191W,0,2.4505181,0.3709428012371063,0.4785642921924591,0.08142443001270294
YBR187W,YBR080C,0,2.450348,0.3706563711166382,0.4785642921924591,0.08152445405721664
YDR077W,YGL203C,0,2.4481246,0.37037035822868347,0.4785642921924591,0.08162448555231094
YCL051W,YKL164C,1,2.4463816,0.37085580825805664,0.47956132888793945,0.08162448555231094
YIL037C,YML042W,0,2.4453292,0.3705700933933258,0.47956132888793945,0.08172451704740524
YOL144W,YIL011W,0,2.4442096,0.3702848255634308,0.47956132888793945,0.08182454854249954
YGR281W,YCL059C,0,2.442257,0.3700000047683716,0.47956132888793945,0.08192458003759384
YJL190C,YHL004W,0,2.4416263,0.3697156012058258,0.47956132888793945,0.08202460408210754
YJL001W,YDL148C,0,2.4415321,0.36943164467811584,0.47956132888793945,0.08212463557720184
YMR012W,YLL033W,0,2.4403658,0.3691481053829193,0.47956132888793945,0.08222466707229614
YPL004C,YLR228C,0,2.4383407,0.368865042924881,0.47956132888793945,0.08232469856739044
YDR529C,YJR123W,0,2.436617,0.3685823678970337,0.47956132888793945,0.08242473006248474
YEL027W,YPL189W,0,2.4353132,0.3683001399040222,0.47956132888793945,0.08252475410699844
YBR023C,YKR103W,0,2.4348755,0.36801835894584656,0.47956132888793945,0.08262478560209274
YBR191W,YBL090W,0,2.4331317,0.3677369952201843,0.47956132888793945,0.08272481709718704
YER036C,YJL102W,0,2.432597,0.3674560785293579,0.47956132888793945,0.08282484859228134
YJL159W,YEL040W,1,2.4300418,0.36793893575668335,0.4805583357810974,0.08282484859228134
YDR534C,YLR213C,1,2.4299693,0.3684210479259491,0.48155534267425537,0.08282484859228134
YMR146C,YJL164C,0,2.4296598,0.36814025044441223,0.48155534267425537,0.08292488008737564
YKL150W,YBR180W,0,2.428842,0.3678598701953888,0.48155534267425537,0.08302490413188934
YER086W,YDL197C,0,2.4279797,0.3675799071788788,0.48155534267425537,0.08312493562698364
YDR365C,YDR281C,0,2.425986,0.3673003911972046,0.48155534267425537,0.08322496712207794
YNL310C,YJR120W,0,2.424584,0.36702126264572144,0.48155534267425537,0.08332499861717224
YCR002C,YBR093C,1,2.423551,0.3675018846988678,0.48255234956741333,0.08332499861717224
YKL043W,YMR230W,0,2.423543,0.3672230541706085,0.48255234956741333,0.08342503011226654
YOR004W,YGR086C,0,2.421948,0.36694464087486267,0.48255234956741333,0.08352505415678024
YPR106W,YDR454C,0,2.421726,0.36666667461395264,0.48255234956741333,0.08362508565187454
YPL036W,YOR201C,0,2.4213305,0.36638909578323364,0.48255234956741333,0.08372511714696884
YNR067C,YMR251W-A,1,2.4212074,0.36686837673187256,0.4835493564605713,0.08372511714696884
YJL164C,YMR274C,0,2.4168794,0.36659106612205505,0.4835493564605713,0.08382514864206314
YNL138W,YLL018C-A,0,2.4168024,0.36631420254707336,0.4835493564605713,0.08392518013715744
YIL011W,YJL159W,1,2.4139452,0.3667924404144287,0.48454636335372925,0.08392518013715744
YHR139C,YGL223C,0,2.4127965,0.3665158450603485,0.48454636335372925,0.08402520418167114
YMR002W,YOR233W,0,2.4100099,0.36623963713645935,0.48454636335372925,0.08412523567676544
YOL140W,YHL036W,0,2.4086537,0.3659638464450836,0.48454636335372925,0.08422526717185974
YER106W,YDL114W,0,2.4077654,0.3656884729862213,0.48454636335372925,0.08432529866695404
YPL061W,YJR054W,0,2.4073381,0.3654135465621948,0.48454636335372925,0.08442533016204834
YKL024C,YKL094W,0,2.4062793,0.3651390075683594,0.48454636335372925,0.08452535420656204
YOL132W,YIR032C,0,2.4059153,0.36486485600471497,0.48454636335372925,0.08462538570165634
YPR192W,YOR204W,0,2.4049544,0.36459115147590637,0.48454636335372925,0.08472541719675064
YOR145C,YIL148W,0,2.4046543,0.3643178343772888,0.48454636335372925,0.08482544869184494
YHR139C,YHR143W,1,2.4041183,0.3647940158843994,0.4855433702468872,0.08482544869184494
YLR314C,YIR039C,1,2.4034317,0.3652694523334503,0.48654037714004517,0.08482544869184494
YCR002C,YIL011W,1,2.4013042,0.3657442033290863,0.4875373840332031,0.08482544869184494
YDL085W,YNL151C,0,2.4011507,0.36547085642814636,0.4875373840332031,0.08492548018693924
YMR213W,YDL095W,0,2.3993623,0.36519789695739746,0.4875373840332031,0.08502550423145294
YLR183C,YFL061W,0,2.3988461,0.3649253845214844,0.4875373840332031,0.08512553572654724
YBL056W,YBR121C,0,2.3985987,0.36465322971343994,0.4875373840332031,0.08522556722164154
YLL067C,YBR016W,0,2.3984804,0.3643815219402313,0.4875373840332031,0.08532559871673584
YNL027W,YHR092C,0,2.3944468,0.36411020159721375,0.4875373840332031,0.08542563021183014
YIL011W,YMR008C,1,2.3925223,0.3645833432674408,0.4885343909263611,0.08542563021183014
YOR306C,YLR367W,0,2.3907726,0.3643122613430023,0.4885343909263611,0.08552565425634384
YBL113C,YHR099W,0,2.3906298,0.36404159665107727,0.4885343909263611,0.08562568575143814
YBR218C,YER138C,0,2.3899202,0.36377134919166565,0.4885343909263611,0.08572571724653244
YAL044C,YER025W,0,2.3899047,0.36350148916244507,0.4885343909263611,0.08582574874162674
YDR025W,YHR076W,0,2.3883333,0.3632320165634155,0.4885343909263611,0.08592578023672104
YCR072C,YGR055W,0,2.3851671,0.3629629611968994,0.4885343909263611,0.08602580428123474
YOL127W,YGL227W,0,2.3846288,0.36269429326057434,0.4885343909263611,0.08612583577632904
YMR025W,YGL127C,0,2.3839712,0.3624260425567627,0.4885343909263611,0.08622586727142334
YDR174W,YJR083C,0,2.3835287,0.3621581792831421,0.4885343909263611,0.08632589876651764
YKL096W-A,YLR194C,1,2.3831396,0.362629234790802,0.48953139781951904,0.08632589876651764
YLR307W,YDR055W,1,2.383084,0.3630996346473694,0.490528404712677,0.08632589876651764
YHR161C,YML052W,0,2.3829327,0.36283186078071594,0.490528404712677,0.08642593026161194
YDR330W,YDL136W,0,2.3820136,0.36256447434425354,0.490528404712677,0.08652595430612564
YHR006W,YHR179W,0,2.3812294,0.36229750514030457,0.490528404712677,0.08662598580121994
YNL297C,YOR384W,0,2.3778188,0.36203089356422424,0.490528404712677,0.08672601729631424
YLR042C,YAL040C,0,2.3773417,0.36176469922065735,0.490528404712677,0.08682604879140854
YGR211W,YER159C,0,2.3769195,0.3614988923072815,0.490528404712677,0.08692608028650284
YDL184C,YLR264W,0,2.3758469,0.3612334728240967,0.490528404712677,0.08702610433101654
YLR084C,YOR382W,1,2.3755698,0.3617021143436432,0.49152541160583496,0.08702610433101654
YJR055W,YOR374W,0,2.3726504,0.36143696308135986,0.49152541160583496,0.08712613582611084
YGR192C,YKR042W,1,2.368429,0.3619047701358795,0.4925224184989929,0.08712613582611084
YMR238W,YEL040W,1,2.3675885,0.36237189173698425,0.49351945519447327,0.08712613582611084
YHL028W,YBR031W,0,2.3673656,0.3621068000793457,0.49351945519447327,0.08722616732120514
YDR047W,YDR317W,0,2.3664117,0.3618420958518982,0.49351945519447327,0.08732619881629944
YGL028C,YDR134C,1,2.366166,0.3623082637786865,0.4945164620876312,0.08732619881629944
YER072W,YNR048W,0,2.3651953,0.3620437979698181,0.4945164620876312,0.08742623031139374
YBL068W,YLR193C,0,2.3645697,0.36177971959114075,0.4945164620876312,0.08752625435590744
YMR235C,YOL109W,0,2.3638933,0.3615160286426544,0.4945164620876312,0.08762628585100174
YOR001W,YBR078W,0,2.36377,0.36125272512435913,0.4945164620876312,0.08772631734609604
YNR038W,YNL274C,0,2.3636308,0.3609898090362549,0.4945164620876312,0.08782634884119034
YCR018C,YDR381W,0,2.3635306,0.3607272803783417,0.4945164620876312,0.08792638033628464
YBR031W,YKL074C,0,2.3617363,0.3604651093482971,0.4945164620876312,0.08802640438079834
YPL273W,YHR008C,0,2.3615036,0.3602033257484436,0.4945164620876312,0.08812643587589264
YBR005W,YMR038C,0,2.3605776,0.3599419593811035,0.4945164620876312,0.08822646737098694
YER033C,YNL151C,0,2.3595934,0.3596809208393097,0.4945164620876312,0.08832649886608124
YMR118C,YER049W,0,2.3557549,0.3594202995300293,0.4945164620876312,0.08842653036117554
YJR117W,YNL001W,0,2.354846,0.35916003584861755,0.4945164620876312,0.08852655440568924
YAL019W,YDR343C,0,2.3548312,0.35890015959739685,0.4945164620876312,0.08862658590078354
YIL130W,YBR294W,0,2.3545575,0.3586406409740448,0.4945164620876312,0.08872661739587784
YMR054W,YML087C,0,2.3544116,0.3583815097808838,0.4945164620876312,0.08882664889097214
YCR031C,YDR472W,0,2.35376,0.35812273621559143,0.4945164620876312,0.08892668038606644
YBR218C,YAR015W,0,2.3537004,0.3578643500804901,0.4945164620876312,0.08902670443058014
YGL171W,YPL119C,0,2.352273,0.35760635137557983,0.4945164620876312,0.08912673592567444
YDR383C,YER148W,0,2.3521113,0.3573487102985382,0.4945164620876312,0.08922676742076874
YML133C,YOR232W,0,2.3509133,0.35709142684936523,0.4945164620876312,0.08932679891586304
YOR096W,YNL127W,0,2.3506541,0.3568345308303833,0.4945164620876312,0.08942683041095734
YPR002W,YLR325C,0,2.3495684,0.35657799243927,0.4945164620876312,0.08952685445547104
YBR092C,YPL141C,0,2.3494623,0.3563218414783478,0.4945164620876312,0.08962688595056534
YLL048C,YCL025C,0,2.3481698,0.3560660481452942,0.4945164620876312,0.08972691744565964
YBR211C,YLL018C-A,0,2.3449922,0.35581061244010925,0.4945164620876312,0.08982694894075394
YDR318W,YBR181C,0,2.3445776,0.35555556416511536,0.4945164620876312,0.08992698043584824
YCL069W,YGR234W,0,2.3445737,0.3553008735179901,0.4945164620876312,0.09002700448036194
YLR110C,YLR157C,1,2.3424983,0.3557623624801636,0.4955134689807892,0.09002700448036194
YDL149W,YNL102W,0,2.3418703,0.35550788044929504,0.4955134689807892,0.09012703597545624
YDR297W,YJR094W-A,0,2.3406558,0.35525375604629517,0.4955134689807892,0.09022706747055054
YCR089W,YDR261C,1,2.3405788,0.3557142913341522,0.49651047587394714,0.09022706747055054
YJL159W,YJR009C,1,2.3400517,0.35617417097091675,0.4975074827671051,0.09022706747055054
YOR047C,YML042W,0,2.3400383,0.35592010617256165,0.4975074827671051,0.09032709896564484
YDR300C,YMR149W,0,2.3395376,0.3556664288043976,0.4975074827671051,0.09042713046073914
YJL190C,YHR157W,0,2.3391936,0.3554131090641022,0.4975074827671051,0.09052715450525284
YOR066W,YDL130W,0,2.3373694,0.3551601469516754,0.4975074827671051,0.09062718600034714
YFR006W,YEL059C-A,0,2.3362908,0.3549075424671173,0.4975074827671051,0.09072721749544144
YJL012C,YPR137W,0,2.334804,0.35465529561042786,0.4975074827671051,0.09082724899053574
YOR206W,YBR101C,0,2.3331108,0.35440340638160706,0.4975074827671051,0.09092728048563004
YER131W,YKR020W,0,2.3313377,0.3541518747806549,0.4975074827671051,0.09102730453014374
YFL010W-A,YFL004W,0,2.329155,0.3539007008075714,0.4975074827671051,0.09112733602523804
YLR307W,YGR282C,1,2.3282645,0.35435861349105835,0.49850448966026306,0.09112733602523804
YER038C,YJR102C,0,2.3274388,0.35410764813423157,0.49850448966026306,0.09122736752033234
YJL216C,YMR257C,0,2.326452,0.35385704040527344,0.49850448966026306,0.09132739901542664
YJR123W,YNL274C,0,2.3261962,0.35360679030418396,0.49850448966026306,0.09142743051052094
YDR531W,YJL190C,0,2.3237348,0.35335689783096313,0.49850448966026306,0.09152745455503464
YNL293W,YPR119W,0,2.322246,0.3531073331832886,0.49850448966026306,0.09162748605012894
YLR329W,YER002W,0,2.3218658,0.35285815596580505,0.49850448966026306,0.09172751754522324
YMR184W,YJL078C,0,2.3217494,0.3526093065738678,0.49850448966026306,0.09182754904031754
YLL033W,YNL036W,0,2.3212361,0.3523608148097992,0.49850448966026306,0.09192758053541183
YJL219W,YJR104C,0,2.3209653,0.35211268067359924,0.49850448966026306,0.09202760457992554
YAR050W,YLR037C,1,2.320959,0.3525686264038086,0.499501496553421,0.09202760457992554
YDR361C,YCL057W,0,2.320363,0.35232067108154297,0.499501496553421,0.09212763607501984
YJL056C,YDR018C,0,2.3198576,0.352073073387146,0.499501496553421,0.09222766757011414
YGR214W,YDR472W,0,2.3196123,0.3518258333206177,0.499501496553421,0.09232769906520844
YMR208W,YAL043C,0,2.3193932,0.351578950881958,0.499501496553421,0.09242773056030273
YIL123W,YJR151C,1,2.3193326,0.35203367471694946,0.5004985332489014,0.09242773056030273
YOR386W,YPL135W,0,2.319209,0.3517869710922241,0.5004985332489014,0.09252775460481644
YMR242C,YDL190C,0,2.3177261,0.35154062509536743,0.5004985332489014,0.09262778609991074
YGR279C,YLR390W-A,1,2.3176775,0.3519943952560425,0.5014955401420593,0.09262778609991074
YDR219C,YCL035C,0,2.3164716,0.3517482578754425,0.5014955401420593,0.09272781759500504
YOL061W,YPL036W,0,2.315926,0.3515024483203888,0.5014955401420593,0.09282784909009933
YDR473C,YFR032C-A,0,2.3132906,0.35125699639320374,0.5014955401420593,0.09292788058519363
YGL142C,YGR161C,0,2.3132706,0.35101187229156494,0.5014955401420593,0.09302791208028793
YKL046C,YKR102W,1,2.3132274,0.3514644205570221,0.5024925470352173,0.09302791208028793
YHR143W,YGL115W,0,2.3118143,0.35121950507164,0.5024925470352173,0.09312793612480164
YNL045W,YOL154W,0,2.3110962,0.3509749174118042,0.5024925470352173,0.09322796761989594
YLR160C,YDL024C,1,2.3097577,0.3514265716075897,0.5034895539283752,0.09322796761989594
YBL005W,YNR001C,0,2.3056831,0.3511821925640106,0.5034895539283752,0.09332799911499023
YOR332W,YHR051W,0,2.305306,0.3509381413459778,0.5034895539283752,0.09342803061008453
YLR438C-A,YGL006W,0,2.3042057,0.3506944477558136,0.5034895539283752,0.09352806210517883
YLR088W,YFL045C,0,2.299161,0.3504510819911957,0.5034895539283752,0.09362808614969254
YLR411W,YPR173C,0,2.2986178,0.350208044052124,0.5034895539283752,0.09372811764478683
YKL062W,YAL058W,0,2.2983332,0.349965363740921,0.5034895539283752,0.09382814913988113
YNL052W,YJR132W,0,2.297711,0.3497229814529419,0.5034895539283752,0.09392818063497543
YMR118C,YER145C,0,2.297255,0.3494809567928314,0.5034895539283752,0.09402821213006973
YKL179C,YER167W,0,2.2966955,0.3492392897605896,0.5034895539283752,0.09412823617458344
YHR133C,YPL113C,0,2.2958133,0.34899792075157166,0.5034895539283752,0.09422826766967773
YJL212C,YDR120C,0,2.2951665,0.34875690937042236,0.5034895539283752,0.09432829916477203
YKL077W,YMR175W,0,2.2941742,0.34851622581481934,0.5034895539283752,0.09442833065986633
YDR287W,YNL010W,0,2.291803,0.3482758700847626,0.5034895539283752,0.09452836215496063
YHR143W,YDR144C,1,2.288828,0.34872502088546753,0.5044865608215332,0.09452836215496063
YOR176W,YDR144C,0,2.2879064,0.3484848439693451,0.5044865608215332,0.09462838619947433
YNL051W,YJR123W,0,2.2878256,0.3482450246810913,0.5044865608215332,0.09472841769456863
YGR029W,YMR229C,0,2.2870111,0.3480055034160614,0.5044865608215332,0.09482844918966293
YDR513W,YGL016W,0,2.2862263,0.34776630997657776,0.5044865608215332,0.09492848068475723
YOR237W,YIL039W,0,2.2855654,0.34752747416496277,0.5044865608215332,0.09502851217985153
YHL028W,YMR179W,0,2.2844796,0.34728893637657166,0.5044865608215332,0.09512853622436523
YCL074W,YDL070W,0,2.2843847,0.3470507562160492,0.5044865608215332,0.09522856771945953
YDL083C,YMR195W,0,2.2835803,0.3468128740787506,0.5044865608215332,0.09532859921455383
YJR150C,YLL024C,1,2.2822905,0.3472602665424347,0.5054835677146912,0.09532859921455383
YEL017C-A,YGR217W,0,2.282185,0.3470225930213928,0.5054835677146912,0.09542863070964813
YPR067W,YPR016C,0,2.2819977,0.34678521752357483,0.5054835677146912,0.09552866220474243
YGR175C,YJR016C,0,2.2811718,0.3465481996536255,0.5054835677146912,0.09562868624925613
YBR214W,YKL061W,0,2.2804193,0.3463114798069,0.5054835677146912,0.09572871774435043
YML124C,YHR089C,0,2.2801492,0.3460750877857208,0.5054835677146912,0.09582874923944473
YGL045W,YMR033W,0,2.2798178,0.3458390235900879,0.5054835677146912,0.09592878073453903
YOR010C,YLR037C,1,2.2782419,0.3462849259376526,0.5064805746078491,0.09592878073453903
YMR250W,YLR268W,0,2.276252,0.346049040555954,0.5064805746078491,0.09602881222963333
YLR251W,YBR240C,0,2.2752485,0.34581348299980164,0.5064805746078491,0.09612883627414703
YJL052W,YJR150C,1,2.2751675,0.3462584912776947,0.5074775815010071,0.09612883627414703
YDL095W,YLR083C,0,2.275021,0.3460231125354767,0.5074775815010071,0.09622886776924133
YGL067W,YDL243C,0,2.274899,0.34578803181648254,0.5074775815010071,0.09632889926433563
YGL129C,YHR014W,0,2.2735114,0.34555327892303467,0.5074775815010071,0.09642893075942993
YLR325C,YDR231C,0,2.2727711,0.34531885385513306,0.5074775815010071,0.09652896225452423
YHR148W,YHR028C,0,2.2719607,0.3450847566127777,0.5074775815010071,0.09662898629903793
YLR042C,YKR048C,0,2.2715697,0.34485095739364624,0.5074775815010071,0.09672901779413223
YKR068C,YDR497C,0,2.2715435,0.34461745619773865,0.5074775815010071,0.09682904928922653
YDL035C,YML058W-A,0,2.2714958,0.3443843126296997,0.5074775815010071,0.09692908078432083
YIL053W,YOR326W,0,2.266933,0.34415146708488464,0.5074775815010071,0.09702911227941513
YOL111C,YKL164C,0,2.2664487,0.34391891956329346,0.5074775815010071,0.09712913632392883
YHR139C,YLL024C,1,2.265933,0.34436193108558655,0.508474588394165,0.09712913632392883
YOR382W,YLR130C,0,2.2655172,0.3441295623779297,0.508474588394165,0.09722916781902313
YOR010C,YKR042W,1,2.2653403,0.3445717990398407,0.509471595287323,0.09722916781902313
YLR239C,YOL059W,0,2.2651694,0.34433960914611816,0.509471595287323,0.09732919931411743
YNL066W,YDR261C,1,2.2640474,0.34478113055229187,0.510468602180481,0.09732919931411743
YBL039C,YDR328C,0,2.263926,0.34454911947250366,0.510468602180481,0.09742923080921173
YMR234W,YCL069W,0,2.2638278,0.34431740641593933,0.510468602180481,0.09752926230430603
YPL240C,YMR088C,0,2.2631118,0.34408602118492126,0.510468602180481,0.09762928634881973
YOR326W,YBR189W,0,2.2605083,0.3438549339771271,0.510468602180481,0.09772931784391403
YMR242C,YGL259W,0,2.2603354,0.34362417459487915,0.510468602180481,0.09782934933900833
YNL330C,YMR307W,0,2.2564957,0.3433936834335327,0.510468602180481,0.09792938083410263
YOR253W,YML074C,0,2.255404,0.34316354990005493,0.510468602180481,0.09802941232919693
YEL027W,YNL208W,0,2.2548614,0.34293368458747864,0.510468602180481,0.09812943637371063
YHR143W,YKL053C-A,0,2.2520952,0.3427041471004486,0.510468602180481,0.09822946786880493
YHR139C,YDR120C,0,2.2519805,0.34247490763664246,0.510468602180481,0.09832949936389923
YJR121W,YDR402C,0,2.2518535,0.34224599599838257,0.510468602180481,0.09842953085899353
YDR117C,YBR089C-A,0,2.2496192,0.34201738238334656,0.510468602180481,0.09852956235408783
YGR189C,YKR102W,1,2.2491686,0.3424566090106964,0.5114656090736389,0.09852956235408783
YLR084C,YLR286C,1,2.2488658,0.3428952693939209,0.5124626159667969,0.09852956235408783
YOR212W,YIL072W,0,2.2465093,0.3426666557788849,0.5124626159667969,0.09862958639860153
YGL030W,YCR046C,0,2.2463408,0.34243836998939514,0.5124626159667969,0.09872961789369583
YDR436W,YOR011W,0,2.245782,0.3422103822231293,0.5124626159667969,0.09882964938879013
YPL226W,YBR205W,0,2.2442374,0.3419826924800873,0.5124626159667969,0.09892968088388443
YKL164C,YER150W,1,2.2402644,0.34242022037506104,0.5134596228599548,0.09892968088388443
YCL059C,YDR451C,0,2.2383702,0.342192679643631,0.5134596228599548,0.09902971237897873
YAL005C,YNL160W,1,2.2381465,0.34262949228286743,0.5144566297531128,0.09902971237897873
YJL221C,YJL110C,0,2.2366505,0.3424021303653717,0.5144566297531128,0.09912973642349243
YDL084W,YBR112C,0,2.2341695,0.34217506647109985,0.5144566297531128,0.09922976791858673
YBR040W,YDR144C,1,2.2326775,0.34261101484298706,0.5154536366462708,0.09922976791858673
YLR307W,YNL300W,1,2.2323015,0.3430463671684265,0.5164506435394287,0.09922976791858673
YFL014W,YOR138C,0,2.230904,0.34281933307647705,0.5164506435394287,0.09932979941368103
YER155C,YPL004C,0,2.230338,0.34259259700775146,0.5164506435394287,0.09942983090877533
YOL155C,YLR037C,1,2.2296572,0.3430270850658417,0.5174476504325867,0.09942983090877533
YPL149W,YJL052W,0,2.2291093,0.3428005278110504,0.5174476504325867,0.09952986240386963
YJR151C,YNR044W,1,2.228478,0.3432343304157257,0.5184446573257446,0.09952986240386963
YLR224W,YNL322C,0,2.2262683,0.3430079221725464,0.5184446573257446,0.09962988644838333
YDL223C,YFL054C,0,2.224629,0.34278181195259094,0.5184446573257446,0.09972991794347763
YBR089C-A,YER091C,0,2.2237196,0.3425559997558594,0.5184446573257446,0.09982994943857193
YMR318C,YJL003W,0,2.2233753,0.3423304855823517,0.5184446573257446,0.09992998093366623
YLR307W,YLR040C,1,2.222127,0.34276315569877625,0.5194416642189026,0.09992998093366623
YPR032W,YIL120W,0,2.2220452,0.3425377905368805,0.5194416642189026,0.10003001242876053
YOR388C,YOR278W,0,2.2217364,0.342312753200531,0.5194416642189026,0.10013003647327423
YJL114W,YJR052W,0,2.2211816,0.342087984085083,0.5194416642189026,0.10023006796836853
YPR032W,YPL218W,0,2.2200327,0.3418635129928589,0.5194416642189026,0.10033009946346283
YOR237W,YNL190W,0,2.2199402,0.34163933992385864,0.5194416642189026,0.10043013095855713
YFR053C,YPL130W,0,2.2176485,0.3414154648780823,0.5194416642189026,0.10053016245365143
YEL005C,YBL064C,0,2.216999,0.3411918878555298,0.5194416642189026,0.10063018649816513
YLR029C,YOR389W,0,2.2145948,0.3409685790538788,0.5194416642189026,0.10073021799325943
YGL206C,YNL052W,0,2.214594,0.34074559807777405,0.5194416642189026,0.10083024948835373
YDR534C,YKL163W,1,2.2118862,0.34117648005485535,0.5204386711120605,0.10083024948835373
YMR015C,YJR026W,0,2.2110486,0.34095361828804016,0.5204386711120605,0.10093028098344803
YGL180W,YGR202C,0,2.2087502,0.34073108434677124,0.5204386711120605,0.10103031247854233
YHL003C,YDR372C,0,2.207511,0.3405088186264038,0.5204386711120605,0.10113033652305603
YPL131W,YGR037C,0,2.2072,0.34028682112693787,0.5204386711120605,0.10123036801815033
YDL209C,YPL121C,0,2.2046924,0.3400651514530182,0.5204386711120605,0.10133039951324463
YDR174W,YEL054C,0,2.2042255,0.33984375,0.5204386711120605,0.10143043100833893
YOR242C,YNR067C,1,2.2041984,0.34027326107025146,0.5214356780052185,0.10143043100833893
YJL171C,YPR026W,1,2.202872,0.34070220589637756,0.5224326848983765,0.10143043100833893
YIL008W,YNL185C,0,2.2003999,0.34048083424568176,0.5224326848983765,0.10153046250343323
YIL004C,YCL074W,0,2.197451,0.34025973081588745,0.5224326848983765,0.10163048654794693
YMR043W,YJL194W,0,2.1968951,0.340038925409317,0.5224326848983765,0.10173051804304123
YNR067C,YAL053W,0,2.1968303,0.33981841802597046,0.5224326848983765,0.10183054953813553
YCR077C,YDL047W,0,2.19563,0.3395981788635254,0.5224326848983765,0.10193058103322983
YER103W,YMR048W,0,2.1930585,0.3393782377243042,0.5224326848983765,0.10203061252832413
YBR040W,YJR075W,0,2.1887763,0.3391585648059845,0.5224326848983765,0.10213063657283783
YGR282C,YGR122W,0,2.1880522,0.33893918991088867,0.5224326848983765,0.10223066806793213
YNR044W,YER162C,0,2.1878772,0.3387201130390167,0.5224326848983765,0.10233069956302643
YGR188C,YOR348C,0,2.1877453,0.33850130438804626,0.5224326848983765,0.10243073105812073
YGL096W,YPR028W,0,2.1872325,0.3382827639579773,0.5224326848983765,0.10253076255321503
YOR393W,YLR187W,0,2.1870055,0.3380645215511322,0.5224326848983765,0.10263078659772873
YGL249W,YDL192W,0,2.1844163,0.3378465473651886,0.5224326848983765,0.10273081809282303
YMR081C,YDR248C,0,2.184368,0.33762887120246887,0.5224326848983765,0.10283084958791733
YHR143W,YKR102W,1,2.1824863,0.3380553722381592,0.5234296917915344,0.10283084958791733
YLR061W,YNL307C,0,2.1819415,0.3378378450870514,0.5234296917915344,0.10293088108301163
YMR118C,YLR014C,0,2.1797457,0.3376205861568451,0.5234296917915344,0.10303091257810593
YOL121C,YHR197W,0,2.1783676,0.3374035954475403,0.5234296917915344,0.10313093662261963
YDR077W,YOR009W,1,2.1773837,0.3378291726112366,0.5244266986846924,0.10313093662261963
YKL163W,YGR189C,1,2.1755543,0.3382541835308075,0.5254237055778503,0.10313093662261963
YOR090C,YOR341W,0,2.1752024,0.3380371928215027,0.5254237055778503,0.10323096811771393
YDL137W,YBL005W,0,2.1745796,0.33782050013542175,0.5254237055778503,0.10333099961280823
YPL274W,YPR184W,0,2.173736,0.3376041054725647,0.5254237055778503,0.10343103110790253
YOR091W,YDR384C,0,2.1735916,0.33738797903060913,0.5254237055778503,0.10353106260299683
YGR010W,YDR312W,0,2.1732295,0.33717209100723267,0.5254237055778503,0.10363108664751053
YJL004C,YOL127W,0,2.1730382,0.33695653080940247,0.5254237055778503,0.10373111814260483
YCR052W,YML128C,0,2.1727204,0.33674120903015137,0.5254237055778503,0.10383114963769913
YGL183C,YHR081W,0,2.1721745,0.33652618527412415,0.5254237055778503,0.10393118113279343
YOL005C,YML048W,0,2.171662,0.3363114297389984,0.5254237055778503,0.10403121262788773
YBR067C,YPR026W,1,2.170186,0.33673468232154846,0.5264207124710083,0.10403121262788773
YGL180W,YKL205W,0,2.1686187,0.33652007579803467,0.5264207124710083,0.10413123667240143
YJR150C,YOR382W,1,2.1684885,0.3369426727294922,0.5274177193641663,0.10413123667240143
YOL132W,YOR382W,1,2.168019,0.33736473321914673,0.5284147262573242,0.10413123667240143
YGL186C,YNR053C,0,2.167852,0.33715012669563293,0.5284147262573242,0.10423126816749573
YIL011W,YKR042W,1,2.1677403,0.33757153153419495,0.529411792755127,0.10423126816749573
YKL164C,YNL066W,1,2.1676605,0.3379923701286316,0.5304087996482849,0.10423126816749573
YDL130W-A,YGL139W,0,2.1663344,0.3377777636051178,0.5304087996482849,0.10433129966259003
YGR220C,YMR101C,0,2.1658165,0.3375634551048279,0.5304087996482849,0.10443133115768433
YDR247W,YCL055W,0,2.16455,0.33734938502311707,0.5304087996482849,0.10453136265277863
YGR296W,YLR121C,0,2.162977,0.3371356129646301,0.5304087996482849,0.10463138669729233
YIL053W,YDR218C,0,2.1629648,0.3369221091270447,0.5304087996482849,0.10473141819238663
YBR054W,YGR109W-A,0,2.1600666,0.3367088735103607,0.5304087996482849,0.10483144968748093
YOR206W,YAL068C,0,2.1600409,0.33649587631225586,0.5304087996482849,0.10493148118257523
YMR198W,YMR053C,0,2.1592016,0.3362831771373749,0.5304087996482849,0.10503151267766953
YOR034C,YLR092W,0,2.1591213,0.3360707461833954,0.5304087996482849,0.10513153672218323
YAL005C,YOR242C,1,2.155256,0.33648988604545593,0.5314058065414429,0.10513153672218323
YGL016W,YJR151C,0,2.1549811,0.3362776041030884,0.5314058065414429,0.10523156821727753
YPL033C,YML030W,0,2.1535773,0.3360655605792999,0.5314058065414429,0.10533159971237183
YCR053W,YDR453C,0,2.1532557,0.33585381507873535,0.5314058065414429,0.10543163120746613
YOR010C,YDR261C,1,2.1531463,0.3362720310688019,0.5324028134346008,0.10543163120746613
YJR150C,YOR242C,1,2.153049,0.3366897404193878,0.5333998203277588,0.10543163120746613
YBR093C,YLR194C,1,2.1523106,0.3371069133281708,0.5343968272209167,0.10543163120746613
YIL171W,YMR033W,0,2.150186,0.33689504861831665,0.5343968272209167,0.10553166270256042
YNR008W,YIL039W,0,2.149767,0.3366834223270416,0.5343968272209167,0.10563168674707413
YBR145W,YDR190C,0,2.14708,0.3364720642566681,0.5343968272209167,0.10573171824216843
YPL248C,YDL225W,0,2.147039,0.33626097440719604,0.5343968272209167,0.10583174973726273
YOL158C,YPL006W,0,2.145789,0.3360501527786255,0.5343968272209167,0.10593178123235703
YDR077W,YBR052C,0,2.1444373,0.3358395993709564,0.5343968272209167,0.10603181272745132
YJR066W,YNL130C,0,2.1443536,0.33562931418418884,0.5343968272209167,0.10613183677196503
YMR322C,YHR070W,0,2.1432471,0.33541926741600037,0.5343968272209167,0.10623186826705933
YLR167W,YER002W,0,2.1430655,0.33520951867103577,0.5343968272209167,0.10633189976215363
YLR084C,YNL066W,1,2.1427093,0.3356249928474426,0.5353938341140747,0.10633189976215363
YBR020W,YNL146W,0,2.1414094,0.3354153633117676,0.5353938341140747,0.10643193125724792
YER062C,YMR220W,0,2.140138,0.335206001996994,0.5353938341140747,0.10653196275234222
YBR067C,YMR307W,1,2.1400957,0.3356207013130188,0.5363908410072327,0.10653196275234222
YDR471W,YBR158W,0,2.1394935,0.3354114592075348,0.5363908410072327,0.10663198679685593
YDR256C,YHR061C,0,2.1392262,0.33520248532295227,0.5363908410072327,0.10673201829195023
YGL026C,YMR020W,0,2.1388068,0.33499377965927124,0.5363908410072327,0.10683204978704453
YHR074W,YMR038C,0,2.1385932,0.3347853124141693,0.5363908410072327,0.10693208128213882
YHR211W,YNR044W,1,2.1379259,0.3351989984512329,0.5373878479003906,0.10693208128213882
YDL127W,YBR065C,0,2.137837,0.3349906802177429,0.5373878479003906,0.10703211277723312
YGR052W,YHR205W,0,2.1374948,0.33478260040283203,0.5373878479003906,0.10713213682174683
YIL087C,YPR174C,0,2.1371906,0.33457478880882263,0.5373878479003906,0.10723216831684113
YFR027W,YDR055W,0,2.136354,0.3343672454357147,0.5373878479003906,0.10733219981193542
YER005W,YBR082C,0,2.1343575,0.3341599404811859,0.5373878479003906,0.10743223130702972
YER165W,YIL039W,0,2.132324,0.3339529037475586,0.5373878479003906,0.10753226280212402
YPL281C,YPL204W,0,2.1311412,0.33374613523483276,0.5373878479003906,0.10763228684663773
YIL011W,YMR251W-A,1,2.1309676,0.33415842056274414,0.5383848547935486,0.10763228684663773
YNL327W,YNL300W,1,2.1277506,0.3345701992511749,0.5393818616867065,0.10763228684663773
YLR093C,YPL271W,0,2.1263537,0.3343634009361267,0.5393818616867065,0.10773231834173203
YDR301W,YPL119C,0,2.1260633,0.33415690064430237,0.5393818616867065,0.10783234983682632
YPL093W,YPL135W,0,2.1230397,0.33395060896873474,0.5393818616867065,0.10793238133192062
YOR142W,YDR420W,0,2.1228585,0.333744615316391,0.5393818616867065,0.10803241282701492
YLR058C,YOR059C,0,2.122217,0.33353883028030396,0.5393818616867065,0.10813243687152863
YOR393W,YMR156C,0,2.1210308,0.3333333432674408,0.5393818616867065,0.10823246836662292
YDR144C,YGR192C,1,2.1208162,0.3337438404560089,0.5403788685798645,0.10823246836662292
YEL029C,YKL171W,0,2.119462,0.3335384726524353,0.5403788685798645,0.10833249986171722
YAL063C,YLL024C,1,2.117931,0.3339483439922333,0.5413758754730225,0.10833249986171722
YDL243C,YBR238C,0,2.1153665,0.3337430953979492,0.5413758754730225,0.10843253135681152
YLR048W,YBR146W,0,2.113866,0.33353808522224426,0.5413758754730225,0.10853256285190582
YIL004C,YOR383C,0,2.1136065,0.3333333432674408,0.5413758754730225,0.10863258689641953
YDR044W,YLR026C,0,2.113082,0.33312883973121643,0.5413758754730225,0.10873261839151382
YOL051W,YJL048C,0,2.110684,0.33292457461357117,0.5413758754730225,0.10883264988660812
YMR306W,YDR252W,0,2.1103506,0.3327205777168274,0.5413758754730225,0.10893268138170242
YOR214C,YMR006C,1,2.1099637,0.3331291973590851,0.5423728823661804,0.10893268138170242
YOL132W,YGL028C,1,2.1084018,0.33353734016418457,0.5433698892593384,0.10893268138170242
YPR028W,YBR301W,0,2.10768,0.3333333432674408,0.5433698892593384,0.10903271287679672
YLR307W,YCR089W,1,2.1073713,0.33374083042144775,0.5443668961524963,0.10903271287679672
YHR033W,YJR150C,0,2.1069653,0.33353695273399353,0.5443668961524963,0.10913273692131042
YBR168W,YNR070W,0,2.106886,0.3333333432674408,0.5443668961524963,0.10923276841640472
YOR338W,YNR001C,0,2.1058671,0.3331299424171448,0.5443668961524963,0.10933279991149902
YER060W-A,YIL123W,0,2.1055937,0.33292683959007263,0.5443668961524963,0.10943283140659332
YER149C,YML058W-A,0,2.1055226,0.3327239453792572,0.5443668961524963,0.10953286290168762
YFL038C,YOR373W,0,2.1051698,0.33252131938934326,0.5443668961524963,0.10963288694620132
YFL066C,YJL167W,0,2.105002,0.3323189318180084,0.5443668961524963,0.10973291844129562
YOR167C,YPL269W,0,2.1041408,0.3321167826652527,0.5443668961524963,0.10983294993638992
YGL259W,YMR074C,0,2.102587,0.33191490173339844,0.5443668961524963,0.10993298143148422
YAL040C,YNL056W,0,2.101917,0.3317132294178009,0.5443668961524963,0.11003301292657852
YDR077W,YAL063C,1,2.10151,0.33211901783943176,0.5453639030456543,0.11003301292657852
YMR117C,YKL183W,0,2.101087,0.3319174647331238,0.5453639030456543,0.11013303697109222
YCR009C,YJL012C,0,2.1006737,0.3317161798477173,0.5453639030456543,0.11023306846618652
YIL053W,YPL189W,0,2.1002102,0.3315151631832123,0.5453639030456543,0.11033309996128082
YLR419W,YJR150C,0,2.09965,0.331314355134964,0.5453639030456543,0.11043313145637512
YAR050W,YML052W,1,2.0993648,0.33171913027763367,0.5463609099388123,0.11043313145637512
YOR239W,YDR469W,0,2.0991664,0.3315184414386749,0.5463609099388123,0.11053316295146942
YNL311C,YLR325C,0,2.099124,0.3313180208206177,0.5463609099388123,0.11063318699598312
YJL044C,YJL109C,0,2.0989156,0.3311178386211395,0.5463609099388123,0.11073321849107742
YDR138W,YGR178C,0,2.0988748,0.3309178650379181,0.5463609099388123,0.11083324998617172
YMR226C,YHR175W,0,2.096871,0.33071815967559814,0.5463609099388123,0.11093328148126602
YLR083C,YMR158W,0,2.0953746,0.3305186927318573,0.5463609099388123,0.11103331297636032
YBR118W,YGR204W,0,2.0925696,0.33031946420669556,0.5463609099388123,0.11113333702087402
YJL133W,YOR086C,0,2.0905395,0.3301204741001129,0.5463609099388123,0.11123336851596832
YDL215C,YLR121C,0,2.0899854,0.3299217224121094,0.5463609099388123,0.11133340001106262
YBR279W,YBR158W,0,2.0882604,0.3297232389450073,0.5463609099388123,0.11143343150615692
YNL065W,YLR105C,0,2.0873008,0.329524964094162,0.5463609099388123,0.11153346300125122
YFL039C,YIL009W,0,2.0872135,0.32932692766189575,0.5463609099388123,0.11163348704576492
YPR080W,YBL075C,0,2.0871305,0.3291291296482086,0.5463609099388123,0.11173351854085922
YIL043C,YJR089W,0,2.08547,0.3289315700531006,0.5463609099388123,0.11183355003595352
YNR071C,YKR075C,0,2.081695,0.32873424887657166,0.5463609099388123,0.11193358153104782
YOL127W,YJR022W,0,2.0813537,0.3285371661186218,0.5463609099388123,0.11203361302614212
YJL065C,YBR183W,0,2.0811758,0.3283403217792511,0.5463609099388123,0.11213363707065582
YHR074W,YLR300W,0,2.0791554,0.3281437158584595,0.5463609099388123,0.11223366856575012
YHR197W,YOL109W,0,2.0791132,0.32794734835624695,0.5463609099388123,0.11233370006084442
YPL033C,YGL089C,0,2.0774636,0.32775118947029114,0.5463609099388123,0.11243373155593872
YLR286C,YLR155C,1,2.0767968,0.32815301418304443,0.5473579168319702,0.11243373155593872
YPL049C,YKL126W,0,2.0766814,0.3279569745063782,0.5473579168319702,0.11253376305103302
YCR096C,YDL148C,0,2.07633,0.3277612030506134,0.5473579168319702,0.11263378709554672
YNL322C,YGL028C,1,2.0743976,0.328162282705307,0.5483549237251282,0.11263378709554672
YHR139C,YLR158C,1,2.0739918,0.3285629153251648,0.5493519306182861,0.11263378709554672
YGR216C,YGL222C,0,2.0738177,0.32836711406707764,0.5493519306182861,0.11273381859064102
YPL139C,YKL140W,0,2.072631,0.3281715214252472,0.5493519306182861,0.11283385008573532
YFL066C,YNL271C,0,2.0725555,0.32797619700431824,0.5493519306182861,0.11293388158082962
YOR388C,YHR207C,0,2.0721831,0.327781081199646,0.5493519306182861,0.11303391307592392
YOL055C,YJR120W,0,2.0719316,0.32758620381355286,0.5493519306182861,0.11313393712043762
YDL039C,YMR156C,0,2.0702264,0.3273915648460388,0.5493519306182861,0.11323396861553192
YER086W,YJL171C,0,2.0696414,0.3271971642971039,0.5493519306182861,0.11333400011062622
YBR169C,YPL193W,0,2.0692496,0.32700297236442566,0.5493519306182861,0.11343403160572052
YJL097W,YOL032W,0,2.0684147,0.32680901885032654,0.5493519306182861,0.11353406310081482
YLR452C,YBR080C,0,2.0679407,0.3266153037548065,0.5493519306182861,0.11363408714532852
YOR214C,YNR067C,1,2.0646052,0.3270142078399658,0.5503489375114441,0.11363408714532852
YBR093C,YNL300W,1,2.0642827,0.3274126648902893,0.551345944404602,0.11363408714532852
YML009C,YBR187W,0,2.062585,0.3272189497947693,0.551345944404602,0.11373411864042282
YNR043W,YLR337C,0,2.061832,0.327025443315506,0.551345944404602,0.11383415013551712
YLR084C,YIL011W,1,2.0605826,0.3274231553077698,0.55234295129776,0.11383415013551712
YOR247W,YML006C,0,2.0599618,0.327229768037796,0.55234295129776,0.11393418163061142
YOL011W,YGR181W,0,2.0595417,0.327036589384079,0.55234295129776,0.11403421312570572
YBR081C,YIL119C,0,2.0569668,0.32684364914894104,0.55234295129776,0.11413423717021942
YKR097W,YDR262W,0,2.0556345,0.3266509473323822,0.55234295129776,0.11423426866531372
YMR094W,YJL164C,0,2.053708,0.3264584541320801,0.55234295129776,0.11433430016040802
YEL039C,YOR222W,0,2.0523138,0.32626619935035706,0.55234295129776,0.11443433165550232
YOR241W,YHR096C,0,2.052188,0.32607415318489075,0.55234295129776,0.11453436315059662
YOL072W,YML037C,0,2.0518517,0.32588234543800354,0.55234295129776,0.11463438719511032
YNL218W,YPR054W,0,2.0511937,0.32569077610969543,0.55234295129776,0.11473441869020462
YLR147C,YER179W,0,2.0511606,0.32549941539764404,0.55234295129776,0.11483445018529892
YPL017C,YOR271C,0,2.0497303,0.32530829310417175,0.55234295129776,0.11493448168039322
YLR333C,YIL148W,0,2.049241,0.3251173794269562,0.55234295129776,0.11503451317548752
YJR139C,YNR016C,0,2.0481067,0.3249266743659973,0.55234295129776,0.11513453722000122
YJR010C-A,YFL066C,0,2.0472405,0.32473623752593994,0.55234295129776,0.11523456871509552
YPL089C,YHL016C,0,2.0462263,0.3245459794998169,0.55234295129776,0.11533460021018982
YAL005C,YGR189C,1,2.042778,0.3249414563179016,0.553339958190918,0.11533460021018982
YBR296C,YAL023C,0,2.0424614,0.3247513175010681,0.553339958190918,0.11543463170528412
YBR301W,YLR037C,1,2.0416245,0.3251461982727051,0.5543369650840759,0.11543463170528412
YOL144W,YDL123W,0,2.0411098,0.32495617866516113,0.5543369650840759,0.11553466320037842
YEL012W,YKL029C,0,2.038677,0.3247663676738739,0.5543369650840759,0.11563468724489212
YLR377C,YML073C,0,2.0383277,0.3245767652988434,0.5543369650840759,0.11573471873998642
YNL066W,YEL040W,1,2.038014,0.3249708414077759,0.5553339719772339,0.11573471873998642
YCR009C,YIL159W,0,2.0372486,0.3247813284397125,0.5553339719772339,0.11583475023508072
YBR240C,YML034W,0,2.0371747,0.32459208369255066,0.5553339719772339,0.11593478173017502
YJR150C,YBR078W,1,2.0355825,0.32498544454574585,0.5563309788703918,0.11593478173017502
YGL253W,YDL099W,0,2.0347147,0.32479628920555115,0.5563309788703918,0.11603481322526932
YDR205W,YIL087C,0,2.0337539,0.32460734248161316,0.5563309788703918,0.11613483726978302
YNL327W,YMR008C,1,2.0327682,0.32499998807907104,0.5573280453681946,0.11613483726978302
YER103W,YLR158C,0,2.0323827,0.3248111605644226,0.5573280453681946,0.11623486876487732
YLR300W,YGL028C,1,2.0302024,0.3252032399177551,0.5583250522613525,0.11623486876487732
YJR089W,YBR189W,0,2.0293882,0.32501450181007385,0.5583250522613525,0.11633490025997162
YEL012W,YLR361C,0,2.0291448,0.3248259723186493,0.5583250522613525,0.11643493175506592
YOL084W,YHR179W,0,2.0282254,0.32463768124580383,0.5583250522613525,0.11653496325016022
YJL171C,YOR009W,1,2.0255458,0.3250289559364319,0.5593220591545105,0.11653496325016022
YER055C,YPR030W,0,2.0251646,0.3248407542705536,0.5593220591545105,0.11663498729467392
YBR118W,YIL021W,0,2.0244622,0.3246527910232544,0.5593220591545105,0.11673501878976822
YPR026W,YLR040C,1,2.0241969,0.32504338026046753,0.5603190660476685,0.11673501878976822
YJL097W,YMR053C,0,2.023598,0.3248554766178131,0.5603190660476685,0.11683505028486252
YPR152C,YKL114C,0,2.0235157,0.3246678113937378,0.5603190660476685,0.11693508177995682
YER031C,YDR268W,0,2.0225272,0.3244803547859192,0.5603190660476685,0.11703511327505112
YHR099W,YER063W,0,2.021695,0.3242931365966797,0.5603190660476685,0.11713513731956482
YOR393W,YHR139C,0,2.020289,0.3241061270236969,0.5603190660476685,0.11723516881465912
YPL031C,YML045W,0,2.019867,0.32391929626464844,0.5603190660476685,0.11733520030975342
YHR175W,YNL101W,0,2.019732,0.32373273372650146,0.5603190660476685,0.11743523180484772
YJL158C,YDR134C,1,2.0190215,0.32412204146385193,0.5613160729408264,0.11743523180484772
YGL053W,YOR351C,0,2.0181403,0.3239355683326721,0.5613160729408264,0.11753526329994202
YBR061C,YJL167W,0,2.0170496,0.32374927401542664,0.5613160729408264,0.11763528734445572
YPR081C,YOL040C,0,2.0160744,0.32356321811676025,0.5613160729408264,0.11773531883955002
YBR067C,YOR261C,0,2.0159302,0.3233773708343506,0.5613160729408264,0.11783535033464432
YOR393W,YGL173C,0,2.0145254,0.32319173216819763,0.5613160729408264,0.11793538182973862
YNL135C,YGL155W,0,2.0100636,0.3230063021183014,0.5613160729408264,0.11803541332483292
YMR001C,YMR088C,0,2.0098753,0.32282111048698425,0.5613160729408264,0.11813543736934662
YMR319C,YGL068W,0,2.0097742,0.32263609766960144,0.5613160729408264,0.11823546886444092
YGL030W,YAL029C,0,2.0089853,0.32245132327079773,0.5613160729408264,0.11833550035953522
YER056C-A,YJL048C,0,2.0089822,0.32226675748825073,0.5613160729408264,0.11843553185462952
YIL090W,YFL011W,0,2.0087202,0.32208237051963806,0.5613160729408264,0.11853556334972382
YIL011W,YDR144C,1,2.008194,0.3224699795246124,0.5623130798339844,0.11853556334972382
YJL089W,YDR022C,0,2.0076227,0.3222857117652893,0.5623130798339844,0.11863558739423752
YIR004W,YHR046C,0,2.0047922,0.3221016526222229,0.5623130798339844,0.11873561888933182
YKL218C,YER120W,0,2.0044193,0.3219178020954132,0.5623130798339844,0.11883565038442612
YPL103C,YPL154C,0,2.004068,0.32173416018486023,0.5623130798339844,0.11893568187952042
YFR036W,YOL059W,0,2.0031643,0.32155072689056396,0.5623130798339844,0.11903571337461472
YOL147C,YNL314W,0,2.0030413,0.3213675320148468,0.5623130798339844,0.11913573741912842
YJL078C,YGL032C,1,2.0029843,0.32175397872924805,0.5633100867271423,0.11913573741912842
YOL055C,YNL020C,0,2.0015001,0.32157087326049805,0.5633100867271423,0.11923576891422272
YMR205C,YKL014C,0,1.9991479,0.3213879466056824,0.5633100867271423,0.11933580040931702
YDR522C,YBR093C,1,1.9988661,0.3217737376689911,0.5643070936203003,0.11933580040931702
YOL132W,YJR066W,0,1.998724,0.3215909004211426,0.5643070936203003,0.11943583190441132
YPR144C,YGR161C,0,1.997673,0.32140830159187317,0.5643070936203003,0.11953586339950562
YMR247C,YML073C,0,1.9973466,0.3212258815765381,0.5643070936203003,0.11963588744401932
YBR067C,YHR143W,1,1.9972663,0.3216108977794647,0.5653041005134583,0.11963588744401932
YMR215W,YDL192W,0,1.9970019,0.3214285671710968,0.5653041005134583,0.11973591893911362
YGR169C,YDL190C,0,1.9961591,0.3212464451789856,0.5653041005134583,0.11983595043420792
YGL051W,YJL030W,0,1.9954996,0.3210645616054535,0.5653041005134583,0.11993598192930222
YLR321C,YDR178W,0,1.9949434,0.3208828568458557,0.5653041005134583,0.12003601342439651
YDR545W,YMR208W,0,1.9945824,0.32070136070251465,0.5653041005134583,0.12013603746891022
YLR390W-A,YNR067C,1,1.9931006,0.3210853636264801,0.5663011074066162,0.12013603746891022
YLR107W,YLR345W,0,1.9903002,0.3209039568901062,0.5663011074066162,0.12023606896400452
YNL166C,YDL223C,0,1.9880385,0.320722758769989,0.5663011074066162,0.12033610045909882
YLR048W,YNR048W,0,1.9874172,0.32054176926612854,0.5663011074066162,0.12043613195419312
YOL026C,YJL108C,0,1.9868488,0.3203609585762024,0.5663011074066162,0.12053616344928741
YJL045W,YKL185W,0,1.9867074,0.32018038630485535,0.5663011074066162,0.12063618749380112
YJL148W,YJR108W,0,1.9860625,0.3199999928474426,0.5663011074066162,0.12073621898889542
YPR198W,YDR231C,0,1.9859223,0.3198198080062866,0.5663011074066162,0.12083625048398972
YDR456W,YCL064C,0,1.9856477,0.31963983178138733,0.5663011074066162,0.12093628197908401
YJR025C,YHR036W,0,1.9855514,0.31946006417274475,0.5663011074066162,0.12103631347417831
YPL151C,YDL078C,0,1.9849057,0.3192805051803589,0.5663011074066162,0.12113633751869202
YGR295C,YPL010W,0,1.9829836,0.31910112500190735,0.5663011074066162,0.12123636901378632
YDR046C,YBR271W,0,1.9827623,0.3189219534397125,0.5663011074066162,0.12133640050888062
YNR004W,YEL054C,0,1.9823251,0.3187429904937744,0.5663011074066162,0.12143643200397491
YBR012W-A,YBR101C,0,1.9822338,0.31856420636177063,0.5663011074066162,0.12153646349906921
YFL011W,YBR022W,0,1.9801316,0.31838566064834595,0.5663011074066162,0.12163648754358292
YHR089C,YCL034W,0,1.9792886,0.3182072937488556,0.5663011074066162,0.12173651903867722
YKL016C,YPL043W,0,1.9773974,0.31802910566329956,0.5663011074066162,0.12183655053377151
YLR228C,YPR113W,0,1.9768672,0.31785115599632263,0.5663011074066162,0.12193658202886581
YLL004W,YBR128C,0,1.9760275,0.31767338514328003,0.5663011074066162,0.12203661352396011
YMR002W,YMR292W,0,1.9755297,0.31749579310417175,0.5663011074066162,0.12213663756847382
YLR040C,YGL157W,0,1.9735372,0.3173184394836426,0.5663011074066162,0.12223666906356812
YHR036W,YMR071C,0,1.973053,0.31714126467704773,0.5663011074066162,0.12233670055866241
YOL127W,YBR187W,0,1.9727921,0.3169642984867096,0.5663011074066162,0.12243673205375671
YDR074W,YBR237W,0,1.9725852,0.3167875111103058,0.5663011074066162,0.12253676354885101
YPL021W,YER109C,0,1.9725308,0.3166109323501587,0.5663011074066162,0.12263678759336472
YKR058W,YGR162W,0,1.9718299,0.3164345324039459,0.5663011074066162,0.12273681908845901
YGR216C,YOR020C,0,1.9709182,0.31625834107398987,0.5663011074066162,0.12283685058355331
YBL082C,YJR121W,0,1.9702854,0.3160823583602905,0.5663011074066162,0.12293688207864761
YDL109C,YKR094C,0,1.9692683,0.3159065544605255,0.5663011074066162,0.12303691357374191
YCL025C,YGR252W,0,1.9692616,0.3157309591770172,0.5663011074066162,0.12313693761825562
YBR067C,YJL078C,1,1.9689562,0.31611111760139465,0.5672981142997742,0.12313693761825562
YNL066W,YHR107C,1,1.968823,0.3164908289909363,0.5682951211929321,0.12313693761825562
YDR427W,YOL129W,0,1.9668715,0.3163152039051056,0.5682951211929321,0.12323696911334991
YCR021C,YMR218C,0,1.966049,0.31613975763320923,0.5682951211929321,0.12333700060844421
YDR247W,YGL253W,0,1.9651878,0.3159645199775696,0.5682951211929321,0.12343703210353851
YKR102W,YJL174W,1,1.9649725,0.3163434863090515,0.5692921280860901,0.12343703210353851
YLR286C,YHR030C,0,1.9642432,0.31616833806037903,0.5692921280860901,0.12353706359863281
YIR026C,YOR355W,0,1.9618728,0.31599336862564087,0.5692921280860901,0.12363708764314651
YNL261W,YPR149W,0,1.9616592,0.31581857800483704,0.5692921280860901,0.12373711913824081
YER112W,YPL018W,0,1.9601989,0.3156439960002899,0.5692921280860901,0.12383715063333511
YBR054W,YLR191W,0,1.9596999,0.3154696226119995,0.5692921280860901,0.12393718212842941
YNL302C,YGR225W,0,1.9576297,0.31529542803764343,0.5692921280860901,0.12403721362352371
YIL156W,YHR064C,0,1.9564366,0.3151214122772217,0.5692921280860901,0.12413723766803741
YJR112W,YDL124W,0,1.9561844,0.31494760513305664,0.5692921280860901,0.12423726916313171
YMR043W,YJL158C,0,1.9547815,0.3147739768028259,0.5692921280860901,0.12433730065822601
YJL191W,YHR027C,0,1.9534314,0.31460055708885193,0.5692921280860901,0.12443733215332031
YPR096C,YNL161W,0,1.9534009,0.31442731618881226,0.5692921280860901,0.12453736364841461
YDL097C,YNL263C,0,1.9518228,0.3142542541027069,0.5692921280860901,0.12463738769292831
YOR242C,YGR282C,1,1.9517179,0.31463146209716797,0.570289134979248,0.12463738769292831
YDL039C,YJL219W,0,1.9507952,0.3144584894180298,0.570289134979248,0.12473741918802261
YKL093W,YIL047C,0,1.9475055,0.3142857253551483,0.570289134979248,0.12483745068311691
YNL328C,YJL133W,0,1.9455664,0.3141131103038788,0.570289134979248,0.12493748217821121
YGL084C,YER180C,0,1.94507,0.31394073367118835,0.570289134979248,0.12503750622272491
YNL287W,YMR074C,0,1.9446249,0.31376850605010986,0.570289134979248,0.1251375377178192
YNR004W,YDR415C,0,1.9438717,0.3135964870452881,0.570289134979248,0.1252375692129135
YFL014W,YMR071C,0,1.9437253,0.31342464685440063,0.570289134979248,0.1253376007080078
YGL096W,YGR103W,0,1.9432373,0.3132530152797699,0.570289134979248,0.1254376322031021
YLR223C,YGL009C,0,1.9430463,0.3130815625190735,0.570289134979248,0.1255376636981964
YJL029C,YDR033W,0,1.942739,0.3129102885723114,0.570289134979248,0.1256376951932907
YMR204C,YHL035C,0,1.94193,0.31273919343948364,0.570289134979248,0.125737726688385
YOR378W,YIL140W,0,1.9386191,0.3125683069229126,0.570289134979248,0.1258377581834793
YNL306W,YPL026C,0,1.9375644,0.3123975992202759,0.570289134979248,0.12593777477741241
YDR368W,YHR005C-A,0,1.9373305,0.3122270703315735,0.570289134979248,0.1260378062725067
YMR094W,YFL054C,0,1.9367137,0.3120567500591278,0.570289134979248,0.126137837767601
YPL163C,YMR034C,0,1.9359591,0.31188657879829407,0.570289134979248,0.1262378692626953
YNL302C,YLR204W,0,1.9354792,0.31171661615371704,0.570289134979248,0.1263379007577896
YGR189C,YOL154W,1,1.9349201,0.31209149956703186,0.571286141872406,0.1263379007577896
YLR109W,YDL100C,0,1.9346814,0.3119215965270996,0.571286141872406,0.1264379322528839
YOR004W,YHR030C,0,1.9332416,0.3117519021034241,0.571286141872406,0.1265379637479782
YKL164C,YLR037C,1,1.9330289,0.31212615966796875,0.572283148765564,0.1265379637479782
YKL198C,YJR109C,0,1.9318559,0.311956524848938,0.572283148765564,0.1266379952430725
YLR410W-A,YNR031C,0,1.9317446,0.31178706884384155,0.572283148765564,0.1267380267381668
YOR381W,YML012W,0,1.9301505,0.31161782145500183,0.572283148765564,0.1268380582332611
YJL158C,YCR089W,1,1.9285178,0.31199130415916443,0.5732801556587219,0.1268380582332611
YIR032C,YFR031C-A,0,1.9279354,0.3118221163749695,0.5732801556587219,0.1269380748271942
YGL030W,YJL180C,0,1.9277132,0.31165310740470886,0.5732801556587219,0.1270381063222885
YOR313C,YNL221C,0,1.927412,0.31148427724838257,0.5732801556587219,0.1271381378173828
YLR367W,YBL011W,0,1.927031,0.311315655708313,0.5732801556587219,0.1272381693124771
YOR247W,YLR390W-A,1,1.9261987,0.31168830394744873,0.5742771625518799,0.1272381693124771
YAL060W,YML036W,0,1.9256239,0.3115197420120239,0.5742771625518799,0.1273382008075714
YHR160C,YOR148C,0,1.9244237,0.31135135889053345,0.5742771625518799,0.1274382323026657
YHL021C,YDR110W,0,1.9244223,0.3111831545829773,0.5742771625518799,0.12753826379776
YGR007W,YBR222C,0,1.9240406,0.31101512908935547,0.5742771625518799,0.1276382952928543
YNL280C,YDR516C,0,1.9238057,0.31084728240966797,0.5742771625518799,0.1277383267879486
YGL010W,YNL262W,0,1.9223895,0.3106796145439148,0.5742771625518799,0.1278383582830429
YHR107C,YLR157C,1,1.9220753,0.31105121970176697,0.5752741694450378,0.1278383582830429
YFL002W-B,YKL114C,0,1.9214439,0.31088361144065857,0.5752741694450378,0.127938374876976
YDR211W,YNL194C,0,1.9194524,0.3107162117958069,0.5752741694450378,0.1280384063720703
YOR279C,YML058W-A,0,1.9180622,0.3105489909648895,0.5752741694450378,0.1281384378671646
YIL153W,YAL043C,0,1.9170003,0.3103819191455841,0.5752741694450378,0.1282384693622589
YOR237W,YLL038C,0,1.9168458,0.3102150559425354,0.5752741694450378,0.1283385008573532
YIR005W,YER133W,0,1.916641,0.310048371553421,0.5752741694450378,0.1284385323524475
YOR131C,YDL083C,0,1.9161532,0.3098818361759186,0.5752741694450378,0.1285385638475418
YKL181W,YER087W,0,1.9154792,0.30971550941467285,0.5752741694450378,0.1286385953426361
YBR009C,YMR215W,0,1.9149563,0.30954936146736145,0.5752741694450378,0.1287386268377304
YMR056C,YOL129W,0,1.9140446,0.3093833923339844,0.5752741694450378,0.1288386583328247
YPL159C,YEL030W,0,1.91383,0.30921757221221924,0.5752741694450378,0.1289386749267578
YDL019C,YBR080C,0,1.9119182,0.3090519607067108,0.5752741694450378,0.1290387064218521
YOR010C,YKR102W,1,1.911341,0.3094218373298645,0.5762711763381958,0.1290387064218521
YMR215W,YPL163C,1,1.9102993,0.30979132652282715,0.5772681832313538,0.1290387064218521
YFL044C,YBL054W,0,1.9091086,0.30962565541267395,0.5772681832313538,0.1291387379169464
YNL190W,YAL063C,1,1.9089701,0.3099946677684784,0.5782651901245117,0.1291387379169464
YGL051W,YDR174W,0,1.9087672,0.30982905626296997,0.5782651901245117,0.1292387694120407
YLL051C,YBR107C,0,1.9075704,0.30966365337371826,0.5782651901245117,0.129338800907135
YNR002C,YLR189C,0,1.9068651,0.3094983994960785,0.5782651901245117,0.1294388324022293
YMR143W,YBL008W,0,1.9068382,0.30933332443237305,0.5782651901245117,0.1295388638973236
YER148W,YLR043C,0,1.9068332,0.3091684579849243,0.5782651901245117,0.1296388953924179
YMR318C,YJR001W,0,1.9065409,0.3090037405490875,0.5782651901245117,0.1297389268875122
YKR053C,YHR101C,0,1.9062967,0.30883920192718506,0.5782651901245117,0.1298389583826065
YLL034C,YIL036W,0,1.9059839,0.30867481231689453,0.5782651901245117,0.1299389749765396
YNL190W,YJR151C,1,1.9057772,0.3090425431728363,0.5792621970176697,0.1299389749765396
YPL061W,YGL240W,0,1.9047186,0.30887824296951294,0.5792621970176697,0.1300390064716339
YKL039W,YMR307W,0,1.9043,0.3087141215801239,0.5792621970176697,0.1301390379667282
YCL051W,YLR213C,1,1.9032135,0.3090812563896179,0.5802592039108276,0.1301390379667282
YBR023C,YKR085C,0,1.9018395,0.30891719460487366,0.5802592039108276,0.1302390694618225
YPL161C,YOR384W,0,1.9015725,0.3087533116340637,0.5802592039108276,0.1303391009569168
YOL004W,YOR294W,0,1.9011436,0.3085896074771881,0.5802592039108276,0.1304391324520111
YMR184W,YER087C-B,0,1.9004295,0.3084260821342468,0.5802592039108276,0.1305391639471054
YLR029C,YKL144C,0,1.8986812,0.3082627058029175,0.5802592039108276,0.1306391954421997
YOR010C,YEL040W,1,1.8980644,0.3086289167404175,0.5812562108039856,0.1306391954421997
YOL152W,YBR212W,0,1.8978624,0.3084656000137329,0.5812562108039856,0.130739226937294
YBR155W,YGR288W,0,1.8975685,0.30830249190330505,0.5812562108039856,0.1308392584323883
YJL057C,YPL169C,0,1.8965724,0.30813953280448914,0.5812562108039856,0.1309392750263214
YIL123W,YHL016C,0,1.8955112,0.30797675251960754,0.5812562108039856,0.1310393065214157
YJL101C,YDR510W,0,1.8954835,0.3078141510486603,0.5812562108039856,0.13113933801651
YDR178W,YER019C-A,0,1.8949242,0.30765172839164734,0.5812562108039856,0.1312393695116043
YIL020C,YMR081C,0,1.8946891,0.30748945474624634,0.5812562108039856,0.1313394010066986
YLR006C,YOR085W,0,1.8943028,0.30732735991477966,0.5812562108039856,0.1314394325017929
YDR296W,YBL054W,0,1.8940625,0.3071654438972473,0.5812562108039856,0.1315394639968872
YDR074W,YJL106W,0,1.8932459,0.3070036768913269,0.5812562108039856,0.1316394954919815
YMR059W,YAL060W,0,1.8928044,0.3068421185016632,0.5812562108039856,0.1317395269870758
YBL089W,YDR372C,0,1.8925271,0.30668070912361145,0.5812562108039856,0.1318395584821701
YER150W,YLR120C,1,1.8925266,0.30704522132873535,0.5822532176971436,0.1318395584821701
YJL035C,YHL050C,0,1.8914657,0.30688387155532837,0.5822532176971436,0.1319395750761032
YCR018C,YDR074W,0,1.8906534,0.3067227005958557,0.5822532176971436,0.1320396065711975
YIL011W,YOL154W,1,1.8895593,0.30708661675453186,0.5832502245903015,0.1320396065711975
YGR260W,YDL192W,0,1.8885272,0.306925505399704,0.5832502245903015,0.1321396380662918
YML112W,YNL202W,0,1.8883152,0.30676454305648804,0.5832502245903015,0.1322396695613861
YHL015W,YDR363W-A,0,1.8869872,0.3066037595272064,0.5832502245903015,0.1323397010564804
YLR084C,YOR190W,1,1.8781915,0.30696699023246765,0.5842472314834595,0.1323397010564804
YNL080C,YKL026C,0,1.8781285,0.3068062961101532,0.5842472314834595,0.1324397325515747
YDR108W,YBR196C,0,1.8778801,0.3066457211971283,0.5842472314834595,0.132539764046669
YLR167W,YBR069C,0,1.877342,0.3064853549003601,0.5842472314834595,0.1326397955417633
YPL147W,YER109C,0,1.8762851,0.30632513761520386,0.5842472314834595,0.1327398270368576
YDR083W,YDR403W,0,1.8731642,0.30616509914398193,0.5842472314834595,0.1328398585319519
YML009C,YLR054C,0,1.8715129,0.30600520968437195,0.5842472314834595,0.132939875125885
YNR044W,YJL216C,0,1.8710718,0.3058454990386963,0.5842472314834595,0.1330399066209793
YBR026C,YAL031C,0,1.8707323,0.30568596720695496,0.5842472314834595,0.1331399381160736
YLR203C,YJR147W,0,1.869298,0.30552658438682556,0.5842472314834595,0.1332399696111679
YOR079C,YPL078C,0,1.8687038,0.3053673803806305,0.5842472314834595,0.1333400011062622
YBL005W-B,YOL125W,0,1.8682647,0.30520832538604736,0.5842472314834595,0.1334400326013565
YER089C,YKL061W,0,1.8677897,0.30504944920539856,0.5842472314834595,0.1335400640964508
YNR008W,YBL082C,0,1.8673139,0.3048907518386841,0.5842472314834595,0.1336400955915451
YMR269W,YEL024W,0,1.8653083,0.30473220348358154,0.5842472314834595,0.1337401270866394
YGR279C,YLR308W,1,1.8646648,0.30509355664253235,0.5852442383766174,0.1337401270866394
YMR262W,YJR016C,0,1.8632832,0.3049350678920746,0.5852442383766174,0.1338401585817337
YIL043C,YBR096W,0,1.8626134,0.30477672815322876,0.5852442383766174,0.1339401751756668
YMR238W,YJL174W,1,1.8619761,0.3051375150680542,0.5862413048744202,0.1339401751756668
YMR093W,YJL089W,0,1.8618679,0.30497926473617554,0.5862413048744202,0.1340402066707611
YPR043W,YOL031C,0,1.8617184,0.3048211634159088,0.5862413048744202,0.1341402381658554
YHR139C,YOR190W,1,1.8612151,0.3051813542842865,0.5872383117675781,0.1341402381658554
YJR004C,YJR151C,1,1.8592105,0.30554115772247314,0.5882353186607361,0.1341402381658554
YGR085C,YBR129C,0,1.8584177,0.30538302659988403,0.5882353186607361,0.1342402696609497
YHR086W,YMR240C,0,1.8577774,0.30522504448890686,0.5882353186607361,0.134340301156044
YLR185W,YOL136C,0,1.8567052,0.3050672113895416,0.5882353186607361,0.1344403326511383
YMR220W,YOR099W,0,1.8556345,0.3049095571041107,0.5882353186607361,0.1345403641462326
YNR072W,YMR195W,0,1.8553183,0.30475205183029175,0.5882353186607361,0.1346403956413269
YKR026C,YPL156C,0,1.8531442,0.3045947253704071,0.5882353186607361,0.1347404271364212
YMR272C,YLR265C,0,1.8524234,0.3044375777244568,0.5882353186607361,0.1348404586315155
YAL005C,YJR004C,1,1.8515913,0.3047962784767151,0.589232325553894,0.1348404586315155
YLR105C,YJL012C,0,1.8515778,0.30463916063308716,0.589232325553894,0.1349404752254486
YDR052C,YDR534C,0,1.851294,0.30448222160339355,0.589232325553894,0.1350405067205429
YBR211C,YHR210C,0,1.8512478,0.3043254315853119,0.589232325553894,0.1351405382156372
YDR096W,YGR159C,0,1.8492911,0.30416882038116455,0.589232325553894,0.1352405697107315
YER036C,YPR098C,0,1.8483729,0.30401235818862915,0.589232325553894,0.1353406012058258
YPR049C,YJR135C,0,1.8480508,0.3038560450077057,0.589232325553894,0.1354406327009201
YLR268W,YFR053C,0,1.8468146,0.30369991064071655,0.589232325553894,0.1355406641960144
YNL066W,YOR009W,1,1.8462846,0.3040575385093689,0.590229332447052,0.1355406641960144
YCL051W,YLR042C,1,1.8461084,0.3044147789478302,0.59122633934021,0.1355406641960144
YGL037C,YLR075W,0,1.8443084,0.3042585849761963,0.59122633934021,0.1356406956911087
YLR452C,YGR225W,0,1.8440828,0.3041025698184967,0.59122633934021,0.135740727186203
YOR373W,YDR318W,0,1.843802,0.30394670367240906,0.59122633934021,0.1358407586812973
YGR109W-B,YIL043C,0,1.8428955,0.30379098653793335,0.59122633934021,0.1359407752752304
YNL335W,YFR031C,0,1.8428388,0.3036354184150696,0.59122633934021,0.1360408067703247
YKL206C,YGL126W,0,1.8426919,0.30348002910614014,0.59122633934021,0.136140838265419
YDL243C,YKR035W-A,0,1.8424206,0.303324818611145,0.59122633934021,0.1362408697605133
YPR100W,YML058W-A,0,1.8423698,0.30316972732543945,0.59122633934021,0.1363409012556076
YOL156W,YDR527W,0,1.8418765,0.3030148148536682,0.59122633934021,0.1364409327507019
YPL147W,YDL149W,0,1.8401916,0.3028600513935089,0.59122633934021,0.1365409642457962
YHR139C,YAL005C,1,1.8388038,0.3032159209251404,0.5922233462333679,0.1365409642457962
YJL012C,YDR377W,0,1.8383846,0.30306121706962585,0.5922233462333679,0.1366409957408905
YCL051W,YNR044W,1,1.8354073,0.3034166097640991,0.5932203531265259,0.1366409957408905
YJR150C,YDR144C,1,1.8346725,0.3037716746330261,0.5942173600196838,0.1366409957408905
YKL053C-A,YLR360W,0,1.8342762,0.3036169111728668,0.5942173600196838,0.1367410272359848
YGR279C,YPL087W,0,1.832499,0.30346232652664185,0.5942173600196838,0.1368410587310791
YDR190C,YDL024C,0,1.8322144,0.3033078908920288,0.5942173600196838,0.1369410753250122
YER056C-A,YDR178W,0,1.8305488,0.3031536042690277,0.5942173600196838,0.1370411068201065
YKL138C,YLR325C,0,1.8303571,0.30299949645996094,0.5942173600196838,0.1371411383152008
YKL024C,YDR358W,0,1.8301651,0.3028455376625061,0.5942173600196838,0.1372411698102951
YBR286W,YDL231C,0,1.8301098,0.3026917278766632,0.5942173600196838,0.1373412013053894
YDR500C,YDR427W,0,1.8295674,0.30253806710243225,0.5942173600196838,0.1374412328004837
YDL225W,YIR039C,1,1.8290783,0.30289193987846375,0.5952143669128418,0.1374412328004837
YDR018C,YIL011W,0,1.825644,0.30273833870887756,0.5952143669128418,0.137541264295578
YGL028C,YLR194C,1,1.8255149,0.30309173464775085,0.5962113738059998,0.137541264295578
YNL219C,YGL142C,0,1.8243713,0.30293819308280945,0.5962113738059998,0.1376412957906723
YDR508C,YBL058W,0,1.8235258,0.30278480052948,0.5962113738059998,0.1377413272857666
YOL051W,YNL156C,0,1.823301,0.30263158679008484,0.5962113738059998,0.1378413587808609
YGR014W,YEL059C-A,0,1.8218994,0.30247849225997925,0.5962113738059998,0.137941375374794
YKL164C,YIR039C,1,1.8216817,0.30283114314079285,0.5972083806991577,0.137941375374794
YLR441C,YGR010W,0,1.8207219,0.30267810821533203,0.5972083806991577,0.1380414068698883
YNL012W,YFL057C,0,1.8192182,0.30252525210380554,0.5972083806991577,0.1381414383649826
YGR158C,YAL012W,0,1.8184886,0.302372545003891,0.5972083806991577,0.1382414698600769
YDR226W,YPR131C,0,1.8183106,0.3022199869155884,0.5972083806991577,0.1383415013551712
YDL081C,YGL241W,0,1.8180366,0.3020675778388977,0.5972083806991577,0.1384415328502655
YBR297W,YNL243W,0,1.8172184,0.30191531777381897,0.5972083806991577,0.1385415643453598
YAL005C,YMR006C,1,1.8162233,0.30226701498031616,0.5982053875923157,0.1385415643453598
YOL104C,YNL024C,0,1.8150733,0.3021148145198822,0.5982053875923157,0.1386415958404541
YGR167W,YOL042W,0,1.8147078,0.3019627630710602,0.5982053875923157,0.1387416273355484
YML128C,YBL103C,0,1.8137469,0.3018108606338501,0.5982053875923157,0.1388416588306427
YJL024C,YDR246W,0,1.8134592,0.30165913701057434,0.5982053875923157,0.1389416754245758
YPR122W,YDL061C,0,1.8133464,0.30150753259658813,0.5982053875923157,0.1390417069196701
YLR170C,YKL056C,0,1.8115036,0.30135610699653625,0.5982053875923157,0.1391417384147644
YER168C,YER091C,0,1.8106458,0.3012048304080963,0.5982053875923157,0.1392417699098587
YML070W,YPL027W,0,1.8104575,0.3010536730289459,0.5982053875923157,0.139341801404953
YLR410W-A,YMR301C,0,1.8077147,0.30090269446372986,0.5982053875923157,0.1394418329000473
YLR120C,YLR037C,1,1.8075982,0.30125313997268677,0.5992023944854736,0.1394418329000473
YPL076W,YHR023W,0,1.8074148,0.3011021912097931,0.5992023944854736,0.1395418643951416
YMR289W,YDR158W,0,1.8074017,0.30095142126083374,0.5992023944854736,0.1396418958902359
YLR305C,YOR264W,0,1.8072624,0.30080080032348633,0.5992023944854736,0.1397419273853302
YDL083C,YPR163C,0,1.8064349,0.30065032839775085,0.5992023944854736,0.1398419588804245
YIL133C,YOR351C,0,1.8062761,0.3005000054836273,0.5992023944854736,0.1399419754743576
YNL091W,YGR161W-B,0,1.8060635,0.3003498315811157,0.5992023944854736,0.1400420069694519
YOR382W,YPL036W,0,1.8056631,0.30019980669021606,0.5992023944854736,0.1401420384645462
YNR044W,YKR042W,1,1.8046451,0.300549179315567,0.6001994013786316,0.1401420384645462
YHR064C,YOR025W,0,1.8039253,0.30039921402931213,0.6001994013786316,0.1402420699596405
YJR117W,YGR052W,0,1.8013284,0.3002493679523468,0.6001994013786316,0.1403421014547348
YGR260W,YBR271W,0,1.8008735,0.3000997006893158,0.6001994013786316,0.1404421329498291
YAL015C,YDL223C,0,1.800251,0.29995018243789673,0.6001994013786316,0.1405421644449234
YIR037W,YCR105W,0,1.7985407,0.2998007833957672,0.6001994013786316,0.1406421959400177
YDR517W,YNL244C,0,1.7980886,0.299651563167572,0.6001994013786316,0.140742227435112
YDR310C,YDR453C,0,1.7957252,0.29950249195098877,0.6001994013786316,0.1408422589302063
YLL067C,YOR039W,0,1.7954521,0.29935356974601746,0.6001994013786316,0.1409422755241394
YER109C,YPL059W,0,1.7952237,0.2992047667503357,0.6001994013786316,0.1410423070192337
YGR134W,YLR038C,0,1.7951784,0.29905614256858826,0.6001994013786316,0.141142338514328
YER025W,YBL112C,0,1.7940383,0.29890763759613037,0.6001994013786316,0.1412423700094223
YHR160C,YNL044W,0,1.7935332,0.2987593114376068,0.6001994013786316,0.1413424015045166
YJR151C,YDL049C,1,1.7934623,0.2991071343421936,0.6011964082717896,0.1413424015045166
YDL210W,YFL004W,0,1.7920254,0.29895883798599243,0.6011964082717896,0.1414424329996109
YNL259C,YMR051C,0,1.7919065,0.2988106906414032,0.6011964082717896,0.1415424644947052
YJL114W,YPL043W,0,1.7912009,0.2986626923084259,0.6011964082717896,0.1416424959897995
YKL156W,YML133C,0,1.7910434,0.29851484298706055,0.6011964082717896,0.1417425274848938
YAL007C,YGL249W,0,1.790607,0.29836714267730713,0.6011964082717896,0.1418425589799881
YOL117W,YIL079C,0,1.7904904,0.29821959137916565,0.6011964082717896,0.1419425755739212
YGR282C,YBL026W,0,1.7902504,0.2980721592903137,0.6011964082717896,0.1420426070690155
YDR122W,YLR043C,0,1.7896019,0.2979249060153961,0.6011964082717896,0.1421426385641098
YPL106C,YMR081C,0,1.7895381,0.29777777194976807,0.6011964082717896,0.1422426700592041
YLL019C,YLR414C,0,1.7889084,0.29763078689575195,0.6011964082717896,0.1423427015542984
YBR301W,YLR213C,1,1.7886536,0.2979772984981537,0.6021934151649475,0.1423427015542984
YOR262W,YMR008C,0,1.7886516,0.29783037304878235,0.6021934151649475,0.1424427330493927
YJL052W,YHR139C,1,1.7874514,0.29817643761634827,0.6031904220581055,0.1424427330493927
YOL152W,YKL026C,0,1.7871119,0.2980295419692993,0.6031904220581055,0.142542764544487
YLR029C,YER044C-A,0,1.7865239,0.2978828251361847,0.6031904220581055,0.1426427960395813
YKL181W,YBR287W,0,1.7860434,0.2977362275123596,0.6031904220581055,0.1427428275346756
YJR048W,YDR358W,0,1.7859533,0.2975897789001465,0.6031904220581055,0.1428428590297699
YFL044C,YDL205C,0,1.7857708,0.2974434494972229,0.6031904220581055,0.142942875623703
YAL041W,YOR065W,0,1.7846757,0.29729729890823364,0.6031904220581055,0.1430429071187973
YDL133C-A,YGL120C,0,1.783817,0.29715126752853394,0.6031904220581055,0.1431429386138916
YOR099W,YFL045C,0,1.7834144,0.29700541496276855,0.6031904220581055,0.1432429701089859
YOL127W,YDL045W-A,0,1.7797325,0.29685965180397034,0.6031904220581055,0.1433430016040802
YGR200C,YKL182W,0,1.7790334,0.29671406745910645,0.6031904220581055,0.1434430330991745
YPR137C-A,YOR346W,0,1.7784668,0.2965686321258545,0.6031904220581055,0.1435430645942688
YDR492W,YAL038W,0,1.7766593,0.2964233160018921,0.6031904220581055,0.1436430960893631
YDL130W-A,YLR160C,0,1.7757158,0.2962781488895416,0.6031904220581055,0.1437431275844574
YCR093W,YBR010W,0,1.7750189,0.2961331307888031,0.6031904220581055,0.1438431590795517
YMR117C,YOR236W,0,1.7749491,0.2959882616996765,0.6031904220581055,0.1439431756734848
YPL200W,YHR169W,0,1.7747428,0.2958435118198395,0.6031904220581055,0.1440432071685791
YEL040W,YNL217W,0,1.7747093,0.2956989109516144,0.6031904220581055,0.1441432386636734
YDR146C,YKR056W,0,1.7745991,0.2955544590950012,0.6031904220581055,0.1442432701587677
YNR060W,YBL026W,0,1.7732881,0.29541015625,0.6031904220581055,0.144343301653862
YML128C,YIL080W,0,1.7731376,0.29526597261428833,0.6031904220581055,0.1444433331489563
YDR380W,YCL018W,0,1.7729352,0.2951219379901886,0.6031904220581055,0.1445433646440506
YPR108W,YFL061W,0,1.772594,0.2949780523777008,0.6031904220581055,0.1446433961391449
YDR128W,YDL082W,0,1.7723801,0.29483431577682495,0.6031904220581055,0.1447434276342392
YLR460C,YGR292W,0,1.7723119,0.29469069838523865,0.6031904220581055,0.1448434591293335
YJR073C,YFR040W,0,1.7692542,0.2945472300052643,0.6031904220581055,0.1449434757232666
YMR210W,YOL059W,0,1.7690088,0.29440388083457947,0.6031904220581055,0.1450435072183609
YLR150W,YDR326C,0,1.7683861,0.294260710477829,0.6031904220581055,0.1451435387134552
YCR002C,YJR151C,1,1.767327,0.29460379481315613,0.6041874289512634,0.1451435387134552
YPL140C,YPR049C,0,1.7666473,0.294460654258728,0.6041874289512634,0.1452435702085495
YDR091C,YGL240W,0,1.7656322,0.2943176329135895,0.6041874289512634,0.1453436017036438
YDL130W-A,YCR010C,0,1.7647538,0.29417476058006287,0.6041874289512634,0.1454436331987381
YBR028C,YDR178W,0,1.7638766,0.2940320372581482,0.6041874289512634,0.1455436646938324
YLR329W,YER071C,0,1.7636738,0.29388943314552307,0.6041874289512634,0.1456436961889267
YJL013C,YPR080W,0,1.7629762,0.2937469780445099,0.6041874289512634,0.145743727684021
YFL061W,YJL121C,0,1.7626517,0.29360464215278625,0.6041874289512634,0.1458437591791153
YOR332W,YGR260W,0,1.7619108,0.29346245527267456,0.6041874289512634,0.1459437757730484
YOL020W,YKL196C,0,1.7617652,0.2933204174041748,0.6041874289512634,0.1460438072681427
YLR190W,YFL002W-A,0,1.7612475,0.293178528547287,0.6041874289512634,0.146143838763237
YOL056W,YNR002C,0,1.7599106,0.2930367588996887,0.6041874289512634,0.1462438702583313
YBR168W,YGR220C,0,1.7592256,0.29289510846138,0.6041874289512634,0.1463439017534256
YHR215W,YJL129C,0,1.7580286,0.2927536368370056,0.6041874289512634,0.1464439332485199
YML127W,YDR429C,0,1.7574422,0.2926122546195984,0.6041874289512634,0.1465439647436142
YMR049C,YGR204W,0,1.7562284,0.2924710512161255,0.6041874289512634,0.1466439962387085
YOL152W,YJR016C,0,1.7555779,0.29232996702194214,0.6041874289512634,0.1467440277338028
YNL175C,YDR503C,0,1.7546034,0.29218900203704834,0.6041874289512634,0.1468440592288971
YAL003W,YGL106W,0,1.7545798,0.2920481860637665,0.6041874289512634,0.1469440758228302
YML045W,YPL157W,0,1.7543896,0.29190751910209656,0.6041874289512634,0.1470441073179245
YLR099C,YKR105C,0,1.7538462,0.2917669713497162,0.6041874289512634,0.1471441388130188
YCL025C,YGR086C,0,1.7537727,0.29162657260894775,0.6041874289512634,0.1472441703081131
YOR195W,YML040W,0,1.7533442,0.29148629307746887,0.6041874289512634,0.1473442018032074
YDL049C,YNL160W,1,1.7523497,0.29182693362236023,0.6051844358444214,0.1473442018032074
YDL039C,YDL091C,0,1.7472625,0.29168668389320374,0.6051844358444214,0.1474442332983017
YDR077W,YDR469W,0,1.7461348,0.2915465831756592,0.6051844358444214,0.147544264793396
YJL127C,YDR425W,0,1.7432799,0.29140663146972656,0.6051844358444214,0.1476442962884903
YLR105C,YFL045C,0,1.7431264,0.2912667989730835,0.6051844358444214,0.1477443277835846
YPL144W,YDL170W,0,1.7408173,0.29112708568573,0.6051844358444214,0.1478443592786789
YPR171W,YML037C,0,1.7386434,0.2909875214099884,0.6051844358444214,0.147944375872612
YIL123W,YNR067C,1,1.7383395,0.29132726788520813,0.6061814427375793,0.147944375872612
YLR120C,YGR192C,1,1.7383088,0.2916666567325592,0.6071784496307373,0.147944375872612
YJL106W,YJR070C,0,1.7380487,0.29152703285217285,0.6071784496307373,0.1480444073677063
YNL138W,YOR267C,0,1.7378068,0.29138755798339844,0.6071784496307373,0.1481444388628006
YER137C-A,YNL236W,0,1.7372906,0.2912482023239136,0.6071784496307373,0.1482444703578949
YMR238W,YAL054C,0,1.7371805,0.29110899567604065,0.6071784496307373,0.1483445018529892
YCL025C,YLR356W,0,1.7365639,0.2909699082374573,0.6071784496307373,0.1484445333480835
YHR020W,YIL083C,0,1.7364249,0.29083094000816345,0.6071784496307373,0.1485445648431778
YHL036W,YEL054C,0,1.7353878,0.29069212079048157,0.6071784496307373,0.1486445963382721
YDR500C,YMR101C,0,1.7348061,0.29055342078208923,0.6071784496307373,0.1487446278333664
YPR160W,YGL244W,0,1.7341174,0.29041486978530884,0.6071784496307373,0.1488446593284607
YMR043W,YER095W,0,1.7325652,0.2902764678001404,0.6071784496307373,0.148944690823555
YLR410W-A,YDL148C,0,1.7321117,0.2901381552219391,0.6071784496307373,0.1490447074174881
YJR138W,YGR264C,0,1.7306167,0.28999999165534973,0.6071784496307373,0.1491447389125824
YOR214C,YJL078C,1,1.7305851,0.2903379201889038,0.6081754565238953,0.1491447389125824
YER178W,YDR014W,0,1.7304367,0.29019981622695923,0.6081754565238953,0.1492447704076767
YHR025W,YBR158W,0,1.729887,0.2900618016719818,0.6081754565238953,0.149344801902771
YLL016W,YLR401C,0,1.7272024,0.2899239659309387,0.6081754565238953,0.1494448333978653
YBR067C,YGL032C,1,1.7270665,0.29026126861572266,0.6091724634170532,0.1494448333978653
YAR050W,YOL030W,1,1.7269847,0.2905983030796051,0.6101694703102112,0.1494448333978653
YDR158W,YEL070W,0,1.7267619,0.29046037793159485,0.6101694703102112,0.1495448648929596
YAR031W,YDR032C,0,1.7265546,0.29032257199287415,0.6101694703102112,0.1496448963880539
YOR036W,YER060W,0,1.7262766,0.2901849150657654,0.6101694703102112,0.1497449278831482
YGR109W-B,YNL258C,0,1.7260439,0.29004740715026855,0.6101694703102112,0.1498449593782425
YCL051W,YNL190W,1,1.7255895,0.2903836965560913,0.6111664772033691,0.1498449593782425
YHR210C,YPL179W,0,1.7245373,0.29024621844291687,0.6111664772033691,0.1499449908733368
YDR134C,YLR118C,0,1.7240603,0.290108859539032,0.6111664772033691,0.1500450074672699
YIL124W,YKL080W,0,1.7216539,0.28997161984443665,0.6111664772033691,0.1501450389623642
YJL212C,YJR133W,0,1.7214413,0.28983452916145325,0.6111664772033691,0.1502450704574585
YMR276W,YBL113C,0,1.7213782,0.289697527885437,0.6111664772033691,0.1503451019525528
YHR215W,YKR104W,0,1.719489,0.2895607054233551,0.6111664772033691,0.1504451334476471
YGR143W,YPL233W,0,1.7194134,0.28942397236824036,0.6111664772033691,0.1505451649427414
YJL089W,YMR193W,0,1.7191038,0.28928738832473755,0.6111664772033691,0.1506451964378357
YPR138C,YIL026C,0,1.7176795,0.2891509532928467,0.6111664772033691,0.15074522793293
YMR269W,YBL030C,0,1.7169234,0.289014607667923,0.6111664772033691,0.1508452594280243
YLR035C-A,YLR083C,0,1.7166805,0.2888784110546112,0.6111664772033691,0.1509452909231186
YHR190W,YBR196C,0,1.7165014,0.288742333650589,0.6111664772033691,0.1510453075170517
YKL164C,YER011W,1,1.7161984,0.2890772223472595,0.6121634840965271,0.1510453075170517
YMR217W,YMR042W,0,1.7156608,0.2889411747455597,0.6121634840965271,0.151145339012146
YMR237W,YDL245C,0,1.7148273,0.2888052761554718,0.6121634840965271,0.1512453705072403
YOR273C,YDR081C,0,1.7145036,0.28866949677467346,0.6121634840965271,0.1513454020023346
YER159C-A,YJL221C,0,1.714494,0.2885338366031647,0.6121634840965271,0.1514454334974289
YMR321C,YGL103W,0,1.7142162,0.28839829564094543,0.6121634840965271,0.1515454649925232
YOL142W,YLR466W,0,1.7121053,0.28826290369033813,0.6121634840965271,0.1516454964876175
YGL006W,YPL050C,0,1.7105404,0.2881276309490204,0.6121634840965271,0.1517455279827118
YDR134C,YOR382W,1,1.7103543,0.2884615361690521,0.6131604909896851,0.1517455279827118
YKR061W,YNL263C,0,1.7087069,0.28832629323005676,0.6131604909896851,0.1518455594778061
YJR138W,YJL026W,0,1.7079328,0.28819119930267334,0.6131604909896851,0.1519455909729004
YLL045C,YEL002C,0,1.7065458,0.2880561947822571,0.6131604909896851,0.1520456075668335
YDR270W,YJL164C,0,1.7064329,0.28792133927345276,0.6131604909896851,0.1521456390619278
YDR245W,YHL034C,0,1.7060952,0.287786602973938,0.6131604909896851,0.1522456705570221
YDL115C,YDL148C,0,1.7054868,0.28765201568603516,0.6131604909896851,0.1523457020521164
YNR067C,YNL300W,1,1.7051389,0.28798502683639526,0.614157497882843,0.1523457020521164
YIL160C,YBL076C,0,1.7049909,0.2878504693508148,0.614157497882843,0.1524457335472107
YGL026C,YOR288C,0,1.7049646,0.2877160310745239,0.614157497882843,0.152545765042305
YBR158W,YMR076C,0,1.7042835,0.2875817120075226,0.614157497882843,0.1526457965373993
YNL015W,YBL005W,0,1.7032979,0.2874475121498108,0.614157497882843,0.1527458280324936
YJL060W,YHR150W,0,1.703287,0.28731343150138855,0.614157497882843,0.1528458595275879
YEL031W,YLR044C,0,1.7027105,0.28717949986457825,0.614157497882843,0.1529458910226822
YJL172W,YOR209C,0,1.7022521,0.2870456576347351,0.614157497882843,0.1530459076166153
YLR429W,YPR016C,0,1.7016163,0.2869119644165039,0.614157497882843,0.1531459391117096
YMR304W,YMR081C,0,1.7013309,0.28677839040756226,0.614157497882843,0.1532459706068039
YOR290C,YKL081W,0,1.7010949,0.28664496541023254,0.614157497882843,0.1533460021018982
YFR005C,YLL018C,0,1.7008439,0.28651162981987,0.614157497882843,0.1534460335969925
YPL019C,YGL249W,0,1.6994189,0.2863784432411194,0.614157497882843,0.1535460650920868
YPL018W,YPL099C,0,1.6988115,0.28624534606933594,0.614157497882843,0.1536460965871811
YGL096W,YDL074C,0,1.6980171,0.28611239790916443,0.614157497882843,0.1537461280822754
YOL142W,YKL094W,0,1.697654,0.28597956895828247,0.614157497882843,0.1538461595773697
YMR025W,YER002W,0,1.6958172,0.28584685921669006,0.614157497882843,0.153946191072464
YIL145C,YLR172C,0,1.6953864,0.2857142984867096,0.614157497882843,0.1540462076663971
YKL182W,YEL054C,0,1.6947176,0.2855818271636963,0.614157497882843,0.1541462391614914
YLL011W,YCL004W,0,1.6945422,0.2854495048522949,0.614157497882843,0.1542462706565857
YHR041C,YNL243W,0,1.6944218,0.2853172719478607,0.614157497882843,0.15434630215168
YKL190W,YMR307W,0,1.6938386,0.28518518805503845,0.614157497882843,0.1544463336467743
YEL065W,YDL008W,0,1.6928577,0.28505322337150574,0.614157497882843,0.1545463651418686
YBR067C,YKL096W,1,1.6913476,0.2853839099407196,0.6151545643806458,0.1545463651418686
YOR099W,YEL054C,0,1.6912384,0.2852519750595093,0.6151545643806458,0.1546463966369629
YBL093C,YML129C,0,1.6909962,0.2851201593875885,0.6151545643806458,0.1547464281320572
YOL132W,YLR213C,1,1.6908641,0.2854503393173218,0.6161515712738037,0.1547464281320572
YMR285C,YLR160C,0,1.6877944,0.2853185534477234,0.6161515712738037,0.1548464596271515
YGR296W,YGR086C,0,1.6871495,0.28518688678741455,0.6161515712738037,0.1549464911222458
YER125W,YGR086C,0,1.6864929,0.28505533933639526,0.6161515712738037,0.1550465077161789
YBL063W,YMR230W,0,1.6864829,0.2849239408969879,0.6161515712738037,0.1551465392112732
YER178W,YOR306C,0,1.6863513,0.28479263186454773,0.6161515712738037,0.1552465707063675
YLR060W,YOR120W,0,1.686205,0.2846614420413971,0.6161515712738037,0.1553466022014618
YML125C,YLL041C,0,1.6844513,0.2845304012298584,0.6161515712738037,0.1554466336965561
YFR005C,YHR132C,0,1.6832769,0.28439944982528687,0.6161515712738037,0.1555466651916504
YNR044W,YLR373C,0,1.6828868,0.2842686176300049,0.6161515712738037,0.1556466966867447
YHR029C,YJL089W,0,1.6822585,0.28413793444633484,0.6161515712738037,0.155746728181839
YGL116W,YPL198W,0,1.6821377,0.28400734066963196,0.6161515712738037,0.1558467596769333
YER148W,YBR189W,0,1.6812211,0.283876895904541,0.6161515712738037,0.1559467911720276
YGR084C,YDL055C,0,1.6800212,0.2837465703487396,0.6161515712738037,0.1560468077659607
YKL165C,YOR214C,1,1.6791313,0.2840752601623535,0.6171485781669617,0.1560468077659607
YPR163C,YGR254W,0,1.6779779,0.2839449644088745,0.6171485781669617,0.156146839261055
YIR032C,YMR194W,0,1.6761432,0.28381475806236267,0.6171485781669617,0.1562468707561493
YOR319W,YBL011W,0,1.6757314,0.28368470072746277,0.6171485781669617,0.1563469022512436
YFL002W-B,YPR110C,0,1.6751227,0.28355473279953003,0.6171485781669617,0.1564469337463379
YJR117W,YDR284C,0,1.6748049,0.28342491388320923,0.6171485781669617,0.1565469652414322
YGR109W-B,YJR127C,0,1.6744146,0.2832951843738556,0.6171485781669617,0.1566469967365265
YKL082C,YGL009C,0,1.6727259,0.2831656038761139,0.6171485781669617,0.1567470282316208
YGR235C,YOR020C,0,1.6726791,0.28303611278533936,0.6171485781669617,0.1568470597267151
YIL036W,YGL031C,0,1.6718636,0.28290677070617676,0.6171485781669617,0.1569470912218094
YBR248C,YCL054W,0,1.670677,0.2827775180339813,0.6171485781669617,0.1570471078157425
YJL089W,YGL205W,0,1.6693895,0.2826484143733978,0.6171485781669617,0.1571471393108368
YKL191W,YKL124W,0,1.669274,0.2825194001197815,0.6171485781669617,0.1572471708059311
YOR393W,YOR204W,0,1.6682743,0.2823905050754547,0.6171485781669617,0.1573472023010254
YOR382W,YPR002W,0,1.6678107,0.2822617292404175,0.6171485781669617,0.1574472337961197
YOL101C,YPL194W,0,1.6673824,0.2821331024169922,0.6171485781669617,0.157547265291214
YJR076C,YNL007C,0,1.6659067,0.28200456500053406,0.6171485781669617,0.1576472967863083
YJL171C,YKL096W,1,1.6655895,0.28233152627944946,0.6181455850601196,0.1576472967863083
YGL090W,YHR046C,0,1.6647944,0.2822030186653137,0.6181455850601196,0.1577473282814026
YBR247C,YER041W,0,1.664774,0.28207460045814514,0.6181455850601196,0.1578473597764969
YDR131C,YER150W,0,1.6644804,0.2819463312625885,0.6181455850601196,0.1579473912715912
YBR040W,YDL225W,1,1.6641475,0.28227272629737854,0.6191425919532776,0.1579473912715912
YCL035C,YIR004W,0,1.6639853,0.2821444869041443,0.6191425919532776,0.1580474078655243
YER159C-A,YHL016C,0,1.6626728,0.2820163369178772,0.6191425919532776,0.1581474393606186
YGR010W,YML052W,0,1.661839,0.28188833594322205,0.6191425919532776,0.1582474708557129
YPL143W,YIL048W,0,1.660333,0.28176042437553406,0.6191425919532776,0.1583475023508072
YFR025C,YFR047C,0,1.660137,0.281632661819458,0.6191425919532776,0.1584475338459015
YLR314C,YMR238W,1,1.6584935,0.28195828199386597,0.6201395988464355,0.1584475338459015
YKR096W,YNR043W,0,1.6584188,0.2818305492401123,0.6201395988464355,0.1585475653409958
YJL225C,YPR096C,0,1.6578164,0.2817029058933258,0.6201395988464355,0.1586475968360901
YOR010C,YLR040C,1,1.6573178,0.28202807903289795,0.6211366057395935,0.1586475968360901
YHR211W,YLR040C,1,1.6564026,0.2823529541492462,0.6221336126327515,0.1586475968360901
YBR169C,YKL061W,0,1.6538858,0.28222525119781494,0.6221336126327515,0.1587476283311844
YER159C,YBR238C,0,1.6534871,0.28209763765335083,0.6221336126327515,0.1588476598262787
YHR052W,YEL050C,0,1.6526763,0.28197017312049866,0.6221336126327515,0.15894769132137299
YMR017W,YBR168W,0,1.6526222,0.28184282779693604,0.6221336126327515,0.1590477079153061
YHR214W,YMR290C,0,1.652462,0.2817155718803406,0.6221336126327515,0.1591477394104004
YIR006C,YBR016W,0,1.6516593,0.28158843517303467,0.6221336126327515,0.1592477709054947
YJL174W,YLL012W,0,1.6509597,0.2814614474773407,0.6221336126327515,0.159347802400589
YDR003W,YCR012W,0,1.6499208,0.2813345491886139,0.6221336126327515,0.1594478338956833
YHL011C,YJR059W,0,1.6497245,0.28120774030685425,0.6221336126327515,0.1595478653907776
YLR078C,YMR136W,0,1.6492747,0.28108108043670654,0.6221336126327515,0.1596478968858719
YDR533C,YGL005C,0,1.6492734,0.2809545397758484,0.6221336126327515,0.1597479283809662
YAR042W,YCL064C,0,1.6491787,0.2808280885219574,0.6221336126327515,0.15984795987606049
YJR006W,YFR015C,0,1.6490657,0.28070175647735596,0.6221336126327515,0.15994799137115479
YDR200C,YER117W,0,1.6490201,0.28057554364204407,0.6221336126327515,0.1600480079650879
YDL075W,YML051W,0,1.6487436,0.28044945001602173,0.6221336126327515,0.1601480394601822
YOR242C,YOR382W,1,1.6487322,0.28077268600463867,0.6231306195259094,0.1601480394601822
YFR036W,YFL014W,0,1.6486382,0.2806466221809387,0.6231306195259094,0.1602480709552765
YDL200C,YDR516C,0,1.6475202,0.28052064776420593,0.6231306195259094,0.1603481024503708
YCR046C,YHR021C,0,1.6474711,0.2803947925567627,0.6231306195259094,0.1604481339454651
YJL158C,YEL040W,1,1.6435058,0.28071749210357666,0.6241276264190674,0.1604481339454651
YLR353W,YML048W,0,1.6433058,0.2805916666984558,0.6241276264190674,0.1605481654405594
YKL191W,YHR150W,0,1.6427495,0.2804659605026245,0.6241276264190674,0.1606481969356537
YGR292W,YOR138C,0,1.642577,0.2803403437137604,0.6241276264190674,0.16074822843074799
YGR109W-A,YFL017W-A,0,1.6419914,0.2802148759365082,0.6241276264190674,0.16084825992584229
YHR211W,YLR194C,1,1.6418822,0.2805369198322296,0.6251246333122253,0.16084825992584229
YMR136W,YGR088W,0,1.6418694,0.2804114520549774,0.6251246333122253,0.16094829142093658
YJR078W,YKL143W,0,1.64152,0.28028610348701477,0.6251246333122253,0.1610483080148697
YBR105C,YMR256C,0,1.6380527,0.2801608443260193,0.6251246333122253,0.161148339509964
YIL160C,YDL114W,0,1.6373751,0.28003573417663574,0.6251246333122253,0.1612483710050583
YER011W,YLR155C,1,1.6365862,0.28035715222358704,0.6261216402053833,0.1612483710050583
YLR153C,YBR267W,0,1.6361189,0.2802320420742035,0.6261216402053833,0.1613484025001526
YMR050C,YBR096W,0,1.6356623,0.2801070511341095,0.6261216402053833,0.1614484339952469
YDL215C,YDR447C,0,1.6356465,0.27998217940330505,0.6261216402053833,0.1615484654903412
YNL188W,YFL045C,0,1.6355503,0.2798573970794678,0.6261216402053833,0.16164849698543549
YIL002C,YDL003W,0,1.6354202,0.27973273396492004,0.6261216402053833,0.16174852848052979
YOR010C,YJR076C,1,1.6353527,0.28005343675613403,0.6271186470985413,0.16174852848052979
YDR320C,YCL025C,0,1.6349087,0.2799288034439087,0.6271186470985413,0.16184855997562408
YBR202W,YPL240C,0,1.6328323,0.2798042595386505,0.6271186470985413,0.16194859147071838
YML058W-A,YBR082C,0,1.6323477,0.2796798646450043,0.6271186470985413,0.1620486080646515
YLR286C,YPL065W,0,1.6316036,0.2795555591583252,0.6271186470985413,0.1621486395597458
YIR032C,YER056C,0,1.6313839,0.27943137288093567,0.6271186470985413,0.1622486710548401
YDR353W,YDR218C,0,1.6312809,0.2793072760105133,0.6271186470985413,0.1623487025499344
YMR046C,YHR005C,0,1.6309125,0.2791832983493805,0.6271186470985413,0.1624487340450287
YCR091W,YNL025C,0,1.6301259,0.27905943989753723,0.6271186470985413,0.16254876554012299
YHR060W,YNR022C,0,1.6293553,0.2789357006549835,0.6271186470985413,0.16264879703521729
YBR093C,YGR072W,0,1.6290041,0.278812050819397,0.6271186470985413,0.16274882853031158
YLR286C,YML006C,0,1.6274636,0.2786885201931,0.6271186470985413,0.16284886002540588
YJR119C,YDR400W,0,1.6272323,0.27856510877609253,0.6271186470985413,0.16294889152050018
YML016C,YGL087C,0,1.6271632,0.27844178676605225,0.6271186470985413,0.1630489081144333
YPR071W,YJR021C,0,1.6269716,0.2783185839653015,0.6271186470985413,0.1631489396095276
YIL171W,YIL173W,0,1.6269075,0.27819550037384033,0.6271186470985413,0.1632489711046219
YIL123W,YHL050C,0,1.6268975,0.2780725061893463,0.6271186470985413,0.1633490025997162
YLR006C,YML036W,0,1.6268694,0.27794963121414185,0.6271186470985413,0.16344903409481049
YJR094W-A,YLR139C,0,1.6259452,0.27782684564590454,0.6271186470985413,0.16354906558990479
YKR030W,YPR035W,0,1.6251158,0.2777042090892792,0.6271186470985413,0.16364909708499908
YJL212C,YLR193C,0,1.6245167,0.2775816321372986,0.6271186470985413,0.16374912858009338
YNL135C,YBR092C,0,1.6234577,0.27745920419692993,0.6271186470985413,0.16384916007518768
YEL030W,YDR257C,0,1.6233165,0.27733686566352844,0.6271186470985413,0.16394919157028198
YBL056W,YJR016C,0,1.6206012,0.2772146463394165,0.6271186470985413,0.1640492081642151
YJR119C,YOL127W,0,1.619968,0.27709251642227173,0.6271186470985413,0.1641492396593094
YGL194C,YBR052C,0,1.619839,0.2769705057144165,0.6271186470985413,0.1642492711544037
YCR072C,YOL107W,0,1.6195476,0.27684858441352844,0.6271186470985413,0.16434930264949799
YGL039W,YOR032C,0,1.6178606,0.27672678232192993,0.6271186470985413,0.16444933414459229
YPL101W,YBR297W,0,1.6176316,0.27660509943962097,0.6271186470985413,0.16454936563968658
YOR190W,YOR009W,1,1.6167334,0.2769230902194977,0.6281156539916992,0.16454936563968658
YGR264C,YJL124C,0,1.6160887,0.2768014073371887,0.6281156539916992,0.16464939713478088
YOR343W-B,YGL115W,0,1.6144506,0.2766798436641693,0.6281156539916992,0.16474942862987518
YLR411W,YGR070W,0,1.6134781,0.27655839920043945,0.6281156539916992,0.16484946012496948
YLR017W,YLR315W,0,1.6134362,0.27643704414367676,0.6281156539916992,0.16494949162006378
YOR142W,YPR007C,0,1.6118957,0.2763157784938812,0.6281156539916992,0.1650495082139969
YLR327C,YGR274C,0,1.6115046,0.27619466185569763,0.6281156539916992,0.1651495397090912
YJR009C,YNL045W,0,1.6104579,0.2760736048221588,0.6281156539916992,0.16524957120418549
YPR017C,YFR032C-A,0,1.6104267,0.27595269680023193,0.6281156539916992,0.16534960269927979
YKR094C,YIL074C,0,1.6099973,0.2758318781852722,0.6281156539916992,0.16544963419437408
YML085C,YBR029C,0,1.6097734,0.27571114897727966,0.6281156539916992,0.16554966568946838
YOL080C,YOL151W,0,1.6097635,0.27559053897857666,0.6281156539916992,0.16564969718456268
YDR268W,YEL002C,0,1.6097541,0.2754700481891632,0.6281156539916992,0.16574972867965698
YOR246C,YGR109W-A,0,1.6094273,0.2753496468067169,0.6281156539916992,0.16584976017475128
YHR211W,YNR067C,1,1.6089363,0.2756662368774414,0.6291126608848572,0.16584976017475128
YDR103W,YOR374W,0,1.6088734,0.2755458652973175,0.6291126608848572,0.16594979166984558
YJL159W,YMR251W-A,1,1.6084391,0.27586206793785095,0.6301096677780151,0.16594979166984558
YLR278C,YCL075W,0,1.608047,0.27574169635772705,0.6301096677780151,0.1660498082637787
YLR286C,YOL030W,1,1.6077201,0.27605757117271423,0.6311066746711731,0.1660498082637787
YNL278W,YGR238C,0,1.6076846,0.2759372293949127,0.6311066746711731,0.16614983975887299
YBR058C,YOR323C,0,1.6074655,0.27581700682640076,0.6311066746711731,0.16624987125396729
YNL131W,YLL011W,0,1.606719,0.27569687366485596,0.6311066746711731,0.16634990274906158
YDL040C,YML101C,0,1.6064119,0.2755768299102783,0.6311066746711731,0.16644993424415588
YHR181W,YOR233W,0,1.6062458,0.27545690536499023,0.6311066746711731,0.16654996573925018
YJL171C,YJL174W,1,1.60621,0.2757720649242401,0.632103681564331,0.16654996573925018
YFR001W,YPR156C,0,1.6061387,0.2756521701812744,0.632103681564331,0.16664999723434448
YMR049C,YGR109W-A,0,1.6057854,0.2755323648452759,0.632103681564331,0.16675002872943878
YLR035C-A,YDR238C,0,1.6048862,0.2754126787185669,0.632103681564331,0.16685006022453308
YOR294W,YKL171W,0,1.6048824,0.2752930819988251,0.632103681564331,0.16695009171962738
YCR021C,YFR027W,0,1.6047862,0.2751736044883728,0.632103681564331,0.16705010831356049
YDR146C,YMR049C,0,1.6044335,0.2750542163848877,0.632103681564331,0.16715013980865479
YDR292C,YDR285W,0,1.6043421,0.27493494749069214,0.632103681564331,0.16725017130374908
YDL085W,YDL240W,0,1.6042248,0.27481576800346375,0.632103681564331,0.16735020279884338
YOL121C,YLR277C,0,1.6038014,0.2746967077255249,0.632103681564331,0.16745023429393768
YOR369C,YPL269W,0,1.6034209,0.2745777368545532,0.632103681564331,0.16755026578903198
YMR235C,YPL061W,0,1.6011162,0.2744588851928711,0.632103681564331,0.16765029728412628
YMR240C,YBL005W-B,0,1.6003155,0.27434012293815613,0.632103681564331,0.16775032877922058
YPL203W,YOL031C,0,1.6000849,0.2742214500904083,0.632103681564331,0.16785036027431488
YNL020C,YGL142C,0,1.5991756,0.2741028964519501,0.632103681564331,0.16795039176940918
YGR170W,YPL153C,0,1.5985786,0.273984432220459,0.632103681564331,0.16805040836334229
YDR222W,YGL191W,0,1.597908,0.27386608719825745,0.632103681564331,0.16815043985843658
YHR139C,YBR067C,1,1.596727,0.274179607629776,0.633100688457489,0.16815043985843658
YJR104C,YML034W,0,1.5966884,0.27406129240989685,0.633100688457489,0.16825047135353088
YBL008W,YNR074C,0,1.5962989,0.27394306659698486,0.633100688457489,0.16835050284862518
YIL123W,YOL057W,0,1.5962741,0.27382493019104004,0.633100688457489,0.16845053434371948
YPL113C,YNL233W,0,1.5958775,0.2737068831920624,0.633100688457489,0.16855056583881378
YJL110C,YBR101C,0,1.594307,0.27358895540237427,0.633100688457489,0.16865059733390808
YKR103W,YGL103W,0,1.5936403,0.2734711468219757,0.633100688457489,0.16875062882900238
YNL239W,YBR212W,0,1.5918154,0.2733534276485443,0.633100688457489,0.16885066032409668
YGR211W,YDL216C,0,1.5902343,0.2732357978820801,0.633100688457489,0.16895069181919098
YGR109W-B,YDR345C,0,1.5887569,0.2731182873249054,0.633100688457489,0.16905070841312408
YBR012W-B,YHR047C,0,1.5866351,0.2730008661746979,0.633100688457489,0.16915073990821838
YDL208W,YLR220W,0,1.5860268,0.2728835344314575,0.633100688457489,0.16925077140331268
YGR109W-B,YJR070C,0,1.5853256,0.2727663218975067,0.633100688457489,0.16935080289840698
YMR169C,YER126C,0,1.5846249,0.27264919877052307,0.633100688457489,0.16945083439350128
YDR170W-A,YDR405W,0,1.5842401,0.272532194852829,0.633100688457489,0.16955086588859558
YGR037C,YGL084C,0,1.5839567,0.27241528034210205,0.633100688457489,0.16965089738368988
YOL092W,YLR054C,0,1.5832222,0.2722984552383423,0.633100688457489,0.16975092887878418
YBR072W,YFR041C,0,1.5819285,0.27218174934387207,0.633100688457489,0.16985096037387848
YPL112C,YEL070W,0,1.5808463,0.272065132856369,0.633100688457489,0.16995099186897278
YOL026C,YJL196C,0,1.5801609,0.27194860577583313,0.633100688457489,0.17005100846290588
YJR127C,YDR174W,0,1.5798397,0.2718321979045868,0.633100688457489,0.17015103995800018
YAL033W,YOR358W,0,1.5792487,0.2717158794403076,0.633100688457489,0.17025107145309448
YJL012C,YOL062C,0,1.5785296,0.2715996503829956,0.633100688457489,0.17035110294818878
YHR139C,YNL190W,1,1.5778478,0.271911084651947,0.634097695350647,0.17035110294818878
YNL145W,YPL076W,0,1.5772107,0.2717948853969574,0.634097695350647,0.17045113444328308
YNL306W,YDL225W,0,1.5764885,0.27167877554893494,0.634097695350647,0.17055116593837738
YBR028C,YPL183C,0,1.5761507,0.27156275510787964,0.634097695350647,0.17065119743347168
YHL027W,YOR084W,0,1.5745838,0.2714468538761139,0.634097695350647,0.17075122892856598
YBL025W,YGR012W,0,1.5734799,0.2713310718536377,0.634097695350647,0.17085126042366028
YBR069C,YDL202W,0,1.5731332,0.2712153494358063,0.634097695350647,0.17095129191875458
YIL052C,YJL141C,0,1.5729433,0.2710997462272644,0.634097695350647,0.17105130851268768
YGL030W,YPL099C,0,1.5728588,0.2709842324256897,0.634097695350647,0.17115134000778198
YDL061C,YER106W,0,1.5721197,0.27086883783340454,0.634097695350647,0.17125137150287628
YOL061W,YHR215W,0,1.5714428,0.27075350284576416,0.634097695350647,0.17135140299797058
YOL155C,YLR337C,0,1.5695726,0.27063828706741333,0.634097695350647,0.17145143449306488
YHR074W,YFR014C,0,1.5679601,0.27052319049835205,0.634097695350647,0.17155146598815918
YDR377W,YMR269W,0,1.5676366,0.27040815353393555,0.634097695350647,0.17165149748325348
YDL185W,YBR037C,0,1.5664214,0.2702932357788086,0.634097695350647,0.17175152897834778
YJL078C,YHR143W,1,1.5661101,0.2706032395362854,0.6350947022438049,0.17175152897834778
YFR031C-A,YEL024W,0,1.56532,0.27048832178115845,0.6350947022438049,0.17185156047344208
YLR409C,YNL052W,0,1.5651906,0.27037352323532104,0.6350947022438049,0.17195159196853638
YDR009W,YDR373W,0,1.5649238,0.2702588140964508,0.6350947022438049,0.17205160856246948
YPR137C-A,YNL070W,0,1.5647541,0.27014419436454773,0.6350947022438049,0.17215164005756378
YNL015W,YFL021W,0,1.5643609,0.2700296640396118,0.6350947022438049,0.17225167155265808
YGR061C,YOR384W,0,1.5633557,0.26991525292396545,0.6350947022438049,0.17235170304775238
YGR295C,YEL019C,0,1.5616645,0.26980093121528625,0.6350947022438049,0.17245173454284668
YKL026C,YHR056C,0,1.561614,0.2696866989135742,0.6350947022438049,0.17255176603794098
YDR386W,YHR070W,0,1.5601249,0.26957258582115173,0.6350947022438049,0.17265179753303528
YGL203C,YPL135W,0,1.5598764,0.269458532333374,0.6350947022438049,0.17275182902812958
YJL129C,YPL224C,0,1.5598263,0.26934459805488586,0.6350947022438049,0.17285186052322388
YDR090C,YOR187W,0,1.5593457,0.26923078298568726,0.6350947022438049,0.17295189201831818
YDR545W,YER137C-A,0,1.5590136,0.2691170275211334,0.6350947022438049,0.17305190861225128
YHL028W,YLR127C,0,1.558782,0.26900339126586914,0.6350947022438049,0.17315194010734558
YDR098C-B,YFL066C,0,1.5586056,0.26888981461524963,0.6350947022438049,0.17325197160243988
YLR151C,YJL170C,0,1.5581434,0.2687763571739197,0.6350947022438049,0.17335200309753418
YKL182W,YNL238W,0,1.5579497,0.2686630189418793,0.6350947022438049,0.17345203459262848
YBR202W,YGR264C,0,1.557581,0.26854974031448364,0.6350947022438049,0.17355206608772278
YMR297W,YFL017W-A,0,1.556936,0.26843658089637756,0.6350947022438049,0.17365209758281708
YIL134W,YFR025C,0,1.5566738,0.26832351088523865,0.6350947022438049,0.17375212907791138
YPL036W,YPR120C,0,1.5547196,0.2682105302810669,0.6350947022438049,0.17385216057300568
YBR059C,YGR032W,0,1.553761,0.2680976390838623,0.6350947022438049,0.17395219206809998
YBL087C,YDR376W,0,1.5531089,0.26798486709594727,0.6350947022438049,0.17405220866203308
YOL078W,YNL001W,0,1.5530756,0.267872154712677,0.6350947022438049,0.17415224015712738
YKL043W,YMR127C,0,1.5520008,0.2677595615386963,0.6350947022438049,0.17425227165222168
YOR215C,YML101C,0,1.5503743,0.26764705777168274,0.6350947022438049,0.17435230314731598
YJL225C,YKL032C,0,1.5478342,0.26753464341163635,0.6350947022438049,0.17445233464241028
YGL225W,YLR130C,0,1.5466391,0.2674223482608795,0.6350947022438049,0.17455236613750458
YNR072W,YPR011C,0,1.5465758,0.26731011271476746,0.6350947022438049,0.17465239763259888
YNL190W,YOR214C,1,1.545921,0.26761746406555176,0.6360917091369629,0.17465239763259888
YGL206C,YLR024C,0,1.5457537,0.2675052285194397,0.6360917091369629,0.17475242912769318
YOL082W,YER126C,0,1.543532,0.2673931121826172,0.6360917091369629,0.17485246062278748
YLL053C,YAL063C,0,1.5431002,0.26728111505508423,0.6360917091369629,0.17495249211788177
YJL013C,YML048W,0,1.5430032,0.26716917753219604,0.6360917091369629,0.17505250871181488
YGL103W,YOR110W,0,1.5425763,0.2670573592185974,0.6360917091369629,0.17515254020690918
YIL053W,YBR067C,0,1.542367,0.26694560050964355,0.6360917091369629,0.17525257170200348
YER031C,YCR107W,0,1.5418836,0.26683396100997925,0.6360917091369629,0.17535260319709778
YNL238W,YOL100W,0,1.5418735,0.2667224109172821,0.6360917091369629,0.17545263469219208
YGL200C,YFR031C-A,0,1.5402812,0.2666109502315521,0.6360917091369629,0.17555266618728638
YGR279C,YKR096W,0,1.5396112,0.2664995789527893,0.6360917091369629,0.17565269768238068
YHR161C,YFR040W,0,1.5388008,0.26638829708099365,0.6360917091369629,0.17575272917747498
YDR289C,YDR492W,0,1.5387082,0.26627713441848755,0.6360917091369629,0.17585276067256927
YKL026C,YDR160W,0,1.5386705,0.2661660313606262,0.6360917091369629,0.17595279216766357
YCR065W,YOL002C,0,1.5383949,0.26605504751205444,0.6360917091369629,0.17605280876159668
YDR483W,YNL102W,0,1.5382515,0.26594415307044983,0.6360917091369629,0.17615284025669098
YDL022W,YOR374W,0,1.5381603,0.2658333480358124,0.6360917091369629,0.17625287175178528
YDL135C,YCR045C,0,1.5374242,0.2657226026058197,0.6360917091369629,0.17635290324687958
YNL065W,YBR295W,0,1.5369787,0.2656119763851166,0.6360917091369629,0.17645293474197388
YGR109W-B,YOR374W,0,1.5364921,0.265501469373703,0.6360917091369629,0.17655296623706818
YIR012W,YCR105W,0,1.5363231,0.2653910219669342,0.6360917091369629,0.17665299773216248
YJL133W,YEL048C,0,1.5359178,0.26528066396713257,0.6360917091369629,0.17675302922725677
YNL046W,YJL071W,0,1.5355438,0.2651703953742981,0.6360917091369629,0.17685306072235107
YOR034C,YGR109W-A,0,1.5349212,0.2650602459907532,0.6360917091369629,0.17695309221744537
YGR205W,YNL048W,0,1.5347003,0.264950156211853,0.6360917091369629,0.17705310881137848
YLR307W,YMR008C,1,1.5338899,0.26525530219078064,0.6370887160301208,0.17705310881137848
YOR027W,YDL061C,0,1.5338235,0.2651452422142029,0.6370887160301208,0.17715314030647278
YKL011C,YNR070W,0,1.5333661,0.2650352418422699,0.6370887160301208,0.17725317180156708
YPL280W,YOR066W,0,1.5328939,0.26492536067962646,0.6370887160301208,0.17735320329666138
YOR209C,YMR300C,0,1.532614,0.2648155689239502,0.6370887160301208,0.17745323479175568
YNR021W,YHR172W,0,1.5325164,0.2647058963775635,0.6370887160301208,0.17755326628684998
YGR161W-B,YOR310C,0,1.5323194,0.26459628343582153,0.6370887160301208,0.17765329778194427
YHR146W,YFR003C,0,1.5321851,0.26448675990104675,0.6370887160301208,0.17775332927703857
YMR150C,YKL085W,0,1.5314431,0.26437732577323914,0.6370887160301208,0.17785336077213287
YKR089C,YDR210W-B,0,1.5314136,0.2642679810523987,0.6370887160301208,0.17795339226722717
YOL026C,YIL171W,0,1.5310067,0.2641587555408478,0.6370887160301208,0.17805340886116028
YGR138C,YKR026C,0,1.5309122,0.26404958963394165,0.6370887160301208,0.17815344035625458
YEL040W,YMR306W,0,1.530474,0.2639405131340027,0.6370887160301208,0.17825347185134888
YGR180C,YNL068C,0,1.5301316,0.26383155584335327,0.6370887160301208,0.17835350334644318
YGR194C,YJL006C,0,1.5300899,0.26372265815734863,0.6370887160301208,0.17845353484153748
YER025W,YMR210W,0,1.5296578,0.26361384987831116,0.6370887160301208,0.17855356633663177
YDL129W,YBR046C,0,1.5289978,0.26350516080856323,0.6370887160301208,0.17865359783172607
YMR211W,YML100W,0,1.5279654,0.2633965313434601,0.6370887160301208,0.17875362932682037
YDR170W-A,YGR264C,0,1.5278854,0.2632880210876465,0.6370887160301208,0.17885366082191467
YER177W,YIL022W,0,1.5276343,0.26317957043647766,0.6370887160301208,0.17895369231700897
YER159C-A,YOR204W,0,1.5274036,0.263071209192276,0.6370887160301208,0.17905370891094208
YGR218W,YJR029W,0,1.5259423,0.2629629671573639,0.6370887160301208,0.17915374040603638
YKR085C,YBR089C-A,0,1.5244734,0.26285478472709656,0.6370887160301208,0.17925377190113068
YBR248C,YFR040W,0,1.5237465,0.2627467215061188,0.6370887160301208,0.17935380339622498
YKL156W,YAL028W,0,1.5235165,0.26263871788978577,0.6370887160301208,0.17945383489131927
YNR071C,YKL010C,0,1.5234454,0.2625308036804199,0.6370887160301208,0.17955386638641357
YGR254W,YDR238C,0,1.5231913,0.26242300868034363,0.6370887160301208,0.17965389788150787
YHR139C,YER150W,1,1.5218956,0.2627257704734802,0.6380857229232788,0.17965389788150787
YGL028C,YOR010C,1,1.5215013,0.2630283236503601,0.6390827298164368,0.17965389788150787
YKL004W,YIL061C,0,1.5214772,0.26292043924331665,0.6390827298164368,0.17975392937660217
YOR377W,YDL130W,0,1.5214003,0.26281261444091797,0.6390827298164368,0.17985396087169647
YDL039C,YKR094C,0,1.5213587,0.26270490884780884,0.6390827298164368,0.17995399236679077
YMR046C,YGL157W,0,1.5211401,0.26259729266166687,0.6390827298164368,0.18005400896072388
YJR096W,YLR447C,0,1.5203271,0.26248976588249207,0.6390827298164368,0.18015404045581818
YHL034C,YER145C,0,1.5197923,0.2623823285102844,0.6390827298164368,0.18025407195091248
YBL055C,YAR002C-A,0,1.5188682,0.26227495074272156,0.6390827298164368,0.18035410344600677
YJL125C,YEL052W,0,1.5180277,0.26216769218444824,0.6390827298164368,0.18045413494110107
YMR080C,YNL130C,0,1.5176206,0.2620604932308197,0.6390827298164368,0.18055416643619537
YKL154W,YDL146W,0,1.5152342,0.2619534134864807,0.6390827298164368,0.18065419793128967
YPL224C,YGL126W,0,1.5144727,0.2618463933467865,0.6390827298164368,0.18075422942638397
YLR150W,YOR372C,0,1.5143294,0.26173949241638184,0.6390827298164368,0.18085426092147827
YPL106C,YOR347C,0,1.5141397,0.26163265109062195,0.6390827298164368,0.18095429241657257
YDR003W,YLL066C,0,1.513445,0.2615258991718292,0.6390827298164368,0.18105430901050568
YCR098C,YER104W,0,1.5123346,0.26141923666000366,0.6390827298164368,0.18115434050559998
YGR170W,YLR348C,0,1.512239,0.26131266355514526,0.6390827298164368,0.18125437200069427
YGL129C,YGL106W,0,1.5119126,0.26120617985725403,0.6390827298164368,0.18135440349578857
YOL151W,YNR047W,0,1.511719,0.26109978556632996,0.6390827298164368,0.18145443499088287
YBR248C,YBR086C,0,1.5110438,0.26099348068237305,0.6390827298164368,0.18155446648597717
YDL046W,YNL163C,0,1.5096563,0.2608872652053833,0.6390827298164368,0.18165449798107147
YPL274W,YGR245C,0,1.5094029,0.26078110933303833,0.6390827298164368,0.18175452947616577
YGR024C,YPL149W,0,1.509367,0.2606750726699829,0.6390827298164368,0.18185456097126007
YBR251W,YPL010W,0,1.5089688,0.26056909561157227,0.6390827298164368,0.18195459246635437
YDR213W,YJL172W,0,1.5080019,0.26046323776245117,0.6390827298164368,0.18205460906028748
YBR005W,YMR208W,0,1.5079687,0.26035743951797485,0.6390827298164368,0.18215464055538177
YLR160C,YER011W,1,1.5073954,0.26065772771835327,0.6400797367095947,0.18215464055538177
YNR032C-A,YNL006W,0,1.5070207,0.26055195927619934,0.6400797367095947,0.18225467205047607
YOR034C,YNR016C,0,1.5064611,0.2604462504386902,0.6400797367095947,0.18235470354557037
YLR260W,YOL129W,0,1.5054911,0.2603406310081482,0.6400797367095947,0.18245473504066467
YHR064C,YMR009W,0,1.5053107,0.26023510098457336,0.6400797367095947,0.18255476653575897
YHL027W,YMR158W,0,1.5049167,0.2601296603679657,0.6400797367095947,0.18265479803085327
YKR019C,YBR180W,0,1.5037472,0.2600243091583252,0.6400797367095947,0.18275482952594757
YGR134W,YDR402C,0,1.503608,0.25991901755332947,0.6400797367095947,0.18285486102104187
YDR310C,YPL253C,0,1.5033667,0.2598138451576233,0.6400797367095947,0.18295489251613617
YPR114W,YCL034W,0,1.5032259,0.2597087323665619,0.6400797367095947,0.18305490911006927
YGR253C,YHR005C-A,0,1.5029366,0.25960370898246765,0.6400797367095947,0.18315494060516357
YJL158C,YPL225W,0,1.5024353,0.2594987750053406,0.6400797367095947,0.18325497210025787
YDL060W,YCR045C,0,1.5024205,0.25939393043518066,0.6400797367095947,0.18335500359535217
YCR045C,YKL052C,0,1.5021632,0.2592891752719879,0.6400797367095947,0.18345503509044647
YGR279C,YJR009C,1,1.5021017,0.25958821177482605,0.6410767436027527,0.18345503509044647
YHR181W,YDR040C,0,1.5006845,0.2594834566116333,0.6410767436027527,0.18355506658554077
YDR213W,YKR101W,0,1.4985118,0.2593787908554077,0.6410767436027527,0.18365509808063507
YJR131W,YOR294W,0,1.4983919,0.2592741847038269,0.6410767436027527,0.18375512957572937
YDR292C,YDR377W,0,1.4982193,0.25916969776153564,0.6410767436027527,0.18385516107082367
YPR097W,YER159C-A,0,1.4980918,0.25906527042388916,0.6410767436027527,0.18395519256591797
YOR068C,YMR295C,0,1.49807,0.25896093249320984,0.6410767436027527,0.18405520915985107
YML100W,YPL193W,0,1.4957228,0.2588566839694977,0.6410767436027527,0.18415524065494537
YOR315W,YPR119W,0,1.4954808,0.2587525248527527,0.6410767436027527,0.18425527215003967
YKL046C,YLL024C,1,1.4948103,0.2590506970882416,0.6420737504959106,0.18425527215003967
YML094W,YJR094W-A,0,1.4944382,0.2589465081691742,0.6420737504959106,0.18435530364513397
YBR275C,YGL191W,0,1.4943829,0.25884243845939636,0.6420737504959106,0.18445533514022827
YDR323C,YGL211W,0,1.4940834,0.2587384581565857,0.6420737504959106,0.18455536663532257
YHR041C,YLR134W,0,1.4932501,0.2586345374584198,0.6420737504959106,0.18465539813041687
YNL322C,YMR251W-A,1,1.4927237,0.2589321434497833,0.6430708169937134,0.18465539813041687
YJL094C,YKL126W,0,1.4908527,0.2588282525539398,0.6430708169937134,0.18475542962551117
YOR335C,YDL135C,0,1.490615,0.2587244212627411,0.6430708169937134,0.18485546112060547
YHR014W,YGR061C,0,1.4906044,0.2586206793785095,0.6430708169937134,0.18495549261569977
YIL173W,YNL208W,0,1.4901806,0.2585170269012451,0.6430708169937134,0.18505550920963287
YPL240C,YKL100C,0,1.490129,0.2584134638309479,0.6430708169937134,0.18515554070472717
YER130C,YOR059C,0,1.4899744,0.2583099603652954,0.6430708169937134,0.18525557219982147
YDR470C,YEL001C,0,1.4891648,0.2582065761089325,0.6430708169937134,0.18535560369491577
YIR039C,YKL042W,0,1.4891396,0.25810325145721436,0.6430708169937134,0.18545563519001007
YDR169C,YCL004W,0,1.4883693,0.257999986410141,0.6430708169937134,0.18555566668510437
YGL194C,YDR158W,0,1.488102,0.2578968405723572,0.6430708169937134,0.18565569818019867
YLR213C,YNL119W,0,1.48807,0.25779375433921814,0.6430708169937134,0.18575572967529297
YLR150W,YBR042C,0,1.4878037,0.25769075751304626,0.6430708169937134,0.18585576117038727
YDR517W,YJL200C,0,1.4876871,0.25758785009384155,0.6430708169937134,0.18595579266548157
YML028W,YOR106W,0,1.4870353,0.257485032081604,0.6430708169937134,0.18605582416057587
YHR033W,YGL185C,0,1.4851661,0.25738227367401123,0.6430708169937134,0.18615584075450897
YPL019C,YMR005W,0,1.4848413,0.2572796046733856,0.6430708169937134,0.18625587224960327
YDL192W,YPR199C,0,1.4847175,0.2571770250797272,0.6430708169937134,0.18635590374469757
YIL009W,YLL035W,0,1.4845238,0.2570745348930359,0.6430708169937134,0.18645593523979187
YLR435W,YNL202W,0,1.4834534,0.2569721043109894,0.6430708169937134,0.18655596673488617
YBR218C,YPL112C,0,1.4830174,0.25686976313591003,0.6430708169937134,0.18665599822998047
YBR150C,YNL117W,0,1.482888,0.25676751136779785,0.6430708169937134,0.18675602972507477
YMR143W,YPL254W,0,1.4822009,0.25666534900665283,0.6430708169937134,0.18685606122016907
YNL135C,YLR130C,0,1.4818369,0.2565632462501526,0.6430708169937134,0.18695609271526337
YDR430C,YBR168W,0,1.4815958,0.2564612329006195,0.6430708169937134,0.18705612421035767
YOR142W-B,YKL043W,0,1.480448,0.2563593089580536,0.6430708169937134,0.18715614080429077
YPL021W,YKL014C,0,1.4785883,0.25625744462013245,0.6430708169937134,0.18725617229938507
YJL158C,YAL063C,1,1.4780439,0.2565528154373169,0.6440678238868713,0.18725617229938507
YML120C,YER093C,0,1.477956,0.25645098090171814,0.6440678238868713,0.18735620379447937
YJL004C,YLR120C,0,1.4776398,0.25634920597076416,0.6440678238868713,0.18745623528957367
YOL038W,YNL302C,0,1.4769707,0.25624752044677734,0.6440678238868713,0.18755626678466797
YPL178W,YDR517W,0,1.4754539,0.2561459243297577,0.6440678238868713,0.18765629827976227
YHR107C,YBR162C,1,1.4745332,0.25644075870513916,0.6450648307800293,0.18765629827976227
YPR007C,YBR183W,0,1.4743695,0.2563391327857971,0.6450648307800293,0.18775632977485657
YGR200C,YNL128W,0,1.4734676,0.25623762607574463,0.6450648307800293,0.18785636126995087
YCL017C,YOR065W,0,1.4734545,0.2561361789703369,0.6450648307800293,0.18795639276504517
YCR009C,YDL081C,0,1.473186,0.25603482127189636,0.6450648307800293,0.18805642426013947
YBL072C,YER147C,0,1.4722319,0.255933552980423,0.6450648307800293,0.18815644085407257
YLR270W,YBR115C,0,1.4711326,0.25583234429359436,0.6450648307800293,0.18825647234916687
YLR060W,YMR109W,0,1.4710612,0.2557312250137329,0.6450648307800293,0.18835650384426117
YLR075W,YDR512C,0,1.4705338,0.2556301951408386,0.6450648307800293,0.18845653533935547
YJR063W,YPL276W,0,1.4674187,0.2555292248725891,0.6450648307800293,0.18855656683444977
YGR059W,YLL024C,1,1.4665034,0.25582313537597656,0.6460618376731873,0.18855656683444977
YJL127C,YNL055C,0,1.4662147,0.25572216510772705,0.6460618376731873,0.18865659832954407
YMR163C,YMR175W,0,1.4660842,0.2556213140487671,0.6460618376731873,0.18875662982463837
YMR269W,YHR174W,0,1.4657156,0.2555204927921295,0.6460618376731873,0.18885666131973267
YLR175W,YLR061W,0,1.4654928,0.2554197907447815,0.6460618376731873,0.18895669281482697
YML048W,YNL059C,0,1.4651902,0.25531914830207825,0.6460618376731873,0.18905672430992126
YPL233W,YKL056C,0,1.4642545,0.25521859526634216,0.6460618376731873,0.18915674090385437
YBR156C,YDL030W,0,1.464185,0.25511810183525085,0.6460618376731873,0.18925677239894867
YBR006W,YBR015C,0,1.4638102,0.2550176978111267,0.6460618376731873,0.18935680389404297
YGL039W,YPL050C,0,1.4628425,0.2549173831939697,0.6460618376731873,0.18945683538913727
YJR120W,YDR298C,0,1.4623694,0.2548171579837799,0.6460618376731873,0.18955686688423157
YKL145W,YHR099W,0,1.4622207,0.25471699237823486,0.6460618376731873,0.18965689837932587
YOR242C,YJL057C,0,1.4621415,0.2546168863773346,0.6460618376731873,0.18975692987442017
YML047C,YDR384C,0,1.46086,0.2545168995857239,0.6460618376731873,0.18985696136951447
YGR161W-A,YBL007C,0,1.4598914,0.25441697239875793,0.6460618376731873,0.18995699286460876
YLR097C,YPL063W,0,1.4596962,0.25431710481643677,0.6460618376731873,0.19005702435970306
YGR026W,YPL183C,0,1.4596231,0.25421732664108276,0.6460618376731873,0.19015704095363617
YDR317W,YBR146W,0,1.4595921,0.2541176378726959,0.6460618376731873,0.19025707244873047
YKR088C,YOR099W,0,1.4594839,0.25401803851127625,0.6460618376731873,0.19035710394382477
YIL068C,YDR247W,0,1.4593041,0.25391849875450134,0.6460618376731873,0.19045713543891907
YHR150W,YKL171W,0,1.4588776,0.2538190484046936,0.6460618376731873,0.19055716693401337
YGL045W,YHR036W,0,1.4563758,0.25371965765953064,0.6460618376731873,0.19065719842910767
YKL181W,YPL061W,0,1.4562907,0.25362035632133484,0.6460618376731873,0.19075722992420197
YER159C-A,YJL183W,0,1.4562311,0.2535211145877838,0.6460618376731873,0.19085726141929626
YBR166C,YKL165C,0,1.4560442,0.25342199206352234,0.6460618376731873,0.19095729291439056
YDR368W,YMR056C,0,1.4521462,0.25332289934158325,0.6460618376731873,0.19105732440948486
YDR402C,YEL022W,0,1.4517059,0.2532239258289337,0.6460618376731873,0.19115734100341797
YCR053W,YGR104C,0,1.4510934,0.25312501192092896,0.6460618376731873,0.19125737249851227
YGR159C,YHR205W,0,1.4505742,0.25302615761756897,0.6460618376731873,0.19135740399360657
YOR047C,YKR094C,0,1.4502507,0.25292739272117615,0.6460618376731873,0.19145743548870087
YLR164W,YHR179W,0,1.4489558,0.2528287172317505,0.6460618376731873,0.19155746698379517
YNL293W,YDL130W,0,1.4459217,0.2527301013469696,0.6460618376731873,0.19165749847888947
YNL062C,YDR443C,0,1.445509,0.2526315748691559,0.6460618376731873,0.19175752997398376
YLR213C,YPL235W,0,1.445141,0.2525331377983093,0.6460618376731873,0.19185756146907806
YGL157W,YGR254W,0,1.4436985,0.25243476033210754,0.6460618376731873,0.19195759296417236
YPR198W,YKL006W,0,1.4435934,0.25233644247055054,0.6460618376731873,0.19205762445926666
YDL049C,YHR107C,1,1.44276,0.25262749195098877,0.6470588445663452,0.19205762445926666
YNL008C,YGR175C,0,1.4424446,0.25252917408943176,0.6470588445663452,0.19215764105319977
YGR109W-B,YLR265C,0,1.4423077,0.2524309754371643,0.6470588445663452,0.19225767254829407
YCR106W,YMR091C,0,1.44215,0.25233280658721924,0.6470588445663452,0.19235770404338837
YER109C,YDL192W,0,1.4414047,0.2522347569465637,0.6470588445663452,0.19245773553848267
YCR031C,YFL005W,0,1.4411271,0.252136766910553,0.6470588445663452,0.19255776703357697
YJL191W,YIR023W,0,1.4409218,0.252038836479187,0.6470588445663452,0.19265779852867126
YLR208W,YGL089C,0,1.4405606,0.2519409954547882,0.6470588445663452,0.19275783002376556
YJL158C,YPL130W,1,1.4377873,0.25223127007484436,0.6480558514595032,0.19275783002376556
YOR002W,YNL149C,0,1.437527,0.25213342905044556,0.6480558514595032,0.19285786151885986
YJL110C,YHR139C,0,1.4348941,0.2520356774330139,0.6480558514595032,0.19295789301395416
YMR118C,YJR022W,0,1.4346513,0.25193798542022705,0.6480558514595032,0.19305792450904846
YIR015W,YPL153C,0,1.434022,0.25184038281440735,0.6480558514595032,0.19315794110298157
YDR150W,YGR191W,0,1.4329687,0.2517428398132324,0.6480558514595032,0.19325797259807587
YPR048W,YPL186C,0,1.4320863,0.25164538621902466,0.6480558514595032,0.19335800409317017
YKL189W,YEL024W,0,1.4316106,0.25154799222946167,0.6480558514595032,0.19345803558826447
YER036C,YFR036W,0,1.426568,0.25145068764686584,0.6480558514595032,0.19355806708335876
YCR020C,YIL074C,0,1.4263742,0.2513534426689148,0.6480558514595032,0.19365809857845306
YGL035C,YLL024C,0,1.4260356,0.2512562870979309,0.6480558514595032,0.19375813007354736
YCR004C,YOR155C,0,1.4240624,0.2511591911315918,0.6480558514595032,0.19385816156864166
YOR142W-B,YDL060W,0,1.4226648,0.25106218457221985,0.6480558514595032,0.19395819306373596
YFL014W,YBR035C,0,1.4223244,0.2509652376174927,0.6480558514595032,0.19405822455883026
YIR039C,YLR037C,1,1.421834,0.2512543499469757,0.6490528583526611,0.19405822455883026
YGR214W,YDR212W,0,1.4214107,0.25115740299224854,0.6490528583526611,0.19415824115276337
YLR344W,YKR030W,0,1.4212062,0.2510605454444885,0.6490528583526611,0.19425827264785767
YOR037W,YKL103C,0,1.4211576,0.2509637773036957,0.6490528583526611,0.19435830414295197
YJL178C,YGR124W,0,1.4196091,0.2508670389652252,0.6490528583526611,0.19445833563804626
YCR094W,YPL090C,0,1.4194615,0.2507704198360443,0.6490528583526611,0.19455836713314056
YHR168W,YLL038C,0,1.4192667,0.2506738603115082,0.6490528583526611,0.19465839862823486
YDL113C,YFL011W,0,1.4192626,0.2505773603916168,0.6490528583526611,0.19475843012332916
YPR155C,YDR461W,0,1.418943,0.2504809498786926,0.6490528583526611,0.19485846161842346
YLR247C,YCL068C,0,1.4180465,0.2503846287727356,0.6490528583526611,0.19495849311351776
YPL221W,YDR175C,0,1.4179281,0.25028833746910095,0.6490528583526611,0.19505852460861206
YDR072C,YBR054W,0,1.4177148,0.25019216537475586,0.6490528583526611,0.19515854120254517
YDL021W,YGL162W,0,1.4171131,0.25009605288505554,0.6490528583526611,0.19525857269763947
YDR080W,YER098W,0,1.414559,0.25,0.6490528583526611,0.19535860419273376
YML116W,YER154W,0,1.414438,0.24990403652191162,0.6490528583526611,0.19545863568782806
YDL074C,YJL164C,0,1.4138427,0.24980813264846802,0.6490528583526611,0.19555866718292236
YER117W,YER023W,0,1.413018,0.24971231818199158,0.6490528583526611,0.19565869867801666
YKL013C,YDR443C,0,1.4128728,0.2496165633201599,0.6490528583526611,0.19575873017311096
YDR144C,YOR382W,1,1.4117045,0.24990417063236237,0.6500498652458191,0.19575873017311096
YLR452C,YDL078C,0,1.4115088,0.2498084306716919,0.6500498652458191,0.19585876166820526
YLR418C,YDR050C,0,1.4109786,0.2497127503156662,0.6500498652458191,0.19595879316329956
YOL165C,YPL145C,0,1.4103687,0.24961714446544647,0.6500498652458191,0.19605882465839386
YCL075W,YLR238W,0,1.4086943,0.2495216280221939,0.6500498652458191,0.19615884125232697
YDR315C,YDR511W,0,1.4081197,0.24942617118358612,0.6500498652458191,0.19625887274742126
YMR046C,YIL046W,0,1.4079655,0.2493307888507843,0.6500498652458191,0.19635890424251556
YER153C,YNR045W,0,1.4078826,0.24923548102378845,0.6500498652458191,0.19645893573760986
YLR390W-A,YDL049C,1,1.4067531,0.2495223581790924,0.651046872138977,0.19645893573760986
YNL322C,YJL078C,1,1.4064715,0.24980901181697845,0.652043879032135,0.19645893573760986
YPL156C,YGR296W,0,1.4054084,0.24971362948417664,0.652043879032135,0.19655896723270416
YNL092W,YNL238W,0,1.4050508,0.2496183216571808,0.652043879032135,0.19665899872779846
YKL191W,YAL023C,0,1.404568,0.2495230883359909,0.652043879032135,0.19675903022289276
YDR531W,YDR247W,0,1.4036956,0.2494279146194458,0.652043879032135,0.19685906171798706
YNR067C,YBL005W,0,1.4024922,0.24933283030986786,0.652043879032135,0.19695909321308136
YDR465C,YPR200C,0,1.4022975,0.2492378056049347,0.652043879032135,0.19705912470817566
YMR054W,YJL097W,0,1.4022354,0.2491428554058075,0.652043879032135,0.19715914130210876
YJR055W,YOL059W,0,1.4012741,0.24904797971248627,0.652043879032135,0.19725917279720306
YDR072C,YNR043W,0,1.4012706,0.248953178524971,0.652043879032135,0.19735920429229736
YDR530C,YPL111W,0,1.4011432,0.24885845184326172,0.652043879032135,0.19745923578739166
YJR139C,YBR107C,0,1.400764,0.2487637847661972,0.652043879032135,0.19755926728248596
YER114C,YER063W,0,1.4006491,0.24866920709609985,0.652043879032135,0.19765929877758026
YPL123C,YLR048W,0,1.3995874,0.24857468903064728,0.652043879032135,0.19775933027267456
YDR398W,YCR075C,0,1.3995414,0.24848024547100067,0.652043879032135,0.19785936176776886
YLR300W,YLR308W,1,1.3986222,0.24876566231250763,0.653040885925293,0.19785936176776886
YBR202W,YNL302C,0,1.3977416,0.24867121875286102,0.653040885925293,0.19795939326286316
YKL096W-A,YMR251W-A,1,1.397488,0.2489563524723053,0.6540378928184509,0.19795939326286316
YGR211W,YGR288W,0,1.3973805,0.2488619089126587,0.6540378928184509,0.19805942475795746
YPR080W,YLR467W,0,1.3968533,0.24876753985881805,0.6540378928184509,0.19815944135189056
YOR247W,YGL142C,0,1.3968345,0.2486732304096222,0.6540378928184509,0.19825947284698486
YIL013C,YLR286C,0,1.395783,0.2485790103673935,0.6540378928184509,0.19835950434207916
YGR081C,YPL004C,0,1.3935637,0.24848484992980957,0.6540378928184509,0.19845953583717346
YJL198W,YEL022W,0,1.392404,0.24839076399803162,0.6540378928184509,0.19855956733226776
YGL212W,YER032W,0,1.3915536,0.24829673767089844,0.6540378928184509,0.19865959882736206
YKL053C-A,YHR023W,0,1.3897542,0.24820280075073242,0.6540378928184509,0.19875963032245636
YGL028C,YNR067C,1,1.3896335,0.24848714470863342,0.6550348997116089,0.19875963032245636
YCR057C,YCL067C,0,1.3892471,0.2483931928873062,0.6550348997116089,0.19885966181755066
YML028W,YDR028C,0,1.3883574,0.24829931557178497,0.6550348997116089,0.19895969331264496
YGL231C,YJL034W,0,1.3878592,0.2482055127620697,0.6550348997116089,0.19905972480773926
YGR024C,YHR136C,0,1.3871741,0.2481117844581604,0.6550348997116089,0.19915974140167236
YDR188W,YKL079W,0,1.3867673,0.24801811575889587,0.6550348997116089,0.19925977289676666
YBR040W,YLR037C,1,1.3855362,0.2483018934726715,0.6560319066047668,0.19925977289676666
YDL061C,YNL236W,0,1.3846271,0.24820822477340698,0.6560319066047668,0.19935980439186096
YDR461W,YMR112C,0,1.3841176,0.24811463057994843,0.6560319066047668,0.19945983588695526
YDR415C,YDR178W,0,1.3837929,0.24802111089229584,0.6560319066047668,0.19955986738204956
YOR190W,YER011W,1,1.3836489,0.24830444157123566,0.6570289134979248,0.19955986738204956
YDR495C,YDR281C,0,1.383213,0.24821092188358307,0.6570289134979248,0.19965989887714386
YMR210W,YHR170W,0,1.3826859,0.24811747670173645,0.6570289134979248,0.19975993037223816
YJL098W,YGL238W,0,1.3826435,0.2480240911245346,0.6570289134979248,0.19985996186733246
YML080W,YAR031W,0,1.3823888,0.24793078005313873,0.6570289134979248,0.19995999336242676
YGL183C,YDL075W,0,1.3818167,0.24783752858638763,0.6570289134979248,0.20006002485752106
YPL076W,YPR134W,0,1.3813307,0.2477443665266037,0.6570289134979248,0.20016004145145416
YHR120W,YIL170W,0,1.3798347,0.24765126407146454,0.6570289134979248,0.20026007294654846
YBL080C,YOR216C,0,1.3797965,0.24755822122097015,0.6570289134979248,0.20036010444164276
YHL011C,YPR068C,0,1.379564,0.24746526777744293,0.6570289134979248,0.20046013593673706
YHR033W,YDR345C,0,1.3790452,0.24737237393856049,0.6570289134979248,0.20056016743183136
YOR227W,YGL216W,0,1.3782711,0.247279554605484,0.6570289134979248,0.20066019892692566
YHR116W,YBL085W,0,1.3774356,0.2471867948770523,0.6570289134979248,0.20076023042201996
YNR004W,YOR044W,0,1.376883,0.24709410965442657,0.6570289134979248,0.20086026191711426
YKL063C,YKL185W,0,1.3767431,0.2470014989376068,0.6570289134979248,0.20096029341220856
YBR089C-A,YPL043W,0,1.3764012,0.24690894782543182,0.6570289134979248,0.20106032490730286
YIR026C,YLL031C,0,1.3758389,0.246816486120224,0.6570289134979248,0.20116034150123596
YLR004C,YJL158C,0,1.3740456,0.24672406911849976,0.6570289134979248,0.20126037299633026
YLR185W,YKL206C,0,1.3740101,0.24663174152374268,0.6570289134979248,0.20136040449142456
YKL164C,YJR151C,1,1.3732204,0.2469135820865631,0.6580259203910828,0.20136040449142456
YBR241C,YHR153C,0,1.3732179,0.24682123959064484,0.6580259203910828,0.20146043598651886
YLR099C,YHL011C,0,1.3725133,0.24672897160053253,0.6580259203910828,0.20156046748161316
YLL016W,YPL010W,0,1.3722293,0.2466367781162262,0.6580259203910828,0.20166049897670746
YLL050C,YBL074C,0,1.372163,0.24654464423656464,0.6580259203910828,0.20176053047180176
YDR281C,YDR397C,0,1.3719563,0.24645256996154785,0.6580259203910828,0.20186056196689606
YOL071W,YDR453C,0,1.3718272,0.24636058509349823,0.6580259203910828,0.20196059346199036
YBR069C,YDL019C,0,1.3715017,0.24626865983009338,0.6580259203910828,0.20206062495708466
YDR529C,YLR357W,0,1.3714747,0.2461767941713333,0.6580259203910828,0.20216064155101776
YCL063W,YOL002C,0,1.3713114,0.2460850179195404,0.6580259203910828,0.20226067304611206
YKL033W,YHR064C,0,1.3702555,0.24599328637123108,0.6580259203910828,0.20236070454120636
YKL013C,YMR177W,0,1.3689872,0.24590164422988892,0.6580259203910828,0.20246073603630066
YDR195W,YMR041C,0,1.3689337,0.24581006169319153,0.6580259203910828,0.20256076753139496
YHR081W,YKL085W,0,1.3688722,0.24571853876113892,0.6580259203910828,0.20266079902648926
YAL021C,YLL033W,0,1.3684975,0.24562709033489227,0.6580259203910828,0.20276083052158356
YIL107C,YIL156W,0,1.368223,0.2455357164144516,0.6580259203910828,0.20286086201667786
YDL097C,YPL258C,0,1.3681896,0.2454444020986557,0.6580259203910828,0.20296089351177216
YDR242W,YBR128C,0,1.3675072,0.24535316228866577,0.6580259203910828,0.20306092500686646
YOL057W,YNL031C,0,1.3664856,0.24526198208332062,0.6580259203910828,0.20316094160079956
YDR418W,YGR123C,0,1.3648906,0.24517087638378143,0.6580259203910828,0.20326097309589386
YOR132W,YBR012W-B,0,1.3647547,0.24507983028888702,0.6580259203910828,0.20336100459098816
YEL048C,YLR337C,0,1.3635595,0.24498885869979858,0.6580259203910828,0.20346103608608246
YIL053W,YNL335W,0,1.3634588,0.2448979616165161,0.6580259203910828,0.20356106758117676
YPL002C,YHR150W,0,1.3626873,0.24480712413787842,0.6580259203910828,0.20366109907627106
YDR098C-B,YJR145C,0,1.3615668,0.2447163462638855,0.6580259203910828,0.20376113057136536
YDR077W,YAL002W,0,1.3605769,0.24462564289569855,0.6580259203910828,0.20386116206645966
YIR036C,YGL027C,0,1.3601458,0.24453501403331757,0.6580259203910828,0.20396119356155396
YPL183C,YLR153C,0,1.3597641,0.24444444477558136,0.6580259203910828,0.20406122505664825
YOL102C,YEL024W,0,1.3597268,0.24435395002365112,0.6580259203910828,0.20416124165058136
YMR200W,YFR049W,0,1.3593276,0.24426351487636566,0.6580259203910828,0.20426127314567566
YGR005C,YDR309C,0,1.3586597,0.24417313933372498,0.6580259203910828,0.20436130464076996
YOR080W,YJR050W,0,1.3576452,0.24408283829689026,0.6580259203910828,0.20446133613586426
YDR534C,YOR009W,1,1.3572514,0.24436229467391968,0.6590229272842407,0.20446133613586426
YDR234W,YJL168C,0,1.3557765,0.24427199363708496,0.6590229272842407,0.20456136763095856
YOL132W,YJR076C,1,1.3555286,0.2445511668920517,0.6600199341773987,0.20456136763095856
YAR050W,YJL174W,1,1.3540866,0.24483013153076172,0.6610169410705566,0.20456136763095856
YKR099W,YHL015W,0,1.3538644,0.24473975598812103,0.6610169410705566,0.20466139912605286
YLR158C,YOR009W,1,1.353256,0.24501845240592957,0.6620139479637146,0.20466139912605286
YIR019C,YPL171C,0,1.3525285,0.24492807686328888,0.6620139479637146,0.20476143062114716
YGL051W,YDR057W,0,1.3512475,0.24483776092529297,0.6620139479637146,0.20486146211624146
YCR093W,YJR160C,0,1.3511305,0.24474750459194183,0.6620139479637146,0.20496149361133575
YFL002W-B,YNL271C,0,1.3495091,0.24465733766555786,0.6620139479637146,0.20506152510643005
YDL208W,YHR149C,0,1.3489044,0.24456721544265747,0.6620139479637146,0.20516154170036316
YJL219W,YKL161C,0,1.3476937,0.24447716772556305,0.6620139479637146,0.20526157319545746
YER165W,YNL233W,0,1.3475904,0.2443871945142746,0.6620139479637146,0.20536160469055176
YGR246C,YFR031C-A,0,1.3470511,0.24429728090763092,0.6620139479637146,0.20546163618564606
YJR065C,YOL127W,0,1.3465283,0.24420742690563202,0.6620139479637146,0.20556166768074036
YIL154C,YDR005C,0,1.3456118,0.2441176474094391,0.6620139479637146,0.20566169917583466
YJR028W,YJL052W,0,1.3447993,0.24402792751789093,0.6620139479637146,0.20576173067092896
YGL180W,YNL233W,0,1.3430438,0.24393828213214874,0.6620139479637146,0.20586176216602325
YPL262W,YPR168W,0,1.3429434,0.24384869635105133,0.6620139479637146,0.20596179366111755
YER072W,YPL179W,0,1.3412163,0.2437591850757599,0.6620139479637146,0.20606182515621185
YOL140W,YGR101W,0,1.3394377,0.24366971850395203,0.6620139479637146,0.20616184175014496
YOR032C,YDL185W,0,1.3393857,0.24358034133911133,0.6620139479637146,0.20626187324523926
YLR357W,YNL044W,0,1.3388405,0.2434910088777542,0.6620139479637146,0.20636190474033356
YMR292W,YOR193W,0,1.338557,0.24340176582336426,0.6620139479637146,0.20646193623542786
YGR029W,YGL198W,0,1.3384329,0.24331256747245789,0.6620139479637146,0.20656196773052216
YOR089C,YCR039C,0,1.3382761,0.24322344362735748,0.6620139479637146,0.20666199922561646
YHR056C,YBR181C,0,1.3364432,0.24313437938690186,0.6620139479637146,0.20676203072071075
YFL026W,YLL022C,0,1.3353128,0.2430453896522522,0.6620139479637146,0.20686206221580505
YJL130C,YOL040C,0,1.3347982,0.24295645952224731,0.6620139479637146,0.20696209371089935
YLR295C,YGR158C,0,1.3347183,0.2428675889968872,0.6620139479637146,0.20706212520599365
YDL190C,YLR186W,0,1.3342834,0.24277879297733307,0.6620139479637146,0.20716214179992676
YLR103C,YDL136W,0,1.333712,0.2426900565624237,0.6620139479637146,0.20726217329502106
YGR161W-A,YGL092W,0,1.3334715,0.2426013946533203,0.6620139479637146,0.20736220479011536
YML045W,YNL036W,0,1.3333604,0.2425127774477005,0.6620139479637146,0.20746223628520966
YCL051W,YIL123W,1,1.3322499,0.2427893429994583,0.6630109548568726,0.20746223628520966
YLR042C,YJR151C,1,1.3317924,0.2430656999349594,0.6640079617500305,0.20746223628520966
YGR004W,YNL208W,0,1.3308892,0.24297702312469482,0.6640079617500305,0.20756226778030396
YDL229W,YLR360W,0,1.3306274,0.242888405919075,0.6640079617500305,0.20766229927539825
YDR055W,YKR102W,1,1.3300827,0.24316442012786865,0.6650049686431885,0.20766229927539825
YDL129W,YGR138C,0,1.3298676,0.24307580292224884,0.6650049686431885,0.20776233077049255
YOL005C,YML100W,0,1.3298119,0.2429872453212738,0.6650049686431885,0.20786236226558685
YHR132C,YBR054W,0,1.329561,0.24289876222610474,0.6650049686431885,0.20796239376068115
YMR182C,YGL173C,0,1.3294122,0.24281033873558044,0.6650049686431885,0.20806242525577545
YBL079W,YNR044W,0,1.3290114,0.24272197484970093,0.6650049686431885,0.20816244184970856
YML120C,YLR377C,0,1.3288808,0.24263368546962738,0.6650049686431885,0.20826247334480286
YIL107C,YNL049C,0,1.3287269,0.2425454556941986,0.6650049686431885,0.20836250483989716
YER109C,YBR283C,0,1.3284075,0.2424572855234146,0.6650049686431885,0.20846253633499146
YOR373W,YHR076W,0,1.3284059,0.24236918985843658,0.6650049686431885,0.20856256783008575
YCR030C,YOR369C,0,1.3282657,0.24228115379810333,0.6650049686431885,0.20866259932518005
YNL145W,YML070W,0,1.3282309,0.24219317734241486,0.6650049686431885,0.20876263082027435
YNL142W,YPR138C,0,1.3273917,0.24210526049137115,0.6650049686431885,0.20886266231536865
YBR164C,YNL115C,0,1.3267188,0.24201741814613342,0.6650049686431885,0.20896269381046295
YOR332W,YJR101W,0,1.3265414,0.24192963540554047,0.6650049686431885,0.20906272530555725
YGR161W-A,YLR314C,0,1.3261769,0.24184191226959229,0.6650049686431885,0.20916274189949036
YML099C,YGR161W-A,0,1.3248185,0.24175426363945007,0.6650049686431885,0.20926277339458466
YCL074W,YMR149W,0,1.3240685,0.24166665971279144,0.6650049686431885,0.20936280488967896
YDR329C,YNL182C,0,1.3238018,0.24157914519309998,0.6650049686431885,0.20946283638477325
YGR109W-B,YLR373C,0,1.3230852,0.2414916753768921,0.6650049686431885,0.20956286787986755
YMR319C,YBR181C,0,1.3230498,0.24140426516532898,0.6650049686431885,0.20966289937496185
YER055C,YKL198C,0,1.3228825,0.24131692945957184,0.6650049686431885,0.20976293087005615
YDL085W,YPR068C,0,1.3228602,0.24122965335845947,0.6650049686431885,0.20986296236515045
YJR133W,YPL121C,0,1.3226413,0.24114243686199188,0.6650049686431885,0.20996299386024475
YNL128W,YNL138W,0,1.3225449,0.24105529487133026,0.6650049686431885,0.21006302535533905
YDR297W,YKL079W,0,1.3224969,0.24096821248531342,0.6650049686431885,0.21016304194927216
YMR287C,YEL041W,0,1.3224282,0.24088118970394135,0.6650049686431885,0.21026307344436646
YFR030W,YFL010W-A,0,1.3213707,0.24079422652721405,0.6650049686431885,0.21036310493946075
YCL036W,YJL052W,0,1.3213425,0.24070732295513153,0.6650049686431885,0.21046313643455505
YJL052W,YJR004C,1,1.320867,0.24098123610019684,0.6660019755363464,0.21046313643455505
YJL114W,YMR302C,0,1.3207746,0.24089433252811432,0.6660019755363464,0.21056316792964935
YGR030C,YML052W,0,1.3203323,0.24080750346183777,0.6660019755363464,0.21066319942474365
YDL046W,YKL016C,0,1.3199874,0.2407207190990448,0.6660019755363464,0.21076323091983795
YDR312W,YOR187W,0,1.3198543,0.2406340092420578,0.6660019755363464,0.21086326241493225
YGR134W,YHR139C,0,1.3197421,0.24054735898971558,0.6660019755363464,0.21096329391002655
YIR005W,YLR251W,0,1.3194565,0.24046076834201813,0.6660019755363464,0.21106332540512085
YLR293C,YGR037C,0,1.3182362,0.24037423729896545,0.6660019755363464,0.21116334199905396
YBR067C,YGR192C,1,1.3170533,0.24064747989177704,0.6669989824295044,0.21116334199905396
YOR237W,YHR021C,0,1.3157907,0.24056094884872437,0.6669989824295044,0.21126337349414825
YIR036C,YPL021W,0,1.3157294,0.24047447741031647,0.6669989824295044,0.21136340498924255
YGL129C,YJR135C,0,1.3155196,0.24038806557655334,0.6669989824295044,0.21146343648433685
YML058W-A,YLR344W,0,1.3154461,0.2403017282485962,0.6669989824295044,0.21156346797943115
YMR040W,YGR077C,0,1.315274,0.24021543562412262,0.6669989824295044,0.21166349947452545
YMR295C,YGR276C,0,1.3151157,0.24012921750545502,0.6669989824295044,0.21176353096961975
YCL039W,YBL087C,0,1.3142624,0.2400430589914322,0.6669989824295044,0.21186356246471405
YNL250W,YOR175C,0,1.3132234,0.23995696008205414,0.6669989824295044,0.21196359395980835
YBR040W,YNR044W,1,1.3132191,0.24022947251796722,0.6679959893226624,0.21196359395980835
YPR030W,YOR156C,0,1.3126814,0.24014337360858917,0.6679959893226624,0.21206362545490265
YHR089C,YDR054C,0,1.3123572,0.2400573343038559,0.6679959893226624,0.21216364204883575
YCR036W,YBR196C,0,1.3107674,0.2399713397026062,0.6679959893226624,0.21226367354393005
YDR483W,YBR112C,0,1.3106539,0.23988543450832367,0.6679959893226624,0.21236370503902435
YLR157C,YLR347C,0,1.3104476,0.23979957401752472,0.6679959893226624,0.21246373653411865
YNL066W,YLR040C,1,1.3103913,0.24007155001163483,0.6689929962158203,0.21246373653411865
YOR008C,YDL083C,0,1.3103743,0.23998568952083588,0.6689929962158203,0.21256376802921295
YBR177C,YER090W,0,1.3097103,0.2398998886346817,0.6689929962158203,0.21266379952430725
YJL140W,YAL031C,0,1.3091325,0.2398141473531723,0.6689929962158203,0.21276383101940155
YDR261C,YJL174W,1,1.3088534,0.24008575081825256,0.6699900031089783,0.21276383101940155
YER164W,YJL144W,0,1.3088048,0.23999999463558197,0.6699900031089783,0.21286386251449585
YNL309W,YJL136C,0,1.307779,0.23991431295871735,0.6699900031089783,0.21296389400959015
YGR165W,YDR122W,0,1.3074744,0.2398286908864975,0.6699900031089783,0.21306392550468445
YCR081W,YPL026C,0,1.30706,0.23974312841892242,0.6699900031089783,0.21316394209861755
YGL116W,YPR138C,0,1.3070402,0.23965762555599213,0.6699900031089783,0.21326397359371185
YGR027C,YIL132C,0,1.3065647,0.2395721971988678,0.6699900031089783,0.21336400508880615
YJR004C,YDR456W,0,1.3065197,0.23948681354522705,0.6699900031089783,0.21346403658390045
YLR377C,YLR131C,0,1.305857,0.23940148949623108,0.6699900031089783,0.21356406807899475
YKL124W,YLL018C-A,0,1.3048229,0.23931623995304108,0.6699900031089783,0.21366409957408905
YOL005C,YLR044C,0,1.3044758,0.23923105001449585,0.6699900031089783,0.21376413106918335
YFR053C,YOR297C,0,1.3035519,0.2391459047794342,0.6699900031089783,0.21386416256427765
YBR193C,YDR281C,0,1.3032091,0.23906083405017853,0.6699900031089783,0.21396419405937195
YLL031C,YOR045W,0,1.3030788,0.23897582292556763,0.6699900031089783,0.21406422555446625
YJL121C,YFR031C,0,1.3026083,0.2388908565044403,0.6699900031089783,0.21416424214839935
YGL129C,YBR261C,0,1.3014076,0.23880596458911896,0.6699900031089783,0.21426427364349365
YNR010W,YDR387C,0,1.3007216,0.23872113227844238,0.6699900031089783,0.21436430513858795
YDL220C,YMR112C,0,1.299876,0.23863635957241058,0.6699900031089783,0.21446433663368225
YER055C,YJR040W,0,1.2990521,0.23855164647102356,0.6699900031089783,0.21456436812877655
YAR050W,YGL028C,1,1.2988346,0.2388218641281128,0.6709870100021362,0.21456436812877655
YDR499W,YDR341C,0,1.2987733,0.23873713612556458,0.6709870100021362,0.21466439962387085
YPL038W,YDR014W,0,1.2975347,0.23865248262882233,0.6709870100021362,0.21476443111896515
YKL046C,YGR059W,1,1.2975001,0.2389223724603653,0.671984076499939,0.21476443111896515
YAL010C,YPR187W,0,1.2958658,0.23883770406246185,0.671984076499939,0.21486446261405945
YBR042C,YFR010W,0,1.295707,0.23875309526920319,0.671984076499939,0.21496449410915375
YLL045C,YLR390W-A,0,1.2952166,0.2386685609817505,0.671984076499939,0.21506452560424805
YER165W,YLR045C,0,1.2946353,0.23858407139778137,0.671984076499939,0.21516454219818115
YOR326W,YDR212W,0,1.2935426,0.23849964141845703,0.671984076499939,0.21526457369327545
YER055C,YPR073C,0,1.2932516,0.23841528594493866,0.671984076499939,0.21536460518836975
YLR234W,YDR111C,0,1.2929846,0.23833097517490387,0.671984076499939,0.21546463668346405
YPL206C,YML115C,0,1.2908671,0.23824672400951385,0.671984076499939,0.21556466817855835
YBR160W,YLR153C,0,1.29071,0.2381625473499298,0.671984076499939,0.21566469967365265
YFR006W,YML036W,0,1.2902896,0.23807841539382935,0.671984076499939,0.21576473116874695
YER082C,YOR009W,0,1.2891345,0.23799434304237366,0.671984076499939,0.21586476266384125
YGR122W,YBR189W,0,1.289085,0.23791034519672394,0.671984076499939,0.21596479415893555
YOR194C,YMR122W-A,0,1.2886484,0.2378263920545578,0.671984076499939,0.21606482565402985
YDR545W,YCR009C,0,1.2877469,0.23774249851703644,0.671984076499939,0.21616484224796295
YDL130W-A,YPR188C,0,1.2873061,0.23765867948532104,0.671984076499939,0.21626487374305725
YDR261W-A,YBR041W,0,1.2871921,0.23757490515708923,0.671984076499939,0.21636490523815155
YDR508C,YCL029C,0,1.2861612,0.2374911904335022,0.671984076499939,0.21646493673324585
YMR223W,YER087C-A,0,1.285688,0.23740753531455994,0.671984076499939,0.21656496822834015
YBR040W,YJR004C,1,1.2854638,0.23767605423927307,0.6729810833930969,0.21656496822834015
YJR151C,YOL154W,1,1.2853304,0.23794437944889069,0.6739780902862549,0.21656496822834015
YPR106W,YMR208W,0,1.2849555,0.23786066472530365,0.6739780902862549,0.21666499972343445
YDR441C,YNR037C,0,1.2848685,0.2377769947052002,0.6739780902862549,0.21676503121852875
YER032W,YNR004W,0,1.2832881,0.23769338428974152,0.6739780902862549,0.21686506271362305
YNR067C,YPR143W,0,1.2832003,0.2376098483800888,0.6739780902862549,0.21696509420871735
YDR313C,YHR006W,0,1.2817478,0.23752635717391968,0.6739780902862549,0.21706512570381165
YJR151C,YOR009W,1,1.2803229,0.2377941757440567,0.6749750971794128,0.21706512570381165
YNL190W,YEL040W,1,1.2802038,0.2380618005990982,0.6759721040725708,0.21706512570381165
YGL045W,YPL140C,0,1.2797897,0.2379782348871231,0.6759721040725708,0.21716514229774475
YNL318C,YIL039W,0,1.2788675,0.23789474368095398,0.6759721040725708,0.21726517379283905
YCL047C,YJL136C,0,1.2772385,0.23781129717826843,0.6759721040725708,0.21736520528793335
YBR205W,YIR038C,0,1.2757416,0.23772791028022766,0.6759721040725708,0.21746523678302765
YGR014W,YGR285C,0,1.2754993,0.23764458298683167,0.6759721040725708,0.21756526827812195
YGL206C,YLR293C,0,1.2747558,0.23756131529808044,0.6759721040725708,0.21766529977321625
YBL085W,YLR348C,0,1.2745285,0.237478107213974,0.6759721040725708,0.21776533126831055
YOR243C,YDR261W-B,0,1.2737663,0.23739495873451233,0.6759721040725708,0.21786536276340485
YFL011W,YOR089C,0,1.2737544,0.23731186985969543,0.6759721040725708,0.21796539425849915
YHR107C,YMR307W,1,1.2734114,0.23757871985435486,0.6769691109657288,0.21796539425849915
YGL238W,YDL136W,0,1.273377,0.23749563097953796,0.6769691109657288,0.21806542575359344
YNR017W,YGL186C,0,1.2728419,0.23741258680820465,0.6769691109657288,0.21816544234752655
YBL041W,YKL186C,0,1.2720168,0.2373296022415161,0.6769691109657288,0.21826547384262085
YLR059C,YJR016C,0,1.2715034,0.23724667727947235,0.6769691109657288,0.21836550533771515
YAR050W,YLR040C,1,1.2702435,0.23751309514045715,0.6779661178588867,0.21836550533771515
YMR016C,YBL038W,0,1.2693983,0.2374301701784134,0.6779661178588867,0.21846553683280945
YPL130W,YJR009C,1,1.2693009,0.2376963347196579,0.6789631247520447,0.21846553683280945
YDL139C,YBR214W,0,1.2692156,0.23761339485645294,0.6789631247520447,0.21856556832790375
YPL089C,YGL223C,0,1.2677466,0.23753051459789276,0.6789631247520447,0.21866559982299805
YPR190C,YJL189W,0,1.2660712,0.23744769394397736,0.6789631247520447,0.21876563131809235
YLR344W,YBR180W,0,1.2656085,0.23736493289470673,0.6789631247520447,0.21886566281318665
YGL058W,YCL074W,0,1.265177,0.23728223145008087,0.6789631247520447,0.21896569430828094
YJR126C,YBR002C,0,1.2650441,0.2371995747089386,0.6789631247520447,0.21906572580337524
YKL056C,YGL120C,0,1.2649207,0.2371169924736023,0.6789631247520447,0.21916574239730835
YKL134C,YER125W,0,1.264562,0.23703445494174957,0.6789631247520447,0.21926577389240265
YKL043W,YNR047W,0,1.2641779,0.23695197701454163,0.6789631247520447,0.21936580538749695
YJL141C,YOL103W-B,0,1.2641416,0.23686955869197845,0.6789631247520447,0.21946583688259125
YDR529C,YKL082C,0,1.2635905,0.23678719997406006,0.6789631247520447,0.21956586837768555
YDR174W,YDR178W,0,1.2623683,0.23670490086078644,0.6789631247520447,0.21966589987277985
YLR258W,YBR022W,0,1.2611325,0.2366226613521576,0.6789631247520447,0.21976593136787415
YOR219C,YNL232W,0,1.2609782,0.23654046654701233,0.6789631247520447,0.21986596286296844
YDR218C,YOR391C,0,1.2605147,0.23645833134651184,0.6789631247520447,0.21996599435806274
YJR120W,YNL073W,0,1.260012,0.23637625575065613,0.6789631247520447,0.22006602585315704
YGR057C,YMR015C,0,1.2598681,0.2362942397594452,0.6789631247520447,0.22016604244709015
YPR148C,YFR034C,0,1.2577119,0.23621228337287903,0.6789631247520447,0.22026607394218445
YJR150C,YJR009C,1,1.2574787,0.23647712171077728,0.6799601316452026,0.22026607394218445
YGR288W,YDL136W,0,1.2574415,0.23639515042304993,0.6799601316452026,0.22036610543727875
YOR340C,YER044C,0,1.2569717,0.23631323873996735,0.6799601316452026,0.22046613693237305
YMR282C,YDR469W,0,1.2556843,0.23623138666152954,0.6799601316452026,0.22056616842746735
YDL166C,YDR444W,0,1.2556804,0.23614957928657532,0.6799601316452026,0.22066619992256165
YNL092W,YNL178W,0,1.2541246,0.23606784641742706,0.6799601316452026,0.22076623141765594
YBR038W,YMR142C,0,1.2536654,0.2359861582517624,0.6799601316452026,0.22086626291275024
YPR120C,YMR122W-A,0,1.2533686,0.2359045296907425,0.6799601316452026,0.22096629440784454
YDR235W,YGL253W,0,1.2525437,0.23582296073436737,0.6799601316452026,0.22106632590293884
YKL033W,YDL124W,0,1.2521437,0.23574145138263702,0.6799601316452026,0.22116634249687195
YOR079C,YOR393W,0,1.2501901,0.23565998673439026,0.6799601316452026,0.22126637399196625
YPR080W,YLR047C,0,1.2501504,0.23557858169078827,0.6799601316452026,0.22136640548706055
YJR048W,YDL121C,0,1.2484472,0.23549723625183105,0.6799601316452026,0.22146643698215485
YGR161W-B,YKL174C,0,1.2438602,0.23541595041751862,0.6799601316452026,0.22156646847724915
YMR232W,YIL051C,0,1.2433205,0.23533470928668976,0.6799601316452026,0.22166649997234344
YGL161C,YCR105W,0,1.2431595,0.23525354266166687,0.6799601316452026,0.22176653146743774
YBR130C,YDR041W,0,1.2427956,0.23517242074012756,0.6799601316452026,0.22186656296253204
YBL028C,YAL054C,0,1.2423289,0.23509134352207184,0.6799601316452026,0.22196659445762634
YLR460C,YLR197W,0,1.241691,0.23501034080982208,0.6799601316452026,0.22206662595272064
YJL078C,YHR107C,1,1.2413626,0.23527385294437408,0.6809571385383606,0.22206662595272064
YLR246W,YGR161C,0,1.2412317,0.23519283533096313,0.6809571385383606,0.22216664254665375
YDR077W,YDL049C,1,1.2406725,0.23545610904693604,0.6819541454315186,0.22216664254665375
YPL043W,YGL003C,0,1.2393328,0.23537509143352509,0.6819541454315186,0.22226667404174805
YDR031W,YJR147W,0,1.2367427,0.23529411852359772,0.6819541454315186,0.22236670553684235
YER137C-A,YBR129C,0,1.236125,0.23521320521831512,0.6819541454315186,0.22246673703193665
YER051W,YLR350W,0,1.2360498,0.2351323515176773,0.6819541454315186,0.22256676852703094
YJL035C,YPL104W,0,1.2359326,0.23505154252052307,0.6819541454315186,0.22266680002212524
YLR040C,YGL106W,0,1.235149,0.2349707931280136,0.6819541454315186,0.22276683151721954
YBR145W,YBR282W,0,1.2346475,0.23489010334014893,0.6819541454315186,0.22286686301231384
YNL162W,YJL058C,0,1.2345288,0.23480947315692902,0.6819541454315186,0.22296689450740814
YJL141C,YER045C,0,1.234478,0.2347288876771927,0.6819541454315186,0.22306692600250244
YGR135W,YIL135C,0,1.2337732,0.23464837670326233,0.6819541454315186,0.22316695749759674
YLL067C,YJL044C,0,1.2334065,0.23456789553165436,0.6819541454315186,0.22326697409152985
YBR287W,YLR113W,0,1.2327033,0.23448748886585236,0.6819541454315186,0.22336700558662415
YNR030W,YBR158W,0,1.2325532,0.23440712690353394,0.6819541454315186,0.22346703708171844
YDR289C,YDR086C,0,1.2322431,0.2343268245458603,0.6819541454315186,0.22356706857681274
YMR159C,YDR296W,0,1.2319167,0.23424658179283142,0.6819541454315186,0.22366710007190704
YEL017C-A,YLR367W,0,1.2308553,0.23416638374328613,0.6819541454315186,0.22376713156700134
YOR081C,YPR194C,0,1.2306443,0.23408624529838562,0.6819541454315186,0.22386716306209564
YBL060W,YER053C,0,1.2301105,0.2340061515569687,0.6819541454315186,0.22396719455718994
YDR495C,YKL156W,0,1.2286934,0.23392613232135773,0.6819541454315186,0.22406722605228424
YER025W,YDR501W,0,1.2283928,0.23384615778923035,0.6819541454315186,0.22416725754737854
YER165W,YDR252W,0,1.2276976,0.23376622796058655,0.6819541454315186,0.22426727414131165
YGR027W-B,YLR277C,0,1.2271497,0.23368637263774872,0.6819541454315186,0.22436730563640594
YHR140W,YDL065C,0,1.2267059,0.23360656201839447,0.6819541454315186,0.22446733713150024
YBR274W,YGL178W,0,1.2258604,0.2335267961025238,0.6819541454315186,0.22456736862659454
YKR097W,YPL171C,0,1.2250884,0.2334471046924591,0.6819541454315186,0.22466740012168884
YLR312W-A,YOR098C,0,1.22263,0.233367457985878,0.6819541454315186,0.22476743161678314
YBL005W-B,YOR181W,0,1.222472,0.23328785598278046,0.6819541454315186,0.22486746311187744
YCR077C,YOR209C,0,1.2216349,0.2332083135843277,0.6819541454315186,0.22496749460697174
YGL122C,YDR322W,0,1.2214193,0.23312883079051971,0.6819541454315186,0.22506752610206604
YMR114C,YIL093C,0,1.2206005,0.2330494076013565,0.6819541454315186,0.22516755759716034
YLR301W,YJL106W,0,1.2186162,0.23297002911567688,0.6819541454315186,0.22526757419109344
YJL158C,YGR059W,1,1.2184863,0.23323118686676025,0.6829511523246765,0.22526757419109344
YGL178W,YNR035C,0,1.2182438,0.23315180838108063,0.6829511523246765,0.22536760568618774
YBR175W,YOR175C,0,1.2177448,0.23307247459888458,0.6829511523246765,0.22546763718128204
YCL051W,YOR190W,1,1.2175107,0.23333333432674408,0.6839481592178345,0.22546763718128204
YBR145W,YBR271W,0,1.2168703,0.23325400054454803,0.6839481592178345,0.22556766867637634
YML100W,YBR082C,0,1.2163553,0.23317471146583557,0.6839481592178345,0.22566770017147064
YDR242W,YDR120C,0,1.215439,0.23309548199176788,0.6839481592178345,0.22576773166656494
YJL183W,YPR119W,0,1.2147589,0.23301629722118378,0.6839481592178345,0.22586776316165924
YJL103C,YER045C,0,1.2147124,0.23293718695640564,0.6839481592178345,0.22596779465675354
YER049W,YHR142W,0,1.2146363,0.2328581064939499,0.6839481592178345,0.22606782615184784
YOR227W,YLR353W,0,1.214616,0.2327791005373001,0.6839481592178345,0.22616785764694214
YPR149W,YDR018C,0,1.214552,0.2327001392841339,0.6839481592178345,0.22626787424087524
YMR223W,YBL005W-B,0,1.2144147,0.2326212227344513,0.6839481592178345,0.22636790573596954
YGL194C,YKL198C,0,1.2143176,0.23254236578941345,0.6839481592178345,0.22646793723106384
YBR054W,YNL130C,0,1.214129,0.23246356844902039,0.6839481592178345,0.22656796872615814
YKR078W,YBR172C,0,1.2140642,0.2323848307132721,0.6839481592178345,0.22666800022125244
YPR168W,YJL180C,0,1.2136964,0.2323061227798462,0.6839481592178345,0.22676803171634674
YDR234W,YDL083C,0,1.2127634,0.23222748935222626,0.6839481592178345,0.22686806321144104
YMR074C,YPL154C,0,1.2126344,0.2321489006280899,0.6839481592178345,0.22696809470653534
YLR321C,YBR180W,0,1.2125275,0.23207037150859833,0.6839481592178345,0.22706812620162964
YJL078C,YDR144C,1,1.211966,0.2323300689458847,0.6849451661109924,0.22706812620162964
YPR080W,YJR140C,0,1.2113212,0.23225152492523193,0.6849451661109924,0.22716815769672394
YNL054W-B,YOR059C,0,1.21123,0.23217302560806274,0.6849451661109924,0.22726817429065704
YCR094W,YGL089C,0,1.2108855,0.23209460079669952,0.6849451661109924,0.22736820578575134
YOR346W,YMR099C,0,1.2103744,0.2320162057876587,0.6849451661109924,0.22746823728084564
YCR091W,YPL159C,0,1.2091923,0.23193788528442383,0.6849451661109924,0.22756826877593994
YMR184W,YDR363W-A,0,1.2081027,0.23185959458351135,0.6849451661109924,0.22766830027103424
YOR038C,YKL164C,0,1.2063671,0.23178137838840485,0.6849451661109924,0.22776833176612854
YDR343C,YMR136W,0,1.2062767,0.23170320689678192,0.6849451661109924,0.22786836326122284
YFL057C,YKL059C,0,1.2059495,0.23162508010864258,0.6849451661109924,0.22796839475631714
YDR244W,YPL280W,0,1.2052524,0.231547012925148,0.6849451661109924,0.22806842625141144
YKR006C,YGL167C,0,1.2047391,0.23146900534629822,0.6849451661109924,0.22816845774650574
YLR047C,YDL216C,0,1.2043808,0.231391042470932,0.6849451661109924,0.22826847434043884
YDL145C,YDR178W,0,1.2041123,0.23131312429904938,0.6849451661109924,0.22836850583553314
YJR034W,YBL055C,0,1.2019839,0.23123528063297272,0.6849451661109924,0.22846853733062744
YPR002W,YKL015W,0,1.2019308,0.23115746676921844,0.6849451661109924,0.22856856882572174
YOL144W,YOR084W,0,1.2017276,0.23107971251010895,0.6849451661109924,0.22866860032081604
YGL173C,YGR027W-B,0,1.2015028,0.23100201785564423,0.6849451661109924,0.22876863181591034
YNR060W,YCR093W,0,1.2013667,0.23092436790466309,0.6849451661109924,0.22886866331100464
YPL120W,YPR160W,0,1.2013072,0.23084677755832672,0.6849451661109924,0.22896869480609894
YMR267W,YHR157W,0,1.2012734,0.23076923191547394,0.6849451661109924,0.22906872630119324
YBR026C,YOR251C,0,1.2010803,0.23069174587726593,0.6849451661109924,0.22916875779628754
YJL216C,YIL109C,0,1.2009463,0.2306143045425415,0.6849451661109924,0.22926877439022064
YML058W-A,YFL014W,0,1.1996666,0.23053690791130066,0.6849451661109924,0.22936880588531494
YMR200W,YJL225C,0,1.1988131,0.2304595708847046,0.6849451661109924,0.22946883738040924
YGL106W,YCL075W,0,1.1984683,0.2303822934627533,0.6849451661109924,0.22956886887550354
YBR045C,YDL230W,0,1.1970983,0.23030506074428558,0.6849451661109924,0.22966890037059784
YBL093C,YHR028C,0,1.1966114,0.23022788763046265,0.6849451661109924,0.22976893186569214
YDR129C,YEL048C,0,1.1963394,0.2301507592201233,0.6849451661109924,0.22986896336078644
YGL059W,YDR301W,0,1.1960204,0.23007367551326752,0.6849451661109924,0.22996899485588074
YPL130W,YNR067C,1,1.1947755,0.2303314357995987,0.6859421730041504,0.22996899485588074
YMR215W,YHR107C,1,1.1945953,0.23058901727199554,0.6869391798973083,0.22996899485588074
YLR390W-A,YNL327W,1,1.1944153,0.23084643483161926,0.6879361867904663,0.22996899485588074
YGR061C,YPL135W,0,1.1931095,0.23076923191547394,0.6879361867904663,0.23006902635097504
YJR151C,YOR010C,1,1.193044,0.23102641105651855,0.6889331936836243,0.23006902635097504
YFL049W,YHR169W,0,1.192591,0.23094919323921204,0.6889331936836243,0.23016905784606934
YIL083C,YJR025C,0,1.1921318,0.2308720350265503,0.6889331936836243,0.23026907444000244
YGL004C,YKR034W,0,1.1920116,0.23079492151737213,0.6889331936836243,0.23036910593509674
YHR206W,YLR050C,0,1.1909628,0.23071786761283875,0.6889331936836243,0.23046913743019104
YDR034C-C,YHL040C,0,1.190455,0.23064085841178894,0.6889331936836243,0.23056916892528534
YBR160W,YOL065C,0,1.1899432,0.23056389391422272,0.6889331936836243,0.23066920042037964
YDR289C,YHR046C,0,1.1895001,0.23048698902130127,0.6889331936836243,0.23076923191547394
YGR060W,YMR038C,0,1.1888945,0.2304101437330246,0.6889331936836243,0.23086926341056824
YLR153C,YDR501W,0,1.188181,0.2303333282470703,0.6889331936836243,0.23096929490566254
YPL111W,YJR140C,0,1.187966,0.230256587266922,0.6889331936836243,0.23106932640075684
YCR105W,YPR199C,0,1.1862752,0.23017987608909607,0.6889331936836243,0.23116935789585114
YLL013C,YOR343W-B,0,1.1854124,0.23010322451591492,0.6889331936836243,0.23126937448978424
YOR306C,YNL111C,0,1.1852881,0.23002663254737854,0.6889331936836243,0.23136940598487854
YJR131W,YCR010C,0,1.1839944,0.22995008528232574,0.6889331936836243,0.23146943747997284
YLL048C,YPL257W-B,0,1.1836138,0.22987358272075653,0.6889331936836243,0.23156946897506714
YKL141W,YDR361C,0,1.1831046,0.2297971397638321,0.6889331936836243,0.23166950047016144
YIL118W,YBL075C,0,1.1817173,0.22972074151039124,0.6889331936836243,0.23176953196525574
YBR159W,YPL257W-B,0,1.1814089,0.22964440286159515,0.6889331936836243,0.23186956346035004
YML085C,YOR187W,0,1.1811202,0.22956810891628265,0.6889331936836243,0.23196959495544434
YPL056C,YKL164C,0,1.1810964,0.22949185967445374,0.6889331936836243,0.23206962645053864
YPR008W,YOL012C,0,1.1804209,0.2294156700372696,0.6889331936836243,0.23216965794563293
YBR115C,YOR297C,0,1.1802206,0.22933952510356903,0.6889331936836243,0.23226967453956604
YOR087W,YBR112C,0,1.1795757,0.22926343977451324,0.6889331936836243,0.23236970603466034
YPR049C,YHR096C,0,1.1792502,0.22918739914894104,0.6889331936836243,0.23246973752975464
YLR293C,YLR050C,0,1.1790725,0.22911140322685242,0.6889331936836243,0.23256976902484894
YDL166C,YBR072W,0,1.17838,0.22903546690940857,0.6889331936836243,0.23266980051994324
YIL113W,YGL190C,0,1.1774629,0.2289595752954483,0.6889331936836243,0.23276983201503754
YDR065W,YOR389W,0,1.1764538,0.2288837432861328,0.6889331936836243,0.23286986351013184
YER031C,YLL017W,0,1.1763009,0.2288079410791397,0.6889331936836243,0.23296989500522614
YLL004W,YLR337C,0,1.1760899,0.22873221337795258,0.6889331936836243,0.23306992650032043
YLR389C,YGR123C,0,1.1750227,0.22865651547908783,0.6889331936836243,0.23316995799541473
YHL008C,YGR245C,0,1.174838,0.22858087718486786,0.6889331936836243,0.23326997458934784
YJR027W,YLR244C,0,1.1741211,0.22850528359413147,0.6889331936836243,0.23337000608444214
YLR197W,YEL050C,0,1.1740077,0.22842974960803986,0.6889331936836243,0.23347003757953644
YJL172W,YKL067W,0,1.1731491,0.22835426032543182,0.6889331936836243,0.23357006907463074
YOL165C,YDR248C,0,1.1719607,0.22827883064746857,0.6889331936836243,0.23367010056972504
YLR092W,YNL284C-B,0,1.1713679,0.2282034307718277,0.6889331936836243,0.23377013206481934
YEL048C,YHR139C,0,1.1711614,0.2281280905008316,0.6889331936836243,0.23387016355991364
YPL177C,YCR011C,0,1.1704605,0.22805280983448029,0.6889331936836243,0.23397019505500793
YKL145W,YGR161W-A,0,1.1703951,0.22797755897045135,0.6889331936836243,0.23407022655010223
YPR037C,YOR348C,0,1.170039,0.2279023677110672,0.6889331936836243,0.23417025804519653
YDR316W-B,YDR169C,0,1.1698469,0.22782723605632782,0.6889331936836243,0.23427027463912964
YLR215C,YBL075C,0,1.1696281,0.22775214910507202,0.6889331936836243,0.23437030613422394
YIL177C,YKR100C,0,1.1694688,0.2276771068572998,0.6889331936836243,0.23447033762931824
YPL178W,YEL059C-A,0,1.1694417,0.22760210931301117,0.6889331936836243,0.23457036912441254
YLR134W,YOR127W,0,1.1692657,0.2275271713733673,0.6889331936836243,0.23467040061950684
YNL284C-B,YDR111C,0,1.169033,0.22745227813720703,0.6889331936836243,0.23477043211460114
YER015W,YOR009W,0,1.16814,0.22737742960453033,0.6889331936836243,0.23487046360969543
YOR319W,YDR262W,0,1.1680187,0.22730262577533722,0.6889331936836243,0.23497049510478973
YLR304C,YBL058W,0,1.1678172,0.22722788155078888,0.6889331936836243,0.23507052659988403
YBR009C,YIR009W,0,1.1675384,0.22715318202972412,0.6889331936836243,0.23517055809497833
YDR234W,YEL027W,0,1.1660931,0.22707854211330414,0.6889331936836243,0.23527057468891144
YOR274W,YHR056C,0,1.1659598,0.22700394690036774,0.6889331936836243,0.23537060618400574
YBR012W-B,YBR189W,0,1.1651921,0.22692939639091492,0.6889331936836243,0.23547063767910004
YGL040C,YLL040C,0,1.1641121,0.22685489058494568,0.6889331936836243,0.23557066917419434
YIL088C,YMR180C,0,1.1639892,0.22678044438362122,0.6889331936836243,0.23567070066928864
YOR317W,YDL190C,0,1.1639503,0.22670604288578033,0.6889331936836243,0.23577073216438293
YDR373W,YDR421W,0,1.163234,0.22663168609142303,0.6889331936836243,0.23587076365947723
YNL261W,YDR012W,0,1.1631395,0.22655737400054932,0.6889331936836243,0.23597079515457153
YGR165W,YDR189W,0,1.1631026,0.22648312151432037,0.6889331936836243,0.23607082664966583
YER120W,YBR101C,0,1.1625409,0.226408913731575,0.6889331936836243,0.23617085814476013
YLR029C,YOR227W,0,1.1623578,0.22633475065231323,0.6889331936836243,0.23627087473869324
YLL008W,YOR377W,0,1.1615514,0.22626064717769623,0.6889331936836243,0.23637090623378754
YOR301W,YOL032W,0,1.160161,0.2261865735054016,0.6889331936836243,0.23647093772888184
YOL020W,YGR161C-D,0,1.159935,0.22611255943775177,0.6889331936836243,0.23657096922397614
YBR040W,YDR516C,0,1.159892,0.2260386049747467,0.6889331936836243,0.23667100071907043
YKR064W,YDR261C,0,1.1589149,0.22596468031406403,0.6889331936836243,0.23677103221416473
YDR060W,YBR188C,0,1.1587399,0.22589081525802612,0.6889331936836243,0.23687106370925903
YAL005C,YNL327W,1,1.1578006,0.22614379227161407,0.6899302005767822,0.23687106370925903
YCR002C,YJL174W,1,1.1575681,0.2263966053724289,0.6909272074699402,0.23687106370925903
YER011W,YNR044W,1,1.1569681,0.22664925456047058,0.6919242143630981,0.23687106370925903
YFL010W-A,YHR017W,0,1.1562222,0.22657525539398193,0.6919242143630981,0.23697109520435333
YDR233C,YOR230W,0,1.1560242,0.22650130093097687,0.6919242143630981,0.23707112669944763
YNR060W,YER114C,0,1.1559925,0.22642740607261658,0.6919242143630981,0.23717115819454193
YPR118W,YNL302C,0,1.1555952,0.22635355591773987,0.6919242143630981,0.23727117478847504
YHR005C,YDR259C,0,1.155121,0.22627975046634674,0.6919242143630981,0.23737120628356934
YMR035W,YCL054W,0,1.1551005,0.2262060046195984,0.6919242143630981,0.23747123777866364
YIL053W,YDR205W,0,1.1532714,0.22613228857517242,0.6919242143630981,0.23757126927375793
YDR115W,YKL190W,0,1.1526413,0.22605863213539124,0.6919242143630981,0.23767130076885223
YGR214W,YOL105C,0,1.1518936,0.22598502039909363,0.6919242143630981,0.23777133226394653
YPR034W,YDR009W,0,1.1513741,0.2259114533662796,0.6919242143630981,0.23787136375904083
YMR015C,YGR082W,0,1.1501868,0.22583794593811035,0.6919242143630981,0.23797139525413513
YGL026C,YDL056W,0,1.1501057,0.22576448321342468,0.6919242143630981,0.23807142674922943
YEL041W,YNL127W,0,1.1498163,0.2256910502910614,0.6919242143630981,0.23817145824432373
YGR037C,YAR009C,0,1.1494632,0.2256176918745041,0.6919242143630981,0.23827147483825684
YGR040W,YAL044C,0,1.1494101,0.22554436326026917,0.6919242143630981,0.23837150633335114
YBL082C,YGR014W,0,1.1486819,0.22547107934951782,0.6919242143630981,0.23847153782844543
YDR261C-D,YGL107C,0,1.1486604,0.22539785504341125,0.6919242143630981,0.23857156932353973
YCL057C-A,YLR270W,0,1.1484952,0.22532467544078827,0.6919242143630981,0.23867160081863403
YOR237W,YJL041W,0,1.1482599,0.22525154054164886,0.6919242143630981,0.23877163231372833
YNL025C,YBR212W,0,1.148251,0.22517845034599304,0.6919242143630981,0.23887166380882263
YKR049C,YIL134W,0,1.1481502,0.225105419754982,0.6919242143630981,0.23897169530391693
YLR249W,YER104W,0,1.1476961,0.22503241896629333,0.6919242143630981,0.23907172679901123
YMR042W,YBR196C,0,1.1465067,0.22495947778224945,0.6919242143630981,0.23917175829410553
YAL039C,YGR010W,0,1.1463399,0.22488658130168915,0.6919242143630981,0.23927177488803864
YDR453C,YHL016C,0,1.146203,0.22481372952461243,0.6919242143630981,0.23937180638313293
YGL028C,YLR308W,1,1.1460886,0.22506476938724518,0.6929212212562561,0.23937180638313293
YGL180W,YPL204W,0,1.1457307,0.22499190270900726,0.6929212212562561,0.23947183787822723
YML120C,YDR367W,0,1.145327,0.22491909563541412,0.6929212212562561,0.23957186937332153
YLR001C,YLR430W,0,1.1449916,0.22484633326530457,0.6929212212562561,0.23967190086841583
YDL129W,YEL019C,0,1.1449525,0.2247736155986786,0.6929212212562561,0.23977193236351013
YJL056C,YPR196W,0,1.1441529,0.2247009426355362,0.6929212212562561,0.23987196385860443
YMR234W,YOR322C,0,1.1439769,0.22462831437587738,0.6929212212562561,0.23997199535369873
YHR010W,YBR052C,0,1.1436515,0.22455573081970215,0.6929212212562561,0.24007202684879303
YOR010C,YOR009W,1,1.1428797,0.22480620443820953,0.6939182281494141,0.24007202684879303
YCR046C,YMR241W,0,1.1427934,0.2247336059808731,0.6939182281494141,0.24017205834388733
YFL002W-B,YOR341W,0,1.1427653,0.22466106712818146,0.6939182281494141,0.24027207493782043
YPR159W,YGR034W,0,1.1424606,0.2245885729789734,0.6939182281494141,0.24037210643291473
YDR341C,YIL034C,0,1.1418384,0.2245161235332489,0.6939182281494141,0.24047213792800903
YLR300W,YLR040C,1,1.141621,0.22476620972156525,0.694915235042572,0.24047213792800903
YDR098C-B,YJL208C,0,1.1404898,0.22469374537467957,0.694915235042572,0.24057216942310333
YHR211W,YDR144C,1,1.1400942,0.224943608045578,0.69591224193573,0.24057216942310333
YEL065W,YHR154W,0,1.1380699,0.22487112879753113,0.69591224193573,0.24067220091819763
YHR058C,YKL094W,0,1.1373825,0.22479870915412903,0.69591224193573,0.24077223241329193
YGR060W,YIR017C,0,1.1351681,0.2247263342142105,0.69591224193573,0.24087226390838623
YLR120C,YGR262C,0,1.1350179,0.22465400397777557,0.69591224193573,0.24097229540348053
YHR046C,YFR031C-A,0,1.1343408,0.22458171844482422,0.69591224193573,0.24107232689857483
YOR068C,YOR127W,0,1.1337206,0.22450949251651764,0.69591224193573,0.24117235839366913
YGR279C,YLL024C,1,1.1332304,0.22475884854793549,0.6969092488288879,0.24117235839366913
YLR391W,YLR037C,1,1.1326854,0.2250080406665802,0.6979062557220459,0.24117235839366913
YKL024C,YEL006W,0,1.1321177,0.22493572533130646,0.6979062557220459,0.24127237498760223
YIL062C,YGR103W,0,1.1309808,0.2248634696006775,0.6979062557220459,0.24137240648269653
YPR054W,YGR138C,0,1.1304829,0.2247912585735321,0.6979062557220459,0.24147243797779083
YDR476C,YGR161W-B,0,1.1300108,0.2247191071510315,0.6979062557220459,0.24157246947288513
YHR215W,YNL212W,0,1.1299722,0.22464698553085327,0.6979062557220459,0.24167250096797943
YAL021C,YLR324W,0,1.1296366,0.22457490861415863,0.6979062557220459,0.24177253246307373
YOR032C,YOR261C,0,1.1288526,0.22450289130210876,0.6979062557220459,0.24187256395816803
YCR009C,YOL120C,0,1.1283345,0.2244309037923813,0.6979062557220459,0.24197259545326233
YKR008W,YER164W,0,1.1282556,0.22435897588729858,0.6979062557220459,0.24207262694835663
YKR099W,YDR261W-B,0,1.1264933,0.22428709268569946,0.6979062557220459,0.24217265844345093
YLL013C,YHR140W,0,1.1264205,0.22421523928642273,0.6979062557220459,0.24227267503738403
YOL069W,YLR264W,0,1.1256355,0.22414344549179077,0.6979062557220459,0.24237270653247833
YOR260W,YNL007C,0,1.1244404,0.2240716964006424,0.6979062557220459,0.24247273802757263
YEL069C,YKR035W-A,0,1.1241264,0.2240000069141388,0.6979062557220459,0.24257276952266693
YOL020W,YNL178W,0,1.123872,0.22392834722995758,0.6979062557220459,0.24267280101776123
YGR057C,YNL219C,0,1.1237538,0.22385673224925995,0.6979062557220459,0.24277283251285553
YAL021C,YDR261W-B,0,1.1231515,0.2237851619720459,0.6979062557220459,0.24287286400794983
YJR150C,YDL049C,1,1.1222519,0.22403323650360107,0.6989032626152039,0.24287286400794983
YPL221W,YBR042C,0,1.1215534,0.22396166622638702,0.6989032626152039,0.24297289550304413
YDR151C,YGR175C,0,1.1213697,0.22389012575149536,0.6989032626152039,0.24307292699813843
YMR242C,YDL146W,0,1.1213346,0.22381864488124847,0.6989032626152039,0.24317295849323273
YHL009W-B,YNL304W,0,1.1209625,0.22374720871448517,0.6989032626152039,0.24327297508716583
YLR441C,YDR365W-A,0,1.120764,0.22367581725120544,0.6989032626152039,0.24337300658226013
YKR007W,YHL003C,0,1.1205156,0.2236044704914093,0.6989032626152039,0.24347303807735443
YKR009C,YHR099W,0,1.1204922,0.22353316843509674,0.6989032626152039,0.24357306957244873
YCR038C,YPL063W,0,1.1203891,0.22346191108226776,0.6989032626152039,0.24367310106754303
YPR152C,YAR042W,0,1.1202552,0.22339069843292236,0.6989032626152039,0.24377313256263733
YCL008C,YGR109W-A,0,1.119701,0.22331953048706055,0.6989032626152039,0.24387316405773163
YBR291C,YNL167C,0,1.1195294,0.2232484072446823,0.6989032626152039,0.24397319555282593
YIL093C,YNR070W,0,1.1179074,0.22317732870578766,0.6989032626152039,0.24407322704792023
YDL015C,YHL009W-B,0,1.117554,0.2231062948703766,0.6989032626152039,0.24417325854301453
YNL054W-A,YOR207C,0,1.1165076,0.2230353206396103,0.6989032626152039,0.24427327513694763
YLR150W,YAL040C,0,1.1162264,0.22296437621116638,0.6989032626152039,0.24437330663204193
YER036C,YDR297W,0,1.1161531,0.22289347648620605,0.6989032626152039,0.24447333812713623
YOR167C,YFR031C,0,1.1152536,0.2228226363658905,0.6989032626152039,0.24457336962223053
YJL045W,YCL014W,0,1.114266,0.22275182604789734,0.6989032626152039,0.24467340111732483
YML009C,YMR194W,0,1.1135199,0.22268106043338776,0.6989032626152039,0.24477343261241913
YJR075W,YDR002W,0,1.1134682,0.22261035442352295,0.6989032626152039,0.24487346410751343
YBR177C,YGL003C,0,1.1130893,0.22253967821598053,0.6989032626152039,0.24497349560260773
YMR165C,YDL120W,0,1.1118364,0.22246906161308289,0.6989032626152039,0.24507352709770203
YPL002C,YNL046W,0,1.1116858,0.22239847481250763,0.6989032626152039,0.24517355859279633
YNL325C,YDR038C,0,1.1115965,0.22232794761657715,0.6989032626152039,0.24527357518672943
YDR481C,YML040W,0,1.1113925,0.22225745022296906,0.6989032626152039,0.24537360668182373
YDR200C,YGL171W,0,1.1110475,0.22218699753284454,0.6989032626152039,0.24547363817691803
YDR224C,YDR421W,0,1.1106393,0.2221166044473648,0.6989032626152039,0.24557366967201233
YPL183C,YGR075C,0,1.1097369,0.22204624116420746,0.6989032626152039,0.24567370116710663
YGR088W,YIL144W,0,1.1091199,0.22197593748569489,0.6989032626152039,0.24577373266220093
YDL144C,YDL039C,0,1.1075248,0.2219056636095047,0.6989032626152039,0.24587376415729523
YJL171C,YNR067C,1,1.1074593,0.22215190529823303,0.6999002695083618,0.24587376415729523
YKL210W,YGR007W,0,1.1068895,0.22208161652088165,0.6999002695083618,0.24597379565238953
YCR026C,YMR122W-A,0,1.1062863,0.22201138734817505,0.6999002695083618,0.24607382714748383
YBR114W,YDR057W,0,1.1062053,0.22194118797779083,0.6999002695083618,0.24617385864257812
YJL056C,YHR021C,0,1.1053876,0.2218710482120514,0.6999002695083618,0.24627387523651123
YOR068C,YOR290C,0,1.1053166,0.22180095314979553,0.6999002695083618,0.24637390673160553
YOR078W,YLR312W-A,0,1.1043472,0.22173088788986206,0.6999002695083618,0.24647393822669983
YHR143W,YGR218W,0,1.1009994,0.22166088223457336,0.6999002695083618,0.24657396972179413
YPL017C,YJL189W,0,1.1006184,0.22159090638160706,0.6999002695083618,0.24667400121688843
YJL174W,YNL223W,0,1.1005727,0.22152099013328552,0.6999002695083618,0.24677403271198273
YBR208C,YBR130C,0,1.100226,0.22145110368728638,0.6999002695083618,0.24687406420707703
YDR435C,YER096W,0,1.0995972,0.2213812619447708,0.6999002695083618,0.24697409570217133
YNR002C,YOR249C,0,1.099513,0.22131147980690002,0.6999002695083618,0.24707412719726562
YMR105C,YLR330W,0,1.0990978,0.22124172747135162,0.6999002695083618,0.24717415869235992
YKL161C,YJR026W,0,1.0987175,0.2211720198392868,0.6999002695083618,0.24727417528629303
YLR029C,YDR224C,0,1.0987172,0.22110235691070557,0.6999002695083618,0.24737420678138733
YKL096W-A,YAL063C,1,1.0985867,0.2213476002216339,0.7008973360061646,0.24737420678138733
YLR188W,YBL030C,0,1.0985854,0.22127793729305267,0.7008973360061646,0.24747423827648163
YNL131W,YER044C,0,1.0985136,0.22120830416679382,0.7008973360061646,0.24757426977157593
YBL055C,YNL178W,0,1.098512,0.22113871574401855,0.7008973360061646,0.24767430126667023
YMR006C,YOR242C,1,1.097788,0.22138364613056183,0.7018943428993225,0.24767430126667023
YLR042C,YDR134C,1,1.0977105,0.22162841260433197,0.7028913497924805,0.24767430126667023
YMR217W,YBR243C,0,1.0972683,0.22155876457691193,0.7028913497924805,0.24777433276176453
YNL110C,YHR153C,0,1.0969392,0.22148916125297546,0.7028913497924805,0.24787436425685883
YBR125C,YJR097W,0,1.0963894,0.22141960263252258,0.7028913497924805,0.24797439575195312
YKL006W,YDR238C,0,1.0957143,0.2213500738143921,0.7028913497924805,0.24807442724704742
YFL011W,YKL016C,0,1.0956256,0.22128060460090637,0.7028913497924805,0.24817445874214172
YBR096W,YGR088W,0,1.0947332,0.22121116518974304,0.7028913497924805,0.24827447533607483
YMR207C,YNL231C,0,1.0945561,0.2211417853832245,0.7028913497924805,0.24837450683116913
YHR014W,YDL087C,0,1.0943058,0.22107243537902832,0.7028913497924805,0.24847453832626343
YDL138W,YGL162W,0,1.0939748,0.22100313007831573,0.7028913497924805,0.24857456982135773
YAL010C,YDR134C,0,1.0938529,0.22093386948108673,0.7028913497924805,0.24867460131645203
YEL069C,YJL062W,0,1.0934638,0.2208646684885025,0.7028913497924805,0.24877463281154633
YMR033W,YGL105W,0,1.0914077,0.22079549729824066,0.7028913497924805,0.24887466430664062
YLR314C,YLR391W,1,1.091312,0.22103944420814514,0.7038883566856384,0.24887466430664062
YKR105C,YLR263W,0,1.0908601,0.2209702730178833,0.7038883566856384,0.24897469580173492
YJR063W,YFR031C,0,1.0906817,0.22090113162994385,0.7038883566856384,0.24907472729682922
YER060W-A,YNL227C,0,1.0905235,0.22083203494548798,0.7038883566856384,0.24917475879192352
YKL198C,YJL101C,0,1.0895201,0.22076298296451569,0.7038883566856384,0.24927477538585663
YPR184W,YOR142W-A,0,1.0891435,0.22069396078586578,0.7038883566856384,0.24937480688095093
YLL019C,YDL185W,0,1.0883365,0.22062499821186066,0.7038883566856384,0.24947483837604523
YLR151C,YPR036W,0,1.0870929,0.2205560803413391,0.7038883566856384,0.24957486987113953
YBR040W,YGR204W,0,1.085769,0.22048719227313995,0.7038883566856384,0.24967490136623383
YGR185C,YHR099W,0,1.0847181,0.22041836380958557,0.7038883566856384,0.24977493286132812
YIL125W,YDR210W-B,0,1.08462,0.22034956514835358,0.7038883566856384,0.24987496435642242
YBR286W,YIL144W,0,1.0845087,0.22028081119060516,0.7038883566856384,0.24997499585151672
YOR330C,YMR156C,0,1.0831783,0.22021210193634033,0.7038883566856384,0.25007501244544983
YDR212W,YNL335W,0,1.0830427,0.22014343738555908,0.7038883566856384,0.2501750588417053
YGL225W,YOR304W,0,1.0811632,0.2200748175382614,0.7038883566856384,0.2502750754356384
YOL012C,YHR142W,0,1.0798131,0.22000622749328613,0.7038883566856384,0.2503751218318939
YBL106C,YPL089C,0,1.0795213,0.21993769705295563,0.7038883566856384,0.250475138425827
YHR118C,YBR192W,0,1.0792465,0.2198691964149475,0.7038883566856384,0.2505751848220825
YLL019C,YJL168C,0,1.0783179,0.21980074048042297,0.7038883566856384,0.2506752014160156
YDR067C,YJR139C,0,1.0783136,0.2197323441505432,0.7038883566856384,0.25077521800994873
YNL145W,YNL156C,0,1.0780771,0.21966396272182465,0.7038883566856384,0.2508752644062042
YLR086W,YER038C,0,1.0776094,0.21959564089775085,0.7038883566856384,0.25097528100013733
YPR137W,YOR045W,0,1.0771936,0.21952736377716064,0.7038883566856384,0.2510753273963928
YHL025W,YJR143C,0,1.0770793,0.21945911645889282,0.7038883566856384,0.2511753439903259
YLR048W,YOR076C,0,1.0762726,0.21939092874526978,0.7038883566856384,0.2512753903865814
YDR329C,YKL156W,0,1.0761803,0.21932277083396912,0.7038883566856384,0.2513754069805145
YKL172W,YHR061C,0,1.075333,0.21925465762615204,0.7038883566856384,0.25147545337677
YPR190C,YDR517W,0,1.0741305,0.21918658912181854,0.7038883566856384,0.2515754699707031
YER104W,YEL024W,0,1.0737313,0.21911856532096863,0.7038883566856384,0.2516755163669586
YOR261C,YCL068C,0,1.0734448,0.2190505713224411,0.7038883566856384,0.2517755329608917
YBL087C,YDR086C,0,1.0734336,0.21898263692855835,0.7038883566856384,0.25187554955482483
YDR098C,YIL048W,0,1.0734202,0.21891473233699799,0.7038883566856384,0.2519755959510803
YPR156C,YAL012W,0,1.0716105,0.2188468724489212,0.7038883566856384,0.2520756125450134
YNR020C,YLR270W,0,1.0715228,0.218779057264328,0.7038883566856384,0.2521756589412689
YBR245C,YHL028W,0,1.0712292,0.2187112718820572,0.7038883566856384,0.252275675535202
YJL078C,YKR102W,1,1.0707781,0.2189532369375229,0.7048853635787964,0.252275675535202
YHR211W,YCR089W,1,1.0701904,0.21919505298137665,0.7058823704719543,0.252275675535202
YBL041W,YMR101C,0,1.0684316,0.21912720799446106,0.7058823704719543,0.2523757219314575
YML081C-A,YNL111C,0,1.0682316,0.21905940771102905,0.7058823704719543,0.2524757385253906
YBR012W-A,YPL013C,0,1.0680418,0.21899165213108063,0.7058823704719543,0.2525757849216461
YPL179W,YGR161W-B,0,1.0678635,0.2189239263534546,0.7058823704719543,0.2526758015155792
YIL090W,YOR374W,0,1.0675063,0.21885626018047333,0.7058823704719543,0.25277581810951233
YNL284C-A,YJL172W,0,1.0665964,0.21878862380981445,0.7058823704719543,0.2528758645057678
YJL148W,YLR264W,0,1.0664673,0.21872103214263916,0.7058823704719543,0.2529758810997009
YBL100W-B,YHL009W-B,0,1.0655916,0.21865348517894745,0.7058823704719543,0.2530759274959564
YIL018W,YML051W,0,1.065239,0.21858598291873932,0.7058823704719543,0.2531759440898895
YGR010W,YAR002C-A,0,1.0639446,0.21851852536201477,0.7058823704719543,0.253275990486145
YER178W,YPR134W,0,1.0639284,0.2184510976076126,0.7058823704719543,0.2533760070800781
YMR050C,YDR500C,0,1.0628953,0.21838371455669403,0.7058823704719543,0.2534760534763336
YDR207C,YGR124W,0,1.0625978,0.21831637620925903,0.7058823704719543,0.2535760700702667
YKL218C,YEL024W,0,1.0622373,0.21824908256530762,0.7058823704719543,0.2536761164665222
YLR286C,YLR227W-B,0,1.061708,0.2181818187236786,0.7058823704719543,0.2537761330604553
YDR213W,YDR009W,0,1.0614829,0.21811459958553314,0.7058823704719543,0.2538761496543884
YOR155C,YIR011C,0,1.06148,0.21804742515087128,0.7058823704719543,0.2539761960506439
YEL001C,YPL186C,0,1.0611497,0.217980295419693,0.7058823704719543,0.254076212644577
YBR080C,YMR180C,0,1.0602461,0.2179132103919983,0.7058823704719543,0.2541762590408325
YBR273C,YML040W,0,1.058466,0.21784615516662598,0.7058823704719543,0.2542762756347656
YLR143W,YBL064C,0,1.0584537,0.21777914464473724,0.7058823704719543,0.2543763220310211
YJR053W,YJL066C,0,1.0551825,0.2177121788263321,0.7058823704719543,0.2544763386249542
YOL157C,YGR027W-B,0,1.0550387,0.21764525771141052,0.7058823704719543,0.2545763850212097
YOR260W,YLL045C,0,1.0546751,0.21757836639881134,0.7058823704719543,0.2546764016151428
YGL213C,YPL121C,0,1.0541168,0.21751151978969574,0.7058823704719543,0.2547764182090759
YPL257W-B,YEL050C,0,1.0534148,0.21744471788406372,0.7058823704719543,0.2548764646053314
YMR110C,YLR153C,0,1.0519683,0.21737796068191528,0.7058823704719543,0.2549764811992645
YPL043W,YPL235W,0,1.0518599,0.21731123328208923,0.7058823704719543,0.25507652759552
YOR382W,YGR084C,0,1.0518334,0.21724455058574677,0.7058823704719543,0.2551765441894531
YDR086C,YER045C,0,1.0503929,0.21717791259288788,0.7058823704719543,0.2552765905857086
YDL119C,YLR348C,0,1.0503826,0.21711131930351257,0.7058823704719543,0.2553766071796417
YIL136W,YGR142W,0,1.0502712,0.21704475581645966,0.7058823704719543,0.2554766535758972
YLR227W-A,YMR186W,0,1.0497458,0.21697823703289032,0.7058823704719543,0.2555766701698303
YGL068W,YHL040C,0,1.0487018,0.21691176295280457,0.7058823704719543,0.2556767165660858
YOR027W,YGL018C,0,1.0486985,0.2168453335762024,0.7058823704719543,0.2557767331600189
YLR314C,YGL032C,1,1.048692,0.2170851230621338,0.7068793773651123,0.2557767331600189
YDL144C,YBR082C,0,1.0486531,0.21701867878437042,0.7068793773651123,0.255876749753952
YDR400W,YLR391W,0,1.0475498,0.21695226430892944,0.7068793773651123,0.2559767961502075
YIL118W,YDR111C,0,1.0473212,0.21688589453697205,0.7068793773651123,0.2560768127441406
YMR080C,YPR019W,0,1.0469452,0.21681956946849823,0.7068793773651123,0.2561768591403961
YPL150W,YMR290C,0,1.0466889,0.216753289103508,0.7068793773651123,0.2562768757343292
YMR137C,YDR034C-C,0,1.0465983,0.21668703854084015,0.7068793773651123,0.2563769221305847
YLL017W,YPL145C,0,1.0444456,0.21662083268165588,0.7068793773651123,0.2564769387245178
YCL029C,YER053C,0,1.0441803,0.2165546715259552,0.7068793773651123,0.2565769851207733
YGR046W,YOL055C,0,1.0441301,0.2164885550737381,0.7068793773651123,0.2566770017147064
YNL175C,YLL009C,0,1.043997,0.21642246842384338,0.7068793773651123,0.2567770183086395
YJL130C,YOL018C,0,1.0429933,0.21635642647743225,0.7068793773651123,0.256877064704895
YDR380W,YNL054W-B,0,1.0426236,0.2162904143333435,0.7068793773651123,0.2569770812988281
YOR257W,YOL145C,0,1.0424931,0.21622446179389954,0.7068793773651123,0.2570771276950836
YOL101C,YDR478W,0,1.0418062,0.21615853905677795,0.7068793773651123,0.2571771442890167
YNL122C,YIL076W,0,1.0417504,0.21609266102313995,0.7068793773651123,0.2572771906852722
YDR115W,YJL096W,0,1.0413489,0.21602681279182434,0.7068793773651123,0.2573772072792053
YPL130W,YDR134C,1,1.0405587,0.21626560389995575,0.7078763842582703,0.2573772072792053
YHR057C,YNL055C,0,1.0399683,0.21619975566864014,0.7078763842582703,0.2574772536754608
YDL210W,YML071C,0,1.0395944,0.2161339372396469,0.7078763842582703,0.2575772702693939
YPL173W,YLR227W-B,0,1.038943,0.21606816351413727,0.7078763842582703,0.2576773166656494
YML132W,YGL253W,0,1.0387323,0.2160024344921112,0.7078763842582703,0.2577773332595825
YOR190W,YLR213C,1,1.0385909,0.21624088287353516,0.7088733911514282,0.2577773332595825
YIL170W,YDR328C,0,1.0380305,0.2161751240491867,0.7088733911514282,0.2578773498535156
YAR018C,YIL134W,0,1.0378697,0.21610942482948303,0.7088733911514282,0.2579773962497711
YNL010W,YDR334W,0,1.037664,0.21604375541210175,0.7088733911514282,0.2580774128437042
YJR119C,YOL103W-A,0,1.0372788,0.21597813069820404,0.7088733911514282,0.2581774592399597
YLR203C,YNL118C,0,1.0362811,0.21591253578662872,0.7088733911514282,0.2582774758338928
YML045W,YPR166C,0,1.0360821,0.21584700047969818,0.7088733911514282,0.2583775222301483
YOL011W,YDR252W,0,1.0359652,0.21578148007392883,0.7088733911514282,0.2584775388240814
YLR088W,YMR046C,0,1.0357153,0.21571601927280426,0.7088733911514282,0.2585775852203369
YOR269W,YMR180C,0,1.0353069,0.21565058827400208,0.7088733911514282,0.25867760181427
YFR038W,YML048W,0,1.0353036,0.21558520197868347,0.7088733911514282,0.2587776184082031
YJL187C,YHR047C,0,1.0347314,0.21551986038684845,0.7088733911514282,0.2588776648044586
YKL210W,YGR222W,0,1.0344911,0.21545454859733582,0.7088733911514282,0.2589776813983917
YOR066W,YIL006W,0,1.0343701,0.21538928151130676,0.7088733911514282,0.2590777277946472
YMR282C,YEL054C,0,1.0341877,0.2153240442276001,0.7088733911514282,0.2591777443885803
YGL045W,YHR202W,0,1.0338004,0.21525885164737701,0.7088733911514282,0.2592777907848358
YKL088W,YBL020W,0,1.0335417,0.2151937037706375,0.7088733911514282,0.2593778073787689
YOL123W,YOR215C,0,1.0333501,0.2151285856962204,0.7088733911514282,0.2594778537750244
YPL092W,YPL194W,0,1.033157,0.21506352722644806,0.7088733911514282,0.2595778703689575
YER148W,YOL112W,0,1.032798,0.21499848365783691,0.7088733911514282,0.259677916765213
YER137C-A,YAL054C,0,1.0327185,0.21493349969387054,0.7088733911514282,0.2597779333591461
YHR210C,YMR075W,0,1.0321257,0.21486854553222656,0.7088733911514282,0.2598779499530792
YLR154C,YPL248C,0,1.0310246,0.21480362117290497,0.7088733911514282,0.2599779963493347
YMR077C,YOR067C,0,1.0307904,0.21473875641822815,0.7088733911514282,0.2600780129432678
YOR347C,YDR160W,0,1.0306958,0.21467390656471252,0.7088733911514282,0.2601780593395233
YBR273C,YGR075C,0,1.0305082,0.21460911631584167,0.7088733911514282,0.2602780759334564
YER062C,YKR079C,0,1.030437,0.2145443558692932,0.7088733911514282,0.2603781223297119
YDL223C,YDR276C,0,1.0296444,0.21447964012622833,0.7088733911514282,0.260478138923645
YLR224W,YJR033C,0,1.0293967,0.21441495418548584,0.7088733911514282,0.2605781853199005
YLR215C,YNL284C-B,0,1.029281,0.21435031294822693,0.7088733911514282,0.2606782019138336
YGR161C-D,YLL008W,0,1.0290236,0.2142857164144516,0.7088733911514282,0.2607782483100891
YMR297W,YLL043W,0,1.0290046,0.21422114968299866,0.7088733911514282,0.2608782649040222
YPL220W,YOR075W,0,1.029004,0.2141566276550293,0.7088733911514282,0.2609782814979553
YDR388W,YJR120W,0,1.028796,0.21409213542938232,0.7088733911514282,0.2610783278942108
YJL225C,YOR127W,0,1.028463,0.21402768790721893,0.7088733911514282,0.2611783444881439
YPL130W,YMR238W,1,1.0281799,0.21426421403884888,0.7098703980445862,0.2611783444881439
YKR075C,YGL226W,0,1.0280885,0.21419976651668549,0.7098703980445862,0.2612783908843994
YJL212C,YGL139W,0,1.0274968,0.2141353338956833,0.7098703980445862,0.2613784074783325
YMR105C,YLR356W,0,1.0274417,0.21407096087932587,0.7098703980445862,0.261478453874588
YOR388C,YBR254C,0,1.0270419,0.21400661766529083,0.7098703980445862,0.2615784704685211
YER123W,YHL021C,0,1.0260063,0.21394230425357819,0.7098703980445862,0.2616785168647766
YOR242C,YDR055W,1,1.0258209,0.2141784280538559,0.7108674049377441,0.2616785168647766
YDR224C,YKL124W,0,1.0253948,0.21411411464214325,0.7108674049377441,0.2617785334587097
YOR190W,YLR391W,1,1.0245569,0.21435004472732544,0.7118644118309021,0.2617785334587097
YNL302C,YGL172W,0,1.0243697,0.2142857164144516,0.7118644118309021,0.2618785500526428
YJR110W,YDR034C-C,0,1.0239407,0.21422141790390015,0.7118644118309021,0.2619785964488983
YBR094W,YBL039C,0,1.0239203,0.21415716409683228,0.7118644118309021,0.2620786130428314
YLR109W,YIL036W,0,1.0237067,0.21409295499324799,0.7118644118309021,0.2621786594390869
YJL094C,YIL109C,0,1.0235608,0.21402877569198608,0.7118644118309021,0.26227867603302
YHR149C,YML021C,0,1.0222626,0.21396464109420776,0.7118644118309021,0.2623787224292755
YKL145W,YDR261C-D,0,1.0221292,0.21390053629875183,0.7118644118309021,0.2624787390232086
YOR191W,YBR182C,0,1.0218129,0.21383647620677948,0.7118644118309021,0.2625787854194641
YDR044W,YGL256W,0,1.0212129,0.2137724608182907,0.7118644118309021,0.2626788020133972
YPR102C,YNL180C,0,1.0205216,0.21370847523212433,0.7118644118309021,0.2627788484096527
YGL063W,YMR122W-A,0,1.0202695,0.21364451944828033,0.7118644118309021,0.2628788650035858
YJR103W,YGL168W,0,1.0201099,0.21358062326908112,0.7118644118309021,0.2629788815975189
YIL004C,YNL135C,0,1.0200793,0.2135167419910431,0.7118644118309021,0.2630789279937744
YLR380W,YJL066C,0,1.020064,0.21345292031764984,0.7118644118309021,0.2631789445877075
YDR435C,YDL146W,0,1.0184908,0.21338912844657898,0.7118644118309021,0.263278990983963
YPL239W,YJL144W,0,1.0177275,0.2133253663778305,0.7118644118309021,0.2633790075778961
YGR161W-A,YIL087C,0,1.017514,0.2132616490125656,0.7118644118309021,0.2634790539741516
YOR324C,YGR174C,0,1.0165621,0.2131979763507843,0.7118644118309021,0.2635790705680847
YAR018C,YAL060W,0,1.0162896,0.21313433349132538,0.7118644118309021,0.2636791169643402
YBR045C,YDL130W-A,0,1.016269,0.21307072043418884,0.7118644118309021,0.2637791335582733
YDR315C,YDR516C,0,1.0159094,0.21300716698169708,0.7118644118309021,0.2638791501522064
YOR189W,YHR061C,0,1.0145819,0.21294362843036652,0.7118644118309021,0.2639791965484619
YDR261W-A,YJR016C,0,1.0140784,0.21288014948368073,0.7118644118309021,0.264079213142395
YJL136C,YLL057C,0,1.0125041,0.21281668543815613,0.7118644118309021,0.2641792595386505
YLR417W,YOR230W,0,1.0124472,0.2127532809972763,0.7118644118309021,0.2642792761325836
YPR122W,YHR073W,0,1.0114961,0.21268990635871887,0.7118644118309021,0.2643793225288391
YDR533C,YLL001W,0,1.0112371,0.21262656152248383,0.7118644118309021,0.2644793391227722
YLR228C,YBR192W,0,1.0109462,0.21256326138973236,0.7118644118309021,0.2645793855190277
YCL064C,YGR075C,0,1.0096372,0.21250000596046448,0.7118644118309021,0.2646794021129608
YIL011W,YEL040W,1,1.0094408,0.21273431181907654,0.7128614187240601,0.2646794021129608
YNL153C,YER015W,0,1.0084728,0.21267102658748627,0.7128614187240601,0.2647794485092163
YLR109W,YNR032C-A,0,1.0079637,0.21260778605937958,0.7128614187240601,0.2648794651031494
YPL019C,YOR109W,0,1.0079362,0.21254459023475647,0.7128614187240601,0.2649794816970825
YOR032C,YNL181W,0,1.0078607,0.21248142421245575,0.7128614187240601,0.265079528093338
YLR314C,YLR390W-A,1,1.0067685,0.21271538734436035,0.713858425617218,0.265079528093338
YLR367W,YDR210W-B,0,1.0066447,0.21265220642089844,0.713858425617218,0.2651795446872711
YPL011C,YEL054C,0,1.0066243,0.2125890702009201,0.713858425617218,0.2652795910835266
YGL060W,YAR027W,0,1.0064714,0.21252597868442535,0.713858425617218,0.2653796076774597
YDR365W-A,YER140W,0,1.0056643,0.2124629020690918,0.713858425617218,0.2654796540737152
YGR179C,YGR124W,0,1.0056226,0.21239988505840302,0.713858425617218,0.2655796706676483
YBR006W,YKL185W,0,1.0053363,0.21233689785003662,0.713858425617218,0.2656797170639038
YDL114W,YGR181W,0,1.0049506,0.21227394044399261,0.713858425617218,0.2657797336578369
YLR085C,YOL040C,0,1.0049082,0.2122110277414322,0.713858425617218,0.26587975025177
YDR064W,YJL173C,0,1.0045288,0.21214814484119415,0.713858425617218,0.2659797966480255
YPL159C,YLR219W,0,1.0044768,0.2120853066444397,0.713858425617218,0.2660798132419586
YER165W,YNL219C,0,1.0039543,0.21202249825000763,0.713858425617218,0.2661798596382141
YHL009W-B,YHR184W,0,1.0036013,0.21195973455905914,0.713858425617218,0.2662798762321472
YGL068W,YBL020W,0,1.0034466,0.21189701557159424,0.713858425617218,0.2663799226284027
YDR014W,YGR035C,0,1.0028846,0.21183432638645172,0.713858425617218,0.2664799392223358
YLR328W,YHR021C,0,1.0028577,0.2117716670036316,0.713858425617218,0.2665799856185913
YBR089C-A,YMR210W,0,1.0013973,0.21170905232429504,0.713858425617218,0.2666800022125244
YLR239C,YDR170W-A,0,1.0009978,0.21164646744728088,0.713858425617218,0.2667800486087799
YDR261W-A,YOR046C,0,1.0009625,0.2115839272737503,0.713858425617218,0.266880065202713
YBR023C,YHL009W-B,0,0.9998381,0.21152141690254211,0.713858425617218,0.2669800817966461
YLR097C,YMR094W,0,0.99960256,0.2114589512348175,0.713858425617218,0.2670801281929016
YLR014C,YFL002W-A,0,0.99845624,0.21139651536941528,0.713858425617218,0.2671801447868347
YDR316W-B,YGR099W,0,0.99819505,0.21133412420749664,0.713858425617218,0.2672801911830902
YHR051W,YPR114W,0,0.997388,0.2112717628479004,0.713858425617218,0.2673802077770233
YDR261W-A,YMR180C,0,0.99709606,0.21120944619178772,0.713858425617218,0.2674802541732788
YML039W,YMR270C,0,0.99600244,0.21114715933799744,0.713858425617218,0.2675802707672119
YDR261W-B,YKL186C,0,0.99544895,0.21108490228652954,0.713858425617218,0.2676803171634674
YMR203W,YOL012C,0,0.9954097,0.21102268993854523,0.713858425617218,0.2677803337574005
YNL283C,YEL022W,0,0.9951763,0.2109605222940445,0.713858425617218,0.2678803503513336
YLR356W,YPL112C,0,0.99472916,0.21089838445186615,0.713858425617218,0.2679803967475891
YMR001C,YPR134W,0,0.99383795,0.2108362764120102,0.713858425617218,0.2680804133415222
YLR328W,YIL112W,0,0.9937644,0.21077421307563782,0.713858425617218,0.2681804597377777
YJR140C,YJL106W,0,0.99306023,0.21071217954158783,0.713858425617218,0.2682804763317108
YDR378C,YAL017W,0,0.9928057,0.21065019071102142,0.713858425617218,0.2683805227279663
YOR377W,YPR114W,0,0.992633,0.2105882316827774,0.713858425617218,0.2684805393218994
YCR030C,YNL258C,0,0.9920566,0.21052631735801697,0.713858425617218,0.2685805857181549
YDR483W,YOR378W,0,0.99154735,0.21046443283557892,0.713858425617218,0.268680602312088
YOR386W,YMR026C,0,0.9907253,0.21040259301662445,0.713858425617218,0.2687806487083435
YLR042C,YJR009C,1,0.9902756,0.21063454449176788,0.714855432510376,0.2687806487083435
YLR363C,YPL113C,0,0.9902594,0.21057268977165222,0.714855432510376,0.2688806653022766
YMR173W,YDR456W,0,0.9898486,0.21051086485385895,0.714855432510376,0.2689806818962097
YGL107C,YLL026W,0,0.98842776,0.21044906973838806,0.714855432510376,0.2690807282924652
YPR006C,YPL028W,0,0.98801816,0.21038731932640076,0.714855432510376,0.2691807448863983
YNL261W,YNL244C,0,0.98728895,0.21032561361789703,0.714855432510376,0.2692807912826538
YBR208C,YHL009W-B,0,0.98713315,0.2102639228105545,0.714855432510376,0.2693808078765869
YJL216C,YLR037C,0,0.98685217,0.21020229160785675,0.714855432510376,0.2694808542728424
YGR006W,YDR472W,0,0.98672247,0.2101406753063202,0.714855432510376,0.2695808708667755
YNL091W,YLR227W-A,0,0.9863901,0.2100791037082672,0.714855432510376,0.269680917263031
YOR217W,YDR034C-C,0,0.9855068,0.21001757681369781,0.714855432510376,0.2697809338569641
YOR192C,YMR239C,0,0.9850998,0.2099560797214508,0.714855432510376,0.2698809504508972
YDL049C,YNR067C,1,0.9850446,0.21018736064434052,0.7158524394035339,0.2698809504508972
YML082W,YEL059C-A,0,0.98472905,0.2101258486509323,0.7158524394035339,0.2699809968471527
YPL101W,YPR154W,0,0.9845004,0.2100643664598465,0.7158524394035339,0.2700810134410858
YOR274W,YDR316W-A,0,0.9838065,0.21000292897224426,0.7158524394035339,0.2701810598373413
YMR171C,YNL044W,0,0.9822073,0.20994152128696442,0.7158524394035339,0.2702810764312744
YHR069C,YCR010C,0,0.98158395,0.20988015830516815,0.7158524394035339,0.2703811228275299
YDL040C,YLR384C,0,0.9813814,0.20981882512569427,0.7158524394035339,0.270481139421463
YIR017C,YAR019C,0,0.9806739,0.20975752174854279,0.7158524394035339,0.2705811858177185
YLR175W,YMR048W,0,0.98058033,0.20969626307487488,0.7158524394035339,0.2706812024116516
YDR304C,YLR315W,0,0.9803667,0.20963503420352936,0.7158524394035339,0.2707812488079071
YML039W,YIL033C,0,0.98014235,0.20957385003566742,0.7158524394035339,0.2708812654018402
YDL144C,YHR161C,0,0.9796097,0.20951269567012787,0.7158524394035339,0.2709812819957733
YLR060W,YPL137C,0,0.9794316,0.2094515711069107,0.7158524394035339,0.2710813283920288
YJR127C,YLR337W,0,0.9783721,0.20939049124717712,0.7158524394035339,0.2711813449859619
YAR010C,YFR025C,0,0.97788155,0.20932944118976593,0.7158524394035339,0.2712813913822174
YNR067C,YLR040C,1,0.9777844,0.20955988764762878,0.7168494462966919,0.2712813913822174
YCR072C,YDR253C,0,0.9776852,0.2094988375902176,0.7168494462966919,0.2713814079761505
YNL250W,YDR296W,0,0.9759278,0.2094378024339676,0.7168494462966919,0.271481454372406
YER137C,YKR071C,0,0.9751518,0.20937682688236237,0.7168494462966919,0.2715814709663391
YER143W,YJL034W,0,0.9751054,0.20931586623191833,0.7168494462966919,0.2716815173625946
YMR318C,YFL001W,0,0.9750358,0.20925495028495789,0.7168494462966919,0.2717815339565277
YJR096W,YOR002W,0,0.97441506,0.20919406414031982,0.7168494462966919,0.2718815505504608
YBR035C,YDL030W,0,0.97404754,0.20913322269916534,0.7168494462966919,0.2719815969467163
YNR061C,YIL144W,0,0.973974,0.20907241106033325,0.7168494462966919,0.2720816135406494
YPR152C,YBL089W,0,0.97394645,0.20901162922382355,0.7168494462966919,0.2721816599369049
YFR053C,YPR098C,0,0.9731387,0.20895089209079742,0.7168494462966919,0.272281676530838
YLR098C,YDR092W,0,0.97230697,0.2088901847600937,0.7168494462966919,0.2723817229270935
YGL045W,YMR211W,0,0.9721472,0.20882950723171234,0.7168494462966919,0.2724817395210266
YKL166C,YOR211C,0,0.9705827,0.20876887440681458,0.7168494462966919,0.2725817859172821
YDL081C,YHL004W,0,0.9703574,0.2087082713842392,0.7168494462966919,0.2726818025112152
YFL037W,YIL160C,0,0.9700843,0.2086477130651474,0.7168494462966919,0.2727818489074707
YGL243W,YBL039C,0,0.9698683,0.208587184548378,0.7168494462966919,0.2728818655014038
YDR034C-C,YOL095C,0,0.9692702,0.20852668583393097,0.7168494462966919,0.2729818820953369
YIL171W,YGR058W,0,0.9692433,0.20846621692180634,0.7168494462966919,0.2730819284915924
YGL045W,YJR083C,0,0.9683441,0.20840579271316528,0.7168494462966919,0.2731819450855255
YOR092W,YNL133C,0,0.9682281,0.2083454132080078,0.7168494462966919,0.273281991481781
YDR379W,YPL224C,0,0.96803415,0.20828504860401154,0.7168494462966919,0.2733820080757141
YHL012W,YGL209W,0,0.96775997,0.20822472870349884,0.7168494462966919,0.2734820544719696
YMR033W,YKR006C,0,0.9677428,0.20816445350646973,0.7168494462966919,0.2735820710659027
YOL030W,YER011W,1,0.96774125,0.2083936333656311,0.7178464531898499,0.2735820710659027
YDR329C,YDL046W,0,0.96772194,0.2083333283662796,0.7178464531898499,0.2736821174621582
YAL039C,YKL026C,0,0.9668771,0.20827306807041168,0.7178464531898499,0.2737821340560913
YLR106C,YER117W,0,0.9666574,0.20821283757686615,0.7178464531898499,0.2738821506500244
YDR071C,YOR288C,0,0.9661608,0.2081526517868042,0.7178464531898499,0.2739821970462799
YER137C-A,YOR304W,0,0.9661504,0.20809248089790344,0.7178464531898499,0.274082213640213
YBR060C,YAL012W,0,0.96512246,0.20803235471248627,0.7178464531898499,0.2741822600364685
YGL237C,YIL119C,0,0.9648055,0.20797227323055267,0.7178464531898499,0.2742822766304016
YJR098C,YLL062C,0,0.9647292,0.20791222155094147,0.7178464531898499,0.2743823230266571
YOR306C,YMR166C,0,0.96444154,0.20785219967365265,0.7178464531898499,0.2744823396205902
YDR210C-C,YKR103W,0,0.96434784,0.20779220759868622,0.7178464531898499,0.2745823860168457
YEL058W,YOL111C,0,0.9641454,0.20773226022720337,0.7178464531898499,0.2746824026107788
YFR029W,YCL074W,0,0.96350086,0.2076723426580429,0.7178464531898499,0.2747824490070343
YJL134W,YGL096W,0,0.96239996,0.20761245489120483,0.7178464531898499,0.2748824656009674
YGL251C,YNL036W,0,0.96213627,0.20755261182785034,0.7178464531898499,0.2749824821949005
YLR029C,YHR179W,0,0.96150947,0.20749279856681824,0.7178464531898499,0.275082528591156
YMR184W,YER087C-A,0,0.9614669,0.20743301510810852,0.7178464531898499,0.2751825451850891
YJL103C,YGL139W,0,0.96027684,0.20737327635288239,0.7178464531898499,0.2752825915813446
YAR031W,YMR156C,0,0.96024334,0.20731356739997864,0.7178464531898499,0.2753826081752777
YBR278W,YDR218C,0,0.96012855,0.20725388824939728,0.7178464531898499,0.2754826545715332
YPL207W,YJL155C,0,0.9600513,0.2071942389011383,0.7178464531898499,0.2755826711654663
YKL060C,YPL138C,0,0.95966053,0.20713463425636292,0.7178464531898499,0.2756827175617218
YJL078C,YLR037C,1,0.9596238,0.20736266672611237,0.7188434600830078,0.2756827175617218
YKL156W,YJL208C,0,0.95953274,0.20730304718017578,0.7188434600830078,0.2757827341556549
YMR128W,YAL053W,0,0.95945656,0.20724345743656158,0.7188434600830078,0.275882750749588
YDR297W,YNL096C,0,0.9584167,0.20718391239643097,0.7188434600830078,0.2759827971458435
YGL051W,YDR189W,0,0.95821595,0.20712438225746155,0.7188434600830078,0.2760828137397766
YCR077C,YBR189W,0,0.9576695,0.2070649117231369,0.7188434600830078,0.2761828601360321
YLR266C,YDR126W,0,0.95665574,0.20700545608997345,0.7188434600830078,0.2762828767299652
YDL072C,YDR257C,0,0.95504045,0.20694604516029358,0.7188434600830078,0.2763829231262207
YMR051C,YER115C,0,0.954883,0.2068866640329361,0.7188434600830078,0.2764829397201538
YPR002W,YMR301C,0,0.9546902,0.206827312707901,0.7188434600830078,0.2765829861164093
YDL197C,YPR054W,0,0.9542599,0.2067679911851883,0.7188434600830078,0.2766830027103424
YDR511W,YPR200C,0,0.95406985,0.20670871436595917,0.7188434600830078,0.2767830491065979
YJL021C,YGR264C,0,0.9535854,0.20664946734905243,0.7188434600830078,0.276883065700531
YDL200C,YBR066C,0,0.95309424,0.20659026503562927,0.7188434600830078,0.2769830822944641
YKL200C,YLR323C,0,0.9529363,0.2065310776233673,0.7188434600830078,0.2770831286907196
YLL051C,YBR146W,0,0.9528587,0.20647193491458893,0.7188434600830078,0.2771831452846527
YGL123W,YDR041W,0,0.95268345,0.20641282200813293,0.7188434600830078,0.2772831916809082
YKL077W,YPL252C,0,0.95233464,0.20635375380516052,0.7188434600830078,0.2773832082748413
YHR052W,YJR108W,0,0.95222497,0.2062947005033493,0.7188434600830078,0.2774832546710968
YOL157C,YGL009C,0,0.9521303,0.20623569190502167,0.7188434600830078,0.2775832712650299
YMR080C,YKR059W,0,0.95174813,0.2061767280101776,0.7188434600830078,0.2776833176612854
YLR410W-A,YIL070C,0,0.9515159,0.20611777901649475,0.7188434600830078,0.2777833342552185
YOR129C,YLR385C,0,0.95134425,0.20605887472629547,0.7188434600830078,0.2778833508491516
YGR145W,YOL103W-B,0,0.949826,0.20600000023841858,0.7188434600830078,0.2779833972454071
YOR172W,YGR027W-B,0,0.94947505,0.20594115555286407,0.7188434600830078,0.2780834138393402
YER151C,YHR105W,0,0.94931126,0.20588235557079315,0.7188434600830078,0.2781834602355957
YDR246W,YBL088C,0,0.9490733,0.20582358539104462,0.7188434600830078,0.2782834768295288
YJL176C,YOR101W,0,0.94755685,0.20576484501361847,0.7188434600830078,0.2783835232257843
YDR463W,YFL041W,0,0.9469397,0.2057061344385147,0.7188434600830078,0.2784835398197174
YPL002C,YLR023C,0,0.94678307,0.20564746856689453,0.7188434600830078,0.2785835862159729
YDR033W,YPR035W,0,0.94666815,0.20558881759643555,0.7188434600830078,0.278683602809906
YBR090C-A,YKL174C,0,0.9464512,0.20553021132946014,0.7188434600830078,0.2787836492061615
YBL014C,YLR278C,0,0.94607687,0.20547164976596832,0.7188434600830078,0.2788836658000946
YJL219W,YGR030C,0,0.94584775,0.2054131031036377,0.7188434600830078,0.2789836823940277
YDR108W,YGL198W,0,0.9452641,0.20535460114479065,0.7188434600830078,0.2790837287902832
YHR214C-B,YIL039W,0,0.94429874,0.205296128988266,0.7188434600830078,0.2791837453842163
YIL009C-A,YPR096C,0,0.9442228,0.20523768663406372,0.7188434600830078,0.2792837917804718
YER155C,YLR460C,0,0.9441109,0.20517928898334503,0.7188434600830078,0.2793838083744049
YMR239C,YJL081C,0,0.94411063,0.20512090623378754,0.7188434600830078,0.2794838547706604
YOR047C,YDR210W-B,0,0.94364643,0.20506256818771362,0.7188434600830078,0.2795838713645935
YPL273W,YGR220C,0,0.9428537,0.2050042599439621,0.7188434600830078,0.279683917760849
YPL089C,YNL212W,0,0.9421942,0.20494599640369415,0.7188434600830078,0.2797839343547821
YER165W,YLR227W-B,0,0.9421289,0.2048877477645874,0.7188434600830078,0.2798839509487152
YKL003C,YIL148W,0,0.9415164,0.20482954382896423,0.7188434600830078,0.2799839973449707
YMR001C,YDL019C,0,0.9412148,0.20477136969566345,0.7188434600830078,0.2800840139389038
YDR410C,YER108C,0,0.94038093,0.20471322536468506,0.7188434600830078,0.2801840603351593
YBR115C,YMR142C,0,0.9391198,0.20465512573719025,0.7188434600830078,0.2802840769290924
YPL131W,YPL085W,0,0.9388126,0.20459705591201782,0.7188434600830078,0.2803841233253479
YDR447C,YIL118W,0,0.93874717,0.2045390009880066,0.7188434600830078,0.280484139919281
YDL021W,YDR285W,0,0.93787813,0.20448100566864014,0.7188434600830078,0.2805841863155365
YCL003W,YGR104C,0,0.93786585,0.20442302525043488,0.7188434600830078,0.2806842029094696
YDL061C,YCR081W,0,0.937865,0.204365074634552,0.7188434600830078,0.2807842493057251
YNL178W,YPR200C,0,0.9369209,0.2043071687221527,0.7188434600830078,0.2808842658996582
YAL007C,YDR238C,0,0.9368136,0.2042492926120758,0.7188434600830078,0.2809842824935913
YOR308C,YMR081C,0,0.9366238,0.2041914463043213,0.7188434600830078,0.2810843288898468
YDR210C-D,YOR156C,0,0.9353446,0.20413362979888916,0.7188434600830078,0.2811843454837799
YDR522C,YER150W,1,0.9352596,0.20435890555381775,0.7198404669761658,0.2811843454837799
YER056C-A,YLR035C-A,0,0.9348974,0.20430107414722443,0.7198404669761658,0.2812843918800354
YDL205C,YHR168W,0,0.9333589,0.20424328744411469,0.7198404669761658,0.2813844084739685
YNL117W,YNR016C,0,0.9329418,0.20418551564216614,0.7198404669761658,0.281484454870224
YLR213C,YDL049C,1,0.93292403,0.20441052317619324,0.7208374738693237,0.281484454870224
YBL079W,YPR137C-B,0,0.93209016,0.2043527364730835,0.7208374738693237,0.2815844714641571
YPR159W,YNL178W,0,0.9311979,0.20429499447345734,0.7208374738693237,0.2816845178604126
YPR031W,YER120W,0,0.9307318,0.20423728227615356,0.7208374738693237,0.2817845344543457
YKR061W,YPL240C,0,0.9307009,0.20417961478233337,0.7208374738693237,0.2818845510482788
YLR314C,YDR134C,1,0.9304577,0.2044042944908142,0.7218344807624817,0.2818845510482788
YNL101W,YER138C,0,0.929759,0.20434659719467163,0.7218344807624817,0.2819845974445343
YGR161W-A,YJR155W,0,0.9297173,0.20428894460201263,0.7218344807624817,0.2820846140384674
YMR172W,YDL124W,0,0.92954886,0.20423130691051483,0.7218344807624817,0.2821846604347229
YNR019W,YKL026C,0,0.92947686,0.2041737139225006,0.7218344807624817,0.282284677028656
YBR078W,YHR079C-B,0,0.9283544,0.20411615073680878,0.7218344807624817,0.2823847234249115
YBR291C,YGL249W,0,0.9279984,0.20405861735343933,0.7218344807624817,0.2824847400188446
YOL109W,YLR227W-B,0,0.92797625,0.20400112867355347,0.7218344807624817,0.2825847864151001
YML094W,YDR342C,0,0.9278389,0.2039436548948288,0.7218344807624817,0.2826848030090332
YLR343W,YNR070W,0,0.9277053,0.2038862258195877,0.7218344807624817,0.2827848494052887
YDL065C,YMR145C,0,0.92703164,0.203828826546669,0.7218344807624817,0.2828848659992218
YHR020W,YKL051W,0,0.9267726,0.2037714570760727,0.7218344807624817,0.2829848825931549
YML092C,YMR302C,0,0.9257481,0.20371413230895996,0.7218344807624817,0.2830849289894104
YHR074W,YEL059C-A,0,0.9255785,0.20365682244300842,0.7218344807624817,0.2831849455833435
YBR046C,YLR433C,0,0.92481935,0.20359955728054047,0.7218344807624817,0.283284991979599
YMR101C,YLR427W,0,0.9247242,0.2035423070192337,0.7218344807624817,0.2833850085735321
YLR410W-B,YLR102C,0,0.92411613,0.20348510146141052,0.7218344807624817,0.2834850549697876
YPR152C,YDR517W,0,0.92390704,0.20342792570590973,0.7218344807624817,0.2835850715637207
YDL017W,YNL208W,0,0.92323315,0.20337077975273132,0.7218344807624817,0.2836851179599762
YKL039W,YNL175C,0,0.9228778,0.2033136785030365,0.7218344807624817,0.2837851345539093
YNL217W,YMR207C,0,0.92255116,0.20325659215450287,0.7218344807624817,0.2838851511478424
YFR049W,YPR158W-B,0,0.9224727,0.20319955050945282,0.7218344807624817,0.2839851975440979
YJL133W,YER109C,0,0.9219736,0.20314253866672516,0.7218344807624817,0.284085214138031
YAL051W,YER045C,0,0.92176604,0.20308555662631989,0.7218344807624817,0.2841852605342865
YKL001C,YPR041W,0,0.9213654,0.203028604388237,0.7218344807624817,0.2842852771282196
YOL126C,YBR005W,0,0.92065716,0.2029716819524765,0.7218344807624817,0.2843853235244751
YER123W,YLR040C,0,0.92065,0.20291480422019958,0.7218344807624817,0.2844853401184082
YDR201W,YJR120W,0,0.9204626,0.20285794138908386,0.7218344807624817,0.2845853865146637
YBR045C,YOL052C-A,0,0.9190482,0.20280112326145172,0.7218344807624817,0.2846854031085968
YJL130C,YGR165W,0,0.9184667,0.20274433493614197,0.7218344807624817,0.2847854495048523
YNL325C,YNR016C,0,0.91818285,0.2026875764131546,0.7218344807624817,0.2848854660987854
YIL083C,YPL218W,0,0.91809726,0.20263084769248962,0.7218344807624817,0.2849854826927185
YHR190W,YPL257W-B,0,0.9180945,0.20257414877414703,0.7218344807624817,0.285085529088974
YKL026C,YNL288W,0,0.9179472,0.20251747965812683,0.7218344807624817,0.2851855456829071
YFL037W,YOL122C,0,0.9177675,0.2024608552455902,0.7218344807624817,0.2852855920791626
YDR316W-B,YKL144C,0,0.91769505,0.20240424573421478,0.7218344807624817,0.2853856086730957
YMR243C,YJR054W,0,0.9164231,0.20234768092632294,0.7218344807624817,0.2854856550693512
YGL220W,YEL051W,0,0.91621685,0.20229114592075348,0.7218344807624817,0.2855856716632843
YMR166C,YGL148W,0,0.91554475,0.2022346407175064,0.7218344807624817,0.2856857180595398
YPR037C,YKL116C,0,0.91499794,0.20217816531658173,0.7218344807624817,0.2857857346534729
YBR248C,YCL067C,0,0.91480994,0.20212171971797943,0.7218344807624817,0.285885751247406
YBL078C,YPR073C,0,0.91439867,0.20206530392169952,0.7218344807624817,0.2859857976436615
YNL054W-B,YDR188W,0,0.9141934,0.2020089328289032,0.7218344807624817,0.2860858142375946
YGR059W,YMR307W,1,0.9130497,0.2022315263748169,0.7228314876556396,0.2860858142375946
YDR064W,YOL107W,0,0.9129423,0.20217512547969818,0.7228314876556396,0.2861858606338501
YLL050C,YGL084C,0,0.91235375,0.20211876928806305,0.7228314876556396,0.2862858772277832
YOL101C,YOR098C,0,0.9123188,0.2020624279975891,0.7228314876556396,0.2863859236240387
YDR261W-A,YIL106W,0,0.91192627,0.20200613141059875,0.7228314876556396,0.2864859402179718
YDR238C,YDR469W,0,0.9113562,0.2019498646259308,0.7228314876556396,0.2865859866142273
YBR301W,YLR391W,1,0.91118145,0.20217210054397583,0.7238284945487976,0.2865859866142273
YNL181W,YJR070C,0,0.9109471,0.20211581885814667,0.7238284945487976,0.2866860032081604
YOR018W,YML102W,0,0.9094734,0.2020595669746399,0.7238284945487976,0.2867860496044159
YOR136W,YDR416W,0,0.9089514,0.2020033448934555,0.7238284945487976,0.286886066198349
YDL160C,YMR284W,0,0.9083799,0.2019471526145935,0.7238284945487976,0.2869860827922821
YOR212W,YHL028W,0,0.9074352,0.2018909901380539,0.7238284945487976,0.2870861291885376
YDR261C-D,YKR056W,0,0.9066639,0.20183485746383667,0.7238284945487976,0.2871861457824707
YCR040W,YOR090C,0,0.90652275,0.20177876949310303,0.7238284945487976,0.2872861921787262
YOR393W,YIL009W,0,0.90610814,0.20172269642353058,0.7238284945487976,0.2873862087726593
YDR078C,YDR287W,0,0.9054687,0.2016666680574417,0.7238284945487976,0.2874862551689148
YMR298W,YGR225W,0,0.9049332,0.20161066949367523,0.7238284945487976,0.2875862717628479
YFL002W-B,YMR186W,0,0.904778,0.20155468583106995,0.7238284945487976,0.2876863181591034
YKL198C,YNL173C,0,0.9039806,0.20149874687194824,0.7238284945487976,0.2877863347530365
YGR118W,YNL339C,0,0.90330565,0.20144283771514893,0.7238284945487976,0.2878863513469696
YNL290W,YGL256W,0,0.9030336,0.201386958360672,0.7238284945487976,0.2879863977432251
YIL011W,YIR039C,1,0.9017173,0.20160843431949615,0.7248255014419556,0.2879863977432251
YGR085C,YNL029C,0,0.9007946,0.20155254006385803,0.7248255014419556,0.2880864143371582
YBL051C,YLR223C,0,0.90064883,0.2014966756105423,0.7248255014419556,0.2881864607334137
YGR165W,YML101C,0,0.9000894,0.20144084095954895,0.7248255014419556,0.2882864773273468
YBR212W,YLR096W,0,0.89972806,0.201385036110878,0.7248255014419556,0.2883865237236023
YJL129C,YFR015C,0,0.8989228,0.2013292759656906,0.7248255014419556,0.2884865403175354
YLR391W,YDR134C,1,0.89839065,0.20155039429664612,0.7258225083351135,0.2884865403175354
YIL051C,YJR073C,0,0.897655,0.20149460434913635,0.7258225083351135,0.2885865867137909
YGL169W,YJL066C,0,0.8973887,0.20143884420394897,0.7258225083351135,0.288686603307724
YGL032C,YDR134C,1,0.89675856,0.20165975391864777,0.7268195152282715,0.288686603307724
YOL098C,YHR064C,0,0.895465,0.2016039788722992,0.7268195152282715,0.2887866497039795
YJL198W,YIR037W,0,0.8952875,0.2015482485294342,0.7268195152282715,0.2888866662979126
YPR119W,YOR275C,0,0.8951311,0.2014925330877304,0.7268195152282715,0.2889866828918457
YDR101C,YEL051W,0,0.8950956,0.2014368623495102,0.7268195152282715,0.2890867292881012
YIL126W,YML063W,0,0.89507604,0.20138122141361237,0.7268195152282715,0.2891867458820343
YIL108W,YOR192C-A,0,0.89446914,0.20132559537887573,0.7268195152282715,0.2892867922782898
YKL067W,YLL057C,0,0.8940722,0.20127001404762268,0.7268195152282715,0.2893868088722229
YLR357W,YLR384C,0,0.89361537,0.20121446251869202,0.7268195152282715,0.2894868552684784
YBR020W,YML045W,0,0.8934332,0.20115894079208374,0.7268195152282715,0.2895868718624115
YLL014W,YIR006C,0,0.89315534,0.20110344886779785,0.7268195152282715,0.289686918258667
YBL085W,YDL245C,0,0.8924837,0.20104798674583435,0.7268195152282715,0.2897869348526001
YPR128C,YIL046W,0,0.89203537,0.20099255442619324,0.7268195152282715,0.2898869514465332
YPR156C,YDR377W,0,0.8919463,0.2009371519088745,0.7268195152282715,0.2899869978427887
YOR192C-B,YJR032W,0,0.89188206,0.20088177919387817,0.7268195152282715,0.2900870144367218
YER014C-A,YDR463W,0,0.8915652,0.20082645118236542,0.7268195152282715,0.2901870608329773
YMR055C,YNL311C,0,0.89131117,0.20077113807201385,0.7268195152282715,0.2902870774269104
YHR029C,YGR184C,0,0.89107895,0.20071585476398468,0.7268195152282715,0.2903871238231659
YER060W-A,YDL112W,0,0.8901255,0.2006606161594391,0.7268195152282715,0.290487140417099
YGR235C,YDL189W,0,0.88983345,0.2006053924560547,0.7268195152282715,0.2905871868133545
YJL127C,YOR347C,0,0.88887644,0.20055021345615387,0.7268195152282715,0.2906872034072876
YDR055W,YDL225W,1,0.8882321,0.2007700800895691,0.7278165221214294,0.2906872034072876
YDR384C,YNL086W,0,0.8881326,0.2007148712873459,0.7278165221214294,0.2907872498035431
YKL150W,YDR034C-C,0,0.88803625,0.20065970718860626,0.7278165221214294,0.2908872663974762
YDR443C,YIL046W,0,0.8874948,0.20060455799102783,0.7278165221214294,0.2909872829914093
YLR356W,YBR009C,0,0.8874432,0.20054945349693298,0.7278165221214294,0.2910873293876648
YML063W,YGR223C,0,0.88666236,0.20049436390399933,0.7278165221214294,0.2911873459815979
YKL165C,YLR300W,1,0.88653517,0.2007138878107071,0.7288135886192322,0.2911873459815979
YNL039W,YPR137C-A,0,0.88606024,0.20065879821777344,0.7288135886192322,0.2912873923778534
YCR057C,YBL074C,0,0.88567877,0.20060373842716217,0.7288135886192322,0.2913874089717865
YNL054W-B,YAR019C,0,0.8852371,0.2005486935377121,0.7288135886192322,0.291487455368042
YDR034C-C,YIL069C,0,0.8849658,0.2004936933517456,0.7288135886192322,0.2915874719619751
YGR202C,YLR237W,0,0.8846477,0.2004387229681015,0.7288135886192322,0.2916875183582306
YPR008W,YAL062W,0,0.884061,0.2003837674856186,0.7288135886192322,0.2917875349521637
YOR363C,YHR101C,0,0.88394594,0.20032885670661926,0.7288135886192322,0.2918875515460968
YER131W,YFR037C,0,0.8839309,0.20027397572994232,0.7288135886192322,0.2919875979423523
YOL103W-B,YHR028C,0,0.8838742,0.20021912455558777,0.7288135886192322,0.2920876145362854
YNL309W,YLR447C,0,0.88298345,0.2001642882823944,0.7288135886192322,0.2921876609325409
YDR045C,YBR205W,0,0.8828769,0.20010949671268463,0.7288135886192322,0.292287677526474
YIL037C,YLL017W,0,0.88268554,0.20005473494529724,0.7288135886192322,0.2923877239227295
YAR044W,YLR153C,0,0.88239026,0.20000000298023224,0.7288135886192322,0.2924877405166626
YDR062W,YLL029W,0,0.8813641,0.19994530081748962,0.7288135886192322,0.2925877869129181
YER050C,YNL188W,0,0.88076305,0.1998906135559082,0.7288135886192322,0.2926878035068512
YAL008W,YCL036W,0,0.88068676,0.19983597099781036,0.7288135886192322,0.2927878499031067
YLR227W-A,YLR314C,0,0.8798547,0.1997813582420349,0.7288135886192322,0.2928878664970398
YLR395C,YOL136C,0,0.87963593,0.19972677528858185,0.7288135886192322,0.2929878830909729
YOR319W,YOL103W-B,0,0.8782139,0.19967222213745117,0.7288135886192322,0.2930879294872284
YAL063C,YGR059W,1,0.87760746,0.19989077746868134,0.7298105955123901,0.2930879294872284
YDL190C,YMR149W,0,0.87731516,0.19983619451522827,0.7298105955123901,0.2931879460811615
YLR059C,YNR013C,0,0.8770069,0.1997816562652588,0.7298105955123901,0.293287992477417
YDR518W,YAL035W,0,0.8760413,0.1997271478176117,0.7298105955123901,0.2933880090713501
YNL190W,YLR427W,0,0.87516904,0.199672669172287,0.7298105955123901,0.2934880554676056
YBR037C,YGR123C,0,0.8742056,0.19961822032928467,0.7298105955123901,0.2935880720615387
YPR035W,YDR098C-A,0,0.8734653,0.19956380128860474,0.7298105955123901,0.2936881184577942
YFL056C,YDR033W,0,0.8731117,0.199509397149086,0.7298105955123901,0.2937881350517273
YJR004C,YLR213C,1,0.87267256,0.19972752034664154,0.7308076024055481,0.2937881350517273
YDR122W,YNL202W,0,0.8711066,0.1996731162071228,0.7308076024055481,0.2938881516456604
YKL200C,YLR047C,0,0.8708147,0.19961874186992645,0.7308076024055481,0.2939881980419159
YGL225W,YCR106W,0,0.8705263,0.1995643824338913,0.7308076024055481,0.294088214635849
YDR072C,YNL173C,0,0.87043774,0.19951006770133972,0.7308076024055481,0.2941882610321045
YDL223C,YKR036C,0,0.87016416,0.19945578277111053,0.7308076024055481,0.2942882776260376
YAL005C,YJR150C,1,0.8691101,0.19967356324195862,0.731804609298706,0.2942882776260376
YER019C-A,YDR007W,0,0.8686011,0.19961924850940704,0.731804609298706,0.2943883240222931
YCR089W,YDL049C,1,0.8684052,0.199836865067482,0.732801616191864,0.2943883240222931
YNL322C,YHR211W,1,0.86811256,0.2000543624162674,0.733798623085022,0.2943883240222931
YJL153C,YIR009W,0,0.86798143,0.20000000298023224,0.733798623085022,0.2944883406162262
YFR006W,YHL024W,0,0.8664644,0.19994567334651947,0.733798623085022,0.2945883870124817
YBR005W,YOL040C,0,0.8663336,0.1998913586139679,0.733798623085022,0.2946884036064148
YDR195W,YHR046C,0,0.86563325,0.1998370885848999,0.733798623085022,0.2947884500026703
YER133W,YNL284C,0,0.86556935,0.1997828483581543,0.733798623085022,0.2948884665966034
YJR123W,YOR151C,0,0.8655448,0.19972862303256989,0.733798623085022,0.2949884831905365
YOR343W-A,YML021C,0,0.8651717,0.19967444241046906,0.733798623085022,0.295088529586792
YLR321C,YKR006C,0,0.8651376,0.1996202915906906,0.733798623085022,0.2951885461807251
YGR085C,YJL134W,0,0.8645984,0.19956615567207336,0.733798623085022,0.2952885925769806
YHR058C,YBR240C,0,0.86447704,0.1995120644569397,0.733798623085022,0.2953886091709137
YJR035W,YNL308C,0,0.86398757,0.19945798814296722,0.733798623085022,0.2954886555671692
YFR045W,YGR204W,0,0.86396503,0.19940395653247833,0.733798623085022,0.2955886721611023
YBR023C,YNL284C-A,0,0.86367524,0.19934993982315063,0.733798623085022,0.2956887185573578
YLR318W,YPR137C-A,0,0.86333966,0.19929596781730652,0.733798623085022,0.2957887351512909
YBR067C,YDR134C,1,0.86333275,0.19951272010803223,0.7347956299781799,0.2957887351512909
YKL206C,YNL284C-B,0,0.86329436,0.19945873320102692,0.7347956299781799,0.295888751745224
YPL130W,YLR308W,1,0.8631425,0.1996753215789795,0.7357926368713379,0.295888751745224
YNR067C,YNL247W,0,0.8627155,0.199621319770813,0.7357926368713379,0.2959887981414795
YJL110C,YHR079C-B,0,0.8626914,0.19956733286380768,0.7357926368713379,0.2960888147354126
YIL018W,YAL039C,0,0.8609059,0.19951337575912476,0.7357926368713379,0.2961888611316681
YOR214C,YPL130W,1,0.86054945,0.19972972571849823,0.7367896437644958,0.2961888611316681
YOR123C,YDR210C-D,0,0.86043584,0.1996757686138153,0.7367896437644958,0.2962888777256012
YBL060W,YPR158C-D,0,0.86036456,0.19962182641029358,0.7367896437644958,0.2963889241218567
YDL121C,YER161C,0,0.8602395,0.19956791400909424,0.7367896437644958,0.2964889407157898
YPL163C,YDL049C,1,0.85998845,0.19978401064872742,0.7377866506576538,0.2964889407157898
YGL009C,YLR391W,0,0.8594222,0.19973009824752808,0.7377866506576538,0.2965889871120453
YPL092W,YIL132C,0,0.8585558,0.19967620074748993,0.7377866506576538,0.2966890037059784
YOR142W-B,YMR269W,0,0.85787725,0.19962233304977417,0.7377866506576538,0.2967890501022339
YLR109W,YKR078W,0,0.85775185,0.1995684951543808,0.7377866506576538,0.296889066696167
YFR024C,YER014W,0,0.85686696,0.19951468706130981,0.7377866506576538,0.2969890832901001
YDR316W-A,YPL148C,0,0.8566997,0.1994609236717224,0.7377866506576538,0.2970891296863556
YLR384C,YHR039C-A,0,0.85650563,0.1994071751832962,0.7377866506576538,0.2971891462802887
YOR177C,YOR098C,0,0.85584664,0.1993534415960312,0.7377866506576538,0.2972891926765442
YLR127C,YBR022W,0,0.855649,0.19929975271224976,0.7377866506576538,0.2973892092704773
YBR208C,YHR179W,0,0.85555005,0.1992460936307907,0.7377866506576538,0.2974892556667328
YJL134W,YCL008C,0,0.85479736,0.19919246435165405,0.7377866506576538,0.2975892722606659
YGR006W,YOR232W,0,0.8545865,0.19913886487483978,0.7377866506576538,0.2976893186569214
YPL140C,YNR004W,0,0.85437405,0.1990852802991867,0.7377866506576538,0.2977893352508545
YHR202W,YHR004C,0,0.8543136,0.1990317404270172,0.7377866506576538,0.29788938164711
YDL039C,YIR032C,0,0.8541826,0.1989782154560089,0.7377866506576538,0.2979893982410431
YBL031W,YDR536W,0,0.853693,0.1989247351884842,0.7377866506576538,0.2980894148349762
YLR328W,YGR272C,0,0.8533013,0.19887126982212067,0.7377866506576538,0.2981894612312317
YLR158C,YKR102W,1,0.8526442,0.1990865170955658,0.7387836575508118,0.2981894612312317
YOL084W,YBR033W,0,0.8513608,0.19903303682804108,0.7387836575508118,0.2982894778251648
YJL021C,YDR469W,0,0.8511857,0.19897958636283875,0.7387836575508118,0.2983895242214203
YDR261W-A,YEL018W,0,0.8506398,0.19892618060112,0.7387836575508118,0.2984895408153534
YOR386W,YPL085W,0,0.8502431,0.19887278974056244,0.7387836575508118,0.2985895872116089
YFL048C,YMR150C,0,0.8501617,0.19881942868232727,0.7387836575508118,0.298689603805542
YOR347C,YBL076C,0,0.8498386,0.1987660974264145,0.7387836575508118,0.2987896502017975
YIR032C,YGR263C,0,0.8496165,0.1987127959728241,0.7387836575508118,0.2988896667957306
YOR096W,YLR206W,0,0.848328,0.1986595243215561,0.7387836575508118,0.2989896833896637
YPL214C,YDR210W-B,0,0.8472929,0.19860626757144928,0.7387836575508118,0.2990897297859192
YDR261C-D,YLR039C,0,0.8469813,0.19855305552482605,0.7387836575508118,0.2991897463798523
YDR375C,YLL053C,0,0.8462738,0.1984998732805252,0.7387836575508118,0.2992897927761078
YOR159C,YDL003W,0,0.8460952,0.19844670593738556,0.7387836575508118,0.2993898093700409
YMR183C,YER029C,0,0.8460661,0.1983935683965683,0.7387836575508118,0.2994898557662964
YGL113W,YBR196C,0,0.84598374,0.19834047555923462,0.7387836575508118,0.2995898723602295
YPL056C,YKL212W,0,0.8457687,0.19828739762306213,0.7387836575508118,0.299689918756485
YGL226W,YIL043C,0,0.8452544,0.19823434948921204,0.7387836575508118,0.2997899353504181
YDR080W,YBR123C,0,0.8449538,0.19818133115768433,0.7387836575508118,0.2998899817466736
YMR130W,YDL021W,0,0.84468234,0.198128342628479,0.7387836575508118,0.2999899983406067
YML047C,YER159C,0,0.84436405,0.19807538390159607,0.7387836575508118,0.3000900149345398
YOR047C,YDR036C,0,0.84432364,0.19802245497703552,0.7387836575508118,0.3001900613307953
YFR030W,YDL055C,0,0.84396076,0.19796954095363617,0.7387836575508118,0.3002900779247284
YOR343W-A,YBL007C,0,0.8436048,0.1979166716337204,0.7387836575508118,0.3003901243209839
YBR125C,YPL145C,0,0.84331703,0.19786381721496582,0.7387836575508118,0.300490140914917
YKL199C,YBR012W-A,0,0.8428657,0.19781099259853363,0.7387836575508118,0.3005901873111725
YHR039C-B,YOR106W,0,0.8414036,0.19775821268558502,0.7387836575508118,0.3006902039051056
YJR150C,YHR169W,0,0.8409276,0.1977054476737976,0.7387836575508118,0.3007902503013611
YAL041W,YGR008C,0,0.84048927,0.19765271246433258,0.7387836575508118,0.3008902668952942
YGL136C,YHR197W,0,0.8400402,0.19760000705718994,0.7387836575508118,0.3009902834892273
YLR450W,YBL034C,0,0.83982503,0.1975473165512085,0.7387836575508118,0.3010903298854828
YNL244C,YGL028C,0,0.83919215,0.19749467074871063,0.7387836575508118,0.3011903464794159
YOR192C-A,YKL020C,0,0.8380624,0.19744203984737396,0.7387836575508118,0.3012903928756714
YGR161C-D,YHR047C,0,0.83783615,0.19738945364952087,0.7387836575508118,0.3013904094696045
YAL026C,YMR318C,0,0.83714676,0.19733688235282898,0.7387836575508118,0.30149045586586
YAR042W,YCR077C,0,0.8371103,0.19728434085845947,0.7387836575508118,0.3015904724597931
YBR036C,YMR198W,0,0.8367727,0.19723182916641235,0.7387836575508118,0.3016905188560486
YKL190W,YNL135C,0,0.8363248,0.19717934727668762,0.7387836575508118,0.3017905354499817
YKR009C,YHR214C-C,0,0.83622074,0.19712689518928528,0.7387836575508118,0.3018905818462372
YDL112W,YDR174W,0,0.83610725,0.19707447290420532,0.7387836575508118,0.3019905984401703
YIL134W,YKL117W,0,0.836041,0.19702206552028656,0.7387836575508118,0.3020906150341034
YMR173W,YGR084C,0,0.8359122,0.19696970283985138,0.7387836575508118,0.3021906614303589
YOR239W,YIL172C,0,0.8357295,0.1969173550605774,0.7387836575508118,0.302290678024292
YHR107C,YNL300W,1,0.83519936,0.1971307098865509,0.7397806644439697,0.302290678024292
YOR322C,YLL011W,0,0.8351021,0.19707834720611572,0.7397806644439697,0.3023907244205475
YML045W,YLR220W,0,0.83491397,0.19702602922916412,0.7397806644439697,0.3024907410144806
YHR140W,YER014C-A,0,0.83438826,0.19697372615337372,0.7397806644439697,0.3025907874107361
YAR044W,YJR045C,0,0.8342447,0.1969214379787445,0.7397806644439697,0.3026908040046692
YIL011W,YLR110C,1,0.8341687,0.19713452458381653,0.7407776713371277,0.3026908040046692
YBL024W,YMR303C,0,0.8335592,0.19708222150802612,0.7407776713371277,0.3027908504009247
YHR190W,YOR036W,0,0.83311915,0.1970299631357193,0.7407776713371277,0.3028908669948578
YOL096C,YPL257W-A,0,0.8323786,0.19697773456573486,0.7407776713371277,0.3029908835887909
YBR114W,YKL029C,0,0.832133,0.19692552089691162,0.7407776713371277,0.3030909299850464
YBR150C,YHR147C,0,0.8314525,0.19687333703041077,0.7407776713371277,0.3031909465789795
YDR322W,YKL038W,0,0.83140916,0.1968211978673935,0.7407776713371277,0.303290992975235
YNL262W,YDL216C,0,0.8310974,0.19676907360553741,0.7407776713371277,0.3033910095691681
YKR085C,YGL021W,0,0.830402,0.19671696424484253,0.7407776713371277,0.3034910559654236
YER033C,YBR005W,0,0.82932657,0.19666489958763123,0.7407776713371277,0.3035910725593567
YJL127C,YNL286W,0,0.82892287,0.1966128647327423,0.7407776713371277,0.3036911189556122
YMR050C,YPL122C,0,0.8285656,0.1965608447790146,0.7407776713371277,0.3037911355495453
YCL051W,YKL163W,1,0.8280091,0.19677333533763885,0.7417746782302856,0.3037911355495453
YDL039C,YPL193W,0,0.82797915,0.19672131538391113,0.7417746782302856,0.3038911819458008
YBL055C,YNL190W,0,0.8277987,0.1966693103313446,0.7417746782302856,0.3039911985397339
YPL138C,YPL198W,0,0.8277947,0.19661733508110046,0.7417746782302856,0.304091215133667
YDR457W,YKL003C,0,0.8275384,0.1965653896331787,0.7417746782302856,0.3041912615299225
YLR001C,YFR019W,0,0.8274749,0.19651347398757935,0.7417746782302856,0.3042912781238556
YDL024C,YLR391W,1,0.8261527,0.19672563672065735,0.7427716851234436,0.3042912781238556
YOR240W,YLR265C,0,0.8258229,0.1966737061738968,0.7427716851234436,0.3043913245201111
YBR118W,YJR046W,0,0.82462907,0.19662180542945862,0.7427716851234436,0.3044913411140442
YHR157W,YMR065W,0,0.8245481,0.19656991958618164,0.7427716851234436,0.3045913875102997
YHR116W,YFL001W,0,0.82391757,0.19651806354522705,0.7427716851234436,0.3046914041042328
YJL206C,YJR048W,0,0.823828,0.19646623730659485,0.7427716851234436,0.3047914505004883
YML004C,YGL105W,0,0.8234911,0.19641444087028503,0.7427716851234436,0.3048914670944214
YOL165C,YPL193W,0,0.8230838,0.1963626742362976,0.7427716851234436,0.3049914836883545
YBR291C,YGR060W,0,0.82268035,0.19631093740463257,0.7427716851234436,0.30509153008461
YJL168C,YKL015W,0,0.82208025,0.19625921547412872,0.7427716851234436,0.3051915466785431
YDR316W-A,YGL028C,0,0.8213787,0.19620753824710846,0.7427716851234436,0.3052915930747986
YMR114C,YLR203C,0,0.82133824,0.1961558759212494,0.7427716851234436,0.3053916096687317
YLR356W,YOR219C,0,0.8203322,0.1961042433977127,0.7427716851234436,0.3054916560649872
YDR323C,YOR151C,0,0.8202406,0.19605262577533722,0.7427716851234436,0.3055916726589203
YDR456W,YPR030W,0,0.8191531,0.1960010528564453,0.7427716851234436,0.3056917190551758
YER153C,YIL124W,0,0.8185351,0.1959494948387146,0.7427716851234436,0.3057917356491089
YLR256W-A,YJL173C,0,0.8183649,0.19589798152446747,0.7427716851234436,0.3058917820453644
YBR036C,YHR101C,0,0.81831264,0.19584648311138153,0.7427716851234436,0.3059917986392975
YLR061W,YBR142W,0,0.8175161,0.1957949995994568,0.7427716851234436,0.3060918152332306
YOL056W,YPR134W,0,0.81649697,0.19574356079101562,0.7427716851234436,0.3061918616294861
YIL011W,YDR104C,1,0.8158245,0.1959548145532608,0.7437686920166016,0.3061918616294861
YMR246W,YLL062C,0,0.8153858,0.19590336084365845,0.7437686920166016,0.3062918782234192
YNL188W,YHL050C,0,0.81462526,0.19585193693637848,0.7437686920166016,0.3063919246196747
YOR063W,YPR200C,0,0.8144199,0.1958005279302597,0.7437686920166016,0.3064919412136078
YOR065W,YPR137C-A,0,0.8142514,0.19574914872646332,0.7437686920166016,0.3065919876098633
YDR476C,YPR182W,0,0.8136078,0.19569779932498932,0.7437686920166016,0.3066920042037964
YPR102C,YGL195W,0,0.8134142,0.1956464797258377,0.7437686920166016,0.3067920506000519
YKL200C,YPR105C,0,0.81248814,0.1955951750278473,0.7437686920166016,0.306892067193985
YMR034C,YBL011W,0,0.81179297,0.19554390013217926,0.7437686920166016,0.3069920837879181
YGR279C,YPL130W,1,0.8115042,0.19575472176074982,0.7447656989097595,0.3069920837879181
YEL020W-A,YDR190C,0,0.81145376,0.1957034319639206,0.7447656989097595,0.3070921301841736
YER095W,YDR087C,0,0.81128913,0.19565217196941376,0.7447656989097595,0.3071921467781067
YDR359C,YOR343W-A,0,0.8108835,0.1956009417772293,0.7447656989097595,0.3072921931743622
YGR085C,YFL002W-B,0,0.81065416,0.19554974138736725,0.7447656989097595,0.3073922097682953
YBR028C,YER095W,0,0.8104064,0.19549855589866638,0.7447656989097595,0.3074922561645508
YIL155C,YOL092W,0,0.8096765,0.1954474151134491,0.7447656989097595,0.3075922727584839
YMR130W,YAL010C,0,0.80949557,0.195396289229393,0.7447656989097595,0.3076923191547394
YPR152C,YCR092C,0,0.8089762,0.1953451931476593,0.7447656989097595,0.3077923357486725
YJL136C,YJL058C,0,0.8087268,0.1952941119670868,0.7447656989097595,0.307892382144928
YPR191W,YJL026W,0,0.8081676,0.19524307548999786,0.7447656989097595,0.3079923987388611
YBL010C,YPR137W,0,0.80776554,0.19519205391407013,0.7447656989097595,0.3080924153327942
YNR018W,YCR096C,0,0.8076651,0.19514106214046478,0.7447656989097595,0.3081924617290497
YGL183C,YGR266W,0,0.807655,0.19509010016918182,0.7447656989097595,0.3082924783229828
YDR329C,YNL055C,0,0.8071413,0.19503916800022125,0.7447656989097595,0.3083925247192383
YDL113C,YDR469W,0,0.80710053,0.19498825073242188,0.7447656989097595,0.3084925413131714
YAL031C,YEL001C,0,0.8070735,0.19493736326694489,0.7447656989097595,0.3085925877094269
YNR017W,YCL055W,0,0.806697,0.19488650560379028,0.7447656989097595,0.30869260430336
YER029C,YIL087C,0,0.80633515,0.19483567774295807,0.7447656989097595,0.3087926506996155
YNL290W,YOR192C-A,0,0.8060578,0.19478487968444824,0.7447656989097595,0.3088926672935486
YDL246C,YER050C,0,0.80593705,0.1947340965270996,0.7447656989097595,0.3089926838874817
YKL134C,YER015W,0,0.8056581,0.19468334317207336,0.7447656989097595,0.3090927302837372
YBR066C,YMR081C,0,0.8053746,0.1946326196193695,0.7447656989097595,0.3091927468776703
YJR076C,YMR238W,1,0.80526674,0.1948424130678177,0.7457627058029175,0.3091927468776703
YJL167W,YDR342C,0,0.8048048,0.19479165971279144,0.7457627058029175,0.3092927932739258
YNL001W,YHR036W,0,0.80472994,0.19474095106124878,0.7457627058029175,0.3093928098678589
YGL026C,YJR015W,0,0.80387485,0.1946902722120285,0.7457627058029175,0.3094928562641144
YFR008W,YGR193C,0,0.8038695,0.19463960826396942,0.7457627058029175,0.3095928728580475
YCR016W,YJR094W-A,0,0.80294096,0.19458897411823273,0.7457627058029175,0.309692919254303
YPL200W,YJR147W,0,0.8027326,0.19453835487365723,0.7457627058029175,0.3097929358482361
YNL242W,YMR235C,0,0.8021265,0.1944877803325653,0.7457627058029175,0.3098929822444916
YCR093W,YJR138W,0,0.8020406,0.19443722069263458,0.7457627058029175,0.3099929988384247
YJL189W,YPR188C,0,0.80096364,0.19438669085502625,0.7457627058029175,0.3100930154323578
YJL219W,YPR113W,0,0.800931,0.1943361908197403,0.7457627058029175,0.3101930618286133
YOL156W,YML074C,0,0.8007208,0.19428572058677673,0.7457627058029175,0.3102930784225464
YLR288C,YKL201C,0,0.8006849,0.19423526525497437,0.7457627058029175,0.3103931248188019
YLL019C,YEL059C-A,0,0.8006755,0.19418483972549438,0.7457627058029175,0.310493141412735
YDL036C,YOR357C,0,0.80012494,0.1941344439983368,0.7457627058029175,0.3105931878089905
YPR137C-A,YNL101W,0,0.80004185,0.1940840631723404,0.7457627058029175,0.3106932044029236
YBL014C,YDL202W,0,0.7998529,0.19403372704982758,0.7457627058029175,0.3107932507991791
YGR288W,YKL061W,0,0.79963696,0.19398340582847595,0.7457627058029175,0.3108932673931122
YDR083W,YLL038C,0,0.7995875,0.19393311440944672,0.7457627058029175,0.3109932839870453
YDR023W,YMR180C,0,0.7993578,0.19388283789157867,0.7457627058029175,0.3110933303833008
YIL107C,YOR349W,0,0.79902023,0.1938326060771942,0.7457627058029175,0.3111933469772339
YGL238W,YCL060C,0,0.798923,0.19378238916397095,0.7457627058029175,0.3112933933734894
YLR356W,YKL020C,0,0.7986902,0.19373218715190887,0.7457627058029175,0.3113934099674225
YJL200C,YDR098C-A,0,0.79793394,0.19368202984333038,0.7457627058029175,0.311493456363678
YNL146W,YKL198C,0,0.7979289,0.19363188743591309,0.7457627058029175,0.3115934729576111
YJR092W,YKL185W,0,0.7976795,0.19358177483081818,0.7457627058029175,0.3116935193538666
YOR285W,YML052W,0,0.79682773,0.19353169202804565,0.7457627058029175,0.3117935359477997
YBR067C,YBR301W,1,0.79677933,0.19374029338359833,0.7467597126960754,0.3117935359477997
YCL044C,YER041W,0,0.7965102,0.1936901956796646,0.7467597126960754,0.3118935823440552
YDR365C,YNL181W,0,0.7964541,0.19364012777805328,0.7467597126960754,0.3119935989379883
YDR261C-D,YML036W,0,0.7961748,0.19359007477760315,0.7467597126960754,0.3120936155319214
YER103W,YDR257C,0,0.7955019,0.1935400515794754,0.7467597126960754,0.3121936619281769
YOR099W,YFL017W-A,0,0.7952398,0.19349005818367004,0.7467597126960754,0.31229367852211
YEL005C,YJL155C,0,0.79497373,0.19344007968902588,0.7467597126960754,0.3123937249183655
YKL016C,YGR055W,0,0.79440016,0.1933901309967041,0.7467597126960754,0.3124937415122986
YCR002C,YGL032C,1,0.79431415,0.19359834492206573,0.7477567195892334,0.3124937415122986
YER005W,YMR153W,0,0.79422015,0.19354838132858276,0.7477567195892334,0.3125937879085541
YJL158C,YBR078W,1,0.79317826,0.19375644624233246,0.7487537264823914,0.3125937879085541
YDR108W,YHR058C,0,0.79171205,0.1937064677476883,0.7487537264823914,0.3126938045024872
YER100W,YHR021C,0,0.7916914,0.19365651905536652,0.7487537264823914,0.3127938508987427
YPL281C,YJR016C,0,0.79101026,0.19360660016536713,0.7487537264823914,0.3128938674926758
YOR206W,YGR075C,0,0.78963566,0.19355669617652893,0.7487537264823914,0.3129938840866089
YGL026C,YHR047C,0,0.7887834,0.19350682199001312,0.7487537264823914,0.3130939304828644
YLR260W,YMR051C,0,0.7882241,0.1934569776058197,0.7487537264823914,0.3131939470767975
YHR211W,YLR417W,0,0.78802896,0.19340716302394867,0.7487537264823914,0.313293993473053
YGR161W-A,YNL164C,0,0.78797233,0.19335736334323883,0.7487537264823914,0.3133940100669861
YLR227W-A,YLR188W,0,0.787779,0.19330759346485138,0.7487537264823914,0.3134940564632416
YDL015C,YDR358W,0,0.7869014,0.19325785338878632,0.7487537264823914,0.3135940730571747
YPR138C,YDR387C,0,0.78633815,0.19320812821388245,0.7487537264823914,0.3136941194534302
YBL035C,YOL004W,0,0.78501284,0.19315843284130096,0.7487537264823914,0.3137941360473633
YHL044W,YCL051W,0,0.78491074,0.19310876727104187,0.7487537264823914,0.3138941824436188
YFR018C,YMR065W,0,0.784558,0.19305913150310516,0.7487537264823914,0.3139941990375519
YKL009W,YLR052W,0,0.78440815,0.19300951063632965,0.7487537264823914,0.314094215631485
YLR090W,YNL258C,0,0.7839423,0.19295991957187653,0.7487537264823914,0.3141942620277405
YNL309W,YGR175C,0,0.78212744,0.1929103583097458,0.7487537264823914,0.3142942786216736
YBR268W,YDR091C,0,0.78170085,0.19286081194877625,0.7487537264823914,0.3143943250179291
YPR158C-D,YHR170W,0,0.78161615,0.1928112953901291,0.7487537264823914,0.3144943416118622
YGR044C,YCL012W,0,0.7815064,0.19276180863380432,0.7487537264823914,0.3145943880081177
YFR006W,YBR205W,0,0.78133833,0.19271233677864075,0.7487537264823914,0.3146944046020508
YPR137C-A,YMR158W,0,0.7809503,0.19266290962696075,0.7487537264823914,0.3147944509983063
YHR060W,YGL246C,0,0.78075844,0.19261349737644196,0.7487537264823914,0.3148944675922394
YEL032W,YLR189C,0,0.7807151,0.19256410002708435,0.7487537264823914,0.3149944841861725
YHL009W-B,YJR158W,0,0.7797676,0.19251473248004913,0.7487537264823914,0.315094530582428
YLR367W,YLR427W,0,0.7794098,0.1924654096364975,0.7487537264823914,0.3151945471763611
YPR081C,YPL169C,0,0.778478,0.19241608679294586,0.7487537264823914,0.3152945935726166
YCL003W,YKR027W,0,0.7778921,0.1923668086528778,0.7487537264823914,0.3153946101665497
YDR150W,YOR120W,0,0.77648175,0.19231754541397095,0.7487537264823914,0.3154946565628052
YML082W,YBL064C,0,0.77532554,0.19226831197738647,0.7487537264823914,0.3155946731567383
YKR009C,YOR240W,0,0.7747524,0.1922190934419632,0.7487537264823914,0.3156947195529938
YHR025W,YDR261C,0,0.774378,0.1921699047088623,0.7487537264823914,0.3157947361469269
YNL318C,YLR256W-A,0,0.7733816,0.1921207457780838,0.7487537264823914,0.3158947825431824
YMR306W,YGR037C,0,0.77324533,0.19207161664962769,0.7487537264823914,0.3159947991371155
YDR447C,YIL048W,0,0.77245706,0.19202250242233276,0.7487537264823914,0.3160948157310486
YER087C-B,YPL262W,0,0.7724169,0.19197341799736023,0.7487537264823914,0.3161948621273041
YNR032C-A,YDR195W,0,0.77201307,0.1919243484735489,0.7487537264823914,0.3162948787212372
YDR003W,YDR210C-D,0,0.77190614,0.19187532365322113,0.7487537264823914,0.3163949251174927
YOR132W,YLL026W,0,0.771069,0.19182631373405457,0.7487537264823914,0.3164949417114258
YOL101C,YCL012W,0,0.77046067,0.1917773187160492,0.7487537264823914,0.3165949881076813
YIL011W,YNL300W,1,0.77021515,0.1919836550951004,0.7497507333755493,0.3165949881076813
YML047C,YPR158C-C,0,0.7701344,0.19193466007709503,0.7497507333755493,0.3166950047016144
YHR020W,YHL009W-B,0,0.7697246,0.19188567996025085,0.7497507333755493,0.3167950510978699
YDR341C,YJL025W,0,0.76916665,0.19183672964572906,0.7497507333755493,0.316895067691803
YAR010C,YOR348C,0,0.76889485,0.19178780913352966,0.7497507333755493,0.3169950842857361
YBR159W,YDR144C,0,0.7672763,0.19173890352249146,0.7497507333755493,0.3170951306819916
YBR100W,YJR049C,0,0.767183,0.19169002771377563,0.7497507333755493,0.3171951472759247
YCR058C,YDR507C,0,0.7662993,0.1916411817073822,0.7497507333755493,0.3172951936721802
YNL310C,YDL133C-A,0,0.76597667,0.19159235060214996,0.7497507333755493,0.3173952102661133
YMR109W,YPL183W-A,0,0.76574767,0.1915435492992401,0.7497507333755493,0.3174952566623688
YML041C,YKL172W,0,0.7657432,0.19149477779865265,0.7497507333755493,0.3175952732563019
YGL046W,YNL086W,0,0.7647874,0.19144602119922638,0.7497507333755493,0.3176953196525574
YDR226W,YPR105C,0,0.7642726,0.1913973093032837,0.7497507333755493,0.3177953362464905
YOL132W,YER052C,0,0.76413095,0.191348597407341,0.7497507333755493,0.31789538264274597
YDR176W,YDR034C-C,0,0.76408273,0.1912999302148819,0.7497507333755493,0.3179953992366791
YKL003C,YLR360W,0,0.7639786,0.19125127792358398,0.7497507333755493,0.3180954158306122
YMR215W,YLR391W,1,0.7639512,0.1914568990468979,0.7507477402687073,0.3180954158306122
YPL019C,YDL098C,0,0.7638799,0.19140823185443878,0.7507477402687073,0.3181954622268677
YGL073W,YPL257W-A,0,0.76359576,0.19135959446430206,0.7507477402687073,0.3182954788208008
YGL137W,YHR005C-A,0,0.76339245,0.19131097197532654,0.7507477402687073,0.3183955252170563
YCL003W,YNL263C,0,0.76337045,0.1912623792886734,0.7507477402687073,0.3184955418109894
YBR208C,YNL052W,0,0.763299,0.19121381640434265,0.7507477402687073,0.3185955882072449
YGR122W,YGR052W,0,0.7631644,0.1911652684211731,0.7507477402687073,0.318695604801178
YHL015W,YLR092W,0,0.76314855,0.19111675024032593,0.7507477402687073,0.31879565119743347
YPL092W,YPR137C-B,0,0.7631003,0.19106826186180115,0.7507477402687073,0.3188956677913666
YPR086W,YPR137C-A,0,0.762599,0.19101978838443756,0.7507477402687073,0.3189956843852997
YGR029W,YPL257W-B,0,0.76110756,0.19097134470939636,0.7507477402687073,0.3190957307815552
YHR069C,YOR343W-A,0,0.76108205,0.19092291593551636,0.7507477402687073,0.3191957473754883
YER184C,YOR343W-A,0,0.7606115,0.19087453186511993,0.7507477402687073,0.3192957937717438
YCL066W,YDL120W,0,0.7603848,0.1908261477947235,0.7507477402687073,0.3193958103656769
YNR048W,YDR210C-D,0,0.76005185,0.19077780842781067,0.7507477402687073,0.3194958567619324
YCR098C,YER060W,0,0.75930536,0.19072948396205902,0.7507477402687073,0.3195958733558655
YPR049C,YCL066W,0,0.75918686,0.19068118929862976,0.7507477402687073,0.31969591975212097
YPR122W,YBR212W,0,0.7583077,0.1906329095363617,0.7507477402687073,0.3197959363460541
YML018C,YDR170C,0,0.75713557,0.19058465957641602,0.7507477402687073,0.31989598274230957
YPL143W,YBR100W,0,0.7564144,0.19053643941879272,0.7507477402687073,0.3199959993362427
YOL105C,YJR143C,0,0.7562194,0.19048823416233063,0.7507477402687073,0.3200960159301758
YNL238W,YDL100C,0,0.7556251,0.19044005870819092,0.7507477402687073,0.3201960623264313
YPR158C-D,YMR226C,0,0.755548,0.1903919130563736,0.7507477402687073,0.3202960789203644
YFR036W,YHL034C,0,0.754466,0.19034378230571747,0.7507477402687073,0.3203961253166199
YPL218W,YJR001W,0,0.7534581,0.19029568135738373,0.7507477402687073,0.320496141910553
YDR317W,YDR103W,0,0.75257117,0.19024759531021118,0.7507477402687073,0.32059618830680847
YPL206C,YHR079C-B,0,0.7523364,0.19019953906536102,0.7507477402687073,0.3206962049007416
YDR100W,YGR052W,0,0.75206614,0.19015151262283325,0.7507477402687073,0.32079625129699707
YNL284C-A,YOR391C,0,0.7520577,0.19010351598262787,0.7507477402687073,0.3208962678909302
YJR053W,YKR093W,0,0.7519444,0.19005553424358368,0.7507477402687073,0.3209962844848633
YOL144W,YJL144W,0,0.75191116,0.19000756740570068,0.7507477402687073,0.3210963308811188
YMR211W,YNL038W,0,0.7518575,0.18995963037014008,0.7507477402687073,0.3211963474750519
YDR313C,YIL171W,0,0.7516295,0.18991172313690186,0.7507477402687073,0.3212963938713074
YJR153W,YNL101W,0,0.7511191,0.18986384570598602,0.7507477402687073,0.3213964104652405
YKL200C,YHR197W,0,0.750898,0.18981598317623138,0.7507477402687073,0.32149645686149597
YOR192C-B,YJL124C,0,0.74906945,0.18976815044879913,0.7507477402687073,0.3215964734554291
YJL174W,YER153C,0,0.74881303,0.18972033262252808,0.7507477402687073,0.32169651985168457
YIL026C,YOR270C,0,0.74846375,0.1896725445985794,0.7507477402687073,0.3217965364456177
YDR261C-D,YCR036W,0,0.7479891,0.18962478637695312,0.7507477402687073,0.32189658284187317
YHR214C-C,YFR007W,0,0.74763936,0.18957704305648804,0.7507477402687073,0.3219965994358063
YPL031C,YDR093W,0,0.7472749,0.18952932953834534,0.7507477402687073,0.3220966160297394
YHR027C,YLR227W-B,0,0.74682,0.18948163092136383,0.7507477402687073,0.3221966624259949
YDR210C-C,YOR101W,0,0.74667245,0.1894339621067047,0.7507477402687073,0.322296679019928
YBR036C,YMR122W-A,0,0.746633,0.18938632309436798,0.7507477402687073,0.32239672541618347
YNL278W,YNL054W-A,0,0.7461959,0.18933869898319244,0.7507477402687073,0.3224967420101166
YKL200C,YDR419W,0,0.7461468,0.1892911046743393,0.7507477402687073,0.32259678840637207
YKL001C,YPL001W,0,0.7459804,0.18924352526664734,0.7507477402687073,0.3226968050003052
YIL011W,YMR307W,1,0.74559957,0.18944723904132843,0.7517447471618652,0.3226968050003052
YLR251W,YJR147W,0,0.74547225,0.18939964473247528,0.7517447471618652,0.32279685139656067
YMR168C,YGL192W,0,0.74535334,0.18935208022594452,0.7517447471618652,0.3228968679904938
YOR119C,YML055W,0,0.74516207,0.18930454552173615,0.7517447471618652,0.3229968845844269
YKL005C,YGR007W,0,0.7448853,0.18925702571868896,0.7517447471618652,0.3230969309806824
YKL129C,YEL048C,0,0.74462897,0.18920953571796417,0.7517447471618652,0.3231969475746155
YKR102W,YLR157C,1,0.7444484,0.1894129514694214,0.7527417540550232,0.3231969475746155
YEL065W,YLR386W,0,0.7443504,0.1893654316663742,0.7527417540550232,0.32329699397087097
YJL019W,YAR042W,0,0.74425244,0.1893179565668106,0.7527417540550232,0.3233970105648041
YMR275C,YNL284C-B,0,0.74416906,0.1892704963684082,0.7527417540550232,0.32349705696105957
YGL053W,YCL048W,0,0.74400806,0.189223051071167,0.7527417540550232,0.3235970735549927
YGL194C,YDL206W,0,0.74374855,0.18917565047740936,0.7527417540550232,0.32369711995124817
YOL002C,YGR178C,0,0.743737,0.18912824988365173,0.7527417540550232,0.3237971365451813
YJL029C,YMR015C,0,0.7429079,0.18908089399337769,0.7527417540550232,0.32389718294143677
YDR211W,YML048W,0,0.74084646,0.18903355300426483,0.7527417540550232,0.3239971995353699
YDR292C,YMR230W,0,0.7406745,0.18898622691631317,0.7527417540550232,0.324097216129303
YDR115W,YGL178W,0,0.74062055,0.1889389455318451,0.7527417540550232,0.32419726252555847
YHR082C,YPL257W-A,0,0.74043417,0.18889166414737701,0.7527417540550232,0.3242972791194916
YNL012W,YJR151C,0,0.74021775,0.18884442746639252,0.7527417540550232,0.32439732551574707
YBR080C,YDL206W,0,0.73916554,0.1887972056865692,0.7527417540550232,0.3244973421096802
YAR050W,YBR040W,1,0.73824376,0.1889999955892563,0.7537387609481812,0.3244973421096802
YJR015W,YPL186C,0,0.7381216,0.1889527589082718,0.7537387609481812,0.32459738850593567
YFR008W,YCR087C-A,0,0.7375033,0.18890555202960968,0.7537387609481812,0.3246974050998688
YBL041W,YGR180C,0,0.73658097,0.18885836005210876,0.7537387609481812,0.32479745149612427
YPL096W,YGL194C,0,0.7358718,0.18881118297576904,0.7537387609481812,0.3248974680900574
YDR172W,YAL048C,0,0.73543394,0.1887640506029129,0.7537387609481812,0.3249974846839905
YMR261C,YER180C,0,0.7353803,0.18871691823005676,0.7537387609481812,0.32509753108024597
YOL142W,YHR167W,0,0.7353411,0.1886698305606842,0.7537387609481812,0.3251975476741791
YER131W,YMR308C,0,0.7351222,0.18862275779247284,0.7537387609481812,0.32529759407043457
YAL030W,YKR105C,0,0.734467,0.18857569992542267,0.7537387609481812,0.3253976106643677
YHL034C,YJR041C,0,0.734112,0.18852867186069489,0.7537387609481812,0.32549765706062317
YLR411W,YHR214C-C,0,0.7340569,0.1884816735982895,0.7537387609481812,0.3255976736545563
YLR452C,YER108C,0,0.7337614,0.1884346902370453,0.7537387609481812,0.32569772005081177
YBL030C,YDR088C,0,0.733195,0.18838773667812347,0.7537387609481812,0.3257977366447449
YER098W,YDR273W,0,0.73294395,0.18834081292152405,0.7537387609481812,0.32589778304100037
YLR256W-A,YNL054W,0,0.73271346,0.18829390406608582,0.7537387609481812,0.32599779963493347
YOR343W-A,YNL212W,0,0.73242134,0.18824701011180878,0.7537387609481812,0.3260978162288666
YBR202W,YCR055C,0,0.7322856,0.18820014595985413,0.7537387609481812,0.32619786262512207
YNL267W,YBR052C,0,0.7320128,0.18815331161022186,0.7537387609481812,0.3262978792190552
YDR529C,YHR009C,0,0.7316277,0.1881064921617508,0.7537387609481812,0.32639792561531067
YBR183W,YHR079C-B,0,0.73148656,0.1880597025156021,0.7537387609481812,0.3264979422092438
YJR131W,YLL017W,0,0.73052037,0.18801292777061462,0.7537387609481812,0.32659798860549927
YDR224C,YKR089C,0,0.7303684,0.18796618282794952,0.7537387609481812,0.3266980051994324
YDL095W,YAL062W,0,0.7298776,0.1879194676876068,0.7537387609481812,0.32679805159568787
YGL259W,YMR078C,0,0.72933584,0.1878727674484253,0.7537387609481812,0.32689806818962097
YPR196W,YOR076C,0,0.72933257,0.18782608211040497,0.7537387609481812,0.3269980847835541
YPR137C-A,YDL231C,0,0.7290378,0.18777942657470703,0.7537387609481812,0.32709813117980957
YOR026W,YHR193C,0,0.72856236,0.18773280084133148,0.7537387609481812,0.3271981477737427
YNL012W,YPL218W,0,0.7283181,0.18768619000911713,0.7537387609481812,0.32729819416999817
YGL003C,YPL022W,0,0.72755307,0.18763960897922516,0.7537387609481812,0.3273982107639313
YHR001W-A,YBL034C,0,0.7271092,0.18759305775165558,0.7537387609481812,0.32749825716018677
YIL142W,YOR270C,0,0.7266259,0.1875465214252472,0.7537387609481812,0.3275982737541199
YCL027W,YGR191W,0,0.72659904,0.1875,0.7537387609481812,0.32769832015037537
YIR037W,YLL043W,0,0.7263792,0.1874535083770752,0.7537387609481812,0.32779833674430847
YPL196W,YOR187W,0,0.72596455,0.18740704655647278,0.7537387609481812,0.32789838314056396
YJR151C,YDL024C,1,0.72581464,0.18760842084884644,0.7547357678413391,0.32789838314056396
YDL115C,YGL171W,0,0.72572964,0.18756194412708282,0.7547357678413391,0.32799839973449707
YHR133C,YDR218C,0,0.72515965,0.1875154823064804,0.7547357678413391,0.3280984163284302
YJL187C,YLR391W,0,0.7247071,0.18746905028820038,0.7547357678413391,0.32819846272468567
YNL331C,YKL074C,0,0.7246972,0.18742263317108154,0.7547357678413391,0.3282984793186188
YJR016C,YNL190W,0,0.7246451,0.1873762309551239,0.7547357678413391,0.32839852571487427
YOR096W,YLR316C,0,0.7246224,0.18732987344264984,0.7547357678413391,0.3284985423088074
YDR146C,YPR158C-D,0,0.7243981,0.18728351593017578,0.7547357678413391,0.32859858870506287
YIL080W,YJL149W,0,0.7243415,0.1872372031211853,0.7547357678413391,0.32869860529899597
YHR057C,YKL097W-A,0,0.723341,0.18719090521335602,0.7547357678413391,0.32879865169525146
YGR218W,YMR166C,0,0.7230915,0.18714462220668793,0.7547357678413391,0.32889866828918457
YNR008W,YDL030W,0,0.7222373,0.18709836900234222,0.7547357678413391,0.3289986848831177
YOR089C,YIL072W,0,0.7213058,0.18705213069915771,0.7547357678413391,0.32909873127937317
YPL017C,YDR443C,0,0.72045004,0.1870059221982956,0.7547357678413391,0.3291987478733063
YDL220C,YKR057W,0,0.7200566,0.18695974349975586,0.7547357678413391,0.32929879426956177
YGR217W,YPR096C,0,0.71975416,0.18691357970237732,0.7547357678413391,0.3293988108634949
YGL053W,YNL284C-B,0,0.7193511,0.18686744570732117,0.7547357678413391,0.32949885725975037
YGL200C,YMR195W,0,0.71930593,0.1868213266134262,0.7547357678413391,0.32959887385368347
YER165W,YLR227W-A,0,0.7192634,0.18677522242069244,0.7547357678413391,0.32969892024993896
YHR039C-B,YER014W,0,0.71911395,0.18672916293144226,0.7547357678413391,0.32979893684387207
YBR094W,YDR098C-A,0,0.71900326,0.18668310344219208,0.7547357678413391,0.32989898324012756
YHR143W,YLR308W,1,0.71885943,0.18688362836837769,0.7557327747344971,0.32989898324012756
YGL200C,YML071C,0,0.71708393,0.1868375688791275,0.7557327747344971,0.32999899983406067
YBL072C,YGL061C,0,0.7170477,0.1867915242910385,0.7557327747344971,0.3300990164279938
YGR193C,YGL031C,0,0.7160032,0.1867455095052719,0.7557327747344971,0.33019906282424927
YLR042C,YLR391W,1,0.71590805,0.1869458109140396,0.756729781627655,0.33019906282424927
YLR050C,YPL276W,0,0.7153354,0.18689978122711182,0.756729781627655,0.3302990794181824
YDR146C,YDR231C,0,0.7151773,0.18685376644134521,0.756729781627655,0.33039912581443787
YOL155C,YDR050C,0,0.7135478,0.186807781457901,0.756729781627655,0.33049914240837097
YOL055C,YHR079C-B,0,0.7135293,0.18676181137561798,0.756729781627655,0.33059918880462646
YCR077C,YDR262W,0,0.7134808,0.18671587109565735,0.756729781627655,0.33069920539855957
YLL014W,YOL103W-A,0,0.7124649,0.1866699457168579,0.756729781627655,0.33079925179481506
YMR156C,YDR207C,0,0.71095055,0.18662405014038086,0.756729781627655,0.33089926838874817
YOR190W,YCR089W,1,0.71077263,0.1868239939212799,0.7577268481254578,0.33089926838874817
YFR006W,YGL046W,0,0.7107576,0.18677808344364166,0.7577268481254578,0.3309992849826813
YPR108W,YGR274C,0,0.710742,0.1867321878671646,0.7577268481254578,0.33109933137893677
YKL134C,YJL089W,0,0.71060085,0.18668632209300995,0.7577268481254578,0.3311993479728699
YJR048W,YML085C,0,0.7103726,0.18664047122001648,0.7577268481254578,0.33129939436912537
YPR100W,YBR162W-A,0,0.7103381,0.1865946501493454,0.7577268481254578,0.33139941096305847
YNL218W,YNL162W,0,0.709854,0.1865488439798355,0.7577268481254578,0.33149945735931396
YGL178W,YGR124W,0,0.70977676,0.186503067612648,0.7577268481254578,0.33159947395324707
YPL244C,YML100W,0,0.7095026,0.1864573061466217,0.7577268481254578,0.33169952034950256
YFR024C,YAL017W,0,0.7092754,0.18641157448291779,0.7577268481254578,0.33179953694343567
YJR135C,YOL095C,0,0.7089218,0.18636587262153625,0.7577268481254578,0.33189958333969116
YBR040W,YOL155C,1,0.70881903,0.1865653395652771,0.7587238550186157,0.33189958333969116
YOR049C,YAL034W-A,0,0.70860565,0.18651960790157318,0.7587238550186157,0.33199959993362427
YKR069W,YMR165C,0,0.7081493,0.18647390604019165,0.7587238550186157,0.3320996165275574
YDL149W,YLR227W-A,0,0.70790553,0.1864282190799713,0.7587238550186157,0.33219966292381287
YNL038W,YOL103W-A,0,0.7078374,0.18638256192207336,0.7587238550186157,0.33229967951774597
YDR144C,YER011W,1,0.7070743,0.1865817755460739,0.7597208619117737,0.33229967951774597
YFR038W,YBL056W,0,0.7069873,0.18653610348701477,0.7597208619117737,0.33239972591400146
YNL183C,YBR052C,0,0.7067586,0.18649046123027802,0.7597208619117737,0.33249974250793457
YCL051W,YBR243C,0,0.70505464,0.18644481897354126,0.7597208619117737,0.33259978890419006
YDR086C,YNL117W,0,0.7045688,0.18639922142028809,0.7597208619117737,0.33269980549812317
YLR227W-A,YHR168W,0,0.704437,0.1863536387681961,0.7597208619117737,0.33279985189437866
YOL141W,YDR281C,0,0.7039311,0.18630807101726532,0.7597208619117737,0.33289986848831177
YMR211W,YAR044W,0,0.7035232,0.18626253306865692,0.7597208619117737,0.3329998850822449
YGL232W,YJR126C,0,0.7034435,0.18621701002120972,0.7597208619117737,0.33309993147850037
YJL102W,YFL004W,0,0.70316,0.1861715167760849,0.7597208619117737,0.33319994807243347
YJL078C,YLR256W-A,0,0.7024745,0.18612603843212128,0.7597208619117737,0.33329999446868896
YBR301W,YMR307W,1,0.7020935,0.18632479012012482,0.7607178688049316,0.33329999446868896
YBR020W,YDR012W,0,0.70141035,0.186279296875,0.7607178688049316,0.33340001106262207
YMR264W,YOL139C,0,0.7012596,0.18623383343219757,0.7607178688049316,0.33350005745887756
YOR172W,YPL087W,0,0.70115995,0.18618838489055634,0.7607178688049316,0.33360007405281067
YLR395C,YDR165W,0,0.70067847,0.1861429661512375,0.7607178688049316,0.33370012044906616
YKR096W,YPL206C,0,0.699998,0.18609756231307983,0.7607178688049316,0.33380013704299927
YLR074C,YLR287C-A,0,0.69996285,0.18605218827724457,0.7607178688049316,0.33390018343925476
YPL111W,YNL188W,0,0.69963384,0.1860068291425705,0.7607178688049316,0.33400020003318787
YDR074W,YJR075W,0,0.6996301,0.18596148490905762,0.7607178688049316,0.33410021662712097
YJL019W,YOR211C,0,0.69953287,0.18591618537902832,0.7607178688049316,0.33420026302337646
YPL139C,YIL033C,0,0.6992068,0.18587088584899902,0.7607178688049316,0.33430027961730957
YER048W-A,YBL034C,0,0.6982584,0.18582561612129211,0.7607178688049316,0.33440032601356506
YCL060C,YKL140W,0,0.6982351,0.1857803761959076,0.7607178688049316,0.33450034260749817
YNR060W,YDR003W,0,0.6981287,0.18573515117168427,0.7607178688049316,0.33460038900375366
YHL028W,YOR275C,0,0.69787484,0.18568995594978333,0.7607178688049316,0.33470040559768677
YAR010C,YGL144C,0,0.69776654,0.18564477562904358,0.7607178688049316,0.33480045199394226
YPL133C,YNR041C,0,0.69765913,0.18559961020946503,0.7607178688049316,0.33490046858787537
YLR059C,YGR296W,0,0.69760287,0.18555447459220886,0.7607178688049316,0.33500051498413086
YKL158W,YDR121W,0,0.6975502,0.1855093538761139,0.7607178688049316,0.33510053157806396
YBR003W,YPR028W,0,0.6974832,0.1854642629623413,0.7607178688049316,0.33520054817199707
YNL250W,YDL192W,0,0.69635385,0.1854192018508911,0.7607178688049316,0.33530059456825256
YLR360W,YER150W,0,0.6961527,0.1853741556406021,0.7607178688049316,0.33540061116218567
YOL004W,YGR241C,0,0.6957751,0.1853291243314743,0.7607178688049316,0.33550065755844116
YOR216C,YAR044W,0,0.695124,0.18528412282466888,0.7607178688049316,0.33560067415237427
YLR432W,YOL018C,0,0.6951066,0.18523913621902466,0.7607178688049316,0.33570072054862976
YCR055C,YOR060C,0,0.6949848,0.18519417941570282,0.7607178688049316,0.33580073714256287
YOR067C,YPL157W,0,0.6934819,0.18514923751354218,0.7607178688049316,0.33590078353881836
YIL004C,YOR142W-A,0,0.69340867,0.18510432541370392,0.7607178688049316,0.33600080013275146
YLR382C,YER056C,0,0.6932802,0.18505942821502686,0.7607178688049316,0.33610081672668457
YPR102C,YLL002W,0,0.6931432,0.185014545917511,0.7607178688049316,0.33620086312294006
YDR078C,YIL109C,0,0.69307077,0.1849696934223175,0.7607178688049316,0.33630087971687317
YMR035W,YOR233W,0,0.6928394,0.1849248707294464,0.7607178688049316,0.33640092611312866
YLR194C,YEL040W,1,0.6922382,0.18512237071990967,0.7617148756980896,0.33640092611312866
YPR156C,YER098W,0,0.6919565,0.1850775182247162,0.7617148756980896,0.33650094270706177
YJL117W,YJL225C,0,0.6908737,0.1850326955318451,0.7617148756980896,0.33660098910331726
YPL153C,YPR200C,0,0.6906313,0.1849878877401352,0.7617148756980896,0.33670100569725037
YKL200C,YLR080W,0,0.6904288,0.18494310975074768,0.7617148756980896,0.33680105209350586
YKL046C,YNL322C,1,0.6904237,0.18514037132263184,0.7627118825912476,0.33680105209350586
YDR108W,YMR050C,0,0.6898051,0.18509557843208313,0.7627118825912476,0.33690106868743896
YKL138C,YDR033W,0,0.68897533,0.18505080044269562,0.7627118825912476,0.33700111508369446
YKL129C,YNL156C,0,0.6881621,0.1850060522556305,0.7627118825912476,0.33710113167762756
YNR074C,YER140W,0,0.6873559,0.18496131896972656,0.7627118825912476,0.33720114827156067
YMR182C,YBR170C,0,0.68712115,0.18491660058498383,0.7627118825912476,0.33730119466781616
YJL046W,YHR157W,0,0.6865058,0.18487191200256348,0.7627118825912476,0.33740121126174927
YMR176W,YJL189W,0,0.6861706,0.18482725322246552,0.7627118825912476,0.33750125765800476
YER055C,YDR257C,0,0.6859534,0.18478260934352875,0.7627118825912476,0.33760127425193787
YNL054W-B,YGR062C,0,0.685645,0.18473798036575317,0.7627118825912476,0.33770132064819336
YPR190C,YNL284C-B,0,0.6849855,0.1846933811903,0.7627118825912476,0.33780133724212646
YKL178C,YOL023W,0,0.68492293,0.1846488118171692,0.7627118825912476,0.33790138363838196
YPR001W,YGR220C,0,0.68440676,0.1846042424440384,0.7627118825912476,0.33800140023231506
YML106W,YMR041C,0,0.68404794,0.18455971777439117,0.7627118825912476,0.33810141682624817
YBR218C,YPL276W,0,0.68384784,0.18451519310474396,0.7627118825912476,0.33820146322250366
YJR108W,YGL205W,0,0.68380725,0.18447069823741913,0.7627118825912476,0.33830147981643677
YPL017C,YIL113W,0,0.68361664,0.1844262331724167,0.7627118825912476,0.33840152621269226
YNL271C,YDL133C-A,0,0.683329,0.18438178300857544,0.7627118825912476,0.33850154280662537
YDR023W,YER029C,0,0.6829921,0.18433734774589539,0.7627118825912476,0.33860158920288086
YMR056C,YER153C,0,0.68264914,0.18429294228553772,0.7627118825912476,0.33870160579681396
YML052W,YCR089W,1,0.6819004,0.1844893991947174,0.7637088894844055,0.33870160579681396
YLL055W,YER081W,0,0.6817378,0.18444497883319855,0.7637088894844055,0.33880165219306946
YDL143W,YBR035C,0,0.6806039,0.18440057337284088,0.7637088894844055,0.33890166878700256
YLR391W,YKR042W,1,0.6800045,0.18459686636924744,0.7647058963775635,0.33890166878700256
YLR383W,YLR329W,0,0.6799512,0.18455246090888977,0.7647058963775635,0.33900171518325806
YMR004W,YCR075C,0,0.6798897,0.1845080554485321,0.7647058963775635,0.33910173177719116
YDR081C,YER162C,0,0.6798512,0.18446367979049683,0.7647058963775635,0.33920174837112427
YNR010W,YNL236W,0,0.67967045,0.18441933393478394,0.7647058963775635,0.33930179476737976
YDR047W,YJR120W,0,0.6784057,0.18437500298023224,0.7647058963775635,0.33940181136131287
YGL090W,YBR189W,0,0.67753285,0.18433068692684174,0.7647058963775635,0.33950185775756836
YGL189C,YCL048W,0,0.6763549,0.18428640067577362,0.7647058963775635,0.33960187435150146
YLR150W,YPL141C,0,0.6760629,0.1842421293258667,0.7647058963775635,0.33970192074775696
YOL072W,YBR090C-A,0,0.67556226,0.18419788777828217,0.7647058963775635,0.33980193734169006
YOL076W,YHR184W,0,0.6755533,0.18415366113185883,0.7647058963775635,0.33990198373794556
YJR150C,YKR102W,1,0.67413056,0.18434949219226837,0.7657029032707214,0.33990198373794556
YDR210C-C,YDR165W,0,0.6739919,0.18430525064468384,0.7657029032707214,0.34000200033187866
YCR080W,YER151C,0,0.6738,0.1842610388994217,0.7657029032707214,0.34010201692581177
YOL029C,YLR050C,0,0.67324007,0.18421684205532074,0.7657029032707214,0.34020206332206726
YLR042C,YKL097W-A,1,0.6727477,0.18441246449947357,0.7666999101638794,0.34020206332206726
YMR054W,YCR097WB,0,0.6722888,0.18436825275421143,0.7666999101638794,0.34030207991600037
YJR027W,YBR123C,0,0.6720613,0.18432407081127167,0.7666999101638794,0.34040212631225586
YEL019C,YKR088C,0,0.6720523,0.1842798888683319,0.7666999101638794,0.34050214290618896
YBL072C,YPL013C,0,0.67142785,0.18423575162887573,0.7666999101638794,0.34060218930244446
YAL035W,YML088W,0,0.67142504,0.18419161438941956,0.7666999101638794,0.34070220589637756
YOR145C,YPR019W,0,0.6712589,0.18414750695228577,0.7666999101638794,0.34080225229263306
YDR231C,YIL096C,0,0.66951567,0.18410342931747437,0.7666999101638794,0.34090226888656616
YIL017W,YPL209C,0,0.66934085,0.18405935168266296,0.7666999101638794,0.34100231528282166
YBR020W,YDR246W,0,0.66925716,0.18401531875133514,0.7666999101638794,0.34110233187675476
YLR429W,YBR072W,0,0.66882247,0.18397128582000732,0.7666999101638794,0.34120234847068787
YFL013C,YOR369C,0,0.6677468,0.1839272826910019,0.7666999101638794,0.34130239486694336
YLR460C,YGL051W,0,0.6676918,0.18388330936431885,0.7666999101638794,0.34140241146087646
YMR050C,YLR001C,0,0.6673972,0.183839350938797,0.7666999101638794,0.34150245785713196
YLR293C,YPL013C,0,0.6672941,0.18379540741443634,0.7666999101638794,0.34160247445106506
YGL073W,YGR264C,0,0.6672013,0.18375149369239807,0.7666999101638794,0.34170252084732056
YOR322C,YBL076C,0,0.6670011,0.183707594871521,0.7666999101638794,0.34180253744125366
YER161C,YLR017W,0,0.6669673,0.1836637258529663,0.7666999101638794,0.34190258383750916
YBR086C,YNL137C,0,0.66648936,0.18361987173557281,0.7666999101638794,0.34200260043144226
YLL006W,YAL054C,0,0.6662389,0.18357603251934052,0.7666999101638794,0.34210261702537537
YDR365W-A,YDR165W,0,0.66612226,0.1835322231054306,0.7666999101638794,0.34220266342163086
YLR414C,YDL028C,0,0.66576815,0.18348842859268188,0.7666999101638794,0.34230268001556396
YOL132W,YBR093C,1,0.6657677,0.18368320167064667,0.7676969170570374,0.34230268001556396
YPL257W-A,YBR185C,0,0.6653236,0.18363939225673676,0.7676969170570374,0.34240272641181946
YGL147C,YNR010W,0,0.6650698,0.18359561264514923,0.7676969170570374,0.34250274300575256
YNR041C,YOL031C,0,0.6648344,0.1835518479347229,0.7676969170570374,0.34260278940200806
YDL049C,YMR238W,1,0.6646465,0.18374642729759216,0.7686939239501953,0.34260278940200806
YIL135C,YOR120W,0,0.664598,0.18370264768600464,0.7686939239501953,0.34270280599594116
YDR545W,YOL103W,0,0.6644762,0.1836588829755783,0.7686939239501953,0.34280285239219666
YPR100W,YEL048C,0,0.6644192,0.18361514806747437,0.7686939239501953,0.34290286898612976
YKL011C,YBR240C,0,0.6643237,0.18357142806053162,0.7686939239501953,0.34300291538238525
YLR448W,YOR316C,0,0.6621131,0.18352773785591125,0.7686939239501953,0.34310293197631836
YOR343W-A,YDR204W,0,0.6620991,0.1834840625524521,0.7686939239501953,0.34320294857025146
YDR030C,YLR175W,0,0.6617086,0.1834404021501541,0.7686939239501953,0.34330299496650696
YPL117C,YLR467W,0,0.6612347,0.18339677155017853,0.7686939239501953,0.34340301156044006
YPR017C,YNL054W-A,0,0.66113365,0.18335315585136414,0.7686939239501953,0.34350305795669556
YIL113W,YBR233W-A,0,0.66023695,0.18330955505371094,0.7686939239501953,0.34360307455062866
YKL077W,YMR306W,0,0.6576869,0.18326598405838013,0.7686939239501953,0.34370312094688416
YCR028C,YJL186W,0,0.65673953,0.1832224279642105,0.7686939239501953,0.34380313754081726
YAL015C,YBR100W,0,0.656124,0.18317890167236328,0.7686939239501953,0.34390318393707275
YEL015W,YJR083C,0,0.6557212,0.18313539028167725,0.7686939239501953,0.34400320053100586
YCR080W,YGL180W,0,0.65570885,0.1830919086933136,0.7686939239501953,0.34410321712493896
YMR063W,YJL034W,0,0.65539455,0.18304842710494995,0.7686939239501953,0.34420326352119446
YHR039C-B,YLL017W,0,0.6552492,0.18300499022006989,0.7686939239501953,0.34430328011512756
YLR396C,YIR038C,0,0.65520084,0.18296155333518982,0.7686939239501953,0.34440332651138306
YGR174C,YEL038W,0,0.6547942,0.18291814625263214,0.7686939239501953,0.34450334310531616
YBR273C,YGL209W,0,0.6547612,0.18287476897239685,0.7686939239501953,0.34460338950157166
YHL035C,YMR034C,0,0.6538062,0.18283139169216156,0.7686939239501953,0.34470340609550476
YMR123W,YPL257W-B,0,0.6537304,0.18278804421424866,0.7686939239501953,0.34480345249176025
YJR057W,YDR345C,0,0.65357757,0.18274472653865814,0.7686939239501953,0.34490346908569336
YGL227W,YPR048W,0,0.6535514,0.18270142376422882,0.7686939239501953,0.34500351548194885
YJR013W,YBR075W,0,0.65354156,0.1826581358909607,0.7686939239501953,0.34510353207588196
YOL154W,YJR076C,1,0.65334547,0.18285173177719116,0.7696909308433533,0.34510353207588196
YAL011W,YBL101W-B,0,0.6532161,0.18280842900276184,0.7696909308433533,0.34520354866981506
YBR075W,YDR536W,0,0.6530784,0.1827651560306549,0.7696909308433533,0.34530359506607056
YPL151C,YCR106W,0,0.65242803,0.18272189795970917,0.7696909308433533,0.34540361166000366
YDR316W-A,YGR266W,0,0.6523757,0.18267865478992462,0.7696909308433533,0.34550365805625916
YDL067C,YML054C,0,0.6522084,0.18263544142246246,0.7696909308433533,0.34560367465019226
YGR205W,YFR007W,0,0.6512632,0.1825922429561615,0.7696909308433533,0.34570372104644775
YLR312W-A,YDR135C,0,0.65051985,0.18254905939102173,0.7696909308433533,0.34580373764038086
YMR026C,YPR003C,0,0.65043974,0.18250590562820435,0.7696909308433533,0.34590378403663635
YCR020C,YDR078C,0,0.65034676,0.18246278166770935,0.7696909308433533,0.34600380063056946
YNL183C,YDR018C,0,0.65022504,0.18241965770721436,0.7696909308433533,0.34610381722450256
YLR439W,YJL110C,0,0.6501862,0.18237656354904175,0.7696909308433533,0.34620386362075806
YCL066W,YJR070C,0,0.6498438,0.18233348429203033,0.7696909308433533,0.34630388021469116
YDR127W,YIL043C,0,0.6494641,0.1822904348373413,0.7696909308433533,0.34640392661094666
YJL156C,YDR361C,0,0.6488861,0.18224740028381348,0.7696909308433533,0.34650394320487976
YPR026W,YLR391W,1,0.64863855,0.1824404001235962,0.7706879377365112,0.34650394320487976
YKL024C,YIL137C,0,0.6480107,0.18239735066890717,0.7706879377365112,0.34660398960113525
YNL282W,YNR006W,0,0.6477139,0.18235433101654053,0.7706879377365112,0.34670400619506836
YGL200C,YDR298C,0,0.64710957,0.18231132626533508,0.7706879377365112,0.34680405259132385
YDR523C,YHR211W,0,0.6469421,0.18226833641529083,0.7706879377365112,0.34690406918525696
YGL137W,YBR031W,0,0.64634866,0.18222536146640778,0.7706879377365112,0.34700411558151245
YFR010W,YDR501W,0,0.6463103,0.1821824163198471,0.7706879377365112,0.34710413217544556
YLR055C,YER108C,0,0.6461669,0.18213948607444763,0.7706879377365112,0.34720414876937866
YLL024C,YKL097W-A,1,0.64615065,0.18233215808868408,0.7716849446296692,0.34720414876937866
YCL003W,YML015C,0,0.64608306,0.1822892129421234,0.7716849446296692,0.34730419516563416
YLR385C,YPL224C,0,0.6456218,0.18224629759788513,0.7716849446296692,0.34740421175956726
YGL212W,YLL055W,0,0.6450458,0.18220339715480804,0.7716849446296692,0.34750425815582275
YDR420W,YIL051C,0,0.6440537,0.18216051161289215,0.7716849446296692,0.34760427474975586
YDR369C,YPL175W,0,0.6439222,0.18211764097213745,0.7716849446296692,0.34770432114601135
YLR333C,YOR009W,0,0.6437352,0.18207480013370514,0.7716849446296692,0.34780433773994446
YDR414C,YDL146W,0,0.64289284,0.18203198909759521,0.7716849446296692,0.34790438413619995
YNL216W,YCR055C,0,0.6425824,0.1819891780614853,0.7716849446296692,0.34800440073013306
YKL078W,YMR314W,0,0.6425414,0.18194639682769775,0.7716849446296692,0.34810441732406616
YOR242C,YIR039C,1,0.6420431,0.18213866651058197,0.7726819515228271,0.34810441732406616
YER033C,YNL091W,0,0.6420163,0.18209587037563324,0.7726819515228271,0.34820446372032166
YDR436W,YDR476C,0,0.6413556,0.1820530891418457,0.7726819515228271,0.34830448031425476
YPL130W,YKL097W-A,1,0.6412894,0.1822451800107956,0.7736789584159851,0.34830448031425476
YLR203C,YOL095C,0,0.6411847,0.18220239877700806,0.7736789584159851,0.34840452671051025
YJR160C,YPL179W,0,0.64114034,0.18215961754322052,0.7736789584159851,0.34850454330444336
YMR183C,YFR024C,0,0.6407657,0.18211688101291656,0.7736789584159851,0.34860458970069885
YDR377W,YGL205W,0,0.6405986,0.1820741444826126,0.7736789584159851,0.34870460629463196
YKL182W,YLR260W,0,0.6405284,0.18203143775463104,0.7736789584159851,0.34880465269088745
YKR099W,YGR220C,0,0.6404642,0.18198874592781067,0.7736789584159851,0.34890466928482056
YPL257W-B,YJR102C,0,0.6401669,0.1819460690021515,0.7736789584159851,0.34900471568107605
YPL043W,YBR180W,0,0.6397487,0.1819034218788147,0.7736789584159851,0.34910473227500916
YHL040C,YJR045C,0,0.6396618,0.1818607896566391,0.7736789584159851,0.34920474886894226
YDR329C,YHR193C,0,0.6396127,0.1818181872367859,0.7736789584159851,0.34930479526519775
YCR018C,YHL031C,0,0.6393749,0.18177558481693268,0.7736789584159851,0.34940481185913086
YOR096W,YGR285C,0,0.63924193,0.18173302710056305,0.7736789584159851,0.34950485825538635
YDR150W,YCL004W,0,0.6392336,0.18169046938419342,0.7736789584159851,0.34960487484931946
YJL196C,YMR224C,0,0.6383277,0.18164794147014618,0.7736789584159851,0.34970492124557495
YPL021W,YLR384C,0,0.6381295,0.18160542845726013,0.7736789584159851,0.34980493783950806
YOR257W,YLL041C,0,0.6378447,0.18156294524669647,0.7736789584159851,0.34990498423576355
YDR218C,YOR294W,0,0.6376885,0.1815204620361328,0.7736789584159851,0.35000500082969666
YDR003W,YEL059C-A,0,0.63716036,0.18147802352905273,0.7736789584159851,0.35010501742362976
YPL280W,YJL128C,0,0.636173,0.18143558502197266,0.7736789584159851,0.35020506381988525
YLR067C,YNR035C,0,0.63613546,0.18139317631721497,0.7736789584159851,0.35030508041381836
YFR029W,YGL122C,0,0.6354459,0.18135078251361847,0.7736789584159851,0.35040512681007385
YCL012W,YHR105W,0,0.6346194,0.18130841851234436,0.7736789584159851,0.35050514340400696
YOR317W,YGL241W,0,0.63455015,0.18126605451107025,0.7736789584159851,0.35060518980026245
YER151C,YNL121C,0,0.6340012,0.18122372031211853,0.7736789584159851,0.35070520639419556
YJL171C,YAL063C,1,0.6339824,0.1814149022102356,0.7746759653091431,0.35070520639419556
YJR040W,YKL056C,0,0.63276577,0.18137255311012268,0.7746759653091431,0.35080525279045105
YJR131W,YBR002C,0,0.6327505,0.18133021891117096,0.7746759653091431,0.35090526938438416
YCR040W,YDR326C,0,0.6327445,0.18128791451454163,0.7746759653091431,0.35100531578063965
YNL284C-A,YML004C,0,0.63264984,0.1812456250190735,0.7746759653091431,0.35110533237457275
YKL069W,YBL087C,0,0.63256973,0.18120336532592773,0.7746759653091431,0.35120534896850586
YLR308W,YKL097W-A,1,0.63229465,0.18139426410198212,0.775672972202301,0.35120534896850586
YBR005W,YPR158C-D,0,0.6322807,0.18135197460651398,0.775672972202301,0.35130539536476135
YLL061W,YKL026C,0,0.63223684,0.18130971491336823,0.775672972202301,0.35140541195869446
YPL019C,YJR036C,0,0.6321914,0.18126747012138367,0.775672972202301,0.35150545835494995
YDR400W,YMR303C,0,0.63210976,0.1812252551317215,0.775672972202301,0.35160547494888306
YPL218W,YOR011W,0,0.63196707,0.18118304014205933,0.775672972202301,0.35170552134513855
YLR009W,YLR256W-A,0,0.6318784,0.18114085495471954,0.775672972202301,0.35180553793907166
YFL035C,YPL258C,0,0.6314567,0.18109869956970215,0.775672972202301,0.35190558433532715
YLL051C,YER149C,0,0.63119596,0.18105654418468475,0.775672972202301,0.35200560092926025
YKL096W-A,YDL029W,0,0.63113105,0.18101441860198975,0.775672972202301,0.35210561752319336
YDL015C,YFR010W,0,0.63093984,0.18097232282161713,0.775672972202301,0.35220566391944885
YLR359W,YML045W-A,0,0.630793,0.1809302270412445,0.775672972202301,0.35230568051338196
YJL080C,YBL014C,0,0.6307311,0.18088816106319427,0.775672972202301,0.35240572690963745
YJR145C,YAL040C,0,0.630702,0.18084612488746643,0.775672972202301,0.35250574350357056
YDR012W,YMR008C,0,0.63042355,0.1808040887117386,0.775672972202301,0.35260578989982605
YNL288W,YDR242W,0,0.6299187,0.18076208233833313,0.775672972202301,0.35270580649375916
YOL132W,YCR089W,1,0.62986904,0.18095238506793976,0.776669979095459,0.35270580649375916
YGL251C,YHR168W,0,0.62957925,0.1809103637933731,0.776669979095459,0.35280585289001465
YJL225C,YLL029W,0,0.629534,0.18086835741996765,0.776669979095459,0.35290586948394775
YDR175C,YHR133C,0,0.6292954,0.1808263659477234,0.776669979095459,0.35300591588020325
YKL069W,YAL012W,0,0.6285218,0.1807844042778015,0.776669979095459,0.35310593247413635
YOR046C,YPR110C,0,0.62846106,0.18074245750904083,0.776669979095459,0.35320594906806946
YJL003W,YEL024W,0,0.62845147,0.18070054054260254,0.776669979095459,0.35330599546432495
YDR529C,YML094W,0,0.62776124,0.18065862357616425,0.776669979095459,0.35340601205825806
YML129C,YHL040C,0,0.6270019,0.18061673641204834,0.776669979095459,0.35350605845451355
YDL247W,YDL033C,0,0.6265862,0.18057487905025482,0.776669979095459,0.35360607504844666
YER044C-A,YMR158W,0,0.6265682,0.1805330216884613,0.776669979095459,0.35370612144470215
YHR132C,YHR099W,0,0.6263657,0.18049119412899017,0.776669979095459,0.35380613803863525
YHL011C,YOR219C,0,0.6259081,0.18044938147068024,0.776669979095459,0.35390618443489075
YIL111W,YDR179C,0,0.6251551,0.1804075986146927,0.776669979095459,0.35400620102882385
YKL164C,YFR031C,0,0.62405276,0.18036583065986633,0.776669979095459,0.35410621762275696
YMR268W-A,YNR048W,0,0.6237015,0.18032407760620117,0.776669979095459,0.35420626401901245
YER083C,YBR111W-A,0,0.6237015,0.1802823394536972,0.776669979095459,0.35430628061294556
YBR012W-A,YNL138W-A,0,0.6237015,0.18024063110351562,0.776669979095459,0.35440632700920105
YLR312C-B,YGR070W,0,0.6237015,0.18019893765449524,0.776669979095459,0.35450634360313416
YGR286C,YFL018W-A,0,0.6237015,0.18015725910663605,0.776669979095459,0.35460638999938965
YFL011W-A,YNL078W,0,0.6237015,0.18011561036109924,0.776669979095459,0.35470640659332275
YOR084W,YDR210W-C,0,0.6237015,0.18007397651672363,0.776669979095459,0.35480645298957825
YCL048W-A,YDR470C,0,0.6237015,0.18003235757350922,0.776669979095459,0.35490646958351135
YDR197W,YOR343C-A,0,0.6237015,0.179990753531456,0.776669979095459,0.35500651597976685
YPL096C-A,YLR139C,0,0.6237015,0.17994917929172516,0.776669979095459,0.35510653257369995
YLR391W,YMR251W-A,1,0.6237015,0.18013857305049896,0.7776669859886169,0.35510653257369995
YNL015W,YAR070W-A,0,0.6237015,0.18009696900844574,0.7776669859886169,0.35520654916763306
YCR029C-A,YPL213W,0,0.6237015,0.1800553947687149,0.7776669859886169,0.35530659556388855
YFL035C-A,YOR343W-A,0,0.6237015,0.18001385033130646,0.7776669859886169,0.35540661215782166
YDR296W,YDR210W-C,0,0.6237015,0.179972305893898,0.7776669859886169,0.35550665855407715
YER053C-A,YHR186C,0,0.6237015,0.17993079125881195,0.7776669859886169,0.35560667514801025
YIL009W,YHR214W-G,0,0.6237015,0.17988929152488708,0.7776669859886169,0.35570672154426575
YKL096W-A,YCL060C,0,0.6237015,0.1798478215932846,0.7776669859886169,0.35580673813819885
YCL048W-A,YDR437W,0,0.6237015,0.17980636656284332,0.7776669859886169,0.35590678453445435
YLR154W-C,YOR081C,0,0.6237015,0.17976492643356323,0.7776669859886169,0.35600680112838745
YOR396W,YIL109C,0,0.6237015,0.17972350120544434,0.7776669859886169,0.35610681772232056
YDR449C,YFL018W-A,0,0.6237015,0.17968210577964783,0.7776669859886169,0.35620686411857605
YKL210W,YFL018W-A,0,0.6237015,0.1796407252550125,0.7776669859886169,0.35630688071250916
YFR030W,YBR111W-A,0,0.6237015,0.1795993596315384,0.7776669859886169,0.35640692710876465
YJL012C-A,YML048W,0,0.6237015,0.17955800890922546,0.7776669859886169,0.35650694370269775
YDR207C,YIL017W,0,0.6237015,0.17951668798923492,0.7776669859886169,0.35660699009895325
YBL031W,YOR343C-A,0,0.6237015,0.17947538197040558,0.7776669859886169,0.35670700669288635
YGR031C-A,YBR075W,0,0.6237015,0.17943409085273743,0.7776669859886169,0.35680705308914185
YPR133W-A,YOR240W,0,0.6237015,0.17939282953739166,0.7776669859886169,0.35690706968307495
YFL035C-A,YAL030W,0,0.6237015,0.1793515682220459,0.7776669859886169,0.35700711607933044
YNL239W,YFL018W-A,0,0.6237015,0.17931035161018372,0.7776669859886169,0.35710713267326355
YBR200W-A,YCL043C,0,0.6237015,0.17926913499832153,0.7776669859886169,0.35720714926719666
YOL086W-A,YLR099C,0,0.6237015,0.17922794818878174,0.7776669859886169,0.35730719566345215
YLR313C,YDL134C-A,0,0.6237015,0.17918676137924194,0.7776669859886169,0.35740721225738525
YDR470C,YOR396W,0,0.6237015,0.17914561927318573,0.7776669859886169,0.35750725865364075
YML052W,YLR391W-A,1,0.6237015,0.1793341040611267,0.7786639928817749,0.35750725865364075
YDR381C-A,YNR070W,0,0.6237015,0.1792929321527481,0.7786639928817749,0.35760727524757385
YLR154W-C,YLR347C,0,0.6237015,0.1792517751455307,0.7786639928817749,0.35770732164382935
YLR154W-A,YOL145C,0,0.6237015,0.17921064794063568,0.7786639928817749,0.35780733823776245
YNL310C,YBR200W-A,0,0.6237015,0.17916953563690186,0.7786639928817749,0.35790738463401794
YBL037W,YFL018W-A,0,0.6237015,0.17912843823432922,0.7786639928817749,0.35800740122795105
YDR492W,YCR029C-A,0,0.6237015,0.17908737063407898,0.7786639928817749,0.35810741782188416
YFR015C,YCL005W-A,0,0.6237015,0.17904630303382874,0.7786639928817749,0.35820746421813965
YJL062W-A,YJL167W,0,0.6237015,0.17900526523590088,0.7786639928817749,0.35830748081207275
YCR094W,YOL053C-A,0,0.6237015,0.1789642572402954,0.7786639928817749,0.35840752720832825
YNR032C-A,YFL018W-A,0,0.6237015,0.17892324924468994,0.7786639928817749,0.35850754380226135
YFL035C-A,YML018C,0,0.6237015,0.17888227105140686,0.7786639928817749,0.35860759019851685
YOL138C,YJL012C-A,0,0.6237015,0.17884130775928497,0.7786639928817749,0.35870760679244995
YGL040C,YGL258W-A,0,0.6237015,0.17880035936832428,0.7786639928817749,0.35880765318870544
YLR441C,YJL133C-A,0,0.6237015,0.17875944077968597,0.7786639928817749,0.35890766978263855
YLR154W-A,YDR060W,0,0.6237015,0.17871853709220886,0.7786639928817749,0.35900771617889404
YFL035C-A,YER015W,0,0.6237015,0.17867764830589294,0.7786639928817749,0.35910773277282715
YDR014W-A,YJL225C,0,0.6237015,0.17863677442073822,0.7786639928817749,0.35920774936676025
YDR014W-A,YMR131C,0,0.6237015,0.17859593033790588,0.7786639928817749,0.35930779576301575
YLR312C-B,YPL090C,0,0.6237015,0.17855510115623474,0.7786639928817749,0.35940781235694885
YCL024W,YHR214W-G,0,0.6237015,0.1785142868757248,0.7786639928817749,0.35950785875320435
YDR014W-A,YDR308C,0,0.6237015,0.17847348749637604,0.7786639928817749,0.35960787534713745
YLR312C-B,YNL311C,0,0.6237015,0.17843271791934967,0.7786639928817749,0.35970792174339294
YJL066C,YFL035C-B,0,0.6237015,0.1783919632434845,0.7786639928817749,0.35980793833732605
YOL086W-A,YDL200C,0,0.6237015,0.17835122346878052,0.7786639928817749,0.35990798473358154
YGR031C-A,YGR036C,0,0.6237015,0.17831049859523773,0.7786639928817749,0.36000800132751465
YGR031C-A,YGR212W,0,0.6237015,0.17826980352401733,0.7786639928817749,0.36010801792144775
YIL171W,YGR031C-A,0,0.6237015,0.17822912335395813,0.7786639928817749,0.36020806431770325
YER090W,YER053C-A,0,0.6237015,0.17818845808506012,0.7786639928817749,0.36030808091163635
YMR306W,YDR320C-A,0,0.6237015,0.1781478077173233,0.7786639928817749,0.36040812730789185
YLR452C,YHR214W-G,0,0.6237015,0.17810718715190887,0.7786639928817749,0.36050814390182495
YLR176C,YDR210W-C,0,0.6237015,0.17806658148765564,0.7786639928817749,0.36060819029808044
YGL258W-A,YCR097WB,0,0.6237015,0.1780259907245636,0.7786639928817749,0.36070820689201355
YLR391W-A,YER011W,1,0.6237015,0.17821331322193146,0.7796609997749329,0.36070820689201355
YMR273C,YBR200W-A,0,0.6237015,0.17817270755767822,0.7796609997749329,0.36080825328826904
YPL143W,YFL035C-B,0,0.6237015,0.17813211679458618,0.7796609997749329,0.36090826988220215
YLR391W-A,YOL132W,1,0.6237015,0.1783192902803421,0.7806580066680908,0.36090826988220215
YOL077C,YFL011W-A,0,0.6237015,0.17827868461608887,0.7806580066680908,0.36100831627845764
YHR039C-B,YMR292W,0,0.6237015,0.17823810875415802,0.7806580066680908,0.36110833287239075
YNL080C,YGL258W-A,0,0.6237015,0.17819754779338837,0.7806580066680908,0.36120834946632385
YCR045C,YAR070W-A,0,0.6237015,0.1781570017337799,0.7806580066680908,0.36130839586257935
YCR012W,YHR214W-G,0,0.6237015,0.17811647057533264,0.7806580066680908,0.36140841245651245
YIL126W,YKL097W-A,0,0.6237015,0.17807595431804657,0.7806580066680908,0.36150845885276794
YLR391W-A,YJR151C,1,0.6237015,0.1782628446817398,0.7816550135612488,0.36150845885276794
YDR040C,YKR095W-A,0,0.6237015,0.17822232842445374,0.7816550135612488,0.36160847544670105
YPL096C-A,YBL026W,0,0.6237015,0.17818181216716766,0.7816550135612488,0.36170852184295654
YDR014W-A,YJL029C,0,0.6237015,0.17814132571220398,0.7816550135612488,0.36180853843688965
YOL053C-A,YOR232W,0,0.6237015,0.17810086905956268,0.7816550135612488,0.36190858483314514
YGL046W,YDR093W,0,0.6237015,0.1780604124069214,0.7816550135612488,0.36200860142707825
YIL147C,YOR396W,0,0.6237015,0.17801998555660248,0.7816550135612488,0.36210861802101135
YHR039C-B,YDR210W-C,0,0.6237015,0.17797957360744476,0.7816550135612488,0.36220866441726685
YJL012C-A,YMR019W,0,0.6237015,0.17793917655944824,0.7816550135612488,0.36230868101119995
YMR183C,YDR014W-A,0,0.6237015,0.17789879441261292,0.7816550135612488,0.36240872740745544
YER109C,YPL189C-A,0,0.6237015,0.17785844206809998,0.7816550135612488,0.36250874400138855
YJL065C,YOR343C-A,0,0.6237015,0.17781810462474823,0.7816550135612488,0.36260879039764404
YMR169C,YCL003W,0,0.6237015,0.17777778208255768,0.7816550135612488,0.36270880699157715
YCL025C,YCL005W-A,0,0.6237015,0.17773747444152832,0.7816550135612488,0.36280885338783264
YFL011W-A,YBL076C,0,0.6237015,0.17769719660282135,0.7816550135612488,0.36290886998176575
YHR214W-G,YKL154W,0,0.6237015,0.17765691876411438,0.7816550135612488,0.36300891637802124
YKL138C-A,YHR206W,0,0.6237015,0.1776166707277298,0.7816550135612488,0.36310893297195435
YAL011W,YCL005W-A,0,0.6237015,0.1775764375925064,0.7816550135612488,0.36320894956588745
YAR050W,YLR391W-A,1,0.6237015,0.1777626872062683,0.7826520204544067,0.36320894956588745
YML081W,YCL005W-A,0,0.6237015,0.17772243916988373,0.7826520204544067,0.36330899596214294
YOL086W-A,YBR187W,0,0.6237015,0.17768220603466034,0.7826520204544067,0.36340901255607605
YER151C,YNL138W-A,0,0.6237015,0.17764200270175934,0.7826520204544067,0.36350905895233154
YPR011C,YJL133C-A,0,0.6237015,0.17760181427001953,0.7826520204544067,0.36360907554626465
YCL048W-A,YGL198W,0,0.6237015,0.17756164073944092,0.7826520204544067,0.36370912194252014
YGR031C-A,YCL018W,0,0.6237015,0.1775214821100235,0.7826520204544067,0.36380913853645325
YIL011W,YLR391W-A,1,0.6237015,0.17770743370056152,0.7836490273475647,0.36380913853645325
YLR391W-A,YOL030W,1,0.6237015,0.17789331078529358,0.7846460342407227,0.36380913853645325
YML076C,YOR396W,0,0.6237015,0.17785310745239258,0.7846460342407227,0.36390918493270874
YLL013C,YFL035C-A,0,0.6237015,0.17781291902065277,0.7846460342407227,0.36400920152664185
YJL225C,YDR320C-A,0,0.6237015,0.17777276039123535,0.7846460342407227,0.36410921812057495
YKL138C-A,YPL269W,0,0.6237015,0.17773261666297913,0.7846460342407227,0.36420926451683044
YKL138C-A,YLR079W,0,0.6237015,0.1776924878358841,0.7846460342407227,0.36430928111076355
YGR044C,YJL012C-A,0,0.6237015,0.17765237390995026,0.7846460342407227,0.36440932750701904
YJL021C,YFL029C,0,0.6237015,0.1776122748851776,0.7846460342407227,0.36450934410095215
YAR070W-A,YBL076C,0,0.6237015,0.17757220566272736,0.7846460342407227,0.36460939049720764
YLR154W-C,YGR097W,0,0.6237015,0.1775321513414383,0.7846460342407227,0.36470940709114075
YLR158C,YFL018W-A,0,0.6237015,0.17749211192131042,0.7846460342407227,0.36480945348739624
YPR108W,YJL012C-A,0,0.6237015,0.17745208740234375,0.7846460342407227,0.36490947008132935
YMR143W,YBR233W-A,0,0.6237015,0.17741207778453827,0.7846460342407227,0.36500951647758484
YDR312W,YPL189C-A,0,0.6237015,0.17737209796905518,0.7846460342407227,0.36510953307151794
YPL096C-A,YER137C,0,0.6237015,0.17733213305473328,0.7846460342407227,0.36520954966545105
YJL012C-A,YLR287C-A,0,0.6237015,0.17729218304157257,0.7846460342407227,0.36530959606170654
YJL012C-A,YBR281C,0,0.6237015,0.17725224792957306,0.7846460342407227,0.36540961265563965
YGL090W,YPL189C-A,0,0.6237015,0.17721234261989594,0.7846460342407227,0.36550965905189514
YMR297W,YDR210W-C,0,0.6237015,0.17717245221138,0.7846460342407227,0.36560967564582825
YBR200W-A,YPL200W,0,0.6237015,0.17713256180286407,0.7846460342407227,0.36570972204208374
YLR333C,YGL258W-A,0,0.6237015,0.17709271609783173,0.7846460342407227,0.36580973863601685
YOL053C-A,YLR024C,0,0.6237015,0.17705287039279938,0.7846460342407227,0.36590978503227234
YGL258W-A,YMR122W-A,0,0.6237015,0.17701303958892822,0.7846460342407227,0.36600980162620544
YGR099W,YBR200W-A,0,0.6237015,0.17697323858737946,0.7846460342407227,0.36610981822013855
YOL086W-A,YKL052C,0,0.6237015,0.17693345248699188,0.7846460342407227,0.36620986461639404
YML005W,YOR343C-A,0,0.6237015,0.1768936812877655,0.7846460342407227,0.36630988121032715
YBR058C-A,YDR170W-A,0,0.6237015,0.1768539398908615,0.7846460342407227,0.36640992760658264
YER108C,YKR072C,0,0.6237015,0.17681419849395752,0.7846460342407227,0.36650994420051575
YBR111W-A,YIL119C,0,0.6237015,0.17677448689937592,0.7846460342407227,0.36660999059677124
YKL203C,YBR200W-A,0,0.6237015,0.1767347902059555,0.7846460342407227,0.36671000719070435
YDL067C,YCR029C-A,0,0.6237015,0.1766951084136963,0.7846460342407227,0.36681005358695984
YJL162C,YER053C-A,0,0.6237015,0.17665544152259827,0.7846460342407227,0.36691007018089294
YDR014W-A,YJL155C,0,0.6237015,0.17661580443382263,0.7846460342407227,0.36701011657714844
YCL051W,YLR391W-A,1,0.6237015,0.17680053412914276,0.7856430411338806,0.36701011657714844
YOL086W-A,YDR399W,0,0.6237015,0.17676088213920593,0.7856430411338806,0.36711013317108154
YBR111W-A,YHR207C,0,0.6237015,0.1767212450504303,0.7856430411338806,0.36721014976501465
YMR006C,YKL097W-A,1,0.6237015,0.1769058257341385,0.7866401076316833,0.36721014976501465
YBR038W,YDR210W-C,0,0.6237015,0.17686617374420166,0.7866401076316833,0.36731019616127014
YGL258W-A,YDR262W,0,0.6237015,0.17682653665542603,0.7866401076316833,0.36741021275520325
YFR037C,YBR111W-A,0,0.6237015,0.17678691446781158,0.7866401076316833,0.36751025915145874
YDR380W,YOL053C-A,0,0.6237015,0.17674730718135834,0.7866401076316833,0.36761027574539185
YDR210W-C,YJL071W,0,0.6237015,0.17670772969722748,0.7866401076316833,0.36771032214164734
YLR223C,YOR343C-A,0,0.6237015,0.17666815221309662,0.7866401076316833,0.36781033873558044
YLR391W-A,YGL032C,1,0.6237015,0.17685247957706451,0.7876371145248413,0.36781033873558044
YPL257W-B,YJL133C-A,0,0.6237015,0.17681288719177246,0.7876371145248413,0.36791038513183594
YMR165C,YCL060C,0,0.6237015,0.1767733246088028,0.7876371145248413,0.36801040172576904
YOL053C-A,YOR224C,0,0.6237015,0.17673377692699432,0.7876371145248413,0.36811041831970215
YGR031C-A,YPR131C,0,0.6237015,0.17669425904750824,0.7876371145248413,0.36821046471595764
YML058W-A,YCL005W-A,0,0.6237015,0.17665474116802216,0.7876371145248413,0.36831048130989075
YLR391W-A,YNL242W,0,0.6237015,0.17661525309085846,0.7876371145248413,0.36841052770614624
YOL086W-A,YMR182C,0,0.6237015,0.17657576501369476,0.7876371145248413,0.36851054430007935
YGR276C,YDR210W-C,0,0.6237015,0.17653630673885345,0.7876371145248413,0.36861059069633484
YLR154W-A,YGL195W,0,0.6237015,0.17649687826633453,0.7876371145248413,0.36871060729026794
YOL086W-A,YNL048W,0,0.6237015,0.1764574497938156,0.7876371145248413,0.36881065368652344
YOL086W-A,YBL100W-B,0,0.6237015,0.17641805112361908,0.7876371145248413,0.36891067028045654
YPL096C-A,YGR124W,0,0.6237015,0.17637865245342255,0.7876371145248413,0.36901071667671204
YKR095W-A,YCR002C,0,0.6237015,0.1763392835855484,0.7876371145248413,0.36911073327064514
YGR175C,YFL011W-A,0,0.6237015,0.17629992961883545,0.7876371145248413,0.36921074986457825
YLR391W-A,YLR155C,1,0.6237015,0.17648370563983917,0.7886341214179993,0.36921074986457825
YKR095W-A,YJR046W,0,0.6237015,0.17644435167312622,0.7886341214179993,0.36931079626083374
YBR059C,YBR111W-A,0,0.6237015,0.17640499770641327,0.7886341214179993,0.36941081285476685
YFL035C-A,YLR263W,0,0.6237015,0.1763656586408615,0.7886341214179993,0.36951085925102234
YLR391W-A,YNL066W,1,0.6237015,0.1765492707490921,0.7896311283111572,0.36951085925102234
YDR014W-A,YNR017W,0,0.6237015,0.17650991678237915,0.7896311283111572,0.36961087584495544
YNL001W,YPL189C-A,0,0.6237015,0.1764705926179886,0.7896311283111572,0.36971092224121094
YDR014W-A,YJR097W,0,0.6237015,0.17643128335475922,0.7896311283111572,0.36981093883514404
YOL069W,YPL189C-A,0,0.6237015,0.17639198899269104,0.7896311283111572,0.36991098523139954
YHR138C,YLR154W-A,0,0.6237015,0.17635270953178406,0.7896311283111572,0.37001100182533264
YLR363C,YFL011W-A,0,0.6237015,0.17631344497203827,0.7896311283111572,0.37011101841926575
YKL168C,YDL134C-A,0,0.6237015,0.17627421021461487,0.7896311283111572,0.37021106481552124
YBR200W-A,YLR209C,0,0.6237015,0.17623497545719147,0.7896311283111572,0.37031108140945435
YCL003W,YJL109C,0,0.6237015,0.17619577050209045,0.7896311283111572,0.37041112780570984
YBR200W-A,YJR112W,0,0.6237015,0.17615658044815063,0.7896311283111572,0.37051114439964294
YKL138C-A,YGL210W,0,0.6237015,0.176117405295372,0.7896311283111572,0.37061119079589844
YLR390W-A,YLR391W,1,0.6237015,0.17630058526992798,0.7906281352043152,0.37061119079589844
YDR245W,YLR154W-A,0,0.6237015,0.17626139521598816,0.7906281352043152,0.37071120738983154
YJR133W,YJL133C-A,0,0.6237015,0.17622222006320953,0.7906281352043152,0.37081125378608704
YLR154W-C,YKR077W,0,0.6237015,0.1761830747127533,0.7906281352043152,0.37091127038002014
YGR031C-A,YMR076C,0,0.6237015,0.17614392936229706,0.7906281352043152,0.37101131677627563
YIL123W,YLR391W-A,1,0.6237015,0.17632688581943512,0.7916251420974731,0.37101131677627563
YKL138C-A,YJL197W,0,0.6237015,0.17628774046897888,0.7916251420974731,0.37111133337020874
YAL011W,YDL134C-A,0,0.6237015,0.17624861001968384,0.7916251420974731,0.37121134996414185
YFL035C,YGL126W,0,0.6237015,0.17620949447155,0.7916251420974731,0.37131139636039734
YGL258W-A,YOL066C,0,0.6237015,0.17617040872573853,0.7916251420974731,0.37141141295433044
YPL103C,YKR095W-A,0,0.6237015,0.17613132297992706,0.7916251420974731,0.37151145935058594
YDR210W-C,YKL095W,0,0.6237015,0.176092267036438,0.7916251420974731,0.37161147594451904
YMR033W,YIL017W,0,0.6237015,0.1760532110929489,0.7916251420974731,0.37171152234077454
YGL067W,YER053C-A,0,0.6237015,0.17601418495178223,0.7916251420974731,0.37181153893470764
YJL012C-A,YML098W,0,0.6237015,0.17597517371177673,0.7916251420974731,0.37191158533096313
YCL048W-A,YLR451W,0,0.6237015,0.17593617737293243,0.7916251420974731,0.37201160192489624
YLR154W-A,YMR075W,0,0.6237015,0.17589721083641052,0.7916251420974731,0.37211164832115173
YFL035C-A,YDR453C,0,0.6237015,0.1758582442998886,0.7916251420974731,0.37221166491508484
YPR060C,YCR029C-A,0,0.6237015,0.1758193075656891,0.7916251420974731,0.37231168150901794
YDL134C-A,YDL202W,0,0.6237015,0.17578038573265076,0.7916251420974731,0.37241172790527344
YLR391W-A,YGR059W,1,0.6237015,0.17596282064914703,0.7926221489906311,0.37241172790527344
YGR031C-A,YPL113C,0,0.6237015,0.1759238839149475,0.7926221489906311,0.37251174449920654
YJL133C-A,YDR342C,0,0.6237015,0.17588496208190918,0.7926221489906311,0.37261179089546204
YNR033W,YLR154W-A,0,0.6237015,0.17584605515003204,0.7926221489906311,0.37271180748939514
YPR108W,YOR343C-A,0,0.6237015,0.1758071631193161,0.7926221489906311,0.37281185388565063
YMR311C,YCL005W-A,0,0.6237015,0.17576830089092255,0.7926221489906311,0.37291187047958374
YNL138W-A,YDR276C,0,0.6237015,0.175729438662529,0.7926221489906311,0.37301191687583923
YDR014W-A,YDR496C,0,0.6237015,0.17569060623645782,0.7926221489906311,0.37311193346977234
YKL141W,YLR154W-A,0,0.6237015,0.17565178871154785,0.7926221489906311,0.37321195006370544
YDL215C,YNL138W-A,0,0.6237015,0.17561298608779907,0.7926221489906311,0.37331199645996094
YKL138C-A,YNL214W,0,0.6237015,0.1755741983652115,0.7926221489906311,0.37341201305389404
YLR391W-A,YLR391W,1,0.6237015,0.17575623095035553,0.7936191558837891,0.37341201305389404
YOL086W-A,YGR081C,0,0.6237015,0.17571744322776794,0.7936191558837891,0.37351205945014954
YMR268W-A,YKL206C,0,0.6237015,0.17567865550518036,0.7936191558837891,0.37361207604408264
YCL048W-A,YPR158C-C,0,0.6237015,0.17563989758491516,0.7936191558837891,0.37371212244033813
YKR054C,YKR095W-A,0,0.6237015,0.17560115456581116,0.7936191558837891,0.37381213903427124
YLR164W,YGR031C-A,0,0.6237015,0.17556241154670715,0.7936191558837891,0.37391218543052673
YMR268W-A,YAL034W-A,0,0.6237015,0.17552369832992554,0.7936191558837891,0.37401220202445984
YLR438C-A,YKL097W-A,0,0.6237015,0.1754850149154663,0.7936191558837891,0.37411224842071533
YFL035C-A,YKL103C,0,0.6237015,0.17544633150100708,0.7936191558837891,0.37421226501464844
YDL101C,YFL011W-A,0,0.6237015,0.17540766298770905,0.7936191558837891,0.37431228160858154
YBR200W-A,YOR046C,0,0.6237015,0.1753690242767334,0.7936191558837891,0.37441232800483704
YMR268W-A,YDR315C,0,0.6237015,0.17533040046691895,0.7936191558837891,0.37451234459877014
YLR391W-A,YPR026W,1,0.6237015,0.17551200091838837,0.794616162776947,0.37451234459877014
YLR391W-A,YML091C,0,0.6237015,0.17547336220741272,0.794616162776947,0.37461239099502563
YFL035C-A,YOR320C,0,0.6237015,0.17543473839759827,0.794616162776947,0.37471240758895874
YLR381W,YIL017W,0,0.6237015,0.175396129488945,0.794616162776947,0.37481245398521423
YKL138C-A,YOR195W,0,0.6237015,0.17535753548145294,0.794616162776947,0.37491247057914734
YCR080W,YGL141W,0,0.6237015,0.17531895637512207,0.794616162776947,0.37501251697540283
YKR095W-A,YFR031C-A,0,0.6237015,0.1752804070711136,0.794616162776947,0.37511253356933594
YLR312C-B,YDR362C,0,0.6237015,0.1752418577671051,0.794616162776947,0.37521255016326904
YFL035C-A,YNL115C,0,0.6237015,0.175203338265419,0.794616162776947,0.37531259655952454
YKL217W,YDR210W-C,0,0.6237015,0.1751648336648941,0.794616162776947,0.37541261315345764
YCL048W-A,YJR041C,0,0.6237015,0.1751263439655304,0.794616162776947,0.37551265954971313
YKL158W,YLR113W,0,0.6229553,0.17508786916732788,0.794616162776947,0.37561267614364624
YER137C,YDR256C,0,0.62287295,0.17504942417144775,0.794616162776947,0.37571272253990173
YLR088W,YFR047C,0,0.6226394,0.17501097917556763,0.794616162776947,0.37581273913383484
YMR276W,YMR045C,0,0.62257564,0.1749725639820099,0.794616162776947,0.37591278553009033
YGR177C,YGR241C,0,0.6223997,0.17493414878845215,0.794616162776947,0.37601280212402344
YDR025W,YLR056W,0,0.6223272,0.1748957633972168,0.794616162776947,0.37611284852027893
YNL261W,YJL172W,0,0.622291,0.17485739290714264,0.794616162776947,0.37621286511421204
YDR103W,YDR299W,0,0.62196845,0.17481903731822968,0.794616162776947,0.37631288170814514
YPL226W,YEL020W-A,0,0.62195337,0.1747806966304779,0.794616162776947,0.37641292810440063
YIL126W,YER145C,0,0.6219243,0.17474238574504852,0.794616162776947,0.37651294469833374
YLR256W-A,YKL011C,0,0.62192327,0.17470407485961914,0.794616162776947,0.37661299109458923
YNL304W,YJR016C,0,0.62168676,0.17466579377651215,0.794616162776947,0.37671300768852234
YHR079C-B,YPL048W,0,0.62065345,0.17462751269340515,0.794616162776947,0.37681305408477783
YOR228C,YPR080W,0,0.6205264,0.17458926141262054,0.794616162776947,0.37691307067871094
YOL158C,YHR119W,0,0.6204416,0.17455102503299713,0.794616162776947,0.37701311707496643
YCL060C,YOL109W,0,0.619779,0.1745128035545349,0.794616162776947,0.37711313366889954
YCL060C,YOR267C,0,0.61968285,0.17447461187839508,0.794616162776947,0.37721315026283264
YHR190W,YER148W,0,0.6185758,0.17443642020225525,0.794616162776947,0.37731319665908813
YDR365W-A,YLR008C,0,0.61750066,0.1743982434272766,0.794616162776947,0.37741321325302124
YOR246C,YFL005W,0,0.6174727,0.17436009645462036,0.794616162776947,0.37751325964927673
YGR027C,YBL101W-B,0,0.6174555,0.1743219643831253,0.794616162776947,0.37761327624320984
YNR071C,YOL062C,0,0.61745524,0.17428384721279144,0.794616162776947,0.37771332263946533
YER150W,YLR308W,1,0.6172224,0.1744643598794937,0.795613169670105,0.37771332263946533
YJR060W,YBR205W,0,0.6166833,0.17442622780799866,0.795613169670105,0.37781333923339844
YNL284C-A,YBL092W,0,0.616372,0.1743881106376648,0.795613169670105,0.37791338562965393
YOL011W,YER106W,0,0.6162313,0.17435000836849213,0.795613169670105,0.37801340222358704
YPL154C,YPR042C,0,0.61508834,0.17431192100048065,0.795613169670105,0.37811344861984253
YNL127W,YLL035W,0,0.61499286,0.17427386343479156,0.795613169670105,0.37821346521377563
YPR026W,YAL011W,0,0.6137014,0.17423580586910248,0.795613169670105,0.37831348180770874
YBR100W,YFR003C,0,0.6134896,0.17419777810573578,0.795613169670105,0.37841352820396423
YOR190W,YKR102W,1,0.6129091,0.17437800765037537,0.7966101765632629,0.37841352820396423
YNL061W,YEL050C,0,0.61189234,0.17433995008468628,0.7966101765632629,0.37851354479789734
YOR079C,YDR052C,0,0.61128604,0.17430192232131958,0.7966101765632629,0.37861359119415283
YDR384C,YKL206C,0,0.6106061,0.17426390945911407,0.7966101765632629,0.37871360778808594
YNL051W,YGR161C-D,0,0.61052454,0.17422591149806976,0.7966101765632629,0.37881365418434143
YDL039C,YBR041W,0,0.610135,0.17418792843818665,0.7966101765632629,0.37891367077827454
YHR086W,YER087C-B,0,0.61002207,0.17414996027946472,0.7966101765632629,0.37901371717453003
YOR380W,YMR045C,0,0.6100186,0.174112007021904,0.7966101765632629,0.37911373376846313
YKL165C,YJR076C,1,0.60874164,0.1742919385433197,0.7976071834564209,0.37911373376846313
YLR300W,YKL097W-A,1,0.6082153,0.17447179555892944,0.7986041903495789,0.37911373376846313
YMR094W,YOR240W,0,0.60816777,0.17443379759788513,0.7986041903495789,0.37921375036239624
YPL234C,YML058W-A,0,0.60816157,0.17439581453800201,0.7986041903495789,0.37931379675865173
YER120W,YKL168C,0,0.60738194,0.17435786128044128,0.7986041903495789,0.37941381335258484
YGR061C,YJR135W-A,0,0.60662353,0.17431990802288055,0.7986041903495789,0.37951385974884033
YDL021W,YPL262W,0,0.606583,0.1742819845676422,0.7986041903495789,0.37961387634277344
YKL097W-A,YIR039C,1,0.6059404,0.17446160316467285,0.7996011972427368,0.37961387634277344
YCL017C,YDL100C,0,0.6055544,0.17442366480827332,0.7996011972427368,0.37971392273902893
YOR192C-B,YER014W,0,0.60546607,0.17438574135303497,0.7996011972427368,0.37981393933296204
YAL039C,YOR065W,0,0.6042209,0.17434783279895782,0.7996011972427368,0.37991398572921753
YCR024C,YBR066C,0,0.60378575,0.17430993914604187,0.7996011972427368,0.38001400232315063
YOR301W,YDR105C,0,0.60368806,0.1742720603942871,0.7996011972427368,0.38011404871940613
YNL102W,YJR070C,0,0.6032384,0.17423419654369354,0.7996011972427368,0.38021406531333923
YDR104C,YKL097W-A,1,0.60236955,0.1744135469198227,0.8005982041358948,0.38021406531333923
YOR034C,YJR094W-A,0,0.6023607,0.17437568306922913,0.8005982041358948,0.38031408190727234
YHR010W,YNL119W,0,0.60229814,0.17433781921863556,0.8005982041358948,0.38041412830352783
YCL001W,YER180C,0,0.6020161,0.17429998517036438,0.8005982041358948,0.38051414489746094
YLR385C,YGL168W,0,0.60040677,0.1742621511220932,0.8005982041358948,0.38061419129371643
YDR210C-C,YMR061W,0,0.6003648,0.1742243468761444,0.8005982041358948,0.38071420788764954
YMR203W,YDL115C,0,0.5996914,0.1741865575313568,0.8005982041358948,0.38081425428390503
YDL046W,YHR079C-B,0,0.5984856,0.1741487681865692,0.8005982041358948,0.38091427087783813
YOR191W,YNR067C,0,0.5983442,0.174111008644104,0.8005982041358948,0.38101431727409363
YNL135C,YMR072W,0,0.59794724,0.1740732640028,0.8005982041358948,0.38111433386802673
YOR010C,YKL097W-A,1,0.59733295,0.17425227165222168,0.8015952110290527,0.38111433386802673
YBL056W,YDL231C,0,0.597116,0.17421451210975647,0.8015952110290527,0.38121435046195984
YNL243W,YFR037C,0,0.59659785,0.17417678236961365,0.8015952110290527,0.38131439685821533
YKL164C,YKL097W-A,1,0.59623337,0.1743556410074234,0.8025922179222107,0.38131439685821533
YBR067C,YMR238W,1,0.5951949,0.17453442513942719,0.8035892248153687,0.38131439685821533
YEL027W,YIL134W,0,0.5949133,0.17449665069580078,0.8035892248153687,0.38141441345214844
YOR327C,YCL003W,0,0.59456617,0.17445887625217438,0.8035892248153687,0.38151445984840393
YFL057C,YAL054C,0,0.5941435,0.17442111670970917,0.8035892248153687,0.38161447644233704
YER148W,YCR058C,0,0.5941422,0.17438338696956635,0.8035892248153687,0.38171452283859253
YMR177W,YBL010C,0,0.5940554,0.17434565722942352,0.8035892248153687,0.38181453943252563
YCL060C,YOR310C,0,0.5939057,0.1743079572916031,0.8035892248153687,0.38191458582878113
YDR414C,YDR098C-A,0,0.5937255,0.17427027225494385,0.8035892248153687,0.38201460242271423
YBR193C,YNL111C,0,0.59322643,0.1742326021194458,0.8035892248153687,0.3821146488189697
YER033C,YLR181C,0,0.59280527,0.17419494688510895,0.8035892248153687,0.38221466541290283
YMR233W,YOL002C,0,0.5927967,0.1741573065519333,0.8035892248153687,0.38231468200683594
YNR044W,YKR002W,0,0.59279156,0.17411968111991882,0.8035892248153687,0.38241472840309143
YDR410C,YAL033W,0,0.5927199,0.17408207058906555,0.8035892248153687,0.38251474499702454
YGL180W,YAR033W,0,0.5908587,0.17404448986053467,0.8035892248153687,0.38261479139328003
YGR296W,YLR187W,0,0.59077823,0.17400690913200378,0.8035892248153687,0.38271480798721313
YMR232W,YBR100W,0,0.5903368,0.1739693433046341,0.8035892248153687,0.38281485438346863
YOR091W,YER081W,0,0.5899605,0.1739318072795868,0.8035892248153687,0.38291487097740173
YMR160W,YIL056W,0,0.58930385,0.17389428615570068,0.8035892248153687,0.3830149173736572
YDR028C,YOL078W,0,0.588895,0.17385677993297577,0.8035892248153687,0.38311493396759033
YHR039C-B,YDR343C,0,0.587984,0.17381927371025085,0.8035892248153687,0.38321495056152344
YJL006C,YER127W,0,0.5879209,0.17378179728984833,0.8035892248153687,0.38331499695777893
YMR004W,YKR020W,0,0.5878608,0.173744335770607,0.8035892248153687,0.38341501355171204
YDR083W,YOR240W,0,0.586378,0.17370688915252686,0.8035892248153687,0.38351505994796753
YKL164C,YNR067C,1,0.5863502,0.17388494312763214,0.8045862317085266,0.38351505994796753
YKL164C,YLR213C,1,0.5850123,0.17406290769577026,0.8055832386016846,0.38351505994796753
YEL056W,YIR018W,0,0.5848695,0.17402541637420654,0.8055832386016846,0.38361507654190063
YDR313C,YNL304W,0,0.5842358,0.17398793995380402,0.8055832386016846,0.38371512293815613
YOL117W,YDR251W,0,0.5837228,0.17395047843456268,0.8055832386016846,0.38381513953208923
YKR048C,YJR054W,0,0.582958,0.17391304671764374,0.8055832386016846,0.3839151859283447
YHR150W,YKL116C,0,0.5828284,0.1738756150007248,0.8055832386016846,0.38401520252227783
YBR030W,YCR097WB,0,0.5823394,0.17383821308612823,0.8055832386016846,0.3841152489185333
YLR097C,YMR289W,0,0.58211124,0.17380081117153168,0.8055832386016846,0.38421526551246643
YKR097W,YDL091C,0,0.5811479,0.1737634390592575,0.8055832386016846,0.38431528210639954
YBL090W,YLR001C,0,0.58111095,0.17372608184814453,0.8055832386016846,0.38441532850265503
YJL213W,YBR289W,0,0.58062583,0.17368873953819275,0.8055832386016846,0.38451534509658813
YML106W,YGR071C,0,0.579865,0.17365141212940216,0.8055832386016846,0.38461539149284363
YHR017W,YIL017W,0,0.5789119,0.17361409962177277,0.8055832386016846,0.38471540808677673
YNL216W,YER091C,0,0.5788648,0.17357680201530457,0.8055832386016846,0.3848154544830322
YOR192C-B,YHR011W,0,0.57885885,0.17353951930999756,0.8055832386016846,0.38491547107696533
YHR214C-C,YJL143W,0,0.5785277,0.17350225150585175,0.8055832386016846,0.3850155174732208
YDR500C,YDR261W-B,0,0.578478,0.17346501350402832,0.8055832386016846,0.38511553406715393
YBR268W,YDR224C,0,0.5781907,0.1734277755022049,0.8055832386016846,0.38521555066108704
YLR382C,YHR158C,0,0.5773561,0.17339055240154266,0.8055832386016846,0.38531559705734253
YHR167W,YDR276C,0,0.57699394,0.17335335910320282,0.8055832386016846,0.38541561365127563
YMR101C,YDR204W,0,0.5769165,0.17331618070602417,0.8055832386016846,0.38551566004753113
YDL095W,YDR306C,0,0.5763756,0.17327900230884552,0.8055832386016846,0.38561567664146423
YOR214C,YNL300W,1,0.5761548,0.17345626652240753,0.8065802454948425,0.38561567664146423
YNL278W,YJL089W,0,0.57501245,0.1734190732240677,0.8065802454948425,0.3857157230377197
YOR247W,YKL097W-A,1,0.5748209,0.17359623312950134,0.8075772523880005,0.3857157230377197
YKL158W,YPL254W,0,0.57437456,0.1735590249300003,0.8075772523880005,0.38581573963165283
YER108C,YPL010W,0,0.57408637,0.17352184653282166,0.8075772523880005,0.3859157860279083
YPL168W,YGL103W,0,0.5737311,0.1734846830368042,0.8075772523880005,0.38601580262184143
YDR261W-A,YDL006W,0,0.573686,0.17344753444194794,0.8075772523880005,0.3861158490180969
YDR419W,YLR249W,0,0.5730772,0.17341040074825287,0.8075772523880005,0.38621586561203003
YIL075C,YKR034W,0,0.57304364,0.173373281955719,0.8075772523880005,0.38631588220596313
YML096W,YGL046W,0,0.57207525,0.1733361929655075,0.8075772523880005,0.38641592860221863
YMR130W,YMR274C,0,0.57111967,0.17329910397529602,0.8075772523880005,0.38651594519615173
YGL198W,YMR145C,0,0.5708397,0.17326202988624573,0.8075772523880005,0.3866159915924072
YHR010W,YGL163C,0,0.5708388,0.17322498559951782,0.8075772523880005,0.38671600818634033
YDR060W,YJR016C,0,0.57068795,0.17318794131278992,0.8075772523880005,0.3868160545825958
YAL022C,YPR016C,0,0.5701143,0.1731509119272232,0.8075772523880005,0.38691607117652893
YCL069W,YMR136W,0,0.57008606,0.17311391234397888,0.8075772523880005,0.3870161175727844
YLR028C,YJL087C,0,0.5692276,0.17307692766189575,0.8075772523880005,0.38711613416671753
YMR305C,YKL097W-A,1,0.5691279,0.17325358092784882,0.8085742592811584,0.38711613416671753
YLR256W-A,YDR328C,0,0.5691194,0.1732165813446045,0.8085742592811584,0.38721615076065063
YPR118W,YLR098C,0,0.5689754,0.17317958176136017,0.8085742592811584,0.38731619715690613
YBL055C,YFR024C,0,0.5687379,0.17314261198043823,0.8085742592811584,0.38741621375083923
YPR148C,YER108C,0,0.56860316,0.1731056571006775,0.8085742592811584,0.3875162601470947
YCR107W,YPL028W,0,0.56824,0.17306871712207794,0.8085742592811584,0.38761627674102783
YKL199C,YOL145C,0,0.56746024,0.1730317920446396,0.8085742592811584,0.3877163231372833
YFL044C,YER005W,0,0.56681347,0.17299488186836243,0.8085742592811584,0.38781633973121643
YHL035C,YGL169W,0,0.56658596,0.17295798659324646,0.8085742592811584,0.3879163861274719
YIR025W,YOR065W,0,0.5655563,0.1729211062192917,0.8085742592811584,0.38801640272140503
YJL025W,YKL103C,0,0.565207,0.1728842407464981,0.8085742592811584,0.3881164491176605
YBR118W,YBL101W-B,0,0.56516796,0.17284740507602692,0.8085742592811584,0.38821646571159363
YOR187W,YBR301W,0,0.5648855,0.17281056940555573,0.8085742592811584,0.38831648230552673
YPL195W,YGL004C,0,0.5638997,0.17277374863624573,0.8085742592811584,0.3884165287017822
YHL012W,YDR254W,0,0.56386423,0.17273695766925812,0.8085742592811584,0.38851654529571533
YJR006W,YIL017W,0,0.5628291,0.1727001667022705,0.8085742592811584,0.3886165916919708
YER112W,YCR055C,0,0.5625156,0.17266340553760529,0.8085742592811584,0.38871660828590393
YOR283W,YDR054C,0,0.56249774,0.17262664437294006,0.8085742592811584,0.3888166546821594
YCL060C,YOR374W,0,0.5620047,0.17258991301059723,0.8085742592811584,0.38891667127609253
YIR014W,YGL120C,0,0.56159747,0.1725531965494156,0.8085742592811584,0.389016717672348
YMR006C,YNR044W,1,0.5614383,0.17272920906543732,0.8095712661743164,0.389016717672348
YHR185C,YDR415C,0,0.56073225,0.17269247770309448,0.8095712661743164,0.38911673426628113
YCR021C,YHR039C-B,0,0.56053543,0.17265574634075165,0.8095712661743164,0.38921675086021423
YBR118W,YKL171W,0,0.5604753,0.1726190447807312,0.8095712661743164,0.3893167972564697
YML028W,YJR036C,0,0.5603591,0.17258235812187195,0.8095712661743164,0.38941681385040283
YDR011W,YDL243C,0,0.5602815,0.1725456863641739,0.8095712661743164,0.3895168602466583
YGL003C,YDR479C,0,0.5602661,0.17250902950763702,0.8095712661743164,0.38961687684059143
YPR026W,YLR037C,1,0.5600982,0.17268478870391846,0.8105682730674744,0.38961687684059143
YDL054C,YGR272C,0,0.5598195,0.1726481169462204,0.8105682730674744,0.3897169232368469
YML132W,YHR067W,0,0.55948436,0.17261146008968353,0.8105682730674744,0.38981693983078003
YJL045W,YLR207W,0,0.55921555,0.17257481813430786,0.8105682730674744,0.3899169862270355
YMR133W,YPL028W,0,0.5583814,0.17253820598125458,0.8105682730674744,0.39001700282096863
YHL027W,YKL097W-A,0,0.5582734,0.1725015938282013,0.8105682730674744,0.3901170492172241
YBR247C,YDL006W,0,0.5580921,0.1724649965763092,0.8105682730674744,0.3902170658111572
YJR004C,YLR391W,1,0.5579184,0.17264050245285034,0.8115652799606323,0.3902170658111572
YLR214W,YPR010C,0,0.55788636,0.17260390520095825,0.8115652799606323,0.39031708240509033
YLR308W,YMR238W,1,0.5575905,0.17277930676937103,0.8125622868537903,0.39031708240509033
YHR164C,YJL019W,0,0.55694616,0.17274269461631775,0.8125622868537903,0.3904171288013458
YDL164C,YOR167C,0,0.55692947,0.17270608246326447,0.8125622868537903,0.39051714539527893
YOR337W,YHR047C,0,0.55667996,0.17266948521137238,0.8125622868537903,0.3906171917915344
YER055C,YCR060W,0,0.5561651,0.17263291776180267,0.8125622868537903,0.39071720838546753
YIL011W,YGR279C,1,0.5560478,0.17280812561511993,0.8135592937469482,0.39071720838546753
YPR137W,YCR097WB,0,0.55536485,0.17277154326438904,0.8135592937469482,0.390817254781723
YHR012W,YIL075C,0,0.55520046,0.17273497581481934,0.8135592937469482,0.39091727137565613
YEL017C-A,YJR026W,0,0.55436337,0.17269840836524963,0.8135592937469482,0.3910173177719116
YML043C,YHR082C,0,0.554155,0.17266187071800232,0.8135592937469482,0.3911173343658447
YGR272C,YAL024C,0,0.55356836,0.1726253479719162,0.8135592937469482,0.39121735095977783
YCR058C,YGL253W,0,0.5535232,0.17258882522583008,0.8135592937469482,0.3913173973560333
YOR272W,YPL171C,0,0.5533573,0.17255233228206635,0.8135592937469482,0.39141741394996643
YBR193C,YLR389C,0,0.55316055,0.1725158542394638,0.8135592937469482,0.3915174603462219
YBR177C,YCR016W,0,0.55299115,0.17247939109802246,0.8135592937469482,0.39161747694015503
YDR031W,YMR300C,0,0.5529306,0.1724429428577423,0.8135592937469482,0.3917175233364105
YGL046W,YER139C,0,0.55281466,0.17240650951862335,0.8135592937469482,0.39181753993034363
YOL129W,YKL100C,0,0.5526719,0.1723700910806656,0.8135592937469482,0.3919175863265991
YHR167W,YDR298C,0,0.55265284,0.17233368754386902,0.8135592937469482,0.3920176029205322
YCR080W,YJL044C,0,0.5524759,0.17229729890823364,0.8135592937469482,0.3921176493167877
YBR067C,YLR110C,1,0.55205667,0.1724720299243927,0.814556360244751,0.3921176493167877
YLR391W,YJL174W,1,0.55136883,0.1726466864347458,0.8155533671379089,0.3921176493167877
YKL158W,YLR220W,0,0.55128986,0.17261025309562683,0.8155533671379089,0.3922176659107208
YKL199C,YPR178W,0,0.5509496,0.17257383465766907,0.8155533671379089,0.39231768250465393
YNL094W,YOR335C,0,0.5507984,0.1725374460220337,0.8155533671379089,0.3924177289009094
YBR195C,YKL164C,0,0.5504175,0.17250105738639832,0.8155533671379089,0.39251774549484253
YGL071W,YOR192C-A,0,0.55022615,0.17246468365192413,0.8155533671379089,0.392617791891098
YCL003W,YPL061W,0,0.55010784,0.17242832481861115,0.8155533671379089,0.39271780848503113
YDR164C,YDL204W,0,0.5500371,0.17239199578762054,0.8155533671379089,0.3928178548812866
YDR170C,YOR099W,0,0.5497534,0.17235566675662994,0.8155533671379089,0.3929178714752197
YDR419W,YLR391W,0,0.54894966,0.17231935262680054,0.8155533671379089,0.3930179178714752
YHL003C,YJR063W,0,0.54875624,0.17228306829929352,0.8155533671379089,0.3931179344654083
YGL028C,YDR144C,1,0.54757094,0.17245735228061676,0.8165503740310669,0.3931179344654083
YDL246C,YMR318C,0,0.54650617,0.17242105305194855,0.8165503740310669,0.39321795105934143
YDR365W-A,YKR027W,0,0.5452033,0.17238475382328033,0.8165503740310669,0.3933179974555969
YNL284C-A,YDL166C,0,0.5449978,0.1723484843969345,0.8165503740310669,0.39341801404953003
YOR226C,YMR322C,0,0.5444448,0.17231222987174988,0.8165503740310669,0.3935180604457855
YJL159W,YNR067C,1,0.5442606,0.1724863201379776,0.8175473809242249,0.3935180604457855
YKL054C,YGL104C,0,0.54414654,0.17245005071163177,0.8175473809242249,0.39361807703971863
YIR006C,YGR238C,0,0.5434326,0.17241379618644714,0.8175473809242249,0.3937181234359741
YKR069W,YMR049C,0,0.5428869,0.1723775416612625,0.8175473809242249,0.3938181400299072
YJL021C,YLR039C,0,0.5428823,0.17234131693840027,0.8175473809242249,0.3939181864261627
YOR266W,YPL159C,0,0.5425328,0.17230510711669922,0.8175473809242249,0.3940182030200958
YLR014C,YCL067C,0,0.54248166,0.17226891219615936,0.8175473809242249,0.3941182494163513
YFR001W,YNL128W,0,0.54225874,0.1722327172756195,0.8175473809242249,0.3942182660102844
YFL038C,YGR285C,0,0.5415859,0.17219655215740204,0.8175473809242249,0.39431828260421753
YGL168W,YAR009C,0,0.5413581,0.17216040194034576,0.8175473809242249,0.394418329000473
YKL039W,YNL311C,0,0.5409485,0.17212426662445068,0.8175473809242249,0.39451834559440613
YFR015C,YDL202W,0,0.5404967,0.1720881462097168,0.8175473809242249,0.3946183919906616
YMR184W,YPR098C,0,0.5397077,0.1720520406961441,0.8175473809242249,0.3947184085845947
YCL060C,YOR065W,0,0.5386716,0.1720159500837326,0.8175473809242249,0.3948184549808502
YDL101C,YMR149W,0,0.5384315,0.1719798594713211,0.8175473809242249,0.3949184715747833
YDR022C,YBR075W,0,0.53834283,0.171943798661232,0.8175473809242249,0.3950185179710388
YNL046W,YHR153C,0,0.5382405,0.17190775275230408,0.8175473809242249,0.3951185345649719
YMR020W,YFR024C,0,0.537598,0.17187172174453735,0.8175473809242249,0.39521855115890503
YIL037C,YDR189W,0,0.5375411,0.17183570563793182,0.8175473809242249,0.3953185975551605
YML129C,YOR192C-A,0,0.53744453,0.1717997044324875,0.8175473809242249,0.39541861414909363
YER007C-A,YPR158C-C,0,0.53719914,0.17176371812820435,0.8175473809242249,0.3955186605453491
YER032W,YFR034C,0,0.5370184,0.1717277467250824,0.8175473809242249,0.3956186771392822
YLR391W,YMR008C,1,0.5369672,0.1719011664390564,0.8185443878173828,0.3956186771392822
YLR120C,YLR391W,1,0.5369041,0.17207452654838562,0.8195413947105408,0.3956186771392822
YJL124C,YBL020W,0,0.53688014,0.1720385104417801,0.8195413947105408,0.3957187235355377
YJL021C,YGL105W,0,0.5368663,0.17200250923633575,0.8195413947105408,0.3958187401294708
YDR210C-C,YLR380W,0,0.5363718,0.1719665229320526,0.8195413947105408,0.3959187865257263
YMR080C,YNL247W,0,0.5363561,0.17193055152893066,0.8195413947105408,0.3960188031196594
YDR247W,YPR132W,0,0.53631395,0.1718946099281311,0.8195413947105408,0.3961188495159149
YER108C,YLR153C,0,0.5361825,0.17185866832733154,0.8195413947105408,0.396218866109848
YNR044W,YLR391W,1,0.53589606,0.17203177511692047,0.8205384016036987,0.396218866109848
YFR008W,YBL101W-A,0,0.53586125,0.17199581861495972,0.8205384016036987,0.39631888270378113
YKL200C,YPL059W,0,0.5355265,0.17195987701416016,0.8205384016036987,0.3964189291000366
YIR019C,YJR042W,0,0.53504777,0.17192396521568298,0.8205384016036987,0.3965189456939697
YKL051W,YGL107C,0,0.5345969,0.1718880534172058,0.8205384016036987,0.3966189920902252
YJR065C,YEL027W,0,0.53413,0.17185215651988983,0.8205384016036987,0.3967190086841583
YGL200C,YGR272C,0,0.53370315,0.17181628942489624,0.8205384016036987,0.3968190550804138
YKR095W,YGR060W,0,0.5330987,0.17178042232990265,0.8205384016036987,0.3969190716743469
YJL190C,YKL199C,0,0.53295624,0.17174457013607025,0.8205384016036987,0.3970191180706024
YKL165C,YDR522C,1,0.53284687,0.1719173789024353,0.8215354084968567,0.3970191180706024
YIL013C,YDR273W,0,0.53234726,0.1718815118074417,0.8215354084968567,0.3971191346645355
YGR020C,YHR167W,0,0.53166294,0.1718456745147705,0.8215354084968567,0.39721915125846863
YDR524C,YDR342C,0,0.5316437,0.1718098372220993,0.8215354084968567,0.3973191976547241
YJR150C,YJR066W,0,0.5316335,0.1717740297317505,0.8215354084968567,0.3974192142486572
YMR156C,YDR098C-A,0,0.5314605,0.17173822224140167,0.8215354084968567,0.3975192606449127
YDR067C,YOR240W,0,0.5313511,0.17170244455337524,0.8215354084968567,0.3976192772388458
YHR138C,YDR054C,0,0.53088844,0.17166666686534882,0.8215354084968567,0.3977193236351013
YKL197C,YDL072C,0,0.5303161,0.17163090407848358,0.8215354084968567,0.3978193402290344
YJL125C,YEL022W,0,0.5302647,0.17159517109394073,0.8215354084968567,0.3979193866252899
YLR040C,YLR391W,1,0.52992797,0.17176765203475952,0.8225324153900146,0.3979193866252899
YNL061W,YLR325C,0,0.5297278,0.1717318892478943,0.8225324153900146,0.398019403219223
YOR343W-A,YNR007C,0,0.5290825,0.17169615626335144,0.8225324153900146,0.3981194496154785
YEL016C,YKL199C,0,0.529039,0.1716604232788086,0.8225324153900146,0.3982194662094116
YDR091C,YLR200W,0,0.52895594,0.17162472009658813,0.8225324153900146,0.3983194828033447
YHR039C-B,YOL054W,0,0.52889246,0.17158901691436768,0.8225324153900146,0.3984195291996002
YBR009C,YGR272C,0,0.52883875,0.1715533435344696,0.8225324153900146,0.3985195457935333
YGL063W,YCL003W,0,0.52867997,0.17151767015457153,0.8225324153900146,0.3986195921897888
YMR211W,YDL119C,0,0.52845883,0.17148202657699585,0.8225324153900146,0.3987196087837219
YFR024C,YNL208W,0,0.52788097,0.17144638299942017,0.8225324153900146,0.3988196551799774
YMR267W,YGL046W,0,0.52767026,0.17141076922416687,0.8225324153900146,0.3989196717739105
YOR382W,YJL062W-A,0,0.52758646,0.17137515544891357,0.8225324153900146,0.399019718170166
YGR002C,YGR272C,0,0.5271707,0.17133955657482147,0.8225324153900146,0.3991197347640991
YKL059C,YER015W,0,0.5270698,0.17130398750305176,0.8225324153900146,0.3992197513580322
YIR015W,YKL158W,0,0.527011,0.17126841843128204,0.8225324153900146,0.3993197977542877
YBL101W-A,YGR063C,0,0.52698946,0.17123287916183472,0.8225324153900146,0.3994198143482208
YOR357C,YKL158W,0,0.5268584,0.1711973398923874,0.8225324153900146,0.3995198607444763
YJL021C,YNL294C,0,0.526552,0.17116183042526245,0.8225324153900146,0.3996198773384094
YJL098W,YCR055C,0,0.52653533,0.1711263209581375,0.8225324153900146,0.3997199237346649
YLR042C,YBR090C-A,0,0.52648044,0.17109082639217377,0.8225324153900146,0.399819940328598
YLR337W,YGL019W,0,0.52618057,0.1710553616285324,0.8225324153900146,0.3999199867248535
YPR156C,YJL071W,0,0.52542233,0.17101989686489105,0.8225324153900146,0.4000200033187866
YIR014W,YCR058C,0,0.5252077,0.17098446190357208,0.8225324153900146,0.4001200497150421
YNR044W,YFR024C,0,0.524961,0.1709490269422531,0.8225324153900146,0.4002200663089752
YCL003W,YOL062C,0,0.52492607,0.17091360688209534,0.8225324153900146,0.4003200829029083
YHR138C,YDR447C,0,0.52489984,0.17087821662425995,0.8225324153900146,0.4004201292991638
YCR055C,YDR395W,0,0.52485186,0.17084282636642456,0.8225324153900146,0.4005201458930969
YDL110C,YDR350C,0,0.524815,0.17080745100975037,0.8225324153900146,0.4006201922893524
YGR165W,YKL158W,0,0.52480817,0.17077209055423737,0.8225324153900146,0.4007202088832855
YDR439W,YMR025W,0,0.5247843,0.17073675990104675,0.8225324153900146,0.400820255279541
YMR307W,YLR391W,1,0.52469873,0.17090833187103271,0.8235294222831726,0.400820255279541
YFR024C,YFR021W,0,0.5242394,0.1708729863166809,0.8235294222831726,0.4009202718734741
YDR365W-A,YJL081C,0,0.52415836,0.1708376407623291,0.8235294222831726,0.4010203182697296
YJL021C,YGL209W,0,0.52392364,0.1708023101091385,0.8235294222831726,0.4011203348636627
YJL127C,YCL036W,0,0.52376723,0.17076700925827026,0.8235294222831726,0.4012203514575958
YFL035C,YGL070C,0,0.52359986,0.17073170840740204,0.8235294222831726,0.4013203978538513
YNL175C,YPL058C,0,0.52359676,0.170696422457695,0.8235294222831726,0.4014204144477844
YHR060W,YBR029C,0,0.5234575,0.17066115140914917,0.8235294222831726,0.4015204608440399
YMR316W,YPL257W-B,0,0.5231889,0.17062591016292572,0.8235294222831726,0.401620477437973
YGL046W,YJR029W,0,0.52294815,0.17059066891670227,0.8235294222831726,0.4017205238342285
YHR161C,YHR039C-B,0,0.522513,0.17055544257164001,0.8235294222831726,0.4018205404281616
YHR105W,YML045W-A,0,0.5224657,0.17052023112773895,0.8235294222831726,0.4019205868244171
YPL138C,YCR058C,0,0.5222259,0.17048503458499908,0.8235294222831726,0.4020206034183502
YOR049C,YGR222W,0,0.5222183,0.1704498529434204,0.8235294222831726,0.4021206498146057
YGR159C,YDR320C-A,0,0.52218777,0.17041468620300293,0.8235294222831726,0.4022206664085388
YBR100W,YOL038W,0,0.52184486,0.17037953436374664,0.8235294222831726,0.4023206830024719
YJL078C,YBR100W,0,0.5215856,0.17034439742565155,0.8235294222831726,0.4024207293987274
YER062C,YER029C,0,0.5215191,0.17030927538871765,0.8235294222831726,0.4025207459926605
YPL137C,YER108C,0,0.5215,0.17027416825294495,0.8235294222831726,0.402620792388916
YNR043W,YBL101W-A,0,0.5214623,0.17023907601833344,0.8235294222831726,0.4027208089828491
YOR240W,YGR180C,0,0.5213485,0.17020399868488312,0.8235294222831726,0.4028208553791046
YBL017C,YLR337W,0,0.5209371,0.170168936252594,0.8235294222831726,0.4029208719730377
YAR031W,YDL123W,0,0.5206128,0.17013388872146606,0.8235294222831726,0.4030209183692932
YNR067C,YLR391W,1,0.52027977,0.1703047752380371,0.8245264291763306,0.4030209183692932
YGL046W,YGR189C,0,0.5202167,0.17026971280574799,0.8245264291763306,0.4031209349632263
YKL200C,YLL002W,0,0.5201185,0.17023466527462006,0.8245264291763306,0.4032209515571594
YAL063C,YKL097W-A,1,0.520079,0.17040543258190155,0.8255234360694885,0.4032209515571594
YKL097W-A,YLR155C,1,0.519984,0.17057612538337708,0.8265204429626465,0.4032209515571594
YER165W,YFL037W,0,0.5199717,0.17054104804992676,0.8265204429626465,0.4033209979534149
YGL046W,YGR204W,0,0.51987594,0.17050597071647644,0.8265204429626465,0.403421014547348
YAL013W,YER108C,0,0.5198206,0.17047090828418732,0.8265204429626465,0.4035210609436035
YNL240C,YKL097W-A,0,0.51975554,0.1704358607530594,0.8265204429626465,0.4036210775375366
YER108C,YMR051C,0,0.5197452,0.17040082812309265,0.8265204429626465,0.4037211239337921
YJL052W,YLR391W,1,0.5197141,0.17057131230831146,0.8275174498558044,0.4037211239337921
YOL126C,YHL012W,0,0.5191715,0.17053626477718353,0.8275174498558044,0.4038211405277252
YBR015C,YKL183W,0,0.518999,0.1705012321472168,0.8275174498558044,0.4039211869239807
YOR224C,YIL014W,0,0.5175667,0.17046621441841125,0.8275174498558044,0.4040212035179138
YLR221C,YDR261W-B,0,0.5174168,0.1704312115907669,0.8275174498558044,0.4041212499141693
YMR160W,YBL022C,0,0.51732355,0.17039622366428375,0.8275174498558044,0.4042212665081024
YMR223W,YGL256W,0,0.51659495,0.1703612506389618,0.8275174498558044,0.4043212831020355
YHR041C,YLR228C,0,0.5165571,0.17032629251480103,0.8275174498558044,0.404421329498291
YFL038C,YNL288W,0,0.51633596,0.17029133439064026,0.8275174498558044,0.4045213460922241
YIL150C,YBR214W,0,0.5147404,0.17025640606880188,0.8275174498558044,0.4046213924884796
YDL085W,YDR494W,0,0.51384133,0.1702214926481247,0.8275174498558044,0.4047214090824127
YKL182W,YLR113W,0,0.51268417,0.1701865941286087,0.8275174498558044,0.4048214554786682
YDR522C,YLR158C,1,0.512575,0.17035670578479767,0.8285144567489624,0.4048214554786682
YNL127W,YBL087C,0,0.51186574,0.17032179236412048,0.8285144567489624,0.4049214720726013
YHR211W,YLR213C,1,0.51160926,0.1704917997121811,0.8295114636421204,0.4049214720726013
YER104W,YBL020W,0,0.511429,0.1704568713903427,0.8295114636421204,0.4050215184688568
YLR314C,YMR251W-A,1,0.51117116,0.17062678933143616,0.8305084705352783,0.4050215184688568
YMR038C,YJL121C,0,0.51073325,0.17059184610843658,0.8305084705352783,0.4051215350627899
YDL055C,YPR167C,0,0.5105129,0.1705569177865982,0.8305084705352783,0.405221551656723
YOR265W,YHL003C,0,0.5101778,0.17052200436592102,0.8305084705352783,0.4053215980529785
YMR217W,YER120W,0,0.5097741,0.17048710584640503,0.8305084705352783,0.4054216146469116
YMR225C,YGL096W,0,0.50927746,0.17045222222805023,0.8305084705352783,0.4055216610431671
YLR439W,YPL105C,0,0.50885165,0.17041735351085663,0.8305084705352783,0.4056216776371002
YOR349W,YPL240C,0,0.5082737,0.17038248479366302,0.8305084705352783,0.4057217240333557
YAL033W,YIL027C,0,0.5067954,0.1703476458787918,0.8305084705352783,0.4058217406272888
YMR183C,YMR152W,0,0.50648624,0.1703128218650818,0.8305084705352783,0.4059217870235443
YPL207W,YHR028C,0,0.5064328,0.17027799785137177,0.8305084705352783,0.4060218036174774
YBR218C,YKL196C,0,0.5062174,0.17024320363998413,0.8305084705352783,0.4061218500137329
YBL093C,YCL067C,0,0.5055815,0.1702084243297577,0.8305084705352783,0.406221866607666
YJL066C,YDL225W,0,0.5051881,0.17017364501953125,0.8305084705352783,0.4063218832015991
YOR162C,YDL245C,0,0.504858,0.1701388955116272,0.8305084705352783,0.4064219295978546
YBR289W,YNL062C,0,0.5043258,0.17010414600372314,0.8305084705352783,0.4065219461917877
YOR190W,YJR076C,1,0.5042503,0.1702735871076584,0.8315054774284363,0.4065219461917877
YKL051W,YPL183W-A,0,0.50347066,0.17023882269859314,0.8315054774284363,0.4066219925880432
YJL103C,YKL053C-A,0,0.5033252,0.17020408809185028,0.8315054774284363,0.4067220091819763
YKL149C,YKL217W,0,0.5031038,0.17016935348510742,0.8315054774284363,0.4068220555782318
YLR120C,YML115C,0,0.5027556,0.17013463377952576,0.8315054774284363,0.4069220721721649
YDL107W,YGR029W,0,0.5021813,0.17009994387626648,0.8315054774284363,0.4070221185684204
YFR030W,YAL017W,0,0.50209427,0.1700652539730072,0.8315054774284363,0.4071221351623535
YKL217W,YKR066C,0,0.5004767,0.17003057897090912,0.8315054774284363,0.4072221517562866
YDL185W,YDR523C,0,0.50046086,0.16999591886997223,0.8315054774284363,0.4073221981525421
YOL078W,YBL031W,0,0.50012285,0.16996127367019653,0.8315054774284363,0.4074222147464752
YEL019C,YPR019W,0,0.49986547,0.16992664337158203,0.8315054774284363,0.4075222611427307
YNR067C,YLR466W,0,0.49919832,0.16989202797412872,0.8315054774284363,0.4076222777366638
YMR207C,YJR143C,0,0.49902755,0.1698574274778366,0.8315054774284363,0.4077223241329193
YMR308C,YDR466W,0,0.4989208,0.1698228418827057,0.8315054774284363,0.4078223407268524
YPR158C-C,YGR035C,0,0.49868655,0.16978827118873596,0.8315054774284363,0.4079223871231079
YLR359W,YDR421W,0,0.49803305,0.16975371539592743,0.8315054774284363,0.408022403717041
YEL020W-A,YGL095C,0,0.49794608,0.1697191745042801,0.8315054774284363,0.4081224501132965
YOL103W-A,YNL335W,0,0.4975413,0.16968463361263275,0.8315054774284363,0.4082224667072296
YIL078W,YJR143C,0,0.4974439,0.1696501225233078,0.8315054774284363,0.4083224833011627
YER007C-A,YIL047C,0,0.49727833,0.16961562633514404,0.8315054774284363,0.4084225296974182
YGR225W,YDR284C,0,0.49700463,0.16958113014698029,0.8315054774284363,0.4085225462913513
YDL185W,YDL111C,0,0.4969247,0.16954664885997772,0.8315054774284363,0.4086225926876068
YKL195W,YKL180W,0,0.49473488,0.16951219737529755,0.8315054774284363,0.4087226092815399
YDR239C,YLR213C,0,0.49456835,0.16947774589061737,0.8315054774284363,0.4088226556777954
YOR285W,YLR370C,0,0.49339825,0.1694433093070984,0.8315054774284363,0.4089226722717285
YNL054W-A,YBL058W,0,0.4927674,0.1694089025259018,0.8315054774284363,0.409022718667984
YML005W,YJL062W-A,0,0.49223346,0.1693744957447052,0.8315054774284363,0.4091227352619171
YFL066C,YOR025W,0,0.49167,0.1693401038646698,0.8315054774284363,0.4092227816581726
YDR495C,YDR170W-A,0,0.49140686,0.1693057268857956,0.8315054774284363,0.4093227982521057
YJR022W,YHR081W,0,0.49055243,0.16927136480808258,0.8315054774284363,0.4094228148460388
YJR096W,YNL133C,0,0.49031878,0.16923701763153076,0.8315054774284363,0.4095228612422943
YNL339C,YJL106W,0,0.4895122,0.16920268535614014,0.8315054774284363,0.4096228778362274
YJR133W,YKL117W,0,0.48949206,0.1691683530807495,0.8315054774284363,0.4097229242324829
YPL144W,YAL068C,0,0.48909855,0.16913405060768127,0.8315054774284363,0.409822940826416
YKR075C,YNL121C,0,0.4889707,0.16909976303577423,0.8315054774284363,0.4099229872226715
YNL115C,YLR007W,0,0.4887811,0.1690654754638672,0.8315054774284363,0.4100230038166046
YLR429W,YKL109W,0,0.48869562,0.16903121769428253,0.8315054774284363,0.4101230502128601
YDR146C,YMR048W,0,0.48748928,0.16899695992469788,0.8315054774284363,0.4102230668067932
YER087C-A,YJL198W,0,0.48693228,0.16896271705627441,0.8315054774284363,0.4103230834007263
YER140W,YAL029C,0,0.48636258,0.16892850399017334,0.8315054774284363,0.4104231297969818
YPL019C,YBR238C,0,0.4862094,0.16889429092407227,0.8315054774284363,0.4105231463909149
YGR202C,YOR304C-A,0,0.48600757,0.16886009275913239,0.8315054774284363,0.4106231927871704
YNL258C,YGR180C,0,0.48588443,0.1688259094953537,0.8315054774284363,0.4107232093811035
YEL013W,YGR235C,0,0.48583442,0.1687917411327362,0.8315054774284363,0.410823255777359
YBL063W,YOR261C,0,0.4856149,0.1687575876712799,0.8315054774284363,0.4109232723712921
YDR322W,YFR031C-A,0,0.48536623,0.1687234491109848,0.8315054774284363,0.4110233187675476
YJR151C,YKL096W,1,0.48475152,0.16889157891273499,0.8325024843215942,0.4110233187675476
YPL051W,YER091C,0,0.48452473,0.1688574254512787,0.8325024843215942,0.4111233353614807
YER095W,YBL021C,0,0.4843099,0.16882328689098358,0.8325024843215942,0.4112233817577362
YBL088C,YGR036C,0,0.48391902,0.16878916323184967,0.8325024843215942,0.4113233983516693
YOR347C,YKL017C,0,0.4837289,0.16875505447387695,0.8325024843215942,0.4114234149456024
YMR298W,YIL075C,0,0.4836099,0.16872096061706543,0.8325024843215942,0.4115234613418579
YMR146C,YBR107C,0,0.48360574,0.1686868667602539,0.8325024843215942,0.411623477935791
YDR533C,YIL167W,0,0.48357046,0.16865280270576477,0.8325024843215942,0.4117235243320465
YDR238C,YPR132W,0,0.4833414,0.16861873865127563,0.8325024843215942,0.4118235409259796
YNL048W,YDL047W,0,0.48214376,0.1685846894979477,0.8325024843215942,0.4119235873222351
YNR070W,YHR030C,0,0.48188257,0.16855067014694214,0.8325024843215942,0.4120236039161682
YLR356W,YML016C,0,0.48146296,0.16851665079593658,0.8325024843215942,0.4121236503124237
YDR034C,YDR376W,0,0.4808576,0.16848264634609222,0.8325024843215942,0.4122236669063568
YBR026C,YML100W,0,0.48084354,0.16844865679740906,0.8325024843215942,0.4123236835002899
YOR057W,YNL178W,0,0.4807145,0.16841468214988708,0.8325024843215942,0.4124237298965454
YLR370C,YLR043C,0,0.47999227,0.1683807224035263,0.8325024843215942,0.4125237464904785
YNR008W,YDR405W,0,0.47970235,0.16834677755832672,0.8325024843215942,0.412623792886734
YPR160W,YGL106W,0,0.47813928,0.16831283271312714,0.8325024843215942,0.4127238094806671
YOR071C,YBL022C,0,0.4780168,0.16827891767024994,0.8325024843215942,0.4128238558769226
YGR216C,YNL311C,0,0.47767514,0.16824501752853394,0.8325024843215942,0.4129238724708557
YMR163C,YPR194C,0,0.4774536,0.16821111738681793,0.8325024843215942,0.4130239188671112
YDR500C,YNL199C,0,0.47636884,0.16817724704742432,0.8325024843215942,0.4131239354610443
YDL006W,YGL006W,0,0.47631276,0.1681433767080307,0.8325024843215942,0.4132239818572998
YPR049C,YKR102W,0,0.47577143,0.16810952126979828,0.8325024843215942,0.4133239984512329
YGR229C,YDR189W,0,0.4757169,0.16807568073272705,0.8325024843215942,0.413424015045166
YJL062W-A,YGL087C,0,0.47543997,0.16804185509681702,0.8325024843215942,0.4135240614414215
YBR009C,YEL037C,0,0.47259128,0.16800804436206818,0.8325024843215942,0.4136240780353546
YBR036C,YJR040W,0,0.47203922,0.16797424852848053,0.8325024843215942,0.4137241244316101
YPR030W,YGL240W,0,0.4715805,0.16794046759605408,0.8325024843215942,0.4138241410255432
YKR035W-A,YDR466W,0,0.4702372,0.16790670156478882,0.8325024843215942,0.4139241874217987
YLR284C,YHR206W,0,0.46929306,0.16787293553352356,0.8325024843215942,0.4140242040157318
YNL227C,YDR093W,0,0.46843284,0.1678391993045807,0.8325024843215942,0.4141242504119873
YCR093W,YLR337C,0,0.46739095,0.16780546307563782,0.8325024843215942,0.4142242670059204
YFR005C,YOL042W,0,0.46671224,0.16777175664901733,0.8325024843215942,0.4143242835998535
YLR363C,YJR045C,0,0.46640784,0.16773805022239685,0.8325024843215942,0.414424329996109
YGL183C,YOR267C,0,0.46629554,0.16770435869693756,0.8325024843215942,0.4145243465900421
YPL075W,YML091C,0,0.46586728,0.16767068207263947,0.8325024843215942,0.4146243929862976
YOL064C,YJR160C,0,0.4654262,0.16763702034950256,0.8325024843215942,0.4147244095802307
YOL057W,YJR135W-A,0,0.46456337,0.16760337352752686,0.8325024843215942,0.4148244559764862
YKL145W,YHR109W,0,0.46340537,0.16756974160671234,0.8325024843215942,0.4149244725704193
YIL145C,YHL047C,0,0.4615792,0.16753610968589783,0.8325024843215942,0.4150245189666748
YEL051W,YLR256W-A,0,0.46007848,0.1675025075674057,0.8325024843215942,0.4151245355606079
YAL007C,YDL051W,0,0.45985198,0.16746892035007477,0.8325024843215942,0.4152245819568634
YGR276C,YGL198W,0,0.45965362,0.16743533313274384,0.8325024843215942,0.4153245985507965
YGL195W,YNL077W,0,0.45949435,0.1674017608165741,0.8325024843215942,0.4154246151447296
YDL247W,YOR117W,0,0.4588648,0.16736820340156555,0.8325024843215942,0.4155246615409851
YHR161C,YML085C,0,0.45863044,0.1673346757888794,0.8325024843215942,0.4156246781349182
YFL011W,YJR078W,0,0.45800793,0.16730114817619324,0.8325024843215942,0.4157247245311737
YMR020W,YKL206C,0,0.45793188,0.16726763546466827,0.8325024843215942,0.4158247411251068
YOR145C,YGR202C,0,0.45733494,0.1672341227531433,0.8325024843215942,0.4159247875213623
YDR109C,YDR298C,0,0.45715386,0.16720063984394073,0.8325024843215942,0.4160248041152954
YOR244W,YML101C,0,0.45648694,0.16716717183589935,0.8325024843215942,0.4161248505115509
YIL036W,YAL017W,0,0.4561932,0.16713370382785797,0.8325024843215942,0.416224867105484
YIR004W,YDR384C,0,0.45603728,0.16710026562213898,0.8325024843215942,0.4163248836994171
YKR028W,YDR074W,0,0.45573002,0.16706682741641998,0.8325024843215942,0.4164249300956726
YDR441C,YER167W,0,0.4555015,0.16703340411186218,0.8325024843215942,0.4165249466896057
YBR020W,YMR086W,0,0.4550153,0.16699999570846558,0.8325024843215942,0.4166249930858612
YNL068C,YLR466W,0,0.4547624,0.16696660220623016,0.8325024843215942,0.4167250096797943
YHR168W,YGR055W,0,0.45456094,0.16693322360515594,0.8325024843215942,0.4168250560760498
YGR109W-B,YDL099W,0,0.45338714,0.16689985990524292,0.8325024843215942,0.4169250726699829
YMR313C,YDR507C,0,0.45189148,0.1668665111064911,0.8325024843215942,0.4170251190662384
YHL027W,YMR099C,0,0.45086855,0.16683316230773926,0.8325024843215942,0.4171251356601715
YHR135C,YPL117C,0,0.4506967,0.16679984331130981,0.8325024843215942,0.417225182056427
YDR150W,YPR133W-A,0,0.45003217,0.16676652431488037,0.8325024843215942,0.4173251986503601
YPL120W,YIL148W,0,0.4496523,0.16673322021961212,0.8325024843215942,0.4174252152442932
YLR075W,YBR130C,0,0.44945776,0.16669994592666626,0.8325024843215942,0.4175252616405487
YOR347C,YDL081C,0,0.4493175,0.1666666716337204,0.8325024843215942,0.4176252782344818
YML031W,YFL005W,0,0.44921637,0.16663341224193573,0.8325024843215942,0.4177253246307373
YOL117W,YJR094W-A,0,0.44877142,0.16660015285015106,0.8325024843215942,0.4178253412246704
YPL226W,YHR041C,0,0.44774604,0.16656692326068878,0.8325024843215942,0.4179253876209259
YDR227W,YDR256C,0,0.44709963,0.1665337085723877,0.8325024843215942,0.418025404214859
YDR323C,YKL191W,0,0.4462269,0.1665004938840866,0.8325024843215942,0.4181254506111145
YDR380W,YMR051C,0,0.44539142,0.1664673089981079,0.8325024843215942,0.4182254672050476
YKL195W,YBR248C,0,0.44533587,0.1664341241121292,0.8325024843215942,0.4183254837989807
YPL017C,YHR158C,0,0.44471937,0.1664009541273117,0.8325024843215942,0.4184255301952362
YNL054W-A,YIL027C,0,0.44455278,0.1663677990436554,0.8325024843215942,0.4185255467891693
YIL068C,YER017C,0,0.44433874,0.16633465886116028,0.8325024843215942,0.4186255931854248
YCR020C,YLR106C,0,0.4438566,0.16630153357982635,0.8325024843215942,0.4187256097793579
YDR375C,YDL055C,0,0.44315612,0.16626842319965363,0.8325024843215942,0.4188256561756134
YOR224C,YIL020C,0,0.4430756,0.1662353128194809,0.8325024843215942,0.4189256727695465
YBL106C,YHR214C-B,0,0.44268602,0.16620223224163055,0.8325024843215942,0.419025719165802
YIR026C,YOR109W,0,0.44260275,0.1661691516637802,0.8325024843215942,0.4191257357597351
YGR046W,YNL084C,0,0.4425429,0.16613608598709106,0.8325024843215942,0.4192257821559906
YGR118W,YBL023C,0,0.44252217,0.1661030501127243,0.8325024843215942,0.4193257987499237
YJR034W,YBL079W,0,0.4423238,0.16607001423835754,0.8325024843215942,0.4194258153438568
YDR522C,YGL032C,1,0.44180322,0.16623583436012268,0.8334994912147522,0.4194258153438568
YMR098C,YDR242W,0,0.44123632,0.16620278358459473,0.8334994912147522,0.4195258617401123
YOL123W,YMR304W,0,0.4410045,0.16616974771022797,0.8334994912147522,0.4196258783340454
YDL192W,YNL301C,0,0.44098908,0.1661367267370224,0.8334994912147522,0.4197259247303009
YHR029C,YPL183C,0,0.43936807,0.16610372066497803,0.8334994912147522,0.419825941324234
YDR176W,YKL056C,0,0.4390872,0.16607071459293365,0.8334994912147522,0.4199259877204895
YNL293W,YKR052C,0,0.43898094,0.16603773832321167,0.8334994912147522,0.4200260043144226
YAR050W,YJR151C,1,0.43889844,0.1662033349275589,0.8344964981079102,0.4200260043144226
YER017C,YLR318W,0,0.43868852,0.16617034375667572,0.8344964981079102,0.4201260507106781
YGR109W-B,YOR363C,0,0.4385801,0.16613735258579254,0.8344964981079102,0.4202260673046112
YCL044C,YML042W,0,0.43849087,0.16610439121723175,0.8344964981079102,0.4203260838985443
YOL020W,YHR046C,0,0.43835074,0.16607142984867096,0.8344964981079102,0.4204261302947998
YNR074C,YMR224C,0,0.43741798,0.16603848338127136,0.8344964981079102,0.4205261468887329
YJR034W,YGR202C,0,0.43741608,0.16600555181503296,0.8344964981079102,0.4206261932849884
YOL156W,YLR208W,0,0.43633235,0.16597263514995575,0.8344964981079102,0.4207262098789215
YMR137C,YOL055C,0,0.43531615,0.16593973338603973,0.8344964981079102,0.420826256275177
YOL011W,YOL004W,0,0.43471396,0.16590683162212372,0.8344964981079102,0.4209262728691101
YOR380W,YDR318W,0,0.43316036,0.1658739596605301,0.8344964981079102,0.4210263192653656
YGL147C,YLR390W-A,0,0.4322065,0.16584108769893646,0.8344964981079102,0.4211263358592987
YPL159C,YLR447C,0,0.43119335,0.16580824553966522,0.8344964981079102,0.4212263822555542
YGR178C,YLR083C,0,0.4308164,0.16577540338039398,0.8344964981079102,0.4213263988494873
YJL225C,YCR035C,0,0.43071783,0.16574257612228394,0.8344964981079102,0.4214264154434204
YDR423C,YAL031C,0,0.43052197,0.16570976376533508,0.8344964981079102,0.4215264618396759
YBL060W,YFL048C,0,0.4299091,0.16567696630954742,0.8344964981079102,0.421626478433609
YJR145C,YNL049C,0,0.42881906,0.16564416885375977,0.8344964981079102,0.4217265248298645
YNR030W,YBR276C,0,0.428186,0.1656114012002945,0.8344964981079102,0.4218265414237976
YGR106C,YJL071W,0,0.42758882,0.16557863354682922,0.8344964981079102,0.4219265878200531
YOR043W,YMR081C,0,0.42736155,0.16554588079452515,0.8344964981079102,0.4220266044139862
YHR033W,YPR137C-A,0,0.4272045,0.16551314294338226,0.8344964981079102,0.4221266508102417
YER007W,YJL166W,0,0.42623568,0.16548041999340057,0.8344964981079102,0.4222266674041748
YDR434W,YPL202C,0,0.42591155,0.16544771194458008,0.8344964981079102,0.4223266839981079
YOL152W,YLR446W,0,0.42578208,0.16541501879692078,0.8344964981079102,0.4224267303943634
YDR320C-A,YML081W,0,0.42494327,0.16538234055042267,0.8344964981079102,0.4225267469882965
YLR203C,YPR149W,0,0.42444515,0.16534966230392456,0.8344964981079102,0.422626793384552
YDR261C-D,YPL006W,0,0.4235376,0.16531699895858765,0.8344964981079102,0.4227268099784851
YDR533C,YER100W,0,0.42330647,0.16528436541557312,0.8344964981079102,0.4228268563747406
YOR246C,YDR451C,0,0.42249578,0.1652517318725586,0.8344964981079102,0.4229268729686737
YML057W,YDR100W,0,0.42203557,0.16521911323070526,0.8344964981079102,0.4230269193649292
YNL284C-A,YBR091C,0,0.42166066,0.16518649458885193,0.8344964981079102,0.4231269359588623
YBR141C,YPL156C,0,0.42163622,0.16515390574932098,0.8344964981079102,0.4232269823551178
YER036C,YDL083C,0,0.421093,0.16512133181095123,0.8344964981079102,0.4233269989490509
YBR208C,YOR261C,0,0.41867602,0.16508875787258148,0.8344964981079102,0.423427015542984
YJL144W,YNL133C,0,0.41817188,0.16505619883537292,0.8344964981079102,0.4235270619392395
YOR117W,YMR136W,0,0.41776806,0.16502365469932556,0.8344964981079102,0.4236270785331726
YLR293C,YJL173C,0,0.41621912,0.1649911254644394,0.8344964981079102,0.4237271249294281
YBL039C,YDL120W,0,0.41597158,0.16495861113071442,0.8344964981079102,0.4238271415233612
YDR247W,YOR057W,0,0.41583765,0.16492611169815063,0.8344964981079102,0.4239271879196167
YJL114W,YNL121C,0,0.4158066,0.16489361226558685,0.8344964981079102,0.4240272045135498
YLL048C,YNR050C,0,0.4152907,0.16486114263534546,0.8344964981079102,0.4241272509098053
YNR022C,YLL038C,0,0.41444147,0.16482867300510406,0.8344964981079102,0.4242272675037384
YDR041W,YDR326C,0,0.4136985,0.16479621827602386,0.8344964981079102,0.4243272840976715
YKR075C,YLR352W,0,0.41333997,0.16476377844810486,0.8344964981079102,0.424427330493927
YHR060W,YPL121C,0,0.41318583,0.16473135352134705,0.8344964981079102,0.4245273470878601
YLL006W,YMR033W,0,0.41286182,0.16469894349575043,0.8344964981079102,0.4246273934841156
YDL072C,YKR105C,0,0.4125877,0.1646665334701538,0.8344964981079102,0.4247274100780487
YOL105C,YNL280C,0,0.41204226,0.16463415324687958,0.8344964981079102,0.4248274564743042
YNL052W,YGR263C,0,0.4117527,0.16460177302360535,0.8344964981079102,0.4249274730682373
YCR045C,YAL051W,0,0.41162473,0.1645694077014923,0.8344964981079102,0.4250275194644928
YDL209C,YCR093W,0,0.41107672,0.16453705728054047,0.8344964981079102,0.4251275360584259
YGR217W,YGR252W,0,0.4110664,0.16450472176074982,0.8344964981079102,0.4252275824546814
YOR008C,YDR320C-A,0,0.41045034,0.16447238624095917,0.8344964981079102,0.4253275990486145
YBR180W,YFR049W,0,0.40938562,0.1644400805234909,0.8344964981079102,0.4254276156425476
YJR009C,YJR143C,0,0.4093628,0.16440777480602264,0.8344964981079102,0.4255276620388031
YKL021C,YOR222W,0,0.40910763,0.16437548398971558,0.8344964981079102,0.4256276786327362
YOR008C,YBR058C-A,0,0.40898883,0.1643432229757309,0.8344964981079102,0.4257277250289917
YHR069C,YDL061C,0,0.40873462,0.16431094706058502,0.8344964981079102,0.4258277416229248
YDR381W,YLR153C,0,0.40865916,0.16427870094776154,0.8344964981079102,0.4259277880191803
YLL019C,YLR215C,0,0.40772504,0.16424646973609924,0.8344964981079102,0.4260278046131134
YGR036C,YLR377C,0,0.40746492,0.16421423852443695,0.8344964981079102,0.4261278510093689
YNL190W,YBR040W,1,0.40697348,0.16437818109989166,0.8354935050010681,0.4261278510093689
YDR404C,YPL119C,0,0.40685898,0.16434594988822937,0.8354935050010681,0.426227867603302
YCL063W,YDL128W,0,0.4068221,0.16431371867656708,0.8354935050010681,0.4263278841972351
YDL083C,YNL161W,0,0.4067971,0.16428151726722717,0.8354935050010681,0.4264279305934906
YNL223W,YPL022W,0,0.4056763,0.16424931585788727,0.8354935050010681,0.4265279471874237
YLR277C,YOL095C,0,0.4054938,0.16421712934970856,0.8354935050010681,0.4266279935836792
YGL035C,YHR025W,0,0.40490472,0.16418495774269104,0.8354935050010681,0.4267280101776123
YDR071C,YKL132C,0,0.4044525,0.16415278613567352,0.8354935050010681,0.4268280565738678
YBR268W,YCR086W,0,0.40414983,0.1641206443309784,0.8354935050010681,0.4269280731678009
YDR222W,YGR245C,0,0.4039836,0.16408850252628326,0.8354935050010681,0.4270281195640564
YLR010C,YNR004W,0,0.40388483,0.16405637562274933,0.8354935050010681,0.4271281361579895
YGL227W,YPR182W,0,0.4026245,0.1640242636203766,0.8354935050010681,0.427228182554245
YGR145W,YOR348C,0,0.40252173,0.16399216651916504,0.8354935050010681,0.4273281991481781
YER068W,YBL092W,0,0.4015323,0.16396008431911469,0.8354935050010681,0.4274282157421112
YHL016C,YMR312W,0,0.40093267,0.16392801702022552,0.8354935050010681,0.4275282621383667
YER148W,YOR049C,0,0.4006843,0.16389594972133636,0.8354935050010681,0.4276282787322998
YKL189W,YDR438W,0,0.3998235,0.1638638973236084,0.8354935050010681,0.4277283251285553
YOR143C,YGL259W,0,0.399822,0.16383185982704163,0.8354935050010681,0.4278283417224884
YOR226C,YOR065W,0,0.39928645,0.16379983723163605,0.8354935050010681,0.4279283881187439
YBL017C,YIL038C,0,0.3987056,0.16376782953739166,0.8354935050010681,0.428028404712677
YNL128W,YLR371W,0,0.39831024,0.16373583674430847,0.8354935050010681,0.4281284511089325
YBR202W,YHR147C,0,0.39826393,0.16370384395122528,0.8354935050010681,0.4282284677028656
YMR227C,YGR104C,0,0.3974352,0.16367188096046448,0.8354935050010681,0.4283284842967987
YDL148C,YDL105W,0,0.39700854,0.16363991796970367,0.8354935050010681,0.4284285306930542
YIL154C,YHR146W,0,0.39693815,0.16360796988010406,0.8354935050010681,0.4285285472869873
YNR015W,YOL032W,0,0.39660513,0.16357603669166565,0.8354935050010681,0.4286285936832428
YDL051W,YDR134C,0,0.39660323,0.16354410350322723,0.8354935050010681,0.4287286102771759
YNL261W,YPL059W,0,0.39636886,0.1635122001171112,0.8354935050010681,0.4288286566734314
YPL113C,YHL031C,0,0.39573783,0.16348029673099518,0.8354935050010681,0.4289286732673645
YDL049C,YMR006C,1,0.39464742,0.16364344954490662,0.8364905118942261,0.4289286732673645
YKR014C,YIL020C,0,0.394306,0.1636115461587906,0.8364905118942261,0.42902871966362
YFR037C,YOR391C,0,0.3942445,0.16357964277267456,0.8364905118942261,0.4291287362575531
YAR050W,YNL327W,1,0.39365315,0.16374269127845764,0.837487518787384,0.4291287362575531
YMR033W,YGL233W,0,0.3935172,0.16371077299118042,0.837487518787384,0.4292287826538086
YNL216W,YLR213C,0,0.39321238,0.16367888450622559,0.837487518787384,0.4293287992477417
YAR010C,YDR497C,0,0.39287555,0.16364699602127075,0.837487518787384,0.4294288158416748
YKL145W,YBL091C-A,0,0.391971,0.16361510753631592,0.837487518787384,0.4295288622379303
YPL130W,YMR251W-A,1,0.39183098,0.16377799212932587,0.838484525680542,0.4295288622379303
YNL280C,YLR430W,0,0.39081597,0.16374610364437103,0.838484525680542,0.4296288788318634
YLL013C,YNL292W,0,0.3907768,0.1637142300605774,0.838484525680542,0.4297289252281189
YHR005C,YLR316C,0,0.3902883,0.16368237137794495,0.838484525680542,0.429828941822052
YDR109C,YPL027W,0,0.3898064,0.1636505126953125,0.838484525680542,0.4299289882183075
YBL068W,YLR452C,0,0.38952756,0.16361868381500244,0.838484525680542,0.4300290048122406
YOR332W,YAR019C,0,0.3893636,0.16358685493469238,0.838484525680542,0.4301290512084961
YPL130W,YKL026C,0,0.38842773,0.16355504095554352,0.838484525680542,0.4302290678024292
YLR414C,YIL038C,0,0.38826525,0.16352324187755585,0.838484525680542,0.4303290843963623
YML104C,YKL171W,0,0.38813496,0.16349144279956818,0.838484525680542,0.4304291307926178
YJL155C,YDR111C,0,0.38810617,0.1634596735239029,0.838484525680542,0.4305291473865509
YDL100C,YGR104C,0,0.38796675,0.1634279042482376,0.838484525680542,0.4306291937828064
YPL096W,YGR034W,0,0.38750386,0.16339614987373352,0.838484525680542,0.4307292103767395
YDR137W,YPL253C,0,0.3873319,0.16336441040039062,0.838484525680542,0.430829256772995
YIL053W,YPR028W,0,0.3863272,0.16333268582820892,0.838484525680542,0.4309292733669281
YAL043C,YHR153C,0,0.38629746,0.16330097615718842,0.838484525680542,0.4310293197631836
YLR286C,YDR435C,0,0.38548613,0.1632692664861679,0.838484525680542,0.4311293363571167
YPL130W,YLR213C,1,0.38427824,0.16343167424201965,0.8394815325737,0.4311293363571167
YAL005C,YJL159W,1,0.38379848,0.16359402239322662,0.8404785394668579,0.4311293363571167
YKL014C,YML030W,0,0.38344246,0.16356228291988373,0.8404785394668579,0.4312293827533722
YMR297W,YOR182C,0,0.3833155,0.16353055834770203,0.8404785394668579,0.4313293993473053
YLR099C,YDL210W,0,0.3826477,0.16349883377552032,0.8404785394668579,0.4314294159412384
YDR072C,YIL096C,0,0.38097477,0.163467139005661,0.8404785394668579,0.4315294623374939
YBR089C-A,YHR036W,0,0.38070035,0.1634354442358017,0.8404785394668579,0.431629478931427
YIL150C,YDR534C,0,0.38050008,0.16340376436710358,0.8404785394668579,0.4317295253276825
YMR070W,YCL026C-B,0,0.38032973,0.16337209939956665,0.8404785394668579,0.4318295419216156
YJR004C,YEL040W,1,0.37989032,0.16353419423103333,0.8414755463600159,0.4318295419216156
YLR088W,YNR010W,0,0.37981403,0.1635025143623352,0.8414755463600159,0.4319295883178711
YER087W,YJR040W,0,0.37980628,0.16347084939479828,0.8414755463600159,0.4320296049118042
YLR390W,YML128C,0,0.37960958,0.16343919932842255,0.8414755463600159,0.4321296513080597
YLR410W-B,YIL098C,0,0.37957686,0.16340754926204681,0.8414755463600159,0.4322296679019928
YOR070C,YHR161C,0,0.37942266,0.16337591409683228,0.8414755463600159,0.4323296844959259
YER093C,YPR137W,0,0.3791353,0.16334429383277893,0.8414755463600159,0.4324297308921814
YIL019W,YPL171C,0,0.3791238,0.16331268846988678,0.8414755463600159,0.4325297474861145
YDR013W,YHL027W,0,0.37907732,0.16328109800815582,0.8414755463600159,0.43262979388237
YJL140W,YOR019W,0,0.37875193,0.16324952244758606,0.8414755463600159,0.4327298104763031
YPL130W,YJR150C,1,0.3786177,0.16341133415699005,0.8424725532531738,0.4327298104763031
YER173W,YJL181W,0,0.37683797,0.1633797436952591,0.8424725532531738,0.4328298568725586
YJL158C,YDL225W,1,0.37631845,0.16354146599769592,0.8434696197509766,0.4328298568725586
YPL172C,YHR153C,0,0.37603533,0.16350986063480377,0.8434696197509766,0.4329298734664917
YDL119C,YLR390W-A,0,0.3757295,0.16347825527191162,0.8434696197509766,0.4330299198627472
YLR213C,YDL059C,0,0.37434745,0.16344667971134186,0.8434696197509766,0.4331299364566803
YJR107W,YMR303C,0,0.37389916,0.1634151041507721,0.8434696197509766,0.4332299828529358
YDR071C,YGL232W,0,0.37331015,0.16338354349136353,0.8434696197509766,0.4333299994468689
YDR046C,YNR050C,0,0.37277764,0.16335199773311615,0.8434696197509766,0.433430016040802
YJL078C,YIR039C,1,0.37270343,0.16351351141929626,0.8444666266441345,0.433430016040802
YCR044C,YBR052C,0,0.37268615,0.1634819507598877,0.8444666266441345,0.4335300624370575
YLR134W,YGR177C,0,0.37238747,0.16345040500164032,0.8444666266441345,0.4336300790309906
YGL171W,YOR020C,0,0.37151355,0.16341887414455414,0.8444666266441345,0.4337301254272461
YGR281W,YML115C,0,0.37127256,0.16338734328746796,0.8444666266441345,0.4338301420211792
YOR253W,YER174C,0,0.37090462,0.16335582733154297,0.8444666266441345,0.4339301884174347
YDL012C,YLR029C,0,0.37053216,0.16332434117794037,0.8444666266441345,0.4340302050113678
YDR233C,YFL013C,0,0.3699659,0.16329284012317657,0.8444666266441345,0.4341302514076233
YAR015W,YML012W,0,0.36965102,0.16326136887073517,0.8444666266441345,0.4342302680015564
YBR153W,YPR114W,0,0.36885917,0.16322991251945496,0.8444666266441345,0.4343302845954895
YLL053C,YKL114C,0,0.36814398,0.16319845616817474,0.8444666266441345,0.434430330991745
YBR202W,YML133C,0,0.36770397,0.16316701471805573,0.8444666266441345,0.4345303475856781
YBR168W,YIL173W,0,0.3676213,0.1631355881690979,0.8444666266441345,0.4346303939819336
YLR048W,YOL067C,0,0.36751914,0.16310417652130127,0.8444666266441345,0.4347304105758667
YJL121C,YNL063W,0,0.3668481,0.16307277977466583,0.8444666266441345,0.4348304569721222
YOL155C,YKR102W,1,0.36651957,0.16323387622833252,0.8454636335372925,0.4348304569721222
YKL046C,YLR286C,1,0.36609995,0.16339491307735443,0.8464606404304504,0.4348304569721222
YNL309W,YLR333C,0,0.36603636,0.1633634716272354,0.8464606404304504,0.4349304735660553
YBR061C,YJR147W,0,0.36440313,0.1633320450782776,0.8464606404304504,0.4350305199623108
YJR121W,YBL076C,0,0.3642589,0.16330063343048096,0.8464606404304504,0.4351305365562439
YKL063C,YNL045W,0,0.36387795,0.16326923668384552,0.8464606404304504,0.4352305829524994
YDL133C-A,YPL145C,0,0.3635934,0.16323783993721008,0.8464606404304504,0.4353305995464325
YJR151C,YJR150C,1,0.36348212,0.16339869797229767,0.8474576473236084,0.4353305995464325
YOL138C,YMR194W,0,0.36314029,0.16336728632450104,0.8474576473236084,0.4354306161403656
YLR452C,YMR026C,0,0.36208802,0.1633358895778656,0.8474576473236084,0.4355306625366211
YNR013C,YCL067C,0,0.36178195,0.16330450773239136,0.8474576473236084,0.4356306791305542
YPL096W,YDL204W,0,0.36171377,0.1632731407880783,0.8474576473236084,0.4357307255268097
YER114C,YBR267W,0,0.3614794,0.16324178874492645,0.8474576473236084,0.4358307421207428
YOL056W,YLR006C,0,0.3611799,0.1632104516029358,0.8474576473236084,0.4359307885169983
YGL039W,YER091C,0,0.3601156,0.16317911446094513,0.8474576473236084,0.4360308051109314
YBR172C,YBR029C,0,0.36007214,0.16314779222011566,0.8474576473236084,0.4361308515071869
YNR035C,YDR144C,0,0.3592649,0.1631164848804474,0.8474576473236084,0.43623086810112
YER082C,YPL013C,0,0.35835767,0.1630851924419403,0.8474576473236084,0.4363308846950531
YGL147C,YDR247W,0,0.35826862,0.16305390000343323,0.8474576473236084,0.4364309310913086
YNL322C,YOR242C,1,0.35822362,0.16321441531181335,0.8484546542167664,0.4364309310913086
YKR102W,YDL127W,0,0.35811174,0.16318312287330627,0.8484546542167664,0.4365309476852417
YLR075W,YMR165C,0,0.35803366,0.1631518453359604,0.8484546542167664,0.4366309940814972
YAL007C,YLR353W,0,0.35777915,0.1631205677986145,0.8484546542167664,0.4367310106754303
YKL096W-A,YDL049C,1,0.35738456,0.16328094899654388,0.8494516611099243,0.4367310106754303
YAL024C,YHR028C,0,0.35722482,0.163249671459198,0.8494516611099243,0.4368310570716858
YPR007C,YGR191W,0,0.35679924,0.1632183939218521,0.8494516611099243,0.4369310736656189
YGR101W,YHR214C-B,0,0.35660124,0.16318713128566742,0.8494516611099243,0.4370311200618744
YNL081C,YPR163C,0,0.35595286,0.16315588355064392,0.8494516611099243,0.4371311366558075
YNL129W,YHR139C,0,0.35562217,0.16312463581562042,0.8494516611099243,0.437231183052063
YMR205C,YEL032W,0,0.35487413,0.1630934178829193,0.8494516611099243,0.4373311996459961
YOR190W,YMR215W,1,0.35453308,0.16325359046459198,0.8504486680030823,0.4373311996459961
YHR056C,YFR031C-A,0,0.35326612,0.16322234272956848,0.8504486680030823,0.4374312162399292
YFL048C,YJL011C,0,0.35082984,0.16319112479686737,0.8504486680030823,0.4375312626361847
YJR048W,YDL148C,0,0.35047883,0.16315990686416626,0.8504486680030823,0.4376312792301178
YNR006W,YJR073C,0,0.35033256,0.16312870383262634,0.8504486680030823,0.4377313256263733
YBR295W,YGL028C,0,0.34933954,0.16309751570224762,0.8504486680030823,0.4378313422203064
YBL005W-B,YBL031W,0,0.3492248,0.1630663424730301,0.8504486680030823,0.4379313886165619
YML125C,YLR404W,0,0.34873247,0.16303516924381256,0.8504486680030823,0.438031405210495
YKL150W,YLL031C,0,0.34763443,0.16300401091575623,0.8504486680030823,0.4381314516067505
YPR163C,YDL093W,0,0.3468448,0.16297286748886108,0.8504486680030823,0.4382314682006836
YLR107W,YGR199W,0,0.34588397,0.16294173896312714,0.8504486680030823,0.4383314847946167
YJR160C,YML116W,0,0.34568536,0.16291062533855438,0.8504486680030823,0.4384315311908722
YDR056C,YOR025W,0,0.34539223,0.16287951171398163,0.8504486680030823,0.4385315477848053
YDR075W,YDR372C,0,0.34478807,0.16284841299057007,0.8504486680030823,0.4386315941810608
YKL006C-A,YER154W,0,0.3447566,0.1628173291683197,0.8504486680030823,0.4387316107749939
YCR036W,YLR345W,0,0.34470677,0.16278626024723053,0.8504486680030823,0.4388316571712494
YLR193C,YJR041C,0,0.3444817,0.16275520622730255,0.8504486680030823,0.4389316737651825
YHR056C,YPL235W,0,0.34427136,0.16272415220737457,0.8504486680030823,0.439031720161438
YOR147W,YMR059W,0,0.3435201,0.1626931130886078,0.8504486680030823,0.4391317367553711
YKL067W,YDR451C,0,0.34311694,0.1626620888710022,0.8504486680030823,0.4392317831516266
YLR004C,YOR283W,0,0.34307367,0.1626310795545578,0.8504486680030823,0.4393317997455597
YLR060W,YPL204W,0,0.34242767,0.1626000702381134,0.8504486680030823,0.4394318163394928
YBR301W,YDR134C,1,0.3412431,0.1627596765756607,0.8514456748962402,0.4394318163394928
YLR106C,YNL085W,0,0.34120446,0.16272865235805511,0.8514456748962402,0.4395318627357483
YOR388C,YLR312W-A,0,0.34085858,0.1626976579427719,0.8514456748962402,0.4396318793296814
YDL054C,YLR259C,0,0.3403566,0.1626666635274887,0.8514456748962402,0.4397319257259369
YOR292C,YPR037C,0,0.33942783,0.1626356840133667,0.8514456748962402,0.43983194231987
YDR247W,YPL026C,0,0.3390882,0.16260471940040588,0.8514456748962402,0.4399319887161255
YHR149C,YDL028C,0,0.33865315,0.16257376968860626,0.8514456748962402,0.4400320053100586
YLR452C,YDL019C,0,0.33798802,0.16254281997680664,0.8514456748962402,0.4401320517063141
YMR232W,YDR508C,0,0.33712924,0.1625119000673294,0.8514456748962402,0.4402320683002472
YDR090C,YNL199C,0,0.3369894,0.16248098015785217,0.8514456748962402,0.4403320848941803
YOR070C,YNL207W,0,0.33674693,0.16245006024837494,0.8514456748962402,0.4404321312904358
YDL184C,YJR084W,0,0.3367188,0.1624191701412201,0.8514456748962402,0.4405321478843689
YKL144C,YFL054C,0,0.3343187,0.16238828003406525,0.8514456748962402,0.4406321942806244
YAL059W,YML018C,0,0.3336622,0.1623574197292328,0.8514456748962402,0.4407322108745575
YDR524C,YLR352W,0,0.33343738,0.16232655942440033,0.8514456748962402,0.440832257270813
YGL206C,YPR175W,0,0.3334095,0.16229569911956787,0.8514456748962402,0.4409322738647461
YGL094C,YDL051W,0,0.3331894,0.1622648686170578,0.8514456748962402,0.4410323202610016
YGR211W,YKL117W,0,0.33310983,0.16223403811454773,0.8514456748962402,0.4411323368549347
YDL247W,YPL179W,0,0.3325889,0.16220322251319885,0.8514456748962402,0.4412323832511902
YPL130W,YEL040W,1,0.33245397,0.16236232221126556,0.8524426817893982,0.4412323832511902
YJL062W-A,YOR059C,0,0.33245268,0.1623314917087555,0.8524426817893982,0.4413323998451233
YMR225C,YDR285W,0,0.33209175,0.16230067610740662,0.8524426817893982,0.4414324164390564
YBR177C,YDR259C,0,0.3318737,0.16226987540721893,0.8524426817893982,0.4415324628353119
YDR265W,YKL194C,0,0.3317225,0.16223908960819244,0.8524426817893982,0.441632479429245
YKL205W,YDR131C,0,0.33135617,0.16220830380916595,0.8524426817893982,0.4417325258255005
YNL284C-A,YBR089C-A,0,0.33086723,0.16217754781246185,0.8524426817893982,0.4418325424194336
YOR068C,YOR110W,0,0.3298689,0.16214679181575775,0.8524426817893982,0.4419325888156891
YOR002W,YOR306C,0,0.32910913,0.16211603581905365,0.8524426817893982,0.4420326054096222
YNL098C,YBR272C,0,0.32884845,0.16208530962467194,0.8524426817893982,0.4421326518058777
YLL019C,YGL004C,0,0.3284925,0.16205458343029022,0.8524426817893982,0.4422326683998108
YNR019W,YDR004W,0,0.32832545,0.1620238721370697,0.8524426817893982,0.4423326849937439
YLR258W,YLR238W,0,0.3280434,0.16199317574501038,0.8524426817893982,0.4424327313899994
YGR179C,YNL101W,0,0.32780257,0.16196249425411224,0.8524426817893982,0.4425327479839325
YEL017C-A,YGR218W,0,0.32769164,0.1619318127632141,0.8524426817893982,0.442632794380188
YJR084W,YGR254W,0,0.32765156,0.16190116107463837,0.8524426817893982,0.4427328109741211
YPR122W,YCR009C,0,0.32749176,0.16187050938606262,0.8524426817893982,0.4428328573703766
YKL172W,YDR470C,0,0.3269777,0.16183985769748688,0.8524426817893982,0.4429328739643097
YOR243C,YDR404C,0,0.32628858,0.16180923581123352,0.8524426817893982,0.4430329203605652
YOL038W,YER159C,0,0.32603446,0.16177861392498016,0.8524426817893982,0.4431329369544983
YPR010C,YAL017W,0,0.32579076,0.161748006939888,0.8524426817893982,0.4432329833507538
YOR002W,YDR372C,0,0.32548726,0.16171741485595703,0.8524426817893982,0.4433329999446869
YML027W,YDL028C,0,0.32510316,0.16168683767318726,0.8524426817893982,0.44343301653862
YFL010W-A,YDR083W,0,0.32455808,0.16165626049041748,0.8524426817893982,0.4435330629348755
YKR038C,YNL304W,0,0.3245474,0.1616257131099701,0.8524426817893982,0.4436330795288086
YDR379W,YNL242W,0,0.3243345,0.1615951657295227,0.8524426817893982,0.4437331259250641
YKL013C,YPL235W,0,0.32379967,0.1615646332502365,0.8524426817893982,0.4438331425189972
YPL116W,YKL143W,0,0.32371125,0.16153410077095032,0.8524426817893982,0.4439331889152527
YJR048W,YPR036W,0,0.32365212,0.16150358319282532,0.8524426817893982,0.4440332055091858
YJR040W,YOL052C,0,0.32196754,0.1614730805158615,0.8524426817893982,0.4441332519054413
YLL013C,YHL038C,0,0.32142758,0.1614425927400589,0.8524426817893982,0.4442332684993744
YKR101W,YMR015C,0,0.32115456,0.16141211986541748,0.8524426817893982,0.4443332850933075
YBL069W,YPR152C,0,0.32079136,0.16138164699077606,0.8524426817893982,0.444433331489563
YBL038W,YLR237W,0,0.31955066,0.16135120391845703,0.8524426817893982,0.4445333480834961
YFR041C,YPR169W,0,0.31901115,0.161320760846138,0.8524426817893982,0.4446333944797516
YIL094C,YLR446W,0,0.31846783,0.16129031777381897,0.8524426817893982,0.4447334110736847
YOL158C,YPL269W,0,0.3175154,0.16125990450382233,0.8524426817893982,0.4448334574699402
YKL028W,YJL006C,0,0.31747523,0.16122949123382568,0.8524426817893982,0.4449334740638733
YFL005W,YJL173C,0,0.3168632,0.16119909286499023,0.8524426817893982,0.4450335204601288
YGL243W,YHR174W,0,0.31672317,0.16116870939731598,0.8524426817893982,0.4451335370540619
YLL006W,YBL054W,0,0.31636754,0.16113834083080292,0.8524426817893982,0.4452335834503174
YDR412W,YHR185C,0,0.31592298,0.16110797226428986,0.8524426817893982,0.4453336000442505
YBR080C,YOR009W,0,0.31572807,0.161077618598938,0.8524426817893982,0.4454336166381836
YDL081C,YHR012W,0,0.31525308,0.16104727983474731,0.8524426817893982,0.4455336630344391
YJR101W,YNL288W,0,0.31511194,0.16101695597171783,0.8524426817893982,0.4456336796283722
YJR121W,YJL166W,0,0.31426412,0.16098663210868835,0.8524426817893982,0.4457337260246277
YIL037C,YOR162C,0,0.3125313,0.16095632314682007,0.8524426817893982,0.4458337426185608
YDL039C,YLR068W,0,0.31239197,0.16092602908611298,0.8524426817893982,0.4459337890148163
YDR418W,YMR087W,0,0.31223962,0.16089574992656708,0.8524426817893982,0.4460338056087494
YMR215W,YNL300W,1,0.3121537,0.1610536277294159,0.8534396886825562,0.4460338056087494
YOR065W,YIL038C,0,0.31205964,0.1610233187675476,0.8534396886825562,0.4461338520050049
YPR190C,YFL033C,0,0.3120333,0.1609930396080017,0.8534396886825562,0.446233868598938
YPL172C,YMR125W,0,0.3115015,0.160962775349617,0.8534396886825562,0.4463339149951935
YDR046C,YKR057W,0,0.31148905,0.1609325110912323,0.8534396886825562,0.4464339315891266
YLR417W,YCL026C-B,0,0.31132814,0.1609022617340088,0.8534396886825562,0.4465339481830597
YMR175W,YGR181W,0,0.30986387,0.16087201237678528,0.8534396886825562,0.4466339945793152
YNR021W,YDR320C-A,0,0.3094518,0.16084179282188416,0.8534396886825562,0.4467340111732483
YPL141C,YLR433C,0,0.30935013,0.16081157326698303,0.8534396886825562,0.4468340575695038
YDR530C,YEL041W,0,0.30933034,0.1607813686132431,0.8534396886825562,0.4469340741634369
YGL085W,YBL022C,0,0.30925506,0.16075117886066437,0.8534396886825562,0.4470341205596924
YPL157W,YOL040C,0,0.30893654,0.16072098910808563,0.8534396886825562,0.4471341371536255
YDL160C,YOR129C,0,0.30843788,0.1606908142566681,0.8534396886825562,0.447234183549881
YMR049C,YDR233C,0,0.30832857,0.16066065430641174,0.8534396886825562,0.4473342001438141
YLL050C,YBR082C,0,0.30628163,0.1606305092573166,0.8534396886825562,0.4474342167377472
YAR050W,YNL190W,1,0.30615515,0.16078799962997437,0.8544366955757141,0.4474342167377472
YIL123W,YCR089W,1,0.30588636,0.16094541549682617,0.8554337024688721,0.4474342167377472
YLL033W,YOR201C,0,0.30563223,0.16091522574424744,0.8554337024688721,0.4475342631340027
YML100W,YNL073W,0,0.30520195,0.1608850508928299,0.8554337024688721,0.4476342797279358
YMR063W,YDR261W-B,0,0.30454677,0.16085489094257355,0.8554337024688721,0.4477343261241913
YKL096W-A,YBR189W,0,0.30440858,0.1608247458934784,0.8554337024688721,0.4478343427181244
YOL020W,YNL136W,0,0.30436862,0.16079460084438324,0.8554337024688721,0.4479343891143799
YBR059C,YDR320C-A,0,0.30390096,0.16076447069644928,0.8554337024688721,0.448034405708313
YDR096W,YER061C,0,0.30303922,0.1607343554496765,0.8554337024688721,0.4481344521045685
YER093C,YDR320C-A,0,0.30289474,0.16070425510406494,0.8554337024688721,0.4482344686985016
YDR320C-A,YER019C-A,0,0.30224404,0.16067415475845337,0.8554337024688721,0.4483345150947571
YNL038W,YLR017W,0,0.3010744,0.160644069314003,0.8554337024688721,0.4484345316886902
YBR276C,YNL192W,0,0.30072308,0.1606139987707138,0.8554337024688721,0.4485345482826233
YPL198W,YDR332W,0,0.3002003,0.16058394312858582,0.8554337024688721,0.4486345946788788
YMR184W,YHR033W,0,0.2997425,0.16055388748645782,0.8554337024688721,0.4487346112728119
YBR145W,YNL027W,0,0.299545,0.16052384674549103,0.8554337024688721,0.4488346576690674
YGL014W,YNL311C,0,0.29867762,0.16049382090568542,0.8554337024688721,0.4489346742630005
YNL293W,YLR204W,0,0.29846936,0.16046380996704102,0.8554337024688721,0.449034720659256
YBL024W,YJR098C,0,0.29821527,0.1604338139295578,0.8554337024688721,0.4491347372531891
YDR104C,YDR134C,1,0.29768515,0.1605907678604126,0.85643070936203,0.4491347372531891
YPR120C,YDR320C-A,0,0.29762387,0.160560742020607,0.85643070936203,0.4492347836494446
YGL135W,YNL081C,0,0.297579,0.16053074598312378,0.85643070936203,0.4493348002433777
YDR044W,YIR002C,0,0.29737246,0.16050074994564056,0.85643070936203,0.4494348168373108
YPR128C,YKR038C,0,0.29707736,0.16047076880931854,0.85643070936203,0.4495348632335663
YCL008C,YGR052W,0,0.29706815,0.16044078767299652,0.85643070936203,0.4496348798274994
YDR353W,YLR390W-A,0,0.29605046,0.1604108363389969,0.85643070936203,0.4497349262237549
YNR072W,YOR175C,0,0.2952366,0.16038088500499725,0.85643070936203,0.449834942817688
YDR399W,YHR011W,0,0.29516175,0.1603509485721588,0.85643070936203,0.4499349892139435
YDL246C,YOR209C,0,0.29511097,0.16032101213932037,0.85643070936203,0.4500350058078766
YDR083W,YDR086C,0,0.29468435,0.16029110550880432,0.85643070936203,0.4501350522041321
YDR424C,YMR072W,0,0.29423398,0.16026119887828827,0.85643070936203,0.4502350687980652
YJL171C,YLR308W,1,0.29420066,0.160417839884758,0.857427716255188,0.4502350687980652
YBR223C,YDR297W,0,0.2941804,0.16038791835308075,0.857427716255188,0.4503351151943207
YDR423C,YDR363W-A,0,0.29399878,0.1603580117225647,0.857427716255188,0.4504351317882538
YDR104C,YJR150C,1,0.2935903,0.16051454842090607,0.858424723148346,0.4504351317882538
YAL005C,YOL030W,1,0.29356396,0.16067101061344147,0.8594217300415039,0.4504351317882538
YGL129C,YJR015W,0,0.29352352,0.16064107418060303,0.8594217300415039,0.4505351483821869
YPL111W,YBR115C,0,0.292423,0.1606111377477646,0.8594217300415039,0.4506351947784424
YDR260C,YDR453C,0,0.29218578,0.16058121621608734,0.8594217300415039,0.4507352113723755
YOL042W,YGL249W,0,0.2921591,0.1605513095855713,0.8594217300415039,0.450835257768631
YJR133W,YBL064C,0,0.29190877,0.16052141785621643,0.8594217300415039,0.4509352743625641
YLR333C,YDR158W,0,0.29125717,0.16049152612686157,0.8594217300415039,0.4510353207588196
YBR045C,YNL029C,0,0.29079425,0.1604616492986679,0.8594217300415039,0.4511353373527527
YPR133W-A,YNL123W,0,0.29046893,0.16043178737163544,0.8594217300415039,0.4512353837490082
YOL102C,YKL194C,0,0.29001427,0.16040194034576416,0.8594217300415039,0.4513354003429413
YML113W,YOL078W,0,0.28999364,0.16037209331989288,0.8594217300415039,0.4514354169368744
YNL012W,YPR046W,0,0.28978848,0.1603422611951828,0.8594217300415039,0.4515354633331299
YMR308C,YJL208C,0,0.28948125,0.1603124439716339,0.8594217300415039,0.451635479927063
YJL033W,YEL020W-A,0,0.28931463,0.16028262674808502,0.8594217300415039,0.4517355263233185
YLR004C,YOL059W,0,0.2887898,0.16025283932685852,0.8594217300415039,0.4518355429172516
YMR188C,YPR035W,0,0.28877398,0.16022305190563202,0.8594217300415039,0.4519355893135071
YML132W,YER056C,0,0.2882424,0.1601932793855667,0.8594217300415039,0.4520356059074402
YLR183C,YDR377W,0,0.2878343,0.1601635068655014,0.8594217300415039,0.4521356523036957
YKL007W,YHR148W,0,0.28720838,0.1601337492465973,0.8594217300415039,0.4522356688976288
YBL035C,YHR028C,0,0.2870804,0.16010400652885437,0.8594217300415039,0.4523357152938843
YMR163C,YJL136C,0,0.2870469,0.16007427871227264,0.8594217300415039,0.4524357318878174
YBL088C,YAL063C,0,0.28702122,0.1600445657968521,0.8594217300415039,0.4525357484817505
YKR055W,YMR304W,0,0.2869857,0.16001485288143158,0.8594217300415039,0.452635794878006
YGL040C,YMR145C,0,0.2859368,0.15998515486717224,0.8594217300415039,0.4527358114719391
YDR210C-C,YIL080W,0,0.2855238,0.1599554717540741,0.8594217300415039,0.4528358578681946
YPL075W,YNL208W,0,0.2848156,0.15992578864097595,0.8594217300415039,0.4529358744621277
YOR304C-A,YNL025C,0,0.2833271,0.159896120429039,0.8594217300415039,0.4530359208583832
YCR002C,YJL078C,1,0.2833153,0.16005192697048187,0.8604187369346619,0.4530359208583832
YIL070C,YDR262W,0,0.282161,0.16002224385738373,0.8604187369346619,0.4531359374523163
YFL039C,YML047C,0,0.28020245,0.15999259054660797,0.8604187369346619,0.4532359838485718
YHR014W,YDL164C,0,0.2800317,0.15996292233467102,0.8604187369346619,0.4533360004425049
YBR026C,YBR168W,0,0.27996898,0.15993328392505646,0.8604187369346619,0.453436017036438
YBL100W-B,YDR165W,0,0.27970433,0.1599036455154419,0.8604187369346619,0.4535360634326935
YPL178W,YGR274C,0,0.2789044,0.15987402200698853,0.8604187369346619,0.4536360800266266
YKL009W,YMR318C,0,0.27876297,0.15984441339969635,0.8604187369346619,0.4537361264228821
YHL012W,YER133W,0,0.27797228,0.15981481969356537,0.8604187369346619,0.4538361430168152
YLR042C,YBR049C,0,0.2779325,0.1597852259874344,0.8604187369346619,0.4539361894130707
YMR042W,YDR014W,0,0.27790117,0.1597556471824646,0.8604187369346619,0.4540362060070038
YGR264C,YKR093W,0,0.27759922,0.159726083278656,0.8604187369346619,0.4541362524032593
YCL001W,YNL335W,0,0.27661365,0.1596965193748474,0.8604187369346619,0.4542362689971924
YPR191W,YIL035C,0,0.2763577,0.1596669703722,0.8604187369346619,0.4543363153934479
YIL125W,YBR072W,0,0.2752394,0.1596374362707138,0.8604187369346619,0.454436331987381
YKL007W,YDL091C,0,0.2752234,0.1596079170703888,0.8604187369346619,0.4545363485813141
YHR211W,YLR115W,0,0.27478567,0.15957839787006378,0.8604187369346619,0.4546363949775696
YKL096W-A,YPL130W,1,0.27299663,0.15973377227783203,0.8614157438278198,0.4546363949775696
YMR045C,YOR378W,0,0.27290797,0.15970425307750702,0.8614157438278198,0.4547364115715027
YBR176W,YOR378W,0,0.27263808,0.159674733877182,0.8614157438278198,0.4548364579677582
YOR155C,YGR009C,0,0.27249107,0.1596452295780182,0.8614157438278198,0.4549364745616913
YML005W,YBR182C,0,0.27186233,0.15961574018001556,0.8614157438278198,0.4550365209579468
YOL144W,YDL139C,0,0.2712885,0.15958625078201294,0.8614157438278198,0.4551365375518799
YJR084W,YGR086C,0,0.2708707,0.1595567911863327,0.8614157438278198,0.4552365839481354
YIL154C,YNR031C,0,0.27084178,0.15952733159065247,0.8614157438278198,0.4553366005420685
YDL141W,YLR315W,0,0.27054012,0.15949787199497223,0.8614157438278198,0.4554366171360016
YPL262W,YDR429C,0,0.2699793,0.15946844220161438,0.8614157438278198,0.4555366635322571
YPL144W,YBR003W,0,0.26985914,0.15943901240825653,0.8614157438278198,0.4556366801261902
YMR159C,YLR154C,0,0.2695639,0.15940959751605988,0.8614157438278198,0.4557367265224457
YGL104C,YKL038W,0,0.26898453,0.15938018262386322,0.8614157438278198,0.4558367431163788
YLR306W,YOR389W,0,0.26888415,0.15935079753398895,0.8614157438278198,0.4559367895126343
YLR356W,YPR019W,0,0.26860398,0.15932141244411469,0.8614157438278198,0.4560368061065674
YIL171W,YDR011W,0,0.26767072,0.1592920422554016,0.8614157438278198,0.4561368525028229
YGR159C,YHR076W,0,0.26749957,0.15926267206668854,0.8614157438278198,0.456236869096756
YBR166C,YJL030W,0,0.26736403,0.15923331677913666,0.8614157438278198,0.4563369154930115
YPR006C,YBR214W,0,0.26714557,0.15920397639274597,0.8614157438278198,0.4564369320869446
YIR039C,YMR152W,0,0.26545453,0.15917465090751648,0.8614157438278198,0.4565369486808777
YMR168C,YOR299W,0,0.2654449,0.159145325422287,0.8614157438278198,0.4566369950771332
YDL040C,YOR249C,0,0.2651918,0.1591160148382187,0.8614157438278198,0.4567370116710663
YGR188C,YJL165C,0,0.26474595,0.15908671915531158,0.8614157438278198,0.4568370580673218
YJR083C,YHR082C,0,0.26446718,0.15905743837356567,0.8614157438278198,0.4569370746612549
YIL006W,YPR042C,0,0.26425388,0.15902815759181976,0.8614157438278198,0.4570371210575104
YBR037C,YCL026C-B,0,0.26304924,0.15899889171123505,0.8614157438278198,0.4571371376514435
YOL155C,YDR090C,0,0.26285693,0.15896964073181152,0.8614157438278198,0.457237184047699
YLR213C,YDR276C,0,0.2615958,0.1589404046535492,0.8614157438278198,0.4573372006416321
YGR260W,YMR314W,0,0.26141882,0.15891116857528687,0.8614157438278198,0.4574372172355652
YNR020C,YNL178W,0,0.2578848,0.15888194739818573,0.8614157438278198,0.4575372636318207
YDL133C-A,YHR061C,0,0.2576468,0.1588527262210846,0.8614157438278198,0.4576372802257538
YBR058C-A,YMR218C,0,0.25746673,0.15882353484630585,0.8614157438278198,0.4577373266220093
YJL065C,YLR024C,0,0.25677267,0.1587943434715271,0.8614157438278198,0.4578373432159424
YJL187C,YMR188C,0,0.25667557,0.15876516699790955,0.8614157438278198,0.4579373896121979
YPL011C,YGR109W-B,0,0.25556672,0.158735990524292,0.8614157438278198,0.458037406206131
YLR017W,YMR296C,0,0.25530326,0.15870682895183563,0.8614157438278198,0.4581374526023865
YDR330W,YER044C,0,0.25495267,0.15867768228054047,0.8614157438278198,0.4582374691963196
YEL036C,YDR139C,0,0.25428116,0.1586485505104065,0.8614157438278198,0.4583375155925751
YAL051W,YDR358W,0,0.2540288,0.15861941874027252,0.8614157438278198,0.4584375321865082
YCR040W,YDR280W,0,0.25392982,0.15859030187129974,0.8614157438278198,0.4585375487804413
YDR030C,YIL034C,0,0.25343737,0.15856119990348816,0.8614157438278198,0.4586375951766968
YNL167C,YJL062W-A,0,0.2533361,0.15853211283683777,0.8614157438278198,0.4587376117706299
YLR287C-A,YOR117W,0,0.2529994,0.15850302577018738,0.8614157438278198,0.4588376581668854
YLR313C,YIL048W,0,0.2521329,0.15847395360469818,0.8614157438278198,0.4589376747608185
YBR125C,YNL024C,0,0.2518568,0.15844489634037018,0.8614157438278198,0.459037721157074
YJL155C,YBR091C,0,0.2499651,0.15841583907604218,0.8614157438278198,0.4591377377510071
YHL032C,YDR117C,0,0.24975482,0.15838679671287537,0.8614157438278198,0.4592377841472626
YIL011W,YLR390W-A,1,0.24960184,0.15854105353355408,0.8624127507209778,0.4592377841472626
YER031C,YER145C,0,0.24932897,0.15851199626922607,0.8624127507209778,0.4593378007411957
YJR151C,YIR039C,1,0.24875188,0.15866617858409882,0.8634097576141357,0.4593378007411957
YMR159C,YHL038C,0,0.2487194,0.15863710641860962,0.8634097576141357,0.4594378173351288
YGR217W,YMR118C,0,0.24839368,0.1586080640554428,0.8634097576141357,0.4595378637313843
YNL233W,YCL075W,0,0.24812347,0.158579021692276,0.8634097576141357,0.4596378803253174
YOR297C,YAL024C,0,0.24770474,0.1585499793291092,0.8634097576141357,0.4597379267215729
YDL209C,YLR206W,0,0.24764872,0.15852095186710358,0.8634097576141357,0.459837943315506
YPL075W,YOR201C,0,0.24738446,0.15849195420742035,0.8634097576141357,0.4599379897117615
YDL235C,YJR094W-A,0,0.24541807,0.15846294164657593,0.8634097576141357,0.4600380063056946
YBR026C,YEL039C,0,0.24504167,0.1584339588880539,0.8634097576141357,0.4601380527019501
YGR286C,YBR030W,0,0.24501061,0.15840497612953186,0.8634097576141357,0.4602380692958832
YNL052W,YDR242W,0,0.244549,0.15837600827217102,0.8634097576141357,0.46033811569213867
YOR142W-B,YLL002W,0,0.2440921,0.15834704041481018,0.8634097576141357,0.4604381322860718
YDL075W,YGR097W,0,0.24356389,0.15831810235977173,0.8634097576141357,0.4605381488800049
YMR312W,YHL004W,0,0.24302447,0.15828916430473328,0.8634097576141357,0.4606381952762604
YLR209C,YLL043W,0,0.24234629,0.15826024115085602,0.8634097576141357,0.4607382118701935
YBR020W,YKL154W,0,0.24227661,0.15823131799697876,0.8634097576141357,0.460838258266449
YDR104C,YNR044W,1,0.24198645,0.15838509798049927,0.8644067645072937,0.460838258266449
YMR205C,YKL182W,0,0.24196622,0.15835615992546082,0.8644067645072937,0.4609382748603821
YJR029W,YEL030W,0,0.23936337,0.15832725167274475,0.8644067645072937,0.4610383212566376
YDR384C,YGL213C,0,0.23924223,0.1582983434200287,0.8644067645072937,0.4611383378505707
YPL103C,YNL079C,0,0.23919582,0.15826943516731262,0.8644067645072937,0.46123838424682617
YOR351C,YOL136C,0,0.23888725,0.15824055671691895,0.8644067645072937,0.4613384008407593
YJL141C,YBL005W,0,0.2388596,0.15821167826652527,0.8644067645072937,0.4614384174346924
YDR530C,YMR315W,0,0.23858953,0.15818281471729279,0.8644067645072937,0.4615384638309479
YLR190W,YOR373W,0,0.23815271,0.1581539511680603,0.8644067645072937,0.461638480424881
YGR221C,YHR164C,0,0.2381159,0.1581251174211502,0.8644067645072937,0.4617385268211365
YFL001W,YLR330W,0,0.23708999,0.1580962836742401,0.8644067645072937,0.4618385434150696
YHL028W,YBR042C,0,0.23701221,0.15806744992733002,0.8644067645072937,0.4619385898113251
YER178W,YEL021W,0,0.23673543,0.1580386459827423,0.8644067645072937,0.4620386064052582
YOL096C,YJL019W,0,0.23639938,0.1580098420381546,0.8644067645072937,0.46213865280151367
YGR081C,YER103W,0,0.23600459,0.1579810529947281,0.8644067645072937,0.4622386693954468
YGL006W,YDR470C,0,0.23561177,0.15795226395130157,0.8644067645072937,0.46233871579170227
YDR447C,YGR095C,0,0.23516214,0.15792350471019745,0.8644067645072937,0.4624387323856354
YOL002C,YNL172W,0,0.23488536,0.15789473056793213,0.8644067645072937,0.4625387489795685
YCR014C,YBR301W,0,0.23483288,0.1578659862279892,0.8644067645072937,0.462638795375824
YBR045C,YNL122C,0,0.23481536,0.15783724188804626,0.8644067645072937,0.4627388119697571
YLR321C,YML101C,0,0.23480654,0.15780851244926453,0.8644067645072937,0.4628388583660126
YGR235C,YPL149W,0,0.23401517,0.15777979791164398,0.8644067645072937,0.4629388749599457
YGR253C,YBR045C,0,0.23370093,0.15775109827518463,0.8644067645072937,0.46303892135620117
YML027W,YKL002W,0,0.23309517,0.15772239863872528,0.8644067645072937,0.4631389379501343
YGL010W,YNL202W,0,0.23296297,0.15769371390342712,0.8644067645072937,0.46323898434638977
YDR499W,YJL189W,0,0.23281825,0.15766502916812897,0.8644067645072937,0.4633390009403229
YBR045C,YMR013C,0,0.23185551,0.157636359333992,0.8644067645072937,0.463439017534256
YBR041W,YGL142C,0,0.23161292,0.15760770440101624,0.8644067645072937,0.4635390639305115
YDR127W,YLR360W,0,0.23121005,0.15757906436920166,0.8644067645072937,0.4636390805244446
YDL078C,YGL112C,0,0.23079532,0.15755042433738708,0.8644067645072937,0.4637391269207001
YLR001C,YHR103W,0,0.23034388,0.1575217992067337,0.8644067645072937,0.4638391435146332
YDR361C,YJR005W,0,0.23006383,0.15749318897724152,0.8644067645072937,0.46393918991088867
YPL002C,YBL039C,0,0.22982132,0.15746457874774933,0.8644067645072937,0.4640392065048218
YIL011W,YHR107C,1,0.2296685,0.15761758387088776,0.8654037714004517,0.4640392065048218
YIR037W,YMR099C,0,0.22953743,0.15758895874023438,0.8654037714004517,0.46413925290107727
YOL057W,YCR106W,0,0.22912195,0.1575603485107422,0.8654037714004517,0.4642392694950104
YBL064C,YHL025W,0,0.22868478,0.1575317531824112,0.8654037714004517,0.46433931589126587
YPL138C,YNL160W,0,0.22806346,0.1575031727552414,0.8654037714004517,0.464439332485199
YBR291C,YBR081C,0,0.22762391,0.1574746072292328,0.8654037714004517,0.4645393490791321
YPL075W,YPR184W,0,0.22736725,0.15744604170322418,0.8654037714004517,0.4646393954753876
YDR464W,YJR028W,0,0.22715476,0.15741747617721558,0.8654037714004517,0.4647394120693207
YOR190W,YNL300W,1,0.22605512,0.1575702577829361,0.8664007782936096,0.4647394120693207
YMR322C,YMR040W,0,0.2255083,0.1575416922569275,0.8664007782936096,0.46483945846557617
YOL105C,YPL176C,0,0.22531149,0.15751314163208008,0.8664007782936096,0.4649394750595093
YLR350W,YNL227C,0,0.22524467,0.15748459100723267,0.8664007782936096,0.46503952145576477
YJL125C,YMR158W,0,0.22522375,0.15745605528354645,0.8664007782936096,0.4651395380496979
YER161C,YHR024C,0,0.22500873,0.15742753446102142,0.8664007782936096,0.46523958444595337
YDL081C,YPL068C,0,0.22432008,0.1573990285396576,0.8664007782936096,0.4653396010398865
YHR077C,YIR017C,0,0.22415173,0.15737052261829376,0.8664007782936096,0.4654396176338196
YDR513W,YIL048W,0,0.22389936,0.15734203159809113,0.8664007782936096,0.4655396640300751
YGR095C,YER138C,0,0.22356784,0.1573135405778885,0.8664007782936096,0.4656396806240082
YBR120C,YDR261W-B,0,0.22347075,0.15728506445884705,0.8664007782936096,0.46573972702026367
YNL119W,YLR189C,0,0.22226727,0.1572566032409668,0.8664007782936096,0.4658397436141968
YKL006W,YPR137W,0,0.22216463,0.15722815692424774,0.8664007782936096,0.46593979001045227
YGL189C,YOL155C,0,0.22214499,0.1571997106075287,0.8664007782936096,0.4660398066043854
YDR219C,YPL218W,0,0.22189698,0.15717127919197083,0.8664007782936096,0.46613985300064087
YBL090W,YPL174C,0,0.2213864,0.15714286267757416,0.8664007782936096,0.466239869594574
YJR010C-A,YLL024C,0,0.22128785,0.1571144461631775,0.8664007782936096,0.46633991599082947
YLR390W-A,YIL144W,0,0.22110295,0.15708604454994202,0.8664007782936096,0.4664399325847626
YMR273C,YHR175W,0,0.2206752,0.15705765783786774,0.8664007782936096,0.4665399491786957
YLR086W,YNL208W,0,0.22020406,0.15702927112579346,0.8664007782936096,0.46663999557495117
YGL137W,YJR135C,0,0.2193285,0.15700089931488037,0.8664007782936096,0.4667400121688843
YML086C,YGL142C,0,0.21922392,0.15697254240512848,0.8664007782936096,0.46684005856513977
YJL029C,YER112W,0,0.21876681,0.15694420039653778,0.8664007782936096,0.4669400751590729
YCR054C,YGL126W,0,0.21843868,0.15691585838794708,0.8664007782936096,0.46704012155532837
YMR023C,YER167W,0,0.2181871,0.15688753128051758,0.8664007782936096,0.4671401381492615
YOR068C,YNL054W,0,0.21770978,0.15685920417308807,0.8664007782936096,0.46724018454551697
YJR004C,YER011W,1,0.21752587,0.15701137483119965,0.8673977851867676,0.46724018454551697
YFL045C,YGL203C,0,0.21715674,0.15698303282260895,0.8673977851867676,0.4673402011394501
YOR334W,YPR042C,0,0.21647325,0.15695472061634064,0.8673977851867676,0.4674402177333832
YDR306C,YMR040W,0,0.2155999,0.15692640841007233,0.8673977851867676,0.46754026412963867
YDR436W,YHR059W,0,0.21477884,0.1568981111049652,0.8673977851867676,0.4676402807235718
YBR275C,YGL103W,0,0.21468177,0.1568698137998581,0.8673977851867676,0.46774032711982727
YER056C,YGR070W,0,0.21440077,0.15684153139591217,0.8673977851867676,0.4678403437137604
YHR052W,YGR076C,0,0.21436742,0.15681326389312744,0.8673977851867676,0.46794039011001587
YKL062W,YLR098C,0,0.2142126,0.1567850112915039,0.8673977851867676,0.468040406703949
YHR010W,YOL011W,0,0.21417949,0.15675675868988037,0.8673977851867676,0.46814045310020447
YLR075W,YMR080C,0,0.21372506,0.15672852098941803,0.8673977851867676,0.4682404696941376
YLR185W,YML023C,0,0.21335667,0.1567002832889557,0.8673977851867676,0.46834051609039307
YDL029W,YMR257C,0,0.21292084,0.15667207539081573,0.8673977851867676,0.46844053268432617
YGR078C,YDL114W,0,0.21283308,0.15664386749267578,0.8673977851867676,0.4685405492782593
YMR112C,YPR016C,0,0.2122159,0.15661565959453583,0.8673977851867676,0.46864059567451477
YCR004C,YGR116W,0,0.2115879,0.15658746659755707,0.8673977851867676,0.4687406122684479
YDR353W,YLR324W,0,0.21066755,0.1565592885017395,0.8673977851867676,0.46884065866470337
YLR058C,YBR185C,0,0.21046162,0.15653112530708313,0.8673977851867676,0.4689406752586365
YJR155W,YPR204W,0,0.2099756,0.15650296211242676,0.8673977851867676,0.46904072165489197
YDL113C,YML058W-A,0,0.20899576,0.15647481381893158,0.8673977851867676,0.4691407382488251
YHR074W,YLR264W,0,0.20893654,0.1564466804265976,0.8673977851867676,0.46924078464508057
YMR042W,YCR107W,0,0.20876867,0.1564185470342636,0.8673977851867676,0.46934080123901367
YHR157W,YER049W,0,0.20851085,0.15639044344425201,0.8673977851867676,0.4694408178329468
YJR155W,YER081W,0,0.20824477,0.15636232495307922,0.8673977851867676,0.46954086422920227
YDR064W,YNL137C,0,0.20766214,0.15633423626422882,0.8673977851867676,0.4696408808231354
YDR025W,YDR512C,0,0.20673168,0.15630614757537842,0.8673977851867676,0.46974092721939087
YER090W,YDR362C,0,0.20669425,0.1562780737876892,0.8673977851867676,0.469840943813324
YMR305C,YHR107C,1,0.20656425,0.15642960369586945,0.8683947920799255,0.469840943813324
YGL233W,YDR435C,0,0.20627153,0.15640151500701904,0.8683947920799255,0.46994099020957947
YPL111W,YDL019C,0,0.20614487,0.15637342631816864,0.8683947920799255,0.4700410068035126
YBR092C,YDR086C,0,0.20605719,0.15634535253047943,0.8683947920799255,0.47014105319976807
YBR067C,YLR120C,1,0.20591587,0.15649676322937012,0.8693917989730835,0.47014105319976807
YIL051C,YDR451C,0,0.20568725,0.1564686894416809,0.8693917989730835,0.47024106979370117
YCR028C,YPL135W,0,0.20513955,0.1564406156539917,0.8693917989730835,0.47034111618995667
YOR330C,YHL047C,0,0.20414674,0.15641255676746368,0.8693917989730835,0.47044113278388977
YDR500C,YNL054W-A,0,0.20392501,0.15638449788093567,0.8693917989730835,0.4705411493778229
YGL233W,YDR177W,0,0.20390308,0.15635646879673004,0.8693917989730835,0.47064119577407837
YGR177C,YGR252W,0,0.20350254,0.15632843971252441,0.8693917989730835,0.4707412123680115
YAL020C,YER060W,0,0.20347846,0.1563004106283188,0.8693917989730835,0.47084125876426697
YNL298W,YGL095C,0,0.20341334,0.15627239644527435,0.8693917989730835,0.4709412753582001
YPL017C,YDR122W,0,0.20291385,0.1562443971633911,0.8693917989730835,0.47104132175445557
YOR338W,YPL013C,0,0.2026456,0.15621641278266907,0.8693917989730835,0.47114133834838867
YNR013C,YKL067W,0,0.20232299,0.15618842840194702,0.8693917989730835,0.47124138474464417
YJL080C,YPR196W,0,0.2022981,0.15616045892238617,0.8693917989730835,0.47134140133857727
YKR083C,YGL142C,0,0.20216233,0.1561325043439865,0.8693917989730835,0.4714414179325104
YGL059W,YDR247W,0,0.20097172,0.15610454976558685,0.8693917989730835,0.47154146432876587
YAR010C,YPR042C,0,0.2007621,0.1560766100883484,0.8693917989730835,0.471641480922699
YIR039C,YKL134C,0,0.20032981,0.15604867041110992,0.8693917989730835,0.47174152731895447
YMR298W,YDR060W,0,0.19877279,0.15602076053619385,0.8693917989730835,0.4718415439128876
YDR379W,YHR179W,0,0.19840595,0.15599285066127777,0.8693917989730835,0.47194159030914307
YOR025W,YKR093W,0,0.19763452,0.1559649407863617,0.8693917989730835,0.47204160690307617
YCR004C,YML052W,0,0.19691229,0.1559370458126068,0.8693917989730835,0.47214165329933167
YKL046C,YNR067C,1,0.1967411,0.1560879647731781,0.8703888058662415,0.47214165329933167
YHR214C-B,YGL198W,0,0.19619074,0.15606006979942322,0.8703888058662415,0.47224166989326477
YPL252C,YER159C,0,0.19533113,0.15603217482566833,0.8703888058662415,0.47234171628952026
YBR223C,YLR386W,0,0.19468778,0.15600429475307465,0.8703888058662415,0.47244173288345337
YBR233W-A,YAR019C,0,0.19431835,0.15597641468048096,0.8703888058662415,0.4725417494773865
YNL133C,YLR390W-A,0,0.19211861,0.15594854950904846,0.8703888058662415,0.47264179587364197
YGL209W,YPL208W,0,0.19200343,0.15592069923877716,0.8703888058662415,0.4727418124675751
YDR179C,YPL252C,0,0.19105035,0.15589286386966705,0.8703888058662415,0.47284185886383057
YDR451C,YNL130C,0,0.19028667,0.15586502850055695,0.8703888058662415,0.47294187545776367
YGL122C,YKL016C,0,0.19019991,0.15583720803260803,0.8703888058662415,0.47304192185401917
YNL092W,YBR012W-A,0,0.18988377,0.15580938756465912,0.8703888058662415,0.47314193844795227
YDR448W,YDL240W,0,0.18971235,0.1557815819978714,0.8703888058662415,0.47324198484420776
YLR268W,YOR222W,0,0.18947667,0.15575379133224487,0.8703888058662415,0.47334200143814087
YPL060W,YFL041W,0,0.18873596,0.15572600066661835,0.8703888058662415,0.473442018032074
YHR020W,YFR036W,0,0.18841526,0.1556982398033142,0.8703888058662415,0.47354206442832947
YNR011C,YDR090C,0,0.1883975,0.15567046403884888,0.8703888058662415,0.4736420810222626
YOL102C,YHR046C,0,0.18830019,0.15564271807670593,0.8703888058662415,0.47374212741851807
YDL018C,YGR143W,0,0.18786046,0.155614972114563,0.8703888058662415,0.47384214401245117
YBR038W,YBR066C,0,0.18752289,0.15558724105358124,0.8703888058662415,0.47394219040870667
YDR492W,YCR052W,0,0.18734059,0.1555595099925995,0.8703888058662415,0.47404220700263977
YNR044W,YLR009W,0,0.18700612,0.15553179383277893,0.8703888058662415,0.47414225339889526
YIR025W,YNL077W,0,0.18649119,0.15550409257411957,0.8703888058662415,0.47424226999282837
YHR139C,YHR193C,0,0.18603218,0.1554764062166214,0.8703888058662415,0.47434231638908386
YLR120C,YBL029C-A,0,0.1852524,0.15544871985912323,0.8703888058662415,0.47444233298301697
YMR312W,YBR121C,0,0.18403804,0.15542104840278625,0.8703888058662415,0.4745423495769501
YDR511W,YLR244C,0,0.18392912,0.15539337694644928,0.8703888058662415,0.47464239597320557
YDR383C,YBR036C,0,0.18351543,0.1553657203912735,0.8703888058662415,0.47474241256713867
YOR262W,YHR113W,0,0.18324548,0.1553380787372589,0.8703888058662415,0.47484245896339417
YDL175C,YAL038W,0,0.18297684,0.15531043708324432,0.8703888058662415,0.47494247555732727
YKL210W,YNL286W,0,0.1829094,0.15528281033039093,0.8703888058662415,0.47504252195358276
YAL023C,YGL236C,0,0.18264332,0.15525519847869873,0.8703888058662415,0.47514253854751587
YPL019C,YKL194C,0,0.18173307,0.15522760152816772,0.8703888058662415,0.47524258494377136
YKL109W,YGL120C,0,0.1804738,0.15520000457763672,0.8703888058662415,0.47534260153770447
YGL144C,YCL036W,0,0.18021876,0.1551724076271057,0.8703888058662415,0.4754426181316376
YLR278C,YMR312W,0,0.17978346,0.1551448404788971,0.8703888058662415,0.47554266452789307
YLR047C,YML104C,0,0.17972422,0.15511727333068848,0.8703888058662415,0.47564268112182617
YKL059C,YPL215W,0,0.17750257,0.15508972108364105,0.8703888058662415,0.47574272751808167
YJR108W,YLL018C-A,0,0.17717439,0.15506216883659363,0.8703888058662415,0.47584274411201477
YGL135W,YER027C,0,0.17703813,0.1550346314907074,0.8703888058662415,0.47594279050827026
YOL032W,YER154W,0,0.17700028,0.15500710904598236,0.8703888058662415,0.47604280710220337
YKL046C,YOL030W,1,0.17666167,0.15515710413455963,0.8713858127593994,0.47604280710220337
YDR081C,YJL057C,0,0.17656213,0.1551295667886734,0.8713858127593994,0.47614285349845886
YMR205C,YLR328W,0,0.1756351,0.15510204434394836,0.8713858127593994,0.47624287009239197
YDL039C,YML109W,0,0.17562199,0.15507452189922333,0.8713858127593994,0.47634291648864746
YPR106W,YLR451W,0,0.17370668,0.15504701435565948,0.8713858127593994,0.47644293308258057
YBL079W,YLL018C,0,0.17309988,0.15501950681209564,0.8713858127593994,0.47654294967651367
YGL144C,YGL162W,0,0.17295337,0.154992014169693,0.8713858127593994,0.47664299607276917
YEL051W,YDR388W,0,0.17270124,0.15496453642845154,0.8713858127593994,0.47674301266670227
YGR216C,YNL281W,0,0.17239207,0.15493707358837128,0.8713858127593994,0.47684305906295776
YER072W,YKL014C,0,0.17016962,0.15490961074829102,0.8713858127593994,0.47694307565689087
YFL057C,YKL170W,0,0.170122,0.15488214790821075,0.8713858127593994,0.47704312205314636
YLR055C,YBL089W,0,0.16990903,0.15485471487045288,0.8713858127593994,0.47714313864707947
YEL036C,YOR098C,0,0.16879568,0.154827281832695,0.8713858127593994,0.47724318504333496
YJR118C,YFR036W,0,0.16865915,0.15479986369609833,0.8713858127593994,0.47734320163726807
YDR404C,YNR040W,0,0.16720265,0.15477244555950165,0.8713858127593994,0.47744321823120117
YLR305C,YGR161C,0,0.16707808,0.15474504232406616,0.8713858127593994,0.47754326462745667
YPL065W,YBR002C,0,0.16690159,0.15471765398979187,0.8713858127593994,0.47764328122138977
YOL093W,YJL083W,0,0.16511837,0.15469026565551758,0.8713858127593994,0.47774332761764526
YML132W,YNL206C,0,0.16500902,0.15466289222240448,0.8713858127593994,0.47784334421157837
YDR196C,YER133W,0,0.16429663,0.15463553369045258,0.8713858127593994,0.47794339060783386
YOR237W,YBR097W,0,0.16400993,0.15460817515850067,0.8713858127593994,0.47804340720176697
YPL155C,YDL091C,0,0.16347781,0.15458083152770996,0.8713858127593994,0.47814345359802246
YJL046W,YMR023C,0,0.16344294,0.15455348789691925,0.8713858127593994,0.47824347019195557
YJL198W,YER125W,0,0.16340524,0.15452617406845093,0.8713858127593994,0.47834351658821106
YNL298W,YHR193C,0,0.16328052,0.1544988453388214,0.8713858127593994,0.47844353318214417
YPL123C,YDR118W,0,0.16306525,0.15447154641151428,0.8713858127593994,0.47854354977607727
YIL143C,YJL212C,0,0.16283083,0.15444424748420715,0.8713858127593994,0.47864359617233276
YDR530C,YGR075C,0,0.16180229,0.15441696345806122,0.8713858127593994,0.47874361276626587
YJR082C,YMR022W,0,0.16116256,0.15438967943191528,0.8713858127593994,0.47884365916252136
YDR481C,YOR356W,0,0.16024736,0.15436241030693054,0.8713858127593994,0.47894367575645447
YGR070W,YDR299W,0,0.15994805,0.154335156083107,0.8713858127593994,0.47904372215270996
YNL218W,YAL016W,0,0.15949202,0.15430791676044464,0.8713858127593994,0.47914373874664307
YPL094C,YDR222W,0,0.15941584,0.1542806774377823,0.8713858127593994,0.47924378514289856
YKL166C,YAL029C,0,0.15921164,0.15425343811511993,0.8713858127593994,0.47934380173683167
YIR031C,YGR037C,0,0.15901124,0.15422622859477997,0.8713858127593994,0.47944381833076477
YPR037C,YDL045C,0,0.1589238,0.15419901907444,0.8713858127593994,0.47954386472702026
YLR295C,YNR053C,0,0.15854225,0.15417180955410004,0.8713858127593994,0.47964388132095337
YGL135W,YLR385C,0,0.15828681,0.15414461493492126,0.8713858127593994,0.47974392771720886
YDR522C,YGL028C,1,0.15823,0.15429377555847168,0.8723828792572021,0.47974392771720886
YPL148C,YPL135W,0,0.15803182,0.1542665660381317,0.8723828792572021,0.47984394431114197
YDR500C,YMR006C,0,0.1580038,0.15423938632011414,0.8723828792572021,0.47994399070739746
YJR048W,YER164W,0,0.15792388,0.15421219170093536,0.8723828792572021,0.48004400730133057
YMR230W,YNL078W,0,0.15770537,0.15418502688407898,0.8723828792572021,0.48014405369758606
YNL242W,YOL029C,0,0.15652674,0.1541578620672226,0.8723828792572021,0.48024407029151917
YJR050W,YFL017W-A,0,0.1564976,0.1541306972503662,0.8723828792572021,0.48034411668777466
YBL098W,YMR289W,0,0.1564134,0.15410356223583221,0.8723828792572021,0.48044413328170776
YGL094C,YJL048C,0,0.15621728,0.15407642722129822,0.8723828792572021,0.48054414987564087
YCR089W,YMR008C,1,0.1554408,0.15422534942626953,0.8733798861503601,0.48054414987564087
YER011W,YMR307W,1,0.15491527,0.15437422692775726,0.8743768930435181,0.48054414987564087
YMR308C,YOL141W,0,0.15475902,0.15434706211090088,0.8743768930435181,0.48064419627189636
YGL189C,YDR284C,0,0.15416783,0.1543198972940445,0.8743768930435181,0.48074421286582947
YOR201C,YOL032W,0,0.15383965,0.1542927473783493,0.8743768930435181,0.48084425926208496
YOL132W,YOR009W,1,0.1534639,0.15444150567054749,0.875373899936676,0.48084425926208496
YDR019C,YOR219C,0,0.15233773,0.1544143557548523,0.875373899936676,0.48094427585601807
YGL067W,YFL017W-A,0,0.1519916,0.1543872058391571,0.875373899936676,0.48104432225227356
YDR104C,YLR040C,1,0.15145087,0.15453585982322693,0.876370906829834,0.48104432225227356
YOR212W,YNL024C,0,0.15088564,0.15450869500637054,0.876370906829834,0.48114433884620667
YMR080C,YDR243C,0,0.15085483,0.15448154509067535,0.876370906829834,0.48124438524246216
YEL005C,YDR148C,0,0.15074155,0.15445439517498016,0.876370906829834,0.48134440183639526
YDR150W,YLR151C,0,0.15050477,0.15442726016044617,0.876370906829834,0.48144441843032837
YKR101W,YDL135C,0,0.15033615,0.15440014004707336,0.876370906829834,0.48154446482658386
YHR201C,YJL178C,0,0.15005732,0.15437301993370056,0.876370906829834,0.48164448142051697
YNR015W,YKR002W,0,0.14985913,0.15434591472148895,0.876370906829834,0.48174452781677246
YFL039C,YKL080W,0,0.14963305,0.15431882441043854,0.876370906829834,0.48184454441070557
YPR190C,YDL130W-A,0,0.14956152,0.15429173409938812,0.876370906829834,0.48194459080696106
YMR037C,YDL085W,0,0.14917761,0.1542646586894989,0.876370906829834,0.48204460740089417
YBR240C,YGR189C,0,0.14891595,0.15423758327960968,0.876370906829834,0.48214465379714966
YHR077C,YHR101C,0,0.14637244,0.15421052277088165,0.876370906829834,0.48224467039108276
YOR340C,YDR174W,0,0.14553443,0.15418347716331482,0.876370906829834,0.48234471678733826
YHR017W,YDR190C,0,0.1453102,0.15415643155574799,0.876370906829834,0.48244473338127136
YAR010C,YPL180W,0,0.14508826,0.15412940084934235,0.876370906829834,0.48254474997520447
YJL045W,YLR268W,0,0.14500564,0.1541023850440979,0.876370906829834,0.48264479637145996
YIL128W,YLR446W,0,0.14473063,0.15407536923885345,0.876370906829834,0.48274481296539307
YDR304C,YLL040C,0,0.14430869,0.1540483683347702,0.876370906829834,0.48284485936164856
YEL065W,YOR265W,0,0.14393371,0.15402138233184814,0.876370906829834,0.48294487595558167
YHR085W,YPL033C,0,0.14323881,0.1539943963289261,0.876370906829834,0.48304492235183716
YOR388C,YEL043W,0,0.1426909,0.15396742522716522,0.876370906829834,0.48314493894577026
YLR314C,YLR194C,1,0.14259419,0.15411558747291565,0.8773679137229919,0.48314493894577026
YNR013C,YHR193C,0,0.14236355,0.1540886014699936,0.8773679137229919,0.48324498534202576
YPL043W,YGR144W,0,0.14216924,0.15406163036823273,0.8773679137229919,0.48334500193595886
YGL083W,YPR068C,0,0.14187169,0.15403465926647186,0.8773679137229919,0.48344504833221436
YLR371W,YER071C,0,0.14054117,0.1540077030658722,0.8773679137229919,0.48354506492614746
YGR253C,YDR062W,0,0.14027876,0.15398074686527252,0.8773679137229919,0.48364508152008057
YOL082W,YOR271C,0,0.14018065,0.15395382046699524,0.8773679137229919,0.48374512791633606
YDR173C,YHR035W,0,0.14002106,0.15392687916755676,0.8773679137229919,0.48384514451026917
YJL053W,YLR037C,0,0.13943818,0.15389996767044067,0.8773679137229919,0.48394519090652466
YKR069W,YGR266W,0,0.13930434,0.15387305617332458,0.8773679137229919,0.48404520750045776
YER102W,YDL047W,0,0.13908911,0.1538461595773697,0.8773679137229919,0.48414525389671326
YML054C,YML040W,0,0.13874513,0.1538192629814148,0.8773679137229919,0.48424527049064636
YDL105W,YBR271W,0,0.13859633,0.1537923812866211,0.8773679137229919,0.48434531688690186
YHL035C,YOR363C,0,0.13834599,0.1537655144929886,0.8773679137229919,0.48444533348083496
YGL169W,YER091C,0,0.13779208,0.15373864769935608,0.8773679137229919,0.48454535007476807
YKL088W,YJR026W,0,0.1354895,0.15371179580688477,0.8773679137229919,0.48464539647102356
YDR104C,YJL174W,1,0.13535058,0.15385958552360535,0.8783649206161499,0.48464539647102356
YER040W,YDR105C,0,0.13509938,0.15383271872997284,0.8783649206161499,0.48474541306495667
YDL123W,YER117W,0,0.13459677,0.15380586683750153,0.8783649206161499,0.48484545946121216
YNL212W,YJL079C,0,0.13442004,0.1537790149450302,0.8783649206161499,0.48494547605514526
YDR320C,YEL041W,0,0.13370553,0.1537521779537201,0.8783649206161499,0.48504552245140076
YBR245C,YDR334W,0,0.13289496,0.15372535586357117,0.8783649206161499,0.48514553904533386
YLR291C,YGL062W,0,0.13267255,0.15369853377342224,0.8783649206161499,0.48524558544158936
YGL113W,YDR320C,0,0.13191062,0.1536717265844345,0.8783649206161499,0.48534560203552246
YGR170W,YOR304C-A,0,0.13184309,0.15364491939544678,0.8783649206161499,0.48544564843177795
YOR032C,YDL111C,0,0.13095477,0.15361812710762024,0.8783649206161499,0.48554566502571106
YJR046W,YHR028C,0,0.1304943,0.1535913497209549,0.8783649206161499,0.48564568161964417
YIL124W,YBR233W-A,0,0.13041842,0.15356458723545074,0.8783649206161499,0.48574572801589966
YDL197C,YDL146W,0,0.13007578,0.1535378247499466,0.8783649206161499,0.48584574460983276
YKL059C,YLR186W,0,0.13005388,0.15351106226444244,0.8783649206161499,0.48594579100608826
YDR011W,YPL163C,0,0.12791088,0.1534843146800995,0.8783649206161499,0.48604580760002136
YGL206C,YER056C,0,0.12781724,0.15345758199691772,0.8783649206161499,0.48614585399627686
YGR024C,YCR018C,0,0.12721145,0.15343086421489716,0.8783649206161499,0.48624587059020996
YMR080C,YDR395W,0,0.12703872,0.1534041464328766,0.8783649206161499,0.48634591698646545
YMR143W,YOR059C,0,0.12676859,0.1533774435520172,0.8783649206161499,0.48644593358039856
YIL042C,YML051W,0,0.12581265,0.15335074067115784,0.8783649206161499,0.48654595017433167
YBL025W,YGR285C,0,0.12580478,0.15332405269145966,0.8783649206161499,0.48664599657058716
YEL015W,YJR143C,0,0.12576234,0.15329737961292267,0.8783649206161499,0.48674601316452026
YPR161C,YBR050C,0,0.12569097,0.15327070653438568,0.8783649206161499,0.48684605956077576
YBR042C,YHR027C,0,0.12515372,0.1532440483570099,0.8783649206161499,0.48694607615470886
YJL212C,YKR027W,0,0.12510633,0.1532173901796341,0.8783649206161499,0.48704612255096436
YNL302C,YBR267W,0,0.124516726,0.1531907469034195,0.8783649206161499,0.48714613914489746
YPL130W,YER011W,1,0.12419838,0.1533379703760147,0.8793619275093079,0.48714613914489746
YLR080W,YMR013C,0,0.12403536,0.15331131219863892,0.8793619275093079,0.48724618554115295
YHR101C,YJR147W,0,0.12370336,0.15328466892242432,0.8793619275093079,0.48734620213508606
YOR067C,YGL112C,0,0.12370139,0.1532580405473709,0.8793619275093079,0.48744624853134155
YLL048C,YNL162W,0,0.123532265,0.1532314121723175,0.8793619275093079,0.48754626512527466
YER125W,YGL009C,0,0.12290236,0.1532047986984253,0.8793619275093079,0.48764628171920776
YGR062C,YCL067C,0,0.12286806,0.15317818522453308,0.8793619275093079,0.48774632811546326
YDR268W,YGL222C,0,0.122862816,0.15315158665180206,0.8793619275093079,0.48784634470939636
YLR196W,YPL121C,0,0.12284857,0.15312500298023224,0.8793619275093079,0.48794639110565186
YPL017C,YBR121C,0,0.12271905,0.15309841930866241,0.8793619275093079,0.48804640769958496
YHR029C,YDR463W,0,0.121692896,0.15307185053825378,0.8793619275093079,0.48814645409584045
YKR090W,YOL031C,0,0.12095356,0.15304528176784515,0.8793619275093079,0.48824647068977356
YAL068C,YJR041C,0,0.12000477,0.1530187427997589,0.8793619275093079,0.48834651708602905
YBR158W,YMR072W,0,0.11920977,0.15299218893051147,0.8793619275093079,0.48844653367996216
YBR150C,YOR175C,0,0.1187579,0.15296566486358643,0.8793619275093079,0.48854655027389526
YLL006W,YNL117W,0,0.11774957,0.15293914079666138,0.8793619275093079,0.48864659667015076
YHL011C,YEL017C-A,0,0.11651063,0.15291261672973633,0.8793619275093079,0.48874661326408386
YGL251C,YGR122W,0,0.1164757,0.15288612246513367,0.8793619275093079,0.48884665966033936
YML070W,YHR082C,0,0.11642861,0.1528596132993698,0.8793619275093079,0.48894667625427246
YOL104C,YMR086W,0,0.11637154,0.15283313393592834,0.8793619275093079,0.48904672265052795
YLR109W,YNL311C,0,0.11599007,0.15280665457248688,0.8793619275093079,0.48914673924446106
YLR426W,YOR347C,0,0.1151399,0.1527801901102066,0.8793619275093079,0.48924678564071655
YKL145W,YDR014W,0,0.11389619,0.15275372564792633,0.8793619275093079,0.48934680223464966
YNL278W,YEL039C,0,0.11387083,0.15272727608680725,0.8793619275093079,0.48944684863090515
YKL013C,YCL054W,0,0.11126956,0.15270082652568817,0.8793619275093079,0.48954686522483826
YJL048C,YFR021W,0,0.11103928,0.15267439186573029,0.8793619275093079,0.48964688181877136
YIL171W,YPL087W,0,0.11051935,0.1526479721069336,0.8793619275093079,0.48974692821502686
YOR304C-A,YMR300C,0,0.109151006,0.1526215672492981,0.8793619275093079,0.48984694480895996
YEL036C,YJR022W,0,0.109115064,0.1525951623916626,0.8793619275093079,0.48994699120521545
YCL069W,YKL183W,0,0.10893276,0.1525687575340271,0.8793619275093079,0.49004700779914856
YDR140W,YDR105C,0,0.10808331,0.1525423675775528,0.8793619275093079,0.49014705419540405
YKR052C,YNL103W,0,0.108076036,0.15251599252223969,0.8793619275093079,0.49024707078933716
YGR223C,YML073C,0,0.10767299,0.15248963236808777,0.8793619275093079,0.49034711718559265
YOR319W,YLR187W,0,0.106612384,0.15246327221393585,0.8793619275093079,0.49044713377952576
YMR039C,YER041W,0,0.10573614,0.15243691205978394,0.8793619275093079,0.49054715037345886
YHR204W,YBR222C,0,0.10571015,0.1524105817079544,0.8793619275093079,0.49064719676971436
YMR020W,YML055W,0,0.10544574,0.15238423645496368,0.8793619275093079,0.49074721336364746
YNL062C,YLR446W,0,0.10526782,0.15235792100429535,0.8793619275093079,0.49084725975990295
YPR148C,YGL127C,0,0.10523236,0.15233160555362701,0.8793619275093079,0.49094727635383606
YNL026W,YGR212W,0,0.10518181,0.15230530500411987,0.8793619275093079,0.49104732275009155
YMR246W,YFR037C,0,0.10503659,0.15227900445461273,0.8793619275093079,0.49114733934402466
YOR036W,YGL256W,0,0.10498947,0.15225271880626678,0.8793619275093079,0.49124738574028015
YDL012C,YJL110C,0,0.10377824,0.15222644805908203,0.8793619275093079,0.49134740233421326
YBR036C,YHR111W,0,0.10373691,0.15220017731189728,0.8793619275093079,0.49144744873046875
YDR301W,YNL306W,0,0.10347465,0.15217390656471252,0.8793619275093079,0.49154746532440186
YMR234W,YDR350C,0,0.102659464,0.15214766561985016,0.8793619275093079,0.49164748191833496
YBL005W-B,YDL164C,0,0.102635026,0.1521214246749878,0.8793619275093079,0.49174752831459045
YGL028C,YGL032C,1,0.1023047,0.15226763486862183,0.8803589344024658,0.49174752831459045
YNR006W,YOR391C,0,0.10226998,0.15224137902259827,0.8803589344024658,0.49184754490852356
YPL063W,YNL192W,0,0.102188736,0.1522151380777359,0.8803589344024658,0.49194759130477905
YIL128W,YOR120W,0,0.10210851,0.15218889713287354,0.8803589344024658,0.49204760789871216
YHR046C,YKL201C,0,0.10137865,0.15216267108917236,0.8803589344024658,0.49214765429496765
YIL043C,YGL213C,0,0.100835025,0.15213645994663239,0.8803589344024658,0.49224767088890076
YGL135W,YHR052W,0,0.10077971,0.1521102488040924,0.8803589344024658,0.49234771728515625
YJL026W,YDR381C-A,0,0.10026643,0.15208405256271362,0.8803589344024658,0.49244773387908936
YER168C,YDR262W,0,0.10015249,0.15205785632133484,0.8803589344024658,0.49254775047302246
YBR193C,YGL237C,0,0.09952533,0.15203167498111725,0.8803589344024658,0.49264779686927795
YCR030C,YBR160W,0,0.09938809,0.15200550854206085,0.8803589344024658,0.49274781346321106
YKL022C,YPR192W,0,0.09891999,0.15197934210300446,0.8803589344024658,0.49284785985946655
YOR317W,YMR210W,0,0.09851056,0.15195319056510925,0.8803589344024658,0.49294787645339966
YDL180W,YLR143W,0,0.098394394,0.15192705392837524,0.8803589344024658,0.49304792284965515
YCL066W,YER164W,0,0.09828514,0.15190091729164124,0.8803589344024658,0.49314793944358826
YJR134C,YPL018W,0,0.09800497,0.15187478065490723,0.8803589344024658,0.49324798583984375
YJL172W,YML071C,0,0.09725657,0.1518486738204956,0.8803589344024658,0.49334800243377686
YMR215W,YPL130W,1,0.096916854,0.1519944965839386,0.8813559412956238,0.49334800243377686
YLR268W,YBR128C,0,0.09673458,0.15196837484836578,0.8813559412956238,0.49344804883003235
YKL054C,YNL103W,0,0.096135706,0.15194225311279297,0.8813559412956238,0.49354806542396545
YKR009C,YBL089W,0,0.096101284,0.15191613137722015,0.8813559412956238,0.49364808201789856
YNL268W,YGL173C,0,0.09604314,0.15189003944396973,0.8813559412956238,0.49374812841415405
YBR247C,YDR268W,0,0.0956164,0.1518639475107193,0.8813559412956238,0.49384814500808716
YBR301W,YJR076C,1,0.09556815,0.15200962126255035,0.8823529481887817,0.49384814500808716
YKR064W,YEL048C,0,0.09551272,0.15198351442813873,0.8823529481887817,0.49394819140434265
YDL137W,YNL020C,0,0.095205754,0.1519574224948883,0.8823529481887817,0.49404820799827576
YDR176W,YDR178W,0,0.09476811,0.15193133056163788,0.8823529481887817,0.49414825439453125
YMR282C,YPL214C,0,0.094578385,0.15190525352954865,0.8823529481887817,0.49424827098846436
YNL283C,YOR011W,0,0.09339228,0.1518791764974594,0.8823529481887817,0.49434831738471985
YGL037C,YMR133W,0,0.09319645,0.15185312926769257,0.8823529481887817,0.49444833397865295
YFL039C,YFL047W,0,0.093132496,0.15182706713676453,0.8823529481887817,0.49454835057258606
YBR112C,YJL087C,0,0.09184417,0.15180103480815887,0.8823529481887817,0.49464839696884155
YKL165C,YLR308W,1,0.09158641,0.15194649994373322,0.8833499550819397,0.49464839696884155
YCR036W,YBR166C,0,0.09137201,0.15192043781280518,0.8833499550819397,0.49474841356277466
YIL160C,YJL194W,0,0.09104216,0.15189439058303833,0.8833499550819397,0.49484845995903015
YKL145W,YEL001C,0,0.09083882,0.15186835825443268,0.8833499550819397,0.49494847655296326
YDR224C,YLR263W,0,0.08972773,0.15184232592582703,0.8833499550819397,0.49504852294921875
YDR013W,YBR164C,0,0.08925739,0.15181630849838257,0.8833499550819397,0.49514853954315186
YNL290W,YER167W,0,0.08912119,0.1517903059720993,0.8833499550819397,0.49524858593940735
YHR114W,YGL178W,0,0.088701606,0.15176430344581604,0.8833499550819397,0.49534860253334045
YBL063W,YLR208W,0,0.08824897,0.15173831582069397,0.8833499550819397,0.49544864892959595
YML124C,YML036W,0,0.08804101,0.1517123281955719,0.8833499550819397,0.49554866552352905
YDR318W,YBR283C,0,0.08774325,0.15168635547161102,0.8833499550819397,0.49564868211746216
YGL205W,YCL034W,0,0.087628186,0.15166039764881134,0.8833499550819397,0.49574872851371765
YBR067C,YOR242C,1,0.087084174,0.151805579662323,0.8843469619750977,0.49574872851371765
YMR143W,YMR075W,0,0.08613807,0.15177960693836212,0.8843469619750977,0.49584874510765076
YLR014C,YDR387C,0,0.08596641,0.15175363421440125,0.8843469619750977,0.49594879150390625
YGL144C,YHR046C,0,0.085739315,0.15172767639160156,0.8843469619750977,0.49604880809783936
YJR060W,YKR048C,0,0.08540052,0.15170173346996307,0.8843469619750977,0.49614885449409485
YMR165C,YGR260W,0,0.08489674,0.15167579054832458,0.8843469619750977,0.49624887108802795
YGR200C,YPR199C,0,0.084620595,0.1516498476266861,0.8843469619750977,0.49634891748428345
YBR202W,YPL129W,0,0.08392888,0.15162393450737,0.8843469619750977,0.49644893407821655
YAL016W,YPR137W,0,0.083749115,0.1515980213880539,0.8843469619750977,0.49654895067214966
YDR492W,YDL097C,0,0.08362332,0.1515721082687378,0.8843469619750977,0.49664899706840515
YGL168W,YDL179W,0,0.08329411,0.15154621005058289,0.8843469619750977,0.49674901366233826
YKR105C,YML104C,0,0.08286628,0.15152032673358917,0.8843469619750977,0.49684906005859375
YDR004W,YOL154W,0,0.08204959,0.15149444341659546,0.8843469619750977,0.49694907665252686
YJL071W,YGL240W,0,0.08198449,0.15146857500076294,0.8843469619750977,0.49704912304878235
YGL216W,YKL041W,0,0.08179401,0.1514427214860916,0.8843469619750977,0.49714913964271545
YER162C,YDR121W,0,0.08151755,0.1514168679714203,0.8843469619750977,0.49724918603897095
YDR071C,YMR071C,0,0.08088346,0.15139102935791016,0.8843469619750977,0.49734920263290405
YGR097W,YNL149C,0,0.080729395,0.15136519074440002,0.8843469619750977,0.49744924902915955
YGL168W,YDL189W,0,0.07981163,0.1513393670320511,0.8843469619750977,0.49754926562309265
YDR150W,YKL212W,0,0.07909763,0.15131354331970215,0.8843469619750977,0.49764928221702576
YDL130W-A,YMR078C,0,0.07901716,0.1512877345085144,0.8843469619750977,0.49774932861328125
YGL067W,YDL097C,0,0.078710824,0.15126194059848785,0.8843469619750977,0.49784934520721436
YBR223C,YAL058W,0,0.07833135,0.1512361466884613,0.8843469619750977,0.49794939160346985
YOR246C,YPL145C,0,0.07805376,0.15121036767959595,0.8843469619750977,0.49804940819740295
YDR471W,YOL145C,0,0.07785611,0.1511845886707306,0.8843469619750977,0.49814945459365845
YFR050C,YGR288W,0,0.077589035,0.15115882456302643,0.8843469619750977,0.49824947118759155
YER029C,YHR154W,0,0.07748482,0.15113307535648346,0.8843469619750977,0.49834951758384705
YBR297W,YDL200C,0,0.07701568,0.1511073261499405,0.8843469619750977,0.49844953417778015
YHL027W,YOL069W,0,0.0769234,0.15108159184455872,0.8843469619750977,0.49854955077171326
YBL051C,YGL092W,0,0.07685073,0.15105585753917694,0.8843469619750977,0.49864959716796875
YML127W,YOR320C,0,0.076485395,0.15103013813495636,0.8843469619750977,0.49874961376190186
YOR008C,YOL112W,0,0.07634044,0.15100443363189697,0.8843469619750977,0.49884966015815735
YKR055W,YBR065C,0,0.074901804,0.15097872912883759,0.8843469619750977,0.49894967675209045
YJL183W,YER070W,0,0.0739512,0.1509530246257782,0.8843469619750977,0.49904972314834595
YDR444W,YIL109C,0,0.07381706,0.1509273499250412,0.8843469619750977,0.49914973974227905
YHR214C-B,YGR180C,0,0.073811635,0.150901660323143,0.8843469619750977,0.49924978613853455
YNL091W,YOR242C,0,0.07356027,0.1508760005235672,0.8843469619750977,0.49934980273246765
YKR068C,YPL059W,0,0.07317692,0.1508503407239914,0.8843469619750977,0.49944984912872314
YLL034C,YJR109C,0,0.07296994,0.15082469582557678,0.8843469619750977,0.49954986572265625
YPL160W,YPL225W,0,0.07261506,0.15079905092716217,0.8843469619750977,0.49964988231658936
YGR105W,YMR089C,0,0.072405696,0.15077342092990875,0.8843469619750977,0.49974992871284485
YPL058C,YMR313C,0,0.07151356,0.15074779093265533,0.8843469619750977,0.49984994530677795
YJL176C,YMR188C,0,0.07140672,0.1507221758365631,0.8843469619750977,0.49994999170303345
YPR155C,YJL128C,0,0.06963822,0.1506965607404709,0.8843469619750977,0.5000500082969666
YIL115C,YOL156W,0,0.06959003,0.15067097544670105,0.8843469619750977,0.5001500248908997
YGL096W,YMR192W,0,0.06868631,0.15064537525177002,0.8843469619750977,0.5002501010894775
YIL160C,YLR143W,0,0.06858818,0.15061980485916138,0.8843469619750977,0.5003501176834106
YDR138W,YGR181W,0,0.067187995,0.15059423446655273,0.8843469619750977,0.5004501342773438
YNL327W,YKR102W,1,0.066888645,0.1507384181022644,0.8853439688682556,0.5004501342773438
YOL093W,YPL018W,0,0.06534234,0.15071283280849457,0.8853439688682556,0.5005501508712769
YOR382W,YLR446W,0,0.06527351,0.15068726241588593,0.8853439688682556,0.50065016746521
YOL152W,YPL234C,0,0.064962566,0.15066169202327728,0.8853439688682556,0.5007502436637878
YAL007C,YHL025W,0,0.063667774,0.15063613653182983,0.8853439688682556,0.500850260257721
YLR067C,YLR221C,0,0.062499464,0.15061058104038239,0.8853439688682556,0.500950276851654
YLR163C,YPR137W,0,0.061884344,0.15058504045009613,0.8853439688682556,0.5010502934455872
YKL093W,YBL029C-A,0,0.061727285,0.15055951476097107,0.8853439688682556,0.501150369644165
YLR251W,YFL013C,0,0.061482117,0.150533989071846,0.8853439688682556,0.5012503862380981
YCR057C,YHR168W,0,0.061341673,0.15050847828388214,0.8853439688682556,0.5013504028320312
YDR135C,YNL103W,0,0.060861453,0.15048296749591827,0.8853439688682556,0.5014504194259644
YDR240C,YBR173C,0,0.060614556,0.1504574716091156,0.8853439688682556,0.5015504360198975
YDR076W,YEL062W,0,0.060499907,0.15043199062347412,0.8853439688682556,0.5016505122184753
YBR272C,YPR063C,0,0.059288234,0.15040650963783264,0.8853439688682556,0.5017505288124084
YFL014W,YOR222W,0,0.059106946,0.15038102865219116,0.8853439688682556,0.5018505454063416
YIL101C,YNR041C,0,0.058978647,0.15035557746887207,0.8853439688682556,0.5019505620002747
YDL107W,YBR168W,0,0.05895406,0.15033011138439178,0.8853439688682556,0.5020506381988525
YLR176C,YJL196C,0,0.058885053,0.1503046751022339,0.8853439688682556,0.5021506547927856
YBR006W,YNL185C,0,0.058508515,0.150279238820076,0.8853439688682556,0.5022506713867188
YPL115C,YDR523C,0,0.05743651,0.1502538025379181,0.8853439688682556,0.5023506879806519
YLL024C,YDR144C,1,0.057207346,0.15039756894111633,0.8863409757614136,0.5023506879806519
YDR435C,YNR047W,0,0.057137996,0.15037211775779724,0.8863409757614136,0.5024507641792297
YMR016C,YIL002C,0,0.056858093,0.15034669637680054,0.8863409757614136,0.5025507807731628
YMR287C,YIL033C,0,0.056775674,0.15032127499580383,0.8863409757614136,0.502650797367096
YGL039W,YOR380W,0,0.056688756,0.15029585361480713,0.8863409757614136,0.502750813961029
YPL110C,YMR025W,0,0.05643016,0.15027044713497162,0.8863409757614136,0.5028508305549622
YIR017C,YFL056C,0,0.056356907,0.1502450555562973,0.8863409757614136,0.50295090675354
YPR005C,YKR052C,0,0.056308046,0.15021966397762299,0.8863409757614136,0.5030509233474731
YLR099C,YPL096W,0,0.055641413,0.15019428730010986,0.8863409757614136,0.5031509399414062
YPR071W,YBR024W,0,0.055520266,0.15016892552375793,0.8863409757614136,0.5032509565353394
YGL070C,YPL048W,0,0.05522515,0.150143563747406,0.8863409757614136,0.5033510327339172
YHR064C,YMR235C,0,0.055059522,0.15011820197105408,0.8863409757614136,0.5034510493278503
YNL250W,YHR051W,0,0.055025414,0.15009285509586334,0.8863409757614136,0.5035510659217834
YNL243W,YBR251W,0,0.054850742,0.1500675231218338,0.8863409757614136,0.5036510825157166
YIL123W,YJR110W,0,0.05453378,0.15004219114780426,0.8863409757614136,0.5037510991096497
YEL020W-A,YGL155W,0,0.053814992,0.1500168740749359,0.8863409757614136,0.5038511753082275
YGR162W,YNR055C,0,0.053662658,0.14999155700206757,0.8863409757614136,0.5039511919021606
YOR109W,YNR053C,0,0.053522885,0.1499662548303604,0.8863409757614136,0.5040512084960938
YER114C,YDR469W,0,0.053293988,0.14994096755981445,0.8863409757614136,0.5041512250900269
YER153C,YKR066C,0,0.053219527,0.1499156802892685,0.8863409757614136,0.5042513012886047
YDL145C,YMR301C,0,0.053090543,0.14989040791988373,0.8863409757614136,0.5043513178825378
YOR382W,YNL304W,0,0.05155945,0.14986513555049896,0.8863409757614136,0.504451334476471
YER028C,YML077W,0,0.051191986,0.1498398780822754,0.8863409757614136,0.504551351070404
YAL053W,YOR323C,0,0.050550923,0.14981462061405182,0.8863409757614136,0.5046513676643372
YPL119C,YBR183W,0,0.050494373,0.14978937804698944,0.8863409757614136,0.504751443862915
YJL172W,YJL062W-A,0,0.049312457,0.14976415038108826,0.8863409757614136,0.5048514604568481
YLR142W,YDR159W,0,0.04927376,0.14973892271518707,0.8863409757614136,0.5049514770507812
YCR026C,YBR080C,0,0.048862368,0.14971370995044708,0.8863409757614136,0.5050514936447144
YCL035C,YER150W,0,0.048831403,0.1496884971857071,0.8863409757614136,0.5051515698432922
YLR188W,YGL142C,0,0.04873365,0.1496632993221283,0.8863409757614136,0.5052515864372253
YIL142W,YGR224W,0,0.04866512,0.1496381014585495,0.8863409757614136,0.5053516030311584
YKL003C,YMR001C,0,0.048018187,0.1496129184961319,0.8863409757614136,0.5054516196250916
YOL054W,YKR100C,0,0.0465748,0.1495877504348755,0.8863409757614136,0.5055516362190247
YJL214W,YDR248C,0,0.04637073,0.14956258237361908,0.8863409757614136,0.5056517124176025
YBR291C,YML094W,0,0.0460099,0.14953742921352386,0.8863409757614136,0.5057517290115356
YDR213W,YPL068C,0,0.045521513,0.14951227605342865,0.8863409757614136,0.5058517456054688
YAR018C,YDL130W-A,0,0.045126945,0.14948713779449463,0.8863409757614136,0.5059517621994019
YER090W,YCL048W,0,0.04475759,0.1494619995355606,0.8863409757614136,0.5060518383979797
YLR214W,YPR194C,0,0.044536233,0.14943687617778778,0.8863409757614136,0.5061518549919128
YOL064C,YPR125W,0,0.04412362,0.14941176772117615,0.8863409757614136,0.506251871585846
YDR076W,YDL051W,0,0.04351604,0.14938665926456451,0.8863409757614136,0.506351888179779
YLR023C,YMR049C,0,0.04287401,0.14936156570911407,0.8863409757614136,0.5064519643783569
YJL078C,YJR076C,1,0.0422322,0.14950445294380188,0.8873379826545715,0.5064519643783569
YBL041W,YEL048C,0,0.042111576,0.14947934448719025,0.8873379826545715,0.50655198097229
YBR175W,YHL019C,0,0.041904077,0.1494542360305786,0.8873379826545715,0.5066519975662231
YOR226C,YGL040C,0,0.04170032,0.14942914247512817,0.8873379826545715,0.5067520141601562
YDR200C,YNL055C,0,0.04125616,0.14940406382083893,0.8873379826545715,0.5068520307540894
YOL102C,YER174C,0,0.041046575,0.14937898516654968,0.8873379826545715,0.5069521069526672
YEL058W,YGL144C,0,0.040945932,0.14935392141342163,0.8873379826545715,0.5070521235466003
YIL075C,YLL018C-A,0,0.040866345,0.14932885766029358,0.8873379826545715,0.5071521401405334
YPL139C,YPL214C,0,0.040148973,0.14930380880832672,0.8873379826545715,0.5072521567344666
YMR306W,YHR046C,0,0.03915842,0.14927875995635986,0.8873379826545715,0.5073522329330444
YGR258C,YLR007W,0,0.039107412,0.1492537260055542,0.8873379826545715,0.5074522495269775
YNR071C,YGR178C,0,0.039035425,0.14922870695590973,0.8873379826545715,0.5075522661209106
YMR233W,YHR214W,0,0.03882423,0.14920368790626526,0.8873379826545715,0.5076522827148438
YNL190W,YDR144C,1,0.037522316,0.14934629201889038,0.8883349895477295,0.5076522827148438
YBL054W,YGR124W,0,0.037521005,0.1493212729692459,0.8883349895477295,0.5077522993087769
YNL210W,YGL092W,0,0.03720364,0.14929625391960144,0.8883349895477295,0.5078523755073547
YOR337W,YMR089C,0,0.036911443,0.14927123486995697,0.8883349895477295,0.5079523921012878
YLR286C,YJR083C,0,0.035987675,0.1492462307214737,0.8883349895477295,0.508052408695221
YDL113C,YDR159W,0,0.03558743,0.1492212414741516,0.8883349895477295,0.508152425289154
YCR072C,YBL051C,0,0.035111576,0.14919625222682953,0.8883349895477295,0.5082525014877319
YLR411W,YKL174C,0,0.034682408,0.14917127788066864,0.8883349895477295,0.508352518081665
YDR317W,YOR246C,0,0.0345273,0.14914630353450775,0.8883349895477295,0.5084525346755981
YOL090W,YDR466W,0,0.033789635,0.14912134408950806,0.8883349895477295,0.5085525512695312
YOR242C,YNR044W,1,0.033718735,0.14926372468471527,0.8893319964408875,0.5085525512695312
YGL219C,YJL166W,0,0.033416063,0.14923875033855438,0.8893319964408875,0.5086525678634644
YBR214W,YKR019C,0,0.03306727,0.1492137908935547,0.8893319964408875,0.5087526440620422
YBR040W,YOR010C,1,0.032779515,0.14935608208179474,0.8903290033340454,0.5087526440620422
YDL246C,YMR210W,0,0.032195255,0.14933110773563385,0.8903290033340454,0.5088526606559753
YPR128C,YFR049W,0,0.031652078,0.14930613338947296,0.8903290033340454,0.5089526772499084
YDL070W,YNL068C,0,0.030745193,0.14928117394447327,0.8903290033340454,0.5090526938438416
YIL128W,YDR400W,0,0.030593127,0.14925622940063477,0.8903290033340454,0.5091527700424194
YPL244C,YJL134W,0,0.03023392,0.14923128485679626,0.8903290033340454,0.5092527866363525
YGL096W,YOL064C,0,0.029647797,0.14920635521411896,0.8903290033340454,0.5093528032302856
YDL007W,YHR109W,0,0.02915752,0.14918142557144165,0.8903290033340454,0.5094528198242188
YIL136W,YGL126W,0,0.028852418,0.14915651082992554,0.8903290033340454,0.5095528364181519
YMR179W,YPR154W,0,0.028783664,0.14913159608840942,0.8903290033340454,0.5096529126167297
YCL029C,YOR317W,0,0.028219402,0.1491066962480545,0.8903290033340454,0.5097529292106628
YNL121C,YPR028W,0,0.02666089,0.14908179640769958,0.8903290033340454,0.509852945804596
YOR227W,YBR058C,0,0.026361197,0.14905691146850586,0.8903290033340454,0.509952962398529
YPR190C,YLR373C,0,0.026295096,0.14903204143047333,0.8903290033340454,0.5100530385971069
YIL108W,YHR089C,0,0.025348902,0.1490071713924408,0.8903290033340454,0.51015305519104
YKL093W,YJL083W,0,0.02517876,0.14898231625556946,0.8903290033340454,0.5102530717849731
YBR122C,YDR247W,0,0.024662882,0.14895746111869812,0.8903290033340454,0.5103530883789062
YBL005W-B,YIL051C,0,0.024352312,0.14893262088298798,0.8903290033340454,0.5104531645774841
YOR180C,YEL052W,0,0.023852378,0.14890778064727783,0.8903290033340454,0.5105531811714172
YDR226W,YPR048W,0,0.023282617,0.14888295531272888,0.8903290033340454,0.5106531977653503
YOR337W,YNL314W,0,0.023180023,0.14885814487934113,0.8903290033340454,0.5107532143592834
YBR085W,YNL050C,0,0.022772685,0.14883333444595337,0.8903290033340454,0.5108532309532166
YML081C-A,YJL141C,0,0.021910429,0.1488085389137268,0.8903290033340454,0.5109533071517944
YPR184W,YGR036C,0,0.021756455,0.14878374338150024,0.8903290033340454,0.5110533237457275
YGL137W,YGL070C,0,0.021560878,0.14875894784927368,0.8903290033340454,0.5111533403396606
YLR213C,YMR006C,1,0.021483153,0.14890073239803314,0.8913260102272034,0.5111533403396606
YMR059W,YER041W,0,0.020459235,0.14887593686580658,0.8913260102272034,0.5112533569335938
YBR295W,YNL086W,0,0.020170689,0.1488511562347412,0.8913260102272034,0.5113534331321716
YBR001C,YDR144C,0,0.019589081,0.14882637560367584,0.8913260102272034,0.5114534497261047
YBL080C,YGR008C,0,0.019575357,0.14880159497261047,0.8913260102272034,0.5115534663200378
YFR010W,YOR374W,0,0.01933515,0.1487768292427063,0.8913260102272034,0.511653482913971
YMR177W,YGL139W,0,0.01924017,0.14875207841396332,0.8913260102272034,0.511753499507904
YOR092W,YGL112C,0,0.01587452,0.14872732758522034,0.8913260102272034,0.5118535757064819
YOR155C,YGL155W,0,0.014776602,0.14870259165763855,0.8913260102272034,0.511953592300415
YNL118C,YJR045C,0,0.014771074,0.14867787063121796,0.8913260102272034,0.5120536088943481
YAL035W,YOR209C,0,0.014377996,0.14865314960479736,0.8913260102272034,0.5121536254882812
YLR192C,YHR193C,0,0.014279231,0.14862842857837677,0.8913260102272034,0.5122537016868591
YMR037C,YDR165W,0,0.014048696,0.14860372245311737,0.8913260102272034,0.5123537182807922
YNL092W,YIL138C,0,0.013208866,0.14857903122901917,0.8913260102272034,0.5124537348747253
YGR017W,YER002W,0,0.012063056,0.14855434000492096,0.8913260102272034,0.5125537514686584
YML013W,YIR011C,0,0.011866629,0.14852964878082275,0.8913260102272034,0.5126537680625916
YML081C-A,YGR174C,0,0.011756435,0.14850498735904694,0.8913260102272034,0.5127538442611694
YOR191W,YDR056C,0,0.011755496,0.14848032593727112,0.8913260102272034,0.5128538608551025
YJR004C,YLR308W,1,0.011055753,0.14862172305583954,0.8923230171203613,0.5128538608551025
YOR304C-A,YLL038C,0,0.010856479,0.14859704673290253,0.8923230171203613,0.5129538774490356
YPR175W,YBL029C-A,0,0.010239735,0.14857237040996552,0.8923230171203613,0.5130538940429688
YPL101W,YKL095W,0,0.009898037,0.1485477238893509,0.8923230171203613,0.5131539702415466
YGR072W,YKL029C,0,0.009187728,0.14852306246757507,0.8923230171203613,0.5132539868354797
YMR045C,YBL058W,0,0.008995086,0.14849843084812164,0.8923230171203613,0.5133540034294128
YBR187W,YJR135C,0,0.008548796,0.14847378432750702,0.8923230171203613,0.513454020023346
YNL102W,YMR139W,0,0.008052647,0.14844916760921478,0.8923230171203613,0.513554036617279
YDL123W,YDL043C,0,0.008031964,0.14842455089092255,0.8923230171203613,0.5136541128158569
YMR217W,YKL006W,0,0.0077699423,0.1483999341726303,0.8923230171203613,0.51375412940979
YMR306W,YCL052C,0,0.00759539,0.14837533235549927,0.8923230171203613,0.5138541460037231
YEL020W-A,YDL145C,0,0.00737831,0.14835073053836823,0.8923230171203613,0.5139541625976562
YJL153C,YDR093W,0,0.0073767602,0.14832615852355957,0.8923230171203613,0.5140542387962341
YML100W,YOL116W,0,0.0072455406,0.14830157160758972,0.8923230171203613,0.5141542553901672
YJL004C,YLR130C,0,0.006405428,0.14827699959278107,0.8923230171203613,0.5142542719841003
YMR114C,YOL038W,0,0.006316513,0.1482524424791336,0.8923230171203613,0.5143542885780334
YJL134W,YPL121C,0,0.00521636,0.14822788536548615,0.8923230171203613,0.5144543647766113
YBR233W-A,YDR536W,0,0.005062729,0.14820334315299988,0.8923230171203613,0.5145543813705444
YPL151C,YLR039C,0,0.005015254,0.1481788009405136,0.8923230171203613,0.5146543979644775
YDR160W,YER126C,0,0.0048001707,0.14815427362918854,0.8923230171203613,0.5147544145584106
YPR192W,YPL171C,0,0.004739821,0.14812976121902466,0.8923230171203613,0.5148544311523438
YBL063W,YOR353C,0,0.0046642423,0.14810524880886078,0.8923230171203613,0.5149545073509216
YJL170C,YKL095W,0,0.0046567023,0.1480807363986969,0.8923230171203613,0.5150545239448547
YGL103W,YDR342C,0,0.004626408,0.1480562388896942,0.8923230171203613,0.5151545405387878
YMR012W,YOL032W,0,0.0044659376,0.14803175628185272,0.8923230171203613,0.515254557132721
YKL164C,YBR180W,0,0.0041053295,0.14800727367401123,0.8923230171203613,0.5153546333312988
YNL292W,YLR430W,0,0.0036878288,0.14798280596733093,0.8923230171203613,0.5154546499252319
YDR296W,YLR356W,0,0.0036427975,0.14795833826065063,0.8923230171203613,0.515554666519165
YJL128C,YPR003C,0,0.0029117763,0.14793388545513153,0.8923230171203613,0.5156546831130981
YGL162W,YLR360W,0,0.001841262,0.14790943264961243,0.8923230171203613,0.5157546997070312
YBR120C,YMR091C,0,0.0017384887,0.14788499474525452,0.8923230171203613,0.5158547759056091
YMR016C,YHR064C,0,0.0015520304,0.1478605717420578,0.8923230171203613,0.5159547924995422
YGR154C,YBR294W,0,0.0014273524,0.14783614873886108,0.8923230171203613,0.5160548090934753
YOL007C,YNL016W,0,0.0013341457,0.14781172573566437,0.8923230171203613,0.5161548256874084
YBL078C,YPR167C,0,0.0008317828,0.14778731763362885,0.8923230171203613,0.5162549018859863
YJR026W,YNL136W,0,0.0006442517,0.14776292443275452,0.8923230171203613,0.5163549184799194
YPR047W,YLR344W,0,0.00032407045,0.1477385312318802,0.8923230171203613,0.5164549350738525
YGL004C,YGR288W,0,0.0003143549,0.14771413803100586,0.8923230171203613,0.5165549516677856
YPR098C,YDR169C,0,-0.00025510788,0.14768977463245392,0.8923230171203613,0.5166549682617188
YDL175C,YER027C,0,-0.00039841235,0.14766539633274078,0.8923230171203613,0.5167550444602966
YAR015W,YBR238C,0,-0.0010638684,0.14764104783535004,0.8923230171203613,0.5168550610542297
YFR033C,YML082W,0,-0.00120233,0.1476166844367981,0.8923230171203613,0.5169550776481628
YGL183C,YML091C,0,-0.001410678,0.14759235084056854,0.8923230171203613,0.517055094242096
YFL044C,YIL056W,0,-0.0014115721,0.147568017244339,0.8923230171203613,0.5171551704406738
YPL139C,YNL161W,0,-0.003298968,0.14754368364810944,0.8923230171203613,0.5172551870346069
YBR211C,YGR062C,0,-0.0034644157,0.14751936495304108,0.8923230171203613,0.51735520362854
YBR191W,YDR449C,0,-0.0051605105,0.1474950611591339,0.8923230171203613,0.5174552202224731
YGL161C,YER002W,0,-0.005179882,0.14747075736522675,0.8923230171203613,0.5175552368164062
YGL126W,YLR390W-A,0,-0.0056657493,0.14744645357131958,0.8923230171203613,0.5176553130149841
YGL060W,YOR187W,0,-0.006118506,0.1474221646785736,0.8923230171203613,0.5177553296089172
YDR078C,YLR175W,0,-0.0065802783,0.14739789068698883,0.8923230171203613,0.5178553462028503
YNR008W,YKL183W,0,-0.0069331974,0.14737361669540405,0.8923230171203613,0.5179553627967834
YMR220W,YAL029C,0,-0.0071440935,0.14734935760498047,0.8923230171203613,0.5180554389953613
YFL010W-A,YJL097W,0,-0.0075640976,0.14732509851455688,0.8923230171203613,0.5181554555892944
YPL075W,YML116W,0,-0.007587701,0.1473008543252945,0.8923230171203613,0.5182554721832275
YLR364W,YDR233C,0,-0.0075900704,0.1472766101360321,0.8923230171203613,0.5183554887771606
YKL069W,YPL172C,0,-0.007763058,0.1472523808479309,0.8923230171203613,0.5184555649757385
YLL061W,YGR058W,0,-0.008154765,0.1472281664609909,0.8923230171203613,0.5185555815696716
YCR024C,YIR006C,0,-0.008964822,0.1472039520740509,0.8923230171203613,0.5186555981636047
YPR024W,YIL177C,0,-0.009655729,0.1471797376871109,0.8923230171203613,0.5187556147575378
YLR084C,YLR308W,1,-0.010085344,0.147319957613945,0.8933200240135193,0.5187556147575378
YER071C,YGL049C,0,-0.010360733,0.147295743227005,0.8933200240135193,0.518855631351471
YDL006W,YJL108C,0,-0.010467023,0.147271528840065,0.8933200240135193,0.5189557075500488
YER148W,YHR012W,0,-0.010608733,0.1472473293542862,0.8933200240135193,0.5190557241439819
YLL017W,YER101C,0,-0.010705471,0.14722312986850739,0.8933200240135193,0.519155740737915
YJR015W,YPR194C,0,-0.010833889,0.14719894528388977,0.8933200240135193,0.5192557573318481
YLR084C,YBR040W,1,-0.0113888085,0.14733903110027313,0.8943170309066772,0.5192557573318481
YDR317W,YNL280C,0,-0.011430204,0.14731483161449432,0.8943170309066772,0.519355833530426
YKL178C,YDR118W,0,-0.011696458,0.1472906470298767,0.8943170309066772,0.5194558501243591
YLR263W,YBR233W-A,0,-0.011988461,0.1472664624452591,0.8943170309066772,0.5195558667182922
YMR042W,YAL002W,0,-0.012000293,0.14724227786064148,0.8943170309066772,0.5196558833122253
YOL096C,YKL212W,0,-0.012894914,0.14721812307834625,0.8943170309066772,0.5197558999061584
YJR149W,YCR077C,0,-0.012929559,0.14719396829605103,0.8943170309066772,0.5198559761047363
YDL149W,YKL134C,0,-0.013347328,0.1471698135137558,0.8943170309066772,0.5199559926986694
YAL021C,YBL090W,0,-0.013619155,0.14714567363262177,0.8943170309066772,0.5200560092926025
YPL178W,YDL202W,0,-0.014926076,0.14712153375148773,0.8943170309066772,0.5201560258865356
YDL113C,YML098W,0,-0.01608634,0.1470974087715149,0.8943170309066772,0.5202561020851135
YOL158C,YLR058C,0,-0.016587764,0.14707328379154205,0.8943170309066772,0.5203561186790466
YJR158W,YDL059C,0,-0.017926246,0.1470491737127304,0.8943170309066772,0.5204561352729797
YPR010C,YJL128C,0,-0.018359005,0.14702507853507996,0.8943170309066772,0.5205561518669128
YNR031C,YMR053C,0,-0.018396005,0.1470009833574295,0.8943170309066772,0.520656168460846
YCL017C,YOR257W,0,-0.018581182,0.14697690308094025,0.8943170309066772,0.5207562446594238
YKL180W,YNR074C,0,-0.01899916,0.146952822804451,0.8943170309066772,0.5208562612533569
YPL153C,YHR076W,0,-0.019395143,0.14692874252796173,0.8943170309066772,0.52095627784729
YLR212C,YHR105W,0,-0.02000092,0.14690467715263367,0.8943170309066772,0.5210562944412231
YIL064W,YLR386W,0,-0.020632371,0.1468806266784668,0.8943170309066772,0.521156370639801
YPR149W,YBL021C,0,-0.020911515,0.14685657620429993,0.8943170309066772,0.5212563872337341
YBR020W,YDR465C,0,-0.020958215,0.14683254063129425,0.8943170309066772,0.5213564038276672
YIR011C,YLR037C,0,-0.021250337,0.14680850505828857,0.8943170309066772,0.5214564204216003
YLR130C,YLR377C,0,-0.021347374,0.1467844843864441,0.8943170309066772,0.5215564966201782
YAL031C,YEL020W-A,0,-0.022092655,0.1467604786157608,0.8943170309066772,0.5216565132141113
YGL096W,YNL290W,0,-0.022328958,0.14673645794391632,0.8943170309066772,0.5217565298080444
YIL043C,YNL010W,0,-0.022354662,0.14671246707439423,0.8943170309066772,0.5218565464019775
YLR113W,YBR192W,0,-0.023357153,0.14668847620487213,0.8943170309066772,0.5219565629959106
YPR180W,YER060W,0,-0.0238453,0.14666448533535004,0.8943170309066772,0.5220566391944885
YLR110C,YOL154W,1,-0.023915082,0.14680399000644684,0.8953140377998352,0.5220566391944885
YGR020C,YOR143C,0,-0.024008006,0.14677999913692474,0.8953140377998352,0.5221566557884216
YCR065W,YDR167W,0,-0.024279833,0.14675600826740265,0.8953140377998352,0.5222566723823547
YGL060W,YDR343C,0,-0.024760157,0.14673203229904175,0.8953140377998352,0.5223566889762878
YHR181W,YDR060W,0,-0.025061026,0.14670805633068085,0.8953140377998352,0.5224567651748657
YOL051W,YFL054C,0,-0.0272789,0.14668409526348114,0.8953140377998352,0.5225567817687988
YLL011W,YLR265C,0,-0.0275255,0.14666013419628143,0.8953140377998352,0.5226567983627319
YNL262W,YML030W,0,-0.027853861,0.14663618803024292,0.8953140377998352,0.522756814956665
YER178W,YBR046C,0,-0.028008804,0.1466122418642044,0.8953140377998352,0.5228568315505981
YNR055C,YJR070C,0,-0.028571665,0.1465883105993271,0.8953140377998352,0.522956907749176
YMR123W,YAL023C,0,-0.02976416,0.14656439423561096,0.8953140377998352,0.5230569243431091
YGL198W,YML074C,0,-0.030036524,0.14654046297073364,0.8953140377998352,0.5231569409370422
YGR024C,YBL051C,0,-0.030954674,0.1465165615081787,0.8953140377998352,0.5232569575309753
YLR314C,YCR089W,1,-0.031014264,0.14665579795837402,0.8963110446929932,0.5232569575309753
YKR058W,YJL173C,0,-0.031289116,0.1466318666934967,0.8963110446929932,0.5233570337295532
YOR294W,YML021C,0,-0.031763494,0.14660796523094177,0.8963110446929932,0.5234570503234863
YOR221C,YGR144W,0,-0.031766504,0.14658404886722565,0.8963110446929932,0.5235570669174194
YHR006W,YLL040C,0,-0.03215763,0.1465601623058319,0.8963110446929932,0.5236570835113525
YJR092W,YMR166C,0,-0.032377303,0.14653626084327698,0.8963110446929932,0.5237571001052856
YDR013W,YJL219W,0,-0.032544076,0.14651238918304443,0.8963110446929932,0.5238571763038635
YHR129C,YMR101C,0,-0.033262253,0.1464885175228119,0.8963110446929932,0.5239571928977966
YIL094C,YLL012W,0,-0.034575075,0.14646464586257935,0.8963110446929932,0.5240572094917297
YBR208C,YOR330C,0,-0.035202175,0.146440789103508,0.8963110446929932,0.5241572260856628
YCR040W,YMR296C,0,-0.035456434,0.14641693234443665,0.8963110446929932,0.5242573022842407
YNL261W,YGL040C,0,-0.0354746,0.1463930904865265,0.8963110446929932,0.5243573188781738
YGL026C,YGL025C,0,-0.0357116,0.14636926352977753,0.8963110446929932,0.5244573354721069
YDR108W,YDR501W,0,-0.035853267,0.14634543657302856,0.8963110446929932,0.52455735206604
YBR282W,YGL162W,0,-0.036047056,0.1463216096162796,0.8963110446929932,0.5246573686599731
YIL083C,YPR159W,0,-0.03619346,0.14629779756069183,0.8963110446929932,0.524757444858551
YEL051W,YLR328W,0,-0.036726594,0.14627400040626526,0.8963110446929932,0.5248574614524841
YCL048W,YPR148C,0,-0.037297025,0.14625020325183868,0.8963110446929932,0.5249574780464172
YDL018C,YER120W,0,-0.037446797,0.1462264209985733,0.8963110446929932,0.5250574946403503
YKR031C,YJL208C,0,-0.037900746,0.14620263874530792,0.8963110446929932,0.5251575708389282
YPL234C,YDL097C,0,-0.038073063,0.14617885649204254,0.8963110446929932,0.5252575874328613
YIL145C,YGL076C,0,-0.039264858,0.14615510404109955,0.8963110446929932,0.5253576040267944
YNL308C,YLR187W,0,-0.039606035,0.14613133668899536,0.8963110446929932,0.5254576206207275
YDR483W,YML030W,0,-0.03975703,0.14610758423805237,0.8963110446929932,0.5255576968193054
YCL048W,YER159C,0,-0.041858047,0.14608384668827057,0.8963110446929932,0.5256577134132385
YDR096W,YDR110W,0,-0.042679876,0.14606010913848877,0.8963110446929932,0.5257577300071716
YHR143W,YGR059W,1,-0.043394476,0.1461988240480423,0.8973080515861511,0.5257577300071716
YJR065C,YGR216C,0,-0.043415636,0.1461750864982605,0.8973080515861511,0.5258577466011047
YER007W,YMR158W,0,-0.04432995,0.1461513489484787,0.8973080515861511,0.5259577631950378
YFR030W,YFL049W,0,-0.0448476,0.1461276113986969,0.8973080515861511,0.5260578393936157
YOL056W,YER045C,0,-0.04527563,0.1461038887500763,0.8973080515861511,0.5261578559875488
YML113W,YIL094C,0,-0.04557538,0.14608018100261688,0.8973080515861511,0.5262578725814819
YDL078C,YGR063C,0,-0.046564847,0.14605647325515747,0.8973080515861511,0.526357889175415
YLR068W,YOR221C,0,-0.04736948,0.14603278040885925,0.8973080515861511,0.5264579653739929
YIL008W,YBR020W,0,-0.048403278,0.14600908756256104,0.8973080515861511,0.526557981967926
YOR359W,YNL149C,0,-0.048553824,0.14598539471626282,0.8973080515861511,0.5266579985618591
YGR221C,YAL013W,0,-0.0492962,0.145961731672287,0.8973080515861511,0.5267580151557922
YPR017C,YBL075C,0,-0.049362324,0.14593805372714996,0.8973080515861511,0.5268580317497253
YPL178W,YDR470C,0,-0.04973939,0.14591439068317413,0.8973080515861511,0.5269581079483032
YOR136W,YBL056W,0,-0.051007345,0.1458907425403595,0.8973080515861511,0.5270581245422363
YIL051C,YDR092W,0,-0.05115141,0.14586709439754486,0.8973080515861511,0.5271581411361694
YJR151C,YDR261C,1,-0.051615477,0.1460055112838745,0.8983050584793091,0.5271581411361694
YML034W,YLR054C,0,-0.05231087,0.14598184823989868,0.8983050584793091,0.5272581577301025
YJR009C,YER011W,1,-0.052371264,0.14612020552158356,0.899302065372467,0.5272581577301025
YIL019W,YGR171C,0,-0.053147256,0.14609652757644653,0.899302065372467,0.5273582339286804
YOR265W,YBR251W,0,-0.053375855,0.1460728794336319,0.899302065372467,0.5274582505226135
YMR074C,YKL171W,0,-0.054129094,0.14604921638965607,0.899302065372467,0.5275582671165466
YDR030C,YDR100W,0,-0.05416417,0.14602558314800262,0.899302065372467,0.5276582837104797
YOR181W,YBR149W,0,-0.054586172,0.146001935005188,0.899302065372467,0.5277583003044128
YNL330C,YDR060W,0,-0.0546965,0.14597831666469574,0.899302065372467,0.5278583765029907
YBR173C,YNL137C,0,-0.05488897,0.1459546983242035,0.899302065372467,0.5279583930969238
YKR064W,YCL057C-A,0,-0.055096664,0.14593107998371124,0.899302065372467,0.5280584096908569
YML047C,YOR014W,0,-0.055475466,0.1459074765443802,0.899302065372467,0.52815842628479
YEL037C,YDR131C,0,-0.056056574,0.14588387310504913,0.899302065372467,0.5282585024833679
YNL132W,YNL176C,0,-0.057381265,0.14586028456687927,0.899302065372467,0.528358519077301
YDL209C,YPL196W,0,-0.057490163,0.1458366960287094,0.899302065372467,0.5284585356712341
YBR130C,YKL155C,0,-0.058201402,0.14581312239170074,0.899302065372467,0.5285585522651672
YKL038W,YCR086W,0,-0.058270447,0.14578956365585327,0.899302065372467,0.5286585688591003
YIL101C,YML081W,0,-0.058798388,0.1457660049200058,0.899302065372467,0.5287586450576782
YNR020C,YGL225W,0,-0.059088096,0.14574244618415833,0.899302065372467,0.5288586616516113
YHR118C,YNL292W,0,-0.05912292,0.14571890234947205,0.899302065372467,0.5289586782455444
YLR264W,YOR066W,0,-0.059221566,0.14569535851478577,0.899302065372467,0.5290586948394775
YDR164C,YEL048C,0,-0.05923024,0.14567182958126068,0.899302065372467,0.5291587710380554
YMR034C,YER167W,0,-0.05936958,0.1456483155488968,0.899302065372467,0.5292587876319885
YDR322W,YIR031C,0,-0.059585407,0.1456248015165329,0.899302065372467,0.5293588042259216
YNR072W,YOR081C,0,-0.060011394,0.145601287484169,0.899302065372467,0.5294588208198547
YGL006W,YDL130W,0,-0.06022854,0.1455777883529663,0.899302065372467,0.5295588970184326
YLR120C,YLR308W,1,-0.060288236,0.14571566879749298,0.9002991318702698,0.5295588970184326
YGL083W,YDR259C,0,-0.061094925,0.1456921547651291,0.9002991318702698,0.5296589136123657
YBR094W,YJR034W,0,-0.061782286,0.1456686556339264,0.9002991318702698,0.5297589302062988
YDR313C,YKL069W,0,-0.061798453,0.1456451565027237,0.9002991318702698,0.5298589468002319
YPL195W,YIL133C,0,-0.06187982,0.1456216722726822,0.9002991318702698,0.529958963394165
YNL085W,YGR001C,0,-0.0629733,0.14559818804264069,0.9002991318702698,0.5300590395927429
YEL021W,YBR123C,0,-0.06324732,0.14557471871376038,0.9002991318702698,0.530159056186676
YOR067C,YIL019W,0,-0.06345895,0.14555126428604126,0.9002991318702698,0.5302590727806091
YLR151C,YOR334W,0,-0.06385414,0.14552779495716095,0.9002991318702698,0.5303590893745422
YER031C,YLR026C,0,-0.06627876,0.14550435543060303,0.9002991318702698,0.5304591655731201
YLR429W,YEL018W,0,-0.06630051,0.1454809159040451,0.9002991318702698,0.5305591821670532
YLR389C,YMR297W,0,-0.0663732,0.14545747637748718,0.9002991318702698,0.5306591987609863
YDR050C,YNL212W,0,-0.06706852,0.14543405175209045,0.9002991318702698,0.5307592153549194
YER053C,YNL286W,0,-0.067113936,0.14541062712669373,0.9002991318702698,0.5308592319488525
YOR239W,YMR180C,0,-0.06725027,0.1453872174024582,0.9002991318702698,0.5309593081474304
YAL033W,YDR448W,0,-0.067302555,0.14536380767822266,0.9002991318702698,0.5310593247413635
YHR081W,YNL044W,0,-0.068426386,0.14534041285514832,0.9002991318702698,0.5311593413352966
YNL216W,YDL078C,0,-0.06846148,0.14531703293323517,0.9002991318702698,0.5312593579292297
YIL013C,YJL186W,0,-0.068585366,0.14529363811016083,0.9002991318702698,0.5313594341278076
YPL172C,YPL085W,0,-0.06871104,0.14527027308940887,0.9002991318702698,0.5314594507217407
YHL035C,YDR326C,0,-0.06925075,0.14524690806865692,0.9002991318702698,0.5315594673156738
YNR010W,YBR283C,0,-0.069456294,0.14522354304790497,0.9002991318702698,0.5316594839096069
YFR052W,YLR079W,0,-0.07093469,0.1452001929283142,0.9002991318702698,0.53175950050354
YJL078C,YGL196W,0,-0.07192673,0.14517684280872345,0.9002991318702698,0.5318595767021179
YML060W,YGR255C,0,-0.072003156,0.14515350759029388,0.9002991318702698,0.531959593296051
YNR048W,YLR050C,0,-0.072622165,0.1451301872730255,0.9002991318702698,0.5320596098899841
YDR067C,YKL088W,0,-0.07297988,0.14510686695575714,0.9002991318702698,0.5321596264839172
YKL192C,YAL016W,0,-0.07307543,0.14508354663848877,0.9002991318702698,0.5322597026824951
YGL116W,YDR308C,0,-0.07472266,0.1450602412223816,0.9002991318702698,0.5323597192764282
YAL041W,YNR015W,0,-0.07564604,0.14503693580627441,0.9002991318702698,0.5324597358703613
YER056C,YOR150W,0,-0.07709585,0.14501364529132843,0.9002991318702698,0.5325597524642944
YKL010C,YDR022C,0,-0.07728971,0.14499036967754364,0.9002991318702698,0.5326597690582275
YNL052W,YML006C,0,-0.07799739,0.14496709406375885,0.9002991318702698,0.5327598452568054
YNL290W,YNL070W,0,-0.07814866,0.14494381844997406,0.9002991318702698,0.5328598618507385
YJL072C,YNL001W,0,-0.079192,0.14492055773735046,0.9002991318702698,0.5329598784446716
YML011C,YER161C,0,-0.07924029,0.14489729702472687,0.9002991318702698,0.5330598950386047
YIL134W,YCR044C,0,-0.079303116,0.14487405121326447,0.9002991318702698,0.5331599712371826
YLR084C,YKL046C,1,-0.07988241,0.14501123130321503,0.9012961387634277,0.5331599712371826
YDL160C,YLR045C,0,-0.0801398,0.14498797059059143,0.9012961387634277,0.5332599878311157
YOR189W,YBR002C,0,-0.080157675,0.14496472477912903,0.9012961387634277,0.5333600044250488
YGL006W,YLR080W,0,-0.080998,0.14494147896766663,0.9012961387634277,0.5334600210189819
YGR244C,YKL180W,0,-0.0815368,0.14491824805736542,0.9012961387634277,0.5335600972175598
YCR004C,YCR030C,0,-0.08185129,0.1448950171470642,0.9012961387634277,0.5336601138114929
YHL032C,YLR438C-A,0,-0.08305828,0.1448718011379242,0.9012961387634277,0.533760130405426
YGR118W,YGR083C,0,-0.083289504,0.14484858512878418,0.9012961387634277,0.5338601469993591
YGR143W,YOR071C,0,-0.083942845,0.14482536911964417,0.9012961387634277,0.5339601635932922
YIL005W,YDR536W,0,-0.085249886,0.14480218291282654,0.9012961387634277,0.5340602397918701
YCL025C,YOR257W,0,-0.085709214,0.14477898180484772,0.9012961387634277,0.5341602563858032
YAR042W,YBL007C,0,-0.085718356,0.14475581049919128,0.9012961387634277,0.5342602729797363
YOR008C,YNL119W,0,-0.08602674,0.14473262429237366,0.9012961387634277,0.5343602895736694
YGL229C,YBL078C,0,-0.086260155,0.14470946788787842,0.9012961387634277,0.5344603657722473
YGR058W,YLR096W,0,-0.08712724,0.14468629658222198,0.9012961387634277,0.5345603823661804
YDR044W,YNL121C,0,-0.089001626,0.14466314017772675,0.9012961387634277,0.5346603989601135
YGL213C,YOR074C,0,-0.08922684,0.1446399986743927,0.9012961387634277,0.5347604155540466
YEL051W,YBL028C,0,-0.089668274,0.14461685717105865,0.9012961387634277,0.5348604321479797
YPR055W,YKL080W,0,-0.09004565,0.1445937305688858,0.9012961387634277,0.5349605083465576
YIL147C,YGL142C,0,-0.09021134,0.14457060396671295,0.9012961387634277,0.5350605249404907
YDR078C,YOR201C,0,-0.09087822,0.1445474922657013,0.9012961387634277,0.5351605415344238
YLR015W,YBR050C,0,-0.09185309,0.14452438056468964,0.9012961387634277,0.5352605581283569
YBL038W,YHL006C,0,-0.092050835,0.14450128376483917,0.9012961387634277,0.5353606343269348
YCL055W,YKR030W,0,-0.09284946,0.1444781869649887,0.9012961387634277,0.5354606509208679
YBR247C,YLR043C,0,-0.09364493,0.14445509016513824,0.9012961387634277,0.535560667514801
YJR027W,YBR031W,0,-0.09374659,0.14443202316761017,0.9012961387634277,0.5356606841087341
YIR006C,YLL022C,0,-0.093887016,0.1444089412689209,0.9012961387634277,0.5357607007026672
YNL328C,YFL010W-A,0,-0.09403366,0.14438587427139282,0.9012961387634277,0.5358607769012451
YLR307W,YOR009W,1,-0.09485671,0.1445225179195404,0.9022931456565857,0.5358607769012451
YLR328W,YDR479C,0,-0.094869226,0.14449943602085114,0.9022931456565857,0.5359607934951782
YOR287C,YOL095C,0,-0.09499476,0.14447636902332306,0.9022931456565857,0.5360608100891113
YPL064C,YLR323C,0,-0.095684975,0.14445331692695618,0.9022931456565857,0.5361608266830444
YCR091W,YMR055C,0,-0.09577,0.1444302648305893,0.9022931456565857,0.5362609028816223
YDR392W,YLL062C,0,-0.09611232,0.1444072127342224,0.9022931456565857,0.5363609194755554
YBR301W,YGR059W,1,-0.09642297,0.14454370737075806,0.9032901525497437,0.5363609194755554
YOR147W,YOL104C,0,-0.09682308,0.14452065527439117,0.9032901525497437,0.5364609360694885
YDR108W,YAL007C,0,-0.096970394,0.1444976031780243,0.9032901525497437,0.5365609526634216
YHR066W,YGL089C,0,-0.097083524,0.1444745659828186,0.9032901525497437,0.5366609692573547
YNR035C,YOL116W,0,-0.09747091,0.14445152878761292,0.9032901525497437,0.5367610454559326
YOR378W,YNL233W,0,-0.09754238,0.14442850649356842,0.9032901525497437,0.5368610620498657
YDR101C,YJL128C,0,-0.09780644,0.14440548419952393,0.9032901525497437,0.5369610786437988
YDR151C,YPL059W,0,-0.09831475,0.14438247680664062,0.9032901525497437,0.5370610952377319
YLR093C,YKL058W,0,-0.098642275,0.14435946941375732,0.9032901525497437,0.5371611714363098
YCR091W,YOR162C,0,-0.09980039,0.14433646202087402,0.9032901525497437,0.5372611880302429
YKR097W,YAL023C,0,-0.1000852,0.14431346952915192,0.9032901525497437,0.537361204624176
YLR286C,YGL032C,1,-0.10021266,0.14444975554943085,0.9042871594429016,0.537361204624176
YMR237W,YHR029C,0,-0.10103612,0.14442674815654755,0.9042871594429016,0.5374612212181091
YHR214W,YPL233W,0,-0.10166536,0.14440375566482544,0.9042871594429016,0.537561297416687
YDR175C,YNL258C,0,-0.10234593,0.14438076317310333,0.9042871594429016,0.5376613140106201
YBR289W,YNL051W,0,-0.10252106,0.14435778558254242,0.9042871594429016,0.5377613306045532
YDR388W,YGL049C,0,-0.102549225,0.1443348228931427,0.9042871594429016,0.5378613471984863
YLR321C,YBR153W,0,-0.10300795,0.14431186020374298,0.9042871594429016,0.5379613637924194
YPL120W,YCR031C,0,-0.10381734,0.14428889751434326,0.9042871594429016,0.5380614399909973
YNL008C,YPL175W,0,-0.10489866,0.14426594972610474,0.9042871594429016,0.5381614565849304
YLR016C,YJR083C,0,-0.10597943,0.1442430019378662,0.9042871594429016,0.5382614731788635
YML096W,YLR359W,0,-0.106240794,0.14422006905078888,0.9042871594429016,0.5383614897727966
YHR107C,YER011W,1,-0.10687947,0.1443561166524887,0.9052841663360596,0.5383614897727966
YGL227W,YFR047C,0,-0.10691164,0.14433316886425018,0.9052841663360596,0.5384615659713745
YBR089C-A,YGR037C,0,-0.10733503,0.14431023597717285,0.9052841663360596,0.5385615825653076
YGL104C,YKR105C,0,-0.10765535,0.14428730309009552,0.9052841663360596,0.5386615991592407
YHR086W,YMR045C,0,-0.1076805,0.14426438510417938,0.9052841663360596,0.5387616157531738
YCR004C,YNL133C,0,-0.10790206,0.14424146711826324,0.9052841663360596,0.5388616323471069
YOR239W,YOL007C,0,-0.109641805,0.1442185491323471,0.9052841663360596,0.5389617085456848
YBR155W,YOR192C,0,-0.11049084,0.14419564604759216,0.9052841663360596,0.5390617251396179
YPL195W,YJL198W,0,-0.11245844,0.1441727578639984,0.9052841663360596,0.539161741733551
YER149C,YFR003C,0,-0.112863004,0.14414986968040466,0.9052841663360596,0.5392617583274841
YNL190W,YGR059W,1,-0.11313413,0.14428570866584778,0.9062811732292175,0.5392617583274841
YEL048C,YIL051C,0,-0.11339331,0.14426282048225403,0.9062811732292175,0.539361834526062
YPL036W,YFR050C,0,-0.11386572,0.14423991739749908,0.9062811732292175,0.5394618511199951
YPR046W,YPR003C,0,-0.11425542,0.14421704411506653,0.9062811732292175,0.5395618677139282
YGL253W,YHR205W,0,-0.114567876,0.14419415593147278,0.9062811732292175,0.5396618843078613
YBL051C,YGL087C,0,-0.115007535,0.14417129755020142,0.9062811732292175,0.5397619009017944
YDR444W,YOR039W,0,-0.11599035,0.14414842426776886,0.9062811732292175,0.5398619771003723
YPL004C,YMR195W,0,-0.11612886,0.1441255807876587,0.9062811732292175,0.5399619936943054
YHR202W,YLR328W,0,-0.116374075,0.14410272240638733,0.9062811732292175,0.5400620102882385
YML059C,YBR105C,0,-0.11641848,0.14407987892627716,0.9062811732292175,0.5401620268821716
YLR426W,YAL041W,0,-0.116437525,0.14405705034732819,0.9062811732292175,0.5402621030807495
YMR025W,YDR131C,0,-0.11714339,0.1440342217683792,0.9062811732292175,0.5403621196746826
YDL065C,YGL126W,0,-0.11716157,0.14401140809059143,0.9062811732292175,0.5404621362686157
YBR059C,YJL178C,0,-0.11731264,0.14398859441280365,0.9062811732292175,0.5405621528625488
YIL030C,YAL012W,0,-0.11735379,0.14396579563617706,0.9062811732292175,0.5406621694564819
YCR040W,YBR065C,0,-0.11758282,0.14394299685955048,0.9062811732292175,0.5407622456550598
YCL039W,YDR259C,0,-0.11906998,0.1439201980829239,0.9062811732292175,0.5408622622489929
YPR191W,YOL029C,0,-0.1201469,0.1438974142074585,0.9062811732292175,0.540962278842926
YCR020C,YOR380W,0,-0.120894045,0.1438746452331543,0.9062811732292175,0.5410622954368591
YAR010C,YJL158C,0,-0.12181477,0.1438518762588501,0.9062811732292175,0.541162371635437
YPR049C,YKL020C,0,-0.12213984,0.1438291072845459,0.9062811732292175,0.5412623882293701
YLR426W,YNL302C,0,-0.1227524,0.1438063532114029,0.9062811732292175,0.5413624048233032
YML129C,YBR180W,0,-0.12335698,0.14378361403942108,0.9062811732292175,0.5414624214172363
YPL218W,YGR070W,0,-0.12343997,0.14376087486743927,0.9062811732292175,0.5415624976158142
YAL058W,YIL138C,0,-0.12373379,0.14373813569545746,0.9062811732292175,0.5416625142097473
YPL091W,YKR006C,0,-0.123890504,0.14371541142463684,0.9062811732292175,0.5417625308036804
YDR254W,YFR045W,0,-0.124874756,0.14369270205497742,0.9062811732292175,0.5418625473976135
YDL129W,YLR196W,0,-0.12499648,0.143669992685318,0.9062811732292175,0.5419625639915466
YOR192C,YML034W,0,-0.12584367,0.14364728331565857,0.9062811732292175,0.5420626401901245
YMR211W,YOR018W,0,-0.12612209,0.14362458884716034,0.9062811732292175,0.5421626567840576
YDR140W,YOR002W,0,-0.12653786,0.1436018943786621,0.9062811732292175,0.5422626733779907
YPL177C,YLR329W,0,-0.12672004,0.14357921481132507,0.9062811732292175,0.5423626899719238
YLR142W,YFL021W,0,-0.12687658,0.14355653524398804,0.9062811732292175,0.5424627661705017
YOR008C,YMR171C,0,-0.12784603,0.1435338705778122,0.9062811732292175,0.5425627827644348
YOR129C,YCR065W,0,-0.12824589,0.14351120591163635,0.9062811732292175,0.5426627993583679
YGL123W,YPL151C,0,-0.12836155,0.1434885561466217,0.9062811732292175,0.542762815952301
YOR206W,YKR053C,0,-0.12842609,0.14346590638160706,0.9062811732292175,0.5428628325462341
YOR009W,YLR037C,1,-0.12891997,0.14360107481479645,0.9072781801223755,0.5428628325462341
YNL178W,YNR074C,0,-0.12894845,0.1435784101486206,0.9072781801223755,0.542962908744812
YPR100W,YJR070C,0,-0.1291714,0.14355576038360596,0.9072781801223755,0.5430629253387451
YPL163C,YGL032C,1,-0.12985678,0.14369085431098938,0.9082751870155334,0.5430629253387451
YNL095C,YIR017C,0,-0.12985921,0.14366818964481354,0.9082751870155334,0.5431629419326782
YPR105C,YLR032W,0,-0.13016221,0.1436455398797989,0.9082751870155334,0.5432629585266113
YGL212W,YGR101W,0,-0.13060546,0.14362289011478424,0.9082751870155334,0.5433630347251892
YHR069C,YAL062W,0,-0.13069284,0.1436002552509308,0.9082751870155334,0.5434630513191223
YDL031W,YGL105W,0,-0.13088915,0.14357762038707733,0.9082751870155334,0.5435630679130554
YPL106C,YDL043C,0,-0.13102166,0.14355500042438507,0.9082751870155334,0.5436630845069885
YDL081C,YNL098C,0,-0.13132827,0.1435323804616928,0.9082751870155334,0.5437631011009216
YGL104C,YDR197W,0,-0.13172343,0.14350976049900055,0.9082751870155334,0.5438631772994995
YPL130W,YOR010C,1,-0.13282698,0.14364467561244965,0.9092721939086914,0.5438631772994995
YNL302C,YLR056W,0,-0.13297242,0.1436220407485962,0.9092721939086914,0.5439631938934326
YGL127C,YLR325C,0,-0.13310929,0.14359943568706512,0.9092721939086914,0.5440632104873657
YLR088W,YMR238W,0,-0.13312212,0.14357683062553406,0.9092721939086914,0.5441632270812988
YIL084C,YMR224C,0,-0.13365841,0.143554225564003,0.9092721939086914,0.5442633032798767
YLR001C,YOR193W,0,-0.13408047,0.14353163540363312,0.9092721939086914,0.5443633198738098
YOR180C,YCR106W,0,-0.13490702,0.14350904524326324,0.9092721939086914,0.5444633364677429
YGL039W,YKL192C,0,-0.13520604,0.14348646998405457,0.9092721939086914,0.544563353061676
YFR018C,YMR041C,0,-0.13662615,0.1434638947248459,0.9092721939086914,0.5446633696556091
YER070W,YNL049C,0,-0.13681227,0.1434413343667984,0.9092721939086914,0.544763445854187
YGL071W,YPL208W,0,-0.13717768,0.14341877400875092,0.9092721939086914,0.5448634624481201
YDL179W,YNL325C,0,-0.13792312,0.14339622855186462,0.9092721939086914,0.5449634790420532
YBR247C,YOL120C,0,-0.13902807,0.14337368309497833,0.9092721939086914,0.5450634956359863
YOR143C,YBR283C,0,-0.13909924,0.14335115253925323,0.9092721939086914,0.5451635718345642
YMR009W,YDR527W,0,-0.13933474,0.14332862198352814,0.9092721939086914,0.5452635884284973
YGL209W,YOR117W,0,-0.14016092,0.14330609142780304,0.9092721939086914,0.5453636050224304
YBL025W,YGR088W,0,-0.1402139,0.14328357577323914,0.9092721939086914,0.5454636216163635
YNL216W,YKL141W,0,-0.14069629,0.14326107501983643,0.9092721939086914,0.5455636978149414
YHR081W,YMR061W,0,-0.14096075,0.14323857426643372,0.9092721939086914,0.5456637144088745
YIL075C,YLL055W,0,-0.1412228,0.143216073513031,0.9092721939086914,0.5457637310028076
YIL093C,YGL089C,0,-0.1412909,0.1431935876607895,0.9092721939086914,0.5458637475967407
YBR020W,YAL028W,0,-0.14142637,0.14317111670970917,0.9092721939086914,0.5459637641906738
YPR010C,YKL045W,0,-0.14230183,0.14314864575862885,0.9092721939086914,0.5460638403892517
YPL171C,YDR111C,0,-0.14231348,0.14312617480754852,0.9092721939086914,0.5461638569831848
YPL244C,YML037C,0,-0.14280286,0.1431037187576294,0.9092721939086914,0.5462638735771179
YLR328W,YMR272C,0,-0.14289229,0.14308126270771027,0.9092721939086914,0.546363890171051
YGR255C,YGR184C,0,-0.14361747,0.14305882155895233,0.9092721939086914,0.5464639663696289
YDL205C,YMR188C,0,-0.14495969,0.1430363804101944,0.9092721939086914,0.546563982963562
YNR020C,YNL239W,0,-0.14569311,0.14301395416259766,0.9092721939086914,0.5466639995574951
YBL052C,YKL002W,0,-0.14573044,0.14299152791500092,0.9092721939086914,0.5467640161514282
YLR284C,YNL054W,0,-0.14580783,0.14296911656856537,0.9092721939086914,0.5468640327453613
YMR210W,YKL095W,0,-0.14639637,0.14294670522212982,0.9092721939086914,0.5469641089439392
YLL033W,YDR033W,0,-0.14665803,0.14292430877685547,0.9092721939086914,0.5470641255378723
YJR010W,YLR260W,0,-0.14682318,0.14290191233158112,0.9092721939086914,0.5471641421318054
YIL042C,YOR057W,0,-0.14731085,0.14287953078746796,0.9092721939086914,0.5472641587257385
YMR184W,YNL231C,0,-0.14749843,0.1428571492433548,0.9092721939086914,0.5473642349243164
YAL017W,YKL185W,0,-0.14780727,0.14283476769924164,0.9092721939086914,0.5474642515182495
YBR043C,YAL029C,0,-0.14842986,0.14281240105628967,0.9092721939086914,0.5475642681121826
YLR305C,YNR007C,0,-0.14863929,0.1427900493144989,0.9092721939086914,0.5476642847061157
YPL160W,YOR216C,0,-0.14873543,0.14276768267154694,0.9092721939086914,0.5477643013000488
YBR061C,YKL124W,0,-0.14919162,0.14274534583091736,0.9092721939086914,0.5478643774986267
YIL011W,YLL024C,1,-0.14927459,0.14287950098514557,0.9102692008018494,0.5478643774986267
YLR305C,YPR204W,0,-0.15180022,0.1428571492433548,0.9102692008018494,0.5479643940925598
YOR310C,YPL099C,0,-0.15208586,0.14283479750156403,0.9102692008018494,0.5480644106864929
YDR495C,YOL142W,0,-0.15315248,0.14281244575977325,0.9102692008018494,0.548164427280426
YJL078C,YOL154W,1,-0.15323582,0.1429465115070343,0.9112662076950073,0.548164427280426
YDR318W,YGL141W,0,-0.15384007,0.14292415976524353,0.9112662076950073,0.5482645034790039
YGR029W,YKL196C,0,-0.15385883,0.14290180802345276,0.9112662076950073,0.548364520072937
YBR145W,YOL023W,0,-0.15395376,0.14287947118282318,0.9112662076950073,0.5484645366668701
YJR096W,YJL081C,0,-0.15432434,0.1428571492433548,0.9112662076950073,0.5485645532608032
YIL037C,YGL071W,0,-0.15575767,0.14283481240272522,0.9112662076950073,0.5486645698547363
YJL141C,YKR100C,0,-0.15584189,0.14281250536441803,0.9112662076950073,0.5487646460533142
YKL069W,YMR032W,0,-0.156014,0.14279018342494965,0.9112662076950073,0.5488646626472473
YML129C,YEL056W,0,-0.1561378,0.14276789128780365,0.9112662076950073,0.5489646792411804
YGR105W,YGL021W,0,-0.15626869,0.14274558424949646,0.9112662076950073,0.5490646958351135
YKL173W,YBR050C,0,-0.15706855,0.14272329211235046,0.9112662076950073,0.5491647720336914
YOR386W,YHR027C,0,-0.15838543,0.14270101487636566,0.9112662076950073,0.5492647886276245
YAL015C,YJR063W,0,-0.15872866,0.14267873764038086,0.9112662076950073,0.5493648052215576
YGR006W,YOR298W,0,-0.16027158,0.14265647530555725,0.9112662076950073,0.5494648218154907
YNL032W,YNL274C,0,-0.1604258,0.14263421297073364,0.9112662076950073,0.5495648980140686
YKR099W,YOR215C,0,-0.16096836,0.14261195063591003,0.9112662076950073,0.5496649146080017
YEL005C,YNR045W,0,-0.16178156,0.14258970320224762,0.9112662076950073,0.5497649312019348
YHR014W,YFR036W,0,-0.16180739,0.1425674557685852,0.9112662076950073,0.5498649477958679
YHR107C,YLR155C,1,-0.16287142,0.1427011787891388,0.9122632145881653,0.5498649477958679
YKR014C,YNL268W,0,-0.16355638,0.14267893135547638,0.9122632145881653,0.549964964389801
YJR052W,YEL030W,0,-0.16416922,0.14265668392181396,0.9122632145881653,0.5500650405883789
YNL248C,YBR301W,0,-0.16419332,0.14263445138931274,0.9122632145881653,0.550165057182312
YGR017W,YER062C,0,-0.16474013,0.14261221885681152,0.9122632145881653,0.5502650737762451
YDR227W,YER154W,0,-0.16524644,0.1425900012254715,0.9122632145881653,0.5503650903701782
YBR024W,YER113C,0,-0.16542286,0.14256778359413147,0.9122632145881653,0.5504651665687561
YBR038W,YBR001C,0,-0.16595979,0.14254556596279144,0.9122632145881653,0.5505651831626892
YOR226C,YDR402C,0,-0.16596428,0.1425233632326126,0.9122632145881653,0.5506651997566223
YLL066C,YNR059W,0,-0.16646373,0.14250117540359497,0.9122632145881653,0.5507652163505554
YML077W,YML091C,0,-0.16664593,0.14247897267341614,0.9122632145881653,0.5508652329444885
YOL009C,YDR115W,0,-0.16674526,0.1424567997455597,0.9122632145881653,0.5509653091430664
YFR018C,YNL240C,0,-0.16685975,0.14243462681770325,0.9122632145881653,0.5510653257369995
YGL030W,YBR296C,0,-0.16697532,0.1424124538898468,0.9122632145881653,0.5511653423309326
YLR321C,YER089C,0,-0.16844597,0.14239029586315155,0.9122632145881653,0.5512653589248657
YML099C,YER017C,0,-0.16866414,0.1423681378364563,0.9122632145881653,0.5513654351234436
YDR345C,YNL291C,0,-0.1693102,0.14234597980976105,0.9122632145881653,0.5514654517173767
YER155C,YPR026W,0,-0.16963568,0.14232385158538818,0.9122632145881653,0.5515654683113098
YDR298C,YJL124C,0,-0.16970128,0.14230170845985413,0.9122632145881653,0.5516654849052429
YOR085W,YIL048W,0,-0.17007995,0.14227958023548126,0.9122632145881653,0.551765501499176
YDR036C,YPR182W,0,-0.17057964,0.1422574669122696,0.9122632145881653,0.5518655776977539
YOR176W,YER129W,0,-0.17094505,0.14223535358905792,0.9122632145881653,0.551965594291687
YJL090C,YJL096W,0,-0.17107177,0.14221324026584625,0.9122632145881653,0.5520656108856201
YNR072W,YDR158W,0,-0.17113441,0.14219114184379578,0.9122632145881653,0.5521656274795532
YOR175C,YDL091C,0,-0.17161468,0.1421690434217453,0.9122632145881653,0.5522657036781311
YKR095W,YPR026W,0,-0.17195404,0.14214695990085602,0.9122632145881653,0.5523657202720642
YPL160W,YMR211W,0,-0.17282066,0.14212487637996674,0.9122632145881653,0.5524657368659973
YLR390W,YPL235W,0,-0.17331503,0.14210280776023865,0.9122632145881653,0.5525657534599304
YER161C,YNL194C,0,-0.17361829,0.14208073914051056,0.9122632145881653,0.5526657700538635
YDL084W,YPR003C,0,-0.17384371,0.14205868542194366,0.9122632145881653,0.5527658462524414
YGR282C,YHL019C,0,-0.17422058,0.14203663170337677,0.9122632145881653,0.5528658628463745
YEL013W,YDR403W,0,-0.17447968,0.14201459288597107,0.9122632145881653,0.5529658794403076
YOR308C,YJR028W,0,-0.17563653,0.14199255406856537,0.9122632145881653,0.5530658960342407
YPL224C,YJL165C,0,-0.17732024,0.14197051525115967,0.9122632145881653,0.5531659722328186
YGL051W,YNL070W,0,-0.17770478,0.14194849133491516,0.9122632145881653,0.5532659888267517
YHR013C,YDR139C,0,-0.17816192,0.14192648231983185,0.9122632145881653,0.5533660054206848
YDR423C,YPR034W,0,-0.17822784,0.14190447330474854,0.9122632145881653,0.5534660220146179
YLR356W,YIL036W,0,-0.17838772,0.14188246428966522,0.9122632145881653,0.5535660982131958
YNR060W,YOR275C,0,-0.17877,0.1418604701757431,0.9122632145881653,0.5536661148071289
YDL220C,YNL159C,0,-0.17916644,0.14183847606182098,0.9122632145881653,0.553766131401062
YDR487C,YJL005W,0,-0.1793674,0.14181649684906006,0.9122632145881653,0.5538661479949951
YHR060W,YOR123C,0,-0.18044125,0.14179451763629913,0.9122632145881653,0.5539661645889282
YER168C,YDL105W,0,-0.1810717,0.1417725384235382,0.9122632145881653,0.5540662407875061
YFL023W,YNL325C,0,-0.18126285,0.14175057411193848,0.9122632145881653,0.5541662573814392
YKL198C,YNL262W,0,-0.18226677,0.14172862470149994,0.9122632145881653,0.5542662739753723
YKL046C,YAL005C,1,-0.18425098,0.14186154305934906,0.9132602214813232,0.5542662739753723
YDR406W,YGR036C,0,-0.18555401,0.14183957874774933,0.9132602214813232,0.5543662905693054
YDR265W,YFR031C-A,0,-0.18586998,0.1418176144361496,0.9132602214813232,0.5544663667678833
YMR179W,YJL144W,0,-0.18626297,0.14179566502571106,0.9132602214813232,0.5545663833618164
YGL014W,YPR091C,0,-0.18676332,0.14177371561527252,0.9132602214813232,0.5546663999557495
YOR228C,YER090W,0,-0.1870637,0.14175178110599518,0.9132602214813232,0.5547664165496826
YGR047C,YMR115W,0,-0.18740949,0.14172984659671783,0.9132602214813232,0.5548664331436157
YGL014W,YML004C,0,-0.18929225,0.14170792698860168,0.9132602214813232,0.5549665093421936
YBR042C,YLR285W,0,-0.18949881,0.14168600738048553,0.9132602214813232,0.5550665259361267
YLR099C,YDR135C,0,-0.18999845,0.14166408777236938,0.9132602214813232,0.5551665425300598
YDL195W,YDR262W,0,-0.19061548,0.14164218306541443,0.9132602214813232,0.5552665591239929
YAL013W,YDR131C,0,-0.19093195,0.14162027835845947,0.9132602214813232,0.5553666353225708
YMR261C,YOR182C,0,-0.19151951,0.1415983885526657,0.9132602214813232,0.5554666519165039
YLR321C,YJR147W,0,-0.191769,0.14157651364803314,0.9132602214813232,0.555566668510437
YOR373W,YGL103W,0,-0.1921232,0.14155462384223938,0.9132602214813232,0.5556666851043701
YHR001W-A,YKR002W,0,-0.19228885,0.141532763838768,0.9132602214813232,0.5557667016983032
YPL134C,YBR192W,0,-0.19264603,0.14151088893413544,0.9132602214813232,0.5558667778968811
YML009C,YMR125W,0,-0.19316128,0.14148902893066406,0.9132602214813232,0.5559667944908142
YBL074C,YPL154C,0,-0.19410658,0.14146718382835388,0.9132602214813232,0.5560668110847473
YGR055W,YMR048W,0,-0.19423649,0.1414453387260437,0.9132602214813232,0.5561668276786804
YER032W,YER050C,0,-0.19424064,0.14142349362373352,0.9132602214813232,0.5562669038772583
YGR078C,YMR139W,0,-0.1949351,0.14140166342258453,0.9132602214813232,0.5563669204711914
YOR155C,YJL178C,0,-0.19566754,0.14137984812259674,0.9132602214813232,0.5564669370651245
YLR074C,YLR204W,0,-0.1971558,0.14135801792144775,0.9132602214813232,0.5565669536590576
YGR218W,YER162C,0,-0.19763122,0.14133621752262115,0.9132602214813232,0.5566670298576355
YDR169C,YKL002W,0,-0.19800207,0.14131440222263336,0.9132602214813232,0.5567670464515686
YMR037C,YDR075W,0,-0.19808021,0.14129261672496796,0.9132602214813232,0.5568670630455017
YOR214C,YHR211W,1,-0.1981616,0.14142504334449768,0.9142572283744812,0.5568670630455017
YDR129C,YPL252C,0,-0.19831869,0.14140324294567108,0.9142572283744812,0.5569670796394348
YLR268W,YBR012W-A,0,-0.19861153,0.14138144254684448,0.9142572283744812,0.5570670962333679
YGR005C,YPL004C,0,-0.19888976,0.14135964214801788,0.9142572283744812,0.5571671724319458
YKL195W,YPR011C,0,-0.20038575,0.14133785665035248,0.9142572283744812,0.5572671890258789
YDR080W,YKL138C,0,-0.20143841,0.14131607115268707,0.9142572283744812,0.557367205619812
YNL258C,YEL061C,0,-0.20153074,0.14129430055618286,0.9142572283744812,0.5574672222137451
YLR371W,YKL034W,0,-0.20164834,0.14127252995967865,0.9142572283744812,0.557567298412323
YHL032C,YPR030W,0,-0.20175506,0.14125077426433563,0.9142572283744812,0.5576673150062561
YER114C,YIL034C,0,-0.20177078,0.14122901856899261,0.9142572283744812,0.5577673316001892
YIL021W,YDL070W,0,-0.20182133,0.1412072628736496,0.9142572283744812,0.5578673481941223
YMR087W,YFL047W,0,-0.20186614,0.14118552207946777,0.9142572283744812,0.5579673647880554
YBR274W,YDR107C,0,-0.20196685,0.14116379618644714,0.9142572283744812,0.5580674409866333
YBR213W,YJL165C,0,-0.20208135,0.1411420702934265,0.9142572283744812,0.5581674575805664
YBR119W,YOR363C,0,-0.20223291,0.14112034440040588,0.9142572283744812,0.5582674741744995
YEL058W,YHR073W,0,-0.20285615,0.14109863340854645,0.9142572283744812,0.5583674907684326
YHR172W,YOL151W,0,-0.20314279,0.141076922416687,0.9142572283744812,0.5584675669670105
YOR355W,YNL136W,0,-0.2034731,0.14105522632598877,0.9142572283744812,0.5585675835609436
YHL016C,YDL030W,0,-0.20359476,0.14103353023529053,0.9142572283744812,0.5586676001548767
YBR097W,YHR171W,0,-0.20382532,0.14101183414459229,0.9142572283744812,0.5587676167488098
YBR114W,YOR290C,0,-0.20403725,0.14099015295505524,0.9142572283744812,0.5588676333427429
YJL206C,YFR010W,0,-0.20483278,0.14096848666667938,0.9142572283744812,0.5589677095413208
YML094W,YER007W,0,-0.20513579,0.14094682037830353,0.9142572283744812,0.5590677261352539
YBR268W,YMR131C,0,-0.20533949,0.14092515408992767,0.9142572283744812,0.559167742729187
YPR067W,YPL276W,0,-0.2053546,0.140903502702713,0.9142572283744812,0.5592677593231201
YJR010C-A,YMR045C,0,-0.20595703,0.14088185131549835,0.9142572283744812,0.559367835521698
YMR233W,YDR012W,0,-0.20633346,0.14086021482944489,0.9142572283744812,0.5594678521156311
YER165W,YDR420W,0,-0.20692259,0.14083857834339142,0.9142572283744812,0.5595678687095642
YGL137W,YGL128C,0,-0.20730853,0.14081695675849915,0.9142572283744812,0.5596678853034973
YLR163C,YHR089C,0,-0.2078271,0.14079533517360687,0.9142572283744812,0.5597679018974304
YGL062W,YIL112W,0,-0.20815635,0.1407737135887146,0.9142572283744812,0.5598679780960083
YGR014W,YGR234W,0,-0.20820214,0.14075210690498352,0.9142572283744812,0.5599679946899414
YGL090W,YDL145C,0,-0.20868182,0.14073051512241364,0.9142572283744812,0.5600680112838745
YBR003W,YJR050W,0,-0.208742,0.14070890843868256,0.9142572283744812,0.5601680278778076
YPL259C,YDR131C,0,-0.20934384,0.14068733155727386,0.9142572283744812,0.5602681040763855
YDR287W,YLR330W,0,-0.20999575,0.14066573977470398,0.9142572283744812,0.5603681206703186
YMR123W,YER051W,0,-0.21051878,0.14064417779445648,0.9142572283744812,0.5604681372642517
YJL129C,YMR315W,0,-0.21059334,0.1406226009130478,0.9142572283744812,0.5605681538581848
YKL218C,YDR145W,0,-0.21077695,0.1406010389328003,0.9142572283744812,0.5606682300567627
YHR165C,YGL210W,0,-0.21100995,0.140579491853714,0.9142572283744812,0.5607682466506958
YMR286W,YPL131W,0,-0.21184886,0.14055794477462769,0.9142572283744812,0.5608682632446289
YDR227W,YOL151W,0,-0.21198852,0.14053639769554138,0.9142572283744812,0.560968279838562
YAL041W,YHR002W,0,-0.21320276,0.14051486551761627,0.9142572283744812,0.5610682964324951
YPL115C,YDL114W,0,-0.21398234,0.14049333333969116,0.9142572283744812,0.561168372631073
YOR091W,YML071C,0,-0.21434921,0.14047181606292725,0.9142572283744812,0.5612683892250061
YFR032C-A,YLR079W,0,-0.21527898,0.14045029878616333,0.9142572283744812,0.5613684058189392
YCL052C,YOR341W,0,-0.21589386,0.1404287964105606,0.9142572283744812,0.5614684224128723
YOR330C,YKL175W,0,-0.21598336,0.14040729403495789,0.9142572283744812,0.5615684986114502
YIL039W,YBR097W,0,-0.21663025,0.14038579165935516,0.9142572283744812,0.5616685152053833
YOR287C,YAL038W,0,-0.21695809,0.14036430418491364,0.9142572283744812,0.5617685317993164
YHR116W,YGL053W,0,-0.21773666,0.1403428167104721,0.9142572283744812,0.5618685483932495
YLR300W,YNL038W,0,-0.21800894,0.14032134413719177,0.9142572283744812,0.5619685649871826
YER125W,YKL015W,0,-0.2187238,0.14029987156391144,0.9142572283744812,0.5620686411857605
YLR170C,YDR285W,0,-0.21899688,0.1402784138917923,0.9142572283744812,0.5621686577796936
YCR040W,YBR271W,0,-0.21955651,0.14025695621967316,0.9142572283744812,0.5622686743736267
YNL159C,YDL180W,0,-0.22040802,0.1402355134487152,0.9142572283744812,0.5623686909675598
YLR059C,YDR332W,0,-0.22051468,0.14021407067775726,0.9142572283744812,0.5624687671661377
YLR167W,YGL071W,0,-0.2209103,0.14019262790679932,0.9142572283744812,0.5625687837600708
YHR153C,YDR362C,0,-0.22094603,0.14017120003700256,0.9142572283744812,0.5626688003540039
YPL075W,YPR098C,0,-0.22096847,0.1401497721672058,0.9142572283744812,0.562768816947937
YMR034C,YNL267W,0,-0.22253789,0.14012835919857025,0.9142572283744812,0.5628688335418701
YDL107W,YOL120C,0,-0.2240431,0.1401069462299347,0.9142572283744812,0.562968909740448
YMR032W,YOR026W,0,-0.2243151,0.14008554816246033,0.9142572283744812,0.5630689263343811
YML032C,YBR214W,0,-0.22490123,0.14006415009498596,0.9142572283744812,0.5631689429283142
YJL071W,YEL029C,0,-0.22588469,0.1400427669286728,0.9142572283744812,0.5632689595222473
YDR169C,YKR037C,0,-0.22615604,0.14002138376235962,0.9142572283744812,0.5633690357208252
YPL196W,YFR021W,0,-0.22622155,0.14000000059604645,0.9142572283744812,0.5634690523147583
YDL198C,YDR387C,0,-0.22647822,0.13997863233089447,0.9142572283744812,0.5635690689086914
YDL051W,YFR040W,0,-0.22758089,0.1399572640657425,0.9142572283744812,0.5636690855026245
YDR364C,YML086C,0,-0.22772379,0.1399359107017517,0.9142572283744812,0.5637691020965576
YOR147W,YGR135W,0,-0.22836687,0.13991455733776093,0.9142572283744812,0.5638691782951355
YDL054C,YPL206C,0,-0.22916183,0.13989320397377014,0.9142572283744812,0.5639691948890686
YPL262W,YBR006W,0,-0.22918689,0.13987188041210175,0.9142572283744812,0.5640692114830017
YLR126C,YOL004W,0,-0.22972947,0.13985054194927216,0.9142572283744812,0.5641692280769348
YKL093W,YHR111W,0,-0.23036732,0.13982921838760376,0.9142572283744812,0.5642693042755127
YPR005C,YEL012W,0,-0.23084992,0.13980789482593536,0.9142572283744812,0.5643693208694458
YKL156W,YPL042C,0,-0.23132962,0.13978658616542816,0.9142572283744812,0.5644693374633789
YGR295C,YOR275C,0,-0.23144907,0.13976527750492096,0.9142572283744812,0.564569354057312
YMR194W,YNR061C,0,-0.23376286,0.13974398374557495,0.9142572283744812,0.5646694302558899
YNL159C,YGL171W,0,-0.23402764,0.13972268998622894,0.9142572283744812,0.564769446849823
YPR019W,YNL199C,0,-0.23438957,0.13970139622688293,0.9142572283744812,0.5648694634437561
YJR127C,YGL196W,0,-0.23493521,0.13968011736869812,0.9142572283744812,0.5649694800376892
YML047C,YBR243C,0,-0.23550054,0.1396588534116745,0.9142572283744812,0.5650694966316223
YKL003C,YLL045C,0,-0.23607123,0.13963757455348969,0.9142572283744812,0.5651695728302002
YPR102C,YMR070W,0,-0.23647404,0.13961632549762726,0.9142572283744812,0.5652695894241333
YNL117W,YOR060C,0,-0.23751551,0.13959506154060364,0.9142572283744812,0.5653696060180664
YCR096C,YMR195W,0,-0.23751968,0.1395738273859024,0.9142572283744812,0.5654696226119995
YKR058W,YAL048C,0,-0.23885968,0.13955257833003998,0.9142572283744812,0.5655696988105774
YCL061C,YKR083C,0,-0.23899208,0.13953134417533875,0.9142572283744812,0.5656697154045105
YDR164C,YML018C,0,-0.23902951,0.1395101100206375,0.9142572283744812,0.5657697319984436
YKL005C,YKL114C,0,-0.23917884,0.13948889076709747,0.9142572283744812,0.5658697485923767
YIL051C,YIL177C,0,-0.23947927,0.13946768641471863,0.9142572283744812,0.5659697651863098
YHR132C,YKL129C,0,-0.23948318,0.1394464671611786,0.9142572283744812,0.5660698413848877
YHR046C,YNL274C,0,-0.24021238,0.13942526280879974,0.9142572283744812,0.5661698579788208
YMR315W,YAL054C,0,-0.24051192,0.1394040733575821,0.9142572283744812,0.5662698745727539
YOR266W,YBR149W,0,-0.24079627,0.13938288390636444,0.9142572283744812,0.566369891166687
YCR038C,YNL039W,0,-0.24246383,0.13936170935630798,0.9142572283744812,0.5664699673652649
YHR172W,YAL012W,0,-0.24300537,0.13934051990509033,0.9142572283744812,0.566569983959198
YJR057W,YER063W,0,-0.24324283,0.13931936025619507,0.9142572283744812,0.5666700005531311
YER123W,YER074W,0,-0.24361376,0.1392981857061386,0.9142572283744812,0.5667700171470642
YOR262W,YHR101C,0,-0.24407908,0.13927704095840454,0.9142572283744812,0.5668700337409973
YLR329W,YDR109C,0,-0.24457127,0.13925588130950928,0.9142572283744812,0.5669701099395752
YMR184W,YPR189W,0,-0.24462074,0.1392347365617752,0.9142572283744812,0.5670701265335083
YOR351C,YPR141C,0,-0.24476784,0.13921360671520233,0.9142572283744812,0.5671701431274414
YDR367W,YHL026C,0,-0.24512675,0.13919247686862946,0.9142572283744812,0.5672701597213745
YNL153C,YNL036W,0,-0.2457689,0.13917134702205658,0.9142572283744812,0.5673702359199524
YBR097W,YLR219W,0,-0.24602655,0.1391502320766449,0.9142572283744812,0.5674702525138855
YIL126W,YKL126W,0,-0.24604645,0.13912911713123322,0.9142572283744812,0.5675702691078186
YML095C,YBL085W,0,-0.2467719,0.13910801708698273,0.9142572283744812,0.5676702857017517
YNL137C,YKL183W,0,-0.24705252,0.13908691704273224,0.9142572283744812,0.5677703022956848
YIL135C,YML006C,0,-0.24731517,0.13906581699848175,0.9142572283744812,0.5678703784942627
YGR276C,YOL065C,0,-0.24744526,0.13904473185539246,0.9142572283744812,0.5679703950881958
YNL151C,YDL087C,0,-0.2474885,0.13902364671230316,0.9142572283744812,0.5680704116821289
YLL038C,YER014W,0,-0.24767663,0.13900257647037506,0.9142572283744812,0.568170428276062
YDR423C,YPR162C,0,-0.24867219,0.13898150622844696,0.9142572283744812,0.5682705044746399
YOL111C,YDR009W,0,-0.24949548,0.13896045088768005,0.9142572283744812,0.568370521068573
YGL016W,YJR120W,0,-0.24971296,0.13893939554691315,0.9142572283744812,0.5684705376625061
YHR138C,YML076C,0,-0.24975434,0.13891834020614624,0.9142572283744812,0.5685705542564392
YER184C,YDR270W,0,-0.2500394,0.13889729976654053,0.9142572283744812,0.5686706304550171
YDR224C,YJR070C,0,-0.25112975,0.138876274228096,0.9142572283744812,0.5687706470489502
YKL103C,YMR048W,0,-0.25124037,0.1388552337884903,0.9142572283744812,0.5688706636428833
YBR001C,YGL139W,0,-0.25135237,0.13883422315120697,0.9142572283744812,0.5689706802368164
YOR124C,YMR297W,0,-0.25179422,0.13881319761276245,0.9142572283744812,0.5690706968307495
YOR054C,YKL135C,0,-0.2520405,0.13879218697547913,0.9142572283744812,0.5691707730293274
YJR053W,YHR197W,0,-0.2521045,0.138771191239357,0.9142572283744812,0.5692707896232605
YJR135C,YDR532C,0,-0.25225475,0.13875019550323486,0.9142572283744812,0.5693708062171936
YCR060W,YIL112W,0,-0.25273097,0.13872919976711273,0.9142572283744812,0.5694708228111267
YPL150W,YDR030C,0,-0.2534204,0.1387082189321518,0.9142572283744812,0.5695708990097046
YLR432W,YLR333C,0,-0.25353223,0.13868723809719086,0.9142572283744812,0.5696709156036377
YMR240C,YLL062C,0,-0.25437275,0.13866625726222992,0.9142572283744812,0.5697709321975708
YLR234W,YBR121C,0,-0.2550185,0.13864529132843018,0.9142572283744812,0.5698709487915039
YOR272W,YKR059W,0,-0.255548,0.13862434029579163,0.9142572283744812,0.569970965385437
YPR006C,YKL155C,0,-0.25674033,0.13860338926315308,0.9142572283744812,0.5700710415840149
YPL274W,YBL013W,0,-0.2573408,0.13858243823051453,0.9142572283744812,0.570171058177948
YGR268C,YPR072W,0,-0.25764316,0.13856150209903717,0.9142572283744812,0.5702710747718811
YDR164C,YLR038C,0,-0.25775492,0.13854056596755981,0.9142572283744812,0.5703710913658142
YGL078C,YHL026C,0,-0.25775564,0.13851964473724365,0.9142572283744812,0.5704711675643921
YGL209W,YBL076C,0,-0.2580437,0.1384987235069275,0.9142572283744812,0.5705711841583252
YLR385C,YBR097W,0,-0.25818473,0.13847780227661133,0.9142572283744812,0.5706712007522583
YNL107W,YOR025W,0,-0.25890714,0.13845689594745636,0.9142572283744812,0.5707712173461914
YGL009C,YNR040W,0,-0.26031268,0.1384359896183014,0.9142572283744812,0.5708712339401245
YHR157W,YHR172W,0,-0.26031905,0.13841509819030762,0.9142572283744812,0.5709713101387024
YFR016C,YNL322C,0,-0.2608456,0.13839420676231384,0.9142572283744812,0.5710713267326355
YMR074C,YJR143C,0,-0.26099592,0.13837331533432007,0.9142572283744812,0.5711713433265686
YJL030W,YNR047W,0,-0.26134193,0.1383524388074875,0.9142572283744812,0.5712713599205017
YJR022W,YDR228C,0,-0.26162347,0.1383315771818161,0.9142572283744812,0.5713714361190796
YPR100W,YEL062W,0,-0.2617715,0.13831071555614471,0.9142572283744812,0.5714714527130127
YER089C,YPR003C,0,-0.2618901,0.13828985393047333,0.9142572283744812,0.5715714693069458
YCR098C,YDR137W,0,-0.26205483,0.13826899230480194,0.9142572283744812,0.5716714859008789
YOL112W,YNL199C,0,-0.26281133,0.13824816048145294,0.9142572283744812,0.571771502494812
YOR026W,YJR145C,0,-0.26285636,0.13822731375694275,0.9142572283744812,0.5718715786933899
YOR191W,YDR207C,0,-0.26311094,0.13820648193359375,0.9142572283744812,0.571971595287323
YKR014C,YOR219C,0,-0.2633468,0.13818565011024475,0.9142572283744812,0.5720716118812561
YKL013C,YDL085W,0,-0.26408994,0.13816483318805695,0.9142572283744812,0.5721716284751892
YGR052W,YDR158W,0,-0.26459712,0.13814401626586914,0.9142572283744812,0.5722717046737671
YLR033W,YJR016C,0,-0.26486164,0.13812321424484253,0.9142572283744812,0.5723717212677002
YIL007C,YCL035C,0,-0.2650883,0.13810241222381592,0.9142572283744812,0.5724717378616333
YCR036W,YGR010W,0,-0.2652517,0.1380816102027893,0.9142572283744812,0.5725717544555664
YGL028C,YDR104C,1,-0.2652678,0.13821138441562653,0.9152542352676392,0.5725717544555664
YLR390W-A,YPR073C,0,-0.26552874,0.13819058239459991,0.9152542352676392,0.5726718306541443
YDR065W,YER096W,0,-0.26592386,0.1381697803735733,0.9152542352676392,0.5727718472480774
YPL144W,YDR007W,0,-0.26607528,0.1381489783525467,0.9152542352676392,0.5728718638420105
YPL048W,YML107C,0,-0.26620084,0.13812819123268127,0.9152542352676392,0.5729718804359436
YFR032C-A,YOR221C,0,-0.26636967,0.13810741901397705,0.9152542352676392,0.5730718970298767
YLR203C,YKL078W,0,-0.26650947,0.13808664679527283,0.9152542352676392,0.5731719732284546
YGL004C,YIL056W,0,-0.2673054,0.1380658745765686,0.9152542352676392,0.5732719898223877
YJR110W,YMR071C,0,-0.2673546,0.13804511725902557,0.9152542352676392,0.5733720064163208
YHL040C,YOL120C,0,-0.26785058,0.13802435994148254,0.9152542352676392,0.5734720230102539
YMR077C,YKL006C-A,0,-0.26785424,0.13800360262393951,0.9152542352676392,0.5735720992088318
YHR106W,YNL007C,0,-0.26845503,0.13798286020755768,0.9152542352676392,0.5736721158027649
YDR531W,YPL104W,0,-0.26851416,0.13796213269233704,0.9152542352676392,0.573772132396698
YOR274W,YKL010C,0,-0.2693876,0.1379413902759552,0.9152542352676392,0.5738721489906311
YNL081C,YPR171W,0,-0.27070594,0.13792067766189575,0.9152542352676392,0.5739721655845642
YJL167W,YLR289W,0,-0.27151114,0.1378999501466751,0.9152542352676392,0.5740722417831421
YOR038C,YMR192W,0,-0.2717187,0.13787923753261566,0.9152542352676392,0.5741722583770752
YOR349W,YKL166C,0,-0.27234504,0.1378585398197174,0.9152542352676392,0.5742722749710083
YIL140W,YMR145C,0,-0.27246708,0.13783784210681915,0.9152542352676392,0.5743722915649414
YBR066C,YGL098W,0,-0.27290076,0.1378171443939209,0.9152542352676392,0.5744723677635193
YFL056C,YER176W,0,-0.27291387,0.13779646158218384,0.9152542352676392,0.5745723843574524
YGR188C,YJL189W,0,-0.27377808,0.13777577877044678,0.9152542352676392,0.5746724009513855
YHR116W,YLR385C,0,-0.2752649,0.13775509595870972,0.9152542352676392,0.5747724175453186
YPL163C,YDR240C,0,-0.2754748,0.13773442804813385,0.9152542352676392,0.5748724341392517
YML049C,YPR030W,0,-0.2757649,0.13771377503871918,0.9152542352676392,0.5749725103378296
YER088C,YDL008W,0,-0.27581045,0.1376931220293045,0.9152542352676392,0.5750725269317627
YER007W,YML030W,0,-0.2760596,0.13767246901988983,0.9152542352676392,0.5751725435256958
YPL059W,YOL030W,0,-0.27616432,0.13765181601047516,0.9152542352676392,0.5752725601196289
YJR021C,YAL012W,0,-0.27628127,0.13763117790222168,0.9152542352676392,0.5753726363182068
YOR098C,YMR109W,0,-0.2769013,0.1376105546951294,0.9152542352676392,0.5754726529121399
YGR158C,YCL018W,0,-0.27834558,0.1375899314880371,0.9152542352676392,0.575572669506073
YOR047C,YOR322C,0,-0.2785479,0.13756930828094482,0.9152542352676392,0.5756726861000061
YLR186W,YPL097W,0,-0.27975124,0.13754869997501373,0.9152542352676392,0.5757727026939392
YGL016W,YDR309C,0,-0.27975994,0.13752809166908264,0.9152542352676392,0.5758727788925171
YML013W,YHR006W,0,-0.2812178,0.13750748336315155,0.9152542352676392,0.5759727954864502
YBL028C,YDL019C,0,-0.28200656,0.13748688995838165,0.9152542352676392,0.5760728120803833
YOL028C,YEL022W,0,-0.28303003,0.13746631145477295,0.9152542352676392,0.5761728286743164
YMR059W,YBR034C,0,-0.2852577,0.13744571805000305,0.9152542352676392,0.5762729048728943
YDR444W,YJR075W,0,-0.28529337,0.13742515444755554,0.9152542352676392,0.5763729214668274
YLL061W,YHR082C,0,-0.28540277,0.13740457594394684,0.9152542352676392,0.5764729380607605
YPR021C,YBL055C,0,-0.28591496,0.13738401234149933,0.9152542352676392,0.5765729546546936
YOR049C,YCR096C,0,-0.28662783,0.137363463640213,0.9152542352676392,0.5766730308532715
YPR097W,YPR134W,0,-0.2873993,0.1373429149389267,0.9152542352676392,0.5767730474472046
YOR098C,YDR212W,0,-0.28844506,0.13732236623764038,0.9152542352676392,0.5768730640411377
YIL090W,YGR077C,0,-0.2924069,0.13730181753635406,0.9152542352676392,0.5769730806350708
YMR179W,YJL096W,0,-0.29274505,0.13728129863739014,0.9152542352676392,0.5770730972290039
YMR179W,YDL146W,0,-0.29349992,0.13726076483726501,0.9152542352676392,0.5771731734275818
YGR105W,YBR066C,0,-0.29453212,0.1372402459383011,0.9152542352676392,0.5772731900215149
YGR191W,YPL252C,0,-0.2952402,0.13721972703933716,0.9152542352676392,0.577373206615448
YOR322C,YLR145W,0,-0.2953057,0.13719922304153442,0.9152542352676392,0.5774732232093811
YLR438C-A,YHL031C,0,-0.29547307,0.1371787190437317,0.9152542352676392,0.577573299407959
YDR341C,YMR034C,0,-0.29572365,0.13715822994709015,0.9152542352676392,0.5776733160018921
YJL179W,YML013W,0,-0.29577124,0.1371377408504486,0.9152542352676392,0.5777733325958252
YPR155C,YAL026C,0,-0.2960074,0.13711725175380707,0.9152542352676392,0.5778733491897583
YOR091W,YBR156C,0,-0.29653212,0.13709677755832672,0.9152542352676392,0.5779733657836914
YGL251C,YDL148C,0,-0.29656905,0.13707630336284637,0.9152542352676392,0.5780734419822693
YDL085W,YJL071W,0,-0.29695284,0.13705584406852722,0.9152542352676392,0.5781734585762024
YBR150C,YGL116W,0,-0.29703748,0.13703538477420807,0.9152542352676392,0.5782734751701355
YGR054W,YBR060C,0,-0.29749644,0.13701492547988892,0.9152542352676392,0.5783734917640686
YBR042C,YNL016W,0,-0.29897454,0.13699448108673096,0.9152542352676392,0.5784735679626465
YIR031C,YDR425W,0,-0.29907557,0.136974036693573,0.9152542352676392,0.5785735845565796
YDR234W,YDR494W,0,-0.2991436,0.13695360720157623,0.9152542352676392,0.5786736011505127
YGL243W,YDL189W,0,-0.29959464,0.13693317770957947,0.9152542352676392,0.5787736177444458
YCR002C,YDR144C,1,-0.2997392,0.13706189393997192,0.9162512421607971,0.5787736177444458
YJL125C,YGL157W,0,-0.30026114,0.13704144954681396,0.9162512421607971,0.5788736343383789
YOL084W,YHR172W,0,-0.3004461,0.1370210200548172,0.9162512421607971,0.5789737105369568
YBR172C,YGR077C,0,-0.30063736,0.13700059056282043,0.9162512421607971,0.5790737271308899
YML099C,YJL157C,0,-0.30157238,0.13698017597198486,0.9162512421607971,0.579173743724823
YLR196W,YMR080C,0,-0.30158123,0.1369597613811493,0.9162512421607971,0.5792737603187561
YPR161C,YGL163C,0,-0.3030654,0.13693934679031372,0.9162512421607971,0.579373836517334
YGR155W,YMR099C,0,-0.30367407,0.13691894710063934,0.9162512421607971,0.5794738531112671
YCR094W,YKL028W,0,-0.30388647,0.13689856231212616,0.9162512421607971,0.5795738697052002
YMR118C,YMR088C,0,-0.30432096,0.13687816262245178,0.9162512421607971,0.5796738862991333
YOL117W,YGR052W,0,-0.30445483,0.1368577778339386,0.9162512421607971,0.5797739028930664
YKL195W,YIL076W,0,-0.30592227,0.1368374079465866,0.9162512421607971,0.5798739790916443
YLR060W,YAR035W,0,-0.30626014,0.13681703805923462,0.9162512421607971,0.5799739956855774
YDR522C,YBR301W,1,-0.30680555,0.13694551587104797,0.9172482490539551,0.5799739956855774
YGL226C-A,YNL031C,0,-0.3070953,0.1369251310825348,0.9172482490539551,0.5800740122795105
YJR096W,YDR476C,0,-0.3072499,0.1369047611951828,0.9172482490539551,0.5801740288734436
YBR034C,YCR054C,0,-0.30741408,0.1368843913078308,0.9172482490539551,0.5802741050720215
YGL189C,YOR106W,0,-0.30781326,0.13686402142047882,0.9172482490539551,0.5803741216659546
YMR286W,YER053C,0,-0.3086324,0.13684366643428802,0.9172482490539551,0.5804741382598877
YML092C,YPL274W,0,-0.30868316,0.13682332634925842,0.9172482490539551,0.5805741548538208
YNL218W,YOL124C,0,-0.3087245,0.13680297136306763,0.9172482490539551,0.5806742310523987
YLL014W,YKL172W,0,-0.30910486,0.13678263127803802,0.9172482490539551,0.5807742476463318
YBR023C,YBR213W,0,-0.30926377,0.13676230609416962,0.9172482490539551,0.5808742642402649
YMR017W,YHR082C,0,-0.30936867,0.1367419809103012,0.9172482490539551,0.580974280834198
YCL039W,YDR031W,0,-0.3103775,0.1367216557264328,0.9172482490539551,0.5810742974281311
YPR114W,YLL057C,0,-0.3112988,0.1367013305425644,0.9172482490539551,0.581174373626709
YPR024W,YHR132C,0,-0.31229547,0.13668103516101837,0.9172482490539551,0.5812743902206421
YGR007W,YIL080W,0,-0.3123267,0.13666072487831116,0.9172482490539551,0.5813744068145752
YLL051C,YML071C,0,-0.31251934,0.13664042949676514,0.9172482490539551,0.5814744234085083
YLL021W,YNR016C,0,-0.31266502,0.13662013411521912,0.9172482490539551,0.5815744996070862
YFL025C,YOR101W,0,-0.31353772,0.1365998536348343,0.9172482490539551,0.5816745162010193
YJR025C,YGR058W,0,-0.3144269,0.13657957315444946,0.9172482490539551,0.5817745327949524
YDR231C,YIL069C,0,-0.31443232,0.13655929267406464,0.9172482490539551,0.5818745493888855
YIL006W,YDR279W,0,-0.31507435,0.136539027094841,0.9172482490539551,0.5819745659828186
YDR074W,YBR185C,0,-0.31579733,0.13651877641677856,0.9172482490539551,0.5820746421813965
YJL029C,YLL055W,0,-0.31603026,0.13649851083755493,0.9172482490539551,0.5821746587753296
YNL181W,YLR427W,0,-0.31634033,0.1364782601594925,0.9172482490539551,0.5822746753692627
YKL129C,YPL022W,0,-0.31724977,0.13645802438259125,0.9172482490539551,0.5823746919631958
YEL040W,YOR335C,0,-0.3178543,0.13643778860569,0.9172482490539551,0.5824747681617737
YOR087W,YDR402C,0,-0.32002652,0.13641755282878876,0.9172482490539551,0.5825747847557068
YGL030W,YER127W,0,-0.32074195,0.1363973319530487,0.9172482490539551,0.5826748013496399
YOL076W,YNL248C,0,-0.3207549,0.13637711107730865,0.9172482490539551,0.582774817943573
YHR107C,YDR144C,1,-0.32204506,0.1365051120519638,0.918245255947113,0.582774817943573
YOR391C,YER138C,0,-0.32302046,0.13648489117622375,0.918245255947113,0.5828748345375061
YHR066W,YLR058C,0,-0.32363594,0.1364646553993225,0.918245255947113,0.582974910736084
YHL026C,YNL259C,0,-0.3236363,0.13644444942474365,0.918245255947113,0.5830749273300171
YAL020C,YNL181W,0,-0.32368806,0.1364242285490036,0.918245255947113,0.5831749439239502
YER161C,YBR074W,0,-0.32435077,0.13640402257442474,0.918245255947113,0.5832749605178833
YMR006C,YDL225W,1,-0.3247005,0.13653190433979034,0.919242262840271,0.5832749605178833
YDL189W,YPR132W,0,-0.32488316,0.1365116983652115,0.919242262840271,0.5833750367164612
YMR298W,YNL039W,0,-0.3249327,0.13649149239063263,0.919242262840271,0.5834750533103943
YNL080C,YNL135C,0,-0.32505673,0.13647128641605377,0.919242262840271,0.5835750699043274
YIR014W,YPR160W,0,-0.32509527,0.13645108044147491,0.919242262840271,0.5836750864982605
YOR378W,YGL142C,0,-0.32664627,0.13643088936805725,0.919242262840271,0.5837751030921936
YER177W,YBL090W,0,-0.32691643,0.13641071319580078,0.919242262840271,0.5838751792907715
YPR118W,YDR014W,0,-0.32774228,0.1363905370235443,0.919242262840271,0.5839751958847046
YDR019C,YBR001C,0,-0.32844907,0.13637036085128784,0.919242262840271,0.5840752124786377
YDR098C,YAL015C,0,-0.32896248,0.13635019958019257,0.919242262840271,0.5841752290725708
YMR153W,YLR045C,0,-0.32921565,0.1363300383090973,0.919242262840271,0.5842753052711487
YDR300C,YDR160W,0,-0.33020046,0.13630987703800201,0.919242262840271,0.5843753218650818
YGL185C,YGR205W,0,-0.33021468,0.13628973066806793,0.919242262840271,0.5844753384590149
YIL022W,YLR360W,0,-0.33048716,0.13626958429813385,0.919242262840271,0.584575355052948
YLR438C-A,YBR022W,0,-0.3306021,0.13624945282936096,0.919242262840271,0.5846754312515259
YMR247C,YMR099C,0,-0.3307606,0.13622932136058807,0.919242262840271,0.584775447845459
YNL218W,YCR065W,0,-0.33103964,0.13620918989181519,0.919242262840271,0.5848754644393921
YBR122C,YGL142C,0,-0.33123833,0.1361890733242035,0.919242262840271,0.5849754810333252
YDL149W,YPL148C,0,-0.33169028,0.1361689567565918,0.919242262840271,0.5850754976272583
YIL013C,YDR158W,0,-0.33197063,0.1361488550901413,0.919242262840271,0.5851755738258362
YKL140W,YDR397C,0,-0.3320831,0.1361287534236908,0.919242262840271,0.5852755904197693
YCL036W,YFR021W,0,-0.3325275,0.1361086517572403,0.919242262840271,0.5853756070137024
YIL078W,YMR078C,0,-0.3332402,0.136088564991951,0.919242262840271,0.5854756236076355
YMR276W,YJR084W,0,-0.33354992,0.13606847822666168,0.919242262840271,0.5855756998062134
YOR324C,YOR025W,0,-0.3342281,0.13604840636253357,0.919242262840271,0.5856757164001465
YKL051W,YNL056W,0,-0.3344161,0.13602831959724426,0.919242262840271,0.5857757329940796
YDR117C,YMR074C,0,-0.3345168,0.13600826263427734,0.919242262840271,0.5858757495880127
YJR119C,YPL146C,0,-0.3345211,0.13598820567131042,0.919242262840271,0.5859757661819458
YDR495C,YMR020W,0,-0.33461064,0.1359681487083435,0.919242262840271,0.5860758423805237
YLR308W,YGR192C,1,-0.334863,0.1360955536365509,0.920239269733429,0.5860758423805237
YNL230C,YPR016C,0,-0.33506486,0.1360754817724228,0.920239269733429,0.5861758589744568
YDR060W,YOL108C,0,-0.33576727,0.13605542480945587,0.920239269733429,0.5862758755683899
YBR109C,YOR138C,0,-0.33596125,0.13603536784648895,0.920239269733429,0.586375892162323
YGR276C,YDR086C,0,-0.33608508,0.13601532578468323,0.920239269733429,0.5864759683609009
YJL080C,YHR202W,0,-0.33650243,0.1359952837228775,0.920239269733429,0.586575984954834
YGR229C,YFR003C,0,-0.3366604,0.13597525656223297,0.920239269733429,0.5866760015487671
YGL040C,YMR070W,0,-0.33742273,0.13595521450042725,0.920239269733429,0.5867760181427002
YKL010C,YDR111C,0,-0.33805996,0.1359352022409439,0.920239269733429,0.5868760347366333
YMR012W,YER086W,0,-0.3389063,0.13591517508029938,0.920239269733429,0.5869761109352112
YIL170W,YDR118W,0,-0.33998442,0.13589517772197723,0.920239269733429,0.5870761275291443
YCR060W,YJR028W,0,-0.34059858,0.1358751654624939,0.920239269733429,0.5871761441230774
YOL009C,YMR032W,0,-0.34086436,0.13585516810417175,0.920239269733429,0.5872761607170105
YLR304C,YPR137W,0,-0.34328228,0.1358351707458496,0.920239269733429,0.5873762369155884
YHR175W,YMR013C,0,-0.343697,0.13581518828868866,0.920239269733429,0.5874762535095215
YBR095C,YIL048W,0,-0.34383467,0.1357952058315277,0.920239269733429,0.5875762701034546
YPL002C,YOR103C,0,-0.34476793,0.13577522337436676,0.920239269733429,0.5876762866973877
YER027C,YER041W,0,-0.34532103,0.135755255818367,0.920239269733429,0.5877763032913208
YDR074W,YKL135C,0,-0.34614503,0.13573528826236725,0.920239269733429,0.5878763794898987
YAR027W,YOR259C,0,-0.34743452,0.1357153356075287,0.920239269733429,0.5879763960838318
YPR191W,YLR435W,0,-0.34771115,0.13569538295269012,0.920239269733429,0.5880764126777649
YHR164C,YKR044W,0,-0.3486622,0.13567543029785156,0.920239269733429,0.588176429271698
YMR275C,YMR176W,0,-0.34875217,0.1356554925441742,0.920239269733429,0.5882765054702759
YHR138C,YBL057C,0,-0.34895927,0.13563555479049683,0.920239269733429,0.588376522064209
YGR046W,YDR292C,0,-0.3491593,0.13561563193798065,0.920239269733429,0.5884765386581421
YBR119W,YMR238W,0,-0.34923297,0.13559570908546448,0.920239269733429,0.5885765552520752
YGL113W,YBR276C,0,-0.3501703,0.1355757862329483,0.920239269733429,0.5886766314506531
YLR040C,YLL035W,0,-0.35079825,0.13555587828159332,0.920239269733429,0.5887766480445862
YOR080W,YNL208W,0,-0.3510486,0.13553597033023834,0.920239269733429,0.5888766646385193
YLR163C,YDR334W,0,-0.35135376,0.13551607728004456,0.920239269733429,0.5889766812324524
YNL046W,YBR198C,0,-0.35154188,0.13549618422985077,0.920239269733429,0.5890766978263855
YKR062W,YMR261C,0,-0.35204542,0.13547629117965698,0.920239269733429,0.5891767740249634
YOL140W,YDL235C,0,-0.352057,0.1354564130306244,0.920239269733429,0.5892767906188965
YKL046C,YPL130W,1,-0.35221484,0.13558326661586761,0.9212362766265869,0.5892767906188965
YPL271W,YGL246C,0,-0.35229653,0.13556337356567383,0.9212362766265869,0.5893768072128296
YGR282C,YDR103W,0,-0.3523066,0.13554349541664124,0.9212362766265869,0.5894768238067627
YOR381W,YGL104C,0,-0.3531924,0.13552361726760864,0.9212362766265869,0.5895769000053406
YCL066W,YDR177W,0,-0.35331205,0.13550373911857605,0.9212362766265869,0.5896769165992737
YGR101W,YPR134W,0,-0.3533125,0.13548387587070465,0.9212362766265869,0.5897769331932068
YGL051W,YIL036W,0,-0.35340244,0.13546401262283325,0.9212362766265869,0.5898769497871399
YDR369C,YDL119C,0,-0.35363886,0.13544414937496185,0.9212362766265869,0.589976966381073
YGR179C,YMR210W,0,-0.35372326,0.13542430102825165,0.9212362766265869,0.5900770425796509
YLR364W,YNL291C,0,-0.35420185,0.13540445268154144,0.9212362766265869,0.590177059173584
YLR200W,YPL018W,0,-0.354578,0.13538461923599243,0.9212362766265869,0.5902770757675171
YER133W,YMR081C,0,-0.35475278,0.13536478579044342,0.9212362766265869,0.5903770923614502
YAL063C,YLR414C,0,-0.35649413,0.1353449523448944,0.9212362766265869,0.5904771685600281
YKR036C,YBR162W-A,0,-0.35753113,0.1353251338005066,0.9212362766265869,0.5905771851539612
YOR038C,YNL073W,0,-0.35766703,0.13530531525611877,0.9212362766265869,0.5906772017478943
YDR067C,YLR170C,0,-0.357735,0.13528551161289215,0.9212362766265869,0.5907772183418274
YCR020C,YCL057C-A,0,-0.35838798,0.13526569306850433,0.9212362766265869,0.5908772349357605
YOL100W,YOR045W,0,-0.35867196,0.1352459043264389,0.9212362766265869,0.5909773111343384
YGR046W,YMR304W,0,-0.35972264,0.13522611558437347,0.9212362766265869,0.5910773277282715
YKR026C,YER154W,0,-0.3601761,0.13520632684230804,0.9212362766265869,0.5911773443222046
YPR175W,YNL248C,0,-0.36081967,0.13518653810024261,0.9212362766265869,0.5912773609161377
YHL032C,YOL103W,0,-0.3611577,0.13516676425933838,0.9212362766265869,0.5913774371147156
YMR008C,YPL048W,0,-0.3624774,0.13514699041843414,0.9212362766265869,0.5914774537086487
YOR257W,YDL024C,0,-0.36340383,0.1351272314786911,0.9212362766265869,0.5915774703025818
YKL005C,YLR103C,0,-0.3646748,0.13510747253894806,0.9212362766265869,0.5916774868965149
YLL061W,YGL018C,0,-0.36487442,0.13508771359920502,0.9212362766265869,0.591777503490448
YMR109W,YLR394W,0,-0.36546075,0.13506796956062317,0.9212362766265869,0.5918775796890259
YDL018C,YLR106C,0,-0.36576,0.13504822552204132,0.9212362766265869,0.591977596282959
YDL045W-A,YPL004C,0,-0.36690032,0.13502849638462067,0.9212362766265869,0.5920776128768921
YCR089W,YOR242C,1,-0.36706173,0.1351548731327057,0.9222332835197449,0.5920776128768921
YPL065W,YJR143C,0,-0.3671982,0.13513512909412384,0.9222332835197449,0.5921776294708252
YAL005C,YDR055W,1,-0.36738986,0.13526146113872528,0.9232302904129028,0.5921776294708252
YFL004W,YLR289W,0,-0.36768132,0.13524171710014343,0.9232302904129028,0.5922777056694031
YPL215W,YJL128C,0,-0.368679,0.1352219581604004,0.9232302904129028,0.5923777222633362
YLR126C,YKL062W,0,-0.36934924,0.13520221412181854,0.9232302904129028,0.5924777388572693
YJR082C,YMR314W,0,-0.369843,0.1351824849843979,0.9232302904129028,0.5925777554512024
YBR109C,YGR055W,0,-0.3699155,0.13516275584697723,0.9232302904129028,0.5926778316497803
YER013W,YHR061C,0,-0.3701618,0.13514302670955658,0.9232302904129028,0.5927778482437134
YKR035W-A,YER088C,0,-0.37032607,0.13512329757213593,0.9232302904129028,0.5928778648376465
YAL033W,YJL186W,0,-0.37084275,0.13510358333587646,0.9232302904129028,0.5929778814315796
YNL219C,YDR028C,0,-0.3712174,0.1350838840007782,0.9232302904129028,0.5930778980255127
YDR150W,YLR033W,0,-0.37121886,0.13506418466567993,0.9232302904129028,0.5931779742240906
YLR228C,YER190W,0,-0.3722648,0.13504448533058167,0.9232302904129028,0.5932779908180237
YOR209C,YJR083C,0,-0.3724787,0.1350247859954834,0.9232302904129028,0.5933780074119568
YDR287W,YGR129W,0,-0.37506658,0.13500510156154633,0.9232302904129028,0.5934780240058899
YML052W,YOL030W,1,-0.3751107,0.13513119518756866,0.9242272973060608,0.5934780240058899
YGL006W,YPL223C,0,-0.37594485,0.1351114958524704,0.9242272973060608,0.5935781002044678
YDR071C,YDL047W,0,-0.37641343,0.13509181141853333,0.9242272973060608,0.5936781167984009
YKL132C,YHR011W,0,-0.3764928,0.13507212698459625,0.9242272973060608,0.593778133392334
YFL048C,YLR103C,0,-0.3768976,0.13505244255065918,0.9242272973060608,0.5938781499862671
YKL129C,YIL147C,0,-0.37698364,0.1350327730178833,0.9242272973060608,0.5939781665802002
YDL012C,YOR109W,0,-0.37723327,0.13501310348510742,0.9242272973060608,0.5940782427787781
YDL211C,YHR092C,0,-0.3773928,0.13499344885349274,0.9242272973060608,0.5941782593727112
YDR494W,YDL143W,0,-0.37754476,0.13497379422187805,0.9242272973060608,0.5942782759666443
YMR016C,YDR078C,0,-0.377581,0.13495413959026337,0.9242272973060608,0.5943782925605774
YOR386W,YJL072C,0,-0.37768614,0.13493449985980988,0.9242272973060608,0.5944783687591553
YIL002C,YHR205W,0,-0.3781685,0.13491486012935638,0.9242272973060608,0.5945783853530884
YDR038C,YLR193C,0,-0.3784446,0.1348952203989029,0.9242272973060608,0.5946784019470215
YMR005W,YPR200C,0,-0.37853563,0.1348755955696106,0.9242272973060608,0.5947784185409546
YGR086C,YPL076W,0,-0.3791371,0.1348559856414795,0.9242272973060608,0.5948784351348877
YDR078C,YPL036W,0,-0.37967414,0.1348363608121872,0.9242272973060608,0.5949785113334656
YDR034C,YDR350C,0,-0.38029772,0.1348167508840561,0.9242272973060608,0.5950785279273987
YMR037C,YNL314W,0,-0.38243586,0.13479715585708618,0.9242272973060608,0.5951785445213318
YPL221W,YHL006C,0,-0.38268787,0.13477754592895508,0.9242272973060608,0.5952785611152649
YOR068C,YGL058W,0,-0.38272953,0.13475796580314636,0.9242272973060608,0.5953786373138428
YHL012W,YDR100W,0,-0.38346773,0.13473837077617645,0.9242272973060608,0.5954786539077759
YLL066C,YDR310C,0,-0.38385153,0.13471879065036774,0.9242272973060608,0.595578670501709
YMR056C,YER145C,0,-0.38391313,0.13469921052455902,0.9242272973060608,0.5956786870956421
YCL025C,YMR026C,0,-0.3853639,0.1346796452999115,0.9242272973060608,0.59577876329422
YOR322C,YEL059C-A,0,-0.38549188,0.13466008007526398,0.9242272973060608,0.5958787798881531
YKL046C,YEL040W,1,-0.38613918,0.13478577136993408,0.9252243041992188,0.5958787798881531
YER112W,YJR060W,0,-0.38691318,0.13476619124412537,0.9252243041992188,0.5959787964820862
YLR163C,YER070W,0,-0.3873756,0.13474662601947784,0.9252243041992188,0.5960788130760193
YOR025W,YDL120W,0,-0.38827634,0.13472706079483032,0.9252243041992188,0.5961788296699524
YLR284C,YPL254W,0,-0.38864744,0.134707510471344,0.9252243041992188,0.5962789058685303
YML106W,YDR397C,0,-0.38913316,0.13468796014785767,0.9252243041992188,0.5963789224624634
YNL293W,YPR135W,0,-0.38959903,0.13466840982437134,0.9252243041992188,0.5964789390563965
YFR005C,YHL025W,0,-0.39023775,0.1346488744020462,0.9252243041992188,0.5965789556503296
YCR031C,YPL076W,0,-0.39084077,0.13462933897972107,0.9252243041992188,0.5966790318489075
YDR036C,YDR262W,0,-0.3911336,0.13460980355739594,0.9252243041992188,0.5967790484428406
YDL084W,YHR028C,0,-0.3912696,0.134590283036232,0.9252243041992188,0.5968790650367737
YBR264C,YMR300C,0,-0.39365733,0.13457076251506805,0.9252243041992188,0.5969790816307068
YLR330W,YGR082W,0,-0.39375275,0.1345512568950653,0.9252243041992188,0.5970790982246399
YOR057W,YFR045W,0,-0.39378136,0.13453175127506256,0.9252243041992188,0.5971791744232178
YDR148C,YPL112C,0,-0.39447922,0.13451224565505981,0.9252243041992188,0.5972791910171509
YLR234W,YPR083W,0,-0.3945884,0.13449275493621826,0.9252243041992188,0.597379207611084
YLL014W,YNL290W,0,-0.39475784,0.1344732642173767,0.9252243041992188,0.5974792242050171
YER153C,YBR162W-A,0,-0.39494556,0.13445378839969635,0.9252243041992188,0.597579300403595
YDR476C,YNL163C,0,-0.395244,0.1344342976808548,0.9252243041992188,0.5976793169975281
YBR038W,YEL050C,0,-0.39551905,0.13441483676433563,0.9252243041992188,0.5977793335914612
YJL033W,YKL054C,0,-0.39610702,0.13439536094665527,0.9252243041992188,0.5978793501853943
YHR017W,YNL280C,0,-0.39642656,0.1343759000301361,0.9252243041992188,0.5979793667793274
YDR067C,YLR440C,0,-0.39652878,0.13435645401477814,0.9252243041992188,0.5980794429779053
YNL246W,YKL080W,0,-0.3971994,0.13433700799942017,0.9252243041992188,0.5981794595718384
YDR150W,YHR142W,0,-0.397246,0.1343175619840622,0.9252243041992188,0.5982794761657715
YDR263C,YLR289W,0,-0.39727247,0.13429811596870422,0.9252243041992188,0.5983794927597046
YLR321C,YGR089W,0,-0.39932588,0.13427868485450745,0.9252243041992188,0.5984795689582825
YDR368W,YML057W,0,-0.40009168,0.13425925374031067,0.9252243041992188,0.5985795855522156
YGR214W,YKL082C,0,-0.4005261,0.13423983752727509,0.9252243041992188,0.5986796021461487
YMR035W,YLR097C,0,-0.40308207,0.1342204213142395,0.9252243041992188,0.5987796187400818
YDR468C,YOR283W,0,-0.40309197,0.13420100510120392,0.9252243041992188,0.5988796353340149
YML045W,YMR128W,0,-0.40439716,0.13418160378932953,0.9252243041992188,0.5989797115325928
YDL166C,YDR196C,0,-0.40467846,0.13416220247745514,0.9252243041992188,0.5990797281265259
YGR036C,YML087C,0,-0.40471837,0.13414281606674194,0.9252243041992188,0.599179744720459
YGL189C,YML037C,0,-0.40530434,0.13412342965602875,0.9252243041992188,0.5992797613143921
YIL142W,YJR059W,0,-0.405635,0.13410404324531555,0.9252243041992188,0.59937983751297
YLR447C,YNL173C,0,-0.40585405,0.13408467173576355,0.9252243041992188,0.5994798541069031
YDR318W,YHR023W,0,-0.4068085,0.13406530022621155,0.9252243041992188,0.5995798707008362
YER033C,YDL230W,0,-0.4075015,0.13404592871665955,0.9252243041992188,0.5996798872947693
YKL039W,YBR156C,0,-0.40855807,0.13402657210826874,0.9252243041992188,0.5997799634933472
YKR007W,YKR052C,0,-0.4086839,0.13400721549987793,0.9252243041992188,0.5998799800872803
YJR119C,YPR168W,0,-0.40887085,0.13398787379264832,0.9252243041992188,0.5999799966812134
YDR315C,YDR231C,0,-0.4089104,0.1339685320854187,0.9252243041992188,0.6000800132751465
YJR110W,YIL064W,0,-0.40897474,0.1339491903781891,0.9252243041992188,0.6001800298690796
YPR097W,YER190W,0,-0.40933093,0.13392986357212067,0.9252243041992188,0.6002801060676575
YBR095C,YDL240W,0,-0.40963468,0.13391053676605225,0.9252243041992188,0.6003801226615906
YLR234W,YBR058C,0,-0.40981975,0.13389120995998383,0.9252243041992188,0.6004801392555237
YIL030C,YMR275C,0,-0.41004568,0.1338718980550766,0.9252243041992188,0.6005801558494568
YDL083C,YNL176C,0,-0.41017634,0.13385258615016937,0.9252243041992188,0.6006802320480347
YGL071W,YOR311C,0,-0.41164702,0.13383328914642334,0.9252243041992188,0.6007802486419678
YLR009W,YNL049C,0,-0.41217414,0.1338139921426773,0.9252243041992188,0.6008802652359009
YIL061C,YPR072W,0,-0.41255093,0.13379469513893127,0.9252243041992188,0.600980281829834
YML061C,YDR451C,0,-0.41269106,0.13377541303634644,0.9252243041992188,0.6010802984237671
YBL039C,YER014W,0,-0.41282022,0.1337561309337616,0.9252243041992188,0.601180374622345
YLR263W,YPR096C,0,-0.4130231,0.13373684883117676,0.9252243041992188,0.6012803912162781
YPL144W,YNL287W,0,-0.41304946,0.1337175816297531,0.9252243041992188,0.6013804078102112
YAR050W,YAL005C,1,-0.41449094,0.1338423788547516,0.9262213110923767,0.6013804078102112
YLR163C,YDR479C,0,-0.41505286,0.13382311165332794,0.9262213110923767,0.6014804244041443
YOR175C,YDL235C,0,-0.415348,0.1338038295507431,0.9262213110923767,0.6015805006027222
YKL095W,YJL165C,0,-0.41570944,0.13378456234931946,0.9262213110923767,0.6016805171966553
YIR015W,YPR049C,0,-0.4168177,0.1337652951478958,0.9262213110923767,0.6017805337905884
YGL070C,YKL020C,0,-0.41695082,0.13374604284763336,0.9262213110923767,0.6018805503845215
YBR272C,YOR348C,0,-0.41757947,0.1337267905473709,0.9262213110923767,0.6019805669784546
YHR116W,YLR103C,0,-0.4176988,0.13370753824710846,0.9262213110923767,0.6020806431770325
YDR492W,YNL062C,0,-0.41809237,0.1336883008480072,0.9262213110923767,0.6021806597709656
YDR483W,YDL045W-A,0,-0.41900116,0.13366906344890594,0.9262213110923767,0.6022806763648987
YER048W-A,YLR200W,0,-0.4190598,0.13364984095096588,0.9262213110923767,0.6023806929588318
YOR167C,YOL030W,0,-0.4193111,0.13363060355186462,0.9262213110923767,0.6024807691574097
YMR292W,YDL030W,0,-0.41958404,0.13361139595508575,0.9262213110923767,0.6025807857513428
YOR274W,YOR192C,0,-0.4196745,0.1335921734571457,0.9262213110923767,0.6026808023452759
YKL004W,YMR257C,0,-0.42014587,0.13357296586036682,0.9262213110923767,0.602780818939209
YPL133C,YKL138C,0,-0.4210568,0.13355377316474915,0.9262213110923767,0.6028808355331421
YLR371W,YBR052C,0,-0.42153484,0.13353456556797028,0.9262213110923767,0.60298091173172
YOR359W,YPR187W,0,-0.42166147,0.1335153728723526,0.9262213110923767,0.6030809283256531
YMR225C,YJR026W,0,-0.42268422,0.13349619507789612,0.9262213110923767,0.6031809449195862
YPR081C,YDR062W,0,-0.42297482,0.13347701728343964,0.9262213110923767,0.6032809615135193
YPR160W,YOR374W,0,-0.42387998,0.13345783948898315,0.9262213110923767,0.6033810377120972
YGR279C,YDL143W,0,-0.42418718,0.13343866169452667,0.9262213110923767,0.6034810543060303
YHR086W,YPL112C,0,-0.42438674,0.13341949880123138,0.9262213110923767,0.6035810708999634
YIL070C,YDL019C,0,-0.42540646,0.1334003508090973,0.9262213110923767,0.6036810874938965
YDR318W,YNR067C,0,-0.42586705,0.133381187915802,0.9262213110923767,0.6037811636924744
YOL064C,YBR173C,0,-0.42628545,0.1333620399236679,0.9262213110923767,0.6038811802864075
YAL005C,YDR144C,1,-0.42630172,0.13348643481731415,0.9272183179855347,0.6038811802864075
YGL141W,YFL041W,0,-0.42683426,0.13346727192401886,0.9272183179855347,0.6039811968803406
YBR036C,YHL003C,0,-0.42776883,0.13344812393188477,0.9272183179855347,0.6040812134742737
YLR167W,YMR009W,0,-0.42826807,0.13342897593975067,0.9272183179855347,0.6041812300682068
YHR079C,YER083C,0,-0.42883664,0.13340984284877777,0.9272183179855347,0.6042813062667847
YMR127C,YMR180C,0,-0.42898527,0.13339070975780487,0.9272183179855347,0.6043813228607178
YOR243C,YOR039W,0,-0.42975742,0.13337157666683197,0.9272183179855347,0.6044813394546509
YOL144W,YIL035C,0,-0.43096462,0.13335245847702026,0.9272183179855347,0.604581356048584
YKR093W,YGL112C,0,-0.43107918,0.13333334028720856,0.9272183179855347,0.6046814322471619
YHR167W,YER168C,0,-0.43149668,0.13331422209739685,0.9272183179855347,0.604781448841095
YBR016W,YOL109W,0,-0.4317199,0.13329511880874634,0.9272183179855347,0.6048814654350281
YMR205C,YJL143W,0,-0.43231514,0.13327601552009583,0.9272183179855347,0.6049814820289612
YML045W,YBR181C,0,-0.43288118,0.1332569122314453,0.9272183179855347,0.6050814986228943
YNL065W,YLR292C,0,-0.43325603,0.133237823843956,0.9272183179855347,0.6051815748214722
YBR058C-A,YOL040C,0,-0.43417117,0.13321873545646667,0.9272183179855347,0.6052815914154053
YOL132W,YGR104C,0,-0.43430424,0.13319966197013855,0.9272183179855347,0.6053816080093384
YDR371W,YPL097W,0,-0.43459028,0.13318058848381042,0.9272183179855347,0.6054816246032715
YMR049C,YPL027W,0,-0.43483043,0.1331615149974823,0.9272183179855347,0.6055817008018494
YDR227W,YKR006C,0,-0.43531376,0.13314244151115417,0.9272183179855347,0.6056817173957825
YKL178C,YGL240W,0,-0.43617225,0.13312338292598724,0.9272183179855347,0.6057817339897156
YBR173C,YMR009W,0,-0.4365791,0.1331043392419815,0.9272183179855347,0.6058817505836487
YMR211W,YOL155C,0,-0.43687078,0.13308529555797577,0.9272183179855347,0.6059817671775818
YOR224C,YGL062W,0,-0.43733674,0.13306625187397003,0.9272183179855347,0.6060818433761597
YFR053C,YLR258W,0,-0.4377585,0.1330472081899643,0.9272183179855347,0.6061818599700928
YML127W,YHL035C,0,-0.4390077,0.13302817940711975,0.9272183179855347,0.6062818765640259
YJR131W,YMR235C,0,-0.43931448,0.1330091506242752,0.9272183179855347,0.606381893157959
YNL091W,YGR218W,0,-0.43932015,0.13299013674259186,0.9272183179855347,0.6064819693565369
YLR032W,YCR075C,0,-0.44087845,0.1329711228609085,0.9272183179855347,0.60658198595047
YJR084W,YOL062C,0,-0.441008,0.13295210897922516,0.9272183179855347,0.6066820025444031
YML095C,YMR201C,0,-0.44129008,0.132933109998703,0.9272183179855347,0.6067820191383362
YDR108W,YJR108W,0,-0.44182527,0.13291411101818085,0.9272183179855347,0.6068820357322693
YHR119W,YDL136W,0,-0.44195306,0.1328951120376587,0.9272183179855347,0.6069821119308472
YOL122C,YGR001C,0,-0.44199032,0.13287612795829773,0.9272183179855347,0.6070821285247803
YBR058C-A,YJL149W,0,-0.44225854,0.13285714387893677,0.9272183179855347,0.6071821451187134
YBR029C,YMR180C,0,-0.4424193,0.1328381597995758,0.9272183179855347,0.6072821617126465
YIL035C,YBR240C,0,-0.44285524,0.13281919062137604,0.9272183179855347,0.6073822379112244
YHR108W,YKR019C,0,-0.44423622,0.13280022144317627,0.9272183179855347,0.6074822545051575
YER123W,YJR112W,0,-0.44487393,0.1327812671661377,0.9272183179855347,0.6075822710990906
YDL022W,YBR128C,0,-0.44494015,0.13276231288909912,0.9272183179855347,0.6076822876930237
YLR055C,YJL200C,0,-0.4452003,0.13274335861206055,0.9272183179855347,0.6077823638916016
YIL042C,YDL047W,0,-0.44528812,0.13272441923618317,0.9272183179855347,0.6078823804855347
YFR003C,YLR165C,0,-0.4456676,0.1327054798603058,0.9272183179855347,0.6079823970794678
YBR175W,YAL020C,0,-0.44568902,0.1326865404844284,0.9272183179855347,0.6080824136734009
YEL018W,YGR211W,0,-0.44683957,0.13266761600971222,0.9272183179855347,0.608182430267334
YPL098C,YIL106W,0,-0.44784516,0.13264869153499603,0.9272183179855347,0.6082825064659119
YFL013C,YML116W,0,-0.4481848,0.13262978196144104,0.9272183179855347,0.608382523059845
YHR122W,YKL002W,0,-0.4486949,0.13261087238788605,0.9272183179855347,0.6084825396537781
YBR023C,YHL031C,0,-0.44883832,0.13259196281433105,0.9272183179855347,0.6085825562477112
YNL318C,YOR246C,0,-0.4508407,0.13257305324077606,0.9272183179855347,0.6086826324462891
YBR118W,YLR006C,0,-0.45099747,0.13255415856838226,0.9272183179855347,0.6087826490402222
YDR018C,YOL003C,0,-0.4515549,0.13253527879714966,0.9272183179855347,0.6088826656341553
YBR175W,YLR187W,0,-0.4530001,0.13251638412475586,0.9272183179855347,0.6089826822280884
YMR233W,YHR139C,0,-0.45362973,0.13249750435352325,0.9272183179855347,0.6090826988220215
YOL152W,YKL100C,0,-0.45630497,0.13247863948345184,0.9272183179855347,0.6091827750205994
YGR268C,YEL070W,0,-0.45669794,0.13245975971221924,0.9272183179855347,0.6092827916145325
YDR530C,YKL033W,0,-0.4570604,0.13244089484214783,0.9272183179855347,0.6093828082084656
YPL231W,YDR040C,0,-0.45706126,0.1324220448732376,0.9272183179855347,0.6094828248023987
YCL051W,YNL115C,0,-0.45726156,0.1324031949043274,0.9272183179855347,0.6095829010009766
YBR035C,YLR118C,0,-0.45757198,0.13238434493541718,0.9272183179855347,0.6096829175949097
YGR076C,YDR228C,0,-0.45791775,0.13236549496650696,0.9272183179855347,0.6097829341888428
YGR286C,YNL079C,0,-0.45869428,0.13234665989875793,0.9272183179855347,0.6098829507827759
YMR093W,YLR352W,0,-0.45938265,0.1323278248310089,0.9272183179855347,0.609982967376709
YLL016W,YDR536W,0,-0.45980096,0.13230900466442108,0.9272183179855347,0.6100830435752869
YDR483W,YJL187C,0,-0.46039987,0.13229018449783325,0.9272183179855347,0.61018306016922
YAL007C,YEL018W,0,-0.46054012,0.13227136433124542,0.9272183179855347,0.6102830767631531
YBR123C,YAR019C,0,-0.46071023,0.1322525590658188,0.9272183179855347,0.6103830933570862
YKL051W,YER120W,0,-0.46075997,0.13223375380039215,0.9272183179855347,0.6104831695556641
YKL185W,YDL098C,0,-0.46076667,0.13221494853496552,0.9272183179855347,0.6105831861495972
YLR044C,YNR059W,0,-0.46079487,0.13219615817070007,0.9272183179855347,0.6106832027435303
YCR089W,YOR009W,1,-0.4608903,0.13231949508190155,0.9282153248786926,0.6106832027435303
YDR242W,YPL010W,0,-0.46125305,0.13230068981647491,0.9282153248786926,0.6107832193374634
YDL108W,YOR113W,0,-0.46249148,0.13228189945220947,0.9282153248786926,0.6108832359313965
YBR036C,YAR035W,0,-0.46304244,0.13226310908794403,0.9282153248786926,0.6109833121299744
YOL101C,YBL026W,0,-0.46304858,0.1322443187236786,0.9282153248786926,0.6110833287239075
YMR137C,YGR223C,0,-0.46339452,0.13222554326057434,0.9282153248786926,0.6111833453178406
YHR103W,YOL145C,0,-0.46349165,0.1322067528963089,0.9282153248786926,0.6112833619117737
YMR043W,YER030W,0,-0.4640028,0.13218799233436584,0.9282153248786926,0.6113834381103516
YML070W,YOR298W,0,-0.46426827,0.1321692168712616,0.9282153248786926,0.6114834547042847
YGR155W,YJL066C,0,-0.464581,0.13215045630931854,0.9282153248786926,0.6115834712982178
YFR018C,YMR195W,0,-0.46582073,0.13213171064853668,0.9282153248786926,0.6116834878921509
YPR031W,YOR243C,0,-0.466803,0.13211295008659363,0.9282153248786926,0.6117835640907288
YNL158W,YGL155W,0,-0.46857622,0.13209420442581177,0.9282153248786926,0.6118835806846619
YMR239C,YBL021C,0,-0.46858516,0.1320754736661911,0.9282153248786926,0.611983597278595
YPR095C,YDR071C,0,-0.4689504,0.13205674290657043,0.9282153248786926,0.6120836138725281
YDR261C,YFR010W,0,-0.46946624,0.13203801214694977,0.9282153248786926,0.6121836304664612
YNL227C,YDR501W,0,-0.4694984,0.1320192813873291,0.9282153248786926,0.6122837066650391
YBR260C,YBL087C,0,-0.46960938,0.13200056552886963,0.9282153248786926,0.6123837232589722
YBR087W,YER089C,0,-0.4704722,0.13198184967041016,0.9282153248786926,0.6124837398529053
YPL063W,YKL170W,0,-0.47051907,0.13196314871311188,0.9282153248786926,0.6125837564468384
YGL059W,YGL106W,0,-0.4709487,0.1319444477558136,0.9282153248786926,0.6126838326454163
YOR096W,YGL064C,0,-0.47107652,0.13192574679851532,0.9282153248786926,0.6127838492393494
YGR003W,YCL068C,0,-0.4711218,0.13190706074237823,0.9282153248786926,0.6128838658332825
YPL059W,YDR145W,0,-0.47168484,0.13188837468624115,0.9282153248786926,0.6129838824272156
YBL051C,YER063W,0,-0.47253639,0.13186968863010406,0.9282153248786926,0.6130838990211487
YDR047W,YLR380W,0,-0.4725958,0.13185101747512817,0.9282153248786926,0.6131839752197266
YHL036W,YMR036C,0,-0.47273237,0.13183234632015228,0.9282153248786926,0.6132839918136597
YMR025W,YDR288W,0,-0.47360852,0.1318136751651764,0.9282153248786926,0.6133840084075928
YLL029W,YIL034C,0,-0.47366554,0.1317950189113617,0.9282153248786926,0.6134840250015259
YLR314C,YJR076C,1,-0.47379112,0.13191790878772736,0.9292123913764954,0.6134840250015259
YER093C,YER029C,0,-0.4743572,0.13189923763275146,0.9292123913764954,0.6135841012001038
YNL142W,YPR169W,0,-0.47490317,0.13188056647777557,0.9292123913764954,0.6136841177940369
YPL101W,YBR035C,0,-0.47533292,0.13186191022396088,0.9292123913764954,0.61378413438797
YGR235C,YNL325C,0,-0.47555566,0.13184325397014618,0.9292123913764954,0.6138841509819031
YCR012W,YNL007C,0,-0.4760288,0.13182461261749268,0.9292123913764954,0.6139841675758362
YJL044C,YOR377W,0,-0.47717562,0.13180597126483917,0.9292123913764954,0.6140842437744141
YFR001W,YBR130C,0,-0.47725222,0.13178732991218567,0.9292123913764954,0.6141842603683472
YDR368W,YER008C,0,-0.47768593,0.13176870346069336,0.9292123913764954,0.6142842769622803
YGL053W,YLR134W,0,-0.47769696,0.13175007700920105,0.9292123913764954,0.6143842935562134
YFL010W-A,YHR136C,0,-0.47781023,0.13173145055770874,0.9292123913764954,0.6144843697547913
YLL001W,YOR369C,0,-0.4790181,0.13171283900737762,0.9292123913764954,0.6145843863487244
YHR011W,YDL106C,0,-0.4791329,0.1316942274570465,0.9292123913764954,0.6146844029426575
YKL218C,YMR298W,0,-0.47963285,0.1316756159067154,0.9292123913764954,0.6147844195365906
YOL082W,YLR357W,0,-0.4810015,0.13165701925754547,0.9292123913764954,0.6148844361305237
YML009C,YDR038C,0,-0.48141927,0.13163842260837555,0.9292123913764954,0.6149845123291016
YDR159W,YOL122C,0,-0.48204577,0.13161982595920563,0.9292123913764954,0.6150845289230347
YNL051W,YER176W,0,-0.48232305,0.1316012442111969,0.9292123913764954,0.6151845455169678
YOR332W,YJR143C,0,-0.48263472,0.13158266246318817,0.9292123913764954,0.6152845621109009
YLL038C,YOR219C,0,-0.4830516,0.13156408071517944,0.9292123913764954,0.6153846383094788
YGR252W,YKR062W,0,-0.4830995,0.1315455138683319,0.9292123913764954,0.6154846549034119
YDR395W,YLR448W,0,-0.4832542,0.13152696192264557,0.9292123913764954,0.615584671497345
YAL005C,YMR008C,1,-0.48348397,0.13164949417114258,0.9302093982696533,0.615584671497345
YDR197W,YJR036C,0,-0.4836746,0.13163092732429504,0.9302093982696533,0.6156846880912781
YML124C,YPL091W,0,-0.48383126,0.1316123604774475,0.9302093982696533,0.615784764289856
YJR009C,YMR307W,1,-0.48467594,0.13173483312129974,0.9312064051628113,0.615784764289856
YOL020W,YPL063W,0,-0.4847213,0.1317162662744522,0.9312064051628113,0.6158847808837891
YHL044W,YDL078C,0,-0.48602682,0.13169768452644348,0.9312064051628113,0.6159847974777222
YNL188W,YOR224C,0,-0.48638484,0.13167911767959595,0.9312064051628113,0.6160848140716553
YPL027W,YOR081C,0,-0.48705494,0.1316605508327484,0.9312064051628113,0.6161848306655884
YDR312W,YJR084W,0,-0.48745242,0.13164199888706207,0.9312064051628113,0.6162849068641663
YDL209C,YDR254W,0,-0.48812744,0.13162344694137573,0.9312064051628113,0.6163849234580994
YBR301W,YPL130W,1,-0.4882974,0.1317458152770996,0.9322034120559692,0.6163849234580994
YJL225C,YPL130W,0,-0.48854947,0.13172724843025208,0.9322034120559692,0.6164849400520325
YDL114W,YBR015C,0,-0.48952106,0.13170869648456573,0.9322034120559692,0.6165849566459656
YLL040C,YOL108C,0,-0.4895832,0.1316901445388794,0.9322034120559692,0.6166850328445435
YDR518W,YGR175C,0,-0.48958388,0.13167159259319305,0.9322034120559692,0.6167850494384766
YOL042W,YNL317W,0,-0.4922481,0.1316530555486679,0.9322034120559692,0.6168850660324097
YDR023W,YJR006W,0,-0.49229953,0.13163451850414276,0.9322034120559692,0.6169850826263428
YJR028W,YPL253C,0,-0.49249005,0.1316159963607788,0.9322034120559692,0.6170850992202759
YDL113C,YDR444W,0,-0.49256903,0.13159745931625366,0.9322034120559692,0.6171851754188538
YER028C,YGL035C,0,-0.4925961,0.1315789520740509,0.9322034120559692,0.6172851920127869
YER125W,YLL016W,0,-0.493323,0.13156042993068695,0.9322034120559692,0.61738520860672
YER151C,YGL209W,0,-0.4942584,0.1315419226884842,0.9322034120559692,0.6174852252006531
YIL113W,YMR297W,0,-0.4951436,0.13152341544628143,0.9322034120559692,0.617585301399231
YDL134C,YOR239W,0,-0.49526608,0.13150492310523987,0.9322034120559692,0.6176853179931641
YGL211W,YDR038C,0,-0.49566317,0.1314864307641983,0.9322034120559692,0.6177853345870972
YJL033W,YJL102W,0,-0.4960207,0.13146793842315674,0.9322034120559692,0.6178853511810303
YNL284C,YNL077W,0,-0.49624336,0.13144946098327637,0.9322034120559692,0.6179853677749634
YIR005W,YNL214W,0,-0.4966842,0.131430983543396,0.9322034120559692,0.6180854439735413
YJL013C,YBR272C,0,-0.49704003,0.13141250610351562,0.9322034120559692,0.6181854605674744
YLR134W,YER053C,0,-0.49761003,0.13139404356479645,0.9322034120559692,0.6182854771614075
YDL081C,YPL159C,0,-0.49784243,0.13137558102607727,0.9322034120559692,0.6183854937553406
YDR515W,YDR451C,0,-0.4978655,0.1313571184873581,0.9322034120559692,0.6184855699539185
YLR186W,YBR271W,0,-0.49856555,0.1313386708498001,0.9322034120559692,0.6185855865478516
YHR009C,YDR407C,0,-0.4996926,0.13132022321224213,0.9322034120559692,0.6186856031417847
YKR102W,YGL190C,0,-0.50092304,0.13130179047584534,0.9322034120559692,0.6187856197357178
YDR522C,YLR120C,1,-0.5010357,0.13142375648021698,0.9332004189491272,0.6187856197357178
YBL091C-A,YML054C,0,-0.5011394,0.131405308842659,0.9332004189491272,0.6188856363296509
YOR243C,YOR357C,0,-0.501279,0.131386861205101,0.9332004189491272,0.6189857125282288
YGL060W,YGL148W,0,-0.5016407,0.13136842846870422,0.9332004189491272,0.6190857291221619
YHR077C,YHR030C,0,-0.502825,0.13134998083114624,0.9332004189491272,0.619185745716095
YLR010C,YOR176W,0,-0.50288904,0.13133156299591064,0.9332004189491272,0.6192857623100281
YPR120C,YLR129W,0,-0.5032829,0.13131313025951385,0.9332004189491272,0.619385838508606
YJL098W,YHR209W,0,-0.5035337,0.13129471242427826,0.9332004189491272,0.6194858551025391
YAL035W,YGL238W,0,-0.5035566,0.13127629458904266,0.9332004189491272,0.6195858716964722
YPL149W,YHR142W,0,-0.5040344,0.13125789165496826,0.9332004189491272,0.6196858882904053
YLR249W,YDR252W,0,-0.5043192,0.13123948872089386,0.9332004189491272,0.6197859644889832
YLR417W,YGL105W,0,-0.50433475,0.13122108578681946,0.9332004189491272,0.6198859810829163
YLR307W,YER011W,1,-0.5056304,0.13134285807609558,0.9341974258422852,0.6198859810829163
YNL271C,YOR037W,0,-0.5057328,0.13132445514202118,0.9341974258422852,0.6199859976768494
YBR061C,YGR211W,0,-0.50577515,0.13130605220794678,0.9341974258422852,0.6200860142707825
YFR024C-A,YEL029C,0,-0.50589097,0.13128764927387238,0.9341974258422852,0.6201860308647156
YOR201C,YGL141W,0,-0.50624466,0.13126926124095917,0.9341974258422852,0.6202861070632935
YMR298W,YLR386W,0,-0.506415,0.13125087320804596,0.9341974258422852,0.6203861236572266
YLL033W,YLR359W,0,-0.5064646,0.13123250007629395,0.9341974258422852,0.6204861402511597
YNL160W,YAR015W,0,-0.5069916,0.13121411204338074,0.9341974258422852,0.6205861568450928
YNR011C,YBR188C,0,-0.5077393,0.13119573891162872,0.9341974258422852,0.6206862330436707
YOR363C,YKL095W,0,-0.50778246,0.1311773806810379,0.9341974258422852,0.6207862496376038
YDR045C,YKL002W,0,-0.5087962,0.1311590075492859,0.9341974258422852,0.6208862662315369
YOL026C,YJR133W,0,-0.5090567,0.13114066421985626,0.9341974258422852,0.62098628282547
YDR388W,YMR150C,0,-0.50916827,0.13112230598926544,0.9341974258422852,0.6210862994194031
YIL134W,YMR110C,0,-0.50940883,0.13110396265983582,0.9341974258422852,0.621186375617981
YMR143W,YER041W,0,-0.51021975,0.1310856193304062,0.9341974258422852,0.6212863922119141
YJR135C,YAL051W,0,-0.5111747,0.13106727600097656,0.9341974258422852,0.6213864088058472
YNL231C,YNL212W,0,-0.51123226,0.13104894757270813,0.9341974258422852,0.6214864253997803
YOL157C,YBR065C,0,-0.51210123,0.1310306191444397,0.9341974258422852,0.6215865015983582
YHR161C,YNR018W,0,-0.51241183,0.13101230561733246,0.9341974258422852,0.6216865181922913
YDR392W,YKL011C,0,-0.51244795,0.13099399209022522,0.9341974258422852,0.6217865347862244
YIL068C,YDL149W,0,-0.51282394,0.13097567856311798,0.9341974258422852,0.6218865513801575
YER048W-A,YKL038W,0,-0.51320297,0.13095736503601074,0.9341974258422852,0.6219865679740906
YBR208C,YDR238C,0,-0.51361835,0.1309390664100647,0.9341974258422852,0.6220866441726685
YER008C,YDR309C,0,-0.5136583,0.13092078268527985,0.9341974258422852,0.6221866607666016
YBL028C,YFR031C,0,-0.5138347,0.1309024840593338,0.9341974258422852,0.6222866773605347
YHR118C,YAL044C,0,-0.51409435,0.13088420033454895,0.9341974258422852,0.6223866939544678
YEL006W,YCL066W,0,-0.5143675,0.1308659166097641,0.9341974258422852,0.6224867701530457
YOR304C-A,YGL223C,0,-0.5150456,0.13084764778614044,0.9341974258422852,0.6225867867469788
YBR038W,YDR298C,0,-0.51591504,0.13082937896251678,0.9341974258422852,0.6226868033409119
YLR033W,YPL094C,0,-0.5165339,0.13081111013889313,0.9341974258422852,0.622786819934845
YBL035C,YJL198W,0,-0.5171443,0.13079285621643066,0.9341974258422852,0.6228868365287781
YDL097C,YOR294W,0,-0.5180825,0.1307746022939682,0.9341974258422852,0.622986912727356
YHR139C,YDR534C,1,-0.5184546,0.13089589774608612,0.9351944327354431,0.622986912727356
YKL069W,YDR107C,0,-0.5187346,0.13087762892246246,0.9351944327354431,0.6230869293212891
YDL185W,YJR089W,0,-0.51985824,0.130859375,0.9351944327354431,0.6231869459152222
YGR264C,YCL054W,0,-0.52022994,0.13084112107753754,0.9351944327354431,0.6232869625091553
YER137C,YJR029W,0,-0.52104765,0.13082286715507507,0.9351944327354431,0.6233870387077332
YOR353C,YOR222W,0,-0.52125037,0.1308046281337738,0.9351944327354431,0.6234870553016663
YGR194C,YDR262W,0,-0.52148426,0.13078638911247253,0.9351944327354431,0.6235870718955994
YEL064C,YDR479C,0,-0.5221684,0.13076816499233246,0.9351944327354431,0.6236870884895325
YML106W,YGL107C,0,-0.5223367,0.1307499259710312,0.9351944327354431,0.6237871646881104
YNL308C,YFL017W-A,0,-0.522627,0.1307317018508911,0.9351944327354431,0.6238871812820435
YLR361C,YGL078C,0,-0.52282697,0.13071349263191223,0.9351944327354431,0.6239871978759766
YDR369C,YDR387C,0,-0.5232887,0.13069528341293335,0.9351944327354431,0.6240872144699097
YIL111W,YDL133C-A,0,-0.52334046,0.13067707419395447,0.9351944327354431,0.6241872310638428
YMR211W,YJR151C,0,-0.5237925,0.13065886497497559,0.9351944327354431,0.6242873072624207
YOR380W,YJR046W,0,-0.5243181,0.1306406706571579,0.9351944327354431,0.6243873238563538
YPL160W,YBR267W,0,-0.5254522,0.1306224763393402,0.9351944327354431,0.6244873404502869
YBR175W,YDL195W,0,-0.52600014,0.13060428202152252,0.9351944327354431,0.62458735704422
YNL175C,YPR204W,0,-0.526317,0.13058610260486603,0.9351944327354431,0.6246874332427979
YER123W,YMR213W,0,-0.5267666,0.13056792318820953,0.9351944327354431,0.624787449836731
YML113W,YGL112C,0,-0.5269421,0.13054975867271423,0.9351944327354431,0.6248874664306641
YGL053W,YPR108W,0,-0.5273189,0.13053159415721893,0.9351944327354431,0.6249874830245972
YKR008W,YGR088W,0,-0.5273355,0.13051342964172363,0.9351944327354431,0.6250874996185303
YJL060W,YPL100W,0,-0.52757967,0.13049526512622833,0.9351944327354431,0.6251875758171082
YKL059C,YBL113C,0,-0.5283005,0.13047711551189423,0.9351944327354431,0.6252875924110413
YPR007C,YHR008C,0,-0.5290922,0.13045896589756012,0.9351944327354431,0.6253876090049744
YNL240C,YER154W,0,-0.52925265,0.1304408311843872,0.9351944327354431,0.6254876255989075
YKL094W,YDR284C,0,-0.5293817,0.1304226964712143,0.9351944327354431,0.6255877017974854
YGL174W,YBR091C,0,-0.52949417,0.13040456175804138,0.9351944327354431,0.6256877183914185
YML085C,YIL036W,0,-0.5296937,0.13038642704486847,0.9351944327354431,0.6257877349853516
YDL175C,YGR086C,0,-0.52989507,0.13036830723285675,0.9351944327354431,0.6258877515792847
YNL208W,YNL073W,0,-0.5308461,0.13035018742084503,0.9351944327354431,0.6259877681732178
YIL147C,YGL019W,0,-0.53352356,0.1303320825099945,0.9351944327354431,0.6260878443717957
YGR202C,YFR019W,0,-0.5344965,0.13031397759914398,0.9351944327354431,0.6261878609657288
YDR518W,YBR301W,0,-0.5360633,0.13029587268829346,0.9351944327354431,0.6262878775596619
YPR086W,YER071C,0,-0.5367489,0.13027778267860413,0.9351944327354431,0.626387894153595
YKL185W,YJR054W,0,-0.5376166,0.1302596926689148,0.9351944327354431,0.6264879703521729
YOR091W,YNL123W,0,-0.53792393,0.13024160265922546,0.9351944327354431,0.626587986946106
YNL158W,YBR281C,0,-0.5384462,0.13022351264953613,0.9351944327354431,0.6266880035400391
YPL151C,YLR209C,0,-0.5393072,0.130205437541008,0.9351944327354431,0.6267880201339722
YGL196W,YLR237W,0,-0.5401729,0.13018736243247986,0.9351944327354431,0.6268880367279053
YDR188W,YCR087C-A,0,-0.5405626,0.13016930222511292,0.9351944327354431,0.6269881129264832
YEL056W,YJL034W,0,-0.54069924,0.13015124201774597,0.9351944327354431,0.6270881295204163
YDR096W,YDR121W,0,-0.5407456,0.13013318181037903,0.9351944327354431,0.6271881461143494
YOR340C,YLR055C,0,-0.5412662,0.13011513650417328,0.9351944327354431,0.6272881627082825
YLR305C,YCR087C-A,0,-0.54136807,0.13009709119796753,0.9351944327354431,0.6273882389068604
YNL131W,YIL125W,0,-0.5414173,0.13007904589176178,0.9351944327354431,0.6274882555007935
YJL006C,YER030W,0,-0.5414735,0.13006101548671722,0.9351944327354431,0.6275882720947266
YNR018W,YLR165C,0,-0.54200315,0.13004298508167267,0.9351944327354431,0.6276882886886597
YDL113C,YBR257W,0,-0.54231626,0.1300249546766281,0.9351944327354431,0.6277883648872375
YER161C,YLL040C,0,-0.5431546,0.13000692427158356,0.9351944327354431,0.6278883814811707
YJR112W,YMR015C,0,-0.543157,0.1299889087677002,0.9351944327354431,0.6279883980751038
YLL043W,YBR091C,0,-0.54339486,0.12997090816497803,0.9351944327354431,0.6280884146690369
YOR168W,YJL011C,0,-0.54372007,0.12995289266109467,0.9351944327354431,0.62818843126297
YOL029C,YGR238C,0,-0.54373324,0.1299348920583725,0.9351944327354431,0.6282885074615479
YOR119C,YPL180W,0,-0.545048,0.12991689145565033,0.9351944327354431,0.628388524055481
YOR067C,YML085C,0,-0.54549515,0.12989890575408936,0.9351944327354431,0.6284885406494141
YCR044C,YBR156C,0,-0.54611707,0.12988092005252838,0.9351944327354431,0.6285885572433472
YPR097W,YBR267W,0,-0.54703534,0.1298629343509674,0.9351944327354431,0.628688633441925
YGL206C,YGL004C,0,-0.5478758,0.12984496355056763,0.9351944327354431,0.6287886500358582
YIL156W,YEL015W,0,-0.5480765,0.12982699275016785,0.9351944327354431,0.6288886666297913
YDR524C,YPL028W,0,-0.54867065,0.12980902194976807,0.9351944327354431,0.6289886832237244
YGR007W,YOL038W,0,-0.548761,0.12979106605052948,0.9351944327354431,0.6290886998176575
YBR045C,YBR183W,0,-0.5487764,0.1297731101512909,0.9351944327354431,0.6291887760162354
YGR212W,YML041C,0,-0.549526,0.1297551542520523,0.9351944327354431,0.6292887926101685
YDR226W,YPL093W,0,-0.54958045,0.12973721325397491,0.9351944327354431,0.6293888092041016
YBR282W,YLR427W,0,-0.54965544,0.12971925735473633,0.9351944327354431,0.6294888257980347
YLL021W,YHL003C,0,-0.54965764,0.12970133125782013,0.9351944327354431,0.6295889019966125
YMR012W,YKL080W,0,-0.5496788,0.12968339025974274,0.9351944327354431,0.6296889185905457
YBR240C,YBR188C,0,-0.5502217,0.12966546416282654,0.9351944327354431,0.6297889351844788
YPR162C,YDL114W,0,-0.55211747,0.12964755296707153,0.9351944327354431,0.6298889517784119
YOL020W,YMR091C,0,-0.55230093,0.12962962687015533,0.9351944327354431,0.629988968372345
YNL331C,YOR087W,0,-0.5523344,0.12961171567440033,0.9351944327354431,0.6300890445709229
YPL001W,YNL158W,0,-0.55313647,0.12959380447864532,0.9351944327354431,0.630189061164856
YMR080C,YKL017C,0,-0.5538107,0.1295759081840515,0.9351944327354431,0.6302890777587891
YDR468C,YKL085W,0,-0.5538966,0.1295580118894577,0.9351944327354431,0.6303890943527222
YLR324W,YCL018W,0,-0.5539714,0.1295401155948639,0.9351944327354431,0.6304891705513
YGR244C,YJR143C,0,-0.55398214,0.12952223420143127,0.9351944327354431,0.6305891871452332
YIR039C,YNL159C,0,-0.55431926,0.12950435280799866,0.9351944327354431,0.6306892037391663
YJR058C,YPR041W,0,-0.55495673,0.12948647141456604,0.9351944327354431,0.6307892203330994
YJL019W,YOR106W,0,-0.55549467,0.12946860492229462,0.9351944327354431,0.6308892965316772
YGR059W,YDL225W,1,-0.5559,0.12958873808383942,0.9361914396286011,0.6308892965316772
YOR349W,YPL028W,0,-0.55643713,0.1295708566904068,0.9361914396286011,0.6309893131256104
YKL001C,YDL033C,0,-0.55686784,0.12955297529697418,0.9361914396286011,0.6310893297195435
YHL006C,YMR149W,0,-0.55697703,0.12953510880470276,0.9361914396286011,0.6311893463134766
YGR138C,YJL124C,0,-0.55750895,0.12951724231243134,0.9361914396286011,0.6312893629074097
YPR174C,YLR102C,0,-0.5584099,0.1294993758201599,0.9361914396286011,0.6313894391059875
YCR091W,YBR264C,0,-0.558706,0.12948152422904968,0.9361914396286011,0.6314894556999207
YGR004W,YKR002W,0,-0.5590677,0.12946367263793945,0.9361914396286011,0.6315894722938538
YNL293W,YDR253C,0,-0.5594091,0.12944582104682922,0.9361914396286011,0.6316894888877869
YOR304C-A,YMR136W,0,-0.5602718,0.1294279843568802,0.9361914396286011,0.6317895650863647
YLR305C,YOR304C-A,0,-0.5607839,0.12941014766693115,0.9361914396286011,0.6318895816802979
YBL014C,YLL051C,0,-0.56141925,0.12939231097698212,0.9361914396286011,0.631989598274231
YBR094W,YDR197W,0,-0.5619589,0.12937448918819427,0.9361914396286011,0.6320896148681641
YDL022W,YMR257C,0,-0.5620421,0.12935666739940643,0.9361914396286011,0.6321896314620972
YLR025W,YPL213W,0,-0.5622251,0.1293388456106186,0.9361914396286011,0.632289707660675
YGR202C,YGR263C,0,-0.5622752,0.12932102382183075,0.9361914396286011,0.6323897242546082
YKL063C,YDR109C,0,-0.5631399,0.1293032169342041,0.9361914396286011,0.6324897408485413
YLR293C,YOR059C,0,-0.5632112,0.12928542494773865,0.9361914396286011,0.6325897574424744
YBL057C,YPL013C,0,-0.5635438,0.129267618060112,0.9361914396286011,0.6326898336410522
YNR041C,YIL033C,0,-0.56375074,0.12924982607364655,0.9361914396286011,0.6327898502349854
YDL040C,YOR138C,0,-0.564857,0.1292320340871811,0.9361914396286011,0.6328898668289185
YLR067C,YHR012W,0,-0.5657394,0.12921425700187683,0.9361914396286011,0.6329898834228516
YDR393W,YJR031C,0,-0.56577575,0.12919647991657257,0.9361914396286011,0.6330899000167847
YPL133C,YML124C,0,-0.56624806,0.1291787028312683,0.9361914396286011,0.6331899762153625
YKR101W,YLR043C,0,-0.5664668,0.12916094064712524,0.9361914396286011,0.6332899928092957
YKL129C,YDR422C,0,-0.56766105,0.12914317846298218,0.9361914396286011,0.6333900094032288
YOL154W,YLR318W,0,-0.5677235,0.1291254162788391,0.9361914396286011,0.6334900259971619
YER155C,YHR113W,0,-0.56792235,0.12910765409469604,0.9361914396286011,0.6335901021957397
YGR252W,YML115C,0,-0.5686135,0.12908990681171417,0.9361914396286011,0.6336901187896729
YDR495C,YEL044W,0,-0.5686359,0.1290721595287323,0.9361914396286011,0.633790135383606
YKL090W,YNL052W,0,-0.5689745,0.12905442714691162,0.9361914396286011,0.6338901519775391
YGR281W,YDL070W,0,-0.5696914,0.12903669476509094,0.9361914396286011,0.6339901685714722
YDR461W,YOR151C,0,-0.5697597,0.12901896238327026,0.9361914396286011,0.63409024477005
YBL090W,YKL052C,0,-0.57057774,0.12900123000144958,0.9361914396286011,0.6341902613639832
YHR057C,YCR060W,0,-0.570683,0.1289835125207901,0.9361914396286011,0.6342902779579163
YHR197W,YOR391C,0,-0.5726526,0.12896579504013062,0.9361914396286011,0.6343902945518494
YMR234W,YNR016C,0,-0.5727597,0.12894809246063232,0.9361914396286011,0.6344903707504272
YNL023C,YMR230W,0,-0.5728875,0.12893038988113403,0.9361914396286011,0.6345903873443604
YOR332W,YJL059W,0,-0.57368505,0.12891268730163574,0.9361914396286011,0.6346904039382935
YER013W,YER041W,0,-0.57401025,0.12889498472213745,0.9361914396286011,0.6347904205322266
YJR127C,YOR078W,0,-0.57438135,0.12887729704380035,0.9361914396286011,0.6348904967308044
YPL063W,YNL138W,0,-0.57498217,0.12885960936546326,0.9361914396286011,0.6349905133247375
YBR058C,YHR081W,0,-0.5752948,0.12884193658828735,0.9361914396286011,0.6350905299186707
YKL028W,YNL135C,0,-0.5760119,0.12882424890995026,0.9361914396286011,0.6351905465126038
YGL135W,YCR107W,0,-0.57681847,0.12880659103393555,0.9361914396286011,0.6352905631065369
YCR031C,YLR044C,0,-0.57727146,0.12878891825675964,0.9361914396286011,0.6353906393051147
YDL225W,YLR037C,1,-0.57730764,0.12890839576721191,0.937188446521759,0.6353906393051147
YGL157W,YBR175W,0,-0.5789269,0.128890722990036,0.937188446521759,0.6354906558990479
YER036C,YLR096W,0,-0.57922536,0.1288730502128601,0.937188446521759,0.635590672492981
YOR227W,YDL006W,0,-0.5794001,0.1288553774356842,0.937188446521759,0.6356906890869141
YDL184C,YPR200C,0,-0.5796212,0.1288377195596695,0.937188446521759,0.6357907652854919
YJR065C,YDL106C,0,-0.5801547,0.12882006168365479,0.937188446521759,0.635890781879425
YML095C,YOR299W,0,-0.580209,0.12880241870880127,0.937188446521759,0.6359907984733582
YML067C,YJR036C,0,-0.58047783,0.12878476083278656,0.937188446521759,0.6360908150672913
YLL009C,YIL130W,0,-0.5808316,0.12876711785793304,0.937188446521759,0.6361908316612244
YHR185C,YMR208W,0,-0.5808982,0.12874948978424072,0.937188446521759,0.6362909078598022
YJR022W,YHR119W,0,-0.58112097,0.1287318617105484,0.937188446521759,0.6363909244537354
YPR138C,YJR112W,0,-0.5815904,0.12871423363685608,0.937188446521759,0.6364909410476685
YMR054W,YLR363C,0,-0.58178604,0.12869660556316376,0.937188446521759,0.6365909576416016
YDR481C,YOL104C,0,-0.5820784,0.12867899239063263,0.937188446521759,0.6366910338401794
YLR234W,YNL070W,0,-0.58209205,0.1286613792181015,0.937188446521759,0.6367910504341125
YJL127C,YJL171C,0,-0.582114,0.12864376604557037,0.937188446521759,0.6368910670280457
YHR029C,YGL191W,0,-0.5822806,0.12862616777420044,0.937188446521759,0.6369910836219788
YKL009W,YAL026C,0,-0.58391297,0.1286085695028305,0.937188446521759,0.6370911002159119
YJR004C,YDL225W,1,-0.58391964,0.1287277638912201,0.938185453414917,0.6370911002159119
YKL090W,YMR203W,0,-0.5847696,0.12871016561985016,0.938185453414917,0.6371911764144897
YGL053W,YPR102C,0,-0.58502764,0.12869256734848022,0.938185453414917,0.6372911930084229
YGL103W,YJL066C,0,-0.58504283,0.1286749690771103,0.938185453414917,0.637391209602356
YBR028C,YLR385C,0,-0.58585644,0.12865737080574036,0.938185453414917,0.6374912261962891
YAL044C,YAL017W,0,-0.58617616,0.12863978743553162,0.938185453414917,0.6375913023948669
YML091C,YJR054W,0,-0.5868233,0.12862220406532288,0.938185453414917,0.6376913189888
YBR211C,YGL219C,0,-0.5868279,0.12860462069511414,0.938185453414917,0.6377913355827332
YOL126C,YCR096C,0,-0.58693004,0.1285870522260666,0.938185453414917,0.6378913521766663
YCL036W,YOR081C,0,-0.58709395,0.12856948375701904,0.938185453414917,0.6379913687705994
YHR119W,YGL126W,0,-0.5873361,0.1285519152879715,0.938185453414917,0.6380914449691772
YPL110C,YNR055C,0,-0.5873521,0.12853434681892395,0.938185453414917,0.6381914615631104
YAL013W,YBR160W,0,-0.5874118,0.1285167932510376,0.938185453414917,0.6382914781570435
YBL072C,YPR036W,0,-0.5876377,0.12849925458431244,0.938185453414917,0.6383914947509766
YER068W,YCR037C,0,-0.5880639,0.1284817010164261,0.938185453414917,0.6384915709495544
YOR332W,YML005W,0,-0.58822525,0.12846416234970093,0.938185453414917,0.6385915875434875
YOR078W,YDR244W,0,-0.5884942,0.12844662368297577,0.938185453414917,0.6386916041374207
YFL026W,YNL054W,0,-0.5887463,0.1284290999174118,0.938185453414917,0.6387916207313538
YJL221C,YPR186C,0,-0.5891488,0.12841157615184784,0.938185453414917,0.6388916969299316
YGL061C,YKR101W,0,-0.58956474,0.12839405238628387,0.938185453414917,0.6389917135238647
YDL223C,YHR174W,0,-0.5903844,0.1283765286207199,0.938185453414917,0.6390917301177979
YMR035W,YKL130C,0,-0.59042394,0.12835901975631714,0.938185453414917,0.639191746711731
YLR186W,YJL054W,0,-0.5905751,0.12834151089191437,0.938185453414917,0.6392917633056641
YNL268W,YEL062W,0,-0.59065473,0.1283240169286728,0.938185453414917,0.6393918395042419
YDR518W,YDR240C,0,-0.5919683,0.1283065229654312,0.938185453414917,0.639491856098175
YJL168C,YHR135C,0,-0.592317,0.12828902900218964,0.938185453414917,0.6395918726921082
YGL256W,YBL028C,0,-0.5926706,0.12827153503894806,0.938185453414917,0.6396918892860413
YIL033C,YLR037C,0,-0.5935153,0.12825405597686768,0.938185453414917,0.6397919654846191
YMR025W,YJL176C,0,-0.59546113,0.1282365769147873,0.938185453414917,0.6398919820785522
YPR138C,YOR341W,0,-0.59564483,0.1282190978527069,0.938185453414917,0.6399919986724854
YLR206W,YOL007C,0,-0.5956532,0.12820163369178772,0.938185453414917,0.6400920152664185
YBR230C,YLR026C,0,-0.59580994,0.12818416953086853,0.938185453414917,0.6401920318603516
YJL198W,YGR222W,0,-0.5958172,0.12816670536994934,0.938185453414917,0.6402921080589294
YBR223C,YDR107C,0,-0.59608555,0.12814925611019135,0.938185453414917,0.6403921246528625
YDR495C,YBR177C,0,-0.5964573,0.12813180685043335,0.938185453414917,0.6404921412467957
YMR075W,YJL106W,0,-0.5968845,0.12811435759067535,0.938185453414917,0.6405921578407288
YPL115C,YDR107C,0,-0.5969924,0.12809692323207855,0.938185453414917,0.6406922340393066
YGL104C,YAL017W,0,-0.597012,0.12807948887348175,0.938185453414917,0.6407922506332397
YOR340C,YDR403W,0,-0.59768385,0.12806205451488495,0.938185453414917,0.6408922672271729
YPR097W,YMR207C,0,-0.5978241,0.12804463505744934,0.938185453414917,0.640992283821106
YMR152W,YKL201C,0,-0.5990411,0.12802721560001373,0.938185453414917,0.6410923004150391
YDL100C,YMR071C,0,-0.5996171,0.12800979614257812,0.938185453414917,0.6411923766136169
YNL243W,YDR414C,0,-0.6003047,0.12799237668514252,0.938185453414917,0.64129239320755
YGR002C,YOL066C,0,-0.6008288,0.1279749721288681,0.938185453414917,0.6413924098014832
YGR220C,YGL172W,0,-0.601528,0.1279575675725937,0.938185453414917,0.6414924263954163
YNL274C,YER081W,0,-0.60252595,0.12794017791748047,0.938185453414917,0.6415925025939941
YJR022W,YPL119C,0,-0.6029885,0.12792278826236725,0.938185453414917,0.6416925191879272
YLR019W,YER090W,0,-0.60389185,0.12790539860725403,0.938185453414917,0.6417925357818604
YDL003W,YMR086W,0,-0.6040401,0.1278880089521408,0.938185453414917,0.6418925523757935
YML101C,YLR299W,0,-0.6044589,0.12787063419818878,0.938185453414917,0.6419925689697266
YDR495C,YKL206C,0,-0.60463464,0.12785325944423676,0.938185453414917,0.6420926451683044
YBR273C,YLR151C,0,-0.60520566,0.12783588469028473,0.938185453414917,0.6421926617622375
YOL042W,YMR314W,0,-0.6054152,0.1278185248374939,0.938185453414917,0.6422926783561707
YDR470C,YOR189W,0,-0.60594976,0.12780116498470306,0.938185453414917,0.6423926949501038
YDL029W,YOR323C,0,-0.6070106,0.12778382003307343,0.938185453414917,0.6424927711486816
YLR067C,YMR306W,0,-0.6070125,0.1277664601802826,0.938185453414917,0.6425927877426147
YNR055C,YJR029W,0,-0.6070996,0.12774911522865295,0.938185453414917,0.6426928043365479
YHR117W,YKL080W,0,-0.6073025,0.12773177027702332,0.938185453414917,0.642792820930481
YDR372C,YBR257W,0,-0.60767853,0.12771444022655487,0.938185453414917,0.6428928971290588
YHL031C,YKR104W,0,-0.6079624,0.12769711017608643,0.938185453414917,0.6429929137229919
YGL053W,YNL136W,0,-0.6081614,0.12767978012561798,0.938185453414917,0.643092930316925
YLR183C,YKR083C,0,-0.60929906,0.12766246497631073,0.938185453414917,0.6431929469108582
YEL027W,YJR143C,0,-0.60931385,0.12764514982700348,0.938185453414917,0.6432929635047913
YMR169C,YOR374W,0,-0.60957456,0.12762783467769623,0.938185453414917,0.6433930397033691
YML101C,YPR114W,0,-0.6098955,0.12761051952838898,0.938185453414917,0.6434930562973022
YDR330W,YIL172C,0,-0.6118763,0.12759321928024292,0.938185453414917,0.6435930728912354
YDR320C,YDR306C,0,-0.61206925,0.12757591903209686,0.938185453414917,0.6436930894851685
YMR143W,YOR308C,0,-0.6121618,0.127558633685112,0.938185453414917,0.6437931656837463
YMR008C,YGR193C,0,-0.61392665,0.12754133343696594,0.938185453414917,0.6438931822776794
YDR101C,YNL318C,0,-0.6143901,0.12752404808998108,0.938185453414917,0.6439931988716125
YDR518W,YJR052W,0,-0.61450624,0.1275067776441574,0.938185453414917,0.6440932154655457
YGR046W,YIR023W,0,-0.6168611,0.12748950719833374,0.938185453414917,0.6441932320594788
YPR191W,YCL052C,0,-0.6176556,0.12747223675251007,0.938185453414917,0.6442933082580566
YML096W,YMR035W,0,-0.61765945,0.1274549663066864,0.938185453414917,0.6443933248519897
YJL221C,YCL064C,0,-0.61829865,0.12743769586086273,0.938185453414917,0.6444933414459229
YHR108W,YJR001W,0,-0.618723,0.12742044031620026,0.938185453414917,0.644593358039856
YPR196W,YJR032W,0,-0.61878955,0.12740319967269897,0.938185453414917,0.6446934342384338
YPR070W,YOR054C,0,-0.6198611,0.1273859441280365,0.938185453414917,0.6447934508323669
YHR027C,YPR073C,0,-0.6206728,0.12736870348453522,0.938185453414917,0.6448934674263
YDR522C,YAL063C,1,-0.6212941,0.12748681008815765,0.939182460308075,0.6448934674263
YJR118C,YIL051C,0,-0.62133586,0.12746955454349518,0.939182460308075,0.6449934840202332
YHR153C,YMR188C,0,-0.62176305,0.1274523138999939,0.939182460308075,0.6450935006141663
YPL234C,YKR037C,0,-0.6219128,0.12743505835533142,0.939182460308075,0.6451935768127441
YIR012W,YDR460W,0,-0.6222314,0.12741783261299133,0.939182460308075,0.6452935934066772
YBR067C,YLR194C,1,-0.62293875,0.1275358349084854,0.9401794672012329,0.6452935934066772
YLR307W,YOR010C,1,-0.6235461,0.1276538223028183,0.9411764740943909,0.6452935934066772
YNL107W,YDR126W,0,-0.6252075,0.12763656675815582,0.9411764740943909,0.6453936100006104
YKL138C,YBR049C,0,-0.62645006,0.12761931121349335,0.9411764740943909,0.6454936265945435
YPR006C,YOR060C,0,-0.6268976,0.12760205566883087,0.9411764740943909,0.6455937027931213
YBR275C,YML009C,0,-0.6272651,0.1275848150253296,0.9411764740943909,0.6456937193870544
YOR172W,YDR328C,0,-0.6274005,0.1275675743818283,0.9411764740943909,0.6457937359809875
YIL123W,YOR242C,1,-0.6277424,0.12768544256687164,0.9421734809875488,0.6457937359809875
YOL132W,YOR110W,0,-0.62871444,0.12766820192337036,0.9421734809875488,0.6458937525749207
YDR078C,YLR466W,0,-0.62964183,0.12765094637870789,0.9421734809875488,0.6459937691688538
YGR029W,YLL040C,0,-0.6297711,0.1276337057352066,0.9421734809875488,0.6460938453674316
YJL187C,YJL108C,0,-0.63019824,0.12761647999286652,0.9421734809875488,0.6461938619613647
YEL012W,YBR173C,0,-0.630378,0.12759923934936523,0.9421734809875488,0.6462938785552979
YJR051W,YIR012W,0,-0.63117194,0.12758201360702515,0.9421734809875488,0.646393895149231
YJL103C,YJR110W,0,-0.63123965,0.12756478786468506,0.9421734809875488,0.6464939713478088
YIL009C-A,YER176W,0,-0.631431,0.12754757702350616,0.9421734809875488,0.6465939879417419
YLR084C,YJR076C,1,-0.6318405,0.12766531109809875,0.9431704878807068,0.6465939879417419
YOR304C-A,YBL091C,0,-0.6320551,0.12764808535575867,0.9431704878807068,0.646694004535675
YDR227W,YDR425W,0,-0.633361,0.12763087451457977,0.9431704878807068,0.6467940211296082
YDL075W,YNL036W,0,-0.633407,0.12761364877223969,0.9431704878807068,0.646894097328186
YLR151C,YNL289W,0,-0.63364965,0.1275964379310608,0.9431704878807068,0.6469941139221191
YPL262W,YML081W,0,-0.6343086,0.1275792270898819,0.9431704878807068,0.6470941305160522
YGL068W,YNL213C,0,-0.6343647,0.1275620311498642,0.9431704878807068,0.6471941471099854
YNL194C,YGR180C,0,-0.63559514,0.1275448352098465,0.9431704878807068,0.6472941637039185
YLR418C,YDR287W,0,-0.6356959,0.1275276392698288,0.9431704878807068,0.6473942399024963
YER109C,YDR427W,0,-0.63610846,0.1275104433298111,0.9431704878807068,0.6474942564964294
YGR047C,YNL335W,0,-0.6361155,0.1274932622909546,0.9431704878807068,0.6475942730903625
YJL179W,YOR338W,0,-0.6362434,0.12747608125209808,0.9431704878807068,0.6476942896842957
YPR063C,YMR186W,0,-0.63669634,0.12745890021324158,0.9431704878807068,0.6477943658828735
YML059C,YML040W,0,-0.637129,0.12744173407554626,0.9431704878807068,0.6478943824768066
YCL051W,YHR139C,1,-0.6382884,0.12755927443504333,0.9441674947738647,0.6478943824768066
YJR131W,YHL025W,0,-0.6384984,0.12754209339618683,0.9441674947738647,0.6479943990707397
YNL006W,YJL208C,0,-0.6394429,0.12752491235733032,0.9441674947738647,0.6480944156646729
YJL164C,YGR223C,0,-0.63961166,0.127507746219635,0.9441674947738647,0.648194432258606
YGR035C,YER063W,0,-0.6397002,0.1274905800819397,0.9441674947738647,0.6482945084571838
YER048W-A,YAL011W,0,-0.64157784,0.12747341394424438,0.9441674947738647,0.6483945250511169
YJR140C,YGR001C,0,-0.6416752,0.12745626270771027,0.9441674947738647,0.64849454164505
YLR268W,YNL149C,0,-0.6425226,0.12743911147117615,0.9441674947738647,0.6485945582389832
YER173W,YJR016C,0,-0.6425235,0.12742196023464203,0.9441674947738647,0.648694634437561
YGR155W,YBR095C,0,-0.6430977,0.1274048089981079,0.9441674947738647,0.6487946510314941
YOR260W,YEL038W,0,-0.64346075,0.12738767266273499,0.9441674947738647,0.6488946676254272
YHR209W,YBR189W,0,-0.64349097,0.12737055122852325,0.9441674947738647,0.6489946842193604
YAL005C,YLR040C,1,-0.6437424,0.1274878978729248,0.9451645016670227,0.6489946842193604
YOR119C,YMR176W,0,-0.64442426,0.12747076153755188,0.9451645016670227,0.6490947008132935
YDR213W,YMR285C,0,-0.645458,0.12745361030101776,0.9451645016670227,0.6491947770118713
YDR303C,YGR155W,0,-0.6460078,0.12743648886680603,0.9451645016670227,0.6492947936058044
YHR149C,YJR110W,0,-0.6462606,0.1274193525314331,0.9451645016670227,0.6493948101997375
YNL006W,YIL006W,0,-0.64671606,0.12740223109722137,0.9451645016670227,0.6494948267936707
YDR004W,YJL157C,0,-0.6470113,0.12738510966300964,0.9451645016670227,0.6495949029922485
YMR301C,YFR040W,0,-0.6482261,0.1273680031299591,0.9451645016670227,0.6496949195861816
YJL005W,YNL081C,0,-0.64891696,0.12735088169574738,0.9451645016670227,0.6497949361801147
YMR123W,YBR287W,0,-0.6489414,0.12733377516269684,0.9451645016670227,0.6498949527740479
YFR030W,YDL006W,0,-0.64940953,0.1273166835308075,0.9451645016670227,0.649994969367981
YOL096C,YNR050C,0,-0.6494961,0.12729957699775696,0.9451645016670227,0.6500950455665588
YKR095W,YJL012C,0,-0.649645,0.12728248536586761,0.9451645016670227,0.6501950621604919
YNL015W,YAL017W,0,-0.65010303,0.12726540863513947,0.9451645016670227,0.650295078754425
YHR181W,YGR002C,0,-0.65025425,0.12724831700325012,0.9451645016670227,0.6503950953483582
YGR212W,YOR090C,0,-0.650408,0.12723124027252197,0.9451645016670227,0.650495171546936
YPR091C,YJL103C,0,-0.6504981,0.12721416354179382,0.9451645016670227,0.6505951881408691
YNL130C,YBL037W,0,-0.6507424,0.12719710171222687,0.9451645016670227,0.6506952047348022
YMR139W,YNL054W,0,-0.6516109,0.1271800398826599,0.9451645016670227,0.6507952213287354
YLL051C,YBL091C,0,-0.6519401,0.12716297805309296,0.9451645016670227,0.6508952975273132
YBR202W,YPL112C,0,-0.6520133,0.127145916223526,0.9451645016670227,0.6509953141212463
YKR030W,YER101C,0,-0.6520809,0.12712886929512024,0.9451645016670227,0.6510953307151794
YER017C,YNL243W,0,-0.65241694,0.12711182236671448,0.9451645016670227,0.6511953473091125
YCR093W,YPL210C,0,-0.65299624,0.1270947903394699,0.9451645016670227,0.6512953639030457
YMR207C,YPL262W,0,-0.6531025,0.12707774341106415,0.9451645016670227,0.6513954401016235
YHR079C,YFR005C,0,-0.65368927,0.12706071138381958,0.9451645016670227,0.6514954566955566
YNL278W,YHL038C,0,-0.654107,0.1270436942577362,0.9451645016670227,0.6515954732894897
YDR368W,YKL052C,0,-0.6541227,0.12702666223049164,0.9451645016670227,0.6516954898834229
YER033C,YMR013C,0,-0.6552119,0.12700964510440826,0.9451645016670227,0.6517955660820007
YFR001W,YDR322W,0,-0.6554568,0.1269926279783249,0.9451645016670227,0.6518955826759338
YJL102W,YGR266W,0,-0.6557809,0.1269756257534027,0.9451645016670227,0.6519955992698669
YLR088W,YGL115W,0,-0.6567081,0.12695862352848053,0.9451645016670227,0.6520956158638
YHR010W,YHR197W,0,-0.65707743,0.12694162130355835,0.9451645016670227,0.6521956324577332
YPL169C,YJL124C,0,-0.657078,0.12692461907863617,0.9451645016670227,0.652295708656311
YLR432W,YKR038C,0,-0.6576543,0.12690763175487518,0.9451645016670227,0.6523957252502441
YPL050C,YLR189C,0,-0.65777135,0.1268906444311142,0.9451645016670227,0.6524957418441772
YLR074C,YDR251W,0,-0.6595641,0.1268736571073532,0.9451645016670227,0.6525957584381104
YJL130C,YML048W,0,-0.6597926,0.12685668468475342,0.9451645016670227,0.6526958346366882
YFL047W,YGR129W,0,-0.65995646,0.12683971226215363,0.9451645016670227,0.6527958512306213
YLL016W,YKL126W,0,-0.65999424,0.12682273983955383,0.9451645016670227,0.6528958678245544
YMR049C,YJL171C,0,-0.6602385,0.12680578231811523,0.9451645016670227,0.6529958844184875
YGR283C,YKL039W,0,-0.6602442,0.12678882479667664,0.9451645016670227,0.6530959010124207
YAL011W,YHR059W,0,-0.66026926,0.12677186727523804,0.9451645016670227,0.6531959772109985
YKL001C,YEL038W,0,-0.6603941,0.12675490975379944,0.9451645016670227,0.6532959938049316
YMR080C,YOL018C,0,-0.6608451,0.12673796713352203,0.9451645016670227,0.6533960103988647
YDR205W,YNL246W,0,-0.66119885,0.12672102451324463,0.9451645016670227,0.6534960269927979
YDR486C,YOR377W,0,-0.6612326,0.12670409679412842,0.9451645016670227,0.6535961031913757
YGR072W,YJR098C,0,-0.6614127,0.126687154173851,0.9451645016670227,0.6536961197853088
YIR015W,YOR249C,0,-0.66197515,0.1266702264547348,0.9451645016670227,0.6537961363792419
YLR289W,YNL307C,0,-0.6623665,0.12665331363677979,0.9451645016670227,0.653896152973175
YMR118C,YGL196W,0,-0.6627288,0.12663638591766357,0.9451645016670227,0.6539961695671082
YPL155C,YOR195W,0,-0.6631484,0.12661947309970856,0.9451645016670227,0.654096245765686
YDR227W,YJL089W,0,-0.66336,0.12660256028175354,0.9451645016670227,0.6541962623596191
YMR040W,YKL079W,0,-0.663798,0.12658566236495972,0.9451645016670227,0.6542962789535522
YCL061C,YML074C,0,-0.6642766,0.1265687644481659,0.9451645016670227,0.6543962955474854
YGR271W,YLL062C,0,-0.6644443,0.12655186653137207,0.9451645016670227,0.6544963717460632
YDR447C,YDR298C,0,-0.6644762,0.12653496861457825,0.9451645016670227,0.6545963883399963
YOL082W,YNR007C,0,-0.6644764,0.12651808559894562,0.9451645016670227,0.6546964049339294
YPR162C,YBR107C,0,-0.66463804,0.126501202583313,0.9451645016670227,0.6547964215278625
YGR040W,YOR157C,0,-0.664788,0.12648431956768036,0.9451645016670227,0.6548964977264404
YMR033W,YDR109C,0,-0.66762346,0.12646745145320892,0.9451645016670227,0.6549965143203735
YOL104C,YOR113W,0,-0.6676698,0.1264505833387375,0.9451645016670227,0.6550965309143066
YOR176W,YJL149W,0,-0.66807234,0.12643371522426605,0.9451645016670227,0.6551965475082397
YDL107W,YOL092W,0,-0.6687522,0.1264168620109558,0.9451645016670227,0.6552965641021729
YBR036C,YDR393W,0,-0.6688822,0.12639999389648438,0.9451645016670227,0.6553966403007507
YER178W,YLL001W,0,-0.6694147,0.12638315558433533,0.9451645016670227,0.6554966568946838
YHR114W,YPL183W-A,0,-0.6695201,0.12636630237102509,0.9451645016670227,0.6555966734886169
YHR116W,YGR286C,0,-0.67033494,0.12634946405887604,0.9451645016670227,0.65569669008255
YLR073C,YKR048C,0,-0.67038536,0.126332625746727,0.9451645016670227,0.6557967662811279
YKL040C,YLR292C,0,-0.67062086,0.12631578743457794,0.9451645016670227,0.655896782875061
YNL302C,YOL052C,0,-0.6711518,0.1262989640235901,0.9451645016670227,0.6559967994689941
YOR120W,YML009C,0,-0.67126924,0.12628214061260223,0.9451645016670227,0.6560968160629272
YKL077W,YCR060W,0,-0.67174345,0.12626531720161438,0.9451645016670227,0.6561968326568604
YHR156C,YEL013W,0,-0.67181027,0.12624850869178772,0.9451645016670227,0.6562969088554382
YHL017W,YOR201C,0,-0.67203426,0.12623168528079987,0.9451645016670227,0.6563969254493713
YAL033W,YLR266C,0,-0.6724222,0.1262148916721344,0.9451645016670227,0.6564969420433044
YDR081C,YJL082W,0,-0.67307043,0.12619808316230774,0.9451645016670227,0.6565969586372375
YOR273C,YBR188C,0,-0.67311835,0.12618128955364227,0.9451645016670227,0.6566970348358154
YDR330W,YDR087C,0,-0.6731705,0.1261644959449768,0.9451645016670227,0.6567970514297485
YMR289W,YPL028W,0,-0.6731869,0.12614770233631134,0.9451645016670227,0.6568970680236816
YDL142C,YMR304W,0,-0.67372185,0.12613092362880707,0.9451645016670227,0.6569970846176147
YML023C,YFL005W,0,-0.67401016,0.1261141449213028,0.9451645016670227,0.6570971012115479
YIR005W,YOR304C-A,0,-0.67543006,0.12609736621379852,0.9451645016670227,0.6571971774101257
YLR098C,YOR322C,0,-0.6760404,0.12608060240745544,0.9451645016670227,0.6572971940040588
YNR020C,YGR112W,0,-0.67612547,0.12606382369995117,0.9451645016670227,0.6573972105979919
YJR004C,YCR089W,1,-0.6771158,0.1261800229549408,0.9461615085601807,0.6573972105979919
YGL243W,YBR037C,0,-0.67741287,0.12616325914859772,0.9461615085601807,0.657497227191925
YJL213W,YLR385C,0,-0.67831373,0.12614648044109344,0.9461615085601807,0.6575973033905029
YGL198W,YNL232W,0,-0.67948884,0.12612971663475037,0.9461615085601807,0.657697319984436
YJL098W,YER044C,0,-0.67960435,0.1261129528284073,0.9461615085601807,0.6577973365783691
YKL180W,YLR430W,0,-0.68022716,0.1260962039232254,0.9461615085601807,0.6578973531723022
YJL197W,YLR100W,0,-0.6807751,0.12607944011688232,0.9461615085601807,0.6579973697662354
YBR291C,YLR032W,0,-0.6809001,0.12606270611286163,0.9461615085601807,0.6580974459648132
YML091C,YLR182W,0,-0.68101716,0.12604595720767975,0.9461615085601807,0.6581974625587463
YOR109W,YLL066C,0,-0.6811326,0.12602922320365906,0.9461615085601807,0.6582974791526794
YNL025C,YOL070C,0,-0.6818987,0.12601247429847717,0.9461615085601807,0.6583974957466125
YFL048C,YML061C,0,-0.6824985,0.12599575519561768,0.9461615085601807,0.6584975719451904
YDR300C,YGL090W,0,-0.6825685,0.12597902119159698,0.9461615085601807,0.6585975885391235
YKL181W,YBR045C,0,-0.682606,0.1259623020887375,0.9461615085601807,0.6586976051330566
YDR057W,YIL074C,0,-0.6831958,0.125945582985878,0.9461615085601807,0.6587976217269897
YPL148C,YJL216C,0,-0.6834004,0.1259288787841797,0.9461615085601807,0.6588976979255676
YOR265W,YGR081C,0,-0.6836192,0.1259121596813202,0.9461615085601807,0.6589977145195007
YOL019W,YNL263C,0,-0.6838035,0.12589547038078308,0.9461615085601807,0.6590977311134338
YMR042W,YJL085W,0,-0.68463725,0.12587876617908478,0.9461615085601807,0.6591977477073669
YAR031W,YOL100W,0,-0.684703,0.12586206197738647,0.9461615085601807,0.6592977643013
YGR046W,YDR168W,0,-0.68504447,0.12584537267684937,0.9461615085601807,0.6593978404998779
YPL113C,YMR313C,0,-0.6856302,0.12582869827747345,0.9461615085601807,0.659497857093811
YLL003W,YOR266W,0,-0.685791,0.12581200897693634,0.9461615085601807,0.6595978736877441
YJR040W,YER049W,0,-0.6866077,0.12579533457756042,0.9461615085601807,0.6596978902816772
YJR089W,YJR135C,0,-0.6872119,0.1257786601781845,0.9461615085601807,0.6597979664802551
YGL014W,YHR165C,0,-0.68723017,0.1257619857788086,0.9461615085601807,0.6598979830741882
YMR004W,YMR046C,0,-0.6873755,0.12574532628059387,0.9461615085601807,0.6599979996681213
YNL216W,YMR078C,0,-0.68744504,0.12572866678237915,0.9461615085601807,0.6600980162620544
YOR227W,YML112W,0,-0.6878773,0.12571202218532562,0.9461615085601807,0.6601980328559875
YLR213C,YGR059W,1,-0.6880258,0.125827819108963,0.9471585154533386,0.6601980328559875
YDR146C,YDR443C,0,-0.6889893,0.1258111447095871,0.9471585154533386,0.6602981090545654
YOR070C,YOR124C,0,-0.68948764,0.12579448521137238,0.9471585154533386,0.6603981256484985
YIL020C,YLR467W,0,-0.690086,0.12577784061431885,0.9471585154533386,0.6604981422424316
YLL066C,YCR086W,0,-0.6901795,0.12576118111610413,0.9471585154533386,0.6605981588363647
YNL238W,YDR014W,0,-0.6905787,0.1257445365190506,0.9471585154533386,0.6606982350349426
YHR089C,YDR523C,0,-0.691398,0.12572789192199707,0.9471585154533386,0.6607982516288757
YBR274W,YKL032C,0,-0.6919748,0.12571126222610474,0.9471585154533386,0.6608982682228088
YDR071C,YER154W,0,-0.69200885,0.1256946325302124,0.9471585154533386,0.6609982848167419
YDR117C,YOR209C,0,-0.6920802,0.12567800283432007,0.9471585154533386,0.661098301410675
YPL097W,YJL180C,0,-0.69242585,0.12566137313842773,0.9471585154533386,0.6611983776092529
YGR010W,YLR417W,0,-0.6925092,0.1256447583436966,0.9471585154533386,0.661298394203186
YDR205W,YMR194W,0,-0.6928641,0.12562814354896545,0.9471585154533386,0.6613984107971191
YHL047C,YKL170W,0,-0.6928719,0.12561152875423431,0.9471585154533386,0.6614984273910522
YER131W,YBR081C,0,-0.69300044,0.12559492886066437,0.9471585154533386,0.6615985035896301
YMR234W,YPL056C,0,-0.6934346,0.12557831406593323,0.9471585154533386,0.6616985201835632
YIL156W,YDR242W,0,-0.69351536,0.12556172907352448,0.9471585154533386,0.6617985367774963
YPL120W,YDR507C,0,-0.69394374,0.12554512917995453,0.9471585154533386,0.6618985533714294
YIL002C,YMR019W,0,-0.69405586,0.12552854418754578,0.9471585154533386,0.6619985699653625
YBR213W,YKL014C,0,-0.6941254,0.12551195919513702,0.9471585154533386,0.6620986461639404
YMR233W,YNL282W,0,-0.6942513,0.12549537420272827,0.9471585154533386,0.6621986627578735
YKL048C,YMR009W,0,-0.6944353,0.1254788041114807,0.9471585154533386,0.6622986793518066
YNR047W,YPR110C,0,-0.69445044,0.12546223402023315,0.9471585154533386,0.6623986959457397
YNR008W,YJR097W,0,-0.6950655,0.1254456639289856,0.9471585154533386,0.6624987721443176
YLR284C,YDR503C,0,-0.695709,0.12542909383773804,0.9471585154533386,0.6625987887382507
YJL044C,YMR261C,0,-0.69571185,0.12541253864765167,0.9471585154533386,0.6626988053321838
YMR287C,YLL057C,0,-0.6957244,0.1253959834575653,0.9471585154533386,0.6627988219261169
YHR185C,YLR287C-A,0,-0.69613904,0.12537944316864014,0.9471585154533386,0.6628988981246948
YCL044C,YBL025W,0,-0.6961592,0.12536288797855377,0.9471585154533386,0.6629989147186279
YCR020C,YDR279W,0,-0.696551,0.1253463476896286,0.9471585154533386,0.663098931312561
YDL110C,YGR088W,0,-0.6972927,0.12532982230186462,0.9471585154533386,0.6631989479064941
YFL013C,YIL119C,0,-0.6975348,0.12531328201293945,0.9471585154533386,0.6632989645004272
YKL096W-A,YOR242C,1,-0.69764996,0.12542864680290222,0.9481555223464966,0.6632989645004272
YGR276C,YKL011C,0,-0.6979433,0.12541210651397705,0.9481555223464966,0.6633990406990051
YOR002W,YLL029W,0,-0.6979568,0.12539556622505188,0.9481555223464966,0.6634990572929382
YBR042C,YHR113W,0,-0.6980141,0.1253790408372879,0.9481555223464966,0.6635990738868713
YOL109W,YDR118W,0,-0.698249,0.12536251544952393,0.9481555223464966,0.6636990904808044
YDR244W,YKL038W,0,-0.69866216,0.12534599006175995,0.9481555223464966,0.6637991666793823
YGL058W,YKL011C,0,-0.6995537,0.12532946467399597,0.9481555223464966,0.6638991832733154
YKR007W,YBR299W,0,-0.70054185,0.1253129541873932,0.9481555223464966,0.6639991998672485
YJL148W,YLR347C,0,-0.70056325,0.1252964437007904,0.9481555223464966,0.6640992164611816
YLR268W,YKR078W,0,-0.7019452,0.12527993321418762,0.9481555223464966,0.6641992330551147
YML127W,YOL125W,0,-0.7021121,0.12526343762874603,0.9481555223464966,0.6642993092536926
YPL141C,YER174C,0,-0.7029782,0.12524694204330444,0.9481555223464966,0.6643993258476257
YER030W,YIL048W,0,-0.70298386,0.12523044645786285,0.9481555223464966,0.6644993424415588
YHR209W,YLL017W,0,-0.7031289,0.12521395087242126,0.9481555223464966,0.6645993590354919
YGL028C,YOR009W,1,-0.70361924,0.1253291219472885,0.9491525292396545,0.6645993590354919
YDL148C,YBR002C,0,-0.7040154,0.12531262636184692,0.9491525292396545,0.6646994352340698
YOL093W,YKR075C,0,-0.70562077,0.12529613077640533,0.9491525292396545,0.6647994518280029
YLR010C,YBR069C,0,-0.7058706,0.12527963519096375,0.9491525292396545,0.664899468421936
YBL041W,YNL161W,0,-0.70607233,0.12526315450668335,0.9491525292396545,0.6649994850158691
YBR295W,YJR010C-A,0,-0.7065081,0.12524667382240295,0.9491525292396545,0.6650995016098022
YNL145W,YEL061C,0,-0.707353,0.12523020803928375,0.9491525292396545,0.6651995778083801
YMR020W,YOL065C,0,-0.7075111,0.12521372735500336,0.9491525292396545,0.6652995944023132
YDR019C,YER030W,0,-0.70764965,0.12519726157188416,0.9491525292396545,0.6653996109962463
YPL083C,YER060W,0,-0.7077828,0.12518079578876495,0.9491525292396545,0.6654996275901794
YJL128C,YPR134W,0,-0.70787084,0.12516434490680695,0.9491525292396545,0.6655997037887573
YHL034C,YNR045W,0,-0.70797426,0.12514789402484894,0.9491525292396545,0.6656997203826904
YLL012W,YDR118W,0,-0.7081255,0.12513144314289093,0.9491525292396545,0.6657997369766235
YOR155C,YDR081C,0,-0.7084556,0.12511499226093292,0.9491525292396545,0.6658997535705566
YHR171W,YOR374W,0,-0.70860773,0.1250985562801361,0.9491525292396545,0.6659997701644897
YKL038W,YJL164C,0,-0.7106999,0.1250821202993393,0.9491525292396545,0.6660998463630676
YMR234W,YDL110C,0,-0.7107867,0.12506568431854248,0.9491525292396545,0.6661998629570007
YJL153C,YEL020W-A,0,-0.7108061,0.12504926323890686,0.9491525292396545,0.6662998795509338
YIL008W,YBR208C,0,-0.7117738,0.12503282725811005,0.9491525292396545,0.6663998961448669
YGR179C,YAL034W-A,0,-0.71258825,0.12501642107963562,0.9491525292396545,0.6664999723434448
YDR415C,YER101C,0,-0.713296,0.125,0.9491525292396545,0.6665999889373779
YDL019C,YER052C,0,-0.7138993,0.12498358637094498,0.9491525292396545,0.666700005531311
YIL062C,YDR054C,0,-0.71531624,0.12496718019247055,0.9491525292396545,0.6668000221252441
YNR021W,YMR243C,0,-0.71562725,0.12495078146457672,0.9491525292396545,0.666900098323822
YDR081C,YHL036W,0,-0.71650183,0.12493438273668289,0.9491525292396545,0.6670001149177551
YCL027W,YDR420W,0,-0.7167961,0.12491799145936966,0.9491525292396545,0.6671001315116882
YOR124C,YML047C,0,-0.7170553,0.12490160018205643,0.9491525292396545,0.6672001481056213
YLR015W,YPR113W,0,-0.7182148,0.12488521635532379,0.9491525292396545,0.6673001646995544
YDR419W,YGR077C,0,-0.71835995,0.12486883252859116,0.9491525292396545,0.6674002408981323
YLR307W,YBR162C,1,-0.7183634,0.12498360872268677,0.9501495361328125,0.6674002408981323
YOL076W,YNL335W,0,-0.7186243,0.12496721744537354,0.9501495361328125,0.6675002574920654
YIL095W,YIL036W,0,-0.7192105,0.1249508336186409,0.9501495361328125,0.6676002740859985
YPL050C,YKL201C,0,-0.71949327,0.12493444979190826,0.9501495361328125,0.6677002906799316
YGL096W,YHR011W,0,-0.7195011,0.12491807341575623,0.9501495361328125,0.6678003668785095
YBR114W,YCR086W,0,-0.71994036,0.12490170449018478,0.9501495361328125,0.6679003834724426
YGR180C,YPR174C,0,-0.72216856,0.12488533556461334,0.9501495361328125,0.6680004000663757
YKL063C,YIL062C,0,-0.7229321,0.1248689740896225,0.9501495361328125,0.6681004166603088
YOL055C,YGR103W,0,-0.72300327,0.12485261261463165,0.9501495361328125,0.6682004332542419
YDR423C,YGR106C,0,-0.7234553,0.1248362585902214,0.9501495361328125,0.6683005094528198
YLR248W,YDL206W,0,-0.7239469,0.12481991201639175,0.9501495361328125,0.6684005260467529
YDR177W,YPR137W,0,-0.7241422,0.1248035654425621,0.9501495361328125,0.668500542640686
YFL021W,YHR039C-A,0,-0.7241748,0.12478721886873245,0.9501495361328125,0.6686005592346191
YJR151C,YBL061C,0,-0.72493494,0.1247708797454834,0.9501495361328125,0.668700635433197
YHR185C,YLL066C,0,-0.72547257,0.12475454807281494,0.9501495361328125,0.6688006520271301
YKL016C,YML042W,0,-0.72565866,0.12473821640014648,0.9501495361328125,0.6689006686210632
YMR276W,YDL101C,0,-0.725772,0.12472189217805862,0.9501495361328125,0.6690006852149963
YIL108W,YOR270C,0,-0.7257877,0.12470557540655136,0.9501495361328125,0.6691007018089294
YAL005C,YJR009C,1,-0.725859,0.12482009828090668,0.9511465430259705,0.6691007018089294
YOR373W,YER180C,0,-0.7273831,0.12480376660823822,0.9511465430259705,0.6692007780075073
YJL190C,YCR026C,0,-0.7274161,0.12478744238615036,0.9511465430259705,0.6693007946014404
YCL029C,YDR532C,0,-0.7278632,0.1247711256146431,0.9511465430259705,0.6694008111953735
YER040W,YDL021W,0,-0.72855884,0.12475480884313583,0.9511465430259705,0.6695008277893066
YML061C,YNL070W,0,-0.7288168,0.12473849207162857,0.9511465430259705,0.6696009039878845
YBL106C,YDR057W,0,-0.73037386,0.1247221827507019,0.9511465430259705,0.6697009205818176
YDR117C,YLR429W,0,-0.7306066,0.12470588088035583,0.9511465430259705,0.6698009371757507
YLL034C,YLL051C,0,-0.730804,0.12468958646059036,0.9511465430259705,0.6699009537696838
YDR028C,YGR154C,0,-0.7320415,0.1246732845902443,0.9511465430259705,0.6700010299682617
YHR106W,YOR323C,0,-0.7324479,0.12465699762105942,0.9511465430259705,0.6701010465621948
YNR022C,YER063W,0,-0.7325244,0.12464071065187454,0.9511465430259705,0.6702010631561279
YJL159W,YDL225W,1,-0.73319286,0.12475506216287613,0.9521435499191284,0.6702010631561279
YML045W,YNR007C,0,-0.73402095,0.12473876774311066,0.9521435499191284,0.670301079750061
YDR375C,YER027C,0,-0.7341861,0.12472247332334518,0.9521435499191284,0.6704010963439941
YNL163C,YNL223W,0,-0.7342355,0.12470618635416031,0.9521435499191284,0.670501172542572
YLR067C,YNL281W,0,-0.73446274,0.12468990683555603,0.9521435499191284,0.6706011891365051
YGL073W,YPL161C,0,-0.7348163,0.12467362731695175,0.9521435499191284,0.6707012057304382
YOL154W,YAL063C,1,-0.73483974,0.12478788942098618,0.9531405568122864,0.6707012057304382
YER031C,YMR051C,0,-0.7351419,0.1247716024518013,0.9531405568122864,0.6708012223243713
YOL004W,YBL022C,0,-0.73573184,0.12475531548261642,0.9531405568122864,0.6709012985229492
YJR117W,YJL011C,0,-0.7363391,0.12473903596401215,0.9531405568122864,0.6710013151168823
YPR071W,YDR145W,0,-0.73645586,0.12472276389598846,0.9531405568122864,0.6711013317108154
YHR081W,YBR185C,0,-0.7366853,0.12470649927854538,0.9531405568122864,0.6712013483047485
YLR314C,YHR107C,1,-0.73669845,0.12482065707445145,0.9541375637054443,0.6712013483047485
YMR274C,YGL126W,0,-0.73676336,0.12480438500642776,0.9541375637054443,0.6713013648986816
YOL107W,YLL021W,0,-0.73684764,0.12478810548782349,0.9541375637054443,0.6714014410972595
YML120C,YOR278W,0,-0.73718953,0.1247718408703804,0.9541375637054443,0.6715014576911926
YJL213W,YKR052C,0,-0.73747617,0.12475557625293732,0.9541375637054443,0.6716014742851257
YBR059C,YER125W,0,-0.7379719,0.12473931163549423,0.9541375637054443,0.6717014908790588
YMR033W,YDL017W,0,-0.7381388,0.12472305446863174,0.9541375637054443,0.6718015670776367
YBR059C,YKL197C,0,-0.7385891,0.12470680475234985,0.9541375637054443,0.6719015836715698
YJR042W,YOL086C,0,-0.7388926,0.12469055503606796,0.9541375637054443,0.6720016002655029
YPL196W,YCR086W,0,-0.73976266,0.12467431277036667,0.9541375637054443,0.672101616859436
YDR211W,YCR086W,0,-0.7408799,0.12465807050466537,0.9541375637054443,0.6722016334533691
YLR309C,YNR041C,0,-0.74093914,0.12464183568954468,0.9541375637054443,0.672301709651947
YOR190W,YDR522C,1,-0.7409413,0.12475582957267761,0.9551345705986023,0.672301709651947
YKR095W,YPL273W,0,-0.7414277,0.12473957985639572,0.9551345705986023,0.6724017262458801
YOR273C,YDR453C,0,-0.7415737,0.12472334504127502,0.9551345705986023,0.6725017428398132
YDR060W,YLR083C,0,-0.7424832,0.12470711022615433,0.9551345705986023,0.6726017594337463
YLR385C,YFR007W,0,-0.7433196,0.12469087541103363,0.9551345705986023,0.6727018356323242
YML120C,YGR058W,0,-0.74351305,0.12467464804649353,0.9551345705986023,0.6728018522262573
YOR327C,YPL097W,0,-0.7435792,0.12465842813253403,0.9551345705986023,0.6729018688201904
YAL041W,YML016C,0,-0.7440541,0.12464220821857452,0.9551345705986023,0.6730018854141235
YDR520C,YOR337W,0,-0.74410677,0.12462598830461502,0.9551345705986023,0.6731019020080566
YHR010W,YNL059C,0,-0.74447,0.12460978329181671,0.9551345705986023,0.6732019782066345
YOR242C,YKR102W,1,-0.7445814,0.12472362816333771,0.9561315774917603,0.6732019782066345
YLR201C,YER019C-A,0,-0.74489284,0.1247074156999588,0.9561315774917603,0.6733019948005676
YNR033W,YIL132C,0,-0.74501735,0.1246911957859993,0.9561315774917603,0.6734020113945007
YIL088C,YKL074C,0,-0.745736,0.12467498332262039,0.9561315774917603,0.6735020279884338
YGR075C,YER180C,0,-0.7457823,0.12465877830982208,0.9561315774917603,0.6736021041870117
YFR030W,YGL226W,0,-0.74635917,0.12464258074760437,0.9561315774917603,0.6737021207809448
YBR172C,YDR055W,0,-0.7465875,0.12462638318538666,0.9561315774917603,0.6738021373748779
YLR105C,YDR270W,0,-0.7469499,0.12461018562316895,0.9561315774917603,0.673902153968811
YPL147W,YPR166C,0,-0.74724096,0.12459399551153183,0.9561315774917603,0.6740022301673889
YHR161C,YOR335C,0,-0.7473092,0.12457781285047531,0.9561315774917603,0.674102246761322
YHR029C,YGL006W,0,-0.74835193,0.12456163018941879,0.9561315774917603,0.6742022633552551
YDR091C,YML088W,0,-0.749211,0.12454545497894287,0.9561315774917603,0.6743022799491882
YAL068C,YER063W,0,-0.7492329,0.12452927976846695,0.9561315774917603,0.6744022965431213
YER149C,YLR219W,0,-0.7497199,0.12451311200857162,0.9561315774917603,0.6745023727416992
YCL027W,YLR055C,0,-0.7502363,0.1244969516992569,0.9561315774917603,0.6746023893356323
YDR012W,YGR097W,0,-0.75090456,0.12448079138994217,0.9561315774917603,0.6747024059295654
YCL052C,YGL019W,0,-0.7510165,0.12446463108062744,0.9561315774917603,0.6748024225234985
YBR275C,YDL171C,0,-0.75126916,0.12444847822189331,0.9561315774917603,0.6749024987220764
YMR319C,YBL074C,0,-0.7515751,0.12443233281373978,0.9561315774917603,0.6750025153160095
YGR138C,YMR224C,0,-0.75180703,0.12441618740558624,0.9561315774917603,0.6751025319099426
YPL151C,YHR044C,0,-0.7519419,0.1244000494480133,0.9561315774917603,0.6752025485038757
YLR008C,YGR193C,0,-0.75226533,0.12438391894102097,0.9561315774917603,0.6753025650978088
YGL185C,YER129W,0,-0.755261,0.12436778843402863,0.9561315774917603,0.6754026412963867
YJL005W,YOR334W,0,-0.75527966,0.12435165792703629,0.9561315774917603,0.6755026578903198
YMR023C,YNR027W,0,-0.75594604,0.12433553487062454,0.9561315774917603,0.6756026744842529
YDR405W,YDR007W,0,-0.7560462,0.1243194192647934,0.9561315774917603,0.675702691078186
YOR330C,YPR141C,0,-0.7561294,0.12430330365896225,0.9561315774917603,0.6758027672767639
YCR092C,YAL054C,0,-0.7561641,0.1242871955037117,0.9561315774917603,0.675902783870697
YHR079C,YIL064W,0,-0.75662094,0.12427108734846115,0.9561315774917603,0.6760028004646301
YGR212W,YPL123C,0,-0.75677145,0.1242549866437912,0.9561315774917603,0.6761028170585632
YNR053C,YGR077C,0,-0.7567949,0.12423889338970184,0.9561315774917603,0.6762028336524963
YDR011W,YKR031C,0,-0.7572969,0.12422280013561249,0.9561315774917603,0.6763029098510742
YKR061W,YER083C,0,-0.7574802,0.12420670688152313,0.9561315774917603,0.6764029264450073
YLR314C,YJL171C,1,-0.75965136,0.1243201270699501,0.9571285843849182,0.6764029264450073
YKL094W,YHR039C-A,0,-0.7597043,0.12430402636528015,0.9571285843849182,0.6765029430389404
YDR375C,YDR454C,0,-0.75990117,0.1242879331111908,0.9571285843849182,0.6766029596328735
YMR090W,YPR073C,0,-0.76011395,0.12427184730768204,0.9571285843849182,0.6767030358314514
YNL318C,YHL038C,0,-0.7602595,0.12425576150417328,0.9571285843849182,0.6768030524253845
YMR184W,YKL010C,0,-0.76096815,0.12423967570066452,0.9571285843849182,0.6769030690193176
YOL092W,YDR393W,0,-0.76104885,0.12422360479831696,0.9571285843849182,0.6770030856132507
YDR389W,YNL016W,0,-0.76149344,0.1242075264453888,0.9571285843849182,0.6771031022071838
YBR286W,YDL124W,0,-0.76179063,0.12419146299362183,0.9571285843849182,0.6772031784057617
YDL243C,YNL172W,0,-0.7628422,0.12417539954185486,0.9571285843849182,0.6773031949996948
YGL127C,YGR241C,0,-0.7644271,0.12415933609008789,0.9571285843849182,0.6774032115936279
YDR449C,YKL015W,0,-0.76486385,0.12414328008890152,0.9571285843849182,0.677503228187561
YMR152W,YOR054C,0,-0.7658889,0.12412723153829575,0.9571285843849182,0.6776033043861389
YOR131C,YJL011C,0,-0.7659522,0.12411118298768997,0.9571285843849182,0.677703320980072
YEL041W,YDR494W,0,-0.7659749,0.1240951418876648,0.9571285843849182,0.6778033375740051
YOR054C,YGR274C,0,-0.767286,0.12407910078763962,0.9571285843849182,0.6779033541679382
YMR298W,YLR025W,0,-0.76824206,0.12406306713819504,0.9571285843849182,0.6780034303665161
YOR070C,YPR070W,0,-0.76885384,0.12404703348875046,0.9571285843849182,0.6781034469604492
YLR213C,YDL225W,1,-0.76900303,0.12416020780801773,0.958125650882721,0.6781034469604492
YOR265W,YBL028C,0,-0.76931757,0.12414416670799255,0.958125650882721,0.6782034635543823
YMR156C,YGR191W,0,-0.76941633,0.12412813305854797,0.958125650882721,0.6783034801483154
YDR205W,YMR208W,0,-0.769627,0.1241120994091034,0.958125650882721,0.6784034967422485
YNR028W,YMR232W,0,-0.7713709,0.12409607321023941,0.958125650882721,0.6785035729408264
YKL003C,YBR034C,0,-0.7720648,0.12408005446195602,0.958125650882721,0.6786035895347595
YGL135W,YBR207W,0,-0.77223194,0.12406403571367264,0.958125650882721,0.6787036061286926
YMR118C,YGR171C,0,-0.77244157,0.12404801696538925,0.958125650882721,0.6788036227226257
YIL139C,YLR390W-A,0,-0.77259886,0.12403200566768646,0.958125650882721,0.6789036989212036
YLR093C,YDR238C,0,-0.7729757,0.12401600182056427,0.958125650882721,0.6790037155151367
YOL032W,YLR352W,0,-0.77339315,0.12399999797344208,0.958125650882721,0.6791037321090698
YKL141W,YGL223C,0,-0.7735629,0.12398400157690048,0.958125650882721,0.6792037487030029
YOL061W,YNL138W,0,-0.77374387,0.12396800518035889,0.958125650882721,0.679303765296936
YPL006W,YBR176W,0,-0.77402794,0.12395201623439789,0.958125650882721,0.6794038414955139
YKL069W,YLR234W,0,-0.7747479,0.12393603473901749,0.958125650882721,0.679503858089447
YLR074C,YLR207W,0,-0.7757729,0.12392005324363708,0.958125650882721,0.6796038746833801
YHL040C,YJL165C,0,-0.7763849,0.12390407174825668,0.958125650882721,0.6797038912773132
YOL011W,YGL194C,0,-0.77722704,0.12388809770345688,0.958125650882721,0.6798039674758911
YPR067W,YOL149W,0,-0.7783476,0.12387213110923767,0.958125650882721,0.6799039840698242
YBL060W,YDR448W,0,-0.77856505,0.12385616451501846,0.958125650882721,0.6800040006637573
YOR038C,YGL128C,0,-0.7785661,0.12384020537137985,0.958125650882721,0.6801040172576904
YLR185W,YCL035C,0,-0.7786187,0.12382424622774124,0.958125650882721,0.6802040338516235
YHR109W,YNL156C,0,-0.77862394,0.12380829453468323,0.958125650882721,0.6803041100502014
YPL207W,YAL016W,0,-0.77954,0.12379235029220581,0.958125650882721,0.6804041266441345
YNL149C,YGR208W,0,-0.77966243,0.1237764060497284,0.958125650882721,0.6805041432380676
YKL096W-A,YLR308W,1,-0.78006506,0.1238892450928688,0.9591226577758789,0.6805041432380676
YGL136C,YLR429W,0,-0.78070736,0.12387329339981079,0.9591226577758789,0.6806041598320007
YHR110W,YHR214C-B,0,-0.7818402,0.12385734170675278,0.9591226577758789,0.6807042360305786
YJR101W,YIL128W,0,-0.7818418,0.12384139746427536,0.9591226577758789,0.6808042526245117
YNL280C,YDR109C,0,-0.7825252,0.12382546067237854,0.9591226577758789,0.6809042692184448
YGR229C,YPL104W,0,-0.783237,0.12380952388048172,0.9591226577758789,0.6810042858123779
YDR511W,YGR123C,0,-0.783343,0.1237935945391655,0.9591226577758789,0.681104302406311
YJR096W,YGR071C,0,-0.7833458,0.12377766519784927,0.9591226577758789,0.6812043786048889
YHR114W,YGR034W,0,-0.7833705,0.12376173585653305,0.9591226577758789,0.681304395198822
YDR495C,YOR193W,0,-0.78411967,0.12374582141637802,0.9591226577758789,0.6814044117927551
YJR059W,YKR056W,0,-0.7843975,0.12372990697622299,0.9591226577758789,0.6815044283866882
YCR093W,YHR129C,0,-0.7844306,0.12371399253606796,0.9591226577758789,0.6816045045852661
YJR149W,YHR029C,0,-0.78457654,0.12369808554649353,0.9591226577758789,0.6817045211791992
YNL039W,YNL232W,0,-0.78490907,0.1236821785569191,0.9591226577758789,0.6818045377731323
YGR099W,YMR224C,0,-0.78562564,0.12366627901792526,0.9591226577758789,0.6819045543670654
YDR200C,YCL004W,0,-0.7871725,0.12365038692951202,0.9591226577758789,0.6820046305656433
YER040W,YDR359C,0,-0.7881095,0.12363449484109879,0.9591226577758789,0.6821046471595764
YNL051W,YGL003C,0,-0.7884191,0.12361861020326614,0.9591226577758789,0.6822046637535095
YIL130W,YJR041C,0,-0.7887221,0.1236027255654335,0.9591226577758789,0.6823046803474426
YNL178W,YHR169W,0,-0.7887984,0.12358684837818146,0.9591226577758789,0.6824046969413757
YGL087C,YER089C,0,-0.78920054,0.12357097119092941,0.9591226577758789,0.6825047731399536
YIL033C,YNL029C,0,-0.7903765,0.12355510145425797,0.9591226577758789,0.6826047897338867
YNL284C,YDR358W,0,-0.79056054,0.12353923171758652,0.9591226577758789,0.6827048063278198
YER147C,YDR511W,0,-0.7905768,0.12352336943149567,0.9591226577758789,0.6828048229217529
YLR020C,YML077W,0,-0.7916708,0.12350750714540482,0.9591226577758789,0.6829048991203308
YNL046W,YPL122C,0,-0.79172087,0.12349165230989456,0.9591226577758789,0.6830049157142639
YJL167W,YNL147W,0,-0.79276097,0.1234758049249649,0.9591226577758789,0.683104932308197
YBR289W,YJR138W,0,-0.79282784,0.12345995754003525,0.9591226577758789,0.6832049489021301
YLR356W,YMR284W,0,-0.7929391,0.12344411760568619,0.9591226577758789,0.6833049654960632
YLR044C,YMR087W,0,-0.7930184,0.12342827767133713,0.9591226577758789,0.6834050416946411
YBR283C,YGR222W,0,-0.794132,0.12341244518756866,0.9591226577758789,0.6835050582885742
YJR009C,YKR094C,0,-0.7945428,0.1233966127038002,0.9591226577758789,0.6836050748825073
YLR321C,YOR195W,0,-0.7947322,0.12338078767061234,0.9591226577758789,0.6837050914764404
YPL063W,YLR196W,0,-0.79536927,0.12336496263742447,0.9591226577758789,0.6838051676750183
YOL147C,YHR047C,0,-0.79538584,0.1233491450548172,0.9591226577758789,0.6839051842689514
YER053C,YNL274C,0,-0.79563236,0.12333333492279053,0.9591226577758789,0.6840052008628845
YLR040C,YGL068W,0,-0.7960715,0.12331752479076385,0.9591226577758789,0.6841052174568176
YNL098C,YEL022W,0,-0.7970778,0.12330171465873718,0.9591226577758789,0.6842052340507507
YNL061W,YDR002W,0,-0.79711866,0.12328591197729111,0.9591226577758789,0.6843053102493286
YHR132C,YEL053C,0,-0.7974843,0.12327011674642563,0.9591226577758789,0.6844053268432617
YDR031W,YHR051W,0,-0.79757416,0.12325432151556015,0.9591226577758789,0.6845053434371948
YGR221C,YNL136W,0,-0.7977947,0.12323853373527527,0.9591226577758789,0.6846053600311279
YDR248C,YER180C,0,-0.7979238,0.12322274595499039,0.9591226577758789,0.6847054362297058
YBR158W,YCR011C,0,-0.7983661,0.1232069656252861,0.9591226577758789,0.6848054528236389
YOR216C,YOL122C,0,-0.7993595,0.12319119274616241,0.9591226577758789,0.684905469417572
YGR174C,YPR072W,0,-0.8000728,0.12317541241645813,0.9591226577758789,0.6850054860115051
YDR415C,YHR193C,0,-0.80014646,0.12315964698791504,0.9591226577758789,0.6851055026054382
YBR231C,YFL005W,0,-0.80071014,0.12314388155937195,0.9591226577758789,0.6852055788040161
YGR281W,YKR052C,0,-0.8011792,0.12312811613082886,0.9591226577758789,0.6853055953979492
YGR024C,YHR105W,0,-0.8012844,0.12311236560344696,0.9591226577758789,0.6854056119918823
YOR147W,YDL045W-A,0,-0.80148065,0.12309660762548447,0.9591226577758789,0.6855056285858154
YOR261C,YDR259C,0,-0.80151916,0.12308085709810257,0.9591226577758789,0.6856057047843933
YGR005C,YDR320C,0,-0.8024328,0.12306511402130127,0.9591226577758789,0.6857057213783264
YJR153W,YDL240W,0,-0.8036273,0.12304937094449997,0.9591226577758789,0.6858057379722595
YKL017C,YNL044W,0,-0.8036807,0.12303363531827927,0.9591226577758789,0.6859057545661926
YJR025C,YFL014W,0,-0.80411637,0.12301789969205856,0.9591226577758789,0.6860058307647705
YLR142W,YER100W,0,-0.80425406,0.12300217151641846,0.9591226577758789,0.6861058473587036
YDR047W,YOR109W,0,-0.80439353,0.12298645079135895,0.9591226577758789,0.6862058639526367
YBR177C,YPR081C,0,-0.8052549,0.12297073006629944,0.9591226577758789,0.6863058805465698
YOR008C,YLR459W,0,-0.80539954,0.12295500934123993,0.9591226577758789,0.6864058971405029
YPR007C,YOR099W,0,-0.8055119,0.12293929606676102,0.9591226577758789,0.6865059733390808
YOL012C,YER115C,0,-0.8055508,0.1229235902428627,0.9591226577758789,0.6866059899330139
YPL210C,YAL053W,0,-0.8057343,0.12290788441896439,0.9591226577758789,0.686706006526947
YDR251W,YHR061C,0,-0.805798,0.12289217859506607,0.9591226577758789,0.6868060231208801
YLL033W,YIL035C,0,-0.805841,0.12287648767232895,0.9591226577758789,0.686906099319458
YMR276W,YPL027W,0,-0.80587906,0.12286078929901123,0.9591226577758789,0.6870061159133911
YLL061W,YPR049C,0,-0.8061029,0.1228451058268547,0.9591226577758789,0.6871061325073242
YAL033W,YKL192C,0,-0.8061118,0.12282941490411758,0.9591226577758789,0.6872061491012573
YGR094W,YLR247C,0,-0.8065961,0.12281373888254166,0.9591226577758789,0.6873061656951904
YMR200W,YPR042C,0,-0.8067425,0.12279806286096573,0.9591226577758789,0.6874062418937683
YHR194W,YMR101C,0,-0.8070435,0.1227823868393898,0.9591226577758789,0.6875062584877014
YHR202W,YJL030W,0,-0.8073007,0.12276671826839447,0.9591226577758789,0.6876062750816345
YIL061C,YOR103C,0,-0.8078165,0.12275104969739914,0.9591226577758789,0.6877062916755676
YNL123W,YKL114C,0,-0.8080696,0.1227353885769844,0.9591226577758789,0.6878063678741455
YDR436W,YPR196W,0,-0.80839473,0.12271973490715027,0.9591226577758789,0.6879063844680786
YOL084W,YLR001C,0,-0.80892706,0.12270408123731613,0.9591226577758789,0.6880064010620117
YNL027W,YIL124W,0,-0.80921924,0.12268843501806259,0.9591226577758789,0.6881064176559448
YPR080W,YER071C,0,-0.80968416,0.12267278879880905,0.9591226577758789,0.6882064342498779
YIL159W,YNL213C,0,-0.8116232,0.12265715003013611,0.9591226577758789,0.6883065104484558
YGR170W,YPL139C,0,-0.8117769,0.12264151126146317,0.9591226577758789,0.6884065270423889
YER008C,YLR059C,0,-0.8118545,0.12262587994337082,0.9591226577758789,0.688506543636322
YDR151C,YJR068W,0,-0.81302917,0.12261024862527847,0.9591226577758789,0.6886065602302551
YER055C,YGR072W,0,-0.8134594,0.12259462475776672,0.9591226577758789,0.688706636428833
YOR306C,YGL196W,0,-0.81355476,0.12257900089025497,0.9591226577758789,0.6888066530227661
YML106W,YLR194C,0,-0.8135744,0.12256338447332382,0.9591226577758789,0.6889066696166992
YMR035W,YER068W,0,-0.81434214,0.12254776805639267,0.9591226577758789,0.6890066862106323
YIR032C,YPL183W-A,0,-0.8146286,0.12253215909004211,0.9591226577758789,0.6891067028045654
YJL013C,YOR254C,0,-0.81536704,0.12251655757427216,0.9591226577758789,0.6892067790031433
YPR010C,YOR261C,0,-0.8155921,0.1225009560585022,0.9591226577758789,0.6893067955970764
YER090W,YJL109C,0,-0.81560093,0.12248535454273224,0.9591226577758789,0.6894068121910095
YJR059W,YNL084C,0,-0.8157705,0.12246976792812347,0.9591226577758789,0.6895068287849426
YOR098C,YDR438W,0,-0.81636626,0.12245417386293411,0.9591226577758789,0.6896069049835205
YGL238W,YCL024W,0,-0.81653607,0.12243858724832535,0.9591226577758789,0.6897069215774536
YPR102C,YJR140C,0,-0.81667346,0.12242300808429718,0.9591226577758789,0.6898069381713867
YIR037W,YLR143W,0,-0.8169356,0.12240742892026901,0.9591226577758789,0.6899069547653198
YLL009C,YDR406W,0,-0.81727135,0.12239185720682144,0.9591226577758789,0.6900070309638977
YGL185C,YOR270C,0,-0.81727433,0.12237628549337387,0.9591226577758789,0.6901070475578308
YNR013C,YGR223C,0,-0.817592,0.1223607212305069,0.9591226577758789,0.6902070641517639
YDR301W,YGR012W,0,-0.8177285,0.12234516441822052,0.9591226577758789,0.690307080745697
YCR093W,YKL034W,0,-0.81794655,0.12232960015535355,0.9591226577758789,0.6904070973396301
YMR228W,YNL232W,0,-0.81815016,0.12231405079364777,0.9591226577758789,0.690507173538208
YDL154W,YDR528W,0,-0.8188646,0.12229850143194199,0.9591226577758789,0.6906071901321411
YPL064C,YDL097C,0,-0.8188967,0.1222829520702362,0.9591226577758789,0.6907072067260742
YKL045W,YHR046C,0,-0.8197323,0.12226741015911102,0.9591226577758789,0.6908072233200073
YJL006C,YML127W,0,-0.82043415,0.12225187569856644,0.9591226577758789,0.6909072995185852
YDR242W,YFL066C,0,-0.8216772,0.12223634123802185,0.9591226577758789,0.6910073161125183
YDR512C,YPL175W,0,-0.8224219,0.12222081422805786,0.9591226577758789,0.6911073327064514
YDR435C,YFR019W,0,-0.82266235,0.12220528721809387,0.9591226577758789,0.6912073493003845
YDR280W,YDR372C,0,-0.8227309,0.12218976020812988,0.9591226577758789,0.6913073658943176
YKL168C,YGR052W,0,-0.82379353,0.12217424064874649,0.9591226577758789,0.6914074420928955
YNR021W,YPR161C,0,-0.8245267,0.1221587285399437,0.9591226577758789,0.6915074586868286
YDL046W,YDL007W,0,-0.82470983,0.1221432164311409,0.9591226577758789,0.6916074752807617
YLR263W,YKL080W,0,-0.8264162,0.1221277117729187,0.9591226577758789,0.6917074918746948
YBR045C,YLR102C,0,-0.8272122,0.1221122145652771,0.9591226577758789,0.6918075680732727
YLR151C,YOR239W,0,-0.8279232,0.1220967099070549,0.9591226577758789,0.6919075846672058
YDR410C,YKR083C,0,-0.8282436,0.1220812201499939,0.9591226577758789,0.6920076012611389
YGL040C,YHL024W,0,-0.82832634,0.12206573039293289,0.9591226577758789,0.692107617855072
YGR169C,YML021C,0,-0.82948905,0.12205024063587189,0.9591226577758789,0.6922076344490051
YKL010C,YMR308C,0,-0.8297113,0.12203475832939148,0.9591226577758789,0.692307710647583
YKL149C,YJR041C,0,-0.8298676,0.12201927602291107,0.9591226577758789,0.6924077272415161
YDR283C,YPR163C,0,-0.83019674,0.12200380116701126,0.9591226577758789,0.6925077438354492
YHR002W,YMR115W,0,-0.8303542,0.12198833376169205,0.9591226577758789,0.6926077604293823
YBR065C,YFL017W-A,0,-0.8305466,0.12197286635637283,0.9591226577758789,0.6927078366279602
YOR096W,YPL215W,0,-0.8311103,0.12195740640163422,0.9591226577758789,0.6928078532218933
YLR084C,YOR010C,1,-0.83178186,0.12206870317459106,0.9601196646690369,0.6928078532218933
YGL194C,YLR045C,0,-0.83272284,0.12205322831869125,0.9601196646690369,0.6929078698158264
YDR117C,YER137C,0,-0.83345294,0.12203776091337204,0.9601196646690369,0.6930078864097595
YJL134W,YDL189W,0,-0.8339745,0.12202230095863342,0.9601196646690369,0.6931079030036926
YLR015W,YMR088C,0,-0.83422863,0.1220068410038948,0.9601196646690369,0.6932079792022705
YDR383C,YDR072C,0,-0.8348732,0.12199138849973679,0.9601196646690369,0.6933079957962036
YKL166C,YOL103W,0,-0.83571875,0.12197593599557877,0.9601196646690369,0.6934080123901367
YOL018C,YJL170C,0,-0.83592284,0.12196048349142075,0.9601196646690369,0.6935080289840698
YBL056W,YDR236C,0,-0.83663225,0.12194504588842392,0.9601196646690369,0.6936081051826477
YIL145C,YEL061C,0,-0.8378056,0.1219296008348465,0.9601196646690369,0.6937081217765808
YMR019W,YPL010W,0,-0.838031,0.12191416323184967,0.9601196646690369,0.6938081383705139
YNL216W,YGL237C,0,-0.83829325,0.12189873307943344,0.9601196646690369,0.693908154964447
YER137C,YJR084W,0,-0.838512,0.12188330292701721,0.9601196646690369,0.6940082311630249
YLR361C,YBR086C,0,-0.8388597,0.12186788022518158,0.9601196646690369,0.694108247756958
YBR297W,YJR028W,0,-0.8389552,0.12185245752334595,0.9601196646690369,0.6942082643508911
YBL068W,YGR082W,0,-0.8396044,0.12183704227209091,0.9601196646690369,0.6943082809448242
YLR040C,YDR134C,1,-0.83975726,0.12194813042879105,0.9611166715621948,0.6943082809448242
YDR380W,YJR151C,0,-0.83987194,0.12193270772695541,0.9611166715621948,0.6944082975387573
YIL002C,YHR008C,0,-0.8421683,0.12191728502511978,0.9611166715621948,0.6945083737373352
YDR498C,YML054C,0,-0.84312856,0.12190186977386475,0.9611166715621948,0.6946083903312683
YGL050W,YMR307W,0,-0.843226,0.12188646197319031,0.9611166715621948,0.6947084069252014
YHR080C,YNL098C,0,-0.843241,0.12187104672193527,0.9611166715621948,0.6948084235191345
YML041C,YDR054C,0,-0.84346014,0.12185564637184143,0.9611166715621948,0.6949084997177124
YOR273C,YMR264W,0,-0.8442385,0.12184024602174759,0.9611166715621948,0.6950085163116455
YPR131C,YDR466W,0,-0.8448459,0.12182484567165375,0.9611166715621948,0.6951085329055786
YOR075W,YOL019W,0,-0.84492755,0.1218094527721405,0.9611166715621948,0.6952085494995117
YGR253C,YDL067C,0,-0.84581774,0.12179405987262726,0.9611166715621948,0.6953085660934448
YNL309W,YDL121C,0,-0.845847,0.12177867442369461,0.9611166715621948,0.6954086422920227
YBL100W-B,YHR023W,0,-0.8468876,0.12176329642534256,0.9611166715621948,0.6955086588859558
YBR024W,YOR288C,0,-0.8470442,0.12174791842699051,0.9611166715621948,0.6956086754798889
YIL009W,YER045C,0,-0.8472253,0.12173254042863846,0.9611166715621948,0.695708692073822
YDR289C,YLR389C,0,-0.84856236,0.121717169880867,0.9611166715621948,0.6958087682723999
YNR011C,YOR359W,0,-0.8517524,0.12170180678367615,0.9611166715621948,0.695908784866333
YPR100W,YKL141W,0,-0.8536304,0.12168644368648529,0.9611166715621948,0.6960088014602661
YOR227W,YOR326W,0,-0.8543724,0.12167108058929443,0.9611166715621948,0.6961088180541992
YKL001C,YER083C,0,-0.85464895,0.12165573239326477,0.9611166715621948,0.6962088346481323
YJR050W,YOL104C,0,-0.85577905,0.12164037674665451,0.9611166715621948,0.6963089108467102
YNR044W,YLR433C,0,-0.8565761,0.12162502855062485,0.9611166715621948,0.6964089274406433
YJL114W,YJL071W,0,-0.8567692,0.12160968780517578,0.9611166715621948,0.6965089440345764
YER082C,YLR170C,0,-0.85763144,0.12159434705972672,0.9611166715621948,0.6966089606285095
YLR312W-A,YLR244C,0,-0.85767114,0.12157901376485825,0.9611166715621948,0.6967090368270874
YJL112W,YFR010W,0,-0.85788786,0.12156368046998978,0.9611166715621948,0.6968090534210205
YBL014C,YJL162C,0,-0.8579115,0.1215483546257019,0.9611166715621948,0.6969090700149536
YLR190W,YJL096W,0,-0.858217,0.12153302878141403,0.9611166715621948,0.6970090866088867
YOL061W,YDL105W,0,-0.85829747,0.12151771038770676,0.9611166715621948,0.6971091032028198
YIL138C,YEL002C,0,-0.8587334,0.12150239199399948,0.9611166715621948,0.6972091794013977
YLR120C,YJL110C,0,-0.8590649,0.1214870810508728,0.9611166715621948,0.6973091959953308
YAL019W,YGL213C,0,-0.8596367,0.12147177755832672,0.9611166715621948,0.6974092125892639
YLR100W,YPR167C,0,-0.8600887,0.12145646661520004,0.9611166715621948,0.697509229183197
YOR269W,YIR015W,0,-0.8605568,0.12144117057323456,0.9611166715621948,0.6976093053817749
YIR012W,YBR240C,0,-0.8606498,0.12142587453126907,0.9611166715621948,0.697709321975708
YGL119W,YPL050C,0,-0.8607292,0.12141057848930359,0.9611166715621948,0.6978093385696411
YML023C,YGL226W,0,-0.8610453,0.1213952898979187,0.9611166715621948,0.6979093551635742
YDL112W,YKL130C,0,-0.86130404,0.12138000875711441,0.9611166715621948,0.6980094313621521
YBR223C,YDL107W,0,-0.8620878,0.12136472016572952,0.9611166715621948,0.6981094479560852
YLR192C,YGL025C,0,-0.8626443,0.12134944647550583,0.9611166715621948,0.6982094645500183
YNR055C,YMR304W,0,-0.8630594,0.12133417278528214,0.9611166715621948,0.6983094811439514
YOR195W,YNL267W,0,-0.86324877,0.12131889909505844,0.9611166715621948,0.6984094977378845
YML098W,YBR125C,0,-0.86493146,0.12130364030599594,0.9611166715621948,0.6985095739364624
YJL168C,YBR261C,0,-0.8651749,0.12128837406635284,0.9611166715621948,0.6986095905303955
YDL012C,YCR075C,0,-0.86529756,0.12127311527729034,0.9611166715621948,0.6987096071243286
YHL006C,YOR323C,0,-0.8658718,0.12125786393880844,0.9611166715621948,0.6988096237182617
YGR177C,YKL212W,0,-0.8658721,0.12124261260032654,0.9611166715621948,0.6989096999168396
YOL158C,YDR236C,0,-0.86647606,0.12122736126184464,0.9611166715621948,0.6990097165107727
YDR013W,YCR072C,0,-0.8665218,0.12121212482452393,0.9611166715621948,0.6991097331047058
YOR181W,YKL011C,0,-0.86658716,0.12119688093662262,0.9611166715621948,0.6992097496986389
YDR195W,YDR405W,0,-0.86672765,0.12118164449930191,0.9611166715621948,0.699309766292572
YDR334W,YNL202W,0,-0.8676264,0.1211664155125618,0.9611166715621948,0.6994098424911499
YMR131C,YGR258C,0,-0.867926,0.12115118652582169,0.9611166715621948,0.699509859085083
YOL090W,YGL198W,0,-0.86811566,0.12113596498966217,0.9611166715621948,0.6996098756790161
YLR032W,YMR153W,0,-0.86812615,0.12112074345350266,0.9611166715621948,0.6997098922729492
YJL114W,YOR019W,0,-0.86892253,0.12110552936792374,0.9611166715621948,0.6998099684715271
YDR172W,YDR030C,0,-0.8689362,0.12109031528234482,0.9611166715621948,0.6999099850654602
YOR159C,YGR062C,0,-0.87006557,0.1210751086473465,0.9611166715621948,0.7000100016593933
YJL035C,YKL051W,0,-0.8701288,0.12105990201234818,0.9611166715621948,0.7001100182533264
YHR206W,YLL045C,0,-0.870242,0.12104470282793045,0.9611166715621948,0.7002100348472595
YDR233C,YHR058C,0,-0.870871,0.12102950364351273,0.9611166715621948,0.7003101110458374
YBR260C,YJR084W,0,-0.8717116,0.1210143119096756,0.9611166715621948,0.7004101276397705
YHL019C,YLR292C,0,-0.8717578,0.12099912017583847,0.9611166715621948,0.7005101442337036
YOR250C,YIL084C,0,-0.8718616,0.12098393589258194,0.9611166715621948,0.7006101608276367
YOL147C,YBR107C,0,-0.8723613,0.12096875160932541,0.9611166715621948,0.7007102370262146
YJL069C,YGR156W,0,-0.8726373,0.12095357477664948,0.9611166715621948,0.7008102536201477
YNL122C,YFR007W,0,-0.87358016,0.12093840539455414,0.9611166715621948,0.7009102702140808
YPL252C,YJR001W,0,-0.87364876,0.1209232285618782,0.9611166715621948,0.7010102868080139
YGL259W,YEL022W,0,-0.87434083,0.12090806663036346,0.9611166715621948,0.701110303401947
YGL016W,YDR064W,0,-0.87466264,0.12089290469884872,0.9611166715621948,0.7012103796005249
YNL331C,YEL029C,0,-0.8747772,0.12087774276733398,0.9611166715621948,0.701310396194458
YGR071C,YJR022W,0,-0.8750154,0.12086258828639984,0.9611166715621948,0.7014104127883911
YGR044C,YBL051C,0,-0.8758952,0.1208474338054657,0.9611166715621948,0.7015104293823242
YLR238W,YNL192W,0,-0.8759615,0.12083228677511215,0.9611166715621948,0.7016105055809021
YAL005C,YOR010C,1,-0.8762742,0.12094247341156006,0.9621136784553528,0.7016105055809021
YMR225C,YLR427W,0,-0.87725586,0.12092731893062592,0.9621136784553528,0.7017105221748352
YMR039C,YPR070W,0,-0.8794139,0.12091216444969177,0.9621136784553528,0.7018105387687683
YKL108W,YKL164C,0,-0.8817999,0.12089701741933823,0.9621136784553528,0.7019105553627014
YKL164C,YLR286C,1,-0.88183576,0.12100713700056076,0.9631106853485107,0.7019105553627014
YDR419W,YLR028C,0,-0.881976,0.12099198251962662,0.9631106853485107,0.7020106315612793
YDR013W,YNR043W,0,-0.88221204,0.12097682803869247,0.9631106853485107,0.7021106481552124
YNR002C,YLR213C,0,-0.8823837,0.12096168100833893,0.9631106853485107,0.7022106647491455
YIR015W,YMR019W,0,-0.88334465,0.12094654142856598,0.9631106853485107,0.7023106813430786
YDL028C,YDR288W,0,-0.88357234,0.12093139439821243,0.9631106853485107,0.7024106979370117
YML107C,YMR061W,0,-0.88362366,0.12091626226902008,0.9631106853485107,0.7025107741355896
YLL029W,YPL213W,0,-0.8836865,0.12090112268924713,0.9631106853485107,0.7026107907295227
YMR204C,YNL185C,0,-0.8841268,0.12088599801063538,0.9631106853485107,0.7027108073234558
YOR217W,YEL005C,0,-0.8842162,0.12087087333202362,0.9631106853485107,0.7028108239173889
YBR248C,YLR446W,0,-0.88481015,0.12085574865341187,0.9631106853485107,0.7029109001159668
YMR080C,YNL063W,0,-0.88495934,0.1208406314253807,0.9631106853485107,0.7030109167098999
YER008C,YDR122W,0,-0.885555,0.12082551419734955,0.9631106853485107,0.703110933303833
YPR055W,YHR002W,0,-0.886568,0.12081040441989899,0.9631106853485107,0.7032109498977661
YBR287W,YHR076W,0,-0.88699883,0.12079529464244843,0.9631106853485107,0.7033109664916992
YJR135C,YJL003W,0,-0.88753116,0.12078019231557846,0.9631106853485107,0.7034110426902771
YOR106W,YMR289W,0,-0.887676,0.12076509743928909,0.9631106853485107,0.7035110592842102
YIL155C,YGL018C,0,-0.88790536,0.12075000256299973,0.9631106853485107,0.7036110758781433
YNL238W,YLR439W,0,-0.88880956,0.12073490768671036,0.9631106853485107,0.7037110924720764
YGR246C,YDL243C,0,-0.88901776,0.12071982026100159,0.9631106853485107,0.7038111686706543
YOL078W,YOL054W,0,-0.88939744,0.12070473283529282,0.9631106853485107,0.7039111852645874
YKL003C,YBR002C,0,-0.89013195,0.12068965286016464,0.9631106853485107,0.7040112018585205
YKL108W,YDR109C,0,-0.89152306,0.12067458033561707,0.9631106853485107,0.7041112184524536
YNR020C,YIL098C,0,-0.8921068,0.12065950781106949,0.9631106853485107,0.7042112350463867
YOL093W,YHR161C,0,-0.8923944,0.12064443528652191,0.9631106853485107,0.7043113112449646
YBR045C,YPR048W,0,-0.892585,0.12062937021255493,0.9631106853485107,0.7044113278388977
YOL011W,YBL047C,0,-0.89313453,0.12061431258916855,0.9631106853485107,0.7045113444328308
YPL179W,YGR193C,0,-0.8941606,0.12059924751520157,0.9631106853485107,0.7046113610267639
YDR416W,YJR143C,0,-0.89423966,0.12058419734239578,0.9631106853485107,0.7047114372253418
YCR037C,YNL311C,0,-0.8943181,0.12056914716959,0.9631106853485107,0.7048114538192749
YBR172C,YBR037C,0,-0.89473414,0.12055409699678421,0.9631106853485107,0.704911470413208
YFL056C,YGL229C,0,-0.89549714,0.12053905427455902,0.9631106853485107,0.7050114870071411
YLR059C,YNR027W,0,-0.8963131,0.12052401900291443,0.9631106853485107,0.705111563205719
YBL063W,YGL186C,0,-0.8977452,0.12050898373126984,0.9631106853485107,0.7052115797996521
YOL144W,YKL124W,0,-0.89802027,0.12049394845962524,0.9631106853485107,0.7053115963935852
YOR174W,YGR103W,0,-0.8982353,0.12047892063856125,0.9631106853485107,0.7054116129875183
YGL259W,YPR068C,0,-0.89839834,0.12046390026807785,0.9631106853485107,0.7055116295814514
YDR100W,YGR268C,0,-0.8986701,0.12044887989759445,0.9631106853485107,0.7056117057800293
YOL057W,YAL041W,0,-0.89908653,0.12043385952711105,0.9631106853485107,0.7057117223739624
YJR004C,YOL145C,0,-0.89956313,0.12041884660720825,0.9631106853485107,0.7058117389678955
YER175C,YJR104C,0,-0.89969754,0.12040384113788605,0.9631106853485107,0.7059117555618286
YIL020C,YGR220C,0,-0.90113187,0.12038883566856384,0.9631106853485107,0.7060118317604065
YLR025W,YKL095W,0,-0.9011818,0.12037383019924164,0.9631106853485107,0.7061118483543396
YHR092C,YBR164C,0,-0.9061627,0.12035883218050003,0.9631106853485107,0.7062118649482727
YDR067C,YOL076W,0,-0.9064671,0.12034384161233902,0.9631106853485107,0.7063118815422058
YEL015W,YBR254C,0,-0.90685743,0.12032885104417801,0.9631106853485107,0.7064118981361389
YKL078W,YCR002C,0,-0.90859276,0.120313860476017,0.9631106853485107,0.7065119743347168
YIL095W,YMR176W,0,-0.90881085,0.12029887735843658,0.9631106853485107,0.7066119909286499
YDR511W,YPL176C,0,-0.9104328,0.12028390169143677,0.9631106853485107,0.706712007522583
YFR016C,YJL176C,0,-0.9116521,0.12026892602443695,0.9631106853485107,0.7068120241165161
YKR079C,YLR328W,0,-0.9120338,0.12025395035743713,0.9631106853485107,0.706912100315094
YOL026C,YEL019C,0,-0.9129923,0.12023898214101791,0.9631106853485107,0.7070121169090271
YPR024W,YML043C,0,-0.9135815,0.12022402137517929,0.9631106853485107,0.7071121335029602
YLL013C,YKL138C,0,-0.914219,0.12020906060934067,0.9631106853485107,0.7072121500968933
YHR185C,YOL111C,0,-0.9149694,0.12019409984350204,0.9631106853485107,0.7073121666908264
YPR162C,YNL335W,0,-0.9155927,0.12017914652824402,0.9631106853485107,0.7074122428894043
YHR037W,YNL085W,0,-0.91577977,0.12016420066356659,0.9631106853485107,0.7075122594833374
YIL008W,YMR235C,0,-0.9159844,0.12014925479888916,0.9631106853485107,0.7076122760772705
YHR086W,YJR025C,0,-0.91598725,0.12013430893421173,0.9631106853485107,0.7077122926712036
YBR037C,YGL229C,0,-0.9160781,0.1201193705201149,0.9631106853485107,0.7078123688697815
YDR175C,YLR259C,0,-0.9163277,0.12010443955659866,0.9631106853485107,0.7079123854637146
YOR251C,YHR211W,0,-0.91635215,0.12008950859308243,0.9631106853485107,0.7080124020576477
YHL024W,YLR289W,0,-0.9163604,0.12007457762956619,0.9631106853485107,0.7081124186515808
YNL281W,YOR066W,0,-0.91729903,0.12005965411663055,0.9631106853485107,0.7082124352455139
YDR098C,YLR145W,0,-0.9179788,0.12004473805427551,0.9631106853485107,0.7083125114440918
YBR279W,YGL238W,0,-0.9181154,0.12002982199192047,0.9631106853485107,0.7084125280380249
YLR025W,YDR087C,0,-0.9186398,0.12001490592956543,0.9631106853485107,0.708512544631958
YLR134W,YOR087W,0,-0.91864276,0.11999999731779099,0.9631106853485107,0.7086125612258911
YPL043W,YER100W,0,-0.9189296,0.11998509615659714,0.9631106853485107,0.708712637424469
YDR069C,YMR080C,0,-0.9189707,0.11997019499540329,0.9631106853485107,0.7088126540184021
YDR367W,YCL027W,0,-0.9190497,0.11995529383420944,0.9631106853485107,0.7089126706123352
YDR301W,YNR035C,0,-0.9203688,0.11994040012359619,0.9631106853485107,0.7090126872062683
YPR182W,YOR353C,0,-0.92103136,0.11992551386356354,0.9631106853485107,0.7091127634048462
YJL124C,YBL058W,0,-0.9216118,0.11991062760353088,0.9631106853485107,0.7092127799987793
YLR299W,YOR113W,0,-0.92202157,0.11989574134349823,0.9631106853485107,0.7093127965927124
YPR031W,YKL099C,0,-0.9222022,0.11988086253404617,0.9631106853485107,0.7094128131866455
YBR023C,YCL061C,0,-0.9227071,0.11986599117517471,0.9631106853485107,0.7095128297805786
YOR228C,YHR175W,0,-0.92475957,0.11985111981630325,0.9631106853485107,0.7096129059791565
YOL125W,YJR073C,0,-0.9263989,0.1198362484574318,0.9631106853485107,0.7097129225730896
YDR465C,YAR027W,0,-0.9267052,0.11982138454914093,0.9631106853485107,0.7098129391670227
YBR211C,YOR142W,0,-0.92705214,0.11980652064085007,0.9631106853485107,0.7099129557609558
YDR169C,YGL105W,0,-0.9270612,0.1197916641831398,0.9631106853485107,0.7100130319595337
YER110C,YOR239W,0,-0.9272828,0.11977681517601013,0.9631106853485107,0.7101130485534668
YOR008C,YDL120W,0,-0.9272921,0.11976196616888046,0.9631106853485107,0.7102130651473999
YJL110C,YJL121C,0,-0.9278995,0.1197471171617508,0.9631106853485107,0.710313081741333
YIL013C,YNL054W,0,-0.928084,0.11973227560520172,0.9631106853485107,0.7104130983352661
YHR114W,YBR231C,0,-0.9286599,0.11971743404865265,0.9631106853485107,0.710513174533844
YGR159C,YPR047W,0,-0.9293233,0.11970259994268417,0.9631106853485107,0.7106131911277771
YJL008C,YML042W,0,-0.9293531,0.1196877732872963,0.9631106853485107,0.7107132077217102
YOR157C,YOL062C,0,-0.9294434,0.11967294663190842,0.9631106853485107,0.7108132243156433
YIL084C,YDR288W,0,-0.92949486,0.11965811997652054,0.9631106853485107,0.7109133005142212
YML097C,YNL119W,0,-0.9303029,0.11964330077171326,0.9631106853485107,0.7110133171081543
YCR094W,YNL111C,0,-0.93075925,0.11962848156690598,0.9631106853485107,0.7111133337020874
YGR101W,YBR038W,0,-0.9313389,0.11961366981267929,0.9631106853485107,0.7112133502960205
YLR309C,YOR278W,0,-0.9318915,0.1195988580584526,0.9631106853485107,0.7113133668899536
YMR276W,YMR098C,0,-0.93229586,0.11958405375480652,0.9631106853485107,0.7114134430885315
YPL271W,YHR035W,0,-0.9327933,0.11956925690174103,0.9631106853485107,0.7115134596824646
YDR033W,YJL189W,0,-0.93313205,0.11955445259809494,0.9631106853485107,0.7116134762763977
YOL111C,YOR103C,0,-0.93446636,0.11953966319561005,0.9631106853485107,0.7117134928703308
YOR090C,YML054C,0,-0.93463266,0.11952487379312515,0.9631106853485107,0.7118135690689087
YKL168C,YGR154C,0,-0.9349222,0.11951008439064026,0.9631106853485107,0.7119135856628418
YGR184C,YGL005C,0,-0.935235,0.11949530243873596,0.9631106853485107,0.7120136022567749
YOR262W,YPL138C,0,-0.9366715,0.11948052048683167,0.9631106853485107,0.712113618850708
YNL278W,YDR205W,0,-0.93754655,0.11946574598550797,0.9631106853485107,0.7122136354446411
YML023C,YPR154W,0,-0.93794084,0.11945097148418427,0.9631106853485107,0.712313711643219
YDR265W,YDR439W,0,-0.93814236,0.11943620443344116,0.9631106853485107,0.7124137282371521
YLR004C,YDR516C,0,-0.93904865,0.11942143738269806,0.9631106853485107,0.7125137448310852
YLR165C,YJL181W,0,-0.9394033,0.11940667778253555,0.9631106853485107,0.7126137614250183
YPR118W,YOR089C,0,-0.9394434,0.11939191818237305,0.9631106853485107,0.7127138376235962
YER013W,YML055W,0,-0.9411863,0.11937716603279114,0.9631106853485107,0.7128138542175293
YGR263C,YIL035C,0,-0.941542,0.11936241388320923,0.9631106853485107,0.7129138708114624
YGR094W,YER013W,0,-0.9423555,0.11934766173362732,0.9631106853485107,0.7130138874053955
YDL121C,YBR003W,0,-0.94290125,0.1193329244852066,0.9631106853485107,0.7131139636039734
YIL160C,YDR032C,0,-0.94333637,0.11931817978620529,0.9631106853485107,0.7132139801979065
YBL038W,YLR263W,0,-0.9438912,0.11930344253778458,0.9631106853485107,0.7133139967918396
YPR156C,YGR122W,0,-0.9453533,0.11928871273994446,0.9631106853485107,0.7134140133857727
YAL002W,YJL166W,0,-0.94601727,0.11927398294210434,0.9631106853485107,0.7135140299797058
YDL144C,YKL196C,0,-0.9462596,0.11925926059484482,0.9631106853485107,0.7136141061782837
YNL309W,YLL017W,0,-0.946473,0.1192445382475853,0.9631106853485107,0.7137141227722168
YGR260W,YJL057C,0,-0.94959956,0.11922982335090637,0.9631106853485107,0.7138141393661499
YDL140C,YFR031C-A,0,-0.9498106,0.11921510845422745,0.9631106853485107,0.713914155960083
YDR039C,YJL059W,0,-0.94994974,0.11920039355754852,0.9631106853485107,0.7140142321586609
YML032C,YHR025W,0,-0.95035064,0.1191856861114502,0.9631106853485107,0.714114248752594
YPR106W,YKL041W,0,-0.9505836,0.11917098611593246,0.9631106853485107,0.7142142653465271
YDR456W,YOR353C,0,-0.9509629,0.11915628612041473,0.9631106853485107,0.7143142819404602
YDR200C,YBR022W,0,-0.95235515,0.119141586124897,0.9631106853485107,0.7144142985343933
YNL153C,YLR096W,0,-0.9530132,0.11912689357995987,0.9631106853485107,0.7145143747329712
YOL149W,YGR056W,0,-0.9530264,0.11911220848560333,0.9631106853485107,0.7146143913269043
YPR175W,YPL172C,0,-0.953145,0.1190975233912468,0.9631106853485107,0.7147144079208374
YGR106C,YHR207C,0,-0.9536669,0.11908283829689026,0.9631106853485107,0.7148144245147705
YLR419W,YLR028C,0,-0.9538262,0.11906816065311432,0.9631106853485107,0.7149145007133484
YGL241W,YJR026W,0,-0.9542571,0.11905349045991898,0.9631106853485107,0.7150145173072815
YER068W,YPL258C,0,-0.9556557,0.11903882026672363,0.9631106853485107,0.7151145339012146
YFR033C,YNL325C,0,-0.95646006,0.11902415007352829,0.9631106853485107,0.7152145504951477
YNR072W,YGL071W,0,-0.956785,0.11900948733091354,0.9631106853485107,0.7153145670890808
YML070W,YJL165C,0,-0.95696545,0.1189948245882988,0.9631106853485107,0.7154146432876587
YLL048C,YDR240C,0,-0.9573432,0.11898016929626465,0.9631106853485107,0.7155146598815918
YPL002C,YDR166C,0,-0.9586824,0.1189655140042305,0.9631106853485107,0.7156146764755249
YKR101W,YDR527W,0,-0.95955455,0.11895086616277695,0.9631106853485107,0.715714693069458
YOR241W,YGR112W,0,-0.9596008,0.11893622577190399,0.9631106853485107,0.7158147692680359
YPL163C,YDR104C,1,-0.95973927,0.11904469132423401,0.9641076922416687,0.7158147692680359
YBL091C,YGR035C,0,-0.96064246,0.11903003603219986,0.9641076922416687,0.715914785861969
YIL009W,YOR275C,0,-0.96066767,0.11901538819074631,0.9641076922416687,0.7160148024559021
YDR520C,YIL019W,0,-0.960885,0.11900074034929276,0.9641076922416687,0.7161148190498352
YLR438C-A,YNL156C,0,-0.9614101,0.1189860925078392,0.9641076922416687,0.7162148356437683
YOR070C,YDL119C,0,-0.9625193,0.11897145956754684,0.9641076922416687,0.7163149118423462
YKR053C,YNR040W,0,-0.9636997,0.11895681917667389,0.9641076922416687,0.7164149284362793
YJL044C,YGL174W,0,-0.9637325,0.11894218623638153,0.9641076922416687,0.7165149450302124
YDL149W,YBR185C,0,-0.9637498,0.11892756074666977,0.9641076922416687,0.7166149616241455
YDR211W,YJR027W,0,-0.96460676,0.11891293525695801,0.9641076922416687,0.7167150378227234
YMR321C,YHR013C,0,-0.9647012,0.11889831721782684,0.9641076922416687,0.7168150544166565
YGL216W,YGL238W,0,-0.9648466,0.11888369917869568,0.9641076922416687,0.7169150710105896
YLR324W,YPR047W,0,-0.9662775,0.11886908113956451,0.9641076922416687,0.7170150876045227
YDL015C,YDL047W,0,-0.96632993,0.11885447055101395,0.9641076922416687,0.7171151638031006
YML099C,YER171W,0,-0.9663606,0.11883986741304398,0.9641076922416687,0.7172151803970337
YGR047C,YPL215W,0,-0.9664152,0.118825264275074,0.9641076922416687,0.7173151969909668
YMR046C,YGL173C,0,-0.9665961,0.11881066113710403,0.9641076922416687,0.7174152135848999
YPL203W,YIL124W,0,-0.9667248,0.11879606544971466,0.9641076922416687,0.717515230178833
YNR048W,YMR099C,0,-0.96757674,0.11878147721290588,0.9641076922416687,0.7176153063774109
YKL190W,YDR176W,0,-0.96800303,0.1187668889760971,0.9641076922416687,0.717715322971344
YLR175W,YIL022W,0,-0.96866643,0.11875230073928833,0.9641076922416687,0.7178153395652771
YGL059W,YIL150C,0,-0.96871555,0.11873771995306015,0.9641076922416687,0.7179153561592102
YJL156C,YNL297C,0,-0.96940726,0.11872314661741257,0.9641076922416687,0.7180154323577881
YDL185W,YNL051W,0,-0.9700291,0.11870856583118439,0.9641076922416687,0.7181154489517212
YIL153W,YIR011C,0,-0.9707118,0.1186939999461174,0.9641076922416687,0.7182154655456543
YIL107C,YPL013C,0,-0.9709291,0.11867943406105042,0.9641076922416687,0.7183154821395874
YPL096W,YOR187W,0,-0.97105867,0.11866486817598343,0.9641076922416687,0.7184154987335205
YPL120W,YDR045C,0,-0.9717196,0.11865030974149704,0.9641076922416687,0.7185155749320984
YLR224W,YMR077C,0,-0.97173285,0.11863575130701065,0.9641076922416687,0.7186155915260315
YJR055W,YGR001C,0,-0.97303104,0.11862120032310486,0.9641076922416687,0.7187156081199646
YLR086W,YNL127W,0,-0.97325325,0.11860664933919907,0.9641076922416687,0.7188156247138977
YOR001W,YLR395C,0,-0.97349745,0.11859209835529327,0.9641076922416687,0.7189157009124756
YHR066W,YGL096W,0,-0.9738668,0.11857756227254868,0.9641076922416687,0.7190157175064087
YLR307W,YJL078C,1,-0.9743815,0.11868563294410706,0.9651046991348267,0.7190157175064087
YGR084C,YPR180W,0,-0.9746382,0.11867108196020126,0.9651046991348267,0.7191157341003418
YOR193W,YNR010W,0,-0.97542655,0.11865653097629547,0.9651046991348267,0.7192157506942749
YEL053C,YKR104W,0,-0.9757145,0.11864198744297028,0.9651046991348267,0.719315767288208
YFL025C,YPL235W,0,-0.97692657,0.11862745136022568,0.9651046991348267,0.7194158434867859
YEL005C,YJL109C,0,-0.9797727,0.11861291527748108,0.9651046991348267,0.719515860080719
YIR012W,YNL029C,0,-0.9799022,0.11859837919473648,0.9651046991348267,0.7196158766746521
YPR173C,YOR156C,0,-0.98056877,0.11858385056257248,0.9651046991348267,0.7197158932685852
YMR250W,YER022W,0,-0.9807718,0.11856932938098907,0.9651046991348267,0.7198159694671631
YCL044C,YGR296W,0,-0.9811312,0.11855480819940567,0.9651046991348267,0.7199159860610962
YGL059W,YPR007C,0,-0.98121506,0.11854028701782227,0.9651046991348267,0.7200160026550293
YOR120W,YLR238W,0,-0.9813463,0.11852577328681946,0.9651046991348267,0.7201160192489624
YHR185C,YMR194W,0,-0.98209697,0.11851126700639725,0.9651046991348267,0.7202160358428955
YPL209C,YIL177C,0,-0.9829665,0.11849675327539444,0.9651046991348267,0.7203161120414734
YOR301W,YPL214C,0,-0.9833329,0.11848225444555283,0.9651046991348267,0.7204161286354065
YPR086W,YGR245C,0,-0.9842951,0.11846774816513062,0.9651046991348267,0.7205161452293396
YOL132W,YOR283W,0,-0.984365,0.1184532567858696,0.9651046991348267,0.7206161618232727
YDL080C,YDL012C,0,-0.98446006,0.11843876540660858,0.9651046991348267,0.7207162380218506
YMR117C,YIL115C,0,-0.9846296,0.11842427402734756,0.9651046991348267,0.7208162546157837
YOR315W,YGR288W,0,-0.98494816,0.11840978264808655,0.9651046991348267,0.7209162712097168
YDR103W,YOR264W,0,-0.98516333,0.11839530616998672,0.9651046991348267,0.7210162878036499
YLR344W,YKL042W,0,-0.9852079,0.1183808222413063,0.9651046991348267,0.7211163640022278
YDR390C,YCL034W,0,-0.9852775,0.11836634576320648,0.9651046991348267,0.7212163805961609
YMR276W,YMR207C,0,-0.98538494,0.11835187673568726,0.9651046991348267,0.721316397190094
YJL183W,YHR044C,0,-0.9854912,0.11833740770816803,0.9651046991348267,0.7214164137840271
YML080W,YPL178W,0,-0.9861366,0.1183229461312294,0.9651046991348267,0.7215164303779602
YGR143W,YIL124W,0,-0.98631686,0.11830848455429077,0.9651046991348267,0.7216165065765381
YIL043C,YIL098C,0,-0.9880688,0.11829402297735214,0.9651046991348267,0.7217165231704712
YNR044W,YLL043W,0,-0.9885805,0.11827956885099411,0.9651046991348267,0.7218165397644043
YER049W,YOR374W,0,-0.98879385,0.11826512217521667,0.9651046991348267,0.7219165563583374
YDR265W,YJR010C-A,0,-0.9888953,0.11825067549943924,0.9651046991348267,0.7220166325569153
YOL002C,YGR241C,0,-0.9890342,0.1182362288236618,0.9651046991348267,0.7221166491508484
YOR038C,YGR155W,0,-0.9898406,0.11822178959846497,0.9651046991348267,0.7222166657447815
YIL087C,YLR403W,0,-0.9900255,0.11820735037326813,0.9651046991348267,0.7223166823387146
YER007C-A,YMR022W,0,-0.99036,0.11819291859865189,0.9651046991348267,0.7224166989326477
YGR185C,YOL111C,0,-0.99090374,0.11817848682403564,0.9651046991348267,0.7225167751312256
YLR447C,YER041W,0,-0.9914447,0.1181640625,0.9651046991348267,0.7226167917251587
YHR109W,YNL331C,0,-0.9928822,0.11814963817596436,0.9651046991348267,0.7227168083190918
YDR196C,YGR120C,0,-0.99289405,0.11813522130250931,0.9651046991348267,0.7228168249130249
YDL129W,YPL048W,0,-0.9930582,0.11812080442905426,0.9651046991348267,0.7229169011116028
YDR301W,YGL115W,0,-0.99311453,0.11810639500617981,0.9651046991348267,0.7230169177055359
YPL115C,YJR066W,0,-0.99458635,0.11809198558330536,0.9651046991348267,0.723116934299469
YBR295W,YGL141W,0,-0.99595696,0.1180775836110115,0.9651046991348267,0.7232169508934021
YCR012W,YDR081C,0,-0.9961592,0.11806318163871765,0.9651046991348267,0.7233169674873352
YJL130C,YIL108W,0,-0.9968051,0.1180487796664238,0.9651046991348267,0.7234170436859131
YLR305C,YER176W,0,-0.9973771,0.11803438514471054,0.9651046991348267,0.7235170602798462
YCR096C,YML133C,0,-0.9975686,0.11801999807357788,0.9651046991348267,0.7236170768737793
YLR165C,YPR166C,0,-0.99876535,0.11800561100244522,0.9651046991348267,0.7237170934677124
YKL062W,YOR193W,0,-0.99897826,0.11799122393131256,0.9651046991348267,0.7238171696662903
YMR160W,YGL142C,0,-0.9990915,0.1179768443107605,0.9651046991348267,0.7239171862602234
YDR196C,YJL109C,0,-0.9990977,0.11796246469020844,0.9651046991348267,0.7240172028541565
YGL115W,YOR242C,0,-0.9991721,0.11794809252023697,0.9651046991348267,0.7241172194480896
YLL013C,YCL064C,0,-0.99923635,0.1179337203502655,0.9651046991348267,0.7242172360420227
YIL079C,YDR137W,0,-0.99931324,0.11791935563087463,0.9651046991348267,0.7243173122406006
YKR096W,YPR178W,0,-0.99945974,0.11790499091148376,0.9651046991348267,0.7244173288345337
YNR071C,YGR276C,0,-1.0003033,0.11789063364267349,0.9651046991348267,0.7245173454284668
YCR089W,YKR102W,1,-1.0005832,0.11799804866313934,0.9661017060279846,0.7245173454284668
YGR244C,YMR300C,0,-1.001158,0.11798368394374847,0.9661017060279846,0.7246173620223999
YDL134C,YKL154W,0,-1.0013323,0.1179693192243576,0.9661017060279846,0.7247174382209778
YBR237W,YHR184W,0,-1.0014453,0.11795496195554733,0.9661017060279846,0.7248174548149109
YHR118C,YML067C,0,-1.001606,0.11794060468673706,0.9661017060279846,0.724917471408844
YLR430W,YPR171W,0,-1.0018208,0.11792624741792679,0.9661017060279846,0.7250174880027771
YDR347W,YDR148C,0,-1.0019431,0.11791189759969711,0.9661017060279846,0.725117564201355
YDR536W,YBR281C,0,-1.0026503,0.11789755523204803,0.9661017060279846,0.7252175807952881
YGL243W,YOR181W,0,-1.0033154,0.11788321286439896,0.9661017060279846,0.7253175973892212
YAL015C,YLR172C,0,-1.0033404,0.11786887049674988,0.9661017060279846,0.7254176139831543
YKL011C,YDR415C,0,-1.0036552,0.1178545355796814,0.9661017060279846,0.7255176305770874
YEL016C,YOR074C,0,-1.0036719,0.11784020066261292,0.9661017060279846,0.7256177067756653
YGR245C,YJL094C,0,-1.0050087,0.11782587319612503,0.9661017060279846,0.7257177233695984
YBL054W,YIL130W,0,-1.0052357,0.11781155318021774,0.9661017060279846,0.7258177399635315
YOR258W,YDR328C,0,-1.0052705,0.11779722571372986,0.9661017060279846,0.7259177565574646
YKL166C,YGR180C,0,-1.0054882,0.11778291314840317,0.9661017060279846,0.7260178327560425
YKL039W,YAL060W,0,-1.0073287,0.11776859313249588,0.9661017060279846,0.7261178493499756
YLR276C,YHR090C,0,-1.0073471,0.11775428056716919,0.9661017060279846,0.7262178659439087
YGR007W,YIL020C,0,-1.0074408,0.1177399754524231,0.9661017060279846,0.7263178825378418
YGR235C,YGR088W,0,-1.0081295,0.117725670337677,0.9661017060279846,0.7264178991317749
YGR159C,YOR150W,0,-1.0093675,0.1177113726735115,0.9661017060279846,0.7265179753303528
YIL156W,YNL325C,0,-1.0132587,0.11769707500934601,0.9661017060279846,0.7266179919242859
YDL035C,YBR006W,0,-1.0138237,0.11768277734518051,0.9661017060279846,0.726718008518219
YLR246W,YPR111W,0,-1.01431,0.11766848713159561,0.9661017060279846,0.7268180251121521
YDR028C,YOR377W,0,-1.0152764,0.11765420436859131,0.9661017060279846,0.72691810131073
YGL070C,YDR309C,0,-1.0164285,0.11763991415500641,0.9661017060279846,0.7270181179046631
YDR359C,YLR291C,0,-1.0166231,0.1176256388425827,0.9661017060279846,0.7271181344985962
YJL225C,YKR101W,0,-1.0167153,0.117611363530159,0.9661017060279846,0.7272181510925293
YPL148C,YGL139W,0,-1.0173051,0.11759708821773529,0.9661017060279846,0.7273181676864624
YMR139W,YML052W,0,-1.0173622,0.11758282035589218,0.9661017060279846,0.7274182438850403
YML094W,YBL090W,0,-1.0182242,0.11756855249404907,0.9661017060279846,0.7275182604789734
YOR252W,YJL216C,0,-1.0186205,0.11755429208278656,0.9661017060279846,0.7276182770729065
YDL110C,YOR258W,0,-1.0207756,0.11754003167152405,0.9661017060279846,0.7277182936668396
YDR406W,YDR372C,0,-1.0208373,0.11752577126026154,0.9661017060279846,0.7278183698654175
YDR052C,YPR063C,0,-1.021419,0.11751151829957962,0.9661017060279846,0.7279183864593506
YJR010C-A,YMR213W,0,-1.0216621,0.1174972727894783,0.9661017060279846,0.7280184030532837
YDR517W,YHL004W,0,-1.0222008,0.11748302727937698,0.9661017060279846,0.7281184196472168
YNL112W,YIL080W,0,-1.0227791,0.11746878176927567,0.9661017060279846,0.7282184362411499
YBR188C,YNL212W,0,-1.0232959,0.11745454370975494,0.9661017060279846,0.7283185124397278
YDR004W,YEL006W,0,-1.0235667,0.11744031310081482,0.9661017060279846,0.7284185290336609
YDR030C,YER115C,0,-1.0241247,0.1174260750412941,0.9661017060279846,0.728518545627594
YGR078C,YBR238C,0,-1.0249299,0.11741185188293457,0.9661017060279846,0.7286185622215271
YGL025C,YPR160W,0,-1.0253327,0.11739762872457504,0.9661017060279846,0.728718638420105
YLR361C,YBR231C,0,-1.026611,0.11738340556621552,0.9661017060279846,0.7288186550140381
YDR363W-A,YLR016C,0,-1.0269247,0.11736918240785599,0.9661017060279846,0.7289186716079712
YKL198C,YOR175C,0,-1.0269654,0.11735497415065765,0.9661017060279846,0.7290186882019043
YLL024C,YIL148W,0,-1.0278871,0.11734075844287872,0.9661017060279846,0.7291187644004822
YGR095C,YOL059W,0,-1.0287374,0.11732655018568039,0.9661017060279846,0.7292187809944153
YKR026C,YHR092C,0,-1.029115,0.11731234937906265,0.9661017060279846,0.7293187975883484
YER048W-A,YGL190C,0,-1.0312545,0.11729814857244492,0.9661017060279846,0.7294188141822815
YJR108W,YDR449C,0,-1.0313325,0.11728394776582718,0.9661017060279846,0.7295188307762146
YKR068C,YKL144C,0,-1.031652,0.11726975440979004,0.9661017060279846,0.7296189069747925
YPL068C,YDR105C,0,-1.0330124,0.1172555685043335,0.9661017060279846,0.7297189235687256
YLR099C,YGR158C,0,-1.0332141,0.11724138259887695,0.9661017060279846,0.7298189401626587
YBR162W-A,YLR100W,0,-1.03329,0.11722719669342041,0.9661017060279846,0.7299189567565918
YPR097W,YPR167C,0,-1.0335464,0.11721301823854446,0.9661017060279846,0.7300190329551697
YNR013C,YIL106W,0,-1.0337172,0.11719883978366852,0.9661017060279846,0.7301190495491028
YGL227W,YBR072W,0,-1.0351617,0.11718466877937317,0.9661017060279846,0.7302190661430359
YMR049C,YNL068C,0,-1.0356768,0.11717049777507782,0.9661017060279846,0.730319082736969
YFR030W,YIL027C,0,-1.0358706,0.11715632677078247,0.9661017060279846,0.7304190993309021
YLR185W,YNL223W,0,-1.0369152,0.11714216321706772,0.9661017060279846,0.73051917552948
YBR029C,YJR053W,0,-1.0369253,0.11712800711393356,0.9661017060279846,0.7306191921234131
YAR050W,YLR314C,1,-1.0400932,0.1172347143292427,0.9670987129211426,0.7306191921234131
YJR110W,YHR081W,0,-1.0401881,0.11722054332494736,0.9670987129211426,0.7307192087173462
YPR071W,YCR002C,0,-1.041924,0.1172063797712326,0.9670987129211426,0.7308192253112793
YGR145W,YML127W,0,-1.0419918,0.11719221621751785,0.9670987129211426,0.7309193015098572
YCL055W,YLR007W,0,-1.0420504,0.1171780601143837,0.9670987129211426,0.7310193181037903
YML082W,YGR283C,0,-1.042402,0.11716391146183014,0.9670987129211426,0.7311193346977234
YIL115C,YDR120C,0,-1.0428295,0.11714975535869598,0.9670987129211426,0.7312193512916565
YGL094C,YGR062C,0,-1.044158,0.11713561415672302,0.9670987129211426,0.7313193678855896
YDR545W,YCL047C,0,-1.0444926,0.11712146550416946,0.9670987129211426,0.7314194440841675
YBL038W,YMR313C,0,-1.0450405,0.1171073317527771,0.9670987129211426,0.7315194606781006
YER117W,YNR059W,0,-1.045531,0.11709319055080414,0.9670987129211426,0.7316194772720337
YCR004C,YBR001C,0,-1.0458328,0.11707905679941177,0.9670987129211426,0.7317194938659668
YDL189W,YOR054C,0,-1.0460943,0.1170649304986,0.9670987129211426,0.7318195700645447
YMR262W,YDR468C,0,-1.0462236,0.11705080419778824,0.9670987129211426,0.7319195866584778
YDR383C,YPL119C,0,-1.046768,0.11703667789697647,0.9670987129211426,0.7320196032524109
YMR286W,YOL040C,0,-1.0473354,0.1170225590467453,0.9670987129211426,0.732119619846344
YLR370C,YAL011W,0,-1.0475672,0.11700844019651413,0.9670987129211426,0.7322196364402771
YNL240C,YJL143W,0,-1.0484824,0.11699432879686356,0.9670987129211426,0.732319712638855
YFR007W,YPR187W,0,-1.0485619,0.11698022484779358,0.9670987129211426,0.7324197292327881
YNL110C,YNL172W,0,-1.0490841,0.116966113448143,0.9670987129211426,0.7325197458267212
YKR064W,YML088W,0,-1.0494137,0.11695201694965363,0.9670987129211426,0.7326197624206543
YOR380W,YER174C,0,-1.04972,0.11693791300058365,0.9670987129211426,0.7327198386192322
YIL038C,YHL019C,0,-1.0498927,0.11692381650209427,0.9670987129211426,0.7328198552131653
YJL087C,YHR035W,0,-1.0504118,0.11690972745418549,0.9670987129211426,0.7329198718070984
YER087W,YOR372C,0,-1.0509588,0.1168956384062767,0.9670987129211426,0.7330198884010315
YLR429W,YNL213C,0,-1.0522873,0.11688154935836792,0.9670987129211426,0.7331199645996094
YOR275C,YGL098W,0,-1.0531428,0.11686746776103973,0.9670987129211426,0.7332199811935425
YLR291C,YDR387C,0,-1.0532978,0.11685339361429214,0.9670987129211426,0.7333199977874756
YLR283W,YKL051W,0,-1.0535592,0.11683931946754456,0.9670987129211426,0.7334200143814087
YFR038W,YMR289W,0,-1.0542611,0.11682524532079697,0.9670987129211426,0.7335200309753418
YBR245C,YGL122C,0,-1.0552826,0.11681117862462997,0.9670987129211426,0.7336201071739197
YDR369C,YML045W,0,-1.055285,0.11679711192846298,0.9670987129211426,0.7337201237678528
YBL112C,YGL142C,0,-1.0553892,0.11678304523229599,0.9670987129211426,0.7338201403617859
YOR090C,YGL083W,0,-1.055525,0.11676899343729019,0.9670987129211426,0.733920156955719
YJL033W,YOR306C,0,-1.0555587,0.1167549341917038,0.9670987129211426,0.7340202331542969
YBR058C-A,YKL058W,0,-1.0556834,0.116740882396698,0.9670987129211426,0.73412024974823
YLR411W,YDL099W,0,-1.0557568,0.1167268380522728,0.9670987129211426,0.7342202663421631
YLR207W,YDR122W,0,-1.0559049,0.1167127937078476,0.9670987129211426,0.7343202829360962
YLL021W,YDR517W,0,-1.0564831,0.1166987493634224,0.9670987129211426,0.7344202995300293
YGR274C,YML091C,0,-1.0574127,0.11668471246957779,0.9670987129211426,0.7345203757286072
YDR392W,YPR035W,0,-1.0577366,0.11667067557573318,0.9670987129211426,0.7346203923225403
YJL206C,YHR122W,0,-1.057841,0.11665664613246918,0.9670987129211426,0.7347204089164734
YER022W,YLR289W,0,-1.0594192,0.11664261668920517,0.9670987129211426,0.7348204255104065
YNR031C,YGR285C,0,-1.0605617,0.11662859469652176,0.9670987129211426,0.7349205017089844
YLR383W,YJL165C,0,-1.0609183,0.11661457270383835,0.9670987129211426,0.7350205183029175
YNL166C,YOR241W,0,-1.0610259,0.11660055071115494,0.9670987129211426,0.7351205348968506
YDR434W,YMR261C,0,-1.0610957,0.11658653616905212,0.9670987129211426,0.7352205514907837
YML005W,YNL232W,0,-1.061183,0.11657252907752991,0.9670987129211426,0.7353205680847168
YMR020W,YHR076W,0,-1.0613489,0.11655852198600769,0.9670987129211426,0.7354206442832947
YOL102C,YGR003W,0,-1.0614591,0.11654451489448547,0.9670987129211426,0.7355206608772278
YMR201C,YBR112C,0,-1.0621681,0.11653051525354385,0.9670987129211426,0.7356206774711609
YJR138W,YML034W,0,-1.0624924,0.11651651561260223,0.9670987129211426,0.735720694065094
YLR019W,YJR029W,0,-1.0630348,0.11650252342224121,0.9670987129211426,0.7358207702636719
YER033C,YOL065C,0,-1.0630429,0.11648853123188019,0.9670987129211426,0.735920786857605
YDR296W,YKR079C,0,-1.0630574,0.11647454649209976,0.9670987129211426,0.7360208034515381
YPR096C,YPL098C,0,-1.0635126,0.11646056175231934,0.9670987129211426,0.7361208200454712
YIL093C,YJL041W,0,-1.0644599,0.11644657701253891,0.9670987129211426,0.7362208366394043
YML092C,YLR203C,0,-1.0648202,0.11643259972333908,0.9670987129211426,0.7363209128379822
YPR032W,YLR238W,0,-1.0650126,0.11641862988471985,0.9670987129211426,0.7364209294319153
YEL012W,YAR015W,0,-1.0650445,0.11640465259552002,0.9670987129211426,0.7365209460258484
YCR009C,YBR146W,0,-1.0675204,0.11639069020748138,0.9670987129211426,0.7366209626197815
YBR150C,YNL189W,0,-1.0675867,0.11637672781944275,0.9670987129211426,0.7367210388183594
YGR089W,YDL059C,0,-1.067637,0.11636276543140411,0.9670987129211426,0.7368210554122925
YGL058W,YPR178W,0,-1.0680501,0.11634880304336548,0.9670987129211426,0.7369210720062256
YGR099W,YOR257W,0,-1.0692267,0.11633485555648804,0.9670987129211426,0.7370210886001587
YHR064C,YGR027C,0,-1.0694633,0.11632090061903,0.9670987129211426,0.7371211647987366
YDL210W,YLR016C,0,-1.0697234,0.11630695313215256,0.9670987129211426,0.7372211813926697
YDR296W,YGR276C,0,-1.0698453,0.11629301309585571,0.9670987129211426,0.7373211979866028
YIL035C,YJL165C,0,-1.0704411,0.11627907305955887,0.9670987129211426,0.7374212145805359
YHR067W,YER103W,0,-1.0706779,0.11626513302326202,0.9670987129211426,0.737521231174469
YPR091C,YGR193C,0,-1.0707427,0.11625120043754578,0.9670987129211426,0.7376213073730469
YEL062W,YPL209C,0,-1.0715659,0.11623726785182953,0.9670987129211426,0.73772132396698
YGR005C,YNL213C,0,-1.0722352,0.11622334271669388,0.9670987129211426,0.7378213405609131
YJR049C,YGR070W,0,-1.0729327,0.11620941758155823,0.9670987129211426,0.7379213571548462
YCR052W,YJR082C,0,-1.0736725,0.11619549244642258,0.9670987129211426,0.7380214333534241
YMR262W,YKR096W,0,-1.074174,0.11618158221244812,0.9670987129211426,0.7381214499473572
YOL096C,YDL142C,0,-1.0744896,0.11616766452789307,0.9670987129211426,0.7382214665412903
YGL067W,YFL047W,0,-1.0763072,0.11615375429391861,0.9670987129211426,0.7383214831352234
YBR177C,YPL176C,0,-1.0763208,0.11613984405994415,0.9670987129211426,0.7384214997291565
YJR131W,YPR070W,0,-1.0774019,0.11612594127655029,0.9670987129211426,0.7385215759277344
YMR168C,YLR014C,0,-1.0779178,0.11611203849315643,0.9670987129211426,0.7386215925216675
YKL149C,YDR120C,0,-1.0780324,0.11609814316034317,0.9670987129211426,0.7387216091156006
YBL025W,YPL252C,0,-1.0784118,0.11608424782752991,0.9670987129211426,0.7388216257095337
YPL011C,YNL131W,0,-1.0796056,0.11607035994529724,0.9670987129211426,0.7389217019081116
YML076C,YMR002W,0,-1.0799007,0.11605647206306458,0.9670987129211426,0.7390217185020447
YJR126C,YER013W,0,-1.081006,0.1160425916314125,0.9670987129211426,0.7391217350959778
YDL031W,YOR101W,0,-1.0813344,0.11602871119976044,0.9670987129211426,0.7392217516899109
YDR092W,YLL040C,0,-1.0832384,0.11601483076810837,0.9670987129211426,0.739321768283844
YMR223W,YDR062W,0,-1.0838702,0.1160009577870369,0.9670987129211426,0.7394218444824219
YOR096W,YJR005W,0,-1.0842905,0.11598708480596542,0.9670987129211426,0.739521861076355
YGR080W,YDR415C,0,-1.0843546,0.11597321927547455,0.9670987129211426,0.7396218776702881
YMR193W,YHR205W,0,-1.0845205,0.11595935374498367,0.9670987129211426,0.7397218942642212
YNL293W,YLR450W,0,-1.0845647,0.1159454956650734,0.9670987129211426,0.7398219704627991
YHR011W,YDR376W,0,-1.0846041,0.11593163758516312,0.9670987129211426,0.7399219870567322
YFL048C,YBL021C,0,-1.0851047,0.11591777950525284,0.9670987129211426,0.7400220036506653
YNL191W,YGR006W,0,-1.0856048,0.11590392887592316,0.9670987129211426,0.7401220202445984
YOR243C,YHR024C,0,-1.087298,0.11589008569717407,0.9670987129211426,0.7402220368385315
YDR146C,YML027W,0,-1.0881171,0.11587624251842499,0.9670987129211426,0.7403221130371094
YOR290C,YPR148C,0,-1.0881631,0.1158623993396759,0.9670987129211426,0.7404221296310425
YPR071W,YKR095W,0,-1.0884771,0.11584856361150742,0.9670987129211426,0.7405221462249756
YIL098C,YBR257W,0,-1.0891697,0.11583472788333893,0.9670987129211426,0.7406221628189087
YDR508C,YPL269W,0,-1.0895734,0.11582089215517044,0.9670987129211426,0.7407222390174866
YPL011C,YBL076C,0,-1.0899858,0.11580707132816315,0.9670987129211426,0.7408222556114197
YLR115W,YJL180C,0,-1.0914338,0.11579324305057526,0.9670987129211426,0.7409222722053528
YNR028W,YJL124C,0,-1.0917048,0.11577942222356796,0.9670987129211426,0.7410222887992859
YOR224C,YNL207W,0,-1.0918462,0.11576560139656067,0.9670987129211426,0.7411223649978638
YDL137W,YER127W,0,-1.0924042,0.11575178802013397,0.9670987129211426,0.7412223815917969
YDR320C,YML092C,0,-1.0937493,0.11573798209428787,0.9670987129211426,0.74132239818573
YHR079C,YDR443C,0,-1.0940304,0.11572416871786118,0.9670987129211426,0.7414224147796631
YMR273C,YMR131C,0,-1.0946484,0.11571036279201508,0.9670987129211426,0.7415224313735962
YGL067W,YLR107W,0,-1.0954156,0.11569656431674957,0.9670987129211426,0.7416225075721741
YIL052C,YMR149W,0,-1.0963163,0.11568276584148407,0.9670987129211426,0.7417225241661072
YJL033W,YIL108W,0,-1.096837,0.11566897481679916,0.9670987129211426,0.7418225407600403
YGR170W,YGL155W,0,-1.0972117,0.11565518379211426,0.9670987129211426,0.7419225573539734
YDR398W,YNL041C,0,-1.0980461,0.11564139276742935,0.9670987129211426,0.7420226335525513
YJL114W,YGL216W,0,-1.0985525,0.11562760919332504,0.9670987129211426,0.7421226501464844
YKL217W,YGR241C,0,-1.09858,0.11561382561922073,0.9670987129211426,0.7422226667404175
YIL108W,YOR046C,0,-1.0986161,0.11560004949569702,0.9670987129211426,0.7423226833343506
YKR088C,YDL106C,0,-1.0987431,0.11558627337217331,0.9670987129211426,0.7424226999282837
YLL066C,YOR060C,0,-1.0990909,0.1155724972486496,0.9670987129211426,0.7425227761268616
YHR033W,YKR079C,0,-1.1002085,0.11555873602628708,0.9670987129211426,0.7426227927207947
YMR281W,YJR118C,0,-1.1023968,0.11554496735334396,0.9670987129211426,0.7427228093147278
YKR014C,YHR167W,0,-1.1027741,0.11553120613098145,0.9670987129211426,0.7428228259086609
YGL128C,YPL074W,0,-1.1034294,0.11551744490861893,0.9670987129211426,0.7429229021072388
YDL198C,YDL190C,0,-1.1037662,0.115503691136837,0.9670987129211426,0.7430229187011719
YNL191W,YPL196W,0,-1.1048293,0.11548993736505508,0.9670987129211426,0.743122935295105
YHR214C-B,YDR288W,0,-1.1057551,0.11547619104385376,0.9670987129211426,0.7432229518890381
YPR091C,YAL056W,0,-1.106613,0.11546244472265244,0.9670987129211426,0.7433229684829712
YOR228C,YDR240C,0,-1.1069943,0.11544870585203171,0.9670987129211426,0.7434230446815491
YLR448W,YDR038C,0,-1.1073118,0.11543496698141098,0.9670987129211426,0.7435230612754822
YDR137W,YPR111W,0,-1.1075432,0.11542122811079025,0.9670987129211426,0.7436230778694153
YOR216C,YPL194W,0,-1.1083431,0.11540749669075012,0.9670987129211426,0.7437230944633484
YDR127W,YER029C,0,-1.1087309,0.11539376527070999,0.9670987129211426,0.7438231706619263
YBR274W,YDL030W,0,-1.1089692,0.11538004130125046,0.9670987129211426,0.7439231872558594
YBR166C,YLR187W,0,-1.1095059,0.11536631733179092,0.9670987129211426,0.7440232038497925
YDR052C,YDR469W,0,-1.1095651,0.11535260081291199,0.9670987129211426,0.7441232204437256
YPR196W,YJL057C,0,-1.10972,0.11533888429403305,0.9670987129211426,0.7442232966423035
YCL052C,YHR158C,0,-1.1102,0.11532516777515411,0.9670987129211426,0.7443233132362366
YDL028C,YGR129W,0,-1.1102157,0.11531145870685577,0.9670987129211426,0.7444233298301697
YDL184C,YPR063C,0,-1.1106676,0.11529775708913803,0.9670987129211426,0.7445233464241028
YDR512C,YMR149W,0,-1.110712,0.11528404802083969,0.9670987129211426,0.7446233630180359
YNL191W,YNL297C,0,-1.1115636,0.11527035385370255,0.9670987129211426,0.7447234392166138
YMR282C,YGL092W,0,-1.1118684,0.1152566522359848,0.9670987129211426,0.7448234558105469
YLL061W,YLL057C,0,-1.1121018,0.11524295806884766,0.9670987129211426,0.74492347240448
YPL254W,YPL174C,0,-1.1121476,0.11522927135229111,0.9670987129211426,0.7450234889984131
YLR352W,YER063W,0,-1.1124517,0.11521558463573456,0.9670987129211426,0.745123565196991
YKR096W,YJL072C,0,-1.113239,0.11520189791917801,0.9670987129211426,0.7452235817909241
YMR211W,YIL138C,0,-1.113341,0.11518821865320206,0.9670987129211426,0.7453235983848572
YDR130C,YLR221C,0,-1.1134712,0.1151745393872261,0.9670987129211426,0.7454236149787903
YDR367W,YLR450W,0,-1.1137602,0.11516086757183075,0.9670987129211426,0.7455236315727234
YLL024C,YBR067C,1,-1.1140583,0.11526590585708618,0.9680957198143005,0.7455236315727234
YJL179W,YJR078W,0,-1.1172643,0.11525222659111023,0.9680957198143005,0.7456237077713013
YCR016W,YBR107C,0,-1.1178026,0.11523854732513428,0.9680957198143005,0.7457237243652344
YDR296W,YMR142C,0,-1.1181674,0.11522487550973892,0.9680957198143005,0.7458237409591675
YAR002C-A,YDR252W,0,-1.1190084,0.11521120369434357,0.9680957198143005,0.7459237575531006
YDR160W,YOR074C,0,-1.119167,0.11519753187894821,0.9680957198143005,0.7460238337516785
YDL209C,YDL077C,0,-1.1192168,0.11518386751413345,0.9680957198143005,0.7461238503456116
YBR086C,YNL073W,0,-1.1193299,0.1151702031493187,0.9680957198143005,0.7462238669395447
YMR016C,YDR145W,0,-1.1201227,0.11515654623508453,0.9680957198143005,0.7463238835334778
YLL024C,YPR178W,0,-1.1205199,0.11514288932085037,0.9680957198143005,0.7464239001274109
YHR017W,YJR102C,0,-1.1210217,0.11512923985719681,0.9680957198143005,0.7465239763259888
YEL013W,YCL055W,0,-1.1219637,0.11511559039354324,0.9680957198143005,0.7466239929199219
YHR090C,YOR127W,0,-1.1221998,0.11510194092988968,0.9680957198143005,0.746724009513855
YLR200W,YJL143W,0,-1.1224239,0.11508829891681671,0.9680957198143005,0.7468240261077881
YHR066W,YNL161W,0,-1.1231372,0.11507466435432434,0.9680957198143005,0.746924102306366
YAL059W,YLR145W,0,-1.1264781,0.11506102979183197,0.9680957198143005,0.7470241189002991
YDR359C,YIL115C,0,-1.1273882,0.1150473952293396,0.9680957198143005,0.7471241354942322
YDR189W,YJL208C,0,-1.1274782,0.11503376066684723,0.9680957198143005,0.7472241520881653
YIL030C,YDR226W,0,-1.1275442,0.11502014100551605,0.9680957198143005,0.7473241686820984
YCR089W,YKR042W,1,-1.1278539,0.11512495577335358,0.9690927267074585,0.7473241686820984
YHR204W,YKL126W,0,-1.1281171,0.1151113212108612,0.9690927267074585,0.7474242448806763
YLR371W,YNL192W,0,-1.1292017,0.11509769409894943,0.9690927267074585,0.7475242614746094
YIL098C,YOR110W,0,-1.1293368,0.11508406698703766,0.9690927267074585,0.7476242780685425
YML047C,YCR009C,0,-1.1300426,0.11507043987512589,0.9690927267074585,0.7477242946624756
YHR149C,YLR394W,0,-1.1310265,0.11505682021379471,0.9690927267074585,0.7478243708610535
YKR031C,YMR051C,0,-1.1312822,0.11504320055246353,0.9690927267074585,0.7479243874549866
YCL057W,YBR251W,0,-1.1314576,0.11502958834171295,0.9690927267074585,0.7480244040489197
YPR152C,YER147C,0,-1.1325805,0.11501597613096237,0.9690927267074585,0.7481244206428528
YOL026C,YHR090C,0,-1.1326932,0.11500236392021179,0.9690927267074585,0.7482244968414307
YIL051C,YPR043W,0,-1.134678,0.11498875916004181,0.9690927267074585,0.7483245134353638
YPL040C,YOR271C,0,-1.1348417,0.11497516185045242,0.9690927267074585,0.7484245300292969
YIL008W,YDR399W,0,-1.134883,0.11496156454086304,0.9690927267074585,0.74852454662323
YOL136C,YNL086W,0,-1.1360782,0.11494796723127365,0.9690927267074585,0.7486245632171631
YOL107W,YNL210W,0,-1.1361873,0.11493437737226486,0.9690927267074585,0.748724639415741
YPL110C,YCR046C,0,-1.1364468,0.11492078751325607,0.9690927267074585,0.7488246560096741
YOL029C,YIL144W,0,-1.1368948,0.11490719765424728,0.9690927267074585,0.7489246726036072
YGR274C,YOR377W,0,-1.1369138,0.11489361524581909,0.9690927267074585,0.7490246891975403
YBR286W,YBL013W,0,-1.1371248,0.1148800402879715,0.9690927267074585,0.7491247653961182
YBR276C,YER041W,0,-1.1371874,0.1148664653301239,0.9690927267074585,0.7492247819900513
YOL092W,YMR235C,0,-1.137413,0.1148528903722763,0.9690927267074585,0.7493247985839844
YGR083C,YBL057C,0,-1.1381155,0.11483932286500931,0.9690927267074585,0.7494248151779175
YAL005C,YDR261C,1,-1.1388808,0.11494388431310654,0.9700897336006165,0.7494248151779175
YGL129C,YDR190C,0,-1.1394119,0.11493030935525894,0.9700897336006165,0.7495248317718506
YDR325W,YBR042C,0,-1.139827,0.11491673439741135,0.9700897336006165,0.7496249079704285
YNL221C,YDL076C,0,-1.1405137,0.11490316689014435,0.9700897336006165,0.7497249245643616
YJR092W,YKR027W,0,-1.1408148,0.11488959938287735,0.9700897336006165,0.7498249411582947
YPL207W,YDR218C,0,-1.1408513,0.11487603187561035,0.9700897336006165,0.7499249577522278
YDL003W,YHR051W,0,-1.141087,0.11486247181892395,0.9700897336006165,0.7500250339508057
YKL051W,YOL019W,0,-1.1424708,0.11484891176223755,0.9700897336006165,0.7501250505447388
YER070W,YNL048W,0,-1.1428084,0.11483535915613174,0.9700897336006165,0.7502250671386719
YHR109W,YOR009W,0,-1.1428089,0.11482180655002594,0.9700897336006165,0.750325083732605
YER099C,YKL183W,0,-1.1429251,0.11480826139450073,0.9700897336006165,0.7504251003265381
YDR444W,YER070W,0,-1.1441712,0.11479471623897552,0.9700897336006165,0.750525176525116
YPR159W,YER013W,0,-1.1449797,0.11478117108345032,0.9700897336006165,0.7506251931190491
YDR289C,YOR322C,0,-1.144986,0.1147676333785057,0.9700897336006165,0.7507252097129822
YMR215W,YER049W,0,-1.1453822,0.1147540956735611,0.9700897336006165,0.7508252263069153
YJL046W,YGL087C,0,-1.145817,0.11474056541919708,0.9700897336006165,0.7509253025054932
YDL054C,YGL084C,0,-1.1475606,0.11472703516483307,0.9700897336006165,0.7510253190994263
YOR288C,YHR119W,0,-1.1475646,0.11471351236104965,0.9700897336006165,0.7511253356933594
YER176W,YGR104C,0,-1.1476634,0.11469998955726624,0.9700897336006165,0.7512253522872925
YDR421W,YLR188W,0,-1.147881,0.11468646675348282,0.9700897336006165,0.7513253688812256
YOL142W,YDR021W,0,-1.1482995,0.11467295140028,0.9700897336006165,0.7514254450798035
YLR145W,YDL031W,0,-1.1484103,0.11465943604707718,0.9700897336006165,0.7515254616737366
YFR033C,YGR113W,0,-1.1484437,0.11464592814445496,0.9700897336006165,0.7516254782676697
YHR135C,YKR093W,0,-1.1484692,0.11463242024183273,0.9700897336006165,0.7517254948616028
YLR126C,YLR107W,0,-1.148966,0.11461891978979111,0.9700897336006165,0.7518255710601807
YOL139C,YOR271C,0,-1.1497208,0.11460541933774948,0.9700897336006165,0.7519255876541138
YMR281W,YPL106C,0,-1.1498835,0.11459191888570786,0.9700897336006165,0.7520256042480469
YKL069W,YER175C,0,-1.150576,0.11457842588424683,0.9700897336006165,0.75212562084198
YKR064W,YGR193C,0,-1.1507835,0.1145649328827858,0.9700897336006165,0.7522256970405579
YIL002C,YML129C,0,-1.152373,0.11455144733190536,0.9700897336006165,0.752325713634491
YOR079C,YNR015W,0,-1.1524582,0.11453796178102493,0.9700897336006165,0.7524257302284241
YKR069W,YMR002W,0,-1.152508,0.1145244836807251,0.9700897336006165,0.7525257468223572
YAL020C,YGR055W,0,-1.1531754,0.11451100558042526,0.9700897336006165,0.7526257634162903
YBR223C,YCL018W,0,-1.1541404,0.11449752748012543,0.9700897336006165,0.7527258396148682
YLR176C,YGR229C,0,-1.1542001,0.11448405683040619,0.9700897336006165,0.7528258562088013
YKL165C,YGR059W,1,-1.1553645,0.11458823829889297,0.9710867404937744,0.7528258562088013
YER176W,YLR352W,0,-1.155932,0.11457475274801254,0.9710867404937744,0.7529258728027344
YGR059W,YPR026W,1,-1.1566356,0.11467889696359634,0.9720837473869324,0.7529258728027344
YOR278W,YNL288W,0,-1.1567466,0.11466541141271591,0.9720837473869324,0.7530258893966675
YGR026W,YPL253C,0,-1.1569963,0.11465192586183548,0.9720837473869324,0.7531259655952454
YEL012W,YHR113W,0,-1.1571403,0.11463844776153564,0.9720837473869324,0.7532259821891785
YHR209W,YJL214W,0,-1.1572165,0.11462496966123581,0.9720837473869324,0.7533259987831116
YDR287W,YLL041C,0,-1.1577799,0.11461149901151657,0.9720837473869324,0.7534260153770447
YLR323C,YHR117W,0,-1.1578413,0.11459802836179733,0.9720837473869324,0.7535260319709778
YNL079C,YNL231C,0,-1.1581897,0.1145845577120781,0.9720837473869324,0.7536261081695557
YIL171W,YDR046C,0,-1.1588694,0.11457109451293945,0.9720837473869324,0.7537261247634888
YMR262W,YCR026C,0,-1.158898,0.11455763131380081,0.9720837473869324,0.7538261413574219
YGR281W,YGL019W,0,-1.1593342,0.11454417556524277,0.9720837473869324,0.753926157951355
YLR032W,YJL058C,0,-1.1603351,0.11453071981668472,0.9720837473869324,0.7540262341499329
YGR216C,YEL006W,0,-1.1603364,0.11451726406812668,0.9720837473869324,0.754126250743866
YML099C,YML023C,0,-1.1606836,0.11450381577014923,0.9720837473869324,0.7542262673377991
YAL043C,YAL024C,0,-1.1612316,0.11449036747217178,0.9720837473869324,0.7543262839317322
YIL123W,YMR125W,0,-1.1615984,0.11447692662477493,0.9720837473869324,0.7544263005256653
YLL034C,YML043C,0,-1.161778,0.11446348577737808,0.9720837473869324,0.7545263767242432
YGR205W,YJR036C,0,-1.1620444,0.11445005238056183,0.9720837473869324,0.7546263933181763
YOR257W,YHR175W,0,-1.1621517,0.11443661898374557,0.9720837473869324,0.7547264099121094
YOL023W,YFR040W,0,-1.163456,0.11442319303750992,0.9720837473869324,0.7548264265060425
YBR276C,YKL014C,0,-1.1646459,0.11440975964069366,0.9720837473869324,0.7549265027046204
YML082W,YLL024C,0,-1.1660149,0.1143963411450386,0.9720837473869324,0.7550265192985535
YDR065W,YJL134W,0,-1.1670413,0.11438291519880295,0.9720837473869324,0.7551265358924866
YDR404C,YLR037C,0,-1.1682923,0.11436950415372849,0.9720837473869324,0.7552265524864197
YPL056C,YHL025W,0,-1.1685598,0.11435608565807343,0.9720837473869324,0.7553265690803528
YBL005W,YGL098W,0,-1.168896,0.11434267461299896,0.9720837473869324,0.7554266452789307
YPL138C,YGR097W,0,-1.168904,0.1143292710185051,0.9720837473869324,0.7555266618728638
YOR206W,YOR151C,0,-1.1689844,0.11431585997343063,0.9720837473869324,0.7556266784667969
YLR084C,YPL163C,1,-1.1699561,0.11441969871520996,0.9730807542800903,0.7556266784667969
YPR161C,YKR038C,0,-1.1703049,0.1144062802195549,0.9730807542800903,0.75572669506073
YDL230W,YLL011W,0,-1.1705587,0.11439287662506104,0.9730807542800903,0.7558267712593079
YLR004C,YDR534C,0,-1.1706336,0.11437946557998657,0.9730807542800903,0.755926787853241
YDR173C,YLL027W,0,-1.1729221,0.1143660619854927,0.9730807542800903,0.7560268044471741
YKL051W,YOL007C,0,-1.1733258,0.11435266584157944,0.9730807542800903,0.7561268210411072
YGR221C,YJR143C,0,-1.173329,0.11433926969766617,0.9730807542800903,0.7562268972396851
YDL018C,YER149C,0,-1.1735734,0.1143258735537529,0.9730807542800903,0.7563269138336182
YCR002C,YGR059W,1,-1.1736305,0.11442960798740387,0.9740777611732483,0.7563269138336182
YKL054C,YDR511W,0,-1.1738516,0.11441620439291,0.9740777611732483,0.7564269304275513
YDR096W,YKR097W,0,-1.1739706,0.11440280824899673,0.9740777611732483,0.7565269470214844
YKR050W,YOR138C,0,-1.1749418,0.11438941210508347,0.9740777611732483,0.7566269636154175
YMR117C,YMR045C,0,-1.1752309,0.1143760234117508,0.9740777611732483,0.7567270398139954
YPR011C,YPL097W,0,-1.1754491,0.11436263471841812,0.9740777611732483,0.7568270564079285
YDR420W,YDR411C,0,-1.1758924,0.11434925347566605,0.9740777611732483,0.7569270730018616
YOR299W,YJL011C,0,-1.1759329,0.11433587223291397,0.9740777611732483,0.7570270895957947
YAL034W-A,YOR316C,0,-1.1791873,0.1143224909901619,0.9740777611732483,0.7571271657943726
YGL129C,YOL107W,0,-1.1792179,0.11430911719799042,0.9740777611732483,0.7572271823883057
YOR357C,YNL182C,0,-1.179396,0.11429574340581894,0.9740777611732483,0.7573271989822388
YNL147W,YPL135W,0,-1.18027,0.11428236961364746,0.9740777611732483,0.7574272155761719
YLL024C,YGL209W,0,-1.1807077,0.11426900327205658,0.9740777611732483,0.757527232170105
YMR179W,YIL150C,0,-1.1810133,0.1142556443810463,0.9740777611732483,0.7576273083686829
YLL018C,YPL176C,0,-1.1815081,0.11424228549003601,0.9740777611732483,0.757727324962616
YOR386W,YMR012W,0,-1.1817257,0.11422892659902573,0.9740777611732483,0.7578273415565491
YBR172C,YGR220C,0,-1.182579,0.11421557515859604,0.9740777611732483,0.7579273581504822
YGL163C,YPL180W,0,-1.1840687,0.11420222371816635,0.9740777611732483,0.7580274343490601
YHL038C,YLR130C,0,-1.1851382,0.11418887227773666,0.9740777611732483,0.7581274509429932
YOR243C,YOR001W,0,-1.1854981,0.11417552828788757,0.9740777611732483,0.7582274675369263
YKL078W,YLR032W,0,-1.1856868,0.11416218429803848,0.9740777611732483,0.7583274841308594
YNR044W,YGL070C,0,-1.1858635,0.11414884775876999,0.9740777611732483,0.7584275007247925
YBR175W,YBR095C,0,-1.1863202,0.1141355112195015,0.9740777611732483,0.7585275769233704
YFL023W,YGR165W,0,-1.1871331,0.1141221821308136,0.9740777611732483,0.7586275935173035
YML076C,YDR328C,0,-1.187144,0.1141088530421257,0.9740777611732483,0.7587276101112366
YMR217W,YOL123W,0,-1.1872319,0.1140955239534378,0.9740777611732483,0.7588276267051697
YCL001W,YER071C,0,-1.1872911,0.1140822023153305,0.9740777611732483,0.7589277029037476
YLR209C,YGL253W,0,-1.1874495,0.1140688881278038,0.9740777611732483,0.7590277194976807
YIL160C,YPL196W,0,-1.1876758,0.1140555664896965,0.9740777611732483,0.7591277360916138
YMR163C,YPR125W,0,-1.1880236,0.1140422523021698,0.9740777611732483,0.7592277526855469
YMR321C,YPL215W,0,-1.1887805,0.1140289455652237,0.9740777611732483,0.75932776927948
YPR198W,YKL186C,0,-1.1897511,0.11401563882827759,0.9740777611732483,0.7594278454780579
YDR159W,YKL114C,0,-1.190247,0.11400233209133148,0.9740777611732483,0.759527862071991
YDR144C,YNL068C,0,-1.190911,0.11398903280496597,0.9740777611732483,0.7596278786659241
YGR179C,YBR107C,0,-1.1918461,0.11397573351860046,0.9740777611732483,0.7597278952598572
YML060W,YOR157C,0,-1.1919928,0.11396244168281555,0.9740777611732483,0.7598279714584351
YNL208W,YLR316C,0,-1.192164,0.11394914984703064,0.9740777611732483,0.7599279880523682
YMR077C,YPL116W,0,-1.1925204,0.11393585801124573,0.9740777611732483,0.7600280046463013
YMR247C,YMR239C,0,-1.192761,0.11392257362604141,0.9740777611732483,0.7601280212402344
YML059C,YNL132W,0,-1.1929381,0.1139092892408371,0.9740777611732483,0.7602280974388123
YOL078W,YOR048C,0,-1.1944172,0.11389601230621338,0.9740777611732483,0.7603281140327454
YJL004C,YHR012W,0,-1.1949931,0.11388273537158966,0.9740777611732483,0.7604281306266785
YOL032W,YPR030W,0,-1.1952819,0.11386946588754654,0.9740777611732483,0.7605281472206116
YJL129C,YKR095W,0,-1.1966478,0.11385619640350342,0.9740777611732483,0.7606281638145447
YJR025C,YJL003W,0,-1.1966479,0.1138429269194603,0.9740777611732483,0.7607282400131226
YML082W,YMR186W,0,-1.1967554,0.11382966488599777,0.9740777611732483,0.7608282566070557
YKL051W,YKR077W,0,-1.1970241,0.11381640285253525,0.9740777611732483,0.7609282732009888
YGL158W,YOR380W,0,-1.1980598,0.11380314826965332,0.9740777611732483,0.7610282897949219
YHR086W,YJL178C,0,-1.1981409,0.11378989368677139,0.9740777611732483,0.7611283659934998
YKL045W,YFR021W,0,-1.1986499,0.11377663910388947,0.9740777611732483,0.7612283825874329
YLR309C,YLR446W,0,-1.1986885,0.11376339197158813,0.9740777611732483,0.761328399181366
YJR097W,YGR104C,0,-1.1999937,0.1137501448392868,0.9740777611732483,0.7614284157752991
YOR335C,YPR168W,0,-1.2016228,0.11373690515756607,0.9740777611732483,0.7615284323692322
YBR172C,YDR092W,0,-1.201784,0.11372366547584534,0.9740777611732483,0.7616285085678101
YKL063C,YOR258W,0,-1.2024255,0.1137104257941246,0.9740777611732483,0.7617285251617432
YPR007C,YDR373W,0,-1.2029415,0.11369719356298447,0.9740777611732483,0.7618285417556763
YLR357W,YLR113W,0,-1.2030339,0.11368396878242493,0.9740777611732483,0.7619285583496094
YOR232W,YMR089C,0,-1.2036122,0.11367073655128479,0.9740777611732483,0.7620286345481873
YMR233W,YNR043W,0,-1.2038136,0.11365751177072525,0.9740777611732483,0.7621286511421204
YNL175C,YGL018C,0,-1.2046223,0.11364429444074631,0.9740777611732483,0.7622286677360535
YER137C,YLL043W,0,-1.2050046,0.11363107711076736,0.9740777611732483,0.7623286843299866
YOR217W,YHR138C,0,-1.2052997,0.11361785978078842,0.9740777611732483,0.7624287009239197
YLR323C,YMR099C,0,-1.2060218,0.11360464990139008,0.9740777611732483,0.7625287771224976
YDR512C,YAR019C,0,-1.2069161,0.11359144002199173,0.9740777611732483,0.7626287937164307
YBR248C,YLR316C,0,-1.2085581,0.11357823759317398,0.9740777611732483,0.7627288103103638
YNR041C,YDR109C,0,-1.2087913,0.11356503516435623,0.9740777611732483,0.7628288269042969
YKL218C,YEL036C,0,-1.2091447,0.11355183273553848,0.9740777611732483,0.7629289031028748
YNL026W,YGR003W,0,-1.2100247,0.11353863775730133,0.9740777611732483,0.7630289196968079
YPL106C,YAL051W,0,-1.2101607,0.11352545022964478,0.9740777611732483,0.763128936290741
YBR033W,YNL049C,0,-1.2103312,0.11351225525140762,0.9740777611732483,0.7632289528846741
YDR522C,YDR134C,1,-1.2105765,0.1136152446269989,0.9750747680664062,0.7632289528846741
YNL095C,YGL190C,0,-1.2108521,0.11360204219818115,0.9750747680664062,0.7633289694786072
YOR129C,YPR042C,0,-1.2110196,0.113588847219944,0.9750747680664062,0.7634290456771851
YPR128C,YML107C,0,-1.2111412,0.11357565969228745,0.9750747680664062,0.7635290622711182
YLR239C,YGL092W,0,-1.2112088,0.11356247216463089,0.9750747680664062,0.7636290788650513
YLR020C,YDR031W,0,-1.2112484,0.11354928463697433,0.9750747680664062,0.7637290954589844
YMR002W,YNL258C,0,-1.2113178,0.11353610455989838,0.9750747680664062,0.7638291716575623
YCR052W,YGL237C,0,-1.2113338,0.11352292448282242,0.9750747680664062,0.7639291882514954
YPR191W,YLL018C,0,-1.2114809,0.11350975185632706,0.9750747680664062,0.7640292048454285
YGR071C,YDR325W,0,-1.2121124,0.1134965792298317,0.9750747680664062,0.7641292214393616
YDR169C,YDR440W,0,-1.2121547,0.11348340660333633,0.9750747680664062,0.7642292976379395
YIL159W,YDR416W,0,-1.2129682,0.11347024142742157,0.9750747680664062,0.7643293142318726
YPL215W,YDR299W,0,-1.2134948,0.1134570762515068,0.9750747680664062,0.7644293308258057
YOR326W,YDL033C,0,-1.2142692,0.11344391852617264,0.9750747680664062,0.7645293474197388
YMR237W,YLR044C,0,-1.2153119,0.11343076080083847,0.9750747680664062,0.7646293640136719
YJL069C,YNL212W,0,-1.2157077,0.1134176030755043,0.9750747680664062,0.7647294402122498
YKL089W,YBL064C,0,-1.2158182,0.11340445280075073,0.9750747680664062,0.7648294568061829
YNR020C,YAL029C,0,-1.2158464,0.11339130252599716,0.9750747680664062,0.764929473400116
YBR267W,YLR143W,0,-1.2164971,0.11337815970182419,0.9750747680664062,0.7650294899940491
YLR011W,YDL045C,0,-1.216578,0.11336501687765121,0.9750747680664062,0.765129566192627
YML125C,YJL179W,0,-1.2173119,0.11335187405347824,0.9750747680664062,0.7652295827865601
YLR299W,YOR061W,0,-1.2173402,0.11333873867988586,0.9750747680664062,0.7653295993804932
YGR072W,YMR230W,0,-1.2175552,0.11332561075687408,0.9750747680664062,0.7654296159744263
YDR030C,YDR288W,0,-1.217901,0.11331247538328171,0.9750747680664062,0.7655296325683594
YDR359C,YMR075W,0,-1.2181535,0.11329935491085052,0.9750747680664062,0.7656297087669373
YLR191W,YBR035C,0,-1.2187767,0.11328622698783875,0.9750747680664062,0.7657297253608704
YMR039C,YJL186W,0,-1.2189391,0.11327310651540756,0.9750747680664062,0.7658297419548035
YFL023W,YKL052C,0,-1.2193836,0.11325998604297638,0.9750747680664062,0.7659297585487366
YER050C,YNL240C,0,-1.2216406,0.1132468730211258,0.9750747680664062,0.7660298347473145
YOR066W,YJL096W,0,-1.2233047,0.11323375999927521,0.9750747680664062,0.7661298513412476
YDR494W,YHR184W,0,-1.223638,0.11322065442800522,0.9750747680664062,0.7662298679351807
YOR386W,YER030W,0,-1.2243128,0.11320754885673523,0.9750747680664062,0.7663298845291138
YDL205C,YPR131C,0,-1.2249167,0.11319444328546524,0.9750747680664062,0.7664299011230469
YKR036C,YPR010C,0,-1.2250711,0.11318134516477585,0.9750747680664062,0.7665299773216248
YDR244W,YOL043C,0,-1.2263699,0.11316824704408646,0.9750747680664062,0.7666299939155579
YER017C,YDR528W,0,-1.2264167,0.11315515637397766,0.9750747680664062,0.766730010509491
YOR311C,YIL056W,0,-1.2269721,0.11314206570386887,0.9750747680664062,0.7668300271034241
YDR103W,YIL109C,0,-1.2291263,0.11312897503376007,0.9750747680664062,0.766930103302002
YDR240C,YJL057C,0,-1.2293658,0.11311589181423187,0.9750747680664062,0.7670301198959351
YMR281W,YAR042W,0,-1.2300184,0.11310280859470367,0.9750747680664062,0.7671301364898682
YMR262W,YJL174W,0,-1.2315906,0.11308973282575607,0.9750747680664062,0.7672301530838013
YBL023C,YOR074C,0,-1.2316339,0.11307665705680847,0.9750747680664062,0.7673301696777344
YDR148C,YNL121C,0,-1.2318643,0.11306358128786087,0.9750747680664062,0.7674302458763123
YGR056W,YOL019W,0,-1.2320075,0.11305051296949387,0.9750747680664062,0.7675302624702454
YDR140W,YPR180W,0,-1.2336452,0.11303744465112686,0.9750747680664062,0.7676302790641785
YJR160C,YMR065W,0,-1.2346085,0.11302438378334045,0.9750747680664062,0.7677302956581116
YIL037C,YLR007W,0,-1.2350183,0.11301132291555405,0.9750747680664062,0.7678303718566895
YGR223C,YKR083C,0,-1.2350353,0.11299826949834824,0.9750747680664062,0.7679303884506226
YPL104W,YDR262W,0,-1.2352726,0.11298521608114243,0.9750747680664062,0.7680304050445557
YGL062W,YBL008W,0,-1.2382746,0.11297216266393661,0.9750747680664062,0.7681304216384888
YKR085C,YOR148C,0,-1.2386401,0.1129591092467308,0.9750747680664062,0.7682304978370667
YER120W,YDR002W,0,-1.239089,0.11294607073068619,0.9750747680664062,0.7683305144309998
YPR186C,YEL038W,0,-1.2396444,0.11293302476406097,0.9750747680664062,0.7684305310249329
YHR067W,YER147C,0,-1.2400877,0.11291998624801636,0.9750747680664062,0.768530547618866
YDR151C,YLR055C,0,-1.2405342,0.11290694773197174,0.9750747680664062,0.7686305642127991
YBR177C,YNL136W,0,-1.2405851,0.11289391666650772,0.9750747680664062,0.768730640411377
YBR268W,YNL227C,0,-1.2407012,0.1128808856010437,0.9750747680664062,0.7688306570053101
YHR013C,YHL003C,0,-1.2418097,0.11286786198616028,0.9750747680664062,0.7689306735992432
YLR105C,YNL284C,0,-1.2422318,0.11285483837127686,0.9750747680664062,0.7690306901931763
YMR237W,YCR035C,0,-1.2425795,0.11284181475639343,0.9750747680664062,0.7691307663917542
YIL093C,YNL112W,0,-1.2427168,0.1128287985920906,0.9750747680664062,0.7692307829856873
YPR134W,YMR099C,0,-1.243253,0.11281578242778778,0.9750747680664062,0.7693307995796204
YBR193C,YJL178C,0,-1.2434824,0.11280276626348495,0.9750747680664062,0.7694308161735535
YIR012W,YLL001W,0,-1.244283,0.11278975754976273,0.9750747680664062,0.7695308327674866
YPL113C,YDR490C,0,-1.2445045,0.1127767562866211,0.9750747680664062,0.7696309089660645
YER113C,YGR191W,0,-1.244595,0.11276374757289886,0.9750747680664062,0.7697309255599976
YJL170C,YNR053C,0,-1.2455347,0.11275074630975723,0.9750747680664062,0.7698309421539307
YHL003C,YML021C,0,-1.245545,0.1127377524971962,0.9750747680664062,0.7699309587478638
YIL159W,YJL106W,0,-1.246311,0.11272475868463516,0.9750747680664062,0.7700310349464417
YOR251C,YER056C-A,0,-1.2465433,0.11271176487207413,0.9750747680664062,0.7701310515403748
YKL179C,YDL101C,0,-1.2466512,0.11269877851009369,0.9750747680664062,0.7702310681343079
YOR131C,YLL018C,0,-1.246971,0.11268579214811325,0.9750747680664062,0.770331084728241
YNL293W,YDR031W,0,-1.247404,0.11267281323671341,0.9750747680664062,0.7704311013221741
YGL068W,YFL021W,0,-1.2479504,0.11265983432531357,0.9750747680664062,0.770531177520752
YML127W,YOR348C,0,-1.2481409,0.11264685541391373,0.9750747680664062,0.7706311941146851
YLR188W,YPL145C,0,-1.249535,0.11263388395309448,0.9750747680664062,0.7707312107086182
YCR081W,YLR130C,0,-1.2504382,0.11262091249227524,0.9750747680664062,0.7708312273025513
YLR323C,YPL105C,0,-1.250656,0.112607941031456,0.9750747680664062,0.7709313035011292
YDL067C,YJR097W,0,-1.2512305,0.11259497702121735,0.9750747680664062,0.7710313200950623
YER028C,YOR241W,0,-1.2513766,0.1125820204615593,0.9750747680664062,0.7711313366889954
YDR369C,YGR251W,0,-1.251966,0.11256906390190125,0.9750747680664062,0.7712313532829285
YOR357C,YOR378W,0,-1.2528518,0.1125561073422432,0.9750747680664062,0.7713313698768616
YOR257W,YPL017C,0,-1.2529528,0.11254315078258514,0.9750747680664062,0.7714314460754395
YDR341C,YLR409C,0,-1.253309,0.11253020167350769,0.9750747680664062,0.7715314626693726
YGL219C,YPR083W,0,-1.2539071,0.11251726001501083,0.9750747680664062,0.7716314792633057
YER126C,YKL002W,0,-1.254459,0.11250431090593338,0.9750747680664062,0.7717314958572388
YDR410C,YDR402C,0,-1.2547722,0.11249137669801712,0.9750747680664062,0.7718315720558167
YGR005C,YPR127W,0,-1.2561901,0.11247843503952026,0.9750747680664062,0.7719315886497498
YHR117W,YDR261C,0,-1.2562227,0.112465500831604,0.9750747680664062,0.7720316052436829
YCL044C,YPL173W,0,-1.2568195,0.11245256662368774,0.9750747680664062,0.772131621837616
YDR219C,YML113W,0,-1.2569271,0.11243963986635208,0.9750747680664062,0.7722316980361938
YLR023C,YBR198C,0,-1.2569664,0.11242671310901642,0.9750747680664062,0.772331714630127
YNR038W,YPL148C,0,-1.2572799,0.11241379380226135,0.9750747680664062,0.7724317312240601
YJR149W,YOL043C,0,-1.2574487,0.11240087449550629,0.9750747680664062,0.7725317478179932
YDL128W,YMR109W,0,-1.2575779,0.11238795518875122,0.9750747680664062,0.7726317644119263
YFR001W,YBR291C,0,-1.2577943,0.11237504333257675,0.9750747680664062,0.7727318406105042
YGR047C,YPR105C,0,-1.2580576,0.11236213147640228,0.9750747680664062,0.7728318572044373
YPL178W,YAL026C,0,-1.259071,0.11234922707080841,0.9750747680664062,0.7729318737983704
YLL033W,YHR092C,0,-1.259856,0.11233632266521454,0.9750747680664062,0.7730318903923035
YOR228C,YBR125C,0,-1.2599709,0.11232341825962067,0.9750747680664062,0.7731319665908813
YML127W,YGL050W,0,-1.2600975,0.11231052130460739,0.9750747680664062,0.7732319831848145
YDR100W,YJR135W-A,0,-1.2604958,0.11229762434959412,0.9750747680664062,0.7733319997787476
YKR028W,YBR160W,0,-1.2606862,0.11228472739458084,0.9750747680664062,0.7734320163726807
YGR017W,YNL290W,0,-1.2608323,0.11227183789014816,0.9750747680664062,0.7735320329666138
YBR122C,YNL243W,0,-1.2616513,0.11225895583629608,0.9750747680664062,0.7736321091651917
YGL127C,YJR041C,0,-1.2623405,0.1122460663318634,0.9750747680664062,0.7737321257591248
YOR265W,YGL093W,0,-1.26402,0.11223318427801132,0.9750747680664062,0.7738321423530579
YOL082W,YFR041C,0,-1.264376,0.11222030967473984,0.9750747680664062,0.773932158946991
YLR353W,YKL196C,0,-1.2645888,0.11220743507146835,0.9750747680664062,0.7740322351455688
YMR264W,YDR301W,0,-1.2648181,0.11219456046819687,0.9750747680664062,0.774132251739502
YLR212C,YNR016C,0,-1.2656512,0.11218169331550598,0.9750747680664062,0.7742322683334351
YDL078C,YLR427W,0,-1.2658486,0.1121688261628151,0.9750747680664062,0.7743322849273682
YDL180W,YPL078C,0,-1.265939,0.1121559664607048,0.9750747680664062,0.7744323015213013
YGL068W,YFR045W,0,-1.2661011,0.11214309930801392,0.9750747680664062,0.7745323777198792
YLR154C,YLR364W,0,-1.2661545,0.11213024705648422,0.9750747680664062,0.7746323943138123
YGR046W,YGL127C,0,-1.2661785,0.11211738735437393,0.9750747680664062,0.7747324109077454
YDR460W,YOL107W,0,-1.2664391,0.11210454255342484,0.9750747680664062,0.7748324275016785
YKR079C,YOR025W,0,-1.2665905,0.11209169030189514,0.9750747680664062,0.7749325037002563
YDR104C,YNR067C,1,-1.2667146,0.11219344288110733,0.9760717749595642,0.7749325037002563
YOR269W,YJR109C,0,-1.2667599,0.11218059062957764,0.9760717749595642,0.7750325202941895
YJL073W,YPL028W,0,-1.2670166,0.11216773837804794,0.9760717749595642,0.7751325368881226
YKL054C,YJL089W,0,-1.2683228,0.11215488612651825,0.9760717749595642,0.7752325534820557
YER087C-A,YLL035W,0,-1.2688982,0.11214204132556915,0.9760717749595642,0.7753325700759888
YBR162C,YOR069W,0,-1.2689648,0.11212919652462006,0.9760717749595642,0.7754326462745667
YOR261C,YKR048C,0,-1.2690308,0.11211635172367096,0.9760717749595642,0.7755326628684998
YNL216W,YPL120W,0,-1.2690552,0.11210351437330246,0.9760717749595642,0.7756326794624329
YER175C,YBR279W,0,-1.2690926,0.11209067702293396,0.9760717749595642,0.775732696056366
YOL090W,YDR332W,0,-1.2700679,0.11207784712314606,0.9760717749595642,0.7758327722549438
YNL046W,YIL046W,0,-1.2707171,0.11206501722335815,0.9760717749595642,0.775932788848877
YLR239C,YER171W,0,-1.2708352,0.11205219477415085,0.9760717749595642,0.7760328054428101
YLL045C,YBR271W,0,-1.272173,0.11203936487436295,0.9760717749595642,0.7761328220367432
YKR054C,YNL230C,0,-1.272518,0.11202654987573624,0.9760717749595642,0.776232898235321
YHR037W,YIL009W,0,-1.2727947,0.11201372742652893,0.9760717749595642,0.7763329148292542
YEL052W,YIL113W,0,-1.2729924,0.11200091242790222,0.9760717749595642,0.7764329314231873
YKL078W,YNL073W,0,-1.2738059,0.11198810487985611,0.9760717749595642,0.7765329480171204
YDR404C,YNL317W,0,-1.2742397,0.11197529733181,0.9760717749595642,0.7766329646110535
YGR047C,YPL031C,0,-1.2745972,0.11196248978376389,0.9760717749595642,0.7767330408096313
YEL036C,YDL030W,0,-1.2758001,0.11194968223571777,0.9760717749595642,0.7768330574035645
YOR306C,YIL140W,0,-1.2758338,0.11193688213825226,0.9760717749595642,0.7769330739974976
YLR215C,YNR043W,0,-1.2768462,0.11192408949136734,0.9760717749595642,0.7770330905914307
YGL168W,YPR035W,0,-1.2769734,0.11191129684448242,0.9760717749595642,0.7771331667900085
YOR047C,YGR104C,0,-1.2775743,0.1118985041975975,0.9760717749595642,0.7772331833839417
YMR105C,YLR207W,0,-1.2779801,0.11188571155071259,0.9760717749595642,0.7773331999778748
YKL051W,YPL138C,0,-1.2780863,0.11187292635440826,0.9760717749595642,0.7774332165718079
YDR081C,YIL124W,0,-1.2783091,0.11186014860868454,0.9760717749595642,0.777533233165741
YLR313C,YMR087W,0,-1.2789406,0.11184736341238022,0.9760717749595642,0.7776333093643188
YLR190W,YJR021C,0,-1.2805742,0.11183459311723709,0.9760717749595642,0.777733325958252
YBL060W,YER015W,0,-1.2806981,0.11182181537151337,0.9760717749595642,0.7778333425521851
YER062C,YMR048W,0,-1.281182,0.11180904507637024,0.9760717749595642,0.7779333591461182
YKL132C,YMR168C,0,-1.2815179,0.11179627478122711,0.9760717749595642,0.778033435344696
YKL190W,YLR291C,0,-1.2818966,0.11178351193666458,0.9760717749595642,0.7781334519386292
YAL028W,YJL034W,0,-1.2820827,0.11177074909210205,0.9760717749595642,0.7782334685325623
YHR107C,YNR044W,1,-1.2840459,0.11187214404344559,0.9770687818527222,0.7782334685325623
YPL120W,YCR046C,0,-1.2840469,0.11185937374830246,0.9770687818527222,0.7783334851264954
YIL150C,YAL051W,0,-1.2845149,0.11184661090373993,0.9770687818527222,0.7784335017204285
YFR005C,YDR101C,0,-1.2848486,0.1118338480591774,0.9770687818527222,0.7785335779190063
YHR120W,YKR083C,0,-1.2858634,0.11182108521461487,0.9770687818527222,0.7786335945129395
YLR323C,YMR171C,0,-1.2866528,0.11180832982063293,0.9770687818527222,0.7787336111068726
YML027W,YLR247C,0,-1.2868494,0.111795574426651,0.9770687818527222,0.7788336277008057
YNL164C,YDR498C,0,-1.2875783,0.11178281903266907,0.9770687818527222,0.7789337038993835
YNR033W,YDR231C,0,-1.2877254,0.11177007108926773,0.9770687818527222,0.7790337204933167
YNR022C,YPL259C,0,-1.2879024,0.11175733059644699,0.9770687818527222,0.7791337370872498
YGR283C,YDR511W,0,-1.2883897,0.11174458265304565,0.9770687818527222,0.7792337536811829
YLR010C,YMR313C,0,-1.2887045,0.11173184216022491,0.9770687818527222,0.7793338298797607
YDL137W,YLR404W,0,-1.2887156,0.11171910911798477,0.9770687818527222,0.7794338464736938
YPL137C,YKR103W,0,-1.2895514,0.11170636862516403,0.9770687818527222,0.779533863067627
YML057W,YJR119C,0,-1.2899088,0.11169364303350449,0.9770687818527222,0.7796338796615601
YER027C,YGL190C,0,-1.2906758,0.11168090999126434,0.9770687818527222,0.7797338962554932
YDR067C,YDR494W,0,-1.2913835,0.1116681843996048,0.9770687818527222,0.779833972454071
YOR025W,YGL223C,0,-1.2914336,0.11165546625852585,0.9770687818527222,0.7799339890480042
YGL151W,YNL039W,0,-1.2918813,0.1116427406668663,0.9770687818527222,0.7800340056419373
YJR104C,YDR343C,0,-1.2919884,0.11163002252578735,0.9770687818527222,0.7801340222358704
YDR175C,YPR086W,0,-1.2927997,0.111617311835289,0.9770687818527222,0.7802340984344482
YJR065C,YJL098W,0,-1.2930686,0.11160460114479065,0.9770687818527222,0.7803341150283813
YGR283C,YJL127C,0,-1.2931582,0.1115918904542923,0.9770687818527222,0.7804341316223145
YPL163C,YDR139C,0,-1.2931596,0.11157918721437454,0.9770687818527222,0.7805341482162476
YGL112C,YIL137C,0,-1.2943447,0.11156648397445679,0.9770687818527222,0.7806341648101807
YOR241W,YHR193C,0,-1.2945646,0.11155378818511963,0.9770687818527222,0.7807342410087585
YPR026W,YMR115W,0,-1.2947581,0.11154108494520187,0.9770687818527222,0.7808342576026917
YFL013C,YDR425W,0,-1.2950546,0.11152839660644531,0.9770687818527222,0.7809342741966248
YIL009W,YPR073C,0,-1.297774,0.11151570081710815,0.9770687818527222,0.7810342907905579
YKL129C,YOR158W,0,-1.2982646,0.11150301247835159,0.9770687818527222,0.7811343669891357
YKR069W,YKL069W,0,-1.2982765,0.11149033159017563,0.9770687818527222,0.7812343835830688
YML101C,YOL100W,0,-1.2986268,0.11147765070199966,0.9770687818527222,0.781334400177002
YNL297C,YOR316C,0,-1.2989719,0.1114649698138237,0.9770687818527222,0.7814344167709351
YKL063C,YBR006W,0,-1.2991501,0.11145228892564774,0.9770687818527222,0.7815344333648682
YJL069C,YBR121C,0,-1.2993145,0.11143961548805237,0.9770687818527222,0.781634509563446
YHR209W,YNL268W,0,-1.3006774,0.1114269495010376,0.9770687818527222,0.7817345261573792
YOR359W,YML015C,0,-1.3007698,0.11141427606344223,0.9770687818527222,0.7818345427513123
YMR261C,YDR463W,0,-1.3008964,0.11140161752700806,0.9770687818527222,0.7819345593452454
YFR005C,YPR173C,0,-1.3015109,0.11138895153999329,0.9770687818527222,0.7820346355438232
YIL128W,YPL148C,0,-1.3027639,0.11137629300355911,0.9770687818527222,0.7821346521377563
YNL188W,YPR168W,0,-1.3031783,0.11136363446712494,0.9770687818527222,0.7822346687316895
YHR132C,YDL145C,0,-1.3037398,0.11135098338127136,0.9770687818527222,0.7823346853256226
YKL032C,YKL174C,0,-1.303813,0.11133833229541779,0.9770687818527222,0.7824347019195557
YGL060W,YGL171W,0,-1.3038924,0.11132568120956421,0.9770687818527222,0.7825347781181335
YNL259C,YBR052C,0,-1.3041255,0.11131303757429123,0.9770687818527222,0.7826347947120667
YKL051W,YGR154C,0,-1.3049641,0.11130039393901825,0.9770687818527222,0.7827348113059998
YGL113W,YGR286C,0,-1.3050318,0.11128775775432587,0.9770687818527222,0.7828348278999329
YIL123W,YHR158C,0,-1.305501,0.11127512156963348,0.9770687818527222,0.7829349040985107
YCR060W,YDR309C,0,-1.3056263,0.1112624853849411,0.9770687818527222,0.7830349206924438
YKR055W,YKL020C,0,-1.3070741,0.11124985665082932,0.9770687818527222,0.783134937286377
YKL210W,YIL106W,0,-1.3071009,0.11123722791671753,0.9770687818527222,0.7832349538803101
YHR106W,YLR130C,0,-1.3080155,0.11122460663318634,0.9770687818527222,0.7833350300788879
YNR055C,YOL070C,0,-1.308347,0.11121198534965515,0.9770687818527222,0.783435046672821
YMR287C,YHR008C,0,-1.3093531,0.11119936406612396,0.9770687818527222,0.7835350632667542
YDR439W,YDR501W,0,-1.3094335,0.11118675023317337,0.9770687818527222,0.7836350798606873
YLL008W,YPL259C,0,-1.3104501,0.11117413640022278,0.9770687818527222,0.7837350964546204
YER020W,YLR039C,0,-1.3116429,0.11116152256727219,0.9770687818527222,0.7838351726531982
YPL218W,YGR171C,0,-1.3133543,0.11114891618490219,0.9770687818527222,0.7839351892471313
YDL227C,YKL048C,0,-1.3139553,0.1111363098025322,0.9770687818527222,0.7840352058410645
YDL035C,YIR023W,0,-1.3143365,0.1111237108707428,0.9770687818527222,0.7841352224349976
YKL140W,YDR371W,0,-1.3144436,0.1111111119389534,0.9770687818527222,0.7842352986335754
YIL108W,YGR063C,0,-1.3156922,0.111098513007164,0.9770687818527222,0.7843353152275085
YCR004C,YLR426W,0,-1.3167242,0.1110859215259552,0.9770687818527222,0.7844353318214417
YOR162C,YGL058W,0,-1.3169284,0.1110733300447464,0.9770687818527222,0.7845353484153748
YFL033C,YKL171W,0,-1.3173838,0.1110607460141182,0.9770687818527222,0.7846353650093079
YAR042W,YML081W,0,-1.3179514,0.11104816198348999,0.9770687818527222,0.7847354412078857
YLR432W,YBL038W,0,-1.3192781,0.11103557795286179,0.9770687818527222,0.7848354578018188
YDR310C,YHR148W,0,-1.3213679,0.11102299392223358,0.9770687818527222,0.784935474395752
YBR247C,YIL147C,0,-1.3215926,0.11101042479276657,0.9770687818527222,0.7850354909896851
YDR056C,YDR456W,0,-1.3218871,0.11099784821271896,0.9770687818527222,0.7851355671882629
YIL078W,YOR258W,0,-1.3228757,0.11098527908325195,0.9770687818527222,0.785235583782196
YGR162W,YDR139C,0,-1.3231721,0.11097270995378494,0.9770687818527222,0.7853356003761292
YJL110C,YBR084W,0,-1.3232282,0.11096014827489853,0.9770687818527222,0.7854356169700623
YLR185W,YJR001W,0,-1.3234576,0.11094758659601212,0.9770687818527222,0.7855356335639954
YDR213W,YMR179W,0,-1.3235693,0.1109350249171257,0.9770687818527222,0.7856357097625732
YOL069W,YOR323C,0,-1.3239486,0.11092247068881989,0.9770687818527222,0.7857357263565063
YIL013C,YBR166C,0,-1.3245205,0.11090991646051407,0.9770687818527222,0.7858357429504395
YHR079C,YKL190W,0,-1.3245282,0.11089736223220825,0.9770687818527222,0.7859357595443726
YER048W-A,YHL031C,0,-1.3249657,0.11088481545448303,0.9770687818527222,0.7860358357429504
YNL048W,YLR182W,0,-1.3258293,0.11087226867675781,0.9770687818527222,0.7861358523368835
YLR248W,YBR097W,0,-1.3269815,0.11085972934961319,0.9770687818527222,0.7862358689308167
YLR014C,YNL073W,0,-1.327426,0.11084719002246857,0.9770687818527222,0.7863358855247498
YGR094W,YPL022W,0,-1.3276427,0.11083465069532394,0.9770687818527222,0.7864359021186829
YDR218C,YJL121C,0,-1.3278341,0.11082211881875992,0.9770687818527222,0.7865359783172607
YLR363C,YKL042W,0,-1.3281261,0.11080958694219589,0.9770687818527222,0.7866359949111938
YGL251C,YHR103W,0,-1.3289199,0.11079706251621246,0.9770687818527222,0.786736011505127
YDR318W,YLR182W,0,-1.3291253,0.11078453809022903,0.9770687818527222,0.7868360280990601
YOL065C,YIL138C,0,-1.3298748,0.1107720136642456,0.9770687818527222,0.7869361042976379
YIL090W,YJL005W,0,-1.3299078,0.11075949668884277,0.9770687818527222,0.787036120891571
YGR170W,YNL164C,0,-1.3300502,0.11074697971343994,0.9770687818527222,0.7871361374855042
YDR420W,YGR030C,0,-1.3301679,0.11073446273803711,0.9770687818527222,0.7872361540794373
YPL178W,YPL214C,0,-1.3314992,0.11072195321321487,0.9770687818527222,0.7873362302780151
YKR038C,YBR182C,0,-1.3315227,0.11070944368839264,0.9770687818527222,0.7874362468719482
YPL195W,YKL119C,0,-1.3335433,0.110696941614151,0.9770687818527222,0.7875362634658813
YJR075W,YPL213W,0,-1.3348889,0.11068443953990936,0.9770687818527222,0.7876362800598145
YKL064W,YPL214C,0,-1.3353281,0.11067193746566772,0.9770687818527222,0.7877362966537476
YLR260W,YPL252C,0,-1.3354511,0.11065944284200668,0.9770687818527222,0.7878363728523254
YBR279W,YPL186C,0,-1.3359768,0.11064694821834564,0.9770687818527222,0.7879363894462585
YPR031W,YGR003W,0,-1.336952,0.1106344535946846,0.9770687818527222,0.7880364060401917
YPL168W,YDL197C,0,-1.3373717,0.11062196642160416,0.9770687818527222,0.7881364226341248
YNL309W,YPR057W,0,-1.3385516,0.11060947924852371,0.9770687818527222,0.7882364988327026
YJR107W,YLR237W,0,-1.3389367,0.11059699952602386,0.9770687818527222,0.7883365154266357
YDL200C,YGL105W,0,-1.3395438,0.11058451980352402,0.9770687818527222,0.7884365320205688
YMR004W,YGR241C,0,-1.3407066,0.11057204008102417,0.9770687818527222,0.788536548614502
YGR083C,YNL289W,0,-1.3443995,0.11055956780910492,0.9770687818527222,0.7886365652084351
YMR032W,YDR229W,0,-1.3453448,0.11054709553718567,0.9770687818527222,0.7887366414070129
YGL168W,YLR045C,0,-1.3455558,0.11053462326526642,0.9770687818527222,0.788836658000946
YJR127C,YML040W,0,-1.3458008,0.11052215844392776,0.9770687818527222,0.7889366745948792
YOR257W,YBR131W,0,-1.3458316,0.11050970107316971,0.9770687818527222,0.7890366911888123
YIR012W,YNL123W,0,-1.3472311,0.11049723625183105,0.9770687818527222,0.7891367673873901
YLR105C,YDL106C,0,-1.3473656,0.110484778881073,0.9770687818527222,0.7892367839813232
YBR041W,YMR005W,0,-1.3474472,0.11047232896089554,0.9770687818527222,0.7893368005752563
YNL217W,YNL056W,0,-1.3476967,0.11045987159013748,0.9770687818527222,0.7894368171691895
YDR407C,YNR040W,0,-1.3478498,0.11044742166996002,0.9770687818527222,0.7895368337631226
YDR200C,YDR332W,0,-1.3484646,0.11043497920036316,0.9770687818527222,0.7896369099617004
YOR143C,YLR113W,0,-1.3486974,0.1104225367307663,0.9770687818527222,0.7897369265556335
YHR147C,YJL101C,0,-1.3495443,0.11041009426116943,0.9770687818527222,0.7898369431495667
YBL023C,YGR123C,0,-1.3497795,0.11039765924215317,0.9770687818527222,0.7899369597434998
YOR335C,YMR063W,0,-1.3501546,0.1103852242231369,0.9770687818527222,0.7900370359420776
YOR016C,YLR131C,0,-1.3503075,0.11037278920412064,0.9770687818527222,0.7901370525360107
YML080W,YAL029C,0,-1.350482,0.11036036163568497,0.9770687818527222,0.7902370691299438
YOR373W,YGR103W,0,-1.3505661,0.1103479340672493,0.9770687818527222,0.790337085723877
YDR400W,YPL074W,0,-1.3507153,0.11033550649881363,0.9770687818527222,0.7904371023178101
YML101C,YOL052C,0,-1.3513482,0.11032308638095856,0.9770687818527222,0.7905371785163879
YGL116W,YPR060C,0,-1.351595,0.11031067371368408,0.9770687818527222,0.790637195110321
YAL024C,YGL167C,0,-1.3517876,0.11029825359582901,0.9770687818527222,0.7907372117042542
YHR148W,YGL155W,0,-1.3523811,0.11028584092855453,0.9770687818527222,0.7908372282981873
YOR304C-A,YDL115C,0,-1.352421,0.11027343571186066,0.9770687818527222,0.7909373044967651
YOR143C,YKR035W-A,0,-1.3557985,0.11026102304458618,0.9770687818527222,0.7910373210906982
YPR198W,YPR043W,0,-1.3561926,0.1102486252784729,0.9770687818527222,0.7911373376846313
YJL125C,YIR031C,0,-1.3567504,0.11023622006177902,0.9770687818527222,0.7912373542785645
YOL098C,YBL055C,0,-1.3572944,0.11022382229566574,0.9770687818527222,0.7913374304771423
YNR043W,YOL151W,0,-1.3573314,0.11021142452955246,0.9770687818527222,0.7914374470710754
YGL237C,YDR189W,0,-1.3577521,0.11019903421401978,0.9770687818527222,0.7915374636650085
YLR078C,YEL048C,0,-1.3586411,0.11018664389848709,0.9770687818527222,0.7916374802589417
YDR069C,YPL004C,0,-1.3606024,0.1101742535829544,0.9770687818527222,0.7917374968528748
YOL071W,YOR193W,0,-1.3607644,0.11016187071800232,0.9770687818527222,0.7918375730514526
YIL034C,YDL179W,0,-1.3612115,0.11014948785305023,0.9770687818527222,0.7919375896453857
YOL154W,YDR390C,0,-1.3614542,0.11013711243867874,0.9770687818527222,0.7920376062393188
YOR232W,YOR054C,0,-1.361616,0.11012472957372665,0.9770687818527222,0.792137622833252
YNL102W,YIL020C,0,-1.3616667,0.11011236160993576,0.9770687818527222,0.7922376990318298
YPR189W,YDR168W,0,-1.3618677,0.11009998619556427,0.9770687818527222,0.7923377156257629
YHR020W,YNL081C,0,-1.3625629,0.11008761823177338,0.9770687818527222,0.792437732219696
YJL073W,YPL027W,0,-1.3645575,0.11007525771856308,0.9770687818527222,0.7925377488136292
YFL047W,YBR254C,0,-1.3645637,0.11006288975477219,0.9770687818527222,0.7926377654075623
YLR450W,YER167W,0,-1.365088,0.11005053669214249,0.9770687818527222,0.7927378416061401
YER147C,YGR089W,0,-1.3651739,0.11003817617893219,0.9770687818527222,0.7928378582000732
YDR368W,YDR151C,0,-1.365611,0.11002582311630249,0.9770687818527222,0.7929378747940063
YLR025W,YGL241W,0,-1.3658298,0.11001347005367279,0.9770687818527222,0.7930378913879395
YPR162C,YLR043C,0,-1.3661947,0.11000112444162369,0.9770687818527222,0.7931379675865173
YPL013C,YNL073W,0,-1.3665724,0.10998877882957458,0.9770687818527222,0.7932379841804504
YDR028C,YDR376W,0,-1.3668143,0.10997643321752548,0.9770687818527222,0.7933380007743835
YDR373W,YFL047W,0,-1.3671287,0.10996409505605698,0.9770687818527222,0.7934380173683167
YEL036C,YGR144W,0,-1.3671528,0.10995175689458847,0.9770687818527222,0.7935380339622498
YNL251C,YGR047C,0,-1.3678931,0.10993941873311996,0.9770687818527222,0.7936381101608276
YNL107W,YIL098C,0,-1.3697141,0.10992708802223206,0.9770687818527222,0.7937381267547607
YGL232W,YFR006W,0,-1.369905,0.10991475731134415,0.9770687818527222,0.7938381433486938
YOR172W,YDR416W,0,-1.370653,0.10990243405103683,0.9770687818527222,0.793938159942627
YDR101C,YLR323C,0,-1.3710134,0.10989011079072952,0.9770687818527222,0.7940382361412048
YJL134W,YJL127C,0,-1.3715899,0.10987778753042221,0.9770687818527222,0.7941382527351379
YOR237W,YJL170C,0,-1.3727937,0.1098654717206955,0.9770687818527222,0.794238269329071
YCL052C,YPR143W,0,-1.3735745,0.10985315591096878,0.9770687818527222,0.7943382859230042
YOR162C,YDR259C,0,-1.3740838,0.10984084010124207,0.9770687818527222,0.7944383025169373
YKL010C,YAL054C,0,-1.3741589,0.10982853174209595,0.9770687818527222,0.7945383787155151
YHR044C,YGR072W,0,-1.3754644,0.10981622338294983,0.9770687818527222,0.7946383953094482
YJL206C,YNL048W,0,-1.3764948,0.10980392247438431,0.9770687818527222,0.7947384119033813
YBL010C,YCL055W,0,-1.3767799,0.10979162156581879,0.9770687818527222,0.7948384284973145
YOR070C,YDL189W,0,-1.3780417,0.10977932065725327,0.9770687818527222,0.7949385046958923
YGL104C,YDR284C,0,-1.3782308,0.10976702719926834,0.9770687818527222,0.7950385212898254
YNL330C,YDR510W,0,-1.3783209,0.10975473374128342,0.9770687818527222,0.7951385378837585
YOR110W,YDL124W,0,-1.3786733,0.10974244028329849,0.9770687818527222,0.7952385544776917
YCR094W,YDR257C,0,-1.3810607,0.10973015427589417,0.9770687818527222,0.7953386306762695
YHR114W,YNL052W,0,-1.3813047,0.10971786826848984,0.9770687818527222,0.7954386472702026
YPR189W,YDR299W,0,-1.3816291,0.10970558971166611,0.9770687818527222,0.7955386638641357
YHR147C,YKL126W,0,-1.3823602,0.10969330370426178,0.9770687818527222,0.7956386804580688
YOR243C,YER012W,0,-1.3827784,0.10968103259801865,0.9770687818527222,0.795738697052002
YMR118C,YEL056W,0,-1.3836465,0.10966875404119492,0.9770687818527222,0.7958387732505798
YHR067W,YMR312W,0,-1.3840706,0.10965648293495178,0.9770687818527222,0.7959387898445129
YBR245C,YBR230C,0,-1.3872222,0.10964421927928925,0.9770687818527222,0.796038806438446
YKL062W,YMR267W,0,-1.3889616,0.10963194817304611,0.9770687818527222,0.7961388230323792
YGL135W,YEL053C,0,-1.3897189,0.10961968451738358,0.9770687818527222,0.796238899230957
YNR032C-A,YDL006W,0,-1.3909168,0.10960742831230164,0.9770687818527222,0.7963389158248901
YDR031W,YHR147C,0,-1.3920037,0.1095951721072197,0.9770687818527222,0.7964389324188232
YLR314C,YKR102W,1,-1.3921682,0.10969473421573639,0.9780657887458801,0.7964389324188232
YLR357W,YNL240C,0,-1.3928592,0.10968247056007385,0.9780657887458801,0.7965389490127563
YGL028C,YCL068C,0,-1.392892,0.10967020690441132,0.9780657887458801,0.7966389656066895
YBR109C,YDL006W,0,-1.3929294,0.10965795069932938,0.9780657887458801,0.7967390418052673
YHR037W,YHR214C-B,0,-1.3932468,0.10964569449424744,0.9780657887458801,0.7968390583992004
YLR288C,YGR178C,0,-1.3939806,0.1096334382891655,0.9780657887458801,0.7969390749931335
YDL097C,YMR005W,0,-1.3942311,0.10962118953466415,0.9780657887458801,0.7970390915870667
YPR063C,YER027C,0,-1.3944074,0.10960894078016281,0.9780657887458801,0.7971391677856445
YGR003W,YDR463W,0,-1.3948452,0.10959669202566147,0.9780657887458801,0.7972391843795776
YGR062C,YKL124W,0,-1.3951595,0.10958445072174072,0.9780657887458801,0.7973392009735107
YEL016C,YDR263C,0,-1.3953032,0.10957220941781998,0.9780657887458801,0.7974392175674438
YIL130W,YLR467W,0,-1.39532,0.10955997556447983,0.9780657887458801,0.797539234161377
YNR044W,YKR101W,0,-1.3981888,0.10954774171113968,0.9780657887458801,0.7976393103599548
YOL078W,YPR016C,0,-1.3989106,0.10953550785779953,0.9780657887458801,0.7977393269538879
YKL132C,YDR372C,0,-1.4000652,0.10952328145503998,0.9780657887458801,0.797839343547821
YML067C,YER060W,0,-1.4003001,0.10951105505228043,0.9780657887458801,0.7979393601417542
YPL082C,YGL172W,0,-1.4006165,0.10949882864952087,0.9780657887458801,0.798039436340332
YMR237W,YOL122C,0,-1.4009817,0.10948660969734192,0.9780657887458801,0.7981394529342651
YPL043W,YKL002W,0,-1.4013566,0.10947439074516296,0.9780657887458801,0.7982394695281982
YDL175C,YNL051W,0,-1.4023924,0.10946217179298401,0.9780657887458801,0.7983394861221313
YAL068C,YGR208W,0,-1.4024937,0.10944996029138565,0.9780657887458801,0.7984395027160645
YOL107W,YLR401C,0,-1.4033139,0.10943774878978729,0.9780657887458801,0.7985395789146423
YBR223C,YOR322C,0,-1.4043943,0.10942554473876953,0.9780657887458801,0.7986395955085754
YGL049C,YHL025W,0,-1.4049983,0.10941334068775177,0.9780657887458801,0.7987396121025085
YBR028C,YDR482C,0,-1.4055631,0.10940113663673401,0.9780657887458801,0.7988396286964417
YLR223C,YKL014C,0,-1.406511,0.10938894003629684,0.9780657887458801,0.7989397048950195
YDR039C,YKL185W,0,-1.4077148,0.10937674343585968,0.9780657887458801,0.7990397214889526
YIL030C,YIR017C,0,-1.4079101,0.10936454683542252,0.9780657887458801,0.7991397380828857
YKR049C,YJR084W,0,-1.408032,0.10935235768556595,0.9780657887458801,0.7992397546768188
YGL059W,YDR041W,0,-1.4100671,0.10934016853570938,0.9780657887458801,0.7993398308753967
YDL164C,YCR096C,0,-1.4103026,0.10932798683643341,0.9780657887458801,0.7994398474693298
YDR407C,YHL025W,0,-1.41049,0.10931579768657684,0.9780657887458801,0.7995398640632629
YDL215C,YCR053W,0,-1.4110088,0.10930362343788147,0.9780657887458801,0.799639880657196
YPL147W,YGL136C,0,-1.4110186,0.1092914417386055,0.9780657887458801,0.7997398972511292
YIL019W,YDL033C,0,-1.4124861,0.10927926748991013,0.9780657887458801,0.799839973449707
YGR252W,YKR083C,0,-1.4135867,0.10926710069179535,0.9780657887458801,0.7999399900436401
YLR224W,YKL170W,0,-1.4136078,0.10925492644309998,0.9780657887458801,0.8000400066375732
YKR006C,YLR139C,0,-1.4137939,0.1092427596449852,0.9780657887458801,0.8001400232315063
YIL124W,YDL059C,0,-1.4146309,0.10923060029745102,0.9780657887458801,0.8002400994300842
YKR020W,YLR466W,0,-1.4153157,0.10921843349933624,0.9780657887458801,0.8003401160240173
YPR047W,YER022W,0,-1.4153274,0.10920628160238266,0.9780657887458801,0.8004401326179504
YJR055W,YCL016C,0,-1.415349,0.10919412225484848,0.9780657887458801,0.8005401492118835
YGR080W,YDR036C,0,-1.4155891,0.1091819703578949,0.9780657887458801,0.8006401658058167
YIL147C,YOR297C,0,-1.4164218,0.10916981846094131,0.9780657887458801,0.8007402420043945
YMR169C,YIR009W,0,-1.4164732,0.10915767401456833,0.9780657887458801,0.8008402585983276
YOR269W,YJL127C,0,-1.4166446,0.10914552956819534,0.9780657887458801,0.8009402751922607
YLR006C,YGL111W,0,-1.41954,0.10913338512182236,0.9780657887458801,0.8010402917861938
YGL129C,YLR204W,0,-1.42153,0.10912124812602997,0.9780657887458801,0.8011403679847717
YNL282W,YJL012C,0,-1.4215559,0.10910911113023758,0.9780657887458801,0.8012403845787048
YNL079C,YAL023C,0,-1.424906,0.10909697413444519,0.9780657887458801,0.8013404011726379
YOR279C,YOL040C,0,-1.4251869,0.1090848445892334,0.9780657887458801,0.801440417766571
YDR052C,YFR034C,0,-1.4264112,0.1090727150440216,0.9780657887458801,0.8015404343605042
YLL001W,YGR080W,0,-1.4268508,0.10906058549880981,0.9780657887458801,0.801640510559082
YJL097W,YOR081C,0,-1.4287539,0.10904846340417862,0.9780657887458801,0.8017405271530151
YLR427W,YNL185C,0,-1.4293354,0.10903634876012802,0.9780657887458801,0.8018405437469482
YOL112W,YNR018W,0,-1.4302459,0.10902422666549683,0.9780657887458801,0.8019405603408813
YCR030C,YNL286W,0,-1.4309886,0.10901211202144623,0.9780657887458801,0.8020406365394592
YDR424C,YDL145C,0,-1.4311031,0.10899999737739563,0.9780657887458801,0.8021406531333923
YOR002W,YJL005W,0,-1.4317223,0.10898789018392563,0.9780657887458801,0.8022406697273254
YOR001W,YKR057W,0,-1.4320093,0.10897578299045563,0.9780657887458801,0.8023406863212585
YKR077W,YPL083C,0,-1.432117,0.10896367579698563,0.9780657887458801,0.8024407029151917
YKR056W,YMR061W,0,-1.4334004,0.10895157605409622,0.9780657887458801,0.8025407791137695
YLR212C,YDR501W,0,-1.433615,0.10893947631120682,0.9780657887458801,0.8026407957077026
YDL074C,YLR289W,0,-1.4341793,0.10892738401889801,0.9780657887458801,0.8027408123016357
YPL202C,YGR296W,0,-1.4349985,0.1089152917265892,0.9780657887458801,0.8028408288955688
YIL019W,YDR362C,0,-1.4351981,0.1089031994342804,0.9780657887458801,0.8029409050941467
YGR171C,YPR169W,0,-1.4359076,0.10889110714197159,0.9780657887458801,0.8030409216880798
YIL124W,YEL050C,0,-1.437088,0.10887902230024338,0.9780657887458801,0.8031409382820129
YIL036W,YPL173W,0,-1.4377509,0.10886693745851517,0.9780657887458801,0.803240954875946
YJR048W,YDR197W,0,-1.4390295,0.10885486006736755,0.9780657887458801,0.8033410310745239
YGL115W,YNL167C,0,-1.4390326,0.10884278267621994,0.9780657887458801,0.803441047668457
YER028C,YGL195W,0,-1.4393884,0.10883070528507233,0.9780657887458801,0.8035410642623901
YPR026W,YMR065W,0,-1.4405195,0.10881863534450531,0.9780657887458801,0.8036410808563232
YDR030C,YML107C,0,-1.4406894,0.1088065654039383,0.9780657887458801,0.8037410974502563
YNL094W,YPR204W,0,-1.4419668,0.10879450291395187,0.9780657887458801,0.8038411736488342
YIL008W,YPR068C,0,-1.4452434,0.10878243297338486,0.9780657887458801,0.8039411902427673
YDR377W,YLR172C,0,-1.4455287,0.10877037048339844,0.9780657887458801,0.8040412068367004
YLL067C,YNL212W,0,-1.4457531,0.10875831544399261,0.9780657887458801,0.8041412234306335
YLR020C,YNR074C,0,-1.4465773,0.10874626040458679,0.9780657887458801,0.8042412996292114
YGR155W,YGR112W,0,-1.4471062,0.10873420536518097,0.9780657887458801,0.8043413162231445
YPR091C,YBL025W,0,-1.4483514,0.10872215777635574,0.9780657887458801,0.8044413328170776
YLR452C,YGL095C,0,-1.4487077,0.10871010273694992,0.9780657887458801,0.8045413494110107
YOR019W,YIL004C,0,-1.4494407,0.10869806259870529,0.9780657887458801,0.8046413660049438
YJL057C,YBR086C,0,-1.4496646,0.10868601500988007,0.9780657887458801,0.8047414422035217
YNL191W,YLR196W,0,-1.4505365,0.10867397487163544,0.9780657887458801,0.8048414587974548
YDR002W,YDR121W,0,-1.4513277,0.1086619421839714,0.9780657887458801,0.8049414753913879
YLR348C,YCL061C,0,-1.452788,0.10864990949630737,0.9780657887458801,0.805041491985321
YMR233W,YDL093W,0,-1.4536942,0.10863787680864334,0.9780657887458801,0.8051415681838989
YLL006W,YDL202W,0,-1.4550061,0.10862584412097931,0.9780657887458801,0.805241584777832
YKR069W,YNL041C,0,-1.456175,0.10861381888389587,0.9780657887458801,0.8053416013717651
YOR159C,YGL158W,0,-1.4562005,0.10860179364681244,0.9780657887458801,0.8054416179656982
YJL102W,YOR046C,0,-1.456757,0.108589768409729,0.9780657887458801,0.8055416345596313
YJR107W,YCL036W,0,-1.4568689,0.10857775062322617,0.9780657887458801,0.8056417107582092
YLL061W,YPL094C,0,-1.456972,0.10856574028730392,0.9780657887458801,0.8057417273521423
YNL282W,YOL125W,0,-1.45759,0.10855372250080109,0.9780657887458801,0.8058417439460754
YGR056W,YNL020C,0,-1.4577876,0.10854171216487885,0.9780657887458801,0.8059417605400085
YMR165C,YDR365C,0,-1.4578273,0.1085297018289566,0.9780657887458801,0.8060418367385864
YLR301W,YGR089W,0,-1.4581418,0.10851769894361496,0.9780657887458801,0.8061418533325195
YOL026C,YKL010C,0,-1.4583497,0.10850569605827332,0.9780657887458801,0.8062418699264526
YNL118C,YKL017C,0,-1.4586527,0.10849369317293167,0.9780657887458801,0.8063418865203857
YPL104W,YHR096C,0,-1.4594243,0.10848169773817062,0.9780657887458801,0.8064419031143188
YOL077C,YJL094C,0,-1.4607363,0.10846970230340958,0.9780657887458801,0.8065419793128967
YJL025W,YIL038C,0,-1.4612123,0.10845771431922913,0.9780657887458801,0.8066419959068298
YDR420W,YNL020C,0,-1.4612614,0.10844571888446808,0.9780657887458801,0.8067420125007629
YPR031W,YOR215C,0,-1.4617908,0.10843373835086823,0.9780657887458801,0.806842029094696
YPL168W,YKL134C,0,-1.463043,0.10842175036668777,0.9780657887458801,0.8069421052932739
YJL046W,YMR037C,0,-1.4639153,0.10840976983308792,0.9780657887458801,0.807042121887207
YPL234C,YEL061C,0,-1.4639734,0.10839778929948807,0.9780657887458801,0.8071421384811401
YJL125C,YJR143C,0,-1.4639837,0.10838581621646881,0.9780657887458801,0.8072421550750732
YJL148W,YPR110C,0,-1.4644313,0.10837384313344955,0.9780657887458801,0.8073422312736511
YKL028W,YNL243W,0,-1.4648771,0.1083618700504303,0.9780657887458801,0.8074422478675842
YKR007W,YCR002C,0,-1.4653035,0.10834989696741104,0.9780657887458801,0.8075422644615173
YDR510W,YPR036W,0,-1.4663682,0.10833793133497238,0.9780657887458801,0.8076422810554504
YJR040W,YPR072W,0,-1.4665159,0.10832597315311432,0.9780657887458801,0.8077422976493835
YJL206C,YLR214W,0,-1.4666233,0.10831401497125626,0.9780657887458801,0.8078423738479614
YKL210W,YML107C,0,-1.4668981,0.1083020567893982,0.9780657887458801,0.8079423904418945
YEL053C,YPL099C,0,-1.4670513,0.10829009860754013,0.9780657887458801,0.8080424070358276
YIL115C,YML040W,0,-1.4673531,0.10827814787626266,0.9780657887458801,0.8081424236297607
YGL212W,YER130C,0,-1.4675179,0.1082661971449852,0.9780657887458801,0.8082424998283386
YBL008W,YPR057W,0,-1.468354,0.10825424641370773,0.9780657887458801,0.8083425164222717
YJL029C,YIL076W,0,-1.4685558,0.10824230313301086,0.9780657887458801,0.8084425330162048
YHL032C,YDL220C,0,-1.4694939,0.108230359852314,0.9780657887458801,0.8085425496101379
YDR483W,YGL105W,0,-1.4704067,0.10821842402219772,0.9780657887458801,0.808642566204071
YDL015C,YMR065W,0,-1.4709463,0.10820648819208145,0.9780657887458801,0.8087426424026489
YLL055W,YLR247C,0,-1.4719332,0.10819455236196518,0.9780657887458801,0.808842658996582
YPL113C,YKL003C,0,-1.4721789,0.10818261653184891,0.9780657887458801,0.8089426755905151
YOR124C,YOR066W,0,-1.473243,0.10817068815231323,0.9780657887458801,0.8090426921844482
YBR160W,YMR256C,0,-1.4733477,0.10815876722335815,0.9780657887458801,0.8091427683830261
YDR531W,YDL059C,0,-1.4746087,0.10814683884382248,0.9780657887458801,0.8092427849769592
YNL102W,YBR043C,0,-1.4746212,0.1081349179148674,0.9780657887458801,0.8093428015708923
YNL066W,YOR242C,1,-1.4771335,0.10823322087526321,0.9790627956390381,0.8093428015708923
YDR129C,YOR201C,0,-1.4771503,0.10822129249572754,0.9790627956390381,0.8094428181648254
YPL038W,YPL050C,0,-1.4771805,0.10820936411619186,0.9790627956390381,0.8095428347587585
YOR266W,YGR029W,0,-1.478076,0.10819744318723679,0.9790627956390381,0.8096429109573364
YER032W,YOL112W,0,-1.4786488,0.10818552225828171,0.9790627956390381,0.8097429275512695
YDL198C,YIL108W,0,-1.4791079,0.10817360877990723,0.9790627956390381,0.8098429441452026
YBL014C,YJR036C,0,-1.4806423,0.10816169530153275,0.9790627956390381,0.8099429607391357
YML059C,YGL168W,0,-1.4811176,0.10814978182315826,0.9790627956390381,0.8100430369377136
YBR248C,YDR059C,0,-1.4813218,0.10813786834478378,0.9790627956390381,0.8101430535316467
YDR239C,YPR184W,0,-1.4813905,0.1081259623169899,0.9790627956390381,0.8102430701255798
YLR106C,YKL011C,0,-1.4822788,0.10811405628919601,0.9790627956390381,0.8103430867195129
YJL117W,YLR029C,0,-1.4823495,0.10810215771198273,0.9790627956390381,0.810443103313446
YGL157W,YDR054C,0,-1.4826539,0.10809025913476944,0.9790627956390381,0.8105431795120239
YOR363C,YEL037C,0,-1.4841571,0.10807836055755615,0.9790627956390381,0.810643196105957
YDR045C,YCL055W,0,-1.4846454,0.10806646943092346,0.9790627956390381,0.8107432126998901
YGR212W,YGR211W,0,-1.4850245,0.10805457830429077,0.9790627956390381,0.8108432292938232
YOR317W,YMR188C,0,-1.485616,0.10804268717765808,0.9790627956390381,0.8109433054924011
YDR253C,YLR360W,0,-1.4864466,0.10803080350160599,0.9790627956390381,0.8110433220863342
YGL195W,YLR234W,0,-1.4866049,0.1080189198255539,0.9790627956390381,0.8111433386802673
YOR207C,YNL068C,0,-1.486686,0.1080070361495018,0.9790627956390381,0.8112433552742004
YDR517W,YBR214W,0,-1.4876274,0.1079951599240303,0.9790627956390381,0.8113434314727783
YAL031C,YDL097C,0,-1.4886426,0.10798328369855881,0.9790627956390381,0.8114434480667114
YLR380W,YDR135C,0,-1.4889185,0.10797141492366791,0.9790627956390381,0.8115434646606445
YOL112W,YLR228C,0,-1.4890643,0.10795954614877701,0.9790627956390381,0.8116434812545776
YLR019W,YEL001C,0,-1.4900914,0.10794767737388611,0.9790627956390381,0.8117434978485107
YPL103C,YGL174W,0,-1.4901156,0.10793580859899521,0.9790627956390381,0.8118435740470886
YPL095C,YDR246W,0,-1.4912834,0.1079239472746849,0.9790627956390381,0.8119435906410217
YPR120C,YML088W,0,-1.4914197,0.1079120859503746,0.9790627956390381,0.8120436072349548
YGL163C,YKL099C,0,-1.492033,0.1079002320766449,0.9790627956390381,0.8121436238288879
YOR246C,YMR019W,0,-1.4922256,0.10788837820291519,0.9790627956390381,0.8122437000274658
YER133W,YDR362C,0,-1.493082,0.10787652432918549,0.9790627956390381,0.8123437166213989
YPL038W,YGL078C,0,-1.4947023,0.10786467790603638,0.9790627956390381,0.812443733215332
YNL027W,YBR049C,0,-1.4948633,0.10785283148288727,0.9790627956390381,0.8125437498092651
YKR054C,YBR029C,0,-1.495954,0.10784098505973816,0.9790627956390381,0.8126437664031982
YGL142C,YLR115W,0,-1.4965622,0.10782914608716965,0.9790627956390381,0.8127438426017761
YLL012W,YLR384C,0,-1.4967089,0.10781730711460114,0.9790627956390381,0.8128438591957092
YOR091W,YGL018C,0,-1.4968057,0.10780546814203262,0.9790627956390381,0.8129438757896423
YEL036C,YDL043C,0,-1.4970026,0.10779363662004471,0.9790627956390381,0.8130438923835754
YBR125C,YDL143W,0,-1.4972483,0.1077818050980568,0.9790627956390381,0.8131439685821533
YPR055W,YDL117W,0,-1.4973431,0.10776997357606888,0.9790627956390381,0.8132439851760864
YLR183C,YOR249C,0,-1.497396,0.10775814950466156,0.9790627956390381,0.8133440017700195
YLR175W,YBR131W,0,-1.4974132,0.10774632543325424,0.9790627956390381,0.8134440183639526
YER030W,YDL019C,0,-1.4975865,0.10773450136184692,0.9790627956390381,0.8135440349578857
YDR260C,YNL149C,0,-1.4978135,0.1077226847410202,0.9790627956390381,0.8136441111564636
YHR069C,YDL141W,0,-1.4984809,0.10771086812019348,0.9790627956390381,0.8137441277503967
YLR181C,YGL127C,0,-1.4985844,0.10769905894994736,0.9790627956390381,0.8138441443443298
YEL065W,YOL116W,0,-1.4991395,0.10768724977970123,0.9790627956390381,0.8139441609382629
YDR189W,YDR137W,0,-1.499831,0.10767544060945511,0.9790627956390381,0.8140442371368408
YBR172C,YPL204W,0,-1.5006061,0.10766363143920898,0.9790627956390381,0.8141442537307739
YLR401C,YDR429C,0,-1.50076,0.10765182971954346,0.9790627956390381,0.814244270324707
YDL022W,YKL016C,0,-1.5008552,0.10764002799987793,0.9790627956390381,0.8143442869186401
YDR146C,YOR106W,0,-1.5009657,0.107628233730793,0.9790627956390381,0.8144443035125732
YIL134W,YBL074C,0,-1.5024227,0.10761643946170807,0.9790627956390381,0.8145443797111511
YDR420W,YCL068C,0,-1.5026667,0.10760464519262314,0.9790627956390381,0.8146443963050842
YGL211W,YOR151C,0,-1.5029955,0.1075928583741188,0.9790627956390381,0.8147444128990173
YMR262W,YML097C,0,-1.5038067,0.10758107155561447,0.9790627956390381,0.8148444294929504
YPR106W,YOL065C,0,-1.5040953,0.10756928473711014,0.9790627956390381,0.8149445056915283
YLR150W,YOR156C,0,-1.5050104,0.1075575053691864,0.9790627956390381,0.8150445222854614
YDR390C,YMR227C,0,-1.5060472,0.10754572600126266,0.9790627956390381,0.8151445388793945
YNR031C,YDR332W,0,-1.5068841,0.10753394663333893,0.9790627956390381,0.8152445554733276
YOR278W,YBL034C,0,-1.5078497,0.10752217471599579,0.9790627956390381,0.8153446316719055
YOR132W,YDR390C,0,-1.5088103,0.10751040279865265,0.9790627956390381,0.8154446482658386
YML054C,YBR264C,0,-1.5094553,0.10749863088130951,0.9790627956390381,0.8155446648597717
YAR019C,YER045C,0,-1.5108944,0.10748686641454697,0.9790627956390381,0.8156446814537048
YGL063W,YLR129W,0,-1.5115588,0.10747510194778442,0.9790627956390381,0.8157446980476379
YLR383W,YLR404W,0,-1.5121261,0.10746333748102188,0.9790627956390381,0.8158447742462158
YPL040C,YDR026C,0,-1.5126837,0.10745158046483994,0.9790627956390381,0.8159447908401489
YMR200W,YGR046W,0,-1.5128988,0.10743982344865799,0.9790627956390381,0.816044807434082
YKL064W,YER027C,0,-1.5133016,0.10742807388305664,0.9790627956390381,0.8161448240280151
YMR233W,YDL008W,0,-1.5133306,0.1074163168668747,0.9790627956390381,0.816244900226593
YOR388C,YPR048W,0,-1.5136071,0.10740457475185394,0.9790627956390381,0.8163449168205261
YDR390C,YHL025W,0,-1.5143652,0.1073928251862526,0.9790627956390381,0.8164449334144592
YLR418C,YCL034W,0,-1.5159267,0.10738108307123184,0.9790627956390381,0.8165449500083923
YLR418C,YMR282C,0,-1.5159863,0.10736934095621109,0.9790627956390381,0.8166449666023254
YMR125W,YOL003C,0,-1.5167074,0.10735760629177094,0.9790627956390381,0.8167450428009033
YJL004C,YMR232W,0,-1.51746,0.10734587162733078,0.9790627956390381,0.8168450593948364
YML096W,YNL044W,0,-1.5196621,0.10733413696289062,0.9790627956390381,0.8169450759887695
YGL096W,YER167W,0,-1.520176,0.10732240229845047,0.9790627956390381,0.8170450925827026
YML057W,YLR439W,0,-1.5205017,0.10731067508459091,0.9790627956390381,0.8171451687812805
YFR024C-A,YDR435C,0,-1.5205504,0.10729894787073135,0.9790627956390381,0.8172451853752136
YPL172C,YOL108C,0,-1.5217595,0.10728722810745239,0.9790627956390381,0.8173452019691467
YOL096C,YER154W,0,-1.5236565,0.10727550834417343,0.9790627956390381,0.8174452185630798
YDR091C,YNL223W,0,-1.5244825,0.10726378858089447,0.9790627956390381,0.8175452351570129
YBR170C,YLR248W,0,-1.5257493,0.1072520762681961,0.9790627956390381,0.8176453113555908
YMR118C,YCR030C,0,-1.5262856,0.10724036395549774,0.9790627956390381,0.8177453279495239
YHR156C,YGL070C,0,-1.526437,0.10722865164279938,0.9790627956390381,0.817845344543457
YLR291C,YNL073W,0,-1.5272967,0.10721694678068161,0.9790627956390381,0.8179453611373901
YDR379W,YGR223C,0,-1.528801,0.10720524191856384,0.9790627956390381,0.818045437335968
YDL100C,YML027W,0,-1.5295038,0.10719353705644608,0.9790627956390381,0.8181454539299011
YDR315C,YJR110W,0,-1.530107,0.1071818396449089,0.9790627956390381,0.8182454705238342
YHR148W,YIL039W,0,-1.5305514,0.10717014223337173,0.9790627956390381,0.8183454871177673
YNR017W,YDR496C,0,-1.5307616,0.10715844482183456,0.9790627956390381,0.8184455633163452
YDL018C,YLR028C,0,-1.5325904,0.10714675486087799,0.9790627956390381,0.8185455799102783
YPL138C,YNL081C,0,-1.5327499,0.10713506489992142,0.9790627956390381,0.8186455965042114
YMR026C,YAR002C-A,0,-1.5332509,0.10712337493896484,0.9790627956390381,0.8187456130981445
YIR018W,YMR013C,0,-1.533439,0.10711169242858887,0.9790627956390381,0.8188456296920776
YER165W,YPL126W,0,-1.533794,0.10710000991821289,0.9790627956390381,0.8189457058906555
YPL157W,YOL052C,0,-1.5338261,0.10708833485841751,0.9790627956390381,0.8190457224845886
YGR078C,YDR179C,0,-1.5345813,0.10707665234804153,0.9790627956390381,0.8191457390785217
YEL016C,YCR052W,0,-1.5347865,0.10706497728824615,0.9790627956390381,0.8192457556724548
YEL062W,YIL167W,0,-1.5354517,0.10705330967903137,0.9790627956390381,0.8193458318710327
YOR258W,YAR019C,0,-1.5361376,0.10704164206981659,0.9790627956390381,0.8194458484649658
YCL051W,YDR031W,0,-1.5363104,0.1070299744606018,0.9790627956390381,0.8195458650588989
YOR207C,YOL051W,0,-1.53731,0.10701830685138702,0.9790627956390381,0.819645881652832
YJL033W,YLR200W,0,-1.5381833,0.10700664669275284,0.9790627956390381,0.8197458982467651
YDR444W,YNL156C,0,-1.5382377,0.10699498653411865,0.9790627956390381,0.819845974445343
YMR312W,YLR417W,0,-1.5385228,0.10698333382606506,0.9790627956390381,0.8199459910392761
YIR036C,YJL102W,0,-1.5389683,0.10697168111801147,0.9790627956390381,0.8200460076332092
YGR122W,YDR325W,0,-1.5408733,0.10696002840995789,0.9790627956390381,0.8201460242271423
YPR175W,YDR088C,0,-1.5409722,0.1069483757019043,0.9790627956390381,0.8202461004257202
YDL069C,YKR027W,0,-1.5412549,0.1069367304444313,0.9790627956390381,0.8203461170196533
YHR190W,YDR026C,0,-1.5415282,0.10692508518695831,0.9790627956390381,0.8204461336135864
YLR373C,YML102W,0,-1.5429286,0.10691344738006592,0.9790627956390381,0.8205461502075195
YJL030W,YML086C,0,-1.5453415,0.10690180957317352,0.9790627956390381,0.8206461668014526
YOR026W,YDR463W,0,-1.5463083,0.10689017176628113,0.9790627956390381,0.8207462430000305
YPL207W,YPL225W,0,-1.5463526,0.10687853395938873,0.9790627956390381,0.8208462595939636
YJL073W,YML060W,0,-1.5479008,0.10686690360307693,0.9790627956390381,0.8209462761878967
YDR312W,YLR193C,0,-1.548483,0.10685528069734573,0.9790627956390381,0.8210462927818298
YLR106C,YDR527W,0,-1.5492059,0.10684365034103394,0.9790627956390381,0.8211463689804077
YMR179W,YER164W,0,-1.5497687,0.10683202743530273,0.9790627956390381,0.8212463855743408
YNL061W,YBR153W,0,-1.5517626,0.10682040452957153,0.9790627956390381,0.8213464021682739
YKL048C,YNL151C,0,-1.552464,0.10680878907442093,0.9790627956390381,0.821446418762207
YLR283W,YOR285W,0,-1.5524815,0.10679717361927032,0.9790627956390381,0.8215464353561401
YHR170W,YOL066C,0,-1.5534955,0.10678555816411972,0.9790627956390381,0.821646511554718
YBL052C,YHR154W,0,-1.5573478,0.10677395015954971,0.9790627956390381,0.8217465281486511
YHR067W,YBR043C,0,-1.5576313,0.1067623421549797,0.9790627956390381,0.8218465447425842
YPL180W,YOR195W,0,-1.5592327,0.1067507341504097,0.9790627956390381,0.8219465613365173
YLR189C,YEL050C,0,-1.5593537,0.10673913359642029,0.9790627956390381,0.8220466375350952
YJR065C,YKR008W,0,-1.5597166,0.10672753304243088,0.9790627956390381,0.8221466541290283
YLR192C,YPL208W,0,-1.5599363,0.10671593248844147,0.9790627956390381,0.8222466707229614
YPL188W,YDR248C,0,-1.5600729,0.10670433193445206,0.9790627956390381,0.8223466873168945
YGR089W,YMR296C,0,-1.560946,0.10669273883104324,0.9790627956390381,0.8224467635154724
YCL061C,YER020W,0,-1.5614145,0.10668115317821503,0.9790627956390381,0.8225467801094055
YLR147C,YDR420W,0,-1.5617559,0.10666956007480621,0.9790627956390381,0.8226467967033386
YER061C,YDR118W,0,-1.56453,0.106657974421978,0.9790627956390381,0.8227468132972717
YGL233W,YLR430W,0,-1.5659819,0.10664639621973038,0.9790627956390381,0.8228468298912048
YHR118C,YGR229C,0,-1.5660317,0.10663481056690216,0.9790627956390381,0.8229469060897827
YNR031C,YDR284C,0,-1.5664953,0.10662323236465454,0.9790627956390381,0.8230469226837158
YDR091C,YGR159C,0,-1.5670545,0.10661166161298752,0.9790627956390381,0.8231469392776489
YNL166C,YJR045C,0,-1.5672798,0.1066000834107399,0.9790627956390381,0.823246955871582
YJL125C,YOR209C,0,-1.5673172,0.10658851265907288,0.9790627956390381,0.8233470320701599
YCL017C,YPL042C,0,-1.5676374,0.10657694935798645,0.9790627956390381,0.823447048664093
YOR353C,YDR284C,0,-1.5677481,0.10656538605690002,0.9790627956390381,0.8235470652580261
YGL203C,YLR316C,0,-1.5679252,0.1065538227558136,0.9790627956390381,0.8236470818519592
YDR436W,YMR037C,0,-1.5679765,0.10654225945472717,0.9790627956390381,0.8237470984458923
YDR030C,YPL043W,0,-1.5681008,0.10653070360422134,0.9790627956390381,0.8238471746444702
YDR107C,YKL130C,0,-1.5706942,0.10651914775371552,0.9790627956390381,0.8239471912384033
YDL045W-A,YNL137C,0,-1.5710605,0.10650759190320969,0.9790627956390381,0.8240472078323364
YPL064C,YHR012W,0,-1.5714022,0.10649604350328445,0.9790627956390381,0.8241472244262695
YOR258W,YPL038W,0,-1.5720806,0.10648449510335922,0.9790627956390381,0.8242473006248474
YBL069W,YER044C-A,0,-1.5723841,0.10647294670343399,0.9790627956390381,0.8243473172187805
YLR248W,YCL059C,0,-1.5726378,0.10646140575408936,0.9790627956390381,0.8244473338127136
YLR212C,YGL115W,0,-1.574412,0.10644986480474472,0.9790627956390381,0.8245473504066467
YGL212W,YKR097W,0,-1.575094,0.10643832385540009,0.9790627956390381,0.8246473670005798
YOR244W,YGR080W,0,-1.5751107,0.10642679035663605,0.9790627956390381,0.8247474431991577
YEL051W,YDR121W,0,-1.575359,0.10641525685787201,0.9790627956390381,0.8248474597930908
YDR172W,YJR092W,0,-1.5758047,0.10640373080968857,0.9790627956390381,0.8249474763870239
YOL055C,YDR393W,0,-1.5758872,0.10639219731092453,0.9790627956390381,0.825047492980957
YKL053C-A,YPL175W,0,-1.5769565,0.10638067126274109,0.9790627956390381,0.8251475691795349
YPL103C,YKR007W,0,-1.5774002,0.10636915266513824,0.9790627956390381,0.825247585773468
YAL041W,YPL273W,0,-1.5776445,0.1063576266169548,0.9790627956390381,0.8253476023674011
YLR212C,YLR295C,0,-1.5776556,0.10634611546993256,0.9790627956390381,0.8254476189613342
YER113C,YNL084C,0,-1.577967,0.10633459687232971,0.9790627956390381,0.8255476355552673
YOL080C,YHR117W,0,-1.5783912,0.10632308572530746,0.9790627956390381,0.8256477117538452
YDR301W,YPL149W,0,-1.5788281,0.10631157457828522,0.9790627956390381,0.8257477283477783
YML036W,YJL186W,0,-1.578982,0.10630006343126297,0.9790627956390381,0.8258477449417114
YLR010C,YPR178W,0,-1.5792265,0.10628855973482132,0.9790627956390381,0.8259477615356445
YGR170W,YPL043W,0,-1.5793214,0.10627705603837967,0.9790627956390381,0.8260478377342224
YOL010W,YDR012W,0,-1.5802947,0.10626555234193802,0.9790627956390381,0.8261478543281555
YGL028C,YLR040C,1,-1.5807838,0.10636226087808609,0.980059802532196,0.8261478543281555
YLR107W,YOL057W,0,-1.5823255,0.10635074973106384,0.980059802532196,0.8262478709220886
YMR285C,YPR200C,0,-1.5836234,0.10633924603462219,0.980059802532196,0.8263478875160217
YLL003W,YLR221C,0,-1.5845938,0.10632774233818054,0.980059802532196,0.8264479637145996
YDL112W,YNR053C,0,-1.5847764,0.10631624609231949,0.980059802532196,0.8265479803085327
YLR307W,YEL040W,1,-1.5849705,0.10641288757324219,0.981056809425354,0.8265479803085327
YPL271W,YFR041C,0,-1.5854204,0.10640138387680054,0.981056809425354,0.8266479969024658
YPL210C,YDL059C,0,-1.5865142,0.10638988018035889,0.981056809425354,0.8267480134963989
YER184C,YBL021C,0,-1.586659,0.10637837648391724,0.981056809425354,0.826848030090332
YGR046W,YPL100W,0,-1.5878122,0.10636688023805618,0.981056809425354,0.8269481062889099
YOR201C,YLR442C,0,-1.5894353,0.10635538399219513,0.981056809425354,0.827048122882843
YER007C-A,YER139C,0,-1.591373,0.10634388774633408,0.981056809425354,0.8271481394767761
YKL063C,YGR101W,0,-1.5917001,0.10633239895105362,0.981056809425354,0.8272481560707092
YJR110W,YDL171C,0,-1.5917875,0.10632091015577316,0.981056809425354,0.8273482322692871
YDR471W,YOR172W,0,-1.5923306,0.1063094213604927,0.981056809425354,0.8274482488632202
YPR198W,YOR098C,0,-1.5927036,0.10629794001579285,0.981056809425354,0.8275482654571533
YOR126C,YNL263C,0,-1.5931087,0.10628645867109299,0.981056809425354,0.8276482820510864
YOL028C,YMR171C,0,-1.5935628,0.10627497732639313,0.981056809425354,0.8277482986450195
YJL187C,YDR041W,0,-1.5936112,0.10626349598169327,0.981056809425354,0.8278483748435974
YOR150W,YEL038W,0,-1.5944407,0.106252022087574,0.981056809425354,0.8279483914375305
YBL055C,YOR057W,0,-1.5951933,0.10624055564403534,0.981056809425354,0.8280484080314636
YAL041W,YDR190C,0,-1.5953953,0.10622908174991608,0.981056809425354,0.8281484246253967
YIL101C,YCR086W,0,-1.595569,0.10621761530637741,0.981056809425354,0.8282485008239746
YOR357C,YNR047W,0,-1.5959299,0.10620614886283875,0.981056809425354,0.8283485174179077
YEL006W,YDR229W,0,-1.5960245,0.10619468986988068,0.981056809425354,0.8284485340118408
YPR032W,YKL020C,0,-1.5964082,0.10618323087692261,0.981056809425354,0.8285485506057739
YOR251C,YGL236C,0,-1.5966763,0.10617177188396454,0.981056809425354,0.828648567199707
YOR257W,YKL171W,0,-1.5969396,0.10616032034158707,0.981056809425354,0.8287486433982849
YLR009W,YDR159W,0,-1.5975542,0.1061488687992096,0.981056809425354,0.828848659992218
YKL134C,YIL064W,0,-1.5982838,0.10613741725683212,0.981056809425354,0.8289486765861511
YDR434W,YIL005W,0,-1.5999964,0.10612597316503525,0.981056809425354,0.8290486931800842
YDR060W,YPL093W,0,-1.6007636,0.10611452907323837,0.981056809425354,0.8291487693786621
YDR322W,YIL096C,0,-1.6015112,0.1061030849814415,0.981056809425354,0.8292487859725952
YIL128W,YDR298C,0,-1.6060162,0.10609164088964462,0.981056809425354,0.8293488025665283
YBL079W,YDR088C,0,-1.6061368,0.10608020424842834,0.981056809425354,0.8294488191604614
YKR055W,YOR117W,0,-1.6062386,0.10606877505779266,0.981056809425354,0.8295488357543945
YMR284W,YJR026W,0,-1.6067866,0.10605733841657639,0.981056809425354,0.8296489119529724
YOR145C,YHR025W,0,-1.6074319,0.1060459092259407,0.981056809425354,0.8297489285469055
YNL238W,YDL006W,0,-1.6086645,0.10603448003530502,0.981056809425354,0.8298489451408386
YDR490C,YNL158W,0,-1.6090925,0.10602305829524994,0.981056809425354,0.8299489617347717
YPL002C,YNL310C,0,-1.6094444,0.10601163655519485,0.981056809425354,0.8300490379333496
YDR473C,YPL252C,0,-1.6114032,0.10600021481513977,0.981056809425354,0.8301490545272827
YIL007C,YLR103C,0,-1.6114104,0.10598880052566528,0.981056809425354,0.8302490711212158
YGR120C,YNL118C,0,-1.611533,0.1059773862361908,0.981056809425354,0.8303490877151489
YER142C,YGL021W,0,-1.6115909,0.10596597194671631,0.981056809425354,0.8304491639137268
YIL026C,YPL099C,0,-1.6136566,0.10595455765724182,0.981056809425354,0.8305491805076599
YDR263C,YPR017C,0,-1.6136814,0.10594315081834793,0.981056809425354,0.830649197101593
YDL101C,YMR193W,0,-1.6143663,0.10593174397945404,0.981056809425354,0.8307492136955261
YNL008C,YOR148C,0,-1.6183908,0.10592034459114075,0.981056809425354,0.8308492302894592
YBR038W,YOR207C,0,-1.6189928,0.10590894520282745,0.981056809425354,0.8309493064880371
YDR108W,YOR189W,0,-1.6193309,0.10589754581451416,0.981056809425354,0.8310493230819702
YML037C,YLR277C,0,-1.6203529,0.10588615387678146,0.981056809425354,0.8311493396759033
YGR083C,YOR158W,0,-1.6225694,0.10587475448846817,0.981056809425354,0.8312493562698364
YBR166C,YPR008W,0,-1.623539,0.10586337000131607,0.981056809425354,0.8313494324684143
YDR515W,YCL024W,0,-1.6247609,0.10585197806358337,0.981056809425354,0.8314494490623474
YGL062W,YDR086C,0,-1.6248795,0.10584059357643127,0.981056809425354,0.8315494656562805
YHR111W,YMR075W,0,-1.6254342,0.10582920908927917,0.981056809425354,0.8316494822502136
YER131W,YOR001W,0,-1.6258013,0.10581783205270767,0.981056809425354,0.8317494988441467
YGR099W,YGR276C,0,-1.6269414,0.10580645501613617,0.981056809425354,0.8318495750427246
YDR330W,YLR360W,0,-1.6271929,0.10579507797956467,0.981056809425354,0.8319495916366577
YGL068W,YOR287C,0,-1.6272926,0.10578370094299316,0.981056809425354,0.8320496082305908
YOR039W,YIL038C,0,-1.6288812,0.10577233135700226,0.981056809425354,0.8321496248245239
YLR221C,YBR164C,0,-1.630612,0.10576096177101135,0.981056809425354,0.8322497010231018
YLR327C,YKL138C,0,-1.6311283,0.10574959963560104,0.981056809425354,0.8323497176170349
YFR045W,YLR096W,0,-1.6311489,0.10573823004961014,0.981056809425354,0.832449734210968
YDR389W,YOR359W,0,-1.6311524,0.10572687536478043,0.981056809425354,0.8325497508049011
YGL107C,YOR283W,0,-1.6312416,0.10571551322937012,0.981056809425354,0.8326497673988342
YMR049C,YDR026C,0,-1.6317253,0.1057041585445404,0.981056809425354,0.8327498435974121
YKL005C,YHR041C,0,-1.6318437,0.1056928038597107,0.981056809425354,0.8328498601913452
YMR004W,YBR281C,0,-1.6322789,0.10568144917488098,0.981056809425354,0.8329498767852783
YOR217W,YML036W,0,-1.6329516,0.10567010194063187,0.981056809425354,0.8330498933792114
YLR026C,YOR334W,0,-1.6329684,0.10565875470638275,0.981056809425354,0.8331499695777893
YPR161C,YJL200C,0,-1.6334671,0.10564741492271423,0.981056809425354,0.8332499861717224
YOR244W,YDR004W,0,-1.6338022,0.10563606768846512,0.981056809425354,0.8333500027656555
YML032C,YDR292C,0,-1.6342961,0.1056247353553772,0.981056809425354,0.8334500193595886
YLR259C,YOR020C,0,-1.6354413,0.10561339557170868,0.981056809425354,0.8335500359535217
YCL029C,YDR469W,0,-1.6381762,0.10560206323862076,0.981056809425354,0.8336501121520996
YDR055W,YPR019W,0,-1.6404173,0.10559073090553284,0.981056809425354,0.8337501287460327
YGR165W,YPR054W,0,-1.6415489,0.10557939857244492,0.981056809425354,0.8338501453399658
YAL056W,YNL314W,0,-1.6433883,0.10556807368993759,0.981056809425354,0.8339501619338989
YKR069W,YNR040W,0,-1.6446184,0.10555674880743027,0.981056809425354,0.8340502381324768
YJL127C,YAL056W,0,-1.6468971,0.10554542392492294,0.981056809425354,0.8341502547264099
YDR062W,YER027C,0,-1.6481318,0.10553410649299622,0.981056809425354,0.834250271320343
YGR175C,YLR019W,0,-1.6486503,0.10552278906106949,0.981056809425354,0.8343502879142761
YHR149C,YML133C,0,-1.6495754,0.10551147162914276,0.981056809425354,0.834450364112854
YDR026C,YLR466W,0,-1.6498458,0.10550016164779663,0.981056809425354,0.8345503807067871
YHL008C,YMR203W,0,-1.6498811,0.1054888516664505,0.981056809425354,0.8346503973007202
YGR179C,YHR142W,0,-1.6510782,0.10547754168510437,0.981056809425354,0.8347504138946533
YCR092C,YFR049W,0,-1.6527379,0.10546623915433884,0.981056809425354,0.8348504304885864
YOL154W,YKR102W,1,-1.6530471,0.10556210577487946,0.982053816318512,0.8348504304885864
YLL004W,YER112W,0,-1.6535139,0.10555079579353333,0.982053816318512,0.8349505066871643
YMR074C,YJL095W,0,-1.6548891,0.1055394858121872,0.982053816318512,0.8350505232810974
YML040W,YJL058C,0,-1.6553054,0.10552817583084106,0.982053816318512,0.8351505398750305
YEL031W,YNL213C,0,-1.6553895,0.10551687330007553,0.982053816318512,0.8352505564689636
YGR283C,YLR306W,0,-1.6560087,0.10550557076931,0.982053816318512,0.8353506326675415
YDR196C,YLR145W,0,-1.6580579,0.10549426823854446,0.982053816318512,0.8354506492614746
YLL055W,YDR238C,0,-1.6582928,0.10548297315835953,0.982053816318512,0.8355506658554077
YNR037C,YPR042C,0,-1.6584499,0.10547167807817459,0.982053816318512,0.8356506824493408
YDR052C,YMR166C,0,-1.6599591,0.10546038299798965,0.982053816318512,0.8357506990432739
YAL033W,YDL065C,0,-1.6599629,0.10544909536838531,0.982053816318512,0.8358507752418518
YPL218W,YGR004W,0,-1.6611137,0.10543780773878098,0.982053816318512,0.8359507918357849
YPR118W,YOR294W,0,-1.6611676,0.10542652010917664,0.982053816318512,0.836050808429718
YMR034C,YIR023W,0,-1.6612847,0.1054152399301529,0.982053816318512,0.8361508250236511
YMR063W,YOR057W,0,-1.6619401,0.10540395975112915,0.982053816318512,0.836250901222229
YNL008C,YNL118C,0,-1.6621464,0.10539267957210541,0.982053816318512,0.8363509178161621
YKL054C,YJL128C,0,-1.663685,0.10538140684366226,0.982053816318512,0.8364509344100952
YGR158C,YJR112W,0,-1.6645234,0.10537013411521912,0.982053816318512,0.8365509510040283
YOR269W,YNL008C,0,-1.6645966,0.10535886138677597,0.982053816318512,0.8366509675979614
YPR127W,YFL036W,0,-1.6647087,0.10534759610891342,0.982053816318512,0.8367510437965393
YEL006W,YKR090W,0,-1.6651125,0.10533633083105087,0.982053816318512,0.8368510603904724
YMR152W,YDL075W,0,-1.6655246,0.10532506555318832,0.982053816318512,0.8369510769844055
YPL110C,YDR128W,0,-1.6664912,0.10531380027532578,0.982053816318512,0.8370510935783386
YDL215C,YLL021W,0,-1.6672194,0.10530254244804382,0.982053816318512,0.8371511697769165
YBR272C,YKL015W,0,-1.667723,0.10529128462076187,0.982053816318512,0.8372511863708496
YGR286C,YKR100C,0,-1.6691751,0.10528003424406052,0.982053816318512,0.8373512029647827
YGR217W,YHL006C,0,-1.6706161,0.10526878386735916,0.982053816318512,0.8374512195587158
YER095W,YNL283C,0,-1.6716113,0.1052575334906578,0.982053816318512,0.8375512361526489
YNL023C,YNL307C,0,-1.6721423,0.10524629056453705,0.982053816318512,0.8376513123512268
YKL205W,YDR056C,0,-1.6727626,0.1052350401878357,0.982053816318512,0.8377513289451599
YPR046W,YOR016C,0,-1.6732084,0.10522379726171494,0.982053816318512,0.837851345539093
YLR175W,YNL221C,0,-1.6736041,0.10521256178617477,0.982053816318512,0.8379513621330261
YPR118W,YLR352W,0,-1.6745796,0.10520132631063461,0.982053816318512,0.838051438331604
YDL184C,YHR186C,0,-1.6757737,0.10519009083509445,0.982053816318512,0.8381514549255371
YJL114W,YNL167C,0,-1.6759675,0.10517885535955429,0.982053816318512,0.8382514715194702
YLL003W,YGR286C,0,-1.6768272,0.10516762733459473,0.982053816318512,0.8383514881134033
YOL080C,YOR091W,0,-1.6790854,0.10515639930963516,0.982053816318512,0.8384515643119812
YJR068W,YBR129C,0,-1.6795601,0.1051451787352562,0.982053816318512,0.8385515809059143
YNL051W,YNL304W,0,-1.6803243,0.10513395071029663,0.982053816318512,0.8386515974998474
YIR011C,YPR187W,0,-1.6808827,0.10512273013591766,0.982053816318512,0.8387516140937805
YPL157W,YNR057C,0,-1.6813171,0.1051115170121193,0.982053816318512,0.8388516306877136
YBR130C,YHR089C,0,-1.6814394,0.10510029643774033,0.982053816318512,0.8389517068862915
YPL259C,YDR054C,0,-1.6829972,0.10508908331394196,0.982053816318512,0.8390517234802246
YER114C,YDR139C,0,-1.6831092,0.10507787764072418,0.982053816318512,0.8391517400741577
YJL046W,YPL013C,0,-1.6832703,0.10506666451692581,0.982053816318512,0.8392517566680908
YCR072C,YJL129C,0,-1.6833949,0.10505545884370804,0.982053816318512,0.8393518328666687
YMR301C,YJL136C,0,-1.6843725,0.10504426062107086,0.982053816318512,0.8394518494606018
YDR308C,YJL124C,0,-1.6847062,0.10503305494785309,0.982053816318512,0.8395518660545349
YGL172W,YLR182W,0,-1.685698,0.10502185672521591,0.982053816318512,0.839651882648468
YJL080C,YPL126W,0,-1.685995,0.10501065850257874,0.982053816318512,0.8397518992424011
YDR441C,YDR056C,0,-1.686191,0.10499946773052216,0.982053816318512,0.839851975440979
YKL181W,YPL195W,0,-1.6863152,0.10498827695846558,0.982053816318512,0.8399519920349121
YGR084C,YOR242C,0,-1.6870382,0.104977086186409,0.982053816318512,0.8400520086288452
YDR438W,YOR011W,0,-1.6875997,0.10496590286493301,0.982053816318512,0.8401520252227783
YLR067C,YPL254W,0,-1.6887758,0.10495471209287643,0.982053816318512,0.8402521014213562
YPR114W,YLR394W,0,-1.6890651,0.10494353622198105,0.982053816318512,0.8403521180152893
YPL144W,YGL071W,0,-1.6897628,0.10493235290050507,0.982053816318512,0.8404521346092224
YGL116W,YOL062C,0,-1.6910386,0.10492117702960968,0.982053816318512,0.8405521512031555
YPL234C,YNL138W,0,-1.6922898,0.1049100011587143,0.982053816318512,0.8406521677970886
YMR059W,YGR244C,0,-1.6927488,0.10489882528781891,0.982053816318512,0.8407522439956665
YPR070W,YGL095C,0,-1.6929357,0.10488765686750412,0.982053816318512,0.8408522605895996
YHR060W,YDL235C,0,-1.6930923,0.10487648844718933,0.982053816318512,0.8409522771835327
YMR013C,YLR292C,0,-1.6942029,0.10486532747745514,0.982053816318512,0.8410522937774658
YPR144C,YBL061C,0,-1.6942927,0.10485415905714035,0.982053816318512,0.8411523699760437
YDR289C,YDR287W,0,-1.6946414,0.10484299808740616,0.982053816318512,0.8412523865699768
YIL153W,YKR090W,0,-1.6953788,0.10483184456825256,0.982053816318512,0.8413524031639099
YOR260W,YKL212W,0,-1.6955891,0.10482069104909897,0.982053816318512,0.841452419757843
YMR065W,YFL026W,0,-1.6957433,0.10480953752994537,0.982053816318512,0.8415524363517761
YNL026W,YKR048C,0,-1.6958461,0.10479838401079178,0.982053816318512,0.841652512550354
YGR224W,YOR045W,0,-1.6961222,0.10478723049163818,0.982053816318512,0.8417525291442871
YDL143W,YKL034W,0,-1.6961546,0.10477608442306519,0.982053816318512,0.8418525457382202
YJR098C,YDL231C,0,-1.6972835,0.10476494580507278,0.982053816318512,0.8419525623321533
YOR217W,YJR076C,0,-1.6976725,0.10475379973649979,0.982053816318512,0.8420526385307312
YNL292W,YIL132C,0,-1.6977589,0.10474266111850739,0.982053816318512,0.8421526551246643
YER176W,YJL149W,0,-1.697789,0.10473152250051498,0.982053816318512,0.8422526717185974
YER032W,YLR435W,0,-1.6983585,0.10472039133310318,0.982053816318512,0.8423526883125305
YLR283W,YJR101W,0,-1.698642,0.10470926016569138,0.982053816318512,0.8424527645111084
YGR202C,YMR272C,0,-1.6992506,0.10469812899827957,0.982053816318512,0.8425527811050415
YBL090W,YPL087W,0,-1.7000934,0.10468700528144836,0.982053816318512,0.8426527976989746
YEL018W,YPL206C,0,-1.7002816,0.10467587411403656,0.982053816318512,0.8427528142929077
YLR194C,YDR397C,0,-1.7006269,0.10466475039720535,0.982053816318512,0.8428528308868408
YBR278W,YGR286C,0,-1.7013505,0.10465363413095474,0.982053816318512,0.8429529070854187
YOR269W,YEL016C,0,-1.701632,0.10464251786470413,0.982053816318512,0.8430529236793518
YDR270W,YCR105W,0,-1.7016973,0.10463140159845352,0.982053816318512,0.8431529402732849
YDR130C,YDR059C,0,-1.7030196,0.10462028533220291,0.982053816318512,0.843252956867218
YLL003W,YIL118W,0,-1.7032384,0.1046091765165329,0.982053816318512,0.8433530330657959
YOR242C,YFR034C,0,-1.703351,0.10459806770086288,0.982053816318512,0.843453049659729
YPL078C,YNL136W,0,-1.7038777,0.10458695888519287,0.982053816318512,0.8435530662536621
YHR101C,YMR099C,0,-1.7060926,0.10457585752010345,0.982053816318512,0.8436530828475952
YML098W,YMR076C,0,-1.7075562,0.10456475615501404,0.982053816318512,0.8437530994415283
YBL052C,YOR092W,0,-1.7084284,0.10455365478992462,0.982053816318512,0.8438531756401062
YDR211W,YPL013C,0,-1.7113154,0.1045425608754158,0.982053816318512,0.8439531922340393
YBR245C,YBL069W,0,-1.7120082,0.10453146696090698,0.982053816318512,0.8440532088279724
YNL183C,YOL066C,0,-1.71226,0.10452037304639816,0.982053816318512,0.8441532254219055
YMR093W,YJL109C,0,-1.7137451,0.10450928658246994,0.982053816318512,0.8442533016204834
YOR252W,YMR076C,0,-1.7144157,0.10449820011854172,0.982053816318512,0.8443533182144165
YDR371W,YDL127W,0,-1.7148455,0.1044871136546135,0.982053816318512,0.8444533348083496
YLL009C,YGL141W,0,-1.7159538,0.10447602719068527,0.982053816318512,0.8445533514022827
YLR086W,YML009C,0,-1.7183056,0.10446494817733765,0.982053816318512,0.8446533679962158
YPL101W,YER019C-A,0,-1.7183257,0.10445386916399002,0.982053816318512,0.8447534441947937
YOR155C,YDL075W,0,-1.7184346,0.10444279760122299,0.982053816318512,0.8448534607887268
YDR419W,YHR209W,0,-1.7207639,0.10443171858787537,0.982053816318512,0.8449534773826599
YKL094W,YGR113W,0,-1.7212863,0.10442065447568893,0.982053816318512,0.845053493976593
YPL200W,YGR104C,0,-1.7218322,0.1044095829129219,0.982053816318512,0.8451535701751709
YER086W,YBL085W,0,-1.7232807,0.10439851880073547,0.982053816318512,0.845253586769104
YDR075W,YDL087C,0,-1.7233168,0.10438745468854904,0.982053816318512,0.8453536033630371
YHL035C,YGL098W,0,-1.7253275,0.10437639057636261,0.982053816318512,0.8454536199569702
YBR050C,YHR005C-A,0,-1.7266717,0.10436533391475677,0.982053816318512,0.8455536365509033
YPL051W,YLR265C,0,-1.7275312,0.10435427725315094,0.982053816318512,0.8456537127494812
YJR026W,YGR030C,0,-1.7276157,0.1043432205915451,0.982053816318512,0.8457537293434143
YEL018W,YDR515W,0,-1.7288246,0.10433217138051987,0.982053816318512,0.8458537459373474
YER051W,YKL164C,0,-1.7300258,0.10432111471891403,0.982053816318512,0.8459537625312805
YNL262W,YPL149W,0,-1.7302704,0.10431007295846939,0.982053816318512,0.8460538387298584
YNL250W,YAL059W,0,-1.7305622,0.10429902374744415,0.982053816318512,0.8461538553237915
YML092C,YDR288W,0,-1.7312024,0.10428798198699951,0.982053816318512,0.8462538719177246
YLR067C,YOL018C,0,-1.7319139,0.10427694022655487,0.982053816318512,0.8463538885116577
YDR482C,YNL101W,0,-1.7321533,0.10426590591669083,0.982053816318512,0.8464539647102356
YKR053C,YKR036C,0,-1.7330701,0.10425487160682678,0.982053816318512,0.8465539813041687
YBL052C,YJL172W,0,-1.7339547,0.10424383729696274,0.982053816318512,0.8466539978981018
YDR014W,YBR022W,0,-1.7341094,0.1042328029870987,0.982053816318512,0.8467540144920349
YDR373W,YJR140C,0,-1.7349124,0.10422177612781525,0.982053816318512,0.846854031085968
YKR095W,YNL181W,0,-1.7350638,0.1042107492685318,0.982053816318512,0.8469541072845459
YPL113C,YNL149C,0,-1.735117,0.10419972240924835,0.982053816318512,0.847054123878479
YAL021C,YOL051W,0,-1.7355938,0.1041887030005455,0.982053816318512,0.8471541404724121
YPR133C,YGR241C,0,-1.735929,0.10417768359184265,0.982053816318512,0.8472541570663452
YAL058W,YDL031W,0,-1.7371309,0.1041666641831398,0.982053816318512,0.8473542332649231
YER060W,YGL005C,0,-1.7392805,0.10415565222501755,0.982053816318512,0.8474542498588562
YOR089C,YER038C,0,-1.7395043,0.1041446402668953,0.982053816318512,0.8475542664527893
YNL132W,YFL025C,0,-1.740266,0.10413362830877304,0.982053816318512,0.8476542830467224
YLR019W,YDR404C,0,-1.7405441,0.10412262380123138,0.982053816318512,0.8477542996406555
YER151C,YEL043W,0,-1.7425089,0.10411161929368973,0.982053816318512,0.8478543758392334
YNL247W,YLR394W,0,-1.7440717,0.10410061478614807,0.982053816318512,0.8479543924331665
YDR047W,YGL241W,0,-1.7441592,0.10408961027860641,0.982053816318512,0.8480544090270996
YLR025W,YJR098C,0,-1.7444317,0.10407861322164536,0.982053816318512,0.8481544256210327
YLR419W,YKR099W,0,-1.7446412,0.1040676161646843,0.982053816318512,0.8482545018196106
YMR168C,YMR112C,0,-1.744667,0.10405662655830383,0.982053816318512,0.8483545184135437
YPR122W,YNL206C,0,-1.7464073,0.10404562950134277,0.982053816318512,0.8484545350074768
YLR356W,YHL006C,0,-1.7465856,0.10403463989496231,0.982053816318512,0.8485545516014099
YLR192C,YMR071C,0,-1.747268,0.10402365773916245,0.982053816318512,0.848654568195343
YDR326C,YLR314C,0,-1.7525406,0.10401266813278198,0.982053816318512,0.8487546443939209
YGR171C,YGR208W,0,-1.7525561,0.10400168597698212,0.982053816318512,0.848854660987854
YLR370C,YGL019W,0,-1.7526609,0.10399071127176285,0.982053816318512,0.8489546775817871
YOL103W,YLR247C,0,-1.7550967,0.10397972911596298,0.982053816318512,0.8490546941757202
YHR206W,YJL189W,0,-1.7552305,0.10396875441074371,0.982053816318512,0.8491547703742981
YJL008C,YNL325C,0,-1.7559688,0.10395778715610504,0.982053816318512,0.8492547869682312
YMR179W,YJL097W,0,-1.7560369,0.10394681245088577,0.982053816318512,0.8493548035621643
YJR036C,YGL111W,0,-1.7570497,0.1039358451962471,0.982053816318512,0.8494548201560974
YDL054C,YDR323C,0,-1.7574685,0.10392487794160843,0.982053816318512,0.8495548367500305
YDR369C,YLR238W,0,-1.7583458,0.10391391813755035,0.982053816318512,0.8496549129486084
YDR522C,YJL078C,1,-1.7584366,0.10400843620300293,0.9830508232116699,0.8496549129486084
YFR045W,YDR204W,0,-1.7586002,0.10399746894836426,0.9830508232116699,0.8497549295425415
YLR288C,YLR265C,0,-1.7588533,0.10398650169372559,0.9830508232116699,0.8498549461364746
YOR180C,YKR089C,0,-1.7592118,0.10397553443908691,0.9830508232116699,0.8499549627304077
YLR019W,YBR123C,0,-1.7604663,0.10396457463502884,0.9830508232116699,0.8500550389289856
YJR006W,YJR028W,0,-1.7604966,0.10395360738039017,0.9830508232116699,0.8501550555229187
YDR242W,YDR139C,0,-1.7611881,0.10394265502691269,0.9830508232116699,0.8502550721168518
YDL031W,YOL062C,0,-1.7617546,0.10393169522285461,0.9830508232116699,0.8503550887107849
YDL078C,YGR155W,0,-1.7624791,0.10392074286937714,0.9830508232116699,0.8504551649093628
YCR052W,YLR347C,0,-1.7628299,0.10390979051589966,0.9830508232116699,0.8505551815032959
YDR419W,YFR031C,0,-1.7634685,0.10389883816242218,0.9830508232116699,0.850655198097229
YHR101C,YPL129W,0,-1.7641834,0.1038878932595253,0.9830508232116699,0.8507552146911621
YGL243W,YBR272C,0,-1.7643708,0.10387694835662842,0.9830508232116699,0.8508552312850952
YIR025W,YOR299W,0,-1.7645818,0.10386600345373154,0.9830508232116699,0.8509553074836731
YPL140C,YLL040C,0,-1.7658682,0.10385506600141525,0.9830508232116699,0.8510553240776062
YAR019C,YLR292C,0,-1.7678657,0.10384412854909897,0.9830508232116699,0.8511553406715393
YIL159W,YFL021W,0,-1.7680101,0.10383319109678268,0.9830508232116699,0.8512553572654724
YGR085C,YGR040W,0,-1.7682455,0.103822261095047,0.9830508232116699,0.8513554334640503
YEL037C,YLR153C,0,-1.7696028,0.10381133109331131,0.9830508232116699,0.8514554500579834
YER029C,YOL108C,0,-1.7709502,0.10380040109157562,0.9830508232116699,0.8515554666519165
YMR220W,YOR259C,0,-1.771435,0.10378947108983994,0.9830508232116699,0.8516554832458496
YLR045C,YLR337C,0,-1.7714716,0.10377854853868484,0.9830508232116699,0.8517554998397827
YNR045W,YMR296C,0,-1.7716119,0.10376762598752975,0.9830508232116699,0.8518555760383606
YDL099W,YMR314W,0,-1.7734078,0.10375671088695526,0.9830508232116699,0.8519555926322937
YJL053W,YGR158C,0,-1.7734458,0.10374578833580017,0.9830508232116699,0.8520556092262268
YDR359C,YJL189W,0,-1.7742654,0.10373487323522568,0.9830508232116699,0.8521556258201599
YGL232W,YOR106W,0,-1.7743087,0.10372396558523178,0.9830508232116699,0.8522557020187378
YOL026C,YDR240C,0,-1.7749608,0.10371305048465729,0.9830508232116699,0.8523557186126709
YHR205W,YLR265C,0,-1.7753373,0.10370214283466339,0.9830508232116699,0.852455735206604
YHR085W,YAL020C,0,-1.7754064,0.10369124263525009,0.9830508232116699,0.8525557518005371
YOR048C,YPL259C,0,-1.7768824,0.1036803349852562,0.9830508232116699,0.8526557683944702
YIL042C,YNL147W,0,-1.7787356,0.1036694347858429,0.9830508232116699,0.8527558445930481
YNL101W,YNL236W,0,-1.7794158,0.1036585345864296,0.9830508232116699,0.8528558611869812
YDR470C,YPL094C,0,-1.7803034,0.1036476418375969,0.9830508232116699,0.8529558777809143
YMR203W,YAR010C,0,-1.7808566,0.10363674908876419,0.9830508232116699,0.8530558943748474
YPL112C,YPL276W,0,-1.7808946,0.10362585633993149,0.9830508232116699,0.8531559705734253
YDL225W,YER089C,0,-1.7810544,0.10361496359109879,0.9830508232116699,0.8532559871673584
YDL101C,YJR049C,0,-1.7818034,0.10360407829284668,0.9830508232116699,0.8533560037612915
YFR037C,YNL147W,0,-1.7822217,0.10359319299459457,0.9830508232116699,0.8534560203552246
YMR165C,YPR047W,0,-1.7822623,0.10358230769634247,0.9830508232116699,0.8535560965538025
YNL180C,YPR144C,0,-1.7823329,0.10357142984867096,0.9830508232116699,0.8536561131477356
YDR383C,YBR038W,0,-1.7823455,0.10356055200099945,0.9830508232116699,0.8537561297416687
YLR154C,YDR389W,0,-1.7844021,0.10354967415332794,0.9830508232116699,0.8538561463356018
YDR115W,YEL037C,0,-1.7846122,0.10353880375623703,0.9830508232116699,0.8539561629295349
YPR034W,YDR200C,0,-1.7865838,0.10352792590856552,0.9830508232116699,0.8540562391281128
YOR341W,YDL145C,0,-1.7866663,0.1035170629620552,0.9830508232116699,0.8541562557220459
YDR365C,YHR184W,0,-1.7871478,0.1035061925649643,0.9830508232116699,0.854256272315979
YBL005W,YKR066C,0,-1.7874806,0.10349532961845398,0.9830508232116699,0.8543562889099121
YPL140C,YEL043W,0,-1.7888935,0.10348446667194366,0.9830508232116699,0.85445636510849
YMR012W,YCR036W,0,-1.7889035,0.10347360372543335,0.9830508232116699,0.8545563817024231
YDR379W,YDR195W,0,-1.7894523,0.10346274822950363,0.9830508232116699,0.8546563982963562
YOR251C,YOR162C,0,-1.7904549,0.10345189273357391,0.9830508232116699,0.8547564148902893
YML077W,YFR010W,0,-1.7907934,0.1034410372376442,0.9830508232116699,0.8548564314842224
YOR279C,YPR168W,0,-1.7932589,0.10343018919229507,0.9830508232116699,0.8549565076828003
YOR190W,YNL327W,1,-1.7951229,0.10352423042058945,0.9840478301048279,0.8549565076828003
YPL140C,YHR122W,0,-1.7956086,0.10351337492465973,0.9840478301048279,0.8550565242767334
YOL108C,YCL054W,0,-1.7961456,0.10350251942873001,0.9840478301048279,0.8551565408706665
YDR410C,YOR340C,0,-1.7962899,0.10349166393280029,0.9840478301048279,0.8552565574645996
YNL076W,YJL174W,0,-1.7963558,0.10348081588745117,0.9840478301048279,0.8553566336631775
YDR067C,YBR131W,0,-1.7970067,0.10346996784210205,0.9840478301048279,0.8554566502571106
YMR013C,YEL061C,0,-1.7977661,0.10345911979675293,0.9840478301048279,0.8555566668510437
YNL129W,YDR511W,0,-1.7979627,0.1034482792019844,0.9840478301048279,0.8556566834449768
YLR203C,YLL018C,0,-1.7979789,0.10343743115663528,0.9840478301048279,0.8557567000389099
YGR113W,YIL137C,0,-1.7980502,0.10342659801244736,0.9840478301048279,0.8558567762374878
YPL122C,YJL106W,0,-1.7981033,0.10341575741767883,0.9840478301048279,0.8559567928314209
YGR024C,YIL084C,0,-1.7981724,0.1034049242734909,0.9840478301048279,0.856056809425354
YOR269W,YML107C,0,-1.798219,0.10339409112930298,0.9840478301048279,0.8561568260192871
YJL054W,YER045C,0,-1.7993945,0.10338326543569565,0.9840478301048279,0.856256902217865
YIL140W,YKL183W,0,-1.7994671,0.10337243229150772,0.9840478301048279,0.8563569188117981
YOR217W,YML097C,0,-1.7999046,0.10336160659790039,0.9840478301048279,0.8564569354057312
YDR030C,YGL050W,0,-1.8000181,0.10335078835487366,0.9840478301048279,0.8565569519996643
YLR417W,YGR077C,0,-1.800686,0.10333996266126633,0.9840478301048279,0.8566569685935974
YKL048C,YMR070W,0,-1.8017037,0.1033291444182396,0.9840478301048279,0.8567570447921753
YLR248W,YPL007C,0,-1.8019404,0.10331832617521286,0.9840478301048279,0.8568570613861084
YMR169C,YIL026C,0,-1.8020377,0.10330751538276672,0.9840478301048279,0.8569570779800415
YBL041W,YPL040C,0,-1.8020781,0.10329670459032059,0.9840478301048279,0.8570570945739746
YBR120C,YPL189W,0,-1.8029794,0.10328589379787445,0.9840478301048279,0.8571571707725525
YGR193C,YMR072W,0,-1.8032314,0.10327508300542831,0.9840478301048279,0.8572571873664856
YIR009W,YOR091W,0,-1.8042955,0.10326427966356277,0.9840478301048279,0.8573572039604187
YLR221C,YBR222C,0,-1.8050833,0.10325347632169724,0.9840478301048279,0.8574572205543518
YMR163C,YGR056W,0,-1.8051512,0.10324268043041229,0.9840478301048279,0.8575572967529297
YPR060C,YGL111W,0,-1.8056284,0.10323187708854675,0.9840478301048279,0.8576573133468628
YMR004W,YBR222C,0,-1.8072343,0.10322108119726181,0.9840478301048279,0.8577573299407959
YDR419W,YML074C,0,-1.807317,0.10321029275655746,0.9840478301048279,0.857857346534729
YHR088W,YNL029C,0,-1.807833,0.10319949686527252,0.9840478301048279,0.8579573631286621
YMR013C,YEL022W,0,-1.8079202,0.10318870842456818,0.9840478301048279,0.85805743932724
YHR057C,YNL259C,0,-1.8080996,0.10317791998386383,0.9840478301048279,0.8581574559211731
YOR304C-A,YJR133W,0,-1.8087981,0.10316713899374008,0.9840478301048279,0.8582574725151062
YER149C,YLR244C,0,-1.8090398,0.10315635800361633,0.9840478301048279,0.8583574891090393
YER008C,YIL056W,0,-1.8091886,0.10314557701349258,0.9840478301048279,0.8584575653076172
YOR298W,YEL029C,0,-1.8097298,0.10313479602336884,0.9840478301048279,0.8585575819015503
YDL117W,YNL307C,0,-1.8110372,0.10312402248382568,0.9840478301048279,0.8586575984954834
YMR262W,YDR260C,0,-1.8111888,0.10311324894428253,0.9840478301048279,0.8587576150894165
YHR076W,YKL006C-A,0,-1.8113856,0.10310247540473938,0.9840478301048279,0.8588576316833496
YGR026W,YNL123W,0,-1.8119879,0.10309170931577682,0.9840478301048279,0.8589577078819275
YKL218C,YGL003C,0,-1.8123809,0.10308094322681427,0.9840478301048279,0.8590577244758606
YBL060W,YER174C,0,-1.8134644,0.10307017713785172,0.9840478301048279,0.8591577410697937
YJL013C,YCR092C,0,-1.8157794,0.10305941104888916,0.9840478301048279,0.8592577576637268
YOR243C,YGR211W,0,-1.8168175,0.1030486524105072,0.9840478301048279,0.8593578338623047
YBL090W,YCR037C,0,-1.8168807,0.10303789377212524,0.9840478301048279,0.8594578504562378
YOL010W,YEL056W,0,-1.8172452,0.10302714258432388,0.9840478301048279,0.8595578670501709
YDR034C,YPL213W,0,-1.8176295,0.10301638394594193,0.9840478301048279,0.859657883644104
YMR163C,YKL134C,0,-1.8194993,0.10300563275814056,0.9840478301048279,0.8597579002380371
YDL119C,YDR390C,0,-1.8202276,0.1029948890209198,0.9840478301048279,0.859857976436615
YNL026W,YDL195W,0,-1.8211116,0.10298413783311844,0.9840478301048279,0.8599579930305481
YGL243W,YGR276C,0,-1.8213127,0.10297339409589767,0.9840478301048279,0.8600580096244812
YMR287C,YLR172C,0,-1.8215907,0.10296265035867691,0.9840478301048279,0.8601580262184143
YFL033C,YPR198W,0,-1.8218508,0.10295191407203674,0.9840478301048279,0.8602581024169922
YKR090W,YKL170W,0,-1.822295,0.10294117778539658,0.9840478301048279,0.8603581190109253
YNL298W,YKR014C,0,-1.8224157,0.10293044149875641,0.9840478301048279,0.8604581356048584
YOL102C,YNL268W,0,-1.8232044,0.10291970521211624,0.9840478301048279,0.8605581521987915
YMR165C,YDR377W,0,-1.8242807,0.10290897637605667,0.9840478301048279,0.8606581687927246
YDR047W,YCR054C,0,-1.824595,0.1028982475399971,0.9840478301048279,0.8607582449913025
YLR008C,YKL155C,0,-1.8252251,0.10288751870393753,0.9840478301048279,0.8608582615852356
YLR126C,YDR531W,0,-1.8254588,0.10287679731845856,0.9840478301048279,0.8609582781791687
YGL076C,YKL020C,0,-1.8267634,0.10286607593297958,0.9840478301048279,0.8610582947731018
YDR297W,YPL051W,0,-1.8275881,0.10285535454750061,0.9840478301048279,0.8611583709716797
YPL224C,YOR264W,0,-1.827719,0.10284464061260223,0.9840478301048279,0.8612583875656128
YKR089C,YFL041W,0,-1.8286073,0.10283392667770386,0.9840478301048279,0.8613584041595459
YOL010W,YBR281C,0,-1.8286209,0.10282321274280548,0.9840478301048279,0.861458420753479
YML080W,YNL080C,0,-1.8288718,0.1028124988079071,0.9840478301048279,0.8615584969520569
YPR168W,YEL050C,0,-1.8291044,0.10280179232358932,0.9840478301048279,0.86165851354599
YIL095W,YKL059C,0,-1.829273,0.10279108583927155,0.9840478301048279,0.8617585301399231
YFR016C,YJR029W,0,-1.8317508,0.10278037935495377,0.9840478301048279,0.8618585467338562
YKL218C,YKL134C,0,-1.8318081,0.10276968032121658,0.9840478301048279,0.8619585633277893
YER007W,YJL186W,0,-1.8335917,0.1027589812874794,0.9840478301048279,0.8620586395263672
YKL090W,YBR041W,0,-1.8336908,0.10274828225374222,0.9840478301048279,0.8621586561203003
YMR221C,YIL142W,0,-1.834775,0.10273759067058563,0.9840478301048279,0.8622586727142334
YOR317W,YBR264C,0,-1.8349257,0.10272689163684845,0.9840478301048279,0.8623586893081665
YML096W,YHR204W,0,-1.8359184,0.10271620005369186,0.9840478301048279,0.8624587655067444
YPL138C,YLR223C,0,-1.8360751,0.10270551592111588,0.9840478301048279,0.8625587821006775
YDR128W,YNL020C,0,-1.8366632,0.10269483178853989,0.9840478301048279,0.8626587986946106
YDR219C,YIL019W,0,-1.8370675,0.1026841476559639,0.9840478301048279,0.8627588152885437
YLR409C,YOR089C,0,-1.8373221,0.10267346352338791,0.9840478301048279,0.8628588318824768
YMR198W,YPL258C,0,-1.838175,0.10266278684139252,0.9840478301048279,0.8629589080810547
YGL067W,YIR002C,0,-1.8391328,0.10265210270881653,0.9840478301048279,0.8630589246749878
YML023C,YJL106W,0,-1.8391455,0.10264143347740173,0.9840478301048279,0.8631589412689209
YLR314C,YJR151C,1,-1.8409376,0.10273473709821701,0.9850448369979858,0.8631589412689209
YNL261W,YOR216C,0,-1.8411521,0.10272406041622162,0.9850448369979858,0.863258957862854
YDR289C,YNL325C,0,-1.8416544,0.10271337628364563,0.9850448369979858,0.8633590340614319
YKR062W,YDL202W,0,-1.8426276,0.10270269960165024,0.9850448369979858,0.863459050655365
YDR323C,YJR068W,0,-1.8438556,0.10269203037023544,0.9850448369979858,0.8635590672492981
YML049C,YDL184C,0,-1.8459432,0.10268135368824005,0.9850448369979858,0.8636590838432312
YLR361C,YOR260W,0,-1.8461871,0.10267068445682526,0.9850448369979858,0.8637591004371643
YER090W,YJR036C,0,-1.846413,0.10266001522541046,0.9850448369979858,0.8638591766357422
YHR011W,YNL306W,0,-1.8464885,0.10264935344457626,0.9850448369979858,0.8639591932296753
YLL008W,YNL240C,0,-1.8465135,0.10263868421316147,0.9850448369979858,0.8640592098236084
YDR308C,YNL274C,0,-1.8469123,0.10262802243232727,0.9850448369979858,0.8641592264175415
YEL016C,YKR101W,0,-1.8477693,0.10261736810207367,0.9850448369979858,0.8642593026161194
YLR110C,YMR251W-A,1,-1.8480297,0.10271055996417999,0.9860419034957886,0.8642593026161194
YOL107W,YOL078W,0,-1.8483849,0.1026998981833458,0.9860419034957886,0.8643593192100525
YGR078C,YMR242C,0,-1.8484504,0.1026892364025116,0.9860419034957886,0.8644593358039856
YJR058C,YPR169W,0,-1.8492539,0.1026785746216774,0.9860419034957886,0.8645593523979187
YMR292W,YFR031C,0,-1.8493629,0.1026679128408432,0.9860419034957886,0.8646593689918518
YKR019C,YJL208C,0,-1.8508732,0.1026572585105896,0.9860419034957886,0.8647594451904297
YNL110C,YKR089C,0,-1.8518099,0.102646604180336,0.9860419034957886,0.8648594617843628
YDR337W,YLR459W,0,-1.8524926,0.1026359498500824,0.9860419034957886,0.8649594783782959
YCR075C,YPL013C,0,-1.8524996,0.1026252955198288,0.9860419034957886,0.865059494972229
YOR311C,YJR075W,0,-1.8533499,0.10261464864015579,0.9860419034957886,0.8651595711708069
YBL085W,YKL015W,0,-1.8552747,0.10260400176048279,0.9860419034957886,0.86525958776474
YCR004C,YGR180C,0,-1.8553243,0.10259336233139038,0.9860419034957886,0.8653596043586731
YOR099W,YOR207C,0,-1.855982,0.10258272290229797,0.9860419034957886,0.8654596209526062
YJL103C,YNL284C,0,-1.856196,0.10257208347320557,0.9860419034957886,0.8655596971511841
YJL190C,YDR038C,0,-1.8573949,0.10256144404411316,0.9860419034957886,0.8656597137451172
YGR244C,YPR131C,0,-1.8574843,0.10255081206560135,0.9860419034957886,0.8657597303390503
YNL218W,YBR166C,0,-1.8576388,0.10254017263650894,0.9860419034957886,0.8658597469329834
YFL057C,YGR004W,0,-1.8577526,0.10252954810857773,0.9860419034957886,0.8659597635269165
YLR364W,YER153C,0,-1.8597975,0.10251891613006592,0.9860419034957886,0.8660598397254944
YLR324W,YJR058C,0,-1.8598857,0.1025082916021347,0.9860419034957886,0.8661598563194275
YBL069W,YLR004C,0,-1.8600723,0.10249766707420349,0.9860419034957886,0.8662598729133606
YDL210W,YDR088C,0,-1.8603668,0.10248704999685287,0.9860419034957886,0.8663598895072937
YBR273C,YKL089W,0,-1.862854,0.10247642546892166,0.9860419034957886,0.8664599657058716
YDR395W,YLR115W,0,-1.8629307,0.10246580839157104,0.9860419034957886,0.8665599822998047
YGR158C,YJL065C,0,-1.8632615,0.10245519876480103,0.9860419034957886,0.8666599988937378
YLR389C,YCR002C,0,-1.8659804,0.10244458168745041,0.9860419034957886,0.8667600154876709
YFR005C,YKL170W,0,-1.8662355,0.10243397206068039,0.9860419034957886,0.866860032081604
YAL021C,YKR019C,0,-1.8679906,0.10242336243391037,0.9860419034957886,0.8669601082801819
YCL032W,YNL056W,0,-1.8679917,0.10241276025772095,0.9860419034957886,0.867060124874115
YFR006W,YOR193W,0,-1.8680556,0.10240215063095093,0.9860419034957886,0.8671601414680481
YEL016C,YLL027W,0,-1.868154,0.1023915484547615,0.9860419034957886,0.8672601580619812
YDR436W,YDR532C,0,-1.8686477,0.10238095372915268,0.9860419034957886,0.8673602342605591
YNL310C,YJR089W,0,-1.868973,0.10237035155296326,0.9860419034957886,0.8674602508544922
YER155C,YEL048C,0,-1.871575,0.10235975682735443,0.9860419034957886,0.8675602674484253
YLR183C,YHL025W,0,-1.871732,0.1023491695523262,0.9860419034957886,0.8676602840423584
YGR276C,YGL229C,0,-1.8723016,0.10233857482671738,0.9860419034957886,0.8677603006362915
YPR159W,YER161C,0,-1.8728571,0.10232798755168915,0.9860419034957886,0.8678603768348694
YGL210W,YHR058C,0,-1.8734584,0.10231740027666092,0.9860419034957886,0.8679603934288025
YDL102W,YNL310C,0,-1.874091,0.10230682045221329,0.9860419034957886,0.8680604100227356
YBL069W,YOL067C,0,-1.8741524,0.10229623317718506,0.9860419034957886,0.8681604266166687
YER041W,YDR139C,0,-1.8743439,0.10228565335273743,0.9860419034957886,0.8682605028152466
YOL103W,YGR181W,0,-1.8752046,0.10227508097887039,0.9860419034957886,0.8683605194091797
YER089C,YNL286W,0,-1.8757393,0.10226450115442276,0.9860419034957886,0.8684605360031128
YDR057W,YAL043C,0,-1.8763926,0.10225392878055573,0.9860419034957886,0.8685605525970459
YAR035W,YAL034W-A,0,-1.8775944,0.10224335640668869,0.9860419034957886,0.868660569190979
YLR188W,YOL031C,0,-1.8778846,0.10223279148340225,0.9860419034957886,0.8687606453895569
YCL029C,YPL248C,0,-1.8787537,0.10222221910953522,0.9860419034957886,0.86886066198349
YBR058C,YMR289W,0,-1.8790655,0.10221165418624878,0.9860419034957886,0.8689606785774231
YML016C,YPR010C,0,-1.8798853,0.10220109671354294,0.9860419034957886,0.8690606951713562
YBR245C,YOR357C,0,-1.8819449,0.1021905317902565,0.9860419034957886,0.8691607713699341
YLR163C,YBL057C,0,-1.8820518,0.10217997431755066,0.9860419034957886,0.8692607879638672
YOR036W,YJL011C,0,-1.8822087,0.10216942429542542,0.9860419034957886,0.8693608045578003
YDR172W,YJL041W,0,-1.8832791,0.10215886682271957,0.9860419034957886,0.8694608211517334
YDR367W,YOR290C,0,-1.883476,0.10214831680059433,0.9860419034957886,0.8695608973503113
YDR530C,YDR298C,0,-1.883717,0.10213776677846909,0.9860419034957886,0.8696609139442444
YLR017W,YHR186C,0,-1.883882,0.10212721675634384,0.9860419034957886,0.8697609305381775
YPR097W,YMR005W,0,-1.8847818,0.1021166741847992,0.9860419034957886,0.8698609471321106
YCR046C,YML102W,0,-1.8852358,0.10210613161325455,0.9860419034957886,0.8699609637260437
YFR030W,YMR072W,0,-1.885901,0.1020955890417099,0.9860419034957886,0.8700610399246216
YIL128W,YBL063W,0,-1.8859975,0.10208505392074585,0.9860419034957886,0.8701610565185547
YMR240C,YEL031W,0,-1.8861071,0.1020745187997818,0.9860419034957886,0.8702610731124878
YMR112C,YOL145C,0,-1.8883166,0.10206398367881775,0.9860419034957886,0.8703610897064209
YBL079W,YDR325W,0,-1.8883224,0.1020534485578537,0.9860419034957886,0.8704611659049988
YOR206W,YIL075C,0,-1.8887055,0.10204292088747025,0.9860419034957886,0.8705611824989319
YBR131W,YOR131C,0,-1.8887548,0.10203239321708679,0.9860419034957886,0.870661199092865
YDR386W,YDL144C,0,-1.8889384,0.10202186554670334,0.9860419034957886,0.8707612156867981
YOR091W,YNL176C,0,-1.8889539,0.10201134532690048,0.9860419034957886,0.8708612322807312
YHR086W,YGR202C,0,-1.8890288,0.10200082510709763,0.9860419034957886,0.8709613084793091
YLR309C,YMR013C,0,-1.8926631,0.10199030488729477,0.9860419034957886,0.8710613250732422
YMR292W,YJL124C,0,-1.8927753,0.10197979211807251,0.9860419034957886,0.8711613416671753
YNL122C,YKL088W,0,-1.8928466,0.10196927189826965,0.9860419034957886,0.8712613582611084
YNL278W,YPL122C,0,-1.8976287,0.10195876657962799,0.9860419034957886,0.8713614344596863
YLL003W,YMR300C,0,-1.8989506,0.10194825381040573,0.9860419034957886,0.8714614510536194
YFR013W,YHR028C,0,-1.8995137,0.10193774849176407,0.9860419034957886,0.8715614676475525
YGL119W,YLL031C,0,-1.899639,0.10192723572254181,0.9860419034957886,0.8716614842414856
YDL019C,YBR074W,0,-1.9004514,0.10191673785448074,0.9860419034957886,0.8717615008354187
YPL120W,YDR177W,0,-1.9010679,0.10190623253583908,0.9860419034957886,0.8718615770339966
YKL132C,YNR010W,0,-1.9014143,0.10189573466777802,0.9860419034957886,0.8719615936279297
YMR200W,YDR086C,0,-1.9017563,0.10188523679971695,0.9860419034957886,0.8720616102218628
YDR303C,YPL179W,0,-1.902446,0.10187473893165588,0.9860419034957886,0.8721616268157959
YLR176C,YOL031C,0,-1.9029317,0.10186424851417542,0.9860419034957886,0.8722617030143738
YJR098C,YLR096W,0,-1.9037929,0.10185375809669495,0.9860419034957886,0.8723617196083069
YCL044C,YOR182C,0,-1.9038658,0.10184326767921448,0.9860419034957886,0.87246173620224
YHR079C,YOR174W,0,-1.9044137,0.1018327847123146,0.9860419034957886,0.8725617527961731
YJL140W,YPR198W,0,-1.9049169,0.10182230174541473,0.9860419034957886,0.8726617693901062
YLR192C,YOR090C,0,-1.9063785,0.10181181877851486,0.9860419034957886,0.8727618455886841
YGR262C,YGR009C,0,-1.9071455,0.10180133581161499,0.9860419034957886,0.8728618621826172
YBR033W,YJR006W,0,-1.9072616,0.10179086029529572,0.9860419034957886,0.8729618787765503
YCR024C,YMR040W,0,-1.9074997,0.10178038477897644,0.9860419034957886,0.8730618953704834
YKL078W,YKR048C,0,-1.9078572,0.10176990926265717,0.9860419034957886,0.8731619715690613
YHL008C,YEL038W,0,-1.90793,0.10175944119691849,0.9860419034957886,0.8732619881629944
YAL026C,YNR013C,0,-1.9084901,0.10174897313117981,0.9860419034957886,0.8733620047569275
YLR409C,YLR234W,0,-1.9093205,0.10173850506544113,0.9860419034957886,0.8734620213508606
YPR127W,YOR216C,0,-1.9119266,0.10172803699970245,0.9860419034957886,0.8735620975494385
YJR083C,YOL012C,0,-1.9119898,0.10171757638454437,0.9860419034957886,0.8736621141433716
YGR040W,YGL236C,0,-1.9126266,0.10170711576938629,0.9860419034957886,0.8737621307373047
YNL322C,YOR151C,0,-1.9134943,0.10169665515422821,0.9860419034957886,0.8738621473312378
YGL157W,YJL072C,0,-1.9141284,0.10168620198965073,0.9860419034957886,0.8739621639251709
YJR092W,YMR005W,0,-1.9151406,0.10167574882507324,0.9860419034957886,0.8740622401237488
YLR447C,YGR003W,0,-1.9154303,0.10166529566049576,0.9860419034957886,0.8741622567176819
YJR049C,YOR059C,0,-1.9171618,0.10165484994649887,0.9860419034957886,0.874262273311615
YBR268W,YIL159W,0,-1.9179096,0.10164439678192139,0.9860419034957886,0.8743622899055481
YGL061C,YGR185C,0,-1.9186063,0.1016339510679245,0.9860419034957886,0.874462366104126
YPR095C,YCL016C,0,-1.9195683,0.10162351280450821,0.9860419034957886,0.8745623826980591
YHL017W,YKR048C,0,-1.9197832,0.10161306709051132,0.9860419034957886,0.8746623992919922
YLR447C,YGR089W,0,-1.9201772,0.10160262882709503,0.9860419034957886,0.8747624158859253
YDL129W,YJR057W,0,-1.9223583,0.10159219056367874,0.9860419034957886,0.8748624324798584
YHR031C,YJL102W,0,-1.9225205,0.10158175975084305,0.9860419034957886,0.8749625086784363
YKL149C,YPL235W,0,-1.9226028,0.10157132893800735,0.9860419034957886,0.8750625252723694
YGR057C,YNL246W,0,-1.9239407,0.10156089812517166,0.9860419034957886,0.8751625418663025
YOR067C,YGR071C,0,-1.926512,0.10155046731233597,0.9860419034957886,0.8752625584602356
YKR054C,YDR263C,0,-1.9270191,0.10154004395008087,0.9860419034957886,0.8753626346588135
YPR108W,YGR072W,0,-1.9271481,0.10152962058782578,0.9860419034957886,0.8754626512527466
YLR093C,YGR154C,0,-1.9287878,0.10151919722557068,0.9860419034957886,0.8755626678466797
YNL027W,YBR096W,0,-1.9307503,0.10150877386331558,0.9860419034957886,0.8756626844406128
YIR011C,YFR031C,0,-1.9340224,0.10149835795164108,0.9860419034957886,0.8757627010345459
YMR304W,YBR091C,0,-1.9340804,0.10148794203996658,0.9860419034957886,0.8758627772331238
YML042W,YIL079C,0,-1.9342752,0.10147752612829208,0.9860419034957886,0.8759627938270569
YJR046W,YNL214W,0,-1.9343171,0.10146711766719818,0.9860419034957886,0.87606281042099
YKR078W,YKL022C,0,-1.9356081,0.10145670920610428,0.9860419034957886,0.8761628270149231
YER155C,YDR334W,0,-1.9359058,0.10144630074501038,0.9860419034957886,0.876262903213501
YGL032C,YGR059W,1,-1.9363678,0.10153846442699432,0.9870389103889465,0.876262903213501
YKL033W,YDR189W,0,-1.9390492,0.10152804851531982,0.9870389103889465,0.8763629198074341
YGL229C,YER100W,0,-1.9392765,0.10151764005422592,0.9870389103889465,0.8764629364013672
YHR118C,YGR185C,0,-1.9399947,0.10150723159313202,0.9870389103889465,0.8765629529953003
YDR460W,YPR114W,0,-1.9400585,0.10149682313203812,0.9870389103889465,0.8766629695892334
YER007W,YMR022W,0,-1.940692,0.10148641467094421,0.9870389103889465,0.8767630457878113
YFL036W,YNR007C,0,-1.9409695,0.10147601366043091,0.9870389103889465,0.8768630623817444
YGR235C,YOR069W,0,-1.9410354,0.1014656126499176,0.9870389103889465,0.8769630789756775
YKL051W,YKL168C,0,-1.9421768,0.1014552190899849,0.9870389103889465,0.8770630955696106
YER140W,YPR016C,0,-1.9429158,0.10144481807947159,0.9870389103889465,0.8771631717681885
YBR087W,YER046W,0,-1.9433343,0.10143442451953888,0.9870389103889465,0.8772631883621216
YLR239C,YDL180W,0,-1.9437734,0.10142403095960617,0.9870389103889465,0.8773632049560547
YLR055C,YLR007W,0,-1.9452139,0.10141364485025406,0.9870389103889465,0.8774632215499878
YGL256W,YPR169W,0,-1.9460044,0.10140325874090195,0.9870389103889465,0.8775632977485657
YMR086W,YMR048W,0,-1.94609,0.10139287263154984,0.9870389103889465,0.8776633143424988
YHR067W,YPL252C,0,-1.9461057,0.10138248652219772,0.9870389103889465,0.8777633309364319
YDR499W,YGR238C,0,-1.9476045,0.10137210786342621,0.9870389103889465,0.877863347530365
YDL166C,YHR044C,0,-1.9483011,0.1013617292046547,0.9870389103889465,0.8779633641242981
YLR085C,YDR284C,0,-1.9486841,0.10135135054588318,0.9870389103889465,0.878063440322876
YOR106W,YGR012W,0,-1.949115,0.10134097933769226,0.9870389103889465,0.8781634569168091
YNL129W,YIL084C,0,-1.9493232,0.10133060067892075,0.9870389103889465,0.8782634735107422
YMR146C,YDR240C,0,-1.9506929,0.10132023692131042,0.9870389103889465,0.8783634901046753
YLR189C,YBR156C,0,-1.9523412,0.1013098657131195,0.9870389103889465,0.8784635663032532
YLR032W,YDR287W,0,-1.9523621,0.10129950195550919,0.9870389103889465,0.8785635828971863
YKL064W,YOR320C,0,-1.9523716,0.10128913074731827,0.9870389103889465,0.8786635994911194
YLR190W,YMR210W,0,-1.9525055,0.10127877444028854,0.9870389103889465,0.8787636160850525
YJR025C,YPL065W,0,-1.953129,0.10126841068267822,0.9870389103889465,0.8788636326789856
YGR071C,YKL004W,0,-1.9541636,0.1012580543756485,0.9870389103889465,0.8789637088775635
YDR227W,YFR031C,0,-1.954967,0.10124769806861877,0.9870389103889465,0.8790637254714966
YGR286C,YKR026C,0,-1.9550376,0.10123734176158905,0.9870389103889465,0.8791637420654297
YEL051W,YJR004C,0,-1.9565232,0.10122699290513992,0.9870389103889465,0.8792637586593628
YHR168W,YFL054C,0,-1.9565638,0.1012166440486908,0.9870389103889465,0.8793638348579407
YBR230C,YIL150C,0,-1.9581014,0.10120629519224167,0.9870389103889465,0.8794638514518738
YHR117W,YIR023W,0,-1.9590877,0.10119595378637314,0.9870389103889465,0.8795638680458069
YPL137C,YPR048W,0,-1.9606867,0.10118561238050461,0.9870389103889465,0.87966388463974
YOL018C,YDR362C,0,-1.9610459,0.10117527097463608,0.9870389103889465,0.8797639012336731
YHR209W,YMR098C,0,-1.9611437,0.10116492956876755,0.9870389103889465,0.879863977432251
YGL119W,YKL067W,0,-1.9613776,0.10115459561347961,0.9870389103889465,0.8799639940261841
YDL072C,YML054C,0,-1.9616277,0.10114426165819168,0.9870389103889465,0.8800640106201172
YHR077C,YIL009C-A,0,-1.9617107,0.10113392770290375,0.9870389103889465,0.8801640272140503
YFR019W,YML102W,0,-1.9618764,0.10112359374761581,0.9870389103889465,0.8802641034126282
YLR118C,YML074C,0,-1.962438,0.10111326724290848,0.9870389103889465,0.8803641200065613
YBR202W,YDR131C,0,-1.9644648,0.10110294073820114,0.9870389103889465,0.8804641366004944
YHR107C,YDL225W,1,-1.9644674,0.10119473189115524,0.9880359172821045,0.8804641366004944
YLR147C,YOR269W,0,-1.9644686,0.10118439793586731,0.9880359172821045,0.8805641531944275
YBR188C,YDR328C,0,-1.9658931,0.10117407143115997,0.9880359172821045,0.8806641697883606
YJR076C,YDR473C,0,-1.9676996,0.10116373747587204,0.9880359172821045,0.8807642459869385
YGL070C,YGL169W,0,-1.9685831,0.1011534109711647,0.9880359172821045,0.8808642625808716
YPR091C,YDR197W,0,-1.9691638,0.10114309191703796,0.9880359172821045,0.8809642791748047
YGL226W,YNL304W,0,-1.9698471,0.10113276541233063,0.9880359172821045,0.8810642957687378
YOR162C,YNL267W,0,-1.9699788,0.10112244635820389,0.9880359172821045,0.8811643719673157
YOR217W,YHR201C,0,-1.9701331,0.10111213475465775,0.9880359172821045,0.8812643885612488
YGR095C,YBR042C,0,-1.9705637,0.101101815700531,0.9880359172821045,0.8813644051551819
YDR465C,YPL146C,0,-1.9711916,0.10109150409698486,0.9880359172821045,0.881464421749115
YLL048C,YDR280W,0,-1.971667,0.10108119249343872,0.9880359172821045,0.8815644979476929
YLR251W,YJR131W,0,-1.9742713,0.10107088088989258,0.9880359172821045,0.881664514541626
YGL216W,YFR049W,0,-1.9748602,0.10106057673692703,0.9880359172821045,0.8817645311355591
YDL220C,YAL013W,0,-1.9749353,0.10105027258396149,0.9880359172821045,0.8818645477294922
YGL116W,YLR016C,0,-1.9752219,0.10103996843099594,0.9880359172821045,0.8819645643234253
YBR173C,YOR061W,0,-1.9775229,0.1010296642780304,0.9880359172821045,0.8820646405220032
YLR433C,YNL192W,0,-1.9784819,0.10101936757564545,0.9880359172821045,0.8821646571159363
YLR055C,YPL174C,0,-1.9787055,0.1010090708732605,0.9880359172821045,0.8822646737098694
YKR028W,YLR103C,0,-1.9789013,0.10099877417087555,0.9880359172821045,0.8823646903038025
YPL096W,YLR390W,0,-1.9793943,0.1009884849190712,0.9880359172821045,0.8824647665023804
YKL203C,YGL238W,0,-1.9819522,0.10097819566726685,0.9880359172821045,0.8825647830963135
YDR326C,YJL112W,0,-1.9863665,0.1009679064154625,0.9880359172821045,0.8826647996902466
YPR031W,YOR274W,0,-1.9873066,0.10095761716365814,0.9880359172821045,0.8827648162841797
YBR043C,YDL145C,0,-1.9875685,0.10094733536243439,0.9880359172821045,0.8828648328781128
YIL126W,YNL221C,0,-1.9877042,0.10093705356121063,0.9880359172821045,0.8829649090766907
YGR169C,YBR129C,0,-1.9888995,0.10092677175998688,0.9880359172821045,0.8830649256706238
YML032C,YKL074C,0,-1.988977,0.10091649740934372,0.9880359172821045,0.8831649422645569
YOL009C,YMR210W,0,-1.989047,0.10090622305870056,0.9880359172821045,0.88326495885849
YLR147C,YBR260C,0,-1.9891038,0.1008959487080574,0.9880359172821045,0.8833650350570679
YIL125W,YKL155C,0,-1.9892479,0.10088567435741425,0.9880359172821045,0.883465051651001
YDR173C,YNL135C,0,-1.9895079,0.10087540745735168,0.9880359172821045,0.8835650682449341
YJR103W,YER103W,0,-1.9895432,0.10086514055728912,0.9880359172821045,0.8836650848388672
YER087W,YLR100W,0,-1.9900843,0.10085487365722656,0.9880359172821045,0.8837651014328003
YLR370C,YAL051W,0,-1.9901307,0.1008446142077446,0.9880359172821045,0.8838651776313782
YMR286W,YGR245C,0,-1.9921124,0.10083434730768204,0.9880359172821045,0.8839651942253113
YGL173C,YKR100C,0,-1.9921144,0.10082409530878067,0.9880359172821045,0.8840652108192444
YDL215C,YOR337W,0,-1.9929794,0.1008138358592987,0.9880359172821045,0.8841652274131775
YPR108W,YGL019W,0,-1.99399,0.10080358386039734,0.9880359172821045,0.8842653036117554
YLR383W,YBR260C,0,-1.9950745,0.10079332441091537,0.9880359172821045,0.8843653202056885
YMR298W,YER019C-A,0,-1.995444,0.1007830798625946,0.9880359172821045,0.8844653367996216
YOL045W,YDL003W,0,-1.9961355,0.10077282786369324,0.9880359172821045,0.8845653533935547
YPR055W,YDR200C,0,-1.9962772,0.10076258331537247,0.9880359172821045,0.8846653699874878
YML096W,YLR220W,0,-1.9966424,0.1007523387670517,0.9880359172821045,0.8847654461860657
YKR055W,YBL057C,0,-1.9967806,0.10074209421873093,0.9880359172821045,0.8848654627799988
YNL137C,YJL186W,0,-1.9976325,0.10073185712099075,0.9880359172821045,0.8849654793739319
YLR088W,YNL050C,0,-1.9979963,0.10072162002325058,0.9880359172821045,0.885065495967865
YJL102W,YOL109W,0,-1.9980427,0.1007113829255104,0.9880359172821045,0.8851655721664429
YDR244W,YMR193W,0,-1.999967,0.10070114582777023,0.9880359172821045,0.885265588760376
YOR357C,YNL025C,0,-2.0040154,0.10069091618061066,0.9880359172821045,0.8853656053543091
YDR393W,YKL095W,0,-2.0056853,0.10068068653345108,0.9880359172821045,0.8854656219482422
YLR105C,YAL023C,0,-2.008257,0.1006704568862915,0.9880359172821045,0.8855656981468201
YNL041C,YKL017C,0,-2.00924,0.10066023468971252,0.9880359172821045,0.8856657147407532
YML092C,YIL137C,0,-2.0094516,0.10065001249313354,0.9880359172821045,0.8857657313346863
YNL251C,YNL286W,0,-2.0115013,0.10063979029655457,0.9880359172821045,0.8858657479286194
YOR132W,YDR421W,0,-2.012585,0.10062956809997559,0.9880359172821045,0.8859657645225525
YKL138C,YOR113W,0,-2.0125866,0.1006193533539772,0.9880359172821045,0.8860658407211304
YMR273C,YLR223C,0,-2.0137458,0.10060913860797882,0.9880359172821045,0.8861658573150635
YDL067C,YNL130C,0,-2.0139928,0.10059892386198044,0.9880359172821045,0.8862658739089966
YBR193C,YOR275C,0,-2.0173893,0.10058871656656265,0.9880359172821045,0.8863658905029297
YDR440W,YLR446W,0,-2.0174565,0.10057850182056427,0.9880359172821045,0.8864659667015076
YIL008W,YLR466W,0,-2.0180054,0.10056829452514648,0.9880359172821045,0.8865659832954407
YNL217W,YKL173W,0,-2.0181499,0.1005580946803093,0.9880359172821045,0.8866659998893738
YJR133W,YJL071W,0,-2.0188017,0.10054788738489151,0.9880359172821045,0.8867660164833069
YPR091C,YDL031W,0,-2.0203624,0.10053768754005432,0.9880359172821045,0.88686603307724
YOR212W,YDR460W,0,-2.0221505,0.10052748769521713,0.9880359172821045,0.8869661092758179
YBR245C,YKL077W,0,-2.0226176,0.10051729530096054,0.9880359172821045,0.887066125869751
YEL016C,YNL133C,0,-2.02453,0.10050710290670395,0.9880359172821045,0.8871661424636841
YDR200C,YDL154W,0,-2.0250323,0.10049691051244736,0.9880359172821045,0.8872661590576172
YMR019W,YJL083W,0,-2.0252204,0.10048671811819077,0.9880359172821045,0.8873662352561951
YLR248W,YBR115C,0,-2.0264406,0.10047652572393417,0.9880359172821045,0.8874662518501282
YIL142W,YFL049W,0,-2.0265937,0.10046634078025818,0.9880359172821045,0.8875662684440613
YNL137C,YLR045C,0,-2.0267515,0.10045615583658218,0.9880359172821045,0.8876662850379944
YGL151W,YJL149W,0,-2.0306568,0.10044597834348679,0.9880359172821045,0.8877663016319275
YOR126C,YNL156C,0,-2.0310848,0.10043579339981079,0.9880359172821045,0.8878663778305054
YLL001W,YDR055W,0,-2.0320158,0.1004256159067154,0.9880359172821045,0.8879663944244385
YDR176W,YKR031C,0,-2.0327647,0.10041544586420059,0.9880359172821045,0.8880664110183716
YBR122C,YDL135C,0,-2.0347464,0.1004052683711052,0.9880359172821045,0.8881664276123047
YGL051W,YGR012W,0,-2.0386243,0.1003950983285904,0.9880359172821045,0.8882665038108826
YHR079C,YLR105C,0,-2.0405478,0.10038492828607559,0.9880359172821045,0.8883665204048157
YJR094W-A,YOL066C,0,-2.0431733,0.10037475824356079,0.9880359172821045,0.8884665369987488
YGR081C,YDR039C,0,-2.0435007,0.10036459565162659,0.9880359172821045,0.8885665535926819
YMR171C,YPL269W,0,-2.0454993,0.10035443305969238,0.9880359172821045,0.888666570186615
YGR200C,YPR134W,0,-2.0466318,0.10034427046775818,0.9880359172821045,0.8887666463851929
YOR132W,YBR060C,0,-2.0477388,0.10033410787582397,0.9880359172821045,0.888866662979126
YPR048W,YML081W,0,-2.048264,0.10032395273447037,0.9880359172821045,0.8889666795730591
YCR037C,YOR025W,0,-2.0485759,0.10031379759311676,0.9880359172821045,0.8890666961669922
YCR035C,YHR154W,0,-2.0496397,0.10030364245176315,0.9880359172821045,0.8891667723655701
YDL069C,YDL070W,0,-2.0496562,0.10029349476099014,0.9880359172821045,0.8892667889595032
YOR251C,YOR109W,0,-2.0505176,0.10028334707021713,0.9880359172821045,0.8893668055534363
YLR439W,YDR087C,0,-2.0506575,0.10027319937944412,0.9880359172821045,0.8894668221473694
YDL197C,YDR131C,0,-2.0507631,0.10026305168867111,0.9880359172821045,0.8895668983459473
YNL227C,YHR036W,0,-2.0510573,0.1002529114484787,0.9880359172821045,0.8896669149398804
YLR383W,YLR019W,0,-2.0527256,0.10024277120828629,0.9880359172821045,0.8897669315338135
YMR163C,YHR133C,0,-2.0539427,0.10023263096809387,0.9880359172821045,0.8898669481277466
YER045C,YBR281C,0,-2.0542789,0.10022249072790146,0.9880359172821045,0.8899669647216797
YGL112C,YHR035W,0,-2.054934,0.10021235793828964,0.9880359172821045,0.8900670409202576
YDL078C,YOR221C,0,-2.0549922,0.10020222514867783,0.9880359172821045,0.8901670575141907
YDL112W,YLR200W,0,-2.0557253,0.10019209235906601,0.9880359172821045,0.8902670741081238
YGR246C,YBL085W,0,-2.056065,0.10018196702003479,0.9880359172821045,0.8903670907020569
YIL140W,YKL130C,0,-2.056765,0.10017184168100357,0.9880359172821045,0.8904671669006348
YNL310C,YER115C,0,-2.0580325,0.10016171634197235,0.9880359172821045,0.8905671834945679
YNL227C,YJR143C,0,-2.0581236,0.10015159100294113,0.9880359172821045,0.890667200088501
YGL063W,YHL025W,0,-2.0614307,0.10014147311449051,0.9880359172821045,0.8907672166824341
YAL022C,YOL117W,0,-2.0614867,0.10013135522603989,0.9880359172821045,0.8908672332763672
YJR053W,YDR259C,0,-2.0626626,0.10012123733758926,0.9880359172821045,0.8909673094749451
YGR239C,YIL140W,0,-2.0634017,0.10011111944913864,0.9880359172821045,0.8910673260688782
YDR419W,YDR207C,0,-2.0641181,0.10010100901126862,0.9880359172821045,0.8911673426628113
YOR372C,YML051W,0,-2.06466,0.10009089857339859,0.9880359172821045,0.8912673592567444
YLR055C,YNL128W,0,-2.0649874,0.10008078813552856,0.9880359172821045,0.8913674354553223
YFR038W,YGR058W,0,-2.0650697,0.10007068514823914,0.9880359172821045,0.8914674520492554
YKL134C,YER063W,0,-2.065248,0.10006058216094971,0.9880359172821045,0.8915674686431885
YFR024C-A,YLR446W,0,-2.0659738,0.10005047917366028,0.9880359172821045,0.8916674852371216
YIL128W,YLR102C,0,-2.067849,0.10004037618637085,0.9880359172821045,0.8917675018310547
YDR389W,YNL094W,0,-2.068681,0.10003028064966202,0.9880359172821045,0.8918675780296326
YPL150W,YJL054W,0,-2.0700362,0.10002018511295319,0.9880359172821045,0.8919675946235657
YDR398W,YPL188W,0,-2.071741,0.10001008957624435,0.9880359172821045,0.8920676112174988
YNL015W,YBL005W-B,0,-2.0723367,0.10000000149011612,0.9880359172821045,0.8921676278114319
YJR119C,YDL225W,0,-2.0730462,0.09998991340398788,0.9880359172821045,0.8922677040100098
YNR032C-A,YIL130W,0,-2.0733137,0.09997982531785965,0.9880359172821045,0.8923677206039429
YHR120W,YAL033W,0,-2.0740266,0.09996973723173141,0.9880359172821045,0.892467737197876
YHR077C,YBR122C,0,-2.074923,0.09995965659618378,0.9880359172821045,0.8925677537918091
YBR045C,YGR161C,0,-2.0750308,0.09994956851005554,0.9880359172821045,0.892667829990387
YNL304W,YDR482C,0,-2.0762556,0.0999394953250885,0.9880359172821045,0.8927678465843201
YPL059W,YNL041C,0,-2.076916,0.09992941468954086,0.9880359172821045,0.8928678631782532
YPL096W,YGR158C,0,-2.0780199,0.09991934150457382,0.9880359172821045,0.8929678797721863
YFR013W,YLR314C,0,-2.078656,0.09990926831960678,0.9880359172821045,0.8930678963661194
YLR088W,YNL262W,0,-2.079186,0.09989919513463974,0.9880359172821045,0.8931679725646973
YMR146C,YCL054W,0,-2.0795252,0.0998891219496727,0.9880359172821045,0.8932679891586304
YER056C,YBR222C,0,-2.0800135,0.09987905621528625,0.9880359172821045,0.8933680057525635
YHL044W,YDR244W,0,-2.0802948,0.09986899048089981,0.9880359172821045,0.8934680223464966
YKL149C,YOL135C,0,-2.0806327,0.09985892474651337,0.9880359172821045,0.8935680985450745
YGL216W,YHL003C,0,-2.0814617,0.09984886646270752,0.9880359172821045,0.8936681151390076
YBL023C,YCR002C,0,-2.0820642,0.09983880817890167,0.9880359172821045,0.8937681317329407
YIL052C,YGL178W,0,-2.0825036,0.09982874989509583,0.9880359172821045,0.8938681483268738
YOR037W,YOL095C,0,-2.0825362,0.09981869161128998,0.9880359172821045,0.8939681649208069
YMR086W,YGL142C,0,-2.0846314,0.09980864077806473,0.9880359172821045,0.8940682411193848
YMR264W,YDR415C,0,-2.085444,0.09979858994483948,0.9880359172821045,0.8941682577133179
YDR384C,YMR304W,0,-2.0856786,0.09978853911161423,0.9880359172821045,0.894268274307251
YPL051W,YNL301C,0,-2.0885115,0.09977849572896957,0.9880359172821045,0.8943682909011841
YLR435W,YPL112C,0,-2.0900047,0.09976844489574432,0.9880359172821045,0.894468367099762
YMR130W,YLR263W,0,-2.0902896,0.09975840896368027,0.9880359172821045,0.8945683836936951
YDL069C,YIL079C,0,-2.0905724,0.09974836558103561,0.9880359172821045,0.8946684002876282
YER164W,YNL086W,0,-2.0908015,0.09973832219839096,0.9880359172821045,0.8947684168815613
YDR320C,YPL210C,0,-2.0952563,0.0997282862663269,0.9880359172821045,0.8948684334754944
YDR308C,YKL095W,0,-2.0958204,0.09971825033426285,0.9880359172821045,0.8949685096740723
YMR183C,YLR380W,0,-2.0976753,0.09970822185277939,0.9880359172821045,0.8950685262680054
YPR119W,YOL064C,0,-2.0977623,0.09969818592071533,0.9880359172821045,0.8951685428619385
YMR118C,YPR166C,0,-2.0979567,0.09968815743923187,0.9880359172821045,0.8952685594558716
YHR101C,YBR115C,0,-2.0993385,0.09967813640832901,0.9880359172821045,0.8953686356544495
YDL209C,YBL068W,0,-2.0995889,0.09966810792684555,0.9880359172821045,0.8954686522483826
YMR267W,YBL069W,0,-2.0996435,0.09965808689594269,0.9880359172821045,0.8955686688423157
YGR283C,YNL282W,0,-2.1012847,0.09964806586503983,0.9880359172821045,0.8956686854362488
YOR274W,YDR195W,0,-2.1037703,0.09963804483413696,0.9880359172821045,0.8957687020301819
YFL029C,YDL015C,0,-2.1045473,0.0996280312538147,0.9880359172821045,0.8958687782287598
YOR215C,YGL068W,0,-2.109066,0.09961801022291183,0.9880359172821045,0.8959687948226929
YBR274W,YOR061W,0,-2.109169,0.09960800409317017,0.9880359172821045,0.896068811416626
YPR106W,YDR318W,0,-2.1092806,0.0995979905128479,0.9880359172821045,0.8961688280105591
YDR492W,YGL144C,0,-2.1095383,0.09958798438310623,0.9880359172821045,0.896268904209137
YDR345C,YHR035W,0,-2.1097603,0.09957797080278397,0.9880359172821045,0.8963689208030701
YJL044C,YOR148C,0,-2.1108465,0.0995679721236229,0.9880359172821045,0.8964689373970032
YNL191W,YMR201C,0,-2.1116633,0.09955796599388123,0.9880359172821045,0.8965689539909363
YNL282W,YMR238W,0,-2.1120048,0.09954796731472015,0.9880359172821045,0.8966690301895142
YGL051W,YML112W,0,-2.1128821,0.09953796863555908,0.9880359172821045,0.8967690467834473
YDR483W,YOR353C,0,-2.1141474,0.09952796995639801,0.9880359172821045,0.8968690633773804
YKL168C,YER088C,0,-2.1144955,0.09951797872781754,0.9880359172821045,0.8969690799713135
YKL034W,YML073C,0,-2.114698,0.09950798004865646,0.9880359172821045,0.8970690965652466
YIL009C-A,YOR085W,0,-2.1157804,0.09949798882007599,0.9880359172821045,0.8971691727638245
YDR188W,YDR207C,0,-2.1176693,0.09948800504207611,0.9880359172821045,0.8972691893577576
YLR305C,YLR139C,0,-2.1181898,0.09947801381349564,0.9880359172821045,0.8973692059516907
YHR058C,YER190W,0,-2.1216,0.09946803003549576,0.9880359172821045,0.8974692225456238
YDL205C,YPR200C,0,-2.122582,0.09945804625749588,0.9880359172821045,0.8975692987442017
YMR152W,YKR100C,0,-2.1235209,0.0994480699300766,0.9880359172821045,0.8976693153381348
YER027C,YNL020C,0,-2.1236267,0.09943808615207672,0.9880359172821045,0.8977693319320679
YJL140W,YPL269W,0,-2.1238694,0.09942810982465744,0.9880359172821045,0.897869348526001
YDL112W,YJL071W,0,-2.1252751,0.09941814094781876,0.9880359172821045,0.8979693651199341
YGR156W,YIL035C,0,-2.1266766,0.09940816462039948,0.9880359172821045,0.898069441318512
YOR252W,YOR126C,0,-2.126847,0.09939819574356079,0.9880359172821045,0.8981694579124451
YJL090C,YLR417W,0,-2.1269023,0.0993882268667221,0.9880359172821045,0.8982694745063782
YGR070W,YBR237W,0,-2.127283,0.09937825798988342,0.9880359172821045,0.8983694911003113
YIL098C,YJL044C,0,-2.1273882,0.09936829656362534,0.9880359172821045,0.8984695672988892
YKR007W,YKL126W,0,-2.127914,0.09935833513736725,0.9880359172821045,0.8985695838928223
YML011C,YJL162C,0,-2.1305175,0.09934837371110916,0.9880359172821045,0.8986696004867554
YBR141C,YDR439W,0,-2.1314259,0.09933841228485107,0.9880359172821045,0.8987696170806885
YPR034W,YJR032W,0,-2.1319559,0.09932845830917358,0.9880359172821045,0.8988696336746216
YDR402C,YNL054W,0,-2.1329403,0.0993185043334961,0.9880359172821045,0.8989697098731995
YDL019C,YPR169W,0,-2.133316,0.0993085503578186,0.9880359172821045,0.8990697264671326
YJL008C,YMR285C,0,-2.1345851,0.09929859638214111,0.9880359172821045,0.8991697430610657
YLR389C,YDR415C,0,-2.135515,0.09928864985704422,0.9880359172821045,0.8992697596549988
YOR014W,YOL109W,0,-2.1362438,0.09927870333194733,0.9880359172821045,0.8993698358535767
YJL134W,YOL051W,0,-2.138916,0.09926875680685043,0.9880359172821045,0.8994698524475098
YPR155C,YJR089W,0,-2.1392622,0.09925881773233414,0.9880359172821045,0.8995698690414429
YDR032C,YCL024W,0,-2.1413453,0.09924887120723724,0.9880359172821045,0.899669885635376
YML080W,YGL129C,0,-2.1425354,0.09923893213272095,0.9880359172821045,0.8997699022293091
YKR085C,YNR055C,0,-2.143198,0.09922900050878525,0.9880359172821045,0.899869978427887
YER048W-A,YOR356W,0,-2.1441178,0.09921906143426895,0.9880359172821045,0.8999699950218201
YBL008W,YMR087W,0,-2.1449206,0.09920912981033325,0.9880359172821045,0.9000700116157532
YMR239C,YNL232W,0,-2.1452527,0.09919919818639755,0.9880359172821045,0.9001700282096863
YLL021W,YLR007W,0,-2.1467023,0.09918927401304245,0.9880359172821045,0.9002701044082642
YEL038W,YKL079W,0,-2.1482496,0.09917934238910675,0.9880359172821045,0.9003701210021973
YDR057W,YGL155W,0,-2.1489155,0.09916941821575165,0.9880359172821045,0.9004701375961304
YOR090C,YOR259C,0,-2.1513338,0.09915949404239655,0.9880359172821045,0.9005701541900635
YPL060W,YOL109W,0,-2.152423,0.09914957731962204,0.9880359172821045,0.9006702303886414
YDR522C,YLR213C,1,-2.1526835,0.09923969954252243,0.9890329241752625,0.9006702303886414
YDR045C,YNL112W,0,-2.1547828,0.09922976791858673,0.9890329241752625,0.9007702469825745
YDR052C,YKL099C,0,-2.155186,0.09921984374523163,0.9890329241752625,0.9008702635765076
YBR274W,YPL273W,0,-2.1566765,0.09920991957187653,0.9890329241752625,0.9009702801704407
YER008C,YDR242W,0,-2.157474,0.09920000284910202,0.9890329241752625,0.9010702967643738
YFL036W,YLR337C,0,-2.158599,0.09919007867574692,0.9890329241752625,0.9011703729629517
YIL128W,YMR013C,0,-2.158986,0.09918016195297241,0.9890329241752625,0.9012703895568848
YKL067W,YDR463W,0,-2.159594,0.0991702452301979,0.9890329241752625,0.9013704061508179
YPL038W,YDL245C,0,-2.1597052,0.099160335958004,0.9890329241752625,0.901470422744751
YHR030C,YMR257C,0,-2.1597617,0.09915042668581009,0.9890329241752625,0.9015704989433289
YIL027C,YOR138C,0,-2.1623063,0.09914051741361618,0.9890329241752625,0.901670515537262
YMR098C,YDL130W-A,0,-2.1623912,0.09913060814142227,0.9890329241752625,0.9017705321311951
YIL160C,YBR261C,0,-2.1627572,0.09912070631980896,0.9890329241752625,0.9018705487251282
YDR235W,YDL059C,0,-2.1640267,0.09911079704761505,0.9890329241752625,0.9019705653190613
YPL130W,YOR009W,1,-2.1652703,0.09920080006122589,0.9900299310684204,0.9019705653190613
YCR072C,YBR222C,0,-2.165368,0.09919089078903198,0.9900299310684204,0.9020706415176392
YBL088C,YJL112W,0,-2.165936,0.09918098151683807,0.9900299310684204,0.9021706581115723
YNL216W,YKL186C,0,-2.1672883,0.09917107969522476,0.9900299310684204,0.9022706747055054
YGL212W,YOR039W,0,-2.1679895,0.09916117787361145,0.9900299310684204,0.9023706912994385
YDR175C,YHR140W,0,-2.1681442,0.09915127605199814,0.9900299310684204,0.9024707674980164
YMR049C,YML005W,0,-2.1701322,0.09914137423038483,0.9900299310684204,0.9025707840919495
YOR299W,YLR182W,0,-2.1704235,0.09913147985935211,0.9900299310684204,0.9026708006858826
YJL125C,YNL137C,0,-2.1708498,0.0991215780377388,0.9900299310684204,0.9027708172798157
YBR176W,YDR137W,0,-2.1710758,0.09911169111728668,0.9900299310684204,0.9028708338737488
YNR011C,YBR243C,0,-2.1740532,0.09910179674625397,0.9900299310684204,0.9029709100723267
YCR009C,YIL108W,0,-2.1744041,0.09909190982580185,0.9900299310684204,0.9030709266662598
YDR419W,YNL289W,0,-2.1744213,0.09908202290534973,0.9900299310684204,0.9031709432601929
YLR321C,YER022W,0,-2.174837,0.09907213598489761,0.9900299310684204,0.903270959854126
YJL024C,YLR016C,0,-2.1753056,0.0990622490644455,0.9900299310684204,0.9033710360527039
YLR024C,YGL111W,0,-2.176587,0.09905236959457397,0.9900299310684204,0.903471052646637
YMR054W,YMR227C,0,-2.1767292,0.09904249012470245,0.9900299310684204,0.9035710692405701
YKR090W,YLR188W,0,-2.1776264,0.09903261065483093,0.9900299310684204,0.9036710858345032
YDR390C,YGR245C,0,-2.17872,0.09902273863554001,0.9900299310684204,0.9037711024284363
YIL132C,YGR129W,0,-2.178847,0.09901285916566849,0.9900299310684204,0.9038711786270142
YGL035C,YGL157W,0,-2.1795716,0.09900299459695816,0.9900299310684204,0.9039711952209473
YCR072C,YOR143C,0,-2.1804235,0.09899312257766724,0.9900299310684204,0.9040712118148804
YER155C,YOR320C,0,-2.180779,0.09898325055837631,0.9900299310684204,0.9041712284088135
YHR185C,YGR060W,0,-2.1818447,0.09897338598966599,0.9900299310684204,0.9042713046073914
YDR069C,YBL098W,0,-2.1836529,0.09896352142095566,0.9900299310684204,0.9043713212013245
YDL077C,YLR370C,0,-2.18603,0.09895366430282593,0.9900299310684204,0.9044713377952576
YLR093C,YBL014C,0,-2.186233,0.0989437997341156,0.9900299310684204,0.9045713543891907
YDR347W,YAL030W,0,-2.1862383,0.09893394261598587,0.9900299310684204,0.9046714305877686
YDR082W,YHL006C,0,-2.1862617,0.09892408549785614,0.9900299310684204,0.9047714471817017
YBR131W,YDR334W,0,-2.1867945,0.098914235830307,0.9900299310684204,0.9048714637756348
YLR383W,YJL110C,0,-2.189135,0.09890438616275787,0.9900299310684204,0.9049714803695679
YMR165C,YNL102W,0,-2.1902955,0.09889452904462814,0.9900299310684204,0.905071496963501
YDR386W,YDL059C,0,-2.1904018,0.0988846868276596,0.9900299310684204,0.9051715731620789
YML023C,YHR172W,0,-2.1907065,0.09887483716011047,0.9900299310684204,0.905271589756012
YML009C,YLR442C,0,-2.1912374,0.09886499494314194,0.9900299310684204,0.9053716063499451
YDR110W,YJL124C,0,-2.191887,0.0988551527261734,0.9900299310684204,0.9054716229438782
YMR078C,YML077W,0,-2.1927106,0.09884531050920486,0.9900299310684204,0.905571699142456
YMR077C,YML055W,0,-2.1931167,0.09883547574281693,0.9900299310684204,0.9056717157363892
YDR175C,YNL052W,0,-2.193917,0.09882563352584839,0.9900299310684204,0.9057717323303223
YGR159C,YDR280W,0,-2.1942148,0.09881580621004105,0.9900299310684204,0.9058717489242554
YBR087W,YNR003C,0,-2.1948516,0.0988059714436531,0.9900299310684204,0.9059717655181885
YEL051W,YDR253C,0,-2.1952324,0.09879613667726517,0.9900299310684204,0.9060718417167664
YKL173W,YGR262C,0,-2.1957836,0.09878630936145782,0.9900299310684204,0.9061718583106995
YPL105C,YIL038C,0,-2.1960373,0.09877648204565048,0.9900299310684204,0.9062718749046326
YOL066C,YDL059C,0,-2.1979735,0.09876666218042374,0.9900299310684204,0.9063718914985657
YER017C,YNL078W,0,-2.198257,0.0987568348646164,0.9900299310684204,0.9064719676971436
YHR165C,YGR276C,0,-2.1983821,0.09874701499938965,0.9900299310684204,0.9065719842910767
YJR025C,YGR030C,0,-2.1986866,0.0987371951341629,0.9900299310684204,0.9066720008850098
YGR288W,YPL253C,0,-2.198911,0.09872738271951675,0.9900299310684204,0.9067720174789429
YER087W,YMR002W,0,-2.1990757,0.09871756285429001,0.9900299310684204,0.906872034072876
YDR383C,YKL017C,0,-2.1991615,0.09870775043964386,0.9900299310684204,0.9069721102714539
YPL234C,YDR041W,0,-2.2004564,0.09869794547557831,0.9900299310684204,0.907072126865387
YNR035C,YLR288C,0,-2.2009382,0.09868813306093216,0.9900299310684204,0.9071721434593201
YDR468C,YPL063W,0,-2.2026966,0.09867832809686661,0.9900299310684204,0.9072721600532532
YKL041W,YDL070W,0,-2.2029736,0.09866852313280106,0.9900299310684204,0.907372236251831
YGL185C,YOL051W,0,-2.2035704,0.0986587181687355,0.9900299310684204,0.9074722528457642
YGR170W,YBR264C,0,-2.2042463,0.09864892065525055,0.9900299310684204,0.9075722694396973
YJR134C,YCL055W,0,-2.205041,0.098639115691185,0.9900299310684204,0.9076722860336304
YDR081C,YPL058C,0,-2.205129,0.09862931817770004,0.9900299310684204,0.9077723026275635
YDR011W,YER133W,0,-2.2061412,0.09861952811479568,0.9900299310684204,0.9078723788261414
YMR041C,YFR019W,0,-2.206146,0.09860973060131073,0.9900299310684204,0.9079723954200745
YMR043W,YDR103W,0,-2.2066398,0.09859994053840637,0.9900299310684204,0.9080724120140076
YHR157W,YDR244W,0,-2.2070513,0.09859015047550201,0.9900299310684204,0.9081724286079407
YCR060W,YFR027W,0,-2.207259,0.09858036041259766,0.9900299310684204,0.9082725048065186
YDL098C,YOR320C,0,-2.2087393,0.0985705778002739,0.9900299310684204,0.9083725214004517
YNR048W,YOL007C,0,-2.2090325,0.09856079518795013,0.9900299310684204,0.9084725379943848
YKR095W,YOL070C,0,-2.2102737,0.09855101257562637,0.9900299310684204,0.9085725545883179
YJR033C,YLR182W,0,-2.2110577,0.09854122996330261,0.9900299310684204,0.9086726307868958
YMR234W,YCR004C,0,-2.2122397,0.09853145480155945,0.9900299310684204,0.9087726473808289
YLR107W,YJL098W,0,-2.2129705,0.09852167963981628,0.9900299310684204,0.908872663974762
YLR266C,YPL127C,0,-2.215027,0.09851190447807312,0.9900299310684204,0.9089726805686951
YHR156C,YGR216C,0,-2.2166748,0.09850212931632996,0.9900299310684204,0.9090726971626282
YKL020C,YDR118W,0,-2.2170417,0.09849236160516739,0.9900299310684204,0.909172773361206
YOL009C,YOR091W,0,-2.217087,0.09848259389400482,0.9900299310684204,0.9092727899551392
YLL038C,YIL046W,0,-2.2178588,0.09847282618284225,0.9900299310684204,0.9093728065490723
YPL058C,YDR137W,0,-2.2182918,0.09846306592226028,0.9900299310684204,0.9094728231430054
YPL063W,YOL065C,0,-2.2185216,0.09845329821109772,0.9900299310684204,0.9095728993415833
YJL117W,YNL151C,0,-2.21863,0.09844353795051575,0.9900299310684204,0.9096729159355164
YPR081C,YIL070C,0,-2.2188582,0.09843378514051437,0.9900299310684204,0.9097729325294495
YNL330C,YNL054W,0,-2.2199156,0.0984240248799324,0.9900299310684204,0.9098729491233826
YER046W,YKL082C,0,-2.2200685,0.09841427206993103,0.9900299310684204,0.9099729657173157
YER061C,YMR090W,0,-2.220104,0.09840451925992966,0.9900299310684204,0.9100730419158936
YOR189W,YDR306C,0,-2.2203407,0.09839476644992828,0.9900299310684204,0.9101730585098267
YPR125W,YHR147C,0,-2.2221284,0.09838502109050751,0.9900299310684204,0.9102730751037598
YMR097C,YDR069C,0,-2.2248576,0.09837527573108673,0.9900299310684204,0.9103730916976929
YDL077C,YDR284C,0,-2.2252107,0.09836553037166595,0.9900299310684204,0.9104731678962708
YLR126C,YDR088C,0,-2.2273006,0.09835578501224518,0.9900299310684204,0.9105731844902039
YIL042C,YNL118C,0,-2.2283926,0.098346047103405,0.9900299310684204,0.910673201084137
YGR246C,YPR057W,0,-2.2291923,0.09833630174398422,0.9900299310684204,0.9107732176780701
YML082W,YPL112C,0,-2.230361,0.09832656383514404,0.9900299310684204,0.9108732342720032
YDR151C,YER051W,0,-2.2328928,0.09831683337688446,0.9900299310684204,0.910973310470581
YDR239C,YGL106W,0,-2.2332592,0.09830709546804428,0.9900299310684204,0.9110733270645142
YOL112W,YIL112W,0,-2.235188,0.0982973650097847,0.9900299310684204,0.9111733436584473
YKL069W,YLR193C,0,-2.23628,0.09828763455152512,0.9900299310684204,0.9112733602523804
YBR043C,YDR510W,0,-2.236507,0.09827791154384613,0.9900299310684204,0.9113734364509583
YLR170C,YLR285W,0,-2.2367816,0.09826818108558655,0.9900299310684204,0.9114734530448914
YIL062C,YOR074C,0,-2.2374442,0.09825845807790756,0.9900299310684204,0.9115734696388245
YNL309W,YLR163C,0,-2.238985,0.09824873507022858,0.9900299310684204,0.9116734862327576
YPL031C,YBR055C,0,-2.24139,0.09823901951313019,0.9900299310684204,0.9117735028266907
YKL149C,YBR052C,0,-2.2415295,0.0982293039560318,0.9900299310684204,0.9118735790252686
YGL016W,YOR278W,0,-2.2429385,0.09821958094835281,0.9900299310684204,0.9119735956192017
YIL009W,YHR109W,0,-2.2435732,0.09820987284183502,0.9900299310684204,0.9120736122131348
YOL010W,YML006C,0,-2.2436256,0.09820015728473663,0.9900299310684204,0.9121736288070679
YOL165C,YLL011W,0,-2.2445483,0.09819044917821884,0.9900299310684204,0.9122737050056458
YLR052W,YHL004W,0,-2.2460322,0.09818074107170105,0.9900299310684204,0.9123737215995789
YNL167C,YKR090W,0,-2.246554,0.09817103296518326,0.9900299310684204,0.912473738193512
YJL134W,YHR066W,0,-2.247387,0.09816133230924606,0.9900299310684204,0.9125737547874451
YBR130C,YNL147W,0,-2.2476406,0.09815162420272827,0.9900299310684204,0.912673830986023
YGR271W,YPL254W,0,-2.2480278,0.09814192354679108,0.9900299310684204,0.912773847579956
YJR096W,YOR086C,0,-2.2490199,0.09813222289085388,0.9900299310684204,0.9128738641738892
YPL038W,YDR405W,0,-2.2499905,0.09812252968549728,0.9900299310684204,0.9129738807678223
YGL094C,YJR040W,0,-2.2500737,0.09811283648014069,0.9900299310684204,0.9130738973617554
YOR191W,YPR019W,0,-2.2512717,0.09810314327478409,0.9900299310684204,0.9131739735603333
YOR067C,YNL129W,0,-2.2516623,0.09809345006942749,0.9900299310684204,0.9132739901542664
YDL080C,YML081W,0,-2.2520301,0.09808376431465149,0.9900299310684204,0.9133740067481995
YKL134C,YDL043C,0,-2.2552946,0.09807407110929489,0.9900299310684204,0.9134740233421326
YDL065C,YBR084W,0,-2.2576776,0.09806438535451889,0.9900299310684204,0.9135740995407104
YDL166C,YLR009W,0,-2.2578824,0.09805470705032349,0.9900299310684204,0.9136741161346436
YLR200W,YPR111W,0,-2.2596996,0.09804502129554749,0.9900299310684204,0.9137741327285767
YDR122W,YPR048W,0,-2.2601194,0.09803534299135208,0.9900299310684204,0.9138741493225098
YDR126W,YDR116C,0,-2.2620318,0.09802566468715668,0.9900299310684204,0.9139741659164429
YIR005W,YDR422C,0,-2.263027,0.09801599383354187,0.9900299310684204,0.9140742421150208
YJL056C,YLR007W,0,-2.2651649,0.09800631552934647,0.9900299310684204,0.9141742587089539
YCR052W,YJR068W,0,-2.2652535,0.09799664467573166,0.9900299310684204,0.914274275302887
YKR079C,YGL092W,0,-2.267166,0.09798697382211685,0.9900299310684204,0.9143742918968201
YHR117W,YNL246W,0,-2.267712,0.09797730296850204,0.9900299310684204,0.914474368095398
YOR278W,YPL059W,0,-2.2695656,0.09796763956546783,0.9900299310684204,0.914574384689331
YPL115C,YDL059C,0,-2.2699316,0.09795797616243362,0.9900299310684204,0.9146744012832642
YPR175W,YBR160W,0,-2.270227,0.09794831275939941,0.9900299310684204,0.9147744178771973
YGL027C,YGR274C,0,-2.2714949,0.0979386493563652,0.9900299310684204,0.9148744344711304
YGL233W,YCL050C,0,-2.2725968,0.09792899340391159,0.9900299310684204,0.9149745106697083
YNR041C,YDR405W,0,-2.2727733,0.09791933745145798,0.9900299310684204,0.9150745272636414
YGL243W,YNL095C,0,-2.2730005,0.09790968149900436,0.9900299310684204,0.9151745438575745
YOR147W,YDR411C,0,-2.2738554,0.09790003299713135,0.9900299310684204,0.9152745604515076
YLR073C,YGR063C,0,-2.2738583,0.09789037704467773,0.9900299310684204,0.9153746366500854
YBL091C,YLR170C,0,-2.2743692,0.09788072854280472,0.9900299310684204,0.9154746532440186
YKL173W,YPL146C,0,-2.2751966,0.0978710800409317,0.9900299310684204,0.9155746698379517
YIR005W,YKL172W,0,-2.2766688,0.09786143898963928,0.9900299310684204,0.9156746864318848
YHR202W,YLR028C,0,-2.2779508,0.09785179048776627,0.9900299310684204,0.9157747030258179
YOR098C,YLR466W,0,-2.2782993,0.09784214943647385,0.9900299310684204,0.9158747792243958
YCR053W,YJR052W,0,-2.2787309,0.09783251583576202,0.9900299310684204,0.9159747958183289
YJL060W,YLR130C,0,-2.279048,0.0978228747844696,0.9900299310684204,0.916074812412262
YGR271W,YDR457W,0,-2.280353,0.09781324118375778,0.9900299310684204,0.9161748290061951
YOL093W,YBR230C,0,-2.281291,0.09780360758304596,0.9900299310684204,0.916274905204773
YDL054C,YDR407C,0,-2.2882946,0.09779397398233414,0.9900299310684204,0.916374921798706
YLR239C,YEL043W,0,-2.288456,0.09778434038162231,0.9900299310684204,0.9164749383926392
YNL039W,YOL019W,0,-2.2884803,0.09777471423149109,0.9900299310684204,0.9165749549865723
YNL076W,YBL014C,0,-2.288546,0.09776508808135986,0.9900299310684204,0.9166750311851501
YPL168W,YNR011C,0,-2.2899122,0.09775546193122864,0.9900299310684204,0.9167750477790833
YKL088W,YLR085C,0,-2.29029,0.09774584323167801,0.9900299310684204,0.9168750643730164
YPL117C,YKR008W,0,-2.2906637,0.09773621708154678,0.9900299310684204,0.9169750809669495
YER061C,YOR066W,0,-2.2907944,0.09772659838199615,0.9900299310684204,0.9170750975608826
YPL011C,YBR015C,0,-2.2931526,0.09771698713302612,0.9900299310684204,0.9171751737594604
YMR227C,YNL029C,0,-2.2939768,0.0977073684334755,0.9900299310684204,0.9172751903533936
YKL078W,YHR081W,0,-2.2940383,0.09769775718450546,0.9900299310684204,0.9173752069473267
YPL063W,YHR059W,0,-2.2953658,0.09768814593553543,0.9900299310684204,0.9174752235412598
YPL059W,YFL025C,0,-2.296002,0.0976785346865654,0.9900299310684204,0.9175752997398376
YOL140W,YGL106W,0,-2.2968626,0.09766893088817596,0.9900299310684204,0.9176753163337708
YGR271W,YLR092W,0,-2.297354,0.09765932708978653,0.9900299310684204,0.9177753329277039
YPL139C,YJR068W,0,-2.2975116,0.0976497232913971,0.9900299310684204,0.917875349521637
YNL243W,YOR377W,0,-2.2976303,0.09764011949300766,0.9900299310684204,0.9179753661155701
YDR386W,YGR263C,0,-2.2981424,0.09763051569461823,0.9900299310684204,0.918075442314148
YDL230W,YOR324C,0,-2.2987444,0.09762091934680939,0.9900299310684204,0.918175458908081
YDR390C,YBR187W,0,-2.3003786,0.09761132299900055,0.9900299310684204,0.9182754755020142
YJR135C,YPL098C,0,-2.3022335,0.09760172665119171,0.9900299310684204,0.9183754920959473
YLR383W,YNL243W,0,-2.3041592,0.09759213775396347,0.9900299310684204,0.9184755682945251
YJL003W,YML015C,0,-2.3060884,0.09758254885673523,0.9900299310684204,0.9185755848884583
YBR166C,YDR026C,0,-2.3067856,0.09757295995950699,0.9900299310684204,0.9186756014823914
YLR442C,YAR027W,0,-2.3068814,0.09756337106227875,0.9900299310684204,0.9187756180763245
YDL102W,YOR258W,0,-2.3074431,0.0975537896156311,0.9900299310684204,0.9188756346702576
YKR044W,YCR014C,0,-2.3076801,0.09754420071840286,0.9900299310684204,0.9189757108688354
YML076C,YIL177C,0,-2.3086452,0.09753462672233582,0.9900299310684204,0.9190757274627686
YDR424C,YLR318W,0,-2.3104897,0.09752504527568817,0.9900299310684204,0.9191757440567017
YBR060C,YGL019W,0,-2.3125372,0.09751546382904053,0.9900299310684204,0.9192757606506348
YGL095C,YOL066C,0,-2.3131497,0.09750588983297348,0.9900299310684204,0.9193758368492126
YBR211C,YLR247C,0,-2.3135836,0.09749631583690643,0.9900299310684204,0.9194758534431458
YDR056C,YLR238W,0,-2.3137348,0.09748674929141998,0.9900299310684204,0.9195758700370789
YPR095C,YNL250W,0,-2.3145378,0.09747717529535294,0.9900299310684204,0.919675886631012
YGL090W,YLR016C,0,-2.3147674,0.09746760874986649,0.9900299310684204,0.9197759032249451
YGR239C,YLR371W,0,-2.3153322,0.09745804220438004,0.9900299310684204,0.919875979423523
YDL139C,YJR135C,0,-2.316115,0.09744847565889359,0.9900299310684204,0.919975996017456
YDL211C,YNL050C,0,-2.3164053,0.09743891656398773,0.9900299310684204,0.9200760126113892
YGL113W,YOR008C,0,-2.317569,0.09742935746908188,0.9900299310684204,0.9201760292053223
YJR103W,YKL173W,0,-2.319779,0.09741979837417603,0.9900299310684204,0.9202761054039001
YGR020C,YPL122C,0,-2.319881,0.09741023927927017,0.9900299310684204,0.9203761219978333
YDR498C,YMR269W,0,-2.3203492,0.09740068763494492,0.9900299310684204,0.9204761385917664
YDR367W,YPL059W,0,-2.321525,0.09739113599061966,0.9900299310684204,0.9205761551856995
YOR260W,YNL135C,0,-2.3218718,0.0973815843462944,0.9900299310684204,0.9206762313842773
YKL077W,YGL127C,0,-2.3218844,0.09737203270196915,0.9900299310684204,0.9207762479782104
YLR052W,YOL108C,0,-2.3226275,0.09736248850822449,0.9900299310684204,0.9208762645721436
YJL083W,YKL155C,0,-2.3239837,0.09735294431447983,0.9900299310684204,0.9209762811660767
YML049C,YDR103W,0,-2.3242097,0.09734340012073517,0.9900299310684204,0.9210762977600098
YLR364W,YPL155C,0,-2.3243012,0.09733385592699051,0.9900299310684204,0.9211763739585876
YDL175C,YFR006W,0,-2.3263814,0.09732431918382645,0.9900299310684204,0.9212763905525208
YJL065C,YDR204W,0,-2.326779,0.09731477499008179,0.9900299310684204,0.9213764071464539
YOR001W,YAL056W,0,-2.3273802,0.09730524569749832,0.9900299310684204,0.921476423740387
YIL084C,YHR039C-A,0,-2.3286538,0.09729570895433426,0.9900299310684204,0.9215764999389648
YCL057W,YBL034C,0,-2.3315368,0.0972861796617508,0.9900299310684204,0.921676516532898
YOR001W,YDR021W,0,-2.3316252,0.09727664291858673,0.9900299310684204,0.921776533126831
YDR303C,YHR009C,0,-2.3319323,0.09726711362600327,0.9900299310684204,0.9218765497207642
YDR196C,YOR270C,0,-2.3320823,0.0972575917840004,0.9900299310684204,0.9219765663146973
YGR003W,YKL061W,0,-2.3323169,0.09724806249141693,0.9900299310684204,0.9220766425132751
YPL122C,YNR043W,0,-2.336683,0.09723854064941406,0.9900299310684204,0.9221766591072083
YCL052C,YGR193C,0,-2.336959,0.0972290188074112,0.9900299310684204,0.9222766757011414
YOR249C,YJL090C,0,-2.3371403,0.09721950441598892,0.9900299310684204,0.9223766922950745
YNL027W,YDL231C,0,-2.3372145,0.09720998257398605,0.9900299310684204,0.9224767684936523
YGR084C,YDR259C,0,-2.3390229,0.09720046818256378,0.9900299310684204,0.9225767850875854
YDR416W,YLR277C,0,-2.3402214,0.09719095379114151,0.9900299310684204,0.9226768016815186
YLR040C,YDR167W,0,-2.3420482,0.09718144685029984,0.9900299310684204,0.9227768182754517
YNL175C,YNR057C,0,-2.3427913,0.09717193245887756,0.9900299310684204,0.9228768348693848
YHR067W,YKL134C,0,-2.3434443,0.09716242551803589,0.9900299310684204,0.9229769110679626
YLL009C,YLR145W,0,-2.3447573,0.09715291857719421,0.9900299310684204,0.9230769276618958
YLR278C,YLR115W,0,-2.3459692,0.09714341908693314,0.9900299310684204,0.9231769442558289
YPR091C,YGR246C,0,-2.3465104,0.09713391214609146,0.9900299310684204,0.923276960849762
YOR274W,YML067C,0,-2.3479705,0.09712441265583038,0.9900299310684204,0.9233770370483398
YNR033W,YJR032W,0,-2.3500252,0.0971149131655693,0.9900299310684204,0.923477053642273
YLR170C,YHR088W,0,-2.3506808,0.09710542112588882,0.9900299310684204,0.923577070236206
YLR390W,YER099C,0,-2.3509946,0.09709592163562775,0.9900299310684204,0.9236770868301392
YJL095W,YCL055W,0,-2.351394,0.09708642959594727,0.9900299310684204,0.9237771034240723
YPL207W,YLL008W,0,-2.3517542,0.09707693755626678,0.9900299310684204,0.9238771796226501
YDR490C,YNL247W,0,-2.3534794,0.0970674455165863,0.9900299310684204,0.9239771962165833
YOL045W,YPL196W,0,-2.3546162,0.09705796092748642,0.9900299310684204,0.9240772128105164
YDR430C,YDR004W,0,-2.3556066,0.09704847633838654,0.9900299310684204,0.9241772294044495
YMR114C,YBR213W,0,-2.3561735,0.09703899174928665,0.9900299310684204,0.9242773056030273
YDL130W-A,YIL033C,0,-2.3564074,0.09702950716018677,0.9900299310684204,0.9243773221969604
YOR124C,YBR055C,0,-2.3564262,0.09702003002166748,0.9900299310684204,0.9244773387908936
YDR227W,YPL176C,0,-2.3564773,0.0970105528831482,0.9900299310684204,0.9245773553848267
YFR050C,YMR179W,0,-2.3571,0.0970010757446289,0.9900299310684204,0.9246774315834045
YNL032W,YDR243C,0,-2.357388,0.09699159860610962,0.9900299310684204,0.9247774481773376
YJR134C,YBR213W,0,-2.357979,0.09698212891817093,0.9900299310684204,0.9248774647712708
YBR261C,YJR052W,0,-2.3579977,0.09697265923023224,0.9900299310684204,0.9249774813652039
YDR392W,YNL081C,0,-2.3604016,0.09696318954229355,0.9900299310684204,0.925077497959137
YML005W,YIL118W,0,-2.3621812,0.09695371985435486,0.9900299310684204,0.9251775741577148
YLR373C,YKL130C,0,-2.3622122,0.09694425761699677,0.9900299310684204,0.925277590751648
YDL164C,YBR173C,0,-2.3628504,0.09693478792905807,0.9900299310684204,0.925377607345581
YBR166C,YPR131C,0,-2.3635108,0.09692533314228058,0.9900299310684204,0.9254776239395142
YJL127C,YNL121C,0,-2.3636947,0.09691587090492249,0.9900299310684204,0.925577700138092
YKR008W,YKL119C,0,-2.3649995,0.09690640866756439,0.9900299310684204,0.9256777167320251
YPL168W,YDR188W,0,-2.365281,0.0968969538807869,0.9900299310684204,0.9257777333259583
YMR094W,YOR369C,0,-2.3655362,0.0968874990940094,0.9900299310684204,0.9258777499198914
YIL030C,YDR373W,0,-2.3678205,0.0968780517578125,0.9900299310684204,0.9259777665138245
YNL163C,YNL263C,0,-2.3681629,0.096868596971035,0.9900299310684204,0.9260778427124023
YHR168W,YJR102C,0,-2.3683352,0.0968591496348381,0.9900299310684204,0.9261778593063354
YER032W,YMR080C,0,-2.3687534,0.0968497022986412,0.9900299310684204,0.9262778759002686
YPL207W,YDR308C,0,-2.3692064,0.0968402549624443,0.9900299310684204,0.9263778924942017
YLR068W,YNL192W,0,-2.369342,0.096830815076828,0.9900299310684204,0.9264779686927795
YOL101C,YPL252C,0,-2.372051,0.0968213751912117,0.9900299310684204,0.9265779852867126
YOL076W,YDR466W,0,-2.3731809,0.0968119353055954,0.9900299310684204,0.9266780018806458
YJL197W,YHR167W,0,-2.3738894,0.0968024954199791,0.9900299310684204,0.9267780184745789
YDR490C,YIL106W,0,-2.3761265,0.09679306298494339,0.9900299310684204,0.926878035068512
YCR060W,YGR089W,0,-2.3783581,0.09678362309932709,0.9900299310684204,0.9269781112670898
YNR015W,YFR045W,0,-2.378498,0.09677419066429138,0.9900299310684204,0.927078127861023
YLR105C,YEL064C,0,-2.378798,0.09676476567983627,0.9900299310684204,0.927178144454956
YGL064C,YLR115W,0,-2.3811085,0.09675533324480057,0.9900299310684204,0.9272781610488892
YHR106W,YHR109W,0,-2.3835473,0.09674590826034546,0.9900299310684204,0.927378237247467
YML081W,YNL263C,0,-2.3839343,0.09673648327589035,0.9900299310684204,0.9274782538414001
YLR154C,YPL042C,0,-2.3859987,0.09672705829143524,0.9900299310684204,0.9275782704353333
YDR427W,YER115C,0,-2.3866634,0.09671764075756073,0.9900299310684204,0.9276782870292664
YML125C,YGL064C,0,-2.3882117,0.09670822322368622,0.9900299310684204,0.9277783632278442
YMR210W,YNR040W,0,-2.3890443,0.0966988056898117,0.9900299310684204,0.9278783798217773
YJR068W,YDR395W,0,-2.389344,0.0966893881559372,0.9900299310684204,0.9279783964157104
YGR002C,YPL254W,0,-2.3902643,0.09667997062206268,0.9900299310684204,0.9280784130096436
YGR072W,YDR449C,0,-2.390839,0.09667056053876877,0.9900299310684204,0.9281784296035767
YDL225W,YNL136W,0,-2.3922336,0.09666115045547485,0.9900299310684204,0.9282785058021545
YOR131C,YBR091C,0,-2.393159,0.09665174037218094,0.9900299310684204,0.9283785223960876
YDR524C,YOL129W,0,-2.393374,0.09664233773946762,0.9900299310684204,0.9284785389900208
YLR009W,YDR378C,0,-2.3946114,0.0966329276561737,0.9900299310684204,0.9285785555839539
YMR204C,YER063W,0,-2.3948302,0.09662352502346039,0.9900299310684204,0.9286786317825317
YOR242C,YNL300W,1,-2.3951802,0.0967114195227623,0.9910269379615784,0.9286786317825317
YDL015C,YOR363C,0,-2.396652,0.09670201689004898,0.9910269379615784,0.9287786483764648
YPL011C,YGL021W,0,-2.3990312,0.09669260680675507,0.9910269379615784,0.928878664970398
YKL132C,YAL002W,0,-2.3992386,0.09668320417404175,0.9910269379615784,0.928978681564331
YGL243W,YJL179W,0,-2.4005108,0.09667380154132843,0.9910269379615784,0.9290786981582642
YDR412W,YGR056W,0,-2.4005454,0.09666439890861511,0.9910269379615784,0.929178774356842
YML023C,YDL030W,0,-2.400691,0.0966549962759018,0.9910269379615784,0.9292787909507751
YMR240C,YBR091C,0,-2.4046783,0.09664560109376907,0.9910269379615784,0.9293788075447083
YDR047W,YKR099W,0,-2.4056222,0.09663620591163635,0.9910269379615784,0.9294788241386414
YPL096W,YCR063W,0,-2.4070659,0.09662681072950363,0.9910269379615784,0.9295789003372192
YGR276C,YGL112C,0,-2.4072816,0.09661741554737091,0.9910269379615784,0.9296789169311523
YDR013W,YJL173C,0,-2.4103801,0.09660802781581879,0.9910269379615784,0.9297789335250854
YML027W,YNL232W,0,-2.415635,0.09659864008426666,0.9910269379615784,0.9298789501190186
YCL051W,YDR104C,1,-2.4159913,0.09668642282485962,0.9920239448547363,0.9298789501190186
YDR473C,YDL117W,0,-2.4166698,0.0966770276427269,0.9920239448547363,0.9299789667129517
YPR162C,YGR220C,0,-2.416842,0.09666763991117477,0.9920239448547363,0.9300790429115295
YLR106C,YBL074C,0,-2.4205494,0.09665824472904205,0.9920239448547363,0.9301790595054626
YCR046C,YMR022W,0,-2.421568,0.09664885699748993,0.9920239448547363,0.9302790760993958
YER093C,YGL203C,0,-2.4232795,0.0966394692659378,0.9920239448547363,0.9303790926933289
YPR060C,YIL138C,0,-2.4241796,0.09663008898496628,0.9920239448547363,0.9304791688919067
YNL288W,YAL019W,0,-2.4244893,0.09662070125341415,0.9920239448547363,0.9305791854858398
YPL038W,YML071C,0,-2.4251418,0.09661132097244263,0.9920239448547363,0.930679202079773
YOR189W,YNR040W,0,-2.4278607,0.0966019406914711,0.9920239448547363,0.930779218673706
YCR094W,YGL105W,0,-2.4282258,0.09659256041049957,0.9920239448547363,0.9308792352676392
YFL029C,YOR275C,0,-2.429028,0.09658318758010864,0.9920239448547363,0.930979311466217
YGR134W,YPR131C,0,-2.4291244,0.09657381474971771,0.9920239448547363,0.9310793280601501
YNL080C,YDR062W,0,-2.4296734,0.09656444191932678,0.9920239448547363,0.9311793446540833
YDR454C,YHR109W,0,-2.4298568,0.09655506908893585,0.9920239448547363,0.9312793612480164
YKL011C,YOL054W,0,-2.4339669,0.09654570370912552,0.9920239448547363,0.9313794374465942
YLR361C,YJL149W,0,-2.435268,0.09653633087873459,0.9920239448547363,0.9314794540405273
YGR217W,YNL240C,0,-2.4357085,0.09652697294950485,0.9920239448547363,0.9315794706344604
YML011C,YDL134C,0,-2.4375224,0.09651760756969452,0.9920239448547363,0.9316794872283936
YLR446W,YML054C,0,-2.4400213,0.09650824218988419,0.9920239448547363,0.9317795634269714
YDR189W,YPR060C,0,-2.4406157,0.09649888426065445,0.9920239448547363,0.9318795800209045
YLR004C,YLR394W,0,-2.4413095,0.09648952633142471,0.9920239448547363,0.9319795966148376
YGL211W,YIL020C,0,-2.4415288,0.09648016840219498,0.9920239448547363,0.9320796132087708
YJL082W,YLR292C,0,-2.442604,0.09647081792354584,0.9920239448547363,0.9321796298027039
YNR010W,YJL208C,0,-2.4431448,0.0964614674448967,0.9920239448547363,0.9322797060012817
YDR075W,YNL176C,0,-2.444711,0.09645210951566696,0.9920239448547363,0.9323797225952148
YKR099W,YOR258W,0,-2.445105,0.09644276648759842,0.9920239448547363,0.932479739189148
YOR129C,YLR238W,0,-2.4460802,0.09643341600894928,0.9920239448547363,0.932579755783081
YDR175C,YNL176C,0,-2.4465344,0.09642407298088074,0.9920239448547363,0.9326798319816589
YMR200W,YGR179C,0,-2.4494545,0.0964147299528122,0.9920239448547363,0.932779848575592
YPL049C,YPL214C,0,-2.4496658,0.09640538692474365,0.9920239448547363,0.9328798651695251
YDR173C,YER111C,0,-2.4500515,0.09639604389667511,0.9920239448547363,0.9329798817634583
YDR533C,YKL090W,0,-2.450327,0.09638670831918716,0.9920239448547363,0.9330798983573914
YOL012C,YHR059W,0,-2.4513884,0.09637737274169922,0.9920239448547363,0.9331799745559692
YIR005W,YCR026C,0,-2.45621,0.09636803716421127,0.9920239448547363,0.9332799911499023
YER142C,YLR404W,0,-2.459656,0.09635870903730392,0.9920239448547363,0.9333800077438354
YMR123W,YDL240W,0,-2.4625645,0.09634937345981598,0.9920239448547363,0.9334800243377686
YHR185C,YJL208C,0,-2.46315,0.09634004533290863,0.9920239448547363,0.9335801005363464
YJR133W,YKL206C,0,-2.4637187,0.09633071720600128,0.9920239448547363,0.9336801171302795
YHR165C,YIL027C,0,-2.4637966,0.09632139652967453,0.9920239448547363,0.9337801337242126
YNL061W,YAL017W,0,-2.4641335,0.09631206840276718,0.9920239448547363,0.9338801503181458
YJL030W,YLR316C,0,-2.46471,0.09630274772644043,0.9920239448547363,0.9339801669120789
YJR140C,YOL062C,0,-2.4662848,0.09629342705011368,0.9920239448547363,0.9340802431106567
YLR093C,YGR145W,0,-2.466303,0.09628411382436752,0.9920239448547363,0.9341802597045898
YPL115C,YER013W,0,-2.4696097,0.09627479314804077,0.9920239448547363,0.934280276298523
YFL023W,YDL111C,0,-2.4720159,0.09626547992229462,0.9920239448547363,0.934380292892456
YOL010W,YDR310C,0,-2.4723613,0.09625616669654846,0.9920239448547363,0.9344803690910339
YGL151W,YDR347W,0,-2.4726586,0.09624685347080231,0.9920239448547363,0.934580385684967
YBR237W,YDR229W,0,-2.4730551,0.09623754769563675,0.9920239448547363,0.9346804022789001
YPL177C,YPR161C,0,-2.4734993,0.09622824192047119,0.9920239448547363,0.9347804188728333
YDL142C,YOL043C,0,-2.4738784,0.09621893614530563,0.9920239448547363,0.9348804354667664
YIL160C,YHL034C,0,-2.4747992,0.09620963037014008,0.9920239448547363,0.9349805116653442
YHR074W,YNL052W,0,-2.4794211,0.09620033204555511,0.9920239448547363,0.9350805282592773
YHR006W,YBR173C,0,-2.4809127,0.09619102627038956,0.9920239448547363,0.9351805448532104
YOL065C,YIR002C,0,-2.4816747,0.0961817279458046,0.9920239448547363,0.9352805614471436
YEL018W,YPL001W,0,-2.483779,0.09617243707180023,0.9920239448547363,0.9353806376457214
YJR155W,YMR213W,0,-2.4850378,0.09616313874721527,0.9920239448547363,0.9354806542396545
YNL175C,YOR078W,0,-2.4880488,0.09615384787321091,0.9920239448547363,0.9355806708335876
YGR170W,YMR261C,0,-2.4893696,0.09614455699920654,0.9920239448547363,0.9356806874275208
YDL180W,YGR012W,0,-2.4917688,0.09613526612520218,0.9920239448547363,0.9357807636260986
YOR117W,YJL062W,0,-2.4923725,0.09612597525119781,0.9920239448547363,0.9358807802200317
YFR038W,YDL127W,0,-2.4926786,0.09611669182777405,0.9920239448547363,0.9359807968139648
YJR089W,YAL023C,0,-2.494217,0.09610740840435028,0.9920239448547363,0.936080813407898
YCR024C,YBR160W,0,-2.496904,0.09609812498092651,0.9920239448547363,0.936180830001831
YDR412W,YNL102W,0,-2.4982128,0.09608884900808334,0.9920239448547363,0.9362809062004089
YNL182C,YHR169W,0,-2.4994583,0.09607956558465958,0.9920239448547363,0.936380922794342
YBL008W,YNL054W,0,-2.5010152,0.0960702896118164,0.9920239448547363,0.9364809393882751
YOR089C,YBR055C,0,-2.5013185,0.09606101363897324,0.9920239448547363,0.9365809559822083
YDR390C,YJL208C,0,-2.5016406,0.09605174511671066,0.9920239448547363,0.9366810321807861
YML011C,YKL126W,0,-2.5041075,0.09604246914386749,0.9920239448547363,0.9367810487747192
YMR220W,YCR105W,0,-2.5041914,0.09603320062160492,0.9920239448547363,0.9368810653686523
YDR414C,YLR234W,0,-2.5048978,0.09602393209934235,0.9920239448547363,0.9369810819625854
YML061C,YPR048W,0,-2.5056512,0.09601467102766037,0.9920239448547363,0.9370810985565186
YLL012W,YDL112W,0,-2.507746,0.0960054025053978,0.9920239448547363,0.9371811747550964
YPR105C,YMR099C,0,-2.5092218,0.09599614143371582,0.9920239448547363,0.9372811913490295
YIL140W,YCR086W,0,-2.5103173,0.09598688036203384,0.9920239448547363,0.9373812079429626
YIL008W,YPL129W,0,-2.513278,0.09597761929035187,0.9920239448547363,0.9374812245368958
YDR494W,YLR345W,0,-2.5138104,0.09596836566925049,0.9920239448547363,0.9375813007354736
YLR442C,YDR479C,0,-2.5153282,0.09595911204814911,0.9920239448547363,0.9376813173294067
YLR248W,YDR088C,0,-2.5157213,0.09594985842704773,0.9920239448547363,0.9377813339233398
YMR292W,YJR097W,0,-2.5174904,0.09594060480594635,0.9920239448547363,0.937881350517273
YOL149W,YGL085W,0,-2.5180817,0.09593135118484497,0.9920239448547363,0.937981367111206
YNL039W,YGR104C,0,-2.518703,0.09592210501432419,0.9920239448547363,0.9380814433097839
YIL062C,YDR393W,0,-2.5195174,0.0959128588438034,0.9920239448547363,0.938181459903717
YOR001W,YKR104W,0,-2.5200224,0.09590361267328262,0.9920239448547363,0.9382814764976501
YBL010C,YOL108C,0,-2.520266,0.09589437395334244,0.9920239448547363,0.9383814930915833
YOR226C,YLR313C,0,-2.520812,0.09588512778282166,0.9920239448547363,0.9384815692901611
YDR173C,YNL330C,0,-2.5220175,0.09587588906288147,0.9920239448547363,0.9385815858840942
YML096W,YMR022W,0,-2.5222592,0.09586665034294128,0.9920239448547363,0.9386816024780273
YDR013W,YDL166C,0,-2.5225317,0.0958574190735817,0.9920239448547363,0.9387816190719604
YJR107W,YLR238W,0,-2.5235095,0.0958481878042221,0.9920239448547363,0.9388816356658936
YKL132C,YNL085W,0,-2.5238347,0.09583894908428192,0.9920239448547363,0.9389817118644714
YIL009W,YMR112C,0,-2.5258856,0.09582972526550293,0.9920239448547363,0.9390817284584045
YDR512C,YGR095C,0,-2.528621,0.09582049399614334,0.9920239448547363,0.9391817450523376
YDR308C,YKL130C,0,-2.5286374,0.09581126272678375,0.9920239448547363,0.9392817616462708
YIR031C,YMR048W,0,-2.5295997,0.09580203890800476,0.9920239448547363,0.9393818378448486
YLR126C,YJR022W,0,-2.5326905,0.09579281508922577,0.9920239448547363,0.9394818544387817
YDR375C,YLR083C,0,-2.5339158,0.09578359872102737,0.9920239448547363,0.9395818710327148
YDR212W,YOL066C,0,-2.5340414,0.09577437490224838,0.9920239448547363,0.939681887626648
YLR450W,YDR288W,0,-2.5355644,0.09576515853404999,0.9920239448547363,0.9397819638252258
YGR056W,YPR057W,0,-2.5401063,0.09575594216585159,0.9920239448547363,0.9398819804191589
YJL080C,YIL143C,0,-2.5410988,0.0957467257976532,0.9920239448547363,0.939981997013092
YIL134W,YGL021W,0,-2.5411818,0.0957375168800354,0.9920239448547363,0.9400820136070251
YPL157W,YKL110C,0,-2.5465465,0.0957283079624176,0.9920239448547363,0.9401820302009583
YOR061W,YPL100W,0,-2.5484948,0.0957190990447998,0.9920239448547363,0.9402821063995361
YPR011C,YBR264C,0,-2.5491087,0.095709890127182,0.9920239448547363,0.9403821229934692
YIR005W,YHR012W,0,-2.5535476,0.09570068120956421,0.9920239448547363,0.9404821395874023
YML030W,YMR048W,0,-2.5544407,0.09569147974252701,0.9920239448547363,0.9405821561813354
YOR242C,YAL063C,1,-2.5552044,0.0957784429192543,0.9930209517478943,0.9405821561813354
YDR128W,YPR072W,0,-2.5558252,0.0957692340016365,0.9930209517478943,0.9406822323799133
YNL038W,YMR109W,0,-2.5593183,0.09576002508401871,0.9930209517478943,0.9407822489738464
YDR246W,YML023C,0,-2.5594528,0.09575081616640091,0.9930209517478943,0.9408822655677795
YER051W,YJL057C,0,-2.5605552,0.09574161469936371,0.9930209517478943,0.9409822821617126
YDR145W,YPR042C,0,-2.5626965,0.09573241323232651,0.9930209517478943,0.9410822987556458
YOL090W,YMR308C,0,-2.563021,0.0957232117652893,0.9930209517478943,0.9411823749542236
YEL043W,YML006C,0,-2.566584,0.0957140102982521,0.9930209517478943,0.9412823915481567
YBR095C,YMR009W,0,-2.5676613,0.0957048162817955,0.9930209517478943,0.9413824081420898
YKR068C,YDR239C,0,-2.5694087,0.0956956222653389,0.9930209517478943,0.941482424736023
YMR130W,YOR233W,0,-2.5694327,0.0956864282488823,0.9930209517478943,0.9415825009346008
YGL094C,YDR296W,0,-2.5698245,0.09567723423242569,0.9930209517478943,0.9416825175285339
YPR034W,YOL023W,0,-2.5742905,0.09566804021596909,0.9930209517478943,0.941782534122467
YKR002W,YJL186W,0,-2.574452,0.09565885365009308,0.9930209517478943,0.9418825507164001
YMR228W,YML071C,0,-2.5750065,0.09564966708421707,0.9930209517478943,0.9419825673103333
YAL034W-A,YIL042C,0,-2.5753598,0.09564048051834106,0.9930209517478943,0.9420826435089111
YGL243W,YMR171C,0,-2.575727,0.09563130140304565,0.9930209517478943,0.9421826601028442
YMR220W,YJR005W,0,-2.576415,0.09562212228775024,0.9930209517478943,0.9422826766967773
YHR109W,YDL111C,0,-2.577262,0.09561294317245483,0.9930209517478943,0.9423826932907104
YNL175C,YOR330C,0,-2.5795054,0.09560376405715942,0.9930209517478943,0.9424827694892883
YER029C,YLR389C,0,-2.5795114,0.09559458494186401,0.9930209517478943,0.9425827860832214
YPL011C,YIL137C,0,-2.5808594,0.0955854132771492,0.9930209517478943,0.9426828026771545
YLR403W,YKL061W,0,-2.5816762,0.09557624161243439,0.9930209517478943,0.9427828192710876
YDR496C,YPL105C,0,-2.5855331,0.09556706994771957,0.9930209517478943,0.9428828358650208
YER050C,YGR072W,0,-2.5856643,0.09555789828300476,0.9930209517478943,0.9429829120635986
YDR481C,YMR063W,0,-2.5857973,0.09554873406887054,0.9930209517478943,0.9430829286575317
YDR473C,YLR314C,0,-2.5859084,0.09553956985473633,0.9930209517478943,0.9431829452514648
YLR390W,YDR371W,0,-2.5862732,0.09553040564060211,0.9930209517478943,0.943282961845398
YDR522C,YKR102W,1,-2.5870862,0.0956171452999115,0.9940179586410522,0.943282961845398
YDR103W,YDL200C,0,-2.5877645,0.09560798108577728,0.9940179586410522,0.9433830380439758
YPR134W,YLR143W,0,-2.5883608,0.09559880942106247,0.9940179586410522,0.9434830546379089
YKR052C,YPL225W,0,-2.5888395,0.09558964520692825,0.9940179586410522,0.943583071231842
YIL083C,YOR011W,0,-2.5903933,0.09558048099279404,0.9940179586410522,0.9436830878257751
YML076C,YIL126W,0,-2.5906549,0.09557131677865982,0.9940179586410522,0.943783164024353
YMR130W,YKL165C,0,-2.590831,0.0955621600151062,0.9940179586410522,0.9438831806182861
YDL108W,YOR316C,0,-2.5912297,0.09555300325155258,0.9940179586410522,0.9439831972122192
YJL206C,YNR047W,0,-2.5947688,0.09554384648799896,0.9940179586410522,0.9440832138061523
YGL144C,YGL155W,0,-2.597706,0.09553468972444534,0.9940179586410522,0.9441832304000854
YLR266C,YHR205W,0,-2.5977597,0.09552553296089172,0.9940179586410522,0.9442833065986633
YLR055C,YPR003C,0,-2.599833,0.0955163836479187,0.9940179586410522,0.9443833231925964
YFL023W,YGR078C,0,-2.6002443,0.09550723433494568,0.9940179586410522,0.9444833397865295
YLR007W,YJR031C,0,-2.6023417,0.09549808502197266,0.9940179586410522,0.9445833563804626
YBR059C,YMR112C,0,-2.6023989,0.09548893570899963,0.9940179586410522,0.9446834325790405
YNR048W,YBR173C,0,-2.602425,0.09547979384660721,0.9940179586410522,0.9447834491729736
YDR217C,YHR085W,0,-2.6037076,0.09547065198421478,0.9940179586410522,0.9448834657669067
YDR367W,YPL083C,0,-2.6054497,0.09546151012182236,0.9940179586410522,0.9449834823608398
YNR011C,YIL039W,0,-2.6056633,0.09545236825942993,0.9940179586410522,0.945083498954773
YHR156C,YNL050C,0,-2.6076255,0.0954432338476181,0.9940179586410522,0.9451835751533508
YDR487C,YDR451C,0,-2.6108289,0.09543409943580627,0.9940179586410522,0.9452835917472839
YDL112W,YAL059W,0,-2.6108966,0.09542496502399445,0.9940179586410522,0.945383608341217
YNL298W,YPL122C,0,-2.6141422,0.09541583061218262,0.9940179586410522,0.9454836249351501
YLL012W,YMR001C,0,-2.6146655,0.09540669620037079,0.9940179586410522,0.945583701133728
YDR026C,YIL153W,0,-2.6151037,0.09539756923913956,0.9940179586410522,0.9456837177276611
YDR466W,YDR387C,0,-2.6186216,0.09538844227790833,0.9940179586410522,0.9457837343215942
YLR380W,YOR099W,0,-2.6188025,0.0953793153166771,0.9940179586410522,0.9458837509155273
YGL220W,YHR204W,0,-2.6201975,0.09537019580602646,0.9940179586410522,0.9459837675094604
YGR113W,YLR459W,0,-2.6204638,0.09536106884479523,0.9940179586410522,0.9460838437080383
YFR027W,YJR066W,0,-2.6206021,0.09535194933414459,0.9940179586410522,0.9461838603019714
YKL210W,YKR085C,0,-2.6209416,0.09534282982349396,0.9940179586410522,0.9462838768959045
YML109W,YOR103C,0,-2.622114,0.09533371776342392,0.9940179586410522,0.9463838934898376
YCL027W,YDR279W,0,-2.622613,0.09532459825277328,0.9940179586410522,0.9464839696884155
YDL166C,YDR510W,0,-2.6248264,0.09531548619270325,0.9940179586410522,0.9465839862823486
YNL032W,YKL218C,0,-2.6252851,0.09530637413263321,0.9940179586410522,0.9466840028762817
YOR271C,YDL031W,0,-2.6257324,0.09529726952314377,0.9940179586410522,0.9467840194702148
YGR062C,YFR007W,0,-2.6262922,0.09528815746307373,0.9940179586410522,0.946884036064148
YPL091W,YJL197W,0,-2.6275427,0.09527905285358429,0.9940179586410522,0.9469841122627258
YLR278C,YMR192W,0,-2.6279812,0.09526994824409485,0.9940179586410522,0.9470841288566589
YDL144C,YOR014W,0,-2.6279874,0.09526084363460541,0.9940179586410522,0.947184145450592
YNR038W,YNL262W,0,-2.630114,0.09525174647569656,0.9940179586410522,0.9472841620445251
YGL210W,YLR182W,0,-2.6324208,0.09524264186620712,0.9940179586410522,0.947384238243103
YJR040W,YPR166C,0,-2.6337667,0.09523354470729828,0.9940179586410522,0.9474842548370361
YCR014C,YMR226C,0,-2.6339903,0.09522444754838943,0.9940179586410522,0.9475842714309692
YJR005W,YJL087C,0,-2.6354551,0.09521535784006119,0.9940179586410522,0.9476842880249023
YMR022W,YDR279W,0,-2.6357522,0.09520626068115234,0.9940179586410522,0.9477843642234802
YCL024W,YKR002W,0,-2.6382537,0.0951971709728241,0.9940179586410522,0.9478843808174133
YIL030C,YKL041W,0,-2.6419196,0.09518808126449585,0.9940179586410522,0.9479843974113464
YNL121C,YLR039C,0,-2.6421068,0.0951789990067482,0.9940179586410522,0.9480844140052795
YGR229C,YHR205W,0,-2.6428232,0.09516990929841995,0.9940179586410522,0.9481844305992126
YJL006C,YBR182C,0,-2.6428714,0.0951608270406723,0.9940179586410522,0.9482845067977905
YNL191W,YDR226W,0,-2.6428962,0.09515174478292465,0.9940179586410522,0.9483845233917236
YNR002C,YBR282W,0,-2.6456478,0.0951426699757576,0.9940179586410522,0.9484845399856567
YNR050C,YMR304W,0,-2.6459157,0.09513358771800995,0.9940179586410522,0.9485845565795898
YGR097W,YDR466W,0,-2.6460981,0.0951245129108429,0.9940179586410522,0.9486846327781677
YJR138W,YJR089W,0,-2.6469612,0.09511543810367584,0.9940179586410522,0.9487846493721008
YPL002C,YOR189W,0,-2.650724,0.09510636329650879,0.9940179586410522,0.9488846659660339
YLR011W,YKL059C,0,-2.6515992,0.09509728848934174,0.9940179586410522,0.948984682559967
YNL243W,YDL180W,0,-2.6516943,0.09508822113275528,0.9940179586410522,0.9490846991539001
YMR128W,YER022W,0,-2.6526155,0.09507915377616882,0.9940179586410522,0.949184775352478
YGR156W,YHR119W,0,-2.652677,0.09507008641958237,0.9940179586410522,0.9492847919464111
YGL136C,YGL196W,0,-2.6551251,0.09506101906299591,0.9940179586410522,0.9493848085403442
YKR008W,YMR257C,0,-2.6554275,0.09505195915699005,0.9940179586410522,0.9494848251342773
YOR080W,YLR285W,0,-2.6555414,0.09504289925098419,0.9940179586410522,0.9495849013328552
YPR148C,YOR207C,0,-2.6562328,0.09503383934497833,0.9940179586410522,0.9496849179267883
YGL016W,YCL061C,0,-2.6562872,0.09502477943897247,0.9940179586410522,0.9497849345207214
YKR085C,YLR364W,0,-2.656436,0.09501572698354721,0.9940179586410522,0.9498849511146545
YPL110C,YHR046C,0,-2.656478,0.09500666707754135,0.9940179586410522,0.9499849677085876
YMR137C,YPL065W,0,-2.6581526,0.09499761462211609,0.9940179586410522,0.9500850439071655
YBR087W,YIL106W,0,-2.6608877,0.09498856961727142,0.9940179586410522,0.9501850605010986
YNL310C,YKL174C,0,-2.660956,0.09497951716184616,0.9940179586410522,0.9502850770950317
YER028C,YJL081C,0,-2.6618886,0.0949704721570015,0.9940179586410522,0.9503850936889648
YPR189W,YJR089W,0,-2.6636267,0.09496142715215683,0.9940179586410522,0.9504851698875427
YPR100W,YNL081C,0,-2.6649754,0.09495238214731216,0.9940179586410522,0.9505851864814758
YLR061W,YJL158C,0,-2.6649854,0.0949433371424675,0.9940179586410522,0.9506852030754089
YIL005W,YGL142C,0,-2.6690288,0.09493429958820343,0.9940179586410522,0.950785219669342
YMR055C,YMR078C,0,-2.6699376,0.09492526203393936,0.9940179586410522,0.9508852362632751
YEL018W,YNL172W,0,-2.670459,0.09491622447967529,0.9940179586410522,0.950985312461853
YDR080W,YHR158C,0,-2.6707299,0.09490718692541122,0.9940179586410522,0.9510853290557861
YIL043C,YHR070W,0,-2.671079,0.09489815682172775,0.9940179586410522,0.9511853456497192
YCL061C,YJR102C,0,-2.6713414,0.09488911926746368,0.9940179586410522,0.9512853622436523
YKL132C,YLR201C,0,-2.6727219,0.09488008916378021,0.9940179586410522,0.9513854384422302
YNL183C,YGR089W,0,-2.6741188,0.09487106651067734,0.9940179586410522,0.9514854550361633
YOR168W,YHR119W,0,-2.6743457,0.09486203640699387,0.9940179586410522,0.9515854716300964
YDR030C,YMR026C,0,-2.6768315,0.09485301375389099,0.9940179586410522,0.9516854882240295
YIL090W,YHR109W,0,-2.6774926,0.09484399110078812,0.9940179586410522,0.9517855644226074
YOL093W,YDR082W,0,-2.6784065,0.09483496844768524,0.9940179586410522,0.9518855810165405
YOR356W,YGR274C,0,-2.6810997,0.09482594579458237,0.9940179586410522,0.9519855976104736
YGL053W,YJR036C,0,-2.6823792,0.09481693059206009,0.9940179586410522,0.9520856142044067
YJL198W,YIL096C,0,-2.6839352,0.09480791538953781,0.9940179586410522,0.9521856307983398
YIL068C,YHR067W,0,-2.6868746,0.09479890018701553,0.9940179586410522,0.9522857069969177
YDL243C,YIL109C,0,-2.689261,0.09478988498449326,0.9940179586410522,0.9523857235908508
YLR016C,YPR057W,0,-2.693384,0.09478086978197098,0.9940179586410522,0.9524857401847839
YDR379W,YIL126W,0,-2.6945179,0.0947718620300293,0.9940179586410522,0.952585756778717
YLR215C,YDR478W,0,-2.6945813,0.09476285427808762,0.9940179586410522,0.9526858329772949
YHR058C,YPL175W,0,-2.6963556,0.09475384652614594,0.9940179586410522,0.952785849571228
YOR265W,YNL063W,0,-2.6969774,0.09474484622478485,0.9940179586410522,0.9528858661651611
YCL044C,YDR260C,0,-2.6972299,0.09473583847284317,0.9940179586410522,0.9529858827590942
YOR340C,YMR232W,0,-2.6976728,0.09472683817148209,0.9940179586410522,0.9530858993530273
YML031W,YMR048W,0,-2.6983073,0.094717837870121,0.9940179586410522,0.9531859755516052
YGL037C,YBR120C,0,-2.7011642,0.09470884501934052,0.9940179586410522,0.9532859921455383
YLR024C,YPR143W,0,-2.7049103,0.09469984471797943,0.9940179586410522,0.9533860087394714
YMR213W,YPL048W,0,-2.7076292,0.09469085186719894,0.9940179586410522,0.9534860253334045
YJR048W,YIL096C,0,-2.7080917,0.09468185901641846,0.9940179586410522,0.9535861015319824
YDL208W,YJR132W,0,-2.708384,0.09467287361621857,0.9940179586410522,0.9536861181259155
YDR460W,YLR209C,0,-2.7086296,0.09466388076543808,0.9940179586410522,0.9537861347198486
YLR154C,YOL057W,0,-2.7086833,0.09465489536523819,0.9940179586410522,0.9538861513137817
YJL033W,YDR110W,0,-2.7096865,0.0946459099650383,0.9940179586410522,0.9539861679077148
YOR274W,YKL015W,0,-2.7100687,0.09463692456483841,0.9940179586410522,0.9540862441062927
YLL014W,YLR223C,0,-2.7107317,0.09462793916463852,0.9940179586410522,0.9541862607002258
YOR275C,YML030W,0,-2.7115803,0.09461896121501923,0.9940179586410522,0.9542862772941589
YJL140W,YOL096C,0,-2.7122679,0.09460998326539993,0.9940179586410522,0.954386293888092
YOR356W,YOL019W,0,-2.7136755,0.09460100531578064,0.9940179586410522,0.9544863700866699
YGL183C,YJR028W,0,-2.7166958,0.09459202736616135,0.9940179586410522,0.954586386680603
YLR363C,YCL014W,0,-2.7184262,0.09458305686712265,0.9940179586410522,0.9546864032745361
YAL015C,YNL056W,0,-2.7187548,0.09457408636808395,0.9940179586410522,0.9547864198684692
YDR289C,YPR057W,0,-2.722555,0.09456511586904526,0.9940179586410522,0.9548864364624023
YPR148C,YNL038W,0,-2.7231903,0.09455614537000656,0.9940179586410522,0.9549865126609802
YOR319W,YMR087W,0,-2.725853,0.09454718232154846,0.9940179586410522,0.9550865292549133
YCR089W,YNR044W,1,-2.7274187,0.09463303536176682,0.9950149655342102,0.9550865292549133
YMR284W,YOL129W,0,-2.727668,0.09462406486272812,0.9950149655342102,0.9551865458488464
YLR028C,YOL065C,0,-2.7284293,0.09461509436368942,0.9950149655342102,0.9552865624427795
YDR468C,YKR036C,0,-2.73218,0.09460612386465073,0.9950149655342102,0.9553866386413574
YGR063C,YFR031C,0,-2.7342284,0.09459715336561203,0.9950149655342102,0.9554866552352905
YMR207C,YMR048W,0,-2.7357745,0.09458819031715393,0.9950149655342102,0.9555866718292236
YCL029C,YLL043W,0,-2.737288,0.09457922726869583,0.9950149655342102,0.9556866884231567
YOR216C,YBL091C,0,-2.739076,0.09457026422023773,0.9950149655342102,0.9557867646217346
YBL023C,YNL258C,0,-2.7404566,0.09456130117177963,0.9950149655342102,0.9558867812156677
YNL282W,YOR283W,0,-2.7417543,0.09455234557390213,0.9950149655342102,0.9559867978096008
YMR165C,YMR065W,0,-2.7447307,0.09454338997602463,0.9950149655342102,0.9560868144035339
YAL033W,YLR466W,0,-2.7504187,0.09453443437814713,0.9950149655342102,0.956186830997467
YKL119C,YDR039C,0,-2.7507915,0.09452547878026962,0.9950149655342102,0.9562869071960449
YHR135C,YPL254W,0,-2.751247,0.09451652318239212,0.9950149655342102,0.956386923789978
YDR466W,YEL039C,0,-2.7515652,0.09450757503509521,0.9950149655342102,0.9564869403839111
YBR131W,YPR180W,0,-2.751752,0.09449862688779831,0.9950149655342102,0.9565869569778442
YDR351W,YNL051W,0,-2.7531486,0.0944896787405014,0.9950149655342102,0.9566870331764221
YML049C,YDR165W,0,-2.7544532,0.0944807380437851,0.9950149655342102,0.9567870497703552
YDL060W,YNL136W,0,-2.7561657,0.09447178989648819,0.9950149655342102,0.9568870663642883
YBR119W,YLR239C,0,-2.756732,0.09446284919977188,0.9950149655342102,0.9569870829582214
YIL005W,YPR199C,0,-2.7579176,0.09445390850305557,0.9950149655342102,0.9570870995521545
YLR052W,YGR258C,0,-2.7588801,0.09444496780633926,0.9950149655342102,0.9571871757507324
YPL144W,YPR068C,0,-2.7600024,0.09443603456020355,0.9950149655342102,0.9572871923446655
YJR082C,YER114C,0,-2.7628026,0.09442710131406784,0.9950149655342102,0.9573872089385986
YPL013C,YKR090W,0,-2.763595,0.09441816806793213,0.9950149655342102,0.9574872255325317
YCL048W,YDR437W,0,-2.7641697,0.09440923482179642,0.9950149655342102,0.9575873017311096
YMR075W,YLR466W,0,-2.7642055,0.0944003015756607,0.9950149655342102,0.9576873183250427
YPR091C,YLR440C,0,-2.7670753,0.09439137578010559,0.9950149655342102,0.9577873349189758
YNR024W,YOL062C,0,-2.7693882,0.09438244998455048,0.9950149655342102,0.9578873515129089
YHR058C,YLR186W,0,-2.7721329,0.09437352418899536,0.9950149655342102,0.957987368106842
YMR013C,YIL005W,0,-2.773899,0.09436459839344025,0.9950149655342102,0.9580874443054199
YBR107C,YLR417W,0,-2.7784355,0.09435568004846573,0.9950149655342102,0.958187460899353
YJR082C,YHR204W,0,-2.7836492,0.09434675425291061,0.9950149655342102,0.9582874774932861
YDR292C,YDR498C,0,-2.7855706,0.0943378359079361,0.9950149655342102,0.9583874940872192
YKL006C-A,YGR113W,0,-2.787672,0.09432892501354218,0.9950149655342102,0.9584875702857971
YHR207C,YDR528W,0,-2.7905293,0.09432000666856766,0.9950149655342102,0.9585875868797302
YDL144C,YPR141C,0,-2.7925158,0.09431109577417374,0.9950149655342102,0.9586876034736633
YDR404C,YPL262W,0,-2.7942824,0.09430218487977982,0.9950149655342102,0.9587876200675964
YGR271W,YIL027C,0,-2.7965922,0.0942932739853859,0.9950149655342102,0.9588876366615295
YGL151W,YER142C,0,-2.7967677,0.09428436309099197,0.9950149655342102,0.9589877128601074
YIL027C,YNL086W,0,-2.79833,0.09427545964717865,0.9950149655342102,0.9590877294540405
YLR207W,YPL196W,0,-2.8001883,0.09426655620336533,0.9950149655342102,0.9591877460479736
YML109W,YLR442C,0,-2.8027618,0.094257652759552,0.9950149655342102,0.9592877626419067
YGR158C,YDR021W,0,-2.802764,0.09424874931573868,0.9950149655342102,0.9593878388404846
YDR292C,YDL138W,0,-2.8043237,0.09423984587192535,0.9950149655342102,0.9594878554344177
YHR111W,YML109W,0,-2.8061547,0.09423094987869263,0.9950149655342102,0.9595878720283508
YBL031W,YNL232W,0,-2.8074064,0.0942220538854599,0.9950149655342102,0.9596878886222839
YPL011C,YKR095W,0,-2.8090215,0.09421315789222717,0.9950149655342102,0.9597879648208618
YMR281W,YGL053W,0,-2.811142,0.09420426934957504,0.9950149655342102,0.9598879814147949
YLR435W,YNL199C,0,-2.81542,0.09419537335634232,0.9950149655342102,0.959987998008728
YMR098C,YEL022W,0,-2.817739,0.09418648481369019,0.9950149655342102,0.9600880146026611
YLR080W,YGL203C,0,-2.8203974,0.09417759627103806,0.9950149655342102,0.9601880311965942
YML076C,YMR059W,0,-2.8223808,0.09416870772838593,0.9950149655342102,0.9602881073951721
YCL032W,YDL106C,0,-2.822765,0.09415982663631439,0.9950149655342102,0.9603881239891052
YNL213C,YJL011C,0,-2.823269,0.09415094554424286,0.9950149655342102,0.9604881405830383
YER020W,YHR039C-A,0,-2.8235373,0.09414206445217133,0.9950149655342102,0.9605881571769714
YCR009C,YER022W,0,-2.8241725,0.09413318336009979,0.9950149655342102,0.9606882333755493
YOL107W,YGR095C,0,-2.824388,0.09412430226802826,0.9950149655342102,0.9607882499694824
YLL006W,YOR290C,0,-2.8250463,0.09411542862653732,0.9950149655342102,0.9608882665634155
YJL013C,YPL259C,0,-2.8258681,0.09410655498504639,0.9950149655342102,0.9609882831573486
YPR031W,YLR394W,0,-2.8263745,0.09409768134355545,0.9950149655342102,0.9610882997512817
YKL005C,YGR181W,0,-2.8292239,0.09408880770206451,0.9950149655342102,0.9611883759498596
YLR127C,YPL098C,0,-2.830566,0.09407994151115417,0.9950149655342102,0.9612883925437927
YBR091C,YFL047W,0,-2.831059,0.09407107532024384,0.9950149655342102,0.9613884091377258
YLL034C,YAL019W,0,-2.8326814,0.0940622091293335,0.9950149655342102,0.9614884257316589
YKL197C,YKL074C,0,-2.8394647,0.09405334293842316,0.9950149655342102,0.9615885019302368
YOR278W,YHR129C,0,-2.8401442,0.09404447674751282,0.9950149655342102,0.9616885185241699
YML006C,YPR187W,0,-2.8404708,0.09403561800718307,0.9950149655342102,0.961788535118103
YDR386W,YGR099W,0,-2.8435097,0.09402675926685333,0.9950149655342102,0.9618885517120361
YMR211W,YBR160W,0,-2.8437583,0.09401790052652359,0.9950149655342102,0.9619885683059692
YAL060W,YLL026W,0,-2.8467512,0.09400904178619385,0.9950149655342102,0.9620886445045471
YOR089C,YBR091C,0,-2.847843,0.0940001904964447,0.9950149655342102,0.9621886610984802
YBL035C,YDR299W,0,-2.8485837,0.09399133175611496,0.9950149655342102,0.9622886776924133
YKL173W,YJR073C,0,-2.854288,0.09398248791694641,0.9950149655342102,0.9623886942863464
YMR240C,YER083C,0,-2.854663,0.09397363662719727,0.9950149655342102,0.9624887704849243
YLR239C,YDR239C,0,-2.8552775,0.09396478533744812,0.9950149655342102,0.9625887870788574
YPL002C,YIL005W,0,-2.8585172,0.09395594149827957,0.9950149655342102,0.9626888036727905
YGR083C,YKL014C,0,-2.8585224,0.09394709765911102,0.9950149655342102,0.9627888202667236
YMR146C,YIL064W,0,-2.8586917,0.09393825381994247,0.9950149655342102,0.9628888368606567
YIL004C,YKL017C,0,-2.860991,0.09392940998077393,0.9950149655342102,0.9629889130592346
YLR268W,YLR016C,0,-2.8633897,0.09392057359218597,0.9950149655342102,0.9630889296531677
YGR239C,YML104C,0,-2.8656535,0.09391173720359802,0.9950149655342102,0.9631889462471008
YPL096W,YKL015W,0,-2.8692694,0.09390290081501007,0.9950149655342102,0.9632889628410339
YDL180W,YDR308C,0,-2.8699114,0.09389406442642212,0.9950149655342102,0.9633890390396118
YER086W,YPL174C,0,-2.8734121,0.09388522803783417,0.9950149655342102,0.9634890556335449
YLR357W,YMR171C,0,-2.8759365,0.09387639909982681,0.9950149655342102,0.963589072227478
YOR043W,YJL112W,0,-2.8787715,0.09386757016181946,0.9950149655342102,0.9636890888214111
YPL064C,YOR162C,0,-2.8803165,0.0938587412238121,0.9950149655342102,0.963789165019989
YML043C,YPL225W,0,-2.8817005,0.09384991228580475,0.9950149655342102,0.9638891816139221
YER040W,YLR212C,0,-2.882019,0.09384109079837799,0.9950149655342102,0.9639891982078552
YMR233W,YPL074W,0,-2.8891022,0.09383226931095123,0.9950149655342102,0.9640892148017883
YGR134W,YCL061C,0,-2.8891416,0.09382344782352448,0.9950149655342102,0.9641892313957214
YBR188C,YGR255C,0,-2.8899422,0.09381462633609772,0.9950149655342102,0.9642893075942993
YPL031C,YDR494W,0,-2.8907437,0.09380581229925156,0.9950149655342102,0.9643893241882324
YBL014C,YOL019W,0,-2.8914886,0.0937969908118248,0.9950149655342102,0.9644893407821655
YLR248W,YKL089W,0,-2.8987222,0.09378817677497864,0.9950149655342102,0.9645893573760986
YMR201C,YMR227C,0,-2.900416,0.09377936273813248,0.9950149655342102,0.9646894335746765
YLR404W,YER147C,0,-2.9056025,0.09377055615186691,0.9950149655342102,0.9647894501686096
YBL055C,YMR301C,0,-2.9057865,0.09376174211502075,0.9950149655342102,0.9648894667625427
YLL012W,YNL062C,0,-2.9072533,0.09375293552875519,0.9950149655342102,0.9649894833564758
YJR066W,YGL144C,0,-2.9092536,0.09374412894248962,0.9950149655342102,0.9650894999504089
YPR010C,YNR003C,0,-2.9107695,0.09373532235622406,0.9950149655342102,0.9651895761489868
YPL213W,YOL116W,0,-2.9109063,0.09372652322053909,0.9950149655342102,0.9652895927429199
YNL062C,YOR061W,0,-2.9123225,0.09371771663427353,0.9950149655342102,0.965389609336853
YKR085C,YOR285W,0,-2.916304,0.09370891749858856,0.9950149655342102,0.9654896259307861
YBL028C,YIR037W,0,-2.916628,0.0937001183629036,0.9950149655342102,0.965589702129364
YBR237W,YBL008W,0,-2.9179332,0.09369132667779922,0.9950149655342102,0.9656897187232971
YJL110C,YER111C,0,-2.9200125,0.09368252754211426,0.9950149655342102,0.9657897353172302
YJR055W,YHR059W,0,-2.9250278,0.09367373585700989,0.9950149655342102,0.9658897519111633
YPL011C,YMR285C,0,-2.9263425,0.09366494417190552,0.9950149655342102,0.9659897685050964
YBR231C,YGR072W,0,-2.9267702,0.09365615248680115,0.9950149655342102,0.9660898447036743
YER115C,YKR027W,0,-2.9272113,0.09364736825227737,0.9950149655342102,0.9661898612976074
YMR240C,YKL203C,0,-2.9284644,0.0936385840177536,0.9950149655342102,0.9662898778915405
YDL006W,YCL016C,0,-2.9312205,0.09362979978322983,0.9950149655342102,0.9663898944854736
YIL036W,YPL048W,0,-2.9340045,0.09362101554870605,0.9950149655342102,0.9664899706840515
YGL136C,YDL095W,0,-2.9356308,0.09361223131418228,0.9950149655342102,0.9665899872779846
YDL110C,YEL041W,0,-2.936329,0.0936034545302391,0.9950149655342102,0.9666900038719177
YDR104C,YEL040W,1,-2.9388447,0.09368845820426941,0.9960119724273682,0.9666900038719177
YJL054W,YMR228W,0,-2.9450328,0.09367966651916504,0.9960119724273682,0.9667900204658508
YLR291C,YJR098C,0,-2.9450698,0.09367088973522186,0.9960119724273682,0.9668900966644287
YKL126W,YPL254W,0,-2.952126,0.09366210550069809,0.9960119724273682,0.9669901132583618
YOL102C,YDR371W,0,-2.9530344,0.09365332126617432,0.9960119724273682,0.9670901298522949
YLR404W,YJL128C,0,-2.9542499,0.09364454448223114,0.9960119724273682,0.967190146446228
YLR209C,YKL114C,0,-2.9549499,0.09363576769828796,0.9960119724273682,0.9672901630401611
YBR001C,YPL183C,0,-2.9550316,0.09362699091434479,0.9960119724273682,0.967390239238739
YBL047C,YBR081C,0,-2.9576845,0.09361821413040161,0.9960119724273682,0.9674902558326721
YMR023C,YHR168W,0,-2.9613457,0.09360944479703903,0.9960119724273682,0.9675902724266052
YGL119W,YNL084C,0,-2.9626284,0.09360067546367645,0.9960119724273682,0.9676902890205383
YGL195W,YLR266C,0,-2.9637022,0.09359190613031387,0.9960119724273682,0.9677903652191162
YDR239C,YOR060C,0,-2.9669805,0.0935831367969513,0.9960119724273682,0.9678903818130493
YNL061W,YGL172W,0,-2.9686942,0.09357437491416931,0.9960119724273682,0.9679903984069824
YGR251W,YKR050W,0,-2.973187,0.09356560558080673,0.9960119724273682,0.9680904150009155
YJL029C,YMR314W,0,-2.9744859,0.09355684369802475,0.9960119724273682,0.9681904315948486
YBR035C,YPL254W,0,-2.974749,0.09354808181524277,0.9960119724273682,0.9682905077934265
YDR388W,YER093C,0,-2.9747767,0.09353932738304138,0.9960119724273682,0.9683905243873596
YBL021C,YGR004W,0,-2.9767141,0.0935305655002594,0.9960119724273682,0.9684905409812927
YML096W,YLR074C,0,-2.9768398,0.09352181106805801,0.9960119724273682,0.9685905575752258
YLR032W,YPR111W,0,-2.9833212,0.09351305663585663,0.9960119724273682,0.9686906337738037
YDR384C,YNL202W,0,-2.9930382,0.09350430220365524,0.9960119724273682,0.9687906503677368
YHR051W,YER126C,0,-2.9952607,0.09349555522203445,0.9960119724273682,0.9688906669616699
YPL051W,YMR127C,0,-2.99609,0.09348680824041367,0.9960119724273682,0.968990683555603
YMR285C,YPR068C,0,-2.9977891,0.09347805380821228,0.9960119724273682,0.9690907001495361
YPR163C,YER049W,0,-2.998426,0.09346931427717209,0.9960119724273682,0.969190776348114
YOL080C,YDL231C,0,-3.0039258,0.0934605672955513,0.9960119724273682,0.9692907929420471
YOR224C,YPL183C,0,-3.0045285,0.09345182776451111,0.9960119724273682,0.9693908095359802
YCL039W,YLR102C,0,-3.004664,0.09344308078289032,0.9960119724273682,0.9694908261299133
YAR035W,YLR403W,0,-3.005484,0.09343434125185013,0.9960119724273682,0.9695909023284912
YOR066W,YPL193W,0,-3.006784,0.09342560917139053,0.9960119724273682,0.9696909189224243
YDR490C,YBR067C,0,-3.0069761,0.09341686964035034,0.9960119724273682,0.9697909355163574
YDL080C,YBR107C,0,-3.0098972,0.09340813755989075,0.9960119724273682,0.9698909521102905
YDR173C,YGR184C,0,-3.010559,0.09339939802885056,0.9960119724273682,0.9699909687042236
YGL050W,YML077W,0,-3.012281,0.09339067339897156,0.9960119724273682,0.9700910449028015
YJL053W,YKL017C,0,-3.0131247,0.09338194131851196,0.9960119724273682,0.9701910614967346
YLL021W,YDR145W,0,-3.0166693,0.09337320923805237,0.9960119724273682,0.9702910780906677
YOR057W,YBL034C,0,-3.018619,0.09336448460817337,0.9960119724273682,0.9703910946846008
YHR122W,YNL049C,0,-3.0186725,0.09335575997829437,0.9960119724273682,0.9704911708831787
YCR089W,YDL225W,1,-3.0205278,0.093440480530262,0.9970089793205261,0.9704911708831787
YJL174W,YCL014W,0,-3.0214849,0.0934317484498024,0.9970089793205261,0.9705911874771118
YNR018W,YDR229W,0,-3.0222154,0.0934230163693428,0.9970089793205261,0.9706912040710449
YLR080W,YDL019C,0,-3.0236902,0.0934142917394638,0.9970089793205261,0.970791220664978
YGL116W,YDL231C,0,-3.0264304,0.09340556710958481,0.9970089793205261,0.9708912968635559
YGR007W,YHR059W,0,-3.0362039,0.09339684247970581,0.9970089793205261,0.970991313457489
YGL212W,YFR013W,0,-3.0362394,0.09338811784982681,0.9970089793205261,0.9710913300514221
YDR470C,YCR037C,0,-3.0390496,0.09337940067052841,0.9970089793205261,0.9711913466453552
YGR071C,YPL051W,0,-3.0397682,0.09337068349123001,0.9970089793205261,0.9712913632392883
YOR145C,YOR250C,0,-3.0407553,0.09336196631193161,0.9970089793205261,0.9713914394378662
YNL180C,YLR007W,0,-3.040813,0.09335324913263321,0.9970089793205261,0.9714914560317993
YOR106W,YCL024W,0,-3.0411289,0.09334453195333481,0.9970089793205261,0.9715914726257324
YDR326C,YMR089C,0,-3.0412807,0.093335822224617,0.9970089793205261,0.9716914892196655
YNL188W,YOR294W,0,-3.0450413,0.0933271124958992,0.9970089793205261,0.9717915654182434
YHR111W,YOR123C,0,-3.0456262,0.0933184027671814,0.9970089793205261,0.9718915820121765
YDR137W,YBR267W,0,-3.048768,0.09330969303846359,0.9970089793205261,0.9719915986061096
YFR013W,YMR026C,0,-3.052288,0.09330099076032639,0.9970089793205261,0.9720916152000427
YGR274C,YBR257W,0,-3.0525613,0.09329228103160858,0.9970089793205261,0.9721916317939758
YIL061C,YJL170C,0,-3.0595508,0.09328357875347137,0.9970089793205261,0.9722917079925537
YPR135W,YGL172W,0,-3.0600028,0.09327488392591476,0.9970089793205261,0.9723917245864868
YHR164C,YML015C,0,-3.0648694,0.09326618164777756,0.9970089793205261,0.9724917411804199
YJR131W,YIL115C,0,-3.0654674,0.09325748682022095,0.9970089793205261,0.972591757774353
YGL220W,YLR221C,0,-3.0657442,0.09324878454208374,0.9970089793205261,0.9726918339729309
YNR024W,YGR258C,0,-3.068196,0.09324008971452713,0.9970089793205261,0.972791850566864
YKL021C,YDR312W,0,-3.0694356,0.09323140233755112,0.9970089793205261,0.9728918671607971
YGR199W,YDR406W,0,-3.0735612,0.0932227075099945,0.9970089793205261,0.9729918837547302
YDL180W,YDL007W,0,-3.0760884,0.0932140201330185,0.9970089793205261,0.9730919003486633
YMR114C,YLR238W,0,-3.083672,0.09320533275604248,0.9970089793205261,0.9731919765472412
YPL043W,YNL263C,0,-3.0845876,0.09319664537906647,0.9970089793205261,0.9732919931411743
YGR143W,YOR179C,0,-3.085003,0.09318795800209045,0.9970089793205261,0.9733920097351074
YML132W,YGL049C,0,-3.085054,0.09317927807569504,0.9970089793205261,0.9734920263290405
YLR442C,YNL123W,0,-3.086943,0.09317059814929962,0.9970089793205261,0.9735921025276184
YML096W,YOR372C,0,-3.0931146,0.0931619182229042,0.9970089793205261,0.9736921191215515
YKR048C,YNL029C,0,-3.0971727,0.09315323829650879,0.9970089793205261,0.9737921357154846
YCR094W,YGR165W,0,-3.1003337,0.09314455837011337,0.9970089793205261,0.9738921523094177
YGL220W,YOL029C,0,-3.1038013,0.09313588589429855,0.9970089793205261,0.9739921689033508
YOR194C,YKL041W,0,-3.1076312,0.09312721341848373,0.9970089793205261,0.9740922451019287
YOL066C,YNL199C,0,-3.116263,0.09311854094266891,0.9970089793205261,0.9741922616958618
YPL175W,YJR140C,0,-3.1165533,0.0931098684668541,0.9970089793205261,0.9742922782897949
YDR013W,YLR244C,0,-3.1176023,0.09310120344161987,0.9970089793205261,0.974392294883728
YOR075W,YBR188C,0,-3.1250267,0.09309253096580505,0.9970089793205261,0.9744923710823059
YNL023C,YLR096W,0,-3.1250315,0.09308386594057083,0.9970089793205261,0.974592387676239
YOR332W,YLR268W,0,-3.1271567,0.0930752083659172,0.9970089793205261,0.9746924042701721
YGR120C,YKL154W,0,-3.127284,0.09306654334068298,0.9970089793205261,0.9747924208641052
YIR012W,YNR024W,0,-3.1281314,0.09305787831544876,0.9970089793205261,0.9748924970626831
YDR190C,YOR353C,0,-3.141703,0.09304922074079514,0.9970089793205261,0.9749925136566162
YOL051W,YNL182C,0,-3.1419802,0.09304056316614151,0.9970089793205261,0.9750925302505493
YHR037W,YIL020C,0,-3.1430514,0.09303191304206848,0.9970089793205261,0.9751925468444824
YHR058C,YDL060W,0,-3.1436284,0.09302325546741486,0.9970089793205261,0.9752925634384155
YFR001W,YHR059W,0,-3.1485887,0.09301460534334183,0.9970089793205261,0.9753926396369934
YHR132C,YGR276C,0,-3.1511784,0.0930059552192688,0.9970089793205261,0.9754926562309265
YPL103C,YOR145C,0,-3.1537051,0.09299730509519577,0.9970089793205261,0.9755926728248596
YJR048W,YKL205W,0,-3.1557417,0.09298865497112274,0.9970089793205261,0.9756926894187927
YLR154C,YHR027C,0,-3.1591072,0.09298001229763031,0.9970089793205261,0.9757927656173706
YDR515W,YDR378C,0,-3.1659348,0.09297136217355728,0.9970089793205261,0.9758927822113037
YOR274W,YOR143C,0,-3.1681914,0.09296271950006485,0.9970089793205261,0.9759927988052368
YKL063C,YBL021C,0,-3.1685915,0.09295408427715302,0.9970089793205261,0.9760928153991699
YLR107W,YPL183C,0,-3.1708415,0.09294544160366058,0.9970089793205261,0.976192831993103
YML124C,YPL112C,0,-3.1715455,0.09293680638074875,0.9970089793205261,0.9762929081916809
YPL103C,YER093C,0,-3.176037,0.09292816370725632,0.9970089793205261,0.976392924785614
YNL163C,YLR118C,0,-3.1790342,0.09291952848434448,0.9970089793205261,0.9764929413795471
YKL166C,YJR132W,0,-3.1889646,0.09291090071201324,0.9970089793205261,0.9765929579734802
YER173W,YIL147C,0,-3.189586,0.09290226548910141,0.9970089793205261,0.9766930341720581
YAR033W,YLR143W,0,-3.1912856,0.09289363771677017,0.9970089793205261,0.9767930507659912
YNL032W,YGR002C,0,-3.193892,0.09288500994443893,0.9970089793205261,0.9768930673599243
YNL248C,YIL106W,0,-3.196389,0.0928763821721077,0.9970089793205261,0.9769930839538574
YER008C,YOR194C,0,-3.1967206,0.09286775439977646,0.9970089793205261,0.9770931005477905
YGR283C,YMR292W,0,-3.1976862,0.09285913407802582,0.9970089793205261,0.9771931767463684
YOR252W,YLR403W,0,-3.19879,0.09285051375627518,0.9970089793205261,0.9772931933403015
YLL001W,YDR222W,0,-3.2024808,0.09284189343452454,0.9970089793205261,0.9773932099342346
YBR271W,YJL157C,0,-3.2052455,0.0928332731127739,0.9970089793205261,0.9774932265281677
YMR211W,YNL308C,0,-3.2104187,0.09282465279102325,0.9970089793205261,0.9775933027267456
YOR258W,YJL058C,0,-3.2139926,0.09281603991985321,0.9970089793205261,0.9776933193206787
YFR038W,YGR078C,0,-3.2141047,0.09280742704868317,0.9970089793205261,0.9777933359146118
YHR149C,YLR007W,0,-3.214851,0.09279881417751312,0.9970089793205261,0.9778933525085449
YML006C,YJL112W,0,-3.2162004,0.09279020130634308,0.9970089793205261,0.977993369102478
YOR232W,YDR371W,0,-3.2189522,0.09278158843517303,0.9970089793205261,0.9780934453010559
YBR169C,YCR035C,0,-3.221387,0.09277298301458359,0.9970089793205261,0.978193461894989
YNL032W,YDL095W,0,-3.2241275,0.09276437759399414,0.9970089793205261,0.9782934784889221
YLR084C,YDR104C,1,-3.225082,0.0928485319018364,0.9980059862136841,0.9782934784889221
YNL153C,YMR308C,0,-3.2265763,0.09283991903066635,0.9980059862136841,0.9783934950828552
YIL079C,YDR422C,0,-3.2439976,0.09283130615949631,0.9980059862136841,0.9784935712814331
YDR166C,YGL111W,0,-3.2505174,0.09282270073890686,0.9980059862136841,0.9785935878753662
YNL290W,YML081W,0,-3.2512245,0.09281409531831741,0.9980059862136841,0.9786936044692993
YGL053W,YKL172W,0,-3.2572794,0.09280548989772797,0.9980059862136841,0.9787936210632324
YOR216C,YGL018C,0,-3.2579412,0.09279688447713852,0.9980059862136841,0.9788936972618103
YDR096W,YDL179W,0,-3.2597888,0.09278828650712967,0.9980059862136841,0.9789937138557434
YOL026C,YGL203C,0,-3.2619748,0.09277968108654022,0.9980059862136841,0.9790937304496765
YFL029C,YGR081C,0,-3.2631676,0.09277108311653137,0.9980059862136841,0.9791937470436096
YOL080C,YNL258C,0,-3.2640386,0.09276248514652252,0.9980059862136841,0.9792937636375427
YLL034C,YOL070C,0,-3.2645319,0.09275389462709427,0.9980059862136841,0.9793938398361206
YDR235W,YDR356W,0,-3.2669296,0.09274529665708542,0.9980059862136841,0.9794938564300537
YPR171W,YMR112C,0,-3.267386,0.09273670613765717,0.9980059862136841,0.9795938730239868
YGR071C,YNL212W,0,-3.2724445,0.09272811561822891,0.9980059862136841,0.9796938896179199
YCR052W,YLR221C,0,-3.2799518,0.09271952509880066,0.9980059862136841,0.9797939658164978
YBL079W,YOL043C,0,-3.2808332,0.0927109345793724,0.9980059862136841,0.9798939824104309
YEL051W,YGR171C,0,-3.285355,0.09270235151052475,0.9980059862136841,0.979993999004364
YML109W,YML088W,0,-3.2871184,0.0926937684416771,0.9980059862136841,0.9800940155982971
YLR145W,YPL175W,0,-3.2881255,0.09268518537282944,0.9980059862136841,0.9801940321922302
YBR087W,YDR088C,0,-3.2914045,0.09267660230398178,0.9980059862136841,0.9802941083908081
YCL029C,YLR277C,0,-3.2979903,0.09266802668571472,0.9980059862136841,0.9803941249847412
YGL094C,YDL101C,0,-3.298916,0.09265944361686707,0.9980059862136841,0.9804941415786743
YHL026C,YMR001C,0,-3.2990475,0.0926508679986,0.9980059862136841,0.9805941581726074
YGR057C,YBR213W,0,-3.3068671,0.09264229238033295,0.9980059862136841,0.9806942343711853
YIL159W,YPR141C,0,-3.3077557,0.09263372421264648,0.9980059862136841,0.9807942509651184
YKR053C,YGR120C,0,-3.3085604,0.09262514859437943,0.9980059862136841,0.9808942675590515
YLR010C,YHR194W,0,-3.3088424,0.09261658042669296,0.9980059862136841,0.9809942841529846
YMR301C,YGL139W,0,-3.3096259,0.0926080122590065,0.9980059862136841,0.9810943007469177
YBL023C,YKL135C,0,-3.311335,0.09259944409132004,0.9980059862136841,0.9811943769454956
YKL010C,YHR076W,0,-3.3141136,0.09259088337421417,0.9980059862136841,0.9812943935394287
YDR496C,YOL043C,0,-3.3142095,0.09258231520652771,0.9980059862136841,0.9813944101333618
YLR207W,YPL112C,0,-3.3182411,0.09257375448942184,0.9980059862136841,0.9814944267272949
YHR074W,YER082C,0,-3.3183188,0.09256519377231598,0.9980059862136841,0.9815945029258728
YOR179C,YHR028C,0,-3.319215,0.09255663305521011,0.9980059862136841,0.9816945195198059
YKR026C,YMR218C,0,-3.3206651,0.09254807978868484,0.9980059862136841,0.981794536113739
YOL061W,YOR283W,0,-3.3215687,0.09253951907157898,0.9980059862136841,0.9818945527076721
YPL011C,YGR103W,0,-3.3254442,0.09253096580505371,0.9980059862136841,0.9819945693016052
YNL048W,YJL058C,0,-3.32849,0.09252241253852844,0.9980059862136841,0.9820946455001831
YBR170C,YKL041W,0,-3.3286557,0.09251386672258377,0.9980059862136841,0.9821946620941162
YDR320C,YLR309C,0,-3.3321354,0.0925053134560585,0.9980059862136841,0.9822946786880493
YBL023C,YDR130C,0,-3.3338938,0.09249676764011383,0.9980059862136841,0.9823946952819824
YPL056C,YIR004W,0,-3.3348205,0.09248822182416916,0.9980059862136841,0.9824947714805603
YOR067C,YOR131C,0,-3.3363001,0.09247967600822449,0.9980059862136841,0.9825947880744934
YNL070W,YLR403W,0,-3.3366854,0.09247113019227982,0.9980059862136841,0.9826948046684265
YPL244C,YHR070W,0,-3.340435,0.09246259182691574,0.9980059862136841,0.9827948212623596
YEL015W,YJL095W,0,-3.3454065,0.09245405346155167,0.9980059862136841,0.9828948974609375
YLL048C,YCR096C,0,-3.3577673,0.09244551509618759,0.9980059862136841,0.9829949140548706
YER028C,YGL050W,0,-3.3590024,0.09243697673082352,0.9980059862136841,0.9830949306488037
YHL008C,YCL035C,0,-3.3608274,0.09242843836545944,0.9980059862136841,0.9831949472427368
YDR083W,YLR197W,0,-3.3668659,0.09241990745067596,0.9980059862136841,0.9832949638366699
YDR430C,YNL185C,0,-3.3680778,0.09241137653589249,0.9980059862136841,0.9833950400352478
YNL284C,YHR073W,0,-3.368928,0.09240284562110901,0.9980059862136841,0.9834950566291809
YMR049C,YOL154W,0,-3.3690376,0.09239431470632553,0.9980059862136841,0.983595073223114
YOR176W,YHL019C,0,-3.3726964,0.09238578379154205,0.9980059862136841,0.9836950898170471
YMR298W,YDL101C,0,-3.3766294,0.09237726032733917,0.9980059862136841,0.983795166015625
YML016C,YMR091C,0,-3.3865943,0.09236873686313629,0.9980059862136841,0.9838951826095581
YHR111W,YOR232W,0,-3.3888783,0.09236021339893341,0.9980059862136841,0.9839951992034912
YDR419W,YMR065W,0,-3.3940306,0.09235168993473053,0.9980059862136841,0.9840952157974243
YMR087W,YCL014W,0,-3.3941026,0.09234317392110825,0.9980059862136841,0.9841952323913574
YPL133C,YDR379W,0,-3.4003463,0.09233465790748596,0.9980059862136841,0.9842953085899353
YIL090W,YGR071C,0,-3.4004588,0.09232614189386368,0.9980059862136841,0.9843953251838684
YKL166C,YMR226C,0,-3.4010377,0.0923176258802414,0.9980059862136841,0.9844953417778015
YML099C,YLR248W,0,-3.402527,0.09230910986661911,0.9980059862136841,0.9845953583717346
YPL126W,YLR014C,0,-3.4032235,0.09230060130357742,0.9980059862136841,0.9846954345703125
YHR122W,YML104C,0,-3.4042344,0.09229209274053574,0.9980059862136841,0.9847954511642456
YPL117C,YDR466W,0,-3.4121354,0.09228358417749405,0.9980059862136841,0.9848954677581787
YHR008C,YER063W,0,-3.4187682,0.09227507561445236,0.9980059862136841,0.9849954843521118
YOR054C,YCR054C,0,-3.4394808,0.09226656705141068,0.9980059862136841,0.9850955009460449
YDR140W,YOR283W,0,-3.4468524,0.09225806593894958,0.9980059862136841,0.9851955771446228
YER014W,YGR075C,0,-3.4538736,0.0922495648264885,0.9980059862136841,0.9852955937385559
YJR134C,YLR384C,0,-3.4539647,0.0922410637140274,0.9980059862136841,0.985395610332489
YPL096W,YKL144C,0,-3.4559648,0.09223256260156631,0.9980059862136841,0.9854956269264221
YOR244W,YOR232W,0,-3.4606533,0.09222406148910522,0.9980059862136841,0.985595703125
YLR163C,YBR084W,0,-3.4608366,0.09221556782722473,0.9980059862136841,0.9856957197189331
YDR090C,YDR121W,0,-3.4684188,0.09220707416534424,0.9980059862136841,0.9857957363128662
YNR020C,YLR188W,0,-3.4723406,0.09219858050346375,0.9980059862136841,0.9858957529067993
YOR142W,YEL051W,0,-3.4850435,0.09219008684158325,0.9980059862136841,0.9859957695007324
YOL111C,YGR178C,0,-3.489538,0.09218160063028336,0.9980059862136841,0.9860958456993103
YPL137C,YGL174W,0,-3.4914303,0.09217311441898346,0.9980059862136841,0.9861958622932434
YOR034C,YML021C,0,-3.493929,0.09216462820768356,0.9980059862136841,0.9862958788871765
YDL095W,YJR058C,0,-3.4957771,0.09215614199638367,0.9980059862136841,0.9863958954811096
YNL153C,YGR078C,0,-3.513145,0.09214765578508377,0.9980059862136841,0.9864959716796875
YJL033W,YDL051W,0,-3.5209498,0.09213917702436447,0.9980059862136841,0.9865959882736206
YKL203C,YOR069W,0,-3.532364,0.09213069826364517,0.9980059862136841,0.9866960048675537
YFR033C,YOR132W,0,-3.5424294,0.09212221950292587,0.9980059862136841,0.9867960214614868
YIL118W,YOL054W,0,-3.5470307,0.09211374074220657,0.9980059862136841,0.9868960976600647
YJR151C,YLR238W,0,-3.547595,0.09210526198148727,0.9980059862136841,0.9869961142539978
YHR206W,YPR163C,0,-3.5487442,0.09209679067134857,0.9980059862136841,0.9870961308479309
YPL098C,YKL155C,0,-3.5544908,0.09208831936120987,0.9980059862136841,0.987196147441864
YNR015W,YHR051W,0,-3.5570927,0.09207984805107117,0.9980059862136841,0.9872961640357971
YLL016W,YNL212W,0,-3.5634255,0.09207137674093246,0.9980059862136841,0.987396240234375
YBR245C,YGR095C,0,-3.5637975,0.09206290543079376,0.9980059862136841,0.9874962568283081
YMR225C,YJR102C,0,-3.5668755,0.09205444157123566,0.9980059862136841,0.9875962734222412
YDR108W,YPR021C,0,-3.567132,0.09204597771167755,0.9980059862136841,0.9876962900161743
YNL308C,YLR316C,0,-3.5673516,0.09203751385211945,0.9980059862136841,0.9877963662147522
YIL079C,YJL186W,0,-3.5762866,0.09202904999256134,0.9980059862136841,0.9878963828086853
YJL013C,YLR292C,0,-3.5778446,0.09202059358358383,0.9980059862136841,0.9879963994026184
YJR063W,YIL106W,0,-3.5967393,0.09201213717460632,0.9980059862136841,0.9880964159965515
YER083C,YAL059W,0,-3.6026955,0.09200367331504822,0.9980059862136841,0.9881964325904846
YGR071C,YPR057W,0,-3.6080797,0.0919952243566513,0.9980059862136841,0.9882965087890625
YGL113W,YIL167W,0,-3.6090326,0.0919867679476738,0.9980059862136841,0.9883965253829956
YNL262W,YKR027W,0,-3.6096277,0.09197831153869629,0.9980059862136841,0.9884965419769287
YKL082C,YDL231C,0,-3.6096382,0.09196986258029938,0.9980059862136841,0.9885965585708618
YDR030C,YDR424C,0,-3.609898,0.09196141362190247,0.9980059862136841,0.9886966347694397
YKR064W,YNL032W,0,-3.6135964,0.09195296466350555,0.9980059862136841,0.9887966513633728
YNL292W,YOL023W,0,-3.6145325,0.09194452315568924,0.9980059862136841,0.9888966679573059
YCL017C,YER050C,0,-3.6168618,0.09193607419729233,0.9980059862136841,0.988996684551239
YOL123W,YLR299W,0,-3.6251957,0.09192763268947601,0.9980059862136841,0.9890967011451721
YNL181W,YNL176C,0,-3.6253963,0.0919191911816597,0.9980059862136841,0.98919677734375
YLR215C,YBR213W,0,-3.6262026,0.09191074967384338,0.9980059862136841,0.9892967939376831
YLL004W,YPL051W,0,-3.6267338,0.09190231561660767,0.9980059862136841,0.9893968105316162
YAR042W,YJL173C,0,-3.62969,0.09189387410879135,0.9980059862136841,0.9894968271255493
YBR274W,YNL032W,0,-3.6436758,0.09188544005155563,0.9980059862136841,0.9895969033241272
YOR143C,YOL065C,0,-3.6518502,0.09187700599431992,0.9980059862136841,0.9896969199180603
YMR188C,YDR422C,0,-3.6544673,0.0918685719370842,0.9980059862136841,0.9897969365119934
YGL136C,YOR157C,0,-3.6569183,0.09186014533042908,0.9980059862136841,0.9898969531059265
YER127W,YDR482C,0,-3.6602967,0.09185171872377396,0.9980059862136841,0.9899969696998596
YGL233W,YJR001W,0,-3.6637774,0.09184328466653824,0.9980059862136841,0.9900970458984375
YPL117C,YBR141C,0,-3.6717114,0.09183486551046371,0.9980059862136841,0.9901970624923706
YJL044C,YOR069W,0,-3.6720066,0.0918264389038086,0.9980059862136841,0.9902970790863037
YBR155W,YDR021W,0,-3.6767342,0.09181801229715347,0.9980059862136841,0.9903970956802368
YJR127C,YMR228W,0,-3.6905217,0.09180959314107895,0.9980059862136841,0.9904971718788147
YLR381W,YPL097W,0,-3.69242,0.09180117398500443,0.9980059862136841,0.9905971884727478
YIL005W,YKL094W,0,-3.6984594,0.0917927548289299,0.9980059862136841,0.9906972050666809
YLR288C,YIL139C,0,-3.712542,0.09178433567285538,0.9980059862136841,0.990797221660614
YGL111W,YOL043C,0,-3.7181225,0.09177592396736145,0.9980059862136841,0.9908972978591919
YDR308C,YCR086W,0,-3.7197597,0.09176751226186752,0.9980059862136841,0.990997314453125
YCR060W,YOR091W,0,-3.7225673,0.0917591005563736,0.9980059862136841,0.9910973310470581
YKL017C,YER111C,0,-3.7228112,0.09175068885087967,0.9980059862136841,0.9911973476409912
YOR216C,YOR037W,0,-3.7239027,0.09174227714538574,0.9980059862136841,0.9912973642349243
YNL292W,YNL027W,0,-3.7254362,0.09173387289047241,0.9980059862136841,0.9913974404335022
YNL076W,YPR120C,0,-3.7268157,0.09172546863555908,0.9980059862136841,0.9914974570274353
YDL235C,YNL181W,0,-3.7305937,0.09171706438064575,0.9980059862136841,0.9915974736213684
YER127W,YDL217C,0,-3.732119,0.09170866012573242,0.9980059862136841,0.9916974902153015
YGL220W,YNR048W,0,-3.7335153,0.09170025587081909,0.9980059862136841,0.9917975664138794
YFL005W,YOR207C,0,-3.735801,0.09169185906648636,0.9980059862136841,0.9918975830078125
YNL191W,YPR148C,0,-3.7377615,0.09168345481157303,0.9980059862136841,0.9919975996017456
YNL023C,YLR196W,0,-3.754082,0.09167506545782089,0.9980059862136841,0.9920976161956787
YML049C,YPL115C,0,-3.7604032,0.09166666865348816,0.9980059862136841,0.9921976327896118
YOR279C,YJR036C,0,-3.7639403,0.09165827184915543,0.9980059862136841,0.9922977089881897
YKL094W,YDR088C,0,-3.7768972,0.09164988249540329,0.9980059862136841,0.9923977255821228
YKL195W,YNL129W,0,-3.7769678,0.09164149314165115,0.9980059862136841,0.9924977421760559
YLR092W,YNL214W,0,-3.7808018,0.09163310378789902,0.9980059862136841,0.992597758769989
YPR006C,YDR240C,0,-3.7817724,0.09162471443414688,0.9980059862136841,0.9926978349685669
YDL235C,YLR417W,0,-3.7829642,0.09161632508039474,0.9980059862136841,0.9927978515625
YDR175C,YLR440C,0,-3.7840035,0.0916079431772232,0.9980059862136841,0.9928978681564331
YPL194W,YBR188C,0,-3.7881134,0.09159956127405167,0.9980059862136841,0.9929978847503662
YOR047C,YML043C,0,-3.815422,0.09159117937088013,0.9980059862136841,0.9930979013442993
YGR047C,YPL105C,0,-3.818412,0.09158279746770859,0.9980059862136841,0.9931979775428772
YOL102C,YHR129C,0,-3.843426,0.09157442301511765,0.9980059862136841,0.9932979941368103
YGL093W,YKL130C,0,-3.843538,0.0915660411119461,0.9980059862136841,0.9933980107307434
YLR085C,YKR083C,0,-3.8439064,0.09155766665935516,0.9980059862136841,0.9934980273246765
YOR250C,YPL207W,0,-3.848888,0.09154929220676422,0.9980059862136841,0.9935981035232544
YIL004C,YJR042W,0,-3.8540554,0.09154092520475388,0.9980059862136841,0.9936981201171875
YOR242C,YDL225W,1,-3.855095,0.09162399172782898,0.999002993106842,0.9936981201171875
YPL233W,YDR135C,0,-3.8551505,0.09161561727523804,0.999002993106842,0.9937981367111206
YJR053W,YLR386W,0,-3.8570952,0.0916072428226471,0.999002993106842,0.9938981533050537
YNL032W,YIL130W,0,-3.8621407,0.09159886837005615,0.999002993106842,0.9939981698989868
YOR241W,YKL110C,0,-3.8735101,0.09159049391746521,0.999002993106842,0.9940982460975647
YDR104C,YGL032C,1,-3.8790581,0.09167352318763733,1.0,0.9940982460975647
YJL206C,YLR052W,0,-3.8843129,0.09166514128446579,1.0,0.9941982626914978
YGR020C,YGL093W,0,-3.8914363,0.09165676683187485,1.0,0.9942982792854309
YOR265W,YPR046W,0,-3.9187894,0.0916483923792839,1.0,0.994398295879364
YOR162C,YDR308C,0,-3.9232621,0.09164001792669296,1.0,0.9944983720779419
YJR006W,YMR192W,0,-3.9245586,0.09163164347410202,1.0,0.994598388671875
YAL020C,YPL254W,0,-3.9291525,0.09162327647209167,1.0,0.9946984052658081
YER007C-A,YDR103W,0,-3.9333353,0.09161490947008133,1.0,0.9947984218597412
YNL217W,YGL064C,0,-3.941908,0.09160654246807098,1.0,0.9948984980583191
YKL166C,YJR097W,0,-3.9509676,0.09159817546606064,1.0,0.9949985146522522
YLR452C,YOR258W,0,-3.9631867,0.09158980846405029,1.0,0.9950985312461853
YIL108W,YBR175W,0,-3.9655144,0.09158144891262054,1.0,0.9951985478401184
YOL061W,YML049C,0,-3.9940126,0.0915730819106102,1.0,0.9952985644340515
YGR262C,YOL062C,0,-3.9982975,0.09156472235918045,1.0,0.9953986406326294
YHR077C,YOL072W,0,-4.035447,0.0915563702583313,1.0,0.9954986572265625
YHR077C,YDR440W,0,-4.037571,0.09154801070690155,1.0,0.9955986738204956
YDR440W,YKR048C,0,-4.0389647,0.0915396586060524,1.0,0.9956986904144287
YPL117C,YDR137W,0,-4.072765,0.09153129905462265,1.0,0.9957987666130066
YPL188W,YPR128C,0,-4.0865793,0.0915229469537735,1.0,0.9958987832069397
YOR091W,YER049W,0,-4.0875335,0.09151459485292435,1.0,0.9959987998008728
YDL006W,YLR170C,0,-4.1051126,0.09150625020265579,1.0,0.9960988163948059
YAL059W,YLR427W,0,-4.1137953,0.09149790555238724,1.0,0.996198832988739
YLR451W,YPL007C,0,-4.118865,0.09148955345153809,1.0,0.9962989091873169
YML016C,YJR001W,0,-4.1420383,0.09148120880126953,1.0,0.99639892578125
YCL044C,YML021C,0,-4.149728,0.09147287160158157,1.0,0.9964989423751831
YDR239C,YMR112C,0,-4.152345,0.09146452695131302,1.0,0.9965989589691162
YOL149W,YLR343W,0,-4.189448,0.09145618975162506,1.0,0.9966990351676941
YNR048W,YFR031C,0,-4.193904,0.0914478451013565,1.0,0.9967990517616272
YJR110W,YNL149C,0,-4.20882,0.09143950790166855,1.0,0.9968990683555603
YGR262C,YDR088C,0,-4.2289886,0.09143117815256119,1.0,0.9969990849494934
YPL011C,YJR032W,0,-4.2337294,0.09142284095287323,1.0,0.9970991015434265
YCR094W,YMR022W,0,-4.2396955,0.09141451120376587,1.0,0.9971991777420044
YCR072C,YJR031C,0,-4.240341,0.09140618145465851,1.0,0.9972991943359375
YJL003W,YPR057W,0,-4.247175,0.09139785170555115,1.0,0.9973992109298706
YJR013W,YGL050W,0,-4.2598023,0.09138952195644379,1.0,0.9974992275238037
YOR308C,YDR083W,0,-4.262682,0.09138119220733643,1.0,0.9975993037223816
YDR296W,YKR026C,0,-4.304288,0.09137286990880966,1.0,0.9976993203163147
YLR106C,YHR186C,0,-4.3062086,0.0913645476102829,1.0,0.9977993369102478
YGL172W,YDR054C,0,-4.3340936,0.09135622531175613,1.0,0.9978993535041809
YMR203W,YML107C,0,-4.371901,0.09134790301322937,1.0,0.997999370098114
YML030W,YMR086W,0,-4.3858857,0.0913395881652832,1.0,0.9980994462966919
YLL003W,YJR140C,0,-4.4378085,0.09133126586675644,1.0,0.998199462890625
YKR054C,YGR007W,0,-4.5407624,0.09132295101881027,1.0,0.9982994794845581
YOR221C,YPR141C,0,-4.5714874,0.0913146361708641,1.0,0.9983994960784912
YOR380W,YIL020C,0,-4.627111,0.09130632877349854,1.0,0.9984995722770691
YDR140W,YPL254W,0,-4.713115,0.09129801392555237,1.0,0.9985995888710022
YLR126C,YJL179W,0,-4.714218,0.0912897065281868,1.0,0.9986996054649353
YDR120C,YOL054W,0,-4.7201624,0.09128139913082123,1.0,0.9987996220588684
YPR190C,YOR117W,0,-4.760754,0.09127309173345566,1.0,0.9988996982574463
YLR086W,YLR102C,0,-4.781219,0.09126478433609009,1.0,0.9989997148513794
YPL101W,YKR095W,0,-4.799493,0.09125648438930511,1.0,0.9990997314453125
YML060W,YKL174C,0,-4.9070377,0.09124817699193954,1.0,0.9991997480392456
YOR142W,YDL135C,0,-4.921639,0.09123987704515457,1.0,0.9992997646331787
YNL051W,YDR088C,0,-4.9791,0.0912315845489502,1.0,0.9993998408317566
YOR269W,YKL021C,0,-5.0307374,0.09122328460216522,1.0,0.9994998574256897
YDR424C,YPR148C,0,-5.1368027,0.09121498465538025,1.0,0.9995998740196228
YGL050W,YOL007C,0,-5.1607723,0.09120669215917587,1.0,0.9996998906135559
YAL019W,YLR085C,0,-5.182381,0.0911983996629715,1.0,0.9997999668121338
YKR054C,YLR215C,0,-5.2236,0.09119010716676712,1.0,0.9998999834060669
YCR035C,YKL094W,0,-5.8177147,0.09118181467056274,1.0,1.0
