Gene A,Gene B,Label,Score,Precision,Recall,False Positive Rate
YPR102C,YGR085C,1,0.63640326,1.0,0.0010000000474974513,0.0
YLL008W,YHR170W,1,-0.3688473,1.0,0.0020000000949949026,0.0
YHR052W,YNL002C,1,-0.391371,1.0,0.003000000026077032,0.0
YKL009W,YKR081C,1,-0.452801,1.0,0.004000000189989805,0.0
YHR170W,YKR081C,1,-0.52598715,1.0,0.004999999888241291,0.0
YAL025C,YKR081C,1,-0.59817404,1.0,0.006000000052154064,0.0
YLR276C,YBR142W,1,-0.6675372,1.0,0.007000000216066837,0.0
YHR052W,YKL009W,1,-0.6908894,1.0,0.00800000037997961,0.0
YGR085C,YDR418W,1,-0.7833148,1.0,0.008999999612569809,0.0
YLR009W,YNL002C,1,-0.7970818,1.0,0.009999999776482582,0.0
YDR101C,YHR052W,1,-0.8068564,1.0,0.010999999940395355,0.0
YBR142W,YKR081C,1,-0.84064484,1.0,0.012000000104308128,0.0
YER126C,YKR081C,1,-0.86033773,1.0,0.013000000268220901,0.0
YDR101C,YLR009W,1,-0.8695266,1.0,0.014000000432133675,0.0
YNL182C,YNL002C,1,-0.8761795,1.0,0.014999999664723873,0.0
YHR052W,YHR085W,1,-0.8775969,1.0,0.01600000075995922,0.0
YOL077C,YKR081C,1,-0.8811803,1.0,0.017000000923871994,0.0
YLL008W,YAL025C,1,-0.8820863,1.0,0.017999999225139618,0.0
YHR170W,YER126C,1,-0.8914546,1.0,0.01899999938905239,0.0
YPL093W,YLR009W,1,-0.8968456,1.0,0.019999999552965164,0.0
YHR170W,YGL120C,1,-0.91587174,1.0,0.020999999716877937,0.0
YAL025C,YHR066W,1,-0.955761,1.0,0.02199999988079071,0.0
YHR052W,YLR009W,1,-0.97521406,1.0,0.023000000044703484,0.0
YHR197W,YKR081C,1,-0.98599607,1.0,0.024000000208616257,0.0
YAL025C,YHR170W,1,-0.9990395,1.0,0.02500000037252903,0.0
YKL009W,YHR170W,1,-1.0218797,1.0,0.026000000536441803,0.0
YKL009W,YNL002C,1,-1.0229874,1.0,0.027000000700354576,0.0
YKL009W,YOL144W,1,-1.0253806,1.0,0.02800000086426735,0.0
YLL008W,YNL182C,1,-1.0662031,1.0,0.028999999165534973,0.0
YJL122W,YLR009W,1,-1.0709084,1.0,0.029999999329447746,0.0
YKL009W,YER126C,1,-1.0810008,1.0,0.03099999949336052,0.0
YDR418W,YPL131W,1,-1.148039,1.0,0.03200000151991844,0.0
YNL182C,YHR170W,1,-1.1676006,1.0,0.032999999821186066,0.0
YOL077C,YNL002C,1,-1.1717998,1.0,0.03400000184774399,0.0
YHR170W,YHR197W,1,-1.1762084,1.0,0.03500000014901161,0.0
YDR101C,YKR081C,1,-1.1764324,1.0,0.035999998450279236,0.0
YKL009W,YLR009W,1,-1.2012477,1.0,0.03700000047683716,0.0
YNL182C,YHR197W,1,-1.2055165,1.0,0.03799999877810478,0.0
YHR052W,YHR197W,1,-1.2131453,1.0,0.039000000804662704,0.0
YLR276C,YER126C,1,-1.2315801,1.0,0.03999999910593033,0.0
YNL182C,YAL025C,1,-1.2470347,1.0,0.04100000113248825,0.0
YGR103W,YKR081C,1,-1.2510797,1.0,0.041999999433755875,0.0
YHR085W,YHR088W,1,-1.2611166,1.0,0.0430000014603138,0.0
YJL122W,YKL009W,1,-1.2721914,1.0,0.04399999976158142,0.0
YHR052W,YOL144W,1,-1.2977358,1.0,0.04500000178813934,0.0
YOL144W,YNL002C,1,-1.3041182,1.0,0.04600000008940697,0.0
YGR103W,YGL120C,1,-1.3145481,1.0,0.04699999839067459,0.0
YKR056W,YMR093W,0,-1.3196049,0.9791666865348816,0.04699999839067459,9.999999747378752e-05
YLL034C,YNL248C,0,-1.326913,0.9591836929321289,0.04699999839067459,0.00019999999494757503
YHR052W,YNL182C,1,-1.3287598,0.9599999785423279,0.04800000041723251,0.00019999999494757503
YOL077C,YLL008W,1,-1.3377496,0.9607843160629272,0.04899999871850014,0.00019999999494757503
YHR085W,YHR170W,1,-1.3478198,0.9615384340286255,0.05000000074505806,0.00019999999494757503
YHR052W,YLL008W,1,-1.3483492,0.9622641801834106,0.050999999046325684,0.00019999999494757503
YAL025C,YKL009W,1,-1.3557566,0.9629629850387573,0.052000001072883606,0.00019999999494757503
YAL025C,YLR009W,1,-1.3593432,0.9636363387107849,0.05299999937415123,0.00019999999494757503
YJL122W,YNL182C,1,-1.361637,0.9642857313156128,0.05400000140070915,0.00019999999494757503
YPL093W,YKR081C,1,-1.3693296,0.9649122953414917,0.054999999701976776,0.00019999999494757503
YBR142W,YGL120C,1,-1.3716822,0.9655172228813171,0.0560000017285347,0.00019999999494757503
YGR103W,YHR088W,1,-1.3815407,0.9661017060279846,0.05700000002980232,0.00019999999494757503
YHR085W,YNL002C,1,-1.3867782,0.9666666388511658,0.057999998331069946,0.00019999999494757503
YDR418W,YLR448W,1,-1.3921758,0.9672130942344666,0.05900000035762787,0.00019999999494757503
YHR052W,YBR142W,1,-1.3928322,0.9677419066429138,0.05999999865889549,0.00019999999494757503
YOL077C,YHR170W,1,-1.3988719,0.9682539701461792,0.061000000685453415,0.00019999999494757503
YPL131W,YLR448W,1,-1.4102942,0.96875,0.06199999898672104,0.00019999999494757503
YHR052W,YGL120C,1,-1.4138588,0.9692307710647583,0.06300000101327896,0.00019999999494757503
YLR276C,YKL009W,1,-1.4183557,0.9696969985961914,0.06400000303983688,0.00019999999494757503
YOL077C,YGR085C,1,-1.4210178,0.9701492786407471,0.06499999761581421,0.00019999999494757503
YOL077C,YLR276C,1,-1.4213442,0.970588207244873,0.06599999964237213,0.00019999999494757503
YLL008W,YLR009W,1,-1.4255426,0.9710144996643066,0.06700000166893005,0.00019999999494757503
YKR081C,YEL054C,1,-1.4259063,0.9714285731315613,0.06800000369548798,0.00019999999494757503
YFR001W,YLR009W,1,-1.428619,0.9718309640884399,0.0689999982714653,0.00019999999494757503
YLL008W,YOL144W,1,-1.4287983,0.9722222089767456,0.07000000029802322,0.00019999999494757503
YHR052W,YER126C,1,-1.4391781,0.9726027250289917,0.07100000232458115,0.00019999999494757503
YLL008W,YER126C,1,-1.4478141,0.9729729890823364,0.07199999690055847,0.00019999999494757503
YMR290C,YGR128C,0,-1.4650155,0.9599999785423279,0.07199999690055847,0.0003000000142492354
YPL093W,YER126C,1,-1.4650337,0.9605262875556946,0.0729999989271164,0.0003000000142492354
YLL008W,YDR060W,1,-1.4737458,0.9610389471054077,0.07400000095367432,0.0003000000142492354
YHR197W,YNL002C,1,-1.4743737,0.9615384340286255,0.07500000298023224,0.0003000000142492354
YAL025C,YNL002C,1,-1.4828204,0.9620253443717957,0.07599999755620956,0.0003000000142492354
YNL182C,YKL009W,1,-1.4885981,0.9624999761581421,0.07699999958276749,0.0003000000142492354
YDL031W,YDR091C,1,-1.4893128,0.9629629850387573,0.07800000160932541,0.0003000000142492354
YER126C,YHR197W,1,-1.4904038,0.9634146094322205,0.07900000363588333,0.0003000000142492354
YPL093W,YGL120C,1,-1.4992101,0.9638554453849792,0.07999999821186066,0.0003000000142492354
YLR276C,YNL002C,1,-1.5132538,0.9642857313156128,0.08100000023841858,0.0003000000142492354
YBR142W,YKL009W,1,-1.5203453,0.9647058844566345,0.0820000022649765,0.0003000000142492354
YLR276C,YGL120C,1,-1.5223924,0.9651162624359131,0.08299999684095383,0.0003000000142492354
YLR175W,YDR429C,0,-1.5265106,0.954023003578186,0.08299999684095383,0.00039999998989515007
YDR060W,YKR081C,1,-1.5273038,0.9545454382896423,0.08399999886751175,0.00039999998989515007
YHR170W,YGR103W,1,-1.5296676,0.9550561904907227,0.08500000089406967,0.00039999998989515007
YLL034C,YIR026C,0,-1.5385665,0.9444444179534912,0.08500000089406967,0.0005000000237487257
YLL008W,YKL009W,1,-1.5416292,0.9450549483299255,0.0860000029206276,0.0005000000237487257
YHR052W,YHR088W,1,-1.5445634,0.945652186870575,0.08699999749660492,0.0005000000237487257
YNR038W,YLR009W,1,-1.5508881,0.9462365508079529,0.08799999952316284,0.0005000000237487257
YLL008W,YPL093W,1,-1.5623244,0.9468085169792175,0.08900000154972076,0.0005000000237487257
YBR142W,YPL093W,1,-1.5748843,0.9473684430122375,0.09000000357627869,0.0005000000237487257
YHR088W,YHR066W,1,-1.577639,0.9479166865348816,0.09099999815225601,0.0005000000237487257
YGR085C,YLR448W,1,-1.5864643,0.9484536051750183,0.09200000017881393,0.0005000000237487257
YHR052W,YHR066W,1,-1.5870283,0.9489796161651611,0.09300000220537186,0.0005000000237487257
YER126C,YLR009W,1,-1.592492,0.9494949579238892,0.09399999678134918,0.0005000000237487257
YLR276C,YHR197W,1,-1.5949904,0.949999988079071,0.0949999988079071,0.0005000000237487257
YAL025C,YER126C,1,-1.5961803,0.9504950642585754,0.09600000083446503,0.0005000000237487257
YLR276C,YHR170W,1,-1.5980486,0.9509803652763367,0.09700000286102295,0.0005000000237487257
YKR024C,YNL182C,1,-1.5991579,0.9514563083648682,0.09799999743700027,0.0005000000237487257
YLL008W,YGR103W,1,-1.5998088,0.9519230723381042,0.0989999994635582,0.0005000000237487257
YDL031W,YBR142W,1,-1.6076972,0.9523809552192688,0.10000000149011612,0.0005000000237487257
YER126C,YGR085C,1,-1.6121126,0.9528301954269409,0.10100000351667404,0.0005000000237487257
YHR085W,YER126C,1,-1.6151752,0.9532710313796997,0.10199999809265137,0.0005000000237487257
YLR276C,YOL144W,1,-1.6202532,0.9537037014961243,0.10300000011920929,0.0005000000237487257
YHR170W,YHR088W,1,-1.6231868,0.9541284441947937,0.10400000214576721,0.0005000000237487257
YNR038W,YAL025C,1,-1.6263994,0.9545454382896423,0.10499999672174454,0.0005000000237487257
YER002W,YER126C,1,-1.6279908,0.954954981803894,0.10599999874830246,0.0005000000237487257
YLR129W,YOL124C,0,-1.6327842,0.9464285969734192,0.10599999874830246,0.0006000000284984708
YHR052W,YAL025C,1,-1.6337298,0.9469026327133179,0.10700000077486038,0.0006000000284984708
YNL182C,YHR066W,1,-1.651905,0.9473684430122375,0.1080000028014183,0.0006000000284984708
YOL077C,YLR448W,1,-1.6589736,0.947826087474823,0.10899999737739563,0.0006000000284984708
YGL120C,YHR088W,1,-1.660703,0.9482758641242981,0.10999999940395355,0.0006000000284984708
YAL025C,YOL144W,1,-1.6610526,0.9487179517745972,0.11100000143051147,0.0006000000284984708
YLL008W,YNL002C,1,-1.6642531,0.9491525292396545,0.1120000034570694,0.0006000000284984708
YNL182C,YKR081C,1,-1.6700692,0.9495798349380493,0.11299999803304672,0.0006000000284984708
YGR103W,YPR102C,1,-1.6808479,0.949999988079071,0.11400000005960464,0.0006000000284984708
YNL182C,YOL144W,1,-1.6836091,0.9504132270812988,0.11500000208616257,0.0006000000284984708
YHR170W,YFL002C,1,-1.6901132,0.9508196711540222,0.11599999666213989,0.0006000000284984708
YER126C,YDR091C,1,-1.6970953,0.9512194991111755,0.11699999868869781,0.0006000000284984708
YKR081C,YPR016C,1,-1.6987501,0.9516128897666931,0.11800000071525574,0.0006000000284984708
YAL025C,YHR197W,1,-1.7006224,0.9520000219345093,0.11900000274181366,0.0006000000284984708
YOL077C,YNL182C,1,-1.7031958,0.9523809552192688,0.11999999731779099,0.0006000000284984708
YKL009W,YGL111W,1,-1.7045215,0.9527559280395508,0.12099999934434891,0.0006000000284984708
YBR142W,YLR009W,1,-1.7285745,0.953125,0.12200000137090683,0.0006000000284984708
YEL054C,YPL131W,1,-1.7297932,0.9534883499145508,0.12300000339746475,0.0006000000284984708
YPR102C,YDR418W,1,-1.7298566,0.9538461565971375,0.12399999797344208,0.0006000000284984708
YHR052W,YIR012W,1,-1.730608,0.9541984796524048,0.125,0.0006000000284984708
YKL148C,YDR178W,0,-1.7306827,0.9469696879386902,0.125,0.000699999975040555
YNL182C,YLR009W,1,-1.7353872,0.9473684430122375,0.12600000202655792,0.000699999975040555
YJL122W,YER126C,1,-1.7375067,0.9477611780166626,0.12700000405311584,0.000699999975040555
YHR085W,YAL025C,1,-1.7379662,0.9481481313705444,0.12800000607967377,0.000699999975040555
YJL122W,YHR197W,1,-1.7400516,0.9485294222831726,0.1289999932050705,0.000699999975040555
YDR101C,YLL008W,1,-1.7483866,0.9489051103591919,0.12999999523162842,0.000699999975040555
YOL077C,YPR102C,1,-1.7578655,0.9492753744125366,0.13099999725818634,0.000699999975040555
YJL122W,YDR101C,1,-1.7585441,0.9496402740478516,0.13199999928474426,0.000699999975040555
YPR102C,YEL054C,1,-1.7670699,0.949999988079071,0.13300000131130219,0.000699999975040555
YLL008W,YFL002C,1,-1.78101,0.9503546357154846,0.1340000033378601,0.000699999975040555
YLR276C,YAL025C,1,-1.783168,0.9507042169570923,0.13500000536441803,0.000699999975040555
YDR091C,YLR009W,1,-1.7859426,0.9510489702224731,0.13600000739097595,0.000699999975040555
YKR024C,YKR081C,1,-1.788157,0.9513888955116272,0.13699999451637268,0.000699999975040555
YFR001W,YNL002C,1,-1.793935,0.951724112033844,0.1379999965429306,0.000699999975040555
YEL054C,YLR340W,1,-1.8025016,0.9520547986030579,0.13899999856948853,0.000699999975040555
YBR142W,YNL002C,1,-1.8036772,0.9523809552192688,0.14000000059604645,0.000699999975040555
YKR081C,YIR012W,1,-1.8079234,0.9527027010917664,0.14100000262260437,0.000699999975040555
YHR052W,YGR103W,1,-1.81394,0.9530201554298401,0.1420000046491623,0.000699999975040555
YPR102C,YPL131W,1,-1.8162798,0.95333331823349,0.14300000667572021,0.000699999975040555
YLR276C,YPR102C,1,-1.8183261,0.9536423683166504,0.14399999380111694,0.000699999975040555
YOL077C,YEL054C,1,-1.8187078,0.9539473652839661,0.14499999582767487,0.000699999975040555
YNL002C,YPR102C,1,-1.8199687,0.9542483687400818,0.1459999978542328,0.000699999975040555
YLR276C,YGR085C,1,-1.8207887,0.9545454382896423,0.1469999998807907,0.000699999975040555
YGL120C,YLR009W,1,-1.8229436,0.9548386931419373,0.14800000190734863,0.000699999975040555
YLR276C,YHR088W,1,-1.8265201,0.9551281929016113,0.14900000393390656,0.000699999975040555
YDL031W,YLR276C,1,-1.8284205,0.9554139971733093,0.15000000596046448,0.000699999975040555
YOL077C,YER126C,1,-1.8304505,0.9556962251663208,0.1509999930858612,0.000699999975040555
YPR112C,YPR137W,0,-1.8317176,0.9496855139732361,0.1509999930858612,0.0007999999797903001
YLR276C,YGR103W,1,-1.8387463,0.949999988079071,0.15199999511241913,0.0007999999797903001
YHR170W,YOL144W,1,-1.8419629,0.9503105878829956,0.15299999713897705,0.0007999999797903001
YKL009W,YHR088W,1,-1.843464,0.9506173133850098,0.15399999916553497,0.0007999999797903001
YKR081C,YPR102C,1,-1.8462868,0.9509202241897583,0.1550000011920929,0.0007999999797903001
YKR024C,YOL144W,1,-1.8535959,0.9512194991111755,0.15600000321865082,0.0007999999797903001
YBR142W,YER126C,1,-1.8553478,0.9515151381492615,0.15700000524520874,0.0007999999797903001
YJL122W,YLR276C,1,-1.858031,0.9518072009086609,0.15800000727176666,0.0007999999797903001
YOL144W,YER126C,1,-1.8653895,0.9520958065986633,0.1589999943971634,0.0007999999797903001
YLL008W,YDR091C,1,-1.8692086,0.9523809552192688,0.1599999964237213,0.0007999999797903001
YOL077C,YHR088W,1,-1.8769991,0.9526627063751221,0.16099999845027924,0.0007999999797903001
YDL031W,YER126C,1,-1.8788301,0.9529411792755127,0.16200000047683716,0.0007999999797903001
YKR081C,YLR221C,1,-1.8790857,0.9532163739204407,0.16300000250339508,0.0007999999797903001
YLL008W,YGR085C,1,-1.8875844,0.9534883499145508,0.164000004529953,0.0007999999797903001
YDR101C,YNR038W,1,-1.8888744,0.9537572264671326,0.16500000655651093,0.0007999999797903001
YGL120C,YHR197W,1,-1.8918976,0.954023003578186,0.16599999368190765,0.0007999999797903001
YDR101C,YBR142W,1,-1.8924667,0.954285740852356,0.16699999570846558,0.0007999999797903001
YFR001W,YKR081C,1,-1.8948883,0.9545454382896423,0.1679999977350235,0.0007999999797903001
YHR170W,YIR012W,1,-1.897496,0.9548022747039795,0.16899999976158142,0.0007999999797903001
YHR197W,YDR091C,1,-1.899004,0.9550561904907227,0.17000000178813934,0.0007999999797903001
YER126C,YHR066W,1,-1.9018655,0.9553072452545166,0.17100000381469727,0.0007999999797903001
YER127W,YPR110C,0,-1.9021605,0.949999988079071,0.17100000381469727,0.0008999999845400453
YDR101C,YAL025C,1,-1.9053074,0.950276255607605,0.1720000058412552,0.0008999999845400453
YGR085C,YPL131W,1,-1.9072767,0.9505494236946106,0.17299999296665192,0.0008999999845400453
YJL122W,YNL002C,1,-1.9127597,0.9508196711540222,0.17399999499320984,0.0008999999845400453
YOL077C,YKL009W,1,-1.9171842,0.9510869383811951,0.17499999701976776,0.0008999999845400453
YEL054C,YFL002C,1,-1.9240407,0.9513513445854187,0.17599999904632568,0.0008999999845400453
YDR101C,YPL093W,1,-1.9241956,0.9516128897666931,0.1770000010728836,0.0008999999845400453
YLL008W,YHR088W,1,-1.9269317,0.9518716335296631,0.17800000309944153,0.0008999999845400453
YJL122W,YFL002C,1,-1.9305531,0.9521276354789734,0.17900000512599945,0.0008999999845400453
YDR101C,YDL031W,1,-1.9372724,0.9523809552192688,0.18000000715255737,0.0008999999845400453
YKR024C,YPL093W,1,-1.9385847,0.9526315927505493,0.1809999942779541,0.0008999999845400453
YHR085W,YHR066W,1,-1.9421906,0.9528796076774597,0.18199999630451202,0.0008999999845400453
YPL093W,YOL144W,1,-1.9462237,0.953125,0.18299999833106995,0.0008999999845400453
YNL182C,YER126C,1,-1.9491888,0.9533678889274597,0.18400000035762787,0.0008999999845400453
YGR103W,YHR197W,1,-1.9606735,0.9536082744598389,0.1850000023841858,0.0008999999845400453
YKR024C,YNL002C,1,-1.9614593,0.9538461565971375,0.1860000044107437,0.0008999999845400453
YPL093W,YHR066W,1,-1.9625633,0.954081654548645,0.18700000643730164,0.0008999999845400453
YHR197W,YHR088W,1,-1.9680074,0.9543147087097168,0.18799999356269836,0.0008999999845400453
YBR142W,YHR197W,1,-1.9690616,0.9545454382896423,0.1889999955892563,0.0008999999845400453
YDR091C,YKR081C,1,-1.9703126,0.9547738432884216,0.1899999976158142,0.0008999999845400453
YLR276C,YLR448W,1,-1.9734435,0.9549999833106995,0.19099999964237213,0.0008999999845400453
YDR101C,YER126C,1,-1.9757229,0.9552238583564758,0.19200000166893005,0.0008999999845400453
YGR103W,YEL054C,1,-1.9763973,0.9554455280303955,0.19300000369548798,0.0008999999845400453
YOL077C,YIR012W,1,-1.9787327,0.9556650519371033,0.1940000057220459,0.0008999999845400453
YHR066W,YDR312W,1,-1.9791653,0.9558823704719543,0.19499999284744263,0.0008999999845400453
YLL008W,YHR085W,1,-1.9795804,0.9560975432395935,0.19599999487400055,0.0008999999845400453
YNL182C,YGR103W,1,-1.9830321,0.9563106894493103,0.19699999690055847,0.0008999999845400453
YOL144W,YLR009W,1,-1.9858732,0.95652174949646,0.1979999989271164,0.0008999999845400453
YKL009W,YHR197W,1,-1.9879609,0.9567307829856873,0.19900000095367432,0.0008999999845400453
YOL077C,YGR103W,1,-1.9930543,0.9569377899169922,0.20000000298023224,0.0008999999845400453
YGL111W,YLR009W,1,-1.9939314,0.9571428298950195,0.20100000500679016,0.0008999999845400453
YBR142W,YFL002C,1,-1.9944812,0.9573459625244141,0.20200000703334808,0.0008999999845400453
YGL111W,YHR088W,1,-1.997496,0.9575471878051758,0.2029999941587448,0.0008999999845400453
YLR106C,YGR103W,1,-1.9997095,0.9577465057373047,0.20399999618530273,0.0008999999845400453
YGL111W,YKR081C,1,-2.0017724,0.9579439163208008,0.20499999821186066,0.0008999999845400453
YLR074C,YLR175W,0,-2.0050628,0.9534883499145508,0.20499999821186066,0.0010000000474974513
YDR101C,YKR024C,1,-2.005309,0.9537037014961243,0.20600000023841858,0.0010000000474974513
YNL182C,YGL111W,1,-2.0109506,0.9539170265197754,0.2070000022649765,0.0010000000474974513
YNL002C,YHR066W,1,-2.0176282,0.9541284441947937,0.20800000429153442,0.0010000000474974513
YDR060W,YBR142W,1,-2.0278988,0.9543378949165344,0.20900000631809235,0.0010000000474974513
YDR091C,YPR016C,1,-2.0283794,0.9545454382896423,0.20999999344348907,0.0010000000474974513
YOL077C,YAL025C,1,-2.028902,0.9547511339187622,0.210999995470047,0.0010000000474974513
YAL025C,YER002W,1,-2.0332623,0.954954981803894,0.21199999749660492,0.0010000000474974513
YER126C,YPR016C,1,-2.0432417,0.9551569223403931,0.21299999952316284,0.0010000000474974513
YHR170W,YLR221C,1,-2.0433042,0.9553571343421936,0.21400000154972076,0.0010000000474974513
YGL120C,YPR016C,1,-2.047002,0.9555555582046509,0.2150000035762787,0.0010000000474974513
YOR063W,YPL131W,1,-2.0497618,0.9557521939277649,0.2160000056028366,0.0010000000474974513
YDL031W,YKR081C,1,-2.0508976,0.9559471607208252,0.21699999272823334,0.0010000000474974513
YLR009W,YEL054C,1,-2.0586112,0.9561403393745422,0.21799999475479126,0.0010000000474974513
YOL144W,YHR088W,1,-2.059413,0.9563318490982056,0.21899999678134918,0.0010000000474974513
YIL019W,YDL153C,0,-2.0670843,0.9521738886833191,0.21899999678134918,0.0010999999940395355
YNL182C,YBR142W,1,-2.0768993,0.9523809552192688,0.2199999988079071,0.0010999999940395355
YKR081C,YHR066W,1,-2.0771105,0.9525862336158752,0.22100000083446503,0.0010999999940395355
YKL009W,YGR103W,1,-2.0775495,0.9527897238731384,0.22200000286102295,0.0010999999940395355
YHR085W,YKR081C,1,-2.0782337,0.9529914259910583,0.22300000488758087,0.0010999999940395355
YLR009W,YGR085C,1,-2.0791452,0.9531915187835693,0.2240000069141388,0.0010999999940395355
YLL008W,YIR012W,1,-2.0799956,0.9533898234367371,0.22499999403953552,0.0010999999940395355
YNL182C,YDR091C,1,-2.0825312,0.9535865187644958,0.22599999606609344,0.0010999999940395355
YJL122W,YOL077C,1,-2.0845919,0.9537814855575562,0.22699999809265137,0.0010999999940395355
YOL077C,YHR197W,1,-2.086203,0.9539749026298523,0.2280000001192093,0.0010999999940395355
YLL008W,YHR066W,1,-2.087034,0.9541666507720947,0.2290000021457672,0.0010999999940395355
YLR009W,YIR012W,1,-2.0910573,0.954356849193573,0.23000000417232513,0.0010999999940395355
YAL025C,YLR448W,1,-2.0931828,0.9545454382896423,0.23100000619888306,0.0010999999940395355
YNL002C,YIR012W,1,-2.0964313,0.9547325372695923,0.23199999332427979,0.0010999999940395355
YPL093W,YDR091C,1,-2.1076097,0.9549180269241333,0.2329999953508377,0.0010999999940395355
YDR060W,YHR197W,1,-2.1171374,0.9551020264625549,0.23399999737739563,0.0010999999940395355
YOL077C,YFL002C,1,-2.126071,0.9552845358848572,0.23499999940395355,0.0010999999940395355
YGR103W,YIR012W,1,-2.1295161,0.9554656147956848,0.23600000143051147,0.0010999999940395355
YPL093W,YNL002C,1,-2.1351457,0.9556451439857483,0.2370000034570694,0.0010999999940395355
YDR101C,YIR012W,1,-2.1404443,0.9558233022689819,0.23800000548362732,0.0010999999940395355
YDR060W,YHR170W,1,-2.1448932,0.9559999704360962,0.23899999260902405,0.0010999999940395355
YDL031W,YKL009W,1,-2.145526,0.9561753273010254,0.23999999463558197,0.0010999999940395355
YHR085W,YKL009W,1,-2.145589,0.9563491940498352,0.2409999966621399,0.0010999999940395355
YNL002C,YEL054C,1,-2.149211,0.95652174949646,0.24199999868869781,0.0010999999940395355
YER126C,YHR088W,1,-2.1521516,0.9566929340362549,0.24300000071525574,0.0010999999940395355
YBR142W,YDR312W,1,-2.1528,0.95686274766922,0.24400000274181366,0.0010999999940395355
YDR091C,YPL131W,1,-2.1576977,0.95703125,0.24500000476837158,0.0010999999940395355
YKR024C,YKL009W,1,-2.1580405,0.957198441028595,0.2460000067949295,0.0010999999940395355
YNR038W,YER126C,1,-2.163745,0.9573643207550049,0.24699999392032623,0.0010999999940395355
YGR103W,YLR448W,1,-2.1648436,0.9575289487838745,0.24799999594688416,0.0010999999940395355
YGR085C,YLR340W,1,-2.1657038,0.9576923251152039,0.24899999797344208,0.0010999999940395355
YJL122W,YNR038W,1,-2.1696372,0.9578543901443481,0.25,0.0010999999940395355
YAL025C,YIR012W,1,-2.1750302,0.9580152630805969,0.25099998712539673,0.0010999999940395355
YLL008W,YKL082C,1,-2.17913,0.9581748843193054,0.25200000405311584,0.0010999999940395355
YGL120C,YHR066W,1,-2.1823845,0.9583333134651184,0.2529999911785126,0.0010999999940395355
YKR081C,YFL002C,1,-2.1905584,0.9584905505180359,0.2540000081062317,0.0010999999940395355
YNL182C,YFL002C,1,-2.1974893,0.9586465954780579,0.2549999952316284,0.0010999999940395355
YLR009W,YLR022C,1,-2.1993532,0.9588015079498291,0.25600001215934753,0.0010999999940395355
YER126C,YIR012W,1,-2.20078,0.9589552283287048,0.25699999928474426,0.0010999999940395355
YNL075W,YJR097W,0,-2.2093682,0.9553903341293335,0.25699999928474426,0.0012000000569969416
YDR418W,YLR340W,1,-2.211183,0.9555555582046509,0.257999986410141,0.0012000000569969416
YNL002C,YLR221C,1,-2.2114563,0.955719530582428,0.2590000033378601,0.0012000000569969416
YGL120C,YIR012W,1,-2.2115188,0.9558823704719543,0.25999999046325684,0.0012000000569969416
YOL144W,YIR012W,1,-2.2117386,0.9560439586639404,0.26100000739097595,0.0012000000569969416
YDL051W,YHR196W,0,-2.2146688,0.9525547623634338,0.26100000739097595,0.0013000000035390258
YEL054C,YLR221C,1,-2.216435,0.9527272582054138,0.2619999945163727,0.0013000000035390258
YOL077C,YOL144W,1,-2.2166233,0.9528985619544983,0.2630000114440918,0.0013000000035390258
YHR088W,YIR012W,1,-2.2177758,0.9530686140060425,0.2639999985694885,0.0013000000035390258
YEL054C,YPR016C,1,-2.2216458,0.9532374143600464,0.26499998569488525,0.0013000000035390258
YBR142W,YPR016C,1,-2.221857,0.9534050226211548,0.26600000262260437,0.0013000000035390258
YGL111W,YIR012W,1,-2.2234168,0.9535714387893677,0.2669999897480011,0.0013000000035390258
YMR128W,YGR145W,0,-2.2262826,0.9501779079437256,0.2669999897480011,0.00139999995008111
YHR170W,YER002W,1,-2.2264042,0.9503546357154846,0.2680000066757202,0.00139999995008111
YNL182C,YGL120C,1,-2.2367067,0.9505300521850586,0.26899999380111694,0.00139999995008111
YLR175W,YDR365C,0,-2.2380705,0.9471830725669861,0.26899999380111694,0.001500000013038516
YAL025C,YFL002C,1,-2.2397661,0.9473684430122375,0.27000001072883606,0.001500000013038516
YKL009W,YPR016C,1,-2.239904,0.9475524425506592,0.2709999978542328,0.001500000013038516
YHR052W,YLR022C,1,-2.2417593,0.9477351903915405,0.2720000147819519,0.001500000013038516
YFR001W,YIR012W,1,-2.253839,0.9479166865348816,0.27300000190734863,0.001500000013038516
YNR038W,YPL093W,1,-2.2575269,0.9480968713760376,0.27399998903274536,0.001500000013038516
YDL031W,YDR060W,1,-2.2585516,0.9482758641242981,0.2750000059604645,0.001500000013038516
YNR038W,YNL002C,1,-2.2721782,0.9484536051750183,0.2759999930858612,0.001500000013038516
YBR142W,YDR091C,1,-2.2787895,0.948630154132843,0.2770000100135803,0.001500000013038516
YAL025C,YHR088W,1,-2.2792516,0.9488054513931274,0.27799999713897705,0.001500000013038516
YAL025C,YGR103W,1,-2.279952,0.9489796161651611,0.27900001406669617,0.001500000013038516
YOL077C,YLR022C,1,-2.2823915,0.9491525292396545,0.2800000011920929,0.001500000013038516
YGR103W,YOL144W,1,-2.283575,0.9493243098258972,0.2809999883174896,0.001500000013038516
YHR052W,YPR016C,1,-2.2899628,0.9494949579238892,0.28200000524520874,0.001500000013038516
YJL122W,YGR103W,1,-2.2936082,0.9496644139289856,0.28299999237060547,0.001500000013038516
YLL008W,YLR221C,1,-2.294475,0.9498327970504761,0.2840000092983246,0.001500000013038516
YKL009W,YPR102C,1,-2.2981615,0.949999988079071,0.2849999964237213,0.001500000013038516
YJL122W,YGL120C,1,-2.3045006,0.9501661062240601,0.28600001335144043,0.001500000013038516
YDL208W,YOL093W,0,-2.3064108,0.9470198750495911,0.28600001335144043,0.0015999999595806003
YHR052W,YDL031W,1,-2.3066316,0.9471946954727173,0.28700000047683716,0.0015999999595806003
YKL009W,YLR022C,1,-2.3068357,0.9473684430122375,0.2879999876022339,0.0015999999595806003
YGL111W,YER126C,1,-2.3097076,0.9475409984588623,0.289000004529953,0.0015999999595806003
YHR197W,YDR312W,1,-2.3117146,0.9477124214172363,0.28999999165534973,0.0015999999595806003
YER002W,YKR081C,1,-2.3134837,0.9478827118873596,0.29100000858306885,0.0015999999595806003
YNL002C,YLR448W,1,-2.315858,0.948051929473877,0.2919999957084656,0.0015999999595806003
YFR001W,YHR197W,1,-2.3216186,0.9482200741767883,0.2930000126361847,0.0015999999595806003
YKR024C,YHR197W,1,-2.3217564,0.948387086391449,0.2939999997615814,0.0015999999595806003
YDR091C,YHR066W,1,-2.3264947,0.9485530257225037,0.29499998688697815,0.0015999999595806003
YPR102C,YFL002C,1,-2.3292346,0.9487179517745972,0.29600000381469727,0.0015999999595806003
YLR009W,YLR221C,1,-2.3308034,0.9488818049430847,0.296999990940094,0.0015999999595806003
YFR001W,YLR448W,1,-2.3334355,0.9490445852279663,0.2980000078678131,0.0015999999595806003
YJL122W,YBR142W,1,-2.340783,0.9492063522338867,0.29899999499320984,0.0015999999595806003
YBR142W,YER002W,1,-2.3449593,0.949367105960846,0.30000001192092896,0.0015999999595806003
YOL144W,YGL111W,1,-2.3517022,0.9495267868041992,0.3009999990463257,0.0015999999595806003
YGR103W,YLR221C,1,-2.3518662,0.9496855139732361,0.3019999861717224,0.0015999999595806003
YFR001W,YHR170W,1,-2.3568435,0.9498432874679565,0.30300000309944153,0.0015999999595806003
YDR060W,YGR103W,1,-2.3582206,0.949999988079071,0.30399999022483826,0.0015999999595806003
YIR012W,YHR066W,1,-2.3648229,0.9501557350158691,0.3050000071525574,0.0015999999595806003
YER126C,YFL002C,1,-2.369083,0.9503105878829956,0.3059999942779541,0.0015999999595806003
YDL031W,YPR102C,1,-2.3749795,0.9504643678665161,0.3070000112056732,0.0015999999595806003
YGL120C,YFL002C,1,-2.3773866,0.9506173133850098,0.30799999833106995,0.0015999999595806003
YBR142W,YGL111W,1,-2.3776603,0.9507692456245422,0.3089999854564667,0.0015999999595806003
YLR276C,YDR418W,1,-2.3781404,0.9509202241897583,0.3100000023841858,0.0015999999595806003
YKL009W,YER002W,1,-2.379744,0.9510703086853027,0.3109999895095825,0.0015999999595806003
YBR142W,YLR221C,1,-2.3827677,0.9512194991111755,0.31200000643730164,0.0015999999595806003
YDL031W,YNL182C,1,-2.3905606,0.9513677954673767,0.31299999356269836,0.0015999999595806003
YHR085W,YOL144W,1,-2.396871,0.9515151381492615,0.3140000104904175,0.0015999999595806003
YHR052W,YLR221C,1,-2.3993306,0.9516616463661194,0.3149999976158142,0.0015999999595806003
YNR038W,YHR066W,1,-2.400772,0.9518072009086609,0.3160000145435333,0.0015999999595806003
YDL031W,YGL120C,1,-2.410304,0.9519519805908203,0.31700000166893005,0.0015999999595806003
YKR024C,YER126C,1,-2.4114838,0.9520958065986633,0.3179999887943268,0.0015999999595806003
YDR060W,YLR009W,1,-2.418364,0.9522387981414795,0.3190000057220459,0.0015999999595806003
YER126C,YEL054C,1,-2.422083,0.9523809552192688,0.3199999928474426,0.0015999999595806003
YLL008W,YPR102C,1,-2.4274564,0.9525222778320312,0.32100000977516174,0.0015999999595806003
YER126C,YLR221C,1,-2.4276814,0.9526627063751221,0.32199999690055847,0.0015999999595806003
YOL144W,YHR066W,1,-2.4300528,0.9528023600578308,0.3230000138282776,0.0015999999595806003
YHR052W,YFL002C,1,-2.431932,0.9529411792755127,0.3240000009536743,0.0015999999595806003
YLR075W,YOR063W,1,-2.4345126,0.9530791640281677,0.32499998807907104,0.0015999999595806003
YBR142W,YKL082C,1,-2.439824,0.9532163739204407,0.32600000500679016,0.0015999999595806003
YJL122W,YDL031W,1,-2.4401903,0.9533527493476868,0.3269999921321869,0.0015999999595806003
YIL019W,YDL201W,0,-2.4404392,0.9505813717842102,0.3269999921321869,0.0017000000225380063
YHR052W,YGR085C,1,-2.441759,0.9507246613502502,0.328000009059906,0.0017000000225380063
YLR276C,YNL182C,1,-2.4451256,0.9508670568466187,0.32899999618530273,0.0017000000225380063
YPL093W,YPR016C,1,-2.4471564,0.9510086178779602,0.33000001311302185,0.0017000000225380063
YHR085W,YFR001W,1,-2.448255,0.9511494040489197,0.3310000002384186,0.0017000000225380063
YER002W,YKL082C,1,-2.451015,0.9512894153594971,0.3319999873638153,0.0017000000225380063
YHR170W,YEL054C,1,-2.4510264,0.9514285922050476,0.3330000042915344,0.0017000000225380063
YHR197W,YLR221C,1,-2.4555292,0.9515669345855713,0.33399999141693115,0.0017000000225380063
YGL111W,YDR312W,1,-2.4567003,0.9517045617103577,0.33500000834465027,0.0017000000225380063
YNR038W,YBR142W,1,-2.4568238,0.9518413543701172,0.335999995470047,0.0017000000225380063
YKL009W,YFL002C,1,-2.4582715,0.9519773721694946,0.3370000123977661,0.0017000000225380063
YOL077C,YPL093W,1,-2.458745,0.9521126747131348,0.33799999952316284,0.0017000000225380063
YKR024C,YGL120C,1,-2.4592772,0.9522472023963928,0.33899998664855957,0.0017000000225380063
YLR009W,YHR066W,1,-2.4630127,0.9523809552192688,0.3400000035762787,0.0017000000225380063
YDL031W,YLR221C,1,-2.463016,0.9525139927864075,0.3409999907016754,0.0017000000225380063
YNL182C,YIR012W,1,-2.466125,0.9526462554931641,0.34200000762939453,0.0017000000225380063
YKL009W,YHR066W,1,-2.4665728,0.9527778029441833,0.34299999475479126,0.0017000000225380063
YDR418W,YOR063W,1,-2.471552,0.9529085755348206,0.3440000116825104,0.0017000000225380063
YPL093W,YFL002C,1,-2.473505,0.9530386924743652,0.3449999988079071,0.0017000000225380063
YLR106C,YGL120C,1,-2.4738455,0.9531680345535278,0.34599998593330383,0.0017000000225380063
YJL122W,YDR091C,1,-2.476295,0.9532967209815979,0.34700000286102295,0.0017000000225380063
YNR038W,YGR103W,1,-2.4766827,0.9534246325492859,0.3479999899864197,0.0017000000225380063
YFL002C,YIR012W,1,-2.4804764,0.9535518884658813,0.3490000069141388,0.0017000000225380063
YKR024C,YGR103W,1,-2.4829288,0.9536784887313843,0.3499999940395355,0.0017000000225380063
YNL163C,YKR081C,1,-2.4964466,0.9538043737411499,0.35100001096725464,0.0017000000225380063
YDR101C,YGL120C,1,-2.4984837,0.9539295434951782,0.35199999809265137,0.0017000000225380063
YFR001W,YEL054C,1,-2.5035968,0.954054057598114,0.3529999852180481,0.0017000000225380063
YNR038W,YNL182C,1,-2.5063972,0.9541779160499573,0.3540000021457672,0.0017000000225380063
YHR170W,YGR085C,1,-2.5082502,0.9543010592460632,0.35499998927116394,0.0017000000225380063
YKR081C,YDR312W,1,-2.513136,0.9544236063957214,0.35600000619888306,0.0017000000225380063
YHR052W,YKR024C,1,-2.5134606,0.9545454382896423,0.3569999933242798,0.0017000000225380063
YNR038W,YGL120C,1,-2.514853,0.9546666741371155,0.3580000102519989,0.0017000000225380063
YER002W,YHR066W,1,-2.5156326,0.9547872543334961,0.35899999737739563,0.0017000000225380063
YDR299W,YHR196W,0,-2.517191,0.9522546529769897,0.35899999737739563,0.0017999999690800905
YLR276C,YHR085W,1,-2.517478,0.9523809552192688,0.36000001430511475,0.0017999999690800905
YHR170W,YPR016C,1,-2.5176873,0.9525066018104553,0.3610000014305115,0.0017999999690800905
YDL031W,YIR012W,1,-2.521474,0.9526315927505493,0.3619999885559082,0.0017999999690800905
YOL077C,YDR091C,1,-2.5240755,0.9527559280395508,0.3630000054836273,0.0017999999690800905
YLR009W,YHR088W,1,-2.5253277,0.9528796076774597,0.36399999260902405,0.0017999999690800905
YGR103W,YFL002C,1,-2.5296874,0.9530026316642761,0.36500000953674316,0.0017999999690800905
YBR142W,YGR103W,1,-2.5329428,0.953125,0.3659999966621399,0.0017999999690800905
YAL025C,YLR022C,1,-2.536736,0.9532467722892761,0.367000013589859,0.0017999999690800905
YHR052W,YFR001W,1,-2.542624,0.9533678889274597,0.36800000071525574,0.0017999999690800905
YHR197W,YIR012W,1,-2.5461907,0.9534883499145508,0.36899998784065247,0.0017999999690800905
YPL093W,YHR088W,1,-2.549263,0.9536082744598389,0.3700000047683716,0.0017999999690800905
YDR339C,YDR465C,0,-2.5511994,0.9511567950248718,0.3700000047683716,0.0019000000320374966
YPL131W,YLR340W,1,-2.5523472,0.9512820243835449,0.3709999918937683,0.0019000000320374966
YPR102C,YLR221C,1,-2.5587697,0.9514066576957703,0.3720000088214874,0.0019000000320374966
YDR101C,YHR066W,1,-2.561521,0.9515306353569031,0.37299999594688416,0.0019000000320374966
YOL077C,YLR106C,1,-2.5645556,0.9516539573669434,0.37400001287460327,0.0019000000320374966
YKR024C,YDR060W,1,-2.5652366,0.9517766237258911,0.375,0.0019000000320374966
YDL031W,YOL144W,1,-2.5666099,0.9518987536430359,0.37599998712539673,0.0019000000320374966
YNL182C,YFR001W,1,-2.572382,0.9520202279090881,0.37700000405311584,0.0019000000320374966
YHR052W,YDR060W,1,-2.5725055,0.9521410465240479,0.3779999911785126,0.0019000000320374966
YOL144W,YGR085C,1,-2.5725837,0.9522613286972046,0.3790000081062317,0.0019000000320374966
YNL002C,YGR085C,1,-2.574894,0.9523809552192688,0.3799999952316284,0.0019000000320374966
YDL031W,YLR448W,1,-2.5755014,0.9524999856948853,0.38100001215934753,0.0019000000320374966
YFR001W,YAL025C,1,-2.5793042,0.9526184797286987,0.38199999928474426,0.0019000000320374966
YOL077C,YPL131W,1,-2.5864344,0.9527363181114197,0.382999986410141,0.0019000000320374966
YAL025C,YGR085C,1,-2.5883412,0.9528536200523376,0.3840000033378601,0.0019000000320374966
YLR448W,YLR340W,1,-2.5894551,0.9529703259468079,0.38499999046325684,0.0019000000320374966
YDL031W,YKR024C,1,-2.590509,0.9530864357948303,0.38600000739097595,0.0019000000320374966
YJL122W,YGL111W,1,-2.5913534,0.953201949596405,0.3869999945163727,0.0019000000320374966
YPL012W,YBL004W,0,-2.5931048,0.9508599638938904,0.3869999945163727,0.0020000000949949026
YOL077C,YHR085W,1,-2.5969696,0.9509803652763367,0.3880000114440918,0.0020000000949949026
YHR052W,YDR312W,1,-2.6017556,0.95110023021698,0.3889999985694885,0.0020000000949949026
YLR106C,YLR009W,1,-2.6045556,0.9512194991111755,0.38999998569488525,0.0020000000949949026
YLR448W,YFL002C,1,-2.6072693,0.9513381719589233,0.39100000262260437,0.0020000000949949026
YER002W,YLR221C,1,-2.6114058,0.9514563083648682,0.3919999897480011,0.0020000000949949026
YFR001W,YER126C,1,-2.623859,0.9515738487243652,0.3930000066757202,0.0020000000949949026
YLR276C,YHR066W,1,-2.6281404,0.9516907930374146,0.39399999380111694,0.0020000000949949026
YAL025C,YDR312W,1,-2.6301684,0.9518072009086609,0.39500001072883606,0.0020000000949949026
YAL025C,YGL111W,1,-2.6344042,0.9519230723381042,0.3959999978542328,0.0020000000949949026
YDR091C,YHR088W,1,-2.639893,0.9520383477210999,0.3970000147819519,0.0020000000949949026
YNL182C,YDR312W,1,-2.6407466,0.9521530866622925,0.39800000190734863,0.0020000000949949026
YGR123C,YNL207W,0,-2.6421442,0.9498806595802307,0.39800000190734863,0.002099999925121665
YGL120C,YLR221C,1,-2.6426811,0.949999988079071,0.39899998903274536,0.002099999925121665
YHR170W,YOR063W,1,-2.6482873,0.9501187801361084,0.4000000059604645,0.002099999925121665
YDR091C,YEL054C,1,-2.654688,0.950236976146698,0.4009999930858612,0.002099999925121665
YER126C,YOR063W,1,-2.655695,0.9503546357154846,0.4020000100135803,0.002099999925121665
YHL011C,YOR294W,0,-2.6607919,0.948113203048706,0.4020000100135803,0.002199999988079071
YFR001W,YKL009W,1,-2.6663833,0.948235273361206,0.40299999713897705,0.002199999988079071
YDL031W,YEL054C,1,-2.6684666,0.9483568072319031,0.40400001406669617,0.002199999988079071
YNL002C,YLR022C,1,-2.671286,0.9484777450561523,0.4050000011920929,0.002199999988079071
YPR102C,YHR066W,1,-2.6830797,0.9485981464385986,0.4059999883174896,0.002199999988079071
YHR170W,YLR448W,1,-2.6832724,0.9487179517745972,0.40700000524520874,0.002199999988079071
YHR085W,YGL120C,1,-2.6858487,0.9488372206687927,0.40799999237060547,0.002199999988079071
YKR081C,YKL082C,1,-2.6861844,0.9489558935165405,0.4090000092983246,0.002199999988079071
YHR170W,YDR312W,1,-2.6862035,0.9490740895271301,0.4099999964237213,0.002199999988079071
YGL120C,YDR312W,1,-2.687943,0.949191689491272,0.41100001335144043,0.002199999988079071
YDL031W,YGR085C,1,-2.6887374,0.9493087530136108,0.41200000047683716,0.002199999988079071
YJL122W,YHR066W,1,-2.6916952,0.9494252800941467,0.4129999876022339,0.002199999988079071
YNR038W,YPR016C,1,-2.6954508,0.9495412707328796,0.414000004529953,0.002199999988079071
YNR038W,YKL009W,1,-2.6961384,0.9496567249298096,0.41499999165534973,0.002199999988079071
YJL122W,YLR448W,1,-2.6975055,0.9497717022895813,0.41600000858306885,0.002199999988079071
YOL144W,YKL082C,1,-2.69985,0.9498860836029053,0.4169999957084656,0.002199999988079071
YAL059W,YJL069C,0,-2.7017684,0.9477272629737854,0.4169999957084656,0.002300000051036477
YJL122W,YPR102C,1,-2.7021136,0.9478458166122437,0.4180000126361847,0.002300000051036477
YLR276C,YLR022C,1,-2.7047076,0.9479637742042542,0.4189999997615814,0.002300000051036477
YEL054C,YOR063W,1,-2.704711,0.9480812549591064,0.41999998688697815,0.002300000051036477
YOR056C,YNL151C,0,-2.70604,0.9459459185600281,0.41999998688697815,0.002400000113993883
YDL031W,YHR088W,1,-2.7068205,0.9460673928260803,0.42100000381469727,0.002400000113993883
YHR143W-A,YOR294W,0,-2.7085009,0.9439461827278137,0.42100000381469727,0.0024999999441206455
YDR101C,YPR102C,1,-2.7109275,0.9440715909004211,0.421999990940094,0.0024999999441206455
YDL031W,YAL025C,1,-2.7111402,0.9441964030265808,0.4230000078678131,0.0024999999441206455
YOL077C,YHR066W,1,-2.7124043,0.9443207383155823,0.42399999499320984,0.0024999999441206455
YNL002C,YKL082C,1,-2.7130427,0.9444444179534912,0.42500001192092896,0.0024999999441206455
YNL182C,YKL082C,1,-2.7157207,0.9445676207542419,0.4259999990463257,0.0024999999441206455
YHR088W,YPR102C,1,-2.7157416,0.9446902871131897,0.4269999861717224,0.0024999999441206455
YLR276C,YFL002C,1,-2.7182107,0.9448123574256897,0.42800000309944153,0.0024999999441206455
YFR001W,YLR022C,1,-2.7182908,0.9449338912963867,0.42899999022483826,0.0024999999441206455
YHR170W,YPL131W,1,-2.725152,0.9450549483299255,0.4300000071525574,0.0024999999441206455
YAL025C,YGL120C,1,-2.7257261,0.9451754093170166,0.4309999942779541,0.0024999999441206455
YGL111W,YPR102C,1,-2.7286701,0.9452953934669495,0.4320000112056732,0.0024999999441206455
YKL009W,YIR012W,1,-2.7289248,0.9454148411750793,0.43299999833106995,0.0024999999441206455
YOL077C,YDR418W,1,-2.732316,0.9455337524414062,0.4339999854564667,0.0024999999441206455
YDR091C,YOR063W,1,-2.7407846,0.945652186870575,0.4350000023841858,0.0024999999441206455
YKR081C,YLR022C,1,-2.7474022,0.9457700848579407,0.4359999895095825,0.0024999999441206455
YER002W,YHR088W,1,-2.7483935,0.9458874464035034,0.43700000643730164,0.0024999999441206455
YLR106C,YPL093W,1,-2.750136,0.946004331111908,0.43799999356269836,0.0024999999441206455
YGL111W,YDR091C,1,-2.7538648,0.9461206793785095,0.4390000104904175,0.0024999999441206455
YGR103W,YGL111W,1,-2.75531,0.9462365508079529,0.4399999976158142,0.0024999999441206455
YHR197W,YEL054C,1,-2.7579546,0.946351945400238,0.4410000145435333,0.0024999999441206455
YDR091C,YFL002C,1,-2.7637844,0.9464668035507202,0.44200000166893005,0.0024999999441206455
YFR001W,YGL120C,1,-2.766953,0.9465811848640442,0.4429999887943268,0.0024999999441206455
YDL031W,YER002W,1,-2.7692056,0.94669508934021,0.4440000057220459,0.0024999999441206455
YER002W,YGL120C,1,-2.7736592,0.9468085169792175,0.4449999928474426,0.0024999999441206455
YLL008W,YLR340W,1,-2.7789068,0.9469214677810669,0.44600000977516174,0.0024999999441206455
YHR197W,YGR085C,1,-2.7799244,0.9470338821411133,0.44699999690055847,0.0024999999441206455
YLR276C,YGL111W,1,-2.785296,0.9471458792686462,0.4480000138282776,0.0024999999441206455
YER126C,YDR312W,1,-2.7889295,0.947257399559021,0.4490000009536743,0.0024999999441206455
YFR001W,YGR085C,1,-2.789926,0.9473684430122375,0.44999998807907104,0.0024999999441206455
YHR170W,YPR102C,1,-2.7961874,0.9474790096282959,0.45100000500679016,0.0024999999441206455
YKL009W,YDR312W,1,-2.7979603,0.947589099407196,0.4519999921321869,0.0024999999441206455
YER002W,YIR012W,1,-2.7985659,0.9476987719535828,0.453000009059906,0.0024999999441206455
YDR101C,YGL111W,1,-2.7988257,0.9478079080581665,0.45399999618530273,0.0024999999441206455
YLL008W,YPL131W,1,-2.7997441,0.9479166865348816,0.45500001311302185,0.0024999999441206455
YER126C,YLR340W,1,-2.800016,0.9480249285697937,0.4560000002384186,0.0024999999441206455
YFR001W,YGR103W,1,-2.8002071,0.9481327533721924,0.4569999873638153,0.0024999999441206455
YDR091C,YNL002C,1,-2.800777,0.9482401609420776,0.4580000042915344,0.0024999999441206455
YKR024C,YBR142W,1,-2.8027391,0.9483470916748047,0.45899999141693115,0.0024999999441206455
YKL082C,YLR022C,1,-2.8068986,0.9484536051750183,0.46000000834465027,0.0024999999441206455
YJL122W,YHR088W,1,-2.8106732,0.9485596418380737,0.460999995470047,0.0024999999441206455
YDR101C,YGR103W,1,-2.8126717,0.9486653208732605,0.4620000123977661,0.0024999999441206455
YHR088W,YFL002C,1,-2.812965,0.9487704634666443,0.46299999952316284,0.0024999999441206455
YLR276C,YPL131W,1,-2.8178964,0.9488752484321594,0.46399998664855957,0.0024999999441206455
YAL025C,YPR016C,1,-2.8187556,0.9489796161651611,0.4650000035762787,0.0024999999441206455
YNL002C,YDR312W,1,-2.8195782,0.9490835070610046,0.4659999907016754,0.0024999999441206455
YFR001W,YHR088W,1,-2.821279,0.9491869807243347,0.46700000762939453,0.0024999999441206455
YHR085W,YLR221C,1,-2.8225694,0.9492900371551514,0.46799999475479126,0.0024999999441206455
YFL002C,YDR312W,1,-2.8233495,0.9493927359580994,0.4690000116825104,0.0024999999441206455
YER126C,YDR418W,1,-2.8248034,0.9494949579238892,0.4699999988079071,0.0024999999441206455
YGR103W,YLR022C,1,-2.8271122,0.9495967626571655,0.47099998593330383,0.0024999999441206455
YDR091C,YLR448W,1,-2.8288403,0.9496982097625732,0.47200000286102295,0.0024999999441206455
YKR024C,YGL111W,1,-2.832891,0.9497991800308228,0.4729999899864197,0.0024999999441206455
YOL077C,YGL111W,1,-2.8337865,0.9498997926712036,0.4740000069141388,0.0024999999441206455
YER025W,YBR079C,0,-2.8363156,0.9480000138282776,0.4740000069141388,0.0026000000070780516
YOL144W,YDR312W,1,-2.8368196,0.9481037855148315,0.4749999940395355,0.0026000000070780516
YDR060W,YHR088W,1,-2.8373594,0.9482071995735168,0.47600001096725464,0.0026000000070780516
YHR088W,YDR312W,1,-2.8395348,0.948310136795044,0.47699999809265137,0.0026000000070780516
YLL008W,YDR312W,1,-2.842544,0.9484127163887024,0.4779999852180481,0.0026000000070780516
YDL031W,YLR009W,1,-2.8452678,0.9485148787498474,0.4790000021457672,0.0026000000070780516
YER002W,YLR009W,1,-2.8483672,0.948616623878479,0.47999998927116394,0.0026000000070780516
YOL021C,YAL035W,0,-2.8493247,0.9467455744743347,0.47999998927116394,0.0027000000700354576
YDR060W,YDR312W,1,-2.8511415,0.9468504190444946,0.48100000619888306,0.0027000000700354576
YKR081C,YLR448W,1,-2.851749,0.9469547867774963,0.4819999933242798,0.0027000000700354576
YPL093W,YDR312W,1,-2.8520126,0.9470587968826294,0.4830000102519989,0.0027000000700354576
YER002W,YGR085C,1,-2.8577046,0.9471624493598938,0.48399999737739563,0.0027000000700354576
YGR085C,YFL002C,1,-2.8594804,0.947265625,0.48500001430511475,0.0027000000700354576
YGL120C,YKL082C,1,-2.8624687,0.9473684430122375,0.4860000014305115,0.0027000000700354576
YNL182C,YLR022C,1,-2.8636675,0.9474708437919617,0.4869999885559082,0.0027000000700354576
YDR060W,YER126C,1,-2.877605,0.9475728273391724,0.4880000054836273,0.0027000000700354576
YER002W,YPR102C,1,-2.8792968,0.9476743936538696,0.48899999260902405,0.0027000000700354576
YLR075W,YLR448W,1,-2.8818192,0.9477756023406982,0.49000000953674316,0.0027000000700354576
YOL144W,YPR102C,1,-2.8824248,0.9478764533996582,0.4909999966621399,0.0027000000700354576
YLR448W,YLR221C,1,-2.8827944,0.9479768872261047,0.492000013589859,0.0027000000700354576
YNR038W,YKR024C,1,-2.8832798,0.9480769038200378,0.49300000071525574,0.0027000000700354576
YNL182C,YPL193W,1,-2.8833008,0.9481765627861023,0.49399998784065247,0.0027000000700354576
YHR197W,YFL002C,1,-2.886426,0.9482758641242981,0.4950000047683716,0.0027000000700354576
YGL120C,YPL131W,1,-2.8867655,0.9483747482299805,0.4959999918937683,0.0027000000700354576
YFR001W,YER002W,1,-2.8894973,0.9484732747077942,0.4970000088214874,0.0027000000700354576
YOL077C,YER002W,1,-2.891686,0.9485714435577393,0.49799999594688416,0.0027000000700354576
YNR038W,YLL008W,1,-2.8933725,0.9486691951751709,0.49900001287460327,0.0027000000700354576
YNR038W,YDR312W,1,-2.895702,0.9487665891647339,0.5,0.0027000000700354576
YPL131W,YPR016C,1,-2.899242,0.9488636255264282,0.5009999871253967,0.0027000000700354576
YGR085C,YLR221C,1,-2.9002848,0.9489603042602539,0.5019999742507935,0.0027000000700354576
YMR239C,YNR003C,0,-2.9021406,0.947169840335846,0.5019999742507935,0.00279999990016222
YHR085W,YLR022C,1,-2.908547,0.9472693204879761,0.503000020980835,0.00279999990016222
YNL182C,YLR221C,1,-2.9095592,0.9473684430122375,0.5040000081062317,0.00279999990016222
YLR009W,YDR312W,1,-2.911335,0.9474671483039856,0.5049999952316284,0.00279999990016222
YLR276C,YPR016C,1,-2.9129806,0.9475655555725098,0.5059999823570251,0.00279999990016222
YDL031W,YGL111W,1,-2.9135418,0.9476635456085205,0.5070000290870667,0.00279999990016222
YFR001W,YPL093W,1,-2.9265885,0.9477611780166626,0.5080000162124634,0.00279999990016222
YOL144W,YLR022C,1,-2.9358435,0.947858452796936,0.5090000033378601,0.00279999990016222
YER126C,YPL131W,1,-2.9361238,0.9479553699493408,0.5099999904632568,0.00279999990016222
YLR075W,YEL054C,1,-2.93849,0.948051929473877,0.5109999775886536,0.00279999990016222
YHR052W,YLR448W,1,-2.9477177,0.9481481313705444,0.5120000243186951,0.00279999990016222
YDL031W,YLR106C,1,-2.9506407,0.9482439756393433,0.5130000114440918,0.00279999990016222
YJR002W,YHL011C,0,-2.9512386,0.946494460105896,0.5130000114440918,0.002899999963119626
YLL008W,YNL163C,1,-2.951766,0.9465929865837097,0.5139999985694885,0.002899999963119626
YOR063W,YLR340W,1,-2.9579806,0.9466911554336548,0.5149999856948853,0.002899999963119626
YFR001W,YLR221C,1,-2.963501,0.9467889666557312,0.515999972820282,0.002899999963119626
YNR038W,YPR102C,1,-2.963862,0.946886420249939,0.5170000195503235,0.002899999963119626
YGL111W,YFL002C,1,-2.964735,0.9469835758209229,0.5180000066757202,0.002899999963119626
YAL025C,YLR221C,1,-2.9664645,0.9470803141593933,0.5189999938011169,0.002899999963119626
YPL093W,YPR102C,1,-2.9664726,0.9471766948699951,0.5199999809265137,0.002899999963119626
YDR060W,YNL002C,1,-2.967886,0.9472727179527283,0.5210000276565552,0.002899999963119626
YDR060W,YLR221C,1,-2.969233,0.9473684430122375,0.5220000147819519,0.002899999963119626
YGL099W,YKR025W,0,-2.9713879,0.945652186870575,0.5220000147819519,0.003000000026077032
YKL082C,YHR066W,1,-2.9763618,0.9457504749298096,0.5230000019073486,0.003000000026077032
YDL031W,YHR085W,1,-2.9776645,0.9458483457565308,0.5239999890327454,0.003000000026077032
YFR001W,YOL144W,1,-2.9889393,0.9459459185600281,0.5249999761581421,0.003000000026077032
YLR002C,YNL292W,0,-2.9909477,0.9442446231842041,0.5249999761581421,0.003100000089034438
YLR075W,YGR085C,1,-2.992453,0.944344699382782,0.5260000228881836,0.003100000089034438
YDR060W,YOL144W,1,-2.9929547,0.9444444179534912,0.5270000100135803,0.003100000089034438
YDR101C,YLR106C,1,-2.9945474,0.9445438385009766,0.527999997138977,0.003100000089034438
YOR001W,YBR143C,0,-2.9994836,0.9428571462631226,0.527999997138977,0.0031999999191612005
YFR001W,YHR066W,1,-3.0104551,0.9429590106010437,0.5289999842643738,0.0031999999191612005
YLR106C,YEL054C,1,-3.0111165,0.9430605173110962,0.5299999713897705,0.0031999999191612005
YNL182C,YGR085C,1,-3.0130744,0.9431616067886353,0.531000018119812,0.0031999999191612005
YKR024C,YIR012W,1,-3.013126,0.9432623982429504,0.5320000052452087,0.0031999999191612005
YDR060W,YFL002C,1,-3.016573,0.943362832069397,0.5329999923706055,0.0031999999191612005
YER126C,YLR022C,1,-3.0210204,0.9434629082679749,0.5339999794960022,0.0031999999191612005
YHR052W,YEL054C,1,-3.021244,0.9435626268386841,0.5350000262260437,0.0031999999191612005
YKL009W,YLR221C,1,-3.0242472,0.9436619877815247,0.5360000133514404,0.0031999999191612005
YAL025C,YDR060W,1,-3.0266914,0.9437609910964966,0.5370000004768372,0.0031999999191612005
YHR052W,YNL163C,1,-3.0330143,0.9438596367835999,0.5379999876022339,0.0031999999191612005
YDR091C,YDR418W,1,-3.0404239,0.9439579844474792,0.5389999747276306,0.0031999999191612005
YGL111W,YPR016C,1,-3.0419803,0.9440559148788452,0.5400000214576721,0.0031999999191612005
YER002W,YOL144W,1,-3.0461144,0.9441536068916321,0.5410000085830688,0.0031999999191612005
YJL122W,YDR312W,1,-3.0482755,0.9442508816719055,0.5419999957084656,0.0031999999191612005
YDR101C,YEL054C,1,-3.0512576,0.9443477988243103,0.5429999828338623,0.0031999999191612005
YOR224C,YLR435W,0,-3.0625982,0.9427083134651184,0.5429999828338623,0.0032999999821186066
YLR075W,YDR418W,1,-3.064653,0.9428076148033142,0.5440000295639038,0.0032999999821186066
YHR085W,YDR060W,1,-3.0662599,0.9429065585136414,0.5450000166893005,0.0032999999821186066
YGL120C,YLR022C,1,-3.0783944,0.9430052042007446,0.5460000038146973,0.0032999999821186066
YLR106C,YNL002C,1,-3.0789118,0.9431034326553345,0.546999990940094,0.0032999999821186066
YPR102C,YLR340W,1,-3.087511,0.9432013630867004,0.5479999780654907,0.0032999999821186066
YBR142W,YPR102C,1,-3.0880356,0.9432989954948425,0.5490000247955322,0.0032999999821186066
YIL019W,YDL060W,0,-3.0883698,0.9416809678077698,0.5490000247955322,0.0034000000450760126
YNR038W,YLR448W,1,-3.089589,0.9417808055877686,0.550000011920929,0.0034000000450760126
YNR038W,YDR091C,1,-3.0899248,0.9418803453445435,0.5509999990463257,0.0034000000450760126
YBR142W,YGR085C,1,-3.091782,0.9419795274734497,0.5519999861717224,0.0034000000450760126
YER002W,YGL111W,1,-3.1017084,0.9420783519744873,0.5529999732971191,0.0034000000450760126
YNL248C,YOR116C,0,-3.1028414,0.9404761791229248,0.5529999732971191,0.0035000001080334187
YER126C,YKL082C,1,-3.1041431,0.9405772686004639,0.5540000200271606,0.0035000001080334187
YGR103W,YLR340W,1,-3.1061697,0.9406779408454895,0.5550000071525574,0.0035000001080334187
YLR009W,YPL193W,1,-3.1129584,0.9407783150672913,0.5559999942779541,0.0035000001080334187
YKR056W,YOL097C,0,-3.1141534,0.9391891956329346,0.5559999942779541,0.003599999938160181
YOL144W,YEL054C,1,-3.12192,0.9392917156219482,0.5569999814033508,0.003599999938160181
YHR085W,YFL002C,1,-3.1227474,0.939393937587738,0.5580000281333923,0.003599999938160181
YPR010C,YBR061C,0,-3.1274462,0.9378151297569275,0.5580000281333923,0.003700000001117587
YGR085C,YLR022C,1,-3.1321764,0.9379194378852844,0.5590000152587891,0.003700000001117587
YLR009W,YPL131W,1,-3.135594,0.9380234479904175,0.5600000023841858,0.003700000001117587
YKR024C,YHR085W,1,-3.1360888,0.9381271004676819,0.5609999895095825,0.003700000001117587
YFR001W,YDR312W,1,-3.1386957,0.9382303953170776,0.5619999766349792,0.003700000001117587
YNL163C,YDR091C,1,-3.1436887,0.9383333325386047,0.5630000233650208,0.003700000001117587
YFL002C,YHR066W,1,-3.1451807,0.9384359121322632,0.5640000104904175,0.003700000001117587
YNR038W,YGL111W,1,-3.1469622,0.9385381937026978,0.5649999976158142,0.003700000001117587
YER002W,YLR448W,1,-3.1507287,0.9386401176452637,0.5659999847412109,0.003700000001117587
YLR106C,YHR197W,1,-3.1530871,0.9387417435646057,0.5669999718666077,0.003700000001117587
YHR197W,YLR022C,1,-3.1553388,0.9388429522514343,0.5680000185966492,0.003700000001117587
YKR024C,YFL002C,1,-3.1561394,0.9389439225196838,0.5690000057220459,0.003700000001117587
YAL025C,YPL193W,1,-3.1594253,0.9390444755554199,0.5699999928474426,0.003700000001117587
YGR103W,YDR418W,1,-3.1600904,0.9391447305679321,0.5709999799728394,0.003700000001117587
YDL031W,YFR001W,1,-3.1626167,0.9392446875572205,0.5720000267028809,0.003700000001117587
YDR101C,YFR001W,1,-3.1680627,0.9393442869186401,0.5730000138282776,0.003700000001117587
YLR401C,YNL113W,0,-3.1687694,0.9378068447113037,0.5730000138282776,0.003800000064074993
YNL163C,YLR009W,1,-3.173749,0.9379084706306458,0.5740000009536743,0.003800000064074993
YDR382W,YLR372W,0,-3.1803617,0.9363784790039062,0.5740000009536743,0.0038999998942017555
YFR001W,YDR060W,1,-3.1837869,0.9364820718765259,0.574999988079071,0.0038999998942017555
YNR038W,YGR085C,1,-3.1976748,0.9365853667259216,0.5759999752044678,0.0038999998942017555
YAL025C,YPR102C,1,-3.2014275,0.9366883039474487,0.5770000219345093,0.0038999998942017555
YLR276C,YDR312W,1,-3.2049747,0.936790943145752,0.578000009059906,0.0038999998942017555
YJL122W,YLR022C,1,-3.2160811,0.9368932247161865,0.5789999961853027,0.0038999998942017555
YNR038W,YIR012W,1,-3.2165217,0.9369951486587524,0.5799999833106995,0.0038999998942017555
YLR221C,YLR022C,1,-3.2178202,0.9370967745780945,0.5809999704360962,0.0038999998942017555
YJR143C,YFL045C,0,-3.2217908,0.9355877637863159,0.5809999704360962,0.004000000189989805
YLR448W,YHR066W,1,-3.2231255,0.9356912970542908,0.5820000171661377,0.004000000189989805
YNR038W,YKL082C,1,-3.2305498,0.9357945322990417,0.5830000042915344,0.004000000189989805
YJL122W,YLR221C,1,-3.2330241,0.9358974099159241,0.5839999914169312,0.004000000189989805
YHR170W,YLR022C,1,-3.2363434,0.9359999895095825,0.5849999785423279,0.004000000189989805
YHR085W,YDR312W,1,-3.2370095,0.9361022114753723,0.5860000252723694,0.004000000189989805
YHR052W,YPL131W,1,-3.2488766,0.9362041354179382,0.5870000123977661,0.004000000189989805
YER002W,YHR197W,1,-3.2507606,0.9363057613372803,0.5879999995231628,0.004000000189989805
YHR088W,YPL193W,1,-3.2536697,0.9364069700241089,0.5889999866485596,0.004000000189989805
YHR197W,YOR063W,1,-3.254776,0.9365079402923584,0.5899999737739563,0.004000000189989805
YDL031W,YDR418W,1,-3.2559552,0.9366085529327393,0.5910000205039978,0.004000000189989805
YLR216C,YOR027W,0,-3.2589998,0.9351266026496887,0.5910000205039978,0.004100000020116568
YNL227C,YKR081C,1,-3.259838,0.9352290630340576,0.5920000076293945,0.004100000020116568
YLR106C,YHR088W,1,-3.2655354,0.9353312253952026,0.5929999947547913,0.004100000020116568
YKR024C,YFR001W,1,-3.2678528,0.9354330897331238,0.593999981880188,0.004100000020116568
YMR049C,YMR260C,0,-3.269957,0.9339622855186462,0.593999981880188,0.00419999985024333
YBR142W,YDR418W,1,-3.2729998,0.9340659379959106,0.5950000286102295,0.00419999985024333
YOL077C,YDR312W,1,-3.2749472,0.9341692924499512,0.5960000157356262,0.00419999985024333
YJL122W,YPL131W,1,-3.2835827,0.934272289276123,0.597000002861023,0.00419999985024333
YGL099W,YMR243C,0,-3.287723,0.932812511920929,0.597000002861023,0.00430000014603138
YAL025C,YEL054C,1,-3.2954388,0.9329172968864441,0.5979999899864197,0.00430000014603138
YBR142W,YLR106C,1,-3.2992673,0.9330217838287354,0.5989999771118164,0.00430000014603138
YLL008W,YOR063W,1,-3.3005967,0.9331259727478027,0.6000000238418579,0.00430000014603138
YLR186W,YLR167W,0,-3.3107958,0.9316770434379578,0.6000000238418579,0.004399999976158142
YGL111W,YLR221C,1,-3.317224,0.9317829608917236,0.6010000109672546,0.004399999976158142
YKR081C,YOR063W,1,-3.31877,0.9318885207176208,0.6019999980926514,0.004399999976158142
YDR101C,YGR085C,1,-3.319065,0.931993842124939,0.6029999852180481,0.004399999976158142
YLR106C,YOR063W,1,-3.3195844,0.9320987462997437,0.6039999723434448,0.004399999976158142
YHR052W,YPL193W,1,-3.3232656,0.9322034120559692,0.6050000190734863,0.004399999976158142
YBR142W,YPL193W,1,-3.3263855,0.9323077201843262,0.6060000061988831,0.004399999976158142
YNL182C,YPL131W,1,-3.327042,0.9324116706848145,0.6069999933242798,0.004399999976158142
YLR221C,YHR066W,1,-3.333818,0.9325153231620789,0.6079999804496765,0.004399999976158142
YKL009W,YNL163C,1,-3.34311,0.9326186776161194,0.609000027179718,0.004399999976158142
YOL077C,YLR340W,1,-3.3441133,0.932721734046936,0.6100000143051147,0.004399999976158142
YLL008W,YLR106C,1,-3.3468852,0.932824432849884,0.6110000014305115,0.004399999976158142
YDR101C,YLR448W,1,-3.349031,0.9329268336296082,0.6119999885559082,0.004399999976158142
YNL119W,YOR224C,0,-3.353589,0.931506872177124,0.6119999885559082,0.0044999998062849045
YEL054C,YLR022C,1,-3.3572593,0.9316109418869019,0.6129999756813049,0.0044999998062849045
YGR103W,YPL131W,1,-3.3720422,0.9317147135734558,0.6140000224113464,0.0044999998062849045
YDL031W,YPR016C,1,-3.3747382,0.9318181872367859,0.6150000095367432,0.0044999998062849045
YHR197W,YPL193W,1,-3.377015,0.9319213032722473,0.6159999966621399,0.0044999998062849045
YLR276C,YLR075W,1,-3.3791804,0.9320241808891296,0.6169999837875366,0.0044999998062849045
YOL144W,YPR016C,1,-3.382707,0.9321267008781433,0.6179999709129333,0.0044999998062849045
YNR038W,YNL163C,1,-3.3859138,0.9322289228439331,0.6190000176429749,0.0044999998062849045
YNR038W,YFR001W,1,-3.3918371,0.932330846786499,0.6200000047683716,0.0044999998062849045
YNL227C,YHR088W,1,-3.3935037,0.9324324131011963,0.6209999918937683,0.0044999998062849045
YJL122W,YLR106C,1,-3.3982515,0.9325337409973145,0.621999979019165,0.0044999998062849045
YER002W,YLR022C,1,-3.401558,0.932634711265564,0.6230000257492065,0.0044999998062849045
YNL163C,YOR063W,1,-3.4036593,0.9327354431152344,0.6240000128746033,0.0044999998062849045
YLR022C,YPR016C,1,-3.403883,0.9328358173370361,0.625,0.0044999998062849045
YGL120C,YDR418W,1,-3.406547,0.932935893535614,0.6259999871253967,0.0044999998062849045
YEL054C,YHR066W,1,-3.4187298,0.9330357313156128,0.6269999742507935,0.0044999998062849045
YLR022C,YIR012W,1,-3.4192066,0.9331352114677429,0.628000020980835,0.0044999998062849045
YNL227C,YFR001W,1,-3.4217677,0.9332343935966492,0.6290000081062317,0.0044999998062849045
YJL033W,YMR239C,0,-3.421996,0.931851863861084,0.6290000081062317,0.004600000102072954
YHR085W,YER002W,1,-3.4277697,0.9319526553153992,0.6299999952316284,0.004600000102072954
YGL111W,YEL054C,1,-3.429575,0.9320531487464905,0.6309999823570251,0.004600000102072954
YLR075W,YPR102C,1,-3.4321318,0.9321534037590027,0.6320000290870667,0.004600000102072954
YAL025C,YOR063W,1,-3.4338841,0.9322533011436462,0.6330000162124634,0.004600000102072954
YNL227C,YHR197W,1,-3.4353333,0.9323529601097107,0.6340000033378601,0.004600000102072954
YDR361C,YLR051C,0,-3.4382205,0.93098384141922,0.6340000033378601,0.004699999932199717
YDL213C,YDL111C,0,-3.441022,0.929618775844574,0.6340000033378601,0.004800000227987766
YLR276C,YNL163C,1,-3.4492087,0.9297218322753906,0.6349999904632568,0.004800000227987766
YLR022C,YHR066W,1,-3.4501772,0.9298245906829834,0.6359999775886536,0.004800000227987766
YOL144W,YPL193W,1,-3.4538374,0.9299269914627075,0.6370000243186951,0.004800000227987766
YEL054C,YDR312W,1,-3.455975,0.9300291538238525,0.6380000114440918,0.004800000227987766
YLR106C,YLR448W,1,-3.4575038,0.9301310181617737,0.6389999985694885,0.004800000227987766
YGL111W,YLR448W,1,-3.460424,0.930232584476471,0.6399999856948853,0.004800000227987766
YJL122W,YPL193W,1,-3.461772,0.9303337931632996,0.640999972820282,0.004800000227987766
YER002W,YPR016C,1,-3.4641209,0.9304347634315491,0.6420000195503235,0.004800000227987766
YHR197W,YPR016C,1,-3.4658551,0.9305354356765747,0.6430000066757202,0.004800000227987766
YPL093W,YLR221C,1,-3.4667497,0.9306358098983765,0.6439999938011169,0.004800000227987766
YHR088W,YPR016C,1,-3.4688854,0.9307359457015991,0.6449999809265137,0.004800000227987766
YPL093W,YPL131W,1,-3.4711833,0.9308357238769531,0.6460000276565552,0.004800000227987766
YLR276C,YPL193W,1,-3.4719377,0.930935263633728,0.6470000147819519,0.004800000227987766
YER025W,YMR260C,0,-3.4732442,0.9295976758003235,0.6470000147819519,0.004900000058114529
YHR085W,YGR085C,1,-3.4733052,0.9296987056732178,0.6480000019073486,0.004900000058114529
YPL093W,YKL082C,1,-3.4740562,0.9297994375228882,0.6489999890327454,0.004900000058114529
YHR170W,YDR418W,1,-3.4848614,0.9298998713493347,0.6499999761581421,0.004900000058114529
YDR060W,YER002W,1,-3.4859982,0.9300000071525574,0.6510000228881836,0.004900000058114529
YKL082C,YFL002C,1,-3.487328,0.9300998449325562,0.6520000100135803,0.004900000058114529
YOR168W,YNL248C,0,-3.4896169,0.9287749528884888,0.6520000100135803,0.004999999888241291
YLR106C,YDR091C,1,-3.4896555,0.9288762211799622,0.652999997138977,0.004999999888241291
YLR401C,YAL035W,0,-3.48982,0.9275568127632141,0.652999997138977,0.005100000184029341
YHR085W,YPR102C,1,-3.4925375,0.9276595711708069,0.6539999842643738,0.005100000184029341
YLR340W,YPR016C,1,-3.4943752,0.9277620315551758,0.6549999713897705,0.005100000184029341
YNL227C,YHR170W,1,-3.4949174,0.9278641939163208,0.656000018119812,0.005100000184029341
YNL227C,YKL082C,1,-3.4978075,0.9279661178588867,0.6570000052452087,0.005100000184029341
YLR448W,YDR312W,1,-3.4995818,0.928067684173584,0.6579999923706055,0.005100000184029341
YFR001W,YPL131W,1,-3.5271025,0.9281690120697021,0.6589999794960022,0.005100000184029341
YHR052W,YNL227C,1,-3.5310426,0.9282700419425964,0.6600000262260437,0.005100000184029341
YPL093W,YNL163C,1,-3.5402732,0.9283707737922668,0.6610000133514404,0.005100000184029341
YHR052W,YOR063W,1,-3.5411844,0.9284712672233582,0.6620000004768372,0.005100000184029341
YER126C,YNL163C,1,-3.5442114,0.9285714030265808,0.6629999876022339,0.005100000184029341
YGR103W,YNL163C,1,-3.551437,0.9286713004112244,0.6639999747276306,0.005100000184029341
YDL031W,YPL131W,1,-3.5515733,0.9287709593772888,0.6650000214576721,0.005100000184029341
YKR024C,YLR221C,1,-3.5550127,0.9288703203201294,0.6660000085830688,0.005100000184029341
YPL093W,YLR448W,1,-3.558456,0.9289693832397461,0.6669999957084656,0.005100000184029341
YHR197W,YLR340W,1,-3.5632973,0.9290681481361389,0.6679999828338623,0.005100000184029341
YPR187W,YJL109C,0,-3.565226,0.9277777671813965,0.6679999828338623,0.005200000014156103
YGL111W,YPL193W,1,-3.5666332,0.9278779625892639,0.6690000295639038,0.005200000014156103
YOL139C,YHL011C,0,-3.570487,0.9265928268432617,0.6690000295639038,0.0052999998442828655
YDR060W,YPR016C,1,-3.5747242,0.9266943335533142,0.6700000166893005,0.0052999998442828655
YGR103W,YPL193W,1,-3.5816898,0.9267956018447876,0.6710000038146973,0.0052999998442828655
YHR170W,YLR340W,1,-3.5823598,0.9268965721130371,0.671999990940094,0.0052999998442828655
YGR103W,YKL082C,1,-3.5887103,0.9269972443580627,0.6729999780654907,0.0052999998442828655
YDL031W,YLR022C,1,-3.5901113,0.9270976781845093,0.6740000247955322,0.0052999998442828655
YNR038W,YDR418W,1,-3.5969758,0.9271978139877319,0.675000011920929,0.0052999998442828655
YOR063W,YPR016C,1,-3.598176,0.9272976517677307,0.6759999990463257,0.0052999998442828655
YIL079C,YGR159C,0,-3.5982232,0.9260274171829224,0.6759999990463257,0.005400000140070915
YDR339C,YPL212C,0,-3.600357,0.9247605800628662,0.6759999990463257,0.005499999970197678
YOL144W,YPL131W,1,-3.6039581,0.9248633980751038,0.6769999861717224,0.005499999970197678
YDR101C,YER002W,1,-3.6073618,0.9249659180641174,0.6779999732971191,0.005499999970197678
YHR085W,YPR016C,1,-3.610324,0.9250681400299072,0.6790000200271606,0.005499999970197678
YNL227C,YNL002C,1,-3.6116939,0.9251700639724731,0.6800000071525574,0.005499999970197678
YLR106C,YKL082C,1,-3.6194143,0.92527174949646,0.6809999942779541,0.005499999970197678
YBR142W,YNL163C,1,-3.6208086,0.9253731369972229,0.6819999814033508,0.005499999970197678
YOR145C,YGR123C,0,-3.624095,0.924119234085083,0.6819999814033508,0.00559999980032444
YDL031W,YDR312W,1,-3.639584,0.924221932888031,0.6830000281333923,0.00559999980032444
YLR276C,YLR340W,1,-3.6509337,0.9243243336677551,0.6840000152587891,0.00559999980032444
YDR101C,YPL131W,1,-3.6524734,0.9244264364242554,0.6850000023841858,0.00559999980032444
YHR052W,YLR106C,1,-3.657557,0.9245283007621765,0.6859999895095825,0.00559999980032444
YPL193W,YHR066W,1,-3.6625853,0.9246298670768738,0.6869999766349792,0.00559999980032444
YJL122W,YDR418W,1,-3.6634946,0.9247311949729919,0.6880000233650208,0.00559999980032444
YHL011C,YMR146C,0,-3.6671362,0.9234899282455444,0.6880000233650208,0.00570000009611249
YLR448W,YPR016C,1,-3.6680636,0.9235925078392029,0.6890000104904175,0.00570000009611249
YDR101C,YNL163C,1,-3.6799402,0.9236947894096375,0.6899999976158142,0.00570000009611249
YHR088W,YGR085C,1,-3.6888633,0.9237967729568481,0.6909999847412109,0.00570000009611249
YNL227C,YLR009W,1,-3.6912484,0.9238985180854797,0.6919999718666077,0.00570000009611249
YLL008W,YLR022C,1,-3.7009964,0.9240000247955322,0.6930000185966492,0.00570000009611249
YOR168W,YMR309C,0,-3.7028117,0.9227696657180786,0.6930000185966492,0.005799999926239252
YNR038W,YPL131W,1,-3.702866,0.9228723645210266,0.6940000057220459,0.005799999926239252
YDR101C,YLR022C,1,-3.7084303,0.9229747653007507,0.6949999928474426,0.005799999926239252
YLR276C,YLR106C,1,-3.7097235,0.9230769276618958,0.6959999799728394,0.005799999926239252
YLL008W,YNL227C,1,-3.710425,0.9231787919998169,0.6970000267028809,0.005799999926239252
YNL182C,YLR106C,1,-3.711111,0.9232804179191589,0.6980000138282776,0.005799999926239252
YPR102C,YLR022C,1,-3.7126794,0.9233817458152771,0.6990000009536743,0.005799999926239252
YGR085C,YDR312W,1,-3.716066,0.9234828352928162,0.699999988079071,0.005799999926239252
YPL093W,YLR022C,1,-3.723309,0.9235836863517761,0.7009999752044678,0.005799999926239252
YNL182C,YNL163C,1,-3.724814,0.9236842393875122,0.7020000219345093,0.005799999926239252
YLR106C,YGR085C,1,-3.7283611,0.9237844944000244,0.703000009059906,0.005799999926239252
YPR102C,YKL082C,1,-3.7296538,0.9238845109939575,0.7039999961853027,0.005799999926239252
YKR026C,YPR143W,0,-3.7357612,0.9226736426353455,0.7039999961853027,0.005900000222027302
YLR002C,YDR447C,0,-3.738801,0.9214659929275513,0.7039999961853027,0.006000000052154064
YKL009W,YLR448W,1,-3.7424526,0.9215686321258545,0.7049999833106995,0.006000000052154064
YNL163C,YHR197W,1,-3.753757,0.9216710329055786,0.7059999704360962,0.006000000052154064
YPL028W,YLR100W,0,-3.7646666,0.920469343662262,0.7059999704360962,0.006099999882280827
YOL144W,YOR063W,1,-3.7681494,0.9205729365348816,0.7070000171661377,0.006099999882280827
YDR339C,YMR229C,0,-3.7736373,0.9193758368492126,0.7070000171661377,0.006200000178068876
YIL124W,YDR129C,0,-3.7741551,0.918181836605072,0.7070000171661377,0.006300000008195639
YNL163C,YHR066W,1,-3.7750864,0.9182879328727722,0.7080000042915344,0.006300000008195639
YOL080C,YJR007W,0,-3.790123,0.9170984625816345,0.7080000042915344,0.006399999838322401
YMR014W,YGR264C,0,-3.794386,0.9159120321273804,0.7080000042915344,0.006500000134110451
YLR106C,YFL002C,1,-3.7957158,0.9160206913948059,0.7089999914169312,0.006500000134110451
YLR340W,YLR221C,1,-3.7960825,0.9161290526390076,0.7099999785423279,0.006500000134110451
YJL020C,YLR337C,0,-3.7973933,0.9149484634399414,0.7099999785423279,0.006599999964237213
YFR001W,YDR091C,1,-3.7989821,0.915057897567749,0.7110000252723694,0.006599999964237213
YDR101C,YPL193W,1,-3.8066006,0.9151670932769775,0.7120000123977661,0.006599999964237213
YLR167W,YPL237W,0,-3.8084488,0.9139922857284546,0.7120000123977661,0.0066999997943639755
YNR038W,YLR106C,1,-3.808679,0.9141025543212891,0.7129999995231628,0.0066999997943639755
YNL227C,YBR142W,1,-3.8093457,0.9142125248908997,0.7139999866485596,0.0066999997943639755
YER036C,YJR064W,0,-3.8128614,0.9130434989929199,0.7139999866485596,0.006800000090152025
YDR060W,YLR106C,1,-3.8128724,0.9131545424461365,0.7149999737739563,0.006800000090152025
YLR276C,YNL227C,1,-3.819584,0.9132652878761292,0.7160000205039978,0.006800000090152025
YKL009W,YPL193W,1,-3.8242865,0.9133757948875427,0.7170000076293945,0.006800000090152025
YNR038W,YDR060W,1,-3.8266387,0.9134860038757324,0.7179999947547913,0.006800000090152025
YNL182C,YER002W,1,-3.8278537,0.9135959148406982,0.718999981880188,0.006800000090152025
YKL082C,YPL193W,1,-3.8281045,0.913705587387085,0.7200000286102295,0.006800000090152025
YDR312W,YPR016C,1,-3.8311481,0.9138149619102478,0.7210000157356262,0.006800000090152025
YFR001W,YLR340W,1,-3.831677,0.9139240384101868,0.722000002861023,0.006800000090152025
YDR101C,YLR340W,1,-3.8388906,0.9140328764915466,0.7229999899864197,0.006800000090152025
YLR448W,YIR012W,1,-3.8420596,0.9141414165496826,0.7239999771118164,0.006800000090152025
YDL031W,YNL163C,1,-3.8427367,0.9142496585845947,0.7250000238418579,0.006800000090152025
YGL111W,YOR063W,1,-3.843195,0.9143576622009277,0.7260000109672546,0.006800000090152025
YER148W,YKR056W,0,-3.847464,0.9132075309753418,0.7260000109672546,0.006899999920278788
YER056C,YGR191W,0,-3.8508363,0.9120603203773499,0.7260000109672546,0.007000000216066837
YDR091C,YDR312W,1,-3.8519144,0.9121706485748291,0.7269999980926514,0.007000000216066837
YNL292W,YER148W,0,-3.8535,0.9110275506973267,0.7269999980926514,0.0071000000461936
YFR001W,YPL193W,1,-3.8606415,0.9111389517784119,0.7279999852180481,0.0071000000461936
YER053C,YBR006W,0,-3.867612,0.9100000262260437,0.7279999852180481,0.007199999876320362
YHR085W,YPL193W,1,-3.867887,0.9101123809814453,0.7289999723434448,0.007199999876320362
YGR083C,YNR003C,0,-3.8732152,0.9089775681495667,0.7289999723434448,0.007300000172108412
YHR052W,YLR340W,1,-3.8769855,0.9090909361839294,0.7300000190734863,0.007300000172108412
YNR038W,YLR022C,1,-3.8860288,0.9092040061950684,0.7310000061988831,0.007300000172108412
YNL001W,YNL207W,0,-3.889812,0.9080745577812195,0.7310000061988831,0.007400000002235174
YKL009W,YLR340W,1,-3.9038124,0.9081885814666748,0.7319999933242798,0.007400000002235174
YAL025C,YPL131W,1,-3.9095068,0.908302366733551,0.7329999804496765,0.007400000002235174
YLR106C,YHR066W,1,-3.9108634,0.9084158539772034,0.734000027179718,0.007400000002235174
YGL111W,YDR418W,1,-3.9130602,0.9085290431976318,0.7350000143051147,0.007400000002235174
YOR063W,YLR221C,1,-3.9170055,0.9086419939994812,0.7360000014305115,0.007400000002235174
YKR099W,YBR247C,0,-3.921389,0.9075216054916382,0.7360000014305115,0.007499999832361937
YJL033W,YJR007W,0,-3.9222288,0.9064039587974548,0.7360000014305115,0.007600000128149986
YNL182C,YOR063W,1,-3.9271293,0.9065190553665161,0.7369999885559082,0.007600000128149986
YNL227C,YGR085C,1,-3.9293532,0.9066339135169983,0.7379999756813049,0.007600000128149986
YDR101C,YOR063W,1,-3.93356,0.9067484736442566,0.7390000224113464,0.007600000128149986
YNL227C,YGL111W,1,-3.9403615,0.906862735748291,0.7400000095367432,0.007600000128149986
YNL062C,YHR120W,0,-3.9565854,0.9057527780532837,0.7400000095367432,0.007699999958276749
YNL227C,YGR103W,1,-3.95721,0.9058679938316345,0.7409999966621399,0.007699999958276749
YNL075W,YDR447C,0,-3.9699373,0.9047619104385376,0.7409999966621399,0.007799999788403511
YNL227C,YKL009W,1,-3.9710631,0.9048780202865601,0.7419999837875366,0.007799999788403511
YLR106C,YLR221C,1,-3.9789987,0.9049938917160034,0.7429999709129333,0.007799999788403511
YDR060W,YIR012W,1,-3.981534,0.9051094651222229,0.7440000176429749,0.007799999788403511
YAL025C,YDR418W,1,-3.982696,0.9052248001098633,0.7450000047683716,0.007799999788403511
YGL111W,YGR085C,1,-3.9846034,0.905339777469635,0.7459999918937683,0.007799999788403511
YNL227C,YER002W,1,-3.9978504,0.9054545164108276,0.746999979019165,0.007799999788403511
YBR142W,YLR340W,1,-4.003301,0.9055690169334412,0.7480000257492065,0.007799999788403511
YDR091C,YKL082C,1,-4.0047283,0.9056832194328308,0.7490000128746033,0.007799999788403511
YBR142W,YPL131W,1,-4.021687,0.9057971239089966,0.75,0.007799999788403511
YLR022C,YDR312W,1,-4.0220213,0.9059107303619385,0.7509999871253967,0.007799999788403511
YFR001W,YLR106C,1,-4.023748,0.9060240983963013,0.7519999742507935,0.007799999788403511
YJL122W,YLR340W,1,-4.0280557,0.9061371684074402,0.753000020980835,0.007799999788403511
YPL093W,YOR063W,1,-4.031274,0.90625,0.7540000081062317,0.007799999788403511
YPL227C,YGL070C,0,-4.0331407,0.9051620364189148,0.7540000081062317,0.007899999618530273
YNL227C,YDR312W,1,-4.0331516,0.9052757620811462,0.7549999952316284,0.007899999618530273
YNR035C,YJR065C,0,-4.0348697,0.9041916131973267,0.7549999952316284,0.00800000037997961
YGL111W,YNL163C,1,-4.036783,0.9043062329292297,0.7559999823570251,0.00800000037997961
YER002W,YFL002C,1,-4.0389905,0.9044205546379089,0.7570000290870667,0.00800000037997961
YCL031C,YDR023W,0,-4.0406046,0.9033412933349609,0.7570000290870667,0.008100000210106373
YNR038W,YLR075W,1,-4.056849,0.9034565091133118,0.7580000162124634,0.008100000210106373
YJL124C,YLR285W,0,-4.0588155,0.9023809432983398,0.7580000162124634,0.008200000040233135
YGL135W,YIL052C,0,-4.061888,0.9013079404830933,0.7580000162124634,0.008299999870359898
YER002W,YPL131W,1,-4.0635395,0.9014251828193665,0.7590000033378601,0.008299999870359898
YPL266W,YLR285W,0,-4.0754066,0.900355875492096,0.7590000033378601,0.00839999970048666
YDR382W,YGL225W,0,-4.0898213,0.899289071559906,0.7590000033378601,0.008500000461935997
YDL031W,YOR063W,1,-4.094928,0.8994082808494568,0.7599999904632568,0.008500000461935997
YFR001W,YOR063W,1,-4.0989757,0.8995271921157837,0.7609999775886536,0.008500000461935997
YPL131W,YLR221C,1,-4.1016097,0.8996458053588867,0.7620000243186951,0.008500000461935997
YLR106C,YNL163C,1,-4.110653,0.8997641801834106,0.7630000114440918,0.008500000461935997
YHR068W,YMR143W,0,-4.111126,0.8987043499946594,0.7630000114440918,0.00860000029206276
YMR314W,YER094C,0,-4.1147604,0.8976470828056335,0.7630000114440918,0.008700000122189522
YIL019W,YGL211W,0,-4.1197305,0.8965922594070435,0.7630000114440918,0.008799999952316284
YMR128W,YHR070W,0,-4.1257505,0.8955398797988892,0.7630000114440918,0.008899999782443047
YKR024C,YLR448W,1,-4.1270943,0.8956623673439026,0.7639999985694885,0.008899999782443047
YPL193W,YPR016C,1,-4.136301,0.8957845568656921,0.7649999856948853,0.008899999782443047
YGR191W,YMR308C,0,-4.1504474,0.8947368264198303,0.7649999856948853,0.008999999612569809
YGR085C,YPR016C,1,-4.1675653,0.894859790802002,0.765999972820282,0.008999999612569809
YOR048C,YGR090W,0,-4.1739955,0.8938156366348267,0.765999972820282,0.009100000374019146
YGL070C,YPL157W,0,-4.1808257,0.8927738666534424,0.765999972820282,0.009200000204145908
YER002W,YLR340W,1,-4.187276,0.8928987383842468,0.7670000195503235,0.009200000204145908
YPL131W,YHR066W,1,-4.1876774,0.8930232524871826,0.7680000066757202,0.009200000204145908
YOR046C,YMR049C,0,-4.191802,0.891986072063446,0.7680000066757202,0.00930000003427267
YNL163C,YEL054C,1,-4.2019176,0.8921113610267639,0.7689999938011169,0.00930000003427267
YDR091C,YLR022C,1,-4.203801,0.8922364115715027,0.7699999809265137,0.00930000003427267
YKR024C,YDR312W,1,-4.2049246,0.8923611044883728,0.7710000276565552,0.00930000003427267
YDL074C,YJR042W,0,-4.2101355,0.8913294672966003,0.7710000276565552,0.009399999864399433
YKR024C,YPR102C,1,-4.2108965,0.8914549946784973,0.7720000147819519,0.009399999864399433
YKR024C,YNL163C,1,-4.2122126,0.8915801644325256,0.7730000019073486,0.009399999864399433
YJL198W,YDR382W,0,-4.2164526,0.8905529975891113,0.7730000019073486,0.009499999694526196
YNL227C,YHR066W,1,-4.217087,0.8906789422035217,0.7739999890327454,0.009499999694526196
YOL144W,YLR075W,1,-4.2181344,0.8908045887947083,0.7749999761581421,0.009499999694526196
YPR132W,YDR023W,0,-4.2216964,0.8897818326950073,0.7749999761581421,0.009600000455975533
YDR418W,YIR012W,1,-4.222992,0.8899082541465759,0.7760000228881836,0.009600000455975533
YJL122W,YNL227C,1,-4.223167,0.8900343775749207,0.7770000100135803,0.009600000455975533
YDR418W,YLR022C,1,-4.2357435,0.8901602029800415,0.777999997138977,0.009600000455975533
YLR448W,YLR022C,1,-4.23581,0.8902857303619385,0.7789999842643738,0.009600000455975533
YKR024C,YEL054C,1,-4.2368584,0.8904109597206116,0.7799999713897705,0.009600000455975533
YDR060W,YNL163C,1,-4.2379427,0.8905358910560608,0.781000018119812,0.009600000455975533
YKR024C,YLR106C,1,-4.24845,0.8906605839729309,0.7820000052452087,0.009600000455975533
YGR145W,YER029C,0,-4.251031,0.8896473050117493,0.7820000052452087,0.009700000286102295
YKR024C,YLR340W,1,-4.2571707,0.8897727131843567,0.7829999923706055,0.009700000286102295
YDR060W,YLR448W,1,-4.2650075,0.8898978233337402,0.7839999794960022,0.009700000286102295
YNL227C,YOL144W,1,-4.267113,0.8900226950645447,0.7850000262260437,0.009700000286102295
YDR060W,YLR340W,1,-4.267449,0.8901472091674805,0.7860000133514404,0.009700000286102295
YLR022C,YFL002C,1,-4.268358,0.8902714848518372,0.7870000004768372,0.009700000286102295
YOR335C,YGL097W,0,-4.273096,0.8892655372619629,0.7870000004768372,0.009800000116229057
YDR418W,YFL002C,1,-4.273305,0.8893905282020569,0.7879999876022339,0.009800000116229057
YJR143C,YJL138C,0,-4.2873955,0.8883877992630005,0.7879999876022339,0.00989999994635582
YNL227C,YGL120C,1,-4.2929196,0.8885135054588318,0.7889999747276306,0.00989999994635582
YOR294W,YER148W,0,-4.295972,0.887514054775238,0.7889999747276306,0.009999999776482582
YMR211W,YOL093W,0,-4.317033,0.8865168690681458,0.7889999747276306,0.010099999606609344
YHR088W,YOR063W,1,-4.3247013,0.8866442441940308,0.7900000214576721,0.010099999606609344
YDR091C,YLR075W,1,-4.327209,0.8867713212966919,0.7910000085830688,0.010099999606609344
YOL144W,YLR340W,1,-4.3297095,0.8868981003761292,0.7919999957084656,0.010099999606609344
YOL077C,YLR075W,1,-4.3319016,0.8870245814323425,0.7929999828338623,0.010099999606609344
YJL087C,YOR004W,0,-4.34144,0.8860335350036621,0.7929999828338623,0.010200000368058681
YOL082W,YLR284C,0,-4.349859,0.8850446343421936,0.7929999828338623,0.010300000198185444
YKL144C,YOR001W,0,-4.354115,0.8840579986572266,0.7929999828338623,0.010400000028312206
YGL111W,YPL131W,1,-4.355013,0.8841871023178101,0.7940000295639038,0.010400000028312206
YDR101C,YDR418W,1,-4.3569517,0.8843159079551697,0.7950000166893005,0.010400000028312206
YAL003W,YBR034C,0,-4.3585663,0.8833333253860474,0.7950000166893005,0.010499999858438969
YHR052W,YLR075W,1,-4.358904,0.8834628462791443,0.7960000038146973,0.010499999858438969
YNL182C,YLR075W,1,-4.360472,0.8835920095443726,0.796999990940094,0.010499999858438969
YLR106C,YPR102C,1,-4.360849,0.8837209343910217,0.7979999780654907,0.010499999858438969
YDR060W,YPR102C,1,-4.3619914,0.883849561214447,0.7990000247955322,0.010499999858438969
YNL182C,YLR340W,1,-4.3652563,0.8839778900146484,0.800000011920929,0.010499999858438969
YER002W,YLR075W,1,-4.367885,0.8841059803962708,0.8009999990463257,0.010499999858438969
YPL132W,YLR069C,0,-4.3709106,0.883131206035614,0.8009999990463257,0.010599999688565731
YHR133C,YDR412W,0,-4.371525,0.8821585774421692,0.8009999990463257,0.010700000450015068
YHR085W,YPL131W,1,-4.375619,0.8822882175445557,0.8019999861717224,0.010700000450015068
YKL068W,YMR229C,0,-4.3849673,0.8813186883926392,0.8019999861717224,0.01080000028014183
YKL009W,YDR418W,1,-4.392296,0.8814489841461182,0.8029999732971191,0.01080000028014183
YBL079W,YGR123C,0,-4.4024158,0.8804824352264404,0.8029999732971191,0.010900000110268593
YLR106C,YIR012W,1,-4.4155636,0.880613386631012,0.8040000200271606,0.010900000110268593
YNL166C,YCL031C,0,-4.4166565,0.8796498775482178,0.8040000200271606,0.010999999940395355
YAL025C,YLR340W,1,-4.423663,0.8797814249992371,0.8050000071525574,0.010999999940395355
YPL131W,YIR012W,1,-4.424301,0.8799126744270325,0.8059999942779541,0.010999999940395355
YDR245W,YDL213C,0,-4.429398,0.8789530992507935,0.8059999942779541,0.011099999770522118
YPL093W,YLR075W,1,-4.429577,0.8790849447250366,0.8069999814033508,0.011099999770522118
YOL077C,YNL227C,1,-4.4418387,0.8792165517807007,0.8080000281333923,0.011099999770522118
YPL093W,YPL193W,1,-4.443758,0.8793478012084961,0.8090000152587891,0.011099999770522118
YKR024C,YGR085C,1,-4.4474115,0.8794788122177124,0.8100000023841858,0.011099999770522118
YLR106C,YOL144W,1,-4.4522448,0.8796095252037048,0.8109999895095825,0.011099999770522118
YNL227C,YLR106C,1,-4.460576,0.8797399997711182,0.8119999766349792,0.011099999770522118
YPL131W,YLR022C,1,-4.464389,0.8798701167106628,0.8130000233650208,0.011099999770522118
YLR401C,YGR094W,0,-4.4721556,0.8789189457893372,0.8130000233650208,0.01119999960064888
YHR085W,YEL054C,1,-4.475539,0.8790496587753296,0.8140000104904175,0.01119999960064888
YER002W,YDR091C,1,-4.4850492,0.8791801333427429,0.8149999976158142,0.01119999960064888
YPL050C,YNL244C,0,-4.485588,0.8782327771186829,0.8149999976158142,0.011300000362098217
YIL035C,YKR026C,0,-4.490595,0.8772873878479004,0.8149999976158142,0.01140000019222498
YER118C,YGR128C,0,-4.4954176,0.8763440847396851,0.8149999976158142,0.011500000022351742
YOR063W,YHR066W,1,-4.500392,0.8764768838882446,0.8159999847412109,0.011500000022351742
YNL227C,YDR060W,1,-4.500767,0.8766094446182251,0.8169999718666077,0.011500000022351742
YLR075W,YFL002C,1,-4.508565,0.8767417073249817,0.8180000185966492,0.011500000022351742
YDR101C,YNL227C,1,-4.5089297,0.8768736720085144,0.8190000057220459,0.011500000022351742
YKR024C,YNL227C,1,-4.5126743,0.8770053386688232,0.8199999928474426,0.011500000022351742
YNL123W,YMR239C,0,-4.517332,0.8760683536529541,0.8199999928474426,0.011599999852478504
YMR140W,YNL025C,0,-4.5306005,0.8751333951950073,0.8199999928474426,0.011699999682605267
YNL163C,YFL002C,1,-4.5320187,0.8752665519714355,0.8209999799728394,0.011699999682605267
YNL227C,YER126C,1,-4.5333605,0.8753993511199951,0.8220000267028809,0.011699999682605267
YFR001W,YNL163C,1,-4.5334673,0.8755319118499756,0.8230000138282776,0.011699999682605267
YLR221C,YDR312W,1,-4.5358887,0.8756641745567322,0.8240000009536743,0.011699999682605267
YPR010C,YDL084W,0,-4.5389996,0.8747345805168152,0.8240000009536743,0.011800000444054604
YOL151W,YNL202W,0,-4.540206,0.8738070130348206,0.8240000009536743,0.011900000274181366
YLR167W,YPR074C,0,-4.5465627,0.8728813529014587,0.8240000009536743,0.012000000104308128
YLR028C,YLR270W,0,-4.5468855,0.8719576597213745,0.8240000009536743,0.01209999993443489
YNL163C,YLR221C,1,-4.563244,0.8720930218696594,0.824999988079071,0.01209999993443489
YOR063W,YIR012W,1,-4.576106,0.8722280859947205,0.8259999752044678,0.01209999993443489
YMR290C,YJL061W,0,-4.5802155,0.8713080286979675,0.8259999752044678,0.012199999764561653
YPL193W,YLR221C,1,-4.5818,0.8714436292648315,0.8270000219345093,0.012199999764561653
YLL009C,YKR065C,0,-4.5904007,0.8705263137817383,0.8270000219345093,0.012299999594688416
YPR137W,YOR295W,0,-4.59612,0.8696109652519226,0.8270000219345093,0.012400000356137753
YBR202W,YER146W,0,-4.597292,0.868697464466095,0.8270000219345093,0.012500000186264515
YHR108W,YPL083C,0,-4.6020093,0.8677859306335449,0.8270000219345093,0.012600000016391277
YOR198C,YEL031W,0,-4.6128397,0.8668763041496277,0.8270000219345093,0.01269999984651804
YLR103C,YJR112W,0,-4.617807,0.8659685850143433,0.8270000219345093,0.012799999676644802
YMR080C,YNL066W,0,-4.6210103,0.8650627732276917,0.8270000219345093,0.012900000438094139
YMR081C,YKL035W,0,-4.6213784,0.8641588091850281,0.8270000219345093,0.013000000268220901
YHR088W,YLR075W,1,-4.62305,0.8643006086349487,0.828000009059906,0.013000000268220901
YLR075W,YLR022C,1,-4.6390986,0.8644421100616455,0.8289999961853027,0.013000000268220901
YMR143W,YER082C,0,-4.6402364,0.8635416626930237,0.8289999961853027,0.013100000098347664
YNL227C,YPL193W,1,-4.6455917,0.8636836409568787,0.8299999833106995,0.013100000098347664
YMR014W,YCR031C,0,-4.6528344,0.8627858757972717,0.8299999833106995,0.013199999928474426
YBR288C,YBL024W,0,-4.655032,0.8618898987770081,0.8299999833106995,0.013299999758601189
YJR097W,YHR206W,0,-4.6555405,0.8609958291053772,0.8299999833106995,0.013399999588727951
YOR198C,YLR314C,0,-4.656608,0.8601036071777344,0.8299999833106995,0.013500000350177288
YDR294C,YJR104C,0,-4.6682096,0.8592132329940796,0.8299999833106995,0.01360000018030405
YLR340W,YHR066W,1,-4.678331,0.8593588471412659,0.8309999704360962,0.01360000018030405
YPL131W,YDR312W,1,-4.679764,0.8595041036605835,0.8320000171661377,0.01360000018030405
YDR303C,YER118C,0,-4.6828284,0.8586171269416809,0.8320000171661377,0.013700000010430813
YNL227C,YDR091C,1,-4.68853,0.8587628602981567,0.8330000042915344,0.013700000010430813
YGL120C,YLR075W,1,-4.691618,0.8589083552360535,0.8339999914169312,0.013700000010430813
YOR236W,YBR143C,0,-4.6980085,0.8580247163772583,0.8339999914169312,0.013799999840557575
YML077W,YIL110W,0,-4.698391,0.8571428656578064,0.8339999914169312,0.013899999670684338
YLR075W,YHR066W,1,-4.6986046,0.8572895526885986,0.8349999785423279,0.013899999670684338
YNL163C,YLR075W,1,-4.704795,0.8574358820915222,0.8360000252723694,0.013899999670684338
YHR197W,YLR075W,1,-4.70679,0.8575819730758667,0.8370000123977661,0.013899999670684338
YHR036W,YBR247C,0,-4.7074738,0.8567041754722595,0.8370000123977661,0.014000000432133675
YIL044C,YGR113W,0,-4.7074842,0.8558282256126404,0.8370000123977661,0.014100000262260437
YPL115C,YGR098C,0,-4.7149286,0.8549540638923645,0.8370000123977661,0.0142000000923872
YKR024C,YOR063W,1,-4.7150817,0.8551020622253418,0.8379999995231628,0.0142000000923872
YDR339C,YML074C,0,-4.7162547,0.8542304039001465,0.8379999995231628,0.014299999922513962
YIL040W,YEL034W,0,-4.726036,0.8533604741096497,0.8379999995231628,0.014399999752640724
YNL123W,YGL169W,0,-4.7266836,0.8524923920631409,0.8379999995231628,0.014499999582767487
YHR088W,YLR340W,1,-4.734887,0.852642297744751,0.8389999866485596,0.014499999582767487
YBL042C,YBR143C,0,-4.7355423,0.851776659488678,0.8389999866485596,0.014600000344216824
YDL209C,YGL169W,0,-4.754128,0.8509127497673035,0.8389999866485596,0.014700000174343586
YGL047W,YBR026C,0,-4.7581058,0.850050687789917,0.8389999866485596,0.014800000004470348
YBR091C,YGL236C,0,-4.7618675,0.8491902947425842,0.8389999866485596,0.01489999983459711
YDR296W,YGR082W,0,-4.763188,0.84833163022995,0.8389999866485596,0.014999999664723873
YGR030C,YBL004W,0,-4.772583,0.8474747538566589,0.8389999866485596,0.01510000042617321
YGL070C,YDR450W,0,-4.7737927,0.8466195464134216,0.8389999866485596,0.015200000256299973
YHL019C,YJR059W,0,-4.774598,0.8457661271095276,0.8389999866485596,0.015300000086426735
YGR162W,YNL064C,0,-4.7765875,0.8449143767356873,0.8389999866485596,0.015399999916553497
YEL018W,YHR148W,0,-4.777583,0.8440644145011902,0.8389999866485596,0.01549999974668026
YPL178W,YDR172W,0,-4.779767,0.843216061592102,0.8389999866485596,0.015599999576807022
YDR404C,YDL111C,0,-4.7800217,0.8423694968223572,0.8389999866485596,0.015699999406933784
YPR186C,YOL124C,0,-4.7876244,0.841524600982666,0.8389999866485596,0.015799999237060547
YGL014W,YNR046W,0,-4.7880235,0.8406813740730286,0.8389999866485596,0.01590000092983246
YGR145W,YDR240C,0,-4.788795,0.8398398160934448,0.8389999866485596,0.01600000075995922
YNL227C,YPR102C,1,-4.7959185,0.8399999737739563,0.8399999737739563,0.01600000075995922
YNL062C,YGR191W,0,-4.799014,0.8391608595848083,0.8399999737739563,0.016100000590085983
YNL163C,YDR418W,1,-4.808033,0.8393213748931885,0.8410000205039978,0.016100000590085983
YDL074C,YCL059C,0,-4.8128376,0.838484525680542,0.8410000205039978,0.016200000420212746
YNR038W,YPL193W,1,-4.8146324,0.8386453986167908,0.8420000076293945,0.016200000420212746
YPR088C,YPL129W,0,-4.817505,0.8378109335899353,0.8420000076293945,0.016300000250339508
YGL012W,YGL253W,0,-4.819698,0.8369781374931335,0.8420000076293945,0.01640000008046627
YDR339C,YIL016W,0,-4.8351526,0.8361469507217407,0.8420000076293945,0.016499999910593033
YAL059W,YDR023W,0,-4.851601,0.8353174328804016,0.8420000076293945,0.016599999740719795
YAL025C,YLR075W,1,-4.853364,0.8354806900024414,0.8429999947547913,0.016599999740719795
YLR106C,YPR016C,1,-4.8534822,0.8356435894966125,0.843999981880188,0.016599999740719795
YGR086C,YPR191W,0,-4.855989,0.8348169922828674,0.843999981880188,0.016699999570846558
YLR106C,YDR312W,1,-4.86069,0.8349802494049072,0.8450000286102295,0.016699999570846558
YJL115W,YKL045W,0,-4.865199,0.8341559767723083,0.8450000286102295,0.01679999940097332
YKL082C,YPR016C,1,-4.8652034,0.834319531917572,0.8460000157356262,0.01679999940097332
YPL193W,YLR022C,1,-4.869524,0.834482729434967,0.847000002861023,0.01679999940097332
YDR158W,YKL081W,0,-4.8719316,0.8336614370346069,0.847000002861023,0.016899999231100082
YKR024C,YPL131W,1,-4.878614,0.8338249921798706,0.8479999899864197,0.016899999231100082
YNL163C,YLR340W,1,-4.885421,0.8339881896972656,0.8489999771118164,0.016899999231100082
YDR101C,YLR075W,1,-4.894428,0.8341511487960815,0.8500000238418579,0.016899999231100082
YJL063C,YEL020W-A,0,-4.8950644,0.8333333134651184,0.8500000238418579,0.017000000923871994
YDL084W,YLR222C,0,-4.9039497,0.832517147064209,0.8500000238418579,0.017100000753998756
YGR118W,YHR060W,0,-4.9085703,0.8317025303840637,0.8500000238418579,0.01720000058412552
YGR120C,YMR236W,0,-4.9113317,0.8308895230293274,0.8500000238418579,0.01730000041425228
YER162C,YBR006W,0,-4.9211607,0.830078125,0.8500000238418579,0.017400000244379044
YOL076W,YLR208W,0,-4.9233155,0.8292682766914368,0.8500000238418579,0.017500000074505806
YIL103W,YNL244C,0,-4.923971,0.8284600377082825,0.8500000238418579,0.01759999990463257
YEL054C,YPL193W,1,-4.9273014,0.8286270499229431,0.8510000109672546,0.01759999990463257
YMR083W,YGL245W,0,-4.927577,0.8278210163116455,0.8510000109672546,0.01769999973475933
YDR198C,YDR303C,0,-4.9329267,0.8270165324211121,0.8510000109672546,0.017799999564886093
YDR302W,YDL081C,0,-4.940577,0.8262135982513428,0.8510000109672546,0.017899999395012856
YDR085C,YPL006W,0,-4.9463525,0.8254122138023376,0.8510000109672546,0.017999999225139618
YGL027C,YER178W,0,-4.9487147,0.8246123790740967,0.8510000109672546,0.01810000091791153
YCR075C,YKL148C,0,-4.9499917,0.8238141536712646,0.8510000109672546,0.018200000748038292
YKL004W,YBR029C,0,-4.960751,0.823017418384552,0.8510000109672546,0.018300000578165054
YIL021W,YDL130W,0,-4.966036,0.8222222328186035,0.8510000109672546,0.018400000408291817
YPL227C,YMR241W,0,-4.9696016,0.8214285969734192,0.8510000109672546,0.01850000023841858
YJL122W,YLR075W,1,-4.974706,0.8216007947921753,0.8519999980926514,0.01850000023841858
YDL024C,YHR096C,0,-4.975024,0.8208092451095581,0.8519999980926514,0.01860000006854534
YER112W,YBR084W,0,-4.988105,0.8200192451477051,0.8519999980926514,0.018699999898672104
YHR143W-A,YOR315W,0,-4.9889555,0.8192307949066162,0.8519999980926514,0.018799999728798866
YMR277W,YDR429C,0,-4.9930167,0.818443775177002,0.8519999980926514,0.01889999955892563
YNL227C,YIR012W,1,-4.9965606,0.8186180591583252,0.8529999852180481,0.01889999955892563
YPL093W,YLR340W,1,-4.999282,0.818791925907135,0.8539999723434448,0.01889999955892563
YLR075W,YKL082C,1,-5.0075493,0.818965494632721,0.8550000190734863,0.01889999955892563
YLR340W,YDR312W,1,-5.008095,0.819138765335083,0.8560000061988831,0.01889999955892563
YJR112W,YBL039C,0,-5.008299,0.8183556199073792,0.8560000061988831,0.01899999938905239
YKR024C,YPR016C,1,-5.0131364,0.8185291290283203,0.8569999933242798,0.01899999938905239
YDL229W,YMR243C,0,-5.015316,0.8177480697631836,0.8569999933242798,0.019099999219179153
YLR075W,YDR312W,1,-5.0161233,0.8179218173027039,0.8579999804496765,0.019099999219179153
YPL131W,YKL082C,1,-5.0219784,0.8180952668190002,0.859000027179718,0.019099999219179153
YMR285C,YMR239C,0,-5.0264864,0.8173168301582336,0.859000027179718,0.019200000911951065
YJR068W,YCR031C,0,-5.030336,0.8165399432182312,0.859000027179718,0.019300000742077827
YDR060W,YDR418W,1,-5.0335627,0.8167141675949097,0.8600000143051147,0.019300000742077827
YOR067C,YLR459W,0,-5.0337114,0.8159393072128296,0.8600000143051147,0.01940000057220459
YPR033C,YJL138C,0,-5.039091,0.8151658773422241,0.8600000143051147,0.019500000402331352
YLR129W,YHR133C,0,-5.0398526,0.814393937587738,0.8600000143051147,0.019600000232458115
YDR016C,YNL135C,0,-5.0400767,0.8136234879493713,0.8600000143051147,0.019700000062584877
YLR075W,YIR012W,1,-5.050495,0.8137996196746826,0.8610000014305115,0.019700000062584877
YDR511W,YKL053C-A,0,-5.0505495,0.8130311369895935,0.8610000014305115,0.01979999989271164
YOR063W,YDR312W,1,-5.0544662,0.8132075667381287,0.8619999885559082,0.01979999989271164
YPR144C,YOR297C,0,-5.0611515,0.8124411106109619,0.8619999885559082,0.019899999722838402
YGR200C,YDR292C,0,-5.06141,0.8116760849952698,0.8619999885559082,0.019999999552965164
YJR031C,YKR082W,0,-5.062419,0.8109124898910522,0.8619999885559082,0.020099999383091927
YDR516C,YLL041C,0,-5.0627494,0.8101503849029541,0.8619999885559082,0.02019999921321869
YMR309C,YML115C,0,-5.065043,0.8093896508216858,0.8619999885559082,0.0203000009059906
YDL166C,YDL212W,0,-5.068045,0.8086304068565369,0.8619999885559082,0.020400000736117363
YOR168W,YLR183C,0,-5.0707192,0.8078725337982178,0.8619999885559082,0.020500000566244125
YJL098W,YBL052C,0,-5.0758357,0.8071160912513733,0.8619999885559082,0.020600000396370888
YNL227C,YPR016C,1,-5.0780406,0.8072965145111084,0.8629999756813049,0.020600000396370888
YNR017W,YLL034C,0,-5.0834785,0.8065420389175415,0.8629999756813049,0.02070000022649765
YHR069C,YPL129W,0,-5.084915,0.8057889938354492,0.8629999756813049,0.020800000056624413
YLR405W,YER171W,0,-5.089383,0.8050373196601868,0.8629999756813049,0.020899999886751175
YDR516C,YGR044C,0,-5.0903053,0.8042870163917542,0.8629999756813049,0.020999999716877937
YDR385W,YDL095W,0,-5.0912023,0.8035382032394409,0.8629999756813049,0.0210999995470047
YMR235C,YJL191W,0,-5.0918403,0.8027907013893127,0.8629999756813049,0.021199999377131462
YHR027C,YKL126W,0,-5.092784,0.8020446300506592,0.8629999756813049,0.021299999207258224
YDR168W,YDR394W,0,-5.1008267,0.8012999296188354,0.8629999756813049,0.021400000900030136
YBR121C,YOL093W,0,-5.104536,0.8005566000938416,0.8629999756813049,0.0215000007301569
YJL134W,YJL198W,0,-5.1108785,0.7998146414756775,0.8629999756813049,0.02160000056028366
YMR033W,YDR449C,0,-5.120597,0.7990740537643433,0.8629999756813049,0.021700000390410423
YDL166C,YNR017W,0,-5.1217866,0.7983348965644836,0.8629999756813049,0.021800000220537186
YDL208W,YFR037C,0,-5.122697,0.7975970506668091,0.8629999756813049,0.021900000050663948
YLR105C,YLR435W,0,-5.124276,0.7968605756759644,0.8629999756813049,0.02199999988079071
YGL043W,YER122C,0,-5.131127,0.7961254715919495,0.8629999756813049,0.022099999710917473
YPL037C,YDR045C,0,-5.138167,0.7953916788101196,0.8629999756813049,0.022199999541044235
YJR042W,YLR196W,0,-5.1431365,0.7946593165397644,0.8629999756813049,0.022299999371170998
YDR194C,YMR125W,0,-5.1437407,0.7939282655715942,0.8629999756813049,0.02239999920129776
YPR112C,YDL043C,0,-5.146103,0.7931985259056091,0.8629999756813049,0.02250000089406967
YPR033C,YIL147C,0,-5.1494246,0.7924701571464539,0.8629999756813049,0.022600000724196434
YNL221C,YBR030W,0,-5.160386,0.7917430996894836,0.8629999756813049,0.022700000554323196
YBL042C,YOR224C,0,-5.160845,0.7910174131393433,0.8629999756813049,0.02280000038444996
YGR057C,YGL211W,0,-5.1642613,0.7902930378913879,0.8629999756813049,0.02290000021457672
YNR027W,YOL097C,0,-5.167016,0.7895699739456177,0.8629999756813049,0.023000000044703484
YER019C-A,YKL081W,0,-5.1679826,0.7888482809066772,0.8629999756813049,0.023099999874830246
YPL069C,YGR128C,0,-5.176089,0.7881278395652771,0.8629999756813049,0.02319999970495701
YNL163C,YLR022C,1,-5.1793714,0.7883211970329285,0.8640000224113464,0.02319999970495701
YDR037W,YPR186C,0,-5.1796436,0.7876025438308716,0.8640000224113464,0.02329999953508377
YOR150W,YML025C,1,-5.181112,0.7877960205078125,0.8650000095367432,0.02329999953508377
YLR074C,YDR211W,0,-5.1867313,0.7870791554450989,0.8650000095367432,0.023399999365210533
YDL113C,YNL098C,0,-5.1872015,0.7863636612892151,0.8650000095367432,0.023499999195337296
YPL037C,YMR239C,0,-5.1947904,0.7856494188308716,0.8650000095367432,0.023600000888109207
YGL044C,YDR167W,0,-5.1948113,0.7849364876747131,0.8650000095367432,0.02370000071823597
YNR027W,YGL112C,0,-5.1949587,0.7842248678207397,0.8650000095367432,0.023800000548362732
YKR024C,YLR075W,1,-5.1961937,0.7844203114509583,0.8659999966621399,0.023800000548362732
YKL004W,YFL045C,0,-5.1973248,0.7837104201316833,0.8659999966621399,0.023900000378489494
YGL047W,YGR008C,0,-5.2062387,0.7830017805099487,0.8659999966621399,0.024000000208616257
YLR330W,YBL056W,0,-5.2091966,0.782294511795044,0.8659999966621399,0.02410000003874302
YMR116C,YPR051W,0,-5.2193584,0.7815884351730347,0.8659999966621399,0.02419999986886978
YNL163C,YPL193W,1,-5.2214694,0.7817853689193726,0.8669999837875366,0.02419999986886978
YGR152C,YHR039C-A,0,-5.2226686,0.7810810804367065,0.8669999837875366,0.024299999698996544
YLR270W,YPL159C,0,-5.22348,0.7803780436515808,0.8669999837875366,0.024399999529123306
YLR285W,YDR489W,0,-5.231274,0.7796762585639954,0.8669999837875366,0.02449999935925007
YLR102C,YNL160W,0,-5.232076,0.7789757251739502,0.8669999837875366,0.02459999918937683
YBR243C,YDR400W,0,-5.2366815,0.7782765030860901,0.8669999837875366,0.024700000882148743
YJL117W,YBR143C,0,-5.2477226,0.7775784730911255,0.8669999837875366,0.024800000712275505
YMR229C,YDR489W,0,-5.2501516,0.7768816947937012,0.8669999837875366,0.024900000542402267
YMR128W,YGR276C,0,-5.2521834,0.7761862277984619,0.8669999837875366,0.02500000037252903
YGR104C,YMR077C,0,-5.2568073,0.7754919528961182,0.8669999837875366,0.025100000202655792
YOR267C,YOR347C,0,-5.256884,0.7747989296913147,0.8669999837875366,0.025200000032782555
YML034W,YMR313C,0,-5.260389,0.7741071581840515,0.8669999837875366,0.025299999862909317
YOR061W,YIL103W,0,-5.2610483,0.7734165787696838,0.8669999837875366,0.02539999969303608
YNL227C,YPL131W,1,-5.2635202,0.7736185193061829,0.8679999709129333,0.02539999969303608
YLR330W,YDR145W,0,-5.2694216,0.7729296684265137,0.8679999709129333,0.025499999523162842
YBL057C,YGR104C,0,-5.2709284,0.77224200963974,0.8679999709129333,0.025599999353289604
YDR385W,YDR302W,0,-5.2726927,0.7715555429458618,0.8679999709129333,0.025699999183416367
YNL233W,YNL206C,0,-5.274781,0.7708703279495239,0.8679999709129333,0.025800000876188278
YKL004W,YGL255W,0,-5.2750807,0.7701863646507263,0.8679999709129333,0.02590000070631504
YLR401C,YKL120W,0,-5.2770967,0.7695035338401794,0.8679999709129333,0.026000000536441803
YGL029W,YDR414C,0,-5.2895317,0.7688219547271729,0.8679999709129333,0.026100000366568565
YOR001W,YGR020C,0,-5.2946024,0.7681415677070618,0.8679999709129333,0.026200000196695328
YOR198C,YOR326W,0,-5.294835,0.767462432384491,0.8679999709129333,0.02630000002682209
YHR183W,YIL018W,0,-5.296694,0.7667844295501709,0.8679999709129333,0.026399999856948853
YGL048C,YAL030W,0,-5.2999306,0.7661076784133911,0.8679999709129333,0.026499999687075615
YLL021W,YGR094W,0,-5.303395,0.7654321193695068,0.8679999709129333,0.026599999517202377
YDR194C,YDR346C,0,-5.3062954,0.7647576928138733,0.8679999709129333,0.02669999934732914
YKL186C,YER029C,0,-5.30848,0.76408451795578,0.8679999709129333,0.026799999177455902
YDL209C,YHR089C,0,-5.3114877,0.7634124755859375,0.8679999709129333,0.026900000870227814
YIL035C,YBR084W,0,-5.3133774,0.7627416253089905,0.8679999709129333,0.027000000700354576
YEL054C,YKL082C,1,-5.316693,0.7629499435424805,0.8690000176429749,0.027000000700354576
YPL048W,YOR122C,0,-5.3168945,0.7622807025909424,0.8690000176429749,0.02710000053048134
YLR028C,YLR201C,0,-5.3235598,0.761612594127655,0.8690000176429749,0.0272000003606081
YKR024C,YPL193W,1,-5.324458,0.7618213891983032,0.8700000047683716,0.0272000003606081
YBL079W,YGR195W,0,-5.327687,0.76115483045578,0.8700000047683716,0.027300000190734863
YNL207W,YGL232W,0,-5.3311434,0.7604895234107971,0.8700000047683716,0.027400000020861626
YDR364C,YGR245C,0,-5.3311462,0.7598253488540649,0.8700000047683716,0.027499999850988388
YNL227C,YLR022C,1,-5.3342752,0.7600349187850952,0.8709999918937683,0.027499999850988388
YLR340W,YLR022C,1,-5.338248,0.7602441310882568,0.871999979019165,0.027499999850988388
YJR001W,YAR007C,0,-5.3410506,0.7595818638801575,0.871999979019165,0.02759999968111515
YOR236W,YGL061C,0,-5.342409,0.7589207887649536,0.871999979019165,0.027699999511241913
YOL071W,YLR206W,0,-5.348276,0.7582608461380005,0.871999979019165,0.027799999341368675
YDL166C,YDR201W,0,-5.353574,0.7576020956039429,0.871999979019165,0.027899999171495438
YOR063W,YLR022C,1,-5.3554296,0.7578125,0.8730000257492065,0.027899999171495438
YMR309C,YLR071C,0,-5.3589354,0.7571552395820618,0.8730000257492065,0.02800000086426735
YJL020C,YPL119C,0,-5.367795,0.7564991116523743,0.8730000257492065,0.02810000069439411
YIL035C,YOL125W,0,-5.368219,0.7558441758155823,0.8730000257492065,0.028200000524520874
YJR147W,YPL243W,0,-5.371457,0.7551903128623962,0.8730000257492065,0.028300000354647636
YNR016C,YGR286C,0,-5.373709,0.7545375823974609,0.8730000257492065,0.0284000001847744
YHR107C,YCL031C,0,-5.3742332,0.7538859844207764,0.8730000257492065,0.02850000001490116
YPR023C,YML048W,0,-5.375469,0.7532355189323425,0.8730000257492065,0.028599999845027924
YDL093W,YJL080C,0,-5.3811646,0.7525861859321594,0.8730000257492065,0.028699999675154686
YEL053C,YGR214W,0,-5.381234,0.751937985420227,0.8730000257492065,0.02879999950528145
YJR043C,YOR294W,0,-5.393144,0.7512908577919006,0.8730000257492065,0.02889999933540821
YGL027C,YJR040W,0,-5.3964214,0.750644862651825,0.8730000257492065,0.028999999165534973
YBL018C,YDL130W,0,-5.403401,0.75,0.8730000257492065,0.029100000858306885
YOR250C,YIL154C,0,-5.404193,0.749356210231781,0.8730000257492065,0.029200000688433647
YNL227C,YLR448W,1,-5.4095793,0.7495712041854858,0.8740000128746033,0.029200000688433647
YJL014W,YER118C,0,-5.409594,0.7489289045333862,0.8740000128746033,0.02930000051856041
YER002W,YPL193W,1,-5.409692,0.7491438388824463,0.875,0.02930000051856041
YJL125C,YJR055W,0,-5.4108467,0.7485029697418213,0.875,0.029400000348687172
YDL226C,YJR040W,0,-5.412571,0.747863233089447,0.875,0.029500000178813934
YBR041W,YLR069C,0,-5.413253,0.7472245693206787,0.875,0.029600000008940697
YDR418W,YDR312W,1,-5.4138927,0.7474402785301208,0.8759999871253967,0.029600000008940697
YCR031C,YHL007C,0,-5.4292583,0.7468030452728271,0.8759999871253967,0.02969999983906746
YNL066W,YPL144W,0,-5.4296374,0.7461669445037842,0.8759999871253967,0.02979999966919422
YEL022W,YKR057W,0,-5.42977,0.7455319166183472,0.8759999871253967,0.029899999499320984
YPL193W,YDR312W,1,-5.435004,0.7457482814788818,0.8769999742507935,0.029899999499320984
YMR014W,YGL116W,0,-5.4380674,0.7451146841049194,0.8769999742507935,0.029999999329447746
YHR118C,YKR060W,0,-5.439933,0.744482159614563,0.8769999742507935,0.03009999915957451
YPR033C,YPL218W,0,-5.441082,0.7438507080078125,0.8769999742507935,0.03020000085234642
YOL082W,YOL089C,0,-5.4437766,0.743220329284668,0.8769999742507935,0.030300000682473183
YDR211W,YML019W,0,-5.4461,0.7425910234451294,0.8769999742507935,0.030400000512599945
YML081C-A,YPL098C,0,-5.4470925,0.7419627904891968,0.8769999742507935,0.030500000342726707
YBR247C,YJR143C,0,-5.448384,0.7413355708122253,0.8769999742507935,0.03060000017285347
YER056C,YNL292W,0,-5.4541883,0.7407094836235046,0.8769999742507935,0.030700000002980232
YNR027W,YDR245W,0,-5.4561653,0.7400844097137451,0.8769999742507935,0.030799999833106995
YIL038C,YDR120C,0,-5.4593363,0.7394603490829468,0.8769999742507935,0.030899999663233757
YFR051C,YFR037C,0,-5.461384,0.7388374209403992,0.8769999742507935,0.03099999949336052
YJR143C,YDR280W,0,-5.4628344,0.7382155060768127,0.8769999742507935,0.031099999323487282
YCL011C,YBR257W,0,-5.4664783,0.7375946044921875,0.8769999742507935,0.031199999153614044
YPL098C,YGR172C,0,-5.467638,0.7369747757911682,0.8769999742507935,0.031300000846385956
YBL002W,YGR020C,0,-5.467912,0.7363560199737549,0.8769999742507935,0.03139999881386757
YFR037C,YDL153C,0,-5.4701777,0.7357382774353027,0.8769999742507935,0.03150000050663948
YDR037W,YBR205W,0,-5.4736333,0.7351215481758118,0.8769999742507935,0.031599998474121094
YOR078W,YOL094C,0,-5.4746943,0.7345058917999268,0.8769999742507935,0.031700000166893005
YLR314C,YDR176W,0,-5.4777603,0.7338911890983582,0.8769999742507935,0.03180000185966492
YOL139C,YGL020C,0,-5.477832,0.7332776188850403,0.8769999742507935,0.03189999982714653
YBR080C,YBL007C,0,-5.4847536,0.7326650023460388,0.8769999742507935,0.03200000151991844
YER119C,YLL006W,0,-5.4878902,0.7320533990859985,0.8769999742507935,0.032099999487400055
YHR077C,YKL014C,0,-5.48988,0.7314428687095642,0.8769999742507935,0.03220000118017197
YOR224C,YPL063W,0,-5.4909935,0.7308333516120911,0.8769999742507935,0.03229999914765358
YHR074W,YDL224C,0,-5.495629,0.7302247881889343,0.8769999742507935,0.03240000084042549
YGL211W,YOL128C,0,-5.497351,0.7296172976493835,0.8769999742507935,0.032499998807907104
YPR021C,YML110C,0,-5.500037,0.729010820388794,0.8769999742507935,0.032600000500679016
YDR264C,YOR316C,0,-5.5021467,0.7284052968025208,0.8769999742507935,0.03269999846816063
YER122C,YLR409C,0,-5.5036225,0.7278008460998535,0.8769999742507935,0.03280000016093254
YLR106C,YPL193W,1,-5.5081987,0.7280265092849731,0.878000020980835,0.03280000016093254
YOR142W,YCL033C,0,-5.5099077,0.727423369884491,0.878000020980835,0.03290000185370445
YDR022C,YDL078C,0,-5.510338,0.7268211841583252,0.878000020980835,0.032999999821186066
YML013W,YOL110W,0,-5.513541,0.7262200117111206,0.878000020980835,0.03310000151395798
YGR085C,YPL193W,1,-5.514823,0.726446270942688,0.8790000081062317,0.03310000151395798
YBL019W,YDR329C,0,-5.5149217,0.7258464097976685,0.8790000081062317,0.03319999948143959
YNL156C,YJR059W,0,-5.516737,0.7252475023269653,0.8790000081062317,0.0333000011742115
YML046W,YLR196W,0,-5.5183372,0.7246496081352234,0.8790000081062317,0.033399999141693115
YNL192W,YDL077C,0,-5.530074,0.7240527272224426,0.8790000081062317,0.03350000083446503
YEL042W,YGR020C,0,-5.532261,0.7234567999839783,0.8790000081062317,0.03359999880194664
YLR361C,YJR013W,0,-5.534826,0.7228618264198303,0.8790000081062317,0.03370000049471855
YGR244C,YKR001C,0,-5.536898,0.7222678661346436,0.8790000081062317,0.033799998462200165
YCR055C,YDL060W,0,-5.5407753,0.7216748595237732,0.8790000081062317,0.033900000154972076
YDL081C,YLL021W,0,-5.547228,0.721082866191864,0.8790000081062317,0.03400000184774399
YGL257C,YOL097C,0,-5.5571165,0.7204918265342712,0.8790000081062317,0.0340999998152256
YDR045C,YGL135W,0,-5.5584555,0.7199017405509949,0.8790000081062317,0.03420000150799751
YDR071C,YOR182C,0,-5.560032,0.7193126082420349,0.8790000081062317,0.034299999475479126
YPL169C,YOL097C,0,-5.570528,0.7187244296073914,0.8790000081062317,0.03440000116825104
YJL036W,YJL141C,0,-5.5710874,0.718137264251709,0.8790000081062317,0.03449999913573265
YIL016W,YDR167W,0,-5.5735526,0.7175509929656982,0.8790000081062317,0.03460000082850456
YLR399C,YPL057C,0,-5.574787,0.7169657349586487,0.8790000081062317,0.034699998795986176
YLR002C,YIL018W,0,-5.5755405,0.7163814306259155,0.8790000081062317,0.03480000048875809
YML046W,YMR241W,0,-5.576535,0.715798020362854,0.8790000081062317,0.0348999984562397
YIL033C,YER177W,0,-5.580118,0.7152156233787537,0.8790000081062317,0.03500000014901161
YLR448W,YPL193W,1,-5.5844193,0.7154471278190613,0.8799999952316284,0.03500000014901161
YJR125C,YPR108W,0,-5.591717,0.7148659825325012,0.8799999952316284,0.035100001841783524
YKR036C,YPL160W,0,-5.5932684,0.7142857313156128,0.8799999952316284,0.03519999980926514
YPL244C,YPL212C,0,-5.595024,0.7137064337730408,0.8799999952316284,0.03530000150203705
YLR109W,YBR173C,0,-5.5959225,0.7131280303001404,0.8799999952316284,0.03539999946951866
YNL173C,YBL022C,0,-5.5979652,0.7125505805015564,0.8799999952316284,0.03550000116229057
YJR125C,YDL130W-A,0,-5.6010528,0.7119740843772888,0.8799999952316284,0.035599999129772186
YDR404C,YGL135W,0,-5.614051,0.7113985419273376,0.8799999952316284,0.0357000008225441
YLR106C,YLR022C,1,-5.6148486,0.7116316556930542,0.8809999823570251,0.0357000008225441
YLR074C,YMR277W,0,-5.615161,0.7110573053359985,0.8809999823570251,0.03579999879002571
YMR173W,YHR030C,0,-5.6184034,0.7104838490486145,0.8809999823570251,0.03590000048279762
YDR358W,YAL017W,0,-5.621208,0.7099113464355469,0.8809999823570251,0.035999998450279236
YJR052W,YOR275C,0,-5.6234665,0.7093397974967957,0.8809999823570251,0.03610000014305115
YIL009C-A,YOL026C,0,-5.623644,0.7087690830230713,0.8809999823570251,0.03620000183582306
YNR007C,YHR004C,0,-5.624282,0.7081993818283081,0.8809999823570251,0.03629999980330467
YKL185W,YMR199W,0,-5.6265345,0.7076305150985718,0.8809999823570251,0.036400001496076584
YHL019C,YOL065C,0,-5.629073,0.7070626020431519,0.8809999823570251,0.0364999994635582
YAR014C,YGR030C,0,-5.630514,0.7064955830574036,0.8809999823570251,0.03660000115633011
YCR058C,YDL201W,0,-5.633654,0.7059294581413269,0.8809999823570251,0.03669999912381172
YJL011C,YER087C-B,0,-5.636635,0.7053642868995667,0.8809999823570251,0.03680000081658363
YIL079C,YIL009W,0,-5.6410093,0.704800009727478,0.8809999823570251,0.03689999878406525
YEL003W,YNR003C,0,-5.6432395,0.704236626625061,0.8809999823570251,0.03700000047683716
YPR102C,YPL193W,1,-5.64739,0.7044728398323059,0.8820000290870667,0.03700000047683716
YAL035W,YPL016W,0,-5.648956,0.7039105892181396,0.8820000290870667,0.03709999844431877
YFR050C,YML001W,0,-5.6541557,0.7033492922782898,0.8820000290870667,0.03720000013709068
YJL167W,YJR068W,0,-5.654415,0.7027888298034668,0.8820000290870667,0.037300001829862595
YHR143W,YKR028W,0,-5.6578016,0.7022293210029602,0.8820000290870667,0.03739999979734421
YHR129C,YNL023C,0,-5.6621766,0.7016706466674805,0.8820000290870667,0.03750000149011612
YCR024C-A,YHR026W,0,-5.665381,0.7011128664016724,0.8820000290870667,0.03759999945759773
YOR326W,YMR309C,0,-5.6671095,0.7005559802055359,0.8820000290870667,0.037700001150369644
YKR028W,YNL121C,0,-5.6698413,0.699999988079071,0.8820000290870667,0.03779999911785126
YIL085C,YKL154W,0,-5.6698446,0.6994448900222778,0.8820000290870667,0.03790000081062317
YIL009C-A,YOR115C,0,-5.670246,0.6988906264305115,0.8820000290870667,0.03799999877810478
YJR144W,YOL005C,0,-5.6723204,0.6983373165130615,0.8820000290870667,0.038100000470876694
YML094W,YLR438C-A,0,-5.673443,0.6977847814559937,0.8820000290870667,0.03819999843835831
YLL022C,YOL080C,0,-5.67625,0.6972332000732422,0.8820000290870667,0.03830000013113022
YOR294W,YHR205W,0,-5.678611,0.6966824531555176,0.8820000290870667,0.03840000182390213
YML019W,YGR082W,0,-5.683658,0.6961326003074646,0.8820000290870667,0.03849999979138374
YER019C-A,YGL097W,0,-5.68559,0.6955835819244385,0.8820000290870667,0.038600001484155655
YER146W,YPL124W,0,-5.6867013,0.695035457611084,0.8820000290870667,0.03869999945163727
YNL135C,YBR118W,0,-5.6947484,0.6944881677627563,0.8820000290870667,0.03880000114440918
YOR119C,YLR275W,0,-5.695974,0.6939417719841003,0.8820000290870667,0.03889999911189079
YMR033W,YDR121W,0,-5.696272,0.6933962106704712,0.8820000290870667,0.039000000804662704
YPR132W,YOR297C,0,-5.698204,0.6928515434265137,0.8820000290870667,0.03909999877214432
YBL057C,YLR200W,0,-5.7036123,0.692307710647583,0.8820000290870667,0.03920000046491623
YDL043C,YNL064C,0,-5.7046843,0.6917647123336792,0.8820000290870667,0.03929999843239784
YNL023C,YGR191W,0,-5.705694,0.6912225484848022,0.8820000290870667,0.039400000125169754
YBR015C,YDR324C,0,-5.706479,0.6906812787055969,0.8820000290870667,0.039500001817941666
YER020W,YOR347C,0,-5.7089663,0.6901408433914185,0.8820000290870667,0.03959999978542328
YOR236W,YDR023W,0,-5.713154,0.6896012425422668,0.8820000290870667,0.03970000147819519
YEL053C,YIL038C,0,-5.715842,0.6890624761581421,0.8820000290870667,0.039799999445676804
YML126C,YHR086W,0,-5.7179184,0.688524603843689,0.8820000290870667,0.039900001138448715
YDR194C,YMR293C,0,-5.7199345,0.6879875063896179,0.8820000290870667,0.03999999910593033
YKL143W,YIL016W,0,-5.7212744,0.6874513030052185,0.8820000290870667,0.04010000079870224
YLR285W,YHR072W-A,0,-5.723836,0.6869158744812012,0.8820000290870667,0.04019999876618385
YJL061W,YGL070C,0,-5.7244663,0.6863813400268555,0.8820000290870667,0.040300000458955765
YMR290C,YMR268C,0,-5.7248125,0.6858475804328918,0.8820000290870667,0.04039999842643738
YCR020W-B,YOR281C,0,-5.7249556,0.6853147149085999,0.8820000290870667,0.04050000011920929
YHR098C,YGL049C,0,-5.7303486,0.6847826242446899,0.8820000290870667,0.0406000018119812
YLR347C,YNL123W,0,-5.7309003,0.6842513680458069,0.8820000290870667,0.040699999779462814
YDR062W,YDL213C,0,-5.7313166,0.6837209463119507,0.8820000290870667,0.040800001472234726
YIL038C,YBR055C,0,-5.735325,0.6831912994384766,0.8820000290870667,0.04089999943971634
YJL124C,YML019W,0,-5.737416,0.6826625466346741,0.8820000290870667,0.04100000113248825
YOL076W,YMR229C,0,-5.74043,0.6821345686912537,0.8820000290870667,0.041099999099969864
YCL011C,YHR026W,0,-5.7417974,0.6816074252128601,0.8820000290870667,0.041200000792741776
YGR008C,YGL096W,0,-5.743578,0.6810810565948486,0.8820000290870667,0.04129999876022339
YIL124W,YPR108W,0,-5.745287,0.6805555820465088,0.8820000290870667,0.0414000004529953
YPL096W,YDL097C,0,-5.7467732,0.6800308227539062,0.8820000290870667,0.04149999842047691
YML004C,YPL120W,0,-5.7483797,0.6795069575309753,0.8820000290870667,0.041600000113248825
YPL037C,YPR010C,0,-5.7513885,0.6789838075637817,0.8820000290870667,0.04170000180602074
YPL249C,YKL126W,0,-5.751788,0.6784615516662598,0.8820000290870667,0.04179999977350235
YDR147W,YHR205W,0,-5.752163,0.6779400706291199,0.8820000290870667,0.04190000146627426
YDL153C,YPL063W,0,-5.7546415,0.6774193644523621,0.8820000290870667,0.041999999433755875
YJL024C,YDR092W,0,-5.7569304,0.6768994331359863,0.8820000290870667,0.042100001126527786
YJR084W,YPL031C,0,-5.7603807,0.6763803958892822,0.8820000290870667,0.0421999990940094
YOR109W,YGR241C,0,-5.7622595,0.6758620738983154,0.8820000290870667,0.04230000078678131
YPL270W,YOR014W,0,-5.7631536,0.6753445863723755,0.8820000290870667,0.042399998754262924
YGR165W,YER154W,0,-5.763172,0.6748278737068176,0.8820000290870667,0.042500000447034836
YJL209W,YGL099W,0,-5.764267,0.6743119359016418,0.8820000290870667,0.04259999841451645
YJL168C,YLR249W,0,-5.76434,0.6737967729568481,0.8820000290870667,0.04270000010728836
YNL080C,YML031W,0,-5.766125,0.6732824444770813,0.8820000290870667,0.04280000180006027
YIL021W,YOR216C,0,-5.770074,0.6727688908576965,0.8820000290870667,0.042899999767541885
YPR199C,YDR516C,0,-5.7704163,0.6722561120986938,0.8820000290870667,0.0430000014603138
YLR201C,YEL013W,0,-5.770526,0.6717441082000732,0.8820000290870667,0.04309999942779541
YLR096W,YOR243C,0,-5.771062,0.6712328791618347,0.8820000290870667,0.04320000112056732
YNL048W,YKL057C,0,-5.7743044,0.6707224249839783,0.8820000290870667,0.043299999088048935
YDL051W,YOL054W,0,-5.7752533,0.6702127456665039,0.8820000290870667,0.04340000078082085
YNL227C,YOR063W,1,-5.777883,0.6704631447792053,0.8830000162124634,0.04340000078082085
YJL124C,YDR025W,0,-5.7805614,0.6699544787406921,0.8830000162124634,0.04349999874830246
YLR106C,YLR075W,1,-5.782326,0.6702046990394592,0.8840000033378601,0.04349999874830246
YML077W,YML074C,0,-5.7841277,0.6696969866752625,0.8840000033378601,0.04360000044107437
YNL227C,YDR418W,1,-5.786029,0.6699470281600952,0.8849999904632568,0.04360000044107437
YCR086W,YNL244C,0,-5.787495,0.6694402694702148,0.8849999904632568,0.043699998408555984
YKR001C,YLR360W,0,-5.7880416,0.6689342260360718,0.8849999904632568,0.043800000101327896
YPR175W,YMR117C,0,-5.789072,0.6684290170669556,0.8849999904632568,0.04390000179409981
YER013W,YGR047C,0,-5.7898264,0.6679245233535767,0.8849999904632568,0.04399999976158142
YMR128W,YJR112W,0,-5.7913036,0.6674208045005798,0.8849999904632568,0.04410000145435333
YPL160W,YIR004W,0,-5.7944145,0.6669178605079651,0.8849999904632568,0.044199999421834946
YHR036W,YGR098C,0,-5.7993374,0.6664156913757324,0.8849999904632568,0.04430000111460686
YNL038W,YNL145W,0,-5.799679,0.6659142374992371,0.8849999904632568,0.04439999908208847
YER177W,YGL227W,0,-5.801715,0.6654135584831238,0.8849999904632568,0.04450000077486038
YBR060C,YDR489W,0,-5.806294,0.6649135947227478,0.8849999904632568,0.044599998742341995
YIL035C,YNL199C,0,-5.8080926,0.6644144058227539,0.8849999904632568,0.04470000043511391
YHR085W,YLR075W,1,-5.80993,0.6646661758422852,0.8859999775886536,0.04470000043511391
YMR319C,YLR249W,0,-5.8113403,0.6641679406166077,0.8859999775886536,0.04479999840259552
YBR072W,YDR129C,0,-5.81141,0.6636704206466675,0.8859999775886536,0.04490000009536743
YOR308C,YPR173C,0,-5.812588,0.6631736755371094,0.8859999775886536,0.04500000178813934
YAL030W,YOR132W,0,-5.813463,0.6626776456832886,0.8859999775886536,0.045099999755620956
YHR072W-A,YJR007W,0,-5.814904,0.6621823906898499,0.8859999775886536,0.04520000144839287
YNL078W,YKL113C,0,-5.818391,0.6616878509521484,0.8859999775886536,0.04529999941587448
YPL037C,YML019W,0,-5.818409,0.6611940264701843,0.8859999775886536,0.04540000110864639
YBL040C,YCR075C,0,-5.8194976,0.6607009768486023,0.8859999775886536,0.045499999076128006
YPR030W,YGR086C,0,-5.8212857,0.6602086424827576,0.8859999775886536,0.04560000076889992
YJL192C,YBL039C,0,-5.8218307,0.6597170233726501,0.8859999775886536,0.04569999873638153
YIL042C,YML029W,0,-5.8235054,0.6592261791229248,0.8859999775886536,0.04580000042915344
YDL153C,YPL083C,0,-5.8249893,0.6587360501289368,0.8859999775886536,0.045899998396635056
YOR094W,YMR220W,0,-5.8250027,0.658246636390686,0.8859999775886536,0.04600000008940697
YGR193C,YDL077C,0,-5.8272886,0.6577579975128174,0.8859999775886536,0.04610000178217888
YOR181W,YOR231W,0,-5.8293657,0.6572700142860413,0.8859999775886536,0.04619999974966049
YNL004W,YGR169C,0,-5.8327575,0.6567828059196472,0.8859999775886536,0.046300001442432404
YOR224C,YER087C-B,0,-5.832979,0.6562963128089905,0.8859999775886536,0.04639999940991402
YNL214W,YOR054C,0,-5.8336735,0.655810534954071,0.8859999775886536,0.04650000110268593
YMR264W,YGL126W,0,-5.834321,0.6553254723548889,0.8859999775886536,0.04659999907016754
YJL157C,YDR280W,0,-5.83564,0.6548410654067993,0.8859999775886536,0.04670000076293945
YDL043C,YER029C,0,-5.836911,0.6543574333190918,0.8859999775886536,0.046799998730421066
YGR220C,YHR170W,1,-5.8398643,0.6546125411987305,0.8870000243186951,0.046799998730421066
YMR127C,YKL014C,0,-5.8438425,0.6541298031806946,0.8870000243186951,0.04690000042319298
YHL019C,YOL082W,0,-5.845599,0.653647780418396,0.8870000243186951,0.04699999839067459
YIL040W,YOR115C,0,-5.845905,0.6531664133071899,0.8870000243186951,0.0471000000834465
YIL079C,YMR033W,0,-5.8475637,0.652685821056366,0.8870000243186951,0.047200001776218414
YOR073W,YPL144W,0,-5.848096,0.6522058844566345,0.8870000243186951,0.04729999974370003
YIR009W,YPL237W,0,-5.8491817,0.6517266631126404,0.8870000243186951,0.04740000143647194
YDR206W,YOL097C,0,-5.8555584,0.6512481570243835,0.8870000243186951,0.04749999940395355
YIL009W,YOR233W,0,-5.8623548,0.650770366191864,0.8870000243186951,0.047600001096725464
YLR449W,YGR147C,0,-5.8643374,0.650293231010437,0.8870000243186951,0.04769999906420708
YGR166W,YOR004W,0,-5.8643723,0.6498168706893921,0.8870000243186951,0.04780000075697899
YEL032W,YJR132W,0,-5.8672667,0.6493411660194397,0.8870000243186951,0.0478999987244606
YDL212W,YJL138C,0,-5.867812,0.6488661170005798,0.8870000243186951,0.04800000041723251
YFR008W,YML007W,0,-5.8685446,0.6483917832374573,0.8870000243186951,0.04809999838471413
YHR059W,YOR295W,0,-5.868949,0.647918164730072,0.8870000243186951,0.04820000007748604
YLR115W,YKR054C,0,-5.869485,0.6474452614784241,0.8870000243186951,0.04830000177025795
YBR243C,YPL160W,0,-5.874981,0.6469730138778687,0.8870000243186951,0.04839999973773956
YDR198C,YDR172W,0,-5.8750896,0.6465014815330505,0.8870000243186951,0.048500001430511475
YGL021W,YMR080C,0,-5.8752947,0.646030604839325,0.8870000243186951,0.04859999939799309
YPR075C,YHR106W,0,-5.8756194,0.6455603837966919,0.8870000243186951,0.048700001090765
YBR279W,YOR089C,0,-5.875742,0.6450909376144409,0.8870000243186951,0.04879999905824661
YDL229W,YPL129W,0,-5.875849,0.6446220874786377,0.8870000243186951,0.048900000751018524
YDR052C,YGR264C,0,-5.8782167,0.6441539525985718,0.8870000243186951,0.04899999871850014
YPL132W,YPL050C,0,-5.8783007,0.6436864733695984,0.8870000243186951,0.04910000041127205
YER020W,YOL065C,0,-5.8802743,0.6432197093963623,0.8870000243186951,0.04919999837875366
YDL166C,YCR024C-A,0,-5.883624,0.6427536010742188,0.8870000243186951,0.049300000071525574
YMR219W,YFL033C,0,-5.883683,0.6422882080078125,0.8870000243186951,0.049400001764297485
YOR094W,YAL003W,0,-5.884757,0.6418234705924988,0.8870000243186951,0.0494999997317791
YNL173C,YPL270W,0,-5.8858747,0.6413593888282776,0.8870000243186951,0.04960000142455101
YMR246W,YHR062C,0,-5.892218,0.6408959627151489,0.8870000243186951,0.04969999939203262
YAL003W,YBR015C,0,-5.8941298,0.6404331922531128,0.8870000243186951,0.049800001084804535
YOR045W,YNR046W,0,-5.8941703,0.639971137046814,0.8870000243186951,0.04989999905228615
YJL081C,YOL145C,0,-5.899977,0.6395097374916077,0.8870000243186951,0.05000000074505806
YDR036C,YOR211C,0,-5.903447,0.6390489935874939,0.8870000243186951,0.05009999871253967
YNL232W,YDL039C,0,-5.9037294,0.6385889053344727,0.8870000243186951,0.050200000405311584
YJL186W,YLR305C,0,-5.9063644,0.638129472732544,0.8870000243186951,0.0502999983727932
YGL191W,YGR080W,0,-5.9092474,0.6376707553863525,0.8870000243186951,0.05040000006556511
YLL006W,YJL036W,0,-5.911289,0.6372126340866089,0.8870000243186951,0.05050000175833702
YNL177C,YBR080C,0,-5.911521,0.6367552280426025,0.8870000243186951,0.050599999725818634
YLR096W,YOL076W,0,-5.912215,0.636298418045044,0.8870000243186951,0.050700001418590546
YPL213W,YDR329C,0,-5.913215,0.6358423233032227,0.8870000243186951,0.05079999938607216
YEL036C,YHR068W,0,-5.9164124,0.6353868246078491,0.8870000243186951,0.05090000107884407
YDR108W,YPL213W,0,-5.917121,0.6349319815635681,0.8870000243186951,0.050999999046325684
YJR063W,YER120W,0,-5.9175367,0.6344778537750244,0.8870000243186951,0.051100000739097595
YNL166C,YJL104W,0,-5.9187775,0.6340243220329285,0.8870000243186951,0.05119999870657921
YOR253W,YNL102W,0,-5.920702,0.633571445941925,0.8870000243186951,0.05130000039935112
YPL112C,YLR321C,0,-5.922371,0.6331192255020142,0.8870000243186951,0.05139999836683273
YML048W,YCL052C,0,-5.9224973,0.632667601108551,0.8870000243186951,0.051500000059604645
YGL137W,YCR067C,0,-5.9228225,0.6322166919708252,0.8870000243186951,0.051600001752376556
YNL231C,YGR152C,0,-5.9238024,0.6317663788795471,0.8870000243186951,0.05169999971985817
YBL057C,YGR072W,0,-5.9244404,0.6313167214393616,0.8870000243186951,0.05180000141263008
YER133W,YGR086C,0,-5.926757,0.6308677196502686,0.8870000243186951,0.051899999380111694
YML036W,YGR276C,0,-5.9268026,0.6304193139076233,0.8870000243186951,0.052000001072883606
YGR098C,YOL004W,0,-5.929926,0.6299715638160706,0.8870000243186951,0.05209999904036522
YLR015W,YEL026W,0,-5.931198,0.6295244693756104,0.8870000243186951,0.05220000073313713
YBR236C,YPL161C,0,-5.933238,0.6290780305862427,0.8870000243186951,0.052299998700618744
YIR008C,YPL129W,0,-5.936387,0.6286321878433228,0.8870000243186951,0.052400000393390656
YPL048W,YML085C,0,-5.9376955,0.6281869411468506,0.8870000243186951,0.05249999836087227
YPL096W,YPL007C,0,-5.943317,0.6277424097061157,0.8870000243186951,0.05260000005364418
YPL218W,YPL083C,0,-5.9442534,0.6272984147071838,0.8870000243186951,0.05270000174641609
YOR130C,YGL252C,0,-5.944783,0.6268551349639893,0.8870000243186951,0.052799999713897705
YPR034W,YCR052W,0,-5.947134,0.6264124512672424,0.8870000243186951,0.05290000140666962
YLR418C,YKL172W,0,-5.947236,0.6259703636169434,0.8870000243186951,0.05299999937415123
YKR063C,YGR078C,0,-5.9480314,0.6255289316177368,0.8870000243186951,0.05310000106692314
YGR044C,YPL042C,0,-5.9482317,0.625088095664978,0.8870000243186951,0.053199999034404755
YNL267W,YIL031W,0,-5.949308,0.6246479153633118,0.8870000243186951,0.053300000727176666
YIL040W,YPL266W,0,-5.9499564,0.6242083311080933,0.8870000243186951,0.05339999869465828
YKL017C,YDR457W,0,-5.9504013,0.6237693428993225,0.8870000243186951,0.05350000038743019
YER019C-A,YML105C,0,-5.9506006,0.6233310103416443,0.8870000243186951,0.053599998354911804
YIL004C,YNL188W,0,-5.951585,0.6228932738304138,0.8870000243186951,0.053700000047683716
YPL254W,YML024W,0,-5.9595194,0.6224561333656311,0.8870000243186951,0.05380000174045563
YER172C,YOL076W,0,-5.960372,0.6220196485519409,0.8870000243186951,0.05389999970793724
YDL153C,YGL243W,0,-5.9613466,0.6215837597846985,0.8870000243186951,0.05400000140070915
YKL081W,YNL121C,0,-5.9626007,0.6211484670639038,0.8870000243186951,0.054099999368190765
YML006C,YLR084C,0,-5.963156,0.6207137703895569,0.8870000243186951,0.05420000106096268
YGR081C,YLR316C,0,-5.9647837,0.6202797293663025,0.8870000243186951,0.05429999902844429
YJR055W,YOL097C,0,-5.9692793,0.6198462843894958,0.8870000243186951,0.0544000007212162
YBR169C,YKR014C,0,-5.970455,0.619413435459137,0.8870000243186951,0.054499998688697815
YMR267W,YBL056W,0,-5.9711113,0.6189811825752258,0.8870000243186951,0.05460000038146973
YDR160W,YDL224C,0,-5.971499,0.6185495257377625,0.8870000243186951,0.05469999834895134
YCL040W,YDR470C,0,-5.973196,0.6181184649467468,0.8870000243186951,0.05480000004172325
YOR267C,YPL089C,0,-5.9738073,0.617688000202179,0.8870000243186951,0.05490000173449516
YER122C,YGL169W,0,-5.9763584,0.6172581911087036,0.8870000243186951,0.054999999701976776
YJR118C,YDL120W,0,-5.9770255,0.6168289184570312,0.8870000243186951,0.05510000139474869
YNL232W,YBR058C,0,-5.977349,0.6164003014564514,0.8870000243186951,0.0551999993622303
YER149C,YIR011C,0,-5.9780893,0.6159722208976746,0.8870000243186951,0.05530000105500221
YOR048C,YMR227C,0,-5.9789395,0.6155447363853455,0.8870000243186951,0.055399999022483826
YGL174W,YLR181C,0,-5.9805746,0.6151179075241089,0.8870000243186951,0.05550000071525574
YER056C,YDR404C,0,-5.981666,0.6146916151046753,0.8870000243186951,0.05559999868273735
YDR022C,YLR080W,0,-5.982974,0.6142659187316895,0.8870000243186951,0.05570000037550926
YIL085C,YLR328W,0,-5.983164,0.6138408184051514,0.8870000243186951,0.055799998342990875
YLR438C-A,YKR085C,0,-5.984665,0.613416314125061,0.8870000243186951,0.05590000003576279
YOL080C,YDR297W,0,-5.9849815,0.6129924058914185,0.8870000243186951,0.0560000017285347
YOR355W,YNL292W,0,-5.9875827,0.6125690340995789,0.8870000243186951,0.05609999969601631
YBR286W,YBL045C,0,-5.998484,0.6121463179588318,0.8870000243186951,0.05620000138878822
YMR288W,YDR449C,0,-6.000784,0.6117241382598877,0.8870000243186951,0.056299999356269836
YJL091C,YGR099W,0,-6.001957,0.6113025546073914,0.8870000243186951,0.05640000104904175
YDR503C,YER095W,0,-6.0061164,0.6108815670013428,0.8870000243186951,0.05649999901652336
YBL042C,YJR069C,0,-6.0069714,0.6104611158370972,0.8870000243186951,0.05660000070929527
YIL149C,YJL098W,0,-6.0132113,0.6100412607192993,0.8870000243186951,0.056699998676776886
YPL050C,YNL229C,0,-6.0146694,0.6096220016479492,0.8870000243186951,0.0568000003695488
YER110C,YKL130C,0,-6.0159016,0.6092032790184021,0.8870000243186951,0.05689999833703041
YOL012C,YOR327C,0,-6.0172796,0.6087851524353027,0.8870000243186951,0.05700000002980232
YIL018W,YPL032C,0,-6.0183,0.6083676218986511,0.8870000243186951,0.057100001722574234
YAL029C,YFR037C,0,-6.018553,0.6079506278038025,0.8870000243186951,0.05719999969005585
YDR300C,YOL102C,0,-6.018703,0.6075342297554016,0.8870000243186951,0.05730000138282776
YLR051C,YLL036C,0,-6.0191445,0.6071184277534485,0.8870000243186951,0.05739999935030937
YDL236W,YGL207W,0,-6.019163,0.6067031621932983,0.8870000243186951,0.057500001043081284
YAL026C,YPR198W,0,-6.019788,0.6062884330749512,0.8870000243186951,0.0575999990105629
YKR101W,YOL034W,0,-6.020639,0.6058743000030518,0.8870000243186951,0.05770000070333481
YMR212C,YAL023C,0,-6.021168,0.6054607629776001,0.8870000243186951,0.05779999867081642
YGR007W,YDR292C,0,-6.024497,0.6050477623939514,0.8870000243186951,0.05790000036358833
YKL068W,YMR182C,0,-6.0245476,0.6046352982521057,0.8870000243186951,0.057999998331069946
YNL227C,YLR075W,1,-6.0279655,0.6049046516418457,0.8880000114440918,0.057999998331069946
YDR294C,YPR024W,0,-6.031832,0.6044928431510925,0.8880000114440918,0.05810000002384186
YLR401C,YLR055C,0,-6.0338926,0.6040816307067871,0.8880000114440918,0.05820000171661377
YDR183W,YHR154W,0,-6.0342374,0.6036709547042847,0.8880000114440918,0.05829999968409538
YOR153W,YJL012C,0,-6.035551,0.60326087474823,0.8880000114440918,0.058400001376867294
YNL216W,YGR090W,0,-6.0376673,0.6028513312339783,0.8880000114440918,0.05849999934434891
YDR052C,YJR144W,0,-6.03823,0.6024423241615295,0.8880000114440918,0.05860000103712082
YML086C,YPR132W,0,-6.038748,0.6020339131355286,0.8880000114440918,0.05869999900460243
YAL035W,YHR183W,0,-6.038842,0.6016260385513306,0.8880000114440918,0.058800000697374344
YNL250W,YGL207W,0,-6.0417438,0.6012187004089355,0.8880000114440918,0.05889999866485596
YLR201C,YDR036C,0,-6.0419664,0.6008118987083435,0.8880000114440918,0.05900000035762787
YER122C,YGR005C,0,-6.0426135,0.6004056930541992,0.8880000114440918,0.05909999832510948
YJR105W,YMR305C,0,-6.0460625,0.6000000238418579,0.8880000114440918,0.05920000001788139
YPR105C,YEL056W,0,-6.0487137,0.5995948910713196,0.8880000114440918,0.059300001710653305
YLR270W,YPL249C,0,-6.050647,0.5991902947425842,0.8880000114440918,0.05939999967813492
YDR121W,YAL034W-A,0,-6.0528126,0.5987862348556519,0.8880000114440918,0.05950000137090683
YGL019W,YOR232W,0,-6.0528955,0.5983827710151672,0.8880000114440918,0.05959999933838844
YKL057C,YPL019C,0,-6.0532722,0.5979797840118408,0.8880000114440918,0.059700001031160355
YAL021C,YDR145W,0,-6.056857,0.5975773930549622,0.8880000114440918,0.05979999899864197
YJR112W,YDL064W,0,-6.057452,0.5971755385398865,0.8880000114440918,0.05990000069141388
YDR038C,YPL028W,0,-6.0588903,0.5967742204666138,0.8880000114440918,0.05999999865889549
YGR007W,YIL115C,0,-6.059504,0.5963733792304993,0.8880000114440918,0.060100000351667404
YBL082C,YDL074C,0,-6.0614314,0.5959731340408325,0.8880000114440918,0.06019999831914902
YJL192C,YML010W,0,-6.06152,0.5955734252929688,0.8880000114440918,0.06030000001192093
YPR193C,YDR030C,0,-6.0621023,0.595174252986908,0.8880000114440918,0.06040000170469284
YGR256W,YPL057C,0,-6.062132,0.5947756171226501,0.8880000114440918,0.060499999672174454
YLR186W,YDR508C,0,-6.062287,0.5943775177001953,0.8880000114440918,0.060600001364946365
YKL089W,YML109W,0,-6.063201,0.5939799547195435,0.8880000114440918,0.06069999933242798
YLR210W,YLL034C,0,-6.063247,0.5935828685760498,0.8880000114440918,0.06080000102519989
YKL192C,YDR516C,0,-6.0640287,0.5931863784790039,0.8880000114440918,0.0608999989926815
YBR215W,YDR198C,0,-6.064806,0.5927903652191162,0.8880000114440918,0.061000000685453415
YDR508C,YMR247C,0,-6.0659018,0.5923949480056763,0.8880000114440918,0.06109999865293503
YLL009C,YBR207W,0,-6.0665374,0.5920000076293945,0.8880000114440918,0.06120000034570694
YBR084W,YDR071C,0,-6.067483,0.5916056036949158,0.8880000114440918,0.06129999831318855
YKL054C,YER094C,0,-6.0705357,0.59121173620224,0.8880000114440918,0.061400000005960464
YOL061W,YPR125W,0,-6.070745,0.5908183455467224,0.8880000114440918,0.061500001698732376
YOL068C,YER105C,0,-6.070854,0.5904255509376526,0.8880000114440918,0.06159999966621399
YCR094W,YOR038C,0,-6.0710773,0.590033233165741,0.8880000114440918,0.0617000013589859
YHR008C,YGR141W,0,-6.0734134,0.5896414518356323,0.8880000114440918,0.061799999326467514
YER082C,YGR251W,0,-6.073534,0.5892501473426819,0.8880000114440918,0.061900001019239426
YMR312W,YER146W,0,-6.0757203,0.5888594388961792,0.8880000114440918,0.06199999898672104
YNL062C,YDR017C,0,-6.0760765,0.5884692072868347,0.8880000114440918,0.06210000067949295
YGL055W,YER118C,0,-6.0765657,0.5880794525146484,0.8880000114440918,0.062199998646974564
YJL060W,YLR371W,0,-6.0767136,0.5876902937889099,0.8880000114440918,0.062300000339746475
YNR052C,YNL248C,0,-6.076858,0.5873016119003296,0.8880000114440918,0.06239999830722809
YGL136C,YGL045W,0,-6.077475,0.5869134068489075,0.8880000114440918,0.0625
YER166W,YOR156C,0,-6.077796,0.5865257382392883,0.8880000114440918,0.06260000169277191
YLR276C,YGR220C,1,-6.0808053,0.5867986679077148,0.8889999985694885,0.06260000169277191
YGR157W,YBR188C,0,-6.08164,0.5864115953445435,0.8889999985694885,0.06270000338554382
YKL179C,YDR219C,0,-6.0836606,0.586025059223175,0.8889999985694885,0.06279999762773514
YDR054C,YFL024C,0,-6.085929,0.5856389999389648,0.8889999985694885,0.06289999932050705
YKL206C,YOR194C,0,-6.086918,0.5852534770965576,0.8889999985694885,0.06300000101327896
YJR112W,YHR070W,0,-6.0885296,0.5848684310913086,0.8889999985694885,0.06310000270605087
YFL033C,YKR031C,0,-6.0889993,0.5844839215278625,0.8889999985694885,0.06319999694824219
YER052C,YGR162W,0,-6.0896244,0.5840998888015747,0.8889999985694885,0.0632999986410141
YAL033W,YGL225W,0,-6.0911217,0.5837163329124451,0.8889999985694885,0.06340000033378601
YNR052C,YJL011C,0,-6.093186,0.5833333134651184,0.8889999985694885,0.06350000202655792
YNL112W,YDL030W,0,-6.096616,0.5829508304595947,0.8889999985694885,0.06360000371932983
YJL173C,YLR045C,0,-6.0980844,0.5825688242912292,0.8889999985694885,0.06369999796152115
YKL182W,YLR272C,0,-6.0999184,0.582187294960022,0.8889999985694885,0.06379999965429306
YDL209C,YML006C,0,-6.1016254,0.5818063020706177,0.8889999985694885,0.06390000134706497
YMR236W,YPR074C,0,-6.10238,0.5814257860183716,0.8889999985694885,0.06400000303983688
YCR057C,YBR265W,0,-6.109437,0.5810457468032837,0.8889999985694885,0.0640999972820282
YLR206W,YFR024C-A,0,-6.1102605,0.5806662440299988,0.8889999985694885,0.06419999897480011
YJL196C,YML048W,0,-6.1103544,0.5802872180938721,0.8889999985694885,0.06430000066757202
YBR086C,YKR090W,0,-6.110415,0.5799086689949036,0.8889999985694885,0.06440000236034393
YLR361C,YOL042W,0,-6.111228,0.579530656337738,0.8889999985694885,0.06449999660253525
YHR178W,YFL049W,0,-6.111328,0.5791531205177307,0.8889999985694885,0.06459999829530716
YGR008C,YOR003W,0,-6.1116915,0.5787760615348816,0.8889999985694885,0.06469999998807907
YMR240C,YHR039C-A,0,-6.112111,0.5783994793891907,0.8889999985694885,0.06480000168085098
YCL059C,YPR088C,0,-6.114498,0.5780234336853027,0.8889999985694885,0.0649000033736229
YJL087C,YOR229W,0,-6.1149187,0.5776478052139282,0.8889999985694885,0.06499999761581421
YPL049C,YPL232W,0,-6.118011,0.5772727131843567,0.8889999985694885,0.06509999930858612
YJL041W,YNL049C,0,-6.119159,0.5768980979919434,0.8889999985694885,0.06520000100135803
YER146W,YLR016C,0,-6.119932,0.576524019241333,0.8889999985694885,0.06530000269412994
YDR503C,YOL090W,0,-6.121356,0.5761503577232361,0.8889999985694885,0.06539999693632126
YGL206C,YJR125C,0,-6.1214213,0.5757771730422974,0.8889999985694885,0.06549999862909317
YMR127C,YGR082W,0,-6.121792,0.5754045248031616,0.8889999985694885,0.06560000032186508
YDL106C,YDL134C,0,-6.122937,0.5750323534011841,0.8889999985694885,0.065700002014637
YML019W,YDR300C,0,-6.1229568,0.5746606588363647,0.8889999985694885,0.0658000037074089
YOR047C,YGL210W,0,-6.1249676,0.5742893815040588,0.8889999985694885,0.06589999794960022
YHR052W,YGR220C,1,-6.1253514,0.5745642185211182,0.8899999856948853,0.06589999794960022
YJL099W,YFL049W,0,-6.1256256,0.57419353723526,0.8899999856948853,0.06599999964237213
YPR120C,YNL291C,0,-6.127084,0.5738233327865601,0.8899999856948853,0.06610000133514404
YPL233W,YBL025W,0,-6.1307783,0.5734536051750183,0.8899999856948853,0.06620000302791595
YNL006W,YOR130C,0,-6.1327987,0.5730843544006348,0.8899999856948853,0.06629999727010727
YPL195W,YMR075W,0,-6.1338286,0.5727155804634094,0.8899999856948853,0.06639999896287918
YNL048W,YGL094C,0,-6.134306,0.5723472833633423,0.8899999856948853,0.06650000065565109
YHR108W,YHR083W,0,-6.1346097,0.5719794631004333,0.8899999856948853,0.066600002348423
YBR205W,YGR128C,0,-6.1347737,0.5716120600700378,0.8899999856948853,0.06669999659061432
YLR056W,YOL124C,0,-6.1356616,0.5712451934814453,0.8899999856948853,0.06679999828338623
YPL256C,YHR123W,0,-6.1365876,0.5708787441253662,0.8899999856948853,0.06689999997615814
YBL056W,YKR014C,0,-6.1415954,0.5705128312110901,0.8899999856948853,0.06700000166893005
YGR216C,YNR053C,0,-6.141652,0.5701473355293274,0.8899999856948853,0.06710000336170197
YBR035C,YPL002C,0,-6.142226,0.5697823166847229,0.8899999856948853,0.06719999760389328
YMR049C,YHL003C,0,-6.1458097,0.5694177746772766,0.8899999856948853,0.06729999929666519
YOR347C,YAL005C,0,-6.1463504,0.5690537095069885,0.8899999856948853,0.0674000009894371
YJL106W,YMR053C,0,-6.146913,0.5686901211738586,0.8899999856948853,0.06750000268220901
YLR052W,YNL066W,0,-6.1477365,0.5683269500732422,0.8899999856948853,0.06759999692440033
YGR007W,YER009W,0,-6.1479607,0.5679642558097839,0.8899999856948853,0.06769999861717224
YDR156W,YDL229W,0,-6.151718,0.5676020383834839,0.8899999856948853,0.06780000030994415
YMR220W,YDR486C,0,-6.1526403,0.567240297794342,0.8899999856948853,0.06790000200271606
YOR109W,YPL031C,0,-6.152703,0.5668789744377136,0.8899999856948853,0.06800000369548798
YDR479C,YIL017W,0,-6.153543,0.5665181279182434,0.8899999856948853,0.06809999793767929
YJR069C,YOL102C,0,-6.154746,0.5661577582359314,0.8899999856948853,0.0681999996304512
YGL021W,YOR129C,0,-6.1549473,0.5657978653907776,0.8899999856948853,0.06830000132322311
YFR021W,YHR008C,0,-6.1551147,0.5654383897781372,0.8899999856948853,0.06840000301599503
YPR144C,YDR489W,0,-6.1558757,0.565079391002655,0.8899999856948853,0.06849999725818634
YBR135W,YIL147C,0,-6.157201,0.5647208094596863,0.8899999856948853,0.06859999895095825
YOR201C,YNL292W,0,-6.1583033,0.5643627047538757,0.8899999856948853,0.06870000064373016
YER161C,YGR270W,0,-6.162034,0.5640050768852234,0.8899999856948853,0.06880000233650208
YFR002W,YGL095C,0,-6.165089,0.5636478662490845,0.8899999856948853,0.06889999657869339
YDL134C,YDR178W,0,-6.165616,0.5632911324501038,0.8899999856948853,0.0689999982714653
YIL040W,YIL038C,0,-6.166542,0.5629348754882812,0.8899999856948853,0.06909999996423721
YBL045C,YGR231C,0,-6.1697006,0.5625790357589722,0.8899999856948853,0.06920000165700912
YJR043C,YMR308C,0,-6.170719,0.5622236132621765,0.8899999856948853,0.06930000334978104
YGL191W,YER020W,0,-6.1707287,0.5618686676025391,0.8899999856948853,0.06939999759197235
YIL018W,YHR152W,0,-6.170925,0.5615141987800598,0.8899999856948853,0.06949999928474426
YER116C,YDR293C,0,-6.171972,0.561160147190094,0.8899999856948853,0.06960000097751617
YDR440W,YBR156C,0,-6.174344,0.5608065724372864,0.8899999856948853,0.06970000267028809
YLR376C,YIL144W,0,-6.1746044,0.5604534149169922,0.8899999856948853,0.0697999969124794
YAL021C,YGL245W,0,-6.178363,0.5601006746292114,0.8899999856948853,0.06989999860525131
YPL053C,YOR321W,0,-6.179406,0.5597484111785889,0.8899999856948853,0.07000000029802322
YDR077W,YML029W,0,-6.182036,0.5593966245651245,0.8899999856948853,0.07010000199079514
YJL020C,YDR320C,0,-6.182704,0.5590452551841736,0.8899999856948853,0.07020000368356705
YOR014W,YNL160W,0,-6.18279,0.5586943030357361,0.8899999856948853,0.07029999792575836
YPR128C,YDL064W,0,-6.1831365,0.558343768119812,0.8899999856948853,0.07039999961853027
YNL102W,YLR200W,0,-6.183562,0.5579937100410461,0.8899999856948853,0.07050000131130219
YEL015W,YDL044C,0,-6.186537,0.5576441287994385,0.8899999856948853,0.0706000030040741
YGR080W,YLR337C,0,-6.1878157,0.5572949051856995,0.8899999856948853,0.07069999724626541
YJL140W,YMR243C,0,-6.191991,0.5569461584091187,0.8899999856948853,0.07079999893903732
YGR178C,YDR477W,0,-6.192668,0.556597888469696,0.8899999856948853,0.07090000063180923
YCR088W,YKL148C,0,-6.192849,0.5562499761581421,0.8899999856948853,0.07100000232458115
YHR062C,YDR297W,0,-6.1934166,0.5559025406837463,0.8899999856948853,0.07109999656677246
YGL045W,YBR126C,0,-6.195008,0.5555555820465088,0.8899999856948853,0.07119999825954437
YBR131W,YPL001W,0,-6.1962376,0.5552089810371399,0.8899999856948853,0.07129999995231628
YHR143W,YGL012W,0,-6.1967254,0.5548628568649292,0.8899999856948853,0.0714000016450882
YER133W,YPR179C,0,-6.1989794,0.5545171499252319,0.8899999856948853,0.07150000333786011
YCR024C-A,YDR300C,0,-6.1991506,0.5541718602180481,0.8899999856948853,0.07159999758005142
YOR133W,YDR472W,0,-6.199326,0.5538269877433777,0.8899999856948853,0.07169999927282333
YBR026C,YHR075C,0,-6.199857,0.5534825921058655,0.8899999856948853,0.07180000096559525
YNL038W,YGL014W,0,-6.2021995,0.5531386137008667,0.8899999856948853,0.07190000265836716
YNR035C,YJR052W,0,-6.2027464,0.5527950525283813,0.8899999856948853,0.07199999690055847
YFR047C,YER018C,0,-6.2036095,0.5524519085884094,0.8899999856948853,0.07209999859333038
YLR231C,YIL042C,0,-6.2045126,0.5521091818809509,0.8899999856948853,0.0722000002861023
YDR434W,YBR221C,0,-6.2051725,0.5517668724060059,0.8899999856948853,0.0723000019788742
YGL048C,YMR149W,0,-6.2068996,0.551425039768219,0.8899999856948853,0.07240000367164612
YLR361C,YMR200W,0,-6.2082877,0.5510835647583008,0.8899999856948853,0.07249999791383743
YGR167W,YDR320C,0,-6.208895,0.5507425665855408,0.8899999856948853,0.07259999960660934
YEL018W,YGR264C,0,-6.2096033,0.5504019856452942,0.8899999856948853,0.07270000129938126
YNL048W,YPR133W-A,0,-6.2124233,0.550061821937561,0.8899999856948853,0.07280000299215317
YDL155W,YNL290W,0,-6.2149096,0.5497220754623413,0.8899999856948853,0.07289999723434448
YNL227C,YLR340W,1,-6.2149477,0.550000011920929,0.890999972820282,0.07289999723434448
YPR178W,YPL167C,0,-6.2151427,0.5496606826782227,0.890999972820282,0.0729999989271164
YDR448W,YLR321C,0,-6.2189155,0.5493218302726746,0.890999972820282,0.0731000006198883
YEL015W,YPR056W,0,-6.2191358,0.5489833354949951,0.890999972820282,0.07320000231266022
YML042W,YPL096W,0,-6.2195997,0.5486453175544739,0.890999972820282,0.07329999655485153
YOL145C,YGL049C,0,-6.2196107,0.5483077168464661,0.890999972820282,0.07339999824762344
YBR168W,YGR008C,0,-6.220373,0.5479704737663269,0.890999972820282,0.07349999994039536
YMR220W,YBR188C,0,-6.223365,0.547633707523346,0.890999972820282,0.07360000163316727
YPL178W,YDR162C,0,-6.2244024,0.5472972989082336,0.890999972820282,0.07370000332593918
YNL261W,YER151C,0,-6.2244673,0.5469613075256348,0.890999972820282,0.0737999975681305
YDR418W,YPL193W,1,-6.226344,0.5472392439842224,0.8920000195503235,0.0737999975681305
YHR114W,YIL075C,0,-6.2270703,0.5469037294387817,0.8920000195503235,0.0738999992609024
YBR237W,YOR047C,0,-6.2280416,0.5465686321258545,0.8920000195503235,0.07400000095367432
YLR353W,YOR122C,0,-6.228047,0.5462339520454407,0.8920000195503235,0.07410000264644623
YJL073W,YJL117W,0,-6.2292347,0.5458996295928955,0.8920000195503235,0.07419999688863754
YNL207W,YBR118W,0,-6.2293158,0.5455657243728638,0.8920000195503235,0.07429999858140945
YPL221W,YAR003W,0,-6.2302914,0.5452322959899902,0.8920000195503235,0.07440000027418137
YHR013C,YPL145C,0,-6.230462,0.5448992252349854,0.8920000195503235,0.07450000196695328
YDR435C,YFL005W,0,-6.233474,0.5445665717124939,0.8920000195503235,0.07460000365972519
YNR016C,YDR507C,0,-6.2336254,0.5442342758178711,0.8920000195503235,0.0746999979019165
YJL095W,YNL273W,0,-6.234407,0.5439024567604065,0.8920000195503235,0.07479999959468842
YAL023C,YMR093W,0,-6.2364635,0.5435709953308105,0.8920000195503235,0.07490000128746033
YER177W,YOL143C,0,-6.2365823,0.543239951133728,0.8920000195503235,0.07500000298023224
YPL061W,YNL016W,0,-6.2366285,0.5429093241691589,0.8920000195503235,0.07509999722242355
YLR363C,YDR160W,0,-6.237797,0.5425790548324585,0.8920000195503235,0.07519999891519547
YFR001W,YGR220C,1,-6.2383223,0.5428571701049805,0.8930000066757202,0.07519999891519547
YBR207W,YOR136W,0,-6.2389555,0.5425273180007935,0.8930000066757202,0.07530000060796738
YML074C,YDR279W,0,-6.2396584,0.5421979427337646,0.8930000066757202,0.07540000230073929
YAR015W,YDR184C,0,-6.240199,0.5418689250946045,0.8930000066757202,0.0754999965429306
YGR246C,YGL066W,0,-6.2405033,0.5415403246879578,0.8930000066757202,0.07559999823570251
YIL049W,YIR037W,0,-6.2416964,0.5412121415138245,0.8930000066757202,0.07569999992847443
YER016W,YBR195C,0,-6.242364,0.5408843159675598,0.8930000066757202,0.07580000162124634
YLR314C,YPR139C,0,-6.243767,0.5405569076538086,0.8930000066757202,0.07590000331401825
YOL094C,YDL130W,0,-6.2446322,0.540229856967926,0.8930000066757202,0.07599999755620956
YCL039W,YNL239W,0,-6.244916,0.5399032831192017,0.8930000066757202,0.07609999924898148
YNR001C,YOL008W,0,-6.245139,0.539577066898346,0.8930000066757202,0.07620000094175339
YFL055W,YMR322C,0,-6.245479,0.5392512083053589,0.8930000066757202,0.0763000026345253
YBL057C,YKR056W,0,-6.24667,0.5389257669448853,0.8930000066757202,0.07639999687671661
YPL046C,YDR486C,0,-6.2492743,0.538600742816925,0.8930000066757202,0.07649999856948853
YGR178C,YNL292W,0,-6.2493114,0.5382760763168335,0.8930000066757202,0.07660000026226044
YER107C,YPL129W,0,-6.2498245,0.5379518270492554,0.8930000066757202,0.07670000195503235
YHR072W-A,YOR048C,0,-6.250259,0.5376279354095459,0.8930000066757202,0.07680000364780426
YPL254W,YGR118W,0,-6.252289,0.5373044610023499,0.8930000066757202,0.07689999788999557
YBR093C,YBR118W,0,-6.2529154,0.5369813442230225,0.8930000066757202,0.07699999958276749
YIL007C,YDR030C,0,-6.2532125,0.5366586446762085,0.8930000066757202,0.0771000012755394
YPL227C,YPR034W,0,-6.2538257,0.536336362361908,0.8930000066757202,0.07720000296831131
YBR015C,YHR172W,0,-6.2555475,0.5360143780708313,0.8930000066757202,0.07729999721050262
YOR032C,YGR044C,0,-6.256835,0.5356928706169128,0.8930000066757202,0.07739999890327454
YLR438C-A,YOR359W,0,-6.2569375,0.535371720790863,0.8930000066757202,0.07750000059604645
YDR099W,YGR101W,0,-6.257199,0.5350509285926819,0.8930000066757202,0.07760000228881836
YMR238W,YAR002C-A,0,-6.2583165,0.5347305536270142,0.8930000066757202,0.07769999653100967
YPL015C,YKL145W,0,-6.2586856,0.5344105362892151,0.8930000066757202,0.07779999822378159
YOR347C,YPR108W,0,-6.2591276,0.5340909361839294,0.8930000066757202,0.0778999999165535
YER178W,YJR044C,0,-6.25959,0.5337716937065125,0.8930000066757202,0.07800000160932541
YNL223W,YFR004W,0,-6.260111,0.5334528088569641,0.8930000066757202,0.07810000330209732
YLR246W,YOL111C,0,-6.262626,0.5331343412399292,0.8930000066757202,0.07819999754428864
YNL029C,YKL057C,0,-6.2630177,0.5328162312507629,0.8930000066757202,0.07829999923706055
YNL225C,YOL145C,0,-6.263234,0.5324985384941101,0.8930000066757202,0.07840000092983246
YIL016W,YJL138C,0,-6.264244,0.5321811437606812,0.8930000066757202,0.07850000262260437
YDR108W,YDL090C,0,-6.264718,0.5318642258644104,0.8930000066757202,0.07859999686479568
YDL132W,YGR135W,0,-6.264757,0.5315476059913635,0.8930000066757202,0.0786999985575676
YOR281C,YOR151C,0,-6.2654696,0.5312314033508301,0.8930000066757202,0.07880000025033951
YNR053C,YJR043C,0,-6.266011,0.5309155583381653,0.8930000066757202,0.07890000194311142
YAL033W,YHR031C,0,-6.2667007,0.5306001305580139,0.8930000066757202,0.07900000363588333
YJL100W,YHR001W,0,-6.2673864,0.5302850604057312,0.8930000066757202,0.07909999787807465
YBR098W,YDR113C,0,-6.269233,0.5299703478813171,0.8930000066757202,0.07919999957084656
YKL026C,YJR021C,0,-6.269264,0.5296559929847717,0.8930000066757202,0.07930000126361847
YNL232W,YDR492W,0,-6.269324,0.5293420553207397,0.8930000066757202,0.07940000295639038
YBR109C,YDR424C,0,-6.273035,0.5290284156799316,0.8930000066757202,0.0794999971985817
YPL255W,YOL115W,0,-6.273773,0.528715193271637,0.8930000066757202,0.07959999889135361
YER159C,YDR297W,0,-6.279645,0.5284023880958557,0.8930000066757202,0.07970000058412552
YML118W,YER116C,0,-6.2796655,0.5280898809432983,0.8930000066757202,0.07980000227689743
YPR093C,YBR126C,0,-6.2799544,0.5277777910232544,0.8930000066757202,0.07989999651908875
YOL145C,YDR110W,0,-6.2805023,0.5274660587310791,0.8930000066757202,0.07999999821186066
YBL074C,YOR267C,0,-6.280725,0.5271546840667725,0.8930000066757202,0.08009999990463257
YGR220C,YPL131W,1,-6.282342,0.5274336338043213,0.8939999938011169,0.08009999990463257
YPL231W,YDR457W,0,-6.2823653,0.5271226167678833,0.8939999938011169,0.08020000159740448
YCR063W,YGR159C,0,-6.283252,0.5268120169639587,0.8939999938011169,0.08030000329017639
YML057W,YDR320C,0,-6.283634,0.5265017747879028,0.8939999938011169,0.0803999975323677
YJL092W,YJL019W,0,-6.2840214,0.5261918902397156,0.8939999938011169,0.08049999922513962
YJL060W,YPR191W,0,-6.284265,0.525882363319397,0.8939999938011169,0.08060000091791153
YDR281C,YKL058W,0,-6.28545,0.525573194026947,0.8939999938011169,0.08070000261068344
YPR119W,YKL144C,0,-6.2859335,0.5252643823623657,0.8939999938011169,0.08079999685287476
YER143W,YOR040W,0,-6.2868032,0.5249559879302979,0.8939999938011169,0.08089999854564667
YBR207W,YNR052C,0,-6.2880797,0.5246478915214539,0.8939999938011169,0.08100000023841858
YFL055W,YBR080C,0,-6.289138,0.5243401527404785,0.8939999938011169,0.08110000193119049
YJL002C,YLR398C,0,-6.291321,0.5240328311920166,0.8939999938011169,0.0812000036239624
YKL114C,YNR049C,0,-6.2918797,0.5237258076667786,0.8939999938011169,0.08129999786615372
YKL049C,YCL031C,0,-6.2936306,0.523419201374054,0.8939999938011169,0.08139999955892563
YDR198C,YNL272C,0,-6.293763,0.523112952709198,0.8939999938011169,0.08150000125169754
YLR129W,YER129W,0,-6.293872,0.5228070020675659,0.8939999938011169,0.08160000294446945
YNL021W,YLR347C,0,-6.295779,0.5225014686584473,0.8939999938011169,0.08169999718666077
YER016W,YBR061C,0,-6.2973084,0.5221962332725525,0.8939999938011169,0.08179999887943268
YMR240C,YLR238W,0,-6.297595,0.5218914151191711,0.8939999938011169,0.08190000057220459
YFR047C,YLR113W,0,-6.297648,0.5215869545936584,0.8939999938011169,0.0820000022649765
YPL049C,YDR545W,0,-6.2983828,0.5212827920913696,0.8939999938011169,0.08209999650716782
YIL065C,YKL194C,0,-6.2988205,0.5209790468215942,0.8939999938011169,0.08219999819993973
YPL164C,YPL031C,0,-6.299926,0.5206755995750427,0.8939999938011169,0.08229999989271164
YIL014W,YJL004C,0,-6.2999754,0.5203725099563599,0.8939999938011169,0.08240000158548355
YIL016W,YNL079C,0,-6.3003006,0.5200698375701904,0.8939999938011169,0.08250000327825546
YOR168W,YPR009W,0,-6.300355,0.5197674632072449,0.8939999938011169,0.08259999752044678
YDR254W,YPL203W,0,-6.3015294,0.519465446472168,0.8939999938011169,0.08269999921321869
YMR044W,YDR439W,0,-6.3021417,0.5191637873649597,0.8939999938011169,0.0828000009059906
YOR326W,YKL045W,0,-6.30247,0.5188624262809753,0.8939999938011169,0.08290000259876251
YLR189C,YMR302C,0,-6.3026333,0.5185614824295044,0.8939999938011169,0.08299999684095383
YDR385W,YDR303C,0,-6.30336,0.5182608962059021,0.8939999938011169,0.08309999853372574
YMR048W,YJR112W,0,-6.304139,0.5179606080055237,0.8939999938011169,0.08320000022649765
YDR184C,YER019C-A,0,-6.304347,0.5176606774330139,0.8939999938011169,0.08330000191926956
YMR231W,YGR044C,0,-6.304619,0.5173611044883728,0.8939999938011169,0.08340000361204147
YLL038C,YLR291C,0,-6.306076,0.5170618891716003,0.8939999938011169,0.08349999785423279
YNL113W,YMR039C,0,-6.3065047,0.5167630314826965,0.8939999938011169,0.0835999995470047
YDR245W,YOR085W,0,-6.306861,0.5164644718170166,0.8939999938011169,0.08370000123977661
YDL116W,YDR212W,0,-6.3075495,0.5161662697792053,0.8939999938011169,0.08380000293254852
YNL275W,YJL134W,0,-6.307882,0.5158684253692627,0.8939999938011169,0.08389999717473984
YGL130W,YNL007C,0,-6.309103,0.5155709385871887,0.8939999938011169,0.08399999886751175
YHR107C,YGR274C,0,-6.309366,0.5152737498283386,0.8939999938011169,0.08410000056028366
YBR035C,YJR033C,0,-6.3100166,0.514976978302002,0.8939999938011169,0.08420000225305557
YCL039W,YMR165C,0,-6.311187,0.5146805047988892,0.8939999938011169,0.08429999649524689
YLR347C,YJL080C,0,-6.3124123,0.5143843293190002,0.8939999938011169,0.0843999981880188
YHR053C,YOL059W,0,-6.312655,0.5140885710716248,0.8939999938011169,0.08449999988079071
YOR067C,YIR026C,0,-6.312736,0.5137931108474731,0.8939999938011169,0.08460000157356262
YJL209W,YPL029W,0,-6.313382,0.5134980082511902,0.8939999938011169,0.08470000326633453
YJR105W,YGR029W,0,-6.3141556,0.5132032036781311,0.8939999938011169,0.08479999750852585
YLR330W,YKR020W,0,-6.314571,0.5129087567329407,0.8939999938011169,0.08489999920129776
YOR211C,YCR067C,0,-6.316192,0.5126146674156189,0.8939999938011169,0.08500000089406967
YOL076W,YOR151C,0,-6.316266,0.5123209357261658,0.8939999938011169,0.08510000258684158
YDR146C,YMR146C,0,-6.3170996,0.5120275020599365,0.8939999938011169,0.0851999968290329
YJL031C,YER020W,0,-6.3172283,0.5117344260215759,0.8939999938011169,0.08529999852180481
YBR026C,YIL007C,0,-6.3173676,0.5114416480064392,0.8939999938011169,0.08540000021457672
YKL004W,YKL120W,0,-6.3181486,0.5111492276191711,0.8939999938011169,0.08550000190734863
YNL102W,YGR074W,0,-6.320243,0.5108571648597717,0.8939999938011169,0.08560000360012054
YLR264W,YDR303C,0,-6.320923,0.5105654001235962,0.8939999938011169,0.08569999784231186
YIL143C,YDR027C,0,-6.3214474,0.5102739930152893,0.8939999938011169,0.08579999953508377
YCR035C,YML005W,0,-6.322424,0.5099828839302063,0.8939999938011169,0.08590000122785568
YBL052C,YLR383W,0,-6.323229,0.5096921324729919,0.8939999938011169,0.0860000029206276
YMR042W,YLR002C,0,-6.3239174,0.5094017386436462,0.8939999938011169,0.08609999716281891
YNL290W,YNL047C,0,-6.32555,0.5091116428375244,0.8939999938011169,0.08619999885559082
YKL135C,YKL022C,0,-6.327119,0.5088218450546265,0.8939999938011169,0.08630000054836273
YKR067W,YMR004W,0,-6.3279905,0.5085324048995972,0.8939999938011169,0.08640000224113464
YIL009C-A,YNL004W,0,-6.328309,0.5082433223724365,0.8939999938011169,0.08649999648332596
YDR377W,YOL023W,0,-6.3310447,0.5079545378684998,0.8939999938011169,0.08659999817609787
YDR176W,YDR469W,0,-6.332341,0.5076661109924316,0.8939999938011169,0.08669999986886978
YBR091C,YBR030W,0,-6.333066,0.5073779821395874,0.8939999938011169,0.0868000015616417
YDL174C,YMR088C,0,-6.3338747,0.5070902109146118,0.8939999938011169,0.0869000032544136
YBR036C,YMR200W,0,-6.3351326,0.5068027377128601,0.8939999938011169,0.08699999749660492
YKL179C,YDR235W,0,-6.3353357,0.5065155625343323,0.8939999938011169,0.08709999918937683
YNL233W,YDR167W,0,-6.335419,0.5062287449836731,0.8939999938011169,0.08720000088214874
YLR418C,YPR162C,0,-6.3355494,0.5059422850608826,0.8939999938011169,0.08730000257492065
YLR354C,YGR172C,0,-6.335867,0.5056561231613159,0.8939999938011169,0.08739999681711197
YLR103C,YPL129W,0,-6.3362675,0.5053702592849731,0.8939999938011169,0.08749999850988388
YGL236C,YLR372W,0,-6.339324,0.505084753036499,0.8939999938011169,0.08760000020265579
YMR186W,YOR372C,0,-6.339393,0.5047995448112488,0.8939999938011169,0.0877000018954277
YMR237W,YHR190W,0,-6.3403563,0.5045146942138672,0.8939999938011169,0.08780000358819962
YHR072W-A,YGL135W,0,-6.3406315,0.5042301416397095,0.8939999938011169,0.08789999783039093
YNR007C,YBL041W,0,-6.340695,0.5039458870887756,0.8939999938011169,0.08799999952316284
YLR260W,YPL022W,0,-6.3413334,0.5036619901657104,0.8939999938011169,0.08810000121593475
YOR362C,YLR107W,0,-6.344822,0.5033783912658691,0.8939999938011169,0.08820000290870667
YGR009C,YDR103W,0,-6.3463135,0.5030950903892517,0.8939999938011169,0.08829999715089798
YGL194C,YOR054C,0,-6.3464274,0.5028121471405029,0.8939999938011169,0.08839999884366989
YJL024C,YMR112C,0,-6.3472834,0.502529501914978,0.8939999938011169,0.0885000005364418
YGL106W,YMR241W,0,-6.3479357,0.5022472143173218,0.8939999938011169,0.08860000222921371
YDL178W,YDR129C,0,-6.34839,0.5019651651382446,0.8939999938011169,0.08869999647140503
YCR034W,YML085C,0,-6.348843,0.5016834735870361,0.8939999938011169,0.08879999816417694
YGR191W,YBR265W,0,-6.3490124,0.5014021396636963,0.8939999938011169,0.08889999985694885
YFL039C,YML058W,0,-6.3494124,0.5011211037635803,0.8939999938011169,0.08900000154972076
YML006C,YPL129W,0,-6.3495502,0.5008403658866882,0.8939999938011169,0.08910000324249268
YJL001W,YDR178W,0,-6.3498983,0.50055992603302,0.8939999938011169,0.08919999748468399
YBR272C,YLR163C,0,-6.350342,0.5002797842025757,0.8939999938011169,0.0892999991774559
YGR220C,YHR066W,1,-6.3509016,0.5005592703819275,0.8949999809265137,0.0892999991774559
YER107C,YDR183W,0,-6.3511715,0.5002794861793518,0.8949999809265137,0.08940000087022781
YOR208W,YPR198W,0,-6.3515368,0.5,0.8949999809265137,0.08950000256299973
YKL084W,YGL169W,0,-6.3517976,0.49972081184387207,0.8949999809265137,0.08959999680519104
YJR006W,YMR060C,0,-6.3523746,0.4994419515132904,0.8949999809265137,0.08969999849796295
YHR191C,YGR020C,0,-6.3533206,0.499163419008255,0.8949999809265137,0.08980000019073486
YGR147C,YDR177W,0,-6.35709,0.4988851845264435,0.8949999809265137,0.08990000188350677
YDR022C,YOR069W,0,-6.3577466,0.49860724806785583,0.8949999809265137,0.09000000357627869
YER127W,YNL313C,0,-6.358329,0.49832960963249207,0.8949999809265137,0.09009999781847
YDL164C,YCR092C,0,-6.3587084,0.49805229902267456,0.8949999809265137,0.09019999951124191
YHR079C,YLR264W,0,-6.3594513,0.4977753162384033,0.8949999809265137,0.09030000120401382
YOR326W,YHR060W,0,-6.3596315,0.49749860167503357,0.8949999809265137,0.09040000289678574
YML065W,YHR020W,0,-6.3598194,0.4972222149372101,0.8949999809265137,0.09049999713897705
YLR411W,YDR400W,0,-6.3620267,0.4969461262226105,0.8949999809265137,0.09059999883174896
YKR003W,YJL141C,0,-6.3622684,0.49667036533355713,0.8949999809265137,0.09070000052452087
YMR054W,YEL002C,0,-6.3643,0.49639490246772766,0.8949999809265137,0.09080000221729279
YOL006C,YBR030W,0,-6.3645277,0.49611973762512207,0.8949999809265137,0.0908999964594841
YPL174C,YPL232W,0,-6.365961,0.49584487080574036,0.8949999809265137,0.09099999815225601
YPL001W,YMR061W,0,-6.366273,0.4955703318119049,0.8949999809265137,0.09109999984502792
YPR068C,YCR028C-A,0,-6.36679,0.49529606103897095,0.8949999809265137,0.09120000153779984
YJL024C,YKL190W,0,-6.367547,0.49502211809158325,0.8949999809265137,0.09130000323057175
YHR072W,YNR046W,0,-6.3680935,0.49474847316741943,0.8949999809265137,0.09139999747276306
YPL145C,YPL045W,0,-6.368669,0.4944751262664795,0.8949999809265137,0.09149999916553497
YFR055W,YGR195W,0,-6.36952,0.4942021071910858,0.8949999809265137,0.09160000085830688
YNL177C,YGR183C,0,-6.369983,0.49392935633659363,0.8949999809265137,0.0917000025510788
YDR489W,YPL011C,0,-6.3700686,0.4936569333076477,0.8949999809265137,0.09179999679327011
YJL030W,YIL075C,0,-6.3715744,0.49338477849960327,0.8949999809265137,0.09189999848604202
YGR108W,YPR110C,0,-6.373478,0.4931129515171051,0.8949999809265137,0.09200000017881393
YDL134C,YDR077W,0,-6.3746023,0.4928414225578308,0.8949999809265137,0.09210000187158585
YGR199W,YLR360W,0,-6.374893,0.492570161819458,0.8949999809265137,0.09220000356435776
YDR188W,YNL119W,0,-6.375267,0.49229922890663147,0.8949999809265137,0.09229999780654907
YPL040C,YDR443C,0,-6.375469,0.4920285940170288,0.8949999809265137,0.09239999949932098
YLR207W,YEL012W,0,-6.3762507,0.49175822734832764,0.8949999809265137,0.0925000011920929
YDR517W,YMR293C,0,-6.3767986,0.49148818850517273,0.8949999809265137,0.09260000288486481
YOR168W,YLR212C,0,-6.3769083,0.4912184476852417,0.8949999809265137,0.09269999712705612
YBR057C,YNL121C,0,-6.3773756,0.49094897508621216,0.8949999809265137,0.09279999881982803
YDR296W,YER029C,0,-6.3803077,0.4906798303127289,0.8949999809265137,0.09290000051259995
YEL029C,YDR167W,0,-6.38043,0.4904109537601471,0.8949999809265137,0.09300000220537186
YKL057C,YNR003C,0,-6.381871,0.4901423752307892,0.8949999809265137,0.09309999644756317
YPL119C,YIL154C,0,-6.38235,0.48987412452697754,0.8949999809265137,0.09319999814033508
YER105C,YER151C,0,-6.38284,0.489606112241745,0.8949999809265137,0.093299999833107
YJL209W,YDR412W,0,-6.3832645,0.4893384277820587,0.8949999809265137,0.0934000015258789
YER145C,YML105C,0,-6.3854117,0.4890710413455963,0.8949999809265137,0.09350000321865082
YLR430W,YLR150W,0,-6.386173,0.4888039231300354,0.8949999809265137,0.09359999746084213
YNL314W,YER051W,0,-6.3868523,0.48853713274002075,0.8949999809265137,0.09369999915361404
YOL090W,YGL225W,0,-6.38722,0.4882705807685852,0.8949999809265137,0.09380000084638596
YFR055W,YGR159C,0,-6.3878193,0.4880043566226959,0.8949999809265137,0.09390000253915787
YLR044C,YDL081C,0,-6.3878975,0.4877384305000305,0.8949999809265137,0.09399999678134918
YOR198C,YDL043C,0,-6.391697,0.4874727725982666,0.8949999809265137,0.0940999984741211
YER146W,YLR033W,0,-6.3930144,0.48720741271972656,0.8949999809265137,0.094200000166893
YOR147W,YFL005W,0,-6.394578,0.486942321062088,0.8949999809265137,0.09430000185966492
YOL147C,YOR122C,0,-6.3965645,0.48667752742767334,0.8949999809265137,0.09440000355243683
YDR265W,YNL333W,0,-6.3968287,0.48641303181648254,0.8949999809265137,0.09449999779462814
YKL179C,YMR316W,0,-6.397129,0.4861488342285156,0.8949999809265137,0.09459999948740005
YGL130W,YDR200C,0,-6.3975067,0.4858849048614502,0.8949999809265137,0.09470000118017197
YDR342C,YPL006W,0,-6.4009786,0.48562127351760864,0.8949999809265137,0.09480000287294388
YIL124W,YKL189W,0,-6.4014416,0.4853579103946686,0.8949999809265137,0.09489999711513519
YNL094W,YOL060C,0,-6.4030485,0.4850948452949524,0.8949999809265137,0.0949999988079071
YDR168W,YHL022C,0,-6.403276,0.4848320782184601,0.8949999809265137,0.09510000050067902
YDR513W,YIL051C,0,-6.4036655,0.48456957936286926,0.8949999809265137,0.09520000219345093
YGR091W,YDR023W,0,-6.407467,0.48430734872817993,0.8949999809265137,0.09529999643564224
YLR350W,YGL045W,0,-6.407496,0.4840454161167145,0.8949999809265137,0.09539999812841415
YGR140W,YBR156C,0,-6.4077063,0.4837837815284729,0.8949999809265137,0.09549999982118607
YHR036W,YER149C,0,-6.4079504,0.4835224151611328,0.8949999809265137,0.09560000151395798
YFR002W,YOR269W,0,-6.409193,0.4832613468170166,0.8949999809265137,0.09570000320672989
YBR158W,YGR145W,0,-6.410739,0.4830005466938019,0.8949999809265137,0.0957999974489212
YKR001C,YJL029C,0,-6.411849,0.48274001479148865,0.8949999809265137,0.09589999914169312
YGR220C,YER126C,1,-6.416025,0.4830188751220703,0.8960000276565552,0.09589999914169312
YDL030W,YGR214W,0,-6.416625,0.48275861144065857,0.8960000276565552,0.09600000083446503
YCR086W,YLR150W,0,-6.4171176,0.4824986457824707,0.8960000276565552,0.09610000252723694
YIL004C,YKL045W,0,-6.417136,0.4822389781475067,0.8960000276565552,0.09619999676942825
YDR492W,YJL056C,0,-6.417862,0.4819795489311218,0.8960000276565552,0.09629999846220016
YGL167C,YHR074W,0,-6.418603,0.4817204177379608,0.8960000276565552,0.09640000015497208
YMR022W,YKR001C,0,-6.418883,0.4814615845680237,0.8960000276565552,0.09650000184774399
YOR122C,YNL090W,0,-6.4190173,0.48120301961898804,0.8960000276565552,0.0966000035405159
YJR065C,YOR003W,0,-6.4212227,0.4809447228908539,0.8960000276565552,0.09669999778270721
YDR518W,YGR199W,0,-6.421398,0.4806866943836212,0.8960000276565552,0.09679999947547913
YIR004W,YER154W,0,-6.4214916,0.4804289638996124,0.8960000276565552,0.09690000116825104
YBR004C,YLR096W,0,-6.421541,0.4801715016365051,0.8960000276565552,0.09700000286102295
YMR033W,YEL003W,0,-6.422136,0.4799143075942993,0.8960000276565552,0.09709999710321426
YMR220W,YNL292W,0,-6.424406,0.479657381772995,0.8960000276565552,0.09719999879598618
YPL007C,YDL077C,0,-6.425944,0.47940075397491455,0.8960000276565552,0.09730000048875809
YJR084W,YGL051W,0,-6.4270506,0.4791443943977356,0.8960000276565552,0.09740000218153
YKL170W,YIR006C,0,-6.4282255,0.47888830304145813,0.8960000276565552,0.09749999642372131
YIL004C,YNR052C,0,-6.4286613,0.47863247990608215,0.8960000276565552,0.09759999811649323
YEL015W,YBR057C,0,-6.430902,0.47837692499160767,0.8960000276565552,0.09769999980926514
YIL065C,YOR035C,0,-6.431658,0.47812166810035706,0.8960000276565552,0.09780000150203705
YHR094C,YBR154C,0,-6.432311,0.47786667943000793,0.8960000276565552,0.09790000319480896
YMR219W,YGL227W,0,-6.4326277,0.4776119291782379,0.8960000276565552,0.09799999743700027
YNL021W,YDR190C,0,-6.432967,0.4773574769496918,0.8960000276565552,0.09809999912977219
YGR007W,YLR452C,0,-6.432972,0.4771032929420471,0.8960000276565552,0.0982000008225441
YMR277W,YDR143C,0,-6.4330482,0.47684937715530396,0.8960000276565552,0.09830000251531601
YMR319C,YMR080C,0,-6.4332438,0.47659575939178467,0.8960000276565552,0.09839999675750732
YGR179C,YPL243W,0,-6.4343185,0.4763423800468445,0.8960000276565552,0.09849999845027924
YML042W,YNL333W,0,-6.434766,0.4760892689228058,0.8960000276565552,0.09860000014305115
YPL048W,YPR037C,0,-6.4358444,0.4758364260196686,0.8960000276565552,0.09870000183582306
YCR052W,YOR359W,0,-6.4369245,0.47558385133743286,0.8960000276565552,0.09880000352859497
YKR036C,YMR287C,0,-6.43773,0.475331574678421,0.8960000276565552,0.09889999777078629
YDL165W,YNL090W,0,-6.4390216,0.4750795364379883,0.8960000276565552,0.0989999994635582
YLR158C,YGR209C,0,-6.439664,0.47482776641845703,0.8960000276565552,0.09910000115633011
YGL211W,YGR116W,0,-6.4430747,0.47457626461982727,0.8960000276565552,0.09920000284910202
YLR097C,YER012W,0,-6.4452987,0.474325031042099,0.8960000276565552,0.09929999709129333
YDL236W,YMR200W,0,-6.447296,0.4740740656852722,0.8960000276565552,0.09939999878406525
YDR153C,YIL014W,0,-6.4476824,0.4738233685493469,0.8960000276565552,0.09950000047683716
YIL004C,YLR016C,0,-6.448002,0.4735729396343231,0.8960000276565552,0.09960000216960907
YDL007W,YOL148C,0,-6.4492154,0.4733227789402008,0.8960000276565552,0.09969999641180038
YJL036W,YNR034W,0,-6.4496837,0.4730728566646576,0.8960000276565552,0.0997999981045723
YHR183W,YPR132W,0,-6.4502125,0.47282323241233826,0.8960000276565552,0.09989999979734421
YNL236W,YGR094W,0,-6.450375,0.472573846578598,0.8960000276565552,0.10000000149011612
YNL112W,YDR123C,0,-6.4511795,0.4723247289657593,0.8960000276565552,0.10010000318288803
YER016W,YNL075W,0,-6.451352,0.472075879573822,0.8960000276565552,0.10019999742507935
YBR095C,YLR398C,0,-6.4527617,0.47182726860046387,0.8960000276565552,0.10029999911785126
YBR276C,YLR305C,0,-6.454041,0.4715789556503296,0.8960000276565552,0.10040000081062317
YDR085C,YLR423C,0,-6.4540634,0.4713308811187744,0.8960000276565552,0.10050000250339508
YIR010W,YPL212C,0,-6.4540653,0.4710830748081207,0.8960000276565552,0.1005999967455864
YFL039C,YOR035C,0,-6.4544444,0.47083553671836853,0.8960000276565552,0.1006999984383583
YMR146C,YNL283C,0,-6.45447,0.47058823704719543,0.8960000276565552,0.10080000013113022
YGR029W,YBR133C,0,-6.4561296,0.47034120559692383,0.8960000276565552,0.10090000182390213
YEL022W,YPL065W,0,-6.4575167,0.4700944423675537,0.8960000276565552,0.10100000351667404
YNR027W,YLR138W,0,-6.458621,0.4698479175567627,0.8960000276565552,0.10109999775886536
YMR136W,YMR043W,0,-6.458955,0.46960169076919556,0.8960000276565552,0.10119999945163727
YFL055W,YGL047W,0,-6.4607563,0.46935567259788513,0.8960000276565552,0.10130000114440918
YLR167W,YMR149W,0,-6.4608035,0.4691099524497986,0.8960000276565552,0.10140000283718109
YDL226C,YNL248C,0,-6.4611864,0.46886447072029114,0.8960000276565552,0.1014999970793724
YGR159C,YPR161C,0,-6.461509,0.4686192572116852,0.8960000276565552,0.10159999877214432
YGR134W,YMR313C,0,-6.4634633,0.4683742821216583,0.8960000276565552,0.10170000046491623
YBR167C,YNR046W,0,-6.464737,0.46812957525253296,0.8960000276565552,0.10180000215768814
YER174C,YDR108W,0,-6.4655952,0.4678851068019867,0.8960000276565552,0.10189999639987946
YIR023W,YER082C,0,-6.4663324,0.4676409065723419,0.8960000276565552,0.10199999809265137
YHR164C,YJR090C,0,-6.4663777,0.46739697456359863,0.8960000276565552,0.10209999978542328
YER166W,YNL138W,0,-6.466691,0.46715328097343445,0.8960000276565552,0.10220000147819519
YHR118C,YGR094W,0,-6.466942,0.46690985560417175,0.8960000276565552,0.1023000031709671
YBR202W,YGR098C,0,-6.4676514,0.46666666865348816,0.8960000276565552,0.10239999741315842
YGR200C,YPR056W,0,-6.46815,0.46642374992370605,0.8960000276565552,0.10249999910593033
YGR118W,YML001W,0,-6.468176,0.46618106961250305,0.8960000276565552,0.10260000079870224
YKR009C,YGL249W,0,-6.46856,0.46593862771987915,0.8960000276565552,0.10270000249147415
YER118C,YBR198C,0,-6.468914,0.46569645404815674,0.8960000276565552,0.10279999673366547
YOR061W,YKR022C,0,-6.4708557,0.4654545485973358,0.8960000276565552,0.10289999842643738
YOL094C,YAL011W,0,-6.470914,0.465212881565094,0.8960000276565552,0.10300000011920929
YLR368W,YGR274C,0,-6.4709644,0.4649714529514313,0.8960000276565552,0.1031000018119812
YLR014C,YDR023W,0,-6.471242,0.46473029255867004,0.8960000276565552,0.10320000350475311
YGR220C,YKR081C,1,-6.471427,0.4650077819824219,0.8970000147819519,0.10320000350475311
YPR037C,YGR193C,0,-6.4714966,0.46476683020591736,0.8970000147819519,0.10329999774694443
YDL069C,YLR298C,0,-6.4724402,0.46452614665031433,0.8970000147819519,0.10339999943971634
YBL056W,YIL068C,0,-6.4732065,0.4642857015132904,0.8970000147819519,0.10350000113248825
YLR014C,YPR088C,0,-6.4733567,0.46404552459716797,0.8970000147819519,0.10360000282526016
YDL116W,YNR039C,0,-6.474912,0.46380558609962463,0.8970000147819519,0.10369999706745148
YPL270W,YDR329C,0,-6.475992,0.4635658860206604,0.8970000147819519,0.10379999876022339
YDL044C,YMR293C,0,-6.4762774,0.46332645416259766,0.8970000147819519,0.1039000004529953
YMR112C,YML107C,0,-6.477998,0.463087260723114,0.8970000147819519,0.10400000214576721
YER016W,YDL084W,0,-6.4782753,0.4628483057022095,0.8970000147819519,0.10409999638795853
YMR014W,YPR017C,0,-6.4784627,0.46260958909988403,0.8970000147819519,0.10419999808073044
YNL080C,YGL135W,0,-6.4786425,0.4623711407184601,0.8970000147819519,0.10429999977350235
YPR187W,YOR332W,0,-6.4803753,0.46213293075561523,0.8970000147819519,0.10440000146627426
YBR009C,YNL079C,0,-6.4810815,0.4618949592113495,0.8970000147819519,0.10450000315904617
YOL026C,YGL022W,0,-6.485278,0.46165722608566284,0.8970000147819519,0.10459999740123749
YGL245W,YNL049C,0,-6.4867835,0.4614197611808777,0.8970000147819519,0.1046999990940094
YGR179C,YDR071C,0,-6.488262,0.46118250489234924,0.8970000147819519,0.10480000078678131
YLL001W,YNL036W,0,-6.48835,0.4609455168247223,0.8970000147819519,0.10490000247955322
YJL041W,YGR104C,0,-6.488603,0.4607087969779968,0.8970000147819519,0.10499999672174454
YPR049C,YIL115C,0,-6.4915113,0.4604722857475281,0.8970000147819519,0.10509999841451645
YAL003W,YOL123W,0,-6.49212,0.4602360129356384,0.8970000147819519,0.10520000010728836
YLR052W,YMR229C,0,-6.4923754,0.46000000834465027,0.8970000147819519,0.10530000180006027
YBR085W,YOR332W,0,-6.492449,0.4597642123699188,0.8970000147819519,0.10540000349283218
YJL081C,YGR004W,0,-6.492917,0.45952868461608887,0.8970000147819519,0.1054999977350235
YIL048W,YAL030W,0,-6.4930644,0.459293395280838,0.8970000147819519,0.10559999942779541
YHR075C,YDR392W,0,-6.494052,0.45905834436416626,0.8970000147819519,0.10570000112056732
YNL041C,YGR013W,0,-6.494594,0.4588235318660736,0.8970000147819519,0.10580000281333923
YDR435C,YDR235W,0,-6.4977803,0.45858895778656006,0.8970000147819519,0.10589999705553055
YIL026C,YLR150W,0,-6.498518,0.4583546221256256,0.8970000147819519,0.10599999874830246
YNL172W,YNL297C,0,-6.499536,0.45812052488327026,0.8970000147819519,0.10610000044107437
YEL015W,YKL125W,0,-6.500714,0.457886666059494,0.8970000147819519,0.10620000213384628
YCR071C,YFL005W,0,-6.50382,0.45765307545661926,0.8970000147819519,0.1062999963760376
YMR065W,YDR243C,0,-6.504189,0.4574196934700012,0.8970000147819519,0.10639999806880951
YDL116W,YBL055C,0,-6.504508,0.4571865499019623,0.8970000147819519,0.10649999976158142
YOR147W,YBR212W,0,-6.506057,0.45695364475250244,0.8970000147819519,0.10660000145435333
YGL126W,YDL130W-A,0,-6.5068274,0.4567209780216217,0.8970000147819519,0.10670000314712524
YOR250C,YNL006W,0,-6.5088525,0.45648854970932007,0.8970000147819519,0.10679999738931656
YNL117W,YOR049C,0,-6.509921,0.45625635981559753,0.8970000147819519,0.10689999908208847
YDL022W,YDL185W,0,-6.510062,0.4560244083404541,0.8970000147819519,0.10700000077486038
YDR424C,YNL135C,0,-6.5113726,0.45579269528388977,0.8970000147819519,0.1071000024676323
YLR145W,YMR227C,0,-6.5117216,0.45556119084358215,0.8970000147819519,0.10719999670982361
YNL112W,YNR052C,0,-6.513428,0.455329954624176,0.8970000147819519,0.10729999840259552
YCR063W,YMR229C,0,-6.5134344,0.4550989270210266,0.8970000147819519,0.10740000009536743
YHR024C,YDR322C-A,0,-6.513507,0.4548681676387787,0.8970000147819519,0.10750000178813934
YDR194C,YDL077C,0,-6.5152397,0.4546376168727875,0.8970000147819519,0.10760000348091125
YDR052C,YNL309W,0,-6.5157356,0.45440730452537537,0.8970000147819519,0.10769999772310257
YIR006C,YFR040W,0,-6.517498,0.45417720079421997,0.8970000147819519,0.10779999941587448
YHR062C,YPL144W,0,-6.518881,0.45394736528396606,0.8970000147819519,0.10790000110864639
YLR429W,YOR130C,0,-6.5199094,0.45371776819229126,0.8970000147819519,0.1080000028014183
YCR020W-B,YGL097W,0,-6.520214,0.45348837971687317,0.8970000147819519,0.10809999704360962
YDL192W,YFL034C-B,0,-6.520377,0.4532592296600342,0.8970000147819519,0.10819999873638153
YNL239W,YJL100W,0,-6.5216904,0.4530302882194519,0.8970000147819519,0.10830000042915344
YJL112W,YMR293C,0,-6.5217667,0.4528016149997711,0.8970000147819519,0.10840000212192535
YGR193C,YDR265W,0,-6.522707,0.45257315039634705,0.8970000147819519,0.10849999636411667
YDR071C,YMR143W,0,-6.5232134,0.4523449242115021,0.8970000147819519,0.10859999805688858
YMR068W,YDL247W,0,-6.52439,0.4521169364452362,0.8970000147819519,0.10869999974966049
YIL085C,YOR297C,0,-6.5246906,0.45188915729522705,0.8970000147819519,0.1088000014424324
YDR358W,YKL201C,0,-6.524752,0.451661616563797,0.8970000147819519,0.10890000313520432
YNR033W,YPL078C,0,-6.524754,0.45143431425094604,0.8970000147819519,0.10899999737739563
YGR244C,YOR054C,0,-6.5252595,0.4512072503566742,0.8970000147819519,0.10909999907016754
YBR158W,YGR078C,0,-6.525372,0.45098039507865906,0.8970000147819519,0.10920000076293945
YNL219C,YDL198C,0,-6.526806,0.450753778219223,0.8970000147819519,0.10930000245571136
YCR093W,YOR156C,0,-6.527363,0.4505273699760437,0.8970000147819519,0.10939999669790268
YBL018C,YDR238C,0,-6.5277605,0.4503012001514435,0.8970000147819519,0.10949999839067459
YDR450W,YPR056W,0,-6.5290685,0.45007526874542236,0.8970000147819519,0.1096000000834465
YKL038W,YJL029C,0,-6.529181,0.44984954595565796,0.8970000147819519,0.10970000177621841
YMR237W,YDR434W,0,-6.529296,0.44962406158447266,0.8970000147819519,0.10980000346899033
YLR084C,YML064C,0,-6.5294485,0.44939878582954407,0.8970000147819519,0.10989999771118164
YKR024C,YGR220C,1,-6.5302086,0.449674516916275,0.8980000019073486,0.10989999771118164
YGR134W,YNL023C,0,-6.5309973,0.44944944977760315,0.8980000019073486,0.10999999940395355
YOL158C,YMR035W,0,-6.5313997,0.4492246210575104,0.8980000019073486,0.11010000109672546
YNR013C,YHR031C,0,-6.534952,0.4490000009536743,0.8980000019073486,0.11020000278949738
YIL062C,YOR069W,0,-6.535762,0.44877561926841736,0.8980000019073486,0.11029999703168869
YDR221W,YGL136C,0,-6.5360484,0.4485514461994171,0.8980000019073486,0.1103999987244606
YLR330W,YCL010C,0,-6.5367274,0.44832751154899597,0.8980000019073486,0.11050000041723251
YJR105W,YAL020C,0,-6.538806,0.44810378551483154,0.8980000019073486,0.11060000211000443
YER022W,YPR173C,0,-6.539078,0.4478802978992462,0.8980000019073486,0.11069999635219574
YLR347C,YER118C,0,-6.539689,0.4476570188999176,0.8980000019073486,0.11079999804496765
YNL029C,YHL003C,0,-6.540802,0.4474339783191681,0.8980000019073486,0.11089999973773956
YNR030W,YGR157W,0,-6.542284,0.4472111463546753,0.8980000019073486,0.11100000143051147
YIL153W,YGR281W,0,-6.5425444,0.4469885528087616,0.8980000019073486,0.11110000312328339
YJR047C,YDR300C,0,-6.5428524,0.4467661678791046,0.8980000019073486,0.1111999973654747
YBR286W,YHR067W,0,-6.5440702,0.44654402136802673,0.8980000019073486,0.11129999905824661
YIL140W,YGL187C,0,-6.545479,0.4463220536708832,0.8980000019073486,0.11140000075101852
YHR086W,YPL206C,0,-6.54552,0.4461003541946411,0.8980000019073486,0.11150000244379044
YLR129W,YDR303C,0,-6.54608,0.4458788335323334,0.8980000019073486,0.11159999668598175
YLL008W,YGR220C,1,-6.546293,0.446153849363327,0.8989999890327454,0.11159999668598175
YBR029C,YHR026W,0,-6.548505,0.445932537317276,0.8989999890327454,0.11169999837875366
YPR073C,YNL310C,0,-6.549382,0.4457114636898041,0.8989999890327454,0.11180000007152557
YOR110W,YJR126C,0,-6.549455,0.44549059867858887,0.8989999890327454,0.11190000176429749
YML057W,YJL210W,0,-6.549548,0.44526994228363037,0.8989999890327454,0.1120000034570694
YOL088C,YFL038C,0,-6.550353,0.4450494945049286,0.8989999890327454,0.11209999769926071
YJL081C,YJL109C,0,-6.5536823,0.4448292851448059,0.8989999890327454,0.11219999939203262
YGR279C,YOR187W,0,-6.554966,0.44460928440093994,0.8989999890327454,0.11230000108480453
YAL040C,YLR372W,0,-6.5551853,0.4443895220756531,0.8989999890327454,0.11240000277757645
YDR138W,YLL034C,0,-6.5553284,0.4441699683666229,0.8989999890327454,0.11249999701976776
YDL007W,YPL138C,0,-6.5566306,0.4439506232738495,0.8989999890327454,0.11259999871253967
YLR295C,YPL097W,0,-6.558317,0.44373148679733276,0.8989999890327454,0.11270000040531158
YHR043C,YOR362C,0,-6.5597706,0.44351258873939514,0.8989999890327454,0.1128000020980835
YNL292W,YLR033W,0,-6.560891,0.44329389929771423,0.8989999890327454,0.11289999634027481
YEL056W,YBL051C,0,-6.5609546,0.44307541847229004,0.8989999890327454,0.11299999803304672
YGR280C,YIL147C,0,-6.5610056,0.44285714626312256,0.8989999890327454,0.11309999972581863
YOL003C,YAL002W,0,-6.561308,0.4426390826702118,0.8989999890327454,0.11320000141859055
YAL053W,YBR035C,0,-6.561379,0.4424212574958801,0.8989999890327454,0.11330000311136246
YBR009C,YCR020W-B,0,-6.5630455,0.4422036409378052,0.8989999890327454,0.11339999735355377
YPL254W,YPL145C,0,-6.5635734,0.44198623299598694,0.8989999890327454,0.11349999904632568
YNL207W,YGR251W,0,-6.563779,0.4417690336704254,0.8989999890327454,0.1136000007390976
YLR074C,YBR130C,0,-6.5640235,0.441552072763443,0.8989999890327454,0.1137000024318695
YLR449W,YNL309W,0,-6.5644455,0.4413352906703949,0.8989999890327454,0.11379999667406082
YIR010W,YLR079W,0,-6.5655956,0.4411187469959259,0.8989999890327454,0.11389999836683273
YFR046C,YGL223C,0,-6.5659156,0.4409024119377136,0.8989999890327454,0.11400000005960464
YGR220C,YNL002C,1,-6.568365,0.44117647409439087,0.8999999761581421,0.11400000005960464
YOR355W,YBR004C,0,-6.568908,0.4409603178501129,0.8999999761581421,0.11410000175237656
YHR001W,YMR067C,0,-6.5694637,0.4407443702220917,0.8999999761581421,0.11420000344514847
YJR064W,YKR037C,0,-6.570074,0.44052863121032715,0.8999999761581421,0.11429999768733978
YHR129C,YNL221C,0,-6.570348,0.44031310081481934,0.8999999761581421,0.1143999993801117
YMR219W,YLR079W,0,-6.5705433,0.4400978088378906,0.8999999761581421,0.1145000010728836
YMR015C,YGR178C,0,-6.571118,0.43988269567489624,0.8999999761581421,0.11460000276565552
YNL080C,YLR016C,0,-6.5715675,0.43966782093048096,0.8999999761581421,0.11469999700784683
YLR256W,YBR080C,0,-6.5717688,0.439453125,0.8999999761581421,0.11479999870061874
YGR004W,YCL062W,0,-6.5718107,0.43923866748809814,0.8999999761581421,0.11490000039339066
YDR039C,YDR435C,0,-6.5735035,0.4390243887901306,0.8999999761581421,0.11500000208616257
YJL031C,YJR050W,0,-6.5735083,0.4388103485107422,0.8999999761581421,0.11509999632835388
YJR119C,YCR035C,0,-6.575081,0.4385964870452881,0.8999999761581421,0.1151999980211258
YDL108W,YJL004C,0,-6.5753546,0.4383828639984131,0.8999999761581421,0.1152999997138977
YLR368W,YGL051W,0,-6.575482,0.4381694197654724,0.8999999761581421,0.11540000140666962
YGL116W,YDR488C,0,-6.5766964,0.43795621395111084,0.8999999761581421,0.11550000309944153
YLR459W,YHR031C,0,-6.577484,0.4377431869506836,0.8999999761581421,0.11559999734163284
YDR465C,YBR254C,0,-6.5775747,0.43753039836883545,0.8999999761581421,0.11569999903440475
YBL071W-A,YOR359W,0,-6.5775833,0.43731778860092163,0.8999999761581421,0.11580000072717667
YBR017C,YDL055C,0,-6.5778832,0.4371053874492645,0.8999999761581421,0.11590000241994858
YNR016C,YGL225W,0,-6.5786405,0.43689319491386414,0.8999999761581421,0.11599999666213989
YOR231W,YCR067C,0,-6.580126,0.43668121099472046,0.8999999761581421,0.1160999983549118
YOR373W,YNL126W,0,-6.5822034,0.4364694356918335,0.8999999761581421,0.11620000004768372
YBR237W,YMR039C,0,-6.583715,0.43625786900520325,0.8999999761581421,0.11630000174045563
YGL181W,YEL056W,0,-6.58438,0.4360465109348297,0.8999999761581421,0.11640000343322754
YJL042W,YDR251W,0,-6.58536,0.4358353614807129,0.8999999761581421,0.11649999767541885
YPL061W,YDL155W,0,-6.585818,0.4356243908405304,0.8999999761581421,0.11659999936819077
YJL106W,YDL106C,0,-6.585888,0.4354136288166046,0.8999999761581421,0.11670000106096268
YOL082W,YDL077C,0,-6.589775,0.43520310521125793,0.8999999761581421,0.11680000275373459
YER145C,YPR143W,0,-6.5903296,0.4349927604198456,0.8999999761581421,0.1168999969959259
YOL011W,YDR297W,0,-6.5907927,0.43478259444236755,0.8999999761581421,0.11699999868869781
YKL185W,YKL007W,0,-6.591463,0.43457266688346863,0.8999999761581421,0.11710000038146973
YOR014W,YAL030W,0,-6.59257,0.4343629479408264,0.8999999761581421,0.11720000207424164
YPL228W,YPL022W,0,-6.5933084,0.43415340781211853,0.8999999761581421,0.11729999631643295
YLR353W,YLR043C,0,-6.5935283,0.43394407629966736,0.8999999761581421,0.11739999800920486
YPL161C,YNL229C,0,-6.593674,0.4337349534034729,0.8999999761581421,0.11749999970197678
YEL022W,YJL002C,0,-6.593728,0.43352600932121277,0.8999999761581421,0.11760000139474869
YNL232W,YGR169C,0,-6.594569,0.43331727385520935,0.8999999761581421,0.1177000030875206
YNL042W,YGL045W,0,-6.5957623,0.43310874700546265,0.8999999761581421,0.11779999732971191
YBL002W,YKR037C,0,-6.5959215,0.43290042877197266,0.8999999761581421,0.11789999902248383
YOR198C,YOR367W,0,-6.596515,0.4326923191547394,0.8999999761581421,0.11800000071525574
YHR190W,YPR107C,0,-6.597477,0.43248438835144043,0.8999999761581421,0.11810000240802765
YJL041W,YER120W,0,-6.5979357,0.4322766661643982,0.8999999761581421,0.11819999665021896
YDL209C,YCL011C,0,-6.5983677,0.4320691227912903,0.8999999761581421,0.11829999834299088
YGR188C,YCR034W,0,-6.6001673,0.4318618178367615,0.8999999761581421,0.11840000003576279
YLR378C,YCR018C,0,-6.601231,0.4316546618938446,0.8999999761581421,0.1185000017285347
YOR007C,YLR386W,0,-6.60195,0.43144774436950684,0.8999999761581421,0.11860000342130661
YER016W,YNL133C,0,-6.6021333,0.4312410056591034,0.8999999761581421,0.11869999766349792
YKL008C,YLR033W,0,-6.602727,0.43103447556495667,0.8999999761581421,0.11879999935626984
YBL090W,YBR154C,0,-6.6034327,0.43082815408706665,0.8999999761581421,0.11890000104904175
YDR017C,YPR110C,0,-6.605244,0.43062201142311096,0.8999999761581421,0.11900000274181366
YLR418C,YPL050C,0,-6.605278,0.430416077375412,0.8999999761581421,0.11909999698400497
YIL004C,YHR204W,0,-6.605902,0.43021032214164734,0.8999999761581421,0.11919999867677689
YER021W,YJL164C,0,-6.6062717,0.4300047755241394,0.8999999761581421,0.1193000003695488
YML006C,YGL211W,0,-6.6068316,0.4297994375228882,0.8999999761581421,0.11940000206232071
YDR263C,YMR163C,0,-6.606839,0.4295942783355713,0.8999999761581421,0.11949999630451202
YOR043W,YOL097C,0,-6.607547,0.4293893277645111,0.8999999761581421,0.11959999799728394
YFL055W,YGR157W,0,-6.607668,0.42918455600738525,0.8999999761581421,0.11969999969005585
YJL101C,YKR052C,0,-6.607889,0.4289799928665161,0.8999999761581421,0.11980000138282776
YBL040C,YOR259C,0,-6.6107793,0.4287756085395813,0.8999999761581421,0.11990000307559967
YER174C,YHR021C,0,-6.612602,0.4285714328289032,0.8999999761581421,0.11999999731779099
YML088W,YLR447C,0,-6.6132336,0.4283674359321594,0.8999999761581421,0.1200999990105629
YGR074W,YOL125W,0,-6.614005,0.42816364765167236,0.8999999761581421,0.12020000070333481
YKL092C,YOL033W,0,-6.614645,0.427960067987442,0.8999999761581421,0.12030000239610672
YMR068W,YGL104C,0,-6.616335,0.427756667137146,0.8999999761581421,0.12039999663829803
YPL233W,YDL236W,0,-6.6167746,0.4275534451007843,0.8999999761581421,0.12049999833106995
YGR220C,YKL009W,1,-6.617777,0.42782527208328247,0.9010000228881836,0.12049999833106995
YNL062C,YDR303C,0,-6.6188917,0.4276221990585327,0.9010000228881836,0.12060000002384186
YBR041W,YOR326W,0,-6.6198516,0.42741936445236206,0.9010000228881836,0.12070000171661377
YGR220C,YDR418W,1,-6.620121,0.42769086360931396,0.9020000100135803,0.12070000171661377
YGR038W,YDR260C,0,-6.6220074,0.42748814821243286,0.9020000100135803,0.12080000340938568
YDL174C,YMR030W,0,-6.624489,0.42728564143180847,0.9020000100135803,0.120899997651577
YER119C,YOR231W,0,-6.626589,0.4270833432674408,0.9020000100135803,0.12099999934434891
YDR294C,YPL262W,0,-6.626958,0.42688122391700745,0.9020000100135803,0.12110000103712082
YHL031C,YDR129C,0,-6.627014,0.4266792833805084,0.9020000100135803,0.12120000272989273
YNL021W,YOR213C,0,-6.627448,0.4264775514602661,0.9020000100135803,0.12129999697208405
YHR072W,YJL069C,0,-6.6279078,0.42627599835395813,0.9020000100135803,0.12139999866485596
YFR008W,YGL066W,0,-6.62956,0.4260746240615845,0.9020000100135803,0.12150000035762787
YJL054W,YKL014C,0,-6.6300097,0.42587345838546753,0.9020000100135803,0.12160000205039978
YPR111W,YLL001W,0,-6.633813,0.4256725013256073,0.9020000100135803,0.1216999962925911
YLR274W,YGL243W,0,-6.634199,0.425471693277359,0.9020000100135803,0.121799997985363
YHR043C,YMR030W,0,-6.6342416,0.42527109384536743,0.9020000100135803,0.12189999967813492
YDL160C,YOL004W,0,-6.635044,0.4250706732273102,0.9020000100135803,0.12200000137090683
YGR217W,YNL251C,0,-6.635421,0.42487046122550964,0.9020000100135803,0.12210000306367874
YGR162W,YOR295W,0,-6.6376762,0.42467042803764343,0.9020000100135803,0.12219999730587006
YOR354C,YEL013W,0,-6.6380825,0.42447057366371155,0.9020000100135803,0.12229999899864197
YIR021W,YPR074C,0,-6.638713,0.4242709279060364,0.9020000100135803,0.12240000069141388
YDR434W,YGL058W,0,-6.6400523,0.42407146096229553,0.9020000100135803,0.12250000238418579
YMR042W,YER110C,0,-6.6400614,0.423872172832489,0.9020000100135803,0.1225999966263771
YHR142W,YJL124C,0,-6.640306,0.4236730933189392,0.9020000100135803,0.12269999831914902
YHL003C,YDL201W,0,-6.6403236,0.42347419261932373,0.9020000100135803,0.12280000001192093
YLL001W,YLR337C,0,-6.640379,0.4232754707336426,0.9020000100135803,0.12290000170469284
YOR224C,YGL100W,0,-6.642478,0.42307692766189575,0.9020000100135803,0.12300000339746475
YIR023W,YDR362C,0,-6.642493,0.42287856340408325,0.9020000100135803,0.12309999763965607
YMR213W,YPL212C,0,-6.6443443,0.42268040776252747,0.9020000100135803,0.12319999933242798
YAR014C,YHR191C,0,-6.644959,0.422482430934906,0.9020000100135803,0.12330000102519989
YDR238C,YBR265W,0,-6.64496,0.42228463292121887,0.9020000100135803,0.1234000027179718
YPR171W,YGL049C,0,-6.645182,0.42208704352378845,0.9020000100135803,0.12349999696016312
YLR153C,YGL135W,0,-6.6451936,0.42188960313796997,0.9020000100135803,0.12359999865293503
YDR194C,YDR198C,0,-6.6454372,0.4216923713684082,0.9020000100135803,0.12370000034570694
YBR057C,YPR190C,0,-6.648573,0.42149531841278076,0.9020000100135803,0.12380000203847885
YER087C-B,YHR050W,0,-6.650329,0.42129844427108765,0.9020000100135803,0.12389999628067017
YKL013C,YJR052W,0,-6.6514173,0.42110177874565125,0.9020000100135803,0.12399999797344208
YGR279C,YPR163C,0,-6.6514316,0.4209052622318268,0.9020000100135803,0.12409999966621399
YMR061W,YLR105C,0,-6.652009,0.42070895433425903,0.9020000100135803,0.1242000013589859
YER007W,YGR047C,0,-6.6526937,0.4205128252506256,0.9020000100135803,0.12430000305175781
YDL046W,YOL143C,0,-6.6529293,0.4203168749809265,0.9020000100135803,0.12439999729394913
YAL025C,YML025C,1,-6.6534295,0.42058685421943665,0.902999997138977,0.12439999729394913
YGL021W,YER018C,0,-6.6534386,0.4203910529613495,0.902999997138977,0.12449999898672104
YPL169C,YMR177W,0,-6.653479,0.42019543051719666,0.902999997138977,0.12460000067949295
YDR224C,YML104C,0,-6.653676,0.41999998688697815,0.902999997138977,0.12470000237226486
YPR030W,YDR529C,0,-6.653764,0.41980475187301636,0.902999997138977,0.12479999661445618
YMR213W,YIR004W,0,-6.653931,0.4196096658706665,0.902999997138977,0.12489999830722809
YGR123C,YGR091W,0,-6.654443,0.419414758682251,0.902999997138977,0.125
YFL056C,YLR119W,0,-6.6549835,0.41922006011009216,0.902999997138977,0.1251000016927719
YIL049W,YKL058W,0,-6.6551843,0.4190255105495453,0.902999997138977,0.12520000338554382
YFL055W,YIL072W,0,-6.6555266,0.4188311696052551,0.902999997138977,0.12530000507831573
YIR012W,YML025C,1,-6.6571336,0.4191006124019623,0.9039999842643738,0.12530000507831573
YBL017C,YGR090W,0,-6.658572,0.41890639066696167,0.9039999842643738,0.12540000677108765
YDL216C,YOR137C,0,-6.6589584,0.4187123775482178,0.9039999842643738,0.12549999356269836
YLR274W,YCR067C,0,-6.658964,0.4185185134410858,0.9039999842643738,0.12559999525547028
YCR063W,YDR365C,0,-6.6590385,0.41832485795021057,0.9039999842643738,0.1256999969482422
YCR026C,YCR073W-A,0,-6.6592603,0.41813135147094727,0.9039999842643738,0.1257999986410141
YBR257W,YHR031C,0,-6.659277,0.4179380536079407,0.9039999842643738,0.125900000333786
YIL097W,YJR073C,0,-6.6605163,0.417744904756546,0.9039999842643738,0.12600000202655792
YLR138W,YOR095C,0,-6.6608057,0.4175519645214081,0.9039999842643738,0.12610000371932983
YML126C,YML059C,0,-6.6630077,0.4173591732978821,0.9039999842643738,0.12620000541210175
YJL080C,YHR039C-A,0,-6.6654925,0.4171665906906128,0.9039999842643738,0.12630000710487366
YFR002W,YIL138C,0,-6.665552,0.41697415709495544,0.9039999842643738,0.12639999389648438
YJL011C,YJL054W,0,-6.6671166,0.4167819321155548,0.9039999842643738,0.1264999955892563
YAL010C,YPL123C,0,-6.667206,0.4165898561477661,0.9039999842643738,0.1265999972820282
YDL085W,YPL096W,0,-6.667556,0.41639795899391174,0.9039999842643738,0.1266999989748001
YGR225W,YOR018W,0,-6.6697025,0.4162062704563141,0.9039999842643738,0.12680000066757202
YCR066W,YHR056C,0,-6.66979,0.41601473093032837,0.9039999842643738,0.12690000236034393
YKL200C,YBR214W,0,-6.6700335,0.415823370218277,0.9039999842643738,0.12700000405311584
YER145C,YMR288W,0,-6.670332,0.4156321883201599,0.9039999842643738,0.12710000574588776
YML074C,YDL056W,0,-6.6704435,0.4154411852359772,0.9039999842643738,0.12720000743865967
YPR185W,YMR067C,0,-6.6705966,0.41525033116340637,0.9039999842643738,0.12729999423027039
YFL014W,YDL115C,0,-6.670848,0.4150596857070923,0.9039999842643738,0.1273999959230423
YHR091C,YKL203C,0,-6.67226,0.4148692190647125,0.9039999842643738,0.1274999976158142
YPL008W,YDR279W,0,-6.6723843,0.4146789014339447,0.9039999842643738,0.12759999930858612
YIR004W,YER149C,0,-6.6730614,0.4144887626171112,0.9039999842643738,0.12770000100135803
YMR165C,YDL059C,0,-6.6734,0.41429880261421204,0.9039999842643738,0.12780000269412994
YGL044C,YDR447C,0,-6.6748214,0.4141090214252472,0.9039999842643738,0.12790000438690186
YHR114W,YIL143C,0,-6.6754255,0.4139194190502167,0.9039999842643738,0.12800000607967377
YHR072W,YJR069C,0,-6.675571,0.4137299656867981,0.9039999842643738,0.12809999287128448
YLR129W,YCR020W-B,0,-6.675572,0.41354072093963623,0.9039999842643738,0.1281999945640564
YIL035C,YHR024C,0,-6.675771,0.4133516252040863,0.9039999842643738,0.1282999962568283
YDR376W,YLR114C,0,-6.675885,0.4131627082824707,0.9039999842643738,0.12839999794960022
YGL045W,YJR127C,0,-6.6766577,0.41297397017478943,0.9039999842643738,0.12849999964237213
YLR383W,YDR120C,0,-6.676736,0.4127853810787201,0.9039999842643738,0.12860000133514404
YFL039C,YCR024C-A,0,-6.6779613,0.41259700059890747,0.9039999842643738,0.12870000302791595
YKL032C,YOR140W,0,-6.678297,0.4124087691307068,0.9039999842643738,0.12880000472068787
YJR147W,YHR070W,0,-6.678486,0.41222071647644043,0.9039999842643738,0.12890000641345978
YGR220C,YLR448W,1,-6.6787443,0.4124886095523834,0.9049999713897705,0.12890000641345978
YOR362C,YIL138C,0,-6.6789794,0.4123006761074066,0.9049999713897705,0.1289999932050705
YLR314C,YPL256C,0,-6.679168,0.41211292147636414,0.9049999713897705,0.1290999948978424
YMR129W,YLR292C,0,-6.679928,0.411925345659256,0.9049999713897705,0.12919999659061432
YNL036W,YOR347C,0,-6.681697,0.41173794865608215,0.9049999713897705,0.12929999828338623
YDL005C,YBL103C,0,-6.684267,0.41155070066452026,0.9049999713897705,0.12939999997615814
YPL020C,YKL214C,0,-6.6847253,0.4113636314868927,0.9049999713897705,0.12950000166893005
YPR051W,YER105C,0,-6.685333,0.41117674112319946,0.9049999713897705,0.12960000336170197
YDR072C,YGR077C,0,-6.6899467,0.41098999977111816,0.9049999713897705,0.12970000505447388
YPL051W,YHR191C,0,-6.69028,0.4108034372329712,0.9049999713897705,0.1298000067472458
YJR094C,YER103W,0,-6.691089,0.41061705350875854,0.9049999713897705,0.1298999935388565
YDR176W,YGR170W,0,-6.692107,0.4104308485984802,0.9049999713897705,0.12999999523162842
YOR281C,YNL201C,0,-6.692354,0.41024479269981384,0.9049999713897705,0.13009999692440033
YGR188C,YDR227W,0,-6.6928673,0.4100589156150818,0.9049999713897705,0.13019999861717224
YBR135W,YGR113W,0,-6.693248,0.40987318754196167,0.9049999713897705,0.13030000030994415
YBR196C,YOR347C,0,-6.6940064,0.4096876382827759,0.9049999713897705,0.13040000200271606
YIL014W,YGL211W,0,-6.6948743,0.4095022678375244,0.9049999713897705,0.13050000369548798
YFL024C,YIL095W,0,-6.694939,0.4093170464038849,0.9049999713897705,0.1306000053882599
YMR264W,YER009W,0,-6.6961017,0.4091320037841797,0.9049999713897705,0.1307000070810318
YKL046C,YNL135C,0,-6.696184,0.4089471399784088,0.9049999713897705,0.13079999387264252
YPR175W,YDR508C,0,-6.6963196,0.4087624251842499,0.9049999713897705,0.13089999556541443
YPL084W,YDR200C,0,-6.7004385,0.40857788920402527,0.9049999713897705,0.13099999725818634
YBR272C,YDR392W,0,-6.701236,0.4083935022354126,0.9049999713897705,0.13109999895095825
YPL037C,YHL034C,0,-6.7013283,0.40820929408073425,0.9049999713897705,0.13120000064373016
YBR110W,YGR193C,0,-6.7019787,0.40802523493766785,0.9049999713897705,0.13130000233650208
YOR211C,YDR235W,0,-6.7024126,0.40784138441085815,0.9049999713897705,0.131400004029274
YGR231C,YDR057W,0,-6.7024927,0.407657653093338,0.9049999713897705,0.1315000057220459
YCR086W,YLR045C,0,-6.702876,0.4074741005897522,0.9049999713897705,0.1316000074148178
YNL325C,YJR040W,0,-6.705858,0.4072907269001007,0.9049999713897705,0.13169999420642853
YKR072C,YLR298C,0,-6.7069116,0.40710750222206116,0.9049999713897705,0.13179999589920044
YLR347C,YGR099W,0,-6.70714,0.40692445635795593,0.9049999713897705,0.13189999759197235
YDR255C,YER116C,0,-6.707717,0.40674155950546265,0.9049999713897705,0.13199999928474426
YOL042W,YDR103W,0,-6.7078657,0.4065588414669037,0.9049999713897705,0.13210000097751617
YOR372C,YNL126W,0,-6.708646,0.40637630224227905,0.9049999713897705,0.13220000267028809
YOL082W,YLR390W-A,0,-6.7086654,0.40619388222694397,0.9049999713897705,0.13230000436306
YIL014W,YMR243C,0,-6.7090917,0.4060116708278656,0.9049999713897705,0.1324000060558319
YBR161W,YJR040W,0,-6.7100916,0.40582960844039917,0.9049999713897705,0.13249999284744263
YCL034W,YHL028W,0,-6.710724,0.4056476950645447,0.9049999713897705,0.13259999454021454
YIR028W,YMR023C,0,-6.710884,0.4054659605026245,0.9049999713897705,0.13269999623298645
YBR048W,YBR198C,0,-6.711093,0.4052843749523163,0.9049999713897705,0.13279999792575836
YBR131W,YMR060C,0,-6.711178,0.4051029682159424,0.9049999713897705,0.13289999961853027
YLR448W,YML025C,1,-6.711301,0.4053691327571869,0.906000018119812,0.13289999961853027
YBR247C,YDR297W,0,-6.71249,0.40518784523010254,0.906000018119812,0.13300000131130219
YDR168W,YJL012C,0,-6.714616,0.4050067067146301,0.906000018119812,0.1331000030040741
YMR042W,YGL254W,0,-6.7154064,0.40482574701309204,0.906000018119812,0.133200004696846
YPL125W,YIL031W,0,-6.7158422,0.4046449363231659,0.906000018119812,0.13330000638961792
YBR042C,YNL287W,0,-6.7165956,0.4044642746448517,0.906000018119812,0.13339999318122864
YLR403W,YDR463W,0,-6.7178855,0.4042837917804718,0.906000018119812,0.13349999487400055
YBR098W,YDR166C,0,-6.717971,0.40410348773002625,0.906000018119812,0.13359999656677246
YKR019C,YBR168W,0,-6.7184944,0.40392330288887024,0.906000018119812,0.13369999825954437
YNL278W,YLR084C,0,-6.718607,0.40374332666397095,0.906000018119812,0.13379999995231628
YIL044C,YDR088C,0,-6.7186656,0.4035634696483612,0.906000018119812,0.1339000016450882
YER016W,YFR002W,0,-6.718992,0.4033837914466858,0.906000018119812,0.1340000033378601
YDR421W,YLL060C,0,-6.7191086,0.4032042622566223,0.906000018119812,0.13410000503063202
YKL053C-A,YBL056W,0,-6.7192335,0.40302491188049316,0.906000018119812,0.13420000672340393
YPL069C,YOR143C,0,-6.719985,0.40284571051597595,0.906000018119812,0.13429999351501465
YCR020W-B,YGL244W,0,-6.7200656,0.4026666581630707,0.906000018119812,0.13439999520778656
YDR025W,YDL015C,0,-6.7211723,0.40248778462409973,0.906000018119812,0.13449999690055847
YGL112C,YGL225W,0,-6.7214146,0.4023090600967407,0.906000018119812,0.13459999859333038
YGL244W,YMR059W,0,-6.7220936,0.40213048458099365,0.906000018119812,0.1347000002861023
YCL024W,YOL094C,0,-6.722574,0.4019520878791809,0.906000018119812,0.1348000019788742
YDR492W,YDR488C,0,-6.723545,0.4017738401889801,0.906000018119812,0.13490000367164612
YER133W,YPL133C,0,-6.724398,0.40159574151039124,0.906000018119812,0.13500000536441803
YBL002W,YGR275W,0,-6.724638,0.4014178216457367,0.906000018119812,0.13510000705718994
YLR216C,YDR246W,0,-6.72521,0.4012400209903717,0.906000018119812,0.13519999384880066
YAR002W,YDL055C,0,-6.725416,0.4010624289512634,0.906000018119812,0.13529999554157257
YJL081C,YDR211W,0,-6.7287025,0.4008849561214447,0.906000018119812,0.13539999723434448
YHR183W,YDL112W,0,-6.7292895,0.4007076621055603,0.906000018119812,0.1354999989271164
YCL038C,YER094C,0,-6.7294025,0.40053051710128784,0.906000018119812,0.1356000006198883
YPL122C,YDR027C,0,-6.7302094,0.4003535211086273,0.906000018119812,0.13570000231266022
YDR153C,YOR332W,0,-6.730585,0.40017667412757874,0.906000018119812,0.13580000400543213
YJL036W,YBR111W-A,0,-6.730976,0.4000000059604645,0.906000018119812,0.13590000569820404
YMR165C,YOL055C,0,-6.73197,0.39982348680496216,0.906000018119812,0.13600000739097595
YJL073W,YER095W,0,-6.7328396,0.3996471166610718,0.906000018119812,0.13609999418258667
YLR291C,YHR031C,0,-6.7331047,0.39947089552879333,0.906000018119812,0.13619999587535858
YPL227C,YGL232W,0,-6.7335215,0.3992948532104492,0.906000018119812,0.1362999975681305
YGR070W,YHR139C,0,-6.7337885,0.39911893010139465,0.906000018119812,0.1363999992609024
YNL231C,YNL244C,0,-6.734479,0.3989431858062744,0.906000018119812,0.13650000095367432
YGR135W,YDR279W,0,-6.734569,0.3987676203250885,0.906000018119812,0.13660000264644623
YLR246W,YER162C,0,-6.7349257,0.39859217405319214,0.906000018119812,0.13670000433921814
YGR220C,YHR088W,1,-6.736562,0.39885663986206055,0.9070000052452087,0.13670000433921814
YAR015W,YDL095W,0,-6.7372904,0.39868131279945374,0.9070000052452087,0.13680000603199005
YER016W,YBR057C,0,-6.7378507,0.39850616455078125,0.9070000052452087,0.13689999282360077
YGL167C,YNL206C,0,-6.73923,0.3983311355113983,0.9070000052452087,0.13699999451637268
YBR153W,YHR031C,0,-6.7394366,0.3981562852859497,0.9070000052452087,0.1370999962091446
YLR201C,YDR057W,0,-6.739913,0.39798158407211304,0.9070000052452087,0.1371999979019165
YEL009C,YNL075W,0,-6.7407436,0.3978070318698883,0.9070000052452087,0.13729999959468842
YDR270W,YNL160W,0,-6.7408895,0.3976326286792755,0.9070000052452087,0.13740000128746033
YER133W,YNL207W,0,-6.741144,0.39745837450027466,0.9070000052452087,0.13750000298023224
YHL024W,YAL030W,0,-6.7416134,0.39728426933288574,0.9070000052452087,0.13760000467300415
YLR418C,YKL073W,0,-6.741952,0.39711034297943115,0.9070000052452087,0.13770000636577606
YPR019W,YLR398C,0,-6.743218,0.3969365358352661,0.9070000052452087,0.13779999315738678
YNL075W,YPL047W,0,-6.7435317,0.3967629075050354,0.9070000052452087,0.1378999948501587
YMR128W,YMR182C,0,-6.7441225,0.3965894281864166,0.9070000052452087,0.1379999965429306
YJL186W,YCL031C,0,-6.7451096,0.3964160978794098,0.9070000052452087,0.13809999823570251
YIL010W,YDR073W,0,-6.7462287,0.3962428867816925,0.9070000052452087,0.13819999992847443
YIL154C,YKL148C,0,-6.7463484,0.39606985449790955,0.9070000052452087,0.13830000162124634
YPL255W,YDR016C,0,-6.7482452,0.3958970010280609,0.9070000052452087,0.13840000331401825
YOR317W,YNL098C,0,-6.748274,0.39572426676750183,0.9070000052452087,0.13850000500679016
YEL034W,YPR100W,0,-6.7482953,0.3955516815185547,0.9070000052452087,0.13860000669956207
YFR004W,YJR104C,0,-6.749651,0.3953792452812195,0.9070000052452087,0.1386999934911728
YGR056W,YLR321C,0,-6.751368,0.3952069580554962,0.9070000052452087,0.1387999951839447
YNL256W,YMR032W,0,-6.7514505,0.3950348496437073,0.9070000052452087,0.1388999968767166
YPL047W,YLR435W,0,-6.751627,0.3948628604412079,0.9070000052452087,0.13899999856948853
YHR086W,YKL051W,0,-6.751908,0.3946910500526428,0.9070000052452087,0.13910000026226044
YER013W,YGR095C,0,-6.7520027,0.3945193588733673,0.9070000052452087,0.13920000195503235
YOR147W,YPR042C,0,-6.7527637,0.39434781670570374,0.9070000052452087,0.13930000364780426
YML057W,YOL044W,0,-6.752926,0.3941764533519745,0.9070000052452087,0.13940000534057617
YFR009W,YOR332W,0,-6.7530966,0.3940052092075348,0.9070000052452087,0.13950000703334808
YNR016C,YNR019W,0,-6.754148,0.3938341438770294,0.9070000052452087,0.1395999938249588
YJR060W,YOR056C,0,-6.7542496,0.3936631977558136,0.9070000052452087,0.1396999955177307
YGL086W,YML064C,0,-6.7548895,0.3934924006462097,0.9070000052452087,0.13979999721050262
YOL116W,YGL208W,0,-6.7558703,0.39332178235054016,0.9070000052452087,0.13989999890327454
YMR058W,YAL034W-A,0,-6.755965,0.39315128326416016,0.9070000052452087,0.14000000059604645
YGR185C,YBR082C,0,-6.7566404,0.3929809331893921,0.9070000052452087,0.14010000228881836
YNL001W,YHR152W,0,-6.7573223,0.39281073212623596,0.9070000052452087,0.14020000398159027
YLR314C,YAR002C-A,0,-6.7584724,0.3926406800746918,0.9070000052452087,0.14030000567436218
YLR103C,YLR096W,0,-6.758824,0.3924707770347595,0.9070000052452087,0.1404000073671341
YLR052W,YML065W,0,-6.762145,0.3923010528087616,0.9070000052452087,0.1404999941587448
YOR237W,YOL095C,0,-6.762997,0.39213141798973083,0.9070000052452087,0.14059999585151672
YGL005C,YDR545W,0,-6.7630115,0.3919619619846344,0.9070000052452087,0.14069999754428864
YML061C,YML011C,0,-6.76364,0.3917926549911499,0.9070000052452087,0.14079999923706055
YBR048W,YAR042W,0,-6.7637205,0.39162349700927734,0.9070000052452087,0.14090000092983246
YMR068W,YPR024W,0,-6.765041,0.39145445823669434,0.9070000052452087,0.14100000262260437
YMR240C,YPL050C,0,-6.7654314,0.39128559827804565,0.9070000052452087,0.14110000431537628
YGR244C,YNL047C,0,-6.7656126,0.3911168575286865,0.9070000052452087,0.1412000060081482
YNL145W,YGL145W,0,-6.7659383,0.39094826579093933,0.9070000052452087,0.1412999927997589
YDL035C,YDL059C,0,-6.766796,0.3907798230648041,0.9070000052452087,0.14139999449253082
YLR270W,YGL167C,0,-6.7672234,0.39061152935028076,0.9070000052452087,0.14149999618530273
YLR175W,YGR156W,0,-6.768352,0.3904433846473694,0.9070000052452087,0.14159999787807465
YHR123W,YDL116W,0,-6.7697997,0.39027538895606995,0.9070000052452087,0.14169999957084656
YGR112W,YKL041W,0,-6.7702847,0.39010751247406006,0.9070000052452087,0.14180000126361847
YGL019W,YOR122C,0,-6.7707524,0.3899398148059845,0.9070000052452087,0.14190000295639038
YOL010W,YOL128C,0,-6.770827,0.3897722363471985,0.9070000052452087,0.1420000046491623
YMR255W,YOR035C,0,-6.7713904,0.3896048069000244,0.9070000052452087,0.1421000063419342
YBL022C,YBR103W,0,-6.77142,0.3894375264644623,0.9070000052452087,0.14219999313354492
YKL007W,YOR187W,0,-6.7717185,0.3892703950405121,0.9070000052452087,0.14229999482631683
YIL097W,YDL046W,0,-6.7721667,0.38910338282585144,0.9070000052452087,0.14239999651908875
YLR106C,YGR220C,1,-6.7727556,0.3893653452396393,0.9079999923706055,0.14239999651908875
YLR430W,YLR396C,0,-6.772991,0.3891984522342682,0.9079999923706055,0.14249999821186066
YGL254W,YGR185C,0,-6.773675,0.38903170824050903,0.9079999923706055,0.14259999990463257
YNL188W,YGL173C,0,-6.773732,0.38886508345603943,0.9079999923706055,0.14270000159740448
YGL090W,YOR076C,0,-6.774644,0.38869863748550415,0.9079999923706055,0.1428000032901764
YGR165W,YGR179C,0,-6.7749863,0.3885323107242584,0.9079999923706055,0.1429000049829483
YBR015C,YDL055C,0,-6.7756834,0.38836613297462463,0.9079999923706055,0.14300000667572021
YHR165C,YJL176C,0,-6.776547,0.3882000744342804,0.9079999923706055,0.14309999346733093
YNL192W,YDR443C,0,-6.7768693,0.3880341947078705,0.9079999923706055,0.14319999516010284
YNL038W,YNL313C,0,-6.777234,0.3878684341907501,0.9079999923706055,0.14329999685287476
YAL058W,YNR049C,0,-6.777358,0.3877028226852417,0.9079999923706055,0.14339999854564667
YGR134W,YJR063W,0,-6.7774625,0.3875373303890228,0.9079999923706055,0.14350000023841858
YMR161W,YGR152C,0,-6.7781677,0.3873720169067383,0.9079999923706055,0.1436000019311905
YMR112C,YMR308C,0,-6.7787714,0.3872068226337433,0.9079999923706055,0.1437000036239624
YGL174W,YDL213C,0,-6.778784,0.38704177737236023,0.9079999923706055,0.14380000531673431
YPR128C,YAR003W,0,-6.7801523,0.3868768513202667,0.9079999923706055,0.14390000700950623
YGL061C,YLR292C,0,-6.780431,0.38671210408210754,0.9079999923706055,0.14399999380111694
YJR082C,YGR133W,0,-6.7806706,0.3865474760532379,0.9079999923706055,0.14409999549388885
YLR321C,YPL063W,0,-6.7823725,0.38638296723365784,0.9079999923706055,0.14419999718666077
YPR199C,YER177W,0,-6.782631,0.3862186372280121,0.9079999923706055,0.14429999887943268
YLL038C,YOR310C,0,-6.7831335,0.3860544264316559,0.9079999923706055,0.1444000005722046
YEL066W,YDR137W,0,-6.78454,0.3858903646469116,0.9079999923706055,0.1445000022649765
YJR002W,YBR195C,0,-6.784944,0.3857264220714569,0.9079999923706055,0.1446000039577484
YIL085C,YCR020C-A,0,-6.785189,0.38556262850761414,0.9079999923706055,0.14470000565052032
YDR518W,YGL257C,0,-6.7859993,0.3853989839553833,0.9079999923706055,0.14480000734329224
YPL180W,YAL001C,0,-6.787446,0.385235458612442,0.9079999923706055,0.14489999413490295
YDR411C,YAL001C,0,-6.7877474,0.38507208228111267,0.9079999923706055,0.14499999582767487
YOR067C,YIL051C,0,-6.788168,0.38490885496139526,0.9079999923706055,0.14509999752044678
YMR168C,YBL055C,0,-6.7891827,0.3847457766532898,0.9079999923706055,0.1451999992132187
YCR089W,YPL204W,0,-6.7895584,0.3845828175544739,0.9079999923706055,0.1453000009059906
YOL146W,YMR236W,0,-6.789887,0.3844199776649475,0.9079999923706055,0.1454000025987625
YLL050C,YJR009C,0,-6.790571,0.3842572867870331,0.9079999923706055,0.14550000429153442
YMR145C,YDR457W,0,-6.790637,0.3840947449207306,0.9079999923706055,0.14560000598430634
YBR297W,YDR489W,0,-6.791456,0.38393235206604004,0.9079999923706055,0.14569999277591705
YGL047W,YMR135C,0,-6.7920117,0.38377007842063904,0.9079999923706055,0.14579999446868896
YGR047C,YNL121C,0,-6.793125,0.38360795378685,0.9079999923706055,0.14589999616146088
YDL198C,YHR026W,0,-6.79321,0.38344594836235046,0.9079999923706055,0.1459999978542328
YGR220C,YPL093W,1,-6.7934,0.3837062120437622,0.9089999794960022,0.1459999978542328
YJR127C,YDR077W,0,-6.793849,0.38354429602622986,0.9089999794960022,0.1460999995470047
YPL120W,YML007W,0,-6.7945056,0.38338252902030945,0.9089999794960022,0.1462000012397766
YGR216C,YJL192C,0,-6.7951083,0.383220911026001,0.9089999794960022,0.14630000293254852
YBR199W,YOR043W,0,-6.79793,0.38305941224098206,0.9089999794960022,0.14640000462532043
YPL195W,YBR017C,0,-6.798542,0.3828980624675751,0.9089999794960022,0.14650000631809235
YDR108W,YGR119C,0,-6.7986107,0.38273683190345764,0.9089999794960022,0.14659999310970306
YMR280C,YBL007C,0,-6.7993655,0.38257575035095215,0.9089999794960022,0.14669999480247498
YMR213W,YPR179C,0,-6.799693,0.3824148178100586,0.9089999794960022,0.1467999964952469
YGR120C,YBR022W,0,-6.799708,0.3822540044784546,0.9089999794960022,0.1468999981880188
YDL231C,YER051W,0,-6.8005257,0.38209331035614014,0.9089999794960022,0.1469999998807907
YJL024C,YNL259C,0,-6.8007226,0.3819327652454376,0.9089999794960022,0.14710000157356262
YIL065C,YDR295C,0,-6.8014336,0.38177236914634705,0.9089999794960022,0.14720000326633453
YHL027W,YNR064C,0,-6.8023624,0.381612092256546,0.9089999794960022,0.14730000495910645
YDR240C,YMR227C,0,-6.802787,0.38145196437835693,0.9089999794960022,0.14740000665187836
YHR183W,YGR178C,0,-6.802829,0.3812919557094574,0.9089999794960022,0.14749999344348907
YKR026C,YPR189W,0,-6.803714,0.3811320662498474,0.9089999794960022,0.147599995136261
YMR237W,YER166W,0,-6.8048763,0.38097232580184937,0.9089999794960022,0.1476999968290329
YOR007C,YDR259C,0,-6.8051653,0.38081273436546326,0.9089999794960022,0.1477999985218048
YER166W,YDR096W,0,-6.8061,0.3806532621383667,0.9089999794960022,0.14790000021457672
YFL050C,YOR018W,0,-6.8070736,0.3804939389228821,0.9089999794960022,0.14800000190734863
YNL059C,YDR419W,0,-6.807207,0.380334734916687,0.9089999794960022,0.14810000360012054
YDR182W,YGR216C,0,-6.807281,0.3801756501197815,0.9089999794960022,0.14820000529289246
YGL200C,YKL073W,0,-6.8077183,0.3800167143344879,0.9089999794960022,0.14830000698566437
YDR221W,YLR039C,0,-6.8084464,0.3798579275608063,0.9089999794960022,0.14839999377727509
YGL032C,YNL261W,0,-6.808555,0.3796992599964142,0.9089999794960022,0.148499995470047
YDR225W,YJL035C,0,-6.8086205,0.37954071164131165,0.9089999794960022,0.1485999971628189
YCR018C,YDL190C,0,-6.808785,0.37938231229782104,0.9089999794960022,0.14869999885559082
YDL207W,YER013W,0,-6.809332,0.37922403216362,0.9089999794960022,0.14880000054836273
YBR135W,YDL166C,0,-6.809369,0.3790659010410309,0.9089999794960022,0.14890000224113464
YAL051W,YGR212W,0,-6.8106804,0.3789078891277313,0.9089999794960022,0.14900000393390656
YJL173C,YCL033C,0,-6.811212,0.3787499964237213,0.9089999794960022,0.14910000562667847
YPR128C,YGL137W,0,-6.8113494,0.37859225273132324,0.9089999794960022,0.14920000731945038
YKL179C,YML118W,0,-6.8115673,0.3784346282482147,0.9089999794960022,0.1492999941110611
YBR243C,YCR008W,0,-6.811596,0.37827715277671814,0.9089999794960022,0.149399995803833
YGR199W,YEL050C,0,-6.811653,0.3781197965145111,0.9089999794960022,0.14949999749660492
YPL255W,YGL113W,0,-6.8122663,0.377962589263916,0.9089999794960022,0.14959999918937683
YDR179C,YLR200W,0,-6.812317,0.3778054714202881,0.9089999794960022,0.14970000088214874
YLR055C,YLR305C,0,-6.8127365,0.3776485323905945,0.9089999794960022,0.14980000257492065
YML078W,YIL076W,0,-6.812943,0.37749168276786804,0.9089999794960022,0.14990000426769257
YPR171W,YMR016C,0,-6.813118,0.37733498215675354,0.9089999794960022,0.15000000596046448
YOL100W,YOR162C,0,-6.8145647,0.377178430557251,0.9089999794960022,0.1500999927520752
YGR220C,YLR022C,1,-6.8148603,0.3774367570877075,0.9100000262260437,0.1500999927520752
YHR077C,YBR106W,0,-6.815201,0.37728026509284973,0.9100000262260437,0.1501999944448471
YGL029W,YBR009C,0,-6.8154116,0.3771239221096039,0.9100000262260437,0.15029999613761902
YEL018W,YMR292W,0,-6.8157673,0.3769676983356476,0.9100000262260437,0.15039999783039093
YHR205W,YOR315W,0,-6.8163567,0.37681159377098083,0.9100000262260437,0.15049999952316284
YIR008C,YOR187W,0,-6.8169236,0.376655638217926,0.9100000262260437,0.15060000121593475
YLR314C,YBR057C,0,-6.8171287,0.37649980187416077,0.9100000262260437,0.15070000290870667
YBR279W,YGL095C,0,-6.8187065,0.37634408473968506,0.9100000262260437,0.15080000460147858
YJL190C,YNL229C,0,-6.8192186,0.3761885166168213,0.9100000262260437,0.1509000062942505
YIL051C,YLR292C,0,-6.820966,0.37603306770324707,0.9100000262260437,0.1509999930858612
YER149C,YCR052W,0,-6.8218956,0.3758777379989624,0.9100000262260437,0.15109999477863312
YML130C,YBR198C,0,-6.823247,0.3757225573062897,0.9100000262260437,0.15119999647140503
YOR211C,YMR100W,0,-6.823493,0.3755674660205841,0.9100000262260437,0.15129999816417694
YDR140W,YMR236W,0,-6.823993,0.37541255354881287,0.9100000262260437,0.15139999985694885
YGR092W,YIL031W,0,-6.8240585,0.3752577304840088,0.9100000262260437,0.15150000154972076
YNL051W,YPR101W,0,-6.8250265,0.37510305643081665,0.9100000262260437,0.15160000324249268
YPL178W,YGL241W,0,-6.825697,0.37494850158691406,0.9100000262260437,0.1517000049352646
YMR078C,YNL299W,0,-6.826076,0.374794065952301,0.9100000262260437,0.1518000066280365
YBR110W,YJR025C,0,-6.828132,0.3746397793292999,0.9100000262260437,0.15189999341964722
YPL084W,YNL051W,0,-6.828915,0.374485582113266,0.9100000262260437,0.15199999511241913
YDR198C,YOR151C,0,-6.829454,0.3743315637111664,0.9100000262260437,0.15209999680519104
YPL196W,YJR033C,0,-6.8302326,0.37417763471603394,0.9100000262260437,0.15219999849796295
YLR238W,YFR040W,0,-6.830567,0.37402382493019104,0.9100000262260437,0.15230000019073486
YDR376W,YAR002C-A,0,-6.8307743,0.3738701641559601,0.9100000262260437,0.15240000188350677
YLR114C,YOR299W,0,-6.8307886,0.3737166225910187,0.9100000262260437,0.1525000035762787
YLR324W,YPL120W,0,-6.8310313,0.3735632300376892,0.9100000262260437,0.1526000052690506
YOR073W,YPL063W,0,-6.8310814,0.3734099268913269,0.9100000262260437,0.1527000069618225
YOR119C,YGL044C,0,-6.8311787,0.37325677275657654,0.9100000262260437,0.15279999375343323
YOR267C,YJL222W,0,-6.833111,0.3731037378311157,0.9100000262260437,0.15289999544620514
YLR114C,YDL208W,0,-6.833123,0.37295082211494446,0.9100000262260437,0.15299999713897705
YDR512C,YMR004W,0,-6.8343487,0.37279802560806274,0.9100000262260437,0.15309999883174896
YDR358W,YDL076C,0,-6.83502,0.37264537811279297,0.9100000262260437,0.15320000052452087
YDR375C,YGL018C,0,-6.835903,0.37249284982681274,0.9100000262260437,0.15330000221729279
YBR200W,YOR001W,0,-6.836413,0.3723404109477997,0.9100000262260437,0.1534000039100647
YCR063W,YJR042W,0,-6.8371825,0.37218815088272095,0.9100000262260437,0.1535000056028366
YBR109C,YPR162C,0,-6.837714,0.3720359802246094,0.9100000262260437,0.15360000729560852
YER027C,YDL052C,0,-6.8392954,0.37188392877578735,0.9100000262260437,0.15369999408721924
YOR067C,YOR056C,0,-6.839431,0.37173202633857727,0.9100000262260437,0.15379999577999115
YER065C,YIR006C,0,-6.8397074,0.37158024311065674,0.9100000262260437,0.15389999747276306
YOR316C,YDR077W,0,-6.8399057,0.37142857909202576,0.9100000262260437,0.15399999916553497
YNL297C,YGL066W,0,-6.841458,0.3712770342826843,0.9100000262260437,0.15410000085830688
YBR121C,YBR082C,0,-6.8417587,0.37112560868263245,0.9100000262260437,0.1542000025510788
YLR013W,YCL066W,0,-6.8418555,0.3709743022918701,0.9100000262260437,0.1543000042438507
YIL009W,YLR033W,0,-6.8426027,0.3708231449127197,0.9100000262260437,0.15440000593662262
YNL225C,YHR152W,0,-6.8429694,0.3706721067428589,0.9100000262260437,0.15449999272823334
YGL191W,YER143W,0,-6.8431377,0.3705211579799652,0.9100000262260437,0.15459999442100525
YNL080C,YGR004W,0,-6.8435745,0.37037035822868347,0.9100000262260437,0.15469999611377716
YER155C,YPL042C,0,-6.8442326,0.3702196776866913,0.9100000262260437,0.15479999780654907
YPL085W,YLR383W,0,-6.844526,0.37006914615631104,0.9100000262260437,0.15489999949932098
YER007W,YMR229C,0,-6.844608,0.36991870403289795,0.9100000262260437,0.1550000011920929
YOR204W,YKL048C,0,-6.845343,0.3697683811187744,0.9100000262260437,0.1551000028848648
YOR355W,YDR381W,0,-6.845395,0.3696182072162628,0.9100000262260437,0.15520000457763672
YHR011W,YCR091W,0,-6.845843,0.3694681227207184,0.9100000262260437,0.15530000627040863
YJL091C,YOL026C,0,-6.846257,0.3693181872367859,0.9100000262260437,0.15539999306201935
YOR269W,YLR200W,0,-6.8467236,0.36916837096214294,0.9100000262260437,0.15549999475479126
YOR057W,YMR302C,0,-6.846779,0.36901864409446716,0.9100000262260437,0.15559999644756317
YPL255W,YGR216C,0,-6.8473396,0.3688690662384033,0.9100000262260437,0.15569999814033508
YMR100W,YJL004C,0,-6.8474536,0.36871960759162903,0.9100000262260437,0.155799999833107
YLL001W,YOL003C,0,-6.84756,0.3685702681541443,0.9100000262260437,0.1559000015258789
YPL125W,YGL129C,0,-6.8486304,0.3684210479259491,0.9100000262260437,0.15600000321865082
YKR026C,YLR084C,0,-6.84908,0.36827194690704346,0.9100000262260437,0.15610000491142273
YPR112C,YML064C,0,-6.849806,0.36812296509742737,0.9100000262260437,0.15620000660419464
YGL093W,YDL077C,0,-6.8500366,0.3679741322994232,0.9100000262260437,0.15629999339580536
YNL142W,YGR178C,0,-6.851528,0.36782538890838623,0.9100000262260437,0.15639999508857727
YPL001W,YJL069C,0,-6.8515816,0.3676767647266388,0.9100000262260437,0.15649999678134918
YLR222C,YPR173C,0,-6.851784,0.3675282597541809,0.9100000262260437,0.1565999984741211
YER146W,YOR295W,0,-6.853473,0.36737990379333496,0.9100000262260437,0.156700000166893
YJL060W,YLR216C,0,-6.8534822,0.3672316372394562,0.9100000262260437,0.15680000185966492
YLR051C,YDL047W,0,-6.8540535,0.36708348989486694,0.9100000262260437,0.15690000355243683
YLR148W,YHR060W,0,-6.854195,0.36693549156188965,0.9100000262260437,0.15700000524520874
YJL117W,YMR229C,0,-6.855983,0.3667875826358795,0.9100000262260437,0.15710000693798065
YMR275C,YMR208W,0,-6.856328,0.36663979291915894,0.9100000262260437,0.15719999372959137
YDR299W,YOR140W,0,-6.856333,0.3664921522140503,0.9100000262260437,0.15729999542236328
YLL036C,YJL168C,0,-6.8572874,0.3663446009159088,0.9100000262260437,0.1573999971151352
YPR120C,YPL007C,0,-6.857566,0.3661971688270569,0.9100000262260437,0.1574999988079071
YJL104W,YER171W,0,-6.8577266,0.3660498857498169,0.9100000262260437,0.15760000050067902
YLR002C,YBR081C,0,-6.858683,0.36590269207954407,0.9100000262260437,0.15770000219345093
YNR043W,YEL031W,0,-6.8586864,0.3657556176185608,0.9100000262260437,0.15780000388622284
YDR054C,YKR034W,0,-6.859338,0.36560869216918945,0.9100000262260437,0.15790000557899475
YPR051W,YGL257C,0,-6.8594503,0.3654618561267853,0.9100000262260437,0.15800000727176666
YNL173C,YML007W,0,-6.86022,0.36531513929367065,0.9100000262260437,0.15809999406337738
YLR353W,YLR449W,0,-6.8605585,0.3651685416698456,0.9100000262260437,0.1581999957561493
YLR310C,YKL110C,0,-6.8606806,0.36502206325531006,0.9100000262260437,0.1582999974489212
YPR081C,YNR031C,0,-6.861517,0.3648757040500641,0.9100000262260437,0.15839999914169312
YBR205W,YKL214C,0,-6.863404,0.36472946405410767,0.9100000262260437,0.15850000083446503
YIL065C,YNL093W,0,-6.8636117,0.3645833432674408,0.9100000262260437,0.15860000252723694
YMR023C,YDR265W,0,-6.8637333,0.3644373118877411,0.9100000262260437,0.15870000422000885
YKL134C,YGR038W,0,-6.8638554,0.3642914295196533,0.9100000262260437,0.15880000591278076
YBL056W,YNL272C,0,-6.864043,0.3641456663608551,0.9100000262260437,0.15889999270439148
YJL138C,YEL020W-A,0,-6.864191,0.36399999260902405,0.9100000262260437,0.1589999943971634
YPL255W,YIR002C,0,-6.8642745,0.36385446786880493,0.9100000262260437,0.1590999960899353
YGR175C,YDR447C,0,-6.8643713,0.363709032535553,0.9100000262260437,0.15919999778270721
YJR147W,YLR002C,0,-6.8644724,0.3635637164115906,0.9100000262260437,0.15929999947547913
YBR112C,YNL169C,0,-6.865034,0.3634185194969177,0.9100000262260437,0.15940000116825104
YGR038W,YDR247W,0,-6.8651633,0.3632734417915344,0.9100000262260437,0.15950000286102295
YLR309C,YOR181W,0,-6.865489,0.3631284832954407,0.9100000262260437,0.15960000455379486
YOL149W,YEL034W,0,-6.8659544,0.3629836440086365,0.9100000262260437,0.15970000624656677
YOR080W,YFR055W,0,-6.8660173,0.3628389239311218,0.9100000262260437,0.1597999930381775
YDL208W,YLR298C,0,-6.867229,0.36269429326057434,0.9100000262260437,0.1598999947309494
YGL173C,YJL143W,0,-6.8675776,0.3625498116016388,0.9100000262260437,0.1599999964237213
YDR201W,YKR037C,0,-6.8678837,0.3624054193496704,0.9100000262260437,0.16009999811649323
YML086C,YDR440W,0,-6.8683996,0.3622611463069916,0.9100000262260437,0.16019999980926514
YOR089C,YHR135C,0,-6.8684063,0.3621169924736023,0.9100000262260437,0.16030000150203705
YBR022W,YGL113W,0,-6.8685775,0.36197295784950256,0.9100000262260437,0.16040000319480896
YPL048W,YBL051C,0,-6.869603,0.36182901263237,0.9100000262260437,0.16050000488758087
YBR135W,YHR148W,0,-6.870304,0.36168521642684937,0.9100000262260437,0.16060000658035278
YPL053C,YGR047C,0,-6.870304,0.3615415096282959,0.9100000262260437,0.1606999933719635
YKR026C,YBL052C,0,-6.8705287,0.361397922039032,0.9100000262260437,0.1607999950647354
YFL045C,YDR362C,0,-6.8705683,0.3612544536590576,0.9100000262260437,0.16089999675750732
YBR079C,YNL263C,0,-6.871338,0.3611111044883728,0.9100000262260437,0.16099999845027924
YDL134C,YDR422C,0,-6.8725033,0.36096787452697754,0.9100000262260437,0.16110000014305115
YMR137C,YMR227C,0,-6.874333,0.36082473397254944,0.9100000262260437,0.16120000183582306
YKR048C,YLR002C,0,-6.874506,0.3606817424297333,0.9100000262260437,0.16130000352859497
YGR252W,YDR473C,0,-6.874624,0.3605388402938843,0.9100000262260437,0.16140000522136688
YNR035C,YMR067C,0,-6.874756,0.36039602756500244,0.9100000262260437,0.1615000069141388
YBR086C,YJR126C,0,-6.8749247,0.36025336384773254,0.9100000262260437,0.1615999937057495
YPL001W,YNL079C,0,-6.874939,0.3601107895374298,0.9100000262260437,0.16169999539852142
YNR013C,YOL143C,0,-6.8749847,0.359968364238739,0.9100000262260437,0.16179999709129333
YDR025W,YJR135W-A,0,-6.8765163,0.3598260283470154,0.9100000262260437,0.16189999878406525
YHR188C,YGR288W,0,-6.877606,0.3596837818622589,0.9100000262260437,0.16200000047683716
YHR082C,YPL164C,0,-6.8778324,0.3595416843891144,0.9100000262260437,0.16210000216960907
YOR201C,YPL085W,0,-6.8778696,0.359399676322937,0.9100000262260437,0.16220000386238098
YKL149C,YIR002C,0,-6.8779273,0.3592577874660492,0.9100000262260437,0.1623000055551529
YCR034W,YDR492W,0,-6.8781075,0.3591160178184509,0.9100000262260437,0.1624000072479248
YDR356W,YDL159W,0,-6.878312,0.3589743673801422,0.9100000262260437,0.16249999403953552
YKR082W,YNL261W,0,-6.878546,0.35883280634880066,0.9100000262260437,0.16259999573230743
YJR147W,YGL168W,0,-6.8790264,0.35869136452674866,0.9100000262260437,0.16269999742507935
YCR086W,YNL126W,0,-6.879902,0.3585500419139862,0.9100000262260437,0.16279999911785126
YOR133W,YPR125W,0,-6.8816366,0.3584088087081909,0.9100000262260437,0.16290000081062317
YLR320W,YER116C,0,-6.8819327,0.35826772451400757,0.9100000262260437,0.16300000250339508
YPL174C,YBL018C,0,-6.8826437,0.3581267297267914,0.9100000262260437,0.163100004196167
YBR195C,YBL020W,0,-6.8831277,0.35798582434654236,0.9100000262260437,0.1632000058889389
YMR168C,YEL009C,0,-6.8835945,0.3578450679779053,0.9100000262260437,0.16329999268054962
YJR125C,YJL093C,0,-6.8838654,0.35770440101623535,0.9100000262260437,0.16339999437332153
YNL041C,YDR311W,0,-6.8839207,0.357563853263855,0.9100000262260437,0.16349999606609344
YMR213W,YMR093W,0,-6.88399,0.3574233949184418,0.9100000262260437,0.16359999775886536
YFL055W,YHL006C,0,-6.8861084,0.3572830855846405,0.9100000262260437,0.16369999945163727
YGR217W,YML069W,0,-6.886363,0.3571428656578064,0.9100000262260437,0.16380000114440918
YGR213C,YDR330W,0,-6.88786,0.35700273513793945,0.9100000262260437,0.1639000028371811
YJR007W,YML038C,0,-6.888261,0.35686275362968445,0.9100000262260437,0.164000004529953
YPL152W,YML001W,0,-6.888981,0.3567228615283966,0.9100000262260437,0.16410000622272491
YBR243C,YOR362C,0,-6.8893995,0.3565830588340759,0.9100000262260437,0.16419999301433563
YOR250C,YGR091W,0,-6.8897457,0.3564434051513672,0.9100000262260437,0.16429999470710754
YDR435C,YBR117C,0,-6.890378,0.3563038408756256,0.9100000262260437,0.16439999639987946
YDR503C,YGL115W,0,-6.8904543,0.3561643958091736,0.9100000262260437,0.16449999809265137
YBL008W,YER120W,0,-6.8924837,0.3560250401496887,0.9100000262260437,0.16459999978542328
YER161C,YDL060W,0,-6.8927546,0.3558858036994934,0.9100000262260437,0.1647000014781952
YLR088W,YJR042W,0,-6.8943367,0.35574668645858765,0.9100000262260437,0.1648000031709671
YNL221C,YBL018C,0,-6.8952003,0.35560765862464905,0.9100000262260437,0.164900004863739
YNL021W,YJL002C,0,-6.895933,0.35546875,0.9100000262260437,0.16500000655651093
YGR252W,YEL032W,0,-6.89694,0.3553299605846405,0.9100000262260437,0.16509999334812164
YJR047C,YGL222C,0,-6.897045,0.35519126057624817,0.9100000262260437,0.16519999504089355
YER157W,YJL124C,0,-6.8971405,0.3550526797771454,0.9100000262260437,0.16529999673366547
YJL061W,YGL022W,0,-6.8978677,0.35491418838500977,0.9100000262260437,0.16539999842643738
YLR113W,YIR021W,0,-6.8987994,0.3547758162021637,0.9100000262260437,0.1655000001192093
YMR211W,YFL005W,0,-6.899385,0.3546375632286072,0.9100000262260437,0.1656000018119812
YDL130W,YNL313C,0,-6.9000454,0.3544994294643402,0.9100000262260437,0.1657000035047531
YKL192C,YJL005W,0,-6.9003067,0.3543613851070404,0.9100000262260437,0.16580000519752502
YBR133C,YIL051C,0,-6.9007654,0.35422343015670776,0.9100000262260437,0.16590000689029694
YLR028C,YKL062W,0,-6.9017277,0.3540855944156647,0.9100000262260437,0.16599999368190765
YGR193C,YBR168W,0,-6.9019685,0.35394787788391113,0.9100000262260437,0.16609999537467957
YOR112W,YCL051W,0,-6.902154,0.35381025075912476,0.9100000262260437,0.16619999706745148
YLR060W,YDR240C,0,-6.9023128,0.35367274284362793,0.9100000262260437,0.1662999987602234
YKL204W,YJR006W,0,-6.9023857,0.35353535413742065,0.9100000262260437,0.1664000004529953
YGR220C,YOR063W,1,-6.903446,0.3537864089012146,0.9110000133514404,0.1664000004529953
YML099C,YER107C,0,-6.904531,0.3536490797996521,0.9110000133514404,0.1665000021457672
YGR253C,YNL272C,0,-6.9051743,0.35351184010505676,0.9110000133514404,0.16660000383853912
YGR220C,YLR075W,1,-6.905249,0.35376259684562683,0.9120000004768372,0.16660000383853912
YIL051C,YOR153W,0,-6.905531,0.35362544655799866,0.9120000004768372,0.16670000553131104
YCR088W,YER026C,0,-6.9055805,0.35348838567733765,0.9120000004768372,0.16680000722408295
YHR070W,YLR410W,0,-6.9059887,0.3533514142036438,0.9120000004768372,0.16689999401569366
YPL006W,YCR012W,0,-6.9062524,0.3532145619392395,0.9120000004768372,0.16699999570846558
YGL200C,YBR093C,0,-6.9064054,0.35307782888412476,0.9120000004768372,0.1670999974012375
YAL013W,YPL055C,0,-6.906773,0.3529411852359772,0.9120000004768372,0.1671999990940094
YNL059C,YGL194C,0,-6.9069843,0.35280463099479675,0.9120000004768372,0.1673000007867813
YBR055C,YNL197C,0,-6.9076576,0.35266822576522827,0.9120000004768372,0.16740000247955322
YLR186W,YDR143C,0,-6.907901,0.35253188014030457,0.9120000004768372,0.16750000417232513
YAL059W,YJL041W,0,-6.908027,0.3523956835269928,0.9120000004768372,0.16760000586509705
YMR036C,YMR313C,0,-6.908084,0.3522595465183258,0.9120000004768372,0.16769999265670776
YMR220W,YPR108W,0,-6.909508,0.35212355852127075,0.9120000004768372,0.16779999434947968
YFR048W,YGR002C,0,-6.9100685,0.35198765993118286,0.9120000004768372,0.1678999960422516
YBL035C,YNL169C,0,-6.9103603,0.35185185074806213,0.9120000004768372,0.1679999977350235
YOR117W,YDR477W,0,-6.910431,0.35171616077423096,0.9120000004768372,0.1680999994277954
YBR167C,YGR116W,0,-6.910872,0.35158056020736694,0.9120000004768372,0.16820000112056732
YLR097C,YBR111W-A,0,-6.911187,0.3514450788497925,0.9120000004768372,0.16830000281333923
YDR091C,YML025C,1,-6.9117107,0.35169491171836853,0.9129999876022339,0.16830000281333923
YNL142W,YOL112W,0,-6.911976,0.35155948996543884,0.9129999876022339,0.16840000450611115
YKL046C,YJL094C,0,-6.9121313,0.3514241576194763,0.9129999876022339,0.16850000619888306
YJR043C,YNL221C,0,-6.912483,0.35128894448280334,0.9129999876022339,0.16859999299049377
YML006C,YGR089W,0,-6.9133883,0.3511538505554199,0.9129999876022339,0.16869999468326569
YFL055W,YAL040C,0,-6.9144773,0.35101884603500366,0.9129999876022339,0.1687999963760376
YNR043W,YKL196C,0,-6.9146233,0.35088393092155457,0.9129999876022339,0.1688999980688095
YMR237W,YOL111C,0,-6.915928,0.350749135017395,0.9129999876022339,0.16899999976158142
YPR135W,YKR001C,0,-6.9161043,0.35061442852020264,0.9129999876022339,0.16910000145435333
YNL223W,YNL051W,0,-6.916298,0.3504798412322998,0.9129999876022339,0.16920000314712524
YDL078C,YNR031C,0,-6.9166346,0.35034534335136414,0.9129999876022339,0.16930000483989716
YOL149W,YOR308C,0,-6.9171734,0.350210964679718,0.9129999876022339,0.16940000653266907
YDR221W,YNL139C,0,-6.917453,0.35007667541503906,0.9129999876022339,0.16949999332427979
YDR446W,YBR082C,0,-6.9174647,0.34994250535964966,0.9129999876022339,0.1695999950170517
YGR029W,YMR314W,0,-6.917856,0.3498084247112274,0.9129999876022339,0.1696999967098236
YOR113W,YOL147C,0,-6.9180756,0.3496744632720947,0.9129999876022339,0.16979999840259552
YBR200W,YGL106W,0,-6.918615,0.3495405912399292,0.9129999876022339,0.16990000009536743
YOL027C,YDR175C,0,-6.9188213,0.34940680861473083,0.9129999876022339,0.17000000178813934
YGR170W,YJR035W,0,-6.918899,0.349273145198822,0.9129999876022339,0.17010000348091125
YML057W,YLR092W,0,-6.9206047,0.34913957118988037,0.9129999876022339,0.17020000517368317
YPL058C,YHR165C,0,-6.920709,0.34900611639022827,0.9129999876022339,0.17030000686645508
YOR335C,YGL210W-A,0,-6.92169,0.34887275099754333,0.9129999876022339,0.1703999936580658
YBR260C,YBR223C,0,-6.9222856,0.34873950481414795,0.9129999876022339,0.1704999953508377
YEL009C,YIL014W,0,-6.9224434,0.3486063480377197,0.9129999876022339,0.17059999704360962
YMR292W,YJR043C,0,-6.922451,0.34847328066825867,0.9129999876022339,0.17069999873638153
YBL063W,YMR022W,0,-6.922706,0.34834033250808716,0.9129999876022339,0.17080000042915344
YPL228W,YAL003W,0,-6.9234943,0.3482074737548828,0.9129999876022339,0.17090000212192535
YOL116W,YOR117W,0,-6.9243336,0.348074734210968,0.9129999876022339,0.17100000381469727
YBL040C,YCR073W-A,0,-6.9257054,0.3479420840740204,0.9129999876022339,0.17110000550746918
YER107C,YCR031C,0,-6.9261646,0.3478095233440399,0.9129999876022339,0.1712000072002411
YGR253C,YIL153W,0,-6.9262204,0.347677081823349,0.9129999876022339,0.1712999939918518
YDR164C,YPL176C,0,-6.926288,0.34754472970962524,0.9129999876022339,0.17139999568462372
YAL013W,YJL085W,0,-6.9264235,0.34741246700286865,0.9129999876022339,0.17149999737739563
YLR303W,YPR132W,0,-6.926739,0.3472803235054016,0.9129999876022339,0.17159999907016754
YHR015W,YFL060C,0,-6.9268255,0.3471482992172241,0.9129999876022339,0.17170000076293945
YAL026C,YGR170W,0,-6.928379,0.3470163345336914,0.9129999876022339,0.17180000245571136
YPL001W,YGL144C,0,-6.9286337,0.34688448905944824,0.9129999876022339,0.17190000414848328
YPR029C,YOR137C,0,-6.928997,0.34675276279449463,0.9129999876022339,0.1720000058412552
YCL051W,YML041C,0,-6.9292316,0.3466210961341858,0.9129999876022339,0.1720999926328659
YDL178W,YDR172W,0,-6.929682,0.3464895486831665,0.9129999876022339,0.17219999432563782
YFR019W,YCL040W,0,-6.930094,0.34635812044143677,0.9129999876022339,0.17229999601840973
YMR220W,YOR281C,0,-6.930771,0.3462267816066742,0.9129999876022339,0.17239999771118164
YLL022C,YGR047C,0,-6.9310355,0.3460955321788788,0.9129999876022339,0.17249999940395355
YBR034C,YEL065W,0,-6.931093,0.34596437215805054,0.9129999876022339,0.17260000109672546
YJR144W,YJL041W,0,-6.9314694,0.34583333134651184,0.9129999876022339,0.17270000278949738
YDR512C,YNL007C,0,-6.9320865,0.3457023799419403,0.9129999876022339,0.1728000044822693
YML086C,YDL064W,0,-6.933778,0.3455715477466583,0.9129999876022339,0.1729000061750412
YOR245C,YCL067C,0,-6.933837,0.3454407751560211,0.9129999876022339,0.17299999296665192
YJL042W,YNL093W,0,-6.9340315,0.34531012177467346,0.9129999876022339,0.17309999465942383
YJL190C,YOR068C,0,-6.9344864,0.34517958760261536,0.9129999876022339,0.17319999635219574
YPL119C,YDR213W,0,-6.935443,0.3450491428375244,0.9129999876022339,0.17329999804496765
YLR189C,YMR015C,0,-6.9356503,0.34491878747940063,0.9129999876022339,0.17339999973773956
YDR488C,YPL042C,0,-6.9358163,0.344788521528244,0.9129999876022339,0.17350000143051147
YDR123C,YCR018C,0,-6.936065,0.34465837478637695,0.9129999876022339,0.1736000031232834
YKL054C,YOR229W,0,-6.9363027,0.34452828764915466,0.9129999876022339,0.1737000048160553
YML061C,YBR061C,0,-6.936314,0.3443983495235443,0.9129999876022339,0.1738000065088272
YER109C,YGL207W,0,-6.9365973,0.34426847100257874,0.9129999876022339,0.17389999330043793
YER183C,YEL009C,0,-6.9370666,0.3441387116909027,0.9129999876022339,0.17399999499320984
YOR126C,YKL193C,0,-6.937261,0.34400904178619385,0.9129999876022339,0.17409999668598175
YOR011W,YGR128C,0,-6.9374633,0.34387946128845215,0.9129999876022339,0.17419999837875366
YKL182W,YMR272C,0,-6.937709,0.34375,0.9129999876022339,0.17430000007152557
YOR112W,YHR205W,0,-6.937876,0.343620628118515,0.9129999876022339,0.17440000176429749
YHR008C,YPR024W,0,-6.9386835,0.3434913456439972,0.9129999876022339,0.1745000034570694
YJR143C,YJR044C,0,-6.939477,0.34336215257644653,0.9129999876022339,0.1746000051498413
YHR186C,YDR159W,0,-6.9396505,0.3432330787181854,0.9129999876022339,0.17470000684261322
YJR108W,YKL013C,0,-6.939762,0.3431040942668915,0.9129999876022339,0.17479999363422394
YML118W,YOR321W,0,-6.940757,0.3429751992225647,0.9129999876022339,0.17489999532699585
YPR049C,YHR001W,0,-6.941061,0.34284642338752747,0.9129999876022339,0.17499999701976776
YHR052W,YML025C,1,-6.941148,0.3430930972099304,0.9139999747276306,0.17499999701976776
YGR030C,YDR143C,0,-6.941326,0.3429643511772156,0.9139999747276306,0.17509999871253967
YBL042C,YLR347C,0,-6.9414625,0.3428356945514679,0.9139999747276306,0.17520000040531158
YDR212W,YML038C,0,-6.94217,0.34270715713500977,0.9139999747276306,0.1753000020980835
YKR090W,YDR447C,0,-6.9426317,0.3425787091255188,0.9139999747276306,0.1754000037908554
YKL074C,YGR074W,0,-6.943795,0.342450350522995,0.9139999747276306,0.17550000548362732
YER016W,YPL016W,0,-6.944395,0.34232211112976074,0.9139999747276306,0.17560000717639923
YBL040C,YOR127W,0,-6.9445534,0.34219393134117126,0.9139999747276306,0.17569999396800995
YJL094C,YOR085W,0,-6.945052,0.34206587076187134,0.9139999747276306,0.17579999566078186
YLR102C,YDR494W,0,-6.9456596,0.3419378995895386,0.9139999747276306,0.17589999735355377
YBL097W,YPR141C,0,-6.9457912,0.341810017824173,0.9139999747276306,0.17599999904632568
YHR115C,YLR363C,0,-6.946522,0.3416822552680969,0.9139999747276306,0.1761000007390976
YLR115W,YLR190W,0,-6.9483128,0.34155455231666565,0.9139999747276306,0.1762000024318695
YLR165C,YML001W,0,-6.948414,0.3414269685745239,0.9139999747276306,0.17630000412464142
YDR211W,YDL055C,0,-6.9489717,0.34129947423934937,0.9139999747276306,0.17640000581741333
YBR110W,YBR130C,0,-6.9489756,0.34117206931114197,0.9139999747276306,0.17649999260902405
YPL037C,YNL097C,0,-6.949009,0.3410447835922241,0.9139999747276306,0.17659999430179596
YMR065W,YPL045W,0,-6.949483,0.34091755747795105,0.9139999747276306,0.17669999599456787
YER036C,YDR469W,0,-6.950545,0.34079045057296753,0.9139999747276306,0.17679999768733978
YGR220C,YGL120C,1,-6.951022,0.3410361409187317,0.9150000214576721,0.17679999768733978
YKR022C,YOR265W,0,-6.95157,0.34090909361839294,0.9150000214576721,0.1768999993801117
YEL071W,YIL075C,0,-6.95169,0.34078213572502136,0.9150000214576721,0.1770000010728836
YLR229C,YOR025W,0,-6.951866,0.34065523743629456,0.9150000214576721,0.17710000276565552
YGL116W,YIL139C,0,-6.952035,0.3405284583568573,0.9150000214576721,0.17720000445842743
YGR246C,YDR412W,0,-6.9531474,0.3404017984867096,0.9150000214576721,0.17730000615119934
YKR083C,YDR235W,0,-6.953977,0.34027519822120667,0.9150000214576721,0.17739999294281006
YDR179C,YDL148C,0,-6.9546905,0.3401486873626709,0.9150000214576721,0.17749999463558197
YBR057C,YDR176W,0,-6.954931,0.3400222957134247,0.9150000214576721,0.17759999632835388
YHR183W,YDL060W,0,-6.955046,0.33989599347114563,0.9150000214576721,0.1776999980211258
YPR108W,YPL083C,0,-6.955201,0.33976978063583374,0.9150000214576721,0.1777999997138977
YKL192C,YDR435C,0,-6.955326,0.339643657207489,0.9150000214576721,0.17790000140666962
YMR200W,YCR073W-A,0,-6.9558845,0.33951762318611145,0.9150000214576721,0.17800000309944153
YPL256C,YER120W,0,-6.9559703,0.33939167857170105,0.9150000214576721,0.17810000479221344
YBR086C,YGR289C,0,-6.9560785,0.3392658531665802,0.9150000214576721,0.17820000648498535
YPR135W,YPL001W,0,-6.957573,0.3391401171684265,0.9150000214576721,0.17829999327659607
YLR207W,YMR067C,0,-6.95864,0.3390144407749176,0.9150000214576721,0.17839999496936798
YER148W,YNL121C,0,-6.958756,0.33888888359069824,0.9150000214576721,0.1784999966621399
YFL039C,YPL078C,0,-6.9592094,0.33876341581344604,0.9150000214576721,0.1785999983549118
YGR145W,YJR135C,0,-6.9594803,0.338638037443161,0.9150000214576721,0.17870000004768372
YKR099W,YCL011C,0,-6.959817,0.3385127782821655,0.9150000214576721,0.17880000174045563
YGL254W,YDR140W,0,-6.9599514,0.3383875787258148,0.9150000214576721,0.17890000343322754
YNL101W,YBL025W,0,-6.96021,0.3382624685764313,0.9150000214576721,0.17900000512599945
YMR312W,YML006C,0,-6.9606037,0.3381374776363373,0.9150000214576721,0.17910000681877136
YOR100C,YPL240C,0,-6.9608984,0.33801254630088806,0.9150000214576721,0.17919999361038208
YAL058W,YER074W-A,0,-6.9610662,0.3378877341747284,0.9150000214576721,0.179299995303154
YDR499W,YLR212C,0,-6.961246,0.3377630114555359,0.9150000214576721,0.1793999969959259
YGL054C,YMR127C,0,-6.961413,0.33763837814331055,0.9150000214576721,0.17949999868869781
YLR449W,YLR298C,0,-6.9622784,0.33751383423805237,0.9150000214576721,0.17960000038146973
YGL020C,YOR117W,0,-6.962784,0.33738937973976135,0.9150000214576721,0.17970000207424164
YLR309C,YLR438C-A,0,-6.9637423,0.3372650146484375,0.9150000214576721,0.17980000376701355
YCR010C,YPL221W,0,-6.963963,0.3371407389640808,0.9150000214576721,0.17990000545978546
YOR142W,YLR039C,0,-6.9644976,0.33701658248901367,0.9150000214576721,0.18000000715255737
YHR183W,YCR018C,0,-6.9648275,0.3368924856185913,0.9150000214576721,0.1800999939441681
YEL034W,YDL076C,0,-6.965831,0.3367685079574585,0.9150000214576721,0.18019999563694
YKL125W,YLR298C,0,-6.9674864,0.33664458990097046,0.9150000214576721,0.18029999732971191
YHR152W,YDR545W,0,-6.9683166,0.336520791053772,0.9150000214576721,0.18039999902248383
YDR418W,YML025C,1,-6.968418,0.33676469326019287,0.9160000085830688,0.18039999902248383
YDR470C,YIL039W,0,-6.9692044,0.33664095401763916,0.9160000085830688,0.18050000071525574
YGR040W,YLR190W,0,-6.9694176,0.3365172743797302,0.9160000085830688,0.18060000240802765
YKL054C,YJL190C,0,-6.9697094,0.33639368414878845,0.9160000085830688,0.18070000410079956
YOR347C,YMR273C,0,-6.9704227,0.33627018332481384,0.9160000085830688,0.18080000579357147
YMR200W,YER129W,0,-6.9704914,0.3361468017101288,0.9160000085830688,0.1808999925851822
YBL006C,YBR257W,0,-6.970799,0.3360234797000885,0.9160000085830688,0.1809999942779541
YML110C,YNR032W,0,-6.9709177,0.3359002470970154,0.9160000085830688,0.181099995970726
YER143W,YDR532C,0,-6.9714136,0.3357771337032318,0.9160000085830688,0.18119999766349792
YLR385C,YJL187C,0,-6.972272,0.335654079914093,0.9160000085830688,0.18129999935626984
YDR300C,YGR005C,0,-6.973296,0.3355311453342438,0.9160000085830688,0.18140000104904175
YDL178W,YJR132W,0,-6.973363,0.3354082703590393,0.9160000085830688,0.18150000274181366
YFL031W,YGR101W,0,-6.9735394,0.3352855145931244,0.9160000085830688,0.18160000443458557
YHR170W,YML025C,1,-6.9745216,0.33552873134613037,0.9169999957084656,0.18160000443458557
YIL076W,YJL035C,0,-6.975448,0.33540600538253784,0.9169999957084656,0.18170000612735748
YPL259C,YOR347C,0,-6.9755316,0.3352833688259125,0.9169999957084656,0.1817999929189682
YBR103W,YLR313C,0,-6.975692,0.3351608216762543,0.9169999957084656,0.1818999946117401
YCL034W,YKR001C,0,-6.976451,0.33503836393356323,0.9169999957084656,0.18199999630451202
YDR224C,YHR031C,0,-6.976651,0.33491599559783936,0.9169999957084656,0.18209999799728394
YBR245C,YLR438C-A,0,-6.976745,0.33479371666908264,0.9169999957084656,0.18219999969005585
YPL267W,YHR166C,0,-6.97709,0.3346715271472931,0.9169999957084656,0.18230000138282776
YGR183C,YMR156C,0,-6.9774303,0.3345494270324707,0.9169999957084656,0.18240000307559967
YLR285W,YNL263C,0,-6.977577,0.3344274163246155,0.9169999957084656,0.18250000476837158
YDR434W,YDR224C,0,-6.978685,0.3343054950237274,0.9169999957084656,0.1826000064611435
YHL031C,YGL136C,0,-6.978991,0.3341836631298065,0.9169999957084656,0.1826999932527542
YPL078C,YIL007C,0,-6.980096,0.3340619206428528,0.9169999957084656,0.18279999494552612
YER056C,YCR020W-B,0,-6.9805427,0.3339402675628662,0.9169999957084656,0.18289999663829803
YFL002C,YML025C,1,-6.98105,0.3341827392578125,0.9179999828338623,0.18289999663829803
YDR093W,YOR207C,0,-6.9816866,0.3340611457824707,0.9179999828338623,0.18299999833106995
YHR142W,YER042W,0,-6.9817543,0.3339396119117737,0.9179999828338623,0.18310000002384186
YPL078C,YNL031C,0,-6.981945,0.3338181674480438,0.9179999828338623,0.18320000171661377
YLR347C,YOR332W,0,-6.9828644,0.3336968421936035,0.9179999828338623,0.18330000340938568
YMR083W,YGR159C,0,-6.9830914,0.333575576543808,0.9179999828338623,0.1834000051021576
YCR039C,YDL097C,0,-6.983574,0.3334544003009796,0.9179999828338623,0.1835000067949295
YPR175W,YOL102C,0,-6.9837904,0.3333333432674408,0.9179999828338623,0.18359999358654022
YJL085W,YBR245C,0,-6.984214,0.33321234583854675,0.9179999828338623,0.18369999527931213
YHR129C,YLL021W,0,-6.9843946,0.3330914378166199,0.9179999828338623,0.18379999697208405
YOR150W,YLR075W,1,-6.9851613,0.3333333432674408,0.9190000295639038,0.18379999697208405
YGR036C,YMR264W,0,-6.987007,0.3332124650478363,0.9190000295639038,0.18389999866485596
YLR035C,YDL007W,0,-6.9873266,0.33309170603752136,0.9190000295639038,0.18400000035762787
YOR216C,YDR311W,0,-6.9879103,0.3329710066318512,0.9190000295639038,0.18410000205039978
YNL062C,YJL192C,0,-6.98831,0.3328504264354706,0.9190000295639038,0.1842000037431717
YML086C,YGR172C,0,-6.988589,0.33272990584373474,0.9190000295639038,0.1843000054359436
YML006C,YGR133W,0,-6.988662,0.33260947465896606,0.9190000295639038,0.18440000712871552
YDR494W,YPL144W,0,-6.9891434,0.33248913288116455,0.9190000295639038,0.18449999392032623
YLL035W,YPL019C,0,-6.989734,0.3323689103126526,0.9190000295639038,0.18459999561309814
YCL051W,YIL144W,0,-6.989826,0.3322487473487854,0.9190000295639038,0.18469999730587006
YKL057C,YDL097C,0,-6.9902563,0.3321286737918854,0.9190000295639038,0.18479999899864197
YCR033W,YMR243C,0,-6.9912353,0.3320086598396301,0.9190000295639038,0.18490000069141388
YLR153C,YAL031C,0,-6.9921727,0.33188876509666443,0.9190000295639038,0.1850000023841858
YNL258C,YBR167C,0,-6.9924774,0.3317689597606659,0.9190000295639038,0.1851000040769577
YLR229C,YCR012W,0,-6.992705,0.33164921402931213,0.9190000295639038,0.18520000576972961
YPR141C,YNL142W,0,-6.9934387,0.3315295875072479,0.9190000295639038,0.18529999256134033
YPL053C,YGR231C,0,-6.993718,0.3314100205898285,0.9190000295639038,0.18539999425411224
YGL087C,YIL039W,0,-6.994403,0.3312905430793762,0.9190000295639038,0.18549999594688416
YOL071W,YNL142W,0,-6.9944506,0.3311711847782135,0.9190000295639038,0.18559999763965607
YDR288W,YDR183W,0,-6.995193,0.33105188608169556,0.9190000295639038,0.18569999933242798
YHR082C,YMR101C,0,-6.996225,0.3309326469898224,0.9190000295639038,0.1858000010251999
YDR284C,YMR023C,0,-6.9964,0.33081352710723877,0.9190000295639038,0.1859000027179718
YLR361C,YDR030C,0,-6.9965787,0.3306944966316223,0.9190000295639038,0.1860000044107437
YDL116W,YOL146W,0,-6.9967194,0.33057552576065063,0.9190000295639038,0.18610000610351562
YJR060W,YGL232W,0,-6.9975963,0.3304566740989685,0.9190000295639038,0.18619999289512634
YIL062C,YDR054C,0,-6.9976864,0.33033788204193115,0.9190000295639038,0.18629999458789825
YCR028C-A,YGR046W,0,-6.998418,0.33021917939186096,0.9190000295639038,0.18639999628067017
YLR318W,YLR357W,0,-6.999284,0.33010056614875793,0.9190000295639038,0.18649999797344208
YPR144C,YNL326C,0,-6.9997873,0.32998204231262207,0.9190000295639038,0.186599999666214
YER166W,YCL010C,0,-7.0006585,0.32986360788345337,0.9190000295639038,0.1867000013589859
YHR036W,YML021C,0,-7.000681,0.32974523305892944,0.9190000295639038,0.1868000030517578
YLR098C,YOL112W,0,-7.000728,0.32962697744369507,0.9190000295639038,0.18690000474452972
YHR088W,YML025C,1,-7.0007653,0.32986733317375183,0.9200000166893005,0.18690000474452972
YOL027C,YBR055C,0,-7.000905,0.32974910736083984,0.9200000166893005,0.18700000643730164
YNL199C,YBL090W,0,-7.001069,0.329630970954895,0.9200000166893005,0.18709999322891235
YLL050C,YKL119C,0,-7.0010796,0.32951289415359497,0.9200000166893005,0.18719999492168427
YDL216C,YER022W,0,-7.0012355,0.3293949067592621,0.9200000166893005,0.18729999661445618
YDL005C,YOR207C,0,-7.0027947,0.32927700877189636,0.9200000166893005,0.1873999983072281
YKL022C,YAL047C,0,-7.0029097,0.3291592001914978,0.9200000166893005,0.1875
YCR040W,YPR132W,0,-7.0031,0.3290414810180664,0.9200000166893005,0.1876000016927719
YMR213W,YOL076W,0,-7.003122,0.3289238512516022,0.9200000166893005,0.18770000338554382
YJR001W,YNL253W,0,-7.0038643,0.3288062810897827,0.9200000166893005,0.18780000507831573
YMR112C,YKL068W,0,-7.004043,0.3286888301372528,0.9200000166893005,0.18790000677108765
YBR161W,YNL257C,0,-7.0045176,0.3285714387893677,0.9200000166893005,0.18799999356269836
YDR072C,YHR004C,0,-7.00471,0.3284541368484497,0.9200000166893005,0.18809999525547028
YNL023C,YDR317W,0,-7.0049143,0.3283368945121765,0.9200000166893005,0.1881999969482422
YJL112W,YKR087C,0,-7.0051374,0.32821977138519287,0.9200000166893005,0.1882999986410141
YBL088C,YGL095C,0,-7.0061474,0.328102707862854,0.9200000166893005,0.188400000333786
YGL116W,YGR270W,0,-7.006793,0.3279857337474823,0.9200000166893005,0.18850000202655792
YKL149C,YIL009W,0,-7.0078497,0.32786884903907776,0.9200000166893005,0.18860000371932983
YLR229C,YBR092C,0,-7.0092826,0.3277520537376404,0.9200000166893005,0.18870000541210175
YBL056W,YKL020C,0,-7.0106344,0.3276353180408478,0.9200000166893005,0.18880000710487366
YKL002W,YOR025W,0,-7.0117297,0.3275187015533447,0.9200000166893005,0.18889999389648438
YLR153C,YDL164C,0,-7.0117593,0.32740214467048645,0.9200000166893005,0.1889999955892563
YGR133W,YDR235W,0,-7.0119877,0.32728567719459534,0.9200000166893005,0.1890999972820282
YKL004W,YOL078W,0,-7.0121393,0.327169269323349,0.9200000166893005,0.1891999989748001
YGR195W,YML124C,0,-7.0121584,0.3270529806613922,0.9200000166893005,0.18930000066757202
YLR353W,YNL206C,0,-7.012459,0.3269367516040802,0.9200000166893005,0.18940000236034393
YPR041W,YOR129C,0,-7.0136046,0.32682061195373535,0.9200000166893005,0.18950000405311584
YLR231C,YLR390W-A,0,-7.0136337,0.3267045319080353,0.9200000166893005,0.18960000574588776
YDL007W,YCL010C,0,-7.0137386,0.32658857107162476,0.9200000166893005,0.18970000743865967
YGR216C,YMR145C,0,-7.014038,0.326472669839859,0.9200000166893005,0.18979999423027039
YOR363C,YBL075C,0,-7.014469,0.3263568580150604,0.9200000166893005,0.1898999959230423
YGL135W,YHR172W,0,-7.0145035,0.326241135597229,0.9200000166893005,0.1899999976158142
YOL144W,YML025C,1,-7.0145836,0.326479971408844,0.9210000038146973,0.1899999976158142
YDL227C,YKL014C,0,-7.0146756,0.32636427879333496,0.9210000038146973,0.19009999930858612
YPR124W,YPL213W,0,-7.0154123,0.3262486755847931,0.9210000038146973,0.19020000100135803
YHR115C,YER038C,0,-7.0177126,0.326133131980896,0.9210000038146973,0.19030000269412994
YHR172W,YPL138C,0,-7.0177784,0.32601770758628845,0.9210000038146973,0.19040000438690186
YCR066W,YJR035W,0,-7.0184493,0.3259023427963257,0.9210000038146973,0.19050000607967377
YKL060C,YGR083C,0,-7.0191517,0.3257870674133301,0.9210000038146973,0.19059999287128448
YKL134C,YDR255C,0,-7.019456,0.32567185163497925,0.9210000038146973,0.1906999945640564
YPL170W,YCL039W,0,-7.019494,0.3255567252635956,0.9210000038146973,0.1907999962568283
YBR195C,YNL207W,0,-7.019696,0.3254416882991791,0.9210000038146973,0.19089999794960022
YOR142W,YDL007W,0,-7.019922,0.32532674074172974,0.9210000038146973,0.19099999964237213
YKL149C,YLR328W,0,-7.0203466,0.32521185278892517,0.9210000038146973,0.19110000133514404
YOR347C,YCR081W,0,-7.020836,0.32509708404541016,0.9210000038146973,0.19120000302791595
YOL111C,YLR292C,0,-7.0215006,0.32498234510421753,0.9210000038146973,0.19130000472068787
YDR244W,YGR112W,0,-7.0215855,0.32486772537231445,0.9210000038146973,0.19140000641345978
YMR311C,YOR367W,0,-7.0221386,0.32475316524505615,0.9210000038146973,0.1914999932050705
YER120W,YDR167W,0,-7.023285,0.324638694524765,0.9210000038146973,0.1915999948978424
YDL005C,YNL082W,0,-7.0236444,0.32452431321144104,0.9210000038146973,0.19169999659061432
YEL034W,YNL291C,0,-7.024234,0.32440999150276184,0.9210000038146973,0.19179999828338623
YMR246W,YLR466W,0,-7.0244045,0.3242957890033722,0.9210000038146973,0.19189999997615814
YDL065C,YDL201W,0,-7.02499,0.32418161630630493,0.9210000038146973,0.19200000166893005
YBR142W,YML025C,1,-7.025063,0.32441940903663635,0.921999990940094,0.19200000166893005
YPL094C,YKL196C,0,-7.0253015,0.32430532574653625,0.921999990940094,0.19210000336170197
YDR295C,YJL029C,0,-7.025341,0.32419127225875854,0.921999990940094,0.19220000505447388
YGL168W,YJL138C,0,-7.026088,0.3240773379802704,0.921999990940094,0.1923000067472458
YPR124W,YEL003W,0,-7.026804,0.323963463306427,0.921999990940094,0.1923999935388565
YPL174C,YER019C-A,0,-7.027337,0.3238496780395508,0.921999990940094,0.19249999523162842
YKL049C,YOR367W,0,-7.027523,0.32373595237731934,0.921999990940094,0.19259999692440033
YGR220C,YER002W,1,-7.0276303,0.32397332787513733,0.9229999780654907,0.19259999692440033
YOR381W,YOL109W,0,-7.028821,0.32385966181755066,0.9229999780654907,0.19269999861717224
YPL132W,YMR080C,0,-7.028862,0.32374605536460876,0.9229999780654907,0.19280000030994415
YDL020C,YDR057W,0,-7.029363,0.32363253831863403,0.9229999780654907,0.19290000200271606
YNL286W,YHR069C,0,-7.0293856,0.32351911067962646,0.9229999780654907,0.19300000369548798
YJL173C,YIL039W,0,-7.0293922,0.32340574264526367,0.9229999780654907,0.1931000053882599
YML112W,YJL157C,0,-7.0306015,0.32329246401786804,0.9229999780654907,0.1932000070810318
YER018C,YLR130C,0,-7.030937,0.3231792747974396,0.9229999780654907,0.19329999387264252
YBR055C,YHR083W,0,-7.0319185,0.3230661451816559,0.9229999780654907,0.19339999556541443
YGL099W,YER074W-A,0,-7.0326095,0.32295310497283936,0.9229999780654907,0.19349999725818634
YHR148W,YER120W,0,-7.0329514,0.32284015417099,0.9229999780654907,0.19359999895095825
YLL050C,YAR031W,0,-7.0332165,0.3227272629737854,0.9229999780654907,0.19370000064373016
YNR008W,YJL013C,0,-7.033491,0.322614461183548,0.9229999780654907,0.19380000233650208
YIR011C,YNR048W,0,-7.0346794,0.3225017488002777,0.9229999780654907,0.193900004029274
YBL099W,YAL030W,0,-7.035861,0.3223890960216522,0.9229999780654907,0.1940000057220459
YIR037W,YFL037W,0,-7.035903,0.3222765326499939,0.9229999780654907,0.1941000074148178
YNL160W,YDR306C,0,-7.03625,0.32216405868530273,0.9229999780654907,0.19419999420642853
YKL203C,YNL246W,0,-7.0363913,0.32205164432525635,0.9229999780654907,0.19429999589920044
YKR085C,YDR137W,0,-7.036628,0.3219393193721771,0.9229999780654907,0.19439999759197235
YBR170C,YIR011C,0,-7.0375276,0.3218270540237427,0.9229999780654907,0.19449999928474426
YBR110W,YML116W,0,-7.0381837,0.3217148780822754,0.9229999780654907,0.19460000097751617
YNL103W,YGR013W,0,-7.038489,0.32160279154777527,0.9229999780654907,0.19470000267028809
YLR276C,YML025C,1,-7.03875,0.3218390941619873,0.9240000247955322,0.19470000267028809
YIR004W,YPL085W,0,-7.038868,0.3217270076274872,0.9240000247955322,0.19480000436306
YLR353W,YER145C,0,-7.0390224,0.3216150403022766,0.9240000247955322,0.1949000060558319
YCR027C,YOL093W,0,-7.0394006,0.3215031325817108,0.9240000247955322,0.19499999284744263
YER159C,YGL216W,0,-7.0400767,0.3213913142681122,0.9240000247955322,0.19509999454021454
YHR114W,YFR037C,0,-7.041523,0.3212795555591583,0.9240000247955322,0.19519999623298645
YNL287W,YNL244C,0,-7.0418954,0.32116788625717163,0.9240000247955322,0.19529999792575836
YPL069C,YGR013W,0,-7.0420966,0.3210562765598297,0.9240000247955322,0.19539999961853027
YAR044W,YDL038C,0,-7.0425944,0.32094478607177734,0.9240000247955322,0.19550000131130219
YOR290C,YNL263C,0,-7.043912,0.32083332538604736,0.9240000247955322,0.1956000030040741
YBR009C,YFR002W,0,-7.044068,0.32072198390960693,0.9240000247955322,0.195700004696846
YMR313C,YDR057W,0,-7.044864,0.3206106722354889,0.9240000247955322,0.19580000638961792
YKL182W,YKL143W,0,-7.0452743,0.3204994797706604,0.9240000247955322,0.19589999318122864
YOL082W,YGR135W,0,-7.0453267,0.3203883469104767,0.9240000247955322,0.19599999487400055
YCL001W,YLR086W,0,-7.045519,0.32027730345726013,0.9240000247955322,0.19609999656677246
YGR256W,YMR008C,0,-7.046405,0.32016631960868835,0.9240000247955322,0.19619999825954437
YER020W,YDL002C,0,-7.0470104,0.32005542516708374,0.9240000247955322,0.19629999995231628
YNL161W,YLR418C,0,-7.0470195,0.3199445903301239,0.9240000247955322,0.1964000016450882
YOR174W,YBR082C,0,-7.0471807,0.3198338449001312,0.9240000247955322,0.1965000033378601
YDR414C,YMR060C,0,-7.04836,0.3197231888771057,0.9240000247955322,0.19660000503063202
YKR082W,YJR066W,0,-7.0485444,0.319612592458725,0.9240000247955322,0.19670000672340393
YER061C,YPL092W,0,-7.04914,0.3195020854473114,0.9240000247955322,0.19679999351501465
YLR226W,YKL186C,0,-7.049153,0.3193916380405426,0.9240000247955322,0.19689999520778656
YDL056W,YDR311W,0,-7.0497713,0.31928128004074097,0.9240000247955322,0.19699999690055847
YDR245W,YGR156W,0,-7.050041,0.3191709816455841,0.9240000247955322,0.19709999859333038
YPL194W,YDL059C,0,-7.050538,0.3190607726573944,0.9240000247955322,0.1972000002861023
YGL071W,YBR106W,0,-7.053629,0.3189506530761719,0.9240000247955322,0.1973000019788742
YOR237W,YKL178C,0,-7.0540347,0.3188405930995941,0.9240000247955322,0.19740000367164612
YLR390W-A,YPL097W,0,-7.0541277,0.31873059272766113,0.9240000247955322,0.19750000536441803
YBL051C,YOR270C,0,-7.054143,0.3186206817626953,0.9240000247955322,0.19760000705718994
YGR007W,YDR198C,0,-7.054191,0.31851086020469666,0.9240000247955322,0.19769999384880066
YDR378C,YNL290W,0,-7.054196,0.3184010982513428,0.9240000247955322,0.19779999554157257
YPR113W,YMR235C,0,-7.054623,0.31829142570495605,0.9240000247955322,0.19789999723434448
YML046W,YNL236W,0,-7.055327,0.3181818127632141,0.9240000247955322,0.1979999989271164
YOR074C,YKR056W,0,-7.0554,0.31807228922843933,0.9240000247955322,0.1981000006198883
YPL213W,YML088W,0,-7.056177,0.3179628252983093,0.9240000247955322,0.19820000231266022
YCR028C-A,YOR216C,0,-7.0565715,0.3178534507751465,0.9240000247955322,0.19830000400543213
YDR363W,YPR173C,0,-7.056636,0.3177441656589508,0.9240000247955322,0.19840000569820404
YHR118C,YCR066W,0,-7.0579476,0.3176349401473999,0.9240000247955322,0.19850000739097595
YMR220W,YMR039C,0,-7.0584154,0.3175257742404938,0.9240000247955322,0.19859999418258667
YDR385W,YBR215W,0,-7.0585246,0.3174166977405548,0.9240000247955322,0.19869999587535858
YGL021W,YGL222C,0,-7.0595446,0.3173076808452606,0.9240000247955322,0.1987999975681305
YDL065C,YPL283C,0,-7.059985,0.3171987533569336,0.9240000247955322,0.1988999992609024
YLR246W,YDR126W,0,-7.0605745,0.31708991527557373,0.9240000247955322,0.19900000095367432
YDL116W,YCR081W,0,-7.0609617,0.31698113679885864,0.9240000247955322,0.19910000264644623
YNL001W,YDL226C,0,-7.0610003,0.31687241792678833,0.9240000247955322,0.19920000433921814
YPR120C,YOR265W,0,-7.0610933,0.3167637884616852,0.9240000247955322,0.19930000603199005
YDR221W,YGR002C,0,-7.0611534,0.3166552484035492,0.9240000247955322,0.19939999282360077
YHR142W,YOR004W,0,-7.061158,0.316546767950058,0.9240000247955322,0.19949999451637268
YDL004W,YJL091C,0,-7.0614085,0.31643834710121155,0.9240000247955322,0.1995999962091446
YHL047C,YKL204W,0,-7.0618734,0.3163300156593323,0.9240000247955322,0.1996999979019165
YBR243C,YPR009W,0,-7.063211,0.31622177362442017,0.9240000247955322,0.19979999959468842
YFR019W,YBR114W,0,-7.063836,0.31611359119415283,0.9240000247955322,0.19990000128746033
YOR265W,YER111C,0,-7.0641756,0.3160054683685303,0.9240000247955322,0.20000000298023224
YGR267C,YJL191W,0,-7.0659604,0.3158974349498749,0.9240000247955322,0.20010000467300415
YOR279C,YER082C,0,-7.066892,0.31578946113586426,0.9240000247955322,0.20020000636577606
YMR112C,YIL007C,0,-7.0669165,0.3156815767288208,0.9240000247955322,0.20029999315738678
YGR188C,YEL032W,0,-7.0671797,0.3155737817287445,0.9240000247955322,0.2003999948501587
YGL137W,YDR120C,0,-7.0675364,0.3154660165309906,0.9240000247955322,0.2004999965429306
YDL164C,YDR416W,0,-7.0677257,0.31535837054252625,0.9240000247955322,0.20059999823570251
YGR159C,YNL090W,0,-7.0677814,0.3152507543563843,0.9240000247955322,0.20069999992847443
YKR036C,YDR140W,0,-7.0681386,0.31514325737953186,0.9240000247955322,0.20080000162124634
YML029W,YJL222W,0,-7.0692534,0.31503579020500183,0.9240000247955322,0.20090000331401825
YDR272W,YOR191W,0,-7.069517,0.31492841243743896,0.9240000247955322,0.20100000500679016
YMR276W,YAL051W,0,-7.0696244,0.31482112407684326,0.9240000247955322,0.20110000669956207
YLR114C,YKL126W,0,-7.0699863,0.31471389532089233,0.9240000247955322,0.2011999934911728
YOL100W,YGR209C,0,-7.0700216,0.31460675597190857,0.9240000247955322,0.2012999951839447
YBL090W,YML034W,0,-7.070168,0.3144996464252472,0.9240000247955322,0.2013999968767166
YOR142W,YAL005C,0,-7.070938,0.31439265608787537,0.9240000247955322,0.20149999856948853
YJL031C,YOL017W,0,-7.07102,0.3142857253551483,0.9240000247955322,0.20160000026226044
YGR145W,YPR113W,0,-7.0712805,0.31417885422706604,0.9240000247955322,0.20170000195503235
YGR163W,YFL031W,0,-7.071329,0.3140720725059509,0.9240000247955322,0.20180000364780426
YPL115C,YML077W,0,-7.071419,0.3139653503894806,0.9240000247955322,0.20190000534057617
YHR094C,YCR077C,0,-7.071747,0.31385868787765503,0.9240000247955322,0.20200000703334808
YBR212W,YDR246W,0,-7.0718412,0.31375211477279663,0.9240000247955322,0.2020999938249588
YPL001W,YDR382W,0,-7.0722036,0.3136456310749054,0.9240000247955322,0.2021999955177307
YMR246W,YCR077C,0,-7.0723114,0.31353920698165894,0.9240000247955322,0.20229999721050262
YGL206C,YPL127C,0,-7.07233,0.31343284249305725,0.9240000247955322,0.20239999890327454
YBR086C,YGR171C,0,-7.072345,0.31332653760910034,0.9240000247955322,0.20250000059604645
YDR507C,YDR404C,0,-7.072879,0.313220351934433,0.9240000247955322,0.20260000228881836
YER083C,YLR256W,0,-7.073447,0.313114196062088,0.9240000247955322,0.20270000398159027
YBR121C,YML021C,0,-7.0735674,0.3130081295967102,0.9240000247955322,0.20280000567436218
YER109C,YOR274W,0,-7.074562,0.3129021227359772,0.9240000247955322,0.2029000073671341
YDR153C,YGR013W,0,-7.075338,0.3127962052822113,0.9240000247955322,0.2029999941587448
YDR329C,YBR293W,0,-7.0754333,0.3126903474330902,0.9240000247955322,0.20309999585151672
YOR126C,YDR123C,0,-7.077524,0.3125845789909363,0.9240000247955322,0.20319999754428864
YHR191C,YKL041W,0,-7.0776176,0.3124788701534271,0.9240000247955322,0.20329999923706055
YBR158W,YER105C,0,-7.077623,0.31237322092056274,0.9240000247955322,0.20340000092983246
YKR083C,YOL026C,0,-7.079401,0.3122676610946655,0.9240000247955322,0.20350000262260437
YKL074C,YGL249W,0,-7.0795193,0.3121621608734131,0.9240000247955322,0.20360000431537628
YFR009W,YIL026C,0,-7.0804176,0.3120567500591278,0.9240000247955322,0.2037000060081482
YDL213C,YMR117C,0,-7.0806084,0.3119513988494873,0.9240000247955322,0.2037999927997589
YOR236W,YGL126W,0,-7.08078,0.3118461072444916,0.9240000247955322,0.20389999449253082
YOL068C,YMR137C,0,-7.0825415,0.311740905046463,0.9240000247955322,0.20399999618530273
YAL041W,YJR068W,0,-7.082753,0.3116357624530792,0.9240000247955322,0.20409999787807465
YBL082C,YIL149C,0,-7.082873,0.3115306794643402,0.9240000247955322,0.20419999957084656
YLR214W,YPL128C,0,-7.083317,0.31142568588256836,0.9240000247955322,0.20430000126361847
YDR156W,YKL196C,0,-7.083463,0.3113207519054413,0.9240000247955322,0.20440000295639038
YMR303C,YMR083W,0,-7.0843735,0.31121590733528137,0.9240000247955322,0.2045000046491623
YDR110W,YOR326W,0,-7.0854464,0.31111112236976624,0.9240000247955322,0.2046000063419342
YPR068C,YDL046W,0,-7.0855465,0.3110063970088959,0.9240000247955322,0.20469999313354492
YIL147C,YMR218C,0,-7.085781,0.3109017610549927,0.9240000247955322,0.20479999482631683
YJL124C,YLR305C,0,-7.0867844,0.31079718470573425,0.9240000247955322,0.20489999651908875
YPR135W,YGL012W,0,-7.087147,0.3106926679611206,0.9240000247955322,0.20499999821186066
YDR060W,YML025C,1,-7.0874505,0.31092438101768494,0.925000011920929,0.20499999821186066
YOR211C,YBR079C,0,-7.0877914,0.3108198940753937,0.925000011920929,0.20509999990463257
YGR167W,YJR084W,0,-7.08813,0.3107154965400696,0.925000011920929,0.20520000159740448
YKL049C,YGL066W,0,-7.08823,0.31061115860939026,0.925000011920929,0.2053000032901764
YJL115W,YIL110W,0,-7.088292,0.3105068802833557,0.925000011920929,0.2054000049829483
YJR060W,YNL267W,0,-7.0900116,0.31040269136428833,0.925000011920929,0.20550000667572021
YFL055W,YFL049W,0,-7.090325,0.3102985620498657,0.925000011920929,0.20559999346733093
YCR093W,YLR272C,0,-7.0905037,0.3101944923400879,0.925000011920929,0.20569999516010284
YLR350W,YGL046W,0,-7.0909104,0.3100905120372772,0.925000011920929,0.20579999685287476
YMR305C,YPR056W,0,-7.0910654,0.30998659133911133,0.925000011920929,0.20589999854564667
YMR164C,YPL123C,0,-7.0913653,0.3098827600479126,0.925000011920929,0.20600000023841858
YMR058W,YAR003W,0,-7.09141,0.30977895855903625,0.925000011920929,0.2061000019311905
YMR059W,YBR097W,0,-7.091776,0.3096752464771271,0.925000011920929,0.2062000036239624
YDR489W,YOR043W,0,-7.0924473,0.30957162380218506,0.925000011920929,0.20630000531673431
YGR278W,YKL204W,0,-7.094248,0.3094680607318878,0.925000011920929,0.20640000700950623
YDR236C,YEL013W,0,-7.0942736,0.30936455726623535,0.925000011920929,0.20649999380111694
YPR162C,YDL092W,0,-7.094345,0.30926111340522766,0.925000011920929,0.20659999549388885
YMR255W,YFL033C,0,-7.0947366,0.30915775895118713,0.925000011920929,0.20669999718666077
YAL034W-A,YGR005C,0,-7.094777,0.3090544641017914,0.925000011920929,0.20679999887943268
YBR202W,YBR091C,0,-7.0947933,0.3089512288570404,0.925000011920929,0.2069000005722046
YDL208W,YMR039C,0,-7.095367,0.3088480830192566,0.925000011920929,0.2070000022649765
YKL110C,YJR143C,0,-7.0965376,0.30874499678611755,0.925000011920929,0.2071000039577484
YCR039C,YBR098W,0,-7.0971937,0.3086419701576233,0.925000011920929,0.20720000565052032
YBR021W,YOR188W,0,-7.0974045,0.3085390329360962,0.925000011920929,0.20730000734329224
YMR299C,YMR077C,0,-7.097768,0.30843615531921387,0.925000011920929,0.20739999413490295
YIL037C,YLR410W,0,-7.09778,0.3083333373069763,0.925000011920929,0.20749999582767487
YJR084W,YLR369W,0,-7.0979514,0.30823057889938354,0.925000011920929,0.20759999752044678
YBR202W,YNL139C,0,-7.0983267,0.30812790989875793,0.925000011920929,0.2076999992132187
YLR284C,YDR092W,0,-7.0986137,0.3080253005027771,0.925000011920929,0.2078000009059906
YBR109C,YBR097W,0,-7.0997066,0.3079227805137634,0.925000011920929,0.2079000025987625
YER036C,YPL125W,0,-7.1005845,0.30782029032707214,0.925000011920929,0.20800000429153442
YDR108W,YPL029W,0,-7.1014185,0.307717889547348,0.925000011920929,0.20810000598430634
YLR320W,YJL061W,0,-7.101699,0.30761557817459106,0.925000011920929,0.20819999277591705
YPR019W,YHL034C,0,-7.102156,0.3075132966041565,0.925000011920929,0.20829999446868896
YDR225W,YLR052W,0,-7.1025124,0.3074111044406891,0.925000011920929,0.20839999616146088
YER014C-A,YER018C,0,-7.103104,0.30730897188186646,0.925000011920929,0.2084999978542328
YOR284W,YLR376C,0,-7.1035547,0.3072068989276886,0.925000011920929,0.2085999995470047
YFR050C,YDR027C,0,-7.103673,0.3071049153804779,0.925000011920929,0.2087000012397766
YHR068W,YPL001W,0,-7.103907,0.307002991437912,0.925000011920929,0.20880000293254852
YHR197W,YML025C,1,-7.1041365,0.30723291635513306,0.9259999990463257,0.20880000293254852
YDR450W,YPL016W,0,-7.1043315,0.3071310222148895,0.9259999990463257,0.20890000462532043
YLR292C,YNL236W,0,-7.1043377,0.30702918767929077,0.9259999990463257,0.20900000631809235
YBR098W,YKL006C-A,0,-7.105095,0.3069274127483368,0.9259999990463257,0.20909999310970306
YFR046C,YGL137W,0,-7.1054935,0.30682572722435,0.9259999990463257,0.20919999480247498
YJL146W,YMR054W,0,-7.1054993,0.30672407150268555,0.9259999990463257,0.2092999964952469
YOL082W,YHR102W,0,-7.1058006,0.3066225051879883,0.9259999990463257,0.2093999981880188
YNL271C,YBL063W,0,-7.1058097,0.3065210282802582,0.9259999990463257,0.2094999998807907
YEL003W,YGL253W,0,-7.106004,0.30641958117485046,0.9259999990463257,0.20960000157356262
YPR199C,YOR362C,0,-7.106082,0.3063182234764099,0.9259999990463257,0.20970000326633453
YOR279C,YMR272C,0,-7.1071,0.30621692538261414,0.9259999990463257,0.20980000495910645
YOR145C,YIL138C,0,-7.1072683,0.3061157166957855,0.9259999990463257,0.20990000665187836
YCR002C,YNL283C,0,-7.1074514,0.3060145378112793,0.9259999990463257,0.20999999344348907
YGR275W,YBR254C,0,-7.1076336,0.30591344833374023,0.9259999990463257,0.210099995136261
YIL149C,YNL310C,0,-7.108865,0.30581241846084595,0.9259999990463257,0.2101999968290329
YLL050C,YHR108W,0,-7.108953,0.30571144819259644,0.9259999990463257,0.2102999985218048
YJL014W,YBR057C,0,-7.1089544,0.3056105673313141,0.9259999990463257,0.21040000021457672
YDR043C,YDR422C,0,-7.1089664,0.3055097460746765,0.9259999990463257,0.21050000190734863
YOR061W,YDL093W,0,-7.109451,0.3054089844226837,0.9259999990463257,0.21060000360012054
YOR073W,YNR048W,0,-7.1099343,0.3053082823753357,0.9259999990463257,0.21070000529289246
YKL196C,YCL033C,0,-7.1099925,0.30520763993263245,0.9259999990463257,0.21080000698566437
YDR167W,YJL029C,0,-7.1100187,0.30510708689689636,0.9259999990463257,0.21089999377727509
YOR372C,YCR008W,0,-7.110052,0.30500659346580505,0.9259999990463257,0.210999995470047
YOR275C,YHR083W,0,-7.110881,0.3049061596393585,0.9259999990463257,0.2110999971628189
YOR304W,YOR298W,0,-7.111184,0.30480578541755676,0.9259999990463257,0.21119999885559082
YGL116W,YPL011C,0,-7.1112547,0.30470550060272217,0.9259999990463257,0.21130000054836273
YDR299W,YJR057W,0,-7.111846,0.30460527539253235,0.9259999990463257,0.21140000224113464
YLR220W,YPL155C,0,-7.111909,0.3045051097869873,0.9259999990463257,0.21150000393390656
YJL042W,YKL058W,0,-7.1125407,0.30440500378608704,0.9259999990463257,0.21160000562667847
YOL091W,YJL069C,0,-7.113186,0.30430495738983154,0.9259999990463257,0.21170000731945038
YNR060W,YDR420W,0,-7.1137505,0.3042050004005432,0.9259999990463257,0.2117999941110611
YDR150W,YDR488C,0,-7.1149387,0.30410510301589966,0.9259999990463257,0.211899995803833
YDR158W,YGL211W,0,-7.1155915,0.3040052652359009,0.9259999990463257,0.21199999749660492
YOR381W,YPL139C,0,-7.116976,0.3039054870605469,0.9259999990463257,0.21209999918937683
YAL024C,YAR007C,0,-7.117326,0.30380576848983765,0.9259999990463257,0.21220000088214874
YKR099W,YGR075C,0,-7.1178083,0.3037061393260956,0.9259999990463257,0.21230000257492065
YML126C,YAR018C,0,-7.1182146,0.3036065697669983,0.9259999990463257,0.21240000426769257
YLR310C,YIR021W,0,-7.118514,0.3035070598125458,0.9259999990463257,0.21250000596046448
YDR299W,YGR251W,0,-7.1194143,0.30340760946273804,0.9259999990463257,0.2125999927520752
YDL226C,YDL147W,0,-7.1198034,0.3033082187175751,0.9259999990463257,0.2126999944448471
YKR068C,YKR063C,0,-7.12032,0.3032089173793793,0.9259999990463257,0.21279999613761902
YML071C,YIL039W,0,-7.120645,0.30310964584350586,0.9259999990463257,0.21289999783039093
YLR288C,YBR058C,0,-7.1214767,0.3030104637145996,0.9259999990463257,0.21299999952316284
YKL064W,YEL024W,0,-7.121658,0.30291134119033813,0.9259999990463257,0.21310000121593475
YIL026C,YGR264C,0,-7.1217957,0.3028123080730438,0.9259999990463257,0.21320000290870667
YGL191W,YKL035W,0,-7.1224623,0.3027133047580719,0.9259999990463257,0.21330000460147858
YLR429W,YLR372W,0,-7.122982,0.30261439085006714,0.9259999990463257,0.2134000062942505
YIL049W,YOR025W,0,-7.1237125,0.30251550674438477,0.9259999990463257,0.2134999930858612
YBR042C,YLR347C,0,-7.1246586,0.30241671204566956,0.9259999990463257,0.21359999477863312
YMR055C,YBR041W,0,-7.1248894,0.3023179769515991,0.9259999990463257,0.21369999647140503
YLR175W,YER161C,0,-7.126178,0.30221933126449585,0.9259999990463257,0.21379999816417694
YMR049C,YKL032C,0,-7.1263022,0.30212071537971497,0.9259999990463257,0.21389999985694885
YJL140W,YGR274C,0,-7.126709,0.30202218890190125,0.9259999990463257,0.21400000154972076
YLR353W,YBL014C,0,-7.1268673,0.3019236922264099,0.9259999990463257,0.21410000324249268
YDR156W,YMR067C,0,-7.1271286,0.30182528495788574,0.9259999990463257,0.2142000049352646
YLR450W,YGR086C,0,-7.1273355,0.30172693729400635,0.9259999990463257,0.2143000066280365
YKL213C,YNR031C,0,-7.128409,0.3016286790370941,0.9259999990463257,0.21439999341964722
YLR233C,YLR047C,0,-7.12922,0.3015304505825043,0.9259999990463257,0.21449999511241913
YPR008W,YJR144W,0,-7.129247,0.3014322817325592,0.9259999990463257,0.21459999680519104
YLR284C,YNL214W,0,-7.129758,0.3013342022895813,0.9259999990463257,0.21469999849796295
YDR123C,YDR346C,0,-7.1310024,0.30123618245124817,0.9259999990463257,0.21480000019073486
YIL073C,YHR139C,0,-7.1310287,0.3011382222175598,0.9259999990463257,0.21490000188350677
YIL049W,YBR228W,0,-7.131342,0.30104032158851624,0.9259999990463257,0.2150000035762787
YJL041W,YPL011C,0,-7.1313634,0.30094248056411743,0.9259999990463257,0.2151000052690506
YCR012W,YOL004W,0,-7.1315246,0.3008446991443634,0.9259999990463257,0.2152000069618225
YGL051W,YLR266C,0,-7.133518,0.30074700713157654,0.9259999990463257,0.21529999375343323
YMR299C,YFR037C,0,-7.1337442,0.30064934492111206,0.9259999990463257,0.21539999544620514
YJL110C,YER052C,0,-7.135573,0.30055177211761475,0.9259999990463257,0.21549999713897705
YPL008W,YGL137W,0,-7.13595,0.3004542589187622,0.9259999990463257,0.21559999883174896
YBR195C,YDR465C,0,-7.135983,0.30035680532455444,0.9259999990463257,0.21570000052452087
YNR030W,YGR112W,0,-7.1364427,0.30025941133499146,0.9259999990463257,0.21580000221729279
YJL024C,YER154W,0,-7.1369333,0.30016207695007324,0.9259999990463257,0.2159000039100647
YOR211C,YDL076C,0,-7.1370497,0.3000648021697998,0.9259999990463257,0.2160000056028366
YBR198C,YJL143W,0,-7.1384144,0.29996761679649353,0.9259999990463257,0.21610000729560852
YCR082W,YAL017W,0,-7.1388025,0.29987046122550964,0.9259999990463257,0.21619999408721924
YPR111W,YPL147W,0,-7.138831,0.2997733950614929,0.9259999990463257,0.21629999577999115
YKR054C,YBR048W,0,-7.1396613,0.29967638850212097,0.9259999990463257,0.21639999747276306
YHR089C,YPL125W,0,-7.139803,0.2995794117450714,0.9259999990463257,0.21649999916553497
YKL135C,YDL085W,0,-7.139906,0.299482524394989,0.9259999990463257,0.21660000085830688
YNL199C,YEL065W,0,-7.140237,0.2993856966495514,0.9259999990463257,0.2167000025510788
YPL255W,YDL015C,0,-7.141132,0.29928895831108093,0.9259999990463257,0.2168000042438507
YCL038C,YDR265W,0,-7.1412773,0.29919224977493286,0.9259999990463257,0.21690000593662262
YDR284C,YHL025W,0,-7.1414957,0.29909560084342957,0.9259999990463257,0.21699999272823334
YBL082C,YJL157C,0,-7.1421046,0.29899904131889343,0.9259999990463257,0.21709999442100525
YBL011W,YDR172W,0,-7.142135,0.2989025115966797,0.9259999990463257,0.21719999611377716
YLR129W,YKL059C,0,-7.142603,0.2988060712814331,0.9259999990463257,0.21729999780654907
YGR278W,YLR427W,0,-7.1428776,0.2987096905708313,0.9259999990463257,0.21739999949932098
YDR411C,YNL106C,0,-7.1428943,0.2986133396625519,0.9259999990463257,0.2175000011920929
YHL034C,YJR103W,0,-7.143493,0.2985170781612396,0.9259999990463257,0.2176000028848648
YDL108W,YOL072W,0,-7.144736,0.29842087626457214,0.9259999990463257,0.21770000457763672
YDR093W,YLR105C,0,-7.14474,0.29832473397254944,0.9259999990463257,0.21780000627040863
YJR053W,YJR064W,0,-7.1461277,0.2982286512851715,0.9259999990463257,0.21789999306201935
YNL166C,YMR070W,0,-7.1463814,0.29813265800476074,0.9259999990463257,0.21799999475479126
YOR040W,YKL062W,0,-7.1465855,0.29803669452667236,0.9259999990463257,0.21809999644756317
YNL049C,YER118C,0,-7.1470385,0.29794079065322876,0.9259999990463257,0.21819999814033508
YOR224C,YDR079C-A,0,-7.1471043,0.2978449761867523,0.9259999990463257,0.218299999833107
YPR037C,YLR376C,0,-7.1472516,0.29774919152259827,0.9259999990463257,0.2184000015258789
YAL056W,YLR466W,0,-7.1473637,0.2976534962654114,0.9259999990463257,0.21850000321865082
YEL053C,YLR145W,0,-7.1485577,0.2975578308105469,0.9259999990463257,0.21860000491142273
YOR058C,YNL029C,0,-7.148561,0.29746225476264954,0.9259999990463257,0.21870000660419464
YDL165W,YGL240W,0,-7.1488676,0.297366738319397,0.9259999990463257,0.21879999339580536
YPR201W,YOR014W,0,-7.149358,0.2972712814807892,0.9259999990463257,0.21889999508857727
YGR075C,YGL135W,0,-7.1493883,0.2971758544445038,0.9259999990463257,0.21899999678134918
YHR108W,YPR131C,0,-7.1493926,0.29708051681518555,0.9259999990463257,0.2190999984741211
YPR176C,YDR494W,0,-7.150417,0.2969852387905121,0.9259999990463257,0.219200000166893
YOR078W,YIR023W,0,-7.1505194,0.2968900203704834,0.9259999990463257,0.21930000185966492
YDR511W,YBR298C,0,-7.1513796,0.2967948615550995,0.9259999990463257,0.21940000355243683
YPL046C,YFR037C,0,-7.1515636,0.29669976234436035,0.9259999990463257,0.21950000524520874
YDR211W,YNL313C,0,-7.151663,0.2966047525405884,0.9259999990463257,0.21960000693798065
YOR328W,YIL068C,0,-7.151949,0.2965097725391388,0.9259999990463257,0.21969999372959137
YDR265W,YGL045W,0,-7.152676,0.296414852142334,0.9259999990463257,0.21979999542236328
YFR041C,YDR346C,0,-7.152976,0.29631999135017395,0.9259999990463257,0.2198999971151352
YFL056C,YKL046C,0,-7.1530476,0.2962252199649811,0.9259999990463257,0.2199999988079071
YNL188W,YBR100W,0,-7.153072,0.2961304783821106,0.9259999990463257,0.22010000050067902
YDR409W,YDR246W,0,-7.1547136,0.2960357964038849,0.9259999990463257,0.22020000219345093
YML036W,YHR056C,0,-7.1548653,0.29594120383262634,0.9259999990463257,0.22030000388622284
YLR403W,YBR289W,0,-7.155131,0.2958466410636902,0.9259999990463257,0.22040000557899475
YBR023C,YHR050W,0,-7.1562424,0.2957521677017212,0.9259999990463257,0.22050000727176666
YGL166W,YOR014W,0,-7.156483,0.2956577241420746,0.9259999990463257,0.22059999406337738
YMR199W,YIL013C,0,-7.156753,0.29556336998939514,0.9259999990463257,0.2206999957561493
YLR131C,YER095W,0,-7.156977,0.2954690456390381,0.9259999990463257,0.2207999974489212
YER027C,YKL134C,0,-7.1572304,0.2953748106956482,0.9259999990463257,0.22089999914169312
YOR334W,YML005W,0,-7.1577945,0.2952806055545807,0.9259999990463257,0.22100000083446503
YOR226C,YHR039C-A,0,-7.158802,0.29518648982048035,0.9259999990463257,0.22110000252723694
YJL024C,YMR218C,0,-7.15886,0.2950924038887024,0.9259999990463257,0.22120000422000885
YJR082C,YMR220W,0,-7.1589293,0.2949984073638916,0.9259999990463257,0.22130000591278076
YDR099W,YIL160C,0,-7.160335,0.2949044704437256,0.9259999990463257,0.22139999270439148
YDR171W,YEL057C,0,-7.1603804,0.29481056332588196,0.9259999990463257,0.2214999943971634
YJL166W,YPL214C,0,-7.161052,0.2947167456150055,0.9259999990463257,0.2215999960899353
YFR021W,YMR055C,0,-7.1613984,0.2946229577064514,0.9259999990463257,0.22169999778270721
YDR303C,YER111C,0,-7.162018,0.2945292592048645,0.9259999990463257,0.22179999947547913
YLR131C,YFL022C,0,-7.16224,0.29443562030792236,0.9259999990463257,0.22190000116825104
YPL161C,YPL083C,0,-7.1623974,0.2943420112133026,0.9259999990463257,0.22200000286102295
YNL330C,YOR060C,0,-7.162609,0.29424849152565,0.9259999990463257,0.22210000455379486
YBR102C,YOR089C,0,-7.162656,0.2941550314426422,0.9259999990463257,0.22220000624656677
YOR320C,YDR495C,0,-7.162896,0.2940616011619568,0.9259999990463257,0.2222999930381775
YER007W,YOR119C,0,-7.1629767,0.2939682602882385,0.9259999990463257,0.2223999947309494
YGR103W,YML025C,1,-7.163146,0.2941923141479492,0.9269999861717224,0.2223999947309494
YGR078C,YDR201W,0,-7.1639795,0.29409897327423096,0.9269999861717224,0.2224999964237213
YJL024C,YCR039C,0,-7.163991,0.29400572180747986,0.9269999861717224,0.22259999811649323
YML088W,YBR293W,0,-7.164235,0.29391250014305115,0.9269999861717224,0.22269999980926514
YNL291C,YMR061W,0,-7.1649513,0.2938193380832672,0.9269999861717224,0.22280000150203705
YPR017C,YER145C,0,-7.1650424,0.29372623562812805,0.9269999861717224,0.22290000319480896
YKR046C,YGR135W,0,-7.1654587,0.29363319277763367,0.9269999861717224,0.22300000488758087
YPL097W,YNL036W,0,-7.165538,0.29354020953178406,0.9269999861717224,0.22310000658035278
YER168C,YLR238W,0,-7.165619,0.2934472858905792,0.9269999861717224,0.2231999933719635
YBR202W,YLR130C,0,-7.1663303,0.29335442185401917,0.9269999861717224,0.2232999950647354
YBR088C,YDR400W,0,-7.1665354,0.2932616174221039,0.9269999861717224,0.22339999675750732
YBL006C,YPL169C,0,-7.1665936,0.2931688725948334,0.9269999861717224,0.22349999845027924
YBR179C,YMR172W,0,-7.166731,0.29307618737220764,0.9269999861717224,0.22360000014305115
YDR334W,YER082C,0,-7.167201,0.2929835617542267,0.9269999861717224,0.22370000183582306
YOR075W,YML029W,0,-7.167543,0.2928909957408905,0.9269999861717224,0.22380000352859497
YML077W,YGL223C,0,-7.1677246,0.2927984893321991,0.9269999861717224,0.22390000522136688
YOR112W,YDL056W,0,-7.167801,0.29270604252815247,0.9269999861717224,0.2240000069141388
YDR302W,YGL207W,0,-7.1683273,0.2926136255264282,0.9269999861717224,0.2240999937057495
YGL021W,YER172C,0,-7.1692996,0.29252129793167114,0.9269999861717224,0.22419999539852142
YIL065C,YIL097W,0,-7.1695395,0.29242902994155884,0.9269999861717224,0.22429999709129333
YJL125C,YNL309W,0,-7.1698694,0.2923367917537689,0.9269999861717224,0.22439999878406525
YLR328W,YKR087C,0,-7.1701627,0.29224464297294617,0.9269999861717224,0.22450000047683716
YJR052W,YAL047C,0,-7.1709533,0.2921525239944458,0.9269999861717224,0.22460000216960907
YIL049W,YDR177W,0,-7.171382,0.2920604944229126,0.9269999861717224,0.22470000386238098
YNL169C,YJL074C,0,-7.1718774,0.2919684946537018,0.9269999861717224,0.2248000055551529
YLR423C,YER020W,0,-7.172251,0.29187658429145813,0.9269999861717224,0.2249000072479248
YPR103W,YNL290W,0,-7.1723404,0.29178470373153687,0.9269999861717224,0.22499999403953552
YOR232W,YOR305W,0,-7.172489,0.2916928827762604,0.9269999861717224,0.22509999573230743
YDL092W,YBR173C,0,-7.173175,0.29160112142562866,0.9269999861717224,0.22519999742507935
YGL168W,YOR295W,0,-7.173602,0.2915094196796417,0.9269999861717224,0.22529999911785126
YML081C-A,YOR316C,0,-7.17366,0.29141780734062195,0.9269999861717224,0.22540000081062317
YJL186W,YBR106W,0,-7.174324,0.29132622480392456,0.9269999861717224,0.22550000250339508
YOR313C,YOR004W,0,-7.1748195,0.29123467206954956,0.9269999861717224,0.225600004196167
YMR299C,YDL084W,0,-7.175103,0.2911432087421417,0.9269999861717224,0.2257000058889389
YHR027C,YOR089C,0,-7.175438,0.29105180501937866,0.9269999861717224,0.22579999268054962
YER155C,YGR009C,0,-7.175956,0.2909604609012604,0.9269999861717224,0.22589999437332153
YKL194C,YFL033C,0,-7.176302,0.2908691465854645,0.9269999861717224,0.22599999606609344
YGR120C,YDR416W,0,-7.176998,0.29077792167663574,0.9269999861717224,0.22609999775886536
YGL158W,YNL064C,0,-7.1770663,0.2906867265701294,0.9269999861717224,0.22619999945163727
YHR186C,YNL054W,0,-7.1777663,0.2905956208705902,0.9269999861717224,0.22630000114440918
YCL039W,YIL017W,0,-7.1780124,0.2905045449733734,0.9269999861717224,0.2264000028371811
YBR135W,YCR055C,0,-7.1793118,0.2904135286808014,0.9269999861717224,0.226500004529953
YJL061W,YOL067C,0,-7.179601,0.29032257199287415,0.9269999861717224,0.22660000622272491
YNL309W,YLR466W,0,-7.180452,0.2902316749095917,0.9269999861717224,0.22669999301433563
YAL041W,YFL022C,0,-7.181425,0.290140837430954,0.9269999861717224,0.22679999470710754
YKL206C,YOL068C,0,-7.183223,0.29005005955696106,0.9269999861717224,0.22689999639987946
YDR123C,YBR195C,0,-7.1837425,0.2899593412876129,0.9269999861717224,0.22699999809265137
YDR297W,YLR466W,0,-7.1841116,0.28986868262290955,0.9269999861717224,0.22709999978542328
YKR081C,YML025C,1,-7.185444,0.2900906503200531,0.9279999732971191,0.22709999978542328
YMR312W,YDR463W,0,-7.186205,0.28999999165534973,0.9279999732971191,0.2272000014781952
YOL065C,YLL016W,0,-7.1865296,0.28990939259529114,0.9279999732971191,0.2273000031709671
YKR063C,YBL035C,0,-7.186702,0.2898188531398773,0.9279999732971191,0.227400004863739
YPR199C,YHR043C,0,-7.1882677,0.2897283732891083,0.9279999732971191,0.22750000655651093
YPR067W,YOR147W,0,-7.1883287,0.289637953042984,0.9279999732971191,0.22759999334812164
YKL032C,YHL007C,0,-7.189167,0.2895475924015045,0.9279999732971191,0.22769999504089355
YMR299C,YML107C,0,-7.1893616,0.2894572615623474,0.9279999732971191,0.22779999673366547
YFR021W,YJR066W,0,-7.1898694,0.28936702013015747,0.9279999732971191,0.22789999842643738
YMR100W,YDR362C,0,-7.1900806,0.2892768085002899,0.9279999732971191,0.2280000001192093
YPL012W,YDR073W,0,-7.1907673,0.28918665647506714,0.9279999732971191,0.2281000018119812
YER040W,YDR495C,0,-7.1911345,0.28909656405448914,0.9279999732971191,0.2282000035047531
YAL026C,YOR328W,0,-7.1912155,0.2890065312385559,0.9279999732971191,0.22830000519752502
YPL213W,YDR126W,0,-7.1923566,0.28891655802726746,0.9279999732971191,0.22840000689029694
YLR411W,YNR017W,0,-7.1927633,0.2888266444206238,0.9279999732971191,0.22849999368190765
YPL244C,YLR354C,0,-7.193385,0.2887367904186249,0.9279999732971191,0.22859999537467957
YFR021W,YER122C,0,-7.1936293,0.28864696621894836,0.9279999732971191,0.22869999706745148
YPR120C,YNL244C,0,-7.194408,0.2885572016239166,0.9279999732971191,0.2287999987602234
YML046W,YDL229W,0,-7.1944156,0.28846752643585205,0.9279999732971191,0.2289000004529953
YPL174C,YOL080C,0,-7.195296,0.28837788105010986,0.9279999732971191,0.2290000021457672
YOR026W,YPR190C,0,-7.196425,0.28828829526901245,0.9279999732971191,0.22910000383853912
YDR110W,YDR296W,0,-7.19685,0.2881987690925598,0.9279999732971191,0.22920000553131104
YGR206W,YAL017W,0,-7.198781,0.28810927271842957,0.9279999732971191,0.22930000722408295
YLR191W,YMR302C,0,-7.198831,0.2880198657512665,0.9279999732971191,0.22939999401569366
YOR347C,YEL050C,0,-7.1989927,0.2879304885864258,0.9279999732971191,0.22949999570846558
YDR140W,YNL330C,0,-7.1991434,0.28784120082855225,0.9279999732971191,0.2295999974012375
YHR096C,YGR077C,0,-7.1998396,0.2877519428730011,0.9279999732971191,0.2296999990940094
YFR024C-A,YIL076W,0,-7.2001486,0.2876627445220947,0.9279999732971191,0.2298000007867813
YHR142W,YJL127C,0,-7.2011538,0.28757360577583313,0.9279999732971191,0.22990000247955322
YPR185W,YMR172W,0,-7.20166,0.2874844968318939,0.9279999732971191,0.23000000417232513
YPR128C,YDR293C,0,-7.202146,0.2873954772949219,0.9279999732971191,0.23010000586509705
YKL057C,YOR308C,0,-7.202386,0.2873064875602722,0.9279999732971191,0.23019999265670776
YJL013C,YOR232W,0,-7.2029305,0.2872175872325897,0.9279999732971191,0.23029999434947968
YDL137W,YGL254W,0,-7.2035,0.2871287167072296,0.9279999732971191,0.2303999960422516
YJL095W,YGR095C,0,-7.204768,0.2870399057865143,0.9279999732971191,0.2304999977350235
YOR142W,YLR079W,0,-7.2056456,0.2869511544704437,0.9279999732971191,0.2305999994277954
YAL055W,YBL022C,0,-7.206377,0.28686243295669556,0.9279999732971191,0.23070000112056732
YGR220C,YKL082C,1,-7.2068467,0.28708282113075256,0.9290000200271606,0.23070000112056732
YLR095C,YGR094W,0,-7.2071857,0.2869941294193268,0.9290000200271606,0.23080000281333923
YGR007W,YKR090W,0,-7.2073393,0.2869054973125458,0.9290000200271606,0.23090000450611115
YBL090W,YNR043W,0,-7.207696,0.28681692481040955,0.9290000200271606,0.23100000619888306
YDR036C,YOR201C,0,-7.2077065,0.2867283821105957,0.9290000200271606,0.23109999299049377
YNL245C,YAL011W,0,-7.208481,0.286639928817749,0.9290000200271606,0.23119999468326569
YMR056C,YDL130W-A,0,-7.2085547,0.28655150532722473,0.9290000200271606,0.2312999963760376
YER016W,YEL030W,0,-7.2086315,0.2864631414413452,0.9290000200271606,0.2313999980688095
YLR103C,YDR353W,0,-7.2088685,0.2863748371601105,0.9290000200271606,0.23149999976158142
YLR429W,YNL239W,0,-7.2089915,0.2862865924835205,0.9290000200271606,0.23160000145435333
YGL027C,YCR071C,0,-7.2090125,0.2861984074115753,0.9290000200271606,0.23170000314712524
YOL006C,YIL031W,0,-7.210663,0.2861102521419525,0.9290000200271606,0.23180000483989716
YHR089C,YCR092C,0,-7.210731,0.2860221564769745,0.9290000200271606,0.23190000653266907
YKL185W,YLR411W,0,-7.2111206,0.28593412041664124,0.9290000200271606,0.23199999332427979
YMR204C,YDR389W,0,-7.2117996,0.28584614396095276,0.9290000200271606,0.2320999950170517
YEL020W-A,YJR044C,0,-7.211937,0.28575822710990906,0.9290000200271606,0.2321999967098236
YMR036C,YBL020W,0,-7.2122645,0.28567036986351013,0.9290000200271606,0.23229999840259552
YDR184C,YNL283C,0,-7.2123165,0.2855825424194336,0.9290000200271606,0.23240000009536743
YPL274W,YMR149W,0,-7.2124405,0.28549477458000183,0.9290000200271606,0.23250000178813934
YML067C,YJL198W,0,-7.213208,0.28540706634521484,0.9290000200271606,0.23260000348091125
YER027C,YDL035C,0,-7.213485,0.28531941771507263,0.9290000200271606,0.23270000517368317
YMR067C,YBL005W-B,0,-7.2135053,0.2852317988872528,0.9290000200271606,0.23280000686645508
YOR316C,YBR193C,0,-7.213601,0.28514426946640015,0.9290000200271606,0.2328999936580658
YNR008W,YGL038C,0,-7.214053,0.2850567698478699,0.9290000200271606,0.2329999953508377
YJL146W,YJR073C,0,-7.214498,0.2849693298339844,0.9290000200271606,0.23309999704360962
YPL271W,YGR163W,0,-7.21548,0.28488194942474365,0.9290000200271606,0.23319999873638153
YPL086C,YHR108W,0,-7.218293,0.2847945988178253,0.9290000200271606,0.23330000042915344
YPL161C,YJR055W,0,-7.218941,0.28470733761787415,0.9290000200271606,0.23340000212192535
YNL317W,YDR088C,0,-7.219805,0.28462010622024536,0.9290000200271606,0.23350000381469727
YLR190W,YJR042W,0,-7.220009,0.28453293442726135,0.9290000200271606,0.23360000550746918
YPR030W,YLR246W,0,-7.2200136,0.28444579243659973,0.9290000200271606,0.2337000072002411
YER002W,YML025C,1,-7.2200727,0.2846648395061493,0.9300000071525574,0.2337000072002411
YHR067W,YDR166C,0,-7.220089,0.28457772731781006,0.9300000071525574,0.2337999939918518
YKL089W,YPR107C,0,-7.220111,0.2844906747341156,0.9300000071525574,0.23389999568462372
YDR078C,YDL244W,0,-7.220161,0.2844036817550659,0.9300000071525574,0.23399999737739563
YGR289C,YHR139C,0,-7.2206793,0.2843167185783386,0.9300000071525574,0.23409999907016754
YBL008W,YGR090W,0,-7.2209997,0.2842298150062561,0.9300000071525574,0.23420000076293945
YDR448W,YGR007W,0,-7.2210045,0.28414300084114075,0.9300000071525574,0.23430000245571136
YDR179C,YLR313C,0,-7.22233,0.2840561866760254,0.9300000071525574,0.23440000414848328
YBR207W,YPR075C,0,-7.222492,0.2839694619178772,0.9300000071525574,0.2345000058412552
YGR188C,YDR093W,0,-7.2225223,0.2838827967643738,0.9300000071525574,0.2345999926328659
YOR007C,YLL021W,0,-7.223016,0.28379616141319275,0.9300000071525574,0.23469999432563782
YCR020C-A,YPL237W,0,-7.2232246,0.2837095856666565,0.9300000071525574,0.23479999601840973
YEL003W,YDL007W,0,-7.2232256,0.283623069524765,0.9300000071525574,0.23489999771118164
YER027C,YAL034W-A,0,-7.2233334,0.2835365831851959,0.9300000071525574,0.23499999940395355
YBL071W-A,YBR228W,0,-7.223867,0.2834501564502716,0.9300000071525574,0.23510000109672546
YOR253W,YDR170C,0,-7.224005,0.28336378931999207,0.9300000071525574,0.23520000278949738
YKR035W-A,YJR069C,0,-7.224289,0.2832774817943573,0.9300000071525574,0.2353000044822693
YJR040W,YBL041W,0,-7.224683,0.2831912338733673,0.9300000071525574,0.2354000061750412
YHR085W,YGR220C,1,-7.2249017,0.28340944647789,0.9309999942779541,0.2354000061750412
YGR004W,YOR182C,0,-7.2251477,0.2833231985569,0.9309999942779541,0.23549999296665192
YPL115C,YDR362C,0,-7.2256227,0.2832369804382324,0.9309999942779541,0.23559999465942383
YKL008C,YDR062W,0,-7.22641,0.283150851726532,0.9309999942779541,0.23569999635219574
YCR020C,YOR275C,0,-7.227157,0.28306475281715393,0.9309999942779541,0.23579999804496765
YDR511W,YGR141W,0,-7.227359,0.28297871351242065,0.9309999942779541,0.23589999973773956
YDR292C,YOL006C,0,-7.227976,0.28289273381233215,0.9309999942779541,0.23600000143051147
YPR133W-A,YIR026C,0,-7.2284107,0.2828068137168884,0.9309999942779541,0.2361000031232834
YNR008W,YPL031C,0,-7.2289658,0.2827209234237671,0.9309999942779541,0.2362000048160553
YBL020W,YLR386W,0,-7.2296805,0.2826350927352905,0.9309999942779541,0.2363000065088272
YMR068W,YDR394W,0,-7.2296934,0.28254932165145874,0.9309999942779541,0.23639999330043793
YIL004C,YJR013W,0,-7.230178,0.28246358036994934,0.9309999942779541,0.23649999499320984
YBR237W,YCR035C,0,-7.230199,0.2823779284954071,0.9309999942779541,0.23659999668598175
YBR009C,YMR039C,0,-7.231533,0.28229230642318726,0.9309999942779541,0.23669999837875366
YBR035C,YNR047W,0,-7.231676,0.2822067439556122,0.9309999942779541,0.23680000007152557
YKR061W,YDR164C,0,-7.2318473,0.2821212112903595,0.9309999942779541,0.23690000176429749
YNL054W,YOR089C,0,-7.233062,0.2820357382297516,0.9309999942779541,0.2370000034570694
YIR037W,YAL051W,0,-7.2330837,0.28195032477378845,0.9309999942779541,0.2371000051498413
YAL056W,YIR019C,0,-7.2333584,0.2818649709224701,0.9309999942779541,0.23720000684261322
YJR094C,YPL147W,0,-7.2338877,0.2817796468734741,0.9309999942779541,0.23729999363422394
YDR488C,YEL013W,0,-7.233906,0.2816944122314453,0.9309999942779541,0.23739999532699585
YBR202W,YKL203C,0,-7.234444,0.2816092073917389,0.9309999942779541,0.23749999701976776
YNL223W,YLL050C,0,-7.235514,0.28152403235435486,0.9309999942779541,0.23759999871253967
YCR081W,YLR396C,0,-7.235927,0.281438946723938,0.9309999942779541,0.23770000040531158
YMR059W,YNL236W,0,-7.2359457,0.2813538908958435,0.9309999942779541,0.2378000020980835
YNL023C,YDR103W,0,-7.236204,0.2812688946723938,0.9309999942779541,0.2379000037908554
YDR501W,YNL138W,0,-7.2364416,0.2811839282512665,0.9309999942779541,0.23800000548362732
YOR316C,YCR014C,0,-7.2366314,0.28109902143478394,0.9309999942779541,0.23810000717639923
YLR208W,YDL033C,0,-7.2368593,0.28101417422294617,0.9309999942779541,0.23819999396800995
YDR054C,YPR073C,0,-7.237003,0.2809293866157532,0.9309999942779541,0.23829999566078186
YEL071W,YLR088W,0,-7.2370033,0.28084465861320496,0.9309999942779541,0.23839999735355377
YDR254W,YJL112W,0,-7.2387285,0.2807599604129791,0.9309999942779541,0.23849999904632568
YGR216C,YMR192W,0,-7.238736,0.28067532181739807,0.9309999942779541,0.2386000007390976
YLR163C,YGR044C,0,-7.2390337,0.2805907130241394,0.9309999942779541,0.2387000024318695
YJL173C,YDR469W,0,-7.239186,0.2805061638355255,0.9309999942779541,0.23880000412464142
YLL013C,YGL058W,0,-7.2391877,0.2804216742515564,0.9309999942779541,0.23890000581741333
YDL101C,YGL213C,0,-7.239776,0.28033724427223206,0.9309999942779541,0.23899999260902405
YER177W,YBR041W,0,-7.239891,0.2802528738975525,0.9309999942779541,0.23909999430179596
YGL047W,YDR322C-A,0,-7.23991,0.2801685333251953,0.9309999942779541,0.23919999599456787
YHR108W,YER029C,0,-7.240466,0.2800842225551605,0.9309999942779541,0.23929999768733978
YGL005C,YOR054C,0,-7.2405863,0.2800000011920929,0.9309999942779541,0.2393999993801117
YDR513W,YPR024W,0,-7.2409406,0.27991580963134766,0.9309999942779541,0.2395000010728836
YOR187W,YKL196C,0,-7.241441,0.2798316776752472,0.9309999942779541,0.23960000276565552
YPR081C,YGL025C,0,-7.242181,0.2797476053237915,0.9309999942779541,0.23970000445842743
YLR353W,YLR115W,0,-7.243067,0.2796635627746582,0.9309999942779541,0.23980000615119934
YMR220W,YOR363C,0,-7.2430983,0.2795795798301697,0.9309999942779541,0.23989999294281006
YML013W,YPL120W,0,-7.243703,0.2794956564903259,0.9309999942779541,0.23999999463558197
YLL003W,YGL112C,0,-7.243879,0.27941176295280457,0.9309999942779541,0.24009999632835388
YLR009W,YML025C,1,-7.243909,0.2796279489994049,0.9319999814033508,0.24009999632835388
YDR141C,YER020W,0,-7.2440085,0.27954408526420593,0.9319999814033508,0.2401999980211258
YDR503C,YMR267W,0,-7.244113,0.27946028113365173,0.9319999814033508,0.2402999997138977
YJL020C,YNR034W,0,-7.244424,0.2793765068054199,0.9319999814033508,0.24040000140666962
YMR212C,YNL145W,0,-7.2444677,0.2792927920818329,0.9319999814033508,0.24050000309944153
YDR416W,YBR123C,0,-7.244674,0.27920910716056824,0.9319999814033508,0.24060000479221344
YDL188C,YML028W,0,-7.244915,0.27912548184394836,0.9319999814033508,0.24070000648498535
YBR131W,YOR326W,0,-7.2455764,0.27904191613197327,0.9319999814033508,0.24079999327659607
YMR044W,YOR281C,0,-7.2458124,0.27895841002464294,0.9319999814033508,0.24089999496936798
YEL024W,YDL185W,0,-7.246089,0.278874933719635,0.9319999814033508,0.2409999966621399
YOL027C,YLR002C,0,-7.2467713,0.27879151701927185,0.9319999814033508,0.2410999983549118
YMR164C,YJL141C,0,-7.2471857,0.2787081301212311,0.9319999814033508,0.24120000004768372
YER056C,YLR385C,0,-7.2472095,0.2786248028278351,0.9319999814033508,0.24130000174045563
YBR080C,YKR050W,0,-7.2473536,0.27854153513908386,0.9319999814033508,0.24140000343322754
YNL139C,YPR140W,0,-7.2476087,0.2784583270549774,0.9319999814033508,0.24150000512599945
YGL254W,YFL037W,0,-7.2476263,0.27837514877319336,0.9319999814033508,0.24160000681877136
YDR080W,YOR229W,0,-7.2488346,0.2782920300960541,0.9319999814033508,0.24169999361038208
YCL024W,YOR361C,0,-7.2494135,0.2782089412212372,0.9319999814033508,0.241799995303154
YNL331C,YBR111W-A,0,-7.24945,0.27812594175338745,0.9319999814033508,0.2418999969959259
YFL022C,YJL029C,0,-7.2503004,0.2780429720878601,0.9319999814033508,0.24199999868869781
YDL105W,YOL115W,0,-7.250485,0.27796003222465515,0.9319999814033508,0.24210000038146973
YLR113W,YIL114C,0,-7.2506475,0.27787715196609497,0.9319999814033508,0.24220000207424164
YGL245W,YNL313C,0,-7.2507706,0.27779433131217957,0.9319999814033508,0.24230000376701355
YDR151C,YDR435C,0,-7.2516913,0.27771157026290894,0.9319999814033508,0.24240000545978546
YNL059C,YBR173C,0,-7.2517385,0.2776288390159607,0.9319999814033508,0.24250000715255737
YOR204W,YER029C,0,-7.251882,0.2775461673736572,0.9319999814033508,0.2425999939441681
YPR093C,YJL127C,0,-7.252759,0.27746352553367615,0.9319999814033508,0.24269999563694
YOR023C,YBR058C,0,-7.2529593,0.27738094329833984,0.9319999814033508,0.24279999732971191
YDR254W,YHR172W,0,-7.2531614,0.2772984206676483,0.9319999814033508,0.24289999902248383
YBR167C,YPL122C,0,-7.2532287,0.27721595764160156,0.9319999814033508,0.24300000071525574
YDL220C,YML051W,0,-7.2534947,0.2771335244178772,0.9319999814033508,0.24310000240802765
YKL194C,YGL049C,0,-7.2535973,0.2770511209964752,0.9319999814033508,0.24320000410079956
YGR036C,YGR253C,0,-7.2539725,0.2769688069820404,0.9319999814033508,0.24330000579357147
YNL135C,YIL021W,0,-7.254575,0.276886522769928,0.9319999814033508,0.2433999925851822
YIL031W,YOR359W,0,-7.255235,0.27680426836013794,0.9319999814033508,0.2434999942779541
YBR004C,YNL248C,0,-7.255435,0.27672210335731506,0.9319999814033508,0.243599995970726
YJL013C,YNL138W,0,-7.2556353,0.2766399383544922,0.9319999814033508,0.24369999766349792
YIL009W,YPL124W,0,-7.255727,0.2765578627586365,0.9319999814033508,0.24379999935626984
YDR153C,YJL080C,0,-7.255898,0.27647581696510315,0.9319999814033508,0.24390000104904175
YDR268W,YPR178W,0,-7.256755,0.2763938307762146,0.9319999814033508,0.24400000274181366
YGR082W,YER151C,0,-7.2568154,0.27631187438964844,0.9319999814033508,0.24410000443458557
YPL125W,YLR320W,0,-7.256937,0.27623000741004944,0.9319999814033508,0.24420000612735748
YMR023C,YGR009C,0,-7.2579575,0.27614814043045044,0.9319999814033508,0.2442999929189682
YLR390W-A,YBR198C,0,-7.2581367,0.2760663628578186,0.9319999814033508,0.2443999946117401
YLR085C,YLR105C,0,-7.2582965,0.27598461508750916,0.9319999814033508,0.24449999630451202
YLR023C,YHR091C,0,-7.2583313,0.2759028971195221,0.9319999814033508,0.24459999799728394
YLR084C,YDR429C,0,-7.2589626,0.2758212387561798,0.9319999814033508,0.24469999969005585
YOR174W,YAR031W,0,-7.259284,0.2757396399974823,0.9319999814033508,0.24480000138282776
YDR082W,YML088W,0,-7.2593536,0.27565810084342957,0.9319999814033508,0.24490000307559967
YBR212W,YBR260C,0,-7.2594757,0.2755765914916992,0.9319999814033508,0.24500000476837158
YLR141W,YDR201W,0,-7.2594886,0.27549511194229126,0.9319999814033508,0.2451000064611435
YDL102W,YMR117C,0,-7.2595053,0.27541372179985046,0.9319999814033508,0.2451999932527542
YKR024C,YML025C,1,-7.2602043,0.2756277620792389,0.9330000281333923,0.2451999932527542
YPL149W,YML078W,0,-7.260357,0.2755463719367981,0.9330000281333923,0.24529999494552612
YJR089W,YLR330W,0,-7.260726,0.2754650115966797,0.9330000281333923,0.24539999663829803
YPR164W,YOR229W,0,-7.261256,0.27538371086120605,0.9330000281333923,0.24549999833106995
YPL187W,YMR023C,0,-7.2617154,0.2753024399280548,0.9330000281333923,0.24560000002384186
YOL005C,YOL034W,0,-7.2627587,0.27522122859954834,0.9330000281333923,0.24570000171661377
YKL015W,YKL193C,0,-7.263304,0.27514007687568665,0.9330000281333923,0.24580000340938568
YJL033W,YBL003C,0,-7.2634516,0.27505895495414734,0.9330000281333923,0.2459000051021576
YBR042C,YJR135C,0,-7.264267,0.2749778926372528,0.9330000281333923,0.2460000067949295
YOR368W,YHR050W,0,-7.2643003,0.27489688992500305,0.9330000281333923,0.24609999358654022
YHR053C,YDR512C,0,-7.264853,0.2748159170150757,0.9330000281333923,0.24619999527931213
YDR437W,YDL035C,0,-7.2655306,0.2747349739074707,0.9330000281333923,0.24629999697208405
YNL219C,YGL210W,0,-7.26583,0.2746541202068329,0.9330000281333923,0.24639999866485596
YKR036C,YDR243C,0,-7.2664437,0.27457326650619507,0.9330000281333923,0.24650000035762787
YLR214W,YJL191W,0,-7.2664976,0.2744925022125244,0.9330000281333923,0.24660000205039978
YCR094W,YOR181W,0,-7.2675657,0.27441176772117615,0.9330000281333923,0.2467000037431717
YEL024W,YIL073C,0,-7.270016,0.27433109283447266,0.9330000281333923,0.2468000054359436
YNL055C,YNL047C,0,-7.270246,0.27425044775009155,0.9330000281333923,0.24690000712871552
YDR093W,YCR052W,0,-7.2707453,0.2741698622703552,0.9330000281333923,0.24699999392032623
YNL325C,YOL147C,0,-7.270854,0.2740893065929413,0.9330000281333923,0.24709999561309814
YNL239W,YOL027C,0,-7.2708645,0.2740088105201721,0.9330000281333923,0.24719999730587006
YPL051W,YJL176C,0,-7.2711163,0.27392837405204773,0.9330000281333923,0.24729999899864197
YGL127C,YDR362C,0,-7.2711315,0.2738479673862457,0.9330000281333923,0.24740000069141388
YNL047C,YOR081C,0,-7.2712502,0.2737676203250885,0.9330000281333923,0.2475000023841858
YMR038C,YNL246W,0,-7.2715383,0.27368730306625366,0.9330000281333923,0.2476000040769577
YNR044W,YHL019C,0,-7.271636,0.2736070454120636,0.9330000281333923,0.24770000576972961
YDL101C,YOL034W,0,-7.272173,0.2735268175601959,0.9330000281333923,0.24779999256134033
YDL101C,YOR076C,0,-7.2726946,0.273446649312973,0.9330000281333923,0.24789999425411224
YKR083C,YJL092W,0,-7.2727766,0.2733665406703949,0.9330000281333923,0.24799999594688416
YCR020C,YDR235W,0,-7.2728033,0.27328646183013916,0.9330000281333923,0.24809999763965607
YOR388C,YHR111W,0,-7.2730923,0.2732064425945282,0.9330000281333923,0.24819999933242798
YJL210W,YKL051W,0,-7.273235,0.2731264531612396,0.9330000281333923,0.2483000010251999
YMR264W,YDR385W,0,-7.2734003,0.2730465233325958,0.9330000281333923,0.2484000027179718
YFR050C,YIR011C,0,-7.274629,0.2729666531085968,0.9330000281333923,0.2485000044107437
YGL253W,YDL005C,0,-7.274921,0.27288681268692017,0.9330000281333923,0.24860000610351562
YLR028C,YHR135C,0,-7.275315,0.2728070318698883,0.9330000281333923,0.24869999289512634
YLL035W,YBL002W,0,-7.2754416,0.27272728085517883,0.9330000281333923,0.24879999458789825
YBR102C,YML029W,0,-7.275498,0.27264755964279175,0.9330000281333923,0.24889999628067017
YNL267W,YLR079W,0,-7.275505,0.2725679278373718,0.9330000281333923,0.24899999797344208
YHR094C,YJL011C,0,-7.276289,0.2724883258342743,0.9330000281333923,0.249099999666214
YLR075W,YML025C,1,-7.2773323,0.2727007269859314,0.9340000152587891,0.249099999666214
YBL046W,YOR224C,0,-7.277474,0.27262112498283386,0.9340000152587891,0.2492000013589859
YJR064W,YML104C,0,-7.2776704,0.2725415825843811,0.9340000152587891,0.2493000030517578
YOR150W,YLR448W,1,-7.277672,0.2727538049221039,0.9350000023841858,0.2493000030517578
YIR028W,YPL092W,0,-7.278211,0.2726742625236511,0.9350000023841858,0.24940000474452972
YGL168W,YJL039C,0,-7.278573,0.27259474992752075,0.9350000023841858,0.24950000643730164
YGL191W,YDR378C,0,-7.278646,0.27251529693603516,0.9350000023841858,0.24959999322891235
YGR086C,YDR247W,0,-7.2791576,0.27243590354919434,0.9350000023841858,0.24969999492168427
YDL231C,YIL135C,0,-7.2793694,0.2723565399646759,0.9350000023841858,0.24979999661445618
YBR023C,YIL031W,0,-7.2800603,0.27227723598480225,0.9350000023841858,0.2498999983072281
YIL010W,YCL010C,0,-7.2801995,0.272197961807251,0.9350000023841858,0.25
YLR330W,YBR193C,0,-7.280359,0.2721187472343445,0.9350000023841858,0.2500999867916107
YFR001W,YML025C,1,-7.280445,0.27233052253723145,0.9359999895095825,0.2500999867916107
YGR057C,YJR132W,0,-7.281312,0.27225130796432495,0.9359999895095825,0.2502000033855438
YLR163C,YDR219C,0,-7.2815633,0.27217215299606323,0.9359999895095825,0.25029999017715454
YML048W,YGR172C,0,-7.2827044,0.2720930278301239,0.9359999895095825,0.25040000677108765
YNL059C,YLR265C,0,-7.2827187,0.27201396226882935,0.9359999895095825,0.25049999356269836
YJR155W,YAR031W,0,-7.2827663,0.2719349265098572,0.9359999895095825,0.25060001015663147
YBR289W,YDR080W,0,-7.2828245,0.2718559503555298,0.9359999895095825,0.2506999969482422
YER083C,YPR110C,0,-7.2829223,0.2717770040035248,0.9359999895095825,0.2508000135421753
YGL245W,YLR190W,0,-7.2830167,0.27169811725616455,0.9359999895095825,0.250900000333786
YOR085W,YGR091W,0,-7.283611,0.2716192603111267,0.9359999895095825,0.25099998712539673
YPR119W,YER120W,0,-7.2841005,0.27154046297073364,0.9359999895095825,0.25110000371932983
YDL229W,YMR088C,0,-7.284385,0.27146172523498535,0.9359999895095825,0.25119999051094055
YNL325C,YGL094C,0,-7.2846584,0.27138301730155945,0.9359999895095825,0.25130000710487366
YOR351C,YJL053W,0,-7.284681,0.27130433917045593,0.9359999895095825,0.2513999938964844
YCR020C,YGL046W,0,-7.2851324,0.2712257206439972,0.9359999895095825,0.2515000104904175
YDR135C,YGR172C,0,-7.286071,0.2711471617221832,0.9359999895095825,0.2515999972820282
YHR205W,YGR143W,0,-7.2861905,0.27106863260269165,0.9359999895095825,0.2517000138759613
YMR083W,YBL051C,0,-7.286275,0.27099016308784485,0.9359999895095825,0.251800000667572
YGR077C,YPL123C,0,-7.2864537,0.27091172337532043,0.9359999895095825,0.25189998745918274
YER052C,YKR063C,0,-7.2864723,0.2708333432674408,0.9359999895095825,0.25200000405311584
YLR002C,YJL187C,0,-7.2867837,0.27075499296188354,0.9359999895095825,0.25209999084472656
YGR165W,YDR183W,0,-7.287032,0.27067670226097107,0.9359999895095825,0.25220000743865967
YOR188W,YIL139C,0,-7.287067,0.270598441362381,0.9359999895095825,0.2522999942302704
YBL090W,YBR035C,0,-7.2870884,0.27052024006843567,0.9359999895095825,0.2524000108242035
YIR010W,YDR302W,0,-7.2872877,0.27044206857681274,0.9359999895095825,0.2524999976158142
YGL032C,YML067C,0,-7.2874184,0.2703639566898346,0.9359999895095825,0.2526000142097473
YKR057W,YOL109W,0,-7.2879252,0.27028587460517883,0.9359999895095825,0.25270000100135803
YPR033C,YDR459C,0,-7.2884145,0.27020785212516785,0.9359999895095825,0.25279998779296875
YOL112W,YNL309W,0,-7.2887096,0.27012985944747925,0.9359999895095825,0.25290000438690186
YBR236C,YLR260W,0,-7.2887135,0.2700519263744354,0.9359999895095825,0.2529999911785126
YDL106C,YML028W,0,-7.288723,0.2699740529060364,0.9359999895095825,0.2531000077724457
YLR371W,YMR190C,0,-7.2889256,0.26989617943763733,0.9359999895095825,0.2531999945640564
YHR114W,YBR276C,0,-7.2890987,0.26981839537620544,0.9359999895095825,0.2533000111579895
YML099C,YMR290C,0,-7.2892647,0.26974064111709595,0.9359999895095825,0.2533999979496002
YLR113W,YBR136W,0,-7.289337,0.26966291666030884,0.9359999895095825,0.2535000145435333
YOR244W,YJL179W,0,-7.289513,0.2695852518081665,0.9359999895095825,0.25360000133514404
YPR178W,YPL175W,0,-7.2895236,0.26950761675834656,0.9359999895095825,0.25369998812675476
YJR055W,YBL103C,0,-7.2896624,0.2694300413131714,0.9359999895095825,0.25380000472068787
YIL085C,YGR002C,0,-7.2897143,0.269352525472641,0.9359999895095825,0.2538999915122986
YDR489W,YJL143W,0,-7.2904167,0.269275039434433,0.9359999895095825,0.2540000081062317
YGR029W,YHR070W,0,-7.29108,0.26919758319854736,0.9359999895095825,0.2540999948978424
YMR068W,YDR200C,0,-7.2911625,0.2691201865673065,0.9359999895095825,0.2542000114917755
YLR295C,YDL090C,0,-7.291268,0.26904281973838806,0.9359999895095825,0.25429999828338623
YBL025W,YAL047C,0,-7.2918043,0.2689655125141144,0.9359999895095825,0.25440001487731934
YBL064C,YGL045W,0,-7.2918677,0.2688882648944855,0.9359999895095825,0.25450000166893005
YDR141C,YKL032C,0,-7.292025,0.26881101727485657,0.9359999895095825,0.25459998846054077
YJL039C,YGR169C,0,-7.2926145,0.2687338590621948,0.9359999895095825,0.2547000050544739
YGL129C,YOL109W,0,-7.293243,0.26865673065185547,0.9359999895095825,0.2547999918460846
YBR161W,YOR109W,0,-7.2951303,0.2685796320438385,0.9359999895095825,0.2549000084400177
YMR025W,YLR107W,0,-7.2958546,0.2685025930404663,0.9359999895095825,0.2549999952316284
YAL026C,YKR048C,0,-7.297962,0.2684255838394165,0.9359999895095825,0.2551000118255615
YDR182W,YML075C,0,-7.2980194,0.2683486342430115,0.9359999895095825,0.25519999861717224
YKL015W,YMR053C,0,-7.298251,0.26827171444892883,0.9359999895095825,0.25529998540878296
YMR168C,YOR089C,0,-7.299248,0.26819485425949097,0.9359999895095825,0.25540000200271606
YNR038W,YML025C,1,-7.300647,0.26840445399284363,0.9369999766349792,0.25540000200271606
YBR086C,YNL264C,0,-7.300797,0.26832759380340576,0.9369999766349792,0.2554999887943268
YJR090C,YGL201C,0,-7.3009014,0.26825079321861267,0.9369999766349792,0.2556000053882599
YNR035C,YER087C-B,0,-7.301114,0.26817402243614197,0.9369999766349792,0.2556999921798706
YDR130C,YDR268W,0,-7.3011217,0.26809728145599365,0.9369999766349792,0.2558000087738037
YKL045W,YER021W,0,-7.302687,0.2680206000804901,0.9369999766349792,0.25589999556541443
YIR021W,YOR129C,0,-7.3031406,0.26794394850730896,0.9369999766349792,0.25600001215934753
YNL133C,YDR240C,0,-7.303377,0.2678673565387726,0.9369999766349792,0.25609999895095825
YDR252W,YBR030W,0,-7.303541,0.2677907943725586,0.9369999766349792,0.25619998574256897
YMR032W,YPL112C,0,-7.3039365,0.2677142918109894,0.9369999766349792,0.2563000023365021
YBR202W,YMR182C,0,-7.3039503,0.26763781905174255,0.9369999766349792,0.2563999891281128
YCR031C,YLR275W,0,-7.3040566,0.2675614058971405,0.9369999766349792,0.2565000057220459
YPL075W,YGL253W,0,-7.304144,0.26748502254486084,0.9369999766349792,0.2565999925136566
YOR025W,YIL039W,0,-7.304468,0.26740866899490356,0.9369999766349792,0.2567000091075897
YLR274W,YNL066W,0,-7.3049383,0.26733237504959106,0.9369999766349792,0.25679999589920044
YDR523C,YDR495C,0,-7.305538,0.26725614070892334,0.9369999766349792,0.25690001249313354
YER015W,YMR077C,0,-7.306316,0.267179936170578,0.9369999766349792,0.25699999928474426
YER051W,YGL205W,0,-7.3084807,0.26710376143455505,0.9369999766349792,0.257099986076355
YLR206W,YPL164C,0,-7.3086634,0.2670276463031769,0.9369999766349792,0.2572000026702881
YBR093C,YOL004W,0,-7.309372,0.2669515609741211,0.9369999766349792,0.2572999894618988
YOL094C,YJL140W,0,-7.3096714,0.2668755352497101,0.9369999766349792,0.2574000060558319
YGR005C,YDL015C,0,-7.3104744,0.26679953932762146,0.9369999766349792,0.2574999928474426
YLR265C,YLR435W,0,-7.310729,0.2667236030101776,0.9369999766349792,0.25760000944137573
YPR179C,YJR119C,0,-7.3111696,0.26664769649505615,0.9369999766349792,0.25769999623298645
YJL146W,YPL159C,0,-7.3113637,0.26657184958457947,0.9369999766349792,0.25780001282691956
YLR233C,YGL241W,0,-7.311389,0.26649603247642517,0.9369999766349792,0.2578999996185303
YIR008C,YDR240C,0,-7.312533,0.26642024517059326,0.9369999766349792,0.257999986410141
YDR256C,YIR025W,0,-7.312553,0.26634451746940613,0.9369999766349792,0.2581000030040741
YPL089C,YGR072W,0,-7.312561,0.2662688195705414,0.9369999766349792,0.2581999897956848
YPR141C,YLL036C,0,-7.312811,0.2661931812763214,0.9369999766349792,0.2583000063896179
YHR072W-A,YDL120W,0,-7.3131065,0.26611757278442383,0.9369999766349792,0.25839999318122864
YER159C,YML115C,0,-7.3136225,0.266042023897171,0.9369999766349792,0.25850000977516174
YLR196W,YDL015C,0,-7.313659,0.2659665048122406,0.9369999766349792,0.25859999656677246
YNL245C,YGR195W,0,-7.3140917,0.26589104533195496,0.9369999766349792,0.25870001316070557
YML010W,YLR234W,0,-7.3142657,0.2658156156539917,0.9369999766349792,0.2587999999523163
YOR267C,YPL085W,0,-7.314394,0.26574021577835083,0.9369999766349792,0.258899986743927
YJL054W,YDR200C,0,-7.3144474,0.26566487550735474,0.9369999766349792,0.2590000033378601
YFR021W,YLR292C,0,-7.3147697,0.26558956503868103,0.9369999766349792,0.2590999901294708
YFL059W,YLL040C,0,-7.314802,0.2655143141746521,0.9369999766349792,0.25920000672340393
YDR254W,YDR545W,0,-7.3149714,0.26543909311294556,0.9369999766349792,0.25929999351501465
YDR503C,YBR276C,0,-7.3154116,0.2653639316558838,0.9369999766349792,0.25940001010894775
YBR169C,YBR284W,0,-7.3157487,0.2652888000011444,0.9369999766349792,0.25949999690055847
YLR256W,YGR056W,0,-7.3157644,0.2652136981487274,0.9369999766349792,0.2596000134944916
YDR137W,YKL041W,0,-7.316033,0.2651386559009552,0.9369999766349792,0.2597000002861023
YDR378C,YDR164C,0,-7.316677,0.26506364345550537,0.9369999766349792,0.259799987077713
YJR001W,YHR008C,0,-7.316829,0.2649886906147003,0.9369999766349792,0.2599000036716461
YPR183W,YOR284W,0,-7.317146,0.26491376757621765,0.9369999766349792,0.25999999046325684
YGL191W,YDL101C,0,-7.3174586,0.26483890414237976,0.9369999766349792,0.26010000705718994
YBR215W,YMR061W,0,-7.3179865,0.26476407051086426,0.9369999766349792,0.26019999384880066
YDR016C,YFR024C-A,0,-7.3182387,0.26468926668167114,0.9369999766349792,0.26030001044273376
YOR328W,YBL075C,0,-7.3197966,0.2646145224571228,0.9369999766349792,0.2603999972343445
YPL051W,YPL126W,0,-7.320011,0.26453980803489685,0.9369999766349792,0.2605000138282776
YIR023W,YLR401C,0,-7.320817,0.2644651532173157,0.9369999766349792,0.2606000006198883
YGL241W,YNL209W,0,-7.3216877,0.2643905282020569,0.9369999766349792,0.260699987411499
YDR085C,YJL029C,0,-7.321693,0.2643159329891205,0.9369999766349792,0.26080000400543213
YJL134W,YBR055C,0,-7.3219275,0.26424139738082886,0.9369999766349792,0.26089999079704285
YOL088C,YNL334C,0,-7.3220663,0.2641668915748596,0.9369999766349792,0.26100000739097595
YIL049W,YJL204C,0,-7.322654,0.26409244537353516,0.9369999766349792,0.26109999418258667
YIL073C,YMR210W,0,-7.3232536,0.2640180289745331,0.9369999766349792,0.2612000107765198
YDR382W,YMR117C,0,-7.323599,0.2639436721801758,0.9369999766349792,0.2612999975681305
YHR183W,YGL252C,0,-7.3241196,0.26386934518814087,0.9369999766349792,0.2614000141620636
YOR112W,YJL039C,0,-7.3244233,0.26379504799842834,0.9369999766349792,0.2615000009536743
YNL031C,YGR257C,0,-7.324979,0.2637208104133606,0.9369999766349792,0.26159998774528503
YLR295C,YOR178C,0,-7.3254075,0.26364660263061523,0.9369999766349792,0.26170000433921814
YEL063C,YOR243C,0,-7.325857,0.26357242465019226,0.9369999766349792,0.26179999113082886
YPR168W,YOR137C,0,-7.325884,0.26349830627441406,0.9369999766349792,0.26190000772476196
YBL022C,YDL190C,0,-7.3261414,0.26342424750328064,0.9369999766349792,0.2619999945163727
YBL014C,YKL203C,0,-7.3267517,0.2633501887321472,0.9369999766349792,0.2621000111103058
YMR042W,YOR057W,0,-7.3267875,0.26327618956565857,0.9369999766349792,0.2621999979019165
YBR026C,YML041C,0,-7.3268623,0.2632022500038147,0.9369999766349792,0.2623000144958496
YOR073W,YML115C,0,-7.3272123,0.2631283402442932,0.9369999766349792,0.2624000012874603
YJL190C,YNL273W,0,-7.3273554,0.2630544602870941,0.9369999766349792,0.26249998807907104
YLR369W,YKR014C,0,-7.327882,0.2629806399345398,0.9369999766349792,0.26260000467300415
YDR283C,YGL044C,0,-7.328616,0.26290684938430786,0.9369999766349792,0.26269999146461487
YNL291C,YDR146C,0,-7.3290863,0.2628330886363983,0.9369999766349792,0.262800008058548
YHR007C,YOR315W,0,-7.3296943,0.26275938749313354,0.9369999766349792,0.2628999948501587
YIR021W,YDL097C,0,-7.329791,0.26268571615219116,0.9369999766349792,0.2630000114440918
YCL067C,YOR266W,0,-7.3299856,0.26261210441589355,0.9369999766349792,0.2630999982357025
YLR220W,YOR321W,0,-7.330011,0.26253852248191833,0.9369999766349792,0.2632000148296356
YGL099W,YCR024C-A,0,-7.330849,0.2624650001525879,0.9369999766349792,0.26330000162124634
YPL055C,YGR197C,0,-7.3316717,0.26239147782325745,0.9369999766349792,0.26339998841285706
YLR291C,YOL067C,0,-7.3317013,0.2623180150985718,0.9369999766349792,0.26350000500679016
YHR024C,YPL022W,0,-7.3317356,0.2622446119785309,0.9369999766349792,0.2635999917984009
YGR113W,YKR019C,0,-7.331789,0.2621712386608124,0.9369999766349792,0.263700008392334
YJR057W,YOR025W,0,-7.3324375,0.26209789514541626,0.9369999766349792,0.2637999951839447
YDL078C,YDL236W,0,-7.3326387,0.2620246112346649,0.9369999766349792,0.2639000117778778
YBR021W,YHR094C,0,-7.3330297,0.26195135712623596,0.9369999766349792,0.2639999985694885
YDR283C,YDL116W,0,-7.333292,0.2618781328201294,0.9369999766349792,0.26409998536109924
YJL112W,YKR101W,0,-7.333764,0.2618049681186676,0.9369999766349792,0.26420000195503235
YGL163C,YPL152W,0,-7.333997,0.2617318332195282,0.9369999766349792,0.26429998874664307
YLR045C,YPR041W,0,-7.3341765,0.26165875792503357,0.9369999766349792,0.26440000534057617
YOR265W,YLR301W,0,-7.334509,0.26158571243286133,0.9369999766349792,0.2644999921321869
YML104C,YGL089C,0,-7.334955,0.2615126967430115,0.9369999766349792,0.26460000872612
YCL011C,YOR297C,0,-7.334986,0.2614397406578064,0.9369999766349792,0.2646999955177307
YPL267W,YBL071W-A,0,-7.3354545,0.2613668143749237,0.9369999766349792,0.2648000121116638
YHR133C,YLR396C,0,-7.3356156,0.2612939178943634,0.9369999766349792,0.26489999890327454
YDR294C,YMR133W,0,-7.3358645,0.2612210810184479,0.9369999766349792,0.26499998569488525
YKR009C,YDR490C,0,-7.3362813,0.26114827394485474,0.9369999766349792,0.26510000228881836
YER036C,YER174C,0,-7.3363295,0.261075496673584,0.9369999766349792,0.2651999890804291
YCR092C,YKL028W,0,-7.3370175,0.261002779006958,0.9369999766349792,0.2653000056743622
YGL019W,YCR067C,0,-7.337019,0.2609300911426544,0.9369999766349792,0.2653999924659729
YPL231W,YNL299W,0,-7.3373013,0.2608574628829956,0.9369999766349792,0.265500009059906
YDL148C,YOL128C,0,-7.3389077,0.2607848644256592,0.9369999766349792,0.2655999958515167
YJL019W,YDL064W,0,-7.339034,0.26071229577064514,0.9369999766349792,0.26570001244544983
YDR025W,YMR125W,0,-7.339893,0.2606397867202759,0.9369999766349792,0.26579999923706055
YNL258C,YOR133W,0,-7.3402424,0.260567307472229,0.9369999766349792,0.26589998602867126
YNL172W,YPR111W,0,-7.3408933,0.2604948580265045,0.9369999766349792,0.26600000262260437
YER143W,YBR293W,0,-7.3414364,0.2604224681854248,0.9369999766349792,0.2660999894142151
YEL054C,YML025C,1,-7.341978,0.26062795519828796,0.9380000233650208,0.2660999894142151
YHL048W,YNL071W,0,-7.342168,0.26055556535720825,0.9380000233650208,0.2662000060081482
YMR045C,YMR087W,0,-7.342235,0.2604832053184509,0.9380000233650208,0.2662999927997589
YOR033C,YBR092C,0,-7.342333,0.260410875082016,0.9380000233650208,0.266400009393692
YHR062C,YJL156C,0,-7.3434334,0.26033860445022583,0.9380000233650208,0.26649999618530273
YLR399C,YPL053C,0,-7.343462,0.26026636362075806,0.9380000233650208,0.26660001277923584
YGR188C,YPL116W,0,-7.3437424,0.26019418239593506,0.9380000233650208,0.26669999957084656
YDL165W,YCR026C,0,-7.3438883,0.26012203097343445,0.9380000233650208,0.2667999863624573
YDL149W,YOR157C,0,-7.344056,0.2600499093532562,0.9380000233650208,0.2669000029563904
YJL146W,YNL160W,0,-7.3447504,0.2599778175354004,0.9380000233650208,0.2669999897480011
YGR204W,YAL003W,0,-7.344903,0.25990578532218933,0.9380000233650208,0.2671000063419342
YHR191C,YML064C,0,-7.3449793,0.25983378291130066,0.9380000233650208,0.2671999931335449
YPL254W,YML124C,0,-7.345293,0.25976184010505676,0.9380000233650208,0.267300009727478
YGL046W,YLR136C,0,-7.346256,0.25968992710113525,0.9380000233650208,0.26739999651908875
YKL060C,YKL141W,0,-7.3464146,0.25961804389953613,0.9380000233650208,0.26750001311302185
YGR216C,YER051W,0,-7.3471975,0.2595462203025818,0.9380000233650208,0.26759999990463257
YDR108W,YKR101W,0,-7.3474674,0.25947442650794983,0.9380000233650208,0.2676999866962433
YBR215W,YDL076C,0,-7.3475614,0.25940266251564026,0.9380000233650208,0.2678000032901764
YLR014C,YMR075W,0,-7.3475814,0.2593309283256531,0.9380000233650208,0.2678999900817871
YOR113W,YIL077C,0,-7.3476543,0.25925925374031067,0.9380000233650208,0.2680000066757202
YKR035W-A,YDL081C,0,-7.348403,0.25918760895729065,0.9380000233650208,0.26809999346733093
YPL161C,YPL015C,0,-7.3489313,0.2591160237789154,0.9380000233650208,0.26820001006126404
YGR191W,YIL139C,0,-7.3489623,0.25904446840286255,0.9380000233650208,0.26829999685287476
YOR140W,YEL031W,0,-7.349203,0.2589729428291321,0.9380000233650208,0.26840001344680786
YDR168W,YBL075C,0,-7.3497734,0.2589014768600464,0.9380000233650208,0.2685000002384186
YLR427W,YER123W,0,-7.3508663,0.2588300108909607,0.9380000233650208,0.2685999870300293
YIR008C,YPR080W,0,-7.350915,0.25875863432884216,0.9380000233650208,0.2687000036239624
YOR020C,YHR091C,0,-7.3512487,0.25868725776672363,0.9380000233650208,0.2687999904155731
YLR131C,YML051W,0,-7.3513265,0.2586159408092499,0.9380000233650208,0.2689000070095062
YCR098C,YLR035C,0,-7.351672,0.2585446536540985,0.9380000233650208,0.26899999380111694
YLR071C,YDL153C,0,-7.352138,0.25847339630126953,0.9380000233650208,0.26910001039505005
YJL127C,YDR429C,0,-7.352314,0.2584021985530853,0.9380000233650208,0.26919999718666077
YPL259C,YOL042W,0,-7.352601,0.2583310306072235,0.9380000233650208,0.26930001378059387
YNL029C,YJR112W,0,-7.3526306,0.25825992226600647,0.9380000233650208,0.2694000005722046
YDR343C,YNR034W,0,-7.352729,0.25818881392478943,0.9380000233650208,0.2694999873638153
YMR116C,YNL145W,0,-7.353267,0.25811776518821716,0.9380000233650208,0.2696000039577484
YLR100W,YGR046W,0,-7.3533006,0.2580467760562897,0.9380000233650208,0.26969999074935913
YMR137C,YDL097C,0,-7.3534503,0.2579757869243622,0.9380000233650208,0.26980000734329224
YNL251C,YHR020W,0,-7.353562,0.25790485739707947,0.9380000233650208,0.26989999413490295
YGL241W,YLL021W,0,-7.3537855,0.25783398747444153,0.9380000233650208,0.27000001072883606
YOR045W,YLR181C,0,-7.3544474,0.2577631175518036,0.9380000233650208,0.2700999975204468
YMR311C,YNL121C,0,-7.3552885,0.2576923072338104,0.9380000233650208,0.2702000141143799
YDR461W,YLR363C,0,-7.356295,0.25762152671813965,0.9380000233650208,0.2703000009059906
YCR063W,YAL002W,0,-7.356372,0.25755080580711365,0.9380000233650208,0.2703999876976013
YJR007W,YML088W,0,-7.3564715,0.25748008489608765,0.9380000233650208,0.2705000042915344
YPL008W,YPL169C,0,-7.3565025,0.2574094533920288,0.9380000233650208,0.27059999108314514
YGR056W,YGL207W,0,-7.356803,0.25733882188796997,0.9380000233650208,0.27070000767707825
YLR015W,YOL044W,0,-7.3578997,0.2572682499885559,0.9380000233650208,0.27079999446868896
YNR034W,YOL138C,0,-7.3584805,0.25719770789146423,0.9380000233650208,0.27090001106262207
YNR032W,YGL115W,0,-7.3587112,0.25712719559669495,0.9380000233650208,0.2709999978542328
YLR085C,YML077W,0,-7.358758,0.25705671310424805,0.9380000233650208,0.2711000144481659
YPR023C,YPL057C,0,-7.358839,0.2569862902164459,0.9380000233650208,0.2712000012397766
YGR276C,YPL128C,0,-7.359079,0.2569159269332886,0.9380000233650208,0.27129998803138733
YHR089C,YKL073W,0,-7.359153,0.2568455636501312,0.9380000233650208,0.27140000462532043
YGR220C,YDR312W,1,-7.3592434,0.25704899430274963,0.9390000104904175,0.27140000462532043
YLR039C,YNL243W,0,-7.359331,0.2569786608219147,0.9390000104904175,0.27149999141693115
YBR167C,YIL126W,0,-7.360189,0.2569083571434021,0.9390000104904175,0.27160000801086426
YAL041W,YDR054C,0,-7.3606987,0.2568380832672119,0.9390000104904175,0.271699994802475
YOR257W,YDR512C,0,-7.360771,0.2567678391933441,0.9390000104904175,0.2718000113964081
YBR109C,YDL185W,0,-7.3613873,0.2566976547241211,0.9390000104904175,0.2718999981880188
YOR299W,YIL068C,0,-7.3617296,0.25662750005722046,0.9390000104904175,0.2720000147819519
YBR131W,YDL190C,0,-7.3633986,0.2565573751926422,0.9390000104904175,0.2721000015735626
YGR145W,YGR179C,0,-7.363441,0.25648730993270874,0.9390000104904175,0.27219998836517334
YDL161W,YJL019W,0,-7.363478,0.25641724467277527,0.9390000104904175,0.27230000495910645
YOL067C,YOR043W,0,-7.3637695,0.25634726881980896,0.9390000104904175,0.27239999175071716
YBR173C,YNL229C,0,-7.3640037,0.25627729296684265,0.9390000104904175,0.27250000834465027
YNL278W,YDR097C,0,-7.3640757,0.2562073767185211,0.9390000104904175,0.272599995136261
YHR067W,YBR205W,0,-7.364242,0.256137490272522,0.9390000104904175,0.2727000117301941
YJR053W,YOR156C,0,-7.3644075,0.2560676336288452,0.9390000104904175,0.2727999985218048
YKR083C,YJR141W,0,-7.364716,0.25599780678749084,0.9390000104904175,0.2728999853134155
YIR006C,YDR362C,0,-7.365785,0.25592803955078125,0.9390000104904175,0.27300000190734863
YER149C,YKL012W,0,-7.3660097,0.25585830211639404,0.9390000104904175,0.27309998869895935
YKL149C,YHL020C,0,-7.366329,0.2557886242866516,0.9390000104904175,0.27320000529289246
YER143W,YER125W,0,-7.3665953,0.2557189464569092,0.9390000104904175,0.2732999920845032
YMR078C,YPR162C,0,-7.366637,0.2556493282318115,0.9390000104904175,0.2734000086784363
YOR057W,YNL007C,0,-7.36674,0.25557973980903625,0.9390000104904175,0.273499995470047
YOR327C,YLR386W,0,-7.367334,0.25551021099090576,0.9390000104904175,0.2736000120639801
YDR162C,YML011C,0,-7.3675966,0.25544068217277527,0.9390000104904175,0.2736999988555908
YOR194C,YGR270W,0,-7.3679905,0.25537121295928955,0.9390000104904175,0.27379998564720154
YDR258C,YGR206W,0,-7.368371,0.2553018033504486,0.9390000104904175,0.27390000224113464
YJL071W,YIL021W,0,-7.3690815,0.25523239374160767,0.9390000104904175,0.27399998903274536
YGR220C,YFL002C,1,-7.3692284,0.2554347813129425,0.9399999976158142,0.27399998903274536
YLR131C,YLR130C,0,-7.3692727,0.25536540150642395,0.9399999976158142,0.27410000562667847
YMR135C,YBR058C,0,-7.3710017,0.2552960216999054,0.9399999976158142,0.2741999924182892
YHR053C,YDR427W,0,-7.3710146,0.255226731300354,0.9399999976158142,0.2743000090122223
YOR207C,YDR201W,0,-7.3710685,0.2551574409008026,0.9399999976158142,0.274399995803833
YEL042W,YGL086W,0,-7.3713427,0.255088210105896,0.9399999976158142,0.2745000123977661
YIL049W,YPL262W,0,-7.371373,0.2550189793109894,0.9399999976158142,0.27459999918937683
YGL099W,YIL076W,0,-7.371517,0.2549498379230499,0.9399999976158142,0.27469998598098755
YDL116W,YNL079C,0,-7.371722,0.2548806965351105,0.9399999976158142,0.27480000257492065
YJL074C,YNL332W,0,-7.372158,0.2548116147518158,0.9399999976158142,0.27489998936653137
YDR069C,YOR117W,0,-7.3723893,0.2547425329685211,0.9399999976158142,0.2750000059604645
YGL150C,YMR016C,0,-7.3724046,0.2546735405921936,0.9399999976158142,0.2750999927520752
YLR284C,YOL102C,0,-7.372721,0.2546045482158661,0.9399999976158142,0.2752000093460083
YKL022C,YKL057C,0,-7.3739333,0.25453561544418335,0.9399999976158142,0.275299996137619
YOR126C,YKL110C,0,-7.3739405,0.254466712474823,0.9399999976158142,0.2754000127315521
YGL245W,YOR266W,0,-7.3741636,0.25439783930778503,0.9399999976158142,0.27549999952316284
YBR253W,YDR407C,0,-7.374981,0.25432899594306946,0.9399999976158142,0.27559998631477356
YGR163W,YGR156W,0,-7.375273,0.25426021218299866,0.9399999976158142,0.27570000290870667
YJL204C,YIL021W,0,-7.375335,0.25419145822525024,0.9399999976158142,0.2757999897003174
YKL082C,YML025C,1,-7.375391,0.254393070936203,0.9409999847412109,0.2757999897003174
YLR115W,YEL019C,0,-7.375552,0.2543243169784546,0.9409999847412109,0.2759000062942505
YNR043W,YHR172W,0,-7.3763638,0.25425559282302856,0.9409999847412109,0.2759999930858612
YCR037C,YGR030C,0,-7.3770795,0.2541869282722473,0.9409999847412109,0.2761000096797943
YDR459C,YER021W,0,-7.3772416,0.25411829352378845,0.9409999847412109,0.27619999647140503
YOL008W,YDR320C,0,-7.3774414,0.254049688577652,0.9409999847412109,0.27630001306533813
YCR024C-A,YOR368W,0,-7.377693,0.2539811134338379,0.9409999847412109,0.27639999985694885
YNL278W,YNL142W,0,-7.377839,0.2539125680923462,0.9409999847412109,0.27649998664855957
YOR150W,YPR102C,1,-7.3778987,0.2541138529777527,0.9419999718666077,0.27649998664855957
YGR078C,YBR175W,0,-7.3779144,0.254045307636261,0.9419999718666077,0.2766000032424927
YCR089W,YEL042W,0,-7.378171,0.25397682189941406,0.9419999718666077,0.2766999900341034
YNR072W,YFL059W,0,-7.3782525,0.2539083659648895,0.9419999718666077,0.2768000066280365
YNR044W,YER016W,0,-7.3783827,0.2538399398326874,0.9419999718666077,0.2768999934196472
YOR279C,YOR341W,0,-7.37862,0.2537715435028076,0.9419999718666077,0.2770000100135803
YMR128W,YPL144W,0,-7.3788767,0.25370320677757263,0.9419999718666077,0.27709999680519104
YOR299W,YNL064C,0,-7.379027,0.25363489985466003,0.9419999718666077,0.27720001339912415
YCL044C,YBL005W,0,-7.379055,0.2535666227340698,0.9419999718666077,0.27730000019073486
YPL129W,YDR079C-A,0,-7.3796372,0.253498375415802,0.9419999718666077,0.2773999869823456
YDR419W,YCR035C,0,-7.3800726,0.25343018770217896,0.9419999718666077,0.2775000035762787
YLL001W,YJL085W,0,-7.380322,0.2533620297908783,0.9419999718666077,0.2775999903678894
YML088W,YMR302C,0,-7.380561,0.2532939016819,0.9419999718666077,0.2777000069618225
YER157W,YMR235C,0,-7.3806524,0.25322580337524414,0.9419999718666077,0.2777999937534332
YOL008W,YGR038W,0,-7.3806744,0.25315776467323303,0.9419999718666077,0.27790001034736633
YPL228W,YDR422C,0,-7.3810253,0.2530897259712219,0.9419999718666077,0.27799999713897705
YER172C,YAL013W,0,-7.381217,0.2530217468738556,0.9419999718666077,0.27810001373291016
YOR201C,YMR247C,0,-7.3815503,0.25295382738113403,0.9419999718666077,0.2782000005245209
YJL020C,YFR004W,0,-7.381732,0.2528859078884125,0.9419999718666077,0.2782999873161316
YGR244C,YGR038W,0,-7.3817997,0.2528180480003357,0.9419999718666077,0.2784000039100647
YDL165W,YDL052C,0,-7.381809,0.2527501881122589,0.9419999718666077,0.2784999907016754
YMR190C,YER018C,0,-7.3823123,0.2526824176311493,0.9419999718666077,0.2786000072956085
YOL135C,YNL267W,0,-7.3824043,0.2526146471500397,0.9419999718666077,0.27869999408721924
YOR085W,YBR081C,0,-7.382886,0.25254690647125244,0.9419999718666077,0.27880001068115234
YOR310C,YPL180W,0,-7.383459,0.25247922539711,0.9419999718666077,0.27889999747276306
YDR173C,YFR047C,0,-7.3838577,0.2524115741252899,0.9419999718666077,0.27900001406669617
YHR091C,YMR004W,0,-7.384413,0.25234395265579224,0.9419999718666077,0.2791000008583069
YGR120C,YBL088C,0,-7.385151,0.25227639079093933,0.9419999718666077,0.2791999876499176
YOL059W,YOR256C,0,-7.3857756,0.2522088289260864,0.9419999718666077,0.2793000042438507
YGR143W,YPR107C,0,-7.385926,0.2521413266658783,0.9419999718666077,0.2793999910354614
YAL038W,YLR291C,0,-7.3864326,0.25207385420799255,0.9419999718666077,0.27950000762939453
YBR243C,YPL126W,0,-7.3865085,0.2520064115524292,0.9419999718666077,0.27959999442100525
YKL059C,YGL167C,0,-7.386791,0.2519390285015106,0.9419999718666077,0.27970001101493835
YKL009W,YML025C,1,-7.387269,0.25213903188705444,0.9430000185966492,0.27970001101493835
YKL054C,YGR214W,0,-7.3874474,0.25207164883613586,0.9430000185966492,0.2797999978065491
YPR143W,YDR311W,0,-7.3876038,0.2520042657852173,0.9430000185966492,0.2799000144004822
YJL201W,YDR503C,0,-7.38957,0.2519369423389435,0.9430000185966492,0.2800000011920929
YKL189W,YFL033C,0,-7.3897424,0.25186964869499207,0.9430000185966492,0.2800999879837036
YLR450W,YOR334W,0,-7.3897777,0.2518024146556854,0.9430000185966492,0.2802000045776367
YCR034W,YCL061C,0,-7.3900704,0.2517351806163788,0.9430000185966492,0.28029999136924744
YNL029C,YPL085W,0,-7.390286,0.2516680061817169,0.9430000185966492,0.28040000796318054
YDR168W,YDR153C,0,-7.390289,0.25160086154937744,0.9430000185966492,0.28049999475479126
YOR150W,YOR063W,1,-7.390837,0.2518004775047302,0.9440000057220459,0.28049999475479126
YHR086W,YBR196C,0,-7.391052,0.25173333287239075,0.9440000057220459,0.28060001134872437
YLR310C,YKL125W,0,-7.391261,0.25166621804237366,0.9440000057220459,0.2806999981403351
YOR058C,YOL076W,0,-7.391533,0.25159913301467896,0.9440000057220459,0.2808000147342682
YLR084C,YBR175W,0,-7.3916807,0.25153210759162903,0.9440000057220459,0.2809000015258789
YGR046W,YDR246W,0,-7.391849,0.2514651119709015,0.9440000057220459,0.2809999883174896
YBL035C,YER029C,0,-7.3920603,0.25139814615249634,0.9440000057220459,0.28110000491142273
YGR247W,YDL226C,0,-7.392375,0.2513312101364136,0.9440000057220459,0.28119999170303345
YMR043W,YBR081C,0,-7.392397,0.2512643039226532,0.9440000057220459,0.28130000829696655
YDR529C,YDL216C,0,-7.392538,0.2511974573135376,0.9440000057220459,0.28139999508857727
YPR068C,YDL106C,0,-7.3927336,0.251130610704422,0.9440000057220459,0.2815000116825104
YGR220C,YLR340W,1,-7.392894,0.25132977962493896,0.9449999928474426,0.2815000116825104
YJL095W,YDR334W,0,-7.3930874,0.25126296281814575,0.9449999928474426,0.2815999984741211
YDR158W,YIL115C,0,-7.3941393,0.2511961758136749,0.9449999928474426,0.2816999852657318
YPL195W,YJL124C,0,-7.394255,0.2511294186115265,0.9449999928474426,0.2818000018596649
YPL078C,YNR047W,0,-7.3946877,0.25106269121170044,0.9449999928474426,0.28189998865127563
YPL254W,YAL023C,0,-7.3947477,0.25099602341651917,0.9449999928474426,0.28200000524520874
YNL117W,YOR290C,0,-7.394853,0.2509293556213379,0.9449999928474426,0.28209999203681946
YLR113W,YOL072W,0,-7.3949833,0.2508627474308014,0.9449999928474426,0.28220000863075256
YNL242W,YCL051W,0,-7.395382,0.2507961690425873,0.9449999928474426,0.2822999954223633
YKL038W,YKL051W,0,-7.395382,0.25072965025901794,0.9449999928474426,0.2824000120162964
YDR251W,YDR145W,0,-7.395425,0.2506631314754486,0.9449999928474426,0.2824999988079071
YEL015W,YKL060C,0,-7.395664,0.25059667229652405,0.9449999928474426,0.2825999855995178
YOL012C,YGL086W,0,-7.396302,0.2505302131175995,0.9449999928474426,0.2827000021934509
YBL023C,YDL159W,0,-7.397579,0.2504638135433197,0.9449999928474426,0.28279998898506165
YAR002C-A,YCR055C,0,-7.3977575,0.2503974437713623,0.9449999928474426,0.28290000557899475
YBL006C,YGL022W,0,-7.397921,0.2503311336040497,0.9449999928474426,0.28299999237060547
YOL139C,YER154W,0,-7.3982625,0.25026482343673706,0.9449999928474426,0.2831000089645386
YML107C,YGL113W,0,-7.3984404,0.2501985728740692,0.9449999928474426,0.2831999957561493
YGL063W,YHR135C,0,-7.39874,0.25013235211372375,0.9449999928474426,0.2833000123500824
YMR272C,YLR020C,0,-7.3989296,0.2500661611557007,0.9449999928474426,0.2833999991416931
YOR371C,YHR070W,0,-7.399074,0.25,0.9449999928474426,0.28349998593330383
YJL209W,YJL074C,0,-7.3992424,0.2499338835477829,0.9449999928474426,0.28360000252723694
YKL203C,YDR135C,0,-7.399275,0.24986779689788818,0.9449999928474426,0.28369998931884766
YPR201W,YNL294C,0,-7.3993163,0.24980174005031586,0.9449999928474426,0.28380000591278076
YKL048C,YCL059C,0,-7.399661,0.2497357279062271,0.9449999928474426,0.2838999927043915
YIL114C,YPL243W,0,-7.3997564,0.24966974556446075,0.9449999928474426,0.2840000092983246
YPL053C,YEL019C,0,-7.3998785,0.24960380792617798,0.9449999928474426,0.2840999960899353
YOR145C,YNR048W,0,-7.4005313,0.2495379000902176,0.9449999928474426,0.2842000126838684
YJL156C,YGR046W,0,-7.400658,0.2494720220565796,0.9449999928474426,0.2842999994754791
YAL035W,YOL028C,0,-7.4006796,0.24940617382526398,0.9449999928474426,0.28439998626708984
YBL023C,YNL261W,0,-7.4020767,0.24934037029743195,0.9449999928474426,0.28450000286102295
YHR079C,YGR046W,0,-7.4026546,0.2492745965719223,0.9449999928474426,0.28459998965263367
YER014C-A,YER053C,0,-7.4028726,0.24920886754989624,0.9449999928474426,0.2847000062465668
YOR388C,YDR529C,0,-7.403038,0.24914315342903137,0.9449999928474426,0.2847999930381775
YLR158C,YGL038C,0,-7.4031553,0.24907748401165009,0.9449999928474426,0.2849000096321106
YLL038C,YHR050W,0,-7.4035225,0.24901185929775238,0.9449999928474426,0.2849999964237213
YPR185W,YNL202W,0,-7.403847,0.24894626438617706,0.9449999928474426,0.2851000130176544
YMR167W,YOR347C,0,-7.4040127,0.24888069927692413,0.9449999928474426,0.28519999980926514
YEL009C,YKL113C,0,-7.4040775,0.2488151639699936,0.9449999928474426,0.28529998660087585
YNL135C,YMR192W,0,-7.4041033,0.24874967336654663,0.9449999928474426,0.28540000319480896
YBR236C,YGL021W,0,-7.4045677,0.24868421256542206,0.9449999928474426,0.2854999899864197
YAL020C,YDR182W,0,-7.4046345,0.24861878156661987,0.9449999928474426,0.2856000065803528
YBR091C,YLR032W,0,-7.404639,0.24855339527130127,0.9449999928474426,0.2856999933719635
YDR270W,YJL045W,0,-7.4047756,0.24848803877830505,0.9449999928474426,0.2858000099658966
YEL042W,YGR251W,0,-7.4062433,0.24842271208763123,0.9449999928474426,0.2858999967575073
YLR314C,YLR264W,0,-7.4064918,0.24835743010044098,0.9449999928474426,0.28600001335144043
YPR031W,YPL283C,0,-7.407314,0.24829216301441193,0.9449999928474426,0.28610000014305115
YGL067W,YBR123C,0,-7.4076986,0.24822695553302765,0.9449999928474426,0.28619998693466187
YLR189C,YPL125W,0,-7.4078183,0.24816176295280457,0.9449999928474426,0.28630000352859497
YNL048W,YGL058W,0,-7.4086323,0.24809661507606506,0.9449999928474426,0.2863999903202057
YGL181W,YMR112C,0,-7.4087625,0.24803149700164795,0.9449999928474426,0.2865000069141388
YGR178C,YLR369W,0,-7.408949,0.24796640872955322,0.9449999928474426,0.2865999937057495
YNL161W,YGL211W,0,-7.4099274,0.24790136516094208,0.9449999928474426,0.2867000102996826
YEL050C,YGR245C,0,-7.4099493,0.24783635139465332,0.9449999928474426,0.28679999709129333
YBL084C,YPR019W,0,-7.4099884,0.24777136743068695,0.9449999928474426,0.28690001368522644
YJL166W,YPL167C,0,-7.4102993,0.24770642817020416,0.9449999928474426,0.28700000047683716
YDL115C,YDL190C,0,-7.411024,0.24764150381088257,0.9449999928474426,0.2870999872684479
YGR159C,YDL015C,0,-7.412404,0.24757662415504456,0.9449999928474426,0.287200003862381
YNL259C,YGL241W,0,-7.412487,0.24751178920269012,0.9449999928474426,0.2872999906539917
YIL098C,YDR146C,0,-7.412752,0.2474469691514969,0.9449999928474426,0.2874000072479248
YOR236W,YNL098C,0,-7.4128428,0.24738219380378723,0.9449999928474426,0.2874999940395355
YDL007W,YPR055W,0,-7.413109,0.24731746315956116,0.9449999928474426,0.28760001063346863
YPL123C,YBR103W,0,-7.413251,0.24725274741649628,0.9449999928474426,0.28769999742507935
YMR305C,YJL093C,0,-7.4142394,0.24718807637691498,0.9449999928474426,0.28780001401901245
YPR017C,YOR048C,0,-7.414278,0.24712343513965607,0.9449999928474426,0.28790000081062317
YJR160C,YMR008C,0,-7.4156513,0.24705882370471954,0.9449999928474426,0.2879999876022339
YJL041W,YPR024W,0,-7.4159994,0.2469942569732666,0.9449999928474426,0.288100004196167
YMR238W,YOR233W,0,-7.416059,0.24692970514297485,0.9449999928474426,0.2881999909877777
YDL164C,YOR043W,0,-7.416398,0.2468651980161667,0.9449999928474426,0.2883000075817108
YDL190C,YJL141C,0,-7.416997,0.2468007355928421,0.9449999928474426,0.28839999437332153
YDR518W,YDR071C,0,-7.417917,0.2467362880706787,0.9449999928474426,0.28850001096725464
YDR288W,YBL046W,0,-7.417921,0.2466718852519989,0.9449999928474426,0.28859999775886536
YPR162C,YGL212W,0,-7.4179277,0.24660751223564148,0.9449999928474426,0.28870001435279846
YCL066W,YER009W,0,-7.4180937,0.24654318392276764,0.9449999928474426,0.2888000011444092
YOR372C,YBR123C,0,-7.4181247,0.246478870511055,0.9449999928474426,0.2888999879360199
YIL021W,YHL006C,0,-7.418652,0.24641460180282593,0.9449999928474426,0.289000004529953
YIL042C,YJR135W-A,0,-7.4186773,0.24635036289691925,0.9449999928474426,0.2890999913215637
YNR035C,YML001W,0,-7.4191017,0.24628615379333496,0.9449999928474426,0.2892000079154968
YJL191W,YHR014W,0,-7.4201794,0.24622198939323425,0.9449999928474426,0.28929999470710754
YAL055W,YJL113W,0,-7.420327,0.24615785479545593,0.9449999928474426,0.28940001130104065
YLR191W,YPL180W,0,-7.420796,0.24609375,0.9449999928474426,0.28949999809265137
YMR080C,YGL094C,0,-7.421557,0.24602967500686646,0.9449999928474426,0.2896000146865845
YGR092W,YDL134C,0,-7.421779,0.2459656447172165,0.9449999928474426,0.2897000014781952
YBR070C,YCL033C,0,-7.422267,0.24590164422988892,0.9449999928474426,0.2897999882698059
YLR433C,YDR194C,0,-7.4222937,0.24583767354488373,0.9449999928474426,0.289900004863739
YDR339C,YDR492W,0,-7.4223557,0.24577373266220093,0.9449999928474426,0.28999999165534973
YPL259C,YGR044C,0,-7.4229693,0.24570982158184052,0.9449999928474426,0.29010000824928284
YNR074C,YDR099W,0,-7.423953,0.24564595520496368,0.9449999928474426,0.29019999504089355
YIL079C,YGR275W,0,-7.4240475,0.24558211863040924,0.9449999928474426,0.29030001163482666
YPR073C,YDR200C,0,-7.4241767,0.24551831185817719,0.9449999928474426,0.2903999984264374
YLR067C,YIR026C,0,-7.4252796,0.2454545497894287,0.9449999928474426,0.2904999852180481
YLL050C,YIL017C,0,-7.425376,0.24539080262184143,0.9449999928474426,0.2906000018119812
YMR211W,YMR015C,0,-7.42583,0.24532710015773773,0.9449999928474426,0.2906999886035919
YLL038C,YJL004C,0,-7.4260306,0.24526342749595642,0.9449999928474426,0.290800005197525
YER104W,YMR236W,0,-7.4263387,0.2451997995376587,0.9449999928474426,0.29089999198913574
YKL185W,YML067C,0,-7.426366,0.24513618648052216,0.9449999928474426,0.29100000858306885
YDR148C,YOR259C,0,-7.4266243,0.2450726181268692,0.9449999928474426,0.29109999537467957
YOL068C,YGL257C,0,-7.4270144,0.24500907957553864,0.9449999928474426,0.29120001196861267
YGR133W,YJR052W,0,-7.4271374,0.24494557082653046,0.9449999928474426,0.2912999987602234
YPL093W,YML025C,1,-7.4272738,0.24514122307300568,0.9459999799728394,0.2912999987602234
YHR079C,YDL007W,0,-7.427781,0.2450777143239975,0.9459999799728394,0.2913999855518341
YKL053C-A,YMR112C,0,-7.4282527,0.2450142502784729,0.9459999799728394,0.2915000021457672
YKR037C,YMR218C,0,-7.428274,0.2449508011341095,0.9459999799728394,0.29159998893737793
YMR168C,YBR090C-A,0,-7.428567,0.24488739669322968,0.9459999799728394,0.29170000553131104
YGL133W,YBR193C,0,-7.4287233,0.24482402205467224,0.9459999799728394,0.29179999232292175
YOL044W,YDR484W,0,-7.4289517,0.2447606772184372,0.9459999799728394,0.29190000891685486
YOR371C,YDR329C,0,-7.4292927,0.24469736218452454,0.9459999799728394,0.2919999957084656
YML116W,YML029W,0,-7.4293833,0.24463407695293427,0.9459999799728394,0.2921000123023987
YGR157W,YIR004W,0,-7.4299726,0.24457083642482758,0.9459999799728394,0.2921999990940094
YJR078W,YKR037C,0,-7.4300385,0.24450762569904327,0.9459999799728394,0.2922999858856201
YDL004W,YAR031W,0,-7.4306936,0.24444444477558136,0.9459999799728394,0.2924000024795532
YOL067C,YGL049C,0,-7.430888,0.24438129365444183,0.9459999799728394,0.29249998927116394
YLR354C,YPR041W,0,-7.4310484,0.2443181872367859,0.9459999799728394,0.29260000586509705
YKR054C,YGL233W,0,-7.4310484,0.24425509572029114,0.9459999799728394,0.29269999265670776
YBL020W,YBR030W,0,-7.431237,0.24419204890727997,0.9459999799728394,0.29280000925064087
YJL004C,YPL214C,0,-7.4314713,0.2441290318965912,0.9459999799728394,0.2928999960422516
YOL088C,YDL046W,0,-7.431552,0.2440660446882248,0.9459999799728394,0.2930000126361847
YNL166C,YBL103C,0,-7.4317107,0.24400310218334198,0.9459999799728394,0.2930999994277954
YDR036C,YIL017C,0,-7.4320855,0.24394017457962036,0.9459999799728394,0.29319998621940613
YER044C-A,YGL070C,0,-7.432129,0.24387729167938232,0.9459999799728394,0.29330000281333923
YOR119C,YPL180W,0,-7.433469,0.24381443858146667,0.9459999799728394,0.29339998960494995
YCL061C,YOL003C,0,-7.434409,0.2437516152858734,0.9459999799728394,0.29350000619888306
YPR019W,YOR216C,0,-7.435372,0.24368882179260254,0.9459999799728394,0.2935999929904938
YOR150W,YPL131W,1,-7.4353952,0.24388359487056732,0.9470000267028809,0.2935999929904938
YGR246C,YCR002C,0,-7.435715,0.24382080137729645,0.9470000267028809,0.2937000095844269
YDR173C,YHR086W,0,-7.436249,0.24375803768634796,0.9470000267028809,0.2937999963760376
YHR007C,YLR451W,0,-7.4362926,0.24369531869888306,0.9470000267028809,0.2939000129699707
YOL077C,YML025C,1,-7.4367485,0.24388988316059113,0.9480000138282776,0.2939000129699707
YPL121C,YDR469W,0,-7.4368725,0.24382716417312622,0.9480000138282776,0.2939999997615814
YGL137W,YNL126W,0,-7.437136,0.2437644600868225,0.9480000138282776,0.29409998655319214
YER171W,YDL076C,0,-7.437151,0.24370180070400238,0.9480000138282776,0.29420000314712524
YGR036C,YDR054C,0,-7.437235,0.24363917112350464,0.9480000138282776,0.29429998993873596
YGL120C,YML025C,1,-7.4374,0.2438335120677948,0.9490000009536743,0.29429998993873596
YPL132W,YGR020C,0,-7.43766,0.24377086758613586,0.9490000009536743,0.29440000653266907
YOL051W,YIL023C,0,-7.4382114,0.2437082678079605,0.9490000009536743,0.2944999933242798
YKL130C,YNL253W,0,-7.438937,0.24364569783210754,0.9490000009536743,0.2946000099182129
YOR250C,YNR059W,0,-7.439376,0.24358315765857697,0.9490000009536743,0.2946999967098236
YNL048W,YLR186W,0,-7.439648,0.24352066218852997,0.9490000009536743,0.2948000133037567
YNL031C,YDL052C,0,-7.4397993,0.24345818161964417,0.9490000009536743,0.29490000009536743
YGL032C,YDL198C,0,-7.4404807,0.24339574575424194,0.9490000009536743,0.29499998688697815
YNR057C,YPR144C,0,-7.440604,0.2433333396911621,0.9490000009536743,0.29510000348091125
YLR103C,YOL003C,0,-7.4406247,0.24327096343040466,0.9490000009536743,0.295199990272522
YGL086W,YPR178W,0,-7.441497,0.2432086169719696,0.9490000009536743,0.2953000068664551
YNL182C,YML025C,1,-7.442212,0.24340251088142395,0.949999988079071,0.2953000068664551
YOR361C,YOL128C,0,-7.4423513,0.2433401644229889,0.949999988079071,0.2953999936580658
YNL317W,YHR069C,0,-7.443633,0.24327784776687622,0.949999988079071,0.2955000102519989
YBL063W,YDR025W,0,-7.443658,0.24321556091308594,0.949999988079071,0.2955999970436096
YDL101C,YGR279C,0,-7.44401,0.24315331876277924,0.949999988079071,0.2957000136375427
YLR028C,YDR545W,0,-7.444946,0.24309109151363373,0.949999988079071,0.29580000042915344
YJR125C,YOR020C,0,-7.445231,0.2430289089679718,0.949999988079071,0.29589998722076416
YGR038W,YBR035C,0,-7.445603,0.24296675622463226,0.949999988079071,0.29600000381469727
YHR072W-A,YOR085W,0,-7.4456115,0.2429046332836151,0.949999988079071,0.296099990606308
YDR419W,YOR018W,0,-7.44609,0.24284254014492035,0.949999988079071,0.2962000072002411
YHR114W,YPL046C,0,-7.446316,0.24278047680854797,0.949999988079071,0.2962999939918518
YGR171C,YGL044C,0,-7.446523,0.24271844327449799,0.949999988079071,0.2964000105857849
YHR082C,YMR022W,0,-7.4465504,0.24265645444393158,0.949999988079071,0.29649999737739563
YFR036W,YER147C,0,-7.446928,0.24259448051452637,0.949999988079071,0.29660001397132874
YJR094C,YLR371W,0,-7.447048,0.24253255128860474,0.949999988079071,0.29670000076293945
YJL134W,YLR134W,0,-7.448012,0.2424706518650055,0.949999988079071,0.29679998755455017
YBL097W,YKL059C,0,-7.4493856,0.24240878224372864,0.949999988079071,0.2969000041484833
YJL020C,YGL129C,0,-7.449399,0.24234694242477417,0.949999988079071,0.296999990940094
YLR181C,YOR083W,0,-7.449568,0.2422851324081421,0.949999988079071,0.2971000075340271
YPL194W,YGR116W,0,-7.450537,0.2422233521938324,0.949999988079071,0.2971999943256378
YHR143W,YDL194W,0,-7.450664,0.2421616166830063,0.949999988079071,0.2973000109195709
YBR179C,YPR133C,0,-7.4508204,0.24209989607334137,0.949999988079071,0.29739999771118164
YGR142W,YGL090W,0,-7.4519005,0.24203822016716003,0.949999988079071,0.29750001430511475
YNL085W,YGR075C,0,-7.452532,0.2419765591621399,0.949999988079071,0.29760000109672546
YGR279C,YNR048W,0,-7.452542,0.24191494286060333,0.949999988079071,0.2976999878883362
YOR363C,YJL036W,0,-7.4530315,0.24185335636138916,0.949999988079071,0.2978000044822693
YER168C,YDL190C,0,-7.4531364,0.24179179966449738,0.949999988079071,0.29789999127388
YOR243C,YHR098C,0,-7.4532094,0.24173027276992798,0.949999988079071,0.2980000078678131
YJR060W,YJR006W,0,-7.4544363,0.24166879057884216,0.949999988079071,0.29809999465942383
YMR037C,YDR176W,0,-7.4545803,0.24160732328891754,0.949999988079071,0.29820001125335693
YKL185W,YPL094C,0,-7.454773,0.2415459007024765,0.949999988079071,0.29829999804496765
YBR169C,YBL005W-B,0,-7.455914,0.24148449301719666,0.949999988079071,0.29840001463890076
YLR310C,YIL138C,0,-7.4562693,0.2414231300354004,0.949999988079071,0.2985000014305115
YGR212W,YNL128W,0,-7.456609,0.24136178195476532,0.949999988079071,0.2985999882221222
YOR074C,YPL218W,0,-7.4566364,0.24130047857761383,0.949999988079071,0.2987000048160553
YER094C,YLL021W,0,-7.4572444,0.24123920500278473,0.949999988079071,0.298799991607666
YIL103W,YDR071C,0,-7.4577513,0.24117796123027802,0.949999988079071,0.2989000082015991
YDR022C,YBR199W,0,-7.458495,0.2411167472600937,0.949999988079071,0.29899999499320984
YMR212C,YML069W,0,-7.4586725,0.24105556309223175,0.949999988079071,0.29910001158714294
YPL121C,YOR140W,0,-7.459636,0.2409944236278534,0.949999988079071,0.29919999837875366
YLR330W,YER104W,0,-7.4597864,0.24093329906463623,0.949999988079071,0.2992999851703644
YGL097W,YML005W,0,-7.460359,0.24087220430374146,0.949999988079071,0.2994000017642975
YIL009W,YBL022C,0,-7.46067,0.24081115424633026,0.949999988079071,0.2994999885559082
YFR050C,YGL233W,0,-7.4607306,0.24075013399124146,0.949999988079071,0.2996000051498413
YKL143W,YKL119C,0,-7.4612675,0.24068912863731384,0.949999988079071,0.299699991941452
YHR188C,YBR215W,0,-7.461461,0.2406281679868698,0.949999988079071,0.29980000853538513
YFL022C,YER041W,0,-7.461721,0.24056723713874817,0.949999988079071,0.29989999532699585
YDL113C,YML069W,0,-7.4618187,0.2405063360929489,0.949999988079071,0.30000001192092896
YKL185W,YIL017C,0,-7.4618187,0.24044544994831085,0.949999988079071,0.3000999987125397
YGL017W,YPR171W,0,-7.462016,0.24038460850715637,0.949999988079071,0.3001999855041504
YOR174W,YER171W,0,-7.4629993,0.24032381176948547,0.949999988079071,0.3003000020980835
YOR150W,YDR418W,1,-7.4630094,0.24051593244075775,0.9509999752044678,0.3003000020980835
YGL136C,YGL246C,0,-7.4632554,0.24045512080192566,0.9509999752044678,0.3003999888896942
YPL069C,YNL066W,0,-7.4639034,0.24039433896541595,0.9509999752044678,0.3005000054836273
YER016W,YIL147C,0,-7.4643707,0.24033358693122864,0.9509999752044678,0.30059999227523804
YDR150W,YER018C,0,-7.4647574,0.2402728646993637,0.9509999752044678,0.30070000886917114
YLR155C,YKL070W,0,-7.4647884,0.24021217226982117,0.9509999752044678,0.30079999566078186
YFL024C,YNL283C,0,-7.4652743,0.240151509642601,0.9509999752044678,0.30090001225471497
YPR105C,YML105C,0,-7.465628,0.24009089171886444,0.9509999752044678,0.3009999990463257
YDR244W,YGR281W,0,-7.4659147,0.24003028869628906,0.9509999752044678,0.3010999858379364
YOR136W,YAR044W,0,-7.4660826,0.23996971547603607,0.9509999752044678,0.3012000024318695
YPR178W,YIL105C,0,-7.4662313,0.23990918695926666,0.9509999752044678,0.3012999892234802
YPR122W,YLL038C,0,-7.466688,0.23984867334365845,0.9509999752044678,0.30140000581741333
YJL186W,YJR019C,0,-7.4669085,0.2397882044315338,0.9509999752044678,0.30149999260902405
YDR518W,YOR269W,0,-7.4670725,0.23972775042057037,0.9509999752044678,0.30160000920295715
YFL014W,YLR107W,0,-7.4672985,0.23966734111309052,0.9509999752044678,0.30169999599456787
YOR240W,YOR028C,0,-7.467867,0.23960694670677185,0.9509999752044678,0.301800012588501
YDR296W,YIL122W,0,-7.467949,0.23954659700393677,0.9509999752044678,0.3018999993801117
YGL200C,YOL017W,0,-7.4679513,0.23948627710342407,0.9509999752044678,0.3019999861717224
YJL157C,YNL257C,0,-7.4681277,0.23942598700523376,0.9509999752044678,0.3021000027656555
YPR054W,YDL229W,0,-7.4681597,0.23936571180820465,0.9509999752044678,0.30219998955726624
YFR048W,YDR080W,0,-7.468207,0.23930548131465912,0.9509999752044678,0.30230000615119934
YMR186W,YDL185W,0,-7.468237,0.23924528062343597,0.9509999752044678,0.30239999294281006
YJR144W,YGR133W,0,-7.468701,0.23918510973453522,0.9509999752044678,0.30250000953674316
YJR108W,YLR350W,0,-7.468808,0.23912496864795685,0.9509999752044678,0.3025999963283539
YHR096C,YOR027W,0,-7.469403,0.23906485736370087,0.9509999752044678,0.302700012922287
YHL031C,YER095W,0,-7.469843,0.23900477588176727,0.9509999752044678,0.3027999997138977
YER120W,YCL033C,0,-7.470412,0.23894472420215607,0.9509999752044678,0.3028999865055084
YNL236W,YML001W,0,-7.4704475,0.23888470232486725,0.9509999752044678,0.30300000309944153
YPL119C,YGR178C,0,-7.470458,0.23882471024990082,0.9509999752044678,0.30309998989105225
YDR448W,YOR046C,0,-7.4706774,0.23876474797725677,0.9509999752044678,0.30320000648498535
YDR138W,YPR141C,0,-7.470784,0.23870481550693512,0.9509999752044678,0.30329999327659607
YPL156C,YBR253W,0,-7.4709525,0.23864491283893585,0.9509999752044678,0.3034000098705292
YBR022W,YDR381W,0,-7.4710803,0.23858505487442017,0.9509999752044678,0.3034999966621399
YFR008W,YOL095C,0,-7.471174,0.23852521181106567,0.9509999752044678,0.303600013256073
YML051W,YER120W,0,-7.4711905,0.23846539855003357,0.9509999752044678,0.3037000000476837
YPL241C,YIR006C,0,-7.471239,0.23840561509132385,0.9509999752044678,0.30379998683929443
YPL228W,YDR389W,0,-7.471644,0.23834586143493652,0.9509999752044678,0.30390000343322754
YOR028C,YCR066W,0,-7.472123,0.23828613758087158,0.9509999752044678,0.30399999022483826
YCL024W,YGL213C,0,-7.472228,0.23822645843029022,0.9509999752044678,0.30410000681877136
YFR036W,YKL190W,0,-7.472799,0.23816679418087006,0.9509999752044678,0.3041999936103821
YER166W,YIL021W,0,-7.47302,0.23810715973377228,0.9509999752044678,0.3043000102043152
YHR166C,YOR315W,0,-7.4732194,0.2380475550889969,0.9509999752044678,0.3043999969959259
YOL116W,YNL139C,0,-7.4736347,0.23798799514770508,0.9509999752044678,0.304500013589859
YDR375C,YML064C,0,-7.4736953,0.23792845010757446,0.9509999752044678,0.3046000003814697
YMR049C,YGL063W,0,-7.473791,0.23786893486976624,0.9509999752044678,0.30469998717308044
YJR105W,YNL218W,0,-7.4741173,0.2378094494342804,0.9509999752044678,0.30480000376701355
YPL086C,YPL001W,0,-7.4747343,0.23774999380111694,0.9509999752044678,0.30489999055862427
YDL084W,YOR069W,0,-7.474816,0.23769058287143707,0.9509999752044678,0.3050000071525574
YGR083C,YMR065W,0,-7.4748583,0.2376311868429184,0.9509999752044678,0.3050999939441681
YBR082C,YMR077C,0,-7.4748898,0.2375718206167221,0.9509999752044678,0.3052000105381012
YIL125W,YIL023C,0,-7.475213,0.2375124841928482,0.9509999752044678,0.3052999973297119
YJL018W,YDR488C,0,-7.4753385,0.2374531775712967,0.9509999752044678,0.305400013923645
YPL227C,YMR238W,0,-7.4759994,0.23739391565322876,0.9509999752044678,0.30550000071525574
YDR411C,YNL197C,0,-7.4761844,0.23733466863632202,0.9509999752044678,0.30559998750686646
YCR077C,YDR463W,0,-7.4763536,0.23727545142173767,0.9509999752044678,0.30570000410079956
YMR237W,YER052C,0,-7.4772696,0.2372162640094757,0.9509999752044678,0.3057999908924103
YDR188W,YNL264C,0,-7.4775963,0.23715710639953613,0.9509999752044678,0.3059000074863434
YDL031W,YML025C,1,-7.478278,0.2373472899198532,0.9520000219345093,0.3059000074863434
YGL119W,YLR368W,0,-7.4791164,0.23728813230991364,0.9520000219345093,0.3059999942779541
YNL130C,YGL253W,0,-7.4791193,0.23722900450229645,0.9520000219345093,0.3061000108718872
YBR043C,YIL017C,0,-7.4797688,0.23716990649700165,0.9520000219345093,0.3061999976634979
YHR055C,YJR049C,0,-7.4805546,0.23711083829402924,0.9520000219345093,0.30630001425743103
YBL019W,YOR348C,0,-7.4808927,0.2370517998933792,0.9520000219345093,0.30640000104904175
YBR288C,YPL217C,0,-7.4809647,0.23699277639389038,0.9520000219345093,0.30649998784065247
YIR028W,YMR087W,0,-7.4813747,0.23693379759788513,0.9520000219345093,0.30660000443458557
YIL114C,YPR186C,0,-7.481617,0.23687484860420227,0.9520000219345093,0.3066999912261963
YLR286C,YGL133W,0,-7.4821877,0.2368159145116806,0.9520000219345093,0.3068000078201294
YPL119C,YCL052C,0,-7.4822407,0.23675702512264252,0.9520000219345093,0.3068999946117401
YDR440W,YMR145C,0,-7.4830217,0.23669816553592682,0.9520000219345093,0.3070000112056732
YJR135W-A,YGL145W,0,-7.483125,0.23663932085037231,0.9520000219345093,0.30709999799728394
YGR267C,YGL251C,0,-7.4834785,0.2365805208683014,0.9520000219345093,0.30720001459121704
YPL140C,YDR501W,0,-7.483696,0.23652173578739166,0.9520000219345093,0.30730000138282776
YLR060W,YMR186W,0,-7.483817,0.23646299540996552,0.9520000219345093,0.3073999881744385
YDR118W,YMR211W,0,-7.48405,0.23640426993370056,0.9520000219345093,0.3075000047683716
YNR007C,YKL070W,0,-7.484388,0.236345574259758,0.9520000219345093,0.3075999915599823
YER030W,YLR260W,0,-7.4854155,0.236286923289299,0.9520000219345093,0.3077000081539154
YOR008C,YNR064C,0,-7.4857955,0.23622828722000122,0.9520000219345093,0.3077999949455261
YHR074W,YJL127C,0,-7.4859037,0.23616968095302582,0.9520000219345093,0.30790001153945923
YGR156W,YDR120C,0,-7.4860153,0.2361111044883728,0.9520000219345093,0.30799999833106995
YGL071W,YAL041W,0,-7.487072,0.23605257272720337,0.9520000219345093,0.30809998512268066
YDR268W,YLR363C,0,-7.487374,0.23599405586719513,0.9520000219345093,0.30820000171661377
YKL117W,YFL059W,0,-7.487753,0.23593556880950928,0.9520000219345093,0.3082999885082245
YLR107W,YPR161C,0,-7.4881983,0.2358771115541458,0.9520000219345093,0.3084000051021576
YMR220W,YPL002C,0,-7.4884357,0.23581868410110474,0.9520000219345093,0.3084999918937683
YGR257C,YJR043C,0,-7.4884405,0.23576027154922485,0.9520000219345093,0.3086000084877014
YMR014W,YNL272C,0,-7.488595,0.23570190370082855,0.9520000219345093,0.30869999527931213
YJL110C,YER074W-A,0,-7.488758,0.23564356565475464,0.9520000219345093,0.30880001187324524
YOL112W,YOL054W,0,-7.489069,0.2355852574110031,0.9520000219345093,0.30889999866485596
YPR178W,YKL178C,0,-7.489271,0.23552696406841278,0.9520000219345093,0.3089999854564667
YER116C,YPL007C,0,-7.490537,0.23546871542930603,0.9520000219345093,0.3091000020503998
YNR016C,YIL103W,0,-7.490787,0.23541048169136047,0.9520000219345093,0.3091999888420105
YDL113C,YIL147C,0,-7.49081,0.2353522926568985,0.9520000219345093,0.3093000054359436
YOR058C,YLR451W,0,-7.4908857,0.23529411852359772,0.9520000219345093,0.3093999922275543
YNL112W,YDR457W,0,-7.4909377,0.23523597419261932,0.9520000219345093,0.3095000088214874
YAL024C,YOL005C,0,-7.4910955,0.23517785966396332,0.9520000219345093,0.30959999561309814
YHR118C,YHL025W,0,-7.491238,0.2351197898387909,0.9520000219345093,0.30970001220703125
YIR021W,YDR419W,0,-7.491272,0.23506173491477966,0.9520000219345093,0.30979999899864197
YBR090C-A,YLR350W,0,-7.491963,0.23500370979309082,0.9520000219345093,0.3098999857902527
YKR054C,YGL012W,0,-7.491973,0.23494569957256317,0.9520000219345093,0.3100000023841858
YER017C,YDR130C,0,-7.4919734,0.2348877340555191,0.9520000219345093,0.3100999891757965
YMR068W,YBR298C,0,-7.4922943,0.23482979834079742,0.9520000219345093,0.3102000057697296
YDR238C,YOR054C,0,-7.49254,0.23477189242839813,0.9520000219345093,0.31029999256134033
YPR124W,YBR048W,0,-7.4931674,0.23471400141716003,0.9520000219345093,0.31040000915527344
YGL163C,YLL003W,0,-7.493396,0.23465615510940552,0.9520000219345093,0.31049999594688416
YDR461W,YOR122C,0,-7.4934616,0.2345983237028122,0.9520000219345093,0.31060001254081726
YGL201C,YKL108W,0,-7.493715,0.23454052209854126,0.9520000219345093,0.310699999332428
YOL158C,YKR028W,0,-7.493892,0.2344827651977539,0.9520000219345093,0.3107999861240387
YML048W,YDL194W,0,-7.4948983,0.23442502319812775,0.9520000219345093,0.3109000027179718
YLR032W,YPL012W,0,-7.4956594,0.23436731100082397,0.9520000219345093,0.3109999895095825
YAL003W,YPL283C,0,-7.4964557,0.2343096286058426,0.9520000219345093,0.3111000061035156
YLR129W,YER133W,0,-7.496645,0.2342519611120224,0.9520000219345093,0.31119999289512634
YGL001C,YBR265W,0,-7.496952,0.2341943383216858,0.9520000219345093,0.31130000948905945
YCR093W,YCR089W,0,-7.4970274,0.23413674533367157,0.9520000219345093,0.31139999628067017
YPR075C,YGL014W,0,-7.497104,0.23407916724681854,0.9520000219345093,0.31150001287460327
YMR231W,YKR028W,0,-7.4971075,0.2340216338634491,0.9520000219345093,0.311599999666214
YIL124W,YIL135C,0,-7.497281,0.23396411538124084,0.9520000219345093,0.3116999864578247
YML048W,YPR088C,0,-7.497287,0.23390662670135498,0.9520000219345093,0.3118000030517578
YOR250C,YML088W,0,-7.4975357,0.2338491827249527,0.9520000219345093,0.31189998984336853
YLL001W,YML041C,0,-7.497926,0.2337917536497116,0.9520000219345093,0.31200000643730164
YOR094W,YLR238W,0,-7.498504,0.2337343543767929,0.9520000219345093,0.31209999322891235
YEL063C,YJL053W,0,-7.4988794,0.2336769700050354,0.9520000219345093,0.31220000982284546
YNL329C,YPR161C,0,-7.498929,0.23361963033676147,0.9520000219345093,0.3122999966144562
YFL034C-B,YBR093C,0,-7.499125,0.23356232047080994,0.9520000219345093,0.3124000132083893
YOL101C,YGL014W,0,-7.5004463,0.2335050255060196,0.9520000219345093,0.3125
YBR276C,YNL216W,0,-7.500595,0.23344777524471283,0.9520000219345093,0.3125999867916107
YGL168W,YGR081C,0,-7.5015054,0.23339053988456726,0.9520000219345093,0.3127000033855438
YCR040W,YPL212C,0,-7.501688,0.23333333432674408,0.9520000219345093,0.31279999017715454
YGL058W,YPL232W,0,-7.502228,0.2332761585712433,0.9520000219345093,0.31290000677108765
YDR147W,YDL236W,0,-7.5023293,0.23321901261806488,0.9520000219345093,0.31299999356269836
YOR240W,YOR168W,0,-7.502414,0.23316189646720886,0.9520000219345093,0.31310001015663147
YBR040W,YIL066C,0,-7.502886,0.23310479521751404,0.9520000219345093,0.3131999969482422
YDL198C,YER051W,0,-7.503205,0.2330477386713028,0.9520000219345093,0.3133000135421753
YOR267C,YDR486C,0,-7.5032415,0.23299069702625275,0.9520000219345093,0.313400000333786
YBR161W,YER118C,0,-7.5036664,0.23293368518352509,0.9520000219345093,0.31349998712539673
YDL069C,YMR308C,0,-7.503836,0.232876718044281,0.9520000219345093,0.31360000371932983
YDR384C,YDR167W,0,-7.504889,0.23281976580619812,0.9520000219345093,0.31369999051094055
YPL096W,YPL089C,0,-7.505052,0.23276284337043762,0.9520000219345093,0.31380000710487366
YDR256C,YCR065W,0,-7.505162,0.23270593583583832,0.9520000219345093,0.3138999938964844
YJR033C,YLR442C,0,-7.5054092,0.2326490730047226,0.9520000219345093,0.3140000104904175
YBR043C,YBR012W-B,0,-7.5056915,0.23259222507476807,0.9520000219345093,0.3140999972820282
YOR157C,YBR223C,0,-7.506342,0.23253542184829712,0.9520000219345093,0.3142000138759613
YBL013W,YCR066W,0,-7.506689,0.23247863352298737,0.9520000219345093,0.314300000667572
YDL102W,YKR035W-A,0,-7.5067325,0.232421875,0.9520000219345093,0.31439998745918274
YOL089C,YBR035C,0,-7.5067654,0.23236514627933502,0.9520000219345093,0.31450000405311584
YKL190W,YPR125W,0,-7.50682,0.23230844736099243,0.9520000219345093,0.31459999084472656
YGL090W,YKL178C,0,-7.507156,0.23225176334381104,0.9520000219345093,0.31470000743865967
YPL241C,YOR270C,0,-7.507617,0.23219512403011322,0.9520000219345093,0.3147999942302704
YNR001C,YFR019W,0,-7.507667,0.2321384996175766,0.9520000219345093,0.3149000108242035
YNL214W,YOR279C,0,-7.507901,0.23208190500736237,0.9520000219345093,0.3149999976158142
YFR027W,YNL177C,0,-7.508215,0.23202534019947052,0.9520000219345093,0.3151000142097473
YHR183W,YCR065W,0,-7.508355,0.23196880519390106,0.9520000219345093,0.31520000100135803
YNL098C,YLR378C,0,-7.508817,0.231912299990654,0.9520000219345093,0.31529998779296875
YLR032W,YEL013W,0,-7.5094323,0.2318558245897293,0.9520000219345093,0.31540000438690186
YDL065C,YDR300C,0,-7.509578,0.23179936408996582,0.9520000219345093,0.3154999911785126
YGL001C,YGL252C,0,-7.5098257,0.23174293339252472,0.9520000219345093,0.3156000077724457
YDR158W,YGR078C,0,-7.5104194,0.2316865473985672,0.9520000219345093,0.3156999945640564
YDR314C,YLR385C,0,-7.5104456,0.23163017630577087,0.9520000219345093,0.3158000111579895
YOL051W,YGL135W,0,-7.5104713,0.23157382011413574,0.9520000219345093,0.3158999979496002
YMR080C,YNL139C,0,-7.510518,0.2315175086259842,0.9520000219345093,0.3160000145435333
YJL179W,YNL082W,0,-7.5106783,0.23146122694015503,0.9520000219345093,0.31610000133514404
YDL035C,YGL067W,0,-7.5109115,0.23140496015548706,0.9520000219345093,0.31619998812675476
YJL071W,YML099C,0,-7.5109777,0.23134872317314148,0.9520000219345093,0.31630000472068787
YLR189C,YCR098C,0,-7.5116277,0.2312925159931183,0.9520000219345093,0.3163999915122986
YML004C,YDR268W,0,-7.511673,0.23123633861541748,0.9520000219345093,0.3165000081062317
YMR208W,YOR256C,0,-7.5117016,0.23118019104003906,0.9520000219345093,0.3165999948978424
YGR141W,YDR545W,0,-7.5117645,0.23112405836582184,0.9520000219345093,0.3167000114917755
YLR399C,YBR223C,0,-7.5119505,0.231067955493927,0.9520000219345093,0.31679999828338623
YOR112W,YLR371W,0,-7.512123,0.23101189732551575,0.9520000219345093,0.31690001487731934
YJR082C,YLR176C,0,-7.5123677,0.23095585405826569,0.9520000219345093,0.31700000166893005
YOL026C,YIL014W,0,-7.51257,0.23089982569217682,0.9520000219345093,0.31709998846054077
YOR281C,YGR047C,0,-7.512577,0.23084384202957153,0.9520000219345093,0.3172000050544739
YKR003W,YPR042C,0,-7.5128207,0.23078787326812744,0.9520000219345093,0.3172999918460846
YFR041C,YDR062W,0,-7.5138745,0.23073194921016693,0.9520000219345093,0.3174000084400177
YDR099W,YAL040C,0,-7.514169,0.23067604005336761,0.9520000219345093,0.3174999952316284
YML086C,YHR142W,0,-7.514202,0.23062016069889069,0.9520000219345093,0.3176000118255615
YHR058C,YPR132W,0,-7.515014,0.23056429624557495,0.9520000219345093,0.31769999861717224
YER149C,YNL283C,0,-7.5156283,0.2305084764957428,0.9520000219345093,0.31779998540878296
YPL228W,YDR017C,0,-7.5157795,0.23045267164707184,0.9520000219345093,0.31790000200271606
YDL102W,YNL297C,0,-7.5158925,0.23039689660072327,0.9520000219345093,0.3179999887943268
YDR188W,YBR179C,0,-7.5159206,0.23034115135669708,0.9520000219345093,0.3181000053882599
YKL206C,YFL018W-A,0,-7.515949,0.2302854359149933,0.9520000219345093,0.3181999921798706
YGL166W,YDR434W,0,-7.5159564,0.23022975027561188,0.9520000219345093,0.3183000087738037
YPL194W,YNL334C,0,-7.516031,0.23017407953739166,0.9520000219345093,0.31839999556541443
YLR399C,YOR061W,0,-7.516425,0.23011843860149384,0.9520000219345093,0.31850001215934753
YGR221C,YKL196C,0,-7.51683,0.2300628274679184,0.9520000219345093,0.31859999895095825
YPL047W,YMR067C,0,-7.516862,0.23000724613666534,0.9520000219345093,0.31869998574256897
YDR329C,YNL287W,0,-7.517053,0.22995169460773468,0.9520000219345093,0.3188000023365021
YHR120W,YDL077C,0,-7.5172167,0.2298961579799652,0.9520000219345093,0.3188999891281128
YER133W,YIL026C,0,-7.517274,0.22984065115451813,0.9520000219345093,0.3190000057220459
YDL226C,YBL034C,0,-7.5181074,0.22978517413139343,0.9520000219345093,0.3190999925136566
YFL039C,YGL244W,0,-7.518113,0.22972972691059113,0.9520000219345093,0.3192000091075897
YGL097W,YJL059W,0,-7.5182633,0.2296743094921112,0.9520000219345093,0.31929999589920044
YLR361C,YHR115C,0,-7.5183544,0.22961890697479248,0.9520000219345093,0.31940001249313354
YOR119C,YOL128C,0,-7.5194054,0.22956353425979614,0.9520000219345093,0.31949999928474426
YPL217C,YLR418C,0,-7.5197144,0.2295081913471222,0.9520000219345093,0.319599986076355
YGL163C,YGR013W,0,-7.519764,0.22945287823677063,0.9520000219345093,0.3197000026702881
YBL042C,YER122C,0,-7.5198026,0.22939759492874146,0.9520000219345093,0.3197999894618988
YPL125W,YOR075W,0,-7.5199146,0.22934232652187347,0.9520000219345093,0.3199000060558319
YER054C,YBR170C,0,-7.5199246,0.22928708791732788,0.9520000219345093,0.3199999928474426
YGL163C,YER093C,0,-7.5200863,0.22923187911510468,0.9520000219345093,0.32010000944137573
YDR118W,YHR011W,0,-7.5210094,0.22917670011520386,0.9520000219345093,0.32019999623298645
YDL166C,YNR043W,0,-7.5211105,0.22912153601646423,0.9520000219345093,0.32030001282691956
YGR157W,YNR011C,0,-7.5212564,0.2290664166212082,0.9520000219345093,0.3203999996185303
YNL291C,YJL087C,0,-7.5218363,0.22901131212711334,0.9520000219345093,0.320499986410141
YOR368W,YPL180W,0,-7.5219307,0.2289562225341797,0.9520000219345093,0.3206000030040741
YKL073W,YOR004W,0,-7.522057,0.22890117764472961,0.9520000219345093,0.3206999897956848
YIL009W,YLR466W,0,-7.5221305,0.22884614765644073,0.9520000219345093,0.3208000063896179
YIR004W,YBR081C,0,-7.522178,0.22879116237163544,0.9520000219345093,0.32089999318122864
YJR057W,YNL037C,0,-7.5232315,0.22873617708683014,0.9520000219345093,0.32100000977516174
YHL020C,YOR256C,0,-7.5238886,0.22868123650550842,0.9520000219345093,0.32109999656677246
YAR014C,YDL120W,0,-7.5247893,0.2286263257265091,0.9520000219345093,0.32120001316070557
YGL194C,YOL055C,0,-7.525157,0.22857142984867096,0.9520000219345093,0.3212999999523163
YOR216C,YER111C,0,-7.5252194,0.2285165637731552,0.9520000219345093,0.321399986743927
YMR247C,YPL144W,0,-7.5254436,0.22846172749996185,0.9520000219345093,0.3215000033378601
YNL051W,YGL113W,0,-7.525686,0.2284069061279297,0.9520000219345093,0.3215999901294708
YER146W,YCR040W,0,-7.525813,0.2283521294593811,0.9520000219345093,0.32170000672340393
YGR037C,YDR228C,0,-7.526095,0.2282973676919937,0.9520000219345093,0.32179999351501465
YNL142W,YBR196C,0,-7.5262012,0.22824262082576752,0.9520000219345093,0.32190001010894775
YHR092C,YPL176C,0,-7.5262637,0.2281879186630249,0.9520000219345093,0.32199999690055847
YGR267C,YCL051W,0,-7.526267,0.22813323140144348,0.9520000219345093,0.3221000134944916
YKL204W,YGL054C,0,-7.5263233,0.22807858884334564,0.9520000219345093,0.3222000002861023
YPL228W,YMR117C,0,-7.526722,0.2280239462852478,0.9520000219345093,0.322299987077713
YBR121C,YOR025W,0,-7.527014,0.22796934843063354,0.9520000219345093,0.3224000036716461
YJR108W,YGR002C,0,-7.527979,0.22791476547718048,0.9520000219345093,0.32249999046325684
YHL019C,YJL176C,0,-7.527995,0.227860227227211,0.9520000219345093,0.32260000705718994
YOR178C,YKL015W,0,-7.528062,0.22780568897724152,0.9520000219345093,0.32269999384880066
YJL170C,YDR224C,0,-7.5285454,0.22775119543075562,0.9520000219345093,0.32280001044273376
YDR280W,YNL047C,0,-7.5287685,0.2276967167854309,0.9520000219345093,0.3228999972343445
YPR128C,YML057W,0,-7.5289183,0.22764228284358978,0.9520000219345093,0.3230000138282776
YPL164C,YDR501W,0,-7.5290213,0.22758784890174866,0.9520000219345093,0.3231000006198883
YDL148C,YCR018C,0,-7.529347,0.2275334596633911,0.9520000219345093,0.323199987411499
YNL219C,YJR084W,0,-7.5296574,0.22747908532619476,0.9520000219345093,0.32330000400543213
YHR115C,YFL038C,0,-7.5299387,0.227424755692482,0.9520000219345093,0.32339999079704285
YKR061W,YGL090W,0,-7.530979,0.22737042605876923,0.9520000219345093,0.32350000739097595
YFL045C,YOR187W,0,-7.5310373,0.22731614112854004,0.9520000219345093,0.32359999418258667
YOR074C,YMR243C,0,-7.531215,0.22726187109947205,0.9520000219345093,0.3237000107765198
YOR030W,YGL255W,0,-7.53164,0.22720763087272644,0.9520000219345093,0.3237999975681305
YKL138C-A,YCR012W,0,-7.53181,0.22715342044830322,0.9520000219345093,0.3239000141620636
YBR035C,YPL022W,0,-7.5318384,0.2270992398262024,0.9520000219345093,0.3240000009536743
YPR017C,YOR085W,0,-7.5320845,0.22704507410526276,0.9520000219345093,0.32409998774528503
YJL013C,YBL057C,0,-7.532118,0.2269909381866455,0.9520000219345093,0.32420000433921814
YKL032C,YKR003W,0,-7.5321617,0.22693683207035065,0.9520000219345093,0.32429999113082886
YGR267C,YML060W,0,-7.5324736,0.22688274085521698,0.9520000219345093,0.32440000772476196
YHR129C,YGR272C,0,-7.5327234,0.2268286943435669,0.9520000219345093,0.3244999945163727
YLR117C,YDR236C,0,-7.5327797,0.2267746478319168,0.9520000219345093,0.3246000111103058
YDL220C,YKL049C,0,-7.533398,0.2267206460237503,0.9520000219345093,0.3246999979019165
YCR094W,YHR024C,0,-7.5334773,0.2266666740179062,0.9520000219345093,0.3248000144958496
YDR439W,YNL251C,0,-7.534484,0.22661271691322327,0.9520000219345093,0.3249000012874603
YLR361C,YDR343C,0,-7.535458,0.22655877470970154,0.9520000219345093,0.32499998807907104
YJL122W,YGR220C,1,-7.5355487,0.22674280405044556,0.953000009059906,0.32499998807907104
YOR026W,YKL019W,0,-7.535628,0.22668886184692383,0.953000009059906,0.32510000467300415
YPL149W,YMR236W,0,-7.5359316,0.22663496434688568,0.953000009059906,0.32519999146461487
YER126C,YML025C,1,-7.536031,0.22681882977485657,0.9539999961853027,0.32519999146461487
YHR024C,YER082C,0,-7.5363646,0.22676491737365723,0.9539999961853027,0.325300008058548
YFL024C,YHR024C,0,-7.5368967,0.22671101987361908,0.9539999961853027,0.3253999948501587
YNR032C-A,YJL109C,0,-7.536976,0.22665716707706451,0.9539999961853027,0.3255000114440918
YMR008C,YGL066W,0,-7.5370564,0.22660332918167114,0.9539999961853027,0.3255999982357025
YPL169C,YPL157W,0,-7.5379543,0.22654950618743896,0.9539999961853027,0.3257000148296356
YGL251C,YLR265C,0,-7.538108,0.22649572789669037,0.9539999961853027,0.32580000162124634
YBR161W,YFL031W,0,-7.538156,0.22644196450710297,0.9539999961853027,0.32589998841285706
YBR207W,YJL047C,0,-7.5385275,0.22638823091983795,0.9539999961853027,0.32600000500679016
YGL071W,YDL148C,0,-7.5390162,0.22633451223373413,0.9539999961853027,0.3260999917984009
YAR015W,YNR011C,0,-7.539399,0.2262808382511139,0.9539999961853027,0.326200008392334
YMR208W,YKL141W,0,-7.5396204,0.22622717916965485,0.9539999961853027,0.3262999951839447
YAL012W,YDR461W,0,-7.54062,0.226173534989357,0.9539999961853027,0.3264000117778778
YOR274W,YMR179W,0,-7.540778,0.22611993551254272,0.9539999961853027,0.3264999985694885
YDL192W,YHL034C,0,-7.5408115,0.22606635093688965,0.9539999961853027,0.32659998536109924
YER007W,YJL168C,0,-7.5408983,0.22601279616355896,0.9539999961853027,0.32670000195503235
YJR069C,YMR186W,0,-7.54191,0.22595925629138947,0.9539999961853027,0.32679998874664307
YBR136W,YPR103W,0,-7.542216,0.22590576112270355,0.9539999961853027,0.32690000534057617
YPR074C,YGR272C,0,-7.542246,0.22585226595401764,0.9539999961853027,0.3269999921321869
YCL066W,YDR079C-A,0,-7.5424232,0.2257988154888153,0.9539999961853027,0.32710000872612
YLR015W,YHR027C,0,-7.5428896,0.22574537992477417,0.9539999961853027,0.3271999955177307
YEL034W,YGL244W,0,-7.5429163,0.22569197416305542,0.9539999961853027,0.3273000121116638
YPL008W,YER166W,0,-7.5429525,0.22563859820365906,0.9539999961853027,0.32739999890327454
YLR378C,YLR337C,0,-7.5430517,0.22558525204658508,0.9539999961853027,0.32749998569488525
YOR198C,YFR004W,0,-7.5437856,0.2255319207906723,0.9539999961853027,0.32760000228881836
YPL140C,YMR247C,0,-7.543902,0.22547860443592072,0.9539999961853027,0.3276999890804291
YPR164W,YLR105C,0,-7.544072,0.2254253327846527,0.9539999961853027,0.3278000056743622
YAL020C,YOR253W,0,-7.544347,0.2253720760345459,0.9539999961853027,0.3278999924659729
YKR083C,YLR368W,0,-7.544661,0.22531884908676147,0.9539999961853027,0.328000009059906
YCL034W,YER173W,0,-7.5448766,0.22526563704013824,0.9539999961853027,0.3280999958515167
YNL091W,YDL194W,0,-7.545724,0.2252124696969986,0.9539999961853027,0.32820001244544983
YNL330C,YML013W,0,-7.546132,0.22515931725502014,0.9539999961853027,0.32829999923706055
YHR024C,YNL290W,0,-7.546178,0.22510617971420288,0.9539999961853027,0.32839998602867126
YMR113W,YER146W,0,-7.547093,0.225053071975708,0.9539999961853027,0.32850000262260437
YFR009W,YJR141W,0,-7.5470943,0.22499999403953552,0.9539999961853027,0.3285999894142151
YNR058W,YNL106C,0,-7.5473967,0.22494694590568542,0.9539999961853027,0.3287000060081482
YER154W,YBR130C,0,-7.547926,0.22489391267299652,0.9539999961853027,0.3287999927997589
YNL071W,YML045W,0,-7.548049,0.22484090924263,0.9539999961853027,0.328900009393692
YDL220C,YPL169C,0,-7.5480886,0.22478793561458588,0.9539999961853027,0.32899999618530273
YNL094W,YER123W,0,-7.5481195,0.22473497688770294,0.9539999961853027,0.32910001277923584
YDR101C,YGR220C,1,-7.5482674,0.22491757571697235,0.9549999833106995,0.32910001277923584
YOR368W,YKL140W,0,-7.548375,0.22486461699008942,0.9549999833106995,0.32919999957084656
YPR144C,YGR279C,0,-7.5484076,0.22481167316436768,0.9549999833106995,0.3292999863624573
YML088W,YIL039W,0,-7.5484724,0.22475877404212952,0.9549999833106995,0.3294000029563904
YMR035W,YDR436W,0,-7.548753,0.22470587491989136,0.9549999833106995,0.3294999897480011
YLL050C,YHL003C,0,-7.5492206,0.22465302050113678,0.9549999833106995,0.3296000063419342
YLL027W,YLR035C,0,-7.5495152,0.2246001809835434,0.9549999833106995,0.3296999931335449
YGR140W,YBR188C,0,-7.549983,0.2245473712682724,0.9549999833106995,0.329800009727478
YIL153W,YDR057W,0,-7.550231,0.2244945913553238,0.9549999833106995,0.32989999651908875
YNL006W,YGR133W,0,-7.5504165,0.22444182634353638,0.9549999833106995,0.33000001311302185
YDR175C,YML064C,0,-7.5508194,0.22438909113407135,0.9549999833106995,0.33009999990463257
YKL001C,YIR008C,0,-7.551344,0.2243363857269287,0.9549999833106995,0.3301999866962433
YGR074W,YNL247W,0,-7.5519276,0.22428369522094727,0.9549999833106995,0.3303000032901764
YNL250W,YER151C,0,-7.5519533,0.2242310345172882,0.9549999833106995,0.3303999900817871
YJR021C,YJL004C,0,-7.5530596,0.22417840361595154,0.9549999833106995,0.3305000066757202
YBR205W,YOL090W,0,-7.553079,0.22412578761577606,0.9549999833106995,0.33059999346733093
YDR022C,YPL046C,0,-7.553271,0.22407320141792297,0.9549999833106995,0.33070001006126404
YMR004W,YLL016W,0,-7.553787,0.22402064502239227,0.9549999833106995,0.33079999685287476
YGL018C,YJL036W,0,-7.553868,0.22396810352802277,0.9549999833106995,0.33090001344680786
YKR089C,YDR470C,0,-7.5540376,0.22391559183597565,0.9549999833106995,0.3310000002384186
YAL020C,YJR033C,0,-7.554076,0.22386310994625092,0.9549999833106995,0.3310999870300293
YPR122W,YPR190C,0,-7.554425,0.22381064295768738,0.9549999833106995,0.3312000036239624
YBR279W,YNR048W,0,-7.5546966,0.22375820577144623,0.9549999833106995,0.3312999904155731
YOR270C,YPL144W,0,-7.554775,0.22370578348636627,0.9549999833106995,0.3314000070095062
YDL226C,YBR084W,0,-7.555451,0.2236533910036087,0.9549999833106995,0.33149999380111694
YPL042C,YBR118W,0,-7.5566435,0.22360102832317352,0.9549999833106995,0.33160001039505005
YDR439W,YIL075C,0,-7.557105,0.22354869544506073,0.9549999833106995,0.33169999718666077
YPL169C,YER007W,0,-7.557293,0.22349637746810913,0.9549999833106995,0.33180001378059387
YJL091C,YHR072W-A,0,-7.55731,0.22344407439231873,0.9549999833106995,0.3319000005722046
YNL219C,YPR161C,0,-7.5576363,0.2233918160200119,0.9549999833106995,0.3319999873638153
YCL044C,YMR067C,0,-7.557696,0.22333957254886627,0.9549999833106995,0.3321000039577484
YDR545W,YHR214C-B,0,-7.5578012,0.22328734397888184,0.9549999833106995,0.33219999074935913
YER026C,YHR072W-A,0,-7.557803,0.22323516011238098,0.9549999833106995,0.33230000734329224
YMR049C,YGR040W,0,-7.558015,0.22318299114704132,0.9549999833106995,0.33239999413490295
YPR124W,YLR285W,0,-7.5582595,0.22313083708286285,0.9549999833106995,0.33250001072883606
YLR320W,YDR201W,0,-7.5583324,0.22307871282100677,0.9549999833106995,0.3325999975204468
YNL297C,YGL067W,0,-7.5584173,0.22302661836147308,0.9549999833106995,0.3327000141143799
YNR016C,YJR078W,0,-7.558468,0.22297455370426178,0.9549999833106995,0.3328000009059906
YAL024C,YDR150W,0,-7.5587425,0.22292250394821167,0.9549999833106995,0.3328999876976013
YDR022C,YNL145W,0,-7.559034,0.22287048399448395,0.9549999833106995,0.3330000042915344
YGL236C,YOR122C,0,-7.5590544,0.22281847894191742,0.9549999833106995,0.33309999108314514
YNL251C,YPR041W,0,-7.5594635,0.22276650369167328,0.9549999833106995,0.33320000767707825
YGL254W,YKR101W,0,-7.559589,0.22271455824375153,0.9549999833106995,0.33329999446868896
YIL065C,YGR156W,0,-7.5596585,0.22266262769699097,0.9549999833106995,0.33340001106262207
YIR010W,YOL034W,0,-7.5603805,0.2226107269525528,0.9549999833106995,0.3334999978542328
YDR043C,YOL110W,0,-7.561084,0.22255884110927582,0.9549999833106995,0.3336000144481659
YPR183W,YGR245C,0,-7.561097,0.22250698506832123,0.9549999833106995,0.3337000012397766
YLR208W,YPL175W,0,-7.561769,0.22245515882968903,0.9549999833106995,0.33379998803138733
YHL038C,YLR003C,0,-7.561803,0.22240334749221802,0.9549999833106995,0.33390000462532043
YBL069W,YDL028C,0,-7.561971,0.2223515659570694,0.9549999833106995,0.33399999141693115
YMR292W,YGL112C,0,-7.561983,0.22229981422424316,0.9549999833106995,0.33410000801086426
YJR068W,YOL125W,0,-7.562404,0.22224807739257812,0.9549999833106995,0.334199994802475
YLR097C,YGR212W,0,-7.5624437,0.22219637036323547,0.9549999833106995,0.3343000113964081
YFL034C-B,YGR081C,0,-7.5624557,0.22214467823505402,0.9549999833106995,0.3343999981880188
YAL051W,YOR353C,0,-7.562595,0.22209301590919495,0.9549999833106995,0.3345000147819519
YDR225W,YGL210W-A,0,-7.563196,0.22204138338565826,0.9549999833106995,0.3346000015735626
YLR138W,YER125W,0,-7.5633154,0.22198976576328278,0.9549999833106995,0.33469998836517334
YLR391W-A,YHR089C,0,-7.563669,0.22193817794322968,0.9549999833106995,0.33480000495910645
YBL071W-A,YOL044W,0,-7.5640383,0.22188661992549896,0.9549999833106995,0.33489999175071716
YDR179C,YDR400W,0,-7.5643296,0.22183507680892944,0.9549999833106995,0.33500000834465027
YPL127C,YNL244C,0,-7.564604,0.2217835634946823,0.9549999833106995,0.335099995136261
YNL036W,YDR320C,0,-7.5648365,0.22173206508159637,0.9549999833106995,0.3352000117301941
YGL168W,YKR061W,0,-7.564872,0.22168059647083282,0.9549999833106995,0.3352999985218048
YLL038C,YMR281W,0,-7.5650587,0.22162914276123047,0.9549999833106995,0.3353999853134155
YPL061W,YJR042W,0,-7.5655456,0.2215777188539505,0.9549999833106995,0.33550000190734863
YKL182W,YMR136W,0,-7.5664825,0.22152632474899292,0.9549999833106995,0.33559998869895935
YPL233W,YLR150W,0,-7.56711,0.22147496044635773,0.9549999833106995,0.33570000529289246
YML095C,YML024W,0,-7.5684447,0.22142359614372253,0.9549999833106995,0.3357999920845032
YGR267C,YML021C,0,-7.5694265,0.22137227654457092,0.9549999833106995,0.3359000086784363
YBL023C,YER009W,0,-7.5698934,0.2213209718465805,0.9549999833106995,0.335999995470047
YOR153W,YGR128C,0,-7.5699353,0.22126969695091248,0.9549999833106995,0.3361000120639801
YHR056C,YDR218C,0,-7.569961,0.22121843695640564,0.9549999833106995,0.3361999988555908
YLR158C,YAL031C,0,-7.5700517,0.2211672067642212,0.9549999833106995,0.33629998564720154
YGR286C,YJR044C,0,-7.5704722,0.22111600637435913,0.9549999833106995,0.33640000224113464
YJL092W,YJL168C,0,-7.570587,0.22106482088565826,0.9549999833106995,0.33649998903274536
YHR011W,YMR202W,0,-7.570936,0.2210136502981186,0.9549999833106995,0.33660000562667847
YER174C,YPL156C,0,-7.571047,0.2209625244140625,0.9549999833106995,0.3366999924182892
YMR056C,YOR153W,0,-7.571188,0.2209113985300064,0.9549999833106995,0.3368000090122223
YPL179W,YEL002C,0,-7.571269,0.2208603173494339,0.9549999833106995,0.336899995803833
YLR260W,YHR157W,0,-7.5718656,0.22080925107002258,0.9549999833106995,0.3370000123977661
YMR032W,YML011C,0,-7.5722275,0.22075819969177246,0.9549999833106995,0.33709999918937683
YPR175W,YDR164C,0,-7.572469,0.22070719301700592,0.9549999833106995,0.33719998598098755
YGL018C,YKL154W,0,-7.5725617,0.22065618634223938,0.9549999833106995,0.33730000257492065
YFR046C,YKL099C,0,-7.572845,0.22060522437095642,0.9549999833106995,0.33739998936653137
YKR034W,YLR044C,0,-7.5734386,0.22055427730083466,0.9549999833106995,0.3375000059604645
YDR158W,YER024W,0,-7.5737066,0.22050334513187408,0.9549999833106995,0.3375999927520752
YLR256W,YKL035W,0,-7.574238,0.2204524427652359,0.9549999833106995,0.3377000093460083
YKR039W,YJR040W,0,-7.5743427,0.2204015702009201,0.9549999833106995,0.337799996137619
YFL022C,YGL210W-A,0,-7.575147,0.2203507125377655,0.9549999833106995,0.3379000127315521
YDR141C,YNL317W,0,-7.575428,0.2202998846769333,0.9549999833106995,0.33799999952316284
YPR108W,YPR189W,0,-7.575499,0.22024907171726227,0.9549999833106995,0.33809998631477356
YDR361C,YCL029C,0,-7.5756063,0.22019828855991364,0.9549999833106995,0.33820000290870667
YGL206C,YBR193C,0,-7.5757394,0.2201475352048874,0.9549999833106995,0.3382999897003174
YJL122W,YML025C,1,-7.5758934,0.2203272581100464,0.9559999704360962,0.3382999897003174
YDL212W,YAR044W,0,-7.576745,0.22027650475502014,0.9559999704360962,0.3384000062942505
YIL103W,YJL073W,0,-7.5772443,0.2202257513999939,0.9559999704360962,0.3384999930858612
YHL019C,YOR178C,0,-7.577489,0.22017502784729004,0.9559999704360962,0.3386000096797943
YEL018W,YER174C,0,-7.57858,0.22012433409690857,0.9559999704360962,0.33869999647140503
YAR014C,YLR361C,0,-7.579127,0.2200736701488495,0.9559999704360962,0.33880001306533813
YDR150W,YNL079C,0,-7.579276,0.2200230211019516,0.9559999704360962,0.33889999985694885
YGR030C,YGR091W,0,-7.579442,0.2199723869562149,0.9559999704360962,0.33899998664855957
YOR011W,YDR108W,0,-7.579621,0.2199217826128006,0.9559999704360962,0.3391000032424927
YMR149W,YLL040C,0,-7.5800457,0.21987120807170868,0.9559999704360962,0.3391999900341034
YKR068C,YDR062W,0,-7.5810614,0.21982064843177795,0.9559999704360962,0.3393000066280365
YJL018W,YDR324C,0,-7.581232,0.21977011859416962,0.9559999704360962,0.3393999934196472
YPR093C,YJR050W,0,-7.58181,0.21971960365772247,0.9559999704360962,0.3395000100135803
YER173W,YDR346C,0,-7.5819006,0.21966911852359772,0.9559999704360962,0.33959999680519104
YOR115C,YMR077C,0,-7.5819116,0.21961864829063416,0.9559999704360962,0.33970001339912415
YMR023C,YAR003W,0,-7.583005,0.21956820785999298,0.9559999704360962,0.33980000019073486
YDR414C,YDR073W,0,-7.584325,0.2195177972316742,0.9559999704360962,0.3398999869823456
YKL057C,YDL076C,0,-7.584577,0.2194674015045166,0.9559999704360962,0.3400000035762787
YJL074C,YBR175W,0,-7.5853605,0.2194170355796814,0.9559999704360962,0.3400999903678894
YMR290C,YLR044C,0,-7.58562,0.21936668455600739,0.9559999704360962,0.3402000069618225
YJR046W,YBR123C,0,-7.5861835,0.21931636333465576,0.9559999704360962,0.3402999937534332
YJL047C,YLR452C,0,-7.5863676,0.21926605701446533,0.9559999704360962,0.34040001034736633
YAL058W,YOR288C,0,-7.586567,0.2192157804965973,0.9559999704360962,0.34049999713897705
YIR028W,YER133W,0,-7.5870724,0.21916551887989044,0.9559999704360962,0.34060001373291016
YAL010C,YMR313C,0,-7.5881596,0.21911528706550598,0.9559999704360962,0.3407000005245209
YIL132C,YGL113W,0,-7.5884395,0.2190650850534439,0.9559999704360962,0.3407999873161316
YHL031C,YOR368W,0,-7.588604,0.21901489794254303,0.9559999704360962,0.3409000039100647
YMR207C,YOR298W,0,-7.5886836,0.21896472573280334,0.9559999704360962,0.3409999907016754
YNL232W,YNL245C,0,-7.5896487,0.21891458332538605,0.9559999704360962,0.3411000072956085
YOR233W,YLR447C,0,-7.5900846,0.21886447072029114,0.9559999704360962,0.34119999408721924
YNL172W,YMR061W,0,-7.590104,0.21881437301635742,0.9559999704360962,0.34130001068115234
YPL137C,YMR145C,0,-7.5907593,0.2187643051147461,0.9559999704360962,0.34139999747276306
YNL126W,YER190W,0,-7.5908346,0.21871425211429596,0.9559999704360962,0.34150001406669617
YOR317W,YKL201C,0,-7.591591,0.2186642289161682,0.9559999704360962,0.3416000008583069
YKL002W,YHR183W,0,-7.59186,0.21861422061920166,0.9559999704360962,0.3416999876499176
YDR151C,YDR082W,0,-7.59311,0.2185642421245575,0.9559999704360962,0.3418000042438507
YKR065C,YIL073C,0,-7.5931635,0.21851427853107452,0.9559999704360962,0.3418999910354614
YBR042C,YLR452C,0,-7.593531,0.21846434473991394,0.9559999704360962,0.34200000762939453
YBR179C,YBL063W,0,-7.5936656,0.21841444075107574,0.9559999704360962,0.34209999442100525
YLR260W,YLR067C,0,-7.5937233,0.21836455166339874,0.9559999704360962,0.34220001101493835
YOL094C,YDR407C,0,-7.594126,0.21831467747688293,0.9559999704360962,0.3422999978065491
YMR037C,YPR031W,0,-7.594442,0.21826483309268951,0.9559999704360962,0.3424000144004822
YDR314C,YGR197C,0,-7.5944443,0.21821501851081848,0.9559999704360962,0.3425000011920929
YNL244C,YDR334W,0,-7.594484,0.21816521883010864,0.9559999704360962,0.3425999879837036
YGR055W,YPL128C,0,-7.5947657,0.2181154489517212,0.9559999704360962,0.3427000045776367
YER045C,YDL046W,0,-7.5948753,0.21806569397449493,0.9559999704360962,0.34279999136924744
YDR071C,YDL047W,0,-7.5952888,0.21801596879959106,0.9559999704360962,0.34290000796318054
YOR061W,YLR396C,0,-7.5953684,0.2179662585258484,0.9559999704360962,0.34299999475479126
YOL090W,YDL076C,0,-7.595637,0.2179165780544281,0.9559999704360962,0.34310001134872437
YER045C,YGL044C,0,-7.596455,0.217866912484169,0.9559999704360962,0.3431999981403351
YGR046W,YOR256C,0,-7.596681,0.2178172767162323,0.9559999704360962,0.3433000147342682
YDR459C,YBR106W,0,-7.596739,0.2177676558494568,0.9559999704360962,0.3434000015258789
YMR275C,YNL051W,0,-7.5968137,0.21771806478500366,0.9559999704360962,0.3434999883174896
YMR087W,YPL206C,0,-7.5969887,0.21766848862171173,0.9559999704360962,0.34360000491142273
YDR159W,YBL055C,0,-7.5971184,0.2176189422607422,0.9559999704360962,0.34369999170303345
YGL251C,YGL127C,0,-7.597474,0.21756941080093384,0.9559999704360962,0.34380000829696655
YOR231W,YLR383W,0,-7.5983152,0.21751990914344788,0.9559999704360962,0.34389999508857727
YCR010C,YNL145W,0,-7.598358,0.2174704223871231,0.9559999704360962,0.3440000116825104
YOR151C,YOL102C,0,-7.598461,0.21742096543312073,0.9559999704360962,0.3440999984741211
YPL061W,YML004C,0,-7.5985885,0.21737153828144073,0.9559999704360962,0.3441999852657318
YOR153W,YJL045W,0,-7.598914,0.21732212603092194,0.9559999704360962,0.3443000018596649
YDR447C,YKL075C,0,-7.5992603,0.21727272868156433,0.9559999704360962,0.34439998865127563
YPL213W,YJL047C,0,-7.5994644,0.2172233611345291,0.9559999704360962,0.34450000524520874
YMR314W,YEL020W-A,0,-7.599858,0.2171740084886551,0.9559999704360962,0.34459999203681946
YCR082W,YGR098C,0,-7.6001406,0.21712468564510345,0.9559999704360962,0.34470000863075256
YGL211W,YLR234W,0,-7.6014624,0.2170753926038742,0.9559999704360962,0.3447999954223633
YBL019W,YLR328W,0,-7.6028814,0.21702609956264496,0.9559999704360962,0.3449000120162964
YJR084W,YLR044C,0,-7.6030107,0.2169768512248993,0.9559999704360962,0.3449999988079071
YGR075C,YGR090W,0,-7.60346,0.21692761778831482,0.9559999704360962,0.3450999855995178
YPL256C,YPR037C,0,-7.603592,0.21687839925289154,0.9559999704360962,0.3452000021934509
YDR093W,YDL046W,0,-7.6037216,0.21682921051979065,0.9559999704360962,0.34529998898506165
YER022W,YNL313C,0,-7.603797,0.21678005158901215,0.9559999704360962,0.34540000557899475
YAR018C,YCL069W,0,-7.604265,0.21673089265823364,0.9559999704360962,0.34549999237060547
YJL003W,YOR351C,0,-7.6045256,0.21668177843093872,0.9559999704360962,0.3456000089645386
YMR113W,YMR285C,0,-7.605003,0.216632679104805,0.9559999704360962,0.3456999957561493
YPL256C,YDR465C,0,-7.6052003,0.21658359467983246,0.9559999704360962,0.3458000123500824
YIL068C,YOR007C,0,-7.605233,0.2165345400571823,0.9559999704360962,0.3458999991416931
YNR060W,YPL002C,0,-7.605328,0.21648550033569336,0.9559999704360962,0.34599998593330383
YDR440W,YGL236C,0,-7.6054554,0.2164364904165268,0.9559999704360962,0.34610000252723694
YOR298W,YML095C,0,-7.605953,0.21638751029968262,0.9559999704360962,0.34619998931884766
YPR016C,YML025C,1,-7.605998,0.2165648341178894,0.9570000171661377,0.34619998931884766
YDR389W,YIL082W-A,0,-7.6062384,0.21651583909988403,0.9570000171661377,0.34630000591278076
YMR004W,YLR016C,0,-7.6064343,0.21646685898303986,0.9570000171661377,0.3463999927043915
YNR032C-A,YJR103W,0,-7.606471,0.21641790866851807,0.9570000171661377,0.3465000092983246
YDR017C,YDR079C-A,0,-7.6066823,0.21636897325515747,0.9570000171661377,0.3465999960899353
YMR211W,YLR233C,0,-7.607096,0.21632006764411926,0.9570000171661377,0.3467000126838684
YDR194C,YDR427W,0,-7.6072345,0.21627119183540344,0.9570000171661377,0.3467999994754791
YEL019C,YBR123C,0,-7.607309,0.21622231602668762,0.9570000171661377,0.34689998626708984
YNL062C,YLR298C,0,-7.607371,0.21617348492145538,0.9570000171661377,0.34700000286102295
YER020W,YIL014W,0,-7.607383,0.21612465381622314,0.9570000171661377,0.34709998965263367
YBR199W,YBR095C,0,-7.607782,0.2160758674144745,0.9570000171661377,0.3472000062465668
YLR153C,YDR113C,0,-7.6078124,0.21602708101272583,0.9570000171661377,0.3472999930381775
YNL326C,YPL011C,0,-7.608142,0.21597833931446075,0.9570000171661377,0.3474000096321106
YDL192W,YPR161C,0,-7.6085415,0.21592959761619568,0.9570000171661377,0.3474999964237213
YER014C-A,YGR221C,0,-7.6088414,0.21588090062141418,0.9570000171661377,0.3476000130176544
YIL095W,YJL089W,0,-7.6091757,0.2158322036266327,0.9570000171661377,0.34769999980926514
YOL023W,YBR126C,0,-7.6091785,0.21578353643417358,0.9570000171661377,0.34779998660087585
YJL041W,YKR072C,0,-7.6093273,0.21573489904403687,0.9570000171661377,0.34790000319480896
YBR035C,YKR031C,0,-7.6094413,0.21568627655506134,0.9570000171661377,0.3479999899864197
YDR123C,YAL068C,0,-7.60952,0.215637668967247,0.9570000171661377,0.3481000065803528
YNR044W,YOR315W,0,-7.6095986,0.21558909118175507,0.9570000171661377,0.3481999933719635
YGR057C,YPL180W,0,-7.609762,0.2155405431985855,0.9570000171661377,0.3483000099658966
YDR236C,YNL093W,0,-7.6098967,0.21549201011657715,0.9570000171661377,0.3483999967575073
YHR068W,YLR052W,0,-7.6108494,0.21544349193572998,0.9570000171661377,0.34850001335144043
YIR011C,YMR156C,0,-7.6108837,0.2153950035572052,0.9570000171661377,0.34860000014305115
YER178W,YGR116W,0,-7.6109776,0.2153465300798416,0.9570000171661377,0.34869998693466187
YHR186C,YKL075C,0,-7.611002,0.21529808640480042,0.9570000171661377,0.34880000352859497
YNR044W,YER146W,0,-7.6115007,0.2152496576309204,0.9570000171661377,0.3488999903202057
YHR058C,YML001W,0,-7.6118793,0.2152012586593628,0.9570000171661377,0.3490000069141388
YNL278W,YDR113C,0,-7.611942,0.21515287458896637,0.9570000171661377,0.3490999937057495
YHR079C,YLR130C,0,-7.6121473,0.21510452032089233,0.9570000171661377,0.3492000102996826
YLR330W,YIL095W,0,-7.6124444,0.2150561809539795,0.9570000171661377,0.34929999709129333
YDR240C,YNL213C,0,-7.6125784,0.21500785648822784,0.9570000171661377,0.34940001368522644
YNR049C,YGR147C,0,-7.6131406,0.21495956182479858,0.9570000171661377,0.34950000047683716
YLR023C,YNL173C,0,-7.613555,0.2149112969636917,0.9570000171661377,0.3495999872684479
YBL025W,YER022W,0,-7.614256,0.21486304700374603,0.9570000171661377,0.349700003862381
YIL103W,YFL035C,0,-7.6146073,0.21481481194496155,0.9570000171661377,0.3497999906539917
YFR047C,YBL006C,0,-7.61474,0.21476660668849945,0.9570000171661377,0.3499000072479248
YOR026W,YNL116W,0,-7.6147904,0.21471841633319855,0.9570000171661377,0.3499999940395355
YHR059W,YGR004W,0,-7.615407,0.21467025578022003,0.9570000171661377,0.35010001063346863
YDR469W,YJL029C,0,-7.615448,0.2146221101284027,0.9570000171661377,0.35019999742507935
YIL065C,YGL213C,0,-7.6156693,0.21457399427890778,0.9570000171661377,0.35030001401901245
YJR158W,YOR372C,0,-7.615679,0.21452589333057404,0.9570000171661377,0.35040000081062317
YIL150C,YER148W,0,-7.6158953,0.2144778072834015,0.9570000171661377,0.3504999876022339
YJL005W,YBR095C,0,-7.6159697,0.21442975103855133,0.9570000171661377,0.350600004196167
YKL022C,YML029W,0,-7.6173286,0.21438172459602356,0.9570000171661377,0.3506999909877777
YGR163W,YJL141C,0,-7.6173344,0.21433371305465698,0.9570000171661377,0.3508000075817108
YPL161C,YLR226W,0,-7.6175876,0.2142857164144516,0.9570000171661377,0.35089999437332153
YCL044C,YMR133W,0,-7.61783,0.2142377495765686,0.9570000171661377,0.35100001096725464
YLR418C,YML013W,0,-7.6195774,0.2141897976398468,0.9570000171661377,0.35109999775886536
YHR072W,YOR270C,0,-7.6196384,0.2141418606042862,0.9570000171661377,0.35120001435279846
YLR418C,YKL032C,0,-7.6197896,0.21409395337104797,0.9570000171661377,0.3513000011444092
YOR181W,YML027W,0,-7.6201167,0.21404607594013214,0.9570000171661377,0.3513999879360199
YJR069C,YHR048W,0,-7.620531,0.2139982134103775,0.9570000171661377,0.351500004529953
YOR316C,YCR012W,0,-7.6205344,0.21395036578178406,0.9570000171661377,0.3515999913215637
YLR098C,YGL019W,0,-7.6208963,0.213902547955513,0.9570000171661377,0.3517000079154968
YLR214W,YBL020W,0,-7.6211786,0.21385474503040314,0.9570000171661377,0.35179999470710754
YDL160C,YDR440W,0,-7.621354,0.21380697190761566,0.9570000171661377,0.35190001130104065
YMR322C,YKL075C,0,-7.621582,0.21375921368598938,0.9570000171661377,0.35199999809265137
YGR036C,YNL004W,0,-7.6216097,0.21371148526668549,0.9570000171661377,0.3521000146865845
YDR045C,YDR457W,0,-7.6219616,0.2136637568473816,0.9570000171661377,0.3522000014781952
YHR055C,YBR237W,0,-7.6225743,0.21361607313156128,0.9570000171661377,0.3522999882698059
YNL023C,YPL213W,0,-7.622921,0.21356840431690216,0.9570000171661377,0.352400004863739
YOL112W,YPL129W,0,-7.6229925,0.21352075040340424,0.9570000171661377,0.35249999165534973
YML094W,YDR017C,0,-7.623795,0.2134731262922287,0.9570000171661377,0.35260000824928284
YPR049C,YJL019W,0,-7.62429,0.21342551708221436,0.9570000171661377,0.35269999504089355
YER120W,YNL138W,0,-7.624404,0.2133779227733612,0.9570000171661377,0.35280001163482666
YEL036C,YMR202W,0,-7.624854,0.21333035826683044,0.9570000171661377,0.3528999984264374
YBL045C,YPL231W,0,-7.625323,0.21328282356262207,0.9570000171661377,0.3529999852180481
YGL168W,YJL063C,0,-7.625408,0.2132352888584137,0.9570000171661377,0.3531000018119812
YLR376C,YOR261C,0,-7.6254945,0.2131877988576889,0.9570000171661377,0.3531999886035919
YMR033W,YOR080W,0,-7.6255364,0.2131403088569641,0.9570000171661377,0.353300005197525
YJL073W,YNL248C,0,-7.6272626,0.2130928486585617,0.9570000171661377,0.35339999198913574
YGL254W,YBR121C,0,-7.627726,0.2130454182624817,0.9570000171661377,0.35350000858306885
YJL073W,YDR194C,0,-7.6277676,0.21299800276756287,0.9570000171661377,0.35359999537467957
YGR092W,YDR236C,0,-7.628339,0.21295060217380524,0.9570000171661377,0.35370001196861267
YBR015C,YMR059W,0,-7.6285443,0.21290323138237,0.9570000171661377,0.3537999987602234
YDR069C,YGL212W,0,-7.628607,0.21285587549209595,0.9570000171661377,0.3538999855518341
YER017C,YPR100W,0,-7.6290417,0.2128085345029831,0.9570000171661377,0.3540000021457672
YHL048W,YKL045W,0,-7.6293297,0.21276122331619263,0.9570000171661377,0.35409998893737793
YNL042W,YDR153C,0,-7.6293774,0.21271394193172455,0.9570000171661377,0.35420000553131104
YDR118W,YIL144W,0,-7.629675,0.21266666054725647,0.9570000171661377,0.35429999232292175
YAL058W,YPR009W,0,-7.629737,0.21261942386627197,0.9570000171661377,0.35440000891685486
YNL116W,YNL133C,0,-7.6305723,0.21257218718528748,0.9570000171661377,0.3544999957084656
YNL078W,YCR081W,0,-7.6310616,0.21252498030662537,0.9570000171661377,0.3546000123023987
YGL150C,YOR304W,0,-7.6311145,0.21247780323028564,0.9570000171661377,0.3546999990940094
YNL103W,YBR079C,0,-7.6314416,0.21243062615394592,0.9570000171661377,0.3547999858856201
YNL330C,YLR386W,0,-7.631714,0.21238349378108978,0.9570000171661377,0.3549000024795532
YGL115W,YOR075W,0,-7.631954,0.21233636140823364,0.9570000171661377,0.35499998927116394
YBL015W,YKL145W,0,-7.632016,0.2122892588376999,0.9570000171661377,0.35510000586509705
YHR030C,YOR194C,0,-7.6320534,0.21224218606948853,0.9570000171661377,0.35519999265670776
YDR130C,YPL006W,0,-7.632114,0.21219512820243835,0.9570000171661377,0.35530000925064087
YNL062C,YHL012W,0,-7.6322823,0.21214808523654938,0.9570000171661377,0.3553999960422516
YPL008W,YGL187C,0,-7.632303,0.2121010571718216,0.9570000171661377,0.3555000126361847
YLR288C,YER160C,0,-7.6325674,0.2120540589094162,0.9570000171661377,0.3555999994277954
YPR006C,YJL047C,0,-7.632772,0.2120070904493332,0.9570000171661377,0.35569998621940613
YMR055C,YBR029C,0,-7.6331234,0.21196013689041138,0.9570000171661377,0.35580000281333923
YKR035W-A,YER127W,0,-7.633338,0.21191319823265076,0.9570000171661377,0.35589998960494995
YPL015C,YGL183C,0,-7.6335177,0.21186628937721252,0.9570000171661377,0.35600000619888306
YML036W,YPL097W,0,-7.6337934,0.21181939542293549,0.9570000171661377,0.3560999929904938
YLR196W,YBR095C,0,-7.634171,0.21177251636981964,0.9570000171661377,0.3562000095844269
YBR290W,YNR039C,0,-7.634384,0.21172566711902618,0.9570000171661377,0.3562999963760376
YIL154C,YDR503C,0,-7.6343927,0.21167883276939392,0.9570000171661377,0.3564000129699707
YGR029W,YHR030C,0,-7.6349144,0.21163202822208405,0.9570000171661377,0.3564999997615814
YLR369W,YML076C,0,-7.635028,0.21158522367477417,0.9570000171661377,0.35659998655319214
YBR092C,YPL092W,0,-7.635456,0.21153846383094788,0.9570000171661377,0.35670000314712524
YER087C-A,YLR139C,0,-7.6360416,0.21149171888828278,0.9570000171661377,0.35679998993873596
YPL187W,YPL237W,0,-7.636088,0.21144498884677887,0.9570000171661377,0.35690000653266907
YLR220W,YDR265W,0,-7.6364217,0.21139827370643616,0.9570000171661377,0.3569999933242798
YGR098C,YPL159C,0,-7.6366787,0.21135158836841583,0.9570000171661377,0.3571000099182129
YOR150W,YKL009W,1,-7.6371884,0.21152572333812714,0.9580000042915344,0.3571000099182129
YER014C-A,YOL016C,0,-7.6372714,0.21147902309894562,0.9580000042915344,0.3571999967098236
YHR154W,YML085C,0,-7.6377826,0.2114323526620865,0.9580000042915344,0.3573000133037567
YDR088C,YDR135C,0,-7.6377897,0.21138569712638855,0.9580000042915344,0.35740000009536743
YDR085C,YHR083W,0,-7.6379323,0.211339071393013,0.9580000042915344,0.35749998688697815
YNL329C,YJL191W,0,-7.6383095,0.21129246056079865,0.9580000042915344,0.35760000348091125
YER183C,YMR285C,0,-7.6383467,0.21124586462974548,0.9580000042915344,0.357699990272522
YMR280C,YHR096C,0,-7.6386423,0.2111992985010147,0.9580000042915344,0.3578000068664551
YNL047C,YDL077C,0,-7.6386495,0.21115274727344513,0.9580000042915344,0.3578999936580658
YHR154W,YPL029W,0,-7.638671,0.21110621094703674,0.9580000042915344,0.3580000102519989
YMR186W,YDR296W,0,-7.638753,0.21105970442295074,0.9580000042915344,0.3580999970436096
YOR174W,YNL263C,0,-7.6390514,0.21101321280002594,0.9580000042915344,0.3582000136375427
YGL033W,YOR338W,0,-7.639207,0.21096675097942352,0.9580000042915344,0.35830000042915344
YLR096W,YBL022C,0,-7.639327,0.2109203040599823,0.9580000042915344,0.35839998722076416
YOR363C,YNL310C,0,-7.639388,0.21087387204170227,0.9580000042915344,0.35850000381469727
YLR013W,YMR292W,0,-7.6402225,0.21082746982574463,0.9580000042915344,0.358599990606308
YPL187W,YGL028C,0,-7.6402907,0.21078108251094818,0.9580000042915344,0.3587000072002411
YHR108W,YDL078C,0,-7.640317,0.21073471009731293,0.9580000042915344,0.3587999939918518
YHR094C,YMR095C,0,-7.6406264,0.21068836748600006,0.9580000042915344,0.3589000105857849
YMR319C,YGL210W,0,-7.6409435,0.2106420397758484,0.9580000042915344,0.35899999737739563
YBR188C,YBR058C,0,-7.6417527,0.2105957418680191,0.9580000042915344,0.35910001397132874
YDR219C,YJR141W,0,-7.6426363,0.21054944396018982,0.9580000042915344,0.35920000076293945
YFR008W,YPR073C,0,-7.64281,0.21050319075584412,0.9580000042915344,0.35929998755455017
YNL161W,YOL060C,0,-7.642817,0.2104569375514984,0.9580000042915344,0.3594000041484833
YMR173W,YNL103W,0,-7.643037,0.2104107141494751,0.9580000042915344,0.359499990940094
YGL058W,YPR140W,0,-7.643058,0.21036452054977417,0.9580000042915344,0.3596000075340271
YML094W,YKL075C,0,-7.6442013,0.21031832695007324,0.9580000042915344,0.3596999943256378
YLR301W,YNL046W,0,-7.644961,0.2102721631526947,0.9580000042915344,0.3598000109195709
YJL071W,YMR087W,0,-7.645178,0.21022602915763855,0.9580000042915344,0.35989999771118164
YPR186C,YIL076W,0,-7.6460166,0.2101799100637436,0.9580000042915344,0.36000001430511475
YFR024C-A,YJR009C,0,-7.646739,0.21013380587100983,0.9580000042915344,0.36010000109672546
YNL051W,YPL176C,0,-7.646901,0.21008771657943726,0.9580000042915344,0.3601999878883362
YLR210W,YOR207C,0,-7.6470985,0.21004165709018707,0.9580000042915344,0.3603000044822693
YMR065W,YDL030W,0,-7.647983,0.20999561250209808,0.9580000042915344,0.36039999127388
YGR163W,YGL183C,0,-7.6480026,0.20994959771633148,0.9580000042915344,0.3605000078678131
YOR310C,YOR279C,0,-7.648139,0.20990359783172607,0.9580000042915344,0.36059999465942383
YDL160C,YNL207W,0,-7.6484966,0.20985761284828186,0.9580000042915344,0.36070001125335693
YBR196C,YER022W,0,-7.648554,0.20981165766716003,0.9580000042915344,0.36079999804496765
YPR198W,YDR330W,0,-7.648594,0.2097657173871994,0.9580000042915344,0.36090001463890076
YOR008C,YLL040C,0,-7.6489553,0.20971979200839996,0.9580000042915344,0.3610000014305115
YEL063C,YER133W,0,-7.6489778,0.2096738964319229,0.9580000042915344,0.3610999882221222
YMR238W,YLR224W,0,-7.650217,0.20962801575660706,0.9580000042915344,0.3612000048160553
YBR034C,YML109W,0,-7.6509705,0.2095821499824524,0.9580000042915344,0.361299991607666
YJR063W,YLR442C,0,-7.651251,0.20953631401062012,0.9580000042915344,0.3614000082015991
YFL049W,YDR079C-A,0,-7.651419,0.20949049293994904,0.9580000042915344,0.36149999499320984
YDL134C,YGL145W,0,-7.6515026,0.20944468677043915,0.9580000042915344,0.36160001158714294
YJL092W,YER129W,0,-7.651709,0.20939891040325165,0.9580000042915344,0.36169999837875366
YLR286C,YBR245C,0,-7.651949,0.20935314893722534,0.9580000042915344,0.3617999851703644
YPL164C,YMR293C,0,-7.6519756,0.20930740237236023,0.9580000042915344,0.3619000017642975
YKL192C,YDR311W,0,-7.652811,0.2092616856098175,0.9580000042915344,0.3619999885559082
YMR322C,YBR284W,0,-7.652846,0.20921598374843597,0.9580000042915344,0.3621000051498413
YJL050W,YPL218W,0,-7.6532874,0.20917031168937683,0.9580000042915344,0.362199991941452
YLR095C,YPR009W,0,-7.6533217,0.2091246396303177,0.9580000042915344,0.36230000853538513
YPL270W,YHL022C,0,-7.654358,0.20907899737358093,0.9580000042915344,0.36239999532699585
YOR049C,YFR040W,0,-7.6544704,0.20903338491916656,0.9580000042915344,0.36250001192092896
YOL148C,YPR024W,0,-7.654948,0.2089877873659134,0.9580000042915344,0.3625999987125397
YDR022C,YOR231W,0,-7.6551514,0.2089422047138214,0.9580000042915344,0.3626999855041504
YOL072W,YHR135C,0,-7.655292,0.20889663696289062,0.9580000042915344,0.3628000020980835
YBR153W,YDR170W-A,0,-7.6554375,0.20885109901428223,0.9580000042915344,0.3628999888896942
YOR269W,YML011C,0,-7.655558,0.20880557596683502,0.9580000042915344,0.3630000054836273
YPL084W,YMR149W,0,-7.6556187,0.2087600827217102,0.9580000042915344,0.36309999227523804
YLR361C,YER108C,0,-7.6563587,0.20871460437774658,0.9580000042915344,0.36320000886917114
YAL020C,YJL192C,0,-7.656728,0.20866914093494415,0.9580000042915344,0.36329999566078186
YDL005C,YDR194C,0,-7.6569557,0.20862369239330292,0.9580000042915344,0.36340001225471497
YGR197C,YML007W,0,-7.657096,0.20857827365398407,0.9580000042915344,0.3634999990463257
YJL173C,YDR088C,0,-7.657316,0.20853286981582642,0.9580000042915344,0.3635999858379364
YGR254W,YDR170C,0,-7.657317,0.20848748087882996,0.9580000042915344,0.3637000024318695
YDL100C,YOR048C,0,-7.6574,0.20844212174415588,0.9580000042915344,0.3637999892234802
YEL032W,YPL036W,0,-7.6578236,0.208396777510643,0.9580000042915344,0.36390000581741333
YIR010W,YGR002C,0,-7.6578875,0.20835146307945251,0.9580000042915344,0.36399999260902405
YNL329C,YER049W,0,-7.658295,0.20830614864826202,0.9580000042915344,0.36410000920295715
YJL011C,YDR079C-A,0,-7.6589108,0.20826086401939392,0.9580000042915344,0.36419999599456787
YDL166C,YER051W,0,-7.6591387,0.2082156091928482,0.9580000042915344,0.364300012588501
YDR238C,YOL055C,0,-7.659245,0.2081703543663025,0.9580000042915344,0.3643999993801117
YBR097W,YKL126W,0,-7.6597457,0.20812512934207916,0.9580000042915344,0.3644999861717224
YOR363C,YDL120W,0,-7.6601033,0.20807993412017822,0.9580000042915344,0.3646000027656555
YNL002C,YML025C,1,-7.6604548,0.20825189352035522,0.9589999914169312,0.3646000027656555
YMR078C,YPR103W,0,-7.6608324,0.2082066833972931,0.9589999914169312,0.36469998955726624
YPR183W,YGL169W,0,-7.661598,0.20816148817539215,0.9589999914169312,0.36480000615119934
YNL188W,YKR048C,0,-7.66182,0.2081163227558136,0.9589999914169312,0.36489999294281006
YPL228W,YDR465C,0,-7.6619215,0.20807117223739624,0.9589999914169312,0.36500000953674316
YHR030C,YBR169C,0,-7.6622,0.20802603662014008,0.9589999914169312,0.3650999963283539
YGR171C,YNL209W,0,-7.6626325,0.2079809159040451,0.9589999914169312,0.365200012922287
YER129W,YNL049C,0,-7.6636868,0.20793582499027252,0.9589999914169312,0.3652999997138977
YHR027C,YDR166C,0,-7.664424,0.20789074897766113,0.9589999914169312,0.3653999865055084
YML011C,YER123W,0,-7.6645164,0.20784568786621094,0.9589999914169312,0.36550000309944153
YDR077W,YDR285W,0,-7.6650233,0.20780065655708313,0.9589999914169312,0.36559998989105225
YJL061W,YMR050C,0,-7.665154,0.20775562524795532,0.9589999914169312,0.36570000648498535
YLR223C,YPL085W,0,-7.665238,0.2077106386423111,0.9589999914169312,0.36579999327659607
YLR376C,YDR011W,0,-7.6654396,0.20766565203666687,0.9589999914169312,0.3659000098705292
YGR056W,YHR039C-A,0,-7.665487,0.20762069523334503,0.9589999914169312,0.3659999966621399
YBR188C,YKR072C,0,-7.665501,0.2075757533311844,0.9589999914169312,0.366100013256073
YMR161W,YBL106C,0,-7.6659455,0.20753084123134613,0.9589999914169312,0.3662000000476837
YLL042C,YIL132C,0,-7.6662564,0.20748594403266907,0.9589999914169312,0.36629998683929443
YMR161W,YKR087C,0,-7.6666503,0.2074410617351532,0.9589999914169312,0.36640000343322754
YNR057C,YER120W,0,-7.6667814,0.20739619433879852,0.9589999914169312,0.36649999022483826
YKR061W,YBR223C,0,-7.6668687,0.20735135674476624,0.9589999914169312,0.36660000681877136
YHL006C,YIL017C,0,-7.6672153,0.20730653405189514,0.9589999914169312,0.3666999936103821
YKL017C,YDR320C,0,-7.667287,0.20726172626018524,0.9589999914169312,0.3668000102043152
YDR110W,YLR312C-B,0,-7.6678047,0.20721693336963654,0.9589999914169312,0.3668999969959259
YBR294W,YMR077C,0,-7.668147,0.20717217028141022,0.9589999914169312,0.367000013589859
YHR043C,YJR052W,0,-7.6681566,0.2071274369955063,0.9589999914169312,0.3671000003814697
YDL090C,YDR484W,0,-7.6683207,0.20708270370960236,0.9589999914169312,0.36719998717308044
YGR216C,YGL127C,0,-7.6686864,0.2070380002260208,0.9589999914169312,0.36730000376701355
YGR113W,YEL053C,0,-7.669135,0.20699331164360046,0.9589999914169312,0.36739999055862427
YNL219C,YKR003W,0,-7.6693707,0.2069486379623413,0.9589999914169312,0.3675000071525574
YDR227W,YPL019C,0,-7.6694465,0.20690399408340454,0.9589999914169312,0.3675999939441681
YBR298C,YDL046W,0,-7.6695375,0.20685936510562897,0.9589999914169312,0.3677000105381012
YKR072C,YMR077C,0,-7.669674,0.2068147510290146,0.9589999914169312,0.3677999973297119
YDL130W-A,YNL121C,0,-7.669864,0.2067701667547226,0.9589999914169312,0.367900013923645
YKL135C,YDR252W,0,-7.670045,0.2067255824804306,0.9589999914169312,0.36800000071525574
YHR072W-A,YBL017C,0,-7.670131,0.206681028008461,0.9589999914169312,0.36809998750686646
YNL297C,YBR196C,0,-7.670795,0.20663650333881378,0.9589999914169312,0.36820000410079956
YDR179C,YNL290W,0,-7.6708813,0.20659199357032776,0.9589999914169312,0.3682999908924103
YMR268C,YEL020W-A,0,-7.671312,0.20654748380184174,0.9589999914169312,0.3684000074863434
YGR220C,YIR012W,1,-7.671966,0.2067183405160904,0.9599999785423279,0.3684000074863434
YGL130W,YBL023C,0,-7.6723585,0.20667384564876556,0.9599999785423279,0.3684999942779541
YEL009C,YHL025W,0,-7.6726594,0.20662936568260193,0.9599999785423279,0.3686000108718872
YMR078C,YOR275C,0,-7.6727347,0.2065849006175995,0.9599999785423279,0.3686999976634979
YDL229W,YGL212W,0,-7.672803,0.20654045045375824,0.9599999785423279,0.36880001425743103
YHR166C,YGL130W,0,-7.673112,0.20649601519107819,0.9599999785423279,0.36890000104904175
YDR435C,YLR141W,0,-7.6733265,0.20645160973072052,0.9599999785423279,0.36899998784065247
YMR287C,YLR197W,0,-7.673825,0.20640721917152405,0.9599999785423279,0.36910000443458557
YOR253W,YNL334C,0,-7.67413,0.20636285841464996,0.9599999785423279,0.3691999912261963
YNL199C,YAL010C,0,-7.6744986,0.20631849765777588,0.9599999785423279,0.3693000078201294
YEL003W,YHR031C,0,-7.67478,0.20627416670322418,0.9599999785423279,0.3693999946117401
YHR114W,YPL050C,0,-7.6748466,0.20622986555099487,0.9599999785423279,0.3695000112056732
YER157W,YOL040C,0,-7.6755815,0.20618556439876556,0.9599999785423279,0.36959999799728394
YNL116W,YOR137C,0,-7.676212,0.20614129304885864,0.9599999785423279,0.36970001459121704
YLR154C,YJR004C,0,-7.6765327,0.20609703660011292,0.9599999785423279,0.36980000138282776
YNL085W,YCR055C,0,-7.6768312,0.20605279505252838,0.9599999785423279,0.3698999881744385
YGR220C,YOL144W,1,-7.6773334,0.20622317492961884,0.9610000252723694,0.3698999881744385
YCR047C,YOL138C,0,-7.677433,0.2061789333820343,0.9610000252723694,0.3700000047683716
YEL066W,YIL085C,0,-7.677486,0.20613470673561096,0.9610000252723694,0.3700999915599823
YAL041W,YKL043W,0,-7.678064,0.20609049499034882,0.9610000252723694,0.3702000081539154
YJL058C,YML085C,0,-7.6782804,0.20604631304740906,0.9610000252723694,0.3702999949455261
YBR156C,YLR305C,0,-7.6789055,0.2060021460056305,0.9610000252723694,0.37040001153945923
YPR141C,YPL016W,0,-7.678936,0.20595799386501312,0.9610000252723694,0.37049999833106995
YOL051W,YDR079C-A,0,-7.679086,0.20591385662555695,0.9610000252723694,0.37059998512268066
YJL071W,YLR295C,0,-7.6795216,0.20586974918842316,0.9610000252723694,0.37070000171661377
YOR018W,YDR334W,0,-7.6799374,0.20582565665245056,0.9610000252723694,0.3707999885082245
YGL044C,YPL085W,0,-7.680135,0.20578157901763916,0.9610000252723694,0.3709000051021576
YPR049C,YNL223W,0,-7.680206,0.20573753118515015,0.9610000252723694,0.3709999918937683
YJR132W,YDL038C,0,-7.6803274,0.20569349825382233,0.9610000252723694,0.3711000084877014
YML130C,YBR214W,0,-7.6803865,0.2056494802236557,0.9610000252723694,0.37119999527931213
YHR157W,YBR293W,0,-7.6807613,0.20560547709465027,0.9610000252723694,0.37130001187324524
YHR108W,YBR100W,0,-7.680781,0.20556150376796722,0.9610000252723694,0.37139999866485596
YGL071W,YLR292C,0,-7.68085,0.20551753044128418,0.9610000252723694,0.3714999854564667
YPL228W,YNL294C,0,-7.6808796,0.20547358691692352,0.9610000252723694,0.3716000020503998
YPL061W,YPL084W,0,-7.6810045,0.20542967319488525,0.9610000252723694,0.3716999888420105
YNL055C,YPR121W,0,-7.681025,0.20538575947284698,0.9610000252723694,0.3718000054359436
YGL096W,YPL283C,0,-7.6812816,0.2053418755531311,0.9610000252723694,0.3718999922275543
YIR023W,YLL003W,0,-7.6815624,0.20529800653457642,0.9610000252723694,0.3720000088214874
YBL056W,YFL059W,0,-7.681605,0.20525416731834412,0.9610000252723694,0.37209999561309814
YOL042W,YDR473C,0,-7.681684,0.20521032810211182,0.9610000252723694,0.37220001220703125
YDR168W,YPL283C,0,-7.6818137,0.2051665186882019,0.9610000252723694,0.37229999899864197
YCL011C,YJL222W,0,-7.682725,0.20512273907661438,0.9610000252723694,0.3723999857902527
YFR009W,YBL046W,0,-7.6830544,0.20507895946502686,0.9610000252723694,0.3725000023841858
YER159C,YDR077W,0,-7.683166,0.20503520965576172,0.9610000252723694,0.3725999891757965
YGR078C,YBL005W-A,0,-7.6835246,0.20499147474765778,0.9610000252723694,0.3727000057697296
YOL003C,YOR151C,0,-7.68353,0.20494775474071503,0.9610000252723694,0.37279999256134033
YML016C,YPL156C,0,-7.683676,0.20490404963493347,0.9610000252723694,0.37290000915527344
YGR166W,YOR297C,0,-7.684038,0.2048603743314743,0.9610000252723694,0.37299999594688416
YMR078C,YKL144C,0,-7.684302,0.20481671392917633,0.9610000252723694,0.37310001254081726
YLR115W,YPR175W,0,-7.684434,0.20477306842803955,0.9610000252723694,0.373199999332428
YLR115W,YBL005W-B,0,-7.684795,0.20472943782806396,0.9610000252723694,0.3732999861240387
YHR092C,YDR429C,0,-7.6852736,0.20468583703041077,0.9610000252723694,0.3734000027179718
YKL053C-A,YBR117C,0,-7.685505,0.20464225113391876,0.9610000252723694,0.3734999895095825
YER094C,YJL012C,0,-7.6855984,0.20459868013858795,0.9610000252723694,0.3736000061035156
YPL132W,YIR025W,0,-7.685694,0.20455512404441833,0.9610000252723694,0.37369999289512634
YLR226W,YDL236W,0,-7.6859727,0.2045115977525711,0.9610000252723694,0.37380000948905945
YDR171W,YGR244C,0,-7.6865788,0.20446808636188507,0.9610000252723694,0.37389999628067017
YER014C-A,YNL055C,0,-7.686718,0.20442458987236023,0.9610000252723694,0.37400001287460327
YLL027W,YCR073C,0,-7.6870604,0.20438110828399658,0.9610000252723694,0.374099999666214
YPL084W,YPL254W,0,-7.687437,0.20433765649795532,0.9610000252723694,0.3741999864578247
YPL125W,YKL038W,0,-7.687995,0.20429421961307526,0.9610000252723694,0.3743000030517578
YDR244W,YOR157C,0,-7.688219,0.20425079762935638,0.9610000252723694,0.37439998984336853
YBR040W,YOR178C,0,-7.688262,0.2042073905467987,0.9610000252723694,0.37450000643730164
YDR123C,YNL047C,0,-7.688487,0.20416401326656342,0.9610000252723694,0.37459999322891235
YER065C,YEL002C,0,-7.6885004,0.20412065088748932,0.9610000252723694,0.37470000982284546
YPL228W,YPR124W,0,-7.688611,0.20407730340957642,0.9610000252723694,0.3747999966144562
YOL165C,YJL113W,0,-7.6890616,0.2040339708328247,0.9610000252723694,0.3749000132083893
YNL130C,YML128C,0,-7.689594,0.2039906531572342,0.9610000252723694,0.375
YAL055W,YJR044C,0,-7.689731,0.20394736528396606,0.9610000252723694,0.3750999867916107
YHR183W,YNR031C,0,-7.6898117,0.20390409231185913,0.9610000252723694,0.3752000033855438
YOR334W,YDR464W,0,-7.690218,0.2038608342409134,0.9610000252723694,0.37529999017715454
YDR288W,YDL130W,0,-7.6902337,0.20381760597229004,0.9610000252723694,0.37540000677108765
YBL078C,YLR136C,0,-7.690472,0.2037743777036667,0.9610000252723694,0.37549999356269836
YDR375C,YKL200C,0,-7.6904736,0.20373117923736572,0.9610000252723694,0.37560001015663147
YPL119C,YOR353C,0,-7.6905336,0.20368801057338715,0.9610000252723694,0.3756999969482422
YMR156C,YJL045W,0,-7.6906195,0.20364484190940857,0.9610000252723694,0.3758000135421753
YGL251C,YJL186W,0,-7.6911755,0.2036016881465912,0.9610000252723694,0.375900000333786
YJL164C,YDR092W,0,-7.691936,0.2035585641860962,0.9610000252723694,0.37599998712539673
YDR137W,YJL140W,0,-7.6922483,0.2035154551267624,0.9610000252723694,0.37610000371932983
YJL058C,YLR181C,0,-7.6924634,0.20347237586975098,0.9610000252723694,0.37619999051094055
YOR368W,YML085C,0,-7.6939497,0.20342929661273956,0.9610000252723694,0.37630000710487366
YJL080C,YDL190C,0,-7.6939797,0.20338624715805054,0.9610000252723694,0.3763999938964844
YBR236C,YLR067C,0,-7.694099,0.2033432126045227,0.9610000252723694,0.3765000104904175
YPR128C,YDL028C,0,-7.694338,0.20330019295215607,0.9610000252723694,0.3765999972820282
YPR111W,YOR372C,0,-7.6944036,0.20325718820095062,0.9610000252723694,0.3767000138759613
YPR112C,YMR117C,0,-7.6944685,0.20321421325206757,0.9610000252723694,0.376800000667572
YDR375C,YJL029C,0,-7.694812,0.2031712532043457,0.9610000252723694,0.37689998745918274
YDR512C,YHR090C,0,-7.694826,0.20312830805778503,0.9610000252723694,0.37700000405311584
YPR049C,YNL001W,0,-7.696148,0.20308537781238556,0.9610000252723694,0.37709999084472656
YIR013C,YHR072W-A,0,-7.6962833,0.20304246246814728,0.9610000252723694,0.37720000743865967
YKR039W,YNL082W,0,-7.6969395,0.20299957692623138,0.9610000252723694,0.3772999942302704
YMR192W,YNR052C,0,-7.6982865,0.20295670628547668,0.9610000252723694,0.3774000108242035
YNR053C,YKR090W,0,-7.6985254,0.20291385054588318,0.9610000252723694,0.3774999976158142
YOR237W,YDR201W,0,-7.698567,0.20287100970745087,0.9610000252723694,0.3776000142097473
YNR019W,YIL048W,0,-7.6986375,0.20282819867134094,0.9610000252723694,0.37770000100135803
YJL127C,YGL097W,0,-7.6986647,0.2027854025363922,0.9610000252723694,0.37779998779296875
YGR253C,YOR083W,0,-7.699422,0.20274262130260468,0.9610000252723694,0.37790000438690186
YOR174W,YDR472W,0,-7.699544,0.20269985496997833,0.9610000252723694,0.3779999911785126
YER030W,YMR290C,0,-7.7006154,0.20265710353851318,0.9610000252723694,0.3781000077724457
YDR473C,YER120W,0,-7.7007008,0.20261438190937042,0.9610000252723694,0.3781999945640564
YCR020C-A,YMR006C,0,-7.7008343,0.20257167518138885,0.9610000252723694,0.3783000111579895
YLR032W,YOR162C,0,-7.701056,0.20252898335456848,0.9610000252723694,0.3783999979496002
YGR147C,YOR191W,0,-7.701938,0.2024863064289093,0.9610000252723694,0.3785000145435333
YLR429W,YDR427W,0,-7.702386,0.20244364440441132,0.9610000252723694,0.37860000133514404
YPR112C,YGL067W,0,-7.7024193,0.20240101218223572,0.9610000252723694,0.37869998812675476
YAL024C,YGR296W,0,-7.702773,0.2023583948612213,0.9610000252723694,0.37880000472068787
YOR033C,YBR198C,0,-7.7032223,0.2023157924413681,0.9610000252723694,0.3788999915122986
YML027W,YKL126W,0,-7.7035656,0.2022732049226761,0.9610000252723694,0.3790000081062317
YBR131W,YMR186W,0,-7.703841,0.20223063230514526,0.9610000252723694,0.3790999948978424
YDR421W,YLR032W,0,-7.703972,0.20218808948993683,0.9610000252723694,0.3792000114917755
YIR004W,YHR164C,0,-7.7041283,0.2021455615758896,0.9610000252723694,0.37929999828338623
YNL042W,YDR168W,0,-7.704582,0.20210304856300354,0.9610000252723694,0.37940001487731934
YOR112W,YLR051C,0,-7.7047744,0.2020605504512787,0.9610000252723694,0.37950000166893005
YGR286C,YMR008C,0,-7.7051334,0.20201808214187622,0.9610000252723694,0.37959998846054077
YBR286W,YOR191W,0,-7.7051578,0.20197561383247375,0.9610000252723694,0.3797000050544739
YDR078C,YGR047C,0,-7.705175,0.20193317532539368,0.9610000252723694,0.3797999918460846
YGL028C,YBR254C,0,-7.705285,0.2018907517194748,0.9610000252723694,0.3799000084400177
YBL084C,YLR386W,0,-7.7059693,0.2018483579158783,0.9610000252723694,0.3799999952316284
YKL045W,YJL036W,0,-7.7069287,0.2018059641122818,0.9610000252723694,0.3801000118255615
YHL031C,YBR121C,0,-7.7070103,0.2017636001110077,0.9610000252723694,0.38019999861717224
YBR058C,YKR014C,0,-7.707505,0.20172123610973358,0.9610000252723694,0.38029998540878296
YGL054C,YOR259C,0,-7.707634,0.20167890191078186,0.9610000252723694,0.38040000200271606
YML095C,YER162C,0,-7.7077103,0.20163659751415253,0.9610000252723694,0.3804999887943268
YKL058W,YEL012W,0,-7.7082486,0.2015942931175232,0.9610000252723694,0.3806000053882599
YLR014C,YPL094C,0,-7.709703,0.20155201852321625,0.9610000252723694,0.3806999921798706
YDR141C,YKL201C,0,-7.710053,0.2015097439289093,0.9610000252723694,0.3808000087738037
YGL018C,YPL140C,0,-7.7100534,0.20146749913692474,0.9610000252723694,0.38089999556541443
YIR021W,YFR004W,0,-7.7101517,0.20142528414726257,0.9610000252723694,0.38100001215934753
YNL126W,YLR301W,0,-7.7102265,0.2013830691576004,0.9610000252723694,0.38109999895095825
YCL003W,YBR169C,0,-7.710361,0.20134086906909943,0.9610000252723694,0.38119998574256897
YML086C,YDL190C,0,-7.710363,0.20129869878292084,0.9610000252723694,0.3813000023365021
YLR131C,YER118C,0,-7.710799,0.20125654339790344,0.9610000252723694,0.3813999891281128
YPR199C,YJL013C,0,-7.7108774,0.20121440291404724,0.9610000252723694,0.3815000057220459
YHR091C,YNL091W,0,-7.7110906,0.20117227733135223,0.9610000252723694,0.3815999925136566
YPR201W,YDR206W,0,-7.7114124,0.20113018155097961,0.9610000252723694,0.3817000091075897
YDR369C,YML027W,0,-7.711458,0.2010881006717682,0.9610000252723694,0.38179999589920044
YGL005C,YIL135C,0,-7.7114787,0.20104601979255676,0.9610000252723694,0.38190001249313354
YEL017C-A,YPL130W,0,-7.711491,0.20100396871566772,0.9610000252723694,0.38199999928474426
YHR165C,YOR191W,0,-7.7115836,0.20096194744110107,0.9610000252723694,0.382099986076355
YLR361C,YLR182W,0,-7.71249,0.20091992616653442,0.9610000252723694,0.3822000026702881
YOL115W,YDL038C,0,-7.712978,0.20087791979312897,0.9610000252723694,0.3822999894618988
YOR117W,YPL180W,0,-7.7129984,0.2008359432220459,0.9610000252723694,0.3824000060558319
YNR052C,YDR400W,0,-7.7132597,0.20079398155212402,0.9610000252723694,0.3824999928474426
YLR129W,YDR145W,0,-7.7133904,0.20075203478336334,0.9610000252723694,0.38260000944137573
YBL045C,YER162C,0,-7.7138066,0.20071010291576385,0.9610000252723694,0.38269999623298645
YKL176C,YBL022C,0,-7.7142735,0.20066820085048676,0.9610000252723694,0.38280001282691956
YOR211C,YNL313C,0,-7.714395,0.20062629878520966,0.9610000252723694,0.3828999996185303
YBR057C,YKL006C-A,0,-7.714587,0.20058442652225494,0.9610000252723694,0.382999986410141
YOL082W,YCR028C-A,0,-7.7148914,0.20054256916046143,0.9610000252723694,0.3831000030040741
YPL049C,YJR029W,0,-7.714921,0.2005007266998291,0.9610000252723694,0.3831999897956848
YGL251C,YHR050W,0,-7.7150784,0.20045891404151917,0.9610000252723694,0.3833000063896179
YOR354C,YKL141W,0,-7.71568,0.20041710138320923,0.9610000252723694,0.38339999318122864
YIL009C-A,YER029C,0,-7.7156997,0.20037531852722168,0.9610000252723694,0.38350000977516174
YLR056W,YOR295W,0,-7.7157288,0.20033353567123413,0.9610000252723694,0.38359999656677246
YJL204C,YJR104C,0,-7.7163825,0.20029178261756897,0.9610000252723694,0.38370001316070557
YOL005C,YNL126W,0,-7.716418,0.2002500593662262,0.9610000252723694,0.3837999999523163
YFR019W,YGL255W,0,-7.7164416,0.20020833611488342,0.9610000252723694,0.383899986743927
YER062C,YKL140W,0,-7.716636,0.20016662776470184,0.9610000252723694,0.3840000033378601
YGL240W,YBL003C,0,-7.716949,0.20012494921684265,0.9610000252723694,0.3840999901294708
YGR072W,YPL041C,0,-7.717064,0.20008328557014465,0.9610000252723694,0.38420000672340393
YNL199C,YOL101C,0,-7.717972,0.20004163682460785,0.9610000252723694,0.38429999351501465
YPR031W,YJL168C,0,-7.719161,0.20000000298023224,0.9610000252723694,0.38440001010894775
YDR113C,YPR074C,0,-7.719172,0.19995838403701782,0.9610000252723694,0.38449999690055847
YER083C,YNL231C,0,-7.7195334,0.1999167948961258,0.9610000252723694,0.3846000134944916
YIL160C,YDR392W,0,-7.7198133,0.19987520575523376,0.9610000252723694,0.3847000002861023
YMR032W,YGL162W,0,-7.7202587,0.19983364641666412,0.9610000252723694,0.384799987077713
YIL018W,YKL108W,0,-7.7209105,0.19979210197925568,0.9610000252723694,0.3849000036716461
YOR130C,YIL173W,0,-7.720998,0.19975057244300842,0.9610000252723694,0.38499999046325684
YNL236W,YMR293C,0,-7.721448,0.19970905780792236,0.9610000252723694,0.38510000705718994
YGL130W,YPR168W,0,-7.7214575,0.1996675729751587,0.9610000252723694,0.38519999384880066
YKL135C,YPL087W,0,-7.7220063,0.19962608814239502,0.9610000252723694,0.38530001044273376
YOR288C,YML059C,0,-7.722182,0.19958463311195374,0.9610000252723694,0.3853999972343445
YMR083W,YMR287C,0,-7.722326,0.19954319298267365,0.9610000252723694,0.3855000138282776
YMR015C,YNL310C,0,-7.7223506,0.19950176775455475,0.9610000252723694,0.3856000006198883
YHR205W,YMR046C,0,-7.7225275,0.19946035742759705,0.9610000252723694,0.385699987411499
YOR351C,YHR172W,0,-7.7225366,0.19941896200180054,0.9610000252723694,0.38580000400543213
YHR183W,YDL111C,0,-7.7228017,0.19937759637832642,0.9610000252723694,0.38589999079704285
YPR008W,YLR097C,0,-7.723139,0.1993362307548523,0.9610000252723694,0.38600000739097595
YDL097C,YGR002C,0,-7.7233305,0.19929489493370056,0.9610000252723694,0.38609999418258667
YBR179C,YCR012W,0,-7.723406,0.19925357401371002,0.9610000252723694,0.3862000107765198
YPL187W,YMR229C,0,-7.723866,0.19921226799488068,0.9610000252723694,0.3862999975681305
YOR315W,YEL031W,0,-7.7239637,0.19917099177837372,0.9610000252723694,0.3864000141620636
YPL098C,YJR120W,0,-7.7242365,0.19912971556186676,0.9610000252723694,0.3865000009536743
YLR013W,YOR008C,0,-7.724329,0.199088454246521,0.9610000252723694,0.38659998774528503
YDR005C,YOR363C,0,-7.724476,0.19904722273349762,0.9610000252723694,0.38670000433921814
YMR023C,YDL020C,0,-7.7252192,0.19900600612163544,0.9610000252723694,0.38679999113082886
YNL059C,YAL055W,0,-7.7259765,0.19896480441093445,0.9610000252723694,0.38690000772476196
YLR231C,YER105C,0,-7.7260084,0.19892361760139465,0.9610000252723694,0.3869999945163727
YFR027W,YPL155C,0,-7.7267447,0.19888244569301605,0.9610000252723694,0.3871000111103058
YKL185W,YNL145W,0,-7.7268615,0.19884130358695984,0.9610000252723694,0.3871999979019165
YHL025W,YNR031C,0,-7.726884,0.19880016148090363,0.9610000252723694,0.3873000144958496
YDL209C,YFR055W,0,-7.727281,0.1987590491771698,0.9610000252723694,0.3874000012874603
YMR168C,YGL025C,0,-7.7280884,0.19871795177459717,0.9610000252723694,0.38749998807907104
YKL035W,YJR120W,0,-7.72826,0.19867686927318573,0.9610000252723694,0.38760000467300415
YML036W,YMR316W,0,-7.728325,0.19863580167293549,0.9610000252723694,0.38769999146461487
YJL024C,YCR024C-A,0,-7.728745,0.19859474897384644,0.9610000252723694,0.387800008058548
YBR288C,YNL247W,0,-7.729664,0.19855372607707977,0.9610000252723694,0.3878999948501587
YPR178W,YBR223C,0,-7.7297964,0.1985127031803131,0.9610000252723694,0.3880000114440918
YGL144C,YHR014W,0,-7.7298512,0.19847171008586884,0.9610000252723694,0.3880999982357025
YHR075C,YAR003W,0,-7.729991,0.19843073189258575,0.9610000252723694,0.3882000148296356
YLR098C,YML046W,0,-7.7302294,0.19838975369930267,0.9610000252723694,0.38830000162124634
YDL031W,YGR220C,1,-7.7303476,0.19855521619319916,0.9620000123977661,0.38830000162124634
YGL252C,YMR088C,0,-7.730437,0.19851423799991608,0.9620000123977661,0.38839998841285706
YOR067C,YOR026W,0,-7.7304435,0.19847328960895538,0.9620000123977661,0.38850000500679016
YOR085W,YPL212C,0,-7.730644,0.1984323412179947,0.9620000123977661,0.3885999917984009
YCR106W,YNL257C,0,-7.730994,0.19839142262935638,0.9620000123977661,0.388700008392334
YDR252W,YNL173C,0,-7.7310405,0.19835051894187927,0.9620000123977661,0.3887999951839447
YOL145C,YGR251W,0,-7.7314477,0.19830963015556335,0.9620000123977661,0.3889000117778778
YML081C-A,YLR190W,0,-7.73186,0.19826875627040863,0.9620000123977661,0.3889999985694885
YDR436W,YML076C,0,-7.731978,0.1982278972864151,0.9620000123977661,0.38909998536109924
YLR216C,YLL041C,0,-7.732513,0.19818706810474396,0.9620000123977661,0.38920000195503235
YBR040W,YLR291C,0,-7.732559,0.19814623892307281,0.9620000123977661,0.38929998874664307
YDL078C,YOR338W,0,-7.732563,0.19810543954372406,0.9620000123977661,0.38940000534057617
YMR172W,YGL135W,0,-7.7329497,0.1980646550655365,0.9620000123977661,0.3894999921321869
YNL123W,YML052W,0,-7.7330084,0.19802388548851013,0.9620000123977661,0.38960000872612
YGL191W,YHL020C,0,-7.7332745,0.19798313081264496,0.9620000123977661,0.3896999955177307
YPL069C,YOR259C,0,-7.733309,0.19794239103794098,0.9620000123977661,0.3898000121116638
YBR114W,YEL057C,0,-7.734924,0.1979016661643982,0.9620000123977661,0.38989999890327454
YLR098C,YLR033W,0,-7.7349386,0.1978609561920166,0.9620000123977661,0.38999998569488525
YOL090W,YMR053C,0,-7.7349753,0.1978202760219574,0.9620000123977661,0.39010000228881836
YDR435C,YER129W,0,-7.735583,0.1977796107530594,0.9620000123977661,0.3901999890804291
YJL095W,YNL247W,0,-7.735594,0.19773894548416138,0.9620000123977661,0.3903000056743622
YLR370C,YPL007C,0,-7.7360773,0.19769831001758575,0.9620000123977661,0.3903999924659729
YER020W,YKR061W,0,-7.7362933,0.19765768945217133,0.9620000123977661,0.390500009059906
YLR216C,YIR019C,0,-7.736503,0.1976170837879181,0.9620000123977661,0.3905999958515167
YGR030C,YLR313C,0,-7.736548,0.19757650792598724,0.9620000123977661,0.39070001244544983
YDL231C,YPL084W,0,-7.736603,0.1975359320640564,0.9620000123977661,0.39079999923706055
YFL039C,YNL177C,0,-7.7371774,0.19749538600444794,0.9620000123977661,0.39089998602867126
YPL164C,YLR136C,0,-7.737252,0.19745483994483948,0.9620000123977661,0.39100000262260437
YNL082W,YLR396C,0,-7.7372837,0.1974143236875534,0.9620000123977661,0.3910999894142151
YGR246C,YJR156C,0,-7.737426,0.19737382233142853,0.9620000123977661,0.3912000060081482
YLR129W,YKL108W,0,-7.7381625,0.19733333587646484,0.9620000123977661,0.3912999927997589
YBR272C,YDR306C,0,-7.7383976,0.19729286432266235,0.9620000123977661,0.391400009393692
YIL132C,YGL245W,0,-7.7387247,0.19725240767002106,0.9620000123977661,0.39149999618530273
YHR118C,YLR442C,0,-7.7391605,0.19721196591854095,0.9620000123977661,0.39160001277923584
YER159C,YGL144C,0,-7.7396283,0.19717155396938324,0.9620000123977661,0.39169999957084656
YDR353W,YAL002W,0,-7.7396393,0.19713114202022552,0.9620000123977661,0.3917999863624573
YKL008C,YPL022W,0,-7.739642,0.1970907598733902,0.9620000123977661,0.3919000029563904
YPR120C,YLR265C,0,-7.739846,0.19705039262771606,0.9620000123977661,0.3919999897480011
YMR213W,YDR017C,0,-7.739856,0.19701004028320312,0.9620000123977661,0.3921000063419342
YNL001W,YBR196C,0,-7.74019,0.19696970283985138,0.9620000123977661,0.3921999931335449
YOL054W,YKL119C,0,-7.740267,0.19692938029766083,0.9620000123977661,0.392300009727478
YBR244W,YGR274C,0,-7.7403607,0.19688907265663147,0.9620000123977661,0.39239999651908875
YHR066W,YML025C,1,-7.740648,0.19705340266227722,0.9629999995231628,0.39239999651908875
YJL071W,YDR201W,0,-7.7407675,0.19701309502124786,0.9629999995231628,0.39250001311302185
YNL117W,YGR047C,0,-7.7408986,0.1969728022813797,0.9629999995231628,0.39259999990463257
YEL069C,YDR103W,0,-7.7409306,0.19693250954151154,0.9629999995231628,0.3926999866962433
YNL242W,YPR055W,0,-7.7410073,0.19689224660396576,0.9629999995231628,0.3928000032901764
YDR175C,YBR111W-A,0,-7.7413692,0.19685199856758118,0.9629999995231628,0.3928999900817871
YHR062C,YGR099W,0,-7.7420635,0.1968117654323578,0.9629999995231628,0.3930000066757202
YCR047C,YKL017C,0,-7.742254,0.1967715620994568,0.9629999995231628,0.39309999346733093
YHR059W,YOL090W,0,-7.7425756,0.1967313587665558,0.9629999995231628,0.39320001006126404
YIL062C,YCR026C,0,-7.742879,0.19669117033481598,0.9629999995231628,0.39329999685287476
YDR254W,YIL101C,0,-7.7438912,0.19665101170539856,0.9629999995231628,0.39340001344680786
YDL160C,YDL024C,0,-7.7442226,0.19661086797714233,0.9629999995231628,0.3935000002384186
YCR088W,YHR014W,0,-7.7444468,0.1965707242488861,0.9629999995231628,0.3935999870300293
YHR081W,YPR168W,0,-7.744464,0.19653061032295227,0.9629999995231628,0.3937000036239624
YER105C,YDR045C,0,-7.7448487,0.19649051129817963,0.9629999995231628,0.3937999904155731
YLL038C,YFR037C,0,-7.7455196,0.19645042717456818,0.9629999995231628,0.3939000070095062
YOR257W,YER171W,0,-7.7455606,0.19641035795211792,0.9629999995231628,0.39399999380111694
YLR109W,YBR020W,0,-7.746376,0.19637030363082886,0.9629999995231628,0.39410001039505005
YDR130C,YHL025W,0,-7.746407,0.19633027911186218,0.9629999995231628,0.39419999718666077
YKL008C,YLR301W,0,-7.7466955,0.1962902545928955,0.9629999995231628,0.39430001378059387
YPR175W,YDR170C,0,-7.747263,0.19625025987625122,0.9629999995231628,0.3944000005722046
YOR237W,YNL206C,0,-7.7474585,0.19621026515960693,0.9629999995231628,0.3944999873638153
YGR244C,YNL046W,0,-7.748067,0.19617030024528503,0.9629999995231628,0.3946000039577484
YNL278W,YER104W,0,-7.748166,0.19613035023212433,0.9629999995231628,0.39469999074935913
YBR286W,YHR183W,0,-7.7483478,0.19609041512012482,0.9629999995231628,0.39480000734329224
YPR144C,YBL051C,0,-7.748412,0.1960504949092865,0.9629999995231628,0.39489999413490295
YLR088W,YKL059C,0,-7.748435,0.19601058959960938,0.9629999995231628,0.39500001072883606
YGR252W,YNR049C,0,-7.7491145,0.19597069919109344,0.9629999995231628,0.3950999975204468
YBL013W,YJL054W,0,-7.7492504,0.1959308236837387,0.9629999995231628,0.3952000141143799
YER042W,YLR321C,0,-7.7493596,0.19589096307754517,0.9629999995231628,0.3953000009059906
YDL090C,YNL243W,0,-7.74961,0.195851132273674,0.9629999995231628,0.3953999876976013
YDR512C,YHR079C-B,0,-7.749646,0.19581130146980286,0.9629999995231628,0.3955000042915344
YJL146W,YDR490C,0,-7.749745,0.1957715004682541,0.9629999995231628,0.39559999108314514
YLR427W,YDL040C,0,-7.7497783,0.19573171436786652,0.9629999995231628,0.39570000767707825
YAL035W,YGL033W,0,-7.7498674,0.19569192826747894,0.9629999995231628,0.39579999446868896
YOR253W,YGL046W,0,-7.7506742,0.19565217196941376,0.9629999995231628,0.39590001106262207
YGL033W,YLR167W,0,-7.7514963,0.19561243057250977,0.9629999995231628,0.3959999978542328
YMR211W,YNR032C-A,0,-7.7515993,0.19557270407676697,0.9629999995231628,0.3961000144481659
YPL119C,YML045W,0,-7.751672,0.19553299248218536,0.9629999995231628,0.3962000012397766
YDR038C,YNL079C,0,-7.7519574,0.19549329578876495,0.9629999995231628,0.39629998803138733
YGR254W,YJL106W,0,-7.7520027,0.19545362889766693,0.9629999995231628,0.39640000462532043
YHR004C,YLR328W,0,-7.752313,0.1954139620065689,0.9629999995231628,0.39649999141693115
YNL172W,YBL005W-A,0,-7.7523975,0.19537431001663208,0.9629999995231628,0.39660000801086426
YBR130C,YDR489W,0,-7.7526274,0.19533468782901764,0.9629999995231628,0.396699994802475
YDL022W,YCL020W,0,-7.752779,0.1952950656414032,0.9629999995231628,0.3968000113964081
YIL098C,YML010W,0,-7.7528605,0.19525547325611115,0.9629999995231628,0.3968999981880188
YDR270W,YOR380W,0,-7.7530026,0.19521589577198029,0.9629999995231628,0.3970000147819519
YDR288W,YAR031W,0,-7.7531013,0.19517633318901062,0.9629999995231628,0.3971000015735626
YJL209W,YGR212W,0,-7.753191,0.19513678550720215,0.9629999995231628,0.39719998836517334
YBL069W,YOR084W,0,-7.753407,0.19509723782539368,0.9629999995231628,0.39730000495910645
YNL231C,YAL055W,0,-7.753666,0.1950577199459076,0.9629999995231628,0.39739999175071716
YJR132W,YDR170W-A,0,-7.7540026,0.1950182318687439,0.9629999995231628,0.39750000834465027
YMR299C,YBL064C,0,-7.75406,0.1949787437915802,0.9629999995231628,0.397599995136261
YDR503C,YLR354C,0,-7.7542763,0.1949392706155777,0.9629999995231628,0.3977000117301941
YHR166C,YOR332W,0,-7.7544594,0.1948998123407364,0.9629999995231628,0.3977999985218048
YPL178W,YOR043W,0,-7.754573,0.19486038386821747,0.9629999995231628,0.3978999853134155
YCL012W,YGL210W,0,-7.7546687,0.19482095539569855,0.9629999995231628,0.39800000190734863
YNL059C,YML076C,0,-7.7547755,0.19478155672550201,0.9629999995231628,0.39809998869895935
YNR007C,YPR078C,0,-7.7549944,0.19474215805530548,0.9629999995231628,0.39820000529289246
YJL166W,YJR052W,0,-7.755002,0.19470278918743134,0.9629999995231628,0.3982999920845032
YGL021W,YNL098C,0,-7.755215,0.19466343522071838,0.9629999995231628,0.3984000086784363
YLR085C,YPR031W,0,-7.7556767,0.19462409615516663,0.9629999995231628,0.398499995470047
YIR004W,YBL051C,0,-7.7557635,0.19458477199077606,0.9629999995231628,0.3986000120639801
YEL063C,YOR173W,0,-7.756168,0.1945454478263855,0.9629999995231628,0.3986999988555908
YAL013W,YDL148C,0,-7.756319,0.19450615346431732,0.9629999995231628,0.39879998564720154
YCL052C,YDR362C,0,-7.756858,0.19446688890457153,0.9629999995231628,0.39890000224113464
YDL106C,YDR259C,0,-7.758232,0.19442762434482574,0.9629999995231628,0.39899998903274536
YER044C-A,YBR084W,0,-7.7582865,0.19438837468624115,0.9629999995231628,0.39910000562667847
YHR089C,YDL108W,0,-7.758399,0.19434913992881775,0.9629999995231628,0.3991999924182892
YIL073C,YHR090C,0,-7.7591505,0.19430992007255554,0.9629999995231628,0.3993000090122223
YFL031W,YOR084W,0,-7.759218,0.19427073001861572,0.9629999995231628,0.399399995803833
YNL283C,YFL038C,0,-7.759924,0.1942315399646759,0.9629999995231628,0.3995000123977661
YKR067W,YPR168W,0,-7.7603207,0.19419237971305847,0.9629999995231628,0.39959999918937683
YPR178W,YBL075C,0,-7.7606125,0.19415321946144104,0.9629999995231628,0.39969998598098755
YGR056W,YCR067C,0,-7.760616,0.194114089012146,0.9629999995231628,0.39980000257492065
YJL031C,YHR107C,0,-7.7607055,0.19407497346401215,0.9629999995231628,0.39989998936653137
YPR162C,YDR077W,0,-7.760972,0.1940358728170395,0.9629999995231628,0.4000000059604645
YIL098C,YNL169C,0,-7.76099,0.19399677217006683,0.9629999995231628,0.4000999927520752
YIR002C,YNR043W,0,-7.761014,0.19395770132541656,0.9629999995231628,0.4002000093460083
YIL026C,YLR208W,0,-7.7612543,0.1939186453819275,0.9629999995231628,0.400299996137619
YJL058C,YJL073W,0,-7.761452,0.1938796043395996,0.9629999995231628,0.4004000127315521
YKL060C,YMR145C,0,-7.761454,0.19384057819843292,0.9629999995231628,0.40049999952316284
YAL035W,YDR079C-A,0,-7.7625837,0.19380156695842743,0.9629999995231628,0.40059998631477356
YPR007C,YKL126W,0,-7.7631416,0.19376257061958313,0.9629999995231628,0.40070000290870667
YGR267C,YKR072C,0,-7.7634974,0.19372360408306122,0.9629999995231628,0.4007999897003174
YIL035C,YDR225W,0,-7.7637434,0.1936846375465393,0.9629999995231628,0.4009000062942505
YPL267W,YGR075C,0,-7.7641215,0.1936456859111786,0.9629999995231628,0.4009999930858612
YPL083C,YBR294W,0,-7.764282,0.19360674917697906,0.9629999995231628,0.4011000096797943
YER166W,YLR096W,0,-7.764471,0.19356784224510193,0.9629999995231628,0.40119999647140503
YKL188C,YGR042W,0,-7.765256,0.1935289353132248,0.9629999995231628,0.40130001306533813
YBR055C,YMR039C,0,-7.7655325,0.19349005818367004,0.9629999995231628,0.40139999985694885
YNL264C,YMR133W,0,-7.765596,0.1934511810541153,0.9629999995231628,0.40149998664855957
YOL145C,YOL095C,0,-7.7657795,0.19341233372688293,0.9629999995231628,0.4016000032424927
YAR002W,YDR146C,0,-7.765786,0.19337350130081177,0.9629999995231628,0.4016999900341034
YAL021C,YKR065C,0,-7.765834,0.1933346688747406,0.9629999995231628,0.4018000066280365
YDR363W,YDL092W,0,-7.767674,0.19329586625099182,0.9629999995231628,0.4018999934196472
YNL192W,YBR284W,0,-7.768311,0.19325707852840424,0.9629999995231628,0.4020000100135803
YPR141C,YPL180W,0,-7.768548,0.19321830570697784,0.9629999995231628,0.40209999680519104
YDR162C,YHL007C,0,-7.7693396,0.19317953288555145,0.9629999995231628,0.40220001339912415
YDL226C,YKL138C-A,0,-7.769705,0.19314078986644745,0.9629999995231628,0.40230000019073486
YFL039C,YLR181C,0,-7.7697415,0.19310206174850464,0.9629999995231628,0.4023999869823456
YNL227C,YGR220C,1,-7.7701344,0.19326382875442505,0.9639999866485596,0.4023999869823456
YDL174C,YER107C,0,-7.770445,0.19322510063648224,0.9639999866485596,0.4025000035762787
YMR164C,YGL137W,0,-7.770524,0.19318637251853943,0.9639999866485596,0.4025999903678894
YOR157C,YNL334C,0,-7.770816,0.1931476593017578,0.9639999866485596,0.4027000069618225
YGR140W,YJL073W,0,-7.770934,0.19310897588729858,0.9639999866485596,0.4027999937534332
YML086C,YNL090W,0,-7.770997,0.19307029247283936,0.9639999866485596,0.40290001034736633
YDR022C,YML085C,0,-7.7711167,0.19303163886070251,0.9639999866485596,0.40299999713897705
YBR022W,YPR056W,0,-7.771433,0.19299300014972687,0.9639999866485596,0.40310001373291016
YPR171W,YNL135C,0,-7.7714515,0.19295436143875122,0.9639999866485596,0.4032000005245209
YLR427W,YOL143C,0,-7.771861,0.19291575253009796,0.9639999866485596,0.4032999873161316
YDR437W,YBL100W-A,0,-7.772044,0.1928771436214447,0.9639999866485596,0.4034000039100647
YJR084W,YOL026C,0,-7.772175,0.19283856451511383,0.9639999866485596,0.4034999907016754
YJR105W,YLR330W,0,-7.772208,0.19280000030994415,0.9639999866485596,0.4036000072956085
YOR048C,YDR164C,0,-7.7724953,0.19276145100593567,0.9639999866485596,0.40369999408721924
YCR002C,YPL152W,0,-7.772644,0.19272291660308838,0.9639999866485596,0.40380001068115234
YIL150C,YOR008C,0,-7.7726517,0.1926843822002411,0.9639999866485596,0.40389999747276306
YJL099W,YAL055W,0,-7.7727184,0.1926458775997162,0.9639999866485596,0.40400001406669617
YGR199W,YPL065W,0,-7.7734385,0.19260738790035248,0.9639999866485596,0.4041000008583069
YER019C-A,YHR098C,0,-7.7738504,0.19256891310214996,0.9639999866485596,0.4041999876499176
YPL271W,YER112W,0,-7.774522,0.19253045320510864,0.9639999866485596,0.4043000042438507
YJL019W,YGR095C,0,-7.7745614,0.19249200820922852,0.9639999866485596,0.4043999910354614
YOR317W,YDR219C,0,-7.77544,0.19245357811450958,0.9639999866485596,0.40450000762939453
YDR168W,YLR033W,0,-7.7756176,0.19241516292095184,0.9639999866485596,0.40459999442100525
YMR014W,YJL204C,0,-7.775632,0.1923767775297165,0.9639999866485596,0.40470001101493835
YGR163W,YBR196C,0,-7.7758226,0.19233839213848114,0.9639999866485596,0.4047999978065491
YKL185W,YJL063C,0,-7.776086,0.19230002164840698,0.9639999866485596,0.4049000144004822
YHL025W,YNR064C,0,-7.7763515,0.19226166605949402,0.9639999866485596,0.4050000011920929
YGR278W,YPL016W,0,-7.7765555,0.19222332537174225,0.9639999866485596,0.4050999879837036
YLR391W,YGL168W,0,-7.7765627,0.19218501448631287,0.9639999866485596,0.4052000045776367
YPR122W,YGL241W,0,-7.7770033,0.19214670360088348,0.9639999866485596,0.40529999136924744
YGR157W,YBL064C,0,-7.777581,0.1921084076166153,0.9639999866485596,0.40540000796318054
YLR098C,YMR113W,0,-7.777629,0.1920701265335083,0.9639999866485596,0.40549999475479126
YJL094C,YPL174C,0,-7.7776623,0.1920318752527237,0.9639999866485596,0.40560001134872437
YGL001C,YNL126W,0,-7.7777004,0.1919936239719391,0.9639999866485596,0.4056999981403351
YEL003W,YGL046W,0,-7.77775,0.19195540249347687,0.9639999866485596,0.4058000147342682
YGR116W,YIL135C,0,-7.777965,0.19191718101501465,0.9639999866485596,0.4059000015258789
YPL089C,YGR056W,0,-7.778796,0.19187897443771362,0.9639999866485596,0.4059999883174896
YDR118W,YKL170W,0,-7.778969,0.19184079766273499,0.9639999866485596,0.40610000491142273
YAR018C,YBL088C,0,-7.77898,0.19180262088775635,0.9639999866485596,0.40619999170303345
YLL021W,YLR126C,0,-7.7790575,0.1917644739151001,0.9639999866485596,0.40630000829696655
YER015W,YKR048C,0,-7.779154,0.19172632694244385,0.9639999866485596,0.40639999508857727
YBR070C,YLR266C,0,-7.779859,0.19168820977210999,0.9639999866485596,0.4065000116825104
YPL227C,YDR495C,0,-7.780369,0.19165009260177612,0.9639999866485596,0.4065999984741211
YNR058W,YBL005W-B,0,-7.78041,0.19161200523376465,0.9639999866485596,0.4066999852657318
YBR133C,YJR119C,0,-7.780467,0.19157393276691437,0.9639999866485596,0.4068000018596649
YPL116W,YEL020W-A,0,-7.7805243,0.1915358603000641,0.9639999866485596,0.40689998865127563
YNR072W,YDL020C,0,-7.780577,0.1914978176355362,0.9639999866485596,0.40700000524520874
YLR045C,YDL201W,0,-7.780757,0.1914597749710083,0.9639999866485596,0.40709999203681946
YLR100W,YLR238W,0,-7.780893,0.1914217621088028,0.9639999866485596,0.40720000863075256
YKL141W,YLR386W,0,-7.781158,0.19138376414775848,0.9639999866485596,0.4072999954223633
YLR052W,YNL330C,0,-7.7821355,0.19134576618671417,0.9639999866485596,0.4074000120162964
YMR043W,YBR118W,0,-7.7824783,0.19130779802799225,0.9639999866485596,0.4074999988079071
YBL013W,YML076C,0,-7.7830095,0.19126984477043152,0.9639999866485596,0.4075999855995178
YLR191W,YOR347C,0,-7.7831955,0.1912318915128708,0.9639999866485596,0.4077000021934509
YNL159C,YBL063W,0,-7.783391,0.19119396805763245,0.9639999866485596,0.40779998898506165
YBR193C,YBR057C,0,-7.7837696,0.1911560595035553,0.9639999866485596,0.40790000557899475
YIR006C,YGR296W,0,-7.7840137,0.19111816585063934,0.9639999866485596,0.40799999237060547
YLR254C,YMR008C,0,-7.7840343,0.1910802721977234,0.9639999866485596,0.4081000089645386
YNL257C,YNL012W,0,-7.784322,0.19104240834712982,0.9639999866485596,0.4081999957561493
YNL003C,YLR033W,0,-7.784449,0.19100455939769745,0.9639999866485596,0.4083000123500824
YDR106W,YLR165C,0,-7.784685,0.19096672534942627,0.9639999866485596,0.4083999991416931
YER027C,YPR033C,0,-7.785117,0.1909288913011551,0.9639999866485596,0.40849998593330383
YDR038C,YGR029W,0,-7.785531,0.1908910870552063,0.9639999866485596,0.40860000252723694
YFL024C,YOL090W,0,-7.7865453,0.1908532977104187,0.9639999866485596,0.40869998931884766
YHL047C,YMR065W,0,-7.7869673,0.1908155232667923,0.9639999866485596,0.40880000591278076
YIL124W,YBR205W,0,-7.786969,0.1907777488231659,0.9639999866485596,0.4088999927043915
YOR061W,YOR305W,0,-7.786989,0.19074000418186188,0.9639999866485596,0.4090000092983246
YEL002C,YLR126C,0,-7.787036,0.19070227444171906,0.9639999866485596,0.4090999960899353
YKL185W,YPR088C,0,-7.78712,0.19066455960273743,0.9639999866485596,0.4092000126838684
YAL020C,YGL129C,0,-7.7872486,0.190626859664917,0.9639999866485596,0.4092999994754791
YKL134C,YDL194W,0,-7.7873564,0.19058915972709656,0.9639999866485596,0.40939998626708984
YPL126W,YPL180W,0,-7.7874994,0.1905514895915985,0.9639999866485596,0.40950000286102295
YCR075C,YEL017C-A,0,-7.787547,0.19051383435726166,0.9639999866485596,0.40959998965263367
YOR130C,YOR137C,0,-7.7877493,0.190476194024086,0.9639999866485596,0.4097000062465668
YOL078W,YMR125W,0,-7.7878933,0.19043856859207153,0.9639999866485596,0.4097999930381775
YER017C,YOR085W,0,-7.78804,0.19040094316005707,0.9639999866485596,0.4099000096321106
YLR134W,YLR132C,0,-7.788043,0.190363347530365,0.9639999866485596,0.4099999964237213
YGL089C,YPL011C,0,-7.78827,0.1903257668018341,0.9639999866485596,0.4101000130176544
YFL005W,YFL026W,0,-7.788479,0.19028820097446442,0.9639999866485596,0.41019999980926514
YGR040W,YER129W,0,-7.7886686,0.19025063514709473,0.9639999866485596,0.41029998660087585
YJR108W,YEL009C,0,-7.7887864,0.19021309912204742,0.9639999866485596,0.41040000319480896
YIL065C,YKL045W,0,-7.788926,0.19017557799816132,0.9639999866485596,0.4104999899864197
YLR155C,YGL167C,0,-7.7890368,0.1901380717754364,0.9639999866485596,0.4106000065803528
YLR153C,YOR008C,0,-7.789399,0.1901005655527115,0.9639999866485596,0.4106999933719635
YHR114W,YOR211C,0,-7.7901845,0.19006308913230896,0.9639999866485596,0.4108000099658966
YGL090W,YLR453C,0,-7.790726,0.19002562761306763,0.9639999866485596,0.4108999967575073
YGL070C,YJL004C,0,-7.7908883,0.1899881809949875,0.9639999866485596,0.41100001335144043
YOR080W,YDR283C,0,-7.790926,0.18995073437690735,0.9639999866485596,0.41110000014305115
YFR008W,YPR191W,0,-7.7912207,0.1899133175611496,0.9639999866485596,0.41119998693466187
YLR233C,YLR224W,0,-7.7915382,0.18987591564655304,0.9639999866485596,0.41130000352859497
YPR005C,YIL121W,0,-7.7917175,0.18983851373195648,0.9639999866485596,0.4113999903202057
YJL035C,YOR075W,0,-7.7918487,0.1898011416196823,0.9639999866485596,0.4115000069141388
YLR079W,YPL276W,0,-7.7921834,0.18976378440856934,0.9639999866485596,0.4115999937057495
YLL038C,YOR194C,0,-7.792229,0.18972642719745636,0.9639999866485596,0.4117000102996826
YDR113C,YBL004W,0,-7.792258,0.18968909978866577,0.9639999866485596,0.41179999709129333
YJL219W,YDR490C,0,-7.7924767,0.18965178728103638,0.9639999866485596,0.41190001368522644
YCR077C,YPL007C,0,-7.7933693,0.18961447477340698,0.9639999866485596,0.41200000047683716
YFR046C,YOR035C,0,-7.794631,0.18957719206809998,0.9639999866485596,0.4120999872684479
YER108C,YOR356W,0,-7.7953424,0.18953990936279297,0.9639999866485596,0.412200003862381
YGR116W,YBR216C,0,-7.795987,0.18950265645980835,0.9639999866485596,0.4122999906539917
YJL167W,YPR163C,0,-7.797008,0.18946540355682373,0.9639999866485596,0.4124000072479248
YPL200W,YBR279W,0,-7.797052,0.1894281804561615,0.9639999866485596,0.4124999940395355
YJR143C,YGL095C,0,-7.7979393,0.18939095735549927,0.9639999866485596,0.41260001063346863
YPL170W,YCL051W,0,-7.798319,0.18935376405715942,0.9639999866485596,0.41269999742507935
YDR240C,YGR251W,0,-7.7988753,0.18931657075881958,0.9639999866485596,0.41280001401901245
YCR040W,YNL139C,0,-7.799316,0.18927940726280212,0.9639999866485596,0.41290000081062317
YOL095C,YIL017W,0,-7.799488,0.18924224376678467,0.9639999866485596,0.4129999876022339
YDL069C,YBL051C,0,-7.7995133,0.1892051100730896,0.9639999866485596,0.413100004196167
YGL240W,YMR161W,0,-7.799877,0.18916797637939453,0.9639999866485596,0.4131999909877777
YLR155C,YLL016W,0,-7.800151,0.18913085758686066,0.9639999866485596,0.4133000075817108
YNL135C,YOR372C,0,-7.800639,0.18909376859664917,0.9639999866485596,0.41339999437332153
YDL209C,YGL207W,0,-7.8009095,0.18905667960643768,0.9639999866485596,0.41350001096725464
YJL005W,YOR326W,0,-7.8012238,0.1890196055173874,0.9639999866485596,0.41359999775886536
YGL251C,YLL002W,0,-7.8012524,0.1889825463294983,0.9639999866485596,0.41370001435279846
YGR252W,YBR022W,0,-7.8012843,0.18894551694393158,0.9639999866485596,0.4138000011444092
YLL031C,YDR292C,0,-7.8014464,0.18890848755836487,0.9639999866485596,0.4138999879360199
YHR129C,YDR501W,0,-7.8020086,0.18887147307395935,0.9639999866485596,0.414000004529953
YCL010C,YGL162W,0,-7.8027916,0.18883447349071503,0.9639999866485596,0.4140999913215637
YHR086W,YBL079W,0,-7.8031173,0.1887974888086319,0.9639999866485596,0.4142000079154968
YOR178C,YOR367W,0,-7.803337,0.18876051902770996,0.9639999866485596,0.41429999470710754
YGL251C,YGL207W,0,-7.8037853,0.18872356414794922,0.9639999866485596,0.41440001130104065
YBL099W,YOR290C,0,-7.8043547,0.18868662416934967,0.9639999866485596,0.41449999809265137
YOR028C,YJL222W,0,-7.8051004,0.18864969909191132,0.9639999866485596,0.4146000146865845
YFR036W,YPL058C,0,-7.8059464,0.18861278891563416,0.9639999866485596,0.4147000014781952
YGL112C,YPR139C,0,-7.806431,0.1885758936405182,0.9639999866485596,0.4147999882698059
YBR173C,YML076C,0,-7.806962,0.18853901326656342,0.9639999866485596,0.414900004863739
YEL056W,YNL310C,0,-7.807205,0.18850214779376984,0.9639999866485596,0.41499999165534973
YIL013C,YIL068C,0,-7.8078065,0.18846529722213745,0.9639999866485596,0.41510000824928284
YKL017C,YMR039C,0,-7.8081064,0.18842846155166626,0.9639999866485596,0.41519999504089355
YLR310C,YKR037C,0,-7.808428,0.18839164078235626,0.9639999866485596,0.41530001163482666
YLR303W,YDR407C,0,-7.8085823,0.18835482001304626,0.9639999866485596,0.4153999984264374
YPR167C,YML088W,0,-7.808755,0.18831802904605865,0.9639999866485596,0.4154999852180481
YGL223C,YML115C,0,-7.8088737,0.18828125298023224,0.9639999866485596,0.4156000018119812
YJL167W,YFL031W,0,-7.809072,0.18824447691440582,0.9639999866485596,0.4156999886035919
YEL029C,YLR191W,0,-7.809402,0.1882077306509018,0.9639999866485596,0.415800005197525
YLR449W,YBL003C,0,-7.8094897,0.18817099928855896,0.9639999866485596,0.41589999198913574
YDR339C,YOR081C,0,-7.8098145,0.18813426792621613,0.9639999866485596,0.41600000858306885
YER122C,YPL127C,0,-7.8098516,0.18809756636619568,0.9639999866485596,0.41609999537467957
YDL190C,YML115C,0,-7.8099127,0.18806086480617523,0.9639999866485596,0.41620001196861267
YGR157W,YLR265C,0,-7.8100524,0.18802419304847717,0.9639999866485596,0.4162999987602234
YKR042W,YNL213C,0,-7.810432,0.1879875212907791,0.9639999866485596,0.4163999855518341
YLR117C,YOR231W,0,-7.8104563,0.18795086443424225,0.9639999866485596,0.4165000021457672
YJL099W,YDL120W,0,-7.811026,0.18791423738002777,0.9639999866485596,0.41659998893737793
YPR105C,YNL244C,0,-7.811117,0.1878776103258133,0.9639999866485596,0.41670000553131104
YPL244C,YDR183W,0,-7.811637,0.18784099817276,0.9639999866485596,0.41679999232292175
YGL251C,YGL145W,0,-7.811695,0.18780440092086792,0.9639999866485596,0.41690000891685486
YNR035C,YER147C,0,-7.8117867,0.18776781857013702,0.9639999866485596,0.4169999957084656
YLR452C,YML088W,0,-7.8119335,0.18773125112056732,0.9639999866485596,0.4171000123023987
YBL069W,YIR002C,0,-7.8122635,0.1876946985721588,0.9639999866485596,0.4171999990940094
YER172C,YGR253C,0,-7.8123064,0.1876581609249115,0.9639999866485596,0.4172999858856201
YPL001W,YDR170C,0,-7.812501,0.18762163817882538,0.9639999866485596,0.4174000024795532
YPL240C,YDR495C,0,-7.8126726,0.18758513033390045,0.9639999866485596,0.41749998927116394
YOL008W,YBR103W,0,-7.812947,0.18754863739013672,0.9639999866485596,0.41760000586509705
YIL033C,YDR080W,0,-7.8129497,0.18751215934753418,0.9639999866485596,0.41769999265670776
YGL130W,YCR067C,0,-7.813034,0.18747569620609283,0.9639999866485596,0.41780000925064087
YGR288W,YBL075C,0,-7.8131723,0.1874392330646515,0.9639999866485596,0.4178999960422516
YOR284W,YIL154C,0,-7.813182,0.18740279972553253,0.9639999866485596,0.4180000126361847
YLR051C,YDR200C,0,-7.8135405,0.18736638128757477,0.9639999866485596,0.4180999994277954
YNL138W,YLR396C,0,-7.8137493,0.187329962849617,0.9639999866485596,0.41819998621940613
YGL111W,YML025C,1,-7.814207,0.18748785555362701,0.9649999737739563,0.41819998621940613
YBR098W,YML011C,0,-7.814214,0.18745143711566925,0.9649999737739563,0.41830000281333923
YKL054C,YGL181W,0,-7.8146124,0.18741503357887268,0.9649999737739563,0.41839998960494995
YJL115W,YLR321C,0,-7.815642,0.1873786449432373,0.9649999737739563,0.41850000619888306
YNL259C,YDL178W,0,-7.8166504,0.18734225630760193,0.9649999737739563,0.4185999929904938
YML041C,YLR200W,0,-7.8167114,0.18730589747428894,0.9649999737739563,0.4187000095844269
YNL292W,YNL287W,0,-7.817662,0.18726955354213715,0.9649999737739563,0.4187999963760376
YLL016W,YGL227W,0,-7.8182006,0.18723320960998535,0.9649999737739563,0.4189000129699707
YDL236W,YDL097C,0,-7.8182807,0.18719689548015594,0.9649999737739563,0.4189999997615814
YJL219W,YLR453C,0,-7.818369,0.18716059625148773,0.9649999737739563,0.41909998655319214
YOR298C-A,YJL187C,0,-7.819025,0.18712429702281952,0.9649999737739563,0.41920000314712524
YBL056W,YIL018W,0,-7.8190355,0.1870880126953125,0.9649999737739563,0.41929998993873596
YDR192C,YOL006C,0,-7.8197017,0.18705175817012787,0.9649999737739563,0.41940000653266907
YOL017W,YNL119W,0,-7.819793,0.18701550364494324,0.9649999737739563,0.4194999933242798
YCR008W,YAR010C,0,-7.820102,0.1869792640209198,0.9649999737739563,0.4196000099182129
YPL089C,YGL049C,0,-7.820469,0.18694303929805756,0.9649999737739563,0.4196999967098236
YLR429W,YDL106C,0,-7.8207717,0.1869068443775177,0.9649999737739563,0.4198000133037567
YOR362C,YHR205W,0,-7.8209925,0.18687064945697784,0.9649999737739563,0.41990000009536743
YEL071W,YOL072W,0,-7.8211603,0.18683446943759918,0.9649999737739563,0.41999998688697815
YBR193C,YER022W,0,-7.822137,0.18679828941822052,0.9649999737739563,0.42010000348091125
YOL111C,YDR198C,0,-7.8223877,0.18676213920116425,0.9649999737739563,0.420199990272522
YDL105W,YML076C,0,-7.8224792,0.18672600388526917,0.9649999737739563,0.4203000068664551
YMR277W,YBR265W,0,-7.8232574,0.18668988347053528,0.9649999737739563,0.4203999936580658
YDL069C,YPL096W,0,-7.8233786,0.18665377795696259,0.9649999737739563,0.4205000102519989
YDR103W,YHL028W,0,-7.8234057,0.1866176724433899,0.9649999737739563,0.4205999970436096
YJR007W,YIL031W,0,-7.823892,0.1865815967321396,0.9649999737739563,0.4207000136375427
YBR119W,YAR003W,0,-7.82402,0.18654552102088928,0.9649999737739563,0.42080000042915344
YER180C-A,YER022W,0,-7.824486,0.18650947511196136,0.9649999737739563,0.42089998722076416
YGR157W,YLR466W,0,-7.8250113,0.18647342920303345,0.9649999737739563,0.42100000381469727
YOL016C,YPL214C,0,-7.8256645,0.18643739819526672,0.9649999737739563,0.421099990606308
YOR288C,YNR048W,0,-7.825672,0.1864013969898224,0.9649999737739563,0.4212000072002411
YGR165W,YNR003C,0,-7.825751,0.18636539578437805,0.9649999737739563,0.4212999939918518
YGL183C,YIL077C,0,-7.8266897,0.1863294094800949,0.9649999737739563,0.4214000105857849
YNL318C,YNR017W,0,-7.8267183,0.18629343807697296,0.9649999737739563,0.42149999737739563
YDR377W,YML034W,0,-7.8267365,0.1862574815750122,0.9649999737739563,0.42160001397132874
YJL179W,YML027W,0,-7.8267746,0.18622153997421265,0.9649999737739563,0.42170000076293945
YGL252C,YGR143W,0,-7.8286104,0.18618561327457428,0.9649999737739563,0.42179998755455017
YLR114C,YPL212C,0,-7.829104,0.1861496865749359,0.9649999737739563,0.4219000041484833
YHR056C,YGR270W,0,-7.8292036,0.18611378967761993,0.9649999737739563,0.421999990940094
YCR020W-B,YGL241W,0,-7.8294964,0.18607790768146515,0.9649999737739563,0.4221000075340271
YPL262W,YOR295W,0,-7.8295946,0.18604202568531036,0.9649999737739563,0.4221999943256378
YKL149C,YER125W,0,-7.829866,0.18600617349147797,0.9649999737739563,0.4223000109195709
YML112W,YMR046C,0,-7.829953,0.18597032129764557,0.9649999737739563,0.42239999771118164
YAL047C,YDR260C,0,-7.8300657,0.18593448400497437,0.9649999737739563,0.42250001430511475
YGR238C,YCR073W-A,0,-7.8304152,0.18589867651462555,0.9649999737739563,0.42260000109672546
YDL160C,YDL043C,0,-7.8304205,0.18586286902427673,0.9649999737739563,0.4226999878883362
YEL019C,YER094C,0,-7.8304286,0.1858270764350891,0.9649999737739563,0.4228000044822693
YOR020C,YKR037C,0,-7.830555,0.18579129874706268,0.9649999737739563,0.42289999127388
YDR093W,YGR171C,0,-7.830559,0.18575553596019745,0.9649999737739563,0.4230000078678131
YCR088W,YNL051W,0,-7.830618,0.1857197880744934,0.9649999737739563,0.42309999465942383
YMR173W,YDR363W,0,-7.8307223,0.18568405508995056,0.9649999737739563,0.42320001125335693
YLR347C,YGL255W,0,-7.83103,0.18564832210540771,0.9649999737739563,0.42329999804496765
YER019C-A,YDR177W,0,-7.8312006,0.18561261892318726,0.9649999737739563,0.42340001463890076
YDR052C,YDR322C-A,0,-7.8312736,0.1855769157409668,0.9649999737739563,0.4235000014305115
YLR452C,YBL100W-A,0,-7.8313365,0.18554124236106873,0.9649999737739563,0.4235999882221222
YER146W,YHR014W,0,-7.83167,0.18550556898117065,0.9649999737739563,0.4237000048160553
YBR057C,YMR241W,0,-7.8324165,0.18546992540359497,0.9649999737739563,0.423799991607666
YPR178W,YMR149W,0,-7.8325543,0.1854342818260193,0.9649999737739563,0.4239000082015991
YPL138C,YCR018C,0,-7.8326006,0.1853986531496048,0.9649999737739563,0.42399999499320984
YPL006W,YMR149W,0,-7.8332267,0.1853630393743515,0.9649999737739563,0.42410001158714294
YDR164C,YGR099W,0,-7.833489,0.1853274405002594,0.9649999737739563,0.42419999837875366
YER040W,YGL153W,0,-7.833586,0.1852918565273285,0.9649999737739563,0.4242999851703644
YIL147C,YOR356W,0,-7.833739,0.18525628745555878,0.9649999737739563,0.4244000017642975
YNL314W,YEL056W,0,-7.834196,0.18522073328495026,0.9649999737739563,0.4244999885559082
YBR179C,YKR046C,0,-7.834447,0.18518517911434174,0.9649999737739563,0.4246000051498413
YJR135C,YOL112W,0,-7.8347178,0.1851496547460556,0.9649999737739563,0.424699991941452
YDR361C,YJL018W,0,-7.8349047,0.18511413037776947,0.9649999737739563,0.42480000853538513
YBR247C,YER133W,0,-7.8349113,0.18507863581180573,0.9649999737739563,0.42489999532699585
YDR284C,YLR039C,0,-7.8355,0.18504314124584198,0.9649999737739563,0.42500001192092896
YGL130W,YJL039C,0,-7.8355002,0.18500766158103943,0.9649999737739563,0.4250999987125397
YPL259C,YGL158W,0,-7.835745,0.18497221171855927,0.9649999737739563,0.4251999855041504
YJR040W,YNL317W,0,-7.8360443,0.1849367618560791,0.9649999737739563,0.4253000020980835
YBR136W,YJL001W,0,-7.837869,0.18490132689476013,0.9649999737739563,0.4253999888896942
YML046W,YDR407C,0,-7.8380127,0.18486590683460236,0.9649999737739563,0.4255000054836273
YNL232W,YNL090W,0,-7.8380423,0.18483048677444458,0.9649999737739563,0.42559999227523804
YIL101C,YMR210W,0,-7.838134,0.1847950965166092,0.9649999737739563,0.42570000886917114
YGR286C,YPL007C,0,-7.838921,0.184759721159935,0.9649999737739563,0.42579999566078186
YOR049C,YOR313C,0,-7.838935,0.1847243458032608,0.9649999737739563,0.42590001225471497
YLR264W,YNL213C,0,-7.8389716,0.184689000248909,0.9649999737739563,0.4259999990463257
YOR259C,YPL283C,0,-7.8394527,0.1846536546945572,0.9649999737739563,0.4260999858379364
YOL082W,YGR122W,0,-7.8394914,0.18461832404136658,0.9649999737739563,0.4262000024318695
YIL035C,YNR039C,0,-7.839852,0.18458300828933716,0.9649999737739563,0.4262999892234802
YDL004W,YNL283C,0,-7.8399897,0.18454770743846893,0.9649999737739563,0.42640000581741333
YJR119C,YKL070W,0,-7.840495,0.1845124214887619,0.9649999737739563,0.42649999260902405
YNR031C,YLR136C,0,-7.840521,0.18447715044021606,0.9649999737739563,0.42660000920295715
YCR028C-A,YKL148C,0,-7.841039,0.18444189429283142,0.9649999737739563,0.42669999599456787
YKR034W,YJL156C,0,-7.841765,0.18440665304660797,0.9649999737739563,0.426800012588501
YPR005C,YNL091W,0,-7.8418074,0.18437141180038452,0.9649999737739563,0.4268999993801117
YOR026W,YER074W-A,0,-7.8420076,0.18433620035648346,0.9649999737739563,0.4269999861717224
YML091C,YAR044W,0,-7.8420305,0.1843009889125824,0.9649999737739563,0.4271000027656555
YIL033C,YFL002W-A,0,-7.842188,0.18426580727100372,0.9649999737739563,0.42719998955726624
YLR361C,YDL076C,0,-7.842204,0.18423062562942505,0.9649999737739563,0.42730000615119934
YLR275W,YPR133C,0,-7.842745,0.18419545888900757,0.9649999737739563,0.42739999294281006
YNL163C,YML025C,1,-7.8429317,0.1843511462211609,0.9660000205039978,0.42739999294281006
YER017C,YEL053C,0,-7.842947,0.18431596457958221,0.9660000205039978,0.42750000953674316
YML099C,YKR068C,0,-7.84326,0.18428081274032593,0.9660000205039978,0.4275999963283539
YEL061C,YNL071W,0,-7.843386,0.18424566090106964,0.9660000205039978,0.427700012922287
YML048W,YDR164C,0,-7.843718,0.18421052396297455,0.9660000205039978,0.4277999997138977
YCL038C,YOR110W,0,-7.843848,0.18417540192604065,0.9660000205039978,0.4278999865055084
YLR275W,YMR149W,0,-7.844249,0.18414029479026794,0.9660000205039978,0.42800000309944153
YMR058W,YPL020C,0,-7.8444076,0.18410520255565643,0.9660000205039978,0.42809998989105225
YIR037W,YDL044C,0,-7.844718,0.18407012522220612,0.9660000205039978,0.42820000648498535
YDR072C,YDR243C,0,-7.8448167,0.1840350478887558,0.9660000205039978,0.42829999327659607
YOR026W,YKL060C,0,-7.8448873,0.18400000035762787,0.9660000205039978,0.4284000098705292
YLR418C,YLR246W,0,-7.845045,0.18396495282649994,0.9660000205039978,0.4284999966621399
YKL145W,YAL002W,0,-7.8453684,0.1839299350976944,0.9660000205039978,0.428600013256073
YIL035C,YIL023C,0,-7.8454523,0.18389491736888885,0.9660000205039978,0.4287000000476837
YJL191W,YPR139C,0,-7.8456883,0.1838599145412445,0.9660000205039978,0.42879998683929443
YLR403W,YPR133C,0,-7.845826,0.18382492661476135,0.9660000205039978,0.42890000343322754
YPR131C,YBL024W,0,-7.8459635,0.1837899535894394,0.9660000205039978,0.42899999022483826
YDR363W,YOL088C,0,-7.8462296,0.18375499546527863,0.9660000205039978,0.42910000681877136
YOR198C,YDL099W,0,-7.846433,0.18372005224227905,0.9660000205039978,0.4291999936103821
YNL333W,YDR080W,0,-7.8465786,0.18368510901927948,0.9660000205039978,0.4293000102043152
YJR069C,YBL063W,0,-7.8470917,0.1836501955986023,0.9660000205039978,0.4293999969959259
YHR165C,YNL247W,0,-7.8476524,0.1836152821779251,0.9660000205039978,0.429500013589859
YGL130W,YGR178C,0,-7.8479166,0.18358038365840912,0.9660000205039978,0.4296000003814697
YPL275W,YPL121C,0,-7.848089,0.18354550004005432,0.9660000205039978,0.42969998717308044
YNL272C,YMR039C,0,-7.849139,0.18351063132286072,0.9660000205039978,0.42980000376701355
YLR382C,YEL065W,0,-7.849162,0.1834757775068283,0.9660000205039978,0.42989999055862427
YOR069W,YJL012C,0,-7.849267,0.1834409385919571,0.9660000205039978,0.4300000071525574
YCR020C-A,YLL036C,0,-7.849349,0.18340611457824707,0.9660000205039978,0.4300999939441681
YBL020W,YIL173W,0,-7.849461,0.18337130546569824,0.9660000205039978,0.4302000105381012
YMR145C,YDL134C,0,-7.849983,0.18333649635314941,0.9660000205039978,0.4302999973297119
YJR035W,YMR016C,0,-7.8499937,0.18330170214176178,0.9660000205039978,0.430400013923645
YMR137C,YNL309W,0,-7.850087,0.18326693773269653,0.9660000205039978,0.43050000071525574
YHL047C,YOR056C,0,-7.850786,0.1832321733236313,0.9660000205039978,0.43059998750686646
YPL048W,YBL004W,0,-7.8509736,0.18319742381572723,0.9660000205039978,0.43070000410079956
YPR185W,YPL075W,0,-7.8511653,0.18316268920898438,0.9660000205039978,0.4307999908924103
YNR016C,YPL008W,0,-7.851535,0.1831279695034027,0.9660000205039978,0.4309000074863434
YPR009W,YDR285W,0,-7.8526087,0.18309324979782104,0.9660000205039978,0.4309999942779541
YKR087C,YBR012W-B,0,-7.8526154,0.18305855989456177,0.9660000205039978,0.4311000108718872
YGL086W,YJL047C,0,-7.8528814,0.1830238699913025,0.9660000205039978,0.4311999976634979
YPL051W,YNL213C,0,-7.852969,0.1829892098903656,0.9660000205039978,0.43130001425743103
YDR288W,YGR038W,0,-7.8538632,0.1829545497894287,0.9660000205039978,0.43140000104904175
YNL145W,YCR073C,0,-7.853869,0.18291990458965302,0.9660000205039978,0.43149998784065247
YLR411W,YDR302W,0,-7.853981,0.1828852742910385,0.9660000205039978,0.43160000443458557
YML042W,YFL005W,0,-7.8539934,0.1828506588935852,0.9660000205039978,0.4316999912261963
YPL046C,YGR002C,0,-7.8540354,0.1828160434961319,0.9660000205039978,0.4318000078201294
YDR096W,YGL025C,0,-7.8540983,0.18278145790100098,0.9660000205039978,0.4318999946117401
YLR321C,YLR426W,0,-7.8542113,0.18274687230587006,0.9660000205039978,0.4320000112056732
YCR027C,YJL093C,0,-7.8543367,0.18271231651306152,0.9660000205039978,0.43209999799728394
YOR326W,YMR137C,0,-7.854344,0.182677760720253,0.9660000205039978,0.43220001459121704
YHR183W,YCR055C,0,-7.854606,0.18264321982860565,0.9660000205039978,0.43230000138282776
YLR383W,YIR011C,0,-7.854661,0.1826086938381195,0.9660000205039978,0.4323999881744385
YMR246W,YMR113W,0,-7.8547688,0.18257418274879456,0.9660000205039978,0.4325000047683716
YBR202W,YPL028W,0,-7.8548517,0.1825396865606308,0.9660000205039978,0.4325999915599823
YDL090C,YBL014C,0,-7.855228,0.18250519037246704,0.9660000205039978,0.4327000081539154
YMR172W,YOR332W,0,-7.855308,0.18247072398662567,0.9660000205039978,0.4327999949455261
YDR513W,YGL167C,0,-7.855356,0.1824362576007843,0.9660000205039978,0.43290001153945923
YGR288W,YLR163C,0,-7.855385,0.18240180611610413,0.9660000205039978,0.43299999833106995
YOR174W,YBR196C,0,-7.8560567,0.18236738443374634,0.9660000205039978,0.43309998512268066
YAL038W,YKR037C,0,-7.8561816,0.18233296275138855,0.9660000205039978,0.43320000171661377
YDR363W,YGR077C,0,-7.8561897,0.18229854106903076,0.9660000205039978,0.4332999885082245
YPL181W,YHR139C,0,-7.856236,0.18226414918899536,0.9660000205039978,0.4334000051021576
YOR030W,YDL108W,0,-7.8563747,0.18222977221012115,0.9660000205039978,0.4334999918937683
YBL063W,YLR141W,0,-7.8567514,0.18219539523124695,0.9660000205039978,0.4336000084877014
YMR192W,YPR068C,0,-7.8567915,0.18216104805469513,0.9660000205039978,0.43369999527931213
YDL035C,YMR163C,0,-7.857364,0.1821267008781433,0.9660000205039978,0.43380001187324524
YNL048W,YOL067C,0,-7.857383,0.18209236860275269,0.9660000205039978,0.43389999866485596
YLL004W,YDL097C,0,-7.857395,0.18205805122852325,0.9660000205039978,0.4339999854564667
YGL032C,YKR056W,0,-7.857421,0.18202374875545502,0.9660000205039978,0.4341000020503998
YOR266W,YDL159W,0,-7.857625,0.18198944628238678,0.9660000205039978,0.4341999888420105
YGL153W,YDL020C,0,-7.8581476,0.18195517361164093,0.9660000205039978,0.4343000054359436
YLR088W,YLR052W,0,-7.858348,0.18192090094089508,0.9660000205039978,0.4343999922275543
YJR089W,YDR358W,0,-7.858773,0.18188664317131042,0.9660000205039978,0.4345000088214874
YNL291C,YDR527W,0,-7.8589816,0.18185241520404816,0.9660000205039978,0.43459999561309814
YOR245C,YLR023C,0,-7.85921,0.1818181872367859,0.9660000205039978,0.43470001220703125
YHR043C,YBR171W,0,-7.8596168,0.18178397417068481,0.9660000205039978,0.43479999899864197
YOR028C,YMR281W,0,-7.859929,0.18174976110458374,0.9660000205039978,0.4348999857902527
YER009W,YIL068C,0,-7.859993,0.18171557784080505,0.9660000205039978,0.4350000023841858
YDL108W,YGR170W,0,-7.86049,0.18168139457702637,0.9660000205039978,0.4350999891757965
YDR363W,YDL106C,0,-7.860503,0.18164724111557007,0.9660000205039978,0.4352000057697296
YER027C,YML031W,0,-7.860987,0.18161308765411377,0.9660000205039978,0.43529999256134033
YDL101C,YDR346C,0,-7.861451,0.18157894909381866,0.9660000205039978,0.43540000915527344
YDL165W,YCL059C,0,-7.861719,0.18154482543468475,0.9660000205039978,0.43549999594688416
YAL013W,YER007W,0,-7.8617916,0.18151071667671204,0.9660000205039978,0.43560001254081726
YBR021W,YHR186C,0,-7.8625975,0.18147660791873932,0.9660000205039978,0.435699999332428
YDR424C,YMR004W,0,-7.862647,0.181442528963089,0.9660000205039978,0.4357999861240387
YBR298C,YGR161C,0,-7.862665,0.18140845000743866,0.9660000205039978,0.4359000027179718
YGR204W,YLL022C,0,-7.862855,0.18137438595294952,0.9660000205039978,0.4359999895095825
YNL161W,YDR030C,0,-7.8629146,0.18134033679962158,0.9660000205039978,0.4361000061035156
YJR050W,YDR330W,0,-7.863176,0.18130630254745483,0.9660000205039978,0.43619999289512634
YGL187C,YOR256C,0,-7.8632665,0.18127228319644928,0.9660000205039978,0.43630000948905945
YNL297C,YGR002C,0,-7.86386,0.18123827874660492,0.9660000205039978,0.43639999628067017
YOL005C,YDR311W,0,-7.865403,0.18120427429676056,0.9660000205039978,0.43650001287460327
YOR355W,YAR031W,0,-7.86551,0.1811702996492386,0.9660000205039978,0.436599999666214
YGR175C,YGR002C,0,-7.8659644,0.1811363250017166,0.9660000205039978,0.4366999864578247
YBR195C,YPL179W,0,-7.8662477,0.18110236525535583,0.9660000205039978,0.4368000030517578
YPR093C,YLR450W,0,-7.866676,0.18106842041015625,0.9660000205039978,0.43689998984336853
YNL264C,YBR030W,0,-7.866841,0.18103447556495667,0.9660000205039978,0.43700000643730164
YDR254W,YGL223C,0,-7.8671045,0.18100056052207947,0.9660000205039978,0.43709999322891235
YPL049C,YLR342W,0,-7.867138,0.18096666038036346,0.9660000205039978,0.43720000982284546
YHR111W,YML029W,0,-7.867359,0.18093276023864746,0.9660000205039978,0.4372999966144562
YNL331C,YDR486C,0,-7.8673906,0.18089887499809265,0.9660000205039978,0.4374000132083893
YKR054C,YNL090W,0,-7.8674183,0.18086500465869904,0.9660000205039978,0.4375
YOR301W,YDR293C,0,-7.8676114,0.1808311492204666,0.9660000205039978,0.4375999867916107
YOL095C,YBR279W,0,-7.8682575,0.18079730868339539,0.9660000205039978,0.4377000033855438
YOL089C,YBR245C,0,-7.868444,0.18076346814632416,0.9660000205039978,0.43779999017715454
YGL210W-A,YKR087C,0,-7.868511,0.18072965741157532,0.9660000205039978,0.43790000677108765
YDL101C,YJR097W,0,-7.869174,0.18069584667682648,0.9660000205039978,0.43799999356269836
YPR021C,YKR062W,0,-7.869182,0.18066205084323883,0.9660000205039978,0.43810001015663147
YPL160W,YNL177C,0,-7.869236,0.18062826991081238,0.9660000205039978,0.4381999969482422
YIL135C,YER160C,0,-7.8697157,0.18059450387954712,0.9660000205039978,0.4383000135421753
YDR206W,YKR052C,0,-7.870001,0.18056075274944305,0.9660000205039978,0.438400000333786
YMR276W,YMR204C,0,-7.8700447,0.180527001619339,0.9660000205039978,0.43849998712539673
YKR039W,YKR048C,0,-7.8705225,0.1804932802915573,0.9660000205039978,0.43860000371932983
YBR088C,YDL097C,0,-7.8711567,0.18045955896377563,0.9660000205039978,0.43869999051094055
YLR368W,YGL163C,0,-7.8713226,0.18042585253715515,0.9660000205039978,0.43880000710487366
YKL201C,YHR091C,0,-7.871501,0.18039216101169586,0.9660000205039978,0.4388999938964844
YOR094W,YAL058W,0,-7.871631,0.18035846948623657,0.9660000205039978,0.4390000104904175
YKL189W,YNL093W,0,-7.8718863,0.18032480776309967,0.9660000205039978,0.4390999972820282
YBR217W,YML112W,0,-7.8721676,0.18029114603996277,0.9660000205039978,0.4392000138759613
YBR114W,YML045W,0,-7.873046,0.18025751411914825,0.9660000205039978,0.439300000667572
YGR163W,YMR272C,0,-7.873846,0.18022388219833374,0.9660000205039978,0.43939998745918274
YPR029C,YMR075W,0,-7.873925,0.18019026517868042,0.9660000205039978,0.43950000405311584
YOL111C,YHR143W-A,0,-7.8739967,0.1801566630601883,0.9660000205039978,0.43959999084472656
YOR381W,YHR120W,0,-7.874157,0.18012306094169617,0.9660000205039978,0.43970000743865967
YOR100C,YLL016W,0,-7.8744535,0.18008948862552643,0.9660000205039978,0.4397999942302704
YER014C-A,YLR033W,0,-7.8745484,0.1800559163093567,0.9660000205039978,0.4399000108242035
YCR024C-A,YBR237W,0,-7.874756,0.18002235889434814,0.9660000205039978,0.4399999976158142
YIL014W,YOR069W,0,-7.8747835,0.1799888163805008,0.9660000205039978,0.4401000142097473
YPL036W,YJR103W,0,-7.8750715,0.17995528876781464,0.9660000205039978,0.44020000100135803
YPR103W,YIR008C,0,-7.8751793,0.17992177605628967,0.9660000205039978,0.44029998779296875
YDR364C,YPR074C,0,-7.8755016,0.1798882633447647,0.9660000205039978,0.44040000438690186
YBR088C,YHR135C,0,-7.8755503,0.17985478043556213,0.9660000205039978,0.4404999911785126
YBL084C,YGR122W,0,-7.875862,0.17982129752635956,0.9660000205039978,0.4406000077724457
YDL160C,YLR165C,0,-7.875906,0.17978782951831818,0.9660000205039978,0.4406999945640564
YNL192W,YCR075C,0,-7.8760033,0.179754376411438,0.9660000205039978,0.4408000111579895
YFR055W,YLR254C,0,-7.876132,0.1797209233045578,0.9660000205039978,0.4408999979496002
YKL073W,YBL088C,0,-7.8762846,0.1796875,0.9660000205039978,0.4410000145435333
YGR185C,YNL263C,0,-7.8764377,0.1796540766954422,0.9660000205039978,0.44110000133514404
YGR289C,YGR212W,0,-7.8775387,0.1796206831932068,0.9660000205039978,0.44119998812675476
YML028W,YNL229C,0,-7.878619,0.17958728969097137,0.9660000205039978,0.44130000472068787
YNL098C,YPR009W,0,-7.879727,0.17955389618873596,0.9660000205039978,0.4413999915122986
YPL193W,YML025C,1,-7.880036,0.1797063797712326,0.9670000076293945,0.4413999915122986
YFR021W,YMR163C,0,-7.8802366,0.1796729862689972,0.9670000076293945,0.4415000081062317
YJR021C,YBR253W,0,-7.880265,0.17963960766792297,0.9670000076293945,0.4415999948978424
YML067C,YPR088C,0,-7.8804927,0.17960624396800995,0.9670000076293945,0.4417000114917755
YAL003W,YNL054W,0,-7.8807974,0.17957288026809692,0.9670000076293945,0.44179999828338623
YDL052C,YFL026W,0,-7.8812914,0.1795395463705063,0.9670000076293945,0.44190001487731934
YKL057C,YNL264C,0,-7.8813305,0.17950621247291565,0.9670000076293945,0.44200000166893005
YLR320W,YHR143W-A,0,-7.881583,0.1794729083776474,0.9670000076293945,0.44209998846054077
YDR118W,YEL061C,0,-7.881687,0.17943960428237915,0.9670000076293945,0.4422000050544739
YDR508C,YKL059C,0,-7.882602,0.1794063150882721,0.9670000076293945,0.4422999918460846
YHR205W,YGR099W,0,-7.882983,0.17937302589416504,0.9670000076293945,0.4424000084400177
YNL297C,YCR012W,0,-7.8830853,0.17933976650238037,0.9670000076293945,0.4424999952316284
YMR080C,YJR046W,0,-7.8834333,0.1793065071105957,0.9670000076293945,0.4426000118255615
YJR060W,YPL065W,0,-7.8838215,0.17927326261997223,0.9670000076293945,0.44269999861717224
YHR165C,YBL106C,0,-7.884133,0.17924003303050995,0.9670000076293945,0.44279998540878296
YOR372C,YDR330W,0,-7.885128,0.17920681834220886,0.9670000076293945,0.44290000200271606
YGR278W,YDR135C,0,-7.8851457,0.17917361855506897,0.9670000076293945,0.4429999887943268
YGL201C,YOL109W,0,-7.8854365,0.17914041876792908,0.9670000076293945,0.4431000053882599
YIL049W,YGR212W,0,-7.885707,0.17910724878311157,0.9670000076293945,0.4431999921798706
YDL069C,YJR031C,0,-7.88606,0.17907407879829407,0.9670000076293945,0.4433000087738037
YOL158C,YAR031W,0,-7.8860903,0.17904092371463776,0.9670000076293945,0.44339999556541443
YHR166C,YKL204W,0,-7.886222,0.17900776863098145,0.9670000076293945,0.44350001215934753
YBL051C,YHR152W,0,-7.886421,0.17897464334964752,0.9670000076293945,0.44359999895095825
YGR166W,YMR231W,0,-7.8864765,0.1789415180683136,0.9670000076293945,0.44369998574256897
YER159C,YMR309C,0,-7.886485,0.17890842258930206,0.9670000076293945,0.4438000023365021
YIL046W,YDR238C,0,-7.88668,0.17887532711029053,0.9670000076293945,0.4438999891281128
YPL049C,YIL068C,0,-7.887021,0.17884224653244019,0.9670000076293945,0.4440000057220459
YNR038W,YGR220C,1,-7.88719,0.1789940893650055,0.9679999947547913,0.4440000057220459
YDL002C,YGR047C,0,-7.8872886,0.17896099388599396,0.9679999947547913,0.4440999925136566
YDR363W,YGR281W,0,-7.8876944,0.17892791330814362,0.9679999947547913,0.4442000091075897
YDR170C,YJR049C,0,-7.887718,0.17889484763145447,0.9679999947547913,0.44429999589920044
YOR174W,YDR494W,0,-7.888235,0.17886178195476532,0.9679999947547913,0.44440001249313354
YGR055W,YNL123W,0,-7.8883085,0.17882874608039856,0.9679999947547913,0.44449999928474426
YER125W,YPL045W,0,-7.888454,0.1787957102060318,0.9679999947547913,0.444599986076355
YMR264W,YER110C,0,-7.8887796,0.17876268923282623,0.9679999947547913,0.4447000026702881
YHR204W,YFL018W-A,0,-7.8887916,0.17872968316078186,0.9679999947547913,0.4447999894618988
YHL047C,YMR182C,0,-7.889141,0.17869669198989868,0.9679999947547913,0.4449000060558319
YNL219C,YFL034C-B,0,-7.889529,0.1786637157201767,0.9679999947547913,0.4449999928474426
YPR037C,YJR029W,0,-7.8895373,0.1786307394504547,0.9679999947547913,0.44510000944137573
YNL267W,YDR077W,0,-7.8897557,0.17859779298305511,0.9679999947547913,0.44519999623298645
YLR303W,YNL329C,0,-7.889799,0.17856484651565552,0.9679999947547913,0.44530001282691956
YPL130W,YOL093W,0,-7.8898168,0.17853190004825592,0.9679999947547913,0.4453999996185303
YPL046C,YNR072W,0,-7.890094,0.1784989833831787,0.9679999947547913,0.445499986410141
YLL027W,YMR050C,0,-7.8901663,0.1784660816192627,0.9679999947547913,0.4456000030040741
YBL004W,YML045W,0,-7.8902216,0.17843317985534668,0.9679999947547913,0.4456999897956848
YDR384C,YGL027C,0,-7.8903894,0.17840029299259186,0.9679999947547913,0.4458000063896179
YGL066W,YPL002C,0,-7.8907137,0.17836742103099823,0.9679999947547913,0.44589999318122864
YMR015C,YLR105C,0,-7.8908987,0.1783345639705658,0.9679999947547913,0.44600000977516174
YOR040W,YNR032C-A,0,-7.89097,0.17830170691013336,0.9679999947547913,0.44609999656677246
YKL213C,YBR228W,0,-7.8910356,0.17826887965202332,0.9679999947547913,0.44620001316070557
YNL227C,YML025C,1,-7.892234,0.17842018604278564,0.968999981880188,0.44620001316070557
YDR025W,YPR161C,0,-7.8924932,0.1783873289823532,0.968999981880188,0.4462999999523163
YLR176C,YDR369C,0,-7.8925095,0.17835450172424316,0.968999981880188,0.446399986743927
YNR058W,YMR051C,0,-7.8926063,0.17832167446613312,0.968999981880188,0.4465000033378601
YBR070C,YDL226C,0,-7.892651,0.17828886210918427,0.968999981880188,0.4465999901294708
YPR179C,YMR273C,0,-7.893394,0.1782560646533966,0.968999981880188,0.44670000672340393
YJR025C,YOR100C,0,-7.893602,0.17822328209877014,0.968999981880188,0.44679999351501465
YML048W,YIR021W,0,-7.8950987,0.17819051444530487,0.968999981880188,0.44690001010894775
YHR129C,YKR048C,0,-7.895243,0.1781577467918396,0.968999981880188,0.44699999690055847
YDR508C,YGL257C,0,-7.895663,0.17812499403953552,0.968999981880188,0.4471000134944916
YOR250C,YOR133W,0,-7.89571,0.17809225618839264,0.968999981880188,0.4472000002861023
YCR106W,YJL113W,0,-7.895792,0.17805953323841095,0.968999981880188,0.447299987077713
YKR036C,YNR039C,0,-7.8958583,0.17802682518959045,0.968999981880188,0.4474000036716461
YOR368W,YML088W,0,-7.896192,0.17799411714076996,0.968999981880188,0.44749999046325684
YJL018W,YEL002C,0,-7.8965983,0.17796143889427185,0.968999981880188,0.44760000705718994
YMR299C,YGR183C,0,-7.8973923,0.17792876064777374,0.968999981880188,0.44769999384880066
YLR429W,YIR021W,0,-7.897415,0.17789608240127563,0.968999981880188,0.44780001044273376
YBL099W,YLR386W,0,-7.8978004,0.17786343395709991,0.968999981880188,0.4478999972343445
YGL241W,YDR088C,0,-7.8984547,0.1778308004140854,0.968999981880188,0.4480000138282776
YBL063W,YBL005W,0,-7.898718,0.17779816687107086,0.968999981880188,0.4481000006198883
YAL051W,YMR200W,0,-7.8988085,0.17776554822921753,0.968999981880188,0.448199987411499
YGR296W,YHR020W,0,-7.89927,0.1777329444885254,0.968999981880188,0.44830000400543213
YHR091C,YML045W,0,-7.9001594,0.17770035564899445,0.968999981880188,0.44839999079704285
YHR143W,YDL134C,0,-7.9003267,0.1776677668094635,0.968999981880188,0.44850000739097595
YEL022W,YEL065W,0,-7.90034,0.17763519287109375,0.968999981880188,0.44859999418258667
YGR244C,YPR189W,0,-7.901391,0.1776026338338852,0.968999981880188,0.4487000107765198
YLR158C,YPR178W,0,-7.9017687,0.17757008969783783,0.968999981880188,0.4487999975681305
YDR166C,YGR274C,0,-7.9018474,0.17753756046295166,0.968999981880188,0.4489000141620636
YGR256W,YOR136W,0,-7.901864,0.1775050312280655,0.968999981880188,0.4490000009536743
YOL067C,YCL069W,0,-7.9024944,0.1774725317955017,0.968999981880188,0.44909998774528503
YHR011W,YGR296W,0,-7.9027896,0.17744003236293793,0.968999981880188,0.44920000433921814
YBR017C,YGL210W-A,0,-7.902824,0.17740754783153534,0.968999981880188,0.44929999113082886
YOR193W,YDR473C,0,-7.9029293,0.17737506330013275,0.968999981880188,0.44940000772476196
YKL064W,YDR177W,0,-7.903103,0.17734260857105255,0.968999981880188,0.4494999945163727
YFR019W,YLR303W,0,-7.903266,0.17731015384197235,0.968999981880188,0.4496000111103058
YLR310C,YDR096W,0,-7.9032707,0.17727771401405334,0.968999981880188,0.4496999979019165
YPL133C,YER021W,0,-7.903419,0.17724528908729553,0.968999981880188,0.4498000144958496
YDR201W,YDR160W,0,-7.9038243,0.1772128790616989,0.968999981880188,0.4499000012874603
YNL233W,YBL055C,0,-7.9049587,0.1771804690361023,0.968999981880188,0.44999998807907104
YJR137C,YLR272C,0,-7.9050646,0.17714807391166687,0.968999981880188,0.45010000467300415
YBL063W,YBR143C,0,-7.9052234,0.17711569368839264,0.968999981880188,0.45019999146461487
YCR020C,YDL076C,0,-7.905488,0.1770833283662796,0.968999981880188,0.450300008058548
YJL029C,YBL100W-A,0,-7.9055176,0.17705097794532776,0.968999981880188,0.4503999948501587
YOL044W,YNL287W,0,-7.9057655,0.17701862752437592,0.968999981880188,0.4505000114440918
YOR371C,YEL026W,0,-7.9069977,0.17698630690574646,0.968999981880188,0.4505999982357025
YLR114C,YLL027W,0,-7.9081163,0.176953986287117,0.968999981880188,0.4507000148296356
YML095C,YMR302C,0,-7.908187,0.17692166566848755,0.968999981880188,0.45080000162124634
YKL148C,YBL005W-A,0,-7.9084144,0.17688937485218048,0.968999981880188,0.45089998841285706
YAL013W,YKL110C,0,-7.908495,0.1768570840358734,0.968999981880188,0.45100000500679016
YPL130W,YGR090W,0,-7.9089923,0.17682482302188873,0.968999981880188,0.4510999917984009
YMR164C,YPL036W,0,-7.9090004,0.17679256200790405,0.968999981880188,0.451200008392334
YBL099W,YHR027C,0,-7.9096127,0.17676030099391937,0.968999981880188,0.4512999951839447
YMR207C,YDL030W,0,-7.909871,0.17672806978225708,0.968999981880188,0.4514000117778778
YMR140W,YNL012W,0,-7.9102807,0.1766958385705948,0.968999981880188,0.4514999985694885
YJL061W,YDR113C,0,-7.91038,0.1766636222600937,0.968999981880188,0.45159998536109924
YMR267W,YKR020W,0,-7.9106903,0.17663142085075378,0.968999981880188,0.45170000195503235
YNL259C,YIL115C,0,-7.910692,0.17659923434257507,0.968999981880188,0.45179998874664307
YNR031C,YBR284W,0,-7.911257,0.17656706273555756,0.968999981880188,0.45190000534057617
YBR017C,YMR268C,0,-7.911423,0.17653489112854004,0.968999981880188,0.4519999921321869
YKL054C,YDR470C,0,-7.9121795,0.17650273442268372,0.968999981880188,0.45210000872612
YPR141C,YBR260C,0,-7.913037,0.1764705926179886,0.968999981880188,0.4521999955177307
YMR006C,YNL079C,0,-7.913952,0.17643845081329346,0.968999981880188,0.4523000121116638
YGR253C,YJL141C,0,-7.914933,0.17640633881092072,0.968999981880188,0.45239999890327454
YPL200W,YDR145W,0,-7.9150267,0.17637422680854797,0.968999981880188,0.45249998569488525
YMR186W,YJL013C,0,-7.916645,0.17634212970733643,0.968999981880188,0.45260000228881836
YNL161W,YJL035C,0,-7.9167776,0.17631004750728607,0.968999981880188,0.4526999890804291
YBR296C,YLL034C,0,-7.9167805,0.17627796530723572,0.968999981880188,0.4528000056743622
YOR208W,YOR060C,0,-7.916827,0.17624591290950775,0.968999981880188,0.4528999924659729
YER038C,YDR459C,0,-7.916828,0.17621386051177979,0.968999981880188,0.453000009059906
YPL149W,YDR378C,0,-7.9169016,0.176181823015213,0.968999981880188,0.4530999958515167
YDR364C,YGR178C,0,-7.917239,0.17614978551864624,0.968999981880188,0.45320001244544983
YJL018W,YDL059C,0,-7.9173055,0.17611777782440186,0.968999981880188,0.45329999923706055
YBR029C,YGL144C,0,-7.9174557,0.17608577013015747,0.968999981880188,0.45339998602867126
YMR237W,YNL036W,0,-7.917503,0.17605377733707428,0.968999981880188,0.45350000262260437
YBR118W,YLR410W,0,-7.917715,0.17602179944515228,0.968999981880188,0.4535999894142151
YHR011W,YDR382W,0,-7.9183493,0.17598983645439148,0.968999981880188,0.4537000060081482
YBL099W,YIL009W,0,-7.918392,0.17595787346363068,0.968999981880188,0.4537999927997589
YBR200W,YKL193C,0,-7.91869,0.17592592537403107,0.968999981880188,0.453900009393692
YBR112C,YDL185W,0,-7.9187374,0.17589399218559265,0.968999981880188,0.45399999618530273
YKL092C,YPL169C,0,-7.918971,0.17586207389831543,0.968999981880188,0.45410001277923584
YGR133W,YDL077C,0,-7.919132,0.1758301556110382,0.968999981880188,0.45419999957084656
YDR045C,YPL041C,0,-7.919465,0.17579825222492218,0.968999981880188,0.4542999863624573
YBR126C,YMR051C,0,-7.9202023,0.17576636373996735,0.968999981880188,0.4544000029563904
YOL135C,YGL246C,0,-7.9202924,0.1757344901561737,0.968999981880188,0.4544999897480011
YGR254W,YHR183W,0,-7.920352,0.17570263147354126,0.968999981880188,0.4546000063419342
YIL065C,YNL283C,0,-7.920571,0.1756707727909088,0.968999981880188,0.4546999931335449
YDR194C,YDR407C,0,-7.9207187,0.17563892900943756,0.968999981880188,0.454800009727478
YML057W,YIR002C,0,-7.9216623,0.1756071001291275,0.968999981880188,0.45489999651908875
YLR131C,YEL031W,0,-7.921994,0.17557528614997864,0.968999981880188,0.45500001311302185
YMR204C,YHL012W,0,-7.922464,0.17554347217082977,0.968999981880188,0.45509999990463257
YHR114W,YML064C,0,-7.9226375,0.1755116879940033,0.968999981880188,0.4551999866962433
YFL035C-A,YDR447C,0,-7.9228024,0.17547990381717682,0.968999981880188,0.4553000032901764
YBR009C,YGL209W,0,-7.9228525,0.17544811964035034,0.968999981880188,0.4553999900817871
YPL164C,YOR298W,0,-7.923529,0.17541636526584625,0.968999981880188,0.4555000066757202
YGL166W,YDR073W,0,-7.9236126,0.17538461089134216,0.968999981880188,0.45559999346733093
YPL046C,YFL031W,0,-7.9236403,0.17535287141799927,0.968999981880188,0.45570001006126404
YNL199C,YHL034C,0,-7.923661,0.17532114684581757,0.968999981880188,0.45579999685287476
YKL059C,YJL143W,0,-7.924,0.17528943717479706,0.968999981880188,0.45590001344680786
YMR275C,YOR354C,0,-7.924015,0.17525772750377655,0.968999981880188,0.4560000002384186
YKL152C,YJL198W,0,-7.9244194,0.17522603273391724,0.968999981880188,0.4560999870300293
YDR323C,YOR054C,0,-7.924432,0.17519435286521912,0.968999981880188,0.4562000036239624
YLR238W,YGR214W,0,-7.9245024,0.1751626878976822,0.968999981880188,0.4562999904155731
YIL075C,YFR037C,0,-7.924573,0.17513103783130646,0.968999981880188,0.4564000070095062
YKL143W,YER190W,0,-7.924983,0.17509938776493073,0.968999981880188,0.45649999380111694
YDR487C,YGR009C,0,-7.925349,0.1750677525997162,0.968999981880188,0.45660001039505005
YPL076W,YFL035C-A,0,-7.9254093,0.17503613233566284,0.968999981880188,0.45669999718666077
YMR056C,YFR040W,0,-7.92549,0.1750045120716095,0.968999981880188,0.45680001378059387
YPL167C,YBR175W,0,-7.925786,0.17497292160987854,0.968999981880188,0.4569000005722046
YGR267C,YLR403W,0,-7.9259815,0.17494133114814758,0.968999981880188,0.4569999873638153
YAL024C,YJR033C,0,-7.9272943,0.17490974068641663,0.968999981880188,0.4571000039577484
YLR002C,YBR289W,0,-7.9274783,0.17487818002700806,0.968999981880188,0.45719999074935913
YOR173W,YDL055C,0,-7.9280024,0.1748466193675995,0.968999981880188,0.45730000734329224
YGL021W,YFL033C,0,-7.9280963,0.1748150885105133,0.968999981880188,0.45739999413490295
YKR019C,YML109W,0,-7.9281235,0.17478354275226593,0.968999981880188,0.45750001072883606
YPL271W,YHL002W,0,-7.9281697,0.17475202679634094,0.968999981880188,0.4575999975204468
YOR030W,YGL243W,0,-7.928367,0.17472052574157715,0.968999981880188,0.4577000141143799
YDL039C,YML045W,0,-7.928936,0.17468902468681335,0.968999981880188,0.4578000009059906
YJL061W,YBL100W-A,0,-7.92914,0.17465753853321075,0.968999981880188,0.4578999876976013
YOR026W,YBL008W,0,-7.9293447,0.17462605237960815,0.968999981880188,0.4580000042915344
YHR111W,YLR020C,0,-7.9296885,0.17459459602832794,0.968999981880188,0.45809999108314514
YAR015W,YAR044W,0,-7.929974,0.17456313967704773,0.968999981880188,0.45820000767707825
YDR343C,YER160C,0,-7.9303236,0.1745316982269287,0.968999981880188,0.45829999446868896
YDR508C,YPL089C,0,-7.930397,0.1745002716779709,0.968999981880188,0.45840001106262207
YLL002W,YKL099C,0,-7.9315615,0.17446884512901306,0.968999981880188,0.4584999978542328
YLR330W,YGR091W,0,-7.9316864,0.17443744838237762,0.968999981880188,0.4586000144481659
YMR316W,YER007W,0,-7.9324913,0.1744060516357422,0.968999981880188,0.4587000012397766
YPR073C,YLR403W,0,-7.9331636,0.17437466979026794,0.968999981880188,0.45879998803138733
YJR121W,YBL005W-B,0,-7.933395,0.1743432879447937,0.968999981880188,0.45890000462532043
YMR231W,YPL092W,0,-7.9334497,0.17431192100048065,0.968999981880188,0.45899999141693115
YGL051W,YJR103W,0,-7.934597,0.1742805689573288,0.968999981880188,0.45910000801086426
YEL034W,YLR337W,0,-7.935036,0.17424923181533813,0.968999981880188,0.459199994802475
YEL018W,YKL134C,0,-7.9355383,0.17421790957450867,0.968999981880188,0.4593000113964081
YMR172W,YIR026C,0,-7.9356327,0.1741865873336792,0.968999981880188,0.4593999981880188
YMR309C,YLL024C,0,-7.935665,0.17415527999401093,0.968999981880188,0.4595000147819519
YGL240W,YDR450W,0,-7.936064,0.17412398755550385,0.968999981880188,0.4596000015735626
YER017C,YJR084W,0,-7.9363484,0.17409271001815796,0.968999981880188,0.45969998836517334
YCR071C,YHR060W,0,-7.9364038,0.17406143248081207,0.968999981880188,0.45980000495910645
YMR023C,YBR012W-A,0,-7.9364223,0.17403016984462738,0.968999981880188,0.45989999175071716
YHR011W,YLR312C-B,0,-7.936471,0.17399892210960388,0.968999981880188,0.46000000834465027
YOR067C,YGL254W,0,-7.936618,0.17396768927574158,0.968999981880188,0.460099995136261
YKL092C,YJL141C,0,-7.936623,0.17393645644187927,0.968999981880188,0.4602000117301941
YPL175W,YJR120W,0,-7.9368834,0.17390523850917816,0.968999981880188,0.4602999985218048
YAR014C,YGL058W,0,-7.9370413,0.17387403547763824,0.968999981880188,0.4603999853134155
YOR266W,YDL059C,0,-7.937711,0.17384284734725952,0.968999981880188,0.46050000190734863
YDR258C,YPR103W,0,-7.9381304,0.1738116592168808,0.968999981880188,0.46059998869895935
YMR277W,YFL060C,0,-7.9382625,0.17378048598766327,0.968999981880188,0.46070000529289246
YLR370C,YJL192C,0,-7.9388747,0.17374932765960693,0.968999981880188,0.4607999920845032
YGL032C,YJL104W,0,-7.9393888,0.1737181842327118,0.968999981880188,0.4609000086784363
YAR019C,YKR083C,0,-7.9396114,0.17368704080581665,0.968999981880188,0.460999995470047
YOR298C-A,YPL283C,0,-7.9398665,0.1736559122800827,0.968999981880188,0.4611000120639801
YCL024W,YML040W,0,-7.939925,0.17362479865550995,0.968999981880188,0.4611999988555908
YDR235W,YDR025W,0,-7.9400826,0.1735936999320984,0.968999981880188,0.46129998564720154
YNL133C,YER174C,0,-7.94016,0.17356260120868683,0.968999981880188,0.46140000224113464
YHL006C,YOR068C,0,-7.9405785,0.17353151738643646,0.968999981880188,0.46149998903274536
YBR247C,YNL267W,0,-7.9412766,0.1735004484653473,0.968999981880188,0.46160000562667847
YMR202W,YNL197C,0,-7.941537,0.1734693944454193,0.968999981880188,0.4616999924182892
YNL041C,YIL122W,0,-7.9424815,0.17343834042549133,0.968999981880188,0.4618000090122223
YHR120W,YHR091C,0,-7.942645,0.17340730130672455,0.968999981880188,0.461899995803833
YLR023C,YOL028C,0,-7.942647,0.17337627708911896,0.968999981880188,0.4620000123977661
YER166W,YOR288C,0,-7.9431124,0.17334525287151337,0.968999981880188,0.46209999918937683
YKR087C,YOL061W,0,-7.9436626,0.17331425845623016,0.968999981880188,0.46219998598098755
YKL048C,YNL264C,0,-7.944153,0.17328326404094696,0.968999981880188,0.46230000257492065
YJL020C,YOR156C,0,-7.9441757,0.17325228452682495,0.968999981880188,0.46239998936653137
YAL068C,YCR020C,0,-7.944443,0.17322130501270294,0.968999981880188,0.4625000059604645
YDR130C,YGL066W,0,-7.944935,0.17319035530090332,0.968999981880188,0.4625999927520752
YNL318C,YLR324W,0,-7.9449635,0.1731594055891037,0.968999981880188,0.4627000093460083
YIL140W,YDR201W,0,-7.945124,0.17312845587730408,0.968999981880188,0.462799996137619
YOR388C,YPR161C,0,-7.9452486,0.17309753596782684,0.968999981880188,0.4629000127315521
YKL185W,YLR347C,0,-7.9452915,0.1730666160583496,0.968999981880188,0.46299999952316284
YGR074W,YHL025W,0,-7.945743,0.17303571105003357,0.968999981880188,0.46309998631477356
YHR086W,YMR077C,0,-7.9457817,0.17300482094287872,0.968999981880188,0.46320000290870667
YJR090C,YLR032W,0,-7.9459286,0.17297393083572388,0.968999981880188,0.4632999897003174
YBL078C,YLL017W,0,-7.9460244,0.17294307053089142,0.968999981880188,0.4634000062942505
YAL058W,YBR221C,0,-7.947072,0.17291221022605896,0.968999981880188,0.4634999930858612
YMR311C,YOR304W,0,-7.9471045,0.1728813499212265,0.968999981880188,0.4636000096797943
YPL049C,YKR097W,0,-7.9479,0.17285051941871643,0.968999981880188,0.46369999647140503
YDR288W,YMR046C,0,-7.9482794,0.17281968891620636,0.968999981880188,0.46380001306533813
YJL060W,YMR055C,0,-7.9483733,0.17278887331485748,0.968999981880188,0.46389999985694885
YGR135W,YOR301W,0,-7.9489026,0.1727580726146698,0.968999981880188,0.46399998664855957
YOL123W,YIL046W,0,-7.9492087,0.17272727191448212,0.968999981880188,0.4641000032424927
YKL182W,YKL028W,0,-7.9497085,0.17269648611545563,0.968999981880188,0.4641999900341034
YDL223C,YNL012W,0,-7.950053,0.17266571521759033,0.968999981880188,0.4643000066280365
YML045W,YOR060C,0,-7.9503784,0.17263495922088623,0.968999981880188,0.4643999934196472
YGL130W,YMR096W,0,-7.950621,0.17260420322418213,0.968999981880188,0.4645000100135803
YBR109C,YMR100W,0,-7.9506216,0.17257346212863922,0.968999981880188,0.46459999680519104
YLR313C,YHR020W,0,-7.951279,0.1725427359342575,0.968999981880188,0.46470001339912415
YER042W,YBL024W,0,-7.951702,0.1725120097398758,0.968999981880188,0.46480000019073486
YBR200W,YMR045C,0,-7.951992,0.17248131334781647,0.968999981880188,0.4648999869823456
YCR005C,YIR037W,0,-7.9526925,0.17245061695575714,0.968999981880188,0.4650000035762787
YDR188W,YPL228W,0,-7.952988,0.172419935464859,0.968999981880188,0.4650999903678894
YPL138C,YMR134W,0,-7.9534883,0.17238925397396088,0.968999981880188,0.4652000069618225
YOL027C,YNL015W,0,-7.9539394,0.17235858738422394,0.968999981880188,0.4652999937534332
YJL209W,YMR267W,0,-7.953967,0.1723279356956482,0.968999981880188,0.46540001034736633
YLR376C,YIL068C,0,-7.954201,0.17229729890823364,0.968999981880188,0.46549999713897705
YML116W,YHR204W,0,-7.954233,0.1722666621208191,0.968999981880188,0.46560001373291016
YML059C,YDL134C,0,-7.9546413,0.17223604023456573,0.968999981880188,0.4657000005245209
YPR199C,YER155C,0,-7.954876,0.17220543324947357,0.968999981880188,0.4657999873161316
YDR306C,YMR046C,0,-7.9550385,0.1721748411655426,0.968999981880188,0.4659000039100647
YHR154W,YPR161C,0,-7.955126,0.17214424908161163,0.968999981880188,0.4659999907016754
YML011C,YDR322C-A,0,-7.9551764,0.17211367189884186,0.968999981880188,0.4661000072956085
YER021W,YDR443C,0,-7.9551997,0.17208310961723328,0.968999981880188,0.46619999408721924
YOL017W,YDR228C,0,-7.95533,0.1720525622367859,0.968999981880188,0.46630001068115234
YLR223C,YNL261W,0,-7.9553437,0.1720220148563385,0.968999981880188,0.46639999747276306
YPL065W,YAL002W,0,-7.955493,0.1719914823770523,0.968999981880188,0.46650001406669617
YCL017C,YLL036C,0,-7.9565525,0.1719609647989273,0.968999981880188,0.4666000008583069
YJR121W,YMR101C,0,-7.9566355,0.1719304472208023,0.968999981880188,0.4666999876499176
YIL010W,YMR172W,0,-7.956993,0.1718999445438385,0.968999981880188,0.4668000042438507
YBL074C,YGR098C,0,-7.9570513,0.1718694567680359,0.968999981880188,0.4668999910354614
YIL097W,YHR086W,0,-7.957057,0.17183898389339447,0.968999981880188,0.46700000762939453
YBR057C,YHR056C,0,-7.9576583,0.17180851101875305,0.968999981880188,0.46709999442100525
YMR100W,YFL005W,0,-7.9576983,0.17177805304527283,0.968999981880188,0.46720001101493835
YER061C,YOL071W,0,-7.9580827,0.1717476099729538,0.968999981880188,0.4672999978065491
YKL059C,YPR140W,0,-7.9582195,0.17171716690063477,0.968999981880188,0.4674000144004822
YLR100W,YMR134W,0,-7.958988,0.17168675363063812,0.968999981880188,0.4675000011920929
YMR032W,YGL246C,0,-7.959091,0.17165634036064148,0.968999981880188,0.4675999879837036
YLL035W,YMR046C,0,-7.9591255,0.17162592709064484,0.968999981880188,0.4677000045776367
YBL097W,YDR378C,0,-7.9596996,0.17159554362297058,0.968999981880188,0.46779999136924744
YHR056C,YBR289W,0,-7.960032,0.17156516015529633,0.968999981880188,0.46790000796318054
YJL134W,YKR003W,0,-7.960635,0.17153479158878326,0.968999981880188,0.46799999475479126
YBL084C,YHL022C,0,-7.9607105,0.1715044230222702,0.968999981880188,0.46810001134872437
YJR121W,YAR010C,0,-7.9607577,0.17147406935691833,0.968999981880188,0.4681999981403351
YML067C,YGL241W,0,-7.960834,0.17144373059272766,0.968999981880188,0.4683000147342682
YGR038W,YGR109W-B,0,-7.96085,0.17141340672969818,0.968999981880188,0.4684000015258789
YMR172W,YFR055W,0,-7.961075,0.1713830977678299,0.968999981880188,0.4684999883174896
YAL053W,YDL212W,0,-7.962497,0.1713527888059616,0.968999981880188,0.46860000491142273
YJL170C,YGL113W,0,-7.962842,0.17132249474525452,0.968999981880188,0.46869999170303345
YOR058C,YGR275W,0,-7.9636617,0.17129220068454742,0.968999981880188,0.46880000829696655
YGR140W,YNR008W,0,-7.963943,0.17126193642616272,0.968999981880188,0.46889999508857727
YBR102C,YBR165W,0,-7.964034,0.17123167216777802,0.968999981880188,0.4690000116825104
YLR429W,YDR437W,0,-7.9644384,0.1712014079093933,0.968999981880188,0.4690999984741211
YLR114C,YOL147C,0,-7.964464,0.171171173453331,0.968999981880188,0.4691999852657318
YGR037C,YPL126W,0,-7.9648237,0.17114093899726868,0.968999981880188,0.4693000018596649
YDL229W,YML027W,0,-7.964913,0.17111071944236755,0.968999981880188,0.46939998865127563
YBL007C,YCR081W,0,-7.965001,0.17108051478862762,0.968999981880188,0.46950000524520874
YGL061C,YLR084C,0,-7.9651475,0.1710503101348877,0.968999981880188,0.46959999203681946
YHR091C,YDR394W,0,-7.9655466,0.17102012038230896,0.968999981880188,0.46970000863075256
YBR236C,YJL113W,0,-7.9656754,0.17098994553089142,0.968999981880188,0.4697999954223633
YNL055C,YAL001C,0,-7.965776,0.17095977067947388,0.968999981880188,0.4699000120162964
YGR092W,YMR210W,0,-7.966048,0.17092961072921753,0.968999981880188,0.4699999988079071
YKR068C,YER129W,0,-7.9662232,0.17089946568012238,0.968999981880188,0.4700999855995178
YDR334W,YGL039W,0,-7.966952,0.17086933553218842,0.968999981880188,0.4702000021934509
YLR055C,YNL332W,0,-7.9669647,0.17083920538425446,0.968999981880188,0.47029998898506165
YNL041C,YPL244C,0,-7.9675355,0.1708090901374817,0.968999981880188,0.47040000557899475
YBR217W,YLL038C,0,-7.9677243,0.17077898979187012,0.968999981880188,0.47049999237060547
YER053C,YLR132C,0,-7.9679832,0.17074890434741974,0.968999981880188,0.4706000089645386
YOL027C,YHR139C,0,-7.9683266,0.17071881890296936,0.968999981880188,0.4706999957561493
YDR176W,YOR018W,0,-7.9685993,0.17068874835968018,0.968999981880188,0.4708000123500824
YMR044W,YDR449C,0,-7.969359,0.170658677816391,0.968999981880188,0.4708999991416931
YLR028C,YGR216C,0,-7.9694467,0.1706286370754242,0.968999981880188,0.47099998593330383
YOR033C,YLR016C,0,-7.9699435,0.1705985963344574,0.968999981880188,0.47110000252723694
YHL031C,YPR162C,0,-7.9699717,0.1705685555934906,0.968999981880188,0.47119998931884766
YNR072W,YIR009W,0,-7.9699993,0.1705385446548462,0.968999981880188,0.47130000591278076
YHR058C,YER160C,0,-7.9709334,0.17050853371620178,0.968999981880188,0.4713999927043915
YMR038C,YER021W,0,-7.971272,0.17047853767871857,0.968999981880188,0.4715000092983246
YPL187W,YLL036C,0,-7.9720592,0.17044854164123535,0.968999981880188,0.4715999960899353
YGR083C,YKL108W,0,-7.972169,0.17041857540607452,0.968999981880188,0.4717000126838684
YOR080W,YNL287W,0,-7.9725804,0.1703886091709137,0.968999981880188,0.4717999994754791
YHR043C,YCR081W,0,-7.972789,0.17035864293575287,0.968999981880188,0.47189998626708984
YBL045C,YJR035W,0,-7.973638,0.17032870650291443,0.968999981880188,0.47200000286102295
YPL174C,YDR330W,0,-7.974075,0.170298770070076,0.968999981880188,0.47209998965263367
YER044C-A,YLR301W,0,-7.974127,0.17026884853839874,0.968999981880188,0.4722000062465668
YCL001W,YGR104C,0,-7.9746494,0.1702389270067215,0.968999981880188,0.4722999930381775
YBR200W,YBL004W,0,-7.9747367,0.17020903527736664,0.968999981880188,0.4724000096321106
YOR020C,YDR135C,0,-7.9754686,0.17017912864685059,0.968999981880188,0.4724999964237213
YNL219C,YDL059C,0,-7.975771,0.17014925181865692,0.968999981880188,0.4726000130176544
YNR043W,YJR153W,0,-7.9757977,0.17011937499046326,0.968999981880188,0.47269999980926514
YDL220C,YER056C,0,-7.9759912,0.17008952796459198,0.968999981880188,0.47279998660087585
YPL061W,YKL214C,0,-7.9772964,0.1700596660375595,0.968999981880188,0.47290000319480896
YBR153W,YEL002C,0,-7.9776845,0.17002983391284943,0.968999981880188,0.4729999899864197
YBR041W,YGL025C,0,-7.9778957,0.17000000178813934,0.968999981880188,0.4731000065803528
YOL023W,YGL055W,0,-7.978489,0.16997018456459045,0.968999981880188,0.4731999933719635
YOR233W,YOL004W,0,-7.978496,0.16994036734104156,0.968999981880188,0.4733000099658966
YBR207W,YDL022W,0,-7.9785786,0.16991057991981506,0.968999981880188,0.4733999967575073
YGR086C,YDR065W,0,-7.9788084,0.16988079249858856,0.968999981880188,0.47350001335144043
YDR414C,YMR134W,0,-7.9788733,0.16985100507736206,0.968999981880188,0.47360000014305115
YPL006W,YBL100W-B,0,-7.979192,0.16982124745845795,0.968999981880188,0.47369998693466187
YCR010C,YDR129C,0,-7.9795,0.16979148983955383,0.968999981880188,0.47380000352859497
YER155C,YPR007C,0,-7.979558,0.16976173222064972,0.968999981880188,0.4738999903202057
YNL258C,YKR089C,0,-7.979814,0.169732004404068,0.968999981880188,0.4740000069141388
YLR411W,YDR079C-A,0,-7.9798174,0.16970227658748627,0.968999981880188,0.4740999937057495
YML116W,YKR035W-A,0,-7.979952,0.16967256367206573,0.968999981880188,0.4742000102996826
YFL056C,YGL244W,0,-7.980028,0.1696428507566452,0.968999981880188,0.47429999709129333
YDR054C,YBR244W,0,-7.980094,0.16961316764354706,0.968999981880188,0.47440001368522644
YDR270W,YGR288W,0,-7.9803834,0.1695834845304489,0.968999981880188,0.47450000047683716
YNL016W,YPR101W,0,-7.9806376,0.16955380141735077,0.968999981880188,0.4745999872684479
YLR231C,YHR111W,0,-7.9807105,0.169524148106575,0.968999981880188,0.474700003862381
YMR127C,YGL249W,0,-7.9807177,0.16949449479579926,0.968999981880188,0.4747999906539917
YLR085C,YHR011W,0,-7.981011,0.1694648414850235,0.968999981880188,0.4749000072479248
YOR298W,YPL283C,0,-7.981363,0.16943521797657013,0.968999981880188,0.4749999940395355
YLR189C,YLL027W,0,-7.9814005,0.16940559446811676,0.968999981880188,0.47510001063346863
YJR160C,YGR086C,0,-7.9816265,0.16937598586082458,0.968999981880188,0.47519999742507935
YIL044C,YOR168W,0,-7.982298,0.1693463772535324,0.968999981880188,0.47530001401901245
YPR024W,YJL056C,0,-7.9824195,0.16931679844856262,0.968999981880188,0.47540000081062317
YCR018C,YPL276W,0,-7.9825516,0.16928720474243164,0.968999981880188,0.4754999876022339
YIR002C,YGR251W,0,-7.98265,0.16925764083862305,0.968999981880188,0.475600004196167
YJL031C,YPR135W,0,-7.982803,0.16922807693481445,0.968999981880188,0.4756999909877777
YGL130W,YBR237W,0,-7.982856,0.16919852793216705,0.968999981880188,0.4758000075817108
YKR027W,YNL216W,0,-7.982867,0.16916899383068085,0.968999981880188,0.47589999437332153
YBR200W,YDR135C,0,-7.9829597,0.16913945972919464,0.968999981880188,0.47600001096725464
YJL031C,YER168C,0,-7.9835854,0.16910994052886963,0.968999981880188,0.47609999775886536
YOR150W,YLR340W,1,-7.9837046,0.16925492882728577,0.9700000286102295,0.47609999775886536
YMR097C,YPL274W,0,-7.983832,0.16922539472579956,0.9700000286102295,0.47620001435279846
YBR170C,YDR218C,0,-7.984771,0.16919589042663574,0.9700000286102295,0.4763000011444092
YIL048W,YAL068C,0,-7.985282,0.16916637122631073,0.9700000286102295,0.4763999879360199
YKR052C,YLR132C,0,-7.9858847,0.1691368818283081,0.9700000286102295,0.476500004529953
YJL127C,YPR078C,0,-7.9860845,0.16910739243030548,0.9700000286102295,0.4765999913215637
YHR123W,YDR103W,0,-7.9860973,0.16907791793346405,0.9700000286102295,0.4767000079154968
YLR450W,YHR014W,0,-7.9864664,0.16904844343662262,0.9700000286102295,0.47679999470710754
YCL011C,YOR075W,0,-7.9867654,0.16901899874210358,0.9700000286102295,0.47690001130104065
YBR274W,YDL105W,0,-7.9872103,0.16898955404758453,0.9700000286102295,0.47699999809265137
YLR433C,YOL090W,0,-7.9878263,0.1689601093530655,0.9700000286102295,0.4771000146865845
YPR162C,YDL060W,0,-7.9884944,0.16893067955970764,0.9700000286102295,0.4772000014781952
YKR019C,YGR004W,0,-7.9886723,0.168901264667511,0.9700000286102295,0.4772999882698059
YPL217C,YPL058C,0,-7.9887114,0.16887186467647552,0.9700000286102295,0.477400004863739
YGL087C,YML031W,0,-7.9890084,0.16884246468544006,0.9700000286102295,0.47749999165534973
YPR186C,YGL144C,0,-7.989036,0.168813094496727,0.9700000286102295,0.47760000824928284
YPR073C,YML038C,0,-7.9894524,0.16878370940685272,0.9700000286102295,0.47769999504089355
YLR309C,YIL016W,0,-7.989562,0.16875435411930084,0.9700000286102295,0.47780001163482666
YIR013C,YOL026C,0,-7.990498,0.16872499883174896,0.9700000286102295,0.4778999984264374
YDR141C,YHR079C-B,0,-7.990928,0.16869565844535828,0.9700000286102295,0.4779999852180481
YPR042C,YOL005C,0,-7.990998,0.1686663180589676,0.9700000286102295,0.4781000018119812
YOR122C,YKR050W,0,-7.9910736,0.1686369925737381,0.9700000286102295,0.4781999886035919
YIL095W,YLR385C,0,-7.991132,0.1686076819896698,0.9700000286102295,0.478300005197525
YKL048C,YER110C,0,-7.9911437,0.1685783863067627,0.9700000286102295,0.47839999198913574
YMR322C,YAL001C,0,-7.991223,0.1685490906238556,0.9700000286102295,0.47850000858306885
YDR219C,YNL012W,0,-7.99248,0.16851980984210968,0.9700000286102295,0.47859999537467957
YJR025C,YDL076C,0,-7.992605,0.16849052906036377,0.9700000286102295,0.47870001196861267
YOR299W,YLR098C,0,-7.9927645,0.16846127808094025,0.9700000286102295,0.4787999987602234
YBR274W,YPL058C,0,-7.9928627,0.16843201220035553,0.9700000286102295,0.4788999855518341
YJR013W,YKL110C,0,-7.9929123,0.1684027761220932,0.9700000286102295,0.4790000021457672
YDR054C,YPL075W,0,-7.9930406,0.16837354004383087,0.9700000286102295,0.47909998893737793
YDR093W,YDR194C,0,-7.993387,0.16834431886672974,0.9700000286102295,0.47920000553131104
YGL245W,YPL055C,0,-7.9934115,0.1683151125907898,0.9700000286102295,0.47929999232292175
YER013W,YML007W,0,-7.993997,0.16828590631484985,0.9700000286102295,0.47940000891685486
YJR053W,YNL199C,0,-7.994538,0.1682567149400711,0.9700000286102295,0.4794999957084656
YMR164C,YKL140W,0,-7.994711,0.16822753846645355,0.9700000286102295,0.4796000123023987
YBL106C,YNR064C,0,-7.9948187,0.1681983768939972,0.9700000286102295,0.4796999990940094
YMR272C,YNR064C,0,-7.994894,0.16816921532154083,0.9700000286102295,0.4797999858856201
YLR002C,YHL020C,0,-7.9951773,0.16814005374908447,0.9700000286102295,0.4799000024795532
YBR205W,YDR143C,0,-7.9958644,0.1681109219789505,0.9700000286102295,0.47999998927116394
YOR001W,YER190W,0,-7.9958873,0.16808179020881653,0.9700000286102295,0.48010000586509705
YLR238W,YDR156W,0,-7.996332,0.16805267333984375,0.9700000286102295,0.48019999265670776
YBR084W,YOR372C,0,-7.996647,0.16802355647087097,0.9700000286102295,0.48030000925064087
YJL033W,YDR545W,0,-7.997005,0.1679944545030594,0.9700000286102295,0.4803999960422516
YOR067C,YAL005C,0,-7.9973574,0.167965367436409,0.9700000286102295,0.4805000126361847
YOL112W,YJL192C,0,-7.9977894,0.1679362952709198,0.9700000286102295,0.4805999994277954
YIL098C,YBL002W,0,-7.9978642,0.1679072231054306,0.9700000286102295,0.48069998621940613
YIL062C,YOL138C,0,-7.998094,0.1678781658411026,0.9700000286102295,0.48080000281333923
YGL136C,YDR450W,0,-7.998478,0.1678491085767746,0.9700000286102295,0.48089998960494995
YHR166C,YBR023C,0,-7.9985437,0.1678200662136078,0.9700000286102295,0.48100000619888306
YDR465C,YFL038C,0,-7.998585,0.16779103875160217,0.9700000286102295,0.4810999929904938
YLR423C,YJR077C,0,-7.998741,0.16776202619075775,0.9700000286102295,0.4812000095844269
YNL169C,YOR151C,0,-7.9988894,0.16773301362991333,0.9700000286102295,0.4812999963760376
YJR001W,YMR308C,0,-7.9990005,0.1677040159702301,0.9700000286102295,0.4814000129699707
YLR033W,YDR422C,0,-7.9997563,0.16767501831054688,0.9700000286102295,0.4814999997615814
YCR075C,YGL127C,0,-8.000075,0.16764603555202484,0.9700000286102295,0.48159998655319214
YOL112W,YLR043C,0,-8.0000925,0.167617067694664,0.9700000286102295,0.48170000314712524
YDR141C,YDL007W,0,-8.000451,0.16758811473846436,0.9700000286102295,0.48179998993873596
YJR040W,YBR296C,0,-8.000546,0.1675591617822647,0.9700000286102295,0.48190000653266907
YLR309C,YML034W,0,-8.000703,0.16753022372722626,0.9700000286102295,0.4819999933242798
YNL172W,YGL136C,0,-8.00099,0.167501300573349,0.9700000286102295,0.4821000099182129
YNL290W,YNL283C,0,-8.001127,0.16747237741947174,0.9700000286102295,0.4821999967098236
YIR006C,YFL045C,0,-8.001617,0.16744346916675568,0.9700000286102295,0.4823000133037567
YJL073W,YOR045W,0,-8.002032,0.1674145609140396,0.9700000286102295,0.48240000009536743
YNL287W,YOR295W,0,-8.002189,0.16738568246364594,0.9700000286102295,0.48249998688697815
YLR109W,YER018C,0,-8.00222,0.16735680401325226,0.9700000286102295,0.48260000348091125
YJL004C,YOR083W,0,-8.002284,0.16732792556285858,0.9700000286102295,0.482699990272522
YNL239W,YER104W,0,-8.002752,0.1672990620136261,0.9700000286102295,0.4828000068664551
YLR399C,YGL038C,0,-8.002927,0.1672702133655548,0.9700000286102295,0.4828999936580658
YOR201C,YGL167C,0,-8.003097,0.16724137961864471,0.9700000286102295,0.4830000102519989
YBL099W,YHR079C-B,0,-8.003371,0.16721254587173462,0.9700000286102295,0.4830999970436096
YKR052C,YDR472W,0,-8.003546,0.16718372702598572,0.9700000286102295,0.4832000136375427
YGL051W,YKR053C,0,-8.004167,0.167154923081398,0.9700000286102295,0.48330000042915344
YKR067W,YKL138C-A,0,-8.004221,0.1671261191368103,0.9700000286102295,0.48339998722076416
YCR027C,YBL100W-B,0,-8.004268,0.1670973300933838,0.9700000286102295,0.48350000381469727
YEL032W,YOL042W,0,-8.004362,0.16706855595111847,0.9700000286102295,0.483599990606308
YDR192C,YLR014C,0,-8.004669,0.16703978180885315,0.9700000286102295,0.4837000072002411
YLR254C,YJR009C,0,-8.005395,0.16701102256774902,0.9700000286102295,0.4837999939918518
YJL092W,YDL130W,0,-8.005577,0.1669822633266449,0.9700000286102295,0.4839000105857849
YMR075W,YPL063W,0,-8.005899,0.16695353388786316,0.9700000286102295,0.48399999737739563
YFL031W,YDR065W,0,-8.0059,0.16692480444908142,0.9700000286102295,0.48410001397132874
YDR028C,YJL114W,0,-8.005921,0.16689607501029968,0.9700000286102295,0.48420000076293945
YOR310C,YDL190C,0,-8.006031,0.16686736047267914,0.9700000286102295,0.48429998755455017
YOR030W,YKR101W,0,-8.006071,0.1668386608362198,0.9700000286102295,0.4844000041484833
YOL149W,YER147C,0,-8.006087,0.16680997610092163,0.9700000286102295,0.484499990940094
YMR022W,YDR443C,0,-8.006277,0.16678129136562347,0.9700000286102295,0.4846000075340271
YJR065C,YDR167W,0,-8.006364,0.1667526215314865,0.9700000286102295,0.4846999943256378
YNL091W,YAR003W,0,-8.006501,0.16672396659851074,0.9700000286102295,0.4848000109195709
YPL116W,YMR268C,0,-8.006613,0.16669531166553497,0.9700000286102295,0.48489999771118164
YJR006W,YPL196W,0,-8.006746,0.1666666716337204,0.9700000286102295,0.48500001430511475
YKL120W,YKL196C,0,-8.006792,0.16663803160190582,0.9700000286102295,0.48510000109672546
YOR371C,YJL117W,0,-8.007157,0.16660940647125244,0.9700000286102295,0.4851999878883362
YOL051W,YBR055C,0,-8.007325,0.16658079624176025,0.9700000286102295,0.4853000044822693
YLR095C,YGL093W,0,-8.00737,0.16655220091342926,0.9700000286102295,0.48539999127388
YEL009C,YBL039C,0,-8.007923,0.16652360558509827,0.9700000286102295,0.4855000078678131
YLL042C,YLL040C,0,-8.007978,0.16649502515792847,0.9700000286102295,0.48559999465942383
YKR097W,YGR046W,0,-8.008087,0.16646644473075867,0.9700000286102295,0.48570001125335693
YHR021C,YCR067C,0,-8.008088,0.16643787920475006,0.9700000286102295,0.48579999804496765
YBR072W,YKL117W,0,-8.008342,0.16640932857990265,0.9700000286102295,0.48590001463890076
YEL063C,YIL026C,0,-8.008403,0.16638079285621643,0.9700000286102295,0.4860000014305115
YIR013C,YFR048W,0,-8.008539,0.1663522571325302,0.9700000286102295,0.4860999882221222
YNR053C,YPL022W,0,-8.008966,0.1663237363100052,0.9700000286102295,0.4862000048160553
YDL137W,YDR088C,0,-8.009378,0.16629521548748016,0.9700000286102295,0.486299991607666
YLR138W,YEL020W-A,0,-8.009526,0.16626670956611633,0.9700000286102295,0.4864000082015991
YGR274C,YHR039C-A,0,-8.009688,0.1662382185459137,0.9700000286102295,0.48649999499320984
YOR279C,YGL129C,0,-8.009819,0.16620972752571106,0.9700000286102295,0.48660001158714294
YOR313C,YDR545W,0,-8.010172,0.16618125140666962,0.9700000286102295,0.48669999837875366
YNL332W,YCL069W,0,-8.010741,0.16615279018878937,0.9700000286102295,0.4867999851703644
YEL017C-A,YPR198W,0,-8.010829,0.16612432897090912,0.9700000286102295,0.4869000017642975
YCR093W,YIR026C,0,-8.010844,0.16609589755535126,0.9700000286102295,0.4869999885559082
YLR175W,YGR278W,0,-8.01126,0.1660674512386322,0.9700000286102295,0.4871000051498413
YGL032C,YGR030C,0,-8.011556,0.16603903472423553,0.9700000286102295,0.487199991941452
YDL033C,YLR126C,0,-8.011796,0.16601061820983887,0.9700000286102295,0.48730000853538513
YJR069C,YOR068C,0,-8.011966,0.1659822016954422,0.9700000286102295,0.48739999532699585
YHR166C,YGR254W,0,-8.012021,0.16595380008220673,0.9700000286102295,0.48750001192092896
YNL223W,YLR309C,0,-8.012322,0.16592541337013245,0.9700000286102295,0.4875999987125397
YMR060C,YIR026C,0,-8.012625,0.16589704155921936,0.9700000286102295,0.4876999855041504
YOR120W,YBL088C,0,-8.012778,0.16586866974830627,0.9700000286102295,0.4878000020980835
YKL089W,YPR075C,0,-8.013703,0.16584031283855438,0.9700000286102295,0.4878999888896942
YLR228C,YDL247W,0,-8.013839,0.16581197082996368,0.9700000286102295,0.4880000054836273
YHL006C,YPR133W-A,0,-8.014195,0.16578362882137299,0.9700000286102295,0.48809999227523804
YDR279W,YNL299W,0,-8.014215,0.16575530171394348,0.9700000286102295,0.48820000886917114
YPR081C,YDL159W,0,-8.014478,0.16572697460651398,0.9700000286102295,0.48829999566078186
YPL137C,YEL069C,0,-8.014531,0.16569866240024567,0.9700000286102295,0.48840001225471497
YOR245C,YLR383W,0,-8.014705,0.16567036509513855,0.9700000286102295,0.4884999990463257
YML094W,YOR007C,0,-8.01474,0.16564208269119263,0.9700000286102295,0.4885999858379364
YGL033W,YKL059C,0,-8.014943,0.1656138002872467,0.9700000286102295,0.4887000024318695
YER030W,YGL222C,0,-8.015023,0.16558551788330078,0.9700000286102295,0.4887999892234802
YOR317W,YPL075W,0,-8.015708,0.16555726528167725,0.9700000286102295,0.48890000581741333
YDR314C,YNL257C,0,-8.015828,0.1655290126800537,0.9700000286102295,0.48899999260902405
YBL005W-B,YGR161W-B,0,-8.015832,0.16550077497959137,0.9700000286102295,0.48910000920295715
YBR297W,YMR016C,0,-8.015836,0.16547253727912903,0.9700000286102295,0.48919999599456787
YJR144W,YOR288C,0,-8.016073,0.16544431447982788,0.9700000286102295,0.489300012588501
YJL018W,YKR060W,0,-8.016253,0.16541609168052673,0.9700000286102295,0.4893999993801117
YKL048C,YOL090W,0,-8.01663,0.16538789868354797,0.9700000286102295,0.4894999861717224
YNL233W,YDR190C,0,-8.016856,0.1653597056865692,0.9700000286102295,0.4896000027656555
YLR013W,YKR046C,0,-8.016956,0.16533151268959045,0.9700000286102295,0.48969998955726624
YFL024C,YOR168W,0,-8.017786,0.1653033345937729,0.9700000286102295,0.48980000615119934
YHR082C,YLL017W,0,-8.017848,0.16527517139911652,0.9700000286102295,0.48989999294281006
YGR252W,YBL064C,0,-8.017895,0.16524702310562134,0.9700000286102295,0.49000000953674316
YMR316W,YAR018C,0,-8.018213,0.16521887481212616,0.9700000286102295,0.4900999963283539
YAR019C,YDR022C,0,-8.018468,0.16519074141979218,0.9700000286102295,0.490200012922287
YNL232W,YOL067C,0,-8.018577,0.1651626080274582,0.9700000286102295,0.4902999997138977
YCR093W,YOR353C,0,-8.018718,0.1651344895362854,0.9700000286102295,0.4903999865055084
YDL044C,YMR045C,0,-8.018741,0.1651063859462738,0.9700000286102295,0.49050000309944153
YLR321C,YPR054W,0,-8.018964,0.1650782823562622,0.9700000286102295,0.49059998989105225
YMR312W,YAR044W,0,-8.018973,0.1650501936674118,0.9700000286102295,0.49070000648498535
YLR452C,YDR146C,0,-8.019221,0.1650221198797226,0.9700000286102295,0.49079999327659607
YJR144W,YGR199W,0,-8.019719,0.1649940460920334,0.9700000286102295,0.4909000098705292
YER174C,YHR205W,0,-8.019838,0.16496598720550537,0.9700000286102295,0.4909999966621399
YGL167C,YPL120W,0,-8.020141,0.16493792831897736,0.9700000286102295,0.491100013256073
YJL170C,YDR252W,0,-8.020233,0.16490989923477173,0.9700000286102295,0.4912000000476837
YLR265C,YOR195W,0,-8.020869,0.1648818701505661,0.9700000286102295,0.49129998683929443
YBR112C,YOR367W,0,-8.020872,0.16485384106636047,0.9700000286102295,0.49140000343322754
YOL017W,YDR175C,0,-8.020885,0.16482582688331604,0.9700000286102295,0.49149999022483826
YDR316W-A,YOR343W-A,0,-8.020913,0.1647978276014328,0.9700000286102295,0.49160000681877136
YPR010C,YLR157C-B,0,-8.020913,0.16476982831954956,0.9700000286102295,0.4916999936103821
YMR023C,YPL031C,0,-8.020981,0.16474184393882751,0.9700000286102295,0.4918000102043152
YNL259C,YMR168C,0,-8.021051,0.16471387445926666,0.9700000286102295,0.4918999969959259
YLR207W,YOL147C,0,-8.021167,0.1646859049797058,0.9700000286102295,0.492000013589859
YFL055W,YBL005W,0,-8.021366,0.16465795040130615,0.9700000286102295,0.4921000003814697
YER087C-B,YKL051W,0,-8.021586,0.1646300107240677,0.9700000286102295,0.49219998717308044
YFR004W,YDR115W,0,-8.021652,0.16460207104682922,0.9700000286102295,0.49230000376701355
YJL178C,YOR356W,0,-8.021707,0.16457414627075195,0.9700000286102295,0.49239999055862427
YDR300C,YBR237W,0,-8.021784,0.16454622149467468,0.9700000286102295,0.4925000071525574
YLR228C,YCL051W,0,-8.021914,0.1645183116197586,0.9700000286102295,0.4925999939441681
YAR002C-A,YLR139C,0,-8.022267,0.16449041664600372,0.9700000286102295,0.4927000105381012
YDL220C,YMR134W,0,-8.022828,0.16446253657341003,0.9700000286102295,0.4927999973297119
YDR072C,YDR255C,0,-8.023114,0.16443465650081635,0.9700000286102295,0.492900013923645
YCL029C,YKR083C,0,-8.023513,0.16440677642822266,0.9700000286102295,0.49300000071525574
YER045C,YKR060W,0,-8.024509,0.16437892615795135,0.9700000286102295,0.49309998750686646
YGL061C,YMR172W,0,-8.024926,0.16435106098651886,0.9700000286102295,0.49320000410079956
YOR014W,YLR398C,0,-8.025083,0.16432322561740875,0.9700000286102295,0.4932999908924103
YJL092W,YIL039W,0,-8.025379,0.16429539024829865,0.9700000286102295,0.4934000074863434
YMR083W,YOR001W,0,-8.025389,0.16426756978034973,0.9700000286102295,0.4934999942779541
YOR250C,YIL065C,0,-8.025579,0.16423974931240082,0.9700000286102295,0.4936000108718872
YBL056W,YHR038W,0,-8.02678,0.1642119586467743,0.9700000286102295,0.4936999976634979
YMR240C,YEL019C,0,-8.026809,0.16418415307998657,0.9700000286102295,0.49380001425743103
YJL170C,YOR237W,0,-8.027131,0.16415637731552124,0.9700000286102295,0.49390000104904175
YCR092C,YJL191W,0,-8.027165,0.1641286015510559,0.9700000286102295,0.49399998784065247
YML130C,YJL001W,0,-8.027435,0.16410082578659058,0.9700000286102295,0.49410000443458557
YGL144C,YGL244W,0,-8.02781,0.16407306492328644,0.9700000286102295,0.4941999912261963
YGR006W,YDR247W,0,-8.027868,0.1640453189611435,0.9700000286102295,0.4943000078201294
YMR229C,YMR134W,0,-8.027953,0.16401758790016174,0.9700000286102295,0.4943999946117401
YDR272W,YER123W,0,-8.028373,0.16398985683918,0.9700000286102295,0.4945000112056732
YCR058C,YDR175C,0,-8.028933,0.16396214067935944,0.9700000286102295,0.49459999799728394
YEL009C,YER190W,0,-8.028934,0.16393442451953888,0.9700000286102295,0.49470001459121704
YDL209C,YFL002W-A,0,-8.029039,0.16390672326087952,0.9700000286102295,0.49480000138282776
YDR294C,YER074W-A,0,-8.029348,0.16387903690338135,0.9700000286102295,0.4948999881744385
YDL132W,YER013W,0,-8.029648,0.16385135054588318,0.9700000286102295,0.4950000047683716
YJL157C,YGL046W,0,-8.029729,0.1638236790895462,0.9700000286102295,0.4950999915599823
YNL047C,YOR089C,0,-8.029755,0.16379600763320923,0.9700000286102295,0.4952000081539154
YOL080C,YBR165W,0,-8.030047,0.16376836597919464,0.9700000286102295,0.4952999949455261
YAR015W,YDR477W,0,-8.030093,0.16374070942401886,0.9700000286102295,0.49540001153945923
YPL048W,YPL095C,0,-8.030134,0.16371308267116547,0.9700000286102295,0.49549999833106995
YPL047W,YMR117C,0,-8.030644,0.16368545591831207,0.9700000286102295,0.49559998512268066
YPR179C,YEL065W,0,-8.030955,0.16365784406661987,0.9700000286102295,0.49570000171661377
YNL261W,YER012W,0,-8.031701,0.16363023221492767,0.9700000286102295,0.4957999885082245
YNL229C,YMR050C,0,-8.031995,0.16360263526439667,0.9700000286102295,0.4959000051021576
YLR223C,YBR260C,0,-8.032226,0.16357503831386566,0.9700000286102295,0.4959999918937683
YJL094C,YBL051C,0,-8.032532,0.16354745626449585,0.9700000286102295,0.4961000084877014
YBR119W,YDL092W,0,-8.032637,0.16351988911628723,0.9700000286102295,0.49619999527931213
YDR259C,YJL113W,0,-8.032639,0.1634923368692398,0.9700000286102295,0.49630001187324524
YER061C,YGL257C,0,-8.032752,0.16346478462219238,0.9700000286102295,0.49639999866485596
YJL110C,YBL005W,0,-8.032767,0.16343723237514496,0.9700000286102295,0.4964999854564667
YDR317W,YGR119C,0,-8.032773,0.16340970993041992,0.9700000286102295,0.4966000020503998
YKL140W,YBR058C,0,-8.03287,0.1633821725845337,0.9700000286102295,0.4966999888420105
YDR263C,YOR353C,0,-8.032914,0.16335466504096985,0.9700000286102295,0.4968000054359436
YPR111W,YDR492W,0,-8.0335045,0.163327157497406,0.9700000286102295,0.4968999922275543
YPR122W,YGR078C,0,-8.033687,0.16329966485500336,0.9700000286102295,0.4970000088214874
YDR499W,YLR224W,0,-8.034127,0.1632721722126007,0.9700000286102295,0.49709999561309814
YER009W,YLR383W,0,-8.034634,0.16324469447135925,0.9700000286102295,0.49720001220703125
YNL297C,YPR056W,0,-8.034975,0.163217231631279,0.9700000286102295,0.49729999899864197
YDL245C,YFL059W,0,-8.035313,0.16318976879119873,0.9700000286102295,0.4973999857902527
YCL012W,YLR163C,0,-8.035383,0.16316232085227966,0.9700000286102295,0.4975000023841858
YIL044C,YDR179C,0,-8.035407,0.1631348878145218,0.9700000286102295,0.4975999891757965
YDR487C,YOL006C,0,-8.0355625,0.16310745477676392,0.9700000286102295,0.4977000057697296
YIR017C,YEL057C,0,-8.035684,0.16308002173900604,0.9700000286102295,0.49779999256134033
YLR228C,YLR466W,0,-8.0361,0.16305261850357056,0.9700000286102295,0.49790000915527344
YDR416W,YKL041W,0,-8.036327,0.16302521526813507,0.9700000286102295,0.49799999594688416
YPL167C,YJR141W,0,-8.036509,0.16299781203269958,0.9700000286102295,0.49810001254081726
YFR050C,YLR453C,0,-8.038001,0.1629704236984253,0.9700000286102295,0.498199999332428
YJL222W,YBR216C,0,-8.038345,0.1629430502653122,0.9700000286102295,0.4982999861240387
YMR161W,YDR224C,0,-8.038934,0.1629156917333603,0.9700000286102295,0.4984000027179718
YDR254W,YOL109W,0,-8.038941,0.1628883332014084,0.9700000286102295,0.4984999895095825
YNL279W,YLR298C,0,-8.039109,0.16286097466945648,0.9700000286102295,0.4986000061035156
YBR021W,YHR059W,0,-8.039136,0.16283364593982697,0.9700000286102295,0.49869999289512634
YLR172C,YKR042W,0,-8.03999,0.16280631721019745,0.9700000286102295,0.49880000948905945
YJL014W,YOR305W,0,-8.0400305,0.16277898848056793,0.9700000286102295,0.49889999628067017
YPL040C,YPR073C,0,-8.040267,0.1627516746520996,0.9700000286102295,0.49900001287460327
YOR361C,YDR065W,0,-8.040322,0.16272437572479248,0.9700000286102295,0.499099999666214
YLR433C,YGL001C,0,-8.04036,0.16269707679748535,0.9700000286102295,0.4991999864578247
YKL022C,YOL095C,0,-8.040473,0.16266979277133942,0.9700000286102295,0.4993000030517578
YCR020W-B,YGR101W,0,-8.040588,0.16264252364635468,0.9700000286102295,0.49939998984336853
YMR100W,YMR247C,0,-8.04091,0.16261525452136993,0.9700000286102295,0.49950000643730164
YGL194C,YBL020W,0,-8.041208,0.1625880002975464,0.9700000286102295,0.49959999322891235
YPR049C,YCR052W,0,-8.041433,0.16256074607372284,0.9700000286102295,0.49970000982284546
YNR058W,YDR198C,0,-8.041605,0.16253350675106049,0.9700000286102295,0.4997999966144562
YNL051W,YOR083W,0,-8.042054,0.16250628232955933,0.9700000286102295,0.4999000132083893
YDR106W,YDL155W,0,-8.042426,0.16247905790805817,0.9700000286102295,0.5
YOR362C,YGL249W,0,-8.042763,0.1624518483877182,0.9700000286102295,0.5001000165939331
YLR216C,YMR008C,0,-8.042876,0.16242465376853943,0.9700000286102295,0.5001999735832214
YNR033W,YPL002C,0,-8.043197,0.16239745914936066,0.9700000286102295,0.5002999901771545
YJR053W,YJL110C,0,-8.043316,0.16237026453018188,0.9700000286102295,0.5004000067710876
YKR034W,YKL176C,0,-8.043507,0.1623430997133255,0.9700000286102295,0.5005000233650208
YCR077C,YGL212W,0,-8.044072,0.16231593489646912,0.9700000286102295,0.5005999803543091
YGR081C,YNL309W,0,-8.044447,0.16228877007961273,0.9700000286102295,0.5006999969482422
YIL124W,YBL034C,0,-8.044508,0.16226162016391754,0.9700000286102295,0.5008000135421753
YER009W,YDL076C,0,-8.044818,0.16223448514938354,0.9700000286102295,0.5008999705314636
YPL271W,YLR396C,0,-8.04506,0.16220736503601074,0.9700000286102295,0.5009999871253967
YDR079W,YPL128C,0,-8.045863,0.16218023002147675,0.9700000286102295,0.5011000037193298
YOR067C,YLR442C,0,-8.046457,0.16215312480926514,0.9700000286102295,0.5012000203132629
YJL071W,YML126C,0,-8.04662,0.16212601959705353,0.9700000286102295,0.5012999773025513
YDR123C,YDR449C,0,-8.047462,0.1620989292860031,0.9700000286102295,0.5013999938964844
YLR295C,YDR254W,0,-8.047757,0.1620718389749527,0.9700000286102295,0.5015000104904175
YNL094W,YCR106W,0,-8.04803,0.16204477846622467,0.9700000286102295,0.5016000270843506
YJL127C,YBL100W-A,0,-8.048734,0.16201770305633545,0.9700000286102295,0.5016999840736389
YIL035C,YGL183C,0,-8.049323,0.16199064254760742,0.9700000286102295,0.501800000667572
YGL240W,YKR014C,0,-8.049778,0.1619635969400406,0.9700000286102295,0.5019000172615051
YKL125W,YLR385C,0,-8.0497875,0.16193656623363495,0.9700000286102295,0.5019999742507935
YDR039C,YDR244W,0,-8.049863,0.1619095355272293,0.9700000286102295,0.5020999908447266
YFL011W-A,YKR090W,0,-8.050062,0.16188250482082367,0.9700000286102295,0.5022000074386597
YLL040C,YDR495C,0,-8.05031,0.16185550391674042,0.9700000286102295,0.5023000240325928
YDR130C,YNL073W,0,-8.050876,0.16182848811149597,0.9700000286102295,0.5023999810218811
YDL059C,YGL162W,0,-8.05097,0.1618015021085739,0.9700000286102295,0.5024999976158142
YKL022C,YDR472W,0,-8.050987,0.16177451610565186,0.9700000286102295,0.5026000142097473
YLR347C,YNL117W,0,-8.051047,0.161747545003891,0.9700000286102295,0.5026999711990356
YHR089C,YKL043W,0,-8.051168,0.16172057390213013,0.9700000286102295,0.5027999877929688
YBR130C,YLR224W,0,-8.05166,0.16169361770153046,0.9700000286102295,0.5029000043869019
YPR073C,YPL011C,0,-8.051675,0.1616666615009308,0.9700000286102295,0.503000020980835
YOR315W,YIR011C,0,-8.051692,0.1616397202014923,0.9700000286102295,0.5030999779701233
YOL064C,YNL082W,0,-8.051696,0.16161279380321503,0.9700000286102295,0.5031999945640564
YER108C,YGR270W,0,-8.051719,0.16158586740493774,0.9700000286102295,0.5033000111579895
YCL052C,YDR164C,0,-8.051771,0.16155895590782166,0.9700000286102295,0.5034000277519226
YER159C,YLR342W,0,-8.052097,0.16153205931186676,0.9700000286102295,0.5034999847412109
YGR029W,YJR052W,0,-8.052137,0.16150516271591187,0.9700000286102295,0.503600001335144
YKL028W,YJL012C-A,0,-8.052485,0.16147828102111816,0.9700000286102295,0.5037000179290771
YBL097W,YJL061W,0,-8.053296,0.16145139932632446,0.9700000286102295,0.5037999749183655
YEL030W,YKL194C,0,-8.05338,0.16142453253269196,0.9700000286102295,0.5038999915122986
YKL048C,YKL001C,0,-8.053424,0.16139766573905945,0.9700000286102295,0.5040000081062317
YHR079C,YIL082W-A,0,-8.053437,0.16137081384658813,0.9700000286102295,0.5041000247001648
YDL188C,YKL015W,0,-8.053438,0.16134397685527802,0.9700000286102295,0.5041999816894531
YCR055C,YGL113W,0,-8.05348,0.1613171398639679,0.9700000286102295,0.5042999982833862
YPL058C,YDR323C,0,-8.053861,0.16129031777381897,0.9700000286102295,0.5044000148773193
YOR137C,YKL070W,0,-8.053966,0.16126351058483124,0.9700000286102295,0.5044999718666077
YGR134W,YKL125W,0,-8.05427,0.1612367033958435,0.9700000286102295,0.5045999884605408
YDR358W,YMR023C,0,-8.054307,0.16120991110801697,0.9700000286102295,0.5047000050544739
YBR109C,YLR206W,0,-8.055236,0.16118311882019043,0.9700000286102295,0.504800021648407
YPR198W,YGR048W,0,-8.055605,0.16115634143352509,0.9700000286102295,0.5048999786376953
YAL029C,YMR272C,0,-8.0556755,0.16112956404685974,0.9700000286102295,0.5049999952316284
YBR142W,YOR150W,1,-8.056075,0.16126888990402222,0.9710000157356262,0.5049999952316284
YJR144W,YHR001W,0,-8.0560875,0.16124211251735687,0.9710000157356262,0.5051000118255615
YOL010W,YML038C,0,-8.056141,0.16121533513069153,0.9710000157356262,0.5052000284194946
YHL047C,YDL024C,0,-8.0563135,0.16118857264518738,0.9710000157356262,0.505299985408783
YOL091W,YJL113W,0,-8.0569725,0.16116182506084442,0.9710000157356262,0.5054000020027161
YOR003W,YJR120W,0,-8.057072,0.16113507747650146,0.9710000157356262,0.5055000185966492
YKR039W,YDR392W,0,-8.057303,0.1611083447933197,0.9710000157356262,0.5055999755859375
YLR106C,YML025C,1,-8.057957,0.16124750673770905,0.972000002861023,0.5055999755859375
YGL209W,YOR274W,0,-8.058029,0.1612207591533661,0.972000002861023,0.5056999921798706
YDR039C,YER054C,0,-8.058191,0.16119402647018433,0.972000002861023,0.5058000087738037
YDR339C,YIL098C,0,-8.058316,0.16116730868816376,0.972000002861023,0.5059000253677368
YDR179C,YNL299W,0,-8.058389,0.1611405909061432,0.972000002861023,0.5059999823570251
YGL191W,YPL232W,0,-8.059045,0.16111387312412262,0.972000002861023,0.5060999989509583
YKR022C,YNL016W,0,-8.059536,0.16108717024326324,0.972000002861023,0.5062000155448914
YNL112W,YBR086C,0,-8.0597,0.16106048226356506,0.972000002861023,0.5062999725341797
YLR423C,YJL113W,0,-8.059832,0.16103379428386688,0.972000002861023,0.5063999891281128
YML075C,YKR048C,0,-8.059925,0.1610071212053299,0.972000002861023,0.5065000057220459
YOR245C,YOR298C-A,0,-8.06003,0.1609804630279541,0.972000002861023,0.506600022315979
YOL145C,YPL075W,0,-8.060059,0.1609538048505783,0.972000002861023,0.5066999793052673
YOR294W,YDL244W,0,-8.060065,0.16092714667320251,0.972000002861023,0.5067999958992004
YML121W,YNL330C,0,-8.060251,0.1609005182981491,0.972000002861023,0.5069000124931335
YML043C,YOL138C,0,-8.060296,0.1608738899230957,0.972000002861023,0.5070000290870667
YDR085C,YJL013C,0,-8.060452,0.1608472615480423,0.972000002861023,0.507099986076355
YAL026C,YJR144W,0,-8.060575,0.16082064807415009,0.972000002861023,0.5072000026702881
YDR016C,YHR106W,0,-8.060874,0.16079404950141907,0.972000002861023,0.5073000192642212
YDR054C,YDR440W,0,-8.060957,0.16076745092868805,0.972000002861023,0.5073999762535095
YJR158W,YAL029C,0,-8.061104,0.16074086725711823,0.972000002861023,0.5074999928474426
YGR157W,YPR054W,0,-8.061328,0.1607142835855484,0.972000002861023,0.5076000094413757
YOL034W,YPR080W,0,-8.0614605,0.16068771481513977,0.972000002861023,0.5077000260353088
YKL176C,YHR106W,0,-8.061876,0.16066116094589233,0.972000002861023,0.5077999830245972
YHR013C,YKL075C,0,-8.062185,0.1606346070766449,0.972000002861023,0.5078999996185303
YOR240W,YDR346C,0,-8.063236,0.16060806810855865,0.972000002861023,0.5080000162124634
YML126C,YOL116W,0,-8.063312,0.1605815291404724,0.972000002861023,0.5080999732017517
YMR038C,YPR139C,0,-8.063458,0.16055500507354736,0.972000002861023,0.5081999897956848
YDL116W,YBR293W,0,-8.063468,0.1605284959077835,0.972000002861023,0.5083000063896179
YOR109W,YKL006C-A,0,-8.0641365,0.16050198674201965,0.972000002861023,0.508400022983551
YNL199C,YPL127C,0,-8.064581,0.1604754775762558,0.972000002861023,0.5084999799728394
YOR245C,YER018C,0,-8.064643,0.16044899821281433,0.972000002861023,0.5085999965667725
YOL033W,YHL012W,0,-8.064963,0.16042251884937286,0.972000002861023,0.5087000131607056
YNR044W,YHR196W,0,-8.0651655,0.1603960394859314,0.972000002861023,0.5088000297546387
YGR116W,YLR234W,0,-8.065464,0.16036957502365112,0.972000002861023,0.508899986743927
YDL132W,YFR002W,0,-8.065486,0.16034312546253204,0.972000002861023,0.5090000033378601
YOR257W,YOR363C,0,-8.065537,0.16031667590141296,0.972000002861023,0.5091000199317932
YER108C,YNR060W,0,-8.06554,0.16029024124145508,0.972000002861023,0.5091999769210815
YNR032W,YDL224C,0,-8.06585,0.1602638065814972,0.972000002861023,0.5092999935150146
YAL056W,YLR328W,0,-8.065855,0.1602373868227005,0.972000002861023,0.5094000101089478
YEL030W,YMR036C,0,-8.066321,0.160210981965065,0.972000002861023,0.5095000267028809
YCL011C,YNL326C,0,-8.066599,0.1601845771074295,0.972000002861023,0.5095999836921692
YMR208W,YPR132W,0,-8.0666065,0.1601581871509552,0.972000002861023,0.5097000002861023
YNL142W,YMR101C,0,-8.067026,0.1601317971944809,0.972000002861023,0.5098000168800354
YPR183W,YIL017W,0,-8.067257,0.16010542213916779,0.972000002861023,0.5098999738693237
YDL220C,YPL156C,0,-8.069032,0.16007904708385468,0.972000002861023,0.5099999904632568
YCR024C-A,YLR383W,0,-8.069211,0.16005268692970276,0.972000002861023,0.5101000070571899
YGR288W,YER190W,0,-8.069315,0.16002634167671204,0.972000002861023,0.510200023651123
YCR088W,YGL212W,0,-8.069489,0.1599999964237213,0.972000002861023,0.5102999806404114
YJR013W,YCR073C,0,-8.069932,0.15997366607189178,0.972000002861023,0.5103999972343445
YKL048C,YMR008C,0,-8.070069,0.15994733572006226,0.972000002861023,0.5105000138282776
YNL117W,YOR127W,0,-8.070767,0.15992102026939392,0.972000002861023,0.5105999708175659
YEL050C,YHR069C,0,-8.070919,0.15989471971988678,0.972000002861023,0.510699987411499
YHR115C,YOL076W,0,-8.071007,0.15986841917037964,0.972000002861023,0.5108000040054321
YML016C,YLR033W,0,-8.071072,0.1598421335220337,0.972000002861023,0.5109000205993652
YJL036W,YAR010C,0,-8.07164,0.15981584787368774,0.972000002861023,0.5109999775886536
YJL104W,YBL020W,0,-8.071814,0.159789577126503,0.972000002861023,0.5110999941825867
YHR011W,YOR003W,0,-8.071953,0.15976330637931824,0.972000002861023,0.5112000107765198
YGR140W,YJL204C,0,-8.072285,0.15973706543445587,0.972000002861023,0.5113000273704529
YGL093W,YJR026W,0,-8.072668,0.1597108095884323,0.972000002861023,0.5113999843597412
YDR507C,YKL043W,0,-8.07335,0.15968456864356995,0.972000002861023,0.5115000009536743
YLR401C,YKL117W,0,-8.073463,0.15965834259986877,0.972000002861023,0.5116000175476074
YDR039C,YDR323C,0,-8.073687,0.1596321165561676,0.972000002861023,0.5116999745368958
YHR120W,YLR043C,0,-8.0740795,0.15960590541362762,0.972000002861023,0.5117999911308289
YPL008W,YML088W,0,-8.074112,0.15957970917224884,0.972000002861023,0.511900007724762
YML126C,YHR214C-B,0,-8.074756,0.15955351293087006,0.972000002861023,0.5120000243186951
YPL138C,YML115C,0,-8.074793,0.15952733159065247,0.972000002861023,0.5120999813079834
YDR279W,YER180C-A,0,-8.074838,0.15950115025043488,0.972000002861023,0.5121999979019165
YBL017C,YOL034W,0,-8.074961,0.15947498381137848,0.972000002861023,0.5123000144958496
YGR082W,YNL107W,0,-8.07521,0.15944881737232208,0.972000002861023,0.5123999714851379
YNR074C,YDL247W,0,-8.075253,0.15942266583442688,0.972000002861023,0.512499988079071
YKL200C,YPL019C,0,-8.075414,0.15939652919769287,0.972000002861023,0.5126000046730042
YKL054C,YGR209C,0,-8.075781,0.15937039256095886,0.972000002861023,0.5127000212669373
YLR391W,YNL066W,0,-8.0761175,0.15934425592422485,0.972000002861023,0.5127999782562256
YGR108W,YIL017W,0,-8.076119,0.15931814908981323,0.972000002861023,0.5128999948501587
YJL110C,YDR494W,0,-8.076394,0.1592920422554016,0.972000002861023,0.5130000114440918
YNL218W,YMR004W,0,-8.076576,0.15926593542099,0.972000002861023,0.5131000280380249
YIL066C,YNR064C,0,-8.076706,0.15923984348773956,0.972000002861023,0.5131999850273132
YGL168W,YKR062W,0,-8.076847,0.15921376645565033,0.972000002861023,0.5133000016212463
YGL017W,YDR045C,0,-8.0772295,0.1591876894235611,0.972000002861023,0.5134000182151794
YOL086C,YGL207W,0,-8.077271,0.15916161239147186,0.972000002861023,0.5134999752044678
YIL132C,YDL120W,0,-8.077515,0.15913556516170502,0.972000002861023,0.5135999917984009
YPR143W,YJR026W,0,-8.077555,0.15910951793193817,0.972000002861023,0.513700008392334
YHR164C,YIR008C,0,-8.078076,0.15908347070217133,0.972000002861023,0.5138000249862671
YDL155W,YOR049C,0,-8.078104,0.15905743837356567,0.972000002861023,0.5138999819755554
YDR268W,YLL021W,0,-8.07858,0.15903142094612122,0.972000002861023,0.5139999985694885
YHR166C,YDL130W,0,-8.079181,0.15900540351867676,0.972000002861023,0.5141000151634216
YAR019C,YKL019W,0,-8.079656,0.1589793860912323,0.972000002861023,0.51419997215271
YDL178W,YPR008W,0,-8.079899,0.15895339846611023,0.972000002861023,0.5142999887466431
YOR173W,YLR069C,0,-8.079955,0.15892741084098816,0.972000002861023,0.5144000053405762
YPL121C,YCR067C,0,-8.080368,0.1589014232158661,0.972000002861023,0.5145000219345093
YGR204W,YPR056W,0,-8.080969,0.1588754504919052,0.972000002861023,0.5145999789237976
YDR529C,YBR081C,0,-8.081213,0.15884947776794434,0.972000002861023,0.5146999955177307
YKL186C,YOL072W,0,-8.0815115,0.15882353484630585,0.972000002861023,0.5148000121116638
YPR175W,YHR079C-B,0,-8.082356,0.15879757702350616,0.972000002861023,0.5149000287055969
YKL046C,YNR052C,0,-8.082411,0.15877164900302887,0.972000002861023,0.5149999856948853
YER109C,YGR213C,0,-8.083194,0.15874570608139038,0.972000002861023,0.5151000022888184
YGR193C,YJL141C,0,-8.08324,0.15871979296207428,0.972000002861023,0.5152000188827515
YNL318C,YJL210W,0,-8.083266,0.15869387984275818,0.972000002861023,0.5152999758720398
YFL024C,YDR404C,0,-8.083284,0.15866796672344208,0.972000002861023,0.5153999924659729
YMR202W,YER012W,0,-8.083451,0.15864208340644836,0.972000002861023,0.515500009059906
YNL142W,YLR132C,0,-8.083845,0.15861618518829346,0.972000002861023,0.5156000256538391
YML057W,YGL058W,0,-8.084594,0.15859030187129974,0.972000002861023,0.5156999826431274
YMR268C,YNL213C,0,-8.085197,0.15856443345546722,0.972000002861023,0.5157999992370605
YGL222C,YFR033C,0,-8.085332,0.1585385799407959,0.972000002861023,0.5159000158309937
YFR014C,YMR023C,0,-8.085341,0.15851272642612457,0.972000002861023,0.515999972820282
YLR256W,YIL150C,0,-8.085484,0.15848687291145325,0.972000002861023,0.5160999894142151
YKL074C,YJR044C,0,-8.085655,0.15846103429794312,0.972000002861023,0.5162000060081482
YDR175C,YDR532C,0,-8.085971,0.15843521058559418,0.972000002861023,0.5163000226020813
YDL059C,YBR254C,0,-8.086263,0.15840938687324524,0.972000002861023,0.5163999795913696
YKL040C,YOR151C,0,-8.086275,0.1583835780620575,0.972000002861023,0.5164999961853027
YBR102C,YMR210W,0,-8.086449,0.15835776925086975,0.972000002861023,0.5166000127792358
YMR095C,YFL060C,0,-8.086769,0.1583319753408432,0.972000002861023,0.516700029373169
YDR113C,YDR463W,0,-8.087463,0.15830619633197784,0.972000002861023,0.5167999863624573
YBL023C,YEL050C,0,-8.08754,0.1582804173231125,0.972000002861023,0.5169000029563904
YOL067C,YLR298C,0,-8.087552,0.15825463831424713,0.972000002861023,0.5170000195503235
YLR391W-A,YHR152W,0,-8.087911,0.15822887420654297,0.972000002861023,0.5170999765396118
YDR251W,YMR125W,0,-8.089031,0.158203125,0.972000002861023,0.5171999931335449
YNR027W,YHL006C,0,-8.089074,0.15817737579345703,0.972000002861023,0.517300009727478
YGL033W,YPL218W,0,-8.08925,0.15815164148807526,0.972000002861023,0.5174000263214111
YGL216W,YKL154W,0,-8.089262,0.15812592208385468,0.972000002861023,0.5174999833106995
YLR316C,YNL332W,0,-8.089388,0.1581001877784729,0.972000002861023,0.5175999999046326
YMR292W,YKL134C,0,-8.089755,0.1580744832754135,0.972000002861023,0.5177000164985657
YBR092C,YBL007C,0,-8.089967,0.15804877877235413,0.972000002861023,0.517799973487854
YLL004W,YBR012W-B,0,-8.090464,0.15802308917045593,0.972000002861023,0.5178999900817871
YBR202W,YML048W,0,-8.09053,0.15799739956855774,0.972000002861023,0.5180000066757202
YMR078C,YOR313C,0,-8.090654,0.15797172486782074,0.972000002861023,0.5181000232696533
YLR233C,YNL135C,0,-8.090876,0.15794605016708374,0.972000002861023,0.5181999802589417
YLR060W,YOL064C,0,-8.091155,0.15792039036750793,0.972000002861023,0.5182999968528748
YGR246C,YLR272C,0,-8.091161,0.15789473056793213,0.972000002861023,0.5184000134468079
YNR056C,YML076C,0,-8.091393,0.15786908566951752,0.972000002861023,0.5184999704360962
YPL256C,YDL060W,0,-8.0916815,0.1578434556722641,0.972000002861023,0.5185999870300293
YLR369W,YML088W,0,-8.092004,0.15781782567501068,0.972000002861023,0.5187000036239624
YIL098C,YLR350W,0,-8.092148,0.15779221057891846,0.972000002861023,0.5188000202178955
YPL058C,YPL019C,0,-8.092255,0.15776659548282623,0.972000002861023,0.5188999772071838
YOR074C,YOR275C,0,-8.092508,0.1577409952878952,0.972000002861023,0.5189999938011169
YBR040W,YNL133C,0,-8.092879,0.15771539509296417,0.972000002861023,0.51910001039505
YOR299W,YBR012W-A,0,-8.092881,0.15768980979919434,0.972000002861023,0.5192000269889832
YJL071W,YJL056C,0,-8.093183,0.1576642394065857,0.972000002861023,0.5192999839782715
YJL071W,YDR470C,0,-8.093208,0.15763866901397705,0.972000002861023,0.5194000005722046
YDR343C,YJL187C,0,-8.093734,0.1576130986213684,0.972000002861023,0.5195000171661377
YPL069C,YNR017W,0,-8.093781,0.15758754312992096,0.972000002861023,0.519599974155426
YGL133W,YMR095C,0,-8.094393,0.1575620025396347,0.972000002861023,0.5196999907493591
YKR052C,YDR145W,0,-8.094401,0.15753646194934845,0.972000002861023,0.5198000073432922
YLR342W,YDL022W,0,-8.094612,0.1575109362602234,0.972000002861023,0.5199000239372253
YBR040W,YDR138W,0,-8.094795,0.15748541057109833,0.972000002861023,0.5199999809265137
YOR298C-A,YGR075C,0,-8.094847,0.15745989978313446,0.972000002861023,0.5200999975204468
YGL205W,YOR081C,0,-8.094855,0.1574344038963318,0.972000002861023,0.5202000141143799
YMR255W,YDL118W,0,-8.094882,0.1574089080095291,0.972000002861023,0.5202999711036682
YBR131W,YOR301W,0,-8.095039,0.15738342702388763,0.972000002861023,0.5203999876976013
YPL164C,YOR266W,0,-8.095453,0.15735794603824615,0.972000002861023,0.5205000042915344
YOL165C,YBL100W-B,0,-8.095469,0.15733246505260468,0.972000002861023,0.5206000208854675
YIL004C,YML038C,0,-8.095473,0.15730701386928558,0.972000002861023,0.5206999778747559
YJR144W,YER022W,0,-8.095677,0.1572815477848053,0.972000002861023,0.520799994468689
YKL190W,YGL244W,0,-8.095759,0.1572561115026474,0.972000002861023,0.5209000110626221
YPL213W,YOR068C,0,-8.095818,0.1572306752204895,0.972000002861023,0.5210000276565552
YDL159W,YHR020W,0,-8.096293,0.1572052389383316,0.972000002861023,0.5210999846458435
YKR065C,YDR126W,0,-8.096697,0.1571798175573349,0.972000002861023,0.5212000012397766
YCR093W,YAL059W,0,-8.097208,0.1571544110774994,0.972000002861023,0.5213000178337097
YGR109C,YOL088C,0,-8.097266,0.15712900459766388,0.972000002861023,0.521399974822998
YCR020C,YPL011C,0,-8.097346,0.15710359811782837,0.972000002861023,0.5214999914169312
YLR055C,YMR050C,0,-8.097651,0.15707822144031525,0.972000002861023,0.5216000080108643
YIR019C,YOR057W,0,-8.097685,0.15705282986164093,0.972000002861023,0.5217000246047974
YCL039W,YIL031W,0,-8.097916,0.157027468085289,0.972000002861023,0.5217999815940857
YOL102C,YPL120W,0,-8.098066,0.15700210630893707,0.972000002861023,0.5218999981880188
YPL262W,YLR182W,0,-8.098295,0.15697674453258514,0.972000002861023,0.5220000147819519
YDR448W,YCL020W,0,-8.098704,0.1569513976573944,0.972000002861023,0.5220999717712402
YEL066W,YNL098C,0,-8.098975,0.15692605078220367,0.972000002861023,0.5221999883651733
YLR069C,YDR261W-A,0,-8.09906,0.15690073370933533,0.972000002861023,0.5223000049591064
YDL209C,YDL245C,0,-8.099165,0.1568754017353058,0.972000002861023,0.5224000215530396
YNL001W,YOL116W,0,-8.100021,0.15685008466243744,0.972000002861023,0.5224999785423279
YHR007C,YCR073W-A,0,-8.100243,0.15682478249073029,0.972000002861023,0.522599995136261
YOL101C,YJR160C,0,-8.100502,0.15679948031902313,0.972000002861023,0.5227000117301941
YOR068C,YHR039C-B,0,-8.10102,0.15677419304847717,0.972000002861023,0.5228000283241272
YNL101W,YEL015W,0,-8.1014805,0.1567489057779312,0.972000002861023,0.5228999853134155
YDR256C,YDR492W,0,-8.101617,0.15672363340854645,0.972000002861023,0.5230000019073486
YDR077W,YPR056W,0,-8.101739,0.15669837594032288,0.972000002861023,0.5231000185012817
YLR109W,YOR153W,0,-8.10189,0.1566731184720993,0.972000002861023,0.5231999754905701
YNL331C,YHR083W,0,-8.102244,0.15664786100387573,0.972000002861023,0.5232999920845032
YNL201C,YGR042W,0,-8.10242,0.15662261843681335,0.972000002861023,0.5234000086784363
YHR058C,YKL170W,0,-8.103528,0.15659739077091217,0.972000002861023,0.5235000252723694
YPL195W,YDR358W,0,-8.103621,0.156572163105011,0.972000002861023,0.5235999822616577
YHR074W,YOR229W,0,-8.103667,0.156546950340271,0.972000002861023,0.5236999988555908
YGL090W,YOL042W,0,-8.103812,0.156521737575531,0.972000002861023,0.5238000154495239
YFR002W,YDR113C,0,-8.103938,0.1564965397119522,0.972000002861023,0.5238999724388123
YOR026W,YML074C,0,-8.104041,0.1564713418483734,0.972000002861023,0.5239999890327454
YML004C,YCL062W,0,-8.104458,0.1564461588859558,0.972000002861023,0.5241000056266785
YIL010W,YIR019C,0,-8.104722,0.1564209908246994,0.972000002861023,0.5242000222206116
YJL156C,YGR042W,0,-8.104723,0.156395822763443,0.972000002861023,0.5242999792098999
YLR249W,YER041W,0,-8.104738,0.15637065470218658,0.972000002861023,0.524399995803833
YDR141C,YLR141W,0,-8.104767,0.15634550154209137,0.972000002861023,0.5245000123977661
YGL233W,YMR039C,0,-8.104776,0.15632036328315735,0.972000002861023,0.5246000289916992
YBR279W,YNL317W,0,-8.104833,0.15629522502422333,0.972000002861023,0.5246999859809875
YPL084W,YOR032C,0,-8.105045,0.1562701016664505,0.972000002861023,0.5248000025749207
YMR163C,YGR004W,0,-8.105101,0.15624497830867767,0.972000002861023,0.5249000191688538
YLR117C,YDR005C,0,-8.105941,0.15621986985206604,0.972000002861023,0.5249999761581421
YGL201C,YBR193C,0,-8.106038,0.1561947613954544,0.972000002861023,0.5250999927520752
YJL003W,YJL047C,0,-8.106268,0.15616966784000397,0.972000002861023,0.5252000093460083
YNL042W,YBR169C,0,-8.106559,0.15614457428455353,0.972000002861023,0.5253000259399414
YML081C-A,YBL063W,0,-8.106816,0.15611949563026428,0.972000002861023,0.5253999829292297
YLR246W,YNR060W,0,-8.106906,0.15609443187713623,0.972000002861023,0.5254999995231628
YDR385W,YHR004C,0,-8.1073065,0.15606936812400818,0.972000002861023,0.525600016117096
YBR004C,YDR457W,0,-8.107634,0.15604430437088013,0.972000002861023,0.5256999731063843
YML071C,YBR090C-A,0,-8.107848,0.15601925551891327,0.972000002861023,0.5257999897003174
YNR058W,YMR050C,0,-8.107988,0.1559942215681076,0.972000002861023,0.5259000062942505
YDL149W,YPL213W,0,-8.108661,0.15596918761730194,0.972000002861023,0.5260000228881836
YBR102C,YLR265C,0,-8.108662,0.15594416856765747,0.972000002861023,0.5260999798774719
YFL035C,YKR097W,0,-8.108915,0.155919149518013,0.972000002861023,0.526199996471405
YDR260C,YAR010C,0,-8.108933,0.15589414536952972,0.972000002861023,0.5263000130653381
YPL078C,YDR422C,0,-8.109127,0.15586914122104645,0.972000002861023,0.5264000296592712
YDR330W,YJL113W,0,-8.109483,0.15584415197372437,0.972000002861023,0.5264999866485596
YBR199W,YPR161C,0,-8.109677,0.15581917762756348,0.972000002861023,0.5266000032424927
YKL170W,YGR152C,0,-8.110063,0.1557942032814026,0.972000002861023,0.5267000198364258
YJR001W,YFR037C,0,-8.11033,0.1557692289352417,0.972000002861023,0.5267999768257141
YGR092W,YHL022C,0,-8.110434,0.155744269490242,0.972000002861023,0.5268999934196472
YPR185W,YOR356W,0,-8.110616,0.1557193249464035,0.972000002861023,0.5270000100135803
YLR015W,YHR135C,0,-8.11105,0.155694380402565,0.972000002861023,0.5271000266075134
YDR256C,YLR385C,0,-8.111214,0.1556694358587265,0.972000002861023,0.5271999835968018
YIL132C,YNL112W,0,-8.111444,0.1556445211172104,0.972000002861023,0.5273000001907349
YFR046C,YOR211C,0,-8.111902,0.15561959147453308,0.972000002861023,0.527400016784668
YGR036C,YMR081C,0,-8.112396,0.15559469163417816,0.972000002861023,0.5274999737739563
YPR054W,YGR080W,0,-8.112554,0.15556977689266205,0.972000002861023,0.5275999903678894
YBR182C,YML045W,0,-8.112616,0.15554489195346832,0.972000002861023,0.5277000069618225
YLR114C,YIR013C,0,-8.11262,0.1555200070142746,0.972000002861023,0.5278000235557556
YOR381W,YCL020W,0,-8.1132145,0.15549512207508087,0.972000002861023,0.527899980545044
YNR030W,YBL005W-B,0,-8.113519,0.15547025203704834,0.972000002861023,0.527999997138977
YGR179C,YLR453C,0,-8.1135435,0.1554453819990158,0.972000002861023,0.5281000137329102
YGR206W,YMR134W,0,-8.113565,0.15542052686214447,0.972000002861023,0.5281999707221985
YJR057W,YDR148C,0,-8.113723,0.15539568662643433,0.972000002861023,0.5282999873161316
YPR068C,YCR020W-B,0,-8.113793,0.15537084639072418,0.972000002861023,0.5284000039100647
YMR036C,YMR272C,0,-8.113796,0.15534600615501404,0.972000002861023,0.5285000205039978
YPR113W,YOL006C,0,-8.113992,0.15532119572162628,0.972000002861023,0.5285999774932861
YLL016W,YBL100W-B,0,-8.114032,0.15529637038707733,0.972000002861023,0.5286999940872192
YPR122W,YPL040C,0,-8.114271,0.15527155995368958,0.972000002861023,0.5288000106811523
YER051W,YNL310C,0,-8.114784,0.155246764421463,0.972000002861023,0.5289000272750854
YDR281C,YEL024W,0,-8.115196,0.15522196888923645,0.972000002861023,0.5289999842643738
YPL049C,YGR251W,0,-8.115663,0.15519718825817108,0.972000002861023,0.5291000008583069
YLR368W,YOR308C,0,-8.11576,0.1551724076271057,0.972000002861023,0.52920001745224
YAL026C,YJL101C,0,-8.116109,0.15514764189720154,0.972000002861023,0.5292999744415283
YOL086C,YER015W,0,-8.116305,0.15512289106845856,0.972000002861023,0.5293999910354614
YGL055W,YMR229C,0,-8.11643,0.15509814023971558,0.972000002861023,0.5295000076293945
YPR201W,YMR237W,0,-8.1164875,0.1550733894109726,0.972000002861023,0.5296000242233276
YGL012W,YNL221C,0,-8.116663,0.1550486534833908,0.972000002861023,0.529699981212616
YDR141C,YNL310C,0,-8.117315,0.15502391755580902,0.972000002861023,0.5297999978065491
YBR090C-A,YDR322C-A,0,-8.117909,0.15499919652938843,0.972000002861023,0.5299000144004822
YJR001W,YKR020W,0,-8.118055,0.15497449040412903,0.972000002861023,0.5299999713897705
YDR448W,YJR147W,0,-8.118117,0.15494978427886963,0.972000002861023,0.5300999879837036
YKR034W,YDR518W,0,-8.1185465,0.15492509305477142,0.972000002861023,0.5302000045776367
YGR204W,YER148W,0,-8.118713,0.15490040183067322,0.972000002861023,0.5303000211715698
YNL145W,YHR090C,0,-8.119349,0.154875710606575,0.972000002861023,0.5303999781608582
YPL227C,YOR020C,0,-8.119363,0.1548510491847992,0.972000002861023,0.5304999947547913
YBR070C,YPR041W,0,-8.119821,0.15482637286186218,0.972000002861023,0.5306000113487244
YER107C,YNL097C,0,-8.119985,0.15480172634124756,0.972000002861023,0.5307000279426575
YJR121W,YER180C-A,0,-8.12019,0.15477706491947174,0.972000002861023,0.5307999849319458
YER040W,YFL033C,0,-8.120456,0.1547524333000183,0.972000002861023,0.5309000015258789
YNR032C-A,YDR235W,0,-8.1207285,0.1547277867794037,0.972000002861023,0.531000018119812
YLR391W,YNL130C,0,-8.121065,0.15470317006111145,0.972000002861023,0.5310999751091003
YNL251C,YLR212C,0,-8.121071,0.1546785533428192,0.972000002861023,0.5311999917030334
YJL063C,YMR050C,0,-8.121903,0.15465393662452698,0.972000002861023,0.5313000082969666
YOR136W,YJR094C,0,-8.1219845,0.15462933480739594,0.972000002861023,0.5314000248908997
YER038C,YJR021C,0,-8.122034,0.1546047329902649,0.972000002861023,0.531499981880188
YJL081C,YNL169C,0,-8.122352,0.15458014607429504,0.972000002861023,0.5315999984741211
YOL042W,YHL012W,0,-8.12269,0.1545555740594864,0.972000002861023,0.5317000150680542
YMR065W,YGR090W,0,-8.122696,0.15453100204467773,0.972000002861023,0.5317999720573425
YNR019W,YOR109W,0,-8.122743,0.15450644493103027,0.972000002861023,0.5318999886512756
YMR168C,YHL012W,0,-8.123005,0.1544818878173828,0.972000002861023,0.5320000052452087
YHL020C,YNL299W,0,-8.123288,0.15445733070373535,0.972000002861023,0.5321000218391418
YLR256W,YBR098W,0,-8.123291,0.15443278849124908,0.972000002861023,0.5321999788284302
YLR256W,YOR192C-B,0,-8.123427,0.154408261179924,0.972000002861023,0.5322999954223633
YHR135C,YHR090C,0,-8.123475,0.15438373386859894,0.972000002861023,0.5324000120162964
YCR012W,YLL012W,0,-8.124027,0.15435922145843506,0.972000002861023,0.5325000286102295
YLR039C,YJL098W,0,-8.124305,0.15433470904827118,0.972000002861023,0.5325999855995178
YLR088W,YMR133W,0,-8.124557,0.1543102115392685,0.972000002861023,0.5327000021934509
YLR047C,YBL103C,0,-8.124926,0.1542857140302658,0.972000002861023,0.532800018787384
YCR039C,YJL156C,0,-8.125196,0.15426123142242432,0.972000002861023,0.5328999757766724
YDR385W,YDL245C,0,-8.1253805,0.15423674881458282,0.972000002861023,0.5329999923706055
YER040W,YOR338W,0,-8.125724,0.15421228110790253,0.972000002861023,0.5331000089645386
YER177W,YNL236W,0,-8.125842,0.15418781340122223,0.972000002861023,0.5332000255584717
YLR226W,YIL023C,0,-8.125902,0.15416336059570312,0.972000002861023,0.53329998254776
YDL024C,YLL017W,0,-8.126219,0.15413892269134521,0.972000002861023,0.5333999991416931
YIR010W,YER108C,0,-8.126259,0.1541144698858261,0.972000002861023,0.5335000157356262
YER014C-A,YNL082W,0,-8.12644,0.1540900468826294,0.972000002861023,0.5335999727249146
YHR070W,YPR078C,0,-8.126551,0.15406562387943268,0.972000002861023,0.5336999893188477
YIL033C,YGL183C,0,-8.126574,0.15404120087623596,0.972000002861023,0.5338000059127808
YJL100W,YAL010C,0,-8.126751,0.15401679277420044,0.972000002861023,0.5339000225067139
YAL053W,YBR097W,0,-8.126788,0.1539923995733261,0.972000002861023,0.5339999794960022
YLR330W,YKL186C,0,-8.1269,0.15396800637245178,0.972000002861023,0.5340999960899353
YIL035C,YMR045C,0,-8.127144,0.15394361317157745,0.972000002861023,0.5342000126838684
YJL030W,YDR260C,0,-8.127241,0.15391923487186432,0.972000002861023,0.5343000292778015
YGR280C,YDR416W,0,-8.1273,0.15389487147331238,0.972000002861023,0.5343999862670898
YER174C,YBR198C,0,-8.127898,0.15387050807476044,0.972000002861023,0.534500002861023
YBR020W,YJL053W,0,-8.128044,0.1538461595773697,0.972000002861023,0.534600019454956
YOR237W,YPR167C,0,-8.128202,0.15382181107997894,0.972000002861023,0.5346999764442444
YNL298W,YOR332W,0,-8.128412,0.1537974625825882,0.972000002861023,0.5347999930381775
YHR036W,YAR010C,0,-8.128754,0.15377314388751984,0.972000002861023,0.5349000096321106
YGL168W,YDR470C,0,-8.12892,0.15374881029129028,0.972000002861023,0.5350000262260437
YER109C,YER052C,0,-8.129579,0.15372449159622192,0.972000002861023,0.535099983215332
YOR168W,YDR356W,0,-8.129598,0.15370018780231476,0.972000002861023,0.5351999998092651
YLL022C,YBL011W,0,-8.129868,0.1536758840084076,0.972000002861023,0.5353000164031982
YLR321C,YDL077C,0,-8.130175,0.15365159511566162,0.972000002861023,0.5353999733924866
YIL009C-A,YOL044W,0,-8.130394,0.15362730622291565,0.972000002861023,0.5354999899864197
YMR004W,YDL105W,0,-8.130507,0.15360303223133087,0.972000002861023,0.5356000065803528
YDL245C,YNR047W,0,-8.130573,0.1535787582397461,0.972000002861023,0.5357000231742859
YPR010C,YMR060C,0,-8.130949,0.1535544991493225,0.972000002861023,0.5357999801635742
YJL170C,YBR298C,0,-8.131251,0.15353025496006012,0.972000002861023,0.5358999967575073
YJL031C,YNL334C,0,-8.131471,0.15350599586963654,0.972000002861023,0.5360000133514404
YIL150C,YNR043W,0,-8.131592,0.15348176658153534,0.972000002861023,0.5360999703407288
YOR026W,YNL123W,0,-8.131706,0.15345753729343414,0.972000002861023,0.5361999869346619
YLR411W,YGR095C,0,-8.131853,0.15343330800533295,0.972000002861023,0.536300003528595
YDL198C,YOL095C,0,-8.132174,0.15340909361839294,0.972000002861023,0.5364000201225281
YER038C,YMR008C,0,-8.132591,0.15338487923145294,0.972000002861023,0.5364999771118164
YNL177C,YLR442C,0,-8.132638,0.15336067974567413,0.972000002861023,0.5365999937057495
YPL275W,YOR153W,0,-8.132792,0.15333649516105652,0.972000002861023,0.5367000102996826
YPR124W,YMR134W,0,-8.13311,0.1533122956752777,0.972000002861023,0.5368000268936157
YGL094C,YOR338W,0,-8.133834,0.1532881259918213,0.972000002861023,0.536899983882904
YEL029C,YGR135W,0,-8.1338825,0.15326395630836487,0.972000002861023,0.5370000004768372
YDR501W,YGR183C,0,-8.134338,0.15323978662490845,0.972000002861023,0.5371000170707703
YLR154C,YDR311W,0,-8.134533,0.15321563184261322,0.972000002861023,0.5371999740600586
YPL053C,YGR171C,0,-8.134664,0.1531914919614792,0.972000002861023,0.5372999906539917
YOL042W,YCR073W-A,0,-8.134972,0.15316735208034515,0.972000002861023,0.5374000072479248
YGL168W,YKL145W,0,-8.135339,0.15314321219921112,0.972000002861023,0.5375000238418579
YDR079W,YBR095C,0,-8.135605,0.15311908721923828,0.972000002861023,0.5375999808311462
YMR208W,YNL214W,0,-8.13577,0.15309497714042664,0.972000002861023,0.5376999974250793
YOR208W,YMR234W,0,-8.136096,0.153070867061615,0.972000002861023,0.5378000140190125
YDR518W,YER151C,0,-8.136464,0.15304675698280334,0.972000002861023,0.5378999710083008
YLR361C,YGL232W,0,-8.136663,0.1530226767063141,0.972000002861023,0.5379999876022339
YNR035C,YMR065W,0,-8.136689,0.15299858152866364,0.972000002861023,0.538100004196167
YCL067C,YAL051W,0,-8.137105,0.15297450125217438,0.972000002861023,0.5382000207901001
YJL095W,YLR016C,0,-8.137112,0.1529504358768463,0.972000002861023,0.5382999777793884
YJR047C,YJR137C,0,-8.137177,0.15292637050151825,0.972000002861023,0.5383999943733215
YPR143W,YBR012W-B,0,-8.137609,0.15290230512619019,0.972000002861023,0.5385000109672546
YGR057C,YCL010C,0,-8.138279,0.1528782695531845,0.972000002861023,0.5386000275611877
YOL112W,YPL112C,0,-8.138982,0.15285421907901764,0.972000002861023,0.5386999845504761
YLL002W,YJR104C,0,-8.139308,0.15283018350601196,0.972000002861023,0.5388000011444092
YBR297W,YOL097C,0,-8.1396885,0.15280616283416748,0.972000002861023,0.5389000177383423
YLR117C,YPR033C,0,-8.139831,0.152782142162323,0.972000002861023,0.5389999747276306
YCL051W,YLR383W,0,-8.1401825,0.1527581363916397,0.972000002861023,0.5390999913215637
YMR275C,YLR117C,0,-8.14024,0.15273413062095642,0.972000002861023,0.5392000079154968
YNL264C,YBR092C,0,-8.140522,0.15271013975143433,0.972000002861023,0.5393000245094299
YER116C,YLR385C,0,-8.140659,0.15268614888191223,0.972000002861023,0.5393999814987183
YOR113W,YGR163W,0,-8.140709,0.15266215801239014,0.972000002861023,0.5394999980926514
YKL201C,YNL093W,0,-8.14159,0.15263819694519043,0.972000002861023,0.5396000146865845
YGL210W-A,YBR043C,0,-8.141988,0.15261422097682953,0.972000002861023,0.5396999716758728
YDR324C,YHL012W,0,-8.142449,0.15259025990962982,0.972000002861023,0.5397999882698059
YAL012W,YNL258C,0,-8.14325,0.1525663137435913,0.972000002861023,0.539900004863739
YKL113C,YPL130W,0,-8.143467,0.1525423675775528,0.972000002861023,0.5400000214576721
YJR053W,YLR107W,0,-8.143957,0.15251843631267548,0.972000002861023,0.5400999784469604
YDR288W,YKL070W,0,-8.143997,0.15249450504779816,0.972000002861023,0.5401999950408936
YOR204W,YDR394W,0,-8.144039,0.15247058868408203,0.972000002861023,0.5403000116348267
YFL035C-A,YNL113W,0,-8.144139,0.1524466723203659,0.972000002861023,0.5404000282287598
YFL022C,YDL056W,0,-8.144455,0.15242277085781097,0.972000002861023,0.5404999852180481
YPL095C,YGL055W,0,-8.144586,0.15239886939525604,0.972000002861023,0.5406000018119812
YDL231C,YDR465C,0,-8.145062,0.1523749828338623,0.972000002861023,0.5407000184059143
YCR040W,YPL057C,0,-8.145095,0.15235109627246857,0.972000002861023,0.5407999753952026
YLR320W,YPL152W,0,-8.145263,0.15232722461223602,0.972000002861023,0.5408999919891357
YLR013W,YDR346C,0,-8.145404,0.15230335295200348,0.972000002861023,0.5410000085830688
YER147C,YPR140W,0,-8.146124,0.15227949619293213,0.972000002861023,0.541100025177002
YGL019W,YDR461W,0,-8.146168,0.15225563943386078,0.972000002861023,0.5411999821662903
YMR053C,YJL045W,0,-8.146646,0.15223179757595062,0.972000002861023,0.5412999987602234
YER007W,YBR088C,0,-8.147151,0.15220795571804047,0.972000002861023,0.5414000153541565
YOR187W,YOR305W,0,-8.147246,0.1521841287612915,0.972000002861023,0.5414999723434448
YDL245C,YLR453C,0,-8.147613,0.15216030180454254,0.972000002861023,0.5415999889373779
YOR011W,YCL031C,0,-8.148081,0.15213648974895477,0.972000002861023,0.541700005531311
YPL115C,YBR111W-A,0,-8.148222,0.152112677693367,0.972000002861023,0.5418000221252441
YLR144C,YIR006C,0,-8.148449,0.15208888053894043,0.972000002861023,0.5418999791145325
YPR168W,YML061C,0,-8.148797,0.15206508338451385,0.972000002861023,0.5419999957084656
YER026C,YKL113C,0,-8.1488085,0.15204130113124847,0.972000002861023,0.5421000123023987
YPL008W,YLR191W,0,-8.1488495,0.1520175188779831,0.972000002861023,0.5422000288963318
YLR119W,YBR123C,0,-8.149505,0.1519937515258789,0.972000002861023,0.5422999858856201
YPL046C,YNL085W,0,-8.149625,0.15196998417377472,0.972000002861023,0.5424000024795532
YCL031C,YDR078C,0,-8.150811,0.15194623172283173,0.972000002861023,0.5425000190734863
YMR219W,YLR055C,0,-8.151531,0.15192247927188873,0.972000002861023,0.5425999760627747
YER157W,YPL057C,0,-8.151744,0.15189872682094574,0.972000002861023,0.5426999926567078
YFR048W,YBR284W,0,-8.152254,0.15187500417232513,0.972000002861023,0.5428000092506409
YER026C,YOR231W,0,-8.152489,0.15185126662254333,0.972000002861023,0.542900025844574
YGR247W,YIL009C-A,0,-8.152803,0.15182755887508392,0.972000002861023,0.5429999828338623
YHL047C,YGR099W,0,-8.153091,0.15180383622646332,0.972000002861023,0.5430999994277954
YOR140W,YJL114W,0,-8.153307,0.1517801433801651,0.972000002861023,0.5432000160217285
YOR126C,YKL186C,0,-8.153442,0.1517564356327057,0.972000002861023,0.5432999730110168
YOL017W,YKR089C,0,-8.153455,0.15173275768756866,0.972000002861023,0.54339998960495
YPR120C,YJL001W,0,-8.15349,0.15170906484127045,0.972000002861023,0.5435000061988831
YDR211W,YBR260C,0,-8.153611,0.15168538689613342,0.972000002861023,0.5436000227928162
YDR244W,YCR106W,0,-8.153706,0.1516617238521576,0.972000002861023,0.5436999797821045
YER127W,YJL114W,0,-8.154274,0.15163806080818176,0.972000002861023,0.5437999963760376
YBL063W,YDR523C,0,-8.154588,0.15161441266536713,0.972000002861023,0.5439000129699707
YNL223W,YNL093W,0,-8.154725,0.1515907645225525,0.972000002861023,0.5440000295639038
YDR079W,YAL001C,0,-8.155166,0.15156713128089905,0.972000002861023,0.5440999865531921
YLR295C,YOR132W,0,-8.155736,0.1515434980392456,0.972000002861023,0.5442000031471252
YEL050C,YLR385C,0,-8.155876,0.15151987969875336,0.972000002861023,0.5443000197410583
YGL071W,YPR178W,0,-8.155952,0.1514962613582611,0.972000002861023,0.5443999767303467
YGL043W,YIL173W,0,-8.156048,0.15147265791893005,0.972000002861023,0.5444999933242798
YGR163W,YGL249W,0,-8.156066,0.151449054479599,0.972000002861023,0.5446000099182129
YMR025W,YBR093C,0,-8.156264,0.15142545104026794,0.972000002861023,0.544700026512146
YEL009C,YBR082C,0,-8.156297,0.15140186250209808,0.972000002861023,0.5447999835014343
YOR298W,YGR152C,0,-8.156735,0.15137828886508942,0.972000002861023,0.5449000000953674
YKL170W,YKL041W,0,-8.157262,0.15135471522808075,0.972000002861023,0.5450000166893005
YOR193W,YDR489W,0,-8.158029,0.15133115649223328,0.972000002861023,0.5450999736785889
YDL093W,YKL015W,0,-8.158438,0.1513075977563858,0.972000002861023,0.545199990272522
YER040W,YCL062W,0,-8.158729,0.15128405392169952,0.972000002861023,0.5453000068664551
YGL021W,YPL176C,0,-8.159149,0.15126051008701324,0.972000002861023,0.5454000234603882
YDL024C,YBR111W-A,0,-8.1601305,0.15123696625232697,0.972000002861023,0.5454999804496765
YJL073W,YPL152W,0,-8.160213,0.15121343731880188,0.972000002861023,0.5455999970436096
YIR023W,YOR109W,0,-8.160418,0.151189923286438,0.972000002861023,0.5457000136375427
YBR086C,YOL138C,0,-8.160821,0.1511664092540741,0.972000002861023,0.545799970626831
YJL071W,YCL038C,0,-8.160835,0.1511428952217102,0.972000002861023,0.5458999872207642
YIR019C,YKR022C,0,-8.161086,0.1511193960905075,0.972000002861023,0.5460000038146973
YLR056W,YGL070C,0,-8.161703,0.151095911860466,0.972000002861023,0.5461000204086304
YAL012W,YKL028W,0,-8.162092,0.1510724276304245,0.972000002861023,0.5461999773979187
YKL134C,YPL276W,0,-8.162279,0.1510489583015442,0.972000002861023,0.5462999939918518
YLR201C,YCL062W,0,-8.162356,0.15102548897266388,0.972000002861023,0.5464000105857849
YBR161W,YML010W,0,-8.162469,0.15100201964378357,0.972000002861023,0.546500027179718
YNR001C,YEL002C,0,-8.162843,0.15097856521606445,0.972000002861023,0.5465999841690063
YNL113W,YEL002C,0,-8.1632185,0.15095511078834534,0.972000002861023,0.5467000007629395
YMR083W,YIL019W,0,-8.163233,0.15093167126178741,0.972000002861023,0.5468000173568726
YML128C,YDR261C-D,0,-8.163364,0.15090824663639069,0.972000002861023,0.5468999743461609
YGR140W,YLR320W,0,-8.163729,0.15088482201099396,0.972000002861023,0.546999990940094
YBR040W,YGR099W,0,-8.1639385,0.15086139738559723,0.972000002861023,0.5471000075340271
YMR015C,YGR216C,0,-8.164949,0.1508379876613617,0.972000002861023,0.5472000241279602
YBL013W,YPL015C,0,-8.16496,0.15081457793712616,0.972000002861023,0.5472999811172485
YGR289C,YHR075C,0,-8.165575,0.15079118311405182,0.972000002861023,0.5473999977111816
YJR155W,YIL132C,0,-8.165821,0.15076780319213867,0.972000002861023,0.5475000143051147
YML074C,YJR021C,0,-8.166096,0.15074442327022552,0.972000002861023,0.5475999712944031
YNL038W,YGR055W,0,-8.166301,0.15072104334831238,0.972000002861023,0.5476999878883362
YKL134C,YKL012W,0,-8.166576,0.15069767832756042,0.972000002861023,0.5478000044822693
YNL059C,YDR545W,0,-8.166622,0.15067431330680847,0.972000002861023,0.5479000210762024
YKL192C,YAR044W,0,-8.16664,0.1506509631872177,0.972000002861023,0.5479999780654907
YPL170W,YGR199W,0,-8.166855,0.15062761306762695,0.972000002861023,0.5480999946594238
YKL045W,YFL049W,0,-8.167186,0.1506042778491974,0.972000002861023,0.5482000112533569
YML099C,YJL114W,0,-8.167349,0.15058094263076782,0.972000002861023,0.54830002784729
YDR382W,YAR044W,0,-8.167381,0.15055762231349945,0.972000002861023,0.5483999848365784
YFR009W,YOR076C,0,-8.167671,0.15053430199623108,0.972000002861023,0.5485000014305115
YLR370C,YCR073C,0,-8.167924,0.1505109965801239,0.972000002861023,0.5486000180244446
YOL086C,YOL042W,0,-8.16809,0.15048769116401672,0.972000002861023,0.5486999750137329
YDL192W,YGR241C,0,-8.168148,0.15046440064907074,0.972000002861023,0.548799991607666
YAR014C,YDL134C,0,-8.169049,0.15044111013412476,0.972000002861023,0.5489000082015991
YAL041W,YBR100W,0,-8.169145,0.15041783452033997,0.972000002861023,0.5490000247955322
YOR047C,YDR285W,0,-8.1692295,0.15039455890655518,0.972000002861023,0.5490999817848206
YIR004W,YJR029W,0,-8.169345,0.15037128329277039,0.972000002861023,0.5491999983787537
YML011C,YNL243W,0,-8.169564,0.1503480225801468,0.972000002861023,0.5493000149726868
YKL120W,YGL153W,0,-8.1696205,0.1503247767686844,0.972000002861023,0.5493999719619751
YGR163W,YNL072W,0,-8.170036,0.15030153095722198,0.972000002861023,0.5494999885559082
YER030W,YJL168C,0,-8.170802,0.15027830004692078,0.972000002861023,0.5496000051498413
YMR267W,YER100W,0,-8.171007,0.15025506913661957,0.972000002861023,0.5497000217437744
YIL018W,YPL138C,0,-8.171105,0.15023183822631836,0.972000002861023,0.5497999787330627
YER105C,YKL045W,0,-8.171118,0.15020862221717834,0.972000002861023,0.5498999953269958
YJL071W,YML095C,0,-8.171387,0.15018542110919952,0.972000002861023,0.550000011920929
YNR016C,YML104C,0,-8.171473,0.1501622051000595,0.972000002861023,0.5501000285148621
YDL055C,YER171W,0,-8.172001,0.15013901889324188,0.972000002861023,0.5501999855041504
YKL178C,YPL016W,0,-8.172249,0.15011583268642426,0.972000002861023,0.5503000020980835
YLL040C,YBL100W-B,0,-8.172382,0.15009264647960663,0.972000002861023,0.5504000186920166
YDR492W,YHR031C,0,-8.1727,0.1500694751739502,0.972000002861023,0.5504999756813049
YMR202W,YJL146W,0,-8.172768,0.15004630386829376,0.972000002861023,0.550599992275238
YMR054W,YGR144W,0,-8.172847,0.15002314746379852,0.972000002861023,0.5507000088691711
YFL034C-B,YDL033C,0,-8.172893,0.15000000596046448,0.972000002861023,0.5508000254631042
YGL106W,YDL118W,0,-8.172899,0.14997684955596924,0.972000002861023,0.5508999824523926
YPL170W,YOR174W,0,-8.172917,0.1499537229537964,0.972000002861023,0.5509999990463257
YML069W,YJL056C,0,-8.172966,0.14993058145046234,0.972000002861023,0.5511000156402588
YIR006C,YMR236W,0,-8.17343,0.14990746974945068,0.972000002861023,0.5511999726295471
YDR288W,YGR122W,0,-8.17343,0.14988434314727783,0.972000002861023,0.5512999892234802
YIL040W,YBL005W-B,0,-8.173819,0.14986124634742737,0.972000002861023,0.5514000058174133
YOR321W,YCR058C,0,-8.173956,0.1498381346464157,0.972000002861023,0.5515000224113464
YDR314C,YLR321C,0,-8.174151,0.14981503784656525,0.972000002861023,0.5515999794006348
YDR218C,YOR356W,0,-8.174165,0.14979195594787598,0.972000002861023,0.5516999959945679
YGL001C,YHR143W-A,0,-8.174263,0.1497688740491867,0.972000002861023,0.551800012588501
YLR391W,YDL028C,0,-8.174305,0.14974580705165863,0.972000002861023,0.5519000291824341
YDL208W,YGL167C,0,-8.175366,0.14972274005413055,0.972000002861023,0.5519999861717224
YBL041W,YLL041C,0,-8.1753845,0.14969967305660248,0.972000002861023,0.5521000027656555
YMR199W,YLR347C,0,-8.175934,0.1496766209602356,0.972000002861023,0.5522000193595886
YJL085W,YBR040W,0,-8.176085,0.1496535837650299,0.972000002861023,0.552299976348877
YKL051W,YCR081W,0,-8.176581,0.14963054656982422,0.972000002861023,0.5523999929428101
YER042W,YAR044W,0,-8.176586,0.14960750937461853,0.972000002861023,0.5525000095367432
YBR110W,YCR040W,0,-8.177262,0.14958448708057404,0.972000002861023,0.5526000261306763
YMR220W,YJR141W,0,-8.177786,0.14956146478652954,0.972000002861023,0.5526999831199646
YBR020W,YDR288W,0,-8.17793,0.14953845739364624,0.972000002861023,0.5527999997138977
YGL027C,YCL020W,0,-8.178112,0.14951546490192413,0.972000002861023,0.5529000163078308
YBL069W,YOR076C,0,-8.178246,0.14949245750904083,0.972000002861023,0.5529999732971191
YML042W,YOL103W-B,0,-8.1785145,0.14946947991847992,0.972000002861023,0.5530999898910522
YLL009C,YML060W,0,-8.178938,0.1494464874267578,0.972000002861023,0.5532000064849854
YGL210W-A,YML107C,0,-8.179407,0.1494235247373581,0.972000002861023,0.5533000230789185
YOR240W,YKR068C,0,-8.179472,0.14940054714679718,0.972000002861023,0.5533999800682068
YBL006C,YPR075C,0,-8.180204,0.14937759935855865,0.972000002861023,0.5534999966621399
YML067C,YOR315W,0,-8.180222,0.14935463666915894,0.972000002861023,0.553600013256073
YDR151C,YGR121C,0,-8.180418,0.1493316888809204,0.972000002861023,0.5536999702453613
YMR055C,YCR057C,0,-8.180447,0.14930875599384308,0.972000002861023,0.5537999868392944
YOR027W,YDR082W,0,-8.180477,0.14928582310676575,0.972000002861023,0.5539000034332275
YHR143W-A,YDL224C,0,-8.180856,0.1492629051208496,0.972000002861023,0.5540000200271606
YDR377W,YOL094C,0,-8.181291,0.14923998713493347,0.972000002861023,0.554099977016449
YLR320W,YLR452C,0,-8.181693,0.14921706914901733,0.972000002861023,0.5541999936103821
YIR002C,YML076C,0,-8.182196,0.1491941660642624,0.972000002861023,0.5543000102043152
YCR093W,YGL046W,0,-8.18261,0.14917127788066864,0.972000002861023,0.5544000267982483
YHR072W,YBL046W,0,-8.183007,0.1491483747959137,0.972000002861023,0.5544999837875366
YOL027C,YOR231W,0,-8.183309,0.14912550151348114,0.972000002861023,0.5546000003814697
YMR277W,YDL002C,0,-8.1842,0.14910262823104858,0.972000002861023,0.5547000169754028
YCR014C,YBL046W,0,-8.184307,0.14907975494861603,0.972000002861023,0.5547999739646912
YOR076C,YDR353W,0,-8.1845875,0.14905689656734467,0.972000002861023,0.5548999905586243
YER125W,YJL114W,0,-8.184605,0.1490340381860733,0.972000002861023,0.5550000071525574
YNL172W,YGR095C,0,-8.184677,0.14901119470596313,0.972000002861023,0.5551000237464905
YCL029C,YLR098C,0,-8.185118,0.14898835122585297,0.972000002861023,0.5551999807357788
YMR146C,YDR484W,0,-8.185436,0.148965522646904,0.972000002861023,0.5552999973297119
YKL008C,YPR042C,0,-8.185658,0.14894269406795502,0.972000002861023,0.555400013923645
YNR074C,YDR292C,0,-8.186925,0.14891986548900604,0.972000002861023,0.5554999709129333
YGL089C,YKL188C,0,-8.187544,0.14889705181121826,0.972000002861023,0.5555999875068665
YLL027W,YOR156C,0,-8.187825,0.14887425303459167,0.972000002861023,0.5557000041007996
YMR163C,YDR532C,0,-8.187892,0.1488514542579651,0.972000002861023,0.5558000206947327
YDL028C,YGL208W,0,-8.188313,0.1488286703824997,0.972000002861023,0.555899977684021
YPL137C,YCL062W,0,-8.188367,0.1488058716058731,0.972000002861023,0.5559999942779541
YOR237W,YBR284W,0,-8.188531,0.1487831026315689,0.972000002861023,0.5561000108718872
YKL201C,YJL156C,0,-8.188549,0.1487603336572647,0.972000002861023,0.5562000274658203
YOR240W,YNL242W,0,-8.188645,0.1487375646829605,0.972000002861023,0.5562999844551086
YNL279W,YML027W,0,-8.189047,0.1487148106098175,0.972000002861023,0.5564000010490417
YJR025C,YMR134W,0,-8.189906,0.1486920565366745,0.972000002861023,0.5565000176429749
YBR100W,YKR087C,0,-8.190085,0.1486693173646927,0.972000002861023,0.5565999746322632
YLR361C,YML061C,0,-8.190121,0.14864657819271088,0.972000002861023,0.5566999912261963
YPL200W,YPL159C,0,-8.190244,0.14862385392189026,0.972000002861023,0.5568000078201294
YDL155W,YDL120W,0,-8.190636,0.14860112965106964,0.972000002861023,0.5569000244140625
YNL278W,YGR288W,0,-8.191021,0.14857842028141022,0.972000002861023,0.5569999814033508
YBR170C,YCL001W,0,-8.1911335,0.1485557109117508,0.972000002861023,0.5570999979972839
YMR025W,YPR008W,0,-8.191346,0.14853300154209137,0.972000002861023,0.557200014591217
YPL169C,YOR162C,0,-8.191702,0.14851030707359314,0.972000002861023,0.5572999715805054
YDR072C,YGR270W,0,-8.19176,0.1484876275062561,0.972000002861023,0.5573999881744385
YEL061C,YDL130W-A,0,-8.192828,0.14846494793891907,0.972000002861023,0.5575000047683716
YHL019C,YIL072W,0,-8.192895,0.14844226837158203,0.972000002861023,0.5576000213623047
YCL051W,YKR042W,0,-8.19296,0.1484196037054062,0.972000002861023,0.557699978351593
YKR099W,YNL090W,0,-8.193257,0.14839695394039154,0.972000002861023,0.5577999949455261
YBR092C,YGR056W,0,-8.193329,0.1483742892742157,0.972000002861023,0.5579000115394592
YPR167C,YNL251C,0,-8.193695,0.14835165441036224,0.972000002861023,0.5580000281333923
YLR055C,YKL196C,0,-8.193943,0.1483290046453476,0.972000002861023,0.5580999851226807
YOR275C,YLR321C,0,-8.194227,0.14830638468265533,0.972000002861023,0.5582000017166138
YBR114W,YEL065W,0,-8.194302,0.14828374981880188,0.972000002861023,0.5583000183105469
YNR058W,YBR289W,0,-8.194428,0.14826112985610962,0.972000002861023,0.5583999752998352
YJL018W,YGR118W,0,-8.19455,0.14823852479457855,0.972000002861023,0.5584999918937683
YGL222C,YGR193C,0,-8.194793,0.14821591973304749,0.972000002861023,0.5586000084877014
YLR347C,YLR301W,0,-8.194946,0.1481933295726776,0.972000002861023,0.5587000250816345
YIL040W,YHR143W,0,-8.195277,0.14817072451114655,0.972000002861023,0.5587999820709229
YJL053W,YDR365W-A,0,-8.195682,0.14814814925193787,0.972000002861023,0.558899998664856
YDR461W,YGR094W,0,-8.195787,0.1481255739927292,0.972000002861023,0.5590000152587891
YMR038C,YLR234W,0,-8.196547,0.1481029987335205,0.972000002861023,0.5590999722480774
YAR044W,YJL012C,0,-8.196905,0.14808043837547302,0.972000002861023,0.5591999888420105
YDL113C,YMR218C,0,-8.197014,0.14805787801742554,0.972000002861023,0.5593000054359436
YJR094C,YPR161C,0,-8.197064,0.14803533256053925,0.972000002861023,0.5594000220298767
YGL055W,YNL049C,0,-8.1973915,0.14801278710365295,0.972000002861023,0.559499979019165
YMR145C,YDR228C,0,-8.197769,0.14799025654792786,0.972000002861023,0.5595999956130981
YDR443C,YBR111W-A,0,-8.197796,0.14796772599220276,0.972000002861023,0.5597000122070312
YGR179C,YBR221C,0,-8.197818,0.14794521033763885,0.972000002861023,0.5598000288009644
YGL233W,YDR316W-A,0,-8.197898,0.14792269468307495,0.972000002861023,0.5598999857902527
YOL010W,YOR367W,0,-8.198299,0.14790017902851105,0.972000002861023,0.5600000023841858
YJR004C,YBL100W-A,0,-8.198995,0.14787767827510834,0.972000002861023,0.5601000189781189
YOL016C,YCR081W,0,-8.199032,0.14785519242286682,0.972000002861023,0.5601999759674072
YER045C,YNL264C,0,-8.199365,0.1478327065706253,0.972000002861023,0.5602999925613403
YBR199W,YJL124C,0,-8.1996975,0.1478102207183838,0.972000002861023,0.5604000091552734
YIL125W,YLR212C,0,-8.199804,0.14778774976730347,0.972000002861023,0.5605000257492065
YCL001W,YMR182C,0,-8.200313,0.14776527881622314,0.972000002861023,0.5605999827384949
YNL251C,YBL005W-A,0,-8.200459,0.14774282276630402,0.972000002861023,0.560699999332428
YKL081W,YOR060C,0,-8.200666,0.1477203667163849,0.972000002861023,0.5608000159263611
YFR008W,YMR051C,0,-8.200909,0.14769792556762695,0.972000002861023,0.5608999729156494
YBR195C,YNL334C,0,-8.2010145,0.14767548441886902,0.972000002861023,0.5609999895095825
YBL019W,YGL253W,0,-8.201357,0.14765304327011108,0.972000002861023,0.5611000061035156
YBR200W,YGR094W,0,-8.2013855,0.14763061702251434,0.972000002861023,0.5612000226974487
YGL055W,YMR016C,0,-8.201866,0.1476082056760788,0.972000002861023,0.5612999796867371
YDL229W,YBR012W-A,0,-8.201991,0.14758579432964325,0.972000002861023,0.5613999962806702
YEL017C-A,YOR027W,0,-8.202002,0.1475633829832077,0.972000002861023,0.5615000128746033
YDR490C,YGR056W,0,-8.202155,0.14754098653793335,0.972000002861023,0.5616000294685364
YER109C,YBL100W-A,0,-8.202842,0.147518590092659,0.972000002861023,0.5616999864578247
YJL201W,YJL018W,0,-8.202921,0.14749620854854584,0.972000002861023,0.5618000030517578
YDL209C,YPR108W,0,-8.203636,0.14747382700443268,0.972000002861023,0.5619000196456909
YBR015C,YOR279C,0,-8.203702,0.1474514603614807,0.972000002861023,0.5619999766349792
YHR081W,YHL009W-B,0,-8.203989,0.14742909371852875,0.972000002861023,0.5620999932289124
YOR226C,YCR014C,0,-8.204625,0.14740672707557678,0.972000002861023,0.5622000098228455
YNL309W,YMR050C,0,-8.205216,0.147384375333786,0.972000002861023,0.5623000264167786
YLR391W-A,YLR249W,0,-8.205226,0.14736203849315643,0.972000002861023,0.5623999834060669
YPR135W,YIL144W,0,-8.205358,0.14733970165252686,0.972000002861023,0.5625
YML126C,YOR284W,0,-8.205522,0.14731736481189728,0.972000002861023,0.5626000165939331
YDL243C,YPL048W,0,-8.206377,0.1472950428724289,0.972000002861023,0.5626999735832214
YGL257C,YFL035C,0,-8.206435,0.1472727209329605,0.972000002861023,0.5627999901771545
YJL191W,YDR146C,0,-8.206465,0.14725041389465332,0.972000002861023,0.5629000067710876
YOL065C,YER105C,0,-8.206745,0.14722810685634613,0.972000002861023,0.5630000233650208
YPR049C,YHR107C,0,-8.207039,0.14720581471920013,0.972000002861023,0.5630999803543091
YGR134W,YOL112W,0,-8.20729,0.14718352258205414,0.972000002861023,0.5631999969482422
YLR115W,YCR020C,0,-8.207295,0.14716124534606934,0.972000002861023,0.5633000135421753
YOR335C,YNL259C,0,-8.207346,0.14713896811008453,0.972000002861023,0.5633999705314636
YMR163C,YDR175C,0,-8.207451,0.14711669087409973,0.972000002861023,0.5634999871253967
YPL231W,YHR079C-B,0,-8.207663,0.14709442853927612,0.972000002861023,0.5636000037193298
YHR081W,YJL012C-A,0,-8.207719,0.1470721811056137,0.972000002861023,0.5637000203132629
YER105C,YHR048W,0,-8.207898,0.1470499187707901,0.972000002861023,0.5637999773025513
YCL039W,YJL004C,0,-8.208371,0.14702768623828888,0.972000002861023,0.5638999938964844
YDR140W,YLR313C,0,-8.208421,0.14700543880462646,0.972000002861023,0.5640000104904175
YNL169C,YDR004W,0,-8.208605,0.14698322117328644,0.972000002861023,0.5641000270843506
YNR019W,YGL212W,0,-8.209024,0.14696098864078522,0.972000002861023,0.5641999840736389
YLR391W,YNL229C,0,-8.20934,0.1469387710094452,0.972000002861023,0.564300000667572
YDR130C,YJR052W,0,-8.209364,0.14691656827926636,0.972000002861023,0.5644000172615051
YIR025W,YJL041W,0,-8.209798,0.14689436554908752,0.972000002861023,0.5644999742507935
YLL006W,YML095C,0,-8.209889,0.1468721628189087,0.972000002861023,0.5645999908447266
YGR204W,YPR111W,0,-8.209999,0.14684997498989105,0.972000002861023,0.5647000074386597
YHR166C,YCR066W,0,-8.210248,0.1468277871608734,0.972000002861023,0.5648000240325928
YAL068C,YJL074C,0,-8.210387,0.14680561423301697,0.972000002861023,0.5648999810218811
YBR102C,YOR110W,0,-8.210717,0.14678345620632172,0.972000002861023,0.5649999976158142
YNR027W,YNL046W,0,-8.210733,0.14676128327846527,0.972000002861023,0.5651000142097473
YGR046W,YEL057C,0,-8.210905,0.14673912525177002,0.972000002861023,0.5651999711990356
YOR279C,YDR292C,0,-8.210928,0.14671698212623596,0.972000002861023,0.5652999877929688
YLR453C,YMR149W,0,-8.211143,0.1466948390007019,0.972000002861023,0.5654000043869019
YML048W,YBL014C,0,-8.211311,0.14667269587516785,0.972000002861023,0.565500020980835
YOL086C,YIL031W,0,-8.211517,0.14665056765079498,0.972000002861023,0.5655999779701233
YBR199W,YOR083W,0,-8.2115965,0.1466284543275833,0.972000002861023,0.5656999945640564
YPL028W,YBR168W,0,-8.211826,0.14660634100437164,0.972000002861023,0.5658000111579895
YCL066W,YCL010C,0,-8.212069,0.14658422768115997,0.972000002861023,0.5659000277519226
YAL068C,YPL002C,0,-8.212368,0.1465621292591095,0.972000002861023,0.5659999847412109
YLR324W,YIL160C,0,-8.212688,0.14654003083705902,0.972000002861023,0.566100001335144
YPR140W,YOR305W,0,-8.213114,0.14651793241500854,0.972000002861023,0.5662000179290771
YOR130C,YML038C,0,-8.213126,0.14649584889411926,0.972000002861023,0.5662999749183655
YBL071W-A,YKR050W,0,-8.213139,0.14647378027439117,0.972000002861023,0.5663999915122986
YPL267W,YMR113W,0,-8.213162,0.14645171165466309,0.972000002861023,0.5665000081062317
YHR157W,YDR311W,0,-8.213606,0.146429643034935,0.972000002861023,0.5666000247001648
YOL089C,YBR088C,0,-8.213809,0.1464075893163681,0.972000002861023,0.5666999816894531
YKL179C,YHR075C,0,-8.213959,0.1463855355978012,0.972000002861023,0.5667999982833862
YPL270W,YGR006W,0,-8.21406,0.1463634967803955,0.972000002861023,0.5669000148773193
YGL089C,YMR045C,0,-8.214231,0.1463414579629898,0.972000002861023,0.5669999718666077
YLL036C,YHR079C-B,0,-8.21442,0.1463194340467453,0.972000002861023,0.5670999884605408
YDR256C,YBL100W-A,0,-8.214565,0.1462974101305008,0.972000002861023,0.5672000050544739
YKL046C,YHR115C,0,-8.214714,0.14627540111541748,0.972000002861023,0.567300021648407
YHR067W,YBL103C,0,-8.214718,0.14625339210033417,0.972000002861023,0.5673999786376953
YML042W,YDR072C,0,-8.214783,0.14623138308525085,0.972000002861023,0.5674999952316284
YMR313C,YLR212C,0,-8.215159,0.14620938897132874,0.972000002861023,0.5676000118255615
YOL151W,YMR036C,0,-8.215711,0.14618739485740662,0.972000002861023,0.5677000284194946
YNL117W,YDR473C,0,-8.216234,0.1461654156446457,0.972000002861023,0.567799985408783
YDR113C,YGL137W,0,-8.216981,0.14614343643188477,0.972000002861023,0.5679000020027161
YCL060C,YMR023C,0,-8.217096,0.14612147212028503,0.972000002861023,0.5680000185966492
YGL240W,YFL014W,0,-8.21731,0.1460995078086853,0.972000002861023,0.5680999755859375
YDL198C,YJL100W,0,-8.218555,0.14607754349708557,0.972000002861023,0.5681999921798706
YJR060W,YNL298W,0,-8.218868,0.14605559408664703,0.972000002861023,0.5683000087738037
YOR150W,YHR170W,1,-8.218898,0.14618389308452606,0.9729999899864197,0.5683000087738037
YPR019W,YDR464W,0,-8.219143,0.14616192877292633,0.9729999899864197,0.5684000253677368
YKL040C,YOR213C,0,-8.219146,0.1461399793624878,0.9729999899864197,0.5684999823570251
YCR073W-A,YBL106C,0,-8.219408,0.14611802995204926,0.9729999899864197,0.5685999989509583
YNL272C,YPR107C,0,-8.219873,0.1460960954427719,0.9729999899864197,0.5687000155448914
YBR102C,YLR337W,0,-8.21998,0.14607416093349457,0.9729999899864197,0.5687999725341797
YDR375C,YGR191W,0,-8.220057,0.14605224132537842,0.9729999899864197,0.5688999891281128
YMR033W,YHR176W,0,-8.220148,0.14603032171726227,0.9729999899864197,0.5690000057220459
YDR477W,YDL118W,0,-8.2202635,0.14600840210914612,0.9729999899864197,0.569100022315979
YBL040C,YER190W,0,-8.2204275,0.14598649740219116,0.9729999899864197,0.5691999793052673
YOR046C,YLR320W,0,-8.220634,0.1459645926952362,0.9729999899864197,0.5692999958992004
YDR384C,YDL118W,0,-8.2209015,0.14594270288944244,0.9729999899864197,0.5694000124931335
YPL256C,YDR422C,0,-8.2211685,0.14592081308364868,0.9729999899864197,0.5695000290870667
YOL023W,YAR035W,0,-8.221216,0.1458989381790161,0.9729999899864197,0.569599986076355
YPL271W,YOL017W,0,-8.221325,0.14587706327438354,0.9729999899864197,0.5697000026702881
YGL210W-A,YGR213C,0,-8.2215805,0.14585518836975098,0.9729999899864197,0.5698000192642212
YIL103W,YLR383W,0,-8.221582,0.1458333283662796,0.9729999899864197,0.5698999762535095
YPL232W,YNL310C,0,-8.222214,0.14581148326396942,0.9729999899864197,0.5699999928474426
YJR137C,YKL073W,0,-8.222221,0.14578963816165924,0.9729999899864197,0.5701000094413757
YDR404C,YOR195W,0,-8.222275,0.14576779305934906,0.9729999899864197,0.5702000260353088
YEL024W,YKR042W,0,-8.2222805,0.14574596285820007,0.9729999899864197,0.5702999830245972
YNL121C,YGL039W,0,-8.222614,0.1457241326570511,0.9729999899864197,0.5703999996185303
YDR469W,YML045W,0,-8.222636,0.1457023024559021,0.9729999899864197,0.5705000162124634
YMR287C,YFR009W,0,-8.222735,0.1456804871559143,0.9729999899864197,0.5705999732017517
YDR036C,YJR035W,0,-8.223164,0.1456586867570877,0.9729999899864197,0.5706999897956848
YKL008C,YML027W,0,-8.22323,0.1456368863582611,0.9729999899864197,0.5708000063896179
YER014C-A,YPL137C,0,-8.223822,0.1456150859594345,0.9729999899864197,0.570900022983551
YJL091C,YGR213C,0,-8.224249,0.1455933004617691,0.9729999899864197,0.5709999799728394
YHR059W,YNL197C,0,-8.224638,0.1455715149641037,0.9729999899864197,0.5710999965667725
YDL020C,YNL046W,0,-8.224663,0.1455497443675995,0.9729999899864197,0.5712000131607056
YMR015C,YNL133C,0,-8.224843,0.14552797377109528,0.9729999899864197,0.5713000297546387
YLR233C,YML088W,0,-8.224942,0.14550620317459106,0.9729999899864197,0.571399986743927
YLR350W,YJL113W,0,-8.225204,0.14548444747924805,0.9729999899864197,0.5715000033378601
YDR400W,YKL070W,0,-8.225444,0.14546270668506622,0.9729999899864197,0.5716000199317932
YBR114W,YCL033C,0,-8.225581,0.1454409509897232,0.9729999899864197,0.5716999769210815
YGL028C,YML021C,0,-8.225835,0.14541922509670258,0.9729999899864197,0.5717999935150146
YMR319C,YKR048C,0,-8.225839,0.14539748430252075,0.9729999899864197,0.5719000101089478
YJL035C,YJL113W,0,-8.226063,0.14537575840950012,0.9729999899864197,0.5720000267028809
YBR100W,YDR135C,0,-8.226107,0.14535404741764069,0.9729999899864197,0.5720999836921692
YDL223C,YLR113W,0,-8.226585,0.14533233642578125,0.9729999899864197,0.5722000002861023
YNR001C,YGR170W,0,-8.2267,0.145310640335083,0.9729999899864197,0.5723000168800354
YKR072C,YOR110W,0,-8.227243,0.14528892934322357,0.9729999899864197,0.5723999738693237
YHR013C,YCR018C,0,-8.22752,0.14526724815368652,0.9729999899864197,0.5724999904632568
YML071C,YCR055C,0,-8.227831,0.14524555206298828,0.9729999899864197,0.5726000070571899
YNL259C,YJL113W,0,-8.22847,0.14522388577461243,0.9729999899864197,0.572700023651123
YAL013W,YNL031C,0,-8.22891,0.14520220458507538,0.9729999899864197,0.5727999806404114
YLR028C,YEL069C,0,-8.2290945,0.14518053829669952,0.9729999899864197,0.5728999972343445
YMR314W,YKL081W,0,-8.229332,0.14515888690948486,0.9729999899864197,0.5730000138282776
YGR083C,YGL233W,0,-8.22954,0.1451372355222702,0.9729999899864197,0.5730999708175659
YGL240W,YNL201C,0,-8.230034,0.14511558413505554,0.9729999899864197,0.573199987411499
YER109C,YLR260W,0,-8.230112,0.14509394764900208,0.9729999899864197,0.5733000040054321
YDR523C,YGR094W,0,-8.230148,0.1450723111629486,0.9729999899864197,0.5734000205993652
YLR117C,YCR028C-A,0,-8.23027,0.14505068957805634,0.9729999899864197,0.5734999775886536
YOL078W,YKL126W,0,-8.231149,0.14502906799316406,0.9729999899864197,0.5735999941825867
YJL011C,YGL048C,0,-8.23115,0.1450074464082718,0.9729999899864197,0.5737000107765198
YLR361C,YNL064C,0,-8.231295,0.1449858397245407,0.9729999899864197,0.5738000273704529
YER020W,YHL012W,0,-8.231638,0.14496424794197083,0.9729999899864197,0.5738999843597412
YLR453C,YMR054W,0,-8.2317,0.14494264125823975,0.9729999899864197,0.5740000009536743
YPR168W,YOL125W,0,-8.232191,0.14492106437683105,0.9729999899864197,0.5741000175476074
YDR150W,YDL059C,0,-8.232889,0.14489947259426117,0.9729999899864197,0.5741999745368958
YHL002W,YIL039W,0,-8.233147,0.14487791061401367,0.9729999899864197,0.5742999911308289
YGL032C,YER111C,0,-8.233151,0.14485633373260498,0.9729999899864197,0.574400007724762
YHR102W,YBL088C,0,-8.233224,0.14483477175235748,0.9729999899864197,0.5745000243186951
YGR244C,YER022W,0,-8.23403,0.14481320977210999,0.9729999899864197,0.5745999813079834
YDR300C,YOL148C,0,-8.2341,0.14479166269302368,0.9729999899864197,0.5746999979019165
YGL210W,YHR214C-B,0,-8.234394,0.14477013051509857,0.9729999899864197,0.5748000144958496
YMR145C,YGR005C,0,-8.234669,0.14474858343601227,0.9729999899864197,0.5748999714851379
YER148W,YOR084W,0,-8.235125,0.14472705125808716,0.9729999899864197,0.574999988079071
YBL013W,YDR265W,0,-8.235161,0.14470553398132324,0.9729999899864197,0.5751000046730042
YBR111W-A,YBR030W,0,-8.235281,0.14468401670455933,0.9729999899864197,0.5752000212669373
YJL020C,YOR299W,0,-8.235486,0.1446624994277954,0.9729999899864197,0.5752999782562256
YNL239W,YJL186W,0,-8.235535,0.1446409970521927,0.9729999899864197,0.5753999948501587
YGR238C,YPR112C,0,-8.235648,0.14461949467658997,0.9729999899864197,0.5755000114440918
YKL113C,YDR464W,0,-8.235793,0.14459800720214844,0.9729999899864197,0.5756000280380249
YGR157W,YDL159W,0,-8.235962,0.1445765197277069,0.9729999899864197,0.5756999850273132
YOR237W,YHL022C,0,-8.236643,0.14455504715442657,0.9729999899864197,0.5758000016212463
YOR236W,YMR016C,0,-8.237459,0.14453357458114624,0.9729999899864197,0.5759000182151794
YJR055W,YLR182W,0,-8.237868,0.1445121020078659,0.9729999899864197,0.5759999752044678
YBL019W,YBL005W-A,0,-8.2380085,0.14449064433574677,0.9729999899864197,0.5760999917984009
YCL067C,YKL059C,0,-8.238136,0.14446918666362762,0.9729999899864197,0.576200008392334
YLR386W,YBL100W-A,0,-8.23883,0.14444774389266968,0.9729999899864197,0.5763000249862671
YJR104C,YDR080W,0,-8.239187,0.14442630112171173,0.9729999899864197,0.5763999819755554
YLR401C,YJL085W,0,-8.2395935,0.14440487325191498,0.9729999899864197,0.5764999985694885
YGL033W,YDR463W,0,-8.2401,0.14438344538211823,0.9729999899864197,0.5766000151634216
YPL040C,YLR301W,0,-8.240377,0.14436201751232147,0.9729999899864197,0.57669997215271
YCL060C,YHR083W,0,-8.24059,0.1443406045436859,0.9729999899864197,0.5767999887466431
YMR136W,YDL216C,0,-8.240736,0.14431919157505035,0.9729999899864197,0.5769000053405762
YJL018W,YGR133W,0,-8.2408695,0.144297793507576,0.9729999899864197,0.5770000219345093
YOR388C,YJL087C,0,-8.241196,0.14427639544010162,0.9729999899864197,0.5770999789237976
YDR365C,YJL004C,0,-8.241682,0.14425499737262726,0.9729999899864197,0.5771999955177307
YKL064W,YML095C,0,-8.242014,0.1442336142063141,0.9729999899864197,0.5773000121116638
YGR157W,YCR073W-A,0,-8.242157,0.1442122459411621,0.9729999899864197,0.5774000287055969
YGL245W,YPR067W,0,-8.242186,0.14419087767601013,0.9729999899864197,0.5774999856948853
YNR017W,YML028W,0,-8.24235,0.14416950941085815,0.9729999899864197,0.5776000022888184
YDL101C,YER038C,0,-8.2425375,0.14414814114570618,0.9729999899864197,0.5777000188827515
YFL035C,YPR009W,0,-8.2429,0.1441268026828766,0.9729999899864197,0.5777999758720398
YMR044W,YOL100W,0,-8.243088,0.1441054493188858,0.9729999899864197,0.5778999924659729
YHL038C,YLR418C,0,-8.2437105,0.1440841108560562,0.9729999899864197,0.578000009059906
YEL069C,YGR038W,0,-8.243813,0.14406277239322662,0.9729999899864197,0.5781000256538391
YJR090C,YBL051C,0,-8.243962,0.14404144883155823,0.9729999899864197,0.5781999826431274
YDR446W,YGR175C,0,-8.244093,0.14402012526988983,0.9729999899864197,0.5782999992370605
YOL147C,YCR055C,0,-8.2447405,0.14399881660938263,0.9729999899864197,0.5784000158309937
YDL201W,YJL114W,0,-8.245041,0.14397750794887543,0.9729999899864197,0.578499972820282
YLR320W,YGR257C,0,-8.245073,0.14395619928836823,0.9729999899864197,0.5785999894142151
YNL256W,YOR381W,0,-8.245359,0.14393490552902222,0.9729999899864197,0.5787000060081482
YIL042C,YLR126C,0,-8.245762,0.1439136266708374,0.9729999899864197,0.5788000226020813
YGR280C,YDR389W,0,-8.245983,0.1438923329114914,0.9729999899864197,0.5788999795913696
YOR327C,YJL069C,0,-8.2462435,0.14387106895446777,0.9729999899864197,0.5789999961853027
YMR042W,YCR027C,0,-8.24651,0.14384979009628296,0.9729999899864197,0.5791000127792358
YGR036C,YGL104C,0,-8.246597,0.14382852613925934,0.9729999899864197,0.579200029373169
YBR035C,YDR285W,0,-8.246849,0.1438072770833969,0.9729999899864197,0.5792999863624573
YDR255C,YML109W,0,-8.247574,0.1437860131263733,0.9729999899864197,0.5794000029563904
YAL038W,YJR153W,0,-8.24769,0.14376477897167206,0.9729999899864197,0.5795000195503235
YEL056W,YNL091W,0,-8.247712,0.14374352991580963,0.9729999899864197,0.5795999765396118
YFL011W-A,YNL216W,0,-8.248198,0.1437223106622696,0.9729999899864197,0.5796999931335449
YER168C,YGL033W,0,-8.248844,0.14370107650756836,0.9729999899864197,0.579800009727478
YKL214C,YAR010C,0,-8.24892,0.14367985725402832,0.9729999899864197,0.5799000263214111
YGR199W,YGR002C,0,-8.249088,0.14365863800048828,0.9729999899864197,0.5799999833106995
YIR009W,YLR362W,0,-8.249188,0.14363743364810944,0.9729999899864197,0.5800999999046326
YNL329C,YMR179W,0,-8.249706,0.1436162292957306,0.9729999899864197,0.5802000164985657
YNL062C,YJL187C,0,-8.249835,0.14359503984451294,0.9729999899864197,0.580299973487854
YER052C,YBL025W,0,-8.249839,0.1435738503932953,0.9729999899864197,0.5803999900817871
YOR236W,YDR170W-A,0,-8.249935,0.14355267584323883,0.9729999899864197,0.5805000066757202
YNL318C,YMR177W,0,-8.250549,0.14353150129318237,0.9729999899864197,0.5806000232696533
YML078W,YIL052C,0,-8.2507305,0.14351032674312592,0.9729999899864197,0.5806999802589417
YHR011W,YGR047C,0,-8.250849,0.14348916709423065,0.9729999899864197,0.5807999968528748
YML109W,YLR126C,0,-8.250968,0.1434680074453354,0.9729999899864197,0.5809000134468079
YDR256C,YLR014C,0,-8.251223,0.14344684779644012,0.9729999899864197,0.5809999704360962
YER040W,YBR034C,0,-8.251448,0.14342570304870605,0.9729999899864197,0.5810999870300293
YDR283C,YLR092W,0,-8.251652,0.14340457320213318,0.9729999899864197,0.5812000036239624
YPR008W,YDR316W-A,0,-8.251893,0.1433834433555603,0.9729999899864197,0.5813000202178955
YJL190C,YMR051C,0,-8.252661,0.14336231350898743,0.9729999899864197,0.5813999772071838
YKL189W,YPR189W,0,-8.2527075,0.14334118366241455,0.9729999899864197,0.5814999938011169
YOR026W,YOR112W,0,-8.253264,0.14332008361816406,0.9729999899864197,0.58160001039505
YKL046C,YJR042W,0,-8.253574,0.14329896867275238,0.9729999899864197,0.5817000269889832
YGR204W,YPL007C,0,-8.253929,0.1432778686285019,0.9729999899864197,0.5817999839782715
YGR036C,YOR270C,0,-8.254212,0.1432567685842514,0.9729999899864197,0.5819000005722046
YHR118C,YJL056C,0,-8.254516,0.1432356834411621,0.9729999899864197,0.5820000171661377
YHR098C,YOR356W,0,-8.254674,0.14321459829807281,0.9729999899864197,0.582099974155426
YIL115C,YOR068C,0,-8.254812,0.14319352805614471,0.9729999899864197,0.5821999907493591
YNL331C,YLR378C,0,-8.255155,0.1431724578142166,0.9729999899864197,0.5823000073432922
YLR226W,YDR356W,0,-8.255733,0.1431513875722885,0.9729999899864197,0.5824000239372253
YLR401C,YBL100W-B,0,-8.255779,0.1431303322315216,0.9729999899864197,0.5824999809265137
YDR146C,YMR045C,0,-8.255985,0.1431092768907547,0.9729999899864197,0.5825999975204468
YHL025W,YJL192C,0,-8.256141,0.143088236451149,0.9729999899864197,0.5827000141143799
YPL126W,YAR042W,0,-8.256251,0.14306719601154327,0.9729999899864197,0.5827999711036682
YKL040C,YML060W,0,-8.256371,0.14304615557193756,0.9729999899864197,0.5828999876976013
YIL009W,YJL114W,0,-8.256505,0.14302513003349304,0.9729999899864197,0.5830000042915344
YOR301W,YHR039C-B,0,-8.256825,0.14300411939620972,0.9729999899864197,0.5831000208854675
YAL012W,YGL044C,0,-8.25687,0.1429830938577652,0.9729999899864197,0.5831999778747559
YNL263C,YOR060C,0,-8.257321,0.14296209812164307,0.9729999899864197,0.583299994468689
YGL210W,YLL017W,0,-8.257673,0.14294108748435974,0.9729999899864197,0.5834000110626221
YBR040W,YIL114C,0,-8.257822,0.1429200917482376,0.9729999899864197,0.5835000276565552
YNL216W,YKL058W,0,-8.258137,0.14289911091327667,0.9729999899864197,0.5835999846458435
YGL133W,YER012W,0,-8.258498,0.14287811517715454,0.9729999899864197,0.5837000012397766
YGL216W,YBR143C,0,-8.259015,0.1428571492433548,0.9729999899864197,0.5838000178337097
YJR069C,YMR043W,0,-8.2591305,0.14283616840839386,0.9729999899864197,0.583899974822998
YPL116W,YOR126C,0,-8.259726,0.14281520247459412,0.9729999899864197,0.5839999914169312
YGL089C,YPL085W,0,-8.259887,0.14279425144195557,0.9729999899864197,0.5841000080108643
YDL161W,YJL110C,0,-8.259984,0.14277330040931702,0.9729999899864197,0.5842000246047974
YEL030W,YAL068C,0,-8.261091,0.14275234937667847,0.9729999899864197,0.5842999815940857
YBR118W,YDR306C,0,-8.261166,0.1427314132452011,0.9729999899864197,0.5843999981880188
YDR443C,YNL066W,0,-8.261709,0.14271047711372375,0.9729999899864197,0.5845000147819519
YIL018W,YJR126C,0,-8.261913,0.1426895409822464,0.9729999899864197,0.5845999717712402
YIL009W,YGL094C,0,-8.261959,0.14266861975193024,0.9729999899864197,0.5846999883651733
YBR021W,YOR259C,0,-8.262271,0.14264769852161407,0.9729999899864197,0.5848000049591064
YDL093W,YIL160C,0,-8.262679,0.1426267921924591,0.9729999899864197,0.5849000215530396
YAL013W,YFR050C,0,-8.262844,0.14260588586330414,0.9729999899864197,0.5849999785423279
YGR057C,YCR039C,0,-8.262966,0.14258499443531036,0.9729999899864197,0.585099995136261
YIL066C,YCR081W,0,-8.263086,0.1425641030073166,0.9729999899864197,0.5852000117301941
YJR057W,YPR010C,0,-8.263343,0.14254321157932281,0.9729999899864197,0.5853000283241272
YPL121C,YOL091W,0,-8.263544,0.14252233505249023,0.9729999899864197,0.5853999853134155
YGL240W,YAL053W,0,-8.263661,0.14250145852565765,0.9729999899864197,0.5855000019073486
YOR130C,YDR409W,0,-8.263812,0.14248059689998627,0.9729999899864197,0.5856000185012817
YKL040C,YBR012W-B,0,-8.263869,0.14245973527431488,0.9729999899864197,0.5856999754905701
YNL003C,YNL046W,0,-8.264175,0.1424388885498047,0.9729999899864197,0.5857999920845032
YDR299W,YDR545W,0,-8.264562,0.1424180269241333,0.9729999899864197,0.5859000086784363
YJL100W,YOR367W,0,-8.264721,0.1423971951007843,0.9729999899864197,0.5860000252723694
YMR039C,YNL313C,0,-8.264759,0.1423763483762741,0.9729999899864197,0.5860999822616577
YFL058W,YOR194C,0,-8.265062,0.1423555165529251,0.9729999899864197,0.5861999988555908
YPR100W,YHR090C,0,-8.265233,0.1423346996307373,0.9729999899864197,0.5863000154495239
YIL097W,YIL121W,0,-8.266059,0.1423138827085495,0.9729999899864197,0.5863999724388123
YDR243C,YJL113W,0,-8.266205,0.1422930657863617,0.9729999899864197,0.5864999890327454
YDR252W,YDL097C,0,-8.266239,0.14227226376533508,0.9729999899864197,0.5866000056266785
YDR123C,YIL126W,0,-8.266442,0.14225146174430847,0.9729999899864197,0.5867000222206116
YML104C,YIL075C,0,-8.266443,0.14223067462444305,0.9729999899864197,0.5867999792098999
YCR020C-A,YNL015W,0,-8.266668,0.14220988750457764,0.9729999899864197,0.586899995803833
YPR168W,YBL075C,0,-8.266766,0.14218910038471222,0.9729999899864197,0.5870000123977661
YDR004W,YKL070W,0,-8.266963,0.142168328166008,0.9729999899864197,0.5871000289916992
YHL020C,YDR488C,0,-8.267097,0.14214755594730377,0.9729999899864197,0.5871999859809875
YPL266W,YOR371C,0,-8.267667,0.14212678372859955,0.9729999899864197,0.5873000025749207
YDR129C,YMR045C,0,-8.267801,0.14210602641105652,0.9729999899864197,0.5874000191688538
YNL259C,YMR134W,0,-8.267924,0.14208528399467468,0.9729999899864197,0.5874999761581421
YBL074C,YLR291C,0,-8.2681055,0.14206454157829285,0.9729999899864197,0.5875999927520752
YFL055W,YML099C,0,-8.268642,0.142043799161911,0.9729999899864197,0.5877000093460083
YNR060W,YDL194W,0,-8.268737,0.14202305674552917,0.9729999899864197,0.5878000259399414
YBL022C,YGR002C,0,-8.268961,0.14200232923030853,0.9729999899864197,0.5878999829292297
YPR168W,YLR208W,0,-8.269146,0.14198161661624908,0.9729999899864197,0.5879999995231628
YGL130W,YCR012W,0,-8.269726,0.14196090400218964,0.9729999899864197,0.588100016117096
YBR215W,YLR371W,0,-8.269875,0.1419401913881302,0.9729999899864197,0.5881999731063843
YJR077C,YER180C-A,0,-8.270254,0.14191949367523193,0.9729999899864197,0.5882999897003174
YNL041C,YFL033C,0,-8.270274,0.14189879596233368,0.9729999899864197,0.5884000062942505
YBR169C,YER041W,0,-8.270485,0.14187809824943542,0.9729999899864197,0.5885000228881836
YDR270W,YMR022W,0,-8.271185,0.14185741543769836,0.9729999899864197,0.5885999798774719
YJR158W,YML040W,0,-8.271185,0.1418367326259613,0.9729999899864197,0.588699996471405
YNL051W,YDL035C,0,-8.271385,0.14181606471538544,0.9729999899864197,0.5888000130653381
YML076C,YBR012W-B,0,-8.27168,0.14179539680480957,0.9729999899864197,0.5889000296592712
YPL015C,YBR100W,0,-8.271894,0.1417747288942337,0.9729999899864197,0.5889999866485596
YGL090W,YPR187W,0,-8.272104,0.14175407588481903,0.9729999899864197,0.5891000032424927
YBR272C,YKR042W,0,-8.27233,0.14173343777656555,0.9729999899864197,0.5892000198364258
YPL227C,YNR064C,0,-8.272398,0.14171278476715088,0.9729999899864197,0.5892999768257141
YEL009C,YDR176W,0,-8.272499,0.1416921466588974,0.9729999899864197,0.5893999934196472
YJR043C,YDL030W,0,-8.272592,0.14167152345180511,0.9729999899864197,0.5895000100135803
YMR136W,YPR101W,0,-8.27272,0.14165090024471283,0.9729999899864197,0.5896000266075134
YOR032C,YDL130W-A,0,-8.2729645,0.14163027703762054,0.9729999899864197,0.5896999835968018
YBL018C,YLR426W,0,-8.273389,0.14160966873168945,0.9729999899864197,0.5898000001907349
YMR058W,YGR178C,0,-8.273949,0.14158906042575836,0.9729999899864197,0.589900016784668
YML095C,YLR176C,0,-8.274181,0.14156845211982727,0.9729999899864197,0.5899999737739563
YDR459C,YDR011W,0,-8.274652,0.14154785871505737,0.9729999899864197,0.5900999903678894
YNL329C,YML107C,0,-8.274829,0.14152726531028748,0.9729999899864197,0.5902000069618225
YDL132W,YDR424C,0,-8.275553,0.14150668680667877,0.9729999899864197,0.5903000235557556
YDR005C,YAL002W,0,-8.275595,0.14148610830307007,0.9729999899864197,0.590399980545044
YMR100W,YOR315W,0,-8.275656,0.14146554470062256,0.9729999899864197,0.590499997138977
YER051W,YJR046W,0,-8.275994,0.14144498109817505,0.9729999899864197,0.5906000137329102
YPL031C,YER087C-A,0,-8.276075,0.14142441749572754,0.9729999899864197,0.5906999707221985
YGR256W,YPL121C,0,-8.276342,0.14140386879444122,0.9729999899864197,0.5907999873161316
YIL009W,YKL053C-A,0,-8.276753,0.1413833200931549,0.9729999899864197,0.5909000039100647
YMR280C,YHL031C,0,-8.277036,0.1413627713918686,0.9729999899864197,0.5910000205039978
YEL030W,YLL041C,0,-8.277408,0.14134223759174347,0.9729999899864197,0.5910999774932861
YBR168W,YDR501W,0,-8.277624,0.14132171869277954,0.9729999899864197,0.5911999940872192
YMR165C,YGR156W,0,-8.27781,0.14130118489265442,0.9729999899864197,0.5913000106811523
YLR285W,YNL243W,0,-8.278189,0.14128068089485168,0.9729999899864197,0.5914000272750854
YJR090C,YJR050W,0,-8.278385,0.14126016199588776,0.9729999899864197,0.5914999842643738
YDL160C,YPL094C,0,-8.278492,0.14123965799808502,0.9729999899864197,0.5916000008583069
YJL014W,YGR040W,0,-8.278815,0.1412191540002823,0.9729999899864197,0.59170001745224
YMR238W,YMR067C,0,-8.279269,0.14119866490364075,0.9729999899864197,0.5917999744415283
YJL127C,YKL214C,0,-8.279612,0.1411781758069992,0.9729999899864197,0.5918999910354614
YMR004W,YDR306C,0,-8.279857,0.14115770161151886,0.9729999899864197,0.5920000076293945
YBR290W,YGR175C,0,-8.280076,0.1411372274160385,0.9729999899864197,0.5921000242233276
YGL089C,YEL020W-A,0,-8.281317,0.14111675322055817,0.9729999899864197,0.592199981212616
YHR008C,YGR272C,0,-8.28135,0.141096293926239,0.9729999899864197,0.5922999978065491
YOR371C,YOR315W,0,-8.2815695,0.14107583463191986,0.9729999899864197,0.5924000144004822
YGR166W,YLR312C-B,0,-8.281651,0.1410553753376007,0.9729999899864197,0.5924999713897705
YKR068C,YEL063C,0,-8.2817955,0.14103493094444275,0.9729999899864197,0.5925999879837036
YLR102C,YPL015C,0,-8.281811,0.1410144865512848,0.9729999899864197,0.5927000045776367
YGR163W,YGR081C,0,-8.2823305,0.14099405705928802,0.9729999899864197,0.5928000211715698
YDR501W,YGR172C,0,-8.282591,0.14097362756729126,0.9729999899864197,0.5928999781608582
YGL046W,YBR048W,0,-8.283223,0.1409532129764557,0.9729999899864197,0.5929999947547913
YMR049C,YMR046C,0,-8.283284,0.14093279838562012,0.9729999899864197,0.5931000113487244
YOR237W,YDR171W,0,-8.283564,0.14091238379478455,0.9729999899864197,0.5932000279426575
YGR165W,YBR195C,0,-8.283689,0.14089198410511017,0.9729999899864197,0.5932999849319458
YDR364C,YBL013W,0,-8.283849,0.1408715844154358,0.9729999899864197,0.5934000015258789
YLR067C,YEL024W,0,-8.284324,0.1408511847257614,0.9729999899864197,0.593500018119812
YCR002C,YDR437W,0,-8.284407,0.14083079993724823,0.9729999899864197,0.5935999751091003
YMR247C,YGR141W,0,-8.284701,0.14081041514873505,0.9729999899864197,0.5936999917030334
YHR191C,YOL158C,0,-8.284826,0.14079004526138306,0.9729999899864197,0.5938000082969666
YOR192C-B,YOR343W-B,0,-8.284874,0.14076967537403107,0.9729999899864197,0.5939000248908997
YKR083C,YFR055W,0,-8.285444,0.14074930548667908,0.9729999899864197,0.593999981880188
YLR370C,YOL147C,0,-8.2854595,0.14072895050048828,0.9729999899864197,0.5940999984741211
YGR220C,YPL193W,1,-8.285484,0.14085321128368378,0.9739999771118164,0.5940999984741211
YDR487C,YDR178W,0,-8.285756,0.14083285629749298,0.9739999771118164,0.5942000150680542
YLR190W,YOR132W,0,-8.285906,0.140812486410141,0.9739999771118164,0.5942999720573425
YIL144W,YDR170W-A,0,-8.286448,0.1407921314239502,0.9739999771118164,0.5943999886512756
YDL192W,YJL196C,0,-8.287356,0.1407717913389206,0.9739999771118164,0.5945000052452087
YJR094C,YJR141W,0,-8.287679,0.140751451253891,0.9739999771118164,0.5946000218391418
YGL027C,YGL210W-A,0,-8.28802,0.1407311111688614,0.9739999771118164,0.5946999788284302
YKL194C,YGL249W,0,-8.288039,0.1407107710838318,0.9739999771118164,0.5947999954223633
YPR201W,YDR343C,0,-8.289295,0.14069044589996338,0.9739999771118164,0.5949000120162964
YNL066W,YIL082W-A,0,-8.28936,0.14067013561725616,0.9739999771118164,0.5950000286102295
YPL028W,YDR170W-A,0,-8.289396,0.14064982533454895,0.9739999771118164,0.5950999855995178
YHL019C,YNL169C,0,-8.290161,0.14062951505184174,0.9739999771118164,0.5952000021934509
YPR019W,YDR077W,0,-8.290273,0.14060920476913452,0.9739999771118164,0.595300018787384
YCR040W,YCR106W,0,-8.290554,0.1405889093875885,0.9739999771118164,0.5953999757766724
YPL112C,YHR157W,0,-8.290598,0.14056862890720367,0.9739999771118164,0.5954999923706055
YPL126W,YDL105W,0,-8.2906275,0.14054833352565765,0.9739999771118164,0.5956000089645386
YAL033W,YPL180W,0,-8.290794,0.14052806794643402,0.9739999771118164,0.5957000255584717
YEL069C,YHR008C,0,-8.291296,0.1405077874660492,0.9739999771118164,0.59579998254776
YGR171C,YOR057W,0,-8.291313,0.14048752188682556,0.9739999771118164,0.5958999991416931
YML045W,YPR137C-A,0,-8.291435,0.14046725630760193,0.9739999771118164,0.5960000157356262
YDR285W,YBR012W-B,0,-8.291937,0.1404470056295395,0.9739999771118164,0.5960999727249146
YOL012C,YFR055W,0,-8.292074,0.14042675495147705,0.9739999771118164,0.5961999893188477
YMR173W,YBR100W,0,-8.292152,0.1404065191745758,0.9739999771118164,0.5963000059127808
YBR286W,YML091C,0,-8.292231,0.14038628339767456,0.9739999771118164,0.5964000225067139
YOR240W,YDR486C,0,-8.29249,0.14036604762077332,0.9739999771118164,0.5964999794960022
YNL103W,YNL261W,0,-8.292542,0.14034582674503326,0.9739999771118164,0.5965999960899353
YPR199C,YLR080W,0,-8.292547,0.1403256058692932,0.9739999771118164,0.5967000126838684
YKL001C,YGL046W,0,-8.293006,0.14030538499355316,0.9739999771118164,0.5968000292778015
YHR067W,YFL058W,0,-8.293364,0.1402851790189743,0.9739999771118164,0.5968999862670898
YHR015W,YFL035C,0,-8.29343,0.14026497304439545,0.9739999771118164,0.597000002861023
YER012W,YDR004W,0,-8.293982,0.14024478197097778,0.9739999771118164,0.597100019454956
YPR111W,YOR046C,0,-8.294165,0.14022459089756012,0.9739999771118164,0.5971999764442444
YLR286C,YPL240C,0,-8.294577,0.14020439982414246,0.9739999771118164,0.5972999930381775
YNL173C,YLR126C,0,-8.294888,0.140184223651886,0.9739999771118164,0.5974000096321106
YOR381W,YJR052W,0,-8.295302,0.14016404747962952,0.9739999771118164,0.5975000262260437
YBR004C,YGL086W,0,-8.295815,0.14014388620853424,0.9739999771118164,0.597599983215332
YML051W,YOL101C,0,-8.295956,0.14012372493743896,0.9739999771118164,0.5976999998092651
YNL007C,YJR120W,0,-8.295995,0.1401035636663437,0.9739999771118164,0.5978000164031982
YLR391W-A,YFR019W,0,-8.296015,0.1400834172964096,0.9739999771118164,0.5978999733924866
YOR033C,YHL002W,0,-8.296035,0.14006327092647552,0.9739999771118164,0.5979999899864197
YGR247W,YDR227W,0,-8.296242,0.14004313945770264,0.9739999771118164,0.5981000065803528
YEL009C,YER100W,0,-8.296467,0.14002300798892975,0.9739999771118164,0.5982000231742859
YNL042W,YKL092C,0,-8.296613,0.14000287652015686,0.9739999771118164,0.5982999801635742
YDR173C,YFL022C,0,-8.296886,0.13998275995254517,0.9739999771118164,0.5983999967575073
YOL017W,YPL012W,0,-8.296913,0.13996264338493347,0.9739999771118164,0.5985000133514404
YDL074C,YOR153W,0,-8.297256,0.13994252681732178,0.9739999771118164,0.5985999703407288
YLR163C,YJL012C-A,0,-8.297333,0.13992242515087128,0.9739999771118164,0.5986999869346619
YCR020C-A,YPL063W,0,-8.297457,0.13990232348442078,0.9739999771118164,0.598800003528595
YBL100W-A,YNL247W,0,-8.297459,0.13988223671913147,0.9739999771118164,0.5989000201225281
YNL106C,YHL024W,0,-8.297618,0.13986214995384216,0.9739999771118164,0.5989999771118164
YDR188W,YGR089W,0,-8.2977085,0.13984206318855286,0.9739999771118164,0.5990999937057495
YJL098W,YBR082C,0,-8.297768,0.13982199132442474,0.9739999771118164,0.5992000102996826
YER107C,YOR057W,0,-8.297768,0.13980191946029663,0.9739999771118164,0.5993000268936157
YPR199C,YOR001W,0,-8.2978115,0.1397818624973297,0.9739999771118164,0.599399983882904
YPL200W,YGR082W,0,-8.29784,0.1397618055343628,0.9739999771118164,0.5995000004768372
YPR073C,YPR190C,0,-8.298288,0.13974174857139587,0.9739999771118164,0.5996000170707703
YGR113W,YLR167W,0,-8.298601,0.13972170650959015,0.9739999771118164,0.5996999740600586
YJL110C,YLR183C,0,-8.298902,0.13970166444778442,0.9739999771118164,0.5997999906539917
YGR120C,YDR317W,0,-8.299219,0.1396816223859787,0.9739999771118164,0.5999000072479248
YER025W,YCR098C,0,-8.299321,0.13966159522533417,0.9739999771118164,0.6000000238418579
YJR078W,YNL031C,0,-8.299464,0.13964158296585083,0.9739999771118164,0.6000999808311462
YJL112W,YHR056C,0,-8.299506,0.1396215558052063,0.9739999771118164,0.6001999974250793
YDL174C,YLR207W,0,-8.299655,0.13960154354572296,0.9739999771118164,0.6003000140190125
YCR026C,YKL043W,0,-8.299793,0.13958154618740082,0.9739999771118164,0.6003999710083008
YDR264C,YKL125W,0,-8.300034,0.13956154882907867,0.9739999771118164,0.6004999876022339
YKR020W,YML045W,0,-8.30026,0.13954155147075653,0.9739999771118164,0.600600004196167
YBL090W,YGR279C,0,-8.300484,0.1395215541124344,0.9739999771118164,0.6007000207901001
YBR274W,YDR486C,0,-8.300542,0.13950157165527344,0.9739999771118164,0.6007999777793884
YER083C,YBL039C,0,-8.300708,0.13948160409927368,0.9739999771118164,0.6008999943733215
YBL097W,YGR264C,0,-8.300839,0.13946162164211273,0.9739999771118164,0.6010000109672546
YCL011C,YGR212W,0,-8.301283,0.13944165408611298,0.9739999771118164,0.6011000275611877
YER109C,YLR254C,0,-8.301965,0.13942170143127441,0.9739999771118164,0.6011999845504761
YGR252W,YAR007C,0,-8.302519,0.13940174877643585,0.9739999771118164,0.6013000011444092
YGL236C,YBR090C-A,0,-8.30257,0.1393817961215973,0.9739999771118164,0.6014000177383423
YIL037C,YDL038C,0,-8.302958,0.13936185836791992,0.9739999771118164,0.6014999747276306
YMR319C,YDR306C,0,-8.3030615,0.13934192061424255,0.9739999771118164,0.6015999913215637
YNL245C,YHR183W,0,-8.303079,0.13932198286056519,0.9739999771118164,0.6017000079154968
YDR392W,YPR121W,0,-8.30331,0.139302060008049,0.9739999771118164,0.6018000245094299
YDL055C,YKR072C,0,-8.303704,0.13928213715553284,0.9739999771118164,0.6018999814987183
YLR423C,YJL134W,0,-8.3040695,0.13926222920417786,0.9739999771118164,0.6019999980926514
YOR353C,YLR130C,0,-8.304182,0.13924232125282288,0.9739999771118164,0.6021000146865845
YCR094W,YOR298C-A,0,-8.304578,0.1392224133014679,0.9739999771118164,0.6021999716758728
YOR240W,YIL068C,0,-8.304607,0.1392025202512741,0.9739999771118164,0.6022999882698059
YLR411W,YLR154C,0,-8.304943,0.13918262720108032,0.9739999771118164,0.602400004863739
YMR065W,YJR126C,0,-8.305137,0.13916273415088654,0.9739999771118164,0.6025000214576721
YNR027W,YOL147C,0,-8.30514,0.13914285600185394,0.9739999771118164,0.6025999784469604
YEL031W,YAR044W,0,-8.305256,0.13912297785282135,0.9739999771118164,0.6026999950408936
YBR070C,YBR093C,0,-8.306101,0.13910311460494995,0.9739999771118164,0.6028000116348267
YDR385W,YIR009W,0,-8.306211,0.13908325135707855,0.9739999771118164,0.6029000282287598
YBR280C,YLR086W,0,-8.306289,0.13906338810920715,0.9739999771118164,0.6029999852180481
YKL038W,YKL214C,0,-8.306595,0.13904353976249695,0.9739999771118164,0.6031000018119812
YAL030W,YLR126C,0,-8.3066435,0.13902369141578674,0.9739999771118164,0.6032000184059143
YDL077C,YDR261W-A,0,-8.306719,0.13900385797023773,0.9739999771118164,0.6032999753952026
YIL072W,YDR082W,0,-8.306757,0.13898402452468872,0.9739999771118164,0.6033999919891357
YFL056C,YDL247W,0,-8.306925,0.1389641910791397,0.9739999771118164,0.6035000085830688
YIL016W,YMR134W,0,-8.306943,0.1389443725347519,0.9739999771118164,0.603600025177002
YFR024C-A,YKL074C,0,-8.307226,0.13892455399036407,0.9739999771118164,0.6036999821662903
YCL029C,YFR024C-A,0,-8.3081,0.13890473544597626,0.9739999771118164,0.6037999987602234
YGL001C,YJL054W,0,-8.308645,0.13888493180274963,0.9739999771118164,0.6039000153541565
YBL085W,YJR090C,0,-8.308788,0.138865128159523,0.9739999771118164,0.6039999723434448
YCR086W,YOR388C,0,-8.309452,0.1388453245162964,0.9739999771118164,0.6040999889373779
YNL099C,YKR072C,0,-8.309507,0.13882553577423096,0.9739999771118164,0.604200005531311
YBR179C,YHR030C,0,-8.3095455,0.13880576193332672,0.9739999771118164,0.6043000221252441
YOR127W,YNL046W,0,-8.3096895,0.1387859731912613,0.9739999771118164,0.6043999791145325
YER159C,YOL094C,0,-8.309896,0.13876619935035706,0.9739999771118164,0.6044999957084656
YDR037W,YML088W,0,-8.310138,0.138746440410614,0.9739999771118164,0.6046000123023987
YHR107C,YDR004W,0,-8.31053,0.13872668147087097,0.9739999771118164,0.6047000288963318
YDR422C,YPR139C,0,-8.310814,0.13870692253112793,0.9739999771118164,0.6047999858856201
YBR260C,YMR096W,0,-8.310964,0.1386871635913849,0.9739999771118164,0.6049000024795532
YNL037C,YIR021W,0,-8.311184,0.13866741955280304,0.9739999771118164,0.6050000190734863
YEL024W,YJL222W,0,-8.311293,0.13864769041538239,0.9739999771118164,0.6050999760627747
YMR287C,YER183C,0,-8.311302,0.13862794637680054,0.9739999771118164,0.6051999926567078
YGR246C,YJL168C,0,-8.311535,0.13860823214054108,0.9739999771118164,0.6053000092506409
YJL092W,YOR304W,0,-8.312382,0.13858850300312042,0.9739999771118164,0.605400025844574
YPL012W,YGR161C-C,0,-8.312902,0.13856878876686096,0.9739999771118164,0.6054999828338623
YLR385C,YLR132C,0,-8.313343,0.1385490745306015,0.9739999771118164,0.6055999994277954
YER083C,YGL070C,0,-8.313522,0.13852937519550323,0.9739999771118164,0.6057000160217285
YNL048W,YDR073W,0,-8.313535,0.13850967586040497,0.9739999771118164,0.6057999730110168
YLR119W,YDR457W,0,-8.313947,0.1384899765253067,0.9739999771118164,0.60589998960495
YFL059W,YDR146C,0,-8.314102,0.13847029209136963,0.9739999771118164,0.6060000061988831
YEL036C,YOL088C,0,-8.314198,0.13845060765743256,0.9739999771118164,0.6061000227928162
YJR155W,YOL103W-B,0,-8.314261,0.13843092322349548,0.9739999771118164,0.6061999797821045
YBL003C,YHR067W,0,-8.31501,0.1384112536907196,0.9739999771118164,0.6062999963760376
YOL101C,YDL236W,0,-8.315019,0.13839158415794373,0.9739999771118164,0.6064000129699707
YHR075C,YDR004W,0,-8.315105,0.13837192952632904,0.9739999771118164,0.6065000295639038
YPR191W,YOR129C,0,-8.315372,0.13835227489471436,0.9739999771118164,0.6065999865531921
YML051W,YMR088C,0,-8.315556,0.13833262026309967,0.9739999771118164,0.6067000031471252
YAR002C-A,YGL209W,0,-8.31617,0.13831298053264618,0.9739999771118164,0.6068000197410583
YNL031C,YEL050C,0,-8.316379,0.1382933408021927,0.9739999771118164,0.6068999767303467
YGL222C,YGR216C,0,-8.3166685,0.1382737010717392,0.9739999771118164,0.6069999933242798
YKL114C,YDR224C,0,-8.316736,0.1382540762424469,0.9739999771118164,0.6071000099182129
YCL039W,YMR043W,0,-8.3171015,0.1382344663143158,0.9739999771118164,0.607200026512146
YOR265W,YNL287W,0,-8.317259,0.1382148414850235,0.9739999771118164,0.6072999835014343
YBR121C,YKR037C,0,-8.317352,0.1381952315568924,0.9739999771118164,0.6074000000953674
YJL125C,YLL031C,0,-8.317914,0.1381756216287613,0.9739999771118164,0.6075000166893005
YGR171C,YBL005W-A,0,-8.318238,0.13815602660179138,0.9739999771118164,0.6075999736785889
YPL267W,YIL160C,0,-8.318268,0.13813643157482147,0.9739999771118164,0.607699990272522
YMR188C,YCL031C,0,-8.318392,0.13811685144901276,0.9739999771118164,0.6078000068664551
YAR002C-A,YHR058C,0,-8.31897,0.13809725642204285,0.9739999771118164,0.6079000234603882
YMR316W,YER065C,0,-8.319136,0.13807769119739532,0.9739999771118164,0.6079999804496765
YPL133C,YPL203W,0,-8.3197155,0.1380581110715866,0.9739999771118164,0.6080999970436096
YDL245C,YML059C,0,-8.320335,0.1380385458469391,0.9739999771118164,0.6082000136375427
YIL072W,YLR044C,0,-8.320378,0.13801899552345276,0.9739999771118164,0.608299970626831
YMR113W,YPL137C,0,-8.3206625,0.13799943029880524,0.9739999771118164,0.6083999872207642
YDR295C,YOR351C,0,-8.321463,0.1379798799753189,0.9739999771118164,0.6085000038146973
YIL051C,YLR249W,0,-8.321655,0.13796034455299377,0.9739999771118164,0.6086000204086304
YPL089C,YJR120W,0,-8.321981,0.13794079422950745,0.9739999771118164,0.6086999773979187
YKL002W,YLL035W,0,-8.322247,0.1379212737083435,0.9739999771118164,0.6087999939918518
YGR094W,YLL012W,0,-8.322409,0.13790173828601837,0.9739999771118164,0.6089000105857849
YCR075C,YEL065W,0,-8.32299,0.13788221776485443,0.9739999771118164,0.609000027179718
YHR176W,YCL035C,0,-8.3230715,0.1378626972436905,0.9739999771118164,0.6090999841690063
YOR028C,YKR101W,0,-8.323545,0.13784319162368774,0.9739999771118164,0.6092000007629395
YNL117W,YGR251W,0,-8.32375,0.137823686003685,0.9739999771118164,0.6093000173568726
YBR244W,YPL036W,0,-8.3238945,0.13780419528484344,0.9739999771118164,0.6093999743461609
YFR004W,YDL229W,0,-8.323967,0.1377846896648407,0.9739999771118164,0.609499990940094
YOR317W,YDR295C,0,-8.3248,0.13776519894599915,0.9739999771118164,0.6096000075340271
YFL024C,YJR019C,0,-8.324861,0.1377457231283188,0.9739999771118164,0.6097000241279602
YOL165C,YNL117W,0,-8.325802,0.13772624731063843,0.9739999771118164,0.6097999811172485
YPL149W,YOR047C,0,-8.325854,0.13770677149295807,0.9739999771118164,0.6098999977111816
YIL150C,YGR101W,0,-8.3260565,0.1376873105764389,0.9739999771118164,0.6100000143051147
YDR052C,YGR101W,0,-8.326113,0.13766784965991974,0.9739999771118164,0.6100999712944031
YDL004W,YPL275W,0,-8.326123,0.13764838874340057,0.9739999771118164,0.6101999878883362
YGL253W,YHR094C,0,-8.326404,0.1376289427280426,0.9739999771118164,0.6103000044822693
YCR071C,YOL115W,0,-8.326612,0.13760949671268463,0.9739999771118164,0.6104000210762024
YCL029C,YLR176C,0,-8.326631,0.13759005069732666,0.9739999771118164,0.6104999780654907
YGR134W,YPR186C,0,-8.326647,0.13757061958312988,0.9739999771118164,0.6105999946594238
YNL278W,YDL060W,0,-8.326732,0.1375511884689331,0.9739999771118164,0.6107000112533569
YDR082W,YLR126C,0,-8.326965,0.13753177225589752,0.9739999771118164,0.61080002784729
YGL136C,YJR046W,0,-8.327016,0.13751235604286194,0.9739999771118164,0.6108999848365784
YLR233C,YBR020W,0,-8.327277,0.13749293982982635,0.9739999771118164,0.6110000014305115
YPL132W,YIL095W,0,-8.327462,0.13747353851795197,0.9739999771118164,0.6111000180244446
YLR318W,YNR072W,0,-8.327776,0.13745413720607758,0.9739999771118164,0.6111999750137329
YDR225W,YPL276W,0,-8.327944,0.13743473589420319,0.9739999771118164,0.611299991607666
YNL106C,YDR218C,0,-8.328107,0.13741534948349,0.9739999771118164,0.6114000082015991
YLR069C,YAL047C,0,-8.328118,0.1373959630727768,0.9739999771118164,0.6115000247955322
YMR042W,YPL032C,0,-8.328241,0.1373765915632248,0.9739999771118164,0.6115999817848206
YNL275W,YLL050C,0,-8.328266,0.1373572200536728,0.9739999771118164,0.6116999983787537
YNL314W,YDR317W,0,-8.328269,0.1373378485441208,0.9739999771118164,0.6118000149726868
YPL055C,YDR472W,0,-8.3282795,0.1373184770345688,0.9739999771118164,0.6118999719619751
YGL257C,YGL039W,0,-8.328527,0.13729912042617798,0.9739999771118164,0.6119999885559082
YPL051W,YLR222C,0,-8.32863,0.13727977871894836,0.9739999771118164,0.6121000051498413
YJR156C,YPR107C,0,-8.3286915,0.13726042211055756,0.9739999771118164,0.6122000217437744
YJL170C,YOR315W,0,-8.328873,0.13724108040332794,0.9739999771118164,0.6122999787330627
YKL012W,YNR064C,0,-8.3292,0.13722175359725952,0.9739999771118164,0.6123999953269958
YGL029W,YOR259C,0,-8.329763,0.1372024267911911,0.9739999771118164,0.612500011920929
YDR245W,YLR369W,0,-8.330333,0.13718309998512268,0.9739999771118164,0.6126000285148621
YER087C-A,YIL143C,0,-8.330406,0.13716377317905426,0.9739999771118164,0.6126999855041504
YKL138C-A,YIL115C,0,-8.330429,0.13714446127414703,0.9739999771118164,0.6128000020980835
YDR168W,YKL200C,0,-8.3304615,0.137125164270401,0.9739999771118164,0.6129000186920166
YKR061W,YIL014W,0,-8.330674,0.13710585236549377,0.9739999771118164,0.6129999756813049
YLR391W,YKR089C,0,-8.330987,0.13708655536174774,0.9739999771118164,0.613099992275238
YOR150W,YPR016C,1,-8.33118,0.1372079998254776,0.9750000238418579,0.613099992275238
YDR461W,YHR090C,0,-8.331286,0.13718868792057037,0.9750000238418579,0.6132000088691711
YNL297C,YDR306C,0,-8.331301,0.13716939091682434,0.9750000238418579,0.6133000254631042
YOR162C,YNL046W,0,-8.331682,0.1371500939130783,0.9750000238418579,0.6133999824523926
YAL053W,YJL100W,0,-8.331708,0.13713079690933228,0.9750000238418579,0.6134999990463257
YGL104C,YFL002W-B,0,-8.332331,0.13711151480674744,0.9750000238418579,0.6136000156402588
YML115C,YCL069W,0,-8.332371,0.1370922327041626,0.9750000238418579,0.6136999726295471
YMR065W,YOL088C,0,-8.332408,0.13707296550273895,0.9750000238418579,0.6137999892234802
YEL071W,YAR042W,0,-8.332489,0.1370536983013153,0.9750000238418579,0.6139000058174133
YLR148W,YPL276W,0,-8.332885,0.13703443109989166,0.9750000238418579,0.6140000224113464
YJL003W,YER109C,0,-8.33327,0.1370151787996292,0.9750000238418579,0.6140999794006348
YHR013C,YCL003W,0,-8.334482,0.13699592649936676,0.9750000238418579,0.6141999959945679
YBR034C,YNL263C,0,-8.334502,0.1369766741991043,0.9750000238418579,0.614300012588501
YOL089C,YPR073C,0,-8.334748,0.13695743680000305,0.9750000238418579,0.6144000291824341
YER112W,YKR014C,0,-8.33484,0.1369381994009018,0.9750000238418579,0.6144999861717224
YPR113W,YGL244W,0,-8.335181,0.13691897690296173,0.9750000238418579,0.6146000027656555
YCR002C,YBR084W,0,-8.335567,0.13689975440502167,0.9750000238418579,0.6147000193595886
YBL024W,YML016C,0,-8.336352,0.1368805319070816,0.9750000238418579,0.614799976348877
YHR118C,YDR389W,0,-8.336536,0.13686130940914154,0.9750000238418579,0.6148999929428101
YIL085C,YLR362W,0,-8.336593,0.13684210181236267,0.9750000238418579,0.6150000095367432
YJL030W,YJR132W,0,-8.33679,0.136822909116745,0.9750000238418579,0.6151000261306763
YGR007W,YER162C,0,-8.337027,0.13680370151996613,0.9750000238418579,0.6151999831199646
YJL014W,YDR512C,0,-8.337368,0.13678450882434845,0.9750000238418579,0.6152999997138977
YMR165C,YPR137C-B,0,-8.337861,0.13676533102989197,0.9750000238418579,0.6154000163078308
YDR201W,YDR369C,0,-8.337902,0.1367461383342743,0.9750000238418579,0.6154999732971191
YAR015W,YMR198W,0,-8.337967,0.1367269605398178,0.9750000238418579,0.6155999898910522
YCR014C,YDR210C-D,0,-8.338153,0.13670779764652252,0.9750000238418579,0.6157000064849854
YHR115C,YDR343C,0,-8.338189,0.13668863475322723,0.9750000238418579,0.6158000230789185
YMR314W,YDR227W,0,-8.338288,0.13666947185993195,0.9750000238418579,0.6158999800682068
YGL222C,YDL092W,0,-8.33972,0.13665030896663666,0.9750000238418579,0.6159999966621399
YJL033W,YER038C,0,-8.339814,0.13663116097450256,0.9750000238418579,0.616100013256073
YGL130W,YCR077C,0,-8.339892,0.13661202788352966,0.9750000238418579,0.6161999702453613
YLR013W,YJL033W,0,-8.339951,0.13659287989139557,0.9750000238418579,0.6162999868392944
YGL254W,YOR178C,0,-8.340073,0.13657374680042267,0.9750000238418579,0.6164000034332275
YGL094C,YGL127C,0,-8.340197,0.13655462861061096,0.9750000238418579,0.6165000200271606
YPL048W,YGR280C,0,-8.340647,0.13653549551963806,0.9750000238418579,0.616599977016449
YPL117C,YJL114W,0,-8.340773,0.13651637732982635,0.9750000238418579,0.6166999936103821
YGL166W,YHR039C-A,0,-8.340938,0.13649727404117584,0.9750000238418579,0.6168000102043152
YOL082W,YDR488C,0,-8.340996,0.13647817075252533,0.9750000238418579,0.6169000267982483
YIL110W,YCR026C,0,-8.341105,0.13645906746387482,0.9750000238418579,0.6169999837875366
YLR045C,YDR484W,0,-8.341633,0.1364399641752243,0.9750000238418579,0.6171000003814697
YBL030C,YDR265W,0,-8.341691,0.13642087578773499,0.9750000238418579,0.6172000169754028
YIL139C,YLR403W,0,-8.341896,0.13640178740024567,0.9750000238418579,0.6172999739646912
YDR071C,YPR158C-D,0,-8.341936,0.13638271391391754,0.9750000238418579,0.6173999905586243
YNL078W,YMR133W,0,-8.34317,0.13636364042758942,0.9750000238418579,0.6175000071525574
YDR465C,YDR164C,0,-8.343267,0.1363445669412613,0.9750000238418579,0.6176000237464905
YBR017C,YMR065W,0,-8.343449,0.13632550835609436,0.9750000238418579,0.6176999807357788
YOL071W,YOR328W,0,-8.343748,0.13630644977092743,0.9750000238418579,0.6177999973297119
YMR167W,YOR373W,0,-8.344044,0.1362873911857605,0.9750000238418579,0.617900013923645
YPL187W,YHR206W,0,-8.344747,0.13626834750175476,0.9750000238418579,0.6179999709129333
YKL149C,YGL137W,0,-8.345022,0.13624930381774902,0.9750000238418579,0.6180999875068665
YLR200W,YGR027W-A,0,-8.345428,0.1362302601337433,0.9750000238418579,0.6182000041007996
YPR173C,YJL045W,0,-8.345441,0.13621123135089874,0.9750000238418579,0.6183000206947327
YPR055W,YLR337W,0,-8.345509,0.1361922025680542,0.9750000238418579,0.618399977684021
YNL166C,YHL028W,0,-8.345678,0.13617318868637085,0.9750000238418579,0.6184999942779541
YKR054C,YDR103W,0,-8.34574,0.1361541748046875,0.9750000238418579,0.6186000108718872
YJL095W,YPL152W,0,-8.346001,0.13613516092300415,0.9750000238418579,0.6187000274658203
YER065C,YDR065W,0,-8.34609,0.1361161470413208,0.9750000238418579,0.6187999844551086
YOR112W,YOR347C,0,-8.346137,0.13609714806079865,0.9750000238418579,0.6189000010490417
YEL030W,YML028W,0,-8.346699,0.13607816398143768,0.9750000238418579,0.6190000176429749
YML034W,YDR098C-B,0,-8.346884,0.13605916500091553,0.9750000238418579,0.6190999746322632
YLR067C,YGR109W-A,0,-8.347174,0.13604018092155457,0.9750000238418579,0.6191999912261963
YOL145C,YGL046W,0,-8.347493,0.1360212117433548,0.9750000238418579,0.6193000078201294
YPL155C,YDR243C,0,-8.348464,0.13600222766399384,0.9750000238418579,0.6194000244140625
YOR142W,YKL178C,0,-8.348659,0.13598325848579407,0.9750000238418579,0.6194999814033508
YPR031W,YOR117W,0,-8.348806,0.1359643042087555,0.9750000238418579,0.6195999979972839
YJL104W,YOR084W,0,-8.348959,0.13594534993171692,0.9750000238418579,0.619700014591217
YHR005C-A,YPL006W,0,-8.349308,0.13592639565467834,0.9750000238418579,0.6197999715805054
YKL026C,YLR266C,0,-8.349525,0.13590744137763977,0.9750000238418579,0.6198999881744385
YKR031C,YOR305W,0,-8.349556,0.1358885020017624,0.9750000238418579,0.6200000047683716
YCR052W,YMR302C,0,-8.349609,0.135869562625885,0.9750000238418579,0.6201000213623047
YNL075W,YLR312C-B,0,-8.350077,0.13585063815116882,0.9750000238418579,0.620199978351593
YCL052C,YCL069W,0,-8.350098,0.13583171367645264,0.9750000238418579,0.6202999949455261
YGL194C,YLR320W,0,-8.350254,0.13581278920173645,0.9750000238418579,0.6204000115394592
YGR253C,YKR025W,0,-8.35087,0.13579386472702026,0.9750000238418579,0.6205000281333923
YDL085W,YCR055C,0,-8.351923,0.13577495515346527,0.9750000238418579,0.6205999851226807
YER174C,YNL264C,0,-8.351955,0.13575606048107147,0.9750000238418579,0.6207000017166138
YKR057W,YMR051C,0,-8.352067,0.13573715090751648,0.9750000238418579,0.6208000183105469
YFL035C,YLR265C,0,-8.352165,0.13571825623512268,0.9750000238418579,0.6208999752998352
YAL024C,YDL059C,0,-8.352489,0.13569937646389008,0.9750000238418579,0.6209999918937683
YMR275C,YHL006C,0,-8.353256,0.13568049669265747,0.9750000238418579,0.6211000084877014
YKL192C,YGR123C,0,-8.3535385,0.13566161692142487,0.9750000238418579,0.6212000250816345
YGR163W,YOR127W,0,-8.354189,0.13564273715019226,0.9750000238418579,0.6212999820709229
YGL126W,YAR010C,0,-8.354595,0.13562387228012085,0.9750000238418579,0.621399998664856
YER103W,YLR298C,0,-8.355074,0.13560500741004944,0.9750000238418579,0.6215000152587891
YLR418C,YKL046C,0,-8.355369,0.13558614253997803,0.9750000238418579,0.6215999722480774
YKR036C,YKR087C,0,-8.355383,0.1355672925710678,0.9750000238418579,0.6216999888420105
YMR048W,YHR070W,0,-8.35566,0.1355484426021576,0.9750000238418579,0.6218000054359436
YCR091W,YCL044C,0,-8.355906,0.13552960753440857,0.9750000238418579,0.6219000220298767
YPL055C,YDL190C,0,-8.355993,0.13551077246665955,0.9750000238418579,0.621999979019165
YBR135W,YGL063W,0,-8.356172,0.13549193739891052,0.9750000238418579,0.6220999956130981
YCL011C,YPR055W,0,-8.356347,0.1354731172323227,0.9750000238418579,0.6222000122070312
YGL051W,YMR125W,0,-8.356494,0.13545429706573486,0.9750000238418579,0.6223000288009644
YPL255W,YPL084W,0,-8.356503,0.13543547689914703,0.9750000238418579,0.6223999857902527
YJL018W,YBR035C,0,-8.356586,0.1354166716337204,0.9750000238418579,0.6225000023841858
YDL092W,YGR296W,0,-8.3572235,0.13539786636829376,0.9750000238418579,0.6226000189781189
YLL042C,YML115C,0,-8.357363,0.13537906110286713,0.9750000238418579,0.6226999759674072
YHR015W,YGR078C,0,-8.357546,0.13536027073860168,0.9750000238418579,0.6227999925613403
YLR270W,YOR194C,0,-8.357573,0.13534148037433624,0.9750000238418579,0.6229000091552734
YHR139C,YDR034C-C,0,-8.357796,0.1353226900100708,0.9750000238418579,0.6230000257492065
YLL031C,YDR079W,0,-8.35788,0.13530391454696655,0.9750000238418579,0.6230999827384949
YMR015C,YJL173C,0,-8.358382,0.1352851390838623,0.9750000238418579,0.623199999332428
YHR001W,YHL006C,0,-8.358425,0.13526636362075806,0.9750000238418579,0.6233000159263611
YPR021C,YDL105W,0,-8.358724,0.135247603058815,0.9750000238418579,0.6233999729156494
YER100W,YMR293C,0,-8.358921,0.13522884249687195,0.9750000238418579,0.6234999895095825
YJR077C,YOL125W,0,-8.3591175,0.1352100968360901,0.9750000238418579,0.6236000061035156
YDR166C,YEL057C,0,-8.359409,0.13519135117530823,0.9750000238418579,0.6237000226974487
YCR002C,YPL155C,0,-8.360567,0.13517260551452637,0.9750000238418579,0.6237999796867371
YPL214C,YNL046W,0,-8.361347,0.1351538747549057,0.9750000238418579,0.6238999962806702
YJL061W,YDR259C,0,-8.361416,0.13513512909412384,0.9750000238418579,0.6240000128746033
YLR260W,YDL090C,0,-8.362215,0.13511641323566437,0.9750000238418579,0.6241000294685364
YCR047C,YPL130W,0,-8.363161,0.1350976824760437,0.9750000238418579,0.6241999864578247
YIL124W,YBR260C,0,-8.363281,0.13507896661758423,0.9750000238418579,0.6243000030517578
YIL076W,YBR284W,0,-8.363331,0.13506025075912476,0.9750000238418579,0.6244000196456909
YOR361C,YJL114W,0,-8.363376,0.13504154980182648,0.9750000238418579,0.6244999766349792
YMR055C,YCL061C,0,-8.363644,0.1350228488445282,0.9750000238418579,0.6245999932289124
YDR503C,YMR046C,0,-8.36419,0.13500414788722992,0.9750000238418579,0.6247000098228455
YPL048W,YOR243C,0,-8.364341,0.13498546183109283,0.9750000238418579,0.6248000264167786
YHR142W,YJL033W,0,-8.36441,0.13496677577495575,0.9750000238418579,0.6248999834060669
YOR274W,YFL002W-A,0,-8.364489,0.13494808971881866,0.9750000238418579,0.625
YDR240C,YGR046W,0,-8.364528,0.13492941856384277,0.9750000238418579,0.6251000165939331
YHR056C,YGR172C,0,-8.365037,0.13491074740886688,0.9750000238418579,0.6251999735832214
YJL166W,YDR126W,0,-8.365564,0.13489209115505219,0.9750000238418579,0.6252999901771545
YDR389W,YPR133W-A,0,-8.366013,0.1348734200000763,0.9750000238418579,0.6254000067710876
YKR029C,YNR064C,0,-8.366953,0.1348547786474228,0.9750000238418579,0.6255000233650208
YPR183W,YLR163C,0,-8.367212,0.1348361223936081,0.9750000238418579,0.6255999803543091
YDR483W,YNL299W,0,-8.367329,0.1348174810409546,0.9750000238418579,0.6256999969482422
YOR126C,YNL229C,0,-8.367767,0.1347988396883011,0.9750000238418579,0.6258000135421753
YKL008C,YJL089W,0,-8.368227,0.13478019833564758,0.9750000238418579,0.6258999705314636
YML099C,YJR104C,0,-8.368406,0.13476157188415527,0.9750000238418579,0.6259999871253967
YDL178W,YFL035C,0,-8.368532,0.13474294543266296,0.9750000238418579,0.6261000037193298
YGL253W,YDR178W,0,-8.368601,0.13472433388233185,0.9750000238418579,0.6262000203132629
YPR024W,YER160C,0,-8.368743,0.13470572233200073,0.9750000238418579,0.6262999773025513
YIL140W,YOR211C,0,-8.369148,0.13468711078166962,0.9750000238418579,0.6263999938964844
YNL275W,YJL030W,0,-8.369513,0.1346685141324997,0.9750000238418579,0.6265000104904175
YNL309W,YDR002W,0,-8.36969,0.13464991748332977,0.9750000238418579,0.6266000270843506
YMR068W,YJL156C,0,-8.369836,0.13463132083415985,0.9750000238418579,0.6266999840736389
YPL227C,YNL243W,0,-8.369989,0.13461272418498993,0.9750000238418579,0.626800000667572
YJL178C,YPL075W,0,-8.370137,0.1345941424369812,0.9750000238418579,0.6269000172615051
YDL207W,YML121W,0,-8.370618,0.13457557559013367,0.9750000238418579,0.6269999742507935
YPL126W,YER125W,0,-8.370771,0.13455699384212494,0.9750000238418579,0.6270999908447266
YLL008W,YOR150W,1,-8.371192,0.13467641174793243,0.9760000109672546,0.6270999908447266
YBR090C-A,YAR002W,0,-8.371622,0.1346578299999237,0.9760000109672546,0.6272000074386597
YNR052C,YNL046W,0,-8.3717375,0.13463926315307617,0.9760000109672546,0.6273000240325928
YHR059W,YLR148W,0,-8.371811,0.13462069630622864,0.9760000109672546,0.6273999810218811
YOL082W,YHR214C-B,0,-8.37194,0.1346021294593811,0.9760000109672546,0.6274999976158142
YDR028C,YBR118W,0,-8.372802,0.13458356261253357,0.9760000109672546,0.6276000142097473
YBR274W,YDR225W,0,-8.3730755,0.13456501066684723,0.9760000109672546,0.6276999711990356
YPL117C,YDL090C,0,-8.373471,0.1345464587211609,0.9760000109672546,0.6277999877929688
YLR411W,YPL221W,0,-8.373474,0.13452790677547455,0.9760000109672546,0.6279000043869019
YJL056C,YPR137C-B,0,-8.373591,0.1345093697309494,0.9760000109672546,0.628000020980835
YHR005C-A,YLL017W,0,-8.374113,0.13449083268642426,0.9760000109672546,0.6280999779701233
YBR112C,YJL047C,0,-8.374311,0.1344723105430603,0.9760000109672546,0.6281999945640564
YHR115C,YHR005C-A,0,-8.374476,0.13445378839969635,0.9760000109672546,0.6283000111579895
YGL241W,YCR091W,0,-8.374883,0.1344352662563324,0.9760000109672546,0.6284000277519226
YBL003C,YBL100W-B,0,-8.375664,0.13441674411296844,0.9760000109672546,0.6284999847412109
YKL068W,YDR135C,0,-8.375723,0.13439823687076569,0.9760000109672546,0.628600001335144
YFR055W,YNR049C,0,-8.376026,0.13437972962856293,0.9760000109672546,0.6287000179290771
YMR192W,YPL257W-A,0,-8.376329,0.13436123728752136,0.9760000109672546,0.6287999749183655
YER018C,YOR075W,0,-8.3770075,0.1343427449464798,0.9760000109672546,0.6288999915122986
YNL329C,YKR089C,0,-8.377118,0.13432425260543823,0.9760000109672546,0.6290000081062317
YCL051W,YNL291C,0,-8.377248,0.13430576026439667,0.9760000109672546,0.6291000247001648
YGL158W,YNL206C,0,-8.377596,0.1342872828245163,0.9760000109672546,0.6291999816894531
YLR100W,YOR348C,0,-8.377614,0.13426880538463593,0.9760000109672546,0.6292999982833862
YER006W,YLR107W,0,-8.377844,0.13425034284591675,0.9760000109672546,0.6294000148773193
YOR304W,YDR293C,0,-8.377992,0.13423188030719757,0.9760000109672546,0.6294999718666077
YJR004C,YOR295W,0,-8.378216,0.1342134177684784,0.9760000109672546,0.6295999884605408
YJL157C,YGL051W,0,-8.378228,0.1341949701309204,0.9760000109672546,0.6297000050544739
YLR347C,YPL042C,0,-8.378263,0.13417652249336243,0.9760000109672546,0.629800021648407
YNL080C,YOR040W,0,-8.378317,0.13415807485580444,0.9760000109672546,0.6298999786376953
YNR011C,YLR176C,0,-8.378506,0.13413964211940765,0.9760000109672546,0.6299999952316284
YDR427W,YJL056C,0,-8.3786745,0.13412120938301086,0.9760000109672546,0.6301000118255615
YBR170C,YGR109W-A,0,-8.378787,0.13410277664661407,0.9760000109672546,0.6302000284194946
YJL124C,YKL062W,0,-8.3790655,0.13408435881137848,0.9760000109672546,0.630299985408783
YJR053W,YML121W,0,-8.379121,0.13406594097614288,0.9760000109672546,0.6304000020027161
YOR348C,YMR051C,0,-8.379124,0.1340475231409073,0.9760000109672546,0.6305000185966492
YOR040W,YNL054W,0,-8.37956,0.13402912020683289,0.9760000109672546,0.6305999755859375
YFL005W,YIL017W,0,-8.379857,0.13401071727275848,0.9760000109672546,0.6306999921798706
YOL059W,YJL143W,0,-8.380447,0.13399231433868408,0.9760000109672546,0.6308000087738037
YER108C,YOR334W,0,-8.380551,0.13397392630577087,0.9760000109672546,0.6309000253677368
YLR207W,YER019C-A,0,-8.380965,0.13395553827285767,0.9760000109672546,0.6309999823570251
YDL005C,YKL006C-A,0,-8.380984,0.13393715023994446,0.9760000109672546,0.6310999989509583
YFL033C,YBR254C,0,-8.381018,0.13391877710819244,0.9760000109672546,0.6312000155448914
YKL108W,YPR078C,0,-8.381803,0.13390040397644043,0.9760000109672546,0.6312999725341797
YJL092W,YLR107W,0,-8.382616,0.13388203084468842,0.9760000109672546,0.6313999891281128
YDR123C,YHR030C,0,-8.382693,0.1338636726140976,0.9760000109672546,0.6315000057220459
YPL149W,YLR372W,0,-8.382992,0.13384531438350677,0.9760000109672546,0.631600022315979
YDL149W,YPR019W,0,-8.383181,0.13382695615291595,0.9760000109672546,0.6316999793052673
YGR247W,YMR143W,0,-8.383431,0.13380861282348633,0.9760000109672546,0.6317999958992004
YKR046C,YDL120W,0,-8.383471,0.1337902694940567,0.9760000109672546,0.6319000124931335
YLR427W,YIL046W,0,-8.383728,0.13377192616462708,0.9760000109672546,0.6320000290870667
YDL185W,YDR472W,0,-8.3840885,0.13375359773635864,0.9760000109672546,0.632099986076355
YLL060C,YHR024C,0,-8.384741,0.1337352693080902,0.9760000109672546,0.6322000026702881
YLR380W,YJL047C,0,-8.384934,0.13371694087982178,0.9760000109672546,0.6323000192642212
YHR098C,YOR343W-A,0,-8.38503,0.13369862735271454,0.9760000109672546,0.6323999762535095
YJR052W,YMR016C,0,-8.385315,0.1336803138256073,0.9760000109672546,0.6324999928474426
YBL074C,YML107C,0,-8.385845,0.13366201519966125,0.9760000109672546,0.6326000094413757
YLR119W,YJL093C,0,-8.38622,0.13364370167255402,0.9760000109672546,0.6327000260353088
YFR019W,YAL029C,0,-8.386654,0.13362541794776917,0.9760000109672546,0.6327999830245972
YOR100C,YMR022W,0,-8.386748,0.13360711932182312,0.9760000109672546,0.6328999996185303
YMR038C,YLR363C,0,-8.386753,0.13358883559703827,0.9760000109672546,0.6330000162124634
YJL219W,YJR026W,0,-8.386838,0.13357055187225342,0.9760000109672546,0.6330999732017517
YGR221C,YKL070W,0,-8.387003,0.13355226814746857,0.9760000109672546,0.6331999897956848
YBR023C,YGL096W,0,-8.387421,0.1335339993238449,0.9760000109672546,0.6333000063896179
YPL051W,YOL005C,0,-8.387484,0.13351573050022125,0.9760000109672546,0.633400022983551
YGL005C,YBR061C,0,-8.388081,0.1334974765777588,0.9760000109672546,0.6334999799728394
YFL055W,YDR062W,0,-8.388195,0.13347920775413513,0.9760000109672546,0.6335999965667725
YKR061W,YJL098W,0,-8.388264,0.13346095383167267,0.9760000109672546,0.6337000131607056
YJL196C,YGL252C,0,-8.388823,0.1334427148103714,0.9760000109672546,0.6338000297546387
YJR105W,YFL002W-A,0,-8.389093,0.13342447578907013,0.9760000109672546,0.633899986743927
YGL090W,YGL067W,0,-8.389189,0.13340623676776886,0.9760000109672546,0.6340000033378601
YBR213W,YDR088C,0,-8.389214,0.1333879977464676,0.9760000109672546,0.6341000199317932
YER062C,YAL011W,0,-8.39031,0.13336977362632751,0.9760000109672546,0.6341999769210815
YDR022C,YFR040W,0,-8.390542,0.13335154950618744,0.9760000109672546,0.6342999935150146
YJL073W,YNL047C,0,-8.39077,0.13333334028720856,0.9760000109672546,0.6344000101089478
YFR041C,YOR025W,0,-8.391311,0.13331511616706848,0.9760000109672546,0.6345000267028809
YMR164C,YCR018C,0,-8.391327,0.1332969069480896,0.9760000109672546,0.6345999836921692
YHL047C,YPR178W,0,-8.391855,0.1332787126302719,0.9760000109672546,0.6347000002861023
YPL164C,YPL083C,0,-8.391951,0.13326051831245422,0.9760000109672546,0.6348000168800354
YMR316W,YGR183C,0,-8.392009,0.13324232399463654,0.9760000109672546,0.6348999738693237
YLR391W-A,YPL169C,0,-8.392329,0.13322412967681885,0.9760000109672546,0.6349999904632568
YFL031W,YBR205W,0,-8.392675,0.13320595026016235,0.9760000109672546,0.6351000070571899
YLR391W,YNL036W,0,-8.393196,0.13318777084350586,0.9760000109672546,0.635200023651123
YBR040W,YLR107W,0,-8.393259,0.13316960632801056,0.9760000109672546,0.6352999806404114
YIL035C,YPR193C,0,-8.393271,0.13315142691135406,0.9760000109672546,0.6353999972343445
YKL178C,YLR020C,0,-8.394215,0.13313326239585876,0.9760000109672546,0.6355000138282776
YIR006C,YJR035W,0,-8.394525,0.13311511278152466,0.9760000109672546,0.6355999708175659
YJL192C,YOR356W,0,-8.394603,0.13309696316719055,0.9760000109672546,0.635699987411499
YIR013C,YMR309C,0,-8.394893,0.13307881355285645,0.9760000109672546,0.6358000040054321
YBR121C,YPR158C-C,0,-8.395019,0.13306066393852234,0.9760000109672546,0.6359000205993652
YLR246W,YKR048C,0,-8.395259,0.13304252922534943,0.9760000109672546,0.6359999775886536
YCR020C-A,YDR495C,0,-8.395401,0.1330243945121765,0.9760000109672546,0.6360999941825867
YOR085W,YDL038C,0,-8.395674,0.1330062747001648,0.9760000109672546,0.6362000107765198
YBL013W,YOR381W,0,-8.39578,0.13298813998699188,0.9760000109672546,0.6363000273704529
YPL049C,YDR395W,0,-8.395855,0.13297002017498016,0.9760000109672546,0.6363999843597412
YJL099W,YDR316W-A,0,-8.396267,0.13295191526412964,0.9760000109672546,0.6365000009536743
YOR185C,YLR292C,0,-8.398425,0.1329338103532791,0.9760000109672546,0.6366000175476074
YNL135C,YIL082W-A,0,-8.398494,0.1329157054424286,0.9760000109672546,0.6366999745368958
YPL015C,YCR066W,0,-8.398775,0.13289760053157806,0.9760000109672546,0.6367999911308289
YOR046C,YOL003C,0,-8.399294,0.13287951052188873,0.9760000109672546,0.636900007724762
YLL060C,YJL143W,0,-8.39935,0.1328614205121994,0.9760000109672546,0.6370000243186951
YJR121W,YGR091W,0,-8.399571,0.13284333050251007,0.9760000109672546,0.6370999813079834
YBR143C,YJL114W,0,-8.4002,0.13282525539398193,0.9760000109672546,0.6371999979019165
YPL156C,YMR218C,0,-8.400786,0.1328071802854538,0.9760000109672546,0.6373000144958496
YLR228C,YPL028W,0,-8.400939,0.13278912007808685,0.9760000109672546,0.6373999714851379
YGR191W,YAR031W,0,-8.401136,0.13277104496955872,0.9760000109672546,0.637499988079071
YHR092C,YGL208W,0,-8.4012785,0.13275299966335297,0.9760000109672546,0.6376000046730042
YBR085W,YIL044C,0,-8.401288,0.13273493945598602,0.9760000109672546,0.6377000212669373
YNL192W,YPL240C,0,-8.401414,0.13271689414978027,0.9760000109672546,0.6377999782562256
YFR041C,YDR137W,0,-8.401485,0.13269884884357452,0.9760000109672546,0.6378999948501587
YMR014W,YPR137C-A,0,-8.401573,0.13268080353736877,0.9760000109672546,0.6380000114440918
YMR051C,YPL206C,0,-8.401667,0.13266277313232422,0.9760000109672546,0.6381000280380249
YPL053C,YGR008C,0,-8.401852,0.13264474272727966,0.9760000109672546,0.6381999850273132
YFL035C,YPR101W,0,-8.402162,0.1326267123222351,0.9760000109672546,0.6383000016212463
YOR078W,YJR084W,0,-8.402224,0.13260869681835175,0.9760000109672546,0.6384000182151794
YNL177C,YPR101W,0,-8.402359,0.13259068131446838,0.9760000109672546,0.6384999752044678
YJR121W,YMR006C,0,-8.40236,0.13257266581058502,0.9760000109672546,0.6385999917984009
YDL004W,YMR219W,0,-8.402478,0.13255466520786285,0.9760000109672546,0.638700008392334
YAL068C,YOR145C,0,-8.402573,0.13253666460514069,0.9760000109672546,0.6388000249862671
YDR225W,YGR028W,0,-8.402603,0.13251866400241852,0.9760000109672546,0.6388999819755554
YDL155W,YPR078C,0,-8.402882,0.13250067830085754,0.9760000109672546,0.6389999985694885
YPL228W,YGR030C,0,-8.403148,0.13248269259929657,0.9760000109672546,0.6391000151634216
YIR010W,YPR100W,0,-8.403846,0.1324647068977356,0.9760000109672546,0.63919997215271
YOR136W,YJR066W,0,-8.40398,0.13244673609733582,0.9760000109672546,0.6392999887466431
YLR401C,YFL049W,0,-8.4043665,0.13242876529693604,0.9760000109672546,0.6394000053405762
YLR086W,YLL012W,0,-8.404505,0.13241079449653625,0.9760000109672546,0.6395000219345093
YLR238W,YML016C,0,-8.405062,0.13239283859729767,0.9760000109672546,0.6395999789237976
YFR046C,YNL299W,0,-8.405247,0.13237488269805908,0.9760000109672546,0.6396999955177307
YPL028W,YLR200W,0,-8.405742,0.1323569267988205,0.9760000109672546,0.6398000121116638
YBR093C,YDR303C,0,-8.4057865,0.1323389858007431,0.9760000109672546,0.6399000287055969
YNL036W,YJL222W,0,-8.405986,0.1323210448026657,0.9760000109672546,0.6399999856948853
YGL017W,YNL097C,0,-8.406309,0.13230310380458832,0.9760000109672546,0.6401000022888184
YPR100W,YDR065W,0,-8.406323,0.13228517770767212,0.9760000109672546,0.6402000188827515
YKL060C,YOL123W,0,-8.406569,0.13226725161075592,0.9760000109672546,0.6402999758720398
YCL003W,YHR070W,0,-8.406786,0.13224932551383972,0.9760000109672546,0.6403999924659729
YNL214W,YML016C,0,-8.40687,0.13223139941692352,0.9760000109672546,0.640500009059906
YMR037C,YIL023C,0,-8.406887,0.13221348822116852,0.9760000109672546,0.6406000256538391
YGR267C,YGL212W,0,-8.407483,0.1321955770254135,0.9760000109672546,0.6406999826431274
YJL187C,YGL096W,0,-8.407742,0.1321776807308197,0.9760000109672546,0.6407999992370605
YNL278W,YAR044W,0,-8.407934,0.1321597844362259,0.9760000109672546,0.6409000158309937
YJL020C,YML059C,0,-8.408391,0.13214188814163208,0.9760000109672546,0.640999972820282
YGR036C,YMR097C,0,-8.408539,0.13212400674819946,0.9760000109672546,0.6410999894142151
YBR070C,YMR172W,0,-8.408942,0.13210612535476685,0.9760000109672546,0.6412000060081482
YNR072W,YOL067C,0,-8.40996,0.13208824396133423,0.9760000109672546,0.6413000226020813
YKL179C,YIR017C,0,-8.410011,0.1320703625679016,0.9760000109672546,0.6413999795913696
YKR062W,YNL079C,0,-8.410141,0.1320524960756302,0.9760000109672546,0.6414999961853027
YJL192C,YDR160W,0,-8.410376,0.13203462958335876,0.9760000109672546,0.6416000127792358
YDR365C,YGR296W,0,-8.410381,0.13201677799224854,0.9760000109672546,0.641700029373169
YDR183W,YML091C,0,-8.410678,0.1319989114999771,0.9760000109672546,0.6417999863624573
YPR179C,YOL003C,0,-8.410814,0.13198107481002808,0.9760000109672546,0.6419000029563904
YOL027C,YDR082W,0,-8.411041,0.13196322321891785,0.9760000109672546,0.6420000195503235
YLR399C,YOR182C,0,-8.411476,0.1319453865289688,0.9760000109672546,0.6420999765396118
YBL082C,YLR368W,0,-8.411886,0.13192754983901978,0.9760000109672546,0.6421999931335449
YCR002C,YDR213W,0,-8.412053,0.13190971314907074,0.9760000109672546,0.642300009727478
YOL059W,YNL313C,0,-8.4125,0.1318918913602829,0.9760000109672546,0.6424000263214111
YDR030C,YDR028C,0,-8.412703,0.13187406957149506,0.9760000109672546,0.6424999833106995
YOL088C,YJR026W,0,-8.412791,0.13185624778270721,0.9760000109672546,0.6425999999046326
YBR130C,YBR250W,0,-8.413002,0.13183844089508057,0.9760000109672546,0.6427000164985657
YHR043C,YCR014C,0,-8.413304,0.13182063400745392,0.9760000109672546,0.642799973487854
YPL040C,YCR073W-A,0,-8.413588,0.13180284202098846,0.9760000109672546,0.6428999900817871
YEL029C,YMR054W,0,-8.413612,0.13178503513336182,0.9760000109672546,0.6430000066757202
YBL040C,YOR004W,0,-8.413776,0.13176724314689636,0.9760000109672546,0.6431000232696533
YML086C,YBR009C,0,-8.41383,0.1317494660615921,0.9760000109672546,0.6431999802589417
YDR071C,YCL003W,0,-8.414019,0.13173167407512665,0.9760000109672546,0.6432999968528748
YBR109C,YGR272C,0,-8.414061,0.1317138969898224,0.9760000109672546,0.6434000134468079
YNL219C,YDL060W,0,-8.414192,0.13169613480567932,0.9760000109672546,0.6434999704360962
YPL098C,YGR089W,0,-8.414726,0.13167835772037506,0.9760000109672546,0.6435999870300293
YHR070W,YKL175W,0,-8.414813,0.131660595536232,0.9760000109672546,0.6437000036239624
YLR032W,YDR120C,0,-8.415059,0.13164283335208893,0.9760000109672546,0.6438000202178955
YHR043C,YLL016W,0,-8.415216,0.13162508606910706,0.9760000109672546,0.6438999772071838
YML128C,YML115C,0,-8.415439,0.13160733878612518,0.9760000109672546,0.6439999938011169
YHL003C,YER053C,0,-8.416101,0.1315895915031433,0.9760000109672546,0.64410001039505
YHR186C,YGR275W,0,-8.416368,0.13157185912132263,0.9760000109672546,0.6442000269889832
YKL002W,YOR355W,0,-8.416483,0.13155411183834076,0.9760000109672546,0.6442999839782715
YML077W,YKR087C,0,-8.416748,0.13153639435768127,0.9760000109672546,0.6444000005722046
YML116W,YOL093W,0,-8.416836,0.1315186619758606,0.9760000109672546,0.6445000171661377
YML128C,YPL156C,0,-8.416857,0.1315009444952011,0.9760000109672546,0.644599974155426
YMR117C,YLR298C,0,-8.4168825,0.13148322701454163,0.9760000109672546,0.6446999907493591
YDL084W,YJL113W,0,-8.416908,0.13146552443504333,0.9760000109672546,0.6448000073432922
YOR028C,YDR218C,0,-8.417826,0.13144780695438385,0.9760000109672546,0.6449000239372253
YMR220W,YPL159C,0,-8.418034,0.13143010437488556,0.9760000109672546,0.6449999809265137
YJR158W,YFL035C,0,-8.418058,0.13141241669654846,0.9760000109672546,0.6450999975204468
YLL043W,YJR009C,0,-8.418362,0.13139472901821136,0.9760000109672546,0.6452000141143799
YNL059C,YNL293W,0,-8.418392,0.13137704133987427,0.9760000109672546,0.6452999711036682
YML043C,YDR160W,0,-8.418413,0.13135935366153717,0.9760000109672546,0.6453999876976013
YCL031C,YEL031W,0,-8.419361,0.13134168088436127,0.9760000109672546,0.6455000042915344
YIL026C,YNL293W,0,-8.419501,0.13132400810718536,0.9760000109672546,0.6456000208854675
YDR178W,YKL075C,0,-8.419584,0.13130633533000946,0.9760000109672546,0.6456999778747559
YLR069C,YML105C,0,-8.42001,0.13128867745399475,0.9760000109672546,0.645799994468689
YBL018C,YLR360W,0,-8.420157,0.13127101957798004,0.9760000109672546,0.6459000110626221
YHR031C,YHL006C,0,-8.420195,0.13125336170196533,0.9760000109672546,0.6460000276565552
YDR078C,YDR210W-B,0,-8.42023,0.13123571872711182,0.9760000109672546,0.6460999846458435
YNR033W,YEL057C,0,-8.420336,0.1312180757522583,0.9760000109672546,0.6462000012397766
YKL206C,YJL029C,0,-8.420501,0.13120043277740479,0.9760000109672546,0.6463000178337097
YIL114C,YHR214C-B,0,-8.42077,0.13118278980255127,0.9760000109672546,0.646399974822998
YGL018C,YDL051W,0,-8.421383,0.13116516172885895,0.9760000109672546,0.6464999914169312
YPL119C,YMR202W,0,-8.421402,0.13114753365516663,0.9760000109672546,0.6466000080108643
YPR176C,YAR018C,0,-8.421831,0.1311299204826355,0.9760000109672546,0.6467000246047974
YJR125C,YBL057C,0,-8.422071,0.13111230731010437,0.9760000109672546,0.6467999815940857
YMR056C,YDR356W,0,-8.422174,0.13109469413757324,0.9760000109672546,0.6468999981880188
YPL161C,YIL160C,0,-8.422203,0.13107708096504211,0.9760000109672546,0.6470000147819519
YJL204C,YGL104C,0,-8.422261,0.13105948269367218,0.9760000109672546,0.6470999717712402
YCR024C-A,YDR034C-D,0,-8.422661,0.13104188442230225,0.9760000109672546,0.6471999883651733
YPL275W,YPL050C,0,-8.422947,0.1310243010520935,0.9760000109672546,0.6473000049591064
YLR216C,YBR136W,0,-8.42346,0.13100671768188477,0.9760000109672546,0.6474000215530396
YPL167C,YFL045C,0,-8.423616,0.13098913431167603,0.9760000109672546,0.6474999785423279
YHR005C-A,YER173W,0,-8.423633,0.13097155094146729,0.9760000109672546,0.647599995136261
YML110C,YBR103W,0,-8.423692,0.13095398247241974,0.9760000109672546,0.6477000117301941
YCR028C-A,YIL075C,0,-8.423838,0.1309364140033722,0.9760000109672546,0.6478000283241272
YPL058C,YGR070W,0,-8.424261,0.13091884553432465,0.9760000109672546,0.6478999853134155
YLR354C,YIL082W-A,0,-8.424872,0.1309012919664383,0.9760000109672546,0.6480000019073486
YER166W,YIL009C-A,0,-8.425114,0.13088373839855194,0.9760000109672546,0.6481000185012817
YGL075C,YDR183W,0,-8.425136,0.1308661848306656,0.9760000109672546,0.6481999754905701
YBL074C,YGL099W,0,-8.4252205,0.13084864616394043,0.9760000109672546,0.6482999920845032
YPL128C,YNL332W,0,-8.425413,0.13083109259605408,0.9760000109672546,0.6484000086784363
YDR375C,YCR055C,0,-8.425967,0.1308135688304901,0.9760000109672546,0.6485000252723694
YDL101C,YOL110W,0,-8.426092,0.13079603016376495,0.9760000109672546,0.6485999822616577
YDR369C,YPR125W,0,-8.426409,0.130778506398201,0.9760000109672546,0.6486999988555908
YIL098C,YJL087C,0,-8.427557,0.13076098263263702,0.9760000109672546,0.6488000154495239
YGL243W,YJL113W,0,-8.427661,0.13074347376823425,0.9760000109672546,0.6488999724388123
YDR529C,YOR359W,0,-8.428037,0.13072596490383148,0.9760000109672546,0.6489999890327454
YPL181W,YDR316W-A,0,-8.428435,0.1307084560394287,0.9760000109672546,0.6491000056266785
YKL040C,YEL012W,0,-8.428749,0.13069094717502594,0.9760000109672546,0.6492000222206116
YMR075W,YOR187W,0,-8.428828,0.13067345321178436,0.9760000109672546,0.6492999792098999
YNL128W,YML038C,0,-8.428991,0.13065595924854279,0.9760000109672546,0.649399995803833
YDR501W,YMR260C,0,-8.429155,0.1306384652853012,0.9760000109672546,0.6495000123977661
YOL078W,YJR049C,0,-8.429238,0.13062098622322083,0.9760000109672546,0.6496000289916992
YER162C,YPR158C-D,0,-8.429347,0.13060350716114044,0.9760000109672546,0.6496999859809875
YOR265W,YBR061C,0,-8.42942,0.13058602809906006,0.9760000109672546,0.6498000025749207
YHL047C,YKL032C,0,-8.42952,0.13056856393814087,0.9760000109672546,0.6499000191688538
YER155C,YPR113W,0,-8.429705,0.13055109977722168,0.9760000109672546,0.6499999761581421
YGL232W,YML045W,0,-8.429832,0.1305336356163025,0.9760000109672546,0.6500999927520752
YGL061C,YLL024C,0,-8.429845,0.1305161863565445,0.9760000109672546,0.6502000093460083
YML130C,YIL149C,0,-8.430609,0.1304987370967865,0.9760000109672546,0.6503000259399414
YGL205W,YPR054W,0,-8.430733,0.1304812878370285,0.9760000109672546,0.6503999829292297
YJR125C,YLL013C,0,-8.431027,0.1304638385772705,0.9760000109672546,0.6504999995231628
YDR085C,YLR067C,0,-8.431567,0.1304464042186737,0.9760000109672546,0.650600016117096
YPR135W,YER051W,0,-8.431859,0.1304289698600769,0.9760000109672546,0.6506999731063843
YAL023C,YGR104C,0,-8.431946,0.1304115504026413,0.9760000109672546,0.6507999897003174
YKL048C,YJR120W,0,-8.432192,0.1303941160440445,0.9760000109672546,0.6509000062942505
YPR122W,YMR030W,0,-8.432643,0.1303766965866089,0.9760000109672546,0.6510000228881836
YNL117W,YPL130W,0,-8.4327,0.13035929203033447,0.9760000109672546,0.6510999798774719
YOL059W,YDR489W,0,-8.43273,0.13034188747406006,0.9760000109672546,0.651199996471405
YNL267W,YBR154C,0,-8.432869,0.13032448291778564,0.9760000109672546,0.6513000130653381
YMR039C,YJR120W,0,-8.433106,0.13030707836151123,0.9760000109672546,0.6514000296592712
YFL034C-B,YDR073W,0,-8.433298,0.13028967380523682,0.9760000109672546,0.6514999866485596
YOR100C,YLR165C,0,-8.433912,0.1302722841501236,0.9760000109672546,0.6516000032424927
YLR391W-A,YCR089W,0,-8.434317,0.13025490939617157,0.9760000109672546,0.6517000198364258
YDR463W,YJL012C-A,0,-8.434375,0.13023751974105835,0.9760000109672546,0.6517999768257141
YGR278W,YNL126W,0,-8.434675,0.13022014498710632,0.9760000109672546,0.6518999934196472
YAR015W,YKL190W,0,-8.434692,0.1302027702331543,0.9760000109672546,0.6520000100135803
YLR096W,YOR288C,0,-8.4348755,0.13018541038036346,0.9760000109672546,0.6521000266075134
YEL003W,YBR213W,0,-8.43582,0.13016805052757263,0.9760000109672546,0.6521999835968018
YJL196C,YDL161W,0,-8.435837,0.1301506906747818,0.9760000109672546,0.6523000001907349
YLR399C,YGR118W,0,-8.436157,0.13013333082199097,0.9760000109672546,0.652400016784668
YDR317W,YEL053C,0,-8.437063,0.13011598587036133,0.9760000109672546,0.6524999737739563
YML126C,YBR165W,0,-8.437075,0.1300986409187317,0.9760000109672546,0.6525999903678894
YCR106W,YOL103W-B,0,-8.437321,0.13008129596710205,0.9760000109672546,0.6527000069618225
YHR004C,YGL135W,0,-8.437456,0.1300639659166336,0.9760000109672546,0.6528000235557556
YBL005W,YPL232W,0,-8.437582,0.13004663586616516,0.9760000109672546,0.652899980545044
YMR014W,YPR008W,0,-8.437713,0.13002930581569672,0.9760000109672546,0.652999997138977
YBR286W,YMR055C,0,-8.437984,0.13001199066638947,0.9760000109672546,0.6531000137329102
YAL013W,YDR045C,0,-8.438198,0.12999467551708221,0.9760000109672546,0.6531999707221985
YOR187W,YOR068C,0,-8.438768,0.12997736036777496,0.9760000109672546,0.6532999873161316
YHL047C,YPR051W,0,-8.439039,0.1299600601196289,0.9760000109672546,0.6534000039100647
YKL200C,YOR188W,0,-8.439917,0.12994274497032166,0.9760000109672546,0.6535000205039978
YDR246W,YNL054W-B,0,-8.440627,0.1299254596233368,0.9760000109672546,0.6535999774932861
YGL187C,YJR009C,0,-8.440964,0.12990815937519073,0.9760000109672546,0.6536999940872192
YEL036C,YFR024C-A,0,-8.441195,0.12989087402820587,0.9760000109672546,0.6538000106811523
YNL102W,YBR012W-A,0,-8.441672,0.129873588681221,0.9760000109672546,0.6539000272750854
YAL026C,YPL123C,0,-8.4421835,0.12985630333423615,0.9760000109672546,0.6539999842643738
YKR025W,YNL107W,0,-8.442246,0.12983903288841248,0.9760000109672546,0.6541000008583069
YGL075C,YER154W,0,-8.442268,0.1298217624425888,0.9760000109672546,0.65420001745224
YOR150W,YGL120C,1,-8.442364,0.12993748486042023,0.9769999980926514,0.65420001745224
YDR039C,YGR159C,0,-8.442424,0.12992021441459656,0.9769999980926514,0.6542999744415283
YMR188C,YIL037C,0,-8.44245,0.1299029439687729,0.9769999980926514,0.6543999910354614
YDR376W,YMR039C,0,-8.443626,0.12988567352294922,0.9769999980926514,0.6545000076293945
YBR279W,YOR321W,0,-8.443798,0.12986840307712555,0.9769999980926514,0.6546000242233276
YMR078C,YHR024C,0,-8.443959,0.12985114753246307,0.9769999980926514,0.654699981212616
YLR254C,YIL095W,0,-8.444088,0.1298338919878006,0.9769999980926514,0.6547999978065491
YJR077C,YMR016C,0,-8.444183,0.12981663644313812,0.9769999980926514,0.6549000144004822
YPL181W,YDL120W,0,-8.44435,0.12979939579963684,0.9769999980926514,0.6549999713897705
YJL081C,YNL261W,0,-8.444602,0.12978214025497437,0.9769999980926514,0.6550999879837036
YKL196C,YDR365W-A,0,-8.44506,0.12976491451263428,0.9769999980926514,0.6552000045776367
YOR038C,YKL200C,0,-8.445196,0.129747673869133,0.9769999980926514,0.6553000211715698
YIR021W,YNL139C,0,-8.445331,0.1297304481267929,0.9769999980926514,0.6553999781608582
YLR233C,YGR083C,0,-8.445361,0.12971322238445282,0.9769999980926514,0.6554999947547913
YKL185W,YMR190C,0,-8.445824,0.12969601154327393,0.9769999980926514,0.6556000113487244
YDL024C,YOR355W,0,-8.446121,0.12967878580093384,0.9769999980926514,0.6557000279426575
YGL086W,YNL283C,0,-8.446177,0.12966157495975494,0.9769999980926514,0.6557999849319458
YNL177C,YOR207C,0,-8.44641,0.12964437901973724,0.9769999980926514,0.6559000015258789
YDR421W,YGR241C,0,-8.446482,0.12962716817855835,0.9769999980926514,0.656000018119812
YLR023C,YGR171C,0,-8.446557,0.12960997223854065,0.9769999980926514,0.6560999751091003
YOR351C,YDL044C,0,-8.446712,0.12959279119968414,0.9769999980926514,0.6561999917030334
YOL100W,YER125W,0,-8.446768,0.12957559525966644,0.9769999980926514,0.6563000082969666
YFR027W,YPL123C,0,-8.446807,0.12955841422080994,0.9769999980926514,0.6564000248908997
YAL013W,YGL240W,0,-8.446808,0.12954123318195343,0.9769999980926514,0.656499981880188
YJL209W,YML029W,0,-8.44684,0.12952406704425812,0.9769999980926514,0.6565999984741211
YOR362C,YPR074C,0,-8.446884,0.1295068860054016,0.9769999980926514,0.6567000150680542
YDR151C,YPR100W,0,-8.447075,0.1294897347688675,0.9769999980926514,0.6567999720573425
YMR023C,YLL013C,0,-8.447092,0.12947256863117218,0.9769999980926514,0.6568999886512756
YLR266C,YPR189W,0,-8.447586,0.12945541739463806,0.9769999980926514,0.6570000052452087
YLR391W,YKL125W,0,-8.447747,0.12943826615810394,0.9769999980926514,0.6571000218391418
YHR098C,YPR107C,0,-8.447917,0.12942111492156982,0.9769999980926514,0.6571999788284302
YER110C,YDR296W,0,-8.448127,0.1294039785861969,0.9769999980926514,0.6572999954223633
YLR391W,YER107C,0,-8.448172,0.12938684225082397,0.9769999980926514,0.6574000120162964
YMR268C,YGL046W,0,-8.448187,0.12936970591545105,0.9769999980926514,0.6575000286102295
YLR220W,YDR034C-C,0,-8.448385,0.12935256958007812,0.9769999980926514,0.6575999855995178
YBR029C,YOR244W,0,-8.448708,0.1293354481458664,0.9769999980926514,0.6577000021934509
YDR256C,YGR231C,0,-8.44885,0.12931832671165466,0.9769999980926514,0.657800018787384
YHR166C,YOR188W,0,-8.449051,0.12930122017860413,0.9769999980926514,0.6578999757766724
YLR100W,YML061C,0,-8.449257,0.1292841136455536,0.9769999980926514,0.6579999923706055
YER143W,YOR321W,0,-8.44961,0.12926700711250305,0.9769999980926514,0.6581000089645386
YLR228C,YDL076C,0,-8.45012,0.12924990057945251,0.9769999980926514,0.6582000255584717
YDR448W,YMR088C,0,-8.450218,0.12923280894756317,0.9769999980926514,0.65829998254776
YOR288C,YCR081W,0,-8.450233,0.12921571731567383,0.9769999980926514,0.6583999991416931
YDR317W,YMR036C,0,-8.450409,0.12919862568378448,0.9769999980926514,0.6585000157356262
YFL014W,YJR029W,0,-8.45071,0.12918154895305634,0.9769999980926514,0.6585999727249146
YDR254W,YGL028C,0,-8.450848,0.129164457321167,0.9769999980926514,0.6586999893188477
YLR291C,YAL051W,0,-8.450953,0.12914739549160004,0.9769999980926514,0.6588000059127808
YBR158W,YOL051W,0,-8.451333,0.1291303187608719,0.9769999980926514,0.6589000225067139
YDR330W,YNL197C,0,-8.451686,0.12911325693130493,0.9769999980926514,0.6589999794960022
YOR226C,YCR020C-A,0,-8.451769,0.12909619510173798,0.9769999980926514,0.6590999960899353
YMR078C,YHR069C,0,-8.451835,0.12907913327217102,0.9769999980926514,0.6592000126838684
YMR322C,YBR253W,0,-8.452091,0.12906208634376526,0.9769999980926514,0.6593000292778015
YDR069C,YNL263C,0,-8.452555,0.1290450394153595,0.9769999980926514,0.6593999862670898
YFL031W,YOR132W,0,-8.452584,0.12902799248695374,0.9769999980926514,0.659500002861023
YDR093W,YML091C,0,-8.452587,0.12901096045970917,0.9769999980926514,0.659600019454956
YPL140C,YPL154C,0,-8.45311,0.1289939284324646,0.9769999980926514,0.6596999764442444
YPR122W,YIL052C,0,-8.453411,0.12897689640522003,0.9769999980926514,0.6597999930381775
YNL292W,YDR261W-B,0,-8.453924,0.12895987927913666,0.9769999980926514,0.6599000096321106
YNR057C,YCL035C,0,-8.454563,0.1289428472518921,0.9769999980926514,0.6600000262260437
YMR030W,YOR027W,0,-8.454702,0.1289258450269699,0.9769999980926514,0.660099983215332
YDL100C,YNL036W,0,-8.454835,0.12890882790088654,0.9769999980926514,0.6601999998092651
YOR326W,YIL160C,0,-8.455003,0.12889182567596436,0.9769999980926514,0.6603000164031982
YJL014W,YCR020C,0,-8.455374,0.12887482345104218,0.9769999980926514,0.6603999733924866
YOR133W,YJL042W,0,-8.4560375,0.12885782122612,0.9769999980926514,0.6604999899864197
YGL169W,YGL249W,0,-8.456046,0.128840833902359,0.9769999980926514,0.6606000065803528
YGL090W,YDR045C,0,-8.456125,0.12882384657859802,0.9769999980926514,0.6607000231742859
YJL018W,YLR092W,0,-8.456305,0.12880685925483704,0.9769999980926514,0.6607999801635742
YKL178C,YER190W,0,-8.456396,0.12878987193107605,0.9769999980926514,0.6608999967575073
YGR276C,YGR161C-C,0,-8.456471,0.12877289950847626,0.9769999980926514,0.6610000133514404
YEL030W,YNL297C,0,-8.456659,0.12875592708587646,0.9769999980926514,0.6610999703407288
YOL068C,YGR080W,0,-8.456943,0.12873896956443787,0.9769999980926514,0.6611999869346619
YGR288W,YMR077C,0,-8.457083,0.12872199714183807,0.9769999980926514,0.661300003528595
YML024W,YOR008C,0,-8.45742,0.12870503962039948,0.9769999980926514,0.6614000201225281
YKL192C,YHR081W,0,-8.457912,0.12868809700012207,0.9769999980926514,0.6614999771118164
YCR012W,YAL011W,0,-8.4579315,0.12867113947868347,0.9769999980926514,0.6615999937057495
YMR305C,YBR165W,0,-8.458328,0.12865419685840607,0.9769999980926514,0.6617000102996826
YLR028C,YDR365W-A,0,-8.458382,0.12863725423812866,0.9769999980926514,0.6618000268936157
YDR508C,YOR368W,0,-8.458415,0.12862032651901245,0.9769999980926514,0.661899983882904
YDL056W,YBL025W,0,-8.4584465,0.12860339879989624,0.9769999980926514,0.6620000004768372
YLR228C,YPL203W,0,-8.458599,0.12858647108078003,0.9769999980926514,0.6621000170707703
YDL046W,YBR182C,0,-8.458667,0.12856954336166382,0.9769999980926514,0.6621999740600586
YJL041W,YOR137C,0,-8.458988,0.1285526305437088,0.9769999980926514,0.6622999906539917
YNR013C,YDL076C,0,-8.459297,0.12853571772575378,0.9769999980926514,0.6624000072479248
YGR004W,YOR332W,0,-8.459873,0.12851880490779877,0.9769999980926514,0.6625000238418579
YAL012W,YNL037C,0,-8.460012,0.12850190699100494,0.9769999980926514,0.6625999808311462
YKL048C,YKL176C,0,-8.460361,0.12848500907421112,0.9769999980926514,0.6626999974250793
YLR391W-A,YIL026C,0,-8.460523,0.1284681111574173,0.9769999980926514,0.6628000140190125
YIL143C,YOR359W,0,-8.460591,0.12845122814178467,0.9769999980926514,0.6628999710083008
YLR129W,YJR118C,0,-8.46074,0.12843433022499084,0.9769999980926514,0.6629999876022339
YEL036C,YBL022C,0,-8.460741,0.1284174621105194,0.9769999980926514,0.663100004196167
YDL102W,YDR422C,0,-8.461322,0.12840057909488678,0.9769999980926514,0.6632000207901001
YCL062W,YKL126W,0,-8.461415,0.12838371098041534,0.9769999980926514,0.6632999777793884
YPR135W,YGR122W,0,-8.461454,0.1283668428659439,0.9769999980926514,0.6633999943733215
YHR058C,YPR007C,0,-8.462133,0.12834997475147247,0.9769999980926514,0.6635000109672546
YPL217C,YGR165W,0,-8.462479,0.12833312153816223,0.9769999980926514,0.6636000275611877
YFL034C-B,YGR231C,0,-8.46276,0.1283162534236908,0.9769999980926514,0.6636999845504761
YDR494W,YDL060W,0,-8.463051,0.12829941511154175,0.9769999980926514,0.6638000011444092
YGL191W,YPR158W-B,0,-8.463474,0.1282825618982315,0.9769999980926514,0.6639000177383423
YOR328W,YKL041W,0,-8.464063,0.12826572358608246,0.9769999980926514,0.6639999747276306
YGR121C,YER009W,0,-8.464238,0.1282488852739334,0.9769999980926514,0.6640999913215637
YNR016C,YER065C,0,-8.464331,0.12823204696178436,0.9769999980926514,0.6642000079154968
YJL115W,YLR371W,0,-8.464631,0.1282152235507965,0.9769999980926514,0.6643000245094299
YIL048W,YOR001W,0,-8.46468,0.12819840013980865,0.9769999980926514,0.6643999814987183
YMR235C,YBR012W-B,0,-8.464785,0.1281815767288208,0.9769999980926514,0.6644999980926514
YIL052C,YDR246W,0,-8.464985,0.12816476821899414,0.9769999980926514,0.6646000146865845
YDL201W,YHR214C-C,0,-8.465064,0.12814795970916748,0.9769999980926514,0.6646999716758728
YPL115C,YGR044C,0,-8.465494,0.12813115119934082,0.9769999980926514,0.6647999882698059
YDR487C,YLR234W,0,-8.465575,0.12811434268951416,0.9769999980926514,0.664900004863739
YBR298C,YGL049C,0,-8.466483,0.1280975490808487,0.9769999980926514,0.6650000214576721
YJL014W,YKR097W,0,-8.466581,0.12808075547218323,0.9769999980926514,0.6650999784469604
YIL085C,YAR010C,0,-8.467028,0.12806396186351776,0.9769999980926514,0.6651999950408936
YDR236C,YCL061C,0,-8.467796,0.1280471831560135,0.9769999980926514,0.6653000116348267
YBR109C,YER129W,0,-8.468231,0.12803040444850922,0.9769999980926514,0.6654000282287598
YFL039C,YOR073W,0,-8.46826,0.12801362574100494,0.9769999980926514,0.6654999852180481
YLR391W,YHL024W,0,-8.46866,0.12799686193466187,0.9769999980926514,0.6656000018119812
YBR057C,YPR121W,0,-8.468728,0.1279800832271576,0.9769999980926514,0.6657000184059143
YGL167C,YBL025W,0,-8.468896,0.12796331942081451,0.9769999980926514,0.6657999753952026
YDL002C,YNL093W,0,-8.469095,0.12794657051563263,0.9769999980926514,0.6658999919891357
YJR044C,YCL020W,0,-8.4704,0.12792982161045074,0.9769999980926514,0.6660000085830688
YDR317W,YDR150W,0,-8.470642,0.12791307270526886,0.9769999980926514,0.666100025177002
YDL097C,YDR115W,0,-8.470767,0.12789632380008698,0.9769999980926514,0.6661999821662903
YGL201C,YAL002W,0,-8.47166,0.1278795748949051,0.9769999980926514,0.6662999987602234
YFL011W-A,YLR032W,0,-8.472845,0.1278628408908844,0.9769999980926514,0.6664000153541565
YPL115C,YOL011W,0,-8.47286,0.1278461068868637,0.9769999980926514,0.6664999723434448
YBR130C,YGR221C,0,-8.472905,0.1278293877840042,0.9769999980926514,0.6665999889373779
YOR317W,YLR342W,0,-8.473686,0.12781266868114471,0.9769999980926514,0.666700005531311
YKR022C,YKR089C,0,-8.474615,0.12779594957828522,0.9769999980926514,0.6668000221252441
YMR285C,YJR021C,0,-8.475082,0.12777923047542572,0.9769999980926514,0.6668999791145325
YDR424C,YGR121C,0,-8.475288,0.12776252627372742,0.9769999980926514,0.6669999957084656
YMR128W,YPL137C,0,-8.475523,0.1277458220720291,0.9769999980926514,0.6671000123023987
YDR005C,YGR161W-B,0,-8.475828,0.1277291178703308,0.9769999980926514,0.6672000288963318
YDL099W,YOR310C,0,-8.476007,0.1277124136686325,0.9769999980926514,0.6672999858856201
YJR127C,YDR320C,0,-8.476234,0.1276957243680954,0.9769999980926514,0.6674000024795532
YER051W,YAR042W,0,-8.476593,0.1276790350675583,0.9769999980926514,0.6675000190734863
YPR075C,YDR472W,0,-8.476638,0.12766236066818237,0.9769999980926514,0.6675999760627747
YER053C,YFL060C,0,-8.476755,0.12764567136764526,0.9769999980926514,0.6676999926567078
YPL152W,YBR171W,0,-8.476823,0.12762899696826935,0.9769999980926514,0.6678000092506409
YMR292W,YDR071C,0,-8.477004,0.12761233747005463,0.9769999980926514,0.667900025844574
YMR287C,YPR132W,0,-8.477313,0.1275956630706787,0.9769999980926514,0.6679999828338623
YDR446W,YLR214W,0,-8.477317,0.127579003572464,0.9769999980926514,0.6680999994277954
YPR051W,YLR092W,0,-8.47759,0.12756234407424927,0.9769999980926514,0.6682000160217285
YDR419W,YJL141C,0,-8.477686,0.12754568457603455,0.9769999980926514,0.6682999730110168
YOR195W,YDR018C,0,-8.477869,0.12752903997898102,0.9769999980926514,0.66839998960495
YLR391W-A,YHR135C,0,-8.47863,0.1275123953819275,0.9769999980926514,0.6685000061988831
YJL192C,YMR273C,0,-8.478812,0.12749576568603516,0.9769999980926514,0.6686000227928162
YBL045C,YHL025W,0,-8.479067,0.12747912108898163,0.9769999980926514,0.6686999797821045
YPR167C,YGR094W,0,-8.4791355,0.1274624913930893,0.9769999980926514,0.6687999963760376
YOL051W,YJR009C,0,-8.479183,0.12744586169719696,0.9769999980926514,0.6689000129699707
YER016W,YPR158W-B,0,-8.479291,0.12742924690246582,0.9769999980926514,0.6690000295639038
YHR079C-B,YNR047W,0,-8.479562,0.1274126172065735,0.9769999980926514,0.6690999865531921
YML059C,YOR127W,0,-8.479717,0.12739601731300354,0.9769999980926514,0.6692000031471252
YCR089W,YIL095W,0,-8.479752,0.1273794025182724,0.9769999980926514,0.6693000197410583
YLR214W,YER040W,0,-8.48003,0.12736278772354126,0.9769999980926514,0.6693999767303467
YHR102W,YDR115W,0,-8.480243,0.1273461878299713,0.9769999980926514,0.6694999933242798
YDR085C,YMR200W,0,-8.480677,0.12732960283756256,0.9769999980926514,0.6696000099182129
YLR088W,YJL018W,0,-8.480678,0.12731300294399261,0.9769999980926514,0.669700026512146
YDR473C,YGL162W,0,-8.480829,0.12729641795158386,0.9769999980926514,0.6697999835014343
YLR370C,YKL075C,0,-8.480894,0.1272798329591751,0.9769999980926514,0.6699000000953674
YJL001W,YJL204C,0,-8.48167,0.12726324796676636,0.9769999980926514,0.6700000166893005
YNL233W,YHL024W,0,-8.481899,0.1272466778755188,0.9769999980926514,0.6700999736785889
YKL092C,YDL033C,0,-8.4821415,0.12723010778427124,0.9769999980926514,0.670199990272522
YOR150W,YLR221C,1,-8.482697,0.12734374403953552,0.9779999852180481,0.670199990272522
YCL029C,YHL006C,0,-8.483043,0.12732717394828796,0.9779999852180481,0.6703000068664551
YGL018C,YNL218W,0,-8.483428,0.1273105889558792,0.9779999852180481,0.6704000234603882
YPL221W,YDL212W,0,-8.483484,0.12729401886463165,0.9779999852180481,0.6704999804496765
YJL085W,YKL193C,0,-8.483534,0.1272774636745453,0.9779999852180481,0.6705999970436096
YEL030W,YPR190C,0,-8.483566,0.12726089358329773,0.9779999852180481,0.6707000136375427
YJL003W,YPL137C,0,-8.484353,0.12724433839321136,0.9779999852180481,0.670799970626831
YGL087C,YML005W,0,-8.48436,0.127227783203125,0.9779999852180481,0.6708999872207642
YNL166C,YHL009W-B,0,-8.484958,0.12721124291419983,0.9779999852180481,0.6710000038146973
YGL245W,YHR030C,0,-8.484999,0.12719468772411346,0.9779999852180481,0.6711000204086304
YPL259C,YDR030C,0,-8.485432,0.1271781474351883,0.9779999852180481,0.6711999773979187
YHR120W,YAR044W,0,-8.485987,0.12716162204742432,0.9779999852180481,0.6712999939918518
YDR365C,YBL041W,0,-8.486151,0.12714508175849915,0.9779999852180481,0.6714000105857849
YKR034W,YFR040W,0,-8.486245,0.12712855637073517,0.9779999852180481,0.671500027179718
YDL194W,YPL124W,0,-8.48633,0.1271120309829712,0.9779999852180481,0.6715999841690063
YLR102C,YLR228C,0,-8.48723,0.1270955204963684,0.9779999852180481,0.6717000007629395
YOL054W,YOR343W-B,0,-8.48905,0.12707899510860443,0.9779999852180481,0.6718000173568726
YBL011W,YGR209C,0,-8.489258,0.12706248462200165,0.9779999852180481,0.6718999743461609
YNL251C,YLR275W,0,-8.489502,0.12704598903656006,0.9779999852180481,0.671999990940094
YIL019W,YGR267C,0,-8.489995,0.12702947854995728,0.9779999852180481,0.6721000075340271
YOR008C,YLR383W,0,-8.490355,0.12701298296451569,0.9779999852180481,0.6722000241279602
YDL099W,YKR067W,0,-8.490416,0.1269964873790741,0.9779999852180481,0.6722999811172485
YCR039C,YPR009W,0,-8.490815,0.1269800066947937,0.9779999852180481,0.6723999977111816
YIL019W,YCR020C,0,-8.491304,0.1269635260105133,0.9779999852180481,0.6725000143051147
YPR128C,YJL222W,0,-8.491554,0.1269470453262329,0.9779999852180481,0.6725999712944031
YOR085W,YBL046W,0,-8.492176,0.12693056464195251,0.9779999852180481,0.6726999878883362
YIL044C,YML043C,0,-8.49242,0.1269140988588333,0.9779999852180481,0.6728000044822693
YBL057C,YHR079C-A,0,-8.492849,0.12689761817455292,0.9779999852180481,0.6729000210762024
YMR078C,YHR039C-B,0,-8.49293,0.1268811672925949,0.9779999852180481,0.6729999780654907
YCR040W,YML115C,0,-8.493055,0.1268647015094757,0.9779999852180481,0.6730999946594238
YDL105W,YOL072W,0,-8.493202,0.1268482506275177,0.9779999852180481,0.6732000112533569
YGL210W-A,YOR328W,0,-8.493212,0.1268317997455597,0.9779999852180481,0.67330002784729
YMR231W,YER103W,0,-8.4935,0.12681534886360168,0.9779999852180481,0.6733999848365784
YGL119W,YMR038C,0,-8.493998,0.12679891288280487,0.9779999852180481,0.6735000014305115
YPR067W,YLR224W,0,-8.494073,0.12678247690200806,0.9779999852180481,0.6736000180244446
YDR317W,YKR057W,0,-8.494502,0.12676604092121124,0.9779999852180481,0.6736999750137329
YML099C,YIL065C,0,-8.49465,0.12674960494041443,0.9779999852180481,0.673799991607666
YFL049W,YOR343W-A,0,-8.49468,0.1267331838607788,0.9779999852180481,0.6739000082015991
YMR078C,YFL002W-B,0,-8.494991,0.1267167627811432,0.9779999852180481,0.6740000247955322
YGR163W,YDR490C,0,-8.495051,0.12670035660266876,0.9779999852180481,0.6740999817848206
YGR253C,YBR156C,0,-8.495499,0.12668393552303314,0.9779999852180481,0.6741999983787537
YOR326W,YOR075W,0,-8.496117,0.12666752934455872,0.9779999852180481,0.6743000149726868
YBR090C-A,YLR305C,0,-8.496281,0.1266511231660843,0.9779999852180481,0.6743999719619751
YLR189C,YGL223C,0,-8.496345,0.12663473188877106,0.9779999852180481,0.6744999885559082
YLR398C,YKL178C,0,-8.496439,0.12661832571029663,0.9779999852180481,0.6746000051498413
YPR164W,YGR013W,0,-8.496474,0.1266019344329834,0.9779999852180481,0.6747000217437744
YBR179C,YPL154C,0,-8.496654,0.12658555805683136,0.9779999852180481,0.6747999787330627
YJL024C,YNL080C,0,-8.496766,0.12656916677951813,0.9779999852180481,0.6748999953269958
YDL059C,YDR034C-D,0,-8.496856,0.1265527904033661,0.9779999852180481,0.675000011920929
YOR213C,YOR073W,0,-8.496919,0.12653641402721405,0.9779999852180481,0.6751000285148621
YGR089W,YGR070W,0,-8.497107,0.1265200525522232,0.9779999852180481,0.6751999855041504
YDR150W,YDR260C,0,-8.498477,0.12650369107723236,0.9779999852180481,0.6753000020980835
YJR155W,YAL047C,0,-8.498583,0.12648732960224152,0.9779999852180481,0.6754000186920166
YNR057C,YDR400W,0,-8.4991,0.12647096812725067,0.9779999852180481,0.6754999756813049
YCR047C,YBR296C,0,-8.499601,0.12645462155342102,0.9779999852180481,0.675599992275238
YER145C,YDR434W,0,-8.4996805,0.12643827497959137,0.9779999852180481,0.6757000088691711
YDL108W,YNL202W,0,-8.499909,0.12642192840576172,0.9779999852180481,0.6758000254631042
YBR034C,YDR030C,0,-8.499924,0.12640558183193207,0.9779999852180481,0.6758999824523926
YPL031C,YGR274C,0,-8.500305,0.1263892501592636,0.9779999852180481,0.6759999990463257
YOR023C,YNL242W,0,-8.500686,0.12637291848659515,0.9779999852180481,0.6761000156402588
YHR072W,YPR133W-A,0,-8.50071,0.1263565868139267,0.9779999852180481,0.6761999726295471
YLR189C,YHL020C,0,-8.5010195,0.12634027004241943,0.9779999852180481,0.6762999892234802
YGL127C,YDR145W,0,-8.501154,0.12632395327091217,0.9779999852180481,0.6764000058174133
YML016C,YNL206C,0,-8.501161,0.1263076364994049,0.9779999852180481,0.6765000224113464
YHR043C,YDL207W,0,-8.501801,0.12629131972789764,0.9779999852180481,0.6765999794006348
YIL004C,YGL194C,0,-8.502077,0.12627501785755157,0.9779999852180481,0.6766999959945679
YPL271W,YIR010W,0,-8.502216,0.1262587159872055,0.9779999852180481,0.676800012588501
YGR140W,YPR107C,0,-8.502826,0.12624241411685944,0.9779999852180481,0.6769000291824341
YBR195C,YLR362W,0,-8.502912,0.12622612714767456,0.9779999852180481,0.6769999861717224
YDR118W,YBL071W-A,0,-8.503199,0.12620984017848969,0.9779999852180481,0.6771000027656555
YDL081C,YPL232W,0,-8.503515,0.1261935532093048,0.9779999852180481,0.6772000193595886
YCR005C,YOR194C,0,-8.503896,0.12617726624011993,0.9779999852180481,0.677299976348877
YBR297W,YJL050W,0,-8.503995,0.12616099417209625,0.9779999852180481,0.6773999929428101
YHR186C,YBR061C,0,-8.504048,0.12614472210407257,0.9779999852180481,0.6775000095367432
YDR093W,YJL210W,0,-8.504192,0.1261284500360489,0.9779999852180481,0.6776000261306763
YAR015W,YBL090W,0,-8.504194,0.1261121928691864,0.9779999852180481,0.6776999831199646
YMR208W,YGR083C,0,-8.5042715,0.12609592080116272,0.9779999852180481,0.6777999997138977
YJR125C,YKL120W,0,-8.504774,0.12607966363430023,0.9779999852180481,0.6779000163078308
YJR119C,YDR244W,0,-8.504841,0.12606342136859894,0.9779999852180481,0.6779999732971191
YER111C,YER137C-A,0,-8.504848,0.12604716420173645,0.9779999852180481,0.6780999898910522
YPL256C,YER173W,0,-8.504886,0.12603092193603516,0.9779999852180481,0.6782000064849854
YNL071W,YPL041C,0,-8.505186,0.12601469457149506,0.9779999852180481,0.6783000230789185
YGR244C,YDL247W,0,-8.505198,0.12599845230579376,0.9779999852180481,0.6783999800682068
YLR129W,YOR298W,0,-8.50531,0.12598222494125366,0.9779999852180481,0.6784999966621399
YLR134W,YOR361C,0,-8.505829,0.12596599757671356,0.9779999852180481,0.678600013256073
YPL019C,YPL144W,0,-8.505854,0.12594977021217346,0.9779999852180481,0.6786999702453613
YKR054C,YJL164C,0,-8.506464,0.12593355774879456,0.9779999852180481,0.6787999868392944
YER171W,YGR112W,0,-8.506814,0.12591734528541565,0.9779999852180481,0.6789000034332275
YMR033W,YAL040C,0,-8.50705,0.12590113282203674,0.9779999852180481,0.6790000200271606
YPR190C,YDR306C,0,-8.50737,0.12588492035865784,0.9779999852180481,0.679099977016449
YKR022C,YBR196C,0,-8.507477,0.12586872279644012,0.9779999852180481,0.6791999936103821
YEL015W,YMR311C,0,-8.507554,0.1258525252342224,0.9779999852180481,0.6793000102043152
YDR303C,YGL212W,0,-8.50774,0.1258363425731659,0.9779999852180481,0.6794000267982483
YMR015C,YKL140W,0,-8.50798,0.12582014501094818,0.9779999852180481,0.6794999837875366
YLR154C,YGR213C,0,-8.50824,0.12580396234989166,0.9779999852180481,0.6796000003814697
YJR078W,YLR286C,0,-8.508412,0.12578777968883514,0.9779999852180481,0.6797000169754028
YOR048C,YGL252C,0,-8.508771,0.12577161192893982,0.9779999852180481,0.6797999739646912
YPR081C,YER087C-B,0,-8.508816,0.1257554292678833,0.9779999852180481,0.6798999905586243
YHR053C,YNL250W,0,-8.50907,0.12573926150798798,0.9779999852180481,0.6800000071525574
YJR158W,YDL033C,0,-8.5092125,0.12572309374809265,0.9779999852180481,0.6801000237464905
YPR067W,YNR049C,0,-8.509989,0.12570694088935852,0.9779999852180481,0.6801999807357788
YER044C-A,YNL091W,0,-8.510244,0.1256907880306244,0.9779999852180481,0.6802999973297119
YMR112C,YKL193C,0,-8.510477,0.12567463517189026,0.9779999852180481,0.680400013923645
YMR229C,YHL009W-B,0,-8.510668,0.12565848231315613,0.9779999852180481,0.6804999709129333
YLR390W-A,YDL059C,0,-8.51083,0.1256423443555832,0.9779999852180481,0.6805999875068665
YDL231C,YOR073W,0,-8.511251,0.12562620639801025,0.9779999852180481,0.6807000041007996
YLR145W,YMR156C,0,-8.512329,0.12561006844043732,0.9779999852180481,0.6808000206947327
YGL001C,YPL122C,0,-8.512525,0.12559394538402557,0.9779999852180481,0.680899977684021
YMR025W,YJL012C,0,-8.512579,0.12557780742645264,0.9779999852180481,0.6809999942779541
YBR167C,YPR103W,0,-8.512714,0.1255616843700409,0.9779999852180481,0.6811000108718872
YEL061C,YNL038W,0,-8.51301,0.12554557621479034,0.9779999852180481,0.6812000274658203
YOL017W,YMR058W,0,-8.513054,0.1255294531583786,0.9779999852180481,0.6812999844551086
YBR004C,YLR071C,0,-8.513421,0.12551334500312805,0.9779999852180481,0.6814000010490417
YDR513W,YNL291C,0,-8.51355,0.1254972368478775,0.9779999852180481,0.6815000176429749
YHR055C,YFL034C-B,0,-8.513719,0.12548114359378815,0.9779999852180481,0.6815999746322632
YNR027W,YGR055W,0,-8.513737,0.1254650354385376,0.9779999852180481,0.6816999912261963
YNL038W,YOR328W,0,-8.513966,0.12544894218444824,0.9779999852180481,0.6818000078201294
YKL204W,YOR207C,0,-8.514011,0.12543286383152008,0.9779999852180481,0.6819000244140625
YPR201W,YMR227C,0,-8.514294,0.12541677057743073,0.9779999852180481,0.6819999814033508
YGL033W,YKR085C,0,-8.516773,0.12540069222450256,0.9779999852180481,0.6820999979972839
YHR050W,YGR020C,0,-8.51792,0.1253846138715744,0.9779999852180481,0.682200014591217
YJL058C,YHL003C,0,-8.51819,0.12536853551864624,0.9779999852180481,0.6822999715805054
YER087C-B,YDR080W,0,-8.518209,0.12535247206687927,0.9779999852180481,0.6823999881744385
YDR499W,YFL059W,0,-8.518633,0.1253364086151123,0.9779999852180481,0.6825000047683716
YBR042C,YOL023W,0,-8.518841,0.12532034516334534,0.9779999852180481,0.6826000213623047
YOR372C,YGL144C,0,-8.518932,0.12530429661273956,0.9779999852180481,0.682699978351593
YLR129W,YPL127C,0,-8.519057,0.1252882331609726,0.9779999852180481,0.6827999949455261
YLR337W,YDR065W,0,-8.519102,0.12527218461036682,0.9779999852180481,0.6829000115394592
YHL034C,YPL016W,0,-8.519537,0.12525615096092224,0.9779999852180481,0.6830000281333923
YCR020C,YMR293C,0,-8.519944,0.12524010241031647,0.9779999852180481,0.6830999851226807
YGL145W,YPR137C-A,0,-8.51997,0.1252240687608719,0.9779999852180481,0.6832000017166138
YKL135C,YPR120C,0,-8.520275,0.1252080351114273,0.9779999852180481,0.6833000183105469
YLR403W,YOL093W,0,-8.520298,0.12519201636314392,0.9779999852180481,0.6833999752998352
YMR255W,YDR322C-A,0,-8.5203905,0.12517598271369934,0.9779999852180481,0.6834999918937683
YFL005W,YHR172W,0,-8.520866,0.12515996396541595,0.9779999852180481,0.6836000084877014
YKR019C,YOR085W,0,-8.520901,0.12514396011829376,0.9779999852180481,0.6837000250816345
YJL031C,YOR226C,0,-8.521136,0.12512794137001038,0.9779999852180481,0.6837999820709229
YLR165C,YDR210W-B,0,-8.521252,0.12511193752288818,0.9779999852180481,0.683899998664856
YHR123W,YBL064C,0,-8.521545,0.125095933675766,0.9779999852180481,0.6840000152587891
YGR091W,YDR255C,0,-8.5216255,0.1250799298286438,0.9779999852180481,0.6840999722480774
YOL080C,YKL070W,0,-8.522751,0.1250639408826828,0.9779999852180481,0.6841999888420105
YDR141C,YCL024W,0,-8.522875,0.1250479519367218,0.9779999852180481,0.6843000054359436
YPL145C,YDL194W,0,-8.523609,0.1250319629907608,0.9779999852180481,0.6844000220298767
YNL219C,YHR039C-B,0,-8.523938,0.1250159740447998,0.9779999852180481,0.684499979019165
YAL013W,YML060W,0,-8.5240755,0.125,0.9779999852180481,0.6845999956130981
YHR143W,YGR179C,0,-8.52412,0.1249840259552002,0.9779999852180481,0.6847000122070312
YJL099W,YMR285C,0,-8.524344,0.12496805191040039,0.9779999852180481,0.6848000288009644
YFL014W,YBL005W,0,-8.524385,0.12495208531618118,0.9779999852180481,0.6848999857902527
YDL035C,YJR160C,0,-8.524409,0.12493612617254257,0.9779999852180481,0.6850000023841858
YML081C-A,YFL002W-A,0,-8.524635,0.12492016702890396,0.9779999852180481,0.6851000189781189
YKL002W,YER040W,0,-8.524772,0.12490421533584595,0.9779999852180481,0.6851999759674072
YCR088W,YOL034W,0,-8.524888,0.12488826364278793,0.9779999852180481,0.6852999925613403
YIL065C,YLR357W,0,-8.524911,0.12487231940031052,0.9779999852180481,0.6854000091552734
YBR207W,YGR169C,0,-8.525053,0.1248563751578331,0.9779999852180481,0.6855000257492065
YGR231C,YOL034W,0,-8.525063,0.12484043836593628,0.9779999852180481,0.6855999827384949
YMR192W,YDL095W,0,-8.5252,0.12482450902462006,0.9779999852180481,0.685699999332428
YJL054W,YMR051C,0,-8.525438,0.12480857223272324,0.9779999852180481,0.6858000159263611
YGR027W-B,YKL075C,0,-8.52582,0.12479265034198761,0.9779999852180481,0.6858999729156494
YOR061W,YGR179C,0,-8.5261345,0.12477672845125198,0.9779999852180481,0.6859999895095825
YER122C,YIL017C,0,-8.52633,0.12476081401109695,0.9779999852180481,0.6861000061035156
YIL132C,YOR290C,0,-8.526432,0.12474489957094193,0.9779999852180481,0.6862000226974487
YLR328W,YBR117C,0,-8.527071,0.1247289851307869,0.9779999852180481,0.6862999796867371
YGL252C,YLR212C,0,-8.528387,0.12471308559179306,0.9779999852180481,0.6863999962806702
YLR363C,YMR016C,0,-8.528595,0.12469717860221863,0.9779999852180481,0.6865000128746033
YER083C,YAL010C,0,-8.528767,0.12468128651380539,0.9779999852180481,0.6866000294685364
YOR120W,YCR098C,0,-8.528851,0.12466539442539215,0.9779999852180481,0.6866999864578247
YDR429C,YAR010C,0,-8.529037,0.12464950233697891,0.9779999852180481,0.6868000030517578
YER044C-A,YOR290C,0,-8.529364,0.12463361769914627,0.9779999852180481,0.6869000196456909
YJL014W,YBR090C-A,0,-8.529469,0.12461774051189423,0.9779999852180481,0.6869999766349792
YER173W,YMR039C,0,-8.529547,0.12460186332464218,0.9779999852180481,0.6870999932289124
YMR275C,YNL286W,0,-8.530134,0.12458598613739014,0.9779999852180481,0.6872000098228455
YDR516C,YJR141W,0,-8.530182,0.12457011640071869,0.9779999852180481,0.6873000264167786
YOL008W,YMR219W,0,-8.530849,0.12455425411462784,0.9779999852180481,0.6873999834060669
YJR118C,YGL044C,0,-8.530861,0.12453839182853699,0.9779999852180481,0.6875
YHR070W,YOL138C,0,-8.531425,0.12452253699302673,0.9779999852180481,0.6876000165939331
YLR189C,YER007W,0,-8.531445,0.12450668215751648,0.9779999852180481,0.6876999735832214
YJR108W,YOL124C,0,-8.531869,0.12449083477258682,0.9779999852180481,0.6877999901771545
YJR006W,YJR002W,0,-8.53192,0.12447498738765717,0.9779999852180481,0.6879000067710876
YLL043W,YGR209C,0,-8.532987,0.1244591474533081,0.9779999852180481,0.6880000233650208
YAL058W,YHL028W,0,-8.532993,0.12444331496953964,0.9779999852180481,0.6880999803543091
YDR216W,YDR172W,0,-8.53306,0.12442748248577118,0.9779999852180481,0.6881999969482422
YGR095C,YDR285W,0,-8.533537,0.12441165000200272,0.9779999852180481,0.6883000135421753
YGR098C,YDL247W,0,-8.533884,0.12439582496881485,0.9779999852180481,0.6883999705314636
YNR013C,YPR133C,0,-8.534828,0.12438000738620758,0.9779999852180481,0.6884999871253967
YMR048W,YOR020C,0,-8.53525,0.12436418980360031,0.9779999852180481,0.6886000037193298
YLR429W,YMR218C,0,-8.535271,0.12434837967157364,0.9779999852180481,0.6887000203132629
YIL140W,YHR070W,0,-8.53557,0.12433256953954697,0.9779999852180481,0.6887999773025513
YAL013W,YLR447C,0,-8.535802,0.12431676685810089,0.9779999852180481,0.6888999938964844
YIL040W,YAL068C,0,-8.535919,0.12430096417665482,0.9779999852180481,0.6890000104904175
YPL140C,YDL015C,0,-8.5359745,0.12428516894578934,0.9779999852180481,0.6891000270843506
YFR008W,YCL066W,0,-8.536428,0.12426937371492386,0.9779999852180481,0.6891999840736389
YJR089W,YOR018W,0,-8.536929,0.12425358593463898,0.9779999852180481,0.689300000667572
YLR165C,YPR137C-B,0,-8.53706,0.12423780560493469,0.9779999852180481,0.6894000172615051
YOL006C,YHR048W,0,-8.5376215,0.12422202527523041,0.9779999852180481,0.6894999742507935
YIL013C,YPL011C,0,-8.537911,0.12420624494552612,0.9779999852180481,0.6895999908447266
YHR183W,YBR294W,0,-8.53848,0.12419047951698303,0.9779999852180481,0.6897000074386597
YKL189W,YPR191W,0,-8.538676,0.12417470663785934,0.9779999852180481,0.6898000240325928
YCL012W,YDR434W,0,-8.538715,0.12415894120931625,0.9779999852180481,0.6898999810218811
YDR017C,YHR008C,0,-8.538855,0.12414318323135376,0.9779999852180481,0.6899999976158142
YOR046C,YMR273C,0,-8.5390005,0.12412742525339127,0.9779999852180481,0.6901000142097473
YGR175C,YFL018W-A,0,-8.539276,0.12411167472600937,0.9779999852180481,0.6901999711990356
YJL095W,YJR125C,0,-8.539673,0.12409592419862747,0.9779999852180481,0.6902999877929688
YAL056W,YDR062W,0,-8.539728,0.12408018112182617,0.9779999852180481,0.6904000043869019
YDR221W,YKL038W,0,-8.53977,0.12406444549560547,0.9779999852180481,0.690500020980835
YNR030W,YPL124W,0,-8.539934,0.12404870986938477,0.9779999852180481,0.6905999779701233
YHR052W,YOR150W,1,-8.540207,0.1241597980260849,0.9789999723434448,0.6905999779701233
YDR148C,YBL100W-A,0,-8.540438,0.1241440549492836,0.9789999723434448,0.6906999945640564
YDR179C,YGL168W,0,-8.54056,0.1241283118724823,0.9789999723434448,0.6908000111579895
YER049W,YDR486C,0,-8.541256,0.1241125762462616,0.9789999723434448,0.6909000277519226
YNL004W,YIL160C,0,-8.54126,0.1240968406200409,0.9789999723434448,0.6909999847412109
YGL216W,YLR003C,0,-8.541447,0.12408111244440079,0.9789999723434448,0.691100001335144
YNL112W,YGR060W,0,-8.541485,0.12406539171934128,0.9789999723434448,0.6912000179290771
YNR052C,YMR095C,0,-8.541829,0.12404967099428177,0.9789999723434448,0.6912999749183655
YJL001W,YOR068C,0,-8.542187,0.12403395771980286,0.9789999723434448,0.6913999915122986
YCL003W,YGR094W,0,-8.542369,0.12401824444532394,0.9789999723434448,0.6915000081062317
YIL007C,YPL218W,0,-8.542417,0.12400253117084503,0.9789999723434448,0.6916000247001648
YBR121C,YDR317W,0,-8.543351,0.12398682534694672,0.9789999723434448,0.6916999816894531
YML126C,YDR365W-A,0,-8.543502,0.123971126973629,0.9789999723434448,0.6917999982833862
YDR384C,YLR386W,0,-8.543659,0.12395542860031128,0.9789999723434448,0.6919000148773193
YER040W,YPL041C,0,-8.54422,0.12393973767757416,0.9789999723434448,0.6919999718666077
YOL151W,YEL031W,0,-8.544224,0.12392405420541763,0.9789999723434448,0.6920999884605408
YDL208W,YPR107C,0,-8.544344,0.12390836328268051,0.9789999723434448,0.6922000050544739
YJR040W,YJR112W,0,-8.546037,0.12389268726110458,0.9789999723434448,0.692300021648407
YHL038C,YGL029W,0,-8.546879,0.12387701123952866,0.9789999723434448,0.6923999786376953
YCR106W,YDL212W,0,-8.546965,0.12386133521795273,0.9789999723434448,0.6924999952316284
YGR156W,YER029C,0,-8.547564,0.1238456666469574,0.9789999723434448,0.6926000118255615
YDR263C,YOR181W,0,-8.548028,0.12383000552654266,0.9789999723434448,0.6927000284194946
YJL110C,YLL016W,0,-8.548033,0.12381434440612793,0.9789999723434448,0.692799985408783
YPL156C,YLR003C,0,-8.548471,0.1237986832857132,0.9789999723434448,0.6929000020027161
YLR295C,YLR435W,0,-8.548807,0.12378302961587906,0.9789999723434448,0.6930000185966492
YLR399C,YKR068C,0,-8.549326,0.12376738339662552,0.9789999723434448,0.6930999755859375
YEL019C,YDR261W-B,0,-8.549546,0.12375173717737198,0.9789999723434448,0.6931999921798706
YDR118W,YHR031C,0,-8.550028,0.12373609840869904,0.9789999723434448,0.6933000087738037
YBR200W,YHR038W,0,-8.550248,0.12372045964002609,0.9789999723434448,0.6934000253677368
YCR088W,YDR057W,0,-8.550421,0.12370482832193375,0.9789999723434448,0.6934999823570251
YLR391W,YJL191W,0,-8.550816,0.1236891970038414,0.9789999723434448,0.6935999989509583
YJR047C,YER119C,0,-8.551287,0.12367357313632965,0.9789999723434448,0.6937000155448914
YDR501W,YMR235C,0,-8.551806,0.1236579492688179,0.9789999723434448,0.6937999725341797
YER133W,YHR096C,0,-8.552546,0.12364233285188675,0.9789999723434448,0.6938999891281128
YDR320C,YOR045W,0,-8.552701,0.1236267238855362,0.9789999723434448,0.6940000057220459
YHR001W,YML069W,0,-8.553106,0.12361110746860504,0.9789999723434448,0.694100022315979
YLR391W,YPL116W,0,-8.553116,0.12359550595283508,0.9789999723434448,0.6941999793052673
YGL158W,YKL099C,0,-8.553839,0.12357990443706512,0.9789999723434448,0.6942999958992004
YLR039C,YPR187W,0,-8.553939,0.12356430292129517,0.9789999723434448,0.6944000124931335
YDR527W,YOR057W,0,-8.554052,0.1235487163066864,0.9789999723434448,0.6945000290870667
YOR371C,YIL076W,0,-8.554802,0.12353312224149704,0.9789999723434448,0.694599986076355
YPL204W,YIL018W,0,-8.555921,0.12351753562688828,0.9789999723434448,0.6947000026702881
YNL113W,YGR122W,0,-8.556295,0.12350195646286011,0.9789999723434448,0.6948000192642212
YBL074C,YBR093C,0,-8.556622,0.12348637729883194,0.9789999723434448,0.6948999762535095
YGL209W,YOR151C,0,-8.556708,0.12347080558538437,0.9789999723434448,0.6949999928474426
YML099C,YHR091C,0,-8.556898,0.1234552338719368,0.9789999723434448,0.6951000094413757
YMR207C,YML124C,0,-8.557954,0.12343966960906982,0.9789999723434448,0.6952000260353088
YML007W,YOR343W-A,0,-8.55838,0.12342410534620285,0.9789999723434448,0.6952999830245972
YPL086C,YGL090W,0,-8.558982,0.12340854853391647,0.9789999723434448,0.6953999996185303
YKR083C,YHR157W,0,-8.5594,0.1233929917216301,0.9789999723434448,0.6955000162124634
YHL020C,YPL065W,0,-8.559525,0.12337744235992432,0.9789999723434448,0.6955999732017517
YLR013W,YMR235C,0,-8.559677,0.12336189299821854,0.9789999723434448,0.6956999897956848
YIL040W,YCR020C,0,-8.5598135,0.12334635108709335,0.9789999723434448,0.6958000063896179
YIL062C,YKL073W,0,-8.559895,0.12333081662654877,0.9789999723434448,0.695900022983551
YMR097C,YOR142W-A,0,-8.560257,0.12331528216600418,0.9789999723434448,0.6959999799728394
YDR221W,YKL089W,0,-8.560497,0.1232997477054596,0.9789999723434448,0.6960999965667725
YDR153C,YHR004C,0,-8.560521,0.1232842206954956,0.9789999723434448,0.6962000131607056
YPR135W,YML048W,0,-8.561039,0.12326870113611221,0.9789999723434448,0.6963000297546387
YDL030W,YBR260C,0,-8.561308,0.12325318157672882,0.9789999723434448,0.696399986743927
YPR199C,YDR342C,0,-8.561557,0.12323766201734543,0.9789999723434448,0.6965000033378601
YJL100W,YNL330C,0,-8.561802,0.12322214990854263,0.9789999723434448,0.6966000199317932
YMR056C,YOL101C,0,-8.561886,0.12320664525032043,0.9789999723434448,0.6966999769210815
YKL203C,YFL002W-B,0,-8.561968,0.12319114059209824,0.9789999723434448,0.6967999935150146
YNR032W,YHL012W,0,-8.562006,0.12317564338445663,0.9789999723434448,0.6969000101089478
YPR171W,YKL126W,0,-8.562055,0.12316014617681503,0.9789999723434448,0.6970000267028809
YHR021C,YBR250W,0,-8.562092,0.12314465641975403,0.9789999723434448,0.6970999836921692
YPR161C,YDR322C-A,0,-8.56302,0.12312916666269302,0.9789999723434448,0.6972000002861023
YLR313C,YOL072W,0,-8.563565,0.12311368435621262,0.9789999723434448,0.6973000168800354
YHR157W,YHR039C-A,0,-8.564283,0.12309820204973221,0.9789999723434448,0.6973999738693237
YLR117C,YER178W,0,-8.565199,0.1230827271938324,0.9789999723434448,0.6974999904632568
YKR028W,YDR297W,0,-8.5658,0.12306725233793259,0.9789999723434448,0.6976000070571899
YFL050C,YDR022C,0,-8.566175,0.12305178493261337,0.9789999723434448,0.697700023651123
YNR016C,YKL145W,0,-8.566698,0.12303631752729416,0.9789999723434448,0.6977999806404114
YOR317W,YLR039C,0,-8.567633,0.12302085757255554,0.9789999723434448,0.6978999972343445
YPR140W,YGR161C-D,0,-8.567906,0.12300540506839752,0.9789999723434448,0.6980000138282776
YOL095C,YBR182C,0,-8.568459,0.1229899525642395,0.9789999723434448,0.6980999708175659
YJL204C,YJL164C,0,-8.568595,0.12297450006008148,0.9789999723434448,0.698199987411499
YPL032C,YER123W,0,-8.568893,0.12295905500650406,0.9789999723434448,0.6983000040054321
YOR381W,YOL064C,0,-8.568935,0.12294361740350723,0.9789999723434448,0.6984000205993652
YKL004W,YOR008C,0,-8.569611,0.1229281798005104,0.9789999723434448,0.6984999775886536
YKR042W,YNL054W,0,-8.569855,0.12291274219751358,0.9789999723434448,0.6985999941825867
YKL048C,YBR017C,0,-8.569891,0.12289731204509735,0.9789999723434448,0.6987000107765198
YJR132W,YFR004W,0,-8.570558,0.12288188934326172,0.9789999723434448,0.6988000273704529
YPL028W,YDR145W,0,-8.570793,0.12286646664142609,0.9789999723434448,0.6988999843597412
YDL149W,YBR253W,0,-8.571175,0.12285105139017105,0.9789999723434448,0.6990000009536743
YHR059W,YLR385C,0,-8.57139,0.12283563613891602,0.9789999723434448,0.6991000175476074
YPL155C,YMR036C,0,-8.571418,0.12282022088766098,0.9789999723434448,0.6991999745368958
YGR216C,YPR078C,0,-8.571755,0.12280482053756714,0.9789999723434448,0.6992999911308289
YBR035C,YPR055W,0,-8.571788,0.1227894127368927,0.9789999723434448,0.699400007724762
YHR056C,YLR435W,0,-8.572691,0.12277401238679886,0.9789999723434448,0.6995000243186951
YCL044C,YOL042W,0,-8.573155,0.12275861948728561,0.9789999723434448,0.6995999813079834
YOR269W,YJR127C,0,-8.573468,0.12274322658777237,0.9789999723434448,0.6996999979019165
YCR005C,YDR218C,0,-8.573955,0.12272784113883972,0.9789999723434448,0.6998000144958496
YGR246C,YLR435W,0,-8.574455,0.12271245568990707,0.9789999723434448,0.6998999714851379
YDR503C,YBR012W-B,0,-8.574505,0.12269707769155502,0.9789999723434448,0.699999988079071
YLR172C,YPR068C,0,-8.575577,0.12268170714378357,0.9789999723434448,0.7001000046730042
YML088W,YNL046W,0,-8.575724,0.12266632914543152,0.9789999723434448,0.7002000212669373
YBL075C,YLR337C,0,-8.576606,0.12265096604824066,0.9789999723434448,0.7002999782562256
YKL201C,YOR192C-A,0,-8.577009,0.1226356029510498,0.9789999723434448,0.7003999948501587
YJL219W,YDR005C,0,-8.577522,0.12262023985385895,0.9789999723434448,0.7005000114440918
YPL061W,YOR173W,0,-8.577808,0.12260488420724869,0.9789999723434448,0.7006000280380249
YML099C,YNL278W,0,-8.578206,0.12258952856063843,0.9789999723434448,0.7006999850273132
YLR233C,YDR178W,0,-8.5782995,0.12257418036460876,0.9789999723434448,0.7008000016212463
YAL021C,YJR073C,0,-8.578423,0.1225588396191597,0.9789999723434448,0.7009000182151794
YOR025W,YOR142W-A,0,-8.579064,0.12254349887371063,0.9789999723434448,0.7009999752044678
YOR363C,YNL283C,0,-8.579151,0.12252815812826157,0.9789999723434448,0.7010999917984009
YJR097W,YEL002C,0,-8.579228,0.1225128248333931,0.9789999723434448,0.701200008392334
YDL106C,YPL019C,0,-8.579562,0.12249749898910522,0.9789999723434448,0.7013000249862671
YLR274W,YJR094C,0,-8.579611,0.12248217314481735,0.9789999723434448,0.7013999819755554
YBR091C,YOL143C,0,-8.579941,0.12246684730052948,0.9789999723434448,0.7014999985694885
YDR236C,YFL022C,0,-8.580638,0.1224515289068222,0.9789999723434448,0.7016000151634216
YPL262W,YHL012W,0,-8.581118,0.12243621796369553,0.9789999723434448,0.70169997215271
YJR073C,YOL128C,0,-8.581356,0.12242090702056885,0.9789999723434448,0.7017999887466431
YNL244C,YOR043W,0,-8.58167,0.12240560352802277,0.9789999723434448,0.7019000053405762
YDL100C,YER162C,0,-8.582071,0.12239030003547668,0.9789999723434448,0.7020000219345093
YHR164C,YAL023C,0,-8.582476,0.1223749965429306,0.9789999723434448,0.7020999789237976
YJL116C,YNL250W,0,-8.582542,0.12235970795154572,0.9789999723434448,0.7021999955177307
YDR004W,YPR080W,0,-8.582855,0.12234441190958023,0.9789999723434448,0.7023000121116638
YCL061C,YMR165C,0,-8.583281,0.12232912331819534,0.9789999723434448,0.7024000287055969
YML069W,YJL164C,0,-8.583702,0.12231384217739105,0.9789999723434448,0.7024999856948853
YAR002C-A,YIL073C,0,-8.583849,0.12229856103658676,0.9789999723434448,0.7026000022888184
YOR266W,YOR162C,0,-8.584098,0.12228328734636307,0.9789999723434448,0.7027000188827515
YPR144C,YLR447C,0,-8.584305,0.12226801365613937,0.9789999723434448,0.7027999758720398
YJR137C,YOL028C,0,-8.584333,0.12225274741649628,0.9789999723434448,0.7028999924659729
YJR046W,YOR129C,0,-8.584927,0.12223748117685318,0.9789999723434448,0.703000009059906
YMR314W,YLR139C,0,-8.584937,0.12222222238779068,0.9789999723434448,0.7031000256538391
YGR254W,YOR195W,0,-8.585236,0.12220696359872818,0.9789999723434448,0.7031999826431274
YJL013C,YDL046W,0,-8.58583,0.12219171226024628,0.9789999723434448,0.7032999992370605
YIL140W,YGR080W,0,-8.586262,0.12217646092176437,0.9789999723434448,0.7034000158309937
YJL117W,YPR055W,0,-8.586344,0.12216121703386307,0.9789999723434448,0.703499972820282
YLL042C,YKR050W,0,-8.586422,0.12214597314596176,0.9789999723434448,0.7035999894142151
YPL055C,YAL024C,0,-8.58664,0.12213073670864105,0.9789999723434448,0.7037000060081482
YJL092W,YPR161C,0,-8.586913,0.12211550772190094,0.9789999723434448,0.7038000226020813
YBR170C,YPR161C,0,-8.587105,0.12210027128458023,0.9789999723434448,0.7038999795913696
YOR147W,YPR031W,0,-8.587965,0.12208504974842072,0.9789999723434448,0.7039999961853027
YCL067C,YOR081C,0,-8.588007,0.1220698282122612,0.9789999723434448,0.7041000127792358
YLR013W,YBR153W,0,-8.588224,0.12205460667610168,0.9789999723434448,0.704200029373169
YJR077C,YPL050C,0,-8.588312,0.12203939259052277,0.9789999723434448,0.7042999863624573
YMR035W,YKL053C-A,0,-8.588455,0.12202417850494385,0.9789999723434448,0.7044000029563904
YMR051C,YNL046W,0,-8.588962,0.12200897186994553,0.9789999723434448,0.7045000195503235
YGR267C,YBR086C,0,-8.589434,0.1219937726855278,0.9789999723434448,0.7045999765396118
YDR322C-A,YGR221C,0,-8.5895,0.12197856605052948,0.9789999723434448,0.7046999931335449
YHL047C,YML006C,0,-8.590627,0.12196337431669235,0.9789999723434448,0.704800009727478
YFL035C-A,YLR033W,0,-8.590823,0.12194818258285522,0.9789999723434448,0.7049000263214111
YDR221W,YER154W,0,-8.590873,0.1219329908490181,0.9789999723434448,0.7049999833106995
YKR028W,YDR523C,0,-8.590967,0.12191780656576157,0.9789999723434448,0.7050999999046326
YIL009C-A,YIR006C,0,-8.591393,0.12190262973308563,0.9789999723434448,0.7052000164985657
YPL213W,YGL093W,0,-8.59193,0.1218874529004097,0.9789999723434448,0.705299973487854
YNL016W,YLR371W,0,-8.591944,0.12187227606773376,0.9789999723434448,0.7053999900817871
YMR032W,YPL041C,0,-8.59211,0.12185710668563843,0.9789999723434448,0.7055000066757202
YML007W,YLR157C-B,0,-8.59267,0.12184194475412369,0.9789999723434448,0.7056000232696533
YGR238C,YGR004W,0,-8.592915,0.12182678282260895,0.9789999723434448,0.7056999802589417
YLR285W,YBR182C,0,-8.593012,0.12181162089109421,0.9789999723434448,0.7057999968528748
YDL247W,YLR176C,0,-8.593647,0.12179646641016006,0.9789999723434448,0.7059000134468079
YEL030W,YOR359W,0,-8.593836,0.12178131937980652,0.9789999723434448,0.7059999704360962
YLR411W,YNL151C,0,-8.593956,0.12176617234945297,0.9789999723434448,0.7060999870300293
YNR060W,YPL124W,0,-8.594027,0.12175102531909943,0.9789999723434448,0.7062000036239624
YGR092W,YGL046W,0,-8.59417,0.12173588573932648,0.9789999723434448,0.7063000202178955
YLR144C,YLR105C,0,-8.594275,0.12172075361013412,0.9789999723434448,0.7063999772071838
YOL010W,YPL138C,0,-8.595081,0.12170562148094177,0.9789999723434448,0.7064999938011169
YOL016C,YHR123W,0,-8.595287,0.12169048935174942,0.9789999723434448,0.70660001039505
YAL020C,YER173W,0,-8.596437,0.12167536467313766,0.9789999723434448,0.7067000269889832
YMR240C,YJL092W,0,-8.596798,0.1216602474451065,0.9789999723434448,0.7067999839782715
YHL003C,YJL164C,0,-8.597111,0.12164513021707535,0.9789999723434448,0.7069000005722046
YGR166W,YNL284C-B,0,-8.597227,0.12163001298904419,0.9789999723434448,0.7070000171661377
YDR283C,YLR097C,0,-8.597701,0.12161490321159363,0.9789999723434448,0.707099974155426
YIL004C,YML013W,0,-8.598061,0.12159980088472366,0.9789999723434448,0.7071999907493591
YHL020C,YCR031C,0,-8.598802,0.1215846985578537,0.9789999723434448,0.7073000073432922
YGR167W,YGL209W,0,-8.599355,0.12156960368156433,0.9789999723434448,0.7074000239372253
YDR437W,YDR171W,0,-8.60019,0.12155450880527496,0.9789999723434448,0.7074999809265137
YOR327C,YDR210W-A,0,-8.60034,0.1215394139289856,0.9789999723434448,0.7075999975204468
YOL086C,YMR133W,0,-8.600457,0.12152432650327682,0.9789999723434448,0.7077000141143799
YDR118W,YNL135C,0,-8.600639,0.12150924652814865,0.9789999723434448,0.7077999711036682
YLR085C,YGR280C,0,-8.600762,0.12149416655302048,0.9789999723434448,0.7078999876976013
YNL271C,YOR192C-A,0,-8.600806,0.1214790940284729,0.9789999723434448,0.7080000042915344
YDL209C,YLR032W,0,-8.601036,0.12146402150392532,0.9789999723434448,0.7081000208854675
YOR137C,YOR081C,0,-8.601526,0.12144894897937775,0.9789999723434448,0.7081999778747559
YPL187W,YLR385C,0,-8.603252,0.12143388390541077,0.9789999723434448,0.708299994468689
YBR114W,YML124C,0,-8.6033745,0.12141882628202438,0.9789999723434448,0.7084000110626221
YDR272W,YPL139C,0,-8.60363,0.121403768658638,0.9789999723434448,0.7085000276565552
YPL128C,YDR486C,0,-8.604299,0.12138871848583221,0.9789999723434448,0.7085999846458435
YGR118W,YGL039W,0,-8.60443,0.12137366831302643,0.9789999723434448,0.7087000012397766
YLR370C,YBR244W,0,-8.604511,0.12135861814022064,0.9789999723434448,0.7088000178337097
YLR210W,YKL170W,0,-8.604555,0.12134358286857605,0.9789999723434448,0.708899974822998
YNL294C,YPR137C-B,0,-8.604559,0.12132854014635086,0.9789999723434448,0.7089999914169312
YIR019C,YPR133W-A,0,-8.604646,0.12131350487470627,0.9789999723434448,0.7091000080108643
YGL096W,YMR156C,0,-8.604697,0.12129847705364227,0.9789999723434448,0.7092000246047974
YMR065W,YCR058C,0,-8.604875,0.12128344923257828,0.9789999723434448,0.7092999815940857
YLR206W,YPR158C-C,0,-8.605033,0.12126842886209488,0.9789999723434448,0.7093999981880188
YHR067W,YKL200C,0,-8.605246,0.12125340849161148,0.9789999723434448,0.7095000147819519
YKL138C-A,YDR170C,0,-8.60537,0.12123838812112808,0.9789999723434448,0.7095999717712402
YER107C,YOL011W,0,-8.605612,0.12122337520122528,0.9789999723434448,0.7096999883651733
YMR006C,YMR273C,0,-8.606207,0.12120836973190308,0.9789999723434448,0.7098000049591064
YNL263C,YKL070W,0,-8.606632,0.12119336426258087,0.9789999723434448,0.7099000215530396
YML075C,YER029C,0,-8.606785,0.12117836624383926,0.9789999723434448,0.7099999785423279
YLR466W,YDR034C-C,0,-8.606933,0.12116336822509766,0.9789999723434448,0.710099995136261
YLL031C,YDR028C,0,-8.607456,0.12114837020635605,0.9789999723434448,0.7102000117301941
YJR160C,YGR077C,0,-8.607752,0.12113337963819504,0.9789999723434448,0.7103000283241272
YDR246W,YGL039W,0,-8.608014,0.12111839652061462,0.9789999723434448,0.7103999853134155
YCL012W,YHR070W,0,-8.6085825,0.12110341340303421,0.9789999723434448,0.7105000019073486
YJR050W,YLR383W,0,-8.60921,0.1210884377360344,0.9789999723434448,0.7106000185012817
YOR150W,YLR009W,1,-8.60976,0.12119713425636292,0.9800000190734863,0.7106000185012817
YDR099W,YDL155W,0,-8.610083,0.1211821436882019,0.9800000190734863,0.7106999754905701
YGL096W,YOR332W,0,-8.610153,0.12116716057062149,0.9800000190734863,0.7107999920845032
YPR068C,YDR488C,0,-8.610617,0.12115218490362167,0.9800000190734863,0.7109000086784363
YNL233W,YOR297C,0,-8.611327,0.12113720923662186,0.9800000190734863,0.7110000252723694
YDR036C,YMR227C,0,-8.611398,0.12112223356962204,0.9800000190734863,0.7110999822616577
YNL271C,YDL074C,0,-8.611446,0.12110726535320282,0.9800000190734863,0.7111999988555908
YGR123C,YDR392W,0,-8.611589,0.1210923045873642,0.9800000190734863,0.7113000154495239
YPR201W,YIL140W,0,-8.612073,0.12107734382152557,0.9800000190734863,0.7113999724388123
YLR274W,YGL183C,0,-8.6123905,0.12106238305568695,0.9800000190734863,0.7114999890327454
YIL079C,YHR050W,0,-8.612861,0.12104742974042892,0.9800000190734863,0.7116000056266785
YJR046W,YDR285W,0,-8.613693,0.1210324838757515,0.9800000190734863,0.7117000222206116
YHR120W,YHL009W-B,0,-8.613703,0.12101753801107407,0.9800000190734863,0.7117999792098999
YDR375C,YER127W,0,-8.613712,0.12100259214639664,0.9800000190734863,0.711899995803833
YOL123W,YDL077C,0,-8.614087,0.1209876537322998,0.9800000190734863,0.7120000123977661
YNL071W,YDL081C,0,-8.614105,0.12097272276878357,0.9800000190734863,0.7121000289916992
YML099C,YGR188C,0,-8.614153,0.12095779180526733,0.9800000190734863,0.7121999859809875
YLR097C,YLL002W,0,-8.614765,0.1209428608417511,0.9800000190734863,0.7123000025749207
YKR037C,YIL017C,0,-8.615904,0.12092793732881546,0.9800000190734863,0.7124000191688538
YMR140W,YGR109W-B,0,-8.615906,0.12091301381587982,0.9800000190734863,0.7124999761581421
YER045C,YER019C-A,0,-8.6164055,0.12089809775352478,0.9800000190734863,0.7125999927520752
YKL022C,YGR162W,0,-8.616638,0.12088318914175034,0.9800000190734863,0.7127000093460083
YPL187W,YGR281W,0,-8.617107,0.12086828052997589,0.9800000190734863,0.7128000259399414
YGR167W,YCR024C-A,0,-8.617607,0.12085337191820145,0.9800000190734863,0.7128999829292297
YDR365W-A,YLR157C-B,0,-8.617757,0.1208384707570076,0.9800000190734863,0.7129999995231628
YDR299W,YGL033W,0,-8.617778,0.12082356959581375,0.9800000190734863,0.713100016117096
YDL174C,YER022W,0,-8.61792,0.1208086758852005,0.9800000190734863,0.7131999731063843
YOR178C,YLR136C,0,-8.618052,0.12079378962516785,0.9800000190734863,0.7132999897003174
YIL062C,YDL223C,0,-8.618335,0.12077890336513519,0.9800000190734863,0.7134000062942505
YPR093C,YKL028W,0,-8.618556,0.12076401710510254,0.9800000190734863,0.7135000228881836
YJL094C,YOL090W,0,-8.618925,0.12074913829565048,0.9800000190734863,0.7135999798774719
YDR073W,YOR308C,0,-8.619169,0.12073425948619843,0.9800000190734863,0.713699996471405
YHR079C,YNL250W,0,-8.619399,0.12071938812732697,0.9800000190734863,0.7138000130653381
YNL261W,YKR090W,0,-8.620097,0.1207045167684555,0.9800000190734863,0.7139000296592712
YLR201C,YFL002W-B,0,-8.620242,0.12068965286016464,0.9800000190734863,0.7139999866485596
YCL067C,YCR037C,0,-8.620339,0.12067479640245438,0.9800000190734863,0.7141000032424927
YOR174W,YKL064W,0,-8.620386,0.12065993249416351,0.9800000190734863,0.7142000198364258
YBR110W,YOL005C,0,-8.62085,0.12064508348703384,0.9800000190734863,0.7142999768257141
YKL015W,YOR081C,0,-8.621011,0.12063023447990417,0.9800000190734863,0.7143999934196472
YLR368W,YGR027W-B,0,-8.621168,0.1206153854727745,0.9800000190734863,0.7145000100135803
YPR081C,YKL001C,0,-8.621316,0.12060054391622543,0.9800000190734863,0.7146000266075134
YPL008W,YJR007W,0,-8.621848,0.12058570235967636,0.9800000190734863,0.7146999835968018
YOR381W,YKL089W,0,-8.621866,0.12057086825370789,0.9800000190734863,0.7148000001907349
YDR283C,YPR073C,0,-8.622021,0.12055603414773941,0.9800000190734863,0.714900016784668
YPL240C,YER123W,0,-8.622035,0.12054120749235153,0.9800000190734863,0.7149999737739563
YGR254W,YML011C,0,-8.622137,0.12052638083696365,0.9800000190734863,0.7150999903678894
YPL117C,YOR085W,0,-8.622313,0.12051156163215637,0.9800000190734863,0.7152000069618225
YML006C,YPR073C,0,-8.622713,0.12049674242734909,0.9800000190734863,0.7153000235557556
YOL100W,YML038C,0,-8.623087,0.1204819306731224,0.9800000190734863,0.715399980545044
YJL019W,YMR210W,0,-8.623344,0.12046711891889572,0.9800000190734863,0.715499997138977
YGR212W,YDR261C-D,0,-8.623468,0.12045230716466904,0.9800000190734863,0.7156000137329102
YHR204W,YGR213C,0,-8.623936,0.12043751031160355,0.9800000190734863,0.7156999707221985
YNL138W,YDR065W,0,-8.623997,0.12042270600795746,0.9800000190734863,0.7157999873161316
YBL097W,YPL092W,0,-8.624199,0.12040790915489197,0.9800000190734863,0.7159000039100647
YLR233C,YJL134W,0,-8.624205,0.12039311975240707,0.9800000190734863,0.7160000205039978
YBL085W,YML048W,0,-8.624312,0.12037833034992218,0.9800000190734863,0.7160999774932861
YFL011W-A,YDR334W,0,-8.624495,0.12036354839801788,0.9800000190734863,0.7161999940872192
YGR200C,YDL159W,0,-8.624799,0.12034876644611359,0.9800000190734863,0.7163000106811523
YKL182W,YDL056W,0,-8.624965,0.12033398449420929,0.9800000190734863,0.7164000272750854
YIL103W,YLR132C,0,-8.6255245,0.12031921744346619,0.9800000190734863,0.7164999842643738
YOR030W,YKL110C,0,-8.625552,0.12030444294214249,0.9800000190734863,0.7166000008583069
YKL175W,YPR158C-D,0,-8.625888,0.12028967589139938,0.9800000190734863,0.71670001745224
YJR007W,YKR001C,0,-8.626068,0.12027491629123688,0.9800000190734863,0.7167999744415283
YDR507C,YIL173W,0,-8.626079,0.12026015669107437,0.9800000190734863,0.7168999910354614
YJL030W,YLR002C,0,-8.626238,0.12024539709091187,0.9800000190734863,0.7170000076293945
YAL024C,YNL103W,0,-8.628077,0.12023064494132996,0.9800000190734863,0.7171000242233276
YKR025W,YOR008C,0,-8.628187,0.12021590024232864,0.9800000190734863,0.717199981212616
YBR030W,YNL284C-B,0,-8.628271,0.12020115554332733,0.9800000190734863,0.7172999978065491
YMR319C,YGR083C,0,-8.628563,0.12018641084432602,0.9800000190734863,0.7174000144004822
YMR199W,YJL041W,0,-8.628721,0.1201716735959053,0.9800000190734863,0.7174999713897705
YGL055W,YPL257W-B,0,-8.628864,0.12015693634748459,0.9800000190734863,0.7175999879837036
YOR240W,YKL060C,0,-8.628929,0.12014220654964447,0.9800000190734863,0.7177000045776367
YDL227C,YOL067C,0,-8.629075,0.12012748420238495,0.9800000190734863,0.7178000211715698
YHR043C,YGL222C,0,-8.629174,0.12011276185512543,0.9800000190734863,0.7178999781608582
YBR244W,YDR473C,0,-8.629409,0.1200980395078659,0.9800000190734863,0.7179999947547913
YJL041W,YFL033C,0,-8.629967,0.12008332461118698,0.9800000190734863,0.7181000113487244
YNL117W,YNL273W,0,-8.630491,0.12006860971450806,0.9800000190734863,0.7182000279426575
YML051W,YIL052C,0,-8.630551,0.12005390226840973,0.9800000190734863,0.7182999849319458
YCL012W,YMR219W,0,-8.630963,0.1200391948223114,0.9800000190734863,0.7184000015258789
YDR097C,YJR021C,0,-8.631229,0.12002449482679367,0.9800000190734863,0.718500018119812
YAL012W,YDR016C,0,-8.631262,0.12000979483127594,0.9800000190734863,0.7185999751091003
YGL163C,YCR035C,0,-8.6315775,0.1199951022863388,0.9800000190734863,0.7186999917030334
YJR112W,YNL272C,0,-8.631733,0.11998040974140167,0.9800000190734863,0.7188000082969666
YNL218W,YMR247C,0,-8.631815,0.11996572464704514,0.9800000190734863,0.7189000248908997
YCR082W,YDR411C,0,-8.631912,0.1199510395526886,0.9800000190734863,0.718999981880188
YDR323C,YLR003C,0,-8.632252,0.11993636190891266,0.9800000190734863,0.7190999984741211
YHR079C,YMR239C,0,-8.632461,0.11992168426513672,0.9800000190734863,0.7192000150680542
YBL018C,YDL076C,0,-8.632494,0.11990701407194138,0.9800000190734863,0.7192999720573425
YDR096W,YOR368W,0,-8.632698,0.11989234387874603,0.9800000190734863,0.7193999886512756
YJL192C,YDR018C,0,-8.633112,0.11987767368555069,0.9800000190734863,0.7195000052452087
YPL061W,YBR034C,0,-8.633524,0.11986301094293594,0.9800000190734863,0.7196000218391418
YJR108W,YOR073W,0,-8.633761,0.1198483556509018,0.9800000190734863,0.7196999788284302
YNR052C,YGR070W,0,-8.6339,0.11983370035886765,0.9800000190734863,0.7197999954223633
YGR225W,YBR293W,0,-8.634054,0.1198190450668335,0.9800000190734863,0.7199000120162964
YGL075C,YDL148C,0,-8.634131,0.11980440467596054,0.9800000190734863,0.7200000286102295
YHR007C,YFR004W,0,-8.634426,0.11978975683450699,0.9800000190734863,0.7200999855995178
YPL155C,YDR314C,0,-8.63492,0.11977511644363403,0.9800000190734863,0.7202000021934509
YPL049C,YGR123C,0,-8.635227,0.11976047605276108,0.9800000190734863,0.720300018787384
YGR060W,YBR082C,0,-8.635504,0.11974584311246872,0.9800000190734863,0.7203999757766724
YDR463W,YML109W,0,-8.635564,0.11973121762275696,0.9800000190734863,0.7204999923706055
YOR081C,YOL109W,0,-8.636032,0.1197165921330452,0.9800000190734863,0.7206000089645386
YHR114W,YML041C,0,-8.636147,0.11970196664333344,0.9800000190734863,0.7207000255584717
YJL116C,YNL284C-B,0,-8.6362505,0.11968734860420227,0.9800000190734863,0.72079998254776
YNL037C,YGR074W,0,-8.636292,0.1196727305650711,0.9800000190734863,0.7208999991416931
YKL053C-A,YBL052C,0,-8.636784,0.11965811997652054,0.9800000190734863,0.7210000157356262
YMR036C,YDL090C,0,-8.637369,0.11964350938796997,0.9800000190734863,0.7210999727249146
YJR047C,YIR025W,0,-8.637483,0.11962890625,0.9800000190734863,0.7211999893188477
YMR056C,YKL059C,0,-8.637497,0.11961430311203003,0.9800000190734863,0.7213000059127808
YDR251W,YDR011W,0,-8.637573,0.11959970742464066,0.9800000190734863,0.7214000225067139
YPR049C,YNL231C,0,-8.637632,0.11958511173725128,0.9800000190734863,0.7214999794960022
YNL106C,YGR030C,0,-8.637695,0.1195705235004425,0.9800000190734863,0.7215999960899353
YER062C,YPR133C,0,-8.638385,0.11955593526363373,0.9800000190734863,0.7217000126838684
YML048W,YPL144W,0,-8.638628,0.11954135447740555,0.9800000190734863,0.7218000292778015
YDR168W,YNL213C,0,-8.638655,0.11952677369117737,0.9800000190734863,0.7218999862670898
YML011C,YMR190C,0,-8.638939,0.11951219290494919,0.9800000190734863,0.722000002861023
YLR056W,YCL033C,0,-8.640063,0.1194976195693016,0.9800000190734863,0.722100019454956
YNL021W,YBR253W,0,-8.640085,0.11948305368423462,0.9800000190734863,0.7221999764442444
YLL009C,YMR044W,0,-8.640267,0.11946848779916763,0.9800000190734863,0.7222999930381775
YCR031C,YDR210W-B,0,-8.641348,0.11945392191410065,0.9800000190734863,0.7224000096321106
YPL154C,YNR013C,0,-8.64192,0.11943936347961426,0.9800000190734863,0.7225000262260437
YKR068C,YOL060C,0,-8.641979,0.11942481249570847,0.9800000190734863,0.722599983215332
YDR175C,YBR117C,0,-8.642713,0.11941026151180267,0.9800000190734863,0.7226999998092651
YGR161C,YGR161W-A,0,-8.642754,0.11939571052789688,0.9800000190734863,0.7228000164031982
YAR002W,YPL138C,0,-8.642878,0.11938116699457169,0.9800000190734863,0.7228999733924866
YGL087C,YGR161C-D,0,-8.643509,0.11936662346124649,0.9800000190734863,0.7229999899864197
YFL058W,YDR470C,0,-8.643795,0.11935208737850189,0.9800000190734863,0.7231000065803528
YNL275W,YOR388C,0,-8.6439085,0.1193375512957573,0.9800000190734863,0.7232000231742859
YHR014W,YKL126W,0,-8.644075,0.11932302266359329,0.9800000190734863,0.7232999801635742
YCL060C,YER021W,0,-8.644124,0.11930849403142929,0.9800000190734863,0.7233999967575073
YOR061W,YDR265W,0,-8.644302,0.11929397284984589,0.9800000190734863,0.7235000133514404
YBR036C,YGL058W,0,-8.645096,0.11927945166826248,0.9800000190734863,0.7235999703407288
YMR212C,YBR188C,0,-8.645152,0.11926493793725967,0.9800000190734863,0.7236999869346619
YKR083C,YBL100W-B,0,-8.645255,0.11925042420625687,0.9800000190734863,0.723800003528595
YGL086W,YDR098C-B,0,-8.645722,0.11923591792583466,0.9800000190734863,0.7239000201225281
YLR380W,YPR198W,0,-8.646361,0.11922141164541245,0.9800000190734863,0.7239999771118164
YML057W,YKL028W,0,-8.646397,0.11920691281557083,0.9800000190734863,0.7240999937057495
YPL266W,YGL055W,0,-8.646569,0.11919241398572922,0.9800000190734863,0.7242000102996826
YHR107C,YDR284C,0,-8.646654,0.1191779151558876,0.9800000190734863,0.7243000268936157
YIL033C,YPR055W,0,-8.647295,0.11916342377662659,0.9800000190734863,0.724399983882904
YJL039C,YGR027W-B,0,-8.647533,0.11914893984794617,0.9800000190734863,0.7245000004768372
YPL095C,YLR378C,0,-8.647541,0.11913444846868515,0.9800000190734863,0.7246000170707703
YER095W,YOR343W-B,0,-8.647676,0.11911997199058533,0.9800000190734863,0.7246999740600586
YJL146W,YDL007W,0,-8.647691,0.1191054955124855,0.9800000190734863,0.7247999906539917
YER157W,YDR324C,0,-8.6479435,0.11909101903438568,0.9800000190734863,0.7249000072479248
YER015W,YOR288C,0,-8.648225,0.11907655000686646,0.9800000190734863,0.7250000238418579
YDR376W,YDR280W,0,-8.650397,0.11906208097934723,0.9800000190734863,0.7250999808311462
YLR292C,YML058W,0,-8.650497,0.1190476194024086,0.9800000190734863,0.7251999974250793
YLR033W,YOR083W,0,-8.650565,0.11903315782546997,0.9800000190734863,0.7253000140190125
YGL094C,YDR316W-A,0,-8.65061,0.11901870369911194,0.9800000190734863,0.7253999710083008
YML110C,YLR442C,0,-8.6506195,0.1190042495727539,0.9800000190734863,0.7254999876022339
YJR002W,YNL054W-B,0,-8.65081,0.11898980289697647,0.9800000190734863,0.725600004196167
YLL027W,YKL059C,0,-8.651889,0.11897535622119904,0.9800000190734863,0.7257000207901001
YAL020C,YOR367W,0,-8.652119,0.1189609095454216,0.9800000190734863,0.7257999777793884
YOR320C,YOR035C,0,-8.652606,0.11894647777080536,0.9800000190734863,0.7258999943733215
YGR286C,YPR041W,0,-8.652833,0.11893203854560852,0.9800000190734863,0.7260000109672546
YHR053C,YKR053C,0,-8.65291,0.11891760677099228,0.9800000190734863,0.7261000275611877
YJL053W,YJR043C,0,-8.652918,0.11890318244695663,0.9800000190734863,0.7261999845504761
YER159C,YER110C,0,-8.653672,0.1188887506723404,0.9800000190734863,0.7263000011444092
YHR183W,YKR048C,0,-8.65403,0.11887433379888535,0.9800000190734863,0.7264000177383423
YCR002C,YJL125C,0,-8.654045,0.1188599169254303,0.9800000190734863,0.7264999747276306
YNL219C,YJR025C,0,-8.6545315,0.11884550005197525,0.9800000190734863,0.7265999913215637
YLR047C,YMR305C,0,-8.655261,0.1188310906291008,0.9800000190734863,0.7267000079154968
YEL002C,YLR227W-B,0,-8.655312,0.11881668120622635,0.9800000190734863,0.7268000245094299
YKL190W,YBR237W,0,-8.656122,0.1188022792339325,0.9800000190734863,0.7268999814987183
YDR069C,YBR118W,0,-8.656387,0.11878787726163864,0.9800000190734863,0.7269999980926514
YDR052C,YML028W,0,-8.656462,0.11877348273992538,0.9800000190734863,0.7271000146865845
YNL102W,YER104W,0,-8.656545,0.11875908821821213,0.9800000190734863,0.7271999716758728
YFL035C,YOR110W,0,-8.656551,0.11874470114707947,0.9800000190734863,0.7272999882698059
YDR459C,YHR214C-C,0,-8.656889,0.11873031407594681,0.9800000190734863,0.727400004863739
YOL023W,YIL173W,0,-8.657249,0.11871592700481415,0.9800000190734863,0.7275000214576721
YER051W,YHR204W,0,-8.657297,0.11870154738426208,0.9800000190734863,0.7275999784469604
YHR152W,YDR306C,0,-8.657452,0.11868717521429062,0.9800000190734863,0.7276999950408936
YLR212C,YJR126C,0,-8.658207,0.11867280304431915,0.9800000190734863,0.7278000116348267
YKR039W,YOL034W,0,-8.658306,0.11865843087434769,0.9800000190734863,0.7279000282287598
YNL133C,YGR289C,0,-8.65847,0.11864406615495682,0.9800000190734863,0.7279999852180481
YPL061W,YLR466W,0,-8.658652,0.11862970888614655,0.9800000190734863,0.7281000018119812
YAL038W,YOR054C,0,-8.659418,0.11861534416675568,0.9800000190734863,0.7282000184059143
YBR217W,YJL013C,0,-8.659628,0.118600994348526,0.9800000190734863,0.7282999753952026
YOR085W,YNR003C,0,-8.660379,0.11858664453029633,0.9800000190734863,0.7283999919891357
YFL056C,YML130C,0,-8.660609,0.11857229471206665,0.9800000190734863,0.7285000085830688
YNL236W,YNL054W-B,0,-8.660913,0.11855794489383698,0.9800000190734863,0.728600025177002
YIL140W,YNR059W,0,-8.662046,0.1185436099767685,0.9800000190734863,0.7286999821662903
YOL135C,YOR298W,0,-8.662106,0.11852926760911942,0.9800000190734863,0.7287999987602234
YGL158W,YKL119C,0,-8.662622,0.11851493269205093,0.9800000190734863,0.7289000153541565
YPL046C,YBR223C,0,-8.663858,0.11850060522556305,0.9800000190734863,0.7289999723434448
YOR153W,YDR065W,0,-8.663963,0.11848627775907516,0.9800000190734863,0.7290999889373779
YHR186C,YPL057C,0,-8.664528,0.11847195029258728,0.9800000190734863,0.729200005531311
YCL029C,YGL055W,0,-8.664743,0.11845763027667999,0.9800000190734863,0.7293000221252441
YLR172C,YGR279C,0,-8.664875,0.1184433177113533,0.9800000190734863,0.7293999791145325
YGR296W,YGR109W-B,0,-8.665083,0.11842900514602661,0.9800000190734863,0.7294999957084656
YGR074W,YMR045C,0,-8.665195,0.11841469258069992,0.9800000190734863,0.7296000123023987
YER107C,YPR067W,0,-8.66555,0.11840038746595383,0.9800000190734863,0.7297000288963318
YIL037C,YNL284C-B,0,-8.665737,0.11838608235120773,0.9800000190734863,0.7297999858856201
YFL035C,YBR196C,0,-8.66582,0.11837178468704224,0.9800000190734863,0.7299000024795532
YDL115C,YNL326C,0,-8.666147,0.11835748702287674,0.9800000190734863,0.7300000190734863
YMR213W,YKR019C,0,-8.666281,0.11834319680929184,0.9800000190734863,0.7300999760627747
YDR123C,YOR226C,0,-8.66636,0.11832890659570694,0.9800000190734863,0.7301999926567078
YML091C,YDR489W,0,-8.666433,0.11831462383270264,0.9800000190734863,0.7303000092506409
YKL017C,YPR042C,0,-8.666478,0.11830034106969833,0.9800000190734863,0.730400025844574
YPL145C,YDL247W,0,-8.666659,0.11828605830669403,0.9800000190734863,0.7304999828338623
YJR053W,YGR147C,0,-8.667002,0.11827178299427032,0.9800000190734863,0.7305999994277954
YBR236C,YBL017C,0,-8.667154,0.11825751513242722,0.9800000190734863,0.7307000160217285
YGR042W,YLR410W-A,0,-8.667473,0.11824323982000351,0.9800000190734863,0.7307999730110168
YOR328W,YGR161W-B,0,-8.668002,0.118228979408741,0.9800000190734863,0.73089998960495
YGR247W,YGR109W-B,0,-8.668266,0.11821471899747849,0.9800000190734863,0.7310000061988831
YDL174C,YJL138C,0,-8.668531,0.11820045858621597,0.9800000190734863,0.7311000227928162
YBR237W,YKL145W,0,-8.668672,0.11818620562553406,0.9800000190734863,0.7311999797821045
YFL055W,YHL038C,0,-8.668764,0.11817195266485214,0.9800000190734863,0.7312999963760376
YPL204W,YJL112W,0,-8.669075,0.11815770715475082,0.9800000190734863,0.7314000129699707
YPL259C,YDL051W,0,-8.66912,0.1181434616446495,0.9800000190734863,0.7315000295639038
YJR121W,YHR055C,0,-8.669756,0.11812921613454819,0.9800000190734863,0.7315999865531921
YKL040C,YBR055C,0,-8.6697645,0.11811497807502747,0.9800000190734863,0.7317000031471252
YEL063C,YJR135W-A,0,-8.670425,0.11810074746608734,0.9800000190734863,0.7318000197410583
YJL024C,YER056C,0,-8.670712,0.11808651685714722,0.9800000190734863,0.7318999767303467
YMR314W,YDR292C,0,-8.670779,0.11807228624820709,0.9800000190734863,0.7319999933242798
YPL256C,YOR343W-A,0,-8.670957,0.11805806308984756,0.9800000190734863,0.7321000099182129
YNL231C,YNL264C,0,-8.670969,0.11804384738206863,0.9800000190734863,0.732200026512146
YHR011W,YNL216W,0,-8.671197,0.1180296242237091,0.9800000190734863,0.7322999835014343
YCR066W,YDR322C-A,0,-8.671374,0.11801541596651077,0.9800000190734863,0.7324000000953674
YGR040W,YPL154C,0,-8.671448,0.11800120770931244,0.9800000190734863,0.7325000166893005
YJL134W,YDR034C-D,0,-8.671475,0.1179869994521141,0.9800000190734863,0.7325999736785889
YAR035W,YGR027W-B,0,-8.671995,0.11797279119491577,0.9800000190734863,0.732699990272522
YCR002C,YDR017C,0,-8.672448,0.11795859783887863,0.9800000190734863,0.7328000068664551
YGL153W,YOR129C,0,-8.673109,0.1179443970322609,0.9800000190734863,0.7329000234603882
YHR123W,YIL153W,0,-8.673271,0.11793020367622375,0.9800000190734863,0.7329999804496765
YKL154W,YOR142W-A,0,-8.673666,0.11791601777076721,0.9800000190734863,0.7330999970436096
YCL035C,YML107C,0,-8.673703,0.11790183186531067,0.9800000190734863,0.7332000136375427
YDL092W,YNR039C,0,-8.673821,0.11788764595985413,0.9800000190734863,0.733299970626831
YOR117W,YGR161C-C,0,-8.673956,0.11787346750497818,0.9800000190734863,0.7333999872207642
YLR284C,YGR056W,0,-8.674025,0.11785928905010223,0.9800000190734863,0.7335000038146973
YDR036C,YBR081C,0,-8.674377,0.11784511804580688,0.9800000190734863,0.7336000204086304
YML069W,YOL061W,0,-8.674862,0.11783094704151154,0.9800000190734863,0.7336999773979187
YJR040W,YBR100W,0,-8.674953,0.11781678348779678,0.9800000190734863,0.7337999939918518
YHR011W,YOR027W,0,-8.676815,0.11780261993408203,0.9800000190734863,0.7339000105857849
YLR433C,YPR164W,0,-8.677054,0.11778846383094788,0.9800000190734863,0.734000027179718
YML116W,YDL111C,0,-8.677259,0.11777430772781372,0.9800000190734863,0.7340999841690063
YGL183C,YOR047C,0,-8.67738,0.11776015162467957,0.9800000190734863,0.7342000007629395
YLR382C,YOR143C,0,-8.678189,0.11774600297212601,0.9800000190734863,0.7343000173568726
YGL126W,YOR142W-A,0,-8.678246,0.11773186177015305,0.9800000190734863,0.7343999743461609
YDR261C-C,YDR261C-D,0,-8.678307,0.11771772056818008,0.9800000190734863,0.734499990940094
YJL099W,YOR143C,0,-8.678469,0.11770357936620712,0.9800000190734863,0.7346000075340271
YDL035C,YMR061W,0,-8.6785,0.11768944561481476,0.9800000190734863,0.7347000241279602
YCL011C,YJR033C,0,-8.67868,0.1176753118634224,0.9800000190734863,0.7347999811172485
YNL286W,YKR090W,0,-8.678785,0.11766118556261063,0.9800000190734863,0.7348999977111816
YNL314W,YLR182W,0,-8.67913,0.11764705926179886,0.9800000190734863,0.7350000143051147
YHR011W,YPL076W,0,-8.681105,0.11763294041156769,0.9800000190734863,0.7350999712944031
YMR182C,YIL144W,0,-8.681121,0.11761882156133652,0.9800000190734863,0.7351999878883362
YDR093W,YLR284C,0,-8.681128,0.11760470271110535,0.9800000190734863,0.7353000044822693
YPL257W-A,YPR158C-C,0,-8.681418,0.11759059131145477,0.9800000190734863,0.7354000210762024
YPL124W,YCL020W,0,-8.6816845,0.1175764873623848,0.9800000190734863,0.7354999780654907
YHR092C,YLL036C,0,-8.681991,0.11756238341331482,0.9800000190734863,0.7355999946594238
YER062C,YCR052W,0,-8.682062,0.11754827946424484,0.9800000190734863,0.7357000112533569
YGL097W,YLR396C,0,-8.682233,0.11753418296575546,0.9800000190734863,0.73580002784729
YDR421W,YLR130C,0,-8.68236,0.11752008646726608,0.9800000190734863,0.7358999848365784
YPL155C,YHR079C-B,0,-8.683138,0.1175059974193573,0.9800000190734863,0.7360000014305115
YOR025W,YDR088C,0,-8.683811,0.11749190837144852,0.9800000190734863,0.7361000180244446
YPL179W,YPL257W-B,0,-8.683825,0.11747782677412033,0.9800000190734863,0.7361999750137329
YBR188C,YAR007C,0,-8.684063,0.11746374517679214,0.9800000190734863,0.736299991607666
YBR284W,YER137C-A,0,-8.684192,0.11744966357946396,0.9800000190734863,0.7364000082015991
YPL051W,YOL059W,0,-8.684585,0.11743558943271637,0.9800000190734863,0.7365000247955322
YLR100W,YGR042W,0,-8.684796,0.11742152273654938,0.9800000190734863,0.7365999817848206
YOL051W,YGL129C,0,-8.684978,0.11740744858980179,0.9800000190734863,0.7366999983787537
YDR039C,YPL032C,0,-8.685147,0.1173933893442154,0.9800000190734863,0.7368000149726868
YCR037C,YGR070W,0,-8.685449,0.117379330098629,0.9800000190734863,0.7368999719619751
YCL051W,YPL257W-B,0,-8.686345,0.1173652708530426,0.9800000190734863,0.7369999885559082
YNL278W,YMR268C,0,-8.686702,0.1173512190580368,0.9800000190734863,0.7371000051498413
YNL112W,YDR443C,0,-8.687075,0.117337167263031,0.9800000190734863,0.7372000217437744
YCL067C,YNL253W,0,-8.687236,0.11732311546802521,0.9800000190734863,0.7372999787330627
YLR249W,YOL103W-B,0,-8.6882515,0.1173090711236,0.9800000190734863,0.7373999953269958
YMR264W,YDR261C-C,0,-8.68849,0.1172950342297554,0.9800000190734863,0.737500011920929
YHR024C,YLR119W,0,-8.688767,0.1172809973359108,0.9800000190734863,0.7376000285148621
YER065C,YKR014C,0,-8.689325,0.11726696044206619,0.9800000190734863,0.7376999855041504
YNL272C,YDR210W-B,0,-8.689681,0.11725293099880219,0.9800000190734863,0.7378000020980835
YGL206C,YDR429C,0,-8.690482,0.11723890155553818,0.9800000190734863,0.7379000186920166
YFR008W,YJL187C,0,-8.690965,0.11722487956285477,0.9800000190734863,0.7379999756813049
YDR173C,YHR079C-A,0,-8.691156,0.11721085757017136,0.9800000190734863,0.738099992275238
YER093C,YGR161C-C,0,-8.69123,0.11719684302806854,0.9800000190734863,0.7382000088691711
YBL003C,YIL077C,0,-8.691404,0.11718282848596573,0.9800000190734863,0.7383000254631042
YPL029W,YJL056C,0,-8.691504,0.11716882139444351,0.9800000190734863,0.7383999824523926
YKL186C,YFL058W,0,-8.691809,0.1171548143029213,0.9800000190734863,0.7384999990463257
YBL004W,YFL002W-A,0,-8.691883,0.11714080721139908,0.9800000190734863,0.7386000156402588
YDR036C,YDR098C-B,0,-8.692179,0.11712680757045746,0.9800000190734863,0.7386999726295471
YAL029C,YCR027C,0,-8.692465,0.11711280792951584,0.9800000190734863,0.7387999892234802
YEL020W-A,YOR343W-B,0,-8.693071,0.11709881573915482,0.9800000190734863,0.7389000058174133
YDL004W,YPR137C-B,0,-8.693602,0.11708482354879379,0.9800000190734863,0.7390000224113464
YLR430W,YGR161C-D,0,-8.6945505,0.11707083880901337,0.9800000190734863,0.7390999794006348
YPR075C,YDL212W,0,-8.6947155,0.11705685406923294,0.9800000190734863,0.7391999959945679
YMR038C,YMR134W,0,-8.695066,0.11704287678003311,0.9800000190734863,0.739300012588501
YIL149C,YBL005W-A,0,-8.695488,0.11702889949083328,0.9800000190734863,0.7394000291824341
YOR204W,YDR030C,0,-8.696001,0.11701492220163345,0.9800000190734863,0.7394999861717224
YDR361C,YER065C,0,-8.696054,0.11700095236301422,0.9800000190734863,0.7396000027656555
YDL243C,YGR109W-A,0,-8.696534,0.11698698997497559,0.9800000190734863,0.7397000193595886
YIL049W,YDR110W,0,-8.696535,0.11697302758693695,0.9800000190734863,0.739799976348877
YNL042W,YDL060W,0,-8.696805,0.11695906519889832,0.9800000190734863,0.7398999929428101
YEL069C,YDR527W,0,-8.696827,0.11694511026144028,0.9800000190734863,0.7400000095367432
YAR002C-A,YDR285W,0,-8.696838,0.11693115532398224,0.9800000190734863,0.7401000261306763
YCL034W,YGR161C-C,0,-8.697344,0.1169172003865242,0.9800000190734863,0.7401999831199646
YMR032W,YPR158W-B,0,-8.697696,0.11690325289964676,0.9800000190734863,0.7402999997138977
YBR179C,YDR261C-C,0,-8.697812,0.11688931286334991,0.9800000190734863,0.7404000163078308
YFR041C,YPR054W,0,-8.697955,0.11687537282705307,0.9800000190734863,0.7404999732971191
YGL021W,YGL251C,0,-8.698153,0.11686143279075623,0.9800000190734863,0.7405999898910522
YCL034W,YBR167C,0,-8.698273,0.11684750020503998,0.9800000190734863,0.7407000064849854
YCR052W,YLR227W-B,0,-8.698547,0.11683357506990433,0.9800000190734863,0.7408000230789185
YPL028W,YER065C,0,-8.698936,0.11681964248418808,0.9800000190734863,0.7408999800682068
YER162C,YMR095C,0,-8.699089,0.11680572479963303,0.9800000190734863,0.7409999966621399
YGL174W,YOR191W,0,-8.699276,0.11679179966449738,0.9800000190734863,0.741100013256073
YPR042C,YGR272C,0,-8.70023,0.11677788197994232,0.9800000190734863,0.7411999702453613
YPL243W,YLR234W,0,-8.700525,0.11676397174596786,0.9800000190734863,0.7412999868392944
YNL329C,YDR259C,0,-8.70093,0.11675006151199341,0.9800000190734863,0.7414000034332275
YGL027C,YDR516C,0,-8.701211,0.11673615127801895,0.9800000190734863,0.7415000200271606
YLR114C,YDL194W,0,-8.701264,0.11672224849462509,0.9800000190734863,0.741599977016449
YGR175C,YMR075W,0,-8.7017975,0.11670834571123123,0.9800000190734863,0.7416999936103821
YBL074C,YJL014W,0,-8.702108,0.11669445037841797,0.9800000190734863,0.7418000102043152
YER040W,YGL163C,0,-8.702174,0.1166805550456047,0.9800000190734863,0.7419000267982483
YGR256W,YDR334W,0,-8.702379,0.11666666716337204,0.9800000190734863,0.7419999837875366
YER026C,YLR227W-B,0,-8.703811,0.11665277928113937,0.9800000190734863,0.7421000003814697
YPR132W,YFL002W-A,0,-8.704168,0.1166388988494873,0.9800000190734863,0.7422000169754028
YPL213W,YDR212W,0,-8.704201,0.11662501841783524,0.9800000190734863,0.7422999739646912
YHR079C,YPR143W,0,-8.704485,0.11661113798618317,0.9800000190734863,0.7423999905586243
YJR065C,YGR099W,0,-8.704564,0.1165972650051117,0.9800000190734863,0.7425000071525574
YMR299C,YFR048W,0,-8.704673,0.11658339202404022,0.9800000190734863,0.7426000237464905
YKL002W,YPL130W,0,-8.705452,0.11656952649354935,0.9800000190734863,0.7426999807357788
YBR021W,YLR309C,0,-8.705606,0.11655566096305847,0.9800000190734863,0.7427999973297119
YDR218C,YNL093W,0,-8.705794,0.1165418028831482,0.9800000190734863,0.742900013923645
YDL028C,YGR214W,0,-8.706129,0.11652794480323792,0.9800000190734863,0.7429999709129333
YBR136W,YHR050W,0,-8.706746,0.11651408672332764,0.9800000190734863,0.7430999875068665
YNL071W,YKL120W,0,-8.707006,0.11650023609399796,0.9800000190734863,0.7432000041007996
YML075C,YOR142W-A,0,-8.707502,0.11648639291524887,0.9800000190734863,0.7433000206947327
YJL060W,YML124C,0,-8.707522,0.11647254228591919,0.9800000190734863,0.743399977684021
YPR073C,YLL006W,0,-8.707807,0.1164587065577507,0.9800000190734863,0.7434999942779541
YNL103W,YOR288C,0,-8.708052,0.11644486337900162,0.9800000190734863,0.7436000108718872
YML077W,YDR294C,0,-8.708328,0.11643103510141373,0.9800000190734863,0.7437000274658203
YKR065C,YDR419W,0,-8.708414,0.11641719937324524,0.9800000190734863,0.7437999844551086
YDR004W,YBR079C,0,-8.70861,0.11640337109565735,0.9800000190734863,0.7439000010490417
YBR100W,YGR048W,0,-8.708772,0.11638955026865005,0.9800000190734863,0.7440000176429749
YCL040W,YJL056C,0,-8.709242,0.11637572944164276,0.9800000190734863,0.7440999746322632
YGL253W,YIL143C,0,-8.710165,0.11636190861463547,0.9800000190734863,0.7441999912261963
YLR226W,YLR043C,0,-8.7105255,0.11634809523820877,0.9800000190734863,0.7443000078201294
YDL055C,YDR316W-A,0,-8.710606,0.11633428186178207,0.9800000190734863,0.7444000244140625
YJL101C,YJL092W,0,-8.711648,0.11632047593593597,0.9800000190734863,0.7444999814033508
YHR165C,YOL110W,0,-8.712198,0.11630667001008987,0.9800000190734863,0.7445999979972839
YAL068C,YBR118W,0,-8.712373,0.11629287153482437,0.9800000190734863,0.744700014591217
YJR043C,YLR079W,0,-8.712568,0.11627907305955887,0.9800000190734863,0.7447999715805054
YBL074C,YPL011C,0,-8.712587,0.11626527458429337,0.9800000190734863,0.7448999881744385
YNL256W,YOR192C-A,0,-8.712677,0.11625148355960846,0.9800000190734863,0.7450000047683716
YLR095C,YDR045C,0,-8.713181,0.11623769253492355,0.9800000190734863,0.7451000213623047
YPR033C,YKR020W,0,-8.713282,0.11622390896081924,0.9800000190734863,0.745199978351593
YDL112W,YML027W,0,-8.713401,0.11621012538671494,0.9800000190734863,0.7452999949455261
YFR027W,YDR429C,0,-8.714461,0.11619634926319122,0.9800000190734863,0.7454000115394592
YIL132C,YPR107C,0,-8.714641,0.11618257313966751,0.9800000190734863,0.7455000281333923
YKR065C,YDR078C,0,-8.715025,0.1161687970161438,0.9800000190734863,0.7455999851226807
YCR039C,YNL272C,0,-8.715054,0.11615502834320068,0.9800000190734863,0.7457000017166138
YML024W,YOR047C,0,-8.715193,0.11614126712083817,0.9800000190734863,0.7458000183105469
YML126C,YPL135W,0,-8.715221,0.11612750589847565,0.9800000190734863,0.7458999752998352
YKR009C,YPL083C,0,-8.715253,0.11611374467611313,0.9800000190734863,0.7459999918937683
YNR001C,YGL158W,0,-8.715656,0.11609999090433121,0.9800000190734863,0.7461000084877014
YBL046W,YCR028C-A,0,-8.716234,0.11608623713254929,0.9800000190734863,0.7462000250816345
YGR264C,YKL070W,0,-8.7164135,0.11607248336076736,0.9800000190734863,0.7462999820709229
YLR453C,YDR261C-D,0,-8.716717,0.11605873703956604,0.9800000190734863,0.746399998664856
YDL020C,YPL063W,0,-8.717823,0.11604499816894531,0.9800000190734863,0.7465000152587891
YLR310C,YOL026C,0,-8.718574,0.11603125929832458,0.9800000190734863,0.7465999722480774
YPL069C,YFR008W,0,-8.719194,0.11601752042770386,0.9800000190734863,0.7466999888420105
YPL178W,YMR165C,0,-8.719266,0.11600378900766373,0.9800000190734863,0.7468000054359436
YLR216C,YKR009C,0,-8.719598,0.1159900575876236,0.9800000190734863,0.7469000220298767
YJR053W,YHR152W,0,-8.719654,0.11597633361816406,0.9800000190734863,0.746999979019165
YJL173C,YMR095C,0,-8.719839,0.11596260964870453,0.9800000190734863,0.7470999956130981
YLR013W,YGR221C,0,-8.720038,0.115948885679245,0.9800000190734863,0.7472000122070312
YLR197W,YMR067C,0,-8.7200985,0.11593516916036606,0.9800000190734863,0.7473000288009644
YJR126C,YOR343W-B,0,-8.720278,0.11592146009206772,0.9800000190734863,0.7473999857902527
YHR077C,YOR192C-A,0,-8.720442,0.11590774357318878,0.9800000190734863,0.7475000023841858
YBR021W,YHR135C,0,-8.720482,0.11589404195547104,0.9800000190734863,0.7476000189781189
YPL127C,YMR308C,0,-8.721183,0.1158803328871727,0.9800000190734863,0.7476999759674072
YGR204W,YER094C,0,-8.72122,0.11586663872003555,0.9800000190734863,0.7477999925613403
YHR068W,YBR097W,0,-8.721579,0.11585293710231781,0.9800000190734863,0.7479000091552734
YMR022W,YML091C,0,-8.72165,0.11583924293518066,0.9800000190734863,0.7480000257492065
YDL102W,YMR204C,0,-8.721699,0.11582555621862411,0.9800000190734863,0.7480999827384949
YFR004W,YKL130C,0,-8.721958,0.11581186205148697,0.9800000190734863,0.748199999332428
YCL001W,YOR343W-A,0,-8.722632,0.11579818278551102,0.9800000190734863,0.7483000159263611
YIL035C,YGR109W-A,0,-8.722632,0.11578449606895447,0.9800000190734863,0.7483999729156494
YCR034W,YOL042W,0,-8.723236,0.11577082425355911,0.9800000190734863,0.7484999895095825
YOR361C,YNL054W-B,0,-8.723263,0.11575714498758316,0.9800000190734863,0.7486000061035156
YPL135W,YGR006W,0,-8.723426,0.1157434731721878,0.9800000190734863,0.7487000226974487
YLR328W,YNR011C,0,-8.723745,0.11572980880737305,0.9800000190734863,0.7487999796867371
YNL284C-B,YPL144W,0,-8.723835,0.11571614444255829,0.9800000190734863,0.7488999962806702
YDL155W,YLL050C,0,-8.723835,0.11570248007774353,0.9800000190734863,0.7490000128746033
YNR044W,YNR047W,0,-8.725161,0.11568882316350937,0.9800000190734863,0.7491000294685364
YDR043C,YGR275W,0,-8.72522,0.11567516624927521,0.9800000190734863,0.7491999864578247
YIL046W,YDR034C-D,0,-8.725316,0.11566150933504105,0.9800000190734863,0.7493000030517578
YLR150W,YNL284C-B,0,-8.725338,0.11564786732196808,0.9800000190734863,0.7494000196456909
YPL221W,YHR214C-C,0,-8.725489,0.11563421785831451,0.9800000190734863,0.7494999766349792
YLR189C,YLR227W-B,0,-8.725748,0.11562057584524155,0.9800000190734863,0.7495999932289124
YDR168W,YDR302W,0,-8.7257595,0.11560693383216858,0.9800000190734863,0.7497000098228455
YBL064C,YPR137C-A,0,-8.7260895,0.11559329926967621,0.9800000190734863,0.7498000264167786
YEL042W,YIR002C,0,-8.726141,0.11557966470718384,0.9800000190734863,0.7498999834060669
YOR018W,YFL026W,0,-8.726153,0.11556603759527206,0.9800000190734863,0.75
YAL040C,YLL060C,0,-8.726156,0.11555241048336029,0.9800000190734863,0.7501000165939331
YLR186W,YPL257W-B,0,-8.726234,0.11553879082202911,0.9800000190734863,0.7501999735832214
YMR136W,YKL053C-A,0,-8.7263155,0.11552517116069794,0.9800000190734863,0.7502999901771545
YCR075C,YPL135W,0,-8.726359,0.11551155149936676,0.9800000190734863,0.7504000067710876
YPR201W,YHR154W,0,-8.726575,0.11549793928861618,0.9800000190734863,0.7505000233650208
YER016W,YDL039C,0,-8.726694,0.1154843270778656,0.9800000190734863,0.7505999803543091
YGL033W,YFR051C,0,-8.726772,0.11547072231769562,0.9800000190734863,0.7506999969482422
YPL123C,YGR161C-D,0,-8.726934,0.11545711755752563,0.9800000190734863,0.7508000135421753
YKL108W,YMR095C,0,-8.727423,0.11544351279735565,0.9800000190734863,0.7508999705314636
YJL191W,YHL025W,0,-8.727566,0.11542991548776627,0.9800000190734863,0.7509999871253967
YEL019C,YGR169C,0,-8.727682,0.11541632562875748,0.9800000190734863,0.7511000037193298
YPR105C,YDR261C-C,0,-8.727903,0.11540272831916809,0.9800000190734863,0.7512000203132629
YGR231C,YOR353C,0,-8.727951,0.1153891459107399,0.9800000190734863,0.7512999773025513
YPL087W,YDR261W-B,0,-8.728192,0.11537555605173111,0.9800000190734863,0.7513999938964844
YGL200C,YDR153C,0,-8.728439,0.11536198109388351,0.9800000190734863,0.7515000104904175
YOR040W,YPL139C,0,-8.7285595,0.11534839868545532,0.9800000190734863,0.7516000270843506
YBL034C,YKL119C,0,-8.728632,0.11533482372760773,0.9800000190734863,0.7516999840736389
YFR048W,YIL018W,0,-8.728777,0.11532124876976013,0.9800000190734863,0.751800000667572
YFR036W,YHL027W,0,-8.7288,0.11530768126249313,0.9800000190734863,0.7519000172615051
YLR167W,YPL257W-A,0,-8.728931,0.11529412120580673,0.9800000190734863,0.7519999742507935
YDL101C,YCL059C,0,-8.729187,0.11528055369853973,0.9800000190734863,0.7520999908447266
YGR082W,YER093C,0,-8.729307,0.11526699364185333,0.9800000190734863,0.7522000074386597
YDR385W,YLR136C,0,-8.729402,0.11525344103574753,0.9800000190734863,0.7523000240325928
YPL058C,YGR118W,0,-8.729488,0.11523988842964172,0.9800000190734863,0.7523999810218811
YOR156C,YDL244W,0,-8.730044,0.11522633582353592,0.9800000190734863,0.7524999976158142
YGR140W,YDR261C-D,0,-8.730057,0.11521279066801071,0.9800000190734863,0.7526000142097473
YHR053C,YKL073W,0,-8.730191,0.1151992455124855,0.9800000190734863,0.7526999711990356
YBL015W,YGR036C,0,-8.730251,0.1151857078075409,0.9800000190734863,0.7527999877929688
YLR305C,YBR082C,0,-8.7305765,0.11517217010259628,0.9800000190734863,0.7529000043869019
YLR170C,YJL035C,0,-8.731571,0.11515863984823227,0.9800000190734863,0.753000020980835
YGL089C,YLL024C,0,-8.731572,0.11514510959386826,0.9800000190734863,0.7530999779701233
YJL019W,YDL002C,0,-8.731726,0.11513157933950424,0.9800000190734863,0.7531999945640564
YMR054W,YGR251W,0,-8.731889,0.11511805653572083,0.9800000190734863,0.7533000111579895
YMR038C,YNR043W,0,-8.731939,0.11510453373193741,0.9800000190734863,0.7534000277519226
YBL018C,YGR161W-B,0,-8.731997,0.11509101837873459,0.9800000190734863,0.7534999847412109
YGR101W,YMR146C,0,-8.732411,0.11507750302553177,0.9800000190734863,0.753600001335144
YDR339C,YPR158C-D,0,-8.733367,0.11506398767232895,0.9800000190734863,0.7537000179290771
YER105C,YDR129C,0,-8.73362,0.11505047976970673,0.9800000190734863,0.7537999749183655
YKR065C,YHR143W-A,0,-8.73449,0.1150369793176651,0.9800000190734863,0.7538999915122986
YDL095W,YIR011C,0,-8.734659,0.11502347141504288,0.9800000190734863,0.7540000081062317
YDR439W,YMR305C,0,-8.734787,0.11500997841358185,0.9800000190734863,0.7541000247001648
YPL240C,YOL102C,0,-8.734864,0.11499647796154022,0.9800000190734863,0.7541999816894531
YPR030W,YOL149W,0,-8.735275,0.1149829849600792,0.9800000190734863,0.7542999982833862
YCL029C,YOR297C,0,-8.73543,0.11496949940919876,0.9800000190734863,0.7544000148773193
YGR278W,YPL274W,0,-8.736063,0.11495601385831833,0.9800000190734863,0.7544999718666077
YDR098C-B,YPL206C,0,-8.736322,0.1149425283074379,0.9800000190734863,0.7545999884605408
YDR166C,YDR261C-C,0,-8.736428,0.11492905020713806,0.9800000190734863,0.7547000050544739
YOR298W,YLR266C,0,-8.73662,0.11491557210683823,0.9800000190734863,0.754800021648407
YJR053W,YMR208W,0,-8.736899,0.11490210145711899,0.9800000190734863,0.7548999786376953
YNL258C,YDR156W,0,-8.736899,0.11488863080739975,0.9800000190734863,0.7549999952316284
YGR002C,YGR161W-A,0,-8.736938,0.11487516015768051,0.9800000190734863,0.7551000118255615
YGR038W,YMR053C,0,-8.737113,0.11486169695854187,0.9800000190734863,0.7552000284194946
YBR207W,YMR075W,0,-8.737593,0.11484823375940323,0.9800000190734863,0.755299985408783
YLR175W,YOR110W,0,-8.737611,0.11483477801084518,0.9800000190734863,0.7554000020027161
YGR140W,YOR380W,0,-8.737695,0.11482132226228714,0.9800000190734863,0.7555000185966492
YGL153W,YLR385C,0,-8.737963,0.11480787396430969,0.9800000190734863,0.7555999755859375
YLR144C,YKL041W,0,-8.738263,0.11479442566633224,0.9800000190734863,0.7556999921798706
YMR308C,YOR191W,0,-8.7386265,0.1147809773683548,0.9800000190734863,0.7558000087738037
YLL013C,YHR065C,0,-8.7387295,0.11476753652095795,0.9800000190734863,0.7559000253677368
YGL017W,YBL045C,0,-8.738808,0.1147540956735611,0.9800000190734863,0.7559999823570251
YGR206W,YPL083C,0,-8.73885,0.11474066227674484,0.9800000190734863,0.7560999989509583
YNL130C,YDR412W,0,-8.739167,0.11472722887992859,0.9800000190734863,0.7562000155448914
YOR290C,YGR027W-B,0,-8.739489,0.11471380293369293,0.9800000190734863,0.7562999725341797
YLR354C,YKR062W,0,-8.739817,0.11470037698745728,0.9800000190734863,0.7563999891281128
YJL094C,YHR070W,0,-8.740254,0.11468695104122162,0.9800000190734863,0.7565000057220459
YKL178C,YOR132W,0,-8.740753,0.11467353254556656,0.9800000190734863,0.756600022315979
YLR342W,YIL160C,0,-8.740831,0.1146601140499115,0.9800000190734863,0.7566999793052673
YNL218W,YPL257W-A,0,-8.741913,0.11464670300483704,0.9800000190734863,0.7567999958992004
YLR016C,YDL134C,0,-8.742149,0.11463329195976257,0.9800000190734863,0.7569000124931335
YBR091C,YOR338W,0,-8.742272,0.11461988091468811,0.9800000190734863,0.7570000290870667
YLR045C,YAL011W,0,-8.742449,0.11460647732019424,0.9800000190734863,0.757099986076355
YMR303C,YPL020C,0,-8.742563,0.11459308117628098,0.9800000190734863,0.7572000026702881
YIL154C,YDR098C-B,0,-8.742592,0.11457967758178711,0.9800000190734863,0.7573000192642212
YHR102W,YGR091W,0,-8.742782,0.11456628143787384,0.9800000190734863,0.7573999762535095
YER119C,YOR140W,0,-8.742786,0.11455289274454117,0.9800000190734863,0.7574999928474426
YPL254W,YHR178W,0,-8.742806,0.1145395040512085,0.9800000190734863,0.7576000094413757
YGL209W,YOR368W,0,-8.743509,0.11452611535787582,0.9800000190734863,0.7577000260353088
YOR355W,YOL055C,0,-8.743854,0.11451273411512375,0.9800000190734863,0.7577999830245972
YNL016W,YGR161C-D,0,-8.744002,0.11449936032295227,0.9800000190734863,0.7578999996185303
YHR091C,YGR161W-B,0,-8.7445755,0.1144859790802002,0.9800000190734863,0.7580000162124634
YHR031C,YGR109W-A,0,-8.744732,0.11447260528802872,0.9800000190734863,0.7580999732017517
YOR367W,YJR046W,0,-8.745219,0.11445923894643784,0.9800000190734863,0.7581999897956848
YGL158W,YPL130W,0,-8.745371,0.11444587260484695,0.9800000190734863,0.7583000063896179
YDR077W,YMR096W,0,-8.746004,0.11443250626325607,0.9800000190734863,0.758400022983551
YHR188C,YGL089C,0,-8.746044,0.11441914737224579,0.9800000190734863,0.7584999799728394
YLR423C,YOR305W,0,-8.746544,0.1144057884812355,0.9800000190734863,0.7585999965667725
YOR354C,YER118C,0,-8.74682,0.11439243704080582,0.9800000190734863,0.7587000131607056
YOL061W,YER173W,0,-8.747458,0.11437908560037613,0.9800000190734863,0.7588000297546387
YHR008C,YNL107W,0,-8.748184,0.11436573415994644,0.9800000190734863,0.758899986743927
YHR183W,YCL052C,0,-8.7485,0.11435239017009735,0.9800000190734863,0.7590000033378601
YMR038C,YGR070W,0,-8.748959,0.11433905363082886,0.9800000190734863,0.7591000199317932
YHL020C,YIL153W,0,-8.74972,0.11432570964097977,0.9800000190734863,0.7591999769210815
YML130C,YHR038W,0,-8.74993,0.11431237310171127,0.9800000190734863,0.7592999935150146
YIL132C,YMR140W,0,-8.751856,0.11429904401302338,0.9800000190734863,0.7594000101089478
YER045C,YCL031C,0,-8.7528515,0.11428571492433548,0.9800000190734863,0.7595000267028809
YGL001C,YNL102W,0,-8.753018,0.11427238583564758,0.9800000190734863,0.7595999836921692
YMR312W,YBR294W,0,-8.754487,0.11425906419754028,0.9800000190734863,0.7597000002861023
YKL179C,YDR034C-D,0,-8.75458,0.11424574255943298,0.9800000190734863,0.7598000168800354
YIL052C,YGR122W,0,-8.754694,0.11423242837190628,0.9800000190734863,0.7598999738693237
YDR270W,YDR210W-A,0,-8.754908,0.11421911418437958,0.9800000190734863,0.7599999904632568
YJL110C,YEL002C,0,-8.75501,0.11420579999685287,0.9800000190734863,0.7601000070571899
YJL003W,YLR016C,0,-8.755456,0.11419249325990677,0.9800000190734863,0.760200023651123
YFR041C,YDR210W-B,0,-8.755651,0.11417919397354126,0.9800000190734863,0.7602999806404114
YGR172C,YER137C-A,0,-8.755705,0.11416588723659515,0.9800000190734863,0.7603999972343445
YJR059W,YNL054W-B,0,-8.755814,0.11415259540081024,0.9800000190734863,0.7605000138282776
YLL041C,YLR227W-B,0,-8.756466,0.11413929611444473,0.9800000190734863,0.7605999708175659
YGR060W,YDL038C,0,-8.756495,0.11412600427865982,0.9800000190734863,0.760699987411499
YAL038W,YHR091C,0,-8.756561,0.11411271244287491,0.9800000190734863,0.7608000040054321
YKR057W,YBR012W-B,0,-8.756592,0.1140994280576706,0.9800000190734863,0.7609000205993652
YBR070C,YGR046W,0,-8.75665,0.11408614367246628,0.9800000190734863,0.7609999775886536
YFR008W,YKL178C,0,-8.756882,0.11407286673784256,0.9800000190734863,0.7610999941825867
YGR133W,YCR067C,0,-8.756975,0.11405958980321884,0.9800000190734863,0.7612000107765198
YKL008C,YPL029W,0,-8.757088,0.11404632031917572,0.9800000190734863,0.7613000273704529
YOR237W,YIL051C,0,-8.757368,0.114033043384552,0.9800000190734863,0.7613999843597412
YIL160C,YJL004C,0,-8.757971,0.11401978135108948,0.9800000190734863,0.7615000009536743
YPR111W,YBR221C,0,-8.758008,0.11400651186704636,0.9800000190734863,0.7616000175476074
YBL014C,YNL284C-B,0,-8.758224,0.11399324983358383,0.9800000190734863,0.7616999745368958
YDL132W,YER137C-A,0,-8.758267,0.1139799952507019,0.9800000190734863,0.7617999911308289
YOL089C,YKL041W,0,-8.758375,0.11396674066781998,0.9800000190734863,0.761900007724762
YJL125C,YJR077C,0,-8.759594,0.11395348608493805,0.9800000190734863,0.7620000243186951
YKL092C,YKL081W,0,-8.759951,0.11394023895263672,0.9800000190734863,0.7620999813079834
YHR118C,YOR332W,0,-8.759974,0.11392699182033539,0.9800000190734863,0.7621999979019165
YPR171W,YKR019C,0,-8.759978,0.11391375213861465,0.9800000190734863,0.7623000144958496
YBR244W,YLR119W,0,-8.760227,0.11390051245689392,0.9800000190734863,0.7623999714851379
YBR158W,YER174C,0,-8.76049,0.11388727277517319,0.9800000190734863,0.762499988079071
YPL176C,YOR192C-B,0,-8.760999,0.11387404054403305,0.9800000190734863,0.7626000046730042
YLR191W,YNL054W-B,0,-8.760999,0.11386080831289291,0.9800000190734863,0.7627000212669373
YKR101W,YMR039C,0,-8.761169,0.11384758353233337,0.9800000190734863,0.7627999782562256
YER012W,YOR047C,0,-8.761216,0.11383435875177383,0.9800000190734863,0.7628999948501587
YDL015C,YIL135C,0,-8.761825,0.11382114142179489,0.9800000190734863,0.7630000114440918
YKR087C,YDR436W,0,-8.762341,0.11380791664123535,0.9800000190734863,0.7631000280380249
YOR026W,YOR142W-A,0,-8.762447,0.113794706761837,0.9800000190734863,0.7631999850273132
YMR303C,YPR137C-B,0,-8.76277,0.11378148943185806,0.9800000190734863,0.7633000016212463
YDR419W,YPR158C-C,0,-8.764053,0.11376828700304031,0.9800000190734863,0.7634000182151794
YGL038C,YDR261W-B,0,-8.764334,0.11375507712364197,0.9800000190734863,0.7634999752044678
YOR298W,YGL022W,0,-8.764432,0.11374187469482422,0.9800000190734863,0.7635999917984009
YLR291C,YGR171C,0,-8.764744,0.11372867226600647,0.9800000190734863,0.763700008392334
YMR129W,YGR027W-B,0,-8.764862,0.11371547728776932,0.9800000190734863,0.7638000249862671
YNL073W,YDR261C-C,0,-8.764942,0.11370228230953217,0.9800000190734863,0.7638999819755554
YMR292W,YLR163C,0,-8.765144,0.11368909478187561,0.9800000190734863,0.7639999985694885
YLR086W,YDR365W-A,0,-8.765153,0.11367590725421906,0.9800000190734863,0.7641000151634216
YIR019C,YKL019W,0,-8.765476,0.1136627197265625,0.9800000190734863,0.76419997215271
YGR027W-B,YOR305W,0,-8.765785,0.11364953964948654,0.9800000190734863,0.7642999887466431
YJL073W,YNR034W,0,-8.766228,0.11363636702299118,0.9800000190734863,0.7644000053405762
YJL115W,YPR158W-B,0,-8.767212,0.11362318694591522,0.9800000190734863,0.7645000219345093
YLR085C,YIL143C,0,-8.767326,0.11361001431941986,0.9800000190734863,0.7645999789237976
YEL071W,YER029C,0,-8.767508,0.1135968491435051,0.9800000190734863,0.7646999955177307
YPL048W,YGR166W,0,-8.768285,0.11358368396759033,0.9800000190734863,0.7648000121116638
YNL278W,YBR084W,0,-8.769019,0.11357051879167557,0.9800000190734863,0.7649000287055969
YLL027W,YNL045W,0,-8.769223,0.1135573610663414,0.9800000190734863,0.7649999856948853
YOR236W,YGL133W,0,-8.769247,0.11354420334100723,0.9800000190734863,0.7651000022888184
YPL055C,YPR080W,0,-8.769685,0.11353104561567307,0.9800000190734863,0.7652000188827515
YJL073W,YPL164C,0,-8.76982,0.1135178953409195,0.9800000190734863,0.7652999758720398
YMR211W,YDR261C-D,0,-8.770007,0.11350474506616592,0.9800000190734863,0.7653999924659729
YDR054C,YML075C,0,-8.770185,0.11349160224199295,0.9800000190734863,0.765500009059906
YLL042C,YOR343W-B,0,-8.770298,0.11347845941781998,0.9800000190734863,0.7656000256538391
YMR322C,YDR261W-A,0,-8.770328,0.1134653240442276,0.9800000190734863,0.7656999826431274
YCL012W,YFR014C,0,-8.770512,0.11345218867063522,0.9800000190734863,0.7657999992370605
YER038C,YGR147C,0,-8.771059,0.11343905329704285,0.9800000190734863,0.7659000158309937
YGL032C,YGL093W,0,-8.771395,0.11342592537403107,0.9800000190734863,0.765999972820282
YBR290W,YGR157W,0,-8.772067,0.11341279745101929,0.9800000190734863,0.7660999894142151
YGR289C,YPL031C,0,-8.772553,0.1133996769785881,0.9800000190734863,0.7662000060081482
YDR483W,YOR156C,0,-8.772647,0.11338655650615692,0.9800000190734863,0.7663000226020813
YIR025W,YGL104C,0,-8.772789,0.11337343603372574,0.9800000190734863,0.7663999795913696
YCR039C,YPL060C-A,0,-8.772873,0.11336032301187515,0.9800000190734863,0.7664999961853027
YJR118C,YDR465C,0,-8.773193,0.11334720999002457,0.9800000190734863,0.7666000127792358
YKL192C,YOL017W,0,-8.77404,0.11333410441875458,0.9800000190734863,0.766700029373169
YMR135C,YNR049C,0,-8.774216,0.11332099884748459,0.9800000190734863,0.7667999863624573
YKR027W,YJR156C,0,-8.774221,0.1133078932762146,0.9800000190734863,0.7669000029563904
YAR031W,YGR274C,0,-8.774246,0.11329479515552521,0.9800000190734863,0.7670000195503235
YDR030C,YGR109W-A,0,-8.774495,0.11328170448541641,0.9800000190734863,0.7670999765396118
YER119C,YDR365W-A,0,-8.774828,0.11326860636472702,0.9800000190734863,0.7671999931335449
YBL024W,YGR042W,0,-8.775349,0.11325551569461823,0.9800000190734863,0.767300009727478
YLR228C,YJL047C,0,-8.775381,0.11324243247509003,0.9800000190734863,0.7674000263214111
YPR122W,YKL002W,0,-8.776539,0.11322934925556183,0.9800000190734863,0.7674999833106995
YAL059W,YLR132C,0,-8.777132,0.11321626603603363,0.9800000190734863,0.7675999999046326
YPR009W,YNL054W-B,0,-8.77714,0.11320319026708603,0.9800000190734863,0.7677000164985657
YML126C,YOR081C,0,-8.777224,0.11319011449813843,0.9800000190734863,0.767799973487854
YBL006C,YIL038C,0,-8.777302,0.11317703872919083,0.9800000190734863,0.7678999900817871
YPL049C,YDR210W-A,0,-8.777986,0.11316397041082382,0.9800000190734863,0.7680000066757202
YMR113W,YDR412W,0,-8.778835,0.11315090954303741,0.9800000190734863,0.7681000232696533
YLR370C,YDL244W,0,-8.779407,0.11313784122467041,0.9800000190734863,0.7681999802589417
YJL020C,YBL020W,0,-8.779893,0.113124780356884,0.9800000190734863,0.7682999968528748
YOR233W,YNL284C-B,0,-8.77999,0.11311172693967819,0.9800000190734863,0.7684000134468079
YCL034W,YOL005C,0,-8.779999,0.11309867352247238,0.9800000190734863,0.7684999704360962
YBL040C,YGR161W-B,0,-8.780003,0.11308562010526657,0.9800000190734863,0.7685999870300293
YKR046C,YER019C-A,0,-8.780291,0.11307257413864136,0.9800000190734863,0.7687000036239624
YLR013W,YNL290W,0,-8.780668,0.11305952817201614,0.9800000190734863,0.7688000202178955
YIL110W,YKL203C,0,-8.780768,0.11304648965597153,0.9800000190734863,0.7688999772071838
YAR014C,YHL006C,0,-8.781922,0.11303345113992691,0.9800000190734863,0.7689999938011169
YBR041W,YDR004W,0,-8.782045,0.1130204126238823,0.9800000190734863,0.76910001039505
YPL078C,YPR144C,0,-8.78207,0.11300738155841827,0.9800000190734863,0.7692000269889832
YER145C,YPR137C-B,0,-8.782496,0.11299435049295425,0.9800000190734863,0.7692999839782715
YIL065C,YPL075W,0,-8.782642,0.11298132687807083,0.9800000190734863,0.7694000005722046
YKL141W,YPL020C,0,-8.783154,0.11296830326318741,0.9800000190734863,0.7695000171661377
YNR059W,YBR022W,0,-8.783196,0.11295527964830399,0.9800000190734863,0.769599974155426
YPL138C,YKL035W,0,-8.783353,0.11294226348400116,0.9800000190734863,0.7696999907493591
YLR086W,YPR137C-B,0,-8.783432,0.11292924731969833,0.9800000190734863,0.7698000073432922
YOR310C,YPL065W,0,-8.783617,0.11291623115539551,0.9800000190734863,0.7699000239372253
YGL045W,YLR154C,0,-8.783852,0.11290322244167328,0.9800000190734863,0.7699999809265137
YPL266W,YOL090W,0,-8.784217,0.11289022117853165,0.9800000190734863,0.7700999975204468
YBL100W-B,YGR161C-C,0,-8.784273,0.11287721991539001,0.9800000190734863,0.7702000141143799
YKL099C,YBR293W,0,-8.785276,0.11286421865224838,0.9800000190734863,0.7702999711036682
YBR290W,YMR198W,0,-8.785356,0.11285121738910675,0.9800000190734863,0.7703999876976013
YGR161W-A,YNL213C,0,-8.785479,0.11283822357654572,0.9800000190734863,0.7705000042915344
YPL152W,YOR332W,0,-8.785833,0.11282523721456528,0.9800000190734863,0.7706000208854675
YDR113C,YGR161W-B,0,-8.785875,0.11281225085258484,0.9800000190734863,0.7706999778747559
YOR153W,YHR048W,0,-8.786174,0.1127992644906044,0.9800000190734863,0.770799994468689
YLR079W,YIL039W,0,-8.786188,0.11278627812862396,0.9800000190734863,0.7709000110626221
YDR258C,YOR372C,0,-8.786455,0.11277329921722412,0.9800000190734863,0.7710000276565552
YPL125W,YOR192C-A,0,-8.786589,0.11276032775640488,0.9800000190734863,0.7710999846458435
YCR020C-A,YPR167C,0,-8.7867985,0.11274735629558563,0.9800000190734863,0.7712000012397766
YMR267W,YLR136C,0,-8.787775,0.11273438483476639,0.9800000190734863,0.7713000178337097
YOR231W,YNL209W,0,-8.787779,0.11272141337394714,0.9800000190734863,0.771399974822998
YJL157C,YLR227W-A,0,-8.788332,0.11270845681428909,0.9800000190734863,0.7714999914169312
YIL076W,YLR227W-A,0,-8.788647,0.11269549280405045,0.9800000190734863,0.7716000080108643
YGR075C,YNL054W-B,0,-8.788685,0.1126825362443924,0.9800000190734863,0.7717000246047974
YDR182W,YGR027W-B,0,-8.789412,0.11266957968473434,0.9800000190734863,0.7717999815940857
YGL116W,YPR191W,0,-8.789445,0.11265663057565689,0.9800000190734863,0.7718999981880188
YGL014W,YPR078C,0,-8.790184,0.11264368146657944,0.9800000190734863,0.7720000147819519
YLR231C,YBL063W,0,-8.790712,0.11263073235750198,0.9800000190734863,0.7720999717712402
YDL033C,YKL070W,0,-8.790802,0.11261779069900513,0.9800000190734863,0.7721999883651733
YGL112C,YPR137C-B,0,-8.790812,0.11260484904050827,0.9800000190734863,0.7723000049591064
YML077W,YOR142W-A,0,-8.791025,0.11259191483259201,0.9800000190734863,0.7724000215530396
YPL262W,YPL112C,0,-8.79111,0.11257898062467575,0.9800000190734863,0.7724999785423279
YFL050C,YOR195W,0,-8.791755,0.11256604641675949,0.9800000190734863,0.772599995136261
YBR257W,YHR083W,0,-8.791904,0.11255311965942383,0.9800000190734863,0.7727000117301941
YMR239C,YBR123C,0,-8.792097,0.11254019290208817,0.9800000190734863,0.7728000283241272
YIL037C,YOR151C,0,-8.792137,0.1125272735953331,0.9800000190734863,0.7728999853134155
YMR096W,YPR158C-C,0,-8.7923155,0.11251435428857803,0.9800000190734863,0.7730000019073486
YBL088C,YDR365W-A,0,-8.792439,0.11250143498182297,0.9800000190734863,0.7731000185012817
YPL187W,YDR043C,0,-8.792441,0.1124885231256485,0.9800000190734863,0.7731999754905701
YKL119C,YLR157C-B,0,-8.792459,0.11247561126947403,0.9800000190734863,0.7732999920845032
YOL065C,YDR353W,0,-8.792809,0.11246270686388016,0.9800000190734863,0.7734000086784363
YDR503C,YNR034W,0,-8.793034,0.11244980245828629,0.9800000190734863,0.7735000252723694
YDR158W,YHL006C,0,-8.793494,0.11243689805269241,0.9800000190734863,0.7735999822616577
YMR182C,YLR313C,0,-8.793711,0.11242400109767914,0.9800000190734863,0.7736999988555908
YAL051W,YLR272C,0,-8.793722,0.11241110414266586,0.9800000190734863,0.7738000154495239
YLR207W,YGR161C-D,0,-8.793749,0.11239820718765259,0.9800000190734863,0.7738999724388123
YOL026C,YHR069C,0,-8.793984,0.11238531768321991,0.9800000190734863,0.7739999890327454
YMR167W,YLL024C,0,-8.79483,0.11237243562936783,0.9800000190734863,0.7741000056266785
YAL023C,YPR158C-D,0,-8.795326,0.11235955357551575,0.9800000190734863,0.7742000222206116
YLR201C,YBL006C,0,-8.795417,0.11234667152166367,0.9800000190734863,0.7742999792098999
YDR443C,YJL187C,0,-8.795593,0.11233378946781158,0.9800000190734863,0.774399995803833
YPR168W,YIL075C,0,-8.795757,0.1123209148645401,0.9800000190734863,0.7745000123977661
YDR439W,YOL110W,0,-8.795766,0.11230804771184921,0.9800000190734863,0.7746000289916992
YML028W,YDR034C-C,0,-8.79719,0.11229517310857773,0.9800000190734863,0.7746999859809875
YKL068W,YGR109W-B,0,-8.797301,0.11228231340646744,0.9800000190734863,0.7748000025749207
YKL026C,YDR365W-A,0,-8.79755,0.11226944625377655,0.9800000190734863,0.7749000191688538
YMR008C,YNL201C,0,-8.797625,0.11225658655166626,0.9800000190734863,0.7749999761581421
YML058W,YDR210W-D,0,-8.7978115,0.11224372684955597,0.9800000190734863,0.7750999927520752
YPR185W,YNL284C-A,0,-8.7978115,0.11223087459802628,0.9800000190734863,0.7752000093460083
YHR069C,YBL101W-A,0,-8.7978115,0.11221802234649658,0.9800000190734863,0.7753000259399414
YOL028C,YHL009W-A,0,-8.7978115,0.11220517754554749,0.9800000190734863,0.7753999829292297
YOR191W,YML045W-A,0,-8.7978115,0.11219233274459839,0.9800000190734863,0.7754999995231628
YNL310C,YHL009W-A,0,-8.7978115,0.11217948794364929,0.9800000190734863,0.775600016117096
YGR112W,YNL284C-A,0,-8.7978115,0.11216665059328079,0.9800000190734863,0.7756999731063843
YDR014W-A,YHR098C,0,-8.7978115,0.11215381324291229,0.9800000190734863,0.7757999897003174
YBR156C,YNL284C-A,0,-8.7978115,0.11214097589254379,0.9800000190734863,0.7759000062942505
YDR014W-A,YIL085C,0,-8.7978115,0.11212814599275589,0.9800000190734863,0.7760000228881836
YER087C-B,YOR343W-A,0,-8.7978115,0.11211531609296799,0.9800000190734863,0.7760999798774719
YIR025W,YBL101W-A,0,-8.7978115,0.11210249364376068,0.9800000190734863,0.776199996471405
YHR079C-B,YDR115W,0,-8.7978115,0.11208967119455338,0.9800000190734863,0.7763000130653381
YPR162C,YDR210W-D,0,-8.7978115,0.11207685619592667,0.9800000190734863,0.7764000296592712
YJR001W,YML045W-A,0,-8.7978115,0.11206403374671936,0.9800000190734863,0.7764999866485596
YOL067C,YBL101W-A,0,-8.7978115,0.11205122619867325,0.9800000190734863,0.7766000032424927
YDR096W,YOR343C-A,0,-8.7978115,0.11203841120004654,0.9800000190734863,0.7767000198364258
YHR043C,YDR210W-D,0,-8.7978115,0.11202560365200043,0.9800000190734863,0.7767999768257141
YCL062W,YHR020W,0,-8.7978115,0.11201280355453491,0.9800000190734863,0.7768999934196472
YHR205W,YML045W-A,0,-8.7978115,0.1120000034570694,0.9800000190734863,0.7770000100135803
YLR114C,YOR343C-B,0,-8.7978115,0.11198720335960388,0.9800000190734863,0.7771000266075134
YMR036C,YDR210W-D,0,-8.7978115,0.11197440326213837,0.9800000190734863,0.7771999835968018
YBR084W,YLR157C-A,0,-8.7978115,0.11196161061525345,0.9800000190734863,0.7773000001907349
YHR135C,YNL284C-A,0,-8.7978115,0.11194882541894913,0.9800000190734863,0.777400016784668
YOL158C,YPL257W-A,0,-8.7978115,0.1119360402226448,0.9800000190734863,0.7774999737739563
YNR056C,YHL009W-A,0,-8.7978115,0.11192325502634048,0.9800000190734863,0.7775999903678894
YDR014W-A,YOR147W,0,-8.7978115,0.11191046983003616,0.9800000190734863,0.7777000069618225
YGR080W,YOR343C-A,0,-8.7978115,0.11189769208431244,0.9800000190734863,0.7778000235557556
YOR201C,YOR343C-A,0,-8.7978115,0.11188492178916931,0.9800000190734863,0.777899980545044
YHR090C,YPR036W-A,0,-8.7978115,0.11187214404344559,0.9800000190734863,0.777999997138977
YLR386W,YLR157C-A,0,-8.7978115,0.11185937374830246,0.9800000190734863,0.7781000137329102
YGL257C,YDR034C-D,0,-8.7978115,0.11184661090373993,0.9800000190734863,0.7781999707221985
YGR171C,YDR210W-D,0,-8.7978115,0.1118338480591774,0.9800000190734863,0.7782999873161316
YJL056C,YDR210W-D,0,-8.7978115,0.11182108521461487,0.9800000190734863,0.7784000039100647
YGR112W,YHL009W-A,0,-8.7978115,0.11180832982063293,0.9800000190734863,0.7785000205039978
YBR097W,YDR261W-A,0,-8.7978115,0.111795574426651,0.9800000190734863,0.7785999774932861
YPL096W,YOR343C-A,0,-8.7978115,0.11178281903266907,0.9800000190734863,0.7786999940872192
YCL012W,YOR343C-A,0,-8.7978115,0.11177007108926773,0.9800000190734863,0.7788000106811523
YDR014W-A,YJL166W,0,-8.7978115,0.11175733059644699,0.9800000190734863,0.7789000272750854
YMR112C,YPR036W-A,0,-8.7978115,0.11174458265304565,0.9800000190734863,0.7789999842643738
YKL022C,YNL284C-A,0,-8.7978115,0.11173184216022491,0.9800000190734863,0.7791000008583069
YJR043C,YOR343C-A,0,-8.7978115,0.11171910911798477,0.9800000190734863,0.77920001745224
YDR216W,YDR365W-A,0,-8.7978115,0.11170636862516403,0.9800000190734863,0.7792999744415283
YPR199C,YNL284C-A,0,-8.7978115,0.11169364303350449,0.9800000190734863,0.7793999910354614
YIL037C,YOR343C-B,0,-8.7978115,0.11168090999126434,0.9800000190734863,0.7795000076293945
YCL062W,YPR137C-A,0,-8.7978115,0.1116681843996048,0.9800000190734863,0.7796000242233276
YGL253W,YDR210W-D,0,-8.7978115,0.11165546625852585,0.9800000190734863,0.779699981212616
YPR162C,YNL284C-A,0,-8.7978115,0.1116427406668663,0.9800000190734863,0.7797999978065491
YLR391W,YDR365W-A,0,-8.7978115,0.11163002252578735,0.9800000190734863,0.7799000144004822
YJR025C,YBL101W-B,0,-8.7978115,0.111617311835289,0.9800000190734863,0.7799999713897705
YBL035C,YBL101W-A,0,-8.7978115,0.11160460114479065,0.9800000190734863,0.7800999879837036
YGR002C,YNL284C-A,0,-8.7978115,0.1115918904542923,0.9800000190734863,0.7802000045776367
YDL015C,YML045W-A,0,-8.7978115,0.11157918721437454,0.9800000190734863,0.7803000211715698
YPR201W,YBL101W-B,0,-8.7978115,0.11156648397445679,0.9800000190734863,0.7803999781608582
YOL146W,YBL101W-B,0,-8.7978115,0.11155378818511963,0.9800000190734863,0.7804999947547913
YIL139C,YBL101W-A,0,-8.7978115,0.11154108494520187,0.9800000190734863,0.7806000113487244
YIL017W,YDR306C,0,-8.7978115,0.11152839660644531,0.9800000190734863,0.7807000279426575
YNL048W,YLR157C-A,0,-8.7978115,0.11151570081710815,0.9800000190734863,0.7807999849319458
YDR106W,YLR157C-A,0,-8.7978115,0.11150301247835159,0.9800000190734863,0.7809000015258789
YPR119W,YPR036W-A,0,-8.7978115,0.11149033159017563,0.9800000190734863,0.781000018119812
YDL101C,YNL284C-A,0,-8.7978115,0.11147765070199966,0.9800000190734863,0.7810999751091003
YDL134C,YLR157C-A,0,-8.7978115,0.1114649698138237,0.9800000190734863,0.7811999917030334
YLR226W,YOR343C-A,0,-8.7978115,0.11145228892564774,0.9800000190734863,0.7813000082969666
YCL011C,YNL284C-A,0,-8.7978115,0.11143961548805237,0.9800000190734863,0.7814000248908997
YPL164C,YBL101W-B,0,-8.7978115,0.1114269495010376,0.9800000190734863,0.781499981880188
YDR078C,YNL284C-A,0,-8.7978115,0.11141427606344223,0.9800000190734863,0.7815999984741211
YDR014W-A,YJR009C,0,-8.7978115,0.11140161752700806,0.9800000190734863,0.7817000150680542
YDR014W-A,YBR043C,0,-8.7978115,0.11138895153999329,0.9800000190734863,0.7817999720573425
YBR290W,YBL101W-B,0,-8.7978115,0.11137629300355911,0.9800000190734863,0.7818999886512756
YOR216C,YNL284C-A,0,-8.7978115,0.11136363446712494,0.9800000190734863,0.7820000052452087
YOR142W-A,YPR036W-A,0,-8.7978115,0.11135098338127136,0.9800000190734863,0.7821000218391418
YNL042W,YBL101W-A,0,-8.7978115,0.11133833229541779,0.9800000190734863,0.7821999788284302
YNL004W,YOR343C-A,0,-8.7978115,0.11132568120956421,0.9800000190734863,0.7822999954223633
YNL229C,YLR157C-A,0,-8.7978115,0.11131303757429123,0.9800000190734863,0.7824000120162964
YOL044W,YDR261C-D,0,-8.7978115,0.11130039393901825,0.9800000190734863,0.7825000286102295
YDL004W,YDR014W-A,0,-8.7978115,0.11128775775432587,0.9800000190734863,0.7825999855995178
YDR384C,YFL002W-B,0,-8.7978115,0.11127512156963348,0.9800000190734863,0.7827000021934509
YKL204W,YHL009W-A,0,-8.7978115,0.1112624853849411,0.9800000190734863,0.782800018787384
YGR143W,YDR210W-D,0,-8.7978115,0.11124985665082932,0.9800000190734863,0.7828999757766724
YJR135W-A,YHL009W-A,0,-8.7978115,0.11123722791671753,0.9800000190734863,0.7829999923706055
YOR153W,YNL284C-A,0,-8.7978115,0.11122460663318634,0.9800000190734863,0.7831000089645386
YGL089C,YOR343C-B,0,-8.7978115,0.11121198534965515,0.9800000190734863,0.7832000255584717
YDR014W-A,YDL044C,0,-8.7978115,0.11119936406612396,0.9800000190734863,0.78329998254776
YCR058C,YMR087W,0,-8.7978115,0.11118675023317337,0.9800000190734863,0.7833999991416931
YGR013W,YPR036W-A,0,-8.7978115,0.11117413640022278,0.9800000190734863,0.7835000157356262
YKL138C-A,YOR192C-A,0,-8.7978115,0.11116152256727219,0.9800000190734863,0.7835999727249146
YLR229C,YML045W-A,0,-8.7978115,0.11114891618490219,0.9800000190734863,0.7836999893188477
YGL046W,YML045W,0,-8.7978115,0.1111363098025322,0.9800000190734863,0.7838000059127808
YBR198C,YNL284C-A,0,-8.7978115,0.1111237108707428,0.9800000190734863,0.7839000225067139
YCL060C,YFL002W-A,0,-8.7978115,0.1111111119389534,0.9800000190734863,0.7839999794960022
YNR032C-A,YBL101W-B,0,-8.7978115,0.111098513007164,0.9800000190734863,0.7840999960899353
YJR089W,YPR158C-D,0,-8.7978115,0.1110859215259552,0.9800000190734863,0.7842000126838684
YML045W,YNL284C-A,0,-8.7978115,0.1110733300447464,0.9800000190734863,0.7843000292778015
YBL090W,YBL101W-B,0,-8.7978115,0.1110607460141182,0.9800000190734863,0.7843999862670898
YJL019W,YOR343C-B,0,-8.7978115,0.11104816198348999,0.9800000190734863,0.784500002861023
YLR206W,YBL101W-B,0,-8.7978115,0.11103557795286179,0.9800000190734863,0.784600019454956
YER016W,YPR036W-A,0,-8.7978115,0.11102299392223358,0.9800000190734863,0.7846999764442444
YDR014W-A,YAR044W,0,-8.7978115,0.11101042479276657,0.9800000190734863,0.7847999930381775
YMR188C,YLR157C-A,0,-8.7978115,0.11099784821271896,0.9800000190734863,0.7849000096321106
YFL039C,YDR014W-A,0,-8.7978115,0.11098527908325195,0.9800000190734863,0.7850000262260437
YLR013W,YDR034C-D,0,-8.7978115,0.11097270995378494,0.9800000190734863,0.785099983215332
YPR125W,YLR157C-A,0,-8.7978115,0.11096014827489853,0.9800000190734863,0.7851999998092651
YNL055C,YGR161C-D,0,-8.7978115,0.11094758659601212,0.9800000190734863,0.7853000164031982
YFR040W,YBL101W-A,0,-8.7978115,0.1109350249171257,0.9800000190734863,0.7853999733924866
YKL179C,YDR014W-A,0,-8.7978115,0.11092247068881989,0.9800000190734863,0.7854999899864197
YGL025C,YBL101W-B,0,-8.7978115,0.11090991646051407,0.9800000190734863,0.7856000065803528
YFL035C,YIL077C,0,-8.7978115,0.11089736223220825,0.9800000190734863,0.7857000231742859
YLR370C,YPR036W-A,0,-8.7978115,0.11088481545448303,0.9800000190734863,0.7857999801635742
YBR298C,YDR210W-D,0,-8.7978115,0.11087226867675781,0.9800000190734863,0.7858999967575073
YEL053C,YOR343C-B,0,-8.7978115,0.11085972934961319,0.9800000190734863,0.7860000133514404
YHL028W,YLR157C-A,0,-8.7978115,0.11084719002246857,0.9800000190734863,0.7860999703407288
YOR245C,YOR343C-B,0,-8.7978115,0.11083465069532394,0.9800000190734863,0.7861999869346619
YER095W,YNL284C-A,0,-8.7978115,0.11082211881875992,0.9800000190734863,0.786300003528595
YDR014W-A,YGR199W,0,-8.7978115,0.11080958694219589,0.9800000190734863,0.7864000201225281
YDL064W,YOR343C-B,0,-8.7978115,0.11079706251621246,0.9800000190734863,0.7864999771118164
YJL141C,YOR343C-B,0,-8.7978115,0.11078453809022903,0.9800000190734863,0.7865999937057495
YDL231C,YHL009W-A,0,-8.7978115,0.1107720136642456,0.9800000190734863,0.7867000102996826
YMR097C,YML046W,0,-8.797813,0.11075949668884277,0.9800000190734863,0.7868000268936157
YGR005C,YDR261C-D,0,-8.797817,0.11074697971343994,0.9800000190734863,0.786899983882904
YOR150W,YKL082C,1,-8.797905,0.11084745824337006,0.9810000061988831,0.786899983882904
YOL077C,YOR150W,1,-8.79814,0.11094791442155838,0.9819999933242798,0.786899983882904
YLR148W,YDR098C-B,0,-8.798168,0.11093538254499435,0.9819999933242798,0.7870000004768372
YDL244W,YHL009W-B,0,-8.79863,0.11092285066843033,0.9819999933242798,0.7871000170707703
YMR287C,YJR125C,0,-8.798679,0.1109103262424469,0.9819999933242798,0.7871999740600586
YER160C,YHR214C-C,0,-8.798775,0.11089779436588287,0.9819999933242798,0.7872999906539917
YJR089W,YOR288C,0,-8.79925,0.11088527739048004,0.9819999933242798,0.7874000072479248
YPL135W,YCR024C-A,0,-8.799262,0.11087275296449661,0.9819999933242798,0.7875000238418579
YAL058W,YML028W,0,-8.79965,0.11086023598909378,0.9819999933242798,0.7875999808311462
YDR353W,YHR214C-C,0,-8.799678,0.11084772646427155,0.9819999933242798,0.7876999974250793
YER109C,YEL069C,0,-8.799896,0.11083521693944931,0.9819999933242798,0.7878000140190125
YDL164C,YJL036W,0,-8.800528,0.11082270741462708,0.9819999933242798,0.7878999710083008
YOL095C,YGR213C,0,-8.800659,0.11081019788980484,0.9819999933242798,0.7879999876022339
YLL027W,YHL022C,0,-8.800722,0.1107976958155632,0.9819999933242798,0.788100004196167
YHR067W,YDL112W,0,-8.800898,0.11078520119190216,0.9819999933242798,0.7882000207901001
YHR188C,YPR162C,0,-8.801115,0.11077269911766052,0.9819999933242798,0.7882999777793884
YBL078C,YPL076W,0,-8.801224,0.11076020449399948,0.9819999933242798,0.7883999943733215
YGR040W,YBR199W,0,-8.801689,0.11074771732091904,0.9819999933242798,0.7885000109672546
YDR247W,YDR285W,0,-8.801882,0.11073523014783859,0.9819999933242798,0.7886000275611877
YDR252W,YGL012W,0,-8.802153,0.11072274297475815,0.9819999933242798,0.7886999845504761
YMR048W,YPR158C-C,0,-8.802718,0.1107102558016777,0.9819999933242798,0.7888000011444092
YJL101C,YOR142W-A,0,-8.803033,0.11069777607917786,0.9819999933242798,0.7889000177383423
YLR115W,YGL255W,0,-8.8038025,0.1106853038072586,0.9819999933242798,0.7889999747276306
YNR060W,YLR410W-A,0,-8.803978,0.11067282408475876,0.9819999933242798,0.7890999913215637
YDR322C-A,YMR046C,0,-8.804003,0.1106603592634201,0.9819999933242798,0.7892000079154968
YLR092W,YPR139C,0,-8.80402,0.11064788699150085,0.9819999933242798,0.7893000245094299
YJR155W,YDL231C,0,-8.804081,0.1106354221701622,0.9819999933242798,0.7893999814987183
YJL071W,YDR270W,0,-8.804167,0.11062295734882355,0.9819999933242798,0.7894999980926514
YDR243C,YDR210W-A,0,-8.804774,0.11061049997806549,0.9819999933242798,0.7896000146865845
YCL033C,YOR192C-B,0,-8.804892,0.11059804260730743,0.9819999933242798,0.7896999716758728
YHL047C,YHR079C-A,0,-8.805247,0.11058558523654938,0.9819999933242798,0.7897999882698059
YDR005C,YOR192C-A,0,-8.805414,0.11057313531637192,0.9819999933242798,0.789900004863739
YJR118C,YJR046W,0,-8.8054695,0.11056068539619446,0.9819999933242798,0.7900000214576721
YOR080W,YEL065W,0,-8.805515,0.110548235476017,0.9819999933242798,0.7900999784469604
YLR100W,YDR261C-C,0,-8.806462,0.11053579300642014,0.9819999933242798,0.7901999950408936
YGL025C,YHR157W,0,-8.806688,0.11052335053682327,0.9819999933242798,0.7903000116348267
YMR145C,YGR161W-B,0,-8.806812,0.110510915517807,0.9819999933242798,0.7904000282287598
YJL095W,YGR289C,0,-8.806883,0.11049848049879074,0.9819999933242798,0.7904999852180481
YOR244W,YDR489W,0,-8.806885,0.11048604547977448,0.9819999933242798,0.7906000018119812
YFR037C,YMR313C,0,-8.807018,0.1104736179113388,0.9819999933242798,0.7907000184059143
YGL216W,YOR174W,0,-8.807392,0.11046119034290314,0.9819999933242798,0.7907999753952026
YPR128C,YLR228C,0,-8.807541,0.11044877022504807,0.9819999933242798,0.7908999919891357
YJL190C,YBR012W-B,0,-8.807726,0.110436350107193,0.9819999933242798,0.7910000085830688
YJL156C,YNL284C-B,0,-8.807899,0.11042392998933792,0.9819999933242798,0.791100025177002
YPL267W,YLR427W,0,-8.807992,0.11041150987148285,0.9819999933242798,0.7911999821662903
YNL232W,YDR160W,0,-8.808416,0.11039909720420837,0.9819999933242798,0.7912999987602234
YKL186C,YDR484W,0,-8.8094635,0.1103866919875145,0.9819999933242798,0.7914000153541565
YKL026C,YPL176C,0,-8.809848,0.11037428677082062,0.9819999933242798,0.7914999723434448
YBR250W,YNL025C,0,-8.809921,0.11036188155412674,0.9819999933242798,0.7915999889373779
YEL013W,YHR048W,0,-8.810249,0.11034947633743286,0.9819999933242798,0.791700005531311
YIR028W,YOL103W-B,0,-8.810354,0.11033707857131958,0.9819999933242798,0.7918000221252441
YIR009W,YGR027W-B,0,-8.810421,0.1103246808052063,0.9819999933242798,0.7918999791145325
YMR008C,YGR251W,0,-8.81048,0.11031229048967361,0.9819999933242798,0.7919999957084656
YLR088W,YDR261C-D,0,-8.810562,0.11029990017414093,0.9819999933242798,0.7921000123023987
YJL033W,YNL103W,0,-8.811032,0.11028750985860825,0.9819999933242798,0.7922000288963318
YFR040W,YPL243W,0,-8.81115,0.11027512699365616,0.9819999933242798,0.7922999858856201
YHL048W,YNL284C-B,0,-8.811459,0.11026274412870407,0.9819999933242798,0.7924000024795532
YPL057C,YKL028W,0,-8.811918,0.11025036126375198,0.9819999933242798,0.7925000190734863
YOR233W,YGR027W-A,0,-8.812341,0.1102379858493805,0.9819999933242798,0.7925999760627747
YDL207W,YGR109W-B,0,-8.812544,0.1102256178855896,0.9819999933242798,0.7926999926567078
YLR220W,YNL236W,0,-8.813246,0.11021324247121811,0.9819999933242798,0.7928000092506409
YJL060W,YLR227W-B,0,-8.813254,0.11020087450742722,0.9819999933242798,0.792900025844574
YPR030W,YGR027W-B,0,-8.813534,0.11018850654363632,0.9819999933242798,0.7929999828338623
YDL055C,YNL007C,0,-8.813709,0.11017614603042603,0.9819999933242798,0.7930999994277954
YNL073W,YOR192C-B,0,-8.814119,0.11016378551721573,0.9819999933242798,0.7932000160217285
YGR279C,YKL041W,0,-8.814536,0.11015143245458603,0.9819999933242798,0.7932999730110168
YDL159W,YDR146C,0,-8.815012,0.11013907939195633,0.9819999933242798,0.79339998960495
YIL079C,YKL017C,0,-8.815059,0.11012672632932663,0.9819999933242798,0.7935000061988831
YKR003W,YBL018C,0,-8.815268,0.11011437326669693,0.9819999933242798,0.7936000227928162
YNL271C,YOR343W-B,0,-8.815415,0.11010202765464783,0.9819999933242798,0.7936999797821045
YOR032C,YOR326W,0,-8.815477,0.11008968949317932,0.9819999933242798,0.7937999963760376
YKL120W,YML085C,0,-8.816051,0.11007734388113022,0.9819999933242798,0.7939000129699707
YNL156C,YFL037W,0,-8.816608,0.11006500571966171,0.9819999933242798,0.7940000295639038
YAR002C-A,YGR027W-B,0,-8.816868,0.1100526750087738,0.9819999933242798,0.7940999865531921
YDR065W,YGR027W-B,0,-8.81707,0.1100403442978859,0.9819999933242798,0.7942000031471252
YJR108W,YGL246C,0,-8.817411,0.11002801358699799,0.9819999933242798,0.7943000197410583
YPL097W,YGR152C,0,-8.817564,0.11001568287611008,0.9819999933242798,0.7943999767303467
YDR389W,YGR109W-B,0,-8.817585,0.11000335961580276,0.9819999933242798,0.7944999933242798
YHR050W,YGL243W,0,-8.8176985,0.10999103635549545,0.9819999933242798,0.7946000099182129
YJL187C,YGL249W,0,-8.817759,0.10997872054576874,0.9819999933242798,0.794700026512146
YDR437W,YNL313C,0,-8.817984,0.10996640473604202,0.9819999933242798,0.7947999835014343
YLR397C,YDR261C-D,0,-8.818033,0.10995408892631531,0.9819999933242798,0.7949000000953674
YOR368W,YDR098C-B,0,-8.818108,0.10994178056716919,0.9819999933242798,0.7950000166893005
YPL259C,YJL143W,0,-8.818115,0.10992947220802307,0.9819999933242798,0.7950999736785889
YKR083C,YDR513W,0,-8.81816,0.10991717129945755,0.9819999933242798,0.795199990272522
YJR057W,YDR210C-D,0,-8.818329,0.10990487039089203,0.9819999933242798,0.7953000068664551
YGR075C,YIL023C,0,-8.81865,0.10989256948232651,0.9819999933242798,0.7954000234603882
YER168C,YLR183C,0,-8.818735,0.10988027602434158,0.9819999933242798,0.7954999804496765
YDR281C,YDR164C,0,-8.819258,0.10986798256635666,0.9819999933242798,0.7955999970436096
YOR136W,YOR194C,0,-8.81935,0.10985568910837173,0.9819999933242798,0.7957000136375427
YAR031W,YNL047C,0,-8.819353,0.10984340310096741,0.9819999933242798,0.795799970626831
YNL159C,YOR265W,0,-8.819549,0.10983111709356308,0.9819999933242798,0.7958999872207642
YDR179C,YLR227W-A,0,-8.819799,0.10981883108615875,0.9819999933242798,0.7960000038146973
YMR006C,YPL257W-B,0,-8.820146,0.10980655252933502,0.9819999933242798,0.7961000204086304
YOR182C,YDR210W-A,0,-8.8202,0.10979427397251129,0.9819999933242798,0.7961999773979187
YBR158W,YLR157C-B,0,-8.820266,0.10978200286626816,0.9819999933242798,0.7962999939918518
YHL034C,YPL257W-A,0,-8.820357,0.10976973176002502,0.9819999933242798,0.7964000105857849
YPR168W,YPR158C-D,0,-8.820778,0.10975746065378189,0.9819999933242798,0.796500027179718
YGL236C,YGR048W,0,-8.82156,0.10974519699811935,0.9819999933242798,0.7965999841690063
YOR004W,YLR410W-A,0,-8.8216095,0.10973293334245682,0.9819999933242798,0.7967000007629395
YGR080W,YPL257W-A,0,-8.821619,0.10972066968679428,0.9819999933242798,0.7968000173568726
YLR013W,YGR057C,0,-8.821647,0.10970841348171234,0.9819999933242798,0.7968999743461609
YOL008W,YOL103W-B,0,-8.821693,0.1096961572766304,0.9819999933242798,0.796999990940094
YNR058W,YOR195W,0,-8.822256,0.10968390852212906,0.9819999933242798,0.7971000075340271
YLR020C,YGR161C-D,0,-8.822653,0.10967165231704712,0.9819999933242798,0.7972000241279602
YPL049C,YNL284C-B,0,-8.822763,0.10965941101312637,0.9819999933242798,0.7972999811172485
YBL099W,YML121W,0,-8.823233,0.10964716225862503,0.9819999933242798,0.7973999977111816
YER012W,YMR127C,0,-8.823713,0.10963492095470428,0.9819999933242798,0.7975000143051147
YAL023C,YDR365W-A,0,-8.823843,0.10962268710136414,0.9819999933242798,0.7975999712944031
YGL200C,YDR365W-A,0,-8.823944,0.10961044579744339,0.9819999933242798,0.7976999878883362
YKL135C,YOR348C,0,-8.824414,0.10959821194410324,0.9819999933242798,0.7978000044822693
YML085C,YDR261W-B,0,-8.824604,0.10958598554134369,0.9819999933242798,0.7979000210762024
YNL090W,YDR261C-C,0,-8.824743,0.10957375913858414,0.9819999933242798,0.7979999780654907
YDL118W,YDR316W-A,0,-8.825005,0.10956153273582458,0.9819999933242798,0.7980999946594238
YNL113W,YDR365W-A,0,-8.825147,0.10954930633306503,0.9819999933242798,0.7982000112533569
YLR354C,YGR281W,0,-8.825281,0.10953708738088608,0.9819999933242798,0.79830002784729
YNL113W,YDR210W-A,0,-8.82535,0.10952486842870712,0.9819999933242798,0.7983999848365784
YPR131C,YDR422C,0,-8.82536,0.10951265692710876,0.9819999933242798,0.7985000014305115
YKL135C,YML074C,0,-8.825364,0.1095004454255104,0.9819999933242798,0.7986000180244446
YLR214W,YMR030W,0,-8.826122,0.10948823392391205,0.9819999933242798,0.7986999750137329
YDR120C,YGR161C-C,0,-8.826176,0.10947602987289429,0.9819999933242798,0.798799991607666
YMR319C,YJR066W,0,-8.826444,0.10946382582187653,0.9819999933242798,0.7989000082015991
YDR518W,YOR007C,0,-8.826711,0.10945162922143936,0.9819999933242798,0.7990000247955322
YOR178C,YDR210W-A,0,-8.827019,0.1094394326210022,0.9819999933242798,0.7990999817848206
YJL059W,YGR272C,0,-8.827264,0.10942723602056503,0.9819999933242798,0.7991999983787537
YNL199C,YOL044W,0,-8.827515,0.10941503942012787,0.9819999933242798,0.7993000149726868
YDR123C,YJR021C,0,-8.827764,0.1094028502702713,0.9819999933242798,0.7993999719619751
YJR125C,YLR227W-B,0,-8.828032,0.10939066857099533,0.9819999933242798,0.7994999885559082
YGL210W,YDR210C-D,0,-8.82826,0.10937847942113876,0.9819999933242798,0.7996000051498413
YBL051C,YLR227W-A,0,-8.828312,0.10936629772186279,0.9819999933242798,0.7997000217437744
YBR080C,YGR027W-A,0,-8.828705,0.10935412347316742,0.9819999933242798,0.7997999787330627
YLR098C,YNL054W-B,0,-8.828782,0.10934194177389145,0.9819999933242798,0.7998999953269958
YLR113W,YPR158W-B,0,-8.828808,0.10932976752519608,0.9819999933242798,0.800000011920929
YLR098C,YLR275W,0,-8.828869,0.1093176007270813,0.9819999933242798,0.8001000285148621
YHR118C,YMR087W,0,-8.829414,0.10930543392896652,0.9819999933242798,0.8001999855041504
YPR164W,YLR227W-A,0,-8.829641,0.10929326713085175,0.9819999933242798,0.8003000020980835
YPR176C,YGR027W-B,0,-8.829657,0.10928110033273697,0.9819999933242798,0.8004000186920166
YNL046W,YNL054W-B,0,-8.829721,0.10926894098520279,0.9819999933242798,0.8004999756813049
YER151C,YDR210W-A,0,-8.829722,0.1092567890882492,0.9819999933242798,0.800599992275238
YOR032C,YIL051C,0,-8.829863,0.10924462974071503,0.9819999933242798,0.8007000088691711
YBR202W,YGR161C-C,0,-8.829947,0.10923247784376144,0.9819999933242798,0.8008000254631042
YLR385C,YOR343W-A,0,-8.830085,0.10922033339738846,0.9819999933242798,0.8008999824523926
YPR037C,YDR210W-A,0,-8.830115,0.10920818150043488,0.9819999933242798,0.8009999990463257
YOR308C,YDR261C-D,0,-8.830122,0.10919604450464249,0.9819999933242798,0.8011000156402588
YKR014C,YHR214C-C,0,-8.830193,0.1091839000582695,0.9819999933242798,0.8011999726295471
YCR089W,YPL060C-A,0,-8.830223,0.10917176306247711,0.9819999933242798,0.8012999892234802
YPL051W,YHR214C-C,0,-8.830254,0.10915962606668472,0.9819999933242798,0.8014000058174133
YGL209W,YOR343W-A,0,-8.830562,0.10914749652147293,0.9819999933242798,0.8015000224113464
YKL026C,YDR261W-A,0,-8.830577,0.10913536697626114,0.9819999933242798,0.8015999794006348
YBL045C,YDR210C-D,0,-8.830976,0.10912323743104935,0.9819999933242798,0.8016999959945679
YKL185W,YGR161W-A,0,-8.831022,0.10911110788583755,0.9819999933242798,0.801800012588501
YBL015W,YNL031C,0,-8.831188,0.10909898579120636,0.9819999933242798,0.8019000291824341
YGR009C,YGR161W-A,0,-8.831253,0.10908687114715576,0.9819999933242798,0.8019999861717224
YER148W,YJR046W,0,-8.831283,0.10907475650310516,0.9819999933242798,0.8021000027656555
YDL244W,YDR365W-A,0,-8.831491,0.10906264185905457,0.9819999933242798,0.8022000193595886
YNL287W,YKL006C-A,0,-8.831561,0.10905052721500397,0.9819999933242798,0.802299976348877
YOR388C,YGR118W,0,-8.831562,0.10903842002153397,0.9819999933242798,0.8023999929428101
YNL166C,YDR365W-A,0,-8.831692,0.10902631282806396,0.9819999933242798,0.8025000095367432
YKR022C,YDR365W-A,0,-8.831959,0.10901421308517456,0.9819999933242798,0.8026000261306763
YDR113C,YOR192C-A,0,-8.832127,0.10900210589170456,0.9819999933242798,0.8026999831199646
YGR254W,YLR157C-B,0,-8.832155,0.10899001359939575,0.9819999933242798,0.8027999997138977
YPL020C,YDR261W-B,0,-8.832197,0.10897791385650635,0.9819999933242798,0.8029000163078308
YLR266C,YDR261W-A,0,-8.832328,0.10896582156419754,0.9819999933242798,0.8029999732971191
YOR067C,YLR227W-B,0,-8.83234,0.10895373672246933,0.9819999933242798,0.8030999898910522
YGL200C,YNL250W,0,-8.832592,0.10894164443016052,0.9819999933242798,0.8032000064849854
YDR137W,YHR214C-C,0,-8.832621,0.10892955958843231,0.9819999933242798,0.8033000230789185
YOR110W,YDR210W-B,0,-8.832771,0.1089174821972847,0.9819999933242798,0.8033999800682068
YGL232W,YPR158W-B,0,-8.832776,0.10890539735555649,0.9819999933242798,0.8034999966621399
YJL112W,YDR261C-C,0,-8.8327875,0.10889332741498947,0.9819999933242798,0.803600013256073
YPR007C,YOR229W,0,-8.832827,0.10888125002384186,0.9819999933242798,0.8036999702453613
YCR020C-A,YNL054W-B,0,-8.832901,0.10886918008327484,0.9819999933242798,0.8037999868392944
YBR020W,YLR227W-A,0,-8.833012,0.10885711014270782,0.9819999933242798,0.8039000034332275
YGL153W,YBR093C,0,-8.833044,0.1088450476527214,0.9819999933242798,0.8040000200271606
YJL003W,YBL023C,0,-8.833064,0.10883298516273499,0.9819999933242798,0.804099977016449
YPL139C,YPR137C-B,0,-8.833091,0.10882092267274857,0.9819999933242798,0.8041999936103821
YHR115C,YHL009W-B,0,-8.833097,0.10880886763334274,0.9819999933242798,0.8043000102043152
YOR372C,YGR161W-B,0,-8.833134,0.10879681259393692,0.9819999933242798,0.8044000267982483
YGL116W,YPL257W-B,0,-8.8331375,0.1087847575545311,0.9819999933242798,0.8044999837875366
YOR308C,YGR161C-C,0,-8.833165,0.10877270996570587,0.9819999933242798,0.8046000003814697
YBR297W,YPR158W-B,0,-8.833204,0.10876066237688065,0.9819999933242798,0.8047000169754028
YER183C,YDR261W-A,0,-8.833218,0.10874861478805542,0.9819999933242798,0.8047999739646912
YDR261W-B,YIL082W-A,0,-8.833245,0.10873657464981079,0.9819999933242798,0.8048999905586243
YGR270W,YPL257W-B,0,-8.833257,0.10872453451156616,0.9819999933242798,0.8050000071525574
YCR073C,YPR158C-C,0,-8.833273,0.10871250182390213,0.9819999933242798,0.8051000237464905
YDR365W-A,YMR051C,0,-8.8333,0.1087004616856575,0.9819999933242798,0.8051999807357788
YDR447C,YBR012W-A,0,-8.833325,0.10868843644857407,0.9819999933242798,0.8052999973297119
YNL293W,YOR192C-A,0,-8.833331,0.10867640376091003,0.9819999933242798,0.805400013923645
YDR210C-D,YGR161W-A,0,-8.833384,0.1086643785238266,0.9819999933242798,0.8054999709129333
YDR392W,YDR261W-A,0,-8.833402,0.10865235328674316,0.9819999933242798,0.8055999875068665
YJL003W,YPL130W,0,-8.834531,0.10864033550024033,0.9819999933242798,0.8057000041007996
YER045C,YPR093C,0,-8.8347,0.10862831771373749,0.9819999933242798,0.8058000206947327
YOL033W,YPR186C,0,-8.834777,0.10861629992723465,0.9819999933242798,0.805899977684021
YNL133C,YOL091W,0,-8.834909,0.10860428959131241,0.9819999933242798,0.8059999942779541
YOR067C,YKL129C,0,-8.835245,0.10859227925539017,0.9819999933242798,0.8061000108718872
YKL084W,YML059C,0,-8.836532,0.10858027637004852,0.9819999933242798,0.8062000274658203
YDR272W,YER149C,0,-8.836539,0.10856827348470688,0.9819999933242798,0.8062999844551086
YLR047C,YFL059W,0,-8.836679,0.10855627059936523,0.9819999933242798,0.8064000010490417
YFL022C,YPL096W,0,-8.8370495,0.10854426771402359,0.9819999933242798,0.8065000176429749
YNL309W,YBL055C,0,-8.838051,0.10853227227926254,0.9819999933242798,0.8065999746322632
YPR121W,YKR020W,0,-8.838257,0.1085202768445015,0.9819999933242798,0.8066999912261963
YIR037W,YMR095C,0,-8.838409,0.10850828886032104,0.9819999933242798,0.8068000078201294
YHR074W,YKR028W,0,-8.838852,0.1084963008761406,0.9819999933242798,0.8069000244140625
YPR007C,YLR071C,0,-8.8393955,0.10848431289196014,0.9819999933242798,0.8069999814033508
YNL330C,YOR313C,0,-8.839758,0.10847233235836029,0.9819999933242798,0.8070999979972839
YDL004W,YER145C,0,-8.840319,0.10846035182476044,0.9819999933242798,0.807200014591217
YDR118W,YGR121C,0,-8.840533,0.10844837129116058,0.9819999933242798,0.8072999715805054
YIL160C,YOR191W,0,-8.84072,0.10843639820814133,0.9819999933242798,0.8073999881744385
YDL093W,YGR046W,0,-8.841629,0.10842442512512207,0.9819999933242798,0.8075000047683716
YNL072W,YMR293C,0,-8.842447,0.10841245204210281,0.9819999933242798,0.8076000213623047
YOR191W,YOR297C,0,-8.843939,0.10840048640966415,0.9819999933242798,0.807699978351593
YGR029W,YCR027C,0,-8.844327,0.1083885207772255,0.9819999933242798,0.8077999949455261
YER125W,YDR429C,0,-8.844463,0.10837656259536743,0.9819999933242798,0.8079000115394592
YJR021C,YEL002C,0,-8.845055,0.10836459696292877,0.9819999933242798,0.8080000281333923
YMR164C,YKL130C,0,-8.8451805,0.1083526462316513,0.9819999933242798,0.8080999851226807
YIL079C,YPL048W,0,-8.845837,0.10834068804979324,0.9819999933242798,0.8082000017166138
YMR113W,YGR078C,0,-8.846895,0.10832873731851578,0.9819999933242798,0.8083000183105469
YDL188C,YPR010C,0,-8.8471155,0.10831678658723831,0.9819999933242798,0.8083999752998352
YDL069C,YNL325C,0,-8.847191,0.10830484330654144,0.9819999933242798,0.8084999918937683
YOL011W,YMR260C,0,-8.848049,0.10829290002584457,0.9819999933242798,0.8086000084877014
YNR058W,YBR170C,0,-8.84853,0.1082809567451477,0.9819999933242798,0.8087000250816345
YCL052C,YOR328W,0,-8.849438,0.10826902091503143,0.9819999933242798,0.8087999820709229
YJR119C,YMR273C,0,-8.849787,0.10825708508491516,0.9819999933242798,0.808899998664856
YLR044C,YAR031W,0,-8.849974,0.10824514925479889,0.9819999933242798,0.8090000152587891
YIL115C,YKL134C,0,-8.850614,0.10823322087526321,0.9819999933242798,0.8090999722480774
YPL271W,YCR033W,0,-8.8507,0.10822129249572754,0.9819999933242798,0.8091999888420105
YMR208W,YHR118C,0,-8.851203,0.10820936411619186,0.9819999933242798,0.8093000054359436
YGL236C,YNL257C,0,-8.851698,0.10819744318723679,0.9819999933242798,0.8094000220298767
YDL174C,YGL063W,0,-8.852446,0.10818552225828171,0.9819999933242798,0.809499979019165
YBR042C,YHR008C,0,-8.852536,0.10817360877990723,0.9819999933242798,0.8095999956130981
YKL185W,YEL026W,0,-8.853596,0.10816169530153275,0.9819999933242798,0.8097000122070312
YER030W,YER103W,0,-8.853689,0.10814978182315826,0.9819999933242798,0.8098000288009644
YJL005W,YKL089W,0,-8.853857,0.10813786834478378,0.9819999933242798,0.8098999857902527
YDL209C,YMR096W,0,-8.854006,0.1081259623169899,0.9819999933242798,0.8100000023841858
YJR057W,YGR077C,0,-8.854494,0.10811405628919601,0.9819999933242798,0.8101000189781189
YLR368W,YJR009C,0,-8.855153,0.10810215771198273,0.9819999933242798,0.8101999759674072
YBR118W,YPL203W,0,-8.855238,0.10809025913476944,0.9819999933242798,0.8102999925613403
YOR204W,YJR021C,0,-8.85528,0.10807836055755615,0.9819999933242798,0.8104000091552734
YKL051W,YEL002C,0,-8.855327,0.10806646943092346,0.9819999933242798,0.8105000257492065
YLR109W,YNL221C,0,-8.855825,0.10805457830429077,0.9819999933242798,0.8105999827384949
YNR060W,YDL081C,0,-8.856737,0.10804268717765808,0.9819999933242798,0.810699999332428
YGR286C,YJL141C,0,-8.856987,0.10803080350160599,0.9819999933242798,0.8108000159263611
YOL086C,YLR163C,0,-8.857446,0.1080189198255539,0.9819999933242798,0.8108999729156494
YOL033W,YOR363C,0,-8.857557,0.1080070361495018,0.9819999933242798,0.8109999895095825
YGL090W,YDR150W,0,-8.8581505,0.1079951599240303,0.9819999933242798,0.8111000061035156
YKR087C,YPL237W,0,-8.858504,0.10798328369855881,0.9819999933242798,0.8112000226974487
YDL085W,YGR275W,0,-8.858922,0.10797141492366791,0.9819999933242798,0.8112999796867371
YBR202W,YIL153W,0,-8.859539,0.10795954614877701,0.9819999933242798,0.8113999962806702
YBR244W,YNL246W,0,-8.859542,0.10794767737388611,0.9819999933242798,0.8115000128746033
YDR106W,YLR438C-A,0,-8.859652,0.10793580859899521,0.9819999933242798,0.8116000294685364
YOL151W,YDL244W,0,-8.859659,0.1079239472746849,0.9819999933242798,0.8116999864578247
YHL047C,YER166W,0,-8.859783,0.1079120859503746,0.9819999933242798,0.8118000030517578
YDR141C,YGR166W,0,-8.859934,0.1079002320766449,0.9819999933242798,0.8119000196456909
YKL114C,YDR470C,0,-8.860306,0.10788837820291519,0.9819999933242798,0.8119999766349792
YDL198C,YGR072W,0,-8.860674,0.10787652432918549,0.9819999933242798,0.8120999932289124
YHR013C,YCR098C,0,-8.861546,0.10786467790603638,0.9819999933242798,0.8122000098228455
YDL024C,YFL026W,0,-8.861916,0.10785283148288727,0.9819999933242798,0.8123000264167786
YKL004W,YMR113W,0,-8.862281,0.10784098505973816,0.9819999933242798,0.8123999834060669
YOR004W,YLR386W,0,-8.862674,0.10782914608716965,0.9819999933242798,0.8125
YML077W,YLL027W,0,-8.862992,0.10781730711460114,0.9819999933242798,0.8126000165939331
YML051W,YAR031W,0,-8.863397,0.10780546814203262,0.9819999933242798,0.8126999735832214
YNL257C,YOR338W,0,-8.863483,0.10779363662004471,0.9819999933242798,0.8127999901771545
YGL063W,YMR200W,0,-8.863984,0.1077818050980568,0.9819999933242798,0.8129000067710876
YJR050W,YMR125W,0,-8.865019,0.10776997357606888,0.9819999933242798,0.8130000233650208
YDL174C,YGR213C,0,-8.865082,0.10775814950466156,0.9819999933242798,0.8130999803543091
YPL195W,YPL058C,0,-8.865298,0.10774632543325424,0.9819999933242798,0.8131999969482422
YPL135W,YLR033W,0,-8.865307,0.10773450136184692,0.9819999933242798,0.8133000135421753
YNR057C,YHR079C-A,0,-8.866244,0.1077226847410202,0.9819999933242798,0.8133999705314636
YER172C,YLR233C,0,-8.866355,0.10771086812019348,0.9819999933242798,0.8134999871253967
YFL055W,YGR206W,0,-8.86693,0.10769905894994736,0.9819999933242798,0.8136000037193298
YOL165C,YGL061C,0,-8.867099,0.10768724977970123,0.9819999933242798,0.8137000203132629
YDR516C,YPL019C,0,-8.867477,0.10767544060945511,0.9819999933242798,0.8137999773025513
YKR052C,YDR450W,0,-8.867602,0.10766363143920898,0.9819999933242798,0.8138999938964844
YGL086W,YML091C,0,-8.86775,0.10765182971954346,0.9819999933242798,0.8140000104904175
YNL278W,YER054C,0,-8.868298,0.10764002799987793,0.9819999933242798,0.8141000270843506
YEL036C,YNR072W,0,-8.868306,0.107628233730793,0.9819999933242798,0.8141999840736389
YFR036W,YPR167C,0,-8.868654,0.10761643946170807,0.9819999933242798,0.814300000667572
YNL156C,YMR190C,0,-8.869209,0.10760464519262314,0.9819999933242798,0.8144000172615051
YLR220W,YGL039W,0,-8.869371,0.1075928583741188,0.9819999933242798,0.8144999742507935
YPL096W,YHR196W,0,-8.869665,0.10758107155561447,0.9819999933242798,0.8145999908447266
YER122C,YOR032C,0,-8.869673,0.10756928473711014,0.9819999933242798,0.8147000074386597
YCL061C,YML016C,0,-8.869826,0.1075575053691864,0.9819999933242798,0.8148000240325928
YPL156C,YKR014C,0,-8.870515,0.10754572600126266,0.9819999933242798,0.8148999810218811
YDR265W,YDL229W,0,-8.872894,0.10753394663333893,0.9819999933242798,0.8149999976158142
YAL017W,YEL050C,0,-8.873652,0.10752217471599579,0.9819999933242798,0.8151000142097473
YNL333W,YNL283C,0,-8.87373,0.10751040279865265,0.9819999933242798,0.8151999711990356
YHR133C,YPL176C,0,-8.873927,0.10749863088130951,0.9819999933242798,0.8152999877929688
YPR031W,YLR119W,0,-8.873994,0.10748686641454697,0.9819999933242798,0.8154000043869019
YKR083C,YOL071W,0,-8.874025,0.10747510194778442,0.9819999933242798,0.815500020980835
YLR342W,YDR285W,0,-8.874336,0.10746333748102188,0.9819999933242798,0.8155999779701233
YGL187C,YBR250W,0,-8.87435,0.10745158046483994,0.9819999933242798,0.8156999945640564
YKR057W,YKL020C,0,-8.874746,0.10743982344865799,0.9819999933242798,0.8158000111579895
YGL017W,YDL245C,0,-8.87718,0.10742807388305664,0.9819999933242798,0.8159000277519226
YAL024C,YPR161C,0,-8.877768,0.1074163168668747,0.9819999933242798,0.8159999847412109
YPL271W,YBR290W,0,-8.877854,0.10740457475185394,0.9819999933242798,0.816100001335144
YGL153W,YOR361C,0,-8.877898,0.1073928251862526,0.9819999933242798,0.8162000179290771
YOL095C,YNL216W,0,-8.878389,0.10738108307123184,0.9819999933242798,0.8162999749183655
YDL247W,YDR382W,0,-8.878456,0.10736934095621109,0.9819999933242798,0.8163999915122986
YBR035C,YCL010C,0,-8.878458,0.10735760629177094,0.9819999933242798,0.8165000081062317
YBR193C,YOL006C,0,-8.878981,0.10734587162733078,0.9819999933242798,0.8166000247001648
YDR421W,YDR292C,0,-8.879508,0.10733413696289062,0.9819999933242798,0.8166999816894531
YGR253C,YHL007C,0,-8.879885,0.10732240229845047,0.9819999933242798,0.8167999982833862
YPL194W,YPR008W,0,-8.880359,0.10731067508459091,0.9819999933242798,0.8169000148773193
YFL056C,YOR305W,0,-8.881057,0.10729894787073135,0.9819999933242798,0.8169999718666077
YPL086C,YPL167C,0,-8.881168,0.10728722810745239,0.9819999933242798,0.8170999884605408
YPL095C,YDR419W,0,-8.881306,0.10727550834417343,0.9819999933242798,0.8172000050544739
YGR231C,YNL201C,0,-8.881729,0.10726378858089447,0.9819999933242798,0.817300021648407
YOL016C,YMR015C,0,-8.88184,0.1072520762681961,0.9819999933242798,0.8173999786376953
YNL059C,YJL106W,0,-8.882192,0.10724036395549774,0.9819999933242798,0.8174999952316284
YDR073W,YOR297C,0,-8.88244,0.10722865164279938,0.9819999933242798,0.8176000118255615
YBL079W,YJR156C,0,-8.8833065,0.10721694678068161,0.9819999933242798,0.8177000284194946
YKR054C,YMR204C,0,-8.883669,0.10720524191856384,0.9819999933242798,0.817799985408783
YHL024W,YKL108W,0,-8.883762,0.10719353705644608,0.9819999933242798,0.8179000020027161
YPL195W,YKL099C,0,-8.884043,0.1071818396449089,0.9819999933242798,0.8180000185966492
YJR001W,YBL024W,0,-8.885439,0.10717014223337173,0.9819999933242798,0.8180999755859375
YDR171W,YBR276C,0,-8.885471,0.10715844482183456,0.9819999933242798,0.8181999921798706
YHR190W,YMR236W,0,-8.885519,0.10714675486087799,0.9819999933242798,0.8183000087738037
YDR461W,YER162C,0,-8.885571,0.10713506489992142,0.9819999933242798,0.8184000253677368
YMR014W,YMR096W,0,-8.885857,0.10712337493896484,0.9819999933242798,0.8184999823570251
YLR210W,YGL025C,0,-8.885862,0.10711169242858887,0.9819999933242798,0.8185999989509583
YIL052C,YBL007C,0,-8.886713,0.10710000991821289,0.9819999933242798,0.8187000155448914
YCR088W,YGL054C,0,-8.887274,0.10708833485841751,0.9819999933242798,0.8187999725341797
YKL084W,YGL216W,0,-8.887448,0.10707665234804153,0.9819999933242798,0.8188999891281128
YBR106W,YIL167W,0,-8.887595,0.10706497728824615,0.9819999933242798,0.8190000057220459
YJR025C,YFR036W,0,-8.887634,0.10705330967903137,0.9819999933242798,0.819100022315979
YHL003C,YLR084C,0,-8.887733,0.10704164206981659,0.9819999933242798,0.8191999793052673
YDL236W,YNR047W,0,-8.888046,0.1070299744606018,0.9819999933242798,0.8192999958992004
YHR165C,YPL120W,0,-8.888677,0.10701830685138702,0.9819999933242798,0.8194000124931335
YMR135C,YCR071C,0,-8.888901,0.10700664669275284,0.9819999933242798,0.8195000290870667
YBR036C,YGL216W,0,-8.890316,0.10699498653411865,0.9819999933242798,0.819599986076355
YOL003C,YNL299W,0,-8.890385,0.10698333382606506,0.9819999933242798,0.8197000026702881
YPR021C,YBL097W,0,-8.892989,0.10697168111801147,0.9819999933242798,0.8198000192642212
YER062C,YDR409W,0,-8.893459,0.10696002840995789,0.9819999933242798,0.8198999762535095
YDL161W,YPL089C,0,-8.893475,0.1069483757019043,0.9819999933242798,0.8199999928474426
YHR148W,YOL109W,0,-8.8934965,0.1069367304444313,0.9819999933242798,0.8201000094413757
YOR288C,YDL105W,0,-8.894813,0.10692508518695831,0.9819999933242798,0.8202000260353088
YLR382C,YML043C,0,-8.895384,0.10691344738006592,0.9819999933242798,0.8202999830245972
YOR136W,YCR073C,0,-8.896645,0.10690180957317352,0.9819999933242798,0.8203999996185303
YER143W,YPL047W,0,-8.89699,0.10689017176628113,0.9819999933242798,0.8205000162124634
YDR363W,YGL205W,0,-8.897816,0.10687853395938873,0.9819999933242798,0.8205999732017517
YDL039C,YOR275C,0,-8.899145,0.10686690360307693,0.9819999933242798,0.8206999897956848
YML116W,YMR202W,0,-8.899253,0.10685528069734573,0.9819999933242798,0.8208000063896179
YNL159C,YNL126W,0,-8.900383,0.10684365034103394,0.9819999933242798,0.820900022983551
YOR026W,YKL126W,0,-8.901544,0.10683202743530273,0.9819999933242798,0.8209999799728394
YBL008W,YHR139C,0,-8.902063,0.10682040452957153,0.9819999933242798,0.8210999965667725
YDR284C,YDR416W,0,-8.903118,0.10680878907442093,0.9819999933242798,0.8212000131607056
YGL133W,YCL017C,0,-8.903191,0.10679717361927032,0.9819999933242798,0.8213000297546387
YIL072W,YML027W,0,-8.903624,0.10678555816411972,0.9819999933242798,0.821399986743927
YNL221C,YER021W,0,-8.903734,0.10677395015954971,0.9819999933242798,0.8215000033378601
YPL089C,YLL021W,0,-8.90414,0.1067623421549797,0.9819999933242798,0.8216000199317932
YLR254C,YBR154C,0,-8.904634,0.1067507341504097,0.9819999933242798,0.8216999769210815
YCL044C,YOL097C,0,-8.904683,0.10673913359642029,0.9819999933242798,0.8217999935150146
YLR310C,YDR503C,0,-8.904863,0.10672753304243088,0.9819999933242798,0.8219000101089478
YLR109W,YOL028C,0,-8.904868,0.10671593248844147,0.9819999933242798,0.8220000267028809
YLR231C,YNL261W,0,-8.905268,0.10670433193445206,0.9819999933242798,0.8220999836921692
YNL062C,YBL022C,0,-8.905403,0.10669273883104324,0.9819999933242798,0.8222000002861023
YIR025W,YKR057W,0,-8.905928,0.10668115317821503,0.9819999933242798,0.8223000168800354
YDR216W,YEL056W,0,-8.906621,0.10666956007480621,0.9819999933242798,0.8223999738693237
YIL035C,YEL066W,0,-8.906995,0.106657974421978,0.9819999933242798,0.8224999904632568
YOL082W,YLL013C,0,-8.907331,0.10664639621973038,0.9819999933242798,0.8226000070571899
YBR042C,YDR322C-A,0,-8.907562,0.10663481056690216,0.9819999933242798,0.822700023651123
YDR251W,YHR139C,0,-8.907626,0.10662323236465454,0.9819999933242798,0.8227999806404114
YML016C,YML124C,0,-8.907848,0.10661166161298752,0.9819999933242798,0.8228999972343445
YHR096C,YBR279W,0,-8.908054,0.1066000834107399,0.9819999933242798,0.8230000138282776
YIL035C,YLR013W,0,-8.908059,0.10658851265907288,0.9819999933242798,0.8230999708175659
YER159C,YHR043C,0,-8.908274,0.10657694935798645,0.9819999933242798,0.823199987411499
YLR229C,YDR247W,0,-8.908905,0.10656538605690002,0.9819999933242798,0.8233000040054321
YER095W,YDR170C,0,-8.909308,0.1065538227558136,0.9819999933242798,0.8234000205993652
YAL021C,YDR424C,0,-8.910314,0.10654225945472717,0.9819999933242798,0.8234999775886536
YNL332W,YJL087C,0,-8.911116,0.10653070360422134,0.9819999933242798,0.8235999941825867
YML115C,YML027W,0,-8.911666,0.10651914775371552,0.9819999933242798,0.8237000107765198
YGL021W,YMR030W,0,-8.91176,0.10650759190320969,0.9819999933242798,0.8238000273704529
YGR264C,YLR132C,0,-8.912382,0.10649604350328445,0.9819999933242798,0.8238999843597412
YHL003C,YGR253C,0,-8.912425,0.10648449510335922,0.9819999933242798,0.8240000009536743
YBR244W,YER024W,0,-8.913144,0.10647294670343399,0.9819999933242798,0.8241000175476074
YBL014C,YLR466W,0,-8.9138565,0.10646140575408936,0.9819999933242798,0.8241999745368958
YDR030C,YGL135W,0,-8.914323,0.10644986480474472,0.9819999933242798,0.8242999911308289
YJR094C,YGR038W,0,-8.914873,0.10643832385540009,0.9819999933242798,0.824400007724762
YHL003C,YJR004C,0,-8.915288,0.10642679035663605,0.9819999933242798,0.8245000243186951
YBL075C,YML085C,0,-8.915426,0.10641525685787201,0.9819999933242798,0.8245999813079834
YGL097W,YMR087W,0,-8.915784,0.10640373080968857,0.9819999933242798,0.8246999979019165
YOR020C,YGR122W,0,-8.916054,0.10639219731092453,0.9819999933242798,0.8248000144958496
YEL066W,YGL253W,0,-8.91688,0.10638067126274109,0.9819999933242798,0.8248999714851379
YJL069C,YKL070W,0,-8.917892,0.10636915266513824,0.9819999933242798,0.824999988079071
YNR033W,YGR162W,0,-8.918257,0.1063576266169548,0.9819999933242798,0.8251000046730042
YNL029C,YDR314C,0,-8.918292,0.10634611546993256,0.9819999933242798,0.8252000212669373
YNL297C,YNL119W,0,-8.91849,0.10633459687232971,0.9819999933242798,0.8252999782562256
YLR433C,YNL012W,0,-8.91852,0.10632308572530746,0.9819999933242798,0.8253999948501587
YLR074C,YML027W,0,-8.91891,0.10631157457828522,0.9819999933242798,0.8255000114440918
YDR156W,YOL138C,0,-8.91922,0.10630006343126297,0.9819999933242798,0.8256000280380249
YPL022W,YHR070W,0,-8.919316,0.10628855973482132,0.9819999933242798,0.8256999850273132
YKL189W,YLR442C,0,-8.919403,0.10627705603837967,0.9819999933242798,0.8258000016212463
YJR084W,YKL014C,0,-8.919614,0.10626555234193802,0.9819999933242798,0.8259000182151794
YJR119C,YIR017C,0,-8.92004,0.10625405609607697,0.9819999933242798,0.8259999752044678
YDR343C,YMR182C,0,-8.920187,0.10624255985021591,0.9819999933242798,0.8260999917984009
YKL188C,YPR191W,0,-8.920673,0.10623107105493546,0.9819999933242798,0.826200008392334
YKR065C,YKL015W,0,-8.921124,0.1062195748090744,0.9819999933242798,0.8263000249862671
YJR002W,YIL017W,0,-8.923201,0.10620809346437454,0.9819999933242798,0.8263999819755554
YBL074C,YBL018C,0,-8.923371,0.10619660466909409,0.9819999933242798,0.8264999985694885
YHL019C,YKL178C,0,-8.923577,0.10618512332439423,0.9819999933242798,0.8266000151634216
YOR150W,YGL111W,1,-8.923622,0.10628175735473633,0.9829999804496765,0.8266000151634216
YDR182W,YPL135W,0,-8.923979,0.10627026855945587,0.9829999804496765,0.82669997215271
YLR013W,YDR513W,0,-8.924189,0.10625877976417542,0.9829999804496765,0.8267999887466431
YGR145W,YDR463W,0,-8.924257,0.10624729841947556,0.9829999804496765,0.8269000053405762
YKL129C,YMR182C,0,-8.924622,0.1062358170747757,0.9829999804496765,0.8270000219345093
YIL072W,YOR224C,0,-8.925104,0.10622433573007584,0.9829999804496765,0.8270999789237976
YER020W,YLR321C,0,-8.925546,0.10621285438537598,0.9829999804496765,0.8271999955177307
YDL161W,YKL113C,0,-8.926022,0.10620138049125671,0.9829999804496765,0.8273000121116638
YGL126W,YOR315W,0,-8.926173,0.10618991404771805,0.9829999804496765,0.8274000287055969
YCL059C,YBL022C,0,-8.926987,0.10617844015359879,0.9829999804496765,0.8274999856948853
YER045C,YPL046C,0,-8.9270315,0.10616697371006012,0.9829999804496765,0.8276000022888184
YOR275C,YAL047C,0,-8.927733,0.10615550726652145,0.9829999804496765,0.8277000188827515
YAL029C,YDL134C,0,-8.928284,0.10614404827356339,0.9829999804496765,0.8277999758720398
YFL050C,YGR074W,0,-8.928663,0.10613258183002472,0.9829999804496765,0.8278999924659729
YKL092C,YBL020W,0,-8.928841,0.10612113028764725,0.9829999804496765,0.828000009059906
YBR244W,YER127W,0,-8.92993,0.10610967129468918,0.9829999804496765,0.8281000256538391
YCR005C,YER166W,0,-8.930753,0.1060982197523117,0.9829999804496765,0.8281999826431274
YJR068W,YGR044C,0,-8.93097,0.10608676820993423,0.9829999804496765,0.8282999992370605
YHR007C,YKL154W,0,-8.931066,0.10607532411813736,0.9829999804496765,0.8284000158309937
YFL055W,YOR373W,0,-8.931386,0.10606387257575989,0.9829999804496765,0.828499972820282
YDR479C,YNL236W,0,-8.93211,0.10605243593454361,0.9829999804496765,0.8285999894142151
YOL076W,YFR033C,0,-8.932222,0.10604099184274673,0.9829999804496765,0.8287000060081482
YDR240C,YLR234W,0,-8.932358,0.10602955520153046,0.9829999804496765,0.8288000226020813
YPR021C,YEL020W-A,0,-8.932987,0.10601811856031418,0.9829999804496765,0.8288999795913696
YMR198W,YEL030W,0,-8.93312,0.1060066893696785,0.9829999804496765,0.8289999961853027
YER177W,YGR156W,0,-8.933451,0.10599525272846222,0.9829999804496765,0.8291000127792358
YOR211C,YMR239C,0,-8.933645,0.10598383098840714,0.9829999804496765,0.829200029373169
YNL291C,YOR130C,0,-8.93417,0.10597240179777145,0.9829999804496765,0.8292999863624573
YMR014W,YJR137C,0,-8.934208,0.10596098005771637,0.9829999804496765,0.8294000029563904
YDL102W,YDR490C,0,-8.9342785,0.10594955831766129,0.9829999804496765,0.8295000195503235
YLR201C,YAL047C,0,-8.934701,0.1059381365776062,0.9829999804496765,0.8295999765396118
YOR074C,YPR121W,0,-8.934963,0.10592672228813171,0.9829999804496765,0.8296999931335449
YPR183W,YOR003W,0,-8.935854,0.10591530799865723,0.9829999804496765,0.829800009727478
YOR316C,YLR183C,0,-8.935888,0.10590390115976334,0.9829999804496765,0.8299000263214111
YNL242W,YHR108W,0,-8.937095,0.10589249432086945,0.9829999804496765,0.8299999833106995
YNL082W,YJL045W,0,-8.937131,0.10588108748197556,0.9829999804496765,0.8300999999046326
YFR027W,YLR002C,0,-8.937422,0.10586968064308167,0.9829999804496765,0.8302000164985657
YAL020C,YDR183W,0,-8.937727,0.10585828125476837,0.9829999804496765,0.830299973487854
YOR056C,YDR487C,0,-8.9387245,0.10584688186645508,0.9829999804496765,0.8303999900817871
YLR155C,YPL112C,0,-8.939095,0.10583548992872238,0.9829999804496765,0.8305000066757202
YLL009C,YGR090W,0,-8.939564,0.10582409054040909,0.9829999804496765,0.8306000232696533
YML078W,YBR055C,0,-8.939625,0.10581269860267639,0.9829999804496765,0.8306999802589417
YCL035C,YLR234W,0,-8.9399185,0.10580131411552429,0.9829999804496765,0.8307999968528748
YHR096C,YLR354C,0,-8.940365,0.10578992962837219,0.9829999804496765,0.8309000134468079
YDR448W,YGL208W,0,-8.940734,0.10577854514122009,0.9829999804496765,0.8309999704360962
YPL170W,YOR308C,0,-8.941108,0.105767160654068,0.9829999804496765,0.8310999870300293
YBL015W,YMR299C,0,-8.941639,0.10575578361749649,0.9829999804496765,0.8312000036239624
YMR188C,YHR026W,0,-8.941706,0.10574440658092499,0.9829999804496765,0.8313000202178955
YDR323C,YMR210W,0,-8.941998,0.10573302954435349,0.9829999804496765,0.8313999772071838
YHR143W,YKR101W,0,-8.942254,0.10572165995836258,0.9829999804496765,0.8314999938011169
YGL136C,YPL089C,0,-8.942353,0.10571029037237167,0.9829999804496765,0.83160001039505
YER109C,YNL003C,0,-8.942448,0.10569892823696136,0.9829999804496765,0.8317000269889832
YJL092W,YML095C,0,-8.943644,0.10568755865097046,0.9829999804496765,0.8317999839782715
YDL243C,YER157W,0,-8.943863,0.10567619651556015,0.9829999804496765,0.8319000005722046
YDL231C,YIL016W,0,-8.944017,0.10566484183073044,0.9829999804496765,0.8320000171661377
YER109C,YBR294W,0,-8.944395,0.10565347969532013,0.9829999804496765,0.832099974155426
YPL233W,YIL160C,0,-8.945007,0.10564212501049042,0.9829999804496765,0.8321999907493591
YJR055W,YPR193C,0,-8.947088,0.1056307777762413,0.9829999804496765,0.8323000073432922
YAL031C,YKL006C-A,0,-8.947131,0.10561942309141159,0.9829999804496765,0.8324000239372253
YML110C,YGL209W,0,-8.947834,0.10560807585716248,0.9829999804496765,0.8324999809265137
YMR033W,YOR137C,0,-8.947878,0.10559673607349396,0.9829999804496765,0.8325999975204468
YMR042W,YPL161C,0,-8.947899,0.10558538883924484,0.9829999804496765,0.8327000141143799
YPR176C,YPR168W,0,-8.948464,0.10557404905557632,0.9829999804496765,0.8327999711036682
YLR201C,YDR285W,0,-8.949385,0.1055627167224884,0.9829999804496765,0.8328999876976013
YDR225W,YNL054W,0,-8.950371,0.10555137693881989,0.9829999804496765,0.8330000042915344
YJL063C,YBR170C,0,-8.950534,0.10554004460573196,0.9829999804496765,0.8331000208854675
YOR038C,YNL128W,0,-8.950737,0.10552871972322464,0.9829999804496765,0.8331999778747559
YEL022W,YLR079W,0,-8.950846,0.10551738739013672,0.9829999804496765,0.833299994468689
YIL044C,YBR250W,0,-8.95098,0.1055060625076294,0.9829999804496765,0.8334000110626221
YCL066W,YHR178W,0,-8.951379,0.10549474507570267,0.9829999804496765,0.8335000276565552
YGL174W,YGR109C,0,-8.951754,0.10548342019319534,0.9829999804496765,0.8335999846458435
YPR019W,YNL286W,0,-8.952178,0.10547210276126862,0.9829999804496765,0.8337000012397766
YKL182W,YDL043C,0,-8.952705,0.10546078532934189,0.9829999804496765,0.8338000178337097
YNR013C,YPL130W,0,-8.953352,0.10544947534799576,0.9829999804496765,0.833899974822998
YER042W,YMR093W,0,-8.954972,0.10543816536664963,0.9829999804496765,0.8339999914169312
YHR043C,YNL142W,0,-8.955303,0.1054268553853035,0.9829999804496765,0.8341000080108643
YGL158W,YKL108W,0,-8.955397,0.10541555285453796,0.9829999804496765,0.8342000246047974
YOR194C,YNL045W,0,-8.955626,0.10540424287319183,0.9829999804496765,0.8342999815940857
YMR211W,YMR322C,0,-8.956594,0.1053929477930069,0.9829999804496765,0.8343999981880188
YNL325C,YLR167W,0,-8.956747,0.10538164526224136,0.9829999804496765,0.8345000147819519
YJL125C,YMR179W,0,-8.957123,0.10537035018205643,0.9829999804496765,0.8345999717712402
YBR296C,YDR279W,0,-8.957843,0.10535905510187149,0.9829999804496765,0.8346999883651733
YLR228C,YPL002C,0,-8.958766,0.10534776747226715,0.9829999804496765,0.8348000049591064
YFR047C,YMR198W,0,-8.959263,0.10533647984266281,0.9829999804496765,0.8349000215530396
YPL231W,YNL007C,0,-8.959684,0.10532519221305847,0.9829999804496765,0.8349999785423279
YAR019C,YOL076W,0,-8.96055,0.10531390458345413,0.9829999804496765,0.835099995136261
YHR183W,YGR013W,0,-8.961788,0.10530262440443039,0.9829999804496765,0.8352000117301941
YPL160W,YKL002W,0,-8.961913,0.10529134422540665,0.9829999804496765,0.8353000283241272
YNL062C,YGL252C,0,-8.962258,0.1052800714969635,0.9829999804496765,0.8353999853134155
YOL151W,YBR118W,0,-8.962481,0.10526879131793976,0.9829999804496765,0.8355000019073486
YGR225W,YOR038C,0,-8.963522,0.10525751858949661,0.9829999804496765,0.8356000185012817
YLR324W,YOL034W,0,-8.964432,0.10524625331163406,0.9829999804496765,0.8356999754905701
YOL110W,YIL143C,0,-8.965084,0.10523498803377151,0.9829999804496765,0.8357999920845032
YFR014C,YDR212W,0,-8.9650955,0.10522372275590897,0.9829999804496765,0.8359000086784363
YJR044C,YNL247W,0,-8.96525,0.10521245747804642,0.9829999804496765,0.8360000252723694
YLR229C,YLR206W,0,-8.9652815,0.10520119965076447,0.9829999804496765,0.8360999822616577
YNL025C,YKR053C,0,-8.965893,0.10518994182348251,0.9829999804496765,0.8361999988555908
YMR213W,YMR164C,0,-8.967191,0.10517868399620056,0.9829999804496765,0.8363000154495239
YAL056W,YBL057C,0,-8.967215,0.1051674336194992,0.9829999804496765,0.8363999724388123
YPR051W,YPL203W,0,-8.967267,0.10515618324279785,0.9829999804496765,0.8364999890327454
YIL124W,YML105C,0,-8.967636,0.1051449328660965,0.9829999804496765,0.8366000056266785
YKL038W,YKL196C,0,-8.969018,0.10513368993997574,0.9829999804496765,0.8367000222206116
YDR096W,YGR166W,0,-8.9694395,0.10512244701385498,0.9829999804496765,0.8367999792098999
YJR078W,YOR256C,0,-8.969935,0.10511120408773422,0.9829999804496765,0.836899995803833
YBR043C,YJL012C,0,-8.970898,0.10509996861219406,0.9829999804496765,0.8370000123977661
YML118W,YBL011W,0,-8.971055,0.1050887331366539,0.9829999804496765,0.8371000289916992
YML105C,YER123W,0,-8.971478,0.10507749766111374,0.9829999804496765,0.8371999859809875
YMR129W,YDR523C,0,-8.971664,0.10506626963615417,0.9829999804496765,0.8373000025749207
YNL111C,YMR316W,0,-8.972056,0.10505504161119461,0.9829999804496765,0.8374000191688538
YNL094W,YAR018C,0,-8.97211,0.10504381358623505,0.9829999804496765,0.8374999761581421
YER095W,YLR126C,0,-8.972273,0.10503258556127548,0.9829999804496765,0.8375999927520752
YAL053W,YEL020W-A,0,-8.973221,0.10502136498689651,0.9829999804496765,0.8377000093460083
YAR019C,YER123W,0,-8.973744,0.10501015186309814,0.9829999804496765,0.8378000259399414
YER151C,YKR053C,0,-8.973778,0.10499893128871918,0.9829999804496765,0.8378999829292297
YPL061W,YOR341W,0,-8.973794,0.1049877181649208,0.9829999804496765,0.8379999995231628
YHR123W,YOR267C,0,-8.9739685,0.10497650504112244,0.9829999804496765,0.838100016117096
YNL278W,YGL058W,0,-8.974142,0.10496529936790466,0.9829999804496765,0.8381999731063843
YOR150W,YNL002C,1,-8.974247,0.10506086051464081,0.984000027179718,0.8381999731063843
YBR088C,YCL069W,0,-8.975326,0.10504963994026184,0.984000027179718,0.8382999897003174
YGL236C,YJL093C,0,-8.975751,0.10503842681646347,0.984000027179718,0.8384000062942505
YMR199W,YOR109W,0,-8.97599,0.1050272211432457,0.984000027179718,0.8385000228881836
YLR330W,YNL066W,0,-8.976311,0.10501600801944733,0.984000027179718,0.8385999798774719
YNR074C,YHL011C,0,-8.976431,0.10500480234622955,0.984000027179718,0.838699996471405
YGL245W,YPL130W,0,-8.977673,0.10499359667301178,0.984000027179718,0.8388000130653381
YCL035C,YJL054W,0,-8.978146,0.1049823984503746,0.984000027179718,0.8389000296592712
YMR211W,YLR163C,0,-8.978199,0.10497120022773743,0.984000027179718,0.8389999866485596
YNL097C,YBR061C,0,-8.978939,0.10496000200510025,0.984000027179718,0.8391000032424927
YLR342W,YLR324W,0,-8.979193,0.10494880378246307,0.984000027179718,0.8392000198364258
YPR010C,YJR004C,0,-8.981245,0.1049376130104065,0.984000027179718,0.8392999768257141
YCR014C,YDR259C,0,-8.981624,0.10492642223834991,0.984000027179718,0.8393999934196472
YNR060W,YOR137C,0,-8.98174,0.10491523891687393,0.984000027179718,0.8395000100135803
YGR055W,YEL057C,0,-8.981829,0.10490404814481735,0.984000027179718,0.8396000266075134
YIL004C,YJR073C,0,-8.981905,0.10489287227392197,0.984000027179718,0.8396999835968018
YDL056W,YOL110W,0,-8.982246,0.10488168895244598,0.984000027179718,0.8398000001907349
YOR058C,YDL190C,0,-8.982248,0.1048705130815506,0.984000027179718,0.839900016784668
YDR377W,YMR065W,0,-8.983135,0.10485933721065521,0.984000027179718,0.8399999737739563
YHR166C,YMR268C,0,-8.984009,0.10484816133975983,0.984000027179718,0.8400999903678894
YGL047W,YDL040C,0,-8.984056,0.10483699291944504,0.984000027179718,0.8402000069618225
YCR063W,YJL045W,0,-8.984245,0.10482582449913025,0.984000027179718,0.8403000235557556
YAL026C,YGR241C,0,-8.984959,0.10481465607881546,0.984000027179718,0.840399980545044
YKL206C,YLR134W,0,-8.985689,0.10480349510908127,0.984000027179718,0.840499997138977
YMR165C,YMR243C,0,-8.985895,0.10479233413934708,0.984000027179718,0.8406000137329102
YKR068C,YLR197W,0,-8.986878,0.10478117316961288,0.984000027179718,0.8406999707221985
YOR109W,YDR463W,0,-8.987392,0.10477001965045929,0.984000027179718,0.8407999873161316
YIL065C,YMR129W,0,-8.988491,0.1047588661313057,0.984000027179718,0.8409000039100647
YGL019W,YLL012W,0,-8.988859,0.1047477126121521,0.984000027179718,0.8410000205039978
YNL172W,YMR260C,0,-8.988969,0.1047365590929985,0.984000027179718,0.8410999774932861
YBL090W,YBR043C,0,-8.989358,0.1047254130244255,0.984000027179718,0.8411999940872192
YBL079W,YNL334C,0,-8.989587,0.10471426695585251,0.984000027179718,0.8413000106811523
YJL219W,YHR204W,0,-8.990154,0.10470312833786011,0.984000027179718,0.8414000272750854
YHR191C,YLR453C,0,-8.991274,0.1046919897198677,0.984000027179718,0.8414999842643738
YIL125W,YOL076W,0,-8.99162,0.1046808511018753,0.984000027179718,0.8416000008583069
YBL018C,YFR050C,0,-8.991646,0.1046697124838829,0.984000027179718,0.84170001745224
YMR070W,YDR175C,0,-8.992877,0.1046585813164711,0.984000027179718,0.8417999744415283
YER030W,YMR135C,0,-8.99344,0.1046474501490593,0.984000027179718,0.8418999910354614
YER145C,YDL100C,0,-8.993723,0.10463632643222809,0.984000027179718,0.8420000076293945
YDL207W,YOL005C,0,-8.994141,0.10462520271539688,0.984000027179718,0.8421000242233276
YML061C,YBL075C,0,-8.994384,0.10461407899856567,0.984000027179718,0.842199981212616
YKR052C,YOR356W,0,-8.994514,0.10460295528173447,0.984000027179718,0.8422999978065491
YBR167C,YNL197C,0,-8.995087,0.10459183901548386,0.984000027179718,0.8424000144004822
YER168C,YDR296W,0,-8.995224,0.10458072274923325,0.984000027179718,0.8424999713897705
YML060W,YLR092W,0,-8.995306,0.10456960648298264,0.984000027179718,0.8425999879837036
YER116C,YGR128C,0,-8.995508,0.10455849766731262,0.984000027179718,0.8427000045776367
YMR081C,YGR296W,0,-8.996267,0.10454738885164261,0.984000027179718,0.8428000211715698
YDL069C,YER052C,0,-8.996898,0.1045362800359726,0.984000027179718,0.8428999781608582
YIL048W,YDR449C,0,-8.99744,0.10452517867088318,0.984000027179718,0.8429999947547913
YER030W,YNL116W,0,-8.997513,0.10451406985521317,0.984000027179718,0.8431000113487244
YOR150W,YHR197W,1,-8.998062,0.1046091765165329,0.9850000143051147,0.8431000113487244
YDL207W,YCR091W,0,-8.998084,0.10459806770086288,0.9850000143051147,0.8432000279426575
YIL125W,YBR195C,0,-8.998507,0.10458695888519287,0.9850000143051147,0.8432999849319458
YPL061W,YBR205W,0,-8.999107,0.10457585752010345,0.9850000143051147,0.8434000015258789
YDL164C,YHR030C,0,-8.999788,0.10456475615501404,0.9850000143051147,0.843500018119812
YKR061W,YDR356W,0,-9.000117,0.10455365478992462,0.9850000143051147,0.8435999751091003
YGR175C,YJL042W,0,-9.0005865,0.1045425608754158,0.9850000143051147,0.8436999917030334
YLL050C,YOR328W,0,-9.000875,0.10453146696090698,0.9850000143051147,0.8438000082969666
YIL072W,YLR016C,0,-9.001459,0.10452037304639816,0.9850000143051147,0.8439000248908997
YKL206C,YNL015W,0,-9.001692,0.10450928658246994,0.9850000143051147,0.843999981880188
YPL086C,YDR078C,0,-9.002104,0.10449820011854172,0.9850000143051147,0.8440999984741211
YBL015W,YOR069W,0,-9.002492,0.1044871136546135,0.9850000143051147,0.8442000150680542
YPR021C,YKL074C,0,-9.002554,0.10447602719068527,0.9850000143051147,0.8442999720573425
YNL188W,YGR044C,0,-9.002935,0.10446494817733765,0.9850000143051147,0.8443999886512756
YLR264W,YNL025C,0,-9.003103,0.10445386916399002,0.9850000143051147,0.8445000052452087
YKL068W,YLL017W,0,-9.003541,0.10444279760122299,0.9850000143051147,0.8446000218391418
YHR143W,YKR061W,0,-9.004345,0.10443171858787537,0.9850000143051147,0.8446999788284302
YMR177W,YDL147W,0,-9.00495,0.10442065447568893,0.9850000143051147,0.8447999954223633
YGR120C,YNL293W,0,-9.005066,0.1044095829129219,0.9850000143051147,0.8449000120162964
YLR071C,YHR152W,0,-9.0051,0.10439851880073547,0.9850000143051147,0.8450000286102295
YPL084W,YHR133C,0,-9.005877,0.10438745468854904,0.9850000143051147,0.8450999855995178
YKL015W,YIL121W,0,-9.005934,0.10437639057636261,0.9850000143051147,0.8452000021934509
YBR092C,YJR049C,0,-9.006712,0.10436533391475677,0.9850000143051147,0.845300018787384
YDL043C,YCR067C,0,-9.006988,0.10435427725315094,0.9850000143051147,0.8453999757766724
YER026C,YCR052W,0,-9.007356,0.1043432205915451,0.9850000143051147,0.8454999923706055
YIL140W,YIL019W,0,-9.008564,0.10433217138051987,0.9850000143051147,0.8456000089645386
YJL122W,YOR150W,1,-9.008863,0.1044270247220993,0.9860000014305115,0.8456000089645386
YBR161W,YOL011W,0,-9.00915,0.10441596806049347,0.9860000014305115,0.8457000255584717
YPR119W,YDR295C,0,-9.009674,0.10440491139888763,0.9860000014305115,0.84579998254776
YBR086C,YIR019C,0,-9.010281,0.1043938621878624,0.9860000014305115,0.8458999991416931
YIR021W,YDR285W,0,-9.010447,0.10438280552625656,0.9860000014305115,0.8460000157356262
YGR163W,YMR229C,0,-9.011156,0.10437175631523132,0.9860000014305115,0.8460999727249146
YBR055C,YBR165W,0,-9.012684,0.10436071455478668,0.9860000014305115,0.8461999893188477
YJL071W,YJL134W,0,-9.012732,0.10434966534376144,0.9860000014305115,0.8463000059127808
YNL117W,YOR288C,0,-9.012799,0.1043386235833168,0.9860000014305115,0.8464000225067139
YML110C,YGL225W,0,-9.012913,0.10432758182287216,0.9860000014305115,0.8464999794960022
YGL150C,YMR188C,0,-9.013973,0.10431654751300812,0.9860000014305115,0.8465999960899353
YOL040C,YOR076C,0,-9.013977,0.10430551320314407,0.9860000014305115,0.8467000126838684
YHR030C,YLR086W,0,-9.014209,0.10429447889328003,0.9860000014305115,0.8468000292778015
YBL090W,YNR064C,0,-9.014336,0.10428344458341599,0.9860000014305115,0.8468999862670898
YLR201C,YPL175W,0,-9.01479,0.10427241772413254,0.9860000014305115,0.847000002861023
YDR270W,YKL182W,0,-9.015739,0.10426139086484909,0.9860000014305115,0.847100019454956
YNR056C,YMR188C,0,-9.015739,0.10425037145614624,0.9860000014305115,0.8471999764442444
YGR098C,YPL006W,0,-9.0177355,0.10423935204744339,0.9860000014305115,0.8472999930381775
YDR016C,YDL201W,0,-9.01779,0.10422833263874054,0.9860000014305115,0.8474000096321106
YER087C-B,YBR006W,0,-9.019115,0.10421731323003769,0.9860000014305115,0.8475000262260437
YNR074C,YML004C,0,-9.019171,0.10420630127191544,0.9860000014305115,0.847599983215332
YDL043C,YDL190C,0,-9.0195675,0.10419528931379318,0.9860000014305115,0.8476999998092651
YOR094W,YNL138W,0,-9.019967,0.10418427735567093,0.9860000014305115,0.8478000164031982
YJL099W,YDR240C,0,-9.020558,0.10417327284812927,0.9860000014305115,0.8478999733924866
YMR038C,YNL031C,0,-9.020771,0.10416226834058762,0.9860000014305115,0.8479999899864197
YIL065C,YCR106W,0,-9.021271,0.10415126383304596,0.9860000014305115,0.8481000065803528
YFL059W,YLR150W,0,-9.021319,0.1041402593255043,0.9860000014305115,0.8482000231742859
YLL043W,YGR206W,0,-9.021572,0.10412926226854324,0.9860000014305115,0.8482999801635742
YML104C,YMR322C,0,-9.021976,0.10411826521158218,0.9860000014305115,0.8483999967575073
YNL173C,YLR430W,0,-9.022602,0.10410727560520172,0.9860000014305115,0.8485000133514404
YOL086C,YJL030W,0,-9.022923,0.10409628599882126,0.9860000014305115,0.8485999703407288
YDR421W,YKL073W,0,-9.022953,0.1040852963924408,0.9860000014305115,0.8486999869346619
YDR384C,YDR270W,0,-9.022995,0.10407430678606033,0.9860000014305115,0.848800003528595
YLR238W,YIR037W,0,-9.023157,0.10406332463026047,0.9860000014305115,0.8489000201225281
YJL115W,YDL035C,0,-9.023282,0.1040523424744606,0.9860000014305115,0.8489999771118164
YLL031C,YMR081C,0,-9.023408,0.10404136031866074,0.9860000014305115,0.8490999937057495
YER119C,YCR092C,0,-9.02366,0.10403038561344147,0.9860000014305115,0.8492000102996826
YER065C,YOR187W,0,-9.023806,0.1040194109082222,0.9860000014305115,0.8493000268936157
YLR155C,YPR125W,0,-9.023975,0.10400843620300293,0.9860000014305115,0.849399983882904
YNL293W,YDR260C,0,-9.024035,0.10399746894836426,0.9860000014305115,0.8495000004768372
YDR121W,YGR238C,0,-9.024178,0.10398650169372559,0.9860000014305115,0.8496000170707703
YLR397C,YPL020C,0,-9.024577,0.10397553443908691,0.9860000014305115,0.8496999740600586
YOR120W,YNL317W,0,-9.024586,0.10396457463502884,0.9860000014305115,0.8497999906539917
YML004C,YER149C,0,-9.024725,0.10395360738039017,0.9860000014305115,0.8499000072479248
YEL030W,YNR053C,0,-9.024876,0.10394265502691269,0.9860000014305115,0.8500000238418579
YDL113C,YJR144W,0,-9.02526,0.10393169522285461,0.9860000014305115,0.8500999808311462
YJR035W,YOL080C,0,-9.025322,0.10392074286937714,0.9860000014305115,0.8501999974250793
YGR204W,YIR028W,0,-9.02569,0.10390979051589966,0.9860000014305115,0.8503000140190125
YHR086W,YDR065W,0,-9.025854,0.10389883816242218,0.9860000014305115,0.8503999710083008
YJL210W,YBR106W,0,-9.0261755,0.1038878932595253,0.9860000014305115,0.8504999876022339
YMR186W,YMR322C,0,-9.026981,0.10387694835662842,0.9860000014305115,0.850600004196167
YCR047C,YKL020C,0,-9.0270195,0.10386600345373154,0.9860000014305115,0.8507000207901001
YPL058C,YNL253W,0,-9.027466,0.10385506600141525,0.9860000014305115,0.8507999777793884
YMR213W,YMR322C,0,-9.027537,0.10384412854909897,0.9860000014305115,0.8508999943733215
YJL003W,YMR247C,0,-9.0285845,0.10383319109678268,0.9860000014305115,0.8510000109672546
YDR201W,YGL039W,0,-9.029254,0.103822261095047,0.9860000014305115,0.8511000275611877
YNL246W,YGR042W,0,-9.029287,0.10381133109331131,0.9860000014305115,0.8511999845504761
YBR221C,YDR120C,0,-9.029808,0.10380040109157562,0.9860000014305115,0.8513000011444092
YAR019C,YOR315W,0,-9.0301895,0.10378947108983994,0.9860000014305115,0.8514000177383423
YPL135W,YAL047C,0,-9.03078,0.10377854853868484,0.9860000014305115,0.8514999747276306
YDR343C,YBR088C,0,-9.031112,0.10376762598752975,0.9860000014305115,0.8515999913215637
YOL091W,YDR115W,0,-9.031241,0.10375671088695526,0.9860000014305115,0.8517000079154968
YLR284C,YIL023C,0,-9.031832,0.10374578833580017,0.9860000014305115,0.8518000245094299
YMR056C,YBR118W,0,-9.033205,0.10373487323522568,0.9860000014305115,0.8518999814987183
YOR136W,YER151C,0,-9.033325,0.10372396558523178,0.9860000014305115,0.8519999980926514
YHR067W,YLR396C,0,-9.033429,0.10371305048465729,0.9860000014305115,0.8521000146865845
YCR094W,YJR137C,0,-9.033543,0.10370214283466339,0.9860000014305115,0.8521999716758728
YPR132W,YER100W,0,-9.033663,0.10369124263525009,0.9860000014305115,0.8522999882698059
YNR032C-A,YGR161C,0,-9.034018,0.1036803349852562,0.9860000014305115,0.852400004863739
YER159C,YEL002C,0,-9.034714,0.1036694347858429,0.9860000014305115,0.8525000214576721
YMR065W,YMR143W,0,-9.034824,0.1036585345864296,0.9860000014305115,0.8525999784469604
YKL007W,YER093C,0,-9.0349655,0.1036476418375969,0.9860000014305115,0.8526999950408936
YOL078W,YCL059C,0,-9.035054,0.10363674908876419,0.9860000014305115,0.8528000116348267
YJR006W,YNL329C,0,-9.037983,0.10362585633993149,0.9860000014305115,0.8529000282287598
YCR082W,YHL011C,0,-9.038403,0.10361496359109879,0.9860000014305115,0.8529999852180481
YNL159C,YMR198W,0,-9.038488,0.10360407829284668,0.9860000014305115,0.8531000018119812
YGL183C,YBR114W,0,-9.038718,0.10359319299459457,0.9860000014305115,0.8532000184059143
YNL188W,YHR001W,0,-9.0389805,0.10358230769634247,0.9860000014305115,0.8532999753952026
YOR281C,YGR212W,0,-9.039485,0.10357142984867096,0.9860000014305115,0.8533999919891357
YDL040C,YBR035C,0,-9.039802,0.10356055200099945,0.9860000014305115,0.8535000085830688
YGL086W,YEL057C,0,-9.040514,0.10354967415332794,0.9860000014305115,0.853600025177002
YBR085W,YMR133W,0,-9.040818,0.10353880375623703,0.9860000014305115,0.8536999821662903
YOR168W,YBL005W,0,-9.043118,0.10352792590856552,0.9860000014305115,0.8537999987602234
YOR253W,YFR033C,0,-9.043241,0.1035170629620552,0.9860000014305115,0.8539000153541565
YJL014W,YOR049C,0,-9.043742,0.1035061925649643,0.9860000014305115,0.8539999723434448
YDR263C,YLR014C,0,-9.044355,0.10349532961845398,0.9860000014305115,0.8540999889373779
YDL243C,YFL022C,0,-9.045316,0.10348446667194366,0.9860000014305115,0.854200005531311
YOL145C,YDR516C,0,-9.046217,0.10347360372543335,0.9860000014305115,0.8543000221252441
YNL036W,YPL218W,0,-9.046345,0.10346274822950363,0.9860000014305115,0.8543999791145325
YKL013C,YJR031C,0,-9.046689,0.10345189273357391,0.9860000014305115,0.8544999957084656
YOL068C,YHR075C,0,-9.046744,0.1034410372376442,0.9860000014305115,0.8546000123023987
YMR080C,YCL052C,0,-9.047623,0.10343018919229507,0.9860000014305115,0.8547000288963318
YNL062C,YCR081W,0,-9.04768,0.10341934114694595,0.9860000014305115,0.8547999858856201
YDL137W,YOR027W,0,-9.048116,0.10340849310159683,0.9860000014305115,0.8549000024795532
YGR165W,YDR436W,0,-9.048403,0.10339765250682831,0.9860000014305115,0.8550000190734863
YGR217W,YER012W,0,-9.049649,0.10338681191205978,0.9860000014305115,0.8550999760627747
YGR142W,YGL252C,0,-9.050043,0.10337597131729126,0.9860000014305115,0.8551999926567078
YGR278W,YDL078C,0,-9.050871,0.10336513072252274,0.9860000014305115,0.8553000092506409
YKR039W,YOR127W,0,-9.051321,0.10335429757833481,0.9860000014305115,0.855400025844574
YGR204W,YFL050C,0,-9.052389,0.10334346443414688,0.9860000014305115,0.8554999828338623
YNL006W,YCR031C,0,-9.052526,0.10333263128995895,0.9860000014305115,0.8555999994277954
YIL033C,YLR321C,0,-9.053564,0.10332180559635162,0.9860000014305115,0.8557000160217285
YOL165C,YLR096W,0,-9.053837,0.1033109799027443,0.9860000014305115,0.8557999730110168
YLR342W,YBR170C,0,-9.054156,0.10330015420913696,0.9860000014305115,0.85589998960495
YNL123W,YBR216C,0,-9.054325,0.10328933596611023,0.9860000014305115,0.8560000061988831
YOR232W,YAL002W,0,-9.055333,0.1032785177230835,0.9860000014305115,0.8561000227928162
YOL149W,YOL158C,0,-9.055387,0.10326769948005676,0.9860000014305115,0.8561999797821045
YPR017C,YPL135W,0,-9.055567,0.10325688868761063,0.9860000014305115,0.8562999963760376
YEL061C,YGL158W,0,-9.056542,0.10324607044458389,0.9860000014305115,0.8564000129699707
YDR302W,YMR200W,0,-9.05722,0.10323525965213776,0.9860000014305115,0.8565000295639038
YML057W,YAL047C,0,-9.05771,0.10322445631027222,0.9860000014305115,0.8565999865531921
YGL257C,YOL100W,0,-9.057743,0.10321365296840668,0.9860000014305115,0.8567000031471252
YFL055W,YPL244C,0,-9.058382,0.10320284962654114,0.9860000014305115,0.8568000197410583
YHR082C,YOR327C,0,-9.058584,0.1031920462846756,0.9860000014305115,0.8568999767303467
YMR190C,YPR041W,0,-9.05892,0.10318125039339066,0.9860000014305115,0.8569999933242798
YKL020C,YIL023C,0,-9.059053,0.10317045450210571,0.9860000014305115,0.8571000099182129
YGR167W,YGR191W,0,-9.059288,0.10315965861082077,0.9860000014305115,0.857200026512146
YNL331C,YLR226W,0,-9.06122,0.10314886271953583,0.9860000014305115,0.8572999835014343
YPL126W,YAL005C,0,-9.061572,0.10313807427883148,0.9860000014305115,0.8574000000953674
YBL013W,YGR090W,0,-9.062586,0.10312728583812714,0.9860000014305115,0.8575000166893005
YMR316W,YNL142W,0,-9.063521,0.10311650484800339,0.9860000014305115,0.8575999736785889
YJR013W,YDR082W,0,-9.064312,0.10310571640729904,0.9860000014305115,0.857699990272522
YKL002W,YHR186C,0,-9.06463,0.10309494286775589,0.9860000014305115,0.8578000068664551
YNR044W,YDR218C,0,-9.064731,0.10308416187763214,0.9860000014305115,0.8579000234603882
YLR106C,YOR150W,1,-9.064933,0.10317791998386383,0.9869999885559082,0.8579000234603882
YDR168W,YHR069C,0,-9.065135,0.10316713899374008,0.9869999885559082,0.8579999804496765
YBL018C,YNL253W,0,-9.065138,0.10315635800361633,0.9869999885559082,0.8580999970436096
YCR071C,YLR396C,0,-9.065936,0.10314557701349258,0.9869999885559082,0.8582000136375427
YHR005C-A,YDR330W,0,-9.066156,0.10313479602336884,0.9869999885559082,0.858299970626831
YDL209C,YNL142W,0,-9.066358,0.10312402248382568,0.9869999885559082,0.8583999872207642
YMR211W,YML091C,0,-9.066571,0.10311324894428253,0.9869999885559082,0.8585000038146973
YJL106W,YNR031C,0,-9.067045,0.10310247540473938,0.9869999885559082,0.8586000204086304
YPR030W,YKL084W,0,-9.067577,0.10309170931577682,0.9869999885559082,0.8586999773979187
YEL029C,YPL132W,0,-9.067952,0.10308094322681427,0.9869999885559082,0.8587999939918518
YPL262W,YJL168C,0,-9.068634,0.10307017713785172,0.9869999885559082,0.8589000105857849
YOR150W,YFL002C,1,-9.070665,0.10316383093595505,0.9879999756813049,0.8589000105857849
YDR016C,YDR283C,0,-9.071776,0.1031530573964119,0.9879999756813049,0.859000027179718
YOL088C,YPR137W,0,-9.073736,0.10314229130744934,0.9879999756813049,0.8590999841690063
YCL067C,YJR132W,0,-9.07415,0.10313152521848679,0.9879999756813049,0.8592000007629395
YLR433C,YPL240C,0,-9.074481,0.10312075912952423,0.9879999756813049,0.8593000173568726
YBR200W,YOR265W,0,-9.074742,0.10311000049114227,0.9879999756813049,0.8593999743461609
YPL170W,YBL079W,0,-9.074769,0.10309924185276031,0.9879999756813049,0.859499990940094
YPL036W,YGR172C,0,-9.074839,0.10308848321437836,0.9879999756813049,0.8596000075340271
YDL192W,YMR276W,0,-9.075418,0.1030777245759964,0.9879999756813049,0.8597000241279602
YDR414C,YNL036W,0,-9.075766,0.10306697338819504,0.9879999756813049,0.8597999811172485
YFR019W,YMR268C,0,-9.076089,0.10305622220039368,0.9879999756813049,0.8598999977111816
YNL055C,YER029C,0,-9.076258,0.10304547101259232,0.9879999756813049,0.8600000143051147
YAR019C,YIL076W,0,-9.076998,0.10303472727537155,0.9879999756813049,0.8600999712944031
YCR047C,YOR089C,0,-9.077099,0.10302398353815079,0.9879999756813049,0.8601999878883362
YBR158W,YDR251W,0,-9.077367,0.10301323980093002,0.9879999756813049,0.8603000044822693
YDR517W,YKL186C,0,-9.078181,0.10300250351428986,0.9879999756813049,0.8604000210762024
YBR057C,YML091C,0,-9.078475,0.10299176722764969,0.9879999756813049,0.8604999780654907
YDL174C,YAL033W,0,-9.07878,0.10298103094100952,0.9879999756813049,0.8605999946594238
YJL095W,YDR303C,0,-9.078854,0.10297029465436935,0.9879999756813049,0.8607000112533569
YAL040C,YDR300C,0,-9.079097,0.10295956581830978,0.9879999756813049,0.86080002784729
YNL293W,YOR315W,0,-9.079884,0.10294883698225021,0.9879999756813049,0.8608999848365784
YBR060C,YAL055W,0,-9.081927,0.10293811559677124,0.9879999756813049,0.8610000014305115
YLR459W,YLR014C,0,-9.082203,0.10292738676071167,0.9879999756813049,0.8611000180244446
YNL221C,YNL045W,0,-9.08241,0.1029166653752327,0.9879999756813049,0.8611999750137329
YDL165W,YBR250W,0,-9.0832615,0.10290594398975372,0.9879999756813049,0.861299991607666
YNL023C,YPR133W-A,0,-9.083269,0.10289523005485535,0.9879999756813049,0.8614000082015991
YCR073W-A,YGR251W,0,-9.083978,0.10288451611995697,0.9879999756813049,0.8615000247955322
YBR286W,YPR178W,0,-9.084093,0.1028738021850586,0.9879999756813049,0.8615999817848206
YBL069W,YIL023C,0,-9.084343,0.10286309570074081,0.9879999756813049,0.8616999983787537
YFR033C,YGL158W,0,-9.084378,0.10285238176584244,0.9879999756813049,0.8618000149726868
YHR190W,YOL028C,0,-9.085125,0.10284167528152466,0.9879999756813049,0.8618999719619751
YGR175C,YBR126C,0,-9.086069,0.10283097624778748,0.9879999756813049,0.8619999885559082
YHL031C,YJL109C,0,-9.086296,0.1028202697634697,0.9879999756813049,0.8621000051498413
YKR101W,YGR221C,0,-9.086815,0.10280957072973251,0.9879999756813049,0.8622000217437744
YLL041C,YBR253W,0,-9.087151,0.10279887914657593,0.9879999756813049,0.8622999787330627
YCR012W,YMR268C,0,-9.088318,0.10278818011283875,0.9879999756813049,0.8623999953269958
YJL085W,YER053C,0,-9.089017,0.10277748852968216,0.9879999756813049,0.862500011920929
YBL069W,YKL053C-A,0,-9.089734,0.10276679694652557,0.9879999756813049,0.8626000285148621
YAL041W,YNL173C,0,-9.09041,0.10275611281394958,0.9879999756813049,0.8626999855041504
YFL058W,YFL037W,0,-9.090944,0.102745421230793,0.9879999756813049,0.8628000020980835
YCR020C-A,YMR030W,0,-9.09218,0.10273473709821701,0.9879999756813049,0.8629000186920166
YDR424C,YMR135C,0,-9.092201,0.10272406041622162,0.9879999756813049,0.8629999756813049
YNL188W,YNL142W,0,-9.09238,0.10271337628364563,0.9879999756813049,0.863099992275238
YBR021W,YLR396C,0,-9.09297,0.10270269960165024,0.9879999756813049,0.8632000088691711
YDR529C,YLR130C,0,-9.093244,0.10269203037023544,0.9879999756813049,0.8633000254631042
YLR401C,YBR228W,0,-9.094227,0.10268135368824005,0.9879999756813049,0.8633999824523926
YGR247W,YMR312W,0,-9.094884,0.10267068445682526,0.9879999756813049,0.8634999990463257
YFR041C,YKL176C,0,-9.095963,0.10266001522541046,0.9879999756813049,0.8636000156402588
YCR092C,YGL045W,0,-9.095987,0.10264935344457626,0.9879999756813049,0.8636999726295471
YKL206C,YNL091W,0,-9.097448,0.10263868421316147,0.9879999756813049,0.8637999892234802
YKL130C,YGR212W,0,-9.097656,0.10262802243232727,0.9879999756813049,0.8639000058174133
YOR211C,YHR065C,0,-9.098174,0.10261736810207367,0.9879999756813049,0.8640000224113464
YOR040W,YOL115W,0,-9.098377,0.10260670632123947,0.9879999756813049,0.8640999794006348
YNL097C,YLR378C,0,-9.098377,0.10259605199098587,0.9879999756813049,0.8641999959945679
YIL103W,YLR371W,0,-9.098471,0.10258539766073227,0.9879999756813049,0.864300012588501
YJL091C,YLR092W,0,-9.099797,0.10257475078105927,0.9879999756813049,0.8644000291824341
YOL124C,YGL095C,0,-9.100094,0.10256410390138626,0.9879999756813049,0.8644999861717224
YHR120W,YGR070W,0,-9.10038,0.10255345702171326,0.9879999756813049,0.8646000027656555
YBL069W,YGR046W,0,-9.100597,0.10254281014204025,0.9879999756813049,0.8647000193595886
YHR008C,YLL021W,0,-9.100748,0.10253217071294785,0.9879999756813049,0.864799976348877
YOR151C,YPL007C,0,-9.100822,0.10252153128385544,0.9879999756813049,0.8648999929428101
YJR077C,YKL040C,0,-9.10089,0.10251089185476303,0.9879999756813049,0.8650000095367432
YBR020W,YLR272C,0,-9.101231,0.10250025987625122,0.9879999756813049,0.8651000261306763
YCL066W,YIL144W,0,-9.101944,0.10248962789773941,0.9879999756813049,0.8651999831199646
YNL066W,YGL104C,0,-9.102016,0.1024789959192276,0.9879999756813049,0.8652999997138977
YOR145C,YGR270W,0,-9.102873,0.10246836394071579,0.9879999756813049,0.8654000163078308
YOL088C,YDL047W,0,-9.102974,0.10245773941278458,0.9879999756813049,0.8654999732971191
YCR106W,YDR412W,0,-9.104338,0.10244711488485336,0.9879999756813049,0.8655999898910522
YJR025C,YKL204W,0,-9.104502,0.10243649780750275,0.9879999756813049,0.8657000064849854
YLR175W,YDL077C,0,-9.106767,0.10242587327957153,0.9879999756813049,0.8658000230789185
YHR114W,YBR069C,0,-9.107159,0.10241525620222092,0.9879999756813049,0.8658999800682068
YNL314W,YGR123C,0,-9.107214,0.1024046465754509,0.9879999756813049,0.8659999966621399
YKR024C,YOR150W,1,-9.107569,0.10249766707420349,0.9890000224113464,0.8659999966621399
YPR023C,YHR206W,0,-9.107961,0.10248704999685287,0.9890000224113464,0.866100013256073
YDR206W,YLR256W,0,-9.107991,0.10247642546892166,0.9890000224113464,0.8661999702453613
YGR040W,YML118W,0,-9.108135,0.10246580839157104,0.9890000224113464,0.8662999868392944
YBL051C,YGR091W,0,-9.108328,0.10245519876480103,0.9890000224113464,0.8664000034332275
YER017C,YOL158C,0,-9.108335,0.10244458168745041,0.9890000224113464,0.8665000200271606
YFL049W,YOR083W,0,-9.108602,0.10243397206068039,0.9890000224113464,0.866599977016449
YPR185W,YML078W,0,-9.108807,0.10242336243391037,0.9890000224113464,0.8666999936103821
YGL174W,YNR034W,0,-9.109245,0.10241276025772095,0.9890000224113464,0.8668000102043152
YMR059W,YLR354C,0,-9.109462,0.10240215063095093,0.9890000224113464,0.8669000267982483
YFL056C,YDL229W,0,-9.109934,0.1023915484547615,0.9890000224113464,0.8669999837875366
YLR201C,YEL053C,0,-9.109972,0.10238095372915268,0.9890000224113464,0.8671000003814697
YNL041C,YGR256W,0,-9.11179,0.10237035155296326,0.9890000224113464,0.8672000169754028
YCR086W,YBL017C,0,-9.111925,0.10235975682735443,0.9890000224113464,0.8672999739646912
YNL111C,YMR319C,0,-9.112015,0.1023491695523262,0.9890000224113464,0.8673999905586243
YHR157W,YPR080W,0,-9.112683,0.10233857482671738,0.9890000224113464,0.8675000071525574
YLR295C,YKR042W,0,-9.113768,0.10232798755168915,0.9890000224113464,0.8676000237464905
YKL148C,YOR060C,0,-9.114363,0.10231740027666092,0.9890000224113464,0.8676999807357788
YJR053W,YLR229C,0,-9.114451,0.10230682045221329,0.9890000224113464,0.8677999973297119
YJL053W,YPL016W,0,-9.115202,0.10229623317718506,0.9890000224113464,0.867900013923645
YOR181W,YNL332W,0,-9.116028,0.10228565335273743,0.9890000224113464,0.8679999709129333
YPR008W,YOR115C,0,-9.118135,0.10227508097887039,0.9890000224113464,0.8680999875068665
YGR289C,YDR164C,0,-9.118147,0.10226450115442276,0.9890000224113464,0.8682000041007996
YGL032C,YBR213W,0,-9.118648,0.10225392878055573,0.9890000224113464,0.8683000206947327
YER111C,YHR111W,0,-9.119356,0.10224335640668869,0.9890000224113464,0.868399977684021
YDR138W,YDR148C,0,-9.12049,0.10223279148340225,0.9890000224113464,0.8684999942779541
YAL051W,YNL221C,0,-9.120901,0.10222221910953522,0.9890000224113464,0.8686000108718872
YJL042W,YPR131C,0,-9.123956,0.10221165418624878,0.9890000224113464,0.8687000274658203
YCR005C,YLR214W,0,-9.124298,0.10220109671354294,0.9890000224113464,0.8687999844551086
YDR123C,YBR119W,0,-9.125276,0.1021905317902565,0.9890000224113464,0.8689000010490417
YOR133W,YMR087W,0,-9.125941,0.10217997431755066,0.9890000224113464,0.8690000176429749
YNL279W,YNR048W,0,-9.126045,0.10216942429542542,0.9890000224113464,0.8690999746322632
YAL040C,YOL151W,0,-9.1261425,0.10215886682271957,0.9890000224113464,0.8691999912261963
YMR275C,YLR183C,0,-9.126424,0.10214831680059433,0.9890000224113464,0.8693000078201294
YBR290W,YFR009W,0,-9.126428,0.10213776677846909,0.9890000224113464,0.8694000244140625
YOR320C,YBR168W,0,-9.126459,0.10212721675634384,0.9890000224113464,0.8694999814033508
YKL064W,YJL191W,0,-9.126473,0.1021166741847992,0.9890000224113464,0.8695999979972839
YCL051W,YMR096W,0,-9.126678,0.10210613161325455,0.9890000224113464,0.869700014591217
YMR312W,YBR207W,0,-9.128804,0.1020955890417099,0.9890000224113464,0.8697999715805054
YKR054C,YCR008W,0,-9.129151,0.10208505392074585,0.9890000224113464,0.8698999881744385
YDR300C,YPL057C,0,-9.129337,0.1020745187997818,0.9890000224113464,0.8700000047683716
YBR293W,YPR125W,0,-9.129631,0.10206398367881775,0.9890000224113464,0.8701000213623047
YGL054C,YPR179C,0,-9.129641,0.1020534485578537,0.9890000224113464,0.870199978351593
YDR206W,YJR033C,0,-9.130005,0.10204292088747025,0.9890000224113464,0.8702999949455261
YIR013C,YAL031C,0,-9.130163,0.10203239321708679,0.9890000224113464,0.8704000115394592
YHR059W,YOR185C,0,-9.1304655,0.10202186554670334,0.9890000224113464,0.8705000281333923
YFR055W,YGR077C,0,-9.130692,0.10201134532690048,0.9890000224113464,0.8705999851226807
YFR004W,YDL153C,0,-9.131208,0.10200082510709763,0.9890000224113464,0.8707000017166138
YML077W,YPL270W,0,-9.131793,0.10199030488729477,0.9890000224113464,0.8708000183105469
YPR119W,YNL003C,0,-9.132204,0.10197979211807251,0.9890000224113464,0.8708999752998352
YGR144W,YJL069C,0,-9.132983,0.10196927189826965,0.9890000224113464,0.8709999918937683
YGR038W,YBR055C,0,-9.134207,0.10195876657962799,0.9890000224113464,0.8711000084877014
YBR215W,YLR069C,0,-9.135041,0.10194825381040573,0.9890000224113464,0.8712000250816345
YJL019W,YLR369W,0,-9.135681,0.10193774849176407,0.9890000224113464,0.8712999820709229
YLR350W,YIL076W,0,-9.135688,0.10192723572254181,0.9890000224113464,0.871399998664856
YLR450W,YNL330C,0,-9.135886,0.10191673785448074,0.9890000224113464,0.8715000152587891
YHR166C,YMR036C,0,-9.138157,0.10190623253583908,0.9890000224113464,0.8715999722480774
YDL101C,YIL097W,0,-9.139088,0.10189573466777802,0.9890000224113464,0.8716999888420105
YLR056W,YGR008C,0,-9.140007,0.10188523679971695,0.9890000224113464,0.8718000054359436
YLR085C,YBR161W,0,-9.140476,0.10187473893165588,0.9890000224113464,0.8719000220298767
YOR299W,YDR285W,0,-9.141732,0.10186424851417542,0.9890000224113464,0.871999979019165
YOR381W,YNL071W,0,-9.142301,0.10185375809669495,0.9890000224113464,0.8720999956130981
YIL040W,YPR121W,0,-9.142611,0.10184326767921448,0.9890000224113464,0.8722000122070312
YNR052C,YIL167W,0,-9.142851,0.1018327847123146,0.9890000224113464,0.8723000288009644
YDL198C,YAL051W,0,-9.142863,0.10182230174541473,0.9890000224113464,0.8723999857902527
YLR260W,YMR234W,0,-9.143602,0.10181181877851486,0.9890000224113464,0.8725000023841858
YAL040C,YOR295W,0,-9.144028,0.10180133581161499,0.9890000224113464,0.8726000189781189
YDR130C,YPR137W,0,-9.144666,0.10179086029529572,0.9890000224113464,0.8726999759674072
YOR150W,YER002W,1,-9.144678,0.10188329964876175,0.9900000095367432,0.8726999759674072
YEL066W,YGR123C,0,-9.144726,0.10187281668186188,0.9900000095367432,0.8727999925613403
YER122C,YKR089C,0,-9.145058,0.101862333714962,0.9900000095367432,0.8729000091552734
YLR109W,YNL123W,0,-9.14534,0.10185185074806213,0.9900000095367432,0.8730000257492065
YHL011C,YIL167W,0,-9.146857,0.10184137523174286,0.9900000095367432,0.8730999827384949
YGR254W,YPR125W,0,-9.147066,0.10183089971542358,0.9900000095367432,0.873199999332428
YLL009C,YMR016C,0,-9.147075,0.10182042419910431,0.9900000095367432,0.8733000159263611
YDR363W,YHR183W,0,-9.147361,0.10180995613336563,0.9900000095367432,0.8733999729156494
YPL181W,YGR213C,0,-9.147849,0.10179948806762695,0.9900000095367432,0.8734999895095825
YIL079C,YPR107C,0,-9.147945,0.10178902000188828,0.9900000095367432,0.8736000061035156
YBR088C,YDR077W,0,-9.147962,0.1017785519361496,0.9900000095367432,0.8737000226974487
YHR085W,YOR150W,1,-9.148993,0.10187088698148727,0.9909999966621399,0.8737000226974487
YCR075C,YJL087C,0,-9.151436,0.1018604189157486,0.9909999966621399,0.8737999796867371
YMR068W,YBL040C,0,-9.15257,0.10184995085000992,0.9909999966621399,0.8738999962806702
YPL135W,YDL105W,0,-9.153869,0.10183948278427124,0.9909999966621399,0.8740000128746033
YLR074C,YPL167C,0,-9.154381,0.10182901471853256,0.9909999966621399,0.8741000294685364
YLR423C,YDL229W,0,-9.154852,0.10181855410337448,0.9909999966621399,0.8741999864578247
YLR354C,YLR136C,0,-9.155497,0.1018080934882164,0.9909999966621399,0.8743000030517578
YER127W,YER012W,0,-9.155792,0.10179764032363892,0.9909999966621399,0.8744000196456909
YOR265W,YGL208W,0,-9.156887,0.10178717970848083,0.9909999966621399,0.8744999766349792
YJR112W,YBR114W,0,-9.157564,0.10177672654390335,0.9909999966621399,0.8745999932289124
YPR112C,YOR328W,0,-9.1576395,0.10176627337932587,0.9909999966621399,0.8747000098228455
YMR165C,YDR429C,0,-9.157778,0.10175582766532898,0.9909999966621399,0.8748000264167786
YKL004W,YOR208W,0,-9.157918,0.10174538195133209,0.9909999966621399,0.8748999834060669
YMR277W,YJR104C,0,-9.1592865,0.1017349362373352,0.9909999966621399,0.875
YKL007W,YBR198C,0,-9.159675,0.10172449052333832,0.9909999966621399,0.8751000165939331
YOR150W,YHR088W,1,-9.160765,0.10181669145822525,0.9919999837875366,0.8751000165939331
YNL332W,YML038C,0,-9.161132,0.10180623829364777,0.9919999837875366,0.8751999735832214
YOR095C,YER041W,0,-9.161215,0.10179579257965088,0.9919999837875366,0.8752999901771545
YLR390W-A,YDR283C,0,-9.16144,0.10178534686565399,0.9919999837875366,0.8754000067710876
YKL170W,YOL028C,0,-9.16189,0.1017749086022377,0.9919999837875366,0.8755000233650208
YML110C,YPL032C,0,-9.161963,0.10176446288824081,0.9919999837875366,0.8755999803543091
YLR260W,YOR348C,0,-9.161987,0.10175402462482452,0.9919999837875366,0.8756999969482422
YPR031W,YAL001C,0,-9.162431,0.10174358636140823,0.9919999837875366,0.8758000135421753
YPR042C,YDR400W,0,-9.163235,0.10173315554857254,0.9919999837875366,0.8758999705314636
YGR178C,YOR305W,0,-9.163665,0.10172272473573685,0.9919999837875366,0.8759999871253967
YGR163W,YNL251C,0,-9.166578,0.10171229392290115,0.9919999837875366,0.8761000037193298
YAR015W,YNL225C,0,-9.16667,0.10170186311006546,0.9919999837875366,0.8762000203132629
YJL058C,YDL174C,0,-9.167033,0.10169143974781036,0.9919999837875366,0.8762999773025513
YGR104C,YNL213C,0,-9.167192,0.10168101638555527,0.9919999837875366,0.8763999938964844
YHL002W,YML124C,0,-9.167425,0.10167059302330017,0.9919999837875366,0.8765000104904175
YGL116W,YFL059W,0,-9.167539,0.10166017711162567,0.9919999837875366,0.8766000270843506
YLR002C,YOR265W,0,-9.16823,0.10164976119995117,0.9919999837875366,0.8766999840736389
YGL130W,YPR051W,0,-9.169099,0.10163934528827667,0.9919999837875366,0.876800000667572
YCL038C,YBL063W,0,-9.169172,0.10162892937660217,0.9919999837875366,0.8769000172615051
YFL031W,YOR056C,0,-9.169653,0.10161852091550827,0.9919999837875366,0.8769999742507935
YHL006C,YLR139C,0,-9.169714,0.10160811245441437,0.9919999837875366,0.8770999908447266
YBR042C,YLR320W,0,-9.170446,0.10159770399332047,0.9919999837875366,0.8772000074386597
YNL116W,YDL100C,0,-9.170746,0.10158730298280716,0.9919999837875366,0.8773000240325928
YJR112W,YCL033C,0,-9.172492,0.10157690197229385,0.9919999837875366,0.8773999810218811
YPL075W,YER147C,0,-9.172572,0.10156650096178055,0.9919999837875366,0.8774999976158142
YCL061C,YGR055W,0,-9.1735115,0.10155609995126724,0.9919999837875366,0.8776000142097473
YNL275W,YBR021W,0,-9.173553,0.10154570639133453,0.9919999837875366,0.8776999711990356
YGR091W,YHR008C,0,-9.174473,0.10153531283140182,0.9919999837875366,0.8777999877929688
YML019W,YNL160W,0,-9.176218,0.10152491927146912,0.9919999837875366,0.8779000043869019
YER061C,YBR171W,0,-9.176222,0.101514533162117,0.9919999837875366,0.878000020980835
YLR233C,YOR004W,0,-9.177337,0.10150414705276489,0.9919999837875366,0.8780999779701233
YHR079C,YMR112C,0,-9.177404,0.10149376094341278,0.9919999837875366,0.8781999945640564
YMR006C,YGR042W,0,-9.177765,0.10148337483406067,0.9919999837875366,0.8783000111579895
YAL040C,YEL066W,0,-9.180081,0.10147299617528915,0.9919999837875366,0.8784000277519226
YLR071C,YBR223C,0,-9.180233,0.10146261751651764,0.9919999837875366,0.8784999847412109
YGL236C,YDR484W,0,-9.181208,0.10145223885774612,0.9919999837875366,0.878600001335144
YOR279C,YPL019C,0,-9.182001,0.1014418676495552,0.9919999837875366,0.8787000179290771
YBR199W,YBR154C,0,-9.183055,0.10143149644136429,0.9919999837875366,0.8787999749183655
YEL024W,YGL044C,0,-9.184134,0.10142112523317337,0.9919999837875366,0.8788999915122986
YDR461W,YKR090W,0,-9.185827,0.10141075402498245,0.9919999837875366,0.8790000081062317
YOR120W,YHR014W,0,-9.186516,0.10140039026737213,0.9919999837875366,0.8791000247001648
YKL002W,YCR040W,0,-9.187107,0.10139002650976181,0.9919999837875366,0.8791999816894531
YBR228W,YBR143C,0,-9.187259,0.10137966275215149,0.9919999837875366,0.8792999982833862
YKL201C,YIL126W,0,-9.18935,0.10136930644512177,0.9919999837875366,0.8794000148773193
YGR029W,YPL092W,0,-9.189602,0.10135894268751144,0.9919999837875366,0.8794999718666077
YGL174W,YDR294C,0,-9.190758,0.10134859383106232,0.9919999837875366,0.8795999884605408
YAL059W,YMR208W,0,-9.191416,0.10133823752403259,0.9919999837875366,0.8797000050544739
YDL120W,YOR162C,0,-9.193687,0.10132788866758347,0.9919999837875366,0.879800021648407
YBL106C,YJL045W,0,-9.193895,0.10131753981113434,0.9919999837875366,0.8798999786376953
YOR150W,YDR312W,1,-9.1947,0.10140931606292725,0.9929999709129333,0.8798999786376953
YOL021C,YLR382C,0,-9.196259,0.10139895975589752,0.9929999709129333,0.8799999952316284
YDR494W,YFL026W,0,-9.19719,0.1013886034488678,0.9929999709129333,0.8801000118255615
YHR183W,YHR030C,0,-9.197518,0.10137825459241867,0.9929999709129333,0.8802000284194946
YLR231C,YPL130W,0,-9.197552,0.10136790573596954,0.9929999709129333,0.880299985408783
YHR114W,YPR113W,0,-9.198255,0.10135755687952042,0.9929999709129333,0.8804000020027161
YDR106W,YEL063C,0,-9.198534,0.10134721547365189,0.9929999709129333,0.8805000185966492
YCR089W,YHR183W,0,-9.198607,0.10133687406778336,0.9929999709129333,0.8805999755859375
YJL201W,YDR078C,0,-9.199415,0.10132653266191483,0.9929999709129333,0.8806999921798706
YGL025C,YKL178C,0,-9.199607,0.1013161912560463,0.9929999709129333,0.8808000087738037
YDL039C,YMR322C,0,-9.200831,0.10130585730075836,0.9929999709129333,0.8809000253677368
YDR153C,YPL076W,0,-9.202106,0.10129552334547043,0.9929999709129333,0.8809999823570251
YKR003W,YLR150W,0,-9.202919,0.1012851893901825,0.9929999709129333,0.8810999989509583
YFR008W,YPL036W,0,-9.203356,0.10127486288547516,0.9929999709129333,0.8812000155448914
YLR411W,YCR066W,0,-9.203554,0.10126452893018723,0.9929999709129333,0.8812999725341797
YMR033W,YDR479C,0,-9.20368,0.10125420987606049,0.9929999709129333,0.8813999891281128
YNL156C,YNL313C,0,-9.204476,0.10124388337135315,0.9929999709129333,0.8815000057220459
YEL017C-A,YMR227C,0,-9.20477,0.10123356431722641,0.9929999709129333,0.881600022315979
YPR019W,YPL170W,0,-9.20545,0.10122324526309967,0.9929999709129333,0.8816999793052673
YDL002C,YAL017W,0,-9.205503,0.10121292620897293,0.9929999709129333,0.8817999958992004
YLR350W,YPR088C,0,-9.205921,0.10120260715484619,0.9929999709129333,0.8819000124931335
YLR284C,YJL056C,0,-9.205931,0.10119229555130005,0.9929999709129333,0.8820000290870667
YCR014C,YLR139C,0,-9.206205,0.1011819839477539,0.9929999709129333,0.882099986076355
YBR247C,YDL077C,0,-9.206675,0.10117167234420776,0.9929999709129333,0.8822000026702881
YGR188C,YOR328W,0,-9.206785,0.10116136819124222,0.9929999709129333,0.8823000192642212
YPL119C,YDR288W,0,-9.206972,0.10115106403827667,0.9929999709129333,0.8823999762535095
YJL019W,YJL222W,0,-9.207153,0.10114075988531113,0.9929999709129333,0.8824999928474426
YJR119C,YER125W,0,-9.208167,0.10113046318292618,0.9929999709129333,0.8826000094413757
YEL050C,YIL135C,0,-9.208325,0.10112016648054123,0.9929999709129333,0.8827000260353088
YOR316C,YMR182C,0,-9.208846,0.10110986977815628,0.9929999709129333,0.8827999830245972
YLR150W,YAL002W,0,-9.209501,0.10109957307577133,0.9929999709129333,0.8828999996185303
YLR264W,YGR046W,0,-9.209604,0.10108928382396698,0.9929999709129333,0.8830000162124634
YPL160W,YLL040C,0,-9.210554,0.10107898712158203,0.9929999709129333,0.8830999732017517
YGL033W,YOR348C,0,-9.211126,0.10106870532035828,0.9929999709129333,0.8831999897956848
YHL028W,YNL107W,0,-9.211848,0.10105841606855392,0.9929999709129333,0.8833000063896179
YNL182C,YOR150W,1,-9.212118,0.10114989429712296,0.9940000176429749,0.8833000063896179
YMR168C,YHR196W,0,-9.212543,0.101139597594738,0.9940000176429749,0.883400022983551
YGR183C,YIL138C,0,-9.213123,0.10112930834293365,0.9940000176429749,0.8834999799728394
YGR157W,YJL035C,0,-9.213311,0.1011190265417099,0.9940000176429749,0.8835999965667725
YOR275C,YOR229W,0,-9.213356,0.10110873728990555,0.9940000176429749,0.8837000131607056
YLR411W,YDR062W,0,-9.213394,0.1010984554886818,0.9940000176429749,0.8838000297546387
YDR218C,YKL041W,0,-9.214556,0.10108817368745804,0.9940000176429749,0.883899986743927
YMR314W,YBR182C,0,-9.215282,0.10107789188623428,0.9940000176429749,0.8840000033378601
YBR213W,YDR073W,0,-9.215569,0.10106761753559113,0.9940000176429749,0.8841000199317932
YGR089W,YDR479C,0,-9.216532,0.10105734318494797,0.9940000176429749,0.8841999769210815
YKL201C,YHR014W,0,-9.216891,0.10104706883430481,0.9940000176429749,0.8842999935150146
YDR173C,YGL028C,0,-9.218119,0.10103679448366165,0.9940000176429749,0.8844000101089478
YOR237W,YCL010C,0,-9.218991,0.10102652758359909,0.9940000176429749,0.8845000267028809
YOR028C,YOR297C,0,-9.2203045,0.10101626068353653,0.9940000176429749,0.8845999836921692
YJR105W,YPR101W,0,-9.22076,0.10100599378347397,0.9940000176429749,0.8847000002861023
YML094W,YHR001W,0,-9.221055,0.100995734333992,0.9940000176429749,0.8848000168800354
YLL002W,YBR223C,0,-9.221079,0.10098547488451004,0.9940000176429749,0.8848999738693237
YGR166W,YNL310C,0,-9.22165,0.10097521543502808,0.9940000176429749,0.8849999904632568
YNL036W,YGL162W,0,-9.224452,0.10096495598554611,0.9940000176429749,0.8851000070571899
YDL209C,YOL026C,0,-9.226591,0.10095470398664474,0.9940000176429749,0.885200023651123
YDR148C,YKL178C,0,-9.22724,0.10094445198774338,0.9940000176429749,0.8852999806404114
YPL254W,YJL063C,0,-9.227534,0.10093419998884201,0.9940000176429749,0.8853999972343445
YDR148C,YIL115C,0,-9.2276,0.10092394798994064,0.9940000176429749,0.8855000138282776
YPR141C,YNR047W,0,-9.227625,0.10091370344161987,0.9940000176429749,0.8855999708175659
YOR150W,YGR103W,1,-9.22769,0.10100497305393219,0.9950000047683716,0.8855999708175659
YDR487C,YJL045W,0,-9.227754,0.10099472105503082,0.9950000047683716,0.885699987411499
YJL005W,YIL026C,0,-9.22831,0.10098446905612946,0.9950000047683716,0.8858000040054321
YJL054W,YJL056C,0,-9.22928,0.10097422450780869,0.9950000047683716,0.8859000205993652
YBL013W,YOL094C,0,-9.230105,0.10096397995948792,0.9950000047683716,0.8859999775886536
YGR254W,YMR117C,0,-9.230147,0.10095373541116714,0.9950000047683716,0.8860999941825867
YPL175W,YJL164C,0,-9.230258,0.10094349086284637,0.9950000047683716,0.8862000107765198
YPL086C,YBR082C,0,-9.230269,0.1009332537651062,0.9950000047683716,0.8863000273704529
YLR411W,YOL093W,0,-9.230331,0.10092301666736603,0.9950000047683716,0.8863999843597412
YPR031W,YPR054W,0,-9.2315,0.10091277956962585,0.9950000047683716,0.8865000009536743
YLL009C,YDR162C,0,-9.231522,0.10090254247188568,0.9950000047683716,0.8866000175476074
YIR008C,YMR096W,0,-9.231888,0.1008923128247261,0.9950000047683716,0.8866999745368958
YPL159C,YNL247W,0,-9.232282,0.10088208317756653,0.9950000047683716,0.8867999911308289
YDL174C,YNL151C,0,-9.2326355,0.10087186098098755,0.9950000047683716,0.886900007724762
YMR236W,YBR126C,0,-9.233328,0.10086163133382797,0.9950000047683716,0.8870000243186951
YLR382C,YBR293W,0,-9.233356,0.10085140913724899,0.9950000047683716,0.8870999813079834
YKL206C,YOR173W,0,-9.234239,0.10084118694067001,0.9950000047683716,0.8871999979019165
YNL037C,YPL129W,0,-9.235154,0.10083097219467163,0.9950000047683716,0.8873000144958496
YDL174C,YGR099W,0,-9.235737,0.10082074999809265,0.9950000047683716,0.8873999714851379
YOR281C,YMR190C,0,-9.236527,0.10081053525209427,0.9950000047683716,0.887499988079071
YLL043W,YCL052C,0,-9.236959,0.10080032050609589,0.9950000047683716,0.8876000046730042
YKL052C,YKR089C,0,-9.23706,0.1007901132106781,0.9950000047683716,0.8877000212669373
YLR113W,YHR148W,0,-9.237242,0.10077990591526031,0.9950000047683716,0.8877999782562256
YMR237W,YPR008W,0,-9.238922,0.10076969861984253,0.9950000047683716,0.8878999948501587
YJL042W,YKL214C,0,-9.23951,0.10075949132442474,0.9950000047683716,0.8880000114440918
YML006C,YGR193C,0,-9.239527,0.10074929147958755,0.9950000047683716,0.8881000280380249
YNR057C,YBR118W,0,-9.24063,0.10073909163475037,0.9950000047683716,0.8881999850273132
YOR288C,YOR298W,0,-9.240732,0.10072889178991318,0.9950000047683716,0.8883000016212463
YKL186C,YGL038C,0,-9.241121,0.10071869939565659,0.9950000047683716,0.8884000182151794
YDR179C,YCR067C,0,-9.242159,0.1007084995508194,0.9950000047683716,0.8884999752044678
YHR082C,YOR047C,0,-9.242765,0.1006983071565628,0.9950000047683716,0.8885999917984009
YMR292W,YPR007C,0,-9.243391,0.10068812221288681,0.9950000047683716,0.888700008392334
YHR038W,YIL144W,0,-9.243419,0.10067792981863022,0.9950000047683716,0.8888000249862671
YOR030W,YGL048C,0,-9.244405,0.10066774487495422,0.9950000047683716,0.8888999819755554
YLR035C,YBR088C,0,-9.247009,0.10065755993127823,0.9950000047683716,0.8889999985694885
YOR023C,YOR265W,0,-9.247278,0.10064738243818283,0.9950000047683716,0.8891000151634216
YDR036C,YLR002C,0,-9.247681,0.10063719749450684,0.9950000047683716,0.88919997215271
YJL178C,YMR070W,0,-9.247841,0.10062702000141144,0.9950000047683716,0.8892999887466431
YOR257W,YPL137C,0,-9.248966,0.10061684995889664,0.9950000047683716,0.8894000053405762
YCR034W,YDL090C,0,-9.251104,0.10060667246580124,0.9950000047683716,0.8895000219345093
YBL069W,YJL020C,0,-9.25251,0.10059650242328644,0.9950000047683716,0.8895999789237976
YGL099W,YOL003C,0,-9.25268,0.10058633238077164,0.9950000047683716,0.8896999955177307
YNL117W,YBR167C,0,-9.253109,0.10057616233825684,0.9950000047683716,0.8898000121116638
YLR214W,YDL005C,0,-9.253679,0.10056599974632263,0.9950000047683716,0.8899000287055969
YDR171W,YER007W,0,-9.255741,0.10055583715438843,0.9950000047683716,0.8899999856948853
YNR035C,YBR195C,0,-9.255834,0.10054567456245422,0.9950000047683716,0.8901000022888184
YAL024C,YLR134W,0,-9.258177,0.10053551942110062,0.9950000047683716,0.8902000188827515
YEL022W,YCL034W,0,-9.258251,0.10052535682916641,0.9950000047683716,0.8902999758720398
YBR153W,YLR386W,0,-9.259024,0.1005152016878128,0.9950000047683716,0.8903999924659729
YNR027W,YGR070W,0,-9.259406,0.1005050539970398,0.9950000047683716,0.890500009059906
YHR115C,YCL040W,0,-9.259432,0.10049489885568619,0.9950000047683716,0.8906000256538391
YNR074C,YLR044C,0,-9.259557,0.10048475116491318,0.9950000047683716,0.8906999826431274
YGR289C,YGR135W,0,-9.261881,0.10047460347414017,0.9950000047683716,0.8907999992370605
YER129W,YJL036W,0,-9.262956,0.10046445578336716,0.9950000047683716,0.8909000158309937
YNL159C,YEL053C,0,-9.262995,0.10045431554317474,0.9950000047683716,0.890999972820282
YMR022W,YBL075C,0,-9.263331,0.10044417530298233,0.9950000047683716,0.8910999894142151
YHR188C,YPL240C,0,-9.263684,0.10043403506278992,0.9950000047683716,0.8912000060081482
YOR113W,YNL099C,0,-9.263688,0.1004239022731781,0.9950000047683716,0.8913000226020813
YMR136W,YLL012W,0,-9.264225,0.10041376203298569,0.9950000047683716,0.8913999795913696
YLR276C,YOR150W,1,-9.264443,0.10050453990697861,0.9959999918937683,0.8913999795913696
YPR019W,YNR059W,0,-9.264969,0.1004943996667862,0.9959999918937683,0.8914999961853027
YNL007C,YER049W,0,-9.265198,0.10048425942659378,0.9959999918937683,0.8916000127792358
YIR010W,YBR170C,0,-9.266255,0.10047412663698196,0.9959999918937683,0.891700029373169
YDR216W,YMR146C,0,-9.266303,0.10046399384737015,0.9959999918937683,0.8917999863624573
YOL042W,YIL066C,0,-9.268806,0.10045386105775833,0.9959999918937683,0.8919000029563904
YIL154C,YLR212C,0,-9.269067,0.10044372826814651,0.9959999918937683,0.8920000195503235
YDR110W,YLR069C,0,-9.269276,0.1004335954785347,0.9959999918937683,0.8920999765396118
YGL209W,YIL076W,0,-9.269751,0.10042347013950348,0.9959999918937683,0.8921999931335449
YHL024W,YJL192C,0,-9.2697935,0.10041334480047226,0.9959999918937683,0.892300009727478
YPL097W,YIL122W,0,-9.270027,0.10040322691202164,0.9959999918937683,0.8924000263214111
YLR144C,YPR031W,0,-9.270225,0.10039310902357101,0.9959999918937683,0.8924999833106995
YLR214W,YIL135C,0,-9.270679,0.1003829836845398,0.9959999918937683,0.8925999999046326
YOR150W,YKR081C,1,-9.272257,0.10047364979982376,0.996999979019165,0.8925999999046326
YDR225W,YBR193C,0,-9.2748575,0.10046352446079254,0.996999979019165,0.8927000164985657
YHR011W,YMR080C,0,-9.274868,0.10045339912176132,0.996999979019165,0.892799973487854
YKL140W,YOL109W,0,-9.275404,0.1004432812333107,0.996999979019165,0.8928999900817871
YOR226C,YPL092W,0,-9.276373,0.10043316334486008,0.996999979019165,0.8930000066757202
YML086C,YCR020C,0,-9.276468,0.10042304545640945,0.996999979019165,0.8931000232696533
YOR147W,YCL069W,0,-9.27688,0.10041293501853943,0.996999979019165,0.8931999802589417
YFR055W,YLR092W,0,-9.2781925,0.1004028171300888,0.996999979019165,0.8932999968528748
YOR351C,YIL139C,0,-9.278513,0.10039270669221878,0.996999979019165,0.8934000134468079
YLR134W,YAL047C,0,-9.279308,0.10038260370492935,0.996999979019165,0.8934999704360962
YMR164C,YMR125W,0,-9.279436,0.10037249326705933,0.996999979019165,0.8935999870300293
YIR037W,YER024W,0,-9.279973,0.1003623902797699,0.996999979019165,0.8937000036239624
YDR140W,YKL035W,0,-9.281,0.10035228729248047,0.996999979019165,0.8938000202178955
YOR100C,YNL102W,0,-9.282285,0.10034219175577164,0.996999979019165,0.8938999772071838
YPL178W,YDR096W,0,-9.284576,0.10033208876848221,0.996999979019165,0.8939999938011169
YPR008W,YDR285W,0,-9.284858,0.10032199323177338,0.996999979019165,0.89410001039505
YLR226W,YNL051W,0,-9.284885,0.10031190514564514,0.996999979019165,0.8942000269889832
YHR120W,YNR049C,0,-9.28528,0.10030180960893631,0.996999979019165,0.8942999839782715
YER049W,YBR173C,0,-9.286052,0.10029172152280807,0.996999979019165,0.8944000005722046
YPL095C,YCR034W,0,-9.287367,0.10028163343667984,0.996999979019165,0.8945000171661377
YDL115C,YOR301W,0,-9.289528,0.1002715453505516,0.996999979019165,0.894599974155426
YIR028W,YEL017C-A,0,-9.289774,0.10026146471500397,0.996999979019165,0.8946999907493591
YDR072C,YKL081W,0,-9.291662,0.10025138407945633,0.996999979019165,0.8948000073432922
YDR311W,YMR241W,0,-9.291916,0.10024130344390869,0.996999979019165,0.8949000239372253
YOR207C,YPL007C,0,-9.292568,0.10023122280836105,0.996999979019165,0.8949999809265137
YLL003W,YPR133W-A,0,-9.292909,0.10022114962339401,0.996999979019165,0.8950999975204468
YLR246W,YPL063W,0,-9.2960415,0.10021107643842697,0.996999979019165,0.8952000141143799
YDR448W,YPL087W,0,-9.296837,0.10020100325345993,0.996999979019165,0.8952999711036682
YPR093C,YDR002W,0,-9.296873,0.10019093751907349,0.996999979019165,0.8953999876976013
YOR334W,YBR223C,0,-9.296994,0.10018087178468704,0.996999979019165,0.8955000042915344
YCR005C,YBL057C,0,-9.297607,0.1001708060503006,0.996999979019165,0.8956000208854675
YBR244W,YDR113C,0,-9.298391,0.10016074031591415,0.996999979019165,0.8956999778747559
YMR312W,YNL325C,0,-9.299034,0.10015067458152771,0.996999979019165,0.895799994468689
YOL065C,YHR152W,0,-9.299113,0.10014061629772186,0.996999979019165,0.8959000110626221
YGL029W,YJR040W,0,-9.299581,0.10013055801391602,0.996999979019165,0.8960000276565552
YKL119C,YLR337C,0,-9.300307,0.10012050718069077,0.996999979019165,0.8960999846458435
YMR033W,YKL126W,0,-9.300936,0.10011045634746552,0.996999979019165,0.8962000012397766
YPL217C,YDL132W,0,-9.301347,0.10010039806365967,0.996999979019165,0.8963000178337097
YOR304W,YPR167C,0,-9.301728,0.10009035468101501,0.996999979019165,0.896399974822998
YBR202W,YLR016C,0,-9.302135,0.10008030384778976,0.996999979019165,0.8964999914169312
YGR157W,YKL189W,0,-9.302574,0.10007026046514511,0.996999979019165,0.8966000080108643
YER119C,YPL255W,0,-9.302774,0.10006021708250046,0.996999979019165,0.8967000246047974
YNR049C,YKL020C,0,-9.30315,0.1000501736998558,0.996999979019165,0.8967999815940857
YGL005C,YMR308C,0,-9.303314,0.10004013776779175,0.996999979019165,0.8968999981880188
YER021W,YMR059W,0,-9.305791,0.10003010183572769,0.996999979019165,0.8970000147819519
YMR135C,YNL309W,0,-9.30651,0.10002006590366364,0.996999979019165,0.8970999717712402
YDL208W,YFL059W,0,-9.30692,0.10001002997159958,0.996999979019165,0.8971999883651733
YFL056C,YLR212C,0,-9.307377,0.10000000149011612,0.996999979019165,0.8973000049591064
YLR175W,YLR361C,0,-9.307661,0.09998997300863266,0.996999979019165,0.8974000215530396
YBR021W,YKR053C,0,-9.307791,0.0999799445271492,0.996999979019165,0.8974999785423279
YGL071W,YMR161W,0,-9.30861,0.09996991604566574,0.996999979019165,0.897599995136261
YGL246C,YNL025C,0,-9.308874,0.09995989501476288,0.996999979019165,0.8977000117301941
YPR201W,YOR362C,0,-9.309038,0.09994987398386002,0.996999979019165,0.8978000283241272
YBR212W,YJL109C,0,-9.309537,0.09993985295295715,0.996999979019165,0.8978999853134155
YHR036W,YJL167W,0,-9.310216,0.09992983937263489,0.996999979019165,0.8980000019073486
YML004C,YCL066W,0,-9.31259,0.09991982579231262,0.996999979019165,0.8981000185012817
YJR065C,YKL125W,0,-9.313827,0.09990981221199036,0.996999979019165,0.8981999754905701
YLR207W,YGR020C,0,-9.314276,0.09989979863166809,0.996999979019165,0.8982999920845032
YKR054C,YDR148C,0,-9.314377,0.09988979250192642,0.996999979019165,0.8984000086784363
YJR078W,YMR211W,0,-9.315346,0.09987978637218475,0.996999979019165,0.8985000252723694
YLR265C,YGR080W,0,-9.316206,0.09986978024244308,0.996999979019165,0.8985999822616577
YPL196W,YBL046W,0,-9.317757,0.09985977411270142,0.996999979019165,0.8986999988555908
YMR211W,YNL012W,0,-9.318581,0.09984977543354034,0.996999979019165,0.8988000154495239
YJR031C,YEL065W,0,-9.319136,0.09983977675437927,0.996999979019165,0.8988999724388123
YJL071W,YPL135W,0,-9.320007,0.0998297780752182,0.996999979019165,0.8989999890327454
YAR007C,YIL153W,0,-9.3213005,0.09981978684663773,0.996999979019165,0.8991000056266785
YIL004C,YIR028W,0,-9.321459,0.09980978816747665,0.996999979019165,0.8992000222206116
YNR030W,YDR110W,0,-9.322005,0.09979979693889618,0.996999979019165,0.8992999792098999
YML130C,YER147C,0,-9.322321,0.0997898131608963,0.996999979019165,0.899399995803833
YJL116C,YDL201W,0,-9.325651,0.09977982193231583,0.996999979019165,0.8995000123977661
YML075C,YDL148C,0,-9.3258705,0.09976983815431595,0.996999979019165,0.8996000289916992
YMR188C,YGR128C,0,-9.326789,0.09975985437631607,0.996999979019165,0.8996999859809875
YJL101C,YDR194C,0,-9.326948,0.09974987804889679,0.996999979019165,0.8998000025749207
YOR354C,YLR014C,0,-9.3279505,0.09973989427089691,0.996999979019165,0.8999000191688538
YDR255C,YGL044C,0,-9.3280735,0.09972991794347763,0.996999979019165,0.8999999761581421
YPR167C,YMR268C,0,-9.328395,0.09971994161605835,0.996999979019165,0.9000999927520752
YJL196C,YLR368W,0,-9.328446,0.09970997273921967,0.996999979019165,0.9002000093460083
YOR133W,YIL075C,0,-9.329241,0.09969999641180038,0.996999979019165,0.9003000259399414
YBL019W,YJL033W,0,-9.3317375,0.0996900275349617,0.996999979019165,0.9003999829292297
YDL030W,YLL040C,0,-9.331968,0.09968006610870361,0.996999979019165,0.9004999995231628
YDR361C,YCR098C,0,-9.332114,0.09967009723186493,0.996999979019165,0.900600016117096
YKR065C,YOR279C,0,-9.332542,0.09966013580560684,0.996999979019165,0.9006999731063843
YGL087C,YDR280W,0,-9.333425,0.09965017437934875,0.996999979019165,0.9007999897003174
YGR075C,YDL130W-A,0,-9.334059,0.09964021295309067,0.996999979019165,0.9009000062942505
YNR007C,YHR172W,0,-9.334644,0.09963025897741318,0.996999979019165,0.9010000228881836
YKL001C,YDL015C,0,-9.3357935,0.09962030500173569,0.996999979019165,0.9010999798774719
YHR092C,YMR163C,0,-9.335871,0.0996103510260582,0.996999979019165,0.901199996471405
YGR159C,YGL212W,0,-9.336475,0.0996003970503807,0.996999979019165,0.9013000130653381
YDL004W,YHR165C,0,-9.3367,0.09959045052528381,0.996999979019165,0.9014000296592712
YNL188W,YMR133W,0,-9.3369255,0.09958050400018692,0.996999979019165,0.9014999866485596
YGR200C,YOR020C,0,-9.336943,0.09957055747509003,0.996999979019165,0.9016000032424927
YML091C,YLR466W,0,-9.339312,0.09956061840057373,0.996999979019165,0.9017000198364258
YOL094C,YPL152W,0,-9.339457,0.09955067187547684,0.996999979019165,0.9017999768257141
YDL178W,YLR033W,0,-9.3395,0.09954073280096054,0.996999979019165,0.9018999934196472
YMR312W,YGL205W,0,-9.340347,0.09953080117702484,0.996999979019165,0.9020000100135803
YOR136W,YOR048C,0,-9.340584,0.09952086210250854,0.996999979019165,0.9021000266075134
YLR158C,YPR161C,0,-9.340672,0.09951093047857285,0.996999979019165,0.9021999835968018
YOR354C,YMR053C,0,-9.340695,0.09950099885463715,0.996999979019165,0.9023000001907349
YML019W,YNL279W,0,-9.340744,0.09949106723070145,0.996999979019165,0.902400016784668
YGR156W,YNL333W,0,-9.340813,0.09948114305734634,0.996999979019165,0.9024999737739563
YJR147W,YBR082C,0,-9.343557,0.09947121888399124,0.996999979019165,0.9025999903678894
YLR158C,YDL213C,0,-9.344521,0.09946129471063614,0.996999979019165,0.9027000069618225
YKL092C,YHL011C,0,-9.346197,0.09945137053728104,0.996999979019165,0.9028000235557556
YPL204W,YNL160W,0,-9.348164,0.09944145381450653,0.996999979019165,0.902899980545044
YJL053W,YNL283C,0,-9.350898,0.09943153709173203,0.996999979019165,0.902999997138977
YOR168W,YLR107W,0,-9.352348,0.09942162036895752,0.996999979019165,0.9031000137329102
YLL001W,YCR089W,0,-9.352492,0.09941170364618301,0.996999979019165,0.9031999707221985
YKR009C,YEL053C,0,-9.352758,0.0994017943739891,0.996999979019165,0.9032999873161316
YMR023C,YGR241C,0,-9.352812,0.0993918851017952,0.996999979019165,0.9034000039100647
YBR088C,YHR030C,0,-9.352887,0.09938197582960129,0.996999979019165,0.9035000205039978
YDR459C,YOR132W,0,-9.353751,0.09937207400798798,0.996999979019165,0.9035999774932861
YJR055W,YGR178C,0,-9.354042,0.09936217218637466,0.996999979019165,0.9036999940872192
YHL006C,YNL066W,0,-9.354365,0.09935227036476135,0.996999979019165,0.9038000106811523
YAL033W,YBR293W,0,-9.357679,0.09934236854314804,0.996999979019165,0.9039000272750854
YNL062C,YFR050C,0,-9.357727,0.09933246672153473,0.996999979019165,0.9039999842643738
YPL057C,YPR056W,0,-9.358151,0.09932257235050201,0.996999979019165,0.9041000008583069
YKR036C,YDR251W,0,-9.358216,0.0993126779794693,0.996999979019165,0.90420001745224
YIR013C,YFL059W,0,-9.358513,0.09930279105901718,0.996999979019165,0.9042999744415283
YLR085C,YCR057C,0,-9.359242,0.09929289668798447,0.996999979019165,0.9043999910354614
YEL018W,YPL057C,0,-9.359267,0.09928300976753235,0.996999979019165,0.9045000076293945
YBL099W,YJL125C,0,-9.359471,0.09927312284708023,0.996999979019165,0.9046000242233276
YKR036C,YDL188C,0,-9.360573,0.09926324337720871,0.996999979019165,0.904699981212616
YGR254W,YNL207W,0,-9.361624,0.09925335645675659,0.996999979019165,0.9047999978065491
YDR523C,YDL084W,0,-9.362006,0.09924347698688507,0.996999979019165,0.9049000144004822
YOL158C,YJL092W,0,-9.362683,0.09923360496759415,0.996999979019165,0.9049999713897705
YDR129C,YIR011C,0,-9.363199,0.09922372549772263,0.996999979019165,0.9050999879837036
YJR065C,YLR103C,0,-9.365019,0.0992138534784317,0.996999979019165,0.9052000045776367
YML116W,YOR003W,0,-9.36504,0.09920398145914078,0.996999979019165,0.9053000211715698
YOR373W,YJL222W,0,-9.365366,0.09919410943984985,0.996999979019165,0.9053999781608582
YDR184C,YDR443C,0,-9.36684,0.09918424487113953,0.996999979019165,0.9054999947547913
YNL169C,YER103W,0,-9.367922,0.0991743728518486,0.996999979019165,0.9056000113487244
YMR023C,YLR197W,0,-9.368911,0.09916450828313828,0.996999979019165,0.9057000279426575
YNL097C,YIL066C,0,-9.369732,0.09915465116500854,0.996999979019165,0.9057999849319458
YNL015W,YBR182C,0,-9.369824,0.09914478659629822,0.996999979019165,0.9059000015258789
YGL017W,YGL104C,0,-9.369958,0.09913492947816849,0.996999979019165,0.906000018119812
YOR075W,YOR359W,0,-9.370522,0.09912507236003876,0.996999979019165,0.9060999751091003
YMR035W,YBR195C,0,-9.371795,0.09911522269248962,0.996999979019165,0.9061999917030334
YLR260W,YPR132W,0,-9.372152,0.0991053655743599,0.996999979019165,0.9063000082969666
YCR075C,YDR489W,0,-9.372855,0.09909551590681076,0.996999979019165,0.9064000248908997
YBR004C,YIR017C,0,-9.374142,0.09908566623926163,0.996999979019165,0.906499981880188
YDR216W,YER100W,0,-9.37505,0.09907582402229309,0.996999979019165,0.9065999984741211
YDL132W,YHR123W,0,-9.375914,0.09906597435474396,0.996999979019165,0.9067000150680542
YLR451W,YNL055C,0,-9.376524,0.09905613213777542,0.996999979019165,0.9067999720573425
YER062C,YNL082W,0,-9.378187,0.09904629737138748,0.996999979019165,0.9068999886512756
YOR113W,YHR098C,0,-9.379242,0.09903645515441895,0.996999979019165,0.9070000052452087
YLL022C,YHR074W,0,-9.380154,0.099026620388031,0.996999979019165,0.9071000218391418
YER056C,YIL135C,0,-9.381273,0.09901678562164307,0.996999979019165,0.9071999788284302
YAL025C,YOR150W,1,-9.382124,0.09910625964403152,0.9980000257492065,0.9071999788284302
YOR074C,YDR256C,0,-9.382474,0.09909641742706299,0.9980000257492065,0.9072999954223633
YER007W,YGR008C,0,-9.384239,0.09908657521009445,0.9980000257492065,0.9074000120162964
YCL067C,YLR150W,0,-9.385099,0.09907674044370651,0.9980000257492065,0.9075000286102295
YGR278W,YBR006W,0,-9.386103,0.09906690567731857,0.9980000257492065,0.9075999855995178
YGR171C,YNR047W,0,-9.386625,0.09905707091093063,0.9980000257492065,0.9077000021934509
YOR310C,YDL244W,0,-9.386946,0.09904724359512329,0.9980000257492065,0.907800018787384
YBR286W,YMR145C,0,-9.390194,0.09903740882873535,0.9980000257492065,0.9078999757766724
YDL223C,YOR129C,0,-9.391872,0.09902758151292801,0.9980000257492065,0.9079999923706055
YNR056C,YDR346C,0,-9.392404,0.09901776164770126,0.9980000257492065,0.9081000089645386
YKL186C,YMR140W,0,-9.39267,0.09900793433189392,0.9980000257492065,0.9082000255584717
YMR316W,YOL023W,0,-9.392718,0.09899811446666718,0.9980000257492065,0.90829998254776
YHL002W,YGL137W,0,-9.395693,0.09898829460144043,0.9980000257492065,0.9083999991416931
YNL294C,YDR045C,0,-9.3962345,0.09897848218679428,0.9980000257492065,0.9085000157356262
YOL080C,YNL334C,0,-9.3965025,0.09896866232156754,0.9980000257492065,0.9085999727249146
YDL227C,YBR216C,0,-9.396612,0.09895884990692139,0.9980000257492065,0.9086999893188477
YOR320C,YDR129C,0,-9.39683,0.09894903749227524,0.9980000257492065,0.9088000059127808
YNL293W,YGR072W,0,-9.398043,0.09893922507762909,0.9980000257492065,0.9089000225067139
YAL010C,YNL072W,0,-9.398595,0.09892942011356354,0.9980000257492065,0.9089999794960022
YPL217C,YJL045W,0,-9.400218,0.09891961514949799,0.9980000257492065,0.9090999960899353
YLR139C,YOR162C,0,-9.40166,0.09890981018543243,0.9980000257492065,0.9092000126838684
YKR025W,YFR004W,0,-9.4020195,0.09890001267194748,0.9980000257492065,0.9093000292778015
YPL061W,YLR181C,0,-9.403111,0.09889020770788193,0.9980000257492065,0.9093999862670898
YOR208W,YOL005C,0,-9.403675,0.09888041019439697,0.9980000257492065,0.909500002861023
YDR118W,YMR305C,0,-9.404878,0.09887061268091202,0.9980000257492065,0.909600019454956
YGR264C,YEL057C,0,-9.405302,0.09886082261800766,0.9980000257492065,0.9096999764442444
YPL001W,YDR258C,0,-9.40567,0.0988510325551033,0.9980000257492065,0.9097999930381775
YGL236C,YML013W,0,-9.405989,0.09884124249219894,0.9980000257492065,0.9099000096321106
YJL100W,YKL154W,0,-9.4072075,0.09883145242929459,0.9980000257492065,0.9100000262260437
YLR423C,YMR127C,0,-9.408584,0.09882166236639023,0.9980000257492065,0.910099983215332
YPL187W,YGR055W,0,-9.4091215,0.09881187975406647,0.9980000257492065,0.9101999998092651
YNL062C,YML001W,0,-9.40968,0.0988020971417427,0.9980000257492065,0.9103000164031982
YDR130C,YHR196W,0,-9.410007,0.09879232197999954,0.9980000257492065,0.9103999733924866
YJL179W,YDR320C,0,-9.411901,0.09878253936767578,0.9980000257492065,0.9104999899864197
YMR287C,YPL092W,0,-9.412324,0.09877276420593262,0.9980000257492065,0.9106000065803528
YLL027W,YJL080C,0,-9.412439,0.09876298904418945,0.9980000257492065,0.9107000231742859
YNL082W,YPL123C,0,-9.412907,0.09875321388244629,0.9980000257492065,0.9107999801635742
YEL030W,YBL055C,0,-9.413139,0.09874344617128372,0.9980000257492065,0.9108999967575073
YMR058W,YCR073C,0,-9.415749,0.09873367846012115,0.9980000257492065,0.9110000133514404
YLR176C,YPL063W,0,-9.418005,0.09872391074895859,0.9980000257492065,0.9110999703407288
YCL038C,YOR194C,0,-9.419122,0.09871414303779602,0.9980000257492065,0.9111999869346619
YHL011C,YJR035W,0,-9.419607,0.09870438277721405,0.9980000257492065,0.911300003528595
YOR259C,YCR073C,0,-9.420174,0.09869462251663208,0.9980000257492065,0.9114000201225281
YNL271C,YPL045W,0,-9.420195,0.09868486225605011,0.9980000257492065,0.9114999771118164
YDL069C,YGL001C,0,-9.423809,0.09867510199546814,0.9980000257492065,0.9115999937057495
YPL006W,YNR011C,0,-9.425042,0.09866534918546677,0.9980000257492065,0.9117000102996826
YLR383W,YDR218C,0,-9.425161,0.0986555963754654,0.9980000257492065,0.9118000268936157
YLR155C,YGL205W,0,-9.425768,0.09864584356546402,0.9980000257492065,0.911899983882904
YPL149W,YNR034W,0,-9.427147,0.09863609075546265,0.9980000257492065,0.9120000004768372
YIL007C,YJL087C,0,-9.427861,0.09862634539604187,0.9980000257492065,0.9121000170707703
YDL108W,YCR091W,0,-9.427997,0.0986166000366211,0.9980000257492065,0.9121999740600586
YLR370C,YGR094W,0,-9.430564,0.09860685467720032,0.9980000257492065,0.9122999906539917
YDR446W,YKL053C-A,0,-9.433008,0.09859711676836014,0.9980000257492065,0.9124000072479248
YLR216C,YKL172W,0,-9.434136,0.09858737885951996,0.9980000257492065,0.9125000238418579
YLR286C,YPR101W,0,-9.435062,0.09857764095067978,0.9980000257492065,0.9125999808311462
YMR247C,YGL104C,0,-9.435324,0.0985679030418396,0.9980000257492065,0.9126999974250793
YDL024C,YNL291C,0,-9.4378395,0.09855816513299942,0.9980000257492065,0.9128000140190125
YDR490C,YLR249W,0,-9.437858,0.09854843467473984,0.9980000257492065,0.9128999710083008
YNR052C,YBR169C,0,-9.438238,0.09853870421648026,0.9980000257492065,0.9129999876022339
YML059C,YNR034W,0,-9.439627,0.09852897375822067,0.9980000257492065,0.913100004196167
YGL012W,YMR255W,0,-9.439737,0.09851925075054169,0.9980000257492065,0.9132000207901001
YPL152W,YLR272C,0,-9.441186,0.0985095277428627,0.9980000257492065,0.9132999777793884
YKL026C,YDR259C,0,-9.44142,0.09849980473518372,0.9980000257492065,0.9133999943733215
YDL192W,YOR191W,0,-9.441694,0.09849008172750473,0.9980000257492065,0.9135000109672546
YPR175W,YHR092C,0,-9.44215,0.09848036617040634,0.9980000257492065,0.9136000275611877
YKR063C,YAR007C,0,-9.442391,0.09847064316272736,0.9980000257492065,0.9136999845504761
YBR217W,YMR146C,0,-9.44301,0.09846093505620956,0.9980000257492065,0.9138000011444092
YBR070C,YPL095C,0,-9.443362,0.09845121949911118,0.9980000257492065,0.9139000177383423
YHR079C,YLR084C,0,-9.4435215,0.09844150394201279,0.9980000257492065,0.9139999747276306
YPL217C,YMR276W,0,-9.443649,0.098431795835495,0.9980000257492065,0.9140999913215637
YHR143W,YAL035W,0,-9.443835,0.0984220877289772,0.9980000257492065,0.9142000079154968
YIL153W,YMR243C,0,-9.444926,0.09841238707304001,0.9980000257492065,0.9143000245094299
YKL032C,YNL326C,0,-9.445797,0.09840267896652222,0.9980000257492065,0.9143999814987183
YMR048W,YNR060W,0,-9.446247,0.09839297831058502,0.9980000257492065,0.9144999980926514
YGL116W,YDR343C,0,-9.446435,0.09838327765464783,0.9980000257492065,0.9146000146865845
YPL122C,YNR047W,0,-9.44738,0.09837358444929123,0.9980000257492065,0.9146999716758728
YLR196W,YGL127C,0,-9.447502,0.09836388379335403,0.9980000257492065,0.9147999882698059
YJL201W,YKL193C,0,-9.449434,0.09835419058799744,0.9980000257492065,0.914900004863739
YKL129C,YLR275W,0,-9.450073,0.09834450483322144,0.9980000257492065,0.9150000214576721
YPR034W,YKL213C,0,-9.451897,0.09833481162786484,0.9980000257492065,0.9150999784469604
YKL001C,YGR143W,0,-9.452015,0.09832512587308884,0.9980000257492065,0.9151999950408936
YBR286W,YGL099W,0,-9.453822,0.09831544011831284,0.9980000257492065,0.9153000116348267
YOR120W,YNL169C,0,-9.45491,0.09830575436353683,0.9980000257492065,0.9154000282287598
YOR069W,YIR026C,0,-9.45572,0.09829606860876083,0.9980000257492065,0.9154999852180481
YHR142W,YDR484W,0,-9.456121,0.09828639030456543,0.9980000257492065,0.9156000018119812
YDR216W,YJL187C,0,-9.456633,0.09827671200037003,0.9980000257492065,0.9157000184059143
YHL019C,YML115C,0,-9.458588,0.09826703369617462,0.9980000257492065,0.9157999753952026
YPR007C,YPR190C,0,-9.459876,0.09825736284255981,0.9980000257492065,0.9158999919891357
YDR244W,YLR167W,0,-9.460113,0.09824768453836441,0.9980000257492065,0.9160000085830688
YNL106C,YOL124C,0,-9.460369,0.0982380136847496,0.9980000257492065,0.916100025177002
YFR055W,YDR150W,0,-9.4619255,0.0982283428311348,0.9980000257492065,0.9161999821662903
YNL102W,YJR052W,0,-9.462526,0.09821867942810059,0.9980000257492065,0.9162999987602234
YOR028C,YMR032W,0,-9.462604,0.09820901602506638,0.9980000257492065,0.9164000153541565
YPR175W,YML029W,0,-9.463406,0.09819935262203217,0.9980000257492065,0.9164999723434448
YPR137W,YDR218C,0,-9.4635105,0.09818968921899796,0.9980000257492065,0.9165999889373779
YNR044W,YNL310C,0,-9.463673,0.09818002581596375,0.9980000257492065,0.916700005531311
YNL111C,YHR102W,0,-9.46372,0.09817036986351013,0.9980000257492065,0.9168000221252441
YOL016C,YER065C,0,-9.464128,0.09816071391105652,0.9980000257492065,0.9168999791145325
YNR007C,YHL003C,0,-9.465733,0.0981510654091835,0.9980000257492065,0.9169999957084656
YKR068C,YBR114W,0,-9.465891,0.09814140945672989,0.9980000257492065,0.9171000123023987
YMR065W,YOR003W,0,-9.466679,0.09813176095485687,0.9980000257492065,0.9172000288963318
YOL101C,YBR254C,0,-9.467234,0.09812211245298386,0.9980000257492065,0.9172999858856201
YFL058W,YML115C,0,-9.469816,0.09811246395111084,0.9980000257492065,0.9174000024795532
YAL001C,YMR243C,0,-9.470833,0.09810282289981842,0.9980000257492065,0.9175000190734863
YCR020C-A,YFL033C,0,-9.471,0.098093181848526,0.9980000257492065,0.9175999760627747
YBR026C,YHR072W-A,0,-9.4710045,0.09808354079723358,0.9980000257492065,0.9176999926567078
YJR078W,YJL204C,0,-9.472721,0.09807389974594116,0.9980000257492065,0.9178000092506409
YJL219W,YDL208W,0,-9.473546,0.09806426614522934,0.9980000257492065,0.917900025844574
YER110C,YBR228W,0,-9.4744835,0.09805462509393692,0.9980000257492065,0.9179999828338623
YGR145W,YOL011W,0,-9.476336,0.0980449914932251,0.9980000257492065,0.9180999994277954
YBR091C,YLR337C,0,-9.476607,0.09803536534309387,0.9980000257492065,0.9182000160217285
YCR091W,YKR057W,0,-9.477455,0.09802573174238205,0.9980000257492065,0.9182999730110168
YDR171W,YJL039C,0,-9.479536,0.09801610559225082,0.9980000257492065,0.91839998960495
YKL057C,YGR197C,0,-9.48147,0.0980064794421196,0.9980000257492065,0.9185000061988831
YHR015W,YJL036W,0,-9.482374,0.09799686074256897,0.9980000257492065,0.9186000227928162
YDR358W,YKL074C,0,-9.483061,0.09798723459243774,0.9980000257492065,0.9186999797821045
YMR212C,YCL052C,0,-9.48329,0.09797761589288712,0.9980000257492065,0.9187999963760376
YDL113C,YCR024C-A,0,-9.483699,0.09796799719333649,0.9980000257492065,0.9189000129699707
YNL099C,YDL039C,0,-9.484918,0.09795838594436646,0.9980000257492065,0.9190000295639038
YDR272W,YDR190C,0,-9.485461,0.09794876724481583,0.9980000257492065,0.9190999865531921
YOR136W,YLR002C,0,-9.486315,0.0979391559958458,0.9980000257492065,0.9192000031471252
YAL035W,YPR193C,0,-9.487525,0.09792954474687576,0.9980000257492065,0.9193000197410583
YBL045C,YOR237W,0,-9.487572,0.09791993349790573,0.9980000257492065,0.9193999767303467
YDR028C,YIL016W,0,-9.493143,0.0979103296995163,0.9980000257492065,0.9194999933242798
YOR298W,YHR038W,0,-9.496304,0.09790072590112686,0.9980000257492065,0.9196000099182129
YJL167W,YOR298W,0,-9.496583,0.09789112210273743,0.9980000257492065,0.919700026512146
YPL135W,YGR213C,0,-9.497152,0.09788152575492859,0.9980000257492065,0.9197999835014343
YOL059W,YML046W,0,-9.499341,0.09787192195653915,0.9980000257492065,0.9199000000953674
YNL112W,YKL002W,0,-9.500419,0.09786232560873032,0.9980000257492065,0.9200000166893005
YPR201W,YDR281C,0,-9.500507,0.09785272926092148,0.9980000257492065,0.9200999736785889
YLR206W,YBR060C,0,-9.500792,0.09784314036369324,0.9980000257492065,0.920199990272522
YDL243C,YOR295W,0,-9.500961,0.0978335440158844,0.9980000257492065,0.9203000068664551
YIL009C-A,YMR067C,0,-9.503729,0.09782395511865616,0.9980000257492065,0.9204000234603882
YAL026C,YLR254C,0,-9.504102,0.09781436622142792,0.9980000257492065,0.9204999804496765
YKL213C,YDR113C,0,-9.506151,0.09780478477478027,0.9980000257492065,0.9205999970436096
YDR377W,YLR136C,0,-9.507554,0.09779519587755203,0.9980000257492065,0.9207000136375427
YLL050C,YBR198C,0,-9.509129,0.09778561443090439,0.9980000257492065,0.920799970626831
YDL106C,YIL016W,0,-9.512846,0.09777603298425674,0.9980000257492065,0.9208999872207642
YLR163C,YER118C,0,-9.513029,0.0977664589881897,0.9980000257492065,0.9210000038146973
YJL060W,YOR174W,0,-9.513251,0.09775687754154205,0.9980000257492065,0.9211000204086304
YDL113C,YIR008C,0,-9.513545,0.097747303545475,0.9980000257492065,0.9211999773979187
YLR117C,YNL015W,0,-9.514367,0.09773773699998856,0.9980000257492065,0.9212999939918518
YLR233C,YOR281C,0,-9.515057,0.09772816300392151,0.9980000257492065,0.9214000105857849
YNL142W,YNR052C,0,-9.516169,0.09771859645843506,0.9980000257492065,0.921500027179718
YHL047C,YLR360W,0,-9.516667,0.09770902991294861,0.9980000257492065,0.9215999841690063
YGR256W,YGR275W,0,-9.516787,0.09769946336746216,0.9980000257492065,0.9217000007629395
YLR044C,YML007W,0,-9.516823,0.09768989682197571,0.9980000257492065,0.9218000173568726
YKR061W,YML069W,0,-9.518196,0.09768033772706985,0.9980000257492065,0.9218999743461609
YML057W,YML046W,0,-9.519332,0.097670778632164,0.9980000257492065,0.921999990940094
YDR294C,YOR334W,0,-9.519992,0.09766121953725815,0.9980000257492065,0.9221000075340271
YNR074C,YIL076W,0,-9.522147,0.0976516604423523,0.9980000257492065,0.9222000241279602
YLR256W,YPR144C,0,-9.523888,0.09764210879802704,0.9980000257492065,0.9222999811172485
YIL062C,YER148W,0,-9.52389,0.09763255715370178,0.9980000257492065,0.9223999977111816
YBR133C,YOR298C-A,0,-9.52408,0.09762300550937653,0.9980000257492065,0.9225000143051147
YAL053W,YGR172C,0,-9.525894,0.09761346131563187,0.9980000257492065,0.9225999712944031
YLL031C,YKL099C,0,-9.52598,0.09760390967130661,0.9980000257492065,0.9226999878883362
YPL160W,YCL034W,0,-9.527464,0.09759436547756195,0.9980000257492065,0.9228000044822693
YNR074C,YDR148C,0,-9.527809,0.09758482128381729,0.9980000257492065,0.9229000210762024
YLR117C,YKL141W,0,-9.529245,0.09757528454065323,0.9980000257492065,0.9229999780654907
YHR143W,YNR060W,0,-9.52928,0.09756574779748917,0.9980000257492065,0.9230999946594238
YPR008W,YOL072W,0,-9.52959,0.0975562036037445,0.9980000257492065,0.9232000112533569
YGR289C,YLR086W,0,-9.530267,0.09754667431116104,0.9980000257492065,0.92330002784729
YBR036C,YAL029C,0,-9.532626,0.09753713756799698,0.9980000257492065,0.9233999848365784
YIR017C,YML095C,0,-9.533302,0.09752760827541351,0.9980000257492065,0.9235000014305115
YDR130C,YJR160C,0,-9.534491,0.09751807898283005,0.9980000257492065,0.9236000180244446
YJR155W,YLR088W,0,-9.534586,0.09750854969024658,0.9980000257492065,0.9236999750137329
YPL098C,YGR042W,0,-9.534603,0.09749902039766312,0.9980000257492065,0.923799991607666
YLR433C,YJL210W,0,-9.534914,0.09748949855566025,0.9980000257492065,0.9239000082015991
YPL028W,YNL075W,0,-9.534959,0.09747997671365738,0.9980000257492065,0.9240000247955322
YGR008C,YNL079C,0,-9.53586,0.09747045487165451,0.9980000257492065,0.9240999817848206
YKR054C,YPL089C,0,-9.536833,0.09746094048023224,0.9980000257492065,0.9241999983787537
YPL008W,YER053C,0,-9.537303,0.09745141863822937,0.9980000257492065,0.9243000149726868
YMR036C,YKL035W,0,-9.537764,0.0974419042468071,0.9980000257492065,0.9243999719619751
YDR190C,YMR293C,0,-9.537854,0.09743238985538483,0.9980000257492065,0.9244999885559082
YKL004W,YGR086C,0,-9.538016,0.09742288291454315,0.9980000257492065,0.9246000051498413
YNL116W,YDR280W,0,-9.538132,0.09741337597370148,0.9980000257492065,0.9247000217437744
YBL042C,YMR190C,0,-9.541362,0.0974038615822792,0.9980000257492065,0.9247999787330627
YKL114C,YDR330W,0,-9.541644,0.09739436209201813,0.9980000257492065,0.9248999953269958
YLR102C,YHR143W-A,0,-9.542281,0.09738485515117645,0.9980000257492065,0.925000011920929
YNL001W,YLR163C,0,-9.543657,0.09737535566091537,0.9980000257492065,0.9251000285148621
YDL024C,YOR269W,0,-9.544187,0.0973658561706543,0.9980000257492065,0.9251999855041504
YMR219W,YKR057W,0,-9.54446,0.09735635668039322,0.9980000257492065,0.9253000020980835
YML061C,YGL104C,0,-9.544932,0.09734685719013214,0.9980000257492065,0.9254000186920166
YKR065C,YMR268C,0,-9.545089,0.09733736515045166,0.9980000257492065,0.9254999756813049
YLR067C,YHR079C-A,0,-9.546569,0.09732787311077118,0.9980000257492065,0.925599992275238
YKL002W,YDL095W,0,-9.546717,0.0973183810710907,0.9980000257492065,0.9257000088691711
YMR287C,YOR348C,0,-9.547569,0.09730888903141022,0.9980000257492065,0.9258000254631042
YDR173C,YEL015W,0,-9.54785,0.09729940444231033,0.9980000257492065,0.9258999824523926
YLR023C,YPR110C,0,-9.550013,0.09728991985321045,0.9980000257492065,0.9259999990463257
YJL036W,YNL197C,0,-9.550348,0.09728043526411057,0.9980000257492065,0.9261000156402588
YMR213W,YPL028W,0,-9.552475,0.09727095812559128,0.9980000257492065,0.9261999726295471
YJL106W,YPL011C,0,-9.55254,0.0972614735364914,0.9980000257492065,0.9262999892234802
YPL196W,YOL028C,0,-9.554873,0.0972519963979721,0.9980000257492065,0.9264000058174133
YBL071W-A,YNL093W,0,-9.555431,0.09724251925945282,0.9980000257492065,0.9265000224113464
YKR036C,YPL152W,0,-9.555435,0.09723304957151413,0.9980000257492065,0.9265999794006348
YMR127C,YOL055C,0,-9.557488,0.09722357243299484,0.9980000257492065,0.9266999959945679
YKL048C,YBR213W,0,-9.559443,0.09721410274505615,0.9980000257492065,0.926800012588501
YOR025W,YKL051W,0,-9.560585,0.09720463305711746,0.9980000257492065,0.9269000291824341
YDR339C,YIL073C,0,-9.565006,0.09719517081975937,0.9980000257492065,0.9269999861717224
YNR057C,YOR007C,0,-9.565802,0.09718570113182068,0.9980000257492065,0.9271000027656555
YKR067W,YHR039C-A,0,-9.569066,0.09717623889446259,0.9980000257492065,0.9272000193595886
YNL259C,YLR095C,0,-9.569373,0.09716677665710449,0.9980000257492065,0.927299976348877
YGL174W,YHR031C,0,-9.570608,0.097157321870327,0.9980000257492065,0.9273999929428101
YLR069C,YNL117W,0,-9.573183,0.0971478596329689,0.9980000257492065,0.9275000095367432
YKL176C,YFR033C,0,-9.573474,0.0971384048461914,0.9980000257492065,0.9276000261306763
YLR051C,YGL233W,0,-9.573555,0.09712895005941391,0.9980000257492065,0.9276999831199646
YDR216W,YDR323C,0,-9.574758,0.09711950272321701,0.9980000257492065,0.9277999997138977
YOR032C,YFR004W,0,-9.575901,0.09711004793643951,0.9980000257492065,0.9279000163078308
YEL042W,YAL010C,0,-9.577451,0.09710060060024261,0.9980000257492065,0.9279999732971191
YKL074C,YIL101C,0,-9.5788355,0.09709115326404572,0.9980000257492065,0.9280999898910522
YNL216W,YHR111W,0,-9.579117,0.09708171337842941,0.9980000257492065,0.9282000064849854
YLR144C,YOL005C,0,-9.579614,0.09707226604223251,0.9980000257492065,0.9283000230789185
YPL046C,YJL101C,0,-9.58013,0.09706282615661621,0.9980000257492065,0.9283999800682068
YJR105W,YMR319C,0,-9.580408,0.09705338627099991,0.9980000257492065,0.9284999966621399
YFR014C,YPR080W,0,-9.581255,0.0970439538359642,0.9980000257492065,0.928600013256073
YER006W,YFL059W,0,-9.582354,0.0970345139503479,0.9980000257492065,0.9286999702453613
YDL100C,YMR204C,0,-9.58488,0.0970250815153122,0.9980000257492065,0.9287999868392944
YPR120C,YGR241C,0,-9.586205,0.09701564908027649,0.9980000257492065,0.9289000034332275
YFR021W,YNL064C,0,-9.587194,0.09700622409582138,0.9980000257492065,0.9290000200271606
YHR108W,YGR008C,0,-9.58773,0.09699679166078568,0.9980000257492065,0.929099977016449
YJR042W,YDR293C,0,-9.588304,0.09698736667633057,0.9980000257492065,0.9291999936103821
YOR173W,YLR452C,0,-9.590515,0.09697794169187546,0.9980000257492065,0.9293000102043152
YOR038C,YGL205W,0,-9.590673,0.09696851670742035,0.9980000257492065,0.9294000267982483
YJL019W,YKL148C,0,-9.593042,0.09695909917354584,0.9980000257492065,0.9294999837875366
YNL292W,YBR293W,0,-9.593456,0.09694968163967133,0.9980000257492065,0.9296000003814697
YBR167C,YFL033C,0,-9.5937805,0.09694026410579681,0.9980000257492065,0.9297000169754028
YGL055W,YDL060W,0,-9.595183,0.0969308465719223,0.9980000257492065,0.9297999739646912
YOR316C,YDR279W,0,-9.597153,0.09692143648862839,0.9980000257492065,0.9298999905586243
YBR168W,YOR095C,0,-9.59773,0.09691201895475388,0.9980000257492065,0.9300000071525574
YGR008C,YNL229C,0,-9.597963,0.09690260887145996,0.9980000257492065,0.9301000237464905
YDL035C,YLR045C,0,-9.598093,0.09689320623874664,0.9980000257492065,0.9301999807357788
YMR190C,YOL097C,0,-9.598507,0.09688379615545273,0.9980000257492065,0.9302999973297119
YFR014C,YLR372W,0,-9.601055,0.09687439352273941,0.9980000257492065,0.930400013923645
YJL005W,YGR091W,0,-9.601355,0.09686499089002609,0.9980000257492065,0.9304999709129333
YGR145W,YER095W,0,-9.601391,0.09685558825731277,0.9980000257492065,0.9305999875068665
YNL318C,YGL104C,0,-9.601955,0.09684619307518005,0.9980000257492065,0.9307000041007996
YBR244W,YHR048W,0,-9.602951,0.09683679044246674,0.9980000257492065,0.9308000206947327
YOR321W,YBR114W,0,-9.6045475,0.09682739526033401,0.9980000257492065,0.930899977684021
YDL115C,YJL186W,0,-9.604622,0.09681800752878189,0.9980000257492065,0.9309999942779541
YDL243C,YLR055C,0,-9.606655,0.09680861234664917,0.9980000257492065,0.9311000108718872
YIL019W,YOR110W,0,-9.608294,0.09679922461509705,0.9980000257492065,0.9312000274658203
YML061C,YOR162C,0,-9.608839,0.09678983688354492,0.9980000257492065,0.9312999844551086
YAL055W,YDL081C,0,-9.610706,0.0967804491519928,0.9980000257492065,0.9314000010490417
YPR112C,YNL169C,0,-9.612701,0.09677106887102127,0.9980000257492065,0.9315000176429749
YPL119C,YKR085C,0,-9.613079,0.09676168113946915,0.9980000257492065,0.9315999746322632
YMR136W,YEL050C,0,-9.613879,0.09675230085849762,0.9980000257492065,0.9316999912261963
YMR128W,YBL041W,0,-9.61408,0.09674292057752609,0.9980000257492065,0.9318000078201294
YNL038W,YHR102W,0,-9.614734,0.09673354774713516,0.9980000257492065,0.9319000244140625
YCR010C,YIL018W,0,-9.614784,0.09672417491674423,0.9980000257492065,0.9319999814033508
YML074C,YLR092W,0,-9.615162,0.0967147946357727,0.9980000257492065,0.9320999979972839
YEL071W,YPR137W,0,-9.615471,0.09670542925596237,0.9980000257492065,0.932200014591217
YGL232W,YML029W,0,-9.617089,0.09669605642557144,0.9980000257492065,0.9322999715805054
YER052C,YMR322C,0,-9.617994,0.09668669104576111,0.9980000257492065,0.9323999881744385
YFL056C,YHR026W,0,-9.620146,0.09667732566595078,0.9980000257492065,0.9325000047683716
YNL085W,YDL020C,0,-9.620249,0.09666796028614044,0.9980000257492065,0.9326000213623047
YHR082C,YKL130C,0,-9.620838,0.09665859490633011,0.9980000257492065,0.932699978351593
YOR109W,YOR310C,0,-9.6208515,0.09664923697710037,0.9980000257492065,0.9327999949455261
YEL022W,YDR503C,0,-9.621431,0.09663987904787064,0.9980000257492065,0.9329000115394592
YDR077W,YER148W,0,-9.621523,0.0966305211186409,0.9980000257492065,0.9330000281333923
YKL006C-A,YGR197C,0,-9.62234,0.09662116318941116,0.9980000257492065,0.9330999851226807
YLR131C,YGL017W,0,-9.622587,0.09661181271076202,0.9980000257492065,0.9332000017166138
YGL043W,YDR096W,0,-9.625147,0.09660246223211288,0.9980000257492065,0.9333000183105469
YNL318C,YMR093W,0,-9.62825,0.09659311175346375,0.9980000257492065,0.9333999752998352
YMR133W,YLR272C,0,-9.629026,0.0965837612748146,0.9980000257492065,0.9334999918937683
YIL009W,YIL017C,0,-9.630164,0.09657441824674606,0.9980000257492065,0.9336000084877014
YDR507C,YMR022W,0,-9.630268,0.09656506776809692,0.9980000257492065,0.9337000250816345
YDR292C,YJR103W,0,-9.633932,0.09655572474002838,0.9980000257492065,0.9337999820709229
YKL192C,YGL244W,0,-9.634583,0.09654638916254044,0.9980000257492065,0.933899998664856
YPR007C,YGR195W,0,-9.636682,0.0965370461344719,0.9980000257492065,0.9340000152587891
YCR082W,YPL086C,0,-9.637502,0.09652771055698395,0.9980000257492065,0.9340999722480774
YJR105W,YJL036W,0,-9.640567,0.096518374979496,0.9980000257492065,0.9341999888420105
YML042W,YJL168C,0,-9.643671,0.09650903940200806,0.9980000257492065,0.9343000054359436
YLR254C,YOR095C,0,-9.644027,0.09649971127510071,0.9980000257492065,0.9344000220298767
YDR039C,YGL153W,0,-9.650219,0.09649038314819336,0.9980000257492065,0.934499979019165
YKL201C,YLR055C,0,-9.65052,0.09648105502128601,0.9980000257492065,0.9345999956130981
YPL095C,YPR125W,0,-9.652547,0.09647172689437866,0.9980000257492065,0.9347000122070312
YNL101W,YLR129W,0,-9.65506,0.09646239876747131,0.9980000257492065,0.9348000288009644
YJR160C,YPR074C,0,-9.655815,0.09645307809114456,0.9980000257492065,0.9348999857902527
YBR085W,YBR098W,0,-9.658308,0.09644375741481781,0.9980000257492065,0.9350000023841858
YOR327C,YMR218C,0,-9.660639,0.09643443673849106,0.9980000257492065,0.9351000189781189
YMR237W,YDL069C,0,-9.661821,0.0964251235127449,0.9980000257492065,0.9351999759674072
YPL240C,YHR204W,0,-9.66211,0.09641580283641815,0.9980000257492065,0.9352999925613403
YOR298W,YKR090W,0,-9.662119,0.096406489610672,0.9980000257492065,0.9354000091552734
YLR320W,YDR077W,0,-9.662736,0.09639717638492584,0.9980000257492065,0.9355000257492065
YBR244W,YNL279W,0,-9.662841,0.09638787060976028,0.9980000257492065,0.9355999827384949
YOR188W,YKL117W,0,-9.66293,0.09637855738401413,0.9980000257492065,0.935699999332428
YGL194C,YOL097C,0,-9.663505,0.09636925160884857,0.9980000257492065,0.9358000159263611
YOR113W,YGR082W,0,-9.664831,0.09635995328426361,0.9980000257492065,0.9358999729156494
YBR043C,YPL122C,0,-9.66555,0.09635064750909805,0.9980000257492065,0.9359999895095825
YOR150W,YPL193W,1,-9.668975,0.09643787890672684,0.9990000128746033,0.9359999895095825
YLR196W,YMR133W,0,-9.671762,0.09642857313156128,0.9990000128746033,0.9361000061035156
YPL154C,YJL168C,0,-9.672466,0.09641926735639572,0.9990000128746033,0.9362000226974487
YCR091W,YOR269W,0,-9.673525,0.09640996158123016,0.9990000128746033,0.9362999796867371
YOL054W,YDL052C,0,-9.673575,0.0964006558060646,0.9990000128746033,0.9363999962806702
YGR029W,YBR250W,0,-9.676875,0.09639135748147964,0.9990000128746033,0.9365000128746033
YFR047C,YDR138W,0,-9.678629,0.09638205170631409,0.9990000128746033,0.9366000294685364
YCR005C,YJL191W,0,-9.679331,0.09637275338172913,0.9990000128746033,0.9366999864578247
YLR216C,YPL012W,0,-9.679774,0.09636346250772476,0.9990000128746033,0.9368000030517578
YIR013C,YDR148C,0,-9.681275,0.0963541641831398,0.9990000128746033,0.9369000196456909
YLR228C,YPR067W,0,-9.68184,0.09634487330913544,0.9990000128746033,0.9369999766349792
YDR490C,YPL011C,0,-9.683204,0.09633558243513107,0.9990000128746033,0.9370999932289124
YGR144W,YLR409C,0,-9.685055,0.09632629156112671,0.9990000128746033,0.9372000098228455
YDR512C,YHR021C,0,-9.685617,0.09631700813770294,0.9990000128746033,0.9373000264167786
YLR186W,YDR078C,0,-9.685806,0.09630772471427917,0.9990000128746033,0.9373999834060669
YLR183C,YJL164C,0,-9.687221,0.09629844129085541,0.9990000128746033,0.9375
YJL101C,YLR264W,0,-9.6874485,0.09628915786743164,0.9990000128746033,0.9376000165939331
YGL133W,YDR297W,0,-9.689707,0.09627987444400787,0.9990000128746033,0.9376999735832214
YDR343C,YGL162W,0,-9.690668,0.0962705984711647,0.9990000128746033,0.9377999901771545
YDR216W,YDL120W,0,-9.691273,0.09626132249832153,0.9990000128746033,0.9379000067710876
YMR182C,YNL121C,0,-9.69178,0.09625204652547836,0.9990000128746033,0.9380000233650208
YCL051W,YJR112W,0,-9.692412,0.09624277800321579,0.9990000128746033,0.9380999803543091
YCR066W,YMR272C,0,-9.694985,0.09623350203037262,0.9990000128746033,0.9381999969482422
YJR078W,YGR082W,0,-9.695473,0.09622423350811005,0.9990000128746033,0.9383000135421753
YPR201W,YDR194C,0,-9.696928,0.09621496498584747,0.9990000128746033,0.9383999705314636
YML128C,YOR298W,0,-9.701029,0.0962057039141655,0.9990000128746033,0.9384999871253967
YDL243C,YPL237W,0,-9.702137,0.09619643539190292,0.9990000128746033,0.9386000037193298
YPL006W,YNL206C,0,-9.702707,0.09618717432022095,0.9990000128746033,0.9387000203132629
YMR135C,YGR030C,0,-9.703199,0.09617791324853897,0.9990000128746033,0.9387999773025513
YDR436W,YGR094W,0,-9.703489,0.09616865962743759,0.9990000128746033,0.9388999938964844
YJL071W,YKL051W,0,-9.70373,0.09615939855575562,0.9990000128746033,0.9390000104904175
YER006W,YMR272C,0,-9.705124,0.09615014493465424,0.9990000128746033,0.9391000270843506
YER006W,YEL013W,0,-9.707319,0.09614089131355286,0.9990000128746033,0.9391999840736389
YDR517W,YDL108W,0,-9.707739,0.09613163769245148,0.9990000128746033,0.939300000667572
YIL009W,YML004C,0,-9.708385,0.0961223915219307,0.9990000128746033,0.9394000172615051
YHR098C,YLR079W,0,-9.708871,0.09611314535140991,0.9990000128746033,0.9394999742507935
YJL060W,YCR063W,0,-9.710925,0.09610389918088913,0.9990000128746033,0.9395999908447266
YLR411W,YPL130W,0,-9.711554,0.09609465301036835,0.9990000128746033,0.9397000074386597
YBR237W,YKL081W,0,-9.715987,0.09608540683984756,0.9990000128746033,0.9398000240325928
YDL051W,YPL007C,0,-9.71682,0.09607616811990738,0.9990000128746033,0.9398999810218811
YMR303C,YDR464W,0,-9.717594,0.0960669293999672,0.9990000128746033,0.9399999976158142
YOL078W,YKL007W,0,-9.718062,0.09605769068002701,0.9990000128746033,0.9401000142097473
YOR049C,YDR212W,0,-9.718259,0.09604845941066742,0.9990000128746033,0.9401999711990356
YLR051C,YGR221C,0,-9.721273,0.09603922069072723,0.9990000128746033,0.9402999877929688
YOR173W,YDL093W,0,-9.727949,0.09602998942136765,0.9990000128746033,0.9404000043869019
YDR284C,YMR112C,0,-9.728096,0.09602075815200806,0.9990000128746033,0.940500020980835
YDR461W,YPR198W,0,-9.729328,0.09601153433322906,0.9990000128746033,0.9405999779701233
YDR376W,YCR020C,0,-9.729868,0.09600230306386948,0.9990000128746033,0.9406999945640564
YOR233W,YJR044C,0,-9.729904,0.09599307924509048,0.9990000128746033,0.9408000111579895
YOR185C,YLL002W,0,-9.730144,0.09598385542631149,0.9990000128746033,0.9409000277519226
YHR011W,YBR165W,0,-9.731283,0.0959746390581131,0.9990000128746033,0.9409999847412109
YKR067W,YGR020C,0,-9.731293,0.0959654152393341,0.9990000128746033,0.941100001335144
YMR292W,YNR047W,0,-9.734092,0.09595619887113571,0.9990000128746033,0.9412000179290771
YGL047W,YMR272C,0,-9.735895,0.09594698250293732,0.9990000128746033,0.9412999749183655
YDR317W,YNL263C,0,-9.738367,0.09593777358531952,0.9990000128746033,0.9413999915122986
YBR041W,YML024W,0,-9.739796,0.09592855721712112,0.9990000128746033,0.9415000081062317
YIR011C,YMR241W,0,-9.741428,0.09591934829950333,0.9990000128746033,0.9416000247001648
YBR158W,YCR005C,0,-9.743286,0.09591013938188553,0.9990000128746033,0.9416999816894531
YDL149W,YCR020C-A,0,-9.744043,0.09590093046426773,0.9990000128746033,0.9417999982833862
YJL196C,YDL201W,0,-9.744116,0.09589172899723053,0.9990000128746033,0.9419000148773193
YNL101W,YMR177W,0,-9.744319,0.09588252007961273,0.9990000128746033,0.9419999718666077
YBL004W,YCL033C,0,-9.744904,0.09587331861257553,0.9990000128746033,0.9420999884605408
YMR056C,YDR507C,0,-9.748423,0.09586411714553833,0.9990000128746033,0.9422000050544739
YJR040W,YHR069C,0,-9.748624,0.09585492312908173,0.9990000128746033,0.942300021648407
YFR004W,YDR297W,0,-9.748646,0.09584572911262512,0.9990000128746033,0.9423999786376953
YHR082C,YKL214C,0,-9.748655,0.09583652764558792,0.9990000128746033,0.9424999952316284
YMR247C,YPL087W,0,-9.749039,0.09582734107971191,0.9990000128746033,0.9426000118255615
YKL213C,YNL023C,0,-9.7501955,0.09581814706325531,0.9990000128746033,0.9427000284194946
YLR264W,YKR020W,0,-9.751727,0.0958089604973793,0.9990000128746033,0.942799985408783
YMR161W,YNL117W,0,-9.752052,0.0957997664809227,0.9990000128746033,0.9429000020027161
YGR145W,YDR394W,0,-9.753352,0.09579058736562729,0.9990000128746033,0.9430000185966492
YKL062W,YOR295W,0,-9.755414,0.09578140079975128,0.9990000128746033,0.9430999755859375
YPR030W,YOL125W,0,-9.755867,0.09577221423387527,0.9990000128746033,0.9431999921798706
YPL116W,YDR419W,0,-9.757405,0.09576303511857986,0.9990000128746033,0.9433000087738037
YCL001W,YFL026W,0,-9.758702,0.09575385600328445,0.9990000128746033,0.9434000253677368
YNR035C,YMR247C,0,-9.758827,0.09574468433856964,0.9990000128746033,0.9434999823570251
YNR056C,YDR238C,0,-9.7590275,0.09573550522327423,0.9990000128746033,0.9435999989509583
YOR074C,YER103W,0,-9.759277,0.09572633355855942,0.9990000128746033,0.9437000155448914
YDR221W,YNL066W,0,-9.763792,0.0957171618938446,0.9990000128746033,0.9437999725341797
YMR312W,YLR362W,0,-9.76759,0.09570799022912979,0.9990000128746033,0.9438999891281128
YGL096W,YOL093W,0,-9.76842,0.09569881856441498,0.9990000128746033,0.9440000057220459
YDR263C,YHR143W-A,0,-9.769018,0.09568965435028076,0.9990000128746033,0.944100022315979
YOR245C,YGR089W,0,-9.769936,0.09568049013614655,0.9990000128746033,0.9441999793052673
YDL209C,YAL017W,0,-9.770246,0.09567132592201233,0.9990000128746033,0.9442999958992004
YBR085W,YER162C,0,-9.771273,0.09566216915845871,0.9990000128746033,0.9444000124931335
YJL219W,YOL115W,0,-9.771561,0.0956530049443245,0.9990000128746033,0.9445000290870667
YLR260W,YML109W,0,-9.771622,0.09564384818077087,0.9990000128746033,0.944599986076355
YOR023C,YDL052C,0,-9.772194,0.09563469141721725,0.9990000128746033,0.9447000026702881
YHR021C,YAL001C,0,-9.774105,0.09562554210424423,0.9990000128746033,0.9448000192642212
YGL071W,YOL016C,0,-9.775347,0.09561638534069061,0.9990000128746033,0.9448999762535095
YML004C,YDR198C,0,-9.779211,0.09560723602771759,0.9990000128746033,0.9449999928474426
YGR142W,YJR069C,0,-9.780471,0.09559808671474457,0.9990000128746033,0.9451000094413757
YPR006C,YPL042C,0,-9.781623,0.09558893740177155,0.9990000128746033,0.9452000260353088
YLR423C,YPL139C,0,-9.783821,0.09557979553937912,0.9990000128746033,0.9452999830245972
YDR147W,YHR106W,0,-9.785835,0.0955706462264061,0.9990000128746033,0.9453999996185303
YHR157W,YDR279W,0,-9.786577,0.09556150436401367,0.9990000128746033,0.9455000162124634
YJL115W,YMR133W,0,-9.787199,0.09555236995220184,0.9990000128746033,0.9455999732017517
YFL055W,YLR291C,0,-9.78768,0.09554322808980942,0.9990000128746033,0.9456999897956848
YGR166W,YJL104W,0,-9.787776,0.09553409367799759,0.9990000128746033,0.9458000063896179
YLL043W,YIR037W,0,-9.7887745,0.09552495926618576,0.9990000128746033,0.945900022983551
YPR183W,YPL140C,0,-9.789782,0.09551582485437393,0.9990000128746033,0.9459999799728394
YOR178C,YOR361C,0,-9.7899,0.0955066904425621,0.9990000128746033,0.9460999965667725
YDL065C,YBR265W,0,-9.790264,0.09549756348133087,0.9990000128746033,0.9462000131607056
YMR292W,YPR167C,0,-9.790896,0.09548843652009964,0.9990000128746033,0.9463000297546387
YPL164C,YDL084W,0,-9.791367,0.09547930955886841,0.9990000128746033,0.946399986743927
YDL031W,YOR150W,1,-9.793072,0.09556575119495392,1.0,0.946399986743927
YMR165C,YOR129C,0,-9.7948,0.09555661678314209,1.0,0.9465000033378601
YJR155W,YBL030C,0,-9.797184,0.09554748982191086,1.0,0.9466000199317932
YLR167W,YJR049C,0,-9.798031,0.09553835541009903,1.0,0.9466999769210815
YKR034W,YBR055C,0,-9.799833,0.0955292284488678,1.0,0.9467999935150146
YJL053W,YLR313C,0,-9.800142,0.09552010893821716,1.0,0.9469000101089478
YKL092C,YIL019W,0,-9.801026,0.09551098197698593,1.0,0.9470000267028809
YOR208W,YOR001W,0,-9.801882,0.0955018624663353,1.0,0.9470999836921692
YAL038W,YDR146C,0,-9.803049,0.09549274295568466,1.0,0.9472000002861023
YIR028W,YLR200W,0,-9.804638,0.09548362344503403,1.0,0.9473000168800354
YMR173W,YKL057C,0,-9.805219,0.09547451138496399,1.0,0.9473999738693237
YNR057C,YER094C,0,-9.805229,0.09546539187431335,1.0,0.9474999904632568
YOR136W,YGR162W,0,-9.809385,0.09545627981424332,1.0,0.9476000070571899
YHR069C,YLR337C,0,-9.81058,0.09544716775417328,1.0,0.947700023651123
YPR110C,YDL194W,0,-9.813039,0.09543806314468384,1.0,0.9477999806404114
YDL004W,YOR237W,0,-9.813219,0.0954289510846138,1.0,0.9478999972343445
YDR141C,YBL002W,0,-9.813289,0.09541984647512436,1.0,0.9480000138282776
YNL173C,YBR171W,0,-9.814538,0.09541074186563492,1.0,0.9480999708175659
YCR089W,YPR108W,0,-9.815877,0.09540163725614548,1.0,0.948199987411499
YPR023C,YOL076W,0,-9.816947,0.09539254009723663,1.0,0.9483000040054321
YGL033W,YPL058C,0,-9.820712,0.09538344293832779,1.0,0.9484000205993652
YPR120C,YLR191W,0,-9.826198,0.09537434577941895,1.0,0.9484999775886536
YMR288W,YGR289C,0,-9.826258,0.0953652486205101,1.0,0.9485999941825867
YBL008W,YPL087W,0,-9.826576,0.09535615891218185,1.0,0.9487000107765198
YDR106W,YPR164W,0,-9.827578,0.09534706175327301,1.0,0.9488000273704529
YKL026C,YAL024C,0,-9.828727,0.09533797204494476,1.0,0.9488999843597412
YGR195W,YMR156C,0,-9.830383,0.09532888233661652,1.0,0.9490000009536743
YKL143W,YNR031C,0,-9.8310795,0.09531980007886887,1.0,0.9491000175476074
YLL060C,YJL134W,0,-9.831978,0.09531071037054062,1.0,0.9491999745368958
YAL056W,YIR026C,0,-9.8323,0.09530162811279297,1.0,0.9492999911308289
YGR070W,YPR080W,0,-9.835608,0.09529254585504532,1.0,0.949400007724762
YKR072C,YGR141W,0,-9.835989,0.09528347104787827,1.0,0.9495000243186951
YDL247W,YMR239C,0,-9.838049,0.09527438879013062,1.0,0.9495999813079834
YKR009C,YLR200W,0,-9.838239,0.09526531398296356,1.0,0.9496999979019165
YKR082W,YGR183C,0,-9.840179,0.09525623917579651,1.0,0.9498000144958496
YDL243C,YKR025W,0,-9.840956,0.09524716436862946,1.0,0.9498999714851379
YBR288C,YNL117W,0,-9.841857,0.095238097012043,1.0,0.949999988079071
YMR202W,YHR096C,0,-9.843111,0.09522902220487595,1.0,0.9501000046730042
YOR173W,YGR279C,0,-9.844654,0.09521995484828949,1.0,0.9502000212669373
YDR147W,YDL130W-A,0,-9.845494,0.09521089494228363,1.0,0.9502999782562256
YKL052C,YIL147C,0,-9.846257,0.09520182758569717,1.0,0.9503999948501587
YLR047C,YJR144W,0,-9.848291,0.09519276767969131,1.0,0.9505000114440918
YOR267C,YKL130C,0,-9.848438,0.09518370777368546,1.0,0.9506000280380249
YCR057C,YOR367W,0,-9.849667,0.0951746478676796,1.0,0.9506999850273132
YPL221W,YPR143W,0,-9.849897,0.09516558796167374,1.0,0.9508000016212463
YMR213W,YJR103W,0,-9.850267,0.09515653550624847,1.0,0.9509000182151794
YPL086C,YGL205W,0,-9.853034,0.09514747560024261,1.0,0.9509999752044678
YML011C,YMR133W,0,-9.853321,0.09513842314481735,1.0,0.9510999917984009
YJR119C,YDR404C,0,-9.854726,0.09512937813997269,1.0,0.951200008392334
YDR281C,YKL012W,0,-9.854851,0.09512032568454742,1.0,0.9513000249862671
YNL233W,YDR437W,0,-9.856573,0.09511128067970276,1.0,0.9513999819755554
YNL245C,YHR082C,0,-9.859843,0.0951022356748581,1.0,0.9514999985694885
YNR060W,YBR265W,0,-9.860812,0.09509319067001343,1.0,0.9516000151634216
YLL006W,YDR523C,0,-9.8627825,0.09508415311574936,1.0,0.95169997215271
YMR070W,YAR031W,0,-9.864821,0.0950751081109047,1.0,0.9517999887466431
YNL225C,YHR106W,0,-9.86555,0.09506607055664062,1.0,0.9519000053405762
YAL013W,YHR067W,0,-9.868647,0.09505703300237656,1.0,0.9520000219345093
YJL094C,YBR088C,0,-9.86866,0.09504800289869308,1.0,0.9520999789237976
YMR136W,YNL090W,0,-9.876828,0.09503896534442902,1.0,0.9521999955177307
YLR060W,YLR266C,0,-9.877716,0.09502993524074554,1.0,0.9523000121116638
YGR225W,YOR236W,0,-9.879444,0.09502090513706207,1.0,0.9524000287055969
YOR381W,YIR037W,0,-9.883484,0.0950118750333786,1.0,0.9524999856948853
YMR014W,YDL115C,0,-9.884945,0.09500285238027573,1.0,0.9526000022888184
YLR291C,YGL181W,0,-9.886277,0.09499382227659225,1.0,0.9527000188827515
YNR001C,YML031W,0,-9.889568,0.09498479962348938,1.0,0.9527999758720398
YDR025W,YJR019C,0,-9.890606,0.0949757844209671,1.0,0.9528999924659729
YNR057C,YNL239W,0,-9.895008,0.09496676176786423,1.0,0.953000009059906
YOR120W,YHR108W,0,-9.89997,0.09495774656534195,1.0,0.9531000256538391
YGR214W,YKR053C,0,-9.900404,0.09494873136281967,1.0,0.9531999826431274
YPL147W,YLR020C,0,-9.900914,0.0949397161602974,1.0,0.9532999992370605
YOL093W,YJL056C,0,-9.903943,0.09493070095777512,1.0,0.9534000158309937
YKR061W,YGL209W,0,-9.907915,0.09492169320583344,1.0,0.953499972820282
YBR026C,YDR240C,0,-9.910637,0.09491267800331116,1.0,0.9535999894142151
YJL219W,YPL083C,0,-9.912167,0.09490367025136948,1.0,0.9537000060081482
YJL106W,YPR110C,0,-9.912766,0.09489466995000839,1.0,0.9538000226020813
YER061C,YHR089C,0,-9.914812,0.09488566219806671,1.0,0.9538999795913696
YMR081C,YBR106W,0,-9.917992,0.09487666189670563,1.0,0.9539999961853027
YKR052C,YEL026W,0,-9.926201,0.09486766159534454,1.0,0.9541000127792358
YIL114C,YKL148C,0,-9.92632,0.09485866129398346,1.0,0.954200029373169
YPL170W,YOR151C,0,-9.926703,0.09484966099262238,1.0,0.9542999863624573
YBR036C,YGR118W,0,-9.928214,0.09484066814184189,1.0,0.9544000029563904
YLR401C,YKL126W,0,-9.928535,0.0948316752910614,1.0,0.9545000195503235
YPR175W,YDL078C,0,-9.928956,0.09482268244028091,1.0,0.9545999765396118
YGR144W,YGR090W,0,-9.935258,0.09481368958950043,1.0,0.9546999931335449
YFL014W,YNL313C,0,-9.937948,0.09480470418930054,1.0,0.954800009727478
YKR025W,YPR108W,0,-9.93993,0.09479571878910065,1.0,0.9549000263214111
YOR335C,YMR280C,0,-9.941687,0.09478673338890076,1.0,0.9549999833106995
YCL035C,YPL032C,0,-9.941805,0.09477774798870087,1.0,0.9550999999046326
YMR255W,YDL111C,0,-9.94326,0.09476876258850098,1.0,0.9552000164985657
YLR172C,YPL270W,0,-9.944423,0.09475978463888168,1.0,0.955299973487854
YDR221W,YKL110C,0,-9.947821,0.09475080668926239,1.0,0.9553999900817871
YMR280C,YLR052W,0,-9.954515,0.0947418287396431,1.0,0.9555000066757202
YJL060W,YNL199C,0,-9.954613,0.0947328507900238,1.0,0.9556000232696533
YJL020C,YNL199C,0,-9.956037,0.09472388029098511,1.0,0.9556999802589417
YNL202W,YHR048W,0,-9.959267,0.09471490979194641,1.0,0.9557999968528748
YGL055W,YGR195W,0,-9.962449,0.09470593929290771,1.0,0.9559000134468079
YBR293W,YOL097C,0,-9.963186,0.09469696879386902,1.0,0.9559999704360962
YDL155W,YDL130W-A,0,-9.963505,0.09468800574541092,1.0,0.9560999870300293
YGL112C,YML028W,0,-9.963522,0.09467903524637222,1.0,0.9562000036239624
YCR082W,YPL187W,0,-9.964317,0.09467007219791412,1.0,0.9563000202178955
YDL040C,YJL045W,0,-9.96724,0.09466111660003662,1.0,0.9563999772071838
YDR176W,YPL092W,0,-9.970909,0.09465215355157852,1.0,0.9564999938011169
YBL015W,YJL204C,0,-9.974213,0.09464319795370102,1.0,0.95660001039505
YNL142W,YBR171W,0,-9.97675,0.09463424235582352,1.0,0.9567000269889832
YLR189C,YMR211W,0,-9.978638,0.09462528675794601,1.0,0.9567999839782715
YAL012W,YOR244W,0,-9.979228,0.09461633116006851,1.0,0.9569000005722046
YNL314W,YJR007W,0,-9.981155,0.0946073830127716,1.0,0.9570000171661377
YJR155W,YAL035W,0,-9.982444,0.0945984274148941,1.0,0.957099974155426
YER016W,YDL085W,0,-9.983099,0.0945894792675972,1.0,0.9571999907493591
YIL110W,YER018C,0,-9.983496,0.09458053857088089,1.0,0.9573000073432922
YBR244W,YLR092W,0,-9.984052,0.09457159042358398,1.0,0.9574000239372253
YMR068W,YPR125W,0,-9.986679,0.09456264972686768,1.0,0.9574999809265137
YDR028C,YDR280W,0,-9.988475,0.09455370903015137,1.0,0.9575999975204468
YBL064C,YDR464W,0,-9.993532,0.09454476833343506,1.0,0.9577000141143799
YGR179C,YPL057C,0,-9.993809,0.09453582763671875,1.0,0.9577999711036682
YPL123C,YMR227C,0,-9.994011,0.09452689439058304,1.0,0.9578999876976013
YPL084W,YLL034C,0,-9.996738,0.09451796114444733,1.0,0.9580000042915344
YJR065C,YOR140W,0,-9.9967575,0.09450902789831161,1.0,0.9581000208854675
YMR199W,YML005W,0,-9.999369,0.0945000946521759,1.0,0.9581999778747559
YCL040W,YHR186C,0,-10.000748,0.09449116140604019,1.0,0.958299994468689
YDR339C,YDL247W,0,-10.001435,0.09448223561048508,1.0,0.9584000110626221
YER045C,YHR021C,0,-10.00334,0.09447330981492996,1.0,0.9585000276565552
YIL097W,YDR158W,0,-10.005688,0.09446438401937485,1.0,0.9585999846458435
YNL094W,YOL094C,0,-10.00592,0.09445546567440033,1.0,0.9587000012397766
YBL015W,YMR016C,0,-10.006017,0.09444653987884521,1.0,0.9588000178337097
YNL261W,YNL202W,0,-10.012035,0.0944376215338707,1.0,0.958899974822998
YFR002W,YDR218C,0,-10.012164,0.09442870318889618,1.0,0.9589999914169312
YDL164C,YPR030W,0,-10.012252,0.09441979229450226,1.0,0.9591000080108643
YBR110W,YIL018W,0,-10.013769,0.09441087394952774,1.0,0.9592000246047974
YLR014C,YBR080C,0,-10.014053,0.09440196305513382,1.0,0.9592999815940857
YOR245C,YLR316C,0,-10.016205,0.0943930521607399,1.0,0.9593999981880188
YOL082W,YCR063W,0,-10.022317,0.09438414126634598,1.0,0.9595000147819519
YLR028C,YNR057C,0,-10.023203,0.09437523782253265,1.0,0.9595999717712402
YDR490C,YHL011C,0,-10.025506,0.09436632692813873,1.0,0.9596999883651733
YBR286W,YLR449W,0,-10.027695,0.09435742348432541,1.0,0.9598000049591064
YOL100W,YDR395W,0,-10.028802,0.09434852004051208,1.0,0.9599000215530396
YPL086C,YOR363C,0,-10.03059,0.09433962404727936,1.0,0.9599999785423279
YKL193C,YKL154W,0,-10.034573,0.09433072060346603,1.0,0.960099995136261
YCL038C,YLR200W,0,-10.036976,0.0943218246102333,1.0,0.9602000117301941
YDR173C,YJR069C,0,-10.038197,0.09431292861700058,1.0,0.9603000283241272
YMR285C,YBR035C,0,-10.04179,0.09430403262376785,1.0,0.9603999853134155
YPL262W,YLR222C,0,-10.04346,0.09429514408111572,1.0,0.9605000019073486
YFL022C,YML029W,0,-10.044499,0.09428625553846359,1.0,0.9606000185012817
YDL155W,YGL205W,0,-10.045462,0.09427736699581146,1.0,0.9606999754905701
YDR339C,YER024W,0,-10.047699,0.09426847845315933,1.0,0.9607999920845032
YDR501W,YBL055C,0,-10.048178,0.0942595899105072,1.0,0.9609000086784363
YLR051C,YGR193C,0,-10.048679,0.09425070881843567,1.0,0.9610000252723694
YJR073C,YBR279W,0,-10.050782,0.09424182772636414,1.0,0.9610999822616577
YOR157C,YPR010C,0,-10.052377,0.0942329466342926,1.0,0.9611999988555908
YGL127C,YDR495C,0,-10.052657,0.09422406554222107,1.0,0.9613000154495239
YOR133W,YDR251W,0,-10.053333,0.09421518445014954,1.0,0.9613999724388123
YPL164C,YLL036C,0,-10.056416,0.0942063108086586,1.0,0.9614999890327454
YDR123C,YML034W,0,-10.056832,0.09419743716716766,1.0,0.9616000056266785
YCR005C,YDR501W,0,-10.057808,0.09418856352567673,1.0,0.9617000222206116
YIL062C,YOL061W,0,-10.060763,0.09417969733476639,1.0,0.9617999792098999
YIR017C,YGL044C,0,-10.062359,0.09417082369327545,1.0,0.961899995803833
YGL047W,YPL086C,0,-10.064647,0.09416195750236511,1.0,0.9620000123977661
YML116W,YPR191W,0,-10.065426,0.09415309131145477,1.0,0.9621000289916992
YJR132W,YKL126W,0,-10.0658,0.09414423257112503,1.0,0.9621999859809875
YGL187C,YHR196W,0,-10.065953,0.09413536638021469,1.0,0.9623000025749207
YCL031C,YBR223C,0,-10.066247,0.09412650763988495,1.0,0.9624000191688538
YJR147W,YDR495C,0,-10.066373,0.0941176488995552,1.0,0.9624999761581421
YLR274W,YLR350W,0,-10.071823,0.09410879015922546,1.0,0.9625999927520752
YDR358W,YJR118C,0,-10.077011,0.09409993141889572,1.0,0.9627000093460083
YLR175W,YDR028C,0,-10.07762,0.09409108012914658,1.0,0.9628000259399414
YJR031C,YPR191W,0,-10.079962,0.09408222883939743,1.0,0.9628999829292297
YIL040W,YDR258C,0,-10.08005,0.09407337754964828,1.0,0.9629999995231628
YKL064W,YER148W,0,-10.08302,0.09406452625989914,1.0,0.963100016117096
YOR298C-A,YMR309C,0,-10.085272,0.09405568242073059,1.0,0.9631999731063843
YNL294C,YOR341W,0,-10.089569,0.09404683858156204,1.0,0.9632999897003174
YEL030W,YDR365C,0,-10.091275,0.0940379947423935,1.0,0.9634000062942505
YPR137W,YHR139C,0,-10.091738,0.09402915090322495,1.0,0.9635000228881836
YJL099W,YLR003C,0,-10.095144,0.0940203070640564,1.0,0.9635999798774719
YJL219W,YGR090W,0,-10.097591,0.09401147067546844,1.0,0.963699996471405
YBR286W,YHR062C,0,-10.098823,0.0940026342868805,1.0,0.9638000130653381
YJL134W,YKL201C,0,-10.10034,0.09399379789829254,1.0,0.9639000296592712
YPL057C,YBR175W,0,-10.100779,0.09398496150970459,1.0,0.9639999866485596
YIL110W,YGR086C,0,-10.101391,0.09397613257169724,1.0,0.9641000032424927
YML019W,YJR021C,0,-10.102928,0.09396729618310928,1.0,0.9642000198364258
YIL154C,YLR313C,0,-10.102937,0.09395846724510193,1.0,0.9642999768257141
YOR185C,YML046W,0,-10.107037,0.09394964575767517,1.0,0.9643999934196472
YJR025C,YBR030W,0,-10.109028,0.09394081681966782,1.0,0.9645000100135803
YGL054C,YDR171W,0,-10.111658,0.09393199533224106,1.0,0.9646000266075134
YLR411W,YDL076C,0,-10.111826,0.0939231738448143,1.0,0.9646999835968018
YML019W,YLR369W,0,-10.111919,0.09391435235738754,1.0,0.9648000001907349
YDR110W,YJL042W,0,-10.114,0.09390553086996078,1.0,0.964900016784668
YBL015W,YFL049W,0,-10.123894,0.09389671683311462,1.0,0.9649999737739563
YMR043W,YNL015W,0,-10.1288395,0.09388789534568787,1.0,0.9650999903678894
YKL007W,YDL208W,0,-10.13187,0.0938790813088417,1.0,0.9652000069618225
YKL189W,YIL016W,0,-10.1338005,0.09387027472257614,1.0,0.9653000235557556
YNR019W,YBL052C,0,-10.133867,0.09386146068572998,1.0,0.965399980545044
YNL233W,YOR054C,0,-10.135082,0.09385265409946442,1.0,0.965499997138977
YNR007C,YLL022C,0,-10.141611,0.09384384751319885,1.0,0.9656000137329102
YML042W,YFL034C-B,0,-10.144623,0.09383504092693329,1.0,0.9656999707221985
YHR176W,YGR072W,0,-10.146824,0.09382623434066772,1.0,0.9657999873161316
YHR190W,YBR084W,0,-10.151691,0.09381742775440216,1.0,0.9659000039100647
YMR213W,YKL148C,0,-10.157329,0.0938086286187172,1.0,0.9660000205039978
YJR143C,YOR054C,0,-10.164418,0.09379982948303223,1.0,0.9660999774932861
YER119C,YIR010W,0,-10.1709,0.09379103034734726,1.0,0.9661999940872192
YOR299W,YER029C,0,-10.175407,0.09378223866224289,1.0,0.9663000106811523
YOR245C,YGR221C,0,-10.177623,0.09377344697713852,1.0,0.9664000272750854
YJR065C,YDR217C,0,-10.180298,0.09376464784145355,1.0,0.9664999842643738
YLR256W,YDL213C,0,-10.182667,0.09375585615634918,1.0,0.9666000008583069
YNL173C,YDR489W,0,-10.184762,0.09374707192182541,1.0,0.96670001745224
YBR121C,YJR052W,0,-10.1892605,0.09373828023672104,1.0,0.9667999744415283
YNL331C,YJR055W,0,-10.193258,0.09372949600219727,1.0,0.9668999910354614
YHL002W,YPR010C,0,-10.195681,0.09372071176767349,1.0,0.9670000076293945
YKR026C,YBL075C,0,-10.198528,0.09371192753314972,1.0,0.9671000242233276
YPL266W,YPL095C,0,-10.202493,0.09370315074920654,1.0,0.967199981212616
YBR212W,YMR268C,0,-10.203827,0.09369436651468277,1.0,0.9672999978065491
YIL079C,YDR168W,0,-10.206469,0.0936855897307396,1.0,0.9674000144004822
YER143W,YKL143W,0,-10.213881,0.09367681294679642,1.0,0.9674999713897705
YDL223C,YLR398C,0,-10.214674,0.09366804361343384,1.0,0.9675999879837036
YGR140W,YAL017W,0,-10.218356,0.09365926682949066,1.0,0.9677000045776367
YGL005C,YKL143W,0,-10.222158,0.09365049749612808,1.0,0.9678000211715698
YNR059W,YAL023C,0,-10.2225485,0.0936417281627655,1.0,0.9678999781608582
YOR253W,YKL148C,0,-10.226187,0.09363295882940292,1.0,0.9679999947547913
YOR347C,YHR172W,0,-10.226408,0.09362418949604034,1.0,0.9681000113487244
YNR013C,YOR054C,0,-10.2271385,0.09361542761325836,1.0,0.9682000279426575
YLL001W,YGR078C,0,-10.236879,0.09360666573047638,1.0,0.9682999849319458
YGR140W,YBR223C,0,-10.238641,0.0935979038476944,1.0,0.9684000015258789
YOR142W,YNL279W,0,-10.241406,0.09358914196491241,1.0,0.968500018119812
YDR358W,YPL169C,0,-10.241559,0.09358038753271103,1.0,0.9685999751091003
YPL152W,YAL011W,0,-10.2417965,0.09357162564992905,1.0,0.9686999917030334
YML124C,YOR003W,0,-10.243078,0.09356287121772766,1.0,0.9688000082969666
YPR005C,YMR243C,0,-10.256686,0.09355412423610687,1.0,0.9689000248908997
YNR019W,YBR297W,0,-10.257774,0.09354536980390549,1.0,0.968999981880188
YGL181W,YOL125W,0,-10.261679,0.0935366228222847,1.0,0.9690999984741211
YML116W,YEL050C,0,-10.261872,0.09352786839008331,1.0,0.9692000150680542
YCL035C,YOL040C,0,-10.265646,0.09351912140846252,1.0,0.9692999720573425
YOR023C,YOR207C,0,-10.266733,0.09351038187742233,1.0,0.9693999886512756
YBR212W,YMR243C,0,-10.26697,0.09350163489580154,1.0,0.9695000052452087
YDR516C,YDL108W,0,-10.269369,0.09349289536476135,1.0,0.9696000218391418
YGR191W,YKL193C,0,-10.271185,0.09348415583372116,1.0,0.9696999788284302
YLR270W,YNL291C,0,-10.271995,0.09347541630268097,1.0,0.9697999954223633
YLR014C,YHL024W,0,-10.282483,0.09346667677164078,1.0,0.9699000120162964
YPR030W,YDR212W,0,-10.28384,0.09345794469118118,1.0,0.9700000286102295
YGR140W,YDL130W-A,0,-10.289919,0.09344921261072159,1.0,0.9700999855995178
YGR256W,YML124C,0,-10.290623,0.093440480530262,1.0,0.9702000021934509
YFR047C,YBL079W,0,-10.293743,0.0934317484498024,1.0,0.970300018787384
YBL103C,YGR221C,0,-10.295272,0.0934230163693428,1.0,0.9703999757766724
YPL243W,YJR049C,0,-10.29537,0.0934142917394638,1.0,0.9704999923706055
YOR120W,YER044C-A,0,-10.297459,0.09340556710958481,1.0,0.9706000089645386
YMR081C,YHR048W,0,-10.315988,0.09339684247970581,1.0,0.9707000255584717
YPL249C,YGR195W,0,-10.322058,0.09338811784982681,1.0,0.97079998254776
YER143W,YNR003C,0,-10.322368,0.09337940067052841,1.0,0.9708999991416931
YCL040W,YKL196C,0,-10.325072,0.09337068349123001,1.0,0.9710000157356262
YKL051W,YNL299W,0,-10.326982,0.09336196631193161,1.0,0.9710999727249146
YBR272C,YHR031C,0,-10.327173,0.09335324913263321,1.0,0.9711999893188477
YLR397C,YLR109W,0,-10.3276825,0.09334453195333481,1.0,0.9713000059127808
YPL254W,YJL036W,0,-10.328558,0.093335822224617,1.0,0.9714000225067139
YDR470C,YLR222C,0,-10.330273,0.0933271124958992,1.0,0.9714999794960022
YNR060W,YNL079C,0,-10.332386,0.0933184027671814,1.0,0.9715999960899353
YGL209W,YOR288C,0,-10.3336315,0.09330969303846359,1.0,0.9717000126838684
YGR256W,YNR013C,0,-10.3347845,0.09330099076032639,1.0,0.9718000292778015
YPL170W,YJR002W,0,-10.337975,0.09329228103160858,1.0,0.9718999862670898
YOL005C,YGL208W,0,-10.338368,0.09328357875347137,1.0,0.972000002861023
YDR245W,YKL129C,0,-10.338469,0.09327488392591476,1.0,0.972100019454956
YBR042C,YJR073C,0,-10.347992,0.09326618164777756,1.0,0.9721999764442444
YHR191C,YPR023C,0,-10.34921,0.09325748682022095,1.0,0.9722999930381775
YMR281W,YJL110C,0,-10.349907,0.09324878454208374,1.0,0.9724000096321106
YLR163C,YGR280C,0,-10.350729,0.09324008971452713,1.0,0.9725000262260437
YDR382W,YKR014C,0,-10.3574,0.09323140233755112,1.0,0.972599983215332
YBL018C,YOR256C,0,-10.357904,0.0932227075099945,1.0,0.9726999998092651
YBR288C,YOR173W,0,-10.358107,0.0932140201330185,1.0,0.9728000164031982
YLR238W,YBL018C,0,-10.358547,0.09320533275604248,1.0,0.9728999733924866
YLR226W,YJR019C,0,-10.361305,0.09319664537906647,1.0,0.9729999899864197
YPR030W,YDR447C,0,-10.364315,0.09318795800209045,1.0,0.9731000065803528
YDR358W,YML105C,0,-10.366417,0.09317927807569504,1.0,0.9732000231742859
YPR093C,YDL164C,0,-10.366603,0.09317059814929962,1.0,0.9732999801635742
YCR071C,YKR072C,0,-10.369524,0.0931619182229042,1.0,0.9733999967575073
YHR030C,YDL064W,0,-10.372851,0.09315323829650879,1.0,0.9735000133514404
YDR527W,YJL141C,0,-10.377766,0.09314455837011337,1.0,0.9735999703407288
YDR343C,YJR002W,0,-10.379339,0.09313588589429855,1.0,0.9736999869346619
YNL001W,YBR298C,0,-10.382108,0.09312721341848373,1.0,0.973800003528595
YOR133W,YNL160W,0,-10.382294,0.09311854094266891,1.0,0.9739000201225281
YOR316C,YGR159C,0,-10.383105,0.0931098684668541,1.0,0.9739999771118164
YOL082W,YOL054W,0,-10.394027,0.09310120344161987,1.0,0.9740999937057495
YDR448W,YPL135W,0,-10.406495,0.09309253096580505,1.0,0.9742000102996826
YDL153C,YNL257C,0,-10.414315,0.09308386594057083,1.0,0.9743000268936157
YGR244C,YHR070W,0,-10.41983,0.0930752083659172,1.0,0.974399983882904
YGR112W,YLR222C,0,-10.42364,0.09306654334068298,1.0,0.9745000004768372
YCL034W,YOR297C,0,-10.4276,0.09305787831544876,1.0,0.9746000170707703
YPL170W,YGR090W,0,-10.428101,0.09304922074079514,1.0,0.9746999740600586
YNR001C,YGR119C,0,-10.429565,0.09304056316614151,1.0,0.9747999906539917
YDL209C,YDL223C,0,-10.434469,0.09303191304206848,1.0,0.9749000072479248
YOR033C,YLL060C,0,-10.441156,0.09302325546741486,1.0,0.9750000238418579
YML099C,YBR072W,0,-10.442596,0.09301460534334183,1.0,0.9750999808311462
YPL231W,YEL065W,0,-10.443197,0.0930059552192688,1.0,0.9751999974250793
YDR270W,YMR319C,0,-10.458626,0.09299730509519577,1.0,0.9753000140190125
YPL001W,YGR197C,0,-10.460091,0.09298865497112274,1.0,0.9753999710083008
YML126C,YGL243W,0,-10.462908,0.09298001229763031,1.0,0.9754999876022339
YDR518W,YKR046C,0,-10.463053,0.09297136217355728,1.0,0.975600004196167
YNR058W,YJL014W,0,-10.467535,0.09296271950006485,1.0,0.9757000207901001
YPR031W,YDR479C,0,-10.467555,0.09295408427715302,1.0,0.9757999777793884
YLR201C,YNL244C,0,-10.471489,0.09294544160366058,1.0,0.9758999943733215
YOL033W,YGL255W,0,-10.477824,0.09293680638074875,1.0,0.9760000109672546
YLR201C,YOR119C,0,-10.480837,0.09292816370725632,1.0,0.9761000275611877
YIL009C-A,YNL117W,0,-10.486816,0.09291952848434448,1.0,0.9761999845504761
YLR015W,YGR080W,0,-10.489695,0.09291090071201324,1.0,0.9763000011444092
YKL213C,YDR429C,0,-10.494038,0.09290226548910141,1.0,0.9764000177383423
YNL001W,YHR096C,0,-10.497274,0.09289363771677017,1.0,0.9764999747276306
YIL010W,YOL080C,0,-10.5009575,0.09288500994443893,1.0,0.9765999913215637
YMR311C,YER110C,0,-10.504164,0.0928763821721077,1.0,0.9767000079154968
YBL015W,YBR265W,0,-10.504709,0.09286775439977646,1.0,0.9768000245094299
YHR133C,YGR044C,0,-10.506334,0.09285913407802582,1.0,0.9768999814987183
YIL079C,YHL048W,0,-10.507025,0.09285051375627518,1.0,0.9769999980926514
YDR270W,YDR198C,0,-10.509757,0.09284189343452454,1.0,0.9771000146865845
YER056C,YIL105C,0,-10.51151,0.0928332731127739,1.0,0.9771999716758728
YGR288W,YOR359W,0,-10.511711,0.09282465279102325,1.0,0.9772999882698059
YJL101C,YNL102W,0,-10.512356,0.09281603991985321,1.0,0.977400004863739
YGR081C,YMR088C,0,-10.514757,0.09280742704868317,1.0,0.9775000214576721
YDL046W,YMR229C,0,-10.515526,0.09279881417751312,1.0,0.9775999784469604
YLR074C,YAR035W,0,-10.519585,0.09279020130634308,1.0,0.9776999950408936
YLR246W,YNR046W,0,-10.525685,0.09278158843517303,1.0,0.9778000116348267
YKL013C,YJR002W,0,-10.530914,0.09277298301458359,1.0,0.9779000282287598
YJL166W,YPL243W,0,-10.535341,0.09276437759399414,1.0,0.9779999852180481
YER015W,YJL080C,0,-10.537451,0.0927557721734047,1.0,0.9781000018119812
YAL035W,YOR380W,0,-10.538794,0.09274717420339584,1.0,0.9782000184059143
YPR144C,YDL046W,0,-10.54804,0.0927385687828064,1.0,0.9782999753952026
YJR078W,YLR197W,0,-10.567152,0.09272997081279755,1.0,0.9783999919891357
YMR068W,YMR235C,0,-10.567332,0.0927213728427887,1.0,0.9785000085830688
YPR009W,YCL033C,0,-10.572618,0.09271277487277985,1.0,0.978600025177002
YHR043C,YCR057C,0,-10.573231,0.09270418435335159,1.0,0.9786999821662903
YNL221C,YGR197C,0,-10.574724,0.09269558638334274,1.0,0.9787999987602234
YBR060C,YIL153W,0,-10.575694,0.09268699586391449,1.0,0.9789000153541565
YJL050W,YKR014C,0,-10.575874,0.09267840534448624,1.0,0.9789999723434448
YPR008W,YKL099C,0,-10.579662,0.09266981482505798,1.0,0.9790999889373779
YLR206W,YDR037W,0,-10.581752,0.09266123175621033,1.0,0.979200005531311
YGL236C,YER103W,0,-10.58231,0.09265264868736267,1.0,0.9793000221252441
YIL105C,YOR229W,0,-10.586831,0.09264405816793442,1.0,0.9793999791145325
YGR109C,YNL037C,0,-10.592491,0.09263548254966736,1.0,0.9794999957084656
YDR148C,YDR412W,0,-10.5966215,0.0926268994808197,1.0,0.9796000123023987
YGL061C,YOR035C,0,-10.599773,0.09261831641197205,1.0,0.9797000288963318
YCR010C,YNR013C,0,-10.602499,0.09260974079370499,1.0,0.9797999858856201
YEL042W,YNL294C,0,-10.618423,0.09260116517543793,1.0,0.9799000024795532
YMR312W,YCL034W,0,-10.629938,0.09259258955717087,1.0,0.9800000190734863
YER036C,YGR044C,0,-10.636453,0.0925840213894844,1.0,0.9800999760627747
YDR302W,YBL075C,0,-10.638321,0.09257544577121735,1.0,0.9801999926567078
YKR067W,YBL052C,0,-10.640742,0.09256687760353088,1.0,0.9803000092506409
YPR161C,YGR008C,0,-10.640808,0.09255830943584442,1.0,0.980400025844574
YKR009C,YOR341W,0,-10.64307,0.09254974871873856,1.0,0.9804999828338623
YDL166C,YIL153W,0,-10.645601,0.0925411805510521,1.0,0.9805999994277954
YAL012W,YIL017C,0,-10.657188,0.09253261983394623,1.0,0.9807000160217285
YMR014W,YDR293C,0,-10.658259,0.09252405911684036,1.0,0.9807999730110168
YKL026C,YHR120W,0,-10.661025,0.0925154983997345,1.0,0.98089998960495
YPL159C,YDR429C,0,-10.664663,0.09250693768262863,1.0,0.9810000061988831
YDL085W,YLR154C,0,-10.675442,0.09249838441610336,1.0,0.9811000227928162
YOR178C,YNL299W,0,-10.68191,0.0924898236989975,1.0,0.9811999797821045
YLR201C,YJR132W,0,-10.684454,0.09248127043247223,1.0,0.9812999963760376
YGR247W,YNL207W,0,-10.69004,0.09247271716594696,1.0,0.9814000129699707
YBR035C,YPR190C,0,-10.696711,0.09246417135000229,1.0,0.9815000295639038
YOR035C,YMR146C,0,-10.712856,0.09245561808347702,1.0,0.9815999865531921
YAL029C,YBR117C,0,-10.722546,0.09244707226753235,1.0,0.9817000031471252
YMR308C,YGL104C,0,-10.723162,0.09243852645158768,1.0,0.9818000197410583
YBR036C,YOR310C,0,-10.729467,0.092429980635643,1.0,0.9818999767303467
YIL040W,YLR189C,0,-10.730604,0.09242144227027893,1.0,0.9819999933242798
YOL061W,YKL193C,0,-10.735015,0.09241290390491486,1.0,0.9821000099182129
YDL092W,YNL160W,0,-10.743771,0.09240435808897018,1.0,0.982200026512146
YGR244C,YOL093W,0,-10.744247,0.0923958271741867,1.0,0.9822999835014343
YOR275C,YJR063W,0,-10.747816,0.09238728880882263,1.0,0.9824000000953674
YNL012W,YGR162W,0,-10.752829,0.09237875044345856,1.0,0.9825000166893005
YOR173W,YLR275W,0,-10.758739,0.09237021952867508,1.0,0.9825999736785889
YJR025C,YAL059W,0,-10.760984,0.0923616886138916,1.0,0.982699990272522
YPL194W,YDR120C,0,-10.777096,0.09235315769910812,1.0,0.9828000068664551
YMR081C,YIL110W,0,-10.779537,0.09234462678432465,1.0,0.9829000234603882
YGR159C,YKL148C,0,-10.783154,0.09233610332012177,1.0,0.9829999804496765
YJR125C,YNL299W,0,-10.787405,0.09232757985591888,1.0,0.9830999970436096
YBL008W,YNL093W,0,-10.787695,0.092319056391716,1.0,0.9832000136375427
YNR035C,YHR065C,0,-10.78842,0.09231053292751312,1.0,0.983299970626831
YDR221W,YKR056W,0,-10.794474,0.09230200946331024,1.0,0.9833999872207642
YOR173W,YHR154W,0,-10.799654,0.09229349344968796,1.0,0.9835000038146973
YLR285W,YER162C,0,-10.800356,0.09228497743606567,1.0,0.9836000204086304
YNL071W,YOR004W,0,-10.80926,0.09227646142244339,1.0,0.9836999773979187
YDL084W,YJR103W,0,-10.816254,0.0922679454088211,1.0,0.9837999939918518
YEL003W,YDR258C,0,-10.834404,0.09225943684577942,1.0,0.9839000105857849
YMR081C,YDL112W,0,-10.846439,0.09225092083215714,1.0,0.984000027179718
YHR075C,YLL036C,0,-10.849513,0.09224241226911545,1.0,0.9840999841690063
YBL078C,YNL283C,0,-10.861917,0.09223390370607376,1.0,0.9842000007629395
YHR190W,YMR309C,0,-10.863,0.09222540259361267,1.0,0.9843000173568726
YJL101C,YNL207W,0,-10.875974,0.09221689403057098,1.0,0.9843999743461609
YJR155W,YBR171W,0,-10.879285,0.0922083929181099,1.0,0.984499990940094
YMR290C,YGR288W,0,-10.883503,0.0921998918056488,1.0,0.9846000075340271
YJR155W,YOL005C,0,-10.894924,0.09219139069318771,1.0,0.9847000241279602
YDL213C,YKR014C,0,-10.902176,0.09218288958072662,1.0,0.9847999811172485
YLR102C,YBR143C,0,-10.908693,0.09217439591884613,1.0,0.9848999977111816
YIL125W,YGR185C,0,-10.911022,0.09216590225696564,1.0,0.9850000143051147
YNR034W,YDR449C,0,-10.921946,0.09215740114450455,1.0,0.9850999712944031
YFR047C,YLR003C,0,-10.946472,0.09214891493320465,1.0,0.9851999878883362
YER119C,YNL064C,0,-10.956974,0.09214042127132416,1.0,0.9853000044822693
YPL217C,YDR178W,0,-10.960875,0.09213193506002426,1.0,0.9854000210762024
YJL060W,YIL052C,0,-10.96783,0.09212344884872437,1.0,0.9854999780654907
YPR143W,YCR073W-A,0,-10.977566,0.09211496263742447,1.0,0.9855999946594238
YDR299W,YDR178W,0,-10.97858,0.09210647642612457,1.0,0.9857000112533569
YER159C,YJL080C,0,-10.988878,0.09209799021482468,1.0,0.98580002784729
YKL172W,YLR207W,0,-11.001498,0.09208951145410538,1.0,0.9858999848365784
YMR212C,YDR258C,0,-11.00716,0.09208103269338608,1.0,0.9860000014305115
YER015W,YPR112C,0,-11.022601,0.09207255393266678,1.0,0.9861000180244446
YJR065C,YDR280W,0,-11.022852,0.09206407517194748,1.0,0.9861999750137329
YML118W,YLR150W,0,-11.026274,0.09205560386180878,1.0,0.986299991607666
YDL051W,YKL188C,0,-11.049127,0.09204712510108948,1.0,0.9864000082015991
YKL110C,YNL173C,0,-11.053589,0.09203865379095078,1.0,0.9865000247955322
YOL111C,YNL119W,0,-11.07307,0.09203018248081207,1.0,0.9865999817848206
YNL062C,YGR080W,0,-11.075872,0.09202171862125397,1.0,0.9866999983787537
YNL293W,YOR145C,0,-11.076889,0.09201324731111526,1.0,0.9868000149726868
YDR436W,YER148W,0,-11.095852,0.09200478345155716,1.0,0.9868999719619751
YNL159C,YJL035C,0,-11.096952,0.09199631959199905,1.0,0.9869999885559082
YAL055W,YDL092W,0,-11.097357,0.09198785573244095,1.0,0.9871000051498413
YOR120W,YGR104C,0,-11.112326,0.09197939932346344,1.0,0.9872000217437744
YOR113W,YER006W,0,-11.113113,0.09197093546390533,1.0,0.9872999787330627
YMR049C,YDR096W,0,-11.11421,0.09196247905492783,1.0,0.9873999953269958
YGR145W,YOR288C,0,-11.136599,0.09195402264595032,1.0,0.987500011920929
YDL113C,YJR112W,0,-11.14069,0.09194556623697281,1.0,0.9876000285148621
YDR284C,YGL246C,0,-11.144722,0.0919371172785759,1.0,0.9876999855041504
YOR168W,YNL006W,0,-11.145991,0.09192866086959839,1.0,0.9878000020980835
YOR173W,YDR228C,0,-11.146198,0.09192021191120148,1.0,0.9879000186920166
YMR056C,YPR187W,0,-11.161892,0.09191176295280457,1.0,0.9879999756813049
YNL111C,YDL046W,0,-11.16355,0.09190331399440765,1.0,0.988099992275238
YGR109C,YGR008C,0,-11.183838,0.09189487248659134,1.0,0.9882000088691711
YCL038C,YGR152C,0,-11.184714,0.09188643097877502,1.0,0.9883000254631042
YNL298W,YLR216C,0,-11.1881485,0.09187798947095871,1.0,0.9883999824523926
YBR169C,YKL214C,0,-11.1970215,0.0918695479631424,1.0,0.9884999990463257
YOL151W,YBL004W,0,-11.2078285,0.09186110645532608,1.0,0.9886000156402588
YGL246C,YLL041C,0,-11.236275,0.09185266494750977,1.0,0.9886999726295471
YDL039C,YGR080W,0,-11.246824,0.09184423089027405,1.0,0.9887999892234802
YLR196W,YEL024W,0,-11.252943,0.09183579683303833,1.0,0.9889000058174133
YLR370C,YPR143W,0,-11.256356,0.09182736277580261,1.0,0.9890000224113464
YAL017W,YDR324C,0,-11.268869,0.09181893616914749,1.0,0.9890999794006348
YPL249C,YDR300C,0,-11.273857,0.09181050211191177,1.0,0.9891999959945679
YJL005W,YOR294W,0,-11.274441,0.09180207550525665,1.0,0.989300012588501
YMR290C,YDR293C,0,-11.281432,0.09179364889860153,1.0,0.9894000291824341
YBL078C,YER145C,0,-11.287334,0.09178522229194641,1.0,0.9894999861717224
YLL041C,YKL099C,0,-11.300037,0.09177679568529129,1.0,0.9896000027656555
YBR034C,YPL196W,0,-11.307808,0.09176837652921677,1.0,0.9897000193595886
YLR186W,YCR091W,0,-11.320148,0.09175995737314224,1.0,0.989799976348877
YPL086C,YCL039W,0,-11.335354,0.09175153821706772,1.0,0.9898999929428101
YLR423C,YNL299W,0,-11.346284,0.0917431190609932,1.0,0.9900000095367432
YOR207C,YAL030W,0,-11.347805,0.09173469990491867,1.0,0.9901000261306763
YDL148C,YCL033C,0,-11.358377,0.09172628819942474,1.0,0.9901999831199646
YDR411C,YPR110C,0,-11.385948,0.09171787649393082,1.0,0.9902999997138977
YDR395W,YPL206C,0,-11.388926,0.09170946478843689,1.0,0.9904000163078308
YMR081C,YOR056C,0,-11.409941,0.09170105308294296,1.0,0.9904999732971191
YJL101C,YNL299W,0,-11.441619,0.09169264882802963,1.0,0.9905999898910522
YLR189C,YPL266W,0,-11.450586,0.0916842371225357,1.0,0.9907000064849854
YHR081W,YGR070W,0,-11.464084,0.09167583286762238,1.0,0.9908000230789185
YBR154C,YDR247W,0,-11.487467,0.09166742861270905,1.0,0.9908999800682068
YNR001C,YJR002W,0,-11.4978485,0.09165903180837631,1.0,0.9909999966621399
YDR516C,YBL035C,0,-11.504692,0.09165062755346298,1.0,0.991100013256073
YLR270W,YJR069C,0,-11.59065,0.09164223074913025,1.0,0.9911999702453613
YPL160W,YKR046C,0,-11.592477,0.09163383394479752,1.0,0.9912999868392944
YIL154C,YNR003C,0,-11.601754,0.09162543714046478,1.0,0.9914000034332275
YNL159C,YNL062C,0,-11.612167,0.09161704033613205,1.0,0.9915000200271606
YDR465C,YDR330W,0,-11.616883,0.09160865098237991,1.0,0.991599977016449
YOL071W,YPR163C,0,-11.622141,0.09160025417804718,1.0,0.9916999936103821
YIL103W,YFL014W,0,-11.635927,0.09159186482429504,1.0,0.9918000102043152
YCL035C,YNL292W,0,-11.64252,0.09158347547054291,1.0,0.9919000267982483
YDR171W,YOL125W,0,-11.643432,0.09157509356737137,1.0,0.9919999837875366
YNL331C,YMR235C,0,-11.657106,0.09156670421361923,1.0,0.9921000003814697
YDR069C,YJL069C,0,-11.660124,0.09155832231044769,1.0,0.9922000169754028
YFR047C,YJL125C,0,-11.660766,0.09154994040727615,1.0,0.9922999739646912
YJL060W,YML043C,0,-11.665024,0.09154155850410461,1.0,0.9923999905586243
YPL249C,YJL198W,0,-11.668326,0.09153318405151367,1.0,0.9925000071525574
YIL124W,YMR239C,0,-11.673748,0.09152480214834213,1.0,0.9926000237464905
YHR096C,YBL039C,0,-11.673887,0.09151642769575119,1.0,0.9926999807357788
YBR072W,YOR295W,0,-11.676443,0.09150805324316025,1.0,0.9927999973297119
YKL081W,YPL214C,0,-11.687534,0.0914996787905693,1.0,0.992900013923645
YPL012W,YHR106W,0,-11.699329,0.09149131178855896,1.0,0.9929999709129333
YOL021C,YPL154C,0,-11.7060585,0.09148293733596802,1.0,0.9930999875068665
YOL071W,YDR120C,0,-11.708315,0.09147457033395767,1.0,0.9932000041007996
YNL242W,YMR049C,0,-11.724167,0.09146620333194733,1.0,0.9933000206947327
YGR256W,YDR429C,0,-11.732458,0.09145783632993698,1.0,0.993399977684021
YHR081W,YDL130W-A,0,-11.73941,0.09144947677850723,1.0,0.9934999942779541
YDR284C,YIL110W,0,-11.747463,0.09144110977649689,1.0,0.9936000108718872
YLR189C,YPR137W,0,-11.751469,0.09143275022506714,1.0,0.9937000274658203
YKL193C,YGR128C,0,-11.772974,0.09142439067363739,1.0,0.9937999844551086
YMR093W,YOR162C,0,-11.7954235,0.09141603112220764,1.0,0.9939000010490417
YAL035W,YGR197C,0,-11.796903,0.09140767902135849,1.0,0.9940000176429749
YDR358W,YMR143W,0,-11.833424,0.09139932692050934,1.0,0.9940999746322632
YJL020C,YNL207W,0,-11.850601,0.09139096736907959,1.0,0.9941999912261963
YKL026C,YGR081C,0,-11.861451,0.09138262271881104,1.0,0.9943000078201294
YDL024C,YOR294W,0,-11.87378,0.09137427061796188,1.0,0.9944000244140625
YDR339C,YJL141C,0,-11.874694,0.09136591851711273,1.0,0.9944999814033508
YJL190C,YBR006W,0,-11.890837,0.09135757386684418,1.0,0.9945999979972839
YKR046C,YLR409C,0,-11.91815,0.09134922921657562,1.0,0.994700014591217
YDR284C,YOL124C,0,-11.923821,0.09134088456630707,1.0,0.9947999715805054
YMR049C,YKL193C,0,-11.942287,0.09133253991603851,1.0,0.9948999881744385
YOL082W,YGL097W,0,-11.949573,0.09132420271635056,1.0,0.9950000047683716
YBL064C,YNR046W,0,-11.964861,0.091315858066082,1.0,0.9951000213623047
YGR145W,YDR503C,0,-11.975935,0.09130752086639404,1.0,0.995199978351593
YKR003W,YMR093W,0,-12.00849,0.09129919111728668,1.0,0.9952999949455261
YOL071W,YKL143W,0,-12.0111885,0.09129085391759872,1.0,0.9954000115394592
YJR073C,YDR045C,0,-12.014244,0.09128251671791077,1.0,0.9955000281333923
YDR436W,YPR110C,0,-12.026658,0.0912741869688034,1.0,0.9955999851226807
YOL151W,YDL060W,0,-12.054686,0.09126585721969604,1.0,0.9957000017166138
YDR171W,YOR359W,0,-12.060649,0.09125752747058868,1.0,0.9958000183105469
YJL060W,YDL060W,0,-12.069208,0.09124920517206192,1.0,0.9958999752998352
YDR361C,YKL193C,0,-12.072332,0.09124087542295456,1.0,0.9959999918937683
YDR299W,YKR067W,0,-12.151913,0.0912325531244278,1.0,0.9961000084877014
YOR173W,YDR190C,0,-12.170929,0.09122423082590103,1.0,0.9962000250816345
YER119C,YGL169W,0,-12.209776,0.09121590852737427,1.0,0.9962999820709229
YBL078C,YPR163C,0,-12.289944,0.0912075862288475,1.0,0.996399998664856
YGR128C,YKR014C,0,-12.312598,0.09119927138090134,1.0,0.9965000152587891
YLR196W,YHL024W,0,-12.312737,0.09119095653295517,1.0,0.9965999722480774
YKL035W,YBR030W,0,-12.329744,0.091182641685009,1.0,0.9966999888420105
YHR062C,YDR077W,0,-12.342256,0.09117432683706284,1.0,0.9968000054359436
YGR145W,YDL085W,0,-12.352526,0.09116601198911667,1.0,0.9969000220298767
YKR046C,YPR132W,0,-12.3610525,0.0911577045917511,1.0,0.996999979019165
YLR189C,YBR091C,0,-12.374233,0.09114939719438553,1.0,0.9970999956130981
YKR067W,YJL190C,0,-12.377512,0.09114108979701996,1.0,0.9972000122070312
YGL029W,YGR161C,0,-12.437521,0.09113278239965439,1.0,0.9973000288009644
YBL015W,YNL248C,0,-12.4781275,0.09112447500228882,1.0,0.9973999857902527
YCL040W,YDR172W,0,-12.483816,0.09111617505550385,1.0,0.9975000023841858
YCR047C,YER053C,0,-12.492685,0.09110787510871887,1.0,0.9976000189781189
YDL148C,YPL154C,0,-12.501805,0.0910995751619339,1.0,0.9976999759674072
YLR175W,YDL130W-A,0,-12.505214,0.09109127521514893,1.0,0.9977999925613403
YML042W,YAL059W,0,-12.52282,0.09108297526836395,1.0,0.9979000091552734
YHR013C,YNL160W,0,-12.523619,0.09107468277215958,1.0,0.9980000257492065
YOL010W,YGR044C,0,-12.525735,0.0910663902759552,1.0,0.9980999827384949
YJL036W,YGR128C,0,-12.596539,0.09105809777975082,1.0,0.998199999332428
YHR068W,YKR046C,0,-12.607646,0.09104980528354645,1.0,0.9983000159263611
YDL024C,YLR197W,0,-12.6144905,0.09104151278734207,1.0,0.9983999729156494
YER054C,YJL098W,0,-12.67312,0.09103322774171829,1.0,0.9984999895095825
YDL051W,YBR006W,0,-12.743095,0.09102494269609451,1.0,0.9986000061035156
YNL112W,YKR067W,0,-12.762484,0.09101665765047073,1.0,0.9987000226974487
YGR159C,YDL130W-A,0,-12.781582,0.09100837260484695,1.0,0.9987999796867371
YAL059W,YGR044C,0,-12.783678,0.09100008755922318,1.0,0.9988999962806702
YDR171W,YOR361C,0,-12.847305,0.09099180996417999,1.0,0.9990000128746033
YLR080W,YJL050W,0,-12.852478,0.09098353236913681,1.0,0.9991000294685364
YBL024W,YOR347C,0,-12.8759,0.09097525477409363,1.0,0.9991999864578247
YLR175W,YDL024C,0,-12.907562,0.09096697717905045,1.0,0.9993000030517578
YAL059W,YPR081C,0,-12.908477,0.09095870703458786,1.0,0.9994000196456909
YPL012W,YBR280C,0,-13.061884,0.09095042943954468,1.0,0.9994999766349792
YAL059W,YBR006W,0,-13.247787,0.09094215929508209,1.0,0.9995999932289124
YJL164C,YNL299W,0,-13.456065,0.0909338891506195,1.0,0.9997000098228455
YLR409C,YGL227W,0,-14.030509,0.09092562645673752,1.0,0.9998000264167786
YDR516C,YGR159C,0,-14.558298,0.09091735631227493,1.0,0.9998999834060669
YOR173W,YLR196W,0,-15.544131,0.09090909361839294,1.0,1.0
