Gene A,Gene B,Label,Score,Precision,Recall,False Positive Rate
YMR303C,YLR009W,0,-0.06212905,0.0,0.0,9.999999747378752e-05
YOR173W,YDR439W,0,-0.06212905,0.0,0.0,0.00019999999494757503
YPL132W,YKR076W,0,-0.06212905,0.0,0.0,0.0003000000142492354
YDR273W,YNL248C,0,-0.06212905,0.0,0.0,0.00039999998989515007
YLR329W,YLR009W,0,-0.06212905,0.0,0.0,0.0005000000237487257
YCL039W,YDR432W,0,-0.06212905,0.0,0.0,0.0006000000284984708
YLR009W,YFL059W,0,-0.06212905,0.0,0.0,0.000699999975040555
YPL133C,YPR080W,0,-0.06212905,0.0,0.0,0.0007999999797903001
YKL150W,YOR243C,0,-0.06212905,0.0,0.0,0.0008999999845400453
YMR069W,YHR161C,0,-0.06212905,0.0,0.0,0.0010000000474974513
YMR303C,YNL248C,0,-0.06212905,0.0,0.0,0.0010999999940395355
YMR277W,YML058W-A,0,-0.06212905,0.0,0.0,0.0012000000569969416
YIR013C,YGR178C,0,-0.06212905,0.0,0.0,0.0013000000035390258
YJL219W,YLR448W,0,-0.06212905,0.0,0.0,0.00139999995008111
YPL240C,YNR017W,0,-0.06212905,0.0,0.0,0.001500000013038516
YDR058C,YDR449C,0,-0.06212905,0.0,0.0,0.0015999999595806003
YGR280C,YOR162C,0,-0.06212905,0.0,0.0,0.0017000000225380063
YDR294C,YDR281C,0,-0.06212905,0.0,0.0,0.0017999999690800905
YBL002W,YCR061W,0,-0.06212905,0.0,0.0,0.0019000000320374966
YDR165W,YCR061W,0,-0.06212905,0.0,0.0,0.0020000000949949026
YDR085C,YIL123W,0,-0.06212905,0.0,0.0,0.002099999925121665
YPL018W,YDL201W,0,-0.06212905,0.0,0.0,0.002199999988079071
YCR005C,YLR003C,0,-0.06212905,0.0,0.0,0.002300000051036477
YDR342C,YDL112W,0,-0.06212905,0.0,0.0,0.002400000113993883
YDR342C,YHR154W,0,-0.06212905,0.0,0.0,0.0024999999441206455
YDR365C,YOR338W,0,-0.06212905,0.0,0.0,0.0026000000070780516
YDR342C,YPL151C,0,-0.06212905,0.0,0.0,0.0027000000700354576
YFL057C,YJR069C,0,-0.06212905,0.0,0.0,0.00279999990016222
YLR270W,YMR069W,0,-0.06212905,0.0,0.0,0.002899999963119626
YOR040W,YDR432W,0,-0.06212905,0.0,0.0,0.003000000026077032
YLR102C,YAL040C,1,-0.06212905,0.032258063554763794,0.0010000000474974513,0.003000000026077032
YML058W-A,YNL262W,0,-0.06212905,0.03125,0.0010000000474974513,0.003100000089034438
YEL027W,YDR273W,0,-0.06212905,0.03030303120613098,0.0010000000474974513,0.0031999999191612005
YOR173W,YNL031C,0,-0.06212905,0.029411764815449715,0.0010000000474974513,0.0032999999821186066
YHR052W,YFL059W,0,-0.06212905,0.02857142873108387,0.0010000000474974513,0.0034000000450760126
YKR076W,YJR139C,0,-0.06212905,0.02777777798473835,0.0010000000474974513,0.0035000001080334187
YMR049C,YGR055W,0,-0.06212905,0.027027027681469917,0.0010000000474974513,0.003599999938160181
YDR258C,YBR093C,0,-0.06212905,0.02631578966975212,0.0010000000474974513,0.003700000001117587
YPL018W,YLR009W,0,-0.06212905,0.025641025975346565,0.0010000000474974513,0.003800000064074993
YAL059W,YJL164C,0,-0.06212905,0.02500000037252903,0.0010000000474974513,0.0038999998942017555
YPL145C,YGR248W,0,-0.06212905,0.024390242993831635,0.0010000000474974513,0.004000000189989805
YOL071W,YGL120C,0,-0.06212905,0.02380952425301075,0.0010000000474974513,0.004100000020116568
YNL274C,YDR345C,0,-0.06212905,0.023255813866853714,0.0010000000474974513,0.00419999985024333
YHR052W,YGR288W,0,-0.06212905,0.022727273404598236,0.0010000000474974513,0.00430000014603138
YNL111C,YJL036W,0,-0.06212905,0.02222222276031971,0.0010000000474974513,0.004399999976158142
YMR303C,YKL017C,0,-0.06212905,0.021739130839705467,0.0010000000474974513,0.0044999998062849045
YMR303C,YDR392W,0,-0.06212905,0.021276595070958138,0.0010000000474974513,0.004600000102072954
YJL168C,YKL035W,0,-0.06212905,0.02083333395421505,0.0010000000474974513,0.004699999932199717
YML058W-A,YFL002C,0,-0.06212905,0.020408162847161293,0.0010000000474974513,0.004800000227987766
YDR273W,YLR066W,0,-0.06212905,0.019999999552965164,0.0010000000474974513,0.004900000058114529
YML058W-A,YNL002C,0,-0.06212905,0.019607843831181526,0.0010000000474974513,0.004999999888241291
YMR303C,YDR181C,0,-0.06212905,0.01923076994717121,0.0010000000474974513,0.005100000184029341
YMR069W,YJL190C,0,-0.06212905,0.01886792480945587,0.0010000000474974513,0.005200000014156103
YNL111C,YLR006C,0,-0.06212905,0.018518518656492233,0.0010000000474974513,0.0052999998442828655
YNL278W,YCL059C,0,-0.06212905,0.0181818176060915,0.0010000000474974513,0.005400000140070915
YMR033W,YBR183W,0,-0.06212905,0.01785714365541935,0.0010000000474974513,0.005499999970197678
YDL201W,YOR162C,0,-0.06212905,0.017543859779834747,0.0010000000474974513,0.00559999980032444
YPL240C,YBR192W,0,-0.06212905,0.017241379246115685,0.0010000000474974513,0.00570000009611249
YCR005C,YBR156C,0,-0.06212905,0.016949152573943138,0.0010000000474974513,0.005799999926239252
YHR015W,YOR231W,0,-0.06212905,0.01666666753590107,0.0010000000474974513,0.005900000222027302
YNL274C,YNL119W,0,-0.06212905,0.016393441706895828,0.0010000000474974513,0.006000000052154064
YLR268W,YHR139C,0,-0.06212905,0.016129031777381897,0.0010000000474974513,0.006099999882280827
YJL074C,YGL096W,1,-0.06212905,0.0317460335791111,0.0020000000949949026,0.006099999882280827
YPL267W,YAL040C,1,-0.06212905,0.046875,0.003000000026077032,0.006099999882280827
YOR173W,YAL035W,0,-0.06212905,0.04615384712815285,0.003000000026077032,0.006200000178068876
YNR017W,YIL117C,0,-0.06212905,0.04545454680919647,0.003000000026077032,0.006300000008195639
YAL059W,YMR139W,0,-0.06212905,0.04477611929178238,0.003000000026077032,0.006399999838322401
YKL026C,YLR002C,0,-0.06212905,0.04411764815449715,0.003000000026077032,0.006500000134110451
YDR225W,YGR248W,0,-0.06212905,0.043478261679410934,0.003000000026077032,0.006599999964237213
YOR315W,YOL091W,0,-0.06212905,0.04285714402794838,0.003000000026077032,0.0066999997943639755
YNL274C,YDR449C,0,-0.06212905,0.0422535203397274,0.003000000026077032,0.006800000090152025
YFL056C,YDR365C,0,-0.06212905,0.0416666679084301,0.003000000026077032,0.006899999920278788
YLR270W,YIR026C,0,-0.06212905,0.04109589010477066,0.003000000026077032,0.007000000216066837
YPL018W,YPR110C,0,-0.06212905,0.04054053872823715,0.003000000026077032,0.0071000000461936
YGR248W,YCR081W,0,-0.06212905,0.03999999910593033,0.003000000026077032,0.007199999876320362
YGR204W,YGR059W,0,-0.06212905,0.03947368264198303,0.003000000026077032,0.007300000172108412
YDR201W,YGL096W,1,-0.06212905,0.051948051899671555,0.004000000189989805,0.007300000172108412
YAL035W,YOR338W,0,-0.06212905,0.05128205195069313,0.004000000189989805,0.007400000002235174
YBR066C,YLL013C,0,-0.06212905,0.050632912665605545,0.004000000189989805,0.007499999832361937
YCR005C,YOR045W,0,-0.06212905,0.05000000074505806,0.004000000189989805,0.007600000128149986
YNL117W,YLR264W,0,-0.06212905,0.04938271641731262,0.004000000189989805,0.007699999958276749
YOR173W,YNL329C,0,-0.06212905,0.04878048598766327,0.004000000189989805,0.007799999788403511
YKL026C,YML019W,0,-0.06212905,0.048192769289016724,0.004000000189989805,0.007899999618530273
YDR342C,YCR052W,0,-0.06212905,0.0476190485060215,0.004000000189989805,0.00800000037997961
YHL040C,YMR116C,0,-0.06212905,0.0470588244497776,0.004000000189989805,0.008100000210106373
YPR001W,YPL240C,0,-0.06212905,0.04651162773370743,0.004000000189989805,0.008200000040233135
YGR177C,YOR338W,0,-0.06212905,0.04597701132297516,0.004000000189989805,0.008299999870359898
YAL044C,YPL249C,0,-0.06212905,0.04545454680919647,0.004000000189989805,0.00839999970048666
YIL123W,YOL091W,0,-0.06212905,0.04494382068514824,0.004000000189989805,0.008500000461935997
YFR009W,YBR183W,0,-0.06212905,0.04444444552063942,0.004000000189989805,0.00860000029206276
YER179W,YDR450W,0,-0.06212905,0.04395604506134987,0.004000000189989805,0.008700000122189522
YPR132W,YCR061W,0,-0.06212905,0.043478261679410934,0.004000000189989805,0.008799999952316284
YDR400W,YCR061W,0,-0.06212905,0.04301075264811516,0.004000000189989805,0.008899999782443047
YMR303C,YJL099W,0,-0.06212905,0.042553190141916275,0.004000000189989805,0.008999999612569809
YFL057C,YBR038W,0,-0.06212905,0.04210526496171951,0.004000000189989805,0.009100000374019146
YBR026C,YCL059C,0,-0.06212905,0.0416666679084301,0.004000000189989805,0.009200000204145908
YPL249C,YOL002C,0,-0.06212905,0.04123711213469505,0.004000000189989805,0.00930000003427267
YKR081C,YCR061W,0,-0.06212905,0.040816325694322586,0.004000000189989805,0.009399999864399433
YHR139C,YIL138C,0,-0.06212905,0.04040404036641121,0.004000000189989805,0.009499999694526196
YPL018W,YLR466W,0,-0.06212905,0.03999999910593033,0.004000000189989805,0.009600000455975533
YMR139W,YDR156W,0,-0.06212905,0.039603959769010544,0.004000000189989805,0.009700000286102295
YLR221C,YHR138C,0,-0.06212905,0.03921568766236305,0.004000000189989805,0.009800000116229057
YHR023W,YBR214W,0,-0.06212905,0.03883495181798935,0.004000000189989805,0.00989999994635582
YNL002C,YOR049C,0,-0.06212905,0.03846153989434242,0.004000000189989805,0.009999999776482582
YGR285C,YCL033C,0,-0.06212905,0.03809523954987526,0.004000000189989805,0.010099999606609344
YPL249C,YCL054W,0,-0.06212905,0.03773584961891174,0.004000000189989805,0.010200000368058681
YBR214W,YIL123W,0,-0.06212905,0.037383176386356354,0.004000000189989805,0.010300000198185444
YLR270W,YDR432W,0,-0.06212905,0.03703703731298447,0.004000000189989805,0.010400000028312206
YPL248C,YOR095C,0,-0.06212905,0.03669724613428116,0.004000000189989805,0.010499999858438969
YJL111W,YOR173W,0,-0.06212905,0.036363635212183,0.004000000189989805,0.010599999688565731
YNL037C,YOR315W,0,-0.06212905,0.036036036908626556,0.004000000189989805,0.010700000450015068
YLR157C,YNL248C,0,-0.06212905,0.0357142873108387,0.004000000189989805,0.01080000028014183
YNL274C,YDL052C,0,-0.06212905,0.03539822995662689,0.004000000189989805,0.010900000110268593
YNL148C,YGR055W,0,-0.06212905,0.035087719559669495,0.004000000189989805,0.010999999940395355
YKR076W,YML123C,0,-0.06212905,0.03478260710835457,0.004000000189989805,0.011099999770522118
YJL060W,YBR069C,0,-0.06212905,0.03448275849223137,0.004000000189989805,0.01119999960064888
YGR280C,YJL036W,0,-0.06212905,0.03418803587555885,0.004000000189989805,0.011300000362098217
YLR291C,YBR183W,0,-0.06212905,0.033898305147886276,0.004000000189989805,0.01140000019222498
YOR173W,YMR013C,0,-0.06212905,0.03361344709992409,0.004000000189989805,0.011500000022351742
YJL122W,YGR141W,0,-0.06212905,0.03333333507180214,0.004000000189989805,0.011599999852478504
YMR061W,YIL123W,0,-0.06212905,0.03305784985423088,0.004000000189989805,0.011699999682605267
YLR158C,YHR052W,0,-0.06212905,0.032786883413791656,0.004000000189989805,0.011800000444054604
YHL007C,YGL096W,1,-0.06212905,0.04065040498971939,0.004999999888241291,0.011800000444054604
YJL031C,YBR069C,0,-0.06212905,0.04032257944345474,0.004999999888241291,0.011900000274181366
YCR057C,YHR161C,0,-0.06212905,0.03999999910593033,0.004999999888241291,0.012000000104308128
YPL127C,YIR033W,0,-0.06212905,0.0396825410425663,0.004999999888241291,0.01209999993443489
YHR196W,YBR105C,0,-0.06212905,0.03937007859349251,0.004999999888241291,0.012199999764561653
YOR173W,YCR018C,0,-0.06212905,0.0390625,0.004999999888241291,0.012299999594688416
YNL068C,YGL096W,1,-0.06212905,0.04651162773370743,0.006000000052154064,0.012299999594688416
YPL240C,YNL142W,0,-0.06212905,0.04615384712815285,0.006000000052154064,0.012400000356137753
YJL138C,YIL077C,0,-0.06212905,0.04580152779817581,0.006000000052154064,0.012500000186264515
YNL274C,YOR315W,0,-0.06212905,0.04545454680919647,0.006000000052154064,0.012600000016391277
YMR303C,YGL063W,0,-0.06212905,0.04511278122663498,0.006000000052154064,0.01269999984651804
YOR127W,YGR248W,0,-0.06212905,0.04477611929178238,0.006000000052154064,0.012799999676644802
YKL152C,YOL091W,0,-0.06212905,0.04444444552063942,0.006000000052154064,0.012900000438094139
YKR034W,YLR009W,0,-0.06212905,0.04411764815449715,0.006000000052154064,0.013000000268220901
YNL117W,YBR066C,0,-0.06212905,0.043795619159936905,0.006000000052154064,0.013100000098347664
YMR049C,YJR160C,0,-0.06212905,0.043478261679410934,0.006000000052154064,0.013199999928474426
YBR038W,YOR338W,0,-0.06212905,0.04316546767950058,0.006000000052154064,0.013299999758601189
YML058W-A,YBR192W,0,-0.06212905,0.04285714402794838,0.006000000052154064,0.013399999588727951
YIL117C,YLR055C,0,-0.06212905,0.042553190141916275,0.006000000052154064,0.013500000350177288
YGR055W,YJL203W,0,-0.06212905,0.0422535203397274,0.006000000052154064,0.01360000018030405
YDR085C,YLR074C,0,-0.06212905,0.0419580414891243,0.006000000052154064,0.013700000010430813
YMR303C,YJL035C,0,-0.06212905,0.0416666679084301,0.006000000052154064,0.013799999840557575
YGL058W,YGR248W,0,-0.06212905,0.04137931019067764,0.006000000052154064,0.013899999670684338
YCL039W,YIL110W,0,-0.06212905,0.04109589010477066,0.006000000052154064,0.014000000432133675
YOR100C,YMR049C,0,-0.06212905,0.040816325694322586,0.006000000052154064,0.014100000262260437
YMR116C,YPL249C,0,-0.06212905,0.04054053872823715,0.006000000052154064,0.0142000000923872
YMR030W,YDR449C,0,-0.06212905,0.04026845470070839,0.006000000052154064,0.014299999922513962
YHR052W,YDR009W,0,-0.06212905,0.03999999910593033,0.006000000052154064,0.014399999752640724
YGR204W,YOR162C,0,-0.06212905,0.0397351011633873,0.006000000052154064,0.014499999582767487
YOR173W,YLR285W,0,-0.06212905,0.03947368264198303,0.006000000052154064,0.014600000344216824
YMR116C,YLR318W,0,-0.06212905,0.03921568766236305,0.006000000052154064,0.014700000174343586
YHR015W,YOR338W,0,-0.06212905,0.03896103799343109,0.006000000052154064,0.014800000004470348
YOR173W,YBR111W-A,0,-0.06212905,0.03870967775583267,0.006000000052154064,0.01489999983459711
YGR248W,YHR196W,0,-0.06212905,0.03846153989434242,0.006000000052154064,0.014999999664723873
YIR033W,YOR095C,0,-0.06212905,0.03821656107902527,0.006000000052154064,0.01510000042617321
YDR342C,YKL144C,0,-0.06212905,0.037974681705236435,0.006000000052154064,0.015200000256299973
YHR174W,YFL059W,0,-0.06212905,0.03773584961891174,0.006000000052154064,0.015300000086426735
YAL035W,YIR013C,0,-0.06212905,0.03750000149011612,0.006000000052154064,0.015399999916553497
YLR074C,YKL035W,0,-0.06212905,0.03726708143949509,0.006000000052154064,0.01549999974668026
YPL217C,YGL006W,0,-0.06212905,0.03703703731298447,0.006000000052154064,0.015599999576807022
YBL002W,YDR058C,0,-0.06212905,0.03680981695652008,0.006000000052154064,0.015699999406933784
YGR248W,YOR047C,0,-0.06212905,0.03658536449074745,0.006000000052154064,0.015799999237060547
YKR076W,YLR448W,0,-0.06212905,0.036363635212183,0.006000000052154064,0.01590000092983246
YMR116C,YNL042W,0,-0.06212905,0.03614457696676254,0.006000000052154064,0.01600000075995922
YOR173W,YBL040C,0,-0.06212905,0.0359281450510025,0.006000000052154064,0.016100000590085983
YJL099W,YLR448W,0,-0.06212905,0.0357142873108387,0.006000000052154064,0.016200000420212746
YCR005C,YOR188W,0,-0.06212905,0.03550295904278755,0.006000000052154064,0.016300000250339508
YBR066C,YIL021W,0,-0.06212905,0.03529411926865578,0.006000000052154064,0.01640000008046627
YOR347C,YNL248C,0,-0.06212905,0.035087719559669495,0.006000000052154064,0.016499999910593033
YLR405W,YCR061W,0,-0.06212905,0.03488372266292572,0.006000000052154064,0.016599999740719795
YDR273W,YJL138C,0,-0.06212905,0.034682080149650574,0.006000000052154064,0.016699999570846558
YHR052W,YER179W,0,-0.06212905,0.03448275849223137,0.006000000052154064,0.01679999940097332
YPR001W,YBR066C,0,-0.06212905,0.034285712987184525,0.006000000052154064,0.016899999231100082
YDR258C,YNL248C,0,-0.06212905,0.034090910106897354,0.006000000052154064,0.017000000923871994
YPR132W,YOR162C,0,-0.06212905,0.033898305147886276,0.006000000052154064,0.017100000753998756
YPL240C,YOR098C,0,-0.06212905,0.033707864582538605,0.006000000052154064,0.01720000058412552
YGR248W,YOR229W,0,-0.06212905,0.03351955488324165,0.006000000052154064,0.01730000041425228
YHL024W,YFL045C,0,-0.06212905,0.03333333507180214,0.006000000052154064,0.017400000244379044
YHL022C,YPR080W,0,-0.06212905,0.033149171620607376,0.006000000052154064,0.017500000074505806
YKR076W,YLR186W,0,-0.06212905,0.032967034727334976,0.006000000052154064,0.01759999990463257
YJL219W,YDR450W,0,-0.06212905,0.032786883413791656,0.006000000052154064,0.01769999973475933
YOR173W,YHR068W,0,-0.06212905,0.032608695328235626,0.006000000052154064,0.017799999564886093
YOL151W,YHR196W,0,-0.06212905,0.0324324332177639,0.006000000052154064,0.017899999395012856
YOR173W,YBL061C,0,-0.06212905,0.032258063554763794,0.006000000052154064,0.017999999225139618
YBR026C,YOL002C,0,-0.06212905,0.03208556026220322,0.006000000052154064,0.01810000091791153
YAL059W,YKR076W,0,-0.06212905,0.03191489353775978,0.006000000052154064,0.018200000748038292
YBR155W,YKL035W,0,-0.06212905,0.0317460335791111,0.006000000052154064,0.018300000578165054
YGL006W,YCR057C,0,-0.06212905,0.031578946858644485,0.006000000052154064,0.018400000408291817
YPR175W,YGR248W,0,-0.06212905,0.03141361102461815,0.006000000052154064,0.01850000023841858
YJR033C,YPR132W,0,-0.06212905,0.03125,0.006000000052154064,0.01860000006854534
YLR109W,YBR066C,0,-0.06212905,0.031088082119822502,0.006000000052154064,0.018699999898672104
YAL059W,YKL150W,0,-0.06212905,0.030927835032343864,0.006000000052154064,0.018799999728798866
YNL274C,YHR072W-A,0,-0.06212905,0.03076923079788685,0.006000000052154064,0.01889999955892563
YBR066C,YBR111W-A,0,-0.06212905,0.030612245202064514,0.006000000052154064,0.01899999938905239
YDR342C,YLR084C,0,-0.06212905,0.030456852167844772,0.006000000052154064,0.019099999219179153
YPL239W,YBR183W,0,-0.06212905,0.03030303120613098,0.006000000052154064,0.019200000911951065
YGL206C,YOR173W,0,-0.06212905,0.030150754377245903,0.006000000052154064,0.019300000742077827
YKL026C,YPL128C,0,-0.06212905,0.029999999329447746,0.006000000052154064,0.01940000057220459
YBR026C,YCL054W,0,-0.06212905,0.02985074557363987,0.006000000052154064,0.019500000402331352
YDR450W,YLL040C,0,-0.06212905,0.029702970758080482,0.006000000052154064,0.019600000232458115
YDR385W,YHR138C,0,-0.06212905,0.029556650668382645,0.006000000052154064,0.019700000062584877
YGL194C,YOR095C,0,-0.06212905,0.029411764815449715,0.006000000052154064,0.01979999989271164
YLR318W,YML123C,0,-0.06212905,0.02926829271018505,0.006000000052154064,0.019899999722838402
YLR158C,YOR341W,0,-0.06212905,0.029126213863492012,0.006000000052154064,0.019999999552965164
YJL101C,YPL082C,0,-0.06212905,0.028985507786273956,0.006000000052154064,0.020099999383091927
YJL122W,YKL150W,0,-0.06212905,0.028846153989434242,0.006000000052154064,0.02019999921321869
YPR046W,YJL190C,0,-0.06212905,0.028708133846521378,0.006000000052154064,0.0203000009059906
YGL006W,YOR095C,0,-0.06212905,0.02857142873108387,0.006000000052154064,0.020400000736117363
YMR303C,YBR038W,0,-0.06212905,0.028436018154025078,0.006000000052154064,0.020500000566244125
YJL060W,YLR009W,0,-0.06212905,0.028301887214183807,0.006000000052154064,0.020600000396370888
YDR258C,YPL157W,0,-0.06212905,0.028169013559818268,0.006000000052154064,0.02070000022649765
YOR173W,YLR200W,0,-0.06212905,0.028037382289767265,0.006000000052154064,0.020800000056624413
YBR066C,YHL011C,0,-0.06212905,0.027906976640224457,0.006000000052154064,0.020899999886751175
YMR303C,YMR061W,0,-0.06212905,0.02777777798473835,0.006000000052154064,0.020999999716877937
YOL005C,YGR248W,0,-0.06212905,0.0276497695595026,0.006000000052154064,0.0210999995470047
YMR303C,YNL206C,0,-0.06212905,0.027522936463356018,0.006000000052154064,0.021199999377131462
YKL186C,YCR061W,0,-0.06212905,0.027397260069847107,0.006000000052154064,0.021299999207258224
YNR019W,YOL020W,0,-0.06212905,0.027272727340459824,0.006000000052154064,0.021400000900030136
YDR314C,YDR418W,0,-0.06212905,0.027149321511387825,0.006000000052154064,0.0215000007301569
YDL059C,YJL138C,0,-0.06212905,0.027027027681469917,0.006000000052154064,0.02160000056028366
YLR270W,YLR051C,0,-0.06212905,0.026905829086899757,0.006000000052154064,0.021700000390410423
YPL127C,YHR139C,0,-0.06212905,0.02678571455180645,0.006000000052154064,0.021800000220537186
YDR342C,YLL021W,0,-0.06212905,0.02666666731238365,0.006000000052154064,0.021900000050663948
YFR009W,YKL026C,0,-0.06212905,0.02654867246747017,0.006000000052154064,0.02199999988079071
YPL248C,YNL248C,0,-0.06212905,0.026431718841195107,0.006000000052154064,0.022099999710917473
YGL247W,YDR273W,0,-0.06212905,0.02631578966975212,0.006000000052154064,0.022199999541044235
YJL100W,YLR264W,0,-0.06212905,0.026200873777270317,0.006000000052154064,0.022299999371170998
YOR173W,YJR144W,0,-0.06212905,0.0260869562625885,0.006000000052154064,0.02239999920129776
YBR026C,YPL254W,0,-0.06212905,0.025974025949835777,0.006000000052154064,0.02250000089406967
YMR116C,YHR161C,0,-0.06212905,0.0258620698004961,0.006000000052154064,0.022600000724196434
YDR330W,YGL255W,0,-0.06212905,0.02575107291340828,0.006000000052154064,0.022700000554323196
YMR183C,YBR183W,0,-0.06212905,0.025641025975346565,0.006000000052154064,0.02280000038444996
YNR019W,YBR066C,0,-0.06212905,0.025531914085149765,0.006000000052154064,0.02290000021457672
YHL024W,YDR450W,0,-0.06212905,0.025423727929592133,0.006000000052154064,0.023000000044703484
YMR116C,YCL034W,0,-0.06212905,0.025316456332802773,0.006000000052154064,0.023099999874830246
YGL062W,YOR095C,0,-0.06212905,0.02521008439362049,0.006000000052154064,0.02319999970495701
YGL006W,YKR081C,0,-0.06212905,0.025104602798819542,0.006000000052154064,0.02329999953508377
YPL267W,YGL096W,1,-0.06212905,0.02916666679084301,0.007000000216066837,0.02329999953508377
YMR303C,YHR052W,0,-0.06212905,0.029045643284916878,0.007000000216066837,0.023399999365210533
YPL200W,YCR061W,0,-0.06212905,0.028925620019435883,0.007000000216066837,0.023499999195337296
YLR051C,YGL194C,0,-0.06212905,0.02880658395588398,0.007000000216066837,0.023600000888109207
YNL318C,YGR248W,0,-0.06212905,0.028688523918390274,0.007000000216066837,0.02370000071823597
YPR134W,YBR066C,0,-0.06212905,0.02857142873108387,0.007000000216066837,0.023800000548362732
YJL031C,YDR418W,0,-0.06212905,0.028455285355448723,0.007000000216066837,0.023900000378489494
YDR365C,YFR008W,0,-0.06212905,0.028340080752968788,0.007000000216066837,0.024000000208616257
YMR116C,YDR499W,0,-0.06212905,0.02822580561041832,0.007000000216066837,0.02410000003874302
YLR144C,YMR303C,0,-0.06212905,0.02811245061457157,0.007000000216066837,0.02419999986886978
YJR121W,YIR013C,0,-0.06212905,0.02800000086426735,0.007000000216066837,0.024299999698996544
YHR052W,YPR193C,0,-0.06212905,0.027888447046279907,0.007000000216066837,0.024399999529123306
YPL240C,YER127W,0,-0.06212905,0.02777777798473835,0.007000000216066837,0.02449999935925007
YGR289C,YDR449C,0,-0.06212905,0.02766798436641693,0.007000000216066837,0.02459999918937683
YHL040C,YPL283C,0,-0.06212905,0.027559055015444756,0.007000000216066837,0.024700000882148743
YMR049C,YHL024W,0,-0.06212905,0.027450980618596077,0.007000000216066837,0.024800000712275505
YLR074C,YOR173W,0,-0.06212905,0.02734375,0.007000000216066837,0.024900000542402267
YJR112W,YCR061W,0,-0.06212905,0.02723735384643078,0.007000000216066837,0.02500000037252903
YNL317W,YPR080W,0,-0.06212905,0.027131782844662666,0.007000000216066837,0.025100000202655792
YGL194C,YPL240C,0,-0.06212905,0.027027027681469917,0.007000000216066837,0.025200000032782555
YJR033C,YLR372W,0,-0.06212905,0.026923077180981636,0.007000000216066837,0.025299999862909317
YMR032W,YGR248W,0,-0.06212905,0.026819923892617226,0.007000000216066837,0.02539999969303608
YNL142W,YOR341W,0,-0.06248724,0.02671755664050579,0.007000000216066837,0.025499999523162842
YIL117C,YIL084C,0,-0.06326735,0.026615969836711884,0.007000000216066837,0.025599999353289604
YDR421W,YJL190C,0,-0.06513251,0.02651515230536461,0.007000000216066837,0.025699999183416367
YNR019W,YNL206C,0,-0.06608851,0.02641509473323822,0.007000000216066837,0.025800000876188278
YPL217C,YGL194C,0,-0.06924653,0.02631578966975212,0.007000000216066837,0.02590000070631504
YLR186W,YML058W-A,0,-0.07061367,0.026217227801680565,0.007000000216066837,0.026000000536441803
YDR106W,YGR245C,1,-0.07063588,0.02985074557363987,0.00800000037997961,0.026000000536441803
YPL082C,YOR338W,0,-0.0736899,0.029739776626229286,0.00800000037997961,0.026100000366568565
YCL054W,YOR162C,0,-0.07477361,0.029629629105329514,0.00800000037997961,0.026200000196695328
YML058W-A,YBL022C,0,-0.07511826,0.029520295560359955,0.00800000037997961,0.02630000002682209
YCR005C,YCL026C-A,0,-0.079061456,0.029411764815449715,0.00800000037997961,0.026399999856948853
YOR136W,YDR083W,0,-0.07906432,0.029304029420018196,0.00800000037997961,0.026499999687075615
YBR155W,YOR347C,0,-0.080193296,0.029197080060839653,0.00800000037997961,0.026599999517202377
YLR160C,YPL132W,0,-0.081363045,0.02909090928733349,0.00800000037997961,0.02669999934732914
YPR134W,YDL055C,0,-0.082075775,0.028985507786273956,0.00800000037997961,0.026799999177455902
YLR160C,YDR449C,0,-0.08290723,0.02888086624443531,0.00800000037997961,0.026900000870227814
YNL328C,YDL055C,0,-0.083727166,0.028776979073882103,0.00800000037997961,0.027000000700354576
YKR034W,YLR448W,0,-0.08450198,0.02867383509874344,0.00800000037997961,0.02710000053048134
YNR019W,YOR084W,0,-0.086643726,0.02857142873108387,0.00800000037997961,0.0272000003606081
YCR098C,YHR008C,0,-0.088125475,0.02846975065767765,0.00800000037997961,0.027300000190734863
YLR448W,YKL035W,0,-0.08826772,0.028368793427944183,0.00800000037997961,0.027400000020861626
YCR067C,YGR248W,0,-0.08863679,0.02826855145394802,0.00800000037997961,0.027499999850988388
YPR175W,YDL055C,0,-0.08952727,0.028169013559818268,0.00800000037997961,0.02759999968111515
YML132W,YNR064C,0,-0.091446884,0.028070176020264626,0.00800000037997961,0.027699999511241913
YGR227W,YHR138C,0,-0.09220557,0.0279720276594162,0.00800000037997961,0.027799999341368675
YJR033C,YGL255W,0,-0.09227531,0.02787456475198269,0.00800000037997961,0.027899999171495438
YGL078C,YDR009W,0,-0.09241955,0.02777777798473835,0.00800000037997961,0.02800000086426735
YHL040C,YPR046W,0,-0.0939487,0.027681661769747734,0.00800000037997961,0.02810000069439411
YHR068W,YDL059C,0,-0.09416141,0.027586206793785095,0.00800000037997961,0.028200000524520874
YOL016C,YMR032W,0,-0.094220474,0.027491409331560135,0.00800000037997961,0.028300000354647636
YGR280C,YMR030W,0,-0.094645105,0.027397260069847107,0.00800000037997961,0.0284000001847744
YPR046W,YGR085C,0,-0.095354185,0.027303753420710564,0.00800000037997961,0.02850000001490116
YKR081C,YNL025C,0,-0.095520526,0.027210883796215057,0.00800000037997961,0.028599999845027924
YMR303C,YDR126W,0,-0.09666765,0.02711864374577999,0.00800000037997961,0.028699999675154686
YPL018W,YLR372W,0,-0.09834679,0.027027027681469917,0.00800000037997961,0.02879999950528145
YDR273W,YOL142W,0,-0.09878864,0.02693602629005909,0.00800000037997961,0.02889999933540821
YGR204W,YGL194C,0,-0.09924266,0.02684563770890236,0.00800000037997961,0.028999999165534973
YLR033W,YHR139C,0,-0.102942675,0.02675585262477398,0.00800000037997961,0.029100000858306885
YLR075W,YHR139C,0,-0.103244826,0.02666666731238365,0.00800000037997961,0.029200000688433647
YJL058C,YGR055W,0,-0.10366652,0.02657807245850563,0.00800000037997961,0.02930000051856041
YGR248W,YLR417W,0,-0.104103535,0.026490066200494766,0.00800000037997961,0.029400000348687172
YPL018W,YNL075W,0,-0.1044956,0.026402641087770462,0.00800000037997961,0.029500000178813934
YER127W,YHR178W,0,-0.10470888,0.02631578966975212,0.00800000037997961,0.029600000008940697
YBR026C,YCL026C-A,0,-0.10757469,0.026229508221149445,0.00800000037997961,0.02969999983906746
YDR165W,YDR330W,0,-0.108019695,0.026143791154026985,0.00800000037997961,0.02979999966919422
YDR377W,YHR139C,0,-0.108530015,0.026058631017804146,0.00800000037997961,0.029899999499320984
YMR078C,YOR344C,1,-0.10924683,0.02922077849507332,0.008999999612569809,0.029899999499320984
YPL228W,YCR005C,0,-0.109858595,0.029126213863492012,0.008999999612569809,0.029999999329447746
YER168C,YLR466W,0,-0.109865054,0.029032258316874504,0.008999999612569809,0.03009999915957451
YFL057C,YPR112C,0,-0.10998349,0.028938906267285347,0.008999999612569809,0.03020000085234642
YJR019C,YDL112W,0,-0.11052238,0.028846153989434242,0.008999999612569809,0.030300000682473183
YDL105W,YDR418W,0,-0.11067231,0.028753994032740593,0.008999999612569809,0.030400000512599945
YNL328C,YDR418W,0,-0.11078179,0.02866242080926895,0.008999999612569809,0.030500000342726707
YNR019W,YIL110W,0,-0.11158482,0.02857142873108387,0.008999999612569809,0.03060000017285347
YPL082C,YNL214W,0,-0.112784445,0.0284810122102499,0.008999999612569809,0.030700000002980232
YCR005C,YDR083W,0,-0.11349497,0.028391167521476746,0.008999999612569809,0.030799999833106995
YPL266W,YMR139W,0,-0.11406985,0.028301887214183807,0.008999999612569809,0.030899999663233757
YJL100W,YGL255W,0,-0.11617858,0.02821316570043564,0.008999999612569809,0.03099999949336052
YMR061W,YBR183W,0,-0.117003165,0.02812499925494194,0.008999999612569809,0.031099999323487282
YHR052W,YNL127W,0,-0.117277816,0.028037382289767265,0.008999999612569809,0.031199999153614044
YKL093W,YLR301W,0,-0.117915854,0.027950311079621315,0.008999999612569809,0.031300000846385956
YDR385W,YML058W-A,0,-0.11794608,0.027863776311278343,0.008999999612569809,0.03139999881386757
YLR268W,YCR061W,0,-0.118893914,0.02777777798473835,0.008999999612569809,0.03150000050663948
YHL022C,YOR047C,0,-0.11913149,0.02769230678677559,0.008999999612569809,0.031599998474121094
YOR160W,YIL117C,0,-0.12233707,0.02760736271739006,0.008999999612569809,0.031700000166893005
YLR160C,YDR365C,0,-0.122825354,0.027522936463356018,0.008999999612569809,0.03180000185966492
YDR330W,YER138C,0,-0.12328275,0.027439024299383163,0.008999999612569809,0.03189999982714653
YAL040C,YGL229C,1,-0.1234063,0.030395137146115303,0.009999999776482582,0.03189999982714653
YNL117W,YOR341W,0,-0.12411694,0.03030303120613098,0.009999999776482582,0.03200000151991844
YLR291C,YML058W-A,0,-0.12440238,0.03021148033440113,0.009999999776482582,0.032099999487400055
YNL075W,YBR105C,0,-0.12508558,0.0301204826682806,0.009999999776482582,0.03220000118017197
YGL200C,YLL056C,0,-0.12531656,0.030030030757188797,0.009999999776482582,0.03229999914765358
YKL026C,YML058W-A,0,-0.12592435,0.02994011901319027,0.009999999776482582,0.03240000084042549
YPR080W,YIL077C,0,-0.12665725,0.02985074557363987,0.009999999776482582,0.032499998807907104
YOL017W,YLR075W,0,-0.12741624,0.02976190485060215,0.009999999776482582,0.032600000500679016
YLR342W,YPL249C,0,-0.12882528,0.029673591256141663,0.009999999776482582,0.03269999846816063
YGL180W,YGR285C,0,-0.12983935,0.02958579920232296,0.009999999776482582,0.03280000016093254
YHR052W,YJL100W,0,-0.13013974,0.029498524963855743,0.009999999776482582,0.03290000185370445
YKR076W,YMR013C,0,-0.13113718,0.029411764815449715,0.009999999776482582,0.032999999821186066
YBR183W,YLR301W,0,-0.13117859,0.029325513169169426,0.009999999776482582,0.03310000151395798
YAR015W,YOR100C,0,-0.13230237,0.02923976629972458,0.009999999776482582,0.03319999948143959
YDR273W,YML001W,0,-0.1323548,0.029154518619179726,0.009999999776482582,0.0333000011742115
YIL009W,YLL056C,0,-0.13295889,0.029069768264889717,0.009999999776482582,0.033399999141693115
YOL156W,YLR009W,0,-0.1331494,0.028985507786273956,0.009999999776482582,0.03350000083446503
YJL111W,YGR059W,0,-0.13373977,0.028901733458042145,0.009999999776482582,0.03359999880194664
YIL117C,YML058W,0,-0.13490355,0.028818443417549133,0.009999999776482582,0.03370000049471855
YBR111W-A,YHR196W,0,-0.13507536,0.028735632076859474,0.009999999776482582,0.033799998462200165
YKL165C,YLL056C,0,-0.1355888,0.02865329571068287,0.009999999776482582,0.033900000154972076
YPL169C,YOR338W,0,-0.13577288,0.02857142873108387,0.009999999776482582,0.03400000184774399
YOL016C,YBR155W,0,-0.13694537,0.028490029275417328,0.009999999776482582,0.0340999998152256
YCR010C,YGR248W,0,-0.13757497,0.028409091755747795,0.009999999776482582,0.03420000150799751
YGR204W,YBR136W,0,-0.13769357,0.028328612446784973,0.009999999776482582,0.034299999475479126
YGR245C,YGL096W,1,-0.13769965,0.031073445454239845,0.010999999940395355,0.034299999475479126
YHR068W,YPL249C,0,-0.1381692,0.030985916033387184,0.010999999940395355,0.03440000116825104
YCR005C,YNL291C,0,-0.14029475,0.03089887648820877,0.010999999940395355,0.03449999913573265
YDR235W,YGR248W,0,-0.14074957,0.030812324956059456,0.010999999940395355,0.03460000082850456
YMR316W,YDR432W,0,-0.14134608,0.03072625771164894,0.010999999940395355,0.034699998795986176
YPL151C,YGR248W,0,-0.14152756,0.03064066916704178,0.010999999940395355,0.03480000048875809
YER179W,YIL051C,0,-0.1415519,0.03055555559694767,0.010999999940395355,0.0348999984562397
YJL031C,YLR075W,0,-0.14163706,0.030470913276076317,0.010999999940395355,0.03500000014901161
YBL022C,YGL255W,0,-0.14190835,0.03038674034178257,0.010999999940395355,0.035100001841783524
YDL055C,YMR210W,0,-0.14200526,0.03030303120613098,0.010999999940395355,0.03519999980926514
YAR015W,YGL180W,0,-0.14273478,0.030219780281186104,0.010999999940395355,0.03530000150203705
YLR320W,YGR055W,0,-0.14318293,0.030136985704302788,0.010999999940395355,0.03539999946951866
YER133W,YGL096W,1,-0.1432082,0.032786883413791656,0.012000000104308128,0.03539999946951866
YLR448W,YIL077C,0,-0.14352094,0.03269754722714424,0.012000000104308128,0.03550000116229057
YCL059C,YHR138C,0,-0.14390188,0.032608695328235626,0.012000000104308128,0.035599999129772186
YLR329W,YLR448W,0,-0.14402033,0.03252032399177551,0.012000000104308128,0.0357000008225441
YOR100C,YAL023C,0,-0.14469382,0.0324324332177639,0.012000000104308128,0.03579999879002571
YOR173W,YBR097W,0,-0.14474095,0.032345011830329895,0.012000000104308128,0.03590000048279762
YHR174W,YCR081W,0,-0.14592965,0.032258063554763794,0.012000000104308128,0.035999998450279236
YJR033C,YLR003C,0,-0.14599073,0.032171580940485,0.012000000104308128,0.03610000014305115
YCR005C,YCR040W,0,-0.1463199,0.03208556026220322,0.012000000104308128,0.03620000183582306
YBR192W,YKL035W,0,-0.14705391,0.03200000151991844,0.012000000104308128,0.03629999980330467
YMR113W,YML058W-A,0,-0.14780572,0.03191489353775978,0.012000000104308128,0.036400001496076584
YNL037C,YDR346C,0,-0.14807214,0.03183024004101753,0.012000000104308128,0.0364999994635582
YJR047C,YGR059W,0,-0.1492403,0.0317460335791111,0.012000000104308128,0.03660000115633011
YLR157C,YPR193C,0,-0.14929806,0.03166227042675018,0.012000000104308128,0.03669999912381172
YPL248C,YBL002W,0,-0.14983785,0.031578946858644485,0.012000000104308128,0.03680000081658363
YOR100C,YGL001C,0,-0.15056388,0.031496062874794006,0.012000000104308128,0.03689999878406525
YHL040C,YEL027W,0,-0.15066826,0.03141361102461815,0.012000000104308128,0.03700000047683716
YAL044C,YGR248W,0,-0.15118617,0.03133159130811691,0.012000000104308128,0.03709999844431877
YKL220C,YDL055C,0,-0.15136024,0.03125,0.012000000104308128,0.03720000013709068
YIL124W,YDR449C,0,-0.15246025,0.031168831512331963,0.012000000104308128,0.037300001829862595
YHR186C,YPL276W,0,-0.15246506,0.031088082119822502,0.012000000104308128,0.03739999979734421
YIR025W,YML027W,1,-0.15473107,0.03359173238277435,0.013000000268220901,0.03739999979734421
YPR001W,YOR226C,0,-0.15491936,0.0335051529109478,0.013000000268220901,0.03750000149011612
YLR368W,YPL283C,0,-0.15727054,0.03341902419924736,0.013000000268220901,0.03759999945759773
YCR066W,YHR138C,0,-0.15745437,0.03333333507180214,0.013000000268220901,0.037700001150369644
YPL058C,YDR449C,0,-0.15862179,0.03324808180332184,0.013000000268220901,0.03779999911785126
YER127W,YNL214W,0,-0.15919557,0.03316326439380646,0.013000000268220901,0.03790000081062317
YML058W-A,YJL203W,0,-0.15934117,0.0330788791179657,0.013000000268220901,0.03799999877810478
YOR294W,YHR138C,0,-0.16031928,0.03299492225050926,0.013000000268220901,0.038100000470876694
YNL153C,YDR342C,0,-0.16056313,0.03291139379143715,0.013000000268220901,0.03819999843835831
YBR093C,YBR105C,0,-0.16130614,0.032828282564878464,0.013000000268220901,0.03830000013113022
YOL017W,YHR138C,0,-0.16175702,0.032745592296123505,0.013000000268220901,0.03840000182390213
YER127W,YPL087W,0,-0.16187786,0.032663315534591675,0.013000000268220901,0.03849999979138374
YPL217C,YOR100C,0,-0.16221915,0.032581452280282974,0.013000000268220901,0.038600001484155655
YDR170C,YGR248W,0,-0.16262168,0.032499998807907104,0.013000000268220901,0.03869999945163727
YOR315W,YLL056C,0,-0.16286954,0.03241895139217377,0.013000000268220901,0.03880000114440918
YBL003C,YKL125W,0,-0.16316603,0.03233831003308296,0.013000000268220901,0.03889999911189079
YNL037C,YGL051W,0,-0.16383429,0.032258063554763794,0.013000000268220901,0.039000000804662704
YNL325C,YML058W-A,0,-0.16453098,0.03217821940779686,0.013000000268220901,0.03909999877214432
YDR224C,YFL059W,0,-0.16541418,0.032098766416311264,0.013000000268220901,0.03920000046491623
YLR353W,YIL077C,0,-0.1659846,0.03201970458030701,0.013000000268220901,0.03929999843239784
YNR057C,YGR284C,0,-0.16665894,0.03194103017449379,0.013000000268220901,0.039400000125169754
YDL201W,YCL033C,0,-0.16666423,0.03186274692416191,0.013000000268220901,0.039500001817941666
YDR449C,YOR084W,0,-0.16811514,0.03178483992815018,0.013000000268220901,0.03959999978542328
YBR066C,YGL062W,0,-0.16845167,0.031707316637039185,0.013000000268220901,0.03970000147819519
YJR033C,YDR418W,0,-0.17021184,0.03163016960024834,0.013000000268220901,0.039799999445676804
YAR015W,YBR156C,0,-0.1709879,0.031553398817777634,0.013000000268220901,0.039900001138448715
YJL092W,YBR214W,0,-0.17109558,0.03147699683904648,0.013000000268220901,0.03999999910593033
YGR254W,YDL109C,0,-0.17177579,0.03140096738934517,0.013000000268220901,0.04010000079870224
YHR007C,YGL194C,0,-0.17286709,0.03132530301809311,0.013000000268220901,0.04019999876618385
YOR250C,YBR156C,0,-0.17326114,0.03125,0.013000000268220901,0.040300000458955765
YFL056C,YBR061C,0,-0.17391986,0.03117506019771099,0.013000000268220901,0.04039999842643738
YBL002W,YML047C,0,-0.17459345,0.031100478023290634,0.013000000268220901,0.04050000011920929
YNL111C,YLR141W,0,-0.1752401,0.03102625347673893,0.013000000268220901,0.0406000018119812
YMR116C,YNL328C,0,-0.17585485,0.03095238097012043,0.013000000268220901,0.040699999779462814
YMR182C,YHR138C,0,-0.176856,0.030878860503435135,0.013000000268220901,0.040800001472234726
YMR316W,YAL023C,0,-0.17691666,0.030805686488747597,0.013000000268220901,0.04089999943971634
YGR248W,YNL107W,0,-0.17696558,0.030732860788702965,0.013000000268220901,0.04100000113248825
YOR040W,YNL318C,0,-0.17796792,0.03066037781536579,0.013000000268220901,0.041099999099969864
YPL028W,YCR089W,0,-0.17822139,0.030588235706090927,0.013000000268220901,0.041200000792741776
YJL125C,YGR059W,0,-0.17827077,0.030516432598233223,0.013000000268220901,0.04129999876022339
YOR191W,YBR183W,0,-0.17875186,0.03044496476650238,0.013000000268220901,0.0414000004529953
YIL117C,YGL137W,0,-0.17949715,0.0303738322108984,0.013000000268220901,0.04149999842047691
YAL023C,YLR107W,0,-0.17965436,0.03030303120613098,0.013000000268220901,0.041600000113248825
YDR106W,YDL132W,1,-0.18202013,0.0325581394135952,0.014000000432133675,0.041600000113248825
YBL045C,YDR281C,0,-0.18216106,0.03248259797692299,0.014000000432133675,0.04170000180602074
YKR028W,YGL096W,1,-0.18301848,0.0347222238779068,0.014999999664723873,0.04170000180602074
YFL057C,YPL254W,0,-0.18394203,0.03464203327894211,0.014999999664723873,0.04179999977350235
YFL056C,YIL110W,0,-0.18437482,0.034562211483716965,0.014999999664723873,0.04190000146627426
YBL002W,YJL108C,0,-0.18478777,0.03448275849223137,0.014999999664723873,0.041999999433755875
YPL028W,YIL029C,0,-0.18534331,0.03440367057919502,0.014999999664723873,0.042100001126527786
YJL029C,YOR338W,0,-0.1856859,0.03432494401931763,0.014999999664723873,0.0421999990940094
YMR303C,YBR256C,0,-0.18725067,0.034246575087308884,0.014999999664723873,0.04230000078678131
YGL194C,YCL054W,0,-0.18774176,0.03416856378316879,0.014999999664723873,0.042399998754262924
YPL048W,YPL276W,0,-0.18873045,0.034090910106897354,0.014999999664723873,0.042500000447034836
YBR009C,YLL056C,0,-0.18935801,0.03401360660791397,0.014999999664723873,0.04259999841451645
YML058W-A,YML019W,0,-0.19006288,0.03393665328621864,0.014999999664723873,0.04270000010728836
YBL003C,YGR006W,0,-0.19033775,0.03386004641652107,0.014999999664723873,0.04280000180006027
YPL266W,YDR342C,0,-0.19129129,0.03378378227353096,0.014999999664723873,0.042899999767541885
YGL247W,YLR270W,0,-0.19262628,0.033707864582538605,0.014999999664723873,0.0430000014603138
YDR085C,YDR345C,0,-0.19300437,0.03363228589296341,0.014999999664723873,0.04309999942779541
YGL096W,YOR344C,1,-0.193177,0.03579418361186981,0.01600000075995922,0.04309999942779541
YPL241C,YER138C,0,-0.19318742,0.0357142873108387,0.01600000075995922,0.04320000112056732
YMR025W,YOR095C,0,-0.19331086,0.03563474491238594,0.01600000075995922,0.043299999088048935
YHR079C,YPR080W,0,-0.19370168,0.035555556416511536,0.01600000075995922,0.04340000078082085
YNL278W,YHR196W,0,-0.19434798,0.035476718097925186,0.01600000075995922,0.04349999874830246
YDL043C,YHL024W,0,-0.19462875,0.03539822995662689,0.01600000075995922,0.04360000044107437
YGL142C,YDR342C,0,-0.19505054,0.035320088267326355,0.01600000075995922,0.043699998408555984
YGR059W,YPL283C,0,-0.1969229,0.035242289304733276,0.01600000075995922,0.043800000101327896
YPL249C,YOR098C,0,-0.19717522,0.035164836794137955,0.01600000075995922,0.04390000179409981
YGL255W,YDL109C,0,-0.19722095,0.035087719559669495,0.01600000075995922,0.04399999976158142
YMR303C,YHL025W,0,-0.19723177,0.035010941326618195,0.01600000075995922,0.04410000145435333
YMR303C,YPL125W,0,-0.19749299,0.034934498369693756,0.01600000075995922,0.044199999421834946
YML058W-A,YGL051W,0,-0.19773726,0.03485838696360588,0.01600000075995922,0.04430000111460686
YDR088C,YGR248W,0,-0.19862318,0.03478260710835457,0.01600000075995922,0.04439999908208847
YOR388C,YLR466W,0,-0.19865347,0.03470715880393982,0.01600000075995922,0.04450000077486038
YNL278W,YCR005C,0,-0.19875625,0.034632034599781036,0.01600000075995922,0.044599998742341995
YGR177C,YDR392W,0,-0.19905081,0.03455723449587822,0.01600000075995922,0.04470000043511391
YJR069C,YFL059W,0,-0.19906974,0.03448275849223137,0.01600000075995922,0.04479999840259552
YCR020C,YOR346W,0,-0.19997123,0.034408602863550186,0.01600000075995922,0.04490000009536743
YBR105C,YNR064C,0,-0.20025346,0.03433476388454437,0.01600000075995922,0.04500000178813934
YBR192W,YIL077C,0,-0.20044833,0.03426124155521393,0.01600000075995922,0.045099999755620956
YPL007C,YER138C,0,-0.2005842,0.03418803587555885,0.01600000075995922,0.04520000144839287
YBR093C,YMR139W,0,-0.20077193,0.03411513939499855,0.01600000075995922,0.04529999941587448
YJL098W,YGL229C,1,-0.20085335,0.03617021441459656,0.017000000923871994,0.04529999941587448
YOR240W,YHL022C,0,-0.20100778,0.036093417555093765,0.017000000923871994,0.04540000110864639
YML058W-A,YEL051W,0,-0.20122205,0.03601694852113724,0.017000000923871994,0.045499999076128006
YBR066C,YNL222W,0,-0.20123148,0.035940803587436676,0.017000000923871994,0.04560000076889992
YJL026W,YIL029C,0,-0.20139648,0.03586497902870178,0.017000000923871994,0.04569999873638153
YGR177C,YKL200C,0,-0.20150086,0.035789474844932556,0.017000000923871994,0.04580000042915344
YJL063C,YIL077C,0,-0.20158392,0.0357142873108387,0.017000000923871994,0.045899998396635056
YPL266W,YOR162C,0,-0.20161414,0.03563941270112991,0.017000000923871994,0.04600000008940697
YBL045C,YNL318C,0,-0.20233354,0.0355648547410965,0.017000000923871994,0.04610000178217888
YLR107W,YNR064C,0,-0.20265721,0.03549060598015785,0.017000000923871994,0.04619999974966049
YDL047W,YGL096W,1,-0.20334345,0.03750000149011612,0.017999999225139618,0.04619999974966049
YNL021W,YBR183W,0,-0.20347281,0.03742203861474991,0.017999999225139618,0.046300001442432404
YKR076W,YPL145C,0,-0.20439178,0.037344399839639664,0.017999999225139618,0.04639999940991402
YIR025W,YGL229C,1,-0.20523988,0.03933747485280037,0.01899999938905239,0.04639999940991402
YDR365C,YHR008C,0,-0.20564574,0.039256200194358826,0.01899999938905239,0.04650000110268593
YIR004W,YER179W,0,-0.20577627,0.039175257086753845,0.01899999938905239,0.04659999907016754
YLR304C,YEL019C,0,-0.20612499,0.039094649255275726,0.01899999938905239,0.04670000076293945
YHR015W,YDL095W,0,-0.20612656,0.03901437297463417,0.01899999938905239,0.046799998730421066
YPL217C,YBR105C,0,-0.20695338,0.03893442451953888,0.01899999938905239,0.04690000042319298
YFL011W-A,YNL037C,0,-0.20724286,0.03885480388998985,0.01899999938905239,0.04699999839067459
YIL103W,YBR214W,0,-0.20728472,0.03877551108598709,0.01899999938905239,0.0471000000834465
YLR318W,YFL045C,0,-0.20772517,0.03869653865695,0.01899999938905239,0.047200001776218414
YDR173C,YOR338W,0,-0.20798334,0.03861788660287857,0.01899999938905239,0.04729999974370003
YJL060W,YBR136W,0,-0.20814335,0.03853955492377281,0.01899999938905239,0.04740000143647194
YLR002C,YPL283C,0,-0.2081942,0.03846153989434242,0.01899999938905239,0.04749999940395355
YCR066W,YOR095C,0,-0.20871241,0.038383837789297104,0.01899999938905239,0.047600001096725464
YNL328C,YDL201W,0,-0.20874111,0.038306452333927155,0.01899999938905239,0.04769999906420708
YJL101C,YCL074W,0,-0.20949087,0.03822937607765198,0.01899999938905239,0.04780000075697899
YDR385W,YHR160C,0,-0.20979832,0.03815260902047157,0.01899999938905239,0.0478999987244606
YCR005C,YMR267W,0,-0.21062222,0.03807615116238594,0.01899999938905239,0.04800000041723251
YKL026C,YOR151C,0,-0.21085472,0.03799999877810478,0.01899999938905239,0.04809999838471413
YDR165W,YIL077C,0,-0.21239315,0.0379241518676281,0.01899999938905239,0.04820000007748604
YOR099W,YCR061W,0,-0.21285684,0.03784860670566559,0.01899999938905239,0.04830000177025795
YCL012W,YHR052W,0,-0.21320581,0.037773359566926956,0.01899999938905239,0.04839999973773956
YMR163C,YHR196W,0,-0.2134691,0.0376984141767025,0.01899999938905239,0.048500001430511475
YBL023C,YHR139C,0,-0.21349503,0.03762376308441162,0.01899999938905239,0.04859999939799309
YLR157C,YML097C,0,-0.21349907,0.03754940629005432,0.01899999938905239,0.048700001090765
YFL057C,YOR047C,0,-0.21396187,0.0374753437936306,0.01899999938905239,0.04879999905824661
YJL058C,YHR138C,0,-0.21417153,0.03740157559514046,0.01899999938905239,0.048900000751018524
YML123C,YNR064C,0,-0.21531202,0.037328094244003296,0.01899999938905239,0.04899999871850014
YCR020C,YJL168C,0,-0.21596983,0.037254903465509415,0.01899999938905239,0.04910000041127205
YLR417W,YOR338W,0,-0.21602981,0.03718199580907822,0.01899999938905239,0.04919999837875366
YAL032C,YGR059W,0,-0.21702622,0.037109375,0.01899999938905239,0.049300000071525574
YBR026C,YOL156W,0,-0.21745767,0.03703703731298447,0.01899999938905239,0.049400001764297485
YOR144C,YML058W-A,0,-0.21780837,0.03696497902274132,0.01899999938905239,0.0494999997317791
YOR162C,YMR050C,0,-0.21785012,0.03689320385456085,0.01899999938905239,0.04960000142455101
YGR163W,YNL248C,0,-0.21789747,0.03682170435786247,0.01899999938905239,0.04969999939203262
YDL052C,YLL040C,0,-0.2179694,0.03675048425793648,0.01899999938905239,0.049800001084804535
YNL248C,YIL029C,0,-0.21855265,0.03667953610420227,0.01899999938905239,0.04989999905228615
YDL105W,YPL283C,0,-0.21908297,0.03660886362195015,0.01899999938905239,0.05000000074505806
YFL011W-A,YDL002C,0,-0.21929023,0.036538463085889816,0.01899999938905239,0.05009999871253967
YPL018W,YNL153C,0,-0.22048332,0.03646833077073097,0.01899999938905239,0.050200000405311584
YDR342C,YCL074W,0,-0.22069548,0.03639846667647362,0.01899999938905239,0.0502999983727932
YPR002W,YEL051W,0,-0.22072488,0.03632887080311775,0.01899999938905239,0.05040000006556511
YCL012W,YER127W,0,-0.22096969,0.036259543150663376,0.01899999938905239,0.05050000175833702
YHR052W,YPR055W,0,-0.22097278,0.03619047626852989,0.01899999938905239,0.050599999725818634
YJL125C,YNL037C,0,-0.22103447,0.0361216738820076,0.01899999938905239,0.050700001418590546
YOR380W,YGR272C,0,-0.22152638,0.0360531322658062,0.01899999938905239,0.05079999938607216
YPL241C,YBR026C,0,-0.22155994,0.03598484769463539,0.01899999938905239,0.05090000107884407
YPL254W,YOR338W,0,-0.22217833,0.03591682389378548,0.01899999938905239,0.050999999046325684
YNL222W,YKL035W,0,-0.22280774,0.035849057137966156,0.01899999938905239,0.051100000739097595
YDR418W,YDR240C,0,-0.22287795,0.03578154370188713,0.01899999938905239,0.05119999870657921
YJL026W,YNL236W,0,-0.22300905,0.0357142873108387,0.01899999938905239,0.05130000039935112
YDL245C,YML123C,0,-0.2235727,0.035647280514240265,0.01899999938905239,0.05139999836683273
YNL287W,YFL059W,0,-0.22391136,0.03558052331209183,0.01899999938905239,0.051500000059604645
YBR038W,YOR040W,0,-0.22432074,0.035514019429683685,0.01899999938905239,0.051600001752376556
YOR031W,YDR432W,0,-0.22443709,0.03544776141643524,0.01899999938905239,0.05169999971985817
YNL318C,YPL058C,0,-0.22479844,0.0353817492723465,0.01899999938905239,0.05180000141263008
YBR041W,YHR139C,0,-0.22509369,0.03531598672270775,0.01899999938905239,0.051899999380111694
YML039W,YNR064C,0,-0.22555397,0.0352504625916481,0.01899999938905239,0.052000001072883606
YDR258C,YCR040W,0,-0.22589798,0.035185184329748154,0.01899999938905239,0.05209999904036522
YNL278W,YPL283C,0,-0.22655487,0.035120148211717606,0.01899999938905239,0.05220000073313713
YIL070C,YHR138C,0,-0.22718468,0.03505535051226616,0.01899999938905239,0.052299998700618744
YBR066C,YLL056C,0,-0.22724104,0.034990791231393814,0.01899999938905239,0.052400000393390656
YPL213W,YHR015W,0,-0.2272764,0.03492647036910057,0.01899999938905239,0.05249999836087227
YCR089W,YCL034W,0,-0.22764474,0.03486238420009613,0.01899999938905239,0.05260000005364418
YHL024W,YKL079W,0,-0.22774687,0.03479853644967079,0.01899999938905239,0.05270000174641609
YNL206C,YHL012W,0,-0.2283353,0.03473491594195366,0.01899999938905239,0.052799999713897705
YDR294C,YPL239W,0,-0.22854121,0.03467153385281563,0.01899999938905239,0.05290000140666962
YCL039W,YJL219W,0,-0.22874302,0.0346083790063858,0.01899999938905239,0.05299999937415123
YCL039W,YKL110C,0,-0.22888947,0.03454545512795448,0.01899999938905239,0.05310000106692314
YBR155W,YHR138C,0,-0.22909445,0.03448275849223137,0.01899999938905239,0.053199999034404755
YGL062W,YDL201W,0,-0.22926357,0.03442028909921646,0.01899999938905239,0.053300000727176666
YKL021C,YNL128W,0,-0.22931829,0.03435804694890976,0.01899999938905239,0.05339999869465828
YPR110C,YGR059W,0,-0.22932276,0.034296028316020966,0.01899999938905239,0.05350000038743019
YFL045C,YPL276W,0,-0.22961149,0.03423423320055008,0.01899999938905239,0.053599998354911804
YDL045C,YGR055W,0,-0.23005173,0.0341726616024971,0.01899999938905239,0.053700000047683716
YDR173C,YDR165W,0,-0.2300553,0.03411130979657173,0.01899999938905239,0.05380000174045563
YPL127C,YGL194C,0,-0.23025289,0.03405017778277397,0.01899999938905239,0.05389999970793724
YDR252W,YLR186W,0,-0.2304214,0.03398926556110382,0.01899999938905239,0.05400000140070915
YOR127W,YHR039C-B,0,-0.23080897,0.03392857313156128,0.01899999938905239,0.054099999368190765
YER151C,YLR301W,0,-0.23091488,0.03386809304356575,0.01899999938905239,0.05420000106096268
YLL042C,YML123C,0,-0.23112285,0.03380782902240753,0.01899999938905239,0.05429999902844429
YGR037C,YMR069W,0,-0.23121545,0.033747781068086624,0.01899999938905239,0.0544000007212162
YOR243C,YIL077C,0,-0.2312681,0.03368794173002243,0.01899999938905239,0.054499998688697815
YMR139W,YBR156C,0,-0.23132645,0.03362831845879555,0.01899999938905239,0.05460000038146973
YLR221C,YDL109C,0,-0.2321181,0.03356890380382538,0.01899999938905239,0.05469999834895134
YLR270W,YHR143W-A,0,-0.23222393,0.03350970149040222,0.01899999938905239,0.05480000004172325
YJR047C,YBR193C,0,-0.23226765,0.03345070406794548,0.01899999938905239,0.05490000173449516
YNR019W,YHL040C,0,-0.23247696,0.03339191526174545,0.01899999938905239,0.054999999701976776
YHR015W,YPR075C,0,-0.23278494,0.03333333507180214,0.01899999938905239,0.05510000139474869
YPR134W,YER138C,0,-0.23324338,0.03327495604753494,0.01899999938905239,0.0551999993622303
YCL012W,YLL043W,0,-0.2336075,0.03321678191423416,0.01899999938905239,0.05530000105500221
YDL145C,YOR100C,0,-0.23362365,0.033158812671899796,0.01899999938905239,0.055399999022483826
YOR100C,YGR272C,0,-0.23365636,0.03310104459524155,0.01899999938905239,0.05550000071525574
YER127W,YGR288W,0,-0.23383117,0.033043477684259415,0.01899999938905239,0.05559999868273735
YBR042C,YPL276W,0,-0.23405197,0.0329861119389534,0.01899999938905239,0.05570000037550926
YGL063W,YBR105C,0,-0.23423252,0.0329289436340332,0.01899999938905239,0.055799998342990875
YBL003C,YMR051C,0,-0.2355564,0.032871972769498825,0.01899999938905239,0.05590000003576279
YOL111C,YHR138C,0,-0.23580883,0.032815199345350266,0.01899999938905239,0.0560000017285347
YPR002W,YER072W,0,-0.23588553,0.032758619636297226,0.01899999938905239,0.05609999969601631
YLR448W,YJR019C,0,-0.23590598,0.032702237367630005,0.01899999938905239,0.05620000138878822
YJL060W,YNL334C,0,-0.23631755,0.032646048814058304,0.01899999938905239,0.056299999356269836
YGL096W,YDL064W,1,-0.23659776,0.03430531546473503,0.019999999552965164,0.056299999356269836
YER114C,YKL200C,0,-0.23682053,0.034246575087308884,0.019999999552965164,0.05640000104904175
YOR173W,YDL105W,0,-0.23704676,0.03418803587555885,0.019999999552965164,0.05649999901652336
YPL048W,YHR138C,0,-0.23711684,0.03412969410419464,0.019999999552965164,0.05660000070929527
YDR385W,YLL040C,0,-0.23714694,0.03407154977321625,0.019999999552965164,0.056699998676776886
YPL069C,YKL200C,0,-0.23715477,0.03401360660791397,0.019999999552965164,0.0568000003695488
YFL057C,YAL059W,0,-0.23762771,0.033955857157707214,0.019999999552965164,0.05689999833703041
YAL007C,YER169W,0,-0.23845917,0.033898305147886276,0.019999999552965164,0.05700000002980232
YLR270W,YOR045W,0,-0.23847678,0.03384094685316086,0.019999999552965164,0.057100001722574234
YER143W,YLR186W,0,-0.23851138,0.03378378227353096,0.019999999552965164,0.05719999969005585
YEL069C,YER138C,0,-0.23876563,0.03372681140899658,0.019999999552965164,0.05730000138282776
YOR173W,YCR020C,0,-0.23934555,0.033670034259557724,0.019999999552965164,0.05739999935030937
YER095W,YLL056C,0,-0.23934844,0.03361344709992409,0.019999999552965164,0.057500001043081284
YNL278W,YOR095C,0,-0.23935966,0.033557046204805374,0.019999999552965164,0.0575999990105629
YHR174W,YCL074W,0,-0.23980764,0.03350083902478218,0.019999999552965164,0.05770000070333481
YGL120C,YPL283C,0,-0.24002363,0.03344481438398361,0.019999999552965164,0.05779999867081642
YDR273W,YER169W,0,-0.24032675,0.03338898345828056,0.019999999552965164,0.05790000036358833
YGL130W,YER138C,0,-0.24124826,0.03333333507180214,0.019999999552965164,0.057999998331069946
YIL149C,YCR061W,0,-0.24169339,0.03327786922454834,0.019999999552965164,0.05810000002384186
YOR040W,YJR112W,0,-0.24170056,0.033222589641809464,0.019999999552965164,0.05820000171661377
YFR027W,YOR344C,1,-0.24172351,0.03482586890459061,0.020999999716877937,0.05820000171661377
YBL003C,YJL164C,0,-0.24200413,0.03476821258664131,0.020999999716877937,0.05829999968409538
YPR001W,YOL020W,0,-0.24206103,0.03471074253320694,0.020999999716877937,0.058400001376867294
YJL099W,YGR272C,0,-0.24248755,0.03465346619486809,0.020999999716877937,0.05849999934434891
YPR141C,YGL096W,1,-0.2425476,0.03624382242560387,0.02199999988079071,0.05849999934434891
YHR174W,YJR112W,0,-0.24275991,0.03618421033024788,0.02199999988079071,0.05860000103712082
YOR100C,YDR469W,0,-0.2429449,0.03612479567527771,0.02199999988079071,0.05869999900460243
YDR342C,YMR051C,0,-0.24316633,0.03606557473540306,0.02199999988079071,0.058800000697374344
YML058W-A,YPL106C,0,-0.24330476,0.03600654751062393,0.02199999988079071,0.05889999866485596
YLR157C,YGR289C,0,-0.24366301,0.03594771400094032,0.02199999988079071,0.05900000035762787
YML123C,YCR066W,0,-0.24372602,0.035889070481061935,0.02199999988079071,0.05909999832510948
YHL040C,YPL200W,0,-0.24375024,0.03583062067627907,0.02199999988079071,0.05920000001788139
YGR284C,YGR248W,0,-0.24404006,0.035772357136011124,0.02199999988079071,0.059300001710653305
YPR132W,YHR030C,0,-0.24474764,0.0357142873108387,0.02199999988079071,0.05939999967813492
YLR009W,YDR126W,0,-0.24501613,0.0356564037501812,0.02199999988079071,0.05950000137090683
YCR002C,YNR064C,0,-0.24593505,0.03559870645403862,0.02199999988079071,0.05959999933838844
YOR099W,YHR138C,0,-0.246142,0.035541195422410965,0.02199999988079071,0.059700001031160355
YKL034W,YGR272C,0,-0.24626271,0.03548387065529823,0.02199999988079071,0.05979999899864197
YPL018W,YLR022C,0,-0.24637353,0.035426732152700424,0.02199999988079071,0.05990000069141388
YLR107W,YIL077C,0,-0.24644333,0.03536977618932724,0.02199999988079071,0.05999999865889549
YNL278W,YDR165W,0,-0.24658981,0.03531300276517868,0.02199999988079071,0.060100000351667404
YJL001W,YHR139C,0,-0.2474276,0.035256411880254745,0.02199999988079071,0.06019999831914902
YPL217C,YHL024W,0,-0.24764095,0.03519999980926514,0.02199999988079071,0.06030000001192093
YDR083W,YPL276W,0,-0.24842125,0.03514377027750015,0.02199999988079071,0.06040000170469284
YML047C,YNL243W,0,-0.24855897,0.035087719559669495,0.02199999988079071,0.060499999672174454
YOR098C,YHL012W,0,-0.24858427,0.03503184765577316,0.02199999988079071,0.060600001364946365
YLR448W,YML049C,0,-0.24883655,0.03497615084052086,0.02199999988079071,0.06069999933242798
YNR033W,YBL002W,0,-0.24896921,0.03492063656449318,0.02199999988079071,0.06080000102519989
YNL127W,YNL248C,0,-0.2493514,0.03486529365181923,0.02199999988079071,0.0608999989926815
YFL011W-A,YKL186C,0,-0.24964975,0.03481012582778931,0.02199999988079071,0.061000000685453415
YJL092W,YCR061W,0,-0.25080526,0.03475513309240341,0.02199999988079071,0.06109999865293503
YML058W-A,YNL128W,0,-0.25094682,0.034700315445661545,0.02199999988079071,0.06120000034570694
YGR059W,YIL023C,0,-0.25108385,0.03464566916227341,0.02199999988079071,0.06129999831318855
YPL082C,YNL333W,0,-0.25114268,0.034591194242239,0.02199999988079071,0.061400000005960464
YJL036W,YPR080W,0,-0.25132507,0.03453689068555832,0.02199999988079071,0.061500001698732376
YOL002C,YJR160C,0,-0.25143656,0.03448275849223137,0.02199999988079071,0.06159999966621399
YDR314C,YBR069C,0,-0.25185546,0.03442879393696785,0.02199999988079071,0.0617000013589859
YFL011W-A,YCL059C,0,-0.25194108,0.03437500074505806,0.02199999988079071,0.061799999326467514
YHR068W,YDL109C,0,-0.25213394,0.0343213714659214,0.02199999988079071,0.061900001019239426
YKL200C,YDR240C,0,-0.25216514,0.034267913550138474,0.02199999988079071,0.06199999898672104
YIR013C,YPR112C,0,-0.25238287,0.03421461954712868,0.02199999988079071,0.06210000067949295
YKL200C,YOR209C,0,-0.2531193,0.034161489456892014,0.02199999988079071,0.062199998646974564
YGL194C,YBR069C,0,-0.25434637,0.03410852700471878,0.02199999988079071,0.062300000339746475
YPR046W,YGL062W,0,-0.2544726,0.03405572846531868,0.02199999988079071,0.06239999830722809
YAL059W,YOR162C,0,-0.25453436,0.03400309011340141,0.02199999988079071,0.0625
YPL217C,YJL108C,0,-0.25474507,0.03395061567425728,0.02199999988079071,0.06260000169277191
YOL017W,YKL035W,0,-0.25536996,0.033898305147886276,0.02199999988079071,0.06270000338554382
YMR168C,YOR344C,1,-0.2555807,0.035384614020586014,0.023000000044703484,0.06270000338554382
YHR052W,YJL114W,0,-0.2557234,0.035330262035131454,0.023000000044703484,0.06279999762773514
YLR158C,YBR182C,0,-0.25623158,0.03527607396245003,0.023000000044703484,0.06289999932050705
YER108C,YDR346C,0,-0.25643027,0.03522205352783203,0.023000000044703484,0.06300000101327896
YBR009C,YHL022C,0,-0.25648177,0.03516819700598717,0.023000000044703484,0.06310000270605087
YPR055W,YOR338W,0,-0.25659603,0.035114504396915436,0.023000000044703484,0.06319999694824219
YGR254W,YPL116W,0,-0.25666863,0.03506097570061684,0.023000000044703484,0.0632999986410141
YOL002C,YOR266W,0,-0.25675064,0.03500761091709137,0.023000000044703484,0.06340000033378601
YDR432W,YMR210W,0,-0.256889,0.03495440632104874,0.023000000044703484,0.06350000202655792
YHL024W,YLR006C,0,-0.25706995,0.034901365637779236,0.023000000044703484,0.06360000371932983
YJL122W,YHR015W,0,-0.25718343,0.03484848514199257,0.023000000044703484,0.06369999796152115
YDR258C,YNL290W,0,-0.25784773,0.034795764833688736,0.023000000044703484,0.06379999965429306
YNR019W,YER108C,0,-0.25796288,0.03474320098757744,0.023000000044703484,0.06390000134706497
YGL001C,YBR073W,0,-0.25910652,0.03469080105423927,0.023000000044703484,0.06400000303983688
YPR075C,YMR050C,0,-0.25962365,0.034638553857803345,0.023000000044703484,0.0640999972820282
YER168C,YNL111C,0,-0.25971875,0.03458646684885025,0.023000000044703484,0.06419999897480011
YNL318C,YER127W,0,-0.25992626,0.03453453630208969,0.023000000044703484,0.06430000066757202
YFL011W-A,YKR031C,0,-0.26016203,0.03448275849223137,0.023000000044703484,0.06440000236034393
YMR150C,YLL056C,0,-0.26021528,0.03443113714456558,0.023000000044703484,0.06449999660253525
YBR009C,YNL333W,0,-0.26023692,0.03437967225909233,0.023000000044703484,0.06459999829530716
YKL206C,YFL011W-A,0,-0.2607446,0.03432835638523102,0.023000000044703484,0.06469999998807907
YJL058C,YOR338W,0,-0.26097265,0.03427719697356224,0.023000000044703484,0.06480000168085098
YCR020C,YBR012W-A,0,-0.2615661,0.0342261902987957,0.023000000044703484,0.0649000033736229
YPR112C,YHR079C-A,0,-0.2617519,0.0341753326356411,0.023000000044703484,0.06499999761581421
YGR177C,YER179W,0,-0.26182258,0.03412462770938873,0.023000000044703484,0.06509999930858612
YPL007C,YMR050C,0,-0.26198593,0.034074075520038605,0.023000000044703484,0.06520000100135803
YLR329W,YML039W,0,-0.2620438,0.03402366861701012,0.023000000044703484,0.06530000269412994
YJL095W,YER108C,0,-0.2624093,0.03397341072559357,0.023000000044703484,0.06539999693632126
YER179W,YOR191W,0,-0.26244664,0.033923305571079254,0.023000000044703484,0.06549999862909317
YPL249C,YFL017W-A,0,-0.26273066,0.03387334197759628,0.023000000044703484,0.06560000032186508
YJR083C,YGR254W,0,-0.26334947,0.03382353112101555,0.023000000044703484,0.065700002014637
YCL012W,YOR049C,0,-0.26342228,0.033773861825466156,0.023000000044703484,0.0658000037074089
YPR141C,YOR344C,1,-0.26347587,0.03519061580300331,0.024000000208616257,0.0658000037074089
YOR078W,YPL248C,0,-0.26386273,0.035139091312885284,0.024000000208616257,0.06589999794960022
YMR163C,YPR080W,0,-0.26442438,0.035087719559669495,0.024000000208616257,0.06599999964237213
YMR032W,YMR081C,0,-0.2645184,0.03503649681806564,0.024000000208616257,0.06610000133514404
YKL120W,YPL283C,0,-0.2645288,0.03498542308807373,0.024000000208616257,0.06620000302791595
YEL029C,YHR138C,0,-0.26457143,0.034934498369693756,0.024000000208616257,0.06629999727010727
YNL025C,YDL201W,0,-0.26467457,0.03488372266292572,0.024000000208616257,0.06639999896287918
YFL011W-A,YOR341W,0,-0.26501614,0.034833092242479324,0.024000000208616257,0.06650000065565109
YNL128W,YJL138C,0,-0.26557368,0.03478260710835457,0.024000000208616257,0.066600002348423
YCL012W,YNL231C,0,-0.2657324,0.03473227098584175,0.024000000208616257,0.06669999659061432
YPL254W,YGL062W,0,-0.26589867,0.034682080149650574,0.024000000208616257,0.06679999828338623
YFL011W-A,YMR025W,0,-0.26658344,0.034632034599781036,0.024000000208616257,0.06689999997615814
YFL011W-A,YHR161C,0,-0.26704377,0.03458213433623314,0.024000000208616257,0.06700000166893005
YPR187W,YNL025C,0,-0.26710963,0.03453237563371658,0.024000000208616257,0.06710000336170197
YMR025W,YHR174W,0,-0.2671916,0.03448275849223137,0.024000000208616257,0.06719999760389328
YNL206C,YLL056C,0,-0.26754445,0.034433286637067795,0.024000000208616257,0.06729999929666519
YER179W,YLR055C,0,-0.26771522,0.034383952617645264,0.024000000208616257,0.0674000009894371
YKL119C,YCL074W,0,-0.26795566,0.03433476388454437,0.024000000208616257,0.06750000268220901
YNL031C,YCL074W,0,-0.26802737,0.034285712987184525,0.024000000208616257,0.06759999692440033
YFL011W-A,YKL120W,0,-0.2680471,0.03423680365085602,0.024000000208616257,0.06769999861717224
YGL187C,YCL074W,0,-0.2681647,0.03418803587555885,0.024000000208616257,0.06780000030994415
YGL001C,YML047C,0,-0.26855808,0.03413940221071243,0.024000000208616257,0.06790000200271606
YDL112W,YBR105C,0,-0.26864284,0.034090910106897354,0.024000000208616257,0.06800000369548798
YKL021C,YIL029C,0,-0.26869768,0.03404255211353302,0.024000000208616257,0.06809999793767929
YER108C,YEL069C,0,-0.26889434,0.03399433568120003,0.024000000208616257,0.0681999996304512
YER179W,YNL084C,0,-0.26935086,0.03394625335931778,0.024000000208616257,0.06830000132322311
YLR381W,YNL248C,0,-0.26996613,0.033898305147886276,0.024000000208616257,0.06840000301599503
YGR178C,YJL114W,0,-0.27023414,0.033850494772195816,0.024000000208616257,0.06849999725818634
YLR147C,YMR050C,0,-0.27034682,0.0338028185069561,0.024000000208616257,0.06859999895095825
YDL055C,YHR161C,0,-0.27037624,0.03375527262687683,0.024000000208616257,0.06870000064373016
YOR078W,YCR098C,0,-0.27038243,0.033707864582538605,0.024000000208616257,0.06880000233650208
YJR160C,YGL137W,0,-0.27052957,0.03366059064865112,0.024000000208616257,0.06889999657869339
YCR020C,YNL138W,0,-0.2706566,0.03361344709992409,0.024000000208616257,0.0689999982714653
YKL200C,YHL022C,0,-0.27092052,0.0335664339363575,0.024000000208616257,0.06909999996423721
YJR112W,YNR064C,0,-0.27163327,0.03351955488324165,0.024000000208616257,0.06920000165700912
YHL022C,YHR161C,0,-0.27180076,0.033472802489995956,0.024000000208616257,0.06930000334978104
YNL318C,YMR050C,0,-0.27189058,0.033426184207201004,0.024000000208616257,0.06939999759197235
YDR330W,YHL012W,0,-0.2719208,0.0333796925842762,0.024000000208616257,0.06949999928474426
YFL035C,YGL229C,1,-0.27220535,0.0347222238779068,0.02500000037252903,0.06949999928474426
YFL035C-A,YGL229C,1,-0.27220535,0.03606102615594864,0.026000000536441803,0.06949999928474426
YLR157C,YPL157W,0,-0.2722699,0.03601108118891716,0.026000000536441803,0.06960000097751617
YAL059W,YHR030C,0,-0.27257317,0.035961274057626724,0.026000000536441803,0.06970000267028809
YAL040C,YMR048W,1,-0.27278304,0.03729281947016716,0.027000000700354576,0.06970000267028809
YBR097W,YPL276W,0,-0.27378476,0.037241380661726,0.027000000700354576,0.0697999969124794
YML047C,YLR466W,0,-0.27432424,0.03719008341431618,0.027000000700354576,0.06989999860525131
YLR318W,YDR224C,0,-0.27501604,0.0371389277279377,0.027000000700354576,0.07000000029802322
YMR116C,YOR266W,0,-0.27521956,0.03708791360259056,0.027000000700354576,0.07010000199079514
YPL119C,YGR272C,0,-0.27522773,0.03703703731298447,0.027000000700354576,0.07020000368356705
YGL086W,YGL096W,1,-0.2754541,0.03835616260766983,0.02800000086426735,0.07020000368356705
YIR013C,YML001W,0,-0.27566805,0.038303691893815994,0.02800000086426735,0.07029999792575836
YMR116C,YER138C,0,-0.27579468,0.0382513664662838,0.02800000086426735,0.07039999961853027
YHR015W,YLR301W,0,-0.27590758,0.038199182599782944,0.02800000086426735,0.07050000131130219
YCL029C,YFL035C-A,1,-0.27610147,0.03950953856110573,0.028999999165534973,0.07050000131130219
YCL012W,YOR260W,0,-0.27611175,0.03945578262209892,0.028999999165534973,0.0706000030040741
YBR143C,YHR039C-B,0,-0.27612782,0.039402175694704056,0.028999999165534973,0.07069999724626541
YLL001W,YLR301W,0,-0.27637386,0.03934871032834053,0.028999999165534973,0.07079999893903732
YNL117W,YOR243C,0,-0.27689162,0.039295393973588943,0.028999999165534973,0.07090000063180923
YGR109C,YFL035C-A,1,-0.2771595,0.0405953973531723,0.029999999329447746,0.07090000063180923
YGR109C,YFL035C,1,-0.2771595,0.04189189150929451,0.03099999949336052,0.07090000063180923
YDR085C,YLR301W,0,-0.2771737,0.04183535650372505,0.03099999949336052,0.07100000232458115
YGR006W,YML039W,0,-0.27718347,0.04177897423505783,0.03099999949336052,0.07109999656677246
YOR040W,YDR225W,0,-0.27771178,0.04172274470329285,0.03099999949336052,0.07119999825954437
YJR033C,YIR026C,0,-0.2778154,0.0416666679084301,0.03099999949336052,0.07129999995231628
YCR028C-A,YIL029C,0,-0.27844235,0.04161073639988899,0.03099999949336052,0.0714000016450882
YGR204W,YFR008W,0,-0.2787476,0.04155496135354042,0.03099999949336052,0.07150000333786011
YLR158C,YOR078W,0,-0.27890828,0.04149933159351349,0.03099999949336052,0.07159999758005142
YFL011W-A,YHR059W,0,-0.27922866,0.041443850845098495,0.03099999949336052,0.07169999927282333
YLR131C,YFL035C,1,-0.2795688,0.0427236333489418,0.03200000151991844,0.07169999927282333
YLR264W,YNL128W,0,-0.28020304,0.04266666620969772,0.03200000151991844,0.07180000096559525
YHR214C-B,YLL056C,0,-0.28045517,0.04260985180735588,0.03200000151991844,0.07190000265836716
YOR031W,YNL002C,0,-0.2808278,0.042553190141916275,0.03200000151991844,0.07199999690055847
YJL139C,YGR272C,0,-0.2808632,0.042496681213378906,0.03200000151991844,0.07209999859333038
YHR030C,YNL128W,0,-0.2808643,0.04244031757116318,0.03200000151991844,0.0722000002861023
YOR040W,YHR214C-B,0,-0.28095773,0.042384106665849686,0.03200000151991844,0.0723000019788742
YLR160C,YHR178W,0,-0.28101867,0.042328041046857834,0.03200000151991844,0.07240000367164612
YFL011W-A,YIL084C,0,-0.28106353,0.04227212816476822,0.03200000151991844,0.07249999791383743
YLR329W,YMR210W,0,-0.28114408,0.042216360569000244,0.03200000151991844,0.07259999960660934
YNL317W,YLR075W,0,-0.28134444,0.04216073825955391,0.03200000151991844,0.07270000129938126
YER108C,YGL051W,0,-0.28155172,0.04210526496171951,0.03200000151991844,0.07280000299215317
YLR157C,YKL220C,0,-0.28169522,0.04204993322491646,0.03200000151991844,0.07289999723434448
YCL012W,YPR080W,0,-0.2821357,0.04199475049972534,0.03200000151991844,0.0729999989271164
YJL001W,YCL074W,0,-0.2823852,0.041939713060855865,0.03200000151991844,0.0731000006198883
YOL016C,YJL125C,0,-0.28242582,0.04188481718301773,0.03200000151991844,0.07320000231266022
YNL318C,YJL190C,0,-0.28250718,0.041830066591501236,0.03200000151991844,0.07329999655485153
YOL133W,YFL035C-A,1,-0.28273064,0.04308094084262848,0.032999999821186066,0.07329999655485153
YOL133W,YFL035C,1,-0.28273064,0.04432855173945427,0.03400000184774399,0.07329999655485153
YKL165C,YMR210W,0,-0.2833182,0.0442708320915699,0.03400000184774399,0.07339999824762344
YER108C,YDR009W,0,-0.28377908,0.04421326518058777,0.03400000184774399,0.07349999994039536
YOL005C,YHR079C-A,0,-0.28418106,0.04415584355592728,0.03400000184774399,0.07360000163316727
YGR254W,YMR277W,0,-0.2844329,0.04409857466816902,0.03400000184774399,0.07370000332593918
YNL262W,YCL074W,0,-0.2848294,0.04404145106673241,0.03400000184774399,0.0737999975681305
YFL011W-A,YLR059C,0,-0.28491777,0.04398447647690773,0.03400000184774399,0.0738999992609024
YNL278W,YOR341W,0,-0.2851694,0.043927647173404694,0.03400000184774399,0.07400000095367432
YIL117C,YMR210W,0,-0.2852776,0.043870966881513596,0.03400000184774399,0.07410000264644623
YCR098C,YJL101C,0,-0.28534558,0.04381443187594414,0.03400000184774399,0.07419999688863754
YHR068W,YDR227W,0,-0.28551918,0.04375804215669632,0.03400000184774399,0.07429999858140945
YKL200C,YOR274W,0,-0.28563732,0.04370179772377014,0.03400000184774399,0.07440000027418137
YDR432W,YGR272C,0,-0.28586602,0.043645698577165604,0.03400000184774399,0.07450000196695328
YFL011W-A,YHR178W,0,-0.2859826,0.043589744716882706,0.03400000184774399,0.07460000365972519
YGL001C,YCL074W,0,-0.28655198,0.04353393241763115,0.03400000184774399,0.0746999979019165
YCL061C,YNR064C,0,-0.2867111,0.043478261679410934,0.03400000184774399,0.07479999959468842
YOR353C,YGR054W,0,-0.28671694,0.04342273250222206,0.03400000184774399,0.07490000128746033
YNL106C,YPR080W,0,-0.28688014,0.04336734861135483,0.03400000184774399,0.07500000298023224
YJR017C,YMR032W,0,-0.28690624,0.04331210255622864,0.03400000184774399,0.07509999722242355
YMR316W,YNR064C,0,-0.28696984,0.04325699806213379,0.03400000184774399,0.07519999891519547
YOR049C,YCR018C,0,-0.28708208,0.043202031403779984,0.03400000184774399,0.07530000060796738
YER108C,YGR047C,0,-0.28708905,0.04314720630645752,0.03400000184774399,0.07540000230073929
YGL150C,YJL114W,0,-0.28709364,0.0430925227701664,0.03400000184774399,0.0754999965429306
YCL012W,YML112W,0,-0.2872104,0.04303797334432602,0.03400000184774399,0.07559999823570251
YGL065C,YJL114W,0,-0.28740785,0.04298356547951698,0.03400000184774399,0.07569999992847443
YIR026C,YCL033C,0,-0.28749576,0.04292929172515869,0.03400000184774399,0.07580000162124634
YBR038W,YPL283C,0,-0.28755257,0.04287515580654144,0.03400000184774399,0.07590000331401825
YKR076W,YDR397C,0,-0.2875828,0.04282115772366524,0.03400000184774399,0.07599999755620956
YKL150W,YGR272C,0,-0.28766078,0.04276729375123978,0.03400000184774399,0.07609999924898148
YGL255W,YHR138C,0,-0.28792444,0.04271356761455536,0.03400000184774399,0.07620000094175339
YPL266W,YJL164C,0,-0.28793383,0.042659975588321686,0.03400000184774399,0.0763000026345253
YER108C,YHR073W,0,-0.28806746,0.04260651767253876,0.03400000184774399,0.07639999687671661
YDR346C,YHL012W,0,-0.28889772,0.042553190141916275,0.03400000184774399,0.07649999856948853
YHL040C,YOR106W,0,-0.28915626,0.042500000447034836,0.03400000184774399,0.07660000026226044
YGL240W,YFL035C,1,-0.2893533,0.04369537904858589,0.03500000014901161,0.07660000026226044
YCL012W,YIR004W,0,-0.2893656,0.043640896677970886,0.03500000014901161,0.07670000195503235
YLR102C,YFL035C-A,1,-0.28949186,0.04483187943696976,0.035999998450279236,0.07670000195503235
YIR033W,YOR088W,0,-0.28951913,0.04477611929178238,0.035999998450279236,0.07680000364780426
YCR020C,YCL054W,0,-0.28976333,0.044720496982336044,0.035999998450279236,0.07689999788999557
YLR391W-A,YHR187W,0,-0.28982836,0.04466501250863075,0.035999998450279236,0.07699999958276749
YIR013C,YOR315W,0,-0.2898414,0.044609665870666504,0.035999998450279236,0.0771000012755394
YGR085C,YCL074W,0,-0.28985718,0.0445544570684433,0.035999998450279236,0.07720000296831131
YFL011W-A,YDR427W,0,-0.29022795,0.04449938237667084,0.035999998450279236,0.07729999721050262
YBL003C,YKL200C,0,-0.29032147,0.04444444552063942,0.035999998450279236,0.07739999890327454
YOR191W,YGR272C,0,-0.29036862,0.044389642775058746,0.035999998450279236,0.07750000059604645
YJR144W,YCL074W,0,-0.29040092,0.04433497413992882,0.035999998450279236,0.07760000228881836
YPL119C,YNL248C,0,-0.29047832,0.04428044334053993,0.035999998450279236,0.07769999653100967
YFL011W-A,YGL187C,0,-0.29094678,0.04422604292631149,0.035999998450279236,0.07779999822378159
YFL057C,YIR013C,0,-0.29100344,0.0441717803478241,0.035999998450279236,0.0778999999165535
YFL011W-A,YDL207W,0,-0.29111278,0.04411764815449715,0.035999998450279236,0.07800000160932541
YFL011W-A,YPL249C,0,-0.29113933,0.04406364634633064,0.035999998450279236,0.07810000330209732
YER179W,YGR063C,0,-0.29152396,0.04400977864861488,0.035999998450279236,0.07819999754428864
YLR066W,YGR272C,0,-0.29162255,0.04395604506134987,0.035999998450279236,0.07829999923706055
YHR068W,YDL106C,0,-0.2922138,0.043902438133955,0.035999998450279236,0.07840000092983246
YPR171W,YPL240C,0,-0.29233953,0.04384896531701088,0.035999998450279236,0.07850000262260437
YJL140W,YHR039C-B,0,-0.2923544,0.043795619159936905,0.035999998450279236,0.07859999686479568
YKL200C,YPR178W,0,-0.2925381,0.043742407113313675,0.035999998450279236,0.0786999985575676
YLR391W-A,YOR047C,0,-0.29257792,0.04368932172656059,0.035999998450279236,0.07880000025033951
YLR391W-A,YOL071W,0,-0.29273432,0.04363636299967766,0.035999998450279236,0.07890000194311142
YJR155W,YCL059C,0,-0.2930411,0.04358353465795517,0.035999998450279236,0.07900000363588333
YPL217C,YOL151W,0,-0.29341024,0.04353083297610283,0.035999998450279236,0.07909999787807465
YDL126C,YOR088W,0,-0.2934393,0.043478261679410934,0.035999998450279236,0.07919999957084656
YDR342C,YBR260C,0,-0.2937339,0.04342581331729889,0.035999998450279236,0.07930000126361847
YCR065W,YFL035C-A,1,-0.29401264,0.04457831382751465,0.03700000047683716,0.07930000126361847
YCR065W,YFL035C,1,-0.29401264,0.045728038996458054,0.03799999877810478,0.07930000126361847
YGL172W,YOR338W,0,-0.2941361,0.045673076063394547,0.03799999877810478,0.07940000295639038
YOR250C,YKL200C,0,-0.29433793,0.045618247240781784,0.03799999877810478,0.0794999971985817
YML058W-A,YFL045C,0,-0.29439422,0.04556354880332947,0.03799999877810478,0.07959999889135361
YBL002W,YLR396C,0,-0.29450345,0.0455089807510376,0.03799999877810478,0.07970000058412552
YGL062W,YLR301W,0,-0.29471046,0.04545454680919647,0.03799999877810478,0.07980000227689743
YKL025C,YOR338W,0,-0.2950277,0.045400239527225494,0.03799999877810478,0.07989999651908875
YLR391W-A,YEL069C,0,-0.29506373,0.04534606263041496,0.03799999877810478,0.07999999821186066
YCL012W,YPL254W,0,-0.2951339,0.04529201611876488,0.03799999877810478,0.08009999990463257
YPL283C,YER138C,0,-0.29544455,0.04523809626698494,0.03799999877810478,0.08020000159740448
YDR179C,YLR301W,0,-0.29566813,0.04518430307507515,0.03799999877810478,0.08030000329017639
YJL031C,YER127W,0,-0.29581675,0.045130640268325806,0.03799999877810478,0.0803999975323677
YNL107W,YLR301W,0,-0.29602963,0.04507710412144661,0.03799999877810478,0.08049999922513962
YPL217C,YDR342C,0,-0.2962245,0.04502369835972786,0.03799999877810478,0.08060000091791153
YFL035C,YOR344C,1,-0.29640022,0.04615384712815285,0.039000000804662704,0.08060000091791153
YNL248C,YHR039C-B,0,-0.29647303,0.04609929025173187,0.039000000804662704,0.08070000261068344
YGL058W,YHL012W,0,-0.2966082,0.046044863760471344,0.039000000804662704,0.08079999685287476
YER127W,YBR105C,0,-0.2967518,0.04599056765437126,0.039000000804662704,0.08089999854564667
YOL017W,YBL003C,0,-0.29680517,0.04593639448285103,0.039000000804662704,0.08100000023841858
YML025C,YML039W,0,-0.29689488,0.04588235169649124,0.039000000804662704,0.08110000193119049
YDR294C,YPR187W,0,-0.29689807,0.0458284355700016,0.039000000804662704,0.0812000036239624
YBR143C,YOR088W,0,-0.29696319,0.04577464610338211,0.039000000804662704,0.08129999786615372
YIL036W,YER138C,0,-0.29698923,0.04572098329663277,0.039000000804662704,0.08139999955892563
YFL011W-A,YNL287W,0,-0.29704377,0.04566744714975357,0.039000000804662704,0.08150000125169754
YPL241C,YHR138C,0,-0.29716888,0.045614033937454224,0.039000000804662704,0.08160000294446945
YIL110W,YKL200C,0,-0.2973116,0.045560747385025024,0.039000000804662704,0.08169999718666077
YFR027W,YFL035C,1,-0.2974285,0.046674445271492004,0.03999999910593033,0.08169999718666077
YFL039C,YFL035C,1,-0.29780364,0.047785546630620956,0.04100000113248825,0.08169999718666077
YFL039C,YFL035C-A,1,-0.29780364,0.048894062638282776,0.041999999433755875,0.08169999718666077
YER108C,YDL052C,0,-0.2978214,0.04883721098303795,0.041999999433755875,0.08179999887943268
YCL012W,YDR318W,0,-0.29791975,0.04878048598766327,0.041999999433755875,0.08190000057220459
YOR240W,YER143W,0,-0.2979256,0.04872389882802963,0.041999999433755875,0.0820000022649765
YFL011W-A,YLR051C,0,-0.297951,0.048667438328266144,0.041999999433755875,0.08209999650716782
YHL047C,YLR160C,0,-0.29804552,0.0486111119389534,0.041999999433755875,0.08219999819993973
YDL055C,YML011C,0,-0.29806966,0.0485549122095108,0.041999999433755875,0.08229999989271164
YFL056C,YOR338W,0,-0.29811442,0.04849884659051895,0.041999999433755875,0.08240000158548355
YOR136W,YLR329W,0,-0.29853535,0.04844290763139725,0.041999999433755875,0.08250000327825546
YNR016C,YPL276W,0,-0.29855722,0.04838709533214569,0.041999999433755875,0.08259999752044678
YKL079W,YGR059W,0,-0.29871047,0.04833141714334488,0.041999999433755875,0.08269999921321869
YFL035C,YMR236W,1,-0.29881725,0.049425289034843445,0.0430000014603138,0.08269999921321869
YFL035C-A,YMR236W,1,-0.29881725,0.05051664635539055,0.04399999976158142,0.08269999921321869
YOL151W,YCL074W,0,-0.29885647,0.05045871436595917,0.04399999976158142,0.0828000009059906
YDR316W-B,YHR214C-B,0,-0.2989188,0.05040091648697853,0.04399999976158142,0.08290000259876251
YIL009W,YOR192C-B,0,-0.29894555,0.05034324899315834,0.04399999976158142,0.08299999684095383
YDR273W,YJR043C,0,-0.29898512,0.050285715609788895,0.04399999976158142,0.08309999853372574
YDR085C,YHR039C-B,0,-0.29899743,0.0502283088862896,0.04399999976158142,0.08320000022649765
YLR391W-A,YDR314C,0,-0.299025,0.05017103627324104,0.04399999976158142,0.08330000191926956
YKL200C,YDL106C,0,-0.29916593,0.050113894045352936,0.04399999976158142,0.08340000361204147
YLR158C,YDR058C,0,-0.29927188,0.050056882202625275,0.04399999976158142,0.08349999785423279
YCR089W,YIL123W,0,-0.29928407,0.05000000074505806,0.04399999976158142,0.0835999995470047
YDR022C,YLR264W,0,-0.2993102,0.04994324594736099,0.04399999976158142,0.08370000123977661
YGR161C-D,YPL257W-B,0,-0.29936278,0.04988662153482437,0.04399999976158142,0.08380000293254852
YFL035C-A,YDR201W,1,-0.29939842,0.050962626934051514,0.04500000178813934,0.08380000293254852
YOR240W,YER127W,0,-0.29947796,0.050904978066682816,0.04500000178813934,0.08389999717473984
YPL018W,YLR301W,0,-0.2995449,0.050847455859184265,0.04500000178813934,0.08399999886751175
YLR304C,YER108C,0,-0.29956496,0.05079006776213646,0.04500000178813934,0.08410000056028366
YFL035C,YGR245C,1,-0.29960513,0.051860202103853226,0.04600000008940697,0.08410000056028366
YFL035C-A,YGR245C,1,-0.29960513,0.05292792618274689,0.04699999839067459,0.08410000056028366
YAL032C,YPR132W,0,-0.29963088,0.05286839231848717,0.04699999839067459,0.08420000225305557
YCR067C,YMR051C,0,-0.2997409,0.052808988839387894,0.04699999839067459,0.08429999649524689
YGR197C,YGR054W,0,-0.29975665,0.052749719470739365,0.04699999839067459,0.0843999981880188
YMR056C,YDR365W-B,0,-0.3000849,0.05269058421254158,0.04699999839067459,0.08449999988079071
YLR342W,YGR161C-D,0,-0.3002507,0.05263157933950424,0.04699999839067459,0.08460000157356262
YJR047C,YPL254W,0,-0.30035204,0.05257270857691765,0.04699999839067459,0.08470000326633453
YML039W,YOR192C-B,0,-0.30052882,0.0525139681994915,0.04699999839067459,0.08479999750852585
YGR161C-D,YLR410W-A,0,-0.30064118,0.0524553582072258,0.04699999839067459,0.08489999920129776
YPR075C,YHR039C-B,0,-0.30074605,0.052396878600120544,0.04699999839067459,0.08500000089406967
YOR240W,YCL061C,0,-0.30080575,0.052338529378175735,0.04699999839067459,0.08510000258684158
YMR116C,YPL157W,0,-0.300856,0.05228031054139137,0.04699999839067459,0.0851999968290329
YML039W,YPL257W-B,0,-0.3009247,0.052222222089767456,0.04699999839067459,0.08529999852180481
YDR052C,YER108C,0,-0.30092573,0.05216426029801369,0.04699999839067459,0.08540000021457672
YLR391W-A,YGR120C,0,-0.30093905,0.052106428891420364,0.04699999839067459,0.08550000190734863
YAR031W,YLR003C,0,-0.30094162,0.05204872786998749,0.04699999839067459,0.08560000360012054
YPL257W-A,YPL257W-B,0,-0.30103165,0.05199114978313446,0.04699999839067459,0.08569999784231186
YPL058C,YDR365W-B,0,-0.3010905,0.05193370208144188,0.04699999839067459,0.08579999953508377
YCR098C,YDR418W,0,-0.30113086,0.051876381039619446,0.04699999839067459,0.08590000122785568
YHR067W,YPR132W,0,-0.30117524,0.05181918293237686,0.04699999839067459,0.0860000029206276
YFL035C,YML064C,1,-0.3013072,0.05286343768239021,0.04800000041723251,0.0860000029206276
YFL035C-A,YML064C,1,-0.3013072,0.053905390202999115,0.04899999871850014,0.0860000029206276
YDR316W-B,YPL276W,0,-0.3013205,0.05384615436196327,0.04899999871850014,0.08609999716281891
YOR240W,YFR005C,0,-0.30145204,0.053787048906087875,0.04899999871850014,0.08619999885559082
YLR115W,YKL200C,0,-0.3016518,0.053728070110082626,0.04899999871850014,0.08630000054836273
YPR080W,YGR241C,0,-0.301668,0.053669221699237823,0.04899999871850014,0.08640000224113464
YPL154C,YPR187W,0,-0.30197662,0.05361050367355347,0.04899999871850014,0.08649999648332596
YLR391W-A,YIL103W,0,-0.30209494,0.05355191230773926,0.04899999871850014,0.08659999817609787
YOR181W,YPL257W-B,0,-0.30211216,0.053493451327085495,0.04899999871850014,0.08669999986886978
YLR391W-A,YIL036W,0,-0.30221978,0.05343511328101158,0.04899999871850014,0.0868000015616417
YGL142C,YGR038C-B,0,-0.30224055,0.053376905620098114,0.04899999871850014,0.0869000032544136
YKL200C,YCR073W-A,0,-0.30225778,0.053318824619054794,0.04899999871850014,0.08699999749660492
YNL002C,YHL022C,0,-0.30226046,0.05326087027788162,0.04899999871850014,0.08709999918937683
YGL016W,YMR051C,0,-0.30233923,0.0532030388712883,0.04899999871850014,0.08720000088214874
YIL123W,YOR088W,0,-0.30236298,0.05314533784985542,0.04899999871850014,0.08730000257492065
YCR020C,YIL117C,0,-0.30241302,0.0530877560377121,0.04899999871850014,0.08739999681711197
YBR105C,YMR210W,0,-0.30244634,0.05303030461072922,0.04899999871850014,0.08749999850988388
YOR260W,YGR161C-D,0,-0.30245447,0.05297297239303589,0.04899999871850014,0.08760000020265579
YGR092W,YER179W,0,-0.30248645,0.05291576683521271,0.04899999871850014,0.0877000018954277
YGR063C,YGR272C,0,-0.30249903,0.052858684211969376,0.04899999871850014,0.08780000358819962
YML058W-A,YJL192C,0,-0.30262196,0.05280172452330589,0.04899999871850014,0.08789999783039093
YIL077C,YPL257W-A,0,-0.30263636,0.05274488776922226,0.04899999871850014,0.08799999952316284
YER108C,YDL079C,0,-0.30263987,0.05268817022442818,0.04899999871850014,0.08810000121593475
YFL035C-A,YML027W,1,-0.3027579,0.053705692291259766,0.05000000074505806,0.08810000121593475
YFL035C,YML027W,1,-0.3027579,0.054721031337976456,0.050999999046325684,0.08810000121593475
YOR181W,YDR365W-B,0,-0.30276474,0.05466238036751747,0.050999999046325684,0.08820000290870667
YLR368W,YOR142W-B,0,-0.30276474,0.054603856056928635,0.050999999046325684,0.08829999715089798
YML058W-A,YOR193W,0,-0.302942,0.05454545468091965,0.050999999046325684,0.08839999884366989
YPL266W,YER138C,0,-0.30295202,0.05448717996478081,0.050999999046325684,0.0885000005364418
YHR160C,YDR210W-B,0,-0.30303484,0.05442902818322182,0.050999999046325684,0.08860000222921371
YMR048W,YFL035C-A,1,-0.3032112,0.05543709918856621,0.052000001072883606,0.08860000222921371
YOR043W,YPL283C,0,-0.3032405,0.055378060787916183,0.052000001072883606,0.08869999647140503
YHR073W,YDR365W-B,0,-0.30324346,0.05531914904713631,0.052000001072883606,0.08879999816417694
YER012W,YGR109W-A,0,-0.30331838,0.05526036024093628,0.052000001072883606,0.08889999985694885
YER129W,YOR192C-B,0,-0.30332637,0.0552016980946064,0.052000001072883606,0.08900000154972076
YOR181W,YPR137C-B,0,-0.30340928,0.05514315888285637,0.052000001072883606,0.08910000324249268
YER108C,YGR163W,0,-0.3036632,0.055084746330976486,0.052000001072883606,0.08919999748468399
YBR061C,YGR038C-A,0,-0.3036714,0.05502645671367645,0.052000001072883606,0.0892999991774559
YPR128C,YPR137C-B,0,-0.30376765,0.05496828630566597,0.052000001072883606,0.08940000087022781
YHL027W,YPL257W-A,0,-0.30384254,0.054910242557525635,0.052000001072883606,0.08950000256299973
YAL032C,YOR142W-B,0,-0.30394953,0.05485232174396515,0.052000001072883606,0.08959999680519104
YLR391W-A,YML059C,0,-0.30399352,0.054794520139694214,0.052000001072883606,0.08969999849796295
YHR139C,YOR192C-B,0,-0.3040057,0.05473684147000313,0.052000001072883606,0.08980000019073486
YNR064C,YPL257W-B,0,-0.30402976,0.05467928573489189,0.052000001072883606,0.08990000188350677
YMR069W,YGR161C-D,0,-0.30404314,0.054621849209070206,0.052000001072883606,0.09000000357627869
YKL017C,YGR161C-C,0,-0.30418223,0.05456453189253807,0.052000001072883606,0.09009999781847
YER114C,YDR210W-A,0,-0.30420095,0.054507337510585785,0.052000001072883606,0.09019999951124191
YBL061C,YGR109W-A,0,-0.30423838,0.05445026233792305,0.052000001072883606,0.09030000120401382
YHL027W,YDR210W-B,0,-0.30426246,0.054393306374549866,0.052000001072883606,0.09040000289678574
YNL127W,YOR142W-A,0,-0.3042972,0.05433646962046623,0.052000001072883606,0.09049999713897705
YJL108C,YOR142W-B,0,-0.3043507,0.05427974835038185,0.052000001072883606,0.09059999883174896
YDR427W,YGR161C-D,0,-0.3043534,0.05422315001487732,0.052000001072883606,0.09070000052452087
YDL132W,YFL035C-A,1,-0.3043633,0.05520833283662796,0.05299999937415123,0.09070000052452087
YKL200C,YLR268W,0,-0.30443475,0.05515088513493538,0.05299999937415123,0.09080000221729279
YPL213W,YKL035W,0,-0.30448216,0.05509355664253235,0.05299999937415123,0.0908999964594841
YFL056C,YOR142W-A,0,-0.3045085,0.05503634363412857,0.05299999937415123,0.09099999815225601
YER151C,YDR098C-B,0,-0.30468503,0.05497925356030464,0.05299999937415123,0.09109999984502792
YDR096W,YGR161C-D,0,-0.30470374,0.054922278970479965,0.05299999937415123,0.09120000153779984
YLR270W,YDR316W-B,0,-0.30470642,0.05486542358994484,0.05299999937415123,0.09130000323057175
YOR043W,YOR192C-B,0,-0.30471444,0.054808687418699265,0.05299999937415123,0.09139999747276306
YNL127W,YOR142W-B,0,-0.30473584,0.05475206673145294,0.05299999937415123,0.09149999916553497
YKL093W,YLR410W-A,0,-0.30473852,0.05469556152820587,0.05299999937415123,0.09160000085830688
YNL274C,YPL257W-A,0,-0.3047492,0.05463917553424835,0.05299999937415123,0.0917000025510788
YER151C,YLR410W-A,0,-0.30475456,0.054582905024290085,0.05299999937415123,0.09179999679327011
YFL011W-A,YHR039C-B,0,-0.3047878,0.05452674999833107,0.05299999937415123,0.09189999848604202
YGL180W,YGR038C-B,0,-0.30480537,0.05447071045637131,0.05299999937415123,0.09200000017881393
YDR058C,YOR142W-A,0,-0.30480805,0.0544147826731205,0.05299999937415123,0.09210000187158585
YHR139C,YPR080W,0,-0.30481085,0.05435897409915924,0.05299999937415123,0.09220000356435776
YJL203W,YGR038C-A,0,-0.30483478,0.05430327728390694,0.05299999937415123,0.09229999780654907
YPL217C,YDR210W-B,0,-0.30485353,0.054247695952653885,0.05299999937415123,0.09239999949932098
YLR417W,YLR227W-A,0,-0.3048936,0.054192230105400085,0.05299999937415123,0.0925000011920929
YGL051W,YPL058C,0,-0.30491042,0.05413687601685524,0.05299999937415123,0.09260000288486481
YJL029C,YPL257W-A,0,-0.30492306,0.05408163368701935,0.05299999937415123,0.09269999712705612
YJL099W,YLR157C-B,0,-0.30493376,0.05402650311589241,0.05299999937415123,0.09279999881982803
YCL026C-A,YNL138W,0,-0.3049697,0.053971488028764725,0.05299999937415123,0.09290000051259995
YKR076W,YLR157C-B,0,-0.3050006,0.053916580975055695,0.05299999937415123,0.09300000220537186
YIL123W,YLR396C,0,-0.30507666,0.05386178940534592,0.05299999937415123,0.09309999644756317
YDR418W,YJR019C,0,-0.3050967,0.053807105869054794,0.05299999937415123,0.09319999814033508
YKL119C,YGR038C-A,0,-0.30510223,0.053752534091472626,0.05299999937415123,0.093299999833107
YMR163C,YPR137C-B,0,-0.3051183,0.05369807407259941,0.05299999937415123,0.0934000015258789
YER012W,YDR210W-B,0,-0.30512097,0.05364372581243515,0.05299999937415123,0.09350000321865082
YKL125W,YER074W-A,0,-0.30513108,0.053589485585689545,0.05299999937415123,0.09359999746084213
YOR231W,YKL200C,0,-0.30518746,0.053535353392362595,0.05299999937415123,0.09369999915361404
YLR109W,YDR098C-B,0,-0.30520654,0.0534813329577446,0.05299999937415123,0.09380000084638596
YNR057C,YDR098C-B,0,-0.30523598,0.05342742055654526,0.05299999937415123,0.09390000253915787
YHR150W,YGR109W-A,0,-0.30524665,0.05337361618876457,0.05299999937415123,0.09399999678134918
YHR191C,YFL035C,1,-0.30529106,0.05432595685124397,0.05400000140070915,0.09399999678134918
YGR288W,YHR138C,0,-0.30532026,0.054271355271339417,0.05400000140070915,0.0940999984741211
YML019W,YLR227W-A,0,-0.30532423,0.05421686917543411,0.05400000140070915,0.094200000166893
YPL069C,YDR210W-B,0,-0.30533493,0.054162487387657166,0.05400000140070915,0.09430000185966492
YNL075W,YOR192C-A,0,-0.30534562,0.05410821735858917,0.05400000140070915,0.09440000355243683
YKL200C,YLR285W,0,-0.30538446,0.054054055362939835,0.05400000140070915,0.09449999779462814
YIL009W,YDR261C-C,0,-0.30538842,0.05400000140070915,0.05400000140070915,0.09459999948740005
YML047C,YLR157C-B,0,-0.3054018,0.053946055471897125,0.05400000140070915,0.09470000118017197
YGR038C-B,YHL012W,0,-0.30540448,0.053892213851213455,0.05400000140070915,0.09480000287294388
YOR162C,YDR210W-A,0,-0.30546328,0.05383848398923874,0.05400000140070915,0.09489999711513519
YMR219W,YOR142W-B,0,-0.30553818,0.05378486216068268,0.05400000140070915,0.0949999988079071
YJL140W,YLR227W-A,0,-0.305589,0.053731344640254974,0.05400000140070915,0.09510000050067902
YBR193C,YPL257W-A,0,-0.3055997,0.05367793142795563,0.05400000140070915,0.09520000219345093
YDL175C,YPR080W,0,-0.30560976,0.053624626249074936,0.05400000140070915,0.09529999643564224
YPL200W,YGR161C-D,0,-0.3056291,0.0535714291036129,0.05400000140070915,0.09539999812841415
YLR466W,YPL257W-B,0,-0.3056505,0.05351833626627922,0.05400000140070915,0.09549999982118607
YDR318W,YGR109W-A,0,-0.30572006,0.0534653477370739,0.05400000140070915,0.09560000151395798
YCR010C,YOR192C-B,0,-0.30573878,0.05341246351599693,0.05400000140070915,0.09570000320672989
YGR109W-A,YGR161C-D,0,-0.30575615,0.053359683603048325,0.05400000140070915,0.0957999974489212
YIL036W,YLR157C-B,0,-0.3057976,0.05330700799822807,0.05400000140070915,0.09589999914169312
YIL103W,YDR261C-C,0,-0.30583507,0.05325443670153618,0.05400000140070915,0.09600000083446503
YDR263C,YPL257W-B,0,-0.30583638,0.05320196971297264,0.05400000140070915,0.09610000252723694
YCR020C,YDR210W-B,0,-0.30584174,0.05314960703253746,0.05400000140070915,0.09619999676942825
YGR059W,YJL093C,0,-0.30585578,0.05309734493494034,0.05400000140070915,0.09629999846220016
YNL128W,YDR210W-B,0,-0.30586714,0.05304518714547157,0.05400000140070915,0.09640000015497208
YDR330W,YDR365W-B,0,-0.30588454,0.052993129938840866,0.05400000140070915,0.09650000184774399
YNL068C,YFL035C,1,-0.30588728,0.053921569138765335,0.054999999701976776,0.09650000184774399
YDL137W,YLR410W-A,0,-0.30590993,0.05386875569820404,0.054999999701976776,0.0966000035405159
YPR171W,YLR157C-B,0,-0.30590993,0.0538160465657711,0.054999999701976776,0.09669999778270721
YCR010C,YDR261C-C,0,-0.3059126,0.05376344174146652,0.054999999701976776,0.09679999947547913
YDL147W,YDR316W-B,0,-0.30592197,0.0537109375,0.054999999701976776,0.09690000116825104
YPR002W,YDR365W-B,0,-0.30592465,0.053658537566661835,0.054999999701976776,0.09700000286102295
YNL317W,YPL257W-B,0,-0.30594337,0.05360623821616173,0.054999999701976776,0.09709999710321426
YBL023C,YPR137C-B,0,-0.30594605,0.05355403944849968,0.054999999701976776,0.09719999879598618
YCR081W,YPR137C-B,0,-0.30595276,0.05350194498896599,0.054999999701976776,0.09730000048875809
YJL062W,YLR227W-A,0,-0.30596477,0.053449951112270355,0.054999999701976776,0.09740000218153
YFR009W,YHR160C,0,-0.30598807,0.05339805781841278,0.054999999701976776,0.09749999642372131
YOR213C,YGR161C-D,0,-0.30599418,0.053346265107393265,0.054999999701976776,0.09759999811649323
YOR240W,YLR033W,0,-0.30602306,0.05329457297921181,0.054999999701976776,0.09769999980926514
YFL011W-A,YJL111W,0,-0.30603254,0.05324298143386841,0.054999999701976776,0.09780000150203705
YPR193C,YDL112W,0,-0.30608383,0.05319149047136307,0.054999999701976776,0.09790000319480896
YCR098C,YHR138C,0,-0.3060999,0.05314009636640549,0.054999999701976776,0.09799999743700027
YNL334C,YLR157C-B,0,-0.3061065,0.053088802844285965,0.054999999701976776,0.09809999912977219
YCR010C,YLR410W-A,0,-0.3061493,0.0530376099050045,0.054999999701976776,0.0982000008225441
YNL287W,YGR161C-D,0,-0.306152,0.0529865138232708,0.054999999701976776,0.09830000251531601
YNL127W,YDR210W-B,0,-0.30617738,0.052935514599084854,0.054999999701976776,0.09839999675750732
YPL240C,YDL079C,0,-0.306221,0.05288461595773697,0.054999999701976776,0.09849999845027924
YBR042C,YOR142W-A,0,-0.30623356,0.052833814173936844,0.054999999701976776,0.09860000014305115
YMR044W,YOR192C-A,0,-0.30625764,0.05278310924768448,0.054999999701976776,0.09870000183582306
YJL164C,YGR038C-B,0,-0.30629507,0.052732501178979874,0.054999999701976776,0.09880000352859497
YKR031C,YOR192C-A,0,-0.3063004,0.05268199369311333,0.054999999701976776,0.09889999777078629
YIL110W,YGR161C-C,0,-0.3063031,0.05263157933950424,0.054999999701976776,0.0989999994635582
YDR463W,YLR410W-A,0,-0.30630443,0.05258126184344292,0.054999999701976776,0.09910000115633011
YLR391W-A,YMR293C,0,-0.30630907,0.05253104120492935,0.054999999701976776,0.09920000284910202
YGR163W,YLR227W-A,0,-0.30630976,0.05248091742396355,0.054999999701976776,0.09929999709129333
YMR275C,YDR098C-B,0,-0.30631647,0.0524308867752552,0.054999999701976776,0.09939999878406525
YHR139C,YPR137C-B,0,-0.30632582,0.05238095298409462,0.054999999701976776,0.09950000047683716
YOR094W,YGR038C-A,0,-0.30632985,0.0523311123251915,0.054999999701976776,0.09960000216960907
YLR227W-A,YLR301W,0,-0.3063499,0.052281368523836136,0.054999999701976776,0.09969999641180038
YGR077C,YDR210W-B,0,-0.30635524,0.052231717854738235,0.054999999701976776,0.0997999981045723
YGR197C,YDR210W-B,0,-0.30635792,0.052182164043188095,0.054999999701976776,0.09989999979734421
YOR078W,YOR192C-A,0,-0.30638066,0.05213269963860512,0.054999999701976776,0.10000000149011612
YHR034C,YGR109W-A,0,-0.3064034,0.0520833320915699,0.054999999701976776,0.10010000318288803
YPL154C,YGR109W-A,0,-0.30641142,0.052034057676792145,0.054999999701976776,0.10019999742507935
YKR031C,YHR039C-B,0,-0.30642182,0.05198487639427185,0.054999999701976776,0.10029999911785126
YER012W,YOR142W-B,0,-0.30642477,0.05193578824400902,0.054999999701976776,0.10040000081062317
YLL027W,YOR341W,0,-0.3064397,0.05188679322600365,0.054999999701976776,0.10050000250339508
YNL278W,YDR210W-A,0,-0.30644083,0.05183788761496544,0.054999999701976776,0.1005999967455864
YNL084C,YOR088W,0,-0.30646998,0.05178907886147499,0.054999999701976776,0.1006999984383583
YEL002C,YGR038C-A,0,-0.30647695,0.05174035578966141,0.054999999701976776,0.10080000013113022
YJL094C,YGR038C-B,0,-0.30647695,0.051691729575395584,0.054999999701976776,0.10090000182390213
YDR420W,YLR227W-A,0,-0.30648094,0.051643192768096924,0.054999999701976776,0.10100000351667404
YFL011W-A,YNL021W,0,-0.30649352,0.05159474536776543,0.054999999701976776,0.10109999775886536
YDR176W,YGR109W-A,0,-0.30651304,0.05154639109969139,0.054999999701976776,0.10119999945163727
YFL035C-A,YJL098W,1,-0.30653125,0.05243445560336113,0.0560000017285347,0.10119999945163727
YML025C,YPL257W-B,0,-0.30654246,0.05238540843129158,0.0560000017285347,0.10130000114440918
YIL117C,YDR316W-B,0,-0.3065438,0.052336446940898895,0.0560000017285347,0.10140000283718109
YDR407C,YGR109W-A,0,-0.30657187,0.05228758230805397,0.0560000017285347,0.1014999970793724
YMR119W,YGR109W-A,0,-0.30662403,0.05223880708217621,0.0560000017285347,0.10159999877214432
YLR035C,YLR410W-A,0,-0.3066842,0.05219012126326561,0.0560000017285347,0.10170000046491623
YCL012W,YOR160W,0,-0.30670288,0.05214152857661247,0.0560000017285347,0.10180000215768814
YNL107W,YOR192C-B,0,-0.306723,0.0520930215716362,0.0560000017285347,0.10189999639987946
YOR260W,YLR227W-A,0,-0.30674842,0.05204461142420769,0.0560000017285347,0.10199999809265137
YJL203W,YDR261C-C,0,-0.30674976,0.05199628695845604,0.0560000017285347,0.10209999978542328
YKL017C,YDR261C-C,0,-0.3068086,0.051948051899671555,0.0560000017285347,0.10220000147819519
YGR284C,YDR261C-C,0,-0.3068086,0.05189990624785423,0.0560000017285347,0.1023000031709671
YPR002W,YPL257W-B,0,-0.3068099,0.051851850003004074,0.0560000017285347,0.10239999741315842
YLR035C,YOR142W-B,0,-0.30682862,0.05180388689041138,0.0560000017285347,0.10249999910593033
YCR098C,YGR038C-A,0,-0.30683264,0.051756005734205246,0.0560000017285347,0.10260000079870224
YMR316W,YGR038C-B,0,-0.30684066,0.05170821771025658,0.0560000017285347,0.10270000249147415
YIL138C,YPL257W-A,0,-0.30686343,0.05166051536798477,0.0560000017285347,0.10279999673366547
YER143W,YGR038C-B,0,-0.30686474,0.05161290243268013,0.0560000017285347,0.10289999842643738
YGR197C,YLR410W-A,0,-0.3068915,0.05156537890434265,0.0560000017285347,0.10300000011920929
YKR063C,YOR192C-A,0,-0.3069169,0.05151794105768204,0.0560000017285347,0.1031000018119812
YNR016C,YGR038C-B,0,-0.3069276,0.05147058889269829,0.0560000017285347,0.10320000350475311
YHR143W-A,YGR038C-A,0,-0.30694497,0.0514233224093914,0.0560000017285347,0.10329999774694443
YEL019C,YOR192C-B,0,-0.30699715,0.05137614533305168,0.0560000017285347,0.10339999943971634
YFR008W,YDR316W-B,0,-0.30700248,0.05132905766367912,0.0560000017285347,0.10350000113248825
YIL014W,YDR098C-B,0,-0.30700916,0.05128205195069313,0.0560000017285347,0.10360000282526016
YGR005C,YGR038C-A,0,-0.30701116,0.051235131919384,0.0560000017285347,0.10369999706745148
YLL001W,YPR137C-B,0,-0.30701184,0.05118830129504204,0.0560000017285347,0.10379999876022339
YMR316W,YGR161C-C,0,-0.3070593,0.05114155262708664,0.0560000017285347,0.1039000004529953
YER108C,YOR088W,0,-0.30706877,0.051094889640808105,0.0560000017285347,0.10400000214576721
YBR223C,YPR137C-B,0,-0.30707002,0.051048312336206436,0.0560000017285347,0.10409999638795853
YGR006W,YGR161C-D,0,-0.30709675,0.05100182071328163,0.0560000017285347,0.10419999808073044
YMR061W,YGR161C-C,0,-0.3071409,0.05095541477203369,0.0560000017285347,0.10429999977350235
YDR217C,YLR227W-A,0,-0.30715024,0.05090909078717232,0.0560000017285347,0.10440000146627426
YKL152C,YPL257W-B,0,-0.3071509,0.05086285248398781,0.0560000017285347,0.10450000315904617
YKL017C,YDR098C-B,0,-0.30717295,0.050816696137189865,0.0560000017285347,0.10459999740123749
YER072W,YLR410W-A,0,-0.3072238,0.05077062547206879,0.0560000017285347,0.1046999990940094
YFL060C,YPL257W-A,0,-0.3072492,0.050724636763334274,0.0560000017285347,0.10480000078678131
YPL018W,YLR227W-A,0,-0.3072666,0.05067873373627663,0.0560000017285347,0.10490000247955322
YLR391W-A,YGL006W,0,-0.30728367,0.050632912665605545,0.0560000017285347,0.10499999672174454
YPR141C,YFL035C,1,-0.30728734,0.05149051547050476,0.05700000002980232,0.10499999672174454
YGR005C,YDR098C-B,0,-0.30732408,0.05144404247403145,0.05700000002980232,0.10509999841451645
YMR113W,YPL257W-A,0,-0.30735683,0.051397655159235,0.05700000002980232,0.10520000010728836
YBR026C,YDR345C,0,-0.30735865,0.05135134980082512,0.05700000002980232,0.10530000180006027
YML011C,YPL257W-B,0,-0.30735952,0.0513051301240921,0.05700000002980232,0.10540000349283218
YOR162C,YDR098C-B,0,-0.30736554,0.05125899240374565,0.05700000002980232,0.1054999977350235
YFR005C,YLR227W-A,0,-0.3073856,0.05121293663978577,0.05700000002980232,0.10559999942779541
YPL106C,YLR157C-B,0,-0.307409,0.05116696655750275,0.05700000002980232,0.10570000112056732
YBL003C,YOR142W-A,0,-0.3074304,0.051121074706315994,0.05700000002980232,0.10580000281333923
YML058W,YNL334C,0,-0.30743378,0.05107526853680611,0.05700000002980232,0.10589999705553055
YCL012W,YMR219W,0,-0.3074452,0.051029544323682785,0.05700000002980232,0.10599999874830246
YJR139C,YLL056C,0,-0.30749744,0.05098389834165573,0.05700000002980232,0.10610000044107437
YLR268W,YPL257W-B,0,-0.3075013,0.05093833804130554,0.05700000002980232,0.10620000213384628
YLR396C,YLR301W,0,-0.30750188,0.05089285597205162,0.05700000002980232,0.1062999963760376
YPL154C,YPL257W-A,0,-0.3075434,0.050847455859184265,0.05700000002980232,0.10639999806880951
YGL065C,YLR391W-A,0,-0.30754736,0.050802137702703476,0.05700000002980232,0.10649999976158142
YPL125W,YOR142W-A,0,-0.3075474,0.05075690150260925,0.05700000002980232,0.10660000145435333
YPR093C,YDR098C-B,0,-0.30755544,0.0507117435336113,0.05700000002980232,0.10670000314712524
YHL028W,YDR261C-C,0,-0.30757415,0.05066666752099991,0.05700000002980232,0.10679999738931656
YFR046C,YGR038C-A,0,-0.30758953,0.05062166973948479,0.05700000002980232,0.10689999908208847
YBR214W,YOR192C-B,0,-0.3075962,0.05057675391435623,0.05700000002980232,0.10700000077486038
YNL127W,YOR192C-A,0,-0.30760288,0.050531916320323944,0.05700000002980232,0.1071000024676323
YOR249C,YFL035C-A,1,-0.30764,0.05137289687991142,0.057999998331069946,0.1071000024676323
YOL055C,YDR316W-B,0,-0.30765504,0.051327433437108994,0.057999998331069946,0.10719999670982361
YLR035C,YLR227W-A,0,-0.30768883,0.05128205195069313,0.057999998331069946,0.10729999840259552
YJR153W,YDR261C-C,0,-0.30769885,0.051236748695373535,0.057999998331069946,0.10740000009536743
YDR365W-B,YOR192C-A,0,-0.30773127,0.051191527396440506,0.057999998331069946,0.10750000178813934
YKL150W,YJR160C,0,-0.30773786,0.051146384328603745,0.057999998331069946,0.10760000348091125
YER114C,YDR098C-B,0,-0.30775934,0.05110132321715355,0.057999998331069946,0.10769999772310257
YLL040C,YLR410W-A,0,-0.30776703,0.05105633661150932,0.057999998331069946,0.10779999941587448
YPL119C,YPL257W-A,0,-0.30776805,0.05101143196225166,0.057999998331069946,0.10790000110864639
YER178W,YOR088W,0,-0.3077737,0.05096660926938057,0.057999998331069946,0.1080000028014183
YPR074C,YLR227W-A,0,-0.30777776,0.050921861082315445,0.057999998331069946,0.10809999704360962
YOR240W,YBR156C,0,-0.30778313,0.05087719112634659,0.057999998331069946,0.10819999873638153
YDR318W,YDR098C-B,0,-0.30778778,0.0508326031267643,0.057999998331069946,0.10830000042915344
YHL011C,YOR192C-A,0,-0.3077988,0.050788089632987976,0.057999998331069946,0.10840000212192535
YCR005C,YDR210W-B,0,-0.30782688,0.05074365809559822,0.057999998331069946,0.10849999636411667
YNL219C,YOR142W-A,0,-0.30788472,0.050699301064014435,0.057999998331069946,0.10859999805688858
YJR153W,YDR316W-B,0,-0.30791748,0.050655022263526917,0.057999998331069946,0.10869999974966049
YJR083C,YKL200C,0,-0.30792832,0.050610821694135666,0.057999998331069946,0.1088000014424324
YCL034W,YLR410W-A,0,-0.30793452,0.050566695630550385,0.057999998331069946,0.10890000313520432
YLR160C,YGL254W,0,-0.30797383,0.05052264779806137,0.057999998331069946,0.10899999737739563
YML058W-A,YCL074W,0,-0.30800062,0.050478678196668625,0.057999998331069946,0.10909999907016754
YLL042C,YDR098C-B,0,-0.30802998,0.05043478310108185,0.057999998331069946,0.10920000076293945
YIL085C,YLR157C-B,0,-0.3080644,0.05039096623659134,0.057999998331069946,0.10930000245571136
YLR342W,YOR192C-A,0,-0.30806458,0.0503472238779068,0.057999998331069946,0.10939999669790268
YPL086C,YLR227W-A,0,-0.30808663,0.05030355602502823,0.057999998331069946,0.10949999839067459
YOR388C,YOR192C-A,0,-0.30809,0.050259966403245926,0.057999998331069946,0.1096000000834465
YBR168W,YLR227W-A,0,-0.30809584,0.05021645128726959,0.057999998331069946,0.10970000177621841
YOR295W,YDR210W-A,0,-0.30810603,0.05017301067709923,0.057999998331069946,0.10980000346899033
YDR228C,YDR316W-B,0,-0.30812508,0.05012964457273483,0.057999998331069946,0.10989999771118164
YKL034W,YLR410W-A,0,-0.30813813,0.050086356699466705,0.057999998331069946,0.10999999940395355
YOR193W,YDR261C-C,0,-0.30814683,0.05004313960671425,0.057999998331069946,0.11010000109672546
YGL223C,YGR038C-B,0,-0.3081719,0.05000000074505806,0.057999998331069946,0.11020000278949738
YKR063C,YDR316W-B,0,-0.30818778,0.04995693266391754,0.057999998331069946,0.11029999703168869
YOL013C,YGR038C-B,0,-0.3081968,0.04991394281387329,0.057999998331069946,0.1103999987244606
YJL125C,YOR192C-B,0,-0.308199,0.04987102374434471,0.057999998331069946,0.11050000041723251
YCR073W-A,YPR137C-B,0,-0.30820215,0.0498281791806221,0.057999998331069946,0.11060000211000443
YGR178C,YDR261C-C,0,-0.3082109,0.04978540912270546,0.057999998331069946,0.11069999635219574
YNL290W,YLR410W-A,0,-0.3082284,0.04974270984530449,0.057999998331069946,0.11079999804496765
YHR150W,YGR272C,0,-0.30826256,0.04970008507370949,0.057999998331069946,0.11089999973773956
YML058W-A,YBR012W-A,0,-0.3083231,0.049657534807920456,0.057999998331069946,0.11100000143051147
YDL145C,YPL257W-B,0,-0.30834258,0.049615055322647095,0.057999998331069946,0.11110000312328339
YCL012W,YML132W,0,-0.3083544,0.0495726503431797,0.057999998331069946,0.1111999973654747
YPR046W,YDR210W-A,0,-0.30835906,0.04953031614422798,0.057999998331069946,0.11129999905824661
YOL091W,YOR192C-A,0,-0.30836326,0.04948805645108223,0.057999998331069946,0.11140000075101852
YBR111W-A,YLR466W,0,-0.30837047,0.04944586381316185,0.057999998331069946,0.11150000244379044
YML036W,YOR343C-A,0,-0.30837047,0.04940374940633774,0.057999998331069946,0.11159999668598175
YER166W,YLR157C-B,0,-0.30837047,0.049361702054739,0.057999998331069946,0.11169999837875366
YOR181W,YOR343C-A,0,-0.30837047,0.04931972920894623,0.057999998331069946,0.11180000007152557
YDR421W,YDR365W-B,0,-0.30837047,0.04927782341837883,0.057999998331069946,0.11190000176429749
YER108C,YHL012W,0,-0.30837047,0.0492359921336174,0.057999998331069946,0.1120000034570694
YNL318C,YDR365W-B,0,-0.30837047,0.04919423162937164,0.057999998331069946,0.11209999769926071
YGR272C,YOR192C-B,0,-0.30837047,0.049152541905641556,0.057999998331069946,0.11219999939203262
YOL146W,YOR343C-A,0,-0.30837047,0.04911092296242714,0.057999998331069946,0.11230000108480453
YDR435C,YDR210W-A,0,-0.30837047,0.049069374799728394,0.057999998331069946,0.11240000277757645
YJR007W,YOR343C-A,0,-0.30837047,0.04902789369225502,0.057999998331069946,0.11249999701976776
YCL012W,YMR210W,0,-0.30837047,0.048986487090587616,0.057999998331069946,0.11259999871253967
YER155C,YLR227W-A,0,-0.30837047,0.048945147544145584,0.057999998331069946,0.11270000040531158
YGL006W,YOR142W-A,0,-0.30837047,0.04890387877821922,0.057999998331069946,0.1128000020980835
YDR181C,YOR343C-A,0,-0.30837047,0.04886268079280853,0.057999998331069946,0.11289999634027481
YOR088W,YCL074W,0,-0.30837047,0.048821549862623215,0.057999998331069946,0.11299999803304672
YMR288W,YOR343C-A,0,-0.30837047,0.04878048598766327,0.057999998331069946,0.11309999972581863
YOR088W,YLR227W-A,0,-0.30837047,0.04873949661850929,0.057999998331069946,0.11320000141859055
YGL137W,YOR343C-A,0,-0.30837047,0.04869857430458069,0.057999998331069946,0.11330000311136246
YDR168W,YOR343C-A,0,-0.30837047,0.04865771904587746,0.057999998331069946,0.11339999735355377
YER166W,YDR261C-C,0,-0.30837047,0.0486169308423996,0.057999998331069946,0.11349999904632568
YML001W,YOR343C-A,0,-0.30837047,0.04857621341943741,0.057999998331069946,0.1136000007390976
YKL200C,YMR050C,0,-0.30837047,0.04853556305170059,0.057999998331069946,0.1137000024318695
YOR088W,YDR316W-B,0,-0.30837047,0.048494983464479446,0.057999998331069946,0.11379999667406082
YMR311C,YOR343C-A,0,-0.30837047,0.04845447093248367,0.057999998331069946,0.11389999836683273
YDR435C,YPL257W-B,0,-0.30837047,0.048414021730422974,0.057999998331069946,0.11400000005960464
YNL318C,YOR343C-A,0,-0.30837047,0.048373643308877945,0.057999998331069946,0.11410000175237656
YML112W,YOR343C-A,0,-0.30837047,0.04833333194255829,0.057999998331069946,0.11420000344514847
YHR039C-B,YNR064C,0,-0.30837047,0.048293087631464005,0.057999998331069946,0.11429999768733978
YMR030W,YLR410W-A,0,-0.30837047,0.04825291037559509,0.057999998331069946,0.1143999993801117
YOR192C-A,YOR343C-A,0,-0.30837047,0.04821280017495155,0.057999998331069946,0.1145000010728836
YOR240W,YDR098C-B,0,-0.30837047,0.048172757029533386,0.057999998331069946,0.11460000276565552
YKL200C,YGR054W,0,-0.30837047,0.04813278093934059,0.057999998331069946,0.11469999700784683
YFL057C,YLR157C-B,0,-0.30837047,0.04809286817908287,0.057999998331069946,0.11479999870061874
YBR073W,YLR227W-A,0,-0.30837047,0.04805302247405052,0.057999998331069946,0.11490000039339066
YDR435C,YOR192C-A,0,-0.30837047,0.048013243824243546,0.057999998331069946,0.11500000208616257
YGL097W,YOR343C-A,0,-0.30837047,0.04797353222966194,0.057999998331069946,0.11509999632835388
YNR052C,YOR343C-A,0,-0.30837047,0.04793388396501541,0.057999998331069946,0.1151999980211258
YOR322C,YOR343C-A,0,-0.30837047,0.047894302755594254,0.057999998331069946,0.1152999997138977
YLR391W-A,YHL012W,0,-0.30837047,0.04785478487610817,0.057999998331069946,0.11540000140666962
YLR320W,YPR137C-B,0,-0.30837047,0.04781533405184746,0.057999998331069946,0.11550000309944153
YOR088W,YDR365W-B,0,-0.30837047,0.04777594655752182,0.057999998331069946,0.11559999734163284
YDR210W-A,YOR343C-A,0,-0.30837047,0.047736626118421555,0.057999998331069946,0.11569999903440475
YLR417W,YOR343C-A,0,-0.30837047,0.04769736900925636,0.057999998331069946,0.11580000072717667
YBR136W,YPL257W-B,0,-0.30837047,0.047658175230026245,0.057999998331069946,0.11590000241994858
YKL032C,YOR343C-A,0,-0.30837047,0.0476190485060215,0.057999998331069946,0.11599999666213989
YER087C-B,YOR142W-B,0,-0.30837047,0.04757998511195183,0.057999998331069946,0.1160999983549118
YNL318C,YGR109W-A,0,-0.30837047,0.04754098504781723,0.057999998331069946,0.11620000004768372
YLR391W-A,YDR316W-B,0,-0.30837047,0.047502048313617706,0.057999998331069946,0.11630000174045563
YEL069C,YOR343C-A,0,-0.30837047,0.047463174909353256,0.057999998331069946,0.11640000343322754
YBR065C,YOR343C-A,0,-0.30837047,0.04742436483502388,0.057999998331069946,0.11649999767541885
YDL055C,YOR343C-A,0,-0.30837047,0.047385621815919876,0.057999998331069946,0.11659999936819077
YKR036C,YOR343C-A,0,-0.30837047,0.04734693840146065,0.057999998331069946,0.11670000106096268
YCL012W,YLL056C,0,-0.30837047,0.04730831831693649,0.057999998331069946,0.11680000275373459
YOR095C,YOR343C-A,0,-0.30837047,0.04726976528763771,0.057999998331069946,0.1168999969959259
YFL011W-A,YJL114W,0,-0.30837047,0.047231271862983704,0.057999998331069946,0.11699999868869781
YDR421W,YGR038C-A,0,-0.30837047,0.04719283804297447,0.057999998331069946,0.11710000038146973
YER074W-A,YOR343C-A,0,-0.30837047,0.04715447127819061,0.057999998331069946,0.11720000207424164
YDR397C,YOR343C-A,0,-0.30837047,0.04711616411805153,0.057999998331069946,0.11729999631643295
YBR073W,YPL257W-A,0,-0.30837047,0.04707792028784752,0.057999998331069946,0.11739999800920486
YNL333W,YBR111W-A,0,-0.30837047,0.04703973978757858,0.057999998331069946,0.11749999970197678
YJL001W,YOR343C-A,0,-0.30837047,0.04700161889195442,0.057999998331069946,0.11760000139474869
YCR066W,YOR343C-A,0,-0.30837047,0.046963561326265335,0.057999998331069946,0.1177000030875206
YOL078W,YOR192C-B,0,-0.30837455,0.04692556709051132,0.057999998331069946,0.11779999732971191
YIR004W,YGR038C-A,0,-0.3084081,0.046887632459402084,0.057999998331069946,0.11789999902248383
YNL084C,YGR038C-B,0,-0.30842507,0.04684975743293762,0.057999998331069946,0.11800000071525574
YAL032C,YDR210W-A,0,-0.30842677,0.046811945736408234,0.057999998331069946,0.11810000240802765
YNL116W,YFL035C-A,1,-0.30843642,0.047580644488334656,0.05900000035762787,0.11810000240802765
YDR188W,YGR109W-A,0,-0.30843726,0.047542303800582886,0.05900000035762787,0.11819999665021896
YHR030C,YDR210W-B,0,-0.3084374,0.04750402644276619,0.05900000035762787,0.11829999834299088
YOR011W,YDR210W-A,0,-0.3084414,0.04746580868959427,0.05900000035762787,0.11840000003576279
YDR083W,YIL029C,0,-0.30844343,0.04742765426635742,0.05900000035762787,0.1185000017285347
YGL063W,YOR192C-A,0,-0.3084626,0.04738955944776535,0.05900000035762787,0.11860000342130661
YHR007C,YDR365W-B,0,-0.30846593,0.047351524233818054,0.05900000035762787,0.11869999766349792
YPL128C,YOR142W-A,0,-0.30847532,0.04731355234980583,0.05900000035762787,0.11879999935626984
YEL030W,YDR261C-C,0,-0.30848414,0.047275640070438385,0.05900000035762787,0.11890000104904175
YBR223C,YDR365W-B,0,-0.30850524,0.04723779112100601,0.05900000035762787,0.11900000274181366
YDR318W,YOR142W-B,0,-0.30850863,0.047200001776218414,0.05900000035762787,0.11909999698400497
YGR005C,YDR261C-C,0,-0.30852634,0.04716227203607559,0.05900000035762787,0.11919999867677689
YDR365C,YDR316W-B,0,-0.3085373,0.047124601900577545,0.05900000035762787,0.1193000003695488
YDR052C,YDR210W-A,0,-0.30853948,0.047086991369724274,0.05900000035762787,0.11940000206232071
YPL116W,YGR109W-A,0,-0.30853948,0.04704944044351578,0.05900000035762787,0.11949999630451202
YGR204W,YGR038C-B,0,-0.3085505,0.047011952847242355,0.05900000035762787,0.11959999799728394
YNL084C,YGR109W-A,0,-0.30855635,0.04697452113032341,0.05900000035762787,0.11969999969005585
YER094C,YDR098C-B,0,-0.30855837,0.04693715274333954,0.05900000035762787,0.11980000138282776
YPR080W,YOR192C-A,0,-0.3085587,0.046899840235710144,0.05900000035762787,0.11990000307559967
YKL064W,YGR161C-D,0,-0.30856857,0.04686259105801582,0.05900000035762787,0.11999999731779099
YPL112C,YGR038C-B,0,-0.3085791,0.04682539775967598,0.05900000035762787,0.1200999990105629
YIL103W,YDR210W-A,0,-0.30860132,0.04678826406598091,0.05900000035762787,0.12020000070333481
YFR009W,YDR316W-B,0,-0.30860633,0.04675118997693062,0.05900000035762787,0.12030000239610672
YLL056C,YPR137C-B,0,-0.30861002,0.0467141717672348,0.05900000035762787,0.12039999663829803
YLR148W,YGR161C-C,0,-0.30861032,0.04667721688747406,0.05900000035762787,0.12049999833106995
YIR013C,YLR157C-B,0,-0.30864978,0.046640317887067795,0.05900000035762787,0.12060000002384186
YKL028W,YPL257W-A,0,-0.30865833,0.046603474766016006,0.05900000035762787,0.12070000171661377
YLR148W,YPL257W-A,0,-0.3086595,0.046566691249608994,0.05900000035762787,0.12080000340938568
YMR026C,YPR137C-B,0,-0.30866852,0.046529967337846756,0.05900000035762787,0.120899997651577
YOR098C,YDR261C-C,0,-0.30866987,0.046493303030729294,0.05900000035762787,0.12099999934434891
YAL044C,YGR038C-B,0,-0.3086737,0.04645669460296631,0.05900000035762787,0.12110000103712082
YMR049C,YDR210W-B,0,-0.30868793,0.0464201420545578,0.05900000035762787,0.12120000272989273
YBR105C,YDR261C-C,0,-0.30868942,0.04638364911079407,0.05900000035762787,0.12129999697208405
YOR043W,YGR109W-A,0,-0.30871782,0.04634721204638481,0.05900000035762787,0.12139999866485596
YOR098C,YOR192C-B,0,-0.3087623,0.04631083086133003,0.05900000035762787,0.12150000035762787
YOL151W,YGR161C-C,0,-0.308772,0.04627450928092003,0.05900000035762787,0.12160000205039978
YDR420W,YDR261C-C,0,-0.30877736,0.0462382435798645,0.05900000035762787,0.1216999962925911
YJL111W,YDR098C-B,0,-0.3087827,0.04620203748345375,0.05900000035762787,0.121799997985363
YIL051C,YPR137C-B,0,-0.30878735,0.04616588354110718,0.05900000035762787,0.12189999967813492
YJR093C,YDR261C-C,0,-0.30879238,0.04612978920340538,0.05900000035762787,0.12200000137090683
YAR015W,YPL257W-B,0,-0.3088188,0.04609375074505806,0.05900000035762787,0.12210000306367874
YNL288W,YLR157C-B,0,-0.3088188,0.046057768166065216,0.05900000035762787,0.12219999730587006
YPL119C,YDR261C-C,0,-0.30883753,0.04602184146642685,0.05900000035762787,0.12229999899864197
YKL005C,YPR137C-B,0,-0.3088606,0.04598597064614296,0.05900000035762787,0.12240000069141388
YDL059C,YLR227W-A,0,-0.30886158,0.04595015570521355,0.05900000035762787,0.12250000238418579
YPL169C,YLR410W-A,0,-0.3088743,0.04591439664363861,0.05900000035762787,0.1225999966263771
YNL263C,YDR210W-A,0,-0.30887562,0.04587869346141815,0.05900000035762787,0.12269999831914902
YBR153W,YDR261C-C,0,-0.30891272,0.04584304615855217,0.05900000035762787,0.12280000001192093
YGL150C,YDR261C-C,0,-0.30897126,0.045807454735040665,0.05900000035762787,0.12290000170469284
YNL138W,YLR157C-B,0,-0.30899364,0.04577191546559334,0.05900000035762787,0.12300000339746475
YJL192C,YDR261C-C,0,-0.30899864,0.04573643580079079,0.05900000035762787,0.12309999763965607
YGL222C,YDR210W-A,0,-0.30901304,0.045701008290052414,0.05900000035762787,0.12319999933242798
YLL042C,YDR365W-B,0,-0.3090187,0.04566563293337822,0.05900000035762787,0.12330000102519989
YPL157W,YOR142W-B,0,-0.30904981,0.0456303171813488,0.05900000035762787,0.1234000027179718
YHR174W,YDR261C-C,0,-0.30907655,0.04559505358338356,0.05900000035762787,0.12349999696016312
YIR008C,YPL257W-B,0,-0.3090779,0.0455598458647728,0.05900000035762787,0.12359999865293503
YDR281C,YDR210W-A,0,-0.3090886,0.04552469030022621,0.05900000035762787,0.12370000034570694
YAL002W,YGR038C-B,0,-0.30911064,0.0454895906150341,0.05900000035762787,0.12380000203847885
YPL154C,YLR157C-B,0,-0.30911535,0.04545454680919647,0.05900000035762787,0.12389999628067017
YJL166W,YDR365W-B,0,-0.30912268,0.04541955515742302,0.05900000035762787,0.12399999797344208
YLL042C,YML039W,0,-0.30912477,0.045384615659713745,0.05900000035762787,0.12409999966621399
YIL098C,YOR192C-A,0,-0.30912736,0.04534973204135895,0.05900000035762787,0.1242000013589859
YOR319W,YOR192C-A,0,-0.30913472,0.04531490057706833,0.05900000035762787,0.12430000305175781
YOR346W,YCL074W,0,-0.30913556,0.04528012126684189,0.05900000035762787,0.12439999729394913
YJL092W,YOR192C-A,0,-0.30914807,0.045245397835969925,0.05900000035762787,0.12449999898672104
YAR018C,YDR210W-A,0,-0.30915946,0.04521072655916214,0.05900000035762787,0.12460000067949295
YAL020C,YOR192C-A,0,-0.30917886,0.04517611116170883,0.05900000035762787,0.12470000237226486
YBL040C,YOR088W,0,-0.30924213,0.045141544193029404,0.05900000035762787,0.12479999661445618
YMR287C,YOR192C-B,0,-0.30925173,0.04510703310370445,0.05900000035762787,0.12489999830722809
YNL029C,YDR098C-B,0,-0.30925775,0.04507257416844368,0.05900000035762787,0.125
YGL172W,YLR157C-B,0,-0.30928183,0.045038167387247086,0.05900000035762787,0.1251000016927719
YNL310C,YDR261C-C,0,-0.3093012,0.04500381276011467,0.05900000035762787,0.12520000338554382
YDR088C,YGR109W-A,0,-0.30930588,0.04496951401233673,0.05900000035762787,0.12530000507831573
YLL042C,YOR142W-B,0,-0.3093199,0.04493526369333267,0.05900000035762787,0.12540000677108765
YDL147W,YGR038C-A,0,-0.30932662,0.04490106552839279,0.05900000035762787,0.12549999356269836
YPR019W,YPL257W-B,0,-0.3093306,0.04486691951751709,0.05900000035762787,0.12559999525547028
YLR391W-A,YHR196W,0,-0.30935204,0.044832825660705566,0.05900000035762787,0.1256999969482422
YCR081W,YHR039C-B,0,-0.3093541,0.04479878395795822,0.05900000035762787,0.1257999986410141
YJR010C-A,YLR410W-A,0,-0.30938545,0.044764794409275055,0.05900000035762787,0.125900000333786
YLR391W-A,YDR342C,0,-0.30940515,0.04473085701465607,0.05900000035762787,0.12600000202655792
YOR098C,YGR161C-D,0,-0.30940884,0.04469696804881096,0.05900000035762787,0.12610000371932983
YFL035C-A,YDL064W,1,-0.3094089,0.04542013630270958,0.05999999865889549,0.12610000371932983
YBR130C,YGR038C-B,0,-0.3094162,0.045385777950286865,0.05999999865889549,0.12620000541210175
YNR019W,YHR039C-B,0,-0.30941895,0.04535147547721863,0.05999999865889549,0.12630000710487366
YGL001C,YDR261C-C,0,-0.30945766,0.04531722143292427,0.05999999865889549,0.12639999389648438
YNL153C,YDR365W-B,0,-0.30946434,0.04528301954269409,0.05999999865889549,0.1264999955892563
YJR057W,YGR109W-A,0,-0.30947173,0.04524886980652809,0.05999999865889549,0.1265999972820282
YNL031C,YDR098C-B,0,-0.30947372,0.04521476849913597,0.05999999865889549,0.1266999989748001
YIL118W,YDR210W-B,0,-0.30947706,0.04518072307109833,0.05999999865889549,0.12680000066757202
YHL024W,YDR261C-C,0,-0.30948442,0.045146726071834564,0.05999999865889549,0.12690000236034393
YDL112W,YPL257W-B,0,-0.30948776,0.04511278122663498,0.05999999865889549,0.12700000405311584
YGR276C,YLR157C-B,0,-0.30950782,0.04507888853549957,0.05999999865889549,0.12710000574588776
YPL119C,YGR109W-A,0,-0.3095252,0.045045044273138046,0.05999999865889549,0.12720000743865967
YIL149C,YDR365W-B,0,-0.30952585,0.0450112521648407,0.05999999865889549,0.12729999423027039
YBR164C,YOR192C-B,0,-0.309574,0.04497751221060753,0.05999999865889549,0.1273999959230423
YNL075W,YDR261C-C,0,-0.3095847,0.04494382068514824,0.05999999865889549,0.1274999976158142
YKL035W,YOR142W-B,0,-0.30959475,0.04491018131375313,0.05999999865889549,0.12759999930858612
YNL206C,YLR410W-A,0,-0.3095994,0.0448765903711319,0.05999999865889549,0.12770000100135803
YER133W,YFL035C,1,-0.309619,0.04559043422341347,0.061000000685453415,0.12770000100135803
YEL027W,YOR192C-A,0,-0.30962414,0.045556385070085526,0.061000000685453415,0.12780000269412994
YFR009W,YDR261C-C,0,-0.3096402,0.04552238807082176,0.061000000685453415,0.12790000438690186
YGL206C,YDR210W-A,0,-0.30966493,0.04548844322562218,0.061000000685453415,0.12800000607967377
YER108C,YMR311C,0,-0.30967933,0.04545454680919647,0.061000000685453415,0.12809999287128448
YOR094W,YDR261C-C,0,-0.30967963,0.04542069882154465,0.061000000685453415,0.1281999945640564
YHR174W,YDR365W-B,0,-0.30968967,0.045386902987957,0.061000000685453415,0.1282999962568283
YNL142W,YOR192C-A,0,-0.30969703,0.04535315930843353,0.061000000685453415,0.12839999794960022
YOR142W-B,YOR192C-A,0,-0.30969903,0.045319464057683945,0.061000000685453415,0.12849999964237213
YDR235W,YLR410W-A,0,-0.30971777,0.045285820960998535,0.061000000685453415,0.12860000133514404
YIL022W,YDR316W-B,0,-0.30971977,0.045252226293087006,0.061000000685453415,0.12870000302791595
YBR260C,YLR227W-A,0,-0.30974784,0.045218680053949356,0.061000000685453415,0.12880000472068787
YDR179C,YOR192C-A,0,-0.30976123,0.045185185968875885,0.061000000685453415,0.12890000641345978
YIL098C,YML039W,0,-0.3097677,0.045151740312576294,0.061000000685453415,0.1289999932050705
YLR157C-B,YLR301W,0,-0.3097786,0.04511834308505058,0.061000000685453415,0.1290999948978424
YLR107W,YOR192C-A,0,-0.30982542,0.04508499801158905,0.061000000685453415,0.12919999659061432
YKR054C,YFL035C,1,-0.30982792,0.04579025134444237,0.06199999898672104,0.12919999659061432
YPR193C,YOR192C-A,0,-0.3098575,0.04575645923614502,0.06199999898672104,0.12929999828338623
YPR134W,YLR227W-A,0,-0.30986285,0.04572271555662155,0.06199999898672104,0.12939999997615814
YDR083W,YDR316W-B,0,-0.3098722,0.045689020305871964,0.06199999898672104,0.12950000166893005
YDR210W-A,YOR084W,0,-0.30988157,0.045655377209186554,0.06199999898672104,0.12960000336170197
YGR140W,YFL035C,1,-0.30988204,0.046357616782188416,0.06300000101327896,0.12960000336170197
YPR082C,YPL257W-B,0,-0.3098963,0.04632353037595749,0.06300000101327896,0.12970000505447388
YDR191W,YDR210W-B,0,-0.30990028,0.04628949239850044,0.06300000101327896,0.1298000067472458
YML123C,YOR142W-A,0,-0.309915,0.046255506575107574,0.06300000101327896,0.1298999935388565
YNL084C,YGR161C-C,0,-0.30992973,0.046221569180488586,0.06300000101327896,0.12999999523162842
YCL012W,YAL044C,0,-0.30993402,0.04618768393993378,0.06300000101327896,0.13009999692440033
YJL031C,YDR210W-A,0,-0.3099498,0.04615384712815285,0.06300000101327896,0.13019999861717224
YGR280C,YOR142W-B,0,-0.3099725,0.0461200587451458,0.06300000101327896,0.13030000030994415
YGR055W,YOR192C-B,0,-0.3099832,0.04608631879091263,0.06300000101327896,0.13040000200271606
YKL120W,YGR109W-A,0,-0.30998453,0.04605263099074364,0.06300000101327896,0.13050000369548798
YLR157C,YDR210W-B,0,-0.3100113,0.046018991619348526,0.06300000101327896,0.1306000053882599
YLR391W-A,YDR096W,0,-0.3100139,0.045985400676727295,0.06300000101327896,0.1307000070810318
YCR073W-A,YPL276W,0,-0.3100745,0.045951858162879944,0.06300000101327896,0.13079999387264252
YFL035C-A,YOR326W,1,-0.31007546,0.04664723202586174,0.06400000303983688,0.13079999387264252
YIR004W,YLR157C-B,0,-0.31008485,0.04661325737833977,0.06400000303983688,0.13089999556541443
YGL180W,YGR161C-C,0,-0.31009418,0.046579331159591675,0.06400000303983688,0.13099999725818634
YIL123W,YDR210W-B,0,-0.31010088,0.04654545336961746,0.06400000303983688,0.13109999895095825
YIL123W,YGR161C-C,0,-0.3102092,0.04651162773370743,0.06400000303983688,0.13120000064373016
YKL110C,YDR365W-B,0,-0.31022123,0.046477850526571274,0.06400000303983688,0.13130000233650208
YDL059C,YGR109W-A,0,-0.31022793,0.046444121748209,0.06400000303983688,0.131400004029274
YLR066W,YGR161C-D,0,-0.31023327,0.046410441398620605,0.06400000303983688,0.1315000057220459
YDR173C,YGR161C-D,0,-0.31023592,0.04637681320309639,0.06400000303983688,0.1316000074148178
YNL031C,YBR012W-A,0,-0.31023726,0.046343229711055756,0.06400000303983688,0.13169999420642853
YJL219W,YDR316W-B,0,-0.31025332,0.046309694647789,0.06400000303983688,0.13179999589920044
YGR161C-D,YLR301W,0,-0.3102587,0.046276211738586426,0.06400000303983688,0.13189999759197235
YLR305C,YDR098C-B,0,-0.31028274,0.04624277353286743,0.06400000303983688,0.13199999928474426
YOR380W,YGR038C-A,0,-0.31031215,0.046209387481212616,0.06400000303983688,0.13210000097751617
YBR065C,YDR210W-A,0,-0.31033358,0.04617604613304138,0.06400000303983688,0.13220000267028809
YKR036C,YDR365W-B,0,-0.3103389,0.04614275321364403,0.06400000303983688,0.13230000436306
YKL165C,YDR210W-B,0,-0.31034428,0.046109508723020554,0.06400000303983688,0.1324000060558319
YDR088C,YPL257W-B,0,-0.31038037,0.04607631266117096,0.06400000303983688,0.13249999284744263
YOR266W,YDR210W-B,0,-0.31038302,0.046043165028095245,0.06400000303983688,0.13259999454021454
YGL223C,YPL257W-B,0,-0.3103844,0.04601006582379341,0.06400000303983688,0.13269999623298645
YLR227W-A,YPR137C-B,0,-0.3103924,0.04597701132297516,0.06400000303983688,0.13279999792575836
YHR154W,YDR261C-C,0,-0.3104138,0.045944005250930786,0.06400000303983688,0.13289999961853027
YDR156W,YDR098C-B,0,-0.31044856,0.045911047607660294,0.06400000303983688,0.13300000131130219
YOR144C,YOR142W-B,0,-0.31046194,0.04587813466787338,0.06400000303983688,0.1331000030040741
YJL140W,YPR137C-B,0,-0.3104673,0.04584527388215065,0.06400000303983688,0.133200004696846
YGR120C,YPR137C-B,0,-0.31047264,0.0458124540746212,0.06400000303983688,0.13330000638961792
YGL120C,YPL257W-A,0,-0.3104753,0.04577968642115593,0.06400000303983688,0.13339999318122864
YFR008W,YNL244C,0,-0.31051224,0.04574696347117424,0.06400000303983688,0.13349999487400055
YGR055W,YGR161C-D,0,-0.31054217,0.04571428522467613,0.06400000303983688,0.13359999656677246
YER087C-B,YNR064C,0,-0.31054246,0.045681655406951904,0.06400000303983688,0.13369999825954437
YGL078C,YGR109W-A,0,-0.31055152,0.045649074018001556,0.06400000303983688,0.13379999995231628
YPL082C,YOR142W-B,0,-0.31058496,0.04561653733253479,0.06400000303983688,0.1339000016450882
YLR381W,YLR410W-A,0,-0.310601,0.045584045350551605,0.06400000303983688,0.1340000033378601
YCL052C,YOR192C-A,0,-0.31061438,0.0455516017973423,0.06400000303983688,0.13410000503063202
YBR260C,YPL257W-A,0,-0.3106331,0.04551920294761658,0.06400000303983688,0.13420000672340393
YJR017C,YPR137C-B,0,-0.31064114,0.045486852526664734,0.06400000303983688,0.13429999351501465
YCL033C,YGR161C-C,0,-0.3106839,0.04545454680919647,0.06400000303983688,0.13439999520778656
YOR188W,YDR210W-B,0,-0.31071067,0.04542228579521179,0.06400000303983688,0.13449999690055847
YGR063C,YOR192C-B,0,-0.31072134,0.04539006948471069,0.06400000303983688,0.13459999859333038
YBR155W,YDR210W-B,0,-0.3107615,0.045357901602983475,0.06400000303983688,0.1347000002861023
YHR186C,YOR192C-B,0,-0.3107989,0.04532577842473984,0.06400000303983688,0.1348000019788742
YOL128C,YGR161C-C,0,-0.31081095,0.04529369994997978,0.06400000303983688,0.13490000367164612
YOR319W,YGR038C-B,0,-0.31083503,0.04526166990399361,0.06400000303983688,0.13500000536441803
YIL110W,YOR192C-B,0,-0.31084707,0.045229680836200714,0.06400000303983688,0.13510000705718994
YKR081C,YOR192C-B,0,-0.31084973,0.0451977401971817,0.06400000303983688,0.13519999384880066
YNL138W,YOR192C-A,0,-0.31088185,0.04516584426164627,0.06400000303983688,0.13529999554157257
YOR243C,YHR161C,0,-0.31088358,0.04513399302959442,0.06400000303983688,0.13539999723434448
YLR381W,YDR210W-B,0,-0.31090993,0.045102182775735855,0.06400000303983688,0.1354999989271164
YJL036W,YOR192C-A,0,-0.31097543,0.04507042095065117,0.06400000303983688,0.1356000006198883
YJL060W,YJR112W,0,-0.3109963,0.045038703829050064,0.06400000303983688,0.13570000231266022
YHR158C,YFL035C-A,1,-0.31099838,0.04571026563644409,0.06499999761581421,0.13570000231266022
YGL068W,YPR137C-B,0,-0.31101555,0.04567814618349075,0.06499999761581421,0.13580000400543213
YCL012W,YJL092W,0,-0.31103116,0.0456460677087307,0.06499999761581421,0.13590000569820404
YBR036C,YLR227W-A,0,-0.31105167,0.045614033937454224,0.06499999761581421,0.13600000739097595
YGR147C,YGR161C-D,0,-0.31105837,0.04558204859495163,0.06499999761581421,0.13609999418258667
YOR274W,YGR038C-A,0,-0.31107575,0.04555010423064232,0.06499999761581421,0.13619999587535858
YGL058W,YOR088W,0,-0.31110257,0.04551820829510689,0.06499999761581421,0.1362999975681305
YGR063C,YLR157C-B,0,-0.31113055,0.04548635333776474,0.06499999761581421,0.1363999992609024
YDR316W-B,YGR038C-A,0,-0.31115997,0.04545454680919647,0.06499999761581421,0.13650000095367432
YGR044C,YOR192C-A,0,-0.31118673,0.04542278125882149,0.06499999761581421,0.13660000264644623
YLR285W,YLR410W-A,0,-0.31122416,0.045391060411930084,0.06499999761581421,0.13670000433921814
YPR135W,YFL035C-A,1,-0.31122944,0.04605722427368164,0.06599999964237213,0.13670000433921814
YIL117C,YJL192C,0,-0.31124058,0.0460251048207283,0.06599999964237213,0.13680000603199005
YIL021W,YLR410W-A,0,-0.31126696,0.045993030071258545,0.06599999964237213,0.13689999282360077
YNR033W,YPR137C-B,0,-0.311283,0.04596100375056267,0.06599999964237213,0.13699999451637268
YLR318W,YOR192C-B,0,-0.31129372,0.045929018408060074,0.06599999964237213,0.1370999962091446
YGR284C,YPL257W-A,0,-0.31130174,0.04589707776904106,0.06599999964237213,0.1371999979019165
YAL044C,YKL021C,0,-0.31130943,0.04586518555879593,0.06599999964237213,0.13729999959468842
YFL060C,YLR227W-A,0,-0.31133115,0.04583333432674408,0.06599999964237213,0.13740000128746033
YER030W,YPR137C-B,0,-0.3114087,0.04580152779817581,0.06599999964237213,0.13750000298023224
YFL035C-A,YJL019W,1,-0.3114106,0.046463243663311005,0.06700000166893005,0.13750000298023224
YPL086C,YPR137C-B,0,-0.31142476,0.0464310459792614,0.06700000166893005,0.13760000467300415
YMR116C,YDR365W-B,0,-0.31146488,0.046398892998695374,0.06700000166893005,0.13770000636577606
YPL157W,YOR088W,0,-0.31148577,0.04636678099632263,0.06700000166893005,0.13779999315738678
YLR318W,YGR161C-D,0,-0.31148627,0.04633471742272377,0.06700000166893005,0.1378999948501587
YNL222W,YGR161C-D,0,-0.31153172,0.04630269482731819,0.06700000166893005,0.1379999965429306
YKL125W,YOR142W-A,0,-0.31156385,0.046270716935396194,0.06700000166893005,0.13809999823570251
YOL156W,YPL257W-B,0,-0.31161463,0.04623878374695778,0.06700000166893005,0.13819999992847443
YPR052C,YDR210W-B,0,-0.31164944,0.046206895262002945,0.06700000166893005,0.13830000162124634
YDR252W,YHR174W,0,-0.31165016,0.04617505148053169,0.06700000166893005,0.13840000331401825
YML036W,YOR142W-A,0,-0.31171092,0.04614325240254402,0.06700000166893005,0.13850000500679016
YPL116W,YLR227W-A,0,-0.31176978,0.046111494302749634,0.06700000166893005,0.13860000669956207
YDR228C,YDR210W-A,0,-0.31178313,0.04607978090643883,0.06700000166893005,0.1386999934911728
YGL150C,YPL257W-A,0,-0.3117885,0.046048108488321304,0.06700000166893005,0.1387999951839447
YMR069W,YEL051W,0,-0.3118673,0.04601648449897766,0.06700000166893005,0.1388999968767166
YCR081W,YOR192C-A,0,-0.31191686,0.0459849014878273,0.06700000166893005,0.13899999856948853
YMR069W,YLR002C,0,-0.31193236,0.045953359454870224,0.06700000166893005,0.13910000026226044
YNL127W,YER108C,0,-0.31194702,0.04592186585068703,0.06700000166893005,0.13920000195503235
YLR157C,YPR164W,0,-0.31195182,0.045890409499406815,0.06700000166893005,0.13930000364780426
YOL111C,YOR192C-B,0,-0.31196502,0.04585900157690048,0.06700000166893005,0.13940000534057617
YJL094C,YGR161C-C,0,-0.31200513,0.04582763463258743,0.06700000166893005,0.13950000703334808
YOR011W,YOR192C-A,0,-0.31202653,0.04579630866646767,0.06700000166893005,0.1395999938249588
YIL110W,YPR137C-B,0,-0.3120479,0.04576502740383148,0.06700000166893005,0.1396999955177307
YDR085C,YOR192C-A,0,-0.31208003,0.04573378711938858,0.06700000166893005,0.13979999721050262
YJR007W,YLR157C-B,0,-0.31208536,0.04570259153842926,0.06700000166893005,0.13989999890327454
YFR008W,YGR038C-A,0,-0.3121415,0.04567143693566322,0.06700000166893005,0.14000000059604645
YBR192W,YGR038C-B,0,-0.31214687,0.04564032703638077,0.06700000166893005,0.14010000228881836
YEL027W,YDR098C-B,0,-0.31217092,0.045609258115291595,0.06700000166893005,0.14020000398159027
YDR173C,YPR137C-B,0,-0.312187,0.045578230172395706,0.06700000166893005,0.14030000567436218
YGL144C,YLR410W-A,0,-0.3122378,0.0455472469329834,0.06700000166893005,0.1404000073671341
YLR191W,YOR192C-A,0,-0.31224048,0.045516304671764374,0.06700000166893005,0.1404999941587448
YHR163W,YDR316W-B,0,-0.31225386,0.04548540338873863,0.06700000166893005,0.14059999585151672
YML036W,YDR098C-B,0,-0.3122779,0.04545454680919647,0.06700000166893005,0.14069999754428864
YMR263W,YDR098C-B,0,-0.3122993,0.0454237274825573,0.06700000166893005,0.14079999923706055
YGL144C,YGR161C-D,0,-0.31230468,0.0453929528594017,0.06700000166893005,0.14090000092983246
YBR093C,YDR316W-B,0,-0.31230468,0.04536221921443939,0.06700000166893005,0.14100000262260437
YGR280C,YOR142W-A,0,-0.3123207,0.04533153027296066,0.06700000166893005,0.14110000431537628
YLR391W-A,YGL137W,0,-0.3123327,0.04530087858438492,0.06700000166893005,0.1412000060081482
YOL111C,YLR157C-B,0,-0.31234744,0.045270271599292755,0.06700000166893005,0.1412999927997589
YFL035C-A,YDR310C,1,-0.31237614,0.045914921909570694,0.06800000369548798,0.1412999927997589
YFL035C,YDR310C,1,-0.31237614,0.04655870422720909,0.0689999982714653,0.1412999927997589
YOR095C,YLR157C-B,0,-0.3125454,0.04652731120586395,0.0689999982714653,0.14139999449253082
YJL062W,YOR142W-A,0,-0.31260154,0.0464959554374218,0.0689999982714653,0.14149999618530273
YIL149C,YLR410W-A,0,-0.31265235,0.046464648097753525,0.0689999982714653,0.14159999787807465
YHR081W,YDR210W-A,0,-0.31267107,0.046433378010988235,0.0689999982714653,0.14169999957084656
YGR141W,YLR227W-A,0,-0.31268176,0.04640215262770653,0.0689999982714653,0.14180000126361847
YBR213W,YOR095C,0,-0.31272498,0.0463709682226181,0.0689999982714653,0.14190000295639038
YDR252W,YOR231W,0,-0.3127254,0.04633982479572296,0.0689999982714653,0.1420000046491623
YKL165C,YHR039C-B,0,-0.3127292,0.0463087260723114,0.0689999982714653,0.1421000063419342
YDR330W,YGR038C-A,0,-0.31273794,0.046277664601802826,0.0689999982714653,0.14219999313354492
YGR063C,YOR142W-A,0,-0.3127754,0.04624664783477783,0.0689999982714653,0.14229999482631683
YDR518W,YOR192C-B,0,-0.31283155,0.04621567204594612,0.0689999982714653,0.14239999651908875
YLR396C,YOR142W-A,0,-0.3128556,0.046184737235307693,0.0689999982714653,0.14249999821186066
YLR391W-A,YDL097C,0,-0.31288233,0.04615384712815285,0.0689999982714653,0.14259999990463257
YER087C-B,YBL005W-A,0,-0.31293774,0.046122994273900986,0.0689999982714653,0.14270000159740448
YGR161C-C,YOR060C,0,-0.31296262,0.046092186123132706,0.0689999982714653,0.1428000032901764
YPR001W,YGR038C-A,0,-0.31306422,0.04606141522526741,0.0689999982714653,0.1429000049829483
YJR043C,YPR137C-B,0,-0.3130883,0.0460306853055954,0.0689999982714653,0.14300000667572021
YAL007C,YGR038C-B,0,-0.31312576,0.04600000008940697,0.0689999982714653,0.14309999346733093
YML036W,YGR038C-B,0,-0.3131391,0.04596935212612152,0.0689999982714653,0.14319999516010284
YJR069C,YDR365W-B,0,-0.31320864,0.045938748866319656,0.0689999982714653,0.14329999685287476
YGL206C,YDR316W-B,0,-0.3132274,0.045908182859420776,0.0689999982714653,0.14339999854564667
YDR083W,YHR039C-B,0,-0.31326142,0.04587765783071518,0.0689999982714653,0.14350000023841858
YHR039C-B,YML097C,0,-0.31333444,0.045847177505493164,0.0689999982714653,0.1436000019311905
YBR182C,YGR272C,0,-0.3133683,0.04581673443317413,0.0689999982714653,0.1437000036239624
YPR111W,YGR038C-A,0,-0.31338516,0.04578632861375809,0.0689999982714653,0.14380000531673431
YGL150C,YDR210W-B,0,-0.31339052,0.04575596749782562,0.0689999982714653,0.14390000700950623
YHR068W,YDR316W-B,0,-0.31350553,0.04572564736008644,0.0689999982714653,0.14399999380111694
YJL026W,YGR038C-A,0,-0.31358844,0.045695364475250244,0.0689999982714653,0.14409999549388885
YLR391W-A,YBR143C,0,-0.31365472,0.04566512256860733,0.0689999982714653,0.14419999718666077
YDR106W,YER177W,1,-0.31366804,0.046296294778585434,0.07000000029802322,0.14419999718666077
YLR227W-A,YOR338W,0,-0.3136847,0.046265698969364166,0.07000000029802322,0.14429999887943268
YPR132W,YOR192C-B,0,-0.3137917,0.04623514041304588,0.07000000029802322,0.1444000005722046
YCL054W,YOR142W-A,0,-0.3138211,0.046204619109630585,0.07000000029802322,0.1445000022649765
YJR064W,YGR161C-D,0,-0.3138639,0.04617414250969887,0.07000000029802322,0.1446000039577484
YCR040W,YGR054W,0,-0.31387988,0.046143703162670135,0.07000000029802322,0.14470000565052032
YLR051C,YDR316W-B,0,-0.3139174,0.046113308519124985,0.07000000029802322,0.14480000734329224
YFL029C,YFL035C,1,-0.31407264,0.04674127697944641,0.07100000232458115,0.14480000734329224
YFL029C,YFL035C-A,1,-0.31407264,0.04736842215061188,0.07199999690055847,0.14480000734329224
YPL228W,YER108C,0,-0.31439686,0.047337278723716736,0.07199999690055847,0.14489999413490295
YGL086W,YFL035C,1,-0.31446576,0.047963205724954605,0.0729999989271164,0.14489999413490295
YGL086W,YFL035C-A,1,-0.31446576,0.04858831316232681,0.07400000095367432,0.14489999413490295
YNL029C,YHR138C,0,-0.3144804,0.048556432127952576,0.07400000095367432,0.14499999582767487
YDR385W,YGR161C-D,0,-0.31451645,0.04852458834648132,0.07400000095367432,0.14509999752044678
YGL021W,YFL035C,1,-0.3145402,0.04914810135960579,0.07500000298023224,0.14509999752044678
YGL097W,YLR157C-B,0,-0.3146716,0.04911591485142708,0.07500000298023224,0.1451999992132187
YIL014W,YGR055W,0,-0.314738,0.04908376932144165,0.07500000298023224,0.1453000009059906
YDR518W,YDR316W-B,0,-0.31474647,0.049051668494939804,0.07500000298023224,0.1454000025987625
YPR110C,YGR161C-D,0,-0.3148214,0.04901960864663124,0.07500000298023224,0.14550000429153442
YMR116C,YBR095C,0,-0.31488672,0.04898758977651596,0.07500000298023224,0.14560000598430634
YKL007W,YHR052W,0,-0.3149499,0.048955611884593964,0.07500000298023224,0.14569999277591705
YDR518W,YGR038C-B,0,-0.31511024,0.04892367869615555,0.07500000298023224,0.14579999446868896
YER108C,YNL138W,0,-0.3151687,0.048891786485910416,0.07500000298023224,0.14589999616146088
YER174C,YOR088W,0,-0.3151794,0.048859935253858566,0.07500000298023224,0.1459999978542328
YHL040C,YNL262W,0,-0.31532308,0.048828125,0.07500000298023224,0.1460999995470047
YJL029C,YML039W,0,-0.31536207,0.04879635572433472,0.07500000298023224,0.1462000012397766
YPR199C,YHR039C-B,0,-0.3154141,0.048764631152153015,0.07500000298023224,0.14630000293254852
YBR155W,YKR034W,0,-0.3156081,0.0487329438328743,0.07500000298023224,0.14640000462532043
YIL085C,YMR069W,0,-0.31571314,0.048701297491788864,0.07500000298023224,0.14650000631809235
YFL011W-A,YNL075W,0,-0.31592342,0.04866969585418701,0.07500000298023224,0.14659999310970306
YAR031W,YPR110C,0,-0.31595704,0.048638131469488144,0.07500000298023224,0.14669999480247498
YNL274C,YBR156C,0,-0.31621733,0.04860661178827286,0.07500000298023224,0.1467999964952469
YPR001W,YMR308C,0,-0.31637976,0.048575129359960556,0.07500000298023224,0.1468999981880188
YFL035C-A,YDR113C,1,-0.3164629,0.0491909384727478,0.07599999755620956,0.1468999981880188
YMR182C,YPL283C,0,-0.31652117,0.04915912076830864,0.07599999755620956,0.1469999998807907
YFL029C,YML027W,1,-0.31690073,0.04977375641465187,0.07699999958276749,0.1469999998807907
YKL200C,YOR043W,0,-0.31694755,0.049741603434085846,0.07699999958276749,0.14710000157356262
YGL200C,YBL005W-A,0,-0.31712422,0.049709491431713104,0.07699999958276749,0.14720000326633453
YKL120W,YOR192C-B,0,-0.31715888,0.049677420407533646,0.07699999958276749,0.14730000495910645
YNL328C,YER138C,0,-0.31724966,0.04964539036154747,0.07699999958276749,0.14740000665187836
YDR330W,YHR039C-B,0,-0.3172771,0.04961340129375458,0.07699999958276749,0.14749999344348907
YHL027W,YOR088W,0,-0.31729725,0.04958145692944527,0.07699999958276749,0.147599995136261
YNL214W,YPL106C,0,-0.3173789,0.04954954981803894,0.07699999958276749,0.1476999968290329
YCR005C,YLR275W,0,-0.31738725,0.0495176836848259,0.07699999958276749,0.1477999985218048
YER108C,YJR050W,0,-0.31754,0.049485862255096436,0.07699999958276749,0.14790000021457672
YLL013C,YCL074W,0,-0.3175718,0.04945407807826996,0.07699999958276749,0.14800000190734863
YAL032C,YHR214C-B,0,-0.31770432,0.049422334879636765,0.07699999958276749,0.14810000360012054
YLR009W,YOR338W,0,-0.31773534,0.04939063638448715,0.07699999958276749,0.14820000529289246
YGL065C,YER108C,0,-0.3181561,0.049358975142240524,0.07699999958276749,0.14830000698566437
YJR090C,YML027W,1,-0.31831065,0.049967970699071884,0.07800000160932541,0.14830000698566437
YMR139W,YGR054W,0,-0.31848237,0.04993597790598869,0.07800000160932541,0.14839999377727509
YNL318C,YDR330W,0,-0.31860474,0.049904029816389084,0.07800000160932541,0.148499995470047
YDR191W,YHR138C,0,-0.3190247,0.04987212270498276,0.07800000160932541,0.1485999971628189
YIL036W,YLR009W,0,-0.31904402,0.049840256571769714,0.07800000160932541,0.14869999885559082
YML058W-A,YDR218C,0,-0.31927875,0.049808427691459656,0.07800000160932541,0.14880000054836273
YLR109W,YIR013C,0,-0.31952408,0.04977664351463318,0.07800000160932541,0.14890000224113464
YJL031C,YCR040W,0,-0.31970432,0.049744896590709686,0.07800000160932541,0.14900000393390656
YFL011W-A,YDR392W,0,-0.31982484,0.049713194370269775,0.07800000160932541,0.14910000562667847
YER143W,YOR346W,0,-0.31984878,0.04968152940273285,0.07800000160932541,0.14920000731945038
YNL148C,YCL074W,0,-0.3198927,0.049649905413389206,0.07800000160932541,0.1492999941110611
YCL012W,YBR077C,0,-0.31998396,0.049618322402238846,0.07800000160932541,0.149399995803833
YKL144C,YGR059W,0,-0.32013977,0.04958677664399147,0.07800000160932541,0.14949999749660492
YCR005C,YML039W,0,-0.3201771,0.04955527186393738,0.07800000160932541,0.14959999918937683
YDL002C,YGR054W,0,-0.3203522,0.04952380806207657,0.07800000160932541,0.14970000088214874
YIR025W,YFL035C-A,1,-0.32041493,0.050126902759075165,0.07900000363588333,0.14970000088214874
YIR025W,YFL035C,1,-0.32041493,0.050729233771562576,0.07999999821186066,0.14970000088214874
YLR002C,YDL109C,0,-0.32073048,0.05069708451628685,0.07999999821186066,0.14980000257492065
YGL254W,YGR272C,0,-0.3209325,0.05066497623920441,0.07999999821186066,0.14990000426769257
YCL052C,YHR039C-B,0,-0.32096323,0.050632912665605545,0.07999999821186066,0.15000000596046448
YLR329W,YOR338W,0,-0.32114938,0.05060088634490967,0.07999999821186066,0.1500999927520752
YMR288W,YDL055C,0,-0.32140985,0.050568901002407074,0.07999999821186066,0.1501999944448471
YNR057C,YDL112W,0,-0.3214992,0.05053695663809776,0.07999999821186066,0.15029999613761902
YJR043C,YML039W,0,-0.32156447,0.05050504952669144,0.07999999821186066,0.15039999783039093
YDR420W,YHR039C-B,0,-0.3217195,0.05047318711876869,0.07999999821186066,0.15049999952316284
YLR160C,YIL149C,0,-0.32180607,0.05044136196374893,0.07999999821186066,0.15060000121593475
YGR055W,YOR106W,0,-0.3218832,0.050409577786922455,0.07999999821186066,0.15070000290870667
YER108C,YJL001W,0,-0.3223327,0.05037783458828926,0.07999999821186066,0.15080000460147858
YEL027W,YOR088W,0,-0.32262737,0.05034612864255905,0.07999999821186066,0.1509000062942505
YNL111C,YCR089W,0,-0.3226504,0.050314463675022125,0.07999999821186066,0.1509999930858612
YOR173W,YIL070C,0,-0.32266203,0.05028283968567848,0.07999999821186066,0.15109999477863312
YBR256C,YOR315W,0,-0.32297638,0.05025125667452812,0.07999999821186066,0.15119999647140503
YOR240W,YKR055W,0,-0.32298282,0.050219710916280746,0.07999999821186066,0.15129999816417694
YBL045C,YDR263C,0,-0.32299432,0.050188206136226654,0.07999999821186066,0.15139999985694885
YLR391W-A,YPL266W,0,-0.32301858,0.050156738609075546,0.07999999821186066,0.15150000154972076
YNL278W,YGR284C,0,-0.32308578,0.05012531206011772,0.07999999821186066,0.15160000324249268
YNL274C,YDR170C,0,-0.32346842,0.05009392648935318,0.07999999821186066,0.1517000049352646
YDL106C,YOR088W,0,-0.32380542,0.05006257817149162,0.07999999821186066,0.1518000066280365
YLR391W-A,YKR031C,0,-0.3238616,0.05003127083182335,0.07999999821186066,0.15189999341964722
YPR055W,YHR039C-B,0,-0.323874,0.05000000074505806,0.07999999821186066,0.15199999511241913
YJL060W,YLR391W-A,0,-0.32421395,0.049968767911195755,0.07999999821186066,0.15209999680519104
YJR069C,YKL200C,0,-0.3243387,0.04993757978081703,0.07999999821186066,0.15219999849796295
YLR035C,YPR080W,0,-0.32435003,0.049906425178050995,0.07999999821186066,0.15230000019073486
YFL056C,YGL001C,0,-0.32460824,0.04987531155347824,0.07999999821186066,0.15240000188350677
YCR089W,YPL249C,0,-0.32475212,0.04984423518180847,0.07999999821186066,0.1525000035762787
YHL040C,YNL333W,0,-0.32491422,0.049813199788331985,0.07999999821186066,0.1526000052690506
YBL023C,YHL012W,0,-0.32530224,0.049782201647758484,0.07999999821186066,0.1527000069618225
YGR092W,YKL026C,0,-0.32573566,0.049751244485378265,0.07999999821186066,0.15279999375343323
YDL135C,YHR138C,0,-0.32577917,0.04972032457590103,0.07999999821186066,0.15289999544620514
YPR019W,YDR258C,0,-0.32590142,0.04968944191932678,0.07999999821186066,0.15299999713897705
YKL200C,YKL079W,0,-0.3261497,0.04965859651565552,0.07999999821186066,0.15309999883174896
YMR049C,YML047C,0,-0.3262141,0.049627792090177536,0.07999999821186066,0.15320000052452087
YEL069C,YPL106C,0,-0.32648364,0.04959702491760254,0.07999999821186066,0.15330000221729279
YKL220C,YJL138C,0,-0.3265831,0.04956629499793053,0.07999999821186066,0.1534000039100647
YOR249C,YOR344C,1,-0.32699737,0.05015479773283005,0.08100000023841858,0.1534000039100647
YKL045W,YPL276W,0,-0.32707888,0.05012376233935356,0.08100000023841858,0.1535000056028366
YPL240C,YHR160C,0,-0.32708544,0.05009276419878006,0.08100000023841858,0.15360000729560852
YER030W,YNR064C,0,-0.32763618,0.05006180331110954,0.08100000023841858,0.15369999408721924
YBR009C,YGR141W,0,-0.3277297,0.05003088340163231,0.08100000023841858,0.15379999577999115
YBR026C,YDR341C,0,-0.3278579,0.05000000074505806,0.08100000023841858,0.15389999747276306
YKL026C,YOR346W,0,-0.3279304,0.049969155341386795,0.08100000023841858,0.15399999916553497
YKL200C,YHL028W,0,-0.32803723,0.049938347190618515,0.08100000023841858,0.15410000085830688
YKL200C,YMR005W,0,-0.32814354,0.04990758001804352,0.08100000023841858,0.1542000025510788
YLR051C,YGR272C,0,-0.32818955,0.04987684637308121,0.08100000023841858,0.1543000042438507
YIL118W,YNR064C,0,-0.32821953,0.04984615370631218,0.08100000023841858,0.15440000593662262
YMR069W,YDL147W,0,-0.32843435,0.049815498292446136,0.08100000023841858,0.15449999272823334
YGR276C,YML039W,0,-0.32898062,0.04978488013148308,0.08100000023841858,0.15459999442100525
YDR345C,YNL334C,0,-0.3290268,0.049754299223423004,0.08100000023841858,0.15469999611377716
YML086C,YMR050C,0,-0.3290281,0.049723755568265915,0.08100000023841858,0.15479999780654907
YER174C,YHR039C-B,0,-0.32914802,0.04969325289130211,0.08100000023841858,0.15489999949932098
YPL248C,YDR341C,0,-0.32971677,0.04966278374195099,0.08100000023841858,0.1550000011920929
YDR480W,YMR051C,0,-0.3301068,0.04963235184550285,0.08100000023841858,0.1551000028848648
YLR270W,YNL236W,0,-0.33016482,0.049601960927248,0.08100000023841858,0.15520000457763672
YFR009W,YGR272C,0,-0.33018166,0.049571603536605835,0.08100000023841858,0.15530000627040863
YOR098C,YBL005W-A,0,-0.3302813,0.04954128339886665,0.08100000023841858,0.15539999306201935
YLR391W-A,YGL062W,0,-0.33048758,0.049511004239320755,0.08100000023841858,0.15549999475479126
YPL154C,YGR054W,0,-0.3306776,0.04948075860738754,0.08100000023841858,0.15559999644756317
YKR029C,YIL123W,0,-0.33077556,0.049450550228357315,0.08100000023841858,0.15569999814033508
YHL047C,YGR055W,0,-0.3314449,0.04942037910223007,0.08100000023841858,0.155799999833107
YHR052W,YHR116W,0,-0.3316138,0.049390245229005814,0.08100000023841858,0.1559000015258789
YFL011W-A,YFR005C,0,-0.33167705,0.04936014488339424,0.08100000023841858,0.15600000321865082
YKR037C,YGL096W,1,-0.33179107,0.049939099699258804,0.0820000022649765,0.15600000321865082
YFL035C-A,YAL047C,1,-0.33185047,0.05051734670996666,0.08299999684095383,0.15600000321865082
YFL035C,YAL047C,1,-0.33185047,0.051094889640808105,0.08399999886751175,0.15600000321865082
YKL020C,YMR050C,0,-0.3319161,0.05106382817029953,0.08399999886751175,0.15610000491142273
YGR077C,YMR051C,0,-0.33193868,0.05103280767798424,0.08399999886751175,0.15620000660419464
YBR097W,YIL029C,0,-0.3321526,0.05100182071328163,0.08399999886751175,0.15629999339580536
YML077W,YKR076W,0,-0.33235046,0.05097087472677231,0.08399999886751175,0.15639999508857727
YGR059W,YKL119C,0,-0.33253643,0.05093996226787567,0.08399999886751175,0.15649999678134918
YNL334C,YOR088W,0,-0.33297366,0.05090909078717232,0.08399999886751175,0.1565999984741211
YNR017W,YOR353C,0,-0.33306292,0.05087825655937195,0.08399999886751175,0.156700000166893
YFL035C,YKR037C,1,-0.3331869,0.05145278573036194,0.08500000089406967,0.156700000166893
YFL035C-A,YER089C,1,-0.3334029,0.052026618272066116,0.0860000029206276,0.156700000166893
YPR175W,YJL114W,0,-0.33347782,0.051995161920785904,0.0860000029206276,0.15680000185966492
YER178W,YHR138C,0,-0.3334986,0.051963746547698975,0.0860000029206276,0.15690000355243683
YLR033W,YHR214C-B,0,-0.33372575,0.05193236842751503,0.0860000029206276,0.15700000524520874
YMR116C,YML097C,0,-0.3337771,0.05190102756023407,0.0860000029206276,0.15710000693798065
YER133W,YML027W,1,-0.3339081,0.052472859621047974,0.08699999749660492,0.15710000693798065
YDL105W,YGL097W,0,-0.33394557,0.052441228181123734,0.08699999749660492,0.15719999372959137
YNR057C,YKL200C,0,-0.3342172,0.052409637719392776,0.08699999749660492,0.15729999542236328
YER179W,YMR219W,0,-0.3343869,0.052378084510564804,0.08699999749660492,0.1573999971151352
YNL148C,YBR183W,0,-0.3345757,0.052346568554639816,0.08699999749660492,0.1574999988079071
YFR046C,YHR138C,0,-0.33484527,0.05231509357690811,0.08699999749660492,0.15760000050067902
YLR102C,YGR245C,1,-0.3350964,0.05288461595773697,0.08799999952316284,0.15760000050067902
YCL026C-A,YOR151C,0,-0.33531114,0.05285285413265228,0.08799999952316284,0.15770000219345093
YBR095C,YNR064C,0,-0.33531505,0.05282112956047058,0.08799999952316284,0.15780000388622284
YHR081W,YHR039C-B,0,-0.33543414,0.052789442241191864,0.08799999952316284,0.15790000557899475
YLR264W,YPL283C,0,-0.3365884,0.05275779217481613,0.08799999952316284,0.15800000727176666
YNL111C,YBR080C,0,-0.3366383,0.05272618308663368,0.08799999952316284,0.15809999406337738
YMR303C,YPR187W,0,-0.33668807,0.05269461125135422,0.08799999952316284,0.1581999957561493
YCR057C,YLR006C,0,-0.33694676,0.05266307666897774,0.08799999952316284,0.1582999974489212
YJR019C,YGL255W,0,-0.337024,0.05263157933950424,0.08799999952316284,0.15839999914169312
YKL150W,YOR047C,0,-0.33703122,0.05260011926293373,0.08799999952316284,0.15850000083446503
YLL021W,YPL276W,0,-0.33747607,0.052568696439266205,0.08799999952316284,0.15860000252723694
YFR009W,YGR059W,0,-0.3375145,0.05253731459379196,0.08799999952316284,0.15870000422000885
YOL017W,YMR069W,0,-0.33754423,0.052505966275930405,0.08799999952316284,0.15880000591278076
YOR162C,YJL114W,0,-0.33763462,0.05247465893626213,0.08799999952316284,0.15889999270439148
YNL334C,YLR372W,0,-0.33825472,0.05244338512420654,0.08799999952316284,0.1589999943971634
YDL148C,YNL214W,0,-0.338276,0.05241214856505394,0.08799999952316284,0.1590999960899353
YNR019W,YNL021W,0,-0.3387767,0.05238095298409462,0.08799999952316284,0.15919999778270721
YNR019W,YKL200C,0,-0.33890802,0.052349790930747986,0.08799999952316284,0.15929999947547913
YKL042W,YJL114W,0,-0.3389333,0.052318669855594635,0.08799999952316284,0.15940000116825104
YML123C,YNL310C,0,-0.33899543,0.05228758230805397,0.08799999952316284,0.15950000286102295
YBR038W,YPR046W,0,-0.33922285,0.05225653201341629,0.08799999952316284,0.15960000455379486
YNR016C,YCL033C,0,-0.3393732,0.052225518971681595,0.08799999952316284,0.15970000624656677
YDR096W,YIL029C,0,-0.33939973,0.052194543182849884,0.08799999952316284,0.1597999930381775
YML086C,YDL109C,0,-0.33958802,0.05216360464692116,0.08799999952316284,0.1598999947309494
YJL099W,YHR068W,0,-0.3398465,0.05213269963860512,0.08799999952316284,0.1599999964237213
YDR085C,YAL007C,0,-0.3399637,0.05210183560848236,0.08799999952316284,0.16009999811649323
YOL017W,YJR069C,0,-0.34013364,0.05207100510597229,0.08799999952316284,0.16019999980926514
YGL206C,YGR272C,0,-0.34022346,0.052040211856365204,0.08799999952316284,0.16030000150203705
YOR240W,YER166W,0,-0.34026414,0.0520094558596611,0.08799999952316284,0.16040000319480896
YKL200C,YDR281C,0,-0.34042922,0.051978737115859985,0.08799999952316284,0.16050000488758087
YFL056C,YHR039C-B,0,-0.3409389,0.051948051899671555,0.08799999952316284,0.16060000658035278
YKR101W,YPL106C,0,-0.34124267,0.05191740393638611,0.08799999952316284,0.1606999933719635
YPL082C,YCL074W,0,-0.34128514,0.05188679322600365,0.08799999952316284,0.1607999950647354
YNL274C,YCL061C,0,-0.34136015,0.05185621604323387,0.08799999952316284,0.16089999675750732
YGL063W,YGR272C,0,-0.34143537,0.05182567611336708,0.08799999952316284,0.16099999845027924
YPR093C,YLR009W,0,-0.34152356,0.051795173436403275,0.08799999952316284,0.16110000014305115
YCR067C,YHR138C,0,-0.34166884,0.051764704287052155,0.08799999952316284,0.16120000183582306
YLR264W,YML039W,0,-0.34226182,0.05173427239060402,0.08799999952316284,0.16130000352859497
YIL138C,YLL056C,0,-0.34245268,0.05170387774705887,0.08799999952316284,0.16140000522136688
YPL267W,YFL035C-A,1,-0.34253496,0.05226071551442146,0.08900000154972076,0.16140000522136688
YKL200C,YKL125W,0,-0.34258717,0.052230045199394226,0.08900000154972076,0.1615000069141388
YOL147C,YCL074W,0,-0.3426272,0.052199412137269974,0.08900000154972076,0.1615999937057495
YER179W,YJL192C,0,-0.34331158,0.052168816328048706,0.08900000154972076,0.16169999539852142
YPL157W,YHR138C,0,-0.343349,0.052138254046440125,0.08900000154972076,0.16179999709129333
YHR072W-A,YPL058C,0,-0.3434523,0.05210772901773453,0.08900000154972076,0.16189999878406525
YKR034W,YBR183W,0,-0.34353086,0.05207723751664162,0.08900000154972076,0.16200000047683716
YMR025W,YMR210W,0,-0.34413132,0.05204678326845169,0.08900000154972076,0.16210000216960907
YLR192C,YBR105C,0,-0.3441938,0.05201636627316475,0.08900000154972076,0.16220000386238098
YJL031C,YOR341W,0,-0.34420845,0.051985982805490494,0.08900000154972076,0.1623000055551529
YFL011W-A,YDR225W,0,-0.34427226,0.051955632865428925,0.08900000154972076,0.1624000072479248
YKL200C,YDR432W,0,-0.3443825,0.05192532017827034,0.08900000154972076,0.16249999403953552
YOR240W,YLR022C,0,-0.344634,0.05189504474401474,0.08900000154972076,0.16259999573230743
YDR113C,YGL229C,1,-0.34501842,0.05244755372405052,0.09000000357627869,0.16259999573230743
YGR059W,YJR019C,0,-0.3451741,0.052417006343603134,0.09000000357627869,0.16269999742507935
YJL219W,YKL144C,0,-0.3453347,0.05238649621605873,0.09000000357627869,0.16279999911785126
YLR192C,YLL056C,0,-0.34553888,0.052356019616127014,0.09000000357627869,0.16290000081062317
YJR090C,YFL035C-A,1,-0.3456203,0.05290697515010834,0.09099999815225601,0.16290000081062317
YPL048W,YEL069C,0,-0.34576362,0.05287623405456543,0.09099999815225601,0.16300000250339508
YMR168C,YGL096W,1,-0.34584114,0.05342624709010124,0.09200000017881393,0.16300000250339508
YPR052C,YLR107W,0,-0.3459057,0.053395241498947144,0.09200000017881393,0.163100004196167
YGR006W,YJL138C,0,-0.34599325,0.05336426943540573,0.09200000017881393,0.1632000058889389
YNL111C,YHL028W,0,-0.34606138,0.0533333346247673,0.09200000017881393,0.16329999268054962
YLR160C,YDL105W,0,-0.34608772,0.05330243334174156,0.09200000017881393,0.16339999437332153
YNR057C,YBL045C,0,-0.34644294,0.053271569311618805,0.09200000017881393,0.16349999606609344
YOL111C,YHR039C-B,0,-0.3466784,0.05324074253439903,0.09200000017881393,0.16359999775886536
YMR219W,YDR225W,0,-0.34673902,0.053209949284791946,0.09200000017881393,0.16369999945163727
YNL262W,YHR030C,0,-0.34683838,0.053179189562797546,0.09200000017881393,0.16380000114440918
YNL278W,YLR372W,0,-0.34697762,0.05314847081899643,0.09200000017881393,0.1639000028371811
YOL156W,YCR057C,0,-0.3471474,0.0531177818775177,0.09200000017881393,0.164000004529953
YKL200C,YDL015C,0,-0.34736347,0.053087133914232254,0.09200000017881393,0.16410000622272491
YLR357W,YHR214C-B,0,-0.3474783,0.053056515753269196,0.09200000017881393,0.16419999301433563
YCR010C,YOR243C,0,-0.34762886,0.05302593484520912,0.09200000017881393,0.16429999470710754
YNL317W,YML039W,0,-0.34772488,0.05299539119005203,0.09200000017881393,0.16439999639987946
YCR005C,YGL172W,0,-0.3477337,0.05296488106250763,0.09200000017881393,0.16449999809265137
YJR047C,YMR051C,0,-0.34779754,0.05293440818786621,0.09200000017881393,0.16459999978542328
YPL154C,YGR085C,0,-0.34794173,0.05290396884083748,0.09200000017881393,0.1647000014781952
YNR019W,YGR177C,0,-0.3479738,0.05287356302142143,0.09200000017881393,0.1648000031709671
YMR069W,YNL333W,0,-0.34799996,0.05284319445490837,0.09200000017881393,0.164900004863739
YDL126C,YHR196W,0,-0.3481583,0.052812859416007996,0.09200000017881393,0.16500000655651093
YBR111W-A,YDR165W,0,-0.34831658,0.052782557904720306,0.09200000017881393,0.16509999334812164
YPL240C,YOR226C,0,-0.3483468,0.0527522936463356,0.09200000017881393,0.16519999504089355
YBR256C,YOR341W,0,-0.34941402,0.05272206291556358,0.09200000017881393,0.16529999673366547
YCL026C-A,YML069W,0,-0.3494516,0.05269186571240425,0.09200000017881393,0.16539999842643738
YGR109C,YAL040C,1,-0.34979418,0.05323411524295807,0.09300000220537186,0.16539999842643738
YDR106W,YOR326W,1,-0.35025373,0.05377574265003204,0.09399999678134918,0.16539999842643738
YHL040C,YPL213W,0,-0.35051993,0.05374499782919884,0.09399999678134918,0.1655000001192093
YMR163C,YKL125W,0,-0.35074785,0.05371428653597832,0.09399999678134918,0.1656000018119812
YHL038C,YLR264W,0,-0.35098264,0.05368360877037048,0.09399999678134918,0.1657000035047531
YHL040C,YOR100C,0,-0.35124946,0.053652968257665634,0.09399999678134918,0.16580000519752502
YCL012W,YLR055C,0,-0.35148495,0.05362236127257347,0.09399999678134918,0.16590000689029694
YDR294C,YHR154W,0,-0.3514854,0.05359179154038429,0.09399999678134918,0.16599999368190765
YLR035C,YKL200C,0,-0.35234892,0.0535612553358078,0.09399999678134918,0.16609999537467957
YPR128C,YMR069W,0,-0.3523518,0.053530752658843994,0.09399999678134918,0.16619999706745148
YMR303C,YMR044W,0,-0.35255978,0.053500283509492874,0.09399999678134918,0.1662999987602234
YNL290W,YCR061W,0,-0.3534766,0.05346985161304474,0.09399999678134918,0.1664000004529953
YMR116C,YLR191W,0,-0.35364273,0.05343945324420929,0.09399999678134918,0.1665000021457672
YLR158C,YPR110C,0,-0.35380253,0.053409092128276825,0.09399999678134918,0.16660000383853912
YDL097C,YMR050C,0,-0.35416946,0.05337876081466675,0.09399999678134918,0.16670000553131104
YGR288W,YDR397C,0,-0.35442343,0.053348466753959656,0.09399999678134918,0.16680000722408295
YPL086C,YMR050C,0,-0.35477498,0.05331820622086525,0.09399999678134918,0.16689999401569366
YNL291C,YOR088W,0,-0.3549748,0.05328798294067383,0.09399999678134918,0.16699999570846558
YML132W,YIL029C,0,-0.35516706,0.053257789462804794,0.09399999678134918,0.1670999974012375
YNL148C,YBL045C,0,-0.35523766,0.053227633237838745,0.09399999678134918,0.1671999990940094
YHR007C,YDR478W,0,-0.3553628,0.05319751054048538,0.09399999678134918,0.1673000007867813
YHR139C,YHR039C-B,0,-0.3553831,0.053167421370744705,0.09399999678134918,0.16740000247955322
YMR116C,YDR228C,0,-0.35598662,0.053137365728616714,0.09399999678134918,0.16750000417232513
YDR106W,YJL074C,1,-0.356268,0.053672317415475845,0.0949999988079071,0.16750000417232513
YHL040C,YKL042W,0,-0.35649514,0.05364200845360756,0.0949999988079071,0.16760000586509705
YDR085C,YNL318C,0,-0.3566639,0.05361173674464226,0.0949999988079071,0.16769999265670776
YHR068W,YCL074W,0,-0.35670203,0.05358149856328964,0.0949999988079071,0.16779999434947968
YNL318C,YOL020W,0,-0.35702285,0.05355129763484001,0.0949999988079071,0.1678999960422516
YGL180W,YAL059W,0,-0.35705617,0.05352112650871277,0.0949999988079071,0.1679999977350235
YKL200C,YHR161C,0,-0.35771695,0.05349099263548851,0.0949999988079071,0.1680999994277954
YNL312W,YCL074W,0,-0.35815188,0.05346088856458664,0.0949999988079071,0.16820000112056732
YJL060W,YGR054W,0,-0.35863015,0.05343082174658775,0.0949999988079071,0.16830000281333923
YPL018W,YHR119W,0,-0.35937858,0.05340078845620155,0.0949999988079071,0.16840000450611115
YPR042C,YCR061W,0,-0.35957417,0.05337078496813774,0.0949999988079071,0.16850000619888306
YNL037C,YLR452C,0,-0.36019248,0.05334081873297691,0.0949999988079071,0.16859999299049377
YPL240C,YBL105C,0,-0.36050287,0.05331088602542877,0.0949999988079071,0.16869999468326569
YKL150W,YJR132W,0,-0.36061704,0.05328098684549332,0.0949999988079071,0.1687999963760376
YLR369W,YER138C,0,-0.36118707,0.05325112119317055,0.0949999988079071,0.1688999980688095
YOL146W,YPL276W,0,-0.36143407,0.053221289068460464,0.0949999988079071,0.16899999976158142
YER108C,YBR077C,0,-0.36185774,0.05319149047136307,0.0949999988079071,0.16910000145435333
YLR074C,YDR218C,0,-0.36192998,0.05316172540187836,0.0949999988079071,0.16920000314712524
YCL012W,YIL138C,0,-0.362318,0.053131990134716034,0.0949999988079071,0.16930000483989716
YOR240W,YNL318C,0,-0.36239257,0.053102292120456696,0.0949999988079071,0.16940000653266907
YGL194C,YIL110W,0,-0.36250165,0.053072623908519745,0.0949999988079071,0.16949999332427979
YJL219W,YDR346C,0,-0.3625972,0.05304299294948578,0.0949999988079071,0.1695999950170517
YNL161W,YML027W,1,-0.36274943,0.0535714291036129,0.09600000083446503,0.1695999950170517
YLL042C,YER138C,0,-0.3629048,0.053541552275419235,0.09600000083446503,0.1696999967098236
YKL220C,YPR187W,0,-0.36324787,0.05351170524954796,0.09600000083446503,0.16979999840259552
YNL290W,YML039W,0,-0.3633385,0.053481895476579666,0.09600000083446503,0.16990000009536743
YBR036C,YIL029C,0,-0.3637515,0.05345211550593376,0.09600000083446503,0.17000000178813934
YHR079C-A,YBL005W-A,0,-0.36388656,0.05342236906290054,0.09600000083446503,0.17010000348091125
YJL085W,YDL109C,0,-0.36394128,0.05339265987277031,0.09600000083446503,0.17020000517368317
YLR074C,YOL016C,0,-0.3645073,0.05336298048496246,0.09600000083446503,0.17030000686645508
YIL040W,YMR050C,0,-0.36485738,0.0533333346247673,0.09600000083446503,0.1703999936580658
YDR469W,YLR301W,0,-0.36491567,0.05330371856689453,0.09600000083446503,0.1704999953508377
YGL063W,YNL334C,0,-0.36505687,0.053274139761924744,0.09600000083446503,0.17059999704360962
YLR066W,YMR050C,0,-0.36508647,0.053244590759277344,0.09600000083446503,0.17069999873638153
YMR263W,YCL074W,0,-0.36510572,0.05321507900953293,0.09600000083446503,0.17080000042915344
YDR281C,YFL060C,0,-0.36516067,0.0531855970621109,0.09600000083446503,0.17090000212192535
YMR303C,YGR141W,0,-0.36532247,0.05315614491701126,0.09600000083446503,0.17100000381469727
YER044C,YMR050C,0,-0.36537233,0.053126730024814606,0.09600000083446503,0.17110000550746918
YPL053C,YMR050C,0,-0.3654723,0.05309734493494034,0.09600000083446503,0.1712000072002411
YBR129C,YGR280C,0,-0.36553624,0.05306799337267876,0.09600000083446503,0.1712999939918518
YHR164C,YGR054W,0,-0.3655394,0.05303867533802986,0.09600000083446503,0.17139999568462372
YKL026C,YGL172W,0,-0.36567268,0.053009387105703354,0.09600000083446503,0.17149999737739563
YIL110W,YGR059W,0,-0.36572725,0.05298013240098953,0.09600000083446503,0.17159999907016754
YDR342C,YNL142W,0,-0.36576673,0.0529509112238884,0.09600000083446503,0.17170000076293945
YJL060W,YHR160C,0,-0.36587346,0.05292171984910965,0.09600000083446503,0.17180000245571136
YNL317W,YPR187W,0,-0.36615136,0.05289256200194359,0.09600000083446503,0.17190000414848328
YGR197C,YOR047C,0,-0.36659434,0.05286343768239021,0.09600000083446503,0.1720000058412552
YJR017C,YCL074W,0,-0.36681634,0.052834343165159225,0.09600000083446503,0.1720999926328659
YGR092W,YBR183W,0,-0.36710957,0.052805282175540924,0.09600000083446503,0.17219999432563782
YML077W,YBR012W-A,0,-0.36734337,0.05277625098824501,0.09600000083446503,0.17229999601840973
YGR147C,YGR272C,0,-0.36760983,0.05274725332856178,0.09600000083446503,0.17239999771118164
YHR052W,YGL142C,0,-0.36767694,0.05271828547120094,0.09600000083446503,0.17249999940395355
YCR073W-A,YFL002C,0,-0.36782828,0.05268935114145279,0.09600000083446503,0.17260000109672546
YFR009W,YMR210W,0,-0.368703,0.05266045033931732,0.09600000083446503,0.17270000278949738
YGR197C,YMR210W,0,-0.36912587,0.05263157933950424,0.09600000083446503,0.1728000044822693
YLR466W,YBR012W-A,0,-0.36929777,0.05260273814201355,0.09600000083446503,0.1729000061750412
YGR059W,YNL310C,0,-0.36970907,0.052573930472135544,0.09600000083446503,0.17299999296665192
YHL024W,YGR047C,0,-0.36973864,0.052545156329870224,0.09600000083446503,0.17309999465942383
YPL048W,YJL219W,0,-0.3698084,0.05251641198992729,0.09600000083446503,0.17319999635219574
YGR092W,YDR365C,0,-0.37002686,0.05248769745230675,0.09600000083446503,0.17329999804496765
YPL058C,YBR061C,0,-0.37042257,0.05245901644229889,0.09600000083446503,0.17339999973773956
YLR033W,YER138C,0,-0.3704729,0.05243036523461342,0.09600000083446503,0.17350000143051147
YLR074C,YGR006W,0,-0.3705808,0.052401747554540634,0.09600000083446503,0.1736000031232834
YML069W,YMR050C,0,-0.37062272,0.05237315967679024,0.09600000083446503,0.1737000048160553
YGR063C,YBR183W,0,-0.3706378,0.05234460160136223,0.09600000083446503,0.1738000065088272
YHL028W,YLL056C,0,-0.37064743,0.052316077053546906,0.09600000083446503,0.17389999330043793
YOR098C,YOR338W,0,-0.37071842,0.05228758230805397,0.09600000083446503,0.17399999499320984
YGL120C,YFL060C,0,-0.37086356,0.05225911736488342,0.09600000083446503,0.17409999668598175
YPL119C,YLR372W,0,-0.37114444,0.05223068594932556,0.09600000083446503,0.17419999837875366
YIL123W,YFL017W-A,0,-0.37161386,0.05220228433609009,0.09600000083446503,0.17430000007152557
YDR273W,YKR029C,0,-0.37162882,0.052173912525177,0.09600000083446503,0.17440000176429749
YOL133W,YML027W,1,-0.3716298,0.052688755095005035,0.09700000286102295,0.17440000176429749
YLR270W,YCL054W,0,-0.37166205,0.052660152316093445,0.09700000286102295,0.1745000034570694
YNL288W,YKL026C,0,-0.37171564,0.05263157933950424,0.09700000286102295,0.1746000051498413
YLR144C,YJL190C,0,-0.37171784,0.05260303616523743,0.09700000286102295,0.17470000684261322
YFL039C,YML027W,1,-0.371802,0.05311653017997742,0.09799999743700027,0.17470000684261322
YLR160C,YLL056C,0,-0.37183863,0.0530877560377121,0.09799999743700027,0.17479999363422394
YKL125W,YJL138C,0,-0.37262294,0.053059015423059464,0.09799999743700027,0.17489999532699585
YHR081W,YCL033C,0,-0.37295553,0.05303030461072922,0.09799999743700027,0.17499999701976776
YOR240W,YNL042W,0,-0.37316632,0.05300162360072136,0.09799999743700027,0.17509999871253967
YGL229C,YOR344C,1,-0.37319186,0.05351351201534271,0.0989999994635582,0.17509999871253967
YNL119W,YLL056C,0,-0.37351125,0.05348460376262665,0.0989999994635582,0.17520000040531158
YPL267W,YDL132W,1,-0.373583,0.053995680063962936,0.10000000149011612,0.17520000040531158
YMR030W,YIL029C,0,-0.37391666,0.05396654084324837,0.10000000149011612,0.1753000020980835
YPL157W,YML039W,0,-0.37420484,0.053937431424856186,0.10000000149011612,0.1754000037908554
YJL099W,YHR214C-B,0,-0.37438798,0.05390835553407669,0.10000000149011612,0.17550000548362732
YER162C,YOR045W,0,-0.37458318,0.05387930944561958,0.10000000149011612,0.17560000717639923
YMR116C,YMR050C,0,-0.3746171,0.05385029688477516,0.10000000149011612,0.17569999396800995
YOR240W,YIL085C,0,-0.3746747,0.05382131412625313,0.10000000149011612,0.17579999566078186
YGR288W,YGR178C,0,-0.37494344,0.05379236117005348,0.10000000149011612,0.17589999735355377
YGL062W,YKL122C,0,-0.37497464,0.05376344174146652,0.10000000149011612,0.17599999904632568
YML112W,YGR085C,0,-0.3752834,0.05373455211520195,0.10000000149011612,0.1761000007390976
YPR075C,YCR057C,0,-0.3755397,0.053705692291259766,0.10000000149011612,0.1762000024318695
YHR187W,YIL066C,0,-0.37610266,0.05367686599493027,0.10000000149011612,0.17630000412464142
YGL058W,YJL114W,0,-0.37642628,0.05364806950092316,0.10000000149011612,0.17640000581741333
YGL200C,YNL333W,0,-0.37643364,0.053619302809238434,0.10000000149011612,0.17649999260902405
YMR275C,YHL012W,0,-0.3764663,0.0535905696451664,0.10000000149011612,0.17659999430179596
YFL057C,YBR164C,0,-0.37703437,0.05356186255812645,0.10000000149011612,0.17669999599456787
YIR010W,YCR040W,0,-0.37707612,0.05353318899869919,0.10000000149011612,0.17679999768733978
YPR193C,YIL029C,0,-0.37709653,0.05350454896688461,0.10000000149011612,0.1768999993801117
YOR329C,YGR054W,0,-0.37730142,0.05347593501210213,0.10000000149011612,0.1770000010728836
YKL200C,YDL059C,0,-0.37746596,0.05344735458493233,0.10000000149011612,0.17710000276565552
YMR056C,YBR069C,0,-0.37752345,0.053418803960084915,0.10000000149011612,0.17720000445842743
YDR252W,YGR085C,0,-0.37770703,0.05339028313755989,0.10000000149011612,0.17730000615119934
YPL053C,YHR139C,0,-0.3779496,0.053361792117357254,0.10000000149011612,0.17739999294281006
YMR236W,YOR344C,1,-0.37798873,0.0538666658103466,0.10100000351667404,0.17739999294281006
YLR291C,YAL002W,0,-0.37837926,0.05383795127272606,0.10100000351667404,0.17749999463558197
YLR270W,YGR276C,0,-0.37854242,0.0538092702627182,0.10100000351667404,0.17759999632835388
YCR010C,YDR225W,0,-0.37892753,0.05378061905503273,0.10100000351667404,0.1776999980211258
YDR294C,YNL021W,0,-0.37908563,0.05375199392437935,0.10100000351667404,0.1777999997138977
YKL035W,YER138C,0,-0.3793749,0.05372340604662895,0.10100000351667404,0.17790000140666962
YMR097C,YPL276W,0,-0.37968388,0.053694844245910645,0.10100000351667404,0.17800000309944153
YDL132W,YOR344C,1,-0.37979165,0.05419766157865524,0.10199999809265137,0.17800000309944153
YPL248C,YMR032W,0,-0.3799959,0.054168879985809326,0.10199999809265137,0.17810000479221344
YJR144W,YML047C,0,-0.38019022,0.0541401281952858,0.10199999809265137,0.17820000648498535
YPL018W,YNL084C,0,-0.38031828,0.054111406207084656,0.10199999809265137,0.17829999327659607
YKL021C,YJL108C,0,-0.38120127,0.0540827140212059,0.10199999809265137,0.17839999496936798
YDR085C,YLL013C,0,-0.38144302,0.054054055362939835,0.10199999809265137,0.1784999966621399
YGR178C,YML011C,0,-0.38208047,0.054025422781705856,0.10199999809265137,0.1785999983549118
YIL084C,YGR059W,0,-0.3821644,0.053996823728084564,0.10199999809265137,0.17870000004768372
YGL194C,YLR107W,0,-0.38217354,0.05396825447678566,0.10199999809265137,0.17880000174045563
YCR010C,YPR074C,0,-0.38254967,0.05393971502780914,0.10199999809265137,0.17890000343322754
YFL056C,YPL254W,0,-0.38259417,0.053911205381155014,0.10199999809265137,0.17900000512599945
YJL125C,YMR139W,0,-0.38260695,0.05388272553682327,0.10199999809265137,0.17910000681877136
YGR037C,YBR012W-A,0,-0.3827428,0.05385427549481392,0.10199999809265137,0.17919999361038208
YKL079W,YMR051C,0,-0.3829016,0.05382585898041725,0.10199999809265137,0.179299995303154
YGR147C,YIL029C,0,-0.38308957,0.05379746854305267,0.10199999809265137,0.1793999969959259
YLR115W,YGR254W,0,-0.3832101,0.05376910790801048,0.10199999809265137,0.17949999868869781
YNL334C,YLR301W,0,-0.38327143,0.05374078080058098,0.10199999809265137,0.17960000038146973
YJL093C,YPL283C,0,-0.38335863,0.05371247977018356,0.10199999809265137,0.17970000207424164
YFR009W,YKL150W,0,-0.3837587,0.053684212267398834,0.10199999809265137,0.17980000376701355
YFL056C,YER151C,0,-0.38376114,0.053655970841646194,0.10199999809265137,0.17990000545978546
YER108C,YDR228C,0,-0.38387167,0.05362775921821594,0.10199999809265137,0.18000000715255737
YGR055W,YML039W,0,-0.3839417,0.053599581122398376,0.10199999809265137,0.1800999939441681
YAL035W,YGL194C,0,-0.38417694,0.0535714291036129,0.10199999809265137,0.18019999563694
YML123C,YBR156C,0,-0.3842245,0.05354330688714981,0.10199999809265137,0.18029999732971191
YOR136W,YPL276W,0,-0.38524184,0.05351521447300911,0.10199999809265137,0.18039999902248383
YBR061C,YBL005W-A,0,-0.38548997,0.053487151861190796,0.10199999809265137,0.18050000071525574
YDR318W,YJL114W,0,-0.38556865,0.05345911905169487,0.10199999809265137,0.18060000240802765
YGL223C,YER138C,0,-0.3858203,0.05343111604452133,0.10199999809265137,0.18070000410079956
YDR206W,YER138C,0,-0.38587043,0.05340314283967018,0.10199999809265137,0.18080000579357147
YPR001W,YIL077C,0,-0.38589022,0.05337519571185112,0.10199999809265137,0.1808999925851822
YGL063W,YOR243C,0,-0.38645697,0.053347282111644745,0.10199999809265137,0.1809999942779541
YDR345C,YPR046W,0,-0.38649473,0.05331939458847046,0.10199999809265137,0.181099995970726
YDR342C,YGL004C,0,-0.38663715,0.05329153686761856,0.10199999809265137,0.18119999766349792
YDL112W,YIL029C,0,-0.3866586,0.05326370894908905,0.10199999809265137,0.18129999935626984
YGR072W,YDL109C,0,-0.38679928,0.05323590710759163,0.10199999809265137,0.18140000104904175
YML132W,YLR055C,0,-0.38683215,0.053208138793706894,0.10199999809265137,0.18150000274181366
YNL148C,YMR116C,0,-0.38716462,0.05318039655685425,0.10199999809265137,0.18160000443458557
YLR095C,YKL200C,0,-0.38784143,0.05315268412232399,0.10199999809265137,0.18170000612735748
YDL045C,YLR301W,0,-0.38807395,0.05312500149011612,0.10199999809265137,0.1817999929189682
YAL007C,YHR079C-A,0,-0.38820848,0.05309734493494034,0.10199999809265137,0.1818999946117401
YDR009W,YNR064C,0,-0.38821822,0.053069718182086945,0.10199999809265137,0.18199999630451202
YBR026C,YDL095W,0,-0.3882384,0.05304212123155594,0.10199999809265137,0.18209999799728394
YNL111C,YDR379W,0,-0.3883727,0.05301455408334732,0.10199999809265137,0.18219999969005585
YGR280C,YCR018C,0,-0.38865563,0.05298701301217079,0.10199999809265137,0.18230000138282776
YPL116W,YNL244C,0,-0.38876808,0.05295950174331665,0.10199999809265137,0.18240000307559967
YBR136W,YIL029C,0,-0.3889987,0.0529320202767849,0.10199999809265137,0.18250000476837158
YDR083W,YMR210W,0,-0.38903254,0.05290456488728523,0.10199999809265137,0.1826000064611435
YDR435C,YGL255W,0,-0.38912308,0.052877139300107956,0.10199999809265137,0.1826999932527542
YPR128C,YHL028W,0,-0.38953996,0.05284973978996277,0.10199999809265137,0.18279999494552612
YKL032C,YKL200C,0,-0.3896335,0.05282237008213997,0.10199999809265137,0.18289999663829803
YLR160C,YDR156W,0,-0.38995227,0.05279503017663956,0.10199999809265137,0.18299999833106995
YOR294W,YJL114W,0,-0.3900166,0.05276772007346153,0.10199999809265137,0.18310000002384186
YER179W,YLL043W,0,-0.39021844,0.0527404360473156,0.10199999809265137,0.18320000171661377
YBR155W,YLR301W,0,-0.39037663,0.05271317809820175,0.10199999809265137,0.18330000340938568
YOR136W,YOR338W,0,-0.39052102,0.052685949951410294,0.10199999809265137,0.1834000051021576
YFR046C,YOR341W,0,-0.3907543,0.05265875160694122,0.10199999809265137,0.1835000067949295
YGL058W,YML039W,0,-0.39107314,0.05263157933950424,0.10199999809265137,0.18359999358654022
YOR240W,YDR318W,0,-0.39120093,0.05260443687438965,0.10199999809265137,0.18369999527931213
YML047C,YLR264W,0,-0.39124987,0.052577320486307144,0.10199999809265137,0.18379999697208405
YIL009W,YGR054W,0,-0.3913321,0.05255023017525673,0.10199999809265137,0.18389999866485596
YIR013C,YBL005W-A,0,-0.39149633,0.052523173391819,0.10199999809265137,0.18400000035762787
YDL105W,YGR054W,0,-0.39150658,0.05249613896012306,0.10199999809265137,0.18410000205039978
YOR011W,YHR214C-B,0,-0.39189625,0.05246913433074951,0.10199999809265137,0.1842000037431717
YLR324W,YLL056C,0,-0.39190748,0.05244215950369835,0.10199999809265137,0.1843000054359436
YJR047C,YNL283C,0,-0.39204985,0.052415210753679276,0.10199999809265137,0.18440000712871552
YLR396C,YGL255W,0,-0.39215228,0.05238828808069229,0.10199999809265137,0.18449999392032623
YJR057W,YHL012W,0,-0.39226487,0.052361395210027695,0.10199999809265137,0.18459999561309814
YOR329C,YOR295W,0,-0.39243698,0.052334532141685486,0.10199999809265137,0.18469999730587006
YHL040C,YLR115W,0,-0.39250514,0.05230769142508507,0.10199999809265137,0.18479999899864197
YLR069C,YNL334C,0,-0.39298737,0.05228088051080704,0.10199999809265137,0.18490000069141388
YJR112W,YBR111W-A,0,-0.39300635,0.052254099398851395,0.10199999809265137,0.1850000023841858
YBR155W,YOR136W,0,-0.39315647,0.05222734436392784,0.10199999809265137,0.1851000040769577
YNL106C,YMR050C,0,-0.3932381,0.05220061540603638,0.10199999809265137,0.18520000576972961
YPL119C,YMR051C,0,-0.3932444,0.052173912525177,0.10199999809265137,0.18529999256134033
YCL039W,YNL329C,0,-0.3935468,0.052147239446640015,0.10199999809265137,0.18539999425411224
YMR053C,YLR466W,0,-0.3935498,0.05212059244513512,0.10199999809265137,0.18549999594688416
YMR316W,YPR132W,0,-0.39355627,0.052093975245952606,0.10199999809265137,0.18559999763965607
YNL106C,YGR280C,0,-0.393694,0.05206738039851189,0.10199999809265137,0.18569999933242798
YHR164C,YIL117C,0,-0.39376593,0.052040815353393555,0.10199999809265137,0.1858000010251999
YIR033W,YJR112W,0,-0.39377713,0.05201428011059761,0.10199999809265137,0.1859000027179718
YGL180W,YPL276W,0,-0.39402062,0.05198776721954346,0.10199999809265137,0.1860000044107437
YIR004W,YBR012W-A,0,-0.3943061,0.05196128413081169,0.10199999809265137,0.18610000610351562
YLR010C,YBR012W-A,0,-0.3943214,0.051934827119112015,0.10199999809265137,0.18619999289512634
YPR122W,YMR050C,0,-0.39468083,0.05190839618444443,0.10199999809265137,0.18629999458789825
YIR010W,YKL035W,0,-0.39476624,0.05188199505209923,0.10199999809265137,0.18639999628067017
YPL053C,YER138C,0,-0.39499846,0.05185561627149582,0.10199999809265137,0.18649999797344208
YKL152C,YGR054W,0,-0.39518294,0.0518292672932148,0.10199999809265137,0.186599999666214
YMR163C,YLR009W,0,-0.39594063,0.051802944391965866,0.10199999809265137,0.1867000013589859
YIR013C,YMR150C,0,-0.39619848,0.05177665129303932,0.10199999809265137,0.1868000030517578
YDR432W,YLR275W,0,-0.3962224,0.05175038054585457,0.10199999809265137,0.18690000474452972
YGR177C,YBR279W,0,-0.39641163,0.0517241396009922,0.10199999809265137,0.18700000643730164
YLR107W,YER074W-A,0,-0.3965163,0.05169792100787163,0.10199999809265137,0.18709999322891235
YKL025C,YOR088W,0,-0.3967304,0.05167173221707344,0.10199999809265137,0.18719999492168427
YHR007C,YHR079C-A,0,-0.39691344,0.05164556950330734,0.10199999809265137,0.18729999661445618
YDR022C,YKL035W,0,-0.39692768,0.051619432866573334,0.10199999809265137,0.1873999983072281
YPL028W,YHR214C-B,0,-0.3973192,0.051593322306871414,0.10199999809265137,0.1875
YOR136W,YIR033W,0,-0.3974544,0.051567237824201584,0.10199999809265137,0.1876000016927719
YPL119C,YER138C,0,-0.39771447,0.05154118314385414,0.10199999809265137,0.18770000338554382
YPL125W,YMR051C,0,-0.39773294,0.05151515081524849,0.10199999809265137,0.18780000507831573
YPL082C,YDL059C,0,-0.39837947,0.051489148288965225,0.10199999809265137,0.18790000677108765
YJL035C,YNR064C,0,-0.39851993,0.05146316811442375,0.10199999809265137,0.18799999356269836
YGR280C,YCR067C,0,-0.3986416,0.051437217742204666,0.10199999809265137,0.18809999525547028
YDL178W,YBR156C,0,-0.39948568,0.05141128972172737,0.10199999809265137,0.1881999969482422
YNR017W,YHL012W,0,-0.3995308,0.051385391503572464,0.10199999809265137,0.1882999986410141
YJR064W,YCL033C,0,-0.3995691,0.05135951563715935,0.10199999809265137,0.188400000333786
YGL167C,YHL012W,0,-0.39959413,0.05133366957306862,0.10199999809265137,0.18850000202655792
YAL007C,YBL005W-A,0,-0.39966175,0.05130784586071968,0.10199999809265137,0.18860000371932983
YDR294C,YEL069C,0,-0.39970055,0.05128205195069313,0.10199999809265137,0.18870000541210175
YHL024W,YMR051C,0,-0.3999866,0.05125628039240837,0.10199999809265137,0.18880000710487366
YJL035C,YMR050C,0,-0.40002185,0.051230538636446,0.10199999809265137,0.18889999389648438
YCL026C-A,YPL125W,0,-0.40007547,0.05120481923222542,0.10199999809265137,0.1889999955892563
YHR072W-A,YJR033C,0,-0.4001014,0.051179125905036926,0.10199999809265137,0.1890999972820282
YML049C,YMR050C,0,-0.4001861,0.051153458654880524,0.10199999809265137,0.1891999989748001
YDL126C,YDR449C,0,-0.40026996,0.05112782120704651,0.10199999809265137,0.18930000066757202
YJL190C,YKR031C,0,-0.4002994,0.051102206110954285,0.10199999809265137,0.18940000236034393
YDR421W,YGR085C,0,-0.4004737,0.05107661336660385,0.10199999809265137,0.18950000405311584
YCR089W,YNL317W,0,-0.4004887,0.051051050424575806,0.10199999809265137,0.18960000574588776
YER174C,YML039W,0,-0.40085092,0.05102551355957985,0.10199999809265137,0.18970000743865967
YMR303C,YML029W,0,-0.40089592,0.050999999046325684,0.10199999809265137,0.18979999423027039
YDR106W,YHR158C,1,-0.4009558,0.05147426202893257,0.10300000011920929,0.18979999423027039
YNR019W,YGL001C,0,-0.40106297,0.05144855007529259,0.10300000011920929,0.1898999959230423
YPR001W,YPR074C,0,-0.40107927,0.05142286419868469,0.10300000011920929,0.1899999976158142
YBR038W,YOR136W,0,-0.40110847,0.05139720439910889,0.10300000011920929,0.19009999930858612
YPL018W,YDR294C,0,-0.40116036,0.05137157067656517,0.10300000011920929,0.19020000100135803
YLR158C,YEL029C,0,-0.4011693,0.05134596303105354,0.10300000011920929,0.19030000269412994
YHR008C,YNR064C,0,-0.40127525,0.05132037773728371,0.10300000011920929,0.19040000438690186
YCR066W,YOR045W,0,-0.40148845,0.05129482224583626,0.10300000011920929,0.19050000607967377
YLR160C,YOL156W,0,-0.40158507,0.0512692891061306,0.10300000011920929,0.19059999287128448
YLR066W,YER138C,0,-0.40158594,0.05124378204345703,0.10300000011920929,0.1906999945640564
YHR196W,YML039W,0,-0.40169945,0.05121830105781555,0.10300000011920929,0.1907999962568283
YER179W,YHR119W,0,-0.4017471,0.05119284242391586,0.10300000011920929,0.19089999794960022
YNL334C,YMR183C,0,-0.40183893,0.05116741359233856,0.10300000011920929,0.19099999964237213
YOL016C,YHR072W-A,0,-0.40199557,0.05114200711250305,0.10300000011920929,0.19110000133514404
YNR019W,YKL079W,0,-0.40235665,0.05111662670969963,0.10300000011920929,0.19120000302791595
YHR079C-A,YFL002C,0,-0.4023975,0.051091268658638,0.10300000011920929,0.19130000472068787
YIL124W,YNL075W,0,-0.4026791,0.05106594040989876,0.10300000011920929,0.19140000641345978
YJR064W,YOR162C,0,-0.40287584,0.051040634512901306,0.10300000011920929,0.1914999932050705
YOR078W,YIR033W,0,-0.4028968,0.051015354692935944,0.10300000011920929,0.1915999948978424
YMR069W,YIL138C,0,-0.40325448,0.05099009722471237,0.10300000011920929,0.19169999659061432
YHR139C,YPL276W,0,-0.40333185,0.05096486955881119,0.10300000011920929,0.19179999828338623
YLR158C,YNL206C,0,-0.40341017,0.050939664244651794,0.10300000011920929,0.19189999997615814
YPL116W,YDL109C,0,-0.40344796,0.05091448500752449,0.10300000011920929,0.19200000166893005
YJL031C,YLL056C,0,-0.4037787,0.05088932812213898,0.10300000011920929,0.19210000336170197
YOL005C,YHL012W,0,-0.40383103,0.05086419731378555,0.10300000011920929,0.19220000505447388
YER168C,YLR301W,0,-0.40394256,0.05083909258246422,0.10300000011920929,0.1923000067472458
YBL022C,YBR111W-A,0,-0.4040415,0.050814010202884674,0.10300000011920929,0.1923999935388565
YNL128W,YIL029C,0,-0.40404186,0.05078895390033722,0.10300000011920929,0.19249999523162842
YDR421W,YNR064C,0,-0.4040568,0.050763923674821854,0.10300000011920929,0.19259999692440033
YNL003C,YMR050C,0,-0.40423062,0.05073891580104828,0.10300000011920929,0.19269999861717224
YKL058W,YOR088W,0,-0.4042835,0.05071393400430679,0.10300000011920929,0.19280000030994415
YBR093C,YJR019C,0,-0.40428427,0.0506889745593071,0.10300000011920929,0.19290000200271606
YNL111C,YBR153W,0,-0.4042898,0.05066404491662979,0.10300000011920929,0.19300000369548798
YHR174W,YDL207W,0,-0.40468994,0.050639133900403976,0.10300000011920929,0.1931000053882599
YHL040C,YAR031W,0,-0.40487924,0.05061424896121025,0.10300000011920929,0.1932000070810318
YLR275W,YGR054W,0,-0.4049162,0.050589390099048615,0.10300000011920929,0.19329999387264252
YBR168W,YBL005W-A,0,-0.4049205,0.05056455731391907,0.10300000011920929,0.19339999556541443
YLR324W,YOR088W,0,-0.40515134,0.05053974315524101,0.10300000011920929,0.19349999725818634
YBL005W-A,YIL029C,0,-0.40540984,0.050514958798885345,0.10300000011920929,0.19359999895095825
YFR009W,YNL128W,0,-0.40541947,0.05049019679427147,0.10300000011920929,0.19370000064373016
YJL029C,YLR301W,0,-0.40543425,0.050465457141399384,0.10300000011920929,0.19380000233650208
YPR178W,YJL114W,0,-0.40553245,0.05044074356555939,0.10300000011920929,0.193900004029274
YPR002W,YBR105C,0,-0.4056792,0.05041605606675148,0.10300000011920929,0.1940000057220459
YPL240C,YBR156C,0,-0.40577975,0.050391390919685364,0.10300000011920929,0.1941000074148178
YLR270W,YHL025W,0,-0.40592188,0.05036674812436104,0.10300000011920929,0.19419999420642853
YDR106W,YNL161W,1,-0.4059818,0.050830889493227005,0.10400000214576721,0.19419999420642853
YGL240W,YGR245C,1,-0.40635285,0.05129457637667656,0.10499999672174454,0.19419999420642853
YDL132W,YGL240W,1,-0.4064416,0.0517578125,0.10599999874830246,0.19419999420642853
YDR235W,YHR138C,0,-0.40668073,0.05173255130648613,0.10599999874830246,0.19429999589920044
YJR132W,YMR030W,0,-0.4069758,0.05170731619000435,0.10599999874830246,0.19439999759197235
YHR052W,YOR127W,0,-0.40724185,0.05168210715055466,0.10599999874830246,0.19449999928474426
YER127W,YJR160C,0,-0.40724593,0.051656920462846756,0.10599999874830246,0.19460000097751617
YDL148C,YGR044C,0,-0.40809453,0.051631759852170944,0.10599999874830246,0.19470000267028809
YGR109C,YER133W,1,-0.4082738,0.05209347605705261,0.10700000077486038,0.19470000267028809
YOL078W,YDR432W,0,-0.40832236,0.05206812545657158,0.10700000077486038,0.19480000436306
YLR324W,YLR305C,0,-0.40873554,0.052042800933122635,0.10700000077486038,0.1949000060558319
YLR342W,YPR134W,0,-0.4088236,0.05201750248670578,0.10700000077486038,0.19499999284744263
YNL318C,YPR075C,0,-0.4088761,0.051992226392030716,0.10700000077486038,0.19509999454021454
YJL186W,YML039W,0,-0.4094675,0.05196697264909744,0.10700000077486038,0.19519999623298645
YIL066C,YNL236W,0,-0.40955564,0.05194174870848656,0.10700000077486038,0.19529999792575836
YML019W,YIL066C,0,-0.4097416,0.05191654711961746,0.10700000077486038,0.19539999961853027
YPR046W,YIL077C,0,-0.40982756,0.05189136788249016,0.10700000077486038,0.19550000131130219
YDR281C,YCR057C,0,-0.40984926,0.05186621472239494,0.10700000077486038,0.1956000030040741
YMR032W,YPL276W,0,-0.40986398,0.05184108391404152,0.10700000077486038,0.195700004696846
YOR295W,YLL056C,0,-0.4098958,0.051815979182720184,0.10700000077486038,0.19580000638961792
YDR085C,YHR164C,0,-0.41000682,0.05179090052843094,0.10700000077486038,0.19589999318122864
YML011C,YOR084W,0,-0.4101793,0.051765844225883484,0.10700000077486038,0.19599999487400055
YDR173C,YGR054W,0,-0.41018504,0.05174081400036812,0.10700000077486038,0.19609999656677246
YDL109C,YOR084W,0,-0.41025507,0.05171580612659454,0.10700000077486038,0.19619999825954437
YOL156W,YDL055C,0,-0.41046438,0.05169082060456276,0.10700000077486038,0.19629999995231628
YIL124W,YML123C,0,-0.41079167,0.051665861159563065,0.10700000077486038,0.1964000016450882
YDL145C,YJR160C,0,-0.41080353,0.05164092779159546,0.10700000077486038,0.1965000033378601
YIL103W,YNR064C,0,-0.41109365,0.051616016775369644,0.10700000077486038,0.19660000503063202
YJL060W,YOR144C,0,-0.41118264,0.05159112811088562,0.10700000077486038,0.19670000672340393
YGR185C,YHR161C,0,-0.41144663,0.051566265523433685,0.10700000077486038,0.19679999351501465
YGR204W,YMR097C,0,-0.41199914,0.05154142528772354,0.10700000077486038,0.19689999520778656
YBR009C,YLR320W,0,-0.4120669,0.051516611129045486,0.10700000077486038,0.19699999690055847
YFL056C,YNL318C,0,-0.41214997,0.05149181932210922,0.10700000077486038,0.19709999859333038
YHL024W,YLR417W,0,-0.412151,0.05146704986691475,0.10700000077486038,0.1972000002861023
YDR206W,YML039W,0,-0.41217723,0.051442306488752365,0.10700000077486038,0.1973000019788742
YHR023W,YGR054W,0,-0.4123605,0.05141758918762207,0.10700000077486038,0.19740000367164612
YDR377W,YLR318W,0,-0.41284433,0.05139289051294327,0.10700000077486038,0.19750000536441803
YGR204W,YMR030W,0,-0.41286665,0.051368217915296555,0.10700000077486038,0.19760000705718994
YOR099W,YML039W,0,-0.4129509,0.05134357139468193,0.10700000077486038,0.19769999384880066
YBR110W,YBR214W,0,-0.4129862,0.0513189435005188,0.10700000077486038,0.19779999554157257
YKL026C,YML047C,0,-0.41301978,0.051294341683387756,0.10700000077486038,0.19789999723434448
YGL004C,YLR372W,0,-0.413092,0.0512697659432888,0.10700000077486038,0.1979999989271164
YPL217C,YDR126W,0,-0.4133593,0.05124521255493164,0.10700000077486038,0.1981000006198883
YPL145C,YBL005W-A,0,-0.41336527,0.05122068151831627,0.10700000077486038,0.19820000231266022
YJL203W,YPL283C,0,-0.41337702,0.05119617283344269,0.10700000077486038,0.19830000400543213
YDR225W,YPR134W,0,-0.41344896,0.0511716865003109,0.10700000077486038,0.19840000569820404
YOL016C,YAL059W,0,-0.41380462,0.0511472262442112,0.10700000077486038,0.19850000739097595
YDR450W,YFL060C,0,-0.4149011,0.051122792065143585,0.10700000077486038,0.19859999418258667
YJR144W,YMR050C,0,-0.41549912,0.051098376512527466,0.10700000077486038,0.19869999587535858
YDR173C,YLR301W,0,-0.41574678,0.051073987036943436,0.10700000077486038,0.1987999975681305
YIR033W,YKL035W,0,-0.41654217,0.051049619913101196,0.10700000077486038,0.1988999992609024
YGL063W,YBR012W-A,0,-0.41658986,0.05102527514100075,0.10700000077486038,0.19900000095367432
YIR010W,YML039W,0,-0.41676602,0.05100095272064209,0.10700000077486038,0.19910000264644623
YPL086C,YCL074W,0,-0.4171448,0.05097665637731552,0.10700000077486038,0.19920000433921814
YNR017W,YOR049C,0,-0.41715506,0.05095238238573074,0.10700000077486038,0.19930000603199005
YLR157C,YNL128W,0,-0.41821998,0.050928130745887756,0.10700000077486038,0.19939999282360077
YGL247W,YML039W,0,-0.41862893,0.05090390145778656,0.10700000077486038,0.19949999451637268
YKL120W,YIL029C,0,-0.4186478,0.050879694521427155,0.10700000077486038,0.1995999962091446
YPR051W,YGL062W,0,-0.41866675,0.05085551366209984,0.10700000077486038,0.1996999979019165
YOR168W,YML011C,0,-0.4187027,0.05083135515451431,0.10700000077486038,0.19979999959468842
YOR243C,YGL062W,0,-0.41872346,0.05080721899867058,0.10700000077486038,0.19990000128746033
YBL061C,YHL012W,0,-0.41881108,0.050783105194568634,0.10700000077486038,0.20000000298023224
YBR213W,YLR264W,0,-0.4190348,0.05075901374220848,0.10700000077486038,0.20010000467300415
YNL042W,YBR026C,0,-0.41918942,0.05073494464159012,0.10700000077486038,0.20020000636577606
YHR174W,YPL213W,0,-0.41921213,0.050710901618003845,0.10700000077486038,0.20029999315738678
YER179W,YAL007C,0,-0.41926107,0.050686877220869064,0.10700000077486038,0.2003999948501587
YGL200C,YJL108C,0,-0.41944772,0.05066287890076637,0.10700000077486038,0.2004999965429306
YJR019C,YDL201W,0,-0.41947392,0.05063890293240547,0.10700000077486038,0.20059999823570251
YLR158C,YIL123W,0,-0.41959652,0.05061494931578636,0.10700000077486038,0.20069999992847443
YDR480W,YJL114W,0,-0.4196272,0.05059101805090904,0.10700000077486038,0.20080000162124634
YOL043C,YNL248C,0,-0.42018852,0.050567109137773514,0.10700000077486038,0.20090000331401825
YOR144C,YBR111W-A,0,-0.42051724,0.050543222576379776,0.10700000077486038,0.20100000500679016
YFR034C,YCR028C-A,0,-0.4205894,0.05051935836672783,0.10700000077486038,0.20110000669956207
YNL329C,YIL029C,0,-0.4206984,0.05049551650881767,0.10700000077486038,0.2011999934911728
YPL266W,YML047C,0,-0.4209387,0.05047169700264931,0.10700000077486038,0.2012999951839447
YGR077C,YML039W,0,-0.42157832,0.05044790357351303,0.10700000077486038,0.2013999968767166
YLL027W,YNL328C,0,-0.42165557,0.05042412877082825,0.10700000077486038,0.20149999856948853
YLR157C,YDR228C,0,-0.42168444,0.050400376319885254,0.10700000077486038,0.20160000026226044
YMR061W,YMR051C,0,-0.42212287,0.05037664622068405,0.10700000077486038,0.20170000195503235
YNL248C,YBR156C,0,-0.42221472,0.05035294219851494,0.10700000077486038,0.20180000364780426
YPL028W,YPL058C,0,-0.42232576,0.05032925680279732,0.10700000077486038,0.20190000534057617
YPR093C,YLR002C,0,-0.42246482,0.05030559375882149,0.10700000077486038,0.20200000703334808
YOR226C,YIL077C,0,-0.4226872,0.05028195306658745,0.10700000077486038,0.2020999938249588
YHL040C,YOR127W,0,-0.42274097,0.0502583384513855,0.10700000077486038,0.2021999955177307
YHR160C,YLR221C,0,-0.42282796,0.05023474246263504,0.10700000077486038,0.20229999721050262
YER168C,YMR069W,0,-0.42287216,0.05021116882562637,0.10700000077486038,0.20239999890327454
YER127W,YDR218C,0,-0.42300588,0.0501876175403595,0.10700000077486038,0.20250000059604645
YGR254W,YLR095C,0,-0.42342094,0.05016408860683441,0.10700000077486038,0.20260000228881836
YDR314C,YHR154W,0,-0.42345822,0.05014058202505112,0.10700000077486038,0.20270000398159027
YKL093W,YDR450W,0,-0.42346442,0.05011709779500961,0.10700000077486038,0.20280000567436218
YLR431C,YHL011C,0,-0.4235364,0.0500936321914196,0.10700000077486038,0.2029000073671341
YIR026C,YLR301W,0,-0.42365327,0.05007019266486168,0.10700000077486038,0.2029999941587448
YNR019W,YHR007C,0,-0.42368323,0.05004677176475525,0.10700000077486038,0.20309999585151672
YKR081C,YPL283C,0,-0.42389515,0.05002337694168091,0.10700000077486038,0.20319999754428864
YNR019W,YGL254W,0,-0.42397556,0.05000000074505806,0.10700000077486038,0.20329999923706055
YMR081C,YJR112W,0,-0.424072,0.049976646900177,0.10700000077486038,0.20340000092983246
YNL003C,YHR138C,0,-0.4240931,0.049953315407037735,0.10700000077486038,0.20350000262260437
YNL148C,YDR173C,0,-0.42420325,0.04993000626564026,0.10700000077486038,0.20360000431537628
YLL043W,YCL033C,0,-0.4242841,0.049906715750694275,0.10700000077486038,0.2037000060081482
YGL001C,YFL059W,0,-0.42434475,0.04988345131278038,0.10700000077486038,0.2037999927997589
YBR143C,YBR111W-A,0,-0.4245529,0.04986020550131798,0.10700000077486038,0.20389999449253082
YGR227W,YML039W,0,-0.42480224,0.049836982041597366,0.10700000077486038,0.20399999618530273
YJL168C,YML039W,0,-0.42501682,0.049813780933618546,0.10700000077486038,0.20409999787807465
YHR150W,YJL114W,0,-0.42502466,0.04979059845209122,0.10700000077486038,0.20419999957084656
YOL146W,YHR139C,0,-0.42549288,0.04976744204759598,0.10700000077486038,0.20430000126361847
YOL146W,YPR080W,0,-0.42549765,0.04974430426955223,0.10700000077486038,0.20440000295639038
YOR100C,YPL125W,0,-0.4256635,0.049721188843250275,0.10700000077486038,0.2045000046491623
YJR069C,YDL105W,0,-0.4259161,0.04969809576869011,0.10700000077486038,0.2046000063419342
YMR026C,YBR111W-A,0,-0.4262788,0.049675025045871735,0.10700000077486038,0.20469999313354492
YER068W,YNR064C,0,-0.42646125,0.04965197294950485,0.10700000077486038,0.20479999482631683
YER127W,YDL109C,0,-0.4265668,0.04962894320487976,0.10700000077486038,0.20489999651908875
YGL254W,YDR450W,0,-0.42677096,0.04960593581199646,0.10700000077486038,0.20499999821186066
YJR121W,YLR318W,0,-0.42684767,0.04958294704556465,0.10700000077486038,0.20509999990463257
YMR219W,YCL033C,0,-0.4269873,0.049559980630874634,0.10700000077486038,0.20520000159740448
YPL240C,YEL002C,0,-0.42704806,0.04953703656792641,0.10700000077486038,0.2053000032901764
YPL040C,YPL283C,0,-0.42707455,0.04951411485671997,0.10700000077486038,0.2054000049829483
YDR435C,YMR210W,0,-0.42714322,0.04949121177196503,0.10700000077486038,0.20550000667572021
YDR345C,YML011C,0,-0.4273952,0.049468331038951874,0.10700000077486038,0.20559999346733093
YIR004W,YIR013C,0,-0.42746666,0.04944547265768051,0.10700000077486038,0.20569999516010284
YEL069C,YLL040C,0,-0.42770568,0.04942263290286064,0.10700000077486038,0.20579999685287476
YIL061C,YHR214C-B,0,-0.42773673,0.04939981549978256,0.10700000077486038,0.20589999854564667
YOL146W,YIL077C,0,-0.42780223,0.049377020448446274,0.10700000077486038,0.20600000023841858
YDR088C,YBL005W-A,0,-0.4278129,0.04935424402356148,0.10700000077486038,0.2061000019311905
YHR007C,YHR214C-B,0,-0.4285796,0.04933148995041847,0.10700000077486038,0.2062000036239624
YOL071W,YIL077C,0,-0.4286346,0.04930875450372696,0.10700000077486038,0.20630000531673431
YOL055C,YJL114W,0,-0.42876372,0.049286045134067535,0.10700000077486038,0.20640000700950623
YDR106W,YOR344C,1,-0.4288188,0.049723755568265915,0.1080000028014183,0.20640000700950623
YMR033W,YPR193C,0,-0.42903176,0.04970087483525276,0.1080000028014183,0.20649999380111694
YOR032C,YBL005W-A,0,-0.4290643,0.0496780127286911,0.1080000028014183,0.20659999549388885
YHL047C,YOR162C,0,-0.4295486,0.04965517297387123,0.1080000028014183,0.20669999718666077
YOR099W,YBR012W-A,0,-0.4295946,0.04963235184550285,0.1080000028014183,0.20679999887943268
YLR318W,YOR347C,0,-0.42964017,0.049609553068876266,0.1080000028014183,0.2069000005722046
YOR160W,YPL276W,0,-0.42990074,0.04958677664399147,0.1080000028014183,0.2070000022649765
YCL039W,YNL244C,0,-0.42995378,0.049564018845558167,0.1080000028014183,0.2071000039577484
YMR032W,YHR214C-B,0,-0.42998365,0.04954128339886665,0.1080000028014183,0.20720000565052032
YDR168W,YMR069W,0,-0.43003288,0.04951857030391693,0.1080000028014183,0.20730000734329224
YPR001W,YBR009C,0,-0.4301221,0.0494958758354187,0.1080000028014183,0.20739999413490295
YPL249C,YGL068W,0,-0.43013602,0.04947320371866226,0.1080000028014183,0.20749999582767487
YJR121W,YBR111W-A,0,-0.43018165,0.049450550228357315,0.1080000028014183,0.20759999752044678
YOR049C,YPL128C,0,-0.43039358,0.04942791908979416,0.1080000028014183,0.2076999992132187
YIL023C,YLR301W,0,-0.43069866,0.049405306577682495,0.1080000028014183,0.2078000009059906
YFL029C,YGL229C,1,-0.43093744,0.049839962273836136,0.10899999737739563,0.2078000009059906
YMR013C,YLR301W,0,-0.43105426,0.04981718584895134,0.10899999737739563,0.2079000025987625
YJL101C,YPR080W,0,-0.43108055,0.049794428050518036,0.10899999737739563,0.20800000429153442
YDL201W,YBR012W-A,0,-0.43117845,0.049771688878536224,0.10899999737739563,0.20810000598430634
YBR156C,YIL029C,0,-0.43153605,0.049748972058296204,0.10899999737739563,0.20819999277591705
YFR034C,YGL255W,0,-0.4318995,0.049726277589797974,0.10899999737739563,0.20829999446868896
YAL035W,YPL087W,0,-0.43227607,0.049703601747751236,0.10899999737739563,0.20839999616146088
YDR176W,YER138C,0,-0.43255293,0.04968094825744629,0.10899999737739563,0.2084999978542328
YCR067C,YBR111W-A,0,-0.43297264,0.049658313393592834,0.10899999737739563,0.2085999995470047
YOR168W,YJR112W,0,-0.43306145,0.04963570088148117,0.10899999737739563,0.2087000012397766
YKL144C,YOR162C,0,-0.43315127,0.049613106995821,0.10899999737739563,0.20880000293254852
YLR369W,YBL005W-A,0,-0.4331554,0.04959053546190262,0.10899999737739563,0.20890000462532043
YJL166W,YLR448W,0,-0.43332073,0.04956798627972603,0.10899999737739563,0.20900000631809235
YNL334C,YPL276W,0,-0.43353245,0.04954545572400093,0.10899999737739563,0.20909999310970306
YBR110W,YHR214C-B,0,-0.4336854,0.049522943794727325,0.10899999737739563,0.20919999480247498
YMR069W,YJL192C,0,-0.43399045,0.04950045421719551,0.10899999737739563,0.2092999964952469
YHR068W,YJL203W,0,-0.43404514,0.04947798326611519,0.10899999737739563,0.2093999981880188
YBL040C,YBR105C,0,-0.43404877,0.04945553466677666,0.10899999737739563,0.2094999998807907
YNL117W,YER087C-B,0,-0.4342019,0.049433108419179916,0.10899999737739563,0.20960000157356262
YOL111C,YIL117C,0,-0.43425116,0.04941069707274437,0.10899999737739563,0.20970000326633453
YDR252W,YNL333W,0,-0.43442968,0.04938830807805061,0.10899999737739563,0.20980000495910645
YGL065C,YER179W,0,-0.4344754,0.04936594143509865,0.10899999737739563,0.20990000665187836
YPR132W,YJR019C,0,-0.43465915,0.049343593418598175,0.10899999737739563,0.20999999344348907
YMR182C,YPL276W,0,-0.43511367,0.04932126775383949,0.10899999737739563,0.210099995136261
YNL119W,YHR008C,0,-0.43520215,0.0492989607155323,0.10899999737739563,0.2101999968290329
YJL094C,YHL012W,0,-0.43526316,0.049276672303676605,0.10899999737739563,0.2102999985218048
YJR064W,YBR182C,0,-0.4359317,0.0492544062435627,0.10899999737739563,0.21040000021457672
YMR061W,YDR450W,0,-0.4362002,0.049232158809900284,0.10899999737739563,0.21050000190734863
YPR002W,YLR055C,0,-0.43644384,0.04920993372797966,0.10899999737739563,0.21060000360012054
YDR273W,YDL056W,0,-0.43654335,0.04918772727251053,0.10899999737739563,0.21070000529289246
YJL098W,YOR344C,1,-0.4370378,0.04961659759283066,0.10999999940395355,0.21070000529289246
YCR040W,YBR012W-A,0,-0.43708125,0.049594227224588394,0.10999999940395355,0.21080000698566437
YGL254W,YKL026C,0,-0.43718478,0.04957187920808792,0.10999999940395355,0.21089999377727509
YNL318C,YCL074W,0,-0.4373399,0.04954954981803894,0.10999999940395355,0.210999995470047
YER143W,YPL276W,0,-0.43745202,0.04952723905444145,0.10999999940395355,0.2110999971628189
YDR217C,YCL074W,0,-0.43750805,0.049504950642585754,0.10999999940395355,0.21119999885559082
YGL222C,YPR002W,0,-0.43764862,0.04948268085718155,0.10999999940395355,0.21130000054836273
YJL203W,YBL005W-A,0,-0.4376494,0.049460433423519135,0.10999999940395355,0.21140000224113464
YIL021W,YDR218C,0,-0.43779412,0.049438200891017914,0.10999999940395355,0.21150000393390656
YGR289C,YPL106C,0,-0.43798986,0.04941599443554878,0.10999999940395355,0.21160000562667847
YLR109W,YNL128W,0,-0.43802992,0.049393802881240845,0.10999999940395355,0.21170000731945038
YJL036W,YOR338W,0,-0.43807033,0.0493716336786747,0.10999999940395355,0.2117999941110611
YCR089W,YIL077C,0,-0.43830767,0.04934948310256004,0.10999999940395355,0.211899995803833
YJR050W,YCR061W,0,-0.43843448,0.04932735487818718,0.10999999940395355,0.21199999749660492
YAL040C,YGL240W,1,-0.4385784,0.049753472208976746,0.11100000143051147,0.21199999749660492
YHR067W,YOR098C,0,-0.43882892,0.04973118379712105,0.11100000143051147,0.21209999918937683
YHL024W,YDL076C,0,-0.4390045,0.049708910286426544,0.11100000143051147,0.21220000088214874
YBR164C,YJL219W,0,-0.43903673,0.04968665912747383,0.11100000143051147,0.21230000257492065
YPL132W,YMR069W,0,-0.439327,0.04966443032026291,0.11100000143051147,0.21240000426769257
YPR055W,YLR301W,0,-0.43955818,0.04964221641421318,0.11100000143051147,0.21250000596046448
YDL055C,YMR005W,0,-0.43960944,0.04962002858519554,0.11100000143051147,0.2125999927520752
YNL111C,YHR073W,0,-0.43996987,0.049597855657339096,0.11100000143051147,0.2126999944448471
YCR005C,YKL152C,0,-0.4400304,0.04957570508122444,0.11100000143051147,0.21279999613761902
YMR049C,YGR006W,0,-0.44017434,0.04955357313156128,0.11100000143051147,0.21289999783039093
YPR075C,YGL063W,0,-0.44034198,0.04953145980834961,0.11100000143051147,0.21299999952316284
YML036W,YOR329C,0,-0.44076645,0.04950936511158943,0.11100000143051147,0.21310000121593475
YAL044C,YGL016W,0,-0.4408496,0.049487292766571045,0.11100000143051147,0.21320000290870667
YML047C,YBL005W-A,0,-0.44121444,0.04946523904800415,0.11100000143051147,0.21330000460147858
YHR174W,YOR191W,0,-0.4412309,0.04944320768117905,0.11100000143051147,0.2134000062942505
YLL013C,YJL114W,0,-0.44134948,0.049421194940805435,0.11100000143051147,0.2134999930858612
YGL247W,YFR008W,0,-0.44157454,0.04939919710159302,0.11100000143051147,0.21359999477863312
YDR183W,YHL012W,0,-0.44169688,0.04937722533941269,0.11100000143051147,0.21369999647140503
YNL048W,YIR013C,0,-0.44172055,0.049355268478393555,0.11100000143051147,0.21379999816417694
YDL137W,YKL125W,0,-0.44210592,0.04933333396911621,0.11100000143051147,0.21389999985694885
YNR019W,YOR260W,0,-0.4425954,0.04931141808629036,0.11100000143051147,0.21400000154972076
YPL119C,YIL029C,0,-0.44260257,0.049289520829916,0.11100000143051147,0.21410000324249268
YJL060W,YNL042W,0,-0.44260502,0.049267642199993134,0.11100000143051147,0.2142000049352646
YHR154W,YGR197C,0,-0.44293353,0.04924578592181206,0.11100000143051147,0.2143000066280365
YLR357W,YCL074W,0,-0.44305626,0.049223948270082474,0.11100000143051147,0.21439999341964722
YHR158C,YML027W,1,-0.4430637,0.04964539036154747,0.1120000034570694,0.21439999341964722
YDL079C,YBL061C,0,-0.44326434,0.04962339252233505,0.1120000034570694,0.21449999511241913
YHR174W,YDR181C,0,-0.44329736,0.049601417034864426,0.1120000034570694,0.21459999680519104
YHL047C,YLR186W,0,-0.44343492,0.04957946017384529,0.1120000034570694,0.21469999849796295
YOL013C,YPR132W,0,-0.44352147,0.04955752193927765,0.1120000034570694,0.21480000019073486
YDR040C,YEL019C,0,-0.444047,0.0495356023311615,0.1120000034570694,0.21490000188350677
YPL200W,YNL031C,0,-0.44412038,0.04951370507478714,0.1120000034570694,0.2150000035762787
YDR040C,YGR054W,0,-0.44415554,0.04949182644486427,0.1120000034570694,0.2151000052690506
YKR076W,YBR153W,0,-0.44417185,0.0494699664413929,0.1120000034570694,0.2152000069618225
YDL175C,YGR054W,0,-0.44426823,0.049448125064373016,0.1120000034570694,0.21529999375343323
YMR316W,YHR174W,0,-0.44430828,0.049426302313804626,0.1120000034570694,0.21539999544620514
YDR273W,YLR148W,0,-0.44453248,0.04940449818968773,0.1120000034570694,0.21549999713897705
YGR288W,YDL148C,0,-0.44500804,0.04938271641731262,0.1120000034570694,0.21559999883174896
YGR072W,YLR301W,0,-0.44514227,0.04936095327138901,0.1120000034570694,0.21570000052452087
YOR295W,YLR301W,0,-0.44524333,0.049339208751916885,0.1120000034570694,0.21580000221729279
YPR042C,YIL077C,0,-0.44528297,0.049317482858896255,0.1120000034570694,0.2159000039100647
YGR147C,YHR139C,0,-0.44533992,0.04929577559232712,0.1120000034570694,0.2160000056028366
YPR164W,YPL276W,0,-0.44555435,0.04927408695220947,0.1120000034570694,0.21610000729560852
YHR079C-A,YDR165W,0,-0.44558463,0.04925241693854332,0.1120000034570694,0.21619999408721924
YNL325C,YPL276W,0,-0.4455967,0.04923076927661896,0.1120000034570694,0.21629999577999115
YDR400W,YMR050C,0,-0.44568402,0.04920914024114609,0.1120000034570694,0.21639999747276306
YGL004C,YOR315W,0,-0.44586453,0.04918752610683441,0.1120000034570694,0.21649999916553497
YER143W,YFR034C,0,-0.44593385,0.049165934324264526,0.1120000034570694,0.21660000085830688
YPL240C,YHR073W,0,-0.44658002,0.04914436116814613,0.1120000034570694,0.2167000025510788
YJR155W,YLR084C,0,-0.44663003,0.04912280663847923,0.1120000034570694,0.2168000042438507
YLR448W,YDR392W,0,-0.44666836,0.049101270735263824,0.1120000034570694,0.21690000593662262
YNR057C,YDR225W,0,-0.44683132,0.04907975345849991,0.1120000034570694,0.21699999272823334
YLR009W,YNL236W,0,-0.4470664,0.04905825853347778,0.1120000034570694,0.21709999442100525
YPL119C,YLR002C,0,-0.4477436,0.04903677850961685,0.1120000034570694,0.21719999611377716
YDR273W,YHR015W,0,-0.4478085,0.04901531711220741,0.1120000034570694,0.21729999780654907
YMR303C,YHL011C,0,-0.44805384,0.048993874341249466,0.1120000034570694,0.21739999949932098
YCL029C,YGL229C,1,-0.44873735,0.04940970614552498,0.11299999803304672,0.21739999949932098
YPR128C,YGL255W,0,-0.4488247,0.049388110637664795,0.11299999803304672,0.2175000011920929
YGR204W,YOL146W,0,-0.44918093,0.049366533756256104,0.11299999803304672,0.2176000028848648
YNR017W,YCR066W,0,-0.4493411,0.0493449792265892,0.11299999803304672,0.21770000457763672
YBR260C,YHR196W,0,-0.4499431,0.049323439598083496,0.11299999803304672,0.21780000627040863
YBL003C,YDR240C,0,-0.4499924,0.04930191859602928,0.11299999803304672,0.21789999306201935
YDL056W,YMR051C,0,-0.45008823,0.04928041994571686,0.11299999803304672,0.21799999475479126
YDL178W,YLL040C,0,-0.45068285,0.04925893619656563,0.11299999803304672,0.21809999644756317
YNL042W,YOR346W,0,-0.45068386,0.04923747107386589,0.11299999803304672,0.21819999814033508
YDL132W,YCR065W,1,-0.4513833,0.04965156689286232,0.11400000005960464,0.21819999814033508
YCR020C,YDR240C,0,-0.45158562,0.049629952758550644,0.11400000005960464,0.218299999833107
YMR025W,YFR034C,0,-0.45158905,0.04960835352540016,0.11400000005960464,0.2184000015258789
YFR005C,YGR197C,0,-0.45161694,0.04958677664399147,0.11400000005960464,0.21850000321865082
YGL167C,YOL091W,0,-0.45178366,0.04956521838903427,0.11400000005960464,0.21860000491142273
YGR092W,YMR316W,0,-0.45181862,0.049543675035238266,0.11400000005960464,0.21870000660419464
YDL055C,YLR452C,0,-0.451831,0.04952215403318405,0.11400000005960464,0.21879999339580536
YDL097C,YLR301W,0,-0.45188376,0.04950065165758133,0.11400000005960464,0.21889999508857727
YDL056W,YML039W,0,-0.45196846,0.0494791679084301,0.11400000005960464,0.21899999678134918
YLR059C,YBR111W-A,0,-0.4520732,0.049457699060440063,0.11400000005960464,0.2190999984741211
YGR085C,YNL222W,0,-0.4522813,0.04943625256419182,0.11400000005960464,0.219200000166893
YGL001C,YOR353C,0,-0.45228237,0.049414824694395065,0.11400000005960464,0.21930000185966492
YGR006W,YLL056C,0,-0.45256105,0.049393415451049805,0.11400000005960464,0.21940000355243683
YOR049C,YGR285C,0,-0.45260695,0.04937202110886574,0.11400000005960464,0.21950000524520874
YOL005C,YGL255W,0,-0.45271423,0.04935064911842346,0.11400000005960464,0.21960000693798065
YJR057W,YOR338W,0,-0.45303884,0.04932929575443268,0.11400000005960464,0.21969999372959137
YIL117C,YOR106W,0,-0.45310006,0.04930795729160309,0.11400000005960464,0.21979999542236328
YBR129C,YIL117C,0,-0.45323387,0.04928664118051529,0.11400000005960464,0.2198999971151352
YLR160C,YER169W,0,-0.45334378,0.049265339970588684,0.11400000005960464,0.2199999988079071
YGR177C,YIL149C,0,-0.453419,0.04924406111240387,0.11400000005960464,0.22010000050067902
YFR046C,YBR069C,0,-0.45372948,0.04922279715538025,0.11400000005960464,0.22020000219345093
YLR304C,YJL190C,0,-0.45377982,0.04920155555009842,0.11400000005960464,0.22030000388622284
YDL135C,YHL012W,0,-0.45397636,0.04918032884597778,0.11400000005960464,0.22040000557899475
YDR225W,YOR060C,0,-0.45404124,0.04915912076830864,0.11400000005960464,0.22050000727176666
YBR136W,YLL056C,0,-0.45431688,0.04913793131709099,0.11400000005960464,0.22059999406337738
YMR069W,YKL020C,0,-0.45444375,0.04911676049232483,0.11400000005960464,0.2206999957561493
YOR347C,YKL006C-A,0,-0.45449576,0.04909560829401016,0.11400000005960464,0.2207999974489212
YBR026C,YKL186C,0,-0.45462534,0.04907447099685669,0.11400000005960464,0.22089999914169312
YLR115W,YCR098C,0,-0.4546571,0.04905335605144501,0.11400000005960464,0.22100000083446503
YAL007C,YMR182C,0,-0.4552606,0.04903225973248482,0.11400000005960464,0.22110000252723694
YOR250C,YPR193C,0,-0.45545557,0.04901117831468582,0.11400000005960464,0.22120000422000885
YCR089W,YCR073W-A,0,-0.4555486,0.04899011552333832,0.11400000005960464,0.22130000591278076
YOR326W,YML027W,1,-0.45564964,0.04939862713217735,0.11500000208616257,0.22130000591278076
YPR002W,YBR183W,0,-0.45596877,0.04937741532921791,0.11500000208616257,0.22139999270439148
YKL032C,YML039W,0,-0.4562274,0.04935622215270996,0.11500000208616257,0.2214999943971634
YDL132W,YKR054C,1,-0.4563786,0.04976404830813408,0.11599999666213989,0.2214999943971634
YLL042C,YLR301W,0,-0.4568208,0.04974270984530449,0.11599999666213989,0.2215999960899353
YDR201W,YOR344C,1,-0.4570475,0.05015002191066742,0.11699999868869781,0.2215999960899353
YPL058C,YJR010C-A,0,-0.45754912,0.05012853443622589,0.11699999868869781,0.22169999778270721
YLL042C,YJL060W,0,-0.45785376,0.050107065588235855,0.11699999868869781,0.22179999947547913
YBR009C,YGL194C,0,-0.4578947,0.05008561536669731,0.11699999868869781,0.22190000116825104
YLL043W,YPL276W,0,-0.45790905,0.05006418377161026,0.11699999868869781,0.22200000286102295
YCR066W,YML039W,0,-0.4580374,0.0500427708029747,0.11699999868869781,0.22210000455379486
YDR342C,YNR017W,0,-0.45804974,0.050021376460790634,0.11699999868869781,0.22220000624656677
YLL001W,YOL091W,0,-0.45820788,0.05000000074505806,0.11699999868869781,0.2222999930381775
YFL056C,YLR069C,0,-0.45828572,0.04997863993048668,0.11699999868869781,0.2223999947309494
YLR318W,YPL106C,0,-0.4585686,0.04995730146765709,0.11699999868869781,0.2224999964237213
YDR009W,YKL021C,0,-0.4587982,0.04993597790598869,0.11699999868869781,0.22259999811649323
YKL152C,YOR049C,0,-0.45908824,0.04991467669606209,0.11699999868869781,0.22269999980926514
YBR093C,YNL243W,0,-0.45931384,0.04989339038729668,0.11699999868869781,0.22280000150203705
YPR199C,YDR449C,0,-0.45974407,0.04987212270498276,0.11699999868869781,0.22290000319480896
YHR214C-B,YJL114W,0,-0.4598123,0.04985087364912033,0.11699999868869781,0.22300000488758087
YMR116C,YGR141W,0,-0.45995364,0.049829643219709396,0.11699999868869781,0.22310000658035278
YBL045C,YAL044C,0,-0.46020305,0.049808427691459656,0.11699999868869781,0.2231999933719635
YOR040W,YNL283C,0,-0.46031752,0.049787234514951706,0.11699999868869781,0.2232999950647354
YLR158C,YHR164C,0,-0.46059027,0.04976605623960495,0.11699999868869781,0.22339999675750732
YCR020C,YDR322C-A,0,-0.46131298,0.049744896590709686,0.11699999868869781,0.22349999845027924
YPL050C,YPL283C,0,-0.46163926,0.049723755568265915,0.11699999868869781,0.22360000014305115
YFL039C,YFR027W,1,-0.46205428,0.05012744292616844,0.11800000071525574,0.22360000014305115
YGL222C,YLR324W,0,-0.46242693,0.05010615661740303,0.11800000071525574,0.22370000183582306
YKL007W,YNL318C,0,-0.4624823,0.05008488893508911,0.11800000071525574,0.22380000352859497
YBL045C,YFL017W-A,0,-0.46263543,0.050063639879226685,0.11800000071525574,0.22390000522136688
YLR270W,YCR028C-A,0,-0.4627,0.05004240944981575,0.11800000071525574,0.2240000069141388
YGR289C,YJL164C,0,-0.46276256,0.05002119392156601,0.11800000071525574,0.2240999937057495
YJL060W,YOR106W,0,-0.4627761,0.05000000074505806,0.11800000071525574,0.22419999539852142
YDR258C,YCR018C,0,-0.46287712,0.049978822469711304,0.11800000071525574,0.22429999709129333
YKL120W,YGR054W,0,-0.46294641,0.04995766282081604,0.11800000071525574,0.22439999878406525
YHR116W,YLR084C,0,-0.46321002,0.04993652179837227,0.11800000071525574,0.22450000047683716
YJL060W,YMR051C,0,-0.4632308,0.04991539940237999,0.11800000071525574,0.22460000216960907
YLR051C,YOR032C,0,-0.46400395,0.049894291907548904,0.11800000071525574,0.22470000386238098
YDR314C,YHR196W,0,-0.46403244,0.04987320303916931,0.11800000071525574,0.2248000055551529
YPR112C,YCL074W,0,-0.46443382,0.04985213279724121,0.11800000071525574,0.2249000072479248
YLR051C,YOR388C,0,-0.46462902,0.0498310811817646,0.11800000071525574,0.22499999403953552
YCL039W,YOR193W,0,-0.4647706,0.04981004819273949,0.11800000071525574,0.22509999573230743
YLR002C,YMR051C,0,-0.4649003,0.049789030104875565,0.11800000071525574,0.22519999742507935
YGR289C,YJL203W,0,-0.4649382,0.049768030643463135,0.11800000071525574,0.22529999911785126
YMR116C,YMR263W,0,-0.4650239,0.0497470498085022,0.11800000071525574,0.22540000081062317
YNL111C,YPL125W,0,-0.4651617,0.049726083874702454,0.11800000071525574,0.22550000250339508
YMR049C,YJL026W,0,-0.46533772,0.0497051402926445,0.11800000071525574,0.225600004196167
YNL274C,YAL056W,0,-0.46534124,0.04968421161174774,0.11800000071525574,0.2257000058889389
YIL009W,YJL164C,0,-0.46543697,0.049663297832012177,0.11800000071525574,0.22579999268054962
YOL016C,YEL069C,0,-0.4655924,0.0496424064040184,0.11800000071525574,0.22589999437332153
YPR134W,YDL112W,0,-0.4659893,0.04962152987718582,0.11800000071525574,0.22599999606609344
YBR129C,YKL125W,0,-0.4665067,0.04960067197680473,0.11800000071525574,0.22609999775886536
YDL079C,YPR110C,0,-0.46653473,0.04957983270287514,0.11800000071525574,0.22619999945163727
YNR057C,YKL165C,0,-0.4665441,0.049559008330106735,0.11800000071525574,0.22630000114440918
YBL003C,YGR241C,0,-0.4665819,0.049538202583789825,0.11800000071525574,0.2264000028371811
YDR106W,YER089C,1,-0.4668207,0.04993705451488495,0.11900000274181366,0.2264000028371811
YJL140W,YHR139C,0,-0.4668592,0.0499161072075367,0.11900000274181366,0.226500004529953
YJR047C,YFR046C,0,-0.4669056,0.04989517852663994,0.11900000274181366,0.22660000622272491
YFL056C,YNL334C,0,-0.46700242,0.04987426474690437,0.11900000274181366,0.22669999301433563
YJR047C,YGR163W,0,-0.46706238,0.0498533733189106,0.11900000274181366,0.22679999470710754
YLR160C,YOR193W,0,-0.46709424,0.04983249679207802,0.11900000274181366,0.22689999639987946
YHR191C,YML027W,1,-0.46777716,0.050230223685503006,0.11999999731779099,0.22689999639987946
YNL106C,YLL056C,0,-0.46800706,0.050209205597639084,0.11999999731779099,0.22699999809265137
YER095W,YMR051C,0,-0.46813416,0.050188206136226654,0.11999999731779099,0.22709999978542328
YPL048W,YOR250C,0,-0.46813783,0.05016722530126572,0.11999999731779099,0.2272000014781952
YGL150C,YCL033C,0,-0.46886864,0.05014625936746597,0.11999999731779099,0.2273000031709671
YBR279W,YML039W,0,-0.46939322,0.05012531206011772,0.11999999731779099,0.227400004863739
YJL165C,YBL005W-A,0,-0.46947756,0.05010438337922096,0.11999999731779099,0.22750000655651093
YGR227W,YMR051C,0,-0.46950218,0.050083473324775696,0.11999999731779099,0.22759999334812164
YBR211C,YML123C,0,-0.46970007,0.05006257817149162,0.11999999731779099,0.22769999504089355
YDR225W,YER127W,0,-0.46979174,0.05004170164465904,0.11999999731779099,0.22779999673366547
YBR164C,YPL058C,0,-0.4699307,0.050020843744277954,0.11999999731779099,0.22789999842643738
YHR205W,YML039W,0,-0.4699781,0.05000000074505806,0.11999999731779099,0.2280000001192093
YER169W,YJL138C,0,-0.47040763,0.04997917637228966,0.11999999731779099,0.2281000018119812
YLR160C,YCL034W,0,-0.47041103,0.04995836690068245,0.11999999731779099,0.2282000035047531
YNL243W,YLR010C,0,-0.4705354,0.04993757978081703,0.11999999731779099,0.22830000519752502
YPL127C,YJL219W,0,-0.47093138,0.04991680383682251,0.11999999731779099,0.22840000689029694
YBR066C,YDR400W,0,-0.47110394,0.04989605024456978,0.11999999731779099,0.22849999368190765
YJL111W,YHR015W,0,-0.47201023,0.04987531155347824,0.11999999731779099,0.22859999537467957
YOR136W,YBR061C,0,-0.47205397,0.049854591488838196,0.11999999731779099,0.22869999706745148
YMR032W,YDR224C,0,-0.47216853,0.049833886325359344,0.11999999731779099,0.2287999987602234
YLR069C,YBL005W-A,0,-0.4724652,0.049813199788331985,0.11999999731779099,0.2289000004529953
YOL002C,YBL061C,0,-0.472793,0.04979253187775612,0.11999999731779099,0.2290000021457672
YHR150W,YHL012W,0,-0.47288072,0.049771878868341446,0.11999999731779099,0.22910000383853912
YHR178W,YBR061C,0,-0.47296745,0.049751244485378265,0.11999999731779099,0.22920000553131104
YCL074W,YIL029C,0,-0.47299337,0.04973062500357628,0.11999999731779099,0.22930000722408295
YHR015W,YPL082C,0,-0.47345975,0.049710024148225784,0.11999999731779099,0.22939999401569366
YHR079C,YNL248C,0,-0.47350967,0.04968944191932678,0.11999999731779099,0.22949999570846558
YPL040C,YLR448W,0,-0.47370747,0.049668874591588974,0.11999999731779099,0.2295999974012375
YNL248C,YGL098W,0,-0.4740256,0.04964832589030266,0.11999999731779099,0.2296999990940094
YJR139C,YNL318C,0,-0.47409356,0.049627792090177536,0.11999999731779099,0.2298000007867813
YJL074C,YOR344C,1,-0.47410747,0.050020668655633926,0.12099999934434891,0.2298000007867813
YLR074C,YDL106C,0,-0.47410938,0.05000000074505806,0.12099999934434891,0.22990000247955322
YOR160W,YBR111W-A,0,-0.4745868,0.04997934773564339,0.12099999934434891,0.23000000417232513
YPL086C,YHL012W,0,-0.47485664,0.049958713352680206,0.12099999934434891,0.23010000586509705
YMR303C,YLR466W,0,-0.4753442,0.04993809387087822,0.12099999934434891,0.23019999265670776
YGR204W,YMR316W,0,-0.4755148,0.049917493015527725,0.12099999934434891,0.23029999434947968
YDL076C,YER138C,0,-0.4756594,0.049896907061338425,0.12099999934434891,0.2303999960422516
YIL070C,YNL236W,0,-0.47569308,0.049876339733600616,0.12099999934434891,0.2304999977350235
YJL129C,YNR064C,0,-0.47580567,0.049855787307024,0.12099999934434891,0.2305999994277954
YPR193C,YNL287W,0,-0.47583374,0.04983525350689888,0.12099999934434891,0.23070000112056732
YML077W,YOR084W,0,-0.4760824,0.04981473833322525,0.12099999934434891,0.23080000281333923
YHL012W,YOR084W,0,-0.47629455,0.049794238060712814,0.12099999934434891,0.23090000450611115
YGR109C,YIL153W,1,-0.4765698,0.05018511041998863,0.12200000137090683,0.23090000450611115
YJL092W,YDR225W,0,-0.47667375,0.05016447231173515,0.12200000137090683,0.23100000619888306
YDR377W,YJL114W,0,-0.47691226,0.050143856555223465,0.12200000137090683,0.23109999299049377
YPL028W,YGR054W,0,-0.47711867,0.05012325569987297,0.12200000137090683,0.23119999468326569
YIL149C,YGR197C,0,-0.47714567,0.05010266974568367,0.12200000137090683,0.2312999963760376
YFL035C-A,YFL035C,1,-0.47717348,0.05049261078238487,0.12300000339746475,0.2312999963760376
YFL034C-B,YFL035C,1,-0.47717348,0.05088223144412041,0.12399999797344208,0.2312999963760376
YOR295W,YJL114W,0,-0.47743917,0.05086136236786842,0.12399999797344208,0.2313999980688095
YGR289C,YNL236W,0,-0.47747627,0.050840508192777634,0.12399999797344208,0.23149999976158142
YGL021W,YLR102C,1,-0.477499,0.051229506731033325,0.125,0.23149999976158142
YHR160C,YOR151C,0,-0.47751683,0.05120852217078209,0.125,0.23160000145435333
YDR106W,YIL031W,1,-0.47764242,0.051597051322460175,0.12600000202655792,0.23160000145435333
YLR157C,YDL079C,0,-0.47765967,0.051575932651758194,0.12600000202655792,0.23170000314712524
YPL266W,YGR288W,0,-0.47800767,0.05155482888221741,0.12600000202655792,0.23180000483989716
YDR191W,YIL077C,0,-0.47870246,0.05153374373912811,0.12600000202655792,0.23190000653266907
YNL148C,YKR063C,0,-0.47900572,0.05151267349720001,0.12600000202655792,0.23199999332427979
YGR109C,YDL047W,1,-0.479043,0.051900286227464676,0.12700000405311584,0.23199999332427979
YJL165C,YJL114W,0,-0.47912028,0.05187908560037613,0.12700000405311584,0.2320999950170517
YNL274C,YOL031C,0,-0.4792454,0.051857899874448776,0.12700000405311584,0.2321999967098236
YOL156W,YNL244C,0,-0.47927597,0.051836736500263214,0.12700000405311584,0.23229999840259552
YCR040W,YMR061W,0,-0.47959372,0.05181558430194855,0.12700000405311584,0.23240000009536743
YER068W,YLR301W,0,-0.4797131,0.05179445445537567,0.12700000405311584,0.23250000178813934
YLR186W,YNL325C,0,-0.47977492,0.05177333950996399,0.12700000405311584,0.23260000348091125
YAR015W,YOR084W,0,-0.4799135,0.0517522394657135,0.12700000405311584,0.23270000517368317
YDR009W,YHL012W,0,-0.48003268,0.0517311617732048,0.12700000405311584,0.23280000686645508
YPR001W,YBL061C,0,-0.48003533,0.0517100989818573,0.12700000405311584,0.2328999936580658
YJR160C,YJL164C,0,-0.48043397,0.05168905109167099,0.12700000405311584,0.2329999953508377
YCR005C,YMR026C,0,-0.48093113,0.05166802182793617,0.12700000405311584,0.23309999704360962
YIL138C,YHR214C-B,0,-0.4811817,0.05164701119065285,0.12700000405311584,0.23319999873638153
YNL127W,YLL056C,0,-0.48126808,0.051626015454530716,0.12700000405311584,0.23330000042915344
YPL266W,YMR210W,0,-0.48157683,0.05160503834486008,0.12700000405311584,0.23340000212192535
YJR155W,YPL254W,0,-0.48157832,0.05158407613635063,0.12700000405311584,0.23350000381469727
YPR132W,YHR205W,0,-0.4817071,0.05156313255429268,0.12700000405311584,0.23360000550746918
YJR160C,YJL108C,0,-0.48196724,0.05154220759868622,0.12700000405311584,0.2337000072002411
YPR110C,YPR055W,0,-0.48325256,0.05152129754424095,0.12700000405311584,0.2337999939918518
YNL148C,YOL128C,0,-0.48329586,0.05150040611624718,0.12700000405311584,0.23389999568462372
YIL009W,YNL236W,0,-0.484064,0.0514795295894146,0.12700000405311584,0.23399999737739563
YDR022C,YPR074C,0,-0.4840848,0.05145867168903351,0.12700000405311584,0.23409999907016754
YFR046C,YPL283C,0,-0.48425415,0.051437828689813614,0.12700000405311584,0.23420000076293945
YER169W,YOR315W,0,-0.48430082,0.05141700431704521,0.12700000405311584,0.23430000245571136
YOR377W,YLR264W,0,-0.48431888,0.051396194845438004,0.12700000405311584,0.23440000414848328
YGL001C,YBR156C,0,-0.48434988,0.05137540400028229,0.12700000405311584,0.2345000058412552
YER068W,YML039W,0,-0.48440012,0.051354631781578064,0.12700000405311584,0.2345999926328659
YDL109C,YMR293C,0,-0.48471764,0.051333870738744736,0.12700000405311584,0.23469999432563782
YGL001C,YJR050W,0,-0.484748,0.0513131320476532,0.12700000405311584,0.23479999601840973
YBR256C,YBL005W-A,0,-0.4848517,0.051292408257722855,0.12700000405311584,0.23489999771118164
YNL037C,YBR183W,0,-0.4848542,0.051271699368953705,0.12700000405311584,0.23499999940395355
YLR304C,YPL217C,0,-0.48533544,0.05125100910663605,0.12700000405311584,0.23510000109672546
YGR063C,YGR054W,0,-0.48536232,0.051230333745479584,0.12700000405311584,0.23520000278949738
YNL287W,YML039W,0,-0.48543888,0.05120967701077461,0.12700000405311584,0.2353000044822693
YER044C,YER138C,0,-0.48631185,0.051189035177230835,0.12700000405311584,0.2354000061750412
YKL007W,YKR081C,0,-0.48638526,0.05116841197013855,0.12700000405311584,0.23549999296665192
YJR047C,YFR008W,0,-0.48664674,0.05114780366420746,0.12700000405311584,0.23559999465942383
YBR111W-A,YJL164C,0,-0.4867241,0.05112721398472786,0.12700000405311584,0.23569999635219574
YOL146W,YJL114W,0,-0.48674276,0.051106639206409454,0.12700000405311584,0.23579999804496765
YBR156C,YML029W,0,-0.4869551,0.05108608305454254,0.12700000405311584,0.23589999973773956
YKL026C,YMR210W,0,-0.48695654,0.05106554180383682,0.12700000405311584,0.23600000143051147
YCR020C,YNR052C,0,-0.4871002,0.0510450154542923,0.12700000405311584,0.2361000031232834
YOR388C,YDR225W,0,-0.48727396,0.051024507731199265,0.12700000405311584,0.2362000048160553
YBR026C,YLL013C,0,-0.48791352,0.051004014909267426,0.12700000405311584,0.2363000065088272
YBR111W-A,YDR126W,0,-0.48799205,0.05098354071378708,0.12700000405311584,0.23639999330043793
YGL222C,YLR075W,0,-0.48799887,0.050963081419467926,0.12700000405311584,0.23649999499320984
YJL031C,YGR227W,0,-0.48845333,0.050942640751600266,0.12700000405311584,0.23659999668598175
YEL029C,YMR053C,0,-0.48847145,0.0509222149848938,0.12700000405311584,0.23669999837875366
YLR115W,YGL001C,0,-0.48893297,0.050901804119348526,0.12700000405311584,0.23680000007152557
YIR025W,YOR344C,1,-0.48898825,0.05128205195069313,0.12800000607967377,0.23680000007152557
YLR033W,YGL255W,0,-0.4890269,0.05126151442527771,0.12800000607967377,0.23690000176429749
YGL240W,YJL098W,1,-0.48903155,0.0516413114964962,0.1289999932050705,0.23690000176429749
YMR150C,YFL059W,0,-0.48904082,0.05162064731121063,0.1289999932050705,0.2370000034570694
YML123C,YIR008C,0,-0.48955062,0.051600001752376556,0.1289999932050705,0.2371000051498413
YGL120C,YDR314C,0,-0.48978522,0.051579367369413376,0.1289999932050705,0.23720000684261322
YAL044C,YBR223C,0,-0.48983085,0.05155875161290169,0.1289999932050705,0.23729999363422394
YJR017C,YBR111W-A,0,-0.48995212,0.05153815448284149,0.1289999932050705,0.23739999532699585
YBR260C,YLR466W,0,-0.4900117,0.05151757225394249,0.1289999932050705,0.23749999701976776
YIL124W,YBR155W,0,-0.49009803,0.05149700492620468,0.1289999932050705,0.23759999871253967
YPL217C,YJL026W,0,-0.49029818,0.051476456224918365,0.1289999932050705,0.23770000040531158
YER179W,YDR379W,0,-0.49055645,0.05145592242479324,0.1289999932050705,0.2378000020980835
YDR379W,YIL077C,0,-0.49059996,0.051435407251119614,0.1289999932050705,0.2379000037908554
YPL228W,YIL123W,0,-0.4907449,0.05141490697860718,0.1289999932050705,0.23800000548362732
YJL111W,YDR263C,0,-0.49110577,0.051394421607255936,0.1289999932050705,0.23810000717639923
YGL206C,YML047C,0,-0.49219942,0.051373954862356186,0.1289999932050705,0.23819999396800995
YGL021W,YGL240W,1,-0.49237737,0.05175159126520157,0.12999999523162842,0.23819999396800995
YCR005C,YHL025W,0,-0.49245837,0.05173099786043167,0.12999999523162842,0.23829999566078186
YAL059W,YOR049C,0,-0.49270838,0.051710423082113266,0.12999999523162842,0.23839999735355377
YGL200C,YCR020C,0,-0.49275556,0.051689859479665756,0.12999999523162842,0.23849999904632568
YHL040C,YDR258C,0,-0.49301684,0.05166931822896004,0.12999999523162842,0.2386000007390976
YPR132W,YPL087W,0,-0.49337968,0.051648788154125214,0.12999999523162842,0.2387000024318695
YHR163W,YMR051C,0,-0.493454,0.05162827670574188,0.12999999523162842,0.23880000412464142
YHR081W,YGR059W,0,-0.49365848,0.051607780158519745,0.12999999523162842,0.23890000581741333
YJR153W,YGR085C,0,-0.49385992,0.0515873022377491,0.12999999523162842,0.23899999260902405
YDR252W,YOR294W,0,-0.49403593,0.05156683921813965,0.12999999523162842,0.23909999430179596
YDR085C,YIL021W,0,-0.49420196,0.05154639109969139,0.12999999523162842,0.23919999599456787
YHL024W,YOR043W,0,-0.49456313,0.051525961607694626,0.12999999523162842,0.23929999768733978
YML132W,YCR081W,0,-0.49488482,0.051505547016859055,0.12999999523162842,0.2393999993801117
YPR141C,YIL153W,1,-0.4954967,0.05188118666410446,0.13099999725818634,0.2393999993801117
YDR052C,YDR258C,0,-0.4967297,0.05186064913868904,0.13099999725818634,0.2395000010728836
YDL137W,YOR031W,0,-0.49677274,0.051840126514434814,0.13099999725818634,0.23960000276565552
YDR420W,YIL066C,0,-0.49717256,0.05181961879134178,0.13099999725818634,0.23970000445842743
YPL200W,YJR160C,0,-0.49727717,0.05179912969470024,0.13099999725818634,0.23980000615119934
YLR368W,YDL055C,0,-0.49729314,0.051778655499219894,0.13099999725818634,0.23989999294281006
YJL190C,YDR289C,0,-0.49731112,0.05175819993019104,0.13099999725818634,0.23999999463558197
YDL079C,YKL125W,0,-0.49735793,0.05173775553703308,0.13099999725818634,0.24009999632835388
YLR219W,YCR057C,0,-0.49742433,0.051717329770326614,0.13099999725818634,0.2401999980211258
YMR163C,YGL120C,0,-0.49746764,0.05169692263007164,0.13099999725818634,0.2402999997138977
YNL111C,YPL119C,0,-0.4975783,0.05167653039097786,0.13099999725818634,0.24040000140666962
YDR225W,YPR046W,0,-0.49762312,0.05165615305304527,0.13099999725818634,0.24050000309944153
YDR225W,YKL093W,0,-0.4978653,0.05163579061627388,0.13099999725818634,0.24060000479221344
YJL092W,YDL109C,0,-0.49808878,0.05161544680595398,0.13099999725818634,0.24070000648498535
YJR155W,YDL178W,0,-0.4981909,0.05159511789679527,0.13099999725818634,0.24079999327659607
YNR019W,YBR223C,0,-0.49832913,0.05157480388879776,0.13099999725818634,0.24089999496936798
YPR122W,YGR059W,0,-0.49867114,0.05155450478196144,0.13099999725818634,0.2409999966621399
YPL217C,YMR030W,0,-0.49871698,0.051534224301576614,0.13099999725818634,0.2410999983549118
YGL130W,YNL328C,0,-0.49877882,0.05151395872235298,0.13099999725818634,0.24120000004768372
YLR131C,YDR106W,1,-0.49927428,0.05188679322600365,0.13199999928474426,0.24120000004768372
YLR113W,YLR320W,0,-0.49996117,0.051866404712200165,0.13199999928474426,0.24130000174045563
YPR023C,YHR139C,0,-0.5003821,0.051846034824848175,0.13199999928474426,0.24140000343322754
YKL026C,YKL079W,0,-0.5003833,0.05182567611336708,0.13199999928474426,0.24150000512599945
YHR161C,YJL114W,0,-0.5005857,0.05180533602833748,0.13199999928474426,0.24160000681877136
YHR068W,YML049C,0,-0.50059927,0.05178501456975937,0.13199999928474426,0.24169999361038208
YCL039W,YML039W,0,-0.5012566,0.051764704287052155,0.13199999928474426,0.241799995303154
YOR179C,YJL138C,0,-0.5012678,0.05174441263079643,0.13199999928474426,0.2418999969959259
YDL043C,YJL026W,0,-0.5013957,0.0517241396009922,0.13199999928474426,0.24199999868869781
YPL040C,YDL059C,0,-0.5014713,0.05170387774705887,0.13199999928474426,0.24210000038146973
YLR144C,YPL048W,0,-0.50159645,0.051683634519577026,0.13199999928474426,0.24220000207424164
YKL206C,YHR138C,0,-0.5017183,0.05166340619325638,0.13199999928474426,0.24230000376701355
YCR010C,YGR059W,0,-0.5018332,0.051643192768096924,0.13199999928474426,0.24240000545978546
YIL117C,YBL005W-A,0,-0.50192034,0.05162299424409866,0.13199999928474426,0.24250000715255737
YMR049C,YCR089W,0,-0.50195086,0.051602814346551895,0.13199999928474426,0.2425999939441681
YLR405W,YOR329C,0,-0.5021869,0.05158264935016632,0.13199999928474426,0.24269999563694
YOR026W,YOR344C,1,-0.5022976,0.05195312574505806,0.13300000131130219,0.24269999563694
YLR219W,YLR002C,0,-0.5023707,0.051932837814092636,0.13300000131130219,0.24279999732971191
YIL138C,YOR162C,0,-0.5024011,0.051912568509578705,0.13300000131130219,0.24289999902248383
YMR097C,YAL023C,0,-0.5026798,0.05189231410622597,0.13300000131130219,0.24300000071525574
YDR252W,YGR285C,0,-0.50269985,0.051872074604034424,0.13300000131130219,0.24310000240802765
YBR111W-A,YJL143W,0,-0.5028012,0.051851850003004074,0.13300000131130219,0.24320000410079956
YJL099W,YBR155W,0,-0.5029474,0.05183164402842522,0.13300000131130219,0.24330000579357147
YDR224C,YCL034W,0,-0.5029977,0.05181145295500755,0.13300000131130219,0.2433999925851822
YKL125W,YGL255W,0,-0.5030377,0.05179127678275108,0.13300000131130219,0.2434999942779541
YJR155W,YMR033W,0,-0.5030682,0.05177111551165581,0.13300000131130219,0.243599995970726
YJR121W,YMR316W,0,-0.5031704,0.051750972867012024,0.13300000131130219,0.24369999766349792
YIL147C,YPR080W,0,-0.50346315,0.051730845123529434,0.13300000131130219,0.24379999935626984
YGR055W,YHL025W,0,-0.5036817,0.05171073228120804,0.13300000131130219,0.24390000104904175
YFR034C,YDR427W,0,-0.504077,0.051690634340047836,0.13300000131130219,0.24400000274181366
YDL079C,YMR210W,0,-0.50414896,0.05167055130004883,0.13300000131130219,0.24410000443458557
YGL247W,YGR289C,0,-0.5041603,0.05165048688650131,0.13300000131130219,0.24420000612735748
YCR098C,YMR139W,0,-0.5043241,0.05163043364882469,0.13300000131130219,0.2442999929189682
YLR304C,YCR057C,0,-0.5045819,0.051610399037599564,0.13300000131130219,0.2443999946117401
YLR102C,YOR326W,1,-0.50486183,0.051978278905153275,0.1340000033378601,0.2443999946117401
YPL058C,YOR341W,0,-0.5051254,0.051958125084638596,0.1340000033378601,0.24449999630451202
YDR432W,YML076C,0,-0.50549024,0.05193798616528511,0.1340000033378601,0.24459999799728394
YDR469W,YPL276W,0,-0.5056062,0.05191786214709282,0.1340000033378601,0.24469999969005585
YHR023W,YFL045C,0,-0.50570667,0.05189775303006172,0.1340000033378601,0.24480000138282776
YDR173C,YIL021W,0,-0.5057348,0.05187766253948212,0.1340000033378601,0.24490000307559967
YCR040W,YMR053C,0,-0.5061927,0.051857586950063705,0.1340000033378601,0.24500000476837158
YNL037C,YOR127W,0,-0.50644886,0.05183752253651619,0.1340000033378601,0.2451000064611435
YCR040W,YAL023C,0,-0.5064533,0.051817480474710464,0.1340000033378601,0.2451999932527542
YOL013C,YDR225W,0,-0.5070838,0.051797449588775635,0.1340000033378601,0.24529999494552612
YMR183C,YOR162C,0,-0.50713754,0.051777433604002,0.1340000033378601,0.24539999663829803
YJR132W,YFR034C,0,-0.5071799,0.051757436245679855,0.1340000033378601,0.24549999833106995
YDL105W,YHR139C,0,-0.50738484,0.05173745006322861,0.1340000033378601,0.24560000002384186
YGL001C,YHR205W,0,-0.50757074,0.05171748250722885,0.1340000033378601,0.24570000171661377
YJL062W,YOL091W,0,-0.50760734,0.05169752985239029,0.1340000033378601,0.24580000340938568
YOL111C,YKL144C,0,-0.508108,0.05167759209871292,0.1340000033378601,0.2459000051021576
YBL045C,YMR210W,0,-0.5083091,0.051657672971487045,0.1340000033378601,0.2460000067949295
YHL022C,YJL093C,0,-0.50871694,0.051637765020132065,0.1340000033378601,0.24609999358654022
YGL194C,YCR020C,0,-0.508783,0.05161787196993828,0.1340000033378601,0.24619999527931213
YJR047C,YKL110C,0,-0.509145,0.051597997546195984,0.1340000033378601,0.24629999697208405
YFL057C,YJL168C,0,-0.50914645,0.05157813802361488,0.1340000033378601,0.24639999866485596
YJR083C,YEL027W,0,-0.5091779,0.05155829340219498,0.1340000033378601,0.24650000035762787
YGR109C,YER089C,1,-0.50940484,0.051923077553510666,0.13500000536441803,0.24650000035762787
YPL085W,YNL333W,0,-0.5094367,0.05190311372280121,0.13500000536441803,0.24660000205039978
YLR051C,YJL114W,0,-0.5094788,0.05188316851854324,0.13500000536441803,0.2467000037431717
YPL058C,YJL143W,0,-0.50950503,0.051863234490156174,0.13500000536441803,0.2468000054359436
YPL151C,YGL062W,0,-0.50966114,0.051843319088220596,0.13500000536441803,0.24690000712871552
YPR122W,YKR076W,0,-0.50987834,0.051823414862155914,0.13500000536441803,0.24699999392032623
YKR036C,YIL029C,0,-0.51008546,0.051803529262542725,0.13500000536441803,0.24709999561309814
YJR017C,YBL003C,0,-0.5105028,0.05178365856409073,0.13500000536441803,0.24719999730587006
YDR450W,YHR079C-A,0,-0.51055866,0.05176380276679993,0.13500000536441803,0.24729999899864197
YDL059C,YJL026W,0,-0.510561,0.05174396187067032,0.13500000536441803,0.24740000069141388
YGR288W,YIL021W,0,-0.5105951,0.0517241396009922,0.13500000536441803,0.2475000023841858
YHR052W,YOR060C,0,-0.5110903,0.05170432850718498,0.13500000536441803,0.2476000040769577
YCR098C,YKL028W,0,-0.511101,0.051684532314538956,0.13500000536441803,0.24770000576972961
YBR041W,YCR089W,0,-0.51122034,0.05166475474834442,0.13500000536441803,0.24779999256134033
YMR056C,YHL012W,0,-0.51123345,0.05164498835802078,0.13500000536441803,0.24789999425411224
YLR107W,YBR069C,0,-0.5112555,0.051625240594148636,0.13500000536441803,0.24799999594688416
YNL206C,YBR182C,0,-0.5112649,0.051605504006147385,0.13500000536441803,0.24809999763965607
YGR109C,YGR245C,1,-0.5115484,0.05196790397167206,0.13600000739097595,0.24809999763965607
YLR158C,YNL139C,0,-0.511909,0.051948051899671555,0.13600000739097595,0.24819999933242798
YOR032C,YDL112W,0,-0.51194274,0.05192821845412254,0.13600000739097595,0.2483000010251999
YOR347C,YCR066W,0,-0.51203924,0.05190839618444443,0.13600000739097595,0.2484000027179718
YBR153W,YJL164C,0,-0.5121566,0.051888592541217804,0.13600000739097595,0.2485000044107437
YLR059C,YJL164C,0,-0.5124224,0.051868803799152374,0.13600000739097595,0.24860000610351562
YFL034C-B,YGL229C,1,-0.51244587,0.05223027244210243,0.13699999451637268,0.24860000610351562
YPR082C,YCR040W,0,-0.5125561,0.05221036449074745,0.13699999451637268,0.24869999289512634
YER012W,YHL024W,0,-0.5141152,0.052190475165843964,0.13699999451637268,0.24879999458789825
YGR185C,YLR301W,0,-0.514369,0.05217060074210167,0.13699999451637268,0.24889999628067017
YJL035C,YGR054W,0,-0.51441526,0.05215074121952057,0.13699999451637268,0.24899999797344208
YJL058C,YIL123W,0,-0.5146948,0.05213089659810066,0.13699999451637268,0.249099999666214
YNL318C,YIR026C,0,-0.5147001,0.05211107060313225,0.13699999451637268,0.2492000013589859
YDL045C,YOR338W,0,-0.5147692,0.05209125578403473,0.13699999451637268,0.2493000030517578
YGL200C,YGR055W,0,-0.5147721,0.052071455866098404,0.13699999451637268,0.24940000474452972
YML029W,YIR026C,0,-0.5148424,0.05205167084932327,0.13699999451637268,0.24950000643730164
YDR218C,YDL015C,0,-0.5150128,0.052031904458999634,0.13699999451637268,0.24959999322891235
YBL003C,YIL084C,0,-0.51508915,0.05201214924454689,0.13699999451637268,0.24969999492168427
YAR015W,YJL031C,0,-0.51509154,0.05199240893125534,0.13699999451637268,0.24979999661445618
YLR431C,YMR308C,0,-0.5153526,0.05197268724441528,0.13699999451637268,0.2498999983072281
YGL194C,YGL167C,0,-0.51633704,0.05195297673344612,0.13699999451637268,0.25
YPR111W,YBR111W-A,0,-0.5167061,0.05193328112363815,0.13699999451637268,0.2500999867916107
YAL040C,YGR245C,1,-0.51671886,0.052292533218860626,0.1379999965429306,0.2500999867916107
YCL034W,YDR432W,0,-0.51691115,0.052272725850343704,0.1379999965429306,0.2502000033855438
YDR085C,YML001W,0,-0.51717925,0.052252933382987976,0.1379999965429306,0.25029999017715454
YOR032C,YNL243W,0,-0.51754177,0.05223315581679344,0.1379999965429306,0.25040000677108765
YFL029C,YGR109C,1,-0.5176823,0.052591752260923386,0.13899999856948853,0.25040000677108765
YGL062W,YER072W,0,-0.5177468,0.0525718592107296,0.13899999856948853,0.25049999356269836
YDL055C,YDR217C,0,-0.5178443,0.052551984786987305,0.13899999856948853,0.25060001015663147
YLR192C,YNL128W,0,-0.5178759,0.052532125264406204,0.13899999856948853,0.2506999969482422
YNL288W,YMR210W,0,-0.5180707,0.052512276917696,0.13899999856948853,0.2508000135421753
YOL017W,YJL166W,0,-0.51836956,0.052492447197437286,0.13899999856948853,0.250900000333786
YJL219W,YBL061C,0,-0.5184046,0.05247263237833977,0.13899999856948853,0.25099998712539673
YGL144C,YPR074C,0,-0.5187661,0.052452828735113144,0.13899999856948853,0.25110000371932983
YAL056W,YNL333W,0,-0.5193664,0.05243304371833801,0.13899999856948853,0.25119999051094055
YJR160C,YIR026C,0,-0.5194286,0.052413273602724075,0.13899999856948853,0.25130000710487366
YOL002C,YAL002W,0,-0.5194992,0.05239351838827133,0.13899999856948853,0.2513999938964844
YCR005C,YNL138W,0,-0.5196675,0.052373774349689484,0.13899999856948853,0.2515000104904175
YBL105C,YGL255W,0,-0.51978326,0.05235404893755913,0.13899999856948853,0.2515999972820282
YKL021C,YFL060C,0,-0.51986265,0.052334338426589966,0.13899999856948853,0.2517000138759613
YOL016C,YFR034C,0,-0.5200322,0.0523146390914917,0.13899999856948853,0.251800000667572
YLR200W,YMR051C,0,-0.52040124,0.052294958382844925,0.13899999856948853,0.25189998745918274
YDR252W,YDR083W,0,-0.52065694,0.052275292575359344,0.13899999856948853,0.25200000405311584
YGR289C,YNL290W,0,-0.5208198,0.05225563794374466,0.13899999856948853,0.25209999084472656
YBR066C,YGL144C,0,-0.5209054,0.05223600193858147,0.13899999856948853,0.25220000743865967
YGL021W,YDR106W,1,-0.5210948,0.05259203538298607,0.14000000059604645,0.25220000743865967
YER030W,YGR054W,0,-0.52111924,0.05257228761911392,0.14000000059604645,0.2522999942302704
YNR033W,YEL019C,0,-0.52131957,0.05255255103111267,0.14000000059604645,0.2524000108242035
YIL103W,YMR069W,0,-0.5213722,0.05253283306956291,0.14000000059604645,0.2524999976158142
YPR128C,YCR040W,0,-0.52188027,0.05251313000917435,0.14000000059604645,0.2526000142097473
YPR112C,YMR210W,0,-0.5220802,0.05249343812465668,0.14000000059604645,0.25270000100135803
YGL194C,YNL243W,0,-0.5220855,0.0524737648665905,0.14000000059604645,0.25279998779296875
YHR116W,YOR098C,0,-0.5221466,0.05245410278439522,0.14000000059604645,0.25290000438690186
YJR112W,YGL167C,0,-0.5226315,0.05243445560336113,0.14000000059604645,0.2529999911785126
YHR174W,YHR187W,0,-0.52308,0.052414827048778534,0.14000000059604645,0.2531000077724457
YKL053C-A,YBR182C,0,-0.52308106,0.052395209670066833,0.14000000059604645,0.2531999945640564
YIL138C,YLR301W,0,-0.52322876,0.05237560719251633,0.14000000059604645,0.2533000111579895
YIR033W,YLR141W,0,-0.5232732,0.052356019616127014,0.14000000059604645,0.2533999979496002
YNR017W,YDR392W,0,-0.5238739,0.052336446940898895,0.14000000059604645,0.2535000145435333
YJR112W,YPR055W,0,-0.5238893,0.05231688916683197,0.14000000059604645,0.25360000133514404
YJL108C,YOR229W,0,-0.5239405,0.05229734629392624,0.14000000059604645,0.25369998812675476
YPL254W,YBL003C,0,-0.524933,0.0522778183221817,0.14000000059604645,0.25380000472068787
YOR181W,YJL114W,0,-0.5249722,0.05225830525159836,0.14000000059604645,0.2538999915122986
YLR329W,YLR066W,0,-0.52506626,0.05223880708217621,0.14000000059604645,0.2540000081062317
YIL070C,YHR161C,0,-0.52527916,0.052219320088624954,0.14000000059604645,0.2540999948978424
YNL117W,YGR063C,0,-0.5254061,0.05219985172152519,0.14000000059604645,0.2542000114917755
YIL103W,YGL063W,0,-0.5255692,0.052180394530296326,0.14000000059604645,0.25429999828338623
YLR368W,YGL062W,0,-0.5256499,0.05216095224022865,0.14000000059604645,0.25440001487731934
YDR252W,YHR068W,0,-0.5256947,0.05214152857661247,0.14000000059604645,0.25450000166893005
YGR055W,YGL120C,0,-0.52584624,0.05212211608886719,0.14000000059604645,0.25459998846054077
YER143W,YDL236W,0,-0.52589226,0.052102718502283096,0.14000000059604645,0.2547000050544739
YGR005C,YIL077C,0,-0.5258931,0.0520833320915699,0.14000000059604645,0.2547999918460846
YPL132W,YBL061C,0,-0.5259944,0.0520639643073082,0.14000000059604645,0.2549000084400177
YPL241C,YLR009W,0,-0.5264696,0.05204461142420769,0.14000000059604645,0.2549999952316284
YOR040W,YIL077C,0,-0.52663386,0.05202526971697807,0.14000000059604645,0.2551000118255615
YML029W,YOR338W,0,-0.5266607,0.05200594291090965,0.14000000059604645,0.25519999861717224
YPL082C,YKL079W,0,-0.52667856,0.051986631006002426,0.14000000059604645,0.25529998540878296
YHR015W,YBR073W,0,-0.52673066,0.05196733400225639,0.14000000059604645,0.25540000200271606
YJR017C,YPR055W,0,-0.52678704,0.051948051899671555,0.14000000059604645,0.2554999887943268
YHR079C-A,YLR066W,0,-0.5268043,0.05192878469824791,0.14000000059604645,0.2556000053882599
YGR109C,YIR025W,1,-0.5270007,0.05228031054139137,0.14100000262260437,0.2556000053882599
YOL016C,YNL029C,0,-0.52706265,0.05226093530654907,0.14100000262260437,0.2556999921798706
YJL035C,YBL005W-A,0,-0.5272145,0.05224157124757767,0.14100000262260437,0.2558000087738037
YLR270W,YOL142W,0,-0.5272831,0.052222222089767456,0.14100000262260437,0.25589999556541443
YNL029C,YBR156C,0,-0.52732193,0.05220288783311844,0.14100000262260437,0.25600001215934753
YOR188W,YMR053C,0,-0.52733636,0.052183568477630615,0.14100000262260437,0.25609999895095825
YLL013C,YLR372W,0,-0.52765274,0.05216426029801369,0.14100000262260437,0.25619998574256897
YJL219W,YNL119W,0,-0.52767766,0.05214497074484825,0.14100000262260437,0.2563000023365021
YOL133W,YOR344C,1,-0.52776265,0.052495379000902176,0.1420000046491623,0.2563000023365021
YFL057C,YEL019C,0,-0.527793,0.052475977689027786,0.1420000046491623,0.2563999891281128
YMR069W,YOL005C,0,-0.5278716,0.05245659500360489,0.1420000046491623,0.2565000057220459
YJL219W,YHL025W,0,-0.5281233,0.05243722349405289,0.1420000046491623,0.2565999925136566
YJL219W,YMR005W,0,-0.52821165,0.05241786688566208,0.1420000046491623,0.2567000091075897
YNL111C,YHR205W,0,-0.5282148,0.052398525178432465,0.1420000046491623,0.25679999589920044
YDL052C,YJL036W,0,-0.52825534,0.052379194647073746,0.1420000046491623,0.25690001249313354
YLR193C,YBR012W-A,0,-0.528502,0.05235988274216652,0.1420000046491623,0.25699999928474426
YGR177C,YNL243W,0,-0.5287272,0.05234058201313019,0.1420000046491623,0.257099986076355
YBR026C,YMR051C,0,-0.5291579,0.05232129618525505,0.1420000046491623,0.2572000026702881
YOL016C,YLR022C,0,-0.52917206,0.05230202525854111,0.1420000046491623,0.2572999894618988
YMR311C,YCR040W,0,-0.5297008,0.05228276923298836,0.1420000046491623,0.2574000060558319
YMR049C,YKL020C,0,-0.52989054,0.0522635243833065,0.1420000046491623,0.2574999928474426
YER174C,YGL063W,0,-0.530099,0.05224429816007614,0.1420000046491623,0.25760000944137573
YHL040C,YER008C,0,-0.53021085,0.052225083112716675,0.1420000046491623,0.25769999623298645
YCL039W,YIL077C,0,-0.5305069,0.0522058829665184,0.1420000046491623,0.25780001282691956
YHR081W,YNL243W,0,-0.5309001,0.05218669772148132,0.1420000046491623,0.2578999996185303
YKL035W,YLR466W,0,-0.5311176,0.05216752365231514,0.1420000046491623,0.257999986410141
YGL006W,YLR059C,0,-0.53133804,0.05214836448431015,0.1420000046491623,0.2581000030040741
YML086C,YNL318C,0,-0.5313428,0.052129220217466354,0.1420000046491623,0.2581999897956848
YHR143W-A,YBR105C,0,-0.5313848,0.05211009085178375,0.1420000046491623,0.2583000063896179
YMR190C,YDL047W,1,-0.53153664,0.052457813173532486,0.14300000667572021,0.2583000063896179
YOR188W,YIL084C,0,-0.53175056,0.05243857577443123,0.14300000667572021,0.25839999318122864
YOR040W,YML019W,0,-0.5319451,0.052419353276491165,0.14300000667572021,0.25850000977516174
YDL045C,YMR210W,0,-0.5322758,0.052400145679712296,0.14300000667572021,0.25859999656677246
YOR032C,YBR111W-A,0,-0.53244925,0.05238095298409462,0.14300000667572021,0.25870001316070557
YML059C,YML047C,0,-0.53247917,0.05236177146434784,0.14300000667572021,0.2587999999523163
YGL247W,YNL031C,0,-0.53249735,0.05234260484576225,0.14300000667572021,0.258899986743927
YGL021W,YIL153W,1,-0.5325198,0.05268935114145279,0.14399999380111694,0.258899986743927
YER179W,YKR062W,0,-0.5331297,0.052670080214738846,0.14399999380111694,0.2590000033378601
YML132W,YGR085C,0,-0.5334619,0.052650824189186096,0.14399999380111694,0.2590999901294708
YHL022C,YER074W-A,0,-0.5336057,0.05263157933950424,0.14399999380111694,0.25920000672340393
YJL122W,YKL007W,0,-0.5337163,0.05261234939098358,0.14399999380111694,0.25929999351501465
YDL178W,YDR365C,0,-0.5339565,0.052593134343624115,0.14399999380111694,0.25940001010894775
YNL003C,YCR057C,0,-0.53400934,0.052573930472135544,0.14399999380111694,0.25949999690055847
YDR518W,YGR289C,0,-0.53413785,0.052554745227098465,0.14399999380111694,0.2596000134944916
YOR231W,YLR084C,0,-0.53429043,0.05253557115793228,0.14399999380111694,0.2597000002861023
YML047C,YGR197C,0,-0.53458905,0.05251641198992729,0.14399999380111694,0.259799987077713
YOR188W,YPR075C,0,-0.5345931,0.0524972639977932,0.14399999380111694,0.2599000036716461
YGR289C,YPR046W,0,-0.53482175,0.052478134632110596,0.14399999380111694,0.25999999046325684
YJR090C,YOR344C,1,-0.5355269,0.05282331630587578,0.14499999582767487,0.25999999046325684
YGL194C,YFR034C,0,-0.5355352,0.05280407890677452,0.14499999582767487,0.26010000705718994
YNL248C,YOR353C,0,-0.53569007,0.05278485640883446,0.14499999582767487,0.26019999384880066
YBR009C,YLR191W,0,-0.5358435,0.05276564881205559,0.14499999582767487,0.26030001044273376
YLR186W,YBR193C,0,-0.5361141,0.052746452391147614,0.14499999582767487,0.2603999972343445
YHR081W,YLL040C,0,-0.53624773,0.05272727087140083,0.14499999582767487,0.2605000138282776
YKL125W,YJL093C,0,-0.536637,0.052708107978105545,0.14499999582767487,0.2606000006198883
YGL144C,YLR466W,0,-0.5366771,0.052688952535390854,0.14499999582767487,0.260699987411499
YGL001C,YOR226C,0,-0.5367805,0.052669815719127655,0.14499999582767487,0.26080000400543213
YNL075W,YMR210W,0,-0.5373856,0.05265069007873535,0.14499999582767487,0.26089999079704285
YDR518W,YCL033C,0,-0.53738666,0.05263157933950424,0.14499999582767487,0.26100000739097595
YOR260W,YMR051C,0,-0.53751504,0.052612483501434326,0.14499999582767487,0.26109999418258667
YDR272W,YDR418W,0,-0.537766,0.052593398839235306,0.14499999582767487,0.2612000107765198
YDR183W,YGR280C,0,-0.5377864,0.05257432907819748,0.14499999582767487,0.2612999975681305
YDR432W,YOR191W,0,-0.53796124,0.05255527421832085,0.14499999582767487,0.2614000141620636
YFL057C,YPR046W,0,-0.53815424,0.05253623053431511,0.14499999582767487,0.2615000009536743
YML132W,YOR129C,0,-0.53821754,0.052517205476760864,0.14499999582767487,0.26159998774528503
YHR160C,YOL142W,0,-0.5383024,0.052498187869787216,0.14499999582767487,0.26170000433921814
YJR083C,YPL240C,0,-0.53848755,0.05247918888926506,0.14499999582767487,0.26179999113082886
YKL152C,YDL106C,0,-0.53857934,0.0524602010846138,0.14499999582767487,0.26190000772476196
YDL052C,YPL157W,0,-0.53858316,0.052441228181123734,0.14499999582767487,0.2619999945163727
YGR140W,YML027W,1,-0.5387343,0.05278380215167999,0.1459999978542328,0.2619999945163727
YCR020C,YGR248W,0,-0.53881717,0.05276472866535187,0.1459999978542328,0.2621000111103058
YHR119W,YER074W-A,0,-0.5388993,0.05274566635489464,0.1459999978542328,0.2621999979019165
YIL022W,YMR210W,0,-0.539039,0.052726615220308304,0.1459999978542328,0.2623000144958496
YKR036C,YPR052C,0,-0.539289,0.05270758271217346,0.1459999978542328,0.2624000012874603
YAL056W,YDR449C,0,-0.5394398,0.052688561379909515,0.1459999978542328,0.26249998807907104
YLR270W,YHR186C,0,-0.53961027,0.052669551223516464,0.1459999978542328,0.26260000467300415
YFL057C,YDR499W,0,-0.539774,0.052650559693574905,0.1459999978542328,0.26269999146461487
YML069W,YLR009W,0,-0.5407406,0.05263157933950424,0.1459999978542328,0.262800008058548
YHR068W,YML047C,0,-0.5409124,0.05261261388659477,0.1459999978542328,0.2628999948501587
YLR160C,YIL014W,0,-0.5410529,0.0525936596095562,0.1459999978542328,0.2630000114440918
YER143W,YMR051C,0,-0.54107064,0.05257472023367882,0.1459999978542328,0.2630999982357025
YPL028W,YCL026C-A,0,-0.54114294,0.05255579575896263,0.1459999978542328,0.2632000148296356
YPL248C,YLR113W,0,-0.54133594,0.05253688246011734,0.1459999978542328,0.26330000162124634
YLR160C,YPL119C,0,-0.5418515,0.05251798406243324,0.1459999978542328,0.26339998841285706
YPL240C,YMR150C,0,-0.5418543,0.05249910056591034,0.1459999978542328,0.26350000500679016
YLR329W,YLR221C,0,-0.54193175,0.05248022824525833,0.1459999978542328,0.2635999917984009
YLR109W,YCL026C-A,0,-0.5420432,0.05246137082576752,0.1459999978542328,0.263700008392334
YER044C,YOR329C,0,-0.54223394,0.0524425283074379,0.1459999978542328,0.2637999951839447
YNR019W,YOR162C,0,-0.54233205,0.05242369696497917,0.1459999978542328,0.2639000117778778
YNL318C,YJR132W,0,-0.54242694,0.05240488052368164,0.1459999978542328,0.2639999985694885
YOR173W,YGL098W,0,-0.54267657,0.0523860789835453,0.1459999978542328,0.26409998536109924
YLR051C,YLR320W,0,-0.54286134,0.05236728861927986,0.1459999978542328,0.26420000195503235
YAR015W,YMR053C,0,-0.54374075,0.05234851315617561,0.1459999978542328,0.26429998874664307
YGL200C,YJR160C,0,-0.5438259,0.05232974886894226,0.1459999978542328,0.26440000534057617
YJR121W,YHR160C,0,-0.5439036,0.0523109994828701,0.1459999978542328,0.2644999921321869
YGL222C,YDR345C,0,-0.54410076,0.05229226499795914,0.1459999978542328,0.26460000872612
YMR049C,YJR131W,0,-0.54447246,0.05227354168891907,0.1459999978542328,0.2646999955177307
YDR435C,YJL190C,0,-0.5447196,0.05225483328104019,0.1459999978542328,0.2648000121116638
YML047C,YER074W-A,0,-0.54490846,0.05223613604903221,0.1459999978542328,0.26489999890327454
YPR110C,YDR218C,0,-0.54512525,0.052217453718185425,0.1459999978542328,0.26499998569488525
YKL220C,YNR017W,0,-0.545143,0.052198782563209534,0.1459999978542328,0.26510000228881836
YOR094W,YNL037C,0,-0.54531693,0.052180130034685135,0.1459999978542328,0.2651999890804291
YBR136W,YDL059C,0,-0.5455129,0.05216148495674133,0.1459999978542328,0.2653000056743622
YDR052C,YLR264W,0,-0.54574275,0.05214285850524902,0.1459999978542328,0.2653999924659729
YDR106W,YKR028W,1,-0.5458361,0.05248125642538071,0.1469999998807907,0.2653999924659729
YCR010C,YOL031C,0,-0.54614747,0.05246252566576004,0.1469999998807907,0.265500009059906
YGR177C,YCR073W-A,0,-0.5467113,0.05244380980730057,0.1469999998807907,0.2655999958515167
YBR061C,YAL002W,0,-0.54688776,0.05242510885000229,0.1469999998807907,0.26570001244544983
YGR178C,YBR214W,0,-0.5473658,0.05240641534328461,0.1469999998807907,0.26579999923706055
YMR219W,YDR258C,0,-0.54747236,0.05238774046301842,0.1469999998807907,0.26589998602867126
YGR178C,YOR179C,0,-0.5476939,0.05236907675862312,0.1469999998807907,0.26600000262260437
YLR186W,YBR097W,0,-0.5477265,0.05235042795538902,0.1469999998807907,0.2660999894142151
YDR183W,YBR105C,0,-0.5477469,0.05233179032802582,0.1469999998807907,0.2662000060081482
YNL219C,YOL151W,0,-0.54793227,0.05231316760182381,0.1469999998807907,0.2662999927997589
YGR254W,YPL151C,0,-0.548571,0.05229455605149269,0.1469999998807907,0.266400009393692
YLR084C,YDR227W,0,-0.5486928,0.05227595940232277,0.1469999998807907,0.26649999618530273
YBR164C,YLR107W,0,-0.54883593,0.05225737765431404,0.1469999998807907,0.26660001277923584
YOR136W,YCR066W,0,-0.5488969,0.05223880708217621,0.1469999998807907,0.26669999957084656
YEL027W,YNL318C,0,-0.5490233,0.05222024768590927,0.1469999998807907,0.2667999863624573
YEL030W,YAL044C,0,-0.5491095,0.05220170319080353,0.1469999998807907,0.2669000029563904
YNL003C,YOR294W,0,-0.5493133,0.05218317359685898,0.1469999998807907,0.2669999897480011
YPL249C,YLR010C,0,-0.5493308,0.052164655178785324,0.1469999998807907,0.2671000063419342
YPL267W,YGL229C,1,-0.5493801,0.0525008849799633,0.14800000190734863,0.2671000063419342
YDL106C,YMR308C,0,-0.5494101,0.05248226970434189,0.14800000190734863,0.2671999931335449
YJR033C,YNR064C,0,-0.5495863,0.05246366560459137,0.14800000190734863,0.267300009727478
YLR051C,YGR054W,0,-0.549636,0.052445072680711746,0.14800000190734863,0.26739999651908875
YIL061C,YPL106C,0,-0.55004513,0.052426498383283615,0.14800000190734863,0.26750001311302185
YPL249C,YOR191W,0,-0.550154,0.05240793153643608,0.14800000190734863,0.26759999990463257
YDL002C,YBR111W-A,0,-0.5502304,0.05238937959074974,0.14800000190734863,0.2676999866962433
YJR017C,YKR081C,0,-0.55028063,0.052370842546224594,0.14800000190734863,0.2678000032901764
YER179W,YOR127W,0,-0.5503306,0.05235231667757034,0.14800000190734863,0.2678999900817871
YOR377W,YBL002W,0,-0.55037963,0.052333805710077286,0.14800000190734863,0.2680000066757202
YMR078C,YGL229C,1,-0.5506694,0.05266878753900528,0.14900000393390656,0.2680000066757202
YKR083C,YMR190C,1,-0.5508181,0.05300353467464447,0.15000000596046448,0.2680000066757202
YDR258C,YJL186W,0,-0.5516716,0.0529848113656044,0.15000000596046448,0.26809999346733093
YDR435C,YDR418W,0,-0.5518098,0.052966102957725525,0.15000000596046448,0.26820001006126404
YGL001C,YBR095C,0,-0.5520529,0.052947405725717545,0.15000000596046448,0.26829999685287476
YDR022C,YPL058C,0,-0.55231017,0.05292872339487076,0.15000000596046448,0.26840001344680786
YIL153W,YOR344C,1,-0.55241615,0.05326278507709503,0.1509999930858612,0.26840001344680786
YLR158C,YGR248W,0,-0.5525,0.053244005888700485,0.1509999930858612,0.2685000002384186
YEL029C,YIR013C,0,-0.5525062,0.053225237876176834,0.1509999930858612,0.2685999870300293
YHR023W,YDR156W,0,-0.552593,0.05320648476481438,0.1509999930858612,0.2687000036239624
YKL064W,YJL190C,0,-0.5527055,0.053187742829322815,0.1509999930858612,0.2687999904155731
YHR160C,YLR022C,0,-0.5527913,0.05316901579499245,0.1509999930858612,0.2689000070095062
YLR144C,YGL001C,0,-0.55284977,0.053150299936532974,0.1509999930858612,0.26899999380111694
YDR273W,YDR251W,0,-0.55302024,0.053131598979234695,0.1509999930858612,0.26910001039505005
YNL278W,YIL029C,0,-0.55350196,0.05311290919780731,0.1509999930858612,0.26919999718666077
YAL002W,YLR466W,0,-0.5536438,0.05309423431754112,0.1509999930858612,0.26930001378059387
YHL027W,YOR338W,0,-0.55371517,0.05307557061314583,0.1509999930858612,0.2694000005722046
YOR294W,YLR466W,0,-0.553838,0.05305692180991173,0.1509999930858612,0.2694999873638153
YHR154W,YNL025C,0,-0.5539006,0.05303828418254852,0.1509999930858612,0.2696000039577484
YKR081C,YCR081W,0,-0.55401134,0.05301966145634651,0.1509999930858612,0.26969999074935913
YOL078W,YJL138C,0,-0.5540792,0.053001053631305695,0.1509999930858612,0.26980000734329224
YGL142C,YHR079C-A,0,-0.5543442,0.05298245698213577,0.1509999930858612,0.26989999413490295
YOR031W,YEL069C,0,-0.55436003,0.052963871508836746,0.1509999930858612,0.27000001072883606
YDL047W,YML027W,1,-0.5545539,0.053295932710170746,0.15199999511241913,0.27000001072883606
YKL220C,YKL152C,0,-0.55457973,0.05327725037932396,0.15199999511241913,0.2700999975204468
YDR225W,YLR010C,0,-0.5545948,0.05325858294963837,0.15199999511241913,0.2702000141143799
YGL097W,YPL283C,0,-0.5546138,0.05323993042111397,0.15199999511241913,0.2703000009059906
YDL002C,YHR030C,0,-0.5547658,0.053221289068460464,0.15199999511241913,0.2703999876976013
YJL092W,YHR160C,0,-0.55477834,0.053202658891677856,0.15199999511241913,0.2705000042915344
YEL029C,YDR418W,0,-0.5552033,0.05318404361605644,0.15199999511241913,0.27059999108314514
YNR016C,YNL127W,0,-0.5552391,0.05316544324159622,0.15199999511241913,0.27070000767707825
YJL031C,YIR033W,0,-0.5552746,0.0531468540430069,0.15199999511241913,0.27079999446868896
YBR193C,YKL035W,0,-0.5553795,0.05312827602028847,0.15199999511241913,0.27090001106262207
YGR254W,YJL129C,0,-0.55593747,0.05310971289873123,0.15199999511241913,0.2709999978542328
YBR041W,YIL117C,0,-0.5559774,0.05309116467833519,0.15199999511241913,0.2711000144481659
YLR405W,YOL013C,0,-0.5562049,0.053072623908519745,0.15199999511241913,0.2712000012397766
YHR072W-A,YPL157W,0,-0.5565436,0.05305410176515579,0.15199999511241913,0.27129998803138733
YCL059C,YCR073W-A,0,-0.55666095,0.053035590797662735,0.15199999511241913,0.27140000462532043
YAL044C,YDR191W,0,-0.5567591,0.05301709100604057,0.15199999511241913,0.27149999141693115
YIL070C,YML047C,0,-0.5568551,0.052998606115579605,0.15199999511241913,0.27160000801086426
YDR314C,YML058W,0,-0.5571657,0.05298013240098953,0.15199999511241913,0.271699994802475
YJL092W,YCL033C,0,-0.55738616,0.052961673587560654,0.15199999511241913,0.2718000113964081
YNL274C,YIL077C,0,-0.5576259,0.05294322595000267,0.15199999511241913,0.2718999981880188
YNR019W,YMR163C,0,-0.55772644,0.05292478948831558,0.15199999511241913,0.2720000147819519
YNR052C,YGL063W,0,-0.55799794,0.05290636792778969,0.15199999511241913,0.2721000015735626
YJL060W,YCR081W,0,-0.5580267,0.05288796126842499,0.15199999511241913,0.27219998836517334
YFL057C,YLR095C,0,-0.558124,0.05286956578493118,0.15199999511241913,0.27230000495910645
YPL248C,YOR099W,0,-0.5582162,0.05285118147730827,0.15199999511241913,0.27239999175071716
YPR023C,YPR080W,0,-0.55842245,0.05283281207084656,0.15199999511241913,0.27250000834465027
YMR163C,YNL333W,0,-0.55856764,0.05281445384025574,0.15199999511241913,0.272599995136261
YGL206C,YOR193W,0,-0.5585881,0.05279611051082611,0.15199999511241913,0.2727000117301941
YLR324W,YNL329C,0,-0.55885154,0.05277777835726738,0.15199999511241913,0.2727999985218048
YPR128C,YOR049C,0,-0.5589085,0.052759457379579544,0.15199999511241913,0.2728999853134155
YOL111C,YBR156C,0,-0.5589795,0.0527411513030529,0.15199999511241913,0.27300000190734863
YIL040W,YCR040W,0,-0.5592984,0.052722856402397156,0.15199999511241913,0.27309998869895935
YOR377W,YLR002C,0,-0.5593145,0.0527045764029026,0.15199999511241913,0.27320000529289246
YGR285C,YLR301W,0,-0.55935323,0.052686307579278946,0.15199999511241913,0.2732999920845032
YOL016C,YJL192C,0,-0.5594325,0.05266805365681648,0.15199999511241913,0.2734000086784363
YPL040C,YKR081C,0,-0.5598213,0.052649810910224915,0.15199999511241913,0.273499995470047
YDR224C,YKL079W,0,-0.559963,0.05263157933950424,0.15199999511241913,0.2736000120639801
YOL017W,YBR136W,0,-0.560259,0.05261336266994476,0.15199999511241913,0.2736999988555908
YJL125C,YDR218C,0,-0.56030405,0.05259515717625618,0.15199999511241913,0.27379998564720154
YAL044C,YOL151W,0,-0.56036997,0.05257696285843849,0.15199999511241913,0.27390000224113464
YHR067W,YLR466W,0,-0.5607443,0.052558783441782,0.15199999511241913,0.27399998903274536
YBR211C,YDR273W,0,-0.56154466,0.0525406152009964,0.15199999511241913,0.27410000562667847
YGL021W,YER177W,1,-0.56168556,0.05286800116300583,0.15299999713897705,0.27410000562667847
YOR231W,YIR026C,0,-0.5620403,0.05284973978996277,0.15299999713897705,0.2741999924182892
YPL028W,YCL033C,0,-0.5621053,0.0528314933180809,0.15299999713897705,0.2743000090122223
YGR177C,YDR379W,0,-0.56212103,0.05281325429677963,0.15299999713897705,0.274399995803833
YAR015W,YKL220C,0,-0.5622195,0.05279503017663956,0.15299999713897705,0.2745000123977661
YAL059W,YDR218C,0,-0.562279,0.052776820957660675,0.15299999713897705,0.27459999918937683
YGR254W,YOL128C,0,-0.5623337,0.05275861918926239,0.15299999713897705,0.27469998598098755
YDR052C,YAL044C,0,-0.5629301,0.0527404360473156,0.15299999713897705,0.27480000257492065
YIL098C,YBR069C,0,-0.5629927,0.0527222603559494,0.15299999713897705,0.27489998936653137
YNR019W,YLR268W,0,-0.56327903,0.0527040995657444,0.15299999713897705,0.2750000059604645
YDR085C,YMR182C,0,-0.5639733,0.052685949951410294,0.15299999713897705,0.2750999927520752
YOR168W,YHR034C,0,-0.5639756,0.05266781523823738,0.15299999713897705,0.2752000093460083
YDR294C,YJL092W,0,-0.56400764,0.052649691700935364,0.15299999713897705,0.275299996137619
YBL040C,YBL005W-A,0,-0.56404686,0.05263157933950424,0.15299999713897705,0.2754000127315521
YDR252W,YKL026C,0,-0.56414604,0.052613481879234314,0.15299999713897705,0.27549999952316284
YHL047C,YPL125W,0,-0.56458664,0.05259539186954498,0.15299999713897705,0.27559998631477356
YOL005C,YPL283C,0,-0.5648744,0.052577320486307144,0.15299999713897705,0.27570000290870667
YJL062W,YHL024W,0,-0.56511056,0.0525592565536499,0.15299999713897705,0.2757999897003174
YNL274C,YJL114W,0,-0.5653751,0.052541207522153854,0.15299999713897705,0.2759000062942505
YGR284C,YLR329W,0,-0.565753,0.052523173391819,0.15299999713897705,0.2759999930858612
YER068W,YHR214C-B,0,-0.56590724,0.05250514671206474,0.15299999713897705,0.2761000096797943
YDR258C,YKL045W,0,-0.566018,0.05248713493347168,0.15299999713897705,0.27619999647140503
YJL026W,YJL139C,0,-0.5662633,0.05246913433074951,0.15299999713897705,0.27630001306533813
YJR153W,YHR143W-A,0,-0.5667095,0.05245114862918854,0.15299999713897705,0.27639999985694885
YGR037C,YEL019C,0,-0.5672275,0.05243317410349846,0.15299999713897705,0.27649998664855957
YDL059C,YOR049C,0,-0.5672524,0.052415210753679276,0.15299999713897705,0.2766000032424927
YEL027W,YML049C,0,-0.567363,0.05239725857973099,0.15299999713897705,0.2766999900341034
YOR249C,YGL096W,1,-0.56775975,0.052721671760082245,0.15399999916553497,0.2766999900341034
YNL117W,YIL051C,0,-0.5681784,0.052703626453876495,0.15399999916553497,0.2768000066280365
YPL241C,YMR219W,0,-0.56821835,0.05268559604883194,0.15399999916553497,0.2768999934196472
YDR085C,YHL047C,0,-0.56836677,0.05266757681965828,0.15399999916553497,0.2770000100135803
YGR284C,YLL027W,0,-0.56879175,0.05264957249164581,0.15399999916553497,0.27709999680519104
YJL219W,YHL012W,0,-0.5690285,0.05263157933950424,0.15399999916553497,0.27720001339912415
YHR072W-A,YFL060C,0,-0.56908894,0.052613597363233566,0.15399999916553497,0.27730000019073486
YCR052W,YIL077C,0,-0.56926453,0.052595626562833786,0.15399999916553497,0.2773999869823456
YBR205W,YHL012W,0,-0.5692935,0.0525776706635952,0.15399999916553497,0.2775000035762787
YLR160C,YCL039W,0,-0.56958616,0.05255972594022751,0.15399999916553497,0.2775999903678894
YOR266W,YNL002C,0,-0.5697278,0.05254179611802101,0.15399999916553497,0.2777000069618225
YHR205W,YJL164C,0,-0.57044625,0.05252387374639511,0.15399999916553497,0.2777999937534332
YLR304C,YGR054W,0,-0.57050395,0.052505966275930405,0.15399999916553497,0.27790001034736633
YIL103W,YBR182C,0,-0.57060254,0.052488069981336594,0.15399999916553497,0.27799999713897705
YDL145C,YOL151W,0,-0.5707499,0.052470188587903976,0.15399999916553497,0.27810001373291016
YMR287C,YDR345C,0,-0.57094836,0.052452314645051956,0.15399999916553497,0.2782000005245209
YJR033C,YOR045W,0,-0.57118666,0.05243445560336113,0.15399999916553497,0.2782999873161316
YPL048W,YIR010W,0,-0.5719888,0.0524166114628315,0.15399999916553497,0.2784000039100647
YGL130W,YOR045W,0,-0.57274675,0.05239877477288246,0.15399999916553497,0.2784999907016754
YDR272W,YPL240C,0,-0.57300484,0.05238095298409462,0.15399999916553497,0.2786000072956085
YLR158C,YHR008C,0,-0.5730226,0.05236314237117767,0.15399999916553497,0.27869999408721924
YCL039W,YPL058C,0,-0.57309115,0.05234534293413162,0.15399999916553497,0.27880001068115234
YCR098C,YOR329C,0,-0.5732287,0.052327558398246765,0.15399999916553497,0.27889999747276306
YDR191W,YBR012W-A,0,-0.57336235,0.052309781312942505,0.15399999916553497,0.27900001406669617
YIL124W,YLR221C,0,-0.5734116,0.05229201912879944,0.15399999916553497,0.2791000008583069
YCR018C,YHR196W,0,-0.5735738,0.052274271845817566,0.15399999916553497,0.2791999876499176
YKL042W,YDL109C,0,-0.57417846,0.05225653201341629,0.15399999916553497,0.2793000042438507
YGR248W,YLR006C,0,-0.57492256,0.05223880708217621,0.15399999916553497,0.2793999910354614
YJL060W,YDR318W,0,-0.5752367,0.05222109332680702,0.15399999916553497,0.27950000762939453
YAL044C,YGL098W,0,-0.57562363,0.05220339074730873,0.15399999916553497,0.27959999442100525
YOR231W,YDR240C,0,-0.57606065,0.052185699343681335,0.15399999916553497,0.27970001101493835
YMR032W,YJL001W,0,-0.5764942,0.052168022841215134,0.15399999916553497,0.2797999978065491
YNL262W,YPR132W,0,-0.5765016,0.05215035378932953,0.15399999916553497,0.2799000144004822
YPL266W,YNL317W,0,-0.576815,0.05213269963860512,0.15399999916553497,0.2800000011920929
YAL044C,YIL061C,0,-0.57707965,0.0521150603890419,0.15399999916553497,0.2800999879837036
YFL057C,YNL329C,0,-0.5771316,0.05209742859005928,0.15399999916553497,0.2802000045776367
YJL060W,YBR192W,0,-0.5772979,0.052079811692237854,0.15399999916553497,0.28029999136924744
YLR002C,YGL004C,0,-0.5775523,0.05206220597028732,0.15399999916553497,0.28040000796318054
YNL127W,YGL062W,0,-0.5775639,0.05204461142420769,0.15399999916553497,0.28049999475479126
YLR275W,YIL077C,0,-0.57762074,0.05202702805399895,0.15399999916553497,0.28060001134872437
YBR168W,YLR075W,0,-0.5777714,0.0520094558596611,0.15399999916553497,0.2806999981403351
YPL240C,YKL186C,0,-0.57856596,0.05199189856648445,0.15399999916553497,0.2808000147342682
YNR016C,YPL248C,0,-0.5788778,0.0519743487238884,0.15399999916553497,0.2809000015258789
YFR008W,YKL006C-A,0,-0.578951,0.05195681378245354,0.15399999916553497,0.2809999883174896
YGR177C,YLR147C,0,-0.579103,0.05193929001688957,0.15399999916553497,0.28110000491142273
YHR196W,YHL012W,0,-0.57928145,0.0519217811524868,0.15399999916553497,0.28119999170303345
YNL075W,YIL023C,0,-0.5800376,0.05190427973866463,0.15399999916553497,0.28130000829696655
YEL027W,YNL222W,0,-0.5803739,0.05188679322600365,0.15399999916553497,0.28139999508857727
YDR318W,YNL248C,0,-0.580402,0.05186931788921356,0.15399999916553497,0.2815000116825104
YBR066C,YHR150W,0,-0.58074224,0.051851850003004074,0.15399999916553497,0.2815999984741211
YLR109W,YCR067C,0,-0.5808556,0.05183440074324608,0.15399999916553497,0.2816999852657318
YJL060W,YNL236W,0,-0.5809182,0.05181695893406868,0.15399999916553497,0.2818000018596649
YKR036C,YMR069W,0,-0.58097637,0.051799528300762177,0.15399999916553497,0.28189998865127563
YNL084C,YOR341W,0,-0.5811852,0.05178211256861687,0.15399999916553497,0.28200000524520874
YNL031C,YGR006W,0,-0.5815592,0.051764704287052155,0.15399999916553497,0.28209999203681946
YGR178C,YCR066W,0,-0.5819615,0.051747310906648636,0.15399999916553497,0.28220000863075256
YMR032W,YNL231C,0,-0.58220005,0.05172992870211601,0.15399999916553497,0.2822999954223633
YDR224C,YER169W,0,-0.5824176,0.051712557673454285,0.15399999916553497,0.2824000120162964
YHR072W-A,YGL004C,0,-0.58254683,0.05169520154595375,0.15399999916553497,0.2824999988079071
YBR188C,YDL109C,0,-0.58260643,0.051677852869033813,0.15399999916553497,0.2825999855995178
YNL231C,YLR301W,0,-0.58300126,0.05166051536798477,0.15399999916553497,0.2827000021934509
YPL132W,YLR417W,0,-0.58301413,0.051643192768096924,0.15399999916553497,0.28279998898506165
YHR154W,YOR329C,0,-0.5830951,0.05162588134407997,0.15399999916553497,0.28290000557899475
YJR047C,YGL247W,0,-0.58319664,0.051608577370643616,0.15399999916553497,0.28299999237060547
YJL219W,YGL167C,0,-0.5832175,0.051591288298368454,0.15399999916553497,0.2831000089645386
YJL219W,YNL262W,0,-0.5832572,0.05157401040196419,0.15399999916553497,0.2831999957561493
YML132W,YLR035C,0,-0.5834887,0.051556747406721115,0.15399999916553497,0.2833000123500824
YLR160C,YAL023C,0,-0.58373344,0.05153949186205864,0.15399999916553497,0.2833999991416931
YPL248C,YHR143W-A,0,-0.58375454,0.05152224749326706,0.15399999916553497,0.28349998593330383
YNR019W,YNL287W,0,-0.58382916,0.05150501802563667,0.15399999916553497,0.28360000252723694
YEL027W,YKL220C,0,-0.58391845,0.051487796008586884,0.15399999916553497,0.28369998931884766
YDR224C,YCR073W-A,0,-0.58400524,0.05147058889269829,0.15399999916553497,0.28380000591278076
YER129W,YHL022C,0,-0.58433163,0.05145339295268059,0.15399999916553497,0.2838999927043915
YIR013C,YHR178W,0,-0.58438265,0.051436204463243484,0.15399999916553497,0.2840000092983246
YPR175W,YHR030C,0,-0.58438647,0.051419030874967575,0.15399999916553497,0.2840999960899353
YOL020W,YMR051C,0,-0.58463967,0.05140186846256256,0.15399999916553497,0.2842000126838684
YLR075W,YML029W,0,-0.5847795,0.05138471722602844,0.15399999916553497,0.2842999994754791
YBR205W,YLR329W,0,-0.58506906,0.05136757716536522,0.15399999916553497,0.28439998626708984
YKL146W,YFL045C,0,-0.58519506,0.05135045200586319,0.15399999916553497,0.28450000286102295
YLR158C,YDR345C,0,-0.5852184,0.05133333429694176,0.15399999916553497,0.28459998965263367
YGR109C,YMR236W,1,-0.5852494,0.05164945125579834,0.1550000011920929,0.28459998965263367
YAL040C,YHR191C,1,-0.5852696,0.05196535587310791,0.15600000321865082,0.28459998965263367
YGR109C,YHR191C,1,-0.5853114,0.05228105187416077,0.15700000524520874,0.28459998965263367
YOR173W,YGL062W,0,-0.5853182,0.05226364731788635,0.15700000524520874,0.2847000062465668
YDR258C,YPL145C,0,-0.5853852,0.05224625766277313,0.15700000524520874,0.2847999930381775
YGL006W,YHR205W,0,-0.5855539,0.05222887545824051,0.15700000524520874,0.2849000096321106
YDR469W,YDR218C,0,-0.5858995,0.05221150815486908,0.15700000524520874,0.2849999964237213
YBR211C,YDL109C,0,-0.58617795,0.05219414830207825,0.15700000524520874,0.2851000130176544
YMR288W,YCR028C-A,0,-0.58625066,0.05217680335044861,0.15700000524520874,0.28519999980926514
YOR011W,YGL255W,0,-0.5863508,0.052159469574689865,0.15700000524520874,0.28529998660087585
YIR010W,YNL334C,0,-0.5864024,0.05214214697480202,0.15700000524520874,0.28540000319480896
YPL116W,YHR187W,0,-0.58648014,0.052124835550785065,0.15700000524520874,0.2854999899864197
YOR031W,YLR051C,0,-0.5865313,0.05210753530263901,0.15700000524520874,0.2856000065803528
YHR196W,YER072W,0,-0.58666813,0.052090246230363846,0.15700000524520874,0.2856999933719635
YDL137W,YDR449C,0,-0.5868988,0.05207296833395958,0.15700000524520874,0.2858000099658966
YIL124W,YBR153W,0,-0.5874915,0.05205570161342621,0.15700000524520874,0.2858999967575073
YJL219W,YKL025C,0,-0.5875566,0.05203844979405403,0.15700000524520874,0.28600001335144043
YNL206C,YFL059W,0,-0.5878744,0.05202120542526245,0.15700000524520874,0.28610000014305115
YML006C,YPL283C,0,-0.5883862,0.052003975957632065,0.15700000524520874,0.28619998693466187
YPR135W,YGL229C,1,-0.5885489,0.05231788009405136,0.15800000727176666,0.28619998693466187
YBR041W,YDR342C,0,-0.5887803,0.05230056121945381,0.15800000727176666,0.28630000352859497
YNL075W,YJL100W,0,-0.5889125,0.052283257246017456,0.15800000727176666,0.2863999903202057
YDR173C,YIL117C,0,-0.58914065,0.0522659607231617,0.15800000727176666,0.2865000069141388
YFL017W-A,YIL023C,0,-0.5893674,0.05224867910146713,0.15800000727176666,0.2865999937057495
YMR168C,YGL229C,1,-0.5894916,0.052561983466148376,0.1589999943971634,0.2865999937057495
YOL156W,YKR101W,0,-0.58969057,0.05254461243748665,0.1589999943971634,0.2867000102996826
YOL147C,YCL054W,0,-0.5897417,0.052527256309986115,0.1589999943971634,0.28679999709129333
YGL062W,YLR066W,0,-0.5899615,0.05250990763306618,0.1589999943971634,0.28690001368522644
YMR081C,YLR285W,0,-0.59008384,0.052492570132017136,0.1589999943971634,0.28700000047683716
YBR211C,YLL056C,0,-0.590134,0.05247524753212929,0.1589999943971634,0.2870999872684479
YGL194C,YER012W,0,-0.5903791,0.052457936108112335,0.1589999943971634,0.287200003862381
YLR448W,YOR106W,0,-0.5905608,0.05244063213467598,0.1589999943971634,0.2872999906539917
YNL334C,YKR031C,0,-0.5906378,0.05242334306240082,0.1589999943971634,0.2874000072479248
YGL247W,YDR432W,0,-0.5907004,0.05240606516599655,0.1589999943971634,0.2874999940395355
YPL082C,YCL052C,0,-0.59099925,0.05238879844546318,0.1589999943971634,0.28760001063346863
YJR131W,YJR160C,0,-0.59162664,0.052371542900800705,0.1589999943971634,0.28769999742507935
YDL126C,YNL075W,0,-0.5919285,0.052354298532009125,0.1589999943971634,0.28780001401901245
YOL111C,YHR072W-A,0,-0.59207106,0.05233706533908844,0.1589999943971634,0.28790000081062317
YFL039C,YDR113C,1,-0.59233236,0.05264889821410179,0.1599999964237213,0.28790000081062317
YPL028W,YGL063W,0,-0.5925982,0.05263157933950424,0.1599999964237213,0.2879999876022339
YJR121W,YCL033C,0,-0.5926609,0.05261427164077759,0.1599999964237213,0.288100004196167
YFL039C,YGL240W,1,-0.5929735,0.052925705909729004,0.16099999845027924,0.288100004196167
YCR098C,YDL079C,0,-0.59301317,0.052908312529325485,0.16099999845027924,0.2881999909877777
YKL110C,YGL063W,0,-0.59307086,0.05289093405008316,0.16099999845027924,0.2883000075817108
YLR431C,YPR042C,0,-0.59323907,0.05287356302142143,0.16099999845027924,0.28839999437332153
YFL056C,YDL236W,0,-0.59328747,0.0528562031686306,0.16099999845027924,0.28850001096725464
YLR160C,YNL231C,0,-0.593289,0.05283885821700096,0.16099999845027924,0.28859999775886536
YHR186C,YCR040W,0,-0.5934619,0.05282152071595192,0.16099999845027924,0.28870001435279846
YMR056C,YNL153C,0,-0.59347665,0.05280419811606407,0.16099999845027924,0.2888000011444092
YOR250C,YDR217C,0,-0.59350264,0.05278688669204712,0.16099999845027924,0.2888999879360199
YHR068W,YOR060C,0,-0.59357476,0.052769582718610764,0.16099999845027924,0.289000004529953
YIR004W,YNL328C,0,-0.5935949,0.0527522936463356,0.16099999845027924,0.2890999913215637
YDR385W,YLR095C,0,-0.5936228,0.052735015749931335,0.16099999845027924,0.2892000079154968
YKR036C,YGL200C,0,-0.59437084,0.052717749029397964,0.16099999845027924,0.28929999470710754
YDL059C,YOL102C,0,-0.5944226,0.05270048975944519,0.16099999845027924,0.28940001130104065
YNL142W,YIR033W,0,-0.5946374,0.05268324539065361,0.16099999845027924,0.28949999809265137
YDL126C,YNL111C,0,-0.5947466,0.052666012197732925,0.16099999845027924,0.2896000146865845
YNL037C,YLL013C,0,-0.59503686,0.052648790180683136,0.16099999845027924,0.2897000014781952
YIL110W,YCR020C,0,-0.59527946,0.05263157933950424,0.16099999845027924,0.2897999882698059
YOR388C,YPR110C,0,-0.59538686,0.05261437967419624,0.16099999845027924,0.289900004863739
YKL053C-A,YHR139C,0,-0.59573054,0.05259719118475914,0.16099999845027924,0.28999999165534973
YGL051W,YPR132W,0,-0.5957612,0.05258001387119293,0.16099999845027924,0.29010000824928284
YLR131C,YOL133W,1,-0.59581983,0.052889324724674225,0.16200000047683716,0.29010000824928284
YML086C,YHL022C,0,-0.5959239,0.05287206172943115,0.16200000047683716,0.29019999504089355
YDR009W,YHR186C,0,-0.59607244,0.052854813635349274,0.16200000047683716,0.29030001163482666
YNR016C,YDR240C,0,-0.5962093,0.05283757299184799,0.16200000047683716,0.2903999984264374
YNL274C,YJL029C,0,-0.59621084,0.052820347249507904,0.16200000047683716,0.2904999852180481
YGR204W,YNL037C,0,-0.596318,0.05280312895774841,0.16200000047683716,0.2906000018119812
YPL082C,YHL011C,0,-0.5967287,0.052785925567150116,0.16200000047683716,0.2906999886035919
YLR270W,YJR043C,0,-0.5968671,0.052768729627132416,0.16200000047683716,0.290800005197525
YPL248C,YJL114W,0,-0.5969603,0.05275154858827591,0.16200000047683716,0.29089999198913574
YPL200W,YJR043C,0,-0.59712064,0.052734375,0.16200000047683716,0.29100000858306885
YOR043W,YMR051C,0,-0.5975332,0.052717212587594986,0.16200000047683716,0.29109999537467957
YMR032W,YOR319W,0,-0.5976372,0.052700065076351166,0.16200000047683716,0.29120001196861267
YOL013C,YOR266W,0,-0.59788513,0.05268292501568794,0.16200000047683716,0.2912999987602234
YFL060C,YIR026C,0,-0.5979732,0.05266579985618591,0.16200000047683716,0.2913999855518341
YCR052W,YPL283C,0,-0.5980576,0.05264868214726448,0.16200000047683716,0.2915000021457672
YLR074C,YKL020C,0,-0.59846723,0.05263157933950424,0.16200000047683716,0.29159998893737793
YAL020C,YOR031W,0,-0.598505,0.0526144839823246,0.16200000047683716,0.29170000553131104
YOR181W,YFL002C,0,-0.59887445,0.05259740352630615,0.16200000047683716,0.29179999232292175
YHR174W,YDR183W,0,-0.5992223,0.0525803305208683,0.16200000047683716,0.29190000891685486
YPL085W,YDR126W,0,-0.59942687,0.052563272416591644,0.16200000047683716,0.2919999957084656
YPL048W,YBL061C,0,-0.5996535,0.052546221762895584,0.16200000047683716,0.2921000123023987
YBR036C,YOR315W,0,-0.59975004,0.05252918228507042,0.16200000047683716,0.2921999990940094
YAL059W,YDR379W,0,-0.6000056,0.05251215398311615,0.16200000047683716,0.2922999858856201
YJL125C,YIL084C,0,-0.6002133,0.052495140582323074,0.16200000047683716,0.2924000024795532
YBL023C,YGL255W,0,-0.60022306,0.052478134632110596,0.16200000047683716,0.29249998927116394
YNL048W,YBR182C,0,-0.60028017,0.05246113985776901,0.16200000047683716,0.29260000586509705
YAR015W,YDR240C,0,-0.6004318,0.052444156259298325,0.16200000047683716,0.29269999265670776
YDR225W,YLR141W,0,-0.60050154,0.05242718383669853,0.16200000047683716,0.29280000925064087
YPL249C,YLR066W,0,-0.6005318,0.052410222589969635,0.16200000047683716,0.2928999960422516
YJR153W,YJL036W,0,-0.6014451,0.05239327251911163,0.16200000047683716,0.2930000126361847
YOL002C,YFL060C,0,-0.6015929,0.05237633362412453,0.16200000047683716,0.2930999994277954
YKL079W,YBR143C,0,-0.6018715,0.052359405905008316,0.16200000047683716,0.29319998621940613
YKR083C,YOR344C,1,-0.60213125,0.0526655912399292,0.16300000250339508,0.29319998621940613
YHR015W,YDR228C,0,-0.6023203,0.052648577839136124,0.16300000250339508,0.29330000281333923
YGL006W,YOR045W,0,-0.6025444,0.05263157933950424,0.16300000250339508,0.29339998960494995
YML123C,YLR006C,0,-0.60257995,0.05261458829045296,0.16300000250339508,0.29350000619888306
YLR074C,YCL061C,0,-0.6027932,0.052597612142562866,0.16300000250339508,0.2935999929904938
YGR204W,YKR029C,0,-0.6029818,0.05258064344525337,0.16300000250339508,0.2937000095844269
YOR377W,YOR295W,0,-0.60300076,0.05256368964910507,0.16300000250339508,0.2937999963760376
YER095W,YOR315W,0,-0.60316825,0.05254674330353737,0.16300000250339508,0.2939000129699707
YHR052W,YDL095W,0,-0.60331213,0.05252980813384056,0.16300000250339508,0.2939999997615814
YJL031C,YCL059C,0,-0.6036794,0.05251288786530495,0.16300000250339508,0.29409998655319214
YGR177C,YOR095C,0,-0.6037072,0.05249597504734993,0.16300000250339508,0.29420000314712524
YCR089W,YAR018C,0,-0.60397625,0.05247907340526581,0.16300000250339508,0.29429998993873596
YLL027W,YER074W-A,0,-0.6040151,0.05246218293905258,0.16300000250339508,0.29440000653266907
YBR213W,YLR305C,0,-0.60461915,0.05244530364871025,0.16300000250339508,0.2944999933242798
YML047C,YLR417W,0,-0.6050769,0.05242843180894852,0.16300000250339508,0.2946000099182129
YNL278W,YCL026C-A,0,-0.6057433,0.05241157487034798,0.16300000250339508,0.2946999967098236
YLR158C,YGR276C,0,-0.60576284,0.05239472910761833,0.16300000250339508,0.2948000133037567
YPR112C,YOL091W,0,-0.60579145,0.052377890795469284,0.16300000250339508,0.29490000009536743
YPL267W,YFL039C,1,-0.6060488,0.0526822991669178,0.164000004529953,0.29490000009536743
YPL125W,YNL333W,0,-0.6066294,0.052665382623672485,0.164000004529953,0.29499998688697815
YOR295W,YDR330W,0,-0.6066823,0.05264847353100777,0.164000004529953,0.29510000348091125
YCR002C,YGR280C,0,-0.60723794,0.05263157933950424,0.164000004529953,0.295199990272522
YJR153W,YCR028C-A,0,-0.6076722,0.052614692598581314,0.164000004529953,0.2953000068664551
YER177W,YMR078C,1,-0.607679,0.05291853845119476,0.16500000655651093,0.2953000068664551
YNR033W,YPL200W,0,-0.607682,0.05290156975388527,0.16500000655651093,0.2953999936580658
YCR010C,YOL005C,0,-0.60787904,0.05288461595773697,0.16500000655651093,0.2955000102519989
YPL200W,YLR264W,0,-0.60792553,0.052867669612169266,0.16500000655651093,0.2955999970436096
YBR111W-A,YEL051W,0,-0.60793936,0.052850738167762756,0.16500000655651093,0.2957000136375427
YPR019W,YOR100C,0,-0.60830224,0.052833814173936844,0.16500000655651093,0.29580000042915344
YLR009W,YOR295W,0,-0.6083237,0.05281690135598183,0.16500000655651093,0.29589998722076416
YKL005C,YHR174W,0,-0.6083584,0.052799999713897705,0.16500000655651093,0.29600000381469727
YIR013C,YPR055W,0,-0.6084269,0.05278310924768448,0.16500000655651093,0.296099990606308
YLL027W,YKL035W,0,-0.6086421,0.05276622995734215,0.16500000655651093,0.2962000072002411
YCL026C-A,YDL135C,0,-0.608897,0.05274936184287071,0.16500000655651093,0.2962999939918518
YHR015W,YLR006C,0,-0.60897565,0.052732501178979874,0.16500000655651093,0.2964000105857849
YER169W,YDR165W,0,-0.6095413,0.05271565541625023,0.16500000655651093,0.29649999737739563
YMR116C,YBR260C,0,-0.6095644,0.05269881710410118,0.16500000655651093,0.29660001397132874
YCL026C-A,YHL025W,0,-0.60963273,0.05268199369311333,0.16500000655651093,0.29670000076293945
YER030W,YJL092W,0,-0.6096691,0.05266517773270607,0.16500000655651093,0.29679998755455017
YOR322C,YDR449C,0,-0.60977817,0.05264837294816971,0.16500000655651093,0.2969000041484833
YDR518W,YGR280C,0,-0.6100955,0.05263157933950424,0.16500000655651093,0.296999990940094
YGR204W,YJL139C,0,-0.61041975,0.05261479690670967,0.16500000655651093,0.2971000075340271
YHR015W,YAR031W,0,-0.6104622,0.0525980219244957,0.16500000655651093,0.2971999943256378
YMR219W,YOR346W,0,-0.6107545,0.05258126184344292,0.16500000655651093,0.2973000109195709
YPR111W,YHR154W,0,-0.6113205,0.052564509212970734,0.16500000655651093,0.29739999771118164
YOL091W,YCL074W,0,-0.6113615,0.052547771483659744,0.16500000655651093,0.29750001430511475
YMR044W,YCL033C,0,-0.61142635,0.05253104120492935,0.16500000655651093,0.29760000109672546
YBR036C,YBR012W-A,0,-0.61144483,0.052514322102069855,0.16500000655651093,0.2976999878883362
YDL045C,YKR081C,0,-0.61151433,0.05249761417508125,0.16500000655651093,0.2978000044822693
YER166W,YDR058C,0,-0.61191595,0.05248091742396355,0.16500000655651093,0.29789999127388
YJR160C,YPR002W,0,-0.6121669,0.05246422812342644,0.16500000655651093,0.2980000078678131
YMR025W,YDR165W,0,-0.6132029,0.05244755372405052,0.16500000655651093,0.29809999465942383
YPR046W,YFL045C,0,-0.6132126,0.0524308867752552,0.16500000655651093,0.29820001125335693
YNR033W,YKL144C,0,-0.6132133,0.05241423100233078,0.16500000655651093,0.29829999804496765
YGR109C,YOR326W,1,-0.6133385,0.05271514877676964,0.16599999368190765,0.29829999804496765
YNL244C,YLR301W,0,-0.61373484,0.05269841104745865,0.16599999368190765,0.29840001463890076
YDL132W,YGR245C,1,-0.61380994,0.05299904942512512,0.16699999570846558,0.29840001463890076
YLR342W,YML076C,0,-0.61396945,0.052982233464717865,0.16699999570846558,0.2985000014305115
YPL048W,YML112W,0,-0.61409783,0.0529654286801815,0.16699999570846558,0.2985999882221222
YGL229C,YAL047C,1,-0.61413765,0.05326569452881813,0.1679999977350235,0.2985999882221222
YGR284C,YOR388C,0,-0.6142534,0.0532488115131855,0.1679999977350235,0.2987000048160553
YPL248C,YJL062W,0,-0.6143036,0.05323193967342377,0.1679999977350235,0.298799991607666
YLR157C,YAL023C,0,-0.61439157,0.05321507900953293,0.1679999977350235,0.2989000082015991
YBR129C,YBR182C,0,-0.6144047,0.05319822579622269,0.1679999977350235,0.29899999499320984
YHR072W-A,YPL283C,0,-0.6144532,0.05318138748407364,0.1679999977350235,0.29910001158714294
YHR079C,YPR132W,0,-0.6146587,0.05316455662250519,0.1679999977350235,0.29919999837875366
YJL203W,YJL026W,0,-0.61493695,0.05314773693680763,0.1679999977350235,0.2992999851703644
YDR258C,YNL106C,0,-0.61543655,0.05313092842698097,0.1679999977350235,0.2994000017642975
YDL106C,YBR143C,0,-0.6155331,0.05311413109302521,0.1679999977350235,0.2994999885559082
YGR037C,YLL027W,0,-0.61559546,0.05309734493494034,0.1679999977350235,0.2996000051498413
YOR100C,YNL243W,0,-0.61578894,0.053080569952726364,0.1679999977350235,0.299699991941452
YML132W,YHR008C,0,-0.61627686,0.05306380242109299,0.1679999977350235,0.29980000853538513
YLR270W,YDL059C,0,-0.61657715,0.053047046065330505,0.1679999977350235,0.29989999532699585
YLR102C,YIL031W,1,-0.6167288,0.05334595963358879,0.16899999976158142,0.29989999532699585
YNL334C,YIR026C,0,-0.61675227,0.05332912504673004,0.16899999976158142,0.30000001192092896
YMR036C,YGL229C,1,-0.61678064,0.05362775921821594,0.17000000178813934,0.30000001192092896
YFL039C,YMR190C,1,-0.6168436,0.05392620712518692,0.17100000381469727,0.30000001192092896
YBL045C,YOR229W,0,-0.61690974,0.05390920490026474,0.17100000381469727,0.3000999987125397
YLR074C,YGR141W,0,-0.6172092,0.053892213851213455,0.17100000381469727,0.3001999855041504
YPL154C,YIL084C,0,-0.61758554,0.053875237703323364,0.17100000381469727,0.3003000020980835
YJL095W,YPR042C,0,-0.61766064,0.05385826900601387,0.17100000381469727,0.3003999888896942
YPL119C,YDR365C,0,-0.61775625,0.05384131148457527,0.17100000381469727,0.3005000054836273
YER179W,YGR047C,0,-0.6177993,0.05382436141371727,0.17100000381469727,0.30059999227523804
YBR188C,YNL333W,0,-0.61787987,0.05380742624402046,0.17100000381469727,0.30070000886917114
YPL048W,YER143W,0,-0.6180366,0.05379049852490425,0.17100000381469727,0.30079999566078186
YJL031C,YLR291C,0,-0.61806595,0.053773585706949234,0.17100000381469727,0.30090001225471497
YBR042C,YKL150W,0,-0.6181426,0.053756680339574814,0.17100000381469727,0.3009999990463257
YLR115W,YLR372W,0,-0.61900926,0.05373978614807129,0.17100000381469727,0.3010999858379364
YDR179C,YHR163W,0,-0.6194128,0.05372290313243866,0.17100000381469727,0.3012000024318695
YNR016C,YML049C,0,-0.6197486,0.053706031292676926,0.17100000381469727,0.3012999892234802
YJL093C,YCR061W,0,-0.61996484,0.05368916690349579,0.17100000381469727,0.30140000581741333
YKL220C,YBR009C,0,-0.6201242,0.053672317415475845,0.17100000381469727,0.30149999260902405
YGR059W,YDR177W,0,-0.6201786,0.0536554753780365,0.17100000381469727,0.30160000920295715
YAL023C,YPL283C,0,-0.6202756,0.05363864451646805,0.17100000381469727,0.30169999599456787
YFL039C,YIL153W,1,-0.6204146,0.053935401141643524,0.1720000058412552,0.30169999599456787
YOR226C,YBR097W,0,-0.6205629,0.053918495774269104,0.1720000058412552,0.301800012588501
YLR285W,YLR301W,0,-0.6206269,0.05390159785747528,0.1720000058412552,0.3018999993801117
YBR066C,YOL055C,0,-0.620795,0.05388471111655235,0.1720000058412552,0.3019999861717224
YHL047C,YAR018C,0,-0.620847,0.05386783555150032,0.1720000058412552,0.3021000027656555
YKL152C,YLR452C,0,-0.6212579,0.05385097116231918,0.1720000058412552,0.30219998955726624
YIL118W,YHR079C-A,0,-0.62163603,0.05383411422371864,0.1720000058412552,0.30230000615119934
YLR102C,YER089C,1,-0.6217339,0.05413016304373741,0.17299999296665192,0.30230000615119934
YER114C,YLR010C,0,-0.6218718,0.0541132315993309,0.17299999296665192,0.30239999294281006
YDR263C,YPR164W,0,-0.62196195,0.05409631133079529,0.17299999296665192,0.30250000953674316
YCL039W,YML059C,0,-0.6221031,0.05407939851284027,0.17299999296665192,0.3025999963283539
YDL105W,YIL039W,0,-0.6221812,0.05406250059604645,0.17299999296665192,0.302700012922287
YLR115W,YNL318C,0,-0.6222112,0.05404561012983322,0.17299999296665192,0.3027999997138977
YPL200W,YNL334C,0,-0.6223365,0.05402873083949089,0.17299999296665192,0.3028999865055084
YBR093C,YHR079C-A,0,-0.62263787,0.054011862725019455,0.17299999296665192,0.30300000309944153
YNL248C,YGR241C,0,-0.62293684,0.053995005786418915,0.17299999296665192,0.30309998989105225
YPL106C,YOR295W,0,-0.6229434,0.05397816002368927,0.17299999296665192,0.30320000648498535
YCL029C,YOR326W,1,-0.6232635,0.05427323654294014,0.17399999499320984,0.30320000648498535
YNL031C,YMR030W,0,-0.6233554,0.05425631254911423,0.17399999499320984,0.30329999327659607
YOR144C,YHR161C,0,-0.6237931,0.05423939973115921,0.17399999499320984,0.3034000098705292
YNR016C,YNL206C,0,-0.6238874,0.05422249808907509,0.17399999499320984,0.3034999966621399
YDR263C,YNL119W,0,-0.62404954,0.05420560762286186,0.17399999499320984,0.303600013256073
YHR205W,YOR315W,0,-0.6241462,0.05418872460722923,0.17399999499320984,0.3037000000476837
YKL146W,YLR318W,0,-0.6241474,0.0541718564927578,0.17399999499320984,0.30379998683929443
YNL328C,YFR034C,0,-0.6241541,0.05415499582886696,0.17399999499320984,0.30390000343322754
YGR097W,YPR187W,0,-0.62467945,0.054138146340847015,0.17399999499320984,0.30399999022483826
YHL038C,YDL095W,0,-0.6249783,0.05412130802869797,0.17399999499320984,0.30410000681877136
YLR318W,YKL120W,0,-0.62500525,0.05410447716712952,0.17399999499320984,0.3041999936103821
YGR092W,YDR385W,0,-0.62501717,0.05408765748143196,0.17399999499320984,0.3043000102043152
YHR073W,YLR448W,0,-0.62516654,0.0540708526968956,0.17399999499320984,0.3043999969959259
YPR193C,YMR267W,0,-0.62528825,0.054054055362939835,0.17399999499320984,0.304500013589859
YLR157C,YGL144C,0,-0.62539196,0.05403726547956467,0.17399999499320984,0.3046000003814697
YOL017W,YKL144C,0,-0.625607,0.05402049049735069,0.17399999499320984,0.30469998717308044
YOL020W,YNL310C,0,-0.6261319,0.054003722965717316,0.17399999499320984,0.30480000376701355
YOL013C,YFL002C,0,-0.6267381,0.05398697033524513,0.17399999499320984,0.30489999055862427
YDR345C,YLL013C,0,-0.6269462,0.053970225155353546,0.17399999499320984,0.3050000071525574
YMR236W,YML027W,1,-0.6270164,0.05426356568932533,0.17499999701976776,0.3050000071525574
YJL031C,YOR049C,0,-0.62706745,0.05424674600362778,0.17499999701976776,0.3050999939441681
YHR072W-A,YGL255W,0,-0.6272167,0.05422993376851082,0.17499999701976776,0.3052000105381012
YGR284C,YHR072W-A,0,-0.62738025,0.054213136434555054,0.17499999701976776,0.3052999973297119
YMR168C,YML027W,1,-0.6273918,0.05450603738427162,0.17599999904632568,0.3052999973297119
YGL247W,YDL236W,0,-0.6277261,0.05448916554450989,0.17599999904632568,0.305400013923645
YGL194C,YPL040C,0,-0.6277995,0.05447230115532875,0.17599999904632568,0.30550000071525574
YNL248C,YGL255W,0,-0.6283996,0.05445544421672821,0.17599999904632568,0.30559998750686646
YNL111C,YAR018C,0,-0.6284175,0.054438602179288864,0.17599999904632568,0.30570000410079956
YJR017C,YDR314C,0,-0.6284188,0.054421767592430115,0.17599999904632568,0.3057999908924103
YJL095W,YOR162C,0,-0.62870777,0.05440494418144226,0.17599999904632568,0.3059000074863434
YOR294W,YDR058C,0,-0.6291232,0.0543881319463253,0.17599999904632568,0.3059999942779541
YJL166W,YDR449C,0,-0.62913525,0.05437133088707924,0.17599999904632568,0.3061000108718872
YHL040C,YPL128C,0,-0.6294327,0.05435454100370407,0.17599999904632568,0.3061999976634979
YNL148C,YLR342W,0,-0.6295061,0.0543377585709095,0.17599999904632568,0.30630001425743103
YOR078W,YLR417W,0,-0.6295943,0.054320987313985825,0.17599999904632568,0.30640000104904175
YEL027W,YJL100W,0,-0.6301346,0.054304227232933044,0.17599999904632568,0.30649998784065247
YNL290W,YFL059W,0,-0.6301931,0.05428747832775116,0.17599999904632568,0.30660000443458557
YMR032W,YLR010C,0,-0.63031435,0.05427073687314987,0.17599999904632568,0.3066999912261963
YDR385W,YMR032W,0,-0.63084805,0.05425400659441948,0.17599999904632568,0.3068000078201294
YGL200C,YDR227W,0,-0.63086057,0.05423728749155998,0.17599999904632568,0.3068999946117401
YLR069C,YHL022C,0,-0.6309284,0.05422057956457138,0.17599999904632568,0.3070000112056732
YMR288W,YOR136W,0,-0.6309978,0.054203879088163376,0.17599999904632568,0.30709999799728394
YMR277W,YDL245C,0,-0.63123477,0.054187193512916565,0.17599999904632568,0.30720001459121704
YDR439W,YNL248C,0,-0.63157403,0.05417051538825035,0.17599999904632568,0.30730000138282776
YER166W,YMR069W,0,-0.6320329,0.054153844714164734,0.17599999904632568,0.3073999881744385
YKL206C,YBR069C,0,-0.63216436,0.05413718894124031,0.17599999904632568,0.3075000047683716
YNL328C,YJL168C,0,-0.6323743,0.054120540618896484,0.17599999904632568,0.3075999915599823
YPR042C,YCL033C,0,-0.63254356,0.05410390347242355,0.17599999904632568,0.3077000081539154
YNL334C,YJR019C,0,-0.63262653,0.05408727750182152,0.17599999904632568,0.3077999949455261
YBR136W,YOR231W,0,-0.6328771,0.05407065898180008,0.17599999904632568,0.30790001153945923
YLR324W,YDL236W,0,-0.6329789,0.054054055362939835,0.17599999904632568,0.30799999833106995
YHR191C,YGL229C,1,-0.6331687,0.05434449017047882,0.1770000010728836,0.30799999833106995
YGL240W,YMR236W,1,-0.63336694,0.05463474616408348,0.17800000309944153,0.30799999833106995
YLR285W,YDL059C,0,-0.6334008,0.0546179823577404,0.17800000309944153,0.30809998512268066
YEL069C,YER008C,0,-0.6335597,0.05460122600197792,0.17800000309944153,0.30820000171661377
YDR345C,YJR010C-A,0,-0.6336107,0.05458448454737663,0.17800000309944153,0.3082999885082245
YLR113W,YOR084W,0,-0.6337795,0.05456775054335594,0.17800000309944153,0.3084000051021576
YLR102C,YER177W,1,-0.63428915,0.054857492446899414,0.17900000512599945,0.3084000051021576
YHR023W,YGR197C,0,-0.6346704,0.05484068766236305,0.17900000512599945,0.3084999918937683
YMR219W,YBR129C,0,-0.6347021,0.05482389032840729,0.17900000512599945,0.3086000084877014
YMR081C,YBR111W-A,0,-0.63470757,0.05480710417032242,0.17900000512599945,0.30869999527931213
YIR008C,YNL002C,0,-0.635013,0.054790329188108444,0.17900000512599945,0.30880001187324524
YBR153W,YHR079C-A,0,-0.63502085,0.05477356165647507,0.17900000512599945,0.30889999866485596
YCL026C-A,YIR033W,0,-0.6354865,0.054756805300712585,0.17900000512599945,0.3089999854564667
YGL200C,YJL085W,0,-0.63567626,0.054740060120821,0.17900000512599945,0.3091000020503998
YGR254W,YER008C,0,-0.6357533,0.05472332611680031,0.17900000512599945,0.3091999888420105
YLR109W,YER162C,0,-0.6360744,0.05470660328865051,0.17900000512599945,0.3093000054359436
YJL026W,YKR031C,0,-0.6360996,0.054689887911081314,0.17900000512599945,0.3093999922275543
YLR381W,YLR051C,0,-0.63614476,0.05467318370938301,0.17900000512599945,0.3095000088214874
YDR342C,YER087C-B,0,-0.6362095,0.054656486958265305,0.17900000512599945,0.30959999561309814
YDR188W,YMR139W,0,-0.6368786,0.05463980510830879,0.17900000512599945,0.30970001220703125
YCR081W,YJL143W,0,-0.63718045,0.05462313070893288,0.17900000512599945,0.30979999899864197
YPR001W,YIL149C,0,-0.6371815,0.054606467485427856,0.17900000512599945,0.3098999857902527
YPR023C,YGR055W,0,-0.6376879,0.05458981543779373,0.17900000512599945,0.3100000023841858
YPL048W,YKL042W,0,-0.6377131,0.054573170840740204,0.17900000512599945,0.3100999891757965
YHL024W,YLR396C,0,-0.63785243,0.05455653741955757,0.17900000512599945,0.3102000057697296
YGR289C,YOL005C,0,-0.6379514,0.054539915174245834,0.17900000512599945,0.31029999256134033
YDR499W,YGL120C,0,-0.6380944,0.054523300379514694,0.17900000512599945,0.31040000915527344
YGR254W,YMR100W,0,-0.63815725,0.05450670048594475,0.17900000512599945,0.31049999594688416
YGL001C,YOR160W,0,-0.6383159,0.0544901080429554,0.17900000512599945,0.31060001254081726
YBR038W,YMR069W,0,-0.6389197,0.054473523050546646,0.17900000512599945,0.310699999332428
YLR186W,YKL020C,0,-0.63907826,0.05445695295929909,0.17900000512599945,0.3107999861240387
YJL060W,YPL119C,0,-0.63922703,0.054440390318632126,0.17900000512599945,0.3109000027179718
YML049C,YDR322C-A,0,-0.6394973,0.05442383885383606,0.17900000512599945,0.3109999895095825
YIL124W,YEL019C,0,-0.6395837,0.05440729483962059,0.17900000512599945,0.3111000061035156
YPR132W,YNL310C,0,-0.63964915,0.054390762001276016,0.17900000512599945,0.31119999289512634
YGL062W,YHR138C,0,-0.63981545,0.05437424033880234,0.17900000512599945,0.31130000948905945
YNL263C,YOR162C,0,-0.6401783,0.054357729852199554,0.17900000512599945,0.31139999628067017
YNL328C,YDR392W,0,-0.6403234,0.05434122681617737,0.17900000512599945,0.31150001287460327
YJR007W,YKL035W,0,-0.6404432,0.05432473495602608,0.17900000512599945,0.311599999666214
YPR193C,YML069W,0,-0.64058125,0.05430825427174568,0.17900000512599945,0.3116999864578247
YCL039W,YLR066W,0,-0.640705,0.05429178103804588,0.17900000512599945,0.3118000030517578
YMR163C,YCL034W,0,-0.6409681,0.05427531898021698,0.17900000512599945,0.31189998984336853
YGL086W,YGL229C,1,-0.6410177,0.05456198751926422,0.18000000715255737,0.31189998984336853
YPR002W,YDR334W,0,-0.6410247,0.05454545468091965,0.18000000715255737,0.31200000643730164
YNL142W,YJR153W,0,-0.6410277,0.05452892929315567,0.18000000715255737,0.31209999322891235
YKR034W,YBR105C,0,-0.6410371,0.05451241508126259,0.18000000715255737,0.31220000982284546
YIL009W,YOR346W,0,-0.64107966,0.0544959120452404,0.18000000715255737,0.3122999966144562
YNL318C,YNL283C,0,-0.6413419,0.05447942018508911,0.18000000715255737,0.3124000132083893
YOR377W,YPR112C,0,-0.6418228,0.05446293577551842,0.18000000715255737,0.3125
YCR020C,YPL151C,0,-0.64185345,0.05444646254181862,0.18000000715255737,0.3125999867916107
YJL219W,YNL243W,0,-0.6419389,0.05442999675869942,0.18000000715255737,0.3127000033855438
YGL062W,YPL133C,0,-0.64206254,0.05441354215145111,0.18000000715255737,0.31279999017715454
YJL092W,YIL051C,0,-0.6424788,0.0543970987200737,0.18000000715255737,0.31290000677108765
YNL318C,YLR221C,0,-0.6424837,0.054380666464567184,0.18000000715255737,0.31299999356269836
YLR320W,YHL022C,0,-0.6425258,0.054364241659641266,0.18000000715255737,0.31310001015663147
YNL075W,YNL128W,0,-0.6426412,0.054347824305295944,0.18000000715255737,0.3131999969482422
YJL165C,YHR196W,0,-0.6428499,0.054331421852111816,0.18000000715255737,0.3133000135421753
YGL001C,YDR156W,0,-0.64289165,0.054315026849508286,0.18000000715255737,0.313400000333786
YIL066C,YBR097W,0,-0.6431267,0.05429864302277565,0.18000000715255737,0.31349998712539673
YCL029C,YOR344C,1,-0.64325154,0.0545838363468647,0.1809999942779541,0.31349998712539673
YAR015W,YLL042C,0,-0.64334273,0.054567381739616394,0.1809999942779541,0.31360000371932983
YJR047C,YJL062W,0,-0.64339864,0.054550934582948685,0.1809999942779541,0.31369999051094055
YGR177C,YHR174W,0,-0.6434642,0.05453449860215187,0.1809999942779541,0.31380000710487366
YNL329C,YNL244C,0,-0.64354134,0.05451807379722595,0.1809999942779541,0.3138999938964844
YIR033W,YGR085C,0,-0.64378417,0.05450165644288063,0.1809999942779541,0.3140000104904175
YPR001W,YBR095C,0,-0.64459264,0.054485250264406204,0.1809999942779541,0.3140999972820282
YMR182C,YNL244C,0,-0.64512455,0.05446885526180267,0.1809999942779541,0.3142000138759613
YDR106W,YDR310C,1,-0.6452589,0.05475331097841263,0.18199999630451202,0.3142000138759613
YDR252W,YNR017W,0,-0.6452768,0.05473684147000313,0.18199999630451202,0.314300000667572
YPL145C,YGR054W,0,-0.64535415,0.05472038313746452,0.18199999630451202,0.31439998745918274
YKL152C,YNL075W,0,-0.6455866,0.054703935980796814,0.18199999630451202,0.31450000405311584
YJL219W,YOR160W,0,-0.6456139,0.0546875,0.18199999630451202,0.31459999084472656
YCR098C,YMR005W,0,-0.64578784,0.05467107146978378,0.18199999630451202,0.31470000743865967
YGR092W,YDR225W,0,-0.64582026,0.05465465411543846,0.18199999630451202,0.3147999942302704
YIR013C,YLR006C,0,-0.64584446,0.054638247936964035,0.18199999630451202,0.3149000108242035
YLR405W,YPL248C,0,-0.64605725,0.054621849209070206,0.18199999630451202,0.3149999976158142
YPL127C,YOR319W,0,-0.6469706,0.05460546165704727,0.18199999630451202,0.3151000142097473
YJR017C,YBR182C,0,-0.6471143,0.054589081555604935,0.18199999630451202,0.31520000100135803
YPL018W,YMR316W,0,-0.6472442,0.05457271263003349,0.18199999630451202,0.31529998779296875
YCR089W,YML025C,0,-0.64739966,0.05455635488033295,0.18199999630451202,0.31540000438690186
YPL266W,YML049C,0,-0.6477382,0.054540004581213,0.18199999630451202,0.3154999911785126
YCR057C,YLR466W,0,-0.64786255,0.054523665457963943,0.18199999630451202,0.3156000077724457
YDR191W,YDR418W,0,-0.64801824,0.054507337510585785,0.18199999630451202,0.3156999945640564
YGR077C,YDR281C,0,-0.6483674,0.05449101701378822,0.18199999630451202,0.3158000111579895
YKL150W,YML049C,0,-0.6484251,0.05447470769286156,0.18199999630451202,0.3158999979496002
YLR320W,YLR006C,0,-0.64848745,0.054458409547805786,0.18199999630451202,0.3160000145435333
YJR047C,YFL002C,0,-0.64850855,0.05444211885333061,0.18199999630451202,0.31610000133514404
YGR077C,YHL028W,0,-0.64855134,0.054425835609436035,0.18199999630451202,0.31619998812675476
YNL048W,YOR049C,0,-0.64866686,0.05440956726670265,0.18199999630451202,0.31630000472068787
YCR010C,YIL070C,0,-0.6489333,0.054393306374549866,0.18199999630451202,0.3163999915122986
YDR365C,YOR193W,0,-0.64937973,0.054377052932977676,0.18199999630451202,0.3165000081062317
YJL085W,YIL022W,0,-0.64941144,0.05436081066727638,0.18199999630451202,0.3165999948978424
YOL017W,YNL025C,0,-0.64941776,0.054344579577445984,0.18199999630451202,0.3167000114917755
YBR155W,YCR018C,0,-0.6496531,0.05432835966348648,0.18199999630451202,0.31679999828338623
YKL025C,YNL128W,0,-0.6496583,0.054312147200107574,0.18199999630451202,0.31690001487731934
YNL002C,YKL079W,0,-0.6497737,0.054295942187309265,0.18199999630451202,0.31700000166893005
YNL318C,YKL032C,0,-0.6501175,0.05427974835038185,0.18199999630451202,0.31709998846054077
YOL078W,YCL059C,0,-0.6507145,0.05426356568932533,0.18199999630451202,0.3172000050544739
YGR289C,YDR322C-A,0,-0.6508782,0.05424739047884941,0.18199999630451202,0.3172999918460846
YKR034W,YLR452C,0,-0.6509867,0.054231226444244385,0.18199999630451202,0.3174000084400177
YBL003C,YJL062W,0,-0.651168,0.054215073585510254,0.18199999630451202,0.3174999952316284
YDR252W,YGL120C,0,-0.65121746,0.05419892817735672,0.18199999630451202,0.3176000118255615
YDR096W,YBR061C,0,-0.6514106,0.05418279394507408,0.18199999630451202,0.31769999861717224
YMR049C,YDR499W,0,-0.6517037,0.05416666716337204,0.18199999630451202,0.31779998540878296
YPR051W,YCR040W,0,-0.6517334,0.054150551557540894,0.18199999630451202,0.31790000200271606
YLR431C,YNL318C,0,-0.6518142,0.054134443402290344,0.18199999630451202,0.3179999887943268
YNL214W,YHR119W,0,-0.651858,0.05411834642291069,0.18199999630451202,0.3181000053882599
YNL214W,YOR043W,0,-0.652588,0.05410226061940193,0.18199999630451202,0.3181999921798706
YER044C,YDR165W,0,-0.65260863,0.05408618226647377,0.18199999630451202,0.3183000087738037
YBR009C,YMR032W,0,-0.65272903,0.054070111364126205,0.18199999630451202,0.31839999556541443
YMR078C,YER089C,1,-0.65276146,0.05435105413198471,0.18299999833106995,0.31839999556541443
YHL022C,YEL002C,0,-0.652807,0.054334916174411774,0.18299999833106995,0.31850001215934753
YLL004W,YGR178C,0,-0.6530758,0.05431878939270973,0.18299999833106995,0.31859999895095825
YDR273W,YMR293C,0,-0.6531069,0.05430267006158829,0.18299999833106995,0.31869998574256897
YOR026W,YML027W,1,-0.6531124,0.05458321049809456,0.18400000035762787,0.31869998574256897
YCL059C,YDL052C,0,-0.6532699,0.05456702411174774,0.18400000035762787,0.3188000023365021
YBR038W,YDR314C,0,-0.6534376,0.05455084517598152,0.18400000035762787,0.3188999891281128
YDR421W,YPL028W,0,-0.6535022,0.0545346774160862,0.18400000035762787,0.3190000057220459
YOR100C,YML112W,0,-0.6538652,0.05451851710677147,0.18400000035762787,0.3190999925136566
YNL219C,YNL334C,0,-0.6541085,0.05450236797332764,0.18400000035762787,0.3192000091075897
YDR085C,YPL125W,0,-0.65411866,0.0544862300157547,0.18400000035762787,0.31929999589920044
YHR160C,YGR063C,0,-0.6541854,0.05447009950876236,0.18400000035762787,0.31940001249313354
YMR116C,YDL178W,0,-0.65430725,0.054453980177640915,0.18400000035762787,0.31949999928474426
YOR243C,YCR018C,0,-0.6544261,0.05443786829710007,0.18400000035762787,0.319599986076355
YLR109W,YBL023C,0,-0.65454984,0.054421767592430115,0.18400000035762787,0.3197000026702881
YMR311C,YHL022C,0,-0.6548296,0.05440567806363106,0.18400000035762787,0.3197999894618988
YIR013C,YGR005C,0,-0.6551558,0.0543895959854126,0.18400000035762787,0.3199000060558319
YFL060C,YPL106C,0,-0.6552588,0.054373521357774734,0.18400000035762787,0.3199999928474426
YMR081C,YGR178C,0,-0.65528166,0.05435745790600777,0.18400000035762787,0.32010000944137573
YOR031W,YER143W,0,-0.6554252,0.054341405630111694,0.18400000035762787,0.32019999623298645
YJR047C,YDR318W,0,-0.65544546,0.05432536080479622,0.18400000035762787,0.32030001282691956
YNR019W,YER178W,0,-0.6554909,0.05430932715535164,0.18400000035762787,0.3203999996185303
YKR054C,YOR344C,1,-0.6556841,0.05458837375044823,0.1850000023841858,0.3203999996185303
YDR263C,YLR069C,0,-0.65573084,0.054572273045778275,0.1850000023841858,0.320499986410141
YOR326W,YIL153W,1,-0.655795,0.05485107749700546,0.1860000044107437,0.320499986410141
YCR065W,YMR190C,1,-0.65587664,0.05512971803545952,0.18700000643730164,0.320499986410141
YLL001W,YIR026C,0,-0.6563375,0.05511346831917763,0.18700000643730164,0.3206000030040741
YPL069C,YJL101C,0,-0.65687776,0.05509722977876663,0.18700000643730164,0.3206999897956848
YGL229C,YDL047W,1,-0.6571535,0.05537555366754532,0.18799999356269836,0.3206999897956848
YKL144C,YDR330W,0,-0.6572062,0.05535924434661865,0.18799999356269836,0.3208000063896179
YDR040C,YIL098C,0,-0.6573416,0.05534294992685318,0.18799999356269836,0.32089999318122864
YBR155W,YGR141W,0,-0.6576723,0.055326662957668304,0.18799999356269836,0.32100000977516174
YCR098C,YNR017W,0,-0.65787816,0.055310387164354324,0.18799999356269836,0.32109999656677246
YLR368W,YLR075W,0,-0.6580889,0.05529411882162094,0.18799999356269836,0.32120001316070557
YAL059W,YDR040C,0,-0.6584312,0.055277857929468155,0.18799999356269836,0.3212999999523163
YCL026C-A,YOR322C,0,-0.6585448,0.05526161193847656,0.18799999356269836,0.321399986743927
YGR063C,YHR161C,0,-0.6585716,0.05524537339806557,0.18799999356269836,0.3215000033378601
YLR158C,YER068W,0,-0.6586176,0.05522914230823517,0.18799999356269836,0.3215999901294708
YMR219W,YJL166W,0,-0.658636,0.055212922394275665,0.18799999356269836,0.32170000672340393
YBR164C,YOL002C,0,-0.65891135,0.05519670993089676,0.18799999356269836,0.32179999351501465
YPL048W,YLR301W,0,-0.6597568,0.05518051236867905,0.18799999356269836,0.32190001010894775
YIL036W,YLR466W,0,-0.65996957,0.05516431853175163,0.18799999356269836,0.32199999690055847
YML036W,YDL079C,0,-0.66001546,0.055148135870695114,0.18799999356269836,0.3221000134944916
YJL026W,YLR147C,0,-0.6600318,0.05513196438550949,0.18799999356269836,0.3222000002861023
YLR158C,YDR183W,0,-0.6607704,0.055115800350904465,0.18799999356269836,0.322299987077713
YLR353W,YJR160C,0,-0.66079164,0.055099647492170334,0.18799999356269836,0.3224000036716461
YLR193C,YMR210W,0,-0.66118073,0.0550835058093071,0.18799999356269836,0.32249999046325684
YDR418W,YIL084C,0,-0.66122186,0.05506736785173416,0.18799999356269836,0.32260000705718994
YMR219W,YEL019C,0,-0.6613947,0.05505124479532242,0.18799999356269836,0.32269999384880066
YDR225W,YCR057C,0,-0.66141665,0.05503512918949127,0.18799999356269836,0.32280001044273376
YFR009W,YPR046W,0,-0.66243255,0.05501902103424072,0.18799999356269836,0.3228999972343445
YPL157W,YEL002C,0,-0.6626122,0.05500292405486107,0.18799999356269836,0.3230000138282776
YFL045C,YKR031C,0,-0.662979,0.05498683825135231,0.18799999356269836,0.3231000006198883
YGL206C,YBL002W,0,-0.6633227,0.05497075989842415,0.18799999356269836,0.323199987411499
YNL317W,YMR308C,0,-0.6635289,0.05495469272136688,0.18799999356269836,0.32330000400543213
YBR110W,YPL058C,0,-0.6636791,0.05493863299489021,0.18799999356269836,0.32339999079704285
YLR381W,YDR294C,0,-0.66384184,0.05492258071899414,0.18799999356269836,0.32350000739097595
YCR066W,YDL052C,0,-0.6641147,0.05490654334425926,0.18799999356269836,0.32359999418258667
YLR160C,YML069W,0,-0.664461,0.05489050969481468,0.18799999356269836,0.3237000107765198
YLR160C,YLR113W,0,-0.66482866,0.054874490946531296,0.18799999356269836,0.3237999975681305
YCR010C,YDR227W,0,-0.6650826,0.05485847592353821,0.18799999356269836,0.3239000141620636
YER177W,YDR113C,1,-0.6651851,0.05513418838381767,0.1889999955892563,0.3239000141620636
YNL248C,YBR097W,0,-0.66567504,0.05511811003088951,0.1889999955892563,0.3240000009536743
YKL025C,YPR002W,0,-0.6659807,0.055102039128541946,0.1889999955892563,0.32409998774528503
YHL022C,YER151C,0,-0.666106,0.05508597940206528,0.1889999955892563,0.32420000433921814
YLR431C,YDR224C,0,-0.66610754,0.0550699308514595,0.1889999955892563,0.32429999113082886
YML058W,YHL022C,0,-0.6661489,0.055053889751434326,0.1889999955892563,0.32440000772476196
YBL002W,YOR106W,0,-0.66647696,0.055037856101989746,0.1889999955892563,0.3244999945163727
YHR023W,YOL005C,0,-0.6665089,0.05502183362841606,0.1889999955892563,0.3246000111103058
YHR030C,YBR182C,0,-0.66700745,0.05500582233071327,0.1889999955892563,0.3246999979019165
YAL040C,YFR027W,1,-0.66710794,0.055280767381191254,0.1899999976158142,0.3246999979019165
YOR100C,YDR294C,0,-0.66714144,0.05526468902826309,0.1899999976158142,0.3248000144958496
YNL142W,YBR214W,0,-0.66716397,0.05524861812591553,0.1899999976158142,0.3249000012874603
YNL029C,YJL026W,0,-0.6671696,0.05523255839943886,0.1899999976158142,0.32499998807907104
YML077W,YLR466W,0,-0.667302,0.055216506123542786,0.1899999976158142,0.32510000467300415
YCR065W,YGR245C,1,-0.66731334,0.055490992963314056,0.19099999964237213,0.32510000467300415
YBR183W,YHR138C,0,-0.6673267,0.05547487735748291,0.19099999964237213,0.32519999146461487
YLR102C,YGL229C,1,-0.6673497,0.05574912950396538,0.19200000166893005,0.32519999146461487
YPR193C,YDR240C,0,-0.6675261,0.05573294684290886,0.19200000166893005,0.325300008058548
YMR049C,YDR281C,0,-0.6675545,0.05571677163243294,0.19200000166893005,0.3253999948501587
YBR168W,YNL243W,0,-0.66775835,0.05570060759782791,0.19200000166893005,0.3255000114440918
YNR057C,YPL154C,0,-0.667804,0.05568445473909378,0.19200000166893005,0.3255999982357025
YGL021W,YAL040C,1,-0.6680356,0.05595824867486954,0.19300000369548798,0.3255999982357025
YJL101C,YDR126W,0,-0.66808283,0.055942028760910034,0.19300000369548798,0.3257000148296356
YHR116W,YCR040W,0,-0.6681614,0.055925820022821426,0.19300000369548798,0.32580000162124634
YKL064W,YHR072W-A,0,-0.6682372,0.055909618735313416,0.19300000369548798,0.32589998841285706
YER133W,YMR190C,1,-0.66825604,0.05618302896618843,0.1940000057220459,0.32589998841285706
YDL236W,YGL063W,0,-0.6683935,0.056166764348745346,0.1940000057220459,0.32600000500679016
YFL029C,YOR344C,1,-0.66841614,0.05643994361162186,0.19499999284744263,0.32600000500679016
YHR015W,YBR192W,0,-0.66848004,0.0564236119389534,0.19499999284744263,0.3260999917984009
YLR158C,YBR214W,0,-0.66857564,0.05640728771686554,0.19499999284744263,0.326200008392334
YCR010C,YJR093C,0,-0.66882,0.05639097839593887,0.19499999284744263,0.3262999951839447
YIL117C,YKL119C,0,-0.6689068,0.056374676525592804,0.19499999284744263,0.3264000117778778
YMR119W,YOL091W,0,-0.66894424,0.05635838210582733,0.19499999284744263,0.3264999985694885
YPR164W,YFL017W-A,0,-0.6690769,0.056342098861932755,0.19499999284744263,0.32659998536109924
YFL056C,YOR100C,0,-0.6691719,0.056325823068618774,0.19499999284744263,0.32670000195503235
YGR140W,YGL229C,1,-0.6694038,0.056598324328660965,0.19599999487400055,0.32670000195503235
YPL086C,YDR191W,0,-0.6694218,0.05658198520541191,0.19599999487400055,0.32679998874664307
YJR057W,YBL045C,0,-0.6694561,0.05656565725803375,0.19599999487400055,0.32690000534057617
YGR140W,YAL040C,1,-0.66979635,0.05683785304427147,0.19699999690055847,0.32690000534057617
YOR144C,YLR264W,0,-0.67017305,0.05682145804166794,0.19699999690055847,0.3269999921321869
YOL111C,YPL283C,0,-0.6702075,0.0568050742149353,0.19699999690055847,0.32710000872612
YDR224C,YPR134W,0,-0.6707212,0.05678870156407356,0.19699999690055847,0.3271999955177307
YLR074C,YJR131W,0,-0.6708238,0.05677233263850212,0.19699999690055847,0.3273000121116638
YLR131C,YGL229C,1,-0.67086613,0.057044077664613724,0.1979999989271164,0.3273000121116638
YMR049C,YJR010C-A,0,-0.67104244,0.05702764913439751,0.1979999989271164,0.32739999890327454
YFL057C,YOR100C,0,-0.6712673,0.05701122805476189,0.1979999989271164,0.32749998569488525
YJL219W,YDR181C,0,-0.6714897,0.05699481815099716,0.1979999989271164,0.32760000228881836
YBL003C,YDL148C,0,-0.6718018,0.056978415697813034,0.1979999989271164,0.3276999890804291
YCR002C,YOR294W,0,-0.6725608,0.0569620244204998,0.1979999989271164,0.3278000056743622
YGR055W,YML025C,0,-0.6726353,0.056945644319057465,0.1979999989271164,0.3278999924659729
YGR109C,YMR190C,1,-0.67264163,0.057216789573431015,0.19900000095367432,0.3278999924659729
YMR287C,YNL318C,0,-0.672819,0.057200346142053604,0.19900000095367432,0.328000009059906
YDL095W,YNL107W,0,-0.6729903,0.05718390643596649,0.19900000095367432,0.3280999958515167
YNL333W,YML076C,0,-0.67308486,0.05716748163104057,0.19900000095367432,0.32820001244544983
YDR183W,YOR049C,0,-0.6732545,0.05715106427669525,0.19900000095367432,0.32829999923706055
YDR439W,YDR281C,0,-0.6733173,0.05713465437293053,0.19900000095367432,0.32839998602867126
YPR082C,YFL059W,0,-0.67332745,0.0571182556450367,0.19900000095367432,0.32850000262260437
YOL020W,YMR293C,0,-0.6733326,0.057101864367723465,0.19900000095367432,0.3285999894142151
YBR026C,YLR369W,0,-0.6733471,0.05708548426628113,0.19900000095367432,0.3287000060081482
YGR254W,YLR369W,0,-0.6734276,0.057069115340709686,0.19900000095367432,0.3287999927997589
YPL248C,YIL021W,0,-0.67353165,0.05705275386571884,0.19900000095367432,0.328900009393692
YPL254W,YDR251W,0,-0.6736758,0.057036399841308594,0.19900000095367432,0.32899999618530273
YDR345C,YML025C,0,-0.6738981,0.05702005699276924,0.19900000095367432,0.32910001277923584
YHR015W,YER068W,0,-0.6739415,0.057003725320100784,0.19900000095367432,0.32919999957084656
YFL039C,YMR048W,1,-0.67403984,0.05727376788854599,0.20000000298023224,0.32919999957084656
YDR273W,YDR218C,0,-0.6740943,0.05725737288594246,0.20000000298023224,0.3292999863624573
YDR480W,YOR315W,0,-0.6742588,0.057240985333919525,0.20000000298023224,0.3294000029563904
YGR284C,YCL039W,0,-0.67460454,0.05722460523247719,0.20000000298023224,0.3294999897480011
YHL024W,YOR129C,0,-0.6746173,0.057208236306905746,0.20000000298023224,0.3296000063419342
YPL228W,YOL002C,0,-0.6747241,0.0571918785572052,0.20000000298023224,0.3296999931335449
YGR204W,YGL006W,0,-0.6748135,0.05717552825808525,0.20000000298023224,0.329800009727478
YAL047C,YOR344C,1,-0.6752925,0.0574449859559536,0.20100000500679016,0.329800009727478
YNL029C,YFL059W,0,-0.67559206,0.057428572326898575,0.20100000500679016,0.32989999651908875
YJL026W,YDR156W,0,-0.6755953,0.05741216614842415,0.20100000500679016,0.33000001311302185
YKL035W,YOR084W,0,-0.6757543,0.057395774871110916,0.20100000500679016,0.33009999990463257
YER166W,YDR342C,0,-0.6759032,0.05737938731908798,0.20100000500679016,0.3301999866962433
YHR079C,YOL005C,0,-0.6760515,0.05736301466822624,0.20100000500679016,0.3303000032901764
YOR136W,YJL062W,0,-0.6762049,0.0573466494679451,0.20100000500679016,0.3303999900817871
YCR002C,YIL084C,0,-0.67620575,0.05733029171824455,0.20100000500679016,0.3305000066757202
YJR057W,YLR009W,0,-0.6765585,0.0573139451444149,0.20100000500679016,0.33059999346733093
YMR056C,YBR038W,0,-0.67665124,0.05729760602116585,0.20100000500679016,0.33070001006126404
YPL241C,YDR345C,0,-0.6768317,0.05728127807378769,0.20100000500679016,0.33079999685287476
YKR034W,YCR081W,0,-0.6770532,0.05726495757699013,0.20100000500679016,0.33090001344680786
YJR139C,YGL063W,0,-0.6771107,0.05724864825606346,0.20100000500679016,0.3310000002384186
YKL053C-A,YPL085W,0,-0.67733383,0.05723234638571739,0.20100000500679016,0.3310999870300293
YNL278W,YDR289C,0,-0.67769384,0.05721605569124222,0.20100000500679016,0.3312000036239624
YDR040C,YPR164W,0,-0.67785144,0.05719977244734764,0.20100000500679016,0.3312999904155731
YBR143C,YGR141W,0,-0.67785966,0.05718350037932396,0.20100000500679016,0.3314000070095062
YMR033W,YLR324W,0,-0.6778816,0.057167235761880875,0.20100000500679016,0.33149999380111694
YMR044W,YPL283C,0,-0.678198,0.057150982320308685,0.20100000500679016,0.33160001039505005
YPL169C,YGR059W,0,-0.6782069,0.05713473632931709,0.20100000500679016,0.33169999718666077
YPL086C,YIL061C,0,-0.6782236,0.0571184977889061,0.20100000500679016,0.33180001378059387
YOR250C,YDL059C,0,-0.678265,0.057102274149656296,0.20100000500679016,0.3319000005722046
YDL132W,YKR083C,1,-0.6783899,0.05737006664276123,0.20200000703334808,0.3319000005722046
YOR274W,YIL066C,0,-0.67844296,0.057353775948286057,0.20200000703334808,0.3319999873638153
YGR177C,YDR281C,0,-0.6785238,0.05733749642968178,0.20200000703334808,0.3321000039577484
YOR380W,YER074W-A,0,-0.678947,0.057321224361658096,0.20200000703334808,0.33219999074935913
YBL002W,YOR294W,0,-0.67925084,0.05730496346950531,0.20200000703334808,0.33230000734329224
YGR037C,YKL026C,0,-0.67927516,0.05728871375322342,0.20200000703334808,0.33239999413490295
YIL110W,YBR260C,0,-0.67942977,0.05727246776223183,0.20200000703334808,0.33250001072883606
YJL026W,YOL142W,0,-0.67988074,0.05725623667240143,0.20200000703334808,0.3325999975204468
YML086C,YBR111W-A,0,-0.6801535,0.05724001303315163,0.20200000703334808,0.3327000141143799
YPL267W,YKR054C,1,-0.6802312,0.05750708281993866,0.2029999941587448,0.3327000141143799
YDR173C,YBR188C,0,-0.68027306,0.057490795850753784,0.2029999941587448,0.3328000009059906
YIL147C,YKL035W,0,-0.6802914,0.057474520057439804,0.2029999941587448,0.3328999876976013
YJR057W,YPR074C,0,-0.6804806,0.05745825171470642,0.2029999941587448,0.3330000042915344
YNL334C,YKL122C,0,-0.6808822,0.057441990822553635,0.2029999941587448,0.33309999108314514
YML047C,YDR235W,0,-0.6809262,0.057425741106271744,0.2029999941587448,0.33320000767707825
YFL056C,YEL019C,0,-0.68096316,0.05740950256586075,0.2029999941587448,0.33329999446868896
YNL021W,YOR162C,0,-0.68102074,0.05739327147603035,0.2029999941587448,0.33340001106262207
YJL063C,YHR079C-A,0,-0.68104017,0.05737704783678055,0.2029999941587448,0.3334999978542328
YGL001C,YHR178W,0,-0.68111706,0.05736083537340164,0.2029999941587448,0.3336000144481659
YHR023W,YCR028C-A,0,-0.681134,0.05734463408589363,0.2029999941587448,0.3337000012397766
YMR113W,YBR156C,0,-0.68122244,0.05732843652367592,0.2029999941587448,0.33379998803138733
YNL291C,YOR049C,0,-0.68130565,0.0573122538626194,0.2029999941587448,0.33390000462532043
YOL078W,YER074W-A,0,-0.6813301,0.05729607492685318,0.2029999941587448,0.33399999141693115
YAL044C,YHR081W,0,-0.6814984,0.057279910892248154,0.2029999941587448,0.33410000801086426
YNR019W,YMR081C,0,-0.6815641,0.057263750582933426,0.2029999941587448,0.334199994802475
YDR227W,YJL143W,0,-0.681774,0.057247601449489594,0.2029999941587448,0.3343000113964081
YKL144C,YDR218C,0,-0.6820271,0.057231463491916656,0.2029999941587448,0.3343999981880188
YGL001C,YJL164C,0,-0.68229604,0.057215332984924316,0.2029999941587448,0.3345000147819519
YLR148W,YNL248C,0,-0.6823106,0.05719920992851257,0.2029999941587448,0.3346000015735626
YHR034C,YBR182C,0,-0.683007,0.057183098047971725,0.2029999941587448,0.33469998836517334
YKL186C,YGR055W,0,-0.6830505,0.057166993618011475,0.2029999941587448,0.33480000495910645
YNL318C,YLR396C,0,-0.6831044,0.05715090036392212,0.2029999941587448,0.33489999175071716
YIL036W,YLR075W,0,-0.68324816,0.05713481456041336,0.2029999941587448,0.33500000834465027
YKL051W,YGL255W,0,-0.6833838,0.0571187399327755,0.2029999941587448,0.335099995136261
YCL052C,YHL011C,0,-0.6834053,0.05710267275571823,0.2029999941587448,0.3352000117301941
YGR204W,YKL005C,0,-0.6834266,0.05708661302924156,0.2029999941587448,0.3352999985218048
YER044C,YPR075C,0,-0.6834316,0.05707056447863579,0.2029999941587448,0.3353999853134155
YHR174W,YOL055C,0,-0.68351173,0.05705452337861061,0.2029999941587448,0.33550000190734863
YDL126C,YKL220C,0,-0.6837884,0.05703849345445633,0.2029999941587448,0.33559998869895935
YGR163W,YNL333W,0,-0.6838535,0.057022470980882645,0.2029999941587448,0.33570000529289246
YDR480W,YIL123W,0,-0.6839868,0.057006459683179855,0.2029999941587448,0.3357999920845032
YPL086C,YDR272W,0,-0.6840056,0.05699045583605766,0.2029999941587448,0.3359000086784363
YPR093C,YIL077C,0,-0.68436074,0.05697445943951607,0.2029999941587448,0.335999995470047
YKR034W,YLR192C,0,-0.6843729,0.05695847421884537,0.2029999941587448,0.3361000120639801
YOR078W,YDR499W,0,-0.6844802,0.056942496448755264,0.2029999941587448,0.3361999988555908
YFL034C-B,YOR344C,1,-0.6850518,0.057206954807043076,0.20399999618530273,0.3361999988555908
YPR002W,YCR073W-A,0,-0.68523824,0.0571909174323082,0.20399999618530273,0.33629998564720154
YAL020C,YJL026W,0,-0.68527794,0.057174887508153915,0.20399999618530273,0.33640000224113464
YJL099W,YLR141W,0,-0.68538344,0.05715886875987053,0.20399999618530273,0.33649998903274536
YCR089W,YDR449C,0,-0.6855545,0.05714285746216774,0.20399999618530273,0.33660000562667847
YJL058C,YPL240C,0,-0.68598986,0.05712685361504555,0.20399999618530273,0.3366999924182892
YLR074C,YMR097C,0,-0.6861807,0.05711086094379425,0.20399999618530273,0.3368000090122223
YAL035W,YGR055W,0,-0.6864598,0.05709487944841385,0.20399999618530273,0.336899995803833
YLL004W,YMR139W,0,-0.6865972,0.057078901678323746,0.20399999618530273,0.3370000123977661
YOR344C,YDL064W,1,-0.6869465,0.05734265595674515,0.20499999821186066,0.3370000123977661
YOR341W,YBR077C,0,-0.68698967,0.05732662230730057,0.20499999821186066,0.33709999918937683
YBR182C,YFL017W-A,0,-0.6871166,0.057310596108436584,0.20499999821186066,0.33719998598098755
YJR047C,YIL149C,0,-0.6878127,0.0572945773601532,0.20499999821186066,0.33730000257492065
YIR004W,YBR214W,0,-0.6878735,0.05727856978774071,0.20499999821186066,0.33739998936653137
YPL116W,YNL128W,0,-0.6879431,0.057262569665908813,0.20499999821186066,0.3375000059604645
YOL017W,YDR177W,0,-0.6880213,0.057246580719947815,0.20499999821186066,0.3375999927520752
YML069W,YOR341W,0,-0.68834186,0.05723059922456741,0.20499999821186066,0.3377000093460083
YBL045C,YLR141W,0,-0.6884576,0.05721462517976761,0.20499999821186066,0.337799996137619
YNL021W,YNL231C,0,-0.68857396,0.0571986623108387,0.20499999821186066,0.3379000127315521
YHR150W,YGR085C,0,-0.6887418,0.05718270689249039,0.20499999821186066,0.33799999952316284
YOR136W,YDR228C,0,-0.68880594,0.05716675892472267,0.20499999821186066,0.33809998631477356
YLR158C,YKL152C,0,-0.6888083,0.05715082213282585,0.20499999821186066,0.33820000290870667
YJL219W,YJL108C,0,-0.6888107,0.05713489279150963,0.20499999821186066,0.3382999897003174
YMR267W,YCR018C,0,-0.68892586,0.0571189746260643,0.20499999821186066,0.3384000062942505
YNL068C,YML027W,1,-0.68912435,0.05738161504268646,0.20600000023841858,0.3384000062942505
YMR277W,YNL142W,0,-0.6897335,0.05736563727259636,0.20600000023841858,0.3384999930858612
YDR191W,YBR069C,0,-0.6898234,0.05734966695308685,0.20600000023841858,0.3386000096797943
YIR013C,YBR080C,0,-0.68991125,0.057333704084157944,0.20600000023841858,0.33869999647140503
YEL019C,YLR002C,0,-0.6899457,0.05731775239109993,0.20600000023841858,0.33880001306533813
YJR160C,YJL001W,0,-0.68998003,0.05730180814862251,0.20600000023841858,0.33889999985694885
YKL125W,YOL031C,0,-0.6901673,0.05728587135672569,0.20600000023841858,0.33899998664855957
YNL318C,YHR119W,0,-0.69020736,0.05726994574069977,0.20600000023841858,0.3391000032424927
YDL137W,YLR405W,0,-0.6906402,0.05725403130054474,0.20600000023841858,0.3391999900341034
YDR106W,YMR168C,1,-0.6909059,0.05751597508788109,0.2070000022649765,0.3391999900341034
YJR043C,YDR450W,0,-0.69093645,0.057500001043081284,0.2070000022649765,0.3393000066280365
YLR405W,YCL052C,0,-0.69106376,0.05748403072357178,0.2070000022649765,0.3393999934196472
YHL047C,YCR040W,0,-0.69109726,0.057468071579933167,0.2070000022649765,0.3395000100135803
YJR064W,YKL150W,0,-0.69119954,0.05745212361216545,0.2070000022649765,0.33959999680519104
YDL245C,YPR046W,0,-0.6915244,0.05743618309497833,0.2070000022649765,0.33970001339912415
YGR289C,YBR193C,0,-0.69187903,0.05742025002837181,0.2070000022649765,0.33980000019073486
YGR109C,YPR135W,1,-0.69219804,0.05768164247274399,0.20800000429153442,0.33980000019073486
YIL124W,YBR069C,0,-0.69228375,0.05766564980149269,0.20800000429153442,0.3398999869823456
YPL028W,YJL085W,0,-0.69241655,0.05764966830611229,0.20800000429153442,0.3400000035762787
YGL222C,YER095W,0,-0.6924696,0.057633694261312485,0.20800000429153442,0.3400999903678894
YGL001C,YLR107W,0,-0.6924883,0.05761772766709328,0.20800000429153442,0.3402000069618225
YLR304C,YGL001C,0,-0.6925709,0.057601772248744965,0.20800000429153442,0.3402999937534332
YGL065C,YPL283C,0,-0.6925796,0.05758582428097725,0.20800000429153442,0.34040001034736633
YGR284C,YIL084C,0,-0.69259036,0.05756988748908043,0.20800000429153442,0.34049999713897705
YJL219W,YML058W,0,-0.69286716,0.057553958147764206,0.20800000429153442,0.34060001373291016
YNL111C,YDR518W,0,-0.6930678,0.05753803625702858,0.20800000429153442,0.3407000005245209
YLR160C,YJL186W,0,-0.69328856,0.05752212554216385,0.20800000429153442,0.3407999873161316
YDL245C,YNL243W,0,-0.6933278,0.057506222277879715,0.20800000429153442,0.3409000039100647
YCL029C,YML027W,1,-0.69353735,0.05776672065258026,0.20900000631809235,0.3409000039100647
YFR046C,YJL101C,0,-0.6936512,0.05775076150894165,0.20900000631809235,0.3409999907016754
YCR040W,YBR129C,0,-0.6938058,0.05773480609059334,0.20900000631809235,0.3411000072956085
YMR219W,YGR055W,0,-0.6938156,0.05771886184811592,0.20900000631809235,0.34119999408721924
YIL123W,YJL029C,0,-0.69394326,0.0577029250562191,0.20900000631809235,0.34130001068115234
YKL064W,YLR022C,0,-0.6939833,0.057686999440193176,0.20900000631809235,0.34139999747276306
YPL132W,YOL002C,0,-0.69420135,0.05767108127474785,0.20900000631809235,0.34150001406669617
YPR080W,YLR301W,0,-0.69421005,0.05765517055988312,0.20900000631809235,0.3416000008583069
YDR258C,YLR368W,0,-0.69423676,0.05763927102088928,0.20900000631809235,0.3416999876499176
YDR227W,YGR185C,0,-0.6944277,0.057623378932476044,0.20900000631809235,0.3418000042438507
YGR177C,YDR365C,0,-0.6947106,0.0576074980199337,0.20900000631809235,0.3418999910354614
YNL318C,YPR055W,0,-0.6948267,0.057591624557971954,0.20900000631809235,0.34200000762939453
YPL132W,YLR381W,0,-0.6948985,0.057575758546590805,0.20900000631809235,0.34209999442100525
YJL062W,YLR466W,0,-0.69499266,0.05755989998579025,0.20900000631809235,0.34220001101493835
YGR227W,YML123C,0,-0.6951113,0.057544052600860596,0.20900000631809235,0.3422999978065491
YLL042C,YPL085W,0,-0.6955681,0.057528212666511536,0.20900000631809235,0.3424000144004822
YOL156W,YKL020C,0,-0.69563746,0.05751238390803337,0.20900000631809235,0.3425000011920929
YPL200W,YNL317W,0,-0.69566584,0.0574965626001358,0.20900000631809235,0.3425999879837036
YAL040C,YNL068C,1,-0.6962426,0.05775577574968338,0.20999999344348907,0.3425999879837036
YFL045C,YOR043W,0,-0.69645095,0.05773989483714104,0.20999999344348907,0.3427000045776367
YNL334C,YGR063C,0,-0.69652057,0.05772402510046959,0.20999999344348907,0.34279999136924744
YOL017W,YPL249C,0,-0.6966194,0.05770816281437874,0.20999999344348907,0.34290000796318054
YOR031W,YLR141W,0,-0.6966448,0.057692307978868484,0.20999999344348907,0.34299999475479126
YHL047C,YBR097W,0,-0.69676983,0.057676464319229126,0.20999999344348907,0.34310001134872437
YKL152C,YMR081C,0,-0.69685435,0.057660624384880066,0.20999999344348907,0.3431999981403351
YMR275C,YKL120W,0,-0.6970078,0.0576447993516922,0.20999999344348907,0.3433000147342682
YER179W,YCL026C-A,0,-0.6970476,0.05762897804379463,0.20999999344348907,0.3434000015258789
YLR158C,YHR116W,0,-0.6972008,0.05761316791176796,0.20999999344348907,0.3434999883174896
YLR074C,YOR353C,0,-0.6972419,0.057597365230321884,0.20999999344348907,0.34360000491142273
YNL333W,YOR295W,0,-0.69759953,0.057581573724746704,0.20999999344348907,0.34369999170303345
YJL099W,YER072W,0,-0.69768703,0.05756578966975212,0.20999999344348907,0.34380000829696655
YPL213W,YNL262W,0,-0.6981158,0.057550013065338135,0.20999999344348907,0.34389999508857727
YGL150C,YDR449C,0,-0.6983082,0.057534247636795044,0.20999999344348907,0.3440000116825104
YPL266W,YML029W,0,-0.69830906,0.05751848965883255,0.20999999344348907,0.3440999984741211
YPL133C,YCL033C,0,-0.6984658,0.05750273913145065,0.20999999344348907,0.3441999852657318
YOR231W,YHR178W,0,-0.69866204,0.05748699605464935,0.20999999344348907,0.3443000018596649
YOR168W,YOL043C,0,-0.6989279,0.05747126415371895,0.20999999344348907,0.34439998865127563
YIR025W,YOR326W,1,-0.6990143,0.05772913992404938,0.210999995470047,0.34439998865127563
YBR009C,YKR031C,0,-0.69910467,0.0577133484184742,0.210999995470047,0.34450000524520874
YNL031C,YHR079C,0,-0.69938207,0.05769756808876991,0.210999995470047,0.34459999203681946
YMR033W,YER162C,0,-0.69938374,0.057681791484355927,0.210999995470047,0.34470000863075256
YJL190C,YPL128C,0,-0.6995597,0.057666029781103134,0.210999995470047,0.3447999954223633
YHR119W,YLR010C,0,-0.69959533,0.05765027180314064,0.210999995470047,0.3449000120162964
YIL070C,YLL040C,0,-0.69964063,0.05763452500104904,0.210999995470047,0.3449999988079071
YDR385W,YPL007C,0,-0.69984484,0.05761878937482834,0.210999995470047,0.3450999855995178
YIL103W,YDR126W,0,-0.70013344,0.057603057473897934,0.210999995470047,0.3452000021934509
YLR095C,YLR009W,0,-0.7003046,0.057587336748838425,0.210999995470047,0.34529998898506165
YDR272W,YDR225W,0,-0.7005291,0.05757162347435951,0.210999995470047,0.34540000557899475
YPL048W,YMR288W,0,-0.7006208,0.0575559176504612,0.210999995470047,0.34549999237060547
YHL022C,YLR193C,0,-0.7008072,0.05754022300243378,0.210999995470047,0.3456000089645386
YBR136W,YLL013C,0,-0.701426,0.057524535804986954,0.210999995470047,0.3456999957561493
YOR032C,YBR213W,0,-0.70146966,0.057508859783411026,0.210999995470047,0.3458000123500824
YDR170C,YOR084W,0,-0.70166135,0.0574931874871254,0.210999995470047,0.3458999991416931
YMR113W,YDL059C,0,-0.70179176,0.05747752636671066,0.210999995470047,0.34599998593330383
YJR047C,YGL006W,0,-0.7020371,0.057461872696876526,0.210999995470047,0.34610000252723694
YOR011W,YGL063W,0,-0.7020682,0.057446230202913284,0.210999995470047,0.34619998931884766
YPL058C,YER087C-B,0,-0.7022377,0.05743059515953064,0.210999995470047,0.34630000591278076
YPR132W,YIL084C,0,-0.70232,0.05741496756672859,0.210999995470047,0.3463999927043915
YHR079C-A,YNL222W,0,-0.70241475,0.05739934742450714,0.210999995470047,0.3465000092983246
YLR084C,YGR241C,0,-0.7026069,0.057383738458156586,0.210999995470047,0.3465999960899353
YKL005C,YHR052W,0,-0.7028465,0.05736813321709633,0.210999995470047,0.3467000126838684
YLR219W,YDR432W,0,-0.702858,0.057352542877197266,0.210999995470047,0.3467999994754791
YDL236W,YMR053C,0,-0.7028773,0.0573369562625885,0.210999995470047,0.34689998626708984
YCR018C,YHR178W,0,-0.7029542,0.05732138082385063,0.210999995470047,0.34700000286102295
YPL132W,YFL017W-A,0,-0.7031981,0.05730581283569336,0.210999995470047,0.34709998965263367
YOL002C,YDR227W,0,-0.70323277,0.057290252298116684,0.210999995470047,0.3472000062465668
YEL019C,YLR003C,0,-0.7038058,0.057274702936410904,0.210999995470047,0.3472999930381775
YJR160C,YHL028W,0,-0.70405126,0.05725915729999542,0.210999995470047,0.3474000096321106
YDL245C,YGR063C,0,-0.7041309,0.057243622839450836,0.210999995470047,0.3474999964237213
YDL095W,YHR196W,0,-0.7041371,0.057228099554777145,0.210999995470047,0.3476000130176544
YKL035W,YOL128C,0,-0.70416117,0.05721257999539375,0.210999995470047,0.34769999980926514
YFL017W-A,YBR069C,0,-0.70426464,0.057197071611881256,0.210999995470047,0.34779998660087585
YDR179C,YGR284C,0,-0.7046006,0.057181570678949356,0.210999995470047,0.34790000319480896
YBR136W,YGL172W,0,-0.7049469,0.05716608092188835,0.210999995470047,0.3479999899864197
YER162C,YNL206C,0,-0.70584583,0.057150594890117645,0.210999995470047,0.3481000065803528
YJR047C,YKR062W,0,-0.7059791,0.057135120034217834,0.210999995470047,0.3481999933719635
YFL056C,YNL328C,0,-0.706113,0.05711965262889862,0.210999995470047,0.3483000099658966
YCL026C-A,YPR052C,0,-0.7063756,0.0571041963994503,0.210999995470047,0.3483999967575073
YEL029C,YJL099W,0,-0.70640934,0.05708874389529228,0.210999995470047,0.34850001335144043
YDR206W,YDR450W,0,-0.70663774,0.05707330256700516,0.210999995470047,0.34860000014305115
YNL312W,YGR085C,0,-0.70679545,0.05705786868929863,0.210999995470047,0.34869998693466187
YDL046W,YBR182C,0,-0.7069098,0.0570424422621727,0.210999995470047,0.34880000352859497
YIL009W,YLR084C,0,-0.7071527,0.057027027010917664,0.210999995470047,0.3488999903202057
YIR013C,YPL125W,0,-0.70715916,0.057011619210243225,0.210999995470047,0.3490000069141388
YOL142W,YBR223C,0,-0.7072582,0.056996218860149384,0.210999995470047,0.3490999937057495
YJL029C,YER074W-A,0,-0.70747614,0.05698082596063614,0.210999995470047,0.3492000102996826
YDL132W,YMR168C,1,-0.7075354,0.05723541975021362,0.21199999749660492,0.3492000102996826
YBR211C,YDR418W,0,-0.70819163,0.0572199746966362,0.21199999749660492,0.34929999709129333
YFL056C,YOL031C,0,-0.7084646,0.057204533368349075,0.21199999749660492,0.34940001368522644
YAL059W,YKR031C,0,-0.7084911,0.057189103215932846,0.21199999749660492,0.34950000047683716
YGL240W,YJL074C,1,-0.70868385,0.05744336545467377,0.21299999952316284,0.34950000047683716
YBL045C,YLR006C,0,-0.70871556,0.05742787942290306,0.21299999952316284,0.3495999872684479
YHR072W-A,YNL139C,0,-0.70911133,0.05741239711642265,0.21299999952316284,0.349700003862381
YNL029C,YNL002C,0,-0.70946515,0.05739692971110344,0.21299999952316284,0.3497999906539917
YPR052C,YNL107W,0,-0.7098452,0.057381466031074524,0.21299999952316284,0.3499000072479248
YBR009C,YML029W,0,-0.71030736,0.057366009801626205,0.21299999952316284,0.3499999940395355
YKL064W,YLR466W,0,-0.7104645,0.05735056474804878,0.21299999952316284,0.35010001063346863
YDL137W,YJR112W,0,-0.71058893,0.057335127145051956,0.21299999952316284,0.35019999742507935
YFR034C,YLR466W,0,-0.7108519,0.05731969699263573,0.21299999952316284,0.35030001401901245
YIL124W,YML006C,0,-0.71105015,0.05730427801609039,0.21299999952316284,0.35040000081062317
YMR277W,YPL058C,0,-0.7113879,0.057288866490125656,0.21299999952316284,0.3504999876022339
YDL126C,YNL248C,0,-0.7118113,0.057273462414741516,0.21299999952316284,0.350600004196167
YNR017W,YPR164W,0,-0.71183276,0.05725806578993797,0.21299999952316284,0.3506999909877777
YDL245C,YKR101W,0,-0.71187377,0.05724267661571503,0.21299999952316284,0.3508000075817108
YOR100C,YML025C,0,-0.7121172,0.057227298617362976,0.21299999952316284,0.35089999437332153
YNL161W,YOR344C,1,-0.7121639,0.057480525225400925,0.21400000154972076,0.35089999437332153
YGL021W,YFL029C,1,-0.7121693,0.05773362144827843,0.2150000035762787,0.35089999437332153
YPR002W,YNL334C,0,-0.71229744,0.05771812051534653,0.2150000035762787,0.35100001096725464
YMR287C,YCR067C,0,-0.7127285,0.05770263075828552,0.2150000035762787,0.35109999775886536
YOR326W,YDR113C,1,-0.7127545,0.057955458760261536,0.2160000056028366,0.35109999775886536
YOR078W,YKL152C,0,-0.7129494,0.057939913123846054,0.2160000056028366,0.35120001435279846
YAL035W,YJR033C,0,-0.71322095,0.05792437493801117,0.2160000056028366,0.3513000011444092
YDR345C,YDL148C,0,-0.7132896,0.05790884792804718,0.2160000056028366,0.3513999879360199
YBL045C,YNL002C,0,-0.7135563,0.05789332464337349,0.2160000056028366,0.351500004529953
YHR150W,YFL045C,0,-0.713655,0.057877812534570694,0.2160000056028366,0.3515999913215637
YDL043C,YLR466W,0,-0.7137506,0.057862307876348495,0.2160000056028366,0.3517000079154968
YDR040C,YBR097W,0,-0.7138767,0.05784681439399719,0.2160000056028366,0.35179999470710754
YPL241C,YBR213W,0,-0.71395135,0.05783132463693619,0.2160000056028366,0.35190001130104065
YPL241C,YDR314C,0,-0.7140584,0.05781584605574608,0.2160000056028366,0.35199999809265137
YKR034W,YCR073W-A,0,-0.71426773,0.057800374925136566,0.2160000056028366,0.3521000146865845
YHR007C,YOR136W,0,-0.7143663,0.05778491124510765,0.2160000056028366,0.3522000014781952
YNR017W,YDR289C,0,-0.71474266,0.05776945874094963,0.2160000056028366,0.3522999882698059
YOR250C,YDR228C,0,-0.7148229,0.05775400996208191,0.2160000056028366,0.352400004863739
YEL030W,YOR168W,0,-0.71483135,0.05773857235908508,0.2160000056028366,0.35249999165534973
YHR059W,YHL027W,0,-0.714874,0.057723142206668854,0.2160000056028366,0.35260000824928284
YPL213W,YDL052C,0,-0.7151054,0.05770771950483322,0.2160000056028366,0.35269999504089355
YMR026C,YBR093C,0,-0.7151375,0.057692307978868484,0.2160000056028366,0.35280001163482666
YOR078W,YAR018C,0,-0.71534073,0.057676903903484344,0.2160000056028366,0.3528999984264374
YGL051W,YNL334C,0,-0.71535265,0.0576615072786808,0.2160000056028366,0.3529999852180481
YFL060C,YHR008C,0,-0.7153672,0.057646118104457855,0.2160000056028366,0.3531000018119812
YHL047C,YBR188C,0,-0.7154132,0.057630736380815506,0.2160000056028366,0.3531999886035919
YDR191W,YJL190C,0,-0.715783,0.05761536583304405,0.2160000056028366,0.353300005197525
YHL025W,YJL093C,0,-0.7158687,0.0575999990105629,0.2160000056028366,0.35339999198913574
YCR010C,YDL052C,0,-0.7161634,0.05758464336395264,0.2160000056028366,0.35350000858306885
YOL146W,YNL334C,0,-0.71625435,0.057569295167922974,0.2160000056028366,0.35359999537467957
YOL091W,YDR177W,0,-0.7166693,0.057553958147764206,0.2160000056028366,0.35370001196861267
YGR163W,YHL024W,0,-0.716936,0.05753862485289574,0.2160000056028366,0.3537999987602234
YCR028C-A,YDR240C,0,-0.71701074,0.05752330273389816,0.2160000056028366,0.3538999855518341
YML036W,YMR139W,0,-0.7171426,0.057507988065481186,0.2160000056028366,0.3540000021457672
YLR264W,YJL035C,0,-0.7172593,0.057492680847644806,0.2160000056028366,0.35409998893737793
YHL038C,YPL132W,0,-0.71734893,0.05747738108038902,0.2160000056028366,0.35420000553131104
YMR219W,YMR163C,0,-0.71741676,0.057462092489004135,0.2160000056028366,0.35429999232292175
YHR116W,YHL011C,0,-0.71747625,0.057446807622909546,0.2160000056028366,0.35440000891685486
YNL329C,YHR163W,0,-0.7176547,0.05743153393268585,0.2160000056028366,0.3544999957084656
YNL148C,YJR069C,0,-0.71773386,0.057416267693042755,0.2160000056028366,0.3546000123023987
YMR078C,YKR054C,1,-0.71823037,0.057666756212711334,0.21699999272823334,0.3546000123023987
YDR173C,YLR033W,0,-0.7183895,0.05765143409371376,0.21699999272823334,0.3546999990940094
YLR109W,YER074W-A,0,-0.71840763,0.05763612315058708,0.21699999272823334,0.3547999858856201
YMR316W,YAR018C,0,-0.7184758,0.057620819658041,0.21699999272823334,0.3549000024795532
YJR155W,YLR305C,0,-0.71864116,0.05760551989078522,0.21699999272823334,0.35499998927116394
YGR077C,YOL091W,0,-0.718642,0.05759023502469063,0.21699999272823334,0.35510000586509705
YJR155W,YLR148W,0,-0.71883106,0.05757495388388634,0.21699999272823334,0.35519999265670776
YER127W,YGL098W,0,-0.71896446,0.05755968019366264,0.21699999272823334,0.35530000925064087
YMR182C,YBR130C,0,-0.7190565,0.057544417679309845,0.21699999272823334,0.3553999960422516
YBR065C,YLR192C,0,-0.71920586,0.05752916261553764,0.21699999272823334,0.3555000126361847
YER044C,YOR060C,0,-0.7192383,0.05751391500234604,0.21699999272823334,0.3555999994277954
YDR258C,YOR193W,0,-0.719267,0.05749867483973503,0.21699999272823334,0.35569998621940613
YER089C,YOR344C,1,-0.7195785,0.05774834379553795,0.21799999475479126,0.35569998621940613
YDR273W,YDR294C,0,-0.7202718,0.05773305147886276,0.21799999475479126,0.35580000281333923
YBR205W,YER162C,0,-0.72035277,0.05771776661276817,0.21799999475479126,0.35589998960494995
YKL017C,YBL003C,0,-0.7205478,0.05770248919725418,0.21799999475479126,0.35600000619888306
YGL130W,YJL219W,0,-0.72060144,0.057687219232320786,0.21799999475479126,0.3560999929904938
YGL222C,YDR224C,0,-0.72123444,0.05767195671796799,0.21799999475479126,0.3562000095844269
YHR034C,YLR107W,0,-0.7215426,0.057656705379486084,0.21799999475479126,0.3562999963760376
YFL045C,YOR295W,0,-0.7215642,0.05764145776629448,0.21799999475479126,0.3564000129699707
YOR191W,YNL002C,0,-0.72192836,0.05762622132897377,0.21799999475479126,0.3564999997615814
YJL111W,YLL040C,0,-0.72193587,0.05761099234223366,0.21799999475479126,0.35659998655319214
YPL058C,YJR043C,0,-0.7219696,0.05759577453136444,0.21799999475479126,0.35670000314712524
YFL029C,YER089C,1,-0.72203755,0.05784469097852707,0.21899999678134918,0.35670000314712524
YJL031C,YML025C,0,-0.7231711,0.057829417288303375,0.21899999678134918,0.35679998993873596
YMR275C,YER127W,0,-0.72324836,0.05781415104866028,0.21899999678134918,0.35690000653266907
YDR392W,YGL097W,0,-0.7232487,0.05779889225959778,0.21899999678134918,0.3569999933242798
YMR033W,YMR053C,0,-0.72330856,0.057783640921115875,0.21899999678134918,0.3571000099182129
YGR140W,YKR054C,1,-0.72357774,0.05803218111395836,0.2199999988079071,0.3571000099182129
YNL031C,YJL219W,0,-0.7236233,0.05801687762141228,0.2199999988079071,0.3571999967098236
YPL169C,YML123C,0,-0.72386503,0.05800158157944679,0.2199999988079071,0.3573000133037567
YJR050W,YGR085C,0,-0.72386897,0.057986292988061905,0.2199999988079071,0.35740000009536743
YOR388C,YLR033W,0,-0.72393227,0.05797101557254791,0.2199999988079071,0.35749998688697815
YOL016C,YJR139C,0,-0.7240187,0.05795574188232422,0.2199999988079071,0.35760000348091125
YGL247W,YLR320W,0,-0.72406054,0.05794047936797142,0.2199999988079071,0.357699990272522
YMR119W,YGL078C,0,-0.7241137,0.05792522430419922,0.2199999988079071,0.3578000068664551
YLL004W,YGR059W,0,-0.72414744,0.057909976691007614,0.2199999988079071,0.3578999936580658
YCR089W,YML011C,0,-0.72423625,0.057894736528396606,0.2199999988079071,0.3580000102519989
YGL222C,YJL164C,0,-0.72430944,0.057879503816366196,0.2199999988079071,0.3580999970436096
YPR175W,YNL128W,0,-0.72463524,0.05786428228020668,0.2199999988079071,0.3582000136375427
YOR095C,YDR088C,0,-0.72472286,0.05784906819462776,0.2199999988079071,0.35830000042915344
YOR380W,YHR154W,0,-0.7247534,0.05783385783433914,0.2199999988079071,0.35839998722076416
YMR116C,YDR251W,0,-0.72498727,0.05781865864992142,0.2199999988079071,0.35850000381469727
YCR010C,YOR085W,0,-0.72501826,0.05780346691608429,0.2199999988079071,0.358599990606308
YKR034W,YDR469W,0,-0.72530305,0.05778828635811806,0.2199999988079071,0.3587000072002411
YLR157C,YJL111W,0,-0.7254634,0.05777310952544212,0.2199999988079071,0.3587999939918518
YER168C,YML047C,0,-0.72554934,0.057757940143346786,0.2199999988079071,0.3589000105857849
YHR023W,YLR141W,0,-0.7255738,0.057742781937122345,0.2199999988079071,0.35899999737739563
YFR027W,YGR245C,1,-0.72579706,0.05799002945423126,0.22100000083446503,0.35899999737739563
YDR294C,YDL245C,0,-0.7258655,0.057974815368652344,0.22100000083446503,0.35910001397132874
YBR193C,YML047C,0,-0.7259027,0.05795961245894432,0.22100000083446503,0.35920000076293945
YNL075W,YDR235W,0,-0.7259728,0.057944416999816895,0.22100000083446503,0.35929998755455017
YGR055W,YDL236W,0,-0.72623634,0.05792922526597977,0.22100000083446503,0.3594000041484833
YML006C,YAR018C,0,-0.7263098,0.057914044708013535,0.22100000083446503,0.359499990940094
YPL132W,YLR448W,0,-0.7263721,0.0578988716006279,0.22100000083446503,0.3596000075340271
YPL048W,YBR129C,0,-0.7263932,0.05788370966911316,0.22100000083446503,0.3596999943256378
YPL007C,YER074W-A,0,-0.7268566,0.05786855146288872,0.22100000083446503,0.3598000109195709
YKL220C,YPR051W,0,-0.72708344,0.05785340443253517,0.22100000083446503,0.35989999771118164
YLR291C,YMR097C,0,-0.72734,0.057838261127471924,0.22100000083446503,0.36000001430511475
YPL116W,YLR452C,0,-0.7278507,0.05782312899827957,0.22100000083446503,0.36010000109672546
YLR270W,YBR168W,0,-0.7280148,0.057808004319667816,0.22100000083446503,0.3601999878883362
YGR204W,YPR075C,0,-0.7281065,0.05779288709163666,0.22100000083446503,0.3603000044822693
YFL017W-A,YML029W,0,-0.7284837,0.057777777314186096,0.22100000083446503,0.36039999127388
YMR219W,YLL040C,0,-0.7285874,0.05776267498731613,0.22100000083446503,0.3605000078678131
YFL056C,YBR110W,0,-0.7287843,0.05774758383631706,0.22100000083446503,0.36059999465942383
YER168C,YKR034W,0,-0.7287861,0.05773249641060829,0.22100000083446503,0.36070001125335693
YJL108C,YDR240C,0,-0.7289909,0.057717420160770416,0.22100000083446503,0.36079999804496765
YEL029C,YHR079C-A,0,-0.7293149,0.05770235136151314,0.22100000083446503,0.36090001463890076
YKR054C,YML027W,1,-0.7294365,0.057948317378759384,0.22200000286102295,0.36090001463890076
YPL040C,YOR346W,0,-0.7298657,0.05793319270014763,0.22200000286102295,0.3610000014305115
YNL084C,YIL061C,0,-0.72990584,0.05791807919740677,0.22200000286102295,0.3610999882221222
YHR116W,YLL027W,0,-0.73004234,0.057902973145246506,0.22200000286102295,0.3612000048160553
YJR155W,YHR174W,0,-0.73012376,0.05788787454366684,0.22200000286102295,0.361299991607666
YJR132W,YBR260C,0,-0.73145676,0.05787278339266777,0.22200000286102295,0.3614000082015991
YML132W,YKL120W,0,-0.7315539,0.0578576996922493,0.22200000286102295,0.36149999499320984
YPL116W,YDR181C,0,-0.7315843,0.05784262716770172,0.22200000286102295,0.36160001158714294
YNL278W,YBR038W,0,-0.7315854,0.05782755836844444,0.22200000286102295,0.36169999837875366
YIR033W,YMR061W,0,-0.7316073,0.05781250074505806,0.22200000286102295,0.3617999851703644
YLR141W,YDR341C,0,-0.7316642,0.057797446846961975,0.22200000286102295,0.3619000017642975
YOL016C,YML001W,0,-0.73176646,0.057782404124736786,0.22200000286102295,0.3619999885559082
YDL137W,YLL027W,0,-0.73177624,0.057767368853092194,0.22200000286102295,0.3621000051498413
YLR002C,YBR080C,0,-0.73191607,0.0577523410320282,0.22200000286102295,0.362199991941452
YOR049C,YOR353C,0,-0.73208964,0.0577373206615448,0.22200000286102295,0.36230000853538513
YGR204W,YBR193C,0,-0.73246205,0.057722307741642,0.22200000286102295,0.36239999532699585
YKL026C,YDL056W,0,-0.7326988,0.05770730599761009,0.22200000286102295,0.36250001192092896
YPR175W,YDR126W,0,-0.7327322,0.057692307978868484,0.22200000286102295,0.3625999987125397
YER155C,YGL255W,0,-0.7328975,0.057677317410707474,0.22200000286102295,0.3626999855041504
YOR231W,YDR478W,0,-0.73312104,0.05766233801841736,0.22200000286102295,0.3628000020980835
YHR116W,YFL002C,0,-0.7331451,0.05764736607670784,0.22200000286102295,0.3628999888896942
YGR284C,YNL274C,0,-0.7334211,0.05763239786028862,0.22200000286102295,0.3630000054836273
YNL111C,YKL032C,0,-0.7334759,0.057617440819740295,0.22200000286102295,0.36309999227523804
YJL060W,YIL022W,0,-0.7335956,0.05760249122977257,0.22200000286102295,0.36320000886917114
YPL028W,YJR132W,0,-0.7338871,0.05758754909038544,0.22200000286102295,0.36329999566078186
YFL057C,YEL069C,0,-0.73390913,0.0575726144015789,0.22200000286102295,0.36340001225471497
YOR098C,YKL125W,0,-0.73398304,0.057557687163352966,0.22200000286102295,0.3634999990463257
YLR270W,YPL112C,0,-0.73429334,0.057542767375707626,0.22200000286102295,0.3635999858379364
YAL040C,YIL153W,1,-0.7342999,0.05778698995709419,0.22300000488758087,0.3635999858379364
YNL148C,YOR260W,0,-0.734468,0.05777202174067497,0.22300000488758087,0.3637000024318695
YDL105W,YJL164C,0,-0.7345376,0.05775705724954605,0.22300000488758087,0.3637999892234802
YLR102C,YMR190C,1,-0.7346251,0.05800103396177292,0.2240000069141388,0.3637999892234802
YIL061C,YHR139C,0,-0.735034,0.05798602104187012,0.2240000069141388,0.36390000581741333
YLR002C,YIL123W,0,-0.73504543,0.05797101557254791,0.2240000069141388,0.36399999260902405
YJL092W,YHL027W,0,-0.73522294,0.057956013828516006,0.2240000069141388,0.36410000920295715
YOR144C,YJR139C,0,-0.7354547,0.057941023260354996,0.2240000069141388,0.36419999599456787
YHR174W,YKL042W,0,-0.73558414,0.05792604014277458,0.2240000069141388,0.364300012588501
YOL017W,YEL019C,0,-0.7358942,0.057911064475774765,0.2240000069141388,0.3643999993801117
YNL116W,YGL096W,1,-0.73602974,0.05815456062555313,0.22499999403953552,0.3643999993801117
YBR110W,YKL220C,0,-0.73602986,0.058139536529779434,0.22499999403953552,0.3644999861717224
YHL038C,YGL187C,0,-0.7360605,0.058124516159296036,0.22499999403953552,0.3646000027656555
YLR084C,YHR079C-A,0,-0.7360884,0.058109503239393234,0.22499999403953552,0.36469998955726624
YOR094W,YGL006W,0,-0.73610973,0.05809450149536133,0.22499999403953552,0.36480000615119934
YOR098C,YER074W-A,0,-0.73612964,0.05807950347661972,0.22499999403953552,0.36489999294281006
YGL187C,YAL044C,0,-0.7363304,0.05806451663374901,0.22499999403953552,0.36500000953674316
YGL223C,YPL249C,0,-0.73643136,0.05804953724145889,0.22499999403953552,0.3650999963283539
YBR036C,YER179W,0,-0.736534,0.058034561574459076,0.22499999403953552,0.365200012922287
YDR421W,YDL148C,0,-0.7366153,0.058019597083330154,0.22499999403953552,0.3652999997138977
YML069W,YOR315W,0,-0.7366766,0.05800464004278183,0.22499999403953552,0.3653999865055084
YNL290W,YKL051W,0,-0.7367506,0.0579896904528141,0.22499999403953552,0.36550000309944153
YNL274C,YMR081C,0,-0.73689234,0.05797474831342697,0.22499999403953552,0.36559998989105225
YGR037C,YMR053C,0,-0.7368963,0.05795981362462044,0.22499999403953552,0.36570000648498535
YPL154C,YFL059W,0,-0.73713577,0.0579448863863945,0.22499999403953552,0.36579999327659607
YLR115W,YBR069C,0,-0.73724556,0.05792997032403946,0.22499999403953552,0.3659000098705292
YAR015W,YLR084C,0,-0.7375734,0.057915057986974716,0.22499999403953552,0.3659999966621399
YGL021W,YIL031W,1,-0.737898,0.05815748870372772,0.22599999606609344,0.3659999966621399
YJR017C,YOR127W,0,-0.7379025,0.0581425279378891,0.22599999606609344,0.366100013256073
YDL059C,YHR008C,0,-0.7382425,0.058127570897340775,0.22599999606609344,0.3662000000476837
YPR187W,YBL061C,0,-0.7383629,0.058112625032663345,0.22599999606609344,0.36629998683929443
YGR280C,YBR256C,0,-0.7386278,0.05809768661856651,0.22599999606609344,0.36640000343322754
YPL249C,YBR136W,0,-0.7389407,0.05808275565505028,0.22599999606609344,0.36649999022483826
YDR252W,YNL075W,0,-0.73903394,0.05806783214211464,0.22599999606609344,0.36660000681877136
YNL127W,YPL058C,0,-0.7391585,0.0580529160797596,0.22599999606609344,0.3666999936103821
YLR353W,YCR040W,0,-0.7393098,0.05803800746798515,0.22599999606609344,0.3668000102043152
YPR132W,YOR043W,0,-0.7396414,0.058023106306791306,0.22599999606609344,0.3668999969959259
YOR193W,YDR165W,0,-0.7399219,0.058008212596178055,0.22599999606609344,0.367000013589859
YGL187C,YPR080W,0,-0.73996365,0.0579933300614357,0.22599999606609344,0.3671000003814697
YHR067W,YGR178C,0,-0.7400148,0.05797845125198364,0.22599999606609344,0.36719998717308044
YMR113W,YJL190C,0,-0.7400255,0.05796357989311218,0.22599999606609344,0.36730000376701355
YDR397C,YGR006W,0,-0.7400323,0.05794871971011162,0.22599999606609344,0.36739999055862427
YMR303C,YOL147C,0,-0.74018824,0.05793386325240135,0.22599999606609344,0.3675000071525574
YOR329C,YDL109C,0,-0.74030304,0.05791901424527168,0.22599999606609344,0.3675999939441681
YNL148C,YER162C,0,-0.7405336,0.05790417641401291,0.22599999606609344,0.3677000105381012
YPR082C,YDR258C,0,-0.74066174,0.05788934603333473,0.22599999606609344,0.3677999973297119
YGL065C,YJL219W,0,-0.7408025,0.057874519377946854,0.22599999606609344,0.367900013923645
YOL016C,YIL123W,0,-0.7414268,0.05785970389842987,0.22599999606609344,0.36800000071525574
YJR155W,YIL149C,0,-0.7414534,0.057844892144203186,0.22599999606609344,0.36809998750686646
YGR044C,YBR183W,0,-0.7414925,0.0578300915658474,0.22599999606609344,0.36820000410079956
YPL241C,YNL002C,0,-0.7416761,0.057815298438072205,0.22599999606609344,0.3682999908924103
YPR171W,YGL255W,0,-0.7419461,0.05780051276087761,0.22599999606609344,0.3684000074863434
YDR040C,YIL123W,0,-0.7420082,0.05778573080897331,0.22599999606609344,0.3684999942779541
YML132W,YDR126W,0,-0.74208903,0.05777096003293991,0.22599999606609344,0.3686000108718872
YLR291C,YJL026W,0,-0.7422476,0.057756196707487106,0.22599999606609344,0.3686999976634979
YCL034W,YBR097W,0,-0.74226046,0.0577414408326149,0.22599999606609344,0.36880001425743103
YGL222C,YNL318C,0,-0.74236584,0.05772669240832329,0.22599999606609344,0.36890000104904175
YHL047C,YNL283C,0,-0.7426144,0.057711951434612274,0.22599999606609344,0.36899998784065247
YDL095W,YOR129C,0,-0.7426722,0.05769721791148186,0.22599999606609344,0.36910000443458557
YJL111W,YBR026C,0,-0.7426995,0.05768249183893204,0.22599999606609344,0.3691999912261963
YDR365C,YNL138W,0,-0.74276996,0.057667773216962814,0.22599999606609344,0.3693000078201294
YJL219W,YOL102C,0,-0.74291813,0.05765306204557419,0.22599999606609344,0.3693999946117401
YFR005C,YHL028W,0,-0.7432289,0.05763835832476616,0.22599999606609344,0.3695000112056732
YHL047C,YNL042W,0,-0.74353313,0.05762366205453873,0.22599999606609344,0.36959999799728394
YPR178W,YEL002C,0,-0.74362373,0.05760897323489189,0.22599999606609344,0.36970001459121704
YBR110W,YOR188W,0,-0.7436664,0.05759429186582565,0.22599999606609344,0.36980000138282776
YIL036W,YDR156W,0,-0.74381876,0.05757961794734001,0.22599999606609344,0.3698999881744385
YLR115W,YDR009W,0,-0.74397075,0.05756495147943497,0.22599999606609344,0.3700000047683716
YFL045C,YOR229W,0,-0.74413824,0.05755029246211052,0.22599999606609344,0.3700999915599823
YAL040C,YMR190C,1,-0.7442565,0.05779022350907326,0.22699999809265137,0.3700999915599823
YER012W,YPL283C,0,-0.74429274,0.05777551606297493,0.22699999809265137,0.3702000081539154
YHR187W,YJR033C,0,-0.74455917,0.0577608160674572,0.22699999809265137,0.3702999949455261
YGL006W,YBR111W-A,0,-0.74462426,0.05774611979722977,0.22699999809265137,0.37040001153945923
YLR009W,YDR427W,0,-0.74478424,0.05773143470287323,0.22699999809265137,0.37049999833106995
YBR038W,YDL148C,0,-0.744889,0.05771675705909729,0.22699999809265137,0.37059998512268066
YNL037C,YNR052C,0,-0.74510086,0.05770208314061165,0.22699999809265137,0.37070000171661377
YML132W,YDR176W,0,-0.745788,0.0576874203979969,0.22699999809265137,0.3707999885082245
YLL042C,YLR192C,0,-0.7462708,0.05767276510596275,0.22699999809265137,0.3709000051021576
YPL249C,YEL019C,0,-0.7464706,0.0576581135392189,0.22699999809265137,0.3709999918937683
YLR009W,YFL017W-A,0,-0.74659884,0.05764347314834595,0.22699999809265137,0.3711000084877014
YER089C,YAL047C,1,-0.7466141,0.05788271129131317,0.2280000001192093,0.3711000084877014
YGL222C,YDR156W,0,-0.74671566,0.05786801874637604,0.2280000001192093,0.37119999527931213
YER068W,YML047C,0,-0.7469926,0.0578533373773098,0.2280000001192093,0.37130001187324524
YDL106C,YOL142W,0,-0.74709594,0.05783865973353386,0.2280000001192093,0.37139999866485596
YOR011W,YBR155W,0,-0.7475767,0.057823993265628815,0.2280000001192093,0.3714999854564667
YAL040C,YER133W,1,-0.7477106,0.05806288123130798,0.2290000021457672,0.3714999854564667
YPR019W,YKL144C,0,-0.74780655,0.05804816260933876,0.2290000021457672,0.3716000020503998
YLR160C,YPL106C,0,-0.747808,0.058033451437950134,0.2290000021457672,0.3716999888420105
YJR047C,YKL025C,0,-0.7480761,0.058018747717142105,0.2290000021457672,0.3718000054359436
YJR043C,YCR073W-A,0,-0.7481741,0.05800405144691467,0.2290000021457672,0.3718999922275543
YOL147C,YGL120C,0,-0.7485956,0.05798936262726784,0.2290000021457672,0.3720000088214874
YLR102C,YJL074C,1,-0.7488005,0.05822784826159477,0.23000000417232513,0.3720000088214874
YFL034C-B,YMR190C,1,-0.7488222,0.05846621096134186,0.23100000619888306,0.3720000088214874
YPR175W,YPR052C,0,-0.7492517,0.058451417833566666,0.23100000619888306,0.37209999561309814
YPL116W,YIL022W,0,-0.7494768,0.05843663215637207,0.23100000619888306,0.37220001220703125
YOR377W,YDR345C,0,-0.74961853,0.05842185020446777,0.23100000619888306,0.37229999899864197
YJR144W,YGL063W,0,-0.74992406,0.05840707942843437,0.23100000619888306,0.3723999857902527
YIL040W,YLR160C,0,-0.7504051,0.05839231610298157,0.23100000619888306,0.3725000023841858
YDR456W,YBR061C,0,-0.75040555,0.05837756022810936,0.23100000619888306,0.3725999891757965
YGR197C,YER072W,0,-0.7504723,0.05836280807852745,0.23100000619888306,0.3727000057697296
YMR190C,YDL064W,1,-0.75050724,0.05860065668821335,0.23199999332427979,0.3727000057697296
YOL156W,YJR144W,0,-0.7505878,0.05858585983514786,0.23199999332427979,0.37279999256134033
YMR168C,YGR245C,1,-0.7506877,0.05882352963089943,0.2329999953508377,0.37279999256134033
YCL034W,YJL192C,0,-0.75098276,0.05880868062376976,0.2329999953508377,0.37290000915527344
YJL094C,YLR075W,0,-0.7510539,0.058793842792510986,0.2329999953508377,0.37299999594688416
YPL028W,YHR034C,0,-0.75107086,0.05877901241183281,0.2329999953508377,0.37310001254081726
YCR089W,YPL169C,0,-0.7512666,0.05876418575644493,0.2329999953508377,0.373199999332428
YLR035C,YML019W,0,-0.75177956,0.05874937027692795,0.2329999953508377,0.3732999861240387
YDR173C,YNL025C,0,-0.7520678,0.05873455852270126,0.2329999953508377,0.3734000027179718
YHR116W,YIL103W,0,-0.752211,0.058719757944345474,0.2329999953508377,0.3734999895095825
YPR001W,YML025C,0,-0.7522335,0.05870496481657028,0.2329999953508377,0.3736000061035156
YNL119W,YHL025W,0,-0.7522851,0.05869017541408539,0.2329999953508377,0.37369999289512634
YHR068W,YGL255W,0,-0.7523128,0.05867539718747139,0.2329999953508377,0.37380000948905945
YML112W,YHR023W,0,-0.7523149,0.05866062268614769,0.2329999953508377,0.37389999628067017
YPR052C,YKR029C,0,-0.7523767,0.058645859360694885,0.2329999953508377,0.37400001287460327
YPR074C,YDR407C,0,-0.7523792,0.05863110348582268,0.2329999953508377,0.374099999666214
YJR144W,YAR031W,0,-0.7525978,0.05861635133624077,0.2329999953508377,0.3741999864578247
YDR106W,YCL029C,1,-0.7528026,0.05885311961174011,0.23399999737739563,0.3741999864578247
YDR228C,YOR315W,0,-0.75284827,0.05883831903338432,0.23399999737739563,0.3743000030517578
YBL045C,YLR452C,0,-0.7528678,0.05882352963089943,0.23399999737739563,0.37439998984336853
YGR140W,YGL240W,1,-0.7529204,0.05906006693840027,0.23499999940395355,0.37439998984336853
YKL120W,YLR466W,0,-0.75301874,0.059045225381851196,0.23499999940395355,0.37450000643730164
YLR448W,YNL206C,0,-0.75338054,0.05903039500117302,0.23499999940395355,0.37459999322891235
YMR026C,YML047C,0,-0.7534132,0.05901556834578514,0.23499999940395355,0.37470000982284546
YDR294C,YOR226C,0,-0.75365686,0.05900075286626816,0.23499999940395355,0.3747999966144562
YGL194C,YLR268W,0,-0.75368524,0.05898594483733177,0.23499999940395355,0.3749000132083893
YLR109W,YJR033C,0,-0.7537316,0.058971140533685684,0.23499999940395355,0.375
YGR097W,YIL009W,0,-0.7537941,0.05895634740591049,0.23499999940395355,0.3750999867916107
YAL056W,YDR418W,0,-0.7538525,0.0589415617287159,0.23499999940395355,0.3752000033855438
YFL057C,YOR031W,0,-0.7541344,0.0589267797768116,0.23499999940395355,0.37529999017715454
YDR432W,YLR452C,0,-0.7541517,0.0589120090007782,0.23499999940395355,0.37540000677108765
YDL148C,YJL166W,0,-0.75426364,0.058897241950035095,0.23499999940395355,0.37549999356269836
YML036W,YGL194C,0,-0.7542925,0.05888248607516289,0.23499999940395355,0.37560001015663147
YGL247W,YDR397C,0,-0.7543223,0.05886773392558098,0.23499999940395355,0.3756999969482422
YHR187W,YJL036W,0,-0.7544434,0.058852992951869965,0.23499999940395355,0.3758000135421753
YOL156W,YKL119C,0,-0.7545434,0.05883825570344925,0.23499999940395355,0.375900000333786
YGR109C,YML064C,1,-0.75455,0.05907384306192398,0.23600000143051147,0.375900000333786
YJL101C,YLR059C,0,-0.7545794,0.059059057384729385,0.23600000143051147,0.37599998712539673
YNL042W,YDL015C,0,-0.75462186,0.059044282883405685,0.23600000143051147,0.37610000371932983
YBR164C,YJL036W,0,-0.7546326,0.05902951583266258,0.23600000143051147,0.37619999051094055
YGL190C,YGR109C,1,-0.75490177,0.05926481634378433,0.2370000034570694,0.37619999051094055
YAL035W,YGL004C,0,-0.75554967,0.05925000086426735,0.2370000034570694,0.37630000710487366
YGL086W,YIL153W,1,-0.756243,0.05948513001203537,0.23800000548362732,0.37630000710487366
YJL111W,YDR218C,0,-0.75624526,0.05947026610374451,0.23800000548362732,0.3763999938964844
YKL120W,YPL087W,0,-0.75652385,0.05945540964603424,0.23800000548362732,0.3765000104904175
YKL146W,YLR002C,0,-0.7565316,0.05944056063890457,0.23800000548362732,0.3765999972820282
YHL038C,YNL287W,0,-0.7566272,0.0594257190823555,0.23800000548362732,0.3767000138759613
YNL075W,YHR160C,0,-0.75670445,0.059410884976387024,0.23800000548362732,0.376800000667572
YBR009C,YPL040C,0,-0.7568184,0.059396058320999146,0.23800000548362732,0.37689998745918274
YIL036W,YPR074C,0,-0.7572036,0.059381239116191864,0.23800000548362732,0.37700000405311584
YER143W,YNL236W,0,-0.7572907,0.05936642736196518,0.23800000548362732,0.37709999084472656
YOR181W,YDR058C,0,-0.7572969,0.05935161933302879,0.23800000548362732,0.37720000743865967
YLR157C,YGL068W,0,-0.75731134,0.0593368224799633,0.23800000548362732,0.3772999942302704
YAR015W,YMR288W,0,-0.7573184,0.05932203307747841,0.23800000548362732,0.3774000108242035
YKL058W,YOR084W,0,-0.7573906,0.05930725112557411,0.23800000548362732,0.3774999976158142
YBL061C,YFL017W-A,0,-0.75743866,0.05929247662425041,0.23800000548362732,0.3776000142097473
YLR113W,YHR178W,0,-0.7576188,0.05927770957350731,0.23800000548362732,0.37770000100135803
YHR073W,YER074W-A,0,-0.7577677,0.0592629499733448,0.23800000548362732,0.37779998779296875
YIL124W,YCR018C,0,-0.7577951,0.059248194098472595,0.23800000548362732,0.37790000438690186
YPL116W,YDR058C,0,-0.7580465,0.05923344939947128,0.23800000548362732,0.3779999911785126
YJL122W,YJL139C,0,-0.75819826,0.05921871215105057,0.23800000548362732,0.3781000077724457
YGR289C,YGR185C,0,-0.75821006,0.05920397862792015,0.23800000548362732,0.3781999945640564
YDR435C,YBR111W-A,0,-0.7586423,0.05918925628066063,0.23800000548362732,0.3783000111579895
YNL106C,YHL011C,0,-0.75874877,0.059174541383981705,0.23800000548362732,0.3783999979496002
YLR186W,YER074W-A,0,-0.7588923,0.05915983021259308,0.23800000548362732,0.3785000145435333
YHL047C,YIR010W,0,-0.7589376,0.05914513021707535,0.23800000548362732,0.37860000133514404
YOR098C,YLR006C,0,-0.7590941,0.059130433946847916,0.23800000548362732,0.37869998812675476
YNL148C,YOR127W,0,-0.7592237,0.05911574885249138,0.23800000548362732,0.37880000472068787
YGR037C,YKL110C,0,-0.75942385,0.05910106748342514,0.23800000548362732,0.3788999915122986
YMR219W,YPL087W,0,-0.7601652,0.0590863935649395,0.23800000548362732,0.3790000081062317
YNL262W,YIL061C,0,-0.76030195,0.05907173082232475,0.23800000548362732,0.3790999948978424
YAR031W,YOR043W,0,-0.7603582,0.059057071805000305,0.23800000548362732,0.3792000114917755
YPL018W,YGR044C,0,-0.76066256,0.059042420238256454,0.23800000548362732,0.37929999828338623
YLR466W,YIR026C,0,-0.7610426,0.0590277761220932,0.23800000548362732,0.37940001487731934
YBR041W,YGL120C,0,-0.76115346,0.05901314318180084,0.23800000548362732,0.37950000166893005
YPR122W,YJL168C,0,-0.7612314,0.05899851396679878,0.23800000548362732,0.37959998846054077
YER168C,YEL069C,0,-0.7612816,0.05898389220237732,0.23800000548362732,0.3797000050544739
YLR157C,YCR067C,0,-0.76140404,0.05896927788853645,0.23800000548362732,0.3797999918460846
YJL219W,YBR095C,0,-0.7615789,0.058954671025276184,0.23800000548362732,0.3799000084400177
YNL003C,YBR183W,0,-0.7617388,0.05894006788730621,0.23800000548362732,0.3799999952316284
YNR057C,YDR341C,0,-0.762041,0.05892547592520714,0.23800000548362732,0.3801000118255615
YBR065C,YPR052C,0,-0.7622831,0.05891089141368866,0.23800000548362732,0.38019999861717224
YDR456W,YIL066C,0,-0.76274264,0.05889631435275078,0.23800000548362732,0.38029998540878296
YER177W,YMR190C,1,-0.7630811,0.05912914499640465,0.23899999260902405,0.38029998540878296
YCR020C,YML049C,0,-0.76316214,0.059114519506692886,0.23899999260902405,0.38040000200271606
YFL045C,YNL243W,0,-0.7631707,0.05909990146756172,0.23899999260902405,0.3804999887943268
YKR076W,YML069W,0,-0.76322794,0.059085290879011154,0.23899999260902405,0.3806000053882599
YMR311C,YCL054W,0,-0.7633815,0.059070687741041183,0.23899999260902405,0.3806999921798706
YER177W,YGL229C,1,-0.76343524,0.05930318683385849,0.23999999463558197,0.3806999921798706
YJR069C,YMR097C,0,-0.7635515,0.05928853899240494,0.23999999463558197,0.3808000087738037
YML112W,YLR291C,0,-0.76368344,0.059273894876241684,0.23999999463558197,0.38089999556541443
YPR055W,YJL168C,0,-0.7636955,0.05925925821065903,0.23999999463558197,0.38100001215934753
YPL119C,YHR143W-A,0,-0.76427174,0.059244632720947266,0.23999999463558197,0.38109999895095825
YBL003C,YJL129C,0,-0.7645211,0.0592300109565258,0.23999999463558197,0.38119998574256897
YKL007W,YGR254W,0,-0.76455796,0.059215396642684937,0.23999999463558197,0.3813000023365021
YKL093W,YOR085W,0,-0.76475644,0.05920078977942467,0.23999999463558197,0.3813999891281128
YGL187C,YER127W,0,-0.76501703,0.059186190366744995,0.23999999463558197,0.3815000057220459
YLR431C,YNL236W,0,-0.76545155,0.05917159840464592,0.23999999463558197,0.3815999925136566
YIL149C,YJL026W,0,-0.7654911,0.05915701389312744,0.23999999463558197,0.3817000091075897
YHR072W-A,YMR026C,0,-0.76561475,0.05914243310689926,0.23999999463558197,0.38179999589920044
YOR174W,YDR218C,0,-0.7657213,0.05912786349654198,0.23999999463558197,0.38190001249313354
YKL110C,YJR160C,0,-0.7658782,0.05911330133676529,0.23999999463558197,0.38199999928474426
YNL106C,YCL059C,0,-0.7660332,0.0590987429022789,0.23999999463558197,0.382099986076355
YPR001W,YGL254W,0,-0.76611185,0.059084195643663406,0.23999999463558197,0.3822000026702881
YGR177C,YCR002C,0,-0.7663418,0.05906965211033821,0.23999999463558197,0.3822999894618988
YAL059W,YDR499W,0,-0.7666558,0.05905511975288391,0.23999999463558197,0.3824000060558319
YBR009C,YOR319W,0,-0.76665986,0.05904059112071991,0.23999999463558197,0.3824999928474426
YDR499W,YOR098C,0,-0.7666917,0.059026069939136505,0.23999999463558197,0.38260000944137573
YOL016C,YDR341C,0,-0.7668544,0.0590115562081337,0.23999999463558197,0.38269999623298645
YKL032C,YNL236W,0,-0.7668803,0.05899704992771149,0.23999999463558197,0.38280001282691956
YKL125W,YOL091W,0,-0.76743364,0.05898255109786987,0.23999999463558197,0.3828999996185303
YKL005C,YGL120C,0,-0.7677609,0.058968059718608856,0.23999999463558197,0.382999986410141
YPL169C,YHR079C-A,0,-0.7680038,0.058953575789928436,0.23999999463558197,0.3831000030040741
YDR456W,YDR240C,0,-0.7683016,0.058939095586538315,0.23999999463558197,0.3831999897956848
YLR270W,YBR129C,0,-0.76845324,0.05892462655901909,0.23999999463558197,0.3833000063896179
YPL127C,YOR226C,0,-0.7685256,0.05891016125679016,0.23999999463558197,0.38339999318122864
YKL053C-A,YPL007C,0,-0.76857877,0.05889570713043213,0.23999999463558197,0.38350000977516174
YBR110W,YOR346W,0,-0.76882505,0.058881256729364395,0.23999999463558197,0.38359999656677246
YKL165C,YHR023W,0,-0.7692088,0.05886681377887726,0.23999999463558197,0.38370001316070557
YLR074C,YGL142C,0,-0.769428,0.05885237827897072,0.23999999463558197,0.3837999999523163
YPR023C,YBR182C,0,-0.76944613,0.058837950229644775,0.23999999463558197,0.383899986743927
YLR113W,YDR227W,0,-0.7694843,0.05882352963089943,0.23999999463558197,0.3840000033378601
YDL097C,YHR196W,0,-0.7696835,0.05880911648273468,0.23999999463558197,0.3840999901294708
YGL021W,YNL068C,1,-0.769948,0.05903968587517738,0.2409999966621399,0.3840999901294708
YDL178W,YKR081C,0,-0.7701062,0.05902522802352905,0.2409999966621399,0.38420000672340393
YPL069C,YDR450W,0,-0.7701688,0.05901077389717102,0.2409999966621399,0.38429999351501465
YOR315W,YDR165W,0,-0.7702024,0.058996327221393585,0.2409999966621399,0.38440001010894775
YCR089W,YLR033W,0,-0.7703558,0.05898188799619675,0.2409999966621399,0.38449999690055847
YOR226C,YDR176W,0,-0.7708132,0.058967456221580505,0.2409999966621399,0.3846000134944916
YPL241C,YGL194C,0,-0.7708378,0.05895303189754486,0.2409999966621399,0.3847000002861023
YJL111W,YPL249C,0,-0.7711619,0.05893861502408981,0.2409999966621399,0.384799987077713
YML132W,YNL262W,0,-0.77128017,0.05892420560121536,0.2409999966621399,0.3849000036716461
YOL017W,YOR188W,0,-0.77141035,0.05890980362892151,0.2409999966621399,0.38499999046325684
YCL026C-A,YBR168W,0,-0.7717656,0.058895405381917953,0.2409999966621399,0.38510000705718994
YOL017W,YPL053C,0,-0.77187324,0.058881014585494995,0.2409999966621399,0.38519999384880066
YAL007C,YHR034C,0,-0.77212226,0.05886663496494293,0.2409999966621399,0.38530001044273376
YOL017W,YOR043W,0,-0.77236676,0.05885225906968117,0.2409999966621399,0.3853999972343445
YCL026C-A,YKL186C,0,-0.77250564,0.058837890625,0.2409999966621399,0.3855000138282776
YDR345C,YIR008C,0,-0.7725251,0.05882352963089943,0.2409999966621399,0.3856000006198883
YMR056C,YER127W,0,-0.7725978,0.058809176087379456,0.2409999966621399,0.385699987411499
YDR217C,YNL002C,0,-0.7727381,0.05879482626914978,0.2409999966621399,0.38580000400543213
YIR025W,YHL007C,1,-0.77275693,0.0590243898332119,0.24199999868869781,0.38580000400543213
YKL120W,YBR105C,0,-0.7730322,0.05900999903678894,0.24199999868869781,0.38589999079704285
YFL060C,YKL042W,0,-0.773373,0.05899561196565628,0.24199999868869781,0.38600000739097595
YPR175W,YIL070C,0,-0.7733921,0.05898123234510422,0.24199999868869781,0.38609999418258667
YLR059C,YMR139W,0,-0.7736542,0.05896686017513275,0.24199999868869781,0.3862000107765198
YHR154W,YIL022W,0,-0.77365756,0.05895249545574188,0.24199999868869781,0.3862999975681305
YOR168W,YOL005C,0,-0.77366173,0.05893813818693161,0.24199999868869781,0.3864000141620636
YPR178W,YPL106C,0,-0.7737193,0.058923788368701935,0.24199999868869781,0.3865000009536743
YDR421W,YNL328C,0,-0.7737496,0.058909446001052856,0.24199999868869781,0.38659998774528503
YFL029C,YMR190C,1,-0.77379894,0.059138476848602295,0.24300000071525574,0.38659998774528503
YDR224C,YOR274W,0,-0.773862,0.05912408605217934,0.24300000071525574,0.38670000433921814
YPL127C,YDL148C,0,-0.7739055,0.059109706431627274,0.24300000071525574,0.38679999113082886
YLR372W,YGR005C,0,-0.7740613,0.05909533053636551,0.24300000071525574,0.38690000772476196
YPL125W,YGL062W,0,-0.77406514,0.05908096209168434,0.24300000071525574,0.3869999945163727
YLR102C,YDL064W,1,-0.77444553,0.05930967256426811,0.24400000274181366,0.3869999945163727
YKL020C,YNL283C,0,-0.7745038,0.05929525941610336,0.24400000274181366,0.3871000111103058
YPR199C,YGL062W,0,-0.7745427,0.05928085371851921,0.24400000274181366,0.3871999979019165
YGL187C,YKL042W,0,-0.7747754,0.059266455471515656,0.24400000274181366,0.3873000144958496
YCR089W,YPR055W,0,-0.77486324,0.0592520646750927,0.24400000274181366,0.3874000012874603
YIL061C,YLR452C,0,-0.77488685,0.05923767760396004,0.24400000274181366,0.38749998807907104
YJL019W,YOR344C,1,-0.774999,0.05946601927280426,0.24500000476837158,0.38749998807907104
YIL110W,YML049C,0,-0.7751448,0.05945159122347832,0.24500000476837158,0.38760000467300415
YPL127C,YGL063W,0,-0.7752316,0.05943716689944267,0.24500000476837158,0.38769999146461487
YOR136W,YDR176W,0,-0.77541995,0.059422750025987625,0.24500000476837158,0.387800008058548
YBR009C,YCR020C,0,-0.7757051,0.059408340603113174,0.24500000476837158,0.3878999948501587
YLR405W,YFL017W-A,0,-0.7758534,0.05939393863081932,0.24500000476837158,0.3880000114440918
YLR069C,YLR009W,0,-0.7758547,0.059379544109106064,0.24500000476837158,0.3880999982357025
YOR144C,YMR139W,0,-0.7758579,0.059365157037973404,0.24500000476837158,0.3882000148296356
YLR431C,YLR291C,0,-0.77594864,0.05935077369213104,0.24500000476837158,0.38830000162124634
YPL267W,YGL240W,1,-0.7759576,0.05957859009504318,0.2460000067949295,0.38830000162124634
YCL039W,YNL334C,0,-0.7761252,0.05956416577100754,0.2460000067949295,0.38839998841285706
YKL079W,YHR163W,0,-0.7762022,0.05954974517226219,0.2460000067949295,0.38850000500679016
YBL003C,YDR088C,0,-0.77636015,0.05953533574938774,0.2460000067949295,0.3885999917984009
YER129W,YHR163W,0,-0.77704,0.05952093005180359,0.2460000067949295,0.388700008392334
YBR260C,YJL026W,0,-0.77729297,0.059506531804800034,0.2460000067949295,0.3887999951839447
YHR015W,YMR267W,0,-0.777429,0.059492141008377075,0.2460000067949295,0.3889000117778778
YOR099W,YNL222W,0,-0.7774409,0.059477757662534714,0.2460000067949295,0.3889999985694885
YNR033W,YDR170C,0,-0.7776135,0.05946337804198265,0.2460000067949295,0.38909998536109924
YHR205W,YER072W,0,-0.7776984,0.05944900959730148,0.2460000067949295,0.38920000195503235
YNL138W,YDR165W,0,-0.7779006,0.059434644877910614,0.2460000067949295,0.38929998874664307
YNR017W,YKR031C,0,-0.7780018,0.05942029133439064,0.2460000067949295,0.38940000534057617
YPL200W,YPR055W,0,-0.77812934,0.059405941516160965,0.2460000067949295,0.3894999921321869
YJL060W,YCL039W,0,-0.7782446,0.05939159914851189,0.2460000067949295,0.38960000872612
YPL086C,YLR141W,0,-0.7784487,0.059377264231443405,0.2460000067949295,0.3896999955177307
YOL078W,YDR345C,0,-0.77853906,0.05936293303966522,0.2460000067949295,0.3898000121116638
YPL106C,YNL222W,0,-0.77865994,0.059348613023757935,0.2460000067949295,0.38989999890327454
YJL165C,YLR084C,0,-0.7790297,0.059334296733140945,0.2460000067949295,0.38999998569488525
YPL058C,YHL028W,0,-0.7790954,0.05931999161839485,0.2460000067949295,0.39010000228881836
YLL004W,YBL022C,0,-0.7791314,0.059305690228939056,0.2460000067949295,0.3901999890804291
YDR218C,YPL106C,0,-0.7791786,0.05929139629006386,0.2460000067949295,0.3903000056743622
YOR377W,YOL005C,0,-0.7792363,0.05927710980176926,0.2460000067949295,0.3903999924659729
YJR050W,YOR045W,0,-0.77953506,0.059262827038764954,0.2460000067949295,0.390500009059906
YDR432W,YFR034C,0,-0.7797495,0.059248555451631546,0.2460000067949295,0.3905999958515167
YOR168W,YOR191W,0,-0.78021467,0.05923428758978844,0.2460000067949295,0.39070001244544983
YLR342W,YKL051W,0,-0.780359,0.059220027178525925,0.2460000067949295,0.39079999923706055
YAR018C,YKL120W,0,-0.7807443,0.05920577794313431,0.2460000067949295,0.39089998602867126
YDR022C,YHR119W,0,-0.7808716,0.05919152870774269,0.2460000067949295,0.39100000262260437
YBL040C,YOR032C,0,-0.78140557,0.05917729064822197,0.2460000067949295,0.3910999894142151
YIR008C,YOR347C,0,-0.7817153,0.059163060039281845,0.2460000067949295,0.3912000060081482
YGR037C,YLR160C,0,-0.7818439,0.05914883315563202,0.2460000067949295,0.3912999927997589
YBR215W,YML027W,1,-0.7821809,0.05937499925494194,0.24699999392032623,0.3912999927997589
YDR168W,YOR049C,0,-0.78227425,0.05936073139309883,0.24699999392032623,0.391400009393692
YER089C,YIL031W,1,-0.7822783,0.05958673730492592,0.24799999594688416,0.391400009393692
YLR102C,YCR065W,1,-0.782424,0.05981263518333435,0.24899999797344208,0.391400009393692
YER177W,YDL132W,1,-0.7824358,0.06003842502832413,0.25,0.391400009393692
YOR377W,YOR266W,0,-0.7824919,0.06002400815486908,0.25,0.39149999618530273
YPR122W,YNL021W,0,-0.78250396,0.06000960245728493,0.25,0.39160001277923584
YDL126C,YDR009W,0,-0.78254306,0.059995200484991074,0.25,0.39169999957084656
YLR221C,YKL042W,0,-0.78256094,0.05998080596327782,0.25,0.3917999863624573
YDR085C,YPR023C,0,-0.7826731,0.05996641889214516,0.25,0.3919000029563904
YGR037C,YOR250C,0,-0.7827914,0.059952039271593094,0.25,0.3919999897480011
YLR051C,YGR241C,0,-0.7828797,0.05993766337633133,0.25,0.3921000063419342
YIL070C,YDR126W,0,-0.7829,0.05992329865694046,0.25,0.3921999931335449
YGL223C,YML123C,0,-0.7832556,0.05990893766283989,0.25,0.392300009727478
YPR093C,YGL206C,0,-0.78352225,0.059894584119319916,0.25,0.39239999651908875
YKL220C,YDR330W,0,-0.7836982,0.05988023802638054,0.25,0.39250001311302185
YMR303C,YPL028W,0,-0.78371143,0.05986589938402176,0.25,0.39259999990463257
YCR089W,YDR400W,0,-0.783757,0.059851568192243576,0.25,0.3926999866962433
YBL045C,YGL006W,0,-0.78391814,0.05983724445104599,0.25,0.3928000032901764
YGR204W,YOR380W,0,-0.78428495,0.0598229244351387,0.25,0.3928999900817871
YJR047C,YJL029C,0,-0.78442824,0.05980861186981201,0.25,0.3930000066757202
YDR052C,YLR186W,0,-0.7845913,0.05979430675506592,0.25,0.39309999346733093
YCR002C,YLR318W,0,-0.7849022,0.05978000909090042,0.25,0.39320001006126404
YNL317W,YPL106C,0,-0.78530383,0.05976571887731552,0.25,0.39329999685287476
YOR266W,YGL120C,0,-0.7853211,0.05975143238902092,0.25,0.39340001344680786
YDL126C,YGR006W,0,-0.7854481,0.059737157076597214,0.25,0.3935000002384186
YPL228W,YIL066C,0,-0.7856133,0.059722885489463806,0.25,0.3935999870300293
YNR016C,YDR181C,0,-0.7856436,0.059708621352910995,0.25,0.3937000036239624
YAR015W,YHL038C,0,-0.7860162,0.05969436466693878,0.25,0.3937999904155731
YPL085W,YML001W,0,-0.7861396,0.059680115431547165,0.25,0.3939000070095062
YFL039C,YIL031W,1,-0.786667,0.05990453436970711,0.25099998712539673,0.3939000070095062
YPL249C,YOL128C,0,-0.7868849,0.05989024043083191,0.25099998712539673,0.39399999380111694
YIL153W,YHL007C,1,-0.78718233,0.060114502906799316,0.25200000405311584,0.39399999380111694
YGL187C,YBR069C,0,-0.78721106,0.060100167989730835,0.25200000405311584,0.39410001039505005
YJR131W,YJR112W,0,-0.7872534,0.06008583679795265,0.25200000405311584,0.39419999718666077
YLR264W,YBR080C,0,-0.7874007,0.060071513056755066,0.25200000405311584,0.39430001378059387
YGR109C,YKR083C,1,-0.7875184,0.06029551848769188,0.2529999911785126,0.39430001378059387
YNL329C,YER074W-A,0,-0.78772295,0.06028115376830101,0.2529999911785126,0.3944000005722046
YBR136W,YER162C,0,-0.7878922,0.06026679277420044,0.2529999911785126,0.3944999873638153
YIL103W,YCR089W,0,-0.78798866,0.060252439230680466,0.2529999911785126,0.3946000039577484
YGR204W,YGL004C,0,-0.7881217,0.06023809686303139,0.2529999911785126,0.39469999074935913
YBR143C,YOR129C,0,-0.78818667,0.06022375449538231,0.2529999911785126,0.39480000734329224
YGL206C,YPR178W,0,-0.7886112,0.060209423303604126,0.2529999911785126,0.39489999413490295
YIR033W,YKL045W,0,-0.7886301,0.06019509956240654,0.2529999911785126,0.39500001072883606
YJL108C,YCR067C,0,-0.7887523,0.06018077954649925,0.2529999911785126,0.3950999975204468
YKL146W,YGL247W,0,-0.78881276,0.06016646698117256,0.2529999911785126,0.3952000141143799
YMR116C,YLR353W,0,-0.7888267,0.06015216186642647,0.2529999911785126,0.3953000009059906
YNL021W,YNL138W,0,-0.7889211,0.06013786420226097,0.2529999911785126,0.3953999876976013
YGL172W,YCR028C-A,0,-0.78898656,0.06012357398867607,0.2529999911785126,0.3955000042915344
YNL142W,YHR161C,0,-0.7890706,0.06010929122567177,0.2529999911785126,0.39559999108314514
YDR281C,YDR346C,0,-0.78931105,0.060095012187957764,0.2529999911785126,0.39570000767707825
YNL214W,YOR213C,0,-0.789469,0.060080740600824356,0.2529999911785126,0.39579999446868896
YGL229C,YHL007C,1,-0.7895305,0.06030389294028282,0.2540000081062317,0.39579999446868896
YDR252W,YCR089W,0,-0.78954554,0.06028958037495613,0.2540000081062317,0.39590001106262207
YJL219W,YNL222W,0,-0.78972125,0.06027527153491974,0.2540000081062317,0.3959999978542328
YOR040W,YNL333W,0,-0.7897793,0.06026097387075424,0.2540000081062317,0.3961000144481659
YGR092W,YNR017W,0,-0.78983355,0.060246679931879044,0.2540000081062317,0.3962000012397766
YOL055C,YLR466W,0,-0.7898576,0.06023239344358444,0.2540000081062317,0.39629998803138733
YJL219W,YGR197C,0,-0.7899195,0.06021811440587044,0.2540000081062317,0.39640000462532043
YER127W,YOR191W,0,-0.79019773,0.06020383909344673,0.2540000081062317,0.39649999141693115
YIL124W,YLR381W,0,-0.79039276,0.06018957495689392,0.2540000081062317,0.39660000801086426
YLL042C,YEL029C,0,-0.7907891,0.06017531454563141,0.2540000081062317,0.396699994802475
YOL043C,YPR187W,0,-0.7908673,0.06016106158494949,0.2540000081062317,0.3968000113964081
YPR052C,YHR178W,0,-0.7909373,0.060146816074848175,0.2540000081062317,0.3968999981880188
YDR040C,YNL003C,0,-0.7910577,0.060132574290037155,0.2540000081062317,0.3970000147819519
YPL007C,YCR061W,0,-0.79106915,0.06011834368109703,0.2540000081062317,0.3971000015735626
YDR334W,YBR105C,0,-0.79126716,0.060104116797447205,0.2540000081062317,0.39719998836517334
YOR032C,YBR093C,0,-0.79128444,0.060089897364377975,0.2540000081062317,0.39730000495910645
YJR017C,YCR066W,0,-0.7913506,0.06007568538188934,0.2540000081062317,0.39739999175071716
YJR139C,YNL222W,0,-0.7913822,0.06006148084998131,0.2540000081062317,0.39750000834465027
YOR168W,YDR322C-A,0,-0.7914649,0.06004728004336357,0.2540000081062317,0.397599995136261
YHR067W,YGR289C,0,-0.79159486,0.06003309041261673,0.2540000081062317,0.3977000117301941
YOR031W,YIL084C,0,-0.7916013,0.06001890450716019,0.2540000081062317,0.3977999985218048
YMR275C,YEL069C,0,-0.7921933,0.06000472605228424,0.2540000081062317,0.3978999853134155
YLR353W,YPL116W,0,-0.79240084,0.05999055132269859,0.2540000081062317,0.39800000190734863
YLR342W,YOR049C,0,-0.79277146,0.05997638776898384,0.2540000081062317,0.39809998869895935
YJR112W,YHL022C,0,-0.7930535,0.05996222794055939,0.2540000081062317,0.39820000529289246
YIL014W,YFL059W,0,-0.7930746,0.05994807556271553,0.2540000081062317,0.3982999920845032
YLL004W,YPL154C,0,-0.79331183,0.05993393063545227,0.2540000081062317,0.3984000086784363
YDL132W,YMR048W,1,-0.79348135,0.06015569716691971,0.2549999952316284,0.3984000086784363
YPL248C,YCR040W,0,-0.7935977,0.060141511261463165,0.2549999952316284,0.398499995470047
YJL092W,YGL062W,0,-0.79388,0.06012732908129692,0.2549999952316284,0.3986000120639801
YDL132W,YIL153W,1,-0.7939211,0.06034889072179794,0.25600001215934753,0.3986000120639801
YGR288W,YJL093C,0,-0.7939627,0.060334667563438416,0.25600001215934753,0.3986999988555908
YHR073W,YMR061W,0,-0.7941685,0.060320451855659485,0.25600001215934753,0.39879998564720154
YML123C,YDR083W,0,-0.79431784,0.06030624359846115,0.25600001215934753,0.39890000224113464
YBL003C,YBR256C,0,-0.7944615,0.060292039066553116,0.25600001215934753,0.39899998903274536
YPR001W,YGR197C,0,-0.7944982,0.06027784198522568,0.25600001215934753,0.39910000562667847
YDL059C,YOL128C,0,-0.7945651,0.060263652354478836,0.25600001215934753,0.3991999924182892
YLR381W,YOR049C,0,-0.79459894,0.06024947017431259,0.25600001215934753,0.3993000090122223
YLR158C,YBR193C,0,-0.7947365,0.060235295444726944,0.25600001215934753,0.399399995803833
YDL175C,YDR345C,0,-0.794817,0.060221124440431595,0.25600001215934753,0.3995000123977661
YBL002W,YNL262W,0,-0.79497933,0.06020696088671684,0.25600001215934753,0.39959999918937683
YBR009C,YER095W,0,-0.7950301,0.06019280478358269,0.25600001215934753,0.39969998598098755
YLR157C,YBR260C,0,-0.79545057,0.06017865613102913,0.25600001215934753,0.39980000257492065
YHR174W,YLR200W,0,-0.7958485,0.06016451120376587,0.25600001215934753,0.39989998936653137
YGL021W,YNL116W,1,-0.79599035,0.060385338962078094,0.25699999928474426,0.39989998936653137
YAL040C,YFL034C-B,1,-0.7961563,0.06060606241226196,0.257999986410141,0.39989998936653137
YML077W,YDR345C,0,-0.79615915,0.06059182807803154,0.257999986410141,0.4000000059604645
YLL013C,YML001W,0,-0.7966497,0.060577601194381714,0.257999986410141,0.4000999927520752
YCR020C,YER008C,0,-0.7966778,0.060563381761312485,0.257999986410141,0.4002000093460083
YCR089W,YGR005C,0,-0.79693234,0.060549166053533554,0.257999986410141,0.400299996137619
YER168C,YKL150W,0,-0.7970116,0.06053496152162552,0.257999986410141,0.4004000127315521
YPR093C,YFL002C,0,-0.79701984,0.06052076071500778,0.257999986410141,0.40049999952316284
YDR224C,YLL021W,0,-0.7972119,0.06050656735897064,0.257999986410141,0.40059998631477356
YNL111C,YGR284C,0,-0.79738355,0.0604923814535141,0.257999986410141,0.40070000290870667
YKL093W,YOR127W,0,-0.7974341,0.060478199273347855,0.257999986410141,0.4007999897003174
YBL023C,YNL328C,0,-0.79767406,0.06046402454376221,0.257999986410141,0.4009000062942505
YIR004W,YPL116W,0,-0.7978879,0.060449860990047455,0.257999986410141,0.4009999930858612
YIR008C,YLR055C,0,-0.7980037,0.0604356974363327,0.257999986410141,0.4011000096797943
YGL016W,YBL061C,0,-0.79845583,0.060421545058488846,0.257999986410141,0.40119999647140503
YBR130C,YHR161C,0,-0.79851055,0.060407400131225586,0.257999986410141,0.40130001306533813
YOL146W,YDR450W,0,-0.7985151,0.060393258929252625,0.257999986410141,0.40139999985694885
YGL222C,YDL147W,0,-0.7985203,0.06037912517786026,0.257999986410141,0.40149998664855957
YPL133C,YBL061C,0,-0.7987176,0.06036499887704849,0.257999986410141,0.4016000032424927
YAL007C,YGL254W,0,-0.7988498,0.06035087630152702,0.257999986410141,0.4016999900341034
YBR136W,YGR063C,0,-0.7988951,0.06033676490187645,0.257999986410141,0.4018000066280365
YCR020C,YGR063C,0,-0.799006,0.060322657227516174,0.257999986410141,0.4018999934196472
YBR215W,YGL229C,1,-0.79902756,0.060542307794094086,0.2590000033378601,0.4018999934196472
YLR342W,YJL035C,0,-0.7990736,0.06052815914154053,0.2590000033378601,0.4020000100135803
YDL105W,YBR097W,0,-0.7991228,0.060514017939567566,0.2590000033378601,0.40209999680519104
YCL034W,YMR293C,0,-0.79935634,0.0604998841881752,0.2590000033378601,0.40220001339912415
YCR002C,YPL157W,0,-0.79949653,0.060485754162073135,0.2590000033378601,0.40230000019073486
YKR054C,YGL096W,1,-0.7996881,0.06070511415600777,0.25999999046325684,0.40230000019073486
YDL132W,YJL019W,1,-0.7997675,0.06092436984181404,0.26100000739097595,0.40230000019073486
YHR178W,YDR400W,0,-0.8002378,0.06091015040874481,0.26100000739097595,0.4023999869823456
YOR032C,YOL147C,0,-0.80026054,0.06089593842625618,0.26100000739097595,0.4025000035762787
YPL266W,YDR379W,0,-0.80029595,0.060881733894348145,0.26100000739097595,0.4025999903678894
YNL325C,YHR008C,0,-0.800326,0.060867536813020706,0.26100000739097595,0.4027000069618225
YOR231W,YDR432W,0,-0.80046594,0.060853347182273865,0.26100000739097595,0.4027999937534332
YJL060W,YJR043C,0,-0.80055296,0.06083916127681732,0.26100000739097595,0.40290001034736633
YNL148C,YOL031C,0,-0.8006017,0.060824982821941376,0.26100000739097595,0.40299999713897705
YPR122W,YNL236W,0,-0.8006731,0.06081081181764603,0.26100000739097595,0.40310001373291016
YLR160C,YMR026C,0,-0.8006803,0.060796644538640976,0.26100000739097595,0.4032000005245209
YGL167C,YDR165W,0,-0.8009577,0.06078248843550682,0.26100000739097595,0.4032999873161316
YOR094W,YBL045C,0,-0.80103385,0.060768336057662964,0.26100000739097595,0.4034000039100647
YKL053C-A,YOR047C,0,-0.8013028,0.060754191130399704,0.26100000739097595,0.4034999907016754
YHR007C,YDR334W,0,-0.8014296,0.06074004992842674,0.26100000739097595,0.4036000072956085
YJL129C,YDR165W,0,-0.80174124,0.060725919902324677,0.26100000739097595,0.40369999408721924
YOR032C,YOR085W,0,-0.80186486,0.06071179360151291,0.26100000739097595,0.40380001068115234
YJL122W,YLR055C,0,-0.8019743,0.06069767475128174,0.26100000739097595,0.40389999747276306
YER162C,YBR192W,0,-0.8020159,0.060683563351631165,0.26100000739097595,0.40400001406669617
YOR266W,YCL033C,0,-0.8022399,0.06066945567727089,0.26100000739097595,0.4041000008583069
YOR032C,YNL310C,0,-0.80231345,0.06065535545349121,0.26100000739097595,0.4041999876499176
YIL021W,YLR141W,0,-0.80257523,0.06064126268029213,0.26100000739097595,0.4043000042438507
YPR075C,YOR047C,0,-0.80257654,0.060627177357673645,0.26100000739097595,0.4043999910354614
YGL254W,YLR059C,0,-0.80260897,0.06061309948563576,0.26100000739097595,0.40450000762939453
YGR085C,YOR295W,0,-0.80262446,0.06059902533888817,0.26100000739097595,0.40459999442100525
YNL333W,YLL040C,0,-0.802866,0.060584958642721176,0.26100000739097595,0.40470001101493835
YKL053C-A,YHR008C,0,-0.8028797,0.06057089939713478,0.26100000739097595,0.4047999978065491
YJR090C,YCR065W,1,-0.80288947,0.06078886240720749,0.2619999945163727,0.4047999978065491
YCR020C,YOR106W,0,-0.8028996,0.06077476218342781,0.2619999945163727,0.4049000144004822
YPL028W,YOR193W,0,-0.8031986,0.06076066941022873,0.2619999945163727,0.4050000011920929
YOL002C,YBR168W,0,-0.80325377,0.060746580362319946,0.2619999945163727,0.4050999879837036
YPL069C,YLR264W,0,-0.80331683,0.06073249876499176,0.2619999945163727,0.4052000045776367
YGL223C,YMR069W,0,-0.8033861,0.06071842461824417,0.2619999945163727,0.40529999136924744
YNL084C,YMR182C,0,-0.8035989,0.06070435419678688,0.2619999945163727,0.40540000796318054
YHR150W,YCR057C,0,-0.80376256,0.060690294951200485,0.2619999945163727,0.40549999475479126
YER095W,YPL239W,0,-0.80382,0.06067623943090439,0.2619999945163727,0.40560001134872437
YJR139C,YOR266W,0,-0.8038305,0.06066219136118889,0.2619999945163727,0.4056999981403351
YER177W,YAL047C,1,-0.8039012,0.060879629105329514,0.2630000114440918,0.4056999981403351
YGL068W,YDR217C,0,-0.8040998,0.06086554005742073,0.2630000114440918,0.4058000147342682
YGR288W,YOL102C,0,-0.80483425,0.060851458460092545,0.2630000114440918,0.4059000015258789
YGL200C,YOR160W,0,-0.8049089,0.06083738058805466,0.2630000114440918,0.4059999883174896
YNL317W,YOL142W,0,-0.8050444,0.060823310166597366,0.2630000114440918,0.40610000491142273
YML123C,YNL283C,0,-0.80518067,0.06080924719572067,0.2630000114440918,0.40619999170303345
YLR109W,YDR240C,0,-0.80565715,0.060795191675424576,0.2630000114440918,0.40630000829696655
YMR025W,YPL125W,0,-0.8056985,0.06078113988041878,0.2630000114440918,0.40639999508857727
YGR097W,YPL249C,0,-0.80590105,0.060767099261283875,0.2630000114440918,0.4065000116825104
YER133W,YIL153W,1,-0.8062341,0.060984060168266296,0.2639999985694885,0.4065000116825104
YGR092W,YOR319W,0,-0.80657244,0.06096997857093811,0.2639999985694885,0.4065999984741211
YOR226C,YHR205W,0,-0.8067502,0.06095590069890022,0.2639999985694885,0.4066999852657318
YAL040C,YJL074C,1,-0.80690217,0.061172667890787125,0.26499998569488525,0.4066999852657318
YNL003C,YLR372W,0,-0.8069625,0.061158549040555954,0.26499998569488525,0.4068000018596649
YOR322C,YNL333W,0,-0.80704343,0.06114443764090538,0.26499998569488525,0.40689998865127563
YNL116W,YGR245C,1,-0.8071176,0.06136101484298706,0.26600000262260437,0.40689998865127563
YDR113C,YER089C,1,-0.8071306,0.06157749146223068,0.2669999897480011,0.40689998865127563
YER177W,YNL068C,1,-0.80736065,0.061793867498636246,0.2680000066757202,0.40689998865127563
YER030W,YOR341W,0,-0.807511,0.06177962198853493,0.2680000066757202,0.40700000524520874
YMR044W,YDL055C,0,-0.80779004,0.061765383929014206,0.2680000066757202,0.40709999203681946
YGR109C,YJL074C,1,-0.8078866,0.06198156625032425,0.26899999380111694,0.40709999203681946
YCR010C,YOL156W,0,-0.808182,0.061967287212610245,0.26899999380111694,0.40720000863075256
YMR053C,YIL039W,0,-0.80844176,0.06195301562547684,0.26899999380111694,0.4072999954223633
YJR083C,YDR281C,0,-0.8087609,0.061938751488924026,0.26899999380111694,0.4074000120162964
YOR193W,YLR141W,0,-0.8088161,0.06192449480295181,0.26899999380111694,0.4074999988079071
YGR092W,YDL079C,0,-0.8088875,0.0619102418422699,0.26899999380111694,0.4075999855995178
YFL039C,YCL029C,1,-0.80899405,0.06212609261274338,0.27000001072883606,0.4075999855995178
YMR049C,YOR099W,0,-0.8092941,0.06211180239915848,0.27000001072883606,0.4077000021934509
YFL039C,YGL216W,1,-0.8094971,0.06232750788331032,0.2709999978542328,0.4077000021934509
YOL078W,YHL028W,0,-0.8095937,0.062313176691532135,0.2709999978542328,0.40779998898506165
YHL038C,YNL328C,0,-0.8096124,0.06229884922504425,0.2709999978542328,0.40790000557899475
YNR016C,YOR193W,0,-0.80970037,0.06228453293442726,0.2709999978542328,0.40799999237060547
YHR023W,YGL097W,0,-0.8099202,0.06227022036910057,0.2709999978542328,0.4081000089645386
YDR040C,YFR034C,0,-0.81014705,0.06225591525435448,0.2709999978542328,0.4081999957561493
YGL120C,YLR147C,0,-0.8101665,0.06224161759018898,0.2709999978542328,0.4083000123500824
YIL124W,YKL032C,0,-0.8102882,0.06222732365131378,0.2709999978542328,0.4083999991416931
YGL206C,YDR179C,0,-0.8103372,0.06221304088830948,0.2709999978542328,0.40849998593330383
YBR155W,YOL111C,0,-0.8108747,0.062198761850595474,0.2709999978542328,0.40860000252723694
YKR036C,YBR069C,0,-0.8109788,0.06218448653817177,0.2709999978542328,0.40869998931884766
YDR342C,YMR150C,0,-0.81120086,0.06217022240161896,0.2709999978542328,0.40880000591278076
YAL040C,YMR036C,1,-0.8113158,0.06238532066345215,0.2720000147819519,0.40880000591278076
YNR057C,YMR032W,0,-0.8114027,0.062371015548706055,0.2720000147819519,0.4088999927043915
YLR157C,YDR170C,0,-0.8114749,0.06235671788454056,0.2720000147819519,0.4090000092983246
YDL245C,YBR205W,0,-0.8115128,0.06234242394566536,0.2720000147819519,0.4090999960899353
YJL101C,YIL022W,0,-0.8116356,0.062328141182661057,0.2720000147819519,0.4092000126838684
YPL241C,YLL001W,0,-0.8116456,0.062313858419656754,0.2720000147819519,0.4092999994754791
YPR093C,YER074W-A,0,-0.8117068,0.062299586832523346,0.2720000147819519,0.40939998626708984
YDL145C,YLR107W,0,-0.8117324,0.062285322695970535,0.2720000147819519,0.40950000286102295
YDR225W,YHL027W,0,-0.8118752,0.06227106228470802,0.2720000147819519,0.40959998965263367
YIL124W,YKR029C,0,-0.81198645,0.06225680932402611,0.2720000147819519,0.4097000062465668
YDR085C,YHR079C,0,-0.8120235,0.06224256381392479,0.2720000147819519,0.4097999930381775
YDR240C,YLR417W,0,-0.8121518,0.06222832202911377,0.2720000147819519,0.4099000096321106
YBR042C,YNL334C,0,-0.81224835,0.062214091420173645,0.2720000147819519,0.4099999964237213
YCL026C-A,YOL031C,0,-0.81225395,0.06219986453652382,0.2720000147819519,0.4101000130176544
YGL021W,YCL029C,1,-0.8122698,0.0624142661690712,0.27300000190734863,0.4101000130176544
YOR144C,YCR040W,0,-0.81238997,0.06239999830722809,0.27300000190734863,0.41019999980926514
YPR122W,YOR229W,0,-0.81249547,0.062385741621255875,0.27300000190734863,0.41029998660087585
YOL133W,YER089C,1,-0.8125975,0.06259995698928833,0.27399998903274536,0.41029998660087585
YDL145C,YCR089W,0,-0.81262803,0.06258565187454224,0.27399998903274536,0.41040000319480896
YPR111W,YBR136W,0,-0.8127259,0.06257136166095734,0.27399998903274536,0.4104999899864197
YBR168W,YLR200W,0,-0.813097,0.06255707889795303,0.27399998903274536,0.4106000065803528
YPR122W,YPR178W,0,-0.81324446,0.06254279613494873,0.27399998903274536,0.4106999933719635
YNL031C,YDR330W,0,-0.8133079,0.06252852827310562,0.27399998903274536,0.4108000099658966
YNL274C,YNL310C,0,-0.81354356,0.06251426041126251,0.27399998903274536,0.4108999967575073
YKL032C,YER095W,0,-0.8136281,0.0625,0.27399998903274536,0.41100001335144043
YIL124W,YBR168W,0,-0.81376636,0.062485747039318085,0.27399998903274536,0.41110000014305115
YJL058C,YJR139C,0,-0.8137691,0.062471501529216766,0.27399998903274536,0.41119998693466187
YMR219W,YHR205W,0,-0.81380093,0.062457259744405746,0.27399998903274536,0.41130000352859497
YDR106W,YGL216W,1,-0.8139174,0.06267092376947403,0.2750000059604645,0.41130000352859497
YPR135W,YCR065W,1,-0.81409883,0.06288448721170425,0.2759999930858612,0.41130000352859497
YPL058C,YNL262W,0,-0.8144529,0.06287015974521637,0.2759999930858612,0.4113999903202057
YDR432W,YIL084C,0,-0.8145187,0.06285583972930908,0.2759999930858612,0.4115000069141388
YDR281C,YDR407C,0,-0.8145269,0.06284152716398239,0.2759999930858612,0.4115999937057495
YDR322C-A,YIL023C,0,-0.8145313,0.0628272220492363,0.2759999930858612,0.4117000102996826
YPL254W,YGL137W,0,-0.81461203,0.0628129243850708,0.2759999930858612,0.41179999709129333
YPL217C,YPL200W,0,-0.81470954,0.0627986341714859,0.2759999930858612,0.41190001368522644
YDR106W,YCR065W,1,-0.8148595,0.06301183253526688,0.2770000100135803,0.41190001368522644
YBR093C,YCR067C,0,-0.81499946,0.0629974976181984,0.2770000100135803,0.41200000047683716
YML132W,YJR017C,0,-0.81515896,0.06298317760229111,0.2770000100135803,0.4120999872684479
YIR010W,YGL120C,0,-0.8154212,0.06296885758638382,0.2770000100135803,0.412200003862381
YGR055W,YOR085W,0,-0.8154788,0.06295454502105713,0.2770000100135803,0.4122999906539917
YIL009W,YLL013C,0,-0.8155086,0.06294023990631104,0.2770000100135803,0.4124000072479248
YHR059W,YCL033C,0,-0.8156266,0.06292594224214554,0.2770000100135803,0.4124999940395355
YOR094W,YOL017W,0,-0.81576085,0.06291165202856064,0.2770000100135803,0.41260001063346863
YPL086C,YKR031C,0,-0.8161204,0.06289736926555634,0.2770000100135803,0.41269999742507935
YOL002C,YMR267W,0,-0.81634474,0.06288308650255203,0.2770000100135803,0.41280001401901245
YMR288W,YOL002C,0,-0.81648815,0.06286881864070892,0.2770000100135803,0.41290000081062317
YJL140W,YHL028W,0,-0.81650484,0.06285455077886581,0.2770000100135803,0.4129999876022339
YNL325C,YNL138W,0,-0.81654596,0.0628402903676033,0.2770000100135803,0.413100004196167
YDR217C,YOR047C,0,-0.8166231,0.06282603740692139,0.2770000100135803,0.4131999909877777
YKL110C,YNL334C,0,-0.8167056,0.06281179189682007,0.2770000100135803,0.4133000075817108
YDR009W,YFL017W-A,0,-0.81682384,0.06279755383729935,0.2770000100135803,0.41339999437332153
YNR057C,YGR063C,0,-0.8169255,0.06278331577777863,0.2770000100135803,0.41350001096725464
YCR089W,YMR097C,0,-0.8171561,0.0627690926194191,0.2770000100135803,0.41359999775886536
YJR155W,YCR098C,0,-0.8174437,0.06275486946105957,0.2770000100135803,0.41370001435279846
YPR001W,YHL024W,0,-0.8175094,0.06274065375328064,0.2770000100135803,0.4138000011444092
YGL063W,YDL052C,0,-0.8176389,0.0627264529466629,0.2770000100135803,0.4138999879360199
YAL044C,YDL059C,0,-0.81770885,0.06271224468946457,0.2770000100135803,0.414000004529953
YNL262W,YOR047C,0,-0.8177719,0.06269805133342743,0.2770000100135803,0.4140999913215637
YMR033W,YAL002W,0,-0.8181124,0.06268386542797089,0.2770000100135803,0.4142000079154968
YGL016W,YML029W,0,-0.81820714,0.06266968697309494,0.2770000100135803,0.41429999470710754
YAL056W,YKL144C,0,-0.81837285,0.062655508518219,0.2770000100135803,0.41440001130104065
YPL154C,YJR010C-A,0,-0.81847537,0.06264133751392365,0.2770000100135803,0.41449999809265137
YLR320W,YMR097C,0,-0.818537,0.06262717396020889,0.2770000100135803,0.4146000146865845
YKR083C,YML027W,1,-0.818553,0.06283906102180481,0.27799999713897705,0.4146000146865845
YPR111W,YCR073W-A,0,-0.81858444,0.06282486021518707,0.27799999713897705,0.4147000014781952
YOR100C,YER143W,0,-0.8186277,0.06281066685914993,0.27799999713897705,0.4147999882698059
YBR026C,YMR288W,0,-0.8186916,0.06279647350311279,0.27799999713897705,0.414900004863739
YFL029C,YDL064W,1,-0.81894124,0.0630081295967102,0.27900001406669617,0.414900004863739
YPL132W,YOL055C,0,-0.8189812,0.06299390643835068,0.27900001406669617,0.41499999165534973
YJL092W,YJL036W,0,-0.81898487,0.06297968327999115,0.27900001406669617,0.41510000824928284
YPL069C,YKL125W,0,-0.81907535,0.06296546757221222,0.27900001406669617,0.41519999504089355
YPL082C,YDR165W,0,-0.81907725,0.06295126676559448,0.27900001406669617,0.41530001163482666
YPR001W,YML059C,0,-0.8196002,0.06293706595897675,0.27900001406669617,0.4153999984264374
YMR183C,YPL087W,0,-0.8199258,0.06292286515235901,0.27900001406669617,0.4154999852180481
YAL040C,YNL116W,1,-0.8201467,0.06313416361808777,0.2800000011920929,0.4154999852180481
YOL017W,YOR085W,0,-0.8201947,0.06311992555856705,0.2800000011920929,0.4156000018119812
YPL248C,YBL023C,0,-0.8203995,0.06310570240020752,0.2800000011920929,0.4156999886035919
YMR049C,YER094C,0,-0.82051647,0.06309147924184799,0.2800000011920929,0.415800005197525
YLR131C,YER177W,1,-0.82064354,0.06330254673957825,0.2809999883174896,0.415800005197525
YDR251W,YIL123W,0,-0.8207923,0.06328828632831573,0.2809999883174896,0.41589999198913574
YER155C,YMR316W,0,-0.82079566,0.06327404081821442,0.2809999883174896,0.41600000858306885
YLR329W,YKL122C,0,-0.82109845,0.0632597953081131,0.2809999883174896,0.41609999537467957
YJL092W,YNL107W,0,-0.8211665,0.06324555724859238,0.2809999883174896,0.41620001196861267
YNL139C,YLR466W,0,-0.82142544,0.06323132663965225,0.2809999883174896,0.4162999987602234
YFR027W,YML027W,1,-0.821705,0.06344206631183624,0.28200000524520874,0.4162999987602234
YCR065W,YAL047C,1,-0.82194555,0.06365272402763367,0.28299999237060547,0.4162999987602234
YLR157C,YKL025C,0,-0.8219714,0.06363841146230698,0.28299999237060547,0.4163999855518341
YOL133W,YHL007C,1,-0.8221959,0.06384892016649246,0.2840000092983246,0.4163999855518341
YGL006W,YER074W-A,0,-0.8225411,0.06383457034826279,0.2840000092983246,0.4165000021457672
YAL059W,YBR223C,0,-0.8227732,0.06382022798061371,0.2840000092983246,0.41659998893737793
YDR168W,YPR112C,0,-0.8228518,0.06380588561296463,0.2840000092983246,0.41670000553131104
YBR193C,YHL028W,0,-0.8230958,0.06379155069589615,0.2840000092983246,0.41679999232292175
YNL236W,YIL022W,0,-0.8231878,0.06377723067998886,0.2840000092983246,0.41690000891685486
YDR440W,YFL045C,0,-0.8236475,0.06376291066408157,0.2840000092983246,0.4169999957084656
YMR308C,YER074W-A,0,-0.82380104,0.06374859809875488,0.2840000092983246,0.4171000123023987
YPR046W,YPR052C,0,-0.82381856,0.06373429298400879,0.2840000092983246,0.4171999990940094
YBR093C,YDR379W,0,-0.82418346,0.0637199878692627,0.2840000092983246,0.4172999858856201
YDR480W,YML123C,0,-0.82424366,0.0637056976556778,0.2840000092983246,0.4174000024795532
YGL222C,YGL006W,0,-0.8245983,0.0636914074420929,0.2840000092983246,0.41749998927116394
YLR157C,YLR268W,0,-0.8246367,0.06367713212966919,0.2840000092983246,0.41760000586509705
YNR033W,YDR022C,0,-0.8246745,0.06366285681724548,0.2840000092983246,0.41769999265670776
YHL040C,YNL283C,0,-0.8250022,0.06364858895540237,0.2840000092983246,0.41780000925064087
YOR031W,YOL142W,0,-0.8252814,0.06363432854413986,0.2840000092983246,0.4178999960422516
YMR150C,YCR066W,0,-0.8254508,0.06362006813287735,0.2840000092983246,0.4180000126361847
YPL217C,YDR251W,0,-0.82550955,0.06360582262277603,0.2840000092983246,0.4180999994277954
YAL023C,YIL084C,0,-0.8255274,0.06359157711267471,0.2840000092983246,0.41819998621940613
YLR148W,YIL066C,0,-0.82559097,0.06357734650373459,0.2840000092983246,0.41830000281333923
YAL044C,YJR019C,0,-0.82560766,0.06356311589479446,0.2840000092983246,0.41839998960494995
YOR250C,YPL132W,0,-0.82611215,0.06354889273643494,0.2840000092983246,0.41850000619888306
YGR177C,YGR077C,0,-0.826174,0.063534677028656,0.2840000092983246,0.4185999929904938
YAL035W,YBR168W,0,-0.8262447,0.06352046877145767,0.2840000092983246,0.4187000095844269
YJR155W,YGR288W,0,-0.8265964,0.06350626051425934,0.2840000092983246,0.4187999963760376
YJL101C,YGL098W,0,-0.82669055,0.0634920671582222,0.2840000092983246,0.4189000129699707
YIR013C,YBR193C,0,-0.8267875,0.06347787380218506,0.2840000092983246,0.4189999997615814
YNR033W,YNL021W,0,-0.8269383,0.06346368789672852,0.2840000092983246,0.41909998655319214
YPL200W,YOR188W,0,-0.82693875,0.06344950944185257,0.2840000092983246,0.41920000314712524
YMR032W,YDR456W,0,-0.8271487,0.06343533843755722,0.2840000092983246,0.41929998993873596
YHR174W,YNL312W,0,-0.8272493,0.06342116743326187,0.2840000092983246,0.41940000653266907
YJL031C,YJR064W,0,-0.8273084,0.06340701133012772,0.2840000092983246,0.4194999933242798
YAR018C,YLR035C,0,-0.827626,0.06339285522699356,0.2840000092983246,0.4196000099182129
YMR275C,YKL144C,0,-0.8277956,0.06337870657444,0.2840000092983246,0.4196999967098236
YGL063W,YHR139C,0,-0.82784295,0.06336457282304764,0.2840000092983246,0.4198000133037567
YMR288W,YOR099W,0,-0.8278668,0.06335043162107468,0.2840000092983246,0.41990000009536743
YLR320W,YDR126W,0,-0.8279637,0.06333630532026291,0.2840000092983246,0.41999998688697815
YKR034W,YBR188C,0,-0.8280901,0.06332218647003174,0.2840000092983246,0.42010000348091125
YCL034W,YDL015C,0,-0.8281975,0.06330806761980057,0.2840000092983246,0.420199990272522
YMR033W,YDR252W,0,-0.82827675,0.06329396367073059,0.2840000092983246,0.4203000068664551
YOR099W,YPR178W,0,-0.82834625,0.06327985972166061,0.2840000092983246,0.4203999936580658
YDR258C,YOL031C,0,-0.82835615,0.06326576322317123,0.2840000092983246,0.4205000102519989
YBR136W,YOR160W,0,-0.82889736,0.06325166672468185,0.2840000092983246,0.4205999970436096
YDR106W,YOL133W,1,-0.8294586,0.06346025317907333,0.2849999964237213,0.4205999970436096
YDL059C,YKL020C,0,-0.82947016,0.06344612687826157,0.2849999964237213,0.4207000136375427
YNR017W,YGL098W,0,-0.8296145,0.0634320080280304,0.2849999964237213,0.42080000042915344
YHR158C,YOR344C,1,-0.82999754,0.06364040821790695,0.28600001335144043,0.42080000042915344
YGL187C,YPR002W,0,-0.8300109,0.0636262521147728,0.28600001335144043,0.42089998722076416
YDR224C,YDL112W,0,-0.830039,0.06361209601163864,0.28600001335144043,0.42100000381469727
YOR346W,YDR407C,0,-0.8302429,0.06359795480966568,0.28600001335144043,0.421099990606308
YCR010C,YOR347C,0,-0.83024526,0.06358381360769272,0.28600001335144043,0.4212000072002411
YIL153W,YDR201W,1,-0.8304709,0.06379195302724838,0.28700000047683716,0.4212000072002411
YDR040C,YCL059C,0,-0.8306656,0.06377777457237244,0.28700000047683716,0.4212999939918518
YDR106W,YMR036C,1,-0.83079934,0.06398577988147736,0.2879999876022339,0.4212999939918518
YGR163W,YNL328C,0,-0.8309231,0.06397157162427902,0.2879999876022339,0.4214000105857849
YLR113W,YKR081C,0,-0.83111286,0.06395736336708069,0.2879999876022339,0.42149999737739563
YNL111C,YFR009W,0,-0.83140147,0.06394316256046295,0.2879999876022339,0.42160001397132874
YPR122W,YLR010C,0,-0.831406,0.06392896920442581,0.2879999876022339,0.42170000076293945
YDL095W,YLR003C,0,-0.8316965,0.06391478329896927,0.2879999876022339,0.42179998755455017
YEL019C,YOL147C,0,-0.83195376,0.06390059739351273,0.2879999876022339,0.4219000041484833
YLR084C,YOR129C,0,-0.83252525,0.06388642638921738,0.2879999876022339,0.421999990940094
YML036W,YAL044C,0,-0.8326503,0.06387225538492203,0.2879999876022339,0.4221000075340271
YDR318W,YBR069C,0,-0.8327428,0.06385809183120728,0.2879999876022339,0.4221999943256378
YGR147C,YPL058C,0,-0.8327662,0.06384393572807312,0.2879999876022339,0.4223000109195709
YMR081C,YNL283C,0,-0.83284676,0.06382978707551956,0.2879999876022339,0.42239999771118164
YHR072W-A,YIL022W,0,-0.8328984,0.0638156458735466,0.2879999876022339,0.42250001430511475
YJL058C,YER166W,0,-0.8333075,0.06380150467157364,0.2879999876022339,0.42260000109672546
YDL175C,YPL018W,0,-0.8333305,0.06378737837076187,0.2879999876022339,0.4226999878883362
YLR051C,YNL329C,0,-0.8333547,0.0637732520699501,0.2879999876022339,0.4228000044822693
YML036W,YBR069C,0,-0.8333547,0.06375913321971893,0.2879999876022339,0.42289999127388
YBR038W,YGR241C,0,-0.8336122,0.06374502182006836,0.2879999876022339,0.4230000078678131
YLR141W,YGR185C,0,-0.8336295,0.06373091042041779,0.2879999876022339,0.42309999465942383
YCR040W,YOL091W,0,-0.83374095,0.0637168139219284,0.2879999876022339,0.42320001125335693
YGR177C,YDR040C,0,-0.833807,0.06370271742343903,0.2879999876022339,0.42329999804496765
YGR163W,YOR049C,0,-0.8338512,0.06368863582611084,0.2879999876022339,0.42340001463890076
YJL125C,YER094C,0,-0.83385694,0.06367455422878265,0.2879999876022339,0.4235000014305115
YNL231C,YHR030C,0,-0.83393836,0.06366048008203506,0.2879999876022339,0.4235999882221222
YGL021W,YDL132W,1,-0.83430076,0.06386740505695343,0.289000004529953,0.4235999882221222
YIL103W,YLL040C,0,-0.8343533,0.06385329365730286,0.289000004529953,0.4237000048160553
YPL119C,YIL118W,0,-0.8346026,0.06383918970823288,0.289000004529953,0.423799991607666
YPL228W,YNL244C,0,-0.83469,0.0638250857591629,0.289000004529953,0.4239000082015991
YGR037C,YGR092W,0,-0.83513474,0.06381099671125412,0.289000004529953,0.42399999499320984
YKR083C,YER089C,1,-0.8352623,0.06401766091585159,0.28999999165534973,0.42399999499320984
YKL045W,YER074W-A,0,-0.83542824,0.06400353461503983,0.28999999165534973,0.42410001158714294
YIL021W,YGR197C,0,-0.83556545,0.06398940831422806,0.28999999165534973,0.42419999837875366
YDR168W,YLR405W,0,-0.83558834,0.06397528946399689,0.28999999165534973,0.4242999851703644
YGL078C,YOL147C,0,-0.83563185,0.06396118551492691,0.28999999165534973,0.4244000017642975
YPL267W,YNL161W,1,-0.83568513,0.06416758894920349,0.29100000858306885,0.4244000017642975
YLR318W,YDR272W,0,-0.835691,0.06415344029664993,0.29100000858306885,0.4244999885559082
YCR005C,YBR065C,0,-0.83600056,0.06413929909467697,0.29100000858306885,0.4246000051498413
YLR320W,YER162C,0,-0.8361677,0.0641251653432846,0.29100000858306885,0.424699991941452
YKL165C,YDR392W,0,-0.8364998,0.06411103904247284,0.29100000858306885,0.42480000853538513
YHR067W,YOR243C,0,-0.8365567,0.06409691274166107,0.29100000858306885,0.42489999532699585
YIL124W,YMR030W,0,-0.8366196,0.0640828013420105,0.29100000858306885,0.42500001192092896
YOL078W,YPR052C,0,-0.83663356,0.06406868994235992,0.29100000858306885,0.4250999987125397
YIL124W,YNL231C,0,-0.83681583,0.06405458599328995,0.29100000858306885,0.4251999855041504
YML086C,YPL058C,0,-0.8369627,0.06404048949480057,0.29100000858306885,0.4253000020980835
YAR015W,YLR466W,0,-0.8370017,0.06402640044689178,0.29100000858306885,0.4253999888896942
YCL026C-A,YOR380W,0,-0.83701587,0.0640123188495636,0.29100000858306885,0.4255000054836273
YGL200C,YPR134W,0,-0.8370179,0.06399823725223541,0.29100000858306885,0.42559999227523804
YDR252W,YHR073W,0,-0.8370882,0.06398417055606842,0.29100000858306885,0.42570000886917114
YFL029C,YKR054C,1,-0.83720493,0.06418993324041367,0.2919999957084656,0.42570000886917114
YFL056C,YHR161C,0,-0.83722174,0.06417582184076309,0.2919999957084656,0.42579999566078186
YIL149C,YBR105C,0,-0.837384,0.06416172534227371,0.2919999957084656,0.42590001225471497
YNR057C,YIL014W,0,-0.83742404,0.06414762884378433,0.2919999957084656,0.4259999990463257
YML077W,YBL003C,0,-0.8374679,0.06413353979587555,0.2919999957084656,0.4260999858379364
YNL142W,YMR182C,0,-0.83751214,0.06411945819854736,0.2919999957084656,0.4262000024318695
YFR034C,YDR235W,0,-0.8380922,0.06410537660121918,0.2919999957084656,0.4262999892234802
YNL148C,YJL093C,0,-0.8381027,0.06409130990505219,0.2919999957084656,0.42640000581741333
YFR008W,YNL287W,0,-0.8385,0.06407724320888519,0.2919999957084656,0.42649999260902405
YBR213W,YKR029C,0,-0.83870065,0.0640631839632988,0.2919999957084656,0.42660000920295715
YBR155W,YDR418W,0,-0.83870757,0.064049132168293,0.2919999957084656,0.42669999599456787
YHR015W,YMR293C,0,-0.8387387,0.0640350878238678,0.2919999957084656,0.426800012588501
YDL132W,YAL040C,1,-0.83881664,0.06424029916524887,0.2930000126361847,0.426800012588501
YLR074C,YJL026W,0,-0.8389101,0.06422621756792068,0.2930000126361847,0.4268999993801117
YOL016C,YLR342W,0,-0.83905566,0.0642121434211731,0.2930000126361847,0.4269999861717224
YMR048W,YHL007C,1,-0.8390814,0.06441717594861984,0.2939999997615814,0.4269999861717224
YOR002W,YOL091W,0,-0.8391353,0.06440306454896927,0.2939999997615814,0.4271000027656555
YGL065C,YBL003C,0,-0.8391702,0.06438896059989929,0.2939999997615814,0.42719998955726624
YBR129C,YNL025C,0,-0.8392062,0.06437486410140991,0.2939999997615814,0.42730000615119934
YDR397C,YDR330W,0,-0.8392545,0.06436076760292053,0.2939999997615814,0.42739999294281006
YPR122W,YIL022W,0,-0.8392606,0.06434668600559235,0.2939999997615814,0.42750000953674316
YJR112W,YCR057C,0,-0.83943594,0.06433260440826416,0.2939999997615814,0.4275999963283539
YNL328C,YDR478W,0,-0.8394811,0.06431853026151657,0.2939999997615814,0.427700012922287
YJR160C,YMR026C,0,-0.83952415,0.06430446356534958,0.2939999997615814,0.4277999997138977
YPL127C,YNL214W,0,-0.8399172,0.06429039686918259,0.2939999997615814,0.4278999865055084
YDR173C,YCR040W,0,-0.8401606,0.06427634507417679,0.2939999997615814,0.42800000309944153
YDL132W,YOR326W,1,-0.8408165,0.06448087096214294,0.29499998688697815,0.42800000309944153
YGL021W,YKR054C,1,-0.8408302,0.06468531489372253,0.29600000381469727,0.42800000309944153
YHR073W,YGL063W,0,-0.8408773,0.06467118114233017,0.29600000381469727,0.42809998989105225
YCR052W,YHR178W,0,-0.84089875,0.0646570548415184,0.29600000381469727,0.42820000648498535
YDR263C,YOL017W,0,-0.84097886,0.06464293599128723,0.29600000381469727,0.42829999327659607
YDL132W,YIL031W,1,-0.8411453,0.06484716385602951,0.296999990940094,0.42829999327659607
YER177W,YIL153W,1,-0.84139097,0.06505130231380463,0.2980000078678131,0.42829999327659607
YGL206C,YIL009W,0,-0.84149265,0.06503710150718689,0.2980000078678131,0.4284000098705292
YAL044C,YDL207W,0,-0.84174144,0.06502290815114975,0.2980000078678131,0.4284999966621399
YML036W,YDR009W,0,-0.8424431,0.0650087296962738,0.2980000078678131,0.428600013256073
YCL059C,YCL061C,0,-0.84256065,0.06499454379081726,0.2980000078678131,0.4287000000476837
YGL086W,YMR190C,1,-0.8426293,0.06519842892885208,0.29899999499320984,0.4287000000476837
YJL063C,YNL329C,0,-0.8426597,0.06518421322107315,0.29899999499320984,0.42879998683929443
YPL154C,YOR191W,0,-0.8427888,0.06517001241445541,0.29899999499320984,0.42890000343322754
YDR439W,YHL011C,0,-0.84279335,0.06515580415725708,0.29899999499320984,0.42899999022483826
YNL117W,YLR006C,0,-0.8429074,0.06514161080121994,0.29899999499320984,0.42910000681877136
YIL153W,YDR310C,1,-0.8429533,0.06534524261951447,0.30000001192092896,0.42910000681877136
YNL214W,YER074W-A,0,-0.8430786,0.06533101201057434,0.30000001192092896,0.4291999936103821
YNL003C,YOL091W,0,-0.8431189,0.06531678885221481,0.30000001192092896,0.4293000102043152
YMR036C,YOR326W,1,-0.843194,0.06552024185657501,0.3009999990463257,0.4293000102043152
YER030W,YHR174W,0,-0.8434864,0.0655059814453125,0.3009999990463257,0.4293999969959259
YLR431C,YNL278W,0,-0.8436333,0.06549172848463058,0.3009999990463257,0.429500013589859
YER094C,YDR083W,0,-0.8436346,0.06547748297452927,0.3009999990463257,0.4296000003814697
YMR311C,YNL333W,0,-0.8441628,0.06546324491500854,0.3009999990463257,0.42969998717308044
YPL069C,YCL039W,0,-0.8445003,0.06544901430606842,0.3009999990463257,0.42980000376701355
YJR093C,YOL002C,0,-0.8445529,0.0654347836971283,0.3009999990463257,0.42989999055862427
YLR285W,YNL025C,0,-0.84466815,0.06542056053876877,0.3009999990463257,0.4300000071525574
YPR046W,YDL059C,0,-0.84468186,0.06540634483098984,0.3009999990463257,0.4300999939441681
YGR288W,YPR046W,0,-0.8450711,0.0653921365737915,0.3009999990463257,0.4302000105381012
YDR310C,YOR344C,1,-0.8451148,0.06559513509273529,0.3019999861717224,0.4302000105381012
YIL098C,YPR187W,0,-0.8452554,0.06558088958263397,0.3019999861717224,0.4302999973297119
YGR006W,YDR240C,0,-0.8452972,0.06556665152311325,0.3019999861717224,0.430400013923645
YMR163C,YPL154C,0,-0.8454441,0.06555242091417313,0.3019999861717224,0.43050000071525574
YGR288W,YKL119C,0,-0.84553826,0.0655381977558136,0.3019999861717224,0.43059998750686646
YBR129C,YAL023C,0,-0.8456603,0.06552397459745407,0.3019999861717224,0.43070000410079956
YPL127C,YIL061C,0,-0.84601617,0.06550975888967514,0.3019999861717224,0.4307999908924103
YJL058C,YNL318C,0,-0.8466985,0.0654955506324768,0.3019999861717224,0.4309000074863434
YGR227W,YOR084W,0,-0.846704,0.06548134982585907,0.3019999861717224,0.4309999942779541
YML086C,YKR034W,0,-0.84676623,0.06546715646982193,0.3019999861717224,0.4311000108718872
YKL006C-A,YDR240C,0,-0.84719574,0.06545297056436539,0.3019999861717224,0.4311999976634979
YKL150W,YKL006C-A,0,-0.847198,0.06543878465890884,0.3019999861717224,0.43130001425743103
YOL071W,YNL236W,0,-0.84744906,0.0654246136546135,0.3019999861717224,0.43140000104904175
YIL051C,YJL139C,0,-0.8474946,0.06541044265031815,0.3019999861717224,0.43149998784065247
YGR037C,YPL050C,0,-0.8476428,0.0653962790966034,0.3019999861717224,0.43160000443458557
YNL037C,YER178W,0,-0.8476876,0.06538211554288864,0.3019999861717224,0.4316999912261963
YPL116W,YKR055W,0,-0.847731,0.06536796689033508,0.3019999861717224,0.4318000078201294
YLR051C,YCR081W,0,-0.847731,0.06535381823778152,0.3019999861717224,0.4318999946117401
YER008C,YHR163W,0,-0.847813,0.06533967703580856,0.3019999861717224,0.4320000112056732
YBR061C,YOR229W,0,-0.84798133,0.0653255432844162,0.3019999861717224,0.43209999799728394
YJR093C,YPL058C,0,-0.8481134,0.06531141698360443,0.3019999861717224,0.43220001459121704
YKR028W,YML027W,1,-0.8481256,0.06551351398229599,0.30300000309944153,0.43220001459121704
YGL065C,YLR051C,0,-0.84818447,0.06549935042858124,0.30300000309944153,0.43230000138282776
YHR164C,YPR112C,0,-0.8483597,0.06548519432544708,0.30300000309944153,0.4323999881744385
YOR231W,YBR182C,0,-0.8484286,0.06547104567289352,0.30300000309944153,0.4325000047683716
YIL014W,YOR162C,0,-0.848511,0.06545690447092056,0.30300000309944153,0.4325999915599823
YOR231W,YCR066W,0,-0.848578,0.0654427632689476,0.30300000309944153,0.4327000081539154
YMR219W,YPL050C,0,-0.84881616,0.06542862951755524,0.30300000309944153,0.4327999949455261
YER143W,YLR357W,0,-0.8488233,0.06541451066732407,0.30300000309944153,0.43290001153945923
YLR095C,YPL157W,0,-0.84908783,0.0654003918170929,0.30300000309944153,0.43299999833106995
YGL223C,YOR045W,0,-0.8491496,0.06538627296686172,0.30300000309944153,0.43309998512268066
YMR116C,YKL144C,0,-0.84937453,0.06537216901779175,0.30300000309944153,0.43320000171661377
YJR139C,YDR478W,0,-0.8498783,0.06535806506872177,0.30300000309944153,0.4332999885082245
YNL153C,YDR126W,0,-0.85008454,0.06534397602081299,0.30300000309944153,0.4334000051021576
YGR288W,YOR229W,0,-0.8501618,0.0653298869729042,0.30300000309944153,0.4334999918937683
YNL031C,YJR019C,0,-0.85022235,0.06531579792499542,0.30300000309944153,0.4336000084877014
YKR029C,YDR346C,0,-0.8502904,0.06530172377824783,0.30300000309944153,0.43369999527931213
YMR308C,YCR066W,0,-0.850322,0.06528765708208084,0.30300000309944153,0.43380001187324524
YMR288W,YDR258C,0,-0.8503727,0.06527359038591385,0.30300000309944153,0.43389999866485596
YLR131C,YHR191C,1,-0.85055935,0.06547490507364273,0.30399999022483826,0.43389999866485596
YOL031C,YKL079W,0,-0.8512335,0.06546080857515335,0.30399999022483826,0.4339999854564667
YFL039C,YMR168C,1,-0.8516115,0.06566200405359268,0.3050000071525574,0.4339999854564667
YBR026C,YPR002W,0,-0.85170376,0.06564787030220032,0.3050000071525574,0.4341000020503998
YER044C,YDR235W,0,-0.8518039,0.06563374400138855,0.3050000071525574,0.4341999888420105
YDR252W,YKL110C,0,-0.8518622,0.06561961770057678,0.3050000071525574,0.4343000054359436
YNL318C,YCR018C,0,-0.8522569,0.06560550630092621,0.3050000071525574,0.4343999922275543
YDR294C,YER095W,0,-0.8523797,0.06559139490127563,0.3050000071525574,0.4345000088214874
YLR002C,YIL061C,0,-0.8524426,0.06557729840278625,0.3050000071525574,0.43459999561309814
YAR015W,YKR055W,0,-0.8524611,0.06556320190429688,0.3050000071525574,0.43470001220703125
YBR110W,YMR116C,0,-0.8525288,0.0655491054058075,0.3050000071525574,0.43479999899864197
YPR002W,YOR129C,0,-0.85257506,0.06553502380847931,0.3050000071525574,0.4348999857902527
YGR077C,YDR240C,0,-0.85258293,0.06552094221115112,0.3050000071525574,0.4350000023841858
YLR095C,YOR045W,0,-0.85268474,0.06550687551498413,0.3050000071525574,0.4350999891757965
YLR035C,YJR132W,0,-0.8528259,0.06549280881881714,0.3050000071525574,0.4352000057697296
YLR160C,YIL022W,0,-0.8528265,0.06547874957323074,0.3050000071525574,0.43529999256134033
YGL223C,YNL111C,0,-0.8531828,0.06546469032764435,0.3050000071525574,0.43540000915527344
YKL017C,YPL106C,0,-0.8532145,0.06545064598321915,0.3050000071525574,0.43549999594688416
YER044C,YGL172W,0,-0.853269,0.06543660163879395,0.3050000071525574,0.43560001254081726
YGR109C,YNL116W,1,-0.85339177,0.06563706696033478,0.3059999942779541,0.43560001254081726
YLR157C,YOL147C,0,-0.8535135,0.06562299281358719,0.3059999942779541,0.435699999332428
YBR095C,YOR315W,0,-0.8535397,0.0656089186668396,0.3059999942779541,0.4357999861240387
YOL111C,YOR188W,0,-0.85373807,0.06559485197067261,0.3059999942779541,0.4359000027179718
YKL120W,YDR126W,0,-0.85398793,0.06558080017566681,0.3059999942779541,0.4359999895095825
YGL187C,YFR034C,0,-0.8541224,0.06556674838066101,0.3059999942779541,0.4361000061035156
YPL058C,YPL154C,0,-0.8541961,0.06555269658565521,0.3059999942779541,0.43619999289512634
YCL026C-A,YHR150W,0,-0.8541964,0.06553865969181061,0.3059999942779541,0.43630000948905945
YNR057C,YNL312W,0,-0.8542367,0.065524622797966,0.3059999942779541,0.43639999628067017
YLL043W,YBR136W,0,-0.85496676,0.06551060080528259,0.3059999942779541,0.43650001287460327
YGR288W,YML011C,0,-0.85504246,0.06549657881259918,0.3059999942779541,0.436599999666214
YMR069W,YMR053C,0,-0.85504687,0.06548255681991577,0.3059999942779541,0.4366999864578247
YPL200W,YPR111W,0,-0.855047,0.06546854972839355,0.3059999942779541,0.4368000030517578
YJL060W,YIL021W,0,-0.8550714,0.06545454263687134,0.3059999942779541,0.43689998984336853
YPL217C,YJR010C-A,0,-0.85529935,0.06544055044651031,0.3059999942779541,0.43700000643730164
YJL092W,YJR007W,0,-0.8554143,0.06542655825614929,0.3059999942779541,0.43709999322891235
YKR036C,YOR346W,0,-0.8560747,0.06541256606578827,0.3059999942779541,0.43720000982284546
YER089C,YML027W,1,-0.85608315,0.0656123086810112,0.3070000112056732,0.43720000982284546
YLR304C,YCR052W,0,-0.85615575,0.06559829413890839,0.3070000112056732,0.4372999966144562
YJR047C,YPL213W,0,-0.8562498,0.06558427959680557,0.3070000112056732,0.4374000132083893
YCR048W,YLR200W,0,-0.8563025,0.06557027250528336,0.3070000112056732,0.4375
YMR311C,YPL050C,0,-0.8563571,0.06555626541376114,0.3070000112056732,0.4375999867916107
YLR102C,YHR158C,1,-0.85665953,0.06575576215982437,0.30799999833106995,0.4375999867916107
YOR100C,YML076C,0,-0.85671675,0.06574172526597977,0.30799999833106995,0.4377000033855438
YIR033W,YJL036W,0,-0.8567618,0.06572769582271576,0.30799999833106995,0.43779999017715454
YJL031C,YLR059C,0,-0.8570626,0.06571367383003235,0.30799999833106995,0.43790000677108765
YLR318W,YLR113W,0,-0.85711527,0.06569965928792953,0.30799999833106995,0.43799999356269836
YPL200W,YKR034W,0,-0.8574778,0.06568564474582672,0.30799999833106995,0.43810001015663147
YKL165C,YDR435C,0,-0.85751474,0.0656716451048851,0.30799999833106995,0.4381999969482422
YAL056W,YJR112W,0,-0.8577119,0.06565764546394348,0.30799999833106995,0.4383000135421753
YER095W,YOR213C,0,-0.85773635,0.06564364582300186,0.30799999833106995,0.438400000333786
YPR164W,YBR260C,0,-0.857757,0.06562966108322144,0.30799999833106995,0.43849998712539673
YDL015C,YHL028W,0,-0.8579873,0.06561567634344101,0.30799999833106995,0.43860000371932983
YML006C,YJR069C,0,-0.85800636,0.06560170650482178,0.30799999833106995,0.43869999051094055
YDR345C,YOR322C,0,-0.85806894,0.06558773666620255,0.30799999833106995,0.43880000710487366
YNL153C,YJL092W,0,-0.85811424,0.06557376682758331,0.30799999833106995,0.4388999938964844
YOR319W,YBR136W,0,-0.85862434,0.06555981189012527,0.30799999833106995,0.4390000104904175
YKL079W,YER074W-A,0,-0.85898113,0.06554586440324783,0.30799999833106995,0.4390999972820282
YDR263C,YDR456W,0,-0.859249,0.06553191691637039,0.30799999833106995,0.4392000138759613
YCL061C,YGR280C,0,-0.8594053,0.06551797688007355,0.30799999833106995,0.439300000667572
YGL187C,YOR179C,0,-0.8594749,0.0655040442943573,0.30799999833106995,0.43939998745918274
YER177W,YMR168C,1,-0.85959077,0.06570274382829666,0.3089999854564667,0.43939998745918274
YLL042C,YJR069C,0,-0.85973716,0.06568877398967743,0.3089999854564667,0.43950000405311584
YNL142W,YLR268W,0,-0.8598654,0.0656748116016388,0.3089999854564667,0.43959999084472656
YMR303C,YPL154C,0,-0.8599385,0.06566085666418076,0.3089999854564667,0.43970000743865967
YGL016W,YKR055W,0,-0.860286,0.06564690917730331,0.3089999854564667,0.4397999942302704
YFR046C,YPR187W,0,-0.86032546,0.06563296169042587,0.3089999854564667,0.4399000108242035
YDR188W,YFL060C,0,-0.86056936,0.06561902910470963,0.3089999854564667,0.4399999976158142
YPL116W,YMR044W,0,-0.860615,0.06560509651899338,0.3089999854564667,0.4401000142097473
YOR250C,YLR270W,0,-0.8608391,0.06559117138385773,0.3089999854564667,0.44020000100135803
YDR252W,YOL146W,0,-0.86125267,0.06557724624872208,0.3089999854564667,0.44029998779296875
YOR380W,YMR183C,0,-0.86137736,0.06556333601474762,0.3089999854564667,0.44040000438690186
YIL098C,YOR294W,0,-0.8615086,0.06554942578077316,0.3089999854564667,0.4404999911785126
YPL082C,YML025C,0,-0.8615813,0.0655355229973793,0.3089999854564667,0.4406000077724457
YLR109W,YMR081C,0,-0.86165917,0.06552162766456604,0.3089999854564667,0.4406999945640564
YDL095W,YOR353C,0,-0.8617854,0.06550773978233337,0.3089999854564667,0.4408000111579895
YGL021W,YML027W,1,-0.86181974,0.065705806016922,0.3100000023841858,0.4408000111579895
YNL161W,YER089C,1,-0.8619101,0.06590379029512405,0.3109999895095825,0.4408000111579895
YMR275C,YDR469W,0,-0.86204624,0.06588982790708542,0.3109999895095825,0.4408999979496002
YNL025C,YNL283C,0,-0.8621317,0.06587587296962738,0.3109999895095825,0.4410000145435333
YPL267W,YMR168C,1,-0.8622867,0.0660737007856369,0.31200000643730164,0.4410000145435333
YHR059W,YOR380W,0,-0.86231947,0.06605970859527588,0.31200000643730164,0.44110000133514404
YJR069C,YLL013C,0,-0.8627536,0.06604572385549545,0.31200000643730164,0.44119998812675476
YOL002C,YKR031C,0,-0.8629755,0.06603174656629562,0.31200000643730164,0.44130000472068787
YGR044C,YOR049C,0,-0.8629888,0.06601777672767639,0.31200000643730164,0.4413999915122986
YGL001C,YJL186W,0,-0.8635193,0.06600380688905716,0.31200000643730164,0.4415000081062317
YGL254W,YPR110C,0,-0.8636427,0.06598984450101852,0.31200000643730164,0.4415999948978424
YPL050C,YPL087W,0,-0.86387265,0.06597589701414108,0.31200000643730164,0.4417000114917755
YPL128C,YLR417W,0,-0.86392343,0.06596194207668304,0.31200000643730164,0.44179999828338623
YDL137W,YMR081C,0,-0.863927,0.0659480020403862,0.31200000643730164,0.44190001487731934
YIL098C,YGR085C,0,-0.8640249,0.06593406945466995,0.31200000643730164,0.44200000166893005
YCR066W,YDR400W,0,-0.86405253,0.0659201368689537,0.31200000643730164,0.44209998846054077
YBL045C,YER174C,0,-0.8644444,0.06590621173381805,0.31200000643730164,0.4422000050544739
YMR081C,YOR295W,0,-0.86453927,0.065892294049263,0.31200000643730164,0.4422999918460846
YJL095W,YBR093C,0,-0.8645674,0.06587837636470795,0.31200000643730164,0.4424000084400177
YDR085C,YJR160C,0,-0.8645841,0.06586447358131409,0.31200000643730164,0.4424999952316284
YOR032C,YCL061C,0,-0.86461174,0.06585057079792023,0.31200000643730164,0.4426000118255615
YKR034W,YLR268W,0,-0.8646419,0.06583667546510696,0.31200000643730164,0.44269999861717224
YBR168W,YNL333W,0,-0.86473143,0.0658227875828743,0.31200000643730164,0.44279998540878296
YCR098C,YER129W,0,-0.8648255,0.06580889970064163,0.31200000643730164,0.44290000200271606
YCR002C,YKR081C,0,-0.8648659,0.06579502671957016,0.31200000643730164,0.4429999887943268
YPL116W,YDR435C,0,-0.86503005,0.06578115373849869,0.31200000643730164,0.4431000053882599
YBR009C,YOR174W,0,-0.8651817,0.06576728820800781,0.31200000643730164,0.4431999921798706
YNL236W,YOR060C,0,-0.86529136,0.06575342267751694,0.31200000643730164,0.4433000087738037
YJR155W,YBR213W,0,-0.8654245,0.06573957204818726,0.31200000643730164,0.44339999556541443
YMR049C,YNL021W,0,-0.86551595,0.06572572141885757,0.31200000643730164,0.44350001215934753
YHL038C,YML047C,0,-0.8655218,0.06571187824010849,0.31200000643730164,0.44359999895095825
YDR052C,YEL069C,0,-0.865757,0.06569804251194,0.31200000643730164,0.44369998574256897
YIL009W,YJR112W,0,-0.8658956,0.06568421423435211,0.31200000643730164,0.4438000023365021
YOL002C,YDL046W,0,-0.8659383,0.06567038595676422,0.31200000643730164,0.4438999891281128
YOR031W,YFR008W,0,-0.8659384,0.06565656512975693,0.31200000643730164,0.4440000057220459
YKR037C,YOR344C,1,-0.8659431,0.06585314869880676,0.31299999356269836,0.4440000057220459
YGR006W,YJL036W,0,-0.86621666,0.06583929061889648,0.31299999356269836,0.4440999925136566
YBR136W,YOL128C,0,-0.8662678,0.0658254474401474,0.31299999356269836,0.4442000091075897
YMR033W,YJR019C,0,-0.86650574,0.06581160426139832,0.31299999356269836,0.44429999589920044
YHR008C,YPL106C,0,-0.86662066,0.06579776853322983,0.31299999356269836,0.44440001249313354
YPL200W,YBR073W,0,-0.86685455,0.06578394025564194,0.31299999356269836,0.44449999928474426
YOR329C,YHR163W,0,-0.86689854,0.06577011942863464,0.31299999356269836,0.444599986076355
YLR318W,YLL021W,0,-0.86693716,0.06575630605220795,0.31299999356269836,0.4447000026702881
YER044C,YPR042C,0,-0.8670099,0.06574249267578125,0.31299999356269836,0.4447999894618988
YNR016C,YDR322C-A,0,-0.8671459,0.06572868674993515,0.31299999356269836,0.4449000060558319
YPR001W,YDL002C,0,-0.8671695,0.06571488827466965,0.31299999356269836,0.4449999928474426
YPR001W,YLR033W,0,-0.86761796,0.06570108979940414,0.31299999356269836,0.44510000944137573
YJL058C,YDR188W,0,-0.867658,0.06568730622529984,0.31299999356269836,0.44519999623298645
YHR079C,YER127W,0,-0.8679093,0.06567352265119553,0.31299999356269836,0.44530001282691956
YOR174W,YHR023W,0,-0.8680656,0.06565974652767181,0.31299999356269836,0.4453999996185303
YCR089W,YLR320W,0,-0.86862147,0.0656459704041481,0.31299999356269836,0.445499986410141
YJR057W,YHL028W,0,-0.86867034,0.06563220918178558,0.31299999356269836,0.4456000030040741
YJR057W,YHR196W,0,-0.8686912,0.06561844795942307,0.31299999356269836,0.4456999897956848
YBR009C,YAR018C,0,-0.8686975,0.06560469418764114,0.31299999356269836,0.4458000063896179
YGL058W,YOR162C,0,-0.8687551,0.06559094786643982,0.31299999356269836,0.44589999318122864
YHL038C,YLR381W,0,-0.86877155,0.0655772015452385,0.31299999356269836,0.44600000977516174
YLR075W,YOL128C,0,-0.86877286,0.06556347012519836,0.31299999356269836,0.44609999656677246
YGR178C,YBL061C,0,-0.8699559,0.06554973870515823,0.31299999356269836,0.44620001316070557
YGL240W,YNL068C,1,-0.8706014,0.06574539095163345,0.3140000104904175,0.44620001316070557
YMR069W,YLR396C,0,-0.8706058,0.06573162972927094,0.3140000104904175,0.4462999999523163
YLR304C,YGL206C,0,-0.8706181,0.06571787595748901,0.3140000104904175,0.446399986743927
YIR008C,YGR085C,0,-0.8706478,0.06570412218570709,0.3140000104904175,0.4465000033378601
YBL045C,YDR330W,0,-0.8707074,0.06569037586450577,0.3140000104904175,0.4465999901294708
YGR140W,YMR168C,1,-0.8710122,0.06588579714298248,0.3149999976158142,0.4465999901294708
YJL168C,YPL157W,0,-0.8710406,0.06587202101945877,0.3149999976158142,0.44670000672340393
YJR017C,YPR110C,0,-0.8710481,0.06585824489593506,0.3149999976158142,0.44679999351501465
YJL101C,YBR143C,0,-0.8711481,0.06584448367357254,0.3149999976158142,0.44690001010894775
YML077W,YDL055C,0,-0.87163603,0.06583072245121002,0.3149999976158142,0.44699999690055847
YBR164C,YEL019C,0,-0.871871,0.0658169686794281,0.3149999976158142,0.4471000134944916
YGL206C,YKL020C,0,-0.8718811,0.06580321490764618,0.3149999976158142,0.4472000002861023
YDR252W,YDL015C,0,-0.8719845,0.06578947603702545,0.3149999976158142,0.447299987077713
YFR034C,YGR063C,0,-0.8719969,0.06577573716640472,0.3149999976158142,0.4474000036716461
YIR033W,YBL061C,0,-0.8722025,0.0657620057463646,0.3149999976158142,0.44749999046325684
YMR150C,YHR178W,0,-0.8726474,0.06574827432632446,0.3149999976158142,0.44760000705718994
YJR047C,YNL310C,0,-0.8726579,0.06573455780744553,0.3149999976158142,0.44769999384880066
YNL244C,YGR047C,0,-0.8726977,0.06572084128856659,0.3149999976158142,0.44780001044273376
YDR252W,YJL125C,0,-0.8727641,0.06570713222026825,0.3149999976158142,0.4478999972343445
YNL084C,YGR280C,0,-0.8727952,0.0656934306025505,0.3149999976158142,0.4480000138282776
YDR294C,YOR266W,0,-0.87292504,0.06567973643541336,0.3149999976158142,0.4481000006198883
YOR095C,YBR130C,0,-0.8730396,0.06566604226827621,0.3149999976158142,0.448199987411499
YDL145C,YNL142W,0,-0.87333333,0.06565235555171967,0.3149999976158142,0.44830000400543213
YIL110W,YNL310C,0,-0.8733678,0.06563867628574371,0.3149999976158142,0.44839999079704285
YNL003C,YPR132W,0,-0.8735037,0.06562499701976776,0.3149999976158142,0.44850000739097595
YKL007W,YIL103W,0,-0.8737719,0.065611332654953,0.3149999976158142,0.44859999418258667
YGL222C,YDR330W,0,-0.8739704,0.06559766829013824,0.3149999976158142,0.4487000107765198
YGL247W,YHR160C,0,-0.87416303,0.06558401137590408,0.3149999976158142,0.4487999975681305
YLR131C,YGL086W,1,-0.87445295,0.06577851623296738,0.3160000145435333,0.4487999975681305
YAL007C,YNL021W,0,-0.87450707,0.06576482951641083,0.3160000145435333,0.4489000141620636
YMR049C,YHL025W,0,-0.87454426,0.06575114279985428,0.3160000145435333,0.4490000009536743
YJL101C,YDR227W,0,-0.87455416,0.06573746353387833,0.3160000145435333,0.44909998774528503
YMR150C,YOR098C,0,-0.8746028,0.06572379171848297,0.3160000145435333,0.44920000433921814
YHR164C,YHR015W,0,-0.87466085,0.06571012735366821,0.3160000145435333,0.44929999113082886
YLR109W,YHR164C,0,-0.87478054,0.06569646298885345,0.3160000145435333,0.44940000772476196
YHR034C,YCR028C-A,0,-0.8752017,0.06568281352519989,0.3160000145435333,0.4494999945163727
YDL132W,YNL068C,1,-0.8753365,0.06587697565555573,0.31700000166893005,0.4494999945163727
YGL006W,YMR183C,0,-0.8755398,0.06586328893899918,0.31700000166893005,0.4496000111103058
YDL002C,YJL093C,0,-0.8756461,0.06584960222244263,0.31700000166893005,0.4496999979019165
YGR037C,YNL317W,0,-0.87588465,0.06583593040704727,0.31700000166893005,0.4498000144958496
YHR163W,YOR295W,0,-0.8761678,0.06582225859165192,0.31700000166893005,0.4499000012874603
YLL013C,YGR285C,0,-0.8763063,0.06580859422683716,0.31700000166893005,0.44999998807907104
YGL180W,YDR191W,0,-0.8763485,0.065794937312603,0.31700000166893005,0.45010000467300415
YPL133C,YCR018C,0,-0.8765402,0.06578128039836884,0.31700000166893005,0.45019999146461487
YIL084C,YLR275W,0,-0.87659705,0.06576763838529587,0.31700000166893005,0.450300008058548
YHR154W,YMR293C,0,-0.87671113,0.0657539963722229,0.31700000166893005,0.4503999948501587
YDL175C,YBL045C,0,-0.8768277,0.06574035435914993,0.31700000166893005,0.4505000114440918
YBR009C,YDR083W,0,-0.87689793,0.06572672724723816,0.31700000166893005,0.4505999982357025
YOR250C,YLL027W,0,-0.8769058,0.06571310013532639,0.31700000166893005,0.4507000148296356
YGL247W,YCL061C,0,-0.8769089,0.06569948047399521,0.31700000166893005,0.45080000162124634
YJL031C,YOR047C,0,-0.8771864,0.06568586826324463,0.31700000166893005,0.45089998841285706
YAR015W,YDL175C,0,-0.87733674,0.06567226350307465,0.31700000166893005,0.45100000500679016
YBR042C,YOR353C,0,-0.8773385,0.06565865874290466,0.31700000166893005,0.4510999917984009
YOR266W,YDL059C,0,-0.87745035,0.06564506143331528,0.31700000166893005,0.451200008392334
YFL057C,YFL060C,0,-0.8777722,0.06563147157430649,0.31700000166893005,0.4512999951839447
YOL091W,YNL222W,0,-0.87783,0.0656178817152977,0.31700000166893005,0.4514000117778778
YNL021W,YOR043W,0,-0.8778304,0.0656043067574501,0.31700000166893005,0.4514999985694885
YKL206C,YGR085C,0,-0.87789917,0.06559073179960251,0.31700000166893005,0.45159998536109924
YBL040C,YJL219W,0,-0.87802625,0.06557716429233551,0.31700000166893005,0.45170000195503235
YGL021W,YJL098W,1,-0.87803614,0.06577042490243912,0.3179999887943268,0.45170000195503235
YNL262W,YBR260C,0,-0.8780731,0.06575682014226913,0.3179999887943268,0.45179998874664307
YCR028C-A,YGR141W,0,-0.8780767,0.06574323028326035,0.3179999887943268,0.45190000534057617
YOR226C,YJL192C,0,-0.87832034,0.06572964042425156,0.3179999887943268,0.4519999921321869
YPR112C,YER074W-A,0,-0.8785585,0.06571605801582336,0.3179999887943268,0.45210000872612
YBR065C,YHL022C,0,-0.8786204,0.06570248305797577,0.3179999887943268,0.4521999955177307
YDL178W,YDR083W,0,-0.87866783,0.06568890810012817,0.3179999887943268,0.4523000121116638
YML132W,YJR050W,0,-0.87898207,0.06567534059286118,0.3179999887943268,0.45239999890327454
YDR499W,YPL050C,0,-0.8792745,0.06566178053617477,0.3179999887943268,0.45249998569488525
YPR093C,YDL052C,0,-0.8794037,0.06564822793006897,0.3179999887943268,0.45260000228881836
YGL004C,YNL283C,0,-0.8794311,0.06563467532396317,0.3179999887943268,0.4526999890804291
YKL220C,YKL122C,0,-0.87957335,0.06562113016843796,0.3179999887943268,0.4528000056743622
YPR122W,YOR329C,0,-0.87971735,0.06560759246349335,0.3179999887943268,0.4528999924659729
YHL028W,YML001W,0,-0.88035405,0.06559406220912933,0.3179999887943268,0.453000009059906
YER143W,YHR187W,0,-0.8807497,0.06558053195476532,0.3179999887943268,0.4530999958515167
YDR385W,YBR193C,0,-0.8808305,0.0655670091509819,0.3179999887943268,0.45320001244544983
YLR353W,YOR388C,0,-0.88104105,0.06555349379777908,0.3179999887943268,0.45329999923706055
YNL318C,YKR101W,0,-0.88105524,0.06553998589515686,0.3179999887943268,0.45339998602867126
YKR054C,YNL068C,1,-0.88135445,0.06573253870010376,0.3190000057220459,0.45339998602867126
YCR066W,YGR285C,0,-0.88143337,0.06571899354457855,0.3190000057220459,0.45350000262260437
YDL175C,YOL091W,0,-0.8817111,0.06570545583963394,0.3190000057220459,0.4535999894142151
YGR178C,YJR033C,0,-0.88184476,0.06569192558526993,0.3190000057220459,0.4537000060081482
YFL017W-A,YBR097W,0,-0.8818635,0.06567840278148651,0.3190000057220459,0.4537999927997589
YER155C,YOR162C,0,-0.88186955,0.0656648799777031,0.3190000057220459,0.453900009393692
YKL125W,YOR179C,0,-0.8818877,0.06565137207508087,0.3190000057220459,0.45399999618530273
YOR319W,YHR205W,0,-0.88190687,0.06563785672187805,0.3190000057220459,0.45410001277923584
YER044C,YFR009W,0,-0.88194084,0.06562435626983643,0.3190000057220459,0.45419999957084656
YPR093C,YIL110W,0,-0.88208354,0.0656108632683754,0.3190000057220459,0.4542999863624573
YBR205W,YPL133C,0,-0.88218784,0.06559737026691437,0.3190000057220459,0.4544000029563904
YIL098C,YLR059C,0,-0.8824849,0.06558388471603394,0.3190000057220459,0.4544999897480011
YDL145C,YPR055W,0,-0.8826008,0.0655703991651535,0.3190000057220459,0.4546000063419342
YAL023C,YKL051W,0,-0.88262594,0.06555692851543427,0.3190000057220459,0.4546999931335449
YHR068W,YJL140W,0,-0.8827127,0.06554345786571503,0.3190000057220459,0.454800009727478
YGL247W,YPL133C,0,-0.8828045,0.06552999466657639,0.3190000057220459,0.45489999651908875
YNL127W,YMR069W,0,-0.8831507,0.06551653146743774,0.3190000057220459,0.45500001311302185
YNL119W,YLR448W,0,-0.88317394,0.0655030831694603,0.3190000057220459,0.45509999990463257
YKR029C,YOR084W,0,-0.88351583,0.06548963487148285,0.3190000057220459,0.4551999866962433
YGR140W,YER089C,1,-0.8835468,0.06568144261837006,0.3199999928474426,0.4551999866962433
YDL056W,YCR073W-A,0,-0.8836199,0.06566796451807022,0.3199999928474426,0.4553000032901764
YNL287W,YOR179C,0,-0.88380146,0.06565449386835098,0.3199999928474426,0.4553999900817871
YDL002C,YDR418W,0,-0.88387835,0.06564102321863174,0.3199999928474426,0.4555000066757202
YOR127W,YGR185C,0,-0.88400257,0.0656275600194931,0.3199999928474426,0.45559999346733093
YGR097W,YDR240C,0,-0.8842219,0.06561410427093506,0.3199999928474426,0.45570001006126404
YHR174W,YKR055W,0,-0.8843837,0.06560065597295761,0.3199999928474426,0.45579999685287476
YHR187W,YDL095W,0,-0.8844266,0.06558720767498016,0.3199999928474426,0.45590001344680786
YJR139C,YKL051W,0,-0.8845241,0.06557376682758331,0.3199999928474426,0.4560000002384186
YHR116W,YMR061W,0,-0.88461936,0.06556033343076706,0.3199999928474426,0.4560999870300293
YHR205W,YJL168C,0,-0.88463485,0.0655469074845314,0.3199999928474426,0.4562000036239624
YLR115W,YOR388C,0,-0.8847128,0.06553348153829575,0.3199999928474426,0.4562999904155731
YJL165C,YKL144C,0,-0.88484883,0.06552006304264069,0.3199999928474426,0.4564000070095062
YLR160C,YEL002C,0,-0.88510644,0.06550665199756622,0.3199999928474426,0.45649999380111694
YCR028C-A,YOL031C,0,-0.8851428,0.06549324840307236,0.3199999928474426,0.45660001039505005
YDR224C,YER095W,0,-0.8853122,0.06547984480857849,0.3199999928474426,0.45669999718666077
YJL092W,YNL236W,0,-0.88542545,0.06546644866466522,0.3199999928474426,0.45680001378059387
YDR188W,YLR275W,0,-0.8857218,0.06545305997133255,0.3199999928474426,0.4569000005722046
YJR131W,YPR110C,0,-0.8859372,0.06543967127799988,0.3199999928474426,0.4569999873638153
YJL058C,YPR110C,0,-0.8860122,0.0654262900352478,0.3199999928474426,0.4571000039577484
YPR122W,YML047C,0,-0.8862468,0.06541291624307632,0.3199999928474426,0.45719999074935913
YMR056C,YGR063C,0,-0.8862827,0.06539954990148544,0.3199999928474426,0.45730000734329224
YJL166W,YDR240C,0,-0.8864752,0.06538618355989456,0.3199999928474426,0.45739999413490295
YLL013C,YDR379W,0,-0.88648105,0.06537283211946487,0.3199999928474426,0.45750001072883606
YJR010C-A,YGR285C,0,-0.88654363,0.06535948067903519,0.3199999928474426,0.4575999975204468
YDR179C,YOL002C,0,-0.88667643,0.0653461292386055,0.3199999928474426,0.4577000141143799
YJL108C,YDR126W,0,-0.88673854,0.06533278524875641,0.3199999928474426,0.4578000009059906
YPR128C,YLR010C,0,-0.88688207,0.06531945616006851,0.3199999928474426,0.4578999876976013
YFL029C,YJL098W,1,-0.8871684,0.06551020592451096,0.32100000977516174,0.4578999876976013
YBR205W,YBR213W,0,-0.88749933,0.06549683958292007,0.32100000977516174,0.4580000042915344
YPR175W,YBR097W,0,-0.8875474,0.0654834732413292,0.32100000977516174,0.45809999108314514
YER114C,YJL001W,0,-0.88763,0.0654701218008995,0.32100000977516174,0.45820000767707825
YFR046C,YOL142W,0,-0.88763773,0.06545677036046982,0.32100000977516174,0.45829999446868896
YBR153W,YPR132W,0,-0.88772345,0.06544342637062073,0.32100000977516174,0.45840001106262207
YNL325C,YCL033C,0,-0.8878726,0.06543008238077164,0.32100000977516174,0.4584999978542328
YOR294W,YLR357W,0,-0.8880185,0.06541675329208374,0.32100000977516174,0.4586000144481659
YLR157C,YGR044C,0,-0.8882922,0.06540342420339584,0.32100000977516174,0.4587000012397766
YKR036C,YGR284C,0,-0.8883269,0.06539010256528854,0.32100000977516174,0.45879998803138733
YNR057C,YDR272W,0,-0.888713,0.06537678092718124,0.32100000977516174,0.45890000462532043
YJL031C,YJR153W,0,-0.8887415,0.06536346673965454,0.32100000977516174,0.45899999141693115
YMR303C,YJL190C,0,-0.88874984,0.06535016000270844,0.32100000977516174,0.45910000801086426
YMR168C,YIL153W,1,-0.888873,0.06554040312767029,0.32199999690055847,0.45910000801086426
YHR072W-A,YOL102C,0,-0.88893414,0.0655270665884018,0.32199999690055847,0.459199994802475
YNR017W,YLR368W,0,-0.8892671,0.0655137300491333,0.32199999690055847,0.4593000113964081
YLR148W,YDR478W,0,-0.8892807,0.065500408411026,0.32199999690055847,0.4593999981880188
YJR057W,YPR164W,0,-0.88931143,0.0654870867729187,0.32199999690055847,0.4595000147819519
YPL154C,YOR045W,0,-0.8894063,0.065473772585392,0.32199999690055847,0.4596000015735626
YBL022C,YOR129C,0,-0.8894434,0.0654604583978653,0.32199999690055847,0.45969998836517334
YGR140W,YDL132W,1,-0.8898537,0.06565040349960327,0.3230000138282776,0.45969998836517334
YPL200W,YPL128C,0,-0.89003885,0.06563706696033478,0.3230000138282776,0.45980000495910645
YCL039W,YOL147C,0,-0.89008844,0.06562373042106628,0.3230000138282776,0.45989999175071716
YJR047C,YIR033W,0,-0.89028776,0.06561040133237839,0.3230000138282776,0.46000000834465027
YBL002W,YKR081C,0,-0.89043653,0.06559707224369049,0.3230000138282776,0.460099995136261
YCR089W,YKL144C,0,-0.8904698,0.06558375805616379,0.3230000138282776,0.4602000117301941
YGR109C,YDR310C,1,-0.8910135,0.06577344983816147,0.3240000009536743,0.4602000117301941
YNL111C,YPR052C,0,-0.89104736,0.06576009839773178,0.3240000009536743,0.4602999985218048
YHR034C,YJL192C,0,-0.89109683,0.06574675440788269,0.3240000009536743,0.4603999853134155
YPR051W,YDL059C,0,-0.89114714,0.0657334178686142,0.3240000009536743,0.46050000190734863
YAL059W,YDR183W,0,-0.8912107,0.0657200813293457,0.3240000009536743,0.46059998869895935
YOL133W,YGL229C,1,-0.8912964,0.06590954959392548,0.32499998807907104,0.46059998869895935
YML112W,YCR020C,0,-0.8913547,0.06589619070291519,0.32499998807907104,0.46070000529289246
YGL223C,YJL138C,0,-0.89136815,0.06588283181190491,0.32499998807907104,0.4607999920845032
YDL178W,YNL075W,0,-0.8915856,0.06586948037147522,0.32499998807907104,0.4609000086784363
YGL254W,YML058W,0,-0.89160645,0.06585612893104553,0.32499998807907104,0.460999995470047
YGL187C,YAL032C,0,-0.89161336,0.06584278494119644,0.32499998807907104,0.4611000120639801
YMR163C,YHL025W,0,-0.8920919,0.06582944840192795,0.32499998807907104,0.4611999988555908
YBR164C,YPR134W,0,-0.89217746,0.06581611931324005,0.32499998807907104,0.46129998564720154
YHR119W,YPL106C,0,-0.8922168,0.06580279767513275,0.32499998807907104,0.46140000224113464
YPL217C,YOR191W,0,-0.8922453,0.06578947603702545,0.32499998807907104,0.46149998903274536
YGL016W,YDR181C,0,-0.89245,0.06577616184949875,0.32499998807907104,0.46160000562667847
YMR150C,YKR081C,0,-0.89252925,0.06576284766197205,0.32499998807907104,0.4616999924182892
YGR177C,YEL029C,0,-0.8928733,0.06574954837560654,0.32499998807907104,0.4618000090122223
YKL152C,YIR033W,0,-0.89288855,0.06573624908924103,0.32499998807907104,0.461899995803833
YGR085C,YLR055C,0,-0.89322555,0.06572294980287552,0.32499998807907104,0.4620000123977661
YER044C,YDR289C,0,-0.89323795,0.0657096654176712,0.32499998807907104,0.46209999918937683
YOR388C,YLR022C,0,-0.89325595,0.06569638103246689,0.32499998807907104,0.46219998598098755
YNL288W,YPL116W,0,-0.8932867,0.06568310409784317,0.32499998807907104,0.46230000257492065
YDR518W,YIL066C,0,-0.8934183,0.06566983461380005,0.32499998807907104,0.46239998936653137
YLR318W,YBR192W,0,-0.8934504,0.06565656512975693,0.32499998807907104,0.4625000059604645
YLR131C,YOR326W,1,-0.89400685,0.06584528088569641,0.32600000500679016,0.4625000059604645
YAR018C,YDR346C,0,-0.8940302,0.0658319890499115,0.32600000500679016,0.4625999927520752
YNL031C,YNL106C,0,-0.89406455,0.06581869721412659,0.32600000500679016,0.4627000093460083
YPL241C,YGR284C,0,-0.8943211,0.06580541282892227,0.32600000500679016,0.462799996137619
YOL002C,YGL255W,0,-0.8945596,0.06579212844371796,0.32600000500679016,0.4629000127315521
YLR342W,YGL144C,0,-0.8947383,0.06577885150909424,0.32600000500679016,0.46299999952316284
YOR388C,YOR047C,0,-0.894783,0.06576558202505112,0.32600000500679016,0.46309998631477356
YCL039W,YNL243W,0,-0.89497054,0.06575231999158859,0.32600000500679016,0.46320000290870667
YJR132W,YDR181C,0,-0.8949988,0.06573905795812607,0.32600000500679016,0.4632999897003174
YMR163C,YOR043W,0,-0.89505327,0.06572580337524414,0.32600000500679016,0.4634000062942505
YKL007W,YOR243C,0,-0.89506185,0.06571255624294281,0.32600000500679016,0.4634999930858612
YBR073W,YBR223C,0,-0.8950807,0.06569931656122208,0.32600000500679016,0.4636000096797943
YBR136W,YBL061C,0,-0.8951192,0.06568607687950134,0.32600000500679016,0.46369999647140503
YHL038C,YHR015W,0,-0.8952563,0.0656728446483612,0.32600000500679016,0.46380001306533813
YGL206C,YHR030C,0,-0.8952888,0.06565961986780167,0.32600000500679016,0.46389999985694885
YNL206C,YOR043W,0,-0.8954464,0.06564639508724213,0.32600000500679016,0.46399998664855957
YPR175W,YHL011C,0,-0.8956201,0.06563317775726318,0.32600000500679016,0.4641000032424927
YJR121W,YDL201W,0,-0.895656,0.06561996787786484,0.32600000500679016,0.4641999900341034
YML086C,YPR164W,0,-0.89569986,0.06560676544904709,0.32600000500679016,0.4643000066280365
YJL111W,YOL156W,0,-0.89570653,0.06559356302022934,0.32600000500679016,0.4643999934196472
YDR420W,YLR002C,0,-0.8957721,0.06558036804199219,0.32600000500679016,0.4645000100135803
YPL082C,YPR112C,0,-0.895843,0.06556717306375504,0.32600000500679016,0.46459999680519104
YDR201W,YML027W,1,-0.89617133,0.06575507670640945,0.3269999921321869,0.46459999680519104
YGR204W,YDR450W,0,-0.89631164,0.06574185937643051,0.3269999921321869,0.46470001339912415
YJL095W,YLR221C,0,-0.89632106,0.06572864204645157,0.3269999921321869,0.46480000019073486
YOR032C,YLR069C,0,-0.8965039,0.06571543216705322,0.3269999921321869,0.4648999869823456
YDL178W,YML059C,0,-0.8968711,0.06570222973823547,0.3269999921321869,0.4650000035762787
YHR052W,YOR043W,0,-0.89712393,0.06568903475999832,0.3269999921321869,0.4650999903678894
YLR268W,YAL002W,0,-0.89722466,0.06567583978176117,0.3269999921321869,0.4652000069618225
YMR190C,YHL007C,1,-0.8973491,0.06586345285177231,0.328000009059906,0.4652000069618225
YFL060C,YKL028W,0,-0.89736307,0.06585022807121277,0.328000009059906,0.4652999937534332
YBR168W,YPL085W,0,-0.8974006,0.06583701074123383,0.328000009059906,0.46540001034736633
YDL045C,YJL108C,0,-0.8976501,0.06582380086183548,0.328000009059906,0.46549999713897705
YLR320W,YJL168C,0,-0.89776886,0.06581059098243713,0.328000009059906,0.46560001373291016
YPL086C,YIL123W,0,-0.8978039,0.06579738855361938,0.328000009059906,0.4657000005245209
YPR042C,YFL017W-A,0,-0.8978528,0.06578419357538223,0.328000009059906,0.4657999873161316
YDR176W,YOR294W,0,-0.8982886,0.06577100604772568,0.328000009059906,0.4659000039100647
YJR047C,YNL153C,0,-0.8982991,0.06575781852006912,0.328000009059906,0.4659999907016754
YPL082C,YDL147W,0,-0.8984252,0.06574463844299316,0.328000009059906,0.4661000072956085
YPR193C,YJR112W,0,-0.8984828,0.0657314658164978,0.328000009059906,0.46619999408721924
YHL047C,YOR319W,0,-0.8987092,0.06571829319000244,0.328000009059906,0.46630001068115234
YKL110C,YDL055C,0,-0.8987291,0.06570512801408768,0.328000009059906,0.46639999747276306
YKL110C,YMR030W,0,-0.8988384,0.06569197028875351,0.328000009059906,0.46650001406669617
YDR191W,YLR329W,0,-0.8988627,0.06567881256341934,0.328000009059906,0.4666000008583069
YDR228C,YIL084C,0,-0.8989357,0.06566566228866577,0.328000009059906,0.4666999876499176
YPL082C,YCR057C,0,-0.899001,0.0656525194644928,0.328000009059906,0.4668000042438507
YDL132W,YDR113C,1,-0.8990388,0.0658395066857338,0.32899999618530273,0.4668000042438507
YML123C,YFR005C,0,-0.89908576,0.06582633405923843,0.32899999618530273,0.4668999910354614
YJR155W,YJL026W,0,-0.8993931,0.06581316143274307,0.32899999618530273,0.46700000762939453
YDR345C,YJR144W,0,-0.8993944,0.0658000037074089,0.32899999618530273,0.46709999442100525
YDR420W,YHR154W,0,-0.8995416,0.06578684598207474,0.32899999618530273,0.46720001101493835
YNL333W,YJL139C,0,-0.8995712,0.06577368825674057,0.32899999618530273,0.4672999978065491
YHR073W,YJL166W,0,-0.8996922,0.0657605454325676,0.32899999618530273,0.4674000144004822
YMR113W,YDR009W,0,-0.8999946,0.06574740260839462,0.32899999618530273,0.4675000011920929
YOL016C,YAL035W,0,-0.9001576,0.06573426723480225,0.32899999618530273,0.4675999879837036
YBR211C,YAL023C,0,-0.9001596,0.06572113186120987,0.32899999618530273,0.4677000045776367
YPR193C,YKL045W,0,-0.9002466,0.06570801138877869,0.32899999618530273,0.46779999136924744
YCR028C-A,YPL085W,0,-0.9005418,0.0656948909163475,0.32899999618530273,0.46790000796318054
YHR015W,YML049C,0,-0.90070283,0.06568177044391632,0.32899999618530273,0.46799999475479126
YBR069C,YMR293C,0,-0.9007052,0.06566866487264633,0.32899999618530273,0.46810001134872437
YEL027W,YKR055W,0,-0.900718,0.06565555930137634,0.32899999618530273,0.4681999981403351
YLR186W,YER129W,0,-0.90078187,0.06564246118068695,0.32899999618530273,0.4683000147342682
YPL125W,YMR263W,0,-0.90078306,0.06562936305999756,0.32899999618530273,0.4684000015258789
YAL059W,YNL222W,0,-0.9007884,0.06561627238988876,0.32899999618530273,0.4684999883174896
YPL267W,YOR326W,1,-0.900874,0.06580258905887604,0.33000001311302185,0.4684999883174896
YLR381W,YJL108C,0,-0.9011127,0.06578947603702545,0.33000001311302185,0.46860000491142273
YLR417W,YOR043W,0,-0.90128946,0.06577636301517487,0.33000001311302185,0.46869999170303345
YLR102C,YKR054C,1,-0.90131533,0.0659625381231308,0.3310000002384186,0.46869999170303345
YBR193C,YJL026W,0,-0.9013233,0.06594939529895782,0.3310000002384186,0.46880000829696655
YJR047C,YJL140W,0,-0.90135825,0.06593625247478485,0.3310000002384186,0.46889999508857727
YMR078C,YIL031W,1,-0.90145564,0.06612228602170944,0.3319999873638153,0.46889999508857727
YPL112C,YGR197C,0,-0.9016324,0.06610912084579468,0.3319999873638153,0.4690000116825104
YML036W,YBL022C,0,-0.90175116,0.06609595566987991,0.3319999873638153,0.4690999984741211
YLL042C,YOR151C,0,-0.90181684,0.06608280539512634,0.3319999873638153,0.4691999852657318
YHL011C,YDR126W,0,-0.9019388,0.06606965512037277,0.3319999873638153,0.4693000018596649
YLR342W,YJR153W,0,-0.9021461,0.0660565048456192,0.3319999873638153,0.46939998865127563
YLR144C,YNL042W,0,-0.9023093,0.06604336947202682,0.3319999873638153,0.46950000524520874
YOR319W,YLR141W,0,-0.9024062,0.06603023409843445,0.3319999873638153,0.46959999203681946
YNL138W,YPL239W,0,-0.90258753,0.06601709872484207,0.3319999873638153,0.46970000863075256
YGR120C,YGR289C,0,-0.90274775,0.06600397825241089,0.3319999873638153,0.4697999954223633
YCR010C,YEL069C,0,-0.9028045,0.0659908577799797,0.3319999873638153,0.4699000120162964
YCR020C,YCR067C,0,-0.9028319,0.06597774475812912,0.3319999873638153,0.4699999988079071
YJL166W,YKL144C,0,-0.9029201,0.06596463173627853,0.3319999873638153,0.4700999855995178
YPL127C,YKL021C,0,-0.9031534,0.06595152616500854,0.3319999873638153,0.4702000021934509
YPL248C,YAL056W,0,-0.9034096,0.06593842804431915,0.3319999873638153,0.47029998898506165
YOR377W,YFR008W,0,-0.90345526,0.06592533737421036,0.3319999873638153,0.47040000557899475
YGR097W,YPL132W,0,-0.9034754,0.06591224670410156,0.3319999873638153,0.47049999237060547
YBR065C,YLR452C,0,-0.90385365,0.06589916348457336,0.3319999873638153,0.4706000089645386
YKL053C-A,YDR469W,0,-0.90388,0.06588608771562576,0.3319999873638153,0.4706999957561493
YMR236W,YIL031W,1,-0.9038906,0.06607142835855484,0.3330000042915344,0.4706999957561493
YJR057W,YLR357W,0,-0.90480304,0.06605832278728485,0.3330000042915344,0.4708000123500824
YPR082C,YCL034W,0,-0.90484047,0.06604521721601486,0.3330000042915344,0.4708999991416931
YOL002C,YDR322C-A,0,-0.90488553,0.06603212654590607,0.3330000042915344,0.47099998593330383
YPR046W,YKL051W,0,-0.9049994,0.06601903587579727,0.3330000042915344,0.47110000252723694
YFR034C,YLR084C,0,-0.90525925,0.06600594520568848,0.3330000042915344,0.47119998931884766
YNL218W,YOL020W,0,-0.9053197,0.06599286198616028,0.3330000042915344,0.47130000591278076
YGL194C,YMR139W,0,-0.9055393,0.06597979366779327,0.3330000042915344,0.4713999927043915
YJL058C,YPL086C,0,-0.9057957,0.06596671789884567,0.3330000042915344,0.4715000092983246
YGR288W,YMR100W,0,-0.9058659,0.06595365703105927,0.3330000042915344,0.4715999960899353
YLR431C,YPL132W,0,-0.90595233,0.06594059616327286,0.3330000042915344,0.4717000126838684
YCR081W,YDR330W,0,-0.90595734,0.06592754274606705,0.3330000042915344,0.4717999994754791
YPR175W,YDR469W,0,-0.9059819,0.06591448932886124,0.3330000042915344,0.47189998626708984
YJL108C,YDR330W,0,-0.9060464,0.06590144336223602,0.3330000042915344,0.47200000286102295
YOR099W,YOR266W,0,-0.90612817,0.0658884048461914,0.3330000042915344,0.47209998965263367
YAL020C,YOR032C,0,-0.90616333,0.06587537378072739,0.3330000042915344,0.4722000062465668
YHR205W,YNL025C,0,-0.90634096,0.06586234271526337,0.3330000042915344,0.4722999930381775
YPR001W,YOR099W,0,-0.90648186,0.06584931910037994,0.3330000042915344,0.4724000096321106
YDR294C,YMR113W,0,-0.9068482,0.06583629548549652,0.3330000042915344,0.4724999964237213
YOR144C,YPR187W,0,-0.90687954,0.06582328677177429,0.3330000042915344,0.4726000130176544
YGL051W,YDR397C,0,-0.90700436,0.06581027805805206,0.3330000042915344,0.47269999980926514
YPL127C,YLR148W,0,-0.90717876,0.06579727679491043,0.3330000042915344,0.47279998660087585
YER127W,YPL007C,0,-0.9074482,0.0657842755317688,0.3330000042915344,0.47290000319480896
YGR037C,YDR217C,0,-0.9074596,0.06577128171920776,0.3330000042915344,0.4729999899864197
YER162C,YOR049C,0,-0.9075556,0.06575829535722733,0.3330000042915344,0.4731000065803528
YDR235W,YBR061C,0,-0.9076128,0.06574530899524689,0.3330000042915344,0.4731999933719635
YGL051W,YPL106C,0,-0.9076445,0.06573233008384705,0.3330000042915344,0.4733000099658966
YDR385W,YDR235W,0,-0.9077028,0.0657193586230278,0.3330000042915344,0.4733999967575073
YGL001C,YLR059C,0,-0.9078133,0.06570639461278915,0.3330000042915344,0.47350001335144043
YOR144C,YCR067C,0,-0.9079783,0.0656934306025505,0.3330000042915344,0.47360000014305115
YMR032W,YFL017W-A,0,-0.9081092,0.06568047404289246,0.3330000042915344,0.47369998693466187
YPR110C,YER008C,0,-0.9081366,0.0656675174832344,0.3330000042915344,0.47380000352859497
YKR054C,YCR065W,1,-0.9082866,0.06585173308849335,0.33399999141693115,0.47380000352859497
YPL169C,YHR178W,0,-0.9083538,0.0658387541770935,0.33399999141693115,0.4738999903202057
YFL059W,YNL244C,0,-0.90852106,0.06582577526569366,0.33399999141693115,0.4740000069141388
YDR432W,YOR047C,0,-0.9086306,0.06581281125545502,0.33399999141693115,0.4740999937057495
YKL206C,YHL022C,0,-0.9087167,0.06579983979463577,0.33399999141693115,0.4742000102996826
YDR263C,YLR275W,0,-0.9087633,0.06578688323497772,0.33399999141693115,0.47429999709129333
YIR033W,YDR227W,0,-0.90899825,0.06577392667531967,0.33399999141693115,0.47440001368522644
YKL032C,YGL004C,0,-0.90910554,0.06576097756624222,0.33399999141693115,0.47450000047683716
YFL029C,YGL096W,1,-0.90917456,0.06594488024711609,0.33500000834465027,0.47450000047683716
YNL119W,YPR042C,0,-0.90935814,0.06593190133571625,0.33500000834465027,0.4745999872684479
YKR063C,YML001W,0,-0.9095297,0.065918929874897,0.33500000834465027,0.474700003862381
YDR377W,YHR178W,0,-0.9096701,0.06590595841407776,0.33500000834465027,0.4747999906539917
YAL040C,YMR236W,1,-0.91024446,0.0660896897315979,0.335999995470047,0.4747999906539917
YBL045C,YOR045W,0,-0.91071403,0.06607669591903687,0.335999995470047,0.4749000072479248
YNL148C,YJR144W,0,-0.91078734,0.06606370210647583,0.335999995470047,0.4749999940395355
YDR377W,YJR112W,0,-0.9108598,0.06605071574449539,0.335999995470047,0.47510001063346863
YMR032W,YCR057C,0,-0.9108944,0.06603773683309555,0.335999995470047,0.47519999742507935
YPR042C,YPL106C,0,-0.91138923,0.06602475792169571,0.335999995470047,0.47530001401901245
YDL055C,YBR260C,0,-0.91141117,0.06601178646087646,0.335999995470047,0.47540000081062317
YGL240W,YKR028W,1,-0.91146564,0.06619524955749512,0.3370000123977661,0.47540000081062317
YML036W,YNL117W,0,-0.9117317,0.06618224829435349,0.3370000123977661,0.4754999876022339
YHR163W,YOR043W,0,-0.9117385,0.06616925448179245,0.3370000123977661,0.475600004196167
YDR106W,YOR026W,1,-0.9118984,0.06635256856679916,0.33799999952316284,0.475600004196167
YER074W-A,YOR084W,0,-0.91213655,0.06633954495191574,0.33799999952316284,0.4756999909877777
YJL031C,YMR316W,0,-0.91220784,0.06632652878761292,0.33799999952316284,0.4758000075817108
YPR171W,YCR098C,0,-0.9124485,0.06631352007389069,0.33799999952316284,0.47589999437332153
YBR036C,YDR240C,0,-0.9124738,0.06630051136016846,0.33799999952316284,0.47600001096725464
YDR439W,YFL045C,0,-0.912809,0.06628751009702682,0.33799999952316284,0.47609999775886536
YDR188W,YOR179C,0,-0.91291606,0.06627450883388519,0.33799999952316284,0.47620001435279846
YPR122W,YPL082C,0,-0.91310215,0.06626151502132416,0.33799999952316284,0.4763000011444092
YNL236W,YKL119C,0,-0.91314936,0.06624852865934372,0.33799999952316284,0.4763999879360199
YKL186C,YDL055C,0,-0.91325283,0.06623554974794388,0.33799999952316284,0.476500004529953
YLR051C,YPL133C,0,-0.91386294,0.06622257083654404,0.33799999952316284,0.4765999913215637
YNL222W,YOR060C,0,-0.9139068,0.06620959937572479,0.33799999952316284,0.4767000079154968
YLR158C,YDL236W,0,-0.91396666,0.06619662791490555,0.33799999952316284,0.47679999470710754
YKL017C,YPL154C,0,-0.9139695,0.0661836713552475,0.33799999952316284,0.47690001130104065
YLR353W,YGR178C,0,-0.9139937,0.06617071479558945,0.33799999952316284,0.47699999809265137
YBR009C,YJL203W,0,-0.91402864,0.0661577582359314,0.33799999952316284,0.4771000146865845
YPR164W,YPL151C,0,-0.9143567,0.06614481657743454,0.33799999952316284,0.4772000014781952
YJL001W,YCR018C,0,-0.91445243,0.06613187491893768,0.33799999952316284,0.4772999882698059
YNR016C,YKL110C,0,-0.9145694,0.06611893326044083,0.33799999952316284,0.477400004863739
YDR040C,YJL143W,0,-0.9148867,0.06610600650310516,0.33799999952316284,0.47749999165534973
YNL328C,YNL218W,0,-0.9148997,0.0660930797457695,0.33799999952316284,0.47760000824928284
YML049C,YDR341C,0,-0.9149854,0.06608015298843384,0.33799999952316284,0.47769999504089355
YLR113W,YCL061C,0,-0.91539514,0.06606724113225937,0.33799999952316284,0.47780001163482666
YBR041W,YEL019C,0,-0.9155916,0.0660543292760849,0.33799999952316284,0.4778999984264374
YOR095C,YGL137W,0,-0.9156592,0.06604142487049103,0.33799999952316284,0.4779999852180481
YLR095C,YJL164C,0,-0.91584146,0.06602852046489716,0.33799999952316284,0.4781000018119812
YOR174W,YLR372W,0,-0.9159144,0.06601562350988388,0.33799999952316284,0.4781999886035919
YJR112W,YJR153W,0,-0.9159517,0.0660027340054512,0.33799999952316284,0.478300005197525
YHR079C,YDR450W,0,-0.9160094,0.06598984450101852,0.33799999952316284,0.47839999198913574
YFL039C,YPR135W,1,-0.9163058,0.06617216765880585,0.33899998664855957,0.47839999198913574
YLR109W,YGL001C,0,-0.9166671,0.06615924835205078,0.33899998664855957,0.47850000858306885
YBR136W,YIL061C,0,-0.9171382,0.06614634394645691,0.33899998664855957,0.47859999537467957
YBL003C,YLR148W,0,-0.9180881,0.06613343954086304,0.33899998664855957,0.47870001196861267
YPL200W,YIL147C,0,-0.9180918,0.06612053513526917,0.33899998664855957,0.4787999987602234
YDR165W,YKL119C,0,-0.91809404,0.06610764563083649,0.33899998664855957,0.4788999855518341
YKL186C,YCR020C,0,-0.9182162,0.06609475612640381,0.33899998664855957,0.4790000021457672
YEL030W,YBR188C,0,-0.9182471,0.06608187407255173,0.33899998664855957,0.47909998893737793
YBR213W,YIL039W,0,-0.9182513,0.06606899201869965,0.33899998664855957,0.47920000553131104
YOR100C,YBR182C,0,-0.9182806,0.06605611741542816,0.33899998664855957,0.47929999232292175
YAL035W,YBR223C,0,-0.9185709,0.06604325026273727,0.33899998664855957,0.47940000891685486
YDL132W,YDL064W,1,-0.9188378,0.06622516363859177,0.3400000035762787,0.47940000891685486
YLR324W,YML025C,0,-0.9190049,0.06621226668357849,0.3400000035762787,0.4794999957084656
YPR178W,YOL091W,0,-0.919042,0.06619937717914581,0.3400000035762787,0.4796000123023987
YJL099W,YER169W,0,-0.91946447,0.06618648767471313,0.3400000035762787,0.4796999990940094
YKL150W,YOR329C,0,-0.9200015,0.06617360562086105,0.3400000035762787,0.4797999858856201
YMR100W,YDR432W,0,-0.92010915,0.06616073101758957,0.3400000035762787,0.4799000024795532
YDL045C,YJR112W,0,-0.9202173,0.06614785641431808,0.3400000035762787,0.47999998927116394
YER166W,YDR418W,0,-0.92024195,0.0661349967122078,0.3400000035762787,0.48010000586509705
YNL021W,YDL046W,0,-0.92042744,0.0661221295595169,0.3400000035762787,0.48019999265670776
YJL099W,YHR160C,0,-0.92049813,0.06610927730798721,0.3400000035762787,0.48030000925064087
YNL287W,YCR081W,0,-0.9205054,0.06609642505645752,0.3400000035762787,0.4803999960422516
YBR215W,YOR344C,1,-0.9206233,0.06627793610095978,0.3409999907016754,0.4803999960422516
YMR267W,YLR417W,0,-0.92065847,0.0662650614976883,0.3409999907016754,0.4805000126361847
YIR010W,YOR032C,0,-0.920766,0.06625218689441681,0.3409999907016754,0.4805999994277954
YPL058C,YNL243W,0,-0.92094314,0.06623931974172592,0.3409999907016754,0.48069998621940613
YNL116W,YML027W,1,-0.920967,0.06642066687345505,0.34200000762939453,0.48069998621940613
YGL167C,YHR196W,0,-0.9209769,0.06640776991844177,0.34200000762939453,0.48080000281333923
YDR469W,YNL128W,0,-0.92112446,0.0663948729634285,0.34200000762939453,0.48089998960494995
YPL200W,YNL291C,0,-0.92125857,0.06638199090957642,0.34200000762939453,0.48100000619888306
YPL241C,YDR206W,0,-0.92145205,0.06636910885572433,0.34200000762939453,0.4810999929904938
YOL031C,YGR197C,0,-0.921481,0.06635622680187225,0.34200000762939453,0.4812000095844269
YMR078C,YGL240W,1,-0.92177105,0.06653734296560287,0.34299999475479126,0.4812000095844269
YJL060W,YGR197C,0,-0.9221108,0.066524438560009,0.34299999475479126,0.4812999963760376
YIL051C,YMR030W,0,-0.9222611,0.06651153415441513,0.34299999475479126,0.4814000129699707
YLR102C,YPR135W,1,-0.9222847,0.06669251620769501,0.3440000116825104,0.4814000129699707
YMR056C,YHL022C,0,-0.9226693,0.06667958945035934,0.3440000116825104,0.4814999997615814
YJL092W,YER068W,0,-0.922753,0.06666667014360428,0.3440000116825104,0.48159998655319214
YAR015W,YOR078W,0,-0.92285204,0.06665375083684921,0.3440000116825104,0.48170000314712524
YNL328C,YDR170C,0,-0.9230175,0.06664083898067474,0.3440000116825104,0.48179998993873596
YLR131C,YMR190C,1,-0.92316616,0.0668216124176979,0.3449999988079071,0.48179998993873596
YOL005C,YLR452C,0,-0.9233823,0.06680867820978165,0.3449999988079071,0.48190000653266907
YHR081W,YGL167C,0,-0.9237057,0.06679574400186539,0.3449999988079071,0.4819999933242798
YKL165C,YKR081C,0,-0.9237704,0.06678280979394913,0.3449999988079071,0.4821000099182129
YJL101C,YIL070C,0,-0.9238229,0.06676988303661346,0.3449999988079071,0.4821999967098236
YKL150W,YOR084W,0,-0.92388797,0.0667569637298584,0.3449999988079071,0.4823000133037567
YOR032C,YBR153W,0,-0.9240508,0.06674405187368393,0.3449999988079071,0.48240000009536743
YJR155W,YNL025C,0,-0.9240835,0.06673114001750946,0.3449999988079071,0.48249998688697815
YLR192C,YOL002C,0,-0.92411864,0.06671823561191559,0.3449999988079071,0.48260000348091125
YDR439W,YGR063C,0,-0.92434955,0.06670533865690231,0.3449999988079071,0.482699990272522
YDR228C,YER095W,0,-0.92436576,0.06669244170188904,0.3449999988079071,0.4828000068664551
YDR252W,YMR100W,0,-0.9245181,0.06667955219745636,0.3449999988079071,0.4828999936580658
YHL047C,YJL129C,0,-0.92451906,0.06666667014360428,0.3449999988079071,0.4830000102519989
YOR011W,YHR187W,0,-0.9247401,0.0666537880897522,0.3449999988079071,0.4830999970436096
YDR456W,YDR281C,0,-0.9247564,0.06664091348648071,0.3449999988079071,0.4832000136375427
YDL015C,YDR449C,0,-0.92484725,0.06662803888320923,0.3449999988079071,0.48330000042915344
YNR057C,YDR469W,0,-0.9249817,0.06661517918109894,0.3449999988079071,0.48339998722076416
YMR113W,YCL054W,0,-0.92508197,0.06660231947898865,0.3449999988079071,0.48350000381469727
YPR175W,YHL025W,0,-0.9251257,0.06658945977687836,0.3449999988079071,0.483599990606308
YDL079C,YGL063W,0,-0.9252058,0.06657661497592926,0.3449999988079071,0.4837000072002411
YPL154C,YDR217C,0,-0.92523384,0.06656376272439957,0.3449999988079071,0.4837999939918518
YIL110W,YKR031C,0,-0.9254571,0.06655092537403107,0.3449999988079071,0.4839000105857849
YOR249C,YGR109C,1,-0.9255527,0.06673095375299454,0.34599998593330383,0.4839000105857849
YNR016C,YDL178W,0,-0.9255866,0.06671808660030365,0.34599998593330383,0.48399999737739563
YNL318C,YLL021W,0,-0.92563236,0.06670522689819336,0.34599998593330383,0.48410001397132874
YLR353W,YOL020W,0,-0.925725,0.06669236719608307,0.34599998593330383,0.48420000076293945
YCR065W,YOL133W,1,-0.9260372,0.06687223166227341,0.34700000286102295,0.48420000076293945
YLR102C,YDR310C,1,-0.9260818,0.06705202162265778,0.3479999899864197,0.48420000076293945
YPL086C,YNL003C,0,-0.9261372,0.0670391097664833,0.3479999899864197,0.48429998755455017
YNR033W,YBR110W,0,-0.9262296,0.06702619045972824,0.3479999899864197,0.4844000041484833
YDR173C,YNL287W,0,-0.9262605,0.06701328605413437,0.3479999899864197,0.484499990940094
YPL200W,YPL040C,0,-0.9263376,0.0670003816485405,0.3479999899864197,0.4846000075340271
YDR052C,YHR163W,0,-0.92639744,0.06698748469352722,0.3479999899864197,0.4846999943256378
YFL056C,YDR173C,0,-0.9264107,0.06697459518909454,0.3479999899864197,0.4848000109195709
YOR040W,YML049C,0,-0.92642,0.06696170568466187,0.3479999899864197,0.48489999771118164
YER177W,YFL034C-B,1,-0.9266174,0.06714120507240295,0.3490000069141388,0.48489999771118164
YJL058C,YKL120W,0,-0.9266243,0.06712829321622849,0.3490000069141388,0.48500001430511475
YDR106W,YMR078C,1,-0.9269178,0.06730769574642181,0.3499999940395355,0.48500001430511475
YIL085C,YCR020C,0,-0.92701256,0.06729475408792496,0.3499999940395355,0.48510000109672546
YHR116W,YEL069C,0,-0.9270781,0.0672818124294281,0.3499999940395355,0.4851999878883362
YBR182C,YOR129C,0,-0.9270922,0.06726888567209244,0.3499999940395355,0.4853000044822693
YKL165C,YLR022C,0,-0.92718565,0.06725595891475677,0.3499999940395355,0.48539999127388
YOL013C,YHR034C,0,-0.92726576,0.06724303215742111,0.3499999940395355,0.4855000078678131
YKR029C,YNL128W,0,-0.9273937,0.06723012030124664,0.3499999940395355,0.48559999465942383
YPL048W,YGL255W,0,-0.9275278,0.06721720844507217,0.3499999940395355,0.48570001125335693
YIL153W,YAL047C,1,-0.928208,0.06739631295204163,0.35100001096725464,0.48570001125335693
YLR381W,YJL036W,0,-0.92824686,0.06738337129354477,0.35100001096725464,0.48579999804496765
YNL278W,YPL082C,0,-0.9283043,0.0673704445362091,0.35100001096725464,0.48590001463890076
YOR026W,YIR025W,1,-0.9283081,0.06754941493272781,0.35199999809265137,0.48590001463890076
YDR179C,YPL169C,0,-0.9287839,0.06753645092248917,0.35199999809265137,0.4860000014305115
YHR191C,YGL240W,1,-0.92911255,0.06771532446146011,0.3529999852180481,0.4860000014305115
YKL032C,YPL058C,0,-0.92933965,0.06770233809947968,0.3529999852180481,0.4860999882221222
YFL056C,YMR139W,0,-0.9293841,0.06768935918807983,0.3529999852180481,0.4862000048160553
YDL043C,YHR178W,0,-0.9295161,0.06767638027667999,0.3529999852180481,0.486299991607666
YBR168W,YJL029C,0,-0.92955816,0.06766340881586075,0.3529999852180481,0.4864000082015991
YDR281C,YMR293C,0,-0.9298456,0.0676504373550415,0.3529999852180481,0.48649999499320984
YNL218W,YCR057C,0,-0.929883,0.06763748079538345,0.3529999852180481,0.48660001158714294
YIL118W,YBR223C,0,-0.9298892,0.0676245242357254,0.3529999852180481,0.48669999837875366
YDR318W,YGR178C,0,-0.92996097,0.06761156767606735,0.3529999852180481,0.4867999851703644
YGL021W,YPR135W,1,-0.9300462,0.06779012084007263,0.3540000021457672,0.4867999851703644
YLR075W,YOL102C,0,-0.9302151,0.06777714192867279,0.3540000021457672,0.4869000017642975
YDR009W,YOR084W,0,-0.9305488,0.06776416301727295,0.3540000021457672,0.4869999885559082
YCL026C-A,YMR182C,0,-0.9305674,0.0677511990070343,0.3540000021457672,0.4871000051498413
YMR030W,YDL015C,0,-0.930665,0.06773823499679565,0.3540000021457672,0.487199991941452
YNL214W,YJL093C,0,-0.9306909,0.067725270986557,0.3540000021457672,0.48730000853538513
YFL039C,YNL068C,1,-0.93073773,0.06790359318256378,0.35499998927116394,0.48730000853538513
YJL001W,YOR049C,0,-0.93090713,0.06789060682058334,0.35499998927116394,0.48739999532699585
YGL001C,YBR193C,0,-0.9309765,0.0678776279091835,0.35499998927116394,0.48750001192092896
YKL032C,YDR058C,0,-0.9310411,0.06786465644836426,0.35499998927116394,0.4875999987125397
YBR026C,YKL058W,0,-0.93113625,0.06785168498754501,0.35499998927116394,0.4876999855041504
YKL026C,YBR223C,0,-0.9313872,0.06783871352672577,0.35499998927116394,0.4878000020980835
YDL126C,YHR187W,0,-0.9314587,0.06782575696706772,0.35499998927116394,0.4878999888896942
YNR016C,YIL085C,0,-0.9314711,0.06781280040740967,0.35499998927116394,0.4880000054836273
YLR109W,YGL004C,0,-0.9317186,0.06779984384775162,0.35499998927116394,0.48809999227523804
YMR190C,YDR201W,1,-0.93174505,0.06797785311937332,0.35600000619888306,0.48809999227523804
YML011C,YIL039W,0,-0.9318769,0.06796487420797348,0.35600000619888306,0.48820000886917114
YMR190C,YML064C,1,-0.93202376,0.06814277172088623,0.3569999933242798,0.48820000886917114
YJR121W,YBR129C,0,-0.9320271,0.0681297704577446,0.3569999933242798,0.48829999566078186
YLR329W,YKL028W,0,-0.93232834,0.06811676919460297,0.3569999933242798,0.48840001225471497
YDL132W,YER089C,1,-0.9325663,0.06829454749822617,0.3580000102519989,0.48840001225471497
YKR034W,YGR241C,0,-0.9326745,0.06828151643276215,0.3580000102519989,0.4884999990463257
YDR294C,YLR466W,0,-0.93273747,0.06826850026845932,0.3580000102519989,0.4885999858379364
YKL005C,YNL278W,0,-0.93302333,0.0682554841041565,0.3580000102519989,0.4887000024318695
YDR085C,YER044C,0,-0.93310463,0.06824246793985367,0.3580000102519989,0.4887999892234802
YBR136W,YIL014W,0,-0.93318117,0.06822946667671204,0.3580000102519989,0.48890000581741333
YGL004C,YDR240C,0,-0.93319786,0.0682164654135704,0.3580000102519989,0.48899999260902405
YDL132W,YGL096W,1,-0.9334997,0.06839398294687271,0.35899999737739563,0.48899999260902405
YJR064W,YDR318W,0,-0.9338292,0.06838095188140869,0.35899999737739563,0.48910000920295715
YPR112C,YHL025W,0,-0.9339081,0.06836792826652527,0.35899999737739563,0.48919999599456787
YLR035C,YER129W,0,-0.9339392,0.06835491210222244,0.35899999737739563,0.489300012588501
YAL044C,YGL167C,0,-0.93395114,0.06834190338850021,0.35899999737739563,0.4893999993801117
YPL241C,YJL035C,0,-0.9339937,0.06832889467477798,0.35899999737739563,0.4894999861717224
YPL119C,YGR284C,0,-0.93425965,0.06831588596105576,0.35899999737739563,0.4896000027656555
YCR002C,YLR002C,0,-0.9344952,0.06830289214849472,0.35899999737739563,0.48969998955726624
YPR023C,YKL110C,0,-0.93483996,0.06828989833593369,0.35899999737739563,0.48980000615119934
YPL040C,YDL105W,0,-0.9348937,0.06827691197395325,0.35899999737739563,0.48989999294281006
YOR322C,YOL091W,0,-0.93496764,0.06826392561197281,0.35899999737739563,0.49000000953674316
YPL200W,YGR284C,0,-0.9350153,0.06825095415115356,0.35899999737739563,0.4900999963283539
YGL222C,YDR322C-A,0,-0.9351804,0.06823797523975372,0.35899999737739563,0.490200012922287
YDR225W,YLL027W,0,-0.93529165,0.06822501122951508,0.35899999737739563,0.4902999997138977
YPL116W,YDR379W,0,-0.93576515,0.06821204721927643,0.35899999737739563,0.4903999865055084
YOR249C,YIL153W,1,-0.93583596,0.06838905811309814,0.36000001430511475,0.4903999865055084
YIL124W,YOR173W,0,-0.9358429,0.0683760717511177,0.36000001430511475,0.49050000309944153
YPR135W,YKR083C,1,-0.93597245,0.06855297833681107,0.3610000014305115,0.49050000309944153
YIL051C,YDR281C,0,-0.93619716,0.06853996217250824,0.3610000014305115,0.49059998989105225
YLR084C,YDR463W,0,-0.9362582,0.06852695345878601,0.3610000014305115,0.49070000648498535
YGR109C,YDR201W,1,-0.9364115,0.06870374083518982,0.3619999885559082,0.49070000648498535
YGL247W,YLR396C,0,-0.93677974,0.0686907023191452,0.3619999885559082,0.49079999327659607
YDR421W,YLR291C,0,-0.93686104,0.06867767125368118,0.3619999885559082,0.4909000098705292
YOL156W,YDR177W,0,-0.9369012,0.06866464018821716,0.3619999885559082,0.4909999966621399
YKL220C,YDR397C,0,-0.93728137,0.06865162402391434,0.3619999885559082,0.491100013256073
YOL133W,YJL074C,1,-0.93742216,0.06882821023464203,0.3630000054836273,0.491100013256073
YML011C,YIL022W,0,-0.93755305,0.06881516426801682,0.3630000054836273,0.4912000000476837
YKL093W,YDL002C,0,-0.937598,0.0688021257519722,0.3630000054836273,0.49129998683929443
YBL002W,YBL105C,0,-0.9377742,0.06878908723592758,0.3630000054836273,0.49140000343322754
YBR155W,YJL203W,0,-0.9379678,0.06877604871988297,0.3630000054836273,0.49149999022483826
YNR057C,YHR139C,0,-0.93826544,0.06876302510499954,0.3630000054836273,0.49160000681877136
YOR250C,YDL236W,0,-0.93831193,0.06875000149011612,0.3630000054836273,0.4916999936103821
YOR322C,YKL122C,0,-0.9383935,0.0687369853258133,0.3630000054836273,0.4918000102043152
YLR452C,YDR407C,0,-0.9384526,0.06872396916151047,0.3630000054836273,0.4918999969959259
YLL013C,YPR055W,0,-0.9385545,0.06871096044778824,0.3630000054836273,0.492000013589859
YNL288W,YGL006W,0,-0.9385636,0.0686979591846466,0.3630000054836273,0.4921000003814697
YLR102C,YDL047W,1,-0.9385915,0.06887417286634445,0.36399999260902405,0.4921000003814697
YOR136W,YDR183W,0,-0.93860793,0.06886114180088043,0.36399999260902405,0.49219998717308044
YJR112W,YBL105C,0,-0.9386096,0.06884811818599701,0.36399999260902405,0.49230000376701355
YFL045C,YPL128C,0,-0.9386152,0.06883510202169418,0.36399999260902405,0.49239999055862427
YDR263C,YDR040C,0,-0.93863463,0.06882208585739136,0.36399999260902405,0.4925000071525574
YPR122W,YJL111W,0,-0.9386455,0.06880907714366913,0.36399999260902405,0.4925999939441681
YDR225W,YGR047C,0,-0.93908846,0.0687960684299469,0.36399999260902405,0.4927000105381012
YHR187W,YBR080C,0,-0.9391024,0.06878306716680527,0.36399999260902405,0.4927999973297119
YLR219W,YOL091W,0,-0.93922985,0.06877007335424423,0.36399999260902405,0.492900013923645
YGL240W,YIR025W,1,-0.93949854,0.068945974111557,0.36500000953674316,0.492900013923645
YGL065C,YPL018W,0,-0.9395853,0.06893295794725418,0.36500000953674316,0.49300000071525574
YJL125C,YBR080C,0,-0.93970096,0.06891994178295135,0.36500000953674316,0.49309998750686646
YFL057C,YLR329W,0,-0.9400692,0.06890692561864853,0.36500000953674316,0.49320000410079956
YOL055C,YIL022W,0,-0.9403738,0.0688939243555069,0.36500000953674316,0.4932999908924103
YGL078C,YLR113W,0,-0.9405482,0.06888092309236526,0.36500000953674316,0.4934000074863434
YDL175C,YEL027W,0,-0.94068885,0.06886792182922363,0.36500000953674316,0.4934999942779541
YHL022C,YGR047C,0,-0.9411731,0.0688549354672432,0.36500000953674316,0.4936000108718872
YJL060W,YOR174W,0,-0.94123137,0.06884194910526276,0.36500000953674316,0.4936999976634979
YDL132W,YDR310C,1,-0.9413142,0.06901753693819046,0.3659999966621399,0.4936999976634979
YMR078C,YHL007C,1,-0.9415592,0.06919306516647339,0.367000013589859,0.4936999976634979
YHR116W,YDR227W,0,-0.94160044,0.06918001919984818,0.367000013589859,0.49380001425743103
YGR085C,YNL283C,0,-0.9416733,0.06916698068380356,0.367000013589859,0.49390000104904175
YAL044C,YGR163W,0,-0.94181514,0.06915394961833954,0.367000013589859,0.49399998784065247
YBR065C,YJR112W,0,-0.94183064,0.06914091855287552,0.367000013589859,0.49410000443458557
YAR015W,YFR005C,0,-0.94184756,0.0691278949379921,0.367000013589859,0.4941999912261963
YOR099W,YLR084C,0,-0.9419812,0.06911487877368927,0.367000013589859,0.4943000078201294
YJL100W,YIL051C,0,-0.94208705,0.06910186260938644,0.367000013589859,0.4943999946117401
YDR177W,YOR084W,0,-0.9420955,0.06908885389566422,0.367000013589859,0.4945000112056732
YGR092W,YOL156W,0,-0.94215775,0.06907585263252258,0.367000013589859,0.49459999799728394
YHR067W,YLR320W,0,-0.9421642,0.06906285136938095,0.367000013589859,0.49470001459121704
YJR057W,YOR243C,0,-0.9421836,0.06904985755681992,0.367000013589859,0.49480000138282776
YBR110W,YGL006W,0,-0.94240034,0.06903687119483948,0.367000013589859,0.4948999881744385
YJL099W,YOR049C,0,-0.9425309,0.06902388483285904,0.367000013589859,0.4950000047683716
YOL156W,YDR088C,0,-0.9426167,0.0690109059214592,0.367000013589859,0.4950999915599823
YPL040C,YEL019C,0,-0.94265497,0.06899793446063995,0.367000013589859,0.4952000081539154
YDR176W,YJR019C,0,-0.94348013,0.06898496299982071,0.367000013589859,0.4952999949455261
YGR044C,YDR334W,0,-0.9437736,0.06897199898958206,0.367000013589859,0.49540001153945923
YGL021W,YMR048W,1,-0.94381785,0.06914693862199783,0.36800000071525574,0.49540001153945923
YIL147C,YJL164C,0,-0.9439006,0.0691339448094368,0.36800000071525574,0.49549999833106995
YNL329C,YMR030W,0,-0.9441019,0.06912095844745636,0.36800000071525574,0.49559998512268066
YBL023C,YBR069C,0,-0.9441838,0.06910797953605652,0.36800000071525574,0.49570000171661377
YMR056C,YNR016C,0,-0.94425356,0.06909500807523727,0.36800000071525574,0.4957999885082245
YGL240W,YCR065W,1,-0.94455075,0.06926976144313812,0.36899998784065247,0.4957999885082245
YJL186W,YBL061C,0,-0.9446876,0.06925676017999649,0.36899998784065247,0.4959000051021576
YBL045C,YLR148W,0,-0.9447262,0.06924375891685486,0.36899998784065247,0.4959999918937683
YAL023C,YOR294W,0,-0.94490385,0.06923077255487442,0.36899998784065247,0.4961000084877014
YIL124W,YMR263W,0,-0.94497323,0.06921778619289398,0.36899998784065247,0.49619999527931213
YJL060W,YLR006C,0,-0.9450923,0.06920479983091354,0.36899998784065247,0.49630001187324524
YCL061C,YBR097W,0,-0.945519,0.0691918209195137,0.36899998784065247,0.49639999866485596
YGR077C,YOR295W,0,-0.94565046,0.06917884945869446,0.36899998784065247,0.4964999854564667
YOR100C,YBR183W,0,-0.9456587,0.06916588544845581,0.36899998784065247,0.4966000020503998
YGL190C,YAL040C,1,-0.9457977,0.06934033334255219,0.3700000047683716,0.4966000020503998
YAL020C,YMR316W,0,-0.94581234,0.06932733952999115,0.3700000047683716,0.4966999888420105
YDL112W,YOR129C,0,-0.94636,0.06931435316801071,0.3700000047683716,0.4968000054359436
YDR052C,YPL058C,0,-0.946455,0.06930136680603027,0.3700000047683716,0.4968999922275543
YKR036C,YNL244C,0,-0.9465116,0.06928838789463043,0.3700000047683716,0.4970000088214874
YGL187C,YDL055C,0,-0.94661784,0.06927541643381119,0.3700000047683716,0.49709999561309814
YGL247W,YKL079W,0,-0.94661975,0.06926244497299194,0.3700000047683716,0.49720001220703125
YKL093W,YPR002W,0,-0.9466828,0.06924948841333389,0.3700000047683716,0.49729999899864197
YNL048W,YNL037C,0,-0.9467162,0.06923652440309525,0.3700000047683716,0.4973999857902527
YOL111C,YCL054W,0,-0.94682324,0.06922357529401779,0.3700000047683716,0.4975000023841858
YGR120C,YPL249C,0,-0.9468702,0.06921062618494034,0.3700000047683716,0.4975999891757965
YIL051C,YAL032C,0,-0.9468744,0.06919768452644348,0.3700000047683716,0.4977000057697296
YOL133W,YML064C,1,-0.9468869,0.06937173008918762,0.3709999918937683,0.4977000057697296
YKL021C,YJL203W,0,-0.94701576,0.06935875862836838,0.3709999918937683,0.49779999256134033
YDR165W,YOR043W,0,-0.9471669,0.06934579461812973,0.3709999918937683,0.49790000915527344
YKL032C,YML001W,0,-0.94726086,0.06933283805847168,0.3709999918937683,0.49799999594688416
YDR106W,YKR037C,1,-0.9472649,0.06950672715902328,0.3720000088214874,0.49799999594688416
YLR191W,YOR047C,0,-0.9473758,0.06949374079704285,0.3720000088214874,0.49810001254081726
YJL092W,YER094C,0,-0.9474318,0.069480761885643,0.3720000088214874,0.498199999332428
YER155C,YOR031W,0,-0.9480412,0.06946779042482376,0.3720000088214874,0.4982999861240387
YGL180W,YBR041W,0,-0.948074,0.06945481896400452,0.3720000088214874,0.4984000027179718
YNL075W,YER094C,0,-0.9481119,0.06944185495376587,0.3720000088214874,0.4984999895095825
YLR102C,YGR140W,1,-0.94814324,0.06961552798748016,0.37299999594688416,0.4984999895095825
YKR054C,YMR236W,1,-0.94846094,0.06978914141654968,0.37400001287460327,0.4984999895095825
YJL100W,YBR192W,0,-0.9487324,0.06977611780166626,0.37400001287460327,0.4986000061035156
YDL079C,YKR029C,0,-0.94878256,0.06976310163736343,0.37400001287460327,0.49869999289512634
YOR193W,YHR119W,0,-0.9489738,0.0697500929236412,0.37400001287460327,0.49880000948905945
YNL106C,YGR178C,0,-0.94905233,0.06973708420991898,0.37400001287460327,0.49889999628067017
YLR147C,YJR019C,0,-0.9491184,0.06972408294677734,0.37400001287460327,0.49900001287460327
YEL069C,YER095W,0,-0.949317,0.06971108913421631,0.37400001287460327,0.499099999666214
YPL116W,YJL164C,0,-0.94944084,0.06969810277223587,0.37400001287460327,0.4991999864578247
YKL025C,YPL239W,0,-0.9494413,0.06968511641025543,0.37400001287460327,0.4993000030517578
YPL267W,YIL031W,1,-0.9494827,0.06985841691493988,0.375,0.4993000030517578
YOL016C,YPL249C,0,-0.9495499,0.06984540820121765,0.375,0.49939998984336853
YDR225W,YMR013C,0,-0.9497436,0.06983239948749542,0.375,0.49950000643730164
YNL231C,YHR163W,0,-0.9498223,0.06981939822435379,0.375,0.49959999322891235
YOR188W,YGR178C,0,-0.9498439,0.06980640441179276,0.375,0.49970000982284546
YPR135W,YMR236W,1,-0.9500046,0.06997952610254288,0.37599998712539673,0.49970000982284546
YLR158C,YLR192C,0,-0.9501648,0.06996650248765945,0.37599998712539673,0.4997999966144562
YER089C,YJL098W,1,-0.9502523,0.07013953477144241,0.37700000405311584,0.4997999966144562
YMR219W,YDR156W,0,-0.95026493,0.0701264888048172,0.37700000405311584,0.4999000132083893
YNL222W,YKL028W,0,-0.95038056,0.07011344283819199,0.37700000405311584,0.5
YNL278W,YML076C,0,-0.95057774,0.07010041177272797,0.37700000405311584,0.5001000165939331
YGR037C,YOR191W,0,-0.9506352,0.07008737325668335,0.37700000405311584,0.5001999735832214
YLR285W,YKR101W,0,-0.95064545,0.07007434964179993,0.37700000405311584,0.5002999901771545
YLR051C,YMR182C,0,-0.95073295,0.0700613260269165,0.37700000405311584,0.5004000067710876
YGR006W,YFL059W,0,-0.95080435,0.07004830986261368,0.37700000405311584,0.5005000233650208
YJL095W,YOR032C,0,-0.95094454,0.07003529369831085,0.37700000405311584,0.5005999803543091
YAL007C,YHR079C,0,-0.9511738,0.07002228498458862,0.37700000405311584,0.5006999969482422
YOL142W,YLR055C,0,-0.9514003,0.07000928372144699,0.37700000405311584,0.5008000135421753
YGL247W,YIL070C,0,-0.9514365,0.06999628990888596,0.37700000405311584,0.5008999705314636
YBR136W,YBR061C,0,-0.9518206,0.06998329609632492,0.37700000405311584,0.5009999871253967
YNL048W,YMR053C,0,-0.95200026,0.06997030228376389,0.37700000405311584,0.5011000037193298
YPR134W,YHR119W,0,-0.95207715,0.06995732337236404,0.37700000405311584,0.5012000203132629
YMR267W,YPR110C,0,-0.95215833,0.0699443444609642,0.37700000405311584,0.5012999773025513
YOR099W,YDR058C,0,-0.9522016,0.06993136554956436,0.37700000405311584,0.5013999938964844
YPR122W,YFL002C,0,-0.9522716,0.06991839408874512,0.37700000405311584,0.5015000104904175
YDR206W,YNL312W,0,-0.95230234,0.06990543007850647,0.37700000405311584,0.5016000270843506
YBR193C,YJL168C,0,-0.9524201,0.06989247351884842,0.37700000405311584,0.5016999840736389
YAL007C,YPL040C,0,-0.95291543,0.06987951695919037,0.37700000405311584,0.501800000667572
YDR518W,YPR055W,0,-0.95306075,0.06986656785011292,0.37700000405311584,0.5019000172615051
YDR188W,YDR240C,0,-0.95308435,0.06985361874103546,0.37700000405311584,0.5019999742507935
YJR057W,YOL091W,0,-0.9532695,0.0698406845331192,0.37700000405311584,0.5020999908447266
YOL017W,YOL128C,0,-0.95334446,0.06982774287462234,0.37700000405311584,0.5022000074386597
YMR025W,YGR059W,0,-0.9535917,0.06981481611728668,0.37700000405311584,0.5023000240325928
YMR032W,YDL236W,0,-0.953706,0.06980188935995102,0.37700000405311584,0.5023999810218811
YJL122W,YFR034C,0,-0.9537355,0.06978897005319595,0.37700000405311584,0.5024999976158142
YBR192W,YKL079W,0,-0.9539497,0.06977605074644089,0.37700000405311584,0.5026000142097473
YKL165C,YOR179C,0,-0.95426154,0.06976313889026642,0.37700000405311584,0.5026999711990356
YOR031W,YJR144W,0,-0.95431733,0.06975023448467255,0.37700000405311584,0.5027999877929688
YDR435C,YOR106W,0,-0.95436895,0.06973733007907867,0.37700000405311584,0.5029000043869019
YPR128C,YPR175W,0,-0.9544934,0.0697244331240654,0.37700000405311584,0.503000020980835
YBR155W,YML001W,0,-0.95450306,0.06971153616905212,0.37700000405311584,0.5030999779701233
YHR174W,YHR073W,0,-0.9546106,0.06969865411520004,0.37700000405311584,0.5031999945640564
YDL145C,YOR274W,0,-0.9549147,0.06968576461076736,0.37700000405311584,0.5033000111579895
YLR320W,YDR289C,0,-0.95504427,0.06967289000749588,0.37700000405311584,0.5034000277519226
YER114C,YLR318W,0,-0.9551765,0.0696600154042244,0.37700000405311584,0.5034999847412109
YGL247W,YNL236W,0,-0.9552231,0.06964714825153351,0.37700000405311584,0.503600001335144
YML086C,YLL042C,0,-0.95526195,0.06963428109884262,0.37700000405311584,0.5037000179290771
YDR480W,YMR069W,0,-0.95540774,0.06962142139673233,0.37700000405311584,0.5037999749183655
YOR231W,YML097C,0,-0.95562434,0.06960856914520264,0.37700000405311584,0.5038999915122986
YLR157C,YKL058W,0,-0.9558494,0.06959571689367294,0.37700000405311584,0.5040000081062317
YER169W,YKL051W,0,-0.956226,0.06958287209272385,0.37700000405311584,0.5041000247001648
YDL132W,YML064C,1,-0.95631933,0.06975457072257996,0.3779999911785126,0.5041000247001648
YNL068C,YMR190C,1,-0.95647335,0.0699262022972107,0.3790000081062317,0.5041000247001648
YNL148C,YMR005W,0,-0.9566922,0.06991329789161682,0.3790000081062317,0.5041999816894531
YER178W,YFL060C,0,-0.95677316,0.06990040838718414,0.3790000081062317,0.5042999982833862
YJL122W,YPL139C,0,-0.95696306,0.06988751888275146,0.3790000081062317,0.5044000148773193
YML011C,YKL079W,0,-0.95698476,0.06987462937831879,0.3790000081062317,0.5044999718666077
YJR153W,YCR018C,0,-0.9570538,0.0698617547750473,0.3790000081062317,0.5045999884605408
YDR096W,YLR022C,0,-0.95705533,0.06984887272119522,0.3790000081062317,0.5047000050544739
YOR040W,YGR276C,0,-0.9570863,0.06983600556850433,0.3790000081062317,0.504800021648407
YLR131C,YCR065W,1,-0.95744216,0.07000736892223358,0.3799999952316284,0.504800021648407
YHR079C,YOR162C,0,-0.95765543,0.0699944719672203,0.3799999952316284,0.5048999786376953
YBR036C,YNL236W,0,-0.9576677,0.06998158246278763,0.3799999952316284,0.5049999952316284
YNL037C,YJL203W,0,-0.9577098,0.06996870040893555,0.3799999952316284,0.5051000118255615
YPL254W,YOL091W,0,-0.9577327,0.06995581835508347,0.3799999952316284,0.5052000284194946
YIR010W,YHR143W-A,0,-0.9578726,0.06994294375181198,0.3799999952316284,0.505299985408783
YJR131W,YGR077C,0,-0.9579172,0.0699300691485405,0.3799999952316284,0.5054000020027161
YDR450W,YGR063C,0,-0.95815074,0.06991720199584961,0.3799999952316284,0.5055000185966492
YBR036C,YPL127C,0,-0.9581963,0.06990434229373932,0.3799999952316284,0.5055999755859375
YPR075C,YNL333W,0,-0.95821345,0.06989148259162903,0.3799999952316284,0.5056999921798706
YGL240W,YDR113C,1,-0.95839393,0.07006252557039261,0.38100001215934753,0.5056999921798706
YLR035C,YBR260C,0,-0.9584571,0.07004964351654053,0.38100001215934753,0.5058000087738037
YHR034C,YDR341C,0,-0.95866597,0.07003676146268845,0.38100001215934753,0.5059000253677368
YPL200W,YNR052C,0,-0.95867383,0.07002389430999756,0.38100001215934753,0.5059999823570251
YBR038W,YDL056W,0,-0.9587687,0.07001102715730667,0.38100001215934753,0.5060999989509583
YPL132W,YOR319W,0,-0.9591825,0.06999816000461578,0.38100001215934753,0.5062000155448914
YIL009W,YGL254W,0,-0.9594722,0.06998530775308609,0.38100001215934753,0.5062999725341797
YMR097C,YCR018C,0,-0.95984435,0.0699724555015564,0.38100001215934753,0.5063999891281128
YBR168W,YFL059W,0,-0.9598869,0.0699596032500267,0.38100001215934753,0.5065000057220459
YMR119W,YPL157W,0,-0.9599873,0.0699467584490776,0.38100001215934753,0.506600022315979
YML036W,YJR019C,0,-0.96008074,0.0699339210987091,0.38100001215934753,0.5066999793052673
YEL069C,YML059C,0,-0.9601321,0.0699210837483406,0.38100001215934753,0.5067999958992004
YNR016C,YOL013C,0,-0.9601897,0.0699082538485527,0.38100001215934753,0.5069000124931335
YFR027W,YER133W,1,-0.9604225,0.07007888704538345,0.38199999928474426,0.5069000124931335
YHR015W,YGL004C,0,-0.9604503,0.07006602734327316,0.38199999928474426,0.5070000290870667
YDR314C,YIL061C,0,-0.9605886,0.07005318254232407,0.38199999928474426,0.507099986076355
YLR405W,YNL003C,0,-0.9606415,0.07004033774137497,0.38199999928474426,0.5072000026702881
YCR048W,YNL128W,0,-0.960657,0.07002750039100647,0.38199999928474426,0.5073000192642212
YJR131W,YJL036W,0,-0.9607732,0.07001466304063797,0.38199999928474426,0.5073999762535095
YPR111W,YPR193C,0,-0.9608805,0.07000183314085007,0.38199999928474426,0.5074999928474426
YPL125W,YNL248C,0,-0.9609126,0.06998900324106216,0.38199999928474426,0.5076000094413757
YOR085W,YJL203W,0,-0.9610144,0.06997618824243546,0.38199999928474426,0.5077000260353088
YOR136W,YDR181C,0,-0.96105266,0.06996337324380875,0.38199999928474426,0.5077999830245972
YER177W,YKR083C,1,-0.9611436,0.07013367861509323,0.382999986410141,0.5077999830245972
YJR153W,YPL085W,0,-0.9611745,0.07012083381414413,0.382999986410141,0.5078999996185303
YOR168W,YLL004W,0,-0.96143913,0.07010799646377563,0.382999986410141,0.5080000162124634
YPR134W,YDL059C,0,-0.9619552,0.07009516656398773,0.382999986410141,0.5080999732017517
YGR284C,YFL017W-A,0,-0.9619727,0.07008234411478043,0.382999986410141,0.5081999897956848
YCR066W,YJL093C,0,-0.96237767,0.07006952166557312,0.382999986410141,0.5083000063896179
YPL127C,YBL022C,0,-0.9624715,0.07005670666694641,0.382999986410141,0.508400022983551
YBR182C,YNL310C,0,-0.96254206,0.0700438916683197,0.382999986410141,0.5084999799728394
YNL142W,YNL025C,0,-0.9625701,0.07003108412027359,0.382999986410141,0.5085999965667725
YAL044C,YML059C,0,-0.9626895,0.07001828402280807,0.382999986410141,0.5087000131607056
YDL126C,YIL009W,0,-0.96275663,0.07000548392534256,0.382999986410141,0.5088000297546387
YER044C,YML059C,0,-0.9627911,0.06999269127845764,0.382999986410141,0.508899986743927
YDL137W,YLR219W,0,-0.962865,0.06997989863157272,0.382999986410141,0.5090000033378601
YER179W,YDL076C,0,-0.9629042,0.069967120885849,0.382999986410141,0.5091000199317932
YER168C,YDL145C,0,-0.9629568,0.06995433568954468,0.382999986410141,0.5091999769210815
YJR121W,YBR026C,0,-0.96305263,0.06994156539440155,0.382999986410141,0.5092999935150146
YFL039C,YOR344C,1,-0.9630743,0.07011137157678604,0.3840000033378601,0.5092999935150146
YBR110W,YCR018C,0,-0.96310055,0.07009857892990112,0.3840000033378601,0.5094000101089478
YOR341W,YOR047C,0,-0.9636537,0.07008577883243561,0.3840000033378601,0.5095000267028809
YLL013C,YER162C,0,-0.96369004,0.07007299363613129,0.3840000033378601,0.5095999836921692
YGR204W,YPL128C,0,-0.9637152,0.07006020843982697,0.3840000033378601,0.5097000002861023
YDL056W,YHL011C,0,-0.9638003,0.07004743069410324,0.3840000033378601,0.5098000168800354
YMR316W,YHR079C-A,0,-0.9638182,0.07003465294837952,0.3840000033378601,0.5098999738693237
YKL120W,YPL151C,0,-0.9639739,0.07002188265323639,0.3840000033378601,0.5099999904632568
YKL165C,YAR031W,0,-0.9641366,0.07000911235809326,0.3840000033378601,0.5101000070571899
YHL028W,YOL128C,0,-0.9642643,0.06999635696411133,0.3840000033378601,0.510200023651123
YKR062W,YOR162C,0,-0.96426785,0.0699835941195488,0.3840000033378601,0.5102999806404114
YLL027W,YPL106C,0,-0.9642737,0.06997084617614746,0.3840000033378601,0.5103999972343445
YOL013C,YCR066W,0,-0.964293,0.06995809823274612,0.3840000033378601,0.5105000138282776
YDR432W,YJL140W,0,-0.9644735,0.06994535773992538,0.3840000033378601,0.5105999708175659
YOR347C,YJL140W,0,-0.96455765,0.06993261724710464,0.3840000033378601,0.510699987411499
YPR132W,YIL123W,0,-0.9646468,0.0699198842048645,0.3840000033378601,0.5108000040054321
YIL040W,YHR008C,0,-0.964677,0.06990715116262436,0.3840000033378601,0.5109000205993652
YJL092W,YGR063C,0,-0.96474683,0.06989443302154541,0.3840000033378601,0.5109999775886536
YER030W,YPR046W,0,-0.96498895,0.06988170742988586,0.3840000033378601,0.5110999941825867
YHR116W,YNL287W,0,-0.9651551,0.06986899673938751,0.3840000033378601,0.5112000107765198
YDL145C,YBR168W,0,-0.96517,0.06985628604888916,0.3840000033378601,0.5113000273704529
YJR017C,YML097C,0,-0.9652188,0.0698435828089714,0.3840000033378601,0.5113999843597412
YMR081C,YNL107W,0,-0.9652238,0.06983087956905365,0.3840000033378601,0.5115000009536743
YJR131W,YGR178C,0,-0.96536756,0.06981818377971649,0.3840000033378601,0.5116000175476074
YOR144C,YOR226C,0,-0.96542776,0.06980548799037933,0.3840000033378601,0.5116999745368958
YGL144C,YCR067C,0,-0.96550214,0.06979279965162277,0.3840000033378601,0.5117999911308289
YML036W,YOR322C,0,-0.9655217,0.06978011876344681,0.3840000033378601,0.511900007724762
YBR136W,YDR469W,0,-0.9655777,0.06976744532585144,0.3840000033378601,0.5120000243186951
YDR040C,YKL120W,0,-0.96559834,0.06975477188825607,0.3840000033378601,0.5120999813079834
YOL111C,YLR466W,0,-0.96589863,0.0697420984506607,0.3840000033378601,0.5121999979019165
YPL240C,YPR178W,0,-0.9659538,0.06972943246364594,0.3840000033378601,0.5123000144958496
YOR274W,YOR346W,0,-0.9661577,0.06971677392721176,0.3840000033378601,0.5123999714851379
YLR381W,YFL002C,0,-0.96629226,0.06970412284135818,0.3840000033378601,0.512499988079071
YDL175C,YBR143C,0,-0.9663509,0.06969147175550461,0.3840000033378601,0.5126000046730042
YNL218W,YJL108C,0,-0.9663595,0.06967882066965103,0.3840000033378601,0.5127000212669373
YLR141W,YHL022C,0,-0.9666362,0.06966618448495865,0.3840000033378601,0.5127999782562256
YMR078C,YCR065W,1,-0.9666611,0.06983493268489838,0.38499999046325684,0.5127999782562256
YCR089W,YOR295W,0,-0.9668952,0.0698222741484642,0.38499999046325684,0.5128999948501587
YJL094C,YNR017W,0,-0.96689606,0.06980960816144943,0.38499999046325684,0.5130000114440918
YDL178W,YHR008C,0,-0.9669751,0.06979695707559586,0.38499999046325684,0.5131000280380249
YGR288W,YOL043C,0,-0.9670211,0.06978430598974228,0.38499999046325684,0.5131999850273132
YIR033W,YAL002W,0,-0.96705484,0.0697716549038887,0.38499999046325684,0.5133000016212463
YNL042W,YNL138W,0,-0.9672059,0.06975901126861572,0.38499999046325684,0.5134000182151794
YKL053C-A,YGR285C,0,-0.96734,0.06974637508392334,0.38499999046325684,0.5134999752044678
YKL005C,YNL031C,0,-0.96752036,0.06973374634981155,0.38499999046325684,0.5135999917984009
YJL062W,YDR450W,0,-0.96754,0.06972111761569977,0.38499999046325684,0.513700008392334
YHR205W,YDL052C,0,-0.96770954,0.06970848888158798,0.38499999046325684,0.5138000249862671
YMR030W,YHR139C,0,-0.96787333,0.06969587504863739,0.38499999046325684,0.5138999819755554
YJL168C,YBR143C,0,-0.9678756,0.0696832612156868,0.38499999046325684,0.5139999985694885
YHR160C,YJL108C,0,-0.9679129,0.0696706473827362,0.38499999046325684,0.5141000151634216
YKL152C,YML123C,0,-0.96794987,0.06965804100036621,0.38499999046325684,0.51419997215271
YER155C,YIL084C,0,-0.96802485,0.06964544206857681,0.38499999046325684,0.5142999887466431
YJR069C,YDR181C,0,-0.9683832,0.06963284313678741,0.38499999046325684,0.5144000053405762
YGR288W,YML029W,0,-0.9684609,0.06962025165557861,0.38499999046325684,0.5145000219345093
YFL057C,YKL186C,0,-0.96846783,0.06960766762495041,0.38499999046325684,0.5145999789237976
YDR432W,YHR196W,0,-0.9685761,0.0695950835943222,0.38499999046325684,0.5146999955177307
YOR179C,YNL283C,0,-0.9686382,0.0695825070142746,0.38499999046325684,0.5148000121116638
YGR254W,YPL053C,0,-0.96866477,0.06956993043422699,0.38499999046325684,0.5149000287055969
YOR250C,YIL149C,0,-0.9687222,0.06955736130475998,0.38499999046325684,0.5149999856948853
YGR245C,YJL074C,1,-0.96918,0.06972543150186539,0.38600000739097595,0.5149999856948853
YJL062W,YMR308C,0,-0.9692073,0.06971284002065659,0.38600000739097595,0.5151000022888184
YIR025W,YDR310C,1,-0.9692869,0.06988082081079483,0.3869999945163727,0.5151000022888184
YKR076W,YOR353C,0,-0.96954894,0.06986820697784424,0.3869999945163727,0.5152000188827515
YPR193C,YCR066W,0,-0.96956646,0.06985559314489365,0.3869999945163727,0.5152999758720398
YOL151W,YKL017C,0,-0.96979654,0.06984298676252365,0.3869999945163727,0.5153999924659729
YLR084C,YKR031C,0,-0.96994746,0.06983038783073425,0.3869999945163727,0.515500009059906
YLR051C,YJL062W,0,-0.9700552,0.06981778889894485,0.3869999945163727,0.5156000256538391
YBR038W,YLL001W,0,-0.97010255,0.06980519741773605,0.3869999945163727,0.5156999826431274
YPL132W,YJL093C,0,-0.970317,0.06979260593652725,0.3869999945163727,0.5157999992370605
YGL016W,YMR293C,0,-0.97032654,0.06978002190589905,0.3869999945163727,0.5159000158309937
YJR069C,YER074W-A,0,-0.9703301,0.06976744532585144,0.3869999945163727,0.515999972820282
YJL062W,YDR227W,0,-0.9704218,0.06975486874580383,0.3869999945163727,0.5160999894142151
YGR037C,YDR392W,0,-0.97048974,0.06974229961633682,0.3869999945163727,0.5162000060081482
YLR270W,YOR099W,0,-0.9706559,0.06972973048686981,0.3869999945163727,0.5163000226020813
YML059C,YBL022C,0,-0.9707936,0.0697171688079834,0.3869999945163727,0.5163999795913696
YJR017C,YOR353C,0,-0.97092986,0.06970461457967758,0.3869999945163727,0.5164999961853027
YOR377W,YCL039W,0,-0.9710667,0.06969206035137177,0.3869999945163727,0.5166000127792358
YGL194C,YHR067W,0,-0.97111344,0.06967951357364655,0.3869999945163727,0.516700029373169
YDL126C,YGL222C,0,-0.97118914,0.06966696679592133,0.3869999945163727,0.5167999863624573
YLR320W,YLR305C,0,-0.9713173,0.0696544274687767,0.3869999945163727,0.5169000029563904
YBR036C,YFL060C,0,-0.9713466,0.06964189559221268,0.3869999945163727,0.5170000195503235
YNL278W,YLR033W,0,-0.971501,0.06962936371564865,0.3869999945163727,0.5170999765396118
YIL009W,YPR052C,0,-0.97151613,0.06961683928966522,0.3869999945163727,0.5171999931335449
YNL128W,YDR330W,0,-0.9715681,0.0696043148636818,0.3869999945163727,0.517300009727478
YOR032C,YPL040C,0,-0.9720355,0.06959179788827896,0.3869999945163727,0.5174000263214111
YPL267W,YBR215W,1,-0.9720969,0.0697590783238411,0.3880000114440918,0.5174000263214111
YPR093C,YBR143C,0,-0.97221506,0.06974653899669647,0.3880000114440918,0.5174999833106995
YLR304C,YOL005C,0,-0.9722302,0.06973400712013245,0.3880000114440918,0.5175999999046326
YNR057C,YPL248C,0,-0.97229385,0.06972147524356842,0.3880000114440918,0.5177000164985657
YGL016W,YLR075W,0,-0.97232735,0.06970895081758499,0.3880000114440918,0.517799973487854
YGL222C,YLR147C,0,-0.972401,0.06969642639160156,0.3880000114440918,0.5178999900817871
YIL070C,YOR060C,0,-0.9724513,0.06968390941619873,0.3880000114440918,0.5180000066757202
YNL117W,YCR061W,0,-0.97280693,0.0696713924407959,0.3880000114440918,0.5181000232696533
YLR369W,YDL201W,0,-0.97284675,0.06965889036655426,0.3880000114440918,0.5181999802589417
YOR274W,YGL137W,0,-0.9729625,0.06964638084173203,0.3880000114440918,0.5182999968528748
YOL013C,YPL040C,0,-0.973083,0.06963388621807098,0.3880000114440918,0.5184000134468079
YJL122W,YDL002C,0,-0.9733696,0.06962139159440994,0.3880000114440918,0.5184999704360962
YLR059C,YKL079W,0,-0.9735359,0.0696088969707489,0.3880000114440918,0.5185999870300293
YLR059C,YCR028C-A,0,-0.97372603,0.06959640979766846,0.3880000114440918,0.5187000036239624
YGL167C,YJR033C,0,-0.9737545,0.06958393007516861,0.3880000114440918,0.5188000202178955
YOR231W,YLR107W,0,-0.97385526,0.06957145780324936,0.3880000114440918,0.5188999772071838
YHR023W,YGR285C,0,-0.9738679,0.06955897808074951,0.3880000114440918,0.5189999938011169
YPR128C,YDL106C,0,-0.9739214,0.06954651325941086,0.3880000114440918,0.51910001039505
YPR023C,YLR291C,0,-0.97394407,0.0695340484380722,0.3880000114440918,0.5192000269889832
YAL020C,YEL051W,0,-0.97397506,0.06952159106731415,0.3880000114440918,0.5192999839782715
YER177W,YGR140W,1,-0.97409177,0.06968828290700912,0.3889999985694885,0.5192999839782715
YPL082C,YKL045W,0,-0.97432923,0.06967580318450928,0.3889999985694885,0.5194000005722046
YKL120W,YDR289C,0,-0.9744488,0.06966332346200943,0.3889999985694885,0.5195000171661377
YLR113W,YOR193W,0,-0.974483,0.06965085119009018,0.3889999985694885,0.519599974155426
YPL254W,YER151C,0,-0.97460043,0.06963837891817093,0.3889999985694885,0.5196999907493591
YGR227W,YCR098C,0,-0.9746481,0.06962591409683228,0.3889999985694885,0.5198000073432922
YHR068W,YLR417W,0,-0.9749192,0.06961345672607422,0.3889999985694885,0.5199000239372253
YOR329C,YBR223C,0,-0.9749272,0.06960099935531616,0.3889999985694885,0.5199999809265137
YJL085W,YIL110W,0,-0.9750079,0.0695885494351387,0.3889999985694885,0.5200999975204468
YJL092W,YGR072W,0,-0.9752141,0.06957610696554184,0.3889999985694885,0.5202000141143799
YPL069C,YMR049C,0,-0.97537804,0.06956366449594498,0.3889999985694885,0.5202999711036682
YGL062W,YLR369W,0,-0.97564375,0.06955122202634811,0.3889999985694885,0.5203999876976013
YLR144C,YDR085C,0,-0.9759847,0.06953879445791245,0.3889999985694885,0.5205000042915344
YPL127C,YLR369W,0,-0.9761416,0.06952635943889618,0.3889999985694885,0.5206000208854675
YGL130W,YLR320W,0,-0.976169,0.06951393932104111,0.3889999985694885,0.5206999778747559
YCR065W,YHL007C,1,-0.97623074,0.06968018412590027,0.38999998569488525,0.5206999778747559
YLR002C,YLR059C,0,-0.9767351,0.0696677416563034,0.38999998569488525,0.520799994468689
YNL031C,YBR260C,0,-0.97683525,0.06965529918670654,0.38999998569488525,0.5209000110626221
YMR056C,YGL222C,0,-0.976859,0.06964285671710968,0.38999998569488525,0.5210000276565552
YLR320W,YIL061C,0,-0.9769176,0.06963042169809341,0.38999998569488525,0.5210999846458435
YNL161W,YDL064W,1,-0.97708154,0.06979650259017944,0.39100000262260437,0.5210999846458435
YGL247W,YDR165W,0,-0.9770849,0.06978404521942139,0.39100000262260437,0.5212000012397766
YNL031C,YDR235W,0,-0.9771571,0.06977159529924393,0.39100000262260437,0.5213000178337097
YLR074C,YMR032W,0,-0.977214,0.06975914537906647,0.39100000262260437,0.521399974822998
YJR131W,YBR279W,0,-0.9781958,0.0697467029094696,0.39100000262260437,0.5214999914169312
YDL175C,YNL142W,0,-0.9782367,0.06973426043987274,0.39100000262260437,0.5216000080108643
YOR226C,YBR188C,0,-0.97830427,0.06972182542085648,0.39100000262260437,0.5217000246047974
YJL219W,YOR049C,0,-0.97833586,0.0697093978524208,0.39100000262260437,0.5217999815940857
YHR187W,YPR055W,0,-0.97843015,0.06969697028398514,0.39100000262260437,0.5218999981880188
YJL060W,YPL112C,0,-0.97866046,0.06968455016613007,0.39100000262260437,0.5220000147819519
YKR083C,YNL116W,1,-0.9788704,0.06985031813383102,0.3919999897480011,0.5220000147819519
YOR181W,YJL140W,0,-0.97905064,0.06983787566423416,0.3919999897480011,0.5220999717712402
YFL057C,YDL076C,0,-0.97911584,0.0698254331946373,0.3919999897480011,0.5221999883651733
YKL093W,YNL139C,0,-0.97955096,0.06981299817562103,0.3919999897480011,0.5223000049591064
YIL040W,YDR432W,0,-0.9796698,0.06980057060718536,0.3919999897480011,0.5224000215530396
YHR191C,YCR065W,1,-0.9797288,0.06996617466211319,0.3930000066757202,0.5224000215530396
YGL194C,YPL151C,0,-0.9797541,0.06995371729135513,0.3930000066757202,0.5224999785423279
YBR036C,YCR081W,0,-0.9800315,0.06994126737117767,0.3930000066757202,0.522599995136261
YKL021C,YBR129C,0,-0.9801339,0.06992882490158081,0.3930000066757202,0.5227000117301941
YNL139C,YDR083W,0,-0.9801425,0.06991638243198395,0.3930000066757202,0.5228000283241272
YNL117W,YOR127W,0,-0.9804559,0.06990394741296768,0.3930000066757202,0.5228999853134155
YGL206C,YBR192W,0,-0.9808068,0.06989151984453201,0.3930000066757202,0.5230000019073486
YNL048W,YBR069C,0,-0.9809133,0.06987909227609634,0.3930000066757202,0.5231000185012817
YDR191W,YJL029C,0,-0.98101044,0.06986666470766068,0.3930000066757202,0.5231999754905701
YDR440W,YBR097W,0,-0.98116696,0.0698542445898056,0.3930000066757202,0.5232999920845032
YPL133C,YGR059W,0,-0.98132825,0.06984183192253113,0.3930000066757202,0.5234000086784363
YJR090C,YOR326W,1,-0.9814074,0.07000710815191269,0.39399999380111694,0.5234000086784363
YMR168C,YER089C,1,-0.9815421,0.07017232477664948,0.39500001072883606,0.5234000086784363
YPL028W,YBR223C,0,-0.9817375,0.07015985995531082,0.39500001072883606,0.5235000252723694
YLR131C,YJL019W,1,-0.9817803,0.07032498717308044,0.3959999978542328,0.5235000252723694
YOR380W,YLR066W,0,-0.9821594,0.0703125,0.3959999978542328,0.5235999822616577
YPL127C,YCR067C,0,-0.9821776,0.07030002027750015,0.3959999978542328,0.5236999988555908
YLR158C,YKL034W,0,-0.9828447,0.0702875405550003,0.3959999978542328,0.5238000154495239
YIL110W,YCR028C-A,0,-0.98285186,0.07027506828308105,0.3959999978542328,0.5238999724388123
YIR025W,YJL098W,1,-0.9829874,0.07044003158807755,0.3970000147819519,0.5238999724388123
YPR001W,YOL128C,0,-0.9830195,0.07042752951383591,0.3970000147819519,0.5239999890327454
YPL132W,YNL317W,0,-0.98316026,0.07041504234075546,0.3970000147819519,0.5241000056266785
YJL122W,YOL102C,0,-0.9833497,0.07040255516767502,0.3970000147819519,0.5242000222206116
YML006C,YEL019C,0,-0.98339784,0.07039006799459457,0.3970000147819519,0.5242999792098999
YBL105C,YOR045W,0,-0.9835942,0.07037759572267532,0.3970000147819519,0.524399995803833
YAL020C,YLR075W,0,-0.98371196,0.07036511600017548,0.3970000147819519,0.5245000123977661
YPL048W,YJL165C,0,-0.9839461,0.07035265117883682,0.3970000147819519,0.5246000289916992
YDR345C,YIL149C,0,-0.9840094,0.07034018635749817,0.3970000147819519,0.5246999859809875
YLR102C,YKR028W,1,-0.9845598,0.07050487399101257,0.39800000190734863,0.5246999859809875
YGL223C,YHL011C,0,-0.9846014,0.07049238681793213,0.39800000190734863,0.5248000025749207
YJL074C,YIL031W,1,-0.98470926,0.07065698504447937,0.39899998903274536,0.5248000025749207
YBR164C,YLR431C,0,-0.9848304,0.07064447551965714,0.39899998903274536,0.5249000191688538
YMR113W,YDR083W,0,-0.9849043,0.0706319734454155,0.39899998903274536,0.5249999761581421
YMR182C,YBR077C,0,-0.9850764,0.07061947137117386,0.39899998903274536,0.5250999927520752
YBR038W,YOR295W,0,-0.9853271,0.07060696929693222,0.39899998903274536,0.5252000093460083
YOL147C,YDL106C,0,-0.9853848,0.07059448212385178,0.39899998903274536,0.5253000259399414
YCR089W,YLR417W,0,-0.98571646,0.07058199495077133,0.39899998903274536,0.5253999829292297
YKL051W,YDR478W,0,-0.9857422,0.07056950777769089,0.39899998903274536,0.5254999995231628
YDR385W,YHL025W,0,-0.98579,0.07055702805519104,0.39899998903274536,0.525600016117096
YGR177C,YDL145C,0,-0.9858191,0.07054455578327179,0.39899998903274536,0.5256999731063843
YDL056W,YKL125W,0,-0.9859694,0.07053208351135254,0.39899998903274536,0.5257999897003174
YBR110W,YDR499W,0,-0.98597944,0.07051961869001389,0.39899998903274536,0.5259000062942505
YJL219W,YLR285W,0,-0.9865016,0.07050715386867523,0.39899998903274536,0.5260000228881836
YDR318W,YDR058C,0,-0.9865259,0.07049469649791718,0.39899998903274536,0.5260999798774719
YHL038C,YOR294W,0,-0.98656344,0.07048224657773972,0.39899998903274536,0.526199996471405
YDR439W,YHR205W,0,-0.9865762,0.07046979665756226,0.39899998903274536,0.5263000130653381
YER174C,YKL051W,0,-0.9866272,0.0704573541879654,0.39899998903274536,0.5264000296592712
YGL137W,YKL079W,0,-0.986657,0.07044491171836853,0.39899998903274536,0.5264999866485596
YMR168C,YOR326W,1,-0.9867842,0.07060900330543518,0.4000000059604645,0.5264999866485596
YGL065C,YOR032C,0,-0.9870744,0.07059653848409653,0.4000000059604645,0.5266000032424927
YGL223C,YML058W,0,-0.98723257,0.07058408111333847,0.4000000059604645,0.5267000198364258
YMR048W,YOR326W,1,-0.98730826,0.07074806094169617,0.4009999930858612,0.5267000198364258
YAL056W,YLR075W,0,-0.9873624,0.07073558121919632,0.4009999930858612,0.5267999768257141
YGL167C,YOL005C,0,-0.9877738,0.07072310149669647,0.4009999930858612,0.5268999934196472
YOR326W,YKR037C,1,-0.98784983,0.07088696956634521,0.4020000100135803,0.5268999934196472
YIR010W,YCR018C,0,-0.988073,0.07087446749210358,0.4020000100135803,0.5270000100135803
YKL053C-A,YOR095C,0,-0.9882319,0.07086198031902313,0.4020000100135803,0.5271000266075134
YLR131C,YLR102C,1,-0.9883257,0.07102572917938232,0.40299999713897705,0.5271000266075134
YIL051C,YFL017W-A,0,-0.9885464,0.07101321220397949,0.40299999713897705,0.5271999835968018
YBR188C,YOR243C,0,-0.98855555,0.07100070267915726,0.40299999713897705,0.5273000001907349
YBR038W,YFR005C,0,-0.988587,0.07098820060491562,0.40299999713897705,0.527400016784668
YKL032C,YOR231W,0,-0.98862934,0.07097569853067398,0.40299999713897705,0.5274999737739563
YOL002C,YPL213W,0,-0.9887501,0.07096319645643234,0.40299999713897705,0.5275999903678894
YLR186W,YOR188W,0,-0.98876846,0.0709507018327713,0.40299999713897705,0.5277000069618225
YFL029C,YGR140W,1,-0.9890486,0.07111424207687378,0.40400001406669617,0.5277000069618225
YNL219C,YPL018W,0,-0.98910916,0.07110172510147095,0.40400001406669617,0.5278000235557556
YDL059C,YBR223C,0,-0.98922706,0.07108921557664871,0.40400001406669617,0.527899980545044
YDR040C,YOL128C,0,-0.98988056,0.07107670605182648,0.40400001406669617,0.527999997138977
YDR480W,YNL031C,0,-0.9901701,0.07106420397758484,0.40400001406669617,0.5281000137329102
YGL190C,YGL240W,1,-0.9904058,0.07122757285833359,0.4050000011920929,0.5281000137329102
YDR420W,YPL087W,0,-0.99051094,0.07121504843235016,0.4050000011920929,0.5281999707221985
YKL017C,YHR163W,0,-0.99057376,0.07120253145694733,0.4050000011920929,0.5282999873161316
YGL254W,YJR019C,0,-0.99059045,0.0711900144815445,0.4050000011920929,0.5284000039100647
YGL200C,YMR097C,0,-0.99071896,0.07117750495672226,0.4050000011920929,0.5285000205039978
YMR078C,YDL064W,1,-0.9907994,0.07134070992469788,0.4059999883174896,0.5285000205039978
YOR322C,YDR083W,0,-0.99112713,0.07132817804813385,0.4059999883174896,0.5285999774932861
YMR081C,YNL214W,0,-0.9911325,0.07131565362215042,0.4059999883174896,0.5286999940872192
YJR121W,YDR126W,0,-0.991307,0.07130312919616699,0.4059999883174896,0.5288000106811523
YJL026W,YGR185C,0,-0.991451,0.07129060477018356,0.4059999883174896,0.5289000272750854
YDL126C,YKR076W,0,-0.9914738,0.07127808779478073,0.4059999883174896,0.5289999842643738
YKR036C,YDR228C,0,-0.99171746,0.0712655782699585,0.4059999883174896,0.5291000008583069
YIL051C,YFR034C,0,-0.9918237,0.07125306874513626,0.4059999883174896,0.52920001745224
YBR038W,YMR005W,0,-0.99196696,0.07124056667089462,0.4059999883174896,0.5292999744415283
YPL069C,YBR097W,0,-0.9919894,0.07122807204723358,0.4059999883174896,0.5293999910354614
YGR097W,YML019W,0,-0.99203146,0.07121557742357254,0.4059999883174896,0.5295000076293945
YLR144C,YOL005C,0,-0.9921,0.0712030902504921,0.4059999883174896,0.5296000242233276
YPL085W,YDR478W,0,-0.99210584,0.07119060307741165,0.4059999883174896,0.529699981212616
YKL220C,YNL329C,0,-0.9922432,0.0711781233549118,0.4059999883174896,0.5297999978065491
YNR016C,YOR315W,0,-0.99244964,0.07116564363241196,0.4059999883174896,0.5299000144004822
YIL040W,YDR334W,0,-0.99256,0.0711531713604927,0.4059999883174896,0.5299999713897705
YNL142W,YOR151C,0,-0.9931849,0.07114070653915405,0.4059999883174896,0.5300999879837036
YHR073W,YLR141W,0,-0.9931892,0.0711282417178154,0.4059999883174896,0.5302000045776367
YJL219W,YLR141W,0,-0.993399,0.07111578434705734,0.4059999883174896,0.5303000211715698
YIL153W,YKR037C,1,-0.99346125,0.07127846032381058,0.40700000524520874,0.5303000211715698
YMR025W,YHR161C,0,-0.99353874,0.07126598060131073,0.40700000524520874,0.5303999781608582
YLR368W,YLR010C,0,-0.9936383,0.07125350087881088,0.40700000524520874,0.5304999947547913
YJL122W,YDL145C,0,-0.9940275,0.07124102860689163,0.40700000524520874,0.5306000113487244
YDR179C,YBR143C,0,-0.99436796,0.07122856378555298,0.40700000524520874,0.5307000279426575
YOR231W,YHL011C,0,-0.9943813,0.07121609896421432,0.40700000524520874,0.5307999849319458
YBR193C,YPL050C,0,-0.994406,0.07120364159345627,0.40700000524520874,0.5309000015258789
YPR128C,YML049C,0,-0.9947603,0.07119118422269821,0.40700000524520874,0.531000018119812
YOR144C,YOR168W,0,-0.99500656,0.07117873430252075,0.40700000524520874,0.5310999751091003
YBR136W,YKL122C,0,-0.99502134,0.07116628438234329,0.40700000524520874,0.5311999917030334
YLR186W,YJR112W,0,-0.9950999,0.07115384936332703,0.40700000524520874,0.5313000082969666
YGL051W,YDR427W,0,-0.99513733,0.07114140689373016,0.40700000524520874,0.5314000248908997
YMR119W,YGL001C,0,-0.9953898,0.0711289793252945,0.40700000524520874,0.531499981880188
YJL094C,YKL051W,0,-0.99558794,0.07111654430627823,0.40700000524520874,0.5315999984741211
YPR175W,YCL061C,0,-0.9956678,0.07110412418842316,0.40700000524520874,0.5317000150680542
YDL076C,YNL333W,0,-0.9957863,0.07109170407056808,0.40700000524520874,0.5317999720573425
YDR176W,YHR196W,0,-0.99580956,0.07107928395271301,0.40700000524520874,0.5318999886512756
YDR346C,YGL255W,0,-0.99591684,0.07106687873601913,0.40700000524520874,0.5320000052452087
YOL156W,YNL290W,0,-0.9959905,0.07105446606874466,0.40700000524520874,0.5321000218391418
YOR377W,YEL027W,0,-0.9962528,0.07104206830263138,0.40700000524520874,0.5321999788284302
YDL055C,YMR308C,0,-0.9963019,0.0710296705365181,0.40700000524520874,0.5322999954223633
YLR131C,YDL064W,1,-0.99645746,0.07119176536798477,0.40799999237060547,0.5322999954223633
YLR102C,YFL034C-B,1,-0.9965086,0.07135380059480667,0.4090000092983246,0.5322999954223633
YPL127C,YCR073W-A,0,-0.9966208,0.07134135812520981,0.4090000092983246,0.5324000120162964
YJL074C,YML064C,1,-0.9967451,0.07150331139564514,0.4099999964237213,0.5324000120162964
YOR377W,YMR053C,0,-0.9968698,0.07149084657430649,0.4099999964237213,0.5325000286102295
YOR209C,YLR055C,0,-0.99700403,0.07147838175296783,0.4099999964237213,0.5325999855995178
YDR480W,YNL236W,0,-0.9970056,0.07146592438220978,0.4099999964237213,0.5327000021934509
YOR250C,YBR130C,0,-0.9970125,0.07145346701145172,0.4099999964237213,0.532800018787384
YLR192C,YPR178W,0,-0.99711204,0.07144101709127426,0.4099999964237213,0.5328999757766724
YLR270W,YNL231C,0,-0.997244,0.0714285746216774,0.4099999964237213,0.5329999923706055
YCR048W,YDL105W,0,-0.9973097,0.07141613215208054,0.4099999964237213,0.5331000089645386
YGL240W,YIL153W,1,-0.99755955,0.07157784700393677,0.41100001335144043,0.5331000089645386
YFR027W,YIL153W,1,-0.99785674,0.07173950970172882,0.41200000047683716,0.5331000089645386
YMR049C,YHR007C,0,-0.9978987,0.07172702252864838,0.41200000047683716,0.5332000255584717
YLR369W,YHL028W,0,-0.99802566,0.07171453535556793,0.41200000047683716,0.53329998254776
YPL040C,YGL062W,0,-0.99827147,0.07170205563306808,0.41200000047683716,0.5333999991416931
YBR026C,YJL165C,0,-0.9982792,0.07168957591056824,0.41200000047683716,0.5335000157356262
YNL333W,YMR053C,0,-0.998737,0.07167710363864899,0.41200000047683716,0.5335999727249146
YGL078C,YPL112C,0,-0.9987372,0.07166463881731033,0.41200000047683716,0.5336999893188477
YLR115W,YDL105W,0,-0.9989692,0.07165217399597168,0.41200000047683716,0.5338000059127808
YGL001C,YNL283C,0,-0.99908376,0.07163971662521362,0.41200000047683716,0.5339000225067139
YGL130W,YKL144C,0,-0.99923766,0.07162725925445557,0.41200000047683716,0.5339999794960022
YBR038W,YGL187C,0,-0.99930716,0.0716148093342781,0.41200000047683716,0.5340999960899353
YGR120C,YKR034W,0,-0.99937,0.07160236686468124,0.41200000047683716,0.5342000126838684
YBR168W,YFL017W-A,0,-0.9994147,0.07158992439508438,0.41200000047683716,0.5343000292778015
YMR168C,YMR236W,1,-0.9994159,0.07175121456384659,0.4129999876022339,0.5343000292778015
YLR074C,YNL312W,0,-0.9995711,0.07173874974250793,0.4129999876022339,0.5343999862670898
YGL240W,YMR036C,1,-0.99957895,0.07189996540546417,0.414000004529953,0.5343999862670898
YKL025C,YDL095W,0,-0.99958503,0.07188747823238373,0.414000004529953,0.534500002861023
YDR225W,YGR178C,0,-0.9996245,0.07187499850988388,0.414000004529953,0.534600019454956
YCR066W,YBL061C,0,-0.9996785,0.07186252623796463,0.414000004529953,0.5346999764442444
YPR051W,YCR067C,0,-0.9997959,0.07185005396604538,0.414000004529953,0.5347999930381775
YPL266W,YDL178W,0,-1.0000283,0.07183758169412613,0.414000004529953,0.5349000096321106
YDR085C,YAL002W,0,-1.0002357,0.07182512432336807,0.414000004529953,0.5350000262260437
YGR284C,YBR073W,0,-1.0005959,0.07181265950202942,0.414000004529953,0.535099983215332
YAL040C,YJL019W,1,-1.0008104,0.07197363674640656,0.41499999165534973,0.535099983215332
YBL023C,YOL020W,0,-1.0008124,0.07196115702390671,0.41499999165534973,0.5351999998092651
YDL056W,YKL150W,0,-1.0009744,0.07194868475198746,0.41499999165534973,0.5353000164031982
YHR154W,YOR315W,0,-1.0009847,0.0719362124800682,0.41499999165534973,0.5353999733924866
YDR294C,YHR163W,0,-1.0010204,0.07192374020814896,0.41499999165534973,0.5354999899864197
YDL147W,YBR156C,0,-1.0010328,0.0719112828373909,0.41499999165534973,0.5356000065803528
YAR015W,YLR147C,0,-1.0010808,0.07189882546663284,0.41499999165534973,0.5357000231742859
YGL180W,YNL243W,0,-1.0013081,0.07188636809587479,0.41499999165534973,0.5357999801635742
YMR219W,YNL106C,0,-1.0013261,0.07187391817569733,0.41499999165534973,0.5358999967575073
YKL165C,YKL028W,0,-1.0014955,0.07186146825551987,0.41499999165534973,0.5360000133514404
YCR067C,YLR066W,0,-1.0015414,0.0718490332365036,0.41499999165534973,0.5360999703407288
YPR002W,YOR380W,0,-1.0016265,0.07183659076690674,0.41499999165534973,0.5361999869346619
YPL267W,YFL034C-B,1,-1.0016882,0.07199723273515701,0.41600000858306885,0.5361999869346619
YDL178W,YOR043W,0,-1.001889,0.07198477536439896,0.41600000858306885,0.536300003528595
YER030W,YGR092W,0,-1.0020219,0.0719723179936409,0.41600000858306885,0.5364000201225281
YLR009W,YHR154W,0,-1.0020547,0.07195986807346344,0.41600000858306885,0.5364999771118164
YJR033C,YDR177W,0,-1.0023552,0.07194742560386658,0.41600000858306885,0.5365999937057495
YDR318W,YLR329W,0,-1.0023767,0.07193498313426971,0.41600000858306885,0.5367000102996826
YOR168W,YNL262W,0,-1.0024122,0.07192254811525345,0.41600000858306885,0.5368000268936157
YLR131C,YFL029C,1,-1.0024137,0.07208297401666641,0.4169999957084656,0.5368000268936157
YJR132W,YHL025W,0,-1.002543,0.07207051664590836,0.4169999957084656,0.536899983882904
YHL038C,YJL108C,0,-1.0029085,0.0720580592751503,0.4169999957084656,0.5370000004768372
YOR032C,YOL146W,0,-1.0029216,0.07204560935497284,0.4169999957084656,0.5371000170707703
YPR001W,YCR098C,0,-1.003117,0.07203316688537598,0.4169999957084656,0.5371999740600586
YPL018W,YOR084W,0,-1.0032724,0.07202072441577911,0.4169999957084656,0.5372999906539917
YMR032W,YKR101W,0,-1.0035373,0.07200828939676285,0.4169999957084656,0.5374000072479248
YPR042C,YDR088C,0,-1.0035802,0.07199585437774658,0.4169999957084656,0.5375000238418579
YFL039C,YHR191C,1,-1.0036352,0.07215604931116104,0.4180000126361847,0.5375000238418579
YPR001W,YDL045C,0,-1.0036411,0.07214359939098358,0.4180000126361847,0.5375999808311462
YFL060C,YIL061C,0,-1.0036454,0.07213114947080612,0.4180000126361847,0.5376999974250793
YKL150W,YBR213W,0,-1.0036473,0.07211869955062866,0.4180000126361847,0.5378000140190125
YPR075C,YNL231C,0,-1.0037994,0.0721062645316124,0.4180000126361847,0.5378999710083008
YER044C,YJL029C,0,-1.0038381,0.07209382206201553,0.4180000126361847,0.5379999876022339
YDL137W,YLR006C,0,-1.0038408,0.07208139449357986,0.4180000126361847,0.538100004196167
YLR066W,YJL164C,0,-1.0038683,0.0720689669251442,0.4180000126361847,0.5382000207901001
YLR372W,YPL139C,0,-1.0039934,0.07205653935670853,0.4180000126361847,0.5382999777793884
YIL040W,YNL025C,0,-1.004076,0.07204411923885345,0.4180000126361847,0.5383999943733215
YJR017C,YLR417W,0,-1.0042931,0.07203170657157898,0.4180000126361847,0.5385000109672546
YLR353W,YDR126W,0,-1.004337,0.0720192939043045,0.4180000126361847,0.5386000275611877
YEL029C,YLR075W,0,-1.0045226,0.07200688868761063,0.4180000126361847,0.5386999845504761
YNL042W,YER095W,0,-1.0045911,0.07199449092149734,0.4180000126361847,0.5388000011444092
YPR122W,YPL239W,0,-1.004632,0.07198209315538406,0.4180000126361847,0.5389000177383423
YAL020C,YDR022C,0,-1.0046456,0.07196969538927078,0.4180000126361847,0.5389999747276306
YBR129C,YAR031W,0,-1.0047089,0.0719573050737381,0.4180000126361847,0.5390999913215637
YGL097W,YDR463W,0,-1.0048193,0.07194492220878601,0.4180000126361847,0.5392000079154968
YBL002W,YGR276C,0,-1.0050069,0.07193253934383392,0.4180000126361847,0.5393000245094299
YNR057C,YOL146W,0,-1.0053102,0.07192016392946243,0.4180000126361847,0.5393999814987183
YPL058C,YML069W,0,-1.0053581,0.07190779596567154,0.4180000126361847,0.5394999980926514
YHR164C,YNL128W,0,-1.0053916,0.07189542800188065,0.4180000126361847,0.5396000146865845
YMR048W,YHR158C,1,-1.0057912,0.07205502688884735,0.4189999997615814,0.5396000146865845
YMR219W,YLR147C,0,-1.0058463,0.07204264402389526,0.4189999997615814,0.5396999716758728
YLR084C,YGR276C,0,-1.0060362,0.07203025370836258,0.4189999997615814,0.5397999882698059
YJR155W,YDL245C,0,-1.0061013,0.07201787829399109,0.4189999997615814,0.539900004863739
YJL099W,YLR066W,0,-1.0061018,0.0720055028796196,0.4189999997615814,0.5400000214576721
YBR168W,YDR478W,0,-1.006201,0.07199312746524811,0.4189999997615814,0.5400999784469604
YHR158C,YGL229C,1,-1.0064005,0.07215254753828049,0.41999998688697815,0.5400999784469604
YNL274C,YJL036W,0,-1.0064011,0.0721401572227478,0.41999998688697815,0.5401999950408936
YGL021W,YDR113C,1,-1.0066444,0.07229950278997421,0.42100000381469727,0.5401999950408936
YGL187C,YKL026C,0,-1.0066975,0.07228709012269974,0.42100000381469727,0.5403000116348267
YDR263C,YLL027W,0,-1.0066991,0.07227467745542526,0.42100000381469727,0.5404000282287598
YKR036C,YPR046W,0,-1.0067183,0.07226227223873138,0.42100000381469727,0.5404999852180481
YOR249C,YDR106W,1,-1.0067899,0.07242148369550705,0.421999990940094,0.5404999852180481
YGR092W,YJR112W,0,-1.0068108,0.07240905612707138,0.421999990940094,0.5406000018119812
YNL048W,YHR030C,0,-1.0068471,0.07239663600921631,0.421999990940094,0.5407000184059143
YOR191W,YPL283C,0,-1.0069067,0.07238421589136124,0.421999990940094,0.5407999753952026
YDL148C,YNL206C,0,-1.0070214,0.07237180322408676,0.421999990940094,0.5408999919891357
YNL288W,YNL328C,0,-1.0070659,0.07235939800739288,0.421999990940094,0.5410000085830688
YIL009W,YNL021W,0,-1.0072314,0.072346992790699,0.421999990940094,0.541100025177002
YBL002W,YBR077C,0,-1.0072582,0.07233458757400513,0.421999990940094,0.5411999821662903
YDL097C,YOR060C,0,-1.0073664,0.07232219725847244,0.421999990940094,0.5412999987602234
YBL003C,YKL032C,0,-1.0074441,0.07230979949235916,0.421999990940094,0.5414000153541565
YGL142C,YPL249C,0,-1.0075963,0.07229741662740707,0.421999990940094,0.5414999723434448
YEL027W,YPL213W,0,-1.0076878,0.07228502631187439,0.421999990940094,0.5415999889373779
YPR141C,YJL098W,1,-1.007692,0.07244390994310379,0.4230000078678131,0.5415999889373779
YDR480W,YPR110C,0,-1.0078198,0.07243150472640991,0.4230000078678131,0.541700005531311
YDR377W,YOL078W,0,-1.0079204,0.07241910696029663,0.4230000078678131,0.5418000221252441
YMR219W,YDR096W,0,-1.0079305,0.07240670919418335,0.4230000078678131,0.5418999791145325
YPR122W,YDL052C,0,-1.0079674,0.07239431887865067,0.4230000078678131,0.5419999957084656
YGR077C,YDR181C,0,-1.0080464,0.07238192856311798,0.4230000078678131,0.5421000123023987
YOR231W,YER162C,0,-1.0081729,0.0723695456981659,0.4230000078678131,0.5422000288963318
YOR353C,YOR047C,0,-1.0082058,0.0723571702837944,0.4230000078678131,0.5422999858856201
YDL245C,YNL290W,0,-1.0088215,0.07234479486942291,0.4230000078678131,0.5424000024795532
YLR022C,YDR334W,0,-1.0090935,0.07233241945505142,0.4230000078678131,0.5425000190734863
YDL175C,YDR165W,0,-1.0092877,0.07232005149126053,0.4230000078678131,0.5425999760627747
YNL333W,YDR392W,0,-1.0094056,0.07230769097805023,0.4230000078678131,0.5426999926567078
YLR353W,YHR034C,0,-1.0094061,0.07229533046483994,0.4230000078678131,0.5428000092506409
YAL023C,YBR073W,0,-1.0094337,0.07228297740221024,0.4230000078678131,0.542900025844574
YAL007C,YPL213W,0,-1.0096697,0.07227063179016113,0.4230000078678131,0.5429999828338623
YNL002C,YPL106C,0,-1.009685,0.07225828617811203,0.4230000078678131,0.5430999994277954
YGL016W,YIL022W,0,-1.0098656,0.07224594056606293,0.4230000078678131,0.5432000160217285
YBR260C,YHR119W,0,-1.0099062,0.07223360985517502,0.4230000078678131,0.5432999730110168
YJL063C,YLR022C,0,-1.0100032,0.07222127169370651,0.4230000078678131,0.54339998960495
YPR199C,YOR098C,0,-1.0103974,0.0722089484333992,0.4230000078678131,0.5435000061988831
YIL103W,YCL039W,0,-1.0104077,0.07219661772251129,0.4230000078678131,0.5436000227928162
YHR205W,YKL051W,0,-1.0105058,0.07218430191278458,0.4230000078678131,0.5436999797821045
YDR440W,YKR081C,0,-1.010616,0.07217198610305786,0.4230000078678131,0.5437999963760376
YFR046C,YPL050C,0,-1.0108877,0.07215967029333115,0.4230000078678131,0.5439000129699707
YOL020W,YJL139C,0,-1.0109189,0.07214736193418503,0.4230000078678131,0.5440000295639038
YBR041W,YOR032C,0,-1.0113913,0.0721350610256195,0.4230000078678131,0.5440999865531921
YOR188W,YNL290W,0,-1.0115882,0.07212276011705399,0.4230000078678131,0.5442000031471252
YOR100C,YPL248C,0,-1.0117756,0.07211046665906906,0.4230000078678131,0.5443000197410583
YOR191W,YHR205W,0,-1.0118393,0.07209817320108414,0.4230000078678131,0.5443999767303467
YLR381W,YER094C,0,-1.0118748,0.07208588719367981,0.4230000078678131,0.5444999933242798
YPL267W,YHR158C,1,-1.0120505,0.07224399596452713,0.42399999499320984,0.5444999933242798
YNL138W,YNL222W,0,-1.01214,0.07223168760538101,0.42399999499320984,0.5446000099182129
YGR177C,YFL045C,0,-1.0122058,0.07221938669681549,0.42399999499320984,0.544700026512146
YBR036C,YDR450W,0,-1.0122148,0.07220708578824997,0.42399999499320984,0.5447999835014343
YBR129C,YJL129C,0,-1.0122184,0.07219479233026505,0.42399999499320984,0.5449000000953674
YPR112C,YKL051W,0,-1.0123519,0.07218249887228012,0.42399999499320984,0.5450000166893005
YOL016C,YJL139C,0,-1.0124669,0.0721702128648758,0.42399999499320984,0.5450999736785889
YMR116C,YGR063C,0,-1.0129492,0.07215792685747147,0.42399999499320984,0.545199990272522
YPL241C,YIR026C,0,-1.0129609,0.07214565575122833,0.42399999499320984,0.5453000068664551
YIR033W,YOR160W,0,-1.0129719,0.0721333771944046,0.42399999499320984,0.5454000234603882
YJR083C,YNL328C,0,-1.0131514,0.07212110608816147,0.42399999499320984,0.5454999804496765
YJR017C,YGR285C,0,-1.0133382,0.07210884243249893,0.42399999499320984,0.5455999970436096
YPR193C,YDR499W,0,-1.0138037,0.0720965787768364,0.42399999499320984,0.5457000136375427
YDR499W,YAL032C,0,-1.0138521,0.07208432257175446,0.42399999499320984,0.545799970626831
YER127W,YFL017W-A,0,-1.014181,0.07207207381725311,0.42399999499320984,0.5458999872207642
YJL122W,YDR420W,0,-1.0142837,0.07205982506275177,0.42399999499320984,0.5460000038146973
YLR144C,YBR182C,0,-1.0144197,0.07204757630825043,0.42399999499320984,0.5461000204086304
YCR089W,YPL248C,0,-1.0144262,0.07203533500432968,0.42399999499320984,0.5461999773979187
YHR023W,YOR129C,0,-1.0144467,0.07202310115098953,0.42399999499320984,0.5462999939918518
YNR033W,YML077W,0,-1.0145309,0.07201086729764938,0.42399999499320984,0.5464000105857849
YBR073W,YFL059W,0,-1.0148394,0.07199864089488983,0.42399999499320984,0.546500027179718
YBL002W,YJL062W,0,-1.0149288,0.07198641449213028,0.42399999499320984,0.5465999841690063
YOR032C,YKL093W,0,-1.0150766,0.07197419553995132,0.42399999499320984,0.5467000007629395
YMR163C,YNL139C,0,-1.0152074,0.07196198403835297,0.42399999499320984,0.5468000173568726
YAL020C,YGL247W,0,-1.0153137,0.07194977253675461,0.42399999499320984,0.5468999743461609
YIR004W,YBR223C,0,-1.0153648,0.07193756103515625,0.42399999499320984,0.546999990940094
YKL064W,YGR185C,0,-1.0153723,0.07192535698413849,0.42399999499320984,0.5471000075340271
YJR121W,YOL146W,0,-1.015692,0.07191316038370132,0.42399999499320984,0.5472000241279602
YBR168W,YML058W,0,-1.0157648,0.07190096378326416,0.42399999499320984,0.5472999811172485
YNL075W,YNL310C,0,-1.0158488,0.07188877463340759,0.42399999499320984,0.5473999977111816
YMR316W,YJL085W,0,-1.0159504,0.07187659293413162,0.42399999499320984,0.5475000143051147
YBR193C,YGL097W,0,-1.0160732,0.07186440378427505,0.42399999499320984,0.5475999712944031
YPL228W,YER074W-A,0,-1.0161619,0.07185222953557968,0.42399999499320984,0.5476999878883362
YOL156W,YDR289C,0,-1.0163141,0.07184005528688431,0.42399999499320984,0.5478000044822693
YNL288W,YCR089W,0,-1.0165036,0.07182788103818893,0.42399999499320984,0.5479000210762024
YDL056W,YOR346W,0,-1.0168799,0.07181572169065475,0.42399999499320984,0.5479999780654907
YGL130W,YLR192C,0,-1.0170835,0.07180355489253998,0.42399999499320984,0.5480999946594238
YPR112C,YDR379W,0,-1.0171008,0.0717913955450058,0.42399999499320984,0.5482000112533569
YOR319W,YOL091W,0,-1.0171354,0.07177924364805222,0.42399999499320984,0.54830002784729
YPR001W,YKL045W,0,-1.0173589,0.07176709175109863,0.42399999499320984,0.5483999848365784
YOR191W,YNL283C,0,-1.0173641,0.07175494730472565,0.42399999499320984,0.5485000014305115
YJR043C,YBR097W,0,-1.0174177,0.07174281030893326,0.42399999499320984,0.5486000180244446
YIL009W,YOR099W,0,-1.0175259,0.07173067331314087,0.42399999499320984,0.5486999750137329
YNL119W,YJL001W,0,-1.0177172,0.07171853631734848,0.42399999499320984,0.548799991607666
YBL002W,YDL046W,0,-1.0179776,0.07170640677213669,0.42399999499320984,0.5489000082015991
YJL099W,YBR214W,0,-1.0180287,0.0716942846775055,0.42399999499320984,0.5490000247955322
YGL187C,YLR305C,0,-1.0180871,0.0716821625828743,0.42399999499320984,0.5490999817848206
YJL026W,YHL025W,0,-1.0181998,0.0716700479388237,0.42399999499320984,0.5491999983787537
YGR227W,YCR089W,0,-1.0186394,0.0716579332947731,0.42399999499320984,0.5493000149726868
YHR191C,YGL096W,1,-1.0187311,0.07181480526924133,0.42500001192092896,0.5493000149726868
YDR022C,YIR013C,0,-1.0187374,0.07180266827344894,0.42500001192092896,0.5493999719619751
YER162C,YCR052W,0,-1.01884,0.07179053872823715,0.42500001192092896,0.5494999885559082
YDR179C,YKL093W,0,-1.018911,0.07177841663360596,0.42500001192092896,0.5496000051498413
YAR015W,YGR163W,0,-1.0189435,0.07176629453897476,0.42500001192092896,0.5497000217437744
YDR318W,YNL328C,0,-1.0190439,0.07175417989492416,0.42500001192092896,0.5497999787330627
YPL116W,YDR346C,0,-1.019151,0.07174206525087357,0.42500001192092896,0.5498999953269958
YOR151C,YDR469W,0,-1.0193286,0.07172995805740356,0.42500001192092896,0.550000011920929
YOR231W,YCR081W,0,-1.0193763,0.07171785086393356,0.42500001192092896,0.5501000285148621
YDR251W,YJL108C,0,-1.0198867,0.07170575112104416,0.42500001192092896,0.5501999855041504
YLR270W,YNL029C,0,-1.0202302,0.07169365882873535,0.42500001192092896,0.5503000020980835
YIL149C,YLL040C,0,-1.0202565,0.07168156653642654,0.42500001192092896,0.5504000186920166
YKL017C,YOR243C,0,-1.0203072,0.07166947424411774,0.42500001192092896,0.5504999756813049
YJL092W,YGL137W,0,-1.0203314,0.07165739685297012,0.42500001192092896,0.550599992275238
YAL020C,YNL127W,0,-1.0203601,0.07164531201124191,0.42500001192092896,0.5507000088691711
YMR287C,YML058W,0,-1.0205873,0.0716332346200943,0.42500001192092896,0.5508000254631042
YDL148C,YDR183W,0,-1.0206535,0.07162116467952728,0.42500001192092896,0.5508999824523926
YDR314C,YOL102C,0,-1.0209037,0.07160910218954086,0.42500001192092896,0.5509999990463257
YJL186W,YDL079C,0,-1.020927,0.07159703224897385,0.42500001192092896,0.5511000156402588
YCR089W,YPL085W,0,-1.0209455,0.07158497720956802,0.42500001192092896,0.5511999726295471
YBR205W,YLR147C,0,-1.0210032,0.0715729221701622,0.42500001192092896,0.5512999892234802
YPR122W,YNL231C,0,-1.0210392,0.07156086713075638,0.42500001192092896,0.5514000058174133
YGL021W,YHL007C,1,-1.021265,0.07171717286109924,0.4259999990463257,0.5514000058174133
YDL076C,YCL033C,0,-1.0213076,0.07170510292053223,0.4259999990463257,0.5515000224113464
YPL200W,YOR274W,0,-1.0214146,0.07169303297996521,0.4259999990463257,0.5515999794006348
YLR320W,YFL002C,0,-1.0214772,0.07168097048997879,0.4259999990463257,0.5516999959945679
YEL030W,YNL262W,0,-1.0214913,0.07166890799999237,0.4259999990463257,0.551800012588501
YKL220C,YJR131W,0,-1.0217198,0.07165685296058655,0.4259999990463257,0.5519000291824341
YBL045C,YMR308C,0,-1.0217491,0.07164480537176132,0.4259999990463257,0.5519999861717224
YER127W,YAL023C,0,-1.0217773,0.0716327577829361,0.4259999990463257,0.5521000027656555
YNL003C,YJL168C,0,-1.022126,0.07162071019411087,0.4259999990463257,0.5522000193595886
YLL013C,YIL021W,0,-1.022244,0.07160867005586624,0.4259999990463257,0.552299976348877
YJR057W,YOR160W,0,-1.0223168,0.07159663736820221,0.4259999990463257,0.5523999929428101
YKL005C,YHL025W,0,-1.0224696,0.07158460468053818,0.4259999990463257,0.5525000095367432
YPL119C,YPL127C,0,-1.0227662,0.07157257944345474,0.4259999990463257,0.5526000261306763
YMR287C,YBR136W,0,-1.0228025,0.07156055420637131,0.4259999990463257,0.5526999831199646
YML006C,YER072W,0,-1.02284,0.07154853641986847,0.4259999990463257,0.5527999997138977
YJR121W,YOR011W,0,-1.0230438,0.07153652608394623,0.4259999990463257,0.5529000163078308
YPL213W,YLR022C,0,-1.0233258,0.07152451574802399,0.4259999990463257,0.5529999732971191
YDL178W,YOR160W,0,-1.0238436,0.07151250541210175,0.4259999990463257,0.5530999898910522
YGL254W,YOR193W,0,-1.0240608,0.0715005025267601,0.4259999990463257,0.5532000064849854
YIL014W,YKL035W,0,-1.0241326,0.07148850709199905,0.4259999990463257,0.5533000230789185
YNR033W,YJL095W,0,-1.0241418,0.071476511657238,0.4259999990463257,0.5533999800682068
YNL042W,YDL097C,0,-1.0241979,0.07146451622247696,0.4259999990463257,0.5534999966621399
YPL086C,YDL147W,0,-1.0245236,0.0714525356888771,0.4259999990463257,0.553600013256073
YGR288W,YDL046W,0,-1.0252334,0.07144054770469666,0.4259999990463257,0.5536999702453613
YDR173C,YDL135C,0,-1.0254503,0.0714285746216774,0.4259999990463257,0.5537999868392944
YDR040C,YJL001W,0,-1.0254697,0.07141659408807755,0.4259999990463257,0.5539000034332275
YLR324W,YNL229C,0,-1.0254769,0.07140462845563889,0.4259999990463257,0.5540000200271606
YJL164C,YBR183W,0,-1.0255717,0.07139266282320023,0.4259999990463257,0.554099977016449
YOR100C,YMR026C,0,-1.0256124,0.07138069719076157,0.4259999990463257,0.5541999936103821
YLR275W,YLL040C,0,-1.0256983,0.0713687390089035,0.4259999990463257,0.5543000102043152
YDR235W,YGR044C,0,-1.0257108,0.07135678082704544,0.4259999990463257,0.5544000267982483
YNL003C,YFL002C,0,-1.0258069,0.07134483009576797,0.4259999990463257,0.5544999837875366
YHR116W,YOR136W,0,-1.0260357,0.0713328868150711,0.4259999990463257,0.5546000003814697
YDR318W,YCR028C-A,0,-1.0260555,0.07132094353437424,0.4259999990463257,0.5547000169754028
YJL031C,YPR111W,0,-1.0262064,0.07130900770425797,0.4259999990463257,0.5547999739646912
YNL127W,YKL119C,0,-1.0262371,0.0712970718741417,0.4259999990463257,0.5548999905586243
YNL139C,YKL006C-A,0,-1.026433,0.07128514349460602,0.4259999990463257,0.5550000071525574
YGL190C,YGL229C,1,-1.0265776,0.07144052535295486,0.4269999861717224,0.5550000071525574
YJR131W,YML097C,0,-1.0265921,0.0714285746216774,0.4269999861717224,0.5551000237464905
YML086C,YMR097C,0,-1.0267713,0.07141662389039993,0.4269999861717224,0.5551999807357788
YHR052W,YBR205W,0,-1.0270804,0.07140468060970306,0.4269999861717224,0.5552999973297119
YPL048W,YNL248C,0,-1.0271862,0.07139274477958679,0.4269999861717224,0.555400013923645
YPR093C,YNL153C,0,-1.0275029,0.07138080894947052,0.4269999861717224,0.5554999709129333
YNL148C,YDL046W,0,-1.0275615,0.07136888056993484,0.4269999861717224,0.5555999875068665
YNR033W,YDR334W,0,-1.0276408,0.07135695219039917,0.4269999861717224,0.5557000041007996
YOR231W,YBL022C,0,-1.0277135,0.07134503126144409,0.4269999861717224,0.5558000206947327
YNR016C,YGL222C,0,-1.027801,0.07133311033248901,0.4269999861717224,0.555899977684021
YAL040C,YCR065W,1,-1.0278416,0.07148822396993637,0.42800000309944153,0.555899977684021
YCR065W,YPR141C,1,-1.0282133,0.07164328545331955,0.42899999022483826,0.555899977684021
YLL013C,YHR205W,0,-1.028244,0.07163132727146149,0.42899999022483826,0.5559999942779541
YDL178W,YOR322C,0,-1.028396,0.07161936908960342,0.42899999022483826,0.5561000108718872
YNL278W,YJL165C,0,-1.028714,0.07160741090774536,0.42899999022483826,0.5562000274658203
YDR379W,YOR341W,0,-1.0288479,0.0715954601764679,0.42899999022483826,0.5562999844551086
YPL133C,YGR197C,0,-1.02886,0.07158351689577103,0.42899999022483826,0.5564000010490417
YKL220C,YML011C,0,-1.028862,0.07157157361507416,0.42899999022483826,0.5565000176429749
YHL038C,YDR272W,0,-1.0289384,0.07155963033437729,0.42899999022483826,0.5565999746322632
YMR056C,YBL045C,0,-1.0289441,0.07154770195484161,0.42899999022483826,0.5566999912261963
YBR026C,YGL098W,0,-1.0291612,0.07153576612472534,0.42899999022483826,0.5568000078201294
YLR033W,YHR178W,0,-1.0291772,0.07152383774518967,0.42899999022483826,0.5569000244140625
YHR052W,YLR268W,0,-1.029254,0.07151191681623459,0.42899999022483826,0.5569999814033508
YNL127W,YFR009W,0,-1.0293095,0.07150000333786011,0.42899999022483826,0.5570999979972839
YDL126C,YOL020W,0,-1.0293803,0.07148808240890503,0.42899999022483826,0.557200014591217
YOR174W,YOR353C,0,-1.0297155,0.07147617638111115,0.42899999022483826,0.5572999715805054
YMR311C,YLR055C,0,-1.0297486,0.07146427035331726,0.42899999022483826,0.5573999881744385
YOL133W,YDL064W,1,-1.0298488,0.07161892205476761,0.4300000071525574,0.5573999881744385
YER068W,YGR280C,0,-1.0298624,0.07160699367523193,0.4300000071525574,0.5575000047683716
YCR005C,YKL053C-A,0,-1.0303122,0.07159507274627686,0.4300000071525574,0.5576000213623047
YER044C,YNL138W,0,-1.0303346,0.07158315181732178,0.4300000071525574,0.557699978351593
YBR168W,YOR127W,0,-1.0303771,0.0715712383389473,0.4300000071525574,0.5577999949455261
YPR082C,YOR127W,0,-1.0303953,0.07155932486057281,0.4300000071525574,0.5579000115394592
YOR144C,YGR077C,0,-1.0304701,0.07154741883277893,0.4300000071525574,0.5580000281333923
YLL021W,YCR018C,0,-1.0305806,0.07153552025556564,0.4300000071525574,0.5580999851226807
YKR034W,YBR077C,0,-1.0306265,0.07152362167835236,0.4300000071525574,0.5582000017166138
YER030W,YDR314C,0,-1.0309163,0.07151172310113907,0.4300000071525574,0.5583000183105469
YIL066C,YGL137W,0,-1.0314436,0.07149983197450638,0.4300000071525574,0.5583999752998352
YJL060W,YGL062W,0,-1.0315611,0.07148794829845428,0.4300000071525574,0.5584999918937683
YIL070C,YLR009W,0,-1.031594,0.07147606462240219,0.4300000071525574,0.5586000084877014
YDR191W,YLR305C,0,-1.0318341,0.0714641883969307,0.4300000071525574,0.5587000250816345
YER177W,YGL216W,1,-1.0318416,0.0716184750199318,0.4309999942779541,0.5587000250816345
YAR018C,YDR435C,0,-1.0319248,0.0716065764427185,0.4309999942779541,0.5587999820709229
YPR110C,YPL007C,0,-1.0321485,0.07159468531608582,0.4309999942779541,0.558899998664856
YDL175C,YGL063W,0,-1.0322895,0.07158279418945312,0.4309999942779541,0.5590000152587891
YNL278W,YNL262W,0,-1.0323187,0.07157090306282043,0.4309999942779541,0.5590999722480774
YMR288W,YDL135C,0,-1.0323738,0.07155902683734894,0.4309999942779541,0.5591999888420105
YJL166W,YCL033C,0,-1.0324746,0.07154714316129684,0.4309999942779541,0.5593000054359436
YIL098C,YJL125C,0,-1.0326433,0.07153526693582535,0.4309999942779541,0.5594000220298767
YJL063C,YMR030W,0,-1.0326703,0.07152339816093445,0.4309999942779541,0.559499979019165
YER174C,YDR379W,0,-1.0326864,0.07151152938604355,0.4309999942779541,0.5595999956130981
YJR043C,YJR019C,0,-1.0328288,0.07149966806173325,0.4309999942779541,0.5597000122070312
YDR440W,YJL062W,0,-1.0328798,0.07148780673742294,0.4309999942779541,0.5598000288009644
YJL165C,YGR085C,0,-1.0333221,0.07147595286369324,0.4309999942779541,0.5598999857902527
YIL009W,YIL070C,0,-1.0334136,0.07146409898996353,0.4309999942779541,0.5600000023841858
YHR163W,YDR126W,0,-1.0334834,0.07145225256681442,0.4309999942779541,0.5601000189781189
YNL042W,YGR072W,0,-1.033701,0.07144041359424591,0.4309999942779541,0.5601999759674072
YKL146W,YPR052C,0,-1.0338491,0.0714285746216774,0.4309999942779541,0.5602999925613403
YNR016C,YNL084C,0,-1.0338517,0.07141673564910889,0.4309999942779541,0.5604000091552734
YBR211C,YLR405W,0,-1.0339864,0.07140490412712097,0.4309999942779541,0.5605000257492065
YCL039W,YDR322C-A,0,-1.034015,0.07139307260513306,0.4309999942779541,0.5605999827384949
YJL092W,YDR183W,0,-1.0340497,0.07138124853372574,0.4309999942779541,0.560699999332428
YMR056C,YOR250C,0,-1.0341312,0.07136943191289902,0.4309999942779541,0.5608000159263611
YMR030W,YLR305C,0,-1.0342371,0.0713576152920723,0.4309999942779541,0.5608999729156494
YDR168W,YCR028C-A,0,-1.034282,0.07134580612182617,0.4309999942779541,0.5609999895095825
YPR075C,YHR030C,0,-1.0345275,0.07133399695158005,0.4309999942779541,0.5611000061035156
YDR201W,YIL031W,1,-1.0345831,0.0714876726269722,0.4320000112056732,0.5611000061035156
YNL290W,YDR126W,0,-1.034649,0.07147584110498428,0.4320000112056732,0.5612000226974487
YMR032W,YNL222W,0,-1.0346725,0.07146401703357697,0.4320000112056732,0.5612999796867371
YJL098W,YDR310C,1,-1.0347428,0.07161759585142136,0.43299999833106995,0.5612999796867371
YJL063C,YLR372W,0,-1.0348947,0.07160575687885284,0.43299999833106995,0.5613999962806702
YEL030W,YOR136W,0,-1.0352713,0.07159391790628433,0.43299999833106995,0.5615000128746033
YDR009W,YJR050W,0,-1.0353172,0.07158207893371582,0.43299999833106995,0.5616000294685364
YOL147C,YGL144C,0,-1.0353723,0.0715702474117279,0.43299999833106995,0.5616999864578247
YML049C,YDR240C,0,-1.0354687,0.07155842334032059,0.43299999833106995,0.5618000030517578
YNL084C,YJR019C,0,-1.0356085,0.07154659926891327,0.43299999833106995,0.5619000196456909
YDL079C,YLR003C,0,-1.0356737,0.07153477519750595,0.43299999833106995,0.5619999766349792
YNL148C,YBR080C,0,-1.0357257,0.07152295857667923,0.43299999833106995,0.5620999932289124
YER068W,YOL043C,0,-1.0357432,0.0715111494064331,0.43299999833106995,0.5622000098228455
YNL148C,YBR065C,0,-1.0358139,0.07149934023618698,0.43299999833106995,0.5623000264167786
YJL031C,YHR116W,0,-1.0360758,0.07148753851652145,0.43299999833106995,0.5623999834060669
YOR191W,YPL087W,0,-1.0363756,0.07147573679685593,0.43299999833106995,0.5625
YOR315W,YNL229C,0,-1.0365098,0.0714639350771904,0.43299999833106995,0.5626000165939331
YDL207W,YJL092W,0,-1.036623,0.07145214825868607,0.43299999833106995,0.5626999735832214
YOR377W,YBL022C,0,-1.0367028,0.07144035398960114,0.43299999833106995,0.5627999901771545
YAL044C,YIL021W,0,-1.0368103,0.0714285746216774,0.43299999833106995,0.5629000067710876
YGR280C,YBR073W,0,-1.0371338,0.07141678780317307,0.43299999833106995,0.5630000233650208
YNL290W,YDR227W,0,-1.0372502,0.07140501588582993,0.43299999833106995,0.5630999803543091
YEL030W,YER178W,0,-1.037436,0.07139323651790619,0.43299999833106995,0.5631999969482422
YOR319W,YHR154W,0,-1.0376236,0.07138147205114365,0.43299999833106995,0.5633000135421753
YKL017C,YDL245C,0,-1.0376626,0.0713697075843811,0.43299999833106995,0.5633999705314636
YBR136W,YHR034C,0,-1.0376719,0.07135794311761856,0.43299999833106995,0.5634999871253967
YPR111W,YJR153W,0,-1.0378082,0.07134618610143661,0.43299999833106995,0.5636000037193298
YLR342W,YBL022C,0,-1.038092,0.07133442908525467,0.43299999833106995,0.5637000203132629
YGL021W,YJR090C,1,-1.0382558,0.07148739695549011,0.4339999854564667,0.5637000203132629
YFR008W,YIL014W,0,-1.0383852,0.07147562503814697,0.4339999854564667,0.5637999773025513
YDR440W,YPL248C,0,-1.0384624,0.07146385312080383,0.4339999854564667,0.5638999938964844
YMR287C,YKL220C,0,-1.0384992,0.07145208865404129,0.4339999854564667,0.5640000104904175
YOR144C,YDL046W,0,-1.0388781,0.07144033163785934,0.4339999854564667,0.5641000270843506
YGL247W,YPR055W,0,-1.0389981,0.0714285746216774,0.4339999854564667,0.5641999840736389
YLL001W,YDL095W,0,-1.039174,0.07141681760549545,0.4339999854564667,0.564300000667572
YNL117W,YJL186W,0,-1.0394008,0.0714050680398941,0.4339999854564667,0.5644000172615051
YDL245C,YOR380W,0,-1.0394683,0.07139331847429276,0.4339999854564667,0.5644999742507935
YDL132W,YGL216W,1,-1.0395106,0.0715460553765297,0.4350000023841858,0.5644999742507935
YPR046W,YLR006C,0,-1.0396267,0.07153428345918655,0.4350000023841858,0.5645999908447266
YPR019W,YDL245C,0,-1.039884,0.07152252644300461,0.4350000023841858,0.5647000074386597
YMR168C,YFR027W,1,-1.0399271,0.07167515903711319,0.4359999895095825,0.5647000074386597
YGL150C,YJL093C,0,-1.0399286,0.07166337966918945,0.4359999895095825,0.5648000240325928
YPL241C,YIL118W,0,-1.0399511,0.07165160030126572,0.4359999895095825,0.5648999810218811
YOR026W,YER089C,1,-1.0401287,0.07180414348840714,0.43700000643730164,0.5648999810218811
YHR116W,YMR163C,0,-1.0403727,0.07179234176874161,0.43700000643730164,0.5649999976158142
YDL245C,YJL129C,0,-1.040508,0.07178055495023727,0.43700000643730164,0.5651000142097473
YIL124W,YOR106W,0,-1.0405114,0.07176876068115234,0.43700000643730164,0.5651999711990356
YAL040C,YER089C,1,-1.0406183,0.07192118465900421,0.43799999356269836,0.5651999711990356
YNL075W,YNL287W,0,-1.0406747,0.07190937548875809,0.43799999356269836,0.5652999877929688
YPR075C,YBR182C,0,-1.0408047,0.07189757376909256,0.43799999356269836,0.5654000043869019
YDR365C,YHL027W,0,-1.0409458,0.07188577204942703,0.43799999356269836,0.565500020980835
YDR263C,YKL220C,0,-1.0409971,0.0718739777803421,0.43799999356269836,0.5655999779701233
YPR164W,YDR227W,0,-1.0410272,0.07186218351125717,0.43799999356269836,0.5656999945640564
YFL039C,YML064C,1,-1.0414283,0.07201443612575531,0.4390000104904175,0.5656999945640564
YOR032C,YLR148W,0,-1.0415599,0.07200262695550919,0.4390000104904175,0.5658000111579895
YPL127C,YBR143C,0,-1.0416486,0.07199081778526306,0.4390000104904175,0.5659000277519226
YDL105W,YHR178W,0,-1.0417935,0.07197901606559753,0.4390000104904175,0.5659999847412109
YDL245C,YPR075C,0,-1.0421247,0.071967214345932,0.4390000104904175,0.566100001335144
YPR082C,YEL030W,0,-1.0421388,0.07195542007684708,0.4390000104904175,0.5662000179290771
YLR324W,YJL203W,0,-1.0422477,0.07194362580776215,0.4390000104904175,0.5662999749183655
YOR346W,YMR183C,0,-1.0424865,0.07193183898925781,0.4390000104904175,0.5663999915122986
YNL048W,YIL061C,0,-1.0425467,0.07192005217075348,0.4390000104904175,0.5665000081062317
YOL142W,YOR129C,0,-1.042606,0.07190827280282974,0.4390000104904175,0.5666000247001648
YOR249C,YDL047W,1,-1.0427203,0.07206027209758759,0.4399999976158142,0.5666000247001648
YIL103W,YBR105C,0,-1.0427644,0.07204847037792206,0.4399999976158142,0.5666999816894531
YJR064W,YBR193C,0,-1.0427723,0.07203667610883713,0.4399999976158142,0.5667999982833862
YGR254W,YOR043W,0,-1.0428872,0.0720248818397522,0.4399999976158142,0.5669000148773193
YKL220C,YJL139C,0,-1.0429932,0.07201309502124786,0.4399999976158142,0.5669999718666077
YNL153C,YJL094C,0,-1.0430263,0.07200130820274353,0.4399999976158142,0.5670999884605408
YPL132W,YML069W,0,-1.0431982,0.0719895288348198,0.4399999976158142,0.5672000050544739
YDR294C,YPL106C,0,-1.0433878,0.07197774946689606,0.4399999976158142,0.567300021648407
YPL086C,YJR112W,0,-1.0433989,0.07196597754955292,0.4399999976158142,0.5673999786376953
YER162C,YFL002C,0,-1.0434544,0.07195421308279037,0.4399999976158142,0.5674999952316284
YIL009W,YNL283C,0,-1.043532,0.07194244861602783,0.4399999976158142,0.5676000118255615
YGL086W,YER089C,1,-1.0438308,0.07209416478872299,0.4410000145435333,0.5676000118255615
YLR160C,YLR066W,0,-1.0438809,0.07208237797021866,0.4410000145435333,0.5677000284194946
YDR235W,YER169W,0,-1.0439211,0.07207059860229492,0.4410000145435333,0.567799985408783
YOL031C,YEL051W,0,-1.0439583,0.07205882668495178,0.4410000145435333,0.5679000020027161
YKR083C,YKR054C,1,-1.0439898,0.07221042364835739,0.44200000166893005,0.5679000020027161
YLL043W,YPL082C,0,-1.0441562,0.07219862937927246,0.44200000166893005,0.5680000185966492
YCL052C,YDL052C,0,-1.0442717,0.07218683511018753,0.44200000166893005,0.5680999755859375
YCR089W,YMR005W,0,-1.0442982,0.0721750482916832,0.44200000166893005,0.5681999921798706
YNL021W,YDR449C,0,-1.0445577,0.07216326892375946,0.44200000166893005,0.5683000087738037
YFR008W,YOL128C,0,-1.044765,0.07215148210525513,0.44200000166893005,0.5684000253677368
YNL075W,YDR450W,0,-1.0449142,0.07213971018791199,0.44200000166893005,0.5684999823570251
YCR052W,YLR452C,0,-1.0449281,0.07212793827056885,0.44200000166893005,0.5685999989509583
YAR015W,YPL112C,0,-1.045443,0.07211616635322571,0.44200000166893005,0.5687000155448914
YCL039W,YKR063C,0,-1.0455178,0.07210440188646317,0.44200000166893005,0.5687999725341797
YDL045C,YDL052C,0,-1.0456901,0.07209264487028122,0.44200000166893005,0.5688999891281128
YNL153C,YJR131W,0,-1.0458536,0.07208088785409927,0.44200000166893005,0.5690000057220459
YMR263W,YNL138W,0,-1.0459532,0.07206913083791733,0.44200000166893005,0.569100022315979
YKL005C,YPL154C,0,-1.0460837,0.07205738872289658,0.44200000166893005,0.5691999793052673
YKR054C,YER133W,1,-1.0461897,0.07220863550901413,0.4429999887943268,0.5691999793052673
YHR119W,YDR165W,0,-1.046269,0.07219687104225159,0.4429999887943268,0.5692999958992004
YPL132W,YHR034C,0,-1.0464146,0.07218510657548904,0.4429999887943268,0.5694000124931335
YMR277W,YGL098W,0,-1.0464479,0.0721733495593071,0.4429999887943268,0.5695000290870667
YDR009W,YDR218C,0,-1.046532,0.07216159254312515,0.4429999887943268,0.569599986076355
YNR016C,YFR005C,0,-1.0465405,0.0721498355269432,0.4429999887943268,0.5697000026702881
YHR116W,YPL145C,0,-1.0468615,0.07213808596134186,0.4429999887943268,0.5698000192642212
YER133W,YIR025W,1,-1.0469092,0.07228915393352509,0.4440000057220459,0.5698000192642212
YOR274W,YER012W,0,-1.0469298,0.07227738946676254,0.4440000057220459,0.5698999762535095
YHR023W,YDR177W,0,-1.0469923,0.072265625,0.4440000057220459,0.5699999928474426
YGR140W,YIR025W,1,-1.0471226,0.07241659611463547,0.4449999928474426,0.5699999928474426
YEL027W,YOL142W,0,-1.0472534,0.07240481674671173,0.4449999928474426,0.5701000094413757
YGR097W,YKL120W,0,-1.0472987,0.072393037378788,0.4449999928474426,0.5702000260353088
YCR089W,YPL133C,0,-1.0473292,0.07238126546144485,0.4449999928474426,0.5702999830245972
YDR179C,YBR009C,0,-1.0474138,0.07236949354410172,0.4449999928474426,0.5703999996185303
YPR178W,YDR170C,0,-1.0479426,0.07235772162675858,0.4449999928474426,0.5705000162124634
YOL013C,YLR035C,0,-1.048146,0.07234595715999603,0.4449999928474426,0.5705999732017517
YFR009W,YJR131W,0,-1.0481623,0.07233420014381409,0.4449999928474426,0.5706999897956848
YBR110W,YGL051W,0,-1.0485971,0.07232244312763214,0.4449999928474426,0.5708000063896179
YLR381W,YIL138C,0,-1.0486023,0.07231069356203079,0.4449999928474426,0.570900022983551
YAL040C,YOR326W,1,-1.0489976,0.07246141135692596,0.44600000977516174,0.570900022983551
YGL051W,YKR055W,0,-1.0490813,0.07244963943958282,0.44600000977516174,0.5709999799728394
YLL043W,YLR221C,0,-1.0492421,0.07243787497282028,0.44600000977516174,0.5710999965667725
YOR266W,YLR084C,0,-1.0494308,0.07242611050605774,0.44600000977516174,0.5712000131607056
YDR518W,YHR067W,0,-1.0495087,0.0724143534898758,0.44600000977516174,0.5713000297546387
YDR183W,YFL059W,0,-1.0495639,0.07240259647369385,0.44600000977516174,0.571399986743927
YJL085W,YLR291C,0,-1.0497079,0.0723908469080925,0.44600000977516174,0.5715000033378601
YER177W,YPR141C,1,-1.0498222,0.07254138588905334,0.44699999690055847,0.5715000033378601
YCR065W,YOR326W,1,-1.0500586,0.07269187271595001,0.4480000138282776,0.5715000033378601
YFR046C,YOR040W,0,-1.0501322,0.07268007844686508,0.4480000138282776,0.5716000199317932
YDL046W,YGR072W,0,-1.0501422,0.07266829162836075,0.4480000138282776,0.5716999769210815
YLR115W,YPL145C,0,-1.0502877,0.07265650480985641,0.4480000138282776,0.5717999935150146
YEL019C,YNL139C,0,-1.0503678,0.07264472544193268,0.4480000138282776,0.5719000101089478
YNL288W,YCR073W-A,0,-1.0503743,0.07263294607400894,0.4480000138282776,0.5720000267028809
YNR057C,YKL122C,0,-1.0504168,0.0726211667060852,0.4480000138282776,0.5720999836921692
YHR007C,YBR069C,0,-1.0504376,0.07260940223932266,0.4480000138282776,0.5722000002861023
YOL156W,YNL117W,0,-1.0505452,0.07259763777256012,0.4480000138282776,0.5723000168800354
YDR052C,YGR063C,0,-1.0505937,0.07258587330579758,0.4480000138282776,0.5723999738693237
YCL029C,YGR245C,1,-1.0506281,0.07273610681295395,0.4490000009536743,0.5723999738693237
YFL039C,YHR158C,1,-1.0506952,0.07288629561662674,0.44999998807907104,0.5723999738693237
YJR153W,YPL128C,0,-1.0507398,0.07287449389696121,0.44999998807907104,0.5724999904632568
YPR175W,YDL095W,0,-1.0512,0.07286269217729568,0.44999998807907104,0.5726000070571899
YDL079C,YOL043C,0,-1.0515119,0.07285089790821075,0.44999998807907104,0.572700023651123
YER155C,YOR315W,0,-1.0515599,0.07283910363912582,0.44999998807907104,0.5727999806404114
YKL220C,YPL040C,0,-1.0518221,0.07282731682062149,0.44999998807907104,0.5728999972343445
YHR079C,YML058W,0,-1.0520289,0.07281553745269775,0.44999998807907104,0.5730000138282776
YDL045C,YLR329W,0,-1.0520549,0.07280375063419342,0.44999998807907104,0.5730999708175659
YPL145C,YDR432W,0,-1.0521598,0.07279197871685028,0.44999998807907104,0.573199987411499
YMR078C,YHR158C,1,-1.0522606,0.07294193655252457,0.45100000500679016,0.573199987411499
YJL108C,YMR053C,0,-1.0523069,0.07293014228343964,0.45100000500679016,0.5733000040054321
YPL125W,YHR154W,0,-1.0524638,0.0729183480143547,0.45100000500679016,0.5734000205993652
YOR174W,YGL051W,0,-1.0524881,0.07290656119585037,0.45100000500679016,0.5734999775886536
YOR136W,YKR031C,0,-1.0525023,0.07289478182792664,0.45100000500679016,0.5735999941825867
YLR035C,YOR085W,0,-1.0526075,0.0728830024600029,0.45100000500679016,0.5737000107765198
YGR284C,YNL218W,0,-1.0526156,0.07287122309207916,0.45100000500679016,0.5738000273704529
YOR099W,YBR097W,0,-1.0528309,0.07285945117473602,0.45100000500679016,0.5738999843597412
YLR131C,YCL029C,1,-1.052831,0.07300920784473419,0.4519999921321869,0.5738999843597412
YDR009W,YNL021W,0,-1.0529504,0.07299741357564926,0.4519999921321869,0.5740000009536743
YLR115W,YJR131W,0,-1.052959,0.07298562675714493,0.4519999921321869,0.5741000175476074
YOR002W,YHR178W,0,-1.0530065,0.07297384738922119,0.4519999921321869,0.5741999745368958
YJR083C,YNL142W,0,-1.0531735,0.07296206802129745,0.4519999921321869,0.5742999911308289
YOR346W,YLR066W,0,-1.0532683,0.07295028865337372,0.4519999921321869,0.574400007724762
YOR329C,YOR047C,0,-1.0534257,0.07293851673603058,0.4519999921321869,0.5745000243186951
YLR109W,YNL003C,0,-1.0535462,0.07292675226926804,0.4519999921321869,0.5745999813079834
YNL116W,YJL098W,1,-1.0535594,0.07307630032300949,0.453000009059906,0.5745999813079834
YBR093C,YIL118W,0,-1.053822,0.07306451350450516,0.453000009059906,0.5746999979019165
YKR036C,YER030W,0,-1.0538495,0.07305273413658142,0.453000009059906,0.5748000144958496
YGL187C,YPL040C,0,-1.0542809,0.07304095476865768,0.453000009059906,0.5748999714851379
YKL053C-A,YDR218C,0,-1.0543141,0.07302918285131454,0.453000009059906,0.574999988079071
YOR193W,YGR044C,0,-1.0543404,0.0730174109339714,0.453000009059906,0.5751000046730042
YAR018C,YLR055C,0,-1.0546174,0.07300563901662827,0.453000009059906,0.5752000212669373
YNL119W,YLR084C,0,-1.0548842,0.07299387454986572,0.453000009059906,0.5752999782562256
YOR380W,YML049C,0,-1.0550983,0.07298211753368378,0.453000009059906,0.5753999948501587
YPR055W,YMR293C,0,-1.0552509,0.07297036051750183,0.453000009059906,0.5755000114440918
YNL148C,YMR288W,0,-1.0555737,0.07295861095190048,0.453000009059906,0.5756000280380249
YLR381W,YOR329C,0,-1.0556542,0.07294686138629913,0.453000009059906,0.5756999850273132
YLR405W,YJL035C,0,-1.0556563,0.07293511182069778,0.453000009059906,0.5758000016212463
YJR050W,YLL013C,0,-1.0559058,0.07292337715625763,0.453000009059906,0.5759000182151794
YJR131W,YKR029C,0,-1.0559223,0.07291163504123688,0.453000009059906,0.5759999752044678
YMR168C,YML064C,1,-1.0559714,0.07306083291769028,0.45399999618530273,0.5759999752044678
YLR192C,YOR127W,0,-1.0560322,0.07304907590150833,0.45399999618530273,0.5760999917984009
YOR144C,YMR032W,0,-1.0560935,0.07303732633590698,0.45399999618530273,0.576200008392334
YEL029C,YCL052C,0,-1.0561213,0.07302557677030563,0.45399999618530273,0.5763000249862671
YPL119C,YJL092W,0,-1.0562034,0.07301382720470428,0.45399999618530273,0.5763999819755554
YLR157C,YJL093C,0,-1.0563086,0.07300209254026413,0.45399999618530273,0.5764999985694885
YLR291C,YML006C,0,-1.0565298,0.07299035042524338,0.45399999618530273,0.5766000151634216
YMR078C,YIL153W,1,-1.0569044,0.07313936948776245,0.45500001311302185,0.5766000151634216
YOR099W,YMR030W,0,-1.0569842,0.0731276124715805,0.45500001311302185,0.57669997215271
YIL085C,YGL051W,0,-1.0572234,0.07311586290597916,0.45500001311302185,0.5767999887466431
YIL124W,YHR150W,0,-1.0574764,0.07310411334037781,0.45500001311302185,0.5769000053405762
YAL035W,YPL254W,0,-1.0575455,0.07309237122535706,0.45500001311302185,0.5770000219345093
YLR069C,YIL066C,0,-1.0577745,0.0730806291103363,0.45500001311302185,0.5770999789237976
YJR155W,YNL142W,0,-1.0578246,0.07306889444589615,0.45500001311302185,0.5771999955177307
YOL005C,YHL025W,0,-1.0579734,0.073057159781456,0.45500001311302185,0.5773000121116638
YOR098C,YDR450W,0,-1.0579755,0.07304543256759644,0.45500001311302185,0.5774000287055969
YGR109C,YGL240W,1,-1.0579818,0.073194220662117,0.4560000002384186,0.5774000287055969
YHR079C,YIL110W,0,-1.0580726,0.07318247109651566,0.4560000002384186,0.5774999856948853
YDR449C,YNL107W,0,-1.0580736,0.0731707289814949,0.4560000002384186,0.5776000022888184
YER177W,YJL019W,1,-1.0581349,0.07331942766904831,0.4569999873638153,0.5776000022888184
YNL278W,YNL214W,0,-1.0581797,0.07330767065286636,0.4569999873638153,0.5777000188827515
YHR205W,YKL042W,0,-1.0581871,0.07329591363668442,0.4569999873638153,0.5777999758720398
YHR079C-A,YER129W,0,-1.0582094,0.07328415662050247,0.4569999873638153,0.5778999924659729
YML049C,YJL164C,0,-1.058239,0.07327240705490112,0.4569999873638153,0.578000009059906
YDR191W,YML076C,0,-1.0582479,0.07326065748929977,0.4569999873638153,0.5781000256538391
YKL152C,YLR003C,0,-1.0582972,0.07324891537427902,0.4569999873638153,0.5781999826431274
YPL267W,YHR191C,1,-1.0583276,0.0733974352478981,0.4580000042915344,0.5781999826431274
YML036W,YOL002C,0,-1.0589085,0.07338567823171616,0.4580000042915344,0.5782999992370605
YBR110W,YLR452C,0,-1.058929,0.07337392121553421,0.4580000042915344,0.5784000158309937
YGR140W,YDR113C,1,-1.0589944,0.07352234423160553,0.45899999141693115,0.5784000158309937
YOR193W,YKL006C-A,0,-1.0589978,0.07351057231426239,0.45899999141693115,0.578499972820282
YFR046C,YKL025C,0,-1.0592725,0.07349880039691925,0.45899999141693115,0.5785999894142151
YHR068W,YKR062W,0,-1.0594794,0.07348702847957611,0.45899999141693115,0.5787000060081482
YPR001W,YOR295W,0,-1.0595976,0.07347527146339417,0.45899999141693115,0.5788000226020813
YCR002C,YDR281C,0,-1.0597571,0.07346350699663162,0.45899999141693115,0.5788999795913696
YER177W,YML064C,1,-1.0601445,0.073611781001091,0.46000000834465027,0.5788999795913696
YHR072W-A,YPL239W,0,-1.060189,0.07360000163316727,0.46000000834465027,0.5789999961853027
YLR270W,YOR231W,0,-1.0603356,0.07358822226524353,0.46000000834465027,0.5791000127792358
YOR191W,YIL039W,0,-1.0605396,0.07357645779848099,0.46000000834465027,0.579200029373169
YER095W,YDR289C,0,-1.0607872,0.07356468588113785,0.46000000834465027,0.5792999863624573
YML132W,YBR105C,0,-1.0610875,0.0735529288649559,0.46000000834465027,0.5794000029563904
YJL100W,YDL015C,0,-1.061278,0.07354116439819336,0.46000000834465027,0.5795000195503235
YIL009W,YDR432W,0,-1.0612961,0.07352941483259201,0.46000000834465027,0.5795999765396118
YBR042C,YHR205W,0,-1.0613388,0.07351765781641006,0.46000000834465027,0.5796999931335449
YBR153W,YHR196W,0,-1.0616835,0.07350591570138931,0.46000000834465027,0.579800009727478
YOR377W,YPL106C,0,-1.0618279,0.07349416613578796,0.46000000834465027,0.5799000263214111
YKR063C,YBR136W,0,-1.0618653,0.07348243147134781,0.46000000834465027,0.5799999833106995
YGL144C,YOR047C,0,-1.062519,0.07347068935632706,0.46000000834465027,0.5800999999046326
YIR010W,YFR034C,0,-1.0627995,0.0734589621424675,0.46000000834465027,0.5802000164985657
YPR093C,YKL042W,0,-1.0629478,0.07344722747802734,0.46000000834465027,0.580299973487854
YML069W,YFL060C,0,-1.06295,0.07343550771474838,0.46000000834465027,0.5803999900817871
YPR175W,YML029W,0,-1.0630755,0.07342378050088882,0.46000000834465027,0.5805000066757202
YLR055C,YDR400W,0,-1.0632324,0.07341206818819046,0.46000000834465027,0.5806000232696533
YDL055C,YIL138C,0,-1.0633719,0.0734003484249115,0.46000000834465027,0.5806999802589417
YER008C,YLR452C,0,-1.0633721,0.07338864356279373,0.46000000834465027,0.5807999968528748
YER127W,YJL139C,0,-1.0634103,0.07337693125009537,0.46000000834465027,0.5809000134468079
YJL095W,YDR346C,0,-1.0634257,0.0733652338385582,0.46000000834465027,0.5809999704360962
YGL222C,YKL034W,0,-1.0634284,0.07335352897644043,0.46000000834465027,0.5810999870300293
YKR036C,YPR075C,0,-1.0637255,0.07334183901548386,0.46000000834465027,0.5812000036239624
YIR010W,YNR052C,0,-1.0638683,0.07333014160394669,0.46000000834465027,0.5813000202178955
YLR109W,YER129W,0,-1.0638747,0.07331845909357071,0.46000000834465027,0.5813999772071838
YAL056W,YGL062W,0,-1.0639701,0.07330677658319473,0.46000000834465027,0.5814999938011169
YDR518W,YGR288W,0,-1.0639756,0.07329509407281876,0.46000000834465027,0.58160001039505
YLL013C,YGL144C,0,-1.0640316,0.07328341901302338,0.46000000834465027,0.5817000269889832
YGL194C,YMR053C,0,-1.0641865,0.073271743953228,0.46000000834465027,0.5817999839782715
YKR029C,YKL006C-A,0,-1.0642223,0.07326007634401321,0.46000000834465027,0.5819000005722046
YCR010C,YMR053C,0,-1.064333,0.07324840873479843,0.46000000834465027,0.5820000171661377
YNL117W,YLR396C,0,-1.0644541,0.07323674857616425,0.46000000834465027,0.582099974155426
YOL133W,YGL086W,1,-1.0644543,0.07338427007198334,0.460999995470047,0.582099974155426
YOR377W,YOR274W,0,-1.0645049,0.07337259501218796,0.460999995470047,0.5821999907493591
YJL058C,YLR452C,0,-1.0645819,0.07336091995239258,0.460999995470047,0.5823000073432922
YJR064W,YOR188W,0,-1.0646075,0.0733492448925972,0.460999995470047,0.5824000239372253
YKR063C,YBR080C,0,-1.0646825,0.07333757728338242,0.460999995470047,0.5824999809265137
YDR179C,YKL025C,0,-1.0648175,0.07332590967416763,0.460999995470047,0.5825999975204468
YNL214W,YJL129C,0,-1.0649014,0.07331424951553345,0.460999995470047,0.5827000141143799
YHR059W,YNL075W,0,-1.0649432,0.07330258935689926,0.460999995470047,0.5827999711036682
YMR113W,YNL075W,0,-1.0650913,0.07329093664884567,0.460999995470047,0.5828999876976013
YOL071W,YJL186W,0,-1.0651734,0.07327929139137268,0.460999995470047,0.5830000042915344
YEL027W,YGL120C,0,-1.0654409,0.07326763868331909,0.460999995470047,0.5831000208854675
YER133W,YDR113C,1,-1.065484,0.07341490685939789,0.4620000123977661,0.5831000208854675
YDR228C,YLR268W,0,-1.0654925,0.0734032392501831,0.4620000123977661,0.5831999778747559
YAR031W,YNL310C,0,-1.0656707,0.07339157909154892,0.4620000123977661,0.583299994468689
YLR035C,YER169W,0,-1.0658202,0.07337992638349533,0.4620000123977661,0.5834000110626221
YOL111C,YNL139C,0,-1.0659755,0.07336827367544174,0.4620000123977661,0.5835000276565552
YMR078C,YIR025W,1,-1.0662782,0.0735154002904892,0.46299999952316284,0.5835000276565552
YDR188W,YKL079W,0,-1.0663338,0.07350373268127441,0.46299999952316284,0.5835999846458435
YOR377W,YDR289C,0,-1.06641,0.07349206507205963,0.46299999952316284,0.5837000012397766
YDR179C,YCR052W,0,-1.0665262,0.07348039746284485,0.46299999952316284,0.5838000178337097
YER087C-B,YOR315W,0,-1.0669649,0.07346873730421066,0.46299999952316284,0.583899974822998
YMR025W,YHR164C,0,-1.0671571,0.07345708459615707,0.46299999952316284,0.5839999914169312
YKL146W,YOR229W,0,-1.0673058,0.07344543188810349,0.46299999952316284,0.5841000080108643
YBR205W,YDR407C,0,-1.0674686,0.0734337791800499,0.46299999952316284,0.5842000246047974
YLR095C,YGL097W,0,-1.0674765,0.0734221339225769,0.46299999952316284,0.5842999815940857
YGL062W,YGR044C,0,-1.0677266,0.07341049611568451,0.46299999952316284,0.5843999981880188
YGR092W,YOR243C,0,-1.0680592,0.07339885830879211,0.46299999952316284,0.5845000147819519
YAL056W,YBR192W,0,-1.0681224,0.07338722795248032,0.46299999952316284,0.5845999717712402
YGR140W,YIL153W,1,-1.0681283,0.07353407144546509,0.46399998664855957,0.5845999717712402
YAR015W,YHR205W,0,-1.0682057,0.0735224187374115,0.46399998664855957,0.5846999883651733
YOR226C,YNL003C,0,-1.0682135,0.07351077347993851,0.46399998664855957,0.5848000049591064
YOL013C,YMR183C,0,-1.0682147,0.07349912822246552,0.46399998664855957,0.5849000215530396
YDL175C,YOR100C,0,-1.0686138,0.07348749041557312,0.46399998664855957,0.5849999785423279
YOR085W,YLR009W,0,-1.0686988,0.07347585260868073,0.46399998664855957,0.585099995136261
YOR181W,YNL290W,0,-1.0687685,0.07346421480178833,0.46399998664855957,0.5852000117301941
YPL267W,YML027W,1,-1.0689216,0.07361089438199997,0.4650000035762787,0.5852000117301941
YOR193W,YJR007W,0,-1.0692819,0.07359924167394638,0.4650000035762787,0.5853000283241272
YOR043W,YGL255W,0,-1.069397,0.07358759641647339,0.4650000035762787,0.5853999853134155
YAR015W,YML058W,0,-1.0694498,0.0735759511590004,0.4650000035762787,0.5855000019073486
YPL112C,YER162C,0,-1.0695226,0.0735643059015274,0.4650000035762787,0.5856000185012817
YNL290W,YOR295W,0,-1.0702834,0.0735526755452156,0.4650000035762787,0.5856999754905701
YDR258C,YNL003C,0,-1.0703409,0.07354103773832321,0.4650000035762787,0.5857999920845032
YPL241C,YGR092W,0,-1.0703871,0.07352941483259201,0.4650000035762787,0.5859000086784363
YCL061C,YHR023W,0,-1.0707573,0.07351778447628021,0.4650000035762787,0.5860000252723694
YLR353W,YOR294W,0,-1.0708635,0.07350616157054901,0.4650000035762787,0.5860999822616577
YHR116W,YBR041W,0,-1.0710585,0.07349454611539841,0.4650000035762787,0.5861999988555908
YBR155W,YMR150C,0,-1.0712554,0.0734829306602478,0.4650000035762787,0.5863000154495239
YMR168C,YGL086W,1,-1.0714848,0.07362932711839676,0.4659999907016754,0.5863000154495239
YCR048W,YGR077C,0,-1.0715774,0.07361769676208496,0.4659999907016754,0.5863999724388123
YDR228C,YHR154W,0,-1.071677,0.07360606640577316,0.4659999907016754,0.5864999890327454
YMR078C,YOL133W,1,-1.0716871,0.07375236600637436,0.46700000762939453,0.5864999890327454
YMR275C,YCR067C,0,-1.0716887,0.07374072074890137,0.46700000762939453,0.5866000056266785
YLR002C,YBL105C,0,-1.0717885,0.07372908294200897,0.46700000762939453,0.5867000222206116
YNL075W,YOR266W,0,-1.0719303,0.07371744513511658,0.46700000762939453,0.5867999792098999
YKL079W,YBR061C,0,-1.0723424,0.07370580732822418,0.46700000762939453,0.586899995803833
YAL007C,YHR150W,0,-1.0725386,0.07369417697191238,0.46700000762939453,0.5870000123977661
YFL029C,YFR027W,1,-1.072576,0.07384032756090164,0.46799999475479126,0.5870000123977661
YHR023W,YOR209C,0,-1.0726078,0.07382868230342865,0.46799999475479126,0.5871000289916992
YGL078C,YBR093C,0,-1.0730841,0.07381703704595566,0.46799999475479126,0.5871999859809875
YMR033W,YLR107W,0,-1.0734313,0.07380539178848267,0.46799999475479126,0.5873000025749207
YOR031W,YDR083W,0,-1.0735149,0.07379375398159027,0.46799999475479126,0.5874000191688538
YPL217C,YNL029C,0,-1.0735167,0.07378212362527847,0.46799999475479126,0.5874999761581421
YGR227W,YPL116W,0,-1.0736076,0.07377049326896667,0.46799999475479126,0.5875999927520752
YGR163W,YPL106C,0,-1.0736153,0.07375886291265488,0.46799999475479126,0.5877000093460083
YER174C,YJL094C,0,-1.0739484,0.07374724000692368,0.46799999475479126,0.5878000259399414
YDR480W,YAL023C,0,-1.0740165,0.07373562455177307,0.46799999475479126,0.5878999829292297
YLL001W,YCR067C,0,-1.0742309,0.07372400909662247,0.46799999475479126,0.5879999995231628
YJR112W,YNL263C,0,-1.0743155,0.07371239364147186,0.46799999475479126,0.588100016117096
YER177W,YOR344C,1,-1.0746614,0.07385826855897903,0.4690000116825104,0.588100016117096
YMR275C,YHL025W,0,-1.0747153,0.07384663820266724,0.4690000116825104,0.5881999731063843
YFR005C,YIL061C,0,-1.0748926,0.07383501529693604,0.4690000116825104,0.5882999897003174
YHR059W,YGL254W,0,-1.0749177,0.07382339239120483,0.4690000116825104,0.5884000062942505
YNL291C,YOR347C,0,-1.0750562,0.07381176948547363,0.4690000116825104,0.5885000228881836
YBR164C,YCR081W,0,-1.075121,0.07380015403032303,0.4690000116825104,0.5885999798774719
YLR002C,YMR263W,0,-1.0752273,0.07378854602575302,0.4690000116825104,0.588699996471405
YNL048W,YER044C,0,-1.0752501,0.07377693802118301,0.4690000116825104,0.5888000130653381
YDR191W,YGR241C,0,-1.075378,0.0737653374671936,0.4690000116825104,0.5889000296592712
YDL126C,YIL098C,0,-1.0755248,0.0737537369132042,0.4690000116825104,0.5889999866485596
YJL186W,YML097C,0,-1.0758479,0.07374213635921478,0.4690000116825104,0.5891000032424927
YLR144C,YBR097W,0,-1.076014,0.07373054325580597,0.4690000116825104,0.5892000198364258
YGL167C,YLR221C,0,-1.0761303,0.07371895760297775,0.4690000116825104,0.5892999768257141
YGL130W,YAL035W,0,-1.0761696,0.07370737195014954,0.4690000116825104,0.5893999934196472
YLR113W,YHR154W,0,-1.0763301,0.07369578629732132,0.4690000116825104,0.5895000100135803
YGR109C,YKR037C,1,-1.0763685,0.07384131848812103,0.4699999988079071,0.5895000100135803
YGL172W,YDR126W,0,-1.0763713,0.07382971793413162,0.4699999988079071,0.5896000266075134
YJL026W,YDL052C,0,-1.0764576,0.07381812483072281,0.4699999988079071,0.5896999835968018
YPR199C,YKL032C,0,-1.0765431,0.073806531727314,0.4699999988079071,0.5898000001907349
YDL178W,YOR188W,0,-1.0769168,0.07379494607448578,0.4699999988079071,0.589900016784668
YEL069C,YIL084C,0,-1.0769267,0.07378336042165756,0.4699999988079071,0.5899999737739563
YDL132W,YFR027W,1,-1.0769677,0.07392873615026474,0.47099998593330383,0.5899999737739563
YLR304C,YNR017W,0,-1.0770086,0.07391713559627533,0.47099998593330383,0.5900999903678894
YDR009W,YKL051W,0,-1.0770994,0.07390554249286652,0.47099998593330383,0.5902000069618225
YPR082C,YGR044C,0,-1.0771601,0.0738939419388771,0.47099998593330383,0.5903000235557556
YGL062W,YML029W,0,-1.0772402,0.07388235628604889,0.47099998593330383,0.590399980545044
YLR369W,YOR162C,0,-1.0772524,0.07387076318264008,0.47099998593330383,0.590499997138977
YDR499W,YFL017W-A,0,-1.0774109,0.07385918498039246,0.47099998593330383,0.5906000137329102
YDR440W,YBR260C,0,-1.0776451,0.07384759932756424,0.47099998593330383,0.5906999707221985
YLL001W,YDR318W,0,-1.0778525,0.07383602112531662,0.47099998593330383,0.5907999873161316
YNL262W,YHL028W,0,-1.0779032,0.0738244503736496,0.47099998593330383,0.5909000039100647
YER030W,YBR026C,0,-1.0781121,0.07381287962198257,0.47099998593330383,0.5910000205039978
YPL248C,YGL051W,0,-1.0781283,0.07380131632089615,0.47099998593330383,0.5910999774932861
YOL156W,YOR193W,0,-1.0784947,0.07378975301980972,0.47099998593330383,0.5911999940872192
YGR097W,YEL027W,0,-1.0785425,0.0737781971693039,0.47099998593330383,0.5913000106811523
YFR027W,YGL086W,1,-1.07932,0.073923259973526,0.47200000286102295,0.5913000106811523
YAR015W,YDR450W,0,-1.0793421,0.07391168177127838,0.47200000286102295,0.5914000272750854
YOR260W,YFL017W-A,0,-1.0794129,0.07390011101961136,0.47200000286102295,0.5914999842643738
YDR228C,YKL042W,0,-1.0795529,0.07388854026794434,0.47200000286102295,0.5916000008583069
YLR304C,YDR341C,0,-1.0795915,0.07387697696685791,0.47200000286102295,0.59170001745224
YIR033W,YJR131W,0,-1.0796394,0.07386541366577148,0.47200000286102295,0.5917999744415283
YKL021C,YDR240C,0,-1.0797038,0.07385385781526566,0.47200000286102295,0.5918999910354614
YGL144C,YGR185C,0,-1.0797634,0.07384230196475983,0.47200000286102295,0.5920000076293945
YLR055C,YGR141W,0,-1.0798368,0.0738307535648346,0.47200000286102295,0.5921000242233276
YKL206C,YOL078W,0,-1.0798701,0.07381920516490936,0.47200000286102295,0.592199981212616
YKR054C,YER089C,1,-1.0799396,0.07396403700113297,0.4729999899864197,0.592199981212616
YOR250C,YLR324W,0,-1.0799717,0.07395247370004654,0.4729999899864197,0.5922999978065491
YDR176W,YML058W,0,-1.0800278,0.07394091039896011,0.4729999899864197,0.5924000144004822
YOL013C,YER087C-B,0,-1.0801045,0.07392935454845428,0.4729999899864197,0.5924999713897705
YAL002W,YNL283C,0,-1.0801826,0.07391779869794846,0.4729999899864197,0.5925999879837036
YJR033C,YMR013C,0,-1.0802685,0.07390625029802322,0.4729999899864197,0.5927000045776367
YER168C,YNL243W,0,-1.0803189,0.07389470189809799,0.4729999899864197,0.5928000211715698
YDR499W,YDL052C,0,-1.0804679,0.07388316094875336,0.4729999899864197,0.5928999781608582
YEL069C,YLR010C,0,-1.0805148,0.07387161999940872,0.4729999899864197,0.5929999947547913
YGR092W,YML025C,0,-1.0805218,0.07386008650064468,0.4729999899864197,0.5931000113487244
YLR318W,YPR046W,0,-1.0805317,0.07384855300188065,0.4729999899864197,0.5932000279426575
YAL023C,YHL027W,0,-1.0805539,0.0738370269536972,0.4729999899864197,0.5932999849319458
YDR225W,YMR308C,0,-1.0809169,0.07382550090551376,0.4729999899864197,0.5934000015258789
YPL086C,YOR106W,0,-1.0810313,0.07381398230791092,0.4729999899864197,0.593500018119812
YLR102C,YCL029C,1,-1.0811559,0.07395849376916885,0.4740000069141388,0.593500018119812
YFL029C,YGL240W,1,-1.0811768,0.0741029605269432,0.4749999940395355,0.593500018119812
YNL148C,YPL112C,0,-1.0812299,0.07409140467643738,0.4749999940395355,0.5935999751091003
YPL082C,YLR285W,0,-1.0812638,0.07407984882593155,0.4749999940395355,0.5936999917030334
YGL078C,YIL022W,0,-1.0812722,0.07406830042600632,0.4749999940395355,0.5938000082969666
YNL317W,YMR053C,0,-1.0815332,0.07405675202608109,0.4749999940395355,0.5939000248908997
YGR227W,YDL148C,0,-1.0816087,0.07404520362615585,0.4749999940395355,0.593999981880188
YDR440W,YGL016W,0,-1.081821,0.07403366267681122,0.4749999940395355,0.5940999984741211
YGL051W,YMR005W,0,-1.082473,0.07402212917804718,0.4749999940395355,0.5942000150680542
YDL245C,YCL061C,0,-1.0826955,0.07401059567928314,0.4749999940395355,0.5942999720573425
YDR179C,YPR175W,0,-1.0827913,0.0739990621805191,0.4749999940395355,0.5943999886512756
YNL278W,YIR008C,0,-1.0829322,0.07398753613233566,0.4749999940395355,0.5945000052452087
YDL105W,YFL017W-A,0,-1.0829953,0.07397601753473282,0.4749999940395355,0.5946000218391418
YGR204W,YDR156W,0,-1.0830197,0.07396449893712997,0.4749999940395355,0.5946999788284302
YBR061C,YER151C,0,-1.0830319,0.07395298033952713,0.4749999940395355,0.5947999954223633
YML047C,YBR130C,0,-1.0833862,0.07394146919250488,0.4749999940395355,0.5949000120162964
YPR052C,YDR427W,0,-1.0835817,0.07392995804548264,0.4749999940395355,0.5950000286102295
YIL098C,YGL137W,0,-1.0841279,0.07391845434904099,0.4749999940395355,0.5950999855995178
YPL241C,YLR291C,0,-1.0842059,0.07390695810317993,0.4749999940395355,0.5952000021934509
YPR128C,YBR136W,0,-1.0842357,0.07389545440673828,0.4749999940395355,0.595300018787384
YML123C,YLR075W,0,-1.0843956,0.07388396561145782,0.4749999940395355,0.5953999757766724
YML059C,YML011C,0,-1.0847347,0.07387246936559677,0.4749999940395355,0.5954999923706055
YLR304C,YKL025C,0,-1.0849956,0.07386098802089691,0.4749999940395355,0.5956000089645386
YPR111W,YNL283C,0,-1.0851917,0.07384949922561646,0.4749999940395355,0.5957000255584717
YOR174W,YDL106C,0,-1.085207,0.07383802533149719,0.4749999940395355,0.59579998254776
YER151C,YER072W,0,-1.0852325,0.07382654398679733,0.4749999940395355,0.5958999991416931
YNL031C,YOR319W,0,-1.0855309,0.07381507009267807,0.4749999940395355,0.5960000157356262
YHL047C,YPL119C,0,-1.0855919,0.0738036036491394,0.4749999940395355,0.5960999727249146
YAL056W,YDR346C,0,-1.0856819,0.07379213720560074,0.4749999940395355,0.5961999893188477
YDR173C,YGR163W,0,-1.0858696,0.07378067821264267,0.4749999940395355,0.5963000059127808
YGL187C,YBR026C,0,-1.0859091,0.0737692192196846,0.4749999940395355,0.5964000225067139
YOR136W,YPR074C,0,-1.0859597,0.07375776767730713,0.4749999940395355,0.5964999794960022
YJR144W,YKR031C,0,-1.0860493,0.07374631613492966,0.4749999940395355,0.5965999960899353
YGR140W,YDR310C,1,-1.0860833,0.07389009743928909,0.47600001096725464,0.5965999960899353
YNL142W,YMR030W,0,-1.0861251,0.07387863099575043,0.47600001096725464,0.5967000126838684
YMR078C,YMR236W,1,-1.0862145,0.07402234524488449,0.47699999809265137,0.5967000126838684
YDR377W,YOL142W,0,-1.0867574,0.07401086390018463,0.47699999809265137,0.5968000292778015
YOR226C,YPL145C,0,-1.0868992,0.07399938255548477,0.47699999809265137,0.5968999862670898
YCL029C,YHL007C,1,-1.0874316,0.07414301484823227,0.4779999852180481,0.5968999862670898
YPL132W,YGR072W,0,-1.0874484,0.07413151115179062,0.4779999852180481,0.597000002861023
YOR249C,YGR245C,1,-1.0875287,0.07427508383989334,0.4790000021457672,0.597000002861023
YJL060W,YML029W,0,-1.0876062,0.0742635652422905,0.4790000021457672,0.597100019454956
YEL027W,YCL059C,0,-1.0876505,0.07425205409526825,0.4790000021457672,0.5971999764442444
YJR083C,YOR084W,0,-1.087678,0.074240542948246,0.4790000021457672,0.5972999930381775
YHR187W,YGL120C,0,-1.087768,0.07422903925180435,0.4790000021457672,0.5974000096321106
YPR141C,YMR190C,1,-1.0879076,0.07437248528003693,0.47999998927116394,0.5974000096321106
YPL069C,YDL148C,0,-1.0880042,0.07436095923185349,0.47999998927116394,0.5975000262260437
YCR052W,YKR101W,0,-1.088538,0.07434944063425064,0.47999998927116394,0.597599983215332
YLL042C,YLR033W,0,-1.0885838,0.0743379294872284,0.47999998927116394,0.5976999998092651
YAL023C,YOR266W,0,-1.0886345,0.07432641834020615,0.47999998927116394,0.5978000164031982
YER178W,YDR392W,0,-1.0886998,0.0743149071931839,0.47999998927116394,0.5978999733924866
YGR178C,YFR005C,0,-1.0887209,0.07430340349674225,0.47999998927116394,0.5979999899864197
YPL217C,YPL069C,0,-1.0888662,0.0742919072508812,0.47999998927116394,0.5981000065803528
YGL240W,YFL034C-B,1,-1.088944,0.07443515956401825,0.48100000619888306,0.5981000065803528
YPL018W,YGR006W,0,-1.0890543,0.0744236409664154,0.48100000619888306,0.5982000231742859
YIL098C,YNL262W,0,-1.089112,0.07441212981939316,0.48100000619888306,0.5982999801635742
YKR036C,YGR092W,0,-1.0891345,0.07440061867237091,0.48100000619888306,0.5983999967575073
YDL047W,YJL074C,1,-1.0892218,0.07454376667737961,0.4819999933242798,0.5983999967575073
YDR040C,YDR251W,0,-1.0892324,0.07453224062919617,0.4819999933242798,0.5985000133514404
YJL062W,YLR417W,0,-1.0892363,0.07452071458101273,0.4819999933242798,0.5985999703407288
YMR311C,YHR023W,0,-1.0893629,0.07450919598340988,0.4819999933242798,0.5986999869346619
YDL137W,YDR126W,0,-1.0894362,0.07449768483638763,0.4819999933242798,0.598800003528595
YPR175W,YDR217C,0,-1.0896742,0.07448616623878479,0.4819999933242798,0.5989000201225281
YIL040W,YLR055C,0,-1.0898892,0.07447466254234314,0.4819999933242798,0.5989999771118164
YIR008C,YOR191W,0,-1.0898945,0.07446315139532089,0.4819999933242798,0.5990999937057495
YKR054C,YIR025W,1,-1.08991,0.07460611313581467,0.4830000102519989,0.5990999937057495
YOR099W,YLL013C,0,-1.0900767,0.07459459453821182,0.4830000102519989,0.5992000102996826
YDR499W,YOL031C,0,-1.0903013,0.07458307594060898,0.4830000102519989,0.5993000268936157
YDR191W,YBR256C,0,-1.0904351,0.07457155734300613,0.4830000102519989,0.599399983882904
YNL278W,YHL027W,0,-1.0905834,0.07456004619598389,0.4830000102519989,0.5995000004768372
YER177W,YPR135W,1,-1.0906416,0.07470288872718811,0.48399999737739563,0.5995000004768372
YPL082C,YHR143W-A,0,-1.0907456,0.07469135522842407,0.48399999737739563,0.5996000170707703
YHR072W-A,YGR285C,0,-1.0911826,0.07467983663082123,0.48399999737739563,0.5996999740600586
YPL116W,YLR369W,0,-1.0912316,0.07466831058263779,0.48399999737739563,0.5997999906539917
YDL079C,YJR010C-A,0,-1.0914176,0.07465679198503494,0.48399999737739563,0.5999000072479248
YJR064W,YJL036W,0,-1.0915602,0.0746452808380127,0.48399999737739563,0.6000000238418579
YPL213W,YKR101W,0,-1.0917113,0.07463376969099045,0.48399999737739563,0.6000999808311462
YNL328C,YGR006W,0,-1.0917741,0.0746222659945488,0.48399999737739563,0.6001999974250793
YCL052C,YDR469W,0,-1.09197,0.07461076229810715,0.48399999737739563,0.6003000140190125
YDL137W,YGR141W,0,-1.0919715,0.0745992586016655,0.48399999737739563,0.6003999710083008
YDL056W,YGR063C,0,-1.0923002,0.07458776235580444,0.48399999737739563,0.6004999876022339
YJR069C,YPL125W,0,-1.0924363,0.07457627356052399,0.48399999737739563,0.600600004196167
YPL267W,YER133W,1,-1.0925206,0.07471884042024612,0.48500001430511475,0.600600004196167
YPR105C,YBL002W,0,-1.0925791,0.07470732927322388,0.48500001430511475,0.6007000207901001
YGL190C,YMR190C,1,-1.0927249,0.07484983652830124,0.4860000014305115,0.6007000207901001
YMR078C,YJL098W,1,-1.0928266,0.07499229907989502,0.4869999885559082,0.6007000207901001
YPL048W,YMR044W,0,-1.0929751,0.07498075813055038,0.4869999885559082,0.6007999777793884
YEL019C,YER162C,0,-1.0930533,0.07496920973062515,0.4869999885559082,0.6008999943733215
YDR040C,YIL110W,0,-1.0931255,0.07495767623186111,0.4869999885559082,0.6010000109672546
YLR131C,YNL116W,1,-1.0932318,0.07510003447532654,0.4880000054836273,0.6010000109672546
YLR291C,YFR034C,0,-1.093347,0.07508847862482071,0.4880000054836273,0.6011000275611877
YDR228C,YNL003C,0,-1.0933561,0.07507692277431488,0.4880000054836273,0.6011999845504761
YKL146W,YFL060C,0,-1.0933889,0.07506537437438965,0.4880000054836273,0.6013000011444092
YBR136W,YPL151C,0,-1.0934656,0.07505382597446442,0.4880000054836273,0.6014000177383423
YHR072W-A,YPR074C,0,-1.0937173,0.07504228502511978,0.4880000054836273,0.6014999747276306
YER127W,YOR129C,0,-1.0939907,0.07503075152635574,0.4880000054836273,0.6015999913215637
YBR192W,YKL006C-A,0,-1.0940481,0.0750192180275917,0.4880000054836273,0.6017000079154968
YNL153C,YOL043C,0,-1.0943877,0.07500768452882767,0.4880000054836273,0.6018000245094299
YAL059W,YJL139C,0,-1.094562,0.07499615848064423,0.4880000054836273,0.6018999814987183
YCR002C,YLR405W,0,-1.0946205,0.07498463243246078,0.4880000054836273,0.6019999980926514
YLR109W,YGL142C,0,-1.0947332,0.07497311383485794,0.4880000054836273,0.6021000146865845
YLR291C,YBR168W,0,-1.0947354,0.0749615952372551,0.4880000054836273,0.6021999716758728
YLR075W,YER074W-A,0,-1.0954692,0.07495008409023285,0.4880000054836273,0.6022999882698059
YLR144C,YPR046W,0,-1.0955318,0.0749385729432106,0.4880000054836273,0.602400004863739
YPL125W,YCL059C,0,-1.09575,0.07492706924676895,0.4880000054836273,0.6025000214576721
YDR228C,YNL312W,0,-1.0958197,0.0749155655503273,0.4880000054836273,0.6025999784469604
YIL040W,YPL133C,0,-1.0958214,0.07490406930446625,0.4880000054836273,0.6026999950408936
YPR093C,YOR266W,0,-1.0959051,0.0748925730586052,0.4880000054836273,0.6028000116348267
YOL002C,YGL144C,0,-1.0962374,0.07488107681274414,0.4880000054836273,0.6029000282287598
YLR448W,YNL283C,0,-1.0967238,0.07486959546804428,0.4880000054836273,0.6029999852180481
YGL247W,YNL310C,0,-1.0968003,0.07485810667276382,0.4880000054836273,0.6031000018119812
YPL018W,YLR095C,0,-1.0969797,0.07484662532806396,0.4880000054836273,0.6032000184059143
YER114C,YMR263W,0,-1.0969982,0.0748351514339447,0.4880000054836273,0.6032999753952026
YMR168C,YJR090C,1,-1.0970293,0.07497700303792953,0.48899999260902405,0.6032999753952026
YOL005C,YCL033C,0,-1.0974362,0.07496550679206848,0.48899999260902405,0.6033999919891357
YNL291C,YDR432W,0,-1.097591,0.07495401799678802,0.48899999260902405,0.6035000085830688
YKR034W,YPR134W,0,-1.0976341,0.07494252920150757,0.48899999260902405,0.603600025177002
YBR136W,YBR080C,0,-1.0976379,0.07493104785680771,0.48899999260902405,0.6036999821662903
YCR028C-A,YDR165W,0,-1.0977027,0.07491956651210785,0.48899999260902405,0.6037999987602234
YKL006C-A,YJR010C-A,0,-1.0977522,0.07490808516740799,0.48899999260902405,0.6039000153541565
YPL217C,YGR092W,0,-1.0983504,0.07489661872386932,0.48899999260902405,0.6039999723434448
YJL019W,YGR245C,1,-1.0986599,0.07503828406333923,0.49000000953674316,0.6039999723434448
YGR092W,YOR060C,0,-1.0987766,0.07502679526805878,0.49000000953674316,0.6040999889373779
YMR032W,YNL312W,0,-1.0989755,0.07501530647277832,0.49000000953674316,0.604200005531311
YCL059C,YML001W,0,-1.0990701,0.07500382512807846,0.49000000953674316,0.6043000221252441
YMR013C,YHR163W,0,-1.0993433,0.0749923512339592,0.49000000953674316,0.6043999791145325
YLR131C,YMR168C,1,-1.0994263,0.07513389736413956,0.4909999966621399,0.6043999791145325
YPL169C,YDR227W,0,-1.0994627,0.0751224011182785,0.4909999966621399,0.6044999957084656
YCR098C,YOR049C,0,-1.0997754,0.07511090487241745,0.4909999966621399,0.6046000123023987
YDR420W,YDR322C-A,0,-1.1000807,0.075099416077137,0.4909999966621399,0.6047000288963318
YGR177C,YNL106C,0,-1.100143,0.07508793473243713,0.4909999966621399,0.6047999858856201
YDR377W,YPL007C,0,-1.1002514,0.07507645338773727,0.4909999966621399,0.6049000024795532
YNL148C,YPL228W,0,-1.1005108,0.07506497204303741,0.4909999966621399,0.6050000190734863
YPR042C,YAL002W,0,-1.100558,0.07505349814891815,0.4909999966621399,0.6050999760627747
YHR079C,YMR183C,0,-1.1006441,0.07504203170537949,0.4909999966621399,0.6051999926567078
YBR188C,YNL231C,0,-1.1007451,0.07503056526184082,0.4909999966621399,0.6053000092506409
YML019W,YHL028W,0,-1.1008039,0.07501909881830215,0.4909999966621399,0.605400025844574
YDR096W,YDL055C,0,-1.1008859,0.07500763982534409,0.4909999966621399,0.6054999828338623
YML059C,YDR126W,0,-1.1011766,0.07499618083238602,0.4909999966621399,0.6055999994277954
YER174C,YLR357W,0,-1.1011784,0.07498472929000854,0.4909999966621399,0.6057000160217285
YGL222C,YDR420W,0,-1.1012156,0.07497327774763107,0.4909999966621399,0.6057999730110168
YLR131C,YPR135W,1,-1.1012241,0.07511450350284576,0.492000013589859,0.6057999730110168
YDL207W,YLR066W,0,-1.1017764,0.0751030370593071,0.492000013589859,0.60589998960495
YLR186W,YLR033W,0,-1.1018984,0.07509157806634903,0.492000013589859,0.6060000061988831
YDR227W,YOR353C,0,-1.1020178,0.07508011907339096,0.492000013589859,0.6061000227928162
YMR061W,YMR293C,0,-1.1021013,0.07506866008043289,0.492000013589859,0.6061999797821045
YBR260C,YJR019C,0,-1.1021762,0.07505720853805542,0.492000013589859,0.6062999963760376
YJR121W,YER169W,0,-1.102266,0.07504575699567795,0.492000013589859,0.6064000129699707
YGL222C,YIL098C,0,-1.1023122,0.07503431290388107,0.492000013589859,0.6065000295639038
YLR148W,YDR346C,0,-1.1023347,0.0750228762626648,0.492000013589859,0.6065999865531921
YLR131C,YAL047C,1,-1.1023936,0.07516389340162277,0.49300000071525574,0.6065999865531921
YPL213W,YER178W,0,-1.1024063,0.0751524418592453,0.49300000071525574,0.6067000031471252
YKR083C,YHL007C,1,-1.1024271,0.0752933993935585,0.49399998784065247,0.6067000031471252
YKL093W,YOR106W,0,-1.1024868,0.07528192549943924,0.49399998784065247,0.6068000197410583
YCR098C,YBR130C,0,-1.1025445,0.07527045905590057,0.49399998784065247,0.6068999767303467
YKR076W,YNL037C,0,-1.1025488,0.07525898516178131,0.49399998784065247,0.6069999933242798
YJL108C,YLR417W,0,-1.1030961,0.07524752616882324,0.49399998784065247,0.6071000099182129
YOR322C,YNL222W,0,-1.103122,0.07523606717586517,0.49399998784065247,0.607200026512146
YBL045C,YDL045C,0,-1.1031736,0.0752246081829071,0.49399998784065247,0.6072999835014343
YGR109C,YPR141C,1,-1.1032364,0.07536540925502777,0.4950000047683716,0.6072999835014343
YDR022C,YNL290W,0,-1.1033701,0.07535393536090851,0.4950000047683716,0.6074000000953674
YCL029C,YPR135W,1,-1.1034298,0.0754946693778038,0.4959999918937683,0.6074000000953674
YPL018W,YMR163C,0,-1.1035087,0.07548318058252335,0.4959999918937683,0.6075000166893005
YFL029C,YMR236W,1,-1.1037552,0.07562386244535446,0.4970000088214874,0.6075000166893005
YLR035C,YBR080C,0,-1.1038991,0.07561235129833221,0.4970000088214874,0.6075999736785889
YHR205W,YBR061C,0,-1.1042559,0.07560085505247116,0.4970000088214874,0.607699990272522
YJL060W,YOR181W,0,-1.1042726,0.07558935135602951,0.4970000088214874,0.6078000068664551
YGL206C,YOL013C,0,-1.1042823,0.07557786256074905,0.4970000088214874,0.6079000234603882
YER095W,YOR353C,0,-1.1042874,0.075566366314888,0.4970000088214874,0.6079999804496765
YPR093C,YKR034W,0,-1.104374,0.07555487751960754,0.4970000088214874,0.6080999970436096
YCL034W,YOL043C,0,-1.1044079,0.07554339617490768,0.4970000088214874,0.6082000136375427
YOR347C,YGR241C,0,-1.1046059,0.07553191483020782,0.4970000088214874,0.608299970626831
YLR109W,YER095W,0,-1.1049664,0.07552044093608856,0.4970000088214874,0.6083999872207642
YDR499W,YML019W,0,-1.10499,0.0755089670419693,0.4970000088214874,0.6085000038146973
YML086C,YER044C,0,-1.105086,0.07549749314785004,0.4970000088214874,0.6086000204086304
YJL095W,YPL217C,0,-1.1051435,0.07548602670431137,0.4970000088214874,0.6086999773979187
YMR277W,YOL147C,0,-1.1052792,0.0754745602607727,0.4970000088214874,0.6087999939918518
YGL247W,YFR046C,0,-1.1052978,0.07546310126781464,0.4970000088214874,0.6089000105857849
YPL200W,YOL128C,0,-1.1057054,0.07545164972543716,0.4970000088214874,0.609000027179718
YGL247W,YIL118W,0,-1.1057203,0.0754401907324791,0.4970000088214874,0.6090999841690063
YMR168C,YKR054C,1,-1.105861,0.07558051496744156,0.49799999594688416,0.6090999841690063
YIL040W,YLR369W,0,-1.1059378,0.0755690410733223,0.49799999594688416,0.6092000007629395
YHL038C,YNL291C,0,-1.1060165,0.07555758208036423,0.49799999594688416,0.6093000173568726
YOR181W,YHR178W,0,-1.1062119,0.07554611563682556,0.49799999594688416,0.6093999743461609
YLR431C,YIR004W,0,-1.106213,0.07553465664386749,0.49799999594688416,0.609499990940094
YNL106C,YHR150W,0,-1.106322,0.07552320510149002,0.49799999594688416,0.6096000075340271
YNL231C,YKR029C,0,-1.1063521,0.07551175355911255,0.49799999594688416,0.6097000241279602
YGR097W,YNL290W,0,-1.1064183,0.07550030201673508,0.49799999594688416,0.6097999811172485
YPR171W,YOL071W,0,-1.1064203,0.0754888579249382,0.49799999594688416,0.6098999977111816
YMR026C,YPR110C,0,-1.106476,0.07547741383314133,0.49799999594688416,0.6100000143051147
YER114C,YLR035C,0,-1.106488,0.07546597719192505,0.49799999594688416,0.6100999712944031
YHR081W,YJL001W,0,-1.1065392,0.07545454800128937,0.49799999594688416,0.6101999878883362
YPR055W,YLR417W,0,-1.1066586,0.07544311136007309,0.49799999594688416,0.6103000044822693
YPL040C,YFL017W-A,0,-1.1067425,0.075431689620018,0.49799999594688416,0.6104000210762024
YHR205W,YPR074C,0,-1.1070329,0.07542026042938232,0.49799999594688416,0.6104999780654907
YPR105C,YBR143C,0,-1.1070944,0.07540884613990784,0.49799999594688416,0.6105999946594238
YLR144C,YAR031W,0,-1.1072304,0.07539742439985275,0.49799999594688416,0.6107000112533569
YOR188W,YPL106C,0,-1.1072938,0.07538601011037827,0.49799999594688416,0.61080002784729
YLL042C,YLR320W,0,-1.1075861,0.07537460327148438,0.49799999594688416,0.6108999848365784
YJL099W,YFR046C,0,-1.10777,0.07536319643259048,0.49799999594688416,0.6110000014305115
YBR110W,YBR260C,0,-1.1078537,0.0753517895936966,0.49799999594688416,0.6111000180244446
YPL266W,YKR055W,0,-1.10796,0.0753403902053833,0.49799999594688416,0.6111999750137329
YML019W,YCL052C,0,-1.1082736,0.0753289982676506,0.49799999594688416,0.611299991607666
YJL062W,YLR324W,0,-1.1084509,0.07531760632991791,0.49799999594688416,0.6114000082015991
YLR291C,YOR193W,0,-1.1085151,0.07530621439218521,0.49799999594688416,0.6115000247955322
YHR116W,YBL022C,0,-1.1086006,0.07529482990503311,0.49799999594688416,0.6115999817848206
YJL026W,YGL137W,0,-1.1087714,0.07528344541788101,0.49799999594688416,0.6116999983787537
YGR140W,YOL133W,1,-1.1088145,0.0754232183098793,0.49900001287460327,0.6116999983787537
YGL006W,YLR200W,0,-1.108891,0.07541181892156601,0.49900001287460327,0.6118000149726868
YHL038C,YKL051W,0,-1.1089106,0.07540041953325272,0.49900001287460327,0.6118999719619751
YNR033W,YML086C,0,-1.109282,0.07538903504610062,0.49900001287460327,0.6119999885559082
YJR131W,YGR072W,0,-1.1094229,0.07537764310836792,0.49900001287460327,0.6121000051498413
YGL172W,YDR330W,0,-1.1100068,0.07536625862121582,0.49900001287460327,0.6122000217437744
YLR329W,YMR013C,0,-1.1101153,0.07535487413406372,0.49900001287460327,0.6122999787330627
YCR002C,YGL187C,0,-1.1101378,0.07534349709749222,0.49900001287460327,0.6123999953269958
YMR033W,YPR132W,0,-1.1102617,0.07533212751150131,0.49900001287460327,0.612500011920929
YBR164C,YLR035C,0,-1.1104122,0.0753207579255104,0.49900001287460327,0.6126000285148621
YML112W,YJL092W,0,-1.1106193,0.0753093883395195,0.49900001287460327,0.6126999855041504
YPL127C,YPR178W,0,-1.1106766,0.07529802620410919,0.49900001287460327,0.6128000020980835
YKL007W,YMR013C,0,-1.1106782,0.07528666406869888,0.49900001287460327,0.6129000186920166
YMR044W,YDR126W,0,-1.1108661,0.07527530193328857,0.49900001287460327,0.6129999756813049
YJL100W,YOR274W,0,-1.1108724,0.07526395469903946,0.49900001287460327,0.613099992275238
YOR193W,YLR055C,0,-1.1108736,0.07525260001420975,0.49900001287460327,0.6132000088691711
YOR144C,YCL052C,0,-1.1109622,0.07524125277996063,0.49900001287460327,0.6133000254631042
YOR011W,YIL070C,0,-1.1110252,0.07522991299629211,0.49900001287460327,0.6133999824523926
YAR018C,YEL019C,0,-1.1110307,0.0752185732126236,0.49900001287460327,0.6134999990463257
YJL031C,YLR270W,0,-1.1110656,0.07520723342895508,0.49900001287460327,0.6136000156402588
YBR038W,YOR129C,0,-1.1114929,0.07519590109586716,0.49900001287460327,0.6136999726295471
YOR078W,YDR418W,0,-1.1116397,0.07518456876277924,0.49900001287460327,0.6137999892234802
YOR188W,YHR150W,0,-1.1116633,0.07517324388027191,0.49900001287460327,0.6139000058174133
YPR175W,YKL064W,0,-1.112226,0.07516191899776459,0.49900001287460327,0.6140000224113464
YKL125W,YDR289C,0,-1.1123289,0.07515060156583786,0.49900001287460327,0.6140999794006348
YMR287C,YOR040W,0,-1.1124554,0.07513928413391113,0.49900001287460327,0.6141999959945679
YDR263C,YML059C,0,-1.112456,0.075127974152565,0.49900001287460327,0.614300012588501
YBR129C,YOR380W,0,-1.112742,0.07511666417121887,0.49900001287460327,0.6144000291824341
YKL045W,YJL026W,0,-1.1129365,0.07510536164045334,0.49900001287460327,0.6144999861717224
YPL132W,YKL186C,0,-1.1132007,0.0750940591096878,0.49900001287460327,0.6146000027656555
YNL021W,YHL027W,0,-1.1132169,0.07508275657892227,0.49900001287460327,0.6147000193595886
YJR057W,YNL139C,0,-1.1132867,0.07507146149873734,0.49900001287460327,0.614799976348877
YOR026W,YDL132W,1,-1.113458,0.0752105861902237,0.5,0.614799976348877
YLR270W,YDR183W,0,-1.1138551,0.07519927620887756,0.5,0.6148999929428101
YNL031C,YBL023C,0,-1.1141644,0.07518796622753143,0.5,0.6150000095367432
YLL043W,YER072W,0,-1.1141753,0.0751766636967659,0.5,0.6151000261306763
YPR122W,YPR111W,0,-1.1142479,0.07516536116600037,0.5,0.6151999831199646
YNL021W,YHR154W,0,-1.1143289,0.07515406608581543,0.5,0.6152999997138977
YDR440W,YPR052C,0,-1.1143702,0.0751427710056305,0.5,0.6154000163078308
YBR136W,YCL061C,0,-1.114509,0.07513148337602615,0.5,0.6154999732971191
YPL007C,YJL164C,0,-1.1146488,0.07512019574642181,0.5,0.6155999898910522
YGL206C,YHR034C,0,-1.1146843,0.07510890811681747,0.5,0.6157000064849854
YGL190C,YOR344C,1,-1.114895,0.07524782419204712,0.5009999871253967,0.6157000064849854
YJL125C,YLR075W,0,-1.1149263,0.07523652166128159,0.5009999871253967,0.6158000230789185
YPL267W,YML064C,1,-1.114975,0.07537537813186646,0.5019999742507935,0.6158000230789185
YKL007W,YGL144C,0,-1.1150315,0.07536406069993973,0.5019999742507935,0.6158999800682068
YNR016C,YDR096W,0,-1.1150441,0.075352743268013,0.5019999742507935,0.6159999966621399
YOR250C,YPL139C,0,-1.1151758,0.07534144073724747,0.5019999742507935,0.616100013256073
YNL127W,YJR093C,0,-1.1152129,0.07533013075590134,0.5019999742507935,0.6161999702453613
YBR205W,YLL004W,0,-1.1153703,0.0753188282251358,0.5019999742507935,0.6162999868392944
YOR188W,YBR279W,0,-1.1154065,0.07530753314495087,0.5019999742507935,0.6164000034332275
YOR346W,YDR058C,0,-1.1154144,0.07529623806476593,0.5019999742507935,0.6165000200271606
YGL247W,YNL153C,0,-1.1154401,0.075284942984581,0.5019999742507935,0.616599977016449
YHL040C,YNL231C,0,-1.1156738,0.07527365535497665,0.5019999742507935,0.6166999936103821
YGL021W,YOR326W,1,-1.1158067,0.07541229575872421,0.503000020980835,0.6166999936103821
YIL103W,YMR030W,0,-1.1159049,0.07540098577737808,0.503000020980835,0.6168000102043152
YLR431C,YMR316W,0,-1.1159849,0.07538969069719315,0.503000020980835,0.6169000267982483
YDR397C,YGR141W,0,-1.116149,0.07537838816642761,0.503000020980835,0.6169999837875366
YNL248C,YIL138C,0,-1.1162231,0.07536709308624268,0.503000020980835,0.6171000003814697
YHR116W,YHL022C,0,-1.116237,0.07535580545663834,0.503000020980835,0.6172000169754028
YDR206W,YJR131W,0,-1.1162982,0.075344517827034,0.503000020980835,0.6172999739646912
YMR287C,YIL021W,0,-1.1164362,0.07533323019742966,0.503000020980835,0.6173999905586243
YKL006C-A,YFL059W,0,-1.116479,0.07532195001840591,0.503000020980835,0.6175000071525574
YLR051C,YDR225W,0,-1.1166348,0.07531067728996277,0.503000020980835,0.6176000237464905
YOR011W,YCR089W,0,-1.1167791,0.07529940456151962,0.503000020980835,0.6176999807357788
YFR046C,YOR045W,0,-1.1168432,0.07528813183307648,0.503000020980835,0.6177999973297119
YOR250C,YPR046W,0,-1.1168995,0.07527686655521393,0.503000020980835,0.617900013923645
YOR032C,YGR044C,0,-1.1170319,0.07526560127735138,0.503000020980835,0.6179999709129333
YGL058W,YNL248C,0,-1.1172972,0.07525433599948883,0.503000020980835,0.6180999875068665
YMR150C,YLR452C,0,-1.1174312,0.07524307817220688,0.503000020980835,0.6182000041007996
YOR250C,YLR035C,0,-1.1175447,0.07523182779550552,0.503000020980835,0.6183000206947327
YBR260C,YHR205W,0,-1.1175867,0.07522057741880417,0.503000020980835,0.618399977684021
YKL017C,YOL111C,0,-1.1177303,0.07520932704210281,0.503000020980835,0.6184999942779541
YOR231W,YLR148W,0,-1.1178501,0.07519808411598206,0.503000020980835,0.6186000108718872
YER095W,YDL052C,0,-1.118091,0.0751868486404419,0.503000020980835,0.6187000274658203
YGR120C,YOR168W,0,-1.1182477,0.07517560571432114,0.503000020980835,0.6187999844551086
YBR164C,YLR095C,0,-1.118458,0.07516437768936157,0.503000020980835,0.6189000010490417
YDR252W,YPR193C,0,-1.1187494,0.07515314221382141,0.503000020980835,0.6190000176429749
YMR163C,YIL147C,0,-1.119059,0.07514192163944244,0.503000020980835,0.6190999746322632
YER178W,YGL120C,0,-1.1197996,0.07513069361448288,0.503000020980835,0.6191999912261963
YAR031W,YDR289C,0,-1.1198611,0.07511947304010391,0.503000020980835,0.6193000078201294
YNL262W,YKR029C,0,-1.1200279,0.07510825991630554,0.503000020980835,0.6194000244140625
YLR368W,YJR033C,0,-1.1200958,0.07509704679250717,0.503000020980835,0.6194999814033508
YJL085W,YPL249C,0,-1.1201179,0.0750858336687088,0.503000020980835,0.6195999979972839
YMR277W,YHL011C,0,-1.1202416,0.07507462799549103,0.503000020980835,0.619700014591217
YOR011W,YPR164W,0,-1.1202815,0.07506342232227325,0.503000020980835,0.6197999715805054
YLL042C,YIR013C,0,-1.1203518,0.07505222409963608,0.503000020980835,0.6198999881744385
YHR191C,YNL116W,1,-1.1205089,0.0751902163028717,0.5040000081062317,0.6198999881744385
YFR005C,YHR196W,0,-1.1208849,0.07517899572849274,0.5040000081062317,0.6200000047683716
YAL056W,YNL317W,0,-1.1210716,0.07516778260469437,0.5040000081062317,0.6201000213623047
YGL063W,YDR218C,0,-1.1212313,0.07515657693147659,0.5040000081062317,0.620199978351593
YOL071W,YBR153W,0,-1.1212871,0.07514537125825882,0.5040000081062317,0.6202999949455261
YEL029C,YDR179C,0,-1.1212996,0.07513416558504105,0.5040000081062317,0.6204000115394592
YMR168C,YDL047W,1,-1.1213236,0.07527202367782593,0.5049999952316284,0.6204000115394592
YFL029C,YPR141C,1,-1.1213827,0.07540983706712723,0.5059999823570251,0.6204000115394592
YOL111C,YDR392W,0,-1.1214082,0.07539860159158707,0.5059999823570251,0.6205000281333923
YLR342W,YDR342C,0,-1.1215017,0.0753873661160469,0.5059999823570251,0.6205999851226807
YOL017W,YBR193C,0,-1.1216315,0.07537613809108734,0.5059999823570251,0.6207000017166138
YOR193W,YNR052C,0,-1.121741,0.07536491006612778,0.5059999823570251,0.6208000183105469
YER155C,YML097C,0,-1.1218778,0.07535368949174881,0.5059999823570251,0.6208999752998352
YLR396C,YAL002W,0,-1.1219895,0.07534246891736984,0.5059999823570251,0.6209999918937683
YGR284C,YJR069C,0,-1.1220042,0.07533124834299088,0.5059999823570251,0.6211000084877014
YDL079C,YLR010C,0,-1.1223633,0.0753200352191925,0.5059999823570251,0.6212000250816345
YDR252W,YCL061C,0,-1.1226324,0.07530882209539413,0.5059999823570251,0.6212999820709229
YMR078C,YFR027W,1,-1.1230409,0.07544642686843872,0.5070000290870667,0.6212999820709229
YIL124W,YLL001W,0,-1.1230457,0.07543520629405975,0.5070000290870667,0.621399998664856
YDR432W,YER129W,0,-1.1230739,0.07542397826910019,0.5070000290870667,0.6215000152587891
YGL144C,YDL201W,0,-1.1231216,0.07541276514530182,0.5070000290870667,0.6215999722480774
YFR008W,YJR131W,0,-1.123281,0.07540154457092285,0.5070000290870667,0.6216999888420105
YJR050W,YLR107W,0,-1.1234596,0.07539033144712448,0.5070000290870667,0.6218000054359436
YPL086C,YIL051C,0,-1.1235561,0.07537912577390671,0.5070000290870667,0.6219000220298767
YOR226C,YDR281C,0,-1.1241331,0.07536792010068893,0.5070000290870667,0.621999979019165
YMR168C,YDL064W,1,-1.1242962,0.07550535351037979,0.5080000162124634,0.621999979019165
YOR231W,YIL149C,0,-1.1243597,0.07549413293600082,0.5080000162124634,0.6220999956130981
YOL133W,YGL096W,1,-1.1243765,0.07563149929046631,0.5090000033378601,0.6220999956130981
YEL030W,YGR197C,0,-1.124598,0.07562026381492615,0.5090000033378601,0.6222000122070312
YIL085C,YKR081C,0,-1.1246967,0.07560902833938599,0.5090000033378601,0.6223000288009644
YIR010W,YLR452C,0,-1.1247824,0.07559780031442642,0.5090000033378601,0.6223999857902527
YLR353W,YHR067W,0,-1.1249871,0.07558657228946686,0.5090000033378601,0.6225000023841858
YLR405W,YNL263C,0,-1.1252452,0.07557535171508789,0.5090000033378601,0.6226000189781189
YDR228C,YLR329W,0,-1.125407,0.07556413114070892,0.5090000033378601,0.6226999759674072
YJL095W,YHR187W,0,-1.1257621,0.07555291801691055,0.5090000033378601,0.6227999925613403
YJR132W,YMR263W,0,-1.1258192,0.07554170489311218,0.5090000033378601,0.6229000091552734
YOR100C,YGL098W,0,-1.1258833,0.07553049176931381,0.5090000033378601,0.6230000257492065
YGL216W,YJL074C,1,-1.1260314,0.07566765695810318,0.5099999904632568,0.6230000257492065
YER155C,YPR055W,0,-1.1263494,0.07565642893314362,0.5099999904632568,0.6230999827384949
YIR013C,YMR069W,0,-1.1264298,0.07564520835876465,0.5099999904632568,0.623199999332428
YLR144C,YJL143W,0,-1.1264421,0.07563398778438568,0.5099999904632568,0.6233000159263611
YDL201W,YDL015C,0,-1.1266081,0.07562277466058731,0.5099999904632568,0.6233999729156494
YDR345C,YLL021W,0,-1.1266594,0.07561156153678894,0.5099999904632568,0.6234999895095825
YOR353C,YDR400W,0,-1.1267455,0.07560035586357117,0.5099999904632568,0.6236000061035156
YDL045C,YIL084C,0,-1.1267701,0.0755891501903534,0.5099999904632568,0.6237000226974487
YER114C,YEL027W,0,-1.1268574,0.07557795196771622,0.5099999904632568,0.6237999796867371
YJL101C,YDR330W,0,-1.1268969,0.07556675374507904,0.5099999904632568,0.6238999962806702
YOR026W,YGL096W,1,-1.1269662,0.0757037028670311,0.5109999775886536,0.6238999962806702
YOL133W,YDL047W,1,-1.1271555,0.07584061473608017,0.5120000243186951,0.6238999962806702
YPL116W,YOR127W,0,-1.1272961,0.0758293867111206,0.5120000243186951,0.6240000128746033
YIL149C,YNL312W,0,-1.1273532,0.07581815123558044,0.5120000243186951,0.6241000294685364
YBR223C,YPL007C,0,-1.1275183,0.07580693066120148,0.5120000243186951,0.6241999864578247
YCL029C,YHR158C,1,-1.1275772,0.07594374567270279,0.5130000114440918,0.6241999864578247
YBR155W,YLR369W,0,-1.1276402,0.07593250274658203,0.5130000114440918,0.6243000030517578
YDR322C-A,YJL129C,0,-1.1279305,0.07592126727104187,0.5130000114440918,0.6244000196456909
YKL079W,YIL138C,0,-1.1280378,0.07591003179550171,0.5130000114440918,0.6244999766349792
YMR048W,YOL133W,1,-1.1281109,0.07604674994945526,0.5139999985694885,0.6244999766349792
YNL068C,YOR326W,1,-1.1282095,0.07618343085050583,0.5149999856948853,0.6244999766349792
YKL007W,YNL329C,0,-1.1282921,0.07617216557264328,0.5149999856948853,0.6245999932289124
YNL278W,YIL022W,0,-1.1283073,0.07616090029478073,0.5149999856948853,0.6247000098228455
YNL231C,YGR044C,0,-1.128367,0.07614963501691818,0.5149999856948853,0.6248000264167786
YOR231W,YIR008C,0,-1.1283731,0.07613837718963623,0.5149999856948853,0.6248999834060669
YLL043W,YIL066C,0,-1.1284237,0.07612712681293488,0.5149999856948853,0.625
YIL149C,YLR010C,0,-1.128499,0.07611587643623352,0.5149999856948853,0.6251000165939331
YBR036C,YBR061C,0,-1.1285766,0.07610462605953217,0.5149999856948853,0.6251999735832214
YAL040C,YBR215W,1,-1.1285913,0.076241135597229,0.515999972820282,0.6251999735832214
YDR435C,YNL283C,0,-1.1287026,0.07622987031936646,0.515999972820282,0.6252999901771545
YOR326W,YJL098W,1,-1.1287136,0.07636632025241852,0.5170000195503235,0.6252999901771545
YDR499W,YMR182C,0,-1.1290088,0.07635504007339478,0.5170000195503235,0.6254000067710876
YKL005C,YEL069C,0,-1.1290574,0.07634376734495163,0.5170000195503235,0.6255000233650208
YDL145C,YCR081W,0,-1.1290654,0.07633249461650848,0.5170000195503235,0.6255999803543091
YIL036W,YDR318W,0,-1.1293962,0.07632122933864594,0.5170000195503235,0.6256999969482422
YJL063C,YML011C,0,-1.1294425,0.07630996406078339,0.5170000195503235,0.6258000135421753
YDR294C,YOR353C,0,-1.1294764,0.07629869878292084,0.5170000195503235,0.6258999705314636
YDR478W,YDR165W,0,-1.1295547,0.07628744095563889,0.5170000195503235,0.6259999871253967
YDR440W,YDR346C,0,-1.129927,0.07627619057893753,0.5170000195503235,0.6261000037193298
YKL017C,YER151C,0,-1.1299989,0.07626493275165558,0.5170000195503235,0.6262000203132629
YER087C-B,YHL025W,0,-1.1301358,0.07625368982553482,0.5170000195503235,0.6262999773025513
YMR025W,YML006C,0,-1.1305426,0.07624243944883347,0.5170000195503235,0.6263999938964844
YNL106C,YLR141W,0,-1.1307104,0.07623119652271271,0.5170000195503235,0.6265000104904175
YDR188W,YDL106C,0,-1.1307685,0.07621996104717255,0.5170000195503235,0.6266000270843506
YCR065W,YKR028W,1,-1.1307714,0.07635613530874252,0.5180000066757202,0.6266000270843506
YLL042C,YKL150W,0,-1.1312124,0.07634487748146057,0.5180000066757202,0.6266999840736389
YLR342W,YDR235W,0,-1.1312349,0.07633362710475922,0.5180000066757202,0.626800000667572
YMR263W,YPR055W,0,-1.1312561,0.07632238417863846,0.5180000066757202,0.6269000172615051
YDR439W,YML011C,0,-1.1313627,0.0763111338019371,0.5180000066757202,0.6269999742507935
YOR031W,YJR010C-A,0,-1.1314362,0.07629989832639694,0.5180000066757202,0.6270999908447266
YLR069C,YDR314C,0,-1.131633,0.07628866285085678,0.5180000066757202,0.6272000074386597
YOL043C,YDR228C,0,-1.1319296,0.07627742737531662,0.5180000066757202,0.6273000240325928
YGL021W,YDR201W,1,-1.1319897,0.07641343027353287,0.5189999938011169,0.6273000240325928
YML059C,YJL190C,0,-1.132023,0.07640217989683151,0.5189999938011169,0.6273999810218811
YDR439W,YLR357W,0,-1.1320252,0.07639092952013016,0.5189999938011169,0.6274999976158142
YPL128C,YIL138C,0,-1.1321037,0.07637969404459,0.5189999938011169,0.6276000142097473
YOR002W,YLR035C,0,-1.1321319,0.07636845111846924,0.5189999938011169,0.6276999711990356
YPR175W,YOR380W,0,-1.1322293,0.07635721564292908,0.5189999938011169,0.6277999877929688
YLR113W,YGL062W,0,-1.1324687,0.07634598761796951,0.5189999938011169,0.6279000043869019
YBR038W,YLL013C,0,-1.1325791,0.07633475214242935,0.5189999938011169,0.628000020980835
YDR168W,YNL222W,0,-1.1326613,0.07632353156805038,0.5189999938011169,0.6280999779701233
YDR420W,YPL151C,0,-1.1326922,0.07631230354309082,0.5189999938011169,0.6281999945640564
YER087C-B,YML097C,0,-1.1328065,0.07630109041929245,0.5189999938011169,0.6283000111579895
YPL254W,YJR007W,0,-1.1328428,0.07628986984491348,0.5189999938011169,0.6284000277519226
YLR033W,YDR449C,0,-1.133385,0.07627865672111511,0.5189999938011169,0.6284999847412109
YPL048W,YOL005C,0,-1.1334126,0.07626745104789734,0.5189999938011169,0.628600001335144
YDR478W,YMR183C,0,-1.1335441,0.07625624537467957,0.5189999938011169,0.6287000179290771
YOR002W,YPL127C,0,-1.1336864,0.07624503970146179,0.5189999938011169,0.6287999749183655
YBR110W,YGR285C,0,-1.1336983,0.07623384147882462,0.5189999938011169,0.6288999915122986
YJR121W,YPR134W,0,-1.1337185,0.07622264325618744,0.5189999938011169,0.6290000081062317
YDR450W,YBR069C,0,-1.1338571,0.07621145248413086,0.5189999938011169,0.6291000247001648
YAL047C,YHL007C,1,-1.1341102,0.07634708285331726,0.5199999809265137,0.6291000247001648
YGR177C,YGR147C,0,-1.1341294,0.07633587718009949,0.5199999809265137,0.6291999816894531
YPL200W,YOR209C,0,-1.1341437,0.07632467150688171,0.5199999809265137,0.6292999982833862
YGL240W,YDR310C,1,-1.1342825,0.07646022737026215,0.5210000276565552,0.6292999982833862
YBR042C,YKL025C,0,-1.1343389,0.07644900679588318,0.5210000276565552,0.6294000148773193
YLR102C,YER133W,1,-1.1343671,0.07658451050519943,0.5220000147819519,0.6294000148773193
YFL029C,YPR135W,1,-1.1344295,0.07671996206045151,0.5230000019073486,0.6294000148773193
YPR128C,YPR042C,0,-1.1346967,0.07670871168375015,0.5230000019073486,0.6294999718666077
YFR046C,YPR193C,0,-1.134709,0.0766974613070488,0.5230000019073486,0.6295999884605408
YFR005C,YLR006C,0,-1.1347154,0.07668621838092804,0.5230000019073486,0.6297000050544739
YJL125C,YLR055C,0,-1.1348228,0.07667497545480728,0.5230000019073486,0.629800021648407
YIR010W,YPR112C,0,-1.1350384,0.07666373252868652,0.5230000019073486,0.6298999786376953
YMR030W,YLR147C,0,-1.1350803,0.07665249705314636,0.5230000019073486,0.6299999952316284
YOR188W,YPR074C,0,-1.1353729,0.0766412690281868,0.5230000019073486,0.6301000118255615
YLR095C,YOL005C,0,-1.1357422,0.07663003355264664,0.5230000019073486,0.6302000284194946
YPR093C,YIR010W,0,-1.1357538,0.07661881297826767,0.5230000019073486,0.630299985408783
YJR057W,YNL031C,0,-1.1358154,0.0766075849533081,0.5230000019073486,0.6304000020027161
YBR036C,YLR055C,0,-1.1359497,0.07659636437892914,0.5230000019073486,0.6305000185966492
YIL110W,YML069W,0,-1.1359572,0.07658515125513077,0.5230000019073486,0.6305999755859375
YKR029C,YOR295W,0,-1.1359977,0.0765739381313324,0.5230000019073486,0.6306999921798706
YKL165C,YKR062W,0,-1.1361405,0.07656273245811462,0.5230000019073486,0.6308000087738037
YDL095W,YLL013C,0,-1.1363373,0.07655151933431625,0.5230000019073486,0.6309000253677368
YDR181C,YJR010C-A,0,-1.1364312,0.07654032111167908,0.5230000019073486,0.6309999823570251
YKL186C,YBL022C,0,-1.1364667,0.0765291154384613,0.5230000019073486,0.6310999989509583
YGR140W,YPR135W,1,-1.1367131,0.07666423171758652,0.5239999890327454,0.6310999989509583
YML123C,YHR143W-A,0,-1.13676,0.07665301114320755,0.5239999890327454,0.6312000155448914
YDL076C,YPR074C,0,-1.1369932,0.07664180546998978,0.5239999890327454,0.6312999725341797
YPL248C,YLR200W,0,-1.1370769,0.0766305923461914,0.5239999890327454,0.6313999891281128
YGL187C,YHR163W,0,-1.1370997,0.07661938667297363,0.5239999890327454,0.6315000057220459
YGR284C,YBR130C,0,-1.1373801,0.07660818845033646,0.5239999890327454,0.631600022315979
YAL032C,YML029W,0,-1.1374775,0.07659699022769928,0.5239999890327454,0.6316999793052673
YER143W,YJL093C,0,-1.137487,0.0765857920050621,0.5239999890327454,0.6317999958992004
YHR052W,YGR063C,0,-1.1374955,0.07657460123300552,0.5239999890327454,0.6319000124931335
YPR051W,YPL157W,0,-1.1380014,0.07656341046094894,0.5239999890327454,0.6320000290870667
YKR036C,YOR295W,0,-1.1384513,0.07655222713947296,0.5239999890327454,0.632099986076355
YGL150C,YCR066W,0,-1.1385211,0.07654104381799698,0.5239999890327454,0.6322000026702881
YKL025C,YHR008C,0,-1.1385341,0.07652986794710159,0.5239999890327454,0.6323000192642212
YDL245C,YGL098W,0,-1.1386467,0.07651869207620621,0.5239999890327454,0.6323999762535095
YGR097W,YLR192C,0,-1.1388772,0.07650751620531082,0.5239999890327454,0.6324999928474426
YOR329C,YKR101W,0,-1.1389902,0.07649634778499603,0.5239999890327454,0.6326000094413757
YPL127C,YDR456W,0,-1.1391492,0.07648518681526184,0.5239999890327454,0.6327000260353088
YGL120C,YER151C,0,-1.1392556,0.07647402584552765,0.5239999890327454,0.6327999830245972
YDR201W,YHL007C,1,-1.1392616,0.07660878449678421,0.5249999761581421,0.6327999830245972
YGR241C,YIR026C,0,-1.1393551,0.07659760862588882,0.5249999761581421,0.6328999996185303
YER155C,YEL029C,0,-1.1393925,0.07658643275499344,0.5249999761581421,0.6330000162124634
YJR112W,YOR129C,0,-1.13946,0.07657526433467865,0.5249999761581421,0.6330999732017517
YMR311C,YPL106C,0,-1.1396086,0.07656409591436386,0.5249999761581421,0.6331999897956848
YLR051C,YDR432W,0,-1.139689,0.07655292749404907,0.5249999761581421,0.6333000063896179
YDR397C,YPL157W,0,-1.1397309,0.07654176652431488,0.5249999761581421,0.633400022983551
YJL100W,YLR305C,0,-1.1399088,0.07653061300516129,0.5249999761581421,0.6334999799728394
YHL038C,YOR229W,0,-1.140012,0.07651945948600769,0.5249999761581421,0.6335999965667725
YLR221C,YBR080C,0,-1.1400238,0.0765083059668541,0.5249999761581421,0.6337000131607056
YLL013C,YNL287W,0,-1.140044,0.0764971598982811,0.5249999761581421,0.6338000297546387
YDR439W,YMR139W,0,-1.1400676,0.0764860138297081,0.5249999761581421,0.633899986743927
YMR116C,YIL021W,0,-1.1400695,0.0764748752117157,0.5249999761581421,0.6340000033378601
YBR188C,YKR029C,0,-1.1404687,0.0764637365937233,0.5249999761581421,0.6341000199317932
YMR113W,YGR197C,0,-1.1405655,0.0764525979757309,0.5249999761581421,0.6341999769210815
YGR097W,YNL283C,0,-1.1409364,0.07644146680831909,0.5249999761581421,0.6342999935150146
YOL071W,YDR499W,0,-1.14173,0.07643033564090729,0.5249999761581421,0.6344000101089478
YGR097W,YLR035C,0,-1.1417634,0.07641921192407608,0.5249999761581421,0.6345000267028809
YPL133C,YFL059W,0,-1.1419387,0.07640809565782547,0.5249999761581421,0.6345999836921692
YGR284C,YGL098W,0,-1.1420302,0.07639697194099426,0.5249999761581421,0.6347000002861023
YPL018W,YPL133C,0,-1.142083,0.07638585567474365,0.5249999761581421,0.6348000168800354
YLL043W,YDR183W,0,-1.1421756,0.07637474685907364,0.5249999761581421,0.6348999738693237
YHR081W,YMR293C,0,-1.14234,0.07636363804340363,0.5249999761581421,0.6349999904632568
YER174C,YOR106W,0,-1.1425247,0.07635252922773361,0.5249999761581421,0.6351000070571899
YDR168W,YGL206C,0,-1.1425502,0.0763414278626442,0.5249999761581421,0.635200023651123
YLR270W,YIL066C,0,-1.1429274,0.07633032649755478,0.5249999761581421,0.6352999806404114
YJL101C,YLR357W,0,-1.1430161,0.07631923258304596,0.5249999761581421,0.6353999972343445
YGL004C,YLR452C,0,-1.1430296,0.07630813866853714,0.5249999761581421,0.6355000138282776
YHR079C,YIL021W,0,-1.1430929,0.07629705220460892,0.5249999761581421,0.6355999708175659
YHR191C,YNL068C,1,-1.1431649,0.0764312669634819,0.5260000228881836,0.6355999708175659
YBR192W,YML029W,0,-1.1432698,0.07642016559839249,0.5260000228881836,0.635699987411499
YDR179C,YDL105W,0,-1.1434138,0.07640906423330307,0.5260000228881836,0.6358000040054321
YDL207W,YBL022C,0,-1.1434222,0.07639797031879425,0.5260000228881836,0.6359000205993652
YKL186C,YJL190C,0,-1.1434835,0.07638686895370483,0.5260000228881836,0.6359999775886536
YBR168W,YML001W,0,-1.1435328,0.07637578248977661,0.5260000228881836,0.6360999941825867
YOL147C,YOL031C,0,-1.1436278,0.07636468857526779,0.5260000228881836,0.6362000107765198
YIL036W,YOL005C,0,-1.1444612,0.07635360956192017,0.5260000228881836,0.6363000273704529
YPL200W,YOL043C,0,-1.1444707,0.07634252309799194,0.5260000228881836,0.6363999843597412
YER044C,YDL045C,0,-1.1444868,0.07633144408464432,0.5260000228881836,0.6365000009536743
YAR018C,YMR263W,0,-1.1446031,0.07632037252187729,0.5260000228881836,0.6366000175476074
YGL254W,YOR266W,0,-1.144786,0.07630930095911026,0.5260000228881836,0.6366999745368958
YOR100C,YJR033C,0,-1.1449816,0.07629822939634323,0.5260000228881836,0.6367999911308289
YCR002C,YOR231W,0,-1.1450541,0.0762871652841568,0.5260000228881836,0.636900007724762
YKR054C,YML064C,1,-1.1451957,0.0764211118221283,0.5270000100135803,0.636900007724762
YNL021W,YLR095C,0,-1.1452223,0.07641003280878067,0.5270000100135803,0.6370000243186951
YFL045C,YCL054W,0,-1.1452428,0.07639895379543304,0.5270000100135803,0.6370999813079834
YHL011C,YJL140W,0,-1.1453519,0.07638788223266602,0.5270000100135803,0.6371999979019165
YGL247W,YNL021W,0,-1.1454388,0.07637681066989899,0.5270000100135803,0.6373000144958496
YOL111C,YJL168C,0,-1.1455013,0.07636574655771255,0.5270000100135803,0.6373999714851379
YJR131W,YDL097C,0,-1.1457005,0.07635468244552612,0.5270000100135803,0.637499988079071
YCR081W,YLR010C,0,-1.1457322,0.07634361833333969,0.5270000100135803,0.6376000046730042
YDR188W,YBR093C,0,-1.146064,0.07633256167173386,0.5270000100135803,0.6377000212669373
YAL056W,YNL037C,0,-1.1461712,0.07632150501012802,0.5270000100135803,0.6377999782562256
YDL148C,YNL231C,0,-1.1462865,0.07631045579910278,0.5270000100135803,0.6378999948501587
YNL042W,YMR005W,0,-1.1466563,0.07629940658807755,0.5270000100135803,0.6380000114440918
YOR040W,YER012W,0,-1.1467787,0.0762883648276329,0.5270000100135803,0.6381000280380249
YNL037C,YGL006W,0,-1.1468796,0.07627732306718826,0.5270000100135803,0.6381999850273132
YIL110W,YDR227W,0,-1.1471016,0.07626628130674362,0.5270000100135803,0.6383000016212463
YCL059C,YDR156W,0,-1.1473125,0.07625524699687958,0.5270000100135803,0.6384000182151794
YOL133W,YDR113C,1,-1.1476815,0.0763888880610466,0.527999997138977,0.6384000182151794
YCR002C,YAL023C,0,-1.1479014,0.07637783885002136,0.527999997138977,0.6384999752044678
YDR179C,YNL263C,0,-1.148102,0.07636678963899612,0.527999997138977,0.6385999917984009
YNL291C,YER151C,0,-1.1483251,0.07635574787855148,0.527999997138977,0.638700008392334
YER143W,YDR088C,0,-1.1484674,0.07634470611810684,0.527999997138977,0.6388000249862671
YDR420W,YER162C,0,-1.1484891,0.0763336718082428,0.527999997138977,0.6388999819755554
YIL149C,YAL002W,0,-1.1486313,0.07632263749837875,0.527999997138977,0.6389999985694885
YJL095W,YMR267W,0,-1.1490216,0.07631160318851471,0.527999997138977,0.6391000151634216
YGL223C,YCL026C-A,0,-1.1493216,0.07630057632923126,0.527999997138977,0.63919997215271
YJL203W,YJL143W,0,-1.1495123,0.07628955692052841,0.527999997138977,0.6392999887466431
YBR193C,YLL021W,0,-1.1497405,0.07627853006124496,0.527999997138977,0.6394000053405762
YFL059W,YAL002W,0,-1.1497773,0.07626751065254211,0.527999997138977,0.6395000219345093
YNL031C,YHR196W,0,-1.1497806,0.07625649869441986,0.527999997138977,0.6395999789237976
YIL149C,YOL031C,0,-1.1497891,0.07624548673629761,0.527999997138977,0.6396999955177307
YER114C,YDR392W,0,-1.1499462,0.07623448222875595,0.527999997138977,0.6398000121116638
YGL206C,YDL148C,0,-1.1500323,0.0762234702706337,0.527999997138977,0.6399000287055969
YLR074C,YER068W,0,-1.1502888,0.07621247321367264,0.527999997138977,0.6399999856948853
YPL048W,YDR345C,0,-1.1503191,0.07620146870613098,0.527999997138977,0.6401000022888184
YBR009C,YLR357W,0,-1.1505551,0.07619047909975052,0.527999997138977,0.6402000188827515
YPR175W,YDR176W,0,-1.1506057,0.07617948204278946,0.527999997138977,0.6402999758720398
YCL034W,YDL059C,0,-1.1506139,0.076168492436409,0.527999997138977,0.6403999924659729
YOR098C,YBR080C,0,-1.1507027,0.07615751028060913,0.527999997138977,0.640500009059906
YIL014W,YGR072W,0,-1.1508882,0.07614652067422867,0.527999997138977,0.6406000256538391
YIL036W,YKL186C,0,-1.1509962,0.0761355459690094,0.527999997138977,0.6406999826431274
YLR113W,YNL029C,0,-1.151097,0.07612456381320953,0.527999997138977,0.6407999992370605
YER177W,YNL116W,1,-1.151206,0.07625775039196014,0.5289999842643738,0.6407999992370605
YNL288W,YOR274W,0,-1.1512495,0.07624675333499908,0.5289999842643738,0.6409000158309937
YMR183C,YER074W-A,0,-1.1513002,0.07623577117919922,0.5289999842643738,0.640999972820282
YKL220C,YNL117W,0,-1.151323,0.07622478157281876,0.5289999842643738,0.6410999894142151
YPL133C,YDR240C,0,-1.1517985,0.07621379941701889,0.5289999842643738,0.6412000060081482
YDL056W,YJL001W,0,-1.1519241,0.07620282471179962,0.5289999842643738,0.6413000226020813
YDR345C,YKR063C,0,-1.1521636,0.07619185000658035,0.5289999842643738,0.6413999795913696
YLR051C,YNL206C,0,-1.1522417,0.07618087530136108,0.5289999842643738,0.6414999961853027
YFR027W,YGL216W,1,-1.1522577,0.07631389796733856,0.5299999713897705,0.6414999961853027
YNL021W,YNL229C,0,-1.152436,0.0763029083609581,0.5299999713897705,0.6416000127792358
YHR191C,YER089C,1,-1.1524518,0.0764358714222908,0.531000018119812,0.6416000127792358
YGR120C,YOR098C,0,-1.152485,0.07642486691474915,0.531000018119812,0.641700029373169
YGR085C,YLR357W,0,-1.1525662,0.07641386985778809,0.531000018119812,0.6417999863624573
YDR518W,YDR224C,0,-1.1526456,0.07640288025140762,0.531000018119812,0.6419000029563904
YER030W,YHR186C,0,-1.1526573,0.07639188319444656,0.531000018119812,0.6420000195503235
YDR235W,YOR043W,0,-1.1529677,0.0763809010386467,0.531000018119812,0.6420999765396118
YDR191W,YNL310C,0,-1.1531694,0.07636991143226624,0.531000018119812,0.6421999931335449
YER114C,YDR156W,0,-1.1532305,0.07635892927646637,0.531000018119812,0.642300009727478
YNL128W,YDR407C,0,-1.153379,0.0763479545712471,0.531000018119812,0.6424000263214111
YMR277W,YOR095C,0,-1.1534154,0.07633697241544724,0.531000018119812,0.6424999833106995
YPR074C,YIL138C,0,-1.1535016,0.07632600516080856,0.531000018119812,0.6425999999046326
YOR026W,YDL064W,1,-1.1535647,0.07645875215530396,0.5320000052452087,0.6425999999046326
YGR177C,YJL111W,0,-1.1538016,0.07644776254892349,0.5320000052452087,0.6427000164985657
YNL042W,YLL004W,0,-1.1538837,0.07643678039312363,0.5320000052452087,0.642799973487854
YIL051C,YML029W,0,-1.1540078,0.07642579823732376,0.5320000052452087,0.6428999900817871
YOR095C,YEL051W,0,-1.1542177,0.07641482353210449,0.5320000052452087,0.6430000066757202
YOR031W,YHR008C,0,-1.1542851,0.07640384882688522,0.5320000052452087,0.6431000232696533
YDR176W,YJR007W,0,-1.1543138,0.07639287412166595,0.5320000052452087,0.6431999802589417
YNL139C,YLR417W,0,-1.1543703,0.07638190686702728,0.5320000052452087,0.6432999968528748
YCL059C,YOR047C,0,-1.1543956,0.07637094706296921,0.5320000052452087,0.6434000134468079
YDR206W,YOR181W,0,-1.1548543,0.07635997980833054,0.5320000052452087,0.6434999704360962
YPR134W,YGL167C,0,-1.1549726,0.07634902745485306,0.5320000052452087,0.6435999870300293
YER155C,YCR028C-A,0,-1.1552619,0.07633806765079498,0.5320000052452087,0.6437000036239624
YLR452C,YNL283C,0,-1.1552954,0.0763271152973175,0.5320000052452087,0.6438000202178955
YGL254W,YOL002C,0,-1.1554333,0.07631617039442062,0.5320000052452087,0.6438999772071838
YEL019C,YJR131W,0,-1.1554585,0.07630521804094315,0.5320000052452087,0.6439999938011169
YJL058C,YAL035W,0,-1.1556811,0.07629428058862686,0.5320000052452087,0.64410001039505
YCR065W,YKR037C,1,-1.1557884,0.07642672955989838,0.5329999923706055,0.64410001039505
YDR478W,YCR061W,0,-1.1558194,0.0764157697558403,0.5329999923706055,0.6442000269889832
YBR211C,YER072W,0,-1.1558492,0.07640481740236282,0.5329999923706055,0.6442999839782715
YJL129C,YDL112W,0,-1.1558611,0.07639386504888535,0.5329999923706055,0.6444000005722046
YNL219C,YHR161C,0,-1.1560917,0.07638292014598846,0.5329999923706055,0.6445000171661377
YJL165C,YNL025C,0,-1.1562762,0.07637197524309158,0.5329999923706055,0.644599974155426
YCR010C,YOR106W,0,-1.1564856,0.0763610303401947,0.5329999923706055,0.6446999907493591
YPR193C,YOR319W,0,-1.157017,0.07635009288787842,0.5329999923706055,0.6448000073432922
YNL283C,YOR129C,0,-1.157047,0.07633915543556213,0.5329999923706055,0.6449000239372253
YKR054C,YKR037C,1,-1.1571572,0.07647143304347992,0.5339999794960022,0.6449000239372253
YGL180W,YFL059W,0,-1.1574829,0.07646048069000244,0.5339999794960022,0.6449999809265137
YER168C,YNL106C,0,-1.1578975,0.07644953578710556,0.5339999794960022,0.6450999975204468
YNL029C,YGR044C,0,-1.1579036,0.07643859088420868,0.5339999794960022,0.6452000141143799
YKL007W,YBR042C,0,-1.1579509,0.0764276534318924,0.5339999794960022,0.6452999711036682
YGR140W,YNL116W,1,-1.1580191,0.07655981928110123,0.5350000262260437,0.6452999711036682
YLR219W,YLR305C,0,-1.1581094,0.07654885947704315,0.5350000262260437,0.6453999876976013
YGL240W,YFR027W,1,-1.1581678,0.0766809731721878,0.5360000133514404,0.6453999876976013
YFL029C,YAL047C,1,-1.1587026,0.07681304216384888,0.5370000004768372,0.6453999876976013
YNR033W,YBR188C,0,-1.1590276,0.07680206000804901,0.5370000004768372,0.6455000042915344
YLL043W,YHR023W,0,-1.1593821,0.07679107785224915,0.5370000004768372,0.6456000208854675
YLR074C,YDL015C,0,-1.1594287,0.07678009569644928,0.5370000004768372,0.6456999778747559
YML059C,YLR275W,0,-1.1594399,0.07676912099123001,0.5370000004768372,0.645799994468689
YER174C,YKL110C,0,-1.1594814,0.07675814628601074,0.5370000004768372,0.6459000110626221
YGR284C,YKL025C,0,-1.1601118,0.07674717903137207,0.5370000004768372,0.6460000276565552
YOR078W,YOR127W,0,-1.1602309,0.0767362117767334,0.5370000004768372,0.6460999846458435
YPR122W,YDL043C,0,-1.1602663,0.07672524452209473,0.5370000004768372,0.6462000012397766
YML019W,YER151C,0,-1.1602733,0.07671428471803665,0.5370000004768372,0.6463000178337097
YAL056W,YOR266W,0,-1.1605272,0.07670332491397858,0.5370000004768372,0.646399974822998
YOR168W,YOR174W,0,-1.1605345,0.0766923725605011,0.5370000004768372,0.6464999914169312
YGR254W,YNL291C,0,-1.1605669,0.07668142020702362,0.5370000004768372,0.6466000080108643
YDR113C,YDL064W,1,-1.1607752,0.07681325078010559,0.5379999876022339,0.6466000080108643
YPR019W,YNL029C,0,-1.1609375,0.07680228352546692,0.5379999876022339,0.6467000246047974
YDR228C,YML029W,0,-1.1612108,0.07679132372140884,0.5379999876022339,0.6467999815940857
YLR186W,YIL085C,0,-1.1612672,0.07678036391735077,0.5379999876022339,0.6468999981880188
YPL018W,YNL310C,0,-1.1616066,0.0767694041132927,0.5379999876022339,0.6470000147819519
YNL117W,YBR223C,0,-1.1616696,0.07675845175981522,0.5379999876022339,0.6470999717712402
YDR456W,YKL042W,0,-1.1617736,0.07674750685691833,0.5379999876022339,0.6471999883651733
YJL031C,YGL006W,0,-1.1621444,0.07673655450344086,0.5379999876022339,0.6473000049591064
YOL146W,YFL060C,0,-1.1627194,0.07672560960054398,0.5379999876022339,0.6474000215530396
YBR136W,YIL084C,0,-1.1629173,0.07671467214822769,0.5379999876022339,0.6474999785423279
YDR113C,YDR310C,1,-1.1629183,0.07684630900621414,0.5389999747276306,0.6474999785423279
YBR136W,YML011C,0,-1.1629364,0.07683534920215607,0.5389999747276306,0.647599995136261
YGL187C,YJL062W,0,-1.1630464,0.07682440429925919,0.5389999747276306,0.6477000117301941
YOR250C,YGL144C,0,-1.1631837,0.07681345194578171,0.5389999747276306,0.6478000283241272
YMR113W,YGL016W,0,-1.1633606,0.07680250704288483,0.5389999747276306,0.6478999853134155
YML086C,YMR288W,0,-1.1636169,0.07679156213998795,0.5389999747276306,0.6480000019073486
YOR127W,YJR007W,0,-1.1639419,0.07678062468767166,0.5389999747276306,0.6481000185012817
YBR073W,YHR079C-A,0,-1.1640856,0.07676968723535538,0.5389999747276306,0.6481999754905701
YEL030W,YNL138W,0,-1.164163,0.07675875723361969,0.5389999747276306,0.6482999920845032
YNL329C,YDL106C,0,-1.1641637,0.076747827231884,0.5389999747276306,0.6484000086784363
YPL254W,YDR289C,0,-1.1646025,0.07673690468072891,0.5389999747276306,0.6485000252723694
YML132W,YJL140W,0,-1.1646044,0.07672598212957382,0.5389999747276306,0.6485999822616577
YNL288W,YJR017C,0,-1.16486,0.07671505957841873,0.5389999747276306,0.6486999988555908
YKR076W,YNL025C,0,-1.1652482,0.07670414447784424,0.5389999747276306,0.6488000154495239
YDR106W,YJL019W,1,-1.1652524,0.0768355131149292,0.5400000214576721,0.6488000154495239
YLR115W,YIL110W,0,-1.1652806,0.07682458311319351,0.5400000214576721,0.6488999724388123
YJR121W,YLR033W,0,-1.1652839,0.07681365311145782,0.5400000214576721,0.6489999890327454
YMR119W,YLR372W,0,-1.1660384,0.07680273056030273,0.5400000214576721,0.6491000056266785
YJR132W,YNL262W,0,-1.1661181,0.07679180800914764,0.5400000214576721,0.6492000222206116
YDR294C,YKL186C,0,-1.1661361,0.07678089290857315,0.5400000214576721,0.6492999792098999
YNL288W,YAL059W,0,-1.1663232,0.07676997780799866,0.5400000214576721,0.649399995803833
YNL231C,YOL128C,0,-1.1663648,0.07675906270742416,0.5400000214576721,0.6495000123977661
YGL223C,YPL106C,0,-1.1663797,0.07674815505743027,0.5400000214576721,0.6496000289916992
YPR199C,YDR168W,0,-1.1664819,0.07673724740743637,0.5400000214576721,0.6496999859809875
YDL106C,YLR268W,0,-1.1665177,0.07672633975744247,0.5400000214576721,0.6498000025749207
YCR002C,YJL125C,0,-1.1665999,0.07671543955802917,0.5400000214576721,0.6499000191688538
YML006C,YPL085W,0,-1.1666385,0.07670454680919647,0.5400000214576721,0.6499999761581421
YPR111W,YNL117W,0,-1.1666547,0.07669365406036377,0.5400000214576721,0.6500999927520752
YCR048W,YCL034W,0,-1.1667898,0.07668276131153107,0.5400000214576721,0.6502000093460083
YIL149C,YER095W,0,-1.166885,0.07667187601327896,0.5400000214576721,0.6503000259399414
YFR009W,YHR030C,0,-1.1671063,0.07666099071502686,0.5400000214576721,0.6503999829292297
YGR185C,YMR293C,0,-1.1671509,0.07665010541677475,0.5400000214576721,0.6504999995231628
YFL034C-B,YOR326W,1,-1.1674063,0.07678115367889404,0.5410000085830688,0.6504999995231628
YLR095C,YOR274W,0,-1.1674111,0.07677025347948074,0.5410000085830688,0.650600016117096
YIL051C,YGL098W,0,-1.1674213,0.07675936073064804,0.5410000085830688,0.6506999731063843
YBR193C,YLR010C,0,-1.1675129,0.07674847543239594,0.5410000085830688,0.6507999897003174
YMR025W,YNL312W,0,-1.1679282,0.07673759013414383,0.5410000085830688,0.6509000062942505
YIL098C,YJL094C,0,-1.1681862,0.07672670483589172,0.5410000085830688,0.6510000228881836
YLL004W,YLR141W,0,-1.1685591,0.07671582698822021,0.5410000085830688,0.6510999798774719
YGL216W,YDR113C,1,-1.1687024,0.07684673368930817,0.5419999957084656,0.6510999798774719
YGL240W,YIL031W,1,-1.1687217,0.07697760313749313,0.5429999828338623,0.6510999798774719
YOR274W,YDR083W,0,-1.1695312,0.07696668803691864,0.5429999828338623,0.651199996471405
YPL151C,YDR314C,0,-1.1696995,0.07695578038692474,0.5429999828338623,0.6513000130653381
YOR160W,YBR069C,0,-1.1697073,0.07694488018751144,0.5429999828338623,0.6514000296592712
YIL085C,YHR154W,0,-1.1698275,0.07693397253751755,0.5429999828338623,0.6514999866485596
YPL069C,YEL030W,0,-1.1700411,0.07692307978868484,0.5429999828338623,0.6516000032424927
YMR025W,YOL013C,0,-1.1700873,0.07691217958927155,0.5429999828338623,0.6517000198364258
YHL047C,YDR263C,0,-1.1701642,0.07690128684043884,0.5429999828338623,0.6517999768257141
YBR188C,YKL025C,0,-1.1703271,0.07689040154218674,0.5429999828338623,0.6518999934196472
YDR345C,YHR081W,0,-1.1704031,0.07687951624393463,0.5429999828338623,0.6520000100135803
YHR158C,YFL034C-B,1,-1.1704333,0.07701019197702408,0.5440000295639038,0.6520000100135803
YOR095C,YHR119W,0,-1.1705616,0.07699929177761078,0.5440000295639038,0.6521000266075134
YHR059W,YHR163W,0,-1.1705947,0.07698839157819748,0.5440000295639038,0.6521999835968018
YMR116C,YGL187C,0,-1.1707567,0.07697749882936478,0.5440000295639038,0.6523000001907349
YDR420W,YOR193W,0,-1.1707783,0.07696661353111267,0.5440000295639038,0.652400016784668
YGR109C,YFR027W,1,-1.1710835,0.07709718495607376,0.5450000166893005,0.652400016784668
YKL006C-A,YNL263C,0,-1.1711223,0.07708627730607986,0.5450000166893005,0.6524999737739563
YPR019W,YFL002C,0,-1.1711388,0.07707537710666656,0.5450000166893005,0.6525999903678894
YGL021W,YKR037C,1,-1.1714312,0.07720588147640228,0.5460000038146973,0.6525999903678894
YGL065C,YNL278W,0,-1.1714351,0.07719496637582779,0.5460000038146973,0.6527000069618225
YLR144C,YKL186C,0,-1.1714761,0.0771840512752533,0.5460000038146973,0.6528000235557556
YNR057C,YKL006C-A,0,-1.1720273,0.0771731436252594,0.5460000038146973,0.652899980545044
YLL001W,YBR097W,0,-1.172045,0.0771622359752655,0.5460000038146973,0.652999997138977
YOR127W,YOL102C,0,-1.1721112,0.0771513357758522,0.5460000038146973,0.6531000137329102
YLR144C,YLR405W,0,-1.1721815,0.0771404355764389,0.5460000038146973,0.6531999707221985
YLR186W,YDR225W,0,-1.1722002,0.0771295353770256,0.5460000038146973,0.6532999873161316
YKR083C,YOL133W,1,-1.1722796,0.07725988328456879,0.546999990940094,0.6532999873161316
YLR144C,YOR179C,0,-1.1723676,0.07724897563457489,0.546999990940094,0.6534000039100647
YLR368W,YOR188W,0,-1.172503,0.077238067984581,0.546999990940094,0.6535000205039978
YJR017C,YGR047C,0,-1.1726539,0.0772271603345871,0.546999990940094,0.6535999774932861
YGL222C,YBR129C,0,-1.172725,0.0772162601351738,0.546999990940094,0.6536999940872192
YJL085W,YER087C-B,0,-1.1728859,0.0772053599357605,0.546999990940094,0.6538000106811523
YER044C,YHR150W,0,-1.1728969,0.0771944671869278,0.546999990940094,0.6539000272750854
YGL021W,YPR141C,1,-1.1735501,0.07732468098402023,0.5479999780654907,0.6539000272750854
YGL021W,YOR249C,1,-1.1736121,0.07745485007762909,0.5490000247955322,0.6539000272750854
YDR421W,YHR164C,0,-1.173662,0.077443927526474,0.5490000247955322,0.6539999842643738
YAL032C,YHR079C-A,0,-1.1737981,0.07743300497531891,0.5490000247955322,0.6541000008583069
YLL001W,YJR131W,0,-1.1741321,0.07742208242416382,0.5490000247955322,0.65420001745224
YBR279W,YMR308C,0,-1.1741658,0.07741116732358932,0.5490000247955322,0.6542999744415283
YPR052C,YGL004C,0,-1.1741782,0.07740025222301483,0.5490000247955322,0.6543999910354614
YDL105W,YER012W,0,-1.1742157,0.07738934457302094,0.5490000247955322,0.6545000076293945
YKL125W,YMR005W,0,-1.1748737,0.07737843692302704,0.5490000247955322,0.6546000242233276
YOR181W,YNL291C,0,-1.1754048,0.07736752927303314,0.5490000247955322,0.654699981212616
YHR052W,YLR192C,0,-1.1754795,0.07735662907361984,0.5490000247955322,0.6547999978065491
YPR135W,YNL068C,1,-1.175492,0.07748661935329437,0.550000011920929,0.6547999978065491
YMR049C,YOR188W,0,-1.1755712,0.07747570425271988,0.550000011920929,0.6549000144004822
YLR115W,YHR205W,0,-1.1758685,0.07746478915214539,0.550000011920929,0.6549999713897705
YOR322C,YER012W,0,-1.1759919,0.07745388150215149,0.550000011920929,0.6550999879837036
YGL223C,YLR059C,0,-1.1764805,0.07744297385215759,0.550000011920929,0.6552000045776367
YLR219W,YPR052C,0,-1.176758,0.0774320736527443,0.550000011920929,0.6553000211715698
YDR385W,YJL140W,0,-1.1770588,0.077421173453331,0.550000011920929,0.6553999781608582
YDR427W,YJL036W,0,-1.1770767,0.0774102732539177,0.550000011920929,0.6554999947547913
YDR421W,YJL001W,0,-1.1770866,0.07739938050508499,0.550000011920929,0.6556000113487244
YER095W,YMR013C,0,-1.1771696,0.07738848775625229,0.550000011920929,0.6557000279426575
YLL042C,YJL093C,0,-1.1776528,0.07737760245800018,0.550000011920929,0.6557999849319458
YDR440W,YPR134W,0,-1.1777166,0.07736671715974808,0.550000011920929,0.6559000015258789
YBL061C,YJL139C,0,-1.1780145,0.07735583931207657,0.550000011920929,0.656000018119812
YER068W,YIL066C,0,-1.1780896,0.07734496146440506,0.550000011920929,0.6560999751091003
YBR164C,YJR112W,0,-1.1781132,0.07733408361673355,0.550000011920929,0.6561999917030334
YHL038C,YDR179C,0,-1.1781365,0.07732321321964264,0.550000011920929,0.6563000082969666
YJL100W,YLR141W,0,-1.1785077,0.07731234282255173,0.550000011920929,0.6564000248908997
YGR097W,YPL048W,0,-1.1785607,0.07730147242546082,0.550000011920929,0.656499981880188
YGL206C,YPL116W,0,-1.1785669,0.0772906094789505,0.550000011920929,0.6565999984741211
YGL142C,YGL062W,0,-1.1786046,0.07727975398302078,0.550000011920929,0.6567000150680542
YMR267W,YDR435C,0,-1.1786444,0.07726889848709106,0.550000011920929,0.6567999720573425
YBR153W,YER087C-B,0,-1.1787634,0.07725804299116135,0.550000011920929,0.6568999886512756
YGL190C,YDR113C,1,-1.1789871,0.07738763839006424,0.5509999990463257,0.6568999886512756
YBR279W,YGR178C,0,-1.179172,0.07737677544355392,0.5509999990463257,0.6570000052452087
YPR132W,YHR196W,0,-1.1792343,0.07736590504646301,0.5509999990463257,0.6571000218391418
YGR140W,YML064C,1,-1.1792458,0.07749544084072113,0.5519999861717224,0.6571000218391418
YLR270W,YGR077C,0,-1.1792662,0.07748455554246902,0.5519999861717224,0.6571999788284302
YLL043W,YHR143W-A,0,-1.1795813,0.07747368514537811,0.5519999861717224,0.6572999954223633
YGR284C,YLR075W,0,-1.1798254,0.0774628147482872,0.5519999861717224,0.6574000120162964
YHR030C,YKL028W,0,-1.1798818,0.07745194435119629,0.5519999861717224,0.6575000286102295
YFR008W,YLR069C,0,-1.1800416,0.07744107395410538,0.5519999861717224,0.6575999855995178
YMR288W,YJR019C,0,-1.1801531,0.07743021100759506,0.5519999861717224,0.6577000021934509
YPR093C,YOR380W,0,-1.1802845,0.07741935551166534,0.5519999861717224,0.657800018787384
YCL061C,YMR030W,0,-1.1805508,0.07740850001573563,0.5519999861717224,0.6578999757766724
YEL029C,YOR294W,0,-1.1806264,0.07739764451980591,0.5519999861717224,0.6579999923706055
YKL165C,YJR043C,0,-1.180763,0.07738679647445679,0.5519999861717224,0.6581000089645386
YCR028C-A,YGR285C,0,-1.1809611,0.07737594842910767,0.5519999861717224,0.6582000255584717
YCL029C,YMR168C,1,-1.1810374,0.07750525325536728,0.5529999732971191,0.6582000255584717
YLR318W,YGR072W,0,-1.1811745,0.07749439775943756,0.5529999732971191,0.65829998254776
YJR131W,YNL128W,0,-1.1815634,0.07748353481292725,0.5529999732971191,0.6583999991416931
YLL043W,YBR168W,0,-1.1815743,0.07747267931699753,0.5529999732971191,0.6585000157356262
YCR002C,YDL052C,0,-1.1819041,0.07746183127164841,0.5529999732971191,0.6585999727249146
YJL100W,YNL138W,0,-1.1822433,0.07745098322629929,0.5529999732971191,0.6586999893188477
YOL002C,YDL015C,0,-1.1823033,0.07744013518095016,0.5529999732971191,0.6588000059127808
YDL047W,YOR344C,1,-1.1823123,0.07756930589675903,0.5540000200271606,0.6588000059127808
YMR287C,YDR289C,0,-1.1823897,0.07755845040082932,0.5540000200271606,0.6589000225067139
YLL013C,YML049C,0,-1.1824927,0.0775475949048996,0.5540000200271606,0.6589999794960022
YNL291C,YMR182C,0,-1.1828593,0.07753673940896988,0.5540000200271606,0.6590999960899353
YHR164C,YDL043C,0,-1.1829469,0.07752589136362076,0.5540000200271606,0.6592000126838684
YOR078W,YAL007C,0,-1.1831409,0.07751504331827164,0.5540000200271606,0.6593000292778015
YKL005C,YNL021W,0,-1.1831691,0.07750419527292252,0.5540000200271606,0.6593999862670898
YER089C,YKR037C,1,-1.1831954,0.07763323187828064,0.5550000071525574,0.6593999862670898
YIL014W,YBR069C,0,-1.183229,0.07762237638235092,0.5550000071525574,0.659500002861023
YLR102C,YMR236W,1,-1.1832471,0.07775136083364487,0.5559999942779541,0.659500002861023
YPL116W,YOR085W,0,-1.1833174,0.07774049043655396,0.5559999942779541,0.659600019454956
YGR140W,YDL064W,1,-1.1834254,0.07786942273378372,0.5569999814033508,0.659600019454956
YDL105W,YOL091W,0,-1.1834588,0.07785853743553162,0.5569999814033508,0.6596999764442444
YPR171W,YER012W,0,-1.1836288,0.07784765958786011,0.5569999814033508,0.6597999930381775
YNR017W,YGR047C,0,-1.1840317,0.0778367817401886,0.5569999814033508,0.6599000096321106
YGL142C,YDR379W,0,-1.1841923,0.07782590389251709,0.5569999814033508,0.6600000262260437
YJR155W,YML076C,0,-1.1844583,0.07781503349542618,0.5569999814033508,0.660099983215332
YLR115W,YOR295W,0,-1.1845406,0.07780416309833527,0.5569999814033508,0.6601999998092651
YLL013C,YBR077C,0,-1.1846907,0.07779329270124435,0.5569999814033508,0.6603000164031982
YCL061C,YHR119W,0,-1.1849552,0.07778242975473404,0.5569999814033508,0.6603999733924866
YDL126C,YPR075C,0,-1.1850026,0.07777157425880432,0.5569999814033508,0.6604999899864197
YLR109W,YGR120C,0,-1.1853131,0.077760711312294,0.5569999814033508,0.6606000065803528
YOR168W,YDL002C,0,-1.1853974,0.07774986326694489,0.5569999814033508,0.6607000231742859
YNL084C,YKL152C,0,-1.1854529,0.07773900777101517,0.5569999814033508,0.6607999801635742
YAL020C,YDR156W,0,-1.1858863,0.07772815972566605,0.5569999814033508,0.6608999967575073
YLR353W,YDR435C,0,-1.1859144,0.07771731913089752,0.5569999814033508,0.6610000133514404
YOR226C,YML049C,0,-1.1859796,0.0777064710855484,0.5569999814033508,0.6610999703407288
YDR365C,YAL002W,0,-1.1861031,0.07769563049077988,0.5569999814033508,0.6611999869346619
YCR002C,YHR143W-A,0,-1.1863824,0.07768479734659195,0.5569999814033508,0.661300003528595
YDR440W,YPL213W,0,-1.1865308,0.07767396420240402,0.5569999814033508,0.6614000201225281
YFR005C,YLR055C,0,-1.1865488,0.0776631310582161,0.5569999814033508,0.6614999771118164
YBL040C,YKL120W,0,-1.1866281,0.07765230536460876,0.5569999814033508,0.6615999937057495
YLR353W,YNL310C,0,-1.1870544,0.07764147967100143,0.5569999814033508,0.6617000102996826
YAL059W,YGR047C,0,-1.1871058,0.0776306614279747,0.5569999814033508,0.6618000268936157
YOR274W,YBL061C,0,-1.1871772,0.07761984318494797,0.5569999814033508,0.661899983882904
YAL035W,YOL128C,0,-1.1872075,0.07760903239250183,0.5569999814033508,0.6620000004768372
YJR132W,YDR379W,0,-1.1873758,0.0775982141494751,0.5569999814033508,0.6621000170707703
YJR139C,YLR200W,0,-1.1876354,0.07758741080760956,0.5569999814033508,0.6621999740600586
YOR226C,YGR047C,0,-1.1880774,0.07757660001516342,0.5569999814033508,0.6622999906539917
YGR140W,YCR065W,1,-1.1882112,0.07770505547523499,0.5580000281333923,0.6622999906539917
YMR308C,YDR478W,0,-1.1882234,0.07769423723220825,0.5580000281333923,0.6624000072479248
YDR518W,YCL052C,0,-1.1882575,0.07768341898918152,0.5580000281333923,0.6625000238418579
YGR204W,YLR075W,0,-1.1882888,0.07767260819673538,0.5580000281333923,0.6625999808311462
YGL065C,YLR221C,0,-1.18856,0.07766179740428925,0.5580000281333923,0.6626999974250793
YLR192C,YDR224C,0,-1.1886013,0.07765098661184311,0.5580000281333923,0.6628000140190125
YBR042C,YKL053C-A,0,-1.1887224,0.07764018326997757,0.5580000281333923,0.6628999710083008
YLR381W,YLR192C,0,-1.1889105,0.07762937992811203,0.5580000281333923,0.6629999876022339
YDR263C,YDR435C,0,-1.1889563,0.07761858403682709,0.5580000281333923,0.663100004196167
YJL111W,YDR365C,0,-1.1890763,0.07760778814554214,0.5580000281333923,0.6632000207901001
YGL051W,YMR263W,0,-1.1890938,0.0775969997048378,0.5580000281333923,0.6632999777793884
YPL069C,YKL034W,0,-1.1893474,0.07758620381355286,0.5580000281333923,0.6633999943733215
YJR017C,YML025C,0,-1.1897696,0.07757542282342911,0.5580000281333923,0.6635000109672546
YMR048W,YJR090C,1,-1.189795,0.07770363986492157,0.5590000152587891,0.6635000109672546
YBR192W,YML058W,0,-1.1900104,0.07769284397363663,0.5590000152587891,0.6636000275611877
YNL325C,YPL239W,0,-1.190034,0.07768204808235168,0.5590000152587891,0.6636999845504761
YJR050W,YER095W,0,-1.1902549,0.07767125219106674,0.5590000152587891,0.6638000011444092
YOR095C,YER072W,0,-1.1902816,0.0776604637503624,0.5590000152587891,0.6639000177383423
YER168C,YDR449C,0,-1.1903869,0.07764967530965805,0.5590000152587891,0.6639999747276306
YGR044C,YOL055C,0,-1.1905795,0.0776388868689537,0.5590000152587891,0.6640999913215637
YCR018C,YIL023C,0,-1.1906166,0.07762810587882996,0.5590000152587891,0.6642000079154968
YLR304C,YER094C,0,-1.1906315,0.07761732488870621,0.5590000152587891,0.6643000245094299
YBR036C,YKR063C,0,-1.1906967,0.07760655134916306,0.5590000152587891,0.6643999814987183
YPR128C,YPL087W,0,-1.190869,0.0775957778096199,0.5590000152587891,0.6644999980926514
YGR109C,YJL019W,1,-1.1911988,0.07772380113601685,0.5600000023841858,0.6644999980926514
YOR326W,YIL031W,1,-1.1912136,0.0778517872095108,0.5609999895095825,0.6644999980926514
YLR102C,YAL047C,1,-1.1914926,0.07797974348068237,0.5619999766349792,0.6644999980926514
YAL032C,YDR083W,0,-1.1915619,0.07796892523765564,0.5619999766349792,0.6646000146865845
YLR006C,YIL138C,0,-1.1917067,0.0779581069946289,0.5619999766349792,0.6646999716758728
YDR439W,YDL046W,0,-1.1918354,0.07794729620218277,0.5619999766349792,0.6647999882698059
YMR056C,YHR079C-A,0,-1.1918644,0.07793648540973663,0.5619999766349792,0.664900004863739
YAL059W,YHR119W,0,-1.1919779,0.0779256820678711,0.5619999766349792,0.6650000214576721
YBR188C,YKL144C,0,-1.1920215,0.07791487872600555,0.5619999766349792,0.6650999784469604
YBR155W,YKL144C,0,-1.1920587,0.07790407538414001,0.5619999766349792,0.6651999950408936
YPL048W,YMR267W,0,-1.1920881,0.07789327949285507,0.5619999766349792,0.6653000116348267
YOR160W,YJL139C,0,-1.1921884,0.07788248360157013,0.5619999766349792,0.6654000282287598
YPL133C,YDR330W,0,-1.1922674,0.07787169516086578,0.5619999766349792,0.6654999852180481
YKL079W,YEL051W,0,-1.1923423,0.07786090672016144,0.5619999766349792,0.6656000018119812
YPR112C,YFL017W-A,0,-1.1924814,0.07785011827945709,0.5619999766349792,0.6657000184059143
YNL042W,YOR388C,0,-1.192594,0.07783933728933334,0.5619999766349792,0.6657999753952026
YDR289C,YNL128W,0,-1.1926663,0.0778285562992096,0.5619999766349792,0.6658999919891357
YDR176W,YNL262W,0,-1.1927161,0.07781777530908585,0.5619999766349792,0.6660000085830688
YPR111W,YHR164C,0,-1.1935806,0.0778070017695427,0.5619999766349792,0.666100025177002
YKL150W,YJL186W,0,-1.1940762,0.07779623568058014,0.5619999766349792,0.6661999821662903
YMR048W,YGL086W,1,-1.1943157,0.07792387902736664,0.5630000233650208,0.6661999821662903
YPL132W,YNL107W,0,-1.19443,0.07791309058666229,0.5630000233650208,0.6662999987602234
YHL038C,YDL236W,0,-1.1946098,0.07790230959653854,0.5630000233650208,0.6664000153541565
YCR002C,YGR092W,0,-1.1946895,0.07789153605699539,0.5630000233650208,0.6664999723434448
YBR223C,YOR043W,0,-1.1947833,0.07788075506687164,0.5630000233650208,0.6665999889373779
YPR111W,YDR218C,0,-1.194851,0.07786998897790909,0.5630000233650208,0.666700005531311
YPR111W,YKL025C,0,-1.1951271,0.07785921543836594,0.5630000233650208,0.6668000221252441
YFR005C,YLR010C,0,-1.1951599,0.07784844934940338,0.5630000233650208,0.6668999791145325
YIL061C,YCR018C,0,-1.1951853,0.07783769071102142,0.5630000233650208,0.6669999957084656
YOR002W,YJL099W,0,-1.195598,0.07782693207263947,0.5630000233650208,0.6671000123023987
YPR082C,YGR085C,0,-1.1957852,0.07781617343425751,0.5630000233650208,0.6672000288963318
YCR002C,YOR319W,0,-1.1960716,0.07780541479587555,0.5630000233650208,0.6672999858856201
YPR110C,YGL137W,0,-1.1963549,0.07779466360807419,0.5630000233650208,0.6674000024795532
YDR179C,YBR061C,0,-1.196411,0.07778391987085342,0.5630000233650208,0.6675000190734863
YKL220C,YLR192C,0,-1.1964955,0.07777317613363266,0.5630000233650208,0.6675999760627747
YNL219C,YCR057C,0,-1.1965917,0.0777624323964119,0.5630000233650208,0.6676999926567078
YKL206C,YKL144C,0,-1.1966313,0.07775168865919113,0.5630000233650208,0.6678000092506409
YJL101C,YJL168C,0,-1.1967351,0.07774095237255096,0.5630000233650208,0.667900025844574
YDR420W,YJL062W,0,-1.1968,0.0777302235364914,0.5630000233650208,0.6679999828338623
YGR037C,YCL052C,0,-1.1968298,0.07771949470043182,0.5630000233650208,0.6680999994277954
YBR193C,YJL164C,0,-1.1969314,0.07770876586437225,0.5630000233650208,0.6682000160217285
YIL040W,YML112W,0,-1.1970222,0.07769803702831268,0.5630000233650208,0.6682999730110168
YBR069C,YNL283C,0,-1.1972595,0.07768731564283371,0.5630000233650208,0.66839998960495
YJL095W,YNL003C,0,-1.1974101,0.07767660170793533,0.5630000233650208,0.6685000061988831
YMR119W,YHR023W,0,-1.1975574,0.07766588777303696,0.5630000233650208,0.6686000227928162
YPR052C,YCR018C,0,-1.19758,0.07765517383813858,0.5630000233650208,0.6686999797821045
YDR294C,YNL290W,0,-1.1977814,0.0776444599032402,0.5630000233650208,0.6687999963760376
YOR249C,YHR191C,1,-1.1980419,0.07777164876461029,0.5640000104904175,0.6687999963760376
YDR228C,YJL192C,0,-1.1980819,0.07776092737913132,0.5640000104904175,0.6689000129699707
YNL142W,YNL312W,0,-1.1983339,0.07775020599365234,0.5640000104904175,0.6690000295639038
YJL019W,YGL096W,1,-1.1983819,0.07787732779979706,0.5649999976158142,0.6690000295639038
YBR026C,YOR136W,0,-1.1983902,0.07786659151315689,0.5649999976158142,0.6690999865531921
YDR456W,YNL214W,0,-1.1984822,0.07785586267709732,0.5649999976158142,0.6692000031471252
YOR011W,YLR192C,0,-1.198666,0.07784513384103775,0.5649999976158142,0.6693000197410583
YPR193C,YMR053C,0,-1.1987123,0.07783441245555878,0.5649999976158142,0.6693999767303467
YMR150C,YHL011C,0,-1.1987566,0.0778236910700798,0.5649999976158142,0.6694999933242798
YPR055W,YDR407C,0,-1.1987925,0.07781297713518143,0.5649999976158142,0.6696000099182129
YGR037C,YDR397C,0,-1.1988863,0.07780225574970245,0.5649999976158142,0.669700026512146
YOR002W,YDR421W,0,-1.1990786,0.07779154926538467,0.5649999976158142,0.6697999835014343
YAL007C,YPL085W,0,-1.19913,0.0777808353304863,0.5649999976158142,0.6699000000953674
YDR179C,YPR046W,0,-1.1992325,0.07777012884616852,0.5649999976158142,0.6700000166893005
YJL100W,YHR119W,0,-1.1993003,0.07775942981243134,0.5649999976158142,0.6700999736785889
YOR295W,YOR043W,0,-1.200072,0.07774873077869415,0.5649999976158142,0.670199990272522
YGR140W,YMR048W,1,-1.2001543,0.07787562161684036,0.5659999847412109,0.670199990272522
YIR010W,YJR131W,0,-1.2002589,0.07786490768194199,0.5659999847412109,0.6703000068664551
YJL031C,YDR179C,0,-1.2002714,0.07785419374704361,0.5659999847412109,0.6704000234603882
YDR052C,YJL036W,0,-1.2003329,0.07784348726272583,0.5659999847412109,0.6704999804496765
YDR377W,YGR285C,0,-1.2004604,0.07783278077840805,0.5659999847412109,0.6705999970436096
YBR129C,YLR396C,0,-1.2004825,0.07782208174467087,0.5659999847412109,0.6707000136375427
YGR063C,YDR322C-A,0,-1.2006513,0.07781138271093369,0.5659999847412109,0.670799970626831
YLR342W,YCR028C-A,0,-1.2007818,0.0778006836771965,0.5659999847412109,0.6708999872207642
YPR001W,YFR046C,0,-1.2008035,0.07778999209403992,0.5659999847412109,0.6710000038146973
YKL146W,YDL056W,0,-1.2008469,0.07777930796146393,0.5659999847412109,0.6711000204086304
YJR093C,YMR053C,0,-1.2010477,0.07776861637830734,0.5659999847412109,0.6711999773979187
YLR006C,YJL093C,0,-1.2010767,0.07775793224573135,0.5659999847412109,0.6712999939918518
YGR204W,YGR097W,0,-1.2013388,0.07774725556373596,0.5659999847412109,0.6714000105857849
YKR063C,YLR066W,0,-1.2016281,0.07773657143115997,0.5659999847412109,0.671500027179718
YNL119W,YNL231C,0,-1.201747,0.07772590219974518,0.5659999847412109,0.6715999841690063
YNL003C,YDL043C,0,-1.2018727,0.07771522551774979,0.5659999847412109,0.6717000007629395
YPL040C,YDR379W,0,-1.2019178,0.07770455628633499,0.5659999847412109,0.6718000173568726
YER133W,YGL216W,1,-1.2020485,0.07783115655183792,0.5669999718666077,0.6718000173568726
YJR090C,YPR141C,1,-1.2021902,0.07795772701501846,0.5680000185966492,0.6718000173568726
YJL058C,YDR191W,0,-1.2022722,0.07794702798128128,0.5680000185966492,0.6718999743461609
YPL085W,YOR229W,0,-1.2025235,0.0779363363981247,0.5680000185966492,0.671999990940094
YOL013C,YGL098W,0,-1.2026048,0.07792564481496811,0.5680000185966492,0.6721000075340271
YPL050C,YOR129C,0,-1.2027482,0.07791495323181152,0.5680000185966492,0.6722000241279602
YMR026C,YHR196W,0,-1.2028908,0.07790426909923553,0.5680000185966492,0.6722999811172485
YGL062W,YPL087W,0,-1.2032084,0.07789358496665955,0.5680000185966492,0.6723999977111816
YMR049C,YBR153W,0,-1.203212,0.07788290083408356,0.5680000185966492,0.6725000143051147
YER155C,YPL058C,0,-1.2032802,0.07787222415208817,0.5680000185966492,0.6725999712944031
YJL058C,YGL142C,0,-1.2032832,0.07786154747009277,0.5680000185966492,0.6726999878883362
YPL217C,YBL023C,0,-1.2036788,0.07785087823867798,0.5680000185966492,0.6728000044822693
YHR191C,YIL031W,1,-1.2037597,0.0779772475361824,0.5690000057220459,0.6728000044822693
YIL147C,YLR452C,0,-1.2038481,0.07796656340360641,0.5690000057220459,0.6729000210762024
YER174C,YHR119W,0,-1.2039487,0.07795588672161102,0.5690000057220459,0.6729999780654907
YJL099W,YGL016W,0,-1.2040277,0.07794520258903503,0.5690000057220459,0.6730999946594238
YFR046C,YGL137W,0,-1.2043293,0.07793452590703964,0.5690000057220459,0.6732000112533569
YNL139C,YDR407C,0,-1.2043352,0.07792385667562485,0.5690000057220459,0.67330002784729
YPR105C,YLR221C,0,-1.2045802,0.07791318744421005,0.5690000057220459,0.6733999848365784
YCL034W,YNL310C,0,-1.2046931,0.07790251821279526,0.5690000057220459,0.6735000014305115
YPR199C,YGL001C,0,-1.2047138,0.07789185643196106,0.5690000057220459,0.6736000180244446
YGL216W,YKR037C,1,-1.2047328,0.07801806926727295,0.5699999928474426,0.6736000180244446
YNL116W,YHL007C,1,-1.204829,0.07814424484968185,0.5709999799728394,0.6736000180244446
YOR011W,YJL085W,0,-1.2051374,0.07813355326652527,0.5709999799728394,0.6736999750137329
YOR174W,YOR129C,0,-1.2052389,0.07812286168336868,0.5709999799728394,0.673799991607666
YGL247W,YDL135C,0,-1.2053752,0.0781121775507927,0.5709999799728394,0.6739000082015991
YDL097C,YML097C,0,-1.2055063,0.0781014934182167,0.5709999799728394,0.6740000247955322
YGL078C,YJR093C,0,-1.2057306,0.07809080928564072,0.5709999799728394,0.6740999817848206
YDL175C,YHR143W-A,0,-1.2059289,0.07808013260364532,0.5709999799728394,0.6741999983787537
YLR102C,YBR215W,1,-1.2062135,0.07820618152618408,0.5720000267028809,0.6741999983787537
YMR113W,YER068W,0,-1.2062602,0.0781954899430275,0.5720000267028809,0.6743000149726868
YLR353W,YDR022C,0,-1.2066728,0.07818479835987091,0.5720000267028809,0.6743999719619751
YKR029C,YNL243W,0,-1.2071626,0.07817411422729492,0.5720000267028809,0.6744999885559082
YOR249C,YGR140W,1,-1.2075073,0.07830008119344711,0.5730000138282776,0.6744999885559082
YER177W,YHR191C,1,-1.2077417,0.07842601090669632,0.5740000009536743,0.6744999885559082
YKL005C,YPL085W,0,-1.2077851,0.07841529697179794,0.5740000009536743,0.6746000051498413
YJL203W,YNL312W,0,-1.2080255,0.07840459048748016,0.5740000009536743,0.6747000217437744
YNL042W,YGR288W,0,-1.208317,0.07839388400316238,0.5740000009536743,0.6747999787330627
YNL219C,YBR097W,0,-1.2084434,0.0783831775188446,0.5740000009536743,0.6748999953269958
YOR274W,YDR177W,0,-1.2090178,0.07837247103452682,0.5740000009536743,0.675000011920929
YGL206C,YCL052C,0,-1.2090969,0.07836177200078964,0.5740000009536743,0.6751000285148621
YIL040W,YGR178C,0,-1.2092581,0.07835108041763306,0.5740000009536743,0.6751999855041504
YOR266W,YJR019C,0,-1.2093234,0.07834038138389587,0.5740000009536743,0.6753000020980835
YLR109W,YKL035W,0,-1.2093514,0.07832969725131989,0.5740000009536743,0.6754000186920166
YHR187W,YOR129C,0,-1.209367,0.0783190056681633,0.5740000009536743,0.6754999756813049
YMR287C,YDR456W,0,-1.2094575,0.07830832153558731,0.5740000009536743,0.675599992275238
YDR318W,YKL051W,0,-1.2095416,0.07829763740301132,0.5740000009536743,0.6757000088691711
YOR346W,YEL002C,0,-1.2098131,0.07828696072101593,0.5740000009536743,0.6758000254631042
YMR097C,YDL043C,0,-1.209821,0.07827628403902054,0.5740000009536743,0.6758999824523926
YGR284C,YLR264W,0,-1.2098703,0.07826561480760574,0.5740000009536743,0.6759999990463257
YHL024W,YJL036W,0,-1.2099957,0.07825494557619095,0.5740000009536743,0.6761000156402588
YLR381W,YJL092W,0,-1.2101251,0.07824427634477615,0.5740000009536743,0.6761999726295471
YNL312W,YCR067C,0,-1.210489,0.07823360711336136,0.5740000009536743,0.6762999892234802
YGL004C,YGL137W,0,-1.2105374,0.07822294533252716,0.5740000009536743,0.6764000058174133
YPR111W,YDL178W,0,-1.210588,0.07821229100227356,0.5740000009536743,0.6765000224113464
YBR042C,YBR193C,0,-1.2107359,0.07820163667201996,0.5740000009536743,0.6765999794006348
YEL069C,YCL061C,0,-1.2107475,0.07819098234176636,0.5740000009536743,0.6766999959945679
YJL186W,YPL106C,0,-1.2109156,0.07818033546209335,0.5740000009536743,0.676800012588501
YER174C,YOR229W,0,-1.2110311,0.07816968858242035,0.5740000009536743,0.6769000291824341
YER177W,YHL007C,1,-1.2113979,0.07829520851373672,0.574999988079071,0.6769000291824341
YDR096W,YPL169C,0,-1.2114528,0.07828454673290253,0.574999988079071,0.6769999861717224
YOR085W,YLR200W,0,-1.2115424,0.07827389240264893,0.574999988079071,0.6771000027656555
YLR353W,YER008C,0,-1.2120339,0.07826323807239532,0.574999988079071,0.6772000193595886
YCL061C,YNL003C,0,-1.212087,0.07825258374214172,0.574999988079071,0.677299976348877
YBL040C,YHL028W,0,-1.2124984,0.07824193686246872,0.574999988079071,0.6773999929428101
YJL100W,YMR263W,0,-1.2125561,0.07823128998279572,0.574999988079071,0.6775000095367432
YDL175C,YPL217C,0,-1.2125739,0.07822065055370331,0.574999988079071,0.6776000261306763
YFL029C,YJR090C,1,-1.2127498,0.07834602892398834,0.5759999752044678,0.6776000261306763
YOR249C,YDL132W,1,-1.2128052,0.07847137004137039,0.5770000219345093,0.6776000261306763
YGR185C,YOL128C,0,-1.2129339,0.0784607008099556,0.5770000219345093,0.6776999831199646
YOR249C,YIL031W,1,-1.2130009,0.07858599722385406,0.578000009059906,0.6776999831199646
YJR057W,YIL036W,0,-1.213054,0.07857531309127808,0.578000009059906,0.6777999997138977
YJL140W,YBL061C,0,-1.2134981,0.07856462895870209,0.578000009059906,0.6779000163078308
YMR311C,YFR005C,0,-1.2136618,0.0785539522767067,0.578000009059906,0.6779999732971191
YOR160W,YOR084W,0,-1.2136931,0.0785432830452919,0.578000009059906,0.6780999898910522
YLR102C,YGL086W,1,-1.213749,0.07866847515106201,0.5789999961853027,0.6780999898910522
YCL054W,YLR452C,0,-1.2138294,0.07865779101848602,0.5789999961853027,0.6782000064849854
YGL172W,YBR223C,0,-1.2139505,0.07864710688591003,0.5789999961853027,0.6783000230789185
YGR097W,YPR082C,0,-1.2140176,0.07863642275333405,0.5789999961853027,0.6783999800682068
YJR093C,YGR044C,0,-1.2145162,0.07862574607133865,0.5789999961853027,0.6784999966621399
YKL021C,YNR017W,0,-1.2145416,0.07861506938934326,0.5789999961853027,0.678600013256073
YOR032C,YLR368W,0,-1.2146516,0.07860440015792847,0.5789999961853027,0.6786999702453613
YOR260W,YKL051W,0,-1.214707,0.07859373092651367,0.5789999961853027,0.6787999868392944
YDL132W,YMR236W,1,-1.2147126,0.07871878147125244,0.5799999833106995,0.6787999868392944
YER178W,YOR127W,0,-1.2147229,0.07870810478925705,0.5799999833106995,0.6789000034332275
YJL125C,YOR127W,0,-1.21504,0.07869742065668106,0.5799999833106995,0.6790000200271606
YLR069C,YJR033C,0,-1.2150424,0.07868674397468567,0.5799999833106995,0.679099977016449
YOR209C,YPL128C,0,-1.2150594,0.07867607474327087,0.5799999833106995,0.6791999936103821
YNL003C,YLR055C,0,-1.2151804,0.07866539806127548,0.5799999833106995,0.6793000102043152
YNL142W,YDR392W,0,-1.2153037,0.07865473628044128,0.5799999833106995,0.6794000267982483
YBL105C,YJL168C,0,-1.2154071,0.07864406704902649,0.5799999833106995,0.6794999837875366
YGL216W,YDR310C,1,-1.2155921,0.07876898348331451,0.5809999704360962,0.6794999837875366
YLR285W,YBR097W,0,-1.2156103,0.07875829935073853,0.5809999704360962,0.6796000003814697
YJR047C,YER074W-A,0,-1.2156206,0.07874763011932373,0.5809999704360962,0.6797000169754028
YDR235W,YHR154W,0,-1.2157494,0.07873695343732834,0.5809999704360962,0.6797999739646912
YBR155W,YOL020W,0,-1.2158203,0.07872628420591354,0.5809999704360962,0.6798999905586243
YPL053C,YMR182C,0,-1.2160031,0.07871562242507935,0.5809999704360962,0.6800000071525574
YPL048W,YPL040C,0,-1.2160442,0.07870496064424515,0.5809999704360962,0.6801000237464905
YML036W,YGR280C,0,-1.2161392,0.07869429886341095,0.5809999704360962,0.6801999807357788
YER155C,YDL148C,0,-1.2164733,0.07868363708257675,0.5809999704360962,0.6802999973297119
YNL317W,YOR129C,0,-1.216761,0.07867298275232315,0.5809999704360962,0.680400013923645
YCL029C,YOL133W,1,-1.2168173,0.07879772782325745,0.5820000171661377,0.680400013923645
YOR250C,YPL151C,0,-1.2168753,0.07878705859184265,0.5820000171661377,0.6804999709129333
YDR176W,YLR066W,0,-1.216946,0.07877639681100845,0.5820000171661377,0.6805999875068665
YLR051C,YLL004W,0,-1.2169636,0.07876573503017426,0.5820000171661377,0.6807000041007996
YLR192C,YGR072W,0,-1.2169724,0.07875507324934006,0.5820000171661377,0.6808000206947327
YDR518W,YJL129C,0,-1.2170577,0.07874441891908646,0.5820000171661377,0.680899977684021
YGL200C,YJL093C,0,-1.2170669,0.07873376458883286,0.5820000171661377,0.6809999942779541
YIR004W,YOR127W,0,-1.2174472,0.07872311770915985,0.5820000171661377,0.6811000108718872
YFR046C,YDL178W,0,-1.21754,0.07871247082948685,0.5820000171661377,0.6812000274658203
YLR381W,YDR439W,0,-1.2176423,0.07870182394981384,0.5820000171661377,0.6812999844551086
YFR046C,YDR427W,0,-1.217884,0.07869118452072144,0.5820000171661377,0.6814000010490417
YDL126C,YOL071W,0,-1.2179124,0.07868054509162903,0.5820000171661377,0.6815000176429749
YDL145C,YGL254W,0,-1.2179195,0.07866991311311722,0.5820000171661377,0.6815999746322632
YJR057W,YNL075W,0,-1.2180052,0.07865928113460541,0.5820000171661377,0.6816999912261963
YDR432W,YCL054W,0,-1.2182381,0.0786486491560936,0.5820000171661377,0.6818000078201294
YNL021W,YDR088C,0,-1.218424,0.07863802462816238,0.5820000171661377,0.6819000244140625
YGL223C,YBR143C,0,-1.218562,0.07862740010023117,0.5820000171661377,0.6819999814033508
YOR294W,YPL106C,0,-1.2185904,0.07861677557229996,0.5820000171661377,0.6820999979972839
YNL106C,YGL167C,0,-1.2187142,0.07860615849494934,0.5820000171661377,0.682200014591217
YKR034W,YDR183W,0,-1.2188131,0.07859554141759872,0.5820000171661377,0.6822999715805054
YOR266W,YNL128W,0,-1.2189119,0.0785849317908287,0.5820000171661377,0.6823999881744385
YER166W,YJL164C,0,-1.2190347,0.07857432216405869,0.5820000171661377,0.6825000047683716
YCR002C,YHR150W,0,-1.21906,0.07856371253728867,0.5820000171661377,0.6826000213623047
YKL006C-A,YHR161C,0,-1.2191606,0.07855311036109924,0.5820000171661377,0.682699978351593
YOR319W,YNL287W,0,-1.2192439,0.07854250818490982,0.5820000171661377,0.6827999949455261
YBR164C,YER168C,0,-1.2194074,0.078531913459301,0.5820000171661377,0.6829000115394592
YGL223C,YHR164C,0,-1.2194394,0.07852131873369217,0.5820000171661377,0.6830000281333923
YGR140W,YJL019W,1,-1.2196743,0.07864562422037125,0.5830000042915344,0.6830000281333923
YDR439W,YGL068W,0,-1.2198378,0.07863501459360123,0.5830000042915344,0.6830999851226807
YDL056W,YLR417W,0,-1.2201308,0.0786244124174118,0.5830000042915344,0.6832000017166138
YHR187W,YBR260C,0,-1.2201774,0.07861381024122238,0.5830000042915344,0.6833000183105469
YIL070C,YDR392W,0,-1.2205625,0.07860320806503296,0.5830000042915344,0.6833999752998352
YKR029C,YDL015C,0,-1.22069,0.07859261333942413,0.5830000042915344,0.6834999918937683
YGR163W,YNL128W,0,-1.2207884,0.07858201861381531,0.5830000042915344,0.6836000084877014
YKR054C,YGR245C,1,-1.2208986,0.07870619744062424,0.5839999914169312,0.6836000084877014
YPR122W,YGR284C,0,-1.221148,0.07869559526443481,0.5839999914169312,0.6837000250816345
YNL206C,YER129W,0,-1.2214848,0.07868499308824539,0.5839999914169312,0.6837999820709229
YOL043C,YKL119C,0,-1.2215244,0.07867439091205597,0.5839999914169312,0.683899998664856
YDR377W,YDR318W,0,-1.2215464,0.07866379618644714,0.5839999914169312,0.6840000152587891
YHR079C,YBR193C,0,-1.2217033,0.07865320146083832,0.5839999914169312,0.6840999722480774
YPL018W,YGL098W,0,-1.2217182,0.07864260673522949,0.5839999914169312,0.6841999888420105
YDR179C,YML049C,0,-1.2219375,0.07863201946020126,0.5839999914169312,0.6843000054359436
YLL001W,YHR187W,0,-1.222545,0.07862143218517303,0.5839999914169312,0.6844000220298767
YLR144C,YDR227W,0,-1.2226493,0.0786108523607254,0.5839999914169312,0.684499979019165
YML049C,YNL243W,0,-1.2227381,0.07860027253627777,0.5839999914169312,0.6845999956130981
YIL084C,YLR396C,0,-1.2229602,0.07858969271183014,0.5839999914169312,0.6847000122070312
YJL031C,YGR120C,0,-1.2230203,0.0785791203379631,0.5839999914169312,0.6848000288009644
YDR440W,YDL112W,0,-1.2234228,0.07856854796409607,0.5839999914169312,0.6848999857902527
YMR119W,YPR175W,0,-1.2234758,0.07855797559022903,0.5839999914169312,0.6850000023841858
YMR078C,YML064C,1,-1.2237715,0.07868190854787827,0.5849999785423279,0.6850000023841858
YCL061C,YOR295W,0,-1.2238629,0.07867132872343063,0.5849999785423279,0.6851000189781189
YJL095W,YGL187C,0,-1.2238688,0.078660748898983,0.5849999785423279,0.6851999759674072
YHR178W,YBR223C,0,-1.2239343,0.07865017652511597,0.5849999785423279,0.6852999925613403
YPR199C,YGL206C,0,-1.223943,0.07863960415124893,0.5849999785423279,0.6854000091552734
YPL127C,YLR075W,0,-1.2240225,0.0786290317773819,0.5849999785423279,0.6855000257492065
YGR254W,YKL064W,0,-1.2241191,0.07861846685409546,0.5849999785423279,0.6855999827384949
YMR311C,YDR322C-A,0,-1.2244192,0.07860790193080902,0.5849999785423279,0.685699999332428
YJL092W,YJR050W,0,-1.2244241,0.07859733700752258,0.5849999785423279,0.6858000159263611
YER155C,YPL133C,0,-1.2244668,0.07858677953481674,0.5849999785423279,0.6858999729156494
YIL036W,YHR030C,0,-1.2245432,0.0785762220621109,0.5849999785423279,0.6859999895095825
YGR037C,YMR116C,0,-1.224755,0.07856567203998566,0.5849999785423279,0.6861000061035156
YPR111W,YJL029C,0,-1.2247679,0.07855512201786041,0.5849999785423279,0.6862000226974487
YNL106C,YJL129C,0,-1.2248122,0.07854457944631577,0.5849999785423279,0.6862999796867371
YGR254W,YML019W,0,-1.224861,0.07853402942419052,0.5849999785423279,0.6863999962806702
YOR002W,YNL262W,0,-1.2249388,0.07852348685264587,0.5849999785423279,0.6865000128746033
YJR153W,YLR369W,0,-1.2250478,0.07851295173168182,0.5849999785423279,0.6866000294685364
YNL142W,YJL164C,0,-1.2250596,0.07850241661071777,0.5849999785423279,0.6866999864578247
YNL021W,YKL144C,0,-1.2251258,0.07849188148975372,0.5849999785423279,0.6868000030517578
YIL070C,YPR132W,0,-1.225378,0.07848135381937027,0.5849999785423279,0.6869000196456909
YNL003C,YLR141W,0,-1.2254038,0.07847082614898682,0.5849999785423279,0.6869999766349792
YJR132W,YJL168C,0,-1.2254412,0.07846029847860336,0.5849999785423279,0.6870999932289124
YHR160C,YCR073W-A,0,-1.225456,0.0784497782588005,0.5849999785423279,0.6872000098228455
YDR318W,YNL312W,0,-1.2255319,0.07843925803899765,0.5849999785423279,0.6873000264167786
YOL043C,YER012W,0,-1.2255983,0.07842874526977539,0.5849999785423279,0.6873999834060669
YOL078W,YBR168W,0,-1.2256178,0.07841823250055313,0.5849999785423279,0.6875
YIL021W,YJR010C-A,0,-1.2266748,0.07840771973133087,0.5849999785423279,0.6876000165939331
YKL206C,YBR097W,0,-1.2267332,0.07839721441268921,0.5849999785423279,0.6876999735832214
YER012W,YML097C,0,-1.2267498,0.07838670909404755,0.5849999785423279,0.6877999901771545
YFR009W,YLL004W,0,-1.2267799,0.07837620377540588,0.5849999785423279,0.6879000067710876
YMR277W,YBR205W,0,-1.2269614,0.07836570590734482,0.5849999785423279,0.6880000233650208
YNL148C,YDR009W,0,-1.2271005,0.07835520803928375,0.5849999785423279,0.6880999803543091
YJL125C,YLR059C,0,-1.227184,0.07834471762180328,0.5849999785423279,0.6881999969482422
YLR051C,YLR066W,0,-1.2273518,0.07833422720432281,0.5849999785423279,0.6883000135421753
YJR047C,YNL287W,0,-1.2273974,0.07832373678684235,0.5849999785423279,0.6883999705314636
YEL030W,YLL040C,0,-1.2275617,0.07831325381994247,0.5849999785423279,0.6884999871253967
YHR079C-A,YOR060C,0,-1.2276133,0.0783027708530426,0.5849999785423279,0.6886000037193298
YPR178W,YMR013C,0,-1.2278428,0.07829228788614273,0.5849999785423279,0.6887000203132629
YHR186C,YML076C,0,-1.2279857,0.07828181236982346,0.5849999785423279,0.6887999773025513
YJR093C,YPR110C,0,-1.2280552,0.07827134430408478,0.5849999785423279,0.6888999938964844
YDR085C,YOR329C,0,-1.2282307,0.0782608687877655,0.5849999785423279,0.6890000104904175
YOR231W,YFR005C,0,-1.2283196,0.07825040072202682,0.5849999785423279,0.6891000270843506
YKR076W,YOL102C,0,-1.2283363,0.07823993265628815,0.5849999785423279,0.6891999840736389
YPR122W,YLR305C,0,-1.2284374,0.07822947204113007,0.5849999785423279,0.689300000667572
YBR211C,YBR205W,0,-1.2285333,0.07821901142597198,0.5849999785423279,0.6894000172615051
YOR213C,YDR469W,0,-1.2285343,0.0782085582613945,0.5849999785423279,0.6894999742507935
YOR085W,YLR396C,0,-1.2286665,0.07819810509681702,0.5849999785423279,0.6895999908447266
YBL045C,YNL231C,0,-1.2288593,0.07818765193223953,0.5849999785423279,0.6897000074386597
YCL059C,YPL112C,0,-1.2293441,0.07817719876766205,0.5849999785423279,0.6898000240325928
YDR085C,YHR030C,0,-1.2293457,0.07816675305366516,0.5849999785423279,0.6898999810218811
YGL180W,YER168C,0,-1.2296125,0.07815631479024887,0.5849999785423279,0.6899999976158142
YOL002C,YBR205W,0,-1.2297335,0.07814586907625198,0.5849999785423279,0.6901000142097473
YGL130W,YDR170C,0,-1.2297355,0.07813543826341629,0.5849999785423279,0.6901999711990356
YDL002C,YHR161C,0,-1.2297804,0.078125,0.5849999785423279,0.6902999877929688
YMR113W,YKL006C-A,0,-1.2298423,0.0781145691871643,0.5849999785423279,0.6904000043869019
YAL023C,YCR028C-A,0,-1.2300615,0.07810413837432861,0.5849999785423279,0.690500020980835
YER095W,YOL031C,0,-1.2301382,0.07809371501207352,0.5849999785423279,0.6905999779701233
YOL071W,YJR131W,0,-1.2302667,0.07808329164981842,0.5849999785423279,0.6906999945640564
YKL005C,YLR268W,0,-1.2303679,0.07807286828756332,0.5849999785423279,0.6908000111579895
YNL029C,YDL097C,0,-1.2305846,0.07806245237588882,0.5849999785423279,0.6909000277519226
YNL288W,YKL152C,0,-1.2310338,0.07805203646421432,0.5849999785423279,0.6909999847412109
YNL037C,YPL154C,0,-1.2310832,0.07804162055253983,0.5849999785423279,0.691100001335144
YER127W,YOR174W,0,-1.2313528,0.07803121209144592,0.5849999785423279,0.6912000179290771
YCL061C,YIL039W,0,-1.2313776,0.07802080363035202,0.5849999785423279,0.6912999749183655
YHR059W,YJR112W,0,-1.2313818,0.07801040261983871,0.5849999785423279,0.6913999915122986
YJR057W,YLR033W,0,-1.2315694,0.07800000160932541,0.5849999785423279,0.6915000081062317
YPR193C,YKL034W,0,-1.2316295,0.0779896005988121,0.5849999785423279,0.6916000247001648
YGL216W,YFL034C-B,1,-1.2319496,0.07811250537633896,0.5860000252723694,0.6916000247001648
YDR365C,YFR005C,0,-1.2320914,0.07810208946466446,0.5860000252723694,0.6916999816894531
YLR010C,YPL157W,0,-1.2326523,0.07809168100357056,0.5860000252723694,0.6917999982833862
YMR044W,YER095W,0,-1.2330034,0.07808127999305725,0.5860000252723694,0.6919000148773193
YKR029C,YML001W,0,-1.2330734,0.07807087898254395,0.5860000252723694,0.6919999718666077
YKL093W,YHL027W,0,-1.2331955,0.07806047797203064,0.5860000252723694,0.6920999884605408
YCL029C,YCR065W,1,-1.2332858,0.07818327099084854,0.5870000123977661,0.6920999884605408
YDR420W,YJR131W,0,-1.2334481,0.07817286252975464,0.5870000123977661,0.6922000050544739
YOR322C,YDR392W,0,-1.2334926,0.07816244661808014,0.5870000123977661,0.692300021648407
YOR231W,YDR170C,0,-1.2335331,0.07815204560756683,0.5870000123977661,0.6923999786376953
YOL002C,YLR221C,0,-1.2336283,0.07814163714647293,0.5870000123977661,0.6924999952316284
YIL149C,YGL120C,0,-1.2336736,0.07813123613595963,0.5870000123977661,0.6926000118255615
YGL130W,YDL236W,0,-1.233721,0.07812084257602692,0.5870000123977661,0.6927000284194946
YPR046W,YGL058W,0,-1.2338512,0.07811044901609421,0.5870000123977661,0.692799985408783
YPR111W,YHR067W,0,-1.2343097,0.0781000554561615,0.5870000123977661,0.6929000020027161
YAL035W,YMR311C,0,-1.2344362,0.07808966189622879,0.5870000123977661,0.6930000185966492
YDR224C,YLR305C,0,-1.2344815,0.07807927578687668,0.5870000123977661,0.6930999755859375
YGR120C,YNL236W,0,-1.2345415,0.07806888967752457,0.5870000123977661,0.6931999921798706
YER114C,YHR034C,0,-1.2348907,0.07805851101875305,0.5870000123977661,0.6933000087738037
YCL034W,YDL056W,0,-1.234992,0.07804813235998154,0.5870000123977661,0.6934000253677368
YNL278W,YBR065C,0,-1.2350925,0.07803775370121002,0.5870000123977661,0.6934999823570251
YOR181W,YGR276C,0,-1.235415,0.0780273824930191,0.5870000123977661,0.6935999989509583
YMR168C,YER133W,1,-1.2354867,0.07814992219209671,0.5879999995231628,0.6935999989509583
YDR179C,YBR097W,0,-1.2358515,0.0781395360827446,0.5879999995231628,0.6937000155448914
YLR115W,YOR043W,0,-1.2358749,0.07812914997339249,0.5879999995231628,0.6937999725341797
YER174C,YMR308C,0,-1.2360404,0.07811877131462097,0.5879999995231628,0.6938999891281128
YAL059W,YDL135C,0,-1.2362026,0.07810839265584946,0.5879999995231628,0.6940000057220459
YPL248C,YJL165C,0,-1.236537,0.07809802144765854,0.5879999995231628,0.694100022315979
YGL065C,YPR074C,0,-1.236605,0.07808765023946762,0.5879999995231628,0.6941999793052673
YGR006W,YKL122C,0,-1.236607,0.0780772790312767,0.5879999995231628,0.6942999958992004
YPR128C,YPR134W,0,-1.2366174,0.07806691527366638,0.5879999995231628,0.6944000124931335
YBR260C,YDL052C,0,-1.2367216,0.07805655151605606,0.5879999995231628,0.6945000290870667
YOR144C,YAR018C,0,-1.2367393,0.07804618775844574,0.5879999995231628,0.694599986076355
YCR010C,YOL111C,0,-1.2371738,0.07803583145141602,0.5879999995231628,0.6947000026702881
YJL095W,YHR073W,0,-1.2371767,0.07802547514438629,0.5879999995231628,0.6948000192642212
YNL021W,YGL150C,0,-1.2372618,0.07801512628793716,0.5879999995231628,0.6948999762535095
YDL132W,YGL086W,1,-1.2374312,0.07813743501901627,0.5889999866485596,0.6948999762535095
YJR131W,YDR330W,0,-1.2375239,0.07812707126140594,0.5889999866485596,0.6949999928474426
YLR221C,YBR069C,0,-1.2376134,0.07811670750379562,0.5889999866485596,0.6951000094413757
YIL124W,YGR005C,0,-1.2378025,0.0781063511967659,0.5889999866485596,0.6952000260353088
YNL075W,YGR047C,0,-1.237899,0.07809599488973618,0.5889999866485596,0.6952999830245972
YPL213W,YJR019C,0,-1.2382798,0.07808564603328705,0.5889999866485596,0.6953999996185303
YAR018C,YNL317W,0,-1.2382963,0.07807528972625732,0.5889999866485596,0.6955000162124634
YFR009W,YOR274W,0,-1.2383695,0.0780649408698082,0.5889999866485596,0.6955999732017517
YHR164C,YMR097C,0,-1.2385259,0.07805459946393967,0.5889999866485596,0.6956999897956848
YIR010W,YHL025W,0,-1.2385315,0.07804425805807114,0.5889999866485596,0.6958000063896179
YAR015W,YGR254W,0,-1.238731,0.0780339166522026,0.5889999866485596,0.695900022983551
YBR153W,YCL054W,0,-1.2388326,0.07802358269691467,0.5889999866485596,0.6959999799728394
YMR311C,YOL005C,0,-1.2389925,0.07801324874162674,0.5889999866485596,0.6960999965667725
YER133W,YJL098W,1,-1.2390342,0.07813534885644913,0.5899999737739563,0.6960999965667725
YKL165C,YKL034W,0,-1.2391591,0.078125,0.5899999737739563,0.6962000131607056
YNL161W,YDR113C,1,-1.2393246,0.0782470554113388,0.5910000205039978,0.6962000131607056
YDR480W,YPR046W,0,-1.2394112,0.07823669910430908,0.5910000205039978,0.6963000297546387
YOR249C,YDL064W,1,-1.239466,0.07835870236158371,0.5920000076293945,0.6963000297546387
YFR046C,YIR004W,0,-1.2396984,0.07834833115339279,0.5920000076293945,0.696399986743927
YML036W,YOL128C,0,-1.2398499,0.07833796739578247,0.5920000076293945,0.6965000033378601
YOR231W,YKL064W,0,-1.2401059,0.07832759618759155,0.5920000076293945,0.6966000199317932
YFR008W,YDL207W,0,-1.2403998,0.07831723988056183,0.5920000076293945,0.6966999769210815
YFR046C,YGL150C,0,-1.2404282,0.07830687612295151,0.5920000076293945,0.6967999935150146
YGL180W,YER095W,0,-1.2404904,0.07829651981592178,0.5920000076293945,0.6969000101089478
YPR199C,YNL106C,0,-1.2405074,0.07828617095947266,0.5920000076293945,0.6970000267028809
YIR010W,YMR032W,0,-1.240545,0.07827581465244293,0.5920000076293945,0.6970999836921692
YBR130C,YBR156C,0,-1.2408513,0.0782654657959938,0.5920000076293945,0.6972000002861023
YJL094C,YMR263W,0,-1.2411318,0.07825512439012527,0.5920000076293945,0.6973000168800354
YJR090C,YML064C,1,-1.2412913,0.07837694883346558,0.5929999947547913,0.6973000168800354
YNL003C,YBR223C,0,-1.2414341,0.07836659252643585,0.5929999947547913,0.6973999738693237
YJL111W,YFR034C,0,-1.2415237,0.07835623621940613,0.5929999947547913,0.6974999904632568
YNL312W,YDR463W,0,-1.2415426,0.078345887362957,0.5929999947547913,0.6976000070571899
YGR227W,YKL220C,0,-1.24157,0.07833553850650787,0.5929999947547913,0.697700023651123
YNL138W,YPL007C,0,-1.2420293,0.07832518965005875,0.5929999947547913,0.6977999806404114
YGL180W,YDR314C,0,-1.2423224,0.07831484079360962,0.5929999947547913,0.6978999972343445
YHR052W,YGR005C,0,-1.2423388,0.07830449938774109,0.5929999947547913,0.6980000138282776
YPR046W,YDR392W,0,-1.2423682,0.07829416543245316,0.5929999947547913,0.6980999708175659
YJL062W,YNL142W,0,-1.2424903,0.07828383147716522,0.5929999947547913,0.698199987411499
YDR052C,YPR134W,0,-1.2425603,0.07827349752187729,0.5929999947547913,0.6983000040054321
YJR069C,YNL029C,0,-1.2428205,0.07826316356658936,0.5929999947547913,0.6984000205993652
YBL002W,YKL006C-A,0,-1.2428796,0.07825283706188202,0.5929999947547913,0.6984999775886536
YML112W,YLR022C,0,-1.2429603,0.07824251055717468,0.5929999947547913,0.6985999941825867
YJL085W,YPL053C,0,-1.242985,0.07823219150304794,0.5929999947547913,0.6987000107765198
YBR164C,YDR022C,0,-1.2433449,0.0782218724489212,0.5929999947547913,0.6988000273704529
YKL206C,YEL029C,0,-1.2434646,0.07821155339479446,0.5929999947547913,0.6988999843597412
YNL291C,YLR035C,0,-1.2436593,0.07820124179124832,0.5929999947547913,0.6990000009536743
YBR036C,YLR368W,0,-1.2439559,0.07819093018770218,0.5929999947547913,0.6991000175476074
YDR377W,YPR171W,0,-1.244014,0.07818061858415604,0.5929999947547913,0.6991999745368958
YIR008C,YDR083W,0,-1.2440641,0.07817031443119049,0.5929999947547913,0.6992999911308289
YMR033W,YDR365C,0,-1.2440932,0.07816001027822495,0.5929999947547913,0.699400007724762
YPR199C,YKL005C,0,-1.2443354,0.07814971357584,0.5929999947547913,0.6995000243186951
YDL178W,YER129W,0,-1.2446594,0.07813940942287445,0.5929999947547913,0.6995999813079834
YPL106C,YIL022W,0,-1.2449207,0.0781291201710701,0.5929999947547913,0.6996999979019165
YPR193C,YKL051W,0,-1.2458494,0.07811882346868515,0.5929999947547913,0.6998000144958496
YOR266W,YOL005C,0,-1.2458624,0.0781085342168808,0.5929999947547913,0.6998999714851379
YOR191W,YDL015C,0,-1.2459207,0.07809824496507645,0.5929999947547913,0.699999988079071
YBR213W,YJR043C,0,-1.2460192,0.07808796316385269,0.5929999947547913,0.7001000046730042
YGR037C,YCL034W,0,-1.2460424,0.07807768136262894,0.5929999947547913,0.7002000212669373
YOR011W,YGL200C,0,-1.2463515,0.07806740701198578,0.5929999947547913,0.7002999782562256
YDR096W,YBR153W,0,-1.2466832,0.07805712521076202,0.5929999947547913,0.7003999948501587
YER127W,YOR151C,0,-1.2467085,0.07804685086011887,0.5929999947547913,0.7005000114440918
YHR034C,YJL139C,0,-1.246813,0.0780365839600563,0.5929999947547913,0.7006000280380249
YFR009W,YNL029C,0,-1.2469143,0.07802631705999374,0.5929999947547913,0.7006999850273132
YDR272W,YLR324W,0,-1.2469988,0.07801605015993118,0.5929999947547913,0.7008000016212463
YHR116W,YNL222W,0,-1.2470608,0.07800579071044922,0.5929999947547913,0.7009000182151794
YKL007W,YLR200W,0,-1.2471256,0.07799553126096725,0.5929999947547913,0.7009999752044678
YGR227W,YDR385W,0,-1.2473478,0.07798527181148529,0.5929999947547913,0.7010999917984009
YNL116W,YCR065W,1,-1.2475598,0.07810650765895844,0.593999981880188,0.7010999917984009
YCR028C-A,YOR095C,0,-1.2475743,0.07809624075889587,0.593999981880188,0.701200008392334
YAL044C,YDL055C,0,-1.2475882,0.07808597385883331,0.593999981880188,0.7013000249862671
YNL029C,YGR077C,0,-1.247749,0.07807570695877075,0.593999981880188,0.7013999819755554
YLR144C,YIL103W,0,-1.2477945,0.07806544750928879,0.593999981880188,0.7014999985694885
YPL048W,YKL120W,0,-1.2482135,0.07805518805980682,0.593999981880188,0.7016000151634216
YPL267W,YNL068C,1,-1.2488377,0.07817632704973221,0.5950000286102295,0.7016000151634216
YOR026W,YFL034C-B,1,-1.2489595,0.07829742878675461,0.5960000157356262,0.7016000151634216
YPR164W,YER008C,0,-1.2489909,0.07828713953495026,0.5960000157356262,0.70169997215271
YDR379W,YOR294W,0,-1.249024,0.0782768577337265,0.5960000157356262,0.7017999887466431
YMR078C,YDR201W,1,-1.2491965,0.07839789986610413,0.597000002861023,0.7017999887466431
YPL145C,YIL084C,0,-1.2492203,0.07838760316371918,0.597000002861023,0.7019000053405762
YGL144C,YML029W,0,-1.2492478,0.07837731391191483,0.597000002861023,0.7020000219345093
YFL056C,YKR076W,0,-1.2494191,0.07836702466011047,0.597000002861023,0.7020999789237976
YLR095C,YOR353C,0,-1.2495728,0.07835674285888672,0.597000002861023,0.7021999955177307
YGL068W,YOR213C,0,-1.249666,0.07834645360708237,0.597000002861023,0.7023000121116638
YJL093C,YLR193C,0,-1.2497244,0.07833617925643921,0.597000002861023,0.7024000287055969
YIL118W,YCR028C-A,0,-1.2498507,0.07832589745521545,0.597000002861023,0.7024999856948853
YOR249C,YGL240W,1,-1.2499517,0.07844680547714233,0.5979999899864197,0.7024999856948853
YBR036C,YMR053C,0,-1.2500885,0.07843651622533798,0.5979999899864197,0.7026000022888184
YAL023C,YOR127W,0,-1.250115,0.07842622697353363,0.5979999899864197,0.7027000188827515
YKR101W,YML001W,0,-1.2501664,0.07841594517230988,0.5979999899864197,0.7027999758720398
YGR097W,YGR197C,0,-1.2507133,0.07840566337108612,0.5979999899864197,0.7028999924659729
YNL214W,YLR147C,0,-1.2508788,0.07839538902044296,0.5979999899864197,0.703000009059906
YFR027W,YKR028W,1,-1.2509067,0.07851618528366089,0.5989999771118164,0.703000009059906
YLR035C,YGR006W,0,-1.2511466,0.07850589603185654,0.5989999771118164,0.7031000256538391
YOR274W,YER087C-B,0,-1.2512708,0.07849560678005219,0.5989999771118164,0.7031999826431274
YOR274W,YFL002C,0,-1.2515415,0.07848532497882843,0.5989999771118164,0.7032999992370605
YML077W,YNL283C,0,-1.2517207,0.07847504317760468,0.5989999771118164,0.7034000158309937
YGL223C,YLR342W,0,-1.2522187,0.07846476137638092,0.5989999771118164,0.703499972820282
YJR121W,YML036W,0,-1.2522951,0.07845448702573776,0.5989999771118164,0.7035999894142151
YCR048W,YDR341C,0,-1.2523601,0.0784442126750946,0.5989999771118164,0.7037000060081482
YPR178W,YAL002W,0,-1.2524463,0.07843393832445145,0.5989999771118164,0.7038000226020813
YLR381W,YGR005C,0,-1.2526386,0.07842367142438889,0.5989999771118164,0.7038999795913696
YJR033C,YLR268W,0,-1.252772,0.07841340452432632,0.5989999771118164,0.7039999961853027
YHR158C,YHL007C,1,-1.2527921,0.07853402942419052,0.6000000238418579,0.7039999961853027
YER162C,YFL059W,0,-1.2528859,0.07852375507354736,0.6000000238418579,0.7041000127792358
YJR132W,YKL144C,0,-1.2528867,0.0785134807229042,0.6000000238418579,0.704200029373169
YBL023C,YML001W,0,-1.2529969,0.07850320637226105,0.6000000238418579,0.7042999863624573
YFR046C,YOR266W,0,-1.2535076,0.07849293202161789,0.6000000238418579,0.7044000029563904
YGL167C,YNL262W,0,-1.2535911,0.07848266512155533,0.6000000238418579,0.7045000195503235
YLR022C,YOR353C,0,-1.2536236,0.07847240567207336,0.6000000238418579,0.7045999765396118
YKL025C,YJR007W,0,-1.2537136,0.0784621387720108,0.6000000238418579,0.7046999931335449
YNR016C,YHR073W,0,-1.2537539,0.07845187932252884,0.6000000238418579,0.704800009727478
YJR090C,YFL034C-B,1,-1.2541816,0.0785723626613617,0.6010000109672546,0.704800009727478
YOR011W,YCL026C-A,0,-1.2541924,0.07856208831071854,0.6010000109672546,0.7049000263214111
YKL021C,YGR063C,0,-1.254371,0.07855182141065598,0.6010000109672546,0.7049999833106995
YAR018C,YPL007C,0,-1.2547228,0.07854155451059341,0.6010000109672546,0.7050999999046326
YMR113W,YIL039W,0,-1.254803,0.07853129506111145,0.6010000109672546,0.7052000164985657
YLR291C,YDR183W,0,-1.254833,0.07852103561162949,0.6010000109672546,0.705299973487854
YDL178W,YKL079W,0,-1.2549155,0.07851077616214752,0.6010000109672546,0.7053999900817871
YGL190C,YFR027W,1,-1.2549312,0.07863114029169083,0.6019999980926514,0.7053999900817871
YFL045C,YDR088C,0,-1.2549582,0.07862087339162827,0.6019999980926514,0.7055000066757202
YBR205W,YNL310C,0,-1.2552155,0.0786106064915657,0.6019999980926514,0.7056000232696533
YOR078W,YER030W,0,-1.2552719,0.07860033959150314,0.6019999980926514,0.7056999802589417
YLR113W,YDR224C,0,-1.2553675,0.07859008014202118,0.6019999980926514,0.7057999968528748
YHR068W,YOL146W,0,-1.2554735,0.07857982069253922,0.6019999980926514,0.7059000134468079
YJL186W,YBL022C,0,-1.2554942,0.07856956124305725,0.6019999980926514,0.7059999704360962
YIL098C,YLR417W,0,-1.255635,0.07855930924415588,0.6019999980926514,0.7060999870300293
YHR073W,YIL138C,0,-1.2557142,0.07854905724525452,0.6019999980926514,0.7062000036239624
YDR379W,YJL192C,0,-1.2559276,0.07853881269693375,0.6019999980926514,0.7063000202178955
YNL127W,YPL169C,0,-1.2559823,0.07852856814861298,0.6019999980926514,0.7063999772071838
YLR009W,YLR147C,0,-1.2559936,0.0785183236002922,0.6019999980926514,0.7064999938011169
YLR353W,YOR188W,0,-1.2560139,0.07850808650255203,0.6019999980926514,0.70660001039505
YJR064W,YDR345C,0,-1.2560751,0.07849784940481186,0.6019999980926514,0.7067000269889832
YKL152C,YKR055W,0,-1.2562103,0.07848761230707169,0.6019999980926514,0.7067999839782715
YJL094C,YLL004W,0,-1.2568723,0.07847738265991211,0.6019999980926514,0.7069000005722046
YDL178W,YGL150C,0,-1.2568953,0.07846715301275253,0.6019999980926514,0.7070000171661377
YNL262W,YML001W,0,-1.2571476,0.07845692336559296,0.6019999980926514,0.707099974155426
YJL092W,YBR279W,0,-1.2573304,0.07844670116901398,0.6019999980926514,0.7071999907493591
YER168C,YLL004W,0,-1.2573942,0.078436478972435,0.6019999980926514,0.7073000073432922
YGL130W,YBR080C,0,-1.2573972,0.07842626422643661,0.6019999980926514,0.7074000239372253
YPR178W,YJL093C,0,-1.2574486,0.07841604948043823,0.6019999980926514,0.7074999809265137
YLL043W,YBR192W,0,-1.2574955,0.07840583473443985,0.6019999980926514,0.7075999975204468
YDR113C,YML064C,1,-1.2577031,0.0785258486866951,0.6029999852180481,0.7075999975204468
YBR205W,YKR031C,0,-1.2578328,0.07851562649011612,0.6029999852180481,0.7077000141143799
YNL288W,YPL125W,0,-1.2580376,0.07850540429353714,0.6029999852180481,0.7077999711036682
YNL262W,YKR101W,0,-1.2581,0.07849518209695816,0.6029999852180481,0.7078999876976013
YMR287C,YNL117W,0,-1.2581898,0.07848496735095978,0.6029999852180481,0.7080000042915344
YIL147C,YOR045W,0,-1.2583343,0.0784747526049614,0.6029999852180481,0.7081000208854675
YOL005C,YJR007W,0,-1.2584816,0.07846453785896301,0.6029999852180481,0.7081999778747559
YFL017W-A,YDR058C,0,-1.2589908,0.07845433056354523,0.6029999852180481,0.708299994468689
YNL288W,YGL004C,0,-1.2590659,0.07844412326812744,0.6029999852180481,0.7084000110626221
YNL031C,YOR174W,0,-1.2597365,0.07843392342329025,0.6029999852180481,0.7085000276565552
YDL015C,YOR106W,0,-1.2597415,0.07842372357845306,0.6029999852180481,0.7085999846458435
YDR420W,YLR396C,0,-1.2598338,0.07841352373361588,0.6029999852180481,0.7087000012397766
YHR186C,YOR229W,0,-1.2599397,0.07840333133935928,0.6029999852180481,0.7088000178337097
YLR285W,YKR029C,0,-1.2600228,0.07839313894510269,0.6029999852180481,0.708899974822998
YJL168C,YJL129C,0,-1.2600458,0.0783829465508461,0.6029999852180481,0.7089999914169312
YOL078W,YML047C,0,-1.2601875,0.0783727616071701,0.6029999852180481,0.7091000080108643
YGL001C,YJR010C-A,0,-1.2606447,0.07836257666349411,0.6029999852180481,0.7092000246047974
YOL133W,YIR025W,1,-1.2606452,0.07848232984542847,0.6039999723434448,0.7092000246047974
YAR018C,YNL222W,0,-1.2607669,0.07847213000059128,0.6039999723434448,0.7092999815940857
YDL207W,YGL097W,0,-1.2608517,0.07846193760633469,0.6039999723434448,0.7093999981880188
YIL036W,YNL106C,0,-1.2608911,0.0784517452120781,0.6039999723434448,0.7095000147819519
YFR046C,YMR081C,0,-1.2609088,0.0784415602684021,0.6039999723434448,0.7095999717712402
YNL042W,YJL099W,0,-1.2610606,0.0784313753247261,0.6039999723434448,0.7096999883651733
YMR311C,YLL004W,0,-1.2611496,0.07842119038105011,0.6039999723434448,0.7098000049591064
YFL057C,YOR346W,0,-1.2612627,0.07841100543737411,0.6039999723434448,0.7099000215530396
YDR456W,YPR055W,0,-1.2612954,0.07840082794427872,0.6039999723434448,0.7099999785423279
YOL111C,YJL143W,0,-1.2613152,0.07839065790176392,0.6039999723434448,0.710099995136261
YAL007C,YDR463W,0,-1.2614623,0.07838048040866852,0.6039999723434448,0.7102000117301941
YKL007W,YDR126W,0,-1.2616448,0.07837031036615372,0.6039999723434448,0.7103000283241272
YPL267W,YNL116W,1,-1.2616762,0.07848987728357315,0.6050000190734863,0.7103000283241272
YBL023C,YDL106C,0,-1.261884,0.07847969979047775,0.6050000190734863,0.7103999853134155
YBR213W,YPL239W,0,-1.2622223,0.07846952229738235,0.6050000190734863,0.7105000019073486
YMR056C,YLR144C,0,-1.2623854,0.07845934480428696,0.6050000190734863,0.7106000185012817
YGL051W,YBR130C,0,-1.2624091,0.07844916731119156,0.6050000190734863,0.7106999754905701
YGR097W,YDR346C,0,-1.2624824,0.07843899726867676,0.6050000190734863,0.7107999920845032
YOR026W,YGR245C,1,-1.2625004,0.07855846732854843,0.6060000061988831,0.7107999920845032
YIL021W,YKL020C,0,-1.2625519,0.07854828238487244,0.6060000061988831,0.7109000086784363
YOR045W,YNL310C,0,-1.262879,0.07853810489177704,0.6060000061988831,0.7110000252723694
YOR266W,YOL128C,0,-1.2628946,0.07852792739868164,0.6060000061988831,0.7110999822616577
YKL165C,YNL138W,0,-1.2629231,0.07851774990558624,0.6060000061988831,0.7111999988555908
YNL138W,YMR293C,0,-1.2629807,0.07850757986307144,0.6060000061988831,0.7113000154495239
YBR110W,YNL329C,0,-1.263172,0.07849740982055664,0.6060000061988831,0.7113999724388123
YMR150C,YDR181C,0,-1.2632141,0.07848723977804184,0.6060000061988831,0.7114999890327454
YMR049C,YOR160W,0,-1.2634082,0.07847707718610764,0.6060000061988831,0.7116000056266785
YDR052C,YLR147C,0,-1.2634526,0.07846691459417343,0.6060000061988831,0.7117000222206116
YPL169C,YER012W,0,-1.2638389,0.07845675945281982,0.6060000061988831,0.7117999792098999
YPL119C,YBR182C,0,-1.2639118,0.07844660431146622,0.6060000061988831,0.711899995803833
YNL068C,YKR037C,1,-1.2640271,0.07856588065624237,0.6069999933242798,0.711899995803833
YPL145C,YDR478W,0,-1.2640572,0.07855571061372757,0.6069999933242798,0.7120000123977661
YFR008W,YML076C,0,-1.2640944,0.07854554802179337,0.6069999933242798,0.7121000289916992
YJR050W,YGR006W,0,-1.2642597,0.07853538542985916,0.6069999933242798,0.7121999859809875
YNL218W,YBR256C,0,-1.2642725,0.07852522283792496,0.6069999933242798,0.7123000025749207
YKL064W,YKL051W,0,-1.2644913,0.07851506769657135,0.6069999933242798,0.7124000191688538
YPL267W,YKR028W,1,-1.2648304,0.07863424718379974,0.6079999804496765,0.7124000191688538
YMR044W,YPL112C,0,-1.2648625,0.07862407714128494,0.6079999804496765,0.7124999761581421
YHR187W,YDR227W,0,-1.2649574,0.07861391454935074,0.6079999804496765,0.7125999927520752
YLR353W,YLL013C,0,-1.2650642,0.07860375195741653,0.6079999804496765,0.7127000093460083
YNL290W,YDL201W,0,-1.2652258,0.07859358936548233,0.6079999804496765,0.7128000259399414
YDL047W,YDR201W,1,-1.2653531,0.07871267944574356,0.609000027179718,0.7128000259399414
YDR439W,YLR193C,0,-1.2656157,0.07870250940322876,0.609000027179718,0.7128999829292297
YNL161W,YMR048W,1,-1.265671,0.07882155478000641,0.6100000143051147,0.7128999829292297
YLL043W,YLR417W,0,-1.2657188,0.07881136983633041,0.6100000143051147,0.7129999995231628
YNL229C,YHR196W,0,-1.2657907,0.07880118489265442,0.6100000143051147,0.713100016117096
YKL093W,YOL146W,0,-1.2658154,0.07879100739955902,0.6100000143051147,0.7131999731063843
YNL329C,YGL004C,0,-1.2662556,0.07878083735704422,0.6100000143051147,0.7132999897003174
YLL042C,YCR061W,0,-1.2662623,0.07877065986394882,0.6100000143051147,0.7134000062942505
YLR141W,YLR268W,0,-1.2662625,0.07876048982143402,0.6100000143051147,0.7135000228881836
YDR206W,YMR267W,0,-1.2663,0.07875031977891922,0.6100000143051147,0.7135999798774719
YGL223C,YHR081W,0,-1.2663469,0.07874015718698502,0.6100000143051147,0.713699996471405
YKL110C,YJR112W,0,-1.2664495,0.07872999459505081,0.6100000143051147,0.7138000130653381
YIL070C,YLR369W,0,-1.2664858,0.07871983200311661,0.6100000143051147,0.7139000296592712
YFR046C,YML049C,0,-1.2666299,0.078709676861763,0.6100000143051147,0.7139999866485596
YNL116W,YAL047C,1,-1.2666686,0.07882853597402573,0.6110000014305115,0.7139999866485596
YMR100W,YFL060C,0,-1.26685,0.07881836593151093,0.6110000014305115,0.7141000032424927
YKL186C,YBR073W,0,-1.2668998,0.07880820333957672,0.6110000014305115,0.7142000198364258
YDR126W,YLR193C,0,-1.2670952,0.07879804074764252,0.6110000014305115,0.7142999768257141
YGR120C,YDR263C,0,-1.2671895,0.07878787815570831,0.6110000014305115,0.7143999934196472
YDL147W,YBR143C,0,-1.2673132,0.0787777230143547,0.6110000014305115,0.7145000100135803
YDR499W,YER012W,0,-1.2673476,0.0787675678730011,0.6110000014305115,0.7146000266075134
YDR377W,YDL056W,0,-1.2673621,0.07875741273164749,0.6110000014305115,0.7146999835968018
YGL194C,YGL098W,0,-1.2676524,0.07874725759029388,0.6110000014305115,0.7148000001907349
YGR280C,YOL020W,0,-1.2679971,0.07873710989952087,0.6110000014305115,0.714900016784668
YLR158C,YCR002C,0,-1.2681338,0.07872696965932846,0.6110000014305115,0.7149999737739563
YDR421W,YDR052C,0,-1.2682071,0.07871682196855545,0.6110000014305115,0.7150999903678894
YIL153W,YDL047W,1,-1.2682095,0.07883550226688385,0.6119999885559082,0.7150999903678894
YDR310C,YMR236W,1,-1.2682632,0.07895414531230927,0.6129999756813049,0.7150999903678894
YOR031W,YNL310C,0,-1.2684195,0.07894398272037506,0.6129999756813049,0.7152000069618225
YNL138W,YNL283C,0,-1.2684354,0.07893381267786026,0.6129999756813049,0.7153000235557556
YJR017C,YPL139C,0,-1.2684522,0.07892365008592606,0.6129999756813049,0.715399980545044
YAR018C,YDR318W,0,-1.2685132,0.07891349494457245,0.6129999756813049,0.715499997138977
YGR120C,YNL117W,0,-1.2685783,0.07890333235263824,0.6129999756813049,0.7156000137329102
YEL030W,YNL029C,0,-1.2686927,0.07889317721128464,0.6129999756813049,0.7156999707221985
YDR106W,YMR048W,1,-1.2686982,0.0790117084980011,0.6140000224113464,0.7156999707221985
YNL116W,YIR025W,1,-1.2688828,0.07913020998239517,0.6150000095367432,0.7156999707221985
YKR054C,YDR201W,1,-1.2689148,0.07924868166446686,0.6159999966621399,0.7156999707221985
YBR155W,YHR143W-A,0,-1.269027,0.07923848927021027,0.6159999966621399,0.7157999873161316
YDL046W,YAL032C,0,-1.269203,0.07922829687595367,0.6159999966621399,0.7159000039100647
YBR211C,YPR042C,0,-1.2692053,0.07921810448169708,0.6159999966621399,0.7160000205039978
YER155C,YMR061W,0,-1.2692077,0.07920791953802109,0.6159999966621399,0.7160999774932861
YNR052C,YLR009W,0,-1.2692755,0.07919773459434509,0.6159999966621399,0.7161999940872192
YLR291C,YDR181C,0,-1.2693857,0.0791875571012497,0.6159999966621399,0.7163000106811523
YDR478W,YIR026C,0,-1.2695056,0.0791773796081543,0.6159999966621399,0.7164000272750854
YBR193C,YNL329C,0,-1.2696013,0.0791672021150589,0.6159999966621399,0.7164999842643738
YMR078C,YAL047C,1,-1.2699337,0.07928553223609924,0.6169999837875366,0.7164999842643738
YDR201W,YMR236W,1,-1.2701757,0.0794038325548172,0.6179999709129333,0.7164999842643738
YHR079C,YAL023C,0,-1.2703176,0.07939362525939941,0.6179999709129333,0.7166000008583069
YBR188C,YLR148W,0,-1.2703557,0.07938343286514282,0.6179999709129333,0.71670001745224
YPR019W,YNL106C,0,-1.2705798,0.07937323302030563,0.6179999709129333,0.7167999744415283
YHR160C,YIL138C,0,-1.2707475,0.07936304062604904,0.6179999709129333,0.7168999910354614
YOL078W,YPR111W,0,-1.2709312,0.07935284823179245,0.6179999709129333,0.7170000076293945
YPR134W,YJL001W,0,-1.2709544,0.07934266328811646,0.6179999709129333,0.7171000242233276
YDR420W,YIL070C,0,-1.2712642,0.07933247834444046,0.6179999709129333,0.717199981212616
YLR192C,YOR294W,0,-1.2717204,0.07932229340076447,0.6179999709129333,0.7172999978065491
YGR120C,YJL036W,0,-1.2719313,0.07931211590766907,0.6179999709129333,0.7174000144004822
YML036W,YKL025C,0,-1.2719631,0.07930193841457367,0.6179999709129333,0.7174999713897705
YGR147C,YKL025C,0,-1.2723031,0.07929176092147827,0.6179999709129333,0.7175999879837036
YOL071W,YKR029C,0,-1.2723448,0.07928159087896347,0.6179999709129333,0.7177000045776367
YLR304C,YNL142W,0,-1.2724675,0.07927142083644867,0.6179999709129333,0.7178000211715698
YPR042C,YJL093C,0,-1.2724898,0.07926125079393387,0.6179999709129333,0.7178999781608582
YIL098C,YKL064W,0,-1.2727468,0.07925108820199966,0.6179999709129333,0.7179999947547913
YDR397C,YJL029C,0,-1.2728014,0.07924092561006546,0.6179999709129333,0.7181000113487244
YGR077C,YBL061C,0,-1.272837,0.07923077046871185,0.6179999709129333,0.7182000279426575
YDL132W,YHR158C,1,-1.2728958,0.07934880256652832,0.6190000176429749,0.7182000279426575
YGR044C,YER008C,0,-1.2729851,0.07933863252401352,0.6190000176429749,0.7182999849319458
YPL086C,YOR274W,0,-1.273021,0.07932846248149872,0.6190000176429749,0.7184000015258789
YPR046W,YMR293C,0,-1.2730491,0.07931829988956451,0.6190000176429749,0.718500018119812
YCL029C,YKR083C,1,-1.2734404,0.07943625748157501,0.6200000047683716,0.718500018119812
YER174C,YOL031C,0,-1.2738316,0.07942607998847961,0.6200000047683716,0.7185999751091003
YJL060W,YDL135C,0,-1.2738798,0.07941590994596481,0.6200000047683716,0.7186999917030334
YNL243W,YNL025C,0,-1.2739093,0.07940573990345001,0.6200000047683716,0.7188000082969666
YDR085C,YFR008W,0,-1.2745485,0.07939556986093521,0.6200000047683716,0.7189000248908997
YER030W,YGR077C,0,-1.2745624,0.07938539981842041,0.6200000047683716,0.718999981880188
YER133W,YAL047C,1,-1.2746813,0.07950326800346375,0.6209999918937683,0.718999981880188
YOL078W,YOL031C,0,-1.2749541,0.07949309051036835,0.6209999918937683,0.7190999984741211
YPL007C,YNL283C,0,-1.2749641,0.07948291301727295,0.6209999918937683,0.7192000150680542
YOL102C,YJL129C,0,-1.2750747,0.07947274297475815,0.6209999918937683,0.7192999720573425
YOR043W,YOR229W,0,-1.2752588,0.07946257293224335,0.6209999918937683,0.7193999886512756
YPR175W,YER008C,0,-1.2754983,0.07945240288972855,0.6209999918937683,0.7195000052452087
YMR078C,YPR135W,1,-1.2756833,0.07957016676664352,0.621999979019165,0.7195000052452087
YPR093C,YJR017C,0,-1.2757576,0.07955998927354813,0.621999979019165,0.7196000218391418
YBR211C,YPL116W,0,-1.275876,0.07954981178045273,0.621999979019165,0.7196999788284302
YDL126C,YOR160W,0,-1.2759757,0.07953964173793793,0.621999979019165,0.7197999954223633
YML077W,YOL020W,0,-1.2761159,0.07952947169542313,0.621999979019165,0.7199000120162964
YAL035W,YOR353C,0,-1.2767354,0.07951930165290833,0.621999979019165,0.7200000286102295
YNL206C,YJL035C,0,-1.2769656,0.07950913906097412,0.621999979019165,0.7200999855995178
YER068W,YMR267W,0,-1.277028,0.07949897646903992,0.621999979019165,0.7202000021934509
YNL229C,YMR293C,0,-1.2782264,0.07948882132768631,0.621999979019165,0.720300018787384
YGR178C,YDL236W,0,-1.2784636,0.0794786587357521,0.621999979019165,0.7203999757766724
YOR011W,YJR064W,0,-1.2785212,0.0794685035943985,0.621999979019165,0.7204999923706055
YJR131W,YOL031C,0,-1.2786564,0.07945835590362549,0.621999979019165,0.7206000089645386
YBR211C,YOR266W,0,-1.278969,0.07944820821285248,0.621999979019165,0.7207000255584717
YLR095C,YDR227W,0,-1.2791082,0.07943806052207947,0.621999979019165,0.72079998254776
YML036W,YLL043W,0,-1.2791414,0.07942791283130646,0.621999979019165,0.7208999991416931
YKL093W,YJL001W,0,-1.27965,0.07941777259111404,0.621999979019165,0.7210000157356262
YKR083C,YMR236W,1,-1.2797282,0.07953529804944992,0.6230000257492065,0.7210000157356262
YGL065C,YJL063C,0,-1.2798322,0.07952515035867691,0.6230000257492065,0.7210999727249146
YNL219C,YJL085W,0,-1.2798607,0.0795149952173233,0.6230000257492065,0.7211999893188477
YKR031C,YOR129C,0,-1.2800382,0.07950484752655029,0.6230000257492065,0.7213000059127808
YBR211C,YLR055C,0,-1.2804229,0.07949470728635788,0.6230000257492065,0.7214000225067139
YPL040C,YGL068W,0,-1.2804744,0.07948455959558487,0.6230000257492065,0.7214999794960022
YDL132W,YFL034C-B,1,-1.2805665,0.07960198819637299,0.6240000128746033,0.7214999794960022
YKL125W,YML097C,0,-1.2806133,0.07959183305501938,0.6240000128746033,0.7215999960899353
YML077W,YDL095W,0,-1.2813241,0.07958168536424637,0.6240000128746033,0.7217000126838684
YLR192C,YDR322C-A,0,-1.2814208,0.07957153767347336,0.6240000128746033,0.7218000292778015
YJR050W,YNL231C,0,-1.281588,0.07956138998270035,0.6240000128746033,0.7218999862670898
YFR046C,YDR314C,0,-1.2819386,0.07955124974250793,0.6240000128746033,0.722000002861023
YDL175C,YGL247W,0,-1.2820762,0.07954110950231552,0.6240000128746033,0.722100019454956
YMR048W,YGL216W,1,-1.2821003,0.07965842634439468,0.625,0.722100019454956
YMR081C,YGR197C,0,-1.2821033,0.07964827120304108,0.625,0.7221999764442444
YJR112W,YKR055W,0,-1.2821174,0.07963812351226807,0.625,0.7222999930381775
YFL029C,YKR028W,1,-1.2823228,0.07975538074970245,0.6259999871253967,0.7222999930381775
YMR033W,YBR256C,0,-1.2827713,0.07974522560834885,0.6259999871253967,0.7224000096321106
YMR277W,YOR294W,0,-1.2830058,0.07973506301641464,0.6259999871253967,0.7225000262260437
YPR178W,YLR033W,0,-1.2830272,0.07972490787506104,0.6259999871253967,0.722599983215332
YNL218W,YER169W,0,-1.283052,0.07971476018428802,0.6259999871253967,0.7226999998092651
YOR098C,YNL248C,0,-1.2831417,0.07970461249351501,0.6259999871253967,0.7228000164031982
YGL058W,YDR330W,0,-1.2833251,0.079694464802742,0.6259999871253967,0.7228999733924866
YJL001W,YKL122C,0,-1.283351,0.079684317111969,0.6259999871253967,0.7229999899864197
YGL180W,YPR171W,0,-1.2837799,0.07967417687177658,0.6259999871253967,0.7231000065803528
YHR079C,YCR018C,0,-1.2842991,0.07966403663158417,0.6259999871253967,0.7232000231742859
YHR007C,YLR264W,0,-1.2843968,0.07965389639139175,0.6259999871253967,0.7232999801635742
YDR240C,YNL222W,0,-1.2846324,0.07964376360177994,0.6259999871253967,0.7233999967575073
YOR144C,YPL125W,0,-1.2846849,0.07963363081216812,0.6259999871253967,0.7235000133514404
YDR052C,YKL122C,0,-1.2848212,0.0796235054731369,0.6259999871253967,0.7235999703407288
YNL287W,YGR063C,0,-1.2849216,0.07961338013410568,0.6259999871253967,0.7236999869346619
YPL125W,YER169W,0,-1.2850518,0.07960325479507446,0.6259999871253967,0.723800003528595
YDR179C,YMR032W,0,-1.2852095,0.07959313690662384,0.6259999871253967,0.7239000201225281
YGL187C,YGL001C,0,-1.2852292,0.07958301901817322,0.6259999871253967,0.7239999771118164
YML059C,YHL027W,0,-1.2852376,0.0795729011297226,0.6259999871253967,0.7240999937057495
YNL031C,YDR318W,0,-1.2854277,0.07956278324127197,0.6259999871253967,0.7242000102996826
YJR019C,YDR400W,0,-1.2854352,0.07955267280340195,0.6259999871253967,0.7243000268936157
YLR448W,YLR268W,0,-1.2856913,0.07954256981611252,0.6259999871253967,0.724399983882904
YOL016C,YHR079C,0,-1.28591,0.07953245937824249,0.6259999871253967,0.7245000004768372
YKL042W,YJL143W,0,-1.2859612,0.07952235639095306,0.6259999871253967,0.7246000170707703
YGL254W,YGL150C,0,-1.2862206,0.07951225340366364,0.6259999871253967,0.7246999740600586
YBR026C,YCL033C,0,-1.2863255,0.0795021578669548,0.6259999871253967,0.7247999906539917
YPL128C,YOR045W,0,-1.286634,0.07949206233024597,0.6259999871253967,0.7249000072479248
YPR122W,YNL287W,0,-1.2867179,0.07948197424411774,0.6259999871253967,0.7250000238418579
YHR034C,YDR240C,0,-1.2868397,0.0794718787074089,0.6259999871253967,0.7250999808311462
YBR193C,YLR305C,0,-1.2869837,0.07946179062128067,0.6259999871253967,0.7251999974250793
YDL002C,YNL025C,0,-1.2871057,0.07945170998573303,0.6259999871253967,0.7253000140190125
YDR397C,YBR168W,0,-1.287326,0.0794416218996048,0.6259999871253967,0.7253999710083008
YER030W,YJL125C,0,-1.287488,0.07943154126405716,0.6259999871253967,0.7254999876022339
YEL029C,YDR181C,0,-1.2876102,0.07942146807909012,0.6259999871253967,0.725600004196167
YAL056W,YGR163W,0,-1.287834,0.07941139489412308,0.6259999871253967,0.7257000207901001
YHR081W,YOR129C,0,-1.2878927,0.07940132170915604,0.6259999871253967,0.7257999777793884
YDL095W,YOL055C,0,-1.2879839,0.079391248524189,0.6259999871253967,0.7258999943733215
YMR288W,YLR417W,0,-1.2880781,0.07938118278980255,0.6259999871253967,0.7260000109672546
YML077W,YKL042W,0,-1.288087,0.07937111705541611,0.6259999871253967,0.7261000275611877
YPR128C,YOR319W,0,-1.2882051,0.07936105132102966,0.6259999871253967,0.7261999845504761
YKL045W,YKL079W,0,-1.2883382,0.07935099303722382,0.6259999871253967,0.7263000011444092
YDR499W,YPR055W,0,-1.2884359,0.07934093475341797,0.6259999871253967,0.7264000177383423
YGR204W,YHR186C,0,-1.2884791,0.07933088392019272,0.6259999871253967,0.7264999747276306
YPL050C,YLR396C,0,-1.2886238,0.07932083308696747,0.6259999871253967,0.7265999913215637
YFL029C,YIL153W,1,-1.2889445,0.07943747937679291,0.6269999742507935,0.7265999913215637
YIL070C,YFL017W-A,0,-1.2890399,0.07942741364240646,0.6269999742507935,0.7267000079154968
YDR251W,YDR228C,0,-1.2892044,0.07941735535860062,0.6269999742507935,0.7268000245094299
YBR164C,YLR396C,0,-1.289303,0.07940729707479477,0.6269999742507935,0.7268999814987183
YBR205W,YDL043C,0,-1.2894752,0.07939723879098892,0.6269999742507935,0.7269999980926514
YNL231C,YPR074C,0,-1.289682,0.07938718795776367,0.6269999742507935,0.7271000146865845
YLR107W,YGR141W,0,-1.2899103,0.07937713712453842,0.6269999742507935,0.7271999716758728
YNL116W,YFR027W,1,-1.2899234,0.07949367165565491,0.628000020980835,0.7271999716758728
YPR082C,YPL087W,0,-1.2900354,0.07948361337184906,0.628000020980835,0.7272999882698059
YJL186W,YDR418W,0,-1.2900448,0.07947354763746262,0.628000020980835,0.727400004863739
YER177W,YBR215W,1,-1.2902817,0.07959003001451492,0.6290000081062317,0.727400004863739
YKL045W,YFL045C,0,-1.29038,0.07957995682954788,0.6290000081062317,0.7275000214576721
YOR047C,YHR196W,0,-1.2904413,0.07956989109516144,0.6290000081062317,0.7275999784469604
YPL069C,YML047C,0,-1.290537,0.079559825360775,0.6290000081062317,0.7276999950408936
YNL116W,YDR201W,1,-1.290596,0.07967623323202133,0.6299999952316284,0.7276999950408936
YPR199C,YDR439W,0,-1.2906556,0.07966616004705429,0.6299999952316284,0.7278000116348267
YHR067W,YKL144C,0,-1.2907373,0.07965608686208725,0.6299999952316284,0.7279000282287598
YEL029C,YOL146W,0,-1.2909532,0.0796460211277008,0.6299999952316284,0.7279999852180481
YLR002C,YDL236W,0,-1.2910172,0.07963594794273376,0.6299999952316284,0.7281000018119812
YIR004W,YPR046W,0,-1.2910569,0.07962588220834732,0.6299999952316284,0.7282000184059143
YOL147C,YIL023C,0,-1.2913404,0.07961582392454147,0.6299999952316284,0.7282999753952026
YGL240W,YKR037C,1,-1.291353,0.07973212003707886,0.6309999823570251,0.7282999753952026
YKL021C,YNL231C,0,-1.2914784,0.07972204685211182,0.6309999823570251,0.7283999919891357
YAL020C,YJR144W,0,-1.2919714,0.07971197366714478,0.6309999823570251,0.7285000085830688
YKR063C,YDR156W,0,-1.2921104,0.07970190793275833,0.6309999823570251,0.728600025177002
YNR016C,YER087C-B,0,-1.2921407,0.07969184219837189,0.6309999823570251,0.7286999821662903
YHR073W,YER095W,0,-1.2921623,0.07968177646398544,0.6309999823570251,0.7287999987602234
YKL045W,YPR178W,0,-1.2922348,0.0796717181801796,0.6309999823570251,0.7289000153541565
YMR036C,YGL096W,1,-1.2927766,0.07978790253400803,0.6320000290870667,0.7289000153541565
YNL138W,YER072W,0,-1.2932856,0.07977783679962158,0.6320000290870667,0.7289999723434448
YDR435C,YJL143W,0,-1.2933363,0.07976776361465454,0.6320000290870667,0.7290999889373779
YNL161W,YJL074C,1,-1.2933383,0.07988389581441879,0.6330000162124634,0.7290999889373779
YCR065W,YIL031W,1,-1.2934108,0.07999999821186066,0.6340000033378601,0.7290999889373779
YGR092W,YDR318W,0,-1.29346,0.07998991012573242,0.6340000033378601,0.729200005531311
YOL128C,YDR341C,0,-1.2936641,0.07997981458902359,0.6340000033378601,0.7293000221252441
YGR140W,YIL031W,1,-1.2936938,0.08009586483240128,0.6349999904632568,0.7293000221252441
YGL254W,YDR420W,0,-1.2938039,0.08008576184511185,0.6349999904632568,0.7293999791145325
YGL130W,YLR417W,0,-1.2938775,0.08007565885782242,0.6349999904632568,0.7294999957084656
YGR163W,YCL061C,0,-1.2938809,0.08006556332111359,0.6349999904632568,0.7296000123023987
YBR211C,YLR035C,0,-1.2939155,0.08005546778440475,0.6349999904632568,0.7297000288963318
YFR027W,YJL074C,1,-1.2939868,0.08017143607139587,0.6359999775886536,0.7297000288963318
YDL135C,YOR179C,0,-1.294096,0.08016133308410645,0.6359999775886536,0.7297999858856201
YMR100W,YNL222W,0,-1.2941902,0.08015123009681702,0.6359999775886536,0.7299000024795532
YNL312W,YJL140W,0,-1.294219,0.08014112710952759,0.6359999775886536,0.7300000190734863
YJL029C,YJL139C,0,-1.2943972,0.08013103157281876,0.6359999775886536,0.7300999760627747
YNR033W,YER155C,0,-1.2945421,0.08012093603610992,0.6359999775886536,0.7301999926567078
YBR041W,YER162C,0,-1.2946534,0.08011084794998169,0.6359999775886536,0.7303000092506409
YDR168W,YGR006W,0,-1.294782,0.08010075241327286,0.6359999775886536,0.730400025844574
YBR260C,YOL128C,0,-1.2950623,0.08009067177772522,0.6359999775886536,0.7304999828338623
YBR164C,YPL007C,0,-1.2954016,0.08008058369159698,0.6359999775886536,0.7305999994277954
YDL175C,YNR019W,0,-1.2954447,0.08007050305604935,0.6359999775886536,0.7307000160217285
YGL021W,YDL064W,1,-1.2956833,0.08018630743026733,0.6370000243186951,0.7307000160217285
YML059C,YLR448W,0,-1.2957728,0.0801762118935585,0.6370000243186951,0.7307999730110168
YOL078W,YNL288W,0,-1.2958262,0.08016612380743027,0.6370000243186951,0.73089998960495
YLR113W,YGL150C,0,-1.2961125,0.08015603572130203,0.6370000243186951,0.7310000061988831
YAR031W,YDL147W,0,-1.2961465,0.0801459476351738,0.6370000243186951,0.7311000227928162
YCL029C,YFR027W,1,-1.2961941,0.08026167005300522,0.6380000114440918,0.7311000227928162
YLR109W,YPL048W,0,-1.2963713,0.08025157451629639,0.6380000114440918,0.7311999797821045
YOR226C,YHR160C,0,-1.2966099,0.08024147897958755,0.6380000114440918,0.7312999963760376
YIL124W,YDL145C,0,-1.2966311,0.08023139089345932,0.6380000114440918,0.7314000129699707
YPR019W,YDR177W,0,-1.2966566,0.08022130280733109,0.6380000114440918,0.7315000295639038
YNL068C,YCR065W,1,-1.2967145,0.08033693581819534,0.6389999985694885,0.7315000295639038
YER168C,YNL291C,0,-1.2969682,0.08032684028148651,0.6389999985694885,0.7315999865531921
YGL254W,YDR181C,0,-1.2970271,0.08031674474477768,0.6389999985694885,0.7317000031471252
YGL078C,YAL023C,0,-1.2971103,0.08030664920806885,0.6389999985694885,0.7318000197410583
YPL228W,YER178W,0,-1.2973329,0.08029655367136002,0.6389999985694885,0.7318999767303467
YJL062W,YER008C,0,-1.2973838,0.08028646558523178,0.6389999985694885,0.7319999933242798
YCR057C,YER169W,0,-1.2976128,0.08027638494968414,0.6389999985694885,0.7321000099182129
YIL040W,YBR168W,0,-1.2977108,0.08026629686355591,0.6389999985694885,0.732200026512146
YOR078W,YOL147C,0,-1.2978244,0.08025621622800827,0.6389999985694885,0.7322999835014343
YHR079C,YCR067C,0,-1.2980677,0.08024613559246063,0.6389999985694885,0.7324000000953674
YMR182C,YML097C,0,-1.2983615,0.08023606240749359,0.6389999985694885,0.7325000166893005
YJL122W,YOR047C,0,-1.2984955,0.08022598922252655,0.6389999985694885,0.7325999736785889
YJL094C,YKL053C-A,0,-1.2985795,0.08021591603755951,0.6389999985694885,0.732699990272522
YLR219W,YOR049C,0,-1.2985843,0.08020585030317307,0.6389999985694885,0.7328000068664551
YOR127W,YFL002C,0,-1.2988839,0.08019578456878662,0.6389999985694885,0.7329000234603882
YOR144C,YBR129C,0,-1.2988971,0.08018571883440018,0.6389999985694885,0.7329999804496765
YDR191W,YOR174W,0,-1.2989047,0.08017566055059433,0.6389999985694885,0.7330999970436096
YHL038C,YJR144W,0,-1.2990367,0.08016560226678848,0.6389999985694885,0.7332000136375427
YAL047C,YMR236W,1,-1.2991095,0.08028098195791245,0.6399999856948853,0.7332000136375427
YDR168W,YBL045C,0,-1.299176,0.080270916223526,0.6399999856948853,0.733299970626831
YDL046W,YPL106C,0,-1.2995243,0.08026085048913956,0.6399999856948853,0.7333999872207642
YJL095W,YKL220C,0,-1.299612,0.08025078475475311,0.6399999856948853,0.7335000038146973
YNL288W,YPR055W,0,-1.2996484,0.08024071902036667,0.6399999856948853,0.7336000204086304
YPR023C,YML058W,0,-1.2998031,0.08023066073656082,0.6399999856948853,0.7336999773979187
YNL218W,YNL236W,0,-1.2998319,0.08022060990333557,0.6399999856948853,0.7337999939918518
YDR318W,YJL093C,0,-1.3000637,0.08021055161952972,0.6399999856948853,0.7339000105857849
YBR077C,YGR185C,0,-1.3001218,0.08020050078630447,0.6399999856948853,0.734000027179718
YGR227W,YCR066W,0,-1.3001366,0.08019044995307922,0.6399999856948853,0.7340999841690063
YJL085W,YMR267W,0,-1.3001587,0.08018040657043457,0.6399999856948853,0.7342000007629395
YGR284C,YGR163W,0,-1.3001671,0.08017036318778992,0.6399999856948853,0.7343000173568726
YPL254W,YJL168C,0,-1.3003234,0.08016031980514526,0.6399999856948853,0.7343999743461609
YMR119W,YKL152C,0,-1.300672,0.08015028387308121,0.6399999856948853,0.734499990940094
YJL186W,YKR081C,0,-1.3008832,0.08014024794101715,0.6399999856948853,0.7346000075340271
YHR073W,YDL052C,0,-1.3008924,0.0801302120089531,0.6399999856948853,0.7347000241279602
YDR179C,YMR113W,0,-1.3010063,0.08012018352746964,0.6399999856948853,0.7347999811172485
YLR066W,YNL283C,0,-1.3010758,0.08011015504598618,0.6399999856948853,0.7348999977111816
YBR110W,YPR019W,0,-1.3015769,0.08010012656450272,0.6399999856948853,0.7350000143051147
YER068W,YJL093C,0,-1.3015773,0.08009009808301926,0.6399999856948853,0.7350999712944031
YIL085C,YIL022W,0,-1.3016694,0.0800800770521164,0.6399999856948853,0.7351999878883362
YCR002C,YOR168W,0,-1.3016942,0.08007006347179413,0.6399999856948853,0.7353000044822693
YNL042W,YCR089W,0,-1.3016974,0.08006004244089127,0.6399999856948853,0.7354000210762024
YGR097W,YJR007W,0,-1.3017138,0.080050028860569,0.6399999856948853,0.7354999780654907
YLL043W,YIL085C,0,-1.3017242,0.08004002273082733,0.6399999856948853,0.7355999946594238
YBR095C,YHR163W,0,-1.301896,0.08003000915050507,0.6399999856948853,0.7357000112533569
YML059C,YHR143W-A,0,-1.3020424,0.0800200030207634,0.6399999856948853,0.73580002784729
YLR192C,YKL032C,0,-1.3021343,0.08001000434160233,0.6399999856948853,0.7358999848365784
YJL019W,YJL074C,1,-1.302367,0.08012499660253525,0.640999972820282,0.7358999848365784
YPR134W,YHR034C,0,-1.302403,0.08011498302221298,0.640999972820282,0.7360000014305115
YOR002W,YNR017W,0,-1.3027823,0.08010497689247131,0.640999972820282,0.7361000180244446
YCR048W,YPL087W,0,-1.3028052,0.08009496331214905,0.640999972820282,0.7361999750137329
YFL057C,YIL066C,0,-1.3028841,0.08008495718240738,0.640999972820282,0.736299991607666
YDR258C,YPL106C,0,-1.3029718,0.08007495105266571,0.640999972820282,0.7364000082015991
YCL054W,YOR047C,0,-1.3032748,0.08006495237350464,0.640999972820282,0.7365000247955322
YDR456W,YGL062W,0,-1.3033397,0.08005495369434357,0.640999972820282,0.7365999817848206
YOR099W,YDR183W,0,-1.3033524,0.0800449550151825,0.640999972820282,0.7366999983787537
YDR480W,YOR043W,0,-1.3034761,0.08003496378660202,0.640999972820282,0.7368000149726868
YER143W,YJR144W,0,-1.3034863,0.08002496510744095,0.640999972820282,0.7368999719619751
YPL248C,YKL032C,0,-1.3038491,0.08001498132944107,0.640999972820282,0.7369999885559082
YFR027W,YIR025W,1,-1.3038951,0.08012980222702026,0.6420000195503235,0.7369999885559082
YFL029C,YDR113C,1,-1.3039591,0.08024460077285767,0.6430000066757202,0.7369999885559082
YGR241C,YDR341C,0,-1.3039935,0.0802345871925354,0.6430000066757202,0.7371000051498413
YOR181W,YOR229W,0,-1.3040217,0.08022458106279373,0.6430000066757202,0.7372000217437744
YNL328C,YNL128W,0,-1.3041662,0.08021456748247147,0.6430000066757202,0.7372999787330627
YJL098W,YHL007C,1,-1.3043897,0.0803292989730835,0.6439999938011169,0.7372999787330627
YOR319W,YIL061C,0,-1.3044622,0.08031927794218063,0.6439999938011169,0.7373999953269958
YCR048W,YPL028W,0,-1.3045603,0.08030926436185837,0.6439999938011169,0.737500011920929
YBL040C,YML059C,0,-1.3047543,0.0802992507815361,0.6439999938011169,0.7376000285148621
YJL085W,YKR055W,0,-1.3048077,0.08028923720121384,0.6439999938011169,0.7376999855041504
YBR211C,YKL093W,0,-1.3048881,0.08027923107147217,0.6439999938011169,0.7378000020980835
YGL068W,YFL017W-A,0,-1.305225,0.0802692249417305,0.6439999938011169,0.7379000186920166
YCL029C,YMR048W,1,-1.305799,0.08038385212421417,0.6449999809265137,0.7379000186920166
YOR174W,YJL035C,0,-1.3059617,0.08037383109331131,0.6449999809265137,0.7379999756813049
YOR002W,YIL103W,0,-1.3059825,0.08036381751298904,0.6449999809265137,0.738099992275238
YPL217C,YNL139C,0,-1.3063755,0.08035380393266678,0.6449999809265137,0.7382000088691711
YFL029C,YKR037C,1,-1.3064603,0.08046836405992508,0.6460000276565552,0.7382000088691711
YNL031C,YLR069C,0,-1.3064706,0.08045833557844162,0.6460000276565552,0.7383000254631042
YJL099W,YDR480W,0,-1.3067024,0.08044832199811935,0.6460000276565552,0.7383999824523926
YMR097C,YIL039W,0,-1.3067906,0.08043830096721649,0.6460000276565552,0.7384999990463257
YFR027W,YHR158C,1,-1.3070165,0.08055278658866882,0.6470000147819519,0.7384999990463257
YMR036C,YJL074C,1,-1.3071519,0.08066724985837936,0.6480000019073486,0.7384999990463257
YDL236W,YJL001W,0,-1.3072112,0.08065720647573471,0.6480000019073486,0.7386000156402588
YIR004W,YPL040C,0,-1.3072119,0.08064717054367065,0.6480000019073486,0.7386999726295471
YEL030W,YJL085W,0,-1.307579,0.0806371346116066,0.6480000019073486,0.7387999892234802
YOR274W,YCR066W,0,-1.3076588,0.08062709867954254,0.6480000019073486,0.7389000058174133
YJL074C,YDR310C,1,-1.30801,0.08074147999286652,0.6489999890327454,0.7389000058174133
YPR105C,YOL147C,0,-1.3080566,0.08073143661022186,0.6489999890327454,0.7390000224113464
YJR043C,YPL157W,0,-1.3080755,0.08072139322757721,0.6489999890327454,0.7390999794006348
YDR252W,YDR314C,0,-1.3083103,0.08071135729551315,0.6489999890327454,0.7391999959945679
YMR311C,YHL025W,0,-1.3083563,0.0807013213634491,0.6489999890327454,0.739300012588501
YEL019C,YHL022C,0,-1.3087225,0.08069128543138504,0.6489999890327454,0.7394000291824341
YLR304C,YBR077C,0,-1.3087378,0.08068124949932098,0.6489999890327454,0.7394999861717224
YOR099W,YHR205W,0,-1.309011,0.08067122101783752,0.6489999890327454,0.7396000027656555
YLL001W,YDR281C,0,-1.3090863,0.08066119998693466,0.6489999890327454,0.7397000193595886
YNL037C,YAL002W,0,-1.3091234,0.0806511715054512,0.6489999890327454,0.739799976348877
YIL066C,YDR088C,0,-1.309487,0.08064115047454834,0.6489999890327454,0.7398999929428101
YNL161W,YOR326W,1,-1.3097456,0.08075537532567978,0.6499999761581421,0.7398999929428101
YNL037C,YNL310C,0,-1.3098019,0.08074533939361572,0.6499999761581421,0.7400000095367432
YDL207W,YML019W,0,-1.3099378,0.08073531091213226,0.6499999761581421,0.7401000261306763
YMR150C,YDR176W,0,-1.3100308,0.0807252824306488,0.6499999761581421,0.7401999831199646
YAR015W,YML036W,0,-1.3103485,0.08071526139974594,0.6499999761581421,0.7402999997138977
YNL329C,YFR005C,0,-1.3104432,0.08070524036884308,0.6499999761581421,0.7404000163078308
YPL069C,YER178W,0,-1.310662,0.08069521933794022,0.6499999761581421,0.7404999732971191
YDR251W,YML001W,0,-1.3107076,0.08068520575761795,0.6499999761581421,0.7405999898910522
YDL056W,YIL051C,0,-1.3107173,0.08067519217729568,0.6499999761581421,0.7407000064849854
YMR288W,YOR179C,0,-1.3107247,0.08066517859697342,0.6499999761581421,0.7408000230789185
YPR019W,YGR141W,0,-1.3109767,0.08065516501665115,0.6499999761581421,0.7408999800682068
YIL098C,YML029W,0,-1.3110557,0.08064515888690948,0.6499999761581421,0.7409999966621399
YNL291C,YDR181C,0,-1.3115216,0.08063516020774841,0.6499999761581421,0.741100013256073
YDR258C,YER068W,0,-1.3115437,0.08062515407800674,0.6499999761581421,0.7411999702453613
YGR141W,YML001W,0,-1.311753,0.08061515539884567,0.6499999761581421,0.7412999868392944
YLR372W,YIL138C,0,-1.3118315,0.0806051567196846,0.6499999761581421,0.7414000034332275
YGR227W,YKL079W,0,-1.3120406,0.08059516549110413,0.6499999761581421,0.7415000200271606
YER166W,YLR055C,0,-1.3121243,0.08058517426252365,0.6499999761581421,0.741599977016449
YLR131C,YDR113C,1,-1.3122194,0.0806991457939148,0.6510000228881836,0.741599977016449
YOR249C,YOL133W,1,-1.3122537,0.08081308752298355,0.6520000100135803,0.741599977016449
YBR213W,YBR080C,0,-1.3125008,0.08080307394266129,0.6520000100135803,0.7416999936103821
YER095W,YKL051W,0,-1.3126419,0.08079306036233902,0.6520000100135803,0.7418000102043152
YDR235W,YDR330W,0,-1.3126491,0.08078304678201675,0.6520000100135803,0.7419000267982483
YLR144C,YDL046W,0,-1.312761,0.08077304065227509,0.6520000100135803,0.7419999837875366
YBR279W,YDR240C,0,-1.3128809,0.08076303452253342,0.6520000100135803,0.7421000003814697
YGL001C,YMR150C,0,-1.3130815,0.08075303584337234,0.6520000100135803,0.7422000169754028
YDL095W,YOR347C,0,-1.3137794,0.08074303716421127,0.6520000100135803,0.7422999739646912
YPL028W,YJL062W,0,-1.3137876,0.0807330384850502,0.6520000100135803,0.7423999905586243
YMR025W,YDR052C,0,-1.3139598,0.08072303980588913,0.6520000100135803,0.7425000071525574
YJL093C,YGL098W,0,-1.3144602,0.08071304857730865,0.6520000100135803,0.7426000237464905
YNL029C,YBR080C,0,-1.3144667,0.08070305734872818,0.6520000100135803,0.7426999807357788
YPL151C,YOR243C,0,-1.3144692,0.0806930661201477,0.6520000100135803,0.7427999973297119
YMR081C,YIL084C,0,-1.314499,0.08068308234214783,0.6520000100135803,0.742900013923645
YKR083C,YFL034C-B,1,-1.3146129,0.08079683035612106,0.652999997138977,0.742900013923645
YOR174W,YOR295W,0,-1.3148775,0.08078683912754059,0.652999997138977,0.7429999709129333
YOR181W,YBR080C,0,-1.3150538,0.08077684044837952,0.652999997138977,0.7430999875068665
YOR326W,YMR236W,1,-1.3151187,0.08089053630828857,0.6539999842643738,0.7430999875068665
YKL146W,YNL084C,0,-1.3154032,0.0808805376291275,0.6539999842643738,0.7432000041007996
YDR009W,YGR141W,0,-1.3154068,0.08087053149938583,0.6539999842643738,0.7433000206947327
YHR079C,YLR305C,0,-1.3154202,0.08086053282022476,0.6539999842643738,0.743399977684021
YBR168W,YDR289C,0,-1.315572,0.08085053414106369,0.6539999842643738,0.7434999942779541
YPL125W,YER178W,0,-1.3160738,0.08084054291248322,0.6539999842643738,0.7436000108718872
YGR245C,YHL007C,1,-1.316128,0.08095414936542511,0.6549999713897705,0.7436000108718872
YPL048W,YHR205W,0,-1.3163822,0.08094414323568344,0.6549999713897705,0.7437000274658203
YLR033W,YIR026C,0,-1.3164787,0.08093413710594177,0.6549999713897705,0.7437999844551086
YJL085W,YMR139W,0,-1.317185,0.0809241384267807,0.6549999713897705,0.7439000010490417
YDR518W,YGR077C,0,-1.3171995,0.08091414719820023,0.6549999713897705,0.7440000176429749
YLR304C,YKL152C,0,-1.3174546,0.08090414851903915,0.6549999713897705,0.7440999746322632
YAL047C,YDR310C,1,-1.3177319,0.08101765811443329,0.656000018119812,0.7440999746322632
YOR388C,YLR193C,0,-1.317832,0.08100765943527222,0.656000018119812,0.7441999912261963
YKR101W,YDR227W,0,-1.3178604,0.08099765330553055,0.656000018119812,0.7443000078201294
YPR112C,YGR241C,0,-1.3178797,0.08098765462636948,0.656000018119812,0.7444000244140625
YBR065C,YNL029C,0,-1.3179559,0.0809776559472084,0.656000018119812,0.7444999814033508
YER114C,YGL206C,0,-1.3180509,0.08096766471862793,0.656000018119812,0.7445999979972839
YJR043C,YBR192W,0,-1.3181186,0.08095767349004745,0.656000018119812,0.744700014591217
YOL078W,YFR046C,0,-1.3182048,0.08094768226146698,0.656000018119812,0.7447999715805054
YDR345C,YGL255W,0,-1.3183314,0.0809376910328865,0.656000018119812,0.7448999881744385
YJR121W,YBR080C,0,-1.3190329,0.08092770725488663,0.656000018119812,0.7450000047683716
YLR095C,YLL021W,0,-1.319144,0.08091772347688675,0.656000018119812,0.7451000213623047
YER094C,YML025C,0,-1.3193113,0.08090774714946747,0.656000018119812,0.745199978351593
YDR156W,YDR165W,0,-1.3193994,0.08089777082204819,0.656000018119812,0.7452999949455261
YMR078C,YNL068C,1,-1.3196154,0.0810110941529274,0.6570000052452087,0.7452999949455261
YLR431C,YOR144C,0,-1.3196957,0.08100111037492752,0.6570000052452087,0.7454000115394592
YOL002C,YJL192C,0,-1.3197795,0.08099112659692764,0.6570000052452087,0.7455000281333923
YER178W,YHR161C,0,-1.3198893,0.08098114281892776,0.6570000052452087,0.7455999851226807
YDR385W,YLR069C,0,-1.3199087,0.08097115904092789,0.6570000052452087,0.7457000017166138
YDL207W,YHR178W,0,-1.3199337,0.0809611827135086,0.6570000052452087,0.7458000183105469
YOR011W,YKL051W,0,-1.3200394,0.08095120638608932,0.6570000052452087,0.7458999752998352
YIL085C,YLR200W,0,-1.3203849,0.08094123750925064,0.6570000052452087,0.7459999918937683
YPL125W,YKL165C,0,-1.3206737,0.08093126118183136,0.6570000052452087,0.7461000084877014
YHR164C,YGR047C,0,-1.3210278,0.08092129230499268,0.6570000052452087,0.7462000250816345
YOR151C,YDR165W,0,-1.3214085,0.08091133087873459,0.6570000052452087,0.7462999820709229
YKL120W,YHR205W,0,-1.3217134,0.0809013694524765,0.6570000052452087,0.746399998664856
YLR219W,YNL329C,0,-1.3225718,0.08089140802621841,0.6570000052452087,0.7465000152587891
YPR111W,YLR147C,0,-1.3225799,0.08088144659996033,0.6570000052452087,0.7465999722480774
YPL069C,YIL085C,0,-1.3227198,0.08087149262428284,0.6570000052452087,0.7466999888420105
YLR353W,YBR041W,0,-1.3229699,0.08086153864860535,0.6570000052452087,0.7468000054359436
YML069W,YOR043W,0,-1.3231827,0.08085158467292786,0.6570000052452087,0.7469000220298767
YPL213W,YGR197C,0,-1.323301,0.08084163814783096,0.6570000052452087,0.746999979019165
YJL060W,YDR294C,0,-1.3233258,0.08083169162273407,0.6570000052452087,0.7470999956130981
YDR224C,YOR243C,0,-1.3233355,0.08082175254821777,0.6570000052452087,0.7472000122070312
YNL139C,YJL192C,0,-1.3237702,0.08081180602312088,0.6570000052452087,0.7473000288009644
YLR191W,YKL051W,0,-1.3243332,0.08080186694860458,0.6570000052452087,0.7473999857902527
YDR272W,YHR163W,0,-1.32436,0.08079193532466888,0.6570000052452087,0.7475000023841858
YHR191C,YJL074C,1,-1.3243737,0.08090495318174362,0.6579999923706055,0.7475000023841858
YBR093C,YJL129C,0,-1.3245164,0.08089500665664673,0.6579999923706055,0.7476000189781189
YJR043C,YER169W,0,-1.3245367,0.08088506758213043,0.6579999923706055,0.7476999759674072
YBL045C,YIL118W,0,-1.3245739,0.08087512105703354,0.6579999923706055,0.7477999925613403
YMR311C,YLL040C,0,-1.3249681,0.08086518198251724,0.6579999923706055,0.7479000091552734
YGL130W,YLR381W,0,-1.325179,0.08085525035858154,0.6579999923706055,0.7480000257492065
YDL236W,YLR372W,0,-1.3254926,0.08084531128406525,0.6579999923706055,0.7480999827384949
YGR006W,YOR179C,0,-1.3255353,0.08083537966012955,0.6579999923706055,0.748199999332428
YOR250C,YBR193C,0,-1.3258182,0.08082544803619385,0.6579999923706055,0.7483000159263611
YOR193W,YDR379W,0,-1.3259976,0.08081552386283875,0.6579999923706055,0.7483999729156494
YER155C,YBR143C,0,-1.3260272,0.08080559968948364,0.6579999923706055,0.7484999895095825
YGL065C,YLR353W,0,-1.3265672,0.08079567551612854,0.6579999923706055,0.7486000061035156
YER133W,YGR245C,1,-1.3269572,0.08090852946043015,0.6589999794960022,0.7486000061035156
YDR420W,YDR392W,0,-1.3269613,0.08089859783649445,0.6589999794960022,0.7487000226974487
YLR186W,YKL006C-A,0,-1.3272154,0.08088867366313934,0.6589999794960022,0.7487999796867371
YLR304C,YKR031C,0,-1.3275114,0.08087874203920364,0.6589999794960022,0.7488999962806702
YBR211C,YMR163C,0,-1.3275539,0.08086881786584854,0.6589999794960022,0.7490000128746033
YLR431C,YOR380W,0,-1.3277106,0.08085889369249344,0.6589999794960022,0.7491000294685364
YGR092W,YJR050W,0,-1.3277488,0.08084897696971893,0.6589999794960022,0.7491999864578247
YAL007C,YLL021W,0,-1.3278954,0.08083906024694443,0.6589999794960022,0.7493000030517578
YBR041W,YHR119W,0,-1.3279363,0.08082914352416992,0.6589999794960022,0.7494000196456909
YPR105C,YKL064W,0,-1.3280287,0.08081922680139542,0.6589999794960022,0.7494999766349792
YBR279W,YNL003C,0,-1.3280884,0.08080931752920151,0.6589999794960022,0.7495999932289124
YNL068C,YAL047C,1,-1.32827,0.08092202246189117,0.6600000262260437,0.7495999932289124
YPR141C,YJL074C,1,-1.3283365,0.08103469759225845,0.6610000133514404,0.7495999932289124
YNL106C,YOR329C,0,-1.328465,0.08102475851774216,0.6610000133514404,0.7497000098228455
YDR518W,YFR005C,0,-1.328465,0.08101482689380646,0.6610000133514404,0.7498000264167786
YDR420W,YMR267W,0,-1.328468,0.08100490272045135,0.6610000133514404,0.7498999834060669
YLR192C,YPR112C,0,-1.3284783,0.08099497854709625,0.6610000133514404,0.75
YDL002C,YLL040C,0,-1.3284857,0.08098505437374115,0.6610000133514404,0.7501000165939331
YLR275W,YML058W,0,-1.3284936,0.08097513020038605,0.6610000133514404,0.7501999735832214
YPR175W,YBL023C,0,-1.3286036,0.08096521347761154,0.6610000133514404,0.7502999901771545
YDR052C,YBR065C,0,-1.3290366,0.08095529675483704,0.6610000133514404,0.7504000067710876
YCR048W,YHR034C,0,-1.329096,0.08094538003206253,0.6610000133514404,0.7505000233650208
YDL105W,YJR033C,0,-1.3295463,0.08093547075986862,0.6610000133514404,0.7505999803543091
YNL116W,YPR141C,1,-1.329682,0.08104798942804337,0.6620000004768372,0.7505999803543091
YJR057W,YPL241C,0,-1.3299098,0.08103807270526886,0.6620000004768372,0.7506999969482422
YJL001W,YJL029C,0,-1.3299592,0.08102814853191376,0.6620000004768372,0.7508000135421753
YJR121W,YLR219W,0,-1.3301033,0.08101823180913925,0.6620000004768372,0.7508999705314636
YDR480W,YPR042C,0,-1.3303955,0.08100832253694534,0.6620000004768372,0.7509999871253967
YLR342W,YCR057C,0,-1.3306446,0.08099840581417084,0.6620000004768372,0.7511000037193298
YPL154C,YGR005C,0,-1.330692,0.08098849654197693,0.6620000004768372,0.7512000203132629
YDR440W,YJL063C,0,-1.330736,0.08097859472036362,0.6620000004768372,0.7512999773025513
YNL031C,YNL003C,0,-1.330892,0.08096868544816971,0.6620000004768372,0.7513999938964844
YDL046W,YDL043C,0,-1.3310102,0.0809587836265564,0.6620000004768372,0.7515000104904175
YER155C,YDR518W,0,-1.3312016,0.08094888925552368,0.6620000004768372,0.7516000270843506
YNL075W,YNL290W,0,-1.3312066,0.08093898743391037,0.6620000004768372,0.7516999840736389
YPL217C,YGR072W,0,-1.331499,0.08092909306287766,0.6620000004768372,0.751800000667572
YKL006C-A,YKL020C,0,-1.3315306,0.08091920614242554,0.6620000004768372,0.7519000172615051
YGR185C,YLR003C,0,-1.3315327,0.08090931177139282,0.6620000004768372,0.7519999742507935
YML132W,YJL001W,0,-1.3315346,0.0808994248509407,0.6620000004768372,0.7520999908447266
YBR042C,YIL084C,0,-1.3316032,0.08088953793048859,0.6620000004768372,0.7522000074386597
YDR377W,YLR221C,0,-1.3316112,0.08087965846061707,0.6620000004768372,0.7523000240325928
YPR111W,YHR178W,0,-1.3317281,0.08086977899074554,0.6620000004768372,0.7523999810218811
YGL200C,YKL021C,0,-1.3319418,0.08085989952087402,0.6620000004768372,0.7524999976158142
YOR094W,YDR165W,0,-1.3324811,0.0808500275015831,0.6620000004768372,0.7526000142097473
YCL029C,YJR090C,1,-1.3328977,0.08096226304769516,0.6629999876022339,0.7526000142097473
YLR102C,YJR090C,1,-1.3333222,0.08107448369264603,0.6639999747276306,0.7526000142097473
YGR140W,YNL161W,1,-1.3333979,0.08118666708469391,0.6650000214576721,0.7526000142097473
YPR111W,YGR276C,0,-1.3335836,0.0811767578125,0.6650000214576721,0.7526999711990356
YPR135W,YGL086W,1,-1.3338115,0.0812889039516449,0.6660000085830688,0.7526999711990356
YLR186W,YLR200W,0,-1.3338933,0.08127898722887039,0.6660000085830688,0.7527999877929688
YPR046W,YLR417W,0,-1.3339334,0.08126906305551529,0.6660000085830688,0.7529000043869019
YNL161W,YPR141C,1,-1.3340857,0.0813811644911766,0.6669999957084656,0.7529000043869019
YNL153C,YLR191W,0,-1.334214,0.0813712328672409,0.6669999957084656,0.753000020980835
YPL125W,YNL290W,0,-1.3342812,0.0813613086938858,0.6669999957084656,0.7530999779701233
YNL106C,YPR164W,0,-1.3342867,0.0813513845205307,0.6669999957084656,0.7531999945640564
YBL023C,YPR074C,0,-1.3345447,0.0813414603471756,0.6669999957084656,0.7533000111579895
YGL086W,YIR025W,1,-1.3347707,0.08145347982645035,0.6679999828338623,0.7533000111579895
YHR191C,YIR025W,1,-1.3350043,0.08156546950340271,0.6690000295639038,0.7533000111579895
YLR268W,YKL051W,0,-1.3352987,0.08155553042888641,0.6690000295639038,0.7534000277519226
YDL056W,YCR057C,0,-1.3354301,0.08154558390378952,0.6690000295639038,0.7534999847412109
YNL029C,YBR073W,0,-1.3355479,0.08153565227985382,0.6690000295639038,0.753600001335144
YPL085W,YGL097W,0,-1.3362414,0.08152571320533752,0.6690000295639038,0.7537000179290771
YFR008W,YKL017C,0,-1.3362932,0.08151578158140182,0.6690000295639038,0.7537999749183655
YBR036C,YOR193W,0,-1.3363082,0.08150584995746613,0.6690000295639038,0.7538999915122986
YMR026C,YLR022C,0,-1.3363407,0.08149591833353043,0.6690000295639038,0.7540000081062317
YGR140W,YDR201W,1,-1.3366174,0.08160779625177383,0.6700000166893005,0.7540000081062317
YMR287C,YLR148W,0,-1.336648,0.08159785717725754,0.6700000166893005,0.7541000247001648
YOR380W,YOL031C,0,-1.3370856,0.08158791810274124,0.6700000166893005,0.7541999816894531
YBR009C,YOR085W,0,-1.3371295,0.08157798647880554,0.6700000166893005,0.7542999982833862
YBR164C,YPL106C,0,-1.3371507,0.08156805485486984,0.6700000166893005,0.7544000148773193
YPR171W,YHL025W,0,-1.3371593,0.08155812323093414,0.6700000166893005,0.7544999718666077
YMR277W,YDR400W,0,-1.3372469,0.08154819905757904,0.6700000166893005,0.7545999884605408
YOR160W,YDL236W,0,-1.3372623,0.08153827488422394,0.6700000166893005,0.7547000050544739
YMR036C,YIR025W,1,-1.3372759,0.0816500335931778,0.6710000038146973,0.7547000050544739
YLR368W,YKL045W,0,-1.3373021,0.0816401019692421,0.6710000038146973,0.754800021648407
YER169W,YDR170C,0,-1.3373815,0.0816301703453064,0.6710000038146973,0.7548999786376953
YDR392W,YOR129C,0,-1.3376782,0.0816202387213707,0.6710000038146973,0.7549999952316284
YPL040C,YGL167C,0,-1.3377259,0.0816103145480156,0.6710000038146973,0.7551000118255615
YLR324W,YGR072W,0,-1.3377916,0.08160039037466049,0.6710000038146973,0.7552000284194946
YMR119W,YJL029C,0,-1.3378667,0.08159046620130539,0.6710000038146973,0.755299985408783
YBR036C,YHR187W,0,-1.3380454,0.08158054947853088,0.6710000038146973,0.7554000020027161
YPR042C,YPL139C,0,-1.3381448,0.08157063275575638,0.6710000038146973,0.7555000185966492
YIL036W,YGR047C,0,-1.3383205,0.08156071603298187,0.6710000038146973,0.7555999755859375
YOR160W,YDR456W,0,-1.338451,0.08155079931020737,0.6710000038146973,0.7556999921798706
YML011C,YIL147C,0,-1.3389113,0.08154089003801346,0.6710000038146973,0.7558000087738037
YHR186C,YKL119C,0,-1.3390427,0.08153098076581955,0.6710000038146973,0.7559000253677368
YBR193C,YML076C,0,-1.3392017,0.08152107894420624,0.6710000038146973,0.7559999823570251
YMR119W,YNL231C,0,-1.339404,0.08151117712259293,0.6710000038146973,0.7560999989509583
YER143W,YGL098W,0,-1.3394951,0.08150127530097961,0.6710000038146973,0.7562000155448914
YOL055C,YOL128C,0,-1.33951,0.0814913809299469,0.6710000038146973,0.7562999725341797
YER166W,YNL031C,0,-1.3396842,0.08148147910833359,0.6710000038146973,0.7563999891281128
YJL058C,YMR316W,0,-1.339967,0.08147158473730087,0.6710000038146973,0.7565000057220459
YDR456W,YPR178W,0,-1.3401746,0.08146169781684875,0.6710000038146973,0.756600022315979
YCL029C,YMR078C,1,-1.3402343,0.08157319575548172,0.671999990940094,0.756600022315979
YNL116W,YML064C,1,-1.3403881,0.0816846713423729,0.6729999780654907,0.756600022315979
YML011C,YPL087W,0,-1.3408954,0.08167475461959839,0.6729999780654907,0.7566999793052673
YOR011W,YJL101C,0,-1.340956,0.08166484534740448,0.6729999780654907,0.7567999958992004
YGR163W,YPR046W,0,-1.3410788,0.08165493607521057,0.6729999780654907,0.7569000124931335
YML086C,YKL032C,0,-1.3416696,0.08164503425359726,0.6729999780654907,0.7570000290870667
YML077W,YLR221C,0,-1.3417808,0.08163512498140335,0.6729999780654907,0.757099986076355
YKR036C,YHR073W,0,-1.3418578,0.08162523061037064,0.6729999780654907,0.7572000026702881
YGR120C,YLR357W,0,-1.3419465,0.08161532878875732,0.6729999780654907,0.7573000192642212
YHR158C,YDR201W,1,-1.3422005,0.08172668516635895,0.6740000247955322,0.7573000192642212
YBR211C,YGR044C,0,-1.3423166,0.08171678334474564,0.6740000247955322,0.7573999762535095
YOL005C,YMR263W,0,-1.3425696,0.08170687407255173,0.6740000247955322,0.7574999928474426
YEL029C,YIR008C,0,-1.3425772,0.08169697225093842,0.6740000247955322,0.7576000094413757
YPR052C,YIL021W,0,-1.3426588,0.0816870704293251,0.6740000247955322,0.7577000260353088
YOR047C,YJR007W,0,-1.3427058,0.08167716860771179,0.6740000247955322,0.7577999830245972
YNL048W,YNL106C,0,-1.3429751,0.08166727423667908,0.6740000247955322,0.7578999996185303
YLR186W,YPR132W,0,-1.3430171,0.08165737986564636,0.6740000247955322,0.7580000162124634
YMR097C,YIL066C,0,-1.3434093,0.08164748549461365,0.6740000247955322,0.7580999732017517
YEL027W,YIL009W,0,-1.3442621,0.08163759857416153,0.6740000247955322,0.7581999897956848
YGL058W,YDR227W,0,-1.3445542,0.08162771165370941,0.6740000247955322,0.7583000063896179
YML036W,YGR063C,0,-1.3447088,0.0816178247332573,0.6740000247955322,0.758400022983551
YKL007W,YLR107W,0,-1.344713,0.08160794526338577,0.6740000247955322,0.7584999799728394
YOR353C,YPL106C,0,-1.3447325,0.08159806579351425,0.6740000247955322,0.7585999965667725
YLR186W,YDR449C,0,-1.3452642,0.08158818632364273,0.6740000247955322,0.7587000131607056
YMR056C,YMR119W,0,-1.3453737,0.08157830685377121,0.6740000247955322,0.7588000297546387
YHL038C,YPL053C,0,-1.3453836,0.08156843483448029,0.6740000247955322,0.758899986743927
YNL153C,YNL003C,0,-1.3456231,0.08155857026576996,0.6740000247955322,0.7590000033378601
YFL039C,YDR310C,1,-1.346199,0.08166968822479248,0.675000011920929,0.7590000033378601
YNL037C,YOR329C,0,-1.3463838,0.08165980875492096,0.675000011920929,0.7591000199317932
YOR249C,YJL074C,1,-1.3465197,0.0817708969116211,0.6759999990463257,0.7591000199317932
YKL026C,YAL002W,0,-1.3468235,0.08176100999116898,0.6759999990463257,0.7591999769210815
YLR055C,YOR129C,0,-1.3469051,0.08175111562013626,0.6759999990463257,0.7592999935150146
YNL042W,YBR095C,0,-1.3470135,0.08174123615026474,0.6759999990463257,0.7594000101089478
YKL146W,YJR043C,0,-1.3471882,0.08173134922981262,0.6759999990463257,0.7595000267028809
YKR036C,YPL007C,0,-1.347276,0.0817214697599411,0.6759999990463257,0.7595999836921692
YLR381W,YMR044W,0,-1.3476453,0.08171159029006958,0.6759999990463257,0.7597000002861023
YEL029C,YOR266W,0,-1.3477193,0.08170171827077866,0.6759999990463257,0.7598000168800354
YAL044C,YLR192C,0,-1.3477558,0.08169184625148773,0.6759999990463257,0.7598999738693237
YJR093C,YJL036W,0,-1.3477898,0.08168197423219681,0.6759999990463257,0.7599999904632568
YOR181W,YNL138W,0,-1.3478453,0.08167210221290588,0.6759999990463257,0.7601000070571899
YML036W,YDR499W,0,-1.3484764,0.08166223764419556,0.6759999990463257,0.760200023651123
YCR065W,YER089C,1,-1.3489406,0.08177316188812256,0.6769999861717224,0.760200023651123
YPL248C,YGR241C,0,-1.3490503,0.08176328241825104,0.6769999861717224,0.7602999806404114
YGR120C,YIL110W,0,-1.3496,0.08175341039896011,0.6769999861717224,0.7603999972343445
YBR129C,YDR126W,0,-1.3496318,0.08174353837966919,0.6769999861717224,0.7605000138282776
YCL034W,YNL317W,0,-1.3497369,0.08173367381095886,0.6769999861717224,0.7605999708175659
YJL095W,YPL069C,0,-1.3498952,0.08172380179166794,0.6769999861717224,0.760699987411499
YKL017C,YDR318W,0,-1.3506516,0.08171393722295761,0.6769999861717224,0.7608000040054321
YDR432W,YNL138W,0,-1.3507409,0.08170408010482788,0.6769999861717224,0.7609000205993652
YBR192W,YJL168C,0,-1.350878,0.08169422298669815,0.6769999861717224,0.7609999775886536
YOL078W,YLL001W,0,-1.3510528,0.08168436586856842,0.6769999861717224,0.7610999941825867
YJL019W,YML027W,1,-1.3512075,0.08179514855146408,0.6779999732971191,0.7610999941825867
YNL075W,YGL144C,0,-1.3515923,0.08178528398275375,0.6779999732971191,0.7612000107765198
YOR026W,YPR141C,1,-1.3516557,0.08189602941274643,0.6790000200271606,0.7612000107765198
YIL153W,YIL031W,1,-1.3518199,0.08200675249099731,0.6800000071525574,0.7612000107765198
YGL142C,YER169W,0,-1.3521302,0.0819968655705452,0.6800000071525574,0.7613000273704529
YGL190C,YIR025W,1,-1.3522762,0.0821075439453125,0.6809999942779541,0.7613000273704529
YLR113W,YNL229C,0,-1.3524718,0.08209764957427979,0.6809999942779541,0.7613999843597412
YHR174W,YIL021W,0,-1.352505,0.08208775520324707,0.6809999942779541,0.7615000009536743
YIL153W,YGL096W,1,-1.3526924,0.0821983814239502,0.6819999814033508,0.7615000009536743
YML064C,YML027W,1,-1.3527174,0.08230899274349213,0.6830000281333923,0.7615000009536743
YJR155W,YMR053C,0,-1.3530811,0.08229906857013702,0.6830000281333923,0.7616000175476074
YNL291C,YOL043C,0,-1.3532779,0.08228915929794312,0.6830000281333923,0.7616999745368958
YBR164C,YBL002W,0,-1.3534067,0.08227924257516861,0.6830000281333923,0.7617999911308289
YOR011W,YKL186C,0,-1.3534352,0.0822693333029747,0.6830000281333923,0.761900007724762
YDR421W,YKL026C,0,-1.3536093,0.08225942403078079,0.6830000281333923,0.7620000243186951
YDR397C,YLR055C,0,-1.3537968,0.08224951475858688,0.6830000281333923,0.7620999813079834
YLR113W,YPR051W,0,-1.3540125,0.08223961293697357,0.6830000281333923,0.7621999979019165
YKL144C,YGR063C,0,-1.354315,0.08222971111536026,0.6830000281333923,0.7623000144958496
YGR120C,YLR051C,0,-1.3544767,0.08221981674432755,0.6830000281333923,0.7623999714851379
YDR518W,YJR093C,0,-1.3550917,0.08220991492271423,0.6830000281333923,0.762499988079071
YJR144W,YHL025W,0,-1.3552887,0.08220002055168152,0.6830000281333923,0.7626000046730042
YPR023C,YDL236W,0,-1.3554418,0.0821901336312294,0.6830000281333923,0.7627000212669373
YPR052C,YHL027W,0,-1.3563412,0.08218024671077728,0.6830000281333923,0.7627999782562256
YOR347C,YDR170C,0,-1.3563545,0.08217035979032516,0.6830000281333923,0.7628999948501587
YDR183W,YAR031W,0,-1.3564653,0.08216047286987305,0.6830000281333923,0.7630000114440918
YDR469W,YKR101W,0,-1.35659,0.08215058594942093,0.6830000281333923,0.7631000280380249
YDR480W,YNL117W,0,-1.3566163,0.08214070647954941,0.6830000281333923,0.7631999850273132
YLR115W,YOR329C,0,-1.3567183,0.08213083446025848,0.6830000281333923,0.7633000016212463
YOL078W,YIR008C,0,-1.3569363,0.08212095499038696,0.6830000281333923,0.7634000182151794
YPL082C,YOR188W,0,-1.3571107,0.08211108297109604,0.6830000281333923,0.7634999752044678
YER166W,YMR097C,0,-1.3572619,0.08210121095180511,0.6830000281333923,0.7635999917984009
YDR379W,YMR013C,0,-1.3572743,0.08209134638309479,0.6830000281333923,0.763700008392334
YOR026W,YCR065W,1,-1.3572935,0.08220165967941284,0.6840000152587891,0.763700008392334
YMR263W,YML029W,0,-1.357378,0.08219178020954132,0.6840000152587891,0.7638000249862671
YMR190C,YJL074C,1,-1.3574015,0.08230205625295639,0.6850000023841858,0.7638000249862671
YKL079W,YLR200W,0,-1.3575063,0.08229216933250427,0.6850000023841858,0.7638999819755554
YDR421W,YGR092W,0,-1.3575636,0.08228228241205215,0.6850000023841858,0.7639999985694885
YLR074C,YMR263W,0,-1.3575649,0.08227240294218063,0.6850000023841858,0.7641000151634216
YER155C,YPL086C,0,-1.3575687,0.08226251602172852,0.6850000023841858,0.76419997215271
YJL098W,YAL047C,1,-1.3576993,0.08237271755933762,0.6859999895095825,0.76419997215271
YLR102C,YGL190C,1,-1.3578079,0.08248288929462433,0.6869999766349792,0.76419997215271
YLR305C,YKL028W,0,-1.3578466,0.08247298747301102,0.6869999766349792,0.7642999887466431
YKL025C,YER151C,0,-1.3578863,0.0824630931019783,0.6869999766349792,0.7644000053405762
YKL034W,YHL028W,0,-1.3580753,0.08245319128036499,0.6869999766349792,0.7645000219345093
YFL034C-B,YKR037C,1,-1.3581123,0.08256330341100693,0.6880000233650208,0.7645000219345093
YLR144C,YPL154C,0,-1.3584751,0.08255339413881302,0.6880000233650208,0.7645999789237976
YIL098C,YIL039W,0,-1.3584886,0.08254349231719971,0.6880000233650208,0.7646999955177307
YIL124W,YKR076W,0,-1.3588508,0.0825335904955864,0.6880000233650208,0.7648000121116638
YGL150C,YBR097W,0,-1.3589538,0.08252368867397308,0.6880000233650208,0.7649000287055969
YJL085W,YKL028W,0,-1.359295,0.08251379430294037,0.6880000233650208,0.7649999856948853
YIL085C,YBR193C,0,-1.3593243,0.08250389993190765,0.6880000233650208,0.7651000022888184
YLR305C,YOR043W,0,-1.3593471,0.08249400556087494,0.6880000233650208,0.7652000188827515
YCL029C,YGL216W,1,-1.359349,0.08260400593280792,0.6890000104904175,0.7652000188827515
YIR004W,YIL023C,0,-1.3594339,0.08259410411119461,0.6890000104904175,0.7652999758720398
YHR186C,YLR357W,0,-1.359508,0.0825842022895813,0.6890000104904175,0.7653999924659729
YPL267W,YGL190C,1,-1.3595272,0.0826941505074501,0.6899999976158142,0.7653999924659729
YGR092W,YBR153W,0,-1.3596438,0.0826842412352562,0.6899999976158142,0.765500009059906
YHR143W-A,YHR205W,0,-1.3598378,0.08267433196306229,0.6899999976158142,0.7656000256538391
YLR353W,YKL006C-A,0,-1.3598506,0.08266443014144897,0.6899999976158142,0.7656999826431274
YDR397C,YML011C,0,-1.3599163,0.08265452831983566,0.6899999976158142,0.7657999992370605
YIL149C,YOR045W,0,-1.3599653,0.08264462649822235,0.6899999976158142,0.7659000158309937
YOR209C,YOR045W,0,-1.3601952,0.08263473212718964,0.6899999976158142,0.765999972820282
YBL023C,YBR188C,0,-1.3603199,0.08262483775615692,0.6899999976158142,0.7660999894142151
YDR176W,YPL128C,0,-1.3604834,0.0826149433851242,0.6899999976158142,0.7662000060081482
YLR342W,YLL021W,0,-1.3606945,0.08260504901409149,0.6899999976158142,0.7663000226020813
YPL254W,YLR357W,0,-1.3610245,0.08259516209363937,0.6899999976158142,0.7663999795913696
YLR285W,YPR132W,0,-1.3610576,0.08258527517318726,0.6899999976158142,0.7664999961853027
YNL003C,YMR267W,0,-1.3612356,0.08257539570331573,0.6899999976158142,0.7666000127792358
YDR449C,YIR026C,0,-1.3613505,0.08256551623344421,0.6899999976158142,0.766700029373169
YBR279W,YER178W,0,-1.3614178,0.08255563676357269,0.6899999976158142,0.7667999863624573
YMR113W,YJR033C,0,-1.3614784,0.08254575729370117,0.6899999976158142,0.7669000029563904
YDR379W,YNL206C,0,-1.3616271,0.08253588527441025,0.6899999976158142,0.7670000195503235
YCL029C,YFL029C,1,-1.3622849,0.08264561742544174,0.6909999847412109,0.7670000195503235
YLR353W,YBR168W,0,-1.3625982,0.08263573050498962,0.6909999847412109,0.7670999765396118
YDR435C,YBR223C,0,-1.3629642,0.0826258510351181,0.6909999847412109,0.7671999931335449
YKL007W,YER068W,0,-1.3632383,0.08261597156524658,0.6909999847412109,0.767300009727478
YDR176W,YOR213C,0,-1.3633976,0.08260609954595566,0.6909999847412109,0.7674000263214111
YJL192C,YML025C,0,-1.363744,0.08259622007608414,0.6909999847412109,0.7674999833106995
YJR033C,YPL007C,0,-1.3639033,0.08258634805679321,0.6909999847412109,0.7675999999046326
YNL290W,YDR478W,0,-1.3639935,0.08257648348808289,0.6909999847412109,0.7677000164985657
YOL043C,YLR107W,0,-1.3640823,0.08256661146879196,0.6909999847412109,0.767799973487854
YPR082C,YGL137W,0,-1.364151,0.08255674690008163,0.6909999847412109,0.7678999900817871
YIL098C,YDR058C,0,-1.3641909,0.0825468897819519,0.6909999847412109,0.7680000066757202
YPL169C,YPL133C,0,-1.3643821,0.08253702521324158,0.6909999847412109,0.7681000232696533
YLR113W,YBR143C,0,-1.3645098,0.08252716809511185,0.6909999847412109,0.7681999802589417
YLR115W,YGL016W,0,-1.3645961,0.08251731842756271,0.6909999847412109,0.7682999968528748
YLR022C,YIL147C,0,-1.3648058,0.08250746130943298,0.6909999847412109,0.7684000134468079
YLR144C,YBL023C,0,-1.364852,0.08249761164188385,0.6909999847412109,0.7684999704360962
YGL223C,YML049C,0,-1.3648704,0.08248776197433472,0.6909999847412109,0.7685999870300293
YJR144W,YCR057C,0,-1.3648896,0.08247791975736618,0.6909999847412109,0.7687000036239624
YNL116W,YHR158C,1,-1.365238,0.08258742094039917,0.6919999718666077,0.7687000036239624
YLR270W,YMR026C,0,-1.3653251,0.08257756382226944,0.6919999718666077,0.7688000202178955
YDR022C,YDR258C,0,-1.3653982,0.0825677141547203,0.6919999718666077,0.7688999772071838
YJR090C,YDL047W,1,-1.3654606,0.08267716318368912,0.6930000185966492,0.7688999772071838
YBR077C,YFL060C,0,-1.3657551,0.08266730606555939,0.6930000185966492,0.7689999938011169
YPR128C,YNL139C,0,-1.3657694,0.08265744149684906,0.6930000185966492,0.76910001039505
YKL206C,YER095W,0,-1.3660079,0.08264758437871933,0.6930000185966492,0.7692000269889832
YNL219C,YDR435C,0,-1.3661644,0.0826377272605896,0.6930000185966492,0.7692999839782715
YDL043C,YJL168C,0,-1.3663174,0.08262787759304047,0.6930000185966492,0.7694000005722046
YFL034C-B,YER089C,1,-1.3665577,0.08273724466562271,0.6940000057220459,0.7694000005722046
YJL019W,YKR037C,1,-1.3669446,0.08284658193588257,0.6949999928474426,0.7694000005722046
YJL036W,YNL229C,0,-1.3669448,0.08283670991659164,0.6949999928474426,0.7695000171661377
YGL078C,YDL043C,0,-1.3670988,0.08282683789730072,0.6949999928474426,0.769599974155426
YBR193C,YNL287W,0,-1.3671649,0.0828169658780098,0.6949999928474426,0.7696999907493591
YIL051C,YLR305C,0,-1.3672462,0.08280710130929947,0.6949999928474426,0.7698000073432922
YMR061W,YPL007C,0,-1.3673165,0.08279723674058914,0.6949999928474426,0.7699000239372253
YDR420W,YJL094C,0,-1.367368,0.08278737217187881,0.6949999928474426,0.7699999809265137
YGL130W,YNL214W,0,-1.367614,0.08277751505374908,0.6949999928474426,0.7700999975204468
YHL027W,YHL028W,0,-1.367732,0.08276765793561935,0.6949999928474426,0.7702000141143799
YPR199C,YOL128C,0,-1.367897,0.08275780081748962,0.6949999928474426,0.7702999711036682
YPR171W,YOR319W,0,-1.3679341,0.0827479436993599,0.6949999928474426,0.7703999876976013
YKR083C,YHR158C,1,-1.3680499,0.08285713940858841,0.6959999799728394,0.7703999876976013
YPL213W,YDR439W,0,-1.3686776,0.08284728229045868,0.6959999799728394,0.7705000042915344
YLR357W,YHR119W,0,-1.3687302,0.08283741772174835,0.6959999799728394,0.7706000208854675
YPR128C,YDR052C,0,-1.3687987,0.08282756060361862,0.6959999799728394,0.7706999778747559
YOR231W,YML069W,0,-1.369319,0.08281770348548889,0.6959999799728394,0.770799994468689
YDL079C,YDR392W,0,-1.3695357,0.08280785381793976,0.6959999799728394,0.7709000110626221
YKR029C,YDR400W,0,-1.3697796,0.08279800415039062,0.6959999799728394,0.7710000276565552
YPR122W,YBR077C,0,-1.3699927,0.08278815448284149,0.6959999799728394,0.7710999846458435
YER174C,YOR209C,0,-1.3700476,0.08277830481529236,0.6959999799728394,0.7712000012397766
YLR329W,YLR200W,0,-1.370173,0.08276846259832382,0.6959999799728394,0.7713000178337097
YHR034C,YKR031C,0,-1.3702937,0.08275862038135529,0.6959999799728394,0.771399974822998
YDR420W,YJL140W,0,-1.3703163,0.08274877816438675,0.6959999799728394,0.7714999914169312
YPR023C,YOL031C,0,-1.3703523,0.08273894339799881,0.6959999799728394,0.7716000080108643
YML059C,YMR308C,0,-1.3703634,0.08272910863161087,0.6959999799728394,0.7717000246047974
YCL029C,YGR140W,1,-1.370388,0.08283812552690506,0.6970000267028809,0.7717000246047974
YDR052C,YHR205W,0,-1.3706325,0.08282828330993652,0.6970000267028809,0.7717999815940857
YOR078W,YDR177W,0,-1.3708502,0.08281844109296799,0.6970000267028809,0.7718999981880188
YDR206W,YLR342W,0,-1.3711168,0.08280859887599945,0.6970000267028809,0.7720000147819519
YJR132W,YLR357W,0,-1.3711389,0.08279876410961151,0.6970000267028809,0.7720999717712402
YER169W,YHR178W,0,-1.371458,0.08278892934322357,0.6970000267028809,0.7721999883651733
YNL029C,YGL144C,0,-1.3714586,0.08277909457683563,0.6970000267028809,0.7723000049591064
YPL053C,YPR132W,0,-1.3715847,0.08276926726102829,0.6970000267028809,0.7724000215530396
YBL023C,YOR188W,0,-1.3716034,0.08275943994522095,0.6970000267028809,0.7724999785423279
YNL206C,YIL138C,0,-1.3716166,0.0827496126294136,0.6970000267028809,0.772599995136261
YBR042C,YGR085C,0,-1.3717499,0.08273979276418686,0.6970000267028809,0.7727000117301941
YAR018C,YJR132W,0,-1.3719459,0.08272997289896011,0.6970000267028809,0.7728000283241272
YLR022C,YBR069C,0,-1.3726616,0.08272015303373337,0.6970000267028809,0.7728999853134155
YER068W,YBR129C,0,-1.372992,0.08271033316850662,0.6970000267028809,0.7730000019073486
YDL045C,YER095W,0,-1.3731296,0.08270052075386047,0.6970000267028809,0.7731000185012817
YIL021W,YOL020W,0,-1.3731503,0.08269070833921432,0.6970000267028809,0.7731999754905701
YAL020C,YKL005C,0,-1.3732793,0.08268090337514877,0.6970000267028809,0.7732999920845032
YKL017C,YJR007W,0,-1.3733362,0.08267109841108322,0.6970000267028809,0.7734000086784363
YBR213W,YDL079C,0,-1.3735459,0.08266129344701767,0.6970000267028809,0.7735000252723694
YKL220C,YKR029C,0,-1.3736087,0.08265148848295212,0.6970000267028809,0.7735999822616577
YCL029C,YJL098W,1,-1.3737161,0.08276025950908661,0.6980000138282776,0.7735999822616577
YNL068C,YJL019W,1,-1.3740329,0.08286900073289871,0.6990000009536743,0.7735999822616577
YLR448W,YIL022W,0,-1.3745439,0.08285917341709137,0.6990000009536743,0.7736999988555908
YOL078W,YJL203W,0,-1.374571,0.08284935355186462,0.6990000009536743,0.7738000154495239
YPL228W,YLL027W,0,-1.3748515,0.08283953368663788,0.6990000009536743,0.7738999724388123
YLR148W,YDR177W,0,-1.374916,0.08282972127199173,0.6990000009536743,0.7739999890327454
YDR440W,YDL015C,0,-1.3752246,0.08281990885734558,0.6990000009536743,0.7741000056266785
YNL042W,YOR229W,0,-1.3755221,0.08281009644269943,0.6990000009536743,0.7742000222206116
YDR235W,YMR293C,0,-1.3755746,0.08280028402805328,0.6990000009536743,0.7742999792098999
YBL040C,YPL127C,0,-1.3756893,0.08279047906398773,0.6990000009536743,0.774399995803833
YGL001C,YIL039W,0,-1.375812,0.08278067409992218,0.6990000009536743,0.7745000123977661
YJL111W,YOR045W,0,-1.3759048,0.08277086913585663,0.6990000009536743,0.7746000289916992
YML077W,YDR346C,0,-1.3759971,0.08276107162237167,0.6990000009536743,0.7746999859809875
YDR440W,YLR192C,0,-1.3760996,0.08275127410888672,0.6990000009536743,0.7748000025749207
YBR041W,YPR074C,0,-1.3762047,0.08274147659540176,0.6990000009536743,0.7749000191688538
YDR206W,YIL070C,0,-1.376396,0.0827316865324974,0.6990000009536743,0.7749999761581421
YGL001C,YFL045C,0,-1.3764732,0.08272189646959305,0.6990000009536743,0.7750999927520752
YDL105W,YJL139C,0,-1.3766141,0.08271210640668869,0.6990000009536743,0.7752000093460083
YOR031W,YDR379W,0,-1.3767923,0.08270231634378433,0.6990000009536743,0.7753000259399414
YOR326W,YER089C,1,-1.3767978,0.08281083405017853,0.699999988079071,0.7753000259399414
YJL192C,YJL139C,0,-1.3768269,0.08280104398727417,0.699999988079071,0.7753999829292297
YPR187W,YKL119C,0,-1.3770962,0.08279124647378922,0.699999988079071,0.7754999995231628
YGL001C,YGR185C,0,-1.3771517,0.08278145641088486,0.699999988079071,0.775600016117096
YCR048W,YMR316W,0,-1.3773502,0.0827716663479805,0.699999988079071,0.7756999731063843
YCR048W,YOL055C,0,-1.3774016,0.08276188373565674,0.699999988079071,0.7757999897003174
YJL036W,YNL128W,0,-1.3776498,0.08275210112333298,0.699999988079071,0.7759000062942505
YNL161W,YKR037C,1,-1.3777184,0.08286052197217941,0.7009999752044678,0.7759000062942505
YGR072W,YML025C,0,-1.377893,0.08285072445869446,0.7009999752044678,0.7760000228881836
YDL095W,YNL290W,0,-1.3779113,0.0828409343957901,0.7009999752044678,0.7760999798774719
YMR033W,YML112W,0,-1.3780575,0.08283114433288574,0.7009999752044678,0.776199996471405
YPL217C,YIR004W,0,-1.3782256,0.08282136172056198,0.7009999752044678,0.7763000130653381
YHR059W,YDR499W,0,-1.378542,0.08281157910823822,0.7009999752044678,0.7764000296592712
YJR090C,YMR236W,1,-1.3785748,0.08291991800069809,0.7020000219345093,0.7764000296592712
YDR377W,YNL153C,0,-1.3787715,0.08291012048721313,0.7020000219345093,0.7764999866485596
YER174C,YPL213W,0,-1.3788068,0.08290033042430878,0.7020000219345093,0.7766000032424927
YCR002C,YDR096W,0,-1.3791432,0.08289054036140442,0.7020000219345093,0.7767000198364258
YKR083C,YCR065W,1,-1.3792455,0.08299881964921951,0.703000009059906,0.7767000198364258
YAL044C,YKL122C,0,-1.3793106,0.08298902213573456,0.703000009059906,0.7767999768257141
YPR019W,YDL106C,0,-1.379545,0.0829792246222496,0.703000009059906,0.7768999934196472
YMR275C,YKL079W,0,-1.3795995,0.08296943455934525,0.703000009059906,0.7770000100135803
YKL206C,YCR048W,0,-1.3797488,0.08295964449644089,0.703000009059906,0.7771000266075134
YMR036C,YDR113C,1,-1.3798974,0.08306784927845001,0.7039999961853027,0.7771000266075134
YOR099W,YBR130C,0,-1.379995,0.08305804431438446,0.7039999961853027,0.7771999835968018
YLR131C,YKR037C,1,-1.3803169,0.0831662118434906,0.7049999833106995,0.7771999835968018
YBR065C,YKR029C,0,-1.380346,0.08315640687942505,0.7049999833106995,0.7773000001907349
YHR186C,YCL061C,0,-1.3807912,0.0831465944647789,0.7049999833106995,0.777400016784668
YJL085W,YIL147C,0,-1.3809006,0.08313678950071335,0.7049999833106995,0.7774999737739563
YGL190C,YPR135W,1,-1.3810732,0.08324489742517471,0.7059999704360962,0.7774999737739563
YMR168C,YNL116W,1,-1.381435,0.08335298299789429,0.7070000171661377,0.7774999737739563
YAL035W,YMR150C,0,-1.381438,0.08334315568208694,0.7070000171661377,0.7775999903678894
YNL325C,YDR272W,0,-1.3815765,0.0833333358168602,0.7070000171661377,0.7777000069618225
YJR083C,YBR256C,0,-1.3822114,0.08332350850105286,0.7070000171661377,0.7778000235557556
YHR034C,YDR478W,0,-1.3824761,0.08331369608640671,0.7070000171661377,0.777899980545044
YBR036C,YOL071W,0,-1.3827748,0.08330387622117996,0.7070000171661377,0.777999997138977
YLR109W,YGL062W,0,-1.3829858,0.08329406380653381,0.7070000171661377,0.7781000137329102
YIL085C,YBR256C,0,-1.3832695,0.08328425139188766,0.7070000171661377,0.7781999707221985
YKR036C,YLR051C,0,-1.3833311,0.08327443897724152,0.7070000171661377,0.7782999873161316
YMR036C,YDR201W,1,-1.3835249,0.08338240534067154,0.7080000042915344,0.7782999873161316
YAL020C,YBR155W,0,-1.3837756,0.0833725854754448,0.7080000042915344,0.7784000039100647
YNL148C,YLR417W,0,-1.3838127,0.08336277306079865,0.7080000042915344,0.7785000205039978
YDR173C,YDR022C,0,-1.3838277,0.0833529531955719,0.7080000042915344,0.7785999774932861
YNL048W,YOR353C,0,-1.3838806,0.08334314078092575,0.7080000042915344,0.7786999940872192
YER127W,YMR026C,0,-1.3839843,0.0833333358168602,0.7080000042915344,0.7788000106811523
YER177W,YKR037C,1,-1.3840828,0.08344121277332306,0.7089999914169312,0.7788000106811523
YJR017C,YGR147C,0,-1.3842516,0.08343139290809631,0.7089999914169312,0.7789000272750854
YOR085W,YML097C,0,-1.384274,0.08342158049345016,0.7089999914169312,0.7789999842643738
YOR249C,YKR083C,1,-1.3845196,0.08352941274642944,0.7099999785423279,0.7789999842643738
YCL061C,YDL076C,0,-1.3845733,0.0835195854306221,0.7099999785423279,0.7791000008583069
YHR079C,YBR080C,0,-1.3847597,0.08350976556539536,0.7099999785423279,0.77920001745224
YPL085W,YHR119W,0,-1.3847976,0.08349993824958801,0.7099999785423279,0.7792999744415283
YJR017C,YKL032C,0,-1.3849648,0.08349012583494186,0.7099999785423279,0.7793999910354614
YDL106C,YDR435C,0,-1.3849989,0.08348030596971512,0.7099999785423279,0.7795000076293945
YHR116W,YGL172W,0,-1.3850222,0.08347049355506897,0.7099999785423279,0.7796000242233276
YER177W,YER089C,1,-1.3851391,0.08357822895050049,0.7110000252723694,0.7796000242233276
YIL118W,YDR449C,0,-1.3852155,0.08356840908527374,0.7110000252723694,0.779699981212616
YPR171W,YKR055W,0,-1.3856254,0.0835585817694664,0.7110000252723694,0.7797999978065491
YNL117W,YPR134W,0,-1.385823,0.08354876935482025,0.7110000252723694,0.7799000144004822
YHR081W,YML058W,0,-1.385853,0.0835389494895935,0.7110000252723694,0.7799999713897705
YOL013C,YDR176W,0,-1.3861948,0.08352913707494736,0.7110000252723694,0.7800999879837036
YNL325C,YBL022C,0,-1.3862879,0.08351932466030121,0.7110000252723694,0.7802000045776367
YDR206W,YOR085W,0,-1.3863494,0.08350951224565506,0.7110000252723694,0.7803000211715698
YPR105C,YBL023C,0,-1.3864117,0.08349970728158951,0.7110000252723694,0.7803999781608582
YNL325C,YIR008C,0,-1.3864205,0.08348990231752396,0.7110000252723694,0.7804999947547913
YEL027W,YDR518W,0,-1.3865304,0.0834800973534584,0.7110000252723694,0.7806000113487244
YGR097W,YDL106C,0,-1.3865714,0.08347029983997345,0.7110000252723694,0.7807000279426575
YBR110W,YPR105C,0,-1.386867,0.0834605023264885,0.7110000252723694,0.7807999849319458
YOR179C,YML076C,0,-1.3871162,0.08345070481300354,0.7110000252723694,0.7809000015258789
YIR025W,YFL034C-B,1,-1.387639,0.08355826884508133,0.7120000123977661,0.7809000015258789
YML086C,YFL002C,0,-1.3876693,0.08354846388101578,0.7120000123977661,0.781000018119812
YNR017W,YEL051W,0,-1.3876762,0.08353865891695023,0.7120000123977661,0.7810999751091003
YJR064W,YJL085W,0,-1.3876911,0.08352886140346527,0.7120000123977661,0.7811999917030334
YDL201W,YNL229C,0,-1.387754,0.08351906388998032,0.7120000123977661,0.7813000082969666
YFL039C,YDL047W,1,-1.3878186,0.08362655341625214,0.7129999995231628,0.7813000082969666
YIR025W,YDR113C,1,-1.3878989,0.08373402059078217,0.7139999866485596,0.7813000082969666
YIL040W,YDR225W,0,-1.3879843,0.08372420072555542,0.7139999866485596,0.7814000248908997
YMR013C,YBR061C,0,-1.3887076,0.08371438831090927,0.7139999866485596,0.781499981880188
YLL042C,YMR026C,0,-1.3887787,0.08370456844568253,0.7139999866485596,0.7815999984741211
YLR186W,YNL263C,0,-1.3888496,0.08369476348161697,0.7139999866485596,0.7817000150680542
YCR065W,YGL216W,1,-1.3889832,0.08380215615034103,0.7149999737739563,0.7817000150680542
YML036W,YHR150W,0,-1.3890653,0.08379233628511429,0.7149999737739563,0.7817999720573425
YOR078W,YJR069C,0,-1.3891473,0.08378251641988754,0.7149999737739563,0.7818999886512756
YER114C,YDL236W,0,-1.3896084,0.0837727040052414,0.7149999737739563,0.7820000052452087
YER068W,YOR243C,0,-1.3896711,0.08376288414001465,0.7149999737739563,0.7821000218391418
YPL127C,YNL263C,0,-1.3896978,0.0837530717253685,0.7149999737739563,0.7821999788284302
YJR010C-A,YNL107W,0,-1.3897142,0.08374326676130295,0.7149999737739563,0.7822999954223633
YCR065W,YDR201W,1,-1.3897722,0.08385057002305984,0.7160000205039978,0.7822999954223633
YIL021W,YOR179C,0,-1.3898075,0.0838407501578331,0.7160000205039978,0.7824000120162964
YKR063C,YBR143C,0,-1.389972,0.08383093029260635,0.7160000205039978,0.7825000286102295
YNL206C,YJL129C,0,-1.3899833,0.0838211178779602,0.7160000205039978,0.7825999855995178
YHR059W,YAR018C,0,-1.3900484,0.08381130546331406,0.7160000205039978,0.7827000021934509
YER089C,YMR236W,1,-1.3901961,0.08391854166984558,0.7170000076293945,0.7827000021934509
YDR318W,YGR044C,0,-1.390217,0.08390872180461884,0.7170000076293945,0.782800018787384
YKL110C,YLR372W,0,-1.3902385,0.08389890193939209,0.7170000076293945,0.7828999757766724
YPL050C,YKL020C,0,-1.3902507,0.08388908207416534,0.7170000076293945,0.7829999923706055
YLR095C,YJL143W,0,-1.390302,0.0838792696595192,0.7170000076293945,0.7831000089645386
YER008C,YDR346C,0,-1.3909028,0.08386945724487305,0.7170000076293945,0.7832000255584717
YDR258C,YMR053C,0,-1.3909917,0.0838596522808075,0.7170000076293945,0.78329998254776
YPR135W,YKR037C,1,-1.3910719,0.08396678417921066,0.7179999947547913,0.78329998254776
YPR093C,YIL061C,0,-1.3910782,0.08395697176456451,0.7179999947547913,0.7833999991416931
YKL146W,YOR160W,0,-1.3912182,0.08394715189933777,0.7179999947547913,0.7835000157356262
YLR131C,YER089C,1,-1.3912331,0.08405424654483795,0.718999981880188,0.7835000157356262
YNL021W,YIL147C,0,-1.3917686,0.08404441922903061,0.718999981880188,0.7835999727249146
YOR026W,YAL047C,1,-1.3921057,0.08415146917104721,0.7200000286102295,0.7835999727249146
YNL161W,YGR245C,1,-1.3922489,0.08425850421190262,0.7210000157356262,0.7835999727249146
YOR249C,YOR026W,1,-1.3927296,0.08436550945043564,0.722000002861023,0.7835999727249146
YML011C,YCR081W,0,-1.3928474,0.08435565233230591,0.722000002861023,0.7836999893188477
YJR050W,YLR285W,0,-1.3929291,0.08434579521417618,0.722000002861023,0.7838000059127808
YNL003C,YHR178W,0,-1.3930923,0.08433594554662704,0.722000002861023,0.7839000225067139
YDR188W,YGL187C,0,-1.3931721,0.08432608842849731,0.722000002861023,0.7839999794960022
YBR155W,YIL021W,0,-1.393774,0.08431624621152878,0.722000002861023,0.7840999960899353
YLR305C,YML025C,0,-1.3937831,0.08430639654397964,0.722000002861023,0.7842000126838684
YMR081C,YDR334W,0,-1.3938627,0.08429655432701111,0.722000002861023,0.7843000292778015
YFR046C,YKL165C,0,-1.3941507,0.08428671211004257,0.722000002861023,0.7843999862670898
YDR314C,YKL034W,0,-1.3944361,0.08427687734365463,0.722000002861023,0.784500002861023
YLL043W,YJL143W,0,-1.3944445,0.0842670425772667,0.722000002861023,0.784600019454956
YIL149C,YDR330W,0,-1.3944938,0.08425720781087875,0.722000002861023,0.7846999764442444
YCR048W,YJL035C,0,-1.3945456,0.08424737304449081,0.722000002861023,0.7847999930381775
YDR191W,YMR013C,0,-1.3949834,0.08423754572868347,0.722000002861023,0.7849000096321106
YCL029C,YMR236W,1,-1.3950796,0.08434437960386276,0.7229999899864197,0.7849000096321106
YGL206C,YLR006C,0,-1.3951712,0.08433453738689423,0.7229999899864197,0.7850000262260437
YIR010W,YNL106C,0,-1.3952554,0.08432470262050629,0.7229999899864197,0.785099983215332
YDL056W,YKR062W,0,-1.3954618,0.08431486785411835,0.7229999899864197,0.7851999998092651
YDL046W,YDR088C,0,-1.3958821,0.084305040538311,0.7229999899864197,0.7853000164031982
YMR150C,YLR033W,0,-1.3960894,0.08429520577192307,0.7229999899864197,0.7853999733924866
YDL178W,YNL290W,0,-1.3961102,0.08428537845611572,0.7229999899864197,0.7854999899864197
YFL029C,YMR048W,1,-1.3962573,0.08439212292432785,0.7239999771118164,0.7854999899864197
YDR456W,YAL002W,0,-1.396292,0.08438228070735931,0.7239999771118164,0.7856000065803528
YNL206C,YJL029C,0,-1.3964599,0.08437245339155197,0.7239999771118164,0.7857000231742859
YIL009W,YDR341C,0,-1.3967313,0.08436261862516403,0.7239999771118164,0.7857999801635742
YIL036W,YOR260W,0,-1.3970189,0.08435279130935669,0.7239999771118164,0.7858999967575073
YDL178W,YKL119C,0,-1.397058,0.08434296399354935,0.7239999771118164,0.7860000133514404
YFL029C,YBR215W,1,-1.39709,0.08444961905479431,0.7250000238418579,0.7860000133514404
YGL078C,YFL045C,0,-1.3970907,0.08443978428840637,0.7250000238418579,0.7860999703407288
YOR032C,YOR060C,0,-1.3972569,0.08442994952201843,0.7250000238418579,0.7861999869346619
YJL165C,YNL218W,0,-1.397464,0.08442012220621109,0.7250000238418579,0.786300003528595
YPL228W,YDR397C,0,-1.3974924,0.08441029489040375,0.7250000238418579,0.7864000201225281
YDR289C,YJR007W,0,-1.3975289,0.0844004675745964,0.7250000238418579,0.7864999771118164
YLR144C,YMR263W,0,-1.3975389,0.08439064025878906,0.7250000238418579,0.7865999937057495
YER044C,YCR073W-A,0,-1.3979099,0.08438082039356232,0.7250000238418579,0.7867000102996826
YLR381W,YOR266W,0,-1.3980317,0.08437100052833557,0.7250000238418579,0.7868000268936157
YNL116W,YDR113C,1,-1.3980412,0.08447754383087158,0.7260000109672546,0.7868000268936157
YLR381W,YJR093C,0,-1.398294,0.08446771651506424,0.7260000109672546,0.786899983882904
YOR243C,YDL076C,0,-1.3983477,0.0844578891992569,0.7260000109672546,0.7870000004768372
YJR083C,YOL102C,0,-1.3986365,0.08444806188344955,0.7260000109672546,0.7871000170707703
YKL120W,YER129W,0,-1.3987749,0.08443824201822281,0.7260000109672546,0.7871999740600586
YNL153C,YDR420W,0,-1.3990062,0.08442842215299606,0.7260000109672546,0.7872999906539917
YDR183W,YER095W,0,-1.3997264,0.08441860228776932,0.7260000109672546,0.7874000072479248
YOL142W,YFL045C,0,-1.4002581,0.08440878987312317,0.7260000109672546,0.7875000238418579
YMR168C,YHR191C,1,-1.4003258,0.08451522886753082,0.7269999980926514,0.7875000238418579
YNL231C,YML025C,0,-1.4003972,0.08450540155172348,0.7269999980926514,0.7875999808311462
YMR308C,YNL290W,0,-1.4004319,0.08449558168649673,0.7269999980926514,0.7876999974250793
YMR113W,YKL144C,0,-1.4007304,0.08448576182126999,0.7269999980926514,0.7878000140190125
YJL063C,YML059C,0,-1.4011707,0.08447594940662384,0.7269999980926514,0.7878999710083008
YLR304C,YPR093C,0,-1.4014525,0.0844661295413971,0.7269999980926514,0.7879999876022339
YPL132W,YBL022C,0,-1.4016168,0.08445631712675095,0.7269999980926514,0.788100004196167
YLR368W,YML059C,0,-1.4021709,0.0844465121626854,0.7269999980926514,0.7882000207901001
YJR057W,YDR469W,0,-1.402349,0.08443669974803925,0.7269999980926514,0.7882999777793884
YDR206W,YOR047C,0,-1.4023638,0.0844268947839737,0.7269999980926514,0.7883999943733215
YML019W,YBR077C,0,-1.4024189,0.08441708981990814,0.7269999980926514,0.7885000109672546
YCR048W,YLR193C,0,-1.4024907,0.08440729230642319,0.7269999980926514,0.7886000275611877
YER068W,YBR192W,0,-1.4031526,0.08439749479293823,0.7269999980926514,0.7886999845504761
YGL065C,YOL071W,0,-1.4032364,0.08438769727945328,0.7269999980926514,0.7888000011444092
YMR044W,YIL022W,0,-1.4033797,0.08437789976596832,0.7269999980926514,0.7889000177383423
YDR227W,YDR346C,0,-1.4034998,0.08436810970306396,0.7269999980926514,0.7889999747276306
YDL045C,YJR033C,0,-1.404006,0.0843583196401596,0.7269999980926514,0.7890999913215637
YLR084C,YIL147C,0,-1.4040308,0.08434852957725525,0.7269999980926514,0.7892000079154968
YNL161W,YKR083C,1,-1.4040607,0.08445475995540619,0.7279999852180481,0.7892000079154968
YPL053C,YLR264W,0,-1.4040673,0.08444496244192123,0.7279999852180481,0.7893000245094299
YIL147C,YLR010C,0,-1.404109,0.08443516492843628,0.7279999852180481,0.7893999814987183
YBR164C,YOL055C,0,-1.4044547,0.08442537486553192,0.7279999852180481,0.7894999980926514
YOR174W,YHR143W-A,0,-1.4045056,0.08441558480262756,0.7279999852180481,0.7896000146865845
YOR231W,YER178W,0,-1.4045397,0.0844057947397232,0.7279999852180481,0.7896999716758728
YIL051C,YDR463W,0,-1.4046721,0.08439601212739944,0.7279999852180481,0.7897999882698059
YOR085W,YLL021W,0,-1.4049084,0.08438622951507568,0.7279999852180481,0.789900004863739
YPR199C,YDL135C,0,-1.4050188,0.08437644690275192,0.7279999852180481,0.7900000214576721
YMR025W,YOR213C,0,-1.4051415,0.08436667174100876,0.7279999852180481,0.7900999784469604
YGR163W,YFR005C,0,-1.4053371,0.0843568965792656,0.7279999852180481,0.7901999950408936
YOR377W,YJL099W,0,-1.4056326,0.08434712141752243,0.7279999852180481,0.7903000116348267
YKL007W,YJR057W,0,-1.405683,0.08433734625577927,0.7279999852180481,0.7904000282287598
YGR077C,YOR353C,0,-1.4057626,0.0843275785446167,0.7279999852180481,0.7904999852180481
YCR048W,YKL119C,0,-1.4057844,0.08431781083345413,0.7279999852180481,0.7906000018119812
YKL186C,YMR013C,0,-1.4058166,0.08430805057287216,0.7279999852180481,0.7907000184059143
YDR379W,YDR083W,0,-1.4058317,0.0842982828617096,0.7279999852180481,0.7907999753952026
YKL025C,YKL119C,0,-1.4058459,0.08428852260112762,0.7279999852180481,0.7908999919891357
YDR469W,YBR143C,0,-1.4058722,0.08427876979112625,0.7279999852180481,0.7910000085830688
YNL075W,YFL017W-A,0,-1.4059355,0.08426900953054428,0.7279999852180481,0.791100025177002
YOL151W,YDR463W,0,-1.4063376,0.08425925672054291,0.7279999852180481,0.7911999821662903
YPR175W,YJR093C,0,-1.4069483,0.08424951136112213,0.7279999852180481,0.7912999987602234
YNL219C,YOR266W,0,-1.407258,0.08423975855112076,0.7279999852180481,0.7914000153541565
YKL053C-A,YDR228C,0,-1.4073141,0.08423001319169998,0.7279999852180481,0.7914999723434448
YPL040C,YIL039W,0,-1.4074126,0.0842202678322792,0.7279999852180481,0.7915999889373779
YOR174W,YIL138C,0,-1.4076164,0.08421052992343903,0.7279999852180481,0.791700005531311
YIL118W,YBR256C,0,-1.4076893,0.08420078456401825,0.7279999852180481,0.7918000221252441
YLR144C,YBR042C,0,-1.4078217,0.08419104665517807,0.7279999852180481,0.7918999791145325
YDL045C,YJR010C-A,0,-1.4078782,0.08418131619691849,0.7279999852180481,0.7919999957084656
YFR009W,YDL052C,0,-1.4082214,0.08417157828807831,0.7279999852180481,0.7921000123023987
YKL186C,YPL007C,0,-1.4083593,0.08416184782981873,0.7279999852180481,0.7922000288963318
YJR057W,YKR101W,0,-1.408616,0.08415212482213974,0.7279999852180481,0.7922999858856201
YLR059C,YKL058W,0,-1.408972,0.08414239436388016,0.7279999852180481,0.7924000024795532
YIR008C,YHL027W,0,-1.4094393,0.08413267135620117,0.7279999852180481,0.7925000190734863
YPL133C,YMR182C,0,-1.4096726,0.08412294834852219,0.7279999852180481,0.7925999760627747
YDL126C,YJL138C,0,-1.4096845,0.0841132327914238,0.7279999852180481,0.7926999926567078
YDR281C,YLR329W,0,-1.4099027,0.08410350978374481,0.7279999852180481,0.7928000092506409
YIL070C,YEL051W,0,-1.4101012,0.08409379422664642,0.7279999852180481,0.792900025844574
YLR115W,YJR043C,0,-1.4105325,0.08408408612012863,0.7279999852180481,0.7929999828338623
YGL180W,YJL219W,0,-1.4105811,0.08407437056303024,0.7279999852180481,0.7930999994277954
YDR397C,YOL128C,0,-1.4106956,0.08406466245651245,0.7279999852180481,0.7932000160217285
YGL086W,YDR310C,1,-1.4108555,0.08417041599750519,0.7289999723434448,0.7932000160217285
YIR004W,YHR034C,0,-1.4108841,0.0841607004404068,0.7289999723434448,0.7932999730110168
YOL055C,YEL051W,0,-1.4111677,0.08415098488330841,0.7289999723434448,0.79339998960495
YMR168C,YJL019W,1,-1.411222,0.08425669372081757,0.7300000190734863,0.79339998960495
YKL165C,YLR066W,0,-1.4112781,0.08424697071313858,0.7300000190734863,0.7935000061988831
YAR018C,YIR008C,0,-1.4114178,0.0842372477054596,0.7300000190734863,0.7936000227928162
YBR164C,YJL190C,0,-1.4120151,0.0842275321483612,0.7300000190734863,0.7936999797821045
YLR131C,YKR028W,1,-1.4121042,0.08433318138122559,0.7310000061988831,0.7936999797821045
YGR227W,YML001W,0,-1.412195,0.084323450922966,0.7310000061988831,0.7937999963760376
YCL029C,YKR037C,1,-1.4124722,0.0844290629029274,0.7319999933242798,0.7937999963760376
YKL146W,YLR381W,0,-1.412643,0.08441933244466782,0.7319999933242798,0.7939000129699707
YOR188W,YKR031C,0,-1.4127626,0.08440959453582764,0.7319999933242798,0.7940000295639038
YBR009C,YMR044W,0,-1.4129978,0.08439986407756805,0.7319999933242798,0.7940999865531921
YMR236W,YDL064W,1,-1.4130613,0.08450541645288467,0.7329999804496765,0.7940999865531921
YGL254W,YPL145C,0,-1.4133657,0.0844956785440445,0.7329999804496765,0.7942000031471252
YNL231C,YDL015C,0,-1.4134581,0.08448594063520432,0.7329999804496765,0.7943000197410583
YOR346W,YDL147W,0,-1.4135348,0.08447620272636414,0.7329999804496765,0.7943999767303467
YKL165C,YDR170C,0,-1.4135385,0.08446646481752396,0.7329999804496765,0.7944999933242798
YMR026C,YLR275W,0,-1.4140223,0.08445673435926437,0.7329999804496765,0.7946000099182129
YER089C,YDL064W,1,-1.4145634,0.08456221222877502,0.734000027179718,0.7946000099182129
YNL219C,YPR187W,0,-1.414589,0.08455247431993484,0.734000027179718,0.794700026512146
YDR365C,YDL112W,0,-1.4146738,0.08454272896051407,0.734000027179718,0.7947999835014343
YFL029C,YNL161W,1,-1.4147785,0.08464816212654114,0.7350000143051147,0.7947999835014343
YDR170C,YOL128C,0,-1.4148597,0.08463841676712036,0.7350000143051147,0.7949000000953674
YDR251W,YLR396C,0,-1.4149976,0.08462867140769958,0.7350000143051147,0.7950000166893005
YER166W,YCR052W,0,-1.4150636,0.08461892604827881,0.7350000143051147,0.7950999736785889
YDR440W,YOL142W,0,-1.4152453,0.08460918813943863,0.7350000143051147,0.795199990272522
YDR188W,YDL148C,0,-1.4152749,0.08459945023059845,0.7350000143051147,0.7953000068664551
YOR002W,YER095W,0,-1.4157579,0.08458971232175827,0.7350000143051147,0.7954000234603882
YGR163W,YPL125W,0,-1.4159346,0.08457997441291809,0.7350000143051147,0.7954999804496765
YJR064W,YJR017C,0,-1.4160408,0.08457024395465851,0.7350000143051147,0.7955999970436096
YCL029C,YDR113C,1,-1.4161849,0.08467556536197662,0.7360000014305115,0.7955999970436096
YJR057W,YOL016C,0,-1.4169753,0.08466582000255585,0.7360000014305115,0.7957000136375427
YPL267W,YGR140W,1,-1.4173558,0.08477110415697098,0.7369999885559082,0.7957000136375427
YFL034C-B,YML064C,1,-1.4174056,0.08487636595964432,0.7379999756813049,0.7957000136375427
YKR055W,YDR170C,0,-1.4175543,0.08486660569906235,0.7379999756813049,0.795799970626831
YOR274W,YDR397C,0,-1.4175558,0.08485684543848038,0.7379999756813049,0.7958999872207642
YKR063C,YKR101W,0,-1.417731,0.084847092628479,0.7379999756813049,0.7960000038146973
YNL139C,YKL119C,0,-1.4178894,0.08483733981847763,0.7379999756813049,0.7961000204086304
YOR144C,YPL053C,0,-1.4182539,0.08482758700847626,0.7379999756813049,0.7961999773979187
YPR093C,YLR148W,0,-1.418357,0.08481783419847488,0.7379999756813049,0.7962999939918518
YOR095C,YPL239W,0,-1.4184344,0.08480808883905411,0.7379999756813049,0.7964000105857849
YGL190C,YMR078C,1,-1.41868,0.08491324633359909,0.7390000224113464,0.7964000105857849
YCR052W,YBR080C,0,-1.4190094,0.08490349352359772,0.7390000224113464,0.796500027179718
YOL156W,YHR015W,0,-1.4192263,0.08489374071359634,0.7390000224113464,0.7965999841690063
YOR127W,YDR088C,0,-1.4194369,0.08488398790359497,0.7390000224113464,0.7967000007629395
YPR178W,YML049C,0,-1.4194542,0.0848742425441742,0.7390000224113464,0.7968000173568726
YIL103W,YOR209C,0,-1.4194689,0.08486448973417282,0.7390000224113464,0.7968999743461609
YDR228C,YJL093C,0,-1.4195585,0.08485474437475204,0.7390000224113464,0.796999990940094
YHR116W,YNL263C,0,-1.419601,0.08484500646591187,0.7390000224113464,0.7971000075340271
YPR105C,YPR082C,0,-1.4196011,0.08483526855707169,0.7390000224113464,0.7972000241279602
YLR131C,YMR078C,1,-1.4199344,0.08494031429290771,0.7400000095367432,0.7972000241279602
YER168C,YOR168W,0,-1.4200323,0.08493056148290634,0.7400000095367432,0.7972999811172485
YNL291C,YDL046W,0,-1.4200542,0.08492081612348557,0.7400000095367432,0.7973999977111816
YGR163W,YAL032C,0,-1.4200866,0.08491107076406479,0.7400000095367432,0.7975000143051147
YDR235W,YNL229C,0,-1.4203403,0.08490133285522461,0.7400000095367432,0.7975999712944031
YDR188W,YJL001W,0,-1.4203403,0.08489158749580383,0.7400000095367432,0.7976999878883362
YLR009W,YGR276C,0,-1.4207191,0.08488185703754425,0.7400000095367432,0.7978000044822693
YMR119W,YAR031W,0,-1.4208304,0.08487211912870407,0.7400000095367432,0.7979000210762024
YPR105C,YHR068W,0,-1.4209616,0.08486238867044449,0.7400000095367432,0.7979999780654907
YAR018C,YER087C-B,0,-1.4210362,0.0848526582121849,0.7400000095367432,0.7980999946594238
YOR085W,YCR028C-A,0,-1.4210708,0.08484292775392532,0.7400000095367432,0.7982000112533569
YIR010W,YER169W,0,-1.4212825,0.08483319729566574,0.7400000095367432,0.79830002784729
YBR192W,YOR295W,0,-1.4214035,0.08482347428798676,0.7400000095367432,0.7983999848365784
YPR141C,YAL047C,1,-1.421535,0.08492836356163025,0.7409999966621399,0.7983999848365784
YHR191C,YGL086W,1,-1.4216439,0.08503323048353195,0.7419999837875366,0.7983999848365784
YGR077C,YNL312W,0,-1.4216506,0.08502349257469177,0.7419999837875366,0.7985000014305115
YBR215W,YDL064W,1,-1.4217789,0.08512832224369049,0.7429999709129333,0.7985000014305115
YBR042C,YNL031C,0,-1.4219282,0.08511856943368912,0.7429999709129333,0.7986000180244446
YOR002W,YGR254W,0,-1.4220269,0.08510881662368774,0.7429999709129333,0.7986999750137329
YER169W,YDR083W,0,-1.4220519,0.08509907126426697,0.7429999709129333,0.798799991607666
YLR186W,YML123C,0,-1.4224238,0.08508932590484619,0.7429999709129333,0.7989000082015991
YOR002W,YLR405W,0,-1.422858,0.08507958054542542,0.7429999709129333,0.7990000247955322
YLR113W,YDL236W,0,-1.4230344,0.08506984263658524,0.7429999709129333,0.7990999817848206
YBL023C,YDR183W,0,-1.4235574,0.08506010472774506,0.7429999709129333,0.7991999983787537
YKL206C,YMR025W,0,-1.4235653,0.08505036681890488,0.7429999709129333,0.7993000149726868
YPL266W,YGL172W,0,-1.4239805,0.0850406289100647,0.7429999709129333,0.7993999719619751
YJL165C,YOR160W,0,-1.4244151,0.08503089845180511,0.7429999709129333,0.7994999885559082
YHR007C,YLR075W,0,-1.4246442,0.08502116799354553,0.7429999709129333,0.7996000051498413
YGR163W,YBR213W,0,-1.4246635,0.08501144498586655,0.7429999709129333,0.7997000217437744
YAL007C,YDL055C,0,-1.4248879,0.08500171452760696,0.7429999709129333,0.7997999787330627
YJR139C,YJL186W,0,-1.4249938,0.08499199151992798,0.7429999709129333,0.7998999953269958
YLL043W,YDR083W,0,-1.4250154,0.08498226851224899,0.7429999709129333,0.800000011920929
YDR440W,YOR229W,0,-1.4250937,0.0849725529551506,0.7429999709129333,0.8001000285148621
YGR197C,YER151C,0,-1.4251044,0.08496283739805222,0.7429999709129333,0.8001999855041504
YDR224C,YJL192C,0,-1.4251997,0.08495312184095383,0.7429999709129333,0.8003000020980835
YLR148W,YJR007W,0,-1.4252486,0.08494340628385544,0.7429999709129333,0.8004000186920166
YNL153C,YJL063C,0,-1.4256244,0.08493369817733765,0.7429999709129333,0.8004999756813049
YMR078C,YKR028W,1,-1.4256814,0.08503828942775726,0.7440000176429749,0.8004999756813049
YPR141C,YMR236W,1,-1.4258983,0.08514285832643509,0.7450000047683716,0.8004999756813049
YNL161W,YNL068C,1,-1.4260505,0.08524739742279053,0.7459999918937683,0.8004999756813049
YJL063C,YIL147C,0,-1.426254,0.08523765951395035,0.7459999918937683,0.800599992275238
YDR463W,YDR346C,0,-1.4263086,0.08522792160511017,0.7459999918937683,0.8007000088691711
YMR036C,YGR245C,1,-1.4263533,0.08533241599798203,0.746999979019165,0.8007000088691711
YPR093C,YDL056W,0,-1.4263654,0.08532267063856125,0.746999979019165,0.8008000254631042
YCR028C-A,YDR418W,0,-1.4263701,0.08531292527914047,0.746999979019165,0.8008999824523926
YLR431C,YGR141W,0,-1.4264917,0.08530318737030029,0.746999979019165,0.8009999990463257
YPR051W,YDL112W,0,-1.4266064,0.08529344946146011,0.746999979019165,0.8011000156402588
YER094C,YML029W,0,-1.4270465,0.08528371155261993,0.746999979019165,0.8011999726295471
YHR174W,YJL192C,0,-1.4270548,0.08527397364377975,0.746999979019165,0.8012999892234802
YEL029C,YCR052W,0,-1.4270754,0.08526423573493958,0.746999979019165,0.8014000058174133
YKR076W,YNL107W,0,-1.4272436,0.08525450527667999,0.746999979019165,0.8015000224113464
YIR004W,YIL061C,0,-1.4273287,0.08524478226900101,0.746999979019165,0.8015999794006348
YDR272W,YBR192W,0,-1.4281304,0.08523505181074142,0.746999979019165,0.8016999959945679
YHR186C,YLR268W,0,-1.4283834,0.08522532880306244,0.746999979019165,0.801800012588501
YGL065C,YMR263W,0,-1.4284612,0.08521560579538345,0.746999979019165,0.8019000291824341
YFR027W,YKR037C,1,-1.4285455,0.08531995117664337,0.7480000257492065,0.8019000291824341
YKL045W,YNL139C,0,-1.4286613,0.08531022071838379,0.7480000257492065,0.8019999861717224
YOL133W,YMR236W,1,-1.4287342,0.08541452884674072,0.7490000128746033,0.8019999861717224
YBR215W,YMR236W,1,-1.4289591,0.08551881462335587,0.75,0.8019999861717224
YIL124W,YJL166W,0,-1.4292486,0.08550906181335449,0.75,0.8021000027656555
YBR193C,YOR266W,0,-1.4293566,0.08549931645393372,0.75,0.8022000193595886
YLR381W,YDL056W,0,-1.4294207,0.08548957109451294,0.75,0.802299976348877
YML036W,YPR164W,0,-1.429785,0.08547982573509216,0.75,0.8023999929428101
YDR281C,YGL006W,0,-1.4299383,0.08547008782625198,0.75,0.8025000095367432
YHR034C,YBR073W,0,-1.4299684,0.0854603499174118,0.75,0.8026000261306763
YIL036W,YAL032C,0,-1.4300961,0.08545061200857162,0.75,0.8026999831199646
YPR019W,YML076C,0,-1.4301295,0.08544087409973145,0.75,0.8027999997138977
YEL027W,YHR163W,0,-1.4305701,0.08543114364147186,0.75,0.8029000163078308
YOR181W,YHR008C,0,-1.4306484,0.08542141318321228,0.75,0.8029999732971191
YJL111W,YDR217C,0,-1.4307162,0.0854116827249527,0.75,0.8030999898910522
YGL206C,YKL165C,0,-1.4311385,0.08540195971727371,0.75,0.8032000064849854
YKR036C,YDL135C,0,-1.4313447,0.08539223670959473,0.75,0.8033000230789185
YOR249C,YNL068C,1,-1.4313949,0.08549635857343674,0.7509999871253967,0.8033000230789185
YBL023C,YLR059C,0,-1.4314256,0.08548662811517715,0.7509999871253967,0.8033999800682068
YIL110W,YDR463W,0,-1.4314426,0.08547689765691757,0.7509999871253967,0.8034999966621399
YOL133W,YKR037C,1,-1.4314735,0.085580974817276,0.7519999742507935,0.8034999966621399
YGL120C,YLR200W,0,-1.431563,0.08557123690843582,0.7519999742507935,0.803600013256073
YKR083C,YGL216W,1,-1.4318485,0.08567527681589127,0.753000020980835,0.803600013256073
YML077W,YDR392W,0,-1.4319403,0.08566553145647049,0.753000020980835,0.8036999702453613
YGR163W,YOR162C,0,-1.432049,0.08565578609704971,0.753000020980835,0.8037999868392944
YBR042C,YER068W,0,-1.4322252,0.08564604073762894,0.753000020980835,0.8039000034332275
YGR204W,YJR121W,0,-1.4322898,0.08563630282878876,0.753000020980835,0.8040000200271606
YKL146W,YPL007C,0,-1.4324614,0.08562656491994858,0.753000020980835,0.804099977016449
YML077W,YML112W,0,-1.4325682,0.0856168270111084,0.753000020980835,0.8041999936103821
YMR119W,YPR111W,0,-1.4326344,0.08560709655284882,0.753000020980835,0.8043000102043152
YIL040W,YMR293C,0,-1.4332504,0.08559736609458923,0.753000020980835,0.8044000267982483
YAL059W,YJL192C,0,-1.4335167,0.08558763563632965,0.753000020980835,0.8044999837875366
YBR042C,YDR156W,0,-1.4336629,0.08557790517807007,0.753000020980835,0.8046000003814697
YDL145C,YJL165C,0,-1.4340476,0.08556818217039108,0.753000020980835,0.8047000169754028
YMR150C,YDL056W,0,-1.4341557,0.0855584591627121,0.753000020980835,0.8047999739646912
YPL028W,YBR143C,0,-1.4341743,0.08554873615503311,0.753000020980835,0.8048999905586243
YML036W,YPL127C,0,-1.4343455,0.08553902059793472,0.753000020980835,0.8050000071525574
YNL119W,YIR026C,0,-1.4344914,0.08552930504083633,0.753000020980835,0.8051000237464905
YER155C,YBR093C,0,-1.4345186,0.08551958948373795,0.753000020980835,0.8051999807357788
YLL027W,YAL032C,0,-1.4345216,0.08550988137722015,0.753000020980835,0.8052999973297119
YDR217C,YDL076C,0,-1.4345326,0.08550017327070236,0.753000020980835,0.805400013923645
YDR450W,YJL143W,0,-1.4347625,0.08549046516418457,0.753000020980835,0.8054999709129333
YGR227W,YLR066W,0,-1.4350808,0.08548075705766678,0.753000020980835,0.8055999875068665
YJL140W,YIL023C,0,-1.4350853,0.08547105640172958,0.753000020980835,0.8057000041007996
YPR128C,YDL126C,0,-1.4351524,0.08546135574579239,0.753000020980835,0.8058000206947327
YDR085C,YBR214W,0,-1.4352249,0.0854516550898552,0.753000020980835,0.805899977684021
YBR077C,YBR097W,0,-1.4354618,0.0854419618844986,0.753000020980835,0.8059999942779541
YNL068C,YML064C,1,-1.4354938,0.08554572612047195,0.7540000081062317,0.8059999942779541
YNL288W,YOL146W,0,-1.4355602,0.08553601801395416,0.7540000081062317,0.8061000108718872
YJR050W,YER012W,0,-1.4357706,0.08552631735801697,0.7540000081062317,0.8062000274658203
YLL004W,YLR221C,0,-1.4358075,0.08551661670207977,0.7540000081062317,0.8062999844551086
YIL009W,YAL023C,0,-1.4369642,0.08550691604614258,0.7540000081062317,0.8064000010490417
YPL228W,YDR518W,0,-1.4369884,0.08549722284078598,0.7540000081062317,0.8065000176429749
YBR193C,YDR400W,0,-1.4371732,0.08548752963542938,0.7540000081062317,0.8065999746322632
YAL023C,YCR052W,0,-1.4372648,0.08547783643007278,0.7540000081062317,0.8066999912261963
YNL219C,YLR051C,0,-1.4373909,0.08546815067529678,0.7540000081062317,0.8068000078201294
YJL165C,YOR099W,0,-1.437613,0.08545845746994019,0.7540000081062317,0.8069000244140625
YDR281C,YJL140W,0,-1.4376755,0.08544877916574478,0.7540000081062317,0.8069999814033508
YIL124W,YIL098C,0,-1.4378811,0.08543909341096878,0.7540000081062317,0.8070999979972839
YAL035W,YDR088C,0,-1.4380355,0.08542941510677338,0.7540000081062317,0.807200014591217
YKL021C,YKL045W,0,-1.438042,0.08541973680257797,0.7540000081062317,0.8072999715805054
YER030W,YDR218C,0,-1.4382088,0.08541005849838257,0.7540000081062317,0.8073999881744385
YMR119W,YIL124W,0,-1.4383249,0.08540038764476776,0.7540000081062317,0.8075000047683716
YMR033W,YJL085W,0,-1.4386308,0.08539071679115295,0.7540000081062317,0.8076000213623047
YGL187C,YPR178W,0,-1.4388261,0.08538104593753815,0.7540000081062317,0.807699978351593
YDR480W,YNL312W,0,-1.4388767,0.08537137508392334,0.7540000081062317,0.8077999949455261
YGR178C,YHL025W,0,-1.4389557,0.08536171168088913,0.7540000081062317,0.8079000115394592
YDL148C,YBR153W,0,-1.4390554,0.08535204827785492,0.7540000081062317,0.8080000281333923
YER030W,YNL218W,0,-1.4393735,0.08534238487482071,0.7540000081062317,0.8080999851226807
YLR304C,YIL124W,0,-1.4394757,0.0853327289223671,0.7540000081062317,0.8082000017166138
YNL029C,YBR130C,0,-1.4398241,0.08532307296991348,0.7540000081062317,0.8083000183105469
YBR036C,YBR188C,0,-1.4401758,0.08531341701745987,0.7540000081062317,0.8083999752998352
YDR440W,YBR129C,0,-1.4402652,0.08530376851558685,0.7540000081062317,0.8084999918937683
YGL065C,YKR036C,0,-1.4404387,0.08529412001371384,0.7540000081062317,0.8086000084877014
YPR093C,YML049C,0,-1.4404895,0.08528447151184082,0.7540000081062317,0.8087000250816345
YDR168W,YOR136W,0,-1.4405067,0.0852748230099678,0.7540000081062317,0.8087999820709229
YDL137W,YLR221C,0,-1.4405507,0.08526518195867538,0.7540000081062317,0.808899998664856
YMR025W,YIL061C,0,-1.4405917,0.08525554090738297,0.7540000081062317,0.8090000152587891
YBR042C,YLR051C,0,-1.4408889,0.08524589985609055,0.7540000081062317,0.8090999722480774
YFR034C,YIL061C,0,-1.4411728,0.08523626625537872,0.7540000081062317,0.8091999888420105
YOR151C,YKL144C,0,-1.441304,0.0852266326546669,0.7540000081062317,0.8093000054359436
YJL001W,YBR130C,0,-1.4418116,0.08521699905395508,0.7540000081062317,0.8094000220298767
YOR098C,YPR187W,0,-1.4421318,0.08520736545324326,0.7540000081062317,0.809499979019165
YHR030C,YPL106C,0,-1.4422207,0.08519773930311203,0.7540000081062317,0.8095999956130981
YBR110W,YOR094W,0,-1.4422792,0.0851881131529808,0.7540000081062317,0.8097000122070312
YML006C,YDR176W,0,-1.4423475,0.08517849445343018,0.7540000081062317,0.8098000288009644
YHR081W,YER072W,0,-1.4424351,0.08516886830329895,0.7540000081062317,0.8098999857902527
YBR188C,YLR275W,0,-1.4426153,0.08515924960374832,0.7540000081062317,0.8100000023841858
YOR026W,YGL190C,1,-1.4426441,0.08526256680488586,0.7549999952316284,0.8100000023841858
YBR215W,YHL007C,1,-1.4430054,0.08536585420370102,0.7559999823570251,0.8100000023841858
YHR081W,YDR392W,0,-1.4432065,0.0853562131524086,0.7559999823570251,0.8101000189781189
YJR057W,YMR293C,0,-1.4434419,0.08534657955169678,0.7559999823570251,0.8101999759674072
YFR046C,YKL064W,0,-1.4434595,0.08533694595098495,0.7559999823570251,0.8102999925613403
YGR120C,YDR206W,0,-1.443525,0.08532731235027313,0.7559999823570251,0.8104000091552734
YOR094W,YOR295W,0,-1.4436513,0.0853176862001419,0.7559999823570251,0.8105000257492065
YDL126C,YDL178W,0,-1.4436628,0.08530806005001068,0.7559999823570251,0.8105999827384949
YOR031W,YKR076W,0,-1.4437773,0.08529843389987946,0.7559999823570251,0.810699999332428
YGR163W,YKR029C,0,-1.4439545,0.08528880774974823,0.7559999823570251,0.8108000159263611
YDR188W,YJL125C,0,-1.4443126,0.0852791890501976,0.7559999823570251,0.8108999729156494
YBR205W,YJL026W,0,-1.4444494,0.08526957035064697,0.7559999823570251,0.8109999895095825
YEL030W,YDR439W,0,-1.4445565,0.08525995165109634,0.7559999823570251,0.8111000061035156
YBL040C,YGR178C,0,-1.4451354,0.08525034040212631,0.7559999823570251,0.8112000226974487
YDR106W,YFL029C,1,-1.4451678,0.08535347878932953,0.7570000290870667,0.8112000226974487
YLR186W,YJR069C,0,-1.4452857,0.0853438526391983,0.7570000290870667,0.8112999796867371
YGL200C,YOR174W,0,-1.4454176,0.08533423393964767,0.7570000290870667,0.8113999962806702
YOL133W,YGR245C,1,-1.4456742,0.08543732762336731,0.7580000162124634,0.8113999962806702
YJL099W,YNL218W,0,-1.4458908,0.08542770147323608,0.7580000162124634,0.8115000128746033
YGR140W,YGL086W,1,-1.4459832,0.08553076535463333,0.7590000033378601,0.8115000128746033
YER087C-B,YER008C,0,-1.4459968,0.08552112430334091,0.7590000033378601,0.8116000294685364
YNL291C,YDR289C,0,-1.446166,0.08551149070262909,0.7590000033378601,0.8116999864578247
YOR085W,YGR077C,0,-1.4463813,0.08550185710191727,0.7590000033378601,0.8118000030517578
YCR052W,YLL021W,0,-1.4466057,0.08549223095178604,0.7590000033378601,0.8119000196456909
YMR275C,YKL045W,0,-1.4467735,0.08548259735107422,0.7590000033378601,0.8119999766349792
YIL149C,YHR023W,0,-1.4469321,0.085472971200943,0.7590000033378601,0.8120999932289124
YDL178W,YMR263W,0,-1.4470526,0.08546334505081177,0.7590000033378601,0.8122000098228455
YNL288W,YPR111W,0,-1.4472132,0.08545372635126114,0.7590000033378601,0.8123000264167786
YPR135W,YKR028W,1,-1.4472706,0.08555667847394943,0.7599999904632568,0.8123000264167786
YHR059W,YLR107W,0,-1.4474647,0.0855470523238182,0.7599999904632568,0.8123999834060669
YNL288W,YHR119W,0,-1.4477077,0.08553742617368698,0.7599999904632568,0.8125
YFR027W,YDR310C,1,-1.4477443,0.0856403335928917,0.7609999775886536,0.8125
YJL125C,YPL082C,0,-1.44787,0.08563069999217987,0.7609999775886536,0.8126000165939331
YLR353W,YJR139C,0,-1.4481459,0.08562105894088745,0.7609999775886536,0.8126999735832214
YIL036W,YLR095C,0,-1.44847,0.08561143279075623,0.7609999775886536,0.8127999901771545
YNL288W,YDR183W,0,-1.4485373,0.0856017991900444,0.7609999775886536,0.8129000067710876
YBR211C,YHR079C,0,-1.4491374,0.08559217303991318,0.7609999775886536,0.8130000233650208
YOR249C,YAL047C,1,-1.4492116,0.08569500595331192,0.7620000243186951,0.8130000233650208
YMR287C,YDL056W,0,-1.4492837,0.0856853723526001,0.7620000243186951,0.8130999803543091
YOR260W,YBR009C,0,-1.4492943,0.08567573875188828,0.7620000243186951,0.8131999969482422
YMR119W,YAL002W,0,-1.4494379,0.08566610515117645,0.7620000243186951,0.8133000135421753
YGL144C,YKL042W,0,-1.449507,0.08565647155046463,0.7620000243186951,0.8133999705314636
YKL032C,YNL128W,0,-1.4495206,0.0856468454003334,0.7620000243186951,0.8134999871253967
YMR036C,YFL034C-B,1,-1.4496732,0.08574960380792618,0.7630000114440918,0.8134999871253967
YDR113C,YAL047C,1,-1.4497198,0.08585233986377716,0.7639999985694885,0.8134999871253967
YGR163W,YER178W,0,-1.4499184,0.08584269881248474,0.7639999985694885,0.8136000037193298
YPR141C,YJL019W,1,-1.4500016,0.08594539761543274,0.7649999856948853,0.8136000037193298
YKL110C,YMR182C,0,-1.4503603,0.08593574166297913,0.7649999856948853,0.8137000203132629
YER089C,YDL047W,1,-1.4504765,0.08603841066360474,0.765999972820282,0.8137000203132629
YHR073W,YNL139C,0,-1.4506198,0.08602875471115112,0.765999972820282,0.8137999773025513
YAL007C,YBR256C,0,-1.4507775,0.08601909130811691,0.765999972820282,0.8138999938964844
YNL329C,YHR205W,0,-1.4511237,0.0860094353556633,0.765999972820282,0.8140000104904175
YDR289C,YER087C-B,0,-1.4517775,0.08599977195262909,0.765999972820282,0.8141000270843506
YIL084C,YBR223C,0,-1.4518335,0.08599012345075607,0.765999972820282,0.8141999840736389
YOR326W,YDL064W,1,-1.451892,0.08609271794557571,0.7670000195503235,0.8141999840736389
YDL135C,YNL243W,0,-1.4519765,0.0860830545425415,0.7670000195503235,0.814300000667572
YBR155W,YGL078C,0,-1.4520249,0.0860733911395073,0.7670000195503235,0.8144000172615051
YKL005C,YDR251W,0,-1.4521718,0.08606373518705368,0.7670000195503235,0.8144999742507935
YER155C,YLR219W,0,-1.4523544,0.08605407923460007,0.7670000195503235,0.8145999908447266
YER030W,YBR042C,0,-1.4525144,0.08604442328214645,0.7670000195503235,0.8147000074386597
YIR025W,YIL153W,1,-1.4526169,0.08614694327116013,0.7680000066757202,0.8147000074386597
YLR368W,YFL059W,0,-1.453073,0.08613727986812592,0.7680000066757202,0.8148000240325928
YJR144W,YNL283C,0,-1.453137,0.0861276239156723,0.7680000066757202,0.8148999810218811
YBL040C,YNL222W,0,-1.4533101,0.08611796051263809,0.7680000066757202,0.8149999976158142
YPL254W,YPL157W,0,-1.4533302,0.08610830456018448,0.7680000066757202,0.8151000142097473
YJL111W,YLR372W,0,-1.4534482,0.08609865605831146,0.7680000066757202,0.8151999711990356
YEL030W,YOR380W,0,-1.453567,0.08608900010585785,0.7680000066757202,0.8152999877929688
YLR353W,YOL128C,0,-1.4538388,0.08607935160398483,0.7680000066757202,0.8154000043869019
YMR033W,YNL310C,0,-1.4544106,0.08606971055269241,0.7680000066757202,0.815500020980835
YML036W,YOR266W,0,-1.4545822,0.0860600620508194,0.7680000066757202,0.8155999779701233
YKR036C,YGL058W,0,-1.45528,0.08605042099952698,0.7680000066757202,0.8156999945640564
YIL036W,YJL101C,0,-1.4553638,0.08604077994823456,0.7680000066757202,0.8158000111579895
YHL007C,YDL064W,1,-1.4554075,0.08614315837621689,0.7689999938011169,0.8158000111579895
YNL025C,YLR369W,0,-1.455468,0.08613350987434387,0.7689999938011169,0.8159000277519226
YGL150C,YJL138C,0,-1.4555268,0.08612386882305145,0.7689999938011169,0.8159999847412109
YGR097W,YOR231W,0,-1.4557424,0.08611422032117844,0.7689999938011169,0.816100001335144
YKR054C,YMR036C,1,-1.4557451,0.08621654659509659,0.7699999809265137,0.816100001335144
YBR110W,YJL143W,0,-1.4557985,0.08620689809322357,0.7699999809265137,0.8162000179290771
YMR287C,YPL007C,0,-1.4559228,0.08619724959135056,0.7699999809265137,0.8162999749183655
YBR260C,YBR223C,0,-1.45593,0.08618760108947754,0.7699999809265137,0.8163999915122986
YDR228C,YOL055C,0,-1.4561703,0.08617795258760452,0.7699999809265137,0.8165000081062317
YKL110C,YGL167C,0,-1.456223,0.0861683115363121,0.7699999809265137,0.8166000247001648
YPL048W,YER087C-B,0,-1.4564663,0.08615866303443909,0.7699999809265137,0.8166999816894531
YOR026W,YNL068C,1,-1.4569216,0.08626090735197067,0.7710000276565552,0.8166999816894531
YLR285W,YKL028W,0,-1.4569546,0.08625125885009766,0.7710000276565552,0.8167999982833862
YBR110W,YIL138C,0,-1.4572886,0.08624161034822464,0.7710000276565552,0.8169000148773193
YKL026C,YDL079C,0,-1.4574037,0.08623196184635162,0.7710000276565552,0.8169999718666077
YPR052C,YIL138C,0,-1.457441,0.0862223207950592,0.7710000276565552,0.8170999884605408
YJL099W,YIL147C,0,-1.4575281,0.08621267974376678,0.7710000276565552,0.8172000050544739
YDR421W,YNL139C,0,-1.4587433,0.08620303869247437,0.7710000276565552,0.817300021648407
YMR236W,YML064C,1,-1.4591339,0.08630520105361938,0.7720000147819519,0.817300021648407
YDR421W,YNL042W,0,-1.4591389,0.08629555255174637,0.7720000147819519,0.8173999786376953
YER095W,YDR392W,0,-1.4593067,0.08628590404987335,0.7720000147819519,0.8174999952316284
YJR083C,YAR018C,0,-1.4593477,0.08627626299858093,0.7720000147819519,0.8176000118255615
YOR322C,YJR033C,0,-1.4594551,0.08626662194728851,0.7720000147819519,0.8177000284194946
YER012W,YGL098W,0,-1.4594555,0.0862569808959961,0.7720000147819519,0.817799985408783
YJL095W,YIR010W,0,-1.4596709,0.08624734729528427,0.7720000147819519,0.8179000020027161
YDL132W,YER133W,1,-1.4597862,0.08634942024946213,0.7730000019073486,0.8179000020027161
YCR067C,YKL034W,0,-1.4598124,0.08633977174758911,0.7730000019073486,0.8180000185966492
YJL026W,YLR268W,0,-1.4601111,0.08633013069629669,0.7730000019073486,0.8180999755859375
YFR046C,YJL029C,0,-1.4602282,0.08632048964500427,0.7730000019073486,0.8181999921798706
YMR168C,YKR037C,1,-1.4604805,0.08642251044511795,0.7739999890327454,0.8181999921798706
YPL217C,YML019W,0,-1.4605339,0.08641286194324493,0.7739999890327454,0.8183000087738037
YGR140W,YDL047W,1,-1.4607708,0.08651484549045563,0.7749999761581421,0.8183000087738037
YIL118W,YOR095C,0,-1.4607906,0.08650518953800201,0.7749999761581421,0.8184000253677368
YPR122W,YGL142C,0,-1.4610718,0.0864955335855484,0.7749999761581421,0.8184999823570251
YDR183W,YKL144C,0,-1.4611061,0.08648588508367538,0.7749999761581421,0.8185999989509583
YKR063C,YDL056W,0,-1.461307,0.08647623658180237,0.7749999761581421,0.8187000155448914
YPL151C,YMR013C,0,-1.4617252,0.08646658807992935,0.7749999761581421,0.8187999725341797
YHR034C,YDR435C,0,-1.4617513,0.08645693957805634,0.7749999761581421,0.8188999891281128
YGR178C,YDR177W,0,-1.4626255,0.08644729852676392,0.7749999761581421,0.8190000057220459
YIL036W,YBR129C,0,-1.4629903,0.0864376500248909,0.7749999761581421,0.819100022315979
YMR053C,YPL007C,0,-1.4630823,0.08642801642417908,0.7749999761581421,0.8191999793052673
YHR187W,YGR005C,0,-1.4633856,0.08641837537288666,0.7749999761581421,0.8192999958992004
YJL062W,YOR106W,0,-1.4634881,0.08640874177217484,0.7749999761581421,0.8194000124931335
YHL038C,YIL110W,0,-1.4640868,0.08639910817146301,0.7749999761581421,0.8195000290870667
YGL130W,YIL138C,0,-1.4641054,0.08638947457075119,0.7749999761581421,0.819599986076355
YEL019C,YMR030W,0,-1.4646002,0.08637984842061996,0.7749999761581421,0.8197000026702881
YML086C,YML077W,0,-1.4647048,0.08637022227048874,0.7749999761581421,0.8198000192642212
YBR036C,YLR148W,0,-1.4647095,0.08636059612035751,0.7749999761581421,0.8198999762535095
YDR168W,YDR314C,0,-1.4648252,0.08635097742080688,0.7749999761581421,0.8199999928474426
YJR017C,YNL138W,0,-1.4652506,0.08634135127067566,0.7749999761581421,0.8201000094413757
YEL027W,YNL002C,0,-1.4655693,0.08633174002170563,0.7749999761581421,0.8202000260353088
YDR251W,YOR353C,0,-1.4656389,0.086322121322155,0.7749999761581421,0.8202999830245972
YPL169C,YKL144C,0,-1.4657308,0.08631251007318497,0.7749999761581421,0.8203999996185303
YER068W,YDR083W,0,-1.466111,0.08630289882421494,0.7749999761581421,0.8205000162124634
YAL032C,YDR379W,0,-1.466124,0.0862932875752449,0.7749999761581421,0.8205999732017517
YGR163W,YPR075C,0,-1.4661666,0.08628367632627487,0.7749999761581421,0.8206999897956848
YOL071W,YMR293C,0,-1.4663261,0.08627407252788544,0.7749999761581421,0.8208000063896179
YNL119W,YGR280C,0,-1.4665992,0.086264468729496,0.7749999761581421,0.820900022983551
YLR431C,YDL207W,0,-1.4666176,0.08625487238168716,0.7749999761581421,0.8209999799728394
YOR388C,YHR015W,0,-1.4667318,0.08624526858329773,0.7749999761581421,0.8210999965667725
YDL045C,YNL138W,0,-1.4667746,0.08623567223548889,0.7749999761581421,0.8212000131607056
YLR095C,YGR147C,0,-1.4675877,0.08622607588768005,0.7749999761581421,0.8213000297546387
YBR129C,YLR022C,0,-1.4676769,0.08621648699045181,0.7749999761581421,0.821399986743927
YKL110C,YHR205W,0,-1.4677801,0.08620689809322357,0.7749999761581421,0.8215000033378601
YLR431C,YGR241C,0,-1.4678295,0.08619730919599533,0.7749999761581421,0.8216000199317932
YLR329W,YDR379W,0,-1.4680876,0.08618772029876709,0.7749999761581421,0.8216999769210815
YOR193W,YKL045W,0,-1.468158,0.08617813885211945,0.7749999761581421,0.8217999935150146
YKL026C,YJL140W,0,-1.4683366,0.0861685574054718,0.7749999761581421,0.8219000101089478
YOR326W,YJL074C,1,-1.4685166,0.08627015352249146,0.7760000228881836,0.8219000101089478
YOR274W,YKR029C,0,-1.4685597,0.08626055717468262,0.7760000228881836,0.8220000267028809
YPL119C,YNL106C,0,-1.468787,0.08625097572803497,0.7760000228881836,0.8220999836921692
YDR318W,YOR193W,0,-1.4690278,0.08624138683080673,0.7760000228881836,0.8222000002861023
YPR082C,YFR005C,0,-1.4691179,0.08623180538415909,0.7760000228881836,0.8223000168800354
YDR379W,YGR197C,0,-1.4691283,0.08622222393751144,0.7760000228881836,0.8223999738693237
YOR209C,YML025C,0,-1.4691662,0.0862126424908638,0.7760000228881836,0.8224999904632568
YFR009W,YGR047C,0,-1.4691722,0.08620306849479675,0.7760000228881836,0.8226000070571899
YGR227W,YMR182C,0,-1.4692792,0.0861934944987297,0.7760000228881836,0.822700023651123
YLR115W,YIR008C,0,-1.4695075,0.08618392050266266,0.7760000228881836,0.8227999806404114
YGL142C,YBR153W,0,-1.4696426,0.08617434650659561,0.7760000228881836,0.8228999972343445
YBL045C,YPL053C,0,-1.4699236,0.08616477996110916,0.7760000228881836,0.8230000138282776
YLR148W,YML069W,0,-1.4700497,0.08615521341562271,0.7760000228881836,0.8230999708175659
YKR055W,YEL002C,0,-1.4700778,0.08614564687013626,0.7760000228881836,0.823199987411499
YBR041W,YJL036W,0,-1.4704843,0.08613608777523041,0.7760000228881836,0.8233000040054321
YMR048W,YMR036C,1,-1.470607,0.08623751252889633,0.7770000100135803,0.8233000040054321
YOR274W,YLR275W,0,-1.4707382,0.08622794598340988,0.7770000100135803,0.8234000205993652
YBR155W,YGL172W,0,-1.4709954,0.08621837198734283,0.7770000100135803,0.8234999775886536
YHR158C,YER089C,1,-1.4710468,0.08631975948810577,0.777999997138977,0.8234999775886536
YDR206W,YGL004C,0,-1.4711101,0.08631018549203873,0.777999997138977,0.8235999941825867
YNL048W,YDR224C,0,-1.4712932,0.08630061149597168,0.777999997138977,0.8237000107765198
YMR025W,YDL046W,0,-1.4715998,0.08629103749990463,0.777999997138977,0.8238000273704529
YFL029C,YMR036C,1,-1.4719934,0.0863923728466034,0.7789999842643738,0.8238000273704529
YFR009W,YDR176W,0,-1.4722763,0.08638279139995575,0.7789999842643738,0.8238999843597412
YER178W,YLR357W,0,-1.472343,0.0863732099533081,0.7789999842643738,0.8240000009536743
YJL203W,YGR276C,0,-1.4723618,0.08636363595724106,0.7789999842643738,0.8241000175476074
YER008C,YCR081W,0,-1.4724746,0.08635406196117401,0.7789999842643738,0.8241999745368958
YNL288W,YKL025C,0,-1.4725538,0.08634448796510696,0.7789999842643738,0.8242999911308289
YMR033W,YGL142C,0,-1.4729602,0.08633492141962051,0.7789999842643738,0.824400007724762
YHL038C,YML076C,0,-1.4730196,0.08632535487413406,0.7789999842643738,0.8245000243186951
YBL040C,YDR176W,0,-1.4732403,0.08631578832864761,0.7789999842643738,0.8245999813079834
YPR082C,YNL312W,0,-1.473466,0.08630622923374176,0.7789999842643738,0.8246999979019165
YDL145C,YLR191W,0,-1.4735007,0.08629666268825531,0.7789999842643738,0.8248000144958496
YCR010C,YDR179C,0,-1.4735215,0.08628710359334946,0.7789999842643738,0.8248999714851379
YGL223C,YER094C,0,-1.4740537,0.0862775519490242,0.7789999842643738,0.824999988079071
YLR353W,YJR064W,0,-1.4742087,0.08626799285411835,0.7789999842643738,0.8251000046730042
YOR326W,YDR310C,1,-1.4743255,0.08636917173862457,0.7799999713897705,0.8251000046730042
YGR163W,YLR305C,0,-1.4743569,0.08635961264371872,0.7799999713897705,0.8252000212669373
YDR469W,YNL107W,0,-1.4744663,0.08635004609823227,0.7799999713897705,0.8252999782562256
YGL006W,YGL004C,0,-1.4745054,0.08634049445390701,0.7799999713897705,0.8253999948501587
YDR040C,YDR217C,0,-1.4746585,0.08633093535900116,0.7799999713897705,0.8255000114440918
YDR206W,YPL125W,0,-1.4746655,0.0863213837146759,0.7799999713897705,0.8256000280380249
YDR040C,YLR107W,0,-1.4747195,0.08631183207035065,0.7799999713897705,0.8256999850273132
YGR245C,YDL064W,1,-1.4748001,0.08641292154788971,0.781000018119812,0.8256999850273132
YGL086W,YMR036C,1,-1.4749149,0.08651399612426758,0.7820000052452087,0.8256999850273132
YMR275C,YOR346W,0,-1.474959,0.08650442212820053,0.7820000052452087,0.8258000016212463
YHR073W,YKR062W,0,-1.4752676,0.08649485558271408,0.7820000052452087,0.8259000182151794
YGL254W,YNL119W,0,-1.4756892,0.08648528903722763,0.7820000052452087,0.8259999752044678
YER133W,YJR090C,1,-1.4758592,0.08658631145954132,0.7829999923706055,0.8259999752044678
YKL064W,YCL061C,0,-1.4758604,0.08657673746347427,0.7829999923706055,0.8260999917984009
YMR030W,YLR200W,0,-1.4758738,0.08656716346740723,0.7829999923706055,0.826200008392334
YFR005C,YBR061C,0,-1.4763322,0.08655759692192078,0.7829999923706055,0.8263000249862671
YHR187W,YKR062W,0,-1.4764309,0.08654803037643433,0.7829999923706055,0.8263999819755554
YNL317W,YOR179C,0,-1.4765348,0.08653846383094788,0.7829999923706055,0.8264999985694885
YGL086W,YFL034C-B,1,-1.4768991,0.086639404296875,0.7839999794960022,0.8264999985694885
YKL206C,YOL005C,0,-1.4770906,0.08662983775138855,0.7839999794960022,0.8266000151634216
YNL042W,YMR316W,0,-1.4773235,0.0866202637553215,0.7839999794960022,0.82669997215271
YFL034C-B,YHL007C,1,-1.477354,0.08672116696834564,0.7850000262260437,0.82669997215271
YKL206C,YDR126W,0,-1.477364,0.086711585521698,0.7850000262260437,0.8267999887466431
YER169W,YDR227W,0,-1.4773726,0.08670201152563095,0.7850000262260437,0.8269000053405762
YJR090C,YDR113C,1,-1.4774916,0.08680287003517151,0.7860000133514404,0.8269000053405762
YFL034C-B,YDR310C,1,-1.4775188,0.08690371364355087,0.7870000004768372,0.8269000053405762
YHR067W,YER012W,0,-1.4780293,0.08689411729574203,0.7870000004768372,0.8270000219345093
YPL125W,YOR322C,0,-1.4781383,0.0868845209479332,0.7870000004768372,0.8270999789237976
YBR211C,YDR206W,0,-1.478755,0.08687493205070496,0.7870000004768372,0.8271999955177307
YGR178C,YJL001W,0,-1.4789076,0.08686534315347672,0.7870000004768372,0.8273000121116638
YHR186C,YDL056W,0,-1.479322,0.08685575425624847,0.7870000004768372,0.8274000287055969
YOL043C,YML069W,0,-1.4794872,0.08684617280960083,0.7870000004768372,0.8274999856948853
YJL111W,YGL144C,0,-1.4795066,0.08683659136295319,0.7870000004768372,0.8276000022888184
YLR115W,YNL127W,0,-1.4796996,0.08682700991630554,0.7870000004768372,0.8277000188827515
YNL312W,YER087C-B,0,-1.4799266,0.0868174284696579,0.7870000004768372,0.8277999758720398
YPL053C,YCL054W,0,-1.4801207,0.08680785447359085,0.7870000004768372,0.8278999924659729
YLR115W,YNL229C,0,-1.480211,0.0867982804775238,0.7870000004768372,0.828000009059906
YNL068C,YDR201W,1,-1.4805636,0.08689898252487183,0.7879999876022339,0.828000009059906
YLR115W,YIL138C,0,-1.4808216,0.08688940107822418,0.7879999876022339,0.8281000256538391
YNL288W,YDR478W,0,-1.4809511,0.08687982708215714,0.7879999876022339,0.8281999826431274
YER127W,YGR185C,0,-1.481038,0.08687024563550949,0.7879999876022339,0.8282999992370605
YDL137W,YLR193C,0,-1.4814161,0.08686067163944244,0.7879999876022339,0.8284000158309937
YIL036W,YNL287W,0,-1.48244,0.0868510976433754,0.7879999876022339,0.828499972820282
YLL001W,YKL042W,0,-1.4827644,0.08684152364730835,0.7879999876022339,0.8285999894142151
YDL047W,YAL047C,1,-1.4833698,0.0869421511888504,0.7889999747276306,0.8285999894142151
YDL137W,YBR080C,0,-1.4835918,0.08693256974220276,0.7889999747276306,0.8287000060081482
YNL291C,YNL139C,0,-1.483602,0.08692299574613571,0.7889999747276306,0.8288000226020813
YKR076W,YPR178W,0,-1.4836284,0.08691341429948807,0.7889999747276306,0.8288999795913696
YJL140W,YHR119W,0,-1.4839716,0.08690384775400162,0.7889999747276306,0.8289999961853027
YDR420W,YJL139C,0,-1.4839923,0.08689427375793457,0.7889999747276306,0.8291000127792358
YML036W,YJL143W,0,-1.4844372,0.08688470721244812,0.7889999747276306,0.829200029373169
YJR144W,YOL128C,0,-1.4844846,0.08687514066696167,0.7889999747276306,0.8292999863624573
YLR381W,YOL146W,0,-1.4847708,0.08686557412147522,0.7889999747276306,0.8294000029563904
YNL219C,YLR275W,0,-1.4850616,0.08685600757598877,0.7889999747276306,0.8295000195503235
YJR083C,YJR131W,0,-1.4851546,0.08684644848108292,0.7889999747276306,0.8295999765396118
YGR178C,YJL143W,0,-1.4853339,0.08683688938617706,0.7889999747276306,0.8296999931335449
YLR144C,YNL128W,0,-1.4855647,0.0868273377418518,0.7889999747276306,0.829800009727478
YKL017C,YOR193W,0,-1.4857365,0.08681777864694595,0.7889999747276306,0.8299000263214111
YFL034C-B,YDL064W,1,-1.4857522,0.08691824972629547,0.7900000214576721,0.8299000263214111
YJL019W,YMR236W,1,-1.4858098,0.0870186984539032,0.7910000085830688,0.8299000263214111
YHR150W,YML069W,0,-1.4859495,0.08700913190841675,0.7910000085830688,0.8299999833106995
YDL015C,YPL239W,0,-1.4861107,0.0869995579123497,0.7910000085830688,0.8300999999046326
YDR397C,YOL146W,0,-1.4862696,0.08698999136686325,0.7910000085830688,0.8302000164985657
YMR097C,YKR029C,0,-1.4864464,0.0869804248213768,0.7910000085830688,0.830299973487854
YNL021W,YGL058W,0,-1.4865093,0.08697086572647095,0.7910000085830688,0.8303999900817871
YJR064W,YOR341W,0,-1.4867513,0.0869612991809845,0.7910000085830688,0.8305000066757202
YOR319W,YNL291C,0,-1.4870241,0.08695174008607864,0.7910000085830688,0.8306000232696533
YIL036W,YLR033W,0,-1.4870262,0.08694218844175339,0.7910000085830688,0.8306999802589417
YBL003C,YOR095C,0,-1.4870355,0.08693262934684753,0.7910000085830688,0.8307999968528748
YBL023C,YHR150W,0,-1.487266,0.08692307770252228,0.7910000085830688,0.8309000134468079
YHR052W,YLR264W,0,-1.487268,0.08691352605819702,0.7910000085830688,0.8309999704360962
YDR176W,YKL042W,0,-1.4873297,0.08690397441387177,0.7910000085830688,0.8310999870300293
YDR420W,YGL098W,0,-1.487711,0.0868944302201271,0.7910000085830688,0.8312000036239624
YML036W,YDR088C,0,-1.4877236,0.08688488602638245,0.7910000085830688,0.8313000202178955
YPL086C,YDR156W,0,-1.4878061,0.08687534183263779,0.7910000085830688,0.8313999772071838
YDR397C,YDL002C,0,-1.4881761,0.08686580508947372,0.7910000085830688,0.8314999938011169
YER127W,YNL231C,0,-1.4881821,0.08685626089572906,0.7910000085830688,0.83160001039505
YOR002W,YJR132W,0,-1.4881866,0.0868467316031456,0.7910000085830688,0.8317000269889832
YNL148C,YNL128W,0,-1.4885787,0.08683719485998154,0.7910000085830688,0.8317999839782715
YLR268W,YNL025C,0,-1.4885902,0.08682766556739807,0.7910000085830688,0.8319000005722046
YBR155W,YBR153W,0,-1.488812,0.08681812882423401,0.7910000085830688,0.8320000171661377
YER127W,YBR153W,0,-1.488905,0.08680860698223114,0.7910000085830688,0.832099974155426
YOR160W,YOL043C,0,-1.4893994,0.08679907768964767,0.7910000085830688,0.8321999907493591
YPR199C,YHR079C,0,-1.4894178,0.0867895558476448,0.7910000085830688,0.8323000073432922
YIL124W,YKL093W,0,-1.4894657,0.08678003400564194,0.7910000085830688,0.8324000239372253
YJR057W,YKL017C,0,-1.4902654,0.08677051216363907,0.7910000085830688,0.8324999809265137
YLR285W,YIR008C,0,-1.4903432,0.0867609977722168,0.7910000085830688,0.8325999975204468
YJR131W,YIR008C,0,-1.4904246,0.08675148338079453,0.7910000085830688,0.8327000141143799
YCL029C,YNL068C,1,-1.4905301,0.08685162663459778,0.7919999957084656,0.8327000141143799
YDL046W,YJR033C,0,-1.4907446,0.08684210479259491,0.7919999957084656,0.8327999711036682
YMR182C,YPL085W,0,-1.4908055,0.08683258295059204,0.7919999957084656,0.8328999876976013
YJL125C,YDR346C,0,-1.4909302,0.08682306855916977,0.7919999957084656,0.8330000042915344
YBR036C,YNL329C,0,-1.4911762,0.0868135467171669,0.7919999957084656,0.8331000208854675
YGL223C,YLL004W,0,-1.4912636,0.08680403232574463,0.7919999957084656,0.8331999778747559
YER155C,YPL048W,0,-1.4917147,0.08679451793432236,0.7919999957084656,0.833299994468689
YHR116W,YGR077C,0,-1.492312,0.08678501099348068,0.7919999957084656,0.8334000110626221
YLR431C,YNL214W,0,-1.492583,0.08677550405263901,0.7919999957084656,0.8335000276565552
YJR131W,YGR047C,0,-1.4925904,0.08676599711179733,0.7919999957084656,0.8335999846458435
YDL043C,YBR077C,0,-1.4926821,0.08675649017095566,0.7919999957084656,0.8337000012397766
YPR141C,YKR028W,1,-1.4930602,0.08685651421546936,0.7929999828338623,0.8337000012397766
YPL145C,YKR063C,0,-1.493092,0.08684700727462769,0.7929999828338623,0.8338000178337097
YJR144W,YDR334W,0,-1.4931419,0.08683749288320541,0.7929999828338623,0.833899974822998
YMR263W,YML076C,0,-1.4933072,0.08682798594236374,0.7929999828338623,0.8339999914169312
YDR088C,YLL040C,0,-1.4934684,0.08681847900152206,0.7929999828338623,0.8341000080108643
YBL023C,YNL312W,0,-1.4934762,0.08680897951126099,0.7929999828338623,0.8342000246047974
YER155C,YOL031C,0,-1.4934825,0.08679947257041931,0.7929999828338623,0.8342999815940857
YLR193C,YMR293C,0,-1.4935604,0.08678997308015823,0.7929999828338623,0.8343999981880188
YDL076C,YBR097W,0,-1.4935915,0.08678047358989716,0.7929999828338623,0.8345000147819519
YCR066W,YDR392W,0,-1.4937563,0.08677098155021667,0.7929999828338623,0.8345999717712402
YFL034C-B,YJL019W,1,-1.4942688,0.08687089383602142,0.7940000295639038,0.8345999717712402
YBR041W,YAL056W,0,-1.494415,0.08686139434576035,0.7940000295639038,0.8346999883651733
YNL325C,YNL229C,0,-1.4947721,0.08685189485549927,0.7940000295639038,0.8348000049591064
YNL329C,YLR147C,0,-1.4948685,0.08684239536523819,0.7940000295639038,0.8349000215530396
YNL287W,YOL102C,0,-1.4950325,0.08683289587497711,0.7940000295639038,0.8349999785423279
YBL045C,YDR322C-A,0,-1.4950898,0.08682340383529663,0.7940000295639038,0.835099995136261
YHR174W,YBR009C,0,-1.495149,0.08681390434503555,0.7940000295639038,0.8352000117301941
YNL262W,YOL102C,0,-1.4952868,0.08680441975593567,0.7940000295639038,0.8353000283241272
YDR421W,YOL043C,0,-1.4955517,0.08679492771625519,0.7940000295639038,0.8353999853134155
YNL161W,YNL116W,1,-1.4956391,0.08689474314451218,0.7950000166893005,0.8353999853134155
YKL120W,YOR151C,0,-1.4957283,0.0868852436542511,0.7950000166893005,0.8355000019073486
YFR005C,YKL028W,0,-1.4958909,0.08687575161457062,0.7950000166893005,0.8356000185012817
YKR083C,YML064C,1,-1.4964433,0.08697552233934402,0.7960000038146973,0.8356000185012817
YNL068C,YGL216W,1,-1.4966093,0.08707527816295624,0.796999990940094,0.8356000185012817
YGL172W,YDR170C,0,-1.4966991,0.08706576377153397,0.796999990940094,0.8356999754905701
YJR090C,YDR201W,1,-1.4967713,0.0871654823422432,0.7979999780654907,0.8356999754905701
YIL085C,YDR499W,0,-1.4969878,0.08715596050024033,0.7979999780654907,0.8357999920845032
YFL029C,YIR025W,1,-1.4976072,0.08725564926862717,0.7990000247955322,0.8357999920845032
YMR113W,YGL068W,0,-1.4982858,0.0872461199760437,0.7990000247955322,0.8359000086784363
YIL021W,YGR085C,0,-1.4986684,0.08723659813404083,0.7990000247955322,0.8360000252723694
YOR085W,YPR042C,0,-1.4989417,0.08722707629203796,0.7990000247955322,0.8360999822616577
YAL020C,YGL063W,0,-1.4990209,0.0872175544500351,0.7990000247955322,0.8361999988555908
YFL057C,YNL037C,0,-1.4990994,0.08720803260803223,0.7990000247955322,0.8363000154495239
YKL005C,YPL087W,0,-1.4994761,0.08719851821660995,0.7990000247955322,0.8363999724388123
YMR119W,YNL218W,0,-1.5005887,0.08718900382518768,0.7990000247955322,0.8364999890327454
YKR083C,YDR113C,1,-1.5007586,0.08728859573602676,0.800000011920929,0.8364999890327454
YPR141C,YDL064W,1,-1.5008092,0.08738817274570465,0.8009999990463257,0.8364999890327454
YPR019W,YNL229C,0,-1.5012512,0.08737864345312119,0.8009999990463257,0.8366000056266785
YMR287C,YPL151C,0,-1.5016868,0.08736910670995712,0.8009999990463257,0.8367000222206116
YKL120W,YML019W,0,-1.5018811,0.08735958486795425,0.8009999990463257,0.8367999792098999
YLR431C,YHR150W,0,-1.5024374,0.08735005557537079,0.8009999990463257,0.836899995803833
YDL046W,YGR063C,0,-1.5024464,0.08734052628278732,0.8009999990463257,0.8370000123977661
YDR188W,YML059C,0,-1.5024595,0.08733100444078445,0.8009999990463257,0.8371000289916992
YLR102C,YHR191C,1,-1.5025096,0.08743049949407578,0.8019999861717224,0.8371000289916992
YCR066W,YLR396C,0,-1.5027559,0.08742097020149231,0.8019999861717224,0.8371999859809875
YNL084C,YBR041W,0,-1.502923,0.08741144090890884,0.8019999861717224,0.8373000025749207
YJL166W,YKR031C,0,-1.5030053,0.08740191906690598,0.8019999861717224,0.8374000191688538
YPR193C,YPL213W,0,-1.5032352,0.0873923972249031,0.8019999861717224,0.8374999761581421
YLR095C,YLR035C,0,-1.5033617,0.08738287538290024,0.8019999861717224,0.8375999927520752
YNL003C,YIR008C,0,-1.503425,0.08737335354089737,0.8019999861717224,0.8377000093460083
YDR518W,YHR186C,0,-1.5038128,0.0873638316988945,0.8019999861717224,0.8378000259399414
YIL124W,YER044C,0,-1.5038313,0.08735431730747223,0.8019999861717224,0.8378999829292297
YBL105C,YLR357W,0,-1.5038341,0.08734480291604996,0.8019999861717224,0.8379999995231628
YPL228W,YNL329C,0,-1.5038998,0.08733529597520828,0.8019999861717224,0.838100016117096
YER095W,YCR052W,0,-1.5039546,0.08732578158378601,0.8019999861717224,0.8381999731063843
YNL042W,YOR160W,0,-1.5039837,0.08731627464294434,0.8019999861717224,0.8382999897003174
YNR057C,YOR274W,0,-1.504082,0.08730676770210266,0.8019999861717224,0.8384000062942505
YGL065C,YBR205W,0,-1.5042466,0.08729726821184158,0.8019999861717224,0.8385000228881836
YMR081C,YER068W,0,-1.5043945,0.0872877687215805,0.8019999861717224,0.8385999798774719
YNL153C,YJR043C,0,-1.5047967,0.08727826923131943,0.8019999861717224,0.838699996471405
YPR052C,YBR069C,0,-1.5052354,0.08726876974105835,0.8019999861717224,0.8388000130653381
YKR034W,YOL147C,0,-1.5056505,0.08725927770137787,0.8019999861717224,0.8389000296592712
YEL029C,YMR005W,0,-1.5056835,0.08724978566169739,0.8019999861717224,0.8389999866485596
YGL190C,YOL133W,1,-1.50601,0.087349072098732,0.8029999732971191,0.8389999866485596
YBL045C,YGL137W,0,-1.506283,0.08733957260847092,0.8029999732971191,0.8391000032424927
YCL029C,YIR025W,1,-1.5066775,0.08743882179260254,0.8040000200271606,0.8391000032424927
YGR047C,YDR177W,0,-1.506814,0.08742931485176086,0.8040000200271606,0.8392000198364258
YKL119C,YNL107W,0,-1.5068365,0.08741980791091919,0.8040000200271606,0.8392999768257141
YAL020C,YDL207W,0,-1.5070848,0.08741030842065811,0.8040000200271606,0.8393999934196472
YOR002W,YLR372W,0,-1.5071514,0.08740080147981644,0.8040000200271606,0.8395000100135803
YDL245C,YDL002C,0,-1.5072124,0.08739130198955536,0.8040000200271606,0.8396000266075134
YAL023C,YJL026W,0,-1.5073142,0.08738180994987488,0.8040000200271606,0.8396999835968018
YKL006C-A,YBR143C,0,-1.5074198,0.0873723104596138,0.8040000200271606,0.8398000001907349
YJR033C,YMR293C,0,-1.5074579,0.08736281841993332,0.8040000200271606,0.839900016784668
YNL206C,YLR305C,0,-1.507569,0.08735332638025284,0.8040000200271606,0.8399999737739563
YIL070C,YJL029C,0,-1.5080516,0.08734383434057236,0.8040000200271606,0.8400999903678894
YJR153W,YGR006W,0,-1.508205,0.08733434975147247,0.8040000200271606,0.8402000069618225
YOR179C,YMR293C,0,-1.508415,0.08732486516237259,0.8040000200271606,0.8403000235557556
YKR063C,YCR057C,0,-1.5085286,0.0873153805732727,0.8040000200271606,0.840399980545044
YOL016C,YMR100W,0,-1.508647,0.08730589598417282,0.8040000200271606,0.840499997138977
YDR188W,YHR008C,0,-1.508857,0.08729641884565353,0.8040000200271606,0.8406000137329102
YIL036W,YJR093C,0,-1.5095084,0.08728694170713425,0.8040000200271606,0.8406999707221985
YKR083C,YDL064W,1,-1.5107758,0.08738601952791214,0.8050000071525574,0.8406999707221985
YBR279W,YDR235W,0,-1.5108242,0.08737653493881226,0.8050000071525574,0.8407999873161316
YHR187W,YDR183W,0,-1.5109115,0.08736705034971237,0.8050000071525574,0.8409000039100647
YKR081C,YMR183C,0,-1.5110465,0.08735756576061249,0.8050000071525574,0.8410000205039978
YJL031C,YBL040C,0,-1.5114319,0.0873480886220932,0.8050000071525574,0.8410999774932861
YOL102C,YDR400W,0,-1.5117683,0.08733861148357391,0.8050000071525574,0.8411999940872192
YHR007C,YIL039W,0,-1.5119176,0.08732914179563522,0.8050000071525574,0.8413000106811523
YLR369W,YDR322C-A,0,-1.5120752,0.08731966465711594,0.8050000071525574,0.8414000272750854
YJL085W,YMR288W,0,-1.512105,0.08731019496917725,0.8050000071525574,0.8414999842643738
YER012W,YGR241C,0,-1.5121315,0.08730072528123856,0.8050000071525574,0.8416000008583069
YPL139C,YOR229W,0,-1.5124247,0.08729126304388046,0.8050000071525574,0.84170001745224
YLR009W,YDR156W,0,-1.5126047,0.08728179335594177,0.8050000071525574,0.8417999744415283
YDR499W,YCR066W,0,-1.5128975,0.08727233111858368,0.8050000071525574,0.8418999910354614
YNL290W,YMR293C,0,-1.5128987,0.08726287633180618,0.8050000071525574,0.8420000076293945
YBR042C,YBR153W,0,-1.5129786,0.08725341409444809,0.8050000071525574,0.8421000242233276
YPL119C,YDR126W,0,-1.5134275,0.0872439593076706,0.8050000071525574,0.842199981212616
YKL146W,YDR126W,0,-1.5134759,0.0872345045208931,0.8050000071525574,0.8422999978065491
YPR082C,YDR407C,0,-1.5135599,0.0872250497341156,0.8050000071525574,0.8424000144004822
YDL148C,YDL147W,0,-1.5136411,0.0872156023979187,0.8050000071525574,0.8424999713897705
YMR168C,YMR048W,1,-1.5137666,0.08731448650360107,0.8059999942779541,0.8424999713897705
YGL167C,YHL027W,0,-1.5146164,0.08730502426624298,0.8059999942779541,0.8425999879837036
YDL145C,YPR051W,0,-1.5149792,0.08729556947946548,0.8059999942779541,0.8427000045776367
YKR036C,YLR055C,0,-1.5154021,0.08728611469268799,0.8059999942779541,0.8428000211715698
YLR304C,YCR010C,0,-1.5155685,0.08727666735649109,0.8059999942779541,0.8428999781608582
YFR005C,YMR013C,0,-1.5157698,0.08726721256971359,0.8059999942779541,0.8429999947547913
YML036W,YBR077C,0,-1.5161313,0.0872577652335167,0.8059999942779541,0.8431000113487244
YFR005C,YDR407C,0,-1.5161622,0.08724832534790039,0.8059999942779541,0.8432000279426575
YER114C,YPL132W,0,-1.5163485,0.08723887801170349,0.8059999942779541,0.8432999849319458
YCR052W,YFL002C,0,-1.5163755,0.08722943812608719,0.8059999942779541,0.8434000015258789
YBR073W,YNL206C,0,-1.5166492,0.08721999824047089,0.8059999942779541,0.843500018119812
YER012W,YJR010C-A,0,-1.5168464,0.08721055835485458,0.8059999942779541,0.8435999751091003
YJR121W,YDR346C,0,-1.5168715,0.08720112591981888,0.8059999942779541,0.8436999917030334
YDR179C,YKL042W,0,-1.517328,0.08719169348478317,0.8059999942779541,0.8438000082969666
YHL038C,YBR153W,0,-1.5176399,0.08718226104974747,0.8059999942779541,0.8439000248908997
YHR150W,YPL085W,0,-1.5176613,0.08717282861471176,0.8059999942779541,0.843999981880188
YKL045W,YBR061C,0,-1.5180593,0.08716340363025665,0.8059999942779541,0.8440999984741211
YKL093W,YGL004C,0,-1.5189801,0.08715397864580154,0.8059999942779541,0.8442000150680542
YMR061W,YKL122C,0,-1.5193288,0.08714455366134644,0.8059999942779541,0.8442999720573425
YNL291C,YNL138W,0,-1.5193572,0.08713513612747192,0.8059999942779541,0.8443999886512756
YDL056W,YDL148C,0,-1.5194731,0.08712571859359741,0.8059999942779541,0.8445000052452087
YGL190C,YER089C,1,-1.5197642,0.08722438663244247,0.8069999814033508,0.8445000052452087
YMR119W,YMR288W,0,-1.5198697,0.08721495419740677,0.8069999814033508,0.8446000218391418
YDR377W,YFR046C,0,-1.5200946,0.08720552921295166,0.8069999814033508,0.8446999788284302
YLR113W,YPL050C,0,-1.5204415,0.08719611167907715,0.8069999814033508,0.8447999954223633
YLR147C,YML025C,0,-1.5206326,0.08718668669462204,0.8069999814033508,0.8449000120162964
YKL064W,YKR029C,0,-1.520841,0.08717726916074753,0.8069999814033508,0.8450000286102295
YHR067W,YKR063C,0,-1.5212448,0.08716785162687302,0.8069999814033508,0.8450999855995178
YLR066W,YLR305C,0,-1.5212868,0.0871584415435791,0.8069999814033508,0.8452000021934509
YIL021W,YKL006C-A,0,-1.5213068,0.08714903146028519,0.8069999814033508,0.845300018787384
YHR158C,YMR236W,1,-1.5215156,0.08724759519100189,0.8080000281333923,0.845300018787384
YNL068C,YHR158C,1,-1.521576,0.0873461440205574,0.8090000152587891,0.845300018787384
YMR168C,YKR028W,1,-1.5217657,0.08744467049837112,0.8100000023841858,0.845300018787384
YGR284C,YBR256C,0,-1.5220063,0.08743523061275482,0.8100000023841858,0.8453999757766724
YJL062W,YDR170C,0,-1.5227519,0.08742579817771912,0.8100000023841858,0.8454999923706055
YLR074C,YHR154W,0,-1.5229774,0.08741635829210281,0.8100000023841858,0.8456000089645386
YLR102C,YKR037C,1,-1.5229918,0.08751484006643295,0.8109999895095825,0.8456000089645386
YKL006C-A,YEL051W,0,-1.5230489,0.08750539273023605,0.8109999895095825,0.8457000255584717
YDL135C,YDL052C,0,-1.5230772,0.08749595284461975,0.8109999895095825,0.84579998254776
YOL013C,YMR150C,0,-1.5234492,0.08748651295900345,0.8109999895095825,0.8458999991416931
YJL019W,YDL064W,1,-1.5237919,0.08758494257926941,0.8119999766349792,0.8458999991416931
YHR164C,YGL142C,0,-1.5238116,0.08757549524307251,0.8119999766349792,0.8460000157356262
YGL065C,YNR052C,0,-1.5238885,0.08756605535745621,0.8119999766349792,0.8460999727249146
YER168C,YPL125W,0,-1.5242406,0.08755660802125931,0.8119999766349792,0.8461999893188477
YBR205W,YMR013C,0,-1.5242708,0.087547168135643,0.8119999766349792,0.8463000059127808
YBR211C,YDR177W,0,-1.5242918,0.0875377282500267,0.8119999766349792,0.8464000225067139
YPR134W,YLR107W,0,-1.5243411,0.087528295814991,0.8119999766349792,0.8464999794960022
YLR144C,YDR407C,0,-1.5243852,0.08751886337995529,0.8119999766349792,0.8465999960899353
YKL206C,YLL027W,0,-1.5249213,0.08750943094491959,0.8119999766349792,0.8467000126838684
YDL135C,YPR187W,0,-1.5250764,0.08749999850988388,0.8119999766349792,0.8468000292778015
YIL118W,YJL190C,0,-1.5258073,0.08749057352542877,0.8119999766349792,0.8468999862670898
YLR291C,YPL125W,0,-1.5258971,0.08748114854097366,0.8119999766349792,0.847000002861023
YDL178W,YDR235W,0,-1.5261228,0.08747172355651855,0.8119999766349792,0.847100019454956
YPL069C,YER151C,0,-1.5262997,0.08746229857206345,0.8119999766349792,0.8471999764442444
YER166W,YER129W,0,-1.526382,0.08745288103818893,0.8119999766349792,0.8472999930381775
YDL126C,YDR258C,0,-1.5274111,0.08744346350431442,0.8119999766349792,0.8474000096321106
YBR279W,YIL021W,0,-1.5274198,0.08743404597043991,0.8119999766349792,0.8475000262260437
YDL175C,YCR066W,0,-1.5276527,0.087424635887146,0.8119999766349792,0.847599983215332
YNL291C,YDL147W,0,-1.5277593,0.08741522580385208,0.8119999766349792,0.8476999998092651
YER155C,YML077W,0,-1.5281923,0.08740581572055817,0.8119999766349792,0.8478000164031982
YHR187W,YLR002C,0,-1.528888,0.08739640563726425,0.8119999766349792,0.8478999733924866
YGR163W,YMR183C,0,-1.5290873,0.08738700300455093,0.8119999766349792,0.8479999899864197
YNL021W,YDR176W,0,-1.5292232,0.08737759292125702,0.8119999766349792,0.8481000065803528
YGR227W,YDR341C,0,-1.5294163,0.0873681977391243,0.8119999766349792,0.8482000231742859
YDR463W,YEL002C,0,-1.5295128,0.08735879510641098,0.8119999766349792,0.8482999801635742
YJL203W,YLR193C,0,-1.5295131,0.08734939992427826,0.8119999766349792,0.8483999967575073
YPL248C,YDR177W,0,-1.529624,0.08734000474214554,0.8119999766349792,0.8485000133514404
YOL071W,YJL085W,0,-1.5296984,0.08733060956001282,0.8119999766349792,0.8485999703407288
YBR080C,YMR013C,0,-1.5297849,0.0873212143778801,0.8119999766349792,0.8486999869346619
YOL043C,YDR463W,0,-1.5298672,0.08731182664632797,0.8119999766349792,0.848800003528595
YBR073W,YBR080C,0,-1.5298731,0.08730243891477585,0.8119999766349792,0.8489000201225281
YDR499W,YDR463W,0,-1.5302557,0.08729305863380432,0.8119999766349792,0.8489999771118164
YPL266W,YLR342W,0,-1.5303633,0.0872836709022522,0.8119999766349792,0.8490999937057495
YKR028W,YAL047C,1,-1.5304298,0.0873817726969719,0.8130000233650208,0.8490999937057495
YLR305C,YBR143C,0,-1.5312552,0.08737237751483917,0.8130000233650208,0.8492000102996826
YML077W,YCR018C,0,-1.5315104,0.08736298978328705,0.8130000233650208,0.8493000268936157
YMR311C,YOR151C,0,-1.5318985,0.08735360205173492,0.8130000233650208,0.849399983882904
YJR033C,YBR097W,0,-1.5326191,0.0873442217707634,0.8130000233650208,0.8495000004768372
YLL001W,YPL154C,0,-1.5327623,0.08733483403921127,0.8130000233650208,0.8496000170707703
YBL040C,YMR311C,0,-1.532856,0.08732545375823975,0.8130000233650208,0.8496999740600586
YMR013C,YKL042W,0,-1.5328612,0.08731608092784882,0.8130000233650208,0.8497999906539917
YDL056W,YCL054W,0,-1.5335032,0.08730670064687729,0.8130000233650208,0.8499000072479248
YKL146W,YER151C,0,-1.5337172,0.08729732781648636,0.8130000233650208,0.8500000238418579
YMR048W,YPR135W,1,-1.5339718,0.0873953178524971,0.8140000104904175,0.8500000238418579
YER166W,YNL283C,0,-1.5351077,0.08738593757152557,0.8140000104904175,0.8500999808311462
YER114C,YKL045W,0,-1.5358031,0.08737655729055405,0.8140000104904175,0.8501999974250793
YKL152C,YMR150C,0,-1.5359676,0.08736717700958252,0.8140000104904175,0.8503000140190125
YDR377W,YKL007W,0,-1.5360681,0.08735780417919159,0.8140000104904175,0.8503999710083008
YKR036C,YJL111W,0,-1.5360837,0.08734843134880066,0.8140000104904175,0.8504999876022339
YJL074C,YKR037C,1,-1.5365816,0.08744635432958603,0.8149999976158142,0.8504999876022339
YDR168W,YDR218C,0,-1.5367768,0.0874369665980339,0.8149999976158142,0.850600004196167
YDR176W,YNL263C,0,-1.536806,0.08742759376764297,0.8149999976158142,0.8507000207901001
YHR116W,YIL022W,0,-1.5368104,0.08741821348667145,0.8149999976158142,0.8507999777793884
YPR171W,YPL213W,0,-1.5368365,0.08740884065628052,0.8149999976158142,0.8508999943733215
YDL045C,YBR214W,0,-1.5368974,0.08739946037530899,0.8149999976158142,0.8510000109672546
YOR260W,YGR077C,0,-1.5372579,0.08739009499549866,0.8149999976158142,0.8511000275611877
YGR120C,YIL098C,0,-1.5374147,0.08738072216510773,0.8149999976158142,0.8511999845504761
YER087C-B,YOR106W,0,-1.5378017,0.0873713567852974,0.8149999976158142,0.8513000011444092
YKL186C,YLR417W,0,-1.5378808,0.08736199140548706,0.8149999976158142,0.8514000177383423
YNL325C,YNL218W,0,-1.5380754,0.08735262602567673,0.8149999976158142,0.8514999747276306
YMR277W,YPL128C,0,-1.5386015,0.08734326809644699,0.8149999976158142,0.8515999913215637
YIL014W,YDL052C,0,-1.538703,0.08733390271663666,0.8149999976158142,0.8517000079154968
YGL068W,YMR263W,0,-1.5390902,0.08732454478740692,0.8149999976158142,0.8518000245094299
YGL216W,YDR201W,1,-1.5391892,0.08742232620716095,0.8159999847412109,0.8518000245094299
YDR206W,YBR130C,0,-1.5400732,0.08741296082735062,0.8159999847412109,0.8518999814987183
YER155C,YGL016W,0,-1.5405195,0.08740359544754028,0.8159999847412109,0.8519999980926514
YBR036C,YDL056W,0,-1.540713,0.08739423751831055,0.8159999847412109,0.8521000146865845
YOR078W,YGR147C,0,-1.5407376,0.08738487958908081,0.8159999847412109,0.8521999716758728
YJR083C,YGL065C,0,-1.5407767,0.08737552165985107,0.8159999847412109,0.8522999882698059
YAL035W,YIL123W,0,-1.5408359,0.08736616373062134,0.8159999847412109,0.852400004863739
YOL055C,YML001W,0,-1.5408978,0.0873568132519722,0.8159999847412109,0.8525000214576721
YMR026C,YKR031C,0,-1.5410008,0.08734746277332306,0.8159999847412109,0.8525999784469604
YIL040W,YBR095C,0,-1.541245,0.08733811229467392,0.8159999847412109,0.8526999950408936
YOR209C,YIL123W,0,-1.5416706,0.08732876926660538,0.8159999847412109,0.8528000116348267
YJR139C,YMR005W,0,-1.541759,0.08731941878795624,0.8159999847412109,0.8529000282287598
YLR115W,YMR263W,0,-1.5420164,0.0873100757598877,0.8159999847412109,0.8529999852180481
YDL043C,YIL022W,0,-1.5420184,0.08730074018239975,0.8159999847412109,0.8531000018119812
YIL009W,YER129W,0,-1.5420668,0.08729139715433121,0.8159999847412109,0.8532000184059143
YGL016W,YIL110W,0,-1.5424061,0.08728206157684326,0.8159999847412109,0.8532999753952026
YKL032C,YDR478W,0,-1.5424759,0.08727272599935532,0.8159999847412109,0.8533999919891357
YDR294C,YNL243W,0,-1.5425992,0.08726339787244797,0.8159999847412109,0.8535000085830688
YLR291C,YGL150C,0,-1.5431666,0.08725406229496002,0.8159999847412109,0.853600025177002
YNL029C,YML058W,0,-1.5432832,0.08724473416805267,0.8159999847412109,0.8536999821662903
YPR199C,YOR353C,0,-1.5434375,0.08723540604114532,0.8159999847412109,0.8537999987602234
YOL147C,YPL128C,0,-1.5435139,0.08722608536481857,0.8159999847412109,0.8539000153541565
YLR285W,YJL001W,0,-1.5439847,0.08721675723791122,0.8159999847412109,0.8539999723434448
YOR260W,YLR069C,0,-1.5443239,0.08720743656158447,0.8159999847412109,0.8540999889373779
YPR093C,YDL126C,0,-1.5443766,0.08719811588525772,0.8159999847412109,0.854200005531311
YJL098W,YJL074C,1,-1.5447984,0.08729565143585205,0.8169999718666077,0.854200005531311
YNR019W,YJL164C,0,-1.5448856,0.0872863233089447,0.8169999718666077,0.8543000221252441
YDR420W,YPL169C,0,-1.5450763,0.08727700263261795,0.8169999718666077,0.8543999791145325
YJR121W,YKL025C,0,-1.5454063,0.0872676745057106,0.8169999718666077,0.8544999957084656
YNL218W,YDR400W,0,-1.5456631,0.08725835382938385,0.8169999718666077,0.8546000123023987
YER155C,YPL213W,0,-1.5456789,0.0872490406036377,0.8169999718666077,0.8547000288963318
YKL007W,YMR005W,0,-1.5458214,0.08723971992731094,0.8169999718666077,0.8547999858856201
YIR008C,YOL005C,0,-1.5459049,0.08723040670156479,0.8169999718666077,0.8549000024795532
YIL103W,YER087C-B,0,-1.5461671,0.08722109347581863,0.8169999718666077,0.8550000190734863
YDR224C,YKL122C,0,-1.5464698,0.08721178770065308,0.8169999718666077,0.8550999760627747
YMR316W,YLR369W,0,-1.5465206,0.08720247447490692,0.8169999718666077,0.8551999926567078
YIL098C,YGR141W,0,-1.5466521,0.08719316869974136,0.8169999718666077,0.8553000092506409
YDR176W,YKL025C,0,-1.5467823,0.0871838629245758,0.8169999718666077,0.855400025844574
YDR235W,YDR392W,0,-1.5468814,0.08717456459999084,0.8169999718666077,0.8554999828338623
YKR101W,YOR106W,0,-1.5470014,0.08716525882482529,0.8169999718666077,0.8555999994277954
YKL045W,YDR427W,0,-1.5470035,0.08715596050024033,0.8169999718666077,0.8557000160217285
YGL078C,YLR264W,0,-1.5472765,0.08714666962623596,0.8169999718666077,0.8557999730110168
YKR054C,YGL216W,1,-1.5477338,0.08724402636289597,0.8180000185966492,0.8557999730110168
YPL053C,YLR059C,0,-1.547781,0.08723472058773041,0.8180000185966492,0.85589998960495
YNL084C,YOL128C,0,-1.5480765,0.08722542226314545,0.8180000185966492,0.8560000061988831
YKL032C,YIL118W,0,-1.5482826,0.08721612393856049,0.8180000185966492,0.8561000227928162
YDR318W,YEL002C,0,-1.5486006,0.08720682561397552,0.8180000185966492,0.8561999797821045
YFL039C,YMR236W,1,-1.5488982,0.08730412274599075,0.8190000057220459,0.8561999797821045
YOL146W,YLR268W,0,-1.5489359,0.0872948169708252,0.8190000057220459,0.8562999963760376
YFR027W,YDR113C,1,-1.5492522,0.08739209175109863,0.8199999928474426,0.8562999963760376
YBR193C,YOR129C,0,-1.549475,0.08738277852535248,0.8199999928474426,0.8564000129699707
YDR318W,YOR106W,0,-1.5496633,0.08737346529960632,0.8199999928474426,0.8565000295639038
YDR201W,YDR310C,1,-1.5506103,0.08747070282697678,0.8209999799728394,0.8565000295639038
YER129W,YDR322C-A,0,-1.5515844,0.08746138215065002,0.8209999799728394,0.8565999865531921
YPR019W,YOL102C,0,-1.5516531,0.08745206892490387,0.8209999799728394,0.8567000031471252
YJR131W,YLR066W,0,-1.5516889,0.08744275569915771,0.8209999799728394,0.8568000197410583
YOR160W,YLR033W,0,-1.5520501,0.08743344247341156,0.8209999799728394,0.8568999767303467
YLR357W,YNL283C,0,-1.5523063,0.0874241292476654,0.8209999799728394,0.8569999933242798
YLL001W,YMR163C,0,-1.5523658,0.08741482347249985,0.8209999799728394,0.8571000099182129
YKL021C,YEL051W,0,-1.5524485,0.08740551769733429,0.8209999799728394,0.857200026512146
YKL146W,YKL017C,0,-1.5525135,0.08739621192216873,0.8209999799728394,0.8572999835014343
YMR116C,YER178W,0,-1.5525299,0.08738690614700317,0.8209999799728394,0.8574000000953674
YIR010W,YMR030W,0,-1.5526162,0.08737760782241821,0.8209999799728394,0.8575000166893005
YPR019W,YOR047C,0,-1.5527178,0.08736830949783325,0.8209999799728394,0.8575999736785889
YFR009W,YKL034W,0,-1.5530375,0.08735901117324829,0.8209999799728394,0.857699990272522
YPR019W,YLR305C,0,-1.5530716,0.08734972029924393,0.8209999799728394,0.8578000068664551
YER133W,YOL133W,1,-1.5531455,0.08744680881500244,0.8220000267028809,0.8578000068664551
YAR015W,YIL021W,0,-1.553246,0.08743750303983688,0.8220000267028809,0.8579000234603882
YCR067C,YEL002C,0,-1.5534645,0.08742820471525192,0.8220000267028809,0.8579999804496765
YHR191C,YDL047W,1,-1.5534947,0.08752525597810745,0.8230000138282776,0.8579999804496765
YJR132W,YLR033W,0,-1.5536926,0.0875159502029419,0.8230000138282776,0.8580999970436096
YMR311C,YBR073W,0,-1.5541952,0.08750664442777634,0.8230000138282776,0.8582000136375427
YFL057C,YDR379W,0,-1.5542338,0.08749733865261078,0.8230000138282776,0.858299970626831
YDR420W,YOR209C,0,-1.5544529,0.08748804032802582,0.8230000138282776,0.8583999872207642
YOL111C,YOR346W,0,-1.5546504,0.08747874200344086,0.8230000138282776,0.8585000038146973
YNL312W,YNL229C,0,-1.5546685,0.0874694436788559,0.8230000138282776,0.8586000204086304
YLR191W,YOR295W,0,-1.554903,0.08746014535427094,0.8230000138282776,0.8586999773979187
YKL122C,YDL015C,0,-1.555059,0.08745085448026657,0.8230000138282776,0.8587999939918518
YJL095W,YHR081W,0,-1.5555671,0.08744156360626221,0.8230000138282776,0.8589000105857849
YKR037C,YMR236W,1,-1.5559986,0.08753851056098938,0.8240000009536743,0.8589000105857849
YDR096W,YJL186W,0,-1.5560265,0.08752921223640442,0.8240000009536743,0.859000027179718
YMR275C,YJL001W,0,-1.5560617,0.08751991391181946,0.8240000009536743,0.8590999841690063
YDR052C,YPL053C,0,-1.5561049,0.0875106230378151,0.8240000009536743,0.8592000007629395
YPR171W,YNL021W,0,-1.5562837,0.08750132471323013,0.8240000009536743,0.8593000173568726
YML069W,YER095W,0,-1.5565658,0.08749203383922577,0.8240000009536743,0.8593999743461609
YPL028W,YHR163W,0,-1.5568595,0.087482750415802,0.8240000009536743,0.859499990940094
YGR147C,YCR061W,0,-1.5569416,0.08747345954179764,0.8240000009536743,0.8596000075340271
YDR385W,YLR003C,0,-1.5569929,0.08746417611837387,0.8240000009536743,0.8597000241279602
YJR057W,YKL186C,0,-1.5571654,0.0874548926949501,0.8240000009536743,0.8597999811172485
YPR075C,YPL087W,0,-1.557255,0.08744560927152634,0.8240000009536743,0.8598999977111816
YKL165C,YNL290W,0,-1.557312,0.08743633329868317,0.8240000009536743,0.8600000143051147
YBR042C,YNL231C,0,-1.5583029,0.08742705732584,0.8240000009536743,0.8600999712944031
YHR143W-A,YPR074C,0,-1.5584038,0.08741778135299683,0.8240000009536743,0.8601999878883362
YGR085C,YER087C-B,0,-1.5586239,0.08740850538015366,0.8240000009536743,0.8603000044822693
YJL186W,YOR160W,0,-1.5587139,0.08739923685789108,0.8240000009536743,0.8604000210762024
YOL151W,YMR061W,0,-1.5590054,0.08738996833562851,0.8240000009536743,0.8604999780654907
YLR051C,YOR047C,0,-1.559602,0.08738069981336594,0.8240000009536743,0.8605999946594238
YDR420W,YGR077C,0,-1.5599446,0.08737143129110336,0.8240000009536743,0.8607000112533569
YNL119W,YLR221C,0,-1.5600011,0.08736217021942139,0.8240000009536743,0.86080002784729
YNL048W,YJR007W,0,-1.5601997,0.08735290914773941,0.8240000009536743,0.8608999848365784
YNL219C,YIL138C,0,-1.5604365,0.08734364807605743,0.8240000009536743,0.8610000014305115
YLR268W,YOR106W,0,-1.5606822,0.08733439445495605,0.8240000009536743,0.8611000180244446
YNL048W,YLR353W,0,-1.5608017,0.08732514083385468,0.8240000009536743,0.8611999750137329
YIL021W,YLR369W,0,-1.5608623,0.0873158872127533,0.8240000009536743,0.861299991607666
YGR163W,YOL043C,0,-1.560916,0.08730663359165192,0.8240000009536743,0.8614000082015991
YGL006W,YMR053C,0,-1.5609188,0.08729737997055054,0.8240000009536743,0.8615000247955322
YGR140W,YKR028W,1,-1.5611982,0.08739406615495682,0.824999988079071,0.8615000247955322
YLR115W,YBL023C,0,-1.5613759,0.08738481253385544,0.824999988079071,0.8615999817848206
YHR034C,YBR192W,0,-1.5614246,0.08737555891275406,0.824999988079071,0.8616999983787537
YNR016C,YNL219C,0,-1.5615275,0.08736630529165268,0.824999988079071,0.8618000149726868
YDR183W,YOR353C,0,-1.5615792,0.0873570516705513,0.824999988079071,0.8618999719619751
YMR081C,YBL105C,0,-1.5619636,0.08734780550003052,0.824999988079071,0.8619999885559082
YGL172W,YGL144C,0,-1.5620642,0.08733855932950974,0.824999988079071,0.8621000051498413
YGR140W,YGL216W,1,-1.5620843,0.08743516355752945,0.8259999752044678,0.8621000051498413
YMR267W,YJL139C,0,-1.5621753,0.08742590993642807,0.8259999752044678,0.8622000217437744
YDR179C,YBR095C,0,-1.5624571,0.08741665631532669,0.8259999752044678,0.8622999787330627
YER169W,YDR322C-A,0,-1.5627308,0.08740741014480591,0.8259999752044678,0.8623999953269958
YOR094W,YDR427W,0,-1.5627601,0.08739815652370453,0.8259999752044678,0.862500011920929
YPR171W,YEL029C,0,-1.5630469,0.08738891035318375,0.8259999752044678,0.8626000285148621
YKL021C,YLR147C,0,-1.5632615,0.08737966418266296,0.8259999752044678,0.8626999855041504
YJL019W,YDR201W,1,-1.563267,0.0874762013554573,0.8270000219345093,0.8626999855041504
YDR217C,YFL017W-A,0,-1.5635315,0.08746694773435593,0.8270000219345093,0.8628000020980835
YHR187W,YOR213C,0,-1.5636293,0.08745770156383514,0.8270000219345093,0.8629000186920166
YJR090C,YGL096W,1,-1.5640455,0.0875541940331459,0.828000009059906,0.8629000186920166
YKL045W,YLR396C,0,-1.5640534,0.08754493296146393,0.828000009059906,0.8629999756813049
YNL127W,YOR129C,0,-1.5642002,0.08753567934036255,0.828000009059906,0.863099992275238
YOL013C,YDR183W,0,-1.5644007,0.08752642571926117,0.828000009059906,0.8632000088691711
YKR034W,YOL128C,0,-1.5645635,0.08751717209815979,0.828000009059906,0.8633000254631042
YKL025C,YKL079W,0,-1.5646012,0.08750792592763901,0.828000009059906,0.8633999824523926
YML058W,YBR143C,0,-1.5646576,0.08749867975711823,0.828000009059906,0.8634999990463257
YER030W,YDR440W,0,-1.56475,0.08748943358659744,0.828000009059906,0.8636000156402588
YJR064W,YBR155W,0,-1.5650647,0.08748018741607666,0.828000009059906,0.8636999726295471
YOR388C,YPL239W,0,-1.5651786,0.08747094869613647,0.828000009059906,0.8637999892234802
YPL169C,YMR013C,0,-1.5656533,0.08746170997619629,0.828000009059906,0.8639000058174133
YIR010W,YGR072W,0,-1.5658004,0.0874524712562561,0.828000009059906,0.8640000224113464
YKR063C,YDR397C,0,-1.5658425,0.08744323253631592,0.828000009059906,0.8640999794006348
YGL142C,YOL005C,0,-1.565892,0.08743400126695633,0.828000009059906,0.8641999959945679
YGL142C,YPL151C,0,-1.5667896,0.08742476999759674,0.828000009059906,0.864300012588501
YJR050W,YGR141W,0,-1.5670109,0.08741553872823715,0.828000009059906,0.8644000291824341
YMR036C,YDR310C,1,-1.5670288,0.08751187473535538,0.8289999961853027,0.8644000291824341
YLR095C,YLR285W,0,-1.5672405,0.08750263601541519,0.8289999961853027,0.8644999861717224
YIR008C,YPL157W,0,-1.5675721,0.0874934047460556,0.8289999961853027,0.8646000027656555
YLR148W,YDL147W,0,-1.5678244,0.08748417347669601,0.8289999961853027,0.8647000193595886
YMR044W,YPL169C,0,-1.5681055,0.08747494220733643,0.8289999961853027,0.864799976348877
YJR033C,YKR101W,0,-1.5687784,0.08746571093797684,0.8289999961853027,0.8648999929428101
YNL139C,YBR080C,0,-1.569083,0.08745647966861725,0.8289999961853027,0.8650000095367432
YPL213W,YKL119C,0,-1.5695926,0.08744725584983826,0.8289999961853027,0.8651000261306763
YGR163W,YKL064W,0,-1.5702857,0.08743803203105927,0.8289999961853027,0.8651999831199646
YLR069C,YDL052C,0,-1.5705867,0.08742881566286087,0.8289999961853027,0.8652999997138977
YFR046C,YDR289C,0,-1.5708823,0.08741959184408188,0.8289999961853027,0.8654000163078308
YOR346W,YMR030W,0,-1.571121,0.08741037547588348,0.8289999961853027,0.8654999732971191
YPL069C,YKL186C,0,-1.5713043,0.08740115910768509,0.8289999961853027,0.8655999898910522
YPR082C,YDR289C,0,-1.5713742,0.0873919427394867,0.8289999961853027,0.8657000064849854
YJL019W,YDR310C,1,-1.5718026,0.08748814463615417,0.8299999833106995,0.8657000064849854
YDR469W,YDR170C,0,-1.5718225,0.08747892081737518,0.8299999833106995,0.8658000230789185
YJL186W,YPR112C,0,-1.5720276,0.08746970444917679,0.8299999833106995,0.8658999800682068
YBR042C,YAL059W,0,-1.5726607,0.0874604880809784,0.8299999833106995,0.8659999966621399
YLR051C,YLR075W,0,-1.5731971,0.08745127171278,0.8299999833106995,0.866100013256073
YKL025C,YJL129C,0,-1.5732582,0.0874420553445816,0.8299999833106995,0.8661999702453613
YLR219W,YPL112C,0,-1.5734484,0.0874328464269638,0.8299999833106995,0.8662999868392944
YJL099W,YGR047C,0,-1.5734947,0.08742363750934601,0.8299999833106995,0.8664000034332275
YPL228W,YLR192C,0,-1.5735472,0.08741442859172821,0.8299999833106995,0.8665000200271606
YGR147C,YER008C,0,-1.5741057,0.08740521967411041,0.8299999833106995,0.866599977016449
YJL058C,YER168C,0,-1.5744877,0.08739601820707321,0.8299999833106995,0.8666999936103821
YML059C,YML001W,0,-1.5746975,0.08738681674003601,0.8299999833106995,0.8668000102043152
YEL029C,YHR187W,0,-1.5747919,0.08737761527299881,0.8299999833106995,0.8669000267982483
YER155C,YCR081W,0,-1.5748281,0.0873684212565422,0.8299999833106995,0.8669999837875366
YDR083W,YOR353C,0,-1.5749297,0.0873592272400856,0.8299999833106995,0.8671000003814697
YAL020C,YGL130W,0,-1.5749485,0.087350033223629,0.8299999833106995,0.8672000169754028
YLR144C,YKR101W,0,-1.5751338,0.0873408392071724,0.8299999833106995,0.8672999739646912
YBR095C,YOR129C,0,-1.5752647,0.08733165264129639,0.8299999833106995,0.8673999905586243
YAL007C,YLR059C,0,-1.575526,0.08732245862483978,0.8299999833106995,0.8675000071525574
YNL003C,YDR088C,0,-1.5756252,0.08731327950954437,0.8299999833106995,0.8676000237464905
YGR037C,YJR010C-A,0,-1.575702,0.08730409294366837,0.8299999833106995,0.8676999807357788
YHR150W,YGL004C,0,-1.5762527,0.08729490637779236,0.8299999833106995,0.8677999973297119
YBR110W,YOL031C,0,-1.5768135,0.08728572726249695,0.8299999833106995,0.867900013923645
YDR022C,YNL003C,0,-1.576907,0.08727654814720154,0.8299999833106995,0.8679999709129333
YPR128C,YPL053C,0,-1.5772347,0.08726737648248672,0.8299999833106995,0.8680999875068665
YDR318W,YBR095C,0,-1.5772622,0.08725819736719131,0.8299999833106995,0.8682000041007996
YPR082C,YBR256C,0,-1.577698,0.0872490257024765,0.8299999833106995,0.8683000206947327
YDR281C,YOL146W,0,-1.5781502,0.08723985403776169,0.8299999833106995,0.868399977684021
YDR022C,YNL218W,0,-1.5783155,0.08723068982362747,0.8299999833106995,0.8684999942779541
YGL190C,YHR191C,1,-1.5785459,0.08732660859823227,0.8309999704360962,0.8684999942779541
YLL043W,YDL015C,0,-1.5786041,0.08731742948293686,0.8309999704360962,0.8686000108718872
YGR163W,YCL034W,0,-1.5788126,0.08730825781822205,0.8309999704360962,0.8687000274658203
YOR136W,YHR008C,0,-1.578889,0.08729908615350723,0.8309999704360962,0.8687999844551086
YOR319W,YLR022C,0,-1.5798912,0.08728991448879242,0.8309999704360962,0.8689000010490417
YBR168W,YDR235W,0,-1.5800635,0.0872807502746582,0.8309999704360962,0.8690000176429749
YHR160C,YDR322C-A,0,-1.5804877,0.08727157860994339,0.8309999704360962,0.8690999746322632
YLR353W,YMR044W,0,-1.5807704,0.08726241439580917,0.8309999704360962,0.8691999912261963
YJL062W,YKL064W,0,-1.581187,0.08725325763225555,0.8309999704360962,0.8693000078201294
YDR052C,YHR186C,0,-1.5814346,0.08724409341812134,0.8309999704360962,0.8694000244140625
YCL061C,YDL147W,0,-1.5816019,0.08723493665456772,0.8309999704360962,0.8694999814033508
YMR311C,YDR181C,0,-1.5826097,0.0872257798910141,0.8309999704360962,0.8695999979972839
YDR480W,YOR144C,0,-1.5831106,0.08721662312746048,0.8309999704360962,0.869700014591217
YPR141C,YDR113C,1,-1.5831853,0.08731241524219513,0.8320000171661377,0.869700014591217
YLR074C,YLR264W,0,-1.5834024,0.08730325102806091,0.8320000171661377,0.8697999715805054
YGR163W,YIL014W,0,-1.5834285,0.0872940942645073,0.8320000171661377,0.8698999881744385
YBR205W,YGL120C,0,-1.5836471,0.08728493750095367,0.8320000171661377,0.8700000047683716
YKR083C,YDR310C,1,-1.5837861,0.08738067746162415,0.8330000042915344,0.8700000047683716
YLR285W,YML025C,0,-1.5842316,0.08737151324748993,0.8330000042915344,0.8701000213623047
YMR277W,YIL118W,0,-1.5842553,0.08736234903335571,0.8330000042915344,0.870199978351593
YPR082C,YDR181C,0,-1.5850489,0.0873531848192215,0.8330000042915344,0.8702999949455261
YDR469W,YJR007W,0,-1.5850728,0.08734402805566788,0.8330000042915344,0.8704000115394592
YNL048W,YIL009W,0,-1.5852531,0.08733487129211426,0.8330000042915344,0.8705000281333923
YMR033W,YLR275W,0,-1.5853682,0.08732571452856064,0.8330000042915344,0.8705999851226807
YPL128C,YOR106W,0,-1.5854607,0.08731656521558762,0.8330000042915344,0.8707000017166138
YPL169C,YDL052C,0,-1.58548,0.087307408452034,0.8330000042915344,0.8708000183105469
YGR120C,YHL027W,0,-1.5856299,0.08729825913906097,0.8330000042915344,0.8708999752998352
YPR105C,YHR154W,0,-1.5859809,0.08728910982608795,0.8330000042915344,0.8709999918937683
YER166W,YHR205W,0,-1.5860662,0.08727996796369553,0.8330000042915344,0.8711000084877014
YNL288W,YNL119W,0,-1.5864925,0.0872708261013031,0.8330000042915344,0.8712000250816345
YML112W,YHR059W,0,-1.5868013,0.08726167678833008,0.8330000042915344,0.8712999820709229
YBR164C,YDR088C,0,-1.5868142,0.08725254237651825,0.8330000042915344,0.871399998664856
YPL086C,YGR072W,0,-1.5878394,0.08724340051412582,0.8330000042915344,0.8715000152587891
YNL287W,YDR334W,0,-1.588239,0.087234266102314,0.8330000042915344,0.8715999722480774
YGR097W,YHR079C,0,-1.5883152,0.08722513169050217,0.8330000042915344,0.8716999888420105
YJR093C,YLR305C,0,-1.5887666,0.08721599727869034,0.8330000042915344,0.8718000054359436
YPL112C,YOR179C,0,-1.589187,0.0872068703174591,0.8330000042915344,0.8719000220298767
YKR063C,YFL017W-A,0,-1.589356,0.08719773590564728,0.8330000042915344,0.871999979019165
YGL058W,YJL164C,0,-1.589397,0.08718860894441605,0.8330000042915344,0.8720999956130981
YNR017W,YKL165C,0,-1.5899332,0.08717948943376541,0.8330000042915344,0.8722000122070312
YNL219C,YMR267W,0,-1.5901845,0.08717036247253418,0.8330000042915344,0.8723000288009644
YLR405W,YCR057C,0,-1.590217,0.08716124296188354,0.8330000042915344,0.8723999857902527
YGR163W,YMR005W,0,-1.5904187,0.08715212345123291,0.8330000042915344,0.8725000023841858
YGR280C,YDR156W,0,-1.5905597,0.08714300394058228,0.8330000042915344,0.8726000189781189
YJL031C,YDL056W,0,-1.5906026,0.08713389188051224,0.8330000042915344,0.8726999759674072
YPR199C,YPR134W,0,-1.5906337,0.0871247798204422,0.8330000042915344,0.8727999925613403
YLL001W,YOL055C,0,-1.5906923,0.08711566776037216,0.8330000042915344,0.8729000091552734
YBR041W,YPR042C,0,-1.5910661,0.08710655570030212,0.8330000042915344,0.8730000257492065
YER166W,YBR153W,0,-1.5912993,0.08709745109081268,0.8330000042915344,0.8730999827384949
YJL094C,YML049C,0,-1.5915091,0.08708834648132324,0.8330000042915344,0.873199999332428
YDL126C,YDR289C,0,-1.5915198,0.0870792418718338,0.8330000042915344,0.8733000159263611
YDR456W,YHR205W,0,-1.5915272,0.08707013726234436,0.8330000042915344,0.8733999729156494
YKL064W,YPL154C,0,-1.5915691,0.08706104010343552,0.8330000042915344,0.8734999895095825
YJL122W,YGR185C,0,-1.5917599,0.08705193549394608,0.8330000042915344,0.8736000061035156
YJR093C,YGL097W,0,-1.5917664,0.08704284578561783,0.8330000042915344,0.8737000226974487
YGL172W,YDL236W,0,-1.5918674,0.08703374862670898,0.8330000042915344,0.8737999796867371
YDR177W,YGR141W,0,-1.592018,0.08702465891838074,0.8330000042915344,0.8738999962806702
YER012W,YLR200W,0,-1.5925305,0.0870155617594719,0.8330000042915344,0.8740000128746033
YDR052C,YFR005C,0,-1.5925357,0.08700647950172424,0.8330000042915344,0.8741000294685364
YMR311C,YLL027W,0,-1.5926747,0.086997389793396,0.8330000042915344,0.8741999864578247
YER129W,YOR047C,0,-1.59278,0.08698830753564835,0.8330000042915344,0.8743000030517578
YAR015W,YAL007C,0,-1.5927839,0.0869792178273201,0.8330000042915344,0.8744000196456909
YDR052C,YDR235W,0,-1.5928733,0.08697014302015305,0.8330000042915344,0.8744999766349792
YPR171W,YPR134W,0,-1.5931426,0.0869610607624054,0.8330000042915344,0.8745999932289124
YDR518W,YIL023C,0,-1.5933566,0.08695198595523834,0.8330000042915344,0.8747000098228455
YDL047W,YHL007C,1,-1.5934845,0.087047278881073,0.8339999914169312,0.8747000098228455
YMR219W,YDL147W,0,-1.5943499,0.08703819662332535,0.8339999914169312,0.8748000264167786
YAL020C,YGR120C,0,-1.5943758,0.0870291143655777,0.8339999914169312,0.8748999834060669
YJL095W,YPL053C,0,-1.5946478,0.08702003210783005,0.8339999914169312,0.875
YKL064W,YDL135C,0,-1.5948465,0.087010957300663,0.8339999914169312,0.8751000165939331
YDL095W,YLR305C,0,-1.5950363,0.08700187504291534,0.8339999914169312,0.8751999735832214
YIL149C,YOR098C,0,-1.5951326,0.08699280023574829,0.8339999914169312,0.8752999901771545
YDR469W,YEL051W,0,-1.5955981,0.08698373287916183,0.8339999914169312,0.8754000067710876
YLR221C,YDR177W,0,-1.5956434,0.08697465807199478,0.8339999914169312,0.8755000233650208
YJL111W,YPR112C,0,-1.5956569,0.08696559071540833,0.8339999914169312,0.8755999803543091
YOR326W,YDL047W,1,-1.5960773,0.08706078678369522,0.8349999785423279,0.8755999803543091
YER168C,YLR002C,0,-1.5960952,0.08705171197652817,0.8349999785423279,0.8756999969482422
YLL043W,YLR022C,0,-1.5961988,0.08704263716936111,0.8349999785423279,0.8758000135421753
YJR010C-A,YLR006C,0,-1.5965445,0.08703356236219406,0.8349999785423279,0.8758999705314636
YJL186W,YLR305C,0,-1.5970383,0.0870244950056076,0.8349999785423279,0.8759999871253967
YPL267W,YKR083C,1,-1.5971489,0.08711963146924973,0.8360000252723694,0.8759999871253967
YKL032C,YDL002C,0,-1.5975235,0.08711055666208267,0.8360000252723694,0.8761000037193298
YLR318W,YDR183W,0,-1.5983435,0.08710148185491562,0.8360000252723694,0.8762000203132629
YGL086W,YJL074C,1,-1.5986447,0.08719658106565475,0.8370000123977661,0.8762000203132629
YLR144C,YMR113W,0,-1.5988919,0.0871874988079071,0.8370000123977661,0.8762999773025513
YGR227W,YLR059C,0,-1.5994992,0.08717841655015945,0.8370000123977661,0.8763999938964844
YBL002W,YDR397C,0,-1.599504,0.0871693417429924,0.8370000123977661,0.8765000104904175
YJR017C,YJL143W,0,-1.5995927,0.08716025948524475,0.8370000123977661,0.8766000270843506
YLR285W,YER094C,0,-1.5997792,0.0871511846780777,0.8370000123977661,0.8766999840736389
YOR094W,YOR151C,0,-1.6000311,0.08714210987091064,0.8370000123977661,0.876800000667572
YLR291C,YDR156W,0,-1.6001956,0.08713304251432419,0.8370000123977661,0.8769000172615051
YJR064W,YOL128C,0,-1.600305,0.08712397515773773,0.8370000123977661,0.8769999742507935
YPR051W,YBR256C,0,-1.6004752,0.08711490780115128,0.8370000123977661,0.8770999908447266
YJL125C,YHR205W,0,-1.6005691,0.08710584044456482,0.8370000123977661,0.8772000074386597
YJR132W,YIL039W,0,-1.6006975,0.08709677308797836,0.8370000123977661,0.8773000240325928
YNL031C,YLR285W,0,-1.6009526,0.0870877131819725,0.8370000123977661,0.8773999810218811
YKL110C,YER129W,0,-1.6010169,0.08707865327596664,0.8370000123977661,0.8774999976158142
YDR456W,YNL329C,0,-1.6010659,0.08706959336996078,0.8370000123977661,0.8776000142097473
YFR009W,YNL262W,0,-1.6011271,0.08706053346395493,0.8370000123977661,0.8776999711990356
YDL106C,YJL093C,0,-1.6013026,0.08705148100852966,0.8370000123977661,0.8777999877929688
YMR048W,YJL019W,1,-1.6016048,0.08714642375707626,0.8379999995231628,0.8777999877929688
YHR059W,YOR045W,0,-1.6016253,0.0871373638510704,0.8379999995231628,0.8779000043869019
YJL111W,YHR174W,0,-1.6017438,0.08712830394506454,0.8379999995231628,0.878000020980835
YBR041W,YER094C,0,-1.6017613,0.08711924403905869,0.8379999995231628,0.8780999779701233
YBR036C,YEL051W,0,-1.6018252,0.08711018413305283,0.8379999995231628,0.8781999945640564
YKL146W,YMR287C,0,-1.6018479,0.08710113167762756,0.8379999995231628,0.8783000111579895
YPL125W,YDR183W,0,-1.601903,0.0870920792222023,0.8379999995231628,0.8784000277519226
YKL165C,YOR209C,0,-1.6021001,0.08708302676677704,0.8379999995231628,0.8784999847412109
YNL127W,YDR379W,0,-1.6024646,0.08707398176193237,0.8379999995231628,0.878600001335144
YGL190C,YMR236W,1,-1.6027985,0.08716882765293121,0.8389999866485596,0.878600001335144
YNL116W,YJL019W,1,-1.6028175,0.08726365864276886,0.8399999737739563,0.878600001335144
YKL186C,YDL236W,0,-1.602886,0.087254598736763,0.8399999737739563,0.8787000179290771
YNL291C,YKL025C,0,-1.6030331,0.08724553138017654,0.8399999737739563,0.8787999749183655
YFR046C,YER166W,0,-1.6031651,0.08723647147417068,0.8399999737739563,0.8788999915122986
YDR201W,YAL047C,1,-1.6034424,0.08733125776052475,0.8410000205039978,0.8788999915122986
YML036W,YMR183C,0,-1.6053724,0.0873221904039383,0.8410000205039978,0.8790000081062317
YER177W,YDL064W,1,-1.6056732,0.08741694688796997,0.8420000076293945,0.8790000081062317
YFR005C,YKL006C-A,0,-1.605683,0.08740787208080292,0.8420000076293945,0.8791000247001648
YGL065C,YMR288W,0,-1.6059064,0.08739879727363586,0.8420000076293945,0.8791999816894531
YML069W,YIL147C,0,-1.6061747,0.08738972246646881,0.8420000076293945,0.8792999982833862
YEL029C,YLR285W,0,-1.60623,0.08738065510988235,0.8420000076293945,0.8794000148773193
YNL003C,YDR435C,0,-1.6063421,0.0873715877532959,0.8420000076293945,0.8794999718666077
YPR171W,YLL004W,0,-1.6064575,0.08736252039670944,0.8420000076293945,0.8795999884605408
YLR268W,YNL222W,0,-1.6070253,0.08735346049070358,0.8420000076293945,0.8797000050544739
YMR078C,YMR036C,1,-1.6072202,0.0874481350183487,0.8429999947547913,0.8797000050544739
YNL031C,YDR341C,0,-1.6073661,0.08743906021118164,0.8429999947547913,0.879800021648407
YKL006C-A,YPR074C,0,-1.6077156,0.08742999285459518,0.8429999947547913,0.8798999786376953
YLR192C,YER068W,0,-1.6078514,0.08742092549800873,0.8429999947547913,0.8799999952316284
YJR083C,YPR199C,0,-1.6079693,0.08741186559200287,0.8429999947547913,0.8801000118255615
YOR011W,YMR081C,0,-1.6081133,0.08740279823541641,0.8429999947547913,0.8802000284194946
YJL100W,YOR329C,0,-1.6089535,0.08739373832941055,0.8429999947547913,0.880299985408783
YDR188W,YDR397C,0,-1.6096268,0.0873846784234047,0.8429999947547913,0.8804000020027161
YML036W,YMR288W,0,-1.6096964,0.08737561851739883,0.8429999947547913,0.8805000185966492
YBL040C,YOR319W,0,-1.6097177,0.08736656606197357,0.8429999947547913,0.8805999755859375
YPR105C,YBR080C,0,-1.6098441,0.08735751360654831,0.8429999947547913,0.8806999921798706
YDR318W,YKR062W,0,-1.6104522,0.08734846115112305,0.8429999947547913,0.8808000087738037
YPL028W,YDR400W,0,-1.6105254,0.08733940869569778,0.8429999947547913,0.8809000253677368
YML077W,YBR080C,0,-1.6105509,0.08733036369085312,0.8429999947547913,0.8809999823570251
YNL068C,YDL064W,1,-1.610591,0.08742490410804749,0.843999981880188,0.8809999823570251
YML059C,YDL076C,0,-1.6106666,0.08741584420204163,0.843999981880188,0.8810999989509583
YJL186W,YOL128C,0,-1.6110002,0.08740679174661636,0.843999981880188,0.8812000155448914
YMR013C,YJR007W,0,-1.6111107,0.0873977392911911,0.843999981880188,0.8812999725341797
YFR009W,YER087C-B,0,-1.6111112,0.08738869428634644,0.843999981880188,0.8813999891281128
YKR083C,YNL068C,1,-1.611439,0.08748317509889603,0.8450000286102295,0.8813999891281128
YJL062W,YIL014W,0,-1.6115961,0.08747412264347076,0.8450000286102295,0.8815000057220459
YPL267W,YMR048W,1,-1.6117091,0.08756857365369797,0.8460000157356262,0.8815000057220459
YDR188W,YML001W,0,-1.611752,0.08755951374769211,0.8460000157356262,0.881600022315979
YML036W,YDR170C,0,-1.6119912,0.08755045384168625,0.8460000157356262,0.8816999793052673
YKL026C,YMR053C,0,-1.6122456,0.08754139393568039,0.8460000157356262,0.8817999958992004
YOR231W,YMR100W,0,-1.6123192,0.08753233402967453,0.8460000157356262,0.8819000124931335
YNL127W,YJL101C,0,-1.6123409,0.08752327412366867,0.8460000157356262,0.8820000290870667
YLR342W,YGL120C,0,-1.6128479,0.08751422166824341,0.8460000157356262,0.882099986076355
YPL053C,YMR263W,0,-1.6134691,0.08750516921281815,0.8460000157356262,0.8822000026702881
YPL145C,YGL120C,0,-1.6135968,0.08749612420797348,0.8460000157356262,0.8823000192642212
YJL122W,YJR064W,0,-1.6136341,0.08748707175254822,0.8460000157356262,0.8823999762535095
YHL027W,YGR047C,0,-1.6138387,0.08747802674770355,0.8460000157356262,0.8824999928474426
YGL016W,YDL043C,0,-1.6144714,0.08746898174285889,0.8460000157356262,0.8826000094413757
YGR254W,YDL097C,0,-1.6146901,0.08745993673801422,0.8460000157356262,0.8827000260353088
YMR025W,YGL144C,0,-1.615034,0.08745089918375015,0.8460000157356262,0.8827999830245972
YMR275C,YNL229C,0,-1.6155369,0.08744186162948608,0.8460000157356262,0.8828999996185303
YDR377W,YER178W,0,-1.6156797,0.08743282407522202,0.8460000157356262,0.8830000162124634
YLL042C,YKL028W,0,-1.6158249,0.08742378652095795,0.8460000157356262,0.8830999732017517
YPR023C,YBL105C,0,-1.6160374,0.08741475641727448,0.8460000157356262,0.8831999897956848
YJL165C,YKL150W,0,-1.6163478,0.087405726313591,0.8460000157356262,0.8833000063896179
YPR171W,YJL085W,0,-1.6163594,0.08739669620990753,0.8460000157356262,0.883400022983551
YDR052C,YOR274W,0,-1.6163625,0.08738766610622406,0.8460000157356262,0.8834999799728394
YDR439W,YPR178W,0,-1.6164128,0.08737864345312119,0.8460000157356262,0.8835999965667725
YER068W,YIL147C,0,-1.6167364,0.08736961334943771,0.8460000157356262,0.8837000131607056
YOR002W,YLL001W,0,-1.6167653,0.08736059814691544,0.8460000157356262,0.8838000297546387
YDR440W,YIR008C,0,-1.6168628,0.08735157549381256,0.8460000157356262,0.883899986743927
YDR456W,YJL140W,0,-1.6171311,0.08734255284070969,0.8460000157356262,0.8840000033378601
YKL165C,YBR080C,0,-1.6172177,0.08733353763818741,0.8460000157356262,0.8841000199317932
YJR050W,YKL119C,0,-1.6180732,0.08732452243566513,0.8460000157356262,0.8841999769210815
YIL040W,YDR206W,0,-1.6182332,0.08731551468372345,0.8460000157356262,0.8842999935150146
YDR188W,YLR305C,0,-1.6185384,0.08730649948120117,0.8460000157356262,0.8844000101089478
YGL187C,YCL052C,0,-1.6186869,0.08729749172925949,0.8460000157356262,0.8845000267028809
YOR160W,YIL023C,0,-1.6188005,0.08728848397731781,0.8460000157356262,0.8845999836921692
YBR110W,YDL135C,0,-1.61903,0.08727948367595673,0.8460000157356262,0.8847000002861023
YNL288W,YOR043W,0,-1.6190344,0.08727047592401505,0.8460000157356262,0.8848000168800354
YBR215W,YDR113C,1,-1.6191174,0.08736462146043777,0.847000002861023,0.8848000168800354
YGR276C,YPL106C,0,-1.6193922,0.0873556137084961,0.847000002861023,0.8848999738693237
YIR004W,YIL070C,0,-1.6194729,0.08734659850597382,0.847000002861023,0.8849999904632568
YNL153C,YML006C,0,-1.6197,0.08733759820461273,0.847000002861023,0.8851000070571899
YML112W,YOL031C,0,-1.6204481,0.08732859045267105,0.847000002861023,0.885200023651123
YFL034C-B,YKR028W,1,-1.6206131,0.0874226838350296,0.8479999899864197,0.885200023651123
YLR095C,YML069W,0,-1.6212997,0.08741366863250732,0.8479999899864197,0.8852999806404114
YDR272W,YIL014W,0,-1.6214726,0.08740466088056564,0.8479999899864197,0.8853999972343445
YIL098C,YKL034W,0,-1.6217284,0.08739565312862396,0.8479999899864197,0.8855000138282776
YFL034C-B,YAL047C,1,-1.6221251,0.08748969435691833,0.8489999771118164,0.8855000138282776
YDL207W,YDR478W,0,-1.6223941,0.08748067915439606,0.8489999771118164,0.8855999708175659
YHR081W,YLR147C,0,-1.6230963,0.08747166395187378,0.8489999771118164,0.885699987411499
YLR066W,YER072W,0,-1.6231455,0.0874626561999321,0.8489999771118164,0.8858000040054321
YPR128C,YGL150C,0,-1.6231523,0.08745364844799042,0.8489999771118164,0.8859000205993652
YKL120W,YDL076C,0,-1.6236556,0.08744464069604874,0.8489999771118164,0.8859999775886536
YIL085C,YML069W,0,-1.6238158,0.08743563294410706,0.8489999771118164,0.8860999941825867
YGR092W,YMR013C,0,-1.6241112,0.08742663264274597,0.8489999771118164,0.8862000107765198
YOR099W,YBR129C,0,-1.6245666,0.08741762489080429,0.8489999771118164,0.8863000273704529
YDR188W,YJL165C,0,-1.624817,0.0874086245894432,0.8489999771118164,0.8863999843597412
YNR033W,YJL165C,0,-1.6253755,0.08739963173866272,0.8489999771118164,0.8865000009536743
YPR134W,YER012W,0,-1.6253772,0.08739063143730164,0.8489999771118164,0.8866000175476074
YMR168C,YMR036C,1,-1.6261716,0.08748456090688705,0.8500000238418579,0.8866000175476074
YGR140W,YHL007C,1,-1.6262673,0.08757846802473068,0.8510000109672546,0.8866000175476074
YGL142C,YOR151C,0,-1.626885,0.087569460272789,0.8510000109672546,0.8866999745368958
YER177W,YMR236W,1,-1.62689,0.08766333758831024,0.8519999980926514,0.8866999745368958
YOR249C,YGL086W,1,-1.6279324,0.08775720000267029,0.8529999852180481,0.8866999745368958
YOR173W,YPR193C,0,-1.628832,0.08774817734956741,0.8529999852180481,0.8867999911308289
YGL142C,YIL023C,0,-1.6289369,0.08773914724588394,0.8529999852180481,0.886900007724762
YPL053C,YKL025C,0,-1.6301686,0.08773012459278107,0.8529999852180481,0.8870000243186951
YOR260W,YJL029C,0,-1.6301773,0.08772110193967819,0.8529999852180481,0.8870999813079834
YDR168W,YCL039W,0,-1.6302248,0.08771207928657532,0.8529999852180481,0.8871999979019165
YOR322C,YLR396C,0,-1.6303433,0.08770306408405304,0.8529999852180481,0.8873000144958496
YPR128C,YOL146W,0,-1.6303711,0.08769404888153076,0.8529999852180481,0.8873999714851379
YOR326W,YHL007C,1,-1.6304423,0.08778782933950424,0.8539999723434448,0.8873999714851379
YLR115W,YJR093C,0,-1.6305935,0.08777880668640137,0.8539999723434448,0.887499988079071
YNL161W,YKR028W,1,-1.6307733,0.08787255734205246,0.8550000190734863,0.887499988079071
YKL053C-A,YKL064W,0,-1.6313777,0.08786352723836899,0.8550000190734863,0.8876000046730042
YPL228W,YHR079C,0,-1.6314547,0.08785449713468552,0.8550000190734863,0.8877000212669373
YDR480W,YMR311C,0,-1.6314733,0.08784547448158264,0.8550000190734863,0.8877999782562256
YPR023C,YLR285W,0,-1.6322378,0.08783645182847977,0.8550000190734863,0.8878999948501587
YJR132W,YLR003C,0,-1.6323537,0.08782742917537689,0.8550000190734863,0.8880000114440918
YBR188C,YML001W,0,-1.6326065,0.08781840652227402,0.8550000190734863,0.8881000280380249
YLL043W,YML097C,0,-1.633285,0.08780938386917114,0.8550000190734863,0.8881999850273132
YLL027W,YJR144W,0,-1.6333356,0.08780036866664886,0.8550000190734863,0.8883000016212463
YPR075C,YOR193W,0,-1.6334002,0.08779135346412659,0.8550000190734863,0.8884000182151794
YJL111W,YPR187W,0,-1.6336529,0.08778233826160431,0.8550000190734863,0.8884999752044678
YMR163C,YKL034W,0,-1.6336583,0.08777333050966263,0.8550000190734863,0.8885999917984009
YBR080C,YML001W,0,-1.6337242,0.08776432275772095,0.8550000190734863,0.888700008392334
YDR420W,YGR147C,0,-1.6338764,0.08775531500577927,0.8550000190734863,0.8888000249862671
YJL125C,YGL097W,0,-1.6343057,0.08774630725383759,0.8550000190734863,0.8888999819755554
YDR179C,YDR397C,0,-1.6353176,0.0877372995018959,0.8550000190734863,0.8889999985694885
YGR227W,YJL129C,0,-1.6353972,0.08772829920053482,0.8550000190734863,0.8891000151634216
YOR260W,YHR079C,0,-1.635562,0.08771929889917374,0.8550000190734863,0.88919997215271
YIL036W,YHR073W,0,-1.6360308,0.08771029859781265,0.8550000190734863,0.8892999887466431
YOR099W,YOL031C,0,-1.6366644,0.08770130574703217,0.8550000190734863,0.8894000053405762
YDL047W,YMR236W,1,-1.6368034,0.08779487013816833,0.8560000061988831,0.8894000053405762
YKL146W,YBL045C,0,-1.6369426,0.08778586983680725,0.8560000061988831,0.8895000219345093
YLR191W,YBR153W,0,-1.6370873,0.08777686953544617,0.8560000061988831,0.8895999789237976
YGR097W,YPL125W,0,-1.638144,0.08776786923408508,0.8560000061988831,0.8896999955177307
YER166W,YNL262W,0,-1.638377,0.087758868932724,0.8560000061988831,0.8898000121116638
YML058W,YGR063C,0,-1.6385363,0.08774986863136292,0.8560000061988831,0.8899000287055969
YPL248C,YDL106C,0,-1.6387702,0.08774087578058243,0.8560000061988831,0.8899999856948853
YLR144C,YBR193C,0,-1.639189,0.08773188292980194,0.8560000061988831,0.8901000022888184
YPL145C,YJL001W,0,-1.6392169,0.08772289752960205,0.8560000061988831,0.8902000188827515
YBR061C,YDR449C,0,-1.6397257,0.08771390467882156,0.8560000061988831,0.8902999758720398
YOR174W,YLR268W,0,-1.6398208,0.08770491927862167,0.8560000061988831,0.8903999924659729
YDR179C,YDR176W,0,-1.6400295,0.08769593387842178,0.8560000061988831,0.890500009059906
YOR151C,YOR043W,0,-1.6402647,0.0876869484782219,0.8560000061988831,0.8906000256538391
YBR129C,YDR170C,0,-1.6408076,0.0876779705286026,0.8560000061988831,0.8906999826431274
YIL040W,YML077W,0,-1.6413782,0.08766898512840271,0.8560000061988831,0.8907999992370605
YNL317W,YKL028W,0,-1.641536,0.08766000717878342,0.8560000061988831,0.8909000158309937
YMR044W,YGR063C,0,-1.6417865,0.08765103667974472,0.8560000061988831,0.890999972820282
YOL147C,YDR427W,0,-1.6418295,0.08764205873012543,0.8560000061988831,0.8910999894142151
YDR181C,YGL098W,0,-1.6425346,0.08763308823108673,0.8560000061988831,0.8912000060081482
YMR263W,YML097C,0,-1.6434956,0.08762411773204803,0.8560000061988831,0.8913000226020813
YNL106C,YKL045W,0,-1.6436397,0.08761514723300934,0.8560000061988831,0.8913999795913696
YOR085W,YJL190C,0,-1.6439285,0.08760618418455124,0.8560000061988831,0.8914999961853027
YER012W,YKR031C,0,-1.6446669,0.08759721368551254,0.8560000061988831,0.8916000127792358
YNL116W,YJR090C,1,-1.6455786,0.0876905769109726,0.8569999933242798,0.8916000127792358
YIR004W,YNL031C,0,-1.6456364,0.0876816064119339,0.8569999933242798,0.891700029373169
YML036W,YPL050C,0,-1.6458212,0.0876726359128952,0.8569999933242798,0.8917999863624573
YER068W,YHR119W,0,-1.6460521,0.0876636654138565,0.8569999933242798,0.8919000029563904
YKL005C,YER162C,0,-1.6461643,0.08765470236539841,0.8569999933242798,0.8920000195503235
YDL236W,YBR080C,0,-1.6465689,0.08764573186635971,0.8569999933242798,0.8920999765396118
YPL069C,YJL035C,0,-1.6469649,0.08763677626848221,0.8569999933242798,0.8921999931335449
YMR013C,YNL229C,0,-1.6469998,0.08762781322002411,0.8569999933242798,0.892300009727478
YER174C,YKR062W,0,-1.6476698,0.08761885017156601,0.8569999933242798,0.8924000263214111
YGL068W,YMR005W,0,-1.647836,0.08760989457368851,0.8569999933242798,0.8924999833106995
YPL069C,YNL025C,0,-1.6479827,0.087600938975811,0.8569999933242798,0.8925999999046326
YIL103W,YDR469W,0,-1.6482413,0.0875919833779335,0.8569999933242798,0.8927000164985657
YGR163W,YDR181C,0,-1.6484005,0.0875830352306366,0.8569999933242798,0.892799973487854
YMR013C,YLR305C,0,-1.6484789,0.08757408708333969,0.8569999933242798,0.8928999900817871
YJL111W,YIR008C,0,-1.648881,0.08756513893604279,0.8569999933242798,0.8930000066757202
YMR277W,YKR029C,0,-1.6489135,0.08755619078874588,0.8569999933242798,0.8931000232696533
YLR009W,YKL122C,0,-1.6499376,0.08754725009202957,0.8569999933242798,0.8931999802589417
YJL019W,YML064C,1,-1.6499403,0.08764044940471649,0.8579999804496765,0.8931999802589417
YBL040C,YIL021W,0,-1.6499772,0.08763150125741959,0.8579999804496765,0.8932999968528748
YER068W,YHR073W,0,-1.6505699,0.08762254565954208,0.8579999804496765,0.8934000134468079
YOR249C,YGL190C,1,-1.6510115,0.08771571516990662,0.859000027179718,0.8934000134468079
YML077W,YDR170C,0,-1.6511467,0.08770675957202911,0.859000027179718,0.8934999704360962
YMR277W,YGR280C,0,-1.6511648,0.08769780397415161,0.859000027179718,0.8935999870300293
YER095W,YNL290W,0,-1.6512523,0.0876888558268547,0.859000027179718,0.8937000036239624
YLR191W,YDR281C,0,-1.6518193,0.0876799002289772,0.859000027179718,0.8938000202178955
YDL175C,YKL122C,0,-1.6521611,0.0876709520816803,0.859000027179718,0.8938999772071838
YDR217C,YMR293C,0,-1.6522247,0.08766200393438339,0.859000027179718,0.8939999938011169
YDR289C,YDR463W,0,-1.6525034,0.08765306323766708,0.859000027179718,0.89410001039505
YML077W,YML019W,0,-1.6527425,0.08764411509037018,0.859000027179718,0.8942000269889832
YMR183C,YGR241C,0,-1.6530972,0.08763517439365387,0.859000027179718,0.8942999839782715
YDR083W,YDR341C,0,-1.6535645,0.08762623369693756,0.859000027179718,0.8944000005722046
YDL046W,YNL025C,0,-1.6540759,0.08761730045080185,0.859000027179718,0.8945000171661377
YMR097C,YJL001W,0,-1.6543949,0.08760835975408554,0.859000027179718,0.894599974155426
YDR224C,YJL063C,0,-1.6545517,0.08759942650794983,0.859000027179718,0.8946999907493591
YKL025C,YPL112C,0,-1.6547946,0.08759049326181412,0.859000027179718,0.8948000073432922
YNL002C,YLR075W,0,-1.6549209,0.087581567466259,0.859000027179718,0.8949000239372253
YDL045C,YKR029C,0,-1.6556673,0.08757263422012329,0.859000027179718,0.8949999809265137
YGR147C,YMR267W,0,-1.6557316,0.08756370842456818,0.859000027179718,0.8950999975204468
YJR064W,YPR132W,0,-1.6559954,0.08755478262901306,0.859000027179718,0.8952000141143799
YBR213W,YOR353C,0,-1.6560802,0.08754586428403854,0.859000027179718,0.8952999711036682
YKR054C,YBR215W,1,-1.6560917,0.08763884752988815,0.8600000143051147,0.8952999711036682
YPL213W,YDR228C,0,-1.6568755,0.08762991428375244,0.8600000143051147,0.8953999876976013
YDR322C-A,YPL239W,0,-1.6571162,0.08762098848819733,0.8600000143051147,0.8955000042915344
YGL247W,YLR275W,0,-1.6572597,0.08761206269264221,0.8600000143051147,0.8956000208854675
YOR002W,YML132W,0,-1.6573412,0.0876031368970871,0.8600000143051147,0.8956999778747559
YMR119W,YHR068W,0,-1.6574423,0.08759421110153198,0.8600000143051147,0.895799994468689
YER094C,YLR059C,0,-1.6580107,0.08758529275655746,0.8600000143051147,0.8959000110626221
YBR036C,YJR007W,0,-1.6581168,0.08757637441158295,0.8600000143051147,0.8960000276565552
YJL063C,YDR177W,0,-1.6584346,0.08756745606660843,0.8600000143051147,0.8960999846458435
YLL021W,YML097C,0,-1.6587485,0.08755854517221451,0.8600000143051147,0.8962000012397766
YMR277W,YLR285W,0,-1.6591301,0.08754962682723999,0.8600000143051147,0.8963000178337097
YBR036C,YLR075W,0,-1.6592302,0.08754071593284607,0.8600000143051147,0.896399974822998
YGR120C,YKR029C,0,-1.65924,0.08753180503845215,0.8600000143051147,0.8964999914169312
YDR173C,YDR218C,0,-1.659616,0.08752290159463882,0.8600000143051147,0.8966000080108643
YLR270W,YER143W,0,-1.6597915,0.0875139907002449,0.8600000143051147,0.8967000246047974
YKL021C,YDR083W,0,-1.6602074,0.08750508725643158,0.8600000143051147,0.8967999815940857
YPL050C,YLR264W,0,-1.6612177,0.08749618381261826,0.8600000143051147,0.8968999981880188
YGL142C,YKR062W,0,-1.6613648,0.08748728036880493,0.8600000143051147,0.8970000147819519
YPR023C,YOR380W,0,-1.6614302,0.0874783843755722,0.8600000143051147,0.8970999717712402
YOR274W,YOR229W,0,-1.6614368,0.08746948838233948,0.8600000143051147,0.8971999883651733
YOR174W,YMR183C,0,-1.6620588,0.08746059238910675,0.8600000143051147,0.8973000049591064
YGR120C,YER087C-B,0,-1.662462,0.08745169639587402,0.8600000143051147,0.8974000215530396
YGL120C,YDR083W,0,-1.6624808,0.0874428078532219,0.8600000143051147,0.8974999785423279
YPR199C,YKL034W,0,-1.6625038,0.08743391931056976,0.8600000143051147,0.897599995136261
YDR456W,YNL290W,0,-1.6631145,0.08742503076791763,0.8600000143051147,0.8977000117301941
YIL014W,YDR176W,0,-1.6634184,0.0874161422252655,0.8600000143051147,0.8978000283241272
YML112W,YDL046W,0,-1.6635265,0.08740725368261337,0.8600000143051147,0.8978999853134155
YLR219W,YMR263W,0,-1.6638627,0.08739837259054184,0.8600000143051147,0.8980000019073486
YML077W,YBR192W,0,-1.6641346,0.0873894914984703,0.8600000143051147,0.8981000185012817
YKL064W,YER012W,0,-1.664681,0.08738061040639877,0.8600000143051147,0.8981999754905701
YBR211C,YDL135C,0,-1.6647286,0.08737173676490784,0.8600000143051147,0.8982999920845032
YKL053C-A,YDR478W,0,-1.6649046,0.0873628631234169,0.8600000143051147,0.8984000086784363
YPR134W,YLR193C,0,-1.665319,0.08735398948192596,0.8600000143051147,0.8985000252723694
YML006C,YDR397C,0,-1.6655203,0.08734511584043503,0.8600000143051147,0.8985999822616577
YOR026W,YKR083C,1,-1.6656959,0.08743780106306076,0.8610000014305115,0.8985999822616577
YNL219C,YKL120W,0,-1.6658136,0.08742891997098923,0.8610000014305115,0.8986999988555908
YNL236W,YOR353C,0,-1.6664641,0.08742004632949829,0.8610000014305115,0.8988000154495239
YPL154C,YGL006W,0,-1.6665974,0.08741116523742676,0.8610000014305115,0.8988999724388123
YOR388C,YOL043C,0,-1.6666484,0.08740229159593582,0.8610000014305115,0.8989999890327454
YER133W,YOR326W,1,-1.6668987,0.08749492466449738,0.8619999885559082,0.8989999890327454
YOR026W,YMR078C,1,-1.6672509,0.08758753538131714,0.8629999756813049,0.8989999890327454
YDL236W,YJL129C,0,-1.6673996,0.08757864683866501,0.8629999756813049,0.8991000056266785
YPR082C,YIR004W,0,-1.6680048,0.08756975829601288,0.8629999756813049,0.8992000222206116
YGR120C,YLR095C,0,-1.6680818,0.08756087720394135,0.8629999756813049,0.8992999792098999
YDR518W,YDR318W,0,-1.6694494,0.08755199611186981,0.8629999756813049,0.899399995803833
YNL025C,YML076C,0,-1.6695068,0.08754311501979828,0.8629999756813049,0.8995000123977661
YPL069C,YKL144C,0,-1.6695817,0.08753423392772675,0.8629999756813049,0.8996000289916992
YDR518W,YJL001W,0,-1.6696563,0.08752535283565521,0.8629999756813049,0.8996999859809875
YPL127C,YGL068W,0,-1.6699429,0.08751647919416428,0.8629999756813049,0.8998000025749207
YER114C,YIL149C,0,-1.6700695,0.08750760555267334,0.8629999756813049,0.8999000191688538
YER168C,YLR405W,0,-1.6701007,0.0874987319111824,0.8629999756813049,0.8999999761581421
YOR174W,YJL029C,0,-1.6701643,0.08748986572027206,0.8629999756813049,0.9000999927520752
YHR191C,YMR236W,1,-1.6704165,0.08758236467838287,0.8640000224113464,0.9000999927520752
YJL125C,YPL145C,0,-1.6704185,0.08757348358631134,0.8640000224113464,0.9002000093460083
YHR052W,YKL110C,0,-1.6709104,0.0875646099448204,0.8640000224113464,0.9003000259399414
YOR377W,YGR077C,0,-1.6713724,0.08755573630332947,0.8640000224113464,0.9003999829292297
YJR090C,YGL086W,1,-1.6718636,0.0876481905579567,0.8650000095367432,0.9003999829292297
YFR009W,YJL165C,0,-1.6720052,0.08763930946588516,0.8650000095367432,0.9004999995231628
YJR057W,YIL039W,0,-1.6724617,0.08763043582439423,0.8650000095367432,0.900600016117096
YLR405W,YPR051W,0,-1.6737046,0.08762155473232269,0.8650000095367432,0.9006999731063843
YIR004W,YDR456W,0,-1.6744161,0.08761268109083176,0.8650000095367432,0.9007999897003174
YNL263C,YJL139C,0,-1.6744667,0.08760380744934082,0.8650000095367432,0.9009000062942505
YPR178W,YHR161C,0,-1.6747363,0.08759493380784988,0.8650000095367432,0.9010000228881836
YIL098C,YGL142C,0,-1.6749034,0.08758606761693954,0.8650000095367432,0.9010999798774719
YCL029C,YHR191C,1,-1.6751981,0.0876784473657608,0.8659999966621399,0.9010999798774719
YDR022C,YDR463W,0,-1.6753156,0.08766956627368927,0.8659999966621399,0.901199996471405
YKL110C,YBL061C,0,-1.6754326,0.08766069263219833,0.8659999966621399,0.9013000130653381
YAL032C,YKR031C,0,-1.6766589,0.0876518189907074,0.8659999966621399,0.9014000296592712
YGR284C,YNL003C,0,-1.6768842,0.08764295279979706,0.8659999966621399,0.9014999866485596
YMR139W,YNL310C,0,-1.6770217,0.08763407915830612,0.8659999966621399,0.9016000032424927
YOR188W,YMR308C,0,-1.6770493,0.08762521296739578,0.8659999966621399,0.9017000198364258
YDR318W,YDR177W,0,-1.6771544,0.08761634677648544,0.8659999966621399,0.9017999768257141
YJL165C,YNL287W,0,-1.6773884,0.0876074880361557,0.8659999966621399,0.9018999934196472
YBR080C,YBR077C,0,-1.6779144,0.08759862184524536,0.8659999966621399,0.9020000100135803
YIL036W,YIL085C,0,-1.6784835,0.08758976310491562,0.8659999966621399,0.9021000266075134
YJL001W,YDL076C,0,-1.678664,0.08758090436458588,0.8659999966621399,0.9021999835968018
YNL003C,YDR183W,0,-1.6788116,0.08757205307483673,0.8659999966621399,0.9023000001907349
YNL161W,YKR054C,1,-1.678863,0.08766430616378784,0.8669999837875366,0.9023000001907349
YPR141C,YDR201W,1,-1.6790812,0.08775654435157776,0.8679999709129333,0.9023000001907349
YKL146W,YER143W,0,-1.6794789,0.08774767816066742,0.8679999709129333,0.902400016784668
YMR311C,YPL007C,0,-1.6795727,0.08773880451917648,0.8679999709129333,0.9024999737739563
YCR048W,YBR192W,0,-1.6804705,0.08772993832826614,0.8679999709129333,0.9025999903678894
YBL022C,YIL138C,0,-1.6814814,0.0877210721373558,0.8679999709129333,0.9027000069618225
YGR097W,YGR227W,0,-1.6816597,0.08771220594644547,0.8679999709129333,0.9028000235557556
YKL007W,YJL139C,0,-1.6818514,0.08770334720611572,0.8679999709129333,0.902899980545044
YLR186W,YKL186C,0,-1.6819909,0.08769448101520538,0.8679999709129333,0.902999997138977
YNR016C,YLR448W,0,-1.6823211,0.08768562227487564,0.8679999709129333,0.9031000137329102
YOL055C,YLR396C,0,-1.6824358,0.0876767709851265,0.8679999709129333,0.9031999707221985
YFR009W,YHR186C,0,-1.6827466,0.08766791224479675,0.8679999709129333,0.9032999873161316
YDR385W,YOR209C,0,-1.6829545,0.08765906095504761,0.8679999709129333,0.9034000039100647
YER008C,YGR141W,0,-1.6829708,0.08765020966529846,0.8679999709129333,0.9035000205039978
YML077W,YDR235W,0,-1.6831524,0.08764135837554932,0.8679999709129333,0.9035999774932861
YNL219C,YGR141W,0,-1.6833575,0.08763250708580017,0.8679999709129333,0.9036999940872192
YJR093C,YBR188C,0,-1.6834546,0.08762366324663162,0.8679999709129333,0.9038000106811523
YHR015W,YDR218C,0,-1.6835386,0.08761481940746307,0.8679999709129333,0.9039000272750854
YDR440W,YDL056W,0,-1.6836382,0.08760597556829453,0.8679999709129333,0.9039999842643738
YOR094W,YDL097C,0,-1.6838099,0.08759713172912598,0.8679999709129333,0.9041000008583069
YKL206C,YPR128C,0,-1.684736,0.08758829534053802,0.8679999709129333,0.90420001745224
YDR201W,YDL064W,1,-1.6847694,0.08768035471439362,0.8690000176429749,0.90420001745224
YNR017W,YPR187W,0,-1.6850483,0.08767151087522507,0.8690000176429749,0.9042999744415283
YDL207W,YOL055C,0,-1.6851954,0.08766266703605652,0.8690000176429749,0.9043999910354614
YGR092W,YPL125W,0,-1.6861639,0.08765382319688797,0.8690000176429749,0.9045000076293945
YBR193C,YGL098W,0,-1.6864272,0.08764497935771942,0.8690000176429749,0.9046000242233276
YNL288W,YDR427W,0,-1.6870911,0.08763614296913147,0.8690000176429749,0.904699981212616
YKL150W,YJL093C,0,-1.6873184,0.08762730658054352,0.8690000176429749,0.9047999978065491
YPR105C,YNL222W,0,-1.6873915,0.08761847019195557,0.8690000176429749,0.9049000144004822
YOL078W,YDR052C,0,-1.6877404,0.08760964125394821,0.8690000176429749,0.9049999713897705
YPR105C,YDR440W,0,-1.6878049,0.08760080486536026,0.8690000176429749,0.9050999879837036
YAL007C,YJL062W,0,-1.6889143,0.0875919759273529,0.8690000176429749,0.9052000045776367
YDR168W,YKR029C,0,-1.6889408,0.08758314698934555,0.8690000176429749,0.9053000211715698
YPR051W,YPR134W,0,-1.6893681,0.08757432550191879,0.8690000176429749,0.9053999781608582
YKL186C,YML069W,0,-1.6897937,0.08756549656391144,0.8690000176429749,0.9054999947547913
YJR007W,YPL139C,0,-1.689918,0.08755667507648468,0.8690000176429749,0.9056000113487244
YNL068C,YJR090C,1,-1.6902151,0.08764860033988953,0.8700000047683716,0.9056000113487244
YGR097W,YBR065C,0,-1.690357,0.08763977140188217,0.8700000047683716,0.9057000279426575
YDR251W,YOL031C,0,-1.6903628,0.08763094246387482,0.8700000047683716,0.9057999849319458
YDL046W,YBR073W,0,-1.690365,0.08762211352586746,0.8700000047683716,0.9059000015258789
YNL116W,YKR028W,1,-1.6903797,0.08771400153636932,0.8709999918937683,0.9059000015258789
YER012W,YGL004C,0,-1.6908529,0.08770516514778137,0.8709999918937683,0.906000018119812
YML006C,YHR067W,0,-1.6910689,0.08769633620977402,0.8709999918937683,0.9060999751091003
YJR064W,YLR002C,0,-1.6915407,0.08768750727176666,0.8709999918937683,0.9061999917030334
YLR033W,YLR003C,0,-1.6915841,0.08767867833375931,0.8709999918937683,0.9063000082969666
YJL101C,YKL150W,0,-1.6919311,0.08766985684633255,0.8709999918937683,0.9064000248908997
YLR148W,YNL229C,0,-1.6922464,0.0876610279083252,0.8709999918937683,0.906499981880188
YPR178W,YJL035C,0,-1.6922529,0.08765220642089844,0.8709999918937683,0.9065999984741211
YGL200C,YER044C,0,-1.6923225,0.08764339238405228,0.8709999918937683,0.9067000150680542
YLR192C,YDL236W,0,-1.6925137,0.08763457089662552,0.8709999918937683,0.9067999720573425
YPL086C,YLR291C,0,-1.6926132,0.08762575685977936,0.8709999918937683,0.9068999886512756
YIL070C,YNL290W,0,-1.6930621,0.0876169428229332,0.8709999918937683,0.9070000052452087
YAL056W,YJL164C,0,-1.6933756,0.08760812878608704,0.8709999918937683,0.9071000218391418
YGL223C,YIL039W,0,-1.6934128,0.08759931474924088,0.8709999918937683,0.9071999788284302
YOR026W,YHR158C,1,-1.6935434,0.08769106864929199,0.871999979019165,0.9071999788284302
YDR096W,YDR176W,0,-1.6939201,0.08768225461244583,0.871999979019165,0.9072999954223633
YMR316W,YOL111C,0,-1.6943855,0.08767343312501907,0.871999979019165,0.9074000120162964
YER133W,YGL086W,1,-1.694938,0.0877651572227478,0.8730000257492065,0.9074000120162964
YDR179C,YDL076C,0,-1.695066,0.08775633573532104,0.8730000257492065,0.9075000286102295
YER012W,YNL138W,0,-1.6950693,0.08774751424789429,0.8730000257492065,0.9075999855995178
YFR046C,YDR179C,0,-1.6951386,0.08773869276046753,0.8730000257492065,0.9077000021934509
YFL029C,YKR083C,1,-1.6953481,0.08783037215471268,0.8740000128746033,0.9077000021934509
YJR093C,YDR407C,0,-1.6956975,0.08782154321670532,0.8740000128746033,0.907800018787384
YMR288W,YKL110C,0,-1.6957307,0.08781272172927856,0.8740000128746033,0.9078999757766724
YFR008W,YNL214W,0,-1.696038,0.0878039002418518,0.8740000128746033,0.9079999923706055
YKR054C,YMR190C,1,-1.6962266,0.08789552748203278,0.875,0.9079999923706055
YGR037C,YER178W,0,-1.696605,0.08788669854402542,0.875,0.9081000089645386
YGR163W,YML001W,0,-1.696669,0.08787787705659866,0.875,0.9082000255584717
YDR217C,YJL168C,0,-1.6973796,0.08786904811859131,0.875,0.90829998254776
YKR063C,YDR227W,0,-1.6981585,0.08786022663116455,0.875,0.9083999991416931
YKL005C,YOR229W,0,-1.6982367,0.08785140514373779,0.875,0.9085000157356262
YOL016C,YLR368W,0,-1.698343,0.08784258365631104,0.875,0.9085999727249146
YCR048W,YMR119W,0,-1.6985357,0.08783376961946487,0.875,0.9086999893188477
YPL154C,YDL015C,0,-1.6986481,0.08782495558261871,0.875,0.9088000059127808
YHR079C,YKL053C-A,0,-1.6989877,0.08781614154577255,0.875,0.9089000225067139
YIL040W,YKL144C,0,-1.6992306,0.08780732750892639,0.875,0.9089999794960022
YPR135W,YJL074C,1,-1.699308,0.0878988578915596,0.8759999871253967,0.9089999794960022
YHR158C,YGR245C,1,-1.6997495,0.08799036592245102,0.8769999742507935,0.9089999794960022
YDL132W,YOL133W,1,-1.7006214,0.08808185905218124,0.878000020980835,0.9089999794960022
YAL032C,YOL146W,0,-1.7008926,0.08807302266359329,0.878000020980835,0.9090999960899353
YMR033W,YML006C,0,-1.70139,0.08806419372558594,0.878000020980835,0.9092000126838684
YGL172W,YOR043W,0,-1.701781,0.08805535733699799,0.878000020980835,0.9093000292778015
YPL069C,YJL111W,0,-1.7022477,0.08804652839899063,0.878000020980835,0.9093999862670898
YIL085C,YKL079W,0,-1.7036619,0.08803769946098328,0.878000020980835,0.909500002861023
YGL004C,YBR095C,0,-1.7041221,0.08802887797355652,0.878000020980835,0.909600019454956
YIL124W,YGL200C,0,-1.7042278,0.08802004903554916,0.878000020980835,0.9096999764442444
YDR168W,YJR093C,0,-1.7045802,0.0880112275481224,0.878000020980835,0.9097999930381775
YJR132W,YOR098C,0,-1.7048243,0.08800240606069565,0.878000020980835,0.9099000096321106
YPR135W,YIL031W,1,-1.7049544,0.08809380978345871,0.8790000081062317,0.9099000096321106
YPR111W,YGR147C,0,-1.7051326,0.08808498084545135,0.8790000081062317,0.9100000262260437
YKL017C,YLR035C,0,-1.7055205,0.088076151907444,0.8790000081062317,0.910099983215332
YGL190C,YAL047C,1,-1.7060192,0.08816751837730408,0.8799999952316284,0.910099983215332
YNL219C,YEL029C,0,-1.7060633,0.08815868198871613,0.8799999952316284,0.9101999998092651
YMR311C,YKL058W,0,-1.706862,0.08814985305070877,0.8799999952316284,0.9103000164031982
YBR041W,YOL013C,0,-1.7078807,0.08814102411270142,0.8799999952316284,0.9103999733924866
YPR051W,YGR241C,0,-1.7080299,0.08813219517469406,0.8799999952316284,0.9104999899864197
YNL116W,YIL153W,1,-1.7083269,0.08822350949048996,0.8809999823570251,0.9104999899864197
YMR033W,YPR019W,0,-1.7090117,0.0882146805524826,0.8809999823570251,0.9106000065803528
YOR388C,YGL006W,0,-1.7092454,0.08820584416389465,0.8809999823570251,0.9107000231742859
YDL178W,YJL166W,0,-1.7092934,0.0881970152258873,0.8809999823570251,0.9107999801635742
YNR019W,YJL094C,0,-1.7094159,0.08818818628787994,0.8809999823570251,0.9108999967575073
YNL048W,YPL139C,0,-1.7095462,0.08817936480045319,0.8809999823570251,0.9110000133514404
YKL005C,YOR043W,0,-1.7096846,0.08817053586244583,0.8809999823570251,0.9110999703407288
YOL071W,YER169W,0,-1.7100794,0.08816171437501907,0.8809999823570251,0.9111999869346619
YDL046W,YCR067C,0,-1.710309,0.08815289288759232,0.8809999823570251,0.911300003528595
YMR316W,YBR214W,0,-1.7105114,0.08814407140016556,0.8809999823570251,0.9114000201225281
YJR064W,YLL043W,0,-1.7106111,0.0881352573633194,0.8809999823570251,0.9114999771118164
YKL186C,YKL079W,0,-1.711059,0.08812643587589264,0.8809999823570251,0.9115999937057495
YLL021W,YAL002W,0,-1.7111951,0.08811762183904648,0.8809999823570251,0.9117000102996826
YOL071W,YOR388C,0,-1.7112097,0.08810880780220032,0.8809999823570251,0.9118000268936157
YLR109W,YHR174W,0,-1.711988,0.08810000121593475,0.8809999823570251,0.911899983882904
YHR059W,YKL028W,0,-1.7119987,0.08809118717908859,0.8809999823570251,0.9120000004768372
YNR017W,YLR372W,0,-1.7121161,0.08808238059282303,0.8809999823570251,0.9121000170707703
YML006C,YKL079W,0,-1.7122083,0.08807358145713806,0.8809999823570251,0.9121999740600586
YBR110W,YBR041W,0,-1.7122316,0.0880647748708725,0.8809999823570251,0.9122999906539917
YJL139C,YNL310C,0,-1.7127079,0.08805597573518753,0.8809999823570251,0.9124000072479248
YJL203W,YMR263W,0,-1.7129391,0.08804716914892197,0.8809999823570251,0.9125000238418579
YIL036W,YPL007C,0,-1.7131923,0.088038370013237,0.8809999823570251,0.9125999808311462
YDL137W,YPR187W,0,-1.7132374,0.08802957832813263,0.8809999823570251,0.9126999974250793
YNL031C,YAL023C,0,-1.7133576,0.08802077919244766,0.8809999823570251,0.9128000140190125
YKL045W,YDL043C,0,-1.7135266,0.08801198750734329,0.8809999823570251,0.9128999710083008
YIL014W,YGR185C,0,-1.7138602,0.08800319582223892,0.8809999823570251,0.9129999876022339
YOR226C,YPR075C,0,-1.7142396,0.08799440413713455,0.8809999823570251,0.913100004196167
YKR028W,YML064C,1,-1.7150108,0.08808548748493195,0.8820000290870667,0.913100004196167
YDL207W,YOR043W,0,-1.7151941,0.08807669579982758,0.8820000290870667,0.9132000207901001
YIL149C,YFR005C,0,-1.7155591,0.08806789666414261,0.8820000290870667,0.9132999777793884
YOR094W,YPR019W,0,-1.7155603,0.08805910497903824,0.8820000290870667,0.9133999943733215
YDR227W,YJL129C,0,-1.7156558,0.08805031329393387,0.8820000290870667,0.9135000109672546
YMR100W,YGL004C,0,-1.7164404,0.0880415216088295,0.8820000290870667,0.9136000275611877
YOR031W,YPR075C,0,-1.7166746,0.08803273737430573,0.8820000290870667,0.9136999845504761
YMR163C,YKR029C,0,-1.7168868,0.08802395313978195,0.8820000290870667,0.9138000011444092
YMR287C,YKL006C-A,0,-1.7171042,0.08801516890525818,0.8820000290870667,0.9139000177383423
YPL069C,YMR013C,0,-1.7172064,0.0880063846707344,0.8820000290870667,0.9139999747276306
YCR002C,YBR193C,0,-1.7175548,0.08799760788679123,0.8820000290870667,0.9140999913215637
YML077W,YGR276C,0,-1.7182627,0.08798882365226746,0.8820000290870667,0.9142000079154968
YNL219C,YML025C,0,-1.7187699,0.08798004686832428,0.8820000290870667,0.9143000245094299
YMR113W,YGR047C,0,-1.7188003,0.0879712775349617,0.8820000290870667,0.9143999814987183
YML077W,YER094C,0,-1.7189105,0.08796250075101852,0.8820000290870667,0.9144999980926514
YER133W,YKR037C,1,-1.7190627,0.08805344998836517,0.8830000162124634,0.9144999980926514
YGL150C,YLR033W,0,-1.7193979,0.088044673204422,0.8830000162124634,0.9146000146865845
YKL005C,YFL017W-A,0,-1.7203131,0.08803588896989822,0.8830000162124634,0.9146999716758728
YNL029C,YIL149C,0,-1.7204323,0.08802711963653564,0.8830000162124634,0.9147999882698059
YIR004W,YOR179C,0,-1.721958,0.08801834285259247,0.8830000162124634,0.914900004863739
YDL046W,YDR427W,0,-1.7225355,0.08800956606864929,0.8830000162124634,0.9150000214576721
YER030W,YJL100W,0,-1.722714,0.08800079673528671,0.8830000162124634,0.9150999784469604
YML077W,YMR183C,0,-1.7227697,0.08799202740192413,0.8830000162124634,0.9151999950408936
YGL167C,YGR141W,0,-1.72279,0.08798325806856155,0.8830000162124634,0.9153000116348267
YBR193C,YGR005C,0,-1.7228094,0.08797449618577957,0.8830000162124634,0.9154000282287598
YKR083C,YKR028W,1,-1.7228196,0.08806534856557846,0.8840000033378601,0.9154000282287598
YPR171W,YDR235W,0,-1.7229638,0.08805657923221588,0.8840000033378601,0.9154999852180481
YPL053C,YGL097W,0,-1.7232286,0.0880478098988533,0.8840000033378601,0.9156000018119812
YCL039W,YER068W,0,-1.7234532,0.08803904056549072,0.8840000033378601,0.9157000184059143
YKL017C,YLR191W,0,-1.7245041,0.08803027123212814,0.8840000033378601,0.9157999753952026
YLR066W,YNL229C,0,-1.7247856,0.08802150934934616,0.8840000033378601,0.9158999919891357
YER114C,YGL006W,0,-1.7257265,0.08801274746656418,0.8840000033378601,0.9160000085830688
YGL086W,YAL047C,1,-1.7257555,0.0881035327911377,0.8849999904632568,0.9160000085830688
YGL058W,YBR080C,0,-1.7257881,0.08809476345777512,0.8849999904632568,0.916100025177002
YKL110C,YCL054W,0,-1.7266606,0.08808599412441254,0.8849999904632568,0.9161999821662903
YPL145C,YDR418W,0,-1.7268361,0.08807723224163055,0.8849999904632568,0.9162999987602234
YCR048W,YDR206W,0,-1.7269685,0.08806846290826797,0.8849999904632568,0.9164000153541565
YDR377W,YJL063C,0,-1.7271397,0.08805970102548599,0.8849999904632568,0.9164999723434448
YML112W,YGL058W,0,-1.7271528,0.08805093914270401,0.8849999904632568,0.9165999889373779
YNL248C,YPL239W,0,-1.7277477,0.08804217725992203,0.8849999904632568,0.916700005531311
YMR150C,YML069W,0,-1.7278407,0.08803342282772064,0.8849999904632568,0.9168000221252441
YDR440W,YPL007C,0,-1.7278695,0.08802466839551926,0.8849999904632568,0.9168999791145325
YJL125C,YDR341C,0,-1.7280958,0.08801591396331787,0.8849999904632568,0.9169999957084656
YGR227W,YDR420W,0,-1.7284623,0.08800715953111649,0.8849999904632568,0.9171000123023987
YJR007W,YML001W,0,-1.7294111,0.0879984125494957,0.8849999904632568,0.9172000288963318
YDL145C,YIL118W,0,-1.7297951,0.08798965811729431,0.8849999904632568,0.9172999858856201
YER168C,YLR324W,0,-1.7300113,0.08798091113567352,0.8849999904632568,0.9174000024795532
YPL119C,YJL140W,0,-1.7301568,0.08797216415405273,0.8849999904632568,0.9175000190734863
YNL291C,YER087C-B,0,-1.7301674,0.08796342462301254,0.8849999904632568,0.9175999760627747
YOR002W,YOR353C,0,-1.730598,0.08795467764139175,0.8849999904632568,0.9176999926567078
YDL043C,YPL128C,0,-1.7315443,0.08794593811035156,0.8849999904632568,0.9178000092506409
YOR085W,YDR341C,0,-1.731745,0.08793719857931137,0.8849999904632568,0.917900025844574
YOR260W,YKL079W,0,-1.7317765,0.08792846649885178,0.8849999904632568,0.9179999828338623
YGL190C,YJL098W,1,-1.7318711,0.08801907300949097,0.8859999775886536,0.9179999828338623
YPR019W,YKL020C,0,-1.7323147,0.08801033347845078,0.8859999775886536,0.9180999994277954
YFL029C,YOL133W,1,-1.7329769,0.08810091018676758,0.8870000243186951,0.9180999994277954
YLR022C,YDR165W,0,-1.7334857,0.08809216320514679,0.8870000243186951,0.9182000160217285
YKR054C,YOL133W,1,-1.7336054,0.0881827175617218,0.8880000114440918,0.9182000160217285
YHR068W,YPR052C,0,-1.7337496,0.08817396312952042,0.8880000114440918,0.9182999730110168
YPL053C,YNL138W,0,-1.7338014,0.08816520869731903,0.8880000114440918,0.91839998960495
YGR276C,YOR043W,0,-1.7339237,0.08815645426511765,0.8880000114440918,0.9185000061988831
YHR191C,YKR083C,1,-1.7340755,0.08824697136878967,0.8889999985694885,0.9185000061988831
YGL223C,YER129W,0,-1.7345247,0.08823821693658829,0.8889999985694885,0.9186000227928162
YHR191C,YKR028W,1,-1.7346845,0.08832870423793793,0.8899999856948853,0.9186000227928162
YPL053C,YBR192W,0,-1.7347306,0.08831993490457535,0.8899999856948853,0.9186999797821045
YCR002C,YPL106C,0,-1.736367,0.08831117302179337,0.8899999856948853,0.9187999963760376
YDR217C,YGR241C,0,-1.7364627,0.08830241113901138,0.8899999856948853,0.9189000129699707
YLR147C,YGL098W,0,-1.7370207,0.0882936492562294,0.8899999856948853,0.9190000295639038
YIR008C,YOL128C,0,-1.7383089,0.08828489482402802,0.8899999856948853,0.9190999865531921
YMR277W,YKL110C,0,-1.7385199,0.08827613294124603,0.8899999856948853,0.9192000031471252
YNL068C,YJL098W,1,-1.7388315,0.0883665606379509,0.890999972820282,0.9192000031471252
YGR147C,YKL120W,0,-1.7390261,0.08835779130458832,0.890999972820282,0.9193000197410583
YOR002W,YKL122C,0,-1.7391107,0.08834903687238693,0.890999972820282,0.9193999767303467
YER008C,YKL119C,0,-1.7398497,0.08834027498960495,0.890999972820282,0.9194999933242798
YGR037C,YDR170C,0,-1.7402972,0.08833151310682297,0.890999972820282,0.9196000099182129
YBR042C,YNL244C,0,-1.7406342,0.08832275867462158,0.890999972820282,0.919700026512146
YJL094C,YOR160W,0,-1.7414504,0.0883140042424202,0.890999972820282,0.9197999835014343
YPR135W,YIL153W,1,-1.7415528,0.08840435743331909,0.8920000195503235,0.9197999835014343
YDL126C,YAL023C,0,-1.7423258,0.0883956030011177,0.8920000195503235,0.9199000000953674
YOR174W,YDR088C,0,-1.7427096,0.08838684111833572,0.8920000195503235,0.9200000166893005
YIL040W,YNL290W,0,-1.7429106,0.08837808668613434,0.8920000195503235,0.9200999736785889
YDR440W,YLL004W,0,-1.7434695,0.08836932480335236,0.8920000195503235,0.920199990272522
YLR069C,YPR075C,0,-1.7441709,0.08836057782173157,0.8920000195503235,0.9203000068664551
YDR421W,YOL055C,0,-1.7443022,0.08835182338953018,0.8920000195503235,0.9204000234603882
YKL006C-A,YKL028W,0,-1.744676,0.0883430689573288,0.8920000195503235,0.9204999804496765
YER177W,YGL190C,1,-1.7453244,0.08843335509300232,0.8930000066757202,0.9204999804496765
YJR093C,YBR129C,0,-1.7454822,0.08842459321022034,0.8930000066757202,0.9205999970436096
YGL190C,YCR065W,1,-1.7455237,0.08851484954357147,0.8939999938011169,0.9205999970436096
YIL021W,YPR110C,0,-1.7460183,0.08850608766078949,0.8939999938011169,0.9207000136375427
YNL068C,YDR310C,1,-1.746036,0.08859631419181824,0.8949999809265137,0.9207000136375427
YLL043W,YGR276C,0,-1.7460897,0.08858754485845566,0.8949999809265137,0.920799970626831
YJR064W,YIL149C,0,-1.7461797,0.08857878297567368,0.8949999809265137,0.9208999872207642
YJL062W,YLR285W,0,-1.7464057,0.0885700136423111,0.8949999809265137,0.9210000038146973
YJL192C,YKL122C,0,-1.7464895,0.08856125175952911,0.8949999809265137,0.9211000204086304
YPR193C,YNL107W,0,-1.7477988,0.08855248987674713,0.8949999809265137,0.9211999773979187
YHR067W,YOR179C,0,-1.7479362,0.08854372799396515,0.8949999809265137,0.9212999939918518
YBR215W,YDR201W,1,-1.7483832,0.08863388746976852,0.8960000276565552,0.9212999939918518
YMR150C,YOL111C,0,-1.7486265,0.08862512558698654,0.8960000276565552,0.9214000105857849
YPR141C,YML064C,1,-1.7486947,0.08871526271104813,0.8970000147819519,0.9214000105857849
YOR011W,YCL054W,0,-1.7492025,0.08870648592710495,0.8970000147819519,0.921500027179718
YOR011W,YDL106C,0,-1.749391,0.08869771659374237,0.8970000147819519,0.9215999841690063
YMR113W,YGL172W,0,-1.7502052,0.08868894726037979,0.8970000147819519,0.9217000007629395
YML036W,YIL118W,0,-1.7502366,0.08868017792701721,0.8970000147819519,0.9218000173568726
YMR308C,YDR165W,0,-1.7503893,0.08867140859365463,0.8970000147819519,0.9218999743461609
YOR329C,YPL087W,0,-1.7511363,0.08866264671087265,0.8970000147819519,0.921999990940094
YDR310C,YML064C,1,-1.7513572,0.08875271677970886,0.8980000019073486,0.921999990940094
YKR055W,YMR183C,0,-1.7514784,0.08874394744634628,0.8980000019073486,0.9221000075340271
YML019W,YLR066W,0,-1.7516212,0.0887351781129837,0.8980000019073486,0.9222000241279602
YLR059C,YMR183C,0,-1.7516812,0.08872640877962112,0.8980000019073486,0.9222999811172485
YGR227W,YML019W,0,-1.7517207,0.08871764689683914,0.8980000019073486,0.9223999977111816
YPR171W,YHR079C,0,-1.7520127,0.08870887756347656,0.8980000019073486,0.9225000143051147
YML064C,YDL064W,1,-1.7522371,0.0887988954782486,0.8989999890327454,0.9225000143051147
YJL111W,YDR156W,0,-1.7525414,0.08879012614488602,0.8989999890327454,0.9225999712944031
YMR119W,YER087C-B,0,-1.7525493,0.08878135681152344,0.8989999890327454,0.9226999878883362
YCL039W,YKR055W,0,-1.7529798,0.08877258747816086,0.8989999890327454,0.9228000044822693
YER168C,YDR083W,0,-1.7531989,0.08876382559537888,0.8989999890327454,0.9229000210762024
YNL291C,YOR243C,0,-1.7538284,0.0887550562620163,0.8989999890327454,0.9229999780654907
YDR469W,YLR003C,0,-1.7541593,0.08874630182981491,0.8989999890327454,0.9230999946594238
YCR048W,YDL207W,0,-1.7548963,0.08873753994703293,0.8989999890327454,0.9232000112533569
YOR260W,YOL020W,0,-1.7553608,0.08872877806425095,0.8989999890327454,0.92330002784729
YGR147C,YDR400W,0,-1.7564514,0.08872002363204956,0.8989999890327454,0.9233999848365784
YBR188C,YJL192C,0,-1.7565621,0.08871126919984818,0.8989999890327454,0.9235000014305115
YMR078C,YDR113C,1,-1.7566478,0.08880118280649185,0.8999999761581421,0.9235000014305115
YIL036W,YJL139C,0,-1.756767,0.08879242092370987,0.8999999761581421,0.9236000180244446
YER072W,YML001W,0,-1.7570922,0.08878366649150848,0.8999999761581421,0.9236999750137329
YDL002C,YJL036W,0,-1.7573714,0.0887749046087265,0.8999999761581421,0.923799991607666
YPL145C,YBR188C,0,-1.7579592,0.08876615017652512,0.8999999761581421,0.9239000082015991
YGL172W,YLR396C,0,-1.7579627,0.08875739574432373,0.8999999761581421,0.9240000247955322
YNL312W,YPL007C,0,-1.7584773,0.08874864131212234,0.8999999761581421,0.9240999817848206
YFL057C,YDR421W,0,-1.7587328,0.08873989433050156,0.8999999761581421,0.9241999983787537
YKL007W,YNL263C,0,-1.7591622,0.08873114734888077,0.8999999761581421,0.9243000149726868
YML077W,YLR305C,0,-1.7594925,0.08872240036725998,0.8999999761581421,0.9243999719619751
YBR061C,YEL051W,0,-1.7604033,0.08871365338563919,0.8999999761581421,0.9244999885559082
YHR191C,YER133W,1,-1.7607961,0.08880347013473511,0.9010000228881836,0.9244999885559082
YDR173C,YKL064W,0,-1.7616146,0.08879471570253372,0.9010000228881836,0.9246000051498413
YNL003C,YML069W,0,-1.7617103,0.08878596872091293,0.9010000228881836,0.9247000217437744
YJR121W,YGL172W,0,-1.7617444,0.08877722173929214,0.9010000228881836,0.9247999787330627
YJR057W,YNL003C,0,-1.7621328,0.08876847475767136,0.9010000228881836,0.9248999953269958
YDR228C,YAL032C,0,-1.7621517,0.08875972777605057,0.9010000228881836,0.925000011920929
YDL056W,YBR095C,0,-1.7623503,0.08875098824501038,0.9010000228881836,0.9251000285148621
YJR093C,YAL035W,0,-1.7632619,0.08874224126338959,0.9010000228881836,0.9251999855041504
YFR009W,YPL112C,0,-1.7638931,0.0887335017323494,0.9010000228881836,0.9253000020980835
YGR284C,YOR347C,0,-1.7639146,0.0887247696518898,0.9010000228881836,0.9254000186920166
YBR065C,YBR168W,0,-1.7641172,0.08871603012084961,0.9010000228881836,0.9254999756813049
YNL119W,YDL201W,0,-1.7644907,0.08870729804039001,0.9010000228881836,0.925599992275238
YDR052C,YLR033W,0,-1.7663149,0.08869856595993042,0.9010000228881836,0.9257000088691711
YNL161W,YGL086W,1,-1.766694,0.08878826349973679,0.9020000100135803,0.9257000088691711
YGL065C,YNL287W,0,-1.7670985,0.0887795239686966,0.9020000100135803,0.9258000254631042
YOR040W,YBR279W,0,-1.7672459,0.088770791888237,0.9020000100135803,0.9258999824523926
YDR330W,YGR141W,0,-1.768313,0.08876205235719681,0.9020000100135803,0.9259999990463257
YOR260W,YKR081C,0,-1.7695429,0.08875332027673721,0.9020000100135803,0.9261000156402588
YOR319W,YLL027W,0,-1.7696959,0.08874458819627762,0.9020000100135803,0.9261999726295471
YDL052C,YDL015C,0,-1.7700622,0.08873585611581802,0.9020000100135803,0.9262999892234802
YDR052C,YER008C,0,-1.7703744,0.08872713148593903,0.9020000100135803,0.9264000058174133
YGL223C,YDR439W,0,-1.7705843,0.08871839940547943,0.9020000100135803,0.9265000224113464
YIL103W,YJL101C,0,-1.7706255,0.08870967477560043,0.9020000100135803,0.9265999794006348
YOR249C,YDR201W,1,-1.7710085,0.08879929035902023,0.902999997138977,0.9265999794006348
YPR134W,YLR396C,0,-1.7711663,0.08879055827856064,0.902999997138977,0.9266999959945679
YML086C,YJL062W,0,-1.7724955,0.08878183364868164,0.902999997138977,0.926800012588501
YDL045C,YBR188C,0,-1.774622,0.08877310156822205,0.902999997138977,0.9269000291824341
YPR128C,YCR002C,0,-1.7749834,0.08876437693834305,0.902999997138977,0.9269999861717224
YGL190C,YKR037C,1,-1.7757516,0.08885394036769867,0.9039999842643738,0.9269999861717224
YCR048W,YNL243W,0,-1.7758181,0.08884520828723907,0.9039999842643738,0.9271000027656555
YJL186W,YJL139C,0,-1.7763059,0.08883647620677948,0.9039999842643738,0.9272000193595886
YEL027W,YIL118W,0,-1.7769742,0.08882775157690048,0.9039999842643738,0.927299976348877
YJL099W,YIL023C,0,-1.7775702,0.08881901949644089,0.9039999842643738,0.9273999929428101
YMR048W,YKR083C,1,-1.7786489,0.08890853822231293,0.9049999713897705,0.9273999929428101
YOR249C,YPR141C,1,-1.7788386,0.08899803459644318,0.906000018119812,0.9273999929428101
YGR120C,YKL042W,0,-1.7790322,0.08898929506540298,0.906000018119812,0.9275000095367432
YLR115W,YBR193C,0,-1.7790453,0.08898055553436279,0.906000018119812,0.9276000261306763
YNL106C,YLR369W,0,-1.7799698,0.0889718160033226,0.906000018119812,0.9276999831199646
YGL144C,YLR396C,0,-1.7801819,0.08896307647228241,0.906000018119812,0.9277999997138977
YOR026W,YIL031W,1,-1.7802311,0.08905252814292908,0.9070000052452087,0.9277999997138977
YER133W,YMR236W,1,-1.780313,0.08914195746183395,0.9079999923706055,0.9277999997138977
YBL040C,YGR141W,0,-1.7812315,0.08913321048021317,0.9079999923706055,0.9279000163078308
YPR052C,YBR077C,0,-1.7824447,0.08912446349859238,0.9079999923706055,0.9279999732971191
YJR047C,YDR225W,0,-1.782502,0.08911571651697159,0.9079999923706055,0.9280999898910522
YDR188W,YPR132W,0,-1.7827826,0.0891069695353508,0.9079999923706055,0.9282000064849854
YER169W,YLR200W,0,-1.7828038,0.08909822255373001,0.9079999923706055,0.9283000230789185
YKR083C,YJL019W,1,-1.7833798,0.08918759971857071,0.9089999794960022,0.9283000230789185
YJL165C,YML029W,0,-1.783468,0.08917884528636932,0.9089999794960022,0.9283999800682068
YKL146W,YGL172W,0,-1.7838792,0.08917009830474854,0.9089999794960022,0.9284999966621399
YGL190C,YDL064W,1,-1.7842906,0.08925943821668625,0.9100000262260437,0.9284999966621399
YMR026C,YMR293C,0,-1.7852163,0.08925068378448486,0.9100000262260437,0.928600013256073
YBR110W,YPL106C,0,-1.7852983,0.08924193680286407,0.9100000262260437,0.9286999702453613
YNL219C,YBR069C,0,-1.7853776,0.08923318237066269,0.9100000262260437,0.9287999868392944
YKL007W,YBR256C,0,-1.7855445,0.0892244353890419,0.9100000262260437,0.9289000034332275
YDR377W,YDL236W,0,-1.7862248,0.08921568840742111,0.9100000262260437,0.9290000200271606
YOR322C,YPL085W,0,-1.7870879,0.08920694142580032,0.9100000262260437,0.929099977016449
YMR263W,YBR130C,0,-1.7899349,0.08919819444417953,0.9100000262260437,0.9291999936103821
YPL125W,YNL139C,0,-1.7905385,0.08918945491313934,0.9100000262260437,0.9293000102043152
YDR334W,YDR330W,0,-1.7905908,0.08918071538209915,0.9100000262260437,0.9294000267982483
YNL048W,YLR113W,0,-1.7907841,0.08917197585105896,0.9100000262260437,0.9294999837875366
YNL219C,YLR368W,0,-1.7910838,0.08916323632001877,0.9100000262260437,0.9296000003814697
YLR186W,YLR291C,0,-1.7915645,0.08915450423955917,0.9100000262260437,0.9297000169754028
YGL190C,YHL007C,1,-1.7918513,0.08924373239278793,0.9110000133514404,0.9297000169754028
YNL106C,YKR031C,0,-1.7920091,0.08923498541116714,0.9110000133514404,0.9297999739646912
YJR083C,YML112W,0,-1.7920351,0.08922624588012695,0.9110000133514404,0.9298999905586243
YNL084C,YKL034W,0,-1.7923707,0.08921751379966736,0.9110000133514404,0.9300000071525574
YPL254W,YOR106W,0,-1.7924906,0.08920877426862717,0.9110000133514404,0.9301000237464905
YPL267W,YPR141C,1,-1.7927933,0.08929795026779175,0.9120000004768372,0.9301000237464905
YKL064W,YER008C,0,-1.7932322,0.08928921073675156,0.9120000004768372,0.9301999807357788
YKL064W,YOR380W,0,-1.7932539,0.08928047120571136,0.9120000004768372,0.9302999973297119
YMR116C,YDL015C,0,-1.7933624,0.08927173167467117,0.9120000004768372,0.930400013923645
YLR270W,YDR088C,0,-1.7939483,0.08926299214363098,0.9120000004768372,0.9304999709129333
YJR144W,YJL140W,0,-1.7940781,0.08925426006317139,0.9120000004768372,0.9305999875068665
YOR002W,YLR193C,0,-1.794698,0.0892455205321312,0.9120000004768372,0.9307000041007996
YNL219C,YMR150C,0,-1.7948354,0.0892367884516716,0.9120000004768372,0.9308000206947327
YMR277W,YLR095C,0,-1.7952139,0.089228056371212,0.9120000004768372,0.930899977684021
YBR077C,YLR305C,0,-1.7955362,0.08921933174133301,0.9120000004768372,0.9309999942779541
YNL138W,YPL139C,0,-1.7960838,0.08921060711145401,0.9120000004768372,0.9311000108718872
YEL029C,YIR004W,0,-1.797428,0.08920187503099442,0.9120000004768372,0.9312000274658203
YMR036C,YMR190C,1,-1.7981653,0.08929095417261124,0.9129999876022339,0.9312000274658203
YLR368W,YNL244C,0,-1.7986629,0.08928222209215164,0.9129999876022339,0.9312999844551086
YEL027W,YGL137W,0,-1.7989757,0.08927349001169205,0.9129999876022339,0.9314000010490417
YOR243C,YNL263C,0,-1.7998322,0.08926476538181305,0.9129999876022339,0.9315000176429749
YKL146W,YOR191W,0,-1.8002887,0.08925603330135345,0.9129999876022339,0.9315999746322632
YDR188W,YBL040C,0,-1.8004216,0.08924730867147446,0.9129999876022339,0.9316999912261963
YER169W,YBR105C,0,-1.8013036,0.08923859149217606,0.9129999876022339,0.9318000078201294
YKL005C,YJL129C,0,-1.8030422,0.08922986686229706,0.9129999876022339,0.9319000244140625
YPR023C,YNL312W,0,-1.8030632,0.08922114968299866,0.9129999876022339,0.9319999814033508
YPL169C,YDR341C,0,-1.80345,0.08921243250370026,0.9129999876022339,0.9320999979972839
YPR023C,YOR174W,0,-1.8054361,0.08920371532440186,0.9129999876022339,0.932200014591217
YLR102C,YMR048W,1,-1.8058977,0.08929269015789032,0.9139999747276306,0.932200014591217
YNL068C,YDL047W,1,-1.8061736,0.08938165754079819,0.9150000214576721,0.932200014591217
YHR158C,YIL153W,1,-1.8062614,0.08947060257196426,0.9160000085830688,0.932200014591217
YJR093C,YKL028W,0,-1.8063786,0.08946186304092407,0.9160000085830688,0.9322999715805054
YOL146W,YLR022C,0,-1.8066181,0.08945312350988388,0.9160000085830688,0.9323999881744385
YKL146W,YDR334W,0,-1.8067759,0.08944439142942429,0.9160000085830688,0.9325000047683716
YPL127C,YOL147C,0,-1.8068352,0.08943565934896469,0.9160000085830688,0.9326000213623047
YEL027W,YNR017W,0,-1.8069259,0.0894269272685051,0.9160000085830688,0.932699978351593
YDR258C,YGL058W,0,-1.8069266,0.0894181951880455,0.9160000085830688,0.9327999949455261
YJL111W,YPL086C,0,-1.8076162,0.0894094705581665,0.9160000085830688,0.9329000115394592
YDR228C,YJL166W,0,-1.8080366,0.08940073847770691,0.9160000085830688,0.9330000281333923
YBR155W,YJL125C,0,-1.8080422,0.08939201384782791,0.9160000085830688,0.9330999851226807
YOR011W,YHR161C,0,-1.8081584,0.08938329666852951,0.9160000085830688,0.9332000017166138
YMR036C,YKR028W,1,-1.8083903,0.08947214484214783,0.9169999957084656,0.9332000017166138
YMR119W,YMR293C,0,-1.8095795,0.08946341276168823,0.9169999957084656,0.9333000183105469
YPL228W,YDR206W,0,-1.8097086,0.08945468813180923,0.9169999957084656,0.9333999752998352
YPL048W,YIL051C,0,-1.8097308,0.08944596350193024,0.9169999957084656,0.9334999918937683
YGL190C,YNL116W,1,-1.8102895,0.08953476697206497,0.9179999828338623,0.9334999918937683
YMR026C,YOR106W,0,-1.8108224,0.08952604234218597,0.9179999828338623,0.9336000084877014
YNL291C,YJL129C,0,-1.8109124,0.08951731026172638,0.9179999828338623,0.9337000250816345
YDL207W,YIL118W,0,-1.811374,0.08950857818126678,0.9179999828338623,0.9337999820709229
YBR211C,YGR120C,0,-1.8114276,0.08949985355138779,0.9179999828338623,0.933899998664856
YBR260C,YBR192W,0,-1.8123534,0.08949112892150879,0.9179999828338623,0.9340000152587891
YOR011W,YER114C,0,-1.8128366,0.08948240429162979,0.9179999828338623,0.9340999722480774
YNL161W,YHR191C,1,-1.8132093,0.08957114815711975,0.9190000295639038,0.9340999722480774
YBR215W,YJL074C,1,-1.8132923,0.08965987712144852,0.9200000166893005,0.9340999722480774
YML069W,YIR008C,0,-1.8132948,0.08965113759040833,0.9200000166893005,0.9341999888420105
YBL105C,YPL139C,0,-1.8147185,0.08964240550994873,0.9200000166893005,0.9343000054359436
YJL166W,YLR329W,0,-1.814787,0.08963367342948914,0.9200000166893005,0.9344000220298767
YDR365C,YNL075W,0,-1.8148558,0.08962494134902954,0.9200000166893005,0.934499979019165
YCL029C,YJL019W,1,-1.8149993,0.08971361815929413,0.9210000038146973,0.934499979019165
YOL142W,YDR341C,0,-1.8159077,0.08970487862825394,0.9210000038146973,0.9345999956130981
YBR041W,YKL058W,0,-1.8163594,0.08969614654779434,0.9210000038146973,0.9347000122070312
YEL030W,YHR161C,0,-1.8169427,0.08968740701675415,0.9210000038146973,0.9348000288009644
YDR440W,YLR147C,0,-1.8170986,0.08967867493629456,0.9210000038146973,0.9348999857902527
YPR023C,YEL002C,0,-1.8177116,0.08966994285583496,0.9210000038146973,0.9350000023841858
YDR173C,YPL133C,0,-1.8181179,0.08966121822595596,0.9210000038146973,0.9351000189781189
YOR168W,YBR205W,0,-1.8181567,0.08965248614549637,0.9210000038146973,0.9351999759674072
YGL150C,YKL119C,0,-1.8182318,0.08964376151561737,0.9210000038146973,0.9352999925613403
YNL219C,YGR005C,0,-1.8184024,0.08963503688573837,0.9210000038146973,0.9354000091552734
YJR121W,YPL050C,0,-1.8184117,0.08962631225585938,0.9210000038146973,0.9355000257492065
YDR310C,YDL064W,1,-1.8207413,0.0897148996591568,0.921999990940094,0.9355000257492065
YLR192C,YPR187W,0,-1.8211455,0.0897061675786972,0.921999990940094,0.9355999827384949
YDR314C,YGL098W,0,-1.8212457,0.0896974429488182,0.921999990940094,0.935699999332428
YBR211C,YMR005W,0,-1.8215884,0.08968871831893921,0.921999990940094,0.9358000159263611
YGL190C,YJL019W,1,-1.8216307,0.08977726101875305,0.9229999780654907,0.9358000159263611
YPR023C,YIL039W,0,-1.8217322,0.08976852893829346,0.9229999780654907,0.9358999729156494
YOR002W,YPL228W,0,-1.8221714,0.08975979685783386,0.9229999780654907,0.9359999895095825
YLR033W,YDR341C,0,-1.8221751,0.08975107222795486,0.9229999780654907,0.9361000061035156
YBR080C,YNL263C,0,-1.8226151,0.08974234014749527,0.9229999780654907,0.9362000226974487
YIR004W,YPL145C,0,-1.8228457,0.08973361551761627,0.9229999780654907,0.9362999796867371
YER114C,YDR420W,0,-1.8254406,0.08972489833831787,0.9229999780654907,0.9363999962806702
YJR050W,YPL112C,0,-1.8260667,0.08971617370843887,0.9229999780654907,0.9365000128746033
YKL020C,YNL229C,0,-1.8270622,0.08970745652914047,0.9229999780654907,0.9366000294685364
YGR227W,YOR346W,0,-1.8271958,0.08969873934984207,0.9229999780654907,0.9366999864578247
YIL118W,YNL002C,0,-1.8283371,0.08969002217054367,0.9229999780654907,0.9368000030517578
YDR480W,YDR272W,0,-1.8285756,0.08968130499124527,0.9229999780654907,0.9369000196456909
YDR272W,YNL229C,0,-1.8294008,0.08967259526252747,0.9229999780654907,0.9369999766349792
YNL116W,YMR036C,1,-1.8313406,0.08976102620363235,0.9240000247955322,0.9369999766349792
YBR110W,YBL022C,0,-1.8321546,0.08975230902433395,0.9240000247955322,0.9370999932289124
YMR036C,YDL047W,1,-1.832222,0.08984071761369705,0.925000011920929,0.9370999932289124
YJR093C,YIR008C,0,-1.8323461,0.08983199298381805,0.925000011920929,0.9372000098228455
YGL065C,YBR164C,0,-1.8325782,0.08982326835393906,0.925000011920929,0.9373000264167786
YGR120C,YDR463W,0,-1.8326955,0.08981454372406006,0.925000011920929,0.9373999834060669
YLR368W,YJL139C,0,-1.8334358,0.08980582654476166,0.925000011920929,0.9375
YMR288W,YDR218C,0,-1.8337839,0.08979710936546326,0.925000011920929,0.9376000165939331
YKR083C,YGL086W,1,-1.833823,0.08988545835018158,0.9259999990463257,0.9376000165939331
YMR044W,YJR007W,0,-1.8339602,0.08987673372030258,0.9259999990463257,0.9376999735832214
YGL058W,YDR427W,0,-1.834219,0.08986800909042358,0.9259999990463257,0.9377999901771545
YDL207W,YER129W,0,-1.834318,0.08985929191112518,0.9259999990463257,0.9379000067710876
YGR085C,YJR007W,0,-1.8345315,0.08985057473182678,0.9259999990463257,0.9380000233650208
YDR235W,YKL119C,0,-1.8345358,0.08984185755252838,0.9259999990463257,0.9380999803543091
YGR140W,YBR215W,1,-1.8348677,0.08993015438318253,0.9269999861717224,0.9380999803543091
YOR099W,YKL119C,0,-1.8353171,0.08992142975330353,0.9269999861717224,0.9381999969482422
YNL219C,YGL150C,0,-1.8357266,0.08991270512342453,0.9269999861717224,0.9383000135421753
YPL069C,YML036W,0,-1.8360655,0.08990398794412613,0.9269999861717224,0.9383999705314636
YOR026W,YMR048W,1,-1.8365216,0.08999224007129669,0.9279999732971191,0.9383999705314636
YIR008C,YGR005C,0,-1.8369703,0.0899835154414177,0.9279999732971191,0.9384999871253967
YJR090C,YKR028W,1,-1.8369766,0.09007174521684647,0.9290000200271606,0.9384999871253967
YDR499W,YGL098W,0,-1.8370416,0.09006301313638687,0.9290000200271606,0.9386000037193298
YML069W,YNR052C,0,-1.837282,0.09005428105592728,0.9290000200271606,0.9387000203132629
YOR209C,YER012W,0,-1.8377304,0.09004555642604828,0.9290000200271606,0.9387999773025513
YEL027W,YNL287W,0,-1.838273,0.09003683179616928,0.9290000200271606,0.9388999938964844
YIL014W,YIL118W,0,-1.8382844,0.09002810716629028,0.9290000200271606,0.9390000104904175
YJR093C,YGR241C,0,-1.8385293,0.09001938253641129,0.9290000200271606,0.9391000270843506
YMR100W,YGR047C,0,-1.8385484,0.09001065790653229,0.9290000200271606,0.9391999840736389
YDR421W,YLR069C,0,-1.8386776,0.09000194072723389,0.9290000200271606,0.939300000667572
YLR219W,YBR073W,0,-1.8389654,0.08999321609735489,0.9290000200271606,0.9394000172615051
YOR002W,YJL165C,0,-1.8391397,0.08998449891805649,0.9290000200271606,0.9394999742507935
YDL045C,YKL045W,0,-1.8395116,0.08997578918933868,0.9290000200271606,0.9395999908447266
YBL022C,YLR107W,0,-1.8407178,0.08996707201004028,0.9290000200271606,0.9397000074386597
YHL027W,YMR030W,0,-1.841475,0.08995836228132248,0.9290000200271606,0.9398000240325928
YOL147C,YEL002C,0,-1.8416185,0.08994965255260468,0.9290000200271606,0.9398999810218811
YGL130W,YLR069C,0,-1.8421009,0.08994094282388687,0.9290000200271606,0.9399999976158142
YKL186C,YDL135C,0,-1.8426709,0.08993223309516907,0.9290000200271606,0.9401000142097473
YML086C,YOR151C,0,-1.8427626,0.08992353081703186,0.9290000200271606,0.9401999711990356
YJL098W,YKR028W,1,-1.8446417,0.0900116115808487,0.9300000071525574,0.9401999711990356
YLR405W,YNL229C,0,-1.8469245,0.09000290185213089,0.9300000071525574,0.9402999877929688
YKL206C,YLR193C,0,-1.8476635,0.08999419212341309,0.9300000071525574,0.9404000043869019
YER127W,YJR144W,0,-1.8485047,0.08998548984527588,0.9300000071525574,0.940500020980835
YDL046W,YMR005W,0,-1.8499327,0.08997678011655807,0.9300000071525574,0.9405999779701233
YJR083C,YKL186C,0,-1.850021,0.08996807783842087,0.9300000071525574,0.9406999945640564
YNR016C,YDR170C,0,-1.8508108,0.08995937556028366,0.9300000071525574,0.9408000111579895
YDL079C,YOR213C,0,-1.8511653,0.08995067328214645,0.9300000071525574,0.9409000277519226
YOL133W,YIL031W,1,-1.8518155,0.09003868699073792,0.9309999942779541,0.9409000277519226
YBR065C,YMR081C,0,-1.8521034,0.09002997726202011,0.9309999942779541,0.9409999847412109
YBR164C,YBL040C,0,-1.8530786,0.0900212749838829,0.9309999942779541,0.941100001335144
YOR099W,YDL097C,0,-1.8531514,0.0900125652551651,0.9309999942779541,0.9412000179290771
YHR158C,YGL086W,1,-1.8533738,0.09010054171085358,0.9319999814033508,0.9412000179290771
YDR096W,YLR329W,0,-1.8534498,0.09009183198213577,0.9319999814033508,0.9412999749183655
YMR267W,YIR008C,0,-1.8537145,0.09008312225341797,0.9319999814033508,0.9413999915122986
YBR213W,YOR213C,0,-1.8538222,0.09007441997528076,0.9319999814033508,0.9415000081062317
YDR170C,YKL034W,0,-1.8539393,0.09006571024656296,0.9319999814033508,0.9416000247001648
YLR342W,YPR110C,0,-1.8544047,0.09005700796842575,0.9319999814033508,0.9416999816894531
YER155C,YNL139C,0,-1.8551621,0.09004830569028854,0.9319999814033508,0.9417999982833862
YAL032C,YDR217C,0,-1.855293,0.09003961086273193,0.9319999814033508,0.9419000148773193
YKR083C,YKR037C,1,-1.8554065,0.09012751281261444,0.9330000281333923,0.9419000148773193
YMR119W,YDR096W,0,-1.8556855,0.09011880308389664,0.9330000281333923,0.9419999718666077
YJR069C,YOR243C,0,-1.8561609,0.09011010080575943,0.9330000281333923,0.9420999884605408
YBR036C,YLR305C,0,-1.8566679,0.09010139852762222,0.9330000281333923,0.9422000050544739
YPL213W,YBL022C,0,-1.8568029,0.09009269624948502,0.9330000281333923,0.942300021648407
YER155C,YJL186W,0,-1.8576467,0.0900840014219284,0.9330000281333923,0.9423999786376953
YLL043W,YLR396C,0,-1.8578662,0.0900753065943718,0.9330000281333923,0.9424999952316284
YPL145C,YML069W,0,-1.8580357,0.09006661176681519,0.9330000281333923,0.9426000118255615
YNL161W,YDL047W,1,-1.8583107,0.09015443921089172,0.9340000152587891,0.9426000118255615
YOR002W,YLR305C,0,-1.8592476,0.09014573693275452,0.9340000152587891,0.9427000284194946
YMR168C,YBR215W,1,-1.859293,0.09023354202508926,0.9350000023841858,0.9427000284194946
YGR163W,YKL058W,0,-1.859894,0.09022483974695206,0.9350000023841858,0.942799985408783
YHL027W,YNL107W,0,-1.8604119,0.09021613001823425,0.9350000023841858,0.9429000020027161
YER178W,YER087C-B,0,-1.8604729,0.09020742774009705,0.9350000023841858,0.9430000185966492
YOR322C,YDR334W,0,-1.8611301,0.09019872546195984,0.9350000023841858,0.9430999755859375
YMR150C,YNL244C,0,-1.8613439,0.09019002318382263,0.9350000023841858,0.9431999921798706
YPL213W,YOR060C,0,-1.861809,0.09018132835626602,0.9350000023841858,0.9433000087738037
YLR002C,YOR095C,0,-1.8626308,0.09017263352870941,0.9350000023841858,0.9434000253677368
YBL040C,YMR044W,0,-1.8636897,0.0901639312505722,0.9350000023841858,0.9434999823570251
YPL228W,YGL004C,0,-1.863731,0.09015524387359619,0.9350000023841858,0.9435999989509583
YJL186W,YJL138C,0,-1.8641253,0.09014654904603958,0.9350000023841858,0.9437000155448914
YMR097C,YOR060C,0,-1.864353,0.09013785421848297,0.9350000023841858,0.9437999725341797
YBR211C,YMR030W,0,-1.8650104,0.09012916684150696,0.9350000023841858,0.9438999891281128
YBR042C,YMR263W,0,-1.8657026,0.09012047946453094,0.9350000023841858,0.9440000057220459
YBR213W,YNL119W,0,-1.8665884,0.09011179953813553,0.9350000023841858,0.944100022315979
YDL106C,YBR105C,0,-1.8667127,0.09010311216115952,0.9350000023841858,0.9441999793052673
YNL068C,YKR028W,1,-1.8669105,0.09019079059362411,0.9359999895095825,0.9441999793052673
YDL175C,YDR334W,0,-1.8674829,0.0901820957660675,0.9359999895095825,0.9442999958992004
YHL047C,YER030W,0,-1.8687991,0.09017340838909149,0.9359999895095825,0.9444000124931335
YML011C,YBR256C,0,-1.8691251,0.09016472101211548,0.9359999895095825,0.9445000290870667
YOR191W,YIL138C,0,-1.8695109,0.09015604108572006,0.9359999895095825,0.944599986076355
YML069W,YJL029C,0,-1.8699363,0.09014735370874405,0.9359999895095825,0.9447000026702881
YDR096W,YDR456W,0,-1.8699398,0.09013867378234863,0.9359999895095825,0.9448000192642212
YMR033W,YPL112C,0,-1.8705139,0.09012999385595322,0.9359999895095825,0.9448999762535095
YHR073W,YGL137W,0,-1.8708767,0.0901213139295578,0.9359999895095825,0.9449999928474426
YNL084C,YDR183W,0,-1.8713789,0.09011264145374298,0.9359999895095825,0.9451000094413757
YER068W,YDR322C-A,0,-1.871401,0.09010396897792816,0.9359999895095825,0.9452000260353088
YLR069C,YML076C,0,-1.8723408,0.09009529650211334,0.9359999895095825,0.9452999830245972
YMR049C,YGR085C,0,-1.872621,0.09008662402629852,0.9359999895095825,0.9453999996185303
YCR048W,YBR042C,0,-1.8729413,0.0900779515504837,0.9359999895095825,0.9455000162124634
YHR191C,YIL153W,1,-1.8730131,0.09016551077365875,0.9369999766349792,0.9455000162124634
YJL100W,YJL036W,0,-1.8756,0.09015683829784393,0.9369999766349792,0.9455999732017517
YML077W,YMR005W,0,-1.8783753,0.09014816582202911,0.9369999766349792,0.9456999897956848
YGL172W,YHL027W,0,-1.8784277,0.0901394933462143,0.9369999766349792,0.9458000063896179
YML011C,YLR193C,0,-1.8786154,0.09013082087039948,0.9369999766349792,0.945900022983551
YPR171W,YNL325C,0,-1.878963,0.09012214839458466,0.9369999766349792,0.9459999799728394
YJR083C,YJR043C,0,-1.8794858,0.09011348336935043,0.9369999766349792,0.9460999965667725
YNL291C,YNL290W,0,-1.8796911,0.09010481834411621,0.9369999766349792,0.9462000131607056
YDL002C,YPR178W,0,-1.8801234,0.09009615331888199,0.9369999766349792,0.9463000297546387
YEL030W,YOR106W,0,-1.8804822,0.09008748829364777,0.9369999766349792,0.946399986743927
YOR249C,YMR048W,1,-1.8805394,0.09017496556043625,0.9380000233650208,0.946399986743927
YGL004C,YDR181C,0,-1.8805584,0.09016630053520203,0.9380000233650208,0.9465000033378601
YPR019W,YPR023C,0,-1.8806434,0.09015762805938721,0.9380000233650208,0.9466000199317932
YBR164C,YFL045C,0,-1.8809366,0.09014897048473358,0.9380000233650208,0.9466999769210815
YNL291C,YPL128C,0,-1.8811558,0.09014030545949936,0.9380000233650208,0.9467999935150146
YML029W,YNL263C,0,-1.8816173,0.09013164043426514,0.9380000233650208,0.9469000101089478
YDL076C,YKL051W,0,-1.8823146,0.09012298285961151,0.9380000233650208,0.9470000267028809
YNL312W,YKR062W,0,-1.8827953,0.09011432528495789,0.9380000233650208,0.9470999836921692
YHR081W,YNL310C,0,-1.8830134,0.09010566771030426,0.9380000233650208,0.9472000002861023
YGR227W,YPL133C,0,-1.8838289,0.09009701013565063,0.9380000233650208,0.9473000168800354
YOR078W,YNL153C,0,-1.884417,0.0900883600115776,0.9380000233650208,0.9473999738693237
YIR004W,YIL138C,0,-1.884583,0.09007970988750458,0.9380000233650208,0.9474999904632568
YDL145C,YHR186C,0,-1.8846471,0.09007105976343155,0.9380000233650208,0.9476000070571899
YOR174W,YKL058W,0,-1.8857539,0.09006240963935852,0.9380000233650208,0.947700023651123
YBR036C,YPR052C,0,-1.8868723,0.09005376696586609,0.9380000233650208,0.9477999806404114
YMR033W,YDR427W,0,-1.8874632,0.09004511684179306,0.9380000233650208,0.9478999972343445
YPR187W,YPL239W,0,-1.8878549,0.09003647416830063,0.9380000233650208,0.9480000138282776
YMR287C,YDR218C,0,-1.8890736,0.0900278314948082,0.9380000233650208,0.9480999708175659
YIL040W,YDL135C,0,-1.8893422,0.09001919627189636,0.9380000233650208,0.948199987411499
YNL127W,YMR139W,0,-1.8893794,0.09001055359840393,0.9380000233650208,0.9483000040054321
YOR380W,YNL263C,0,-1.8895317,0.0900019183754921,0.9380000233650208,0.9484000205993652
YJL101C,YBR077C,0,-1.889856,0.08999328315258026,0.9380000233650208,0.9484999775886536
YJR043C,YPL139C,0,-1.8902005,0.08998464792966843,0.9380000233650208,0.9485999941825867
YBL105C,YJR007W,0,-1.8903913,0.08997602015733719,0.9380000233650208,0.9487000107765198
YNL219C,YER155C,0,-1.8917192,0.08996739238500595,0.9380000233650208,0.9488000273704529
YPR193C,YDL106C,0,-1.8921702,0.08995876461267471,0.9380000233650208,0.9488999843597412
YOR085W,YGR276C,0,-1.8925259,0.08995013684034348,0.9380000233650208,0.9490000009536743
YBL040C,YKL165C,0,-1.8939745,0.08994150906801224,0.9380000233650208,0.9491000175476074
YKL005C,YKL017C,0,-1.8943236,0.0899328887462616,0.9380000233650208,0.9491999745368958
YBL002W,YJL138C,0,-1.8956769,0.08992426097393036,0.9380000233650208,0.9492999911308289
YCR002C,YER178W,0,-1.8961909,0.08991564065217972,0.9380000233650208,0.949400007724762
YML036W,YKL021C,0,-1.8964,0.08990702778100967,0.9380000233650208,0.9495000243186951
YJL111W,YDL145C,0,-1.8970585,0.08989840745925903,0.9380000233650208,0.9495999813079834
YJR069C,YLR448W,0,-1.8971596,0.08988979458808899,0.9380000233650208,0.9496999979019165
YER094C,YKL119C,0,-1.8971941,0.08988118171691895,0.9380000233650208,0.9498000144958496
YPL119C,YPL213W,0,-1.8975743,0.0898725688457489,0.9380000233650208,0.9498999714851379
YDR188W,YDL201W,0,-1.8980619,0.08986395597457886,0.9380000233650208,0.949999988079071
YGR147C,YOR209C,0,-1.8984673,0.08985535055398941,0.9380000233650208,0.9501000046730042
YBR036C,YIL022W,0,-1.8985606,0.08984674513339996,0.9380000233650208,0.9502000212669373
YBL040C,YER087C-B,0,-1.898576,0.08983813971281052,0.9380000233650208,0.9502999782562256
YNL218W,YKL045W,0,-1.8998768,0.08982953429222107,0.9380000233650208,0.9503999948501587
YHR158C,YDL064W,1,-1.8999388,0.08991669118404388,0.9390000104904175,0.9503999948501587
YHR079C,YGL098W,0,-1.9004519,0.08990807831287384,0.9390000104904175,0.9505000114440918
YPL119C,YPL151C,0,-1.9009775,0.0898994728922844,0.9390000104904175,0.9506000280380249
YOR174W,YNL263C,0,-1.9011459,0.08989086747169495,0.9390000104904175,0.9506999850273132
YNL317W,YOL146W,0,-1.9012289,0.0898822620511055,0.9390000104904175,0.9508000016212463
YPR135W,YMR036C,1,-1.9026601,0.08996937423944473,0.9399999976158142,0.9508000016212463
YLR285W,YPL128C,0,-1.9032432,0.08996076136827469,0.9399999976158142,0.9509000182151794
YMR048W,YDR201W,1,-1.903456,0.09004784375429153,0.9409999847412109,0.9509000182151794
YCL029C,YAL047C,1,-1.9038005,0.09013491868972778,0.9419999718666077,0.9509000182151794
YLR291C,YOR151C,0,-1.9054272,0.09012629091739655,0.9419999718666077,0.9509999752044678
YBR065C,YKL032C,0,-1.9066052,0.0901176705956459,0.9419999718666077,0.9510999917984009
YGL206C,YNL287W,0,-1.9069738,0.09010905027389526,0.9419999718666077,0.951200008392334
YJR057W,YKL058W,0,-1.9071312,0.09010042995214462,0.9419999718666077,0.9513000249862671
YDR183W,YKL119C,0,-1.9086082,0.09009180963039398,0.9419999718666077,0.9513999819755554
YJL019W,YJL098W,1,-1.9091895,0.09017882496118546,0.9430000185966492,0.9513999819755554
YLR270W,YDR272W,0,-1.9111791,0.09017020463943481,0.9430000185966492,0.9514999985694885
YJR139C,YGL167C,0,-1.9113419,0.09016158431768417,0.9430000185966492,0.9516000151634216
YNL231C,YOL147C,0,-1.9117485,0.09015296399593353,0.9430000185966492,0.95169997215271
YLR192C,YIL022W,0,-1.9126244,0.09014434367418289,0.9430000185966492,0.9517999887466431
YPL145C,YML058W,0,-1.9127841,0.09013573080301285,0.9430000185966492,0.9519000053405762
YKL064W,YER129W,0,-1.9140122,0.0901271179318428,0.9430000185966492,0.9520000219345093
YKR028W,YHL007C,1,-1.915205,0.0902140662074089,0.9440000057220459,0.9520000219345093
YLR002C,YDR083W,0,-1.9154387,0.09020544588565826,0.9440000057220459,0.9520999789237976
YBR077C,YEL002C,0,-1.9156077,0.09019682556390762,0.9440000057220459,0.9521999955177307
YHR158C,YGL216W,1,-1.9164424,0.09028375148773193,0.9449999928474426,0.9521999955177307
YPR128C,YIL039W,0,-1.9181032,0.0902751237154007,0.9449999928474426,0.9523000121116638
YGL068W,YPR110C,0,-1.9184728,0.09026650339365005,0.9449999928474426,0.9524000287055969
YOL102C,YGR141W,0,-1.9209915,0.09025788307189941,0.9449999928474426,0.9524999856948853
YHR079C,YBR260C,0,-1.9210196,0.09024926275014877,0.9449999928474426,0.9526000022888184
YOR319W,YPL053C,0,-1.9215319,0.09024064242839813,0.9449999928474426,0.9527000188827515
YLR342W,YEL002C,0,-1.9227414,0.09023202210664749,0.9449999928474426,0.9527999758720398
YDR022C,YGL150C,0,-1.9229838,0.09022340923547745,0.9449999928474426,0.9528999924659729
YGL200C,YLR066W,0,-1.9233161,0.0902147963643074,0.9449999928474426,0.953000009059906
YOR031W,YDL045C,0,-1.9243904,0.09020618349313736,0.9449999928474426,0.9531000256538391
YDR022C,YNL117W,0,-1.9246993,0.09019757807254791,0.9449999928474426,0.9531999826431274
YMR033W,YER155C,0,-1.9247332,0.09018896520137787,0.9449999928474426,0.9532999992370605
YBR065C,YDR218C,0,-1.9263082,0.09018035978078842,0.9449999928474426,0.9534000158309937
YDR218C,YNL107W,0,-1.9264933,0.09017175436019897,0.9449999928474426,0.953499972820282
YPR051W,YJL186W,0,-1.927255,0.09016314893960953,0.9449999928474426,0.9535999894142151
YDL126C,YNL312W,0,-1.9277986,0.09015455096960068,0.9449999928474426,0.9537000060081482
YLR144C,YOR106W,0,-1.928524,0.09014595299959183,0.9449999928474426,0.9538000226020813
YGR140W,YGL190C,1,-1.9302835,0.0902327373623848,0.9459999799728394,0.9538000226020813
YPR171W,YDR480W,0,-1.9314315,0.09022413194179535,0.9459999799728394,0.9538999795913696
YKL017C,YKR031C,0,-1.9318224,0.0902155265212059,0.9459999799728394,0.9539999961853027
YGL130W,YAL032C,0,-1.9320571,0.09020692110061646,0.9459999799728394,0.9541000127792358
YKR028W,YKR037C,1,-1.9329323,0.09029366821050644,0.9470000267028809,0.9541000127792358
YOL016C,YMR097C,0,-1.933151,0.09028506278991699,0.9470000267028809,0.954200029373169
YGR047C,YOL128C,0,-1.9335772,0.09027645736932755,0.9470000267028809,0.9542999863624573
YDR173C,YLL042C,0,-1.9347005,0.0902678519487381,0.9470000267028809,0.9544000029563904
YJR121W,YGL167C,0,-1.9350009,0.09025924652814865,0.9470000267028809,0.9545000195503235
YOR026W,YDR113C,1,-1.9352058,0.09034594148397446,0.9480000138282776,0.9545000195503235
YER168C,YJL140W,0,-1.9362788,0.09033733606338501,0.9480000138282776,0.9545999765396118
YMR056C,YJL140W,0,-1.9371095,0.09032873064279556,0.9480000138282776,0.9546999931335449
YDR518W,YDL095W,0,-1.9373608,0.09032012522220612,0.9480000138282776,0.954800009727478
YGL097W,YGR185C,0,-1.9374084,0.09031151980161667,0.9480000138282776,0.9549000263214111
YJL098W,YMR190C,1,-1.9376782,0.09039817005395889,0.9490000009536743,0.9549000263214111
YPL119C,YOL151W,0,-1.9395809,0.09038956463336945,0.9490000009536743,0.9549999833106995
YDR377W,YGR227W,0,-1.94025,0.0903809517621994,0.9490000009536743,0.9550999999046326
YHL027W,YLL021W,0,-1.9407159,0.09037234634160995,0.9490000009536743,0.9552000164985657
YGL004C,YGL098W,0,-1.9407324,0.09036374092102051,0.9490000009536743,0.955299973487854
YLL001W,YOR106W,0,-1.9412836,0.09035513550043106,0.9490000009536743,0.9553999900817871
YDL002C,YKL028W,0,-1.9425043,0.09034653753042221,0.9490000009536743,0.9555000066757202
YEL051W,YER072W,0,-1.9448872,0.09033793210983276,0.9490000009536743,0.9556000232696533
YOR040W,YDR058C,0,-1.9456605,0.09032933413982391,0.9490000009536743,0.9556999802589417
YPL145C,YHL011C,0,-1.9458647,0.09032073616981506,0.9490000009536743,0.9557999968528748
YCL052C,YDL135C,0,-1.9463987,0.09031214565038681,0.9490000009536743,0.9559000134468079
YHL011C,YDL015C,0,-1.9467181,0.09030354768037796,0.9490000009536743,0.9559999704360962
YCR028C-A,YIL039W,0,-1.9472868,0.09029495716094971,0.9490000009536743,0.9560999870300293
YMR100W,YDR251W,0,-1.9500196,0.09028636664152145,0.9490000009536743,0.9562000036239624
YPL228W,YKR055W,0,-1.9502418,0.0902777761220932,0.9490000009536743,0.9563000202178955
YCR010C,YJL166W,0,-1.9504232,0.09026919305324554,0.9490000009536743,0.9563999772071838
YLR115W,YLR033W,0,-1.9509432,0.09026060253381729,0.9490000009536743,0.9564999938011169
YGR227W,YOL128C,0,-1.9513577,0.09025201946496964,0.9490000009536743,0.95660001039505
YJR064W,YBR009C,0,-1.951803,0.09024343639612198,0.9490000009536743,0.9567000269889832
YDR418W,YBR143C,0,-1.9556797,0.09023486077785492,0.9490000009536743,0.9567999839782715
YKR029C,YDR088C,0,-1.9560156,0.09022627770900726,0.9490000009536743,0.9569000005722046
YBR036C,YKL186C,0,-1.9568487,0.0902177020907402,0.9490000009536743,0.9570000171661377
YPR132W,YLR372W,0,-1.9569182,0.09020912647247314,0.9490000009536743,0.957099974155426
YHR079C,YMR139W,0,-1.9569378,0.09020055085420609,0.9490000009536743,0.9571999907493591
YLR113W,YDR456W,0,-1.9576042,0.09019197523593903,0.9490000009536743,0.9573000073432922
YJL165C,YDL076C,0,-1.9583801,0.09018340706825256,0.9490000009536743,0.9574000239372253
YDR251W,YER012W,0,-1.9587808,0.0901748389005661,0.9490000009536743,0.9574999809265137
YDL106C,YLL021W,0,-1.95992,0.09016627073287964,0.9490000009536743,0.9575999975204468
YDR052C,YNL106C,0,-1.9600027,0.09015770256519318,0.9490000009536743,0.9577000141143799
YOR174W,YIL039W,0,-1.9610891,0.09014914184808731,0.9490000009536743,0.9577999711036682
YIR004W,YAL032C,0,-1.9621423,0.09014058113098145,0.9490000009536743,0.9578999876976013
YIL022W,YNL263C,0,-1.9623923,0.09013201296329498,0.9490000009536743,0.9580000042915344
YDR188W,YOR209C,0,-1.9642365,0.09012345969676971,0.9490000009536743,0.9581000208854675
YHL047C,YDR206W,0,-1.9644213,0.09011489897966385,0.9490000009536743,0.9581999778747559
YPL069C,YGR276C,0,-1.965679,0.09010634571313858,0.9490000009536743,0.958299994468689
YOR249C,YJR090C,1,-1.9662256,0.09019272774457932,0.949999988079071,0.958299994468689
YOR085W,YLR066W,0,-1.9669018,0.09018416702747345,0.949999988079071,0.9584000110626221
YGL150C,YLR193C,0,-1.9670042,0.09017560631036758,0.949999988079071,0.9585000276565552
YKL034W,YGR072W,0,-1.9673407,0.09016704559326172,0.949999988079071,0.9585999846458435
YMR033W,YKL119C,0,-1.9679773,0.09015849232673645,0.949999988079071,0.9587000012397766
YGR227W,YMR287C,0,-1.9685193,0.09014993160963058,0.949999988079071,0.9588000178337097
YEL030W,YHR067W,0,-1.968602,0.09014137834310532,0.949999988079071,0.958899974822998
YIL036W,YGR141W,0,-1.9715837,0.09013282507658005,0.949999988079071,0.9589999914169312
YLR291C,YFL045C,0,-1.9717834,0.09012427926063538,0.949999988079071,0.9591000080108643
YJL095W,YGL172W,0,-1.9719211,0.09011572599411011,0.949999988079071,0.9592000246047974
YLR342W,YDR345C,0,-1.9723165,0.09010718017816544,0.949999988079071,0.9592999815940857
YGL167C,YDR170C,0,-1.9724277,0.09009863436222076,0.949999988079071,0.9593999981880188
YOR002W,YIR004W,0,-1.9732693,0.09009008854627609,0.949999988079071,0.9595000147819519
YDR177W,YOR060C,0,-1.9733615,0.09008155018091202,0.949999988079071,0.9595999717712402
YDR478W,YDR218C,0,-1.973909,0.09007300436496735,0.949999988079071,0.9596999883651733
YGL190C,YGL216W,1,-1.9740207,0.09015927463769913,0.9509999752044678,0.9596999883651733
YOL146W,YKL122C,0,-1.9745176,0.09015072882175446,0.9509999752044678,0.9598000049591064
YMR026C,YNL310C,0,-1.9761884,0.09014218300580978,0.9509999752044678,0.9599000215530396
YJL186W,YOR151C,0,-1.9765048,0.09013363718986511,0.9509999752044678,0.9599999785423279
YNL325C,YDR183W,0,-1.9772191,0.09012509137392044,0.9509999752044678,0.960099995136261
YAL035W,YLR059C,0,-1.977377,0.09011655300855637,0.9509999752044678,0.9602000117301941
YDR421W,YDL245C,0,-1.9778428,0.09010801464319229,0.9509999752044678,0.9603000283241272
YDR480W,YGL006W,0,-1.9801146,0.09009947627782822,0.9509999752044678,0.9603999853134155
YML069W,YDL076C,0,-1.980779,0.09009094536304474,0.9509999752044678,0.9605000019073486
YIL051C,YER094C,0,-1.980801,0.09008240699768066,0.9509999752044678,0.9606000185012817
YER087C-B,YJL143W,0,-1.9819841,0.09007387608289719,0.9509999752044678,0.9606999754905701
YPR051W,YKL020C,0,-1.9820194,0.09006534516811371,0.9509999752044678,0.9607999920845032
YIL118W,YOR106W,0,-1.9836562,0.09005682170391083,0.9509999752044678,0.9609000086784363
YPR135W,YHR158C,1,-1.9839065,0.09014298021793365,0.9520000219345093,0.9609000086784363
YNL153C,YNL229C,0,-1.9842005,0.09013444185256958,0.9520000219345093,0.9610000252723694
YGL078C,YJR007W,0,-1.9861628,0.0901259109377861,0.9520000219345093,0.9610999822616577
YCL052C,YPL007C,0,-1.986779,0.09011738002300262,0.9520000219345093,0.9611999988555908
YGL004C,YNL025C,0,-1.9869115,0.09010884910821915,0.9520000219345093,0.9613000154495239
YOR011W,YJL029C,0,-1.9873855,0.09010031819343567,0.9520000219345093,0.9613999724388123
YMR097C,YOR106W,0,-1.9874434,0.09009179472923279,0.9520000219345093,0.9614999890327454
YPR023C,YJL168C,0,-1.9884622,0.09008327126502991,0.9520000219345093,0.9616000056266785
YKR028W,YDR310C,1,-1.9886076,0.09016936272382736,0.953000009059906,0.9616000056266785
YAL059W,YIL118W,0,-1.9902282,0.09016083180904388,0.953000009059906,0.9617000222206116
YOR260W,YER012W,0,-1.9902844,0.0901523008942604,0.953000009059906,0.9617999792098999
YKL025C,YKL020C,0,-1.9919794,0.09014377743005753,0.953000009059906,0.961899995803833
YDL047W,YDR310C,1,-1.9926255,0.090229831635952,0.9539999961853027,0.961899995803833
YBR036C,YNL243W,0,-1.993182,0.09022130072116852,0.9539999961853027,0.9620000123977661
YMR026C,YLR396C,0,-1.9940803,0.09021276235580444,0.9539999961853027,0.9621000289916992
YKL122C,YOR045W,0,-1.994365,0.09020423889160156,0.9539999961853027,0.9621999859809875
YCR081W,YKL028W,0,-1.9954915,0.09019570797681808,0.9539999961853027,0.9623000025749207
YKL206C,YKL007W,0,-1.9964927,0.0901871845126152,0.9539999961853027,0.9624000191688538
YMR049C,YLR372W,0,-1.9977775,0.09017865359783173,0.9539999961853027,0.9624999761581421
YDL135C,YBR077C,0,-1.9991786,0.09017013013362885,0.9539999961853027,0.9625999927520752
YGL150C,YGL006W,0,-2.001199,0.09016161412000656,0.9539999961853027,0.9627000093460083
YKR031C,YKL028W,0,-2.0020652,0.09015309065580368,0.9539999961853027,0.9628000259399414
YPL145C,YNR017W,0,-2.0023398,0.0901445746421814,0.9539999961853027,0.9628999829292297
YCL029C,YBR215W,1,-2.002657,0.0902305394411087,0.9549999833106995,0.9628999829292297
YMR150C,YJR144W,0,-2.0031002,0.09022201597690582,0.9549999833106995,0.9629999995231628
YBR215W,YIL153W,1,-2.003629,0.09030795097351074,0.9559999704360962,0.9629999995231628
YJL165C,YOR209C,0,-2.0037384,0.09029942750930786,0.9559999704360962,0.963100016117096
YOR168W,YOR095C,0,-2.0040412,0.09029089659452438,0.9559999704360962,0.9631999731063843
YOR078W,YIR026C,0,-2.004955,0.0902823656797409,0.9559999704360962,0.9632999897003174
YDR179C,YKL053C-A,0,-2.0061579,0.09027384221553802,0.9559999704360962,0.9634000062942505
YFR009W,YAL023C,0,-2.0063102,0.09026531875133514,0.9559999704360962,0.9635000228881836
YDR165W,YLR003C,0,-2.0064323,0.09025679528713226,0.9559999704360962,0.9635999798774719
YKL150W,YLR069C,0,-2.0072107,0.09024827927350998,0.9559999704360962,0.963699996471405
YJL019W,YIL031W,1,-2.0083134,0.09033415466547012,0.9570000171661377,0.963699996471405
YIL103W,YLR193C,0,-2.009328,0.09032562375068665,0.9570000171661377,0.9638000130653381
YMR033W,YPR105C,0,-2.0147753,0.09031710028648376,0.9570000171661377,0.9639000296592712
YLR291C,YKL122C,0,-2.0148547,0.09030857682228088,0.9570000171661377,0.9639999866485596
YCR002C,YBR036C,0,-2.0155613,0.090300053358078,0.9570000171661377,0.9641000032424927
YHR067W,YDL076C,0,-2.0156395,0.09029153734445572,0.9570000171661377,0.9642000198364258
YPR112C,YFL002C,0,-2.017689,0.09028302133083344,0.9570000171661377,0.9642999768257141
YBR130C,YLR147C,0,-2.0199246,0.09027450531721115,0.9570000171661377,0.9643999934196472
YMR139W,YMR061W,0,-2.0203135,0.09026598930358887,0.9570000171661377,0.9645000100135803
YJL101C,YPR134W,0,-2.020716,0.09025747328996658,0.9570000171661377,0.9646000266075134
YDR228C,YGL144C,0,-2.0208817,0.0902489647269249,0.9570000171661377,0.9646999835968018
YKL206C,YJR010C-A,0,-2.0215461,0.09024045616388321,0.9570000171661377,0.9648000001907349
YML069W,YKR062W,0,-2.0220718,0.09023194760084152,0.9570000171661377,0.964900016784668
YJR047C,YDR385W,0,-2.0230336,0.09022343903779984,0.9570000171661377,0.9649999737739563
YDR480W,YIL070C,0,-2.0230358,0.09021493047475815,0.9570000171661377,0.9650999903678894
YLR304C,YPL240C,0,-2.023376,0.09020642936229706,0.9570000171661377,0.9652000069618225
YJL058C,YPL239W,0,-2.0235045,0.09019792824983597,0.9570000171661377,0.9653000235557556
YGL150C,YAL002W,0,-2.024162,0.09018942713737488,0.9570000171661377,0.965399980545044
YNL219C,YPL139C,0,-2.0247931,0.09018092602491379,0.9570000171661377,0.965499997138977
YNL248C,YDL201W,0,-2.0268848,0.0901724323630333,0.9570000171661377,0.9656000137329102
YAL056W,YDR463W,0,-2.0275037,0.0901639312505722,0.9570000171661377,0.9656999707221985
YKL007W,YMR139W,0,-2.028295,0.09015543758869171,0.9570000171661377,0.9657999873161316
YOL133W,YMR036C,1,-2.0289764,0.09024114906787872,0.9580000042915344,0.9657999873161316
YGL167C,YNL229C,0,-2.0309918,0.09023264795541763,0.9580000042915344,0.9659000039100647
YNL119W,YOL142W,0,-2.0311172,0.09022414684295654,0.9580000042915344,0.9660000205039978
YOL071W,YPR134W,0,-2.0325758,0.09021565318107605,0.9580000042915344,0.9660999774932861
YCL054W,YBR143C,0,-2.0329375,0.09020715951919556,0.9580000042915344,0.9661999940872192
YDR421W,YOR060C,0,-2.0334728,0.09019866585731506,0.9580000042915344,0.9663000106811523
YJR093C,YMR288W,0,-2.034059,0.09019017219543457,0.9580000042915344,0.9664000272750854
YMR308C,YDL201W,0,-2.0346677,0.09018167853355408,0.9580000042915344,0.9664999842643738
YKL035W,YPL087W,0,-2.0350184,0.09017319232225418,0.9580000042915344,0.9666000008583069
YLR109W,YHR008C,0,-2.0352287,0.09016470611095428,0.9580000042915344,0.96670001745224
YMR056C,YJL164C,0,-2.0359674,0.09015621989965439,0.9580000042915344,0.9667999744415283
YMR061W,YKR062W,0,-2.036374,0.09014773368835449,0.9580000042915344,0.9668999910354614
YNL219C,YML019W,0,-2.0375192,0.09013925492763519,0.9580000042915344,0.9670000076293945
YBR077C,YDR334W,0,-2.0389895,0.0901307761669159,0.9580000042915344,0.9671000242233276
YDL137W,YER072W,0,-2.0392277,0.0901222974061966,0.9580000042915344,0.967199981212616
YJL165C,YMR030W,0,-2.0397122,0.0901138186454773,0.9580000042915344,0.9672999978065491
YHR160C,YGR141W,0,-2.0404615,0.090105339884758,0.9580000042915344,0.9674000144004822
YIR004W,YNL244C,0,-2.041691,0.0900968685746193,0.9580000042915344,0.9674999713897705
YDR385W,YDR225W,0,-2.042119,0.09008839726448059,0.9580000042915344,0.9675999879837036
YOR040W,YMR100W,0,-2.0432124,0.09007992595434189,0.9580000042915344,0.9677000045776367
YPR052C,YGR085C,0,-2.0432336,0.09007145464420319,0.9580000042915344,0.9678000211715698
YOL151W,YBR260C,0,-2.0439177,0.09006299078464508,0.9580000042915344,0.9678999781608582
YDR379W,YOR191W,0,-2.04496,0.09005451947450638,0.9580000042915344,0.9679999947547913
YIL103W,YDR165W,0,-2.0450768,0.09004605561494827,0.9580000042915344,0.9681000113487244
YNL231C,YDL147W,0,-2.0456634,0.09003759175539017,0.9580000042915344,0.9682000279426575
YJR057W,YEL030W,0,-2.046556,0.09002913534641266,0.9580000042915344,0.9682999849319458
YGR276C,YFR005C,0,-2.0470781,0.09002067148685455,0.9580000042915344,0.9684000015258789
YIL103W,YLR285W,0,-2.047321,0.09001221507787704,0.9580000042915344,0.968500018119812
YPL151C,YGR141W,0,-2.0475328,0.09000375866889954,0.9580000042915344,0.9685999751091003
YMR275C,YMR287C,0,-2.0479798,0.08999530225992203,0.9580000042915344,0.9686999917030334
YGL200C,YGR284C,0,-2.0481036,0.08998684585094452,0.9580000042915344,0.9688000082969666
YHR158C,YMR190C,1,-2.0529227,0.09007231891155243,0.9589999914169312,0.9688000082969666
YLR448W,YIL039W,0,-2.0585852,0.09006386250257492,0.9589999914169312,0.9689000248908997
YNL002C,YLR264W,0,-2.058898,0.09005540609359741,0.9589999914169312,0.968999981880188
YNL219C,YMR026C,0,-2.0592363,0.0900469496846199,0.9589999914169312,0.9690999984741211
YLR221C,YDR341C,0,-2.0597832,0.0900384932756424,0.9589999914169312,0.9692000150680542
YLR285W,YLR268W,0,-2.0618858,0.09003004431724548,0.9589999914169312,0.9692999720573425
YPR128C,YML001W,0,-2.0625308,0.09002158790826797,0.9589999914169312,0.9693999886512756
YDR173C,YGR005C,0,-2.0632167,0.09001313894987106,0.9589999914169312,0.9695000052452087
YML086C,YGL137W,0,-2.0634024,0.09000468999147415,0.9589999914169312,0.9696000218391418
YDL055C,YLR448W,0,-2.0653872,0.08999624848365784,0.9589999914169312,0.9696999788284302
YML006C,YHL027W,0,-2.0660996,0.08998779952526093,0.9589999914169312,0.9697999954223633
YLL042C,YJL094C,0,-2.0671153,0.08997935801744461,0.9589999914169312,0.9699000120162964
YMR026C,YPL112C,0,-2.067326,0.0899709165096283,0.9589999914169312,0.9700000286102295
YLR342W,YHL011C,0,-2.0675979,0.08996247500181198,0.9589999914169312,0.9700999855995178
YNL119W,YBR279W,0,-2.0685778,0.08995404094457626,0.9589999914169312,0.9702000021934509
YOR002W,YDR480W,0,-2.0688066,0.08994559943675995,0.9589999914169312,0.970300018787384
YMR061W,YER151C,0,-2.0693774,0.08993716537952423,0.9589999914169312,0.9703999757766724
YPR093C,YDR478W,0,-2.069428,0.08992873132228851,0.9589999914169312,0.9704999923706055
YMR275C,YOR060C,0,-2.069928,0.0899202972650528,0.9589999914169312,0.9706000089645386
YGL137W,YDR341C,0,-2.0701158,0.08991187065839767,0.9589999914169312,0.9707000255584717
YMR287C,YLR369W,0,-2.0701237,0.08990344405174255,0.9589999914169312,0.97079998254776
YER169W,YGR141W,0,-2.0713708,0.08989500999450684,0.9589999914169312,0.9708999991416931
YOR002W,YER072W,0,-2.0715346,0.08988659083843231,0.9589999914169312,0.9710000157356262
YGL180W,YPL133C,0,-2.0720193,0.08987816423177719,0.9589999914169312,0.9710999727249146
YJL168C,YKR062W,0,-2.0726852,0.08986973762512207,0.9589999914169312,0.9711999893188477
YDR168W,YNL119W,0,-2.0765018,0.08986131846904755,0.9589999914169312,0.9713000059127808
YBR215W,YKR037C,1,-2.077242,0.08994659781455994,0.9599999785423279,0.9713000059127808
YBR215W,YDL047W,1,-2.0777316,0.09003185480833054,0.9610000252723694,0.9713000059127808
YDR281C,YHR079C-A,0,-2.0778522,0.09002342075109482,0.9610000252723694,0.9714000225067139
YMR030W,YMR005W,0,-2.0813081,0.0900149866938591,0.9610000252723694,0.9714999794960022
YGL180W,YDR480W,0,-2.082255,0.09000655263662338,0.9610000252723694,0.9715999960899353
YJR007W,YPL239W,0,-2.082757,0.08999812602996826,0.9610000252723694,0.9717000126838684
YHR059W,YJL035C,0,-2.0845575,0.08998969942331314,0.9610000252723694,0.9718000292778015
YJR093C,YLR191W,0,-2.0861783,0.08998127281665802,0.9610000252723694,0.9718999862670898
YKR062W,YOR060C,0,-2.0862632,0.0899728462100029,0.9610000252723694,0.972000002861023
YHR081W,YLR193C,0,-2.089205,0.08996442705392838,0.9610000252723694,0.972100019454956
YHR158C,YMR036C,1,-2.0913267,0.090049609541893,0.9620000123977661,0.972100019454956
YDR088C,YJL035C,0,-2.0942438,0.09004118293523788,0.9620000123977661,0.9721999764442444
YKL005C,YJL140W,0,-2.0953298,0.09003275632858276,0.9620000123977661,0.9722999930381775
YGL172W,YIL021W,0,-2.096719,0.09002432972192764,0.9620000123977661,0.9724000096321106
YLR275W,YML076C,0,-2.0978074,0.09001591056585312,0.9620000123977661,0.9725000262260437
YDR272W,YOL055C,0,-2.0980122,0.090007483959198,0.9620000123977661,0.972599983215332
YER030W,YHR150W,0,-2.0983028,0.08999906480312347,0.9620000123977661,0.9726999998092651
YOR168W,YJR132W,0,-2.0990267,0.08999064564704895,0.9620000123977661,0.9728000164031982
YGL190C,YBR215W,1,-2.1001618,0.09007576107978821,0.9629999995231628,0.9728000164031982
YNL153C,YNL244C,0,-2.1009092,0.09006734192371368,0.9629999995231628,0.9728999733924866
YDR188W,YDL126C,0,-2.1014721,0.09005891531705856,0.9629999995231628,0.9729999899864197
YDR188W,YOR099W,0,-2.101532,0.09005049616098404,0.9629999995231628,0.9731000065803528
YBR073W,YDR088C,0,-2.1015763,0.09004207700490952,0.9629999995231628,0.9732000231742859
YBR036C,YEL027W,0,-2.1018484,0.09003365784883499,0.9629999995231628,0.9732999801635742
YBR073W,YOR329C,0,-2.1022468,0.09002523869276047,0.9629999995231628,0.9733999967575073
YIL040W,YBR188C,0,-2.1023312,0.09001682698726654,0.9629999995231628,0.9735000133514404
YDR421W,YJL165C,0,-2.1038334,0.09000841528177261,0.9629999995231628,0.9735999703407288
YDL045C,YNL127W,0,-2.1043262,0.09000000357627869,0.9629999995231628,0.9736999869346619
YJL203W,YER129W,0,-2.1044352,0.08999159187078476,0.9629999995231628,0.973800003528595
YOR078W,YJR007W,0,-2.1045945,0.08998318016529083,0.9629999995231628,0.9739000201225281
YPL119C,YJL165C,0,-2.1048026,0.0899747759103775,0.9629999995231628,0.9739999771118164
YGL120C,YKR081C,0,-2.1055498,0.08996636420488358,0.9629999995231628,0.9740999937057495
YDR206W,YMR030W,0,-2.1062803,0.08995795994997025,0.9629999995231628,0.9742000102996826
YJL001W,YGL004C,0,-2.1071954,0.08994956314563751,0.9629999995231628,0.9743000268936157
YGL216W,YJL098W,1,-2.1079934,0.09003455936908722,0.9639999866485596,0.9743000268936157
YOR209C,YEL002C,0,-2.1080804,0.09002614766359329,0.9639999866485596,0.974399983882904
YGL190C,YJR090C,1,-2.108147,0.09011112153530121,0.9649999737739563,0.974399983882904
YGL190C,YGL086W,1,-2.1085105,0.09019608050584793,0.9660000205039978,0.974399983882904
YPR023C,YPL133C,0,-2.1088061,0.09018765389919281,0.9660000205039978,0.9745000004768372
YOR002W,YGR227W,0,-2.1108851,0.09017923474311829,0.9660000205039978,0.9746000170707703
YMR044W,YBL022C,0,-2.1141226,0.09017082303762436,0.9660000205039978,0.9746999740600586
YML112W,YJL029C,0,-2.1143723,0.09016240388154984,0.9660000205039978,0.9747999906539917
YJL168C,YJL029C,0,-2.1145449,0.09015399217605591,0.9660000205039978,0.9749000072479248
YGR276C,YNL263C,0,-2.1151562,0.09014557301998138,0.9660000205039978,0.9750000238418579
YJL186W,YNL263C,0,-2.1156857,0.09013716876506805,0.9660000205039978,0.9750999808311462
YDR480W,YOR191W,0,-2.1181867,0.09012875705957413,0.9660000205039978,0.9751999974250793
YMR316W,YDL147W,0,-2.1182642,0.0901203453540802,0.9660000205039978,0.9753000140190125
YBR279W,YDR289C,0,-2.1204054,0.09011194109916687,0.9660000205039978,0.9753999710083008
YNL153C,YLR268W,0,-2.1209126,0.09010353684425354,0.9660000205039978,0.9754999876022339
YMR150C,YEL051W,0,-2.1211882,0.09009513258934021,0.9660000205039978,0.975600004196167
YOR260W,YGL058W,0,-2.1212683,0.09008672833442688,0.9660000205039978,0.9757000207901001
YDR176W,YDR088C,0,-2.1215277,0.09007833153009415,0.9660000205039978,0.9757999777793884
YOR026W,YNL161W,1,-2.1234112,0.09016317129135132,0.9670000076293945,0.9757999777793884
YIL118W,YKL122C,0,-2.1236506,0.09015476703643799,0.9670000076293945,0.9758999943733215
YMR275C,YHR067W,0,-2.128472,0.09014636278152466,0.9670000076293945,0.9760000109672546
YOR085W,YJL001W,0,-2.1296186,0.09013795852661133,0.9670000076293945,0.9761000275611877
YLR191W,YOR346W,0,-2.1300416,0.090129554271698,0.9670000076293945,0.9761999845504761
YBR153W,YPL007C,0,-2.1320193,0.09012115746736526,0.9670000076293945,0.9763000011444092
YDR379W,YBR077C,0,-2.133316,0.09011276066303253,0.9670000076293945,0.9764000177383423
YER155C,YER129W,0,-2.1344361,0.0901043638586998,0.9670000076293945,0.9764999747276306
YDR456W,YIL039W,0,-2.1376963,0.09009596705436707,0.9670000076293945,0.9765999913215637
YDR377W,YLR219W,0,-2.1377578,0.09008757025003433,0.9670000076293945,0.9767000079154968
YPR019W,YNL263C,0,-2.138743,0.0900791808962822,0.9670000076293945,0.9768000245094299
YMR033W,YDR188W,0,-2.1399863,0.09007079154253006,0.9670000076293945,0.9768999814987183
YOR260W,YKL144C,0,-2.1407301,0.09006240218877792,0.9670000076293945,0.9769999980926514
YOR329C,YPL139C,0,-2.1414905,0.09005401283502579,0.9670000076293945,0.9771000146865845
YJL101C,YLR219W,0,-2.1446338,0.09004563093185425,0.9670000076293945,0.9771999716758728
YML077W,YNL153C,0,-2.144869,0.09003724157810211,0.9670000076293945,0.9772999882698059
YGL190C,YDL047W,1,-2.147173,0.09012196213006973,0.9679999947547913,0.9772999882698059
YGL150C,YOR106W,0,-2.1481142,0.0901135727763176,0.9679999947547913,0.977400004863739
YIR004W,YJL029C,0,-2.148871,0.09010518342256546,0.9679999947547913,0.9775000214576721
YKR054C,YJL019W,1,-2.1499925,0.0901898741722107,0.968999981880188,0.9775000214576721
YDR173C,YGR241C,0,-2.150908,0.09018147736787796,0.968999981880188,0.9775999784469604
YER178W,YEL051W,0,-2.1510446,0.09017308801412582,0.968999981880188,0.9776999950408936
YMR044W,YCR081W,0,-2.1515563,0.09016469866037369,0.968999981880188,0.9778000116348267
YNL219C,YDL236W,0,-2.1515822,0.09015630930662155,0.968999981880188,0.9779000282287598
YLL001W,YDR088C,0,-2.1517968,0.09014791995286942,0.968999981880188,0.9779999852180481
YJR057W,YDR379W,0,-2.1521158,0.09013953804969788,0.968999981880188,0.9781000018119812
YMR100W,YOR106W,0,-2.1534235,0.09013114869594574,0.968999981880188,0.9782000184059143
YDL045C,YER129W,0,-2.1546984,0.0901227667927742,0.968999981880188,0.9782999753952026
YKL032C,YLR191W,0,-2.1569357,0.09011438488960266,0.968999981880188,0.9783999919891357
YDL175C,YOR353C,0,-2.1588118,0.09010601043701172,0.968999981880188,0.9785000085830688
YFR009W,YGR285C,0,-2.1593661,0.09009762853384018,0.968999981880188,0.978600025177002
YHR081W,YER129W,0,-2.159782,0.09008925408124924,0.968999981880188,0.9786999821662903
YPR051W,YGR072W,0,-2.160701,0.0900808796286583,0.968999981880188,0.9787999987602234
YPR075C,YBR260C,0,-2.1620834,0.09007250517606735,0.968999981880188,0.9789000153541565
YPR112C,YHR196W,0,-2.162353,0.09006413072347641,0.968999981880188,0.9789999723434448
YER133W,YDL064W,1,-2.1647851,0.09014870226383209,0.9700000286102295,0.9789999723434448
YNL325C,YOR106W,0,-2.1649106,0.09014032036066055,0.9700000286102295,0.9790999889373779
YDL137W,YOR209C,0,-2.1659307,0.09013194590806961,0.9700000286102295,0.979200005531311
YBR193C,YLR191W,0,-2.167698,0.09012357145547867,0.9700000286102295,0.9793000221252441
YHR067W,YDR478W,0,-2.1687846,0.09011519700288773,0.9700000286102295,0.9793999791145325
YDR206W,YLR219W,0,-2.168951,0.09010683000087738,0.9700000286102295,0.9794999957084656
YCR002C,YDR456W,0,-2.172892,0.09009845554828644,0.9700000286102295,0.9796000123023987
YHR059W,YNL107W,0,-2.1749938,0.09009008854627609,0.9700000286102295,0.9797000288963318
YNL287W,YEL002C,0,-2.1781607,0.09008172154426575,0.9700000286102295,0.9797999858856201
YDR421W,YPL119C,0,-2.1786046,0.090073361992836,0.9700000286102295,0.9799000024795532
YDR168W,YDR427W,0,-2.182575,0.09006499499082565,0.9700000286102295,0.9800000190734863
YCL054W,YOR106W,0,-2.18297,0.0900566354393959,0.9700000286102295,0.9800999760627747
YJL122W,YFL002C,0,-2.1830912,0.09004827588796616,0.9700000286102295,0.9801999926567078
YDR179C,YKL034W,0,-2.1848915,0.09003991633653641,0.9700000286102295,0.9803000092506409
YNR052C,YMR005W,0,-2.1862895,0.09003155678510666,0.9700000286102295,0.980400025844574
YHR067W,YML011C,0,-2.1881518,0.09002320468425751,0.9700000286102295,0.9804999828338623
YGL180W,YHL027W,0,-2.1885324,0.09001484513282776,0.9700000286102295,0.9805999994277954
YFR009W,YGL172W,0,-2.1886742,0.09000649303197861,0.9700000286102295,0.9807000160217285
YJL098W,YGR245C,1,-2.188949,0.09009092301130295,0.9710000157356262,0.9807000160217285
YMR119W,YBR080C,0,-2.1919322,0.0900825709104538,0.9710000157356262,0.9807999730110168
YHL027W,YMR139W,0,-2.1928644,0.09007421135902405,0.9710000157356262,0.98089998960495
YLL042C,YJL058C,0,-2.1928916,0.0900658592581749,0.9710000157356262,0.9810000061988831
YMR316W,YMR097C,0,-2.1931138,0.09005749970674515,0.9710000157356262,0.9811000227928162
YJL125C,YIR026C,0,-2.1940393,0.09004915505647659,0.9710000157356262,0.9811999797821045
YEL027W,YHR068W,0,-2.1941867,0.09004080295562744,0.9710000157356262,0.9812999963760376
YKL064W,YLL021W,0,-2.1947994,0.09003245085477829,0.9710000157356262,0.9814000129699707
YMR030W,YGR241C,0,-2.1951573,0.09002410620450974,0.9710000157356262,0.9815000295639038
YPR075C,YOR191W,0,-2.1965613,0.09001576155424118,0.9710000157356262,0.9815999865531921
YJL165C,YGR241C,0,-2.198304,0.09000741690397263,0.9710000157356262,0.9817000031471252
YNR019W,YCL052C,0,-2.2044916,0.08999907225370407,0.9710000157356262,0.9818000197410583
YDL245C,YHR160C,0,-2.2045202,0.08999073505401611,0.9710000157356262,0.9818999767303467
YER178W,YJR007W,0,-2.2046132,0.08998239040374756,0.9710000157356262,0.9819999933242798
YOR002W,YDL045C,0,-2.2046516,0.0899740532040596,0.9710000157356262,0.9821000099182129
YMR036C,YIL153W,1,-2.2104292,0.09005837142467499,0.972000002861023,0.9821000099182129
YPR051W,YKR062W,0,-2.2109983,0.09005002677440643,0.972000002861023,0.982200026512146
YHR068W,YBR143C,0,-2.2112875,0.09004168957471848,0.972000002861023,0.9822999835014343
YBR213W,YBR279W,0,-2.2129636,0.09003334492444992,0.972000002861023,0.9824000000953674
YDR228C,YHL027W,0,-2.213982,0.09002500772476196,0.972000002861023,0.9825000166893005
YER166W,YDR170C,0,-2.2163332,0.090016670525074,0.972000002861023,0.9825999736785889
YLR369W,YNL310C,0,-2.2167041,0.09000833332538605,0.972000002861023,0.982699990272522
YOL133W,YMR190C,1,-2.2189474,0.09009259194135666,0.9729999899864197,0.982699990272522
YDL045C,YLR069C,0,-2.2192595,0.0900842547416687,0.9729999899864197,0.9828000068664551
YOR094W,YGR276C,0,-2.219978,0.09007591009140015,0.9729999899864197,0.9829000234603882
YJR057W,YLR368W,0,-2.2219803,0.09006757289171219,0.9729999899864197,0.9829999804496765
YER168C,YOR106W,0,-2.222255,0.09005923569202423,0.9729999899864197,0.9830999970436096
YOR026W,YJL019W,1,-2.2255473,0.09014344960451126,0.9739999771118164,0.9830999970436096
YHL011C,YBR143C,0,-2.2266216,0.0901351124048233,0.9739999771118164,0.9832000136375427
YDL046W,YLR193C,0,-2.2274747,0.09012676775455475,0.9739999771118164,0.983299970626831
YJL095W,YDR168W,0,-2.228879,0.09011843055486679,0.9739999771118164,0.9833999872207642
YJL140W,YDR400W,0,-2.231181,0.09011009335517883,0.9739999771118164,0.9835000038146973
YMR150C,YKL119C,0,-2.2357187,0.09010175615549088,0.9739999771118164,0.9836000204086304
YCL059C,YDR165W,0,-2.2409658,0.09009342640638351,0.9739999771118164,0.9836999773979187
YDR058C,YPL087W,0,-2.2415485,0.09008508920669556,0.9739999771118164,0.9837999939918518
YBR211C,YDL002C,0,-2.2417927,0.0900767594575882,0.9739999771118164,0.9839000105857849
YDL002C,YEL051W,0,-2.242281,0.09006842970848083,0.9739999771118164,0.984000027179718
YPR023C,YKL032C,0,-2.2429934,0.09006009995937347,0.9739999771118164,0.9840999841690063
YJL166W,YJL029C,0,-2.243464,0.09005177766084671,0.9739999771118164,0.9842000007629395
YDL045C,YAL056W,0,-2.2435312,0.09004344791173935,0.9739999771118164,0.9843000173568726
YPR023C,YHR067W,0,-2.244193,0.09003512561321259,0.9739999771118164,0.9843999743461609
YMR030W,YJL029C,0,-2.2467055,0.09002680331468582,0.9739999771118164,0.984499990940094
YDR088C,YER151C,0,-2.2471256,0.09001848101615906,0.9739999771118164,0.9846000075340271
YOR026W,YBR215W,1,-2.2481327,0.09010257571935654,0.9750000238418579,0.9846000075340271
YBR256C,YLL040C,0,-2.2487621,0.09009425342082977,0.9750000238418579,0.9847000241279602
YPL053C,YIL014W,0,-2.2488744,0.09008593112230301,0.9750000238418579,0.9847999811172485
YGL058W,YDL015C,0,-2.249699,0.09007760882377625,0.9750000238418579,0.9848999977111816
YDR022C,YGR241C,0,-2.2507715,0.09006928652524948,0.9750000238418579,0.9850000143051147
YOR388C,YGL144C,0,-2.2543535,0.09006096422672272,0.9750000238418579,0.9850999712944031
YBR164C,YEL051W,0,-2.2557995,0.09005264937877655,0.9750000238418579,0.9851999878883362
YLR324W,YBR260C,0,-2.2587128,0.09004432708024979,0.9750000238418579,0.9853000044822693
YMR036C,YIL031W,1,-2.2607715,0.09012836217880249,0.9760000109672546,0.9853000044822693
YHL027W,YER169W,0,-2.2623272,0.09012003988027573,0.9760000109672546,0.9854000210762024
YOL013C,YGL144C,0,-2.2636783,0.09011171758174896,0.9760000109672546,0.9854999780654907
YOR260W,YDL015C,0,-2.2640424,0.0901033952832222,0.9760000109672546,0.9855999946594238
YGL078C,YPR110C,0,-2.2659616,0.09009508043527603,0.9760000109672546,0.9857000112533569
YNL075W,YLR003C,0,-2.2697701,0.09008676558732986,0.9760000109672546,0.98580002784729
YPR051W,YPL139C,0,-2.2735932,0.0900784507393837,0.9760000109672546,0.9858999848365784
YGR227W,YPL145C,0,-2.2767065,0.09007013589143753,0.9760000109672546,0.9860000014305115
YMR263W,YPL139C,0,-2.2803345,0.09006182849407196,0.9760000109672546,0.9861000180244446
YNL127W,YJL029C,0,-2.285211,0.0900535136461258,0.9760000109672546,0.9861999750137329
YBR073W,YPL139C,0,-2.2869523,0.09004520624876022,0.9760000109672546,0.986299991607666
YPR178W,YGL144C,0,-2.2870507,0.09003689885139465,0.9760000109672546,0.9864000082015991
YOR243C,YKL144C,0,-2.287226,0.09002859145402908,0.9760000109672546,0.9865000247955322
YLR144C,YML112W,0,-2.289664,0.09002029150724411,0.9760000109672546,0.9865999817848206
YLR192C,YIL039W,0,-2.293486,0.09001199156045914,0.9760000109672546,0.9866999983787537
YNL219C,YEL002C,0,-2.2940624,0.09000369161367416,0.9760000109672546,0.9868000149726868
YGL078C,YLR186W,0,-2.298994,0.08999539166688919,0.9760000109672546,0.9868999719619751
YIR004W,YPR178W,0,-2.3005142,0.08998709172010422,0.9760000109672546,0.9869999885559082
YKR076W,YHR161C,0,-2.302786,0.08997879922389984,0.9760000109672546,0.9871000051498413
YDL046W,YKL034W,0,-2.303143,0.08997049927711487,0.9760000109672546,0.9872000217437744
YKR055W,YKL028W,0,-2.3041153,0.08996220678091049,0.9760000109672546,0.9872999787330627
YHR191C,YOL133W,1,-2.3050041,0.09004608541727066,0.9769999980926514,0.9872999787330627
YKR076W,YOR040W,0,-2.305138,0.09003778547048569,0.9769999980926514,0.9873999953269958
YKL021C,YOR294W,0,-2.3140192,0.09002948552370071,0.9769999980926514,0.987500011920929
YDR421W,YBR279W,0,-2.3179243,0.09002119302749634,0.9769999980926514,0.9876000285148621
YOL146W,YGL058W,0,-2.3187895,0.09001290053129196,0.9769999980926514,0.9876999855041504
YDR480W,YNL127W,0,-2.3192596,0.09000460803508759,0.9769999980926514,0.9878000020980835
YML086C,YDR456W,0,-2.3223975,0.08999631553888321,0.9769999980926514,0.9879000186920166
YDR088C,YGR072W,0,-2.3229525,0.08998802304267883,0.9769999980926514,0.9879999756813049
YNL325C,YML076C,0,-2.3229802,0.08997973799705505,0.9769999980926514,0.988099992275238
YDR272W,YDR177W,0,-2.3234153,0.08997145295143127,0.9769999980926514,0.9882000088691711
YDR168W,YDR206W,0,-2.3248498,0.0899631679058075,0.9769999980926514,0.9883000254631042
YER114C,YLL001W,0,-2.3277307,0.08995488286018372,0.9769999980926514,0.9883999824523926
YGL190C,YHR158C,1,-2.3296533,0.09003866463899612,0.9779999852180481,0.9883999824523926
YMR116C,YFL045C,0,-2.3371851,0.09003037959337234,0.9779999852180481,0.9884999990463257
YLL001W,YBR260C,0,-2.3382034,0.09002209454774857,0.9779999852180481,0.9886000156402588
YPR187W,YJL190C,0,-2.3382874,0.09001380950212479,0.9779999852180481,0.9886999726295471
YJR090C,YBR215W,1,-2.338301,0.09009755402803421,0.9789999723434448,0.9886999726295471
YJL095W,YNL325C,0,-2.3396714,0.09008926153182983,0.9789999723434448,0.9887999892234802
YOR026W,YPR135W,1,-2.3427062,0.09017298370599747,0.9800000190734863,0.9887999892234802
YLR074C,YDL148C,0,-2.3438601,0.09016469120979309,0.9800000190734863,0.9889000058174133
YJL094C,YKR055W,0,-2.3456,0.09015639126300812,0.9800000190734863,0.9890000224113464
YJL165C,YPL213W,0,-2.3460162,0.09014809876680374,0.9800000190734863,0.9890999794006348
YML006C,YMR005W,0,-2.3462052,0.09013980627059937,0.9800000190734863,0.9891999959945679
YDL175C,YPR023C,0,-2.3466988,0.09013152122497559,0.9800000190734863,0.989300012588501
YLR002C,YCL054W,0,-2.346904,0.09012322872877121,0.9800000190734863,0.9894000291824341
YKR055W,YGR241C,0,-2.3470798,0.09011494368314743,0.9800000190734863,0.9894999861717224
YJL029C,YNL107W,0,-2.3471286,0.09010665863752365,0.9800000190734863,0.9896000027656555
YDL175C,YCL052C,0,-2.350246,0.09009837359189987,0.9800000190734863,0.9897000193595886
YPL119C,YJL164C,0,-2.3518836,0.09009008854627609,0.9800000190734863,0.989799976348877
YPL133C,YOR191W,0,-2.356331,0.09008181095123291,0.9800000190734863,0.9898999929428101
YJR047C,YLR448W,0,-2.3579655,0.09007352590560913,0.9800000190734863,0.9900000095367432
YOR011W,YPR178W,0,-2.3605802,0.09006524831056595,0.9800000190734863,0.9901000261306763
YLR144C,YER068W,0,-2.3692205,0.09005697816610336,0.9800000190734863,0.9901999831199646
YJR007W,YBR143C,0,-2.373211,0.09004870057106018,0.9800000190734863,0.9902999997138977
YER068W,YOR213C,0,-2.3748384,0.090040422976017,0.9800000190734863,0.9904000163078308
YJR064W,YGL172W,0,-2.375385,0.09003215283155441,0.9800000190734863,0.9904999732971191
YLR144C,YKL064W,0,-2.3782132,0.09002388268709183,0.9800000190734863,0.9905999898910522
YKL058W,YNL263C,0,-2.3822672,0.09001561254262924,0.9800000190734863,0.9907000064849854
YDL175C,YPL133C,0,-2.3848362,0.09000734984874725,0.9800000190734863,0.9908000230789185
YDR421W,YJL164C,0,-2.3856843,0.08999907970428467,0.9800000190734863,0.9908999800682068
YMR061W,YGR005C,0,-2.386949,0.08999081701040268,0.9800000190734863,0.9909999966621399
YJR090C,YJL098W,1,-2.387343,0.09007437527179718,0.9810000061988831,0.9909999966621399
YMR275C,YMR044W,0,-2.3892884,0.0900661051273346,0.9810000061988831,0.991100013256073
YHR079C,YER129W,0,-2.3895514,0.09005783498287201,0.9810000061988831,0.9911999702453613
YGL167C,YOR151C,0,-2.390852,0.09004957228899002,0.9810000061988831,0.9912999868392944
YJL101C,YDL147W,0,-2.3910196,0.09004130214452744,0.9810000061988831,0.9914000034332275
YIL103W,YGR147C,0,-2.3926032,0.09003303945064545,0.9810000061988831,0.9915000200271606
YGR197C,YGR141W,0,-2.395605,0.09002477675676346,0.9810000061988831,0.991599977016449
YJR007W,YDL015C,0,-2.4000068,0.09001651406288147,0.9810000061988831,0.9916999936103821
YLR191W,YBR260C,0,-2.4001207,0.09000825881958008,0.9810000061988831,0.9918000102043152
YOR078W,YGR280C,0,-2.4011939,0.09000000357627869,0.9810000061988831,0.9919000267982483
YKR055W,YGL144C,0,-2.4036617,0.0899917408823967,0.9810000061988831,0.9919999837875366
YHR150W,YGR005C,0,-2.4042053,0.0899834856390953,0.9810000061988831,0.9921000003814697
YOL133W,YIL153W,1,-2.4047222,0.09006695449352264,0.9819999933242798,0.9921000003814697
YMR044W,YNL107W,0,-2.4111507,0.09005869179964066,0.9819999933242798,0.9922000169754028
YLR069C,YBR279W,0,-2.4151957,0.09005043655633926,0.9819999933242798,0.9922999739646912
YHR079C,YPR134W,0,-2.4168344,0.09004218131303787,0.9819999933242798,0.9923999905586243
YJL095W,YMR030W,0,-2.421643,0.09003392606973648,0.9819999933242798,0.9925000071525574
YIR004W,YKL006C-A,0,-2.4222846,0.09002567082643509,0.9819999933242798,0.9926000237464905
YLR368W,YNL107W,0,-2.4275627,0.0900174155831337,0.9819999933242798,0.9926999807357788
YDR480W,YMR030W,0,-2.4384458,0.0900091677904129,0.9819999933242798,0.9927999973297119
YMR036C,YJL019W,1,-2.4392138,0.09009256958961487,0.9829999804496765,0.9927999973297119
YJL165C,YLR193C,0,-2.4412189,0.09008431434631348,0.9829999804496765,0.992900013923645
YJL140W,YOR213C,0,-2.447006,0.09007605910301208,0.9829999804496765,0.9929999709129333
YNL161W,YIL031W,1,-2.4478893,0.09015943109989166,0.984000027179718,0.9929999709129333
YBR215W,YJL098W,1,-2.4552255,0.09024278819561005,0.9850000143051147,0.9929999709129333
YJL095W,YLL043W,0,-2.4596763,0.09023451805114746,0.9850000143051147,0.9930999875068665
YNL161W,YGL216W,1,-2.4652433,0.09031785279512405,0.9860000014305115,0.9930999875068665
YNL161W,YMR190C,1,-2.470572,0.09040117263793945,0.9869999885559082,0.9930999875068665
YGL058W,YLL021W,0,-2.4741783,0.09039289504289627,0.9869999885559082,0.9932000041007996
YML076C,YNL107W,0,-2.4767277,0.09038461744785309,0.9869999885559082,0.9933000206947327
YDR168W,YKR062W,0,-2.4795113,0.0903763398528099,0.9869999885559082,0.993399977684021
YLR219W,YGR147C,0,-2.4821992,0.09036806225776672,0.9869999885559082,0.9934999942779541
YPR051W,YOR213C,0,-2.4920785,0.09035979211330414,0.9869999885559082,0.9936000108718872
YJR090C,YMR036C,1,-2.499517,0.09044305980205536,0.9879999756813049,0.9936000108718872
YGL216W,YJL019W,1,-2.5002866,0.09052631258964539,0.9890000224113464,0.9936000108718872
YGR072W,YJL029C,0,-2.5004208,0.0905180275440216,0.9890000224113464,0.9937000274658203
YLR191W,YGR141W,0,-2.5004244,0.09050974994897842,0.9890000224113464,0.9937999844551086
YGL216W,YIL153W,1,-2.5004444,0.09059297293424606,0.9900000095367432,0.9937999844551086
YJR057W,YLR275W,0,-2.505062,0.09058468043804169,0.9900000095367432,0.9939000010490417
YLL043W,YHL027W,0,-2.5057046,0.09057639539241791,0.9900000095367432,0.9940000176429749
YBR073W,YDR177W,0,-2.5094151,0.09056811034679413,0.9900000095367432,0.9940999746322632
YHR191C,YBR215W,1,-2.5157013,0.09065129607915878,0.9909999966621399,0.9940999746322632
YMR097C,YNL107W,0,-2.5159724,0.090643011033535,0.9909999966621399,0.9941999912261963
YDR179C,YLL021W,0,-2.527652,0.09063471853733063,0.9909999966621399,0.9943000078201294
YMR049C,YDR165W,0,-2.5326831,0.09062642604112625,0.9909999966621399,0.9944000244140625
YNL075W,YKL144C,0,-2.5329697,0.09061814099550247,0.9909999966621399,0.9944999814033508
YMR044W,YPL151C,0,-2.5332797,0.09060985594987869,0.9909999966621399,0.9945999979972839
YGL130W,YIR004W,0,-2.5353029,0.09060157090425491,0.9909999966621399,0.994700014591217
YBR215W,YIL031W,1,-2.5382793,0.09068470448255539,0.9919999837875366,0.994700014591217
YOL071W,YDL045C,0,-2.544485,0.09067641943693161,0.9919999837875366,0.9947999715805054
YPL119C,YPL139C,0,-2.5476358,0.09066812694072723,0.9919999837875366,0.9948999881744385
YBR065C,YPL133C,0,-2.556957,0.09065984189510345,0.9919999837875366,0.9950000047683716
YOR294W,YDR177W,0,-2.5619702,0.09065155684947968,0.9919999837875366,0.9951000213623047
YJL100W,YKR055W,0,-2.5651634,0.0906432718038559,0.9919999837875366,0.995199978351593
YCL059C,YKR081C,0,-2.5660765,0.09063499420881271,0.9919999837875366,0.9952999949455261
YGL216W,YMR036C,1,-2.5900207,0.09071806818246841,0.9929999709129333,0.9952999949455261
YBR215W,YMR190C,1,-2.5918493,0.09080113470554352,0.9940000176429749,0.9952999949455261
YGL187C,YGR147C,0,-2.6031747,0.09079284220933914,0.9940000176429749,0.9954000115394592
YKR062W,YOL102C,0,-2.6081367,0.09078454971313477,0.9940000176429749,0.9955000281333923
YDR480W,YKL034W,0,-2.6251621,0.09077625721693039,0.9940000176429749,0.9955999851226807
YJR090C,YGL216W,1,-2.6391025,0.09085927903652191,0.9950000047683716,0.9955999851226807
YKL146W,YPR023C,0,-2.6401367,0.09085098654031754,0.9950000047683716,0.9957000017166138
YJR090C,YHR158C,1,-2.6587164,0.09093399345874786,0.9959999918937683,0.9957000017166138
YLL001W,YPR134W,0,-2.6600728,0.0909256860613823,0.9959999918937683,0.9958000183105469
YPR135W,YMR190C,1,-2.6656408,0.09100867062807083,0.996999979019165,0.9958000183105469
YEL030W,YNL325C,0,-2.6680288,0.09100036323070526,0.996999979019165,0.9958999752998352
YHR081W,YLR221C,0,-2.6772203,0.09099206328392029,0.996999979019165,0.9959999918937683
YML112W,YPR178W,0,-2.6814961,0.09098375588655472,0.996999979019165,0.9961000084877014
YNL031C,YDR225W,0,-2.687764,0.09097545593976974,0.996999979019165,0.9962000250816345
YGL130W,YER068W,0,-2.6951406,0.09096715599298477,0.996999979019165,0.9962999820709229
YHL011C,YJR007W,0,-2.698791,0.0909588560461998,0.996999979019165,0.996399998664856
YLR324W,YKL034W,0,-2.6992202,0.09095055609941483,0.996999979019165,0.9965000152587891
YJL100W,YLR069C,0,-2.70354,0.09094226360321045,0.996999979019165,0.9965999722480774
YGL150C,YKL006C-A,0,-2.7155159,0.09093396365642548,0.996999979019165,0.9966999888420105
YPR051W,YNL244C,0,-2.7223248,0.0909256711602211,0.996999979019165,0.9968000054359436
YNL161W,YJR090C,1,-2.7278984,0.09100857377052307,0.9980000257492065,0.9968000054359436
YMR005W,YLR193C,0,-2.7301009,0.0910002738237381,0.9980000257492065,0.9969000220298767
YPR134W,YGR147C,0,-2.7429378,0.09099197387695312,0.9980000257492065,0.996999979019165
YGR085C,YLR264W,0,-2.7460005,0.09098368138074875,0.9980000257492065,0.9970999956130981
YLR291C,YJR007W,0,-2.7472901,0.09097538888454437,0.9980000257492065,0.9972000122070312
YPR023C,YMR100W,0,-2.748684,0.09096709638834,0.9980000257492065,0.9973000288009644
YPR023C,YLR193C,0,-2.7515028,0.09095880389213562,0.9980000257492065,0.9973999857902527
YDL002C,YLR369W,0,-2.7550561,0.09095051139593124,0.9980000257492065,0.9975000023841858
YMR308C,YOR243C,0,-2.777894,0.09094222635030746,0.9980000257492065,0.9976000189781189
YPL266W,YPR110C,0,-2.7843812,0.09093394130468369,0.9980000257492065,0.9976999759674072
YDL137W,YEL027W,0,-2.7915237,0.0909256562590599,0.9980000257492065,0.9977999925613403
YHR079C,YGL144C,0,-2.7940297,0.09091737121343613,0.9980000257492065,0.9979000091552734
YKL064W,YJL166W,0,-2.7966385,0.09090909361839294,0.9980000257492065,0.9980000257492065
YLR369W,YGR005C,0,-2.8066225,0.09090080857276917,0.9980000257492065,0.9980999827384949
YDR168W,YLR191W,0,-2.81639,0.09089253097772598,0.9980000257492065,0.998199999332428
YML112W,YCL052C,0,-2.8166575,0.0908842533826828,0.9980000257492065,0.9983000159263611
YHR150W,YBR077C,0,-2.8448467,0.09087597578763962,0.9980000257492065,0.9983999729156494
YOL013C,YDL106C,0,-2.85421,0.09086770564317703,0.9980000257492065,0.9984999895095825
YHR158C,YIL031W,1,-2.8741384,0.09095047414302826,0.9990000128746033,0.9984999895095825
YMR097C,YML076C,0,-2.878097,0.09094219654798508,0.9990000128746033,0.9986000061035156
YMR097C,YMR030W,0,-2.9242568,0.0909339189529419,0.9990000128746033,0.9987000226974487
YDL045C,YGR147C,0,-2.92531,0.09092564135789871,0.9990000128746033,0.9987999796867371
YLR270W,YPL087W,0,-2.9496732,0.09091736376285553,0.9990000128746033,0.9988999962806702
YBR215W,YMR036C,1,-2.965361,0.09100008755922318,1.0,0.9988999962806702
YJL164C,YKL034W,0,-2.9658961,0.09099180996417999,1.0,0.9990000128746033
YOL146W,YLR275W,0,-2.9675565,0.09098353236913681,1.0,0.9991000294685364
YKR063C,YLR191W,0,-3.0008392,0.09097525477409363,1.0,0.9991999864578247
YLR219W,YKL020C,0,-3.0138893,0.09096697717905045,1.0,0.9993000030517578
YDR168W,YDR463W,0,-3.0748925,0.09095870703458786,1.0,0.9994000196456909
YKL005C,YLR368W,0,-3.082604,0.09095042943954468,1.0,0.9994999766349792
YGR147C,YOR213C,0,-3.0960045,0.09094215929508209,1.0,0.9995999932289124
YDL147W,YDL097C,0,-3.1535501,0.0909338891506195,1.0,0.9997000098228455
YKL064W,YJL164C,0,-3.2015343,0.09092562645673752,1.0,0.9998000264167786
YJR057W,YJL140W,0,-3.366299,0.09091735631227493,1.0,0.9998999834060669
YLR075W,YPR132W,0,-3.5099626,0.09090909361839294,1.0,1.0
