Gene A,Gene B,Label,Score,Precision,Recall,False Positive Rate
YBR066C,YGR094W,0,-1.2864916,0.0,0.0,0.00028490027762018144
YEL032W,YBR066C,0,-1.3955386,0.0,0.0,0.0005698005552403629
YPL217C,YBR066C,0,-1.5246758,0.0,0.0,0.0008547008619643748
YLR205C,YOL077W-A,0,-1.6232288,0.0,0.0,0.0011396011104807258
YGR059W,YMR250W,0,-1.641986,0.0,0.0,0.0014245014172047377
YDR342C,YGR225W,0,-1.801523,0.0,0.0,0.0017094017239287496
YFL014W,YHR073W,0,-1.8036516,0.0,0.0,0.0019943020306527615
YDR359C,YFR053C,0,-1.8337114,0.0,0.0,0.0022792022209614515
YML021C,YER062C,0,-1.8727453,0.0,0.0,0.0025641026441007853
YBR066C,YDR244W,0,-1.8990469,0.0,0.0,0.0028490028344094753
YOL156W,YFR053C,0,-1.9075313,0.0,0.0,0.0031339030247181654
YBR066C,YJL005W,0,-1.9090688,0.0,0.0,0.003418803447857499
YBR098W,YFR053C,0,-1.9852207,0.0,0.0,0.003703703638166189
YLR276C,YHR067W,0,-1.998584,0.0,0.0,0.003988604061305523
YDR342C,YBR020W,0,-2.028733,0.0,0.0,0.004273504484444857
YJL048C,YLR224W,0,-2.0289288,0.0,0.0,0.004558404441922903
YDR342C,YDR306C,0,-2.031455,0.0,0.0,0.004843304865062237
YDR213W,YLR221C,0,-2.0385263,0.0,0.0,0.0051282052882015705
YML045W,YPL231W,0,-2.041232,0.0,0.0,0.005413105245679617
YIR012W,YER062C,0,-2.0462925,0.0,0.0,0.005698005668818951
YPR094W,YHR138C,0,-2.0554104,0.0,0.0,0.005982906091958284
YBR066C,YMR235C,0,-2.056868,0.0,0.0,0.006267806049436331
YDL020C,YDR065W,0,-2.0583801,0.0,0.0,0.0065527064725756645
YEL065W,YGR272C,0,-2.060741,0.0,0.0,0.006837606895714998
YDR385W,YER062C,0,-2.0653315,0.0,0.0,0.007122507318854332
YDR449C,YHR079C-B,0,-2.0817184,0.0,0.0,0.007407407276332378
YJL080C,YPR046W,1,-2.0829458,0.03703703731298447,0.0028490028344094753,0.007407407276332378
YGR272C,YOR239W,0,-2.0860744,0.0357142873108387,0.0028490028344094753,0.007692307699471712
YDR213W,YJL113W,0,-2.0940423,0.03448275849223137,0.0028490028344094753,0.007977208122611046
YPR158C-D,YDL052C,0,-2.0975502,0.03333333507180214,0.0028490028344094753,0.008262108080089092
YDR216W,YJL113W,0,-2.1000545,0.032258063554763794,0.0028490028344094753,0.008547008968889713
YMR051C,YCR093W,0,-2.1028254,0.03125,0.0028490028344094753,0.00883190892636776
YJR029W,YMR025W,0,-2.1032171,0.03030303120613098,0.0028490028344094753,0.009116808883845806
YMR172W,YOR088W,0,-2.1052744,0.029411764815449715,0.0028490028344094753,0.009401709772646427
YDR261C-D,YKL018W,0,-2.1055415,0.02857142873108387,0.0028490028344094753,0.009686609730124474
YLR131C,YML045W,0,-2.1062984,0.02777777798473835,0.0028490028344094753,0.00997150968760252
YHR020W,YML102W,0,-2.1106417,0.027027027681469917,0.0028490028344094753,0.010256410576403141
YGR262C,YDR034C-C,0,-2.11204,0.02631578966975212,0.0028490028344094753,0.010541310533881187
YDR270W,YGR272C,0,-2.1121738,0.025641025975346565,0.0028490028344094753,0.010826210491359234
YHL009W-B,YPR023C,0,-2.1124997,0.02500000037252903,0.0028490028344094753,0.011111111380159855
YBL100W-B,YMR247C,0,-2.1152089,0.024390242993831635,0.0028490028344094753,0.011396011337637901
YLR263W,YPL087W,0,-2.1153488,0.02380952425301075,0.0028490028344094753,0.011680911295115948
YBR066C,YIL159W,0,-2.1169078,0.023255813866853714,0.0028490028344094753,0.011965812183916569
YHL009W-B,YDL150W,0,-2.1174397,0.022727273404598236,0.0028490028344094753,0.012250712141394615
YGR272C,YDL052C,0,-2.1175513,0.02222222276031971,0.0028490028344094753,0.012535612098872662
YER068W,YGR272C,0,-2.1183193,0.021739130839705467,0.0028490028344094753,0.012820512987673283
YOL124C,YFL002W-B,0,-2.1200824,0.021276595070958138,0.0028490028344094753,0.013105412945151329
YHR020W,YFL002W-B,0,-2.1210926,0.02083333395421505,0.0028490028344094753,0.01339031383395195
YOR142W-B,YOR295W,0,-2.1212115,0.020408162847161293,0.0028490028344094753,0.013675213791429996
YDR261W-A,YBR035C,0,-2.123291,0.019999999552965164,0.0028490028344094753,0.013960113748908043
YGR214W,YOL103W-B,0,-2.1235287,0.019607843831181526,0.0028490028344094753,0.014245014637708664
YOL108C,YLR227W-A,0,-2.126975,0.01923076994717121,0.0028490028344094753,0.01452991459518671
YGL144C,YFL002W-B,0,-2.1275692,0.01886792480945587,0.0028490028344094753,0.014814814552664757
YPR030W,YBR066C,0,-2.1314185,0.018518518656492233,0.0028490028344094753,0.015099715441465378
YDR146C,YDL132W,0,-2.1317196,0.0181818176060915,0.0028490028344094753,0.015384615398943424
YJR029W,YOR144C,0,-2.1319804,0.01785714365541935,0.0028490028344094753,0.01566951535642147
YBR100W,YKL166C,0,-2.132316,0.017543859779834747,0.0028490028344094753,0.01595441624522209
YCR081W,YDR261W-A,0,-2.1344318,0.017241379246115685,0.0028490028344094753,0.016239317134022713
YPR158C-D,YKL125W,0,-2.134521,0.016949152573943138,0.0028490028344094753,0.016524216160178185
YDR034C-C,YCR028C-A,0,-2.1345804,0.01666666753590107,0.0028490028344094753,0.016809117048978806
YDR365W-B,YDR194C,0,-2.1353827,0.016393441706895828,0.0028490028344094753,0.017094017937779427
YDL147W,YJL021C,0,-2.1363752,0.016129031777381897,0.0028490028344094753,0.0173789169639349
YPL257W-B,YDL105W,0,-2.1370165,0.01587301678955555,0.0028490028344094753,0.01766381785273552
YLR060W,YDR034C-D,0,-2.1370165,0.015625,0.0028490028344094753,0.01794871874153614
YDR261C-D,YHR067W,0,-2.1372542,0.015384615398943424,0.0028490028344094753,0.018233617767691612
YDR297W,YFL002W-B,0,-2.13767,0.01515151560306549,0.0028490028344094753,0.018518518656492233
YCR058C,YDR404C,0,-2.1405969,0.014925372786819935,0.0028490028344094753,0.018803419545292854
YDR306C,YER120W,0,-2.1406317,0.014705882407724857,0.0028490028344094753,0.019088318571448326
YJR143C,YDR210W-B,0,-2.14067,0.014492753893136978,0.0028490028344094753,0.019373219460248947
YDR264C,YCR058C,0,-2.141567,0.014285714365541935,0.0028490028344094753,0.019658120349049568
YHR129C,YBR090C-A,0,-2.1420183,0.014084506779909134,0.0028490028344094753,0.01994301937520504
YDR261C-D,YGL070C,0,-2.1420362,0.013888888992369175,0.0028490028344094753,0.02022792026400566
YGR161W-A,YCL033C,0,-2.1424816,0.013698630034923553,0.0028490028344094753,0.020512821152806282
YBL100W-B,YJR103W,0,-2.1436682,0.013513513840734959,0.0028490028344094753,0.020797720178961754
YFL002W-B,YOR209C,0,-2.1436696,0.013333333656191826,0.0028490028344094753,0.021082621067762375
YDR034C-D,YLR263W,0,-2.1436992,0.01315789483487606,0.0028490028344094753,0.021367521956562996
YCR058C,YEL065W,0,-2.1443863,0.012987012974917889,0.0028490028344094753,0.021652420982718468
YCL060C,YDR163W,0,-2.144494,0.012820512987673283,0.0028490028344094753,0.02193732187151909
YPL091W,YCL003W,0,-2.144657,0.012658228166401386,0.0028490028344094753,0.02222222276031971
YGR161W-A,YHR001W-A,0,-2.1450357,0.012500000186264515,0.0028490028344094753,0.02250712178647518
YDR365W-B,YML073C,0,-2.1462235,0.012345679104328156,0.0028490028344094753,0.022792022675275803
YDR324C,YEL065W,0,-2.1464243,0.012195121496915817,0.0028490028344094753,0.023076923564076424
YKL200C,YPR191W,0,-2.1464636,0.012048192322254181,0.0028490028344094753,0.023361822590231895
YDR034C-D,YMR268C,0,-2.147174,0.011904762126505375,0.0028490028344094753,0.023646723479032516
YNL326C,YFL002W-B,0,-2.1472034,0.0117647061124444,0.0028490028344094753,0.023931624367833138
YDR490C,YJL021C,0,-2.147976,0.011627906933426857,0.0028490028344094753,0.02421652339398861
YOL103W-B,YDR115W,0,-2.148718,0.01149425283074379,0.0028490028344094753,0.02450142428278923
YPR158C-D,YDL212W,0,-2.1492825,0.011363636702299118,0.0028490028344094753,0.02478632517158985
YDR261W-A,YPL119C,0,-2.14949,0.01123595517128706,0.0028490028344094753,0.025071224197745323
YDL164C,YFL002W-B,0,-2.149817,0.011111111380159855,0.0028490028344094753,0.025356125086545944
YDR034C-D,YJL033W,0,-2.149876,0.010989011265337467,0.0028490028344094753,0.025641025975346565
YHL009W-B,YOR316C,0,-2.1506782,0.010869565419852734,0.0028490028344094753,0.025925925001502037
YNR072W,YJL021C,0,-2.1510725,0.01075268816202879,0.0028490028344094753,0.026210825890302658
YPL257W-B,YDR422C,0,-2.152163,0.010638297535479069,0.0028490028344094753,0.02649572677910328
YCR058C,YKR035W-A,0,-2.1523418,0.010526316240429878,0.0028490028344094753,0.0267806276679039
YCR058C,YNL186W,0,-2.1525939,0.010416666977107525,0.0028490028344094753,0.027065526694059372
YDR261C-D,YLR263W,0,-2.152668,0.010309278033673763,0.0028490028344094753,0.027350427582859993
YDL047W,YGR161W-A,0,-2.1527572,0.010204081423580647,0.0028490028344094753,0.027635328471660614
YDR261W-A,YMR045C,0,-2.1530242,0.010101010091602802,0.0028490028344094753,0.027920227497816086
YLR370C,YBR090C-A,0,-2.1554503,0.009999999776482582,0.0028490028344094753,0.028205128386616707
YDR316W-A,YGR161W-A,0,-2.1555486,0.009900989942252636,0.0028490028344094753,0.028490029275417328
YGR161W-A,YLR135W,0,-2.1559048,0.009803921915590763,0.0028490028344094753,0.0287749283015728
YLR227W-A,YPR182W,0,-2.1559048,0.009708737954497337,0.0028490028344094753,0.02905982919037342
YGR161W-A,YNL007C,0,-2.156083,0.009615384973585606,0.0028490028344094753,0.029344730079174042
YBR090C-A,YCR002C,0,-2.1562047,0.009523809887468815,0.0028490028344094753,0.029629629105329514
YHL022C,YDR365W-B,0,-2.1573007,0.009433962404727936,0.0028490028344094753,0.029914529994130135
YHL009W-B,YBL093C,0,-2.1573303,0.009345794096589088,0.0028490028344094753,0.030199430882930756
YOL103W-B,YDR045C,0,-2.1574194,0.009259259328246117,0.0028490028344094753,0.030484329909086227
YDR342C,YDR034C-C,0,-2.1574194,0.00917431153357029,0.0028490028344094753,0.03076923079788685
YDL017W,YLR410W-A,0,-2.158563,0.00909090880304575,0.0028490028344094753,0.03105413168668747
YJR029W,YGR006W,0,-2.1588874,0.009009009227156639,0.0028490028344094753,0.03133903071284294
YLR131C,YOR088W,0,-2.16041,0.008928571827709675,0.0028490028344094753,0.03162393346428871
YHL009W-B,YDL097C,0,-2.1606119,0.008849557489156723,0.0028490028344094753,0.03190883249044418
YIR009W,YKL200C,0,-2.1607609,0.008771929889917374,0.0028490028344094753,0.032193731516599655
YPR057W,YHL009W-B,0,-2.1608791,0.008695651777088642,0.0028490028344094753,0.032478634268045425
YHR165C,YDR034C-C,0,-2.1612504,0.008620689623057842,0.0028490028344094753,0.0327635332942009
YML129C,YNL054W-A,0,-2.161577,0.008547008968889713,0.0028490028344094753,0.03304843232035637
YMR046C,YFL014W,0,-2.1620104,0.008474576286971569,0.0028490028344094753,0.03333333507180214
YDR316W-A,YMR068W,0,-2.1636262,0.008403361774981022,0.0028490028344094753,0.03361823409795761
YBL100W-B,YJL128C,0,-2.163717,0.008333333767950535,0.0028490028344094753,0.03390313312411308
YHR148W,YDR210W-B,0,-2.16422,0.00826446246355772,0.0028490028344094753,0.03418803587555885
YDR308C,YDR261W-B,0,-2.164844,0.008196720853447914,0.0028490028344094753,0.034472934901714325
YLR227W-A,YDL020C,0,-2.165111,0.008130080997943878,0.0028490028344094753,0.0347578339278698
YBR100W,YEL032W,0,-2.1651707,0.008064515888690948,0.0028490028344094753,0.03504273667931557
YHL009W-B,YJL014W,0,-2.1652298,0.00800000037997961,0.0028490028344094753,0.03532763570547104
YDL043C,YPL257W-B,0,-2.165705,0.007936508394777775,0.0028490028344094753,0.03561253473162651
YNL054W-B,YNL099C,0,-2.166225,0.007874015718698502,0.0028490028344094753,0.03589743748307228
YGR123C,YPL257W-B,0,-2.16667,0.0078125,0.0028490028344094753,0.03618233650922775
YNL121C,YGR161W-A,0,-2.1667295,0.007751937955617905,0.0028490028344094753,0.036467235535383224
YNL222W,YGR272C,0,-2.1676545,0.007692307699471712,0.0028490028344094753,0.036752138286828995
YHL009W-B,YMR045C,0,-2.1678286,0.007633587811142206,0.0028490028344094753,0.03703703731298447
YCR081W,YCL003W,0,-2.1680384,0.007575757801532745,0.0028490028344094753,0.03732193633913994
YNL054W-B,YCL052C,0,-2.1689568,0.007518797181546688,0.0028490028344094753,0.03760683909058571
YPL262W,YDR210W-B,0,-2.1691797,0.007462686393409967,0.0028490028344094753,0.03789173811674118
YOR142W-B,YIR033W,0,-2.1702933,0.007407407276332378,0.0028490028344094753,0.03817663714289665
YER169W,YDR261W-B,0,-2.1707387,0.007352941203862429,0.0028490028344094753,0.03846153989434242
YDR432W,YLR410W-A,0,-2.1710505,0.007299270015209913,0.0028490028344094753,0.038746438920497894
YNL299W,YMR117C,1,-2.171153,0.014492753893136978,0.005698005668818951,0.038746438920497894
YKR079C,YOL103W-B,0,-2.171496,0.014388489536941051,0.005698005668818951,0.039031337946653366
YHR214C-B,YGR077C,0,-2.1716273,0.014285714365541935,0.005698005668818951,0.039316240698099136
YLR227W-A,YDL216C,0,-2.1729956,0.014184396713972092,0.005698005668818951,0.03960113972425461
YBR100W,YOR229W,0,-2.1732666,0.014084506779909134,0.005698005668818951,0.03988603875041008
YNL130C,YPR158C-D,0,-2.1732926,0.0139860138297081,0.005698005668818951,0.04017094150185585
YKL178C,YBR169C,0,-2.1735816,0.013888888992369175,0.005698005668818951,0.04045584052801132
YCR081W,YJL021C,0,-2.1737084,0.013793103396892548,0.005698005668818951,0.040740739554166794
YDR306C,YDR263C,0,-2.1750252,0.013698630034923553,0.005698005668818951,0.041025642305612564
YCL003W,YJL005W,0,-2.1756496,0.013605441898107529,0.005698005668818951,0.041310541331768036
YDR120C,YOR142W-B,0,-2.1756685,0.013513513840734959,0.005698005668818951,0.04159544035792351
YAL054C,YDR365W-A,0,-2.175921,0.01342281885445118,0.005698005668818951,0.04188034310936928
YPL244C,YDR365W-A,0,-2.1762404,0.013333333656191826,0.005698005668818951,0.04216524213552475
YDR034C-D,YMR051C,0,-2.1762996,0.013245033100247383,0.005698005668818951,0.04245014116168022
YOL103W-B,YDL044C,0,-2.176381,0.01315789483487606,0.005698005668818951,0.04273504391312599
YNL267W,YOR088W,0,-2.1765795,0.013071895577013493,0.005698005668818951,0.043019942939281464
YDR316W-A,YJL033W,0,-2.1771162,0.012987012974917889,0.005698005668818951,0.043304841965436935
YGR040W,YLR410W-A,0,-2.1774209,0.012903225608170033,0.005698005668818951,0.043589744716882706
YBR009C,YFL002W-B,0,-2.1774948,0.012820512987673283,0.005698005668818951,0.04387464374303818
YLR227W-A,YDR361C,0,-2.1777399,0.012738853693008423,0.005698005668818951,0.04415954276919365
YHR175W,YBR066C,0,-2.1778703,0.012658228166401386,0.005698005668818951,0.04444444552063942
YPR158C-D,YIR004W,0,-2.1778958,0.012578615918755531,0.005698005668818951,0.04472934454679489
YOR127W,YNL054W-A,0,-2.1779404,0.012500000186264515,0.005698005668818951,0.04501424357295036
YDR316W-A,YHR107C,0,-2.1783857,0.012422360479831696,0.005698005668818951,0.04529914632439613
YDR075W,YDR261C-D,0,-2.1785417,0.012345679104328156,0.005698005668818951,0.045584045350551605
YDR034C-D,YJR090C,0,-2.1791804,0.012269938364624977,0.005698005668818951,0.04586894437670708
YNL218W,YNL054W-A,0,-2.17944,0.012195121496915817,0.005698005668818951,0.04615384712815285
YDR261C-D,YIR009W,0,-2.1803756,0.012121211737394333,0.005698005668818951,0.04643874615430832
YNL054W-B,YMR091C,0,-2.1810215,0.012048192322254181,0.005698005668818951,0.04672364518046379
YCR058C,YOR290C,0,-2.1810427,0.011976048350334167,0.005698005668818951,0.04700854793190956
YPL174C,YJR029W,0,-2.1813264,0.011904762126505375,0.005698005668818951,0.04729344695806503
YPR158C-D,YPR024W,0,-2.1813853,0.011834319680929184,0.005698005668818951,0.047578345984220505
YHL007C,YLR410W-A,0,-2.1817083,0.0117647061124444,0.005698005668818951,0.047863248735666275
YCL003W,YBR135W,0,-2.1823614,0.011695906519889832,0.005698005668818951,0.04814814776182175
YCL060C,YJR053W,0,-2.1828048,0.011627906933426857,0.005698005668818951,0.04843304678797722
YPR158C-D,YLR116W,0,-2.182911,0.011560693383216858,0.005698005668818951,0.04871794953942299
YJL128C,YNL054W-A,0,-2.1832452,0.01149425283074379,0.005698005668818951,0.04900284856557846
YMR092C,YDR034C-C,0,-2.18349,0.011428571306169033,0.005698005668818951,0.04928774759173393
YHR176W,YHL009W-B,0,-2.1837165,0.011363636702299118,0.005698005668818951,0.0495726503431797
YIL023C,YOR088W,0,-2.1837413,0.011299435049295425,0.005698005668818951,0.049857549369335175
YJL021C,YDR045C,0,-2.1842127,0.01123595517128706,0.005698005668818951,0.050142448395490646
YLR227W-A,YAR003W,0,-2.1843364,0.011173184029757977,0.005698005668818951,0.05042735114693642
YLR227W-A,YLR234W,0,-2.1844625,0.011111111380159855,0.005698005668818951,0.05071225017309189
YDR365W-B,YHR164C,0,-2.1848617,0.01104972418397665,0.005698005668818951,0.05099714919924736
YDR088C,YDR261W-B,0,-2.1852534,0.010989011265337467,0.005698005668818951,0.05128205195069313
YPR158C-D,YGR239C,0,-2.1853907,0.01092896144837141,0.005698005668818951,0.0515669509768486
YBR100W,YER123W,0,-2.1856575,0.010869565419852734,0.005698005668818951,0.051851850003004074
YGR161W-A,YHR031C,0,-2.1858678,0.010810811072587967,0.005698005668818951,0.052136752754449844
YPR056W,YCL003W,0,-2.1861587,0.01075268816202879,0.005698005668818951,0.052421651780605316
YKL178C,YBR100W,0,-2.1867342,0.010695187374949455,0.005698005668818951,0.052706554532051086
YBR100W,YGL205W,0,-2.1869252,0.010638297535479069,0.005698005668818951,0.05299145355820656
YDR316W-A,YML008C,0,-2.1870222,0.010582010261714458,0.005698005668818951,0.05327635258436203
YHR148W,YAR003W,0,-2.1871755,0.010526316240429878,0.005698005668818951,0.0535612553358078
YAL017W,YDR210W-B,0,-2.187838,0.010471204295754433,0.005698005668818951,0.05384615436196327
YDR034C-D,YOR316C,0,-2.1880927,0.010416666977107525,0.005698005668818951,0.054131053388118744
YBR090C-A,YPR113W,0,-2.1883957,0.010362694039940834,0.005698005668818951,0.054415956139564514
YPR158C-D,YLR312C-B,0,-2.188572,0.010309278033673763,0.005698005668818951,0.054700855165719986
YDR216W,YFL002W-B,0,-2.188572,0.010256410576403141,0.005698005668818951,0.05498575419187546
YNL054W-B,YGR225W,0,-2.188572,0.010204081423580647,0.005698005668818951,0.05527065694332123
YDR448W,YDR014W-A,0,-2.188572,0.010152284055948257,0.005698005668818951,0.0555555559694767
YDR014W-A,YOR144C,0,-2.188572,0.010101010091602802,0.005698005668818951,0.05584045499563217
YDR014W-A,YDR211W,0,-2.188572,0.01005025114864111,0.005698005668818951,0.05612535774707794
YDR306C,YGR272C,0,-2.188572,0.009999999776482582,0.005698005668818951,0.056410256773233414
YOR142W-B,YCL003W,0,-2.188572,0.009950248524546623,0.005698005668818951,0.056695155799388885
YPL160W,YDR014W-A,0,-2.188572,0.009900989942252636,0.005698005668818951,0.056980058550834656
YDR261C-D,YER015W,0,-2.188572,0.009852216579020023,0.005698005668818951,0.05726495757699013
YHR079C-B,YLR410W-A,0,-2.188572,0.009803921915590763,0.005698005668818951,0.0575498566031456
YAR010C,YLR312C-B,0,-2.188572,0.009756097570061684,0.005698005668818951,0.05783475935459137
YMR046C,YHR079C-B,0,-2.188572,0.009708737954497337,0.005698005668818951,0.05811965838074684
YDR014W-A,YML028W,0,-2.188572,0.009661835618317127,0.005698005668818951,0.05840455740690231
YDR014W-A,YBR015C,0,-2.188572,0.009615384973585606,0.005698005668818951,0.058689460158348083
YDR463W,YDR014W-A,0,-2.188572,0.009569377638399601,0.005698005668818951,0.058974359184503555
YBL100W-B,YKL200C,0,-2.188572,0.009523809887468815,0.005698005668818951,0.05925925821065903
YDR216W,YNL054W-A,0,-2.188572,0.009478673338890076,0.005698005668818951,0.0595441609621048
YMR030W,YOR142W-B,0,-2.188572,0.009433962404727936,0.005698005668818951,0.05982905998826027
YDR014W-A,YLR130C,0,-2.188572,0.009389671497046947,0.005698005668818951,0.06011395901441574
YDR261C-D,YDR213W,0,-2.188572,0.009345794096589088,0.005698005668818951,0.06039886176586151
YBR100W,YDR261W-B,0,-2.188572,0.009302325546741486,0.005698005668818951,0.06068376079201698
YDR261W-A,YIL159W,0,-2.188572,0.009259259328246117,0.005698005668818951,0.060968659818172455
YEL032W,YDR261W-B,0,-2.188572,0.009216589853167534,0.005698005668818951,0.061253562569618225
YBR160W,YDR365W-A,0,-2.1889439,0.00917431153357029,0.005698005668818951,0.0615384615957737
YNL221C,YOR142W-B,0,-2.1889992,0.00913241971284151,0.005698005668818951,0.06182336062192917
YKR035W-A,YDR261W-A,0,-2.1891804,0.00909090880304575,0.005698005668818951,0.06210826337337494
YNL147W,YDR261W-B,0,-2.1895726,0.009049774147570133,0.005698005668818951,0.06239316239953041
YBL100W-B,YDL143W,0,-2.1900668,0.009009009227156639,0.005698005668818951,0.06267806142568588
YLR110C,YNL054W-A,0,-2.190198,0.008968610316514969,0.005698005668818951,0.06296296417713165
YNL242W,YBR090C-A,0,-2.1903973,0.008928571827709675,0.005698005668818951,0.06324786692857742
YCR058C,YGL071W,0,-2.1904087,0.008888889104127884,0.005698005668818951,0.0635327622294426
YNL197C,YLR227W-A,0,-2.1904411,0.008849557489156723,0.005698005668818951,0.06381766498088837
YAR010C,YPL196W,0,-2.191146,0.008810572326183319,0.005698005668818951,0.06410256773233414
YDR034C-C,YMR080C,0,-2.1911893,0.008771929889917374,0.005698005668818951,0.06438746303319931
YFL002W-B,YLR100W,0,-2.1913877,0.008733624592423439,0.005698005668818951,0.06467236578464508
YMR039C,YOR142W-B,0,-2.1918182,0.008695651777088642,0.005698005668818951,0.06495726853609085
YDR261C-D,YOR067C,0,-2.1926408,0.008658008649945259,0.005698005668818951,0.06524216383695602
YNL054W-B,YHR066W,0,-2.192696,0.008620689623057842,0.005698005668818951,0.0655270665884018
YKL053C-A,YDR034C-C,0,-2.1932123,0.008583690971136093,0.005698005668818951,0.06581196933984756
YCL060C,YNL298W,0,-2.1932151,0.008547008968889713,0.005698005668818951,0.06609686464071274
YOL060C,YDR034C-C,0,-2.193331,0.008510638028383255,0.005698005668818951,0.06638176739215851
YDR034C-C,YNL106C,0,-2.1935277,0.008474576286971569,0.005698005668818951,0.06666667014360428
YDR316W-A,YGR156W,0,-2.193665,0.008438818156719208,0.005698005668818951,0.06695156544446945
YJR057W,YBR090C-A,0,-2.193778,0.008403361774981022,0.005698005668818951,0.06723646819591522
YHR069C,YDR365W-A,0,-2.1942515,0.008368200622498989,0.005698005668818951,0.06752137094736099
YBR066C,YMR149W,0,-2.194975,0.008333333767950535,0.005698005668818951,0.06780626624822617
YJL005W,YFL002W-B,0,-2.1951313,0.008298755623400211,0.005698005668818951,0.06809116899967194
YDR034C-D,YDR423C,0,-2.1953135,0.00826446246355772,0.005698005668818951,0.0683760717511177
YHR020W,YNL139C,0,-2.1953354,0.008230452425777912,0.005698005668818951,0.06866096705198288
YBR100W,YGR020C,0,-2.1953435,0.008196720853447914,0.005698005668818951,0.06894586980342865
YCL060C,YBR135W,0,-2.195809,0.008163264952600002,0.005698005668818951,0.06923077255487442
YGL111W,YCL060C,0,-2.1958575,0.008130080997943878,0.005698005668818951,0.0695156678557396
YHR079C-B,YLR382C,0,-2.196496,0.008097166195511818,0.005698005668818951,0.06980057060718536
YOL097C,YBR090C-A,0,-2.196529,0.008064515888690948,0.005698005668818951,0.07008547335863113
YGR095C,YKL200C,0,-2.196587,0.00803212821483612,0.005698005668818951,0.07037036865949631
YCL060C,YMR179W,0,-2.1972265,0.00800000037997961,0.005698005668818951,0.07065527141094208
YOR279C,YDR365W-A,0,-2.1973624,0.007968127727508545,0.005698005668818951,0.07094017416238785
YIL106W,YLR410W-A,0,-2.1978822,0.007936508394777775,0.005698005668818951,0.07122506946325302
YLR227W-A,YDR164C,0,-2.1980305,0.007905138656497002,0.005698005668818951,0.07150997221469879
YNL267W,YGR272C,0,-2.198109,0.007874015718698502,0.005698005668818951,0.07179487496614456
YKL200C,YPR186C,0,-2.1982846,0.007843137718737125,0.005698005668818951,0.07207977026700974
YDR527W,YPL121C,0,-2.1984532,0.0078125,0.005698005668818951,0.0723646730184555
YMR091C,YLR312C-B,0,-2.1987264,0.0077821011655032635,0.005698005668818951,0.07264957576990128
YLR227W-A,YDR289C,0,-2.198862,0.007751937955617905,0.005698005668818951,0.07293447107076645
YBR111W-A,YMR239C,0,-2.1989274,0.0077220075763762,0.005698005668818951,0.07321937382221222
YKL126W,YDR034C-D,0,-2.199018,0.007692307699471712,0.005698005668818951,0.07350427657365799
YNL313C,YKL200C,0,-2.1991975,0.007662835065275431,0.005698005668818951,0.07378917187452316
YDR065W,YNL126W,0,-2.1995823,0.007633587811142206,0.005698005668818951,0.07407407462596893
YDR365W-B,YBL052C,0,-2.1999831,0.0076045626774430275,0.005698005668818951,0.0743589773774147
YKL200C,YFL021W,0,-2.2006025,0.007575757801532745,0.005698005668818951,0.07464387267827988
YLR227W-A,YPL178W,0,-2.2009335,0.007547169923782349,0.005698005668818951,0.07492877542972565
YDL115C,YLR312C-B,0,-2.201189,0.007518797181546688,0.005698005668818951,0.07521367818117142
YNL177C,YGR272C,0,-2.2013078,0.00749063678085804,0.005698005668818951,0.07549857348203659
YDR365W-A,YOR308C,0,-2.2014532,0.007462686393409967,0.005698005668818951,0.07578347623348236
YHR214C-B,YBR080C,0,-2.2017703,0.0074349441565573215,0.005698005668818951,0.07606837898492813
YHR008C,YLR312C-B,0,-2.20236,0.007407407276332378,0.005698005668818951,0.0763532742857933
YJR029W,YMR127C,0,-2.2027593,0.007380073890089989,0.005698005668818951,0.07663817703723907
YCL060C,YER028C,0,-2.203525,0.007352941203862429,0.005698005668818951,0.07692307978868484
YPL257W-B,YHR196W,0,-2.204772,0.007326007355004549,0.005698005668818951,0.07720797508955002
YOR142W-B,YNL218W,0,-2.2048612,0.007299270015209913,0.005698005668818951,0.07749287784099579
YDR034C-D,YNL107W,0,-2.2049503,0.007272727321833372,0.005698005668818951,0.07777778059244156
YNL054W-B,YLR410W-A,0,-2.2051134,0.007246376946568489,0.005698005668818951,0.07806267589330673
YLR224W,YOR100C,0,-2.2055924,0.007220216561108828,0.005698005668818951,0.0783475786447525
YPR158C-D,YOR330C,0,-2.2060194,0.007194244768470526,0.005698005668818951,0.07863248139619827
YBR100W,YPL131W,0,-2.2068639,0.00716845877468586,0.005698005668818951,0.07891737669706345
YNR052C,YCL060C,0,-2.2070017,0.0071428571827709675,0.005698005668818951,0.07920227944850922
YNL054W-B,YMR239C,0,-2.2071774,0.007117437664419413,0.005698005668818951,0.07948718219995499
YDR261C-D,YDL130W-A,0,-2.2077122,0.007092198356986046,0.005698005668818951,0.07977207750082016
YHR019C,YHL009W-B,0,-2.2078161,0.007067137863487005,0.005698005668818951,0.08005698025226593
YGR214W,YHR079C-B,0,-2.208125,0.007042253389954567,0.005698005668818951,0.0803418830037117
YKL200C,YPL001W,0,-2.2081409,0.007017544005066156,0.005698005668818951,0.08062677830457687
YBR177C,YDR365W-A,0,-2.2082465,0.00699300691485405,0.005698005668818951,0.08091168105602264
YHR016C,YJL021C,0,-2.2085538,0.006968641187995672,0.005698005668818951,0.08119658380746841
YBR100W,YOR334W,0,-2.2086096,0.0069444444961845875,0.005698005668818951,0.08148147910833359
YDR316W-A,YER053C,0,-2.2087069,0.0069204154424369335,0.005698005668818951,0.08176638185977936
YPR158C-D,YMR250W,0,-2.2087812,0.006896551698446274,0.005698005668818951,0.08205128461122513
YPR158C-D,YNL054W-A,0,-2.2087812,0.006872852332890034,0.005698005668818951,0.0823361799120903
YBL100W-B,YGR072W,0,-2.208826,0.006849315017461777,0.005698005668818951,0.08262108266353607
YAL017W,YBR090C-A,0,-2.209352,0.006825938355177641,0.005698005668818951,0.08290598541498184
YMR241W,YHR079C-B,0,-2.2096424,0.006802720949053764,0.005698005668818951,0.08319088071584702
YMR298W,YDR365W-A,0,-2.2096572,0.006779660936444998,0.005698005668818951,0.08347578346729279
YDR034C-D,YIR033W,0,-2.2098799,0.006756756920367479,0.005698005668818951,0.08376068621873856
YBR090C-A,YJL111W,0,-2.2100482,0.006734006572514772,0.005698005668818951,0.08404558151960373
YOR039W,YLR312C-B,0,-2.2102072,0.00671140942722559,0.005698005668818951,0.0843304842710495
YCL060C,YDR361C,0,-2.2105384,0.006688963156193495,0.005698005668818951,0.08461538702249527
YDR261W-A,YNL261W,0,-2.210667,0.006666666828095913,0.005698005668818951,0.08490028232336044
YCL003W,YER015W,0,-2.2108073,0.006644518114626408,0.005698005668818951,0.08518518507480621
YDR316W-A,YDL097C,0,-2.211335,0.0066225165501236916,0.005698005668818951,0.08547008782625198
YDR034C-D,YGL133W,0,-2.2116618,0.0066006602719426155,0.005698005668818951,0.08575498312711716
YDR261W-B,YOR058C,0,-2.2117062,0.00657894741743803,0.005698005668818951,0.08603988587856293
YDR365W-B,YFR009W,0,-2.2117953,0.006557377055287361,0.005698005668818951,0.0863247886300087
YDR365W-B,YNL218W,0,-2.2118251,0.006535947788506746,0.005698005668818951,0.08660968393087387
YDR306C,YPL151C,0,-2.211835,0.0065146577544510365,0.005698005668818951,0.08689458668231964
YAR010C,YNL054W-B,0,-2.2120032,0.006493506487458944,0.005698005668818951,0.08717948943376541
YDR365W-B,YOR208W,0,-2.212137,0.006472492124885321,0.005698005668818951,0.08746438473463058
YBR100W,YDR168W,0,-2.2122145,0.006451612804085016,0.005698005668818951,0.08774928748607635
YLR032W,YDR261W-B,0,-2.213592,0.006430868059396744,0.005698005668818951,0.08803419023752213
YBR100W,YKR035W-A,0,-2.2137475,0.006410256493836641,0.005698005668818951,0.0883190855383873
YCR058C,YPR030W,0,-2.213766,0.00638977624475956,0.005698005668818951,0.08860398828983307
YDL007W,YFL002W-B,0,-2.2143493,0.006369426846504211,0.005698005668818951,0.08888889104127884
YDR034C-D,YMR125W,0,-2.2146611,0.0063492064364254475,0.005698005668818951,0.08917378634214401
YJR090C,YFL002W-B,0,-2.2152553,0.006329114083200693,0.005698005668818951,0.08945868909358978
YNL121C,YCL003W,0,-2.2161055,0.0063091483898460865,0.005698005668818951,0.08974359184503555
YLR370C,YKL200C,0,-2.2169538,0.006289307959377766,0.005698005668818951,0.09002848714590073
YOL121C,YKL200C,0,-2.217617,0.006269592326134443,0.005698005668818951,0.0903133898973465
YOR127W,YOL103W-B,0,-2.2176902,0.0062500000931322575,0.005698005668818951,0.09059829264879227
YNL207W,YPR158C-D,0,-2.218017,0.006230529397726059,0.005698005668818951,0.09088318794965744
YDR210W-B,YMR179W,0,-2.2180467,0.006211180239915848,0.005698005668818951,0.09116809070110321
YOL103W-B,YBR065C,0,-2.2182693,0.006191950291395187,0.005698005668818951,0.09145299345254898
YGR161W-A,YJR007W,0,-2.2182693,0.006172839552164078,0.005698005668818951,0.09173788875341415
YNL154C,YLR227W-A,0,-2.2184474,0.00615384615957737,0.005698005668818951,0.09202279150485992
YMR051C,YMR059W,0,-2.2185957,0.0061349691823124886,0.005698005668818951,0.0923076942563057
YPR021C,YDR365W-A,0,-2.2186704,0.006116208154708147,0.005698005668818951,0.09259258955717087
YKL200C,YGR128C,0,-2.2187128,0.006097560748457909,0.005698005668818951,0.09287749230861664
YCR058C,YIL106W,0,-2.219296,0.006079027429223061,0.005698005668818951,0.09316239506006241
YAR010C,YDR361C,0,-2.2195692,0.0060606058686971664,0.005698005668818951,0.09344729036092758
YDR316W-A,YHR008C,0,-2.2198732,0.006042296066880226,0.005698005668818951,0.09373219311237335
YNL313C,YNL149C,0,-2.220121,0.0060240961611270905,0.005698005668818951,0.09401709586381912
YHR016C,YDR365W-A,0,-2.2211204,0.006006006151437759,0.005698005668818951,0.0943019911646843
YHR079C-B,YOL023W,0,-2.221221,0.005988024175167084,0.005698005668818951,0.09458689391613007
YNL054W-A,YFL031W,0,-2.221447,0.005970149300992489,0.005698005668818951,0.09487179666757584
YBR090C-A,YDL105W,0,-2.2218575,0.0059523810632526875,0.005698005668818951,0.09515669196844101
YBL100W-B,YOR208W,0,-2.2223108,0.005934718064963818,0.005698005668818951,0.09544159471988678
YDR365W-A,YOR317W,0,-2.2239714,0.005917159840464592,0.005698005668818951,0.09572649747133255
YDR261C-D,YGR007W,0,-2.2243576,0.005899704992771149,0.005698005668818951,0.09601139277219772
YPR158C-D,YLR368W,0,-2.2245653,0.0058823530562222,0.005698005668818951,0.0962962955236435
YMR247C,YPL257W-B,0,-2.2250404,0.005865102633833885,0.005698005668818951,0.09658119827508926
YNL103W,YFL002W-B,0,-2.225189,0.005847953259944916,0.005698005668818951,0.09686609357595444
YNL207W,YFL002W-B,0,-2.2256937,0.0058309040032327175,0.005698005668818951,0.09715099632740021
YBR084W,YMR287C,0,-2.2265337,0.0058139534667134285,0.005698005668818951,0.09743589907884598
YHL009W-B,YNL232W,0,-2.226644,0.005797101650387049,0.005698005668818951,0.09772079437971115
YDR432W,YDR216W,0,-2.2277887,0.005780346691608429,0.005698005668818951,0.09800569713115692
YML098W,YOR088W,0,-2.2286615,0.005763688590377569,0.005698005668818951,0.09829059988260269
YPL256C,YGR272C,0,-2.228663,0.005747126415371895,0.005698005668818951,0.09857549518346786
YHR020W,YKR035W-A,0,-2.230505,0.005730659235268831,0.005698005668818951,0.09886039793491364
YCR081W,YDR261C-D,0,-2.230772,0.0057142856530845165,0.005698005668818951,0.0991453006863594
YMR046C,YMR287C,0,-2.230781,0.005698005668818951,0.005698005668818951,0.09943019598722458
YOR142W-B,YMR250W,0,-2.2308016,0.005681818351149559,0.005698005668818951,0.09971509873867035
YMR046C,YPR164W,0,-2.2311559,0.00566572230309248,0.005698005668818951,0.10000000149011612
YKL200C,YGR191W,0,-2.2313523,0.005649717524647713,0.005698005668818951,0.10028489679098129
YFL009W,YPL257W-B,0,-2.2317817,0.005633802618831396,0.005698005668818951,0.10056979954242706
YPR023C,YJL021C,0,-2.2321732,0.00561797758564353,0.005698005668818951,0.10085470229387283
YML045W,YLR135W,0,-2.2330985,0.005602241028100252,0.005698005668818951,0.101139597594738
YHR082C,YFL002W-B,0,-2.234514,0.005586592014878988,0.005698005668818951,0.10142450034618378
YOR088W,YPR181C,0,-2.2347736,0.005571030545979738,0.005698005668818951,0.10170940309762955
YBR177C,YDR034C-C,0,-2.235197,0.0055555556900799274,0.005698005668818951,0.10199429839849472
YBR090C-A,YLR214W,0,-2.2360685,0.005540166050195694,0.005698005668818951,0.10227920114994049
YOL108C,YBR100W,0,-2.2372763,0.005524862091988325,0.005698005668818951,0.10256410390138626
YDR085C,YLR312C-B,0,-2.2372823,0.005509641952812672,0.005698005668818951,0.10284899920225143
YDR365W-B,YPR164W,0,-2.2380266,0.005494505632668734,0.005698005668818951,0.1031339019536972
YIL147C,YDR365W-A,0,-2.2391977,0.005479452200233936,0.005698005668818951,0.10341880470514297
YMR247C,YOL103W-B,0,-2.240639,0.005464480724185705,0.005698005668818951,0.10370370000600815
YJL080C,YGR089W,1,-2.241376,0.00817438680678606,0.008547008968889713,0.10370370000600815
YDR034C-D,YDL130W-A,0,-2.2422304,0.008152173832058907,0.008547008968889713,0.10398860275745392
YDR527W,YDR261W-B,0,-2.2433715,0.008130080997943878,0.008547008968889713,0.10427350550889969
YDL022W,YGL175C,0,-2.2437336,0.008108108304440975,0.008547008968889713,0.10455840826034546
YKL200C,YPR023C,0,-2.2451785,0.008086252957582474,0.008547008968889713,0.10484330356121063
YIR026C,YGR272C,0,-2.2456028,0.008064515888690948,0.008547008968889713,0.1051282063126564
YHL009W-B,YDR235W,0,-2.247305,0.00804289523512125,0.008547008968889713,0.10541310906410217
YLR224W,YDR331W,0,-2.2491298,0.008021390065550804,0.008547008968889713,0.10569800436496735
YIL082W-A,YML008C,0,-2.2498085,0.00800000037997961,0.008547008968889713,0.10598290711641312
YBR100W,YGL071W,0,-2.250026,0.007978723384439945,0.008547008968889713,0.10626780986785889
YML098W,YJL191W,0,-2.250132,0.007957560010254383,0.008547008968889713,0.10655270516872406
YDR393W,YPR158C-D,0,-2.2503302,0.007936508394777775,0.008547008968889713,0.10683760792016983
YER001W,YBR111W-A,0,-2.2505174,0.007915567606687546,0.008547008968889713,0.1071225106716156
YMR046C,YKR050W,0,-2.2526908,0.007894736714661121,0.008547008968889713,0.10740740597248077
YER109C,YPL231W,0,-2.2535434,0.007874015718698502,0.008547008968889713,0.10769230872392654
YAL054C,YDR210W-B,0,-2.2539248,0.007853402756154537,0.008547008968889713,0.10797721147537231
YNL007C,YHR138C,0,-2.2542233,0.007832897827029228,0.008547008968889713,0.10826210677623749
YPR158C-D,YPL153C,0,-2.2559788,0.0078125,0.008547008968889713,0.10854700952768326
YDR261C-D,YIL106W,0,-2.256621,0.007792207878082991,0.008547008968889713,0.10883191227912903
YKL081W,YDR501W,0,-2.2593226,0.0077720205299556255,0.008547008968889713,0.1091168075799942
YHR079C-B,YDR479C,0,-2.2596712,0.007751937955617905,0.008547008968889713,0.10940171033143997
YLR205C,YOR142W-B,0,-2.2599149,0.007731958758085966,0.008547008968889713,0.10968661308288574
YPR057W,YOR142W-B,0,-2.26134,0.007712082471698523,0.008547008968889713,0.10997150838375092
YDR270W,YDR210W-B,0,-2.2614079,0.007692307699471712,0.008547008968889713,0.11025641113519669
YCR058C,YOR341W,0,-2.2624464,0.007672634441405535,0.008547008968889713,0.11054131388664246
YBR100W,YDL135C,0,-2.2626514,0.0076530613005161285,0.008547008968889713,0.11082620918750763
YBR066C,YGR135W,0,-2.2630284,0.007633587811142206,0.008547008968889713,0.1111111119389534
YCL003W,YLR368W,0,-2.263947,0.007614213041961193,0.008547008968889713,0.11139601469039917
YGL158W,YMR045C,0,-2.2653918,0.007594936527311802,0.008547008968889713,0.11168090999126434
YGL053W,YMR015C,0,-2.265861,0.007575757801532745,0.008547008968889713,0.11196581274271011
YOL124C,YCL003W,0,-2.2701483,0.007556675001978874,0.008547008968889713,0.11225071549415588
YGR040W,YJL021C,0,-2.2701926,0.007537688594311476,0.008547008968889713,0.11253561079502106
YHR079C-B,YOR239W,0,-2.270769,0.007518797181546688,0.008547008968889713,0.11282051354646683
YDR342C,YJL191W,0,-2.2722814,0.007499999832361937,0.008547008968889713,0.1131054162979126
YPL256C,YBR160W,0,-2.2757912,0.007481296546757221,0.008547008968889713,0.11339031159877777
YOR330C,YMR045C,0,-2.276173,0.007462686393409967,0.008547008968889713,0.11367521435022354
YGL227W,YBR090C-A,0,-2.2797828,0.007444168906658888,0.008547008968889713,0.11396011710166931
YAR010C,YLR263W,0,-2.2803538,0.007425742689520121,0.008547008968889713,0.11424501240253448
YLR205C,YMR179W,0,-2.2847836,0.007407407276332378,0.008547008968889713,0.11452991515398026
YPL262W,YMR045C,0,-2.2852712,0.007389162667095661,0.008547008968889713,0.11481481790542603
YGR159C,YGR188C,0,-2.2884152,0.007371007464826107,0.008547008968889713,0.1150997132062912
YBR244W,YKR079C,0,-2.28929,0.007352941203862429,0.008547008968889713,0.11538461595773697
YOR229W,YML045W,0,-2.2895703,0.007334963418543339,0.008547008968889713,0.11566951870918274
YDR479C,YKL200C,0,-2.2911682,0.007317073177546263,0.008547008968889713,0.11595441401004791
YJR029W,YKL051W,0,-2.2923303,0.007299270015209913,0.008547008968889713,0.11623931676149368
YCR091W,YOR088W,0,-2.2938523,0.007281553465873003,0.008547008968889713,0.11652421951293945
YML045W,YDR484W,0,-2.297938,0.007263922598212957,0.008547008968889713,0.11680911481380463
YOR056C,YNL126W,0,-2.306301,0.007246376946568489,0.008547008968889713,0.1170940175652504
YLR224W,YER159C,0,-2.3063974,0.0072289155796170235,0.008547008968889713,0.11737892031669617
YKL126W,YIL082W-A,0,-2.3074493,0.0072115384973585606,0.008547008968889713,0.11766381561756134
YHR020W,YML023C,0,-2.307603,0.007194244768470526,0.008547008968889713,0.11794871836900711
YAR010C,YPL121C,0,-2.307872,0.007177033461630344,0.008547008968889713,0.11823362112045288
YNL218W,YER062C,0,-2.3086202,0.0071599045768380165,0.008547008968889713,0.11851851642131805
YBL100W-B,YDL132W,0,-2.3108974,0.0071428571827709675,0.008547008968889713,0.11880341917276382
YDR018C,YDR422C,0,-2.3120756,0.00712589081376791,0.008547008968889713,0.1190883219242096
YGR020C,YHR138C,0,-2.312265,0.0071090045385062695,0.008547008968889713,0.11937321722507477
YGR159C,YGR272C,0,-2.3133597,0.007092198356986046,0.008547008968889713,0.11965811997652054
YCL033C,YDR115W,0,-2.3138223,0.007075471803545952,0.008547008968889713,0.11994302272796631
YMR273C,YDL130W-A,0,-2.3158488,0.0070588234812021255,0.008547008968889713,0.12022791802883148
YGL243W,YCL003W,0,-2.322136,0.007042253389954567,0.008547008968889713,0.12051282078027725
YBR100W,YLR313C,0,-2.3231,0.007025761064141989,0.008547008968889713,0.12079772353172302
YHR020W,YIR033W,0,-2.324442,0.007009345572441816,0.008547008968889713,0.1210826188325882
YBR118W,YLR214W,0,-2.325044,0.00699300691485405,0.008547008968889713,0.12136752158403397
YGL133W,YMR051C,0,-2.325334,0.006976744160056114,0.008547008968889713,0.12165242433547974
YKL081W,YPL121C,0,-2.32647,0.0069605568423867226,0.008547008968889713,0.12193731963634491
YNL218W,YBR111W-A,0,-2.3267617,0.0069444444961845875,0.008547008968889713,0.12222222238779068
YDL003W,YGR089W,1,-2.326996,0.00923787523061037,0.011396011337637901,0.12222222238779068
YHR214C-B,YOR056C,0,-2.3281214,0.009216589853167534,0.011396011337637901,0.12250712513923645
YHL022C,YDR432W,0,-2.3281648,0.009195402264595032,0.011396011337637901,0.12279202044010162
YLR224W,YPL231W,0,-2.3313112,0.00917431153357029,0.011396011337637901,0.1230769231915474
YOR295W,YHR138C,0,-2.3354244,0.009153317660093307,0.011396011337637901,0.12336182594299316
YIL082W-A,YMR235C,0,-2.33609,0.00913241971284151,0.011396011337637901,0.12364672124385834
YDR075W,YJL113W,0,-2.3383107,0.0091116176918149,0.011396011337637901,0.12393162399530411
YAR010C,YMR201C,0,-2.3457627,0.00909090880304575,0.011396011337637901,0.12421652674674988
YJR029W,YJL154C,0,-2.3460908,0.00907029490917921,0.011396011337637901,0.12450142204761505
YNL313C,YHR067W,0,-2.3500993,0.009049774147570133,0.011396011337637901,0.12478632479906082
YBL100W-B,YFL021W,0,-2.3545506,0.009029345586895943,0.011396011337637901,0.1250712275505066
YMR046C,YIL082W-A,0,-2.3559742,0.009009009227156639,0.011396011337637901,0.12535612285137177
YGL089C,YNR052C,0,-2.356142,0.008988764137029648,0.011396011337637901,0.12564103305339813
YMR298W,YLR224W,0,-2.356491,0.008968610316514969,0.011396011337637901,0.1259259283542633
YJL029C,YMR051C,0,-2.356491,0.008948545902967453,0.011396011337637901,0.12621082365512848
YGL089C,YHR066W,0,-2.360467,0.008928571827709675,0.011396011337637901,0.12649573385715485
YNR074C,YLL011W,0,-2.3605366,0.008908686228096485,0.011396011337637901,0.12678062915802002
YMR046C,YIL147C,0,-2.3618364,0.008888889104127884,0.011396011337637901,0.1270655244588852
YDR168W,YMR045C,0,-2.362221,0.008869179524481297,0.011396011337637901,0.12735043466091156
YOR245C,YAR010C,0,-2.3686988,0.008849557489156723,0.011396011337637901,0.12763532996177673
YOL051W,YBR111W-A,0,-2.3754492,0.008830022066831589,0.011396011337637901,0.1279202252626419
YDR018C,YJR029W,0,-2.3758507,0.008810572326183319,0.011396011337637901,0.12820513546466827
YBR112C,YJR029W,0,-2.3774583,0.008791209198534489,0.011396011337637901,0.12849003076553345
YPL196W,YGL158W,0,-2.3801274,0.008771929889917374,0.011396011337637901,0.12877492606639862
YGR185C,YCL003W,0,-2.3815675,0.008752735331654549,0.011396011337637901,0.129059836268425
YDL231C,YEL032W,0,-2.3819025,0.008733624592423439,0.011396011337637901,0.12934473156929016
YPR201W,YER053C,0,-2.3820176,0.00871459674090147,0.011396011337637901,0.12962962687015533
YGR089W,YJL074C,1,-2.3826823,0.010869565419852734,0.014245014637708664,0.12962962687015533
YHR020W,YGR156W,0,-2.3835797,0.010845987126231194,0.014245014637708664,0.1299145370721817
YHR069C,YJR053W,0,-2.3854864,0.010822511278092861,0.014245014637708664,0.13019943237304688
YOL090W,YCL054W,0,-2.38665,0.010799136012792587,0.014245014637708664,0.13048432767391205
YMR051C,YPL211W,0,-2.386898,0.010775862261652946,0.014245014637708664,0.13076923787593842
YHR020W,YLR224W,0,-2.3910296,0.01075268816202879,0.014245014637708664,0.1310541331768036
YLR430W,YMR045C,0,-2.3917491,0.010729613713920116,0.014245014637708664,0.13133902847766876
YBR111W-A,YPR181C,0,-2.3937268,0.010706637986004353,0.014245014637708664,0.13162393867969513
YBL030C,YGL175C,0,-2.395262,0.010683760978281498,0.014245014637708664,0.1319088339805603
YPL132W,YAL054C,0,-2.3960152,0.010660980828106403,0.014245014637708664,0.13219372928142548
YIL082W-A,YAL035W,0,-2.4023838,0.010638297535479069,0.014245014637708664,0.13247863948345184
YGR159C,YAR010C,0,-2.4057379,0.010615711100399494,0.014245014637708664,0.13276353478431702
YPL174C,YIL082W-A,0,-2.4066806,0.010593220591545105,0.014245014637708664,0.1330484300851822
YPR021C,YMR015C,0,-2.4069853,0.010570824146270752,0.014245014637708664,0.13333334028720856
YPR056W,YHR020W,0,-2.4077497,0.010548523627221584,0.014245014637708664,0.13361823558807373
YER120W,YNR074C,0,-2.4086938,0.010526316240429878,0.014245014637708664,0.1339031308889389
YJR143C,YNL313C,0,-2.409509,0.010504201985895634,0.014245014637708664,0.13418804109096527
YDR331W,YDR115W,0,-2.4097466,0.010482179932296276,0.014245014637708664,0.13447293639183044
YEL065W,YER006W,0,-2.4127154,0.01046025101095438,0.014245014637708664,0.13475783169269562
YBR244W,YPL194W,0,-2.4150283,0.010438413359224796,0.014245014637708664,0.13504274189472198
YBR079C,YDL170W,0,-2.416337,0.010416666977107525,0.014245014637708664,0.13532763719558716
YMR045C,YBR276C,0,-2.417192,0.010395010001957417,0.014245014637708664,0.13561253249645233
YGL071W,YBR111W-A,0,-2.4181173,0.01037344429641962,0.014245014637708664,0.1358974426984787
YDR306C,YDR404C,0,-2.4196398,0.010351967066526413,0.014245014637708664,0.13618233799934387
YNL313C,YLR117C,0,-2.4209332,0.010330578312277794,0.014245014637708664,0.13646723330020905
YNR054C,YJR057W,0,-2.4227862,0.010309278033673763,0.014245014637708664,0.1367521435022354
YDR449C,YOL156W,0,-2.4257755,0.010288066230714321,0.014245014637708664,0.13703703880310059
YER106W,YPR046W,1,-2.4260685,0.012320328503847122,0.017094017937779427,0.13703703880310059
YMR015C,YBL009W,0,-2.427917,0.012295082211494446,0.017094017937779427,0.13732193410396576
YGL089C,YDR039C,0,-2.4337602,0.012269938364624977,0.017094017937779427,0.13760684430599213
YJL191W,YPR186C,0,-2.43577,0.01224489789456129,0.017094017937779427,0.1378917396068573
YDR342C,YMR179W,0,-2.4367638,0.012219958938658237,0.017094017937779427,0.13817663490772247
YNR074C,YCR091W,0,-2.4368434,0.012195121496915817,0.017094017937779427,0.13846154510974884
YBR267W,YPL140C,0,-2.4393444,0.01217038556933403,0.017094017937779427,0.138746440410614
YIL082W-A,YIL031W,0,-2.439366,0.012145749293267727,0.017094017937779427,0.1390313357114792
YMR046C,YPL131W,0,-2.440538,0.012121211737394333,0.017094017937779427,0.13931624591350555
YIL082W-A,YDR231C,0,-2.444419,0.012096773833036423,0.017094017937779427,0.13960114121437073
YEL065W,YBL009W,0,-2.4444735,0.012072434648871422,0.017094017937779427,0.1398860365152359
YDR359C,YBR111W-A,0,-2.4444885,0.012048192322254181,0.017094017937779427,0.14017094671726227
YNL313C,YNL107W,0,-2.4464507,0.012024047784507275,0.017094017937779427,0.14045584201812744
YBR244W,YIL082W-A,0,-2.4470239,0.012000000104308128,0.017094017937779427,0.14074073731899261
YDR168W,YBR111W-A,0,-2.4478953,0.011976048350334167,0.017094017937779427,0.14102564752101898
YDR289C,YFR053C,0,-2.4483628,0.011952191591262817,0.017094017937779427,0.14131054282188416
YIR002C,YER006W,0,-2.4500046,0.011928429827094078,0.017094017937779427,0.14159543812274933
YLL003W,YBR111W-A,0,-2.4539309,0.011904762126505375,0.017094017937779427,0.1418803483247757
YGR089W,YNL172W,1,-2.4552343,0.013861386105418205,0.01994301937520504,0.1418803483247757
YBL100W-B,YGR128C,0,-2.4554296,0.013833992183208466,0.01994301937520504,0.14216524362564087
YEL032W,YAR010C,0,-2.457696,0.013806706294417381,0.01994301937520504,0.14245013892650604
YNL149C,YDR115W,0,-2.4577641,0.013779527507722378,0.01994301937520504,0.1427350491285324
YDR306C,YJR031C,0,-2.4607034,0.013752455823123455,0.01994301937520504,0.14301994442939758
YHL022C,YOR298C-A,0,-2.461738,0.013725490309298038,0.01994301937520504,0.14330483973026276
YOR208W,YDR163W,0,-2.4629455,0.013698630034923553,0.01994301937520504,0.14358974993228912
YER028C,YCR028C-A,0,-2.464036,0.013671875,0.01994301937520504,0.1438746452331543
YEL032W,YMR068W,0,-2.4656515,0.013645224273204803,0.01994301937520504,0.14415954053401947
YNL209W,YNL214W,0,-2.4660146,0.01361867692321539,0.01994301937520504,0.14444445073604584
YPL178W,YER062C,0,-2.4693346,0.013592232950031757,0.01994301937520504,0.144729346036911
YGL158W,YLR337C,0,-2.470758,0.013565891422331333,0.01994301937520504,0.14501424133777618
YDR018C,YML019W,0,-2.4739118,0.013539651408791542,0.01994301937520504,0.14529915153980255
YDR039C,YLR092W,0,-2.474648,0.013513513840734959,0.01994301937520504,0.14558404684066772
YIR002C,YLR221C,0,-2.4758115,0.013487475924193859,0.01994301937520504,0.1458689421415329
YDR065W,YOR319W,0,-2.4803789,0.013461538590490818,0.01994301937520504,0.14615385234355927
YER042W,YDR065W,0,-2.4813404,0.01343570090830326,0.01994301937520504,0.14643874764442444
YBL025W,YCR028C-A,0,-2.4815755,0.013409961946308613,0.01994301937520504,0.1467236429452896
YNL307C,YMR117C,1,-2.4824152,0.01529636699706316,0.022792022675275803,0.1467236429452896
YDR324C,YPL153C,0,-2.4835432,0.015267175622284412,0.022792022675275803,0.14700855314731598
YER068W,YBR111W-A,0,-2.483563,0.015238095074892044,0.022792022675275803,0.14729344844818115
YML028W,YBR066C,0,-2.4837925,0.015209125354886055,0.022792022675275803,0.14757834374904633
YNL307C,YIL132C,1,-2.4849863,0.017077798023819923,0.025641025975346565,0.14757834374904633
YIL082W-A,YPL084W,0,-2.4857235,0.017045455053448677,0.025641025975346565,0.1478632539510727
YDR039C,YML060W,0,-2.4892726,0.01701323315501213,0.025641025975346565,0.14814814925193787
YJL080C,YNL299W,1,-2.489806,0.01886792480945587,0.028490029275417328,0.14814814925193787
YHR214C-B,YHR196W,0,-2.4908743,0.018832391127943993,0.028490029275417328,0.14843304455280304
YDL132W,YDR244W,0,-2.4921556,0.01879699155688286,0.028490029275417328,0.1487179547548294
YLR263W,YBR010W,0,-2.4935489,0.01876172609627247,0.028490029275417328,0.14900285005569458
YHR082C,YDR306C,0,-2.494133,0.018726591020822525,0.028490029275417328,0.14928774535655975
YDL197C,YLR092W,0,-2.4944367,0.018691588193178177,0.028490029275417328,0.14957265555858612
YDR448W,YLR276C,0,-2.4969091,0.018656715750694275,0.028490029275417328,0.1498575508594513
YKL058W,YHR138C,0,-2.4970088,0.01862197369337082,0.028490029275417328,0.15014244616031647
YDR065W,YOR008C,0,-2.4987187,0.01858736015856266,0.028490029275417328,0.15042735636234283
YMR051C,YBR276C,0,-2.5005486,0.0185528751462698,0.028490029275417328,0.150712251663208
YLR052W,YJL113W,0,-2.5050511,0.018518518656492233,0.028490029275417328,0.15099714696407318
YER106W,YPL137C,1,-2.5078204,0.020332716405391693,0.03133903071284294,0.15099714696407318
YMR046C,YOR004W,0,-2.5121632,0.02029520273208618,0.03133903071284294,0.15128205716609955
YJR029W,YDR129C,0,-2.5123453,0.020257826894521713,0.03133903071284294,0.15156695246696472
YHR082C,YDR263C,0,-2.5144577,0.020220588892698288,0.03133903071284294,0.1518518477678299
YGL175C,YKR079C,0,-2.5150518,0.020183486863970757,0.03133903071284294,0.15213675796985626
YBR009C,YLR214W,0,-2.5169082,0.02014652080833912,0.03133903071284294,0.15242165327072144
YPL217C,YLR092W,0,-2.5177765,0.020109688863158226,0.03133903071284294,0.1527065485715866
YEL024W,YJR029W,0,-2.5190048,0.020072992891073227,0.03133903071284294,0.15299145877361298
YPR049C,YNL186W,0,-2.5216832,0.020036429166793823,0.03133903071284294,0.15327635407447815
YDR018C,YMR247C,0,-2.5225892,0.019999999552965164,0.03133903071284294,0.15356124937534332
YFL014W,YGR048W,0,-2.5240288,0.0199637021869421,0.03133903071284294,0.1538461595773697
YGR077C,YMR250W,0,-2.5269763,0.019927537068724632,0.03133903071284294,0.15413105487823486
YKL125W,YPR052C,0,-2.5305696,0.01989150047302246,0.03133903071284294,0.15441595017910004
YLR205C,YMR247C,0,-2.5307136,0.019855596125125885,0.03133903071284294,0.1547008603811264
YNL307C,YPL253C,1,-2.5320847,0.021621622145175934,0.03418803587555885,0.1547008603811264
YDR018C,YMR127C,0,-2.5324368,0.02158273383975029,0.03418803587555885,0.15498575568199158
YEL054C,YEL065W,0,-2.5344112,0.02154398523271084,0.03418803587555885,0.15527065098285675
YBR244W,YIR012W,0,-2.53577,0.02150537632405758,0.03418803587555885,0.15555556118488312
YLR131C,YPR101W,0,-2.5382452,0.021466905251145363,0.03418803587555885,0.1558404564857483
YBL100W-B,YDR178W,0,-2.5390334,0.02142857201397419,0.03418803587555885,0.15612535178661346
YER068W,YMR051C,0,-2.539594,0.02139037474989891,0.03418803587555885,0.15641026198863983
YPL153C,YDR398W,0,-2.5428433,0.021352313458919525,0.03418803587555885,0.156695157289505
YNL307C,YNL299W,1,-2.54462,0.023090586066246033,0.03703703731298447,0.156695157289505
YNL313C,YDR423C,0,-2.5454197,0.023049645125865936,0.03703703731298447,0.15698005259037018
YBR112C,YDL170W,0,-2.5455964,0.02300884947180748,0.03703703731298447,0.15726496279239655
YER106W,YNL172W,1,-2.5456185,0.02473498322069645,0.03988603875041008,0.15726496279239655
YHL022C,YJR090C,0,-2.5492272,0.02469135820865631,0.03988603875041008,0.15754985809326172
YMR280C,YOL158C,0,-2.5492697,0.02464788779616356,0.03988603875041008,0.1578347533941269
YLR006C,YER062C,0,-2.5497174,0.024604570120573044,0.03988603875041008,0.15811966359615326
YPL256C,YKR035W-A,0,-2.550168,0.024561403319239616,0.03988603875041008,0.15840455889701843
YHR214C-B,YIR009W,0,-2.553731,0.024518389254808426,0.03988603875041008,0.1586894541978836
YNL111C,YJL090C,0,-2.5546658,0.024475524201989174,0.03988603875041008,0.15897436439990997
YDR306C,YOR308C,0,-2.5563622,0.02443281002342701,0.03988603875041008,0.15925925970077515
YDR115W,YDR045C,0,-2.5600004,0.024390242993831635,0.03988603875041008,0.15954415500164032
YFR053C,YLR055C,0,-2.5607646,0.024347826838493347,0.03988603875041008,0.1598290652036667
YDR065W,YLR324W,0,-2.561675,0.0243055559694767,0.03988603875041008,0.16011396050453186
YOR116C,YPL153C,0,-2.5617814,0.024263432249426842,0.03988603875041008,0.16039885580539703
YDR118W,YGR089W,1,-2.5646162,0.025951556861400604,0.04273504391312599,0.16039885580539703
YGR262C,YMR051C,0,-2.565957,0.02590673603117466,0.04273504391312599,0.1606837660074234
YOR290C,YHR031C,0,-2.5661664,0.0258620698004961,0.04273504391312599,0.16096866130828857
YLR092W,YER006W,0,-2.5664427,0.02581755630671978,0.04273504391312599,0.16125355660915375
YEL065W,YBR155W,0,-2.5702338,0.025773195549845695,0.04273504391312599,0.16153846681118011
YIL082W-A,YGL087C,0,-2.5712423,0.025728987529873848,0.04273504391312599,0.1618233621120453
YPL196W,YOR330C,0,-2.571303,0.025684932246804237,0.04273504391312599,0.16210825741291046
YLR224W,YDR216W,0,-2.5742307,0.025641025975346565,0.04273504391312599,0.16239316761493683
YPL132W,YDR501W,0,-2.5745778,0.02559726871550083,0.04273504391312599,0.162678062915802
YLR382C,YOR298C-A,0,-2.5752501,0.025553662329912186,0.04273504391312599,0.16296295821666718
YCR089W,YOR204W,0,-2.575575,0.025510204955935478,0.04273504391312599,0.16324786841869354
YOR279C,YJL191W,0,-2.5764682,0.02546689286828041,0.04273504391312599,0.16353276371955872
YER106W,YJR068W,1,-2.5764697,0.02711864374577999,0.045584045350551605,0.16353276371955872
YOR298C-A,YBR267W,0,-2.57661,0.027072757482528687,0.045584045350551605,0.1638176590204239
YER106W,YJL074C,1,-2.5772665,0.02871621586382389,0.04843304678797722,0.1638176590204239
YDR085C,YPR094W,0,-2.5804577,0.028667790815234184,0.04843304678797722,0.16410256922245026
YBL100W-B,YBR199W,0,-2.581698,0.02861952781677246,0.04843304678797722,0.16438746452331543
YLR276C,YHR165C,0,-2.5820875,0.02857142873108387,0.04843304678797722,0.1646723598241806
YPL167C,YDR258C,0,-2.5822134,0.028523489832878113,0.04843304678797722,0.16495727002620697
YPR056W,YMR051C,0,-2.5825555,0.02847571112215519,0.04843304678797722,0.16524216532707214
YHR082C,YFR053C,0,-2.583179,0.02842809446156025,0.04843304678797722,0.16552706062793732
YBR095C,YDR115W,0,-2.5834184,0.028380634263157845,0.04843304678797722,0.16581197082996368
YLR205C,YML036W,0,-2.584913,0.028333334252238274,0.04843304678797722,0.16609686613082886
YER106W,YJL080C,1,-2.5852008,0.029950082302093506,0.05128205195069313,0.16609686613082886
YEL054C,YNL222W,0,-2.58636,0.029900332912802696,0.05128205195069313,0.16638176143169403
YHR129C,YBR118W,0,-2.587016,0.02985074557363987,0.05128205195069313,0.1666666716337204
YNL307C,YPR046W,1,-2.5877435,0.03145695477724075,0.054131053388118744,0.1666666716337204
YLR263W,YOR341W,0,-2.5878043,0.03140495717525482,0.054131053388118744,0.16695156693458557
YNL021W,YOL158C,0,-2.5885594,0.03135313466191292,0.054131053388118744,0.16723646223545074
YBR066C,YOR304W,0,-2.5906887,0.031301483511924744,0.054131053388118744,0.1675213724374771
YLR382C,YBR118W,0,-2.5929158,0.03125,0.054131053388118744,0.16780626773834229
YNL307C,YDL003W,1,-2.593345,0.03284072130918503,0.056980058550834656,0.16780626773834229
YDR379W,YEL065W,0,-2.5944066,0.032786883413791656,0.056980058550834656,0.16809116303920746
YAL054C,YDR359C,0,-2.5963507,0.03273322433233261,0.056980058550834656,0.16837607324123383
YOR295W,YOL090W,0,-2.5995793,0.03267974033951759,0.056980058550834656,0.168660968542099
YDR065W,YDR115W,0,-2.6003122,0.032626427710056305,0.056980058550834656,0.16894586384296417
YLR438C-A,YDL154W,0,-2.6019077,0.032573290169239044,0.056980058550834656,0.16923077404499054
YDR065W,YLR043C,0,-2.6025434,0.03252032399177551,0.056980058550834656,0.1695156693458557
YGR040W,YER053C,0,-2.6034162,0.03246753290295601,0.056980058550834656,0.1698005646467209
YDL024C,YHR138C,0,-2.6046157,0.032414909452199936,0.056980058550834656,0.17008547484874725
YOL090W,YHR042W,0,-2.6046627,0.03236246109008789,0.056980058550834656,0.17037037014961243
YNL111C,YGR007W,0,-2.6048188,0.03231017664074898,0.056980058550834656,0.1706552654504776
YIL139C,YLR216C,0,-2.6052759,0.032258063554763794,0.056980058550834656,0.17094017565250397
YGR254W,YER053C,0,-2.611063,0.03220611810684204,0.056980058550834656,0.17122507095336914
YNL313C,YOR060C,0,-2.6114483,0.03215434029698372,0.056980058550834656,0.17150996625423431
YBL100W-B,YER169W,0,-2.61153,0.03210273012518883,0.056980058550834656,0.17179487645626068
YJR029W,YBR036C,0,-2.612044,0.03205128386616707,0.056980058550834656,0.17207977175712585
YLR409C,YDL154W,0,-2.6145852,0.03200000151991844,0.056980058550834656,0.17236466705799103
YHR114W,YER062C,0,-2.6147645,0.03194888308644295,0.056980058550834656,0.1726495772600174
YOR116C,YDR501W,0,-2.6210823,0.03189792484045029,0.056980058550834656,0.17293447256088257
YGR095C,YFL011W,0,-2.6217155,0.03184713423252106,0.056980058550834656,0.17321936786174774
YER106W,YNL299W,1,-2.6218622,0.03338632732629776,0.05982905998826027,0.17321936786174774
YER082C,YKL012W,0,-2.622695,0.03333333507180214,0.05982905998826027,0.1735042780637741
YPR034W,YDR432W,0,-2.6247175,0.03328050673007965,0.05982905998826027,0.17378917336463928
YDR385W,YBL009W,0,-2.6291447,0.03322784975171089,0.05982905998826027,0.17407406866550446
YLR319C,YMR173W,0,-2.6292815,0.033175356686115265,0.05982905998826027,0.17435897886753082
YAL017W,YCR093W,0,-2.629743,0.03312302753329277,0.05982905998826027,0.174643874168396
YKR079C,YKL012W,0,-2.6311998,0.03307086601853371,0.05982905998826027,0.17492876946926117
YOR334W,YML011C,0,-2.6326413,0.033018868416547775,0.05982905998826027,0.17521367967128754
YLR205C,YLR337C,0,-2.6346285,0.032967034727334976,0.05982905998826027,0.1754985749721527
YNL182C,YDR306C,0,-2.6358013,0.03291536122560501,0.05982905998826027,0.17578347027301788
YFR040W,YOR056C,0,-2.6367455,0.03286384791135788,0.05982905998826027,0.17606838047504425
YLR214W,YPL192C,0,-2.636819,0.03281249850988388,0.05982905998826027,0.17635327577590942
YDR213W,YMR149W,0,-2.63781,0.032761309295892715,0.05982905998826027,0.1766381710767746
YKL051W,YPL121C,0,-2.6417632,0.032710280269384384,0.05982905998826027,0.17692308127880096
YIL139C,YDL115C,0,-2.644084,0.03265940770506859,0.05982905998826027,0.17720797657966614
YJL194W,YPL146C,0,-2.644325,0.032608695328235626,0.05982905998826027,0.1774928718805313
YNR074C,YNL126W,0,-2.6444151,0.0325581394135952,0.05982905998826027,0.17777778208255768
YML015C,YAL054C,0,-2.6449175,0.03250773996114731,0.05982905998826027,0.17806267738342285
YIL075C,YDR018C,0,-2.647295,0.03245749697089195,0.05982905998826027,0.17834757268428802
YPL131W,YBL009W,0,-2.6474843,0.032407406717538834,0.05982905998826027,0.1786324828863144
YKL081W,YDR527W,0,-2.648475,0.03235747292637825,0.05982905998826027,0.17891737818717957
YJL005W,YLR055C,0,-2.6520307,0.032307691872119904,0.05982905998826027,0.17920227348804474
YOL158C,YPR082C,0,-2.6524906,0.032258063554763794,0.05982905998826027,0.1794871836900711
YPL121C,YNL036W,0,-2.6527352,0.03220858797430992,0.05982905998826027,0.17977207899093628
YNL130C,YCR091W,0,-2.6542182,0.032159265130758286,0.05982905998826027,0.18005697429180145
YJL090C,YDL170W,0,-2.6546974,0.03211009129881859,0.05982905998826027,0.18034188449382782
YMR023C,YDR384C,0,-2.654741,0.03206107020378113,0.05982905998826027,0.180626779794693
YOL121C,YML091C,0,-2.6573868,0.03201219439506531,0.05982905998826027,0.18091167509555817
YBL103C,YPL146C,0,-2.6574903,0.031963471323251724,0.05982905998826027,0.18119658529758453
YBR079C,YOL090W,0,-2.6593125,0.03191489353775978,0.05982905998826027,0.1814814805984497
YPL091W,YER062C,0,-2.6602445,0.031866464763879776,0.05982905998826027,0.18176637589931488
YGR254W,YER028C,0,-2.6603744,0.03181818127632141,0.05982905998826027,0.18205128610134125
YML102W,YBR155W,0,-2.6604037,0.031770046800374985,0.05982905998826027,0.18233618140220642
YGR257C,YNL111C,0,-2.6620235,0.0317220538854599,0.05982905998826027,0.1826210767030716
YPR075C,YBL009W,0,-2.6627016,0.031674209982156754,0.05982905998826027,0.18290598690509796
YPL167C,YJR031C,0,-2.663867,0.03162650763988495,0.05982905998826027,0.18319088220596313
YKL178C,YKL081W,0,-2.6641622,0.031578946858644485,0.05982905998826027,0.1834757775068283
YNL039W,YJL191W,0,-2.665318,0.03153153136372566,0.05982905998826027,0.18376068770885468
YOR341W,YDR039C,0,-2.6659627,0.03148425742983818,0.05982905998826027,0.18404558300971985
YPR023C,YBR111W-A,0,-2.666093,0.03143712505698204,0.05982905998826027,0.18433047831058502
YPL256C,YHR069C,0,-2.6675751,0.03139013424515724,0.05982905998826027,0.1846153885126114
YDL003W,YER106W,1,-2.6693416,0.03283582255244255,0.06267806142568588,0.1846153885126114
YOR116C,YOL156W,0,-2.6740036,0.032786883413791656,0.06267806142568588,0.18490028381347656
YBL007C,YPL121C,0,-2.6764665,0.032738097012043,0.06267806142568588,0.18518517911434174
YER106W,YDR118W,1,-2.6766744,0.0341753326356411,0.0655270665884018,0.18518517911434174
YHR012W,YGR225W,0,-2.6779184,0.03412462770938873,0.0655270665884018,0.1854700893163681
YLR205C,YNL088W,0,-2.6795735,0.034074075520038605,0.0655270665884018,0.18575498461723328
YER026C,YHR138C,0,-2.6805658,0.03402366861701012,0.0655270665884018,0.18603987991809845
YDR306C,YOR132W,0,-2.6807423,0.03397341072559357,0.0655270665884018,0.18632479012012482
YFL014W,YNL121C,0,-2.6837597,0.033923305571079254,0.0655270665884018,0.18660968542099
YJL157C,YGL243W,0,-2.6860082,0.03387334197759628,0.0655270665884018,0.18689458072185516
YGR006W,YHR016C,0,-2.6891046,0.03382353112101555,0.0655270665884018,0.18717949092388153
YNL111C,YPR082C,0,-2.6921296,0.033773861825466156,0.0655270665884018,0.1874643862247467
YPL233W,YGR089W,1,-2.6947203,0.03519061580300331,0.0683760717511177,0.1874643862247467
YOR127W,YOR056C,0,-2.696217,0.035139091312885284,0.0683760717511177,0.18774928152561188
YNL222W,YFR040W,0,-2.697069,0.035087719559669495,0.0683760717511177,0.18803419172763824
YIL031W,YKL012W,0,-2.6974049,0.03503649681806564,0.0683760717511177,0.18831908702850342
YPL256C,YOR386W,0,-2.6978083,0.03498542308807373,0.0683760717511177,0.1886039823293686
YML080W,YDR146C,0,-2.698203,0.034934498369693756,0.0683760717511177,0.18888889253139496
YHL006C,YBR160W,0,-2.6982636,0.03488372266292572,0.0683760717511177,0.18917378783226013
YDR436W,YDR079C-A,0,-2.6992989,0.034833092242479324,0.0683760717511177,0.1894586831331253
YDL017W,YPL196W,0,-2.6994271,0.03478260710835457,0.0683760717511177,0.18974359333515167
YNL307C,YER106W,1,-2.7013855,0.036179449409246445,0.07122506946325302,0.18974359333515167
YDR385W,YIL159W,0,-2.7014353,0.03612716868519783,0.07122506946325302,0.19002848863601685
YNL313C,YJL133W,0,-2.7026553,0.036075036972761154,0.07122506946325302,0.19031338393688202
YLR205C,YDR121W,0,-2.7027333,0.03602305427193642,0.07122506946325302,0.1905982941389084
YNL313C,YFL014W,0,-2.7030356,0.035971224308013916,0.07122506946325302,0.19088318943977356
YHR175W,YOL156W,0,-2.703531,0.035919539630413055,0.07122506946325302,0.19116808474063873
YJR103W,YOL011W,0,-2.7037158,0.03586800396442413,0.07122506946325302,0.1914529949426651
YDR449C,YGL087C,0,-2.7039542,0.03581661731004715,0.07122506946325302,0.19173789024353027
YCR081W,YLR337C,0,-2.704196,0.035765379667282104,0.07122506946325302,0.19202278554439545
YGL089C,YBR112C,0,-2.70833,0.0357142873108387,0.07122506946325302,0.19230769574642181
YDL007W,YOL156W,0,-2.710093,0.035663336515426636,0.07122506946325302,0.192592591047287
YGL089C,YOR208W,0,-2.7118652,0.03561253473162651,0.07122506946325302,0.19287748634815216
YML102W,YLR221C,0,-2.7130678,0.035561878234148026,0.07122506946325302,0.19316239655017853
YDR306C,YMR239C,0,-2.7148886,0.03551136329770088,0.07122506946325302,0.1934472918510437
YPR135W,YOR156C,1,-2.7158728,0.03687943145632744,0.07407407462596893,0.1934472918510437
YGR089W,YOR073W,1,-2.7183347,0.038243625313043594,0.07692307978868484,0.1934472918510437
YAL017W,YJL090C,0,-2.7186944,0.03818953409790993,0.07692307978868484,0.19373218715190887
YHR067W,YFL031W,0,-2.7188323,0.0381355918943882,0.07692307978868484,0.19401709735393524
YDL130W-A,YGL173C,0,-2.7195818,0.038081806153059006,0.07692307978868484,0.19430199265480042
YJL080C,YMR117C,1,-2.7203426,0.039436619728803635,0.07977207750082016,0.19430199265480042
YBR172C,YLR214W,0,-2.720418,0.039381153881549835,0.07977207750082016,0.1945868879556656
YBR118W,YOL090W,0,-2.7223406,0.03932584449648857,0.07977207750082016,0.19487179815769196
YJL033W,YHR138C,0,-2.72323,0.039270687848329544,0.07977207750082016,0.19515669345855713
YBR084W,YPL140C,0,-2.7249465,0.03921568766236305,0.07977207750082016,0.1954415887594223
YLR214W,YMR227C,0,-2.7249997,0.0391608402132988,0.07977207750082016,0.19572649896144867
YOR204W,YOL090W,0,-2.7263703,0.03910614550113678,0.07977207750082016,0.19601139426231384
YFR053C,YPR008W,0,-2.7287462,0.039051603525877,0.07977207750082016,0.19629628956317902
YER106W,YIR025W,1,-2.7291734,0.04038997367024422,0.08262108266353607,0.19629628956317902
YLR382C,YCR089W,0,-2.7294142,0.04033379629254341,0.08262108266353607,0.19658119976520538
YML080W,YPR164W,0,-2.7294388,0.04027777910232544,0.08262108266353607,0.19686609506607056
YNL209W,YHR138C,0,-2.7304296,0.040221914649009705,0.08262108266353607,0.19715099036693573
YJL157C,YOR127W,0,-2.7330923,0.040166206657886505,0.08262108266353607,0.1974359005689621
YOR073W,YNL299W,1,-2.7337828,0.04149377718567848,0.08547008782625198,0.1974359005689621
YDR527W,YAR003W,0,-2.7342062,0.041436463594436646,0.08547008782625198,0.19772079586982727
YLL034C,YJL207C,0,-2.734572,0.04137931019067764,0.08547008782625198,0.19800569117069244
YPR201W,YLR006C,0,-2.7362366,0.041322313249111176,0.08547008782625198,0.1982906013727188
YNR023W,YOR317W,0,-2.7363436,0.041265472769737244,0.08547008782625198,0.19857549667358398
YGR156W,YPL121C,0,-2.7408419,0.041208792477846146,0.08547008782625198,0.19886039197444916
YPR135W,YMR117C,1,-2.7410336,0.042524006217718124,0.0883190855383873,0.19886039197444916
YNL307C,YOR156C,1,-2.7411757,0.04383561760187149,0.09116809070110321,0.19886039197444916
YOR341W,YDL052C,0,-2.7416148,0.04377565160393715,0.09116809070110321,0.19914530217647552
YGL194C,YDR527W,0,-2.743052,0.04371584579348564,0.09116809070110321,0.1994301974773407
YBL025W,YGR185C,0,-2.743349,0.043656207621097565,0.09116809070110321,0.19971509277820587
YGR278W,YMR173W,0,-2.7455745,0.04359672963619232,0.09116809070110321,0.20000000298023224
YHR175W,YFR040W,0,-2.7459328,0.04353741556406021,0.09116809070110321,0.2002848982810974
YJL157C,YDL015C,0,-2.7466645,0.043478261679410934,0.09116809070110321,0.20056979358196259
YHR129C,YLR384C,0,-2.7495396,0.04341926798224449,0.09116809070110321,0.20085470378398895
YCR028C-A,YJL006C,0,-2.750585,0.04336043447256088,0.09116809070110321,0.20113959908485413
YGR089W,YPL253C,1,-2.7506614,0.04465493932366371,0.09401709586381912,0.20113959908485413
YDR283C,YHR129C,0,-2.751203,0.04459459334611893,0.09401709586381912,0.2014244943857193
YIL139C,YMR068W,0,-2.7553308,0.044534411281347275,0.09401709586381912,0.20170940458774567
YBR114W,YML023C,0,-2.7574012,0.044474393129348755,0.09401709586381912,0.20199429988861084
YEL042W,YOL156W,0,-2.7580876,0.04441453516483307,0.09401709586381912,0.202279195189476
YGR123C,YOL045W,0,-2.7600646,0.04435483738780022,0.09401709586381912,0.20256410539150238
YLR214W,YOL021C,0,-2.7619843,0.0442953035235405,0.09401709586381912,0.20284900069236755
YPL167C,YBR118W,0,-2.7625468,0.04423592612147331,0.09401709586381912,0.20313389599323273
YKR050W,YCR093W,0,-2.7630215,0.04417670518159866,0.09401709586381912,0.2034188061952591
YDR085C,YPL256C,0,-2.765245,0.04411764815449715,0.09401709586381912,0.20370370149612427
YOR204W,YPL211W,0,-2.7672954,0.04405874386429787,0.09401709586381912,0.20398859679698944
YER106W,YPR135W,1,-2.7677836,0.04533333331346512,0.09686609357595444,0.20398859679698944
YJL157C,YHR031C,0,-2.7686427,0.04527296870946884,0.09686609357595444,0.2042735069990158
YEL061C,YNL172W,1,-2.7694175,0.04654255136847496,0.09971509873867035,0.2042735069990158
YKL008C,YOR308C,0,-2.7719958,0.04648074507713318,0.09971509873867035,0.20455840229988098
YFL011W,YDR069C,0,-2.7736294,0.04641909897327423,0.09971509873867035,0.20484329760074615
YER109C,YCR089W,0,-2.7736568,0.046357616782188416,0.09971509873867035,0.20512820780277252
YOR298C-A,YPL121C,0,-2.7744846,0.046296294778585434,0.09971509873867035,0.2054131031036377
YOR290C,YMR250W,0,-2.7749825,0.04623514041304588,0.09971509873867035,0.20569799840450287
YOL121C,YDR527W,0,-2.776503,0.04617414250969887,0.09971509873867035,0.20598290860652924
YEL065W,YNL214W,0,-2.7767015,0.046113308519124985,0.09971509873867035,0.2062678039073944
YDR479C,YBR080C,0,-2.7776608,0.04605263099074364,0.09971509873867035,0.20655269920825958
YOL121C,YGL178W,0,-2.7789629,0.04599211737513542,0.09971509873867035,0.20683760941028595
YOR026W,YDR263C,0,-2.7795143,0.04593176022171974,0.09971509873867035,0.20712250471115112
YKL178C,YOR004W,0,-2.7797172,0.0458715595304966,0.09971509873867035,0.2074074000120163
YDR283C,YPR042C,0,-2.7830615,0.04581151902675629,0.09971509873867035,0.20769231021404266
YGR254W,YIL017C,0,-2.7831964,0.04575163498520851,0.09971509873867035,0.20797720551490784
YDR085C,YDR079C-A,0,-2.784065,0.04569190740585327,0.09971509873867035,0.208262100815773
YDR385W,YMR025W,0,-2.785341,0.04563233256340027,0.09971509873867035,0.20854701101779938
YJL041W,YIL017C,0,-2.786743,0.0455729179084301,0.09971509873867035,0.20883190631866455
YJL080C,YNL172W,1,-2.7868447,0.04681404307484627,0.10256410390138626,0.20883190631866455
YIL106W,YPL121C,0,-2.7872245,0.04675324633717537,0.10256410390138626,0.20911681652069092
YER028C,YOR377W,0,-2.7881515,0.046692606061697006,0.10256410390138626,0.2094017118215561
YGR159C,YMR247C,0,-2.7882798,0.04663212597370148,0.10256410390138626,0.20968660712242126
YDR106W,YNL036W,0,-2.788509,0.046571798622608185,0.10256410390138626,0.20997151732444763
YDR342C,YBR095C,0,-2.7893767,0.04651162773370743,0.10256410390138626,0.2102564126253128
YBR276C,YOR144C,0,-2.7907076,0.04645161330699921,0.10256410390138626,0.21054130792617798
YGR202C,YOR100C,0,-2.793086,0.04639175161719322,0.10256410390138626,0.21082621812820435
YDR393W,YPR201W,0,-2.7942367,0.04633204638957977,0.10256410390138626,0.21111111342906952
YJL080C,YPL233W,1,-2.794468,0.04755784198641777,0.10541310906410217,0.21111111342906952
YMR138W,YHR174W,0,-2.7958448,0.04749679192900658,0.10541310906410217,0.2113960087299347
YGL089C,YER169W,0,-2.7958813,0.04743589833378792,0.10541310906410217,0.21168091893196106
YNL139C,YJL191W,0,-2.7979376,0.047375161200761795,0.10541310906410217,0.21196581423282623
YER026C,YMR015C,0,-2.799835,0.04731457680463791,0.10541310906410217,0.2122507095336914
YPL217C,YBR065C,0,-2.8013425,0.04725414887070656,0.10541310906410217,0.21253561973571777
YBR250W,YDR146C,0,-2.8020332,0.04719387739896774,0.10541310906410217,0.21282051503658295
YNL126W,YPL153C,0,-2.8029943,0.047133758664131165,0.10541310906410217,0.21310541033744812
YBR049C,YBL009W,0,-2.80334,0.04707379266619682,0.10541310906410217,0.2133903205394745
YDL007W,YFL002C,0,-2.8039744,0.04701397567987442,0.10541310906410217,0.21367521584033966
YEL013W,YLR263W,0,-2.8045619,0.04695431515574455,0.10541310906410217,0.21396011114120483
YGL246C,YPL161C,0,-2.8053217,0.046894803643226624,0.10541310906410217,0.2142450213432312
YLL034C,YOL158C,0,-2.8053975,0.04683544486761093,0.10541310906410217,0.21452991664409637
YDR079C-A,YPL192C,0,-2.806393,0.04677623137831688,0.10541310906410217,0.21481481194496155
YLR263W,YER173W,0,-2.8067963,0.046717170625925064,0.10541310906410217,0.21509972214698792
YML028W,YPL192C,0,-2.8069956,0.04665825888514519,0.10541310906410217,0.2153846174478531
YOR116C,YFL014W,0,-2.807146,0.04659949615597725,0.10541310906410217,0.21566951274871826
YFR050C,YBR020W,0,-2.8094988,0.04654087871313095,0.10541310906410217,0.21595442295074463
YFR055W,YCR065W,0,-2.8098361,0.04648241028189659,0.10541310906410217,0.2162393182516098
YML073C,YLR092W,0,-2.810075,0.04642409086227417,0.10541310906410217,0.21652421355247498
YKL178C,YOR034C,0,-2.8105226,0.04636591300368309,0.10541310906410217,0.21680912375450134
YDR385W,YJL090C,0,-2.8123357,0.04630788415670395,0.10541310906410217,0.21709401905536652
YOR168W,YIL159W,0,-2.8149786,0.04625000059604645,0.10541310906410217,0.2173789143562317
YLR043C,YPL121C,0,-2.8150826,0.04619225859642029,0.10541310906410217,0.21766382455825806
YMR250W,YDR235W,0,-2.8154278,0.04613466188311577,0.10541310906410217,0.21794871985912323
YKL178C,YPR052C,0,-2.815761,0.04607721045613289,0.10541310906410217,0.2182336151599884
YLR117C,YBR276C,0,-2.8169773,0.04601990059018135,0.10541310906410217,0.21851852536201477
YER082C,YGL194C,0,-2.8172283,0.045962732285261154,0.10541310906410217,0.21880342066287994
YJL076W,YDR244W,0,-2.8179975,0.0459057055413723,0.10541310906410217,0.21908831596374512
YNL039W,YPL211W,0,-2.8182364,0.045848824083805084,0.10541310906410217,0.21937322616577148
YPR135W,YIL132C,1,-2.8189263,0.047029703855514526,0.10826210677623749,0.21937322616577148
YOL156W,YHR012W,0,-2.8194947,0.04697157070040703,0.10826210677623749,0.21965812146663666
YFR053C,YBL009W,0,-2.8199944,0.04691357910633087,0.10826210677623749,0.21994301676750183
YFR055W,YMR173W,0,-2.820092,0.046855732798576355,0.10826210677623749,0.2202279269695282
YPL196W,YDR404C,0,-2.8223681,0.04679802805185318,0.10826210677623749,0.22051282227039337
YIR002C,YFR053C,0,-2.8225682,0.046740468591451645,0.10826210677623749,0.22079771757125854
YER169W,YOR298C-A,0,-2.823493,0.04668304696679115,0.10826210677623749,0.2210826277732849
YPR046W,YEL061C,1,-2.8248587,0.047852762043476105,0.1111111119389534,0.2210826277732849
YBR050C,YOR377W,0,-2.8258553,0.04779411852359772,0.1111111119389534,0.22136752307415009
YHR196W,YIL159W,0,-2.8267128,0.04773561656475067,0.1111111119389534,0.22165241837501526
YHR175W,YOR341W,0,-2.8267775,0.047677259892225266,0.1111111119389534,0.22193732857704163
YLR221C,YNL214W,0,-2.826898,0.0476190485060215,0.1111111119389534,0.2222222238779068
YDL132W,YHR042W,0,-2.8278642,0.04756097495555878,0.1111111119389534,0.22250711917877197
YDR085C,YDL044C,0,-2.8280678,0.047503046691417694,0.1111111119389534,0.22279202938079834
YKL081W,YDR270W,0,-2.828318,0.047445256263017654,0.1111111119389534,0.2230769246816635
YAL017W,YPR164W,0,-2.8286655,0.047387607395648956,0.1111111119389534,0.2233618199825287
YGL111W,YBR114W,0,-2.828873,0.0473300963640213,0.1111111119389534,0.22364673018455505
YPL233W,YNL299W,1,-2.829631,0.04848484694957733,0.11396011710166931,0.22364673018455505
YNL218W,YDL212W,0,-2.8323462,0.048426151275634766,0.11396011710166931,0.22393162548542023
YPR135W,YPR046W,1,-2.832397,0.049576785415410995,0.11680911481380463,0.22393162548542023
YLR263W,YDR212W,0,-2.8346992,0.04951690882444382,0.11680911481380463,0.2242165207862854
YHR085W,YDR503C,0,-2.8348372,0.04945717751979828,0.11680911481380463,0.22450143098831177
YPL194W,YPR186C,0,-2.8350797,0.04939759150147438,0.11680911481380463,0.22478632628917694
YDR283C,YPL196W,0,-2.8353484,0.049338147044181824,0.11680911481380463,0.22507122159004211
YPL137C,YMR117C,1,-2.83692,0.05048076808452606,0.11965811997652054,0.22507122159004211
YDR384C,YPR034W,0,-2.8377204,0.05042016878724098,0.11965811997652054,0.22535613179206848
YGR214W,YOL023W,0,-2.838087,0.050359711050987244,0.11965811997652054,0.22564102709293365
YLR216C,YLL003W,0,-2.8387008,0.050299402326345444,0.11965811997652054,0.22592592239379883
YER123W,YBL009W,0,-2.8387692,0.050239235162734985,0.11965811997652054,0.2262108325958252
YDR342C,YBR112C,0,-2.839144,0.05017921328544617,0.11965811997652054,0.22649572789669037
YIL132C,YGR089W,1,-2.839619,0.0513126477599144,0.12250712513923645,0.22649572789669037
YJL080C,YPL137C,1,-2.8402762,0.05244338512420654,0.12535612285137177,0.22649572789669037
YOL097C,YKL125W,0,-2.8417807,0.05238095298409462,0.12535612285137177,0.22678062319755554
YOR005C,YHL006C,0,-2.8417888,0.052318669855594635,0.12535612285137177,0.2270655333995819
YOL156W,YGL227W,0,-2.842255,0.05225653201341629,0.12535612285137177,0.22735042870044708
YKR025W,YOR377W,0,-2.842338,0.052194543182849884,0.12535612285137177,0.22763532400131226
YOR341W,YPL151C,0,-2.8456063,0.05213269963860512,0.12535612285137177,0.22792023420333862
YGR214W,YML015C,0,-2.8461368,0.05207100510597229,0.12535612285137177,0.2282051295042038
YGL246C,YLR141W,0,-2.846792,0.0520094558596611,0.12535612285137177,0.22849002480506897
YJL157C,YGR239C,0,-2.8471963,0.051948051899671555,0.12535612285137177,0.22877493500709534
YNL048W,YLR263W,0,-2.8472583,0.05188679322600365,0.12535612285137177,0.2290598303079605
YGR123C,YLR116W,0,-2.8475773,0.05182567611336708,0.12535612285137177,0.22934472560882568
YJL157C,YIL023C,0,-2.8480787,0.051764704287052155,0.12535612285137177,0.22962963581085205
YIR033W,YGR072W,0,-2.8495429,0.05170387774705887,0.12535612285137177,0.22991453111171722
YPR049C,YGL178W,0,-2.8516707,0.051643192768096924,0.12535612285137177,0.2301994264125824
YJR068W,YMR117C,1,-2.853202,0.05275498330593109,0.12820513546466827,0.2301994264125824
YDR265W,YDL130W-A,0,-2.853229,0.0526932068169117,0.12820513546466827,0.23048433661460876
YDR342C,YCR028C-A,0,-2.8537004,0.05263157933950424,0.12820513546466827,0.23076923191547394
YLR110C,YNR054C,0,-2.8538096,0.05257009342312813,0.12820513546466827,0.2310541272163391
YBR084W,YDR527W,0,-2.854604,0.052508752793073654,0.12820513546466827,0.23133903741836548
YGL194C,YML008C,0,-2.8550775,0.05244755372405052,0.12820513546466827,0.23162393271923065
YOL156W,YDR453C,0,-2.8574526,0.05238649621605873,0.12820513546466827,0.23190882802009583
YER161C,YGR128C,0,-2.857717,0.05232558026909828,0.12820513546466827,0.2321937382221222
YAL054C,YPL075W,0,-2.858204,0.05226480960845947,0.12820513546466827,0.23247863352298737
YMR241W,YLR320W,0,-2.8590968,0.05220417678356171,0.12820513546466827,0.23276352882385254
YGL246C,YLR320W,0,-2.862335,0.05214368551969528,0.12820513546466827,0.2330484390258789
YBR118W,YJR031C,0,-2.8635504,0.0520833320915699,0.12820513546466827,0.23333333432674408
YDR216W,YJL076W,0,-2.8635898,0.05202312022447586,0.12820513546466827,0.23361822962760925
YFL014W,YJL076W,0,-2.8650937,0.05196304991841316,0.12820513546466827,0.23390313982963562
YOL097C,YBR160W,0,-2.8676188,0.05190311372280121,0.12820513546466827,0.2341880351305008
YNL273W,YGR089W,1,-2.8676815,0.05299539119005203,0.1310541331768036,0.2341880351305008
YDR106W,YCR092C,0,-2.8686304,0.05293440818786621,0.1310541331768036,0.23447293043136597
YKR042W,YAL017W,0,-2.869917,0.05287356302142143,0.1310541331768036,0.23475784063339233
YML091C,YBR035C,0,-2.8701863,0.052812859416007996,0.1310541331768036,0.2350427359342575
YIL132C,YNL299W,1,-2.8707967,0.05389908328652382,0.1339031308889389,0.2350427359342575
YLR131C,YPL057C,0,-2.87083,0.05383734405040741,0.1339031308889389,0.23532763123512268
YPR101W,YFR005C,0,-2.8717546,0.05377574265003204,0.1339031308889389,0.23561254143714905
YNL267W,YJL191W,0,-2.8723485,0.05371428653597832,0.1339031308889389,0.23589743673801422
YDL170W,YDR129C,0,-2.8731174,0.053652968257665634,0.1339031308889389,0.2361823320388794
YPL132W,YDR423C,0,-2.8739142,0.05359179154038429,0.1339031308889389,0.23646724224090576
YBR114W,YPL192C,0,-2.8773115,0.053530752658843994,0.1339031308889389,0.23675213754177094
YBR244W,YLR396C,0,-2.8780065,0.05346985161304474,0.1339031308889389,0.2370370328426361
YBL030C,YPR021C,0,-2.878059,0.053409092128276825,0.1339031308889389,0.23732194304466248
YPL217C,YHR129C,0,-2.878087,0.053348466753959656,0.1339031308889389,0.23760683834552765
YHR164C,YBR257W,0,-2.880169,0.05328798294067383,0.1339031308889389,0.23789173364639282
YOL097C,YGR188C,0,-2.8825378,0.053227633237838745,0.1339031308889389,0.2381766438484192
YDL043C,YOL090W,0,-2.8829231,0.053167421370744705,0.1339031308889389,0.23846153914928436
YKR050W,YNL222W,0,-2.88307,0.05310734361410141,0.1339031308889389,0.23874643445014954
YLR320W,YMR149W,0,-2.8833642,0.05304740369319916,0.1339031308889389,0.2390313446521759
YER106W,YNL273W,1,-2.8840537,0.054114993661642075,0.1367521435022354,0.2390313446521759
YDR258C,YGR188C,0,-2.8842762,0.054054055362939835,0.1367521435022354,0.23931623995304108
YNR074C,YOL023W,0,-2.8852787,0.05399325117468834,0.1367521435022354,0.23960113525390625
YGR254W,YAR003W,0,-2.8854191,0.05393258482217789,0.1367521435022354,0.23988604545593262
YKL166C,YOR317W,0,-2.8854668,0.05387205258011818,0.1367521435022354,0.2401709407567978
YFR053C,YNL209W,0,-2.8862247,0.053811658173799515,0.1367521435022354,0.24045583605766296
YHL022C,YLR313C,0,-2.8869646,0.05375140160322189,0.1367521435022354,0.24074074625968933
YNR054C,YOL023W,0,-2.8888226,0.05369127541780472,0.1367521435022354,0.2410256415605545
YDR331W,YCL054W,0,-2.889267,0.05363128334283829,0.1367521435022354,0.24131053686141968
YLR131C,YKR079C,0,-2.8903842,0.0535714291036129,0.1367521435022354,0.24159544706344604
YBR118W,YJL033W,0,-2.8903894,0.05351170524954796,0.1367521435022354,0.24188034236431122
YLR103C,YBR114W,0,-2.8907137,0.05345211550593376,0.1367521435022354,0.2421652376651764
YDR342C,YGR254W,0,-2.8910167,0.05339265987277031,0.1367521435022354,0.24245014786720276
YDL004W,YFL011W,0,-2.8916106,0.0533333346247673,0.1367521435022354,0.24273504316806793
YIR002C,YAL059W,0,-2.8917308,0.053274139761924744,0.1367521435022354,0.2430199384689331
YIR012W,YLR396C,0,-2.8917313,0.05321507900953293,0.1367521435022354,0.24330484867095947
YLR055C,YCL054W,0,-2.8917937,0.05315614491701126,0.1367521435022354,0.24358974397182465
YKL058W,YDL130W-A,0,-2.8922806,0.05309734493494034,0.1367521435022354,0.24387463927268982
YPR135W,YPL253C,1,-2.8926349,0.054143644869327545,0.13960114121437073,0.24387463927268982
YDR527W,YBR276C,0,-2.892682,0.05408388376235962,0.13960114121437073,0.2441595494747162
YIR012W,YKL012W,0,-2.8940346,0.05402425676584244,0.13960114121437073,0.24444444477558136
YDR079C-A,YCR093W,0,-2.8946047,0.053964756429195404,0.13960114121437073,0.24472934007644653
YER082C,YCR089W,0,-2.895842,0.053905390202999115,0.13960114121437073,0.2450142502784729
YGR231C,YPL121C,0,-2.8962324,0.05384615436196327,0.13960114121437073,0.24529914557933807
YLR205C,YDR394W,0,-2.8984246,0.053787048906087875,0.13960114121437073,0.24558404088020325
YJL207C,YDR263C,0,-2.898453,0.053728070110082626,0.13960114121437073,0.24586895108222961
YPR034W,YPR049C,0,-2.8994384,0.053669221699237823,0.13960114121437073,0.2461538463830948
YHR174W,YCL054W,0,-2.9014282,0.05361050367355347,0.13960114121437073,0.24643874168395996
YDR194C,YBL025W,0,-2.903243,0.05355191230773926,0.13960114121437073,0.24672365188598633
YER106W,YOR073W,1,-2.9038198,0.05458515137434006,0.14245013892650604,0.24672365188598633
YOR334W,YPL231W,0,-2.9039207,0.05452562868595123,0.14245013892650604,0.2470085471868515
YBL035C,YGL158W,0,-2.9053404,0.054466232657432556,0.14245013892650604,0.24729344248771667
YKL081W,YMR227C,0,-2.906495,0.05440696328878403,0.14245013892650604,0.24757835268974304
YPR135W,YIR025W,1,-2.9068642,0.055434782058000565,0.14529915153980255,0.24757835268974304
YPL217C,YJR049C,0,-2.907804,0.055374592542648315,0.14529915153980255,0.24786324799060822
YHR164C,YPL196W,0,-2.9087706,0.05531453341245651,0.14529915153980255,0.2481481432914734
YER026C,YGR225W,0,-2.9089108,0.055254604667425156,0.14529915153980255,0.24843305349349976
YOL124C,YML008C,0,-2.9096482,0.055194806307554245,0.14529915153980255,0.24871794879436493
YBR111W-A,YNL214W,0,-2.9107785,0.05513513460755348,0.14529915153980255,0.2490028440952301
YGR123C,YNL111C,0,-2.9124475,0.055075593292713165,0.14529915153980255,0.24928775429725647
YDL105W,YDR235W,0,-2.9140344,0.055016182363033295,0.14529915153980255,0.24957264959812164
YNL307C,YNL172W,1,-2.9142537,0.05603448301553726,0.14814814925193787,0.24957264959812164
YDR270W,YJR053W,0,-2.9159596,0.055974166840314865,0.14814814925193787,0.24985754489898682
YPR182W,YDL170W,0,-2.9173374,0.055913977324962616,0.14814814925193787,0.2501424551010132
YDR384C,YGL175C,0,-2.9177027,0.05585392192006111,0.14814814925193787,0.25042736530303955
YPR075C,YHR042W,0,-2.9182162,0.055793993175029755,0.14814814925193787,0.25071224570274353
YOL158C,YAL051W,0,-2.9184933,0.055734191089868546,0.14814814925193787,0.2509971559047699
YIL139C,YDR385W,0,-2.9186797,0.05567451938986778,0.14814814925193787,0.25128206610679626
YLR320W,YFR040W,0,-2.9199839,0.05561497434973717,0.14814814925193787,0.25156694650650024
YGL089C,YEL024W,0,-2.9209924,0.0555555559694767,0.14814814925193787,0.2518518567085266
YOL121C,YLR117C,0,-2.9212837,0.05549626424908638,0.14814814925193787,0.252136766910553
YGR159C,YKR061W,0,-2.9216237,0.05543709918856621,0.14814814925193787,0.25242164731025696
YJL080C,YPL253C,1,-2.9225307,0.056443024426698685,0.15099714696407318,0.25242164731025696
YPL121C,YOR308C,0,-2.9229696,0.056382980197668076,0.15099714696407318,0.2527065575122833
YNL307C,YJL074C,1,-2.9232206,0.05738576129078865,0.1538461595773697,0.2527065575122833
YJL033W,YOR149C,0,-2.9232318,0.0573248416185379,0.1538461595773697,0.2529914677143097
YDR018C,YBR155W,0,-2.9232454,0.0572640523314476,0.1538461595773697,0.25327634811401367
YDL004W,YJL191W,0,-2.92418,0.05720338970422745,0.1538461595773697,0.25356125831604004
YDR419W,YBR267W,0,-2.9243653,0.05714285746216774,0.1538461595773697,0.2538461685180664
YIL132C,YPL137C,1,-2.9249907,0.058139536529779434,0.156695157289505,0.2538461685180664
YLR234W,YHR073W,0,-2.9251666,0.05807814002037048,0.156695157289505,0.2541310489177704
YNL130C,YNL126W,0,-2.9255624,0.05801687762141228,0.156695157289505,0.25441595911979675
YER028C,YBR267W,0,-2.927237,0.05795574188232422,0.156695157289505,0.2547008693218231
YKR061W,YDR527W,0,-2.9300432,0.057894736528396606,0.156695157289505,0.2549857497215271
YLR117C,YHR196W,0,-2.9301963,0.05783385783433914,0.156695157289505,0.25527065992355347
YDR322C-A,YJL157C,0,-2.932715,0.05777310952544212,0.156695157289505,0.25555557012557983
YJL191W,YBL009W,0,-2.9335613,0.05771248787641525,0.156695157289505,0.2558404505252838
YML091C,YBR135W,0,-2.9335897,0.05765199288725853,0.156695157289505,0.2561253607273102
YDR120C,YLR214W,0,-2.9343212,0.057591624557971954,0.156695157289505,0.25641027092933655
YNL267W,YEL065W,0,-2.935553,0.05753137916326523,0.156695157289505,0.2566951513290405
YIL154C,YJL194W,0,-2.9356246,0.05747126415371895,0.156695157289505,0.2569800615310669
YGR089W,YPR046W,1,-2.9359803,0.05845511332154274,0.15954415500164032,0.2569800615310669
YLR310C,YCR010C,0,-2.9378948,0.058394160121679306,0.15954415500164032,0.25726497173309326
YDR118W,YPR135W,1,-2.9379802,0.05937499925494194,0.16239316761493683,0.25726497173309326
YBL030C,YIL159W,0,-2.9381804,0.05931321531534195,0.16239316761493683,0.25754985213279724
YJL048C,YMR287C,0,-2.9384882,0.059251558035612106,0.16239316761493683,0.2578347623348236
YPR049C,YNL130C,0,-2.939112,0.05919003114104271,0.16239316761493683,0.25811967253685
YPR016C,YMR168C,0,-2.9397542,0.05912863090634346,0.16239316761493683,0.25840455293655396
YPL192C,YHR016C,0,-2.9399242,0.05906735733151436,0.16239316761493683,0.2586894631385803
YDR501W,YDL052C,0,-2.941292,0.059006210416555405,0.16239316761493683,0.2589743733406067
YOR156C,YNL299W,1,-2.943601,0.05997931584715843,0.16524216532707214,0.2589743733406067
YOR330C,YER015W,0,-2.944251,0.05991735681891441,0.16524216532707214,0.25925925374031067
YNL299W,YNL172W,1,-2.9443512,0.06088751181960106,0.16809116303920746,0.25925925374031067
YLR263W,YDR106W,0,-2.9446433,0.060824740678071976,0.16809116303920746,0.25954416394233704
YLR216C,YCR010C,0,-2.9446774,0.06076209992170334,0.16809116303920746,0.2598290741443634
YER106W,YGR089W,1,-2.9447227,0.06172839552164078,0.17094017565250397,0.2598290741443634
YKL008C,YMR287C,0,-2.944727,0.06166495382785797,0.17094017565250397,0.2601139545440674
YHR012W,YBR065C,0,-2.9472196,0.06160164251923561,0.17094017565250397,0.26039886474609375
YGR059W,YMR239C,0,-2.9478927,0.0615384615957737,0.17094017565250397,0.2606837749481201
YNR052C,YML060W,0,-2.949378,0.06147541105747223,0.17094017565250397,0.2609686553478241
YDR146C,YPL087W,0,-2.9495578,0.06141248717904091,0.17094017565250397,0.26125356554985046
YNL307C,YGR089W,1,-2.9498062,0.06237218901515007,0.17378917336463928,0.26125356554985046
YHR082C,YLR032W,0,-2.9505496,0.062308479100465775,0.17378917336463928,0.26153847575187683
YMR227C,YCR010C,0,-2.950831,0.062244899570941925,0.17378917336463928,0.2618233561515808
YOL077W-A,YDR392W,0,-2.9510953,0.06218144670128822,0.17378917336463928,0.2621082663536072
YGR159C,YNL139C,0,-2.9518566,0.062118127942085266,0.17378917336463928,0.26239317655563354
YDR146C,YBL025W,0,-2.9526253,0.06205493211746216,0.17378917336463928,0.2626780569553375
YNL139C,YMR173W,0,-2.9529161,0.061991870403289795,0.17378917336463928,0.2629629671573639
YLR248W,YDL170W,0,-2.9540572,0.06192893534898758,0.17378917336463928,0.26324787735939026
YHR138C,YAL059W,0,-2.9541283,0.06186612695455551,0.17378917336463928,0.26353275775909424
YBR015C,YJR053W,0,-2.9541588,0.06180344521999359,0.17378917336463928,0.2638176679611206
YIL139C,YLR319C,0,-2.9543867,0.06174089014530182,0.17378917336463928,0.264102578163147
YPR046W,YOR073W,1,-2.9554503,0.06268958747386932,0.1766381710767746,0.264102578163147
YIL147C,YGR225W,0,-2.9555364,0.06262626498937607,0.1766381710767746,0.26438745856285095
YMR287C,YPR191W,0,-2.955852,0.06256306916475296,0.1766381710767746,0.2646723687648773
YKL126W,YGR059W,0,-2.9566407,0.0625,0.1766381710767746,0.2649572789669037
YCR093W,YDR490C,0,-2.9573364,0.062437061220407486,0.1766381710767746,0.26524215936660767
YGL089C,YLR115W,0,-2.958849,0.06237424537539482,0.1766381710767746,0.26552706956863403
YNL186W,YLR376C,0,-2.959028,0.062311556190252304,0.1766381710767746,0.2658119797706604
YHR012W,YHR066W,0,-2.9593003,0.06224899739027023,0.1766381710767746,0.2660968601703644
YBL025W,YFL031W,0,-2.9596071,0.06218656152486801,0.1766381710767746,0.26638177037239075
YLR116W,YDR501W,0,-2.959727,0.06212424859404564,0.1766381710767746,0.2666666805744171
YHR165C,YLR337C,0,-2.9604392,0.062062062323093414,0.1766381710767746,0.2669515609741211
YKR101W,YML019W,0,-2.9605393,0.06199999898672104,0.1766381710767746,0.26723647117614746
YKL053C-A,YER053C,0,-2.9610844,0.06193806231021881,0.1766381710767746,0.26752138137817383
YDR106W,YOL045W,0,-2.961188,0.06187624856829643,0.1766381710767746,0.2678062617778778
YKL178C,YIL106W,0,-2.961308,0.0618145577609539,0.1766381710767746,0.2680911719799042
YOL156W,YHR042W,0,-2.961525,0.06175298988819122,0.1766381710767746,0.26837608218193054
YDL024C,YGL127C,0,-2.962304,0.061691541224718094,0.1766381710767746,0.2686609625816345
YPL140C,YBL009W,0,-2.9627917,0.06163021922111511,0.1766381710767746,0.2689458727836609
YKL166C,YGR247W,0,-2.9633646,0.06156901642680168,0.1766381710767746,0.26923078298568726
YKL148C,YGL053W,0,-2.9643502,0.0615079365670681,0.1766381710767746,0.26951566338539124
YPR201W,YBR118W,0,-2.9658344,0.06144697591662407,0.1766381710767746,0.2698005735874176
YMR023C,YHR196W,0,-2.9658518,0.06138613820075989,0.1766381710767746,0.27008548378944397
YBL030C,YPR049C,0,-2.9661808,0.06132541969418526,0.1766381710767746,0.27037036418914795
YNL021W,YDL188C,0,-2.9671993,0.06126482039690018,0.1766381710767746,0.2706552743911743
YER120W,YER053C,0,-2.9676208,0.061204344034194946,0.1766381710767746,0.2709401845932007
YMR287C,YML060W,0,-2.968286,0.06114398315548897,0.1766381710767746,0.27122506499290466
YNL130C,YER015W,0,-2.9686522,0.06108374521136284,0.1766381710767746,0.27150997519493103
YNL313C,YNL182C,0,-2.9687889,0.06102362275123596,0.1766381710767746,0.2717948853969574
YDL007W,YIL159W,0,-2.9690862,0.060963619500398636,0.1766381710767746,0.2720797657966614
YIL034C,YCR010C,0,-2.969203,0.06090373173356056,0.1766381710767746,0.27236467599868774
YLR320W,YNL106C,0,-2.9693437,0.06084396317601204,0.1766381710767746,0.2726495862007141
YOR330C,YDR106W,0,-2.9703193,0.06078431382775307,0.1766381710767746,0.2729344666004181
YEL032W,YDL097C,0,-2.971438,0.06072477996349335,0.1766381710767746,0.27321937680244446
YMR138W,YDR527W,0,-2.9715004,0.06066536158323288,0.1766381710767746,0.2735042870044708
YMR179W,YDL170W,0,-2.9722004,0.06060606241226196,0.1766381710767746,0.2737891674041748
YJL012C,YBR065C,0,-2.9723778,0.060546875,0.1766381710767746,0.27407407760620117
YFR040W,YHR001W-A,0,-2.9740365,0.06048780307173729,0.1766381710767746,0.27435898780822754
YOR168W,YIL031W,0,-2.9744945,0.06042885035276413,0.1766381710767746,0.2746438682079315
YKR042W,YJR031C,0,-2.9748378,0.060370009392499924,0.1766381710767746,0.2749287784099579
YDR490C,YNL036W,0,-2.9748816,0.06031128391623497,0.1766381710767746,0.27521368861198425
YPR041W,YCR028C-A,0,-2.9750948,0.06025267392396927,0.1766381710767746,0.27549856901168823
YDL022W,YGL044C,0,-2.977282,0.06019417569041252,0.1766381710767746,0.2757834792137146
YNL130C,YMR068W,0,-2.977397,0.06013578921556473,0.1766381710767746,0.27606838941574097
YIL139C,YLL003W,0,-2.9784422,0.060077518224716187,0.1766381710767746,0.27635326981544495
YHR031C,YPR113W,0,-2.9785318,0.0600193627178669,0.1766381710767746,0.2766381800174713
YLR430W,YDR059C,0,-2.9790213,0.059961315244436264,0.1766381710767746,0.2769230902194977
YNL173C,YHL006C,0,-2.979059,0.05990338325500488,0.1766381710767746,0.27720797061920166
YDR216W,YPR181C,0,-2.9790685,0.05984555929899216,0.1766381710767746,0.277492880821228
YIL132C,YJL080C,1,-2.9797695,0.06075216829776764,0.1794871836900711,0.277492880821228
YMR172W,YGR214W,0,-2.980903,0.060693640261888504,0.1794871836900711,0.2777777910232544
YLR092W,YHR001W-A,0,-2.9809575,0.06063522771000862,0.1794871836900711,0.2780626714229584
YDR075W,YHR174W,0,-2.9812622,0.060576923191547394,0.1794871836900711,0.27834758162498474
YMR172W,YER126C,0,-2.981512,0.06051873043179512,0.1794871836900711,0.2786324918270111
YDR121W,YGR059W,0,-2.9815776,0.0604606531560421,0.1794871836900711,0.2789173722267151
YGL175C,YBL020W,0,-2.9818127,0.06040268391370773,0.1794871836900711,0.27920228242874146
YDR449C,YMR125W,0,-2.9823127,0.06034482643008232,0.1794871836900711,0.2794871926307678
YER106W,YOR156C,1,-2.982482,0.061244018375873566,0.18233618140220642,0.2794871926307678
YGR247W,YCR010C,0,-2.9831185,0.06118546798825264,0.18233618140220642,0.2797720730304718
YMR015C,YDR490C,0,-2.983271,0.06112702935934067,0.18233618140220642,0.28005698323249817
YBR015C,YFL021W,0,-2.9841595,0.06106870248913765,0.18233618140220642,0.28034189343452454
YMR059W,YOR100C,0,-2.9853306,0.061010487377643585,0.18233618140220642,0.2806267738342285
YNL135C,YCR010C,0,-2.9858346,0.060952380299568176,0.18233618140220642,0.2809116840362549
YGR239C,YPL211W,0,-2.986258,0.06089438498020172,0.18233618140220642,0.28119659423828125
YDR085C,YEL024W,0,-2.9863384,0.06083650141954422,0.18233618140220642,0.28148147463798523
YBR267W,YNL099C,0,-2.986415,0.060778725892305374,0.18233618140220642,0.2817663848400116
YBL103C,YPL087W,0,-2.9869475,0.06072106212377548,0.18233618140220642,0.28205129504203796
YKR079C,YIL147C,0,-2.9870906,0.060663506388664246,0.18233618140220642,0.28233617544174194
YDR393W,YGR183C,0,-2.9891956,0.06060606241226196,0.18233618140220642,0.2826210856437683
YBR118W,YNL111C,0,-2.9893773,0.06054872274398804,0.18233618140220642,0.2829059958457947
YHL022C,YOL011W,0,-2.9895148,0.060491494834423065,0.18233618140220642,0.28319087624549866
YKL081W,YHR205W,0,-2.9898038,0.06043437123298645,0.18233618140220642,0.283475786447525
YDR393W,YKL188C,0,-2.9912498,0.06037735939025879,0.18233618140220642,0.2837606966495514
YHL006C,YCR092C,0,-2.9914565,0.060320451855659485,0.18233618140220642,0.28404557704925537
YGL194C,YNL107W,0,-2.9918828,0.060263652354478836,0.18233618140220642,0.28433048725128174
YKL140W,YIL031W,0,-2.9919658,0.06020696088671684,0.18233618140220642,0.2846153974533081
YGL158W,YJL005W,0,-2.992055,0.060150377452373505,0.18233618140220642,0.2849002778530121
YDR322C-A,YGL158W,0,-2.992741,0.060093898326158524,0.18233618140220642,0.28518518805503845
YDR085C,YBR276C,0,-2.9928865,0.0600375235080719,0.18233618140220642,0.2854700982570648
YPL194W,YOL028C,0,-2.9936874,0.05998125672340393,0.18233618140220642,0.2857549786567688
YBR250W,YPL131W,0,-2.9938498,0.05992509424686432,0.18233618140220642,0.28603988885879517
YMR138W,YGR188C,0,-2.9940495,0.059869036078453064,0.18233618140220642,0.28632479906082153
YBR112C,YDR213W,0,-2.9944634,0.059813085943460464,0.18233618140220642,0.2866096794605255
YDL223C,YNR008W,0,-2.9947553,0.05975723639130592,0.18233618140220642,0.2868945896625519
YNL307C,YOR073W,1,-2.9948835,0.06063432991504669,0.18518517911434174,0.2868945896625519
YPL046C,YLR324W,0,-2.995078,0.06057782098650932,0.18518517911434174,0.28717949986457825
YHR129C,YHR165C,0,-2.9967663,0.06052141636610031,0.18518517911434174,0.2874643802642822
YBL103C,YER053C,0,-2.9968138,0.060465116053819656,0.18518517911434174,0.2877492904663086
YDR359C,YMR015C,0,-2.9968896,0.06040892377495766,0.18518517911434174,0.28803420066833496
YER123W,YCR010C,0,-2.9983327,0.060352832078933716,0.18518517911434174,0.28831908106803894
YKR101W,YDL150W,0,-2.9984004,0.06029684469103813,0.18518517911434174,0.2886039912700653
YBR182C,YOR377W,0,-2.9999783,0.0602409653365612,0.18518517911434174,0.2888889014720917
YAL017W,YER015W,0,-3.0002213,0.06018518656492233,0.18518517911434174,0.28917378187179565
YDR178W,YGR056W,0,-3.0009253,0.06012950837612152,0.18518517911434174,0.289458692073822
YOL158C,YDR448W,0,-3.0011177,0.060073938220739365,0.18518517911434174,0.2897436022758484
YHR152W,YPR164W,0,-3.0016384,0.06001846864819527,0.18518517911434174,0.29002848267555237
YPL262W,YGL194C,0,-3.0023746,0.05996309965848923,0.18518517911434174,0.29031339287757874
YKL049C,YGR089W,1,-3.0024457,0.06082949414849281,0.18803419172763824,0.29031339287757874
YML091C,YDL097C,0,-3.0040498,0.06077348068356514,0.18803419172763824,0.2905983030796051
YDR231C,YER062C,0,-3.0042872,0.06071757152676582,0.18803419172763824,0.2908831834793091
YPR135W,YJL080C,1,-3.0044124,0.06158088147640228,0.19088318943977356,0.2908831834793091
YHR016C,YOR058C,0,-3.0048058,0.06152433529496193,0.19088318943977356,0.29116809368133545
YMR241W,YOR295W,0,-3.0057516,0.061467889696359634,0.19088318943977356,0.2914530038833618
YHR031C,YKL166C,0,-3.0062013,0.061411548405885696,0.19088318943977356,0.2917378842830658
YDR527W,YPL161C,0,-3.0065904,0.061355311423540115,0.19088318943977356,0.29202279448509216
YGL246C,YCR092C,0,-3.0069544,0.06129917502403259,0.19088318943977356,0.29230770468711853
YPR075C,YPL231W,0,-3.0084298,0.06124314293265343,0.19088318943977356,0.2925925850868225
YPL256C,YNL088W,0,-3.0098732,0.06118721514940262,0.19088318943977356,0.2928774952888489
YDR289C,YPL196W,0,-3.010199,0.06113138794898987,0.19088318943977356,0.29316240549087524
YLR115W,YDR106W,0,-3.010973,0.061075661331415176,0.19088318943977356,0.2934472858905792
YDR432W,YLR430W,0,-3.0110211,0.06102003529667854,0.19088318943977356,0.2937321960926056
YDR503C,YOL097C,0,-3.0123258,0.06096451357007027,0.19088318943977356,0.29401710629463196
YOL158C,YNL267W,0,-3.0130649,0.06090909242630005,0.19088318943977356,0.29430198669433594
YMR268C,YDR479C,0,-3.0137663,0.06085376814007759,0.19088318943977356,0.2945868968963623
YKL125W,YJL012C,0,-3.0151048,0.06079854816198349,0.19088318943977356,0.29487180709838867
YIL139C,YCR081W,0,-3.016295,0.06074342876672745,0.19088318943977356,0.29515668749809265
YBL035C,YNL111C,0,-3.017434,0.060688406229019165,0.19088318943977356,0.295441597700119
YDR393W,YOR295W,0,-3.0199158,0.06063348427414894,0.19088318943977356,0.2957265079021454
YGL233W,YDR075W,0,-3.0203638,0.060578662902116776,0.19088318943977356,0.29601138830184937
YAL059W,YNL214W,0,-3.0213027,0.06052393838763237,0.19088318943977356,0.29629629850387573
YEL042W,YCL004W,0,-3.0216656,0.06046931445598602,0.19088318943977356,0.2965812087059021
YOL077W-A,YDR163W,0,-3.0217414,0.060414787381887436,0.19088318943977356,0.2968660891056061
YBL035C,YOR334W,0,-3.021769,0.06036036089062691,0.19088318943977356,0.29715099930763245
YNL121C,YDL130W-A,0,-3.022213,0.06030603125691414,0.19088318943977356,0.2974359095096588
YDR385W,YOR127W,0,-3.0224779,0.06025179848074913,0.19088318943977356,0.2977207899093628
YIL031W,YGR128C,0,-3.0226007,0.06019766256213188,0.19088318943977356,0.29800570011138916
YKL049C,YNL299W,1,-3.0230403,0.06104129180312157,0.19373218715190887,0.29800570011138916
YER088C,YGR239C,0,-3.0241208,0.06098654866218567,0.19373218715190887,0.2982906103134155
YGL178W,YJL012C,0,-3.0241897,0.06093189865350723,0.19373218715190887,0.2985754907131195
YIR009W,YDL170W,0,-3.0249498,0.060877349227666855,0.19373218715190887,0.2988604009151459
YLR263W,YCL052C,0,-3.0250158,0.06082289665937424,0.19373218715190887,0.29914531111717224
YGL003C,YNL172W,1,-3.02663,0.06166219711303711,0.19658119976520538,0.29914531111717224
YJR108W,YDR263C,0,-3.0279815,0.06160714104771614,0.19658119976520538,0.2994301915168762
YOR341W,YOR039W,0,-3.0286853,0.06155218556523323,0.19658119976520538,0.2997151017189026
YDL017W,YKR101W,0,-3.0287871,0.06149732694029808,0.19658119976520538,0.30000001192092896
YBL035C,YGR094W,0,-3.0298727,0.06144256517291069,0.19658119976520538,0.30028489232063293
YOR132W,YER015W,0,-3.0313783,0.06138790026307106,0.19658119976520538,0.3005698025226593
YPR005C,YDR235W,0,-3.032956,0.06133333221077919,0.19658119976520538,0.30085471272468567
YER106W,YGL003C,1,-3.0329833,0.0621669627726078,0.1994301974773407,0.30085471272468567
YGR247W,YBR079C,0,-3.0334544,0.06211180239915848,0.1994301974773407,0.30113959312438965
YDR118W,YMR117C,1,-3.0338295,0.06294326484203339,0.202279195189476,0.30113959312438965
YMR068W,YNL186W,0,-3.0338407,0.0628875121474266,0.202279195189476,0.301424503326416
YDL003W,YMR117C,1,-3.0339327,0.0637168139219284,0.20512820780277252,0.301424503326416
YGL122C,YOL016C,0,-3.0346956,0.06366048008203506,0.20512820780277252,0.3017094135284424
YNL299W,YPL253C,1,-3.0352871,0.06448763608932495,0.20797720551490784,0.3017094135284424
YNL186W,YMR250W,0,-3.0353599,0.06443071365356445,0.20797720551490784,0.30199429392814636
YDR385W,YPR024W,0,-3.035542,0.06437389552593231,0.20797720551490784,0.30227920413017273
YGR202C,YGL089C,0,-3.0370302,0.06431718170642853,0.20797720551490784,0.3025641143321991
YNL207W,YGR006W,0,-3.0378804,0.0642605647444725,0.20797720551490784,0.3028489947319031
YPL174C,YOL156W,0,-3.0385964,0.06420404464006424,0.20797720551490784,0.30313390493392944
YCR091W,YDL200C,0,-3.0397422,0.06414762884378433,0.20797720551490784,0.3034188151359558
YNL093W,YBR098W,0,-3.0404549,0.06409130990505219,0.20797720551490784,0.3037036955356598
YPR135W,YGR089W,1,-3.0416932,0.06491228193044662,0.21082621812820435,0.3037036955356598
YEL054C,YML015C,0,-3.0429752,0.06485538929700851,0.21082621812820435,0.30398860573768616
YHR164C,YGR077C,0,-3.0433183,0.06479860097169876,0.21082621812820435,0.3042735159397125
YHR129C,YBR155W,0,-3.0434499,0.06474190950393677,0.21082621812820435,0.3045583963394165
YPL174C,YHR069C,0,-3.0434518,0.06468531489372253,0.21082621812820435,0.30484330654144287
YKR061W,YOR034C,0,-3.0441546,0.06462882459163666,0.21082621812820435,0.30512821674346924
YOR157C,YLR221C,0,-3.0442064,0.06457242369651794,0.21082621812820435,0.3054130971431732
YNL007C,YNL232W,0,-3.0452876,0.06451612710952759,0.21082621812820435,0.3056980073451996
YKL125W,YFL002C,0,-3.046433,0.06445992738008499,0.21082621812820435,0.30598291754722595
YMR117C,YNL172W,1,-3.0476375,0.06527414917945862,0.21367521584033966,0.30598291754722595
YFR028C,YIL002C,0,-3.048128,0.06521739065647125,0.21367521584033966,0.30626779794692993
YPL132W,YBR273C,0,-3.048244,0.06516072899103165,0.21367521584033966,0.3065527081489563
YDL017W,YDL170W,0,-3.0484724,0.0651041641831398,0.21367521584033966,0.30683761835098267
YJL090C,YHR042W,0,-3.049191,0.06504770368337631,0.21367521584033966,0.30712249875068665
YPR034W,YPL132W,0,-3.0492792,0.06499133259057999,0.21367521584033966,0.307407408952713
YLR192C,YDR263C,0,-3.0495083,0.06493506580591202,0.21367521584033966,0.3076923191547394
YOR127W,YDL150W,0,-3.0506048,0.06487889587879181,0.21367521584033966,0.30797719955444336
YIL139C,YPL194W,0,-3.0512943,0.06482281535863876,0.21367521584033966,0.3082621097564697
YNL182C,YLR043C,0,-3.0516407,0.06476683914661407,0.21367521584033966,0.3085470199584961
YDR264C,YOL021C,0,-3.052159,0.06471095979213715,0.21367521584033966,0.3088319003582001
YCR089W,YHR165C,0,-3.05301,0.06465516984462738,0.21367521584033966,0.30911681056022644
YPL196W,YGR112W,0,-3.053802,0.06459948420524597,0.21367521584033966,0.3094017207622528
YPR005C,YNL036W,0,-3.0539508,0.06454388797283173,0.21367521584033966,0.3096866011619568
YBR084W,YCL033C,0,-3.0542493,0.06448838859796524,0.21367521584033966,0.30997151136398315
YNL111C,YPL178W,0,-3.0542665,0.06443298608064651,0.21367521584033966,0.3102564215660095
YGR218W,YOL023W,0,-3.054492,0.06437768042087555,0.21367521584033966,0.3105413019657135
YGR089W,YMR117C,1,-3.0546737,0.06518010050058365,0.21652421355247498,0.3105413019657135
YIL139C,YOR308C,0,-3.0560436,0.06512425094842911,0.21652421355247498,0.31082621216773987
YDR384C,YGR056W,0,-3.0564747,0.06506849080324173,0.21652421355247498,0.31111112236976624
YJL090C,YML008C,0,-3.0570414,0.06501283496618271,0.21652421355247498,0.3113960027694702
YHR019C,YNL218W,0,-3.057567,0.06495726853609085,0.21652421355247498,0.3116809129714966
YPL131W,YLR055C,0,-3.057846,0.06490179151296616,0.21652421355247498,0.31196582317352295
YAL054C,YGR156W,0,-3.058075,0.06484641879796982,0.21652421355247498,0.31225070357322693
YDR394W,YBR182C,0,-3.0593433,0.06479113548994064,0.21652421355247498,0.3125356137752533
YMR172W,YPR101W,0,-3.0595956,0.06473594903945923,0.21652421355247498,0.31282052397727966
YOR156C,YNL172W,1,-3.0601354,0.06553191691637039,0.21937322616577148,0.31282052397727966
YDR088C,YBR160W,0,-3.0607157,0.065476194024086,0.21937322616577148,0.31310540437698364
YBR084W,YBR135W,0,-3.0615218,0.06542056053876877,0.21937322616577148,0.31339031457901
YMR235C,YOR308C,0,-3.0623183,0.0653650239109993,0.21937322616577148,0.3136752247810364
YDR182W,YDL170W,0,-3.0626392,0.06530958414077759,0.21937322616577148,0.31396010518074036
YOR148C,YDR244W,0,-3.062715,0.06525423377752304,0.21937322616577148,0.3142450153827667
YOL097C,YBR098W,0,-3.0628386,0.06519898027181625,0.21937322616577148,0.3145299255847931
YOR204W,YIL159W,0,-3.0629814,0.06514382362365723,0.21937322616577148,0.31481480598449707
YIL159W,YOR272W,0,-3.0633488,0.06508875638246536,0.21937322616577148,0.31509971618652344
YKR061W,YGR239C,0,-3.0635622,0.06503378599882126,0.21937322616577148,0.3153846263885498
YJL194W,YFL021W,0,-3.0636396,0.06497890502214432,0.21937322616577148,0.3156695067882538
YLR138W,YKL188C,0,-3.0637333,0.06492411345243454,0.21937322616577148,0.31595441699028015
YDR146C,YOL023W,0,-3.0643775,0.06486941874027252,0.21937322616577148,0.3162393271923065
YMR059W,YKL007W,0,-3.0645556,0.06481481343507767,0.21937322616577148,0.3165242075920105
YDR280W,YBR160W,0,-3.0646892,0.06476030498743057,0.21937322616577148,0.31680911779403687
YGL003C,YPR046W,1,-3.0659428,0.06554622203111649,0.2222222238779068,0.31680911779403687
YPR042C,YDR235W,0,-3.065989,0.06549118459224701,0.2222222238779068,0.31709402799606323
YIL139C,YHR067W,0,-3.0665238,0.06543624401092529,0.2222222238779068,0.3173789083957672
YCL025C,YAL017W,0,-3.066536,0.06538139283657074,0.2222222238779068,0.3176638185977936
YDR118W,YNL299W,1,-3.0667572,0.06616415083408356,0.22507122159004211,0.3176638185977936
YDR039C,YPL075W,0,-3.067552,0.06610878556966782,0.22507122159004211,0.31794872879981995
YPR094W,YDR297W,0,-3.0690737,0.06605350971221924,0.22507122159004211,0.3182336091995239
YDL007W,YDR235W,0,-3.0699093,0.06599833071231842,0.22507122159004211,0.3185185194015503
YMR273C,YPR042C,0,-3.0703013,0.06594324111938477,0.22507122159004211,0.31880342960357666
YER109C,YBR114W,0,-3.0709434,0.06588824093341827,0.22507122159004211,0.31908831000328064
YOL156W,YDR079C-A,0,-3.0710475,0.06583333015441895,0.22507122159004211,0.319373220205307
YER088C,YJL033W,0,-3.071538,0.06577851623296738,0.22507122159004211,0.3196581304073334
YJL194W,YLR043C,0,-3.0716085,0.06572379171848297,0.22507122159004211,0.31994301080703735
YBL046W,YDR039C,0,-3.0717983,0.06566916406154633,0.22507122159004211,0.3202279210090637
YPL174C,YKR061W,0,-3.0720282,0.06561461836099625,0.22507122159004211,0.3205128312110901
YBL046W,YKL081W,0,-3.072694,0.06556016951799393,0.22507122159004211,0.32079771161079407
YGR059W,YBR135W,0,-3.0734112,0.06550580263137817,0.22507122159004211,0.32108262181282043
YIL132C,YPR046W,1,-3.0734372,0.06628002971410751,0.22792023420333862,0.32108262181282043
YDL003W,YAL031C,1,-3.0736232,0.06705298274755478,0.23076923191547394,0.32108262181282043
YDL044C,YLR384C,0,-3.0740757,0.06699752062559128,0.23076923191547394,0.3213675320148468
YHR020W,YDR479C,0,-3.074431,0.06694214791059494,0.23076923191547394,0.3216524124145508
YFL011W,YGR188C,0,-3.0745146,0.06688687205314636,0.23076923191547394,0.32193732261657715
YNL068C,YNL007C,0,-3.0745885,0.06683168560266495,0.23076923191547394,0.3222222328186035
YGL122C,YNL106C,0,-3.0762563,0.0667765885591507,0.23076923191547394,0.3225071132183075
YLL034C,YOL023W,0,-3.076953,0.06672158092260361,0.23076923191547394,0.32279202342033386
YOL124C,YPR052C,0,-3.0771325,0.06666667014360428,0.23076923191547394,0.32307693362236023
YNL048W,YGR094W,0,-3.0774355,0.06661184132099152,0.23076923191547394,0.3233618140220642
YHL007C,YLR337C,0,-3.0782142,0.06655710935592651,0.23076923191547394,0.3236467242240906
YBR084W,YBR009C,0,-3.0787716,0.06650245934724808,0.23076923191547394,0.32393163442611694
YPL217C,YNL091W,0,-3.078836,0.0664479061961174,0.23076923191547394,0.3242165148258209
YNL021W,YKL008C,0,-3.0789728,0.06639344245195389,0.23076923191547394,0.3245014250278473
YLR320W,YDR216W,0,-3.0791047,0.06633906811475754,0.23076923191547394,0.32478633522987366
YPR186C,YML036W,0,-3.0796742,0.06628477573394775,0.23076923191547394,0.32507121562957764
YBR170C,YKL053C-A,0,-3.0806084,0.06623058021068573,0.23076923191547394,0.325356125831604
YJL194W,YKL125W,0,-3.081626,0.06617647409439087,0.23076923191547394,0.32564103603363037
YBR244W,YDL223C,0,-3.0821266,0.06612244993448257,0.23076923191547394,0.32592591643333435
YKL049C,YJL080C,1,-3.082908,0.06688417494297028,0.23361822962760925,0.32592591643333435
YOL156W,YMR125W,0,-3.0830522,0.06682966649532318,0.23361822962760925,0.3262108266353607
YKR035W-A,YPL231W,0,-3.0844073,0.06677524745464325,0.23361822962760925,0.3264957368373871
YIL017C,YOR377W,0,-3.0844717,0.06672091037034988,0.23361822962760925,0.32678061723709106
YGR170W,YOR100C,0,-3.0845413,0.06666667014360428,0.23361822962760925,0.32706552743911743
YDR194C,YER001W,0,-3.0853329,0.06661251187324524,0.23361822962760925,0.3273504376411438
YDR213W,YIL159W,0,-3.0853457,0.06655844300985336,0.23361822962760925,0.3276353180408478
YJL183W,YGL071W,0,-3.0854168,0.06650446355342865,0.23361822962760925,0.32792022824287415
YLR310C,YIL159W,0,-3.085545,0.0664505660533905,0.23361822962760925,0.3282051384449005
YHR016C,YNL214W,0,-3.0857508,0.06639675796031952,0.23361822962760925,0.3284900188446045
YLR382C,YGL053W,0,-3.0862303,0.0663430392742157,0.23361822962760925,0.32877492904663086
YPR049C,YGL246C,0,-3.086818,0.06628940999507904,0.23361822962760925,0.3290598392486572
YDR436W,YPR164W,0,-3.0868857,0.06623586267232895,0.23361822962760925,0.3293447196483612
YPR049C,YHR008C,0,-3.0875897,0.06618240475654602,0.23361822962760925,0.3296296298503876
YDR213W,YER173W,0,-3.088012,0.06612902879714966,0.23361822962760925,0.32991454005241394
YLR276C,YIL002C,0,-3.089919,0.06607574224472046,0.23361822962760925,0.3301994204521179
YNL068C,YBL025W,0,-3.0901399,0.06602254509925842,0.23361822962760925,0.3304843306541443
YLR103C,YDL132W,0,-3.0902593,0.06596942991018295,0.23361822962760925,0.33076924085617065
YPL256C,YLR276C,0,-3.0909243,0.06591639667749405,0.23361822962760925,0.33105412125587463
YDR432W,YDR182W,0,-3.0915256,0.06586345285177231,0.23361822962760925,0.331339031457901
YKR085C,YPR186C,0,-3.0919716,0.06581059098243713,0.23361822962760925,0.33162394165992737
YGL246C,YOR334W,0,-3.0923738,0.06575781852006912,0.23361822962760925,0.33190882205963135
YBR010W,YPR186C,0,-3.092935,0.06570512801408768,0.23361822962760925,0.3321937322616577
YLR221C,YOR144C,0,-3.0929825,0.0656525194644928,0.23361822962760925,0.3324786424636841
YML011C,YBR135W,0,-3.0930414,0.06560000032186508,0.23361822962760925,0.33276352286338806
YDR264C,YOR004W,0,-3.094565,0.06554756313562393,0.23361822962760925,0.33304843306541443
YDL003W,YPR046W,1,-3.0946665,0.06629393249750137,0.23646724224090576,0.33304843306541443
YHL007C,YDR297W,0,-3.0947337,0.06624101847410202,0.23646724224090576,0.3333333432674408
YPR005C,YBR009C,0,-3.0948462,0.06618820130825043,0.23646724224090576,0.3336182236671448
YOL051W,YMR173W,0,-3.0948746,0.0661354586482048,0.23646724224090576,0.33390313386917114
YKL058W,YIL159W,0,-3.0959458,0.06608280539512634,0.23646724224090576,0.3341880440711975
YBR009C,YBR276C,0,-3.0963838,0.06603023409843445,0.23646724224090576,0.3344729244709015
YDR436W,YNL130C,0,-3.0966797,0.06597774475812912,0.23646724224090576,0.33475783467292786
YDR106W,YNL298W,0,-3.0972161,0.06592533737421036,0.23646724224090576,0.3350427448749542
YLR263W,YDL004W,0,-3.0972404,0.06587301939725876,0.23646724224090576,0.3353276252746582
YDL003W,YPL233W,1,-3.0975225,0.06661380082368851,0.23931623995304108,0.3353276252746582
YER169W,YOR116C,0,-3.09906,0.0665610134601593,0.23931623995304108,0.33561253547668457
YGR159C,YLR216C,0,-3.099493,0.06650831550359726,0.23931623995304108,0.33589744567871094
YOL011W,YJR031C,0,-3.0999856,0.06645569950342178,0.23931623995304108,0.3361823260784149
YJL074C,YNL299W,1,-3.1000285,0.06719367951154709,0.2421652376651764,0.3361823260784149
YLR116W,YLR100W,0,-3.100349,0.0671406015753746,0.2421652376651764,0.3364672362804413
YKL049C,YIR025W,1,-3.1011777,0.06787687540054321,0.2450142502784729,0.3364672362804413
YMR080C,YDL105W,0,-3.1013644,0.06782334297895432,0.2450142502784729,0.33675214648246765
YGL053W,YLR368W,0,-3.1014738,0.06776989996433258,0.2450142502784729,0.33703702688217163
YPR135W,YAL031C,1,-3.1018646,0.06850393861532211,0.24786324799060822,0.33703702688217163
YPL217C,YDL020C,0,-3.102024,0.06845004111528397,0.24786324799060822,0.337321937084198
YDR211W,YLR234W,0,-3.1022182,0.06839622557163239,0.24786324799060822,0.33760684728622437
YPL160W,YIR033W,0,-3.1025832,0.06834249943494797,0.24786324799060822,0.33789172768592834
YPR008W,YER062C,0,-3.103356,0.06828885525465012,0.24786324799060822,0.3381766378879547
YGR123C,YGL133W,0,-3.10525,0.06823529303073883,0.24786324799060822,0.3384615480899811
YCR093W,YER015W,0,-3.1063924,0.06818182021379471,0.24786324799060822,0.33874642848968506
YGL243W,YIR026C,0,-3.1066442,0.06812842935323715,0.24786324799060822,0.3390313386917114
YPL131W,YDR235W,0,-3.1077757,0.06807512044906616,0.24786324799060822,0.3393162488937378
YGR040W,YLR092W,0,-3.1095004,0.06802189350128174,0.24786324799060822,0.3396011292934418
YOL028C,YBL009W,0,-3.1099257,0.06796874850988388,0.24786324799060822,0.33988603949546814
YOL158C,YML094W,0,-3.1102328,0.06791569292545319,0.24786324799060822,0.3401709496974945
YLR276C,YDL147W,0,-3.110523,0.06786271184682846,0.24786324799060822,0.3404558300971985
YJR143C,YBL093C,0,-3.1105292,0.0678098201751709,0.24786324799060822,0.34074074029922485
YOR298C-A,YJL012C,0,-3.1115003,0.0677570104598999,0.24786324799060822,0.3410256505012512
YNL048W,YGL158W,0,-3.1115115,0.06770428270101547,0.24786324799060822,0.3413105309009552
YPL001W,YOR272W,0,-3.1120794,0.06765162944793701,0.24786324799060822,0.34159544110298157
YKR035W-A,YOR144C,0,-3.112234,0.06759906560182571,0.24786324799060822,0.34188035130500793
YHR069C,YMR247C,0,-3.1137924,0.06754658371210098,0.24786324799060822,0.3421652317047119
YIR012W,YJL006C,0,-3.1141973,0.06749418377876282,0.24786324799060822,0.3424501419067383
YER106W,YPL253C,1,-3.115967,0.06821705400943756,0.25071224570274353,0.3424501419067383
YNL068C,YKL188C,0,-3.1160622,0.06816421449184418,0.25071224570274353,0.34273505210876465
YKL053C-A,YGL205W,0,-3.1163793,0.06811145693063736,0.25071224570274353,0.34301993250846863
YNL091W,YLR276C,0,-3.1168046,0.06805878132581711,0.25071224570274353,0.343304842710495
YDR153C,YLR337C,0,-3.1175227,0.06800618022680283,0.25071224570274353,0.34358975291252136
YMR247C,YIR012W,0,-3.1177707,0.0679536685347557,0.25071224570274353,0.34387463331222534
YFR050C,YNR072W,0,-3.1178608,0.06790123134851456,0.25071224570274353,0.3441595435142517
YJL207C,YPR042C,0,-3.1183262,0.06784888356924057,0.25071224570274353,0.3444444537162781
YPL194W,YOR204W,0,-3.1183443,0.06779661029577255,0.25071224570274353,0.34472933411598206
YBR020W,YPL153C,0,-3.1187477,0.0677444189786911,0.25071224570274353,0.3450142443180084
YDR106W,YMR227C,0,-3.1195703,0.06769230961799622,0.25071224570274353,0.3452991545200348
YGL070C,YBR182C,0,-3.1198945,0.0676402747631073,0.25071224570274353,0.34558403491973877
YNL107W,YIR033W,0,-3.119923,0.06758832931518555,0.25071224570274353,0.34586894512176514
YDR039C,YDR398W,0,-3.1207542,0.06753645092248917,0.25071224570274353,0.3461538553237915
YLR319C,YPR186C,0,-3.1210115,0.06748466193675995,0.25071224570274353,0.3464387357234955
YBR015C,YIL031W,0,-3.121538,0.0674329474568367,0.25071224570274353,0.34672364592552185
YDR503C,YGR056W,0,-3.12292,0.06738131493330002,0.25071224570274353,0.3470085561275482
YKL166C,YBR065C,0,-3.123403,0.0673297643661499,0.25071224570274353,0.3472934365272522
YMR270C,YFR053C,0,-3.1249948,0.06727828830480576,0.25071224570274353,0.34757834672927856
YCL025C,YGL194C,0,-3.1265733,0.06722689419984818,0.25071224570274353,0.34786325693130493
YOR330C,YOL090W,0,-3.1284895,0.06717557460069656,0.25071224570274353,0.3481481373310089
YJL087C,YHR031C,0,-3.1285787,0.06712432950735092,0.25071224570274353,0.3484330475330353
YML080W,YNL126W,0,-3.129197,0.06707317382097244,0.25071224570274353,0.34871795773506165
YKL053C-A,YPL001W,0,-3.1295424,0.06702208518981934,0.25071224570274353,0.3490028381347656
YER026C,YML091C,0,-3.1298738,0.0669710785150528,0.25071224570274353,0.349287748336792
YKL125W,YJR017C,0,-3.13018,0.06692015379667282,0.25071224570274353,0.34957265853881836
YAL031C,YGR089W,1,-3.1303704,0.06762918084859848,0.25356125831604004,0.34957265853881836
YDL017W,YNL207W,0,-3.1311479,0.06757783144712448,0.25356125831604004,0.34985753893852234
YBL020W,YLR092W,0,-3.1312928,0.06752655655145645,0.25356125831604004,0.3501424491405487
YDL130W-A,YLR130C,0,-3.1314511,0.06747536361217499,0.25356125831604004,0.3504273593425751
YKL125W,YPL115C,0,-3.1324146,0.0674242451786995,0.25356125831604004,0.35071223974227905
YPL167C,YOL156W,0,-3.1327858,0.06737320125102997,0.25356125831604004,0.3509971499443054
YLR430W,YBR182C,0,-3.1342661,0.06732223927974701,0.25356125831604004,0.3512820601463318
YNL147W,YER006W,0,-3.1343346,0.06727135181427002,0.25356125831604004,0.35156694054603577
YDL223C,YBL009W,0,-3.134642,0.0672205463051796,0.25356125831604004,0.35185185074806213
YJL080C,YEL061C,1,-3.1347513,0.06792452931404114,0.25641027092933655,0.35185185074806213
YER106W,YPL233W,1,-3.1347687,0.06862745434045792,0.25925925374031067,0.35185185074806213
YHR165C,YDL212W,0,-3.1363778,0.06857573240995407,0.25925925374031067,0.3521367609500885
YCR089W,YOL077W-A,0,-3.1363802,0.06852409988641739,0.25925925374031067,0.3524216413497925
YNR072W,YDL150W,0,-3.1365578,0.06847253441810608,0.25925925374031067,0.35270655155181885
YJL029C,YDR120C,0,-3.1368358,0.06842105090618134,0.25925925374031067,0.3529914617538452
YJL133W,YOL090W,0,-3.1390471,0.06836964935064316,0.25925925374031067,0.3532763421535492
YDL003W,YNL172W,1,-3.1406133,0.06906907260417938,0.2621082663536072,0.3532763421535492
YPL192C,YIL159W,0,-3.1413736,0.06901725381612778,0.2621082663536072,0.35356125235557556
YER106W,YML034W,1,-3.1414208,0.06971514225006104,0.2649572789669037,0.35356125235557556
YKL007W,YBR065C,0,-3.142651,0.0696629211306572,0.2649572789669037,0.35384616255760193
YDL223C,YDR392W,0,-3.1430712,0.06961078196763992,0.2649572789669037,0.3541310429573059
YGR112W,YER053C,0,-3.1432772,0.06955870985984802,0.2649572789669037,0.3544159531593323
YIL139C,YGL071W,0,-3.1434445,0.06950672715902328,0.2649572789669037,0.35470086336135864
YDR318W,YGR089W,1,-3.1440473,0.07020164281129837,0.2678062617778778,0.35470086336135864
YPR201W,YGR006W,0,-3.1442053,0.0701492503285408,0.2678062617778778,0.3549857437610626
YLR370C,YEL054C,0,-3.1442258,0.0700969398021698,0.2678062617778778,0.355270653963089
YOR204W,YOL023W,0,-3.145156,0.07004471123218536,0.2678062617778778,0.35555556416511536
YIR009W,YDR501W,0,-3.14569,0.0699925571680069,0.2678062617778778,0.35584044456481934
YER106W,YAL031C,1,-3.145779,0.0706845223903656,0.2706552743911743,0.35584044456481934
YDL115C,YNL232W,0,-3.145874,0.0706319734454155,0.2706552743911743,0.3561253547668457
YBL035C,YGR003W,0,-3.1461127,0.07057949155569077,0.2706552743911743,0.35641026496887207
YNL182C,YLR310C,0,-3.1472383,0.0705270990729332,0.2706552743911743,0.35669514536857605
YFR050C,YDR263C,0,-3.1476676,0.0704747810959816,0.2706552743911743,0.3569800555706024
YGR112W,YPL121C,0,-3.1480079,0.07042253762483597,0.2706552743911743,0.3572649657726288
YKL049C,YIL132C,1,-3.1487322,0.07111111283302307,0.2735042870044708,0.3572649657726288
YLR192C,YML011C,0,-3.148768,0.0710584744811058,0.2735042870044708,0.35754984617233276
YPL256C,YML129C,0,-3.1489897,0.0710059180855751,0.2735042870044708,0.35783475637435913
YGR185C,YIR033W,0,-3.1493597,0.07095343619585037,0.2735042870044708,0.3581196665763855
YNL307C,YNL273W,1,-3.1494927,0.07163958996534348,0.27635326981544495,0.3581196665763855
YGR059W,YMR168C,0,-3.1501207,0.0715867131948471,0.27635326981544495,0.3584045469760895
YPL153C,YBR135W,0,-3.1501803,0.0715339258313179,0.27635326981544495,0.35868945717811584
YOL088C,YIL031W,0,-3.1506226,0.07148120552301407,0.27635326981544495,0.3589743673801422
YDR318W,YNL299W,1,-3.1507998,0.07216494530439377,0.27920228242874146,0.3589743673801422
YPR046W,YNL299W,1,-3.1509752,0.07284767925739288,0.28205129504203796,0.3589743673801422
YFL009W,YGR188C,0,-3.1516182,0.0727941170334816,0.28205129504203796,0.3592592477798462
YDR118W,YNL172W,1,-3.1525493,0.07347538322210312,0.2849002778530121,0.3592592477798462
YGR048W,YOR004W,0,-3.1526356,0.07342144101858139,0.2849002778530121,0.35954415798187256
YDL003W,YPL137C,1,-3.1527123,0.07410124689340591,0.2877492904663086,0.35954415798187256
YIL139C,YJL183W,0,-3.1541934,0.07404691725969315,0.2877492904663086,0.3598290681838989
YDR384C,YPR101W,0,-3.1543467,0.07399267703294754,0.2877492904663086,0.3601139485836029
YHR020W,YDR216W,0,-3.1543574,0.07393850386142731,0.2877492904663086,0.3603988587856293
YPL256C,YML036W,0,-3.1544466,0.07388442009687424,0.2877492904663086,0.36068376898765564
YNL139C,YGR188C,0,-3.1555738,0.07383041083812714,0.2877492904663086,0.3609686493873596
YMR030W,YNL222W,0,-3.1557906,0.073776476085186,0.2877492904663086,0.361253559589386
YOR116C,YBL009W,0,-3.1572757,0.07372263073921204,0.2877492904663086,0.36153846979141235
YDL003W,YNL299W,1,-3.1575756,0.07439824938774109,0.2905983030796051,0.36153846979141235
YGR218W,YNL036W,0,-3.157698,0.07434402406215668,0.2905983030796051,0.36182335019111633
YGR089W,YIR025W,1,-3.1581876,0.07501820474863052,0.2934472858905792,0.36182335019111633
YDR318W,YDL003W,1,-3.158654,0.07569140940904617,0.29629629850387573,0.36182335019111633
YPL140C,YDR045C,0,-3.1595411,0.0756363645195961,0.29629629850387573,0.3621082603931427
YPL256C,YJL087C,0,-3.1596513,0.075581394135952,0.29629629850387573,0.36239317059516907
YDL003W,YIR025W,1,-3.159717,0.07625272125005722,0.29914531111717224,0.36239317059516907
YGR191W,YDR501W,0,-3.159862,0.07619738578796387,0.29914531111717224,0.36267805099487305
YCR081W,YOR239W,0,-3.159894,0.07614213228225708,0.29914531111717224,0.3629629611968994
YIL139C,YBR273C,0,-3.1598969,0.07608695328235626,0.29914531111717224,0.3632478713989258
YPR101W,YJL183W,0,-3.1605392,0.07603186368942261,0.29914531111717224,0.36353275179862976
YLR060W,YIR009W,0,-3.1613774,0.07597684860229492,0.29914531111717224,0.36381766200065613
YBL052C,YER006W,0,-3.1614475,0.0759219080209732,0.29914531111717224,0.3641025722026825
YLR319C,YKL007W,0,-3.161498,0.07586704939603806,0.29914531111717224,0.3643874526023865
YOR298C-A,YLR130C,0,-3.163405,0.07581227272748947,0.29914531111717224,0.36467236280441284
YPL137C,YOR073W,1,-3.1637237,0.07647907733917236,0.30199429392814636,0.36467236280441284
YBL052C,YDL132W,0,-3.1644292,0.07642393559217453,0.30199429392814636,0.3649572730064392
YNL222W,YBL008W,0,-3.1656704,0.07636887580156326,0.30199429392814636,0.3652421534061432
YGL175C,YOR100C,0,-3.165721,0.07631389796733856,0.30199429392814636,0.36552706360816956
YHR152W,YKL166C,0,-3.165792,0.07625899463891983,0.30199429392814636,0.3658119738101959
YDR087C,YMR247C,0,-3.1664195,0.07620417326688766,0.30199429392814636,0.3660968542098999
YDL022W,YDR453C,0,-3.1665368,0.07614942640066147,0.30199429392814636,0.36638176441192627
YDL017W,YOR386W,0,-3.1677845,0.07609476149082184,0.30199429392814636,0.36666667461395264
YAL054C,YIR012W,0,-3.169104,0.07604017108678818,0.30199429392814636,0.3669515550136566
YMR092C,YDL216C,0,-3.1694624,0.07598566263914108,0.30199429392814636,0.367236465215683
YHR165C,YMR179W,0,-3.1699305,0.07593122869729996,0.30199429392814636,0.36752137541770935
YER088C,YLR382C,0,-3.1714535,0.0758768767118454,0.30199429392814636,0.36780625581741333
YOR330C,YGR247W,0,-3.1716113,0.0758226066827774,0.30199429392814636,0.3680911660194397
YLR459W,YLR116W,0,-3.171988,0.07576840370893478,0.30199429392814636,0.36837607622146606
YAL054C,YPL112C,0,-3.1720998,0.07571428269147873,0.30199429392814636,0.36866095662117004
YLR131C,YDL164C,0,-3.1727242,0.07566024363040924,0.30199429392814636,0.3689458668231964
YLR116W,YBR009C,0,-3.1735077,0.07560627907514572,0.30199429392814636,0.3692307770252228
YGL178W,YBR079C,0,-3.1735344,0.07555238902568817,0.30199429392814636,0.36951565742492676
YDL231C,YJL194W,0,-3.1741586,0.07549857348203659,0.30199429392814636,0.3698005676269531
YBR112C,YLR221C,0,-3.1759171,0.07544483989477158,0.30199429392814636,0.3700854778289795
YDR503C,YDR359C,0,-3.176429,0.07539118081331253,0.30199429392814636,0.37037035822868347
YKL125W,YDR464W,0,-3.1771355,0.07533759623765945,0.30199429392814636,0.37065526843070984
YPR046W,YMR117C,1,-3.1773212,0.07599432021379471,0.30484330654144287,0.37065526843070984
YMR273C,YGR239C,0,-3.1777825,0.07594038546085358,0.30484330654144287,0.3709401786327362
YIL031W,YOR272W,0,-3.1780977,0.07588652521371841,0.30484330654144287,0.3712250590324402
YPR101W,YIR015W,0,-3.1786368,0.07583273947238922,0.30484330654144287,0.37150996923446655
YDR146C,YER015W,0,-3.1790674,0.0757790356874466,0.30484330654144287,0.3717948794364929
YBR112C,YOL121C,0,-3.1793027,0.07572540640830994,0.30484330654144287,0.3720797598361969
YBL009W,YER015W,0,-3.1794896,0.07567185163497925,0.30484330654144287,0.37236467003822327
YFR053C,YOR319W,0,-3.1820588,0.07561837136745453,0.30484330654144287,0.37264958024024963
YAL031C,YNL172W,1,-3.182092,0.0762711837887764,0.3076923191547394,0.37264958024024963
YKR025W,YIL002C,0,-3.1822174,0.07621736079454422,0.3076923191547394,0.3729344606399536
YOR295W,YLR141W,0,-3.182918,0.07616361230611801,0.3076923191547394,0.37321937084198
YPL057C,YMR162C,0,-3.183298,0.07610993832349777,0.3076923191547394,0.37350428104400635
YNL307C,YKL049C,1,-3.1836615,0.07676056027412415,0.3105413019657135,0.37350428104400635
YLR324W,YJL041W,0,-3.184789,0.07670654356479645,0.3105413019657135,0.3737891614437103
YGL003C,YMR117C,1,-3.1849194,0.07735583931207657,0.31339031457901,0.3737891614437103
YDR216W,YHR196W,0,-3.185465,0.07730147242546082,0.31339031457901,0.3740740716457367
YNR054C,YMR179W,0,-3.1858172,0.07724718749523163,0.31339031457901,0.37435898184776306
YML008C,YNL036W,0,-3.1863513,0.07719298452138901,0.31339031457901,0.37464386224746704
YER161C,YIR012W,0,-3.187255,0.07713884860277176,0.31339031457901,0.3749287724494934
YML069W,YGL111W,0,-3.1873822,0.07708479464054108,0.31339031457901,0.3752136826515198
YMR201C,YJR093C,0,-3.1877687,0.07703081518411636,0.31339031457901,0.37549856305122375
YDR265W,YLR320W,0,-3.1884513,0.07697691023349762,0.31339031457901,0.3757834732532501
YPR021C,YHR012W,0,-3.1884642,0.07692307978868484,0.31339031457901,0.3760683834552765
YPR046W,YIR025W,1,-3.1892807,0.07756813615560532,0.3162393271923065,0.3760683834552765
YJR103W,YCR092C,0,-3.1894898,0.07751396298408508,0.3162393271923065,0.37635326385498047
YPL192C,YOR239W,0,-3.1898923,0.07745987176895142,0.3162393271923065,0.37663817405700684
YJL076W,YPL192C,0,-3.1899326,0.07740585505962372,0.3162393271923065,0.3769230842590332
YER106W,YEL061C,1,-3.1902604,0.07804878056049347,0.31908831000328064,0.3769230842590332
YGR247W,YGR225W,0,-3.1902835,0.07799442857503891,0.31908831000328064,0.3772079646587372
YNL242W,YOR008C,0,-3.1904292,0.07794015109539032,0.31908831000328064,0.37749287486076355
YPR201W,YDR361C,0,-3.1912134,0.0778859555721283,0.31908831000328064,0.3777777850627899
YDR279W,YMR227C,0,-3.191461,0.07783182710409164,0.31908831000328064,0.3780626654624939
YCR081W,YGR202C,0,-3.1939225,0.07777778059244156,0.31908831000328064,0.37834757566452026
YDR436W,YEL024W,0,-3.1945205,0.07772380113601685,0.31908831000328064,0.37863248586654663
YPR201W,YOR144C,0,-3.1946137,0.0776699036359787,0.31908831000328064,0.3789173662662506
YBR015C,YPR182W,0,-3.1954126,0.07761608064174652,0.31908831000328064,0.379202276468277
YBL035C,YML073C,0,-3.1960764,0.07756232470273972,0.31908831000328064,0.37948718667030334
YER106W,YKL049C,1,-3.196258,0.07820069044828415,0.32193732261657715,0.37948718667030334
YEL054C,YNL281W,0,-3.1963844,0.07814661413431168,0.32193732261657715,0.3797720670700073
YKL058W,YML011C,0,-3.1964302,0.07809260487556458,0.32193732261657715,0.3800569772720337
YHR073W,YMR201C,0,-3.1975408,0.07803867757320404,0.32193732261657715,0.38034188747406006
YNR074C,YDR479C,0,-3.1980875,0.07798481732606888,0.32193732261657715,0.38062676787376404
YKL053C-A,YKR101W,0,-3.199245,0.07793103158473969,0.32193732261657715,0.3809116780757904
YLR191W,YNL126W,0,-3.2006092,0.07787732779979706,0.32193732261657715,0.3811965882778168
YDR384C,YIL159W,0,-3.2014494,0.0778236910700798,0.32193732261657715,0.38148146867752075
YPL137C,YIR025W,1,-3.2014537,0.07845836132764816,0.32478633522987366,0.38148146867752075
YPR082C,YOL016C,0,-3.2015395,0.07840440422296524,0.32478633522987366,0.3817663788795471
YBR250W,YDR059C,0,-3.2017405,0.07835051417350769,0.32478633522987366,0.3820512890815735
YBL052C,YNL232W,0,-3.201778,0.0782967060804367,0.32478633522987366,0.38233616948127747
YPL046C,YLR221C,0,-3.2018783,0.0782429650425911,0.32478633522987366,0.38262107968330383
YIR009W,YLR313C,0,-3.202047,0.07818929851055145,0.32478633522987366,0.3829059898853302
YBR169C,YNL111C,0,-3.2021766,0.07813570648431778,0.32478633522987366,0.3831908702850342
YDL004W,YPL231W,0,-3.2025115,0.07808218896389008,0.32478633522987366,0.38347578048706055
YEL042W,YGL246C,0,-3.204334,0.07802874594926834,0.32478633522987366,0.3837606906890869
YJL074C,YPL253C,1,-3.204639,0.07865937054157257,0.3276353180408478,0.3837606906890869
YBR169C,YPR113W,0,-3.2047238,0.07860560715198517,0.3276353180408478,0.3840455710887909
YGL178W,YFR005C,0,-3.2048094,0.07855191081762314,0.3276353180408478,0.38433048129081726
YHR085W,YFL009W,0,-3.2067418,0.07849829643964767,0.3276353180408478,0.38461539149284363
YML080W,YPL139C,0,-3.207656,0.07844474911689758,0.3276353180408478,0.3849002718925476
YDR121W,YBL009W,0,-3.2082973,0.07839127629995346,0.3276353180408478,0.385185182094574
YJL063C,YMR168C,0,-3.2086468,0.07833787798881531,0.3276353180408478,0.38547009229660034
YOR157C,YPL121C,0,-3.2094269,0.07828454673290253,0.3276353180408478,0.3857549726963043
YMR241W,YPL132W,0,-3.21094,0.07823128998279572,0.3276353180408478,0.3860398828983307
YJR143C,YGR006W,0,-3.2109962,0.07817810773849487,0.3276353180408478,0.38632479310035706
YDR384C,YIL049W,0,-3.210998,0.078125,0.3276353180408478,0.38660967350006104
YNL313C,YHR016C,0,-3.2111783,0.0780719593167305,0.3276353180408478,0.3868945837020874
YGR231C,YPL231W,0,-3.2117522,0.07801899313926697,0.3276353180408478,0.38717949390411377
YBR020W,YAL035W,0,-3.2130127,0.0779661014676094,0.3276353180408478,0.38746437430381775
YJR090C,YMR173W,0,-3.213923,0.07791327685117722,0.3276353180408478,0.3877492845058441
YKL117W,YOL089C,0,-3.213943,0.077860526740551,0.3276353180408478,0.3880341947078705
YDR318W,YPL137C,1,-3.214891,0.0784844383597374,0.3304843306541443,0.3880341947078705
YLR276C,YLR067C,0,-3.214916,0.0784313753247261,0.3304843306541443,0.38831907510757446
YBR265W,YJL194W,0,-3.216173,0.07837837934494019,0.3304843306541443,0.38860398530960083
YOL124C,YOR058C,0,-3.2165573,0.07832545787096024,0.3304843306541443,0.3888888955116272
YDR385W,YJR017C,0,-3.2171183,0.07827260345220566,0.3304843306541443,0.3891737759113312
YDL043C,YLR176C,0,-3.2176762,0.07821982353925705,0.3304843306541443,0.38945868611335754
YOL088C,YBR010W,0,-3.2189057,0.07816711813211441,0.3304843306541443,0.3897435963153839
YGR003W,YPR052C,0,-3.2200756,0.07811447978019714,0.3304843306541443,0.3900284767150879
YLR310C,YMR179W,0,-3.220162,0.07806190848350525,0.3304843306541443,0.39031338691711426
YKL008C,YAR003W,0,-3.2215219,0.07800941169261932,0.3304843306541443,0.3905982971191406
YDL022W,YDL047W,0,-3.2220454,0.07795698940753937,0.3304843306541443,0.3908831775188446
YPL174C,YMR241W,0,-3.2229376,0.07790463417768478,0.3304843306541443,0.39116808772087097
YDR503C,YHR066W,0,-3.2230425,0.07785234600305557,0.3304843306541443,0.39145299792289734
YPL211W,YBR135W,0,-3.2243905,0.07780013233423233,0.3304843306541443,0.3917378783226013
YGL175C,YHL006C,0,-3.2245364,0.07774798572063446,0.3304843306541443,0.3920227885246277
YML102W,YOR308C,0,-3.2245488,0.07769591361284256,0.3304843306541443,0.39230769872665405
YDL216C,YML036W,0,-3.2249677,0.07764390856027603,0.3304843306541443,0.39259257912635803
YHL022C,YPL020C,0,-3.2256835,0.07759197056293488,0.3304843306541443,0.3928774893283844
YIL139C,YDR331W,0,-3.2259114,0.07754010707139969,0.3304843306541443,0.39316239953041077
YHR069C,YDR322C-A,0,-3.2275584,0.07748831063508987,0.3304843306541443,0.39344727993011475
YOR156C,YGR089W,1,-3.22787,0.07810413837432861,0.3333333432674408,0.39344727993011475
YKL117W,YPL153C,0,-3.2279353,0.07805203646421432,0.3333333432674408,0.3937321901321411
YBL030C,YHR114W,0,-3.228689,0.07800000160932541,0.3333333432674408,0.3940171003341675
YDL003W,YDR118W,1,-3.2287345,0.0786142572760582,0.3361823260784149,0.3940171003341675
YOR168W,YJL005W,0,-3.2296197,0.07856191694736481,0.3361823260784149,0.39430198073387146
YMR091C,YML060W,0,-3.2304,0.07850964367389679,0.3361823260784149,0.3945868909358978
YOL016C,YCR002C,0,-3.2307787,0.07845744490623474,0.3361823260784149,0.3948718011379242
YLR216C,YDR039C,0,-3.231287,0.07840531319379807,0.3361823260784149,0.3951566815376282
YKR079C,YPR024W,0,-3.2314596,0.07835325598716736,0.3361823260784149,0.39544159173965454
YGL227W,YLR337C,0,-3.2317214,0.07830125838518143,0.3361823260784149,0.3957265019416809
YOL121C,YLR033W,0,-3.2339425,0.07824933528900146,0.3361823260784149,0.3960113823413849
YMR080C,YML060W,0,-3.2340617,0.07819747924804688,0.3361823260784149,0.39629629254341125
YGR020C,YNL036W,0,-3.2341352,0.07814569771289825,0.3361823260784149,0.3965812027454376
YNL242W,YIR015W,0,-3.2342408,0.07809397578239441,0.3361823260784149,0.3968660831451416
YPL217C,YJR108W,0,-3.2349212,0.07804232835769653,0.3361823260784149,0.39715099334716797
YJL074C,YOR073W,1,-3.2351134,0.07865168899297714,0.3390313386917114,0.39715099334716797
YDR448W,YNL267W,0,-3.2360113,0.07859973609447479,0.3390313386917114,0.39743590354919434
YGR183C,YCR093W,0,-3.2371144,0.07854785770177841,0.3390313386917114,0.3977207839488983
YDR322C-A,YNL221C,0,-3.2388277,0.0784960389137268,0.3390313386917114,0.3980056941509247
YKR079C,YKL008C,0,-3.2388794,0.07844429463148117,0.3390313386917114,0.39829060435295105
YPL174C,YML069W,0,-3.2389274,0.0783926248550415,0.3390313386917114,0.39857548475265503
YPR182W,YGR218W,0,-3.2392914,0.07834101468324661,0.3390313386917114,0.3988603949546814
YHL007C,YJL005W,0,-3.239296,0.0782894715666771,0.3390313386917114,0.39914530515670776
YLR033W,YPL231W,0,-3.2401226,0.07823800295591354,0.3390313386917114,0.39943018555641174
YIL002C,YHR129C,0,-3.2403445,0.07818659394979477,0.3390313386917114,0.3997150957584381
YJL087C,YPR016C,0,-3.2422962,0.07813525944948196,0.3390313386917114,0.4000000059604645
YJL207C,YLR135W,0,-3.2426581,0.07808399200439453,0.3390313386917114,0.40028488636016846
YCR089W,YPL151C,0,-3.243246,0.07803278416395187,0.3390313386917114,0.4005697965621948
YML073C,YLL003W,0,-3.2433543,0.07798165082931519,0.3390313386917114,0.4008547067642212
YER082C,YML021C,0,-3.244087,0.07793058454990387,0.3390313386917114,0.40113958716392517
YIR025W,YMR117C,1,-3.2454116,0.07853402942419052,0.34188035130500793,0.40113958716392517
YGR170W,YBR114W,0,-3.2454648,0.07848266512155533,0.34188035130500793,0.40142449736595154
YLR320W,YPL153C,0,-3.245922,0.0784313753247261,0.34188035130500793,0.4017094075679779
YNL007C,YDL130W-A,0,-3.2460265,0.07838014513254166,0.34188035130500793,0.4019942879676819
YLR310C,YNL222W,0,-3.2463217,0.07832898199558258,0.34188035130500793,0.40227919816970825
YMR080C,YMR162C,0,-3.2467318,0.07827788591384888,0.34188035130500793,0.4025641083717346
YPL256C,YMR235C,0,-3.247812,0.07822685688734055,0.34188035130500793,0.4028489887714386
YOR127W,YKR079C,0,-3.2479649,0.07817589491605759,0.34188035130500793,0.40313389897346497
YMR273C,YML021C,0,-3.248082,0.078125,0.34188035130500793,0.40341880917549133
YMR030W,YLR382C,0,-3.2493496,0.07807417213916779,0.34188035130500793,0.4037036895751953
YOR319W,YPR164W,0,-3.2495499,0.07802340388298035,0.34188035130500793,0.4039885997772217
YNL147W,YDR398W,0,-3.2498584,0.07797271013259888,0.34188035130500793,0.40427350997924805
YMR280C,YML028W,0,-3.2504573,0.07792207598686218,0.34188035130500793,0.404558390378952
YLR310C,YCR002C,0,-3.2509773,0.07787150889635086,0.34188035130500793,0.4048433005809784
YJL080C,YOR156C,1,-3.2526543,0.07846952229738235,0.34472933411598206,0.4048433005809784
YNL307C,YPL233W,1,-3.2528534,0.07906675338745117,0.34757834672927856,0.4048433005809784
YKL166C,YNL281W,0,-3.2531524,0.07901554554700851,0.34757834672927856,0.40512821078300476
YER042W,YNL242W,0,-3.2535837,0.07896440476179123,0.34757834672927856,0.40541309118270874
YER120W,YPL146C,0,-3.254,0.07891332358121872,0.34757834672927856,0.4056980013847351
YOL124C,YOR308C,0,-3.2547026,0.07886231690645218,0.34757834672927856,0.4059829115867615
YMR280C,YDR235W,0,-3.2553277,0.07881136983633041,0.34757834672927856,0.40626779198646545
YBL103C,YNL007C,0,-3.2556686,0.07876048982143402,0.34757834672927856,0.4065527021884918
YCR089W,YIL048W,0,-3.2564678,0.078709676861763,0.34757834672927856,0.4068376123905182
YKL126W,YBR118W,0,-3.2572525,0.07865893095731735,0.34757834672927856,0.40712249279022217
YJL048C,YHR012W,0,-3.2575989,0.07860824465751648,0.34757834672927856,0.40740740299224854
YBR010W,YER028C,0,-3.2588885,0.07855763286352158,0.34757834672927856,0.4076923131942749
YER088C,YMR127C,0,-3.2598016,0.07850708067417145,0.34757834672927856,0.4079771935939789
YGR159C,YPL262W,0,-3.2600167,0.0784565880894661,0.34757834672927856,0.40826210379600525
YPL137C,YOR156C,1,-3.2600508,0.07904884219169617,0.3504273593425751,0.40826210379600525
YBR250W,YBR172C,0,-3.260265,0.07899807393550873,0.3504273593425751,0.4085470139980316
YOR073W,YNL172W,1,-3.2615511,0.07958921790122986,0.3532763421535492,0.4085470139980316
YJR143C,YBR199W,0,-3.2626014,0.07953816652297974,0.3532763421535492,0.4088318943977356
YKL117W,YLR116W,0,-3.2626824,0.07948718219995499,0.3532763421535492,0.40911680459976196
YAL017W,YDR244W,0,-3.2629876,0.07943625748157501,0.3532763421535492,0.40940171480178833
YDR393W,YDL216C,0,-3.2630663,0.07938539981842041,0.3532763421535492,0.4096865952014923
YGR214W,YPL020C,0,-3.263833,0.07933460921049118,0.3532763421535492,0.4099715054035187
YOL156W,YOR377W,0,-3.2642407,0.07928388565778732,0.3532763421535492,0.41025641560554504
YMR179W,YIL017C,0,-3.2643552,0.07923322916030884,0.3532763421535492,0.410541296005249
YIL002C,YNL261W,0,-3.2651472,0.07918263226747513,0.3532763421535492,0.4108262062072754
YIL106W,YDR235W,0,-3.266624,0.07913210242986679,0.3532763421535492,0.41111111640930176
YPR034W,YML091C,0,-3.2668486,0.07908163219690323,0.3532763421535492,0.41139599680900574
YNL326C,YGL246C,0,-3.2669253,0.07903122901916504,0.3532763421535492,0.4116809070110321
YNL173C,YOR317W,0,-3.2671409,0.07898089289665222,0.3532763421535492,0.41196581721305847
YAL031C,YMR117C,1,-3.2675095,0.07956715673208237,0.3561253547668457,0.41196581721305847
YGL173C,YCL054W,0,-3.267567,0.07951653748750687,0.3561253547668457,0.41225069761276245
YPL174C,YHR165C,0,-3.2675915,0.07946598529815674,0.3561253547668457,0.4125356078147888
YLR006C,YDL132W,0,-3.268083,0.07941550016403198,0.3561253547668457,0.4128205180168152
YER001W,YLR055C,0,-3.268303,0.0793650820851326,0.3561253547668457,0.41310539841651917
YBR170C,YPL192C,0,-3.268362,0.07931472361087799,0.3561253547668457,0.41339030861854553
YDL216C,YCR093W,0,-3.2687154,0.07926442474126816,0.3561253547668457,0.4136752188205719
YDR075W,YGL133W,0,-3.268908,0.0792141929268837,0.3561253547668457,0.4139600992202759
YPL020C,YJL157C,0,-3.2700415,0.07916402816772461,0.3561253547668457,0.41424500942230225
YMR235C,YLR092W,0,-3.2707353,0.0791139230132103,0.3561253547668457,0.4145299196243286
YJR053W,YGL044C,0,-3.2715364,0.07906388491392136,0.3561253547668457,0.4148148000240326
YGL089C,YKL012W,0,-3.2720275,0.07901390641927719,0.3561253547668457,0.41509971022605896
YHR008C,YBR114W,0,-3.2722616,0.0789639949798584,0.3561253547668457,0.4153846204280853
YKR101W,YFL002C,0,-3.2723932,0.07891414314508438,0.3561253547668457,0.4156695008277893
YBR049C,YCR065W,0,-3.2724628,0.07886435091495514,0.3561253547668457,0.4159544110298157
YHR082C,YDR404C,0,-3.2742767,0.07881462574005127,0.3561253547668457,0.41623932123184204
YGL246C,YOR209C,0,-3.2743874,0.07876496762037277,0.3561253547668457,0.416524201631546
YEL027W,YCL025C,0,-3.2744699,0.07871536165475845,0.3561253547668457,0.4168091118335724
YBR050C,YHR175W,0,-3.2749057,0.0786658301949501,0.3561253547668457,0.41709402203559875
YNL127W,YCR065W,0,-3.2755184,0.07861635088920593,0.3561253547668457,0.4173789322376251
YDR384C,YDR449C,0,-3.276496,0.07856693863868713,0.3561253547668457,0.4176638126373291
YCL025C,YKL188C,0,-3.2770207,0.07851758599281311,0.3561253547668457,0.41794872283935547
YCR092C,YDR235W,0,-3.2775846,0.07846830040216446,0.3561253547668457,0.41823363304138184
YLR006C,YNL036W,0,-3.2780266,0.07841907441616058,0.3561253547668457,0.4185185134410858
YDR120C,YBR182C,0,-3.2782302,0.07836990803480148,0.3561253547668457,0.4188034236431122
YDR231C,YHR073W,0,-3.27875,0.07832080125808716,0.3561253547668457,0.41908833384513855
YPR034W,YNL173C,0,-3.2791033,0.0782717615365982,0.3561253547668457,0.41937321424484253
YIL139C,YLR221C,0,-3.2794704,0.07822278141975403,0.3561253547668457,0.4196581244468689
YOR290C,YGL071W,0,-3.28041,0.07817386090755463,0.3561253547668457,0.41994303464889526
YDL007W,YPR164W,0,-3.2806158,0.078125,0.3561253547668457,0.42022791504859924
YDL015C,YPL231W,0,-3.2809896,0.07807619869709015,0.3561253547668457,0.4205128252506256
YGR231C,YDL170W,0,-3.2816496,0.07802746444940567,0.3561253547668457,0.420797735452652
YMR172W,YOR148C,0,-3.2816596,0.07797878980636597,0.3561253547668457,0.42108261585235596
YER120W,YPL001W,0,-3.2818618,0.07793017476797104,0.3561253547668457,0.4213675260543823
YNL222W,YLR116W,0,-3.2819414,0.07788161933422089,0.3561253547668457,0.4216524362564087
YML015C,YFR053C,0,-3.2823057,0.07783312350511551,0.3561253547668457,0.42193731665611267
YPR056W,YGL158W,0,-3.283087,0.0777846947312355,0.3561253547668457,0.42222222685813904
YKL126W,YDR244W,0,-3.2835608,0.07773631811141968,0.3561253547668457,0.4225071370601654
YNL021W,YPL262W,0,-3.2839823,0.07768800854682922,0.3561253547668457,0.4227920174598694
YNL154C,YJL005W,0,-3.2844179,0.07763975113630295,0.3561253547668457,0.42307692766189575
YPL132W,YKL058W,0,-3.284976,0.07759156078100204,0.3561253547668457,0.4233618378639221
YDR484W,YOR377W,0,-3.2856488,0.07754342257976532,0.3561253547668457,0.4236467182636261
YGR159C,YHR150W,0,-3.2858267,0.07749535143375397,0.3561253547668457,0.42393162846565247
YER106W,YIL132C,1,-3.2860644,0.07806691527366638,0.3589743673801422,0.42393162846565247
YBL020W,YML091C,0,-3.2865982,0.07801857590675354,0.3589743673801422,0.42421653866767883
YFL021W,YDR394W,0,-3.2869394,0.07797029614448547,0.3589743673801422,0.4245014190673828
YHR082C,YPL161C,0,-3.2872505,0.07792207598686218,0.3589743673801422,0.4247863292694092
YDR118W,YPL137C,1,-3.2877576,0.07849196344614029,0.36182335019111633,0.4247863292694092
YIL075C,YDR379W,0,-3.2888207,0.0784434825181961,0.36182335019111633,0.42507123947143555
YJL133W,YCR028C-A,0,-3.2889743,0.0783950611948967,0.36182335019111633,0.4253561198711395
YOR298C-A,YOR272W,0,-3.2903664,0.07834669947624207,0.36182335019111633,0.4256410300731659
YJL029C,YLR263W,0,-3.2905247,0.07829839736223221,0.36182335019111633,0.42592594027519226
YBR112C,YCR028C-A,0,-3.2907925,0.07825015485286713,0.36182335019111633,0.42621082067489624
YHR176W,YBR182C,0,-3.2908025,0.07820197194814682,0.36182335019111633,0.4264957308769226
YPR075C,YMR273C,0,-3.2912164,0.07815384864807129,0.36182335019111633,0.426780641078949
YIL154C,YMR201C,0,-3.2912827,0.07810577750205994,0.36182335019111633,0.42706552147865295
YOR290C,YER006W,0,-3.2913475,0.07805777341127396,0.36182335019111633,0.4273504316806793
YHR176W,YMR201C,0,-3.2918367,0.07800982892513275,0.36182335019111633,0.4276353418827057
YBR250W,YCR002C,0,-3.291849,0.07796193659305573,0.36182335019111633,0.42792022228240967
YKR087C,YNL007C,0,-3.29275,0.07791411131620407,0.36182335019111633,0.42820513248443604
YHR082C,YKR050W,0,-3.2927566,0.0778663381934166,0.36182335019111633,0.4284900426864624
YIR015W,YBR257W,0,-3.2950602,0.0778186246752739,0.36182335019111633,0.4287749230861664
YHR073W,YBR267W,0,-3.2951322,0.07777097076177597,0.36182335019111633,0.42905983328819275
YEL024W,YGL127C,0,-3.2952633,0.07772337645292282,0.36182335019111633,0.4293447434902191
YPR049C,YER008C,0,-3.296331,0.07767584174871445,0.36182335019111633,0.4296296238899231
YNL222W,YOR290C,0,-3.296472,0.07762835919857025,0.36182335019111633,0.42991453409194946
YPR008W,YPL231W,0,-3.296607,0.07758094370365143,0.36182335019111633,0.43019944429397583
YIR004W,YOR004W,0,-3.2966332,0.07753358036279678,0.36182335019111633,0.4304843246936798
YER042W,YDR147W,0,-3.2967262,0.07748626917600632,0.36182335019111633,0.4307692348957062
YGR257C,YNL214W,0,-3.2968013,0.07743902504444122,0.36182335019111633,0.43105414509773254
YNL209W,YIR015W,0,-3.2971573,0.07739183306694031,0.36182335019111633,0.4313390254974365
YLR221C,YNL099C,0,-3.297186,0.07734470069408417,0.36182335019111633,0.4316239356994629
YNL307C,YIR025W,1,-3.2974007,0.07790626585483551,0.36467236280441284,0.4316239356994629
YER082C,YBL093C,0,-3.2977915,0.07785888016223907,0.36467236280441284,0.43190884590148926
YNL130C,YCL054W,0,-3.2980263,0.07781154662370682,0.36467236280441284,0.43219372630119324
YIL049W,YKR050W,0,-3.2984776,0.07776428014039993,0.36467236280441284,0.4324786365032196
YNL326C,YDR079C-A,0,-3.299025,0.07771705836057663,0.36467236280441284,0.43276354670524597
YCR091W,YDL007W,0,-3.2991118,0.0776699036359787,0.36467236280441284,0.43304842710494995
YMR092C,YGR006W,0,-3.2992811,0.07762280106544495,0.36467236280441284,0.4333333373069763
YDL164C,YBR267W,0,-3.3013606,0.07757575809955597,0.36467236280441284,0.4336182475090027
YIL147C,YPR191W,0,-3.3017883,0.07752876728773117,0.36467236280441284,0.43390312790870667
YEL061C,YIR025W,1,-3.3018563,0.07808716595172882,0.36752137541770935,0.43390312790870667
YKL049C,YOR073W,1,-3.3019288,0.07864488661289215,0.37037035822868347,0.43390312790870667
YCL033C,YDR453C,0,-3.302025,0.07859733700752258,0.37037035822868347,0.43418803811073303
YDR194C,YCR091W,0,-3.3025227,0.07854984700679779,0.37037035822868347,0.4344729483127594
YER042W,YIR015W,0,-3.3028789,0.07850241661071777,0.37037035822868347,0.4347578287124634
YNL281W,YLL011W,0,-3.30379,0.07845503836870193,0.37037035822868347,0.43504273891448975
YLR138W,YPR005C,0,-3.3043652,0.07840771973133087,0.37037035822868347,0.4353276491165161
YNL093W,YGR003W,0,-3.3055434,0.07836046069860458,0.37037035822868347,0.4356125295162201
YNL326C,YOR100C,0,-3.3067744,0.07831325381994247,0.37037035822868347,0.43589743971824646
YLR319C,YNR008W,0,-3.3069322,0.07826610654592514,0.37037035822868347,0.4361823499202728
YNL307C,YGL003C,1,-3.307159,0.07882069796323776,0.37321937084198,0.4361823499202728
YMR138W,YNR072W,0,-3.307385,0.07877330482006073,0.37321937084198,0.4364672303199768
YDR318W,YER106W,1,-3.307804,0.07932692021131516,0.3760683834552765,0.4364672303199768
YHR085W,YGR094W,0,-3.3080559,0.07927928119897842,0.3760683834552765,0.4367521405220032
YDR359C,YHR001W-A,0,-3.3081667,0.07923169434070587,0.3760683834552765,0.43703705072402954
YOR116C,YGR225W,0,-3.30823,0.0791841596364975,0.3760683834552765,0.4373219311237335
YPL146C,YLR105C,0,-3.3088121,0.0791366919875145,0.3760683834552765,0.4376068413257599
YAL051W,YPL131W,0,-3.3088455,0.07908927649259567,0.3760683834552765,0.43789175152778625
YOL051W,YJL191W,0,-3.3090024,0.07904191315174103,0.3760683834552765,0.43817663192749023
YKL081W,YBR267W,0,-3.309111,0.07899461686611176,0.3760683834552765,0.4384615421295166
YPR056W,YPL211W,0,-3.3091745,0.07894736528396606,0.3760683834552765,0.43874645233154297
YIL132C,YEL061C,1,-3.3092456,0.07949791103601456,0.3789173662662506,0.43874645233154297
YIR012W,YER123W,0,-3.3097427,0.07945042103528976,0.3789173662662506,0.43903133273124695
YKL129C,YLR016C,0,-3.3111649,0.07940298318862915,0.3789173662662506,0.4393162429332733
YBL035C,YEL027W,0,-3.3114522,0.07935560494661331,0.3789173662662506,0.4396011531352997
YHR062C,YNL209W,0,-3.3116686,0.07930828630924225,0.3789173662662506,0.43988603353500366
YDR322C-A,YLR052W,0,-3.3117652,0.07926102727651596,0.3789173662662506,0.44017094373703003
YOL158C,YKL051W,0,-3.3119452,0.07921382039785385,0.3789173662662506,0.4404558539390564
YOR026W,YLR384C,0,-3.3120263,0.07916666567325592,0.3789173662662506,0.4407407343387604
YOL088C,YLR320W,0,-3.312727,0.07911957055330276,0.3789173662662506,0.44102564454078674
YAL017W,YNL106C,0,-3.3134546,0.07907253503799438,0.3789173662662506,0.4413105547428131
YGL194C,YOR239W,0,-3.3142583,0.07902555167675018,0.3789173662662506,0.4415954351425171
YPL045W,YDL024C,0,-3.3146474,0.07897862046957016,0.3789173662662506,0.44188034534454346
YPR086W,YOL158C,0,-3.3148968,0.07893174886703491,0.3789173662662506,0.4421652555465698
YIL132C,YPL233W,1,-3.31503,0.07947805523872375,0.3817663788795471,0.4421652555465698
YDR182W,YOR272W,0,-3.3150368,0.0794309452176094,0.3817663788795471,0.4424501359462738
YGR254W,YFL002C,0,-3.3151681,0.07938388735055923,0.3817663788795471,0.44273504614830017
YOL124C,YPL069C,0,-3.3154452,0.07933688908815384,0.3817663788795471,0.44301995635032654
YJL087C,YBR080C,0,-3.3155756,0.07928994297981262,0.3817663788795471,0.4433048367500305
YDR342C,YOR132W,0,-3.3155956,0.07924304902553558,0.3817663788795471,0.4435897469520569
YLR138W,YLR092W,0,-3.3158064,0.07919621467590332,0.3817663788795471,0.44387465715408325
YMR138W,YPL167C,0,-3.3160484,0.07914943993091583,0.3817663788795471,0.44415953755378723
YJL183W,YLR032W,0,-3.316997,0.07910271733999252,0.3817663788795471,0.4444444477558136
YNL222W,YER149C,0,-3.3176746,0.07905604690313339,0.3817663788795471,0.44472935795783997
YPR101W,YGR020C,0,-3.3179278,0.07900943607091904,0.3817663788795471,0.44501423835754395
YPR034W,YLR141W,0,-3.3186085,0.07896287739276886,0.3817663788795471,0.4452991485595703
YLR370C,YML073C,0,-3.319131,0.07891637086868286,0.3817663788795471,0.4455840587615967
YGR225W,YMR302C,0,-3.3192308,0.07886992394924164,0.3817663788795471,0.44586893916130066
YAL054C,YMR068W,0,-3.321157,0.0788235291838646,0.3817663788795471,0.446153849363327
YGR257C,YLR438C-A,0,-3.3216133,0.07877718657255173,0.3817663788795471,0.4464387595653534
YKL140W,YCL054W,0,-3.3219795,0.07873090356588364,0.3817663788795471,0.4467236399650574
YDR235W,YIL159W,0,-3.3224635,0.07868467271327972,0.3817663788795471,0.44700855016708374
YHR031C,YDR527W,0,-3.3225799,0.07863849401473999,0.3817663788795471,0.4472934603691101
YGR135W,YBR155W,0,-3.3227208,0.07859237492084503,0.3817663788795471,0.4475783407688141
YDL003W,YIL132C,1,-3.3228807,0.07913247495889664,0.38461539149284363,0.4475783407688141
YPL045W,YOR208W,0,-3.324203,0.07908611744642258,0.38461539149284363,0.44786325097084045
YML023C,YPR113W,0,-3.3248715,0.0790398120880127,0.38461539149284363,0.4481481611728668
YNR054C,YPL131W,0,-3.325084,0.07899356633424759,0.38461539149284363,0.4484330415725708
YBR273C,YPL231W,0,-3.325417,0.07894736528396606,0.38461539149284363,0.44871795177459717
YOR079C,YPL196W,0,-3.3257961,0.07890122383832932,0.38461539149284363,0.44900286197662354
YHR175W,YGL111W,0,-3.3283238,0.07885514199733734,0.38461539149284363,0.4492877423763275
YLR105C,YLR092W,0,-3.3288383,0.07880910485982895,0.38461539149284363,0.4495726525783539
YJR108W,YCR093W,0,-3.3290524,0.07876312732696533,0.38461539149284363,0.44985756278038025
YKL049C,YPL137C,1,-3.3299832,0.07930029183626175,0.38746437430381775,0.44985756278038025
YLR103C,YHR174W,0,-3.3299944,0.07925407588481903,0.38746437430381775,0.45014244318008423
YOR157C,YDR361C,0,-3.330276,0.07920791953802109,0.38746437430381775,0.4504273533821106
YMR280C,YDR423C,0,-3.3305497,0.07916181534528732,0.38746437430381775,0.45071226358413696
YEL061C,YMR117C,1,-3.3310003,0.07969749718904495,0.39031338691711426,0.45071226358413696
YPR034W,YNL242W,0,-3.331029,0.07965116202831268,0.39031338691711426,0.45099714398384094
YGR056W,YDL164C,0,-3.3316743,0.07960487902164459,0.39031338691711426,0.4512820541858673
YMR287C,YOR298C-A,0,-3.3321095,0.07955865561962128,0.39031338691711426,0.4515669643878937
YDR088C,YDL154W,0,-3.3325043,0.07951247692108154,0.39031338691711426,0.45185184478759766
YDL003W,YJR068W,1,-3.3331075,0.0800464004278183,0.39316239953041077,0.45185184478759766
YIL115C,YDR331W,0,-3.333434,0.07999999821186066,0.39316239953041077,0.452136754989624
YNL307C,YAL031C,1,-3.3335264,0.08053302764892578,0.3960113823413849,0.452136754989624
YDR289C,YEL065W,0,-3.3343701,0.08048639446496964,0.3960113823413849,0.4524216651916504
YFR055W,YGL127C,0,-3.3346615,0.08043981343507767,0.3960113823413849,0.45270654559135437
YBR250W,YLR382C,0,-3.3370566,0.08039329200983047,0.3960113823413849,0.45299145579338074
YPR034W,YPL075W,0,-3.3370967,0.08034682273864746,0.3960113823413849,0.4532763659954071
YGL194C,YJL005W,0,-3.3378997,0.08030040562152863,0.3960113823413849,0.4535612463951111
YPL153C,YDL130W-A,0,-3.3399034,0.08025404065847397,0.3960113823413849,0.45384615659713745
YGL127C,YER082C,0,-3.3404524,0.08020773530006409,0.3960113823413849,0.4541310667991638
YDR283C,YPR021C,0,-3.340694,0.08016147464513779,0.3960113823413849,0.4544159471988678
YPR164W,YLR032W,0,-3.3413296,0.08011527359485626,0.3960113823413849,0.45470085740089417
YGR072W,YER155C,0,-3.3415985,0.08006912469863892,0.3960113823413849,0.45498576760292053
YPL174C,YIL048W,0,-3.343092,0.08002302795648575,0.3960113823413849,0.4552706480026245
YDR039C,YMR201C,0,-3.3435025,0.07997698336839676,0.3960113823413849,0.4555555582046509
YJL074C,YMR117C,1,-3.3445642,0.08050604164600372,0.3988603949546814,0.4555555582046509
YPR075C,YAL054C,0,-3.3446121,0.08045977354049683,0.3988603949546814,0.45584046840667725
YMR298W,YDR045C,0,-3.344895,0.08041355758905411,0.3988603949546814,0.4561253488063812
YNL130C,YDR284C,0,-3.345862,0.08036739379167557,0.3988603949546814,0.4564102590084076
YIL154C,YEL024W,0,-3.345934,0.0803212821483612,0.3988603949546814,0.45669516921043396
YEL024W,YIL159W,0,-3.34617,0.08027523010969162,0.3988603949546814,0.45698004961013794
YNL130C,YNL186W,0,-3.3467755,0.08022922277450562,0.3988603949546814,0.4572649598121643
YML028W,YOR144C,0,-3.3474712,0.08018327504396439,0.3988603949546814,0.4575498700141907
YPR135W,YKL049C,1,-3.347795,0.0807097852230072,0.4017094075679779,0.4575498700141907
YDR463W,YBR276C,0,-3.3480191,0.08066361397504807,0.4017094075679779,0.45783475041389465
YJR068W,YPR046W,1,-3.348363,0.08118925243616104,0.404558390378952,0.45783475041389465
YOR204W,YMR239C,0,-3.3503468,0.081142857670784,0.404558390378952,0.458119660615921
YPL174C,YNL214W,0,-3.351051,0.08109651505947113,0.404558390378952,0.4584045708179474
YMR268C,YHR042W,0,-3.3515925,0.08105022460222244,0.404558390378952,0.45868945121765137
YOL011W,YIR026C,0,-3.3522964,0.08100399374961853,0.404558390378952,0.45897436141967773
YMR268C,YML069W,0,-3.3523698,0.0809578076004982,0.404558390378952,0.4592592716217041
YLR105C,YGR103W,0,-3.3534942,0.08091168105602264,0.404558390378952,0.4595441520214081
YGL070C,YHR067W,0,-3.3535657,0.08086560666561127,0.404558390378952,0.45982906222343445
YOR060C,YMR059W,0,-3.354197,0.08081957697868347,0.404558390378952,0.4601139724254608
YOR008C,YPL231W,0,-3.355319,0.08077360689640045,0.404558390378952,0.4603988528251648
YER001W,YDL197C,0,-3.3562646,0.08072768896818161,0.404558390378952,0.46068376302719116
YNL221C,YJR017C,0,-3.3573155,0.08068181574344635,0.404558390378952,0.46096867322921753
YPR056W,YDR235W,0,-3.3573916,0.08063600212335587,0.404558390378952,0.4612535536289215
YDR297W,YIL017C,0,-3.3574908,0.08059024065732956,0.404558390378952,0.4615384638309479
YLR324W,YJR093C,0,-3.3578334,0.08054452389478683,0.404558390378952,0.46182337403297424
YNL106C,YML036W,0,-3.3582401,0.08049886673688889,0.404558390378952,0.4621082544326782
YHR008C,YLR313C,0,-3.358986,0.08045325428247452,0.404558390378952,0.4623931646347046
YGR112W,YHR001W-A,0,-3.359235,0.08040770143270493,0.404558390378952,0.46267807483673096
YOR168W,YGR129W,0,-3.3600156,0.08036219328641891,0.404558390378952,0.46296295523643494
YPR135W,YNL172W,1,-3.3603907,0.08088235557079315,0.40740740299224854,0.46296295523643494
YNL242W,YGR257C,0,-3.361538,0.08083663135766983,0.40740740299224854,0.4632478654384613
YOL124C,YFL021W,0,-3.3624632,0.08079095929861069,0.40740740299224854,0.46353277564048767
YBR169C,YDR464W,0,-3.362496,0.08074533939361572,0.40740740299224854,0.46381765604019165
YPL137C,YPL253C,1,-3.3629344,0.08126410841941833,0.41025641560554504,0.46381765604019165
YBR098W,YNL107W,0,-3.3629699,0.08121827244758606,0.41025641560554504,0.464102566242218
YNL307C,YEL061C,1,-3.3631272,0.08173619210720062,0.41310539841651917,0.464102566242218
YBR098W,YPL112C,0,-3.3638968,0.08169014006853104,0.41310539841651917,0.4643874764442444
YER109C,YHR067W,0,-3.36418,0.08164414763450623,0.41310539841651917,0.46467235684394836
YCL025C,YLR176C,0,-3.3644404,0.081598199903965,0.41310539841651917,0.46495726704597473
YER169W,YLR409C,0,-3.3646154,0.08155230432748795,0.41310539841651917,0.4652421772480011
YGL127C,YGR185C,0,-3.3652356,0.08150646090507507,0.41310539841651917,0.4655270576477051
YHR069C,YNL099C,0,-3.3657682,0.08146067708730698,0.41310539841651917,0.46581196784973145
YPL174C,YOR168W,0,-3.3659174,0.08141493797302246,0.41310539841651917,0.4660968780517578
YDR449C,YKL051W,0,-3.365966,0.08136925101280212,0.41310539841651917,0.4663817584514618
YER042W,YDR501W,0,-3.3660774,0.08132360875606537,0.41310539841651917,0.46666666865348816
YGR048W,YER053C,0,-3.3668103,0.08127802610397339,0.41310539841651917,0.4669515788555145
YOR056C,YJL006C,0,-3.367326,0.08123249560594559,0.41310539841651917,0.4672364592552185
YLR319C,YJR007W,0,-3.3674204,0.08118700981140137,0.41310539841651917,0.4675213694572449
YLR092W,YJL012C,0,-3.3676074,0.08114157617092133,0.41310539841651917,0.46780627965927124
YMR030W,YNL298W,0,-3.3676243,0.08109619468450546,0.41310539841651917,0.4680911600589752
YDL007W,YMR235C,0,-3.3680549,0.08105086535215378,0.41310539841651917,0.4683760702610016
YDR423C,YHR042W,0,-3.3692966,0.08100558817386627,0.41310539841651917,0.46866098046302795
YPL233W,YEL061C,1,-3.369411,0.08151870220899582,0.4159544110298157,0.46866098046302795
YPR086W,YBR267W,0,-3.3697333,0.0814732164144516,0.4159544110298157,0.46894586086273193
YPR094W,YOR272W,0,-3.3697476,0.08142777532339096,0.4159544110298157,0.4692307710647583
YDL003W,YJL080C,1,-3.3707447,0.08193980157375336,0.4188034236431122,0.4692307710647583
YGR103W,YHR073W,0,-3.3712611,0.081894151866436,0.4188034236431122,0.46951568126678467
YPR113W,YHR196W,0,-3.3715787,0.08184855431318283,0.4188034236431122,0.46980056166648865
YDR527W,YJL063C,0,-3.3718815,0.08180300146341324,0.4188034236431122,0.470085471868515
YML023C,YJR031C,0,-3.3718982,0.08175750821828842,0.4188034236431122,0.4703703820705414
YNL273W,YNL299W,1,-3.3721724,0.08226792514324188,0.4216524362564087,0.4703703820705414
YNL307C,YDR118W,1,-3.37466,0.08277777582406998,0.4245014190673828,0.4703703820705414
YOR239W,YOR272W,0,-3.3755116,0.08273181319236755,0.4245014190673828,0.47065526247024536
YHL007C,YGR239C,0,-3.3768096,0.08268590271472931,0.4245014190673828,0.47094017267227173
YDR449C,YML073C,0,-3.3774986,0.08264004439115524,0.4245014190673828,0.4712250828742981
YNL093W,YOL021C,0,-3.3782308,0.08259423822164536,0.4245014190673828,0.4715099632740021
YCL054W,YBR065C,0,-3.3786104,0.08254847675561905,0.4245014190673828,0.47179487347602844
YOR334W,YLR384C,0,-3.3786287,0.08250276744365692,0.4245014190673828,0.4720797836780548
YIL002C,YHR205W,0,-3.3798594,0.08245711028575897,0.4245014190673828,0.4723646640777588
YOR116C,YKL125W,0,-3.38056,0.0824115052819252,0.4245014190673828,0.47264957427978516
YOR290C,YDR147W,0,-3.3812225,0.08236594498157501,0.4245014190673828,0.4729344844818115
YDL047W,YGR188C,0,-3.3833642,0.0823204442858696,0.4245014190673828,0.4732193648815155
YAL054C,YDR087C,0,-3.3834515,0.08227498829364777,0.4245014190673828,0.47350427508354187
YLR319C,YDR484W,0,-3.3844182,0.08222957700490952,0.4245014190673828,0.47378918528556824
YIL132C,YJL074C,1,-3.3848739,0.08273579925298691,0.4273504316806793,0.47378918528556824
YJL080C,YNL273W,1,-3.3856149,0.08324145525693893,0.43019944429397583,0.47378918528556824
YHR129C,YBR177C,0,-3.3859143,0.08319558948278427,0.43019944429397583,0.4740740656852722
YLR033W,YLR313C,0,-3.3861887,0.08314978331327438,0.43019944429397583,0.4743589758872986
YMR270C,YKR025W,0,-3.3866048,0.08310401439666748,0.43019944429397583,0.47464388608932495
YKL058W,YGR072W,0,-3.386901,0.08305830508470535,0.43019944429397583,0.47492876648902893
YBR050C,YNL135C,0,-3.3879197,0.0830126479268074,0.43019944429397583,0.4752136766910553
YDL003W,YOR156C,1,-3.3879251,0.08351648598909378,0.43304842710494995,0.4752136766910553
YBR020W,YFR009W,0,-3.3883445,0.08347062021493912,0.43304842710494995,0.47549858689308167
YDR359C,YHL006C,0,-3.3887227,0.08342480659484863,0.43304842710494995,0.47578346729278564
YPR005C,YPL075W,0,-3.3889437,0.08337904512882233,0.43304842710494995,0.476068377494812
YOL121C,YPL161C,0,-3.3901558,0.0833333358168602,0.43304842710494995,0.4763532876968384
YEL032W,YOR067C,0,-3.390193,0.08328767120838165,0.43304842710494995,0.47663816809654236
YGR257C,YOL028C,0,-3.3902254,0.08324205875396729,0.43304842710494995,0.4769230782985687
YDL097C,YBR276C,0,-3.3907218,0.0831964984536171,0.43304842710494995,0.4772079885005951
YDR118W,YKL049C,1,-3.391941,0.08369803428649902,0.43589743971824646,0.4772079885005951
YNL088W,YDR147W,0,-3.3926601,0.08365226536989212,0.43589743971824646,0.4774928689002991
YPL137C,YNL172W,1,-3.3927538,0.08415300399065018,0.43874645233154297,0.4774928689002991
YBR009C,YDR453C,0,-3.3942168,0.08410704880952835,0.43874645233154297,0.47777777910232544
YKR042W,YIL115C,0,-3.3943331,0.0840611383318901,0.43874645233154297,0.4780626893043518
YDR110W,YDL216C,0,-3.3945463,0.08401527255773544,0.43874645233154297,0.4783475697040558
YPR042C,YPL161C,0,-3.3961267,0.08396946638822556,0.43874645233154297,0.47863247990608215
YOR067C,YHR066W,0,-3.3965864,0.08392370492219925,0.43874645233154297,0.4789173901081085
YER106W,YMR117C,1,-3.3975558,0.08442265540361404,0.4415954351425171,0.4789173901081085
YNL172W,YPL253C,1,-3.3979306,0.08492106944322586,0.4444444477558136,0.4789173901081085
YML073C,YKR035W-A,0,-3.3982072,0.08487486094236374,0.4444444477558136,0.4792022705078125
YDR147W,YOR149C,0,-3.3983245,0.08482871204614639,0.4444444477558136,0.47948718070983887
YMR068W,YPR030W,0,-3.3987095,0.08478260785341263,0.4444444477558136,0.47977209091186523
YMR270C,YHR012W,0,-3.4001944,0.08473655581474304,0.4444444477558136,0.4800569713115692
YDR449C,YJL111W,0,-3.4008813,0.08469055593013763,0.4444444477558136,0.4803418815135956
YDR379W,YDR244W,0,-3.401248,0.08464460074901581,0.4444444477558136,0.48062679171562195
YDL235C,YGL205W,0,-3.4016273,0.08459869772195816,0.4444444477558136,0.4809116721153259
YML098W,YKL166C,0,-3.4017718,0.08455284684896469,0.4444444477558136,0.4811965823173523
YOL011W,YHR196W,0,-3.4022586,0.0845070406794548,0.4444444477558136,0.48148149251937866
YGL133W,YOR100C,0,-3.4023514,0.0844612866640091,0.4444444477558136,0.48176637291908264
YOL097C,YHR205W,0,-3.402555,0.08441558480262756,0.4444444477558136,0.482051283121109
YDR342C,YHR062C,0,-3.402698,0.08436992764472961,0.4444444477558136,0.4823361933231354
YMR280C,YLR234W,0,-3.402727,0.08432432264089584,0.4444444477558136,0.48262107372283936
YMR059W,YHR001W-A,0,-3.4031074,0.08427876979112625,0.4444444477558136,0.4829059839248657
YEL027W,YML102W,0,-3.4032693,0.08423326164484024,0.4444444477558136,0.4831908941268921
YGL175C,YOR149C,0,-3.4033964,0.08418780565261841,0.4444444477558136,0.48347577452659607
YOL045W,YOR119C,0,-3.4040048,0.08414239436388016,0.4444444477558136,0.48376068472862244
YKL081W,YDR331W,0,-3.4048243,0.08409703522920609,0.4444444477558136,0.4840455949306488
YGR089W,YGL003C,1,-3.40491,0.08459051698446274,0.4472934603691101,0.4840455949306488
YNL307C,YPR135W,1,-3.4049392,0.08508346974849701,0.45014244318008423,0.4840455949306488
YMR023C,YBL020W,0,-3.4049702,0.08503767848014832,0.45014244318008423,0.4843304753303528
YLR176C,YMR227C,0,-3.407067,0.0849919319152832,0.45014244318008423,0.48461538553237915
YBR169C,YPL112C,0,-3.4080677,0.08494623750448227,0.45014244318008423,0.4849002957344055
YML034W,YJL074C,1,-3.4097795,0.08543793857097626,0.45299145579338074,0.4849002957344055
YMR138W,YER008C,0,-3.4098723,0.0853920504450798,0.45299145579338074,0.4851851761341095
YER173W,YCR002C,0,-3.4099936,0.08534621447324753,0.45299145579338074,0.48547008633613586
YOR157C,YDR045C,0,-3.411331,0.08530043065547943,0.45299145579338074,0.48575499653816223
YMR268C,YCR091W,0,-3.4116879,0.08525469154119492,0.45299145579338074,0.4860398769378662
YKL140W,YCR028C-A,0,-3.411705,0.08520900458097458,0.45299145579338074,0.4863247871398926
YCL033C,YGR183C,0,-3.412687,0.08516336232423782,0.45299145579338074,0.48660969734191895
YGR135W,YDL105W,0,-3.4131207,0.08511777222156525,0.45299145579338074,0.4868945777416229
YPL020C,YOR056C,0,-3.4134517,0.08507223427295685,0.45299145579338074,0.4871794879436493
YGL158W,YPL084W,0,-3.4138663,0.08502674102783203,0.45299145579338074,0.48746439814567566
YIL023C,YLR438C-A,0,-3.4148428,0.0849812924861908,0.45299145579338074,0.48774927854537964
YOL158C,YML069W,0,-3.4148564,0.08493589609861374,0.45299145579338074,0.488034188747406
YER042W,YER008C,0,-3.4161305,0.08489055186510086,0.45299145579338074,0.4883190989494324
YEL042W,YML021C,0,-3.416198,0.08484525233507156,0.45299145579338074,0.48860397934913635
YPR135W,YNL273W,1,-3.4165401,0.08533333241939545,0.45584046840667725,0.48860397934913635
YDR235W,YDL212W,0,-3.4167113,0.08528784662485123,0.45584046840667725,0.4888888895511627
YKL053C-A,YBR155W,0,-3.4178543,0.08524240553379059,0.45584046840667725,0.4891737997531891
YMR172W,YPR021C,0,-3.4180672,0.08519701659679413,0.45584046840667725,0.48945868015289307
YLR191W,YGR185C,0,-3.418405,0.08515167981386185,0.45584046840667725,0.48974359035491943
YIL034C,YNL036W,0,-3.418766,0.08510638028383255,0.45584046840667725,0.4900285005569458
YHR176W,YOL011W,0,-3.418827,0.08506114035844803,0.45584046840667725,0.4903133809566498
YMR241W,YKL053C-A,0,-3.419331,0.08501593768596649,0.45584046840667725,0.49059829115867615
YFR055W,YDR379W,0,-3.4194064,0.08497079461812973,0.45584046840667725,0.4908832013607025
YJL157C,YPR041W,0,-3.4194438,0.08492568880319595,0.45584046840667725,0.4911680817604065
YNR052C,YLR032W,0,-3.419539,0.08488063514232635,0.45584046840667725,0.49145299196243286
YDR512C,YLR135W,0,-3.420614,0.08483563363552094,0.45584046840667725,0.49173790216445923
YGL070C,YNL267W,0,-3.4213195,0.0847906693816185,0.45584046840667725,0.4920227825641632
YER035W,YHR031C,0,-3.4213715,0.08474576473236084,0.45584046840667725,0.4923076927661896
YOR229W,YEL027W,0,-3.4218116,0.08470089733600616,0.45584046840667725,0.49259260296821594
YEL027W,YOR004W,0,-3.4233134,0.08465608209371567,0.45584046840667725,0.4928774833679199
YDR121W,YLR116W,0,-3.4233363,0.08461131900548935,0.45584046840667725,0.4931623935699463
YGR156W,YPR113W,0,-3.424479,0.08456659317016602,0.45584046840667725,0.49344730377197266
YEL032W,YML019W,0,-3.4250631,0.08452191948890686,0.45584046840667725,0.49373218417167664
YLR176C,YLR092W,0,-3.4253647,0.08447729796171188,0.45584046840667725,0.494017094373703
YOR229W,YKL148C,0,-3.425448,0.08443272113800049,0.45584046840667725,0.49430200457572937
YLR176C,YDL150W,0,-3.4256086,0.08438818901777267,0.45584046840667725,0.49458688497543335
YGL122C,YIR012W,0,-3.4257565,0.08434370160102844,0.45584046840667725,0.4948717951774597
YIL132C,YOR073W,1,-3.425798,0.08482613414525986,0.45868945121765137,0.4948717951774597
YPL020C,YLR214W,0,-3.4264026,0.0847814604640007,0.45868945121765137,0.4951567053794861
YDR147W,YHR001W-A,0,-3.426866,0.08473683893680573,0.45868945121765137,0.49544158577919006
YFL021W,YER155C,0,-3.4293153,0.08469226956367493,0.45868945121765137,0.49572649598121643
YPL132W,YOL045W,0,-3.4294398,0.08464773744344711,0.45868945121765137,0.4960114061832428
YER028C,YGR278W,0,-3.4300404,0.08460325747728348,0.45868945121765137,0.4962962865829468
YNL218W,YNL232W,0,-3.4312837,0.08455882221460342,0.45868945121765137,0.49658119678497314
YDR297W,YPL131W,0,-3.431335,0.08451443910598755,0.45868945121765137,0.4968661069869995
YJL080C,YGL003C,1,-3.431754,0.08499475568532944,0.4615384638309479,0.4968661069869995
YMR241W,YLR191W,0,-3.4320252,0.08495018631219864,0.4615384638309479,0.4971509873867035
YGR191W,YCR093W,0,-3.4324105,0.08490566164255142,0.4615384638309479,0.49743589758872986
YHR085W,YDR384C,0,-3.4329662,0.08486118167638779,0.4615384638309479,0.4977208077907562
YGL122C,YBR170C,0,-3.4329891,0.08481675386428833,0.4615384638309479,0.4980056881904602
YDR289C,YML060W,0,-3.4330027,0.08477237075567245,0.4615384638309479,0.4982905983924866
YGR257C,YCR065W,0,-3.4334934,0.08472803235054016,0.4615384638309479,0.49857550859451294
YER126C,YPL140C,0,-3.4338038,0.08468374609947205,0.4615384638309479,0.4988603889942169
YNL281W,YOL045W,0,-3.4339526,0.08463949710130692,0.4615384638309479,0.4991452991962433
YGR020C,YGR072W,0,-3.43436,0.08459530025720596,0.4615384638309479,0.49943020939826965
YDR039C,YAR003W,0,-3.4350636,0.08455114811658859,0.4615384638309479,0.49971508979797363
YDR463W,YIR033W,0,-3.4351196,0.0845070406794548,0.4615384638309479,0.5
YDR324C,YER068W,0,-3.4352622,0.08446298539638519,0.4615384638309479,0.5002849102020264
YOR132W,YPL131W,0,-3.4384463,0.08441896736621857,0.4615384638309479,0.5005698204040527
YDL007W,YDR308C,0,-3.4390264,0.08437500149011612,0.4615384638309479,0.5008547306060791
YJL194W,YPL075W,0,-3.4391189,0.08433108031749725,0.4615384638309479,0.5011395812034607
YOR132W,YNL036W,0,-3.4393392,0.08428720384836197,0.4615384638309479,0.5014244914054871
YMR138W,YPL075W,0,-3.4394827,0.08424337208271027,0.4615384638309479,0.5017094016075134
YBR250W,YJR082C,0,-3.4403613,0.08419958502054214,0.4615384638309479,0.5019943118095398
YDL135C,YDR235W,0,-3.440659,0.0841558426618576,0.4615384638309479,0.5022792220115662
YNL326C,YKR079C,0,-3.4411278,0.08411215245723724,0.4615384638309479,0.5025641322135925
YER068W,YER006W,0,-3.4412677,0.08406849950551987,0.4615384638309479,0.5028489828109741
YDL017W,YER159C,0,-3.441349,0.08402489870786667,0.4615384638309479,0.5031338930130005
YOR245C,YBR267W,0,-3.441381,0.08398133516311646,0.4615384638309479,0.5034188032150269
YDR419W,YGL012W,0,-3.4421344,0.08393782377243042,0.4615384638309479,0.5037037134170532
YFR028C,YIL031W,0,-3.4431067,0.08389435708522797,0.4615384638309479,0.5039886236190796
YKL008C,YGR077C,0,-3.4431834,0.0838509351015091,0.4615384638309479,0.504273533821106
YLL034C,YDR385W,0,-3.4434538,0.0838075503706932,0.4615384638309479,0.5045583844184875
YMR023C,YDR216W,0,-3.4436336,0.0837642177939415,0.4615384638309479,0.5048432946205139
YOR245C,YLR459W,0,-3.4438262,0.08372092992067337,0.4615384638309479,0.5051282048225403
YMR030W,YGR218W,0,-3.4441454,0.08367768675088882,0.4615384638309479,0.5054131150245667
YER155C,YHR066W,0,-3.4446862,0.08363448828458786,0.4615384638309479,0.505698025226593
YJL074C,YIR025W,1,-3.444937,0.08410732448101044,0.4643874764442444,0.505698025226593
YLR060W,YLR216C,0,-3.445179,0.08406394720077515,0.4643874764442444,0.5059829354286194
YHR067W,YJL063C,0,-3.445324,0.08402062207460403,0.4643874764442444,0.506267786026001
YKL117W,YPL151C,0,-3.4458127,0.08397733420133591,0.4643874764442444,0.5065526962280273
YML098W,YGL175C,0,-3.446004,0.08393409103155136,0.4643874764442444,0.5068376064300537
YOR341W,YMR127C,0,-3.4461174,0.0838908925652504,0.4643874764442444,0.5071225166320801
YPL020C,YOL097C,0,-3.4462295,0.08384773880243301,0.4643874764442444,0.5074074268341064
YPL057C,YGR112W,0,-3.4466825,0.08380462974309921,0.4643874764442444,0.5076923370361328
YMR273C,YBR010W,0,-3.446724,0.08376156538724899,0.4643874764442444,0.5079771876335144
YGR129W,YFL031W,0,-3.4467833,0.08371853828430176,0.4643874764442444,0.5082620978355408
YHR019C,YNL091W,0,-3.4478292,0.0836755633354187,0.4643874764442444,0.5085470080375671
YPL151C,YJL041W,0,-3.4482691,0.08363263309001923,0.4643874764442444,0.5088319182395935
YNL021W,YHR073W,0,-3.448589,0.08358974009752274,0.4643874764442444,0.5091168284416199
YER169W,YLR116W,0,-3.4489665,0.08354689925909042,0.4643874764442444,0.5094017386436462
YBL035C,YDR302W,0,-3.449397,0.0835040956735611,0.4643874764442444,0.5096865892410278
YAL059W,YPL075W,0,-3.4499435,0.08346134424209595,0.4643874764442444,0.5099714994430542
YLR310C,YPL192C,0,-3.4501872,0.08341863006353378,0.4643874764442444,0.5102564096450806
YBR199W,YGR056W,0,-3.450682,0.0833759605884552,0.4643874764442444,0.5105413198471069
YNL307C,YDR318W,1,-3.4511552,0.08384457975625992,0.4672364592552185,0.5105413198471069
YPR057W,YDR258C,0,-3.4512553,0.0838017389178276,0.4672364592552185,0.5108262300491333
YPR186C,YLR396C,0,-3.4517815,0.08375893533229828,0.4672364592552185,0.5111111402511597
YOR004W,YHR042W,0,-3.4524517,0.08371618390083313,0.4672364592552185,0.5113959908485413
YPL091W,YOR308C,0,-3.4525776,0.08367346972227097,0.4672364592552185,0.5116809010505676
YNL221C,YKL188C,0,-3.4525883,0.08363080024719238,0.4672364592552185,0.511965811252594
YML023C,YOL028C,0,-3.453205,0.08358817547559738,0.4672364592552185,0.5122507214546204
YLR131C,YOR008C,0,-3.4538777,0.08354559540748596,0.4672364592552185,0.5125356316566467
YNL283C,YHR016C,0,-3.4539728,0.08350305259227753,0.4672364592552185,0.5128205418586731
YJR053W,YHR001W-A,0,-3.4543605,0.08346056193113327,0.4672364592552185,0.5131053924560547
YOR316C,YNL007C,0,-3.4554923,0.083418108522892,0.4672364592552185,0.513390302658081
YJL074C,YPR046W,1,-3.4555855,0.0838840901851654,0.470085471868515,0.513390302658081
YKL081W,YHR107C,0,-3.4565198,0.0838414654135704,0.470085471868515,0.5136752128601074
YDL007W,YOR319W,0,-3.458373,0.08379888534545898,0.470085471868515,0.5139601230621338
YGR170W,YML036W,0,-3.4585216,0.08375634253025055,0.470085471868515,0.5142450332641602
YBR080C,YJL006C,0,-3.4587097,0.08371385186910629,0.470085471868515,0.5145299434661865
YHR031C,YMR287C,0,-3.4596014,0.08367139846086502,0.470085471868515,0.5148147940635681
YNL106C,YMR227C,0,-3.4596334,0.08362898975610733,0.470085471868515,0.5150997042655945
YEL024W,YMR179W,0,-3.4597597,0.08358662575483322,0.470085471868515,0.5153846144676208
YBR172C,YDL212W,0,-3.4606311,0.0835443064570427,0.470085471868515,0.5156695246696472
YDR393W,YOL060C,0,-3.461977,0.08350202441215515,0.470085471868515,0.5159544348716736
YML110C,YKL053C-A,0,-3.4627082,0.08345978707075119,0.470085471868515,0.5162393450737
YPL174C,YDR279W,0,-3.46281,0.08341759443283081,0.470085471868515,0.5165241956710815
YOL158C,YOR208W,0,-3.4638047,0.08337543904781342,0.470085471868515,0.5168091058731079
YLR117C,YDR212W,0,-3.4638286,0.0833333358168602,0.470085471868515,0.5170940160751343
YKL049C,YPL253C,1,-3.463892,0.08379606157541275,0.4729344844818115,0.5170940160751343
YBR169C,YER149C,0,-3.4644008,0.0837537869811058,0.4729344844818115,0.5173789262771606
YPR056W,YPL131W,0,-3.4650567,0.08371154963970184,0.4729344844818115,0.517663836479187
YDR059C,YDR404C,0,-3.4651747,0.08366935700178146,0.4729344844818115,0.5179487466812134
YBR020W,YDR164C,0,-3.4652226,0.08362720161676407,0.4729344844818115,0.518233597278595
YML008C,YGR094W,0,-3.4664388,0.08358509838581085,0.4729344844818115,0.5185185074806213
YDL115C,YLR138W,0,-3.4668531,0.08354303240776062,0.4729344844818115,0.5188034176826477
YER001W,YGR262C,0,-3.466973,0.08350100368261337,0.4729344844818115,0.5190883278846741
YFR040W,YDR045C,0,-3.4671535,0.0834590271115303,0.4729344844818115,0.5193732380867004
YDL231C,YBR020W,0,-3.467319,0.08341708779335022,0.4729344844818115,0.5196581482887268
YIL132C,YJR068W,1,-3.4682684,0.08387745171785355,0.47578346729278564,0.5196581482887268
YGR247W,YOR272W,0,-3.468433,0.08383534103631973,0.47578346729278564,0.5199429988861084
YNL182C,YMR149W,0,-3.4685192,0.0837932750582695,0.47578346729278564,0.5202279090881348
YER149C,YJR031C,0,-3.4685593,0.08375125378370285,0.47578346729278564,0.5205128192901611
YHR152W,YGR077C,0,-3.4685698,0.08370926976203918,0.47578346729278564,0.5207977294921875
YHR174W,YBR172C,0,-3.4694853,0.0836673378944397,0.47578346729278564,0.5210826396942139
YNL149C,YPR041W,0,-3.4697664,0.0836254358291626,0.47578346729278564,0.5213675498962402
YPL256C,YNL186W,0,-3.46984,0.08358358591794968,0.47578346729278564,0.5216524004936218
YCR089W,YJR090C,0,-3.4699137,0.08354177325963974,0.47578346729278564,0.5219373106956482
YBR169C,YHR150W,0,-3.470026,0.08349999785423279,0.47578346729278564,0.5222222208976746
YPL233W,YPL137C,1,-3.4704156,0.08395802229642868,0.47863247990608215,0.5222222208976746
YKR087C,YOL090W,0,-3.471366,0.0839160829782486,0.47863247990608215,0.5225071310997009
YOR156C,YJL074C,1,-3.4717193,0.08437343686819077,0.48148149251937866,0.5225071310997009
YLR276C,YKL007W,0,-3.4719672,0.08433133363723755,0.48148149251937866,0.5227920413017273
YLL034C,YJR049C,0,-3.472324,0.08428927510976791,0.48148149251937866,0.5230769515037537
YOL089C,YNR054C,0,-3.472958,0.08424726128578186,0.48148149251937866,0.5233618021011353
YPL091W,YMR201C,0,-3.4731586,0.08420528471469879,0.48148149251937866,0.5236467123031616
YOL060C,YPL192C,0,-3.4736187,0.08416334539651871,0.48148149251937866,0.523931622505188
YBR050C,YGR112W,0,-3.4751248,0.0841214507818222,0.48148149251937866,0.5242165327072144
YLR459W,YML008C,0,-3.475397,0.08407960087060928,0.48148149251937866,0.5245014429092407
YPL192C,YBR273C,0,-3.4758067,0.08403779566287994,0.48148149251937866,0.5247863531112671
YGL233W,YOL023W,0,-3.4761114,0.08399602025747299,0.48148149251937866,0.5250712037086487
YGL071W,YCR002C,0,-3.4761572,0.08395429700613022,0.48148149251937866,0.525356113910675
YOR193W,YNL173C,0,-3.4772816,0.08391261100769043,0.48148149251937866,0.5256410241127014
YPL233W,YNL172W,1,-3.4773588,0.08436724543571472,0.4843304753303528,0.5256410241127014
YNL149C,YPR164W,0,-3.4781377,0.0843253955245018,0.4843304753303528,0.5259259343147278
YPL057C,YOR168W,0,-3.4791107,0.08428359031677246,0.4843304753303528,0.5262108445167542
YBL025W,YOR008C,0,-3.479339,0.0842418223619461,0.4843304753303528,0.5264957547187805
YEL054C,YHR073W,0,-3.4795585,0.08420009911060333,0.4843304753303528,0.5267806053161621
YOR156C,YEL061C,1,-3.4798949,0.08465346693992615,0.4871794879436493,0.5267806053161621
YDR436W,YOR334W,0,-3.4801984,0.08461157977581024,0.4871794879436493,0.5270655155181885
YML094W,YBL009W,0,-3.4807127,0.08456972986459732,0.4871794879436493,0.5273504257202148
YKL049C,YPR046W,1,-3.480752,0.08502224087715149,0.4900285005569458,0.5273504257202148
YIL075C,YDR404C,0,-3.4809072,0.08498023450374603,0.4900285005569458,0.5276353359222412
YGR072W,YER006W,0,-3.480914,0.08493827283382416,0.4900285005569458,0.5279202461242676
YDR118W,YOR156C,1,-3.481411,0.08538993448019028,0.4928774833679199,0.5279202461242676
YPL137C,YPR046W,1,-3.4817193,0.08584114164113998,0.49572649598121643,0.5279202461242676
YGL133W,YIR026C,0,-3.4825602,0.08579881489276886,0.49572649598121643,0.528205156326294
YDR146C,YKR085C,0,-3.4827943,0.08575653284788132,0.49572649598121643,0.5284900069236755
YLR016C,YNR072W,0,-3.4828138,0.08571428805589676,0.49572649598121643,0.5287749171257019
YJL194W,YOL023W,0,-3.482861,0.08567208051681519,0.49572649598121643,0.5290598273277283
YOR245C,YGR247W,0,-3.4829273,0.0856299176812172,0.49572649598121643,0.5293447375297546
YMR179W,YML094W,0,-3.4831953,0.08558779954910278,0.49572649598121643,0.529629647731781
YDR302W,YML094W,0,-3.483819,0.08554572612047195,0.49572649598121643,0.5299145579338074
YNL091W,YDR297W,0,-3.4843726,0.08550368249416351,0.49572649598121643,0.530199408531189
YKL018W,YOL028C,0,-3.4848742,0.08546169102191925,0.49572649598121643,0.5304843187332153
YKL051W,YLR438C-A,0,-3.4850292,0.08541973680257797,0.49572649598121643,0.5307692289352417
YML015C,YGL205W,0,-3.4851882,0.08537781983613968,0.49572649598121643,0.5310541391372681
YDR146C,YDR116C,0,-3.4853678,0.08533594757318497,0.49572649598121643,0.5313390493392944
YDR302W,YER126C,0,-3.4853997,0.08529412001371384,0.49572649598121643,0.5316239595413208
YNL273W,YGL003C,1,-3.486198,0.0857422798871994,0.49857550859451294,0.5316239595413208
YER161C,YHR107C,0,-3.4862075,0.08570029586553574,0.49857550859451294,0.5319088101387024
YOR008C,YLR141W,0,-3.486957,0.08565834909677505,0.49857550859451294,0.5321937203407288
YDL043C,YDR385W,0,-3.4872184,0.08561643958091736,0.49857550859451294,0.5324786305427551
YMR287C,YDR284C,0,-3.487803,0.08557457476854324,0.49857550859451294,0.5327635407447815
YDL017W,YDR512C,0,-3.4879446,0.08553274720907211,0.49857550859451294,0.5330484509468079
YNL139C,YHR067W,0,-3.4886189,0.08549096435308456,0.49857550859451294,0.5333333611488342
YDL003W,YPL253C,1,-3.4886332,0.0859375,0.5014244914054871,0.5333333611488342
YEL054C,YOL051W,0,-3.4891174,0.08589556068181992,0.5014244914054871,0.5336182117462158
YMR298W,YKL008C,0,-3.4902244,0.08585365861654282,0.5014244914054871,0.5339031219482422
YBL035C,YLR067C,0,-3.4921613,0.0858118012547493,0.5014244914054871,0.5341880321502686
YLR032W,YJL041W,0,-3.4926305,0.08576998114585876,0.5014244914054871,0.5344729423522949
YBL035C,YDL143W,0,-3.492639,0.08572820574045181,0.5014244914054871,0.5347578525543213
YGR262C,YNL232W,0,-3.4931846,0.08568646758794785,0.5014244914054871,0.5350427627563477
YOL011W,YHR205W,0,-3.4933066,0.08564476668834686,0.5014244914054871,0.5353276133537292
YLR110C,YKL053C-A,0,-3.493852,0.08560311049222946,0.5014244914054871,0.5356125235557556
YKR061W,YOL045W,0,-3.494174,0.08556149899959564,0.5014244914054871,0.535897433757782
YBR112C,YPR016C,0,-3.494256,0.08551992475986481,0.5014244914054871,0.5361823439598083
YML019W,YCR028C-A,0,-3.4943771,0.08547838777303696,0.5014244914054871,0.5364672541618347
YDR153C,YNL126W,0,-3.4950652,0.08543689548969269,0.5014244914054871,0.5367521643638611
YPR135W,YPL137C,1,-3.4955359,0.08588063716888428,0.504273533821106,0.5367521643638611
YMR298W,YIR009W,0,-3.4956484,0.08583898842334747,0.504273533821106,0.5370370149612427
YBL025W,YGL243W,0,-3.4957337,0.08579738438129425,0.504273533821106,0.537321925163269
YKL049C,YNL172W,1,-3.495791,0.08624030649662018,0.5071225166320801,0.537321925163269
YER126C,YBR010W,0,-3.4964156,0.08619854599237442,0.5071225166320801,0.5376068353652954
YBR177C,YJL191W,0,-3.4970126,0.08615682274103165,0.5071225166320801,0.5378917455673218
YDL003W,YKL049C,1,-3.4974234,0.08659893274307251,0.5099714994430542,0.5378917455673218
YCR091W,YOR308C,0,-3.497552,0.0865570604801178,0.5099714994430542,0.5381766557693481
YMR273C,YNL261W,0,-3.4982271,0.08651522547006607,0.5099714994430542,0.5384615659713745
YOR060C,YDR404C,0,-3.4984121,0.08647342771291733,0.5099714994430542,0.5387464165687561
YOR156C,YMR117C,1,-3.49856,0.0869145318865776,0.5128205418586731,0.5387464165687561
YHR016C,YER123W,0,-3.499759,0.08687258511781693,0.5128205418586731,0.5390313267707825
YLR117C,YPR082C,0,-3.5000887,0.08683068305253983,0.5128205418586731,0.5393162369728088
YDR085C,YIR015W,0,-3.5005076,0.08678881078958511,0.5128205418586731,0.5396011471748352
YDL003W,YML034W,1,-3.5007777,0.0872289165854454,0.5156695246696472,0.5396011471748352
YNL273W,YPL253C,1,-3.5008607,0.08766859024763107,0.5185185074806213,0.5396011471748352
YMR287C,YML036W,0,-3.5011578,0.0876263827085495,0.5185185074806213,0.5398860573768616
YPR135W,YOR073W,1,-3.5027876,0.08806544542312622,0.5213675498962402,0.5398860573768616
YMR287C,YDR147W,0,-3.5031562,0.08802308887243271,0.5213675498962402,0.5401709675788879
YBL008W,YCR002C,0,-3.5042706,0.08798076957464218,0.5213675498962402,0.5404558181762695
YMR270C,YHL007C,0,-3.5043411,0.08793848752975464,0.5213675498962402,0.5407407283782959
YPL137C,YGL003C,1,-3.5046413,0.08837655931711197,0.5242165327072144,0.5407407283782959
YJL128C,YIL017C,0,-3.5047753,0.08833413571119308,0.5242165327072144,0.5410256385803223
YKL049C,YMR117C,1,-3.5052881,0.08877159655094147,0.5270655155181885,0.5410256385803223
YIR015W,YOR377W,0,-3.5053353,0.08872901648283005,0.5270655155181885,0.5413105487823486
YNL221C,YJR057W,0,-3.5060787,0.08868648111820221,0.5270655155181885,0.541595458984375
YDR503C,YLR248W,0,-3.506364,0.08864398300647736,0.5270655155181885,0.5418803691864014
YML034W,YPR046W,1,-3.506897,0.08908046036958694,0.5299145579338074,0.5418803691864014
YLR103C,YOL021C,0,-3.507218,0.08903782069683075,0.5299145579338074,0.542165219783783
YML034W,YPL253C,1,-3.507317,0.08947368711233139,0.5327635407447815,0.542165219783783
YOR256C,YBR172C,0,-3.5073814,0.08943089097738266,0.5327635407447815,0.5424501299858093
YDR385W,YDR512C,0,-3.50741,0.08938814699649811,0.5327635407447815,0.5427350401878357
YEL013W,YHR164C,0,-3.5081644,0.08934544026851654,0.5327635407447815,0.5430199503898621
YBL025W,YOL045W,0,-3.5085168,0.08930277079343796,0.5327635407447815,0.5433048605918884
YLR320W,YOR308C,0,-3.5086217,0.08926014602184296,0.5327635407447815,0.5435897707939148
YKL049C,YNL273W,1,-3.5089006,0.08969465643167496,0.5356125235557556,0.5435897707939148
YNL130C,YPR023C,0,-3.5091643,0.08965188264846802,0.5356125235557556,0.5438746213912964
YKL049C,YGL003C,1,-3.5091896,0.09008579701185226,0.5384615659713745,0.5438746213912964
YOR208W,YLR313C,0,-3.5093741,0.09004287421703339,0.5384615659713745,0.5441595315933228
YPL233W,YIR025W,1,-3.5101395,0.09047619253396988,0.5413105487823486,0.5441595315933228
YEL032W,YLR100W,0,-3.5105462,0.09043312817811966,0.5413105487823486,0.5444444417953491
YLL003W,YCR065W,0,-3.5119534,0.09039010107517242,0.5413105487823486,0.5447293519973755
YPR021C,YHR165C,0,-3.5121226,0.09034712612628937,0.5413105487823486,0.5450142621994019
YIL031W,YPL087W,0,-3.5123181,0.0903041809797287,0.5413105487823486,0.5452991724014282
YLR234W,YDR392W,0,-3.5134473,0.09026128053665161,0.5413105487823486,0.5455840229988098
YBR250W,YBR095C,0,-3.5138226,0.0902184247970581,0.5413105487823486,0.5458689332008362
YJL074C,YNL172W,1,-3.5138388,0.09065021574497223,0.5441595315933228,0.5458689332008362
YER082C,YDL216C,0,-3.5139742,0.09060721099376678,0.5441595315933228,0.5461538434028625
YNL299W,YIR025W,1,-3.514485,0.09103840589523315,0.5470085740089417,0.5461538434028625
YDL135C,YDR398W,0,-3.5159163,0.09099525958299637,0.5470085740089417,0.5464387536048889
YNL173C,YKR101W,0,-3.5172086,0.09095215797424316,0.5470085740089417,0.5467236638069153
YIL132C,YNL172W,1,-3.5172834,0.09138257801532745,0.5498575568199158,0.5467236638069153
YCR089W,YOL045W,0,-3.5173268,0.09133932739496231,0.5498575568199158,0.5470085740089417
YPR034W,YHR150W,0,-3.518023,0.09129612147808075,0.5498575568199158,0.5472934246063232
YDL200C,YNL036W,0,-3.5181208,0.09125295281410217,0.5498575568199158,0.5475783348083496
YER035W,YER008C,0,-3.5185509,0.09120982885360718,0.5498575568199158,0.547863245010376
YOR386W,YHR031C,0,-3.5204043,0.09116674214601517,0.5498575568199158,0.5481481552124023
YHR069C,YBL046W,0,-3.521121,0.09112370014190674,0.5498575568199158,0.5484330654144287
YNL207W,YDL097C,0,-3.5214355,0.0910806953907013,0.5498575568199158,0.5487179756164551
YDR342C,YDL235C,0,-3.5215144,0.09103773534297943,0.5498575568199158,0.5490028262138367
YHR176W,YCR091W,0,-3.5218384,0.09099481254816055,0.5498575568199158,0.549287736415863
YDR059C,YGL012W,0,-3.5220447,0.09095193445682526,0.5498575568199158,0.5495726466178894
YJR143C,YKL058W,0,-3.522921,0.09090909361839294,0.5498575568199158,0.5498575568199158
YMR270C,YDR182W,0,-3.523096,0.09086629003286362,0.5498575568199158,0.5501424670219421
YLR409C,YGR020C,0,-3.523991,0.09082353115081787,0.5498575568199158,0.5504273772239685
YBL007C,YBR172C,0,-3.5243843,0.09078080952167511,0.5498575568199158,0.5507122278213501
YDR118W,YNL273W,1,-3.5245621,0.09120827168226242,0.5527065396308899,0.5507122278213501
YGL127C,YML015C,0,-3.5256772,0.09116541594266891,0.5527065396308899,0.5509971380233765
YNL326C,YGL158W,0,-3.526927,0.0911225900053978,0.5527065396308899,0.5512820482254028
YBR079C,YBR135W,0,-3.5270834,0.09107980877161026,0.5527065396308899,0.5515669584274292
YDL147W,YFL031W,0,-3.5270958,0.0910370722413063,0.5527065396308899,0.5518518686294556
YIL034C,YML008C,0,-3.5271525,0.09099437296390533,0.5527065396308899,0.5521367788314819
YMR023C,YKL007W,0,-3.5273,0.09095171093940735,0.5527065396308899,0.5524216294288635
YHR152W,YDL212W,0,-3.5278213,0.09090909361839294,0.5527065396308899,0.5527065396308899
YDR075W,YLR459W,0,-3.5287244,0.09086651355028152,0.5527065396308899,0.5529914498329163
YDR279W,YJL033W,0,-3.529162,0.09082397073507309,0.5527065396308899,0.5532763600349426
YJR057W,YKR101W,0,-3.5291967,0.09078147262334824,0.5527065396308899,0.553561270236969
YML028W,YGR002C,0,-3.530105,0.09073901176452637,0.5527065396308899,0.5538461804389954
YOL124C,YMR268C,0,-3.5310006,0.09069658815860748,0.5527065396308899,0.554131031036377
YIL017C,YLR438C-A,0,-3.5310645,0.09065420925617218,0.5527065396308899,0.5544159412384033
YDL017W,YHR107C,0,-3.5312548,0.09061186015605927,0.5527065396308899,0.5547008514404297
YNR054C,YDR153C,0,-3.5317974,0.09056956321001053,0.5527065396308899,0.554985761642456
YML094W,YHR001W-A,0,-3.5318704,0.09052729606628418,0.5527065396308899,0.5552706718444824
YER109C,YGR077C,0,-3.5323486,0.09048507362604141,0.5527065396308899,0.5555555820465088
YPL001W,YDR069C,0,-3.5325499,0.09044288843870163,0.5527065396308899,0.5558404326438904
YOL077W-A,YKR101W,0,-3.5327134,0.09040074795484543,0.5527065396308899,0.5561253428459167
YOR193W,YDR279W,0,-3.5332716,0.09035863727331161,0.5527065396308899,0.5564102530479431
YFR055W,YLR248W,0,-3.5334244,0.09031657129526138,0.5527065396308899,0.5566951632499695
YOR341W,YGR112W,0,-3.5345502,0.09027455002069473,0.5527065396308899,0.5569800734519958
YBR273C,YIL031W,0,-3.5354261,0.09023255854845047,0.5527065396308899,0.5572649836540222
YIL132C,YMR117C,1,-3.5354931,0.09065550565719604,0.5555555820465088,0.5572649836540222
YBR020W,YGR262C,0,-3.5355527,0.09061338007450104,0.5555555820465088,0.5575498342514038
YDL017W,YHR152W,0,-3.5357547,0.09057129919528961,0.5555555820465088,0.5578347444534302
YFR050C,YHR107C,0,-3.5361335,0.09052924811840057,0.5555555820465088,0.5581196546554565
YMR270C,YMR241W,0,-3.536166,0.09048724174499512,0.5555555820465088,0.5584045648574829
YPL174C,YGL111W,0,-3.5369608,0.09044527262449265,0.5555555820465088,0.5586894750595093
YOR319W,YBR155W,0,-3.5376267,0.09040334075689316,0.5555555820465088,0.5589743852615356
YML110C,YHR073W,0,-3.5377069,0.09036144614219666,0.5555555820465088,0.5592592358589172
YPR030W,YDR182W,0,-3.5380988,0.09031958878040314,0.5555555820465088,0.5595441460609436
YKL049C,YOR156C,1,-3.5382347,0.09074074029922485,0.5584045648574829,0.5595441460609436
YLR192C,YBL093C,0,-3.538322,0.09069874882698059,0.5584045648574829,0.55982905626297
YOR034C,YKL012W,0,-3.5383334,0.09065680205821991,0.5584045648574829,0.5601139664649963
YPL132W,YDL135C,0,-3.538474,0.09061488509178162,0.5584045648574829,0.5603988766670227
YGR257C,YDR039C,0,-3.5386293,0.0905730128288269,0.5584045648574829,0.5606837868690491
YNL182C,YLR105C,0,-3.5390754,0.09053117781877518,0.5584045648574829,0.5609686374664307
YFL009W,YER053C,0,-3.5396404,0.09048938006162643,0.5584045648574829,0.561253547668457
YCR081W,YKR061W,0,-3.5399613,0.09044762700796127,0.5584045648574829,0.5615384578704834
YDL115C,YDR110W,0,-3.541121,0.0904059037566185,0.5584045648574829,0.5618233680725098
YOR148C,YLR376C,0,-3.5415425,0.09036422520875931,0.5584045648574829,0.5621082782745361
YOR073W,YMR117C,1,-3.5416727,0.09078340977430344,0.561253547668457,0.5621082782745361
YCL004W,YPL001W,0,-3.5420845,0.0907415971159935,0.561253547668457,0.5623931884765625
YIR009W,YGL087C,0,-3.5422957,0.09069981426000595,0.561253547668457,0.5626780390739441
YMR025W,YCR093W,0,-3.5424047,0.09065807610750198,0.561253547668457,0.5629629492759705
YJL207C,YKL148C,0,-3.5426269,0.090616375207901,0.561253547668457,0.5632478594779968
YNL221C,YLR396C,0,-3.542744,0.090574711561203,0.561253547668457,0.5635327696800232
YNL130C,YDR211W,0,-3.5428705,0.09053308516740799,0.561253547668457,0.5638176798820496
YLR105C,YMR162C,0,-3.543491,0.09049150347709656,0.561253547668457,0.5641025900840759
YIR004W,YDL154W,0,-3.5437188,0.09044995158910751,0.561253547668457,0.5643874406814575
YOR060C,YML021C,0,-3.543754,0.09040844440460205,0.561253547668457,0.5646723508834839
YNL307C,YJL080C,1,-3.5440388,0.09082568436861038,0.5641025900840759,0.5646723508834839
YBL052C,YJR057W,0,-3.5450351,0.09078404307365417,0.5641025900840759,0.5649572610855103
YNL222W,YAL051W,0,-3.5454273,0.09074243903160095,0.5641025900840759,0.5652421712875366
YIR015W,YLR337C,0,-3.54564,0.09070087224245071,0.5641025900840759,0.565527081489563
YHR175W,YGL070C,0,-3.5458636,0.09065934270620346,0.5641025900840759,0.5658119916915894
YPR057W,YBR160W,0,-3.5473666,0.09061785042285919,0.5641025900840759,0.566096842288971
YJL074C,YEL061C,1,-3.5476391,0.09103385359048843,0.56695157289505,0.566096842288971
YLR103C,YOR270C,0,-3.5477405,0.09099222719669342,0.56695157289505,0.5663817524909973
YKL008C,YGL173C,0,-3.5480316,0.09095063805580139,0.56695157289505,0.5666666626930237
YBR114W,YPL151C,0,-3.5485468,0.09090909361839294,0.56695157289505,0.56695157289505
YDR120C,YNR052C,0,-3.548968,0.09086757898330688,0.56695157289505,0.5672364830970764
YHR082C,YML094W,0,-3.5491881,0.0908261090517044,0.56695157289505,0.5675213932991028
YPL087W,YER123W,0,-3.5494566,0.09078466892242432,0.56695157289505,0.5678062438964844
YBR050C,YMR125W,0,-3.5495849,0.09074327349662781,0.56695157289505,0.5680911540985107
YDR379W,YPR094W,0,-3.5498676,0.09070191532373428,0.56695157289505,0.5683760643005371
YGR247W,YDL197C,0,-3.550496,0.09066059440374374,0.56695157289505,0.5686609745025635
YDR456W,YGR128C,0,-3.5511546,0.09061931073665619,0.56695157289505,0.5689458847045898
YOR193W,YPL196W,0,-3.5513716,0.09057806432247162,0.56695157289505,0.5692307949066162
YBR050C,YDL044C,0,-3.5514848,0.09053685516119003,0.56695157289505,0.5695156455039978
YLR131C,YFR028C,0,-3.5515075,0.09049568325281143,0.56695157289505,0.5698005557060242
YER161C,YGR112W,0,-3.5519996,0.09045454859733582,0.56695157289505,0.5700854659080505
YJL048C,YNR008W,0,-3.552239,0.09041345119476318,0.56695157289505,0.5703703761100769
YPL137C,YJL074C,1,-3.5528374,0.09082651883363724,0.5698005557060242,0.5703703761100769
YOR341W,YML028W,0,-3.5536802,0.09078529477119446,0.5698005557060242,0.5706552863121033
YDR503C,YGR188C,0,-3.5538194,0.09074410051107407,0.5698005557060242,0.5709401965141296
YHL007C,YDR279W,0,-3.5538461,0.09070295095443726,0.5698005557060242,0.5712250471115112
YDR216W,YGR020C,0,-3.5541863,0.09066183120012283,0.5698005557060242,0.5715099573135376
YGL233W,YLR216C,0,-3.556655,0.0906207486987114,0.5698005557060242,0.571794867515564
YPL178W,YIL017C,0,-3.556837,0.09057971090078354,0.5698005557060242,0.5720797777175903
YDR118W,YJL080C,1,-3.557827,0.09099140018224716,0.5726495981216431,0.5720797777175903
YOR079C,YIL017C,0,-3.5578299,0.09095022827386856,0.5726495981216431,0.5723646879196167
YOL023W,YJR093C,0,-3.558927,0.09090909361839294,0.5726495981216431,0.5726495981216431
YMR138W,YMR059W,0,-3.5589566,0.09086799621582031,0.5726495981216431,0.5729344487190247
YDR118W,YOR073W,1,-3.5591726,0.0912788063287735,0.5754985809326172,0.5729344487190247
YGR278W,YBR267W,0,-3.5595734,0.09123758226633072,0.5754985809326172,0.573219358921051
YML098W,YGR040W,0,-3.5599294,0.09119638800621033,0.5754985809326172,0.5735042691230774
YOR279C,YIL031W,0,-3.560675,0.09115523099899292,0.5754985809326172,0.5737891793251038
YDR463W,YIL154C,0,-3.5613508,0.0911141186952591,0.5754985809326172,0.5740740895271301
YIL034C,YGR218W,0,-3.562038,0.09107303619384766,0.5754985809326172,0.5743589997291565
YOR060C,YBR135W,0,-3.562281,0.0910319983959198,0.5754985809326172,0.5746438503265381
YDL043C,YGL173C,0,-3.5627418,0.09099099040031433,0.5754985809326172,0.5749287605285645
YPR046W,YNL172W,1,-3.5639346,0.09140027314424515,0.5783475637435913,0.5749287605285645
YIR009W,YKR025W,0,-3.5640378,0.09135913848876953,0.5783475637435913,0.5752136707305908
YMR092C,YIR033W,0,-3.564601,0.0913180410861969,0.5783475637435913,0.5754985809326172
YIL154C,YML023C,0,-3.564623,0.09127698093652725,0.5783475637435913,0.5757834911346436
YHL007C,YDR265W,0,-3.564838,0.09123595803976059,0.5783475637435913,0.5760684013366699
YML080W,YNL007C,0,-3.5655932,0.09119496494531631,0.5783475637435913,0.5763532519340515
YNL103W,YPR016C,0,-3.565765,0.09115401655435562,0.5783475637435913,0.5766381621360779
YNL121C,YDR464W,0,-3.5668154,0.09111310541629791,0.5783475637435913,0.5769230723381042
YDL115C,YLR033W,0,-3.5679169,0.09107223153114319,0.5783475637435913,0.5772079825401306
YMR172W,YIR015W,0,-3.5684419,0.09103138744831085,0.5783475637435913,0.577492892742157
YJL080C,YML034W,1,-3.568812,0.09143881499767303,0.5811966061592102,0.577492892742157
YPL045W,YGR129W,0,-3.570126,0.09139785170555115,0.5811966061592102,0.5777778029441833
YBR170C,YER155C,0,-3.5702004,0.09135691821575165,0.5811966061592102,0.5780626535415649
YIR025W,YPL253C,1,-3.5705595,0.09176365286111832,0.5840455889701843,0.5780626535415649
YDR436W,YKL085W,0,-3.5708551,0.09172259271144867,0.5840455889701843,0.5783475637435913
YHR129C,YDR490C,0,-3.5710444,0.0916815772652626,0.5840455889701843,0.5786324739456177
YML080W,YBL035C,0,-3.5710833,0.09164059162139893,0.5840455889701843,0.578917384147644
YLR370C,YDR045C,0,-3.571372,0.09159964323043823,0.5840455889701843,0.5792022943496704
YPR021C,YGR257C,0,-3.571581,0.09155873209238052,0.5840455889701843,0.5794872045516968
YLR310C,YPR082C,0,-3.5717006,0.0915178582072258,0.5840455889701843,0.5797720551490784
YDL003W,YPR135W,1,-3.5726373,0.09192325174808502,0.5868945717811584,0.5797720551490784
YCR065W,YNL147W,0,-3.5732791,0.09188225120306015,0.5868945717811584,0.5800569653511047
YGR123C,YDR527W,0,-3.573401,0.09184128046035767,0.5868945717811584,0.5803418755531311
YEL054C,YKL140W,0,-3.5736709,0.09180035442113876,0.5868945717811584,0.5806267857551575
YKL126W,YMR227C,0,-3.5737133,0.09175946563482285,0.5868945717811584,0.5809116959571838
YGR020C,YJL005W,0,-3.573915,0.09171861410140991,0.5868945717811584,0.5811966061592102
YLR192C,YBL009W,0,-3.5739944,0.09167779237031937,0.5868945717811584,0.5814814567565918
YCR093W,YFL031W,0,-3.5750194,0.0916370078921318,0.5868945717811584,0.5817663669586182
YER088C,YJL006C,0,-3.5751736,0.09159626811742783,0.5868945717811584,0.5820512771606445
YPL233W,YOR073W,1,-3.5755146,0.09200000017881393,0.5897436141967773,0.5820512771606445
YKL058W,YLR117C,0,-3.5758896,0.09195912629365921,0.5897436141967773,0.5823361873626709
YGR003W,YER155C,0,-3.5767868,0.09191829711198807,0.5897436141967773,0.5826210975646973
YJL133W,YPL151C,0,-3.5768614,0.09187749773263931,0.5897436141967773,0.5829060077667236
YNL273W,YPR046W,1,-3.5773628,0.09228038787841797,0.5925925970077515,0.5829060077667236
YOR116C,YPL046C,0,-3.577523,0.09223946928977966,0.5925925970077515,0.5831908583641052
YOR116C,YHR019C,0,-3.5780182,0.09219858050346375,0.5925925970077515,0.5834757685661316
YPL137C,YGR089W,1,-3.5780487,0.09260080009698868,0.5954415798187256,0.5834757685661316
YJL146W,YKL085W,0,-3.5780878,0.09255978465080261,0.5954415798187256,0.583760678768158
YHR073W,YNL214W,0,-3.5783525,0.09251881390810013,0.5954415798187256,0.5840455889701843
YEL032W,YOR270C,0,-3.5784101,0.09247787296772003,0.5954415798187256,0.5843304991722107
YNL218W,YBR199W,0,-3.578981,0.09243697673082352,0.5954415798187256,0.5846154093742371
YGR003W,YPL140C,0,-3.5793893,0.09239611029624939,0.5954415798187256,0.5849002599716187
YOR079C,YDR116C,0,-3.5801272,0.09235528111457825,0.5954415798187256,0.585185170173645
YER035W,YNL135C,0,-3.5804791,0.09231448918581009,0.5954415798187256,0.5854700803756714
YPR075C,YEL027W,0,-3.580895,0.09227372705936432,0.5954415798187256,0.5857549905776978
YML034W,YNL172W,1,-3.580923,0.09267431497573853,0.5982906222343445,0.5857549905776978
YMR270C,YGR254W,0,-3.5810683,0.0926334336400032,0.5982906222343445,0.5860399007797241
YDR118W,YJL074C,1,-3.581156,0.09303350746631622,0.6011396050453186,0.5860399007797241
YNL197C,YML094W,0,-3.5813131,0.09299250692129135,0.6011396050453186,0.5863248109817505
YNL222W,YOL051W,0,-3.5824962,0.09295154362916946,0.6011396050453186,0.5866096615791321
YHR067W,YGR156W,0,-3.58329,0.09291061013936996,0.6011396050453186,0.5868945717811584
YFR028C,YPR094W,0,-3.5833006,0.09286972135305405,0.6011396050453186,0.5871794819831848
YML073C,YJL012C,0,-3.5836353,0.09282886236906052,0.6011396050453186,0.5874643921852112
YLR192C,YHR066W,0,-3.5836484,0.09278804063796997,0.6011396050453186,0.5877493023872375
YJR103W,YDR464W,0,-3.583735,0.09274725615978241,0.6011396050453186,0.5880342125892639
YMR227C,YOR004W,0,-3.5843177,0.09270650148391724,0.6011396050453186,0.5883190631866455
YNL186W,YPR023C,0,-3.5844047,0.09266579151153564,0.6011396050453186,0.5886039733886719
YPR164W,YGL044C,0,-3.5846121,0.09262511134147644,0.6011396050453186,0.5888888835906982
YNL222W,YPR182W,0,-3.5846357,0.09258446842432022,0.6011396050453186,0.5891737937927246
YAR003W,YER159C,0,-3.5848184,0.09254386276006699,0.6011396050453186,0.589458703994751
YOR193W,YDR361C,0,-3.5849137,0.09250328689813614,0.6011396050453186,0.5897436141967773
YAL031C,YPL137C,1,-3.585546,0.09290096163749695,0.6039885878562927,0.5897436141967773
YKR061W,YGR278W,0,-3.5856483,0.09286027401685715,0.6039885878562927,0.5900284647941589
YNL273W,YEL061C,1,-3.5857806,0.09325744211673737,0.6068376302719116,0.5900284647941589
YOL088C,YML028W,0,-3.5866194,0.09321662783622742,0.6068376302719116,0.5903133749961853
YOR156C,YNL273W,1,-3.5874195,0.09361329674720764,0.6096866130828857,0.5903133749961853
YPR164W,YPR052C,0,-3.587588,0.09357236325740814,0.6096866130828857,0.5905982851982117
YMR270C,YDR116C,0,-3.5885217,0.09353146702051163,0.6096866130828857,0.590883195400238
YPR034W,YOR208W,0,-3.5886424,0.0934906080365181,0.6096866130828857,0.5911681056022644
YML080W,YOR026W,0,-3.5887256,0.09344977885484695,0.6096866130828857,0.5914530158042908
YDR231C,YMR168C,0,-3.5893726,0.0934089943766594,0.6096866130828857,0.5917378664016724
YKL053C-A,YMR080C,0,-3.5911188,0.09336823970079422,0.6096866130828857,0.5920227766036987
YNL021W,YNL139C,0,-3.5913544,0.09332751482725143,0.6096866130828857,0.5923076868057251
YMR080C,YER173W,0,-3.5922902,0.09328683465719223,0.6096866130828857,0.5925925970077515
YGL175C,YOR304W,0,-3.5922961,0.09324618428945541,0.6096866130828857,0.5928775072097778
YKR042W,YGR040W,0,-3.5931373,0.09320557862520218,0.6096866130828857,0.5931624174118042
YCL033C,YJL076W,0,-3.5931807,0.09316499531269073,0.6096866130828857,0.5934472680091858
YGR202C,YOR316C,0,-3.5936604,0.09312445670366287,0.6096866130828857,0.5937321782112122
YBR015C,YPR082C,0,-3.5942812,0.0930839478969574,0.6096866130828857,0.5940170884132385
YHR067W,YCR092C,0,-3.5945997,0.09304347634315491,0.6096866130828857,0.5943019986152649
YNL173C,YPR030W,0,-3.5950632,0.0930030420422554,0.6096866130828857,0.5945869088172913
YPL087W,YOR295W,0,-3.5955877,0.09296263754367828,0.6096866130828857,0.5948718190193176
YKL129C,YGR170W,0,-3.5961747,0.09292227774858475,0.6096866130828857,0.5951566696166992
YPR135W,YJL074C,1,-3.5962212,0.0933159738779068,0.6125355958938599,0.5951566696166992
YPL045W,YHR176W,0,-3.5964136,0.09327548742294312,0.6125355958938599,0.5954415798187256
YNL173C,YPR186C,0,-3.5967147,0.09323503822088242,0.6125355958938599,0.595726490020752
YDR432W,YNL177C,0,-3.597411,0.0931946262717247,0.6125355958938599,0.5960114002227783
YJR090C,YLR043C,0,-3.5974762,0.09315424412488937,0.6125355958938599,0.5962963104248047
YBR170C,YIL147C,0,-3.5979245,0.09311389923095703,0.6125355958938599,0.596581220626831
YIL132C,YPL253C,1,-3.5979652,0.09350649267435074,0.6153846383094788,0.596581220626831
YOL124C,YDR394W,0,-3.5980208,0.09346602857112885,0.6153846383094788,0.5968660712242126
YMR270C,YDL154W,0,-3.5981464,0.09342560917139053,0.6153846383094788,0.597150981426239
YNR054C,YBL020W,0,-3.5983024,0.09338521212339401,0.6153846383094788,0.5974358916282654
YER169W,YMR268C,0,-3.5983486,0.09334485977888107,0.6153846383094788,0.5977208018302917
YBR172C,YMR125W,0,-3.5985105,0.09330453723669052,0.6153846383094788,0.5980057120323181
YJL048C,YLR438C-A,0,-3.59885,0.09326425194740295,0.6153846383094788,0.5982906222343445
YGL111W,YGR135W,0,-3.598978,0.09322399646043777,0.6153846383094788,0.5985754728317261
YDL003W,YGL003C,1,-3.5997243,0.09361518919467926,0.6182336211204529,0.5985754728317261
YNL135C,YML015C,0,-3.600247,0.09357481449842453,0.6182336211204529,0.5988603830337524
YNL182C,YDL197C,0,-3.600427,0.09353448450565338,0.6182336211204529,0.5991452932357788
YHR175W,YNR008W,0,-3.6004527,0.09349418431520462,0.6182336211204529,0.5994302034378052
YHL007C,YGR129W,0,-3.6010046,0.09345392137765884,0.6182336211204529,0.5997151136398315
YPL233W,YPL253C,1,-3.601489,0.09384416788816452,0.621082603931427,0.5997151136398315
YFR009W,YGR225W,0,-3.6024046,0.0938037857413292,0.621082603931427,0.6000000238418579
YHL007C,YNL149C,0,-3.6025262,0.09376344084739685,0.621082603931427,0.6002848744392395
YDL200C,YPR041W,0,-3.6026077,0.09372313320636749,0.621082603931427,0.6005697846412659
YOR298C-A,YGR135W,0,-3.602635,0.09368285536766052,0.621082603931427,0.6008546948432922
YLL034C,YJL133W,0,-3.6037154,0.09364261478185654,0.621082603931427,0.6011396050453186
YBR244W,YDR379W,0,-3.603976,0.09360240399837494,0.621082603931427,0.601424515247345
YNL186W,YOR308C,0,-3.6042593,0.09356223046779633,0.621082603931427,0.6017094254493713
YJL191W,YML036W,0,-3.6043448,0.0935220941901207,0.621082603931427,0.6019942760467529
YBR049C,YOL028C,0,-3.6047728,0.09348198771476746,0.621082603931427,0.6022791862487793
YHR008C,YDR258C,0,-3.60531,0.0934419184923172,0.621082603931427,0.6025640964508057
YLR216C,YPL211W,0,-3.6057603,0.09340188652276993,0.621082603931427,0.602849006652832
YDL216C,YML060W,0,-3.6061764,0.09336188435554504,0.621082603931427,0.6031339168548584
YAL031C,YPL253C,1,-3.6067934,0.09375,0.6239316463470459,0.6031339168548584
YPL119C,YJL090C,0,-3.606802,0.09370988607406616,0.6239316463470459,0.6034188270568848
YKL126W,YHR164C,0,-3.6070313,0.09366980195045471,0.6239316463470459,0.6037036776542664
YAR003W,YGR278W,0,-3.607429,0.09362975507974625,0.6239316463470459,0.6039885878562927
YOR193W,YOR148C,0,-3.607991,0.09358974546194077,0.6239316463470459,0.6042734980583191
YJL080C,YOR073W,1,-3.6106186,0.0939769297838211,0.62678062915802,0.6042734980583191
YGR247W,YML060W,0,-3.6112936,0.09393680840730667,0.62678062915802,0.6045584082603455
YLR103C,YLR043C,0,-3.61164,0.09389671683311462,0.62678062915802,0.6048433184623718
YOL011W,YGL175C,0,-3.6119256,0.09385665506124496,0.62678062915802,0.6051282286643982
YOR132W,YER155C,0,-3.6123223,0.09381663054227829,0.62678062915802,0.6054130792617798
YOR270C,YGR072W,0,-3.6130216,0.0937766432762146,0.62678062915802,0.6056979894638062
YHR008C,YLR067C,0,-3.6135154,0.0937366858124733,0.62678062915802,0.6059828996658325
YER068W,YNL007C,0,-3.613995,0.09369676560163498,0.62678062915802,0.6062678098678589
YPL137C,YNL273W,1,-3.6141467,0.09408258646726608,0.6296296119689941,0.6062678098678589
YML098W,YDR279W,0,-3.6143816,0.09404255449771881,0.6296296119689941,0.6065527200698853
YJL041W,YDR404C,0,-3.614828,0.09400255233049393,0.6296296119689941,0.6068376302719116
YOR290C,YMR227C,0,-3.6149263,0.09396258741617203,0.6296296119689941,0.6071224808692932
YFR050C,YBR172C,0,-3.6158369,0.09392265230417252,0.6296296119689941,0.6074073910713196
YBR155W,YDL197C,0,-3.6158476,0.09388275444507599,0.6296296119689941,0.607692301273346
YJR068W,YOR073W,1,-3.6158793,0.09426751732826233,0.632478654384613,0.607692301273346
YCR065W,YDR308C,0,-3.6159992,0.09422750771045685,0.632478654384613,0.6079772114753723
YDR318W,YJL080C,1,-3.6163983,0.09461179375648499,0.6353276371955872,0.6079772114753723
YPL233W,YNL273W,1,-3.6166105,0.09499575942754745,0.6381766200065613,0.6079772114753723
YOR229W,YCL004W,0,-3.618383,0.09495548903942108,0.6381766200065613,0.6082621216773987
YMR273C,YDL052C,0,-3.6186829,0.09491525590419769,0.6381766200065613,0.608547031879425
YDR384C,YJL076W,0,-3.6186855,0.09487505257129669,0.6381766200065613,0.6088318824768066
YBR098W,YGR262C,0,-3.6195397,0.09483488649129868,0.6381766200065613,0.609116792678833
YLR370C,YLR430W,0,-3.619962,0.09479475021362305,0.6381766200065613,0.6094017028808594
YCL033C,YFL002C,0,-3.6202924,0.0947546511888504,0.6381766200065613,0.6096866130828857
YAL031C,YPR046W,1,-3.6206627,0.09513741731643677,0.6410256624221802,0.6096866130828857
YOR148C,YNL103W,0,-3.6212249,0.09509721398353577,0.6410256624221802,0.6099715232849121
YAL051W,YLR438C-A,0,-3.621423,0.09505703300237656,0.6410256624221802,0.6102564334869385
YOL051W,YOL016C,0,-3.6220386,0.09501688927412033,0.6410256624221802,0.6105412840843201
YOL108C,YMR092C,0,-3.6221695,0.09497678279876709,0.6410256624221802,0.6108261942863464
YOR144C,YML094W,0,-3.6225598,0.09493670612573624,0.6410256624221802,0.6111111044883728
YKR042W,YNL218W,0,-3.6228354,0.09489666670560837,0.6410256624221802,0.6113960146903992
YPL091W,YDR423C,0,-3.6230006,0.09485666453838348,0.6410256624221802,0.6116809248924255
YAL054C,YHR042W,0,-3.623468,0.09481668472290039,0.6410256624221802,0.6119658350944519
YBR199W,YPL161C,0,-3.6244974,0.09477674961090088,0.6410256624221802,0.6122506856918335
YIR002C,YPL178W,0,-3.6245122,0.09473684430122375,0.6410256624221802,0.6125355958938599
YMR117C,YPL253C,1,-3.624744,0.09511784464120865,0.6438746452331543,0.6125355958938599
YJR068W,YPL253C,1,-3.6264753,0.09549852460622787,0.6467236280441284,0.6125355958938599
YNL147W,YBR160W,0,-3.6273758,0.09545836597681046,0.6467236280441284,0.6128205060958862
YJL207C,YNL149C,0,-3.6280277,0.09541824460029602,0.6467236280441284,0.6131054162979126
YPL137C,YEL061C,1,-3.6294527,0.0957983210682869,0.6495726704597473,0.6131054162979126
YGL122C,YOR157C,0,-3.6296191,0.09575808793306351,0.6495726704597473,0.613390326499939
YGR089W,YNL299W,1,-3.6296535,0.09613770246505737,0.6524216532707214,0.613390326499939
YJR068W,YIR025W,1,-3.6308832,0.09651699662208557,0.6552706360816956,0.613390326499939
YPL244C,YAR003W,0,-3.6318846,0.09647651016712189,0.6552706360816956,0.6136752367019653
YBL052C,YPR041W,0,-3.6321855,0.09643606096506119,0.6552706360816956,0.6139600872993469
YMR241W,YLR276C,0,-3.633184,0.09639564156532288,0.6552706360816956,0.6142449975013733
YKL166C,YBR079C,0,-3.6332357,0.09635525941848755,0.6552706360816956,0.6145299077033997
YKL085W,YBR172C,0,-3.6333382,0.09631490707397461,0.6552706360816956,0.614814817905426
YGR170W,YPL139C,0,-3.6333942,0.09627459198236465,0.6552706360816956,0.6150997281074524
YKR079C,YJR108W,0,-3.633554,0.09623430669307709,0.6552706360816956,0.6153846383094788
YGL127C,YOR334W,0,-3.633627,0.0961940586566925,0.6552706360816956,0.6156694889068604
YMR241W,YFR005C,0,-3.6346903,0.09615384787321091,0.6552706360816956,0.6159543991088867
YIR009W,YLR130C,0,-3.6347804,0.0961136668920517,0.6552706360816956,0.6162393093109131
YMR273C,YCR065W,0,-3.6353626,0.09607351571321487,0.6552706360816956,0.6165242195129395
YDR265W,YGL070C,0,-3.6357627,0.09603340178728104,0.6552706360816956,0.6168091297149658
YGR112W,YPR186C,0,-3.6358132,0.09599332511425018,0.6552706360816956,0.6170940399169922
YMR172W,YHR174W,0,-3.6363492,0.09595327824354172,0.6552706360816956,0.6173788905143738
YER161C,YPL140C,0,-3.6364486,0.09591326117515564,0.6552706360816956,0.6176638007164001
YEL042W,YDL197C,0,-3.6372616,0.09587328135967255,0.6552706360816956,0.6179487109184265
YIR002C,YDL135C,0,-3.63756,0.09583333134651184,0.6552706360816956,0.6182336211204529
YEL065W,YOL060C,0,-3.637735,0.09579341858625412,0.6552706360816956,0.6185185313224792
YLR234W,YDR512C,0,-3.6386151,0.09575353562831879,0.6552706360816956,0.6188034415245056
YJL128C,YKL166C,0,-3.63873,0.09571368992328644,0.6552706360816956,0.6190882921218872
YBL052C,YMR273C,0,-3.6391687,0.09567387402057648,0.6552706360816956,0.6193732023239136
YGR129W,YPL115C,0,-3.6392884,0.0956340953707695,0.6552706360816956,0.6196581125259399
YFL002C,YDL216C,0,-3.6396694,0.09559434652328491,0.6552706360816956,0.6199430227279663
YPL160W,YMR125W,0,-3.6398032,0.09555463492870331,0.6552706360816956,0.6202279329299927
YDR216W,YIL017C,0,-3.6404023,0.09551495313644409,0.6552706360816956,0.620512843132019
YMR092C,YNR008W,0,-3.6405592,0.09547530114650726,0.6552706360816956,0.6207976937294006
YDR393W,YDR088C,0,-3.6413703,0.09543568640947342,0.6552706360816956,0.621082603931427
YMR039C,YKR079C,0,-3.641646,0.09539610147476196,0.6552706360816956,0.6213675141334534
YBR199W,YGR218W,0,-3.642411,0.09535655379295349,0.6552706360816956,0.6216524243354797
YGL233W,YPL131W,0,-3.6433246,0.09531703591346741,0.6552706360816956,0.6219373345375061
YIL115C,YDR379W,0,-3.6434145,0.09527754783630371,0.6552706360816956,0.6222222447395325
YDR289C,YBR079C,0,-3.6439018,0.095238097012043,0.6552706360816956,0.6225070953369141
YOR229W,YNL283C,0,-3.6449418,0.09519867599010468,0.6552706360816956,0.6227920055389404
YMR127C,YER155C,0,-3.6460953,0.09515928477048874,0.6552706360816956,0.6230769157409668
YPR135W,YPL233W,1,-3.6462867,0.09553349763154984,0.6581196784973145,0.6230769157409668
YIL154C,YPL217C,0,-3.6463952,0.09549400210380554,0.6581196784973145,0.6233618259429932
YMR273C,YJL154C,0,-3.6471164,0.09545454382896423,0.6581196784973145,0.6236467361450195
YPL160W,YJR108W,0,-3.6474838,0.09541511535644531,0.6581196784973145,0.6239316463470459
YMR092C,YML028W,0,-3.6481347,0.09537572413682938,0.6581196784973145,0.6242164969444275
YGL243W,YJL063C,0,-3.648289,0.09533636271953583,0.6581196784973145,0.6245014071464539
YGL194C,YLL003W,0,-3.6486876,0.09529703110456467,0.6581196784973145,0.6247863173484802
YDR318W,YNL172W,1,-3.6492248,0.09567010402679443,0.6609686613082886,0.6247863173484802
YNL127W,YIL017C,0,-3.6495118,0.09563066810369492,0.6609686613082886,0.6250712275505066
YJL087C,YJL033W,0,-3.6495848,0.09559126198291779,0.6609686613082886,0.625356137752533
YDR448W,YNR052C,0,-3.651164,0.09555189311504364,0.6609686613082886,0.6256410479545593
YJL033W,YLR135W,0,-3.651313,0.09551255404949188,0.6609686613082886,0.6259258985519409
YDR121W,YPL046C,0,-3.652186,0.09547325223684311,0.6609686613082886,0.6262108087539673
YIR025W,YNL172W,1,-3.6523013,0.09584533423185349,0.6638176441192627,0.6262108087539673
YGR048W,YHR008C,0,-3.6523056,0.09580592066049576,0.6638176441192627,0.6264957189559937
YOL011W,YMR201C,0,-3.6529365,0.09576654434204102,0.6638176441192627,0.62678062915802
YER109C,YHR165C,0,-3.6530952,0.09572719782590866,0.6638176441192627,0.6270655393600464
YGL070C,YGL133W,0,-3.6533246,0.09568788856267929,0.6638176441192627,0.6273504495620728
YNL221C,YPR042C,0,-3.654027,0.09564860165119171,0.6638176441192627,0.6276353001594543
YNL173C,YPL091W,0,-3.6550107,0.09560935944318771,0.6638176441192627,0.6279202103614807
YKL148C,YPL140C,0,-3.6558244,0.0955701395869255,0.6638176441192627,0.6282051205635071
YNL197C,YHR175W,0,-3.6562815,0.09553095698356628,0.6638176441192627,0.6284900307655334
YJL041W,YBL093C,0,-3.6563177,0.09549180418252945,0.6638176441192627,0.6287749409675598
YBL007C,YPL146C,0,-3.6567118,0.095452681183815,0.6638176441192627,0.6290598511695862
YML023C,YIR012W,0,-3.657104,0.09541359543800354,0.6638176441192627,0.6293447017669678
YOL011W,YOR295W,0,-3.6575754,0.09537453949451447,0.6638176441192627,0.6296296119689941
YNL261W,YML036W,0,-3.658094,0.09533551335334778,0.6638176441192627,0.6299145221710205
YOL097C,YLR033W,0,-3.658161,0.09529652446508408,0.6638176441192627,0.6301994323730469
YGR247W,YNL147W,0,-3.6583323,0.09525756537914276,0.6638176441192627,0.6304843425750732
YGL144C,YFL009W,0,-3.6585445,0.09521863609552383,0.6638176441192627,0.6307692527770996
YKL129C,YDR289C,0,-3.658668,0.0951797366142273,0.6638176441192627,0.6310541033744812
YPR023C,YOR377W,0,-3.6587162,0.09514087438583374,0.6638176441192627,0.6313390135765076
YBR265W,YBR080C,0,-3.6587992,0.09510204195976257,0.6638176441192627,0.6316239237785339
YOR168W,YHR165C,0,-3.6591458,0.0950632393360138,0.6638176441192627,0.6319088339805603
YML098W,YML036W,0,-3.6597035,0.0950244665145874,0.6638176441192627,0.6321937441825867
YHR008C,YJR108W,0,-3.6606488,0.094985730946064,0.6638176441192627,0.632478654384613
YOR334W,YDR308C,0,-3.660738,0.09494702517986298,0.6638176441192627,0.6327635049819946
YGR006W,YER015W,0,-3.6614919,0.09490834921598434,0.6638176441192627,0.633048415184021
YNL273W,YOR073W,1,-3.661495,0.09527686983346939,0.6666666865348816,0.633048415184021
YOL121C,YBR079C,0,-3.6619508,0.095238097012043,0.6666666865348816,0.6333333253860474
YOR279C,YBR015C,0,-3.662457,0.0951993465423584,0.6666666865348816,0.6336182355880737
YGR135W,YDR235W,0,-3.663638,0.09516063332557678,0.6666666865348816,0.6339031457901001
YHR176W,YKL166C,0,-3.6636686,0.09512194991111755,0.6666666865348816,0.6341880559921265
YBR199W,YPR181C,0,-3.6637247,0.09508329629898071,0.6666666865348816,0.6344729065895081
YDR297W,YBR009C,0,-3.6638682,0.09504467993974686,0.6666666865348816,0.6347578167915344
YNL307C,YPL137C,1,-3.6648111,0.09541209787130356,0.6695156693458557,0.6347578167915344
YLL034C,YJR031C,0,-3.6654115,0.09537337720394135,0.6695156693458557,0.6350427269935608
YNL093W,YPR021C,0,-3.6654663,0.09533468633890152,0.6695156693458557,0.6353276371955872
YDR318W,YEL061C,1,-3.6668541,0.09570153802633286,0.6723646521568298,0.6353276371955872
YER042W,YOL051W,0,-3.6669402,0.09566275030374527,0.6723646521568298,0.6356125473976135
YAL031C,YEL061C,1,-3.667933,0.09602916985750198,0.6752136945724487,0.6356125473976135
YPL069C,YIR002C,0,-3.6679955,0.09599027782678604,0.6752136945724487,0.6358974575996399
YDR079C-A,YLR135W,0,-3.6680827,0.09595141559839249,0.6752136945724487,0.6361823081970215
YML034W,YNL299W,1,-3.6685143,0.09631728380918503,0.6780626773834229,0.6361823081970215
YPR094W,YDR147W,0,-3.6688333,0.09627831727266312,0.6780626773834229,0.6364672183990479
YGR003W,YML094W,0,-3.6715446,0.09623938798904419,0.6780626773834229,0.6367521286010742
YMR179W,YLR438C-A,0,-3.672774,0.09620048850774765,0.6780626773834229,0.6370370388031006
YPR021C,YPR082C,0,-3.6732092,0.0961616188287735,0.6780626773834229,0.637321949005127
YMR068W,YOR239W,0,-3.6744509,0.09612277895212173,0.6780626773834229,0.6376068592071533
YDR265W,YOR005C,0,-3.674905,0.09608396887779236,0.6780626773834229,0.6378917098045349
YDL212W,YHR066W,0,-3.674986,0.09604519605636597,0.6780626773834229,0.6381766200065613
YNL186W,YDR423C,0,-3.676235,0.09600645303726196,0.6780626773834229,0.6384615302085876
YAL031C,YNL299W,1,-3.6766458,0.09637096524238586,0.680911660194397,0.6384615302085876
YDR318W,YPR046W,1,-3.6773784,0.09673518687486649,0.6837607026100159,0.6384615302085876
YML034W,YMR117C,1,-3.6780913,0.09709911048412323,0.68660968542099,0.6384615302085876
YOR256C,YOL016C,0,-3.6784487,0.09706000983715057,0.68660968542099,0.638746440410614
YKR050W,YHR067W,0,-3.678452,0.09702093154191971,0.68660968542099,0.6390313506126404
YJL183W,YDR484W,0,-3.6788619,0.09698189049959183,0.68660968542099,0.6393162608146667
YKL188C,YPL131W,0,-3.6801772,0.09694287925958633,0.68660968542099,0.6396011114120483
YMR250W,YOR295W,0,-3.6807697,0.09690389782190323,0.68660968542099,0.6398860216140747
YKL085W,YPL140C,0,-3.6811638,0.09686495363712311,0.68660968542099,0.6401709318161011
YKR050W,YMR162C,0,-3.6812253,0.09682603180408478,0.68660968542099,0.6404558420181274
YDR118W,YEL061C,1,-3.681796,0.09718875586986542,0.6894586682319641,0.6404558420181274
YML073C,YOR317W,0,-3.6818075,0.09714973717927933,0.6894586682319641,0.6407407522201538
YLR115W,YBR273C,0,-3.6818914,0.09711075574159622,0.6894586682319641,0.6410256624221802
YJL080C,YAL031C,1,-3.6820745,0.09747292101383209,0.692307710647583,0.6410256624221802
YBR244W,YGL227W,0,-3.6833856,0.09743384271860123,0.692307710647583,0.6413105130195618
YNL107W,YJR017C,0,-3.6835895,0.09739478677511215,0.692307710647583,0.6415954232215881
YPL233W,YJR068W,1,-3.6842551,0.09775640815496445,0.6951566934585571,0.6415954232215881
YOR330C,YGL071W,0,-3.6850312,0.09771726280450821,0.6951566934585571,0.6418803334236145
YNL273W,YMR117C,1,-3.6864512,0.09807845950126648,0.6980056762695312,0.6418803334236145
YGR040W,YPR101W,0,-3.686457,0.09803921729326248,0.6980056762695312,0.6421652436256409
YLR115W,YMR125W,0,-3.686647,0.09799999743700027,0.6980056762695312,0.6424501538276672
YDL022W,YDL188C,0,-3.6866817,0.09796081483364105,0.6980056762695312,0.6427350640296936
YHL022C,YNL093W,0,-3.6868942,0.09792166203260422,0.6980056762695312,0.6430199146270752
YNL135C,YDR379W,0,-3.6877751,0.09788253903388977,0.6980056762695312,0.6433048248291016
YDR194C,YBR095C,0,-3.6884027,0.09784345328807831,0.6980056762695312,0.6435897350311279
YDR121W,YGR006W,0,-3.6887126,0.09780438989400864,0.6980056762695312,0.6438746452331543
YNL218W,YHR107C,0,-3.6892009,0.09776536375284195,0.6980056762695312,0.6441595554351807
YOR148C,YGR185C,0,-3.6894066,0.09772636741399765,0.6980056762695312,0.644444465637207
YOL121C,YDR284C,0,-3.6895452,0.09768740087747574,0.6980056762695312,0.6447293162345886
YDR211W,YHR152W,0,-3.6895628,0.09764846414327621,0.6980056762695312,0.645014226436615
YKL012W,YPL112C,0,-3.6920128,0.09760956466197968,0.6980056762695312,0.6452991366386414
YJR090C,YDL097C,0,-3.692419,0.09757068753242493,0.6980056762695312,0.6455840468406677
YGL233W,YIR026C,0,-3.6930904,0.09753184765577316,0.6980056762695312,0.6458689570426941
YOR116C,YNL121C,0,-3.6940577,0.09749303758144379,0.6980056762695312,0.6461538672447205
YJL133W,YFR028C,0,-3.6946971,0.0974542573094368,0.6980056762695312,0.646438717842102
YNL121C,YDR231C,0,-3.6952186,0.0974155068397522,0.6980056762695312,0.6467236280441284
YPL001W,YGR239C,0,-3.6955843,0.09737678617238998,0.6980056762695312,0.6470085382461548
YDR527W,YPR101W,0,-3.6973403,0.09733810275793076,0.6980056762695312,0.6472934484481812
YHR073W,YER008C,0,-3.697667,0.09729944169521332,0.6980056762695312,0.6475783586502075
YDL147W,YJL063C,0,-3.6977181,0.09726081788539886,0.6980056762695312,0.6478632688522339
YHR012W,YPR101W,0,-3.6979036,0.0972222238779068,0.6980056762695312,0.6481481194496155
YML098W,YEL024W,0,-3.6979437,0.09718365967273712,0.6980056762695312,0.6484330296516418
YPR016C,YPR008W,0,-3.698073,0.09714512526988983,0.6980056762695312,0.6487179398536682
YMR080C,YOR058C,0,-3.6983786,0.09710662066936493,0.6980056762695312,0.6490028500556946
YDR079C-A,YOR067C,0,-3.698408,0.09706814587116241,0.6980056762695312,0.649287760257721
YDR265W,YOR100C,0,-3.698598,0.09702970087528229,0.6980056762695312,0.6495726704597473
YBR112C,YLR016C,0,-3.699501,0.09699129313230515,0.6980056762695312,0.6498575210571289
YBL103C,YBR273C,0,-3.699872,0.0969529077410698,0.6980056762695312,0.6501424312591553
YLL034C,YNL091W,0,-3.7000256,0.09691455960273743,0.6980056762695312,0.6504273414611816
YPR086W,YDL132W,0,-3.7001503,0.09687623381614685,0.6980056762695312,0.650712251663208
YML021C,YHR205W,0,-3.7004235,0.09683794528245926,0.6980056762695312,0.6509971618652344
YDR118W,YPL233W,1,-3.7004657,0.09719478338956833,0.7008547186851501,0.6509971618652344
YDR385W,YDR129C,0,-3.701419,0.09715639799833298,0.7008547186851501,0.6512820720672607
YGR170W,YGR003W,0,-3.702161,0.09711804240942001,0.7008547186851501,0.6515669226646423
YDR384C,YOR122C,0,-3.7021725,0.09707971662282944,0.7008547186851501,0.6518518328666687
YLR115W,YMR287C,0,-3.7026978,0.09704142063856125,0.7008547186851501,0.6521367430686951
YER088C,YBR155W,0,-3.7032654,0.09700315445661545,0.7008547186851501,0.6524216532707214
YMR268C,YDR490C,0,-3.7041886,0.09696491807699203,0.7008547186851501,0.6527065634727478
YER169W,YNL173C,0,-3.704225,0.09692671149969101,0.7008547186851501,0.6529914736747742
YOL124C,YOR005C,0,-3.7048054,0.09688854217529297,0.7008547186851501,0.6532763242721558
YJL029C,YGL012W,0,-3.7049837,0.09685039520263672,0.7008547186851501,0.6535612344741821
YNL232W,YLR368W,0,-3.7050295,0.09681227803230286,0.7008547186851501,0.6538461446762085
YPR042C,YAR003W,0,-3.7053862,0.09677419066429138,0.7008547186851501,0.6541310548782349
YDR231C,YIL031W,0,-3.7065828,0.09673614054918289,0.7008547186851501,0.6544159650802612
YKL148C,YPL153C,0,-3.706641,0.09669811278581619,0.7008547186851501,0.6547008752822876
YDL235C,YBR080C,0,-3.7072625,0.09666011482477188,0.7008547186851501,0.6549857258796692
YBR112C,YOL016C,0,-3.7075312,0.09662215411663055,0.7008547186851501,0.6552706360816956
YDL188C,YKR061W,0,-3.707689,0.09658421576023102,0.7008547186851501,0.6555555462837219
YDR423C,YIL048W,0,-3.7080293,0.09654630720615387,0.7008547186851501,0.6558404564857483
YGR257C,YLR368W,0,-3.7081978,0.0965084359049797,0.7008547186851501,0.6561253666877747
YMR091C,YDR244W,0,-3.7093172,0.09647058695554733,0.7008547186851501,0.656410276889801
YJL146W,YLR319C,0,-3.7101305,0.09643276780843735,0.7008547186851501,0.6566951274871826
YER001W,YDL015C,0,-3.710236,0.09639498591423035,0.7008547186851501,0.656980037689209
YML069W,YGL194C,0,-3.71024,0.09635722637176514,0.7008547186851501,0.6572649478912354
YOR156C,YOR073W,1,-3.7107973,0.09671103954315186,0.7037037014961243,0.6572649478912354
YMR162C,YKL051W,0,-3.7108645,0.09667319059371948,0.7037037014961243,0.6575498580932617
YJL080C,YJL074C,1,-3.711122,0.09702660143375397,0.7065526843070984,0.6575498580932617
YMR023C,YOR245C,0,-3.7120683,0.09698865562677383,0.7065526843070984,0.6578347682952881
YHL007C,YGR040W,0,-3.7124774,0.09695073962211609,0.7065526843070984,0.6581196784973145
YIR009W,YPR082C,0,-3.7129736,0.09691285341978073,0.7065526843070984,0.658404529094696
YNL088W,YGR072W,0,-3.7131584,0.09687499701976776,0.7065526843070984,0.6586894392967224
YDL115C,YKL058W,0,-3.7133029,0.09683717042207718,0.7065526843070984,0.6589743494987488
YGR006W,YOR058C,0,-3.7134082,0.09679937362670898,0.7065526843070984,0.6592592597007751
YPL020C,YDL212W,0,-3.7136073,0.09676160663366318,0.7065526843070984,0.6595441699028015
YHR012W,YNL261W,0,-3.7138042,0.09672386944293976,0.7065526843070984,0.6598290801048279
YDR361C,YER149C,0,-3.7141385,0.09668616205453873,0.7065526843070984,0.6601139307022095
YOR386W,YLR055C,0,-3.7155378,0.09664847701787949,0.7065526843070984,0.6603988409042358
YNL197C,YNR072W,0,-3.7156186,0.09661082923412323,0.7065526843070984,0.6606837511062622
YDR479C,YMR162C,0,-3.7156777,0.09657321125268936,0.7065526843070984,0.6609686613082886
YKL049C,YEL061C,1,-3.7157607,0.09692487120628357,0.7094017267227173,0.6609686613082886
YJL207C,YDR284C,0,-3.7162356,0.09688715636730194,0.7094017267227173,0.6612535715103149
YHR008C,YER028C,0,-3.7166786,0.0968494713306427,0.7094017267227173,0.6615384817123413
YDL003W,YNL273W,1,-3.7170343,0.09720062464475632,0.7122507095336914,0.6615384817123413
YIL139C,YLR032W,0,-3.7171588,0.09716284275054932,0.7122507095336914,0.6618233323097229
YLR430W,YOR119C,0,-3.717527,0.0971250981092453,0.7122507095336914,0.6621082425117493
YPL194W,YMR149W,0,-3.7178364,0.09708737581968307,0.7122507095336914,0.6623931527137756
YGR006W,YDL015C,0,-3.718174,0.09704969078302383,0.7122507095336914,0.662678062915802
YDL115C,YOR290C,0,-3.7188084,0.09701202809810638,0.7122507095336914,0.6629629731178284
YGL127C,YGR188C,0,-3.719522,0.09697439521551132,0.7122507095336914,0.6632478833198547
YJR057W,YOL051W,0,-3.7204409,0.09693679958581924,0.7122507095336914,0.6635327339172363
YKL126W,YIL017C,0,-3.7213144,0.09689922630786896,0.7122507095336914,0.6638176441192627
YIL049W,YPL244C,0,-3.7225978,0.09686168283224106,0.7122507095336914,0.6641025543212891
YDR216W,YLR130C,0,-3.7227051,0.09682416915893555,0.7122507095336914,0.6643874645233154
YIL132C,YNL273W,1,-3.7232504,0.09717383235692978,0.7150996923446655,0.6643874645233154
YOR386W,YKL081W,0,-3.723515,0.09713622182607651,0.7150996923446655,0.6646723747253418
YOR079C,YDR284C,0,-3.7238216,0.09709864854812622,0.7150996923446655,0.6649572849273682
YBL020W,YLR337C,0,-3.724433,0.09706109762191772,0.7150996923446655,0.6652421355247498
YER068W,YJL012C,0,-3.724919,0.09702357649803162,0.7150996923446655,0.6655270457267761
YNL106C,YDR490C,0,-3.7250323,0.09698609262704849,0.7150996923446655,0.6658119559288025
YJR007W,YFL031W,0,-3.7256176,0.09694863110780716,0.7150996923446655,0.6660968661308289
YOL121C,YBR169C,0,-3.7256272,0.09691119939088821,0.7150996923446655,0.6663817763328552
YDR318W,YPR135W,1,-3.7257042,0.09725974500179291,0.7179487347602844,0.6663817763328552
YOR122C,YER006W,0,-3.725862,0.0972222238779068,0.7179487347602844,0.6666666865348816
YOR079C,YDL223C,0,-3.7258966,0.09718472510576248,0.7179487347602844,0.666951596736908
YML102W,YLR248W,0,-3.7262692,0.09714726358652115,0.7179487347602844,0.6672364473342896
YIL075C,YLR115W,0,-3.7263844,0.0971098244190216,0.7179487347602844,0.6675213575363159
YNL093W,YAL054C,0,-3.7265234,0.09707242250442505,0.7179487347602844,0.6678062677383423
YMR241W,YLR105C,0,-3.7274628,0.09703504294157028,0.7179487347602844,0.6680911779403687
YDR147W,YLR135W,0,-3.727617,0.0969976931810379,0.7179487347602844,0.668376088142395
YHR114W,YDR302W,0,-3.7278824,0.09696036577224731,0.7179487347602844,0.6686609983444214
YPR135W,YNL299W,1,-3.729532,0.09730768948793411,0.7207977175712585,0.6686609983444214
YNL103W,YBR160W,0,-3.7297537,0.09727028012275696,0.7207977175712585,0.668945848941803
YKR079C,YJL111W,0,-3.7306025,0.09723290055990219,0.7207977175712585,0.6692307591438293
YGL233W,YPR016C,0,-3.731686,0.09719554334878922,0.7207977175712585,0.6695156693458557
YJL076W,YDR331W,0,-3.7323813,0.09715821593999863,0.7207977175712585,0.6698005795478821
YEL027W,YHR066W,0,-3.7326126,0.09712091833353043,0.7207977175712585,0.6700854897499084
YDR453C,YDR308C,0,-3.7339883,0.09708365052938461,0.7207977175712585,0.6703703999519348
YLR430W,YJR103W,0,-3.7350073,0.09704641252756119,0.7207977175712585,0.6706552505493164
YKR050W,YAL017W,0,-3.7355268,0.09700920432806015,0.7207977175712585,0.6709401607513428
YPL233W,YMR117C,1,-3.73561,0.09735530614852905,0.7236467003822327,0.6709401607513428
YBL052C,YOL023W,0,-3.7359216,0.09731800854206085,0.7236467003822327,0.6712250709533691
YMR023C,YOR308C,0,-3.7367108,0.09728073328733444,0.7236467003822327,0.6715099811553955
YJL048C,YFL009W,0,-3.7369578,0.09724349528551102,0.7236467003822327,0.6717948913574219
YML102W,YDR490C,0,-3.7376175,0.09720627963542938,0.7236467003822327,0.6720798015594482
YDR479C,YOR132W,0,-3.7386951,0.09716908633708954,0.7236467003822327,0.6723646521568298
YNL068C,YJL014W,0,-3.7390983,0.09713193029165268,0.7236467003822327,0.6726495623588562
YPL194W,YBR095C,0,-3.739719,0.09709480404853821,0.7236467003822327,0.6729344725608826
YGL133W,YIL147C,0,-3.7400112,0.09705770015716553,0.7236467003822327,0.6732193827629089
YDR385W,YDR045C,0,-3.7405736,0.09702062606811523,0.7236467003822327,0.6735042929649353
YOR330C,YGR262C,0,-3.7413828,0.09698358178138733,0.7236467003822327,0.6737892031669617
YOR334W,YPL053C,0,-3.7428682,0.09694656729698181,0.7236467003822327,0.6740740537643433
YGL227W,YDR039C,0,-3.7466207,0.09690957516431808,0.7236467003822327,0.6743589639663696
YIL132C,YIR025W,1,-3.7467604,0.09725400805473328,0.7264957427978516,0.6743589639663696
YML015C,YLR016C,0,-3.747303,0.09721692651510239,0.7264957427978516,0.674643874168396
YOR026W,YPL001W,0,-3.74754,0.09717987477779388,0.7264957427978516,0.6749287843704224
YDR318W,YPL253C,1,-3.747721,0.09752380847930908,0.7293447256088257,0.6749287843704224
YBR050C,YKL012W,0,-3.7478294,0.09748667478561401,0.7293447256088257,0.6752136945724487
YMR172W,YDL212W,0,-3.7485707,0.09744956344366074,0.7293447256088257,0.6754986047744751
YGR254W,YDR331W,0,-3.7493782,0.09741248190402985,0.7293447256088257,0.6757834553718567
YHR129C,YPL091W,0,-3.7495754,0.09737543016672134,0.7293447256088257,0.6760683655738831
YHR114W,YML102W,0,-3.7497215,0.09733840078115463,0.7293447256088257,0.6763532757759094
YML098W,YGL133W,0,-3.7505145,0.0973014086484909,0.7293447256088257,0.6766381859779358
YIL031W,YDR147W,0,-3.7508237,0.09726443886756897,0.7293447256088257,0.6769230961799622
YPR021C,YKR085C,0,-3.7508776,0.09722749888896942,0.7293447256088257,0.6772080063819885
YBR265W,YLR430W,0,-3.751336,0.09719058126211166,0.7293447256088257,0.6774928569793701
YLR105C,YLR130C,0,-3.7519789,0.09715370088815689,0.7293447256088257,0.6777777671813965
YGR129W,YLR319C,0,-3.752082,0.09711684286594391,0.7293447256088257,0.6780626773834229
YDR178W,YJR031C,0,-3.7525692,0.09708001464605331,0.7293447256088257,0.6783475875854492
YOL108C,YHR205W,0,-3.753687,0.09704321622848511,0.7293447256088257,0.6786324977874756
YER088C,YCL025C,0,-3.754041,0.09700644016265869,0.7293447256088257,0.678917407989502
YMR172W,YOR149C,0,-3.7551498,0.09696969389915466,0.7293447256088257,0.6792022585868835
YMR241W,YMR239C,0,-3.755294,0.09693297743797302,0.7293447256088257,0.6794871687889099
YGR002C,YHR042W,0,-3.755296,0.09689629077911377,0.7293447256088257,0.6797720789909363
YMR149W,YLR409C,0,-3.7553153,0.09685962647199631,0.7293447256088257,0.6800569891929626
YGR040W,YNR008W,0,-3.7555318,0.09682299196720123,0.7293447256088257,0.680341899394989
YOR193W,YPR186C,0,-3.7567666,0.09678638726472855,0.7293447256088257,0.6806268095970154
YCL025C,YDR302W,0,-3.7569652,0.09674981236457825,0.7293447256088257,0.680911660194397
YML110C,YDR235W,0,-3.7572293,0.09671325981616974,0.7293447256088257,0.6811965703964233
YNL154C,YPR101W,0,-3.7577593,0.09667673707008362,0.7293447256088257,0.6814814805984497
YMR023C,YLR192C,0,-3.7577686,0.09664024412631989,0.7293447256088257,0.6817663908004761
YNL135C,YNR023W,0,-3.757999,0.09660377353429794,0.7293447256088257,0.6820513010025024
YFR028C,YMR080C,0,-3.7589097,0.09656733274459839,0.7293447256088257,0.6823362112045288
YNL232W,YMR125W,0,-3.7592926,0.09653092175722122,0.7293447256088257,0.6826210618019104
YIL132C,YOR156C,1,-3.7595878,0.09687146544456482,0.7321937084197998,0.6826210618019104
YGR123C,YKL007W,0,-3.7610848,0.09683496505022049,0.7321937084197998,0.6829059720039368
YGL070C,YLR176C,0,-3.7612672,0.09679849445819855,0.7321937084197998,0.6831908822059631
YNL197C,YDR110W,0,-3.7614958,0.0967620462179184,0.7321937084197998,0.6834757924079895
YOL045W,YOR308C,0,-3.7625637,0.09672562777996063,0.7321937084197998,0.6837607026100159
YGR048W,YDL015C,0,-3.7626739,0.09668923914432526,0.7321937084197998,0.6840456128120422
YDR308C,YPL140C,0,-3.7626994,0.09665288031101227,0.7321937084197998,0.6843304634094238
YMR287C,YKL188C,0,-3.7630672,0.09661654382944107,0.7321937084197998,0.6846153736114502
YIL075C,YOL045W,0,-3.763319,0.09658022969961166,0.7321937084197998,0.6849002838134766
YEL061C,YPL253C,1,-3.7637286,0.09691961109638214,0.7350427508354187,0.6849002838134766
YHR129C,YMR179W,0,-3.7637463,0.09688321501016617,0.7350427508354187,0.6851851940155029
YDR318W,YGL003C,1,-3.763769,0.0972222238779068,0.7378917336463928,0.6851851940155029
YKL008C,YMR080C,0,-3.7646112,0.09718573838472366,0.7378917336463928,0.6854701042175293
YKL085W,YBR080C,0,-3.7653284,0.09714929014444351,0.7378917336463928,0.6857550144195557
YNR052C,YKL140W,0,-3.765536,0.09711286425590515,0.7378917336463928,0.6860398650169373
YMR092C,YOL051W,0,-3.7658,0.09707646071910858,0.7378917336463928,0.6863247752189636
YPR046W,YPL253C,1,-3.7659097,0.0974147617816925,0.7407407164573669,0.6863247752189636
YHR205W,YGR239C,0,-3.7662446,0.09737827628850937,0.7407407164573669,0.68660968542099
YGR112W,YDR116C,0,-3.767035,0.09734182059764862,0.7407407164573669,0.6868945956230164
YIL002C,YMR302C,0,-3.768727,0.09730538725852966,0.7407407164573669,0.6871795058250427
YDR379W,YDR235W,0,-3.768878,0.0972689837217331,0.7407407164573669,0.6874644160270691
YGR077C,YPL161C,0,-3.769086,0.09723260998725891,0.7407407164573669,0.6877492666244507
YER126C,YHR001W-A,0,-3.7696044,0.09719625860452652,0.7407407164573669,0.688034176826477
YOR156C,YPL253C,1,-3.7697158,0.09753363579511642,0.7435897588729858,0.688034176826477
YGL127C,YDL235C,0,-3.769812,0.09749719500541687,0.7435897588729858,0.6883190870285034
YDR194C,YKL148C,0,-3.7707942,0.0974607914686203,0.7435897588729858,0.6886039972305298
YGR048W,YPR052C,0,-3.771397,0.09742441028356552,0.7435897588729858,0.6888889074325562
YPR094W,YBR135W,0,-3.7716026,0.09738805890083313,0.7435897588729858,0.6891738176345825
YML034W,YIR025W,1,-3.77189,0.09772472828626633,0.74643874168396,0.6891738176345825
YDL200C,YJR017C,0,-3.772004,0.09768829494714737,0.74643874168396,0.6894586682319641
YML023C,YMR125W,0,-3.7733943,0.0976518839597702,0.74643874168396,0.6897435784339905
YOL060C,YPL053C,0,-3.7747178,0.09761550277471542,0.74643874168396,0.6900284886360168
YBR036C,YLR055C,0,-3.7757425,0.09757914394140244,0.74643874168396,0.6903133988380432
YDR280W,YDR423C,0,-3.775792,0.09754281491041183,0.74643874168396,0.6905983090400696
YJL146W,YDR490C,0,-3.776006,0.09750651568174362,0.74643874168396,0.690883219242096
YML073C,YGR135W,0,-3.7766929,0.0974702388048172,0.74643874168396,0.6911680698394775
YJL012C,YJR093C,0,-3.7769094,0.09743399173021317,0.74643874168396,0.6914529800415039
YJR017C,YLR100W,0,-3.7771988,0.09739776700735092,0.74643874168396,0.6917378902435303
YHR165C,YKL018W,0,-3.777546,0.09736157208681107,0.74643874168396,0.6920228004455566
YMR270C,YGR007W,0,-3.7776098,0.0973254069685936,0.74643874168396,0.692307710647583
YOR116C,YNR054C,0,-3.7782297,0.09728927165269852,0.74643874168396,0.6925926208496094
YPR008W,YLR221C,0,-3.7782822,0.09725315868854523,0.74643874168396,0.692877471446991
YDL216C,YHR107C,0,-3.7799888,0.09721706807613373,0.74643874168396,0.6931623816490173
YIL048W,YBL008W,0,-3.7802203,0.09718100726604462,0.74643874168396,0.6934472918510437
YOL077W-A,YDR385W,0,-3.7813408,0.0971449762582779,0.74643874168396,0.6937322020530701
YDR419W,YLR396C,0,-3.78155,0.09710896760225296,0.74643874168396,0.6940171122550964
YHL007C,YBR084W,0,-3.782054,0.09707298874855042,0.74643874168396,0.6943020224571228
YIL034C,YDL052C,0,-3.7823396,0.09703703969717026,0.74643874168396,0.6945868730545044
YMR280C,YCR010C,0,-3.782391,0.09700111299753189,0.74643874168396,0.6948717832565308
YDR088C,YML094W,0,-3.7828577,0.09696520864963531,0.74643874168396,0.6951566934585571
YNL281W,YPR094W,0,-3.7829375,0.09692933410406113,0.74643874168396,0.6954416036605835
YNL173C,YKR035W-A,0,-3.7830229,0.09689348936080933,0.74643874168396,0.6957265138626099
YLR310C,YKL085W,0,-3.7851257,0.09685767441987991,0.74643874168396,0.6960114240646362
YDR463W,YLR430W,0,-3.7859006,0.0968218743801117,0.74643874168396,0.6962962746620178
YDR512C,YJL033W,0,-3.7864113,0.09678611159324646,0.74643874168396,0.6965811848640442
YDR178W,YGL071W,0,-3.786475,0.09675037115812302,0.74643874168396,0.6968660950660706
YKL117W,YJR082C,0,-3.7872124,0.09671465307474136,0.74643874168396,0.6971510052680969
YLR234W,YLR368W,0,-3.7873006,0.0966789647936821,0.74643874168396,0.6974359154701233
YER001W,YGL053W,0,-3.7877922,0.09664330631494522,0.74643874168396,0.6977208256721497
YNL127W,YOR144C,0,-3.787853,0.09660767018795013,0.74643874168396,0.6980056762695312
YGR202C,YML023C,0,-3.78815,0.09657206386327744,0.74643874168396,0.6982905864715576
YKL058W,YGL053W,0,-3.7893803,0.09653647989034653,0.74643874168396,0.698575496673584
YGL127C,YKL148C,0,-3.7914355,0.09650091826915741,0.74643874168396,0.6988604068756104
YIL132C,YGL003C,1,-3.7915478,0.09683357924222946,0.7492877244949341,0.6988604068756104
YBR155W,YDL097C,0,-3.791677,0.09679793566465378,0.7492877244949341,0.6991453170776367
YNL177C,YML008C,0,-3.791875,0.09676232188940048,0.7492877244949341,0.6994302272796631
YLR319C,YDR464W,0,-3.791896,0.09672673791646957,0.7492877244949341,0.6997150778770447
YDR463W,YPR041W,0,-3.7924366,0.09669117629528046,0.7492877244949341,0.699999988079071
YEL054C,YOR208W,0,-3.792505,0.09665564447641373,0.7492877244949341,0.7002848982810974
YIL132C,YAL031C,1,-3.7925487,0.09698750823736191,0.752136766910553,0.7002848982810974
YDR178W,YGR278W,0,-3.7930841,0.09695189446210861,0.752136766910553,0.7005698084831238
YPL069C,YPR094W,0,-3.7934961,0.0969163030385971,0.752136766910553,0.7008547186851501
YJL207C,YGL227W,0,-3.7943847,0.09688073396682739,0.752136766910553,0.7011396288871765
YGL003C,YIR025W,1,-3.7945714,0.09721203148365021,0.7549857497215271,0.7011396288871765
YNL088W,YGR020C,0,-3.7951736,0.09717638790607452,0.7549857497215271,0.7014244794845581
YDR359C,YIR012W,0,-3.795397,0.09714075922966003,0.7549857497215271,0.7017093896865845
YOR256C,YLR337C,0,-3.7954,0.09710516780614853,0.7549857497215271,0.7019942998886108
YBR112C,YNL177C,0,-3.7963552,0.09706959873437881,0.7549857497215271,0.7022792100906372
YIL154C,YLR396C,0,-3.7969093,0.09703405201435089,0.7549857497215271,0.7025641202926636
YJR090C,YGL133W,0,-3.7973108,0.09699853509664536,0.7549857497215271,0.7028490304946899
YDR463W,YDR392W,0,-3.7980542,0.09696304798126221,0.7549857497215271,0.7031338810920715
YGR040W,YOL045W,0,-3.7981372,0.09692757576704025,0.7549857497215271,0.7034187912940979
YDL147W,YGR112W,0,-3.7986035,0.09689214080572128,0.7549857497215271,0.7037037014961243
YLR310C,YHR008C,0,-3.7986255,0.0968567281961441,0.7549857497215271,0.7039886116981506
YDR318W,YMR117C,1,-3.799208,0.09718669950962067,0.7578347325325012,0.7039886116981506
YML069W,YNL147W,0,-3.79924,0.09715120494365692,0.7578347325325012,0.704273521900177
YDR178W,YNL007C,0,-3.8007684,0.09711573272943497,0.7578347325325012,0.7045584321022034
YGL243W,YBR273C,0,-3.8007872,0.0970802903175354,0.7578347325325012,0.704843282699585
YHR152W,YHR107C,0,-3.8018641,0.09704487770795822,0.7578347325325012,0.7051281929016113
YKL117W,YOR148C,0,-3.8021128,0.09700947999954224,0.7578347325325012,0.7054131031036377
YKL058W,YGR020C,0,-3.802127,0.09697411954402924,0.7578347325325012,0.7056980133056641
YOR156C,YPR046W,1,-3.8023572,0.09730320423841476,0.7606837749481201,0.7056980133056641
YNL326C,YML069W,0,-3.803051,0.0972677618265152,0.7606837749481201,0.7059829235076904
YPR005C,YNL088W,0,-3.8037841,0.09723233431577682,0.7606837749481201,0.7062678337097168
YML034W,YOR073W,1,-3.804467,0.09756097197532654,0.7635327577590942,0.7062678337097168
YPL137C,YNL299W,1,-3.80583,0.09788937121629715,0.7663817405700684,0.7062678337097168
YDL024C,YPR005C,0,-3.8058877,0.09785376489162445,0.7663817405700684,0.7065526843070984
YPL146C,YDR512C,0,-3.807701,0.09781818091869354,0.7663817405700684,0.7068375945091248
YJL048C,YNR023W,0,-3.8077316,0.09778262674808502,0.7663817405700684,0.7071225047111511
YGL246C,YPL084W,0,-3.8078368,0.09774709492921829,0.7663817405700684,0.7074074149131775
YML098W,YML011C,0,-3.8083997,0.09771158546209335,0.7663817405700684,0.7076923251152039
YGR202C,YPL091W,0,-3.808963,0.0976761057972908,0.7663817405700684,0.7079772353172302
YNL135C,YBR135W,0,-3.809338,0.09764065593481064,0.7663817405700684,0.7082620859146118
YOR005C,YNL267W,0,-3.8096707,0.09760522842407227,0.7663817405700684,0.7085469961166382
YKL018W,YMR287C,0,-3.8113334,0.09756982326507568,0.7663817405700684,0.7088319063186646
YGR048W,YDR527W,0,-3.811891,0.09753444790840149,0.7663817405700684,0.7091168165206909
YNL107W,YOR295W,0,-3.8122807,0.09749909490346909,0.7663817405700684,0.7094017267227173
YIL147C,YMR125W,0,-3.8132827,0.09746377170085907,0.7663817405700684,0.7096866369247437
YPL139C,YMR168C,0,-3.8144758,0.09742847084999084,0.7663817405700684,0.7099714875221252
YBR276C,YJR093C,0,-3.8150563,0.09739319235086441,0.7663817405700684,0.7102563977241516
YEL027W,YGL044C,0,-3.8151236,0.09735794365406036,0.7663817405700684,0.710541307926178
YPL244C,YIR026C,0,-3.8151813,0.09732271730899811,0.7663817405700684,0.7108262181282043
YGR257C,YML115C,0,-3.8158805,0.09728752076625824,0.7663817405700684,0.7111111283302307
YMR287C,YNL232W,0,-3.8162298,0.09725234657526016,0.7663817405700684,0.7113960385322571
YDL164C,YJL005W,0,-3.8171895,0.09721720218658447,0.7663817405700684,0.7116808891296387
YOR156C,YIR025W,1,-3.8173616,0.09754335135221481,0.7692307829856873,0.7116808891296387
YPR049C,YPL119C,0,-3.8176708,0.09750812500715256,0.7692307829856873,0.711965799331665
YNR052C,YFL002C,0,-3.8189645,0.09747292101383209,0.7692307829856873,0.7122507095336914
YBR199W,YLR368W,0,-3.8193588,0.09743774682283401,0.7692307829856873,0.7125356197357178
YOR079C,YPL001W,0,-3.8197103,0.09740259498357773,0.7692307829856873,0.7128205299377441
YJL146W,YDR393W,0,-3.8201413,0.09736747294664383,0.7692307829856873,0.7131054401397705
YDR527W,YDR361C,0,-3.8206887,0.09733237326145172,0.7692307829856873,0.7133902907371521
YLR138W,YLR409C,0,-3.8208032,0.0972972959280014,0.7692307829856873,0.7136752009391785
YHR085W,YDR308C,0,-3.8208537,0.09726224839687347,0.7692307829856873,0.7139601111412048
YDR423C,YBR035C,0,-3.8209167,0.09722722321748734,0.7692307829856873,0.7142450213432312
YDR280W,YPL160W,0,-3.8217824,0.09719222784042358,0.7692307829856873,0.7145299315452576
YDL007W,YJR049C,0,-3.8222334,0.09715724736452103,0.7692307829856873,0.7148148417472839
YLR382C,YPR024W,0,-3.8232102,0.09712230414152145,0.7692307829856873,0.7150996923446655
YNL307C,YML034W,1,-3.8241978,0.09744696319103241,0.7720797657966614,0.7150996923446655
YNR052C,YDL197C,0,-3.824521,0.09741193056106567,0.7720797657966614,0.7153846025466919
YGR202C,YPR086W,0,-3.8257504,0.09737692773342133,0.7720797657966614,0.7156695127487183
YPL174C,YDL147W,0,-3.8258553,0.09734195470809937,0.7720797657966614,0.7159544229507446
YPL091W,YNL298W,0,-3.8261669,0.0973070040345192,0.7720797657966614,0.716239333152771
YDR419W,YHR107C,0,-3.8263178,0.09727207571268082,0.7720797657966614,0.7165242433547974
YJL048C,YOR295W,0,-3.826587,0.09723716974258423,0.7720797657966614,0.716809093952179
YLR103C,YMR030W,0,-3.8267603,0.09720229357481003,0.7720797657966614,0.7170940041542053
YGL003C,YPL253C,1,-3.8268049,0.09752599149942398,0.7749287486076355,0.7170940041542053
YBR177C,YER159C,0,-3.826908,0.09749104082584381,0.7749287486076355,0.7173789143562317
YPL057C,YOL028C,0,-3.8269255,0.09745611250400543,0.7749287486076355,0.7176638245582581
YHR062C,YOL089C,0,-3.8276038,0.09742120653390884,0.7749287486076355,0.7179487347602844
YDL115C,YGR020C,0,-3.8276293,0.09738632291555405,0.7749287486076355,0.7182336449623108
YDR463W,YKR079C,0,-3.8276308,0.09735146909952164,0.7749287486076355,0.7185184955596924
YLR430W,YER159C,0,-3.8276446,0.09731663763523102,0.7749287486076355,0.7188034057617188
YGL071W,YML011C,0,-3.8282607,0.09728182852268219,0.7749287486076355,0.7190883159637451
YDR449C,YOR317W,0,-3.8292994,0.09724704921245575,0.7749287486076355,0.7193732261657715
YPL139C,YIL159W,0,-3.8299165,0.0972122922539711,0.7749287486076355,0.7196581363677979
YPL233W,YGL003C,1,-3.8302379,0.09753483533859253,0.7777777910232544,0.7196581363677979
YDL170W,YER015W,0,-3.8303103,0.09749999642372131,0.7777777910232544,0.7199430465698242
YLR033W,YJR017C,0,-3.8303587,0.09746518731117249,0.7777777910232544,0.7202278971672058
YDR194C,YMR227C,0,-3.8308086,0.09743040800094604,0.7777777910232544,0.7205128073692322
YMR268C,YLR032W,0,-3.8314118,0.0973956510424614,0.7777777910232544,0.7207977175712585
YLR032W,YER008C,0,-3.8320003,0.09736091643571854,0.7777777910232544,0.7210826277732849
YKL166C,YGR006W,0,-3.8321195,0.09732620418071747,0.7777777910232544,0.7213675379753113
YML019W,YFR005C,0,-3.8336093,0.09729152172803879,0.7777777910232544,0.7216524481773376
YDR118W,YGL003C,1,-3.8347902,0.09761311113834381,0.7806267738342285,0.7216524481773376
YOR334W,YHR008C,0,-3.8354576,0.09757834672927856,0.7806267738342285,0.7219372987747192
YML015C,YAL059W,0,-3.8364847,0.0975436121225357,0.7806267738342285,0.7222222089767456
YKR042W,YBR273C,0,-3.8377762,0.09750889986753464,0.7806267738342285,0.722507119178772
YOR156C,YGL003C,1,-3.8396382,0.09782995283603668,0.7834757566452026,0.722507119178772
YDR118W,YIL132C,1,-3.839716,0.09815078228712082,0.7863247990608215,0.722507119178772
YER008C,YPL140C,0,-3.8403478,0.09811589121818542,0.7863247990608215,0.7227920293807983
YML098W,YLR117C,0,-3.840669,0.09808102250099182,0.7863247990608215,0.7230769395828247
YNL177C,YGL087C,0,-3.841646,0.0980461835861206,0.7863247990608215,0.7233618497848511
YJR090C,YOR209C,0,-3.8424196,0.09801136702299118,0.7863247990608215,0.7236467003822327
YBL025W,YMR025W,0,-3.8426409,0.09797657281160355,0.7863247990608215,0.723931610584259
YBL046W,YDL147W,0,-3.8429568,0.0979418009519577,0.7863247990608215,0.7242165207862854
YOL089C,YER008C,0,-3.8432162,0.09790705889463425,0.7863247990608215,0.7245014309883118
YJL074C,YGL003C,1,-3.8441553,0.09822694957256317,0.7891737818717957,0.7245014309883118
YMR273C,YJL014W,0,-3.8443449,0.09819213300943375,0.7891737818717957,0.7247863411903381
YPL053C,YOR377W,0,-3.8445387,0.09815733879804611,0.7891737818717957,0.7250712513923645
YDR279W,YHR067W,0,-3.845019,0.09812256693840027,0.7891737818717957,0.7253561019897461
YOR270C,YOR319W,0,-3.845374,0.09808781743049622,0.7891737818717957,0.7256410121917725
YDL115C,YNL283C,0,-3.8454344,0.09805309772491455,0.7891737818717957,0.7259259223937988
YDL188C,YNL107W,0,-3.8456345,0.09801840037107468,0.7891737818717957,0.7262108325958252
YBL052C,YDR419W,0,-3.8457923,0.09798372536897659,0.7891737818717957,0.7264957427978516
YLR033W,YPR113W,0,-3.8460674,0.0979490801692009,0.7891737818717957,0.7267806529998779
YJL146W,YBR182C,0,-3.8460927,0.09791445732116699,0.7891737818717957,0.7270655035972595
YOR245C,YCL025C,0,-3.8461072,0.09787985682487488,0.7891737818717957,0.7273504137992859
YEL061C,YNL299W,1,-3.8464727,0.09819851815700531,0.7920227646827698,0.7273504137992859
YML034W,YNL273W,1,-3.8465757,0.09851694852113724,0.7948718070983887,0.7273504137992859
YMR270C,YHR016C,0,-3.8476686,0.0984821766614914,0.7948718070983887,0.7276353240013123
YLR324W,YOR239W,0,-3.8476753,0.09844742715358734,0.7948718070983887,0.7279202342033386
YPR041W,YCR010C,0,-3.847705,0.09841269999742508,0.7948718070983887,0.728205144405365
YDL115C,YHR114W,0,-3.848976,0.09837799519300461,0.7948718070983887,0.7284900546073914
YDR289C,YMR247C,0,-3.8490357,0.09834332019090652,0.7948718070983887,0.728774905204773
YLR191W,YDR289C,0,-3.8490527,0.09830866754055023,0.7948718070983887,0.7290598154067993
YLL034C,YMR125W,0,-3.849509,0.09827403724193573,0.7948718070983887,0.7293447256088257
YNL135C,YJL154C,0,-3.8501925,0.09823943674564362,0.7948718070983887,0.729629635810852
YKL166C,YOR295W,0,-3.8508286,0.09820485860109329,0.7948718070983887,0.7299145460128784
YPL119C,YDR501W,0,-3.850883,0.09817030280828476,0.7948718070983887,0.7301994562149048
YHL007C,YDR231C,0,-3.8509903,0.09813576936721802,0.7948718070983887,0.7304843068122864
YIL048W,YLR438C-A,0,-3.8511057,0.09810126572847366,0.7948718070983887,0.7307692170143127
YDR120C,YNL177C,0,-3.8517003,0.0980667844414711,0.7948718070983887,0.7310541272163391
YNL088W,YBL093C,0,-3.8520584,0.09803232550621033,0.7948718070983887,0.7313390374183655
YJR090C,YML023C,0,-3.8526266,0.09799788892269135,0.7948718070983887,0.7316239476203918
YJR068W,YGR089W,1,-3.853014,0.09831460565328598,0.7977207899093628,0.7316239476203918
YGR254W,YDR129C,0,-3.8557901,0.09828009456396103,0.7977207899093628,0.7319088578224182
YMR268C,YPR041W,0,-3.8560357,0.09824561327695847,0.7977207899093628,0.7321937084197998
YGR170W,YPL045W,0,-3.8561046,0.09821115434169769,0.7977207899093628,0.7324786186218262
YOR319W,YDR284C,0,-3.856814,0.09817671775817871,0.7977207899093628,0.7327635288238525
YDR211W,YML091C,0,-3.8568966,0.09814230352640152,0.7977207899093628,0.7330484390258789
YDL003W,YEL061C,1,-3.8576198,0.09845830500125885,0.8005697727203369,0.7330484390258789
YOR334W,YDR147W,0,-3.8577785,0.09842381626367569,0.8005697727203369,0.7333333492279053
YDR453C,YDR069C,0,-3.8583183,0.09838935732841492,0.8005697727203369,0.7336182594299316
YIL132C,YML034W,1,-3.8588698,0.09870493412017822,0.8034188151359558,0.7336182594299316
YGL111W,YJL191W,0,-3.859923,0.09867040067911148,0.8034188151359558,0.7339031100273132
YDL231C,YGR002C,0,-3.8602738,0.09863588958978653,0.8034188151359558,0.7341880202293396
YKL018W,YER173W,0,-3.8620014,0.09860140085220337,0.8034188151359558,0.734472930431366
YIR033W,YBR035C,0,-3.862903,0.098566934466362,0.8034188151359558,0.7347578406333923
YJR068W,YJL074C,1,-3.863023,0.09888190031051636,0.8062677979469299,0.7347578406333923
YML102W,YGL071W,0,-3.8633773,0.09884735941886902,0.8062677979469299,0.7350427508354187
YML094W,YHR107C,0,-3.8640106,0.09881284832954407,0.8062677979469299,0.7353276610374451
YEL013W,YKR101W,0,-3.864421,0.09877835959196091,0.8062677979469299,0.7356125116348267
YOR034C,YIL017C,0,-3.864599,0.09874389320611954,0.8062677979469299,0.735897421836853
YDR392W,YGR156W,0,-3.8650975,0.09870944917201996,0.8062677979469299,0.7361823320388794
YDL188C,YNL186W,0,-3.8654003,0.09867503494024277,0.8062677979469299,0.7364672422409058
YLR370C,YIR033W,0,-3.8660192,0.09864064306020737,0.8062677979469299,0.7367521524429321
YKL085W,YOR144C,0,-3.8664846,0.09860627353191376,0.8062677979469299,0.7370370626449585
YML080W,YER149C,0,-3.8671498,0.09857192635536194,0.8062677979469299,0.7373219132423401
YDR118W,YPL253C,1,-3.8697057,0.09888579696416855,0.809116780757904,0.7373219132423401
YGR056W,YOR119C,0,-3.8698673,0.09885137528181076,0.809116780757904,0.7376068234443665
YBR009C,YJR093C,0,-3.869998,0.09881698340177536,0.809116780757904,0.7378917336463928
YOR316C,YMR162C,0,-3.8706808,0.09878260642290115,0.809116780757904,0.7381766438484192
YPL045W,YCL004W,0,-3.8718257,0.09874825924634933,0.809116780757904,0.7384615540504456
YMR138W,YOR008C,0,-3.8718534,0.0987139344215393,0.809116780757904,0.7387464642524719
YKR061W,YOR316C,0,-3.8728263,0.09867963939905167,0.809116780757904,0.7390313148498535
YIL048W,YOR272W,0,-3.8737135,0.09864535927772522,0.809116780757904,0.7393162250518799
YDL004W,YDR079C-A,0,-3.8738575,0.09861110895872116,0.809116780757904,0.7396011352539062
YNL127W,YNL093W,0,-3.874127,0.09857688099145889,0.809116780757904,0.7398860454559326
YHR152W,YLR043C,0,-3.8746896,0.09854267537593842,0.809116780757904,0.740170955657959
YHR085W,YPL057C,0,-3.8749442,0.09850849956274033,0.809116780757904,0.7404558658599854
YER026C,YJL041W,0,-3.87496,0.09847433865070343,0.809116780757904,0.7407407164573669
YGR040W,YIL002C,0,-3.8751926,0.09844020754098892,0.809116780757904,0.7410256266593933
YMR138W,YML028W,0,-3.8758812,0.0984060987830162,0.809116780757904,0.7413105368614197
YKR035W-A,YBL052C,0,-3.8763456,0.09837201237678528,0.809116780757904,0.741595447063446
YML098W,YNL107W,0,-3.8792856,0.09833794832229614,0.809116780757904,0.7418803572654724
YER001W,YNL036W,0,-3.880136,0.0983039140701294,0.809116780757904,0.7421652674674988
YDL047W,YPL140C,0,-3.8801718,0.09826989471912384,0.809116780757904,0.7424501180648804
YOR067C,YGL205W,0,-3.8810806,0.09823590517044067,0.809116780757904,0.7427350282669067
YER001W,YMR302C,0,-3.88171,0.0982019379734993,0.809116780757904,0.7430199384689331
YMR138W,YLR052W,0,-3.8835125,0.09816799312829971,0.809116780757904,0.7433048486709595
YOR208W,YPL112C,0,-3.8835516,0.09813407063484192,0.809116780757904,0.7435897588729858
YDL020C,YER120W,0,-3.8841681,0.09810017049312592,0.809116780757904,0.7438746690750122
YCL033C,YMR125W,0,-3.8851733,0.0980663001537323,0.809116780757904,0.7441595196723938
YDL003W,YJL074C,1,-3.886275,0.09837763011455536,0.811965823173523,0.7441595196723938
YNL267W,YDL200C,0,-3.8880239,0.09834368526935577,0.811965823173523,0.7444444298744202
YPL146C,YPR101W,0,-3.8881192,0.09830976277589798,0.811965823173523,0.7447293400764465
YIL002C,YPL084W,0,-3.8892236,0.09827586263418198,0.811965823173523,0.7450142502784729
YLL034C,YML023C,0,-3.890423,0.09824198484420776,0.811965823173523,0.7452991604804993
YMR241W,YML094W,0,-3.8914237,0.09820812940597534,0.811965823173523,0.7455840706825256
YNR023W,YOR308C,0,-3.891495,0.09817430377006531,0.811965823173523,0.7458689212799072
YNL093W,YFL002C,0,-3.8919487,0.09814049303531647,0.811965823173523,0.7461538314819336
YML019W,YJR082C,0,-3.8921137,0.09810671210289001,0.811965823173523,0.74643874168396
YIL154C,YKL188C,0,-3.8921268,0.09807295352220535,0.811965823173523,0.7467236518859863
YER161C,YPR164W,0,-3.8925867,0.09803921729326248,0.811965823173523,0.7470085620880127
YPL069C,YDR045C,0,-3.8935204,0.0980055034160614,0.811965823173523,0.7472934722900391
YGL175C,YOR319W,0,-3.893946,0.09797181189060211,0.811965823173523,0.7475783228874207
YDL132W,YPL053C,0,-3.8945522,0.09793814271688461,0.811965823173523,0.747863233089447
YPL046C,YPL153C,0,-3.8946228,0.0979045033454895,0.811965823173523,0.7481481432914734
YDL231C,YBR199W,0,-3.8952618,0.09787087887525558,0.811965823173523,0.7484330534934998
YDL231C,YER120W,0,-3.8956633,0.09783728420734406,0.811965823173523,0.7487179636955261
YMR268C,YNL103W,0,-3.8963726,0.09780370444059372,0.811965823173523,0.7490028738975525
YGR202C,YML028W,0,-3.8969598,0.09777015447616577,0.811965823173523,0.7492877244949341
YJL133W,YOL089C,0,-3.8972406,0.09773662686347961,0.811965823173523,0.7495726346969604
YEL061C,YOR073W,1,-3.8972554,0.09804593771696091,0.8148148059844971,0.7495726346969604
YLR138W,YDL007W,0,-3.8973963,0.09801233559846878,0.8148148059844971,0.7498575448989868
YAL051W,YKR101W,0,-3.8985271,0.09797876328229904,0.8148148059844971,0.7501424551010132
YLR310C,YOR127W,0,-3.8985882,0.0979452058672905,0.8148148059844971,0.7504273653030396
YDR490C,YNL214W,0,-3.8989308,0.09791167080402374,0.8148148059844971,0.7507122755050659
YDR297W,YDR088C,0,-3.898936,0.09787816554307938,0.8148148059844971,0.7509971261024475
YOL088C,YLR324W,0,-3.899283,0.0978446826338768,0.8148148059844971,0.7512820363044739
YGL243W,YKL012W,0,-3.8992903,0.09781121462583542,0.8148148059844971,0.7515669465065002
YOR386W,YGR135W,0,-3.8998036,0.09777777642011642,0.8148148059844971,0.7518518567085266
YMR241W,YDR297W,0,-3.9000025,0.09774436056613922,0.8148148059844971,0.752136766910553
YJL146W,YGR183C,0,-3.9003024,0.09771096706390381,0.8148148059844971,0.7524216771125793
YML110C,YBL030C,0,-3.901619,0.09767759591341019,0.8148148059844971,0.7527065277099609
YDR432W,YMR235C,0,-3.9016993,0.09764424711465836,0.8148148059844971,0.7529914379119873
YNL182C,YBR177C,0,-3.901859,0.09761092066764832,0.8148148059844971,0.7532763481140137
YMR023C,YOR304W,0,-3.9019833,0.09757761657238007,0.8148148059844971,0.75356125831604
YML021C,YGR072W,0,-3.9023907,0.09754433482885361,0.8148148059844971,0.7538461685180664
YAL031C,YOR073W,1,-3.9026756,0.09785202890634537,0.8176637887954712,0.7538461685180664
YDR164C,YDR404C,0,-3.9026928,0.09781868010759354,0.8176637887954712,0.7541310787200928
YBR036C,YLR141W,0,-3.9028637,0.0977853462100029,0.8176637887954712,0.7544159293174744
YPL233W,YJL074C,1,-3.9031672,0.09809264540672302,0.8205128312110901,0.7544159293174744
YMR127C,YHR205W,0,-3.9033675,0.09805924445390701,0.8205128312110901,0.7547008395195007
YPL194W,YPL112C,0,-3.9034853,0.0980258658528328,0.8205128312110901,0.7549857497215271
YOL011W,YGL070C,0,-3.903762,0.09799251705408096,0.8205128312110901,0.7552706599235535
YOR290C,YBR273C,0,-3.904294,0.09795918315649033,0.8205128312110901,0.7555555701255798
YHR031C,YPR024W,0,-3.9048314,0.09792587906122208,0.8205128312110901,0.7558404803276062
YIR002C,YDR404C,0,-3.905068,0.09789258986711502,0.8205128312110901,0.7561253309249878
YKR087C,YHR150W,0,-3.9059966,0.09785933047533035,0.8205128312110901,0.7564102411270142
YJR068W,YOR156C,1,-3.906684,0.09816575795412064,0.8233618140220642,0.7564102411270142
YJR007W,YOR377W,0,-3.9073734,0.0981324315071106,0.8233618140220642,0.7566951513290405
YML098W,YOR298C-A,0,-3.9092364,0.09809911996126175,0.8233618140220642,0.7569800615310669
YDR318W,YOR156C,1,-3.9093564,0.09840516000986099,0.8262107968330383,0.7569800615310669
YJL133W,YHR069C,0,-3.9093804,0.09837177395820618,0.8262107968330383,0.7572649717330933
YNL149C,YHR073W,0,-3.909576,0.09833841770887375,0.8262107968330383,0.7575498819351196
YNL154C,YDR324C,0,-3.9101567,0.09830508381128311,0.8262107968330383,0.7578347325325012
YEL024W,YFR053C,0,-3.9102488,0.09827177226543427,0.8262107968330383,0.7581196427345276
YMR298W,YJL041W,0,-3.9119453,0.09823848307132721,0.8262107968330383,0.758404552936554
YOR026W,YLR192C,0,-3.9121504,0.09820521622896194,0.8262107968330383,0.7586894631385803
YER006W,YOR304W,0,-3.913284,0.09817197173833847,0.8262107968330383,0.7589743733406067
YNL273W,YIR025W,1,-3.913846,0.09847715497016907,0.8290598392486572,0.7589743733406067
YDL147W,YER015W,0,-3.9140227,0.09844384342432022,0.8290598392486572,0.7592592835426331
YIR002C,YDR512C,0,-3.9145408,0.09841055423021317,0.8290598392486572,0.7595441341400146
YGR257C,YGR002C,0,-3.9148648,0.0983772799372673,0.8290598392486572,0.759829044342041
YIL075C,YNL130C,0,-3.9148974,0.09834403544664383,0.8290598392486572,0.7601139545440674
YDL020C,YKR085C,0,-3.9154928,0.09831081330776215,0.8290598392486572,0.7603988647460938
YOL088C,YJR057W,0,-3.916306,0.09827760607004166,0.8290598392486572,0.7606837749481201
YJR068W,YNL172W,1,-3.9163504,0.09858203679323196,0.8319088220596313,0.7606837749481201
YMR127C,YBR172C,0,-3.9165654,0.0985487699508667,0.8319088220596313,0.7609686851501465
YCR065W,YNL036W,0,-3.917936,0.09851551800966263,0.8319088220596313,0.7612535357475281
YML110C,YAR003W,0,-3.920982,0.09848229587078094,0.8319088220596313,0.7615384459495544
YOL060C,YGL053W,0,-3.9217386,0.09844908863306046,0.8319088220596313,0.7618233561515808
YBR049C,YNL106C,0,-3.922152,0.09841591119766235,0.8319088220596313,0.7621082663536072
YDR318W,YIL132C,1,-3.9225035,0.09871967881917953,0.8347578644752502,0.7621082663536072
YLR103C,YPL192C,0,-3.9243097,0.09868642687797546,0.8347578644752502,0.7623931765556335
YPR023C,YDR490C,0,-3.9243524,0.09865319728851318,0.8347578644752502,0.7626780867576599
YNL283C,YML102W,0,-3.9255934,0.0986199900507927,0.8347578644752502,0.7629629373550415
YML034W,YGR089W,1,-3.9256394,0.09892328083515167,0.8376068472862244,0.7629629373550415
YNL283C,YOR034C,0,-3.9263535,0.09889000654220581,0.8376068472862244,0.7632478475570679
YDL164C,YER173W,0,-3.9264135,0.09885676205158234,0.8376068472862244,0.7635327577590942
YKL018W,YDL097C,0,-3.9281626,0.09882353246212006,0.8376068472862244,0.7638176679611206
YLR110C,YOR304W,0,-3.9287317,0.09879032522439957,0.8376068472862244,0.764102578163147
YBL103C,YOR209C,0,-3.9288132,0.09875714033842087,0.8376068472862244,0.7643874883651733
YOR256C,YNL214W,0,-3.9293818,0.09872397780418396,0.8376068472862244,0.7646723389625549
YKL053C-A,YBR273C,0,-3.9314156,0.09869083762168884,0.8376068472862244,0.7649572491645813
YML073C,YKL188C,0,-3.9317842,0.09865771979093552,0.8376068472862244,0.7652421593666077
YAL031C,YNL273W,1,-3.931858,0.09896007925271988,0.8404558300971985,0.7652421593666077
YNL326C,YGR040W,0,-3.9323838,0.09892689436674118,0.8404558300971985,0.765527069568634
YLR052W,YOR377W,0,-3.9336114,0.09889373183250427,0.8404558300971985,0.7658119797706604
YHR085W,YOR319W,0,-3.9341335,0.09886059165000916,0.8404558300971985,0.7660968899726868
YLR115W,YLR135W,0,-3.9346168,0.09882747381925583,0.8404558300971985,0.7663817405700684
YOR157C,YLR376C,0,-3.9349837,0.0987943708896637,0.8404558300971985,0.7666666507720947
YBL007C,YJL063C,0,-3.9356763,0.09876129776239395,0.8404558300971985,0.7669515609741211
YBR199W,YIL159W,0,-3.9370646,0.098728246986866,0.8404558300971985,0.7672364711761475
YEL042W,YDL007W,0,-3.93892,0.09869521856307983,0.8404558300971985,0.7675213813781738
YGR257C,YER155C,0,-3.9394493,0.09866220504045486,0.8404558300971985,0.7678062915802002
YNL207W,YOR100C,0,-3.940232,0.09862922132015228,0.8404558300971985,0.7680911421775818
YDL003W,YOR073W,1,-3.9403417,0.0989304780960083,0.8433048725128174,0.7680911421775818
YDR463W,YDL164C,0,-3.9415495,0.09889742732048035,0.8433048725128174,0.7683760523796082
YNL068C,YFR005C,0,-3.9433954,0.09886439889669418,0.8433048725128174,0.7686609625816345
YCR091W,YGR185C,0,-3.9440377,0.09883138537406921,0.8433048725128174,0.7689458727836609
YMR025W,YMR125W,0,-3.944441,0.09879839420318604,0.8433048725128174,0.7692307829856873
YDR121W,YKR087C,0,-3.944858,0.09876543283462524,0.8433048725128174,0.7695156931877136
YOR060C,YGR156W,0,-3.944971,0.09873248636722565,0.8433048725128174,0.7698005437850952
YLR310C,YLR016C,0,-3.944993,0.09869956970214844,0.8433048725128174,0.7700854539871216
YBR177C,YPL161C,0,-3.945578,0.09866666793823242,0.8433048725128174,0.770370364189148
YKL008C,YGL012W,0,-3.9459736,0.0986337885260582,0.8433048725128174,0.7706552743911743
YHL007C,YEL013W,0,-3.946007,0.09860093146562576,0.8433048725128174,0.7709401845932007
YNL207W,YOL023W,0,-3.9468708,0.09856809675693512,0.8433048725128174,0.771225094795227
YFR050C,YLL034C,0,-3.9489446,0.09853528439998627,0.8433048725128174,0.7715099453926086
YOR060C,YIR015W,0,-3.9494681,0.0985024943947792,0.8433048725128174,0.771794855594635
YDR121W,YGL071W,0,-3.9497309,0.09846972674131393,0.8433048725128174,0.7720797657966614
YGL227W,YDL164C,0,-3.950572,0.09843698143959045,0.8433048725128174,0.7723646759986877
YGR007W,YER015W,0,-3.9509602,0.09840425848960876,0.8433048725128174,0.7726495862007141
YJL076W,YDR212W,0,-3.952746,0.09837155044078827,0.8433048725128174,0.7729344964027405
YPL045W,YJL012C,0,-3.953242,0.09833887219429016,0.8433048725128174,0.7732193470001221
YKL126W,YNR023W,0,-3.954073,0.09830620884895325,0.8433048725128174,0.7735042572021484
YEL027W,YDR121W,0,-3.95428,0.09827357530593872,0.8433048725128174,0.7737891674041748
YOR193W,YER015W,0,-3.9549356,0.09824095666408539,0.8433048725128174,0.7740740776062012
YDR318W,YIR025W,1,-3.9551854,0.09854014962911606,0.8461538553237915,0.7740740776062012
YLR103C,YJL006C,0,-3.9559906,0.09850746393203735,0.8461538553237915,0.7743589878082275
YML080W,YPL178W,0,-3.9568338,0.09847480058670044,0.8461538553237915,0.7746438980102539
YPL046C,YOR308C,0,-3.9571652,0.09844215959310532,0.8461538553237915,0.7749287486076355
YOL051W,YOR330C,0,-3.957407,0.09840954095125198,0.8461538553237915,0.7752136588096619
YHR016C,YJL005W,0,-3.9574592,0.09837694466114044,0.8461538553237915,0.7754985690116882
YKL018W,YLR115W,0,-3.958424,0.09834437072277069,0.8461538553237915,0.7757834792137146
YJL090C,YOR144C,0,-3.959046,0.09831181913614273,0.8461538553237915,0.776068389415741
YDR280W,YKR085C,0,-3.9592185,0.09827928245067596,0.8461538553237915,0.7763532996177673
YGL233W,YDR182W,0,-3.9595838,0.09824677556753159,0.8461538553237915,0.7766381502151489
YOR073W,YIR025W,1,-3.9598835,0.09854497015476227,0.8490028381347656,0.7766381502151489
YOL051W,YPL115C,0,-3.959954,0.09851239621639252,0.8490028381347656,0.7769230604171753
YKL117W,YIR026C,0,-3.960218,0.09847984462976456,0.8490028381347656,0.7772079706192017
YDR318W,YJL074C,1,-3.961916,0.0987776666879654,0.8518518805503845,0.7772079706192017
YOR245C,YOR319W,0,-3.9625177,0.09874504804611206,0.8518518805503845,0.777492880821228
YIL075C,YJL005W,0,-3.9625268,0.09871244430541992,0.8518518805503845,0.7777777910232544
YDR168W,YGR156W,0,-3.9625828,0.09867987036705017,0.8518518805503845,0.7780627012252808
YJL157C,YLR409C,0,-3.9641237,0.09864731132984161,0.8518518805503845,0.7783475518226624
YPR135W,YGL003C,1,-3.9642787,0.09894458949565887,0.8547008633613586,0.7783475518226624
YDL115C,YDR419W,0,-3.9645472,0.09891197085380554,0.8547008633613586,0.7786324620246887
YER001W,YPL178W,0,-3.9664936,0.0988793671131134,0.8547008633613586,0.7789173722267151
YDR490C,YBR065C,0,-3.9687867,0.09884678572416306,0.8547008633613586,0.7792022824287415
YOR279C,YPR186C,0,-3.9693568,0.0988142266869545,0.8547008633613586,0.7794871926307678
YLR319C,YMR227C,0,-3.9700098,0.09878169000148773,0.8547008633613586,0.7797721028327942
YKL129C,YDL212W,0,-3.9703743,0.09874917566776276,0.8547008633613586,0.7800569534301758
YPL217C,YMR250W,0,-3.9704218,0.09871668368577957,0.8547008633613586,0.7803418636322021
YML015C,YHR165C,0,-3.9713562,0.09868421405553818,0.8547008633613586,0.7806267738342285
YDL212W,YOR377W,0,-3.9715424,0.09865175932645798,0.8547008633613586,0.7809116840362549
YPR191W,YPL087W,0,-3.97169,0.09861932694911957,0.8547008633613586,0.7811965942382812
YFL002C,YMR173W,0,-3.9722848,0.09858692437410355,0.8547008633613586,0.7814815044403076
YML080W,YLR052W,0,-3.973431,0.09855453670024872,0.8547008633613586,0.7817663550376892
YJR068W,YNL299W,1,-3.9737465,0.09885057806968689,0.8575498461723328,0.7817663550376892
YIL023C,YJL005W,0,-3.9750614,0.09881812334060669,0.8575498461723328,0.7820512652397156
YER126C,YNL036W,0,-3.9759028,0.09878569096326828,0.8575498461723328,0.7823361754417419
YJR143C,YDR436W,0,-3.9772456,0.09875328093767166,0.8575498461723328,0.7826210856437683
YER008C,YER173W,0,-3.9776888,0.09872089326381683,0.8575498461723328,0.7829059958457947
YKL085W,YOL060C,0,-3.9777393,0.0986885279417038,0.8575498461723328,0.783190906047821
YDR289C,YBR015C,0,-3.9789643,0.09865617752075195,0.8575498461723328,0.7834757566452026
YHR062C,YBR170C,0,-3.978993,0.0986238569021225,0.8575498461723328,0.783760666847229
YNL149C,YER123W,0,-3.9802036,0.09859155118465424,0.8575498461723328,0.7840455770492554
YAL031C,YJL074C,1,-3.9810724,0.09888670593500137,0.8603988885879517,0.7840455770492554
YOR319W,YLR221C,0,-3.9816732,0.09885434061288834,0.8603988885879517,0.7843304872512817
YNL267W,YNL218W,0,-3.9838972,0.09882199019193649,0.8603988885879517,0.7846153974533081
YKL140W,YDR361C,0,-3.9840088,0.09878966212272644,0.8603988885879517,0.7849003076553345
YPL262W,YOL021C,0,-3.9849496,0.09875735640525818,0.8603988885879517,0.7851851582527161
YPL161C,YOR119C,0,-3.986023,0.09872507303953171,0.8603988885879517,0.7854700684547424
YNR052C,YDR164C,0,-3.986205,0.09869281202554703,0.8603988885879517,0.7857549786567688
YNL207W,YPL139C,0,-3.9869576,0.09866056591272354,0.8603988885879517,0.7860398888587952
YGR170W,YNL147W,0,-3.9870625,0.09862834960222244,0.8603988885879517,0.7863247990608215
YPR075C,YLR459W,0,-3.9873877,0.09859614819288254,0.8603988885879517,0.7866097092628479
YKL166C,YDL130W-A,0,-3.9877949,0.09856396913528442,0.8603988885879517,0.7868945598602295
YBR169C,YOR067C,0,-3.9878683,0.0985318124294281,0.8603988885879517,0.7871794700622559
YDR463W,YOL088C,0,-3.9879138,0.09849967062473297,0.8603988885879517,0.7874643802642822
YGL003C,YOR073W,1,-3.9896522,0.09879361093044281,0.8632478713989258,0.7874643802642822
YIR002C,YBR035C,0,-3.9900422,0.0987614095211029,0.8632478713989258,0.7877492904663086
YNL127W,YOR304W,0,-3.9903064,0.09872923046350479,0.8632478713989258,0.788034200668335
YDR045C,YBR135W,0,-3.9909892,0.09869706630706787,0.8632478713989258,0.7883191108703613
YPL139C,YML028W,0,-3.9914474,0.09866493195295334,0.8632478713989258,0.7886039614677429
YMR235C,YOR034C,0,-3.991878,0.0986328125,0.8632478713989258,0.7888888716697693
YNL298W,YML036W,0,-3.9923475,0.09860071539878845,0.8632478713989258,0.7891737818717957
YLR337C,YOR209C,0,-3.9928799,0.0985686406493187,0.8632478713989258,0.789458692073822
YDL212W,YDL150W,0,-3.9939613,0.09853658825159073,0.8632478713989258,0.7897436022758484
YNL273W,YNL172W,1,-3.9942153,0.09882964938879013,0.8660968542098999,0.7897436022758484
YGR170W,YDR265W,0,-3.995777,0.09879752993583679,0.8660968542098999,0.7900285124778748
YHR069C,YJR103W,0,-3.9960775,0.09876543283462524,0.8660968542098999,0.7903133630752563
YML110C,YDR527W,0,-3.9963455,0.09873335808515549,0.8660968542098999,0.7905982732772827
YDR385W,YGL012W,0,-3.9965973,0.09870129823684692,0.8660968542098999,0.7908831834793091
YNL177C,YML094W,0,-3.9974248,0.09866926074028015,0.8660968542098999,0.7911680936813354
YNL103W,YPL075W,0,-3.9979863,0.09863724559545517,0.8660968542098999,0.7914530038833618
YMR241W,YEL027W,0,-3.999682,0.09860525280237198,0.8660968542098999,0.7917379140853882
YKL058W,YGL173C,0,-4.000211,0.09857328236103058,0.8660968542098999,0.7920227646827698
YKR035W-A,YJR093C,0,-4.001136,0.09854132682085037,0.8660968542098999,0.7923076748847961
YCL052C,YNL106C,0,-4.0018635,0.09850939363241196,0.8660968542098999,0.7925925850868225
YKR061W,YJL063C,0,-4.004468,0.09847748279571533,0.8660968542098999,0.7928774952888489
YGL175C,YJR082C,0,-4.005264,0.0984455943107605,0.8660968542098999,0.7931624054908752
YIL049W,YNL039W,0,-4.00697,0.09841372817754745,0.8660968542098999,0.7934473156929016
YDR265W,YKL051W,0,-4.0084276,0.0983818769454956,0.8660968542098999,0.7937321662902832
YBL007C,YOR060C,0,-4.008491,0.09835004806518555,0.8660968542098999,0.7940170764923096
YNL283C,YJR017C,0,-4.009457,0.09831824153661728,0.8660968542098999,0.7943019866943359
YDR318W,YKL049C,1,-4.0097537,0.09860976040363312,0.8689458966255188,0.7943019866943359
YBR112C,YDR456W,0,-4.0099134,0.09857789427042007,0.8689458966255188,0.7945868968963623
YNL127W,YIL159W,0,-4.0104685,0.09854604303836823,0.8689458966255188,0.7948718070983887
YPL139C,YDL164C,0,-4.0104985,0.09851421415805817,0.8689458966255188,0.795156717300415
YDR361C,YMR080C,0,-4.0113215,0.0984824001789093,0.8689458966255188,0.7954415678977966
YBR050C,YDR182W,0,-4.011681,0.09845061600208282,0.8689458966255188,0.795726478099823
YNL127W,YBR267W,0,-4.012082,0.09841884672641754,0.8689458966255188,0.7960113883018494
YDR394W,YBL008W,0,-4.0123253,0.09838709980249405,0.8689458966255188,0.7962962985038757
YKR087C,YGR056W,0,-4.0126247,0.09835536777973175,0.8689458966255188,0.7965812087059021
YPL091W,YIL031W,0,-4.0134254,0.09832366555929184,0.8689458966255188,0.7968661189079285
YJL087C,YML015C,0,-4.0134325,0.09829197824001312,0.8689458966255188,0.7971509695053101
YJL080C,YIR025W,1,-4.013457,0.09858247637748718,0.8717948794364929,0.7971509695053101
YJR057W,YKL058W,0,-4.0145206,0.0985507220029831,0.8717948794364929,0.7974358797073364
YHR085W,YLR459W,0,-4.0146008,0.09851899743080139,0.8717948794364929,0.7977207899093628
YPL196W,YGL227W,0,-4.015652,0.09848728775978088,0.8717948794364929,0.7980057001113892
YMR138W,YML021C,0,-4.0172186,0.09845560044050217,0.8717948794364929,0.7982906103134155
YIR002C,YDL216C,0,-4.017454,0.09842392802238464,0.8717948794364929,0.7985755205154419
YLR052W,YDR331W,0,-4.017465,0.09839228540658951,0.8717948794364929,0.7988603711128235
YGL003C,YEL061C,1,-4.0179596,0.09868209809064865,0.874643862247467,0.7988603711128235
YDR318W,YNL273W,1,-4.018388,0.09897172451019287,0.8774929046630859,0.7988603711128235
YKL085W,YBR065C,0,-4.019154,0.0989399328827858,0.8774929046630859,0.7991452813148499
YDL105W,YKL012W,0,-4.0207357,0.09890815615653992,0.8774929046630859,0.7994301915168762
YMR023C,YDR069C,0,-4.02114,0.09887640178203583,0.8774929046630859,0.7997151017189026
YAL031C,YIR025W,1,-4.02141,0.09916559606790543,0.8803418874740601,0.7997151017189026
YBL052C,YGL053W,0,-4.022888,0.09913378208875656,0.8803418874740601,0.800000011920929
YDR318W,YOR073W,1,-4.023264,0.09942270815372467,0.8831908702850342,0.800000011920929
YDL154W,YNL099C,0,-4.0251627,0.09939082711935043,0.8831908702850342,0.8002849221229553
YDR419W,YML091C,0,-4.0254374,0.09935897588729858,0.8831908702850342,0.8005697727203369
YPL139C,YOR079C,0,-4.026066,0.09932713955640793,0.8831908702850342,0.8008546829223633
YOR079C,YMR268C,0,-4.026219,0.09929532557725906,0.8831908702850342,0.8011395931243896
YPR021C,YPR005C,0,-4.027744,0.09926352649927139,0.8831908702850342,0.801424503326416
YHR114W,YDL197C,0,-4.028344,0.09923175722360611,0.8831908702850342,0.8017094135284424
YCR081W,YPR101W,0,-4.028824,0.09920000284910202,0.8831908702850342,0.8019943237304688
YNL307C,YJR068W,1,-4.029656,0.09948816150426865,0.8860399127006531,0.8019943237304688
YNL326C,YGL070C,0,-4.030613,0.09945634752511978,0.8860399127006531,0.8022791743278503
YDR163W,YBR114W,0,-4.030826,0.09942455589771271,0.8860399127006531,0.8025640845298767
YHR176W,YMR179W,0,-4.0311494,0.09939277917146683,0.8860399127006531,0.8028489947319031
YGL070C,YLR368W,0,-4.0319057,0.09936102479696274,0.8860399127006531,0.8031339049339294
YNL149C,YGL044C,0,-4.0319147,0.09932928532361984,0.8860399127006531,0.8034188151359558
YDR121W,YGR225W,0,-4.031945,0.09929757565259933,0.8860399127006531,0.8037037253379822
YBR020W,YER173W,0,-4.03283,0.09926588088274002,0.8860399127006531,0.8039885759353638
YPR016C,YOR039W,0,-4.033346,0.0992342084646225,0.8860399127006531,0.8042734861373901
YIR002C,YJL154C,0,-4.033841,0.09920255094766617,0.8860399127006531,0.8045583963394165
YOL077W-A,YNL147W,0,-4.034012,0.09917091578245163,0.8860399127006531,0.8048433065414429
YBR036C,YPR082C,0,-4.0344343,0.09913930296897888,0.8860399127006531,0.8051282167434692
YDR118W,YPR046W,1,-4.0350256,0.09942638874053955,0.8888888955116272,0.8051282167434692
YGL227W,YER053C,0,-4.035196,0.09939470887184143,0.8888888955116272,0.8054131269454956
YHR008C,YJL041W,0,-4.0359554,0.0993630588054657,0.8888888955116272,0.8056979775428772
YDR118W,YAL031C,1,-4.0366006,0.09964979439973831,0.8917378783226013,0.8056979775428772
YNL154C,YNL039W,0,-4.036993,0.09961807727813721,0.8917378783226013,0.8059828877449036
YPL069C,YDR453C,0,-4.0382295,0.0995863825082779,0.8917378783226013,0.8062677979469299
YLR370C,YDR121W,0,-4.03858,0.09955471009016037,0.8917378783226013,0.8065527081489563
YHR165C,YML115C,0,-4.0388265,0.09952305257320404,0.8917378783226013,0.8068376183509827
YNL182C,YML023C,0,-4.038943,0.0994914174079895,0.8917378783226013,0.807122528553009
YCR091W,YNR072W,0,-4.0412016,0.09945980459451675,0.8917378783226013,0.8074073791503906
YDR178W,YOR270C,0,-4.041282,0.0994282066822052,0.8917378783226013,0.807692289352417
YKL117W,YPR016C,0,-4.0418253,0.09939663112163544,0.8917378783226013,0.8079771995544434
YMR127C,YOR295W,0,-4.0418596,0.09936507791280746,0.8917378783226013,0.8082621097564697
YBL007C,YLR337C,0,-4.041905,0.09933354705572128,0.8917378783226013,0.8085470199584961
YER042W,YDR164C,0,-4.0439863,0.0993020310997963,0.8917378783226013,0.8088319301605225
YPL160W,YGL087C,0,-4.044564,0.0992705374956131,0.8917378783226013,0.809116780757904
YPL069C,YMR127C,0,-4.0456,0.0992390587925911,0.8917378783226013,0.8094016909599304
YGR089W,YEL061C,1,-4.0471077,0.09952456504106522,0.8945869207382202,0.8094016909599304
YGR202C,YKR042W,0,-4.048068,0.09949302673339844,0.8945869207382202,0.8096866011619568
YDL235C,YML019W,0,-4.048908,0.09946151077747345,0.8945869207382202,0.8099715113639832
YNL021W,YOR026W,0,-4.0498724,0.09943001717329025,0.8945869207382202,0.8102564215660095
YNL222W,YDL015C,0,-4.050048,0.09939854592084885,0.8945869207382202,0.8105413317680359
YMR172W,YPL046C,0,-4.0501013,0.09936708956956863,0.8945869207382202,0.8108261823654175
YML034W,YPL137C,1,-4.0503864,0.0996520072221756,0.8974359035491943,0.8108261823654175
YML110C,YAL051W,0,-4.051,0.09962049126625061,0.8974359035491943,0.8111110925674438
YPR057W,YAR003W,0,-4.0513,0.09958899766206741,0.8974359035491943,0.8113960027694702
YPL069C,YDR422C,0,-4.051496,0.09955751895904541,0.8974359035491943,0.8116809129714966
YDR318W,YPL233W,1,-4.0522714,0.09984201937913895,0.9002848863601685,0.8116809129714966
YKL058W,YOL045W,0,-4.0523663,0.09981048852205276,0.9002848863601685,0.811965823173523
YIL154C,YOR377W,0,-4.052777,0.09977897256612778,0.9002848863601685,0.8122507333755493
YDR075W,YOR026W,0,-4.0544024,0.09974747151136398,0.9002848863601685,0.8125355839729309
YBL007C,YDR069C,0,-4.055179,0.09971600025892258,0.9002848863601685,0.8128204941749573
YPL233W,YPR046W,1,-4.0559697,0.10000000149011612,0.9031339287757874,0.8128204941749573
YFR009W,YBL008W,0,-4.056381,0.09996846318244934,0.9031339287757874,0.8131054043769836
YBR177C,YGR156W,0,-4.058629,0.09993694722652435,0.9031339287757874,0.81339031457901
YDR392W,YOR100C,0,-4.059273,0.09990545362234116,0.9031339287757874,0.8136752247810364
YIL049W,YLR016C,0,-4.061268,0.09987397491931915,0.9031339287757874,0.8139601349830627
YPR082C,YOR239W,0,-4.061482,0.09984251856803894,0.9031339287757874,0.8142449855804443
YDR194C,YNR052C,0,-4.063674,0.09981108456850052,0.9031339287757874,0.8145298957824707
YBR010W,YDR069C,0,-4.06451,0.09977966547012329,0.9031339287757874,0.8148148059844971
YER088C,YOR026W,0,-4.064691,0.09974826872348785,0.9031339287757874,0.8150997161865234
YDR324C,YKL148C,0,-4.0650926,0.09971689432859421,0.9031339287757874,0.8153846263885498
YKL117W,YER123W,0,-4.0655985,0.09968553483486176,0.9031339287757874,0.8156695365905762
YDR456W,YNL106C,0,-4.0657287,0.0996541976928711,0.9031339287757874,0.8159543871879578
YDL020C,YIR015W,0,-4.0661483,0.09962287545204163,0.9031339287757874,0.8162392973899841
YDR121W,YIR002C,0,-4.066412,0.09959158301353455,0.9031339287757874,0.8165242075920105
YKL129C,YGL227W,0,-4.067259,0.09956029802560806,0.9031339287757874,0.8168091177940369
YLL003W,YKL007W,0,-4.067282,0.09952904284000397,0.9031339287757874,0.8170940279960632
YMR298W,YKL007W,0,-4.067576,0.09949780255556107,0.9031339287757874,0.8173789381980896
YDL164C,YCR010C,0,-4.067671,0.09946658462285995,0.9031339287757874,0.8176637887954712
YBR035C,YJR017C,0,-4.067813,0.09943538159132004,0.9031339287757874,0.8179486989974976
YBR050C,YGL070C,0,-4.068611,0.09940420091152191,0.9031339287757874,0.8182336091995239
YDL115C,YJL128C,0,-4.0697675,0.09937304258346558,0.9031339287757874,0.8185185194015503
YDR264C,YOR149C,0,-4.070279,0.09934189915657043,0.9031339287757874,0.8188034296035767
YER109C,YDL197C,0,-4.070858,0.09931077808141708,0.9031339287757874,0.819088339805603
YOL089C,YGR007W,0,-4.070972,0.09927967190742493,0.9031339287757874,0.8193731904029846
YOR193W,YGL144C,0,-4.07192,0.09924858808517456,0.9031339287757874,0.819658100605011
YGL144C,YDR422C,0,-4.0729437,0.09921752661466599,0.9031339287757874,0.8199430108070374
YPR057W,YDL164C,0,-4.073904,0.0991864800453186,0.9031339287757874,0.8202279210090637
YPL057C,YDR464W,0,-4.074478,0.09915545582771301,0.9031339287757874,0.8205128312110901
YNL091W,YGR191W,0,-4.074992,0.09912445396184921,0.9031339287757874,0.8207977414131165
YHL007C,YOR122C,0,-4.075456,0.0990934669971466,0.9031339287757874,0.821082592010498
YJL080C,YJR068W,1,-4.075677,0.09937500208616257,0.9059829115867615,0.821082592010498
YKL008C,YPR016C,0,-4.0765944,0.09934395551681519,0.9059829115867615,0.8213675022125244
YDL235C,YGL071W,0,-4.0776224,0.0993129312992096,0.9059829115867615,0.8216524124145508
YOL051W,YPL194W,0,-4.077963,0.0992819219827652,0.9059829115867615,0.8219373226165771
YPR135W,YEL061C,1,-4.0781145,0.09956304728984833,0.9088318943977356,0.8219373226165771
YPL087W,YPR052C,0,-4.078212,0.09953197836875916,0.9088318943977356,0.8222222328186035
YDR322C-A,YNR023W,0,-4.0814953,0.09950093924999237,0.9088318943977356,0.8225071430206299
YDR359C,YKL058W,0,-4.081934,0.09946990758180618,0.9088318943977356,0.8227919936180115
YDR392W,YLR052W,0,-4.0851717,0.09943890571594238,0.9088318943977356,0.8230769038200378
YBL052C,YML036W,0,-4.0858135,0.09940791875123978,0.9088318943977356,0.8233618140220642
YDR120C,YIL075C,0,-4.0866766,0.09937694668769836,0.9088318943977356,0.8236467242240906
YNL121C,YLR115W,0,-4.0868707,0.09934599697589874,0.9088318943977356,0.8239316344261169
YOR279C,YBR114W,0,-4.087472,0.09931506961584091,0.9088318943977356,0.8242165446281433
YER035W,YHR016C,0,-4.0884013,0.09928415715694427,0.9088318943977356,0.8245013952255249
YMR247C,YJR090C,0,-4.0888906,0.09925326704978943,0.9088318943977356,0.8247863054275513
YBR049C,YNL088W,0,-4.089327,0.09922239184379578,0.9088318943977356,0.8250712156295776
YNL121C,YPL091W,0,-4.0903726,0.09919153898954391,0.9088318943977356,0.825356125831604
YLR370C,YJL076W,0,-4.090445,0.09916070848703384,0.9088318943977356,0.8256410360336304
YJR103W,YGL227W,0,-4.0913925,0.09912989288568497,0.9088318943977356,0.8259259462356567
YHR114W,YPR181C,0,-4.09165,0.09909909963607788,0.9088318943977356,0.8262107968330383
YKL049C,YJL074C,1,-4.092168,0.09937888383865356,0.9116809368133545,0.8262107968330383
YBR098W,YJL154C,0,-4.0934544,0.0993480309844017,0.9116809368133545,0.8264957070350647
YNL267W,YPR181C,0,-4.093755,0.09931719303131104,0.9116809368133545,0.8267806172370911
YDR394W,YPL112C,0,-4.0938177,0.09928637742996216,0.9116809368133545,0.8270655274391174
YGR007W,YER123W,0,-4.094993,0.09925558418035507,0.9116809368133545,0.8273504376411438
YGR231C,YHR175W,0,-4.0953,0.09922480583190918,0.9116809368133545,0.8276353478431702
YPR030W,YLR221C,0,-4.095329,0.09919404983520508,0.9116809368133545,0.8279201984405518
YIR026C,YGL087C,0,-4.0953383,0.09916330873966217,0.9116809368133545,0.8282051086425781
YDR118W,YML034W,1,-4.096409,0.09944237768650055,0.9145299196243286,0.8282051086425781
YNL242W,YJR057W,0,-4.0967765,0.09941158443689346,0.9145299196243286,0.8284900188446045
YLR135W,YHR001W-A,0,-4.096859,0.09938080608844757,0.9145299196243286,0.8287749290466309
YDR318W,YAL031C,1,-4.0969663,0.09965954720973969,0.9173789024353027,0.8287749290466309
YGR170W,YOR008C,0,-4.0991735,0.09962870925664902,0.9173789024353027,0.8290598392486572
YIL002C,YDR512C,0,-4.099438,0.09959789365530014,0.9173789024353027,0.8293447494506836
YOL097C,YPL178W,0,-4.099721,0.09956710040569305,0.9173789024353027,0.8296296000480652
YOR245C,YNL177C,0,-4.0999026,0.09953632205724716,0.9173789024353027,0.8299145102500916
YDL231C,YBR135W,0,-4.102476,0.09950556606054306,0.9173789024353027,0.8301994204521179
YGR183C,YHR042W,0,-4.102559,0.09947482496500015,0.9173789024353027,0.8304843306541443
YOR067C,YOL016C,0,-4.10318,0.09944409877061844,0.9173789024353027,0.8307692408561707
YGL144C,YPR030W,0,-4.103434,0.09941340237855911,0.9173789024353027,0.831054151058197
YKL049C,YPL233W,1,-4.1043787,0.09969136118888855,0.9202279448509216,0.831054151058197
YDL007W,YLR105C,0,-4.1044235,0.09966059774160385,0.9202279448509216,0.8313390016555786
YDR168W,YPR181C,0,-4.1057563,0.09962985664606094,0.9202279448509216,0.831623911857605
YDR182W,YDL097C,0,-4.1088176,0.09959913790225983,0.9202279448509216,0.8319088220596313
YBR015C,YAL051W,0,-4.109411,0.0995684340596199,0.9202279448509216,0.8321937322616577
YML094W,YDL150W,0,-4.1105595,0.09953775256872177,0.9202279448509216,0.8324786424636841
YKL140W,YGL012W,0,-4.111179,0.09950708597898483,0.9202279448509216,0.8327635526657104
YJL087C,YGR006W,0,-4.1125774,0.09947644174098969,0.9202279448509216,0.833048403263092
YHR150W,YPL087W,0,-4.11335,0.09944581240415573,0.9202279448509216,0.8333333134651184
YIL049W,YDR212W,0,-4.114542,0.09941520541906357,0.9202279448509216,0.8336182236671448
YML019W,YCR002C,0,-4.1149254,0.0993846133351326,0.9202279448509216,0.8339031338691711
YJL128C,YGR020C,0,-4.115452,0.09935404360294342,0.9202279448509216,0.8341880440711975
YKL058W,YPR164W,0,-4.1177826,0.09932349622249603,0.9202279448509216,0.8344729542732239
YLR105C,YPR094W,0,-4.117967,0.09929296374320984,0.9202279448509216,0.8347578644752502
YNR023W,YGR191W,0,-4.119923,0.09926244616508484,0.9202279448509216,0.8350427150726318
YCR065W,YMR149W,0,-4.120594,0.09923195093870163,0.9202279448509216,0.8353276252746582
YIL075C,YNL091W,0,-4.121018,0.09920147061347961,0.9202279448509216,0.8356125354766846
YML019W,YJL183W,0,-4.121531,0.09917101263999939,0.9202279448509216,0.8358974456787109
YIL075C,YIR009W,0,-4.121908,0.09914057701826096,0.9202279448509216,0.8361823558807373
YDR059C,YDR129C,0,-4.124034,0.09911015629768372,0.9202279448509216,0.8364672660827637
YOL108C,YMR235C,0,-4.12452,0.09907975792884827,0.9202279448509216,0.8367521166801453
YNL218W,YJL111W,0,-4.1248913,0.09904937446117401,0.9202279448509216,0.8370370268821716
YOL089C,YCL004W,0,-4.125214,0.09901900589466095,0.9202279448509216,0.837321937084198
YBR170C,YGR278W,0,-4.1263876,0.09898865967988968,0.9202279448509216,0.8376068472862244
YGL071W,YPR113W,0,-4.126851,0.0989583358168602,0.9202279448509216,0.8378917574882507
YDL135C,YPL087W,0,-4.127128,0.09892802685499191,0.9202279448509216,0.8381766676902771
YBL030C,YDR456W,0,-4.1285496,0.09889773279428482,0.9202279448509216,0.8384615182876587
YPR075C,YKR035W-A,0,-4.129158,0.09886746108531952,0.9202279448509216,0.8387464284896851
YNL039W,YBR035C,0,-4.1297245,0.09883721172809601,0.9202279448509216,0.8390313386917114
YOL124C,YAL017W,0,-4.131136,0.09880697727203369,0.9202279448509216,0.8393162488937378
YMR298W,YPR182W,0,-4.132512,0.09877675771713257,0.9202279448509216,0.8396011590957642
YML034W,YOR156C,1,-4.1327853,0.09905228018760681,0.9230769276618958,0.8396011590957642
YDR456W,YGR156W,0,-4.132841,0.09902200847864151,0.9230769276618958,0.8398860692977905
YDR464W,YCL054W,0,-4.1329875,0.0989917516708374,0.9230769276618958,0.8401709198951721
YDR318W,YML034W,1,-4.1334863,0.09926695376634598,0.9259259104728699,0.8401709198951721
YDR110W,YDL044C,0,-4.1337147,0.09923664480447769,0.9259259104728699,0.8404558300971985
YJL029C,YDR394W,0,-4.1337757,0.0992063507437706,0.9259259104728699,0.8407407402992249
YLR191W,YLR324W,0,-4.1345716,0.0991760790348053,0.9259259104728699,0.8410256505012512
YEL027W,YBR273C,0,-4.13617,0.09914582222700119,0.9259259104728699,0.8413105607032776
YDL115C,YER026C,0,-4.1372247,0.09911558032035828,0.9259259104728699,0.841595470905304
YNL139C,YPL161C,0,-4.1380153,0.09908536821603775,0.9259259104728699,0.8418803215026855
YOR026W,YLL003W,0,-4.1381674,0.09905516356229782,0.9259259104728699,0.8421652317047119
YNL048W,YDR490C,0,-4.13939,0.09902498126029968,0.9259259104728699,0.8424501419067383
YOL097C,YOR122C,0,-4.140883,0.09899482131004333,0.9259259104728699,0.8427350521087646
YNL221C,YJL154C,0,-4.141379,0.09896467626094818,0.9259259104728699,0.843019962310791
YAL017W,YGL087C,0,-4.141475,0.09893455356359482,0.9259259104728699,0.8433048725128174
YPR056W,YDL231C,0,-4.14522,0.09890444576740265,0.9259259104728699,0.843589723110199
YBR050C,YNL099C,0,-4.1463914,0.09887435287237167,0.9259259104728699,0.8438746333122253
YML102W,YLR006C,0,-4.1491227,0.09884428232908249,0.9259259104728699,0.8441595435142517
YLR192C,YPL112C,0,-4.14913,0.0988142266869545,0.9259259104728699,0.8444444537162781
YAL051W,YJR093C,0,-4.1493225,0.0987841933965683,0.9259259104728699,0.8447293639183044
YLR370C,YNL139C,0,-4.150179,0.09875417500734329,0.9259259104728699,0.8450142741203308
YFL021W,YOR034C,0,-4.151042,0.09872417896986008,0.9259259104728699,0.8452991247177124
YIL154C,YKL018W,0,-4.151083,0.09869419783353806,0.9259259104728699,0.8455840349197388
YBR079C,YOR209C,0,-4.1516485,0.09866423904895782,0.9259259104728699,0.8458689451217651
YNL221C,YDR324C,0,-4.153966,0.09863429516553879,0.9259259104728699,0.8461538553237915
YPL194W,YPL119C,0,-4.1543245,0.09860436618328094,0.9259259104728699,0.8464387655258179
YJR049C,YGR007W,0,-4.1543837,0.09857445955276489,0.9259259104728699,0.8467236757278442
YGL233W,YIL034C,0,-4.1550217,0.09854457527399063,0.9259259104728699,0.8470085263252258
YOR148C,YDL235C,0,-4.155416,0.09851469844579697,0.9259259104728699,0.8472934365272522
YLR191W,YLR396C,0,-4.1559486,0.09848485141992569,0.9259259104728699,0.8475783467292786
YMR298W,YOR008C,0,-4.1571145,0.09845501184463501,0.9259259104728699,0.8478632569313049
YLR276C,YDR527W,0,-4.1576924,0.09842519462108612,0.9259259104728699,0.8481481671333313
YHR019C,YJL012C,0,-4.1582417,0.09839539974927902,0.9259259104728699,0.8484330773353577
YNL135C,YGR094W,0,-4.158966,0.09836561977863312,0.9259259104728699,0.8487179279327393
YDR453C,YPL131W,0,-4.1590385,0.09833585470914841,0.9259259104728699,0.8490028381347656
YOR060C,YOL045W,0,-4.1599884,0.09830611199140549,0.9259259104728699,0.849287748336792
YKL049C,YML034W,1,-4.160227,0.09857877343893051,0.9287749528884888,0.849287748336792
YDR318W,YDR118W,1,-4.160343,0.0988512709736824,0.9316239356994629,0.849287748336792
YOR316C,YOR034C,0,-4.1609173,0.09882139414548874,0.9316239356994629,0.8495726585388184
YDR231C,YER053C,0,-4.161267,0.09879153966903687,0.9316239356994629,0.8498575687408447
YMR172W,YLR191W,0,-4.1616344,0.09876170009374619,0.9316239356994629,0.8501424789428711
YOR290C,YML115C,0,-4.163348,0.0987318828701973,0.9316239356994629,0.8504273295402527
YHR175W,YBL007C,0,-4.1665006,0.0987020805478096,0.9316239356994629,0.850712239742279
YGL070C,YHR016C,0,-4.1665072,0.0986723005771637,0.9316239356994629,0.8509971499443054
YLR459W,YDR453C,0,-4.1667466,0.09864253550767899,0.9316239356994629,0.8512820601463318
YGL087C,YJL090C,0,-4.1667724,0.09861278533935547,0.9316239356994629,0.8515669703483582
YLR135W,YJL006C,0,-4.166935,0.09858305752277374,0.9316239356994629,0.8518518805503845
YDL020C,YIR026C,0,-4.167449,0.09855334460735321,0.9316239356994629,0.8521367311477661
YFR050C,YGL111W,0,-4.1684074,0.09852365404367447,0.9316239356994629,0.8524216413497925
YBR250W,YPL121C,0,-4.1701803,0.09849397838115692,0.9316239356994629,0.8527065515518188
YDR394W,YPR052C,0,-4.170874,0.09846431761980057,0.9316239356994629,0.8529914617538452
YPL151C,YAL035W,0,-4.17177,0.098434679210186,0.9316239356994629,0.8532763719558716
YML129C,YPL153C,0,-4.1730137,0.09840505570173264,0.9316239356994629,0.853561282157898
YLR032W,YGR135W,0,-4.173687,0.09837545454502106,0.9316239356994629,0.8538461327552795
YCL004W,YER015W,0,-4.173933,0.09834586828947067,0.9316239356994629,0.8541310429573059
YDR456W,YBR160W,0,-4.17486,0.09831629693508148,0.9316239356994629,0.8544159531593323
YPL020C,YJL006C,0,-4.1756544,0.09828674793243408,0.9316239356994629,0.8547008633613586
YPR086W,YIL106W,0,-4.1758914,0.09825721383094788,0.9316239356994629,0.854985773563385
YBR049C,YGL144C,0,-4.177329,0.09822769463062286,0.9316239356994629,0.8552706837654114
YLR192C,YGR135W,0,-4.178879,0.09819819778203964,0.9316239356994629,0.855555534362793
YNL173C,YGR156W,0,-4.1809835,0.09816871583461761,0.9316239356994629,0.8558404445648193
YPL196W,YDL150W,0,-4.1814523,0.09813925623893738,0.9316239356994629,0.8561253547668457
YOR229W,YPL091W,0,-4.181466,0.09810981154441833,0.9316239356994629,0.8564102649688721
YDR422C,YPL161C,0,-4.1819234,0.09808038175106049,0.9316239356994629,0.8566951751708984
YNL088W,YDR212W,0,-4.1830087,0.09805097430944443,0.9316239356994629,0.8569800853729248
YOL097C,YPL217C,0,-4.1832347,0.09802158176898956,0.9316239356994629,0.8572649359703064
YOR256C,YDR490C,0,-4.1839952,0.09799221158027649,0.9316239356994629,0.8575498461723328
YDR264C,YER161C,0,-4.1839995,0.09796284884214401,0.9316239356994629,0.8578347563743591
YPR049C,YNL147W,0,-4.184245,0.09793351590633392,0.9316239356994629,0.8581196665763855
YGR231C,YHR205W,0,-4.185412,0.09790419042110443,0.9316239356994629,0.8584045767784119
YPL069C,YOR334W,0,-4.1878924,0.09787488728761673,0.9316239356994629,0.8586894869804382
YDL047W,YJR017C,0,-4.188181,0.09784559905529022,0.9316239356994629,0.8589743375778198
YER109C,YDR059C,0,-4.1901855,0.0978163331747055,0.9316239356994629,0.8592592477798462
YOR245C,YDL015C,0,-4.1911063,0.09778708219528198,0.9316239356994629,0.8595441579818726
YNL103W,YML019W,0,-4.1927757,0.09775784611701965,0.9316239356994629,0.8598290681838989
YDR168W,YDR512C,0,-4.19489,0.09772863239049911,0.9316239356994629,0.8601139783859253
YDR059C,YOR334W,0,-4.19551,0.09769943356513977,0.9316239356994629,0.8603988885879517
YPL053C,YDL052C,0,-4.196331,0.09767024964094162,0.9316239356994629,0.8606837391853333
YNL283C,YLR105C,0,-4.1965065,0.09764108806848526,0.9316239356994629,0.8609686493873596
YGR183C,YHR150W,0,-4.1978908,0.0976119413971901,0.9316239356994629,0.861253559589386
YDR394W,YLR067C,0,-4.1982846,0.09758280962705612,0.9316239356994629,0.8615384697914124
YDR088C,YJL063C,0,-4.19922,0.09755370020866394,0.9316239356994629,0.8618233799934387
YNL177C,YMR025W,0,-4.1997333,0.09752460569143295,0.9316239356994629,0.8621082901954651
YKL117W,YPR181C,0,-4.200321,0.09749552607536316,0.9316239356994629,0.8623931407928467
YJR108W,YER008C,0,-4.2003293,0.09746646881103516,0.9316239356994629,0.862678050994873
YOR157C,YLR067C,0,-4.2005415,0.09743742644786835,0.9316239356994629,0.8629629611968994
YNL222W,YOL011W,0,-4.202341,0.09740839898586273,0.9316239356994629,0.8632478713989258
YGR020C,YGL044C,0,-4.202707,0.09737939387559891,0.9316239356994629,0.8635327816009521
YNL091W,YBL007C,0,-4.20275,0.09735040366649628,0.9316239356994629,0.8638176918029785
YGR170W,YDR264C,0,-4.2028513,0.09732142835855484,0.9316239356994629,0.8641025424003601
YNL273W,YJL074C,1,-4.204829,0.09758999943733215,0.934472918510437,0.8641025424003601
YDR297W,YAL059W,0,-4.205307,0.09756097197532654,0.934472918510437,0.8643874526023865
YPR030W,YBL093C,0,-4.205491,0.09753196686506271,0.934472918510437,0.8646723628044128
YOR116C,YPL146C,0,-4.207939,0.09750296920537949,0.934472918510437,0.8649572730064392
YML129C,YPL161C,0,-4.2091074,0.09747399389743805,0.934472918510437,0.8652421832084656
YBR050C,YJL111W,0,-4.2102156,0.0974450409412384,0.934472918510437,0.8655270934104919
YKR087C,YKL058W,0,-4.210478,0.09741609543561935,0.934472918510437,0.8658119440078735
YMR235C,YOR100C,0,-4.210677,0.0973871722817421,0.934472918510437,0.8660968542098999
YPL001W,YPL112C,0,-4.2111692,0.09735826402902603,0.934472918510437,0.8663817644119263
YIL075C,YML028W,0,-4.211384,0.09732937812805176,0.934472918510437,0.8666666746139526
YML034W,YGL003C,1,-4.2115097,0.0975971519947052,0.9373219609260559,0.8666666746139526
YPL020C,YDR216W,0,-4.2119823,0.09756820648908615,0.9373219609260559,0.866951584815979
YOR290C,YDL147W,0,-4.2141166,0.09753928333520889,0.9373219609260559,0.8672364950180054
YMR235C,YDR308C,0,-4.2149396,0.09751037508249283,0.9373219609260559,0.867521345615387
YMR235C,YBR172C,0,-4.2157893,0.09748148173093796,0.9373219609260559,0.8678062558174133
YDR211W,YMR247C,0,-4.2159615,0.09745260328054428,0.9373219609260559,0.8680911660194397
YOR386W,YJL154C,0,-4.2166357,0.0974237471818924,0.9373219609260559,0.8683760762214661
YGR135W,YBL093C,0,-4.2170753,0.0973949059844017,0.9373219609260559,0.8686609864234924
YLR310C,YNL261W,0,-4.2178016,0.0973660871386528,0.9373219609260559,0.8689458966255188
YPL217C,YNL186W,0,-4.2216425,0.0973372757434845,0.9373219609260559,0.8692307472229004
YMR298W,YDL147W,0,-4.222124,0.09730848670005798,0.9373219609260559,0.8695156574249268
YLR370C,YPR113W,0,-4.223561,0.09727971255779266,0.9373219609260559,0.8698005676269531
YKL018W,YER159C,0,-4.2236195,0.09725096076726913,0.9373219609260559,0.8700854778289795
YNL177C,YGR072W,0,-4.2259216,0.0972222238779068,0.9373219609260559,0.8703703880310059
YNL267W,YPR023C,0,-4.2272854,0.09719350188970566,0.9373219609260559,0.8706552982330322
YBR170C,YNL099C,0,-4.2276344,0.09716479480266571,0.9373219609260559,0.8709401488304138
YML069W,YDR422C,0,-4.229481,0.09713611006736755,0.9373219609260559,0.8712250590324402
YJL146W,YBR095C,0,-4.2314386,0.09710744023323059,0.9373219609260559,0.8715099692344666
YER026C,YJR049C,0,-4.2314425,0.09707878530025482,0.9373219609260559,0.8717948794364929
YJR068W,YNL273W,1,-4.23191,0.09734513610601425,0.94017094373703,0.8717948794364929
YDR512C,YJR007W,0,-4.2323465,0.0973164290189743,0.94017094373703,0.8720797896385193
YPL046C,YGR191W,0,-4.234111,0.09728773683309555,0.94017094373703,0.8723646998405457
YDR289C,YJR007W,0,-4.236977,0.09725905954837799,0.94017094373703,0.8726495504379272
YEL013W,YOR060C,0,-4.2380357,0.09723040461540222,0.94017094373703,0.8729344606399536
YNL139C,YOR026W,0,-4.238144,0.09720176458358765,0.94017094373703,0.87321937084198
YNL177C,YOR204W,0,-4.2393713,0.09717314690351486,0.94017094373703,0.8735042810440063
YLR100W,YHR107C,0,-4.2395005,0.09714453667402267,0.94017094373703,0.8737891912460327
YHR129C,YKL051W,0,-4.240585,0.09711594879627228,0.94017094373703,0.8740741014480591
YLL034C,YDR284C,0,-4.241203,0.09708737581968307,0.94017094373703,0.8743589520454407
YBL052C,YOR067C,0,-4.241889,0.09705882519483566,0.94017094373703,0.874643862247467
YNL154C,YER109C,0,-4.2420807,0.09703028202056885,0.94017094373703,0.8749287724494934
YPL069C,YDL015C,0,-4.2430625,0.09700176119804382,0.94017094373703,0.8752136826515198
YNL221C,YNL068C,0,-4.2433023,0.09697325527667999,0.94017094373703,0.8754985928535461
YCL052C,YJL041W,0,-4.2436256,0.09694477170705795,0.94017094373703,0.8757835030555725
YDR501W,YPL153C,0,-4.243647,0.0969163030385971,0.94017094373703,0.8760683536529541
YNL093W,YAL059W,0,-4.2440166,0.09688784182071686,0.94017094373703,0.8763532638549805
YOR067C,YBL093C,0,-4.24424,0.096859410405159,0.94017094373703,0.8766381740570068
YPR030W,YLL011W,0,-4.2452145,0.09683098644018173,0.94017094373703,0.8769230842590332
YKL126W,YDL235C,0,-4.245405,0.09680258482694626,0.94017094373703,0.8772079944610596
YLR216C,YJL146W,0,-4.245758,0.09677419066429138,0.94017094373703,0.8774929046630859
YML015C,YKL004W,0,-4.2457795,0.0967458188533783,0.94017094373703,0.8777777552604675
YDR419W,YDR308C,0,-4.2457952,0.096717469394207,0.94017094373703,0.8780626654624939
YEL013W,YLR396C,0,-4.245853,0.0966891273856163,0.94017094373703,0.8783475756645203
YGR185C,YER053C,0,-4.2461367,0.0966608077287674,0.94017094373703,0.8786324858665466
YDR453C,YER173W,0,-4.247121,0.09663250297307968,0.94017094373703,0.878917396068573
YNL103W,YDL197C,0,-4.2487283,0.09660421311855316,0.94017094373703,0.8792023062705994
YGR129W,YDR308C,0,-4.249815,0.09657594561576843,0.94017094373703,0.879487156867981
YMR227C,YDR404C,0,-4.250569,0.0965476855635643,0.94017094373703,0.8797720670700073
YER149C,YOR149C,0,-4.251705,0.09651944786310196,0.94017094373703,0.8800569772720337
YMR091C,YPL112C,0,-4.2518244,0.09649122506380081,0.94017094373703,0.8803418874740601
YDR280W,YDR404C,0,-4.252272,0.09646302461624146,0.94017094373703,0.8806267976760864
YDR436W,YBR199W,0,-4.252597,0.0964348316192627,0.94017094373703,0.8809117078781128
YKR050W,YCL052C,0,-4.253176,0.09640666097402573,0.94017094373703,0.8811965584754944
YGR262C,YHR016C,0,-4.2539935,0.09637850522994995,0.94017094373703,0.8814814686775208
YEL042W,YNL182C,0,-4.256481,0.09635036438703537,0.94017094373703,0.8817663788795471
YPR056W,YDL020C,0,-4.256938,0.09632223844528198,0.94017094373703,0.8820512890815735
YNL135C,YGR002C,0,-4.259266,0.09629413485527039,0.94017094373703,0.8823361992835999
YPR016C,YOR209C,0,-4.2599425,0.09626604616641998,0.94017094373703,0.8826211094856262
YDR059C,YGR278W,0,-4.2600193,0.09623797237873077,0.94017094373703,0.8829059600830078
YPL020C,YML115C,0,-4.2606997,0.09620991349220276,0.94017094373703,0.8831908702850342
YGR056W,YPL112C,0,-4.261207,0.09618186950683594,0.94017094373703,0.8834757804870605
YMR268C,YER123W,0,-4.2621803,0.09615384787321091,0.94017094373703,0.8837606906890869
YML129C,YJL012C,0,-4.262313,0.09612584114074707,0.94017094373703,0.8840456008911133
YDR118W,YIR025W,1,-4.2626686,0.0963890478014946,0.9430199265480042,0.8840456008911133
YDR436W,YER082C,0,-4.2642717,0.09636098891496658,0.9430199265480042,0.8843305110931396
YLR248W,YDL052C,0,-4.26475,0.09633294492959976,0.9430199265480042,0.8846153616905212
YNL218W,YGL071W,0,-4.2658625,0.09630491584539413,0.9430199265480042,0.8849002718925476
YPL139C,YNL121C,0,-4.2669587,0.0962769016623497,0.9430199265480042,0.885185182094574
YDR384C,YMR149W,0,-4.267599,0.09624890983104706,0.9430199265480042,0.8854700922966003
YAL031C,YGL003C,1,-4.267871,0.09651162475347519,0.945868968963623,0.8854700922966003
YPR057W,YPL140C,0,-4.269149,0.09648358076810837,0.945868968963623,0.8857550024986267
YBR265W,YNL326C,0,-4.269169,0.09645555168390274,0.945868968963623,0.8860399127006531
YER126C,YBR035C,0,-4.2697845,0.0964275375008583,0.945868968963623,0.8863247632980347
YNL106C,YPL178W,0,-4.270459,0.09639953821897507,0.945868968963623,0.886609673500061
YNR023W,YPL075W,0,-4.275231,0.09637155383825302,0.945868968963623,0.8868945837020874
YLR459W,YNL147W,0,-4.278514,0.09634358435869217,0.945868968963623,0.8871794939041138
YOL088C,YDR422C,0,-4.2789946,0.09631563723087311,0.945868968963623,0.8874644041061401
YLR105C,YMR091C,0,-4.2793207,0.09628770500421524,0.945868968963623,0.8877493143081665
YNL177C,YDR527W,0,-4.2801247,0.09625978767871857,0.945868968963623,0.8880341649055481
YKL117W,YHR205W,0,-4.2816367,0.09623188525438309,0.945868968963623,0.8883190751075745
YLR033W,YDR394W,0,-4.2822714,0.0962039977312088,0.945868968963623,0.8886039853096008
YKL148C,YJL005W,0,-4.2824173,0.0961761325597763,0.945868968963623,0.8888888955116272
YGR191W,YJL154C,0,-4.2824244,0.09614827483892441,0.945868968963623,0.8891738057136536
YDR512C,YOR056C,0,-4.283531,0.0961204394698143,0.945868968963623,0.8894587159156799
YFR028C,YBR095C,0,-4.283596,0.09609261900186539,0.945868968963623,0.8897435665130615
YBR273C,YDR284C,0,-4.2836533,0.09606481343507767,0.945868968963623,0.8900284767150879
YLR135W,YOR149C,0,-4.2839117,0.09603702276945114,0.945868968963623,0.8903133869171143
YOR229W,YPL262W,0,-4.2857428,0.0960092544555664,0.945868968963623,0.8905982971191406
YBR009C,YLR043C,0,-4.2858696,0.09598150104284286,0.945868968963623,0.890883207321167
YKL049C,YJR068W,1,-4.286191,0.09624277800321579,0.9487179517745972,0.890883207321167
YOR386W,YDR527W,0,-4.286677,0.09621496498584747,0.9487179517745972,0.8911681175231934
YMR298W,YBL093C,0,-4.287094,0.09618717432022095,0.9487179517745972,0.891452968120575
YGR123C,YBR035C,0,-4.2873993,0.09615939855575562,0.9487179517745972,0.8917378783226013
YDR422C,YBR035C,0,-4.287677,0.09613163769245148,0.9487179517745972,0.8920227885246277
YDR182W,YGR191W,0,-4.2881484,0.09610389918088913,0.9487179517745972,0.892307698726654
YMR270C,YPL139C,0,-4.288761,0.09607616811990738,0.9487179517745972,0.8925926089286804
YBL046W,YPL161C,0,-4.29031,0.09604845941066742,0.9487179517745972,0.8928775191307068
YLR033W,YKL140W,0,-4.2922916,0.09602075815200806,0.9487179517745972,0.8931623697280884
YJL128C,YGR002C,0,-4.294388,0.09599307924509048,0.9487179517745972,0.8934472799301147
YMR030W,YER008C,0,-4.294588,0.0959654152393341,0.9487179517745972,0.8937321901321411
YNL267W,YNL281W,0,-4.2947383,0.09593777358531952,0.9487179517745972,0.8940171003341675
YNL218W,YMR127C,0,-4.2957215,0.09591013938188553,0.9487179517745972,0.8943020105361938
YOL051W,YDR490C,0,-4.295743,0.09588252007961273,0.9487179517745972,0.8945869207382202
YBR265W,YEL027W,0,-4.2977977,0.09585492312908173,0.9487179517745972,0.8948717713356018
YKR079C,YOR056C,0,-4.2987504,0.09582734107971191,0.9487179517745972,0.8951566815376282
YOL060C,YDR039C,0,-4.2989464,0.0957997664809227,0.9487179517745972,0.8954415917396545
YER068W,YLR016C,0,-4.3009644,0.09577221423387527,0.9487179517745972,0.8957265019416809
YDR453C,YNL209W,0,-4.3031464,0.09574468433856964,0.9487179517745972,0.8960114121437073
YOL045W,YDR147W,0,-4.3046412,0.0957171618938446,0.9487179517745972,0.8962963223457336
YDR178W,YMR125W,0,-4.3053436,0.09568965435028076,0.9487179517745972,0.8965811729431152
YER159C,YHR001W-A,0,-4.3053875,0.09566216915845871,0.9487179517745972,0.8968660831451416
YDR118W,YJR068W,1,-4.307315,0.09592188149690628,0.9515669345855713,0.8968660831451416
YDR318W,YJR068W,1,-4.3075657,0.09618145227432251,0.9544159770011902,0.8968660831451416
YDR279W,YLR032W,0,-4.3079205,0.09615384787321091,0.9544159770011902,0.897150993347168
YLR324W,YPR186C,0,-4.3080063,0.0961262583732605,0.9544159770011902,0.8974359035491943
YML080W,YDR168W,0,-4.308917,0.09609868377447128,0.9544159770011902,0.8977208137512207
YOR122C,YFR005C,0,-4.3095255,0.09607112407684326,0.9544159770011902,0.8980057239532471
YMR091C,YBR095C,0,-4.310199,0.09604357928037643,0.9544159770011902,0.8982905745506287
YNL127W,YMR302C,0,-4.310229,0.0960160493850708,0.9544159770011902,0.898575484752655
YLR117C,YDR164C,0,-4.312231,0.09598854184150696,0.9544159770011902,0.8988603949546814
YML019W,YGR002C,0,-4.3126006,0.09596104174852371,0.9544159770011902,0.8991453051567078
YBR049C,YJL111W,0,-4.3148947,0.09593356400728226,0.9544159770011902,0.8994302153587341
YCL052C,YPL151C,0,-4.315431,0.095906101167202,0.9544159770011902,0.8997151255607605
YML102W,YGL087C,0,-4.3163347,0.09587864577770233,0.9544159770011902,0.8999999761581421
YML110C,YNL099C,0,-4.316476,0.09585121273994446,0.9544159770011902,0.9002848863601685
YNL130C,YPL087W,0,-4.3173957,0.09582380205392838,0.9544159770011902,0.9005697965621948
YPL001W,YGR002C,0,-4.317996,0.09579639881849289,0.9544159770011902,0.9008547067642212
YDR211W,YNR023W,0,-4.318001,0.0957690104842186,0.9544159770011902,0.9011396169662476
YDR436W,YOR079C,0,-4.318104,0.0957416370511055,0.9544159770011902,0.9014245271682739
YNL326C,YDR464W,0,-4.3194246,0.09571428596973419,0.9544159770011902,0.9017093777656555
YLR310C,YKR087C,0,-4.3202853,0.09568694978952408,0.9544159770011902,0.9019942879676819
YLR191W,YMR227C,0,-4.320456,0.09565962105989456,0.9544159770011902,0.9022791981697083
YBR273C,YNL147W,0,-4.320568,0.09563231468200684,0.9544159770011902,0.9025641083717346
YPL139C,YIL023C,0,-4.321785,0.0956050232052803,0.9544159770011902,0.902849018573761
YJL146W,YOL016C,0,-4.3225455,0.09557774662971497,0.9544159770011902,0.9031339287757874
YBR177C,YLR100W,0,-4.3232985,0.09555048495531082,0.9544159770011902,0.903418779373169
YDR324C,YAL035W,0,-4.3235197,0.09552323818206787,0.9544159770011902,0.9037036895751953
YHR174W,YJR007W,0,-4.3247547,0.09549600630998611,0.9544159770011902,0.9039885997772217
YNL154C,YMR068W,0,-4.32529,0.09546879678964615,0.9544159770011902,0.904273509979248
YCL004W,YDR284C,0,-4.3253,0.09544159471988678,0.9544159770011902,0.9045584201812744
YDR265W,YDR129C,0,-4.32628,0.0954144150018692,0.9544159770011902,0.9048433303833008
YLR117C,YLR368W,0,-4.3313093,0.09538724273443222,0.9544159770011902,0.9051281809806824
YOR279C,YOR060C,0,-4.331916,0.09536009281873703,0.9544159770011902,0.9054130911827087
YDR110W,YLR396C,0,-4.3322954,0.09533295035362244,0.9544159770011902,0.9056980013847351
YDL188C,YER068W,0,-4.333437,0.09530583024024963,0.9544159770011902,0.9059829115867615
YAL031C,YOR156C,1,-4.336107,0.095563143491745,0.9572649598121643,0.9059829115867615
YKL148C,YER155C,0,-4.336321,0.09553597122430801,0.9572649598121643,0.9062678217887878
YGL087C,YER159C,0,-4.3371615,0.09550881385803223,0.9572649598121643,0.9065527319908142
YHR174W,YKL058W,0,-4.3372765,0.09548167139291763,0.9572649598121643,0.9068375825881958
YNL298W,YDR284C,0,-4.337652,0.09545454382896423,0.9572649598121643,0.9071224927902222
YOR168W,YGL178W,0,-4.3390493,0.09542743861675262,0.9572649598121643,0.9074074029922485
YPL020C,YKL051W,0,-4.3404655,0.09540034085512161,0.9572649598121643,0.9076923131942749
YOL060C,YKL166C,0,-4.34192,0.0953732579946518,0.9572649598121643,0.9079772233963013
YNL326C,YLR135W,0,-4.3422422,0.09534619748592377,0.9572649598121643,0.9082621335983276
YBL030C,YJL076W,0,-4.342366,0.09531915187835693,0.9572649598121643,0.9085469841957092
YGL144C,YIL106W,0,-4.3425207,0.0952921137213707,0.9572649598121643,0.9088318943977356
YDL004W,YMR227C,0,-4.342876,0.09526509791612625,0.9572649598121643,0.909116804599762
YAL031C,YML034W,1,-4.3450313,0.09552153944969177,0.9601139426231384,0.909116804599762
YBL103C,YOL045W,0,-4.34667,0.09549447149038315,0.9601139426231384,0.9094017148017883
YBR265W,YDR379W,0,-4.3471494,0.09546741843223572,0.9601139426231384,0.9096866250038147
YBR049C,YIL034C,0,-4.3475127,0.09544038772583008,0.9601139426231384,0.9099715352058411
YPL069C,YGL173C,0,-4.3487673,0.09541336447000504,0.9601139426231384,0.9102563858032227
YDR265W,YOR008C,0,-4.349007,0.09538635611534119,0.9601139426231384,0.910541296005249
YML069W,YDR116C,0,-4.3499184,0.09535936266183853,0.9601139426231384,0.9108262062072754
YDR164C,YJL063C,0,-4.350332,0.09533239156007767,0.9601139426231384,0.9111111164093018
YMR298W,YDR422C,0,-4.3508606,0.0953054279088974,0.9601139426231384,0.9113960266113281
YGR048W,YDR231C,0,-4.3511715,0.09527848660945892,0.9601139426231384,0.9116809368133545
YPL233W,YOR156C,1,-4.3517866,0.09553419798612595,0.9629629850387573,0.9116809368133545
YIL034C,YGR103W,0,-4.3526497,0.09550720453262329,0.9629629850387573,0.9119657874107361
YAL035W,YGR135W,0,-4.3550916,0.09548022598028183,0.9629629850387573,0.9122506976127625
YKL018W,YFR005C,0,-4.3565493,0.09545326232910156,0.9629629850387573,0.9125356078147888
YDR464W,YPL112C,0,-4.3576026,0.09542631357908249,0.9629629850387573,0.9128205180168152
YJL029C,YPL161C,0,-4.3588867,0.09539937973022461,0.9629629850387573,0.9131054282188416
YLL034C,YBR172C,0,-4.361472,0.09537246078252792,0.9629629850387573,0.9133903384208679
YOR290C,YER008C,0,-4.3636713,0.09534555673599243,0.9629629850387573,0.9136751890182495
YDR308C,YLR368W,0,-4.365703,0.09531866759061813,0.9629629850387573,0.9139600992202759
YBL103C,YDR116C,0,-4.3658347,0.09529179334640503,0.9629629850387573,0.9142450094223022
YLR310C,YLR100W,0,-4.3669343,0.09526494145393372,0.9629629850387573,0.9145299196243286
YDR379W,YAL035W,0,-4.367318,0.095238097012043,0.9629629850387573,0.914814829826355
YGR129W,YKR085C,0,-4.368862,0.09521126747131348,0.9629629850387573,0.9150997400283813
YOR270C,YLR043C,0,-4.369318,0.09518445283174515,0.9629629850387573,0.9153845906257629
YDR231C,YNL298W,0,-4.3694267,0.09515766054391861,0.9629629850387573,0.9156695008277893
YLR138W,YNL088W,0,-4.371375,0.09513087570667267,0.9629629850387573,0.9159544110298157
YJL128C,YBL007C,0,-4.371843,0.09510410577058792,0.9629629850387573,0.916239321231842
YPR094W,YOR067C,0,-4.3726654,0.09507735818624496,0.9629629850387573,0.9165242314338684
YOR060C,YOR316C,0,-4.3728795,0.0950506180524826,0.9629629850387573,0.9168091416358948
YNL121C,YOR034C,0,-4.3762007,0.09502389281988144,0.9629629850387573,0.9170939922332764
YDL188C,YPR052C,0,-4.376623,0.09499718993902206,0.9629629850387573,0.9173789024353027
YLR052W,YMR227C,0,-4.3767223,0.09497049450874329,0.9629629850387573,0.9176638126373291
YPR057W,YER161C,0,-4.3801117,0.0949438214302063,0.9629629850387573,0.9179487228393555
YOL060C,YAL017W,0,-4.380513,0.09491715580224991,0.9629629850387573,0.9182336330413818
YPL020C,YDR419W,0,-4.3824368,0.09489051252603531,0.9629629850387573,0.9185185432434082
YNL135C,YBL007C,0,-4.3838515,0.0948638767004013,0.9629629850387573,0.9188033938407898
YPR057W,YDR284C,0,-4.3840346,0.0948372632265091,0.9629629850387573,0.9190883040428162
YJR090C,YPL140C,0,-4.384495,0.09481065720319748,0.9629629850387573,0.9193732142448425
YGR159C,YBR084W,0,-4.3850384,0.09478407353162766,0.9629629850387573,0.9196581244468689
YER035W,YKL188C,0,-4.385207,0.09475749731063843,0.9629629850387573,0.9199430346488953
YOR157C,YBR160W,0,-4.3854675,0.09473094344139099,0.9629629850387573,0.9202279448509216
YMR201C,YER015W,0,-4.3870773,0.09470439702272415,0.9629629850387573,0.9205127954483032
YBR265W,YNL135C,0,-4.387731,0.0946778729557991,0.9629629850387573,0.9207977056503296
YHR069C,YDR453C,0,-4.3887334,0.09465135633945465,0.9629629850387573,0.921082615852356
YPL069C,YKL051W,0,-4.388954,0.09462486207485199,0.9629629850387573,0.9213675260543823
YJR108W,YPL053C,0,-4.389502,0.09459837526082993,0.9629629850387573,0.9216524362564087
YOR245C,YDL231C,0,-4.3922586,0.09457191079854965,0.9629629850387573,0.9219373464584351
YGR170W,YMR149W,0,-4.393091,0.09454545378684998,0.9629629850387573,0.9222221970558167
YNL139C,YPL262W,0,-4.3936024,0.09451901912689209,0.9629629850387573,0.922507107257843
YNL149C,YKR087C,0,-4.393797,0.0944925919175148,0.9629629850387573,0.9227920174598694
YAL035W,YNL088W,0,-4.3945556,0.0944661796092987,0.9629629850387573,0.9230769276618958
YBL030C,YNL121C,0,-4.3958015,0.0944397896528244,0.9629629850387573,0.9233618378639221
YDR178W,YOR026W,0,-4.3975134,0.0944134071469307,0.9629629850387573,0.9236467480659485
YGR007W,YJL014W,0,-4.399221,0.09438703954219818,0.9629629850387573,0.9239315986633301
YJR068W,YEL061C,1,-4.3997126,0.0946398675441742,0.9658119678497314,0.9239315986633301
YOL108C,YNL099C,0,-4.4002337,0.0946134552359581,0.9658119678497314,0.9242165088653564
YJL183W,YGR002C,0,-4.400736,0.0945870503783226,0.9658119678497314,0.9245014190673828
YNL103W,YBL008W,0,-4.4015694,0.0945606678724289,0.9658119678497314,0.9247863292694092
YER053C,YOR272W,0,-4.4056516,0.09453430026769638,0.9658119678497314,0.9250712394714355
YPL045W,YOL045W,0,-4.406534,0.09450794756412506,0.9658119678497314,0.9253561496734619
YDL022W,YNL149C,0,-4.4102173,0.09448160231113434,0.9658119678497314,0.9256410002708435
YGL122C,YBR095C,0,-4.411045,0.0944552794098854,0.9658119678497314,0.9259259104728699
YJL128C,YLR100W,0,-4.4116764,0.09442897140979767,0.9658119678497314,0.9262108206748962
YOR386W,YGR103W,0,-4.4118505,0.09440267086029053,0.9658119678497314,0.9264957308769226
YMR039C,YLR459W,0,-4.412142,0.09437639266252518,0.9658119678497314,0.926780641078949
YPR056W,YPL115C,0,-4.4154687,0.09435012191534042,0.9658119678497314,0.9270655512809753
YMR235C,YDR069C,0,-4.41677,0.09432387351989746,0.9658119678497314,0.9273504018783569
YGL111W,YLR248W,0,-4.4186773,0.0942976325750351,0.9658119678497314,0.9276353120803833
YPR135W,YJR068W,1,-4.4207506,0.0945494994521141,0.9686609506607056,0.9276353120803833
YJL154C,YKL004W,0,-4.4207764,0.09452321380376816,0.9686609506607056,0.9279202222824097
YNR052C,YPL178W,0,-4.4229574,0.0944969430565834,0.9686609506607056,0.928205132484436
YPR135W,YML034W,1,-4.424763,0.09474854171276093,0.9715099930763245,0.928205132484436
YLR043C,YDL212W,0,-4.4250784,0.094722218811512,0.9715099930763245,0.9284900426864624
YML034W,YEL061C,1,-4.426354,0.0949736163020134,0.9743589758872986,0.9284900426864624
YJL146W,YDR153C,0,-4.427249,0.09494724869728088,0.9743589758872986,0.9287749528884888
YBR095C,YBL093C,0,-4.42855,0.09492089599370956,0.9743589758872986,0.9290598034858704
YOL060C,YDR398W,0,-4.430151,0.09489455819129944,0.9743589758872986,0.9293447136878967
YNL154C,YDL052C,0,-4.430425,0.0948682352900505,0.9743589758872986,0.9296296238899231
YGR185C,YBR079C,0,-4.4309855,0.09484192728996277,0.9743589758872986,0.9299145340919495
YGR262C,YGR183C,0,-4.4324713,0.09481563419103622,0.9743589758872986,0.9301994442939758
YGR002C,YOR119C,0,-4.4324718,0.09478935599327087,0.9743589758872986,0.9304843544960022
YDR121W,YDR279W,0,-4.433758,0.09476309269666672,0.9743589758872986,0.9307692050933838
YOR067C,YJR082C,0,-4.4343314,0.09473684430122375,0.9743589758872986,0.9310541152954102
YDR178W,YDL147W,0,-4.435853,0.09471060335636139,0.9743589758872986,0.9313390254974365
YOR290C,YLR105C,0,-4.437908,0.09468438476324081,0.9743589758872986,0.9316239356994629
YPR086W,YLR052W,0,-4.4379754,0.09465818107128143,0.9743589758872986,0.9319088459014893
YGR202C,YNL177C,0,-4.4386325,0.09463198482990265,0.9743589758872986,0.9321937561035156
YGR231C,YDR527W,0,-4.4388847,0.09460581094026566,0.9743589758872986,0.9324786067008972
YML098W,YDR379W,0,-4.4413257,0.09457964450120926,0.9743589758872986,0.9327635169029236
YBL046W,YPL112C,0,-4.441414,0.09455350041389465,0.9743589758872986,0.93304842710495
YEL024W,YNL147W,0,-4.4422555,0.09452736377716064,0.9743589758872986,0.9333333373069763
YER161C,YJL154C,0,-4.4448104,0.09450124204158783,0.9743589758872986,0.9336182475090027
YLR459W,YOR377W,0,-4.4488964,0.09447513520717621,0.9743589758872986,0.933903157711029
YBR112C,YFR009W,0,-4.459127,0.09444905072450638,0.9743589758872986,0.9341880083084106
YNL154C,YDL212W,0,-4.4603434,0.09442297369241714,0.9743589758872986,0.934472918510437
YHR148W,YGR183C,0,-4.460367,0.0943969115614891,0.9743589758872986,0.9347578287124634
YGL227W,YMR080C,0,-4.461829,0.09437086433172226,0.9743589758872986,0.9350427389144897
YDR168W,YNL088W,0,-4.4624963,0.09434482455253601,0.9743589758872986,0.9353276491165161
YHR062C,YDR512C,0,-4.4634275,0.09431880712509155,0.9743589758872986,0.9356125593185425
YGL003C,YNL299W,1,-4.4639997,0.09456851333379745,0.9772079586982727,0.9356125593185425
YDR423C,YOL045W,0,-4.4660053,0.09454245120286942,0.9772079586982727,0.9358974099159241
YJL048C,YHR066W,0,-4.4661055,0.09451639652252197,0.9772079586982727,0.9361823201179504
YOR193W,YGR002C,0,-4.4697967,0.09449035674333572,0.9772079586982727,0.9364672303199768
YJR103W,YBR273C,0,-4.471401,0.09446433186531067,0.9772079586982727,0.9367521405220032
YOR008C,YLR067C,0,-4.471465,0.0944383293390274,0.9772079586982727,0.9370370507240295
YMR241W,YDR436W,0,-4.4732614,0.09441233426332474,0.9772079586982727,0.9373219609260559
YNL039W,YAL035W,0,-4.4777327,0.09438635408878326,0.9772079586982727,0.9376068115234375
YDR456W,YML094W,0,-4.4803386,0.09436038881540298,0.9772079586982727,0.9378917217254639
YMR298W,YHR150W,0,-4.480919,0.0943344309926033,0.9772079586982727,0.9381766319274902
YKL117W,YFL009W,0,-4.483535,0.09430849552154541,0.9772079586982727,0.9384615421295166
YIR004W,YDR422C,0,-4.490865,0.09428257495164871,0.9772079586982727,0.938746452331543
YOR116C,YDR464W,0,-4.493787,0.09425666183233261,0.9772079586982727,0.9390313625335693
YER169W,YOR058C,0,-4.495102,0.0942307710647583,0.9772079586982727,0.9393162131309509
YKL085W,YOR060C,0,-4.496523,0.09420488774776459,0.9772079586982727,0.9396011233329773
YKL049C,YAL031C,1,-4.496807,0.0944535955786705,0.9800570011138916,0.9396011233329773
YLR191W,YHR165C,0,-4.4978995,0.0944276675581932,0.9800570011138916,0.9398860335350037
YKL129C,YNL182C,0,-4.5033765,0.0944017544388771,0.9800570011138916,0.94017094373703
YPR113W,YMR201C,0,-4.504563,0.0943758562207222,0.9800570011138916,0.9404558539390564
YPR023C,YBR095C,0,-4.505537,0.09434997290372849,0.9800570011138916,0.9407407641410828
YIL075C,YML115C,0,-4.505681,0.09432410448789597,0.9800570011138916,0.9410256147384644
YOR148C,YOR039W,0,-4.506622,0.09429824352264404,0.9800570011138916,0.9413105249404907
YLR016C,YDR088C,0,-4.5067043,0.09427240490913391,0.9800570011138916,0.9415954351425171
YOL051W,YFR009W,0,-4.5090327,0.09424657374620438,0.9800570011138916,0.9418803453445435
YNL135C,YMR149W,0,-4.5102854,0.09422076493501663,0.9800570011138916,0.9421652555465698
YOR270C,YGR094W,0,-4.51164,0.09419496357440948,0.9800570011138916,0.9424501657485962
YER035W,YNL121C,0,-4.5118318,0.09416917711496353,0.9800570011138916,0.9427350163459778
YOR316C,YGR135W,0,-4.5124035,0.09414340555667877,0.9800570011138916,0.9430199265480042
YGR156W,YGR278W,0,-4.514352,0.0941176488995552,0.9800570011138916,0.9433048367500305
YML069W,YPR023C,0,-4.515305,0.09409190714359283,0.9800570011138916,0.9435897469520569
YER026C,YGR262C,0,-4.51573,0.09406617283821106,0.9800570011138916,0.9438746571540833
YJL041W,YLR067C,0,-4.5182657,0.09404046088457108,0.9800570011138916,0.9441595673561096
YDR280W,YBR036C,0,-4.527562,0.09401475638151169,0.9800570011138916,0.9444444179534912
YNL149C,YBL093C,0,-4.5292463,0.09398907423019409,0.9800570011138916,0.9447293281555176
YMR268C,YPL119C,0,-4.5309362,0.09396339952945709,0.9800570011138916,0.945014238357544
YPL069C,YIR015W,0,-4.532444,0.09393773972988129,0.9800570011138916,0.9452991485595703
YPL262W,YIL106W,0,-4.5330443,0.09391209483146667,0.9800570011138916,0.9455840587615967
YNL177C,YLR192C,0,-4.533499,0.09388646483421326,0.9800570011138916,0.945868968963623
YOR079C,YPL244C,0,-4.5335755,0.09386084228754044,0.9800570011138916,0.9461538195610046
YDL143W,YMR091C,0,-4.5349207,0.0938352420926094,0.9800570011138916,0.946438729763031
YGR183C,YNL232W,0,-4.5364847,0.09380965679883957,0.9800570011138916,0.9467236399650574
YBR049C,YBR009C,0,-4.5369263,0.09378407895565033,0.9800570011138916,0.9470085501670837
YPL045W,YOR026W,0,-4.539043,0.09375851601362228,0.9800570011138916,0.9472934603691101
YOR279C,YHR150W,0,-4.5396953,0.09373296797275543,0.9800570011138916,0.9475783705711365
YEL042W,YDL150W,0,-4.541649,0.09370743483304977,0.9800570011138916,0.9478632211685181
YJL029C,YJL146W,0,-4.5449224,0.09368191659450531,0.9800570011138916,0.9481481313705444
YNL107W,YHR150W,0,-4.547662,0.09365641325712204,0.9800570011138916,0.9484330415725708
YML028W,YFL009W,0,-4.550412,0.09363091737031937,0.9800570011138916,0.9487179517745972
YHR085W,YGR123C,0,-4.5507812,0.09360544383525848,0.9800570011138916,0.9490028619766235
YER161C,YGR183C,0,-4.553821,0.0935799777507782,0.9800570011138916,0.9492877721786499
YOL088C,YPL262W,0,-4.553867,0.0935545265674591,0.9800570011138916,0.9495726227760315
YER159C,YNL261W,0,-4.5552187,0.09352909028530121,0.9800570011138916,0.9498575329780579
YBL020W,YJR093C,0,-4.5561647,0.0935036689043045,0.9800570011138916,0.9501424431800842
YER126C,YGR020C,0,-4.5577188,0.093478262424469,0.9800570011138916,0.9504273533821106
YKL148C,YGR135W,0,-4.5587606,0.09345286339521408,0.9800570011138916,0.950712263584137
YNL326C,YGR007W,0,-4.5619335,0.09342748671770096,0.9800570011138916,0.9509971737861633
YMR247C,YJR082C,0,-4.568482,0.09340211749076843,0.9800570011138916,0.9512820243835449
YLR409C,YNL036W,0,-4.570775,0.0933767631649971,0.9800570011138916,0.9515669345855713
YGR185C,YDR512C,0,-4.5714283,0.09335142374038696,0.9800570011138916,0.9518518447875977
YIR012W,YNL232W,0,-4.572654,0.09332609921693802,0.9800570011138916,0.952136754989624
YOR067C,YNL298W,0,-4.5736046,0.09330078959465027,0.9800570011138916,0.9524216651916504
YDL115C,YDL200C,0,-4.5752745,0.09327548742294312,0.9800570011138916,0.9527065753936768
YDL004W,YPR101W,0,-4.5758495,0.09325020015239716,0.9800570011138916,0.9529914259910583
YLR191W,YIR002C,0,-4.5776596,0.09322493523359299,0.9800570011138916,0.9532763361930847
YPL262W,YDR129C,0,-4.583512,0.09319967776536942,0.9800570011138916,0.9535612463951111
YKL058W,YGR135W,0,-4.583667,0.09317442774772644,0.9800570011138916,0.9538461565971375
YGL127C,YER123W,0,-4.585263,0.09314920008182526,0.9800570011138916,0.9541310667991638
YBR049C,YDR422C,0,-4.587553,0.09312398731708527,0.9800570011138916,0.9544159770011902
YDR361C,YDR069C,0,-4.5880833,0.09309878200292587,0.9800570011138916,0.9547008275985718
YGR170W,YMR298W,0,-4.5881634,0.09307359158992767,0.9800570011138916,0.9549857378005981
YOR073W,YPL253C,1,-4.588256,0.09331890940666199,0.9829059839248657,0.9549857378005981
YPL139C,YDL197C,0,-4.5914083,0.0932936742901802,0.9829059839248657,0.9552706480026245
YDR464W,YGR002C,0,-4.5915804,0.09326845407485962,0.9829059839248657,0.9555555582046509
YBR036C,YER008C,0,-4.5920677,0.09324324131011963,0.9829059839248657,0.9558404684066772
YPL020C,YNR052C,0,-4.5936246,0.09321805089712143,0.9829059839248657,0.9561253786087036
YDL115C,YOR039W,0,-4.5951686,0.09319286793470383,0.9829059839248657,0.9564102292060852
YGR002C,YDL197C,0,-4.59974,0.09316769987344742,0.9829059839248657,0.9566951394081116
YMR092C,YDL147W,0,-4.60057,0.0931425467133522,0.9829059839248657,0.9569800496101379
YML073C,YPL119C,0,-4.602179,0.09311740845441818,0.9829059839248657,0.9572649598121643
YHR085W,YOL060C,0,-4.6028104,0.09309228509664536,0.9829059839248657,0.9575498700141907
YHR148W,YML129C,0,-4.6043577,0.09306716918945312,0.9829059839248657,0.957834780216217
YFR009W,YER159C,0,-4.605552,0.09304206818342209,0.9829059839248657,0.9581196308135986
YDR231C,YGR262C,0,-4.605813,0.09301698207855225,0.9829059839248657,0.958404541015625
YDR178W,YOL021C,0,-4.6062946,0.0929919108748436,0.9829059839248657,0.9586894512176514
YGR231C,YDR264C,0,-4.614106,0.09296685457229614,0.9829059839248657,0.9589743614196777
YEL054C,YGL111W,0,-4.6241627,0.09294181317090988,0.9829059839248657,0.9592592716217041
YJL146W,YDR359C,0,-4.6292214,0.09291677922010422,0.9829059839248657,0.9595441818237305
YML015C,YIR004W,0,-4.631384,0.09289176017045975,0.9829059839248657,0.9598290324211121
YDR302W,YIL048W,0,-4.6330085,0.09286675602197647,0.9829059839248657,0.9601139426231384
YPL233W,YAL031C,1,-4.6366096,0.09311087429523468,0.9857549667358398,0.9601139426231384
YBR036C,YDR422C,0,-4.636671,0.09308582544326782,0.9857549667358398,0.9603988528251648
YDR324C,YGL227W,0,-4.638368,0.09306078404188156,0.9857549667358398,0.9606837630271912
YLR033W,YLR052W,0,-4.6401463,0.09303576499223709,0.9857549667358398,0.9609686732292175
YPL233W,YML034W,1,-4.642174,0.09327957034111023,0.9886040091514587,0.9609686732292175
YOR316C,YBR273C,0,-4.6426215,0.09325449913740158,0.9886040091514587,0.9612535834312439
YGR231C,YDL150W,0,-4.648325,0.09322944283485413,0.9886040091514587,0.9615384340286255
YOR067C,YDL052C,0,-4.6492677,0.09320440143346786,0.9886040091514587,0.9618233442306519
YDR231C,YGR007W,0,-4.649883,0.0931793749332428,0.9886040091514587,0.9621082544326782
YNL121C,YOR149C,0,-4.650635,0.09315436333417892,0.9886040091514587,0.9623931646347046
YIR004W,YDR359C,0,-4.651972,0.09312935918569565,0.9886040091514587,0.962678074836731
YBR049C,YER035W,0,-4.658165,0.09310436993837357,0.9886040091514587,0.9629629850387573
YAL031C,YJR068W,1,-4.664574,0.09334763884544373,0.9914529919624329,0.9629629850387573
YGR002C,YOL045W,0,-4.6679335,0.09332260489463806,0.9914529919624329,0.9632478356361389
YEL054C,YEL027W,0,-4.6698213,0.09329758584499359,0.9914529919624329,0.9635327458381653
YOR168W,YGR123C,0,-4.6706467,0.09327258169651031,0.9914529919624329,0.9638176560401917
YIL023C,YDR394W,0,-4.6823735,0.09324758499860764,0.9914529919624329,0.964102566242218
YPL262W,YOR060C,0,-4.6848793,0.09322261065244675,0.9914529919624329,0.9643874764442444
YKR087C,YDR116C,0,-4.689092,0.09319764375686646,0.9914529919624329,0.9646723866462708
YOL108C,YPL119C,0,-4.6898103,0.09317269176244736,0.9914529919624329,0.9649572372436523
YJR090C,YBR199W,0,-4.693145,0.09314775466918945,0.9914529919624329,0.9652421474456787
YPL069C,YHR073W,0,-4.693942,0.09312282502651215,0.9914529919624329,0.9655270576477051
YDL004W,YFR005C,0,-4.6997066,0.09309791028499603,0.9914529919624329,0.9658119678497314
YMR039C,YOR279C,0,-4.699799,0.09307301789522171,0.9914529919624329,0.9660968780517578
YDL015C,YJR082C,0,-4.7011113,0.09304812550544739,0.9914529919624329,0.9663817882537842
YMR239C,YBR273C,0,-4.711299,0.09302325546741486,0.9914529919624329,0.9666666388511658
YML129C,YOR026W,0,-4.711948,0.09299839287996292,0.9914529919624329,0.9669515490531921
YGR159C,YPL146C,0,-4.7120767,0.09297355264425278,0.9914529919624329,0.9672364592552185
YDR264C,YML028W,0,-4.712393,0.09294871985912323,0.9914529919624329,0.9675213694572449
YFL009W,YKL058W,0,-4.7176156,0.09292390197515488,0.9914529919624329,0.9678062796592712
YDR087C,YMR302C,0,-4.720977,0.09289909154176712,0.9914529919624329,0.9680911898612976
YDR059C,YCL054W,0,-4.721707,0.09287429600954056,0.9914529919624329,0.9683760404586792
YDR231C,YPL178W,0,-4.7259226,0.09284952282905579,0.9914529919624329,0.9686609506607056
YDR359C,YOR039W,0,-4.7291174,0.09282474964857101,0.9914529919624329,0.9689458608627319
YDL004W,YAL059W,0,-4.740593,0.09279999881982803,0.9914529919624329,0.9692307710647583
YNR023W,YHR067W,0,-4.74665,0.09277526289224625,0.9914529919624329,0.9695156812667847
YNL048W,YLR138W,0,-4.7476773,0.09275053441524506,0.9914529919624329,0.969800591468811
YBR050C,YPL119C,0,-4.7495003,0.09272582083940506,0.9914529919624329,0.9700854420661926
YNL091W,YDR484W,0,-4.752597,0.09270112216472626,0.9914529919624329,0.970370352268219
YLR370C,YIL147C,0,-4.7538548,0.09267643094062805,0.9914529919624329,0.9706552624702454
YNL154C,YDR463W,0,-4.7552366,0.09265175461769104,0.9914529919624329,0.9709401726722717
YBR199W,YDR088C,0,-4.765269,0.09262709319591522,0.9914529919624329,0.9712250828742981
YLR110C,YLR100W,0,-4.7708983,0.0926024466753006,0.9914529919624329,0.9715099930763245
YBL007C,YLR100W,0,-4.7743373,0.09257781505584717,0.9914529919624329,0.971794843673706
YPL045W,YPL020C,0,-4.778485,0.09255319088697433,0.9914529919624329,0.9720797538757324
YKL081W,YAL035W,0,-4.77903,0.0925285816192627,0.9914529919624329,0.9723646640777588
YML110C,YKL140W,0,-4.780207,0.09250398725271225,0.9914529919624329,0.9726495742797852
YER126C,YIL017C,0,-4.783161,0.092479407787323,0.9914529919624329,0.9729344844818115
YGR007W,YJR082C,0,-4.788697,0.09245483577251434,0.9914529919624329,0.9732193946838379
YCL052C,YOR304W,0,-4.7923713,0.09243027865886688,0.9914529919624329,0.9735042452812195
YMR091C,YIL147C,0,-4.800334,0.09240573644638062,0.9914529919624329,0.9737891554832458
YHR196W,YHR016C,0,-4.809525,0.09238120168447495,0.9914529919624329,0.9740740656852722
YIR004W,YBR095C,0,-4.822955,0.09235668927431107,0.9914529919624329,0.9743589758872986
YLR016C,YML115C,0,-4.8241577,0.09233218431472778,0.9914529919624329,0.974643886089325
YKR035W-A,YER159C,0,-4.8343644,0.0923076942563057,0.9914529919624329,0.9749287962913513
YDR085C,YJL183W,0,-4.8353586,0.0922832116484642,0.9914529919624329,0.9752136468887329
YER159C,YDR212W,0,-4.8389044,0.0922587513923645,0.9914529919624329,0.9754985570907593
YGR135W,YMR302C,0,-4.842535,0.0922342985868454,0.9914529919624329,0.9757834672927856
YGR007W,YMR302C,0,-4.842744,0.09220985323190689,0.9914529919624329,0.976068377494812
YPR086W,YML098W,0,-4.8429036,0.09218543022871017,0.9914529919624329,0.9763532876968384
YJR068W,YML034W,1,-4.844492,0.09242584556341171,0.994301974773407,0.9763532876968384
YBR049C,YDR231C,0,-4.8452063,0.09240137785673141,0.994301974773407,0.9766381978988647
YNL154C,YBL020W,0,-4.8473425,0.09237691760063171,0.994301974773407,0.9769230484962463
YGL144C,YNL106C,0,-4.848111,0.0923524722456932,0.994301974773407,0.9772079586982727
YPR056W,YCL052C,0,-4.8510513,0.0923280417919159,0.994301974773407,0.9774928689002991
YOR245C,YDR436W,0,-4.8528166,0.09230362623929977,0.994301974773407,0.9777777791023254
YNL154C,YGL173C,0,-4.854417,0.09227921813726425,0.994301974773407,0.9780626893043518
YDR463W,YDL143W,0,-4.855888,0.09225482493638992,0.994301974773407,0.9783475995063782
YKL058W,YDR284C,0,-4.856978,0.09223044663667679,0.994301974773407,0.9786324501037598
YJR068W,YPL137C,1,-4.858178,0.09247028082609177,0.9971510171890259,0.9786324501037598
YOR386W,YBR155W,0,-4.859056,0.09244585037231445,0.9971510171890259,0.9789173603057861
YJR068W,YGL003C,1,-4.8648653,0.0926855057477951,1.0,0.9789173603057861
YDR463W,YLR067C,0,-4.8771095,0.09266103804111481,1.0,0.9792022705078125
YML129C,YDR059C,0,-4.877179,0.0926365777850151,1.0,0.9794871807098389
YOR034C,YJR082C,0,-4.881009,0.0926121398806572,1.0,0.9797720909118652
YDL015C,YOR209C,0,-4.8843617,0.09258770942687988,1.0,0.9800570011138916
YDR120C,YPR016C,0,-4.8866487,0.09256329387426376,1.0,0.9803418517112732
YGL070C,YJR007W,0,-4.8878517,0.09253888577222824,1.0,0.9806267619132996
YHR114W,YKL085W,0,-4.896246,0.09251450002193451,1.0,0.9809116721153259
YGR262C,YOR239W,0,-4.9041224,0.09249012172222137,1.0,0.9811965823173523
YMR241W,YMR302C,0,-4.909073,0.09246575087308884,1.0,0.9814814925193787
YPL045W,YDR153C,0,-4.909134,0.09244140237569809,1.0,0.981766402721405
YER068W,YLR105C,0,-4.91311,0.09241706132888794,1.0,0.9820512533187866
YNL121C,YDL052C,0,-4.915021,0.09239273518323898,1.0,0.982336163520813
YNL091W,YPL262W,0,-4.9191504,0.09236842393875122,1.0,0.9826210737228394
YER035W,YGR185C,0,-4.9389887,0.09234412014484406,1.0,0.9829059839248657
YAL051W,YPR008W,0,-4.9521055,0.09231983125209808,1.0,0.9831908941268921
YGR231C,YDL143W,0,-4.9557395,0.0922955572605133,1.0,0.9834758043289185
YGR002C,YPL140C,0,-4.968832,0.09227129071950912,1.0,0.9837606549263
YGL071W,YBL093C,0,-4.9787803,0.09224704653024673,1.0,0.9840455651283264
YNL177C,YOR149C,0,-4.980403,0.09222280979156494,1.0,0.9843304753303528
YML129C,YPR008W,0,-4.9829206,0.09219858050346375,1.0,0.9846153855323792
YDR178W,YBR155W,0,-4.9869275,0.09217436611652374,1.0,0.9849002957344055
YGR048W,YCL052C,0,-4.99253,0.09215017408132553,1.0,0.9851852059364319
YOR168W,YPR016C,0,-4.995732,0.09212598204612732,1.0,0.9854700565338135
YOL088C,YPL045W,0,-4.9959793,0.0921018123626709,1.0,0.9857549667358398
YER169W,YML129C,0,-5.007969,0.09207765012979507,1.0,0.9860398769378662
YHR085W,YER006W,0,-5.0097656,0.09205350279808044,1.0,0.9863247871398926
YLR370C,YNL099C,0,-5.0156684,0.09202936291694641,1.0,0.986609697341919
YDR069C,YLR221C,0,-5.0190277,0.09200524538755417,1.0,0.9868946075439453
YKL148C,YDL150W,0,-5.023395,0.09198113530874252,1.0,0.9871794581413269
YER035W,YJL183W,0,-5.023528,0.09195703268051147,1.0,0.9874643683433533
YBR265W,YDR121W,0,-5.027935,0.09193295240402222,1.0,0.9877492785453796
YOL097C,YGL111W,0,-5.036257,0.09190887957811356,1.0,0.988034188747406
YHR016C,YGR128C,0,-5.048664,0.09188481420278549,1.0,0.9883190989494324
YKL129C,YGR123C,0,-5.052478,0.09186077117919922,1.0,0.9886040091514587
YEL013W,YKR087C,0,-5.056865,0.09183673560619354,1.0,0.9888888597488403
YLR191W,YDR164C,0,-5.066532,0.09181271493434906,1.0,0.9891737699508667
YBR265W,YGR002C,0,-5.0757694,0.09178870171308517,1.0,0.9894586801528931
YPR016C,YPL211W,0,-5.100833,0.09176470339298248,1.0,0.9897435903549194
YHR148W,YMR302C,0,-5.1548643,0.09174071997404099,1.0,0.9900285005569458
YML110C,YGR135W,0,-5.1725664,0.09171675145626068,1.0,0.9903134107589722
YNL039W,YDR359C,0,-5.1748114,0.09169279038906097,1.0,0.9905982613563538
YGR128C,YMR302C,0,-5.1937237,0.09166884422302246,1.0,0.9908831715583801
YIL048W,YMR149W,0,-5.206663,0.09164490550756454,1.0,0.9911680817604065
YNR054C,YGR128C,0,-5.2084303,0.09162098914384842,1.0,0.9914529919624329
YPR086W,YJL063C,0,-5.2142477,0.09159708023071289,1.0,0.9917379021644592
YOR122C,YDR302W,0,-5.2145295,0.09157317876815796,1.0,0.9920228123664856
YGR095C,YER082C,0,-5.218022,0.09154929220676422,1.0,0.9923076629638672
YPL139C,YMR039C,0,-5.219717,0.09152542054653168,1.0,0.9925925731658936
YPL020C,YHR150W,0,-5.2222953,0.09150156378746033,1.0,0.9928774833679199
YOL124C,YLL011W,0,-5.243675,0.09147771447896957,1.0,0.9931623935699463
YGR231C,YDR168W,0,-5.273365,0.09145388007164001,1.0,0.9934473037719727
YFL002C,YIR012W,0,-5.287915,0.09143006056547165,1.0,0.993732213973999
YDR121W,YDR045C,0,-5.2881813,0.09140624850988388,1.0,0.9940170645713806
YBR036C,YAL035W,0,-5.336842,0.0913824513554573,1.0,0.994301974773407
YDR121W,YDR069C,0,-5.392205,0.09135866910219193,1.0,0.9945868849754333
YML129C,YPR023C,0,-5.3952746,0.09133489429950714,1.0,0.9948717951774597
YHR085W,YLR276C,0,-5.418437,0.09131113439798355,1.0,0.9951567053794861
YKL117W,YOR157C,0,-5.438101,0.09128738939762115,1.0,0.9954416155815125
YNR054C,YDR087C,0,-5.4847336,0.09126365184783936,1.0,0.995726466178894
YDR265W,YDR392W,0,-5.5049777,0.09123992919921875,1.0,0.9960113763809204
YDR120C,YOR056C,0,-5.553837,0.09121621400117874,1.0,0.9962962865829468
YBR036C,YOR039W,0,-5.5705166,0.09119252115488052,1.0,0.9965811967849731
YHR019C,YML073C,0,-5.5760775,0.0911688283085823,1.0,0.9968661069869995
YDR324C,YER082C,0,-5.6277475,0.09114515781402588,1.0,0.9971510171890259
YMR239C,YOR056C,0,-5.665772,0.09112149477005005,1.0,0.9974358677864075
YFR050C,YOR157C,0,-5.7058315,0.09109784662723541,1.0,0.9977207779884338
YML110C,YPL084W,0,-5.7661896,0.09107420593500137,1.0,0.9980056881904602
YJL033W,YER006W,0,-5.786521,0.09105058014392853,1.0,0.9982905983924866
YER082C,YOR056C,0,-5.8202944,0.09102696925401688,1.0,0.9985755085945129
YLL011W,YLR409C,0,-5.8532276,0.09100337326526642,1.0,0.9988604187965393
YNL154C,YAL035W,0,-5.862544,0.09097978472709656,1.0,0.9991452693939209
YLL034C,YDR398W,0,-5.8976874,0.0909562036395073,1.0,0.9994301795959473
YHR148W,YMR239C,0,-5.911928,0.09093264490365982,1.0,0.9997150897979736
YML129C,YJR049C,0,-5.986741,0.09090909361839294,1.0,1.0
