Gene A,Gene B,Label,Score,Precision,Recall,False Positive Rate
YPR029C,YDR238C,0,-4.264031,0.0,0.0,0.00020161290012765676
YKL013C,YNL079C,1,-4.516586,0.5,0.002016128972172737,0.00020161290012765676
YKL013C,YDL029W,1,-4.6828218,0.6666666865348816,0.004032257944345474,0.00020161290012765676
YKL013C,YNR035C,1,-4.7305703,0.75,0.006048386916518211,0.00020161290012765676
YMR072W,YKL013C,1,-4.748639,0.800000011920929,0.008064515888690948,0.00020161290012765676
YIL062C,YDL029W,1,-4.7633185,0.8333333134651184,0.010080644860863686,0.00020161290012765676
YKL013C,YJR065C,1,-4.7771444,0.8571428656578064,0.012096773833036423,0.00020161290012765676
YPR131C,YNL079C,1,-4.7895565,0.875,0.01411290280520916,0.00020161290012765676
YNL079C,YLR043C,1,-4.8256526,0.8888888955116272,0.016129031777381897,0.00020161290012765676
YNL098C,YNL131W,0,-4.85844,0.800000011920929,0.016129031777381897,0.0004032258002553135
YMR112C,YMR149W,0,-4.894836,0.7272727489471436,0.016129031777381897,0.0006048387149348855
YIL062C,YKL013C,1,-4.910902,0.75,0.018145160749554634,0.0006048387149348855
YFL048C,YNL330C,0,-4.927694,0.692307710647583,0.018145160749554634,0.000806451600510627
YDL029W,YJR065C,1,-4.9280734,0.7142857313156128,0.02016128972172737,0.000806451600510627
YDL029W,YNL054W,1,-4.930886,0.7333333492279053,0.02217741869390011,0.000806451600510627
YBR199W,YMR200W,0,-4.9551725,0.6875,0.02217741869390011,0.0010080644860863686
YNR035C,YNL079C,1,-4.973211,0.7058823704719543,0.024193547666072845,0.0010080644860863686
YNR035C,YBR234C,1,-5.004593,0.7222222089767456,0.026209676638245583,0.0010080644860863686
YNL041C,YIL076W,0,-5.0150023,0.6842105388641357,0.026209676638245583,0.001209677429869771
YBR234C,YNL079C,1,-5.02452,0.699999988079071,0.02822580561041832,0.001209677429869771
YKL013C,YGR209C,1,-5.0368614,0.7142857313156128,0.030241934582591057,0.001209677429869771
YMR072W,YGR209C,1,-5.060218,0.7272727489471436,0.032258063554763794,0.001209677429869771
YLR370C,YNR035C,1,-5.072094,0.739130437374115,0.03427419438958168,0.001209677429869771
YMR072W,YDR150W,1,-5.0753417,0.75,0.03629032149910927,0.001209677429869771
YDL029W,YNL079C,1,-5.0828414,0.7599999904632568,0.038306452333927155,0.001209677429869771
YNR035C,YDL029W,1,-5.090657,0.7692307829856873,0.04032257944345474,0.001209677429869771
YMR072W,YLR370C,1,-5.100557,0.7777777910232544,0.04233871027827263,0.001209677429869771
YJR143C,YMR149W,0,-5.1040225,0.75,0.04233871027827263,0.0014112903736531734
YNL051W,YLR100W,0,-5.1163926,0.7241379022598267,0.04233871027827263,0.001612903201021254
YLR370C,YNL079C,1,-5.129986,0.7333333492279053,0.04435483738780022,0.001612903201021254
YKL054C,YFR051C,0,-5.1404405,0.7096773982048035,0.04435483738780022,0.0018145161448046565
YGL094C,YOR261C,0,-5.149683,0.6875,0.04435483738780022,0.002016128972172737
YMR072W,YDL006W,1,-5.1508965,0.6969696879386902,0.0463709682226181,0.002016128972172737
YDL029W,YAL010C,1,-5.164209,0.7058823704719543,0.04838709533214569,0.002016128972172737
YIL062C,YNR035C,1,-5.166693,0.7142857313156128,0.05040322616696358,0.002016128972172737
YDL006W,YNL079C,1,-5.173492,0.7222222089767456,0.052419353276491165,0.002016128972172737
YMR264W,YOR057W,0,-5.182607,0.7027027010917664,0.052419353276491165,0.0022177419159561396
YOR330C,YGL115W,0,-5.186606,0.6842105388641357,0.052419353276491165,0.002419354859739542
YDR164C,YGR046W,0,-5.196322,0.6666666865348816,0.052419353276491165,0.0026209678035229445
YFL009W,YBR210W,0,-5.216174,0.6499999761581421,0.052419353276491165,0.002822580747306347
YLR011W,YGL048C,0,-5.2337317,0.6341463327407837,0.052419353276491165,0.0030241934582591057
YGL084C,YPR100W,0,-5.238654,0.6190476417541504,0.052419353276491165,0.003225806402042508
YDL116W,YNL326C,0,-5.245781,0.604651153087616,0.052419353276491165,0.0034274193458259106
YLR127C,YPL161C,0,-5.2461286,0.5909090638160706,0.052419353276491165,0.003629032289609313
YMR072W,YNL054W,1,-5.2499046,0.6000000238418579,0.05443548411130905,0.003629032289609313
YMR072W,YNR035C,1,-5.2517076,0.6086956262588501,0.05645161122083664,0.003629032289609313
YMR135C,YDL065C,0,-5.2519426,0.5957446694374084,0.05645161122083664,0.0038306452333927155
YHR026W,YCR053W,0,-5.257508,0.5833333134651184,0.05645161122083664,0.004032257944345474
YNR035C,YJR065C,1,-5.2677684,0.5918367505073547,0.058467742055654526,0.004032257944345474
YNL177C,YJR104C,0,-5.2779717,0.5799999833106995,0.058467742055654526,0.00423387112095952
YGR057C,YHR012W,0,-5.279484,0.5686274766921997,0.058467742055654526,0.004435483831912279
YGL106W,YKL117W,0,-5.281134,0.557692289352417,0.058467742055654526,0.004637096542865038
YLR370C,YKL013C,1,-5.2905655,0.5660377144813538,0.060483869165182114,0.004637096542865038
YLR370C,YDL029W,1,-5.291927,0.5740740895271301,0.0625,0.004637096542865038
YOR147W,YEL013W,1,-5.2940283,0.581818163394928,0.06451612710952759,0.004637096542865038
YKL213C,YPR181C,0,-5.301765,0.5714285969734192,0.06451612710952759,0.004838709719479084
YEL062W,YMR284W,0,-5.3030334,0.5614035129547119,0.06451612710952759,0.005040322430431843
YBR200W,YOR117W,0,-5.311553,0.5517241358757019,0.06451612710952759,0.005241935607045889
YKL013C,YLR043C,1,-5.3295536,0.5593220591545105,0.06653226166963577,0.005241935607045889
YNR030W,YKL080W,0,-5.334631,0.550000011920929,0.06653226166963577,0.005443548317998648
YDL029W,YGR209C,1,-5.3377523,0.5573770403862,0.06854838877916336,0.005443548317998648
YLR078C,YDL235C,0,-5.338939,0.5483871102333069,0.06854838877916336,0.005645161494612694
YGL094C,YMR231W,0,-5.3408866,0.5396825671195984,0.06854838877916336,0.005846774205565453
YKL208W,YOR265W,0,-5.347631,0.53125,0.06854838877916336,0.006048386916518211
YJR001W,YLR212C,0,-5.3527074,0.5230769515037537,0.06854838877916336,0.0062500000931322575
YLR370C,YGR209C,1,-5.354606,0.5303030014038086,0.07056451588869095,0.0062500000931322575
YER142C,YGL048C,0,-5.358703,0.5223880410194397,0.07056451588869095,0.006451612804085016
YOL008W,YIL009C-A,0,-5.360141,0.5147058963775635,0.07056451588869095,0.006653225980699062
YMR072W,YDL029W,1,-5.3603997,0.52173912525177,0.07258064299821854,0.006653225980699062
YPL097W,YNL131W,0,-5.363808,0.5142857432365417,0.07258064299821854,0.006854838691651821
YOR150W,YOR362C,0,-5.3669653,0.5070422291755676,0.07258064299821854,0.00705645140260458
YNR035C,YLR043C,1,-5.36879,0.5138888955116272,0.07459677755832672,0.00705645140260458
YKL126W,YPR107C,0,-5.3765187,0.5068492889404297,0.07459677755832672,0.007258064579218626
YJR125C,YPL218W,0,-5.3808327,0.5,0.07459677755832672,0.007459677290171385
YNL014W,YBR298C,0,-5.385466,0.4933333396911621,0.07459677755832672,0.007661290466785431
YCR075C,YOL042W,0,-5.389027,0.4868420958518982,0.07459677755832672,0.00786290317773819
YDL029W,YOL009C,1,-5.393256,0.4935064911842346,0.07661290466785431,0.00786290317773819
YFL048C,YHR038W,0,-5.4020553,0.4871794879436493,0.07661290466785431,0.008064515888690948
YDR443C,YPR024W,0,-5.4085917,0.4810126721858978,0.07661290466785431,0.008266128599643707
YBR234C,YJR065C,1,-5.411416,0.48750001192092896,0.0786290317773819,0.008266128599643707
YPL178W,YML012W,0,-5.412059,0.48148149251937866,0.0786290317773819,0.00846774224191904
YJR065C,YNL079C,1,-5.41642,0.4878048896789551,0.08064515888690948,0.00846774224191904
YBR288C,YPR025C,0,-5.4318566,0.4819277226924896,0.08064515888690948,0.0086693549528718
YIL033C,YHR083W,0,-5.4538827,0.4761904776096344,0.08064515888690948,0.008870967663824558
YCR082W,YMR035W,0,-5.4596744,0.47058823704719543,0.08064515888690948,0.009072580374777317
YMR129W,YNL154C,0,-5.4608674,0.4651162922382355,0.08064515888690948,0.009274193085730076
YNL059C,YLR314C,0,-5.4609966,0.4597701132297516,0.08064515888690948,0.00947580672800541
YIL062C,YNL079C,1,-5.4628825,0.46590909361839294,0.08266129344701767,0.00947580672800541
YMR072W,YOR147W,1,-5.463864,0.47191011905670166,0.08467742055654526,0.00947580672800541
YDR141C,YNL253W,0,-5.4652166,0.46666666865348816,0.08467742055654526,0.009677419438958168
YMR072W,YLR043C,1,-5.4727015,0.47252747416496277,0.08669354766607285,0.009677419438958168
YLR138W,YPR173C,0,-5.474669,0.46739131212234497,0.08669354766607285,0.009879032149910927
YPR029C,YJL128C,0,-5.489581,0.46236559748649597,0.08669354766607285,0.010080644860863686
YJL167W,YER021W,0,-5.490303,0.457446813583374,0.08669354766607285,0.010282258503139019
YNL054W,YEL013W,1,-5.4915767,0.46315789222717285,0.08870967477560043,0.010282258503139019
YCR044C,YPL010W,0,-5.50866,0.4583333432674408,0.08870967477560043,0.010483871214091778
YJR065C,YGR209C,1,-5.511895,0.4639175236225128,0.09072580933570862,0.010483871214091778
YMR165C,YAL016W,0,-5.5168743,0.4591836631298065,0.09072580933570862,0.010685483925044537
YPR108W,YGR082W,0,-5.5182385,0.4545454680919647,0.09072580933570862,0.010887096635997295
YPR124W,YFL048C,0,-5.5211015,0.44999998807907104,0.09072580933570862,0.011088709346950054
YER107C,YJL124C,0,-5.521504,0.4455445408821106,0.09072580933570862,0.011290322989225388
YKR007W,YBL102W,0,-5.5233197,0.44117647409439087,0.09072580933570862,0.011491935700178146
YGL048C,YER125W,0,-5.5255265,0.43689319491386414,0.09072580933570862,0.011693548411130905
YIL062C,YGR209C,1,-5.5256763,0.4423076808452606,0.0927419364452362,0.011693548411130905
YDR311W,YMR260C,0,-5.528046,0.43809524178504944,0.0927419364452362,0.011895161122083664
YMR072W,YNL079C,1,-5.5300565,0.4433962404727936,0.0947580635547638,0.011895161122083664
YPR103W,YGR080W,0,-5.532227,0.4392523467540741,0.0947580635547638,0.012096773833036423
YPL010W,YDR292C,0,-5.5490522,0.43518519401550293,0.0947580635547638,0.012298387475311756
YNL272C,YJL176C,0,-5.5516844,0.43119266629219055,0.0947580635547638,0.012500000186264515
YNR035C,YOL009C,1,-5.554126,0.4363636374473572,0.09677419066429138,0.012500000186264515
YOR037W,YPL118W,0,-5.5556808,0.4324324429035187,0.09677419066429138,0.012701612897217274
YHR194W,YNL054W,1,-5.5566034,0.4375,0.09879032522439957,0.012701612897217274
YBR102C,YLR260W,0,-5.5636845,0.4336283206939697,0.09879032522439957,0.012903225608170033
YOL076W,YEL013W,1,-5.5637608,0.4385964870452881,0.10080645233392715,0.012903225608170033
YFL048C,YNL197C,0,-5.570539,0.43478259444236755,0.10080645233392715,0.013104838319122791
YKL057C,YGL213C,0,-5.576129,0.43103447556495667,0.10080645233392715,0.013306451961398125
YLR370C,YBR234C,1,-5.5797296,0.43589743971824646,0.10282257944345474,0.013306451961398125
YOR198C,YKR035W-A,0,-5.580013,0.43220338225364685,0.10282257944345474,0.013508064672350883
YNL099C,YBR218C,0,-5.5828266,0.4285714328289032,0.10282257944345474,0.013709677383303642
YCR093W,YFR014C,0,-5.584181,0.42500001192092896,0.10282257944345474,0.013911290094256401
YDR182W,YNR043W,0,-5.585569,0.42148759961128235,0.10282257944345474,0.01411290280520916
YNR035C,YGR209C,1,-5.587713,0.4262295067310333,0.10483870655298233,0.01411290280520916
YFR004W,YML055W,0,-5.5940857,0.42276424169540405,0.10483870655298233,0.014314516447484493
YPR131C,YDL006W,1,-5.5985837,0.42741936445236206,0.10685484111309052,0.014314516447484493
YLR386W,YEL013W,1,-5.601783,0.4320000112056732,0.1088709682226181,0.014314516447484493
YER021W,YER111C,0,-5.603521,0.4285714328289032,0.1088709682226181,0.014516129158437252
YKL013C,YBR234C,1,-5.6063876,0.4330708682537079,0.11088709533214569,0.014516129158437252
YAL041W,YHR190W,0,-5.607269,0.4296875,0.11088709533214569,0.01471774186939001
YLR386W,YNL054W,1,-5.608947,0.43410852551460266,0.11290322244167328,0.01471774186939001
YJR065C,YPR131C,1,-5.6097827,0.4384615421295166,0.11491935700178146,0.01471774186939001
YCR063W,YOR304W,0,-5.6105185,0.4351145029067993,0.11491935700178146,0.01491935458034277
YDL225W,YLR262C,0,-5.611026,0.4318181872367859,0.11491935700178146,0.015120967291295528
YLR370C,YJR065C,1,-5.6119757,0.43609023094177246,0.11693548411130905,0.015120967291295528
YIL062C,YLR043C,1,-5.613743,0.44029849767684937,0.11895161122083664,0.015120967291295528
YJR065C,YOL009C,1,-5.6154857,0.4444444477558136,0.12096773833036423,0.015120967291295528
YLR386W,YLR240W,1,-5.618152,0.4485294222831726,0.12298387289047241,0.015120967291295528
YDL029W,YOL076W,1,-5.6199136,0.45255473256111145,0.125,0.015120967291295528
YMR047C,YCL010C,0,-5.626839,0.4492753744125366,0.125,0.015322580933570862
YKL013C,YLR386W,1,-5.6276994,0.4532374143600464,0.1270161271095276,0.015322580933570862
YJL124C,YMR247C,0,-5.6283355,0.44999998807907104,0.1270161271095276,0.01552419364452362
YBR087W,YER019C-A,0,-5.6287494,0.44680851697921753,0.1270161271095276,0.01572580635547638
YOL049W,YGR132C,0,-5.629393,0.44366195797920227,0.1270161271095276,0.015927419066429138
YDL115C,YDR246W,0,-5.6302238,0.440559446811676,0.1270161271095276,0.016129031777381897
YOR117W,YNR031C,0,-5.6437874,0.4375,0.1270161271095276,0.016330644488334656
YNL079C,YNL054W,1,-5.6456237,0.4413793087005615,0.12903225421905518,0.016330644488334656
YOL089C,YFR051C,0,-5.6479506,0.4383561611175537,0.12903225421905518,0.016532257199287415
YDR137W,YPR189W,0,-5.6507936,0.4353741407394409,0.12903225421905518,0.016733871772885323
YNL272C,YDL190C,0,-5.652765,0.4324324429035187,0.12903225421905518,0.01693548448383808
YDL116W,YLR424W,0,-5.658344,0.42953020334243774,0.12903225421905518,0.01713709719479084
YNL253W,YLR447C,0,-5.658443,0.4266666769981384,0.12903225421905518,0.0173387099057436
YDR513W,YOR187W,0,-5.664884,0.42384105920791626,0.12903225421905518,0.017540322616696358
YBR218C,YPL083C,0,-5.6649203,0.42105263471603394,0.12903225421905518,0.017741935327649117
YGR268C,YGL053W,0,-5.6663237,0.41830065846443176,0.12903225421905518,0.017943548038601875
YMR299C,YJL146W,0,-5.6663356,0.41558441519737244,0.12903225421905518,0.018145160749554634
YKL011C,YJR102C,0,-5.6727095,0.41290321946144104,0.12903225421905518,0.018346773460507393
YPL096W,YNL167C,0,-5.6727395,0.41025641560554504,0.12903225421905518,0.01854838617146015
YER027C,YMR203W,0,-5.6743503,0.40764331817626953,0.12903225421905518,0.01875000074505806
YBR234C,YDL029W,1,-5.67641,0.4113923907279968,0.13104838132858276,0.01875000074505806
YKL013C,YPR131C,1,-5.6769834,0.4150943458080292,0.13306452333927155,0.01875000074505806
YKL108W,YDR145W,0,-5.681334,0.4124999940395355,0.13306452333927155,0.01895161345601082
YNL041C,YDR057W,0,-5.6818624,0.40993788838386536,0.13306452333927155,0.019153226166963577
YOR239W,YER027C,0,-5.6841664,0.40740740299224854,0.13306452333927155,0.019354838877916336
YCR071C,YMR188C,0,-5.686058,0.4049079716205597,0.13306452333927155,0.019556451588869095
YBR037C,YPR133W-A,0,-5.689614,0.40243902802467346,0.13306452333927155,0.019758064299821854
YIL062C,YJR065C,1,-5.6902204,0.4060606062412262,0.13508065044879913,0.019758064299821854
YJR140C,YLR350W,0,-5.6939178,0.40361446142196655,0.13508065044879913,0.019959677010774612
YGR206W,YML028W,0,-5.696771,0.401197612285614,0.13508065044879913,0.02016128972172737
YDR174W,YHR133C,0,-5.6991506,0.3988095223903656,0.13508065044879913,0.02036290243268013
YKL013C,YDL006W,1,-5.699878,0.40236687660217285,0.13709677755832672,0.02036290243268013
YPL178W,YGL094C,0,-5.702188,0.4000000059604645,0.13709677755832672,0.020564517006278038
YKL002W,YOR126C,0,-5.702399,0.3976608216762543,0.13709677755832672,0.020766129717230797
YML012W,YFR052W,0,-5.706889,0.39534884691238403,0.13709677755832672,0.020967742428183556
YGL127C,YNL088W,0,-5.711183,0.39306357502937317,0.13709677755832672,0.021169355139136314
YAL010C,YPR131C,1,-5.7113204,0.3965517282485962,0.1391129046678543,0.021169355139136314
YOL076W,YDL006W,1,-5.716701,0.4000000059604645,0.1411290317773819,0.021169355139136314
YGR206W,YNL149C,0,-5.716913,0.39772728085517883,0.1411290317773819,0.021370967850089073
YBR201W,YHR012W,0,-5.7182794,0.395480215549469,0.1411290317773819,0.021572580561041832
YPL006W,YDR276C,0,-5.719437,0.3932584226131439,0.1411290317773819,0.02177419327199459
YBL080C,YFR031C,0,-5.720395,0.3910614550113678,0.1411290317773819,0.02197580598294735
YOR080W,YGR186W,0,-5.7243915,0.3888888955116272,0.1411290317773819,0.02217741869390011
YMR092C,YJR006W,0,-5.7258725,0.3867403268814087,0.1411290317773819,0.022379031404852867
YLR370C,YNL054W,1,-5.727888,0.3901098966598511,0.14314515888690948,0.022379031404852867
YKL129C,YNL267W,0,-5.729008,0.38797813653945923,0.14314515888690948,0.022580645978450775
YMR198W,YGR099W,0,-5.7300334,0.385869562625885,0.14314515888690948,0.022782258689403534
YGL054C,YOL129W,0,-5.7306314,0.3837837874889374,0.14314515888690948,0.022983871400356293
YOR069W,YDR057W,0,-5.7308383,0.3817204236984253,0.14314515888690948,0.02318548411130905
YOL076W,YPR131C,1,-5.7327504,0.3850267231464386,0.14516128599643707,0.02318548411130905
YPR021C,YBL007C,0,-5.732858,0.38297873735427856,0.14516128599643707,0.02338709682226181
YLR330W,YPL208W,0,-5.732907,0.380952388048172,0.14516128599643707,0.02358870953321457
YGL129C,YDR477W,0,-5.7349877,0.378947377204895,0.14516128599643707,0.023790322244167328
YAL010C,YNL079C,1,-5.7367024,0.3821989595890045,0.14717741310596466,0.023790322244167328
YML104C,YNL054W,1,-5.7377295,0.3854166567325592,0.14919355511665344,0.023790322244167328
YLR228C,YFL022C,0,-5.738274,0.3834196925163269,0.14919355511665344,0.023991934955120087
YJR084W,YIL009C-A,0,-5.7411175,0.3814432919025421,0.14919355511665344,0.024193547666072845
YMR247C,YDR159W,0,-5.7411227,0.37948718667030334,0.14919355511665344,0.024395160377025604
YKL149C,YCR075C,0,-5.741491,0.37755101919174194,0.14919355511665344,0.024596774950623512
YJR031C,YDR027C,0,-5.744816,0.3756345212459564,0.14919355511665344,0.02479838766157627
YKL013C,YDR150W,1,-5.750117,0.3787878751754761,0.15120968222618103,0.02479838766157627
YDL029W,YLR386W,1,-5.754337,0.3819095492362976,0.15322580933570862,0.02479838766157627
YOR362C,YDR529C,0,-5.7549834,0.3799999952316284,0.15322580933570862,0.02500000037252903
YJL167W,YKR003W,0,-5.7565045,0.3781094551086426,0.15322580933570862,0.02520161308348179
YCR093W,YPR165W,0,-5.7579837,0.3762376308441162,0.15322580933570862,0.025403225794434547
YOR103C,YBR254C,0,-5.758843,0.37438422441482544,0.15322580933570862,0.025604838505387306
YMR072W,YJR065C,1,-5.7588925,0.37745097279548645,0.1552419364452362,0.025604838505387306
YPR120C,YML105C,0,-5.7629046,0.37560975551605225,0.1552419364452362,0.025806451216340065
YLR370C,YOL009C,1,-5.763123,0.3786407709121704,0.1572580635547638,0.025806451216340065
YNR035C,YNL304W,1,-5.7670226,0.38164252042770386,0.15927419066429138,0.025806451216340065
YKL113C,YBR049C,0,-5.768399,0.3798076808452606,0.15927419066429138,0.026008063927292824
YKL073W,YOL006C,0,-5.7708116,0.3779904246330261,0.15927419066429138,0.026209676638245583
YBR234C,YGR209C,1,-5.771976,0.380952388048172,0.16129031777381897,0.026209676638245583
YDL029W,YPR131C,1,-5.7730346,0.3838862478733063,0.16330644488334656,0.026209676638245583
YML067C,YNL090W,0,-5.77434,0.3820754587650299,0.16330644488334656,0.02641129121184349
YBR234C,YNL054W,1,-5.777973,0.3849765360355377,0.16532258689403534,0.02641129121184349
YDR507C,YMR060C,0,-5.778612,0.38317757844924927,0.16532258689403534,0.02661290392279625
YGR261C,YLR100W,0,-5.778645,0.3813953399658203,0.16532258689403534,0.026814516633749008
YKL179C,YBR185C,0,-5.778888,0.37962964177131653,0.16532258689403534,0.027016129344701767
YGR010W,YLR181C,0,-5.779271,0.37788018584251404,0.16532258689403534,0.027217742055654526
YOL042W,YHR060W,0,-5.783734,0.3761467933654785,0.16532258689403534,0.027419354766607285
YPL110C,YLR350W,0,-5.784352,0.37442922592163086,0.16532258689403534,0.027620967477560043
YNR035C,YLR386W,1,-5.785347,0.37727272510528564,0.16733871400356293,0.027620967477560043
YHR043C,YLR182W,0,-5.7872763,0.37556561827659607,0.16733871400356293,0.027822580188512802
YPR029C,YGL020C,0,-5.7887645,0.37387385964393616,0.16733871400356293,0.02802419289946556
YJR065C,YNL054W,1,-5.7887864,0.3766816258430481,0.16935484111309052,0.02802419289946556
YOL009C,YGR209C,1,-5.7913356,0.3794642984867096,0.1713709682226181,0.02802419289946556
YGR113W,YIL109C,0,-5.7972836,0.3777777850627899,0.1713709682226181,0.02822580561041832
YDL029W,YOR147W,1,-5.7984233,0.38053098320961,0.1733870953321457,0.02822580561041832
YDR343C,YOR372C,0,-5.7989845,0.3788546323776245,0.1733870953321457,0.028427420184016228
YLR310C,YDR189W,0,-5.799278,0.37719297409057617,0.1733870953321457,0.028629032894968987
YMR035W,YOL034W,0,-5.799294,0.375545859336853,0.1733870953321457,0.028830645605921745
YAL003W,YDL229W,0,-5.799547,0.373913049697876,0.1733870953321457,0.029032258316874504
YML104C,YEL013W,1,-5.801127,0.37662336230278015,0.17540322244167328,0.029032258316874504
YNL079C,YGR209C,1,-5.801593,0.37931033968925476,0.17741934955120087,0.029032258316874504
YHR024C,YOL122C,0,-5.805148,0.3776824176311493,0.17741934955120087,0.029233871027827263
YMR072W,YEL013W,1,-5.8066506,0.38034188747406006,0.17943547666072845,0.029233871027827263
YIL062C,YNL054W,1,-5.806788,0.38297873735427856,0.18145161867141724,0.029233871027827263
YKL059C,YPL180W,0,-5.807574,0.3813559412956238,0.18145161867141724,0.02943548373878002
YBL047C,YOR117W,0,-5.8080187,0.37974682450294495,0.18145161867141724,0.02963709644973278
YMR184W,YDR174W,0,-5.808444,0.3781512677669525,0.18145161867141724,0.02983870916068554
YPR072W,YMR197C,0,-5.8097534,0.3765690326690674,0.18145161867141724,0.030040321871638298
YJR060W,YBL058W,0,-5.812118,0.375,0.18145161867141724,0.030241934582591057
YBR160W,YBL090W,0,-5.812898,0.37344399094581604,0.18145161867141724,0.030443549156188965
YHR133C,YBL057C,0,-5.8139925,0.3719008266925812,0.18145161867141724,0.030645161867141724
YIL062C,YOL009C,1,-5.8140244,0.374485582113266,0.18346774578094482,0.030645161867141724
YDL029W,YEL013W,1,-5.8143144,0.37704917788505554,0.1854838728904724,0.030645161867141724
YPL221W,YGL251C,0,-5.8174644,0.37551021575927734,0.1854838728904724,0.030846774578094482
YBR234C,YLR386W,1,-5.818391,0.37804877758026123,0.1875,0.030846774578094482
YDL164C,YDR320C,0,-5.820152,0.37651821970939636,0.1875,0.03104838728904724
YBR234C,YLR043C,1,-5.8224826,0.3790322542190552,0.1895161271095276,0.03104838728904724
YOR241W,YMR129W,0,-5.823531,0.37751004099845886,0.1895161271095276,0.03125
YLR310C,YCL051W,0,-5.825091,0.37599998712539673,0.1895161271095276,0.03145161271095276
YNR035C,YPR131C,1,-5.826896,0.3784860670566559,0.19153225421905518,0.03145161271095276
YER017C,YJL004C,0,-5.8280754,0.3769841194152832,0.19153225421905518,0.03165322542190552
YPL174C,YDR189W,0,-5.828196,0.3754940629005432,0.19153225421905518,0.031854838132858276
YLR260W,YNL177C,0,-5.829041,0.374015748500824,0.19153225421905518,0.032056450843811035
YBR234C,YPR131C,1,-5.8292403,0.3764705955982208,0.19354838132858276,0.032056450843811035
YKL013C,YNL304W,1,-5.8296647,0.37890625,0.19556452333927155,0.032056450843811035
YLR386W,YDR495C,1,-5.831786,0.3813229501247406,0.19758065044879913,0.032056450843811035
YPR131C,YNL304W,1,-5.833923,0.38372093439102173,0.19959677755832672,0.032056450843811035
YPR072W,YLR025W,0,-5.837334,0.38223937153816223,0.19959677755832672,0.032258063554763794
YKL149C,YIL026C,0,-5.8422513,0.3807692229747772,0.19959677755832672,0.03245967626571655
YER027C,YBR254C,0,-5.843105,0.37931033968925476,0.19959677755832672,0.03266128897666931
YMR076C,YDR078C,0,-5.8454623,0.3778626024723053,0.19959677755832672,0.03286290168762207
YMR091C,YCL031C,0,-5.8455873,0.3764258623123169,0.19959677755832672,0.03306451439857483
YLR259C,YLR163C,0,-5.8481154,0.375,0.19959677755832672,0.033266130834817886
YGL173C,YER022W,0,-5.848352,0.37358489632606506,0.19959677755832672,0.033467743545770645
YGL011C,YGR048W,0,-5.8491654,0.3721804618835449,0.19959677755832672,0.033669356256723404
YOR036W,YBL064C,0,-5.84961,0.37078651785850525,0.19959677755832672,0.03387096896767616
YFR024C-A,YDR394W,0,-5.854013,0.3694029748439789,0.19959677755832672,0.03407258167862892
YKL046C,YDR362C,0,-5.8581424,0.36802974343299866,0.19959677755832672,0.03427419438958168
YMR072W,YAL010C,1,-5.858724,0.37037035822868347,0.2016129046678543,0.03427419438958168
YGR132C,YOL122C,0,-5.859895,0.36900368332862854,0.2016129046678543,0.03447580710053444
YOR130C,YIL076W,0,-5.8601327,0.36764705181121826,0.2016129046678543,0.0346774198114872
YDR141C,YMR302C,0,-5.86054,0.3663003742694855,0.2016129046678543,0.03487903252243996
YLL050C,YIL068C,0,-5.8605704,0.36496350169181824,0.2016129046678543,0.035080645233392715
YNL123W,YDR164C,0,-5.8605943,0.3636363744735718,0.2016129046678543,0.035282257944345474
YBL050W,YOR035C,0,-5.8606153,0.36231884360313416,0.2016129046678543,0.03548387065529823
YDL006W,YLR386W,1,-5.8608003,0.3646209239959717,0.2036290317773819,0.03548387065529823
YOL067C,YDR388W,0,-5.8645062,0.3633093535900116,0.2036290317773819,0.03568548336625099
YCR094W,YOR073W,0,-5.8655224,0.36200717091560364,0.2036290317773819,0.03588709607720375
YBL082C,YIL106W,0,-5.867873,0.36071428656578064,0.2036290317773819,0.03608870878815651
YER049W,YLR409C,0,-5.868363,0.35943061113357544,0.2036290317773819,0.03629032149910927
YBR109C,YBR049C,0,-5.868531,0.3581560254096985,0.2036290317773819,0.03649193421006203
YML024W,YHR203C,0,-5.871757,0.356890469789505,0.2036290317773819,0.036693546921014786
YKL002W,YGL153W,0,-5.8727593,0.35563379526138306,0.2036290317773819,0.036895159631967545
YJR070C,YDR381W,0,-5.8727612,0.35438597202301025,0.2036290317773819,0.0370967723429203
YIL062C,YLR370C,1,-5.874177,0.35664334893226624,0.20564515888690948,0.0370967723429203
YBL057C,YGR020C,0,-5.8751407,0.3554007112979889,0.20564515888690948,0.03729838877916336
YOR028C,YGL210W,0,-5.8753314,0.3541666567325592,0.20564515888690948,0.03750000149011612
YKL016C,YNL257C,0,-5.875711,0.3529411852359772,0.20564515888690948,0.03770161420106888
YBR017C,YOR123C,0,-5.878432,0.35172414779663086,0.20564515888690948,0.03790322691202164
YGR262C,YFL009W,0,-5.8788266,0.3505154550075531,0.20564515888690948,0.038104839622974396
YPL059W,YOL003C,0,-5.8794236,0.3493150770664215,0.20564515888690948,0.038306452333927155
YFL033C,YOR089C,0,-5.8795033,0.34812286496162415,0.20564515888690948,0.03850806504487991
YMR080C,YGL115W,0,-5.8797717,0.3469387888908386,0.20564515888690948,0.03870967775583267
YJL053W,YPL180W,0,-5.8805776,0.345762699842453,0.20564515888690948,0.03891129046678543
YDR175C,YDR477W,0,-5.8811097,0.3445945978164673,0.20564515888690948,0.03911290317773819
YPL051W,YER146W,0,-5.882092,0.34343433380126953,0.20564515888690948,0.03931451588869095
YPL042C,YKL140W,0,-5.8836503,0.34228187799453735,0.20564515888690948,0.03951612859964371
YMR270C,YAR003W,0,-5.8872294,0.3411371111869812,0.20564515888690948,0.039717741310596466
YAL010C,YGR209C,1,-5.8898253,0.34333333373069763,0.20766128599643707,0.039717741310596466
YKR095W,YNL088W,0,-5.8949275,0.342192679643631,0.20766128599643707,0.039919354021549225
YPR131C,YLR043C,1,-5.8954453,0.34437087178230286,0.20967741310596466,0.039919354021549225
YKL013C,YOL009C,1,-5.8968697,0.3465346395969391,0.21169355511665344,0.039919354021549225
YLR361C,YBL017C,0,-5.897048,0.34539473056793213,0.21169355511665344,0.040120966732501984
YER083C,YGR172C,0,-5.897217,0.3442623019218445,0.21169355511665344,0.04032257944345474
YJR089W,YOL116W,0,-5.899262,0.343137264251709,0.21169355511665344,0.0405241921544075
YPL110C,YHR050W,0,-5.8994594,0.34201955795288086,0.21169355511665344,0.04072580486536026
YKL182W,YNL246W,0,-5.9023113,0.34090909361839294,0.21169355511665344,0.04092741757631302
YMR072W,YLR386W,1,-5.9039216,0.3430420756340027,0.21370968222618103,0.04092741757631302
YOR147W,YNL079C,1,-5.904411,0.3451612889766693,0.21572580933570862,0.04092741757631302
YFR041C,YPL209C,0,-5.9044933,0.34405145049095154,0.21572580933570862,0.041129034012556076
YJL073W,YML038C,0,-5.9061856,0.34294870495796204,0.21572580933570862,0.041330646723508835
YLR398C,YNL154C,0,-5.906231,0.3418530225753784,0.21572580933570862,0.041532259434461594
YDL142C,YDR284C,0,-5.907451,0.3407643437385559,0.21572580933570862,0.04173387214541435
YOR147W,YDR150W,1,-5.9082274,0.34285715222358704,0.2177419364452362,0.04173387214541435
YOR335C,YJL134W,0,-5.9083934,0.3417721390724182,0.2177419364452362,0.04193548485636711
YOR076C,YJR086W,0,-5.912373,0.34069401025772095,0.2177419364452362,0.04213709756731987
YDR118W,YNL098C,0,-5.9129624,0.3396226465702057,0.2177419364452362,0.04233871027827263
YKL013C,YLR190W,1,-5.914425,0.3416927754878998,0.2197580635547638,0.04233871027827263
YPL110C,YER021W,0,-5.914801,0.34062498807907104,0.2197580635547638,0.04254032298922539
YKL192C,YNL135C,0,-5.9170537,0.33956387639045715,0.2197580635547638,0.042741935700178146
YLR429W,YML051W,0,-5.924216,0.33850932121276855,0.2197580635547638,0.042943548411130905
YML071C,YER112W,0,-5.9255905,0.33746129274368286,0.2197580635547638,0.043145161122083664
YGL113W,YOL148C,0,-5.930943,0.3364197611808777,0.2197580635547638,0.04334677383303642
YOR067C,YBR265W,0,-5.931137,0.3353846073150635,0.2197580635547638,0.04354838654398918
YLR309C,YDR137W,0,-5.9324336,0.33435583114624023,0.2197580635547638,0.04374999925494194
YOR147W,YLR386W,1,-5.9329495,0.3363914489746094,0.22177419066429138,0.04374999925494194
YPL037C,YKL080W,0,-5.9346423,0.3353658616542816,0.22177419066429138,0.0439516119658947
YDR335W,YOR087W,0,-5.938745,0.3343465030193329,0.22177419066429138,0.04415322467684746
YDL195W,YKL196C,0,-5.9388075,0.3333333432674408,0.22177419066429138,0.04435483738780022
YPL243W,YPR024W,0,-5.9413,0.3323262929916382,0.22177419066429138,0.044556450098752975
YDL099W,YGL106W,0,-5.9419613,0.3313252925872803,0.22177419066429138,0.044758062809705734
YIR006C,YNL131W,0,-5.942143,0.33033034205436707,0.22177419066429138,0.04495967924594879
YER016W,YJR082C,0,-5.94317,0.329341322183609,0.22177419066429138,0.04516129195690155
YOR149C,YJL141C,0,-5.9435906,0.3283582031726837,0.22177419066429138,0.04536290466785431
YLR330W,YNL070W,0,-5.945905,0.3273809552192688,0.22177419066429138,0.04556451737880707
YLR190W,YEL013W,1,-5.94655,0.32937684655189514,0.22379031777381897,0.04556451737880707
YGL005C,YPR139C,0,-5.9501,0.3284023702144623,0.22379031777381897,0.04576613008975983
YKL135C,YBR200W,0,-5.95151,0.32743361592292786,0.22379031777381897,0.045967742800712585
YJL112W,YGR199W,0,-5.9543204,0.32647058367729187,0.22379031777381897,0.046169355511665344
YOR321W,YPR088C,0,-5.9544935,0.32551318407058716,0.22379031777381897,0.0463709682226181
YPL227C,YOL090W,0,-5.956324,0.3245614171028137,0.22379031777381897,0.04657258093357086
YMR072W,YOL009C,1,-5.958428,0.3265306055545807,0.22580644488334656,0.04657258093357086
YEL066W,YBR273C,0,-5.9615993,0.3255814015865326,0.22580644488334656,0.04677419364452362
YIL062C,YLR386W,1,-5.9616137,0.3275362253189087,0.22782258689403534,0.04677419364452362
YML088W,YDR486C,0,-5.9644027,0.32658958435058594,0.22782258689403534,0.04697580635547638
YEL037C,YGL210W,0,-5.964709,0.3256484270095825,0.22782258689403534,0.04717741906642914
YBR234C,YDL006W,1,-5.9648395,0.32758620381355286,0.22983871400356293,0.04717741906642914
YCL051W,YDR192C,0,-5.966413,0.32664754986763,0.22983871400356293,0.0473790317773819
YMR004W,YPL096W,0,-5.9677763,0.3257142901420593,0.22983871400356293,0.047580644488334656
YDR150W,YEL013W,1,-5.9682336,0.3276353180408478,0.23185484111309052,0.047580644488334656
YAL010C,YLR386W,1,-5.9687114,0.3295454680919647,0.2338709682226181,0.047580644488334656
YDL213C,YPR094W,0,-5.9688907,0.32861191034317017,0.2338709682226181,0.047782257199287415
YBL009W,YFL048C,0,-5.969292,0.32768362760543823,0.2338709682226181,0.04798386991024017
YNR035C,YOL076W,1,-5.969877,0.3295774757862091,0.2358870953321457,0.04798386991024017
YDL029W,YDL006W,1,-5.9711595,0.3314606845378876,0.23790322244167328,0.04798386991024017
YDL006W,YEL013W,1,-5.974154,0.3333333432674408,0.23991934955120087,0.04798386991024017
YLR190W,YDL006W,1,-5.9764524,0.33519554138183594,0.24193547666072845,0.04798386991024017
YNL079C,YEL013W,1,-5.9768376,0.33704736828804016,0.24395161867141724,0.04798386991024017
YML104C,YDL006W,1,-5.9771566,0.33888888359069824,0.24596774578094482,0.04798386991024017
YOL076W,YAL029C,1,-5.977615,0.3407202363014221,0.2479838728904724,0.04798386991024017
YCR044C,YLR410W,0,-5.9784904,0.3397790193557739,0.2479838728904724,0.04818548262119293
YKL013C,YNL054W,1,-5.978508,0.3415977954864502,0.25,0.04818548262119293
YLR190W,YDR150W,1,-5.979178,0.3434065878391266,0.2520161271095276,0.04818548262119293
YDR118W,YNL233W,0,-5.9811716,0.34246575832366943,0.2520161271095276,0.04838709533214569
YGR157W,YGR170W,0,-5.981313,0.34153005480766296,0.2520161271095276,0.04858870804309845
YPL178W,YER009W,0,-5.9814982,0.3405994474887848,0.2520161271095276,0.04879032075405121
YGL012W,YPR102C,0,-5.9816127,0.3396739065647125,0.2520161271095276,0.048991937190294266
YMR231W,YGR199W,0,-5.9832897,0.3387534022331238,0.2520161271095276,0.049193549901247025
YHR166C,YDR393W,0,-5.9836044,0.3378378450870514,0.2520161271095276,0.04939516261219978
YKL213C,YBL017C,0,-5.9881644,0.33692723512649536,0.2520161271095276,0.04959677532315254
YGR267C,YDR037W,0,-5.9891124,0.3360215127468109,0.2520161271095276,0.0497983880341053
YAL010C,YOR147W,1,-5.99234,0.33780160546302795,0.2540322542190552,0.0497983880341053
YNL051W,YCR042C,0,-5.992561,0.3368983864784241,0.2540322542190552,0.05000000074505806
YNL094W,YHR001W,0,-5.99455,0.335999995470047,0.2540322542190552,0.05020161345601082
YOR198C,YPL042C,0,-5.9954953,0.33510637283325195,0.2540322542190552,0.05040322616696358
YFR041C,YDR175C,0,-5.995888,0.33421751856803894,0.2540322542190552,0.050604838877916336
YJR110W,YNR048W,0,-5.9963145,0.3333333432674408,0.2540322542190552,0.050806451588869095
YHR108W,YDR434W,0,-5.997395,0.33245381712913513,0.2540322542190552,0.051008064299821854
YLR028C,YLR403W,0,-5.998143,0.33157894015312195,0.2540322542190552,0.05120967701077461
YER105C,YJL061W,0,-5.9988527,0.33070865273475647,0.2540322542190552,0.05141128972172737
YML065W,YKL018W,0,-5.9994645,0.3298429250717163,0.2540322542190552,0.05161290243268013
YDL006W,YDR495C,1,-6.0003123,0.3315926790237427,0.25604838132858276,0.05161290243268013
YMR212C,YGL210W,0,-6.0018106,0.3307291567325592,0.25604838132858276,0.05181451514363289
YKL016C,YDR059C,0,-6.002009,0.3298701345920563,0.25604838132858276,0.05201612785458565
YMR072W,YMR204C,1,-6.0036244,0.3316062092781067,0.25806450843811035,0.05201612785458565
YHR175W,YLR166C,0,-6.005379,0.33074936270713806,0.25806450843811035,0.052217740565538406
YHR142W,YDL225W,0,-6.0056515,0.3298968970775604,0.25806450843811035,0.052419353276491165
YPR181C,YNL154C,0,-6.007428,0.32904884219169617,0.25806450843811035,0.052620965987443924
YNR035C,YAL010C,1,-6.00962,0.33076924085617065,0.26008063554763794,0.052620965987443924
YDL074C,YOR332W,0,-6.0126843,0.32992327213287354,0.26008063554763794,0.05282258242368698
YOR025W,YOL115W,0,-6.013476,0.32908162474632263,0.26008063554763794,0.05302419513463974
YPR030W,YHR091C,0,-6.0142074,0.32824426889419556,0.26008063554763794,0.0532258078455925
YGL090W,YOR363C,0,-6.0143237,0.3274111747741699,0.26008063554763794,0.05342742055654526
YBR133C,YDR325W,0,-6.014631,0.32658228278160095,0.26008063554763794,0.053629033267498016
YAL010C,YNL054W,1,-6.015282,0.32828283309936523,0.2620967626571655,0.053629033267498016
YPR037C,YDR057W,0,-6.0154767,0.32745590806007385,0.2620967626571655,0.053830645978450775
YJL071W,YBR198C,0,-6.016256,0.32663315534591675,0.2620967626571655,0.054032258689403534
YGR252W,YOR014W,0,-6.020326,0.32581454515457153,0.2620967626571655,0.05423387140035629
YFL009W,YLR106C,0,-6.020788,0.32499998807907104,0.2620967626571655,0.05443548411130905
YJR089W,YOR008C,0,-6.02099,0.32418951392173767,0.2620967626571655,0.05463709682226181
YER016W,YOL038W,0,-6.021363,0.323383092880249,0.2620967626571655,0.05483870953321457
YMR072W,YDR495C,1,-6.0255923,0.3250620365142822,0.2641128897666931,0.05483870953321457
YDR301W,YPL045W,0,-6.026051,0.32425743341445923,0.2641128897666931,0.05504032224416733
YKL013C,YAL010C,1,-6.026834,0.32592591643333435,0.2661290466785431,0.05504032224416733
YFR013W,YMR073C,0,-6.029693,0.3251231610774994,0.2661290466785431,0.05524193495512009
YNL071W,YOL004W,0,-6.0297647,0.3243243098258972,0.2661290466785431,0.055443547666072845
YAL010C,YLR190W,1,-6.031628,0.32598039507865906,0.2681451737880707,0.055443547666072845
YLR418C,YML127W,0,-6.033839,0.32518336176872253,0.2681451737880707,0.055645160377025604
YOR244W,YBR179C,0,-6.033919,0.3243902325630188,0.2681451737880707,0.05584677308797836
YMR313C,YBR273C,0,-6.0342546,0.32360097765922546,0.2681451737880707,0.05604838579893112
YGR246C,YOL008W,0,-6.0393863,0.32281553745269775,0.2681451737880707,0.05624999850988388
YDR378C,YOL148C,0,-6.0398145,0.32203391194343567,0.2681451737880707,0.05645161122083664
YNL239W,YLR039C,0,-6.0423837,0.32125604152679443,0.2681451737880707,0.0566532276570797
YDR205W,YMR022W,0,-6.0435653,0.32048192620277405,0.2681451737880707,0.056854840368032455
YOR147W,YLR190W,1,-6.044624,0.32211539149284363,0.27016130089759827,0.056854840368032455
YGL191W,YLL060C,0,-6.046441,0.32134291529655457,0.27016130089759827,0.057056453078985214
YDL101C,YOL094C,0,-6.047598,0.32057416439056396,0.27016130089759827,0.05725806578993797
YJR076C,YGR222W,0,-6.047733,0.31980907917022705,0.27016130089759827,0.05745967850089073
YBR234C,YOL009C,1,-6.049299,0.3214285671710968,0.27217742800712585,0.05745967850089073
YNR027W,YOL045W,0,-6.049379,0.3206650912761688,0.27217742800712585,0.05766129121184349
YCL008C,YMR273C,0,-6.053111,0.31990522146224976,0.27217742800712585,0.05786290392279625
YNL051W,YOL115W,0,-6.053514,0.3191489279270172,0.27217742800712585,0.05806451663374901
YOL051W,YDR122W,0,-6.0539584,0.3183962404727936,0.27217742800712585,0.05826612934470177
YKL185W,YGR199W,0,-6.05417,0.3176470696926117,0.27217742800712585,0.058467742055654526
YPR131C,YLR386W,1,-6.057503,0.31924882531166077,0.27419355511665344,0.058467742055654526
YNR035C,YDL006W,1,-6.0582347,0.3208431005477905,0.27620968222618103,0.058467742055654526
YPL008W,YML048W,0,-6.0587697,0.32009345293045044,0.27620968222618103,0.058669354766607285
YLR043C,YNL304W,1,-6.059416,0.3216783106327057,0.2782258093357086,0.058669354766607285
YPL164C,YDR457W,0,-6.0612435,0.32093024253845215,0.2782258093357086,0.05887096747756004
YGR134W,YBL020W,0,-6.062719,0.3201856017112732,0.2782258093357086,0.0590725801885128
YPR029C,YBR173C,0,-6.06305,0.3194444477558136,0.2782258093357086,0.05927419289946556
YDR231C,YNL246W,0,-6.0646358,0.3187066912651062,0.2782258093357086,0.05947580561041832
YGL126W,YOR187W,0,-6.0654855,0.3179723620414734,0.2782258093357086,0.05967741832137108
YLR060W,YGL067W,0,-6.0660577,0.317241370677948,0.2782258093357086,0.05987903103232384
YMR204C,YOR147W,1,-6.0667586,0.31880733370780945,0.2802419364452362,0.05987903103232384
YMR072W,YIL062C,1,-6.067,0.32036614418029785,0.2822580635547638,0.05987903103232384
YAL026C,YKR001C,0,-6.0683866,0.31963470578193665,0.2822580635547638,0.060080643743276596
YMR161W,YFR004W,0,-6.068706,0.31890660524368286,0.2822580635547638,0.060282256454229355
YMR080C,YOR001W,0,-6.0691895,0.3181818127632141,0.2822580635547638,0.060483869165182114
YPL091W,YGL095C,0,-6.071386,0.3174603283405304,0.2822580635547638,0.06068548560142517
YHR001W,YJL156C,0,-6.0736356,0.31674209237098694,0.2822580635547638,0.06088709831237793
YHR194W,YOR147W,1,-6.0737605,0.31828442215919495,0.2842741906642914,0.06088709831237793
YGR038W,YAL009W,0,-6.0737677,0.3175675570964813,0.2842741906642914,0.06108871102333069
YJL003W,YAR007C,0,-6.0768733,0.31685394048690796,0.2842741906642914,0.06129032373428345
YPR188C,YOR076C,0,-6.077758,0.3161434829235077,0.2842741906642914,0.061491936445236206
YKL002W,YMR029C,0,-6.0795617,0.3154362440109253,0.2842741906642914,0.061693549156188965
YOL063C,YKL046C,0,-6.082087,0.3147321343421936,0.2842741906642914,0.061895161867141724
YJR068W,YFL008W,0,-6.082275,0.314031183719635,0.2842741906642914,0.06209677457809448
YKL204W,YHL003C,0,-6.0831046,0.31333333253860474,0.2842741906642914,0.06229838728904724
YGR157W,YEL034W,0,-6.0831704,0.3126385807991028,0.2842741906642914,0.0625
YJL034W,YMR284W,0,-6.0832944,0.31194689869880676,0.2842741906642914,0.06270161271095276
YNR035C,YOR147W,1,-6.084209,0.31346577405929565,0.28629031777381897,0.06270161271095276
YDL200C,YLR154C,0,-6.08448,0.3127753436565399,0.28629031777381897,0.06290322542190552
YOL076W,YNL079C,1,-6.0854063,0.3142857253551483,0.28830644488334656,0.06290322542190552
YNL020C,YFL005W,0,-6.0881457,0.3135964870452881,0.28830644488334656,0.06310483813285828
YJL091C,YPR067W,0,-6.091496,0.3129102885723114,0.28830644488334656,0.06330645084381104
YBR290W,YKR001C,0,-6.0928683,0.3122270703315735,0.28830644488334656,0.0635080635547638
YLR078C,YPR108W,0,-6.093791,0.31154683232307434,0.28830644488334656,0.06370967626571655
YLR384C,YPR010C,0,-6.0947127,0.31086957454681396,0.28830644488334656,0.06391128897666931
YJR045C,YMR067C,0,-6.097031,0.3101952373981476,0.28830644488334656,0.06411290168762207
YML061C,YMR006C,0,-6.0981345,0.3095238208770752,0.28830644488334656,0.06431451439857483
YLR011W,YGR099W,0,-6.098714,0.3088552951812744,0.28830644488334656,0.06451612710952759
YOR257W,YMR201C,0,-6.099623,0.30818966031074524,0.28830644488334656,0.06471773982048035
YJR065C,YLR043C,1,-6.0999846,0.3096774220466614,0.29032257199287415,0.06471773982048035
YOL117W,YJR110W,0,-6.100285,0.30901288986206055,0.29032257199287415,0.0649193525314331
YBR107C,YKL140W,0,-6.1006875,0.30835118889808655,0.29032257199287415,0.06512096524238586
YLR190W,YLR043C,1,-6.1011314,0.30982905626296997,0.29233869910240173,0.06512096524238586
YDR295C,YPR018W,0,-6.102782,0.3091684579849243,0.29233869910240173,0.06532257795333862
YIR006C,YKR002W,0,-6.1040893,0.3085106313228607,0.29233869910240173,0.06552419066429138
YHR108W,YDL019C,0,-6.1053123,0.30785563588142395,0.29233869910240173,0.06572580337524414
YGL116W,YNL121C,0,-6.1058087,0.30720338225364685,0.29233869910240173,0.0659274160861969
YIL004C,YHL034C,0,-6.106153,0.3065539002418518,0.29233869910240173,0.06612902879714966
YJR065C,YLR386W,1,-6.1074476,0.3080168664455414,0.2943548262119293,0.06612902879714966
YJR065C,YLR240W,1,-6.107779,0.3094736933708191,0.2963709533214569,0.06612902879714966
YPL195W,YIL097W,0,-6.1082034,0.30882352590560913,0.2963709533214569,0.06633064150810242
YLR361C,YAL034W-A,0,-6.1114755,0.30817610025405884,0.2963709533214569,0.06653226166963577
YDL029W,YDR150W,1,-6.113496,0.3096234202384949,0.2983871102333069,0.06653226166963577
YDR038C,YOR321W,0,-6.113724,0.30897703766822815,0.2983871102333069,0.06673387438058853
YGR261C,YDR159W,0,-6.114755,0.3083333373069763,0.2983871102333069,0.06693548709154129
YLR370C,YLR386W,1,-6.114878,0.3097712993621826,0.3004032373428345,0.06693548709154129
YHR194W,YLR386W,1,-6.116008,0.31120333075523376,0.30241936445236206,0.06693548709154129
YML104C,YLR386W,1,-6.1165395,0.3126294016838074,0.30443549156188965,0.06693548709154129
YIL062C,YBR234C,1,-6.117498,0.3140496015548706,0.30645161867141724,0.06693548709154129
YFR021W,YGL124C,0,-6.117517,0.31340205669403076,0.30645161867141724,0.06713709980249405
YOR109W,YCR033W,0,-6.1177707,0.3127571940422058,0.30645161867141724,0.06733871251344681
YGR244C,YPL029W,0,-6.118281,0.31211498379707336,0.30645161867141724,0.06754032522439957
YMR199W,YDL161W,0,-6.1186547,0.31147539615631104,0.30645161867141724,0.06774193793535233
YFR052W,YDR164C,0,-6.1200566,0.3108384311199188,0.30645161867141724,0.06794355064630508
YKL019W,YFL037W,0,-6.12026,0.31020408868789673,0.30645161867141724,0.06814516335725784
YNL188W,YER125W,0,-6.1209693,0.3095723092556,0.30645161867141724,0.0683467760682106
YDR389W,YDR393W,0,-6.1212883,0.30894309282302856,0.30645161867141724,0.06854838877916336
YBR234C,YAL010C,1,-6.1214495,0.3103448152542114,0.3084677457809448,0.06854838877916336
YGR209C,YEL013W,1,-6.123173,0.311740905046463,0.3104838728904724,0.06854838877916336
YLR330W,YBL080C,0,-6.1257005,0.31111112236976624,0.3104838728904724,0.06875000149011612
YOL076W,YCL063W,1,-6.1264896,0.3125,0.3125,0.06875000149011612
YDR424C,YDR279W,0,-6.128082,0.3118712306022644,0.3125,0.06895161420106888
YIL112W,YIL042C,0,-6.128856,0.31124499440193176,0.3125,0.06915322691202164
YIL026C,YDL225W,0,-6.1293044,0.3106212317943573,0.3125,0.0693548396229744
YGL227W,YPL206C,0,-6.132044,0.3100000023841858,0.3125,0.06955645233392715
YIL139C,YMR270C,0,-6.132265,0.30938124656677246,0.3125,0.06975806504487991
YIL065C,YJL041W,0,-6.132772,0.3087649345397949,0.3125,0.06995967775583267
YOR038C,YDL195W,0,-6.1329904,0.30815109610557556,0.3125,0.07016129046678543
YPR102C,YKL080W,0,-6.1332397,0.3075396716594696,0.3125,0.07036290317773819
YOR194C,YML115C,0,-6.1334467,0.30693069100379944,0.3125,0.07056451588869095
YLR226W,YLR292C,0,-6.133742,0.3063241243362427,0.3125,0.07076612859964371
YFL055W,YJR074W,0,-6.1339316,0.30571991205215454,0.3125,0.07096774131059647
YLR354C,YGR181W,0,-6.1345487,0.3051181137561798,0.3125,0.07116935402154922
YPR081C,YFL013C,0,-6.134748,0.3045186698436737,0.3125,0.07137096673250198
YPR037C,YKL012W,0,-6.1353736,0.30392158031463623,0.3125,0.07157257944345474
YOL008W,YGR132C,0,-6.135387,0.303326815366745,0.3125,0.0717741921544075
YJL041W,YLL003W,0,-6.135696,0.302734375,0.3125,0.07197580486536026
YPR131C,YEL013W,1,-6.1369214,0.3040935695171356,0.3145161271095276,0.07197580486536026
YMR083W,YKR052C,0,-6.1373167,0.3035019338130951,0.3145161271095276,0.07217741757631302
YNR035C,YDR150W,1,-6.137383,0.3048543632030487,0.3165322542190552,0.07217741757631302
YJR013W,YPR140W,0,-6.1392875,0.30426356196403503,0.3165322542190552,0.07237903028726578
YER065C,YJR104C,0,-6.142093,0.3036750555038452,0.3165322542190552,0.07258064299821854
YEL022W,YER021W,0,-6.1433163,0.30308881402015686,0.3165322542190552,0.0727822557091713
YNL259C,YBL006C,0,-6.1444244,0.3025048077106476,0.3165322542190552,0.07298386842012405
YOL026C,YHR133C,0,-6.14609,0.30192306637763977,0.3165322542190552,0.07318548113107681
YPL110C,YNR039C,0,-6.1463017,0.30134356021881104,0.3165322542190552,0.07338709384202957
YCR026C,YOL034W,0,-6.146575,0.3007662892341614,0.3165322542190552,0.07358870655298233
YBL009W,YNL038W,0,-6.1521945,0.300191193819046,0.3165322542190552,0.07379031926393509
YLR032W,YMR273C,0,-6.1560783,0.29961833357810974,0.3165322542190552,0.07399193197488785
YPL232W,YBR173C,0,-6.158915,0.2990476191043854,0.3165322542190552,0.0741935446858406
YAL041W,YPR100W,0,-6.159138,0.2984790802001953,0.3165322542190552,0.07439516484737396
YIL062C,YAL010C,1,-6.161137,0.2998102605342865,0.31854838132858276,0.07439516484737396
YDL212W,YDR167W,0,-6.1618743,0.29924243688583374,0.31854838132858276,0.07459677755832672
YKL013C,YOR147W,1,-6.163402,0.3005671203136444,0.32056450843811035,0.07459677755832672
YIL009C-A,YNL038W,0,-6.1636434,0.30000001192092896,0.32056450843811035,0.07479839026927948
YHR194W,YDR150W,1,-6.163665,0.3013182580471039,0.32258063554763794,0.07479839026927948
YIR006C,YJL141C,0,-6.16408,0.30075186491012573,0.32258063554763794,0.07500000298023224
YOR117W,YLR403W,0,-6.1647906,0.3001876175403595,0.32258063554763794,0.075201615691185
YMR035W,YMR273C,0,-6.16489,0.2996254563331604,0.32258063554763794,0.07540322840213776
YLR370C,YDL006W,1,-6.165732,0.3009345829486847,0.3245967626571655,0.07540322840213776
YAL038W,YDR091C,0,-6.1668096,0.3003731369972229,0.3245967626571655,0.07560484111309052
YMR173W,YOR327C,0,-6.1672187,0.29981377720832825,0.3245967626571655,0.07580645382404327
YPL061W,YKR087C,0,-6.1679244,0.29925650358200073,0.3245967626571655,0.07600806653499603
YKL013C,YEL013W,1,-6.169249,0.30055660009384155,0.3266128897666931,0.07600806653499603
YJL081C,YMR023C,0,-6.1694446,0.30000001192092896,0.3266128897666931,0.07620967924594879
YNL020C,YNL082W,0,-6.1717076,0.2994454801082611,0.3266128897666931,0.07641129195690155
YKL055C,YAL030W,0,-6.1722264,0.2988929748535156,0.3266128897666931,0.07661290466785431
YBR234C,YNL304W,1,-6.1726584,0.3001841604709625,0.3286290466785431,0.07661290466785431
YPR131C,YGR209C,1,-6.176517,0.3014705777168274,0.3306451737880707,0.07661290466785431
YOR244W,YOR076C,0,-6.177339,0.3009174168109894,0.3306451737880707,0.07681451737880707
YKL055C,YKR046C,0,-6.178196,0.3003663122653961,0.3306451737880707,0.07701613008975983
YPL170W,YOR036W,0,-6.178468,0.29981717467308044,0.3306451737880707,0.07721774280071259
YPR041W,YML115C,0,-6.1800885,0.29927006363868713,0.3306451737880707,0.07741935551166534
YGR074W,YKL166C,0,-6.1801047,0.2987249493598938,0.3306451737880707,0.0776209682226181
YGL003C,YBR024W,0,-6.180165,0.29818183183670044,0.3306451737880707,0.07782258093357086
YDL029W,YAL029C,1,-6.182717,0.29945552349090576,0.33266130089759827,0.07782258093357086
YDR409W,YML041C,0,-6.182965,0.29891303181648254,0.33266130089759827,0.07802419364452362
YAL010C,YLR043C,1,-6.1830597,0.3001808226108551,0.33467742800712585,0.07802419364452362
YJL127C,YLR354C,0,-6.183205,0.2996389865875244,0.33467742800712585,0.07822580635547638
YLL050C,YDR016C,0,-6.18714,0.2990990877151489,0.33467742800712585,0.07842741906642914
YAR002C-A,YDR086C,0,-6.188592,0.298561155796051,0.33467742800712585,0.0786290317773819
YGR056W,YLR277C,0,-6.190849,0.29802513122558594,0.33467742800712585,0.07883064448833466
YKL085W,YHR083W,0,-6.1909194,0.29749104380607605,0.33467742800712585,0.07903225719928741
YAL010C,YLR240W,1,-6.1912827,0.2987477779388428,0.33669355511665344,0.07903225719928741
YLR265C,YOR008C,0,-6.1916256,0.29821428656578064,0.33669355511665344,0.07923386991024017
YLR427W,YBL025W,0,-6.1928873,0.2976827025413513,0.33669355511665344,0.07943548262119293
YKL048C,YOL116W,0,-6.1933,0.2971530258655548,0.33669355511665344,0.07963709533214569
YPL271W,YFL016C,0,-6.1938787,0.2966252267360687,0.33669355511665344,0.07983870804309845
YBL099W,YKL182W,0,-6.194642,0.29609930515289307,0.33669355511665344,0.08004032075405121
YPR186C,YKR042W,0,-6.195211,0.29557523131370544,0.33669355511665344,0.08024193346500397
YOL009C,YNL079C,1,-6.1959147,0.2968197762966156,0.33870968222618103,0.08024193346500397
YMR072W,YNL304W,1,-6.197605,0.29805997014045715,0.3407258093357086,0.08024193346500397
YIL062C,YDR150W,1,-6.1976686,0.2992957830429077,0.3427419364452362,0.08024193346500397
YMR072W,YPR131C,1,-6.197842,0.3005272448062897,0.3447580635547638,0.08024193346500397
YJR140C,YOL054W,0,-6.198593,0.30000001192092896,0.3447580635547638,0.08044354617595673
YPR103W,YML109W,0,-6.1996818,0.2994745969772339,0.3447580635547638,0.08064515888690948
YLR163C,YDR329C,0,-6.199846,0.29895105957984924,0.3447580635547638,0.08084677159786224
YLR370C,YPR131C,1,-6.201696,0.3001745343208313,0.3467741906642914,0.08084677159786224
YOR284W,YML061C,0,-6.202632,0.299651563167572,0.3467741906642914,0.081048384308815
YJL004C,YIL063C,0,-6.202925,0.2991304397583008,0.3467741906642914,0.08124999701976776
YNR035C,YLR190W,1,-6.203776,0.3003472089767456,0.34879031777381897,0.08124999701976776
YGR132C,YPR139C,0,-6.2058473,0.2998266816139221,0.34879031777381897,0.08145160973072052
YAL022C,YML048W,0,-6.206026,0.2993079721927643,0.34879031777381897,0.08165322244167328
YOR008C,YOL122C,0,-6.2066045,0.2987910211086273,0.34879031777381897,0.08185483515262604
YNL233W,YER031C,0,-6.207589,0.2982758581638336,0.34879031777381897,0.0820564553141594
YIL062C,YDL006W,1,-6.208568,0.29948365688323975,0.35080644488334656,0.0820564553141594
YAL010C,YNL304W,1,-6.2087235,0.3006872832775116,0.35282257199287415,0.0820564553141594
YGL241W,YFL005W,0,-6.2107253,0.30017152428627014,0.35282257199287415,0.08225806802511215
YKL013C,YDR495C,1,-6.2113442,0.30136987566947937,0.35483869910240173,0.08225806802511215
YBR217W,YPL270W,0,-6.2114124,0.30085471272468567,0.35483869910240173,0.08245968073606491
YDL195W,YNR031C,0,-6.21237,0.30034130811691284,0.35483869910240173,0.08266129344701767
YDR147W,YML062C,0,-6.2125926,0.2998296320438385,0.35483869910240173,0.08286290615797043
YBL079W,YGL145W,0,-6.2133408,0.29931971430778503,0.35483869910240173,0.08306451886892319
YGL213C,YFL037W,0,-6.213414,0.29881155490875244,0.35483869910240173,0.08326613157987595
YMR072W,YBR234C,1,-6.213432,0.30000001192092896,0.3568548262119293,0.08326613157987595
YBR290W,YNL088W,0,-6.214886,0.29949238896369934,0.3568548262119293,0.0834677442908287
YMR091C,YDR498C,0,-6.2161293,0.2989864945411682,0.3568548262119293,0.08366935700178146
YNR035C,YNL054W,1,-6.222443,0.30016863346099854,0.3588709533214569,0.08366935700178146
YKR009C,YDR363W-A,0,-6.2226405,0.2996633052825928,0.3588709533214569,0.08387096971273422
YFL041W,YOR362C,0,-6.222829,0.2991596758365631,0.3588709533214569,0.08407258242368698
YLR429W,YPL155C,0,-6.224773,0.29865771532058716,0.3588709533214569,0.08427419513463974
YLR459W,YGL233W,0,-6.225304,0.2981574535369873,0.3588709533214569,0.0844758078455925
YNL047C,YDR369C,0,-6.22539,0.29765886068344116,0.3588709533214569,0.08467742055654526
YLR383W,YDR477W,0,-6.228207,0.29716193675994873,0.3588709533214569,0.08487903326749802
YLR423C,YDR162C,0,-6.2314057,0.2966666519641876,0.3588709533214569,0.08508064597845078
YFL010W-A,YOR359W,0,-6.2319064,0.2961730360984802,0.3588709533214569,0.08528225868940353
YPL084W,YLR032W,0,-6.232139,0.29568105936050415,0.3588709533214569,0.08548387140035629
YCL011C,YDR143C,0,-6.233862,0.2951907217502594,0.3588709533214569,0.08568548411130905
YBL009W,YKL190W,0,-6.2354474,0.2947019934654236,0.3588709533214569,0.08588709682226181
YPL164C,YAR035W,0,-6.2354946,0.2942148745059967,0.3588709533214569,0.08608870953321457
YAL010C,YEL013W,1,-6.237137,0.29537954926490784,0.3608871102333069,0.08608870953321457
YMR296C,YBR082C,0,-6.2383685,0.29489290714263916,0.3608871102333069,0.08629032224416733
YPL232W,YOR359W,0,-6.2386937,0.2944079041481018,0.3608871102333069,0.08649193495512009
YJR076C,YHR107C,0,-6.2387424,0.293924480676651,0.3608871102333069,0.08669354766607285
YHL031C,YMR022W,0,-6.2388425,0.29344263672828674,0.3608871102333069,0.0868951603770256
YJR006W,YDL040C,0,-6.2400594,0.29296234250068665,0.3608871102333069,0.08709677308797836
YPL218W,YPL016W,0,-6.2406945,0.2924836575984955,0.3608871102333069,0.08729838579893112
YAL031C,YGR199W,0,-6.2414813,0.2920065224170685,0.3608871102333069,0.08749999850988388
YLR418C,YLR330W,0,-6.244306,0.29153093695640564,0.3608871102333069,0.08770161122083664
YML078W,YKL019W,0,-6.2454486,0.29105690121650696,0.3608871102333069,0.0879032239317894
YMR072W,YHR194W,1,-6.2455688,0.2922077775001526,0.3629032373428345,0.0879032239317894
YML057W,YOR057W,0,-6.2461467,0.2917341887950897,0.3629032373428345,0.08810483664274216
YJL081C,YML071C,0,-6.246189,0.291262149810791,0.3629032373428345,0.08830644935369492
YNL085W,YHR120W,0,-6.247683,0.2907916009426117,0.3629032373428345,0.08850806206464767
YKL013C,YLR240W,1,-6.2481456,0.2919354736804962,0.36491936445236206,0.08850806206464767
YNL118C,YDR325W,0,-6.249813,0.2914653718471527,0.36491936445236206,0.08870967477560043
YJL053W,YAR007C,0,-6.2514544,0.290996789932251,0.36491936445236206,0.08891128748655319
YAL051W,YOR386W,0,-6.2518363,0.29052969813346863,0.36491936445236206,0.08911290019750595
YDL093W,YER125W,0,-6.2519164,0.29006409645080566,0.36491936445236206,0.08931451290845871
YFL008W,YDR477W,0,-6.2527714,0.2896000146865845,0.36491936445236206,0.08951612561941147
YOR316C,YER041W,0,-6.2528434,0.2891373932361603,0.36491936445236206,0.08971773833036423
YCR082W,YMR238W,0,-6.2530656,0.2886762320995331,0.36491936445236206,0.08991935849189758
YKL048C,YDL185W,0,-6.2532144,0.28821656107902527,0.36491936445236206,0.09012097120285034
YNL159C,YNL272C,0,-6.253787,0.28775835037231445,0.36491936445236206,0.0903225839138031
YDL029W,YLR190W,1,-6.256271,0.2888889014720917,0.36693549156188965,0.0903225839138031
YOR149C,YKR014C,0,-6.2564335,0.2884310483932495,0.36693549156188965,0.09052419662475586
YPL049C,YOR014W,0,-6.2569394,0.28797468543052673,0.36693549156188965,0.09072580933570862
YML048W,YAR008W,0,-6.257416,0.28751975297927856,0.36693549156188965,0.09092742204666138
YHR043C,YPL231W,0,-6.2585297,0.287066251039505,0.36693549156188965,0.09112903475761414
YPL110C,YLR208W,0,-6.2603583,0.28661417961120605,0.36693549156188965,0.0913306474685669
YMR012W,YFL033C,0,-6.2628365,0.2861635088920593,0.36693549156188965,0.09153226017951965
YKL195W,YGR193C,0,-6.2632804,0.2857142984867096,0.36693549156188965,0.09173387289047241
YPR100W,YPL124W,0,-6.2640567,0.2852664589881897,0.36693549156188965,0.09193548560142517
YLR150W,YKR059W,0,-6.2644634,0.284820020198822,0.36693549156188965,0.09213709831237793
YDL029W,YDR495C,1,-6.265475,0.28593748807907104,0.36895161867141724,0.09213709831237793
YKL149C,YMR021C,0,-6.265491,0.285491406917572,0.36895161867141724,0.09233871102333069
YIL048W,YPR161C,0,-6.266172,0.2850467264652252,0.36895161867141724,0.09254032373428345
YOL095C,YGR229C,0,-6.2671494,0.28460341691970825,0.36895161867141724,0.0927419364452362
YNR008W,YOR217W,0,-6.267876,0.2841614782810211,0.36895161867141724,0.09294354915618896
YDR298C,YDR164C,0,-6.2685356,0.2837209403514862,0.36895161867141724,0.09314516186714172
YLR370C,YLR190W,1,-6.2690477,0.2848297357559204,0.3709677457809448,0.09314516186714172
YLR370C,YDR495C,1,-6.269769,0.28593507409095764,0.3729838728904724,0.09314516186714172
YAL055W,YML095C,0,-6.271663,0.2854938209056854,0.3729838728904724,0.09334677457809448
YGL094C,YJL154C,0,-6.2717814,0.28505393862724304,0.3729838728904724,0.09354838728904724
YDL099W,YDR148C,0,-6.272005,0.2846153974533081,0.3729838728904724,0.09375
YIL033C,YMR054W,0,-6.273233,0.2841781973838806,0.3729838728904724,0.09395161271095276
YBR179C,YER027C,0,-6.2740135,0.28374233841896057,0.3729838728904724,0.09415322542190552
YMR199W,YGL038C,0,-6.2780204,0.283307820558548,0.3729838728904724,0.09435483813285828
YLR370C,YOR147W,1,-6.2782335,0.2844036817550659,0.375,0.09435483813285828
YJR135C,YGL095C,0,-6.2782655,0.2839694619178772,0.375,0.09455645084381104
YOR244W,YJL210W,0,-6.2791333,0.2835365831851959,0.375,0.0947580635547638
YDR378C,YDL058W,0,-6.279562,0.2831050157546997,0.375,0.09495967626571655
YPR021C,YOR290C,0,-6.2798095,0.28267475962638855,0.375,0.09516128897666931
YDR219C,YPR072W,0,-6.282182,0.28224581480026245,0.375,0.09536290168762207
YLR210W,YCL001W,0,-6.282355,0.2818181812763214,0.375,0.09556451439857483
YJR077C,YHR038W,0,-6.283006,0.28139182925224304,0.375,0.09576612710952759
YKR068C,YOR217W,0,-6.283544,0.28096675872802734,0.375,0.09596773982048035
YIL062C,YOR147W,1,-6.283912,0.28205129504203796,0.3770161271095276,0.09596773982048035
YKL101W,YDR394W,0,-6.2847714,0.28162649273872375,0.3770161271095276,0.0961693525314331
YCL011C,YEL017C-A,0,-6.284864,0.2812030017375946,0.3770161271095276,0.09637096524238586
YBL009W,YLR060W,0,-6.285021,0.2807807922363281,0.3770161271095276,0.09657257795333862
YJR065C,YOL076W,1,-6.285278,0.28185907006263733,0.3790322542190552,0.09657257795333862
YGR217W,YFL036W,0,-6.285602,0.28143712878227234,0.3790322542190552,0.09677419066429138
YDR461W,YGL106W,0,-6.2860904,0.28101643919944763,0.3790322542190552,0.09697580337524414
YLR163C,YLR045C,0,-6.287054,0.2805970013141632,0.3790322542190552,0.0971774160861969
YCR093W,YJL005W,0,-6.2894406,0.28017884492874146,0.3790322542190552,0.09737902879714966
YGL027C,YAL043C,0,-6.2901855,0.2797619104385376,0.3790322542190552,0.09758064150810242
YNL014W,YDL007W,0,-6.291217,0.27934619784355164,0.3790322542190552,0.09778226166963577
YPL179W,YPR103W,0,-6.292351,0.27893173694610596,0.3790322542190552,0.09798387438058853
YNL054W,YDR495C,1,-6.293098,0.2800000011920929,0.38104838132858276,0.09798387438058853
YGR089W,YLR277C,0,-6.294131,0.2795858085155487,0.38104838132858276,0.09818548709154129
YOL063C,YBR273C,0,-6.2947345,0.2791728079319,0.38104838132858276,0.09838709980249405
YOL009C,YLR386W,1,-6.2955356,0.28023597598075867,0.38306450843811035,0.09838709980249405
YDR375C,YPR056W,0,-6.2956433,0.27982327342033386,0.38306450843811035,0.09858871251344681
YOR147W,YDR495C,1,-6.295767,0.2808823585510254,0.38508063554763794,0.09858871251344681
YKL112W,YGL092W,0,-6.29663,0.2804698944091797,0.38508063554763794,0.09879032522439957
YML102W,YER019W,0,-6.2974625,0.2800586521625519,0.38508063554763794,0.09899193793535233
YBR158W,YFR028C,0,-6.2976007,0.2796486020088196,0.38508063554763794,0.09919355064630508
YDR512C,YFR019W,0,-6.297602,0.2792397737503052,0.38508063554763794,0.09939516335725784
YDR028C,YOL129W,0,-6.297754,0.2788321077823639,0.38508063554763794,0.0995967760682106
YMR072W,YLR240W,1,-6.297877,0.27988338470458984,0.3870967626571655,0.0995967760682106
YJL134W,YNL123W,0,-6.2993894,0.27947598695755005,0.3870967626571655,0.09979838877916336
YCL024W,YOR194C,0,-6.299617,0.27906978130340576,0.3870967626571655,0.10000000149011612
YKL176C,YER171W,0,-6.299852,0.2786647379398346,0.3870967626571655,0.10020161420106888
YGR010W,YJR059W,0,-6.301398,0.27826085686683655,0.3870967626571655,0.10040322691202164
YER157W,YHL002W,0,-6.301587,0.277858167886734,0.3870967626571655,0.1006048396229744
YGL087C,YMR075W,0,-6.303099,0.2774566411972046,0.3870967626571655,0.10080645233392715
YLR370C,YAL010C,1,-6.3042006,0.2784992754459381,0.3891128897666931,0.10080645233392715
YKL048C,YBR245C,0,-6.307955,0.2780979871749878,0.3891128897666931,0.10100806504487991
YML110C,YOR068C,0,-6.308023,0.2776978313922882,0.3891128897666931,0.10120967775583267
YKL170W,YBR049C,0,-6.3090997,0.27729883790016174,0.3891128897666931,0.10141129046678543
YJR060W,YGR157W,0,-6.309254,0.2769010066986084,0.3891128897666931,0.10161290317773819
YDL134C,YML098W,0,-6.3100095,0.2765043079853058,0.3891128897666931,0.10181451588869095
YGL054C,YKL170W,0,-6.3103967,0.2761087119579315,0.3891128897666931,0.10201612859964371
YOR103C,YDL098C,0,-6.310608,0.27571427822113037,0.3891128897666931,0.10221774131059647
YDR174W,YGL207W,0,-6.3110814,0.27532097697257996,0.3891128897666931,0.10241935402154922
YNL039W,YML032C,0,-6.311505,0.2749287784099579,0.3891128897666931,0.10262096673250198
YFR004W,YER111C,0,-6.3115788,0.27453768253326416,0.3891128897666931,0.10282257944345474
YMR164C,YJR052W,0,-6.3143578,0.27414771914482117,0.3891128897666931,0.1030241921544075
YIL132C,YGL093W,0,-6.314757,0.2737588584423065,0.3891128897666931,0.10322580486536026
YNR035C,YEL013W,1,-6.3152347,0.2747875452041626,0.3911290466785431,0.10322580486536026
YHR061C,YOL112W,0,-6.315517,0.2743988633155823,0.3911290466785431,0.10342741757631302
YAR002C-A,YPR032W,0,-6.3155246,0.2740113139152527,0.3911290466785431,0.10362903028726578
YNL199C,YDR045C,0,-6.316713,0.27362483739852905,0.3911290466785431,0.10383064299821854
YER083C,YOL116W,0,-6.318709,0.2732394337654114,0.3911290466785431,0.1040322557091713
YMR313C,YKL214C,0,-6.3189893,0.27285513281822205,0.3911290466785431,0.10423386842012405
YMR023C,YOL113W,0,-6.3192143,0.27247190475463867,0.3911290466785431,0.10443548113107681
YER019W,YKR090W,0,-6.3194284,0.27208974957466125,0.3911290466785431,0.10463709384202957
YLR423C,YHR107C,0,-6.3220716,0.2717086970806122,0.3911290466785431,0.10483870655298233
YDR434W,YDR388W,0,-6.3223643,0.2713286578655243,0.3911290466785431,0.10504031926393509
YGR132C,YDR011W,0,-6.323564,0.27094972133636475,0.3911290466785431,0.10524193197488785
YDL113C,YER157W,0,-6.3256116,0.27057182788848877,0.3911290466785431,0.1054435446858406
YNL169C,YLR086W,0,-6.3266606,0.27019497752189636,0.3911290466785431,0.10564516484737396
YBL041W,YPL002C,0,-6.3270593,0.2698192000389099,0.3911290466785431,0.10584677755832672
YHR115C,YER032W,0,-6.332038,0.26944443583488464,0.3911290466785431,0.10604839026927948
YOR061W,YHR058C,0,-6.332193,0.26907074451446533,0.3911290466785431,0.10625000298023224
YLR370C,YEL013W,1,-6.335929,0.27008309960365295,0.3931451737880707,0.10625000298023224
YNR026C,YIL068C,0,-6.3360925,0.2697095572948456,0.3931451737880707,0.106451615691185
YBR289W,YDR057W,0,-6.336182,0.2693370282649994,0.3931451737880707,0.10665322840213776
YJR084W,YDL232W,0,-6.3365355,0.2689655125141144,0.3931451737880707,0.10685484111309052
YFR048W,YOL006C,0,-6.336625,0.26859503984451294,0.3931451737880707,0.10705645382404327
YLL015W,YNL241C,0,-6.336803,0.2682255804538727,0.3931451737880707,0.10725806653499603
YLR195C,YCR077C,0,-6.337422,0.2678571343421936,0.3931451737880707,0.10745967924594879
YJL134W,YKL176C,0,-6.3382144,0.2674897015094757,0.3931451737880707,0.10766129195690155
YML016C,YGR090W,0,-6.338259,0.267123281955719,0.3931451737880707,0.10786290466785431
YNL323W,YPL129W,0,-6.338926,0.26675787568092346,0.3931451737880707,0.10806451737880707
YLR233C,YMR188C,0,-6.3394475,0.2663934528827667,0.3931451737880707,0.10826613008975983
YJL030W,YLR248W,0,-6.3394623,0.2660300135612488,0.3931451737880707,0.10846774280071259
YGL019W,YHR133C,0,-6.339643,0.265667587518692,0.3931451737880707,0.10866935551166534
YFL048C,YPL163C,0,-6.340158,0.26530611515045166,0.3931451737880707,0.1088709682226181
YPL031C,YNL007C,0,-6.340229,0.2649456560611725,0.3931451737880707,0.10907258093357086
YJR097W,YJL061W,0,-6.340351,0.2645861506462097,0.3931451737880707,0.10927419364452362
YNL201C,YMR125W,0,-6.3406324,0.26422762870788574,0.3931451737880707,0.10947580635547638
YOL061W,YDR212W,0,-6.341423,0.26387009024620056,0.3931451737880707,0.10967741906642914
YGR209C,YLR240W,1,-6.3415356,0.26486486196517944,0.39516130089759827,0.10967741906642914
YHR142W,YGL207W,0,-6.3423295,0.2645074129104614,0.39516130089759827,0.1098790317773819
YOR109W,YBR103W,0,-6.3430033,0.2641509473323822,0.39516130089759827,0.11008064448833466
YPL271W,YPR100W,0,-6.343256,0.2637954354286194,0.39516130089759827,0.11028225719928741
YAL038W,YLR398C,0,-6.343512,0.2634408473968506,0.39516130089759827,0.11048386991024017
YLR377C,YMR101C,0,-6.3441854,0.2630872428417206,0.39516130089759827,0.11068548262119293
YBR102C,YDR140W,0,-6.344193,0.262734591960907,0.39516130089759827,0.11088709533214569
YLR340W,YDL185W,0,-6.344339,0.2623828649520874,0.39516130089759827,0.11108870804309845
YIL150C,YIL095W,0,-6.3444624,0.26203209161758423,0.39516130089759827,0.11129032075405121
YLR078C,YGR181W,0,-6.3453727,0.2616822421550751,0.39516130089759827,0.11149193346500397
YLR350W,YML041C,0,-6.3454523,0.2613333463668823,0.39516130089759827,0.11169354617595673
YOR103C,YLR026C,0,-6.347873,0.2609853446483612,0.39516130089759827,0.11189515888690948
YDR116C,YBR167C,0,-6.348167,0.2606382966041565,0.39516130089759827,0.11209677159786224
YOL027C,YGL233W,0,-6.349443,0.2602921724319458,0.39516130089759827,0.112298384308815
YOR257W,YBR037C,0,-6.350555,0.25994694232940674,0.39516130089759827,0.11249999701976776
YGL092W,YHR070W,0,-6.350591,0.2596026360988617,0.39516130089759827,0.11270160973072052
YJL110C,YNL261W,0,-6.3526883,0.25925925374031067,0.39516130089759827,0.11290322244167328
YBL017C,YDR481C,0,-6.353309,0.2589167654514313,0.39516130089759827,0.11310483515262604
YNL159C,YBR240C,0,-6.353946,0.2585752010345459,0.39516130089759827,0.1133064553141594
YBR253W,YDR285W,0,-6.355434,0.25823453068733215,0.39516130089759827,0.11350806802511215
YHL019C,YGL205W,0,-6.3558364,0.25789472460746765,0.39516130089759827,0.11370968073606491
YBL032W,YGL129C,0,-6.3559513,0.25755584239959717,0.39516130089759827,0.11391129344701767
YIL105C,YBR273C,0,-6.3569784,0.2572178542613983,0.39516130089759827,0.11411290615797043
YLR145W,YOL148C,0,-6.357259,0.2568807303905487,0.39516130089759827,0.11431451886892319
YOL076W,YDR495C,1,-6.357804,0.2578533887863159,0.39717742800712585,0.11431451886892319
YML081C-A,YMR125W,0,-6.3583612,0.25751635432243347,0.39717742800712585,0.11451613157987595
YKL013C,YHR194W,1,-6.3593326,0.2584856450557709,0.39919355511665344,0.11451613157987595
YJL124C,YCR092C,0,-6.3593583,0.2581486403942108,0.39919355511665344,0.1147177442908287
YDR303C,YFL038C,0,-6.3594117,0.2578125,0.39919355511665344,0.11491935700178146
YDL100C,YDR013W,0,-6.3607173,0.2574772536754608,0.39919355511665344,0.11512096971273422
YHR058C,YPL138C,0,-6.360768,0.2571428716182709,0.39919355511665344,0.11532258242368698
YMR186W,YEL037C,0,-6.360932,0.2568093240261078,0.39919355511665344,0.11552419513463974
YOR211C,YER123W,0,-6.361482,0.25647667050361633,0.39919355511665344,0.1157258078455925
YLR080W,YDR123C,0,-6.363733,0.2561448812484741,0.39919355511665344,0.11592742055654526
YMR204C,YML104C,1,-6.3653054,0.2571059465408325,0.40120968222618103,0.11592742055654526
YOL100W,YDR160W,0,-6.3679237,0.2567741870880127,0.40120968222618103,0.11612903326749802
YDR198C,YIL068C,0,-6.3690786,0.2564432919025421,0.40120968222618103,0.11633064597845078
YPL091W,YIL112W,0,-6.370955,0.2561132609844208,0.40120968222618103,0.11653225868940353
YLR397C,YER049W,0,-6.37324,0.2557840645313263,0.40120968222618103,0.11673387140035629
YLR201C,YOR330C,0,-6.37328,0.25545570254325867,0.40120968222618103,0.11693548411130905
YMR202W,YMR146C,0,-6.3738985,0.2551282048225403,0.40120968222618103,0.11713709682226181
YLR284C,YDR219C,0,-6.374217,0.25480154156684875,0.40120968222618103,0.11733870953321457
YDR148C,YHR086W,0,-6.374313,0.2544757127761841,0.40120968222618103,0.11754032224416733
YLR229C,YGR267C,0,-6.3755507,0.2541506886482239,0.40120968222618103,0.11774193495512009
YJR031C,YBR216C,0,-6.3767643,0.2538265287876129,0.40120968222618103,0.11794354766607285
YOR039W,YNL258C,0,-6.3772826,0.2535031735897064,0.40120968222618103,0.1181451603770256
YBL051C,YNL272C,0,-6.377793,0.2531806528568268,0.40120968222618103,0.11834677308797836
YDR483W,YJR135C,0,-6.379069,0.252858966588974,0.40120968222618103,0.11854838579893112
YNL225C,YER041W,0,-6.3804336,0.2525380849838257,0.40120968222618103,0.11874999850988388
YPR161C,YMR313C,0,-6.381869,0.25221800804138184,0.40120968222618103,0.11895161122083664
YOR063W,YGR279C,0,-6.383428,0.25189873576164246,0.40120968222618103,0.1191532239317894
YDR148C,YJL156C,0,-6.383652,0.25158026814460754,0.40120968222618103,0.11935483664274216
YPR100W,YJL156C,0,-6.3843336,0.2512626349925995,0.40120968222618103,0.11955644935369492
YLR190W,YNL054W,1,-6.385072,0.25220680236816406,0.4032258093357086,0.11955644935369492
YEL053C,YMR047C,0,-6.3869276,0.251889169216156,0.4032258093357086,0.11975806206464767
YLR259C,YFR037C,0,-6.387537,0.2515723407268524,0.4032258093357086,0.11995967477560043
YPR124W,YOR142W,0,-6.3875446,0.2512562870979309,0.4032258093357086,0.12016128748655319
YCR037C,YNL253W,0,-6.3887115,0.25094103813171387,0.4032258093357086,0.12036290019750595
YDL088C,YML115C,0,-6.3889556,0.2506265640258789,0.4032258093357086,0.12056451290845871
YGR218W,YNL281W,0,-6.3906817,0.2503128945827484,0.4032258093357086,0.12076612561941147
YLR314C,YBR035C,0,-6.3921666,0.25,0.4032258093357086,0.12096773833036423
YER053C,YCL032W,0,-6.392466,0.24968789517879486,0.4032258093357086,0.12116935849189758
YOR076C,YDR207C,0,-6.392833,0.2493765652179718,0.4032258093357086,0.12137097120285034
YBR234C,YLR190W,1,-6.3931184,0.25031134486198425,0.4052419364452362,0.12137097120285034
YHR194W,YEL013W,1,-6.3946967,0.2512437701225281,0.4072580635547638,0.12137097120285034
YBR288C,YOL089C,0,-6.3949943,0.25093168020248413,0.4072580635547638,0.1215725839138031
YDR141C,YHR083W,0,-6.3951435,0.2506203353404999,0.4072580635547638,0.12177419662475586
YIL034C,YPL031C,0,-6.3958964,0.2503097951412201,0.4072580635547638,0.12197580933570862
YJR045C,YNL044W,0,-6.3962064,0.25,0.4072580635547638,0.12217742204666138
YBR109C,YLR032W,0,-6.3979144,0.249690979719162,0.4072580635547638,0.12237903475761414
YOL108C,YPL031C,0,-6.4001307,0.24938271939754486,0.4072580635547638,0.1225806474685669
YPR103W,YMR201C,0,-6.400237,0.24907521903514862,0.4072580635547638,0.12278226017951965
YNL039W,YBL058W,0,-6.400311,0.24876847863197327,0.4072580635547638,0.12298387289047241
YOR147W,YLR240W,1,-6.4019456,0.24969249963760376,0.4092741906642914,0.12298387289047241
YNL079C,YNL304W,1,-6.401956,0.2506142556667328,0.41129031777381897,0.12298387289047241
YOR014W,YHR181W,0,-6.404388,0.25030675530433655,0.41129031777381897,0.12318548560142517
YOR008C,YNL197C,0,-6.404558,0.25,0.41129031777381897,0.12338709831237793
YPR188C,YGR170W,0,-6.405236,0.24969400465488434,0.41129031777381897,0.12358871102333069
YLR016C,YDR002W,0,-6.405481,0.24938875436782837,0.41129031777381897,0.12379032373428345
YFR047C,YNL149C,0,-6.4060864,0.2490842491388321,0.41129031777381897,0.1239919364452362
YOR316C,YDR057W,0,-6.4061046,0.2487804889678955,0.41129031777381897,0.12419354915618896
YLR288C,YLR086W,0,-6.4061875,0.24847747385501862,0.41129031777381897,0.12439516186714172
YIL062C,YNL304W,1,-6.4066157,0.24939173460006714,0.41330644488334656,0.12439516186714172
YLR098C,YER083C,0,-6.407312,0.24908870458602905,0.41330644488334656,0.12459677457809448
YEL013W,YDR495C,1,-6.407981,0.25,0.41532257199287415,0.12459677457809448
YER083C,YNL216W,0,-6.409397,0.24969696998596191,0.41532257199287415,0.12479838728904724
YCR094W,YMR284W,0,-6.410522,0.24939467012882233,0.41532257199287415,0.125
YLR015W,YCL032W,0,-6.4109025,0.24909310042858124,0.41532257199287415,0.12520161271095276
YCR092C,YMR109W,0,-6.411221,0.24879227578639984,0.41532257199287415,0.12540322542190552
YLR215C,YOR057W,0,-6.4114423,0.24849216639995575,0.41532257199287415,0.12560483813285828
YDR182W,YMR012W,0,-6.4114423,0.24819277226924896,0.41532257199287415,0.12580645084381104
YPR101W,YOR148C,0,-6.4122386,0.24789410829544067,0.41532257199287415,0.1260080635547638
YEL034W,YIL073C,0,-6.413015,0.2475961595773697,0.41532257199287415,0.12620967626571655
YOR241W,YLR119W,0,-6.414186,0.247298926115036,0.41532257199287415,0.1264112889766693
YDL165W,YGR165W,0,-6.4147663,0.24700239300727844,0.41532257199287415,0.12661290168762207
YLR330W,YDL198C,0,-6.4156556,0.24670659005641937,0.41532257199287415,0.12681451439857483
YOR147W,YNL054W,1,-6.4157195,0.24760764837265015,0.41733869910240173,0.12681451439857483
YBR234C,YOR147W,1,-6.4158173,0.2485065758228302,0.4193548262119293,0.12681451439857483
YOR373W,YAR042W,0,-6.416678,0.24821002781391144,0.4193548262119293,0.1270161271095276
YKL160W,YDR513W,0,-6.4193983,0.2479141801595688,0.4193548262119293,0.12721773982048035
YDR076W,YGL093W,0,-6.4222627,0.24761904776096344,0.4193548262119293,0.1274193525314331
YBR274W,YFR003C,0,-6.423139,0.2473246157169342,0.4193548262119293,0.12762096524238586
YNL130C,YGR193C,0,-6.4235897,0.24703088402748108,0.4193548262119293,0.12782257795333862
YIL034C,YGL073W,0,-6.4247775,0.24673783779144287,0.4193548262119293,0.12802419066429138
YNL233W,YPR095C,0,-6.4260993,0.24644549190998077,0.4193548262119293,0.12822580337524414
YPL096W,YMR149W,0,-6.426135,0.2461538463830948,0.4193548262119293,0.1284274160861969
YLR015W,YGL227W,0,-6.4291806,0.24586288630962372,0.4193548262119293,0.12862902879714966
YER125W,YNL012W,0,-6.4297757,0.24557261168956757,0.4193548262119293,0.12883064150810242
YER173W,YOL067C,0,-6.430907,0.24528302252292633,0.4193548262119293,0.12903225421905518
YDR363W-A,YFL038C,0,-6.431031,0.24499410390853882,0.4193548262119293,0.12923386693000793
YCR038C,YIR002C,0,-6.4311404,0.24470588564872742,0.4193548262119293,0.1294354796409607
YJR089W,YDR141C,0,-6.432033,0.24441833794116974,0.4193548262119293,0.12963709235191345
YER025W,YKR038C,0,-6.4321895,0.24413146078586578,0.4193548262119293,0.1298387050628662
YOL009C,YEL013W,1,-6.433323,0.24501758813858032,0.4213709533214569,0.1298387050628662
YNL039W,YNL147W,0,-6.4344788,0.24473068118095398,0.4213709533214569,0.13004031777381897
YDR122W,YKL173W,0,-6.4357305,0.24444444477558136,0.4213709533214569,0.13024193048477173
YER122C,YDR172W,0,-6.435997,0.24415887892246246,0.4213709533214569,0.1304435431957245
YNL264C,YDR460W,0,-6.4363527,0.2438739836215973,0.4213709533214569,0.13064515590667725
YLR043C,YGR209C,1,-6.4376574,0.24475523829460144,0.4233871102333069,0.13064515590667725
YBR039W,YPL176C,0,-6.438313,0.24447031319141388,0.4233871102333069,0.13084676861763
YKL129C,YGR143W,0,-6.4401164,0.24418604373931885,0.4233871102333069,0.13104838132858276
YIL142W,YBR207W,0,-6.4406114,0.24390244483947754,0.4233871102333069,0.13124999403953552
YBL009W,YGR252W,0,-6.4408603,0.24361948668956757,0.4233871102333069,0.13145160675048828
YNL074C,YHR004C,0,-6.442347,0.24333719909191132,0.4233871102333069,0.13165321946144104
YPR133W-A,YDR486C,0,-6.4423976,0.2430555522441864,0.4233871102333069,0.1318548321723938
YPL084W,YMR188C,0,-6.442478,0.24277456104755402,0.4233871102333069,0.13205644488334656
YGL019W,YJL080C,0,-6.442572,0.24249422550201416,0.4233871102333069,0.13225805759429932
YOL086C,YDR311W,0,-6.442726,0.24221453070640564,0.4233871102333069,0.13245967030525208
YIL062C,YPR131C,1,-6.443245,0.2430875599384308,0.4254032373428345,0.13245967030525208
YNL256W,YLR403W,0,-6.4433603,0.24280782043933868,0.4254032373428345,0.13266128301620483
YML104C,YOL076W,1,-6.4440937,0.24367816746234894,0.42741936445236206,0.13266128301620483
YLR043C,YEL013W,1,-6.4465866,0.24454650282859802,0.42943549156188965,0.13266128301620483
YBL084C,YCR077C,0,-6.4480677,0.24426604807376862,0.42943549156188965,0.1328629106283188
YFR028C,YPR032W,0,-6.4488807,0.24398624897003174,0.42943549156188965,0.13306452333927155
YGL173C,YOL094C,0,-6.4501514,0.2437070906162262,0.42943549156188965,0.1332661360502243
YLR215C,YOR126C,0,-6.451305,0.243428573012352,0.42943549156188965,0.13346774876117706
YKL141W,YDR453C,0,-6.4520583,0.24315068125724792,0.42943549156188965,0.13366936147212982
YGL035C,YPR101W,0,-6.4525704,0.2428734302520752,0.42943549156188965,0.13387097418308258
YLR206W,YOL012C,0,-6.452968,0.2425968050956726,0.42943549156188965,0.13407258689403534
YNR007C,YMR054W,0,-6.4536643,0.24232082068920135,0.42943549156188965,0.1342741996049881
YLR190W,YLR386W,1,-6.4546576,0.24318182468414307,0.43145161867141724,0.1342741996049881
YDR093W,YKL140W,0,-6.454782,0.24290579557418823,0.43145161867141724,0.13447581231594086
YDR256C,YCR083W,0,-6.455578,0.24263039231300354,0.43145161867141724,0.13467742502689362
YGL027C,YMR235C,0,-6.455688,0.2423555999994278,0.43145161867141724,0.13487903773784637
YLR319C,YDL230W,0,-6.45618,0.2420814484357834,0.43145161867141724,0.13508065044879913
YNL167C,YNL202W,0,-6.456614,0.24180790781974792,0.43145161867141724,0.1352822631597519
YCR107W,YFL048C,0,-6.4568305,0.2415349930524826,0.43145161867141724,0.13548387587070465
YOL076W,YLR043C,1,-6.456866,0.24239008128643036,0.4334677457809448,0.13548387587070465
YBL050W,YPL045W,0,-6.459483,0.24211712181568146,0.4334677457809448,0.1356854885816574
YPR037C,YPL208W,0,-6.4602313,0.2418447732925415,0.4334677457809448,0.13588710129261017
YBR234C,YOL076W,1,-6.4618745,0.2426966279745102,0.4354838728904724,0.13588710129261017
YOR130C,YML015C,0,-6.4636784,0.24242424964904785,0.4354838728904724,0.13608871400356293
YPR025C,YDR205W,0,-6.46376,0.24215246737003326,0.4354838728904724,0.13629032671451569
YDR208W,YBR216C,0,-6.463815,0.24188129603862762,0.4354838728904724,0.13649193942546844
YLR380W,YMR006C,0,-6.464236,0.24161073565483093,0.4354838728904724,0.1366935521364212
YGR209C,YLR386W,1,-6.465403,0.24245810508728027,0.4375,0.1366935521364212
YOL149W,YBR004C,0,-6.467561,0.2421875,0.4375,0.13689516484737396
YHR092C,YNL302C,0,-6.4683414,0.24191750586032867,0.4375,0.13709677755832672
YEL071W,YLR105C,0,-6.469518,0.2416481077671051,0.4375,0.13729839026927948
YBR119W,YDR166C,0,-6.4701753,0.24137930572032928,0.4375,0.13750000298023224
YFL048C,YOL090W,0,-6.4703374,0.24111111462116241,0.4375,0.137701615691185
YPL195W,YHR038W,0,-6.470679,0.2408435046672821,0.4375,0.13790322840213776
YMR270C,YPL243W,0,-6.47077,0.24057649075984955,0.4375,0.13810484111309052
YHR026W,YOL105C,0,-6.4711757,0.24031007289886475,0.4375,0.13830645382404327
YMR276W,YDR205W,0,-6.4715257,0.2400442510843277,0.4375,0.13850806653499603
YLR097C,YOR069W,0,-6.4716926,0.2397790104150772,0.4375,0.1387096792459488
YLR370C,YOL076W,1,-6.472032,0.24061809480190277,0.4395161271095276,0.1387096792459488
YMR220W,YBR240C,0,-6.47211,0.2403528094291687,0.4395161271095276,0.13891129195690155
YFR052W,YBL103C,0,-6.4723964,0.2400881052017212,0.4395161271095276,0.1391129046678543
YFR028C,YJL030W,0,-6.472544,0.23982398211956024,0.4395161271095276,0.13931451737880707
YGL005C,YER111C,0,-6.4743943,0.23956044018268585,0.4395161271095276,0.13951613008975983
YLR246W,YPL221W,0,-6.4748006,0.23929747939109802,0.4395161271095276,0.13971774280071259
YLR265C,YDR288W,0,-6.475297,0.23903508484363556,0.4395161271095276,0.13991935551166534
YOL089C,YER031C,0,-6.4793596,0.23877327144145966,0.4395161271095276,0.1401209682226181
YOL113W,YDL128W,0,-6.4794297,0.2385120391845703,0.4395161271095276,0.14032258093357086
YAL042W,YHR200W,0,-6.479689,0.23825137317180634,0.4395161271095276,0.14052419364452362
YDR302W,YBR258C,0,-6.4797187,0.23799127340316772,0.4395161271095276,0.14072580635547638
YPL178W,YPL174C,0,-6.479772,0.23773173987865448,0.4395161271095276,0.14092741906642914
YDL029W,YLR043C,1,-6.479902,0.23856209218502045,0.4415322542190552,0.14092741906642914
YCR063W,YDR143C,0,-6.480062,0.23830249905586243,0.4415322542190552,0.1411290317773819
YGL047W,YNR001C,0,-6.4820733,0.23804347217082977,0.4415322542190552,0.14133064448833466
YOR371C,YOL065C,0,-6.483853,0.23778501152992249,0.4415322542190552,0.14153225719928741
YLR190W,YGR209C,1,-6.485613,0.23861171305179596,0.44354838132858276,0.14153225719928741
YPL244C,YKL074C,0,-6.486702,0.2383531928062439,0.44354838132858276,0.14173386991024017
YJR065C,YOR147W,1,-6.486762,0.23917749524116516,0.44556450843811035,0.14173386991024017
YCR082W,YNL188W,0,-6.4876823,0.23891891539096832,0.44556450843811035,0.14193548262119293
YCL016C,YOL042W,0,-6.4878516,0.23866090178489685,0.44556450843811035,0.1421370953321457
YBR112C,YBR024W,0,-6.4886928,0.23840345442295074,0.44556450843811035,0.14233870804309845
YNL192W,YER112W,0,-6.489033,0.2381465584039688,0.44556450843811035,0.1425403207540512
YMR199W,YKR085C,0,-6.489331,0.23789019882678986,0.44556450843811035,0.14274193346500397
YGR217W,YJR140C,0,-6.4905734,0.23763440549373627,0.44556450843811035,0.14294354617595673
YGR253C,YDR195W,0,-6.492452,0.23737916350364685,0.44556450843811035,0.14314515888690948
YGR033C,YMR067C,0,-6.493343,0.2371244579553604,0.44556450843811035,0.14334677159786224
YDR301W,YDL092W,0,-6.4936,0.23687030375003815,0.44556450843811035,0.143548384308815
YER146W,YDR353W,0,-6.494939,0.23661670088768005,0.44556450843811035,0.14374999701976776
YMR280C,YMR137C,0,-6.495449,0.23636363446712494,0.44556450843811035,0.14395160973072052
YOL009C,YLR240W,1,-6.4957814,0.2371794879436493,0.44758063554763794,0.14395160973072052
YLR015W,YCR035C,0,-6.496062,0.2369263619184494,0.44758063554763794,0.14415322244167328
YLR114C,YBR170C,0,-6.4980407,0.2366737723350525,0.44758063554763794,0.14435483515262604
YER020W,YJL173C,0,-6.498226,0.23642171919345856,0.44758063554763794,0.1445564478635788
YER116C,YBL106C,0,-6.498473,0.2361702173948288,0.44758063554763794,0.14475806057453156
YIL044C,YOR361C,0,-6.4987884,0.23591923713684082,0.44758063554763794,0.14495967328548431
YIL154C,YNL072W,0,-6.499453,0.23566879332065582,0.44758063554763794,0.14516128599643707
YLR246W,YDR013W,0,-6.4997973,0.2354188710451126,0.44758063554763794,0.14536289870738983
YPR049C,YKR095W,0,-6.5001087,0.23516948521137238,0.44758063554763794,0.1455645114183426
YIL062C,YLR240W,1,-6.501164,0.2359788417816162,0.4495967626571655,0.1455645114183426
YJR025C,YDR116C,0,-6.50312,0.23572938144207,0.4495967626571655,0.14576612412929535
YBR234C,YEL013W,1,-6.5035205,0.2365364283323288,0.4516128897666931,0.14576612412929535
YPL110C,YDR393W,0,-6.5037932,0.236286923289299,0.4516128897666931,0.1459677368402481
YDL192W,YDL099W,0,-6.5049124,0.236037939786911,0.4516128897666931,0.14616934955120087
YKL013C,YOL076W,1,-6.5052075,0.2368421107530594,0.4536290466785431,0.14616934955120087
YKL089W,YKL126W,0,-6.5061116,0.23659305274486542,0.4536290466785431,0.14637096226215363
YLR043C,YLR386W,1,-6.507772,0.23739495873451233,0.4556451737880707,0.14637096226215363
YFL024C,YFR040W,0,-6.510959,0.23714585602283478,0.4556451737880707,0.14657257497310638
YJL110C,YNL221C,0,-6.511142,0.236897274851799,0.4556451737880707,0.14677418768405914
YPR103W,YKR020W,0,-6.5113425,0.23664921522140503,0.4556451737880707,0.1469758003950119
YDR150W,YNL079C,1,-6.511562,0.23744769394397736,0.45766130089759827,0.1469758003950119
YBR243C,YER117W,0,-6.5116916,0.2371995747089386,0.45766130089759827,0.14717741310596466
YJR140C,YPL147W,0,-6.512111,0.23695197701454163,0.45766130089759827,0.14737902581691742
YER105C,YNL151C,0,-6.5130696,0.23670490086078644,0.45766130089759827,0.14758063852787018
YGR041W,YDL226C,0,-6.5134244,0.23645833134651184,0.45766130089759827,0.14778225123882294
YBL047C,YGL245W,0,-6.5135717,0.23621228337287903,0.45766130089759827,0.1479838639497757
YBR243C,YLR228C,0,-6.5136724,0.2359667420387268,0.45766130089759827,0.14818547666072845
YOR069W,YER031C,0,-6.514501,0.23572170734405518,0.45766130089759827,0.1483870893716812
YIL062C,YLR190W,1,-6.514625,0.23651452362537384,0.45967742800712585,0.1483870893716812
YLR150W,YPL237W,0,-6.514963,0.23626942932605743,0.45967742800712585,0.14858871698379517
YJR053W,YKL046C,0,-6.514976,0.23602484166622162,0.45967742800712585,0.14879032969474792
YMR112C,YEL037C,0,-6.516112,0.2357807606458664,0.45967742800712585,0.14899194240570068
YNR058W,YIL046W,0,-6.516833,0.23553718626499176,0.45967742800712585,0.14919355511665344
YIL128W,YGR158C,0,-6.5169215,0.23529411852359772,0.45967742800712585,0.1493951678276062
YNL314W,YMR133W,0,-6.51709,0.23505154252052307,0.45967742800712585,0.14959678053855896
YAL010C,YDR150W,1,-6.5175014,0.2358393371105194,0.46169355511665344,0.14959678053855896
YCL011C,YML048W,0,-6.5175476,0.2355967015028,0.46169355511665344,0.14979839324951172
YLR286C,YEL017C-A,0,-6.517632,0.23535457253456116,0.46169355511665344,0.15000000596046448
YIL115C,YOR089C,0,-6.517899,0.23511293530464172,0.46169355511665344,0.15020161867141724
YKR035W-A,YKL182W,0,-6.518132,0.2348717898130417,0.46169355511665344,0.15040323138237
YNL038W,YJR086W,0,-6.518746,0.23463115096092224,0.46169355511665344,0.15060484409332275
YNR030W,YIL129C,0,-6.5188603,0.234390988945961,0.46169355511665344,0.1508064568042755
YDR175C,YGL210W,0,-6.519351,0.23415133357048035,0.46169355511665344,0.15100806951522827
YLR371W,YGL252C,0,-6.5203633,0.2339121550321579,0.46169355511665344,0.15120968222618103
YGL011C,YDR145W,0,-6.5224147,0.23367346823215485,0.46169355511665344,0.1514112949371338
YJR055W,YDL150W,0,-6.52329,0.2334352731704712,0.46169355511665344,0.15161290764808655
YNL267W,YCR033W,0,-6.5248275,0.23319755494594574,0.46169355511665344,0.1518145203590393
YML094W,YOR254C,0,-6.5252643,0.23296032845973969,0.46169355511665344,0.15201613306999207
YDR016C,YGR046W,0,-6.5260444,0.23272357881069183,0.46169355511665344,0.15221774578094482
YCR075C,YKL197C,0,-6.5271683,0.23248730599880219,0.46169355511665344,0.15241935849189758
YER019W,YML021C,0,-6.527532,0.23225152492523193,0.46169355511665344,0.15262097120285034
YJL024C,YPL008W,0,-6.5283046,0.2320162057876587,0.46169355511665344,0.1528225839138031
YKL068W,YOL066C,0,-6.528396,0.23178137838840485,0.46169355511665344,0.15302419662475586
YDR517W,YJR066W,0,-6.5284934,0.231547012925148,0.46169355511665344,0.15322580933570862
YML078W,YBR098W,0,-6.5285325,0.23131312429904938,0.46169355511665344,0.15342742204666138
YLR380W,YML034W,0,-6.5288806,0.23107971251010895,0.46169355511665344,0.15362903475761414
YPL010W,YBR258C,0,-6.5297637,0.23084677755832672,0.46169355511665344,0.1538306474685669
YDR292C,YDL185W,0,-6.5310626,0.2306143045425415,0.46169355511665344,0.15403226017951965
YPL161C,YDR359C,0,-6.5310807,0.2303822934627533,0.46169355511665344,0.1542338728904724
YGR209C,YNL304W,1,-6.531881,0.23115578293800354,0.46370968222618103,0.1542338728904724
YBR297W,YOR149C,0,-6.532062,0.23092369735240936,0.46370968222618103,0.15443548560142517
YOR058C,YPR054W,0,-6.532207,0.2306920737028122,0.46370968222618103,0.15463709831237793
YLR015W,YPR179C,0,-6.5329022,0.23046092689037323,0.46370968222618103,0.1548387110233307
YMR029C,YDR265W,0,-6.5329776,0.23023022711277008,0.46370968222618103,0.15504032373428345
YIL097W,YGL163C,0,-6.534493,0.23000000417232513,0.46370968222618103,0.1552419364452362
YKL013C,YMR204C,1,-6.534511,0.23076923191547394,0.4657258093357086,0.1552419364452362
YNL059C,YLR335W,0,-6.535213,0.23053891956806183,0.4657258093357086,0.15544354915618896
YFR037C,YPR181C,0,-6.5353284,0.23030906915664673,0.4657258093357086,0.15564516186714172
YDR138W,YPR186C,0,-6.538385,0.23007968068122864,0.4657258093357086,0.15584677457809448
YBL069W,YJL198W,0,-6.539615,0.22985073924064636,0.4657258093357086,0.15604838728904724
YAL031C,YPR024W,0,-6.5399985,0.2296222597360611,0.4657258093357086,0.15625
YDR295C,YHL009C,0,-6.540491,0.22939424216747284,0.4657258093357086,0.15645161271095276
YMR240C,YGR074W,0,-6.541815,0.2291666716337204,0.4657258093357086,0.15665322542190552
YNL275W,YOR241W,0,-6.54203,0.22893954813480377,0.4657258093357086,0.15685483813285828
YDR174W,YDR429C,0,-6.5423,0.22871287167072296,0.4657258093357086,0.15705645084381104
YHR183W,YMR080C,0,-6.543091,0.22848664224147797,0.4657258093357086,0.1572580635547638
YJR103W,YOL129W,0,-6.5437236,0.22826087474822998,0.4657258093357086,0.15745967626571655
YGR121C,YLR298C,0,-6.5439515,0.22803553938865662,0.4657258093357086,0.1576612889766693
YER146W,YCR012W,0,-6.5440784,0.22781065106391907,0.4657258093357086,0.15786290168762207
YFR052W,YDR292C,0,-6.5442424,0.22758620977401733,0.4657258093357086,0.15806451439857483
YLR314C,YHR120W,0,-6.544479,0.22736220061779022,0.4657258093357086,0.1582661271095276
YOR239W,YDR099W,0,-6.54499,0.22713863849639893,0.4657258093357086,0.15846773982048035
YPL178W,YHR039C,0,-6.545214,0.22691552340984344,0.4657258093357086,0.1586693525314331
YJR025C,YJL012C,0,-6.5452952,0.22669284045696259,0.4657258093357086,0.15887096524238586
YNL199C,YGR013W,0,-6.5454354,0.22647058963775635,0.4657258093357086,0.15907257795333862
YBR085W,YBR288C,0,-6.5456977,0.22624877095222473,0.4657258093357086,0.15927419066429138
YMR208W,YKR067W,0,-6.546054,0.22602739930152893,0.4657258093357086,0.15947580337524414
YJL024C,YBR212W,0,-6.5466485,0.22580644488334656,0.4657258093357086,0.1596774160861969
YPL100W,YDL194W,0,-6.5476484,0.2255859375,0.4657258093357086,0.15987902879714966
YML004C,YMR047C,0,-6.5481296,0.22536584734916687,0.4657258093357086,0.16008064150810242
YBR086C,YBR276C,0,-6.548305,0.22514620423316956,0.4657258093357086,0.16028225421905518
YKL195W,YBR091C,0,-6.5499053,0.22492697834968567,0.4657258093357086,0.16048386693000793
YDR363W,YPL159C,0,-6.5502415,0.2247081696987152,0.4657258093357086,0.1606854796409607
YCR094W,YDL007W,0,-6.5520544,0.22448979318141937,0.4657258093357086,0.16088709235191345
YLR190W,YNL079C,1,-6.552476,0.2252427190542221,0.4677419364452362,0.16088709235191345
YBR131W,YLR103C,0,-6.5545387,0.2250242531299591,0.4677419364452362,0.1610887050628662
YLR154C,YBR058C,0,-6.555145,0.22480620443820953,0.4677419364452362,0.16129031777381897
YER020W,YHR074W,0,-6.5560303,0.2245885729789734,0.4677419364452362,0.16149193048477173
YBL078C,YDL065C,0,-6.556111,0.22437137365341187,0.4677419364452362,0.1616935431957245
YBR070C,YDR140W,0,-6.556207,0.22415459156036377,0.4677419364452362,0.16189515590667725
YML104C,YDR495C,1,-6.556653,0.22490347921848297,0.4697580635547638,0.16189515590667725
YGL116W,YDR279W,0,-6.5568404,0.22468659281730652,0.4697580635547638,0.16209676861763
YJR105W,YKR001C,0,-6.5578713,0.2244701385498047,0.4697580635547638,0.16229838132858276
YLR190W,YCL063W,1,-6.558328,0.2252165526151657,0.4717741906642914,0.16229838132858276
YNL169C,YLR079W,0,-6.558704,0.22499999403953552,0.4717741906642914,0.16249999403953552
YAL024C,YOL004W,0,-6.558968,0.22478386759757996,0.4717741906642914,0.16270160675048828
YCL031C,YCR009C,0,-6.5594335,0.22456814348697662,0.4717741906642914,0.16290321946144104
YOL076W,YLR386W,1,-6.560057,0.22531160712242126,0.47379031777381897,0.16290321946144104
YOL090W,YLR398C,0,-6.5602026,0.22509577870368958,0.47379031777381897,0.1631048321723938
YJL041W,YER031C,0,-6.5614963,0.2248803824186325,0.47379031777381897,0.16330644488334656
YOL008W,YBR082C,0,-6.5629463,0.22466538846492767,0.47379031777381897,0.16350805759429932
YLR231C,YDR363W-A,0,-6.5643234,0.22445081174373627,0.47379031777381897,0.16370967030525208
YDR028C,YPL210C,0,-6.5655293,0.2242366373538971,0.47379031777381897,0.16391128301620483
YIL105C,YNR031C,0,-6.567994,0.22402288019657135,0.47379031777381897,0.1641129106283188
YHR011W,YOR330C,0,-6.5681844,0.22380952537059784,0.47379031777381897,0.16431452333927155
YPL031C,YDR369C,0,-6.568395,0.22359657287597656,0.47379031777381897,0.1645161360502243
YPR104C,YDR483W,0,-6.5687094,0.2233840376138687,0.47379031777381897,0.16471774876117706
YBR234C,YDR495C,1,-6.570845,0.224121555685997,0.47580644488334656,0.16471774876117706
YOL045W,YDL138W,0,-6.571834,0.2239089161157608,0.47580644488334656,0.16491936147212982
YPR133C,YER093C,0,-6.5726705,0.22369667887687683,0.47580644488334656,0.16512097418308258
YDR507C,YPL155C,0,-6.572747,0.2234848439693451,0.47580644488334656,0.16532258689403534
YJR065C,YEL013W,1,-6.573672,0.22421948611736298,0.47782257199287415,0.16532258689403534
YER009W,YGL008C,0,-6.57418,0.22400756180286407,0.47782257199287415,0.1655241996049881
YMR255W,YNL032W,0,-6.5741916,0.2237960398197174,0.47782257199287415,0.16572581231594086
YBL008W,YDL190C,0,-6.574205,0.22358490526676178,0.47782257199287415,0.16592742502689362
YNL085W,YGR270W,0,-6.5742946,0.2233741730451584,0.47782257199287415,0.16612903773784637
YAL015C,YPL232W,0,-6.5745215,0.22316384315490723,0.47782257199287415,0.16633065044879913
YLR210W,YML012W,0,-6.576076,0.2229539006948471,0.47782257199287415,0.1665322631597519
YMR172W,YMR140W,0,-6.5776353,0.22274436056613922,0.47782257199287415,0.16673387587070465
YLR418C,YNL072W,0,-6.5778375,0.22253520786762238,0.47782257199287415,0.1669354885816574
YBR243C,YMR029C,0,-6.5779753,0.22232645750045776,0.47782257199287415,0.16713710129261017
YGR158C,YJL198W,0,-6.5781465,0.2221180945634842,0.47782257199287415,0.16733871400356293
YEL022W,YJL124C,0,-6.5781627,0.22191011905670166,0.47782257199287415,0.16754032671451569
YDR512C,YGR186W,0,-6.5786586,0.22170253098011017,0.47782257199287415,0.16774193942546844
YDR236C,YHL002W,0,-6.5825944,0.22149533033370972,0.47782257199287415,0.1679435521364212
YNL136W,YCR009C,0,-6.583051,0.2212885171175003,0.47782257199287415,0.16814516484737396
YPL098C,YDL200C,0,-6.583213,0.22108209133148193,0.47782257199287415,0.16834677755832672
YBR212W,YER111C,0,-6.5848284,0.2208760529756546,0.47782257199287415,0.16854839026927948
YIR015W,YBR258C,0,-6.5850945,0.22067038714885712,0.47782257199287415,0.16875000298023224
YBR008C,YGL136C,0,-6.585538,0.22046512365341187,0.47782257199287415,0.168951615691185
YMR012W,YLR411W,0,-6.585713,0.22026021778583527,0.47782257199287415,0.16915322840213776
YLR362W,YFR003C,0,-6.5860777,0.2200557142496109,0.47782257199287415,0.16935484111309052
YDR411C,YLR360W,0,-6.5867524,0.21985158324241638,0.47782257199287415,0.16955645382404327
YJL214W,YJL156C,0,-6.5887733,0.2196478247642517,0.47782257199287415,0.16975806653499603
YPR081C,YGL227W,0,-6.5888224,0.21944443881511688,0.47782257199287415,0.1699596792459488
YKL194C,YPL234C,0,-6.589354,0.2192414402961731,0.47782257199287415,0.17016129195690155
YLR154C,YOR194C,0,-6.5902534,0.21903881430625916,0.47782257199287415,0.1703629046678543
YKR087C,YER003C,0,-6.5910954,0.21883656084537506,0.47782257199287415,0.17056451737880707
YGL155W,YPL010W,0,-6.5918374,0.2186346799135208,0.47782257199287415,0.17076613008975983
YPR131C,YDR495C,1,-6.5919995,0.21935483813285828,0.47983869910240173,0.17076613008975983
YDR231C,YMR264W,0,-6.592026,0.21915285289287567,0.47983869910240173,0.17096774280071259
YGL201C,YKL057C,0,-6.5920935,0.2189512401819229,0.47983869910240173,0.17116935551166534
YJL020C,YER041W,0,-6.59345,0.21875,0.47983869910240173,0.1713709682226181
YNL079C,YLR386W,1,-6.593554,0.2194674015045166,0.4818548262119293,0.1713709682226181
YLR319C,YEL050C,0,-6.5950255,0.21926605701446533,0.4818548262119293,0.17157258093357086
YOR034C,YDL138W,0,-6.5951724,0.2190650850534439,0.4818548262119293,0.17177419364452362
YAL051W,YBR043C,0,-6.5955195,0.21886447072029114,0.4818548262119293,0.17197580635547638
YGL094C,YER118C,0,-6.5962625,0.2186642289161682,0.4818548262119293,0.17217741906642914
YAL010C,YDL006W,1,-6.5963387,0.21937842667102814,0.4838709533214569,0.17217741906642914
YGL211W,YOR116C,0,-6.5963798,0.21917808055877686,0.4838709533214569,0.1723790317773819
YNL079C,YLR240W,1,-6.596682,0.2198905050754547,0.4858871102333069,0.1723790317773819
YKL092C,YMR052W,0,-6.5970397,0.21969006955623627,0.4858871102333069,0.17258064448833466
YDL029W,YML104C,1,-6.597044,0.22040073573589325,0.4879032373428345,0.17258064448833466
YLR390W-A,YDL159W,0,-6.5971317,0.22020018100738525,0.4879032373428345,0.17278225719928741
YLR105C,YNL167C,0,-6.597481,0.2199999988079071,0.4879032373428345,0.17298386991024017
YJR065C,YAL010C,1,-6.5974917,0.2207084447145462,0.48991936445236206,0.17298386991024017
YMR047C,YMR153W,0,-6.59757,0.2205081731081009,0.48991936445236206,0.17318548262119293
YBR145W,YML116W,0,-6.5982614,0.22030824422836304,0.48991936445236206,0.1733870953321457
YDR030C,YPL092W,0,-6.598307,0.22010870277881622,0.48991936445236206,0.17358870804309845
YJL071W,YMR179W,0,-6.598937,0.21990950405597687,0.48991936445236206,0.1737903207540512
YKL149C,YOR259C,0,-6.5991387,0.21971066296100616,0.48991936445236206,0.17399193346500397
YJR065C,YDR150W,1,-6.5996623,0.22041553258895874,0.49193549156188965,0.17399193346500397
YLR098C,YDL230W,0,-6.5998254,0.22021660208702087,0.49193549156188965,0.17419354617595673
YKL062W,YCL032W,0,-6.600016,0.22001802921295166,0.49193549156188965,0.17439515888690948
YBL106C,YPL057C,0,-6.60132,0.2198198139667511,0.49193549156188965,0.17459677159786224
YML052W,YOR143C,0,-6.6015053,0.2196219563484192,0.49193549156188965,0.174798384308815
YOR058C,YOR299W,0,-6.602032,0.21942445635795593,0.49193549156188965,0.17499999701976776
YDR091C,YKR072C,0,-6.602033,0.21922731399536133,0.49193549156188965,0.17520160973072052
YKL182W,YLR032W,0,-6.6021023,0.21903051435947418,0.49193549156188965,0.17540322244167328
YKL002W,YOL129W,0,-6.602234,0.21883408725261688,0.49193549156188965,0.17560483515262604
YJR068W,YMR235C,0,-6.6031117,0.21863798797130585,0.49193549156188965,0.1758064478635788
YBR106W,YKL018W,0,-6.6032662,0.21844226121902466,0.49193549156188965,0.17600806057453156
YJL183W,YLR383W,0,-6.603474,0.21824686229228973,0.49193549156188965,0.17620967328548431
YMR072W,YLR190W,1,-6.604738,0.2189454883337021,0.49395161867141724,0.17620967328548431
YAL021C,YKR065C,0,-6.6054873,0.21875,0.49395161867141724,0.17641128599643707
YLR212C,YHR135C,0,-6.606467,0.21855485439300537,0.49395161867141724,0.17661289870738983
YJL128C,YBL088C,0,-6.606626,0.2183600664138794,0.49395161867141724,0.1768145114183426
YNL302C,YCR084C,0,-6.6069593,0.21816562116146088,0.49395161867141724,0.17701612412929535
YOL008W,YDR464W,0,-6.608273,0.217971533536911,0.49395161867141724,0.1772177368402481
YGR116W,YOR172W,0,-6.6088653,0.2177777737379074,0.49395161867141724,0.17741934955120087
YLR309C,YLR176C,0,-6.6091495,0.21758437156677246,0.49395161867141724,0.17762096226215363
YER025W,YKL082C,0,-6.6099677,0.21739129722118378,0.49395161867141724,0.17782257497310638
YGR119C,YGR181W,0,-6.6102114,0.21719858050346375,0.49395161867141724,0.17802418768405914
YER088C,YDR425W,0,-6.6107965,0.21700620651245117,0.49395161867141724,0.1782258003950119
YJR004C,YGR143W,0,-6.6112847,0.21681416034698486,0.49395161867141724,0.17842741310596466
YNL074C,YNL047C,0,-6.6116853,0.216622456908226,0.49395161867141724,0.17862902581691742
YOR299W,YMR270C,0,-6.611759,0.21643109619617462,0.49395161867141724,0.17883063852787018
YIL026C,YMR004W,0,-6.6119494,0.2162400633096695,0.49395161867141724,0.17903225123882294
YJR065C,YNL304W,1,-6.61195,0.21693122386932373,0.4959677457809448,0.17903225123882294
YHR203C,YOL006C,0,-6.6121545,0.21674008667469025,0.4959677457809448,0.1792338639497757
YMR204C,YLR190W,1,-6.6121764,0.21742957830429077,0.4979838728904724,0.1792338639497757
YKR099W,YNL032W,0,-6.6129932,0.21723835170269012,0.4979838728904724,0.17943547666072845
YNL145W,YMR313C,0,-6.613373,0.21704745292663574,0.4979838728904724,0.1796370893716812
YLR078C,YGR253C,0,-6.614079,0.21685689687728882,0.4979838728904724,0.17983871698379517
YCR009C,YOR076C,0,-6.61748,0.21666666865348816,0.4979838728904724,0.18004032969474792
YML126C,YGL084C,0,-6.6179547,0.21647676825523376,0.4979838728904724,0.18024194240570068
YML024W,YKL018W,0,-6.618565,0.21628721058368683,0.4979838728904724,0.18044355511665344
YLR226W,YER003C,0,-6.619124,0.21609798073768616,0.4979838728904724,0.1806451678276062
YDR302W,YPL002C,0,-6.6192203,0.21590909361839294,0.4979838728904724,0.18084678053855896
YLR335W,YDL225W,0,-6.6206985,0.2157205194234848,0.4979838728904724,0.18104839324951172
YDR284C,YDR159W,0,-6.621301,0.21553228795528412,0.4979838728904724,0.18125000596046448
YBR057C,YGL210W,0,-6.6217217,0.2153443694114685,0.4979838728904724,0.18145161867141724
YOR147W,YDL006W,1,-6.6220326,0.2160278707742691,0.5,0.18145161867141724
YML110C,YDR260C,0,-6.6225576,0.21583986282348633,0.5,0.18165323138237
YHR098C,YGL243W,0,-6.622709,0.21565216779708862,0.5,0.18185484409332275
YOR281C,YML127W,0,-6.6229415,0.21546481549739838,0.5,0.1820564568042755
YNL080C,YPR033C,0,-6.6231875,0.2152777761220932,0.5,0.18225806951522827
YMR202W,YJL012C,0,-6.6240487,0.2150910645723343,0.5,0.18245968222618103
YLR103C,YOL008W,0,-6.6241736,0.21490468084812164,0.5,0.1826612949371338
YBR039W,YKL038W,0,-6.624823,0.21471861004829407,0.5,0.18286290764808655
YGL071W,YBR043C,0,-6.6250787,0.21453286707401276,0.5,0.1830645203590393
YKL001C,YEL017C-A,0,-6.625397,0.2143474519252777,0.5,0.18326613306999207
YPR185W,YER173W,0,-6.626075,0.21416234970092773,0.5,0.18346774578094482
YPR018W,YER117W,0,-6.6263514,0.21397756040096283,0.5,0.18366935849189758
YLL022C,YAL011W,0,-6.626886,0.2137930989265442,0.5,0.18387097120285034
YOR147W,YPR131C,1,-6.627155,0.2144702821969986,0.5020161271095276,0.18387097120285034
YKR090W,YOR083W,0,-6.6271954,0.2142857164144516,0.5020161271095276,0.1840725839138031
YFL050C,YLR097C,0,-6.6272397,0.21410146355628967,0.5020161271095276,0.18427419662475586
YER122C,YFL037W,0,-6.627243,0.21391752362251282,0.5020161271095276,0.18447580933570862
YER032W,YDL230W,0,-6.62774,0.21373391151428223,0.5020161271095276,0.18467742204666138
YBR258C,YOR069W,0,-6.628441,0.2135505974292755,0.5020161271095276,0.18487903475761414
YLR206W,YML004C,0,-6.629795,0.21336761116981506,0.5020161271095276,0.1850806474685669
YBR202W,YOR232W,0,-6.6301255,0.21318493783473969,0.5020161271095276,0.18528226017951965
YDL192W,YOR046C,0,-6.6301446,0.21300256252288818,0.5020161271095276,0.1854838728904724
YGR157W,YMR076C,0,-6.630324,0.21282051503658295,0.5020161271095276,0.18568548560142517
YNL054W,YNL304W,1,-6.630755,0.2134927362203598,0.5040322542190552,0.18568548560142517
YIL143C,YPR095C,0,-6.6317368,0.2133105844259262,0.5040322542190552,0.18588709831237793
YML104C,YDR150W,1,-6.632108,0.2139812409877777,0.5060483813285828,0.18588709831237793
YER040W,YJL214W,0,-6.6324387,0.21379898488521576,0.5060483813285828,0.1860887110233307
YHR133C,YGR090W,0,-6.6332946,0.21361702680587769,0.5060483813285828,0.18629032373428345
YBL006C,YGL106W,0,-6.634303,0.2134353667497635,0.5060483813285828,0.1864919364452362
YPL233W,YBR082C,0,-6.635053,0.21325403451919556,0.5060483813285828,0.18669354915618896
YDL019C,YER003C,0,-6.635184,0.2130730003118515,0.5060483813285828,0.18689516186714172
YMR237W,YOL012C,0,-6.6353755,0.21289227902889252,0.5060483813285828,0.18709677457809448
YLR295C,YDR293C,0,-6.635737,0.2127118706703186,0.5060483813285828,0.18729838728904724
YJL020C,YOL143C,0,-6.6363587,0.21253174543380737,0.5060483813285828,0.1875
YBR079C,YER120W,0,-6.637304,0.2123519480228424,0.5060483813285828,0.18770161271095276
YDL005C,YGR199W,0,-6.6381993,0.21217244863510132,0.5060483813285828,0.18790322542190552
YNL101W,YJR059W,0,-6.6395383,0.2119932472705841,0.5060483813285828,0.18810483813285828
YKR007W,YNL246W,0,-6.640947,0.21181434392929077,0.5060483813285828,0.18830645084381104
YGR180C,YEL004W,0,-6.641052,0.2116357535123825,0.5060483813285828,0.1885080635547638
YNL233W,YDR279W,0,-6.641768,0.21145746111869812,0.5060483813285828,0.18870967626571655
YLR096W,YMR296C,0,-6.6426353,0.2112794667482376,0.5060483813285828,0.1889112889766693
YHR194W,YPR131C,1,-6.643411,0.21194280683994293,0.5080645084381104,0.1889112889766693
YOL089C,YOR368W,0,-6.6438384,0.21176470816135406,0.5080645084381104,0.18911290168762207
YGR246C,YPL180W,0,-6.6438823,0.21158690750598907,0.5080645084381104,0.18931451439857483
YLR110C,YNL232W,0,-6.6446347,0.21140938997268677,0.5080645084381104,0.1895161271095276
YJR108W,YJL065C,0,-6.6451373,0.21123218536376953,0.5080645084381104,0.18971773982048035
YJR094C,YNL007C,0,-6.6455007,0.21105527877807617,0.5080645084381104,0.1899193525314331
YOR113W,YDR093W,0,-6.6456137,0.2108786553144455,0.5080645084381104,0.19012096524238586
YOR103C,YGL135W,0,-6.6480155,0.2107023447751999,0.5080645084381104,0.19032257795333862
YLR370C,YML104C,1,-6.648047,0.21136173605918884,0.5100806355476379,0.19032257795333862
YNL177C,YAR003W,0,-6.648618,0.2111853063106537,0.5100806355476379,0.19052419066429138
YIL062C,YEL013W,1,-6.6489553,0.21184320747852325,0.5120967626571655,0.19052419066429138
YLR370C,YLR043C,1,-6.649734,0.21250000596046448,0.5141128897666931,0.19052419066429138
YCR088W,YML095C,0,-6.6499887,0.21232306957244873,0.5141128897666931,0.19072580337524414
YGR060W,YHR183W,0,-6.65,0.21214641630649567,0.5141128897666931,0.1909274160861969
YGL105W,YNL257C,0,-6.650908,0.21197007596492767,0.5141128897666931,0.19112902879714966
YJR065C,YDL006W,1,-6.6510816,0.21262457966804504,0.5161290168762207,0.19112902879714966
YER019W,YBR245C,0,-6.651526,0.2124481350183487,0.5161290168762207,0.19133064150810242
YGR209C,YNL054W,1,-6.6515408,0.21310116350650787,0.5181451439857483,0.19133064150810242
YGL061C,YBR081C,0,-6.651695,0.21292459964752197,0.5181451439857483,0.19153225421905518
YPL175W,YMR260C,0,-6.6520495,0.21274834871292114,0.5181451439857483,0.19173386693000793
YCR020W-B,YDR483W,0,-6.65268,0.212572380900383,0.5181451439857483,0.1919354796409607
YBR234C,YLR240W,1,-6.6527143,0.2132231444120407,0.5201612710952759,0.1919354796409607
YER003C,YFR048W,0,-6.6534085,0.2130470722913742,0.5201612710952759,0.19213709235191345
YDL069C,YOL072W,0,-6.653483,0.21287128329277039,0.5201612710952759,0.1923387050628662
YNL314W,YER106W,0,-6.6545444,0.21269579231739044,0.5201612710952759,0.19254031777381897
YPR029C,YKL160W,0,-6.656565,0.21252059936523438,0.5201612710952759,0.19274193048477173
YOR147W,YGR209C,1,-6.6568046,0.21316872537136078,0.5221773982048035,0.19274193048477173
YDR485C,YDL120W,0,-6.657155,0.21299342811107635,0.5221773982048035,0.1929435431957245
YNL009W,YDL044C,0,-6.6572165,0.21281839907169342,0.5221773982048035,0.19314515590667725
YOR153W,YOR187W,0,-6.6575255,0.21264368295669556,0.5221773982048035,0.19334676861763
YJR091C,YGR008C,0,-6.6583276,0.21246923506259918,0.5221773982048035,0.19354838132858276
YPR183W,YDR116C,0,-6.65859,0.21229508519172668,0.5221773982048035,0.19374999403953552
YMR199W,YML067C,0,-6.6586213,0.21212121844291687,0.5221773982048035,0.19395160675048828
YHR183W,YKL085W,0,-6.6589746,0.21194761991500854,0.5221773982048035,0.19415321946144104
YDR108W,YMR075W,0,-6.6592894,0.2117743194103241,0.5221773982048035,0.1943548321723938
YKR065C,YOR036W,0,-6.660046,0.21160130202770233,0.5221773982048035,0.19455644488334656
YDR364C,YLR106C,0,-6.66071,0.21142856776714325,0.5221773982048035,0.19475805759429932
YKL204W,YJL106W,0,-6.6616693,0.21125611662864685,0.5221773982048035,0.19495967030525208
YPR057W,YLR298C,0,-6.6621985,0.21108394861221313,0.5221773982048035,0.19516128301620483
YIL140W,YGR274C,0,-6.662478,0.2109120488166809,0.5221773982048035,0.1953629106283188
YDR030C,YDR457W,0,-6.6627517,0.21074043214321136,0.5221773982048035,0.19556452333927155
YPL084W,YDR388W,0,-6.6629014,0.2105690985918045,0.5221773982048035,0.1957661360502243
YJL178C,YER147C,0,-6.662929,0.21039804816246033,0.5221773982048035,0.19596774876117706
YGR229C,YBR127C,0,-6.663021,0.21022726595401764,0.5221773982048035,0.19616936147212982
YMR207C,YDL077C,0,-6.663115,0.21005676686763763,0.5221773982048035,0.19637097418308258
YIL154C,YDL065C,0,-6.663545,0.2098865509033203,0.5221773982048035,0.19657258689403534
YDL197C,YDR243C,0,-6.664154,0.20971660315990448,0.5221773982048035,0.1967741996049881
YMR004W,YGR116W,0,-6.6646934,0.20954692363739014,0.5221773982048035,0.19697581231594086
YDL006W,YLR043C,1,-6.6656528,0.2101859301328659,0.524193525314331,0.19697581231594086
YJR044C,YJL141C,0,-6.666393,0.2100161612033844,0.524193525314331,0.19717742502689362
YBR258C,YGR002C,0,-6.666823,0.2098466455936432,0.524193525314331,0.19737903773784637
YPL094C,YPL016W,0,-6.667703,0.20967741310596466,0.524193525314331,0.19758065044879913
YDL165W,YOR025W,0,-6.6683555,0.20950846374034882,0.524193525314331,0.1977822631597519
YLR025W,YML015C,0,-6.668512,0.20933976769447327,0.524193525314331,0.19798387587070465
YER154W,YGL232W,0,-6.668543,0.2091713547706604,0.524193525314331,0.1981854885816574
YNL051W,YJL061W,0,-6.6697035,0.20900321006774902,0.524193525314331,0.19838710129261017
YDL209C,YGR004W,0,-6.6697764,0.20883534848690033,0.524193525314331,0.19858871400356293
YGR008C,YEL012W,0,-6.6699786,0.20866774022579193,0.524193525314331,0.19879032671451569
YMR035W,YNL330C,0,-6.6702275,0.20850040018558502,0.524193525314331,0.19899193942546844
YDL029W,YLR240W,1,-6.6710243,0.20913460850715637,0.5262096524238586,0.19899193942546844
YDR150W,YLR386W,1,-6.6715736,0.20976781845092773,0.5282257795333862,0.19899193942546844
YNL054W,YLR240W,1,-6.6716533,0.21040000021457672,0.5302419066429138,0.19899193942546844
YCR092C,YHR206W,0,-6.671678,0.21023181080818176,0.5302419066429138,0.1991935521364212
YHR061C,YER019W,0,-6.672046,0.2100639045238495,0.5302419066429138,0.19939516484737396
YGL213C,YBR175W,0,-6.6726904,0.2098962515592575,0.5302419066429138,0.19959677755832672
YGR278W,YML095C,0,-6.674845,0.20972886681556702,0.5302419066429138,0.19979839026927948
YKR007W,YNL149C,0,-6.675285,0.20956175029277802,0.5302419066429138,0.20000000298023224
YKL068W,YPL131W,0,-6.6760454,0.2093949019908905,0.5302419066429138,0.200201615691185
YER172C,YKR038C,0,-6.676734,0.20922832190990448,0.5302419066429138,0.20040322840213776
YIL033C,YDR243C,0,-6.676742,0.20906201004981995,0.5302419066429138,0.20060484111309052
YLR370C,YDR150W,1,-6.6779146,0.20969022810459137,0.5322580933570862,0.20060484111309052
YDL140C,YPL029W,0,-6.6780934,0.20952381193637848,0.5322580933570862,0.20080645382404327
YOR061W,YNR031C,0,-6.6784005,0.20935764908790588,0.5322580933570862,0.20100806653499603
YDR254W,YPL231W,0,-6.6788487,0.20919175446033478,0.5322580933570862,0.2012096792459488
YJL121C,YIL068C,0,-6.680254,0.20902612805366516,0.5322580933570862,0.20141129195690155
YHR115C,YMR164C,0,-6.6804166,0.20886075496673584,0.5322580933570862,0.2016129046678543
YNL039W,YIL072W,0,-6.6808996,0.208695650100708,0.5322580933570862,0.20181451737880707
YOR113W,YLR119W,0,-6.6812043,0.20853079855442047,0.5322580933570862,0.20201613008975983
YDR337W,YKL108W,0,-6.682465,0.20836621522903442,0.5322580933570862,0.20221774280071259
YKR007W,YMR270C,0,-6.682529,0.20820190012454987,0.5322580933570862,0.20241935551166534
YDR512C,YGR133W,0,-6.683292,0.2080378234386444,0.5322580933570862,0.2026209682226181
YDL113C,YOL038W,0,-6.683697,0.20787401497364044,0.5322580933570862,0.20282258093357086
YML042W,YLR254C,0,-6.6837173,0.20771045982837677,0.5322580933570862,0.20302419364452362
YPL221W,YLR298C,0,-6.6838126,0.2075471729040146,0.5322580933570862,0.20322580635547638
YLL031C,YOR301W,0,-6.6842504,0.2073841392993927,0.5322580933570862,0.20342741906642914
YOL051W,YDR329C,0,-6.6846266,0.20722134411334991,0.5322580933570862,0.2036290317773819
YJL014W,YGR199W,0,-6.685025,0.20705881714820862,0.5322580933570862,0.20383064448833466
YLR068W,YDR532C,0,-6.6857877,0.2068965584039688,0.5322580933570862,0.20403225719928741
YPL100W,YAR007C,0,-6.68698,0.2067345380783081,0.5322580933570862,0.20423386991024017
YBL019W,YDR362C,0,-6.6870923,0.2065727710723877,0.5322580933570862,0.20443548262119293
YER083C,YGR216C,0,-6.687548,0.20641125738620758,0.5322580933570862,0.2046370953321457
YDR284C,YER027C,0,-6.6878204,0.20624999701976776,0.5322580933570862,0.20483870804309845
YDR414C,YER148W,0,-6.6879983,0.20608898997306824,0.5322580933570862,0.2050403207540512
YNL099C,YLR196W,0,-6.688723,0.205928236246109,0.5322580933570862,0.20524193346500397
YOR067C,YMR065W,0,-6.6894965,0.20576773583889008,0.5322580933570862,0.20544354617595673
YDR153C,YLL002W,0,-6.690059,0.20560747385025024,0.5322580933570862,0.20564515888690948
YJR097W,YLL034C,0,-6.6908813,0.2054474651813507,0.5322580933570862,0.20584677159786224
YDR353W,YMR284W,0,-6.690968,0.20528770983219147,0.5322580933570862,0.206048384308815
YOR123C,YER006W,0,-6.6911683,0.20512820780277252,0.5322580933570862,0.20624999701976776
YIR023W,YNL330C,0,-6.6913295,0.20496894419193268,0.5322580933570862,0.20645160973072052
YJR118C,YER123W,0,-6.692037,0.20480993390083313,0.5322580933570862,0.20665322244167328
YBL050W,YPR161C,0,-6.692834,0.20465116202831268,0.5322580933570862,0.20685483515262604
YKL204W,YKL048C,0,-6.694711,0.20449264347553253,0.5322580933570862,0.2070564478635788
YOL009C,YPR131C,1,-6.6951966,0.20510835945606232,0.5342742204666138,0.2070564478635788
YLR195C,YLR034C,0,-6.695335,0.2049497365951538,0.5342742204666138,0.20725806057453156
YML055W,YPL020C,0,-6.696738,0.2047913372516632,0.5342742204666138,0.20745967328548431
YNL323W,YOR330C,0,-6.6970115,0.2046332061290741,0.5342742204666138,0.20766128599643707
YBR274W,YGR268C,0,-6.697937,0.2044753134250641,0.5342742204666138,0.20786289870738983
YBL020W,YBR175W,0,-6.6981406,0.20431765913963318,0.5342742204666138,0.2080645114183426
YML048W,YNL201C,0,-6.6984663,0.20416024327278137,0.5342742204666138,0.20826612412929535
YBL041W,YKL175W,0,-6.6989374,0.20400308072566986,0.5342742204666138,0.2084677368402481
YNL227C,YOR359W,0,-6.699544,0.20384615659713745,0.5342742204666138,0.20866934955120087
YKL114C,YLR274W,0,-6.699881,0.20368947088718414,0.5342742204666138,0.20887096226215363
YPL179W,YFR051C,0,-6.6998916,0.20353302359580994,0.5342742204666138,0.20907257497310638
YBR228W,YML098W,0,-6.700672,0.20337682962417603,0.5342742204666138,0.20927418768405914
YDR394W,YDR416W,0,-6.7007604,0.20322085916996002,0.5342742204666138,0.2094758003950119
YNL172W,YNL047C,0,-6.7009892,0.20306512713432312,0.5342742204666138,0.20967741310596466
YFR051C,YMR117C,0,-6.7026935,0.2029096484184265,0.5342742204666138,0.20987902581691742
YIL125W,YGR270W,0,-6.70346,0.20275439321994781,0.5342742204666138,0.21008063852787018
YGL092W,YPL012W,0,-6.7039323,0.2025993913412094,0.5342742204666138,0.21028225123882294
YLR114C,YGR222W,0,-6.704225,0.20244461297988892,0.5342742204666138,0.2104838639497757
YJR108W,YOR259C,0,-6.70438,0.20229007303714752,0.5342742204666138,0.21068547666072845
YLR170C,YPL210C,0,-6.704572,0.20213577151298523,0.5342742204666138,0.2108870893716812
YMR255W,YKL085W,0,-6.705413,0.20198170840740204,0.5342742204666138,0.21108871698379517
YDL099W,YIL013C,0,-6.706324,0.20182786881923676,0.5342742204666138,0.21129032969474792
YML012W,YBR283C,0,-6.706945,0.20167428255081177,0.5342742204666138,0.21149194240570068
YHR043C,YOR230W,0,-6.708971,0.2015209197998047,0.5342742204666138,0.21169355511665344
YER172C,YBR043C,0,-6.709102,0.20136778056621552,0.5342742204666138,0.2118951678276062
YOL038W,YGR172C,0,-6.709403,0.20121487975120544,0.5342742204666138,0.21209678053855896
YJR053W,YDR437W,0,-6.709438,0.20106221735477448,0.5342742204666138,0.21229839324951172
YAL010C,YGL055W,1,-6.709961,0.2016679346561432,0.5362903475761414,0.21229839324951172
YPL208W,YLR249W,0,-6.7107677,0.20151515305042267,0.5362903475761414,0.21250000596046448
YIL037C,YER018C,0,-6.7113843,0.20136260986328125,0.5362903475761414,0.21270161867141724
YER016W,YNR011C,0,-6.711406,0.20121029019355774,0.5362903475761414,0.21290323138237
YOL012C,YML065W,0,-6.711492,0.20105819404125214,0.5362903475761414,0.21310484409332275
YIL034C,YIR009W,0,-6.712033,0.20090635120868683,0.5362903475761414,0.2133064568042755
YJR022W,YIL007C,0,-6.712335,0.20075471699237823,0.5362903475761414,0.21350806951522827
YGR038W,YDR323C,0,-6.7126603,0.20060332119464874,0.5362903475761414,0.21370968222618103
YNL049C,YLR130C,0,-6.7128396,0.20045214891433716,0.5362903475761414,0.2139112949371338
YCL044C,YIR022W,0,-6.7130313,0.20030120015144348,0.5362903475761414,0.21411290764808655
YBL097W,YBR086C,0,-6.7136865,0.2001504898071289,0.5362903475761414,0.2143145203590393
YML048W,YLR266C,0,-6.7138324,0.20000000298023224,0.5362903475761414,0.21451613306999207
YBR272C,YOR137C,0,-6.715185,0.19984973967075348,0.5362903475761414,0.21471774578094482
YLR154C,YPR095C,0,-6.715842,0.19969969987869263,0.5362903475761414,0.21491935849189758
YJR089W,YHR098C,0,-6.7159247,0.19954988360404968,0.5362903475761414,0.21512097120285034
YDR150W,YDR495C,1,-6.71621,0.20014992356300354,0.538306474685669,0.21512097120285034
YFL031W,YML046W,0,-6.7166066,0.20000000298023224,0.538306474685669,0.2153225839138031
YCR009C,YKL203C,0,-6.716626,0.19985030591487885,0.538306474685669,0.21552419662475586
YBR135W,YPL131W,0,-6.7173486,0.19970081746578217,0.538306474685669,0.21572580933570862
YEL013W,YLR240W,1,-6.7174845,0.2002989500761032,0.5403226017951965,0.21572580933570862
YDL188C,YLR313C,0,-6.719318,0.20014937222003937,0.5403226017951965,0.21592742204666138
YGR252W,YPL065W,0,-6.7196927,0.20000000298023224,0.5403226017951965,0.21612903475761414
YGL089C,YGL183C,0,-6.7202487,0.19985085725784302,0.5403226017951965,0.2163306474685669
YBR132C,YDL120W,0,-6.720416,0.1997019350528717,0.5403226017951965,0.21653226017951965
YML008C,YER020W,0,-6.721747,0.1995532363653183,0.5403226017951965,0.2167338728904724
YKR085C,YFR040W,0,-6.7219534,0.1994047611951828,0.5403226017951965,0.21693548560142517
YML004C,YKL170W,0,-6.722191,0.1992565095424652,0.5403226017951965,0.21713709831237793
YJL076W,YNL163C,0,-6.722809,0.19910846650600433,0.5403226017951965,0.2173387110233307
YJR147W,YDL185W,0,-6.723553,0.19896064698696136,0.5403226017951965,0.21754032373428345
YHR099W,YPR173C,0,-6.7238054,0.1988130509853363,0.5403226017951965,0.2177419364452362
YJL041W,YPR189W,0,-6.723962,0.19866567850112915,0.5403226017951965,0.21794354915618896
YMR298W,YCR012W,0,-6.7241645,0.1985185146331787,0.5403226017951965,0.21814516186714172
YPL015C,YKL080W,0,-6.724357,0.19837157428264618,0.5403226017951965,0.21834677457809448
YDL216C,YKL108W,0,-6.7245545,0.19822485744953156,0.5403226017951965,0.21854838728904724
YIL115C,YBL106C,0,-6.7250943,0.19807834923267365,0.5403226017951965,0.21875
YPR161C,YOR159C,0,-6.725228,0.19793204963207245,0.5403226017951965,0.21895161271095276
YMR299C,YPL076W,0,-6.726393,0.19778597354888916,0.5403226017951965,0.21915322542190552
YNL051W,YBR006W,0,-6.727671,0.19764012098312378,0.5403226017951965,0.21935483813285828
YJR065C,YLR190W,1,-6.7277503,0.19823139905929565,0.5423387289047241,0.21935483813285828
YNL156C,YER018C,0,-6.730163,0.19808541238307953,0.5423387289047241,0.21955645084381104
YDL166C,YKL018W,0,-6.7307,0.1979396641254425,0.5423387289047241,0.2197580635547638
YIL062C,YOL076W,1,-6.7307854,0.1985294073820114,0.5443548560142517,0.2197580635547638
YLR210W,YFR048W,0,-6.7313714,0.19838353991508484,0.5443548560142517,0.21995967626571655
YDR288W,YMR153W,0,-6.7315755,0.19823788106441498,0.5443548560142517,0.2201612889766693
YDL006W,YGR209C,1,-6.7338443,0.1988261193037033,0.5463709831237793,0.2201612889766693
YBR131W,YPR103W,0,-6.7343946,0.1986803561449051,0.5463709831237793,0.22036290168762207
YLR453C,YGR056W,0,-6.734769,0.1985348016023636,0.5463709831237793,0.22056451439857483
YJL170C,YEL060C,0,-6.736169,0.1983894556760788,0.5463709831237793,0.2207661271095276
YGL233W,YML034W,0,-6.73682,0.19824433326721191,0.5463709831237793,0.22096773982048035
YER028C,YPR186C,0,-6.7370644,0.19809941947460175,0.5463709831237793,0.2211693525314331
YMR070W,YPL274W,0,-6.7371907,0.1979547142982483,0.5463709831237793,0.22137096524238586
YCR033W,YCR084C,0,-6.7389035,0.19781021773815155,0.5463709831237793,0.22157257795333862
YKL054C,YGL025C,0,-6.739077,0.19766594469547272,0.5463709831237793,0.22177419066429138
YFR024C-A,YOR216C,0,-6.7391057,0.1975218653678894,0.5463709831237793,0.22197580337524414
YIL159W,YML046W,0,-6.73941,0.197378009557724,0.5463709831237793,0.2221774160861969
YLL060C,YCL017C,0,-6.739607,0.1972343474626541,0.5463709831237793,0.22237902879714966
YOR113W,YDL120W,0,-6.7396636,0.19709090888500214,0.5463709831237793,0.22258064150810242
YOR030W,YNL082W,0,-6.740671,0.19694767892360687,0.5463709831237793,0.22278225421905518
YHR204W,YKL041W,0,-6.7415004,0.19680464267730713,0.5463709831237793,0.22298386693000793
YEL061C,YGR121C,0,-6.7427936,0.1966618299484253,0.5463709831237793,0.2231854796409607
YKL189W,YJL207C,0,-6.7432337,0.19651921093463898,0.5463709831237793,0.22338709235191345
YIL034C,YBL033C,0,-6.7434726,0.19637681543827057,0.5463709831237793,0.2235887050628662
YDR116C,YNL055C,0,-6.7437043,0.19623461365699768,0.5463709831237793,0.22379031777381897
YDR142C,YER075C,0,-6.743756,0.1960926204919815,0.5463709831237793,0.22399193048477173
YPR072W,YDR451C,0,-6.7438617,0.19595083594322205,0.5463709831237793,0.2241935431957245
YOR113W,YKR085C,0,-6.7445083,0.1958092451095581,0.5463709831237793,0.22439515590667725
YPR070W,YOL088C,0,-6.744822,0.19566786289215088,0.5463709831237793,0.22459676861763
YDR448W,YPL008W,0,-6.744965,0.19552668929100037,0.5463709831237793,0.22479838132858276
YIR005W,YNL173C,0,-6.745667,0.19538572430610657,0.5463709831237793,0.22499999403953552
YOR180C,YMR133W,0,-6.7456994,0.1952449530363083,0.5463709831237793,0.22520160675048828
YOR025W,YDR097C,0,-6.7462897,0.19510439038276672,0.5463709831237793,0.22540321946144104
YDR138W,YOL061W,0,-6.7469745,0.19496402144432068,0.5463709831237793,0.2256048321723938
YPL043W,YER049W,0,-6.7474446,0.19482386112213135,0.5463709831237793,0.22580644488334656
YBR273C,YOR075W,0,-6.747752,0.19468390941619873,0.5463709831237793,0.22600805759429932
YKL195W,YPL057C,0,-6.749012,0.19454415142536163,0.5463709831237793,0.22620967030525208
YLR138W,YDR265W,0,-6.749165,0.19440458714962006,0.5463709831237793,0.22641128301620483
YOR299W,YDR174W,0,-6.749178,0.1942652314901352,0.5463709831237793,0.2266129106283188
YOR080W,YGR078C,0,-6.749344,0.19412606954574585,0.5463709831237793,0.22681452333927155
YOR349W,YDR164C,0,-6.750158,0.19398711621761322,0.5463709831237793,0.2270161360502243
YLR328W,YPR165W,0,-6.7505097,0.1938483566045761,0.5463709831237793,0.22721774876117706
YCL038C,YGR056W,0,-6.751553,0.19370979070663452,0.5463709831237793,0.22741936147212982
YHR042W,YOL144W,0,-6.7516866,0.19357143342494965,0.5463709831237793,0.22762097418308258
YGR075C,YIL139C,0,-6.752636,0.1934332549571991,0.5463709831237793,0.22782258689403534
YGL213C,YNR023W,0,-6.7534437,0.19329528510570526,0.5463709831237793,0.2280241996049881
YJL006C,YHR152W,0,-6.754157,0.19315752387046814,0.5463709831237793,0.22822581231594086
YLR153C,YOL113W,0,-6.754532,0.19301994144916534,0.5463709831237793,0.22842742502689362
YDR162C,YDR501W,0,-6.7553577,0.19288256764411926,0.5463709831237793,0.22862903773784637
YOR067C,YLR467W,0,-6.7553964,0.1927453726530075,0.5463709831237793,0.22883065044879913
YOR373W,YNL090W,0,-6.756757,0.19260838627815247,0.5463709831237793,0.2290322631597519
YCL067C,YDL213C,0,-6.7573605,0.19247159361839294,0.5463709831237793,0.22923387587070465
YBR216C,YLR272C,0,-6.757506,0.19233499467372894,0.5463709831237793,0.2294354885816574
YOR232W,YJL127C,0,-6.7590137,0.19219857454299927,0.5463709831237793,0.22963710129261017
YNL001W,YPL131W,0,-6.7594843,0.1920623630285263,0.5463709831237793,0.22983871400356293
YPL271W,YLR207W,0,-6.7602754,0.19192634522914886,0.5463709831237793,0.23004032671451569
YML094W,YDL084W,0,-6.760358,0.19179052114486694,0.5463709831237793,0.23024193942546844
YJR089W,YIL106W,0,-6.7609506,0.19165487587451935,0.5463709831237793,0.2304435521364212
YOR058C,YJL207C,0,-6.761323,0.19151943922042847,0.5463709831237793,0.23064516484737396
YPL195W,YGL093W,0,-6.7616086,0.1913841813802719,0.5463709831237793,0.23084677755832672
YNR027W,YDR103W,0,-6.762102,0.19124911725521088,0.5463709831237793,0.23104839026927948
YKL182W,YDR389W,0,-6.7626195,0.19111424684524536,0.5463709831237793,0.23125000298023224
YMR270C,YIR022W,0,-6.7626805,0.19097957015037537,0.5463709831237793,0.231451615691185
YDR245W,YDL084W,0,-6.7632313,0.1908450722694397,0.5463709831237793,0.23165322840213776
YGR036C,YPL214C,0,-6.763538,0.19071076810359955,0.5463709831237793,0.23185484111309052
YOR150W,YGL233W,0,-6.7641673,0.19057665765285492,0.5463709831237793,0.23205645382404327
YKR052C,YDL065C,0,-6.7644734,0.19044272601604462,0.5463709831237793,0.23225806653499603
YIL120W,YHR090C,0,-6.764685,0.19030898809432983,0.5463709831237793,0.2324596792459488
YJR084W,YML088W,0,-6.7658896,0.19017544388771057,0.5463709831237793,0.23266129195690155
YBR258C,YGR008C,0,-6.7663407,0.19004207849502563,0.5463709831237793,0.2328629046678543
YCR094W,YGL049C,0,-6.767032,0.18990890681743622,0.5463709831237793,0.23306451737880707
YDL035C,YMR095C,0,-6.7683024,0.18977591395378113,0.5463709831237793,0.23326613008975983
YGR171C,YJL047C,0,-6.7696056,0.18964309990406036,0.5463709831237793,0.23346774280071259
YNL059C,YPR049C,0,-6.7697735,0.1895104944705963,0.5463709831237793,0.23366935551166534
YDR108W,YFL013C,0,-6.7705426,0.1893780529499054,0.5463709831237793,0.2338709682226181
YGR186W,YHR090C,0,-6.7711086,0.18924580514431,0.5463709831237793,0.23407258093357086
YPR049C,YJL042W,0,-6.7711697,0.18911375105381012,0.5463709831237793,0.23427419364452362
YDR062W,YJL222W,0,-6.7715745,0.18898187577724457,0.5463709831237793,0.23447580635547638
YMR072W,YML104C,1,-6.7740393,0.18954703211784363,0.5483871102333069,0.23447580635547638
YPL204W,YER001W,0,-6.774877,0.18941503763198853,0.5483871102333069,0.23467741906642914
YHR190W,YMR161W,0,-6.775969,0.18928322196006775,0.5483871102333069,0.2348790317773819
YKL016C,YLL026W,0,-6.776057,0.1891516000032425,0.5483871102333069,0.23508064448833466
YOR116C,YML005W,0,-6.7766185,0.18902015686035156,0.5483871102333069,0.23528225719928741
YFL058W,YMR077C,0,-6.777396,0.18888889253139496,0.5483871102333069,0.23548386991024017
YIR006C,YER005W,0,-6.7783246,0.18875780701637268,0.5483871102333069,0.23568548262119293
YOR067C,YBR055C,0,-6.779254,0.18862690031528473,0.5483871102333069,0.2358870953321457
YOR320C,YBL006C,0,-6.779937,0.1884961873292923,0.5483871102333069,0.23608870804309845
YBR234C,YHR194W,1,-6.780072,0.18905816972255707,0.5504032373428345,0.23608870804309845
YLR386W,YCL063W,1,-6.781075,0.18961937725543976,0.5524193644523621,0.23608870804309845
YBR010W,YPL083C,0,-6.781703,0.1894882470369339,0.5524193644523621,0.2362903207540512
YER016W,YHL002W,0,-6.7818947,0.18935729563236237,0.5524193644523621,0.23649193346500397
YHR194W,YNL304W,1,-6.7819705,0.18991713225841522,0.5544354915618896,0.23649193346500397
YAL055W,YMR059W,0,-6.7826977,0.18978606164455414,0.5544354915618896,0.23669354617595673
YJL034W,YIL129C,0,-6.7830186,0.18965516984462738,0.5544354915618896,0.23689515888690948
YML104C,YLR190W,1,-6.7832084,0.1902136504650116,0.5564516186714172,0.23689515888690948
YGL219C,YKR048C,0,-6.7833104,0.1900826394557953,0.5564516186714172,0.23709677159786224
YBR196C,YPL089C,0,-6.7841015,0.1899518221616745,0.5564516186714172,0.237298384308815
YER164W,YEL042W,0,-6.7845607,0.18982118368148804,0.5564516186714172,0.23749999701976776
YNL256W,YDR447C,0,-6.7846293,0.1896907240152359,0.5564516186714172,0.23770160973072052
YGL191W,YPL095C,0,-6.7858176,0.1895604431629181,0.5564516186714172,0.23790322244167328
YBR135W,YOR171C,0,-6.7858257,0.1894303411245346,0.5564516186714172,0.23810483515262604
YLR347C,YMR224C,0,-6.7864714,0.18930041790008545,0.5564516186714172,0.2383064478635788
YPL006W,YDR080W,0,-6.7878184,0.18917065858840942,0.5564516186714172,0.23850806057453156
YKR022C,YBR198C,0,-6.788176,0.18904109299182892,0.5564516186714172,0.23870967328548431
YEL016C,YBR118W,0,-6.788183,0.18891170620918274,0.5564516186714172,0.23891128599643707
YBR234C,YDR150W,1,-6.7884407,0.18946649134159088,0.5584677457809448,0.23891128599643707
YOR257W,YGL233W,0,-6.7908254,0.18933698534965515,0.5584677457809448,0.23911289870738983
YOR232W,YPR086W,0,-6.791195,0.18920764327049255,0.5584677457809448,0.2393145114183426
YHR072W,YPR010C,0,-6.791226,0.18907849490642548,0.5584677457809448,0.23951612412929535
YMR138W,YPL060W,0,-6.791783,0.18894952535629272,0.5584677457809448,0.2397177368402481
YLR284C,YFR031C,0,-6.7919626,0.1888207197189331,0.5584677457809448,0.23991934955120087
YGL173C,YJL222W,0,-6.7919927,0.1886920928955078,0.5584677457809448,0.24012096226215363
YDR141C,YDR498C,0,-6.792628,0.18856364488601685,0.5584677457809448,0.24032257497310638
YCL051W,YHR084W,0,-6.792898,0.1884353756904602,0.5584677457809448,0.24052418768405914
YDR358W,YMR140W,0,-6.7931066,0.1883072704076767,0.5584677457809448,0.2407258003950119
YDR005C,YAR035W,0,-6.794594,0.18817934393882751,0.5584677457809448,0.24092741310596466
YJL073W,YGR128C,0,-6.794869,0.18805159628391266,0.5584677457809448,0.24112902581691742
YPL051W,YML061C,0,-6.7948737,0.18792401254177094,0.5584677457809448,0.24133063852787018
YIL004C,YLR433C,0,-6.7951202,0.18779660761356354,0.5584677457809448,0.24153225123882294
YLR459W,YNL073W,0,-6.795392,0.18766938149929047,0.5584677457809448,0.2417338639497757
YML104C,YOR147W,1,-6.795545,0.1882193684577942,0.5604838728904724,0.2417338639497757
YMR065W,YOR233W,0,-6.7955637,0.18809202313423157,0.5604838728904724,0.24193547666072845
YOL158C,YLR026C,0,-6.7959814,0.18796484172344208,0.5604838728904724,0.2421370893716812
YOR038C,YDR296W,0,-6.7966027,0.18783783912658691,0.5604838728904724,0.24233871698379517
YJR060W,YOR068C,0,-6.797354,0.18771100044250488,0.5604838728904724,0.24254032969474792
YAR019C,YDL154W,0,-6.7980766,0.18758434057235718,0.5604838728904724,0.24274194240570068
YMR083W,YJR094C,0,-6.7992244,0.1874578595161438,0.5604838728904724,0.24294355511665344
YML104C,YNL304W,1,-6.799736,0.18800538778305054,0.5625,0.24294355511665344
YOR103C,YOR068C,0,-6.8011947,0.1878787875175476,0.5625,0.2431451678276062
YKL213C,YDR381W,0,-6.8020444,0.1877523511648178,0.5625,0.24334678053855896
YPL234C,YPR163C,0,-6.802056,0.18762609362602234,0.5625,0.24354839324951172
YPR030W,YPL137C,0,-6.80209,0.1875,0.5625,0.24375000596046448
YML055W,YDR285W,0,-6.8025827,0.1873740702867508,0.5625,0.24395161867141724
YIL038C,YGL213C,0,-6.802629,0.1872483193874359,0.5625,0.24415323138237
YNR059W,YDR362C,0,-6.8034,0.18712273240089417,0.5625,0.24435484409332275
YAL010C,YOL009C,1,-6.8044634,0.18766756355762482,0.5645161271095276,0.24435484409332275
YBR004C,YPL153C,0,-6.8059278,0.18754185736179352,0.5645161271095276,0.2445564568042755
YBR179C,YOR265W,0,-6.806948,0.18741632997989655,0.5645161271095276,0.24475806951522827
YKL004W,YFR055W,0,-6.807793,0.1872909665107727,0.5645161271095276,0.24495968222618103
YJR065C,YHR194W,1,-6.8078456,0.1878342181444168,0.5665322542190552,0.24495968222618103
YDL019C,YML124C,0,-6.808082,0.1877087503671646,0.5665322542190552,0.2451612949371338
YJR084W,YMR029C,0,-6.8085465,0.18758344650268555,0.5665322542190552,0.24536290764808655
YER056C,YBL079W,0,-6.8091097,0.18745830655097961,0.5665322542190552,0.2455645203590393
YDL101C,YLR424W,0,-6.809274,0.18733333051204681,0.5665322542190552,0.24576613306999207
YEL066W,YFR031C,0,-6.8096347,0.18720853328704834,0.5665322542190552,0.24596774578094482
YDR320C-A,YDL098C,0,-6.8106804,0.1870838850736618,0.5665322542190552,0.24616935849189758
YJR105W,YML103C,0,-6.810739,0.1869594156742096,0.5665322542190552,0.24637097120285034
YKL013C,YML104C,1,-6.811191,0.1875,0.5685483813285828,0.24637097120285034
YDR150W,YLR043C,1,-6.8116765,0.1880398690700531,0.5705645084381104,0.24637097120285034
YNL001W,YGR175C,0,-6.8144794,0.18791501224040985,0.5705645084381104,0.2465725839138031
YHR019C,YGL014W,0,-6.8149433,0.18779031932353973,0.5705645084381104,0.24677419662475586
YPR120C,YPL210C,0,-6.8150425,0.18766577541828156,0.5705645084381104,0.24697580933570862
YML008C,YBR173C,0,-6.8159184,0.1875414252281189,0.5705645084381104,0.24717742204666138
YDL225W,YIR018W,0,-6.8162622,0.18741722404956818,0.5705645084381104,0.24737903475761414
YKR087C,YJR110W,0,-6.816709,0.1872931867837906,0.5705645084381104,0.2475806474685669
YLR210W,YPL094C,0,-6.8167114,0.18716931343078613,0.5705645084381104,0.24778226017951965
YDL229W,YMR125W,0,-6.8169928,0.1870456039905548,0.5705645084381104,0.2479838728904724
YHL020C,YDR178W,0,-6.8170185,0.18692205846309662,0.5705645084381104,0.24818548560142517
YLR266C,YOL110W,0,-6.8170557,0.18679867684841156,0.5705645084381104,0.24838709831237793
YBL017C,YML085C,0,-6.817209,0.18667545914649963,0.5705645084381104,0.2485887110233307
YFL025C,YKL117W,0,-6.8176455,0.18655240535736084,0.5705645084381104,0.24879032373428345
YOR048C,YNR046W,0,-6.817666,0.18642951548099518,0.5705645084381104,0.2489919364452362
YGR119C,YML114C,0,-6.8178496,0.18630677461624146,0.5705645084381104,0.24919354915618896
YKL203C,YBR216C,0,-6.818532,0.18618421256542206,0.5705645084381104,0.24939516186714172
YNL267W,YOR143C,0,-6.8194633,0.1860617995262146,0.5705645084381104,0.24959677457809448
YLR399C,YHR006W,0,-6.819982,0.18593955039978027,0.5705645084381104,0.24979838728904724
YBL017C,YFR029W,0,-6.820283,0.18581746518611908,0.5705645084381104,0.25
YAL058W,YBR118W,0,-6.8206325,0.18569554388523102,0.5705645084381104,0.25020161271095276
YCR088W,YDR276C,0,-6.822428,0.1855737715959549,0.5705645084381104,0.2504032254219055
YOR039W,YDR312W,0,-6.822758,0.1854521632194519,0.5705645084381104,0.2506048381328583
YOL113W,YGR221C,0,-6.8228946,0.18533071875572205,0.5705645084381104,0.25080645084381104
YOR025W,YIL052C,0,-6.8231916,0.18520942330360413,0.5705645084381104,0.2510080635547638
YER051W,YHR024C,0,-6.823521,0.18508829176425934,0.5705645084381104,0.25120967626571655
YKL154W,YLR181C,0,-6.8236194,0.18496732413768768,0.5705645084381104,0.2514112889766693
YJL003W,YDL022W,0,-6.8243012,0.18484650552272797,0.5705645084381104,0.25161290168762207
YGR036C,YER147C,0,-6.8246145,0.18472585082054138,0.5705645084381104,0.25181451439857483
YDR358W,YDR202C,0,-6.8266206,0.18460534512996674,0.5705645084381104,0.2520161271095276
YBR070C,YDR080W,0,-6.827692,0.18448500335216522,0.5705645084381104,0.25221773982048035
YOR079C,YBR015C,0,-6.828501,0.18436482548713684,0.5705645084381104,0.2524193525314331
YOR245C,YDR195W,0,-6.8298807,0.1842447966337204,0.5705645084381104,0.25262096524238586
YBL035C,YOR332W,0,-6.830029,0.1841249167919159,0.5705645084381104,0.2528225779533386
YDR054C,YJR084W,0,-6.8305693,0.18400520086288452,0.5705645084381104,0.2530241906642914
YPR131C,YLR240W,1,-6.831409,0.184535413980484,0.5725806355476379,0.2530241906642914
YDR386W,YFR048W,0,-6.83143,0.18441557884216309,0.5725806355476379,0.25322580337524414
YPL161C,YER147C,0,-6.831467,0.1842959076166153,0.5725806355476379,0.2534274160861969
YFL031W,YDR120C,0,-6.832366,0.18417640030384064,0.5725806355476379,0.25362902879714966
YLR449W,YKR059W,0,-6.832724,0.18405702710151672,0.5725806355476379,0.2538306415081024
YER024W,YGL210W,0,-6.8329253,0.18393781781196594,0.5725806355476379,0.2540322542190552
YNL275W,YCR071C,0,-6.8332663,0.1838187724351883,0.5725806355476379,0.25423386693000793
YKL134C,YGR048W,0,-6.8350286,0.18369987607002258,0.5725806355476379,0.2544354796409607
YBL099W,YGL233W,0,-6.835422,0.1835811287164688,0.5725806355476379,0.25463709235191345
YMR281W,YPR100W,0,-6.836197,0.18346253037452698,0.5725806355476379,0.2548387050628662
YGR222W,YEL012W,0,-6.836388,0.18334409594535828,0.5725806355476379,0.25504031777381897
YEL017C-A,YDR167W,0,-6.8366256,0.1832258105278015,0.5725806355476379,0.25524193048477173
YOL076W,YNL054W,1,-6.8367276,0.1837524175643921,0.5745967626571655,0.25524193048477173
YIL139C,YNL113W,0,-6.838841,0.18363402783870697,0.5745967626571655,0.2554435431957245
YDR523C,YBL106C,0,-6.839111,0.1835157722234726,0.5745967626571655,0.25564515590667725
YJL167W,YNL173C,0,-6.841377,0.18339768052101135,0.5745967626571655,0.25584676861763
YCL055W,YJR126C,0,-6.8423223,0.18327973783016205,0.5745967626571655,0.25604838132858276
YCR020C-A,YGR030C,0,-6.8437486,0.18316195905208588,0.5745967626571655,0.2562499940395355
YEL015W,YOR232W,0,-6.845575,0.18304431438446045,0.5745967626571655,0.2564516067504883
YLR182W,YKR050W,0,-6.8462863,0.18292683362960815,0.5745967626571655,0.25665321946144104
YPR131C,YNL054W,1,-6.846619,0.18345093727111816,0.5766128897666931,0.25665321946144104
YBL099W,YPR070W,0,-6.846893,0.18333333730697632,0.5766128897666931,0.2568548321723938
YDL036C,YDL083C,0,-6.848263,0.1832158863544464,0.5766128897666931,0.25705644488334656
YER088C,YML061C,0,-6.8490205,0.18309858441352844,0.5766128897666931,0.2572580575942993
YKL117W,YHR152W,0,-6.8497734,0.1829814463853836,0.5766128897666931,0.2574596703052521
YDL006W,YCL063W,1,-6.849895,0.18350383639335632,0.5786290168762207,0.2574596703052521
YIL119C,YDR078C,0,-6.85,0.18338657915592194,0.5786290168762207,0.25766128301620483
YLL011W,YBL055C,0,-6.8503795,0.1832694709300995,0.5786290168762207,0.2578628957271576
YJR065C,YML104C,1,-6.8512783,0.1837906837463379,0.5806451439857483,0.2578628957271576
YKR068C,YKL117W,0,-6.8515396,0.18367347121238708,0.5806451439857483,0.25806450843811035
YPL063W,YOR069W,0,-6.851594,0.18355640769004822,0.5806451439857483,0.2582661211490631
YKL013C,YAL029C,1,-6.852479,0.1840764284133911,0.5826612710952759,0.2582661211490631
YGR041W,YGL241W,0,-6.852674,0.1839592605829239,0.5826612710952759,0.25846773386001587
YKL002W,YIL010W,0,-6.8531165,0.1838422417640686,0.5826612710952759,0.25866934657096863
YJL081C,YBR133C,0,-6.853306,0.18372537195682526,0.5826612710952759,0.2588709592819214
YPL115C,YHR039C,0,-6.854173,0.18360863626003265,0.5826612710952759,0.25907257199287415
YDL198C,YKL129C,0,-6.8543305,0.18349206447601318,0.5826612710952759,0.2592741847038269
YGR166W,YIL135C,0,-6.8545575,0.18337564170360565,0.5826612710952759,0.25947579741477966
YGL019W,YOR036W,0,-6.854882,0.18325935304164886,0.5826612710952759,0.2596774101257324
YKL054C,YBL052C,0,-6.855685,0.18314321339130402,0.5826612710952759,0.2598790228366852
YML104C,YAL029C,1,-6.8558307,0.18366055190563202,0.5846773982048035,0.2598790228366852
YOR221C,YML088W,0,-6.857201,0.1835443079471588,0.5846773982048035,0.26008063554763794
YPL001W,YMR235C,0,-6.857351,0.18342821300029755,0.5846773982048035,0.2602822482585907
YOR257W,YDR005C,0,-6.8575034,0.18331226706504822,0.5846773982048035,0.26048386096954346
YOL063C,YBR089C-A,0,-6.85769,0.18319645524024963,0.5846773982048035,0.2606854736804962
YGR101W,YOR069W,0,-6.8581233,0.18308080732822418,0.5846773982048035,0.260887086391449
YOR298C-A,YDR369C,0,-6.859088,0.18296529352664948,0.5846773982048035,0.26108869910240173
YKL130C,YKL154W,0,-6.859204,0.1828499436378479,0.5846773982048035,0.2612903118133545
YCR082W,YML067C,0,-6.8594666,0.18273471295833588,0.5846773982048035,0.26149192452430725
YDL195W,YDR545W,0,-6.860264,0.18261964619159698,0.5846773982048035,0.26169353723526
YBL032W,YGR004W,0,-6.8615317,0.18250471353530884,0.5846773982048035,0.26189514994621277
YHR170W,YKR008W,0,-6.8621497,0.18238992989063263,0.5846773982048035,0.2620967626571655
YDL090C,YNL246W,0,-6.8622727,0.18227529525756836,0.5846773982048035,0.2622983753681183
YDR142C,YJL187C,0,-6.8623333,0.18216080963611603,0.5846773982048035,0.26249998807907104
YDR011W,YOR187W,0,-6.862353,0.18204645812511444,0.5846773982048035,0.2627016007900238
YJR092W,YLR380W,0,-6.863022,0.1819322407245636,0.5846773982048035,0.26290321350097656
YDR108W,YDL019C,0,-6.8631005,0.1818181872367859,0.5846773982048035,0.2631048262119293
YMR161W,YDR057W,0,-6.864748,0.18170426785945892,0.5846773982048035,0.2633064389228821
YDR150W,YGR209C,1,-6.8649535,0.18221665918827057,0.586693525314331,0.2633064389228821
YAL026C,YPL140C,0,-6.8650336,0.18210263550281525,0.586693525314331,0.26350805163383484
YOR310C,YER029C,0,-6.865451,0.18198874592781067,0.586693525314331,0.2637096643447876
YPL204W,YOR327C,0,-6.8658767,0.18187500536441803,0.586693525314331,0.26391127705574036
YNR035C,YMR204C,1,-6.866196,0.18238601088523865,0.5887096524238586,0.26391127705574036
YMR231W,YKL175W,0,-6.8668437,0.18227216601371765,0.5887096524238586,0.2641128897666931
YGR157W,YMR153W,0,-6.8672547,0.1821584552526474,0.5887096524238586,0.2643145024776459
YJR065C,YDR495C,1,-6.86732,0.18266832828521729,0.5907257795333862,0.2643145024776459
YJL047C,YBR293W,0,-6.8675756,0.18255451321601868,0.5907257795333862,0.26451611518859863
YBL019W,YIL056W,0,-6.867804,0.182440847158432,0.5907257795333862,0.2647177278995514
YJL201W,YOR089C,0,-6.8681645,0.18232731521129608,0.5907257795333862,0.26491934061050415
YOR130C,YOR149C,0,-6.8682046,0.1822139322757721,0.5907257795333862,0.2651209533214569
YMR072W,YOL076W,1,-6.8705583,0.18272218108177185,0.5927419066429138,0.2651209533214569
YOR159C,YEL031W,0,-6.870749,0.1826086938381195,0.5927419066429138,0.26532256603240967
YBL069W,YJL050W,0,-6.872034,0.1824953407049179,0.5927419066429138,0.2655241787433624
YNR007C,YOR122C,0,-6.872295,0.18238213658332825,0.5927419066429138,0.2657258212566376
YMR037C,YPR101W,0,-6.873066,0.18226906657218933,0.5927419066429138,0.26592743396759033
YIL159W,YDR389W,0,-6.873296,0.18215613067150116,0.5927419066429138,0.2661290466785431
YCR088W,YER061C,0,-6.87332,0.18204334378242493,0.5927419066429138,0.26633065938949585
YGL020C,YDL195W,0,-6.8733644,0.18193069100379944,0.5927419066429138,0.2665322721004486
YDR072C,YKL130C,0,-6.8736196,0.1818181872367859,0.5927419066429138,0.26673388481140137
YML073C,YDL140C,0,-6.874714,0.1817058026790619,0.5927419066429138,0.2669354975223541
YBL030C,YER147C,0,-6.875303,0.18159358203411102,0.5927419066429138,0.2671371102333069
YGL201C,YHL009C,0,-6.875346,0.1814814805984497,0.5927419066429138,0.26733872294425964
YKL060C,YLR197W,0,-6.876429,0.18136952817440033,0.5927419066429138,0.2675403356552124
YDL003W,YPR036W,0,-6.876599,0.1812577098608017,0.5927419066429138,0.26774194836616516
YLR015W,YBL046W,0,-6.8766885,0.1811460256576538,0.5927419066429138,0.2679435610771179
YNR035C,YLR240W,1,-6.876876,0.18165025115013123,0.5947580933570862,0.2679435610771179
YFL031W,YGL257C,0,-6.8774047,0.18153846263885498,0.5947580933570862,0.2681451737880707
YER038C,YER100W,0,-6.8780007,0.18142680823802948,0.5947580933570862,0.26834678649902344
YOR351C,YBR037C,0,-6.8786044,0.18131530284881592,0.5947580933570862,0.2685483992099762
YPL155C,YNL323W,0,-6.8790035,0.1812039315700531,0.5947580933570862,0.26875001192092896
YNL268W,YGR002C,0,-6.880628,0.18109269440174103,0.5947580933570862,0.2689516246318817
YDR331W,YBR250W,0,-6.880977,0.1809815913438797,0.5947580933570862,0.2691532373428345
YKR082W,YGL233W,0,-6.88161,0.1808706372976303,0.5947580933570862,0.26935485005378723
YMR204C,YNL054W,1,-6.881623,0.18137255311012268,0.5967742204666138,0.26935485005378723
YJL184W,YLR105C,0,-6.8816915,0.18126147985458374,0.5967742204666138,0.26955646276474
YLR377C,YDR481C,0,-6.881944,0.18115055561065674,0.5967742204666138,0.26975807547569275
YLR228C,YDR172W,0,-6.8838086,0.1810397505760193,0.5967742204666138,0.2699596881866455
YJR022W,YOR187W,0,-6.8841343,0.18092909455299377,0.5967742204666138,0.27016130089759827
YML062C,YGL225W,0,-6.884212,0.180818572640419,0.5967742204666138,0.270362913608551
YOL149W,YLR016C,0,-6.884515,0.18070818483829498,0.5967742204666138,0.2705645263195038
YGR070W,YIL068C,0,-6.8848376,0.1805979311466217,0.5967742204666138,0.27076613903045654
YOR269W,YMR235C,0,-6.8856015,0.18048781156539917,0.5967742204666138,0.2709677517414093
YGR099W,YDR381W,0,-6.8859057,0.1803778111934662,0.5967742204666138,0.27116936445236206
YIL139C,YBR265W,0,-6.8877354,0.18026795983314514,0.5967742204666138,0.2713709771633148
YDL029W,YNL304W,1,-6.88853,0.18076689541339874,0.5987903475761414,0.2713709771633148
YBL035C,YKL086W,0,-6.888887,0.18065693974494934,0.5987903475761414,0.2715725898742676
YML104C,YCL063W,1,-6.889429,0.1811550110578537,0.600806474685669,0.2715725898742676
YMR125W,YKL081W,0,-6.890128,0.18104495108127594,0.600806474685669,0.27177420258522034
YER159C,YMR285C,0,-6.8907537,0.18093504011631012,0.600806474685669,0.2719758152961731
YMR043W,YGR080W,0,-6.8911166,0.18082524836063385,0.600806474685669,0.27217742800712585
YDR093W,YKL060C,0,-6.89144,0.18071559071540833,0.600806474685669,0.2723790407180786
YPR179C,YDR245W,0,-6.8914695,0.18060606718063354,0.600806474685669,0.27258065342903137
YNL079C,YDR495C,1,-6.8922505,0.18110236525535583,0.6028226017951965,0.27258065342903137
YHR143W,YDR308C,0,-6.8932657,0.1809927374124527,0.6028226017951965,0.27278226613998413
YDR243C,YDL140C,0,-6.894365,0.1808832436800003,0.6028226017951965,0.2729838788509369
YIL106W,YCR009C,0,-6.8944383,0.18077388405799866,0.6028226017951965,0.27318549156188965
YPL149W,YML074C,0,-6.895479,0.18066465854644775,0.6028226017951965,0.2733871042728424
YOL033W,YHR001W,0,-6.895683,0.1805555522441864,0.6028226017951965,0.27358871698379517
YGR145W,YBL004W,0,-6.8974037,0.180446594953537,0.6028226017951965,0.2737903296947479
YGL174W,YGR013W,0,-6.8975883,0.18033775687217712,0.6028226017951965,0.2739919424057007
YBR133C,YGR279C,0,-6.89768,0.180229052901268,0.6028226017951965,0.27419355511665344
YKR026C,YKR059W,0,-6.8977175,0.18012048304080963,0.6028226017951965,0.2743951678276062
YIL034C,YPR037C,0,-6.898126,0.180012047290802,0.6028226017951965,0.27459678053855896
YDR301W,YLR340W,0,-6.898418,0.17990373075008392,0.6028226017951965,0.2747983932495117
YDR092W,YLR277C,0,-6.8988605,0.1797955483198166,0.6028226017951965,0.2750000059604645
YPL265W,YMR136W,0,-6.899231,0.1796875,0.6028226017951965,0.27520161867141724
YHR102W,YBR275C,0,-6.899607,0.17957958579063416,0.6028226017951965,0.27540323138237
YKL190W,YKL139W,0,-6.899849,0.17947179079055786,0.6028226017951965,0.27560484409332275
YIL002C,YIL150C,0,-6.89995,0.1793641299009323,0.6028226017951965,0.2758064568042755
YGL252C,YJL052W,0,-6.9006634,0.1792565882205963,0.6028226017951965,0.27600806951522827
YFR021W,YNL326C,0,-6.9014697,0.17914919555187225,0.6028226017951965,0.27620968222618103
YPL075W,YHR042W,0,-6.901626,0.17904192209243774,0.6028226017951965,0.2764112949371338
YIL004C,YDR017C,0,-6.9017,0.17893476784229279,0.6028226017951965,0.27661290764808655
YOR216C,YKL173W,0,-6.90377,0.17882774770259857,0.6028226017951965,0.2768145203590393
YHR036W,YML071C,0,-6.904181,0.1787208616733551,0.6028226017951965,0.27701613306999207
YIL038C,YCR033W,0,-6.90583,0.17861409485340118,0.6028226017951965,0.2772177457809448
YER164W,YBR121C,0,-6.9058747,0.178507462143898,0.6028226017951965,0.2774193584918976
YHR166C,YLR313C,0,-6.9063497,0.1784009486436844,0.6028226017951965,0.27762097120285034
YIR037W,YIL115C,0,-6.9070315,0.1782945692539215,0.6028226017951965,0.2778225839138031
YGR056W,YDR080W,0,-6.9086623,0.17818832397460938,0.6028226017951965,0.27802419662475586
YMR260C,YBL004W,0,-6.9087224,0.1780821979045868,0.6028226017951965,0.2782258093357086
YOR198C,YPL214C,0,-6.9089074,0.17797619104385376,0.6028226017951965,0.2784274220466614
YAL030W,YBR169C,0,-6.9089565,0.17787031829357147,0.6028226017951965,0.27862903475761414
YOL008W,YAL030W,0,-6.908997,0.17776456475257874,0.6028226017951965,0.2788306474685669
YJR042W,YKR025W,0,-6.9092207,0.17765894532203674,0.6028226017951965,0.27903226017951965
YEL066W,YPL098C,0,-6.9105043,0.1775534451007843,0.6028226017951965,0.2792338728904724
YML115C,YPL206C,0,-6.910963,0.1774480640888214,0.6028226017951965,0.27943548560142517
YOR239W,YKR014C,0,-6.9113383,0.17734281718730927,0.6028226017951965,0.27963709831237793
YAL042W,YMR129W,0,-6.9114766,0.17723770439624786,0.6028226017951965,0.2798387110233307
YNL099C,YDR027C,0,-6.9114947,0.17713269591331482,0.6028226017951965,0.28004032373428345
YPR104C,YBR103W,0,-6.9116755,0.17702782154083252,0.6028226017951965,0.2802419364452362
YDL006W,YNL304W,1,-6.9118066,0.17751479148864746,0.6048387289047241,0.2802419364452362
YBL020W,YBL050W,0,-6.912531,0.1774098128080368,0.6048387289047241,0.28044354915618896
YPR131C,YCL063W,1,-6.9129944,0.17789597809314728,0.6068548560142517,0.28044354915618896
YDL115C,YKR053C,0,-6.9142823,0.17779091000556946,0.6068548560142517,0.2806451618671417
YBL099W,YDL028C,0,-6.9147983,0.17768594622612,0.6068548560142517,0.2808467745780945
YJR094C,YLR266C,0,-6.915564,0.17758111655712128,0.6068548560142517,0.28104838728904724
YMR237W,YGR116W,0,-6.91592,0.1774764209985733,0.6068548560142517,0.28125
YPL268W,YLR145W,0,-6.9159484,0.1773718297481537,0.6068548560142517,0.28145161271095276
YAL010C,YOL076W,1,-6.91598,0.17785629630088806,0.6088709831237793,0.28145161271095276
YCL051W,YLR438C-A,0,-6.91635,0.17775161564350128,0.6088709831237793,0.2816532254219055
YNL233W,YMR065W,0,-6.9165435,0.17764705419540405,0.6088709831237793,0.2818548381328583
YCR024C-A,YDR011W,0,-6.917338,0.17754262685775757,0.6088709831237793,0.28205645084381104
YPL170W,YLR205C,0,-6.9176135,0.17743830382823944,0.6088709831237793,0.2822580635547638
YOR316C,YGR082W,0,-6.9179406,0.17733411490917206,0.6088709831237793,0.28245967626571655
YCL063W,YEL013W,1,-6.918245,0.17781689763069153,0.6108871102333069,0.28245967626571655
YER117W,YBR198C,0,-6.9190598,0.1777126044034958,0.6108871102333069,0.2826612889766693
YML051W,YBL102W,0,-6.919342,0.1776084452867508,0.6108871102333069,0.28286290168762207
YDL149W,YJL045W,0,-6.919818,0.17750439047813416,0.6108871102333069,0.28306451439857483
YKL205W,YER111C,0,-6.9200945,0.17740046977996826,0.6108871102333069,0.2832661271095276
YMR021C,YOL100W,0,-6.9215174,0.17729666829109192,0.6108871102333069,0.28346773982048035
YAL058W,YOL034W,0,-6.922073,0.17719298601150513,0.6108871102333069,0.2836693525314331
YGR216C,YCR039C,0,-6.9222293,0.17708942294120789,0.6108871102333069,0.28387096524238586
YOL009C,YOR147W,1,-6.9234915,0.17757008969783783,0.6129032373428345,0.28387096524238586
YDR043C,YMR284W,0,-6.9252086,0.17746643722057343,0.6129032373428345,0.2840725779533386
YOL009C,YNL054W,1,-6.9254365,0.1779463291168213,0.6149193644523621,0.2840725779533386
YLR370C,YNL304W,1,-6.926617,0.1784256547689438,0.6169354915618896,0.2840725779533386
YBL099W,YDR409W,0,-6.926865,0.17832167446613312,0.6169354915618896,0.2842741906642914
YDR301W,YPL253C,0,-6.927446,0.1782178282737732,0.6169354915618896,0.28447580337524414
YIL048W,YDR082W,0,-6.9279737,0.17811408638954163,0.6169354915618896,0.2846774160861969
YJL116C,YPR140W,0,-6.928227,0.1780104786157608,0.6169354915618896,0.28487902879714966
YLR067C,YDL217C,0,-6.929058,0.17790697515010834,0.6169354915618896,0.2850806415081024
YJL110C,YHR041C,0,-6.9301944,0.17780360579490662,0.6169354915618896,0.2852822542190552
YGL105W,YLR119W,0,-6.930287,0.17770035564899445,0.6169354915618896,0.28548386693000793
YJL167W,YJR042W,0,-6.9303346,0.17759720981121063,0.6169354915618896,0.2856854796409607
YBR070C,YJR060W,0,-6.932202,0.17749419808387756,0.6169354915618896,0.28588709235191345
YHR175W,YNL133C,0,-6.9332695,0.17739130556583405,0.6169354915618896,0.2860887050628662
YML092C,YGR074W,0,-6.933996,0.17728853225708008,0.6169354915618896,0.28629031777381897
YGR261C,YNL261W,0,-6.934231,0.17718587815761566,0.6169354915618896,0.28649193048477173
YAL031C,YBR058C,0,-6.9343467,0.1770833283662796,0.6169354915618896,0.2866935431957245
YHR165C,YNR023W,0,-6.934779,0.1769809126853943,0.6169354915618896,0.28689515590667725
YBR294W,YLR354C,0,-6.9353395,0.17687861621379852,0.6169354915618896,0.28709676861763
YPL164C,YPR182W,0,-6.9370685,0.17677642405033112,0.6169354915618896,0.28729838132858276
YJR140C,YGL035C,0,-6.937245,0.17667436599731445,0.6169354915618896,0.2874999940395355
YKL139W,YDR167W,0,-6.9374957,0.17657241225242615,0.6169354915618896,0.2877016067504883
YHR027C,YHL009C,0,-6.9380403,0.1764705926179886,0.6169354915618896,0.28790321946144104
YLR052W,YDL188C,0,-6.938121,0.17636887729167938,0.6169354915618896,0.2881048321723938
YNR010W,YDL020C,0,-6.938522,0.17626728117465973,0.6169354915618896,0.28830644488334656
YLL050C,YMR281W,0,-6.9388165,0.17616580426692963,0.6169354915618896,0.2885080575942993
YAL029C,YLR043C,1,-6.940355,0.17663981020450592,0.6189516186714172,0.2885080575942993
YGR286C,YLL022C,0,-6.940386,0.17653824388980865,0.6189516186714172,0.2887096703052521
YLR190W,YDR495C,1,-6.9404936,0.17701148986816406,0.6209677457809448,0.2887096703052521
YIL129C,YDR470C,0,-6.940566,0.17690981924533844,0.6209677457809448,0.28891128301620483
YPL164C,YGL257C,0,-6.940703,0.17680826783180237,0.6209677457809448,0.2891128957271576
YMR047C,YIL135C,0,-6.940866,0.17670682072639465,0.6209677457809448,0.28931450843811035
YGL243W,YCL069W,0,-6.94115,0.17660550773143768,0.6209677457809448,0.2895161211490631
YDR501W,YFL036W,0,-6.941527,0.17650429904460907,0.6209677457809448,0.28971773386001587
YML081C-A,YJR042W,0,-6.9424777,0.17640320956707,0.6209677457809448,0.28991934657096863
YOR033C,YPR161C,0,-6.9439683,0.1763022392988205,0.6209677457809448,0.2901209592819214
YBL020W,YGR152C,0,-6.943993,0.17620137333869934,0.6209677457809448,0.29032257199287415
YOL090W,YOR008C,0,-6.9445653,0.17610062658786774,0.6209677457809448,0.2905241847038269
YER015W,YGR112W,0,-6.944843,0.17599999904632568,0.6209677457809448,0.29072579741477966
YOR147W,YLR043C,1,-6.945274,0.1764705926179886,0.6229838728904724,0.29072579741477966
YER164W,YGR200C,0,-6.9452844,0.17636986076831818,0.6229838728904724,0.2909274101257324
YGL151W,YMR075W,0,-6.9455223,0.17626924812793732,0.6229838728904724,0.2911290228366852
YPL008W,YHR083W,0,-6.9457192,0.176168754696846,0.6229838728904724,0.29133063554763794
YHR143W,YLR401C,0,-6.9461823,0.17606838047504425,0.6229838728904724,0.2915322482585907
YCR038C,YKR046C,0,-6.9461884,0.17596811056137085,0.6229838728904724,0.29173386096954346
YLR231C,YCR094W,0,-6.9464593,0.175867959856987,0.6229838728904724,0.2919354736804962
YBR228W,YPL175W,0,-6.9466662,0.1757679134607315,0.6229838728904724,0.292137086391449
YER145C,YNR039C,0,-6.946982,0.17566798627376556,0.6229838728904724,0.29233869910240173
YPL233W,YMR165C,0,-6.947891,0.17556817829608917,0.6229838728904724,0.2925403118133545
YBL026W,YCR026C,0,-6.9482203,0.17546848952770233,0.6229838728904724,0.29274192452430725
YNL071W,YMR268C,0,-6.9483166,0.17536890506744385,0.6229838728904724,0.29294353723526
YOR079C,YPR088C,0,-6.9488025,0.17526942491531372,0.6229838728904724,0.29314514994621277
YOL135C,YPL171C,0,-6.9493384,0.17517006397247314,0.6229838728904724,0.2933467626571655
YHR013C,YLR313C,0,-6.950048,0.17507082223892212,0.6229838728904724,0.2935483753681183
YFR019W,YCL067C,0,-6.9501157,0.17497168481349945,0.6229838728904724,0.29374998807907104
YBR234C,YML104C,1,-6.9502254,0.17543859779834747,0.625,0.29374998807907104
YMR073C,YLR067C,0,-6.9503074,0.17533937096595764,0.625,0.2939516007900238
YLR363C,YOL069W,0,-6.950312,0.17524024844169617,0.625,0.29415321350097656
YHR053C,YDL232W,0,-6.9503202,0.17514124512672424,0.625,0.2943548262119293
YOL149W,YPL224C,0,-6.9505935,0.17504234611988068,0.625,0.2945564389228821
YBR059C,YOR316C,0,-6.9510465,0.17494356632232666,0.625,0.29475805163383484
YDR013W,YMR143W,0,-6.9512486,0.174844890832901,0.625,0.2949596643447876
YML130C,YGL100W,0,-6.953897,0.1747463345527649,0.625,0.29516127705574036
YLR370C,YLR240W,1,-6.9541726,0.17521126568317413,0.6270161271095276,0.29516127705574036
YDR434W,YOL045W,0,-6.9543524,0.17511261999607086,0.6270161271095276,0.2953628897666931
YJR035W,YHR056C,0,-6.9545336,0.17501406371593475,0.6270161271095276,0.2955645024776459
YDR270W,YIL046W,0,-6.9548993,0.1749156415462494,0.6270161271095276,0.29576611518859863
YGL257C,YDL217C,0,-6.954942,0.1748173087835312,0.6270161271095276,0.2959677278995514
YBR207W,YER051W,0,-6.956881,0.17471909523010254,0.6270161271095276,0.29616934061050415
YHR056C,YDR212W,0,-6.9574757,0.17462100088596344,0.6270161271095276,0.2963709533214569
YNL130C,YNL311C,0,-6.958287,0.1745230108499527,0.6270161271095276,0.29657256603240967
YGR200C,YMR268C,0,-6.958405,0.1744251251220703,0.6270161271095276,0.2967741787433624
YGL244W,YER082C,0,-6.9584184,0.17432735860347748,0.6270161271095276,0.2969758212566376
YBR112C,YER104W,0,-6.9588737,0.174229696393013,0.6270161271095276,0.29717743396759033
YLR453C,YPL214C,0,-6.958954,0.17413213849067688,0.6270161271095276,0.2973790466785431
YDR150W,YNL304W,1,-6.9597487,0.17459429800510406,0.6290322542190552,0.2973790466785431
YHR194W,YDL006W,1,-6.9604387,0.17505592107772827,0.6310483813285828,0.2973790466785431
YER083C,YOR297C,0,-6.962579,0.17495808005332947,0.6310483813285828,0.29758065938949585
YKR066C,YEL024W,0,-6.9629483,0.17486032843589783,0.6310483813285828,0.2977822721004486
YGR157W,YNL201C,0,-6.9629836,0.17476269602775574,0.6310483813285828,0.29798388481140137
YGR091W,YNL209W,0,-6.9632287,0.1746651828289032,0.6310483813285828,0.2981854975223541
YMR216C,YML114C,0,-6.963327,0.17456775903701782,0.6310483813285828,0.2983871102333069
YGR157W,YER104W,0,-6.9634495,0.174470454454422,0.6310483813285828,0.29858872294425964
YKR061W,YDL020C,0,-6.9643006,0.17437325417995453,0.6310483813285828,0.2987903356552124
YBR161W,YPL268W,0,-6.9648976,0.1742761731147766,0.6310483813285828,0.29899194836616516
YAL029C,YCL063W,1,-6.9649615,0.1747356653213501,0.6330645084381104,0.29899194836616516
YHR129C,YIL056W,0,-6.9655957,0.17463847994804382,0.6330645084381104,0.2991935610771179
YJL104W,YDR501W,0,-6.9656234,0.1745414137840271,0.6330645084381104,0.2993951737880707
YNL298W,YGL066W,0,-6.9669785,0.17444443702697754,0.6330645084381104,0.29959678649902344
YKL068W,YLR453C,0,-6.967253,0.17434757947921753,0.6330645084381104,0.2997983992099762
YMR276W,YOL108C,0,-6.967794,0.17425082623958588,0.6330645084381104,0.30000001192092896
YCR088W,YGL104C,0,-6.968525,0.17415419220924377,0.6330645084381104,0.3002016246318817
YGL054C,YNL110C,0,-6.9685655,0.17405764758586884,0.6330645084381104,0.3004032373428345
YLR182W,YDR079C-A,0,-6.9694123,0.17396122217178345,0.6330645084381104,0.30060485005378723
YGR157W,YJL006C,0,-6.9696226,0.17386490106582642,0.6330645084381104,0.30080646276474
YDR264C,YDR395W,0,-6.9697456,0.17376868426799774,0.6330645084381104,0.30100807547569275
YJR031C,YLR442C,0,-6.9699364,0.17367257177829742,0.6330645084381104,0.3012096881866455
YMR266W,YOR297C,0,-6.9699807,0.17357656359672546,0.6330645084381104,0.30141130089759827
YHR021C,YGR275W,0,-6.970013,0.17348065972328186,0.6330645084381104,0.301612913608551
YEL036C,YPL010W,0,-6.9700274,0.1733848750591278,0.6330645084381104,0.3018145263195038
YHR120W,YNL309W,0,-6.970032,0.17328917980194092,0.6330645084381104,0.30201613903045654
YLR328W,YPL012W,0,-6.9704404,0.17319360375404358,0.6330645084381104,0.3022177517414093
YLR214W,YOR304W,0,-6.97084,0.1730981320142746,0.6330645084381104,0.30241936445236206
YNL332W,YDR246W,0,-6.9712176,0.17300274968147278,0.6330645084381104,0.3026209771633148
YLR238W,YEL037C,0,-6.972098,0.1729074865579605,0.6330645084381104,0.3028225898742676
YNR031C,YGR192C,0,-6.9728312,0.1728123277425766,0.6330645084381104,0.30302420258522034
YBR217W,YOR349W,0,-6.973617,0.17271727323532104,0.6330645084381104,0.3032258152961731
YOR023C,YER032W,0,-6.9736953,0.17262232303619385,0.6330645084381104,0.30342742800712585
YDR071C,YDR167W,0,-6.9737787,0.172527477145195,0.6330645084381104,0.3036290407180786
YMR055C,YLR145W,0,-6.974061,0.17243273556232452,0.6330645084381104,0.30383065342903137
YJR076C,YOL067C,0,-6.9762583,0.1723380833864212,0.6330645084381104,0.30403226613998413
YJL207C,YBL007C,0,-6.976784,0.17224355041980743,0.6330645084381104,0.3042338788509369
YOR140W,YGR020C,0,-6.9771013,0.17214912176132202,0.6330645084381104,0.30443549156188965
YAL015C,YOR069W,0,-6.9771395,0.17205479741096497,0.6330645084381104,0.3046371042728424
YFR055W,YNL053W,0,-6.977409,0.17196056246757507,0.6330645084381104,0.30483871698379517
YEL036C,YHR123W,0,-6.9783907,0.17186644673347473,0.6330645084381104,0.3050403296947479
YGL158W,YMR075W,0,-6.9790196,0.17177243530750275,0.6330645084381104,0.3052419424057007
YJL014W,YOL149W,0,-6.9798017,0.17167851328849792,0.6330645084381104,0.30544355511665344
YER007W,YER049W,0,-6.979882,0.17158469557762146,0.6330645084381104,0.3056451678276062
YNL270C,YDL188C,0,-6.9802184,0.17149098217487335,0.6330645084381104,0.30584678053855896
YOL011W,YDL030W,0,-6.9803443,0.1713973730802536,0.6330645084381104,0.3060483932495117
YNR044W,YJR053W,0,-6.980476,0.1713038682937622,0.6330645084381104,0.3062500059604645
YAL029C,YPR131C,1,-6.981378,0.17175573110580444,0.6350806355476379,0.3062500059604645
YNR043W,YOR297C,0,-6.9814644,0.1716621220111847,0.6350806355476379,0.30645161867141724
YKL139W,YLR088W,0,-6.98169,0.1715686321258545,0.6350806355476379,0.30665323138237
YPL195W,YGR086C,0,-6.9817805,0.17147523164749146,0.6350806355476379,0.30685484409332275
YBR274W,YMR208W,0,-6.9824624,0.17138193547725677,0.6350806355476379,0.3070564568042755
YOR330C,YOL067C,0,-6.983999,0.17128874361515045,0.6350806355476379,0.30725806951522827
YMR301C,YOR057W,0,-6.9842005,0.17119565606117249,0.6350806355476379,0.30745968222618103
YOL082W,YHR200W,0,-6.984248,0.17110265791416168,0.6350806355476379,0.3076612949371338
YML104C,YLR240W,1,-6.985245,0.1715526580810547,0.6370967626571655,0.3076612949371338
YKL022C,YDR288W,0,-6.986422,0.17145957052707672,0.6370967626571655,0.30786290764808655
YGR191W,YBR154C,0,-6.9869943,0.1713665872812271,0.6370967626571655,0.3080645203590393
YJR076C,YLR298C,0,-6.9871974,0.17127370834350586,0.6370967626571655,0.30826613306999207
YPR189W,YHR172W,0,-6.987719,0.17118093371391296,0.6370967626571655,0.3084677457809448
YGR070W,YIR015W,0,-6.987989,0.17108824849128723,0.6370967626571655,0.3086693584918976
YBL078C,YGR257C,0,-6.9887013,0.17099566757678986,0.6370967626571655,0.30887097120285034
YGL245W,YDR404C,0,-6.9888387,0.17090319097042084,0.6370967626571655,0.3090725839138031
YER157W,YLR259C,0,-6.9891453,0.17081080377101898,0.6370967626571655,0.30927419662475586
YLL009C,YJL091C,0,-6.989299,0.17071853578090668,0.6370967626571655,0.3094758093357086
YHL034C,YOL006C,0,-6.9893413,0.17062635719776154,0.6370967626571655,0.3096774220466614
YLR418C,YPL194W,0,-6.990239,0.17053426802158356,0.6370967626571655,0.30987903475761414
YJL006C,YPR054W,0,-6.9902987,0.17044228315353394,0.6370967626571655,0.3100806474685669
YPL140C,YIL105C,0,-6.9903593,0.17035040259361267,0.6370967626571655,0.31028226017951965
YGR183C,YBR258C,0,-6.990458,0.17025862634181976,0.6370967626571655,0.3104838728904724
YER122C,YPL174C,0,-6.990877,0.17016693949699402,0.6370967626571655,0.31068548560142517
YPL140C,YGR181W,0,-6.9908924,0.17007535696029663,0.6370967626571655,0.31088709831237793
YPL043W,YCR012W,0,-6.991278,0.1699838638305664,0.6370967626571655,0.3110887110233307
YNL280C,YOR308C,0,-6.991462,0.16989247500896454,0.6370967626571655,0.31129032373428345
YKR019C,YPR173C,0,-6.9921165,0.16980117559432983,0.6370967626571655,0.3114919364452362
YBL009W,YGR089W,0,-6.992349,0.16970999538898468,0.6370967626571655,0.31169354915618896
YJL071W,YIR037W,0,-6.993277,0.1696188896894455,0.6370967626571655,0.3118951618671417
YNL078W,YBR050C,0,-6.9934077,0.16952790319919586,0.6370967626571655,0.3120967745780945
YKL197C,YDL080C,0,-6.993944,0.1694369912147522,0.6370967626571655,0.31229838728904724
YML103C,YDR494W,0,-6.997285,0.16934619843959808,0.6370967626571655,0.3125
YKL092C,YGR119C,0,-6.9983335,0.16925549507141113,0.6370967626571655,0.31270161271095276
YPL001W,YDR017C,0,-6.9986153,0.16916488111019135,0.6370967626571655,0.3129032254219055
YKL082C,YDR292C,0,-6.998712,0.16907437145709991,0.6370967626571655,0.3131048381328583
YMR080C,YER029C,0,-6.9987693,0.16898395121097565,0.6370967626571655,0.31330645084381104
YBR109C,YPR138C,0,-6.9990077,0.16889363527297974,0.6370967626571655,0.3135080635547638
YOR237W,YHR039C-A,0,-6.9994426,0.16880342364311218,0.6370967626571655,0.31370967626571655
YHR024C,YER005W,0,-7.000236,0.1687133014202118,0.6370967626571655,0.3139112889766693
YAL010C,YHR194W,1,-7.000919,0.16915687918663025,0.6391128897666931,0.3139112889766693
YPL049C,YGL012W,0,-7.001078,0.1690666675567627,0.6391128897666931,0.31411290168762207
YML061C,YOL121C,0,-7.0029445,0.1689765453338623,0.6391128897666931,0.31431451439857483
YJR118C,YHR099W,0,-7.003081,0.16888652741909027,0.6391128897666931,0.3145161271095276
YNL173C,YOR083W,0,-7.003197,0.1687965989112854,0.6391128897666931,0.31471773982048035
YLR240W,YNL304W,1,-7.003379,0.16923895478248596,0.6411290168762207,0.31471773982048035
YLR286C,YMR080C,0,-7.004031,0.16914893686771393,0.6411290168762207,0.3149193525314331
YMR204C,YOL009C,1,-7.0041556,0.16959063708782196,0.6431451439857483,0.3149193525314331
YDR121W,YPL243W,0,-7.0045366,0.16950052976608276,0.6431451439857483,0.31512096524238586
YOR005C,YCR009C,0,-7.0046687,0.16941051185131073,0.6431451439857483,0.3153225779533386
YDR011W,YER111C,0,-7.0046945,0.16932059824466705,0.6431451439857483,0.3155241906642914
YCR027C,YLR403W,0,-7.0055156,0.16923077404499054,0.6431451439857483,0.31572580337524414
YPL161C,YAL017W,0,-7.0057387,0.1691410392522812,0.6431451439857483,0.3159274160861969
YJL110C,YDL217C,0,-7.005755,0.1690514087677002,0.6431451439857483,0.31612902879714966
YIL154C,YAL034W-A,0,-7.0058804,0.16896186769008636,0.6431451439857483,0.3163306415081024
YKL208W,YKR007W,0,-7.0066876,0.1688724160194397,0.6431451439857483,0.3165322542190552
YDL225W,YBR103W,0,-7.006965,0.1687830686569214,0.6431451439857483,0.31673386693000793
YKL060C,YOL105C,0,-7.00722,0.16869381070137024,0.6431451439857483,0.3169354796409607
YGR083C,YGR229C,0,-7.00748,0.16860465705394745,0.6431451439857483,0.31713709235191345
YNR035C,YDR495C,1,-7.007555,0.16904383897781372,0.6451612710952759,0.31713709235191345
YDR335W,YNR023W,0,-7.0085025,0.16895459592342377,0.6451612710952759,0.3173387050628662
YGR086C,YLR378C,0,-7.0090833,0.16886544227600098,0.6451612710952759,0.31754031777381897
YBL035C,YOR187W,0,-7.009618,0.16877637803554535,0.6451612710952759,0.31774193048477173
YJL104W,YPR088C,0,-7.009779,0.16868740320205688,0.6451612710952759,0.3179435431957245
YLR347C,YHR050W,0,-7.0101175,0.16859851777553558,0.6451612710952759,0.31814515590667725
YKL112W,YDL004W,0,-7.0115156,0.16850973665714264,0.6451612710952759,0.31834676861763
YGL075C,YNL177C,0,-7.011587,0.16842105984687805,0.6451612710952759,0.31854838132858276
YFR047C,YBR207W,0,-7.012552,0.16833245754241943,0.6451612710952759,0.3187499940395355
YMR260C,YHR060W,0,-7.0132174,0.16824395954608917,0.6451612710952759,0.3189516067504883
YMR167W,YOR367W,0,-7.013548,0.16815555095672607,0.6451612710952759,0.31915321946144104
YMR255W,YHL006C,0,-7.0138125,0.16806723177433014,0.6451612710952759,0.3193548321723938
YJL090C,YCL055W,0,-7.01421,0.16797900199890137,0.6451612710952759,0.31955644488334656
YFL031W,YPR024W,0,-7.014217,0.16789087653160095,0.6451612710952759,0.3197580575942993
YNL280C,YOR321W,0,-7.0147033,0.1678028255701065,0.6451612710952759,0.3199596703052521
YDR512C,YNL201C,0,-7.0150495,0.16771487891674042,0.6451612710952759,0.32016128301620483
YNL323W,YJR046W,0,-7.015411,0.16762703657150269,0.6451612710952759,0.3203628957271576
YML008C,YOL088C,0,-7.015796,0.16753926873207092,0.6451612710952759,0.32056450843811035
YKL129C,YLR025W,0,-7.0164113,0.16745159029960632,0.6451612710952759,0.3207661211490631
YMR281W,YNL016W,0,-7.017175,0.16736401617527008,0.6451612710952759,0.32096773386001587
YLR127C,YPL270W,0,-7.0177636,0.167276531457901,0.6451612710952759,0.32116934657096863
YGR181W,YML109W,0,-7.0178156,0.16718913614749908,0.6451612710952759,0.3213709592819214
YOL009C,YDR495C,1,-7.018889,0.16762402653694153,0.6471773982048035,0.3213709592819214
YDL004W,YDL140C,0,-7.0194483,0.16753654181957245,0.6471773982048035,0.32157257199287415
YEL062W,YCR042C,0,-7.0207047,0.16744914650917053,0.6471773982048035,0.3217741847038269
YBR086C,YPL188W,0,-7.020724,0.16736184060573578,0.6471773982048035,0.32197579741477966
YMR095C,YEL012W,0,-7.0218573,0.1672746241092682,0.6471773982048035,0.3221774101257324
YJR127C,YJL176C,0,-7.022276,0.16718749701976776,0.6471773982048035,0.3223790228366852
YJR158W,YLL041C,0,-7.022381,0.1671004742383957,0.6471773982048035,0.32258063554763794
YGL175C,YBR081C,0,-7.023244,0.1670135259628296,0.6471773982048035,0.3227822482585907
YML127W,YNR046W,0,-7.023293,0.16692668199539185,0.6471773982048035,0.32298386096954346
YGR216C,YHR085W,0,-7.0235944,0.16683991253376007,0.6471773982048035,0.3231854736804962
YGR220C,YMR006C,0,-7.0236163,0.16675324738025665,0.6471773982048035,0.323387086391449
YER183C,YDR470C,0,-7.023975,0.1666666716337204,0.6471773982048035,0.32358869910240173
YIL132C,YOR123C,0,-7.024677,0.1665801703929901,0.6471773982048035,0.3237903118133545
YER013W,YGR253C,0,-7.024834,0.16649377346038818,0.6471773982048035,0.32399192452430725
YOR372C,YDL195W,0,-7.0261474,0.16640746593475342,0.6471773982048035,0.32419353723526
YCR039C,YBR006W,0,-7.0272975,0.16632124781608582,0.6471773982048035,0.32439514994621277
YGR029W,YHR133C,0,-7.027353,0.16623510420322418,0.6471773982048035,0.3245967626571655
YKL212W,YIL063C,0,-7.027425,0.1661490648984909,0.6471773982048035,0.3247983753681183
YHR176W,YDL225W,0,-7.027764,0.1660631150007248,0.6471773982048035,0.32499998807907104
YPL237W,YKR060W,0,-7.0284967,0.16597725450992584,0.6471773982048035,0.3252016007900238
YBR245C,YDL111C,0,-7.0295844,0.16589146852493286,0.6471773982048035,0.32540321350097656
YBR020W,YLR260W,0,-7.030731,0.16580578684806824,0.6471773982048035,0.3256048262119293
YNL074C,YDL140C,0,-7.031387,0.16572017967700958,0.6471773982048035,0.3258064389228821
YHR194W,YLR190W,1,-7.031421,0.16615067422389984,0.649193525314331,0.3258064389228821
YLR133W,YIL072W,0,-7.0317984,0.16606497764587402,0.649193525314331,0.32600805163383484
YLR043C,YNL054W,1,-7.0319257,0.16649484634399414,0.6512096524238586,0.32600805163383484
YBR121C,YNL268W,0,-7.032701,0.16640906035900116,0.6512096524238586,0.3262096643447876
YMR204C,YLR386W,1,-7.033439,0.16683831810951233,0.6532257795333862,0.3262096643447876
YEL060C,YHR027C,0,-7.034296,0.16675244271755219,0.6532257795333862,0.32641127705574036
YOL026C,YHL006C,0,-7.0345616,0.1666666716337204,0.6532257795333862,0.3266128897666931
YMR112C,YPL174C,0,-7.0345683,0.16658097505569458,0.6532257795333862,0.3268145024776459
YGL054C,YDL030W,0,-7.034602,0.16649536788463593,0.6532257795333862,0.32701611518859863
YFR031C,YIL126W,0,-7.0349526,0.16640986502170563,0.6532257795333862,0.3272177278995514
YMR165C,YGR253C,0,-7.034967,0.1663244366645813,0.6532257795333862,0.32741934061050415
YJL115W,YKR097W,0,-7.0358367,0.16623909771442413,0.6532257795333862,0.3276209533214569
YOL076W,YLR240W,1,-7.0359635,0.1666666716337204,0.6552419066429138,0.3276209533214569
YOR074C,YDR198C,0,-7.036269,0.16658124327659607,0.6552419066429138,0.32782256603240967
YHR142W,YMR203W,0,-7.036511,0.1664959043264389,0.6552419066429138,0.3280241787433624
YLR097C,YBL052C,0,-7.036796,0.1664106547832489,0.6552419066429138,0.3282258212566376
YDR118W,YKR038C,0,-7.0377245,0.16632547974586487,0.6552419066429138,0.32842743396759033
YMR313C,YHL009C,0,-7.037842,0.1662404090166092,0.6552419066429138,0.3286290466785431
YOL009C,YOL076W,1,-7.0381217,0.1666666716337204,0.6572580933570862,0.3286290466785431
YBL058W,YBR254C,0,-7.0381346,0.16658149659633636,0.6572580933570862,0.32883065938949585
YLR319C,YCR042C,0,-7.0382886,0.1664964258670807,0.6572580933570862,0.3290322721004486
YGL257C,YPL129W,0,-7.038877,0.16641142964363098,0.6572580933570862,0.32923388481140137
YNL331C,YBR240C,0,-7.0390186,0.16632653772830963,0.6572580933570862,0.3294354975223541
YLR254C,YKL057C,0,-7.0403547,0.16624172031879425,0.6572580933570862,0.3296371102333069
YDR516C,YOL110W,0,-7.0403905,0.16615697741508484,0.6572580933570862,0.32983872294425964
YOL076W,YNL304W,1,-7.0419006,0.16658176481723785,0.6592742204666138,0.32983872294425964
YBR257W,YLR277C,0,-7.0419917,0.16649694740772247,0.6592742204666138,0.3300403356552124
YDL226C,YKL205W,0,-7.0420117,0.16641221940517426,0.6592742204666138,0.33024194836616516
YBR004C,YJR097W,0,-7.042497,0.166327565908432,0.6592742204666138,0.3304435610771179
YOL009C,YLR043C,1,-7.0435624,0.16675139963626862,0.6612903475761414,0.3304435610771179
YLR220W,YDR247W,0,-7.0436206,0.1666666716337204,0.6612903475761414,0.3306451737880707
YER051W,YJL210W,0,-7.0437894,0.16658201813697815,0.6612903475761414,0.33084678649902344
YCL038C,YIL034C,0,-7.0441036,0.16649746894836426,0.6612903475761414,0.3310483992099762
YML051W,YPR154W,0,-7.0447707,0.16641299426555634,0.6612903475761414,0.33125001192092896
YNL261W,YJL210W,0,-7.0448656,0.16632859408855438,0.6612903475761414,0.3314516246318817
YMR204C,YGR209C,1,-7.044955,0.16675114631652832,0.663306474685669,0.3314516246318817
YKL011C,YDR356W,0,-7.046209,0.1666666716337204,0.663306474685669,0.3316532373428345
YJL134W,YHL006C,0,-7.046209,0.16658227145671844,0.663306474685669,0.33185485005378723
YJL072C,YOR261C,0,-7.0467505,0.16649797558784485,0.663306474685669,0.33205646276474
YDR147W,YJL047C,0,-7.0472436,0.16641375422477722,0.663306474685669,0.33225807547569275
YDL029W,YMR204C,1,-7.047919,0.16683518886566162,0.6653226017951965,0.33225807547569275
YPL271W,YBR087W,0,-7.0485654,0.16675087809562683,0.6653226017951965,0.3324596881866455
YLR242C,YKL081W,0,-7.048823,0.1666666716337204,0.6653226017951965,0.33266130089759827
YDR141C,YER001W,0,-7.048996,0.16658253967761993,0.6653226017951965,0.332862913608551
YLR190W,YLR240W,1,-7.049838,0.16700302064418793,0.6673387289047241,0.332862913608551
YIL002C,YNL202W,0,-7.0498867,0.1669188141822815,0.6673387289047241,0.3330645263195038
YIL044C,YGR170W,0,-7.050264,0.16683468222618103,0.6673387289047241,0.33326613903045654
YER109C,YLR467W,0,-7.050774,0.16675062477588654,0.6673387289047241,0.3334677517414093
YMR240C,YGR229C,0,-7.0510907,0.1666666716337204,0.6673387289047241,0.33366936445236206
YGR029W,YNL049C,0,-7.0522876,0.16658279299736023,0.6673387289047241,0.3338709771633148
YMR301C,YHL020C,0,-7.052505,0.16649898886680603,0.6673387289047241,0.3340725898742676
YGL013C,YIL122W,0,-7.052691,0.1664152890443802,0.6673387289047241,0.33427420258522034
YLR043C,YLR240W,1,-7.0532475,0.16683417558670044,0.6693548560142517,0.33427420258522034
YBL099W,YMR314W,0,-7.053283,0.16675037145614624,0.6693548560142517,0.3344758152961731
YDR195W,YJL054W,0,-7.0535703,0.1666666716337204,0.6693548560142517,0.33467742800712585
YPR032W,YGR281W,0,-7.0550737,0.16658304631710052,0.6693548560142517,0.3348790407180786
YBL009W,YJL178C,0,-7.055428,0.16649949550628662,0.6693548560142517,0.33508065342903137
YOL009C,YNL304W,1,-7.0556684,0.16691729426383972,0.6713709831237793,0.33508065342903137
YIL062C,YHR194W,1,-7.0561404,0.1673346757888794,0.6733871102333069,0.33508065342903137
YML103C,YKL108W,0,-7.0574946,0.1672508716583252,0.6733871102333069,0.33528226613998413
YLR226W,YER164W,0,-7.05862,0.16716717183589935,0.6733871102333069,0.3354838788509369
YNR011C,YDL033C,0,-7.0591025,0.16708354651927948,0.6733871102333069,0.33568549156188965
YMR212C,YHR167W,0,-7.059976,0.16699999570846558,0.6733871102333069,0.3358871042728424
YCL014W,YMR207C,0,-7.060078,0.16691653430461884,0.6733871102333069,0.33608871698379517
YDR419W,YCR033W,0,-7.0601554,0.16683316230773926,0.6733871102333069,0.3362903296947479
YDR364C,YAL009W,0,-7.0607653,0.16674987971782684,0.6733871102333069,0.3364919424057007
YMR184W,YLL022C,0,-7.0609584,0.1666666716337204,0.6733871102333069,0.33669355511665344
YKL054C,YDR288W,0,-7.063603,0.16658353805541992,0.6733871102333069,0.3368951678276062
YPR176C,YAL017W,0,-7.0636606,0.1665004938840866,0.6733871102333069,0.33709678053855896
YGR144W,YJR044C,0,-7.064061,0.16641753911972046,0.6733871102333069,0.3372983932495117
YOR288C,YIL121W,0,-7.064072,0.16633465886116028,0.6733871102333069,0.3375000059604645
YAL042W,YMR075W,0,-7.064113,0.16625186800956726,0.6733871102333069,0.33770161867141724
YGR267C,YFR030W,0,-7.064406,0.1661691516637802,0.6733871102333069,0.33790323138237
YHR005C-A,YNL129W,0,-7.0645423,0.16608652472496033,0.6733871102333069,0.33810484409332275
YGR186W,YIL063C,0,-7.0648794,0.1660039722919464,0.6733871102333069,0.3383064568042755
YGR218W,YIL119C,0,-7.065023,0.16592150926589966,0.6733871102333069,0.33850806951522827
YDR069C,YDL007W,0,-7.0650883,0.16583912074565887,0.6733871102333069,0.33870968222618103
YHL003C,YKL173W,0,-7.0654635,0.16575682163238525,0.6733871102333069,0.3389112949371338
YBR089C-A,YCL005W-A,0,-7.066108,0.1656745970249176,0.6733871102333069,0.33911290764808655
YDR098C,YIR018W,0,-7.0668254,0.16559246182441711,0.6733871102333069,0.3393145203590393
YGR244C,YNL046W,0,-7.0668645,0.1655104011297226,0.6733871102333069,0.33951613306999207
YDR358W,YAL031C,0,-7.067538,0.16542842984199524,0.6733871102333069,0.3397177457809448
YLL015W,YLR262C,0,-7.0679293,0.16534653306007385,0.6733871102333069,0.3399193584918976
YAR008W,YOL093W,0,-7.0682025,0.16526472568511963,0.6733871102333069,0.34012097120285034
YCR107W,YMR184W,0,-7.068509,0.16518299281597137,0.6733871102333069,0.3403225839138031
YOL009C,YDL006W,1,-7.068735,0.1655956506729126,0.6754032373428345,0.3403225839138031
YOR299W,YBR142W,0,-7.069023,0.16551382839679718,0.6754032373428345,0.34052419662475586
YMR204C,YDR495C,1,-7.069369,0.16592592000961304,0.6774193644523621,0.34052419662475586
YER025W,YDR422C,0,-7.0695376,0.16584402322769165,0.6774193644523621,0.3407258093357086
YHR166C,YPL156C,0,-7.069724,0.16576221585273743,0.6774193644523621,0.3409274220466614
YAL058W,YER051W,0,-7.070804,0.16568046808242798,0.6774193644523621,0.34112903475761414
YDR171W,YDR166C,0,-7.071631,0.1655988097190857,0.6774193644523621,0.3413306474685669
YMR052W,YIR041W,0,-7.0718136,0.16551724076271057,0.6774193644523621,0.34153226017951965
YGL129C,YLR424W,0,-7.0735536,0.16543574631214142,0.6774193644523621,0.3417338728904724
YOR316C,YOR123C,0,-7.073705,0.16535432636737823,0.6774193644523621,0.34193548560142517
YBR112C,YOR359W,0,-7.074462,0.16527299582958221,0.6774193644523621,0.34213709831237793
YNL079C,YCL063W,1,-7.075169,0.16568338871002197,0.6794354915618896,0.34213709831237793
YER041W,YER005W,0,-7.075664,0.1656019687652588,0.6794354915618896,0.3423387110233307
YDR512C,YEL056W,0,-7.076219,0.16552062332630157,0.6794354915618896,0.34254032373428345
YLR386W,YNL304W,1,-7.07632,0.16593028604984283,0.6814516186714172,0.34254032373428345
YIL033C,YBL097W,0,-7.076343,0.16584886610507965,0.6814516186714172,0.3427419364452362
YCL017C,YCR083W,0,-7.0767097,0.16576753556728363,0.6814516186714172,0.34294354915618896
YLR190W,YPR131C,1,-7.0767283,0.1661764681339264,0.6834677457809448,0.34294354915618896
YDR295C,YNL173C,0,-7.0772443,0.1660950481891632,0.6834677457809448,0.3431451618671417
YNL298W,YGR179C,0,-7.0777144,0.1660137176513672,0.6834677457809448,0.3433467745780945
YFR028C,YBR258C,0,-7.078198,0.16593244671821594,0.6834677457809448,0.34354838728904724
YLR080W,YBL035C,0,-7.07974,0.16585126519203186,0.6834677457809448,0.34375
YGL166W,YHR058C,0,-7.079924,0.16577017307281494,0.6834677457809448,0.34395161271095276
YBR185C,YBR088C,0,-7.080667,0.165689155459404,0.6834677457809448,0.3441532254219055
YPR049C,YOR171C,0,-7.080692,0.165608212351799,0.6834677457809448,0.3443548381328583
YLR424W,YDR160W,0,-7.0807743,0.16552734375,0.6834677457809448,0.34455645084381104
YER167W,YPR057W,0,-7.080849,0.16544656455516815,0.6834677457809448,0.3447580635547638
YIR005W,YBL057C,0,-7.080897,0.16536585986614227,0.6834677457809448,0.34495967626571655
YJL091C,YCR024C-A,0,-7.0812306,0.16528522968292236,0.6834677457809448,0.3451612889766693
YOL068C,YCR084C,0,-7.081867,0.16520467400550842,0.6834677457809448,0.34536290168762207
YPL117C,YKL082C,0,-7.0819106,0.16512420773506165,0.6834677457809448,0.34556451439857483
YIR041W,YBR117C,0,-7.081981,0.16504381597042084,0.6834677457809448,0.3457661271095276
YMR076C,YJL056C,0,-7.0848308,0.164963498711586,0.6834677457809448,0.34596773982048035
YPL031C,YPL188W,0,-7.0852404,0.16488327085971832,0.6834677457809448,0.3461693525314331
YDL181W,YIR002C,0,-7.08546,0.16480311751365662,0.6834677457809448,0.34637096524238586
YBR200W,YOR208W,0,-7.0858426,0.16472303867340088,0.6834677457809448,0.3465725779533386
YJL090C,YBL058W,0,-7.0864444,0.1646430343389511,0.6834677457809448,0.3467741906642914
YGL032C,YEL022W,0,-7.08668,0.1645631045103073,0.6834677457809448,0.34697580337524414
YGR165W,YDR055W,0,-7.08671,0.16448326408863068,0.6834677457809448,0.3471774160861969
YDR501W,YKL086W,0,-7.088128,0.16440349817276,0.6834677457809448,0.34737902879714966
YGR230W,YMR202W,0,-7.08888,0.1643238067626953,0.6834677457809448,0.3475806415081024
YJL061W,YIL052C,0,-7.089441,0.16424418985843658,0.6834677457809448,0.3477822542190552
YPR010C,YNR046W,0,-7.0899434,0.16416464745998383,0.6834677457809448,0.34798386693000793
YDL108W,YGR089W,0,-7.0900555,0.16408519446849823,0.6834677457809448,0.3481854796409607
YGL055W,YEL013W,1,-7.0909696,0.16448959708213806,0.6854838728904724,0.3481854796409607
YNR035C,YHR194W,1,-7.0917277,0.16489361226558685,0.6875,0.3481854796409607
YLL050C,YPL262W,0,-7.0919313,0.16481392085552216,0.6875,0.34838709235191345
YOL060C,YHR152W,0,-7.0921597,0.16473430395126343,0.6875,0.3485887050628662
YDL035C,YKR050W,0,-7.092273,0.16465476155281067,0.6875,0.34879031777381897
YDR517W,YEL065W,0,-7.0925646,0.16457529366016388,0.6875,0.34899193048477173
YNL039W,YBR202W,0,-7.0928907,0.16449590027332306,0.6875,0.3491935431957245
YLL011W,YGR020C,0,-7.0933237,0.1644165813922882,0.6875,0.34939515590667725
YFL031W,YNL264C,0,-7.0934405,0.16433735191822052,0.6875,0.34959676861763
YGR200C,YER149C,0,-7.094955,0.1642581820487976,0.6875,0.34979838132858276
YGL256W,YOR308C,0,-7.0957165,0.16417910158634186,0.6875,0.3499999940395355
YDL198C,YOL121C,0,-7.095823,0.16410009562969208,0.6875,0.3502016067504883
YPL187W,YOL122C,0,-7.095939,0.16402116417884827,0.6875,0.35040321946144104
YBR272C,YOR301W,0,-7.0961266,0.16394230723381042,0.6875,0.3506048321723938
YNL286W,YLR011W,0,-7.0969305,0.16386352479457855,0.6875,0.35080644488334656
YBL016W,YCR044C,0,-7.0969987,0.16378481686115265,0.6875,0.3510080575942993
YER006W,YBR106W,0,-7.097197,0.1637061983346939,0.6875,0.3512096703052521
YDR424C,YPL032C,0,-7.097405,0.16362763941287994,0.6875,0.35141128301620483
YNL094W,YOR265W,0,-7.0974555,0.16354915499687195,0.6875,0.3516128957271576
YFR040W,YKL140W,0,-7.097708,0.16347075998783112,0.6875,0.35181450843811035
YER106W,YGL226C-A,0,-7.097929,0.16339242458343506,0.6875,0.3520161211490631
YPR182W,YER123W,0,-7.098931,0.16331417858600616,0.6875,0.35221773386001587
YOL003C,YIL129C,0,-7.099179,0.16323599219322205,0.6875,0.35241934657096863
YOL039W,YGR229C,0,-7.0992007,0.1631578952074051,0.6875,0.3526209592819214
YMR006C,YOR359W,0,-7.09939,0.1630798727273941,0.6875,0.35282257199287415
YLL060C,YDR200C,0,-7.099691,0.1630019098520279,0.6875,0.3530241847038269
YNL169C,YOR075W,0,-7.0998254,0.16292403638362885,0.6875,0.35322579741477966
YDR023W,YMR203W,0,-7.099898,0.16284622251987457,0.6875,0.3534274101257324
YNL242W,YGL087C,0,-7.10115,0.16276849806308746,0.6875,0.3536290228366852
YDR264C,YLR298C,0,-7.1019297,0.16269083321094513,0.6875,0.35383063554763794
YNL271C,YDL036C,0,-7.103432,0.16261325776576996,0.6875,0.3540322482585907
YPR067W,YGL219C,0,-7.103582,0.16253574192523956,0.6875,0.35423386096954346
YOR058C,YGL111W,0,-7.105,0.16245831549167633,0.6875,0.3544354736804962
YOR330C,YER147C,0,-7.1050353,0.16238094866275787,0.6875,0.354637086391449
YJL071W,YJL091C,0,-7.1053467,0.16230367124080658,0.6875,0.35483869910240173
YBR167C,YPL175W,0,-7.106254,0.16222645342350006,0.6875,0.3550403118133545
YNL159C,YFL010W-A,0,-7.1068664,0.1621493101119995,0.6875,0.35524192452430725
YJL013C,YKL059C,0,-7.107183,0.16207224130630493,0.6875,0.35544353723526
YBL099W,YJR022W,0,-7.1074276,0.16199524700641632,0.6875,0.35564514994621277
YNL259C,YER159C,0,-7.107431,0.16191832721233368,0.6875,0.3558467626571655
YDR198C,YDR207C,0,-7.108277,0.161841481924057,0.6875,0.3560483753681183
YMR164C,YOR281C,0,-7.108364,0.1617647111415863,0.6875,0.35624998807907104
YDL029W,YHR194W,1,-7.1086144,0.1621621549129486,0.6895161271095276,0.35624998807907104
YLR127C,YOR178C,0,-7.1094165,0.16208530962467194,0.6895161271095276,0.3564516007900238
YKR026C,YCR037C,0,-7.10947,0.16200852394104004,0.6895161271095276,0.35665321350097656
YNR035C,YAL029C,1,-7.1101956,0.16240529716014862,0.6915322542190552,0.35665321350097656
YHR001W,YGL126W,0,-7.1104126,0.16232843697071075,0.6915322542190552,0.3568548262119293
YBR131W,YOL127W,0,-7.1108108,0.16225165128707886,0.6915322542190552,0.3570564389228821
YLL036C,YLR045C,0,-7.1119695,0.16217494010925293,0.6915322542190552,0.35725805163383484
YJL014W,YPR104C,0,-7.112167,0.16209830343723297,0.6915322542190552,0.3574596643447876
YDR495C,YLR240W,1,-7.1125464,0.16249409317970276,0.6935483813285828,0.3574596643447876
YOR079C,YDR182W,0,-7.11279,0.16241738200187683,0.6935483813285828,0.35766127705574036
YLR153C,YPL001W,0,-7.1130195,0.16234073042869568,0.6935483813285828,0.3578628897666931
YJL024C,YKR067W,0,-7.113621,0.1622641533613205,0.6935483813285828,0.3580645024776459
YDR335W,YBR087W,0,-7.1139264,0.16218765079975128,0.6935483813285828,0.35826611518859863
YOL115W,YER082C,0,-7.1141315,0.16211122274398804,0.6935483813285828,0.3584677278995514
YKR022C,YMR231W,0,-7.1153026,0.16203485429286957,0.6935483813285828,0.35866934061050415
YOR221C,YMR137C,0,-7.1156764,0.16195857524871826,0.6935483813285828,0.3588709533214569
YNR002C,YJL156C,0,-7.1164565,0.16188235580921173,0.6935483813285828,0.35907256603240967
YPL051W,YOL065C,0,-7.1169124,0.16180621087551117,0.6935483813285828,0.3592741787433624
YDL209C,YPL124W,0,-7.1179566,0.16173014044761658,0.6935483813285828,0.3594758212566376
YBR210W,YBR102C,0,-7.1180844,0.16165412962436676,0.6935483813285828,0.35967743396759033
YJL187C,YGL212W,0,-7.1186137,0.1615782082080841,0.6935483813285828,0.3598790466785431
YGL113W,YDR079C-A,0,-7.1187034,0.16150234639644623,0.6935483813285828,0.36008065938949585
YDR236C,YGL049C,0,-7.120169,0.16142655909061432,0.6935483813285828,0.3602822721004486
YDR167W,YML093W,0,-7.120563,0.16135084629058838,0.6935483813285828,0.36048388481140137
YBR008C,YOL060C,0,-7.1215987,0.16127519309520721,0.6935483813285828,0.3606854975223541
YDL035C,YDR498C,0,-7.1222806,0.1611996293067932,0.6935483813285828,0.3608871102333069
YGL018C,YML062C,0,-7.1238422,0.161124125123024,0.6935483813285828,0.36108872294425964
YBL016W,YDR190C,0,-7.124198,0.16104869544506073,0.6935483813285828,0.3612903356552124
YML065W,YDL084W,0,-7.124354,0.16097332537174225,0.6935483813285828,0.36149194836616516
YNL314W,YNL272C,0,-7.1243997,0.16089802980422974,0.6935483813285828,0.3616935610771179
YKL062W,YCL069W,0,-7.125191,0.1608228087425232,0.6935483813285828,0.3618951737880707
YDR038C,YML010W,0,-7.1252427,0.16074766218662262,0.6935483813285828,0.36209678649902344
YFL013C,YDR140W,0,-7.1254344,0.16067259013652802,0.6935483813285828,0.3622983992099762
YML065W,YLR136C,0,-7.1264663,0.16059757769107819,0.6935483813285828,0.36250001192092896
YDR216W,YBL050W,0,-7.126593,0.16052262485027313,0.6935483813285828,0.3627016246318817
YDR211W,YPL129W,0,-7.1267657,0.16044776141643524,0.6935483813285828,0.3629032373428345
YOR112W,YGR081C,0,-7.126935,0.16037295758724213,0.6935483813285828,0.36310485005378723
YOL066C,YLR442C,0,-7.128002,0.16029822826385498,0.6935483813285828,0.36330646276474
YOL139C,YBL090W,0,-7.128556,0.1602235734462738,0.6935483813285828,0.36350807547569275
YNL041C,YGR143W,0,-7.128735,0.1601489782333374,0.6935483813285828,0.3637096881866455
YDR404C,YLR383W,0,-7.1289945,0.16007445752620697,0.6935483813285828,0.36391130089759827
YMR138W,YKL113C,0,-7.129482,0.1599999964237213,0.6935483813285828,0.364112913608551
YMR234W,YOR210W,0,-7.130655,0.15992560982704163,0.6935483813285828,0.3643145263195038
YNL027W,YBR198C,0,-7.1312957,0.1598512977361679,0.6935483813285828,0.36451613903045654
YOR232W,YHR204W,0,-7.131305,0.15977706015110016,0.6935483813285828,0.3647177517414093
YNL292W,YLR154C,0,-7.131513,0.15970288217067719,0.6935483813285828,0.36491936445236206
YOL165C,YDR386W,0,-7.131897,0.159628763794899,0.6935483813285828,0.3651209771633148
YER173W,YLR447C,0,-7.1327667,0.15955473482608795,0.6935483813285828,0.3653225898742676
YLR399C,YOR256C,0,-7.132797,0.1594807654619217,0.6935483813285828,0.36552420258522034
YIL159W,YPR173C,0,-7.133291,0.1594068557024002,0.6935483813285828,0.3657258152961731
YBL093C,YDR369C,0,-7.133574,0.1593330204486847,0.6935483813285828,0.36592742800712585
YAL029C,YDR495C,1,-7.1344557,0.1597222238779068,0.6955645084381104,0.36592742800712585
YDL014W,YDR311W,0,-7.13499,0.15964831411838531,0.6955645084381104,0.3661290407180786
YBR015C,YKR059W,0,-7.1354747,0.1595744639635086,0.6955645084381104,0.36633065342903137
YLR370C,YHR194W,1,-7.135998,0.15996301174163818,0.6975806355476379,0.36633065342903137
YER107C,YLR316C,0,-7.1360726,0.1598890870809555,0.6975806355476379,0.36653226613998413
YOL064C,YGL113W,0,-7.1365666,0.1598152369260788,0.6975806355476379,0.3667338788509369
YKR090W,YDR484W,0,-7.1365786,0.15974146127700806,0.6975806355476379,0.36693549156188965
YML104C,YOL009C,1,-7.1375976,0.16012920439243317,0.6995967626571655,0.36693549156188965
YHR165C,YFL008W,0,-7.138268,0.16005535423755646,0.6995967626571655,0.3671371042728424
YPR176C,YPL156C,0,-7.1384254,0.15998156368732452,0.6995967626571655,0.36733871698379517
YDR317W,YML065W,0,-7.1388097,0.15990783274173737,0.6995967626571655,0.3675403296947479
YNR035C,YML104C,1,-7.138941,0.1602948009967804,0.7016128897666931,0.3675403296947479
YCR094W,YJL047C,0,-7.139327,0.16022099554538727,0.7016128897666931,0.3677419424057007
YOR023C,YHR014W,0,-7.1394744,0.1601472645998001,0.7016128897666931,0.36794355511665344
YFL025C,YAL042W,0,-7.139936,0.16007359325885773,0.7016128897666931,0.3681451678276062
YHR194W,YNL079C,1,-7.1399865,0.16045977175235748,0.7036290168762207,0.3681451678276062
YAL013W,YBL063W,0,-7.141222,0.16038602590560913,0.7036290168762207,0.36834678053855896
YMR280C,YDL040C,0,-7.141585,0.16031235456466675,0.7036290168762207,0.3685483932495117
YIL062C,YML104C,1,-7.1415963,0.16069789230823517,0.7056451439857483,0.3685483932495117
YDL116W,YBL018C,0,-7.1417193,0.16062414646148682,0.7056451439857483,0.3687500059604645
YNL041C,YGL168W,0,-7.1422615,0.16055046021938324,0.7056451439857483,0.36895161867141724
YPR190C,YPL011C,0,-7.14432,0.16047684848308563,0.7056451439857483,0.36915323138237
YOR298C-A,YOL034W,0,-7.144489,0.1604032963514328,0.7056451439857483,0.36935484409332275
YMR080C,YDR381W,0,-7.1456075,0.16032981872558594,0.7056451439857483,0.3695564568042755
YNL159C,YMR240C,0,-7.1461377,0.16025641560554504,0.7056451439857483,0.36975806951522827
YKR046C,YML088W,0,-7.1462913,0.16018307209014893,0.7056451439857483,0.36995968222618103
YCL011C,YOL028C,0,-7.1464305,0.16010978817939758,0.7056451439857483,0.3701612949371338
YKL059C,YIL109C,0,-7.146587,0.1600365787744522,0.7056451439857483,0.37036290764808655
YGR029W,YGR013W,0,-7.146642,0.1599634438753128,0.7056451439857483,0.3705645203590393
YBL015W,YDR205W,0,-7.146932,0.15989035367965698,0.7056451439857483,0.37076613306999207
YBL063W,YPR101W,0,-7.147204,0.15981735289096832,0.7056451439857483,0.3709677457809448
YPR070W,YBR084W,0,-7.1472764,0.15974441170692444,0.7056451439857483,0.3711693584918976
YGR095C,YER005W,0,-7.147812,0.15967153012752533,0.7056451439857483,0.37137097120285034
YHR053C,YKL160W,0,-7.1478305,0.1595987230539322,0.7056451439857483,0.3715725839138031
YPR018W,YOR159C,0,-7.149779,0.15952597558498383,0.7056451439857483,0.37177419662475586
YGR191W,YGR074W,0,-7.150121,0.15945330262184143,0.7056451439857483,0.3719758093357086
YHR194W,YLR240W,1,-7.150269,0.1598360687494278,0.7076612710952759,0.3719758093357086
YDL243C,YHR176W,0,-7.151218,0.15976330637931824,0.7076612710952759,0.3721774220466614
YOR028C,YBR254C,0,-7.1516347,0.15969063341617584,0.7076612710952759,0.37237903475761414
YGL029W,YBR004C,0,-7.1525497,0.15961800515651703,0.7076612710952759,0.3725806474685669
YJL214W,YOR122C,0,-7.1527734,0.15954545140266418,0.7076612710952759,0.37278226017951965
YGR220C,YCR033W,0,-7.152921,0.1594729721546173,0.7076612710952759,0.3729838728904724
YLL002W,YDL224C,0,-7.152935,0.15940053761005402,0.7076612710952759,0.37318548560142517
YJR055W,YER001W,0,-7.1530848,0.15932819247245789,0.7076612710952759,0.37338709831237793
YJL014W,YLR034C,0,-7.1546073,0.15925589203834534,0.7076612710952759,0.3735887110233307
YOR156C,YIL135C,0,-7.1548314,0.15918366611003876,0.7076612710952759,0.37379032373428345
YJL081C,YOL067C,0,-7.155498,0.15911151468753815,0.7076612710952759,0.3739919364452362
YGR041W,YLR016C,0,-7.155845,0.1590394228696823,0.7076612710952759,0.37419354915618896
YNL323W,YDR213W,0,-7.1562,0.15896739065647125,0.7076612710952759,0.3743951618671417
YMR004W,YDR479C,0,-7.156545,0.15889543294906616,0.7076612710952759,0.3745967745780945
YKL204W,YER020W,0,-7.156767,0.15882353484630585,0.7076612710952759,0.37479838728904724
YDL006W,YNL054W,1,-7.1572375,0.15920397639274597,0.7096773982048035,0.37479838728904724
YOR046C,YBR165W,0,-7.1582103,0.1591320037841797,0.7096773982048035,0.375
YEL003W,YPL212C,0,-7.1585474,0.15906010568141937,0.7096773982048035,0.37520161271095276
YJR089W,YMR101C,0,-7.1611705,0.15898825228214264,0.7096773982048035,0.3754032254219055
YOR265W,YGR129W,0,-7.161724,0.15891647338867188,0.7096773982048035,0.3756048381328583
YML104C,YNL079C,1,-7.1621947,0.15929603576660156,0.711693525314331,0.3756048381328583
YIL150C,YDR359C,0,-7.162576,0.15922418236732483,0.711693525314331,0.37580645084381104
YOR368W,YFL036W,0,-7.162636,0.15915238857269287,0.711693525314331,0.3760080635547638
YKL195W,YDL224C,0,-7.162927,0.15908066928386688,0.711693525314331,0.37620967626571655
YKL113C,YEL054C,0,-7.1632686,0.15900900959968567,0.711693525314331,0.3764112889766693
YPR025C,YPR189W,0,-7.1634507,0.15893740952014923,0.711693525314331,0.37661290168762207
YLR100W,YDL216C,0,-7.163588,0.15886588394641876,0.711693525314331,0.37681451439857483
YCR094W,YIL114C,0,-7.164062,0.15879441797733307,0.711693525314331,0.3770161271095276
YBR245C,YNL123W,0,-7.1642585,0.15872302651405334,0.711693525314331,0.37721773982048035
YBR114W,YCR060W,0,-7.164305,0.1586516797542572,0.711693525314331,0.3774193525314331
YBR233W-A,YPL210C,0,-7.165504,0.15858040750026703,0.711693525314331,0.37762096524238586
YGR009C,YPL002C,0,-7.1658053,0.15850920975208282,0.711693525314331,0.3778225779533386
YOL009C,YHR194W,1,-7.1658916,0.1588868945837021,0.7137096524238586,0.3778225779533386
YHR074W,YDR078C,0,-7.166045,0.15881560742855072,0.7137096524238586,0.3780241906642914
YHR065C,YOR270C,0,-7.166265,0.15874439477920532,0.7137096524238586,0.37822580337524414
YER122C,YPR024W,0,-7.1663647,0.1586732417345047,0.7137096524238586,0.3784274160861969
YOL094C,YMR260C,0,-7.167481,0.15860214829444885,0.7137096524238586,0.37862902879714966
YEL013W,YNL304W,1,-7.167815,0.15897895395755768,0.7157257795333862,0.37862902879714966
YHR190W,YNL149C,0,-7.1680446,0.15890778601169586,0.7157257795333862,0.3788306415081024
YPL192C,YPR163C,0,-7.1682906,0.15883669257164001,0.7157257795333862,0.3790322542190552
YGL181W,YMR272C,0,-7.1694355,0.15876565873622894,0.7157257795333862,0.37923386693000793
YLR370C,YMR204C,1,-7.169683,0.15914170444011688,0.7177419066429138,0.37923386693000793
YPL096C-A,YHR183W,0,-7.170318,0.15907059609889984,0.7177419066429138,0.3794354796409607
YGR134W,YNL136W,0,-7.1706367,0.15899954736232758,0.7177419066429138,0.37963709235191345
YBR234C,YMR204C,1,-7.170971,0.15937499701976776,0.7197580933570862,0.37963709235191345
YGR209C,YDR495C,1,-7.171214,0.15975011885166168,0.7217742204666138,0.37963709235191345
YDR213W,YOL138C,0,-7.1726584,0.1596788614988327,0.7217742204666138,0.3798387050628662
YNL251C,YCL001W,0,-7.1727996,0.1596076637506485,0.7217742204666138,0.38004031777381897
YHR142W,YLR145W,0,-7.173739,0.15953654050827026,0.7217742204666138,0.38024193048477173
YBR283C,YER049W,0,-7.174301,0.1594654768705368,0.7217742204666138,0.3804435431957245
YDR511W,YOR061W,0,-7.1745024,0.15939447283744812,0.7217742204666138,0.38064515590667725
YIL002C,YBR167C,0,-7.1745443,0.1593235433101654,0.7217742204666138,0.38084676861763
YER075C,YKR057W,0,-7.1746225,0.15925267338752747,0.7217742204666138,0.38104838132858276
YML104C,YPR131C,1,-7.17543,0.15962649881839752,0.7237903475761414,0.38104838132858276
YLR438C-A,YKL018W,0,-7.176261,0.1595555543899536,0.7237903475761414,0.3812499940395355
YDR098C,YGL169W,0,-7.176433,0.15948466956615448,0.7237903475761414,0.3814516067504883
YOR233W,YGL111W,0,-7.177529,0.15941385924816132,0.7237903475761414,0.38165321946144104
YGR246C,YBR043C,0,-7.1784573,0.15934309363365173,0.7237903475761414,0.3818548321723938
YOL051W,YDL108W,0,-7.178599,0.15927240252494812,0.7237903475761414,0.38205644488334656
YNL323W,YLR316C,0,-7.179275,0.15920177102088928,0.7237903475761414,0.3822580575942993
YOR340C,YNL154C,0,-7.17987,0.15913119912147522,0.7237903475761414,0.3824596703052521
YPL233W,YGL049C,0,-7.179893,0.15906070172786713,0.7237903475761414,0.38266128301620483
YGL018C,YGL169W,0,-7.18006,0.1589902639389038,0.7237903475761414,0.3828628957271576
YDL209C,YLR272C,0,-7.180069,0.15891987085342407,0.7237903475761414,0.38306450843811035
YGR134W,YNL326C,0,-7.180353,0.1588495522737503,0.7237903475761414,0.3832661211490631
YJL124C,YER149C,0,-7.180963,0.1587793081998825,0.7237903475761414,0.38346773386001587
YNL172W,YIL144W,0,-7.181193,0.1587091088294983,0.7237903475761414,0.38366934657096863
YKL057C,YDR030C,0,-7.181247,0.15863896906375885,0.7237903475761414,0.3838709592819214
YGL018C,YPL176C,0,-7.1813464,0.15856890380382538,0.7237903475761414,0.38407257199287415
YLR226W,YEL056W,0,-7.181806,0.15849889814853668,0.7237903475761414,0.3842741847038269
YHR077C,YMR283C,0,-7.1821666,0.15842895209789276,0.7237903475761414,0.38447579741477966
YMR204C,YOL076W,1,-7.1825914,0.1588001698255539,0.725806474685669,0.38447579741477966
YGR155W,YLR014C,0,-7.183707,0.1587301641702652,0.725806474685669,0.3846774101257324
YGL173C,YJL187C,0,-7.183887,0.15866020321846008,0.725806474685669,0.3848790228366852
YNL270C,YMR273C,0,-7.1855397,0.15859030187129974,0.725806474685669,0.38508063554763794
YCR038C,YKL130C,0,-7.1867843,0.15852047502994537,0.725806474685669,0.3852822482585907
YMR135C,YPL041C,0,-7.186789,0.15845070779323578,0.725806474685669,0.38548386096954346
YOR025W,YPL193W,0,-7.1868014,0.15838100016117096,0.725806474685669,0.3856854736804962
YPL059W,YPL180W,0,-7.186888,0.15831135213375092,0.725806474685669,0.385887086391449
YGR101W,YIL030C,0,-7.1871047,0.15824176371097565,0.725806474685669,0.38608869910240173
YMR138W,YDL116W,0,-7.187365,0.15817223489284515,0.725806474685669,0.3862903118133545
YDL161W,YDR447C,0,-7.187703,0.15810276567935944,0.725806474685669,0.38649192452430725
YKR019C,YDR092W,0,-7.1882424,0.1580333560705185,0.725806474685669,0.38669353723526
YOR005C,YMR172W,0,-7.1884274,0.15796402096748352,0.725806474685669,0.38689514994621277
YNL051W,YDR130C,0,-7.1893373,0.15789473056793213,0.725806474685669,0.3870967626571655
YGR224W,YMR079W,0,-7.1895733,0.1578255146741867,0.725806474685669,0.3872983753681183
YBR020W,YNL085W,0,-7.1897326,0.15775635838508606,0.725806474685669,0.38749998807907104
YDL102W,YER161C,0,-7.189908,0.157687246799469,0.725806474685669,0.3877016007900238
YDR150W,YNL054W,1,-7.190222,0.15805603563785553,0.7278226017951965,0.3877016007900238
YIR015W,YDR532C,0,-7.1909213,0.1579868644475937,0.7278226017951965,0.38790321350097656
YNR056C,YJR147W,0,-7.1930146,0.15791775286197662,0.7278226017951965,0.3881048262119293
YGL067W,YPR009W,0,-7.193381,0.15784871578216553,0.7278226017951965,0.3883064389228821
YDL231C,YER038C,0,-7.193497,0.157779723405838,0.7278226017951965,0.38850805163383484
YER009W,YER147C,0,-7.193584,0.15771079063415527,0.7278226017951965,0.3887096643447876
YDR221W,YGL075C,0,-7.193749,0.1576419174671173,0.7278226017951965,0.38891127705574036
YOR386W,YDL138W,0,-7.1940613,0.15757311880588531,0.7278226017951965,0.3891128897666931
YLL006W,YNL090W,0,-7.194307,0.1575043648481369,0.7278226017951965,0.3893145024776459
YIR006C,YPL047W,0,-7.1946816,0.15743567049503326,0.7278226017951965,0.38951611518859863
YNL293W,YHR038W,0,-7.1953096,0.1573670506477356,0.7278226017951965,0.3897177278995514
YJR006W,YLR079W,0,-7.1975083,0.1572984755039215,0.7278226017951965,0.38991934061050415
YMR167W,YKL012W,0,-7.1979117,0.1572299599647522,0.7278226017951965,0.3901209533214569
YGR217W,YBR106W,0,-7.1984286,0.15716151893138885,0.7278226017951965,0.39032256603240967
YJL102W,YBR117C,0,-7.1985145,0.1570931226015091,0.7278226017951965,0.3905241787433624
YDR495C,YNL304W,1,-7.199475,0.15745976567268372,0.7298387289047241,0.3905241787433624
YDL093W,YER160C,0,-7.200564,0.15739130973815918,0.7298387289047241,0.3907258212566376
YLR052W,YKL205W,0,-7.2007413,0.15732289850711823,0.7298387289047241,0.39092743396759033
YDL040C,YJR063W,0,-7.200993,0.15725456178188324,0.7298387289047241,0.3911290466785431
YGL253W,YIL135C,0,-7.2010016,0.15718628466129303,0.7298387289047241,0.39133065938949585
YNR030W,YHR165C,0,-7.201045,0.1571180522441864,0.7298387289047241,0.3915322721004486
YPR120C,YDL081C,0,-7.201657,0.15704989433288574,0.7298387289047241,0.39173388481140137
YGR256W,YIL105C,0,-7.2029705,0.15698178112506866,0.7298387289047241,0.3919354975223541
YDR483W,YER125W,0,-7.2036977,0.15691374242305756,0.7298387289047241,0.3921371102333069
YNL026W,YLR136C,0,-7.2043023,0.15684574842453003,0.7298387289047241,0.39233872294425964
YMR214W,YBL034C,0,-7.20497,0.15677782893180847,0.7298387289047241,0.3925403356552124
YOR061W,YJR110W,0,-7.2054715,0.1567099541425705,0.7298387289047241,0.39274194836616516
YAL055W,YDR515W,0,-7.206399,0.1566421389579773,0.7298387289047241,0.3929435610771179
YLR170C,YCR028C,0,-7.206777,0.15657439827919006,0.7298387289047241,0.3931451737880707
YPL055C,YPL193W,0,-7.20733,0.1565067023038864,0.7298387289047241,0.39334678649902344
YLL022C,YKL188C,0,-7.207913,0.15643906593322754,0.7298387289047241,0.3935483992099762
YDL117W,YDR411C,0,-7.20804,0.15637148916721344,0.7298387289047241,0.39375001192092896
YPR190C,YGL244W,0,-7.2083216,0.15630397200584412,0.7298387289047241,0.3939516246318817
YJR156C,YNR006W,0,-7.2093344,0.15623651444911957,0.7298387289047241,0.3941532373428345
YGL003C,YOR130C,0,-7.2100863,0.1561691164970398,0.7298387289047241,0.39435485005378723
YPL001W,YLR011W,0,-7.211119,0.1561017632484436,0.7298387289047241,0.39455646276474
YML121W,YNL293W,0,-7.2128754,0.15603448450565338,0.7298387289047241,0.39475807547569275
YMR080C,YBR289W,0,-7.213071,0.15596725046634674,0.7298387289047241,0.3949596881866455
YLR163C,YKR097W,0,-7.2137814,0.15590009093284607,0.7298387289047241,0.39516130089759827
YOR257W,YDL235C,0,-7.214717,0.15583297610282898,0.7298387289047241,0.395362913608551
YGL252C,YIR018W,0,-7.2155824,0.15576592087745667,0.7298387289047241,0.3955645263195038
YGR220C,YDR425W,0,-7.2170987,0.15569892525672913,0.7298387289047241,0.39576613903045654
YDL008W,YDR158W,0,-7.2171154,0.15563198924064636,0.7298387289047241,0.3959677517414093
YMR164C,YPL094C,0,-7.2177777,0.15556509792804718,0.7298387289047241,0.39616936445236206
YGL174W,YNL090W,0,-7.2179112,0.15549828112125397,0.7298387289047241,0.3963709771633148
YLR385C,YPR133W-A,0,-7.2182813,0.15543150901794434,0.7298387289047241,0.3965725898742676
YNL271C,YAL026C,0,-7.2187448,0.15536481142044067,0.7298387289047241,0.39677420258522034
YER065C,YPL187W,0,-7.219291,0.1552981585264206,0.7298387289047241,0.3969758152961731
YNL280C,YLR181C,0,-7.219377,0.1552315652370453,0.7298387289047241,0.39717742800712585
YPR017C,YJL187C,0,-7.2195477,0.15516501665115356,0.7298387289047241,0.3973790407180786
YDR293C,YLR362W,0,-7.2198787,0.1550985425710678,0.7298387289047241,0.39758065342903137
YJR055W,YDL005C,0,-7.220262,0.15503211319446564,0.7298387289047241,0.39778226613998413
YML067C,YER018C,0,-7.2208447,0.15496575832366943,0.7298387289047241,0.3979838788509369
YOR074C,YDR369C,0,-7.2211614,0.1548994481563568,0.7298387289047241,0.39818549156188965
YNL126W,YLR409C,0,-7.2212257,0.15483319759368896,0.7298387289047241,0.3983871042728424
YNL129W,YLR425W,0,-7.2236266,0.1547669917345047,0.7298387289047241,0.39858871698379517
YNL220W,YDR473C,0,-7.223722,0.1547008603811264,0.7298387289047241,0.3987903296947479
YGL014W,YML105C,0,-7.22393,0.1546347737312317,0.7298387289047241,0.3989919424057007
YFL024C,YDR451C,0,-7.2240176,0.15456874668598175,0.7298387289047241,0.39919355511665344
YJL090C,YGL145W,0,-7.225027,0.1545027792453766,0.7298387289047241,0.3993951678276062
YOR079C,YJR001W,0,-7.2250915,0.154436856508255,0.7298387289047241,0.39959678053855896
YER035W,YMR023C,0,-7.2251167,0.1543710082769394,0.7298387289047241,0.3997983932495117
YDR422C,YHR106W,0,-7.225186,0.15430520474910736,0.7298387289047241,0.4000000059604645
YNL129W,YER190W,0,-7.225495,0.1542394608259201,0.7298387289047241,0.40020161867141724
YKL190W,YPL126W,0,-7.226148,0.15417376160621643,0.7298387289047241,0.40040323138237
YPL021W,YBR289W,0,-7.2264457,0.15410813689231873,0.7298387289047241,0.40060484409332275
YMR092C,YKL205W,0,-7.226523,0.1540425568819046,0.7298387289047241,0.4008064568042755
YBL025W,YDR213W,0,-7.227253,0.15397703647613525,0.7298387289047241,0.40100806951522827
YDR184C,YOR133W,0,-7.2273264,0.1539115607738495,0.7298387289047241,0.40120968222618103
YAL013W,YPR095C,0,-7.2275515,0.1538461595773697,0.7298387289047241,0.4014112949371338
YDL035C,YJL183W,0,-7.2277617,0.15378080308437347,0.7298387289047241,0.40161290764808655
YIL042C,YDR460W,0,-7.227964,0.15371550619602203,0.7298387289047241,0.4018145203590393
YAL017W,YBR050C,0,-7.228027,0.15365025401115417,0.7298387289047241,0.40201613306999207
YLR319C,YAL038W,0,-7.229002,0.1535850614309311,0.7298387289047241,0.4022177457809448
YNR074C,YOR241W,0,-7.2290597,0.15351992845535278,0.7298387289047241,0.4024193584918976
YOR112W,YER018C,0,-7.229695,0.15345485508441925,0.7298387289047241,0.40262097120285034
YER120W,YDR422C,0,-7.230161,0.1533898264169693,0.7298387289047241,0.4028225839138031
YNL135C,YML015C,0,-7.231251,0.15332485735416412,0.7298387289047241,0.40302419662475586
YPR133C,YDR457W,0,-7.2327056,0.15325994789600372,0.7298387289047241,0.4032258093357086
YPR054W,YJR110W,0,-7.23344,0.1531950980424881,0.7298387289047241,0.4034274220466614
YDL142C,YIR009W,0,-7.233969,0.15313029289245605,0.7298387289047241,0.40362903475761414
YER003C,YCR042C,0,-7.23409,0.1530655324459076,0.7298387289047241,0.4038306474685669
YGL067W,YLR376C,0,-7.234138,0.1530008465051651,0.7298387289047241,0.40403226017951965
YEL017C-A,YLR298C,0,-7.234284,0.1529362052679062,0.7298387289047241,0.4042338728904724
YDL022W,YGL039W,0,-7.2346134,0.15287162363529205,0.7298387289047241,0.40443548560142517
YDL194W,YHR181W,0,-7.2349205,0.1528070867061615,0.7298387289047241,0.40463709831237793
YDR195W,YML028W,0,-7.2355103,0.15274260938167572,0.7298387289047241,0.4048387110233307
YJR002W,YOR073W,0,-7.236787,0.15267819166183472,0.7298387289047241,0.40504032373428345
YJL196C,YMR283C,0,-7.236796,0.1526138335466385,0.7298387289047241,0.4052419364452362
YPL209C,YPL130W,0,-7.2369046,0.15254952013492584,0.7298387289047241,0.40544354915618896
YIL035C,YHR042W,0,-7.2371097,0.15248525142669678,0.7298387289047241,0.4056451618671417
YNR043W,YNL186W,0,-7.237436,0.15242105722427368,0.7298387289047241,0.4058467745780945
YPL180W,YGL249W,0,-7.237522,0.15235690772533417,0.7298387289047241,0.40604838728904724
YKL059C,YKL113C,0,-7.2392955,0.15229280292987823,0.7298387289047241,0.40625
YJR140C,YKL001C,0,-7.239592,0.15222875773906708,0.7298387289047241,0.40645161271095276
YMR042W,YGR090W,0,-7.23988,0.1521647721529007,0.7298387289047241,0.4066532254219055
YNL091W,YJL012C,0,-7.2399335,0.1521008461713791,0.7298387289047241,0.4068548381328583
YJL013C,YPR054W,0,-7.240583,0.15203696489334106,0.7298387289047241,0.40705645084381104
YMR204C,YAL010C,1,-7.2408156,0.15239295363426208,0.7318548560142517,0.40705645084381104
YLR231C,YGL241W,0,-7.240972,0.1523289978504181,0.7318548560142517,0.4072580635547638
YFR030W,YKR079C,0,-7.2426143,0.15226510167121887,0.7318548560142517,0.40745967626571655
YIL131C,YBL005W,0,-7.2439384,0.15220126509666443,0.7318548560142517,0.4076612889766693
YDR171W,YML118W,0,-7.2444243,0.15213747322559357,0.7318548560142517,0.40786290168762207
YDR527W,YOL067C,0,-7.244632,0.1520737260580063,0.7318548560142517,0.40806451439857483
YLL009C,YML015C,0,-7.245035,0.15201005339622498,0.7318548560142517,0.4082661271095276
YLR078C,YNR027W,0,-7.2454505,0.15194642543792725,0.7318548560142517,0.40846773982048035
YMR096W,YPR133C,0,-7.2457533,0.1518828421831131,0.7318548560142517,0.4086693525314331
YPL100W,YOL109W,0,-7.2457767,0.15181931853294373,0.7318548560142517,0.40887096524238586
YLR362W,YDR451C,0,-7.245851,0.15175585448741913,0.7318548560142517,0.4090725779533386
YLR047C,YNL085W,0,-7.2463713,0.1516924351453781,0.7318548560142517,0.4092741906642914
YMR204C,YHR194W,1,-7.2482176,0.1520467847585678,0.7338709831237793,0.4092741906642914
YDR337W,YBL079W,0,-7.248381,0.15198330581188202,0.7338709831237793,0.40947580337524414
YPR010C,YKL212W,0,-7.2497544,0.1519198715686798,0.7338709831237793,0.4096774160861969
YOL126C,YER147C,0,-7.2498116,0.15185648202896118,0.7338709831237793,0.40987902879714966
YAL024C,YKR022C,0,-7.250423,0.15179316699504852,0.7338709831237793,0.4100806415081024
YNL223W,YPL045W,0,-7.250569,0.15172988176345825,0.7338709831237793,0.4102822542190552
YBR297W,YKL148C,0,-7.2509713,0.15166667103767395,0.7338709831237793,0.41048386693000793
YGL133W,YDR059C,0,-7.251163,0.15160350501537323,0.7338709831237793,0.4106854796409607
YHR190W,YNL160W,0,-7.2512264,0.1515403836965561,0.7338709831237793,0.41088709235191345
YDR245W,YMR309C,0,-7.2520504,0.15147732198238373,0.7338709831237793,0.4110887050628662
YAL029C,YNL079C,1,-7.252435,0.1518302857875824,0.7358871102333069,0.4110887050628662
YDR337W,YDR488C,0,-7.25345,0.15176714956760406,0.7358871102333069,0.41129031777381897
YOR023C,YGR056W,0,-7.2534614,0.1517040729522705,0.7358871102333069,0.41149193048477173
YKL015W,YPL032C,0,-7.253568,0.15164104104042053,0.7358871102333069,0.4116935431957245
YML048W,YJL025W,0,-7.2556105,0.15157806873321533,0.7358871102333069,0.41189515590667725
YMR268C,YMR089C,0,-7.256799,0.1515151560306549,0.7358871102333069,0.41209676861763
YEL022W,YBL055C,0,-7.257067,0.15145228803157806,0.7358871102333069,0.41229838132858276
YPL022W,YNL090W,0,-7.2572284,0.1513894647359848,0.7358871102333069,0.4124999940395355
YJL115W,YER029C,0,-7.257344,0.15132670104503632,0.7358871102333069,0.4127016067504883
YGR010W,YHR056C,0,-7.2582927,0.1512639820575714,0.7358871102333069,0.41290321946144104
YDL142C,YER019C-A,0,-7.25835,0.15120132267475128,0.7358871102333069,0.4131048321723938
YOR147W,YAL029C,1,-7.258859,0.15155279636383057,0.7379032373428345,0.4131048321723938
YMR281W,YOL027C,0,-7.259556,0.15149006247520447,0.7379032373428345,0.41330644488334656
YBL082C,YBR040W,0,-7.25959,0.15142738819122314,0.7379032373428345,0.4135080575942993
YDR163W,YPR006C,0,-7.259604,0.1513647586107254,0.7379032373428345,0.4137096703052521
YDR046C,YER107C,0,-7.259665,0.15130218863487244,0.7379032373428345,0.41391128301620483
YNR001C,YDL090C,0,-7.259912,0.15123966336250305,0.7379032373428345,0.4141128957271576
YMR014W,YNL177C,0,-7.260059,0.15117719769477844,0.7379032373428345,0.41431450843811035
YIL097W,YGR056W,0,-7.2604446,0.15111477673053741,0.7379032373428345,0.4145161211490631
YOR079C,YDR464W,0,-7.260594,0.15105241537094116,0.7379032373428345,0.41471773386001587
YEL065W,YER029C,0,-7.2611337,0.1509900987148285,0.7379032373428345,0.41491934657096863
YMR065W,YMR006C,0,-7.2617626,0.1509278416633606,0.7379032373428345,0.4151209592819214
YAR008W,YDR362C,0,-7.2632923,0.15086562931537628,0.7379032373428345,0.41532257199287415
YNR010W,YDR409W,0,-7.2634363,0.15080346167087555,0.7379032373428345,0.4155241847038269
YHR091C,YGR104C,0,-7.2634864,0.1507413536310196,0.7379032373428345,0.41572579741477966
YJR084W,YHR077C,0,-7.263993,0.15067929029464722,0.7379032373428345,0.4159274101257324
YMR072W,YGL055W,1,-7.264551,0.1510288119316101,0.7399193644523621,0.4159274101257324
YML012W,YDR167W,0,-7.2656875,0.15096667408943176,0.7399193644523621,0.4161290228366852
YOL082W,YNL177C,0,-7.2660255,0.1509046107530594,0.7399193644523621,0.41633063554763794
YOR058C,YOR204W,0,-7.2665577,0.1508425772190094,0.7399193644523621,0.4165322482585907
YGR247W,YHR005C-A,0,-7.267011,0.1507806032896042,0.7399193644523621,0.41673386096954346
YMR312W,YDL051W,0,-7.2671156,0.15071868896484375,0.7399193644523621,0.4169354736804962
YOL012C,YNL145W,0,-7.267173,0.1506568193435669,0.7399193644523621,0.417137086391449
YER075C,YDR324C,0,-7.267836,0.15059499442577362,0.7399193644523621,0.41733869910240173
YEL022W,YLR316C,0,-7.268389,0.15053322911262512,0.7399193644523621,0.4175403118133545
YNR030W,YDR298C,0,-7.269557,0.1504715085029602,0.7399193644523621,0.41774192452430725
YBL005W,YLR067C,0,-7.2702694,0.15040983259677887,0.7399193644523621,0.41794353723526
YDL220C,YCL044C,0,-7.2705607,0.1503482162952423,0.7399193644523621,0.41814514994621277
YCR088W,YDL197C,0,-7.2706113,0.15028664469718933,0.7399193644523621,0.4183467626571655
YBR131W,YKL213C,0,-7.2708607,0.15022513270378113,0.7399193644523621,0.4185483753681183
YGL014W,YCR031C,0,-7.2714467,0.1501636654138565,0.7399193644523621,0.41874998807907104
YMR211W,YML061C,0,-7.271831,0.15010224282741547,0.7399193644523621,0.4189516007900238
YGR278W,YGR030C,0,-7.2721477,0.1500408798456192,0.7399193644523621,0.41915321350097656
YMR224C,YIL073C,0,-7.2724886,0.14997956156730652,0.7399193644523621,0.4193548262119293
YPR131C,YGL055W,1,-7.2727966,0.15032680332660675,0.7419354915618896,0.4193548262119293
YBR023C,YDR545W,0,-7.273414,0.1502654105424881,0.7419354915618896,0.4195564389228821
YGR252W,YLL035W,0,-7.274508,0.15020407736301422,0.7419354915618896,0.41975805163383484
YBR012W-B,YJL045W,0,-7.2748837,0.15014280378818512,0.7419354915618896,0.4199596643447876
YMR004W,YCL005W-A,0,-7.2749605,0.1500815600156784,0.7419354915618896,0.42016127705574036
YLR170C,YDR028C,0,-7.2758403,0.15002037584781647,0.7419354915618896,0.4203628897666931
YDR097C,YOL045W,0,-7.276056,0.1499592512845993,0.7419354915618896,0.4205645024776459
YPL149W,YNL326C,0,-7.277226,0.14989817142486572,0.7419354915618896,0.42076611518859863
YPR200C,YDL116W,0,-7.2778955,0.14983713626861572,0.7419354915618896,0.4209677278995514
YGL027C,YJR049C,0,-7.278203,0.1497761458158493,0.7419354915618896,0.42116934061050415
YNL232W,YJL052W,0,-7.278628,0.14971521496772766,0.7419354915618896,0.4213709533214569
YKL092C,YHR099W,0,-7.278767,0.1496543288230896,0.7419354915618896,0.42157256603240967
YLR449W,YBR017C,0,-7.278986,0.1495935022830963,0.7419354915618896,0.4217741787433624
YDL197C,YER035W,0,-7.2805467,0.14953270554542542,0.7419354915618896,0.4219758212566376
YLR442C,YJR029W,0,-7.2811065,0.1494719684123993,0.7419354915618896,0.42217743396759033
YAL029C,YDL006W,1,-7.2812767,0.1498173028230667,0.7439516186714172,0.42217743396759033
YGR249W,YDR473C,0,-7.2817316,0.14975649118423462,0.7439516186714172,0.4223790466785431
YDR414C,YKR048C,0,-7.282086,0.1496957391500473,0.7439516186714172,0.42258065938949585
YDR073W,YLR313C,0,-7.2820916,0.14963503181934357,0.7439516186714172,0.4227822721004486
YOR304W,YHR091C,0,-7.282101,0.1495743840932846,0.7439516186714172,0.42298388481140137
YOL009C,YDR150W,1,-7.2825665,0.14991895854473114,0.7459677457809448,0.42298388481140137
YNL173C,YMR216C,0,-7.2829266,0.1498582363128662,0.7459677457809448,0.4231854975223541
YGR036C,YDR079C-A,0,-7.2830915,0.14979757368564606,0.7459677457809448,0.4233871102333069
YLR438C-A,YBL055C,0,-7.283411,0.14973695576190948,0.7459677457809448,0.42358872294425964
YBR085W,YMR161W,0,-7.283857,0.1496763825416565,0.7459677457809448,0.4237903356552124
YAL038W,YML113W,0,-7.2842207,0.14961585402488708,0.7459677457809448,0.42399194836616516
YER056C,YDL128W,0,-7.2845745,0.14955537021160126,0.7459677457809448,0.4241935610771179
YGL071W,YBR086C,0,-7.2847366,0.1494949460029602,0.7459677457809448,0.4243951737880707
YER075C,YGR275W,0,-7.2847743,0.14943456649780273,0.7459677457809448,0.42459678649902344
YDL220C,YOR020C,0,-7.284897,0.14937424659729004,0.7459677457809448,0.4247983992099762
YHR171W,YOR140W,0,-7.285151,0.14931395649909973,0.7459677457809448,0.42500001192092896
YDL226C,YPR167C,0,-7.285242,0.1492537260055542,0.7459677457809448,0.4252016246318817
YGL027C,YBR010W,0,-7.2854085,0.14919355511665344,0.7459677457809448,0.4254032373428345
YMR001C,YNL311C,0,-7.2858806,0.14913341403007507,0.7459677457809448,0.42560485005378723
YIR009W,YPR168W,0,-7.286074,0.14907333254814148,0.7459677457809448,0.42580646276474
YLR014C,YOR212W,0,-7.28614,0.14901329576969147,0.7459677457809448,0.42600807547569275
YPR188C,YLL024C,0,-7.286238,0.14895330369472504,0.7459677457809448,0.4262096881866455
YLL036C,YNL151C,0,-7.2864842,0.1488933563232422,0.7459677457809448,0.42641130089759827
YBR112C,YDL115C,0,-7.286615,0.1488334685564041,0.7459677457809448,0.426612913608551
YDL087C,YOL135C,0,-7.2867146,0.14877362549304962,0.7459677457809448,0.4268145263195038
YGL033W,YDR192C,0,-7.2875743,0.1487138271331787,0.7459677457809448,0.42701613903045654
YPR108W,YMR322C,0,-7.2886543,0.14865407347679138,0.7459677457809448,0.4272177517414093
YJR150C,YNL015W,0,-7.289017,0.14859437942504883,0.7459677457809448,0.42741936445236206
YDR073W,YPR009W,0,-7.2893014,0.14853473007678986,0.7459677457809448,0.4276209771633148
YOR079C,YKR001C,0,-7.289346,0.14847512543201447,0.7459677457809448,0.4278225898742676
YAR019C,YLR277C,0,-7.289813,0.14841556549072266,0.7459677457809448,0.42802420258522034
YKR066C,YLR347C,0,-7.289827,0.14835605025291443,0.7459677457809448,0.4282258152961731
YNL055C,YBR117C,0,-7.290293,0.14829659461975098,0.7459677457809448,0.42842742800712585
YKL013C,YGL055W,1,-7.2903495,0.1486378163099289,0.7479838728904724,0.42842742800712585
YGR275W,YPR041W,0,-7.290726,0.14857830107212067,0.7479838728904724,0.4286290407180786
YBL017C,YHR048W,0,-7.2910457,0.14851881563663483,0.7479838728904724,0.42883065342903137
YAL012W,YML046W,0,-7.291102,0.14845938980579376,0.7479838728904724,0.42903226613998413
YOL123W,YOR298W,0,-7.291322,0.14839999377727509,0.7479838728904724,0.4292338788509369
YBR234C,YCL063W,1,-7.2917504,0.1487405002117157,0.75,0.4292338788509369
YOL026C,YGL225W,0,-7.291843,0.14868105947971344,0.75,0.42943549156188965
YDR473C,YDR189W,0,-7.2920527,0.14862164855003357,0.75,0.4296371042728424
YDR002W,YDR545W,0,-7.2921453,0.14856229722499847,0.75,0.42983871698379517
YGL012W,YMR239C,0,-7.2930093,0.14850299060344696,0.75,0.4300403296947479
YDR004W,YDR545W,0,-7.2934623,0.14844372868537903,0.75,0.4302419424057007
YFL010W-A,YKR027W,0,-7.293616,0.14838452637195587,0.75,0.43044355511665344
YPL075W,YGR128C,0,-7.2955036,0.1483253538608551,0.75,0.4306451678276062
YGL119W,YOR372C,0,-7.295821,0.1482662409543991,0.75,0.43084678053855896
YIR009W,YMR079W,0,-7.2959785,0.1482071727514267,0.75,0.4310483932495117
YPL021W,YMR227C,0,-7.2961974,0.14814814925193787,0.75,0.4312500059604645
YLR382C,YOR130C,0,-7.2965684,0.14808917045593262,0.75,0.43145161867141724
YOR371C,YGR166W,0,-7.2968993,0.14803023636341095,0.75,0.43165323138237
YOL080C,YDL229W,0,-7.296981,0.14797136187553406,0.75,0.43185484409332275
YLR117C,YPR104C,0,-7.2971272,0.14791253209114075,0.75,0.4320564568042755
YFL031W,YGL127C,0,-7.298025,0.14785373210906982,0.75,0.43225806951522827
YAL026C,YBR058C-A,0,-7.2984514,0.14779499173164368,0.75,0.43245968222618103
YKR001C,YLR126C,0,-7.298803,0.1477362960577011,0.75,0.4326612949371338
YHR091C,YHR203C,0,-7.3005557,0.14767764508724213,0.75,0.43286290764808655
YOR372C,YJL087C,0,-7.3006825,0.14761905372142792,0.75,0.4330645203590393
YCL055W,YKL170W,0,-7.301541,0.1475604921579361,0.75,0.43326613306999207
YIL049W,YKL197C,0,-7.3042817,0.14750197529792786,0.75,0.4334677457809448
YMR138W,YIL007C,0,-7.3045754,0.1474435180425644,0.75,0.4336693584918976
YEL066W,YNL160W,0,-7.304781,0.1473851054906845,0.75,0.43387097120285034
YDL040C,YOR372C,0,-7.304811,0.1473267376422882,0.75,0.4340725839138031
YMR042W,YGL095C,0,-7.3055778,0.1472684144973755,0.75,0.43427419662475586
YMR204C,YEL013W,1,-7.3059297,0.14760585129261017,0.7520161271095276,0.43427419662475586
YIL129C,YJL045W,0,-7.3059955,0.14754746854305267,0.7520161271095276,0.4344758093357086
YMR240C,YLR347C,0,-7.307079,0.14748913049697876,0.7520161271095276,0.4346774220466614
YHR194W,YDR495C,1,-7.308632,0.14782609045505524,0.7540322542190552,0.4346774220466614
YOR320C,YCR106W,0,-7.30896,0.14776767790317535,0.7540322542190552,0.43487903475761414
YGR275W,YLR425W,0,-7.3092685,0.14770932495594025,0.7540322542190552,0.4350806474685669
YNR010W,YGR132C,0,-7.3100767,0.14765100181102753,0.7540322542190552,0.43528226017951965
YGL055W,YNL054W,1,-7.3101535,0.14798736572265625,0.7560483813285828,0.43528226017951965
YMR204C,YLR240W,1,-7.310614,0.14832347631454468,0.7580645084381104,0.43528226017951965
YIL068C,YHR014W,0,-7.3107953,0.14826498925685883,0.7580645084381104,0.4354838728904724
YAL034W-A,YML120C,0,-7.310991,0.14820654690265656,0.7580645084381104,0.43568548560142517
YGL003C,YGL018C,0,-7.311268,0.14814814925193787,0.7580645084381104,0.43588709831237793
YDR213W,YHR048W,0,-7.3114963,0.14808979630470276,0.7580645084381104,0.4360887110233307
YFR029W,YER180C-A,0,-7.312286,0.14803150296211243,0.7580645084381104,0.43629032373428345
YPL117C,YLR376C,0,-7.3127017,0.14797323942184448,0.7580645084381104,0.4364919364452362
YKL004W,YHR042W,0,-7.3142285,0.14791502058506012,0.7580645084381104,0.43669354915618896
YGR249W,YPR181C,0,-7.314655,0.14785686135292053,0.7580645084381104,0.4368951618671417
YNR044W,YNL272C,0,-7.3148284,0.14779874682426453,0.7580645084381104,0.4370967745780945
YDR017C,YDR246W,0,-7.3148365,0.1477406620979309,0.7580645084381104,0.43729838728904724
YJL106W,YOR359W,0,-7.314944,0.14768263697624207,0.7580645084381104,0.4375
YBR217W,YGL049C,0,-7.3167887,0.1476246565580368,0.7580645084381104,0.43770161271095276
YNL166C,YDR244W,0,-7.3169007,0.14756672084331512,0.7580645084381104,0.4379032254219055
YDL014W,YER041W,0,-7.317076,0.14750882983207703,0.7580645084381104,0.4381048381328583
YOR233W,YPR054W,0,-7.317954,0.1474509835243225,0.7580645084381104,0.43830645084381104
YGL246C,YDR362C,0,-7.3179784,0.14739318192005157,0.7580645084381104,0.4385080635547638
YLR382C,YGR133W,0,-7.3181715,0.14733542501926422,0.7580645084381104,0.43870967626571655
YDL115C,YOR137C,0,-7.319479,0.14727771282196045,0.7580645084381104,0.4389112889766693
YKR068C,YKL089W,0,-7.319837,0.14722004532814026,0.7580645084381104,0.43911290168762207
YAL010C,YDR495C,1,-7.319839,0.14755381643772125,0.7600806355476379,0.43911290168762207
YDL192W,YOR171C,0,-7.319925,0.1474960893392563,0.7600806355476379,0.43931451439857483
YPR031W,YER118C,0,-7.320248,0.1474384069442749,0.7600806355476379,0.4395161271095276
YBR236C,YHR062C,0,-7.3209367,0.1473807692527771,0.7600806355476379,0.43971773982048035
YJR009C,YML088W,0,-7.3213115,0.14732317626476288,0.7600806355476379,0.4399193525314331
YEL056W,YCR077C,0,-7.321688,0.14726562798023224,0.7600806355476379,0.44012096524238586
YBL015W,YPL208W,0,-7.3217216,0.14720812439918518,0.7600806355476379,0.4403225779533386
YGR007W,YDR260C,0,-7.322044,0.1471506655216217,0.7600806355476379,0.4405241906642914
YLR098C,YAR009C,0,-7.322491,0.1470932513475418,0.7600806355476379,0.44072580337524414
YPR021C,YNR043W,0,-7.322643,0.1470358818769455,0.7600806355476379,0.4409274160861969
YKL188C,YMR106C,0,-7.322661,0.14697855710983276,0.7600806355476379,0.44112902879714966
YNR002C,YOR150W,0,-7.323297,0.1469212770462036,0.7600806355476379,0.4413306415081024
YPL177C,YIR015W,0,-7.323362,0.14686404168605804,0.7600806355476379,0.4415322542190552
YMR012W,YOR123C,0,-7.3234596,0.14680685102939606,0.7600806355476379,0.44173386693000793
YDR243C,YGL246C,0,-7.32431,0.14674970507621765,0.7600806355476379,0.4419354796409607
YOR244W,YKR003W,0,-7.3243647,0.14669260382652283,0.7600806355476379,0.44213709235191345
YDR513W,YMR214W,0,-7.3245845,0.14663554728031158,0.7600806355476379,0.4423387050628662
YLR433C,YHR175W,0,-7.3246894,0.14657853543758392,0.7600806355476379,0.44254031777381897
YNL286W,YMR023C,0,-7.324738,0.14652156829833984,0.7600806355476379,0.44274193048477173
YDL003W,YLR403W,0,-7.3259892,0.14646464586257935,0.7600806355476379,0.4429435431957245
YFL011W,YML005W,0,-7.326566,0.14640776813030243,0.7600806355476379,0.44314515590667725
YCR031C,YFL008W,0,-7.327028,0.1463509351015091,0.7600806355476379,0.44334676861763
YPL192C,YHR050W,0,-7.327519,0.14629414677619934,0.7600806355476379,0.44354838132858276
YHR181W,YGL249W,0,-7.32805,0.14623738825321198,0.7600806355476379,0.4437499940395355
YFL025C,YMR227C,0,-7.328583,0.14618068933486938,0.7600806355476379,0.4439516067504883
YLL038C,YJR055W,0,-7.3295693,0.14612403512001038,0.7600806355476379,0.44415321946144104
YJL187C,YDR247W,0,-7.3296275,0.14606741070747375,0.7600806355476379,0.4443548321723938
YBR202W,YHL048W,0,-7.3323965,0.1460108458995819,0.7600806355476379,0.44455644488334656
YLR276C,YBR196C,0,-7.332707,0.14595431089401245,0.7600806355476379,0.4447580575942993
YOL115W,YER021W,0,-7.3330092,0.14589783549308777,0.7600806355476379,0.4449596703052521
YOR221C,YJL127C,0,-7.3339925,0.14584138989448547,0.7600806355476379,0.44516128301620483
YDR221W,YPL055C,0,-7.3348436,0.14578498899936676,0.7600806355476379,0.4453628957271576
YDR488C,YBR058C,0,-7.335153,0.14572864770889282,0.7600806355476379,0.44556450843811035
YDL088C,YCL038C,0,-7.3357663,0.14567233622074127,0.7600806355476379,0.4457661211490631
YKL011C,YBL058W,0,-7.3363395,0.1456160694360733,0.7600806355476379,0.44596773386001587
YDL117W,YDR320C-A,0,-7.33674,0.14555984735488892,0.7600806355476379,0.44616934657096863
YMR301C,YMR234W,0,-7.3369184,0.1455036699771881,0.7600806355476379,0.4463709592819214
YMR055C,YBL063W,0,-7.337607,0.1454475373029709,0.7600806355476379,0.44657257199287415
YLR226W,YKR003W,0,-7.3376966,0.14539143443107605,0.7600806355476379,0.4467741847038269
YKL040C,YOL045W,0,-7.3382707,0.145335391163826,0.7600806355476379,0.44697579741477966
YLR442C,YPL026C,0,-7.338665,0.14527937769889832,0.7600806355476379,0.4471774101257324
YGL208W,YNR034W,0,-7.338868,0.14522342383861542,0.7600806355476379,0.4473790228366852
YJL110C,YDL042C,0,-7.3390093,0.1451674997806549,0.7600806355476379,0.44758063554763794
YDR060W,YDR194C,0,-7.339181,0.14511162042617798,0.7600806355476379,0.4477822482585907
YPL055C,YDR159W,0,-7.339458,0.14505578577518463,0.7600806355476379,0.44798386096954346
YMR038C,YIL101C,0,-7.339645,0.14499999582767487,0.7600806355476379,0.4481854736804962
YJL214W,YDR409W,0,-7.33983,0.14494425058364868,0.7600806355476379,0.448387086391449
YMR299C,YPL096C-A,0,-7.339974,0.14488855004310608,0.7600806355476379,0.44858869910240173
YFR028C,YDR038C,0,-7.3400154,0.14483287930488586,0.7600806355476379,0.4487903118133545
YGR247W,YML031W,0,-7.3404365,0.14477726817131042,0.7600806355476379,0.44899192452430725
YPL075W,YLR026C,0,-7.340984,0.14472168684005737,0.7600806355476379,0.44919353723526
YDR138W,YAL009W,0,-7.341992,0.1446661502122879,0.7600806355476379,0.44939514994621277
YDR488C,YDR394W,0,-7.342216,0.14461065828800201,0.7600806355476379,0.4495967626571655
YKL074C,YJL145W,0,-7.342385,0.1445552110671997,0.7600806355476379,0.4497983753681183
YOR371C,YGL205W,0,-7.343173,0.14449980854988098,0.7600806355476379,0.44999998807907104
YER157W,YEL041W,0,-7.3443227,0.14444445073604584,0.7600806355476379,0.4502016007900238
YBL103C,YDL084W,0,-7.344643,0.14438912272453308,0.7600806355476379,0.45040321350097656
YDL006W,YLR240W,1,-7.3446603,0.14471669495105743,0.7620967626571655,0.45040321350097656
YHR005C-A,YOR008C,0,-7.346276,0.1446613073348999,0.7620967626571655,0.4506048262119293
YHR115C,YPR006C,0,-7.3471956,0.14460596442222595,0.7620967626571655,0.4508064389228821
YNL147W,YDR545W,0,-7.3476763,0.14455066621303558,0.7620967626571655,0.45100805163383484
YOL067C,YGL210W,0,-7.3480234,0.1444954127073288,0.7620967626571655,0.4512096643447876
YPL015C,YPL092W,0,-7.348679,0.1444402039051056,0.7620967626571655,0.45141127705574036
YBL018C,YNL049C,0,-7.3486795,0.14438502490520477,0.7620967626571655,0.4516128897666931
YML008C,YPL188W,0,-7.3501287,0.14432989060878754,0.7620967626571655,0.4518145024776459
YFL021W,YNL297C,0,-7.3504686,0.14427481591701508,0.7620967626571655,0.45201611518859863
YNL173C,YMR322C,0,-7.3507037,0.1442197561264038,0.7620967626571655,0.4522177278995514
YOL076W,YGR209C,1,-7.351755,0.14454615116119385,0.7641128897666931,0.4522177278995514
YMR283C,YPL176C,0,-7.3521037,0.144491046667099,0.7641128897666931,0.45241934061050415
YER013W,YOR110W,0,-7.3521667,0.14443597197532654,0.7641128897666931,0.4526209533214569
YPR054W,YLR409C,0,-7.3523526,0.14438095688819885,0.7641128897666931,0.45282256603240967
YER164W,YDR429C,0,-7.352502,0.14432597160339355,0.7641128897666931,0.4530241787433624
YER014C-A,YDR030C,0,-7.3528957,0.14427103102207184,0.7641128897666931,0.4532258212566376
YDR298C,YMR314W,0,-7.3530984,0.1442161351442337,0.7641128897666931,0.45342743396759033
YGL018C,YPL210C,0,-7.353313,0.14416128396987915,0.7641128897666931,0.4536290466785431
YGR188C,YER015W,0,-7.353898,0.14410646259784698,0.7641128897666931,0.45383065938949585
YGR200C,YBR162C,0,-7.3541665,0.1440516859292984,0.7641128897666931,0.4540322721004486
YPL242C,YGL070C,0,-7.3547883,0.1439969539642334,0.7641128897666931,0.45423388481140137
YOL076W,YOR147W,1,-7.35527,0.14432206749916077,0.7661290168762207,0.45423388481140137
YBL098W,YKL196C,0,-7.3560996,0.144267275929451,0.7661290168762207,0.4544354975223541
YDL113C,YNL173C,0,-7.357163,0.1442125290632248,0.7661290168762207,0.4546371102333069
YOL088C,YHR167W,0,-7.357301,0.14415781199932098,0.7661290168762207,0.45483872294425964
YER007W,YOR328W,0,-7.357562,0.14410315454006195,0.7661290168762207,0.4550403356552124
YOR236W,YLR008C,0,-7.358178,0.1440485268831253,0.7661290168762207,0.45524194836616516
YJR052W,YNL311C,0,-7.359113,0.14399394392967224,0.7661290168762207,0.4554435610771179
YPR185W,YOR073W,0,-7.3594728,0.14393939077854156,0.7661290168762207,0.4556451737880707
YIL065C,YJR022W,0,-7.3603997,0.14388489723205566,0.7661290168762207,0.45584678649902344
YLR190W,YNL304W,1,-7.3606544,0.14420893788337708,0.7681451439857483,0.45584678649902344
YCR034W,YOR354C,0,-7.361335,0.1441543698310852,0.7681451439857483,0.4560483992099762
YKL194C,YHR167W,0,-7.361632,0.14409984648227692,0.7681451439857483,0.45625001192092896
YJL002C,YDR293C,0,-7.3621335,0.1440453678369522,0.7681451439857483,0.4564516246318817
YBR068C,YHR056C,0,-7.3624268,0.14399093389511108,0.7681451439857483,0.4566532373428345
YGR057C,YHR172W,0,-7.362514,0.14393652975559235,0.7681451439857483,0.45685485005378723
YKL074C,YLR014C,0,-7.3626046,0.1438821703195572,0.7681451439857483,0.45705646276474
YOL009C,YLR190W,1,-7.3626847,0.14420536160469055,0.7701612710952759,0.45705646276474
YMR112C,YDL036C,0,-7.3627105,0.14415094256401062,0.7701612710952759,0.45725807547569275
YDR110W,YLR052W,0,-7.3631606,0.14409656822681427,0.7701612710952759,0.4574596881866455
YBR290W,YMR175W,0,-7.3632035,0.1440422385931015,0.7701612710952759,0.45766130089759827
YAL012W,YJR009C,0,-7.363422,0.14398793876171112,0.7701612710952759,0.457862913608551
YDL100C,YBL005W,0,-7.364864,0.14393368363380432,0.7701612710952759,0.4580645263195038
YNL297C,YOL121C,0,-7.365672,0.1438794732093811,0.7701612710952759,0.45826613903045654
YIL154C,YPL163C,0,-7.365755,0.14382530748844147,0.7701612710952759,0.4584677517414093
YOR298C-A,YML103C,0,-7.3659444,0.14377117156982422,0.7701612710952759,0.45866936445236206
YFL050C,YHL002W,0,-7.3661857,0.14371708035469055,0.7701612710952759,0.4588709771633148
YHR165C,YGR212W,0,-7.3679748,0.14366303384304047,0.7701612710952759,0.4590725898742676
YHR086W,YKR046C,0,-7.3687215,0.14360901713371277,0.7701612710952759,0.45927420258522034
YHR133C,YDR320C,0,-7.3689446,0.14355506002902985,0.7701612710952759,0.4594758152961731
YPL212C,YDR023W,0,-7.3691998,0.1435011327266693,0.7701612710952759,0.45967742800712585
YHR061C,YMR200W,0,-7.3695645,0.14344723522663116,0.7701612710952759,0.4598790407180786
YJL013C,YCL010C,0,-7.3696146,0.1433933973312378,0.7701612710952759,0.46008065342903137
YLR097C,YER053C,0,-7.3697762,0.1433395892381668,0.7701612710952759,0.46028226613998413
YIL044C,YDR060W,0,-7.37007,0.1432858258485794,0.7701612710952759,0.4604838788509369
YDR284C,YDR501W,0,-7.370079,0.1432320922613144,0.7701612710952759,0.46068549156188965
YCL055W,YJL041W,0,-7.370341,0.14317840337753296,0.7701612710952759,0.4608871042728424
YGR098C,YJL072C,0,-7.3705173,0.1431247591972351,0.7701612710952759,0.46108871698379517
YDR159W,YKL081W,0,-7.3710017,0.14307115972042084,0.7701612710952759,0.4612903296947479
YDR140W,YER171W,0,-7.371445,0.14301759004592896,0.7701612710952759,0.4614919424057007
YBR020W,YJR028W,0,-7.372273,0.14296406507492065,0.7701612710952759,0.46169355511665344
YPR006C,YFR050C,0,-7.3731694,0.14291058480739594,0.7701612710952759,0.4618951678276062
YFL036W,YNL309W,0,-7.3733163,0.1428571492433548,0.7701612710952759,0.46209678053855896
YKL101W,YGL039W,0,-7.3739753,0.14280374348163605,0.7701612710952759,0.4622983932495117
YKR027W,YNL246W,0,-7.374272,0.14275036752223969,0.7701612710952759,0.4625000059604645
YIL095W,YML088W,0,-7.374277,0.1426970511674881,0.7701612710952759,0.46270161867141724
YPR020W,YNR047W,0,-7.375011,0.1426437646150589,0.7701612710952759,0.46290323138237
YPL140C,YGR030C,0,-7.3755465,0.14259052276611328,0.7701612710952759,0.46310484409332275
YGL136C,YGL205W,0,-7.375919,0.14253731071949005,0.7701612710952759,0.4633064568042755
YKL135C,YDL036C,0,-7.376146,0.1424841433763504,0.7701612710952759,0.46350806951522827
YLR110C,YBL030C,0,-7.37666,0.14243102073669434,0.7701612710952759,0.46370968222618103
YJL013C,YMR101C,0,-7.377462,0.14237792789936066,0.7701612710952759,0.4639112949371338
YLL050C,YML120C,0,-7.3777966,0.14232489466667175,0.7701612710952759,0.46411290764808655
YLR256W,YLR052W,0,-7.3779383,0.14227187633514404,0.7701612710952759,0.4643145203590393
YNL103W,YDR079C-A,0,-7.3779693,0.1422189176082611,0.7701612710952759,0.46451613306999207
YOL113W,YER161C,0,-7.378096,0.14216598868370056,0.7701612710952759,0.4647177457809448
YOR073W,YPL176C,0,-7.3783402,0.1421130895614624,0.7701612710952759,0.4649193584918976
YJL209W,YKR042W,0,-7.3788214,0.14206025004386902,0.7701612710952759,0.46512097120285034
YCR107W,YNR023W,0,-7.3790555,0.14200744032859802,0.7701612710952759,0.4653225839138031
YOL149W,YDR296W,0,-7.3792233,0.14195466041564941,0.7701612710952759,0.46552419662475586
YHR075C,YMR322C,0,-7.3795924,0.1419019252061844,0.7701612710952759,0.4657258093357086
YOR171C,YGR152C,0,-7.3797965,0.14184923470020294,0.7701612710952759,0.4659274220466614
YFL025C,YKL141W,0,-7.380112,0.14179658889770508,0.7701612710952759,0.46612903475761414
YNL293W,YDR004W,0,-7.38143,0.1417439728975296,0.7701612710952759,0.4663306474685669
YKR019C,YDR451C,0,-7.3819714,0.1416914016008377,0.7701612710952759,0.46653226017951965
YOR211C,YMR096W,0,-7.3820295,0.1416388601064682,0.7701612710952759,0.4667338728904724
YAL029C,YEL013W,1,-7.382418,0.14195699989795685,0.7721773982048035,0.4667338728904724
YMR015C,YHR075C,0,-7.3841486,0.14190441370010376,0.7721773982048035,0.46693548560142517
YOR171C,YGL126W,0,-7.384299,0.14185185730457306,0.7721773982048035,0.46713709831237793
YGL094C,YDR487C,0,-7.384809,0.14179933071136475,0.7721773982048035,0.4673387110233307
YMR207C,YBR250W,0,-7.384962,0.14174684882164001,0.7721773982048035,0.46754032373428345
YAR007C,YGL135W,0,-7.3861938,0.14169441163539886,0.7721773982048035,0.4677419364452362
YEL036C,YNL293W,0,-7.386296,0.1416420191526413,0.7721773982048035,0.46794354915618896
YML104C,YHR194W,1,-7.386461,0.14195933938026428,0.774193525314331,0.46794354915618896
YNL136W,YDR490C,0,-7.386499,0.14190687239170074,0.774193525314331,0.4681451618671417
YLR390W-A,YER111C,0,-7.3869624,0.1418544501066208,0.774193525314331,0.4683467745780945
YMR211W,YOL113W,0,-7.3873467,0.14180207252502441,0.774193525314331,0.46854838728904724
YLR303W,YML092C,0,-7.3875823,0.14174972474575043,0.774193525314331,0.46875
YGL019W,YGL192W,0,-7.387795,0.14169742166996002,0.774193525314331,0.46895161271095276
YNL307C,YNL202W,0,-7.388445,0.141645148396492,0.774193525314331,0.4691532254219055
YBR091C,YDR470C,0,-7.3893094,0.14159291982650757,0.774193525314331,0.4693548381328583
YKL189W,YLR272C,0,-7.389461,0.1415407359600067,0.774193525314331,0.46955645084381104
YIL062C,YMR204C,1,-7.390077,0.14185704290866852,0.7762096524238586,0.46955645084381104
YNR011C,YGL169W,0,-7.390266,0.1418047845363617,0.7762096524238586,0.4697580635547638
YMR029C,YDL181W,0,-7.391195,0.14175257086753845,0.7762096524238586,0.46995967626571655
YPL042C,YIR018W,0,-7.3917294,0.1417004019021988,0.7762096524238586,0.4701612889766693
YGL168W,YLR016C,0,-7.3922257,0.1416482776403427,0.7762096524238586,0.47036290168762207
YGR193C,YGL044C,0,-7.3929434,0.14159616827964783,0.7762096524238586,0.47056451439857483
YLR190W,YAL029C,1,-7.3931775,0.14191175997257233,0.7782257795333862,0.47056451439857483
YER088C,YBR165W,0,-7.3937206,0.14185960590839386,0.7782257795333862,0.4707661271095276
YLR214W,YKL188C,0,-7.395017,0.14180749654769897,0.7782257795333862,0.47096773982048035
YOR061W,YFR030W,0,-7.39613,0.14175541698932648,0.7782257795333862,0.4711693525314331
YGL174W,YDR025W,0,-7.3963337,0.14170338213443756,0.7782257795333862,0.47137096524238586
YDR101C,YOL064C,0,-7.396972,0.14165137708187103,0.7782257795333862,0.4715725779533386
YBL011W,YJR026W,0,-7.3970942,0.14159941673278809,0.7782257795333862,0.4717741906642914
YPR161C,YGR046W,0,-7.397308,0.14154748618602753,0.7782257795333862,0.47197580337524414
YPR124W,YPR017C,0,-7.3974767,0.14149560034275055,0.7782257795333862,0.4721774160861969
YLR265C,YJR045C,0,-7.39774,0.14144375920295715,0.7782257795333862,0.47237902879714966
YPL275W,YPL006W,0,-7.3983603,0.14139194786548615,0.7782257795333862,0.4725806415081024
YNL270C,YDR477W,0,-7.3983636,0.14134016633033752,0.7782257795333862,0.4727822542190552
YGL053W,YDR079C-A,0,-7.3987727,0.14128842949867249,0.7782257795333862,0.47298386693000793
YKL019W,YAL001C,0,-7.3991656,0.14123673737049103,0.7782257795333862,0.4731854796409607
YMR227C,YFL037W,0,-7.399385,0.14118507504463196,0.7782257795333862,0.47338709235191345
YOL108C,YKL089W,0,-7.399593,0.14113345742225647,0.7782257795333862,0.4735887050628662
YKR026C,YOR304W,0,-7.3997955,0.14108186960220337,0.7782257795333862,0.47379031777381897
YBR288C,YMR065W,0,-7.3999925,0.14103032648563385,0.7782257795333862,0.47399193048477173
YJR059W,YCR027C,0,-7.400109,0.14097881317138672,0.7782257795333862,0.4741935431957245
YIL002C,YDL244W,0,-7.400249,0.14092734456062317,0.7782257795333862,0.47439515590667725
YMR232W,YJR068W,0,-7.4002547,0.140875905752182,0.7782257795333862,0.47459676861763
YNL192W,YFL024C,0,-7.400352,0.14082451164722443,0.7782257795333862,0.47479838132858276
YBL064C,YGR274C,0,-7.4004984,0.14077316224575043,0.7782257795333862,0.4749999940395355
YDR122W,YCR008W,0,-7.4010835,0.14072184264659882,0.7782257795333862,0.4752016067504883
YDL022W,YPL188W,0,-7.4021773,0.1406705528497696,0.7782257795333862,0.47540321946144104
YBL018C,YHR066W,0,-7.4028506,0.14061930775642395,0.7782257795333862,0.4756048321723938
YOR204W,YMR109W,0,-7.4032607,0.1405680924654007,0.7782257795333862,0.47580644488334656
YNR008W,YIL007C,0,-7.403316,0.14051692187786102,0.7782257795333862,0.4760080575942993
YDR479C,YFR003C,0,-7.4036927,0.14046579599380493,0.7782257795333862,0.4762096703052521
YPR168W,YDL170W,0,-7.404083,0.14041469991207123,0.7782257795333862,0.47641128301620483
YOL039W,YBL052C,0,-7.404363,0.1403636336326599,0.7782257795333862,0.4766128957271576
YPL047W,YPR121W,0,-7.4057264,0.14031261205673218,0.7782257795333862,0.47681450843811035
YIL159W,YDL227C,0,-7.405909,0.14026163518428802,0.7782257795333862,0.4770161211490631
YER167W,YDR512C,0,-7.40591,0.14021067321300507,0.7782257795333862,0.47721773386001587
YER044C-A,YLR266C,0,-7.406611,0.14015977084636688,0.7782257795333862,0.47741934657096863
YKL190W,YDR062W,0,-7.407163,0.1401088982820511,0.7782257795333862,0.4776209592819214
YKL054C,YBL035C,0,-7.4072537,0.14005805552005768,0.7782257795333862,0.47782257199287415
YOR080W,YDR159W,0,-7.407515,0.14000725746154785,0.7782257795333862,0.4780241847038269
YJR001W,YCL040W,0,-7.4076233,0.1399564892053604,0.7782257795333862,0.47822579741477966
YNL199C,YFL013C,0,-7.4080167,0.13990576565265656,0.7782257795333862,0.4784274101257324
YDR301W,YCL066W,0,-7.4082522,0.13985507190227509,0.7782257795333862,0.4786290228366852
YLR210W,YDR078C,0,-7.4084086,0.1398044228553772,0.7782257795333862,0.47883063554763794
YMR276W,YBR087W,0,-7.4084334,0.1397538036108017,0.7782257795333862,0.4790322482585907
YER056C,YGL112C,0,-7.4094834,0.13970321416854858,0.7782257795333862,0.47923386096954346
YML042W,YOL051W,0,-7.409963,0.13965268433094025,0.7782257795333862,0.4794354736804962
YNL103W,YMR075W,0,-7.4103065,0.1396021693944931,0.7782257795333862,0.479637086391449
YAR007C,YOL039W,0,-7.4104342,0.13955169916152954,0.7782257795333862,0.47983869910240173
YKR008W,YMR039C,0,-7.4107394,0.13950125873088837,0.7782257795333862,0.4800403118133545
YER035W,YBL050W,0,-7.410867,0.13945086300373077,0.7782257795333862,0.48024192452430725
YGL019W,YGR258C,0,-7.411619,0.13940051198005676,0.7782257795333862,0.48044353723526
YLR288C,YER117W,0,-7.4118056,0.13935017585754395,0.7782257795333862,0.48064514994621277
YHR013C,YKR022C,0,-7.4118567,0.1392998844385147,0.7782257795333862,0.4808467626571655
YML065W,YMR305C,0,-7.412427,0.13924963772296906,0.7782257795333862,0.4810483753681183
YPR095C,YHR167W,0,-7.4138503,0.1391994208097458,0.7782257795333862,0.48124998807907104
YBR234C,YGL055W,1,-7.413902,0.13950973749160767,0.7802419066429138,0.48124998807907104
YGR171C,YBR198C,0,-7.414109,0.13945946097373962,0.7802419066429138,0.4814516007900238
YGL246C,YJR086W,0,-7.4146085,0.13940922915935516,0.7802419066429138,0.48165321350097656
YKR061W,YLR453C,0,-7.415004,0.1393590271472931,0.7802419066429138,0.4818548262119293
YPR006C,YPL033C,0,-7.415706,0.1393088549375534,0.7802419066429138,0.4820564389228821
YBR297W,YMR266W,0,-7.416405,0.1392587274312973,0.7802419066429138,0.48225805163383484
YDR097C,YPL171C,0,-7.416674,0.1392086297273636,0.7802419066429138,0.4824596643447876
YBL009W,YER159C,0,-7.417109,0.13915857672691345,0.7802419066429138,0.48266127705574036
YDR150W,YDL006W,1,-7.41792,0.1394680142402649,0.7822580933570862,0.48266127705574036
YDR484W,YML007W,0,-7.418451,0.13941790163516998,0.7822580933570862,0.4828628897666931
YOR321W,YPL235W,0,-7.4185567,0.13936781883239746,0.7822580933570862,0.4830645024776459
YAL034W-A,YPR168W,0,-7.419356,0.13931778073310852,0.7822580933570862,0.48326611518859863
YCL066W,YDL225W,0,-7.419371,0.13926777243614197,0.7822580933570862,0.4834677278995514
YOL061W,YGR074W,0,-7.4198184,0.1392177939414978,0.7822580933570862,0.48366934061050415
YDR363W,YCR012W,0,-7.420441,0.13916786015033722,0.7822580933570862,0.4838709533214569
YOL012C,YMR243C,0,-7.4215827,0.13911795616149902,0.7822580933570862,0.48407256603240967
YBR272C,YDL003W,0,-7.4228835,0.1390680968761444,0.7822580933570862,0.4842741787433624
YMR276W,YDR343C,0,-7.423224,0.13901826739311218,0.7822580933570862,0.4844758212566376
YNR001C,YGR253C,0,-7.4235244,0.13896848261356354,0.7822580933570862,0.48467743396759033
YLR011W,YGR152C,0,-7.423608,0.13891872763633728,0.7822580933570862,0.4848790466785431
YLR411W,YDL200C,0,-7.4239235,0.1388690024614334,0.7822580933570862,0.48508065938949585
YKL054C,YPL019C,0,-7.4243236,0.13881932199001312,0.7822580933570862,0.4852822721004486
YMR246W,YOR211C,0,-7.42464,0.13876967132091522,0.7822580933570862,0.48548388481140137
YIR017C,YER042W,0,-7.4251075,0.1387200504541397,0.7822580933570862,0.4856854975223541
YDR508C,YGR020C,0,-7.4254823,0.13867047429084778,0.7822580933570862,0.4858871102333069
YMR072W,YAL029C,1,-7.425677,0.13897821307182312,0.7842742204666138,0.4858871102333069
YBR017C,YGR170W,0,-7.4261193,0.1389285773038864,0.7842742204666138,0.48608872294425964
YMR255W,YLR176C,0,-7.426414,0.1388789713382721,0.7842742204666138,0.4862903356552124
YOR245C,YOR110W,0,-7.4269676,0.13882941007614136,0.7842742204666138,0.48649194836616516
YJL191W,YDL190C,0,-7.427518,0.138779878616333,0.7842742204666138,0.4866935610771179
YDR448W,YCR058C,0,-7.4275713,0.13873039186000824,0.7842742204666138,0.4868951737880707
YDR437W,YDR092W,0,-7.427711,0.13868092000484467,0.7842742204666138,0.48709678649902344
YDR118W,YFL018C,0,-7.427838,0.13863150775432587,0.7842742204666138,0.4872983992099762
YER145C,YDR268W,0,-7.42845,0.13858211040496826,0.7842742204666138,0.48750001192092896
YHR188C,YNL177C,0,-7.429482,0.13853275775909424,0.7842742204666138,0.4877016246318817
YJR135C,YBL007C,0,-7.4301405,0.1384834498167038,0.7842742204666138,0.4879032373428345
YLR190W,YGL055W,1,-7.4307084,0.1387900412082672,0.7862903475761414,0.4879032373428345
YML043C,YLL011W,0,-7.4340444,0.1387406587600708,0.7862903475761414,0.48810485005378723
YNL051W,YOR373W,0,-7.4343743,0.13869132101535797,0.7862903475761414,0.48830646276474
YOR039W,YCL051W,0,-7.4346366,0.13864201307296753,0.7862903475761414,0.48850807547569275
YOR033C,YLR354C,0,-7.4348025,0.13859274983406067,0.7862903475761414,0.4887096881866455
YDR208W,YJR021C,0,-7.4360814,0.1385435163974762,0.7862903475761414,0.48891130089759827
YGR088W,YJL059W,0,-7.436272,0.1384943127632141,0.7862903475761414,0.489112913608551
YDL192W,YDR376W,0,-7.4363,0.1384451538324356,0.7862903475761414,0.4893145263195038
YNL275W,YIR009W,0,-7.436967,0.1383960247039795,0.7862903475761414,0.48951613903045654
YGR086C,YJR103W,0,-7.4380345,0.13834692537784576,0.7862903475761414,0.4897177517414093
YDR361C,YOR372C,0,-7.438679,0.13829787075519562,0.7862903475761414,0.48991936445236206
YHL048W,YEL065W,0,-7.43868,0.13824884593486786,0.7862903475761414,0.4901209771633148
YNL221C,YDR545W,0,-7.439362,0.1381998509168625,0.7862903475761414,0.4903225898742676
YBR021W,YPR036W,0,-7.439754,0.1381509006023407,0.7862903475761414,0.49052420258522034
YJL178C,YIR041W,0,-7.4403634,0.1381019800901413,0.7862903475761414,0.4907258152961731
YHL019C,YBR257W,0,-7.4404597,0.13805310428142548,0.7862903475761414,0.49092742800712585
YJR125C,YDR459C,0,-7.4406505,0.13800424337387085,0.7862903475761414,0.4911290407180786
YHR166C,YDR164C,0,-7.4416175,0.1379554271697998,0.7862903475761414,0.49133065342903137
YPR163C,YOL097C,0,-7.4420347,0.13790664076805115,0.7862903475761414,0.49153226613998413
YIL159W,YGL169W,0,-7.442068,0.13785789906978607,0.7862903475761414,0.4917338788509369
YFL031W,YNR031C,0,-7.443009,0.13780918717384338,0.7862903475761414,0.49193549156188965
YMR207C,YGL183C,0,-7.443231,0.13776050508022308,0.7862903475761414,0.4921371042728424
YCR055C,YOL110W,0,-7.4434724,0.13771186769008636,0.7862903475761414,0.49233871698379517
YDR141C,YPR168W,0,-7.4437027,0.13766326010227203,0.7862903475761414,0.4925403296947479
YNR002C,YOL129W,0,-7.44395,0.1376146823167801,0.7862903475761414,0.4927419424057007
YJL014W,YPR137W,0,-7.444263,0.13756613433361053,0.7862903475761414,0.49294355511665344
YDL087C,YDR337W,0,-7.4445357,0.13751763105392456,0.7862903475761414,0.4931451678276062
YNL323W,YBR088C,0,-7.4447994,0.13746915757656097,0.7862903475761414,0.49334678053855896
YDL227C,YHR079C-B,0,-7.4450145,0.13742071390151978,0.7862903475761414,0.4935483932495117
YJR042W,YDR115W,0,-7.4462347,0.13737231492996216,0.7862903475761414,0.4937500059604645
YGR216C,YKL084W,0,-7.446453,0.13732394576072693,0.7862903475761414,0.49395161867141724
YDR011W,YDR167W,0,-7.4469886,0.1372756063938141,0.7862903475761414,0.49415323138237
YDR353W,YDL120W,0,-7.4469886,0.13722731173038483,0.7862903475761414,0.49435484409332275
YBR132C,YJR060W,0,-7.4473195,0.13717903196811676,0.7862903475761414,0.4945564568042755
YJL090C,YKR060W,0,-7.4485283,0.13713079690933228,0.7862903475761414,0.49475806951522827
YGL181W,YNR034W,0,-7.448684,0.13708260655403137,0.7862903475761414,0.49495968222618103
YMR208W,YAL005C,0,-7.4500475,0.13703443109989166,0.7862903475761414,0.4951612949371338
YOR068C,YER190W,0,-7.450433,0.13698630034923553,0.7862903475761414,0.49536290764808655
YEL053C,YOL144W,0,-7.450501,0.1369381994009018,0.7862903475761414,0.4955645203590393
YDL099W,YPR168W,0,-7.4507704,0.13689014315605164,0.7862903475761414,0.49576613306999207
YGL043W,YHR188C,0,-7.4510627,0.13684210181236267,0.7862903475761414,0.4959677457809448
YJR074W,YMR006C,0,-7.451836,0.1367941051721573,0.7862903475761414,0.4961693584918976
YGL089C,YDR382W,0,-7.452411,0.1367461383342743,0.7862903475761414,0.49637097120285034
YBL069W,YBL057C,0,-7.452819,0.13669821619987488,0.7862903475761414,0.4965725839138031
YMR184W,YKL166C,0,-7.453073,0.13665030896663666,0.7862903475761414,0.49677419662475586
YOR217W,YMR140W,0,-7.4534135,0.13660244643688202,0.7862903475761414,0.4969758093357086
YGR191W,YGL257C,0,-7.4536214,0.13655462861061096,0.7862903475761414,0.4971774220466614
YBR267W,YJR068W,0,-7.453653,0.1365068256855011,0.7862903475761414,0.49737903475761414
YBR298C,YIL160C,0,-7.453975,0.13645906746387482,0.7862903475761414,0.4975806474685669
YLR195C,YIL013C,0,-7.455171,0.13641133904457092,0.7862903475761414,0.49778226017951965
YMR095C,YPL122C,0,-7.455348,0.13636364042758942,0.7862903475761414,0.4979838728904724
YLR286C,YOR211C,0,-7.455501,0.1363159716129303,0.7862903475761414,0.49818548560142517
YMR065W,YJL039C,0,-7.4558015,0.13626834750175476,0.7862903475761414,0.49838709831237793
YDL028C,YIR012W,0,-7.455802,0.1362207531929016,0.7862903475761414,0.4985887110233307
YJL115W,YNL294C,0,-7.4560285,0.13617318868637085,0.7862903475761414,0.49879032373428345
YBR034C,YML105C,0,-7.4564457,0.13612565398216248,0.7862903475761414,0.4989919364452362
YLR246W,YPL275W,0,-7.4567494,0.13607816398143768,0.7862903475761414,0.49919354915618896
YML080W,YCR058C,0,-7.457354,0.13603068888187408,0.7862903475761414,0.4993951618671417
YGR278W,YCL008C,0,-7.458287,0.13598325848579407,0.7862903475761414,0.4995967745780945
YOR299W,YER003C,0,-7.4605145,0.13593587279319763,0.7862903475761414,0.49979838728904724
YFL033C,YIL016W,0,-7.4611382,0.1358885020017624,0.7862903475761414,0.5
YAL012W,YJR086W,0,-7.461548,0.13584117591381073,0.7862903475761414,0.5002016425132751
YDR339C,YJL030W,0,-7.462173,0.13579386472702026,0.7862903475761414,0.5004032254219055
YOR340C,YIL008W,0,-7.4624376,0.13574661314487457,0.7862903475761414,0.5006048679351807
YPR131C,YDR150W,1,-7.462519,0.13604731857776642,0.788306474685669,0.5006048679351807
YJL198W,YGR109W-B,0,-7.464309,0.13600000739097595,0.788306474685669,0.500806450843811
YDL226C,YPR138C,0,-7.4643435,0.13595271110534668,0.788306474685669,0.5010080933570862
YER167W,YHR026W,0,-7.4645715,0.135905459523201,0.788306474685669,0.5012096762657166
YML104C,YCL062W,1,-7.464853,0.13620570302009583,0.7903226017951965,0.5012096762657166
YOR147W,YNL304W,1,-7.464872,0.13650573790073395,0.7923387289047241,0.5012096762657166
YMR067C,YJL045W,0,-7.464895,0.13645833730697632,0.7923387289047241,0.5014113187789917
YGL017W,YNL051W,0,-7.4656367,0.13641096651554108,0.7923387289047241,0.5016129016876221
YML104C,YAL010C,1,-7.466393,0.13671061396598816,0.7943548560142517,0.5016129016876221
YOR185C,YDL085W,0,-7.4670815,0.13666319847106934,0.7943548560142517,0.5018145442008972
YBR233W-A,YLR260W,0,-7.4676385,0.1366158127784729,0.7943548560142517,0.5020161271095276
YJL106W,YMR179W,0,-7.467888,0.13656845688819885,0.7943548560142517,0.5022177696228027
YJR078W,YIL030C,0,-7.468008,0.1365211308002472,0.7943548560142517,0.5024193525314331
YCL063W,YNL304W,1,-7.4691463,0.1368202269077301,0.7963709831237793,0.5024193525314331
YBR112C,YHR006W,0,-7.470071,0.13677285611629486,0.7963709831237793,0.5026209950447083
YFL031W,YNR015W,0,-7.4701858,0.136725515127182,0.7963709831237793,0.5028225779533386
YDR245W,YNL045W,0,-7.4703174,0.13667820394039154,0.7963709831237793,0.5030242204666138
YPR179C,YNL221C,0,-7.4704623,0.13663092255592346,0.7963709831237793,0.5032258033752441
YBL046W,YER173W,0,-7.471255,0.13658368587493896,0.7963709831237793,0.5034274458885193
YFR013W,YHR090C,0,-7.4718137,0.13653646409511566,0.7963709831237793,0.5036290287971497
YMR162C,YDR498C,0,-7.4718933,0.13648928701877594,0.7963709831237793,0.5038306713104248
YOR236W,YMR272C,0,-7.472311,0.1364421397447586,0.7963709831237793,0.5040322542190552
YNR075W,YNL074C,0,-7.4723134,0.13639502227306366,0.7963709831237793,0.5042338967323303
YLR314C,YDR256C,0,-7.472571,0.1363479495048523,0.7963709831237793,0.5044354796409607
YDR529C,YKR053C,0,-7.4731107,0.13630089163780212,0.7963709831237793,0.5046371221542358
YBR100W,YAL016W,0,-7.4731255,0.13625387847423553,0.7963709831237793,0.5048387050628662
YNR072W,YFR040W,0,-7.4739184,0.13620689511299133,0.7963709831237793,0.5050403475761414
YHR115C,YOR004W,0,-7.473938,0.13615994155406952,0.7963709831237793,0.5052419304847717
YLR097C,YOR298C-A,0,-7.475427,0.1361130326986313,0.7963709831237793,0.5054435729980469
YDL113C,YKL080W,0,-7.4755735,0.13606613874435425,0.7963709831237793,0.5056451559066772
YOL077C,YAL038W,0,-7.47698,0.1360192894935608,0.7963709831237793,0.5058467984199524
YLR201C,YDL212W,0,-7.4777427,0.13597245514392853,0.7963709831237793,0.5060483813285828
YGR080W,YOR064C,0,-7.4784493,0.13592566549777985,0.7963709831237793,0.5062500238418579
YPL049C,YDR013W,0,-7.4797244,0.13587890565395355,0.7963709831237793,0.5064516067504883
YGR224W,YDR091C,0,-7.4800706,0.13583219051361084,0.7963709831237793,0.5066532492637634
YEL036C,YOR265W,0,-7.4801726,0.13578549027442932,0.7963709831237793,0.5068548321723938
YGL005C,YEL024W,0,-7.4808645,0.13573883473873138,0.7963709831237793,0.507056474685669
YJL089W,YDR057W,0,-7.4809365,0.13569220900535583,0.7963709831237793,0.5072580575942993
YOL115W,YDR329C,0,-7.482508,0.13564559817314148,0.7963709831237793,0.5074597001075745
YPR065W,YER093C,0,-7.483044,0.1355990320444107,0.7963709831237793,0.5076612830162048
YHR166C,YAL015C,0,-7.483621,0.1355525106191635,0.7963709831237793,0.50786292552948
YGL017W,YER154W,0,-7.484241,0.13550600409507751,0.7963709831237793,0.5080645084381104
YAR014C,YGR220C,0,-7.4846253,0.1354595273733139,0.7963709831237793,0.5082661509513855
YGR225W,YKL002W,0,-7.4846387,0.13541309535503387,0.7963709831237793,0.5084677338600159
YDR189W,YCL005W-A,0,-7.484925,0.13536669313907623,0.7963709831237793,0.508669376373291
YGL071W,YKL140W,0,-7.485091,0.13532032072544098,0.7963709831237793,0.5088709592819214
YHR072W,YDR145W,0,-7.4853144,0.1352739781141281,0.7963709831237793,0.5090726017951965
YMR296C,YMR022W,0,-7.4857736,0.13522766530513763,0.7963709831237793,0.5092741847038269
YIR019C,YOR281C,0,-7.4862957,0.13518138229846954,0.7963709831237793,0.509475827217102
YDR054C,YLR378C,0,-7.4881773,0.13513512909412384,0.7963709831237793,0.5096774101257324
YPR176C,YFL058W,0,-7.4886317,0.13508892059326172,0.7963709831237793,0.5098790526390076
YHR194W,YGR209C,1,-7.489149,0.13538461923599243,0.7983871102333069,0.5098790526390076
YAL029C,YCL062W,1,-7.4893656,0.13568010926246643,0.8004032373428345,0.5098790526390076
YGR040W,YJL222W,0,-7.4895086,0.13563375174999237,0.8004032373428345,0.5100806355476379
YPL212C,YPL010W,0,-7.490725,0.1355874389410019,0.8004032373428345,0.5102822780609131
YDR457W,YHR016C,0,-7.491191,0.1355411410331726,0.8004032373428345,0.5104838609695435
YGR040W,YDR172W,0,-7.49152,0.1354948878288269,0.8004032373428345,0.5106855034828186
YNL091W,YCR106W,0,-7.4916344,0.1354486495256424,0.8004032373428345,0.510887086391449
YHR118C,YDL090C,0,-7.491826,0.13540245592594147,0.8004032373428345,0.5110887289047241
YOR137C,YNR006W,0,-7.4926295,0.13535629212856293,0.8004032373428345,0.5112903118133545
YOL116W,YHR056C,0,-7.49295,0.13531015813350677,0.8004032373428345,0.5114919543266296
YGR256W,YBR049C,0,-7.493332,0.135264053940773,0.8004032373428345,0.51169353723526
YNL113W,YPL083C,0,-7.493483,0.13521797955036163,0.8004032373428345,0.5118951797485352
YBR165W,YOL109W,0,-7.494037,0.13517194986343384,0.8004032373428345,0.5120967626571655
YNL101W,YEL018W,0,-7.494615,0.13512593507766724,0.8004032373428345,0.5122984051704407
YLR032W,YKL081W,0,-7.4955864,0.13507996499538422,0.8004032373428345,0.512499988079071
YMR042W,YML080W,0,-7.496655,0.1350340098142624,0.8004032373428345,0.5127016305923462
YER061C,YIR006C,0,-7.497047,0.13498809933662415,0.8004032373428345,0.5129032135009766
YOL076W,YDR150W,1,-7.497681,0.13528211414813995,0.8024193644523621,0.5129032135009766
YMR204C,YCL062W,1,-7.497805,0.13557595014572144,0.8044354915618896,0.5129032135009766
YKL012W,YPL029W,0,-7.4978814,0.13552989065647125,0.8044354915618896,0.5131048560142517
YPR191W,YMR175W,0,-7.497914,0.13548387587070465,0.8044354915618896,0.5133064389228821
YDR317W,YFL038C,0,-7.4984226,0.13543787598609924,0.8044354915618896,0.5135080814361572
YNL164C,YJL191W,0,-7.4988003,0.13539192080497742,0.8044354915618896,0.5137096643447876
YCR038C,YMR012W,0,-7.499027,0.13534599542617798,0.8044354915618896,0.5139113068580627
YJR065C,YAL029C,1,-7.4996057,0.13563920557498932,0.8064516186714172,0.5139113068580627
YCL055W,YBR273C,0,-7.499864,0.1355932205915451,0.8064516186714172,0.5141128897666931
YOL126C,YDL130W-A,0,-7.500557,0.13554726541042328,0.8064516186714172,0.5143145322799683
YDR460W,YIL082W-A,0,-7.5009227,0.13550135493278503,0.8064516186714172,0.5145161151885986
YHR172W,YLR249W,0,-7.5010056,0.13545547425746918,0.8064516186714172,0.5147177577018738
YJL112W,YGL039W,0,-7.5012717,0.13540960848331451,0.8064516186714172,0.5149193406105042
YLR410W,YEL004W,0,-7.5013776,0.13536378741264343,0.8064516186714172,0.5151209831237793
YNL270C,YLR096W,0,-7.5021377,0.13531799614429474,0.8064516186714172,0.5153225660324097
YKL138C-A,YER051W,0,-7.5025024,0.13527223467826843,0.8064516186714172,0.5155242085456848
YLR384C,YKL009W,0,-7.5026608,0.13522650301456451,0.8064516186714172,0.5157257914543152
YCL025C,YML040W,0,-7.5026875,0.13518080115318298,0.8064516186714172,0.5159274339675903
YLR116W,YJL127C,0,-7.5029798,0.13513512909412384,0.8064516186714172,0.5161290168762207
YCL044C,YOL105C,0,-7.5033226,0.13508950173854828,0.8064516186714172,0.5163306593894958
YOL067C,YDR308C,0,-7.503985,0.1350438892841339,0.8064516186714172,0.5165322422981262
YLR276C,YOR073W,0,-7.5041556,0.13499830663204193,0.8064516186714172,0.5167338848114014
YER007W,YMR039C,0,-7.5049024,0.13495276868343353,0.8064516186714172,0.5169354677200317
YNL323W,YLR045C,0,-7.5049205,0.13490724563598633,0.8064516186714172,0.5171371102333069
YLR386W,YCL062W,1,-7.505057,0.1351989209651947,0.8084677457809448,0.5171371102333069
YDL142C,YDR483W,0,-7.5053906,0.13515335321426392,0.8084677457809448,0.5173386931419373
YLR098C,YER035W,0,-7.5057626,0.13510781526565552,0.8084677457809448,0.5175403356552124
YIL097W,YER044C-A,0,-7.506267,0.1350623071193695,0.8084677457809448,0.5177419185638428
YFR002W,YBR058C-A,0,-7.506468,0.13501682877540588,0.8084677457809448,0.5179435610771179
YAL031C,YOR020C,0,-7.507138,0.13497139513492584,0.8084677457809448,0.5181451439857483
YPR119W,YDR060W,0,-7.5072436,0.134925976395607,0.8084677457809448,0.5183467864990234
YGR040W,YFL002W-A,0,-7.507261,0.13488058745861053,0.8084677457809448,0.5185483694076538
YKL188C,YDL038C,0,-7.5074525,0.13483524322509766,0.8084677457809448,0.518750011920929
YOL063C,YKL148C,0,-7.5076833,0.13478991389274597,0.8084677457809448,0.5189515948295593
YNR039C,YNL213C,0,-7.50778,0.13474462926387787,0.8084677457809448,0.5191532373428345
YJR053W,YFR033C,0,-7.5082726,0.13469935953617096,0.8084677457809448,0.5193548202514648
YOL164W,YOR208W,0,-7.5085487,0.13465413451194763,0.8084677457809448,0.51955646276474
YEL009C,YLR224W,0,-7.5089393,0.1346089243888855,0.8084677457809448,0.5197580456733704
YJL072C,YDL150W,0,-7.509718,0.13456375896930695,0.8084677457809448,0.5199596881866455
YJR055W,YHL009C,0,-7.509857,0.13451862335205078,0.8084677457809448,0.5201612710952759
YKL195W,YCR033W,0,-7.5101905,0.1344735026359558,0.8084677457809448,0.520362913608551
YDR043C,YIR006C,0,-7.5103946,0.13442842662334442,0.8084677457809448,0.5205644965171814
YER007W,YGR281W,0,-7.5114107,0.13438338041305542,0.8084677457809448,0.5207661390304565
YOL086C,YKL139W,0,-7.5119114,0.1343383640050888,0.8084677457809448,0.5209677219390869
YAL012W,YNL264C,0,-7.5122833,0.1342933624982834,0.8084677457809448,0.5211693644523621
YKL195W,YBR087W,0,-7.5123343,0.13424840569496155,0.8084677457809448,0.5213709473609924
YLL036C,YPR182W,0,-7.512343,0.1342034786939621,0.8084677457809448,0.5215725898742676
YJL121C,YKR014C,0,-7.512579,0.13415858149528503,0.8084677457809448,0.521774172782898
YFR040W,YOR230W,0,-7.5131736,0.13411371409893036,0.8084677457809448,0.5219758152961731
YCR088W,YGR089W,0,-7.5148244,0.13406887650489807,0.8084677457809448,0.5221773982048035
YGR166W,YOL090W,0,-7.515334,0.13402406871318817,0.8084677457809448,0.5223790407180786
YNL220W,YMR117C,0,-7.515411,0.13397929072380066,0.8084677457809448,0.522580623626709
YMR186W,YLR150W,0,-7.515552,0.13393454253673553,0.8084677457809448,0.5227822661399841
YBR039W,YGR081C,0,-7.5171103,0.1338898092508316,0.8084677457809448,0.5229838490486145
YER106W,YLR166C,0,-7.5178294,0.13384512066841125,0.8084677457809448,0.5231854915618896
YDR037W,YBL039C,0,-7.517985,0.1338004618883133,0.8084677457809448,0.52338707447052
YBR135W,YDR516C,0,-7.5184407,0.13375583291053772,0.8084677457809448,0.5235887169837952
YBR040W,YNL093W,0,-7.5184703,0.13371123373508453,0.8084677457809448,0.5237902998924255
YLR370C,YAL029C,1,-7.518631,0.1340000033378601,0.8104838728904724,0.5237902998924255
YNL258C,YGR211W,0,-7.5191875,0.13395534455776215,0.8104838728904724,0.5239919424057007
YCL040W,YDR116C,0,-7.519314,0.13391073048114777,0.8104838728904724,0.524193525314331
YLR214W,YDR135C,0,-7.5194764,0.13386613130569458,0.8104838728904724,0.5243951678276062
YLR384C,YGR249W,0,-7.519729,0.13382157683372498,0.8104838728904724,0.5245967507362366
YML121W,YIL030C,0,-7.5201144,0.13377703726291656,0.8104838728904724,0.5247983932495117
YDL101C,YER024W,0,-7.5211096,0.13373252749443054,0.8104838728904724,0.5249999761581421
YBL074C,YHR069C,0,-7.5218344,0.1336880624294281,0.8104838728904724,0.5252016186714172
YBR233W-A,YDR194C,0,-7.5221972,0.13364361226558685,0.8104838728904724,0.5254032015800476
YOL077C,YKR038C,0,-7.5227437,0.1335992068052292,0.8104838728904724,0.5256048440933228
YMR092C,YOL006C,0,-7.5228333,0.13355481624603271,0.8104838728904724,0.5258064270019531
YFL025C,YJL222W,0,-7.5232835,0.13351045548915863,0.8104838728904724,0.5260080695152283
YMR204C,YDR150W,1,-7.5237365,0.13379813730716705,0.8125,0.5260080695152283
YOR133W,YLR309C,0,-7.523992,0.1337537318468094,0.8125,0.5262096524238586
YJL115W,YAL031C,0,-7.524226,0.1337093561887741,0.8125,0.5264112949371338
YPL178W,YKL043W,0,-7.52469,0.13366501033306122,0.8125,0.5266128778457642
YDL084W,YDR486C,0,-7.525265,0.13362069427967072,0.8125,0.5268145203590393
YKL138C-A,YPL171C,0,-7.5255504,0.1335763931274414,0.8125,0.5270161032676697
YAR008W,YLR249W,0,-7.5264664,0.13353213667869568,0.8125,0.5272177457809448
YLR233C,YPL001W,0,-7.526598,0.13348791003227234,0.8125,0.5274193286895752
YLR080W,YPL019C,0,-7.527167,0.1334437131881714,0.8125,0.5276209712028503
YOR198C,YDR018C,0,-7.528495,0.13339953124523163,0.8125,0.5278225541114807
YCL014W,YPR037C,0,-7.528875,0.13335539400577545,0.8125,0.5280241966247559
YMR079W,YDR359C,0,-7.528938,0.13331128656864166,0.8125,0.5282257795333862
YER073W,YJL110C,0,-7.5289435,0.13326719403266907,0.8125,0.5284274220466614
YDR150W,YCL062W,1,-7.529004,0.13355371356010437,0.8145161271095276,0.5284274220466614
YER053C,YHR181W,0,-7.5292244,0.1335095763206482,0.8145161271095276,0.5286290049552917
YOR298C-A,YBR258C,0,-7.5293403,0.1334654837846756,0.8145161271095276,0.5288306474685669
YGL061C,YCL004W,0,-7.5299516,0.1334214061498642,0.8145161271095276,0.5290322303771973
YLR355C,YKL018W,0,-7.53029,0.13337735831737518,0.8145161271095276,0.5292338728904724
YGL061C,YCR035C,0,-7.530814,0.13333334028720856,0.8145161271095276,0.5294354557991028
YDL100C,YIR041W,0,-7.5310264,0.13328933715820312,0.8145161271095276,0.5296370983123779
YFR040W,YPL011C,0,-7.5310936,0.13324537873268127,0.8145161271095276,0.5298386812210083
YAR014C,YNL062C,0,-7.531345,0.1332014501094818,0.8145161271095276,0.5300403237342834
YAR014C,YKR050W,0,-7.5314198,0.13315755128860474,0.8145161271095276,0.5302419066429138
YPL203W,YNR048W,0,-7.531523,0.13311366736888885,0.8145161271095276,0.530443549156189
YPL037C,YHR038W,0,-7.531572,0.13306982815265656,0.8145161271095276,0.5306451320648193
YOL021C,YBR250W,0,-7.5321293,0.13302601873874664,0.8145161271095276,0.5308467745780945
YLR309C,YEL060C,0,-7.5321336,0.13298222422599792,0.8145161271095276,0.5310483574867249
YHR061C,YGL213C,0,-7.5327973,0.1329384595155716,0.8145161271095276,0.53125
YDL024C,YAL022C,0,-7.533277,0.13289473950862885,0.8145161271095276,0.5314516425132751
YCL066W,YPL096W,0,-7.5333257,0.1328510344028473,0.8145161271095276,0.5316532254219055
YFL026W,YIL063C,0,-7.5335355,0.13280735909938812,0.8145161271095276,0.5318548679351807
YBR121C,YDR398W,0,-7.5340123,0.13276371359825134,0.8145161271095276,0.532056450843811
YDL224C,YJR028W,0,-7.5344405,0.13272009789943695,0.8145161271095276,0.5322580933570862
YPL006W,YMR095C,0,-7.535123,0.13267651200294495,0.8145161271095276,0.5324596762657166
YNL004W,YML032C,0,-7.535152,0.13263295590877533,0.8145161271095276,0.5326613187789917
YOR171C,YGL111W,0,-7.5357323,0.1325894296169281,0.8145161271095276,0.5328629016876221
YNL233W,YBR079C,0,-7.536777,0.13254593312740326,0.8145161271095276,0.5330645442008972
YNL264C,YBR088C,0,-7.5368314,0.1325024664402008,0.8145161271095276,0.5332661271095276
YBR043C,YLR132C,0,-7.537261,0.13245901465415955,0.8145161271095276,0.5334677696228027
YLR176C,YOR083W,0,-7.537376,0.13241560757160187,0.8145161271095276,0.5336693525314331
YOR147W,YGL055W,1,-7.537398,0.1326998621225357,0.8165322542190552,0.5336693525314331
YJL011C,YMR077C,0,-7.5376573,0.13265641033649445,0.8165322542190552,0.5338709950447083
YDR190C,YPR107C,0,-7.538457,0.13261297345161438,0.8165322542190552,0.5340725779533386
YIL033C,YMR006C,0,-7.5388894,0.1325695514678955,0.8165322542190552,0.5342742204666138
YDR172W,YML085C,0,-7.539153,0.13252617418766022,0.8165322542190552,0.5344758033752441
YDL220C,YJR027W,0,-7.540286,0.13248282670974731,0.8165322542190552,0.5346774458885193
YDR118W,YKR039W,0,-7.5414453,0.1324395090341568,0.8165322542190552,0.5348790287971497
YLR256W,YER031C,0,-7.5414615,0.13239620625972748,0.8165322542190552,0.5350806713104248
YOR317W,YKL148C,0,-7.5416274,0.13235294818878174,0.8165322542190552,0.5352822542190552
YDR138W,YKR002W,0,-7.5416975,0.1323097050189972,0.8165322542190552,0.5354838967323303
YKR065C,YPL047W,0,-7.5420456,0.13226649165153503,0.8165322542190552,0.5356854796409607
YBR060C,YOR272W,0,-7.5421934,0.13222330808639526,0.8165322542190552,0.5358871221542358
YDR130C,YNR072W,0,-7.5431657,0.13218015432357788,0.8165322542190552,0.5360887050628662
YFL009W,YNL247W,0,-7.543201,0.13213703036308289,0.8165322542190552,0.5362903475761414
YLR383W,YBR058C-A,0,-7.5433383,0.13209393620491028,0.8165322542190552,0.5364919304847717
YKR019C,YHR077C,0,-7.544843,0.13205085694789886,0.8165322542190552,0.5366935729980469
YNR075W,YKL068W,0,-7.5455403,0.13200782239437103,0.8165322542190552,0.5368951559066772
YDR093W,YKL074C,0,-7.5460486,0.1319648027420044,0.8165322542190552,0.5370967984199524
YGL035C,YHR077C,0,-7.5460725,0.13192182779312134,0.8165322542190552,0.5372983813285828
YGR042W,YPL033C,0,-7.546558,0.13187886774539948,0.8165322542190552,0.5375000238418579
YDL247W,YLR350W,0,-7.5466127,0.1318359375,0.8165322542190552,0.5377016067504883
YBR217W,YBR212W,0,-7.547027,0.1317930370569229,0.8165322542190552,0.5379032492637634
YKL160W,YKR067W,0,-7.547029,0.1317501664161682,0.8165322542190552,0.5381048321723938
YPL015C,YMR043W,0,-7.547691,0.1317073106765747,0.8165322542190552,0.538306474685669
YBR257W,YPL203W,0,-7.5479183,0.13166449964046478,0.8165322542190552,0.5385080575942993
YNL192W,YLR455W,0,-7.548746,0.13162170350551605,0.8165322542190552,0.5387097001075745
YNL298W,YDL150W,0,-7.549302,0.1315789520740509,0.8165322542190552,0.5389112830162048
YHR041C,YDR460W,0,-7.549544,0.13153621554374695,0.8165322542190552,0.53911292552948
YER180C-A,YDR293C,0,-7.549682,0.13149350881576538,0.8165322542190552,0.5393145084381104
YMR128W,YDR283C,0,-7.549874,0.1314508318901062,0.8165322542190552,0.5395161509513855
YLR154C,YDR369C,0,-7.550151,0.13140816986560822,0.8165322542190552,0.5397177338600159
YDL087C,YHR084W,0,-7.551134,0.1313655525445938,0.8165322542190552,0.539919376373291
YHR183W,YMR216C,0,-7.5516834,0.1313229501247406,0.8165322542190552,0.5401209592819214
YJR077C,YDR145W,0,-7.5523534,0.13128039240837097,0.8165322542190552,0.5403226017951965
YJR077C,YKL193C,0,-7.553103,0.13123784959316254,0.8165322542190552,0.5405241847038269
YLR383W,YDR120C,0,-7.554005,0.1311953365802765,0.8165322542190552,0.540725827217102
YEL034W,YDR259C,0,-7.5544133,0.13115285336971283,0.8165322542190552,0.5409274101257324
YBR159W,YGL249W,0,-7.5547705,0.13111038506031036,0.8165322542190552,0.5411290526390076
YNL261W,YGR296W,0,-7.55535,0.13106796145439148,0.8165322542190552,0.5413306355476379
YLR380W,YDL209C,0,-7.555696,0.1310255527496338,0.8165322542190552,0.5415322780609131
YIR005W,YGR171C,0,-7.556375,0.13098318874835968,0.8165322542190552,0.5417338609695435
YPL075W,YDL081C,0,-7.556457,0.13094083964824677,0.8165322542190552,0.5419355034828186
YER070W,YGR214W,0,-7.5566535,0.13089852035045624,0.8165322542190552,0.542137086391449
YJR022W,YGR042W,0,-7.556725,0.1308562159538269,0.8165322542190552,0.5423387289047241
YHR013C,YBR100W,0,-7.5573134,0.13081395626068115,0.8165322542190552,0.5425403118133545
YJL167W,YER049W,0,-7.558147,0.1307717114686966,0.8165322542190552,0.5427419543266296
YPL202C,YBR283C,0,-7.5582623,0.13072949647903442,0.8165322542190552,0.54294353723526
YOR232W,YNR013C,0,-7.5596805,0.13068731129169464,0.8165322542190552,0.5431451797485352
YJL002C,YBL051C,0,-7.5600514,0.13064515590667725,0.8165322542190552,0.5433467626571655
YER040W,YGR086C,0,-7.5603437,0.13060303032398224,0.8165322542190552,0.5435484051704407
YJL010C,YPR054W,0,-7.5605474,0.13056093454360962,0.8165322542190552,0.543749988079071
YDR140W,YAL068C,0,-7.5606503,0.1305188536643982,0.8165322542190552,0.5439516305923462
YDR447C,YML127W,0,-7.561175,0.13047680258750916,0.8165322542190552,0.5441532135009766
YJL209W,YBR253W,0,-7.5611777,0.1304347813129425,0.8165322542190552,0.5443548560142517
YAL031C,YLR292C,0,-7.561388,0.13039278984069824,0.8165322542190552,0.5445564389228821
YGL133W,YPL203W,0,-7.563123,0.13035082817077637,0.8165322542190552,0.5447580814361572
YBR250W,YKL175W,0,-7.563556,0.13030888140201569,0.8165322542190552,0.5449596643447876
YOL077W-A,YGL005C,0,-7.564526,0.1302669644355774,0.8165322542190552,0.5451613068580627
YDR150W,YGL055W,1,-7.56474,0.13054662942886353,0.8185483813285828,0.5451613068580627
YLR293C,YER022W,0,-7.566563,0.13050466775894165,0.8185483813285828,0.5453628897666931
YLR330W,YKL038W,0,-7.5671268,0.13046272099018097,0.8185483813285828,0.5455645322799683
YJR022W,YPR101W,0,-7.5671673,0.13042081892490387,0.8185483813285828,0.5457661151885986
YJR025C,YDR078C,0,-7.568149,0.13037893176078796,0.8185483813285828,0.5459677577018738
YLR015W,YGL232W,0,-7.569221,0.13033707439899445,0.8185483813285828,0.5461693406105042
YCL024W,YOR207C,0,-7.569367,0.13029524683952332,0.8185483813285828,0.5463709831237793
YLR133W,YGR074W,0,-7.5696435,0.13025344908237457,0.8185483813285828,0.5465725660324097
YKR052C,YDR453C,0,-7.5706534,0.13021168112754822,0.8185483813285828,0.5467742085456848
YER088C,YIR037W,0,-7.570882,0.13016992807388306,0.8185483813285828,0.5469757914543152
YBR196C,YEL057C,0,-7.5717673,0.13012820482254028,0.8185483813285828,0.5471774339675903
YNL220W,YGR135W,0,-7.572202,0.1300865113735199,0.8185483813285828,0.5473790168762207
YDR256C,YBL006C,0,-7.5733128,0.1300448477268219,0.8185483813285828,0.5475806593894958
YOR149C,YLR337W,0,-7.5734377,0.1300031989812851,0.8185483813285828,0.5477822422981262
YPL269W,YPL206C,0,-7.573834,0.12996159493923187,0.8185483813285828,0.5479838848114014
YBR202W,YNL133C,0,-7.5742235,0.12992000579833984,0.8185483813285828,0.5481854677200317
YBR133C,YCR020C-A,0,-7.5746655,0.129878431558609,0.8185483813285828,0.5483871102333069
YLL035W,YLR183C,0,-7.575389,0.12983690202236176,0.8185483813285828,0.5485886931419373
YGL013C,YAL001C,0,-7.575786,0.1297954022884369,0.8185483813285828,0.5487903356552124
YDR236C,YOR025W,0,-7.575995,0.12975391745567322,0.8185483813285828,0.5489919185638428
YGL252C,YDL159W,0,-7.576274,0.12971246242523193,0.8185483813285828,0.5491935610771179
YMR276W,YHR099W,0,-7.576737,0.12967103719711304,0.8185483813285828,0.5493951439857483
YBR114W,YOR259C,0,-7.5772796,0.12962962687015533,0.8185483813285828,0.5495967864990234
YOR371C,YFL058W,0,-7.577619,0.1295882612466812,0.8185483813285828,0.5497983694076538
YFL010W-A,YJR066W,0,-7.579276,0.1295469105243683,0.8185483813285828,0.550000011920929
YER040W,YNL055C,0,-7.5793614,0.12950557470321655,0.8185483813285828,0.5502015948295593
YFR047C,YBR233W-A,0,-7.5797057,0.1294642835855484,0.8185483813285828,0.5504032373428345
YPL231W,YDL130W,0,-7.579906,0.12942302227020264,0.8185483813285828,0.5506048202514648
YJR077C,YOL117W,0,-7.5802393,0.12938177585601807,0.8185483813285828,0.55080646276474
YML078W,YOR351C,0,-7.5802655,0.12934055924415588,0.8185483813285828,0.5510080456733704
YDR353W,YLR035C-A,0,-7.5805564,0.1292993575334549,0.8185483813285828,0.5512096881866455
YBR288C,YIL072W,0,-7.5809207,0.1292582005262375,0.8185483813285828,0.5514112710952759
YMR229C,YDR545W,0,-7.5810294,0.12921705842018127,0.8185483813285828,0.551612913608551
YOR034C,YDR077W,0,-7.5815625,0.12917594611644745,0.8185483813285828,0.5518144965171814
YDL227C,YDL154W,0,-7.582239,0.129134863615036,0.8185483813285828,0.5520161390304565
YOL076W,YHR194W,1,-7.5826683,0.12941177189350128,0.8205645084381104,0.5520161390304565
YJL018W,YER082C,0,-7.5830293,0.12937062978744507,0.8205645084381104,0.5522177219390869
YGR268C,YOL011W,0,-7.5833793,0.12932951748371124,0.8205645084381104,0.5524193644523621
YKR052C,YKL074C,0,-7.584233,0.1292884349822998,0.8205645084381104,0.5526209473609924
YER105C,YGR027W-B,0,-7.5846725,0.12924738228321075,0.8205645084381104,0.5528225898742676
YBR050C,YDR170W-A,0,-7.5847397,0.1292063444852829,0.8205645084381104,0.553024172782898
YOR211C,YPR158W-B,0,-7.5848584,0.12916535139083862,0.8205645084381104,0.5532258152961731
YNL027W,YPR067W,0,-7.584897,0.12912435829639435,0.8205645084381104,0.5534273982048035
YNL331C,YMR173W,0,-7.585031,0.12908340990543365,0.8205645084381104,0.5536290407180786
YGL038C,YMR243C,0,-7.5854154,0.12904249131679535,0.8205645084381104,0.553830623626709
YMR204C,YNL079C,1,-7.585434,0.12931853532791138,0.8225806355476379,0.553830623626709
YIL072W,YMR313C,0,-7.585776,0.1292775720357895,0.8225806355476379,0.5540322661399841
YMR095C,YDL170W,0,-7.58586,0.1292366236448288,0.8225806355476379,0.5542338490486145
YJR040W,YNL066W,0,-7.586071,0.1291956901550293,0.8225806355476379,0.5544354915618896
YDR356W,YBR012W-B,0,-7.5862846,0.12915480136871338,0.8225806355476379,0.55463707447052
YDR524C,YJR078W,0,-7.5869083,0.12911392748355865,0.8225806355476379,0.5548387169837952
YCR020W-B,YMR229C,0,-7.587135,0.12907308340072632,0.8225806355476379,0.5550402998924255
YOL001W,YPR041W,0,-7.5872197,0.12903225421905518,0.8225806355476379,0.5552419424057007
YKR079C,YLR435W,0,-7.5873027,0.12899146974086761,0.8225806355476379,0.555443525314331
YGL071W,YNL164C,0,-7.58734,0.12895070016384125,0.8225806355476379,0.5556451678276062
YBR112C,YML114C,0,-7.5876627,0.12890994548797607,0.8225806355476379,0.5558467507362366
YFR028C,YKR061W,0,-7.588334,0.12886923551559448,0.8225806355476379,0.5560483932495117
YNL232W,YKL172W,0,-7.588613,0.12882854044437408,0.8225806355476379,0.5562499761581421
YDR261C-D,YIL080W,0,-7.588674,0.12878787517547607,0.8225806355476379,0.5564516186714172
YEL034W,YGR170W,0,-7.5890965,0.12874723970890045,0.8225806355476379,0.5566532015800476
YDL102W,YHR005C,0,-7.589103,0.12870661914348602,0.8225806355476379,0.5568548440933228
YOL165C,YMR149W,0,-7.5900893,0.12866604328155518,0.8225806355476379,0.5570564270019531
YHR124W,YPR065W,0,-7.5906887,0.12862546741962433,0.8225806355476379,0.5572580695152283
YHR060W,YJL222W,0,-7.590703,0.12858493626117706,0.8225806355476379,0.5574596524238586
YDL111C,YDL190C,0,-7.59078,0.128544420003891,0.8225806355476379,0.5576612949371338
YJR125C,YHR041C,0,-7.5908427,0.1285039335489273,0.8225806355476379,0.5578628778457642
YPL006W,YCR024C-A,0,-7.5909777,0.128463476896286,0.8225806355476379,0.5580645203590393
YDR121W,YCL005W-A,0,-7.591396,0.1284230351448059,0.8225806355476379,0.5582661032676697
YML045W,YNR047W,0,-7.5924754,0.1283826231956482,0.8225806355476379,0.5584677457809448
YMR232W,YMR214W,0,-7.5925946,0.12834224104881287,0.8225806355476379,0.5586693286895752
YGL045W,YCL032W,0,-7.592751,0.12830188870429993,0.8225806355476379,0.5588709712028503
YHR098C,YGR008C,0,-7.5935254,0.12826155126094818,0.8225806355476379,0.5590725541114807
YKR067W,YMR153W,0,-7.593552,0.12822124361991882,0.8225806355476379,0.5592741966247559
YNR008W,YCR058C,0,-7.593757,0.12818096578121185,0.8225806355476379,0.5594757795333862
YMR204C,YDL006W,1,-7.594217,0.1284547746181488,0.8245967626571655,0.5594757795333862
YJR137C,YPL155C,0,-7.5946903,0.12841443717479706,0.8245967626571655,0.5596774220466614
YER073W,YGR116W,0,-7.5947022,0.1283741295337677,0.8245967626571655,0.5598790049552917
YPR161C,YLR346C,0,-7.5947347,0.12833385169506073,0.8245967626571655,0.5600806474685669
YDR098C,YER038C,0,-7.5948052,0.12829360365867615,0.8245967626571655,0.5602822303771973
YMR142C,YNL311C,0,-7.594929,0.12825337052345276,0.8245967626571655,0.5604838728904724
YJR031C,YOL060C,0,-7.5951695,0.12821316719055176,0.8245967626571655,0.5606854557991028
YLR226W,YJR004C,0,-7.5955234,0.12817299365997314,0.8245967626571655,0.5608870983123779
YHL019C,YOR297C,0,-7.5966144,0.12813283503055573,0.8245967626571655,0.5610886812210083
YFR028C,YHR065C,0,-7.5975957,0.1280927062034607,0.8245967626571655,0.5612903237342834
YNR032C-A,YGL094C,0,-7.5978856,0.12805259227752686,0.8245967626571655,0.5614919066429138
YKL062W,YOR143C,0,-7.59794,0.1280125230550766,0.8245967626571655,0.561693549156189
YBR114W,YPL041C,0,-7.598555,0.12797246873378754,0.8245967626571655,0.5618951320648193
YAR002C-A,YHR079C-B,0,-7.598966,0.12793242931365967,0.8245967626571655,0.5620967745780945
YGR238C,YOR327C,0,-7.599515,0.12789243459701538,0.8245967626571655,0.5622983574867249
YAL031C,YGR089W,0,-7.601135,0.1278524547815323,0.8245967626571655,0.5625
YPR067W,YJL018W,0,-7.6012754,0.12781250476837158,0.8245967626571655,0.5627016425132751
YDR142C,YLR014C,0,-7.601622,0.12777256965637207,0.8245967626571655,0.5629032254219055
YLR088W,YPL131W,0,-7.6017466,0.12773266434669495,0.8245967626571655,0.5631048679351807
YNR044W,YLR384C,0,-7.602708,0.1276927888393402,0.8245967626571655,0.563306450843811
YCL038C,YML103C,0,-7.6027465,0.12765292823314667,0.8245967626571655,0.5635080933570862
YLR391W,YPL231W,0,-7.6027465,0.1276130974292755,0.8245967626571655,0.5637096762657166
YGL055W,YNL079C,1,-7.603134,0.12788522243499756,0.8266128897666931,0.5637096762657166
YKL190W,YGR191W,0,-7.6032166,0.12784533202648163,0.8266128897666931,0.5639113187789917
YLR163C,YGR152C,0,-7.6033607,0.12780548632144928,0.8266128897666931,0.5641129016876221
YER045C,YMR101C,0,-7.603495,0.12776565551757812,0.8266128897666931,0.5643145442008972
YGL171W,YGR161W-A,0,-7.603885,0.12772585451602936,0.8266128897666931,0.5645161271095276
YOR058C,YER137C-A,0,-7.604071,0.12768608331680298,0.8266128897666931,0.5647177696228027
YMR200W,YIR015W,0,-7.60588,0.1276463270187378,0.8266128897666931,0.5649193525314331
YBR195C,YLR467W,0,-7.606146,0.127606600522995,0.8266128897666931,0.5651209950447083
YPL015C,YMR080C,0,-7.6062884,0.1275668889284134,0.8266128897666931,0.5653225779533386
YLR248W,YOR343W-B,0,-7.60677,0.12752722203731537,0.8266128897666931,0.5655242204666138
YDL216C,YDR213W,0,-7.606873,0.12748755514621735,0.8266128897666931,0.5657258033752441
YER026C,YGL061C,0,-7.6070733,0.1274479329586029,0.8266128897666931,0.5659274458885193
YBL051C,YDR523C,0,-7.607101,0.12740832567214966,0.8266128897666931,0.5661290287971497
YCR058C,YKL081W,0,-7.6081395,0.1273687481880188,0.8266128897666931,0.5663306713104248
YNL085W,YDR079C-A,0,-7.608264,0.12732918560504913,0.8266128897666931,0.5665322542190552
YJR053W,YPL140C,0,-7.608723,0.12728966772556305,0.8266128897666931,0.5667338967323303
YPL008W,YLR060W,0,-7.608835,0.12725014984607697,0.8266128897666931,0.5669354796409607
YLR167W,YLR139C,0,-7.6091447,0.12721067667007446,0.8266128897666931,0.5671371221542358
YKL139W,YDR279W,0,-7.6091905,0.12717121839523315,0.8266128897666931,0.5673387050628662
YPL010W,YMR243C,0,-7.6093216,0.12713178992271423,0.8266128897666931,0.5675403475761414
YNL093W,YCL020W,0,-7.6093965,0.1270923763513565,0.8266128897666931,0.5677419304847717
YMR089C,YOR305W,0,-7.609597,0.12705299258232117,0.8266128897666931,0.5679435729980469
YDL100C,YDL150W,0,-7.609741,0.12701362371444702,0.8266128897666931,0.5681451559066772
YOR239W,YJR074W,0,-7.6097493,0.12697429955005646,0.8266128897666931,0.5683467984199524
YNL147W,YLR071C,0,-7.60986,0.1269349902868271,0.8266128897666931,0.5685483813285828
YML080W,YGR279C,0,-7.610312,0.1268956959247589,0.8266128897666931,0.5687500238418579
YGR003W,YPR067W,0,-7.610434,0.12685643136501312,0.8266128897666931,0.5689516067504883
YKL134C,YGL104C,0,-7.610763,0.12681719660758972,0.8266128897666931,0.5691532492637634
YLR391W,YMR224C,0,-7.6110225,0.12677797675132751,0.8266128897666931,0.5693548321723938
YGR014W,YCR031C,0,-7.611158,0.1267388015985489,0.8266128897666931,0.569556474685669
YCL066W,YIL112W,0,-7.6113954,0.12669962644577026,0.8266128897666931,0.5697580575942993
YLR129W,YPR158W-A,0,-7.611468,0.12666048109531403,0.8266128897666931,0.5699597001075745
YDR101C,YBL051C,0,-7.611613,0.12662136554718018,0.8266128897666931,0.5701612830162048
YGL210W-A,YIL173W,0,-7.6116557,0.1265822798013687,0.8266128897666931,0.57036292552948
YAL013W,YPL098C,0,-7.611683,0.12654320895671844,0.8266128897666931,0.5705645084381104
YGL183C,YDR337W,0,-7.61202,0.12650416791439056,0.8266128897666931,0.5707661509513855
YBL008W,YHL020C,0,-7.612772,0.12646514177322388,0.8266128897666931,0.5709677338600159
YMR133W,YLR227W-B,0,-7.613237,0.12642614543437958,0.8266128897666931,0.571169376373291
YOL123W,YML060W,0,-7.6132855,0.12638717889785767,0.8266128897666931,0.5713709592819214
YIL034C,YDR078C,0,-7.613875,0.12634822726249695,0.8266128897666931,0.5715726017951965
YBR217W,YER103W,0,-7.614304,0.12630930542945862,0.8266128897666931,0.5717741847038269
YJL041W,YMR146C,0,-7.614574,0.12627039849758148,0.8266128897666931,0.571975827217102
YDR259C,YDR170W-A,0,-7.6145897,0.12623152136802673,0.8266128897666931,0.5721774101257324
YNL177C,YDR280W,0,-7.6148887,0.12619267404079437,0.8266128897666931,0.5723790526390076
YIR041W,YBL057C,0,-7.6149535,0.1261538416147232,0.8266128897666931,0.5725806355476379
YIL034C,YHR172W,0,-7.6149716,0.12611503899097443,0.8266128897666931,0.5727822780609131
YLR377C,YLR119W,0,-7.6158185,0.12607626616954803,0.8266128897666931,0.5729838609695435
YOL069W,YLR312C-B,0,-7.616319,0.12603750824928284,0.8266128897666931,0.5731855034828186
YOL076W,YCL062W,1,-7.616535,0.12630608677864075,0.8286290168762207,0.5731855034828186
YER183C,YHL020C,0,-7.6168065,0.12626728415489197,0.8286290168762207,0.573387086391449
YGR108W,YCR039C,0,-7.616898,0.12622849643230438,0.8286290168762207,0.5735887289047241
YNL036W,YJR141W,0,-7.617115,0.12618973851203918,0.8286290168762207,0.5737903118133545
YLR350W,YER024W,0,-7.6173244,0.12615101039409637,0.8286290168762207,0.5739919543266296
YER183C,YNL257C,0,-7.6183367,0.12611229717731476,0.8286290168762207,0.57419353723526
YBR123C,YBR030W,0,-7.6192393,0.12607361376285553,0.8286290168762207,0.5743951797485352
YBL074C,YMR283C,0,-7.6196194,0.1260349601507187,0.8286290168762207,0.5745967626571655
YBR179C,YJL012C-A,0,-7.6204047,0.12599632143974304,0.8286290168762207,0.5747984051704407
YBL032W,YOR241W,0,-7.620786,0.12595771253108978,0.8286290168762207,0.574999988079071
YOL060C,YLR163C,0,-7.620805,0.12591911852359772,0.8286290168762207,0.5752016305923462
YPL059W,YML131W,0,-7.6209345,0.12588055431842804,0.8286290168762207,0.5754032135009766
YOL051W,YDR412W,0,-7.6209397,0.12584200501441956,0.8286290168762207,0.5756048560142517
YDR121W,YML005W,0,-7.620954,0.12580348551273346,0.8286290168762207,0.5758064389228821
YJR078W,YMR070W,0,-7.6210065,0.12576499581336975,0.8286290168762207,0.5760080814361572
YCR042C,YGR144W,0,-7.6211658,0.12572652101516724,0.8286290168762207,0.5762096643447876
YKL052C,YNR060W,0,-7.621801,0.1256880760192871,0.8286290168762207,0.5764113068580627
YER157W,YCL060C,0,-7.621874,0.12564964592456818,0.8286290168762207,0.5766128897666931
YDR150W,YLR240W,1,-7.6220555,0.12591686844825745,0.8306451439857483,0.5766128897666931
YGL174W,YOR343W-A,0,-7.622075,0.12587839365005493,0.8306451439857483,0.5768145322799683
YLR215C,YOL065C,0,-7.6224394,0.1258399486541748,0.8306451439857483,0.5770161151885986
YPL095C,YDR312W,0,-7.6225467,0.12580153346061707,0.8306451439857483,0.5772177577018738
YNL270C,YPL271W,0,-7.622824,0.12576313316822052,0.8306451439857483,0.5774193406105042
YLR150W,YML028W,0,-7.623004,0.12572474777698517,0.8306451439857483,0.5776209831237793
YAL041W,YPR102C,0,-7.623154,0.1256863921880722,0.8306451439857483,0.5778225660324097
YIL065C,YDR365W-A,0,-7.623239,0.12564806640148163,0.8306451439857483,0.5780242085456848
YCL062W,YNL054W,1,-7.623734,0.12591463327407837,0.8326612710952759,0.5780242085456848
YKL040C,YBR006W,0,-7.6238284,0.1258762627840042,0.8326612710952759,0.5782257914543152
YNL298W,YPR158C-C,0,-7.62389,0.12583790719509125,0.8326612710952759,0.5784274339675903
YLR016C,YER159C-A,0,-7.624402,0.12579956650733948,0.8326612710952759,0.5786290168762207
YOR321W,YAL005C,0,-7.6244693,0.1257612705230713,0.8326612710952759,0.5788306593894958
YHR194W,YLR043C,1,-7.6245317,0.12602739036083221,0.8346773982048035,0.5788306593894958
YDR256C,YCR058C,0,-7.6245914,0.12598904967308044,0.8346773982048035,0.5790322422981262
YLR044C,YDR328C,0,-7.625144,0.12595070898532867,0.8346773982048035,0.5792338848114014
YPL256C,YDR359C,0,-7.6256385,0.12591241300106049,0.8346773982048035,0.5794354677200317
YOR171C,YPL130W,0,-7.6258326,0.1258741319179535,0.8346773982048035,0.5796371102333069
YLR043C,YCL063W,1,-7.625846,0.1261398196220398,0.836693525314331,0.5796371102333069
YKR027W,YJL012C-A,0,-7.626101,0.12610149383544922,0.836693525314331,0.5798386931419373
YMR280C,YLR391W,0,-7.6263547,0.12606318295001984,0.836693525314331,0.5800403356552124
YDR123C,YDR261W-A,0,-7.626682,0.12602490186691284,0.836693525314331,0.5802419185638428
YHR005C-A,YHL009W-B,0,-7.626728,0.12598663568496704,0.836693525314331,0.5804435610771179
YGR268C,YER042W,0,-7.627688,0.12594839930534363,0.836693525314331,0.5806451439857483
YGR056W,YNR015W,0,-7.6280675,0.1259101927280426,0.836693525314331,0.5808467864990234
YPL146C,YNL216W,0,-7.628591,0.12587200105190277,0.836693525314331,0.5810483694076538
YDL243C,YFR041C,0,-7.6289268,0.12583383917808533,0.836693525314331,0.581250011920929
YLR086W,YNL054W-A,0,-7.629007,0.12579569220542908,0.836693525314331,0.5814515948295593
YPR200C,YPR158W-B,0,-7.6291003,0.12575757503509521,0.836693525314331,0.5816532373428345
YPL137C,YDL235C,0,-7.629149,0.12571947276592255,0.836693525314331,0.5818548202514648
YLR097C,YHR075C,0,-7.6294017,0.12568140029907227,0.836693525314331,0.58205646276474
YPL265W,YML032C,0,-7.6294374,0.12564335763454437,0.836693525314331,0.5822580456733704
YIR017C,YOR343W-B,0,-7.629519,0.12560532987117767,0.836693525314331,0.5824596881866455
YOR216C,YMR046C,0,-7.62962,0.12556731700897217,0.836693525314331,0.5826612710952759
YNL232W,YCR086W,0,-7.6297355,0.12552933394908905,0.836693525314331,0.582862913608551
YLR399C,YCR080W,0,-7.630304,0.12549138069152832,0.836693525314331,0.5830644965171814
YMR043W,YJR103W,0,-7.6303144,0.12545344233512878,0.836693525314331,0.5832661390304565
YPL188W,YPR107C,0,-7.6303186,0.12541553378105164,0.836693525314331,0.5834677219390869
YOR033C,YDR259C,0,-7.631557,0.12537764012813568,0.836693525314331,0.5836693644523621
YKL038W,YAR044W,0,-7.632457,0.12533977627754211,0.836693525314331,0.5838709473609924
YOR257W,YDR255C,0,-7.632909,0.12530192732810974,0.836693525314331,0.5840725898742676
YLR145W,YOR004W,0,-7.6333127,0.12526410818099976,0.836693525314331,0.584274172782898
YIL142W,YOR207C,0,-7.6333413,0.12522631883621216,0.836693525314331,0.5844758152961731
YKR086W,YDR297W,0,-7.6339965,0.12518854439258575,0.836693525314331,0.5846773982048035
YLR397C,YPR137C-A,0,-7.6344504,0.12515078485012054,0.836693525314331,0.5848790407180786
YMR186W,YML114C,0,-7.634865,0.12511305510997772,0.836693525314331,0.585080623626709
YLL002W,YOR068C,0,-7.635057,0.1250753402709961,0.836693525314331,0.5852822661399841
YHR194W,YCL062W,1,-7.6359525,0.12533895671367645,0.8387096524238586,0.5852822661399841
YDR086C,YDR261W-A,0,-7.6362643,0.12530121207237244,0.8387096524238586,0.5854838490486145
YBR059C,YBR290W,0,-7.6363206,0.12526346743106842,0.8387096524238586,0.5856854915618896
YHR031C,YGL225W,0,-7.6367016,0.12522576749324799,0.8387096524238586,0.58588707447052
YOR201C,YLR313C,0,-7.63722,0.12518808245658875,0.8387096524238586,0.5860887169837952
YKL040C,YDR004W,0,-7.6375575,0.1251504272222519,0.8387096524238586,0.5862902998924255
YJL018W,YDR398W,0,-7.638773,0.12511278688907623,0.8387096524238586,0.5864919424057007
YCL063W,YDR495C,1,-7.638851,0.12537582218647003,0.8407257795333862,0.5864919424057007
YHR169W,YGR027W-A,0,-7.6391487,0.1253381371498108,0.8407257795333862,0.586693525314331
YOR230W,YMR134W,0,-7.6392846,0.12530048191547394,0.8407257795333862,0.5868951678276062
YLR450W,YLL016W,0,-7.6396003,0.12526284158229828,0.8407257795333862,0.5870967507362366
YDL190C,YNL054W-B,0,-7.6397066,0.125225231051445,0.8407257795333862,0.5872983932495117
YER171W,YDR388W,0,-7.639763,0.12518763542175293,0.8407257795333862,0.5874999761581421
YDL150W,YMR305C,0,-7.64002,0.12515005469322205,0.8407257795333862,0.5877016186714172
YFR055W,YPR163C,0,-7.640387,0.12511251866817474,0.8407257795333862,0.5879032015800476
YDR461W,YMR273C,0,-7.640575,0.12507498264312744,0.8407257795333862,0.5881048440933228
YAL012W,YJL104W,0,-7.6407733,0.12503747642040253,0.8407257795333862,0.5883064270019531
YDR054C,YGL158W,0,-7.6409817,0.125,0.8407257795333862,0.5885080695152283
YDL174C,YLR126C,0,-7.6416616,0.12496253848075867,0.8407257795333862,0.5887096524238586
YMR077C,YCR062W,0,-7.641806,0.12492510676383972,0.8407257795333862,0.5889112949371338
YDR335W,YDR018C,0,-7.642212,0.12488768994808197,0.8407257795333862,0.5891128778457642
YGR078C,YJR028W,0,-7.6425796,0.1248503029346466,0.8407257795333862,0.5893145203590393
YNR043W,YBR090C-A,0,-7.643083,0.12481293082237244,0.8407257795333862,0.5895161032676697
YKL160W,YOR149C,0,-7.643122,0.12477558106184006,0.8407257795333862,0.5897177457809448
YGL099W,YGR161W-A,0,-7.6435914,0.12473826110363007,0.8407257795333862,0.5899193286895752
YGL027C,YPR101W,0,-7.643684,0.12470095604658127,0.8407257795333862,0.5901209712028503
YNL163C,YBR173C,0,-7.6439085,0.12466368079185486,0.8407257795333862,0.5903225541114807
YDR017C,YLR263W,0,-7.6442556,0.12462642043828964,0.8407257795333862,0.5905241966247559
YNL023C,YDR162C,0,-7.6443734,0.12458918243646622,0.8407257795333862,0.5907257795333862
YOR363C,YGR180C,0,-7.6447,0.12455197423696518,0.8407257795333862,0.5909274220466614
YEL056W,YOR343W-A,0,-7.6448474,0.12451478093862534,0.8407257795333862,0.5911290049552917
YEL016C,YMR008C,0,-7.645145,0.12447760999202728,0.8407257795333862,0.5913306474685669
YOR372C,YGR089W,0,-7.6454725,0.12444046884775162,0.8407257795333862,0.5915322303771973
YER025W,YER137C-A,0,-7.645476,0.12440334260463715,0.8407257795333862,0.5917338728904724
YCL062W,YNL304W,1,-7.6455817,0.12466447800397873,0.8427419066429138,0.5917338728904724
YDL150W,YAL009W,0,-7.645662,0.12462730705738068,0.8427419066429138,0.5919354557991028
YKL074C,YCR062W,0,-7.645683,0.12459016591310501,0.8427419066429138,0.5921370983123779
YKR007W,YGL039W,0,-7.6462245,0.12455303966999054,0.8427419066429138,0.5923386812210083
YMR041C,YMR022W,0,-7.6463056,0.12451593577861786,0.8427419066429138,0.5925403237342834
YFR055W,YHR031C,0,-7.6463284,0.12447885423898697,0.8427419066429138,0.5927419066429138
YER052C,YMR270C,0,-7.6469693,0.12444179505109787,0.8427419066429138,0.592943549156189
YKL057C,YDR398W,0,-7.6470633,0.12440475821495056,0.8427419066429138,0.5931451320648193
YER015W,YOR122C,0,-7.6471148,0.12436775118112564,0.8427419066429138,0.5933467745780945
YJR147W,YDR210C-D,0,-7.647174,0.12433075904846191,0.8427419066429138,0.5935483574867249
YDL085W,YER053C,0,-7.647651,0.12429378181695938,0.8427419066429138,0.59375
YCR058C,YGR118W,0,-7.6477237,0.12425683438777924,0.8427419066429138,0.5939516425132751
YIR028W,YBR257W,0,-7.6479864,0.12421990931034088,0.8427419066429138,0.5941532254219055
YLR215C,YIR022W,0,-7.6479964,0.12418300658464432,0.8427419066429138,0.5943548679351807
YJL157C,YLR337W,0,-7.648071,0.12414612621068954,0.8427419066429138,0.594556450843811
YMR075W,YNL131W,0,-7.648361,0.12410926073789597,0.8427419066429138,0.5947580933570862
YMR068W,YIL160C,0,-7.6485515,0.12407242506742477,0.8427419066429138,0.5949596762657166
YDL013W,YFL002W-A,0,-7.6486363,0.12403561174869537,0.8427419066429138,0.5951613187789917
YLR397C,YFL002W-A,0,-7.6490035,0.12399881333112717,0.8427419066429138,0.5953629016876221
YBL090W,YIL056W,0,-7.6496277,0.12396203726530075,0.8427419066429138,0.5955645442008972
YDR298C,YFR047C,0,-7.6497884,0.12392529100179672,0.8427419066429138,0.5957661271095276
YNR067C,YBL079W,0,-7.6499577,0.12388855963945389,0.8427419066429138,0.5959677696228027
YNL062C,YFL002W-A,0,-7.649985,0.12385185062885284,0.8427419066429138,0.5961693525314331
YDL164C,YKL099C,0,-7.650146,0.12381516396999359,0.8427419066429138,0.5963709950447083
YGL162W,YDR316W-A,0,-7.650291,0.12377849966287613,0.8427419066429138,0.5965725779533386
YIL052C,YIL030C,0,-7.6503706,0.12374185770750046,0.8427419066429138,0.5967742204666138
YNL059C,YER020W,0,-7.6504874,0.12370523810386658,0.8427419066429138,0.5969758033752441
YBR070C,YBL100W-B,0,-7.6507025,0.12366864085197449,0.8427419066429138,0.5971774458885193
YAL051W,YPL033C,0,-7.6507297,0.12363205850124359,0.8427419066429138,0.5973790287971497
YCL014W,YGR027W-A,0,-7.650849,0.12359550595283508,0.8427419066429138,0.5975806713104248
YPR124W,YMR146C,0,-7.650866,0.12355896830558777,0.8427419066429138,0.5977822542190552
YGL191W,YMR250W,0,-7.650898,0.12352246046066284,0.8427419066429138,0.5979838967323303
YOL143C,YGR144W,0,-7.65113,0.12348596751689911,0.8427419066429138,0.5981854796409607
YOR237W,YJL214W,0,-7.651709,0.12344949692487717,0.8427419066429138,0.5983871221542358
YPL049C,YDR353W,0,-7.6517854,0.12341304868459702,0.8427419066429138,0.5985887050628662
YOL077W-A,YJR110W,0,-7.6520123,0.12337662279605865,0.8427419066429138,0.5987903475761414
YBR090C-A,YGR275W,0,-7.652783,0.12334021925926208,0.8427419066429138,0.5989919304847717
YJL024C,YDR523C,0,-7.6530538,0.1233038380742073,0.8427419066429138,0.5991935729980469
YJL191W,YPL094C,0,-7.653376,0.12326747179031372,0.8427419066429138,0.5993951559066772
YMR035W,YNL339C,0,-7.653665,0.12323113530874252,0.8427419066429138,0.5995967984199524
YDR309C,YKL099C,0,-7.6537876,0.12319481372833252,0.8427419066429138,0.5997983813285828
YHR055C,YHR088W,0,-7.653836,0.1231585144996643,0.8427419066429138,0.6000000238418579
YOR119C,YDR261W-B,0,-7.654198,0.12312223762273788,0.8427419066429138,0.6002016067504883
YHR190W,YEL032W,0,-7.6542544,0.12308598309755325,0.8427419066429138,0.6004032492637634
YLR060W,YKR095W-A,0,-7.654481,0.12304975092411041,0.8427419066429138,0.6006048321723938
YPR037C,YFL002W-B,0,-7.6545014,0.12301353365182877,0.8427419066429138,0.600806474685669
YPR067W,YOR356W,0,-7.654939,0.1229773461818695,0.8427419066429138,0.6010080575942993
YKL149C,YBL100W-B,0,-7.6549406,0.12294117361307144,0.8427419066429138,0.6012097001075745
YER053C,YGR109W-B,0,-7.6553383,0.12290503084659576,0.8427419066429138,0.6014112830162048
YLR138W,YNR003C,0,-7.655476,0.12286890298128128,0.8427419066429138,0.60161292552948
YBR083W,YCR084C,0,-7.6558146,0.12283279746770859,0.8427419066429138,0.6018145084381104
YBR090C-A,YGR002C,0,-7.6559606,0.12279670685529709,0.8427419066429138,0.6020161509513855
YGR040W,YPL159C,0,-7.656259,0.12276064604520798,0.8427419066429138,0.6022177338600159
YKL054C,YDR034C-D,0,-7.656432,0.12272460013628006,0.8427419066429138,0.602419376373291
YGL038C,YPL060C-A,0,-7.656432,0.12268858402967453,0.8427419066429138,0.6026209592819214
YDR121W,YGR027W-A,0,-7.656734,0.1226525828242302,0.8427419066429138,0.6028226017951965
YJL021C,YPL096C-A,0,-7.6569533,0.12261660397052765,0.8427419066429138,0.6030241847038269
YCL062W,YEL013W,1,-7.657005,0.12287390232086182,0.8447580933570862,0.6030241847038269
YNL245C,YOL004W,0,-7.657174,0.12283787876367569,0.8447580933570862,0.603225827217102
YKL101W,YDL159W,0,-7.6572385,0.12280187755823135,0.8447580933570862,0.6034274101257324
YMR204C,YPR131C,1,-7.6576242,0.12305889278650284,0.8467742204666138,0.6034274101257324
YOL003C,YNL007C,0,-7.65766,0.12302284687757492,0.8467742204666138,0.6036290526390076
YBR008C,YML033W,0,-7.657799,0.1229868233203888,0.8467742204666138,0.6038306355476379
YJL191W,YER041W,0,-7.6578856,0.12295082211494446,0.8467742204666138,0.6040322780609131
YOR386W,YOR343W-A,0,-7.658153,0.12291483581066132,0.8467742204666138,0.6042338609695435
YGR010W,YOR343W-A,0,-7.6584315,0.12287887930870056,0.8467742204666138,0.6044355034828186
YJL121C,YDR210C-D,0,-7.6584315,0.122842937707901,0.8467742204666138,0.604637086391449
YML102W,YGR161W-B,0,-7.658851,0.12280701845884323,0.8467742204666138,0.6048387289047241
YIL018W,YDL118W,0,-7.658892,0.12277112156152725,0.8467742204666138,0.6050403118133545
YBR234C,YCL062W,1,-7.659121,0.12302746623754501,0.8487903475761414,0.6050403118133545
YGL106W,YOR056C,0,-7.6591496,0.12299152463674545,0.8487903475761414,0.6052419543266296
YKL011C,YJR052W,0,-7.6592135,0.12295560538768768,0.8487903475761414,0.60544353723526
YOR119C,YIR018W,0,-7.6593165,0.1229197084903717,0.8487903475761414,0.6056451797485352
YPL124W,YDR098C-A,0,-7.6595016,0.12288382649421692,0.8487903475761414,0.6058467626571655
YML057W,YPL187W,0,-7.6600533,0.12284797430038452,0.8487903475761414,0.6060484051704407
YMR021C,YGR042W,0,-7.660409,0.12281213700771332,0.8487903475761414,0.606249988079071
YGR274C,YOR343W-B,0,-7.6605487,0.1227763220667839,0.8487903475761414,0.6064516305923462
YNL041C,YPR054W,0,-7.6606097,0.12274052202701569,0.8487903475761414,0.6066532135009766
YBR086C,YGR094W,0,-7.6614614,0.12270475178956985,0.8487903475761414,0.6068548560142517
YKL205W,YGL013C,0,-7.6619887,0.12266899645328522,0.8487903475761414,0.6070564389228821
YMR202W,YDL090C,0,-7.662256,0.12263326346874237,0.8487903475761414,0.6072580814361572
YDR184C,YLR224W,0,-7.6623406,0.12259755283594131,0.8487903475761414,0.6074596643447876
YOR299W,YBL100W-B,0,-7.6628346,0.12256186455488205,0.8487903475761414,0.6076613068580627
YBL039C,YJR141W,0,-7.6629977,0.12252619117498398,0.8487903475761414,0.6078628897666931
YOR301W,YDL244W,0,-7.663111,0.1224905475974083,0.8487903475761414,0.6080645322799683
YBR244W,YLR427W,0,-7.663196,0.1224549189209938,0.8487903475761414,0.6082661151885986
YGL099W,YNL102W,0,-7.663197,0.12241930514574051,0.8487903475761414,0.6084677577018738
YHR172W,YLL017W,0,-7.6635776,0.1223837211728096,0.8487903475761414,0.6086693406105042
YBR058C,YER159C-A,0,-7.6642013,0.12234815210103989,0.8487903475761414,0.6088709831237793
YML081C-A,YBL020W,0,-7.6644273,0.12231260538101196,0.8487903475761414,0.6090725660324097
YER172C,YHR181W,0,-7.6653175,0.12227708101272583,0.8487903475761414,0.6092742085456848
YPL057C,YNL284C-B,0,-7.665364,0.12224157899618149,0.8487903475761414,0.6094757914543152
YOR284W,YML014W,0,-7.665405,0.12220609933137894,0.8487903475761414,0.6096774339675903
YOL123W,YEL017C-A,0,-7.6657414,0.12217063456773758,0.8487903475761414,0.6098790168762207
YPL084W,YBR058C-A,0,-7.665981,0.12213519215583801,0.8487903475761414,0.6100806593894958
YIL013C,YGR161W-B,0,-7.6665497,0.12209976464509964,0.8487903475761414,0.6102822422981262
YFR024C,YJL176C,0,-7.6670747,0.12206436693668365,0.8487903475761414,0.6104838848114014
YGR003W,YHR079C-B,0,-7.667332,0.12202898412942886,0.8487903475761414,0.6106854677200317
YPL161C,YML045W,0,-7.667377,0.12199362367391586,0.8487903475761414,0.6108871102333069
YJR004C,YGR027W-B,0,-7.667399,0.12195828557014465,0.8487903475761414,0.6110886931419373
YNL230C,YCR062W,0,-7.6674056,0.12192296236753464,0.8487903475761414,0.6112903356552124
YGL158W,YGR027W-A,0,-7.6676555,0.12188766896724701,0.8487903475761414,0.6114919185638428
YER116C,YIL143C,0,-7.6680307,0.12185239046812057,0.8487903475761414,0.6116935610771179
YMR055C,YJL196C,0,-7.668136,0.12181712687015533,0.8487903475761414,0.6118951439857483
YDL223C,YML033W,0,-7.668491,0.12178189307451248,0.8487903475761414,0.6120967864990234
YNL064C,YHL009W-B,0,-7.6685853,0.12174667418003082,0.8487903475761414,0.6122983694076538
YKR057W,YBR152W,0,-7.6687255,0.12171147763729095,0.8487903475761414,0.612500011920929
YIL062C,YCL062W,1,-7.669681,0.12196531891822815,0.850806474685669,0.612500011920929
YMR041C,YBR290W,0,-7.6700377,0.1219300776720047,0.850806474685669,0.6127015948295593
YDR079W,YMR129W,0,-7.670437,0.12189485877752304,0.850806474685669,0.6129032373428345
YGL119W,YGL071W,0,-7.6708703,0.12185966223478317,0.850806474685669,0.6131048202514648
YJL021C,YLR013W,0,-7.671046,0.1218244805932045,0.850806474685669,0.61330646276474
YBL084C,YOL072W,0,-7.672628,0.12178932130336761,0.850806474685669,0.6135080456733704
YPR162C,YML040W,0,-7.672773,0.12175418436527252,0.850806474685669,0.6137096881866455
YKL148C,YPR182W,0,-7.6730046,0.12171906232833862,0.850806474685669,0.6139112710952759
YCL060C,YDR081C,0,-7.673587,0.12168397009372711,0.850806474685669,0.614112913608551
YOL068C,YBR012W-B,0,-7.6737866,0.1216488927602768,0.850806474685669,0.6143144965171814
YMR095C,YMR067C,0,-7.6739144,0.12161383032798767,0.850806474685669,0.6145161390304565
YGL136C,YMR322C,0,-7.6743555,0.12157879769802094,0.850806474685669,0.6147177219390869
YNL271C,YOL103W-B,0,-7.674459,0.1215437799692154,0.850806474685669,0.6149193644523621
YML099C,YHR039C-A,0,-7.6748147,0.12150878459215164,0.850806474685669,0.6151209473609924
YOL082W,YOR267C,0,-7.674873,0.12147380411624908,0.850806474685669,0.6153225898742676
YKL208W,YER160C,0,-7.6751056,0.12143884599208832,0.850806474685669,0.615524172782898
YFR041C,YPR104C,0,-7.675225,0.12140391021966934,0.850806474685669,0.6157258152961731
YNR058W,YBR290W,0,-7.675717,0.12136899679899216,0.850806474685669,0.6159273982048035
YHR014W,YNL273W,0,-7.6757555,0.12133409827947617,0.850806474685669,0.6161290407180786
YPR049C,YER137C-A,0,-7.6764708,0.12129922211170197,0.850806474685669,0.616330623626709
YDR516C,YAL009W,0,-7.677108,0.12126436829566956,0.850806474685669,0.6165322661399841
YPL138C,YCR080W,0,-7.677558,0.12122952938079834,0.850806474685669,0.6167338490486145
YGR159C,YDR210C-C,0,-7.6779246,0.12119471281766891,0.850806474685669,0.6169354915618896
YIR037W,YOL064C,0,-7.678064,0.12115991860628128,0.850806474685669,0.61713707447052
YIL004C,YER082C,0,-7.678468,0.12112514674663544,0.850806474685669,0.6173387169837952
YIL173W,YJR028W,0,-7.678652,0.12109038978815079,0.850806474685669,0.6175402998924255
YCR071C,YBL100W-A,0,-7.6789236,0.12105564773082733,0.850806474685669,0.6177419424057007
YCL010C,YNL054W-A,0,-7.6790233,0.12102093547582626,0.850806474685669,0.617943525314331
YLR206W,YBR012W-B,0,-7.679389,0.12098623812198639,0.850806474685669,0.6181451678276062
YBR171W,YDR451C,0,-7.6795163,0.1209515631198883,0.850806474685669,0.6183467507362366
YJL081C,YLR098C,0,-7.679544,0.12091690301895142,0.850806474685669,0.6185483932495117
YDR101C,YCR037C,0,-7.6797843,0.12088226526975632,0.850806474685669,0.6187499761581421
YKL189W,YCL075W,0,-7.6798325,0.12084764987230301,0.850806474685669,0.6189516186714172
YOR224C,YHR098C,0,-7.680141,0.12081305682659149,0.850806474685669,0.6191532015800476
YDR098C-A,YOR343W-A,0,-7.680634,0.12077847868204117,0.850806474685669,0.6193548440933228
YLR138W,YDR316W-A,0,-7.680844,0.12074392288923264,0.850806474685669,0.6195564270019531
YCL060C,YDR079W,0,-7.6811414,0.1207093819975853,0.850806474685669,0.6197580695152283
YDL185W,YGR109W-B,0,-7.6812153,0.12067486345767975,0.850806474685669,0.6199596524238586
YOR039W,YGL212W,0,-7.6813407,0.12064036726951599,0.850806474685669,0.6201612949371338
YLR288C,YDL235C,0,-7.681367,0.12060588598251343,0.850806474685669,0.6203628778457642
YMR272C,YMR039C,0,-7.6815624,0.12057142704725266,0.850806474685669,0.6205645203590393
YLR391W,YOL003C,0,-7.682036,0.12053699046373367,0.850806474685669,0.6207661032676697
YMR088C,YNL054W-A,0,-7.682286,0.12050256878137589,0.850806474685669,0.6209677457809448
YOR257W,YOL105C,0,-7.683027,0.12046816945075989,0.850806474685669,0.6211693286895752
YDL006W,YCL062W,1,-7.683165,0.12071917951107025,0.8528226017951965,0.6211693286895752
YKR022C,YDR488C,0,-7.683217,0.12068473547697067,0.8528226017951965,0.6213709712028503
YBL035C,YJR028W,0,-7.6832767,0.12065031379461288,0.8528226017951965,0.6215725541114807
YOR241W,YNL054W-B,0,-7.683306,0.12061591446399689,0.8528226017951965,0.6217741966247559
YOL003C,YDR210C-C,0,-7.6835012,0.12058153003454208,0.8528226017951965,0.6219757795333862
YNL047C,YPR158W-B,0,-7.6840243,0.12054716795682907,0.8528226017951965,0.6221774220466614
YMR096W,YGR161W-B,0,-7.684172,0.12051282078027725,0.8528226017951965,0.6223790049552917
YER001W,YPL237W,0,-7.6842256,0.12047849595546722,0.8528226017951965,0.6225806474685669
YDR256C,YER042W,0,-7.6842437,0.12044419348239899,0.8528226017951965,0.6227822303771973
YMR204C,YNL304W,1,-7.684999,0.12069456279277802,0.8548387289047241,0.6227822303771973
YDR375C,YJL222W,0,-7.685225,0.1206602156162262,0.8548387289047241,0.6229838728904724
YDL029W,YCL062W,1,-7.685292,0.12091038376092911,0.8568548560142517,0.6229838728904724
YPL170W,YMR268C,0,-7.6854386,0.12087599188089371,0.8568548560142517,0.6231854557991028
YLR043C,YCL062W,1,-7.6854396,0.1211259588599205,0.8588709831237793,0.6231854557991028
YNL020C,YBR043C,0,-7.68558,0.12109152972698212,0.8588709831237793,0.6233870983123779
YER157W,YER137C-A,0,-7.6860423,0.12105711549520493,0.8588709831237793,0.6235886812210083
YMR042W,YLR015W,0,-7.686046,0.12102272361516953,0.8588709831237793,0.6237903237342834
YER016W,YAL012W,0,-7.686313,0.12098835408687592,0.8588709831237793,0.6239919066429138
YPR138C,YOR272W,0,-7.686519,0.1209540069103241,0.8588709831237793,0.624193549156189
YJL178C,YJL012C-A,0,-7.686625,0.12091966718435287,0.8588709831237793,0.6243951320648193
YJR076C,YDR261C-D,0,-7.686831,0.12088535726070404,0.8588709831237793,0.6245967745780945
YBR179C,YLR447C,0,-7.686868,0.1208510622382164,0.8588709831237793,0.6247983574867249
YOR298W,YJL041W,0,-7.686933,0.12081678956747055,0.8588709831237793,0.625
YBL071W-A,YMR149W,0,-7.687035,0.1207825317978859,0.8588709831237793,0.6252016425132751
YLR286C,YCR062W,0,-7.6870914,0.12074829638004303,0.8588709831237793,0.6254032254219055
YER118C,YNL054W-A,0,-7.687347,0.12071408331394196,0.8588709831237793,0.6256048679351807
YGR057C,YHR079C-B,0,-7.6874766,0.12067988514900208,0.8588709831237793,0.625806450843811
YFL010W-A,YCR062W,0,-7.6876607,0.12064570933580399,0.8588709831237793,0.6260080933570862
YIL007C,YGL039W,0,-7.6876683,0.12061154842376709,0.8588709831237793,0.6262096762657166
YAL054C,YOR381W,0,-7.687828,0.12057740986347198,0.8588709831237793,0.6264113187789917
YLR190W,YCL062W,1,-7.688398,0.12082625925540924,0.8608871102333069,0.6264113187789917
YNR023W,YML093W,0,-7.6885457,0.12079207599163055,0.8608871102333069,0.6266129016876221
YML124C,YJR103W,0,-7.688603,0.12075791507959366,0.8608871102333069,0.6268145442008972
YER014C-A,YPL110C,0,-7.6886325,0.12072377651929855,0.8608871102333069,0.6270161271095276
YCR034W,YLR312C-B,0,-7.6887527,0.12068965286016464,0.8608871102333069,0.6272177696228027
YBR126C,YNL284C-A,0,-7.689253,0.12065555155277252,0.8608871102333069,0.6274193525314331
YGL233W,YDR210W-D,0,-7.689253,0.12062147259712219,0.8608871102333069,0.6276209950447083
YER014C-A,YHR214C-C,0,-7.689253,0.12058740109205246,0.8608871102333069,0.6278225779533386
YER190W,YCR062W,0,-7.689253,0.12055335938930511,0.8608871102333069,0.6280242204666138
YDR279W,YHL009W-A,0,-7.689253,0.12051933258771896,0.8608871102333069,0.6282258033752441
YJL110C,YBL101W-A,0,-7.689253,0.1204853281378746,0.8608871102333069,0.6284274458885193
YJL041W,YML045W-A,0,-7.689253,0.12045133858919144,0.8608871102333069,0.6286290287971497
YBL078C,YBL101W-B,0,-7.689253,0.12041737139225006,0.8608871102333069,0.6288306713104248
YEL036C,YLR157C-A,0,-7.689253,0.12038341909646988,0.8608871102333069,0.6290322542190552
YJR044C,YDR210W-D,0,-7.689253,0.12034948915243149,0.8608871102333069,0.6292338967323303
YKL004W,YHL009W-B,0,-7.689253,0.12031558156013489,0.8608871102333069,0.6294354796409607
YKL004W,YDR210C-D,0,-7.689253,0.12028168886899948,0.8608871102333069,0.6296371221542358
YDL227C,YHL009W-B,0,-7.689253,0.12024781852960587,0.8608871102333069,0.6298387050628662
YLR056W,YDR210W-C,0,-7.689253,0.12021396309137344,0.8608871102333069,0.6300403475761414
YML127W,YDR210W-C,0,-7.689253,0.12018013000488281,0.8608871102333069,0.6302419304847717
YMR216C,YHL009W-A,0,-7.689253,0.12014631181955338,0.8608871102333069,0.6304435729980469
YML116W,YLR157C-A,0,-7.689253,0.12011251598596573,0.8608871102333069,0.6306451559066772
YGR033C,YBL101W-B,0,-7.689253,0.12007874250411987,0.8608871102333069,0.6308467984199524
YAR044W,YGR161W-B,0,-7.689253,0.12004498392343521,0.8608871102333069,0.6310483813285828
YKL143W,YPR036W-A,0,-7.689253,0.12001124024391174,0.8608871102333069,0.6312500238418579
YBR198C,YBL101W-A,0,-7.689253,0.11997751891613007,0.8608871102333069,0.6314516067504883
YOR354C,YML045W-A,0,-7.689253,0.11994381994009018,0.8608871102333069,0.6316532492637634
YML130C,YPR036W-A,0,-7.689253,0.11991013586521149,0.8608871102333069,0.6318548321723938
YHR120W,YOR343C-B,0,-7.689253,0.11987647414207458,0.8608871102333069,0.632056474685669
YIL173W,YNL284C-A,0,-7.689253,0.11984282732009888,0.8608871102333069,0.6322580575942993
YEL037C,YBL101W-B,0,-7.689253,0.11980920284986496,0.8608871102333069,0.6324597001075745
YDR014W-A,YGR191W,0,-7.689253,0.11977559328079224,0.8608871102333069,0.6326612830162048
YDR014W-A,YER001W,0,-7.689253,0.1197420060634613,0.8608871102333069,0.63286292552948
YDR145W,YPR036W-A,0,-7.689253,0.11970844119787216,0.8608871102333069,0.6330645084381104
YLR071C,YML045W-A,0,-7.689253,0.11967489123344421,0.8608871102333069,0.6332661509513855
YMR153W,YHL009W-A,0,-7.689253,0.11964135617017746,0.8608871102333069,0.6334677338600159
YKL059C,YLR157C-A,0,-7.689253,0.1196078434586525,0.8608871102333069,0.633669376373291
YDR276C,YDR210W-D,0,-7.689253,0.11957434564828873,0.8608871102333069,0.6338709592819214
YDR376W,YML045W-A,0,-7.689253,0.11954087018966675,0.8608871102333069,0.6340726017951965
YNL149C,YML045W-A,0,-7.689253,0.11950741708278656,0.8608871102333069,0.6342741847038269
YAL038W,YHL009W-A,0,-7.689253,0.11947397887706757,0.8608871102333069,0.634475827217102
YHR062C,YBL101W-B,0,-7.689253,0.11944056302309036,0.8608871102333069,0.6346774101257324
YCL005W-A,YNL284C-B,0,-7.689253,0.11940716207027435,0.8608871102333069,0.6348790526390076
YER164W,YER159C-A,0,-7.689253,0.11937377601861954,0.8608871102333069,0.6350806355476379
YNL199C,YLR154C,0,-7.68932,0.11934041231870651,0.8608871102333069,0.6352822780609131
YER052C,YOL103W-A,0,-7.689441,0.11930707097053528,0.8608871102333069,0.6354838609695435
YER051W,YER031C,0,-7.689552,0.11927374452352524,0.8608871102333069,0.6356855034828186
YHR193C,YNL210W,0,-7.6895595,0.11924043297767639,0.8608871102333069,0.635887086391449
YDR297W,YGR161W-A,0,-7.6898327,0.11920714378356934,0.8608871102333069,0.6360887289047241
YHR021C,YPR125W,0,-7.689889,0.11917387694120407,0.8608871102333069,0.6362903118133545
YPR120C,YGR027W-B,0,-7.6899457,0.119140625,0.8608871102333069,0.6364919543266296
YER159C,YNL054W-B,0,-7.68999,0.11910739541053772,0.8608871102333069,0.63669353723526
YPL262W,YFR024C,0,-7.6902013,0.11907418072223663,0.8608871102333069,0.6368951797485352
YPL092W,YNL284C-B,0,-7.6902366,0.11904098093509674,0.8608871102333069,0.6370967626571655
YPL059W,YLR337W,0,-7.690271,0.11900780349969864,0.8608871102333069,0.6372984051704407
YGL046W,YER116C,0,-7.690466,0.11897464841604233,0.8608871102333069,0.637499988079071
YOL059W,YGL210W,0,-7.6912265,0.11894150078296661,0.8608871102333069,0.6377016305923462
YJL072C,YNL284C-B,0,-7.6912856,0.11890838295221329,0.8608871102333069,0.6379032135009766
YOR037W,YPL011C,0,-7.6915345,0.11887528002262115,0.8608871102333069,0.6381048560142517
YCL060C,YHR088W,0,-7.691838,0.11884219199419022,0.8608871102333069,0.6383064389228821
YJL039C,YER021W,0,-7.6919293,0.11880912631750107,0.8608871102333069,0.6385080814361572
YMR319C,YOR048C,0,-7.692089,0.11877607554197311,0.8608871102333069,0.6387096643447876
YOL008W,YKR052C,0,-7.692594,0.11874304711818695,0.8608871102333069,0.6389113068580627
YKL049C,YEL042W,0,-7.693108,0.11871003359556198,0.8608871102333069,0.6391128897666931
YBL079W,YDR030C,0,-7.6932445,0.1186770424246788,0.8608871102333069,0.6393145322799683
YBR058C-A,YDR545W,0,-7.69353,0.11864406615495682,0.8608871102333069,0.6395161151885986
YOL093W,YDR034C-C,0,-7.693659,0.11861111223697662,0.8608871102333069,0.6397177577018738
YJR103W,YAR010C,0,-7.694219,0.11857817322015762,0.8608871102333069,0.6399193406105042
YMR112C,YCL060C,0,-7.694509,0.11854524910449982,0.8608871102333069,0.6401209831237793
YER031C,YBL100W-B,0,-7.6945405,0.1185123473405838,0.8608871102333069,0.6403225660324097
YGR246C,YCL060C,0,-7.694817,0.11847946792840958,0.8608871102333069,0.6405242085456848
YPL178W,YBR030W,0,-7.694861,0.11844660341739655,0.8608871102333069,0.6407257914543152
YLR007W,YKR097W,0,-7.6960855,0.11841375380754471,0.8608871102333069,0.6409274339675903
YER145C,YGL011C,0,-7.6967554,0.11838092654943466,0.8608871102333069,0.6411290168762207
YBR040W,YOR267C,0,-7.6969333,0.11834811419248581,0.8608871102333069,0.6413306593894958
YJL090C,YDR437W,0,-7.697107,0.11831532418727875,0.8608871102333069,0.6415322422981262
YKL149C,YDR465C,0,-7.697168,0.11828254908323288,0.8608871102333069,0.6417338848114014
YCL060C,YGR004W,0,-7.6976905,0.1182497888803482,0.8608871102333069,0.6419354677200317
YML031W,YJR135W-A,0,-7.6978,0.11821705102920532,0.8608871102333069,0.6421371102333069
YGL151W,YBR058C-A,0,-7.6982946,0.11818433552980423,0.8608871102333069,0.6423386931419373
YHL048W,YDR037W,0,-7.6986,0.11815163493156433,0.8608871102333069,0.6425403356552124
YLR260W,YIL008W,0,-7.698937,0.11811894923448563,0.8608871102333069,0.6427419185638428
YGL211W,YBL055C,0,-7.699137,0.11808628588914871,0.8608871102333069,0.6429435610771179
YDL088C,YBR233W-A,0,-7.699514,0.11805363744497299,0.8608871102333069,0.6431451439857483
YJR078W,YPR037C,0,-7.6995816,0.11802100390195847,0.8608871102333069,0.6433467864990234
YML015C,YDR316W-A,0,-7.699746,0.11798839271068573,0.8608871102333069,0.6435483694076538
YLR254C,YBR083W,0,-7.7001815,0.11795580387115479,0.8608871102333069,0.643750011920929
YPR165W,YPL060C-A,0,-7.700746,0.11792322248220444,0.8608871102333069,0.6439515948295593
YMR029C,YGL046W,0,-7.7008595,0.11789067089557648,0.8608871102333069,0.6441532373428345
YMR239C,YCR080W,0,-7.7009416,0.11785812675952911,0.8608871102333069,0.6443548202514648
YOR008C,YLR126C,0,-7.7010703,0.11782560497522354,0.8608871102333069,0.64455646276474
YDR158W,YML023C,0,-7.7012157,0.11779310554265976,0.8608871102333069,0.6447580456733704
YAL010C,YAL029C,1,-7.701224,0.11803640425205231,0.8629032373428345,0.6447580456733704
YOR001W,YAR044W,0,-7.7015834,0.11800386011600494,0.8629032373428345,0.6449596881866455
YDR043C,YIL076W,0,-7.7018094,0.11797133088111877,0.8629032373428345,0.6451612710952759
YDR059C,YLR410W-B,0,-7.701921,0.1179388239979744,0.8629032373428345,0.645362913608551
YCL003W,YMR235C,0,-7.701947,0.11790633946657181,0.8629032373428345,0.6455644965171814
YLR390W-A,YNL121C,0,-7.70269,0.11787386238574982,0.8629032373428345,0.6457661390304565
YIL010W,YPR158W-B,0,-7.7030034,0.11784140765666962,0.8629032373428345,0.6459677219390869
YLR403W,YER160C,0,-7.703398,0.11780897527933121,0.8629032373428345,0.6461693644523621
YLR370C,YCL062W,1,-7.7034135,0.11805173009634018,0.8649193644523621,0.6461693644523621
YLR233C,YDR316W-A,0,-7.7034564,0.11801926046609879,0.8649193644523621,0.6463709473609924
YPL153C,YDR210C-C,0,-7.703481,0.11798679828643799,0.8649193644523621,0.6465725898742676
YBR090C-A,YIL095W,0,-7.7035084,0.11795435845851898,0.8649193644523621,0.646774172782898
YIL073C,YAR044W,0,-7.703763,0.11792193353176117,0.8649193644523621,0.6469758152961731
YPL091W,YPR158W-A,0,-7.703876,0.11788953095674515,0.8649193644523621,0.6471773982048035
YDR210C-D,YHL009W-B,0,-7.7046905,0.11785714328289032,0.8649193644523621,0.6473790407180786
YEL024W,YLR410W-B,0,-7.7049456,0.11782477051019669,0.8649193644523621,0.647580623626709
YGR286C,YIL063C,0,-7.7052836,0.11779242008924484,0.8649193644523621,0.6477822661399841
YKR089C,YPR158W-A,0,-7.705725,0.1177600845694542,0.8649193644523621,0.6479838490486145
YDL164C,YIL056W,0,-7.7061152,0.11772777140140533,0.8649193644523621,0.6481854915618896
YER062C,YPR158C-D,0,-7.706388,0.11769547313451767,0.8649193644523621,0.64838707447052
YBR100W,YMR023C,0,-7.706819,0.1176631897687912,0.8649193644523621,0.6485887169837952
YOR216C,YOR064C,0,-7.707582,0.11763092875480652,0.8649193644523621,0.6487902998924255
YMR204C,YGL055W,1,-7.707736,0.11787280440330505,0.8669354915618896,0.6487902998924255
YNL253W,YNL313C,0,-7.707781,0.11784050613641739,0.8669354915618896,0.6489919424057007
YDR037W,YLR265C,0,-7.7078795,0.11780822277069092,0.8669354915618896,0.649193525314331
YNL039W,YBR100W,0,-7.7089834,0.11777595430612564,0.8669354915618896,0.6493951678276062
YPR200C,YJL124C,0,-7.709164,0.11774370074272156,0.8669354915618896,0.6495967507362366
YOR130C,YLR410W-B,0,-7.7094364,0.11771146953105927,0.8669354915618896,0.6497983932495117
YEL034W,YPL140C,0,-7.709562,0.11767925322055817,0.8669354915618896,0.6499999761581421
YDR339C,YER051W,0,-7.70958,0.11764705926179886,0.8669354915618896,0.6502016186714172
YPL115C,YOL066C,0,-7.7097583,0.11761488020420074,0.8669354915618896,0.6504032015800476
YGL251C,YGR119C,0,-7.709911,0.11758271604776382,0.8669354915618896,0.6506048440933228
YDL020C,YML131W,0,-7.7101226,0.1175505742430687,0.8669354915618896,0.6508064270019531
YDR098C,YNL046W,0,-7.7104154,0.11751844733953476,0.8669354915618896,0.6510080695152283
YLR248W,YBL100W-B,0,-7.7107816,0.11748633533716202,0.8669354915618896,0.6512096524238586
YDR356W,YJR120W,0,-7.710815,0.11745424568653107,0.8669354915618896,0.6514112949371338
YMR173W,YBR159W,0,-7.711244,0.11742217093706131,0.8669354915618896,0.6516128778457642
YGL169W,YBL088C,0,-7.711348,0.11739011853933334,0.8669354915618896,0.6518145203590393
YDR214W,YPL167C,0,-7.711407,0.11735808104276657,0.8669354915618896,0.6520161032676697
YPR094W,YNL126W,0,-7.7115207,0.11732605844736099,0.8669354915618896,0.6522177457809448
YAL003W,YDR477W,0,-7.7116075,0.11729405075311661,0.8669354915618896,0.6524193286895752
YNR027W,YAR008W,0,-7.7122545,0.11726206541061401,0.8669354915618896,0.6526209712028503
YOR310C,YJR028W,0,-7.7124114,0.11723009496927261,0.8669354915618896,0.6528225541114807
YNR058W,YBR048W,0,-7.7133594,0.117198146879673,0.8669354915618896,0.6530241966247559
YBR135W,YNL061W,0,-7.7134013,0.11716621369123459,0.8669354915618896,0.6532257795333862
YIR041W,YNL054W-A,0,-7.714008,0.11713429540395737,0.8669354915618896,0.6534274220466614
YJR042W,YML045W,0,-7.71419,0.11710239946842194,0.8669354915618896,0.6536290049552917
YBL009W,YLR410W-B,0,-7.7151713,0.1170705109834671,0.8669354915618896,0.6538306474685669
YBL058W,YFL018W-A,0,-7.7153153,0.11703865230083466,0.8669354915618896,0.6540322303771973
YML126C,YJL148W,0,-7.7153172,0.1170068010687828,0.8669354915618896,0.6542338728904724
YOR137C,YJL012C,0,-7.715775,0.11697497218847275,0.8669354915618896,0.6544354557991028
YKL062W,YJR042W,0,-7.7161264,0.11694315820932388,0.8669354915618896,0.6546370983123779
YPL265W,YLR056W,0,-7.716388,0.11691136658191681,0.8669354915618896,0.6548386812210083
YNL112W,YOL103W-B,0,-7.71666,0.11687958985567093,0.8669354915618896,0.6550403237342834
YFR050C,YDR013W,0,-7.7167163,0.11684782803058624,0.8669354915618896,0.6552419066429138
YHR077C,YHR079C-B,0,-7.7169595,0.11681608110666275,0.8669354915618896,0.655443549156189
YBR245C,YNL282W,0,-7.717057,0.11678435653448105,0.8669354915618896,0.6556451320648193
YLR350W,YDR098C-A,0,-7.7172875,0.11675264686346054,0.8669354915618896,0.6558467745780945
YEL050C,YFL018W-A,0,-7.7172885,0.11672095209360123,0.8669354915618896,0.6560483574867249
YER087C-A,YCR080W,0,-7.717597,0.1166892796754837,0.8669354915618896,0.65625
YDR343C,YFL002W-B,0,-7.717707,0.11665762215852737,0.8669354915618896,0.6564516425132751
YIR006C,YGR192C,0,-7.717835,0.11662597954273224,0.8669354915618896,0.6566532254219055
YBR228W,YDR261W-B,0,-7.718662,0.1165943592786789,0.8669354915618896,0.6568548679351807
YGR086C,YJR141W,0,-7.7187095,0.11656275391578674,0.8669354915618896,0.657056450843811
YDL029W,YCL063W,1,-7.718925,0.1168021708726883,0.8689516186714172,0.657056450843811
YMR112C,YPR191W,0,-7.7190337,0.11677052080631256,0.8689516186714172,0.6572580933570862
YFL024C,YPL092W,0,-7.719319,0.11673889309167862,0.8689516186714172,0.6574596762657166
YMR202W,YPR083W,0,-7.7194963,0.11670728772878647,0.8689516186714172,0.6576613187789917
YIL018W,YPR024W,0,-7.719715,0.11667568981647491,0.8689516186714172,0.6578629016876221
YFR021W,YAL012W,0,-7.7199445,0.11664411425590515,0.8689516186714172,0.6580645442008972
YOR028C,YGR109W-B,0,-7.7199645,0.11661255359649658,0.8689516186714172,0.6582661271095276
YKL081W,YDR034C-D,0,-7.72015,0.1165810152888298,0.8689516186714172,0.6584677696228027
YOR256C,YML040W,0,-7.7203937,0.11654948443174362,0.8689516186714172,0.6586693525314331
YJL170C,YER088C,0,-7.720796,0.11651797592639923,0.8689516186714172,0.6588709950447083
YPR005C,YMR302C,0,-7.7212243,0.11648648977279663,0.8689516186714172,0.6590725779533386
YDL024C,YHR098C,0,-7.721246,0.11645501106977463,0.8689516186714172,0.6592742204666138
YDR384C,YHR001W-A,0,-7.721253,0.11642355471849442,0.8689516186714172,0.6594758033752441
YER119C,YPL016W,0,-7.7214737,0.1163921132683754,0.8689516186714172,0.6596774458885193
YMR023C,YER137C-A,0,-7.7221045,0.11636069416999817,0.8689516186714172,0.6598790287971497
YLR293C,YLR256W-A,0,-7.7224536,0.11632928252220154,0.8689516186714172,0.6600806713104248
YCL060C,YGR231C,0,-7.7225275,0.1162978932261467,0.8689516186714172,0.6602822542190552
YBR058C,YDR170W-A,0,-7.7226076,0.11626652628183365,0.8689516186714172,0.6604838967323303
YLR153C,YLR224W,0,-7.722624,0.1162351667881012,0.8689516186714172,0.6606854796409607
YER044C-A,YCR062W,0,-7.7231016,0.11620382964611053,0.8689516186714172,0.6608871221542358
YLR227W-B,YPR137C-A,0,-7.7231975,0.11617250740528107,0.8689516186714172,0.6610887050628662
YBL042C,YKL056C,0,-7.7239175,0.11614120006561279,0.8689516186714172,0.6612903475761414
YBL032W,YLR435W,0,-7.724053,0.11610991507768631,0.8689516186714172,0.6614919304847717
YLR340W,YDR180W,0,-7.7240844,0.11607864499092102,0.8689516186714172,0.6616935729980469
YJR140C,YOL103W-A,0,-7.7241054,0.11604738980531693,0.8689516186714172,0.6618951559066772
YGR216C,YHR079C-B,0,-7.7243752,0.11601614952087402,0.8689516186714172,0.6620967984199524
YOL076W,YLR190W,1,-7.724444,0.1162540391087532,0.8709677457809448,0.6620967984199524
YJL121C,YNL045W,0,-7.725578,0.11622276157140732,0.8709677457809448,0.6622983813285828
YLR126C,YOL103W-B,0,-7.725617,0.11619149893522263,0.8709677457809448,0.6625000238418579
YFL031W,YNL213C,0,-7.726612,0.11616025865077972,0.8709677457809448,0.6627016067504883
YGR024C,YKR020W,0,-7.728055,0.11612903326749802,0.8709677457809448,0.6629032492637634
YHL019C,YHR214C-C,0,-7.7291074,0.1160978227853775,0.8709677457809448,0.6631048321723938
YMR247C,YOR075W,0,-7.7298927,0.11606662720441818,0.8709677457809448,0.663306474685669
YHR194W,YGL055W,1,-7.730333,0.11630405485630035,0.8729838728904724,0.663306474685669
YLR382C,YBR087W,0,-7.7312136,0.11627282202243805,0.8729838728904724,0.6635080575942993
YGL054C,YNR049C,0,-7.731458,0.11624161154031754,0.8729838728904724,0.6637097001075745
YKR039W,YPL214C,0,-7.731895,0.11621041595935822,0.8729838728904724,0.6639112830162048
YOR023C,YER137C-A,0,-7.732225,0.11617923527956009,0.8729838728904724,0.66411292552948
YBL102W,YDR261W-A,0,-7.7327833,0.11614806950092316,0.8729838728904724,0.6643145084381104
YMR156C,YGR027W-A,0,-7.732946,0.11611691862344742,0.8729838728904724,0.6645161509513855
YNL101W,YGR221C,0,-7.7329574,0.11608579009771347,0.8729838728904724,0.6647177338600159
YDL150W,YGR109W-B,0,-7.733086,0.11605467647314072,0.8729838728904724,0.664919376373291
YDR448W,YDR172W,0,-7.733514,0.11602357774972916,0.8729838728904724,0.6651209592819214
YMR047C,YAR009C,0,-7.734055,0.11599250137805939,0.8729838728904724,0.6653226017951965
YPR167C,YDR261W-B,0,-7.734203,0.11596143245697021,0.8729838728904724,0.6655241847038269
YGL003C,YMR225C,0,-7.734484,0.11593038588762283,0.8729838728904724,0.665725827217102
YMR255W,YMR006C,0,-7.7345166,0.11589935421943665,0.8729838728904724,0.6659274101257324
YPL211W,YNL163C,0,-7.7350435,0.11586834490299225,0.8729838728904724,0.6661290526390076
YLR328W,YOR137C,0,-7.735129,0.11583734303712845,0.8729838728904724,0.6663306355476379
YLL006W,YAL015C,0,-7.735143,0.11580636352300644,0.8729838728904724,0.6665322780609131
YLR135W,YDR018C,0,-7.7356906,0.11577539891004562,0.8729838728904724,0.6667338609695435
YMR006C,YPR137C-A,0,-7.7369018,0.1157444566488266,0.8729838728904724,0.6669355034828186
YPL096C-A,YAL030W,0,-7.737327,0.11571352183818817,0.8729838728904724,0.667137086391449
YNL130C,YGR042W,0,-7.737328,0.11568260937929153,0.8729838728904724,0.6673387289047241
YOR025W,YPR101W,0,-7.737876,0.11565171182155609,0.8729838728904724,0.6675403118133545
YJL214W,YPL060C-A,0,-7.737879,0.11562082916498184,0.8729838728904724,0.6677419543266296
YGR060W,YIL082W-A,0,-7.7380314,0.11558996140956879,0.8729838728904724,0.66794353723526
YHR129C,YOL139C,0,-7.7383065,0.11555911600589752,0.8729838728904724,0.6681451797485352
YAR007C,YKL070W,0,-7.7384157,0.11552827805280685,0.8729838728904724,0.6683467626571655
YJL021C,YOL034W,0,-7.7391725,0.11549746245145798,0.8729838728904724,0.6685484051704407
YMR093W,YOL103W-B,0,-7.739647,0.11546666920185089,0.8729838728904724,0.668749988079071
YOR073W,YGL169W,0,-7.740063,0.1154358834028244,0.8729838728904724,0.6689516305923462
YPL160W,YKR003W,0,-7.741237,0.1154051199555397,0.8729838728904724,0.6691532135009766
YBR119W,YER087C-A,0,-7.741316,0.1153743639588356,0.8729838728904724,0.6693548560142517
YDL031W,YDR422C,0,-7.7428555,0.11534363031387329,0.8729838728904724,0.6695564389228821
YDR515W,YPL163C,0,-7.742909,0.11531291902065277,0.8729838728904724,0.6697580814361572
YLR127C,YGR128C,0,-7.7431903,0.11528221517801285,0.8729838728904724,0.6699596643447876
YDL247W,YPR158C-C,0,-7.743277,0.11525153368711472,0.8729838728904724,0.6701613068580627
YMR238W,YLR410W-B,0,-7.7436957,0.11522085964679718,0.8729838728904724,0.6703628897666931
YNR072W,YJL173C,0,-7.7444053,0.11519020795822144,0.8729838728904724,0.6705645322799683
YNL199C,YJL102W,0,-7.7454743,0.11515957117080688,0.8729838728904724,0.6707661151885986
YDR245W,YMR059W,0,-7.7455287,0.11512895673513412,0.8729838728904724,0.6709677577018738
YNR060W,YOL103W-A,0,-7.7455564,0.11509834975004196,0.8729838728904724,0.6711693406105042
YLR129W,YHR188C,0,-7.745766,0.11506776511669159,0.8729838728904724,0.6713709831237793
YFR051C,YGL104C,0,-7.7464213,0.11503719538450241,0.8729838728904724,0.6715725660324097
YOL165C,YKL138C-A,0,-7.747153,0.11500664055347443,0.8729838728904724,0.6717742085456848
YGR183C,YER159C-A,0,-7.7472777,0.11497610062360764,0.8729838728904724,0.6719757914543152
YOR381W,YHR069C,0,-7.747908,0.11494558304548264,0.8729838728904724,0.6721774339675903
YKL160W,YDR018C,0,-7.7479086,0.11491507291793823,0.8729838728904724,0.6723790168762207
YCL062W,YDR495C,1,-7.7480836,0.11514990776777267,0.875,0.6723790168762207
YBR085W,YIL046W,0,-7.749128,0.11511936038732529,0.875,0.6725806593894958
YGR249W,YPR158C-C,0,-7.749279,0.11508883535861969,0.875,0.6727822422981262
YML065W,YGR258C,0,-7.749995,0.11505832523107529,0.875,0.6729838848114014
YMR234W,YHR079C-B,0,-7.75003,0.11502783000469208,0.875,0.6731854677200317
YBR142W,YGL209W,0,-7.7504735,0.11499734967947006,0.875,0.6733871102333069
YDR072C,YBL005W-B,0,-7.750518,0.11496688425540924,0.875,0.6735886931419373
YBR029C,YPR158W-B,0,-7.7506747,0.11493644118309021,0.875,0.6737903356552124
YJR002W,YML015C,0,-7.7510943,0.11490601301193237,0.875,0.6739919185638428
YDR076W,YJL012C-A,0,-7.7511306,0.11487559229135513,0.875,0.6741935610771179
YDL155W,YDR437W,0,-7.7512474,0.11484519392251968,0.875,0.6743951439857483
YMR089C,YCR102C,0,-7.752093,0.11481481790542603,0.875,0.6745967864990234
YHR142W,YIL122W,0,-7.75221,0.11478444933891296,0.875,0.6747983694076538
YNR038W,YFL018W-A,0,-7.752253,0.1147540956735611,0.875,0.675000011920929
YOL033W,YIL082W-A,0,-7.7523074,0.11472376435995102,0.875,0.6752015948295593
YBR290W,YHR214C-C,0,-7.7540717,0.11469344794750214,0.875,0.6754032373428345
YGR247W,YOR343W-B,0,-7.754724,0.11466314643621445,0.875,0.6756048202514648
YBR133C,YCL003W,0,-7.755631,0.11463285982608795,0.875,0.67580646276474
YML043C,YGR128C,0,-7.755874,0.11460258811712265,0.875,0.6760080456733704
YER109C,YBR298C,0,-7.7562785,0.11457233130931854,0.875,0.6762096881866455
YCR107W,YFL050C,0,-7.756541,0.11454209685325623,0.875,0.6764112710952759
YJR053W,YDR414C,0,-7.756684,0.1145118698477745,0.875,0.676612913608551
YOL095C,YDR202C,0,-7.75686,0.11448166519403458,0.875,0.6768144965171814
YDR423C,YFL002W-A,0,-7.7575107,0.11445147544145584,0.875,0.6770161390304565
YDL166C,YPR158W-B,0,-7.7592297,0.1144213005900383,0.875,0.6772177219390869
YMR106C,YDR098C-A,0,-7.759625,0.11439114063978195,0.875,0.6774193644523621
YNL059C,YMR216C,0,-7.7598844,0.1143610030412674,0.875,0.6776209473609924
YGR230W,YOL064C,0,-7.760403,0.11433087289333344,0.875,0.6778225898742676
YEL062W,YER087C-A,0,-7.760644,0.11430076509714127,0.875,0.678024172782898
YPR009W,YHR214C-C,0,-7.761119,0.11427067220211029,0.875,0.6782258152961731
YIR017C,YER137C-A,0,-7.761163,0.11424058675765991,0.875,0.6784273982048035
YIL159W,YBL020W,0,-7.761291,0.11421052366495132,0.875,0.6786290407180786
YDR339C,YMR117C,0,-7.7619257,0.11418047547340393,0.875,0.678830623626709
YBL071W-A,YOL004W,0,-7.7623143,0.11415044963359833,0.875,0.6790322661399841
YBR100W,YGR253C,0,-7.763539,0.11412043124437332,0.875,0.6792338490486145
YHR077C,YJR120W,0,-7.7636194,0.11409042775630951,0.875,0.6794354915618896
YKL060C,YKL088W,0,-7.763877,0.11406044661998749,0.875,0.67963707447052
YGL122C,YOR008C-A,0,-7.7638783,0.11403048038482666,0.875,0.6798387169837952
YPL131W,YFL002W-A,0,-7.763891,0.11400052905082703,0.875,0.6800402998924255
YOL009C,YCL062W,1,-7.7639947,0.11423319578170776,0.8770161271095276,0.6800402998924255
YGR224W,YDR303C,0,-7.764338,0.11420319974422455,0.8770161271095276,0.6802419424057007
YLR418C,YDR508C,0,-7.764915,0.11417322605848312,0.8770161271095276,0.680443525314331
YGR155W,YMR214W,0,-7.765216,0.1141432672739029,0.8770161271095276,0.6806451678276062
YFR029W,YLR467W,0,-7.7652383,0.11411332339048386,0.8770161271095276,0.6808467507362366
YHR062C,YPR158C-D,0,-7.765775,0.11408340185880661,0.8770161271095276,0.6810483932495117
YLR208W,YCR062W,0,-7.766424,0.11405348777770996,0.8770161271095276,0.6812499761581421
YDL088C,YLR467W,0,-7.7668095,0.1140235885977745,0.8770161271095276,0.6814516186714172
YPL202C,YGR249W,0,-7.7675767,0.11399371176958084,0.8770161271095276,0.6816532015800476
YFL002W-B,YJR027W,0,-7.767664,0.11396384239196777,0.8770161271095276,0.6818548440933228
YCL027W,YGL011C,0,-7.768122,0.1139339953660965,0.8770161271095276,0.6820564270019531
YGL029W,YCR008W,0,-7.7684193,0.11390416324138641,0.8770161271095276,0.6822580695152283
YMR184W,YGR161W-A,0,-7.7686305,0.11387434601783752,0.8770161271095276,0.6824596524238586
YCR012W,YIR012W,0,-7.769262,0.11384454369544983,0.8770161271095276,0.6826612949371338
YKL046C,YDR339C,0,-7.7693467,0.11381475627422333,0.8770161271095276,0.6828628778457642
YGL055W,YCL062W,1,-7.769427,0.11404655873775482,0.8790322542190552,0.6828628778457642
YAL029C,YLR386W,1,-7.7696047,0.11427824199199677,0.8810483813285828,0.6828628778457642
YLR394W,YPL101W,0,-7.7698255,0.1142483651638031,0.8810483813285828,0.6830645203590393
YOL011W,YDL130W,0,-7.7700562,0.11421850323677063,0.8810483813285828,0.6832661032676697
YGL207W,YPR137C-A,0,-7.770125,0.11418865621089935,0.8810483813285828,0.6834677457809448
YPR081C,YCR080W,0,-7.7701583,0.11415883153676987,0.8810483813285828,0.6836693286895752
YIL062C,YDR495C,1,-7.770564,0.11439017951488495,0.8830645084381104,0.6836693286895752
YFR041C,YGR042W,0,-7.770861,0.11436031013727188,0.8830645084381104,0.6838709712028503
YFL050C,YPL115C,0,-7.771259,0.1143304631114006,0.8830645084381104,0.6840725541114807
YGL017W,YDL142C,0,-7.7714024,0.11430062353610992,0.8830645084381104,0.6842741966247559
YJL072C,YOR343W-B,0,-7.7714424,0.11427080631256104,0.8830645084381104,0.6844757795333862
YIR002C,YDL213C,0,-7.771548,0.11424100399017334,0.8830645084381104,0.6846774220466614
YLR265C,YNR046W,0,-7.771808,0.11421120911836624,0.8830645084381104,0.6848790049552917
YIL046W,YNL082W,0,-7.77266,0.11418143659830093,0.8830645084381104,0.6850806474685669
YPL075W,YKR019C,0,-7.773112,0.11415167897939682,0.8830645084381104,0.6852822303771973
YMR004W,YCR080W,0,-7.773231,0.1141219362616539,0.8830645084381104,0.6854838728904724
YDR446W,YGL195W,0,-7.7733293,0.11409220844507217,0.8830645084381104,0.6856854557991028
YOR147W,YCL062W,1,-7.7733617,0.11432291567325592,0.8850806355476379,0.6856854557991028
YGR086C,YDR372C,0,-7.773513,0.11429315060377121,0.8850806355476379,0.6858870983123779
YIL125W,YMR322C,0,-7.7735786,0.11426340788602829,0.8850806355476379,0.6860886812210083
YNR035C,YCL062W,1,-7.7740984,0.11449388414621353,0.8870967626571655,0.6860886812210083
YFR028C,YIL122W,0,-7.774693,0.11446409672498703,0.8870967626571655,0.6862903237342834
YKL189W,YJL121C,0,-7.774796,0.11443433165550232,0.8870967626571655,0.6864919066429138
YPL049C,YPL147W,0,-7.7750883,0.1144045740365982,0.8870967626571655,0.686693549156189
YDL149W,YIL049W,0,-7.775572,0.11437483876943588,0.8870967626571655,0.6868951320648193
YGR179C,YPL036W,0,-7.7757707,0.11434511095285416,0.8870967626571655,0.6870967745780945
YBR293W,YLR224W,0,-7.7760396,0.11431540548801422,0.8870967626571655,0.6872983574867249
YDR364C,YJL048C,0,-7.776785,0.11428571492433548,0.8870967626571655,0.6875
YOL164W,YDR483W,0,-7.7768807,0.11425603926181793,0.8870967626571655,0.6877016425132751
YML005W,YPL206C,0,-7.777447,0.11422637850046158,0.8870967626571655,0.6879032254219055
YMR055C,YJL045W,0,-7.7779546,0.11419673264026642,0.8870967626571655,0.6881048679351807
YMR312W,YIL038C,0,-7.7780795,0.11416710168123245,0.8870967626571655,0.688306450843811
YBR160W,YIL114C,0,-7.778308,0.11413748562335968,0.8870967626571655,0.6885080933570862
YCR094W,YFL002W-A,0,-7.7787576,0.1141078844666481,0.8870967626571655,0.6887096762657166
YFR024C,YJR044C,0,-7.7793403,0.11407829821109772,0.8870967626571655,0.6889113187789917
YJL010C,YPR168W,0,-7.779426,0.11404872685670853,0.8870967626571655,0.6891129016876221
YNL257C,YDR306C,0,-7.7797513,0.11401917785406113,0.8870967626571655,0.6893145442008972
YCR063W,YMR087W,0,-7.779842,0.11398963630199432,0.8870967626571655,0.6895161271095276
YGL213C,YEL012W,0,-7.7807536,0.11396011710166931,0.8870967626571655,0.6897177696228027
YEL071W,YBL026W,0,-7.780828,0.1139306053519249,0.8870967626571655,0.6899193525314331
YIL159W,YML093W,0,-7.7809463,0.11390111595392227,0.8870967626571655,0.6901209950447083
YAR019C,YBR058C-A,0,-7.7816715,0.11387163400650024,0.8870967626571655,0.6903225779533386
YBR090C-A,YKL188C,0,-7.7820153,0.11384217441082001,0.8870967626571655,0.6905242204666138
YNR038W,YOL011W,0,-7.7830577,0.11381272971630096,0.8870967626571655,0.6907258033752441
YLR316C,YGR192C,0,-7.7836947,0.11378329247236252,0.8870967626571655,0.6909274458885193
YPL115C,YGL061C,0,-7.783815,0.11375387758016586,0.8870967626571655,0.6911290287971497
YDL200C,YCR102C,0,-7.7853026,0.1137244775891304,0.8870967626571655,0.6913306713104248
YBL019W,YLR052W,0,-7.785542,0.11369509249925613,0.8870967626571655,0.6915322542190552
YBL018C,YDL217C,0,-7.7858233,0.11366572231054306,0.8870967626571655,0.6917338967323303
YGR113W,YGR239C,0,-7.7869997,0.11363636702299118,0.8870967626571655,0.6919354796409607
YJL167W,YGR213C,0,-7.787217,0.1136070266366005,0.8870967626571655,0.6921371221542358
YGL169W,YDR261C-D,0,-7.7879596,0.113577701151371,0.8870967626571655,0.6923387050628662
YPL055C,YDR308C,0,-7.7881207,0.1135483905673027,0.8870967626571655,0.6925403475761414
YBR234C,YAL029C,1,-7.788317,0.11377708613872528,0.8891128897666931,0.6925403475761414
YKL101W,YGR109W-B,0,-7.7890143,0.1137477457523346,0.8891128897666931,0.6927419304847717
YJL020C,YBR020W,0,-7.789827,0.1137184128165245,0.8891128897666931,0.6929435729980469
YBL098W,YJR044C,0,-7.7900577,0.11368909478187561,0.8891128897666931,0.6931451559066772
YBR098W,YML024W,0,-7.7902884,0.11365979164838791,0.8891128897666931,0.6933467984199524
YOR245C,YGL073W,0,-7.790433,0.113630510866642,0.8891128897666931,0.6935483813285828
YDL024C,YLL017W,0,-7.790909,0.11360123753547668,0.8891128897666931,0.6937500238418579
YFL010W-A,YJL014W,0,-7.7917867,0.11357197910547256,0.8891128897666931,0.6939516067504883
YML121W,YIR018W,0,-7.791899,0.11354274302721024,0.8891128897666931,0.6941532492637634
YNL051W,YCR080W,0,-7.79211,0.1135135143995285,0.8891128897666931,0.6943548321723938
YMR208W,YMR246W,0,-7.792174,0.11348430067300797,0.8891128897666931,0.694556474685669
YDL031W,YJR066W,0,-7.7922006,0.11345510929822922,0.8891128897666931,0.6947580575942993
YKL085W,YNL293W,0,-7.7922044,0.11342592537403107,0.8891128897666931,0.6949597001075745
YBR020W,YNL012W,0,-7.7927766,0.11339676380157471,0.8891128897666931,0.6951612830162048
YGL246C,YKL019W,0,-7.7928233,0.11336760967969894,0.8891128897666931,0.69536292552948
YOR297C,YBL100W-A,0,-7.794267,0.11333847045898438,0.8891128897666931,0.6955645084381104
YAL003W,YAL034W-A,0,-7.794415,0.1133093535900116,0.8891128897666931,0.6957661509513855
YGR036C,YOL039W,0,-7.7944365,0.11328024417161942,0.8891128897666931,0.6959677338600159
YJR082C,YLR034C,0,-7.794639,0.11325115710496902,0.8891128897666931,0.696169376373291
YDR484W,YGR251W,0,-7.7948337,0.11322207748889923,0.8891128897666931,0.6963709592819214
YLR183C,YOR172W,0,-7.795219,0.11319302022457123,0.8891128897666931,0.6965726017951965
YER149C,YBR079C,0,-7.7952857,0.11316397041082382,0.8891128897666931,0.6967741847038269
YDR382W,YGR181W,0,-7.7963014,0.1131349429488182,0.8891128897666931,0.696975827217102
YHR124W,YKL041W,0,-7.796629,0.11310592293739319,0.8891128897666931,0.6971774101257324
YAL010C,YCL062W,1,-7.796648,0.1133333370089531,0.8911290168762207,0.6971774101257324
YJL050W,YJR026W,0,-7.797055,0.11330427974462509,0.8911290168762207,0.6973790526390076
YML102W,YGL183C,0,-7.7973833,0.11327524483203888,0.8911290168762207,0.6975806355476379
YLR106C,YOR269W,0,-7.7978377,0.11324621737003326,0.8911290168762207,0.6977822780609131
YLR096W,YDR296W,0,-7.798435,0.11321721225976944,0.8911290168762207,0.6979838609695435
YAL013W,YPR056W,0,-7.799009,0.11318822205066681,0.8911290168762207,0.6981855034828186
YNR038W,YML015C,0,-7.7991076,0.11315923929214478,0.8911290168762207,0.698387086391449
YHR175W,YPR186C,0,-7.799381,0.11313027888536453,0.8911290168762207,0.6985887289047241
YLR397C,YBL006C,0,-7.7995944,0.11310133337974548,0.8911290168762207,0.6987903118133545
YLR201C,YJL012C,0,-7.801046,0.11307239532470703,0.8911290168762207,0.6989919543266296
YDR512C,YHR098C,0,-7.801905,0.11304347962141037,0.8911290168762207,0.69919353723526
YKL204W,YLR080W,0,-7.802181,0.1130145713686943,0.8911290168762207,0.6993951797485352
YDR425W,YDR082W,0,-7.8025565,0.11298568546772003,0.8911290168762207,0.6995967626571655
YHR115C,YCL060C,0,-7.8031316,0.11295680701732635,0.8911290168762207,0.6997984051704407
YDL161W,YFR001W,0,-7.8032575,0.11292795091867447,0.8911290168762207,0.699999988079071
YAL025C,YKR095W-A,0,-7.803454,0.11289910972118378,0.8911290168762207,0.7002016305923462
YIR005W,YHR083W,0,-7.803493,0.11287027597427368,0.8911290168762207,0.7004032135009766
YNL268W,YPR139C,0,-7.8034987,0.11284145712852478,0.8911290168762207,0.7006048560142517
YGR118W,YHR172W,0,-7.804156,0.11281266063451767,0.8911290168762207,0.7008064389228821
YOR153W,YDL212W,0,-7.8045964,0.11278387159109116,0.8911290168762207,0.7010080814361572
YER159C,YNL332W,0,-7.8053746,0.11275510489940643,0.8911290168762207,0.7012096643447876
YDR524C,YJR029W,0,-7.805387,0.11272634565830231,0.8911290168762207,0.7014113068580627
YMR039C,YOR054C,0,-7.8057213,0.11269760131835938,0.8911290168762207,0.7016128897666931
YDR190C,YPR158C-D,0,-7.8062344,0.11266887933015823,0.8911290168762207,0.7018145322799683
YAL021C,YPR198W,0,-7.806353,0.11264016479253769,0.8911290168762207,0.7020161151885986
YDR302W,YDL007W,0,-7.806666,0.11261146515607834,0.8911290168762207,0.7022177577018738
YDL042C,YNL299W,0,-7.8085947,0.11258278042078018,0.8911290168762207,0.7024193406105042
YNL210W,YDL244W,0,-7.808808,0.11255411058664322,0.8911290168762207,0.7026209831237793
YLR390W-A,YHR123W,0,-7.8089323,0.11252545565366745,0.8911290168762207,0.7028225660324097
YER119C,YBL030C,0,-7.8092084,0.11249681562185287,0.8911290168762207,0.7030242085456848
YLR106C,YLL002W,0,-7.8093133,0.1124681904911995,0.8911290168762207,0.7032257914543152
YMR133W,YFR037C,0,-7.809437,0.1124395802617073,0.8911290168762207,0.7034274339675903
YPR010C,YOR356W,0,-7.8099737,0.11241098493337631,0.8911290168762207,0.7036290168762207
YEL003W,YJR028W,0,-7.8101726,0.11238240450620651,0.8911290168762207,0.7038306593894958
YFR029W,YDR065W,0,-7.8109164,0.1123538389801979,0.8911290168762207,0.7040322422981262
YLR103C,YOL045W,0,-7.8110237,0.1123252883553505,0.8911290168762207,0.7042338848114014
YGR036C,YGL253W,0,-7.811071,0.11229674518108368,0.8911290168762207,0.7044354677200317
YPR185W,YCL020W,0,-7.8115134,0.11226822435855865,0.8911290168762207,0.7046371102333069
YDR331W,YDR481C,0,-7.81201,0.11223971843719482,0.8911290168762207,0.7048386931419373
YHL002W,YGL045W,0,-7.812301,0.11221121996641159,0.8911290168762207,0.7050403356552124
YPR137W,YIR022W,0,-7.812335,0.11218274384737015,0.8911290168762207,0.7052419185638428
YMR204C,YAL029C,1,-7.812707,0.11240801960229874,0.8931451439857483,0.7052419185638428
YLR139C,YHR090C,0,-7.8128247,0.11237950623035431,0.8931451439857483,0.7054435610771179
YJL204C,YBL004W,0,-7.813226,0.11235100030899048,0.8931451439857483,0.7056451439857483
YML023C,YBL100W-A,0,-7.813797,0.11232251673936844,0.8931451439857483,0.7058467864990234
YNL166C,YPR140W,0,-7.814526,0.112294040620327,0.8931451439857483,0.7060483694076538
YJR055W,YOR075W,0,-7.8148794,0.11226558685302734,0.8931451439857483,0.706250011920929
YDL030W,YLR354C,0,-7.815127,0.11223714053630829,0.8931451439857483,0.7064515948295593
YNL145W,YBR231C,0,-7.816032,0.11220871657133102,0.8931451439857483,0.7066532373428345
YNL173C,YHR079C-B,0,-7.816164,0.11218030005693436,0.8931451439857483,0.7068548202514648
YPR181C,YBL039C,0,-7.816832,0.11215189844369888,0.8931451439857483,0.70705646276474
YDR016C,YGR056W,0,-7.817454,0.1121235117316246,0.8931451439857483,0.7072580456733704
YMR001C,YDR131C,0,-7.817575,0.11209513992071152,0.8931451439857483,0.7074596881866455
YDR158W,YGR111W,0,-7.8179717,0.11206678301095963,0.8931451439857483,0.7076612710952759
YGL166W,YGL163C,0,-7.8182826,0.11203844100236893,0.8931451439857483,0.707862913608551
YNL102W,YDR075W,0,-7.8186393,0.11201011389493942,0.8931451439857483,0.7080644965171814
YIL121W,YDR175C,0,-7.8197665,0.11198180168867111,0.8931451439857483,0.7082661390304565
YIL048W,YKL099C,0,-7.8203015,0.1119534969329834,0.8931451439857483,0.7084677219390869
YOL026C,YDR081C,0,-7.820341,0.11192521452903748,0.8931451439857483,0.7086693644523621
YLL018C-A,YHR079C-B,0,-7.8206344,0.11189694702625275,0.8931451439857483,0.7088709473609924
YEL063C,YBL039C,0,-7.820887,0.11186868697404861,0.8931451439857483,0.7090725898742676
YBR089C-A,YKR097W,0,-7.822511,0.11184044182300568,0.8931451439857483,0.709274172782898
YHR042W,YDL020C,0,-7.822532,0.11181221902370453,0.8931451439857483,0.7094758152961731
YIL026C,YER002W,0,-7.822841,0.11178400367498398,0.8931451439857483,0.7096773982048035
YDR120C,YAR010C,0,-7.8236938,0.11175580322742462,0.8931451439857483,0.7098790407180786
YNL001W,YML040W,0,-7.8236976,0.11172761768102646,0.8931451439857483,0.710080623626709
YDR301W,YPL015C,0,-7.8237853,0.11169944703578949,0.8931451439857483,0.7102822661399841
YFL009W,YNL009W,0,-7.8240924,0.11167129129171371,0.8931451439857483,0.7104838490486145
YDL195W,YCL075W,0,-7.8244004,0.11164314299821854,0.8931451439857483,0.7106854915618896
YNL207W,YHR020W,0,-7.824826,0.11161501705646515,0.8931451439857483,0.71088707447052
YGR010W,YCL003W,0,-7.82492,0.11158689856529236,0.8931451439857483,0.7110887169837952
YDR072C,YKL068W,0,-7.8250885,0.11155880242586136,0.8931451439857483,0.7112902998924255
YPL095C,YFL002W-A,0,-7.825446,0.11153071373701096,0.8931451439857483,0.7114919424057007
YJR031C,YPR078C,0,-7.825557,0.11150263994932175,0.8931451439857483,0.711693525314331
YCL063W,YNL054W,1,-7.8256526,0.11172621697187424,0.8951612710952759,0.711693525314331
YJL207C,YFL003C,0,-7.8261757,0.11169811338186264,0.8951612710952759,0.7118951678276062
YHR092C,YNR011C,0,-7.827725,0.11167001724243164,0.8951612710952759,0.7120967507362366
YBR274W,YBR040W,0,-7.8278155,0.11164194345474243,0.8951612710952759,0.7122983932495117
YNL327W,YKL201C,0,-7.8292155,0.11161387711763382,0.8951612710952759,0.7124999761581421
YER006W,YBR082C,0,-7.8295946,0.1115858256816864,0.8951612710952759,0.7127016186714172
YMR012W,YDR545W,0,-7.8327336,0.11155778914690018,0.8951612710952759,0.7129032015800476
YDR069C,YNL279W,0,-7.832989,0.11152976751327515,0.8951612710952759,0.7131048440933228
YGL071W,YOR259C,0,-7.8330283,0.11150176078081131,0.8951612710952759,0.7133064270019531
YKL178C,YOR256C,0,-7.8332353,0.11147376149892807,0.8951612710952759,0.7135080695152283
YCR034W,YGL210W,0,-7.833307,0.11144578456878662,0.8951612710952759,0.7137096524238586
YNR067C,YBR199W,0,-7.833691,0.11141781508922577,0.8951612710952759,0.7139112949371338
YEL042W,YOR187W,0,-7.8336954,0.11138986796140671,0.8951612710952759,0.7141128778457642
YJL052W,YMR067C,0,-7.833892,0.11136192828416824,0.8951612710952759,0.7143145203590393
YJR097W,YMR224C,0,-7.834934,0.11133400350809097,0.8951612710952759,0.7145161032676697
YOR159C,YPR078C,0,-7.8350196,0.1113060936331749,0.8951612710952759,0.7147177457809448
YNR002C,YCR075C,0,-7.8351073,0.11127819865942001,0.8951612710952759,0.7149193286895752
YNR027W,YIL017W,0,-7.8352823,0.11125031113624573,0.8951612710952759,0.7151209712028503
YOL061W,YDL081C,0,-7.8358283,0.11122244596481323,0.8951612710952759,0.7153225541114807
YDL017W,YDL170W,0,-7.8358817,0.11119458824396133,0.8951612710952759,0.7155241966247559
YBR090C-A,YBR240C,0,-7.836744,0.11116675287485123,0.8951612710952759,0.7157257795333862
YOL101C,YNL053W,0,-7.837066,0.11113892495632172,0.8951612710952759,0.7159274220466614
YDR093W,YMR312W,0,-7.8371806,0.1111111119389534,0.8951612710952759,0.7161290049552917
YOL104C,YDR419W,0,-7.83728,0.11108331382274628,0.8951612710952759,0.7163306474685669
YKL060C,YBR040W,0,-7.837433,0.11105553060770035,0.8951612710952759,0.7165322303771973
YAL029C,YGR209C,1,-7.8378177,0.11127781867980957,0.8971773982048035,0.7165322303771973
YDL198C,YLR447C,0,-7.837855,0.11124999821186066,0.8971773982048035,0.7167338728904724
YAL030W,YPL063W,0,-7.8381853,0.11122219264507294,0.8971773982048035,0.7169354557991028
YGR213C,YBR265W,0,-7.83851,0.11119440197944641,0.8971773982048035,0.7171370983123779
YMR035W,YBL005W-B,0,-7.8385677,0.11116662621498108,0.8971773982048035,0.7173386812210083
YCR075C,YAL068C,0,-7.8389373,0.11113885790109634,0.8971773982048035,0.7175403237342834
YNL030W,YBL014C,0,-7.8390594,0.1111111119389534,0.8971773982048035,0.7177419066429138
YNL251C,YCL020W,0,-7.8392763,0.11108337342739105,0.8971773982048035,0.717943549156189
YDL083C,YML033W,0,-7.839454,0.1110556498169899,0.8971773982048035,0.7181451320648193
YGR048W,YCL019W,0,-7.839758,0.11102794110774994,0.8971773982048035,0.7183467745780945
YNL331C,YOL065C,0,-7.8400517,0.11100024729967117,0.8971773982048035,0.7185483574867249
YKR038C,YBR090C-A,0,-7.8401175,0.1109725683927536,0.8971773982048035,0.71875
YKL029C,YJR028W,0,-7.841,0.11094490438699722,0.8971773982048035,0.7189516425132751
YOR317W,YPL210C,0,-7.841594,0.11091724783182144,0.8971773982048035,0.7191532254219055
YNL232W,YJR143C,0,-7.8416533,0.11088960617780685,0.8971773982048035,0.7193548679351807
YBR267W,YLR292C,0,-7.841781,0.11086197942495346,0.8971773982048035,0.719556450843811
YBL035C,YML007W,0,-7.841982,0.11083436757326126,0.8971773982048035,0.7197580933570862
YDL160C,YOR027W,0,-7.8431077,0.11080677062273026,0.8971773982048035,0.7199596762657166
YLR377C,YGR089W,0,-7.843744,0.11077918857336044,0.8971773982048035,0.7201613187789917
YAL025C,YMR270C,0,-7.8441415,0.11075162142515182,0.8971773982048035,0.7203629016876221
YGL071W,YBR010W,0,-7.8442917,0.1107240617275238,0.8971773982048035,0.7205645442008972
YPL096W,YER005W,0,-7.844292,0.11069651693105698,0.8971773982048035,0.7207661271095276
YFL023W,YAL042W,0,-7.8443604,0.11066898703575134,0.8971773982048035,0.7209677696228027
YNR056C,YNL330C,0,-7.8450184,0.1106414720416069,0.8971773982048035,0.7211693525314331
YHL019C,YLR411W,0,-7.846048,0.11061397194862366,0.8971773982048035,0.7213709950447083
YCR014C,YEL057C,0,-7.846112,0.11058647930622101,0.8971773982048035,0.7215725779533386
YMR065W,YBR284W,0,-7.846327,0.11055900901556015,0.8971773982048035,0.7217742204666138
YBR202W,YLL035W,0,-7.846398,0.11053154617547989,0.8971773982048035,0.7219758033752441
YLR110C,YDL159W,0,-7.846554,0.11050409823656082,0.8971773982048035,0.7221774458885193
YCL038C,YPR088C,0,-7.8468895,0.11047666519880295,0.8971773982048035,0.7223790287971497
YJL034W,YCL003W,0,-7.8470707,0.11044923961162567,0.8971773982048035,0.7225806713104248
YGR088W,YJR135W-A,0,-7.8475313,0.11042183637619019,0.8971773982048035,0.7227822542190552
YGL192W,YBL026W,0,-7.8481517,0.1103944405913353,0.8971773982048035,0.7229838967323303
YKL084W,YOR182C,0,-7.8482733,0.1103670671582222,0.8971773982048035,0.7231854796409607
YLR397C,YLR103C,0,-7.849061,0.1103397011756897,0.8971773982048035,0.7233871221542358
YDL159W,YLR224W,0,-7.849134,0.11031234264373779,0.8971773982048035,0.7235887050628662
YGL195W,YDR018C,0,-7.850205,0.11028500646352768,0.8971773982048035,0.7237903475761414
YEL009C,YCR102C,0,-7.8503222,0.11025767773389816,0.8971773982048035,0.7239919304847717
YBL011W,YOL129W,0,-7.8505,0.11023037135601044,0.8971773982048035,0.7241935729980469
YNL223W,YHL036W,0,-7.8509746,0.11020307242870331,0.8971773982048035,0.7243951559066772
YOR316C,YLR035C-A,0,-7.8512974,0.11017578840255737,0.8971773982048035,0.7245967984199524
YJR108W,YPL063W,0,-7.8514123,0.11014851182699203,0.8971773982048035,0.7247983813285828
YCR094W,YER029C,0,-7.852677,0.11012125760316849,0.8971773982048035,0.7250000238418579
YHR061C,YOR210W,0,-7.852679,0.11009401082992554,0.8971773982048035,0.7252016067504883
YLR376C,YGL171W,0,-7.8528695,0.11006677895784378,0.8971773982048035,0.7254032492637634
YLL026W,YDL194W,0,-7.852896,0.11003956198692322,0.8971773982048035,0.7256048321723938
YER088C,YGL244W,0,-7.853809,0.11001235991716385,0.8971773982048035,0.725806474685669
YDR501W,YJL012C,0,-7.854202,0.10998517274856567,0.8971773982048035,0.7260080575942993
YGL155W,YIL082W-A,0,-7.854325,0.1099579930305481,0.8971773982048035,0.7262097001075745
YNR074C,YPR086W,0,-7.854572,0.10993082821369171,0.8971773982048035,0.7264112830162048
YGL192W,YNL247W,0,-7.8550487,0.10990367829799652,0.8971773982048035,0.72661292552948
YGL055W,YNL304W,1,-7.8553367,0.11012345552444458,0.899193525314331,0.72661292552948
YDR363W,YGR152C,0,-7.856253,0.110096275806427,0.899193525314331,0.7268145084381104
YAL015C,YJL054W,0,-7.8563676,0.11006910353899002,0.899193525314331,0.7270161509513855
YPR025C,YML131W,0,-7.8566017,0.11004194617271423,0.899193525314331,0.7272177338600159
YCL010C,YGL162W,0,-7.8568597,0.11001480370759964,0.899193525314331,0.727419376373291
YLL036C,YOR004W,0,-7.8569617,0.10998766869306564,0.899193525314331,0.7276209592819214
YLR110C,YMR156C,0,-7.857191,0.10996054857969284,0.899193525314331,0.7278226017951965
YML094W,YPR102C,0,-7.8574324,0.10993345081806183,0.899193525314331,0.7280241847038269
YOR064C,YOR172W,0,-7.8575635,0.10990636050701141,0.899193525314331,0.728225827217102
YEL062W,YAR010C,0,-7.85759,0.1098792776465416,0.899193525314331,0.7284274101257324
YJR045C,YDR460W,0,-7.8590207,0.10985221713781357,0.899193525314331,0.7286290526390076
YPR107C,YLL017W,0,-7.860977,0.10982516407966614,0.899193525314331,0.7288306355476379
YKL138C-A,YNL207W,0,-7.861281,0.1097981259226799,0.899193525314331,0.7290322780609131
YJL052W,YEL057C,0,-7.86155,0.10977110266685486,0.899193525314331,0.7292338609695435
YLR205C,YML098W,0,-7.861797,0.10974409431219101,0.899193525314331,0.7294355034828186
YER119C,YPL163C,0,-7.8624334,0.10971710085868835,0.899193525314331,0.729637086391449
YBL033C,YBR012W-B,0,-7.8629413,0.1096901148557663,0.899193525314331,0.7298387289047241
YOR001W,YNL311C,0,-7.863548,0.10966314375400543,0.899193525314331,0.7300403118133545
YDL134C,YLR136C,0,-7.8639755,0.10963618755340576,0.899193525314331,0.7302419543266296
YDL213C,YJL121C,0,-7.86398,0.10960923880338669,0.899193525314331,0.73044353723526
YLR384C,YLR154C,0,-7.8643875,0.1095823124051094,0.899193525314331,0.7306451797485352
YLR310C,YNL256W,0,-7.864685,0.10955539345741272,0.899193525314331,0.7308467626571655
YOL086C,YIL082W-A,0,-7.8649135,0.10952848941087723,0.899193525314331,0.7310484051704407
YNR074C,YOL113W,0,-7.865275,0.10950159281492233,0.899193525314331,0.731249988079071
YGL181W,YIL073C,0,-7.866312,0.10947471857070923,0.899193525314331,0.7314516305923462
YHR094C,YKR095W,0,-7.8663306,0.10944785177707672,0.899193525314331,0.7316532135009766
YLR080W,YML115C,0,-7.8674803,0.10942099988460541,0.899193525314331,0.7318548560142517
YLR081W,YML028W,0,-7.8690186,0.10939416289329529,0.899193525314331,0.7320564389228821
YGL037C,YMR046C,0,-7.869594,0.10936733335256577,0.899193525314331,0.7322580814361572
YLR005W,YPR163C,0,-7.8703327,0.10934052616357803,0.899193525314331,0.7324596643447876
YOR081C,YJL048C,0,-7.8704686,0.1093137264251709,0.899193525314331,0.7326613068580627
YBR090C-A,YDR080W,0,-7.8708253,0.10928694158792496,0.899193525314331,0.7328628897666931
YNL079C,YCL062W,1,-7.8723526,0.10950514674186707,0.9012096524238586,0.7328628897666931
YJR125C,YJL087C,0,-7.87425,0.10947832465171814,0.9012096524238586,0.7330645322799683
YJL072C,YMR087W,0,-7.874592,0.10945151746273041,0.9012096524238586,0.7332661151885986
YOR149C,YKR060W,0,-7.875131,0.10942472517490387,0.9012096524238586,0.7334677577018738
YJR065C,YCL062W,1,-7.875284,0.10964268445968628,0.9032257795333862,0.7334677577018738
YBR114W,YNL294C,0,-7.8753247,0.10961585491895676,0.9032257795333862,0.7336693406105042
YGR209C,YCL062W,1,-7.8754745,0.10983365774154663,0.9052419066429138,0.7336693406105042
YDR302W,YGR122W,0,-7.875807,0.10980679839849472,0.9052419066429138,0.7338709831237793
YJR065C,YMR204C,1,-7.8771524,0.11002445220947266,0.9072580933570862,0.7338709831237793
YPL021W,YDR138W,0,-7.877277,0.10999755561351776,0.9072580933570862,0.7340725660324097
YPL195W,YDL060W,0,-7.877649,0.10997067391872406,0.9072580933570862,0.7342742085456848
YPL212C,YBR123C,0,-7.87833,0.10994380712509155,0.9072580933570862,0.7344757914543152
YPL120W,YIL080W,0,-7.8796396,0.10991695523262024,0.9072580933570862,0.7346774339675903
YPL212C,YOR368W,0,-7.879686,0.10989011079072952,0.9072580933570862,0.7348790168762207
YML051W,YML131W,0,-7.8804183,0.10986328125,0.9072580933570862,0.7350806593894958
YML113W,YLR116W,0,-7.880545,0.10983646661043167,0.9072580933570862,0.7352822422981262
YLR226W,YKR042W,0,-7.880819,0.10980966687202454,0.9072580933570862,0.7354838848114014
YER009W,YOR145C,0,-7.881373,0.109782874584198,0.9072580933570862,0.7356854677200317
YNL253W,YDR170W-A,0,-7.88145,0.10975609719753265,0.9072580933570862,0.7358871102333069
YBR085W,YIL080W,0,-7.8814583,0.1097293347120285,0.9072580933570862,0.7360886931419373
YNR003C,YBR240C,0,-7.881881,0.10970258712768555,0.9072580933570862,0.7362903356552124
YIL122W,YMR134W,0,-7.88234,0.10967584699392319,0.9072580933570862,0.7364919185638428
YHR092C,YFR024C,0,-7.8827686,0.10964912176132202,0.9072580933570862,0.7366935610771179
YDR023W,YJL156C,0,-7.8828473,0.10962241142988205,0.9072580933570862,0.7368951439857483
YGL227W,YKL080W,0,-7.8834925,0.10959571599960327,0.9072580933570862,0.7370967864990234
YHR194W,YCL063W,1,-7.883826,0.10981251299381256,0.9092742204666138,0.7370967864990234
YBR198C,YLR455W,0,-7.8840575,0.1097857803106308,0.9092742204666138,0.7372983694076538
YDR358W,YLR455W,0,-7.884618,0.10975906252861023,0.9092742204666138,0.737500011920929
YGL151W,YNL299W,0,-7.884891,0.10973235964775085,0.9092742204666138,0.7377015948295593
YOR381W,YDL235C,0,-7.8851,0.10970566421747208,0.9092742204666138,0.7379032373428345
YMR143W,YJR028W,0,-7.8862944,0.10967899113893509,0.9092742204666138,0.7381048202514648
YHR165C,YOL080C,0,-7.8863,0.1096523255109787,0.9092742204666138,0.73830646276474
YOR211C,YMR046C,0,-7.8863263,0.1096256673336029,0.9092742204666138,0.7385080456733704
YGL158W,YDL194W,0,-7.8863525,0.1095990315079689,0.9092742204666138,0.7387096881866455
YGR161C,YGL095C,0,-7.8864183,0.1095724031329155,0.9092742204666138,0.7389112710952759
YBL013W,YKL057C,0,-7.886746,0.10954578220844269,0.9092742204666138,0.739112913608551
YLL024C,YPL016W,0,-7.886831,0.10951918363571167,0.9092742204666138,0.7393144965171814
YER164W,YBR228W,0,-7.8869457,0.10949259251356125,0.9092742204666138,0.7395161390304565
YNR044W,YLR078C,0,-7.887386,0.10946601629257202,0.9092742204666138,0.7397177219390869
YCR020W-B,YHR135C,0,-7.8875756,0.10943945497274399,0.9092742204666138,0.7399193644523621
YCR093W,YDR312W,0,-7.8877225,0.10941290855407715,0.9092742204666138,0.7401209473609924
YDR004W,YDR146C,0,-7.8877664,0.1093863695859909,0.9092742204666138,0.7403225898742676
YLR127C,YPR057W,0,-7.8878274,0.10935984551906586,0.9092742204666138,0.740524172782898
YKL189W,YLL017W,0,-7.8879128,0.109333336353302,0.9092742204666138,0.7407258152961731
YKR024C,YMR270C,0,-7.8892736,0.10930683463811874,0.9092742204666138,0.7409273982048035
YPR200C,YLL038C,0,-7.890552,0.10928034782409668,0.9092742204666138,0.7411290407180786
YGL133W,YER018C,0,-7.8907757,0.10925387591123581,0.9092742204666138,0.741330623626709
YBL064C,YBL005W-B,0,-7.8911824,0.10922741889953613,0.9092742204666138,0.7415322661399841
YBL052C,YFL026W,0,-7.8916593,0.10920096933841705,0.9092742204666138,0.7417338490486145
YMR072W,YCL062W,1,-7.8924394,0.10941660404205322,0.9112903475761414,0.7417338490486145
YMR042W,YCR014C,0,-7.8926945,0.10939012467861176,0.9112903475761414,0.7419354915618896
YGR156W,YHR031C,0,-7.89368,0.10936366021633148,0.9112903475761414,0.74213707447052
YDL004W,YGL033W,0,-7.894094,0.1093372032046318,0.9112903475761414,0.7423387169837952
YOL164W,YKL213C,0,-7.8951683,0.10931076109409332,0.9112903475761414,0.7425402998924255
YGR030C,YBL100W-A,0,-7.895469,0.10928433388471603,0.9112903475761414,0.7427419424057007
YCL062W,YLR240W,1,-7.895923,0.10949964076280594,0.913306474685669,0.7427419424057007
YLR196W,YLR026C,0,-7.895967,0.10947317630052567,0.913306474685669,0.742943525314331
YDL138W,YLL034C,0,-7.8988905,0.10944672673940659,0.913306474685669,0.7431451678276062
YOL077C,YNL049C,0,-7.899188,0.1094202920794487,0.913306474685669,0.7433467507362366
YDR116C,YMR104C,0,-7.899229,0.10939386487007141,0.913306474685669,0.7435483932495117
YDR293C,YPL253C,0,-7.90049,0.10936745256185532,0.913306474685669,0.7437499761581421
YEL063C,YGR199W,0,-7.9005494,0.10934105515480042,0.913306474685669,0.7439516186714172
YDL113C,YLR103C,0,-7.9005847,0.10931467264890671,0.913306474685669,0.7441532015800476
YNL297C,YDR447C,0,-7.9009957,0.1092882975935936,0.913306474685669,0.7443548440933228
YCR094W,YMR319C,0,-7.901445,0.10926193743944168,0.913306474685669,0.7445564270019531
YPR131C,YCL062W,1,-7.9017167,0.1094767302274704,0.9153226017951965,0.7445564270019531
YNL101W,YKR022C,0,-7.901789,0.1094503402709961,0.9153226017951965,0.7447580695152283
YCR094W,YAL003W,0,-7.901997,0.10942395776510239,0.9153226017951965,0.7449596524238586
YER054C,YPL031C,0,-7.9020967,0.10939759016036987,0.9153226017951965,0.7451612949371338
YMR073C,YEL016C,0,-7.902443,0.10937123745679855,0.9153226017951965,0.7453628778457642
YOR054C,YDR131C,0,-7.902497,0.10934489220380783,0.9153226017951965,0.7455645203590393
YPL196W,YGR075C,0,-7.9030576,0.1093185618519783,0.9153226017951965,0.7457661032676697
YOL164W,YMR192W,0,-7.9037027,0.10929224640130997,0.9153226017951965,0.7459677457809448
YJL020C,YER052C,0,-7.9046226,0.10926594585180283,0.9153226017951965,0.7461693286895752
YLR295C,YER106W,0,-7.9053473,0.10923965275287628,0.9153226017951965,0.7463709712028503
YJR108W,YDR501W,0,-7.906154,0.10921337455511093,0.9153226017951965,0.7465725541114807
YJR094C,YCL044C,0,-7.90869,0.10918711125850677,0.9153226017951965,0.7467741966247559
YIL131C,YDR045C,0,-7.9089117,0.10916085541248322,0.9153226017951965,0.7469757795333862
YBR008C,YJL033W,0,-7.9093146,0.10913461446762085,0.9153226017951965,0.7471774220466614
YDL209C,YLR088W,0,-7.909363,0.10910838842391968,0.9153226017951965,0.7473790049552917
YPL187W,YLL024C,0,-7.90939,0.1090821698307991,0.9153226017951965,0.7475806474685669
YMR184W,YHR066W,0,-7.909572,0.10905596613883972,0.9153226017951965,0.7477822303771973
YGL205W,YML055W,0,-7.909694,0.10902977734804153,0.9153226017951965,0.7479838728904724
YNL113W,YMR101C,0,-7.909954,0.10900360345840454,0.9153226017951965,0.7481854557991028
YBR089C-A,YOR140W,0,-7.910027,0.10897743701934814,0.9153226017951965,0.7483870983123779
YPR034W,YDL149W,0,-7.910135,0.10895128548145294,0.9153226017951965,0.7485886812210083
YPL218W,YGL039W,0,-7.9102426,0.10892514139413834,0.9153226017951965,0.7487903237342834
YKR026C,YJR094C,0,-7.910298,0.10889901965856552,0.9153226017951965,0.7489919066429138
YJL201W,YLR266C,0,-7.9104505,0.1088729053735733,0.9153226017951965,0.749193549156189
YIL062C,YAL029C,1,-7.911047,0.1090865507721901,0.9173387289047241,0.749193549156189
YER045C,YEL063C,0,-7.911283,0.10906039923429489,0.9173387289047241,0.7493951320648193
YER053C,YLR176C,0,-7.9119663,0.10903427004814148,0.9173387289047241,0.7495967745780945
YDR101C,YKL057C,0,-7.9131722,0.10900814831256866,0.9173387289047241,0.7497983574867249
YER147C,YPR086W,0,-7.913967,0.10898203402757645,0.9173387289047241,0.75
YAL010C,YCL063W,1,-7.9142485,0.10919540375471115,0.9193548560142517,0.75
YBR217W,YMR272C,0,-7.9154215,0.10916925966739655,0.9193548560142517,0.7502016425132751
YLL009C,YMR167W,0,-7.915426,0.10914313048124313,0.9193548560142517,0.7504032254219055
YER025W,YGL099W,0,-7.915605,0.10911701619625092,0.9193548560142517,0.7506048679351807
YIL035C,YDR202C,0,-7.9173512,0.1090909093618393,0.9193548560142517,0.750806450843811
YAL058W,YIL053W,0,-7.917707,0.10906481742858887,0.9193548560142517,0.7510080933570862
YIL034C,YPL021W,0,-7.9187927,0.10903874039649963,0.9193548560142517,0.7512096762657166
YMR092C,YCR055C,0,-7.9190044,0.109012670814991,0.9193548560142517,0.7514113187789917
YMR246W,YOL138C,0,-7.919619,0.10898661613464355,0.9193548560142517,0.7516129016876221
YMR058W,YNL169C,0,-7.9198766,0.1089605763554573,0.9193548560142517,0.7518145442008972
YFR001W,YMR046C,0,-7.921176,0.10893454402685165,0.9193548560142517,0.7520161271095276
YOR079C,YOR171C,0,-7.9218802,0.1089085265994072,0.9193548560142517,0.7522177696228027
YOR355W,YOL012C,0,-7.921996,0.10888252407312393,0.9193548560142517,0.7524193525314331
YDL200C,YIL126W,0,-7.922094,0.10885652899742126,0.9193548560142517,0.7526209950447083
YBR048W,YLR337W,0,-7.9221554,0.10883054882287979,0.9193548560142517,0.7528225779533386
YLR175W,YEL032W,0,-7.923275,0.10880458354949951,0.9193548560142517,0.7530242204666138
YNL186W,YDR398W,0,-7.9247227,0.10877862572669983,0.9193548560142517,0.7532258033752441
YBR257W,YPR198W,0,-7.924986,0.10875268280506134,0.9193548560142517,0.7534274458885193
YOL051W,YDL223C,0,-7.925321,0.10872675478458405,0.9193548560142517,0.7536290287971497
YBL056W,YBL100W-B,0,-7.9256234,0.10870083421468735,0.9193548560142517,0.7538306713104248
YDR076W,YPL175W,0,-7.9261436,0.10867492854595184,0.9193548560142517,0.7540322542190552
YBL074C,YPL194W,0,-7.9266753,0.10864903777837753,0.9193548560142517,0.7542338967323303
YJR065C,YCL063W,1,-7.927255,0.10886136442422867,0.9213709831237793,0.7542338967323303
YAL017W,YJL054W,0,-7.9276376,0.10883543640375137,0.9213709831237793,0.7544354796409607
YDL181W,YIL122W,0,-7.927678,0.10880952328443527,0.9213709831237793,0.7546371221542358
YMR309C,YHR167W,0,-7.9282556,0.10878362506628036,0.9213709831237793,0.7548387050628662
YPR049C,YER107C,0,-7.928721,0.10875773429870605,0.9213709831237793,0.7550403475761414
YPR176C,YHR120W,0,-7.929587,0.10873185843229294,0.9213709831237793,0.7552419304847717
YGL018C,YDR398W,0,-7.9296746,0.10870599746704102,0.9213709831237793,0.7554435729980469
YOR335C,YDL213C,0,-7.9308395,0.10868014395236969,0.9213709831237793,0.7556451559066772
YLR155C,YCR086W,0,-7.931034,0.10865430533885956,0.9213709831237793,0.7558467984199524
YNR058W,YPR181C,0,-7.9324117,0.10862847417593002,0.9213709831237793,0.7560483813285828
YLR330W,YML046W,0,-7.9333725,0.10860265791416168,0.9213709831237793,0.7562500238418579
YGL013C,YMR045C,0,-7.933699,0.10857685655355453,0.9213709831237793,0.7564516067504883
YNR058W,YKL095W,0,-7.933959,0.10855107009410858,0.9213709831237793,0.7566532492637634
YGR041W,YJL196C,0,-7.9353633,0.10852529108524323,0.9213709831237793,0.7568548321723938
YER148W,YBR293W,0,-7.9354444,0.10849952697753906,0.9213709831237793,0.757056474685669
YNR001C,YJR055W,0,-7.9358006,0.1084737703204155,0.9213709831237793,0.7572580575942993
YCL003W,YHR016C,0,-7.9358068,0.10844802856445312,0.9213709831237793,0.7574597001075745
YBR055C,YJR145C,0,-7.9367104,0.10842230170965195,0.9213709831237793,0.7576612830162048
YML127W,YBL039C,0,-7.936873,0.10839658230543137,0.9213709831237793,0.75786292552948
YEL065W,YCL020W,0,-7.9376035,0.10837087780237198,0.9213709831237793,0.7580645084381104
YAL029C,YLR240W,1,-7.938255,0.1085822656750679,0.9233871102333069,0.7580645084381104
YPL209C,YMR016C,0,-7.9387045,0.10855653136968613,0.9233871102333069,0.7582661509513855
YEL015W,YLR435W,0,-7.9392905,0.10853080451488495,0.9233871102333069,0.7584677338600159
YBL082C,YGL018C,0,-7.9397798,0.10850509256124496,0.9233871102333069,0.758669376373291
YEL024W,YKR089C,0,-7.939835,0.10847939550876617,0.9233871102333069,0.7588709592819214
YLR328W,YHR111W,0,-7.940243,0.10845370590686798,0.9233871102333069,0.7590726017951965
YPL078C,YGR104C,0,-7.9408536,0.10842803120613098,0.9233871102333069,0.7592741847038269
YGL033W,YGL099W,0,-7.9410934,0.10840236395597458,0.9233871102333069,0.759475827217102
YGL025C,YPL144W,0,-7.9413075,0.10837671905755997,0.9233871102333069,0.7596774101257324
YPR200C,YML074C,0,-7.941477,0.10835107415914536,0.9233871102333069,0.7598790526390076
YMR055C,YBR133C,0,-7.9431806,0.10832545161247253,0.9233871102333069,0.7600806355476379
YJL024C,YCR102C,0,-7.9433074,0.10829983651638031,0.9233871102333069,0.7602822780609131
YPL164C,YIL080W,0,-7.943769,0.10827422887086868,0.9233871102333069,0.7604838609695435
YBR133C,YGR211W,0,-7.944379,0.10824864357709885,0.9233871102333069,0.7606855034828186
YNL041C,YLR172C,0,-7.944824,0.1082230657339096,0.9233871102333069,0.760887086391449
YDR205W,YAR044W,0,-7.945103,0.10819749534130096,0.9233871102333069,0.7610887289047241
YOR103C,YER049W,0,-7.9458585,0.10817193984985352,0.9233871102333069,0.7612903118133545
YJL121C,YOL122C,0,-7.946491,0.10814639925956726,0.9233871102333069,0.7614919543266296
YJL005W,YHR039C-A,0,-7.9474134,0.1081208661198616,0.9233871102333069,0.76169353723526
YML042W,YOL038W,0,-7.9474797,0.10809534788131714,0.9233871102333069,0.7618951797485352
YDR120C,YDR398W,0,-7.9477053,0.10806984454393387,0.9233871102333069,0.7620967626571655
YPR037C,YKL056C,0,-7.9479613,0.1080443486571312,0.9233871102333069,0.7622984051704407
YLR201C,YOR120W,0,-7.9485345,0.10801886767148972,0.9233871102333069,0.762499988079071
YAL054C,YIL154C,0,-7.95042,0.10799339413642883,0.9233871102333069,0.7627016305923462
YJR049C,YHR020W,0,-7.9504347,0.10796794295310974,0.9233871102333069,0.7629032135009766
YGL003C,YJR044C,0,-7.9518623,0.10794249176979065,0.9233871102333069,0.7631048560142517
YLL060C,YDR018C,0,-7.9523873,0.10791706293821335,0.9233871102333069,0.7633064389228821
YNL039W,YPL275W,0,-7.953214,0.10789163410663605,0.9233871102333069,0.7635080814361572
YOL139C,YMR272C,0,-7.9538198,0.10786622762680054,0.9233871102333069,0.7637096643447876
YML104C,YLR043C,1,-7.954812,0.10807628929615021,0.9254032373428345,0.7637096643447876
YIL073C,YLL012W,0,-7.954847,0.10805084556341171,0.9254032373428345,0.7639113068580627
YBL098W,YNL182C,0,-7.9548993,0.10802541673183441,0.9254032373428345,0.7641128897666931
YOL090W,YDR045C,0,-7.9565187,0.1080000028014183,0.9254032373428345,0.7643145322799683
YMR127C,YDR477W,0,-7.9566464,0.1079745963215828,0.9254032373428345,0.7645161151885986
YGR267C,YOR237W,0,-7.956659,0.10794919729232788,0.9254032373428345,0.7647177577018738
YIL079C,YNL256W,0,-7.957025,0.10792382061481476,0.9254032373428345,0.7649193406105042
YOR140W,YLR181C,0,-7.9571815,0.10789845138788223,0.9254032373428345,0.7651209831237793
YNL172W,YOR313C,0,-7.9577684,0.1078730896115303,0.9254032373428345,0.7653225660324097
YMR218C,YHR060W,0,-7.958043,0.10784774273633957,0.9254032373428345,0.7655242085456848
YJR074W,YDR293C,0,-7.9600496,0.10782241076231003,0.9254032373428345,0.7657257914543152
YEL024W,YPL163C,0,-7.9611526,0.10779708623886108,0.9254032373428345,0.7659274339675903
YER088C,YPR036W,0,-7.961225,0.10777177661657333,0.9254032373428345,0.7661290168762207
YAL068C,YDR280W,0,-7.9617734,0.10774648189544678,0.9254032373428345,0.7663306593894958
YGL055W,YLR386W,1,-7.9628925,0.10795588046312332,0.9274193644523621,0.7663306593894958
YHR055C,YOR304W,0,-7.9640846,0.10793054848909378,0.9274193644523621,0.7665322422981262
YFR024C-A,YOR143C,0,-7.964271,0.10790523141622543,0.9274193644523621,0.7667338848114014
YER041W,YAR010C,0,-7.9643197,0.10787992179393768,0.9274193644523621,0.7669354677200317
YHR114W,YDR045C,0,-7.964923,0.10785462707281113,0.9274193644523621,0.7671371102333069
YML081C-A,YGR278W,0,-7.9650884,0.10782934725284576,0.9274193644523621,0.7673386931419373
YLR092W,YML007W,0,-7.96604,0.107804074883461,0.9274193644523621,0.7675403356552124
YCR020W-B,YGR296W,0,-7.966512,0.10777881741523743,0.9274193644523621,0.7677419185638428
YKL013C,YCL062W,1,-7.9667664,0.10798782110214233,0.9294354915618896,0.7677419185638428
YGL013C,YDR120C,0,-7.967514,0.10796252638101578,0.9294354915618896,0.7679435610771179
YAL029C,YNL054W,1,-7.9684005,0.10817138850688934,0.9314516186714172,0.7679435610771179
YOL082W,YPR009W,0,-7.969127,0.1081460639834404,0.9314516186714172,0.7681451439857483
YBL097W,YGL039W,0,-7.9693184,0.10812076181173325,0.9314516186714172,0.7683467864990234
YMR276W,YDR527W,0,-7.969884,0.10809545964002609,0.9314516186714172,0.7685483694076538
YGL249W,YLR130C,0,-7.9744334,0.10807017236948013,0.9314516186714172,0.768750011920929
YJL110C,YIL073C,0,-7.9747086,0.10804490000009537,0.9314516186714172,0.7689515948295593
YDL208W,YAR009C,0,-7.9754004,0.1080196425318718,0.9314516186714172,0.7691532373428345
YLL009C,YNL210W,0,-7.975635,0.10799439251422882,0.9314516186714172,0.7693548202514648
YNL323W,YGL028C,0,-7.975739,0.10796914994716644,0.9314516186714172,0.76955646276474
YJL145W,YPL057C,0,-7.9759507,0.10794392228126526,0.9314516186714172,0.7697580456733704
YHR172W,YLR126C,0,-7.9769998,0.10791870951652527,0.9314516186714172,0.7699596881866455
YGR286C,YJR029W,0,-7.977076,0.10789350420236588,0.9314516186714172,0.7701612710952759
YOR080W,YOR287C,0,-7.9772754,0.10786831378936768,0.9314516186714172,0.770362913608551
YOR335C,YCL016C,0,-7.9776683,0.10784313827753067,0.9314516186714172,0.7705644965171814
YAL030W,YER005W,0,-7.9776945,0.10781797021627426,0.9314516186714172,0.7707661390304565
YAL026C,YKR079C,0,-7.977962,0.10779281705617905,0.9314516186714172,0.7709677219390869
YJR158W,YNL250W,0,-7.978129,0.10776767134666443,0.9314516186714172,0.7711693644523621
YKR059W,YDR065W,0,-7.9785132,0.107742540538311,0.9314516186714172,0.7713709473609924
YOR074C,YDR259C,0,-7.97975,0.10771741718053818,0.9314516186714172,0.7715725898742676
YHR102W,YIL007C,0,-7.9798155,0.10769230872392654,0.9314516186714172,0.771774172782898
YHR166C,YDL083C,0,-7.980006,0.10766720771789551,0.9314516186714172,0.7719758152961731
YDL208W,YER100W,0,-7.9807334,0.10764212161302567,0.9314516186714172,0.7721773982048035
YER056C,YJR135C,0,-7.9816427,0.10761705040931702,0.9314516186714172,0.7723790407180786
YGL100W,YGR162W,0,-7.9816813,0.10759198665618896,0.9314516186714172,0.772580623626709
YPR020W,YPL047W,0,-7.9819756,0.1075669378042221,0.9314516186714172,0.7727822661399841
YAL026C,YBR114W,0,-7.9821386,0.10754189640283585,0.9314516186714172,0.7729838490486145
YML061C,YCR102C,0,-7.9831524,0.10751686990261078,0.9314516186714172,0.7731854915618896
YLR060W,YDR131C,0,-7.983625,0.1074918583035469,0.9314516186714172,0.77338707447052
YJR076C,YER087C-A,0,-7.985323,0.10746685415506363,0.9314516186714172,0.7735887169837952
YGR181W,YOL125W,0,-7.9854965,0.10744185745716095,0.9314516186714172,0.7737902998924255
YML042W,YPL089C,0,-7.986399,0.10741688311100006,0.9314516186714172,0.7739919424057007
YPL137C,YJL208C,0,-7.9879336,0.10739190876483917,0.9314516186714172,0.774193525314331
YNL188W,YPR102C,0,-7.9881735,0.10736695677042007,0.9314516186714172,0.7743951678276062
YJL127C,YLR337C,0,-7.9884844,0.10734200477600098,0.9314516186714172,0.7745967507362366
YJR070C,YIL030C,0,-7.988988,0.10731707513332367,0.9314516186714172,0.7747983932495117
YGL035C,YML005W,0,-7.9890814,0.10729215294122696,0.9314516186714172,0.7749999761581421
YDL085W,YDL058W,0,-7.989218,0.10726723819971085,0.9314516186714172,0.7752016186714172
YKL189W,YKR038C,0,-7.9897065,0.10724233835935593,0.9314516186714172,0.7754032015800476
YOL076W,YGL055W,1,-7.990274,0.10744952410459518,0.9334677457809448,0.7754032015800476
YPL147W,YOR115C,0,-7.990546,0.10742459446191788,0.9334677457809448,0.7756048440933228
YMR204C,YLR043C,1,-7.9921393,0.1076316386461258,0.9354838728904724,0.7756048440933228
YDR434W,YBL024W,0,-7.992459,0.1076066792011261,0.9354838728904724,0.7758064270019531
YJL124C,YIL105C,0,-7.9925923,0.107581727206707,0.9354838728904724,0.7760080695152283
YGL055W,YDL006W,1,-7.9944253,0.10778859257698059,0.9375,0.7760080695152283
YMR065W,YKL012W,0,-7.9949327,0.1077636182308197,0.9375,0.7762096524238586
YDR437W,YDR131C,0,-7.995184,0.10773864388465881,0.9375,0.7764112949371338
YOL009C,YGL055W,1,-7.9953504,0.10794533044099808,0.9395161271095276,0.7764112949371338
YER159C,YLR467W,0,-7.9957232,0.1079203337430954,0.9395161271095276,0.7766128778457642
YLR330W,YGL033W,0,-7.998578,0.10789534449577332,0.9395161271095276,0.7768145203590393
YFR036W,YBR177C,0,-7.99874,0.10787037014961243,0.9395161271095276,0.7770161032676697
YNL061W,YML034W,0,-8.00112,0.10784540325403214,0.9395161271095276,0.7772177457809448
YGL209W,YDR065W,0,-8.002233,0.10782045125961304,0.9395161271095276,0.7774193286895752
YER172C,YOR064C,0,-8.00246,0.10779551416635513,0.9395161271095276,0.7776209712028503
YOR058C,YNR032C-A,0,-8.002583,0.10777058452367783,0.9395161271095276,0.7778225541114807
YOR216C,YPR078C,0,-8.002851,0.10774566233158112,0.9395161271095276,0.7780241966247559
YBR029C,YPL153C,0,-8.004845,0.1077207550406456,0.9395161271095276,0.7782257795333862
YLR116W,YNL213C,0,-8.005706,0.10769586265087128,0.9395161271095276,0.7784274220466614
YFL048C,YPR163C,0,-8.006562,0.10767097771167755,0.9395161271095276,0.7786290049552917
YPL100W,YCR063W,0,-8.00777,0.10764610767364502,0.9395161271095276,0.7788306474685669
YOR028C,YDR515W,0,-8.008113,0.10762124508619308,0.9395161271095276,0.7790322303771973
YHR021C,YBR258C,0,-8.011512,0.10759639739990234,0.9395161271095276,0.7792338728904724
YKR050W,YDR372C,0,-8.0115385,0.1075715571641922,0.9395161271095276,0.7794354557991028
YFR055W,YMR117C,0,-8.011738,0.10754673182964325,0.9395161271095276,0.7796370983123779
YPR200C,YER173W,0,-8.013295,0.1075219213962555,0.9395161271095276,0.7798386812210083
YOL158C,YJR027W,0,-8.014246,0.10749711841344833,0.9395161271095276,0.7800403237342834
YDR164C,YNL046W,0,-8.014519,0.10747232288122177,0.9395161271095276,0.7802419066429138
YMR096W,YJR049C,0,-8.014765,0.1074475422501564,0.9395161271095276,0.780443549156189
YOR057W,YKL081W,0,-8.014831,0.10742277652025223,0.9395161271095276,0.7806451320648193
YAL003W,YOL101C,0,-8.01492,0.10739801824092865,0.9395161271095276,0.7808467745780945
YFR041C,YOR356W,0,-8.01504,0.10737327486276627,0.9395161271095276,0.7810483574867249
YER005W,YGR296W,0,-8.0151825,0.10734853893518448,0.9395161271095276,0.78125
YFL010W-A,YJL080C,0,-8.01523,0.10732381045818329,0.9395161271095276,0.7814516425132751
YDR317W,YBR231C,0,-8.016196,0.10729910433292389,0.9395161271095276,0.7816532254219055
YHR019C,YJL198W,0,-8.016594,0.10727439820766449,0.9395161271095276,0.7818548679351807
YMR220W,YLR126C,0,-8.016844,0.10724971443414688,0.9395161271095276,0.782056450843811
YGL209W,YDL092W,0,-8.017123,0.10722503811120987,0.9395161271095276,0.7822580933570862
YDR046C,YPL275W,0,-8.01748,0.10720036923885345,0.9395161271095276,0.7824596762657166
YJR127C,YJL127C,0,-8.018477,0.10717571526765823,0.9395161271095276,0.7826613187789917
YJL157C,YML043C,0,-8.018539,0.10715106874704361,0.9395161271095276,0.7828629016876221
YOL125W,YAR009C,0,-8.018597,0.10712643712759018,0.9395161271095276,0.7830645442008972
YDR283C,YNL199C,0,-8.019515,0.10710181295871735,0.9395161271095276,0.7832661271095276
YNL292W,YPL029W,0,-8.019771,0.1070772036910057,0.9395161271095276,0.7834677696228027
YKR048C,YDR247W,0,-8.020164,0.10705260932445526,0.9395161271095276,0.7836693525314331
YGR145W,YPL209C,0,-8.020228,0.10702802240848541,0.9395161271095276,0.7838709950447083
YML120C,YPL094C,0,-8.020271,0.10700344294309616,0.9395161271095276,0.7840725779533386
YDR302W,YPR010C,0,-8.020536,0.1069788783788681,0.9395161271095276,0.7842742204666138
YKL002W,YJL102W,0,-8.020646,0.10695432871580124,0.9395161271095276,0.7844758033752441
YNL065W,YOL127W,0,-8.020825,0.10692978650331497,0.9395161271095276,0.7846774458885193
YOL009C,YAL029C,1,-8.021283,0.10713466256856918,0.9415322542190552,0.7846774458885193
YDR363W,YLR254C,0,-8.021608,0.10711009055376053,0.9415322542190552,0.7848790287971497
YLR210W,YDR236C,0,-8.021651,0.10708553344011307,0.9415322542190552,0.7850806713104248
YDL078C,YJR046W,0,-8.02175,0.1070609837770462,0.9415322542190552,0.7852822542190552
YNR008W,YIL160C,0,-8.021785,0.10703644156455994,0.9415322542190552,0.7854838967323303
YLR117C,YDR043C,0,-8.022796,0.10701191425323486,0.9415322542190552,0.7856854796409607
YDL029W,YGL055W,1,-8.022861,0.1072164922952652,0.9435483813285828,0.7856854796409607
YLR119W,YER049W,0,-8.022892,0.10719193518161774,0.9435483813285828,0.7858871221542358
YMR246W,YJL011C,0,-8.023337,0.10716739296913147,0.9435483813285828,0.7860887050628662
YPL265W,YCR020W-B,0,-8.0233755,0.1071428582072258,0.9435483813285828,0.7862903475761414
YMR135C,YBR250W,0,-8.024305,0.10711833089590073,0.9435483813285828,0.7864919304847717
YPR137W,YIL135C,0,-8.026058,0.10709381848573685,0.9435483813285828,0.7866935729980469
YGR264C,YBL100W-B,0,-8.02693,0.10706932097673416,0.9435483813285828,0.7868951559066772
YMR314W,YHR021C,0,-8.027523,0.10704483091831207,0.9435483813285828,0.7870967984199524
YKL074C,YKL088W,0,-8.027586,0.10702035576105118,0.9435483813285828,0.7872983813285828
YIL122W,YPL026C,0,-8.028039,0.10699588805437088,0.9435483813285828,0.7875000238418579
YER044C-A,YDL039C,0,-8.028121,0.10697142779827118,0.9435483813285828,0.7877016067504883
YAL054C,YNL074C,0,-8.028409,0.10694698244333267,0.9435483813285828,0.7879032492637634
YGL028C,YDR470C,0,-8.028989,0.10692255198955536,0.9435483813285828,0.7881048321723938
YBL006C,YER087C-A,0,-8.029164,0.10689812898635864,0.9435483813285828,0.788306474685669
YLR167W,YDR131C,0,-8.029525,0.10687371343374252,0.9435483813285828,0.7885080575942993
YML015C,YKL203C,0,-8.030563,0.1068493127822876,0.9435483813285828,0.7887097001075745
YEL018W,YIL052C,0,-8.03059,0.10682492703199387,0.9435483813285828,0.7889112830162048
YMR095C,YGL039W,0,-8.031196,0.10680054873228073,0.9435483813285828,0.78911292552948
YNL065W,YIL009C-A,0,-8.032631,0.1067761778831482,0.9435483813285828,0.7893145084381104
YML116W,YOL100W,0,-8.033019,0.10675182193517685,0.9435483813285828,0.7895161509513855
YDR501W,YJL025W,0,-8.033502,0.1067274808883667,0.9435483813285828,0.7897177338600159
YMR001C,YGL087C,0,-8.033735,0.10670314729213715,0.9435483813285828,0.789919376373291
YMR229C,YMR218C,0,-8.034011,0.10667882114648819,0.9435483813285828,0.7901209592819214
YLR418C,YOR180C,0,-8.034663,0.10665450990200043,0.9435483813285828,0.7903226017951965
YNR035C,YCL063W,1,-8.035025,0.10685805231332779,0.9455645084381104,0.7903226017951965
YOR330C,YDL092W,0,-8.035615,0.10683371126651764,0.9455645084381104,0.7905241847038269
YLR011W,YNL299W,0,-8.036269,0.10680938512086868,0.9455645084381104,0.790725827217102
YKL182W,YOL006C,0,-8.037587,0.10678506642580032,0.9455645084381104,0.7909274101257324
YHL002W,YPR041W,0,-8.038042,0.10676075518131256,0.9455645084381104,0.7911290526390076
YNL062C,YGR048W,0,-8.038122,0.10673645883798599,0.9455645084381104,0.7913306355476379
YMR175W,YGR274C,0,-8.038246,0.10671216994524002,0.9455645084381104,0.7915322780609131
YFR040W,YOR195W,0,-8.038428,0.10668789595365524,0.9455645084381104,0.7917338609695435
YKL019W,YJR127C,0,-8.038461,0.10666363686323166,0.9455645084381104,0.7919355034828186
YKR052C,YLR130C,0,-8.038627,0.10663938522338867,0.9455645084381104,0.792137086391449
YBL080C,YHR088W,0,-8.040814,0.10661514103412628,0.9455645084381104,0.7923387289047241
YJR070C,YOL104C,0,-8.041077,0.10659091174602509,0.9455645084381104,0.7925403118133545
YDR065W,YKL075C,0,-8.04192,0.10656668990850449,0.9455645084381104,0.7927419543266296
YMR083W,YLR363C,0,-8.042163,0.10654248297214508,0.9455645084381104,0.79294353723526
YEL012W,YMR134W,0,-8.043161,0.10651828348636627,0.9455645084381104,0.7931451797485352
YBR185C,YGR156W,0,-8.043336,0.10649409890174866,0.9455645084381104,0.7933467626571655
YLR424W,YDR398W,0,-8.04518,0.10646992176771164,0.9455645084381104,0.7935484051704407
YBR158W,YFL011W,0,-8.045357,0.10644575208425522,0.9455645084381104,0.793749988079071
YJR059W,YHR014W,0,-8.045739,0.10642160475254059,0.9455645084381104,0.7939516305923462
YLL061W,YPL147W,0,-8.046466,0.10639745742082596,0.9455645084381104,0.7941532135009766
YBR021W,YDL087C,0,-8.046763,0.10637332499027252,0.9455645084381104,0.7943548560142517
YML073C,YOR008C-A,0,-8.047212,0.10634920746088028,0.9455645084381104,0.7945564389228821
YML091C,YLR126C,0,-8.047245,0.10632509738206863,0.9455645084381104,0.7947580814361572
YGL163C,YHR039C-A,0,-8.048372,0.10630099475383759,0.9455645084381104,0.7949596643447876
YOL080C,YPL130W,0,-8.048765,0.10627690702676773,0.9455645084381104,0.7951613068580627
YKL190W,YOR182C,0,-8.04976,0.10625283420085907,0.9455645084381104,0.7953628897666931
YDR358W,YBL079W,0,-8.049765,0.106228768825531,0.9455645084381104,0.7955645322799683
YDL078C,YOL115W,0,-8.049986,0.10620471090078354,0.9455645084381104,0.7957661151885986
YKL057C,YLR044C,0,-8.050946,0.10618066787719727,0.9455645084381104,0.7959677577018738
YGR175C,YNL293W,0,-8.051542,0.10615663230419159,0.9455645084381104,0.7961693406105042
YLL008W,YBR081C,0,-8.052447,0.1061326116323471,0.9455645084381104,0.7963709831237793
YLR430W,YOR195W,0,-8.052993,0.10610859841108322,0.9455645084381104,0.7965725660324097
YNL135C,YKR090W,0,-8.053081,0.10608459264039993,0.9455645084381104,0.7967742085456848
YDR150W,YCL063W,1,-8.053381,0.10628674924373627,0.9475806355476379,0.7967742085456848
YLR313C,YOR004W,0,-8.05372,0.10626272112131119,0.9475806355476379,0.7969757914543152
YDR331W,YPR006C,0,-8.054468,0.1062387004494667,0.9475806355476379,0.7971774339675903
YDR143C,YDR484W,0,-8.0550785,0.10621468722820282,0.9475806355476379,0.7973790168762207
YGR218W,YNL282W,0,-8.056163,0.10619068890810013,0.9475806355476379,0.7975806593894958
YHR055C,YGR098C,0,-8.056465,0.10616670548915863,0.9475806355476379,0.7977822422981262
YLR205C,YKL075C,0,-8.056602,0.10614272952079773,0.9475806355476379,0.7979838848114014
YPR033C,YOR287C,0,-8.056818,0.10611876100301743,0.9475806355476379,0.7981854677200317
YHL020C,YDR479C,0,-8.057827,0.10609480738639832,0.9475806355476379,0.7983871102333069
YMR135C,YEL017C-A,0,-8.058303,0.1060708612203598,0.9475806355476379,0.7985886931419373
YIL019W,YBR114W,0,-8.059919,0.10604692995548248,0.9475806355476379,0.7987903356552124
YML075C,YPL164C,0,-8.060209,0.10602300614118576,0.9475806355476379,0.7989919185638428
YBR098W,YCR024C-A,0,-8.060847,0.10599909722805023,0.9475806355476379,0.7991935610771179
YLR286C,YFR004W,0,-8.061337,0.1059751957654953,0.9475806355476379,0.7993951439857483
YDR118W,YGR088W,0,-8.061519,0.10595130920410156,0.9475806355476379,0.7995967864990234
YPL120W,YGL225W,0,-8.061663,0.10592743009328842,0.9475806355476379,0.7997983694076538
YML075C,YCR042C,0,-8.062224,0.10590355843305588,0.9475806355476379,0.800000011920929
YJR059W,YBL055C,0,-8.064518,0.10587970167398453,0.9475806355476379,0.8002015948295593
YKR052C,YPR018W,0,-8.065009,0.10585585236549377,0.9475806355476379,0.8004032373428345
YIL033C,YNL207W,0,-8.065758,0.10583201795816422,0.9475806355476379,0.8006048202514648
YDR158W,YHR170W,0,-8.068246,0.10580819100141525,0.9475806355476379,0.80080646276474
YCR047C,YMR298W,0,-8.06837,0.10578437894582748,0.9475806355476379,0.8010080456733704
YLR394W,YOR130C,0,-8.068843,0.10576057434082031,0.9475806355476379,0.8012096881866455
YBL013W,YPL010W,0,-8.069525,0.10573678463697433,0.9475806355476379,0.8014112710952759
YGR171C,YPR065W,0,-8.070053,0.10571300238370895,0.9475806355476379,0.801612913608551
YKL135C,YDL166C,0,-8.070714,0.10568922758102417,0.9475806355476379,0.8018144965171814
YJR063W,YBR079C,0,-8.071118,0.10566546767950058,0.9475806355476379,0.8020161390304565
YDL051W,YER070W,0,-8.071881,0.10564171522855759,0.9475806355476379,0.8022177219390869
YDL212W,YHR066W,0,-8.07312,0.10561797767877579,0.9475806355476379,0.8024193644523621
YJR135C,YLR150W,0,-8.073192,0.10559424757957458,0.9475806355476379,0.8026209473609924
YDR211W,YGR206W,0,-8.074638,0.10557053238153458,0.9475806355476379,0.8028225898742676
YPR200C,YBR126C,0,-8.076948,0.10554682463407516,0.9475806355476379,0.803024172782898
YOR057W,YPR078C,0,-8.077586,0.10552312433719635,0.9475806355476379,0.8032258152961731
YDR277C,YJL117W,0,-8.07795,0.10549943894147873,0.9475806355476379,0.8034273982048035
YLR223C,YKL089W,0,-8.078027,0.1054757609963417,0.9475806355476379,0.8036290407180786
YEL009C,YGL084C,0,-8.078111,0.10545209795236588,0.9475806355476379,0.803830623626709
YDL155W,YAL025C,0,-8.078875,0.10542844235897064,0.9475806355476379,0.8040322661399841
YBR159W,YCR039C,0,-8.079034,0.1054048016667366,0.9475806355476379,0.8042338490486145
YKL013C,YCL063W,1,-8.08117,0.10560537874698639,0.9495967626571655,0.8042338490486145
YOL089C,YLR092W,0,-8.083282,0.10558170825242996,0.9495967626571655,0.8044354915618896
YIR002C,YLL017W,0,-8.083853,0.10555804520845413,0.9495967626571655,0.80463707447052
YMR255W,YGR042W,0,-8.084586,0.1055343970656395,0.9495967626571655,0.8048387169837952
YJL112W,YGL151W,0,-8.084601,0.10551075637340546,0.9495967626571655,0.8050402998924255
YNL123W,YJR141W,0,-8.0847025,0.10548712313175201,0.9495967626571655,0.8052419424057007
YDL031W,YGL249W,0,-8.085986,0.10546350479125977,0.9495967626571655,0.805443525314331
YMR072W,YCL063W,1,-8.08684,0.10566375404596329,0.9516128897666931,0.805443525314331
YBR170C,YMR197C,0,-8.087169,0.10564010590314865,0.9516128897666931,0.8056451678276062
YLR260W,YDR429C,0,-8.087324,0.10561647266149521,0.9516128897666931,0.8058467507362366
YML130C,YPR086W,0,-8.087542,0.10559283941984177,0.9516128897666931,0.8060483932495117
YEL054C,YFL005W,0,-8.087557,0.10556922107934952,0.9516128897666931,0.8062499761581421
YML110C,YER028C,0,-8.087762,0.10554561764001846,0.9516128897666931,0.8064516186714172
YLL015W,YDR123C,0,-8.088023,0.105522021651268,0.9516128897666931,0.8066532015800476
YOR079C,YOR272W,0,-8.090769,0.10549843311309814,0.9516128897666931,0.8068548440933228
YHR036W,YGR042W,0,-8.091307,0.10547485947608948,0.9516128897666931,0.8070564270019531
YNR038W,YMR246W,0,-8.0913925,0.10545129328966141,0.9516128897666931,0.8072580695152283
YMR136W,YDR002W,0,-8.092574,0.10542774200439453,0.9516128897666931,0.8074596524238586
YJL042W,YMR125W,0,-8.092749,0.10540419816970825,0.9516128897666931,0.8076612949371338
YJR078W,YGR143W,0,-8.094188,0.10538066178560257,0.9516128897666931,0.8078628778457642
YBR167C,YPL131W,0,-8.094307,0.10535714030265808,0.9516128897666931,0.8080645203590393
YFR033C,YPL203W,0,-8.094552,0.10533363372087479,0.9516128897666931,0.8082661032676697
YOR027W,YGR099W,0,-8.096336,0.10531012713909149,0.9516128897666931,0.8084677457809448
YHR086W,YNL264C,0,-8.097158,0.10528663545846939,0.9516128897666931,0.8086693286895752
YLR189C,YLR014C,0,-8.097667,0.10526315867900848,0.9516128897666931,0.8088709712028503
YPL042C,YHR106W,0,-8.0991955,0.10523968935012817,0.9516128897666931,0.8090725541114807
YGR036C,YJL069C,0,-8.099295,0.10521622747182846,0.9516128897666931,0.8092741966247559
YDR523C,YKR060W,0,-8.099823,0.10519278049468994,0.9516128897666931,0.8094757795333862
YNL015W,YDR075W,0,-8.099824,0.10516934096813202,0.9516128897666931,0.8096774220466614
YNL112W,YMR298W,0,-8.100109,0.1051459088921547,0.9516128897666931,0.8098790049552917
YHR089C,YIR009W,0,-8.101089,0.10512249171733856,0.9516128897666931,0.8100806474685669
YGR252W,YDR465C,0,-8.101263,0.10509908944368362,0.9516128897666931,0.8102822303771973
YKL009W,YAR010C,0,-8.103124,0.10507568717002869,0.9516128897666931,0.8104838728904724
YJL110C,YGR171C,0,-8.104378,0.10505230724811554,0.9516128897666931,0.8106854557991028
YDR101C,YOR224C,0,-8.104767,0.10502892732620239,0.9516128897666931,0.8108870983123779
YJL207C,YDR363W-A,0,-8.105205,0.10500556230545044,0.9516128897666931,0.8110886812210083
YER028C,YPL138C,0,-8.105868,0.10498220473527908,0.9516128897666931,0.8112903237342834
YFR053C,YHR075C,0,-8.106054,0.10495886206626892,0.9516128897666931,0.8114919066429138
YNL163C,YJR086W,0,-8.106149,0.10493552684783936,0.9516128897666931,0.811693549156189
YMR162C,YKL008C,0,-8.107731,0.10491219907999039,0.9516128897666931,0.8118951320648193
YML051W,YJR104C,0,-8.109417,0.10488888621330261,0.9516128897666931,0.8120967745780945
YJL065C,YPR024W,0,-8.110925,0.10486558824777603,0.9516128897666931,0.8122983574867249
YDR451C,YDR065W,0,-8.113579,0.10484229028224945,0.9516128897666931,0.8125
YGR004W,YGR046W,0,-8.113584,0.10481900721788406,0.9516128897666931,0.8127016425132751
YMR201C,YLR354C,0,-8.114087,0.10479573905467987,0.9516128897666931,0.8129032254219055
YGR224W,YGL213C,0,-8.11413,0.10477247834205627,0.9516128897666931,0.8131048679351807
YNR056C,YIR037W,0,-8.114838,0.10474922508001328,0.9516128897666931,0.813306450843811
YKL089W,YHR016C,0,-8.11535,0.10472597926855087,0.9516128897666931,0.8135080933570862
YOL135C,YLR130C,0,-8.115376,0.10470274835824966,0.9516128897666931,0.8137096762657166
YLR216C,YKR002W,0,-8.115878,0.10467953234910965,0.9516128897666931,0.8139113187789917
YJL214W,YOR287C,0,-8.116543,0.10465631633996964,0.9516128897666931,0.8141129016876221
YKL213C,YNL282W,0,-8.116896,0.10463312268257141,0.9516128897666931,0.8143145442008972
YNL327W,YDR527W,0,-8.1169195,0.10460992902517319,0.9516128897666931,0.8145161271095276
YLR370C,YCL063W,1,-8.117232,0.10480833053588867,0.9536290168762207,0.8145161271095276
YMR165C,YDL098C,0,-8.118721,0.10478511452674866,0.9536290168762207,0.8147177696228027
YBR107C,YGR251W,0,-8.118878,0.10476190596818924,0.9536290168762207,0.8149193525314331
YOL164W,YER054C,0,-8.121448,0.10473870486021042,0.9536290168762207,0.8151209950447083
YHR039C-A,YLR126C,0,-8.1215,0.10471551865339279,0.9536290168762207,0.8153225779533386
YLR398C,YOR272W,0,-8.122781,0.10469233989715576,0.9536290168762207,0.8155242204666138
YDR300C,YLR222C,0,-8.123811,0.10466917604207993,0.9536290168762207,0.8157258033752441
YKL038W,YBR083W,0,-8.123849,0.10464601963758469,0.9536290168762207,0.8159274458885193
YML074C,YKR046C,0,-8.124567,0.10462287068367004,0.9536290168762207,0.8161290287971497
YDL014W,YCL005W-A,0,-8.124962,0.1045997366309166,0.9536290168762207,0.8163306713104248
YER157W,YCL008C,0,-8.125306,0.10457661002874374,0.9536290168762207,0.8165322542190552
YDL117W,YBL033C,0,-8.125678,0.10455349087715149,0.9536290168762207,0.8167338967323303
YOR147W,YCL063W,1,-8.126252,0.10475137829780579,0.9556451439857483,0.8167338967323303
YGL055W,YLR043C,1,-8.126583,0.10494918376207352,0.9576612710952759,0.8167338967323303
YCL038C,YBL042C,0,-8.12661,0.10492599755525589,0.9576612710952759,0.8169354796409607
YBR247C,YBR081C,0,-8.127542,0.10490282624959946,0.9576612710952759,0.8171371221542358
YPL046C,YER126C,0,-8.128149,0.10487966239452362,0.9576612710952759,0.8173387050628662
YHR011W,YGL043W,0,-8.12823,0.10485651344060898,0.9576612710952759,0.8175403475761414
YER049W,YML040W,0,-8.129372,0.10483337193727493,0.9576612710952759,0.8177419304847717
YIR005W,YLR034C,0,-8.129423,0.10481023788452148,0.9576612710952759,0.8179435729980469
YFL014W,YJR126C,0,-8.130778,0.10478711873292923,0.9576612710952759,0.8181451559066772
YFL014W,YPL010W,0,-8.131618,0.10476400703191757,0.9576612710952759,0.8183467984199524
YFR001W,YBR103W,0,-8.132532,0.10474090278148651,0.9576612710952759,0.8185483813285828
YHR166C,YDL232W,0,-8.1328125,0.10471781343221664,0.9576612710952759,0.8187500238418579
YAL041W,YNR010W,0,-8.132885,0.10469473153352737,0.9576612710952759,0.8189516067504883
YGR112W,YDL185W,0,-8.133912,0.1046716645359993,0.9576612710952759,0.8191532492637634
YLR409C,YLR426W,0,-8.134165,0.10464859753847122,0.9576612710952759,0.8193548321723938
YOR150W,YKR025W,0,-8.134588,0.10462555289268494,0.9576612710952759,0.819556474685669
YLR079W,YLR132C,0,-8.134943,0.10460250824689865,0.9576612710952759,0.8197580575942993
YGL093W,YOR003W,0,-8.135225,0.10457947850227356,0.9576612710952759,0.8199597001075745
YGR279C,YFL026W,0,-8.135806,0.10455646365880966,0.9576612710952759,0.8201612830162048
YJR108W,YDR115W,0,-8.135994,0.10453344881534576,0.9576612710952759,0.82036292552948
YHR086W,YMR247C,0,-8.136432,0.10451044887304306,0.9576612710952759,0.8205645084381104
YFL055W,YOR204W,0,-8.137154,0.10448746383190155,0.9576612710952759,0.8207661509513855
YMR213W,YHR169W,0,-8.138119,0.10446447879076004,0.9576612710952759,0.8209677338600159
YKL012W,YKL070W,0,-8.13993,0.10444151610136032,0.9576612710952759,0.821169376373291
YNL051W,YMR272C,0,-8.141247,0.1044185534119606,0.9576612710952759,0.8213709592819214
YLR172C,YNL133C,0,-8.141275,0.10439560562372208,0.9576612710952759,0.8215726017951965
YER110C,YLR116W,0,-8.141319,0.10437266528606415,0.9576612710952759,0.8217741847038269
YER014C-A,YML085C,0,-8.142663,0.10434973984956741,0.9576612710952759,0.821975827217102
YBR228W,YNL066W,0,-8.143467,0.10432681441307068,0.9576612710952759,0.8221774101257324
YNL202W,YBR293W,0,-8.144693,0.10430391132831573,0.9576612710952759,0.8223790526390076
YBR200W,YMR250W,0,-8.144913,0.10428100824356079,0.9576612710952759,0.8225806355476379
YOL104C,YGL014W,0,-8.145249,0.10425812005996704,0.9576612710952759,0.8227822780609131
YOR355W,YLR438C-A,0,-8.148597,0.10423523932695389,0.9576612710952759,0.8229838609695435
YDR393W,YMR096W,0,-8.148933,0.10421237349510193,0.9576612710952759,0.8231855034828186
YMR204C,YCL063W,1,-8.149847,0.104408860206604,0.9596773982048035,0.8231855034828186
YDL069C,YOR201C,0,-8.150339,0.10438596457242966,0.9596773982048035,0.823387086391449
YBL074C,YOR008C,0,-8.152424,0.10436307638883591,0.9596773982048035,0.8235887289047241
YBL013W,YJL011C,0,-8.153444,0.10434020310640335,0.9596773982048035,0.8237903118133545
YFL025C,YPR137W,0,-8.15466,0.10431733727455139,0.9596773982048035,0.8239919543266296
YKR039W,YDR245W,0,-8.155214,0.10429447889328003,0.9596773982048035,0.82419353723526
YPL202C,YNL051W,0,-8.155271,0.10427163541316986,0.9596773982048035,0.8243951797485352
YOR221C,YGL115W,0,-8.155638,0.10424879193305969,0.9596773982048035,0.8245967626571655
YGL075C,YPL237W,0,-8.15704,0.10422597080469131,0.9596773982048035,0.8247984051704407
YJL072C,YJR103W,0,-8.157293,0.10420314967632294,0.9596773982048035,0.824999988079071
YHR152W,YJR009C,0,-8.15737,0.10418034344911575,0.9596773982048035,0.8252016305923462
YPL098C,YLR130C,0,-8.158579,0.10415755212306976,0.9596773982048035,0.8254032135009766
YMR038C,YGR095C,0,-8.159021,0.10413476079702377,0.9596773982048035,0.8256048560142517
YLR068W,YPL121C,0,-8.160396,0.10411198437213898,0.9596773982048035,0.8258064389228821
YDR323C,YKL212W,0,-8.160456,0.10408922284841537,0.9596773982048035,0.8260080814361572
YLR411W,YDR372C,0,-8.160618,0.10406646132469177,0.9596773982048035,0.8262096643447876
YKR048C,YIL160C,0,-8.161705,0.10404371470212936,0.9596773982048035,0.8264113068580627
YPL021W,YIR037W,0,-8.161772,0.10402097553014755,0.9596773982048035,0.8266128897666931
YMR285C,YPL163C,0,-8.16196,0.10399825125932693,0.9596773982048035,0.8268145322799683
YJL170C,YKL212W,0,-8.164542,0.10397553443908691,0.9596773982048035,0.8270161151885986
YCL025C,YMR208W,0,-8.167626,0.10395282506942749,0.9596773982048035,0.8272177577018738
YER087C-A,YOR159C,0,-8.167805,0.10393013060092926,0.9596773982048035,0.8274193406105042
YER183C,YJL112W,0,-8.168121,0.10390744358301163,0.9596773982048035,0.8276209831237793
YLR119W,YDR359C,0,-8.170603,0.10388476401567459,0.9596773982048035,0.8278225660324097
YPR034W,YGR008C,0,-8.171959,0.10386209934949875,0.9596773982048035,0.8280242085456848
YGL012W,YOR362C,0,-8.172592,0.1038394421339035,0.9596773982048035,0.8282257914543152
YLR043C,YDR495C,1,-8.172963,0.1040348932147026,0.961693525314331,0.8282257914543152
YDL227C,YBR228W,0,-8.173044,0.10401221364736557,0.961693525314331,0.8284274339675903
YJR108W,YKL212W,0,-8.173143,0.10398953408002853,0.961693525314331,0.8286290168762207
YGR225W,YPL161C,0,-8.1745205,0.10396686941385269,0.961693525314331,0.8288306593894958
YMR137C,YOR348C,0,-8.176342,0.10394421219825745,0.961693525314331,0.8290322422981262
YDR384C,YGR111W,0,-8.176466,0.1039215698838234,0.961693525314331,0.8292338848114014
YDL065C,YLR403W,0,-8.177475,0.10389893501996994,0.961693525314331,0.8294354677200317
YDR311W,YML131W,0,-8.178141,0.10387630760669708,0.961693525314331,0.8296371102333069
YDR361C,YFL036W,0,-8.179962,0.10385368764400482,0.961693525314331,0.8298386931419373
YBL069W,YIL016W,0,-8.180309,0.10383108258247375,0.961693525314331,0.8300403356552124
YGL017W,YPL163C,0,-8.180372,0.10380848497152328,0.961693525314331,0.8302419185638428
YAL038W,YER021W,0,-8.181002,0.10378590226173401,0.961693525314331,0.8304435610771179
YPR137W,YGL039W,0,-8.181005,0.10376332700252533,0.961693525314331,0.8306451439857483
YLR332W,YMR070W,0,-8.181712,0.10374075919389725,0.961693525314331,0.8308467864990234
YOL164W,YNL038W,0,-8.184036,0.10371819883584976,0.961693525314331,0.8310483694076538
YIR041W,YNL049C,0,-8.187088,0.10369565337896347,0.961693525314331,0.831250011920929
YGR159C,YML131W,0,-8.1877775,0.10367311537265778,0.961693525314331,0.8314515948295593
YHR005C,YNL202W,0,-8.188567,0.10365058481693268,0.961693525314331,0.8316532373428345
YER105C,YBR117C,0,-8.188687,0.10362806916236877,0.961693525314331,0.8318548202514648
YBR158W,YNL041C,0,-8.188885,0.10360556095838547,0.961693525314331,0.83205646276474
YER122C,YHR086W,0,-8.189076,0.10358306020498276,0.961693525314331,0.8322580456733704
YJR108W,YMR136W,0,-8.190443,0.10356057435274124,0.961693525314331,0.8324596881866455
YBL026W,YIL129C,0,-8.190899,0.10353809595108032,0.961693525314331,0.8326612710952759
YOR034C,YKL208W,0,-8.19109,0.103515625,0.961693525314331,0.832862913608551
YNL098C,YML024W,0,-8.191186,0.10349316895008087,0.961693525314331,0.8330644965171814
YLR081W,YER149C,0,-8.191204,0.10347071290016174,0.961693525314331,0.8332661390304565
YBL064C,YER022W,0,-8.191395,0.1034482792019844,0.961693525314331,0.8334677219390869
YJR137C,YCR083W,0,-8.19202,0.10342584550380707,0.961693525314331,0.8336693644523621
YLR068W,YGR214W,0,-8.193131,0.10340342670679092,0.961693525314331,0.8338709473609924
YLR340W,YOR327C,0,-8.193151,0.10338101536035538,0.961693525314331,0.8340725898742676
YKL172W,YOR087W,0,-8.193805,0.10335861146450043,0.961693525314331,0.834274172782898
YLR175W,YKR048C,0,-8.196224,0.10333622246980667,0.961693525314331,0.8344758152961731
YDR081C,YIL013C,0,-8.196239,0.10331384092569351,0.961693525314331,0.8346773982048035
YLR138W,YGL111W,0,-8.197257,0.10329146683216095,0.961693525314331,0.8348790407180786
YLR276C,YOR351C,0,-8.199629,0.10326910763978958,0.961693525314331,0.835080623626709
YDL099W,YIL160C,0,-8.199685,0.10324675589799881,0.961693525314331,0.8352822661399841
YNR038W,YIL075C,0,-8.200436,0.10322441160678864,0.961693525314331,0.8354838490486145
YLR228C,YGL087C,0,-8.203438,0.10320207476615906,0.961693525314331,0.8356854915618896
YOL021C,YBL030C,0,-8.20364,0.10317975282669067,0.961693525314331,0.83588707447052
YHR061C,YOR359W,0,-8.206486,0.10315743833780289,0.961693525314331,0.8360887169837952
YBL005W,YGR211W,0,-8.207041,0.1031351387500763,0.961693525314331,0.8362902998924255
YEL003W,YPL274W,0,-8.207291,0.1031128391623497,0.961693525314331,0.8364919424057007
YPL130W,YJL109C,0,-8.209433,0.1030905544757843,0.961693525314331,0.836693525314331
YBL074C,YKL019W,0,-8.211747,0.1030682772397995,0.961693525314331,0.8368951678276062
YER014C-A,YFR001W,0,-8.21175,0.10304601490497589,0.961693525314331,0.8370967507362366
YGR239C,YKL130C,0,-8.212164,0.10302376002073288,0.961693525314331,0.8372983932495117
YDR395W,YBL088C,0,-8.212498,0.10300151258707047,0.961693525314331,0.8374999761581421
YLR370C,YGL055W,1,-8.213604,0.10319516062736511,0.9637096524238586,0.8374999761581421
YJR140C,YPL012W,0,-8.21408,0.10317289084196091,0.9637096524238586,0.8377016186714172
YMR229C,YOR367W,0,-8.214924,0.1031506285071373,0.9637096524238586,0.8379032015800476
YDR110W,YGR144W,0,-8.215436,0.10312837362289429,0.9637096524238586,0.8381048440933228
YGL181W,YKL154W,0,-8.215816,0.10310612618923187,0.9637096524238586,0.8383064270019531
YPL181W,YKL134C,0,-8.217135,0.10308389365673065,0.9637096524238586,0.8385080695152283
YJL042W,YLR014C,0,-8.217726,0.10306166112422943,0.9637096524238586,0.8387096524238586
YLR129W,YDL128W,0,-8.218185,0.10303945094347,0.9637096524238586,0.8389112949371338
YHR193C,YGL087C,0,-8.218343,0.10301724076271057,0.9637096524238586,0.8391128778457642
YIR002C,YDR075W,0,-8.219313,0.10299504548311234,0.9637096524238586,0.8393145203590393
YML024W,YPR107C,0,-8.219905,0.1029728576540947,0.9637096524238586,0.8395161032676697
YDR296W,YHR098C,0,-8.219976,0.10295067727565765,0.9637096524238586,0.8397177457809448
YFR055W,YJR141W,0,-8.220364,0.1029285117983818,0.9637096524238586,0.8399193286895752
YAL029C,YDR150W,1,-8.221088,0.10312163829803467,0.9657257795333862,0.8399193286895752
YDR515W,YKR053C,0,-8.221479,0.10309944301843643,0.9657257795333862,0.8401209712028503
YNR044W,YJL071W,0,-8.2217045,0.10307725518941879,0.9657257795333862,0.8403225541114807
YDR077W,YJR009C,0,-8.222008,0.10305507481098175,0.9657257795333862,0.8405241966247559
YGR225W,YGR134W,0,-8.222409,0.1030329093337059,0.9657257795333862,0.8407257795333862
YMR198W,YDR492W,0,-8.224281,0.10301075130701065,0.9657257795333862,0.8409274220466614
YFL010W-A,YKR022C,0,-8.225342,0.10298860818147659,0.9657257795333862,0.8411290049552917
YMR283C,YNL045W,0,-8.225342,0.10296646505594254,0.9657257795333862,0.8413306474685669
YNR059W,YDR529C,0,-8.225961,0.10294433683156967,0.9657257795333862,0.8415322303771973
YMR101C,YNR048W,0,-8.226789,0.1029222160577774,0.9657257795333862,0.8417338728904724
YDR079W,YOR301W,0,-8.227767,0.10290011018514633,0.9657257795333862,0.8419354557991028
YBR250W,YJR044C,0,-8.228573,0.10287800431251526,0.9657257795333862,0.8421370983123779
YOR299W,YKL194C,0,-8.229309,0.10285591334104538,0.9657257795333862,0.8423386812210083
YKR087C,YER049W,0,-8.229609,0.1028338372707367,0.9657257795333862,0.8425403237342834
YKL012W,YEL020W-A,0,-8.230128,0.10281176120042801,0.9657257795333862,0.8427419066429138
YER088C,YHR096C,0,-8.231464,0.10278970003128052,0.9657257795333862,0.842943549156189
YJL010C,YER100W,0,-8.2338915,0.10276764631271362,0.9657257795333862,0.8431451320648193
YAL058W,YNL245C,0,-8.234308,0.10274560004472733,0.9657257795333862,0.8433467745780945
YNR038W,YOR269W,0,-8.235215,0.10272356867790222,0.9657257795333862,0.8435483574867249
YKR052C,YKL212W,0,-8.235266,0.10270154476165771,0.9657257795333862,0.84375
YJL201W,YPL089C,0,-8.237112,0.1026795282959938,0.9657257795333862,0.8439516425132751
YNL103W,YGL037C,0,-8.23736,0.10265751928091049,0.9657257795333862,0.8441532254219055
YKL191W,YDR434W,0,-8.237456,0.10263552516698837,0.9657257795333862,0.8443548679351807
YOR034C,YMR143W,0,-8.237828,0.10261353850364685,0.9657257795333862,0.844556450843811
YDR110W,YDR079W,0,-8.239249,0.10259155929088593,0.9657257795333862,0.8447580933570862
YML075C,YOL121C,0,-8.239277,0.1025695949792862,0.9657257795333862,0.8449596762657166
YJR108W,YOR074C,0,-8.241526,0.10254763066768646,0.9657257795333862,0.8451613187789917
YOL068C,YGR159C,0,-8.241587,0.10252568125724792,0.9657257795333862,0.8453629016876221
YNL259C,YDR046C,0,-8.242289,0.10250374674797058,0.9657257795333862,0.8455645442008972
YHL006C,YDR292C,0,-8.2430525,0.10248181223869324,0.9657257795333862,0.8457661271095276
YOL088C,YGL014W,0,-8.243568,0.10245989263057709,0.9657257795333862,0.8459677696228027
YPR120C,YHR175W,0,-8.244313,0.10243798047304153,0.9657257795333862,0.8461693525314331
YGL163C,YPL237W,0,-8.246095,0.10241607576608658,0.9657257795333862,0.8463709950447083
YER052C,YOR103C,0,-8.24631,0.10239418596029282,0.9657257795333862,0.8465725779533386
YBL085W,YMR096W,0,-8.247622,0.10237230360507965,0.9657257795333862,0.8467742204666138
YLL015W,YJR046W,0,-8.248163,0.10235042870044708,0.9657257795333862,0.8469758033752441
YHR096C,YPL152W,0,-8.2489,0.10232856124639511,0.9657257795333862,0.8471774458885193
YML104C,YGL055W,1,-8.249495,0.10252028703689575,0.9677419066429138,0.8471774458885193
YBR257W,YLR045C,0,-8.249964,0.10249839723110199,0.9677419066429138,0.8473790287971497
YIL010W,YHR077C,0,-8.250447,0.10247651487588882,0.9677419066429138,0.8475806713104248
YNL039W,YKR024C,0,-8.25231,0.10245463997125626,0.9677419066429138,0.8477822542190552
YDR016C,YBR079C,0,-8.253497,0.10243277996778488,0.9677419066429138,0.8479838967323303
YGR101W,YLR316C,0,-8.2537985,0.1024109274148941,0.9677419066429138,0.8481854796409607
YKR066C,YML005W,0,-8.254395,0.10238907486200333,0.9677419066429138,0.8483871221542358
YAR019C,YEL057C,0,-8.2556715,0.10236724466085434,0.9677419066429138,0.8485887050628662
YJL179W,YGL162W,0,-8.255895,0.10234541445970535,0.9677419066429138,0.8487903475761414
YNL292W,YER116C,0,-8.256049,0.10232359915971756,0.9677419066429138,0.8489919304847717
YDR231C,YKL068W,0,-8.257238,0.10230179131031036,0.9677419066429138,0.8491935729980469
YOR334W,YNR043W,0,-8.25728,0.10227999091148376,0.9677419066429138,0.8493951559066772
YLR401C,YER083C,0,-8.257376,0.10225820541381836,0.9677419066429138,0.8495967984199524
YGR262C,YDL247W,0,-8.258232,0.10223641991615295,0.9677419066429138,0.8497983813285828
YJL109C,YIL101C,0,-8.2635355,0.10221464931964874,0.9677419066429138,0.8500000238418579
YPR068C,YPL026C,0,-8.263724,0.10219288617372513,0.9677419066429138,0.8502016067504883
YPL187W,YBR079C,0,-8.264203,0.10217113792896271,0.9677419066429138,0.8504032492637634
YER054C,YKL113C,0,-8.264914,0.10214939713478088,0.9677419066429138,0.8506048321723938
YOR033C,YGR165W,0,-8.265655,0.10212765634059906,0.9677419066429138,0.850806474685669
YDL166C,YOR287C,0,-8.267729,0.10210593789815903,0.9677419066429138,0.8510080575942993
YMR292W,YLR316C,0,-8.26849,0.102084219455719,0.9677419066429138,0.8512097001075745
YLR153C,YER036C,0,-8.268569,0.10206251591444016,0.9677419066429138,0.8514112830162048
YGL033W,YNL036W,0,-8.270059,0.10204081982374191,0.9677419066429138,0.85161292552948
YGL035C,YIL129C,0,-8.270085,0.10201913118362427,0.9677419066429138,0.8518145084381104
YER002W,YFL026W,0,-8.271648,0.10199744999408722,0.9677419066429138,0.8520161509513855
YPL006W,YHR070W,0,-8.271731,0.10197578370571136,0.9677419066429138,0.8522177338600159
YDR337W,YGL163C,0,-8.273175,0.10195411741733551,0.9677419066429138,0.852419376373291
YNL286W,YCR072C,0,-8.274372,0.10193246603012085,0.9677419066429138,0.8526209592819214
YGL183C,YOL093W,0,-8.274613,0.10191082954406738,0.9677419066429138,0.8528226017951965
YMR301C,YKR022C,0,-8.275583,0.10188919305801392,0.9677419066429138,0.8530241847038269
YLR056W,YBR057C,0,-8.276077,0.10186757147312164,0.9677419066429138,0.853225827217102
YBR298C,YMR146C,0,-8.278055,0.10184595733880997,0.9677419066429138,0.8534274101257324
YER183C,YMR201C,0,-8.278173,0.10182435065507889,0.9677419066429138,0.8536290526390076
YOL165C,YBR023C,0,-8.281107,0.101802758872509,0.9677419066429138,0.8538306355476379
YIL009C-A,YDR280W,0,-8.281645,0.10178116708993912,0.9677419066429138,0.8540322780609131
YBL042C,YPL167C,0,-8.281871,0.10175959020853043,0.9677419066429138,0.8542338609695435
YDR384C,YCR031C,0,-8.282119,0.10173802822828293,0.9677419066429138,0.8544355034828186
YOR351C,YDL060W,0,-8.282486,0.10171646624803543,0.9677419066429138,0.854637086391449
YNR001C,YOR216C,0,-8.282888,0.10169491171836853,0.9677419066429138,0.8548387289047241
YGR239C,YGL045W,0,-8.283532,0.10167337208986282,0.9677419066429138,0.8550403118133545
YOL164W,YDR098C,0,-8.285422,0.10165183991193771,0.9677419066429138,0.8552419543266296
YPL012W,YGR251W,0,-8.287397,0.1016303226351738,0.9677419066429138,0.85544353723526
YGL055W,YCL063W,1,-8.287564,0.10182049125432968,0.9697580933570862,0.85544353723526
YHR124W,YPL129W,0,-8.289089,0.10179894417524338,0.9697580933570862,0.8556451797485352
YGL257C,YER126C,0,-8.289291,0.10177740454673767,0.9697580933570862,0.8558467626571655
YHR042W,YNL110C,0,-8.2901745,0.10175587236881256,0.9697580933570862,0.8560484051704407
YIL073C,YBR169C,0,-8.290585,0.10173434764146805,0.9697580933570862,0.856249988079071
YJL091C,YOR207C,0,-8.290919,0.10171283781528473,0.9697580933570862,0.8564516305923462
YDR490C,YBL014C,0,-8.291269,0.101691335439682,0.9697580933570862,0.8566532135009766
YLR078C,YLR426W,0,-8.291937,0.10166984051465988,0.9697580933570862,0.8568548560142517
YJL011C,YEL065W,0,-8.292339,0.10164835304021835,0.9697580933570862,0.8570564389228821
YNR060W,YDR297W,0,-8.293821,0.10162687301635742,0.9697580933570862,0.8572580814361572
YNR074C,YJL053W,0,-8.293944,0.10160540789365768,0.9697580933570862,0.8574596643447876
YLL002W,YJL109C,0,-8.294065,0.10158395022153854,0.9697580933570862,0.8576613068580627
YBL069W,YBL047C,0,-8.294531,0.1015625,0.9697580933570862,0.8578628897666931
YGL173C,YGR264C,0,-8.296062,0.10154105722904205,0.9697580933570862,0.8580645322799683
YER045C,YOR123C,0,-8.296404,0.1015196293592453,0.9697580933570862,0.8582661151885986
YJR125C,YDL166C,0,-8.2973175,0.10149820894002914,0.9697580933570862,0.8584677577018738
YKL056C,YGR042W,0,-8.297722,0.10147679597139359,0.9697580933570862,0.8586693406105042
YML126C,YJR063W,0,-8.298084,0.10145539045333862,0.9697580933570862,0.8588709831237793
YBL035C,YJR103W,0,-8.299109,0.10143399238586426,0.9697580933570862,0.8590725660324097
YGR003W,YLR332W,0,-8.299906,0.10141260921955109,0.9697580933570862,0.8592742085456848
YIL009C-A,YBR117C,0,-8.30001,0.10139123350381851,0.9697580933570862,0.8594757914543152
YNL286W,YBR159W,0,-8.300339,0.10136986523866653,0.9697580933570862,0.8596774339675903
YNL327W,YFL016C,0,-8.300747,0.10134850442409515,0.9697580933570862,0.8598790168762207
YDR120C,YJR126C,0,-8.301006,0.10132715106010437,0.9697580933570862,0.8600806593894958
YDR295C,YPR065W,0,-8.302088,0.10130581259727478,0.9697580933570862,0.8602822422981262
YOR316C,YJL076W,0,-8.303876,0.10128448158502579,0.9697580933570862,0.8604838848114014
YIL037C,YDR190C,0,-8.304201,0.10126315802335739,0.9697580933570862,0.8606854677200317
YNL327W,YLR233C,0,-8.305215,0.10124184191226959,0.9697580933570862,0.8608871102333069
YGR155W,YKL038W,0,-8.307552,0.10122054070234299,0.9697580933570862,0.8610886931419373
YNR034W,YBR083W,0,-8.307571,0.10119923949241638,0.9697580933570862,0.8612903356552124
YKL029C,YPR181C,0,-8.307967,0.10117795318365097,0.9697580933570862,0.8614919185638428
YML104C,YGR209C,1,-8.308285,0.10136698186397552,0.9717742204666138,0.8614919185638428
YHR075C,YOR068C,0,-8.30872,0.10134566575288773,0.9717742204666138,0.8616935610771179
YGR108W,YFL038C,0,-8.3095875,0.10132436454296112,0.9717742204666138,0.8618951439857483
YGL124C,YHR069C,0,-8.309638,0.10130307078361511,0.9717742204666138,0.8620967864990234
YOL109W,YPL041C,0,-8.310257,0.1012817844748497,0.9717742204666138,0.8622983694076538
YDL042C,YDL170W,0,-8.310464,0.10126050561666489,0.9717742204666138,0.862500011920929
YGR074W,YMR273C,0,-8.313431,0.10123923420906067,0.9717742204666138,0.8627015948295593
YKL191W,YDL013W,0,-8.314367,0.10121797770261765,0.9717742204666138,0.8629032373428345
YBR021W,YPL153C,0,-8.314451,0.10119672119617462,0.9717742204666138,0.8631048202514648
YDR479C,YPR086W,0,-8.315807,0.10117547959089279,0.9717742204666138,0.86330646276474
YJL013C,YOL127W,0,-8.316053,0.10115425288677216,0.9717742204666138,0.8635080456733704
YBR132C,YHL003C,0,-8.3161125,0.10113302618265152,0.9717742204666138,0.8637096881866455
YBL020W,YPL033C,0,-8.316751,0.10111180692911148,0.9717742204666138,0.8639112710952759
YJR065C,YGL055W,1,-8.3187895,0.10130033642053604,0.9737903475761414,0.8639112710952759
YNL186W,YLR337C,0,-8.319443,0.10127909481525421,0.9737903475761414,0.864112913608551
YGL013C,YEL026W,0,-8.320134,0.10125786066055298,0.9737903475761414,0.8643144965171814
YKL172W,YLR071C,0,-8.320314,0.10123664140701294,0.9737903475761414,0.8645161390304565
YGR159C,YGR004W,0,-8.320471,0.1012154221534729,0.9737903475761414,0.8647177219390869
YGR222W,YIL052C,0,-8.321466,0.10119421780109406,0.9737903475761414,0.8649193644523621
YLR166C,YLR222C,0,-8.3231,0.1011730208992958,0.9737903475761414,0.8651209473609924
YLR023C,YOR157C,0,-8.323717,0.10115183144807816,0.9737903475761414,0.8653225898742676
YLL015W,YER159C,0,-8.324036,0.1011306568980217,0.9737903475761414,0.865524172782898
YJL204C,YJL148W,0,-8.325808,0.10110948234796524,0.9737903475761414,0.8657258152961731
YER045C,YFL037W,0,-8.32597,0.10108832269906998,0.9737903475761414,0.8659273982048035
YBL090W,YMR229C,0,-8.327883,0.10106717050075531,0.9737903475761414,0.8661290407180786
YOL077C,YNL313C,0,-8.331088,0.10104602575302124,0.9737903475761414,0.866330623626709
YPR005C,YDR025W,0,-8.332212,0.10102488845586777,0.9737903475761414,0.8665322661399841
YDL208W,YMR047C,0,-8.334689,0.10100376605987549,0.9737903475761414,0.8667338490486145
YGL116W,YNL007C,0,-8.33498,0.10098264366388321,0.9737903475761414,0.8669354915618896
YBL017C,YOR340C,0,-8.335223,0.10096153616905212,0.9737903475761414,0.86713707447052
YDR247W,YGR172C,0,-8.336178,0.10094043612480164,0.9737903475761414,0.8673387169837952
YKL060C,YNL149C,0,-8.336285,0.10091935098171234,0.9737903475761414,0.8675402998924255
YHR053C,YPL190C,0,-8.33684,0.10089826583862305,0.9737903475761414,0.8677419424057007
YJL167W,YLR136C,0,-8.337017,0.10087719559669495,0.9737903475761414,0.867943525314331
YJL115W,YGR083C,0,-8.33722,0.10085612535476685,0.9737903475761414,0.8681451678276062
YGR225W,YLL002W,0,-8.340876,0.10083507001399994,0.9737903475761414,0.8683467507362366
YIL079C,YGR009C,0,-8.342351,0.10081402957439423,0.9737903475761414,0.8685483932495117
YBR217W,YLR139C,0,-8.343351,0.10079298913478851,0.9737903475761414,0.8687499761581421
YBR020W,YOL080C,0,-8.345964,0.1007719561457634,0.9737903475761414,0.8689516186714172
YJL208C,YFL058W,0,-8.347488,0.10075093805789948,0.9737903475761414,0.8691532015800476
YDR212W,YMR156C,0,-8.350188,0.10072992742061615,0.9737903475761414,0.8693548440933228
YPL178W,YFR053C,0,-8.352267,0.10070892423391342,0.9737903475761414,0.8695564270019531
YHR148W,YBL035C,0,-8.352337,0.10068792849779129,0.9737903475761414,0.8697580695152283
YMR143W,YOR259C,0,-8.353383,0.10066694766283035,0.9737903475761414,0.8699596524238586
YBL099W,YBR142W,0,-8.353586,0.10064596682786942,0.9737903475761414,0.8701612949371338
YLR079W,YOL093W,0,-8.354964,0.10062500089406967,0.9737903475761414,0.8703628778457642
YAL003W,YIL068C,0,-8.355499,0.10060404241085052,0.9737903475761414,0.8705645203590393
YOR349W,YNL256W,0,-8.355984,0.10058309137821198,0.9737903475761414,0.8707661032676697
YCR024C-A,YCR083W,0,-8.356675,0.10056214779615402,0.9737903475761414,0.8709677457809448
YFR055W,YLR435W,0,-8.357104,0.10054121911525726,0.9737903475761414,0.8711693286895752
YMR042W,YLR052W,0,-8.357858,0.1005202904343605,0.9737903475761414,0.8713709712028503
YPL188W,YPL011C,0,-8.358324,0.10049937665462494,0.9737903475761414,0.8715725541114807
YKL201C,YDR353W,0,-8.358803,0.10047847032546997,0.9737903475761414,0.8717741966247559
YDR384C,YKL046C,0,-8.359397,0.1004575714468956,0.9737903475761414,0.8719757795333862
YNR035C,YGL055W,1,-8.359458,0.10064462572336197,0.975806474685669,0.8719757795333862
YGR121C,YNR015W,0,-8.359817,0.10062369704246521,0.975806474685669,0.8721774220466614
YPR183W,YJL042W,0,-8.361369,0.10060278326272964,0.975806474685669,0.8723790049552917
YNL327W,YLR262C,0,-8.361601,0.10058187693357468,0.975806474685669,0.8725806474685669
YPL089C,YML055W,0,-8.363187,0.1005609780550003,0.975806474685669,0.8727822303771973
YMR213W,YGL008C,0,-8.364224,0.10054009407758713,0.975806474685669,0.8729838728904724
YPL093W,YAR003W,0,-8.364687,0.10051921010017395,0.975806474685669,0.8731854557991028
YLL019C,YLR145W,0,-8.366727,0.10049834102392197,0.975806474685669,0.8733870983123779
YOR137C,YLL012W,0,-8.368154,0.10047747194766998,0.975806474685669,0.8735886812210083
YGL213C,YNL332W,0,-8.369526,0.1004566177725792,0.975806474685669,0.8737903237342834
YCL040W,YPL209C,0,-8.369741,0.1004357784986496,0.975806474685669,0.8739919066429138
YGL055W,YDR495C,1,-8.370196,0.10062240809202194,0.9778226017951965,0.8739919066429138
YMR021C,YGL162W,0,-8.371431,0.10060153156518936,0.9778226017951965,0.874193549156189
YAL029C,YNL304W,1,-8.372224,0.10078805685043335,0.9798387289047241,0.874193549156189
YOR056C,YKL196C,0,-8.372656,0.10076715797185898,0.9798387289047241,0.8743951320648193
YJR042W,YKL055C,0,-8.373518,0.1007462665438652,0.9798387289047241,0.8745967745780945
YNL097C,YER005W,0,-8.374954,0.10072539001703262,0.9798387289047241,0.8747983574867249
YPL255W,YPL137C,0,-8.375605,0.10070451349020004,0.9798387289047241,0.875
YGL201C,YEL020W-A,0,-8.3771305,0.10068365186452866,0.9798387289047241,0.8752016425132751
YNL294C,YKR059W,0,-8.379496,0.10066279768943787,0.9798387289047241,0.8754032254219055
YBR158W,YJL041W,0,-8.379989,0.10064195841550827,0.9798387289047241,0.8756048679351807
YDR174W,YHR106W,0,-8.381786,0.10062111914157867,0.9798387289047241,0.875806450843811
YGR264C,YAL009W,0,-8.382349,0.10060028731822968,0.9798387289047241,0.8760080933570862
YNL256W,YNL239W,0,-8.382429,0.10057947039604187,0.9798387289047241,0.8762096762657166
YGR142W,YDR389W,0,-8.384697,0.10055866092443466,0.9798387289047241,0.8764113187789917
YGR262C,YPR007C,0,-8.385041,0.10053785890340805,0.9798387289047241,0.8766129016876221
YOL139C,YOL122C,0,-8.385849,0.10051706433296204,0.9798387289047241,0.8768145442008972
YOL059W,YBR289W,0,-8.386845,0.10049627721309662,0.9798387289047241,0.8770161271095276
YLR276C,YPL138C,0,-8.388643,0.1004755049943924,0.9798387289047241,0.8772177696228027
YMR011W,YGL113W,0,-8.389959,0.10045473277568817,0.9798387289047241,0.8774193525314331
YLR133W,YLR060W,0,-8.390137,0.10043397545814514,0.9798387289047241,0.8776209950447083
YDR364C,YER053C,0,-8.391877,0.10041322559118271,0.9798387289047241,0.8778225779533386
YNR058W,YMR076C,0,-8.396683,0.10039248317480087,0.9798387289047241,0.8780242204666138
YOR269W,YDR529C,0,-8.401374,0.10037174820899963,0.9798387289047241,0.8782258033752441
YFL050C,YPR056W,0,-8.402664,0.10035102069377899,0.9798387289047241,0.8784274458885193
YDL117W,YJL045W,0,-8.403484,0.10033030807971954,0.9798387289047241,0.8786290287971497
YKL029C,YPR125W,0,-8.406588,0.1003095954656601,0.9798387289047241,0.8788306713104248
YER173W,YHR197W,0,-8.407528,0.10028889775276184,0.9798387289047241,0.8790322542190552
YNL258C,YOL125W,0,-8.408092,0.10026820749044418,0.9798387289047241,0.8792338967323303
YOR340C,YLR385C,0,-8.408444,0.10024752467870712,0.9798387289047241,0.8794354796409607
YPR124W,YOR287C,0,-8.409084,0.10022684931755066,0.9798387289047241,0.8796371221542358
YDL227C,YKL012W,0,-8.410074,0.10020618885755539,0.9798387289047241,0.8798387050628662
YPL178W,YMR015C,0,-8.4101715,0.10018552839756012,0.9798387289047241,0.8800403475761414
YOR244W,YDR395W,0,-8.411071,0.10016488283872604,0.9798387289047241,0.8802419304847717
YIL155C,YGL112C,0,-8.412472,0.10014423727989197,0.9798387289047241,0.8804435729980469
YBR244W,YPR083W,0,-8.412688,0.10012360662221909,0.9798387289047241,0.8806451559066772
YNL257C,YPL026C,0,-8.414885,0.1001029834151268,0.9798387289047241,0.8808467984199524
YGL100W,YNR034W,0,-8.415083,0.10008237510919571,0.9798387289047241,0.8810483813285828
YDR268W,YBR212W,0,-8.417208,0.10006176680326462,0.9798387289047241,0.8812500238418579
YMR001C,YBR250W,0,-8.417858,0.10004116594791412,0.9798387289047241,0.8814516067504883
YOR036W,YPR191W,0,-8.418118,0.10002057999372482,0.9798387289047241,0.8816532492637634
YOR180C,YMR246W,0,-8.41853,0.10000000149011612,0.9798387289047241,0.8818548321723938
YGR264C,YDR259C,0,-8.419641,0.09997943043708801,0.9798387289047241,0.882056474685669
YNL331C,YGR192C,0,-8.422959,0.0999588668346405,0.9798387289047241,0.8822580575942993
YNR043W,YGR169C,0,-8.423235,0.09993831068277359,0.9798387289047241,0.8824597001075745
YHR094C,YPL180W,0,-8.425755,0.09991776198148727,0.9798387289047241,0.8826612830162048
YHR086W,YLR335W,0,-8.4284,0.09989722818136215,0.9798387289047241,0.88286292552948
YJR078W,YOR332W,0,-8.429062,0.09987669438123703,0.9798387289047241,0.8830645084381104
YNL131W,YDR213W,0,-8.432933,0.0998561754822731,0.9798387289047241,0.8832661509513855
YPL256C,YLL060C,0,-8.434,0.09983566403388977,0.9798387289047241,0.8834677338600159
YKR039W,YPR103W,0,-8.434143,0.09981516003608704,0.9798387289047241,0.883669376373291
YER119C,YGR192C,0,-8.434514,0.0997946634888649,0.9798387289047241,0.8838709592819214
YMR296C,YMR021C,0,-8.436026,0.09977417439222336,0.9798387289047241,0.8840726017951965
YNL172W,YKL008C,0,-8.436287,0.09975369274616241,0.9798387289047241,0.8842741847038269
YDR335W,YBR186W,0,-8.436437,0.09973322600126266,0.9798387289047241,0.884475827217102
YBR200W,YHR065C,0,-8.4375515,0.09971275925636292,0.9798387289047241,0.8846774101257324
YPL097W,YPR016C,0,-8.439078,0.09969230741262436,0.9798387289047241,0.8848790526390076
YMR068W,YBL093C,0,-8.439695,0.0996718630194664,0.9798387289047241,0.8850806355476379
YBR221C,YPR190C,0,-8.444033,0.09965142607688904,0.9798387289047241,0.8852822780609131
YJR001W,YNL256W,0,-8.44408,0.09963099658489227,0.9798387289047241,0.8854838609695435
YJL179W,YML007W,0,-8.446045,0.0996105745434761,0.9798387289047241,0.8856855034828186
YCL063W,YLR240W,1,-8.449832,0.09979508072137833,0.9818548560142517,0.8856855034828186
YCR088W,YKR072C,0,-8.453718,0.09977463632822037,0.9818548560142517,0.885887086391449
YMR280C,YCR020W-B,0,-8.45605,0.099754199385643,0.9818548560142517,0.8860887289047241
YJR150C,YGL169W,0,-8.459421,0.09973376989364624,0.9818548560142517,0.8862903118133545
YJR082C,YJR147W,0,-8.460193,0.09971334785223007,0.9818548560142517,0.8864919543266296
YML042W,YOL067C,0,-8.461154,0.0996929407119751,0.9818548560142517,0.88669353723526
YLR056W,YMR156C,0,-8.462891,0.09967253357172012,0.9818548560142517,0.8868951797485352
YNL173C,YBR237W,0,-8.46452,0.09965214133262634,0.9818548560142517,0.8870967626571655
YOR133W,YCR034W,0,-8.464972,0.09963174909353256,0.9818548560142517,0.8872984051704407
YDR216W,YDL185W,0,-8.465917,0.09961137175559998,0.9818548560142517,0.887499988079071
YGR224W,YIL065C,0,-8.466207,0.09959100186824799,0.9818548560142517,0.8877016305923462
YOL021C,YLL019C,0,-8.471621,0.09957063943147659,0.9818548560142517,0.8879032135009766
YPR102C,YLR045C,0,-8.473515,0.0995502844452858,0.9818548560142517,0.8881048560142517
YDR317W,YIL017C,0,-8.473831,0.0995299443602562,0.9818548560142517,0.8883064389228821
YKL022C,YLR150W,0,-8.474035,0.09950960427522659,0.9818548560142517,0.8885080814361572
YGR246C,YDR523C,0,-8.47422,0.09948927164077759,0.9818548560142517,0.8887096643447876
YPL096W,YHR048W,0,-8.477484,0.09946895390748978,0.9818548560142517,0.8889113068580627
YGL111W,YOR075W,0,-8.478308,0.09944864362478256,0.9818548560142517,0.8891128897666931
YCL063W,YCL062W,1,-8.478752,0.09963250160217285,0.9838709831237793,0.8891128897666931
YPR037C,YGR159C,0,-8.479629,0.09961216896772385,0.9838709831237793,0.8893145322799683
YPL012W,YOR256C,0,-8.480007,0.09959183633327484,0.9838709831237793,0.8895161151885986
YOR335C,YOR257W,0,-8.485926,0.09957151859998703,0.9838709831237793,0.8897177577018738
YBR037C,YHR084W,0,-8.48736,0.09955120086669922,0.9838709831237793,0.8899193406105042
YDR298C,YPR033C,0,-8.487408,0.0995308980345726,0.9838709831237793,0.8901209831237793
YHR102W,YLR119W,0,-8.48967,0.09951060265302658,0.9838709831237793,0.8903225660324097
YLR362W,YER031C,0,-8.491922,0.09949031472206116,0.9838709831237793,0.8905242085456848
YJR108W,YDR023W,0,-8.491948,0.09947003424167633,0.9838709831237793,0.8907257914543152
YDR446W,YGR143W,0,-8.493408,0.0994497686624527,0.9838709831237793,0.8909274339675903
YBR295W,YBR171W,0,-8.494615,0.09942950308322906,0.9838709831237793,0.8911290168762207
YCR086W,YEL032W,0,-8.498266,0.09940924495458603,0.9838709831237793,0.8913306593894958
YGR264C,YBR221C,0,-8.502032,0.09938900172710419,0.9838709831237793,0.8915322422981262
YNL270C,YBR267W,0,-8.503724,0.09936876595020294,0.9838709831237793,0.8917338848114014
YMR173W,YGR296W,0,-8.504768,0.0993485376238823,0.9838709831237793,0.8919354677200317
YPR154W,YGR213C,0,-8.505005,0.09932830929756165,0.9838709831237793,0.8921371102333069
YJL071W,YOR313C,0,-8.505286,0.09930809587240219,0.9838709831237793,0.8923386931419373
YBR017C,YJR156C,0,-8.50561,0.09928789734840393,0.9838709831237793,0.8925403356552124
YBL042C,YNL147W,0,-8.508841,0.09926769882440567,0.9838709831237793,0.8927419185638428
YLR449W,YNL282W,0,-8.510016,0.099247507750988,0.9838709831237793,0.8929435610771179
YGL047W,YPL076W,0,-8.510801,0.09922733157873154,0.9838709831237793,0.8931451439857483
YPL194W,YNL256W,0,-8.511049,0.09920715540647507,0.9838709831237793,0.8933467864990234
YGL183C,YOR298W,0,-8.511332,0.09918699413537979,0.9838709831237793,0.8935483694076538
YGL055W,YLR240W,1,-8.511605,0.09937004745006561,0.9858871102333069,0.8935483694076538
YOR185C,YOL116W,0,-8.511689,0.09934985637664795,0.9858871102333069,0.893750011920929
YFL014W,YGL143C,0,-8.514803,0.09932968020439148,0.9858871102333069,0.8939515948295593
YKL004W,YPL059W,0,-8.515352,0.09930950403213501,0.9858871102333069,0.8941532373428345
YJL117W,YDL081C,0,-8.515955,0.09928934276103973,0.9858871102333069,0.8943548202514648
YLR347C,YDR087C,0,-8.520422,0.09926918148994446,0.9858871102333069,0.89455646276474
YDR446W,YCR084C,0,-8.524264,0.09924903512001038,0.9858871102333069,0.8947580456733704
YNL230C,YGR123C,0,-8.527617,0.09922889620065689,0.9858871102333069,0.8949596881866455
YAL055W,YDR465C,0,-8.528379,0.099208764731884,0.9858871102333069,0.8951612710952759
YBR039W,YOR224C,0,-8.531178,0.09918864071369171,0.9858871102333069,0.895362913608551
YDL019C,YDL130W,0,-8.531373,0.09916852414608002,0.9858871102333069,0.8955644965171814
YOL059W,YGL053W,0,-8.53174,0.09914841502904892,0.9858871102333069,0.8957661390304565
YLR427W,YPR100W,0,-8.532993,0.09912832081317902,0.9858871102333069,0.8959677219390869
YER073W,YBR275C,0,-8.533445,0.09910822659730911,0.9858871102333069,0.8961693644523621
YJL198W,YBR173C,0,-8.533477,0.0990881472826004,0.9858871102333069,0.8963709473609924
YHR075C,YLR014C,0,-8.535079,0.0990680679678917,0.9858871102333069,0.8965725898742676
YGL035C,YGL135W,0,-8.535469,0.09904800355434418,0.9858871102333069,0.896774172782898
YIL062C,YCL063W,1,-8.536461,0.09923046082258224,0.9879032373428345,0.896774172782898
YER062C,YLR298C,0,-8.537676,0.09921036660671234,0.9879032373428345,0.8969758152961731
YGL089C,YER105C,0,-8.540496,0.09919027984142303,0.9879032373428345,0.8971773982048035
YDL243C,YFR021W,0,-8.541657,0.09917020797729492,0.9879032373428345,0.8973790407180786
YEL071W,YPL117C,0,-8.542206,0.0991501435637474,0.9879032373428345,0.897580623626709
YEL003W,YHR075C,0,-8.54274,0.09913008660078049,0.9879032373428345,0.8977822661399841
YLR056W,YBR254C,0,-8.543482,0.09911002963781357,0.9879032373428345,0.8979838490486145
YNL112W,YGL158W,0,-8.544701,0.09908998757600784,0.9879032373428345,0.8981854915618896
YGR159C,YGR186W,0,-8.546809,0.09906995296478271,0.9879032373428345,0.89838707447052
YBR114W,YJL080C,0,-8.549269,0.09904992580413818,0.9879032373428345,0.8985887169837952
YMR029C,YKL143W,0,-8.55015,0.09902991354465485,0.9879032373428345,0.8987902998924255
YOL139C,YIL002C,0,-8.551359,0.09900990128517151,0.9879032373428345,0.8989919424057007
YDR038C,YJR145C,0,-8.551877,0.09898989647626877,0.9879032373428345,0.899193525314331
YOR269W,YDL159W,0,-8.552471,0.09896990656852722,0.9879032373428345,0.8993951678276062
YER054C,YOR237W,0,-8.553423,0.09894991666078568,0.9879032373428345,0.8995967507362366
YOR201C,YJL117W,0,-8.561241,0.09892994165420532,0.9879032373428345,0.8997983932495117
YOR244W,YEL042W,0,-8.561697,0.09890997409820557,0.9879032373428345,0.8999999761581421
YIR041W,YLR136C,0,-8.561863,0.09889000654220581,0.9879032373428345,0.9002016186714172
YOR198C,YFL021W,0,-8.564403,0.09887005388736725,0.9879032373428345,0.9004032015800476
YBR070C,YML113W,0,-8.564475,0.09885010868310928,0.9879032373428345,0.9006048440933228
YNR010W,YFR029W,0,-8.567734,0.09883017092943192,0.9879032373428345,0.9008064270019531
YEL061C,YPL026C,0,-8.567854,0.09881024062633514,0.9879032373428345,0.9010080695152283
YBR121C,YER042W,0,-8.568562,0.09879032522439957,0.9879032373428345,0.9012096524238586
YGR278W,YNR034W,0,-8.568996,0.09877040982246399,0.9879032373428345,0.9014112949371338
YHR114W,YPL212C,0,-8.570061,0.09875050187110901,0.9879032373428345,0.9016128778457642
YOR073W,YMR175W,0,-8.570754,0.09873060882091522,0.9879032373428345,0.9018145203590393
YFR030W,YGR249W,0,-8.571177,0.09871071577072144,0.9879032373428345,0.9020161032676697
YER020W,YEL032W,0,-8.572777,0.09869083762168884,0.9879032373428345,0.9022177457809448
YER001W,YDR335W,0,-8.573452,0.09867095947265625,0.9879032373428345,0.9024193286895752
YNL327W,YOR272W,0,-8.575547,0.09865109622478485,0.9879032373428345,0.9026209712028503
YOR211C,YHR157W,0,-8.576824,0.09863124042749405,0.9879032373428345,0.9028225541114807
YER036C,YDR270W,0,-8.57715,0.09861139208078384,0.9879032373428345,0.9030241966247559
YBR217W,YGL169W,0,-8.578062,0.09859155118465424,0.9879032373428345,0.9032257795333862
YDR101C,YJR022W,0,-8.5786295,0.09857171773910522,0.9879032373428345,0.9034274220466614
YKL182W,YDR043C,0,-8.580089,0.09855189174413681,0.9879032373428345,0.9036290049552917
YPL121C,YOR004W,0,-8.581671,0.09853207319974899,0.9879032373428345,0.9038306474685669
YMR015C,YHR124W,0,-8.581812,0.09851226210594177,0.9879032373428345,0.9040322303771973
YLR214W,YKR039W,0,-8.586356,0.09849246591329575,0.9879032373428345,0.9042338728904724
YDR384C,YNL090W,0,-8.588749,0.09847266972064972,0.9879032373428345,0.9044354557991028
YGL175C,YOR272W,0,-8.590556,0.09845288097858429,0.9879032373428345,0.9046370983123779
YML094W,YMR109W,0,-8.591463,0.09843310713768005,0.9879032373428345,0.9048386812210083
YLR110C,YHR058C,0,-8.594627,0.09841333329677582,0.9879032373428345,0.9050403237342834
YOR038C,YHR096C,0,-8.594921,0.09839357435703278,0.9879032373428345,0.9052419066429138
YLR276C,YKL160W,0,-8.597051,0.09837382286787033,0.9879032373428345,0.905443549156189
YOR201C,YDR255C,0,-8.600749,0.09835407137870789,0.9879032373428345,0.9056451320648193
YIL079C,YDR135C,0,-8.601364,0.09833433479070663,0.9879032373428345,0.9058467745780945
YDR178W,YHR014W,0,-8.602593,0.09831460565328598,0.9879032373428345,0.9060483574867249
YKL185W,YJR063W,0,-8.602648,0.09829488396644592,0.9879032373428345,0.90625
YDL014W,YGR221C,0,-8.604927,0.09827516973018646,0.9879032373428345,0.9064516425132751
YMR037C,YJL011C,0,-8.6077385,0.0982554629445076,0.9879032373428345,0.9066532254219055
YIL132C,YOL080C,0,-8.608219,0.09823576360940933,0.9879032373428345,0.9068548679351807
YIL132C,YNL207W,0,-8.608237,0.09821607172489166,0.9879032373428345,0.907056450843811
YGL241W,YJR073C,0,-8.609134,0.09819639474153519,0.9879032373428345,0.9072580933570862
YMR042W,YGR222W,0,-8.609184,0.09817671775817871,0.9879032373428345,0.9074596762657166
YLR397C,YJL053W,0,-8.611151,0.09815704822540283,0.9879032373428345,0.9076613187789917
YKL009W,YOL090W,0,-8.611364,0.09813739359378815,0.9879032373428345,0.9078629016876221
YGR113W,YPL026C,0,-8.611577,0.09811773896217346,0.9879032373428345,0.9080645442008972
YNR075W,YNL160W,0,-8.611602,0.09809809923171997,0.9879032373428345,0.9082661271095276
YJR035W,YDR447C,0,-8.611811,0.09807845950126648,0.9879032373428345,0.9084677696228027
YDR120C,YDR135C,0,-8.614715,0.09805883467197418,0.9879032373428345,0.9086693525314331
YMR312W,YFL013C,0,-8.615252,0.09803921729326248,0.9879032373428345,0.9088709950447083
YPR005C,YLR321C,0,-8.619954,0.09801960736513138,0.9879032373428345,0.9090725779533386
YIL075C,YBR250W,0,-8.62035,0.09799999743700027,0.9879032373428345,0.9092742204666138
YHR098C,YNL007C,0,-8.620907,0.09798040241003036,0.9879032373428345,0.9094758033752441
YMR136W,YBL014C,0,-8.623543,0.09796081483364105,0.9879032373428345,0.9096774458885193
YBR040W,YBR179C,0,-8.62426,0.09794123470783234,0.9879032373428345,0.9098790287971497
YOL104C,YDL083C,0,-8.624382,0.09792166203260422,0.9879032373428345,0.9100806713104248
YDR121W,YIR017C,0,-8.625946,0.0979020968079567,0.9879032373428345,0.9102822542190552
YCR063W,YPL188W,0,-8.628731,0.09788253903388977,0.9879032373428345,0.9104838967323303
YPL012W,YMR302C,0,-8.6289,0.09786298871040344,0.9879032373428345,0.9106854796409607
YGL225W,YBR216C,0,-8.629108,0.09784345328807831,0.9879032373428345,0.9108871221542358
YDL138W,YOR182C,0,-8.629113,0.09782391786575317,0.9879032373428345,0.9110887050628662
YOL101C,YER126C,0,-8.629469,0.09780438989400864,0.9879032373428345,0.9112903475761414
YNL006W,YIL119C,0,-8.630063,0.09778487682342529,0.9879032373428345,0.9114919304847717
YDL198C,YIR041W,0,-8.632811,0.09776536375284195,0.9879032373428345,0.9116935729980469
YNL164C,YGR086C,0,-8.6333275,0.0977458581328392,0.9879032373428345,0.9118951559066772
YKL140W,YDL170W,0,-8.634577,0.09772636741399765,0.9879032373428345,0.9120967984199524
YNR044W,YGR286C,0,-8.634682,0.0977068766951561,0.9879032373428345,0.9122983813285828
YFR001W,YEL062W,0,-8.636373,0.09768740087747574,0.9879032373428345,0.9125000238418579
YPR182W,YDR297W,0,-8.638048,0.09766793251037598,0.9879032373428345,0.9127016067504883
YJR097W,YER018C,0,-8.638973,0.09764846414327621,0.9879032373428345,0.9129032492637634
YMR314W,YLL041C,0,-8.641683,0.09762901067733765,0.9879032373428345,0.9131048321723938
YDL181W,YGR186W,0,-8.642565,0.09760956466197968,0.9879032373428345,0.913306474685669
YOR206W,YGL127C,0,-8.642866,0.0975901186466217,0.9879032373428345,0.9135080575942993
YPL140C,YOR145C,0,-8.643272,0.09757068753242493,0.9879032373428345,0.9137097001075745
YNL223W,YIL114C,0,-8.643738,0.09755126386880875,0.9879032373428345,0.9139112830162048
YDR487C,YOL138C,0,-8.645784,0.09753184765577316,0.9879032373428345,0.91411292552948
YOR120W,YLR363C,0,-8.647945,0.09751243889331818,0.9879032373428345,0.9143145084381104
YGR155W,YPL002C,0,-8.64846,0.09749303758144379,0.9879032373428345,0.9145161509513855
YBR177C,YLR106C,0,-8.651678,0.09747364372015,0.9879032373428345,0.9147177338600159
YOR185C,YDR386W,0,-8.656096,0.0974542573094368,0.9879032373428345,0.914919376373291
YLL034C,YNL012W,0,-8.660845,0.0974348783493042,0.9879032373428345,0.9151209592819214
YGR165W,YKL009W,0,-8.660967,0.0974155068397522,0.9879032373428345,0.9153226017951965
YLR288C,YBL024W,0,-8.661232,0.09739614278078079,0.9879032373428345,0.9155241847038269
YGR145W,YDR221W,0,-8.66228,0.09737678617238998,0.9879032373428345,0.915725827217102
YGR286C,YNL281W,0,-8.662659,0.09735744446516037,0.9879032373428345,0.9159274101257324
YMR285C,YDR479C,0,-8.671706,0.09733810275793076,0.9879032373428345,0.9161290526390076
YIL075C,YPR143W,0,-8.672218,0.09731876850128174,0.9879032373428345,0.9163306355476379
YKL052C,YNL135C,0,-8.678198,0.09729944169521332,0.9879032373428345,0.9165322780609131
YFR037C,YBR294W,0,-8.678488,0.09728012979030609,0.9879032373428345,0.9167338609695435
YPL167C,YCR072C,0,-8.678976,0.09726081788539886,0.9879032373428345,0.9169355034828186
YKL204W,YER054C,0,-8.679105,0.09724151343107224,0.9879032373428345,0.917137086391449
YPL210C,YER024W,0,-8.680568,0.0972222238779068,0.9879032373428345,0.9173387289047241
YER056C,YPR140W,0,-8.681166,0.09720293432474136,0.9879032373428345,0.9175403118133545
YDR361C,YEL004W,0,-8.682234,0.09718365967273712,0.9879032373428345,0.9177419543266296
YOL009C,YCL063W,1,-8.684074,0.09736268222332001,0.9899193644523621,0.9177419543266296
YKL194C,YJL050W,0,-8.684191,0.09734337776899338,0.9899193644523621,0.91794353723526
YDL142C,YDL111C,0,-8.688058,0.09732408076524734,0.9899193644523621,0.9181451797485352
YER029C,YPL019C,0,-8.689878,0.0973047986626625,0.9899193644523621,0.9183467626571655
YBR237W,YIL105C,0,-8.695773,0.09728551656007767,0.9899193644523621,0.9185484051704407
YER017C,YOR206W,0,-8.6977415,0.09726624190807343,0.9899193644523621,0.918749988079071
YHR053C,YDR028C,0,-8.698054,0.09724698215723038,0.9899193644523621,0.9189516305923462
YBR024W,YLR130C,0,-8.699875,0.09722772240638733,0.9899193644523621,0.9191532135009766
YLR216C,YBR084W,0,-8.701205,0.09720847010612488,0.9899193644523621,0.9193548560142517
YOL077C,YGR002C,0,-8.702776,0.09718923270702362,0.9899193644523621,0.9195564389228821
YFL055W,YDL150W,0,-8.70337,0.09716999530792236,0.9899193644523621,0.9197580814361572
YPL135W,YDR312W,0,-8.704487,0.0971507728099823,0.9899193644523621,0.9199596643447876
YKL011C,YFR030W,0,-8.70485,0.09713155031204224,0.9899193644523621,0.9201613068580627
YGR244C,YEL032W,0,-8.709514,0.09711234271526337,0.9899193644523621,0.9203628897666931
YDR513W,YDL213C,0,-8.710946,0.0970931351184845,0.9899193644523621,0.9205645322799683
YPL075W,YOR036W,0,-8.715055,0.09707394242286682,0.9899193644523621,0.9207661151885986
YIL097W,YEL009C,0,-8.717475,0.09705475717782974,0.9899193644523621,0.9209677577018738
YPL031C,YNL279W,0,-8.718088,0.09703557193279266,0.9899193644523621,0.9211693406105042
YBL099W,YDR382W,0,-8.719313,0.09701640158891678,0.9899193644523621,0.9213709831237793
YER073W,YKL170W,0,-8.723474,0.0969972312450409,0.9899193644523621,0.9215725660324097
YBR169C,YPL042C,0,-8.724053,0.0969780758023262,0.9899193644523621,0.9217742085456848
YDL223C,YNL012W,0,-8.724842,0.09695892781019211,0.9899193644523621,0.9219757914543152
YIL065C,YHR069C,0,-8.725056,0.09693977981805801,0.9899193644523621,0.9221774339675903
YBR160W,YLR223C,0,-8.727006,0.09692064672708511,0.9899193644523621,0.9223790168762207
YNL041C,YBL039C,0,-8.728077,0.09690152108669281,0.9899193644523621,0.9225806593894958
YNL027W,YIL019W,0,-8.733789,0.0968824028968811,0.9899193644523621,0.9227822422981262
YGL153W,YCR053W,0,-8.738496,0.0968632847070694,0.9899193644523621,0.9229838848114014
YDR129C,YGR090W,0,-8.740356,0.09684418141841888,0.9899193644523621,0.9231854677200317
YAL029C,YGL055W,1,-8.741152,0.09702228009700775,0.9919354915618896,0.9231854677200317
YGR041W,YGR088W,0,-8.744404,0.09700315445661545,0.9919354915618896,0.9233871102333069
YHL031C,YKR042W,0,-8.745011,0.09698403626680374,0.9919354915618896,0.9235886931419373
YDR361C,YML075C,0,-8.745468,0.09696491807699203,0.9919354915618896,0.9237903356552124
YKL179C,YPL093W,0,-8.746603,0.09694581478834152,0.9919354915618896,0.9239919185638428
YLR129W,YOR230W,0,-8.747822,0.09692671149969101,0.9919354915618896,0.9241935610771179
YML094W,YPR191W,0,-8.749319,0.09690762311220169,0.9919354915618896,0.9243951439857483
YGL158W,YDL081C,0,-8.749628,0.09688854217529297,0.9919354915618896,0.9245967864990234
YIL062C,YGL055W,1,-8.751165,0.09706635028123856,0.9939516186714172,0.9245967864990234
YDR465C,YDR409W,0,-8.752136,0.09704724699258804,0.9939516186714172,0.9247983694076538
YHR082C,YJR002W,0,-8.754151,0.09702814370393753,0.9939516186714172,0.925000011920929
YIL079C,YPR100W,0,-8.75429,0.09700904786586761,0.9939516186714172,0.9252015948295593
YHR194W,YAL029C,1,-8.75499,0.09718669950962067,0.9959677457809448,0.9252015948295593
YGR142W,YNL023C,0,-8.7557335,0.09716758131980896,0.9959677457809448,0.9254032373428345
YCL051W,YGL225W,0,-8.756634,0.09714847803115845,0.9959677457809448,0.9256048202514648
YNL182C,YKR052C,0,-8.75674,0.09712937474250793,0.9959677457809448,0.92580646276474
YPL126W,YOR313C,0,-8.762452,0.09711027890443802,0.9959677457809448,0.9260080456733704
YDR412W,YPR133W-A,0,-8.763506,0.0970911979675293,0.9959677457809448,0.9262096881866455
YPR167C,YER103W,0,-8.765669,0.09707211703062057,0.9959677457809448,0.9264112710952759
YIL019W,YOR361C,0,-8.769505,0.09705304354429245,0.9959677457809448,0.926612913608551
YPL031C,YNL221C,0,-8.770926,0.09703398495912552,0.9959677457809448,0.9268144965171814
YBR092C,YDR523C,0,-8.77115,0.09701492637395859,0.9959677457809448,0.9270161390304565
YGL209W,YDL120W,0,-8.773018,0.09699587523937225,0.9959677457809448,0.9272177219390869
YDR517W,YLL012W,0,-8.773244,0.09697683900594711,0.9959677457809448,0.9274193644523621
YFR036W,YFL014W,0,-8.777002,0.09695780277252197,0.9959677457809448,0.9276209473609924
YDL243C,YNL302C,0,-8.77701,0.09693877398967743,0.9959677457809448,0.9278225898742676
YLR155C,YPR133C,0,-8.777105,0.09691976010799408,0.9959677457809448,0.928024172782898
YOL026C,YBR267W,0,-8.778133,0.09690074622631073,0.9959677457809448,0.9282258152961731
YHR092C,YLR248W,0,-8.780264,0.09688173979520798,0.9959677457809448,0.9284273982048035
YLR110C,YPL152W,0,-8.781419,0.09686274826526642,0.9959677457809448,0.9286290407180786
YDR069C,YDL039C,0,-8.784474,0.09684375673532486,0.9959677457809448,0.928830623626709
YBR158W,YOR259C,0,-8.78557,0.0968247726559639,0.9959677457809448,0.9290322661399841
YJL184W,YHR006W,0,-8.786016,0.09680580347776413,0.9959677457809448,0.9292338490486145
YJR006W,YER103W,0,-8.788466,0.09678683429956436,0.9959677457809448,0.9294354915618896
YJR137C,YIL125W,0,-8.791878,0.09676787257194519,0.9959677457809448,0.92963707447052
YPR155C,YGR279C,0,-8.793246,0.09674892574548721,0.9959677457809448,0.9298387169837952
YKL012W,YOL124C,0,-8.798323,0.09672997891902924,0.9959677457809448,0.9300402998924255
YAL055W,YNL066W,0,-8.79865,0.09671103954315186,0.9959677457809448,0.9302419424057007
YMR250W,YGL192W,0,-8.799576,0.09669211506843567,0.9959677457809448,0.930443525314331
YER015W,YIL121W,0,-8.799808,0.09667319059371948,0.9959677457809448,0.9306451678276062
YDR184C,YJR110W,0,-8.800208,0.09665427356958389,0.9959677457809448,0.9308467507362366
YDL230W,YDR190C,0,-8.800755,0.0966353714466095,0.9959677457809448,0.9310483932495117
YDL014W,YOR145C,0,-8.8050585,0.0966164693236351,0.9959677457809448,0.9312499761581421
YBR154C,YHL006C,0,-8.806521,0.0965975746512413,0.9959677457809448,0.9314516186714172
YDR216W,YPL204W,0,-8.807938,0.0965786874294281,0.9959677457809448,0.9316532015800476
YGL029W,YPL164C,0,-8.81086,0.09655981510877609,0.9959677457809448,0.9318548440933228
YER116C,YDR324C,0,-8.81147,0.09654094278812408,0.9959677457809448,0.9320564270019531
YDR184C,YMR052W,0,-8.814606,0.09652207791805267,0.9959677457809448,0.9322580695152283
YHR019C,YDR515W,0,-8.814886,0.09650322049856186,0.9959677457809448,0.9324596524238586
YML130C,YDR244W,0,-8.816126,0.09648437798023224,0.9959677457809448,0.9326612949371338
YDR043C,YER082C,0,-8.81897,0.09646553546190262,0.9959677457809448,0.9328628778457642
YLR116W,YNL113W,0,-8.819231,0.0964467003941536,0.9959677457809448,0.9330645203590393
YDL197C,YDR060W,0,-8.82297,0.09642787277698517,0.9959677457809448,0.9332661032676697
YDR037W,YNL006W,0,-8.823427,0.09640905261039734,0.9959677457809448,0.9334677457809448
YMR285C,YDR529C,0,-8.827892,0.0963902473449707,0.9959677457809448,0.9336693286895752
YCR063W,YER026C,0,-8.830562,0.09637144207954407,0.9959677457809448,0.9338709712028503
YNL331C,YJL011C,0,-8.830643,0.09635264426469803,0.9959677457809448,0.9340725541114807
YBR177C,YCR073C,0,-8.840132,0.09633385390043259,0.9959677457809448,0.9342741966247559
YLR068W,YNL273W,0,-8.843301,0.09631507098674774,0.9959677457809448,0.9344757795333862
YBR070C,YBR267W,0,-8.843426,0.0962962955236435,0.9959677457809448,0.9346774220466614
YLR110C,YOR008C,0,-8.844446,0.09627752751111984,0.9959677457809448,0.9348790049552917
YBR161W,YIR017C,0,-8.846817,0.09625876694917679,0.9959677457809448,0.9350806474685669
YIL155C,YGL033W,0,-8.852374,0.09624001383781433,0.9959677457809448,0.9352822303771973
YHR001W-A,YML124C,0,-8.853394,0.09622126817703247,0.9959677457809448,0.9354838728904724
YMR167W,YBR265W,0,-8.853405,0.09620252996683121,0.9959677457809448,0.9356854557991028
YMR001C,YJR156C,0,-8.853846,0.09618379920721054,0.9959677457809448,0.9358870983123779
YOR035C,YCR053W,0,-8.860958,0.09616507589817047,0.9959677457809448,0.9360886812210083
YFL022C,YOL065C,0,-8.861022,0.096146360039711,0.9959677457809448,0.9362903237342834
YDL039C,YJL173C,0,-8.862699,0.09612765163183212,0.9959677457809448,0.9364919066429138
YPR137W,YOR014W,0,-8.865746,0.09610895067453384,0.9959677457809448,0.936693549156189
YHR170W,YPL180W,0,-8.8658905,0.09609025716781616,0.9959677457809448,0.9368951320648193
YPR010C,YDR259C,0,-8.866452,0.09607157111167908,0.9959677457809448,0.9370967745780945
YNL098C,YJR063W,0,-8.866756,0.09605288505554199,0.9959677457809448,0.9372983574867249
YHR142W,YPR006C,0,-8.867843,0.0960342139005661,0.9959677457809448,0.9375
YDR277C,YJR009C,0,-8.8710375,0.0960155501961708,0.9959677457809448,0.9377016425132751
YML130C,YFR029W,0,-8.87542,0.09599689394235611,0.9959677457809448,0.9379032254219055
YER088C,YNL227C,0,-8.87976,0.09597823768854141,0.9959677457809448,0.9381048679351807
YPR189W,YOR027W,0,-8.882214,0.09595959633588791,0.9959677457809448,0.938306450843811
YMR136W,YOR159C,0,-8.883633,0.095940962433815,0.9959677457809448,0.9385080933570862
YDR492W,YKL154W,0,-8.8839445,0.0959223285317421,0.9959677457809448,0.9387096762657166
YBR177C,YJL033W,0,-8.884281,0.09590370953083038,0.9959677457809448,0.9389113187789917
YCL017C,YLL034C,0,-8.885303,0.09588509052991867,0.9959677457809448,0.9391129016876221
YBR196C,YLR045C,0,-8.88887,0.09586648643016815,0.9959677457809448,0.9393145442008972
YJR042W,YPR007C,0,-8.889937,0.09584788233041763,0.9959677457809448,0.9395161271095276
YER104W,YDR324C,0,-8.891876,0.09582929313182831,0.9959677457809448,0.9397177696228027
YOL065C,YMR177W,0,-8.892085,0.09581070393323898,0.9959677457809448,0.9399193525314331
YPR138C,YNL129W,0,-8.894375,0.09579212963581085,0.9959677457809448,0.9401209950447083
YLR401C,YPR072W,0,-8.89472,0.09577355533838272,0.9959677457809448,0.9403225779533386
YPR167C,YHR004C,0,-8.895355,0.09575498849153519,0.9959677457809448,0.9405242204666138
YDR312W,YJR049C,0,-8.895674,0.09573643654584885,0.9959677457809448,0.9407258033752441
YMR229C,YOR187W,0,-8.898483,0.0957178846001625,0.9959677457809448,0.9409274458885193
YKL208W,YPL012W,0,-8.900864,0.09569934010505676,0.9959677457809448,0.9411290287971497
YNL182C,YDR487C,0,-8.901775,0.09568080306053162,0.9959677457809448,0.9413306713104248
YDR184C,YMR137C,0,-8.902787,0.09566228091716766,0.9959677457809448,0.9415322542190552
YBR221C,YDR324C,0,-8.904082,0.09564375877380371,0.9959677457809448,0.9417338967323303
YDL208W,YML038C,0,-8.912622,0.09562524408102036,0.9959677457809448,0.9419354796409607
YER142C,YAR002W,0,-8.913469,0.0956067368388176,0.9959677457809448,0.9421371221542358
YDR384C,YKL084W,0,-8.913719,0.09558823704719543,0.9959677457809448,0.9423387050628662
YHR043C,YIL046W,0,-8.916794,0.09556974470615387,0.9959677457809448,0.9425403475761414
YFL011W,YOR272W,0,-8.919958,0.0955512598156929,0.9959677457809448,0.9427419304847717
YER056C,YOR298C-A,0,-8.92074,0.09553278237581253,0.9959677457809448,0.9429435729980469
YHR096C,YOR217W,0,-8.920767,0.09551430493593216,0.9959677457809448,0.9431451559066772
YJL184W,YGR070W,0,-8.924316,0.09549584239721298,0.9959677457809448,0.9433467984199524
YMR058W,YML121W,0,-8.925293,0.0954773873090744,0.9959677457809448,0.9435483813285828
YLR172C,YJR137C,0,-8.925924,0.09545893967151642,0.9959677457809448,0.9437500238418579
YNR058W,YDL142C,0,-8.926562,0.09544049203395844,0.9959677457809448,0.9439516067504883
YDR017C,YFL016C,0,-8.931109,0.09542205929756165,0.9959677457809448,0.9441532492637634
YGR268C,YKL008C,0,-8.933001,0.09540363401174545,0.9959677457809448,0.9443548321723938
YCR034W,YLR023C,0,-8.933196,0.09538520872592926,0.9959677457809448,0.944556474685669
YFR030W,YNL131W,0,-8.933533,0.09536679834127426,0.9959677457809448,0.9447580575942993
YJL076W,YKL178C,0,-8.9366045,0.09534838795661926,0.9959677457809448,0.9449597001075745
YLR401C,YDR501W,0,-8.939024,0.09532998502254486,0.9959677457809448,0.9451612830162048
YLR011W,YDR087C,0,-8.940194,0.09531159698963165,0.9959677457809448,0.94536292552948
YMR079W,YIL017C,0,-8.944319,0.09529320895671844,0.9959677457809448,0.9455645084381104
YMR136W,YLR337C,0,-8.957792,0.09527482837438583,0.9959677457809448,0.9457661509513855
YDR129C,YLR409C,0,-8.959543,0.09525646269321442,0.9959677457809448,0.9459677338600159
YFR055W,YLR362W,0,-8.962629,0.095238097012043,0.9959677457809448,0.946169376373291
YKL114C,YPL152W,0,-8.964367,0.09521973878145218,0.9959677457809448,0.9463709592819214
YJL053W,YOR145C,0,-8.965732,0.09520138800144196,0.9959677457809448,0.9465726017951965
YPL265W,YMR039C,0,-8.969104,0.09518304467201233,0.9959677457809448,0.9467741847038269
YDR123C,YJL089W,0,-8.972808,0.0951647087931633,0.9959677457809448,0.946975827217102
YAL012W,YJR094C,0,-8.97448,0.09514638036489487,0.9959677457809448,0.9471774101257324
YHR107C,YMR136W,0,-8.975618,0.09512805938720703,0.9959677457809448,0.9473790526390076
YPL271W,YOR340C,0,-8.9765005,0.0951097384095192,0.9959677457809448,0.9475806355476379
YFL055W,YGR108W,0,-8.977089,0.09509143233299255,0.9959677457809448,0.9477822780609131
YJR150C,YPL095C,0,-8.978127,0.09507313370704651,0.9959677457809448,0.9479838609695435
YJL069C,YNL241C,0,-8.981298,0.09505484253168106,0.9959677457809448,0.9481855034828186
YLR196W,YML041C,0,-8.98245,0.09503655135631561,0.9959677457809448,0.948387086391449
YEL042W,YBR089C-A,0,-8.983065,0.09501827508211136,0.9959677457809448,0.9485887289047241
YPL256C,YDL083C,0,-8.984139,0.0949999988079071,0.9959677457809448,0.9487903118133545
YMR128W,YIL160C,0,-8.986652,0.09498173743486404,0.9959677457809448,0.9489919543266296
YDR329C,YDR382W,0,-8.990786,0.09496347606182098,0.9959677457809448,0.94919353723526
YDR299W,YOL001W,0,-8.994868,0.09494522213935852,0.9959677457809448,0.9493951797485352
YGL246C,YBR037C,0,-9.00174,0.09492697566747665,0.9959677457809448,0.9495967626571655
YER165W,YDR166C,0,-9.001777,0.09490874409675598,0.9959677457809448,0.9497984051704407
YPL265W,YDR446W,0,-9.002717,0.09489051252603531,0.9959677457809448,0.949999988079071
YNL286W,YNL112W,0,-9.003156,0.09487228840589523,0.9959677457809448,0.9502016305923462
YNL112W,YPL026C,0,-9.006104,0.09485407173633575,0.9959677457809448,0.9504032135009766
YDL036C,YAR035W,0,-9.00692,0.09483586251735687,0.9959677457809448,0.9506048560142517
YDR309C,YMR165C,0,-9.01235,0.09481766074895859,0.9959677457809448,0.9508064389228821
YIL002C,YDR091C,0,-9.013546,0.0947994589805603,0.9959677457809448,0.9510080814361572
YHR005C-A,YOR340C,0,-9.015644,0.09478127211332321,0.9959677457809448,0.9512096643447876
YDR283C,YGR211W,0,-9.016103,0.09476309269666672,0.9959677457809448,0.9514113068580627
YHR169W,YKR002W,0,-9.017363,0.09474492073059082,0.9959677457809448,0.9516128897666931
YOR113W,YHR088W,0,-9.018467,0.09472674876451492,0.9959677457809448,0.9518145322799683
YBL078C,YOL115W,0,-9.025057,0.09470859169960022,0.9959677457809448,0.9520161151885986
YHR011W,YPL126W,0,-9.0280285,0.09469043463468552,0.9959677457809448,0.9522177577018738
YJR137C,YGR213C,0,-9.031389,0.09467228502035141,0.9959677457809448,0.9524193406105042
YFL023W,YPL265W,0,-9.03375,0.0946541503071785,0.9959677457809448,0.9526209831237793
YMR309C,YBL050W,0,-9.03563,0.09463601559400558,0.9959677457809448,0.9528225660324097
YGR200C,YDL208W,0,-9.03782,0.09461788833141327,0.9959677457809448,0.9530242085456848
YDL004W,YBL075C,0,-9.039913,0.09459976851940155,0.9959677457809448,0.9532257914543152
YDR384C,YMR272C,0,-9.04277,0.09458165615797043,0.9959677457809448,0.9534274339675903
YML116W,YFL016C,0,-9.042871,0.0945635512471199,0.9959677457809448,0.9536290168762207
YGR083C,YDR078C,0,-9.048185,0.09454545378684998,0.9959677457809448,0.9538306593894958
YDR130C,YDL014W,0,-9.048374,0.09452736377716064,0.9959677457809448,0.9540322422981262
YLR226W,YFR053C,0,-9.049915,0.09450928121805191,0.9959677457809448,0.9542338848114014
YKL191W,YDL181W,0,-9.050466,0.09449119865894318,0.9959677457809448,0.9544354677200317
YMR142C,YNR006W,0,-9.053295,0.09447313100099564,0.9959677457809448,0.9546371102333069
YJL124C,YER024W,0,-9.053449,0.0944550633430481,0.9959677457809448,0.9548386931419373
YLR276C,YDR076W,0,-9.060253,0.09443701058626175,0.9959677457809448,0.9550403356552124
YJL012C,YJL045W,0,-9.064807,0.0944189578294754,0.9959677457809448,0.9552419185638428
YDR511W,YKL043W,0,-9.068649,0.09440091997385025,0.9959677457809448,0.9554435610771179
YLR423C,YPL212C,0,-9.069509,0.0943828821182251,0.9959677457809448,0.9556451439857483
YDR216W,YMR234W,0,-9.071735,0.09436485171318054,0.9959677457809448,0.9558467864990234
YER015W,YMR079W,0,-9.075113,0.09434682875871658,0.9959677457809448,0.9560483694076538
YGR088W,YMR292W,0,-9.082507,0.09432881325483322,0.9959677457809448,0.956250011920929
YER056C,YPL224C,0,-9.083742,0.09431080520153046,0.9959677457809448,0.9564515948295593
YGL055W,YGR209C,1,-9.093907,0.09448368102312088,0.9979838728904724,0.9564515948295593
YLR195C,YER103W,0,-9.095218,0.09446565061807632,0.9979838728904724,0.9566532373428345
YLL006W,YPL212C,0,-9.096487,0.09444762766361237,0.9979838728904724,0.9568548202514648
YNR053C,YNL012W,0,-9.098318,0.09442960470914841,0.9979838728904724,0.95705646276474
YLL026W,YOR253W,0,-9.103361,0.09441159665584564,0.9979838728904724,0.9572580456733704
YLL034C,YMR142C,0,-9.104966,0.09439359605312347,0.9979838728904724,0.9574596881866455
YLR449W,YBR297W,0,-9.105361,0.0943755954504013,0.9979838728904724,0.9576612710952759
YML042W,YDL164C,0,-9.1156645,0.09435760229825974,0.9979838728904724,0.957862913608551
YDR339C,YFL041W,0,-9.123455,0.09433962404727936,0.9979838728904724,0.9580644965171814
YLR276C,YJL053W,0,-9.126388,0.09432164579629898,0.9979838728904724,0.9582661390304565
YHR004C,YCR072C,0,-9.127245,0.0943036749958992,0.9979838728904724,0.9584677219390869
YBR201W,YFL014W,0,-9.128574,0.09428571164608002,0.9979838728904724,0.9586693644523621
YGL143C,YLR197W,0,-9.129807,0.09426775574684143,0.9979838728904724,0.9588709473609924
YOR335C,YDR270W,0,-9.130875,0.09424980729818344,0.9979838728904724,0.9590725898742676
YOR035C,YNL186W,0,-9.138072,0.09423186630010605,0.9979838728904724,0.959274172782898
YMR255W,YFL014W,0,-9.141095,0.09421393275260925,0.9979838728904724,0.9594758152961731
YDL031W,YFR053C,0,-9.141605,0.09419600665569305,0.9979838728904724,0.9596773982048035
YPR124W,YMR096W,0,-9.144222,0.09417808055877686,0.9979838728904724,0.9598790407180786
YDR039C,YBR169C,0,-9.155906,0.09416016936302185,0.9979838728904724,0.960080623626709
YBR132C,YMR146C,0,-9.156508,0.09414225816726685,0.9979838728904724,0.9602822661399841
YDR277C,YOL125W,0,-9.157825,0.09412436187267303,0.9979838728904724,0.9604838490486145
YDR005C,YLR197W,0,-9.160311,0.09410646557807922,0.9979838728904724,0.9606854915618896
YKL038W,YDR280W,0,-9.16217,0.09408857673406601,0.9979838728904724,0.96088707447052
YNR056C,YLR435W,0,-9.166063,0.09407069534063339,0.9979838728904724,0.9610887169837952
YDL074C,YEL060C,0,-9.166646,0.09405282139778137,0.9979838728904724,0.9612902998924255
YMR014W,YKL062W,0,-9.171154,0.09403495490550995,0.9979838728904724,0.9614919424057007
YDR527W,YDL130W-A,0,-9.176373,0.09401709586381912,0.9979838728904724,0.961693525314331
YPL269W,YMR093W,0,-9.177197,0.0939992368221283,0.9979838728904724,0.9618951678276062
YOL080C,YNL257C,0,-9.184973,0.09398139268159866,0.9979838728904724,0.9620967507362366
YDL223C,YDR451C,0,-9.186522,0.09396355599164963,0.9979838728904724,0.9622983932495117
YDR099W,YHR092C,0,-9.193764,0.09394571930170059,0.9979838728904724,0.9624999761581421
YBR169C,YOL006C,0,-9.1942,0.09392789006233215,0.9979838728904724,0.9627016186714172
YHR190W,YPR137W,0,-9.196064,0.09391007572412491,0.9979838728904724,0.9629032015800476
YKL082C,YDL120W,0,-9.199675,0.09389226138591766,0.9979838728904724,0.9631048440933228
YJL080C,YOR054C,0,-9.200994,0.09387445449829102,0.9979838728904724,0.9633064270019531
YBL019W,YDL081C,0,-9.201559,0.09385665506124496,0.9979838728904724,0.9635080695152283
YAL026C,YIL155C,0,-9.211142,0.09383886307477951,0.9979838728904724,0.9637096524238586
YMR068W,YHR170W,0,-9.219635,0.09382107853889465,0.9979838728904724,0.9639112949371338
YDR329C,YML073C,0,-9.223959,0.0938032940030098,0.9979838728904724,0.9641128778457642
YER107C,YLL026W,0,-9.225974,0.09378552436828613,0.9979838728904724,0.9643145203590393
YEL022W,YDL223C,0,-9.227646,0.09376776218414307,0.9979838728904724,0.9645161032676697
YDR021W,YPL164C,0,-9.228237,0.09375,0.9979838728904724,0.9647177457809448
YDR147W,YEL060C,0,-9.229161,0.09373224526643753,0.9979838728904724,0.9649193286895752
YHR085W,YGR281W,0,-9.235985,0.09371450543403625,0.9979838728904724,0.9651209712028503
YJL042W,YDR025W,0,-9.247114,0.09369676560163498,0.9979838728904724,0.9653225541114807
YJL033W,YJL089W,0,-9.247673,0.0936790332198143,0.9979838728904724,0.9655241966247559
YOL115W,YMR175W,0,-9.2520485,0.09366130828857422,0.9979838728904724,0.9657257795333862
YOR208W,YMR142C,0,-9.25209,0.09364358335733414,0.9979838728904724,0.9659274220466614
YAL051W,YGL225W,0,-9.252118,0.09362587332725525,0.9979838728904724,0.9661290049552917
YBR002C,YDR059C,0,-9.258924,0.09360817074775696,0.9979838728904724,0.9663306474685669
YDR513W,YML073C,0,-9.265235,0.09359046816825867,0.9979838728904724,0.9665322303771973
YBR072W,YGR268C,0,-9.27005,0.09357278048992157,0.9979838728904724,0.9667338728904724
YNL292W,YBL039C,0,-9.274287,0.09355509281158447,0.9979838728904724,0.9669354557991028
YOR210W,YOR137C,0,-9.275202,0.09353741258382797,0.9979838728904724,0.9671370983123779
YMR162C,YMR093W,0,-9.278358,0.09351973980665207,0.9979838728904724,0.9673386812210083
YLR129W,YOR208W,0,-9.286549,0.09350207448005676,0.9979838728904724,0.9675403237342834
YMR015C,YJL033W,0,-9.286612,0.09348441660404205,0.9979838728904724,0.9677419066429138
YOR239W,YPL092W,0,-9.289448,0.09346676617860794,0.9979838728904724,0.967943549156189
YEL026W,YDL120W,0,-9.291573,0.09344912320375443,0.9979838728904724,0.9681451320648193
YBR294W,YJL012C,0,-9.296273,0.09343148022890091,0.9979838728904724,0.9683467745780945
YPL037C,YEL024W,0,-9.29753,0.09341385215520859,0.9979838728904724,0.9685483574867249
YOR335C,YPL110C,0,-9.298781,0.09339622408151627,0.9979838728904724,0.96875
YMR173W,YDR297W,0,-9.299749,0.09337861090898514,0.9979838728904724,0.9689516425132751
YBR072W,YLR266C,0,-9.304979,0.09336099773645401,0.9979838728904724,0.9691532254219055
YPL262W,YOR001W,0,-9.305878,0.09334339201450348,0.9979838728904724,0.9693548679351807
YKL048C,YML075C,0,-9.312748,0.09332579374313354,0.9979838728904724,0.969556450843811
YGR089W,YMR201C,0,-9.317856,0.09330820292234421,0.9979838728904724,0.9697580933570862
YNL294C,YOL039W,0,-9.319325,0.09329061210155487,0.9979838728904724,0.9699596762657166
YFL022C,YPL123C,0,-9.320181,0.09327303618192673,0.9979838728904724,0.9701613187789917
YMR319C,YOL065C,0,-9.324589,0.09325546026229858,0.9979838728904724,0.9703629016876221
YBR170C,YGR123C,0,-9.328711,0.09323789924383163,0.9979838728904724,0.9705645442008972
YLR196W,YPL057C,0,-9.329298,0.09322033822536469,0.9979838728904724,0.9707661271095276
YGR209C,YCL063W,1,-9.332794,0.09339107573032379,1.0,0.9707661271095276
YNR038W,YBL102W,0,-9.336275,0.09337349236011505,1.0,0.9709677696228027
YPR081C,YJL011C,0,-9.338552,0.09335591644048691,1.0,0.9711693525314331
YAL055W,YDL081C,0,-9.340214,0.09333834797143936,1.0,0.9713709950447083
YOL158C,YJR103W,0,-9.343454,0.09332078695297241,1.0,0.9715725779533386
YER025W,YGL045W,0,-9.345205,0.09330323338508606,1.0,0.9717742204666138
YDL174C,YHR170W,0,-9.347738,0.0932856872677803,1.0,0.9719758033752441
YJR137C,YKL019W,0,-9.3481045,0.09326814860105515,1.0,0.9721774458885193
YGL256W,YBR169C,0,-9.353174,0.09325060993432999,1.0,0.9723790287971497
YCL025C,YNL012W,0,-9.357383,0.09323308616876602,1.0,0.9725806713104248
YER020W,YPR144C,0,-9.3690405,0.09321556240320206,1.0,0.9727822542190552
YMR140W,YIR012W,0,-9.371729,0.09319804608821869,1.0,0.9729838967323303
YBR247C,YMR093W,0,-9.383116,0.09318053722381592,1.0,0.9731854796409607
YOR145C,YGL095C,0,-9.385715,0.09316303580999374,1.0,0.9733871221542358
YPR154W,YKL056C,0,-9.394511,0.09314554184675217,1.0,0.9735887050628662
YBR034C,YDR059C,0,-9.399372,0.09312804788351059,1.0,0.9737903475761414
YOL144W,YDR436W,0,-9.404961,0.0931105688214302,1.0,0.9739919304847717
YDR411C,YMR312W,0,-9.406618,0.09309308975934982,1.0,0.9741935729980469
YER054C,YDR002W,0,-9.414415,0.09307562559843063,1.0,0.9743951559066772
YOR328W,YPR016C,0,-9.4149685,0.09305816143751144,1.0,0.9745967984199524
YMR068W,YER006W,0,-9.416485,0.09304070472717285,1.0,0.9747983813285828
YOL086C,YGR246C,0,-9.443366,0.09302325546741486,1.0,0.9750000238418579
YDL081C,YOR007C,0,-9.45895,0.09300581365823746,1.0,0.9752016067504883
YLR347C,YDL208W,0,-9.4639435,0.09298837929964066,1.0,0.9754032492637634
YOR245C,YDL111C,0,-9.466675,0.09297094494104385,1.0,0.9756048321723938
YPL100W,YHR094C,0,-9.469795,0.09295352548360825,1.0,0.975806474685669
YGR239C,YGR020C,0,-9.475914,0.09293610602617264,1.0,0.9760080575942993
YNL182C,YCR072C,0,-9.483428,0.09291869401931763,1.0,0.9762097001075745
YDR175C,YER049W,0,-9.488891,0.09290128946304321,1.0,0.9764112830162048
YIL160C,YKR025W,0,-9.491357,0.0928838923573494,1.0,0.97661292552948
YCL004W,YDR429C,0,-9.504732,0.09286650270223618,1.0,0.9768145084381104
YML128C,YGR156W,0,-9.504953,0.09284912049770355,1.0,0.9770161509513855
YDR221W,YHR048W,0,-9.528139,0.09283174574375153,1.0,0.9772177338600159
YDL230W,YHR088W,0,-9.537127,0.0928143709897995,1.0,0.977419376373291
YGR088W,YLR292C,0,-9.554168,0.09279700368642807,1.0,0.9776209592819214
YJR104C,YLR316C,0,-9.558782,0.09277965128421783,1.0,0.9778226017951965
YMR068W,YOR145C,0,-9.560805,0.0927622988820076,1.0,0.9780241847038269
YFR050C,YDR045C,0,-9.565104,0.09274495393037796,1.0,0.978225827217102
YER119C,YER002W,0,-9.566392,0.09272760897874832,1.0,0.9784274101257324
YDR299W,YJL141C,0,-9.576569,0.09271027892827988,1.0,0.9786290526390076
YGR200C,YDR247W,0,-9.577325,0.09269295632839203,1.0,0.9788306355476379
YER035W,YMR146C,0,-9.5830765,0.09267563372850418,1.0,0.9790322780609131
YDL024C,YGR195W,0,-9.583449,0.09265832602977753,1.0,0.9792338609695435
YDR398W,YEL041W,0,-9.588032,0.09264101833105087,1.0,0.9794355034828186
YJL042W,YBR048W,0,-9.595214,0.09262371808290482,1.0,0.979637086391449
YNL256W,YBR212W,0,-9.596601,0.09260642528533936,1.0,0.9798387289047241
YOR335C,YOR185C,0,-9.600024,0.0925891324877739,1.0,0.9800403118133545
YNL182C,YDR077W,0,-9.613192,0.09257185459136963,1.0,0.9802419543266296
YDL230W,YJL069C,0,-9.613243,0.09255458414554596,1.0,0.98044353723526
YBR196C,YML091C,0,-9.620058,0.09253731369972229,1.0,0.9806451797485352
YBL015W,YER028C,0,-9.626581,0.09252005070447922,1.0,0.9808467626571655
YPR191W,YOL097C,0,-9.63136,0.09250279515981674,1.0,0.9810484051704407
YHR171W,YCR047C,0,-9.632121,0.09248554706573486,1.0,0.981249988079071
YBR072W,YMR109W,0,-9.634182,0.09246830642223358,1.0,0.9814516305923462
YKR039W,YPL131W,0,-9.637333,0.0924510732293129,1.0,0.9816532135009766
YHR094C,YKL195W,0,-9.642843,0.09243384003639221,1.0,0.9818548560142517
YNR054C,YIL160C,0,-9.648503,0.09241662174463272,1.0,0.9820564389228821
YDL213C,YIL017C,0,-9.652548,0.09239940345287323,1.0,0.9822580814361572
YNR027W,YMR104C,0,-9.660418,0.09238219261169434,1.0,0.9824596643447876
YIL065C,YML043C,0,-9.663636,0.09236498922109604,1.0,0.9826613068580627
YAL025C,YPR154W,0,-9.668472,0.09234779328107834,1.0,0.9828628897666931
YOR206W,YPL002C,0,-9.679624,0.09233060479164124,1.0,0.9830645322799683
YOR005C,YIL052C,0,-9.67997,0.09231341630220413,1.0,0.9832661151885986
YMR312W,YOL117W,0,-9.686699,0.09229624271392822,1.0,0.9834677577018738
YMR322C,YLR130C,0,-9.695543,0.09227906912565231,1.0,0.9836693406105042
YPL100W,YNL299W,0,-9.701904,0.092261902987957,1.0,0.9838709831237793
YIL155C,YJL054W,0,-9.707317,0.09224474430084229,1.0,0.9840725660324097
YLR155C,YDL213C,0,-9.711563,0.09222759306430817,1.0,0.9842742085456848
YNL242W,YLL035W,0,-9.719296,0.09221044927835464,1.0,0.9844757914543152
YGL008C,YEL012W,0,-9.731483,0.09219330549240112,1.0,0.9846774339675903
YML128C,YCR012W,0,-9.733157,0.0921761766076088,1.0,0.9848790168762207
YPL147W,YOR340C,0,-9.739921,0.09215904772281647,1.0,0.9850806593894958
YBR072W,YBR172C,0,-9.753174,0.09214192628860474,1.0,0.9852822422981262
YML129C,YER049W,0,-9.7724285,0.0921248123049736,1.0,0.9854838848114014
YPL100W,YOR310C,0,-9.779047,0.09210770577192307,1.0,0.9856854677200317
YDR045C,YBR280C,0,-9.792482,0.09209060668945312,1.0,0.9858871102333069
YIL155C,YHR066W,0,-9.794117,0.09207350760698318,1.0,0.9860886931419373
YDL247W,YLR048W,0,-9.80032,0.09205642342567444,1.0,0.9862903356552124
YGR238C,YDL081C,0,-9.801857,0.09203933924436569,1.0,0.9864919185638428
YGL029W,YOR208W,0,-9.818001,0.09202226251363754,1.0,0.9866935610771179
YJL210W,YLR048W,0,-9.841976,0.09200519323348999,1.0,0.9868951439857483
YOR178C,YCR031C,0,-9.856984,0.09198813140392303,1.0,0.9870967864990234
YPR155C,YOR207C,0,-9.858151,0.09197107702493668,1.0,0.9872983694076538
YGR088W,YPL101W,0,-9.887409,0.09195402264595032,1.0,0.987500011920929
YMR014W,YGR008C,0,-9.8913965,0.09193697571754456,1.0,0.9877015948295593
YNL094W,YMR142C,0,-9.891579,0.09191994369029999,1.0,0.9879032373428345
YNL292W,YMR284W,0,-9.901485,0.09190291166305542,1.0,0.9881048202514648
YBR059C,YDR429C,0,-9.904211,0.09188588708639145,1.0,0.98830646276474
YHR094C,YDR247W,0,-9.926458,0.09186886250972748,1.0,0.9885080456733704
YDL181W,YJR143C,0,-9.946484,0.0918518528342247,1.0,0.9887096881866455
YEL054C,YOR014W,0,-9.948221,0.09183484315872192,1.0,0.9889112710952759
YGL127C,YFL026W,0,-9.949772,0.09181784838438034,1.0,0.989112913608551
YDL130W,YDR178W,0,-9.964222,0.09180085361003876,1.0,0.9893144965171814
YBL024W,YDR178W,0,-9.975037,0.09178386628627777,1.0,0.9895161390304565
YDR412W,YDR453C,0,-9.979655,0.09176687896251678,1.0,0.9897177219390869
YKL029C,YHR200W,0,-9.995064,0.09174990653991699,1.0,0.9899193644523621
YKL081W,YNL160W,0,-10.008234,0.0917329415678978,1.0,0.9901209473609924
YPR006C,YDR120C,0,-10.017631,0.0917159765958786,1.0,0.9903225898742676
YPL006W,YML073C,0,-10.038434,0.09169901907444,1.0,0.990524172782898
YBR170C,YMR142C,0,-10.047276,0.091682069003582,1.0,0.9907258152961731
YIR037W,YKR057W,0,-10.050568,0.0916651263833046,1.0,0.9909273982048035
YPL171C,YGR128C,0,-10.053671,0.09164819121360779,1.0,0.9911290407180786
YPL196W,YOR224C,0,-10.05975,0.09163125604391098,1.0,0.991330623626709
YAL012W,YDR358W,0,-10.068399,0.09161433577537537,1.0,0.9915322661399841
YGL053W,YLR048W,0,-10.070456,0.09159741550683975,1.0,0.9917338490486145
YDL223C,YKL018W,0,-10.074081,0.09158050268888474,1.0,0.9919354915618896
YMR250W,YHR197W,0,-10.114816,0.09156359732151031,1.0,0.99213707447052
YMR260C,YCR083W,0,-10.122805,0.09154669940471649,1.0,0.9923387169837952
YHR171W,YGR158C,0,-10.163029,0.09152980148792267,1.0,0.9925402998924255
YPL196W,YMR143W,0,-10.180098,0.09151291847229004,1.0,0.9927419424057007
YMR290C,YJL141C,0,-10.180281,0.09149603545665741,1.0,0.992943525314331
YOR386W,YCR072C,0,-10.217591,0.09147915989160538,1.0,0.9931451678276062
YPR030W,YPL131W,0,-10.230241,0.09146229177713394,1.0,0.9933467507362366
YML004C,YNL151C,0,-10.251586,0.0914454311132431,1.0,0.9935483932495117
YLL026W,YKL099C,0,-10.288951,0.09142857044935226,1.0,0.9937499761581421
YMR014W,YMR322C,0,-10.29237,0.09141172468662262,1.0,0.9939516186714172
YKL009W,YPR024W,0,-10.302937,0.09139487892389297,1.0,0.9941532015800476
YBR145W,YKL038W,0,-10.321232,0.09137804061174393,1.0,0.9943548440933228
YIL160C,YNL209W,0,-10.322763,0.09136120975017548,1.0,0.9945564270019531
YDR255C,YIR012W,0,-10.3342495,0.09134438633918762,1.0,0.9947580695152283
YAL033W,YDR178W,0,-10.33562,0.09132756292819977,1.0,0.9949596524238586
YOR133W,YLL060C,0,-10.339007,0.09131075441837311,1.0,0.9951612949371338
YIL155C,YML046W,0,-10.342104,0.09129394590854645,1.0,0.9953628778457642
YLR205C,YDR045C,0,-10.359381,0.09127714484930038,1.0,0.9955645203590393
YMR173W,YIL019W,0,-10.372753,0.09126035124063492,1.0,0.9957661032676697
YNR002C,YKR026C,0,-10.37414,0.09124356508255005,1.0,0.9959677457809448
YBR048W,YMR302C,0,-10.392037,0.09122677892446518,1.0,0.9961693286895752
YDR436W,YOR361C,0,-10.408705,0.09121000021696091,1.0,0.9963709712028503
YNR007C,YKL099C,0,-10.410914,0.09119323641061783,1.0,0.9965725541114807
YNL113W,YHR106W,0,-10.419163,0.09117647260427475,1.0,0.9967741966247559
YFL016C,YPL131W,0,-10.428883,0.09115971624851227,1.0,0.9969757795333862
YDL142C,YLR409C,0,-10.457506,0.09114295989274979,1.0,0.9971774220466614
YHR021C,YBR006W,0,-10.4693575,0.0911262184381485,1.0,0.9973790049552917
YFR014C,YMR290C,0,-10.492475,0.09110947698354721,1.0,0.9975806474685669
YBL039C,YMR284W,0,-10.523992,0.09109274297952652,1.0,0.9977822303771973
YML004C,YPL131W,0,-10.54408,0.09107601642608643,1.0,0.9979838728904724
YJL191W,YMR322C,0,-10.571483,0.09105929732322693,1.0,0.9981854557991028
YLR150W,YHR016C,0,-10.575242,0.09104258567094803,1.0,0.9983870983123779
YGR088W,YKR026C,0,-10.589416,0.09102587401866913,1.0,0.9985886812210083
YGL124C,YJR063W,0,-10.86279,0.09100917726755142,1.0,0.9987903237342834
YAL054C,YKR057W,0,-10.992415,0.09099248051643372,1.0,0.9989919066429138
YER119C,YJR063W,0,-11.295411,0.0909757912158966,1.0,0.999193549156189
YHR021C,YOR003W,0,-11.325104,0.0909591019153595,1.0,0.9993951320648193
YBR072W,YLR167W,0,-11.36517,0.09094242751598358,1.0,0.9995967745780945
YKR024C,YDR479C,0,-11.41273,0.09092575311660767,1.0,0.9997983574867249
YCL040W,YDR312W,0,-11.648834,0.09090909361839294,1.0,1.0
