Gene A,Gene B,Label,Score,Precision,Recall,False Positive Rate
YER025W,YKR059W,1,-2.0246077,1.0,0.02222222276031971,0.0
YPL237W,YDR429C,1,-2.8852935,1.0,0.04444444552063942,0.0
YMR012W,YER025W,1,-2.966758,1.0,0.06666667014360428,0.0
YER165W,YMR260C,1,-2.9760435,1.0,0.08888889104127884,0.0
YDR194C,YDR412W,0,-3.006776,0.800000011920929,0.08888889104127884,0.002222222276031971
YER165W,YPL237W,1,-3.0565464,0.8333333134651184,0.1111111119389534,0.002222222276031971
YER025W,YER165W,1,-3.0866964,0.8571428656578064,0.13333334028720856,0.002222222276031971
YGR103W,YGR118W,0,-3.2750852,0.75,0.13333334028720856,0.004444444552063942
YER165W,YPR041W,1,-3.2870057,0.7777777910232544,0.15555556118488312,0.004444444552063942
YKR059W,YDR429C,1,-3.3745973,0.800000011920929,0.17777778208255768,0.004444444552063942
YKR059W,YPR041W,1,-3.5028934,0.8181818127632141,0.20000000298023224,0.004444444552063942
YER025W,YPL237W,1,-3.5573316,0.8333333134651184,0.2222222238779068,0.004444444552063942
YEL050C,YPL235W,0,-3.5633054,0.7692307829856873,0.2222222238779068,0.006666666828095913
YER165W,YDR429C,1,-3.6098018,0.7857142686843872,0.24444444477558136,0.006666666828095913
YER025W,YEL034W,1,-3.6500506,0.800000011920929,0.2666666805744171,0.006666666828095913
YPL237W,YKR059W,1,-3.6602302,0.8125,0.2888889014720917,0.006666666828095913
YER165W,YKR059W,1,-3.6844969,0.8235294222831726,0.31111112236976624,0.006666666828095913
YMR260C,YPR041W,1,-3.6970932,0.8333333134651184,0.3333333432674408,0.006666666828095913
YDR194C,YBL079W,0,-3.755305,0.7894737124443054,0.3333333432674408,0.008888889104127884
YER025W,YDR429C,1,-3.7723792,0.800000011920929,0.35555556416511536,0.008888889104127884
YPL244C,YDL051W,0,-3.809767,0.761904776096344,0.35555556416511536,0.011111111380159855
YER025W,YMR260C,1,-3.8417974,0.7727272510528564,0.3777777850627899,0.011111111380159855
YEL034W,YKR059W,1,-4.0743837,0.782608687877655,0.4000000059604645,0.011111111380159855
YMR012W,YKR059W,1,-4.1365504,0.7916666865348816,0.42222222685813904,0.011111111380159855
YMR012W,YER165W,1,-4.174204,0.800000011920929,0.4444444477558136,0.011111111380159855
YKR059W,YMR260C,1,-4.218835,0.807692289352417,0.46666666865348816,0.011111111380159855
YMR012W,YPR041W,1,-4.224039,0.8148148059844971,0.4888888895511627,0.011111111380159855
YPL237W,YMR260C,1,-4.356386,0.8214285969734192,0.5111111402511597,0.011111111380159855
YMR012W,YPL237W,1,-4.382728,0.8275862336158752,0.5333333611488342,0.011111111380159855
YEL034W,YPR041W,1,-4.428157,0.8333333134651184,0.5555555820465088,0.011111111380159855
YER025W,YPR041W,1,-4.4961214,0.8387096524238586,0.5777778029441833,0.011111111380159855
YMR012W,YDR429C,1,-4.657224,0.84375,0.6000000238418579,0.011111111380159855
YPL237W,YPR041W,1,-4.6973457,0.8484848737716675,0.6222222447395325,0.011111111380159855
YDR429C,YPR041W,1,-4.7180142,0.8529411554336548,0.644444465637207,0.011111111380159855
YMR260C,YDR429C,1,-4.7383895,0.8571428656578064,0.6666666865348816,0.011111111380159855
YEL034W,YDR429C,1,-4.759205,0.8611111044883728,0.6888889074325562,0.011111111380159855
YEL034W,YPL237W,1,-4.7814465,0.8648648858070374,0.7111111283302307,0.011111111380159855
YMR012W,YMR260C,1,-4.8122964,0.8684210777282715,0.7333333492279053,0.011111111380159855
YMR298W,YGR086C,0,-5.041442,0.8461538553237915,0.7333333492279053,0.013333333656191826
YER154W,YBR118W,0,-5.1487646,0.824999988079071,0.7333333492279053,0.015555555932223797
YML012W,YNL135C,0,-5.152136,0.8048780560493469,0.7333333492279053,0.017777778208255768
YDR292C,YCR084C,0,-5.270156,0.7857142686843872,0.7333333492279053,0.019999999552965164
YGL236C,YGL070C,0,-5.310191,0.7674418687820435,0.7333333492279053,0.02222222276031971
YEL034W,YMR260C,1,-5.404247,0.7727272510528564,0.7555555701255798,0.02222222276031971
YNL135C,YNL073W,0,-5.4312286,0.7555555701255798,0.7555555701255798,0.024444444105029106
YDL100C,YFR050C,0,-5.4901485,0.739130437374115,0.7555555701255798,0.02666666731238365
YDR194C,YMR247C,0,-5.515347,0.7234042286872864,0.7555555701255798,0.028888888657093048
YOL086C,YLR272C,0,-5.586579,0.7083333134651184,0.7555555701255798,0.031111111864447594
YBR196C,YPL234C,0,-5.6276784,0.6938775777816772,0.7555555701255798,0.03333333507180214
YDR037W,YJR070C,0,-5.649031,0.6800000071525574,0.7555555701255798,0.035555556416511536
YDR245W,YER154W,0,-5.7441115,0.6666666865348816,0.7555555701255798,0.03777777776122093
YKL173W,YPL019C,0,-5.748481,0.6538461446762085,0.7555555701255798,0.03999999910593033
YGR220C,YER149C,0,-5.7497044,0.6415094137191772,0.7555555701255798,0.042222220450639725
YMR128W,YCR072C,0,-5.8230534,0.6296296119689941,0.7555555701255798,0.04444444552063942
YEL034W,YER165W,1,-5.8284006,0.6363636255264282,0.7777777910232544,0.04444444552063942
YLR303W,YGR004W,0,-5.846838,0.625,0.7777777910232544,0.046666666865348816
YJL080C,YJL012C,0,-5.882721,0.6140350699424744,0.7777777910232544,0.04888888821005821
YPL146C,YNL292W,0,-5.8918867,0.6034482717514038,0.7777777910232544,0.05111110955476761
YGR103W,YOR216C,0,-5.900624,0.5932203531265259,0.7777777910232544,0.0533333346247673
YKL182W,YLR134W,0,-5.944137,0.5833333134651184,0.7777777910232544,0.0555555559694767
YNL281W,YOL040C,0,-5.962588,0.5737704634666443,0.7777777910232544,0.057777777314186096
YEL050C,YJL012C,0,-6.033123,0.5645161271095276,0.7777777910232544,0.05999999865889549
YLR170C,YPL098C,0,-6.036578,0.5555555820465088,0.7777777910232544,0.06222222372889519
YEL050C,YAR008W,0,-6.0539827,0.546875,0.7777777910232544,0.06444444507360458
YHR055C,YPL098C,0,-6.1029425,0.5384615659713745,0.7777777910232544,0.06666667014360428
YPL117C,YOR332W,0,-6.145274,0.5303030014038086,0.7777777910232544,0.06888888776302338
YOR112W,YBR082C,0,-6.147897,0.5223880410194397,0.7777777910232544,0.07111111283302307
YDL192W,YDR236C,0,-6.1911073,0.5147058963775635,0.7777777910232544,0.07333333045244217
YOL130W,YHR001W,0,-6.2186365,0.5072463750839233,0.7777777910232544,0.07555555552244186
YOL123W,YDR388W,0,-6.243531,0.5,0.7777777910232544,0.07777778059244156
YPL061W,YMR075W,0,-6.2915287,0.49295774102211,0.7777777910232544,0.07999999821186066
YDR264C,YBR127C,0,-6.2929106,0.4861111044883728,0.7777777910232544,0.08222222328186035
YDL181W,YAL016W,0,-6.3252344,0.4794520437717438,0.7777777910232544,0.08444444090127945
YNL023C,YKL043W,0,-6.3479376,0.47297295928001404,0.7777777910232544,0.08666666597127914
YGR003W,YDR138W,0,-6.357253,0.46666666865348816,0.7777777910232544,0.08888889104127884
YGL043W,YMR314W,0,-6.3699694,0.46052631735801697,0.7777777910232544,0.09111110866069794
YCR027C,YLR043C,0,-6.4137826,0.4545454680919647,0.7777777910232544,0.09333333373069763
YNL177C,YML031W,0,-6.4421706,0.44871795177459717,0.7777777910232544,0.09555555880069733
YJL071W,YMR095C,0,-6.4521456,0.4430379867553711,0.7777777910232544,0.09777777642011642
YHR042W,YPL274W,0,-6.497457,0.4375,0.7777777910232544,0.10000000149011612
YCR020W-B,YJL012C,0,-6.5704327,0.43209877610206604,0.7777777910232544,0.10222221910953522
YDL051W,YKL196C,0,-6.5774784,0.4268292784690857,0.7777777910232544,0.10444444417953491
YCR071C,YER019C-A,0,-6.5778646,0.42168673872947693,0.7777777910232544,0.1066666692495346
YMR301C,YCR037C,0,-6.58837,0.4166666567325592,0.7777777910232544,0.1088888868689537
YEL036C,YMR016C,0,-6.5953016,0.4117647111415863,0.7777777910232544,0.1111111119389534
YER017C,YPL026C,0,-6.6004148,0.40697672963142395,0.7777777910232544,0.1133333370089531
YOR371C,YPL274W,0,-6.6895347,0.40229883790016174,0.7777777910232544,0.11555555462837219
YCR028C,YPL137C,0,-6.7048736,0.39772728085517883,0.7777777910232544,0.11777777969837189
YOL158C,YBR296C,0,-6.74886,0.3932584226131439,0.7777777910232544,0.11999999731779099
YIL115C,YGL112C,0,-6.7584085,0.3888888955116272,0.7777777910232544,0.12222222238779068
YDR060W,YJL208C,0,-6.7649956,0.38461539149284363,0.7777777910232544,0.12444444745779037
YOR327C,YPL063W,0,-6.793699,0.3804347813129425,0.7777777910232544,0.12666666507720947
YIL150C,YKL214C,0,-6.8076844,0.37634408473968506,0.7777777910232544,0.12888889014720917
YOR224C,YER019C-A,0,-6.8196573,0.3723404109477997,0.7777777910232544,0.13111111521720886
YLR154C,YNL339C,0,-6.820467,0.3684210479259491,0.7777777910232544,0.13333334028720856
YER154W,YIL063C,0,-6.8408384,0.3645833432674408,0.7777777910232544,0.13555555045604706
YDL013W,YNL055C,0,-6.8824306,0.36082473397254944,0.7777777910232544,0.13777777552604675
YJR125C,YOR327C,0,-6.9234915,0.3571428656578064,0.7777777910232544,0.14000000059604645
YDR317W,YGL104C,0,-6.9235935,0.35353535413742065,0.7777777910232544,0.14222222566604614
YBL008W,YJR074W,0,-6.9261937,0.3499999940395355,0.7777777910232544,0.14444445073604584
YDR057W,YML045W,0,-6.9445457,0.3465346395969391,0.7777777910232544,0.14666666090488434
YJR031C,YDL188C,0,-6.9591103,0.343137264251709,0.7777777910232544,0.14888888597488403
YOL059W,YDL051W,0,-6.9990826,0.33980581164360046,0.7777777910232544,0.15111111104488373
YHR092C,YDR393W,0,-7.016051,0.3365384638309479,0.7777777910232544,0.15333333611488342
YCR107W,YDR138W,0,-7.0215993,0.3333333432674408,0.7777777910232544,0.15555556118488312
YDR037W,YGR244C,0,-7.0235453,0.33018869161605835,0.7777777910232544,0.15777777135372162
YNL135C,YLL035W,0,-7.0241604,0.32710281014442444,0.7777777910232544,0.1599999964237213
YOR110W,YIL063C,0,-7.0779524,0.32407405972480774,0.7777777910232544,0.162222221493721
YPR133C,YML115C,0,-7.0884333,0.3211009204387665,0.7777777910232544,0.1644444465637207
YNL286W,YIL076W,0,-7.090736,0.3181818127632141,0.7777777910232544,0.1666666716337204
YIL076W,YMR016C,0,-7.125083,0.315315306186676,0.7777777910232544,0.1688888818025589
YOR109W,YNL129W,0,-7.146328,0.3125,0.7777777910232544,0.1711111068725586
YPL096C-A,YPL121C,0,-7.1552176,0.3097345232963562,0.7777777910232544,0.1733333319425583
YPL117C,YKL082C,0,-7.1627655,0.3070175349712372,0.7777777910232544,0.17555555701255798
YGL174W,YKL086W,0,-7.1838903,0.30434781312942505,0.7777777910232544,0.17777778208255768
YDR517W,YBR273C,0,-7.1913075,0.3017241358757019,0.7777777910232544,0.18000000715255737
YKL054C,YDL058W,0,-7.201252,0.29914531111717224,0.7777777910232544,0.18222221732139587
YPL098C,YHR042W,0,-7.207559,0.29661017656326294,0.7777777910232544,0.18444444239139557
YBL084C,YBR117C,0,-7.208885,0.29411765933036804,0.7777777910232544,0.18666666746139526
YGR249W,YPL022W,0,-7.246131,0.2916666567325592,0.7777777910232544,0.18888889253139496
YBR004C,YER006W,0,-7.2498064,0.28925618529319763,0.7777777910232544,0.19111111760139465
YLR189C,YNL055C,0,-7.262268,0.28688523173332214,0.7777777910232544,0.19333332777023315
YMR162C,YEL037C,0,-7.2664366,0.28455284237861633,0.7777777910232544,0.19555555284023285
YDL099W,YGL045W,0,-7.2711453,0.2822580635547638,0.7777777910232544,0.19777777791023254
YAL068C,YDR306C,0,-7.291518,0.2800000011920929,0.7777777910232544,0.20000000298023224
YER052C,YKR003W,0,-7.3093586,0.2777777910232544,0.7777777910232544,0.20222222805023193
YKL054C,YBR083W,0,-7.340838,0.27559053897857666,0.7777777910232544,0.20444443821907043
YLR394W,YLR048W,0,-7.3582153,0.2734375,0.7777777910232544,0.20666666328907013
YJL042W,YGL094C,0,-7.363347,0.27131783962249756,0.7777777910232544,0.20888888835906982
YGL089C,YHR001W,0,-7.383897,0.26923078298568726,0.7777777910232544,0.21111111342906952
YMR012W,YDR283C,1,-7.389778,0.2748091518878937,0.800000011920929,0.21111111342906952
YGR261C,YBL100W-B,0,-7.391879,0.27272728085517883,0.800000011920929,0.2133333384990692
YML081C-A,YNL118C,0,-7.400654,0.27067670226097107,0.800000011920929,0.21555554866790771
YER107C,YDR517W,0,-7.413276,0.26865673065185547,0.800000011920929,0.2177777737379074
YLR052W,YIL063C,0,-7.420177,0.2666666805744171,0.800000011920929,0.2199999988079071
YBR102C,YLR447C,0,-7.4231954,0.2647058963775635,0.800000011920929,0.2222222238779068
YDR060W,YBR118W,0,-7.4444017,0.262773722410202,0.800000011920929,0.2244444489479065
YNL129W,YMR087W,0,-7.456914,0.260869562625885,0.800000011920929,0.2266666740179062
YGR057C,YCR084C,0,-7.4634905,0.2589927911758423,0.800000011920929,0.2288888841867447
YJL204C,YER031C,0,-7.495985,0.2571428716182709,0.800000011920929,0.23111110925674438
YDL197C,YDR545W,0,-7.502712,0.25531914830207825,0.800000011920929,0.23333333432674408
YBR185C,YNL163C,0,-7.5121403,0.2535211145877838,0.800000011920929,0.23555555939674377
YBL093C,YKL082C,0,-7.522475,0.251748263835907,0.800000011920929,0.23777778446674347
YNL201C,YDR470C,0,-7.5244846,0.25,0.800000011920929,0.23999999463558197
YKL046C,YMR016C,0,-7.526558,0.24827586114406586,0.800000011920929,0.24222221970558167
YDR378C,YBR022W,0,-7.52872,0.24657534062862396,0.800000011920929,0.24444444477558136
YIL026C,YER123W,0,-7.561731,0.2448979616165161,0.800000011920929,0.24666666984558105
YMR285C,YGR161W-A,0,-7.5722003,0.2432432472705841,0.800000011920929,0.24888889491558075
YLR028C,YGR195W,0,-7.580863,0.24161073565483093,0.800000011920929,0.25111111998558044
YOR046C,YKR001C,0,-7.602955,0.23999999463558197,0.800000011920929,0.25333333015441895
YJL157C,YPL060C-A,0,-7.6097617,0.2384105920791626,0.800000011920929,0.25555557012557983
YNL094W,YMR095C,0,-7.625428,0.2368421107530594,0.800000011920929,0.25777778029441833
YOR116C,YJR049C,0,-7.6350765,0.23529411852359772,0.800000011920929,0.25999999046325684
YDR283C,YER165W,1,-7.6402597,0.24025973677635193,0.8222222328186035,0.25999999046325684
YNL110C,YCL075W,0,-7.6497955,0.23870967328548431,0.8222222328186035,0.2622222304344177
YDR174W,YKL138C-A,0,-7.6528716,0.2371794879436493,0.8222222328186035,0.2644444406032562
YKL009W,YGR251W,0,-7.656108,0.23566879332065582,0.8222222328186035,0.2666666805744171
YBR089C-A,YHR070W,0,-7.671338,0.23417721688747406,0.8222222328186035,0.2688888907432556
YLL031C,YGR135W,0,-7.6817117,0.23270440101623535,0.8222222328186035,0.2711111009120941
YJR026W,YKL075C,0,-7.6930985,0.23125000298023224,0.8222222328186035,0.273333340883255
YJR042W,YLR360W,0,-7.7033496,0.22981366515159607,0.8222222328186035,0.2755555510520935
YNL118C,YDR069C,0,-7.721672,0.22839505970478058,0.8222222328186035,0.2777777910232544
YAR014C,YOR279C,0,-7.722275,0.2269938588142395,0.8222222328186035,0.2800000011920929
YMR012W,YEL034W,1,-7.729806,0.23170731961727142,0.8444444537162781,0.2800000011920929
YNR058W,YOR371C,0,-7.729912,0.23030303418636322,0.8444444537162781,0.2822222113609314
YLR384C,YLR360W,0,-7.7462573,0.22891566157341003,0.8444444537162781,0.2844444513320923
YJL072C,YDR324C,0,-7.7646832,0.227544903755188,0.8444444537162781,0.2866666615009308
YNL059C,YPL045W,0,-7.7804594,0.2261904776096344,0.8444444537162781,0.2888889014720917
YPL153C,YNL339C,0,-7.780715,0.2248520702123642,0.8444444537162781,0.2911111116409302
YML104C,YGL045W,0,-7.7838707,0.2235294133424759,0.8444444537162781,0.2933333218097687
YDR060W,YCR027C,0,-7.7979484,0.2222222238779068,0.8444444537162781,0.29555556178092957
YER082C,YNL247W,0,-7.8124003,0.22093023359775543,0.8444444537162781,0.29777777194976807
YLR394W,YPL096C-A,0,-7.822978,0.2196531742811203,0.8444444537162781,0.30000001192092896
YBL099W,YMR045C,0,-7.8344193,0.2183908075094223,0.8444444537162781,0.30222222208976746
YLR242C,YMR186W,0,-7.8356156,0.21714285016059875,0.8444444537162781,0.30444443225860596
YAL041W,YPL262W,0,-7.866735,0.21590909361839294,0.8444444537162781,0.30666667222976685
YNL009W,YJR103W,0,-7.9106007,0.21468926966190338,0.8444444537162781,0.30888888239860535
YCR038C,YKL208W,0,-7.9392204,0.21348313987255096,0.8444444537162781,0.31111112236976624
YBR131W,YNL232W,0,-7.9514375,0.21229049563407898,0.8444444537162781,0.31333333253860474
YDL181W,YOL028C,0,-7.952853,0.21111111342906952,0.8444444537162781,0.31555554270744324
YPL146C,YGR253C,0,-7.967308,0.20994475483894348,0.8444444537162781,0.3177777826786041
YDR495C,YLR455W,0,-7.9800644,0.20879121124744415,0.8444444537162781,0.3199999928474426
YCR107W,YNL232W,0,-7.9807296,0.20765027403831482,0.8444444537162781,0.3222222328186035
YPR201W,YBR161W,0,-7.981283,0.20652173459529877,0.8444444537162781,0.324444442987442
YGL043W,YGR098C,0,-8.005181,0.20540539920330048,0.8444444537162781,0.3266666531562805
YLR303W,YGL205W,0,-8.031005,0.20430107414722443,0.8444444537162781,0.3288888931274414
YCR060W,YKL014C,0,-8.0320635,0.2032085508108139,0.8444444537162781,0.3311111032962799
YGL205W,YBL100W-B,0,-8.035814,0.20212766528129578,0.8444444537162781,0.3333333432674408
YOL127W,YOR076C,0,-8.043416,0.20105819404125214,0.8444444537162781,0.3355555534362793
YCR071C,YFL008W,0,-8.045764,0.20000000298023224,0.8444444537162781,0.3377777636051178
YDR283C,YDR429C,1,-8.046838,0.2041884809732437,0.8666666746139526,0.3377777636051178
YBR159W,YKL170W,0,-8.061712,0.203125,0.8666666746139526,0.3400000035762787
YJL194W,YER021W,0,-8.064921,0.20207254588603973,0.8666666746139526,0.3422222137451172
YNL246W,YLR337W,0,-8.068564,0.2010309249162674,0.8666666746139526,0.3444444537162781
YDR515W,YKR056W,0,-8.072118,0.20000000298023224,0.8666666746139526,0.3466666638851166
YBL097W,YPL231W,0,-8.07391,0.19897958636283875,0.8666666746139526,0.3488888740539551
YER001W,YHL009C,0,-8.082026,0.19796954095363617,0.8666666746139526,0.35111111402511597
YNL101W,YDL164C,0,-8.094432,0.19696970283985138,0.8666666746139526,0.35333332419395447
YGL195W,YJL210W,0,-8.112332,0.19597989320755005,0.8666666746139526,0.35555556416511536
YDR013W,YML045W,0,-8.130726,0.19499999284744263,0.8666666746139526,0.35777777433395386
YHR006W,YBL101W-A,0,-8.132321,0.19402985274791718,0.8666666746139526,0.36000001430511475
YGR002C,YDR210W-D,0,-8.132321,0.19306930899620056,0.8666666746139526,0.36222222447395325
YOR373W,YDR210W-D,0,-8.132321,0.19211822748184204,0.8666666746139526,0.36444443464279175
YIL017W,YCL075W,0,-8.132321,0.19117647409439087,0.8666666746139526,0.36666667461395264
YDL227C,YGL211W,0,-8.142926,0.1902438998222351,0.8666666746139526,0.36888888478279114
YJL018W,YDR470C,0,-8.145813,0.1893203854560852,0.8666666746139526,0.371111124753952
YGL043W,YLR139C,0,-8.147757,0.18840579688549042,0.8666666746139526,0.3733333349227905
YDL031W,YJL018W,0,-8.163787,0.1875,0.8666666746139526,0.37555554509162903
YDR060W,YBR117C,0,-8.170855,0.1866028755903244,0.8666666746139526,0.3777777850627899
YLR034C,YPL060C-A,0,-8.184286,0.18571428954601288,0.8666666746139526,0.3799999952316284
YDL030W,YPL060C-A,0,-8.224403,0.18483412265777588,0.8666666746139526,0.3822222352027893
YNR035C,YNL099C,0,-8.225188,0.18396227061748505,0.8666666746139526,0.3844444453716278
YDR205W,YDL230W,0,-8.226395,0.18309858441352844,0.8666666746139526,0.3866666555404663
YPR032W,YIL017W,0,-8.235305,0.1822429895401001,0.8666666746139526,0.3888888955116272
YDL164C,YOR224C,0,-8.2403345,0.18139535188674927,0.8666666746139526,0.3911111056804657
YNL245C,YNL118C,0,-8.256209,0.1805555522441864,0.8666666746139526,0.3933333456516266
YMR301C,YDR365W-A,0,-8.27785,0.17972350120544434,0.8666666746139526,0.3955555558204651
YGR013W,YNL253W,0,-8.289483,0.17889907956123352,0.8666666746139526,0.3977777659893036
YPR144C,YBL100W-B,0,-8.297295,0.1780821979045868,0.8666666746139526,0.4000000059604645
YOL042W,YER006W,0,-8.298043,0.1772727221250534,0.8666666746139526,0.402222216129303
YPL227C,YFL002W-A,0,-8.307277,0.1764705926179886,0.8666666746139526,0.40444445610046387
YBL009W,YPL210C,0,-8.307477,0.1756756752729416,0.8666666746139526,0.40666666626930237
YNL129W,YOR003W,0,-8.328275,0.17488789558410645,0.8666666746139526,0.40888887643814087
YGR057C,YLR034C,0,-8.333671,0.1741071492433548,0.8666666746139526,0.41111111640930176
YCR037C,YBR231C,0,-8.333759,0.1733333319425583,0.8666666746139526,0.41333332657814026
YDR317W,YGR086C,0,-8.341156,0.17256636917591095,0.8666666746139526,0.41555556654930115
YDR162C,YMR216C,0,-8.34309,0.17180617153644562,0.8666666746139526,0.41777777671813965
YPL115C,YPL096C-A,0,-8.349806,0.17105263471603394,0.8666666746139526,0.41999998688697815
YMR080C,YGR099W,0,-8.3524,0.17030568420886993,0.8666666746139526,0.42222222685813904
YDR205W,YGR257C,0,-8.3535,0.16956521570682526,0.8666666746139526,0.42444443702697754
YGL047W,YNL201C,0,-8.390661,0.16883116960525513,0.8666666746139526,0.4266666769981384
YBR023C,YDR135C,0,-8.399597,0.1681034415960312,0.8666666746139526,0.42888888716697693
YDL100C,YKL134C,0,-8.400859,0.16738197207450867,0.8666666746139526,0.43111109733581543
YPL045W,YMR045C,0,-8.41195,0.1666666716337204,0.8666666746139526,0.4333333373069763
YGL253W,YPL031C,0,-8.416167,0.16595745086669922,0.8666666746139526,0.4355555474758148
YER167W,YJL012C,0,-8.422884,0.16525423526763916,0.8666666746139526,0.4377777874469757
YPL214C,YFL004W,0,-8.426841,0.16455696523189545,0.8666666746139526,0.4399999976158142
YIR019C,YIL115C,0,-8.4287195,0.16386555135250092,0.8666666746139526,0.4422222077846527
YGR004W,YKL214C,0,-8.438349,0.1631799191236496,0.8666666746139526,0.4444444477558136
YJR070C,YML104C,0,-8.446249,0.16249999403953552,0.8666666746139526,0.4466666579246521
YPR185W,YER183C,0,-8.446271,0.1618257313966751,0.8666666746139526,0.448888897895813
YBR159W,YNL054W,0,-8.451589,0.16115702688694,0.8666666746139526,0.4511111080646515
YBL097W,YGR257C,0,-8.451909,0.16049382090568542,0.8666666746139526,0.4533333480358124
YDL099W,YDR174W,0,-8.454595,0.1598360687494278,0.8666666746139526,0.4555555582046509
YOR140W,YPL060C-A,0,-8.456418,0.15918366611003876,0.8666666746139526,0.4577777683734894
YBL097W,YIL150C,0,-8.458732,0.15853658318519592,0.8666666746139526,0.46000000834465027
YFL004W,YIL082W-A,0,-8.477061,0.15789473056793213,0.8666666746139526,0.46222221851348877
YPR037C,YOR305W,0,-8.477158,0.1572580635547638,0.8666666746139526,0.46444445848464966
YPL204W,YCL003W,0,-8.481202,0.15662650763988495,0.8666666746139526,0.46666666865348816
YKL113C,YDR460W,0,-8.491231,0.15600000321865082,0.8666666746139526,0.46888887882232666
YBR217W,YLR098C,0,-8.494687,0.15537849068641663,0.8666666746139526,0.47111111879348755
YML023C,YMR134W,0,-8.520051,0.1547619104385376,0.8666666746139526,0.47333332896232605
YJR052W,YDR443C,0,-8.525529,0.15415020287036896,0.8666666746139526,0.47555556893348694
YGR103W,YDR246W,0,-8.531381,0.15354330837726593,0.8666666746139526,0.47777777910232544
YJR135C,YEL012W,0,-8.531487,0.15294118225574493,0.8666666746139526,0.47999998927116394
YPL137C,YDR473C,0,-8.531713,0.15234375,0.8666666746139526,0.48222222924232483
YNL294C,YKL082C,0,-8.55208,0.15175096690654755,0.8666666746139526,0.48444443941116333
YJL106W,YPL268W,0,-8.5560665,0.151162788271904,0.8666666746139526,0.4866666793823242
YOR119C,YML085C,0,-8.56672,0.15057915449142456,0.8666666746139526,0.4888888895511627
YPL015C,YOL045W,0,-8.574567,0.15000000596046448,0.8666666746139526,0.4911110997200012
YNL099C,YAR010C,0,-8.579311,0.14942528307437897,0.8666666746139526,0.4933333396911621
YLR433C,YOL067C,0,-8.580788,0.14885495603084564,0.8666666746139526,0.4955555498600006
YKL208W,YHR042W,0,-8.584207,0.14828898012638092,0.8666666746139526,0.4977777898311615
YHL003C,YMR134W,0,-8.598284,0.14772726595401764,0.8666666746139526,0.5
YKL084W,YPL274W,0,-8.613552,0.1471698135137558,0.8666666746139526,0.5022222399711609
YNL118C,YBR118W,0,-8.637176,0.14661654829978943,0.8666666746139526,0.504444420337677
YPL137C,YHR042W,0,-8.6378765,0.14606741070747375,0.8666666746139526,0.5066666603088379
YDR060W,YML062C,0,-8.638801,0.14552238583564758,0.8666666746139526,0.5088889002799988
YLR303W,YLR362W,0,-8.644494,0.14498141407966614,0.8666666746139526,0.5111111402511597
YLL035W,YDR416W,0,-8.649806,0.14444445073604584,0.8666666746139526,0.5133333206176758
YPL174C,YML131W,0,-8.650792,0.1439114362001419,0.8666666746139526,0.5155555605888367
YGR086C,YPL268W,0,-8.660699,0.14338235557079315,0.8666666746139526,0.5177778005599976
YGL183C,YPR189W,0,-8.663685,0.1428571492433548,0.8666666746139526,0.5199999809265137
YPR154W,YBR083W,0,-8.6686,0.14233577251434326,0.8666666746139526,0.5222222208976746
YAL058W,YDR246W,0,-8.670171,0.14181818068027496,0.8666666746139526,0.5244444608688354
YPR037C,YOR359W,0,-8.685356,0.14130434393882751,0.8666666746139526,0.5266666412353516
YGR257C,YDL118W,0,-8.68712,0.14079421758651733,0.8666666746139526,0.5288888812065125
YOR386W,YNL202W,0,-8.702986,0.14028777182102203,0.8666666746139526,0.5311111211776733
YPR054W,YOL109W,0,-8.716114,0.13978494703769684,0.8666666746139526,0.5333333611488342
YBR037C,YDL118W,0,-8.720988,0.13928571343421936,0.8666666746139526,0.5355555415153503
YNL001W,YHR031C,0,-8.722843,0.1387900412082672,0.8666666746139526,0.5377777814865112
YCL051W,YNL261W,0,-8.74095,0.13829787075519562,0.8666666746139526,0.5400000214576721
YPL274W,YGR008C,0,-8.753772,0.13780918717384338,0.8666666746139526,0.5422222018241882
YBR024W,YPR133C,0,-8.755726,0.13732394576072693,0.8666666746139526,0.5444444417953491
YLR459W,YPL059W,0,-8.765595,0.13684210181236267,0.8666666746139526,0.54666668176651
YKL057C,YHR070W,0,-8.765713,0.13636364042758942,0.8666666746139526,0.5488888621330261
YCR027C,YER018C,0,-8.770055,0.1358885020017624,0.8666666746139526,0.551111102104187
YKR027W,YDR312W,0,-8.774057,0.1354166716337204,0.8666666746139526,0.5533333420753479
YER053C,YMR022W,0,-8.790092,0.13494808971881866,0.8666666746139526,0.5555555820465088
YKR022C,YOR327C,0,-8.803016,0.1344827562570572,0.8666666746139526,0.5577777624130249
YPL190C,YER053C,0,-8.809682,0.1340206116437912,0.8666666746139526,0.5600000023841858
YKL022C,YDR317W,0,-8.815161,0.1335616409778595,0.8666666746139526,0.5622222423553467
YML034W,YKR056W,0,-8.839081,0.1331057995557785,0.8666666746139526,0.5644444227218628
YIL115C,YDL159W,0,-8.846388,0.13265305757522583,0.8666666746139526,0.5666666626930237
YKL054C,YER018C,0,-8.848121,0.1322033852338791,0.8666666746139526,0.5688889026641846
YML067C,YGL112C,0,-8.852699,0.1317567527294159,0.8666666746139526,0.5711110830307007
YDL230W,YER082C,0,-8.8585005,0.13131313025951385,0.8666666746139526,0.5733333230018616
YJL194W,YKL126W,0,-8.859923,0.13087248802185059,0.8666666746139526,0.5755555629730225
YGR159C,YBL050W,0,-8.862796,0.1304347813129425,0.8666666746139526,0.5777778029441833
YDR122W,YJL072C,0,-8.865756,0.12999999523162842,0.8666666746139526,0.5799999833106995
YCL025C,YLR080W,0,-8.870393,0.12956809997558594,0.8666666746139526,0.5822222232818604
YPR005C,YKR003W,0,-8.881587,0.12913906574249268,0.8666666746139526,0.5844444632530212
YAL058W,YMR298W,0,-8.899152,0.12871287763118744,0.8666666746139526,0.5866666436195374
YDR174W,YPR007C,0,-8.906405,0.12828947603702545,0.8666666746139526,0.5888888835906982
YGR249W,YHR001W,0,-8.910882,0.12786884605884552,0.8666666746139526,0.5911111235618591
YMR199W,YML115C,0,-8.926667,0.12745098769664764,0.8666666746139526,0.5933333039283752
YHR001W-A,YPL026C,0,-8.93163,0.12703582644462585,0.8666666746139526,0.5955555438995361
YJL210W,YBR165W,0,-8.934129,0.12662337720394135,0.8666666746139526,0.597777783870697
YNL232W,YDR517W,0,-8.93673,0.12621359527111053,0.8666666746139526,0.6000000238418579
YFL013C,YKL214C,0,-8.940156,0.12580645084381104,0.8666666746139526,0.602222204208374
YCR038C,YLR043C,0,-8.94473,0.12540192902088165,0.8666666746139526,0.6044444441795349
YOR371C,YGL011C,0,-8.946496,0.125,0.8666666746139526,0.6066666841506958
YDR283C,YPL237W,1,-8.947575,0.1277955323457718,0.8888888955116272,0.6066666841506958
YDR473C,YHR152W,0,-8.953171,0.12738853693008423,0.8888888955116272,0.6088888645172119
YLL011W,YGR002C,0,-8.9695215,0.1269841343164444,0.8888888955116272,0.6111111044883728
YPL100W,YDR037W,0,-8.970889,0.1265822798013687,0.8888888955116272,0.6133333444595337
YGL090W,YDR178W,0,-8.977369,0.12618295848369598,0.8888888955116272,0.6155555844306946
YFL025C,YDR135C,0,-9.013839,0.1257861703634262,0.8888888955116272,0.6177777647972107
YOL158C,YBR196C,0,-9.019013,0.1253918558359146,0.8888888955116272,0.6200000047683716
YML104C,YHR099W,0,-9.032734,0.125,0.8888888955116272,0.6222222447395325
YIL140W,YOR327C,0,-9.032952,0.12461059540510178,0.8888888955116272,0.6244444251060486
YDR016C,YKL043W,0,-9.034628,0.12422360479831696,0.8888888955116272,0.6266666650772095
YCR086W,YPR168W,0,-9.054545,0.12383900582790375,0.8888888955116272,0.6288889050483704
YOR074C,YNL257C,0,-9.05569,0.12345679104328156,0.8888888955116272,0.6311110854148865
YNL169C,YNL054W,0,-9.065204,0.1230769231915474,0.8888888955116272,0.6333333253860474
YFL024C,YML065W,0,-9.081758,0.12269938737154007,0.8888888955116272,0.6355555653572083
YMR314W,YNL246W,0,-9.08345,0.12232416123151779,0.8888888955116272,0.6377778053283691
YBR022W,YLR045C,0,-9.0837345,0.12195122241973877,0.8888888955116272,0.6399999856948853
YNL110C,YEL004W,0,-9.088031,0.12158054858446121,0.8888888955116272,0.6422222256660461
YNR053C,YMR045C,0,-9.098174,0.12121212482452393,0.8888888955116272,0.644444465637207
YJR074W,YDR162C,0,-9.115115,0.12084592133760452,0.8888888955116272,0.6466666460037231
YCL025C,YKL134C,0,-9.13808,0.1204819306731224,0.8888888955116272,0.648888885974884
YAL012W,YGR212W,0,-9.161984,0.12012012302875519,0.8888888955116272,0.6511111259460449
YGR103W,YDR160W,0,-9.1636305,0.11976047605276108,0.8888888955116272,0.653333306312561
YDR182W,YHR014W,0,-9.1781225,0.11940298229455948,0.8888888955116272,0.6555555462837219
YEL056W,YDR515W,0,-9.180131,0.1190476194024086,0.8888888955116272,0.6577777862548828
YLR208W,YIL017C,0,-9.182012,0.11869436502456665,0.8888888955116272,0.6600000262260437
YDR517W,YNL313C,0,-9.188355,0.11834319680929184,0.8888888955116272,0.6622222065925598
YPL262W,YDR529C,0,-9.21945,0.11799409985542297,0.8888888955116272,0.6644444465637207
YDR411C,YNL230C,0,-9.2196455,0.11764705926179886,0.8888888955116272,0.6666666865348816
YGL257C,YPR018W,0,-9.234256,0.1173020526766777,0.8888888955116272,0.6688888669013977
YGR238C,YJL116C,0,-9.245038,0.11695906519889832,0.8888888955116272,0.6711111068725586
YIR037W,YGR152C,0,-9.250232,0.1166180744767189,0.8888888955116272,0.6733333468437195
YJL006C,YOR216C,0,-9.25734,0.11627907305955887,0.8888888955116272,0.6755555272102356
YLR078C,YNL230C,0,-9.257813,0.11594203114509583,0.8888888955116272,0.6777777671813965
YOL149W,YLR459W,0,-9.258565,0.11560693383216858,0.8888888955116272,0.6800000071525574
YBL099W,YAR002W,0,-9.266391,0.11527377367019653,0.8888888955116272,0.6822222471237183
YPL178W,YBR024W,0,-9.273614,0.1149425283074379,0.8888888955116272,0.6844444274902344
YER025W,YDR283C,1,-9.276475,0.11747851222753525,0.9111111164093018,0.6844444274902344
YMR065W,YOR216C,0,-9.289059,0.11714285612106323,0.9111111164093018,0.6866666674613953
YHR042W,YJR141W,0,-9.294335,0.11680911481380463,0.9111111164093018,0.6888889074325562
YGL183C,YDR276C,0,-9.297887,0.11647727340459824,0.9111111164093018,0.6911110877990723
YOL042W,YJL080C,0,-9.307315,0.11614730954170227,0.9111111164093018,0.6933333277702332
YNL173C,YAL011W,0,-9.3291855,0.11581920832395554,0.9111111164093018,0.695555567741394
YFR036W,YJR103W,0,-9.375636,0.11549295485019684,0.9111111164093018,0.6977777481079102
YLR246W,YKL055C,0,-9.401607,0.11516854166984558,0.9111111164093018,0.699999988079071
YDR423C,YAL015C,0,-9.404059,0.11484593898057938,0.9111111164093018,0.7022222280502319
YLR048W,YKL126W,0,-9.419415,0.11452513933181763,0.9111111164093018,0.7044444680213928
YMR172W,YMR047C,0,-9.432722,0.11420612782239914,0.9111111164093018,0.7066666483879089
YER021W,YGL104C,0,-9.440434,0.11388888955116272,0.9111111164093018,0.7088888883590698
YDR335W,YFR037C,0,-9.457313,0.11357340961694717,0.9111111164093018,0.7111111283302307
YDR079W,YDR076W,0,-9.459928,0.11325966566801071,0.9111111164093018,0.7133333086967468
YHR098C,YNL167C,0,-9.463544,0.11294765770435333,0.9111111164093018,0.7155555486679077
YPL187W,YOL066C,0,-9.470647,0.11263736337423325,0.9111111164093018,0.7177777886390686
YLR098C,YGR033C,0,-9.474532,0.11232876777648926,0.9111111164093018,0.7200000286102295
YDR283C,YEL034W,1,-9.476269,0.1147540956735611,0.9333333373069763,0.7200000286102295
YCL024W,YGL178W,0,-9.482277,0.11444141715765,0.9333333373069763,0.7222222089767456
YPR179C,YGL112C,0,-9.491102,0.11413043737411499,0.9333333373069763,0.7244444489479065
YIL007C,YPL214C,0,-9.509273,0.11382114142179489,0.9333333373069763,0.7266666889190674
YDR283C,YMR260C,1,-9.5129595,0.11621621251106262,0.9555555582046509,0.7266666889190674
YNL059C,YOR081C,0,-9.517601,0.11590296775102615,0.9555555582046509,0.7288888692855835
YBR035C,YGR118W,0,-9.546173,0.11559139937162399,0.9555555582046509,0.7311111092567444
YPL153C,YNR048W,0,-9.551322,0.11528149992227554,0.9555555582046509,0.7333333492279053
YML031W,YEL012W,0,-9.598937,0.11497326195240021,0.9555555582046509,0.7355555295944214
YCR026C,YBL080C,0,-9.609008,0.1146666631102562,0.9555555582046509,0.7377777695655823
YOL086C,YDL197C,0,-9.616193,0.1143617033958435,0.9555555582046509,0.7400000095367432
YMR065W,YLR026C,0,-9.636811,0.11405835300683975,0.9555555582046509,0.742222249507904
YNL232W,YLR316C,0,-9.63841,0.11375661194324493,0.9555555582046509,0.7444444298744202
YMR022W,YPR018W,0,-9.641078,0.11345646530389786,0.9555555582046509,0.746666669845581
YKL129C,YHR099W,0,-9.641099,0.11315789818763733,0.9555555582046509,0.7488889098167419
YLR246W,YLL061W,0,-9.65943,0.11286089569330215,0.9555555582046509,0.7511110901832581
YJL112W,YHR060W,0,-9.665263,0.11256544291973114,0.9555555582046509,0.753333330154419
YDR283C,YPR041W,1,-9.673568,0.11488250643014908,0.9777777791023254,0.753333330154419
YFL014W,YJL012C,0,-9.69345,0.1145833358168602,0.9777777791023254,0.7555555701255798
YPL015C,YDR296W,0,-9.699261,0.11428571492433548,0.9777777791023254,0.757777750492096
YLR134W,YLR136C,0,-9.70923,0.11398963630199432,0.9777777791023254,0.7599999904632568
YGR220C,YPR168W,0,-9.730708,0.11369509249925613,0.9777777791023254,0.7622222304344177
YHL002W,YDR324C,0,-9.739974,0.11340206116437912,0.9777777791023254,0.7644444704055786
YML061C,YMR022W,0,-9.75545,0.11311054229736328,0.9777777791023254,0.7666666507720947
YKL188C,YBR165W,0,-9.758147,0.11282051354646683,0.9777777791023254,0.7688888907432556
YPR185W,YGR244C,0,-9.763223,0.11253196746110916,0.9777777791023254,0.7711111307144165
YGR159C,YBR117C,0,-9.774182,0.11224489659070969,0.9777777791023254,0.7733333110809326
YDR069C,YMR247C,0,-9.778561,0.11195928603410721,0.9777777791023254,0.7755555510520935
YIL065C,YLR136C,0,-9.787711,0.11167512834072113,0.9777777791023254,0.7777777910232544
YDL099W,YKL046C,0,-9.788751,0.11139240860939026,0.9777777791023254,0.7799999713897705
YKL049C,YGR099W,0,-9.805319,0.1111111119389534,0.9777777791023254,0.7822222113609314
YDR036C,YDR079W,0,-9.813165,0.11083123087882996,0.9777777791023254,0.7844444513320923
YGL183C,YIL017C,0,-9.827003,0.11055276542901993,0.9777777791023254,0.7866666913032532
YLR155C,YGR078C,0,-9.832977,0.11027568578720093,0.9777777791023254,0.7888888716697693
YDR016C,YCL040W,0,-9.844127,0.10999999940395355,0.9777777791023254,0.7911111116409302
YKR003W,YER013W,0,-9.847148,0.10972568392753601,0.9777777791023254,0.7933333516120911
YGR249W,YGR074W,0,-9.851089,0.1094527393579483,0.9777777791023254,0.7955555319786072
YDR481C,YLR316C,0,-9.86168,0.10918114334344864,0.9777777791023254,0.7977777719497681
YGR257C,YGL094C,0,-9.871564,0.10891088843345642,0.9777777791023254,0.800000011920929
YBL080C,YNR023W,0,-9.883419,0.10864197462797165,0.9777777791023254,0.8022222518920898
YDL197C,YOL129W,0,-9.888108,0.10837438702583313,0.9777777791023254,0.804444432258606
YBL085W,YCR020W-B,0,-9.903502,0.10810811072587967,0.9777777791023254,0.8066666722297668
YDR283C,YKR059W,1,-9.931966,0.11029411852359772,1.0,0.8066666722297668
YGL174W,YOL124C,0,-9.943326,0.11002445220947266,1.0,0.8088889122009277
YKL149C,YNR026C,0,-9.948096,0.10975609719753265,1.0,0.8111110925674438
YML061C,YCR027C,0,-9.95044,0.10948905348777771,1.0,0.8133333325386047
YMR075W,YGR104C,0,-9.95313,0.10922329872846603,1.0,0.8155555725097656
YPR179C,YBR296C,0,-9.993151,0.10895884037017822,1.0,0.8177777528762817
YER019C-A,YEL004W,0,-9.997634,0.10869564861059189,1.0,0.8199999928474426
YOR034C,YAL001C,0,-10.005107,0.10843373835086823,1.0,0.8222222328186035
YLR459W,YGR212W,0,-10.017915,0.10817307978868484,1.0,0.8244444727897644
YLR116W,YGL169W,0,-10.07647,0.10791366547346115,1.0,0.8266666531562805
YER119C,YOR120W,0,-10.105853,0.10765550285577774,1.0,0.8288888931274414
YJL196C,YLR032W,0,-10.134065,0.10739856958389282,1.0,0.8311111330986023
YJL112W,YDR129C,0,-10.150446,0.1071428582072258,1.0,0.8333333134651184
YOR110W,YHL009C,0,-10.1538515,0.10688836127519608,1.0,0.8355555534362793
YGR256W,YOR137C,0,-10.155669,0.10663507133722305,1.0,0.8377777934074402
YFL005W,YEL004W,0,-10.160537,0.10638298094272614,1.0,0.8399999737739563
YBL084C,YMR298W,0,-10.171024,0.10613207519054413,1.0,0.8422222137451172
YOR046C,YJL214W,0,-10.208913,0.10588235408067703,1.0,0.8444444537162781
YPL187W,YLR425W,0,-10.210932,0.10563380271196365,1.0,0.846666693687439
YDR122W,YHR098C,0,-10.212983,0.1053864136338234,1.0,0.8488888740539551
YLL060C,YMR227C,0,-10.213952,0.10514018684625626,1.0,0.851111114025116
YMR204C,YNL054W,0,-10.219638,0.10489510744810104,1.0,0.8533333539962769
YER149C,YER103W,0,-10.244372,0.10465116053819656,1.0,0.855555534362793
YPL055C,YOR087W,0,-10.25598,0.10440835356712341,1.0,0.8577777743339539
YPL174C,YFR050C,0,-10.284999,0.1041666641831398,1.0,0.8600000143051147
YGR013W,YOR083W,0,-10.288421,0.10392609983682632,1.0,0.8622221946716309
YOR120W,YBL008W,0,-10.292714,0.10368663817644119,1.0,0.8644444346427917
YBR274W,YKR053C,0,-10.341461,0.1034482792019844,1.0,0.8666666746139526
YBR243C,YBL050W,0,-10.352656,0.10321100801229477,1.0,0.8688889145851135
YLR361C,YLR052W,0,-10.384555,0.10297483205795288,1.0,0.8711110949516296
YOL094C,YOL072W,0,-10.397789,0.10273972898721695,1.0,0.8733333349227905
YLR330W,YDR284C,0,-10.398246,0.10250569134950638,1.0,0.8755555748939514
YOR036W,YOR305W,0,-10.399084,0.10227272659540176,1.0,0.8777777552604675
YML127W,YDR495C,0,-10.405337,0.10204081982374191,1.0,0.8799999952316284
YOL067C,YDR393W,0,-10.437084,0.10180995613336563,1.0,0.8822222352027893
YER119C,YGL035C,0,-10.437438,0.10158013552427292,1.0,0.8844444155693054
YPR065W,YMR067C,0,-10.441697,0.10135135054588318,1.0,0.8866666555404663
YJR105W,YPL233W,0,-10.485318,0.10112359374761581,1.0,0.8888888955116272
YCL044C,YKL075C,0,-10.508585,0.10089685767889023,1.0,0.8911111354827881
YLR105C,YDR059C,0,-10.514674,0.10067114233970642,1.0,0.8933333158493042
YDL200C,YGL095C,0,-10.51842,0.1004464253783226,1.0,0.8955555558204651
YMR065W,YNL282W,0,-10.522355,0.10022271424531937,1.0,0.897777795791626
YJR089W,YML094W,0,-10.533887,0.10000000149011612,1.0,0.8999999761581421
YER017C,YDR515W,0,-10.547767,0.09977827221155167,1.0,0.902222216129303
YPR083W,YDR011W,0,-10.59126,0.09955751895904541,1.0,0.9044444561004639
YDL197C,YKR082W,0,-10.614097,0.09933774918317795,1.0,0.9066666960716248
YLR206W,YNL246W,0,-10.648778,0.09911894053220749,1.0,0.9088888764381409
YMR204C,YOR076C,0,-10.653871,0.09890110045671463,1.0,0.9111111164093018
YKR027W,YIL002C,0,-10.654098,0.09868421405553818,1.0,0.9133333563804626
YCR107W,YDL083C,0,-10.677264,0.09846827387809753,1.0,0.9155555367469788
YEL061C,YLR116W,0,-10.678506,0.0982532724738121,1.0,0.9177777767181396
YJR105W,YDR059C,0,-10.714415,0.09803921729326248,1.0,0.9200000166893005
YGL047W,YPR191W,0,-10.738829,0.09782608598470688,1.0,0.9222221970558167
YKL022C,YDL164C,0,-10.747126,0.09761388599872589,1.0,0.9244444370269775
YBR089C-A,YMR218C,0,-10.819239,0.09740259498357773,1.0,0.9266666769981384
YGL070C,YHR006W,0,-10.861642,0.09719222784042358,1.0,0.9288889169692993
YHR039C,YGR099W,0,-10.952769,0.09698276221752167,1.0,0.9311110973358154
YIL140W,YJL156C,0,-10.980638,0.09677419066429138,1.0,0.9333333373069763
YCL055W,YDR369C,0,-10.980853,0.09656652063131332,1.0,0.9355555772781372
YGL047W,YLR362W,0,-10.981162,0.0963597446680069,1.0,0.9377777576446533
YMR136W,YKL113C,0,-11.095311,0.09615384787321091,1.0,0.9399999976158142
YMR004W,YEL012W,0,-11.105674,0.09594883024692535,1.0,0.9422222375869751
YBL103C,YKL108W,0,-11.122123,0.09574468433856964,1.0,0.9444444179534912
YBR020W,YDR416W,0,-11.233251,0.09554140269756317,1.0,0.9466666579246521
YDR037W,YOR018W,0,-11.236367,0.09533898532390594,1.0,0.948888897895813
YDR122W,YPL153C,0,-11.295355,0.09513741731643677,1.0,0.9511111378669739
YKL139W,YDL200C,0,-11.387488,0.09493670612573624,1.0,0.95333331823349
YCR071C,YNL173C,0,-11.4882765,0.09473684430122375,1.0,0.9555555582046509
YBR217W,YFR028C,0,-11.523572,0.09453781694173813,1.0,0.9577777981758118
YMR280C,YGL035C,0,-11.568526,0.09433962404727936,1.0,0.9599999785423279
YML104C,YPL045W,0,-11.674434,0.09414225816726685,1.0,0.9622222185134888
YOR316C,YLR025W,0,-11.692011,0.09394571930170059,1.0,0.9644444584846497
YGL253W,YBR273C,0,-11.7046995,0.09375,1.0,0.9666666388511658
YPR067W,YOR057W,0,-11.71152,0.09355509281158447,1.0,0.9688888788223267
YBR217W,YEL018W,0,-11.72215,0.09336099773645401,1.0,0.9711111187934875
YKR003W,YKL099C,0,-11.835893,0.09316769987344742,1.0,0.9733333587646484
YJL102W,YKL126W,0,-11.87087,0.0929752066731453,1.0,0.9755555391311646
YLR080W,YPL126W,0,-11.955915,0.09278350323438644,1.0,0.9777777791023254
YDR236C,YNL097C,0,-11.994791,0.09259258955717087,1.0,0.9800000190734863
YGR256W,YIL016W,0,-12.07782,0.09240246564149857,1.0,0.9822221994400024
YLR189C,YML104C,0,-12.086986,0.09221311658620834,1.0,0.9844444394111633
YML095C,YKL173W,0,-12.094945,0.0920245423913002,1.0,0.9866666793823242
YKL049C,YNR032W,0,-12.10223,0.09183673560619354,1.0,0.9888888597488403
YBR278W,YLL035W,0,-12.191527,0.09164969623088837,1.0,0.9911110997200012
YLR189C,YPR190C,0,-12.602431,0.09146341681480408,1.0,0.9933333396911621
YHL031C,YKL126W,0,-12.814759,0.09127788990736008,1.0,0.995555579662323
YOL033W,YOR036W,0,-13.530545,0.09109311550855637,1.0,0.9977777600288391
YML060W,YKL188C,0,-14.231614,0.09090909361839294,1.0,1.0
