Gene A,Gene B,Label,Score,Precision,Recall,False Positive Rate
YER133W,YEL013W,0,-3.70872,0.0,0.0,9.999999747378752e-05
YKL186C,YPL239W,0,-3.734466,0.0,0.0,0.00019999999494757503
YAL035W,YHR070W,0,-3.8048398,0.0,0.0,0.0003000000142492354
YKL135C,YPR056W,0,-3.813235,0.0,0.0,0.00039999998989515007
YML080W,YHR196W,0,-3.8567991,0.0,0.0,0.0005000000237487257
YML081C-A,YBR024W,1,-3.8619823,0.1666666716337204,0.0010000000474974513,0.0005000000237487257
YNL123W,YNL201C,0,-3.899898,0.1428571492433548,0.0010000000474974513,0.0006000000284984708
YBR233W-A,YNL229C,0,-3.899939,0.125,0.0010000000474974513,0.000699999975040555
YLR451W,YFR002W,0,-3.905301,0.1111111119389534,0.0010000000474974513,0.0007999999797903001
YBL099W,YJR121W,1,-3.927693,0.20000000298023224,0.0020000000949949026,0.0007999999797903001
YDR421W,YDR088C,0,-3.9281955,0.1818181872367859,0.0020000000949949026,0.0008999999845400453
YLR229C,YPR165W,0,-3.9377732,0.1666666716337204,0.0020000000949949026,0.0010000000474974513
YLR433C,YBR233W-A,0,-3.9485753,0.1538461595773697,0.0020000000949949026,0.0010999999940395355
YFR002W,YPR189W,0,-3.951797,0.1428571492433548,0.0020000000949949026,0.0012000000569969416
YDL197C,YDR246W,0,-3.9570823,0.13333334028720856,0.0020000000949949026,0.0013000000035390258
YIL103W,YJR063W,0,-3.9678085,0.125,0.0020000000949949026,0.00139999995008111
YBR274W,YHR191C,0,-3.9723918,0.11764705926179886,0.0020000000949949026,0.001500000013038516
YPR029C,YER107C,0,-3.9907331,0.1111111119389534,0.0020000000949949026,0.0015999999595806003
YGR167W,YBR233W-A,0,-3.996873,0.10526315867900848,0.0020000000949949026,0.0017000000225380063
YOR160W,YDR079C-A,0,-4.005449,0.10000000149011612,0.0020000000949949026,0.0017999999690800905
YIL026C,YDR334W,0,-4.010291,0.095238097012043,0.0020000000949949026,0.0019000000320374966
YER159C,YGR013W,0,-4.010699,0.09090909361839294,0.0020000000949949026,0.0020000000949949026
YKR038C,YNL221C,0,-4.01164,0.08695652335882187,0.0020000000949949026,0.002099999925121665
YJL148W,YHR065C,0,-4.017422,0.0833333358168602,0.0020000000949949026,0.002199999988079071
YNL232W,YAL025C,0,-4.024646,0.07999999821186066,0.0020000000949949026,0.002300000051036477
YKL025C,YJL093C,0,-4.0261855,0.07692307978868484,0.0020000000949949026,0.002400000113993883
YOL077W-A,YCR098C,1,-4.0331736,0.1111111119389534,0.003000000026077032,0.002400000113993883
YHR170W,YKR081C,0,-4.0347233,0.1071428582072258,0.003000000026077032,0.0024999999441206455
YIL132C,YJL134W,0,-4.0412545,0.1034482792019844,0.003000000026077032,0.0026000000070780516
YBR207W,YPR067W,1,-4.042582,0.13333334028720856,0.004000000189989805,0.0026000000070780516
YDR463W,YMR039C,0,-4.0427456,0.12903225421905518,0.004000000189989805,0.0027000000700354576
YBR233W-A,YJL085W,0,-4.0455723,0.125,0.004000000189989805,0.00279999990016222
YDR388W,YOR329C,0,-4.0609508,0.12121212482452393,0.004000000189989805,0.002899999963119626
YJL074C,YOR115C,0,-4.0609603,0.11764705926179886,0.004000000189989805,0.003000000026077032
YNL161W,YNL021W,0,-4.0615196,0.11428571492433548,0.004000000189989805,0.003100000089034438
YNL219C,YJL004C,0,-4.070318,0.1111111119389534,0.004000000189989805,0.0031999999191612005
YKL138C-A,YBR258C,0,-4.0714045,0.10810811072587967,0.004000000189989805,0.0032999999821186066
YOL080C,YPR190C,0,-4.07229,0.10526315867900848,0.004000000189989805,0.0034000000450760126
YNL288W,YPL190C,0,-4.0807366,0.10256410390138626,0.004000000189989805,0.0035000001080334187
YOR243C,YBR061C,0,-4.0836906,0.10000000149011612,0.004000000189989805,0.003599999938160181
YER017C,YNR032W,0,-4.0913444,0.09756097197532654,0.004000000189989805,0.003700000001117587
YIL033C,YAL016W,0,-4.0940266,0.095238097012043,0.004000000189989805,0.003800000064074993
YOR157C,YDR328C,0,-4.096528,0.09302325546741486,0.004000000189989805,0.0038999998942017555
YPR067W,YBR037C,1,-4.09703,0.11363636702299118,0.004999999888241291,0.0038999998942017555
YBL099W,YHR175W,1,-4.104505,0.13333334028720856,0.006000000052154064,0.0038999998942017555
YCR020W-B,YJL061W,0,-4.1076727,0.1304347813129425,0.006000000052154064,0.004000000189989805
YPR108W,YIL068C,0,-4.108992,0.12765957415103912,0.006000000052154064,0.004100000020116568
YOR039W,YER051W,0,-4.1157923,0.125,0.006000000052154064,0.00419999985024333
YBR015C,YBL007C,0,-4.1225276,0.12244898080825806,0.006000000052154064,0.00430000014603138
YOL077W-A,YHR050W,1,-4.1246924,0.14000000059604645,0.007000000216066837,0.00430000014603138
YOR260W,YER171W,0,-4.1254544,0.13725490868091583,0.007000000216066837,0.004399999976158142
YOR195W,YJL074C,0,-4.128967,0.13461539149284363,0.007000000216066837,0.0044999998062849045
YLR357W,YHR154W,0,-4.1302567,0.1320754736661911,0.007000000216066837,0.004600000102072954
YGR238C,YLR191W,0,-4.1312714,0.12962962687015533,0.007000000216066837,0.004699999932199717
YPR178W,YDL076C,0,-4.1328473,0.12727272510528564,0.007000000216066837,0.004800000227987766
YLL001W,YML013W,0,-4.134174,0.125,0.007000000216066837,0.004900000058114529
YNL199C,YIL021W,0,-4.134501,0.12280701845884323,0.007000000216066837,0.004999999888241291
YLR045C,YDR079C-A,0,-4.1363273,0.12068965286016464,0.007000000216066837,0.005100000184029341
YNL292W,YIL139C,0,-4.1402082,0.11864406615495682,0.007000000216066837,0.005200000014156103
YJL033W,YKL099C,0,-4.1450562,0.11666666716337204,0.007000000216066837,0.0052999998442828655
YJL148W,YDR165W,0,-4.147153,0.1147540956735611,0.007000000216066837,0.005400000140070915
YIR037W,YML013W,0,-4.1494966,0.11290322244167328,0.007000000216066837,0.005499999970197678
YHL011C,YGL030W,0,-4.150093,0.1111111119389534,0.007000000216066837,0.00559999980032444
YPL096C-A,YLL060C,0,-4.1555815,0.109375,0.007000000216066837,0.00570000009611249
YDR421W,YHR073W,0,-4.1568775,0.10769230872392654,0.007000000216066837,0.005799999926239252
YPR178W,YFR029W,0,-4.1584015,0.10606060922145844,0.007000000216066837,0.005900000222027302
YER148W,YNL064C,0,-4.1590686,0.10447761416435242,0.007000000216066837,0.006000000052154064
YDR288W,YDR057W,0,-4.159718,0.10294117778539658,0.007000000216066837,0.006099999882280827
YPL203W,YBR126C,0,-4.159808,0.10144927352666855,0.007000000216066837,0.006200000178068876
YIL033C,YNL257C,0,-4.168598,0.10000000149011612,0.007000000216066837,0.006300000008195639
YIL068C,YDR027C,0,-4.1687365,0.09859155118465424,0.007000000216066837,0.006399999838322401
YGR231C,YBL056W,0,-4.171886,0.0972222238779068,0.007000000216066837,0.006500000134110451
YNL038W,YPL139C,0,-4.1725044,0.09589041024446487,0.007000000216066837,0.006599999964237213
YOL077W-A,YFL041W,1,-4.173237,0.10810811072587967,0.00800000037997961,0.006599999964237213
YKR026C,YJL179W,0,-4.173445,0.1066666692495346,0.00800000037997961,0.0066999997943639755
YBR084W,YNL002C,0,-4.1738615,0.10526315867900848,0.00800000037997961,0.006800000090152025
YNL258C,YBL040C,0,-4.1757593,0.10389610379934311,0.00800000037997961,0.006899999920278788
YJL112W,YAL032C,0,-4.177072,0.10256410390138626,0.00800000037997961,0.007000000216066837
YDR088C,YKL173W,0,-4.1778946,0.10126582533121109,0.00800000037997961,0.0071000000461936
YGL200C,YPR165W,0,-4.1790776,0.10000000149011612,0.00800000037997961,0.007199999876320362
YJL019W,YML013W,0,-4.180158,0.09876543283462524,0.00800000037997961,0.007300000172108412
YBR272C,YBR173C,0,-4.181075,0.09756097197532654,0.00800000037997961,0.007400000002235174
YGR104C,YOR106W,0,-4.18356,0.09638553857803345,0.00800000037997961,0.007499999832361937
YBR153W,YBL088C,0,-4.186088,0.095238097012043,0.00800000037997961,0.007600000128149986
YCL029C,YLR369W,0,-4.1861033,0.0941176488995552,0.00800000037997961,0.007699999958276749
YJL094C,YGL167C,1,-4.187649,0.10465116053819656,0.008999999612569809,0.007699999958276749
YPL195W,YNL106C,0,-4.1885242,0.1034482792019844,0.008999999612569809,0.007799999788403511
YBR279W,YER087C-B,0,-4.188931,0.10227272659540176,0.008999999612569809,0.007899999618530273
YJL194W,YER074W-A,0,-4.189312,0.10112359374761581,0.008999999612569809,0.00800000037997961
YGR074W,YDR381W,0,-4.1911654,0.10000000149011612,0.008999999612569809,0.008100000210106373
YNL039W,YDR052C,0,-4.1929007,0.09890110045671463,0.008999999612569809,0.008200000040233135
YJR070C,YLR150W,0,-4.192905,0.09782608598470688,0.008999999612569809,0.008299999870359898
YOR085W,YKL058W,0,-4.193142,0.09677419066429138,0.008999999612569809,0.00839999970048666
YFL025C,YBL105C,0,-4.1936626,0.09574468433856964,0.008999999612569809,0.008500000461935997
YER126C,YLR249W,0,-4.1938343,0.09473684430122375,0.008999999612569809,0.00860000029206276
YFL041W,YBR207W,1,-4.1957135,0.1041666641831398,0.009999999776482582,0.00860000029206276
YEL026W,YLR150W,0,-4.197748,0.10309278219938278,0.009999999776482582,0.008700000122189522
YDL031W,YMR080C,0,-4.1982994,0.10204081982374191,0.009999999776482582,0.008799999952316284
YPL153C,YKL108W,0,-4.199623,0.10101009905338287,0.009999999776482582,0.008899999782443047
YOR112W,YDL105W,0,-4.199988,0.10000000149011612,0.009999999776482582,0.008999999612569809
YFL011W,YCR040W,0,-4.2040367,0.09900990128517151,0.009999999776482582,0.009100000374019146
YOL077W-A,YOR334W,1,-4.204502,0.10784313827753067,0.010999999940395355,0.009100000374019146
YOL071W,YJL166W,0,-4.208109,0.10679611563682556,0.010999999940395355,0.009200000204145908
YKL092C,YKR083C,0,-4.209627,0.10576923191547394,0.010999999940395355,0.00930000003427267
YGL155W,YER074W-A,0,-4.2116203,0.10476190596818924,0.010999999940395355,0.009399999864399433
YER112W,YDR145W,0,-4.2144814,0.1037735864520073,0.010999999940395355,0.009499999694526196
YFL039C,YFL002W-A,0,-4.2168617,0.10280373692512512,0.010999999940395355,0.009600000455975533
YNL259C,YDR276C,1,-4.222438,0.1111111119389534,0.012000000104308128,0.009600000455975533
YHR085W,YFL017W-A,0,-4.223875,0.11009174585342407,0.012000000104308128,0.009700000286102295
YGL061C,YDR507C,0,-4.225344,0.1090909093618393,0.012000000104308128,0.009800000116229057
YDL148C,YCL031C,0,-4.226533,0.10810811072587967,0.012000000104308128,0.00989999994635582
YPL153C,YDR392W,0,-4.2267656,0.1071428582072258,0.012000000104308128,0.009999999776482582
YDL106C,YKL042W,0,-4.229173,0.10619468986988068,0.012000000104308128,0.010099999606609344
YPL001W,YEL051W,0,-4.2300653,0.10526315867900848,0.012000000104308128,0.010200000368058681
YOR361C,YEL026W,0,-4.233336,0.104347825050354,0.012000000104308128,0.010300000198185444
YOR316C,YPR067W,1,-4.234624,0.11206896603107452,0.013000000268220901,0.010300000198185444
YPR034W,YJL018W,0,-4.236067,0.1111111119389534,0.013000000268220901,0.010400000028312206
YOL135C,YGR002C,0,-4.2362146,0.11016949266195297,0.013000000268220901,0.010499999858438969
YOL144W,YNL302C,0,-4.2372875,0.10924369841814041,0.013000000268220901,0.010599999688565731
YCL016C,YMR227C,0,-4.2375264,0.10833333432674408,0.013000000268220901,0.010700000450015068
YDR182W,YOR290C,0,-4.2376966,0.10743801295757294,0.013000000268220901,0.01080000028014183
YBL099W,YJR077C,1,-4.2381186,0.1147540956735611,0.014000000432133675,0.01080000028014183
YLR384C,YLR335W,0,-4.23857,0.11382114142179489,0.014000000432133675,0.010900000110268593
YDL105W,YLR312C-B,0,-4.243806,0.11290322244167328,0.014000000432133675,0.010999999940395355
YOR240W,YGL137W,0,-4.2447743,0.1120000034570694,0.014000000432133675,0.011099999770522118
YMR311C,YFR004W,0,-4.245272,0.1111111119389534,0.014000000432133675,0.01119999960064888
YOL077W-A,YOL158C,1,-4.2453556,0.11811023950576782,0.014999999664723873,0.01119999960064888
YMR309C,YOL080C,0,-4.2459507,0.1171875,0.014999999664723873,0.011300000362098217
YMR162C,YDR079C-A,0,-4.2459593,0.11627907305955887,0.014999999664723873,0.01140000019222498
YAL031C,YOR087W,0,-4.2536445,0.11538461595773697,0.014999999664723873,0.011500000022351742
YPR055W,YJL176C,0,-4.2551327,0.11450381577014923,0.014999999664723873,0.011599999852478504
YPL145C,YOL142W,0,-4.2553573,0.11363636702299118,0.014999999664723873,0.011699999682605267
YER172C,YFL035C,0,-4.2571826,0.11278195679187775,0.014999999664723873,0.011800000444054604
YPR175W,YGR099W,0,-4.2579,0.11194030195474625,0.014999999664723873,0.011900000274181366
YDR165W,YHR196W,0,-4.2595162,0.1111111119389534,0.014999999664723873,0.012000000104308128
YOR023C,YOL135C,0,-4.259761,0.11029411852359772,0.014999999664723873,0.01209999993443489
YGL071W,YEL065W,1,-4.259856,0.11678832024335861,0.01600000075995922,0.01209999993443489
YDR480W,YOL042W,0,-4.2598705,0.11594203114509583,0.01600000075995922,0.012199999764561653
YJR135C,YER074W-A,0,-4.2601957,0.11510791629552841,0.01600000075995922,0.012299999594688416
YKL139W,YGR119C,0,-4.260208,0.11428571492433548,0.01600000075995922,0.012400000356137753
YLR391W-A,YEL054C,0,-4.263339,0.11347517371177673,0.01600000075995922,0.012500000186264515
YDL065C,YGR231C,0,-4.263605,0.11267605423927307,0.01600000075995922,0.012600000016391277
YKL016C,YNL055C,1,-4.2639356,0.11888112127780914,0.017000000923871994,0.012600000016391277
YGR284C,YER125W,0,-4.2651606,0.1180555522441864,0.017000000923871994,0.01269999984651804
YGR274C,YDR079C-A,0,-4.2668753,0.11724138259887695,0.017000000923871994,0.012799999676644802
YMR044W,YBL011W,0,-4.267733,0.1164383590221405,0.017000000923871994,0.012900000438094139
YJL085W,YOR057W,0,-4.2678175,0.11564625799655914,0.017000000923871994,0.013000000268220901
YLR353W,YOR270C,0,-4.268424,0.11486486345529556,0.017000000923871994,0.013100000098347664
YDR004W,YOR069W,0,-4.27045,0.11409395933151245,0.017000000923871994,0.013199999928474426
YLR433C,YIL147C,0,-4.2711487,0.1133333370089531,0.017000000923871994,0.013299999758601189
YDR176W,YGR179C,0,-4.274166,0.11258278042078018,0.017000000923871994,0.013399999588727951
YDR481C,YLR337W,0,-4.274361,0.11184210330247879,0.017000000923871994,0.013500000350177288
YFL035C,YJR043C,0,-4.274386,0.1111111119389534,0.017000000923871994,0.01360000018030405
YER016W,YDR440W,0,-4.274924,0.11038961261510849,0.017000000923871994,0.013700000010430813
YHR013C,YPL063W,0,-4.274993,0.10967741906642914,0.017000000923871994,0.013799999840557575
YPL249C,YJL036W,0,-4.275874,0.10897435992956161,0.017000000923871994,0.013899999670684338
YLR186W,YDR429C,0,-4.276311,0.1082802563905716,0.017000000923871994,0.014000000432133675
YJR083C,YDL007W,0,-4.276484,0.10759493708610535,0.017000000923871994,0.014100000262260437
YNR032W,YDR079C-A,0,-4.276806,0.10691823810338974,0.017000000923871994,0.0142000000923872
YBR088C,YHR039C-B,0,-4.27853,0.10625000298023224,0.017000000923871994,0.014299999922513962
YNL243W,YFL002W-A,0,-4.2791805,0.10559006035327911,0.017000000923871994,0.014399999752640724
YOL077W-A,YHR175W,1,-4.2803016,0.1111111119389534,0.017999999225139618,0.014399999752640724
YPL266W,YFR002W,0,-4.2807484,0.11042945086956024,0.017999999225139618,0.014499999582767487
YAL021C,YHR119W,0,-4.280956,0.10975609719753265,0.017999999225139618,0.014600000344216824
YLR145W,YGR072W,0,-4.2812853,0.1090909093618393,0.017999999225139618,0.014700000174343586
YER008C,YFL038C,0,-4.2821727,0.10843373835086823,0.017999999225139618,0.014800000004470348
YLR170C,YDR334W,0,-4.283737,0.10778442770242691,0.017999999225139618,0.01489999983459711
YOR249C,YJL085W,0,-4.2840395,0.1071428582072258,0.017999999225139618,0.014999999664723873
YPR171W,YCR062W,0,-4.28521,0.10650887340307236,0.017999999225139618,0.01510000042617321
YOL026C,YCL003W,0,-4.2868934,0.10588235408067703,0.017999999225139618,0.015200000256299973
YDR079C-A,YGR033C,0,-4.286971,0.10526315867900848,0.017999999225139618,0.015300000086426735
YDL065C,YDR131C,0,-4.288745,0.10465116053819656,0.017999999225139618,0.015399999916553497
YGL192W,YCR062W,0,-4.289728,0.10404624044895172,0.017999999225139618,0.01549999974668026
YFL011W-A,YJL092W,0,-4.290182,0.1034482792019844,0.017999999225139618,0.015599999576807022
YFL035C-A,YDR192C,0,-4.2910347,0.10285714268684387,0.017999999225139618,0.015699999406933784
YPL123C,YPL152W,0,-4.2917004,0.10227272659540176,0.017999999225139618,0.015799999237060547
YDL116W,YNL121C,0,-4.293844,0.10169491171836853,0.017999999225139618,0.01590000092983246
YFL035C,YMR089C,0,-4.294959,0.10112359374761581,0.017999999225139618,0.01600000075995922
YGL178W,YLR337W,0,-4.2962637,0.10055866092443466,0.017999999225139618,0.016100000590085983
YJL062W,YLR312C-B,0,-4.296567,0.10000000149011612,0.017999999225139618,0.016200000420212746
YBR095C,YMR005W,0,-4.296777,0.09944751113653183,0.017999999225139618,0.016300000250339508
YOL144W,YGL030W,0,-4.2974224,0.09890110045671463,0.017999999225139618,0.01640000008046627
YHR042W,YLR337W,0,-4.2978096,0.09836065769195557,0.017999999225139618,0.016499999910593033
YNL055C,YBR037C,1,-4.2983685,0.10326086729764938,0.01899999938905239,0.016499999910593033
YNR038W,YLR285W,0,-4.2987866,0.10270269960165024,0.01899999938905239,0.016599999740719795
YOL077W-A,YBR207W,1,-4.2991085,0.10752688348293304,0.019999999552965164,0.016599999740719795
YIL068C,YHR167W,0,-4.2992506,0.10695187002420425,0.019999999552965164,0.016699999570846558
YNL259C,YOR316C,1,-4.300303,0.11170212924480438,0.020999999716877937,0.016699999570846558
YAL041W,YLR035C-A,0,-4.3014736,0.1111111119389534,0.020999999716877937,0.01679999940097332
YER129W,YBL061C,0,-4.3023734,0.11052631586790085,0.020999999716877937,0.016899999231100082
YFL011W-A,YHR120W,0,-4.3024487,0.10994764417409897,0.020999999716877937,0.017000000923871994
YBR217W,YMR288W,0,-4.302944,0.109375,0.020999999716877937,0.017100000753998756
YNL258C,YDR334W,0,-4.3035293,0.10880828648805618,0.020999999716877937,0.01720000058412552
YJL013C,YGR099W,0,-4.303806,0.10824742168188095,0.020999999716877937,0.01730000041425228
YBR090C-A,YPR055W,0,-4.304645,0.10769230872392654,0.020999999716877937,0.017400000244379044
YDR245W,YER171W,0,-4.305811,0.1071428582072258,0.020999999716877937,0.017500000074505806
YPL217C,YGR280C,0,-4.3059497,0.10659898817539215,0.020999999716877937,0.01759999990463257
YJL165C,YNL032W,0,-4.3062844,0.10606060922145844,0.020999999716877937,0.01769999973475933
YER119C,YMR250W,0,-4.3064475,0.10552763938903809,0.020999999716877937,0.017799999564886093
YKL064W,YDR456W,1,-4.306836,0.10999999940395355,0.02199999988079071,0.017799999564886093
YFL035C-A,YBR035C,0,-4.308773,0.1094527393579483,0.02199999988079071,0.017899999395012856
YLR347C,YBR090C-A,0,-4.3094044,0.10891088843345642,0.02199999988079071,0.017999999225139618
YPL214C,YLR035C-A,0,-4.30962,0.10837438702583313,0.02199999988079071,0.01810000091791153
YOL059W,YCL060C,0,-4.310272,0.10784313827753067,0.02199999988079071,0.018200000748038292
YBR278W,YLR312C-B,0,-4.3116603,0.10731707513332367,0.02199999988079071,0.018300000578165054
YNL271C,YHR111W,0,-4.3121834,0.10679611563682556,0.02199999988079071,0.018400000408291817
YBL099W,YDR456W,1,-4.3129907,0.1111111119389534,0.023000000044703484,0.018400000408291817
YOR328W,YMR045C,0,-4.3140035,0.11057692021131516,0.023000000044703484,0.01850000023841858
YKL160W,YJL018W,0,-4.3145766,0.110047847032547,0.023000000044703484,0.01860000006854534
YBL074C,YBR233W-A,0,-4.314931,0.10952381044626236,0.023000000044703484,0.018699999898672104
YER119C,YGL127C,0,-4.315282,0.10900473594665527,0.023000000044703484,0.018799999728798866
YOR335C,YNL004W,0,-4.315355,0.10849056392908096,0.023000000044703484,0.01889999955892563
YIL065C,YAR044W,0,-4.3154755,0.10798121988773346,0.023000000044703484,0.01899999938905239
YJL092W,YPL153C,0,-4.3162956,0.10747663676738739,0.023000000044703484,0.019099999219179153
YGR218W,YBL105C,0,-4.317491,0.10697674751281738,0.023000000044703484,0.019200000911951065
YGL014W,YML033W,0,-4.3178024,0.10648148506879807,0.023000000044703484,0.019300000742077827
YCL060C,YJL072C,0,-4.317981,0.10599078238010406,0.023000000044703484,0.01940000057220459
YKL006C-A,YDR328C,0,-4.3185153,0.1055045872926712,0.023000000044703484,0.019500000402331352
YLR459W,YFL035C,0,-4.318564,0.10502283275127411,0.023000000044703484,0.019600000232458115
YNR032W,YOR014W,0,-4.3191166,0.10454545170068741,0.023000000044703484,0.019700000062584877
YGR112W,YDR170W-A,0,-4.3195567,0.10407239943742752,0.023000000044703484,0.01979999989271164
YFL035C,YBR091C,0,-4.3199363,0.10360360145568848,0.023000000044703484,0.019899999722838402
YPL084W,YPL262W,0,-4.320874,0.1031390130519867,0.023000000044703484,0.019999999552965164
YDL190C,YLR035C-A,0,-4.3212013,0.1026785746216774,0.023000000044703484,0.020099999383091927
YDR206W,YGR195W,0,-4.3216543,0.10222221910953522,0.023000000044703484,0.02019999921321869
YLR449W,YEL042W,0,-4.321828,0.10176990926265717,0.023000000044703484,0.0203000009059906
YLR391W,YIR019C,0,-4.322402,0.10132158547639847,0.023000000044703484,0.020400000736117363
YFR024C,YMR241W,0,-4.3235693,0.10087719559669495,0.023000000044703484,0.020500000566244125
YCL060C,YPL093W,0,-4.3243337,0.10043668001890182,0.023000000044703484,0.020600000396370888
YOL077W-A,YNL142W,1,-4.3243675,0.104347825050354,0.024000000208616257,0.020600000396370888
YBL017C,YDR170W-A,0,-4.324914,0.10389610379934311,0.024000000208616257,0.02070000022649765
YER108C,YMR204C,0,-4.3254056,0.1034482792019844,0.024000000208616257,0.020800000056624413
YDR300C,YJR068W,0,-4.325524,0.10300429165363312,0.024000000208616257,0.020899999886751175
YGL096W,YOR142W-A,0,-4.325587,0.10256410390138626,0.024000000208616257,0.020999999716877937
YOR005C,YNL284C-B,0,-4.3255925,0.10212765634059906,0.024000000208616257,0.0210999995470047
YPL084W,YPL257W-B,0,-4.325676,0.10169491171836853,0.024000000208616257,0.021199999377131462
YOR031W,YLR157C-B,0,-4.325681,0.10126582533121109,0.024000000208616257,0.021299999207258224
YPR025C,YLR410W-A,0,-4.3258157,0.10084033757448196,0.024000000208616257,0.021400000900030136
YPL227C,YGR027W-A,0,-4.326232,0.10041841119527817,0.024000000208616257,0.0215000007301569
YIL142W,YOR217W,0,-4.3262706,0.10000000149011612,0.024000000208616257,0.02160000056028366
YEL004W,YLR157C-B,0,-4.3263626,0.09958506375551224,0.024000000208616257,0.021700000390410423
YOL127W,YLR227W-A,0,-4.326413,0.09917355328798294,0.024000000208616257,0.021800000220537186
YGL151W,YPR137C-A,0,-4.3264627,0.09876543283462524,0.024000000208616257,0.021900000050663948
YOR340C,YOR192C-A,0,-4.3264875,0.09836065769195557,0.024000000208616257,0.02199999988079071
YDR231C,YPL257W-A,0,-4.3265204,0.09795918315649033,0.024000000208616257,0.022099999710917473
YPL244C,YLR227W-A,0,-4.326662,0.09756097197532654,0.024000000208616257,0.022199999541044235
YJL219W,YCL003W,0,-4.326712,0.09716599434614182,0.024000000208616257,0.022299999371170998
YGL097W,YPL060C-A,0,-4.3267555,0.09677419066429138,0.024000000208616257,0.02239999920129776
YBR039W,YER053C,1,-4.3267813,0.1004016101360321,0.02500000037252903,0.02239999920129776
YOR068C,YGR027W-A,0,-4.326847,0.10000000149011612,0.02500000037252903,0.02250000089406967
YGL172W,YPR137C-A,0,-4.3271365,0.09960159659385681,0.02500000037252903,0.022600000724196434
YHR006W,YOR142W-B,0,-4.327176,0.0992063507437706,0.02500000037252903,0.022700000554323196
YIL042C,YDR098C-A,0,-4.3273444,0.0988142266869545,0.02500000037252903,0.02280000038444996
YKL014C,YGR038C-A,0,-4.327444,0.09842519462108612,0.02500000037252903,0.02290000021457672
YDR045C,YGR161C-C,0,-4.3277006,0.09803921729326248,0.02500000037252903,0.023000000044703484
YPL187W,YGR109W-A,0,-4.327732,0.09765625,0.02500000037252903,0.023099999874830246
YGR038C-A,YHL009W-B,0,-4.327775,0.09727626293897629,0.02500000037252903,0.02319999970495701
YOR094W,YLR026C,0,-4.3280416,0.09689922630786896,0.02500000037252903,0.02329999953508377
YCR102C,YPR158C-D,0,-4.3280516,0.09652509540319443,0.02500000037252903,0.023399999365210533
YMR241W,YPR158C-C,0,-4.3284025,0.09615384787321091,0.02500000037252903,0.023499999195337296
YGR007W,YGR161C-D,0,-4.328494,0.09578543901443481,0.02500000037252903,0.023600000888109207
YNR056C,YCL019W,0,-4.328544,0.09541984647512436,0.02500000037252903,0.02370000071823597
YPL011C,YHL009W-B,0,-4.3285756,0.09505703300237656,0.02500000037252903,0.023800000548362732
YDR508C,YGR038C-A,0,-4.3287,0.09469696879386902,0.02500000037252903,0.023900000378489494
YLR433C,YAL035W,0,-4.3290005,0.09433962404727936,0.02500000037252903,0.024000000208616257
YNL029C,YER159C-A,0,-4.3292565,0.09398496150970459,0.02500000037252903,0.02410000003874302
YBL078C,YLR157C-B,0,-4.329464,0.09363295882940292,0.02500000037252903,0.02419999986886978
YFL035C,YHR143W-A,0,-4.3295097,0.09328357875347137,0.02500000037252903,0.024299999698996544
YJL024C,YNL272C,0,-4.329609,0.09293680638074875,0.02500000037252903,0.024399999529123306
YOR157C,YPL257W-A,0,-4.329849,0.09259258955717087,0.02500000037252903,0.02449999935925007
YKR019C,YHR214C-C,0,-4.3299704,0.09225092083215714,0.02500000037252903,0.02459999918937683
YDR097C,YPL257W-A,0,-4.3300457,0.09191176295280457,0.02500000037252903,0.024700000882148743
YER108C,YHR118C,0,-4.3303776,0.09157509356737137,0.02500000037252903,0.024800000712275505
YLL011W,YGR038C-A,0,-4.33044,0.09124087542295456,0.02500000037252903,0.024900000542402267
YGL130W,YDR328C,0,-4.33068,0.09090909361839294,0.02500000037252903,0.02500000037252903
YOR142W-A,YPL206C,0,-4.3307405,0.09057971090078354,0.02500000037252903,0.025100000202655792
YBR215W,YOR195W,0,-4.3309193,0.09025270491838455,0.02500000037252903,0.025200000032782555
YDL030W,YDR210W-A,0,-4.3311415,0.08992806077003479,0.02500000037252903,0.025299999862909317
YBR195C,YOR192C-B,0,-4.331287,0.08960573375225067,0.02500000037252903,0.02539999969303608
YGL191W,YOL103W-B,0,-4.331935,0.0892857164144516,0.02500000037252903,0.025499999523162842
YNL256W,YDR261W-A,0,-4.3320093,0.08896797150373459,0.02500000037252903,0.025599999353289604
YDR429C,YCL062W,0,-4.3322377,0.08865248411893845,0.02500000037252903,0.025699999183416367
YML007W,YOR142W-A,0,-4.3323827,0.08833922445774078,0.02500000037252903,0.025800000876188278
YOL051W,YPR158W-B,0,-4.3325167,0.08802817016839981,0.02500000037252903,0.02590000070631504
YOL077C,YLR227W-A,0,-4.3326063,0.08771929889917374,0.02500000037252903,0.026000000536441803
YGR074W,YPL060C-A,0,-4.3326955,0.08741258829832077,0.02500000037252903,0.026100000366568565
YER016W,YIL131C,0,-4.3327637,0.08710801601409912,0.02500000037252903,0.026200000196695328
YIL115C,YGR276C,0,-4.333194,0.0868055522441864,0.02500000037252903,0.02630000002682209
YMR070W,YOR142W-B,0,-4.333434,0.08650518953800201,0.02500000037252903,0.026399999856948853
YDR057W,YDR034C-D,0,-4.3334394,0.08620689809322357,0.02500000037252903,0.026499999687075615
YER127W,YPR158W-A,0,-4.333687,0.08591065555810928,0.02500000037252903,0.026599999517202377
YDR453C,YDR365W-A,0,-4.3338604,0.08561643958091736,0.02500000037252903,0.02669999934732914
YGR002C,YOL103W-B,0,-4.3344107,0.0853242352604866,0.02500000037252903,0.026799999177455902
YOR067C,YKR068C,0,-4.334477,0.08503401279449463,0.02500000037252903,0.026900000870227814
YMR246W,YLR410W-B,0,-4.334795,0.08474576473236084,0.02500000037252903,0.027000000700354576
YMR076C,YLL021W,0,-4.335058,0.08445946127176285,0.02500000037252903,0.02710000053048134
YMR301C,YDR261W-A,0,-4.33511,0.08417508751153946,0.02500000037252903,0.0272000003606081
YDR034C-D,YHR138C,0,-4.3353753,0.08389262109994888,0.02500000037252903,0.027300000190734863
YIR026C,YGR161W-A,0,-4.335431,0.08361203968524933,0.02500000037252903,0.027400000020861626
YML107C,YDR261W-A,0,-4.335747,0.0833333358168602,0.02500000037252903,0.027499999850988388
YBR111W-A,YKL028W,0,-4.335992,0.0830564796924591,0.02500000037252903,0.02759999968111515
YPR100W,YPR158C-C,0,-4.33602,0.08278145641088486,0.02500000037252903,0.027699999511241913
YPL248C,YOR192C-B,0,-4.336195,0.08250825107097626,0.02500000037252903,0.027799999341368675
YPL096C-A,YGR220C,0,-4.336197,0.08223684132099152,0.02500000037252903,0.027899999171495438
YDL226C,YLR035C-A,0,-4.3362494,0.08196721225976944,0.02500000037252903,0.02800000086426735
YNL110C,YOR192C-A,0,-4.3362646,0.08169934898614883,0.02500000037252903,0.02810000069439411
YBR065C,YNL284C-B,0,-4.336379,0.08143322169780731,0.02500000037252903,0.028200000524520874
YKL093W,YPL257W-B,0,-4.336394,0.08116883039474487,0.02500000037252903,0.028300000354647636
YGL168W,YGL086W,0,-4.3367944,0.08090614527463913,0.02500000037252903,0.0284000001847744
YER062C,YGR161C-C,0,-4.3367963,0.08064515888690948,0.02500000037252903,0.02850000001490116
YDR289C,YOR142W-B,0,-4.3372083,0.08038584887981415,0.02500000037252903,0.028599999845027924
YPR105C,YOR160W,0,-4.337311,0.08012820780277252,0.02500000037252903,0.028699999675154686
YEL056W,YLR227W-A,0,-4.337349,0.07987220585346222,0.02500000037252903,0.02879999950528145
YOR192C-B,YPR137C-B,0,-4.337381,0.07961783558130264,0.02500000037252903,0.02889999933540821
YOR036W,YGR161C-D,0,-4.3375177,0.0793650820851326,0.02500000037252903,0.028999999165534973
YOR119C,YOR192C-B,0,-4.3375316,0.0791139230132103,0.02500000037252903,0.029100000858306885
YCL059C,YPL060C-A,0,-4.337644,0.07886435091495514,0.02500000037252903,0.029200000688433647
YAR008W,YHR039C-B,0,-4.337942,0.07861635088920593,0.02500000037252903,0.02930000051856041
YLL036C,YKL099C,0,-4.338707,0.07836990803480148,0.02500000037252903,0.029400000348687172
YHR186C,YOR088W,0,-4.338867,0.078125,0.02500000037252903,0.029500000178813934
YMR106C,YFL002W-A,0,-4.339113,0.07788161933422089,0.02500000037252903,0.029600000008940697
YMR022W,YOR259C,0,-4.3391333,0.07763975113630295,0.02500000037252903,0.02969999983906746
YCL060C,YML049C,0,-4.3391767,0.07739938050508499,0.02500000037252903,0.02979999966919422
YNL055C,YDR322C-A,1,-4.3392925,0.08024691045284271,0.026000000536441803,0.02979999966919422
YLL061W,YHR214C-C,0,-4.3394737,0.07999999821186066,0.026000000536441803,0.029899999499320984
YDR420W,YER171W,0,-4.33972,0.07975459843873978,0.026000000536441803,0.029999999329447746
YGL087C,YPR100W,0,-4.3398585,0.07951070368289948,0.026000000536441803,0.03009999915957451
YBR102C,YPR158W-B,0,-4.3398914,0.07926829159259796,0.026000000536441803,0.03020000085234642
YOR100C,YGR109W-A,0,-4.339901,0.07902735471725464,0.026000000536441803,0.030300000682473183
YLR391W-A,YML118W,0,-4.340028,0.07878787815570831,0.026000000536441803,0.030400000512599945
YCL052C,YDR365W-B,0,-4.34003,0.07854984700679779,0.026000000536441803,0.030500000342726707
YFR029W,YPR158W-B,0,-4.34024,0.07831325381994247,0.026000000536441803,0.03060000017285347
YDR097C,YPR137C-B,0,-4.340563,0.07807807624340057,0.026000000536441803,0.030700000002980232
YDL065C,YOL103W-B,0,-4.3422213,0.07784431427717209,0.026000000536441803,0.030799999833106995
YFL038C,YPR137C-B,0,-4.3422523,0.07761193811893463,0.026000000536441803,0.030899999663233757
YBL100W-B,YPL257W-A,0,-4.3422585,0.0773809552192688,0.026000000536441803,0.03099999949336052
YDR392W,YGR161C-D,0,-4.342632,0.0771513357758522,0.026000000536441803,0.031099999323487282
YNL071W,YOL060C,0,-4.342708,0.07692307978868484,0.026000000536441803,0.031199999153614044
YIL112W,YDR365W-B,0,-4.3427477,0.07669616490602493,0.026000000536441803,0.031300000846385956
YGR193C,YDR545W,0,-4.3429847,0.07647059112787247,0.026000000536441803,0.03139999881386757
YGR112W,YOL103W-B,0,-4.343301,0.07624633610248566,0.026000000536441803,0.03150000050663948
YOR373W,YLR157C-B,0,-4.3436975,0.0760233923792839,0.026000000536441803,0.031599998474121094
YIL101C,YGR161C-C,0,-4.343818,0.07580175250768661,0.026000000536441803,0.031700000166893005
YIL013C,YGR038C-B,0,-4.3441305,0.075581394135952,0.026000000536441803,0.03180000185966492
YCL040W,YPR158C-C,0,-4.34439,0.07536231726408005,0.026000000536441803,0.03189999982714653
YOR249C,YCL012W,0,-4.344393,0.07514450699090958,0.026000000536441803,0.03200000151991844
YML095C,YLR337W,0,-4.3443933,0.07492795586585999,0.026000000536441803,0.032099999487400055
YOR240W,YLR329W,0,-4.344508,0.07471264153718948,0.026000000536441803,0.03220000118017197
YOL130W,YCR037C,1,-4.344553,0.07736389338970184,0.027000000700354576,0.03220000118017197
YOR240W,YGL190C,0,-4.3446345,0.0771428570151329,0.027000000700354576,0.03229999914765358
YPL241C,YPL050C,0,-4.344816,0.07692307978868484,0.027000000700354576,0.03240000084042549
YDR292C,YOL006C,0,-4.3451786,0.07670454680919647,0.027000000700354576,0.032499998807907104
YDR182W,YLR459W,0,-4.345219,0.07648725062608719,0.027000000700354576,0.032600000500679016
YPL196W,YGR038C-A,0,-4.345708,0.0762711837887764,0.027000000700354576,0.03269999846816063
YMR213W,YGR027W-A,0,-4.3457413,0.0760563388466835,0.027000000700354576,0.03280000016093254
YKL138C-A,YGL210W,0,-4.3457694,0.07584269344806671,0.027000000700354576,0.03290000185370445
YLR220W,YDR178W,0,-4.3460684,0.07563025504350662,0.027000000700354576,0.032999999821186066
YBR092C,YGR161C-C,0,-4.3461113,0.07541899383068085,0.027000000700354576,0.03310000151395798
YBR017C,YPR137C-A,0,-4.3461614,0.07520891726016998,0.027000000700354576,0.03319999948143959
YNL325C,YML013W,0,-4.3463817,0.07500000298023224,0.027000000700354576,0.0333000011742115
YMR116C,YGL030W,0,-4.3463955,0.07479224354028702,0.027000000700354576,0.033399999141693115
YDR470C,YOL103W-A,0,-4.3466268,0.07458563894033432,0.027000000700354576,0.03350000083446503
YHL002W,YDR261W-A,0,-4.346665,0.07438016682863235,0.027000000700354576,0.03359999880194664
YHR205W,YDR098C-B,0,-4.3471384,0.07417582720518112,0.027000000700354576,0.03370000049471855
YGL038C,YLR157C-B,0,-4.3472896,0.07397260516881943,0.027000000700354576,0.033799998462200165
YDR392W,YLR410W-A,0,-4.3472896,0.07377049326896667,0.027000000700354576,0.033900000154972076
YFL035C-A,YEL004W,0,-4.347312,0.07356948405504227,0.027000000700354576,0.03400000184774399
YCL055W,YNL222W,0,-4.347333,0.07336956262588501,0.027000000700354576,0.0340999998152256
YIL016W,YHR214C-C,0,-4.3475866,0.0731707289814949,0.027000000700354576,0.03420000150799751
YMR316W,YOR192C-B,0,-4.3475866,0.07297297567129135,0.027000000700354576,0.034299999475479126
YDR527W,YLR410W-A,0,-4.34768,0.07277628034353256,0.027000000700354576,0.03440000116825104
YPR161C,YPL011C,0,-4.3477163,0.07258064299821854,0.027000000700354576,0.03449999913573265
YIL016W,YDR365W-B,0,-4.3477182,0.07238605618476868,0.027000000700354576,0.03460000082850456
YGL003C,YDL224C,0,-4.348077,0.07219251245260239,0.027000000700354576,0.034699998795986176
YOR023C,YGL127C,0,-4.3480926,0.07199999690055847,0.027000000700354576,0.03480000048875809
YOR144C,YDL013W,0,-4.3485165,0.07180850952863693,0.027000000700354576,0.0348999984562397
YOR112W,YJL061W,0,-4.348853,0.07161803543567657,0.027000000700354576,0.03500000014901161
YER108C,YMR311C,0,-4.349209,0.0714285746216774,0.027000000700354576,0.035100001841783524
YNL323W,YGR109W-A,0,-4.349869,0.07124010473489761,0.027000000700354576,0.03519999980926514
YAL021C,YJL019W,0,-4.350178,0.07105263322591782,0.027000000700354576,0.03530000150203705
YCR002C,YOR142W-B,0,-4.35068,0.07086614519357681,0.027000000700354576,0.03539999946951866
YBR092C,YDR079C-A,0,-4.3507123,0.07068062573671341,0.027000000700354576,0.03550000116229057
YLR369W,YGR161W-A,0,-4.3507295,0.0704960823059082,0.027000000700354576,0.035599999129772186
YGL070C,YAR044W,0,-4.3508205,0.0703125,0.027000000700354576,0.0357000008225441
YNL272C,YDR392W,0,-4.350868,0.0701298713684082,0.027000000700354576,0.03579999879002571
YBR159W,YBL100W-B,0,-4.3509254,0.06994818896055222,0.027000000700354576,0.03590000048279762
YLR357W,YLR033W,0,-4.351057,0.06976744532585144,0.027000000700354576,0.035999998450279236
YBR237W,YLR157C-B,0,-4.35109,0.06958762556314468,0.027000000700354576,0.03610000014305115
YDL044C,YKL108W,0,-4.351141,0.06940873712301254,0.027000000700354576,0.03620000183582306
YLR335W,YDR365W-B,0,-4.3513,0.06923077255487442,0.027000000700354576,0.03629999980330467
YDR261W-A,YJR028W,0,-4.3514395,0.06905370950698853,0.027000000700354576,0.036400001496076584
YOR039W,YGR272C,0,-4.3518877,0.06887754797935486,0.027000000700354576,0.0364999994635582
YCL052C,YJR066W,0,-4.352164,0.06870228797197342,0.027000000700354576,0.03660000115633011
YOL156W,YDR261W-A,0,-4.352222,0.06852792203426361,0.027000000700354576,0.03669999912381172
YFL011W-A,YDR217C,0,-4.352253,0.06835442781448364,0.027000000700354576,0.03680000081658363
YGR186W,YIL017W,0,-4.3524613,0.06818182021379471,0.027000000700354576,0.03689999878406525
YBL078C,YDR210W-B,0,-4.3525915,0.06801007688045502,0.027000000700354576,0.03700000047683716
YML081C-A,YKR052C,1,-4.3525963,0.07035175710916519,0.02800000086426735,0.03700000047683716
YDL019C,YLR227W-A,0,-4.3528814,0.07017543911933899,0.02800000086426735,0.03709999844431877
YLR084C,YPL060C-A,0,-4.35339,0.07000000029802322,0.02800000086426735,0.03720000013709068
YKL117W,YOR142W-A,0,-4.3539095,0.0698254331946373,0.02800000086426735,0.037300001829862595
YGL011C,YGR161C-C,0,-4.3540916,0.06965173780918121,0.02800000086426735,0.03739999979734421
YMR125W,YGR161C-C,0,-4.354266,0.06947890669107437,0.02800000086426735,0.03750000149011612
YDR437W,YPR137C-B,0,-4.354656,0.06930693238973618,0.02800000086426735,0.03759999945759773
YPL179W,YOR192C-B,0,-4.3550754,0.06913580000400543,0.02800000086426735,0.037700001150369644
YPL210C,YDR098C-A,0,-4.355428,0.06896551698446274,0.02800000086426735,0.03779999911785126
YIL008W,YLR157C-B,0,-4.3554583,0.0687960684299469,0.02800000086426735,0.03790000081062317
YKL146W,YOR192C-B,0,-4.3555393,0.06862745434045792,0.02800000086426735,0.03799999877810478
YOR270C,YDR316W-B,0,-4.35562,0.0684596598148346,0.02800000086426735,0.038100000470876694
YPR179C,YHR039C-B,0,-4.355702,0.06829268485307693,0.02800000086426735,0.03819999843835831
YBR065C,YPR158C-D,0,-4.356003,0.06812652200460434,0.02800000086426735,0.03830000013113022
YJL165C,YLR337W,0,-4.356446,0.06796116381883621,0.02800000086426735,0.03840000182390213
YGL190C,YPR158C-D,0,-4.3565645,0.06779661029577255,0.02800000086426735,0.03849999979138374
YNL161W,YBR258C,0,-4.3566427,0.06763284653425217,0.02800000086426735,0.038600001484155655
YLR066W,YLR410W-B,0,-4.3568335,0.06746987998485565,0.02800000086426735,0.03869999945163727
YML029W,YDR098C-A,0,-4.356943,0.06730769574642181,0.02800000086426735,0.03880000114440918
YPL228W,YGR074W,0,-4.357078,0.06714628636837006,0.02800000086426735,0.03889999911189079
YBR126C,YEL013W,0,-4.3573914,0.06698564440011978,0.02800000086426735,0.039000000804662704
YKL126W,YFL038C,0,-4.357435,0.06682577729225159,0.02800000086426735,0.03909999877214432
YNR019W,YOR192C-A,0,-4.357962,0.06666667014360428,0.02800000086426735,0.03920000046491623
YHR043C,YGR109W-A,0,-4.3579826,0.06650831550359726,0.02800000086426735,0.03929999843239784
YER108C,YDR400W,0,-4.358065,0.06635071337223053,0.02800000086426735,0.039400000125169754
YDR469W,YDR346C,0,-4.358388,0.06619385629892349,0.02800000086426735,0.039500001817941666
YDL015C,YOL103W-A,0,-4.358419,0.06603773683309555,0.02800000086426735,0.03959999978542328
YFR055W,YDR316W-B,0,-4.358419,0.0658823549747467,0.02800000086426735,0.03970000147819519
YLR312C-B,YML005W,0,-4.358438,0.06572769582271576,0.02800000086426735,0.039799999445676804
YOR023C,YDR261C-C,0,-4.3584385,0.06557376682758331,0.02800000086426735,0.039900001138448715
YOL089C,YMR004W,0,-4.3588142,0.06542056053876877,0.02800000086426735,0.03999999910593033
YBR135W,YDR210W-A,0,-4.3589697,0.06526806205511093,0.02800000086426735,0.04010000079870224
YGR222W,YLR157C-B,0,-4.3592796,0.0651162788271904,0.02800000086426735,0.04019999876618385
YOR057W,YKL020C,0,-4.3595066,0.06496519595384598,0.02800000086426735,0.040300000458955765
YCL074W,YER159C-A,0,-4.359976,0.06481481343507767,0.02800000086426735,0.04039999842643738
YDR412W,YGR161C-C,0,-4.3603363,0.06466512382030487,0.02800000086426735,0.04050000011920929
YGL021W,YLR410W-A,0,-4.3606153,0.06451612710952759,0.02800000086426735,0.0406000018119812
YOR240W,YBR026C,0,-4.3606772,0.06436781585216522,0.02800000086426735,0.040699999779462814
YGL151W,YNR052C,0,-4.3613443,0.06422018259763718,0.02800000086426735,0.040800001472234726
YDL197C,YGR161C-C,0,-4.3613973,0.06407322734594345,0.02800000086426735,0.04089999943971634
YDR377W,YNL055C,1,-4.3614664,0.06621004641056061,0.028999999165534973,0.04089999943971634
YGL168W,YER074W-A,0,-4.361719,0.06605922430753708,0.028999999165534973,0.04100000113248825
YIL085C,YDR316W-B,0,-4.361843,0.06590908765792847,0.028999999165534973,0.041099999099969864
YKL020C,YDR034C-D,0,-4.3624897,0.06575963646173477,0.028999999165534973,0.041200000792741776
YBR165W,YPR158W-A,0,-4.3625374,0.0656108632683754,0.028999999165534973,0.04129999876022339
YFR027W,YLR227W-A,0,-4.3626013,0.06546275317668915,0.028999999165534973,0.0414000004529953
YFL013C,YFR024C,0,-4.3631806,0.06531531363725662,0.028999999165534973,0.04149999842047691
YOL063C,YPL257W-B,0,-4.363188,0.06516853719949722,0.028999999165534973,0.041600000113248825
YPR080W,YER159C-A,0,-4.3637094,0.06502242386341095,0.028999999165534973,0.04170000180602074
YDL149W,YLR391W-A,0,-4.3638973,0.06487695872783661,0.028999999165534973,0.04179999977350235
YIL008W,YOL103W-A,0,-4.3639603,0.0647321417927742,0.028999999165534973,0.04190000146627426
YOR002W,YDR210W-A,0,-4.364034,0.06458797305822372,0.028999999165534973,0.041999999433755875
YBR165W,YDR316W-A,0,-4.3641276,0.06444444507360458,0.028999999165534973,0.042100001126527786
YML065W,YLR157C-B,0,-4.3643975,0.06430155038833618,0.028999999165534973,0.0421999990940094
YMR139W,YLR360W,0,-4.364417,0.06415928900241852,0.028999999165534973,0.04230000078678131
YNL182C,YGR085C,0,-4.3644753,0.06401766091585159,0.028999999165534973,0.042399998754262924
YPL145C,YPL257W-A,0,-4.364594,0.06387665122747421,0.028999999165534973,0.042500000447034836
YKL006C-A,YBR118W,0,-4.364654,0.06373626738786697,0.028999999165534973,0.04259999841451645
YBR210W,YKL138C-A,0,-4.364808,0.06359649449586868,0.028999999165534973,0.04270000010728836
YLR195C,YIL017W,0,-4.365017,0.06345733255147934,0.028999999165534973,0.04280000180006027
YJR090C,YDR170W-A,0,-4.3651032,0.06331877410411835,0.028999999165534973,0.042899999767541885
YCL012W,YLR234W,0,-4.36529,0.0631808266043663,0.028999999165534973,0.0430000014603138
YGL168W,YPL011C,0,-4.3653297,0.06304347515106201,0.028999999165534973,0.04309999942779541
YER051W,YER013W,0,-4.3653536,0.06290672719478607,0.028999999165534973,0.04320000112056732
YKL093W,YDR210W-A,0,-4.365365,0.06277056038379669,0.028999999165534973,0.043299999088048935
YLL013C,YEL057C,0,-4.3656535,0.06263498961925507,0.028999999165534973,0.04340000078082085
YLR390W-A,YOL103W-B,0,-4.3659067,0.0625,0.028999999165534973,0.04349999874830246
YDR246W,YDR261C-C,0,-4.3659697,0.062365591526031494,0.028999999165534973,0.04360000044107437
YAL047C,YDR210W-A,0,-4.366143,0.06223176047205925,0.028999999165534973,0.043699998408555984
YOR279C,YDR098C-A,0,-4.3662405,0.06209849938750267,0.028999999165534973,0.043800000101327896
YEL066W,YDR316W-B,0,-4.366353,0.061965811997652054,0.028999999165534973,0.04390000179409981
YBL032W,YLR157C-B,0,-4.3668528,0.061833687126636505,0.028999999165534973,0.04399999976158142
YPL137C,YOR192C-A,0,-4.367259,0.06170212849974632,0.028999999165534973,0.04410000145435333
YML011C,YDR261C-C,0,-4.3675065,0.06157112494111061,0.028999999165534973,0.044199999421834946
YLR285W,YLR003C,0,-4.367603,0.06144067645072937,0.028999999165534973,0.04430000111460686
YBR253W,YDR170W-A,0,-4.367743,0.0613107830286026,0.028999999165534973,0.04439999908208847
YDR079W,YLR157C-B,0,-4.3679132,0.061181433498859406,0.028999999165534973,0.04450000077486038
YBR247C,YKL056C,0,-4.3679523,0.061052631586790085,0.028999999165534973,0.044599998742341995
YGL051W,YPR158W-B,0,-4.3680267,0.06092436984181404,0.028999999165534973,0.04470000043511391
YNL101W,YGR161C-D,0,-4.3680315,0.060796644538640976,0.028999999165534973,0.04479999840259552
YFL035C,YOR213C,0,-4.3681264,0.06066945567727089,0.028999999165534973,0.04490000009536743
YFR024C,YMR167W,0,-4.3681717,0.060542795807123184,0.028999999165534973,0.04500000178813934
YMR075W,YDR098C-B,0,-4.368193,0.06041666492819786,0.028999999165534973,0.045099999755620956
YLR102C,YDL065C,0,-4.368372,0.06029105931520462,0.028999999165534973,0.04520000144839287
YOR216C,YLR312C-B,0,-4.3685827,0.060165975242853165,0.028999999165534973,0.04529999941587448
YGR221C,YGR161C-C,0,-4.3686924,0.060041408985853195,0.028999999165534973,0.04540000110864639
YBR260C,YNL257C,0,-4.3687363,0.05991735681891441,0.028999999165534973,0.045499999076128006
YMR285C,YBL101W-A,0,-4.369039,0.05979381501674652,0.028999999165534973,0.04560000076889992
YMR292W,YOR343C-A,0,-4.369039,0.05967078357934952,0.028999999165534973,0.04569999873638153
YDR480W,YDR210W-C,0,-4.369039,0.05954825505614281,0.028999999165534973,0.04580000042915344
YNL025C,YML045W-A,0,-4.369039,0.05942622944712639,0.028999999165534973,0.045899998396635056
YDR318W,YOR343C-A,0,-4.369039,0.059304703027009964,0.028999999165534973,0.04600000008940697
YHR026W,YOR343C-B,0,-4.369039,0.059183672070503235,0.028999999165534973,0.04610000178217888
YFL035C,YGR122W,0,-4.369039,0.0590631365776062,0.028999999165534973,0.04619999974966049
YOR034C,YPR036W-A,0,-4.369039,0.058943089097738266,0.028999999165534973,0.046300001442432404
YJL110C,YOR343C-B,0,-4.369039,0.05882352963089943,0.028999999165534973,0.04639999940991402
YLR069C,YOR343C-B,0,-4.369039,0.05870445445179939,0.028999999165534973,0.04650000110268593
YGL257C,YBL101W-A,0,-4.369039,0.05858585983514786,0.028999999165534973,0.04659999907016754
YOR043W,YML045W-A,0,-4.369039,0.058467742055654526,0.028999999165534973,0.04670000076293945
YLR028C,YDR210W-D,0,-4.369039,0.0583501011133194,0.028999999165534973,0.046799998730421066
YIL073C,YDR210W-D,0,-4.369039,0.05823293328285217,0.028999999165534973,0.04690000042319298
YHR214C-C,YPR036W-A,0,-4.369039,0.058116231113672256,0.028999999165534973,0.04699999839067459
YNL278W,YOR343C-B,0,-4.369039,0.057999998331069946,0.028999999165534973,0.0471000000834465
YOR266W,YDR210W-D,0,-4.369039,0.057884231209754944,0.028999999165534973,0.047200001776218414
YDR014W-A,YGR161W-A,0,-4.369039,0.05776892602443695,0.028999999165534973,0.04729999974370003
YDL015C,YML045W-A,0,-4.369039,0.05765407532453537,0.028999999165534973,0.04740000143647194
YCL075W,YCR062W,0,-4.369039,0.0575396828353405,0.028999999165534973,0.04749999940395355
YNR044W,YPR036W-A,0,-4.369039,0.057425741106271744,0.028999999165534973,0.047600001096725464
YCR093W,YDR014W-A,0,-4.369039,0.0573122538626194,0.028999999165534973,0.04769999906420708
YHR012W,YDR210W-D,0,-4.369039,0.05719920992851257,0.028999999165534973,0.04780000075697899
YCR028C-A,YPR036W-A,0,-4.369039,0.05708661302924156,0.028999999165534973,0.0478999987244606
YDR014W-A,YIL123W,0,-4.369039,0.05697445943951607,0.028999999165534973,0.04800000041723251
YCL060C,YPL060C-A,0,-4.369039,0.05686274543404579,0.028999999165534973,0.04809999838471413
YOR088W,YDR131C,0,-4.369039,0.056751467287540436,0.028999999165534973,0.04820000007748604
YHR039C-B,YOR192C-A,0,-4.369039,0.056640625,0.028999999165534973,0.04830000177025795
YDR036C,YBL101W-A,0,-4.369039,0.056530214846134186,0.028999999165534973,0.04839999973773956
YDR014W-A,YNL102W,0,-4.369039,0.056420233100652695,0.028999999165534973,0.048500001430511475
YBR009C,YDR210W-D,0,-4.369039,0.05631067976355553,0.028999999165534973,0.04859999939799309
YLR312C-B,YPR158C-D,0,-4.369039,0.05620155110955238,0.028999999165534973,0.048700001090765
YLR291C,YOR343C-B,0,-4.369039,0.056092843413352966,0.028999999165534973,0.04879999905824661
YOR103C,YBL101W-A,0,-4.369039,0.055984556674957275,0.028999999165534973,0.048900000751018524
YPR120C,YPR036W-A,0,-4.369039,0.05587668716907501,0.028999999165534973,0.04899999871850014
YPR075C,YOR343C-B,0,-4.369039,0.05576923117041588,0.028999999165534973,0.04910000041127205
YDR421W,YOR142W-A,0,-4.369039,0.055662188678979874,0.028999999165534973,0.04919999837875366
YOL045W,YGR161C-D,0,-4.369039,0.0555555559694767,0.028999999165534973,0.049300000071525574
YDR116C,YBL101W-A,0,-4.369039,0.05544932931661606,0.028999999165534973,0.049400001764297485
YNL094W,YOR343C-A,0,-4.369039,0.05534351244568825,0.028999999165534973,0.0494999997317791
YER149C,YBL101W-A,0,-4.369039,0.05523809418082237,0.028999999165534973,0.04960000142455101
YPL163C,YOR343C-A,0,-4.369039,0.05513307824730873,0.028999999165534973,0.04969999939203262
YML029W,YDR210W-D,0,-4.369039,0.055028464645147324,0.028999999165534973,0.049800001084804535
YDR217C,YDR210W-C,0,-4.369039,0.054924242198467255,0.028999999165534973,0.04989999905228615
YBR090C-A,YDR316W-B,0,-4.369039,0.05482041463255882,0.028999999165534973,0.05000000074505806
YMR095C,YML045W-A,0,-4.369039,0.05471698194742203,0.028999999165534973,0.05009999871253967
YFL035C,YIL082W-A,0,-4.369039,0.05461393669247627,0.028999999165534973,0.050200000405311584
YKL138C-A,YCL020W,0,-4.369039,0.05451127886772156,0.028999999165534973,0.0502999983727932
YEL057C,YOR343C-B,0,-4.369039,0.054409004747867584,0.028999999165534973,0.05040000006556511
YGL174W,YDR014W-A,0,-4.369039,0.05430711433291435,0.028999999165534973,0.05050000175833702
YGR145W,YML045W-A,0,-4.369039,0.05420560762286186,0.028999999165534973,0.050599999725818634
YBR223C,YML045W-A,0,-4.369039,0.05410447716712952,0.028999999165534973,0.050700001418590546
YPR189W,YDR210W-C,0,-4.369039,0.054003722965717316,0.028999999165534973,0.05079999938607216
YMR136W,YPR036W-A,0,-4.369039,0.05390334501862526,0.028999999165534973,0.05090000107884407
YOL045W,YDR210W-D,0,-4.369039,0.05380333960056305,0.028999999165534973,0.050999999046325684
YKL013C,YML045W-A,0,-4.369039,0.05370370298624039,0.028999999165534973,0.051100000739097595
YIL049W,YPR036W-A,0,-4.369039,0.05360443517565727,0.028999999165534973,0.05119999870657921
YHR154W,YDR210W-C,0,-4.369039,0.053505536168813705,0.028999999165534973,0.05130000039935112
YJL033W,YDR014W-A,0,-4.369039,0.05340699851512909,0.028999999165534973,0.05139999836683273
YIL147C,YPR036W-A,0,-4.369039,0.053308822214603424,0.028999999165534973,0.051500000059604645
YJL036W,YDR210W-C,0,-4.369039,0.05321101099252701,0.028999999165534973,0.051600001752376556
YCR055C,YNL284C-B,0,-4.369039,0.053113553673028946,0.028999999165534973,0.05169999971985817
YOL008W,YDR014W-A,0,-4.369039,0.053016453981399536,0.028999999165534973,0.05180000141263008
YLR304C,YDR210W-D,0,-4.369039,0.05291970819234848,0.028999999165534973,0.051899999380111694
YKL054C,YOR343C-A,0,-4.369039,0.05282331630587578,0.028999999165534973,0.052000001072883606
YIL002C,YDR210W-D,0,-4.369039,0.05272727087140083,0.028999999165534973,0.05209999904036522
YLR181C,YPR036W-A,0,-4.369039,0.05263157933950424,0.028999999165534973,0.05220000073313713
YIL009W,YOR343C-B,0,-4.369039,0.05253623053431511,0.028999999165534973,0.052299998700618744
YMR078C,YDR210W-C,0,-4.369039,0.052441228181123734,0.028999999165534973,0.052400000393390656
YCL029C,YGR038C-B,0,-4.369039,0.052346568554639816,0.028999999165534973,0.05249999836087227
YOR320C,YDR210W-D,0,-4.369039,0.05225225165486336,0.028999999165534973,0.05260000005364418
YJL058C,YPR036W-A,0,-4.369039,0.05215827375650406,0.028999999165534973,0.05270000174641609
YCR057C,YOR343C-A,0,-4.369039,0.05206463113427162,0.028999999165534973,0.052799999713897705
YOL127W,YDR210W-C,0,-4.369039,0.051971327513456345,0.028999999165534973,0.05290000140666962
YFL011W-A,YDR034C-D,0,-4.369039,0.05187835544347763,0.028999999165534973,0.05299999937415123
YMR270C,YML045W-A,0,-4.369039,0.05178571492433548,0.028999999165534973,0.05310000106692314
YMR048W,YPR036W-A,0,-4.369039,0.05169340595602989,0.028999999165534973,0.053199999034404755
YOR144C,YPR036W-A,0,-4.369039,0.05160142481327057,0.028999999165534973,0.053300000727176666
YNR044W,YML045W-A,0,-4.369039,0.05150976777076721,0.028999999165534973,0.05339999869465828
YNR030W,YDR210W-C,0,-4.369039,0.05141843855381012,0.028999999165534973,0.05350000038743019
YLR095C,YDR210W-D,0,-4.369039,0.051327433437108994,0.028999999165534973,0.053599998354911804
YDR009W,YOR343C-A,0,-4.369039,0.051236748695373535,0.028999999165534973,0.053700000047683716
YNL244C,YML045W-A,0,-4.369039,0.051146384328603745,0.028999999165534973,0.05380000174045563
YMR227C,YLR410W,0,-4.3691635,0.05105633661150932,0.028999999165534973,0.05389999970793724
YPR144C,YPL257W-A,0,-4.369363,0.05096660926938057,0.028999999165534973,0.05400000140070915
YBR131W,YLR157C-B,0,-4.3694906,0.05087719112634659,0.028999999165534973,0.054099999368190765
YGR147C,YIL021W,0,-4.369678,0.050788089632987976,0.028999999165534973,0.05420000106096268
YDR316W-A,YER138C,0,-4.370965,0.050699301064014435,0.028999999165534973,0.05429999902844429
YJR108W,YMR288W,0,-4.371419,0.050610821694135666,0.028999999165534973,0.0544000007212162
YOL026C,YGR161W-A,0,-4.3724365,0.05052264779806137,0.028999999165534973,0.054499998688697815
YML033W,YDL058W,0,-4.3726845,0.05043478310108185,0.028999999165534973,0.05460000038146973
YDR217C,YBR030W,0,-4.3729715,0.0503472238779068,0.028999999165534973,0.05469999834895134
YFL025C,YOR142W-B,0,-4.373114,0.050259966403245926,0.028999999165534973,0.05480000004172325
YMR163C,YOR192C-A,0,-4.3732347,0.05017301067709923,0.028999999165534973,0.05490000173449516
YLL021W,YOR192C-B,0,-4.373249,0.050086356699466705,0.028999999165534973,0.054999999701976776
YKL139W,YDR261W-A,0,-4.3734546,0.05000000074505806,0.028999999165534973,0.05510000139474869
YOR322C,YLR227W-A,0,-4.37352,0.04991394281387329,0.028999999165534973,0.0551999993622303
YLR067C,YPL257W-A,0,-4.3736105,0.0498281791806221,0.028999999165534973,0.05530000105500221
YOL130W,YGL254W,1,-4.373803,0.051457975059747696,0.029999999329447746,0.05530000105500221
YOL133W,YDR316W-B,0,-4.3739004,0.051369864493608475,0.029999999329447746,0.055399999022483826
YDR099W,YGL004C,0,-4.3740854,0.05128205195069313,0.029999999329447746,0.05550000071525574
YDR294C,YDR388W,0,-4.3742375,0.05119453743100166,0.029999999329447746,0.05559999868273735
YGL122C,YPR158W-A,0,-4.3744874,0.05110732465982437,0.029999999329447746,0.05570000037550926
YOR272W,YDR261C-C,0,-4.3746624,0.051020409911870956,0.029999999329447746,0.055799998342990875
YOL013C,YLR035C,0,-4.3752713,0.05093378573656082,0.029999999329447746,0.05590000003576279
YDR182W,YGR077C,0,-4.3753114,0.050847455859184265,0.029999999329447746,0.0560000017285347
YPL218W,YKR059W,0,-4.3753448,0.05076142027974129,0.029999999329447746,0.05609999969601631
YOL116W,YGR038C-B,0,-4.375458,0.05067567527294159,0.029999999329447746,0.05620000138878822
YPR095C,YLR157C-B,0,-4.3758326,0.05059022083878517,0.029999999329447746,0.056299999356269836
YNL201C,YGL210W,0,-4.376324,0.05050504952669144,0.029999999329447746,0.05640000104904175
YLR272C,YLR410W-B,0,-4.376769,0.05042016878724098,0.029999999329447746,0.05649999901652336
YKR022C,YDR210W-B,0,-4.3768106,0.05033557116985321,0.029999999329447746,0.05660000070929527
YCR055C,YGL210W,0,-4.376988,0.05025125667452812,0.029999999329447746,0.056699998676776886
YGR009C,YJR045C,0,-4.377258,0.05016722530126572,0.029999999329447746,0.0568000003695488
YGL028C,YOR192C-B,0,-4.377281,0.050083473324775696,0.029999999329447746,0.05689999833703041
YDR256C,YDR210W-A,0,-4.377392,0.05000000074505806,0.029999999329447746,0.05700000002980232
YNL098C,YPR158W-A,0,-4.377392,0.04991680383682251,0.029999999329447746,0.057100001722574234
YDR320C,YGR109W-A,0,-4.377551,0.049833886325359344,0.029999999329447746,0.05719999969005585
YER133W,YLR312C-B,0,-4.3776913,0.049751244485378265,0.029999999329447746,0.05730000138282776
YMR227C,YPL257W-A,0,-4.3778286,0.049668874591588974,0.029999999329447746,0.05739999935030937
YLR433C,YOR142W-A,0,-4.3779116,0.04958677664399147,0.029999999329447746,0.057500001043081284
YKL058W,YER159C-A,0,-4.378215,0.049504950642585754,0.029999999329447746,0.0575999990105629
YGL209W,YLR410W-B,0,-4.3782287,0.04942339286208153,0.029999999329447746,0.05770000070333481
YIL014W,YOR142W-A,0,-4.3782787,0.04934210702776909,0.029999999329447746,0.05779999867081642
YMR133W,YHR214C-C,0,-4.3784714,0.04926108196377754,0.029999999329447746,0.05790000036358833
YLR227W-A,YOR129C,0,-4.3788347,0.04918032884597778,0.029999999329447746,0.057999998331069946
YLR145W,YLR035C-A,0,-4.379104,0.04909983649849892,0.029999999329447746,0.05810000002384186
YFL041W,YOL027C,1,-4.3793902,0.050653595477342606,0.03099999949336052,0.05810000002384186
YHR096C,YER159C-A,0,-4.3795676,0.05057096108794212,0.03099999949336052,0.05820000171661377
YFL035C-A,YAR007C,0,-4.379584,0.05048859864473343,0.03099999949336052,0.05829999968409538
YGR179C,YNL267W,0,-4.379733,0.050406504422426224,0.03099999949336052,0.058400001376867294
YLR391W,YCR020W-B,0,-4.379837,0.05032467469573021,0.03099999949336052,0.05849999934434891
YCL012W,YJL029C,0,-4.3798428,0.050243113189935684,0.03099999949336052,0.05860000103712082
YOL008W,YLR157C-B,0,-4.379893,0.05016181245446205,0.03099999949336052,0.05869999900460243
YOR026W,YDR499W,0,-4.37991,0.05008077621459961,0.03099999949336052,0.058800000697374344
YOL147C,YDR210W-B,0,-4.3799443,0.05000000074505806,0.03099999949336052,0.05889999866485596
YGR254W,YOR142W-A,0,-4.3799815,0.0499194860458374,0.03099999949336052,0.05900000035762787
YKL214C,YGR027W-A,0,-4.380204,0.04983922839164734,0.03099999949336052,0.05909999832510948
YKL152C,YDR210W-B,0,-4.380369,0.04975922778248787,0.03099999949336052,0.05920000001788139
YNL062C,YEL026W,0,-4.3805904,0.04967948794364929,0.03099999949336052,0.059300001710653305
YER114C,YPR158W-A,0,-4.380652,0.04960000142455101,0.03099999949336052,0.05939999967813492
YNL110C,YCL062W,0,-4.381091,0.049520768225193024,0.03099999949336052,0.05950000137090683
YLL016W,YAR044W,0,-4.381118,0.049441784620285034,0.03099999949336052,0.05959999933838844
YJL094C,YDR276C,1,-4.381314,0.05095541477203369,0.03200000151991844,0.05959999933838844
YKR081C,YLR410W-B,0,-4.381501,0.05087440460920334,0.03200000151991844,0.059700001031160355
YHR072W-A,YDR210W-B,0,-4.3816156,0.05079365149140358,0.03200000151991844,0.05979999899864197
YCR094W,YLR227W-A,0,-4.381753,0.050713155418634415,0.03200000151991844,0.05990000069141388
YGR109W-A,YIL029C,0,-4.3820734,0.050632912665605545,0.03200000151991844,0.05999999865889549
YPL089C,YDR210W-A,0,-4.3821115,0.05055292323231697,0.03200000151991844,0.060100000351667404
YLL001W,YGR033C,0,-4.38229,0.05047318711876869,0.03200000151991844,0.06019999831914902
YHL048W,YPL257W-A,0,-4.3825693,0.05039370059967041,0.03200000151991844,0.06030000001192093
YML081C-A,YNL055C,1,-4.382618,0.05188679322600365,0.032999999821186066,0.06030000001192093
YDR318W,YDR365W-A,0,-4.3826303,0.05180533602833748,0.032999999821186066,0.06040000170469284
YBR211C,YNL271C,0,-4.382716,0.0517241396009922,0.032999999821186066,0.060499999672174454
YOL103W-A,YOR084W,0,-4.3828363,0.051643192768096924,0.032999999821186066,0.060600001364946365
YDR511W,YLR227W-A,0,-4.383027,0.05156249925494194,0.032999999821186066,0.06069999933242798
YJR141W,YOR142W-B,0,-4.3835406,0.05148205906152725,0.032999999821186066,0.06080000102519989
YFL011W-A,YDL135C,0,-4.3837247,0.05140186846256256,0.032999999821186066,0.0608999989926815
YLR397C,YGR109W-A,0,-4.384687,0.05132192745804787,0.032999999821186066,0.061000000685453415
YPL096C-A,YCL061C,0,-4.385087,0.05124223604798317,0.032999999821186066,0.06109999865293503
YFL011W-A,YNR053C,0,-4.385129,0.05116279050707817,0.032999999821186066,0.06120000034570694
YBR155W,YHR062C,0,-4.3852663,0.05108359083533287,0.032999999821186066,0.06129999831318855
YBR162C,YDR365W-B,0,-4.3852677,0.05100463703274727,0.032999999821186066,0.061400000005960464
YER171W,YDR034C-D,0,-4.3853846,0.05092592537403107,0.032999999821186066,0.061500001698732376
YJL143W,YPL257W-A,0,-4.3858147,0.050847455859184265,0.032999999821186066,0.06159999966621399
YPL255W,YPL257W-A,0,-4.3858776,0.05076923221349716,0.032999999821186066,0.0617000013589859
YBL099W,YPR067W,1,-4.3858905,0.05222734436392784,0.03400000184774399,0.0617000013589859
YLR141W,YPR137C-B,0,-4.385972,0.052147239446640015,0.03400000184774399,0.061799999326467514
YOR081C,YHL009W-B,0,-4.386409,0.05206738039851189,0.03400000184774399,0.061900001019239426
YPR018W,YBR030W,0,-4.3864193,0.05198776721954346,0.03400000184774399,0.06199999898672104
YPL146C,YOL103W-A,0,-4.3866167,0.05190839618444443,0.03400000184774399,0.06210000067949295
YLR032W,YKL173W,0,-4.3866944,0.0518292672932148,0.03400000184774399,0.062199998646974564
YOR388C,YKR097W,0,-4.3869343,0.05175038054585457,0.03400000184774399,0.062300000339746475
YER068W,YHL009W-B,0,-4.3869762,0.05167173221707344,0.03400000184774399,0.06239999830722809
YAR014C,YGL151W,0,-4.3870535,0.051593322306871414,0.03400000184774399,0.0625
YEL042W,YDR034C-D,0,-4.3870587,0.05151515081524849,0.03400000184774399,0.06260000169277191
YOR094W,YFL002C,0,-4.3870664,0.051437217742204666,0.03400000184774399,0.06270000338554382
YNL020C,YJR093C,0,-4.3872128,0.05135951563715935,0.03400000184774399,0.06279999762773514
YAR009C,YLR227W-A,0,-4.387425,0.05128205195069313,0.03400000184774399,0.06289999932050705
YDL118W,YOL103W-A,0,-4.3879485,0.05120481923222542,0.03400000184774399,0.06300000101327896
YLR285W,YHR039C-B,0,-4.388377,0.05112782120704651,0.03400000184774399,0.06310000270605087
YER112W,YOR192C-B,0,-4.3887615,0.051051050424575806,0.03400000184774399,0.06319999694824219
YDR086C,YDR365W-A,0,-4.3891683,0.050974514335393906,0.03400000184774399,0.0632999986410141
YOR117W,YOR192C-A,0,-4.3895445,0.05089820176362991,0.03400000184774399,0.06340000033378601
YLR423C,YFR024C,0,-4.389596,0.050822123885154724,0.03400000184774399,0.06350000202655792
YPR182W,YER159C-A,0,-4.389884,0.05074626952409744,0.03400000184774399,0.06360000371932983
YGL142C,YGR038C-A,0,-4.389977,0.05067064240574837,0.03400000184774399,0.06369999796152115
YFL059W,YOR192C-A,0,-4.390328,0.0505952388048172,0.03400000184774399,0.06379999965429306
YLR314C,YLR052W,0,-4.390354,0.05052005872130394,0.03400000184774399,0.06390000134706497
YBL050W,YER123W,0,-4.3906107,0.05044510215520859,0.03400000184774399,0.06400000303983688
YDL095W,YCR062W,0,-4.390893,0.05037036910653114,0.03400000184774399,0.0640999972820282
YNL339C,YGR038C-A,0,-4.3910503,0.050295859575271606,0.03400000184774399,0.06419999897480011
YEL013W,YPR137C-A,0,-4.3910666,0.05022156611084938,0.03400000184774399,0.06430000066757202
YKL059C,YLR410W-A,0,-4.3912334,0.050147492438554764,0.03400000184774399,0.06440000236034393
YOL089C,YLR312C-B,0,-4.3912697,0.050073638558387756,0.03400000184774399,0.06449999660253525
YLR196W,YDR210W-A,0,-4.3915334,0.05000000074505806,0.03400000184774399,0.06459999829530716
YML118W,YDR365W-A,0,-4.3916187,0.049926578998565674,0.03400000184774399,0.06469999998807907
YDR147W,YLR357W,0,-4.3922386,0.0498533733189106,0.03400000184774399,0.06480000168085098
YGL012W,YGR161C-D,0,-4.3923483,0.049780379980802536,0.03400000184774399,0.0649000033736229
YOR320C,YGL243W,0,-4.3929133,0.049707602709531784,0.03400000184774399,0.06499999761581421
YDR356W,YIL030C,0,-4.393051,0.049635037779808044,0.03400000184774399,0.06509999930858612
YPL228W,YHR214C-C,0,-4.3931746,0.04956268146634102,0.03400000184774399,0.06520000100135803
YMR044W,YIL017W,0,-4.393281,0.049490537494421005,0.03400000184774399,0.06530000269412994
YMR051C,YOR142W-B,0,-4.393406,0.049418605864048004,0.03400000184774399,0.06539999693632126
YPL249C,YFR029W,0,-4.393432,0.04934687912464142,0.03400000184774399,0.06549999862909317
YLR160C,YLR035C-A,0,-4.3934536,0.04927536100149155,0.03400000184774399,0.06560000032186508
YER167W,YHR039C-B,0,-4.3936076,0.04920405149459839,0.03400000184774399,0.065700002014637
YHR165C,YLR157C-B,0,-4.3938236,0.049132946878671646,0.03400000184774399,0.0658000037074089
YDL081C,YLR410W-B,0,-4.3938236,0.04906205087900162,0.03400000184774399,0.06589999794960022
YKL005C,YGR027W-A,0,-4.393841,0.048991356045007706,0.03400000184774399,0.06599999964237213
YLR318W,YPL257W-A,0,-4.3941417,0.04892086237668991,0.03400000184774399,0.06610000133514404
YOR110W,YPL060C-A,0,-4.394275,0.04885057359933853,0.03400000184774399,0.06620000302791595
YPR019W,YJL029C,0,-4.3943505,0.04878048598766327,0.03400000184774399,0.06629999727010727
YGL236C,YOR192C-B,0,-4.3944592,0.04871060326695442,0.03400000184774399,0.06639999896287918
YKL112W,YDR210W-B,0,-4.394691,0.048640914261341095,0.03400000184774399,0.06650000065565109
YLR220W,YGR027W-A,0,-4.394691,0.04857143014669418,0.03400000184774399,0.066600002348423
YKL082C,YHR119W,0,-4.3948183,0.04850213974714279,0.03400000184774399,0.06669999659061432
YNL131W,YGR038C-A,0,-4.394903,0.04843304678797722,0.03400000184774399,0.06679999828338623
YKL064W,YNL055C,1,-4.3949623,0.04978662729263306,0.03500000014901161,0.06679999828338623
YJL157C,YOR142W-B,0,-4.3956537,0.049715910106897354,0.03500000014901161,0.06689999997615814
YCL010C,YDR365W-A,0,-4.395739,0.04964539036154747,0.03500000014901161,0.06700000166893005
YLR391W-A,YGR180C,0,-4.396014,0.0495750717818737,0.03500000014901161,0.06710000336170197
YCL060C,YMR059W,0,-4.396083,0.049504950642585754,0.03500000014901161,0.06719999760389328
YMR080C,YGL097W,0,-4.396282,0.049435026943683624,0.03500000014901161,0.06729999929666519
YLR015W,YKL108W,0,-4.3965735,0.04936530441045761,0.03500000014901161,0.0674000009894371
YBL099W,YDR377W,1,-4.396675,0.050704225897789,0.035999998450279236,0.0674000009894371
YOL080C,YOL103W-B,0,-4.3970413,0.050632912665605545,0.035999998450279236,0.06750000268220901
YCL012W,YER018C,0,-4.3972244,0.05056179687380791,0.035999998450279236,0.06759999692440033
YPR140W,YLR227W-A,0,-4.3976593,0.050490882247686386,0.035999998450279236,0.06769999861717224
YER143W,YPR107C,0,-4.3977265,0.05042016878724098,0.035999998450279236,0.06780000030994415
YCR088W,YKL025C,0,-4.3977356,0.0503496490418911,0.035999998450279236,0.06790000200271606
YLR233C,YJR027W,0,-4.3978477,0.05027933046221733,0.035999998450279236,0.06800000369548798
YER123W,YPR158C-C,0,-4.397856,0.050209205597639084,0.035999998450279236,0.06809999793767929
YHR085W,YGR161C-D,0,-4.3979816,0.05013927444815636,0.035999998450279236,0.0681999996304512
YDR362C,YHL009W-B,0,-4.398054,0.05006954073905945,0.035999998450279236,0.06830000132322311
YOR388C,YBR258C,0,-4.398283,0.05000000074505806,0.035999998450279236,0.06840000301599503
YER002W,YHR066W,0,-4.399016,0.04993065074086189,0.035999998450279236,0.06849999725818634
YMR025W,YPR137C-B,0,-4.3990564,0.049861494451761246,0.035999998450279236,0.06859999895095825
YLR391W-A,YDR055W,0,-4.399355,0.04979253187775612,0.035999998450279236,0.06870000064373016
YPR140W,YER159C-A,0,-4.399806,0.049723755568265915,0.035999998450279236,0.06880000233650208
YHR034C,YLR410W-B,0,-4.4000835,0.04965517297387123,0.035999998450279236,0.06889999657869339
YOR211C,YBR254C,0,-4.4006577,0.04958677664399147,0.035999998450279236,0.0689999982714653
YFL011W-A,YGR213C,0,-4.40087,0.04951857030391693,0.035999998450279236,0.06909999996423721
YOR109W,YOR380W,0,-4.401917,0.049450550228357315,0.035999998450279236,0.06920000165700912
YPL283C,YPR158W-A,0,-4.4021745,0.04938271641731262,0.035999998450279236,0.06930000334978104
YDR206W,YJL098W,0,-4.4021835,0.04931506887078285,0.035999998450279236,0.06939999759197235
YMR048W,YKL045W,0,-4.4023504,0.049247607588768005,0.035999998450279236,0.06949999928474426
YDR385W,YDL116W,0,-4.4029284,0.04918032884597778,0.035999998450279236,0.06960000097751617
YDR272W,YGR161C-C,0,-4.4029617,0.049113232642412186,0.035999998450279236,0.06970000267028809
YOR294W,YDR210W-A,0,-4.4029617,0.04904632270336151,0.035999998450279236,0.0697999969124794
YCL012W,YBR272C,0,-4.4030175,0.04897959157824516,0.035999998450279236,0.06989999860525131
YDR378C,YPR137C-A,0,-4.4034734,0.04891304299235344,0.035999998450279236,0.07000000029802322
YPL116W,YGR038C-B,0,-4.4037323,0.04884667694568634,0.035999998450279236,0.07010000199079514
YKL186C,YBL017C,0,-4.4042983,0.04878048598766327,0.035999998450279236,0.07020000368356705
YHR174W,YLR378C,0,-4.404705,0.04871447756886482,0.035999998450279236,0.07029999792575836
YPL049C,YDL080C,0,-4.4051514,0.0486486479640007,0.035999998450279236,0.07039999961853027
YOR244W,YFL035C,0,-4.4052777,0.04858299717307091,0.035999998450279236,0.07050000131130219
YDR217C,YLR234W,0,-4.405344,0.04851752147078514,0.035999998450279236,0.0706000030040741
YLR391W-A,YGR092W,0,-4.4054804,0.0484522208571434,0.035999998450279236,0.07069999724626541
YFL022C,YPR036W,0,-4.4055247,0.04838709533214569,0.035999998450279236,0.07079999893903732
YNL245C,YDR098C-B,0,-4.4055967,0.048322148621082306,0.035999998450279236,0.07090000063180923
YDR037W,YPL131W,0,-4.4059896,0.04825737327337265,0.035999998450279236,0.07100000232458115
YNL310C,YGR038C-B,0,-4.4064364,0.048192769289016724,0.035999998450279236,0.07109999656677246
YBR131W,YCL062W,0,-4.4067693,0.048128340393304825,0.035999998450279236,0.07119999825954437
YCR107W,YGR161C-C,0,-4.4067717,0.048064086586236954,0.035999998450279236,0.07129999995231628
YGR086C,YKR001C,0,-4.4071035,0.04800000041723251,0.035999998450279236,0.0714000016450882
YPL137C,YGR161W-A,0,-4.4077725,0.0479360856115818,0.035999998450279236,0.07150000333786011
YOR140W,YER159C-A,0,-4.4079385,0.04787234216928482,0.035999998450279236,0.07159999758005142
YJL071W,YOR201C,0,-4.4082828,0.04780876636505127,0.035999998450279236,0.07169999927282333
YBR037C,YDR322C-A,1,-4.4083457,0.04907161742448807,0.03700000047683716,0.07169999927282333
YOR240W,YML007W,0,-4.408352,0.0490066222846508,0.03700000047683716,0.07180000096559525
YDR434W,YBL017C,0,-4.4091144,0.04894179850816727,0.03700000047683716,0.07190000265836716
YML036W,YIL029C,0,-4.4091153,0.04887714609503746,0.03700000047683716,0.07199999690055847
YGR238C,YML098W,0,-4.409187,0.04881266504526138,0.03700000047683716,0.07209999859333038
YDR016C,YFR024C,0,-4.4094505,0.04874835163354874,0.03700000047683716,0.0722000002861023
YFL011W,YFL035C,0,-4.409471,0.04868420958518982,0.03700000047683716,0.0723000019788742
YIL110W,YKL200C,0,-4.409568,0.04862023517489433,0.03700000047683716,0.07240000367164612
YKL135C,YAL010C,0,-4.4096603,0.048556432127952576,0.03700000047683716,0.07249999791383743
YOL077W-A,YKL120W,1,-4.410149,0.04980340600013733,0.03799999877810478,0.07249999791383743
YDR424C,YER108C,0,-4.410269,0.04973822087049484,0.03799999877810478,0.07259999960660934
YBL079W,YNL284C-B,0,-4.410433,0.04967320337891579,0.03799999877810478,0.07270000129938126
YMR142C,YLR035C-A,0,-4.411072,0.04960835352540016,0.03799999877810478,0.07280000299215317
YCL029C,YER087C-B,0,-4.411108,0.049543675035238266,0.03799999877810478,0.07289999723434448
YHR079C,YCL062W,0,-4.4114923,0.0494791679084301,0.03799999877810478,0.0729999989271164
YDR145W,YJL029C,0,-4.411708,0.049414824694395065,0.03799999877810478,0.0731000006198883
YCL062W,YJL029C,0,-4.411752,0.04935064911842346,0.03799999877810478,0.07320000231266022
YDL198C,YDR170W-A,0,-4.411863,0.04928664118051529,0.03799999877810478,0.07329999655485153
YFL011W-A,YLR015W,0,-4.412056,0.04922279715538025,0.03799999877810478,0.07339999824762344
YIL079C,YCL029C,0,-4.412698,0.04915912076830864,0.03799999877810478,0.07349999994039536
YJR013W,YNL085W,0,-4.4127436,0.04909560829401016,0.03799999877810478,0.07360000163316727
YOR335C,YDL092W,0,-4.4130683,0.04903225973248482,0.03799999877810478,0.07370000332593918
YCL060C,YIL030C,0,-4.4134793,0.048969071358442307,0.03799999877810478,0.0737999975681305
YCL012W,YGL126W,0,-4.4136553,0.048906050622463226,0.03799999877810478,0.0738999992609024
YJR035W,YOL103W-B,0,-4.413905,0.04884318634867668,0.03799999877810478,0.07400000095367432
YOR256C,YHR161C,0,-4.414033,0.04878048598766327,0.03799999877810478,0.07410000264644623
YPL151C,YML115C,0,-4.4144487,0.04871794953942299,0.03799999877810478,0.07419999688863754
YNL127W,YGL133W,0,-4.415531,0.048655569553375244,0.03799999877810478,0.07429999858140945
YAL041W,YJL059W,0,-4.415687,0.04859334975481033,0.03799999877810478,0.07440000027418137
YIL173W,YML039W,0,-4.415859,0.048531290143728256,0.03799999877810478,0.07450000196695328
YBR159W,YER074W-A,0,-4.417256,0.048469386994838715,0.03799999877810478,0.07460000365972519
YGL055W,YML039W,0,-4.417467,0.04840764403343201,0.03799999877810478,0.0746999979019165
YMR076C,YIL017W,0,-4.4177065,0.048346057534217834,0.03799999877810478,0.07479999959468842
YFR037C,YOR290C,0,-4.4178295,0.0482846237719059,0.03799999877810478,0.07490000128746033
YBL022C,YPL257W-B,0,-4.417909,0.0482233501970768,0.03799999877810478,0.07500000298023224
YOR320C,YIL029C,0,-4.4185486,0.04816222935914993,0.03799999877810478,0.07509999722242355
YLR360W,YGR027W-A,0,-4.418956,0.048101264983415604,0.03799999877810478,0.07519999891519547
YMR004W,YDR261W-A,0,-4.4195232,0.04804045334458351,0.03799999877810478,0.07530000060796738
YDR545W,YCL075W,0,-4.419608,0.047979798167943954,0.03799999877810478,0.07540000230073929
YBR037C,YHR050W,1,-4.419626,0.04918032884597778,0.039000000804662704,0.07540000230073929
YKL016C,YHR050W,1,-4.419819,0.05037783458828926,0.03999999910593033,0.07540000230073929
YNL142W,YDR322C-A,1,-4.4202824,0.05157232657074928,0.04100000113248825,0.07540000230073929
YPL050C,YIL022W,0,-4.4202995,0.05150753632187843,0.04100000113248825,0.0754999965429306
YLR391W,YAR002W,0,-4.420696,0.051442909985780716,0.04100000113248825,0.07559999823570251
YPL012W,YLR035C-A,0,-4.42117,0.05137844756245613,0.04100000113248825,0.07569999992847443
YPR105C,YPL007C,0,-4.42157,0.05131414160132408,0.04100000113248825,0.07580000162124634
YJL100W,YLR337W,0,-4.422526,0.051249999552965164,0.04100000113248825,0.07590000331401825
YHR052W,YDR418W,0,-4.4231353,0.05118601769208908,0.04100000113248825,0.07599999755620956
YNL021W,YLR035C-A,0,-4.424384,0.05112219601869583,0.04100000113248825,0.07609999924898148
YDL201W,YOR004W,0,-4.4254837,0.05105853080749512,0.04100000113248825,0.07620000094175339
YOL077W-A,YEL065W,1,-4.4260197,0.05223880708217621,0.041999999433755875,0.07620000094175339
YLR071C,YIL082W-A,0,-4.426077,0.052173912525177,0.041999999433755875,0.0763000026345253
YLR009W,YLR249W,0,-4.42644,0.05210918188095093,0.041999999433755875,0.07639999687671661
YJL146W,YOR140W,0,-4.426524,0.05204461142420769,0.041999999433755875,0.07649999856948853
YER178W,YGR135W,0,-4.4265375,0.05198019742965698,0.041999999433755875,0.07660000026226044
YFL035C,YIL123W,0,-4.427098,0.05191594734787941,0.041999999433755875,0.07670000195503235
YLR068W,YPR158W-B,0,-4.42762,0.051851850003004074,0.041999999433755875,0.07680000364780426
YOR038C,YBL050W,0,-4.4278617,0.05178791657090187,0.041999999433755875,0.07689999788999557
YPR193C,YJL018W,0,-4.4279613,0.0517241396009922,0.041999999433755875,0.07699999958276749
YGL211W,YPR144C,0,-4.428362,0.05166051536798477,0.041999999433755875,0.0771000012755394
YGL223C,YKR038C,0,-4.4286447,0.051597051322460175,0.041999999433755875,0.07720000296831131
YHR073W,YDR379W,0,-4.428673,0.05153374373912811,0.041999999433755875,0.07729999721050262
YDR397C,YLR227W-A,0,-4.428702,0.05147058889269829,0.041999999433755875,0.07739999890327454
YLR391W,YNL274C,0,-4.429079,0.051407590508461,0.041999999433755875,0.07750000059604645
YCL060C,YOR018W,0,-4.4292364,0.051344744861125946,0.041999999433755875,0.07760000228881836
YHR200W,YGR161W-A,0,-4.429666,0.05128205195069313,0.041999999433755875,0.07769999653100967
YNL331C,YPL006W,0,-4.4296913,0.05121951177716255,0.041999999433755875,0.07779999822378159
YDR469W,YDR363W-A,0,-4.4311166,0.05115712434053421,0.041999999433755875,0.0778999999165535
YOL077W-A,YML121W,1,-4.4311914,0.05231143534183502,0.0430000014603138,0.0778999999165535
YLR081W,YPR158C-D,0,-4.431336,0.052247874438762665,0.0430000014603138,0.07800000160932541
YPR161C,YDR365W-B,0,-4.4314504,0.052184466272592545,0.0430000014603138,0.07810000330209732
YLR383W,YDR320C,0,-4.43157,0.05212121084332466,0.0430000014603138,0.07819999754428864
YJR064W,YNL206C,0,-4.431965,0.05205811187624931,0.0430000014603138,0.07829999923706055
YDR377W,YLL009C,1,-4.4320917,0.05320435389876366,0.04399999976158142,0.07829999923706055
YJL122W,YLR196W,0,-4.4325285,0.05314009636640549,0.04399999976158142,0.07840000092983246
YCR010C,YDR040C,1,-4.4326296,0.05428226664662361,0.04500000178813934,0.07840000092983246
YNL103W,YLR442C,0,-4.4329185,0.05421686917543411,0.04500000178813934,0.07850000262260437
YCL040W,YHR039C-B,0,-4.4331093,0.05415162444114685,0.04500000178813934,0.07859999686479568
YPR167C,YLL056C,0,-4.4333744,0.05408653989434242,0.04500000178813934,0.0786999985575676
YER119C,YFR024C,0,-4.4347553,0.05402160808444023,0.04500000178813934,0.07880000025033951
YOR095C,YMR260C,0,-4.4352837,0.053956832736730576,0.04500000178813934,0.07890000194311142
YML078W,YKL214C,0,-4.435391,0.053892213851213455,0.04500000178813934,0.07900000363588333
YDR443C,YOL103W-A,0,-4.435733,0.05382775142788887,0.04500000178813934,0.07909999787807465
YFR027W,YKL041W,0,-4.4361258,0.05376344174146652,0.04500000178813934,0.07919999957084656
YDL055C,YLR410W-B,0,-4.4365582,0.05369928479194641,0.04500000178813934,0.07930000126361847
YOR046C,YJL011C,0,-4.43661,0.05363528057932854,0.04500000178813934,0.07940000295639038
YJL014W,YGL094C,0,-4.436681,0.0535714291036129,0.04500000178813934,0.0794999971985817
YGR191W,YML123C,1,-4.436858,0.054696790874004364,0.04600000008940697,0.0794999971985817
YCL012W,YIL103W,0,-4.437434,0.054631829261779785,0.04600000008940697,0.07959999889135361
YCL024W,YOR057W,0,-4.4375396,0.05456702411174774,0.04600000008940697,0.07970000058412552
YMR061W,YHR119W,0,-4.4381547,0.05450236797332764,0.04600000008940697,0.07980000227689743
YKR027W,YDR440W,0,-4.439825,0.05443786829710007,0.04600000008940697,0.07989999651908875
YBR223C,YAR009C,0,-4.4398694,0.054373521357774734,0.04600000008940697,0.07999999821186066
YFR004W,YGR161W-A,0,-4.440612,0.05430932715535164,0.04600000008940697,0.08009999990463257
YLR129W,YDR316W-A,0,-4.4406867,0.05424528196454048,0.04600000008940697,0.08020000159740448
YCL003W,YFL038C,0,-4.441066,0.05418138951063156,0.04600000008940697,0.08030000329017639
YNL163C,YOR008C-A,0,-4.4412136,0.05411764606833458,0.04600000008940697,0.0803999975323677
YBR090C-A,YPR165W,0,-4.4417906,0.054054055362939835,0.04600000008940697,0.08049999922513962
YNL153C,YLR157C-B,0,-4.442038,0.05399060994386673,0.04600000008940697,0.08060000091791153
YNR032C-A,YBL102W,0,-4.442049,0.05392731353640556,0.04600000008940697,0.08070000261068344
YPR046W,YPR137C-A,0,-4.442338,0.053864169865846634,0.04600000008940697,0.08079999685287476
YFL035C,YBR214W,0,-4.44235,0.053801167756319046,0.04600000008940697,0.08089999854564667
YPR019W,YJL074C,0,-4.442548,0.053738318383693695,0.04600000008940697,0.08100000023841858
YNL199C,YKR048C,0,-4.442704,0.053675614297389984,0.04600000008940697,0.08110000193119049
YBL052C,YLR305C,0,-4.4429703,0.053613051772117615,0.04600000008940697,0.0812000036239624
YHL048W,YJL093C,0,-4.4436893,0.05355064198374748,0.04600000008940697,0.08129999786615372
YNL059C,YLR266C,0,-4.4437833,0.05348837375640869,0.04600000008940697,0.08139999955892563
YGR188C,YBR090C-A,0,-4.444242,0.05342624709010124,0.04600000008940697,0.08150000125169754
YDR272W,YOR069W,0,-4.4444737,0.05336426943540573,0.04600000008940697,0.08160000294446945
YMR150C,YDL135C,0,-4.445135,0.05330243334174156,0.04600000008940697,0.08169999718666077
YGL172W,YJL140W,0,-4.4452224,0.05324074253439903,0.04600000008940697,0.08179999887943268
YCR020W-B,YLR016C,0,-4.4457755,0.053179189562797546,0.04600000008940697,0.08190000057220459
YGR083C,YOR270C,0,-4.446585,0.0531177818775177,0.04600000008940697,0.0820000022649765
YGL219C,YDR207C,0,-4.4476066,0.053056515753269196,0.04600000008940697,0.08209999650716782
YKL009W,YPL257W-A,0,-4.4479117,0.05299539119005203,0.04600000008940697,0.08219999819993973
YOR386W,YNL025C,0,-4.448189,0.05293440818786621,0.04600000008940697,0.08229999989271164
YDR480W,YDR093W,0,-4.4482203,0.05287356302142143,0.04600000008940697,0.08240000158548355
YMR005W,YLR035C-A,0,-4.448476,0.052812859416007996,0.04600000008940697,0.08250000327825546
YNL271C,YCR077C,0,-4.448705,0.0527522936463356,0.04600000008940697,0.08259999752044678
YKR027W,YCR067C,0,-4.4487877,0.05269186571240425,0.04600000008940697,0.08269999921321869
YGR007W,YBL050W,0,-4.4488096,0.05263157933950424,0.04600000008940697,0.0828000009059906
YNR043W,YLR337W,0,-4.449055,0.05257142707705498,0.04600000008940697,0.08290000259876251
YLR391W,YIL126W,0,-4.449685,0.052511416375637054,0.04600000008940697,0.08299999684095383
YFL041W,YHR050W,1,-4.4499345,0.05359179154038429,0.04699999839067459,0.08299999684095383
YDL175C,YIL065C,0,-4.450685,0.053530752658843994,0.04699999839067459,0.08309999853372574
YGL233W,YLR369W,0,-4.4511456,0.05346985161304474,0.04699999839067459,0.08320000022649765
YCR034W,YPL257W-A,0,-4.451187,0.053409092128276825,0.04699999839067459,0.08330000191926956
YOR094W,YDL092W,0,-4.451809,0.053348466753959656,0.04699999839067459,0.08340000361204147
YLR067C,YPL020C,0,-4.451951,0.05328798294067383,0.04699999839067459,0.08349999785423279
YCR093W,YGL213C,0,-4.452631,0.053227633237838745,0.04699999839067459,0.0835999995470047
YBR274W,YMR133W,0,-4.4530015,0.053167421370744705,0.04699999839067459,0.08370000123977661
YDL088C,YMR125W,0,-4.4534307,0.05310734361410141,0.04699999839067459,0.08380000293254852
YJR064W,YBR091C,0,-4.4539294,0.05304740369319916,0.04699999839067459,0.08389999717473984
YBR143C,YHR039C-B,0,-4.4540286,0.05298759788274765,0.04699999839067459,0.08399999886751175
YOR316C,YFL041W,1,-4.4540973,0.054054055362939835,0.04800000041723251,0.08399999886751175
YDR279W,YLR035C-A,0,-4.4541883,0.05399325117468834,0.04800000041723251,0.08410000056028366
YPL026C,YFL002W-A,0,-4.45476,0.05393258482217789,0.04800000041723251,0.08420000225305557
YBL103C,YNR026C,0,-4.454776,0.05387205258011818,0.04800000041723251,0.08429999649524689
YML065W,YHR165C,0,-4.454995,0.053811658173799515,0.04800000041723251,0.0843999981880188
YGR083C,YPL257W-A,0,-4.4550347,0.05375140160322189,0.04800000041723251,0.08449999988079071
YER016W,YLL021W,0,-4.4553776,0.05369127541780472,0.04800000041723251,0.08460000157356262
YNL219C,YLR220W,0,-4.4555597,0.05363128334283829,0.04800000041723251,0.08470000326633453
YIL154C,YMR314W,0,-4.4556417,0.0535714291036129,0.04800000041723251,0.08479999750852585
YPL190C,YKL126W,0,-4.4556465,0.05351170524954796,0.04800000041723251,0.08489999920129776
YDL245C,YOR064C,0,-4.45611,0.05345211550593376,0.04800000041723251,0.08500000089406967
YOR322C,YIL068C,0,-4.4563847,0.05339265987277031,0.04800000041723251,0.08510000258684158
YER013W,YML098W,0,-4.4567256,0.0533333346247673,0.04800000041723251,0.0851999968290329
YNL039W,YOL072W,0,-4.4568696,0.053274139761924744,0.04800000041723251,0.08529999852180481
YPL117C,YGR129W,0,-4.456883,0.05321507900953293,0.04800000041723251,0.08540000021457672
YNL188W,YDR378C,0,-4.457223,0.05315614491701126,0.04800000041723251,0.08550000190734863
YNL138W,YHL009W-B,0,-4.457545,0.05309734493494034,0.04800000041723251,0.08560000360012054
YER087C-B,YLR396C,0,-4.45807,0.05303867533802986,0.04800000041723251,0.08569999784231186
YDR110W,YLR009W,0,-4.4588604,0.05298013240098953,0.04800000041723251,0.08579999953508377
YPL018W,YOL103W-B,0,-4.458886,0.05292171984910965,0.04800000041723251,0.08590000122785568
YPR030W,YKR076W,0,-4.4600663,0.05286343768239021,0.04800000041723251,0.0860000029206276
YIL046W,YMR227C,0,-4.460599,0.052805282175540924,0.04800000041723251,0.08609999716281891
YIL021W,YMR183C,0,-4.4606085,0.05274725332856178,0.04800000041723251,0.08619999885559082
YOR216C,YGL243W,0,-4.4607754,0.05268935114145279,0.04800000041723251,0.08630000054836273
YPR111W,YDR052C,0,-4.460945,0.05263157933950424,0.04800000041723251,0.08640000224113464
YGL208W,YNR006W,0,-4.4611425,0.052573930472135544,0.04800000041723251,0.08649999648332596
YKL190W,YDR088C,0,-4.4616966,0.05251641198992729,0.04800000041723251,0.08659999817609787
YNL188W,YGR147C,0,-4.4622054,0.05245901644229889,0.04800000041723251,0.08669999986886978
YJL072C,YKL075C,0,-4.4622493,0.052401747554540634,0.04800000041723251,0.0868000015616417
YHR175W,YOL027C,1,-4.4624333,0.05343511328101158,0.04899999871850014,0.0868000015616417
YCR038C,YOR088W,0,-4.4625664,0.053376905620098114,0.04899999871850014,0.0869000032544136
YDL245C,YNL025C,0,-4.462598,0.053318824619054794,0.04899999871850014,0.08699999749660492
YLR015W,YNL139C,0,-4.4634776,0.05326087027788162,0.04899999871850014,0.08709999918937683
YOR240W,YGR005C,0,-4.463492,0.0532030388712883,0.04899999871850014,0.08720000088214874
YMR012W,YGL127C,0,-4.463889,0.05314533784985542,0.04899999871850014,0.08730000257492065
YDR260C,YGR038C-B,0,-4.4638987,0.0530877560377121,0.04899999871850014,0.08739999681711197
YPL156C,YOR008C-A,0,-4.4639406,0.05303030461072922,0.04899999871850014,0.08749999850988388
YHR062C,YDR210W-B,0,-4.4642267,0.05297297239303589,0.04899999871850014,0.08760000020265579
YKL170W,YLR337W,0,-4.4648046,0.05291576683521271,0.04899999871850014,0.0877000018954277
YJR125C,YHR106W,0,-4.4648347,0.052858684211969376,0.04899999871850014,0.08780000358819962
YCR048W,YCR092C,0,-4.4659586,0.05280172452330589,0.04899999871850014,0.08789999783039093
YBR039W,YNL055C,1,-4.466053,0.05382131412625313,0.05000000074505806,0.08789999783039093
YDR096W,YOR008C,0,-4.4664702,0.05376344174146652,0.05000000074505806,0.08799999952316284
YDL216C,YKL042W,0,-4.4666786,0.053705692291259766,0.05000000074505806,0.08810000121593475
YLL036C,YJL138C,0,-4.466736,0.05364806950092316,0.05000000074505806,0.08820000290870667
YBR020W,YOR290C,0,-4.466764,0.0535905696451664,0.05000000074505806,0.08829999715089798
YDL035C,YLR453C,0,-4.4667773,0.05353318899869919,0.05000000074505806,0.08839999884366989
YBR009C,YGL068W,0,-4.4668674,0.05347593501210213,0.05000000074505806,0.0885000005364418
YIR008C,YJL176C,0,-4.466981,0.053418803960084915,0.05000000074505806,0.08860000222921371
YNL059C,YDR164C,0,-4.467063,0.053361792117357254,0.05000000074505806,0.08869999647140503
YKL101W,YOL090W,0,-4.4675903,0.05330490320920944,0.05000000074505806,0.08879999816417694
YJL092W,YLR190W,0,-4.4676294,0.05324813723564148,0.05000000074505806,0.08889999985694885
YOL149W,YKL074C,0,-4.468406,0.05319149047136307,0.05000000074505806,0.08900000154972076
YGR075C,YPR189W,0,-4.469454,0.05313496291637421,0.05000000074505806,0.08910000324249268
YMR162C,YJL018W,0,-4.4697967,0.053078554570674896,0.05000000074505806,0.08919999748468399
YJR077C,YBR037C,1,-4.4697967,0.0540827140212059,0.050999999046325684,0.08919999748468399
YDR156W,YPR110C,0,-4.4700837,0.054025422781705856,0.050999999046325684,0.0892999991774559
YOR120W,YNL015W,0,-4.4705114,0.05396825447678566,0.050999999046325684,0.08940000087022781
YIR006C,YPR103W,0,-4.470722,0.053911205381155014,0.050999999046325684,0.08950000256299973
YJL141C,YJR026W,0,-4.471012,0.05385427549481392,0.050999999046325684,0.08959999680519104
YGL200C,YCL001W,0,-4.4710584,0.05379746854305267,0.050999999046325684,0.08969999849796295
YBR039W,YKR052C,1,-4.4717884,0.054794520139694214,0.052000001072883606,0.08969999849796295
YJR078W,YDR365W-A,0,-4.4718103,0.05473684147000313,0.052000001072883606,0.08980000019073486
YCL012W,YJL108C,0,-4.472061,0.05467928573489189,0.052000001072883606,0.08990000188350677
YNL199C,YKR007W,0,-4.4722567,0.054621849209070206,0.052000001072883606,0.09000000357627869
YDR270W,YKL064W,1,-4.472315,0.05561384931206703,0.05299999937415123,0.09000000357627869
YOR039W,YJL013C,0,-4.473187,0.0555555559694767,0.05299999937415123,0.09009999781847
YFL002C,YDR312W,0,-4.4736905,0.05549738183617592,0.05299999937415123,0.09019999951124191
YBR288C,YNL188W,0,-4.473942,0.05543933063745499,0.05299999937415123,0.09030000120401382
YMR285C,YBL093C,0,-4.474568,0.055381398648023605,0.05299999937415123,0.09040000289678574
YGL119W,YGR075C,0,-4.475464,0.05532358959317207,0.05299999937415123,0.09049999713897705
YIL046W,YGL211W,0,-4.4755125,0.05526590347290039,0.05299999937415123,0.09059999883174896
YER087C-B,YIL073C,0,-4.4758234,0.05520833283662796,0.05299999937415123,0.09070000052452087
YGR147C,YOL066C,0,-4.4762096,0.05515088513493538,0.05299999937415123,0.09080000221729279
YDR168W,YHL036W,0,-4.476519,0.05509355664253235,0.05299999937415123,0.0908999964594841
YNL012W,YDR453C,0,-4.4769197,0.05503634363412857,0.05299999937415123,0.09099999815225601
YPR019W,YLR071C,0,-4.476951,0.05497925356030464,0.05299999937415123,0.09109999984502792
YJL117W,YIL114C,1,-4.4770393,0.05595855042338371,0.05400000140070915,0.09109999984502792
YGL070C,YIL016W,0,-4.4773245,0.05590062215924263,0.05400000140070915,0.09120000153779984
YBR090C-A,YDL216C,0,-4.4774523,0.0558428131043911,0.05400000140070915,0.09130000323057175
YIL103W,YLR035C-A,0,-4.47776,0.05578512325882912,0.05400000140070915,0.09139999747276306
YJR040W,YOR068C,0,-4.477963,0.055727552622556686,0.05400000140070915,0.09149999916553497
YPR128C,YIL022W,0,-4.4793634,0.055670104920864105,0.05400000140070915,0.09160000085830688
YOL077C,YLR196W,0,-4.4794745,0.05561276897788048,0.05400000140070915,0.0917000025510788
YLR310C,YIL017W,0,-4.4796877,0.0555555559694767,0.05400000140070915,0.09179999679327011
YDL095W,YOL061W,0,-4.4798865,0.055498458445072174,0.05400000140070915,0.09189999848604202
YNL236W,YHR111W,0,-4.480016,0.0554414801299572,0.05400000140070915,0.09200000017881393
YHR116W,YPL218W,0,-4.480159,0.05538461357355118,0.05400000140070915,0.09210000187158585
YDR052C,YOR217W,0,-4.4803247,0.055327869951725006,0.05400000140070915,0.09220000356435776
YHR111W,YHR138C,0,-4.480334,0.05527123808860779,0.05400000140070915,0.09229999780654907
YGL063W,YJR028W,0,-4.4813757,0.05521472543478012,0.05400000140070915,0.09239999949932098
YBR111W-A,YNL128W,0,-4.481473,0.05515832453966141,0.05400000140070915,0.0925000011920929
YGR091W,YDR013W,0,-4.4818735,0.055102039128541946,0.05400000140070915,0.09260000288486481
YBR142W,YNL302C,0,-4.481886,0.055045872926712036,0.05400000140070915,0.09269999712705612
YDL197C,YKL041W,0,-4.48195,0.05498981848359108,0.05400000140070915,0.09279999881982803
YBL018C,YDL235C,0,-4.482327,0.05493387579917908,0.05400000140070915,0.09290000051259995
YPL228W,YOR008C-A,0,-4.4824266,0.05487804859876633,0.05400000140070915,0.09300000220537186
YBL019W,YGR046W,0,-4.4834642,0.05482233688235283,0.05400000140070915,0.09309999644756317
YCL061C,YDR080W,0,-4.4835525,0.054766733199357986,0.05400000140070915,0.09319999814033508
YOR240W,YDR036C,0,-4.483792,0.054711245000362396,0.05400000140070915,0.093299999833107
YDR174W,YIL126W,0,-4.484404,0.05465587228536606,0.05400000140070915,0.0934000015258789
YCR093W,YER151C,0,-4.48454,0.054600607603788376,0.05400000140070915,0.09350000321865082
YJR082C,YNL149C,0,-4.485034,0.05454545468091965,0.05400000140070915,0.09359999746084213
YHR175W,YHR050W,1,-4.4855323,0.055499494075775146,0.054999999701976776,0.09359999746084213
YAR007C,YLR035C-A,0,-4.4864683,0.055443547666072845,0.054999999701976776,0.09369999915361404
YNL118C,YGL208W,0,-4.4870906,0.0553877130150795,0.054999999701976776,0.09380000084638596
YGL187C,YPL002C,0,-4.4871016,0.055331990122795105,0.054999999701976776,0.09390000253915787
YFL039C,YDR517W,0,-4.487109,0.055276382714509964,0.054999999701976776,0.09399999678134918
YIL139C,YLR105C,0,-4.487179,0.05522088333964348,0.054999999701976776,0.0940999984741211
YML115C,YFL004W,0,-4.488142,0.05516549572348595,0.054999999701976776,0.094200000166893
YDR272W,YOR035C,0,-4.4881706,0.05511021986603737,0.054999999701976776,0.09430000185966492
YCL014W,YDR179C,0,-4.4886265,0.055055055767297745,0.054999999701976776,0.09440000355243683
YMR183C,YPR173C,0,-4.4888935,0.054999999701976776,0.054999999701976776,0.09449999779462814
YGR055W,YOR008C-A,0,-4.488915,0.05494505539536476,0.054999999701976776,0.09459999948740005
YLR191W,YGR135W,0,-4.4891934,0.0548902191221714,0.054999999701976776,0.09470000118017197
YIL126W,YKL056C,0,-4.489645,0.054835494607686996,0.054999999701976776,0.09480000287294388
YPL133C,YBL100W-B,0,-4.4900966,0.054780878126621246,0.054999999701976776,0.09489999711513519
YNL106C,YOL112W,0,-4.4904723,0.05472636967897415,0.054999999701976776,0.0949999988079071
YEL024W,YMR087W,0,-4.4907246,0.05467196926474571,0.054999999701976776,0.09510000050067902
YMR129W,YDR447C,0,-4.4914436,0.05461767688393593,0.054999999701976776,0.09520000219345093
YJR144W,YPL112C,0,-4.491565,0.0545634925365448,0.054999999701976776,0.09529999643564224
YNL106C,YKL045W,0,-4.492477,0.05450941622257233,0.054999999701976776,0.09539999812841415
YOR250C,YDL134C,0,-4.49249,0.05445544421672821,0.054999999701976776,0.09549999982118607
YGL167C,YIL023C,1,-4.492798,0.055390700697898865,0.0560000017285347,0.09549999982118607
YJR043C,YLR268W,0,-4.4936447,0.05533596873283386,0.0560000017285347,0.09560000151395798
YDR147W,YPL053C,0,-4.4936686,0.05528134107589722,0.0560000017285347,0.09570000320672989
YGL094C,YPL011C,0,-4.49372,0.055226825177669525,0.0560000017285347,0.0957999974489212
YFL011W-A,YOL005C,0,-4.4939694,0.05517241358757019,0.0560000017285347,0.09589999914169312
YDR214W,YBL100W-B,0,-4.494035,0.05511811003088951,0.0560000017285347,0.09600000083446503
YBL099W,YML081C-A,1,-4.494481,0.05604719743132591,0.05700000002980232,0.09600000083446503
YCR094W,YJR131W,0,-4.494645,0.055992141366004944,0.05700000002980232,0.09610000252723694
YHR013C,YNR053C,0,-4.495094,0.05593719333410263,0.05700000002980232,0.09619999676942825
YCL024W,YDR318W,0,-4.495207,0.05588235333561897,0.05700000002980232,0.09629999846220016
YHR005C-A,YGL236C,0,-4.495308,0.05582762137055397,0.05700000002980232,0.09640000015497208
YML112W,YJL019W,0,-4.4953184,0.055772993713617325,0.05700000002980232,0.09650000184774399
YOL145C,YFL002W-A,0,-4.495964,0.055718474090099335,0.05700000002980232,0.0966000035405159
YNL297C,YBR077C,0,-4.4960504,0.0556640625,0.05700000002980232,0.09669999778270721
YPL115C,YMR050C,0,-4.496077,0.05560975521802902,0.05700000002980232,0.09679999947547913
YJL033W,YOR088W,0,-4.4962764,0.0555555559694767,0.05700000002980232,0.09690000116825104
YPL218W,YER120W,0,-4.4963226,0.055501461029052734,0.05700000002980232,0.09700000286102295
YMR179W,YDR460W,0,-4.4964814,0.055447470396757126,0.05700000002980232,0.09709999710321426
YCR026C,YCR077C,0,-4.4970627,0.05539358779788017,0.05700000002980232,0.09719999879598618
YER087C-B,YFL045C,0,-4.4973373,0.05533980578184128,0.05700000002980232,0.09730000048875809
YGL206C,YGL115W,0,-4.4974155,0.05528613179922104,0.05700000002980232,0.09740000218153
YNL206C,YKL079W,0,-4.497454,0.05523255839943886,0.05700000002980232,0.09749999642372131
YLR246W,YIL017W,0,-4.4978385,0.055179089307785034,0.05700000002980232,0.09759999811649323
YNL133C,YNR047W,0,-4.498008,0.05512572452425957,0.05700000002980232,0.09769999980926514
YBR185C,YKL200C,0,-4.4987326,0.05507246404886246,0.05700000002980232,0.09780000150203705
YJL095W,YDL164C,0,-4.4990234,0.055019304156303406,0.05700000002980232,0.09790000319480896
YCR089W,YGR161W-A,0,-4.4999104,0.05496624857187271,0.05700000002980232,0.09799999743700027
YDR265W,YDL147W,0,-4.5002794,0.054913293570280075,0.05700000002980232,0.09809999912977219
YER116C,YML088W,0,-4.50032,0.054860442876815796,0.05700000002980232,0.0982000008225441
YJL110C,YDL116W,0,-4.5006323,0.054807692766189575,0.05700000002980232,0.09830000251531601
YCL043C,YDR365W-B,0,-4.500658,0.05475504323840141,0.05700000002980232,0.09839999675750732
YOR335C,YDR188W,0,-4.5007,0.05470249429345131,0.05700000002980232,0.09849999845027924
YJR144W,YPR188C,0,-4.5009136,0.05465004965662956,0.05700000002980232,0.09860000014305115
YNL147W,YJL179W,0,-4.501299,0.054597701877355576,0.05700000002980232,0.09870000183582306
YML081C-A,YGR191W,1,-4.501418,0.05550239235162735,0.057999998331069946,0.09870000183582306
YDR085C,YNR007C,0,-4.5016375,0.05544932931661606,0.057999998331069946,0.09880000352859497
YNL290W,YDL077C,0,-4.502699,0.055396370589733124,0.057999998331069946,0.09889999777078629
YPL118W,YDR303C,0,-4.503957,0.05534351244568825,0.057999998331069946,0.0989999994635582
YPL016W,YPL045W,0,-4.5039787,0.05529075488448143,0.057999998331069946,0.09910000115633011
YKL004W,YNL199C,0,-4.504743,0.05523809418082237,0.057999998331069946,0.09920000284910202
YAR014C,YOR338W,0,-4.505515,0.05518553778529167,0.057999998331069946,0.09929999709129333
YDL192W,YGR120C,0,-4.505531,0.05513307824730873,0.057999998331069946,0.09939999878406525
YOR037W,YOR075W,0,-4.505596,0.05508072301745415,0.057999998331069946,0.09950000047683716
YDL164C,YOR115C,0,-4.5056415,0.055028464645147324,0.057999998331069946,0.09960000216960907
YML081C-A,YDR456W,1,-4.5060425,0.05592416971921921,0.05900000035762787,0.09960000216960907
YOR211C,YNL297C,0,-4.5067945,0.05587121099233627,0.05900000035762787,0.09969999641180038
YHR175W,YGL167C,1,-4.507083,0.056764427572488785,0.05999999865889549,0.09969999641180038
YDL207W,YLL035W,0,-4.507394,0.056710775941610336,0.05999999865889549,0.0997999981045723
YNR011C,YDL080C,0,-4.507537,0.056657224893569946,0.05999999865889549,0.09989999979734421
YDL175C,YLR369W,0,-4.507861,0.056603774428367615,0.05999999865889549,0.10000000149011612
YDL224C,YBL100W-A,0,-4.508098,0.05655042454600334,0.05999999865889549,0.10010000318288803
YCL032W,YDR207C,0,-4.508415,0.05649717524647713,0.05999999865889549,0.10019999742507935
YDR284C,YJL052W,0,-4.508736,0.05644402652978897,0.05999999865889549,0.10029999911785126
YER146W,YOR373W,0,-4.508952,0.05639097839593887,0.05999999865889549,0.10040000081062317
YIL115C,YBL100W-B,0,-4.509061,0.056338027119636536,0.05999999865889549,0.10050000250339508
YML058W-A,YML047C,0,-4.509115,0.056285176426172256,0.05999999865889549,0.1005999967455864
YNL219C,YBR143C,0,-4.5093718,0.056232426315546036,0.05999999865889549,0.1006999984383583
YPL083C,YHR060W,0,-4.5098863,0.056179776787757874,0.05999999865889549,0.10080000013113022
YDR022C,YMR139W,0,-4.5099277,0.05612722039222717,0.05999999865889549,0.10090000182390213
YDR082W,YBR165W,0,-4.510353,0.05607476457953453,0.05999999865889549,0.10100000351667404
YKL046C,YER125W,0,-4.5103636,0.05602240934967995,0.05999999865889549,0.10109999775886536
YGR083C,YNL282W,0,-4.5105114,0.05597015097737312,0.05999999865889549,0.10119999945163727
YNL012W,YHR214C-B,0,-4.5105333,0.05591798573732376,0.05999999865889549,0.10130000114440918
YLR020C,YJL114W,0,-4.510636,0.05586592108011246,0.05999999865889549,0.10140000283718109
YNL261W,YML045W,0,-4.510666,0.055813953280448914,0.05999999865889549,0.1014999970793724
YPR175W,YMR080C,0,-4.5113,0.05576208233833313,0.05999999865889549,0.10159999877214432
YMR162C,YBR223C,0,-4.51149,0.055710308253765106,0.05999999865889549,0.10170000046491623
YIL082W-A,YOR305W,0,-4.5116024,0.055658627301454544,0.05999999865889549,0.10180000215768814
YDL226C,YDR260C,0,-4.5117445,0.05560704320669174,0.05999999865889549,0.10189999639987946
YML062C,YBR098W,0,-4.5120516,0.0555555559694767,0.05999999865889549,0.10199999809265137
YNR011C,YGL112C,0,-4.5129128,0.05550416186451912,0.05999999865889549,0.10209999978542328
YKL005C,YKL189W,0,-4.5129147,0.0554528646171093,0.05999999865889549,0.10220000147819519
YLR361C,YER068W,0,-4.5136633,0.05540166050195694,0.05999999865889549,0.1023000031709671
YBR135W,YPL234C,0,-4.5137043,0.05535055324435234,0.05999999865889549,0.10239999741315842
YCL004W,YJR141W,0,-4.5137877,0.0552995391190052,0.05999999865889549,0.10249999910593033
YGR163W,YNL029C,0,-4.5140343,0.05524861812591553,0.05999999865889549,0.10260000079870224
YJL029C,YBL100W-B,0,-4.514654,0.05519779026508331,0.05999999865889549,0.10270000249147415
YER127W,YHR167W,0,-4.5148287,0.05514705926179886,0.05999999865889549,0.10279999673366547
YGR227W,YIL126W,0,-4.515898,0.05509641766548157,0.05999999865889549,0.10289999842643738
YPL055C,YGR141W,0,-4.5160904,0.055045872926712036,0.05999999865889549,0.10300000011920929
YBL099W,YOL077W-A,1,-4.5163493,0.05591200664639473,0.061000000685453415,0.10300000011920929
YMR184W,YER012W,0,-4.516934,0.05586080625653267,0.061000000685453415,0.1031000018119812
YBR080C,YBL007C,0,-4.5169716,0.05580969899892807,0.061000000685453415,0.10320000350475311
YOR380W,YBR256C,0,-4.5179043,0.05575868487358093,0.061000000685453415,0.10329999774694443
YLR353W,YDR227W,0,-4.5179453,0.05570776388049126,0.061000000685453415,0.10339999943971634
YBL019W,YIL009C-A,0,-4.5180726,0.05565693601965904,0.061000000685453415,0.10350000113248825
YDR138W,YKL173W,0,-4.518341,0.05560619756579399,0.061000000685453415,0.10360000282526016
YMR308C,YFL002W-A,0,-4.5186014,0.0555555559694767,0.061000000685453415,0.10369999706745148
YHR006W,YNR047W,0,-4.5186653,0.05550500378012657,0.061000000685453415,0.10379999876022339
YPR037C,YOR088W,0,-4.5193768,0.055454544723033905,0.061000000685453415,0.1039000004529953
YMR239C,YKL075C,0,-4.51956,0.0554041787981987,0.061000000685453415,0.10400000214576721
YPR067W,YGR257C,1,-4.5205803,0.0562613420188427,0.06199999898672104,0.10400000214576721
YBL040C,YDL058W,0,-4.521063,0.05621033534407616,0.06199999898672104,0.10409999638795853
YDR167W,YFL002W-A,0,-4.5218115,0.05615942180156708,0.06199999898672104,0.10419999808073044
YLR208W,YOR008C-A,0,-4.521903,0.05610859766602516,0.06199999898672104,0.10429999977350235
YIL149C,YIL017W,0,-4.5224648,0.05605786666274071,0.06199999898672104,0.10440000146627426
YDL019C,YHR039C-B,0,-4.52288,0.056007225066423416,0.06199999898672104,0.10450000315904617
YLL038C,YHR098C,0,-4.5229793,0.055956680327653885,0.06199999898672104,0.10459999740123749
YOR231W,YML039W,0,-4.5232573,0.05590622127056122,0.06199999898672104,0.1046999990940094
YER149C,YPL232W,0,-4.523712,0.05585585534572601,0.06199999898672104,0.10480000078678131
YGR252W,YJL210W,0,-4.5238533,0.05580557882785797,0.06199999898672104,0.10490000247955322
YJR121W,YPL078C,1,-4.523981,0.0566546767950058,0.06300000101327896,0.10490000247955322
YDL014W,YDR300C,0,-4.524021,0.056603774428367615,0.06300000101327896,0.10499999672174454
YDR122W,YEL060C,0,-4.524247,0.056552961468696594,0.06300000101327896,0.10509999841451645
YPL084W,YFR004W,0,-4.5244107,0.056502241641283035,0.06300000101327896,0.10520000010728836
YCL044C,YAR044W,0,-4.5245185,0.05645161122083664,0.06300000101327896,0.10530000180006027
YCR026C,YDR328C,0,-4.524836,0.056401073932647705,0.06300000101327896,0.10540000349283218
YDL085W,YMR045C,0,-4.524944,0.056350626051425934,0.06300000101327896,0.1054999977350235
YIL010W,YGL127C,0,-4.5250745,0.056300267577171326,0.06300000101327896,0.10559999942779541
YPR006C,YGR222W,0,-4.5253057,0.05624999850988388,0.06300000101327896,0.10570000112056732
YPL048W,YJR040W,0,-4.526046,0.0561998225748539,0.06300000101327896,0.10580000281333923
YOR038C,YIL073C,0,-4.526161,0.05614973232150078,0.06300000101327896,0.10589999705553055
YMR260C,YGR128C,0,-4.526948,0.05609973147511482,0.06300000101327896,0.10599999874830246
YGR227W,YMR088C,0,-4.5277543,0.05604982376098633,0.06300000101327896,0.10610000044107437
YGR091W,YOR008C-A,0,-4.5281005,0.0560000017285347,0.06300000101327896,0.10620000213384628
YJR082C,YDL079C,0,-4.528583,0.055950265377759933,0.06300000101327896,0.1062999963760376
YBR129C,YPR189W,0,-4.528595,0.05590062215924263,0.06300000101327896,0.10639999806880951
YOR328W,YPL011C,0,-4.5288014,0.05585106462240219,0.06300000101327896,0.10649999976158142
YGL018C,YGR220C,0,-4.529676,0.05580159276723862,0.06300000101327896,0.10660000145435333
YBR102C,YHR072W-A,0,-4.5302696,0.055752214044332504,0.06300000101327896,0.10670000314712524
YOL077W-A,YLR411W,1,-4.531172,0.0565870925784111,0.06400000303983688,0.10670000314712524
YLR275W,YGR042W,0,-4.532148,0.05653710290789604,0.06400000303983688,0.10679999738931656
YOR334W,YJL198W,1,-4.5323296,0.057369813323020935,0.06499999761581421,0.10679999738931656
YPL061W,YKR037C,0,-4.532388,0.05731922388076782,0.06499999761581421,0.10689999908208847
YDL142C,YGL127C,0,-4.532522,0.05726872384548187,0.06499999761581421,0.10700000077486038
YPR017C,YPL112C,0,-4.532594,0.05721830949187279,0.06499999761581421,0.1071000024676323
YBR090C-A,YMR143W,0,-4.53296,0.057167984545230865,0.06499999761581421,0.10719999670982361
YLR429W,YBR090C-A,0,-4.533031,0.05711774900555611,0.06499999761581421,0.10729999840259552
YLR314C,YOR270C,0,-4.5337253,0.05706760287284851,0.06499999761581421,0.10740000009536743
YML103C,YER129W,0,-4.5343466,0.05701754242181778,0.06499999761581421,0.10750000178813934
YER167W,YEL018W,0,-4.53465,0.05696757137775421,0.06499999761581421,0.10760000348091125
YBR023C,YOL089C,0,-4.534863,0.056917689740657806,0.06499999761581421,0.10769999772310257
YDR377W,YER053C,1,-4.5351515,0.057742781937122345,0.06599999964237213,0.10769999772310257
YKR055W,YKL034W,0,-4.535247,0.057692307978868484,0.06599999964237213,0.10779999941587448
YLR435W,YDR398W,0,-4.5357494,0.05764191970229149,0.06599999964237213,0.10790000110864639
YNL020C,YBL017C,0,-4.536305,0.057591624557971954,0.06599999964237213,0.1080000028014183
YHR004C,YHR012W,0,-4.536437,0.057541411370038986,0.06599999964237213,0.10809999704360962
YBR188C,YNL284C-B,0,-4.5370507,0.05749128758907318,0.06599999964237213,0.10819999873638153
YCL004W,YFL059W,0,-4.537487,0.05744125321507454,0.06599999964237213,0.10830000042915344
YHL007C,YML115C,0,-4.537542,0.05739130452275276,0.06599999964237213,0.10840000212192535
YMR213W,YBL006C,0,-4.537728,0.05734144151210785,0.06599999964237213,0.10849999636411667
YOR240W,YIL132C,0,-4.537737,0.0572916679084301,0.06599999964237213,0.10859999805688858
YFR037C,YIL126W,0,-4.5378203,0.057241976261138916,0.06599999964237213,0.10869999974966049
YDR376W,YGL087C,0,-4.5384817,0.057192374020814896,0.06599999964237213,0.1088000014424324
YLR032W,YER123W,0,-4.5389733,0.05714285746216774,0.06599999964237213,0.10890000313520432
YLR347C,YKL042W,0,-4.539357,0.05709342658519745,0.06599999964237213,0.10899999737739563
YFL011W-A,YOR014W,0,-4.539413,0.057044077664613724,0.06599999964237213,0.10909999907016754
YDR083W,YGR229C,0,-4.5395203,0.05699481815099716,0.06599999964237213,0.10920000076293945
YOR211C,YNL247W,0,-4.539646,0.056945644319057465,0.06599999964237213,0.10930000245571136
YBL105C,YMR051C,0,-4.539773,0.056896552443504333,0.06599999964237213,0.10939999669790268
YDR235W,YPL083C,0,-4.5403795,0.05684754624962807,0.06599999964237213,0.10949999839067459
YNR052C,YNL263C,0,-4.5404143,0.05679862201213837,0.06599999964237213,0.1096000000834465
YBR288C,YAL047C,0,-4.54084,0.05674978345632553,0.06599999964237213,0.10970000177621841
YGR251W,YLR035C-A,0,-4.540906,0.05670103058218956,0.06599999964237213,0.10980000346899033
YLL031C,YKL170W,0,-4.540925,0.056652359664440155,0.06599999964237213,0.10989999771118164
YMR077C,YAR010C,0,-4.54104,0.056603774428367615,0.06599999964237213,0.10999999940395355
YKL173W,YDR131C,0,-4.541103,0.05655527114868164,0.06599999964237213,0.11010000109672546
YOR109W,YOL003C,0,-4.5413833,0.05650684982538223,0.06599999964237213,0.11020000278949738
YDL100C,YNL287W,0,-4.54208,0.05645851045846939,0.06599999964237213,0.11029999703168869
YML081C-A,YJR077C,1,-4.5423236,0.05726495757699013,0.06700000166893005,0.11029999703168869
YMR078C,YGR179C,0,-4.5424123,0.05721605569124222,0.06700000166893005,0.1103999987244606
YNL271C,YNR011C,0,-4.5430765,0.057167235761880875,0.06700000166893005,0.11050000041723251
YOR136W,YJL114W,0,-4.543221,0.0571184977889061,0.06700000166893005,0.11060000211000443
YNL271C,YBR231C,0,-4.5436015,0.057069845497608185,0.06700000166893005,0.11069999635219574
YPL078C,YOL027C,1,-4.5447774,0.05787234008312225,0.06800000369548798,0.11069999635219574
YOR137C,YDR322C-A,1,-4.544817,0.058673471212387085,0.0689999982714653,0.11069999635219574
YOR240W,YPR161C,0,-4.5448427,0.05862361937761307,0.0689999982714653,0.11079999804496765
YNL012W,YIL017W,0,-4.5453563,0.058573853224515915,0.0689999982714653,0.11089999973773956
YHR191C,YNL222W,0,-4.545635,0.05852417275309563,0.0689999982714653,0.11100000143051147
YDR439W,YPR056W,0,-4.546182,0.0584745779633522,0.0689999982714653,0.11110000312328339
YLR107W,YJR141W,0,-4.546526,0.058425065129995346,0.0689999982714653,0.1111999973654747
YDR295C,YJL019W,0,-4.5466595,0.058375634253025055,0.0689999982714653,0.11129999905824661
YHR191C,YPL065W,0,-4.5469093,0.05832628905773163,0.0689999982714653,0.11140000075101852
YOL045W,YOR279C,0,-4.547087,0.05827702581882477,0.0689999982714653,0.11150000244379044
YMR188C,YKL042W,0,-4.5478306,0.05822784826159477,0.0689999982714653,0.11159999668598175
YIL019W,YDR412W,0,-4.5479765,0.05817875266075134,0.0689999982714653,0.11169999837875366
YOR168W,YPR041W,0,-4.54824,0.05812973901629448,0.0689999982714653,0.11180000007152557
YNL214W,YDR334W,0,-4.5488276,0.05808080732822418,0.0689999982714653,0.11190000176429749
YKL117W,YDR457W,0,-4.5489955,0.05803196132183075,0.0689999982714653,0.1120000034570694
YJL030W,YGR002C,0,-4.5490885,0.057983193546533585,0.0689999982714653,0.11209999769926071
YGL003C,YJL004C,0,-4.5492477,0.057934507727622986,0.0689999982714653,0.11219999939203262
YOL002C,YCL019W,0,-4.5496464,0.05788590759038925,0.0689999982714653,0.11230000108480453
YIL009C-A,YGL233W,0,-4.5496798,0.057837385684251785,0.0689999982714653,0.11240000277757645
YGL216W,YMR234W,0,-4.5497694,0.057788945734500885,0.0689999982714653,0.11249999701976776
YHL025W,YLL017W,0,-4.55,0.05774058401584625,0.0689999982714653,0.11259999871253967
YIL150C,YHR143W-A,0,-4.55007,0.057692307978868484,0.0689999982714653,0.11270000040531158
YGL243W,YBL100W-B,0,-4.550284,0.057644110172986984,0.0689999982714653,0.1128000020980835
YOL051W,YDR135C,0,-4.550477,0.05759599432349205,0.0689999982714653,0.11289999634027481
YOR386W,YPR133W-A,0,-4.5505133,0.057547956705093384,0.0689999982714653,0.11299999803304672
YKL160W,YCR067C,0,-4.550974,0.057500001043081284,0.0689999982714653,0.11309999972581863
YLL031C,YBR279W,0,-4.5515127,0.05745212361216545,0.0689999982714653,0.11320000141859055
YNL159C,YML033W,0,-4.5521955,0.057404324412345886,0.0689999982714653,0.11330000311136246
YBL018C,YLR154C,0,-4.5524383,0.05735660716891289,0.0689999982714653,0.11339999735355377
YDR147W,YML055W,0,-4.5529823,0.057308971881866455,0.0689999982714653,0.11349999904632568
YFR002W,YGL058W,0,-4.5531025,0.05726141110062599,0.0689999982714653,0.1136000007390976
YPL254W,YOR106W,0,-4.5539722,0.057213928550481796,0.0689999982714653,0.1137000024318695
YOR316C,YDR456W,1,-4.5541296,0.0579950287938118,0.07000000029802322,0.1137000024318695
YJR076C,YEL030W,0,-4.5547175,0.05794702097773552,0.07000000029802322,0.11379999667406082
YGL254W,YGR191W,1,-4.554949,0.058726221323013306,0.07100000232458115,0.11379999667406082
YBR087W,YOR356W,0,-4.555249,0.058677684515714645,0.07100000232458115,0.11389999836683273
YIL004C,YPL046C,0,-4.5552697,0.05862923339009285,0.07100000232458115,0.11400000005960464
YCR027C,YNR048W,0,-4.5553513,0.05858085677027702,0.07100000232458115,0.11410000175237656
YNL227C,YJL148W,0,-4.5553784,0.05853256210684776,0.07100000232458115,0.11420000344514847
YOR025W,YPL053C,0,-4.5554323,0.05848434939980507,0.07100000232458115,0.11429999768733978
YJL207C,YFR024C,0,-4.5556602,0.05843621492385864,0.07100000232458115,0.1143999993801117
YDR040C,YCR037C,1,-4.556195,0.05921052768826485,0.07199999690055847,0.1143999993801117
YER025W,YCR035C,0,-4.5563326,0.059161871671676636,0.07199999690055847,0.1145000010728836
YFL025C,YNL273W,0,-4.5566583,0.05911330133676529,0.07199999690055847,0.11460000276565552
YDL116W,YDR088C,0,-4.556916,0.05906480550765991,0.07199999690055847,0.11469999700784683
YPL016W,YLR181C,0,-4.5569334,0.0590163916349411,0.07199999690055847,0.11479999870061874
YJL018W,YBR183W,0,-4.5570455,0.058968059718608856,0.07199999690055847,0.11490000039339066
YCR077C,YML013W,0,-4.557266,0.05891980230808258,0.07199999690055847,0.11500000208616257
YJL065C,YGR104C,0,-4.557272,0.05887162685394287,0.07199999690055847,0.11509999632835388
YPL275W,YPR155C,0,-4.5575457,0.05882352963089943,0.07199999690055847,0.1151999980211258
YGL133W,YJR042W,0,-4.557585,0.058775510638952255,0.07199999690055847,0.1152999997138977
YNL199C,YOL011W,0,-4.5580688,0.05872756987810135,0.07199999690055847,0.11540000140666962
YNL317W,YDL188C,0,-4.558104,0.05867970734834671,0.07199999690055847,0.11550000309944153
YER108C,YOR063W,0,-4.558419,0.05863192304968834,0.07199999690055847,0.11559999734163284
YNL236W,YGR074W,0,-4.5590878,0.05858421325683594,0.07199999690055847,0.11569999903440475
YIR008C,YLL011W,0,-4.559088,0.0585365854203701,0.07199999690055847,0.11580000072717667
YNL172W,YEL013W,0,-4.559165,0.058489032089710236,0.07199999690055847,0.11590000241994858
YGR033C,YKL058W,0,-4.5595484,0.05844155699014664,0.07199999690055847,0.11599999666213989
YIL115C,YDL225W,0,-4.5596795,0.058394160121679306,0.07199999690055847,0.1160999983549118
YKR062W,YCL074W,0,-4.5598445,0.058346837759017944,0.07199999690055847,0.11620000004768372
YLR262C,YGL039W,0,-4.559861,0.05829959362745285,0.07199999690055847,0.11630000174045563
YHL048W,YCL001W,0,-4.560562,0.058252427726984024,0.07199999690055847,0.11640000343322754
YNL029C,YGL030W,0,-4.5606647,0.05820533633232117,0.07199999690055847,0.11649999767541885
YGR074W,YML038C,0,-4.560782,0.05815831944346428,0.07199999690055847,0.11659999936819077
YKL186C,YHL012W,0,-4.5614576,0.05811138078570366,0.07199999690055847,0.11670000106096268
YFL041W,YOR137C,1,-4.561679,0.05887096747756004,0.0729999989271164,0.11670000106096268
YGR244C,YOR054C,0,-4.561937,0.05882352963089943,0.0729999989271164,0.11680000275373459
YLR144C,YLR028C,0,-4.562051,0.058776166290044785,0.0729999989271164,0.1168999969959259
YLR035C,YLR376C,0,-4.562089,0.05872888118028641,0.0729999989271164,0.11699999868869781
YGL011C,YPL214C,0,-4.562323,0.058681670576334,0.0729999989271164,0.11710000038146973
YER133W,YDR170C,0,-4.5623255,0.05863453820347786,0.0729999989271164,0.11720000207424164
YBR059C,YPL091W,0,-4.562438,0.05858748033642769,0.0729999989271164,0.11729999631643295
YLR246W,YGR206W,0,-4.562628,0.05854049697518349,0.0729999989271164,0.11739999800920486
YCR005C,YCL062W,0,-4.5630646,0.058493588119745255,0.0729999989271164,0.11749999970197678
YJL013C,YPL232W,0,-4.563125,0.05844675749540329,0.0729999989271164,0.11760000139474869
YLL034C,YBL100W-B,0,-4.563313,0.058400001376867294,0.0729999989271164,0.1177000030875206
YAL003W,YPL169C,0,-4.5633354,0.05835331603884697,0.0729999989271164,0.11779999732971191
YKR062W,YMR050C,0,-4.5634985,0.05830670893192291,0.0729999989271164,0.11789999902248383
YDR164C,YPL276W,0,-4.5635242,0.058260176330804825,0.0729999989271164,0.11800000071525574
YDR270W,YKR052C,1,-4.56362,0.05901116505265236,0.07400000095367432,0.11800000071525574
YLR260W,YDL028C,0,-4.5636415,0.05896414443850517,0.07400000095367432,0.11810000240802765
YML081C-A,YHR050W,1,-4.563861,0.05971337482333183,0.07500000298023224,0.11810000240802765
YPL053C,YDR288W,0,-4.5641637,0.05966586992144585,0.07500000298023224,0.11819999665021896
YGL130W,YNL206C,0,-4.5644035,0.05961844325065613,0.07500000298023224,0.11829999834299088
YGR098C,YLR233C,0,-4.564521,0.05957108736038208,0.07500000298023224,0.11840000003576279
YLR310C,YDL106C,0,-4.5651455,0.0595238097012043,0.07500000298023224,0.1185000017285347
YNL202W,YNL241C,0,-4.5660167,0.05947660654783249,0.07500000298023224,0.11860000342130661
YCR073W-A,YBL088C,0,-4.5660605,0.05942947790026665,0.07500000298023224,0.11869999766349792
YPL178W,YLR033W,0,-4.5660753,0.059382423758506775,0.07500000298023224,0.11879999935626984
YDR388W,YEL002C,0,-4.5662737,0.05933544412255287,0.07500000298023224,0.11890000104904175
YJL085W,YJL146W,0,-4.5663657,0.05928853899240494,0.07500000298023224,0.11900000274181366
YKL005C,YOL123W,0,-4.5663905,0.059241704642772675,0.07500000298023224,0.11909999698400497
YPL037C,YDL201W,0,-4.5666423,0.05919494852423668,0.07500000298023224,0.11919999867677689
YML081C-A,YHR175W,1,-4.566844,0.05993690714240074,0.07599999755620956,0.11919999867677689
YDL007W,YDR135C,0,-4.56714,0.05988967791199684,0.07599999755620956,0.1193000003695488
YDR037W,YKR063C,0,-4.567255,0.05984251946210861,0.07599999755620956,0.11940000206232071
YKL043W,YIL118W,0,-4.567419,0.05979543551802635,0.07599999755620956,0.11949999630451202
YDR385W,YPL276W,0,-4.5680723,0.05974842607975006,0.07599999755620956,0.11959999799728394
YNL148C,YML033W,0,-4.5682096,0.05970149114727974,0.07599999755620956,0.11969999969005585
YPL244C,YCL074W,0,-4.5683637,0.05965463072061539,0.07599999755620956,0.11980000138282776
YOR094W,YOL045W,0,-4.568528,0.059607844799757004,0.07599999755620956,0.11990000307559967
YGL194C,YJL029C,0,-4.5692215,0.05956112965941429,0.07599999755620956,0.11999999731779099
YFR052W,YDL190C,0,-4.569283,0.05951448529958725,0.07599999755620956,0.1200999990105629
YOL145C,YCR053W,0,-4.569387,0.059467919170856476,0.07599999755620956,0.12020000070333481
YDR377W,YHR175W,1,-4.5696316,0.06020328402519226,0.07699999958276749,0.12020000070333481
YCL024W,YNL290W,0,-4.570043,0.06015624850988388,0.07699999958276749,0.12030000239610672
YFL011W-A,YOR032C,0,-4.5701427,0.06010929122567177,0.07699999958276749,0.12039999663829803
YJR105W,YML045W,0,-4.570144,0.06006240099668503,0.07699999958276749,0.12049999833106995
YDR206W,YGR074W,0,-4.571329,0.060015588998794556,0.07699999958276749,0.12060000002384186
YKL139W,YJR086W,0,-4.5719843,0.059968847781419754,0.07699999958276749,0.12070000171661377
YLR102C,YBL102W,0,-4.57205,0.05992217734456062,0.07699999958276749,0.12080000340938568
YOR290C,YJL012C,0,-4.5724196,0.05987558141350746,0.07699999958276749,0.120899997651577
YNL012W,YMR302C,0,-4.5729985,0.05982905998826027,0.07699999958276749,0.12099999934434891
YDR231C,YOR120W,0,-4.5738387,0.05978260934352875,0.07699999958276749,0.12110000103712082
YBR066C,YML033W,0,-4.5742545,0.0597362294793129,0.07699999958276749,0.12120000272989273
YDL088C,YML097C,0,-4.5746245,0.059689924120903015,0.07699999958276749,0.12129999697208405
YPL283C,YMR045C,0,-4.574795,0.059643685817718506,0.07699999958276749,0.12139999866485596
YHR034C,YPL276W,0,-4.575424,0.059597522020339966,0.07699999958276749,0.12150000035762787
YGR248W,YGR122W,0,-4.5760145,0.0595514290034771,0.07699999958276749,0.12160000205039978
YNL038W,YDR228C,0,-4.576156,0.0595054104924202,0.07699999958276749,0.1216999962925911
YOR048C,YPR189W,0,-4.5761814,0.05945945903658867,0.07699999958276749,0.121799997985363
YHR065C,YMR051C,0,-4.5765815,0.05941358208656311,0.07699999958276749,0.12189999967813492
YBL046W,YBR130C,0,-4.576702,0.059367772191762924,0.07699999958276749,0.12200000137090683
YOR319W,YLR455W,0,-4.577171,0.05932203307747841,0.07699999958276749,0.12210000306367874
YLR397C,YNL227C,0,-4.577296,0.059276364743709564,0.07699999958276749,0.12219999730587006
YIL062C,YJR017C,0,-4.577309,0.05923077091574669,0.07699999958276749,0.12229999899864197
YOR250C,YJL018W,0,-4.5773215,0.05918524041771889,0.07699999958276749,0.12240000069141388
YMR012W,YJL143W,0,-4.577337,0.059139784425497055,0.07699999958276749,0.12250000238418579
YOR147W,YPR168W,0,-4.577776,0.059094399213790894,0.07699999958276749,0.1225999966263771
YDR224C,YLR354C,0,-4.578104,0.059049081057310104,0.07699999958276749,0.12269999831914902
YDL088C,YLL043W,0,-4.578424,0.05900382995605469,0.07699999958276749,0.12280000001192093
YNL221C,YCL031C,0,-4.5785923,0.05895865336060524,0.07699999958276749,0.12290000170469284
YDL013W,YPR161C,0,-4.578642,0.058913543820381165,0.07699999958276749,0.12300000339746475
YKL117W,YCL062W,0,-4.57926,0.05886850133538246,0.07699999958276749,0.12309999763965607
YLR369W,YCL032W,0,-4.5793686,0.05882352963089943,0.07699999958276749,0.12319999933242798
YGL061C,YPR068C,0,-4.5795665,0.05877862498164177,0.07699999958276749,0.12330000102519989
YML077W,YLL002W,0,-4.5800376,0.05873379111289978,0.07699999958276749,0.1234000027179718
YPR051W,YPL157W,0,-4.580134,0.05868902429938316,0.07699999958276749,0.12349999696016312
YLR242C,YDR303C,0,-4.580208,0.05864432454109192,0.07699999958276749,0.12359999865293503
YLR418C,YKR048C,0,-4.5802107,0.058599695563316345,0.07699999958276749,0.12370000034570694
YBR215W,YBL100W-B,0,-4.580353,0.058555133640766144,0.07699999958276749,0.12380000203847885
YLR423C,YGR253C,0,-4.580658,0.058510638773441315,0.07699999958276749,0.12389999628067017
YPR051W,YAL001C,0,-4.5808263,0.05846621096134186,0.07699999958276749,0.12399999797344208
YGR278W,YNR052C,0,-4.581577,0.05842185020446777,0.07699999958276749,0.12409999966621399
YDR276C,YGR008C,1,-4.5816293,0.05913570895791054,0.07800000160932541,0.12409999966621399
YDR265W,YGR006W,0,-4.5825295,0.059090908616781235,0.07800000160932541,0.1242000013589859
YBL099W,YNL055C,1,-4.582691,0.059803180396556854,0.07900000363588333,0.1242000013589859
YPR083W,YDR088C,0,-4.582698,0.05975794419646263,0.07900000363588333,0.12430000305175781
YPL078C,YGR008C,1,-4.582798,0.060468632727861404,0.07999999821186066,0.12430000305175781
YBR272C,YCR067C,0,-4.5828724,0.06042296066880226,0.07999999821186066,0.12439999729394913
YDL216C,YDR389W,0,-4.5832396,0.06037735939025879,0.07999999821186066,0.12449999898672104
YOR335C,YCR077C,0,-4.5832872,0.06033182516694069,0.07999999821186066,0.12460000067949295
YNL030W,YFR033C,0,-4.5835385,0.06028636172413826,0.07999999821186066,0.12470000237226486
YBR245C,YDR429C,0,-4.5836115,0.0602409653365612,0.07999999821186066,0.12479999661445618
YMR042W,YER172C,0,-4.5838833,0.06019563600420952,0.07999999821186066,0.12489999830722809
YML120C,YMR140W,0,-4.584467,0.060150377452373505,0.07999999821186066,0.125
YJL094C,YHR050W,1,-4.584719,0.060856498777866364,0.08100000023841858,0.125
YPL117C,YDR060W,0,-4.584801,0.06081081181764603,0.08100000023841858,0.1251000016927719
YHR107C,YOR112W,0,-4.584856,0.06076519191265106,0.08100000023841858,0.12520000338554382
YAL001C,YNR064C,0,-4.585394,0.06071963906288147,0.08100000023841858,0.12530000507831573
YIL084C,YOR140W,0,-4.5856695,0.06067415699362755,0.08100000023841858,0.12540000677108765
YKR055W,YNL229C,0,-4.5861006,0.060628741979599,0.08100000023841858,0.12549999356269836
YLL013C,YJR120W,0,-4.5870523,0.06058339402079582,0.08100000023841858,0.12559999525547028
YJL166W,YCL075W,0,-4.5870934,0.060538116842508316,0.08100000023841858,0.1256999969482422
YLR431C,YKL059C,0,-4.587452,0.06049290671944618,0.08100000023841858,0.1257999986410141
YFL041W,YDR456W,1,-4.587879,0.061194028705358505,0.0820000022649765,0.1257999986410141
YNL169C,YKL119C,0,-4.5884438,0.061148397624492645,0.0820000022649765,0.125900000333786
YFR046C,YDL019C,0,-4.5888476,0.06110282987356186,0.0820000022649765,0.12600000202655792
YDL165W,YER051W,0,-4.589654,0.061057332903146744,0.0820000022649765,0.12610000371932983
YGL209W,YAR009C,0,-4.589844,0.061011902987957,0.0820000022649765,0.12620000541210175
YGR085C,YDR346C,0,-4.5911446,0.06096654385328293,0.0820000022649765,0.12630000710487366
YMR168C,YOR109W,0,-4.591195,0.06092124804854393,0.0820000022649765,0.12639999389648438
YOR085W,YPR113W,0,-4.591365,0.060876019299030304,0.0820000022649765,0.1264999955892563
YGR206W,YNL079C,0,-4.591667,0.06083086133003235,0.0820000022649765,0.1265999972820282
YLL050C,YGR183C,0,-4.5919843,0.06078576669096947,0.0820000022649765,0.1266999989748001
YGL004C,YNL229C,0,-4.5920296,0.06074073910713196,0.0820000022649765,0.12680000066757202
YBR272C,YOR338W,0,-4.592391,0.06069578230381012,0.0820000022649765,0.12690000236034393
YLR220W,YDR420W,0,-4.59262,0.060650888830423355,0.0820000022649765,0.12700000405311584
YKL190W,YHR026W,0,-4.5927024,0.06060606241226196,0.0820000022649765,0.12710000574588776
YLR100W,YPR198W,0,-4.592861,0.060561299324035645,0.0820000022649765,0.12720000743865967
YDR096W,YJR044C,0,-4.5933313,0.060516607016325,0.0820000022649765,0.12729999423027039
YFL041W,YBR024W,1,-4.5934615,0.06120944023132324,0.08299999684095383,0.12729999423027039
YEL015W,YPL244C,0,-4.5936856,0.061164334416389465,0.08299999684095383,0.1273999959230423
YHR039C-A,YCR102C,0,-4.5938663,0.06111929193139076,0.08299999684095383,0.1274999976158142
YGL201C,YDR260C,0,-4.594034,0.06107432022690773,0.08299999684095383,0.12759999930858612
YMR080C,YER149C,0,-4.5940967,0.06102941185235977,0.08299999684095383,0.12770000100135803
YIL112W,YNR064C,0,-4.594097,0.060984570533037186,0.08299999684095383,0.12780000269412994
YNL201C,YJL127C,0,-4.5941877,0.06093979626893997,0.08299999684095383,0.12790000438690186
YDR447C,YFL002W-A,0,-4.594866,0.06089508533477783,0.08299999684095383,0.12800000607967377
YGR113W,YER005W,0,-4.595395,0.060850441455841064,0.08299999684095383,0.12809999287128448
YNL161W,YKL108W,0,-4.595764,0.06080586090683937,0.08299999684095383,0.1281999945640564
YOL027C,YKR052C,1,-4.595849,0.0614934116601944,0.08399999886751175,0.1281999945640564
YDR040C,YNL291C,1,-4.5961905,0.06217995658516884,0.08500000089406967,0.1281999945640564
YMR125W,YDR457W,0,-4.596213,0.062134504318237305,0.08500000089406967,0.1282999962568283
YNL159C,YAR009C,0,-4.5964127,0.062089115381240845,0.08500000089406967,0.12839999794960022
YDL175C,YDR206W,0,-4.5967546,0.062043797224760056,0.08500000089406967,0.12849999964237213
YDR228C,YPR173C,0,-4.596971,0.06199854239821434,0.08500000089406967,0.12860000133514404
YPR179C,YJR049C,0,-4.5969877,0.061953354626894,0.08500000089406967,0.12870000302791595
YPR046W,YDR495C,0,-4.5971146,0.06190823018550873,0.08500000089406967,0.12880000472068787
YMR161W,YGR147C,0,-4.5975785,0.06186317279934883,0.08500000089406967,0.12890000641345978
YNL291C,YIL023C,1,-4.5976686,0.06254545599222183,0.0860000029206276,0.12890000641345978
YDR494W,YPL085W,0,-4.597782,0.0625,0.0860000029206276,0.1289999932050705
YER116C,YGL098W,0,-4.59824,0.06245461106300354,0.0860000029206276,0.1290999948978424
YPL050C,YBL100W-A,0,-4.5984087,0.06240928918123245,0.0860000029206276,0.12919999659061432
YPL228W,YIL076W,0,-4.598818,0.06236403062939644,0.0860000029206276,0.12929999828338623
YFL024C,YPL232W,0,-4.599011,0.0623188391327858,0.0860000029206276,0.12939999997615814
YFR033C,YDR088C,0,-4.5996466,0.06227371469140053,0.0860000029206276,0.12950000166893005
YKR083C,YDR227W,0,-4.6000724,0.06222865357995033,0.0860000029206276,0.12960000336170197
YLR068W,YDL043C,0,-4.60056,0.06218365952372551,0.0860000029206276,0.12970000505447388
YJR076C,YDR296W,0,-4.6007504,0.06213872879743576,0.0860000029206276,0.1298000067472458
YBR207W,YGR257C,1,-4.6010184,0.06281588226556778,0.08699999749660492,0.1298000067472458
YDR175C,YML055W,0,-4.601139,0.06277056038379669,0.08699999749660492,0.1298999935388565
YOR034C,YMR212C,0,-4.601178,0.06272530555725098,0.08699999749660492,0.12999999523162842
YNL039W,YOR025W,0,-4.6017213,0.06268011778593063,0.08699999749660492,0.13009999692440033
YDR359C,YBL100W-A,0,-4.601817,0.06263498961925507,0.08699999749660492,0.13019999861717224
YNL039W,YDL216C,0,-4.601864,0.06258992850780487,0.08699999749660492,0.13030000030994415
YKR048C,YBL017C,0,-4.6024923,0.06254493445158005,0.08699999749660492,0.13040000200271606
YDL106C,YLR025W,0,-4.6031556,0.0625,0.08699999749660492,0.13050000369548798
YCL052C,YKL108W,0,-4.6032495,0.062455132603645325,0.08699999749660492,0.1306000053882599
YBL014C,YDR131C,0,-4.6033654,0.06241032853722572,0.08699999749660492,0.1307000070810318
YIL004C,YLR051C,0,-4.6033673,0.062365591526031494,0.08699999749660492,0.13079999387264252
YGR135W,YDL217C,0,-4.6037936,0.06232091784477234,0.08699999749660492,0.13089999556541443
YLR310C,YPR082C,0,-4.603956,0.06227630749344826,0.08699999749660492,0.13099999725818634
YMR161W,YER116C,0,-4.6039605,0.06223176047205925,0.08699999749660492,0.13109999895095825
YKL135C,YBR126C,0,-4.6045675,0.062187276780605316,0.08699999749660492,0.13120000064373016
YPR193C,YBL005W-A,0,-4.604715,0.062142856419086456,0.08699999749660492,0.13130000233650208
YKL129C,YJL141C,0,-4.6050615,0.06209849938750267,0.08699999749660492,0.131400004029274
YDR450W,YDR398W,0,-4.605377,0.06205420941114426,0.08699999749660492,0.1315000057220459
YLR222C,YOR359W,0,-4.605419,0.06200997903943062,0.08699999749660492,0.1316000074148178
YNR033W,YHR158C,0,-4.605589,0.061965811997652054,0.08699999749660492,0.13169999420642853
YPL045W,YER138C,0,-4.605883,0.06192170828580856,0.08699999749660492,0.13179999589920044
YIL009C-A,YLR337W,0,-4.6060934,0.061877667903900146,0.08699999749660492,0.13189999759197235
YPR023C,YOR231W,0,-4.6062365,0.061833687126636505,0.08699999749660492,0.13199999928474426
YGL013C,YOR008C,0,-4.606485,0.061789773404598236,0.08699999749660492,0.13210000097751617
YNR027W,YIL061C,0,-4.606657,0.06174591928720474,0.08699999749660492,0.13220000267028809
YGR037C,YOR008C-A,0,-4.6067314,0.06170212849974632,0.08699999749660492,0.13230000436306
YJR121W,YDR322C-A,1,-4.6068325,0.062367115169763565,0.08799999952316284,0.13230000436306
YPL152W,YIL017C,0,-4.607212,0.0623229444026947,0.08799999952316284,0.1324000060558319
YOR171C,YGR147C,0,-4.6077237,0.06227884069085121,0.08799999952316284,0.13249999284744263
YNL021W,YHR012W,0,-4.6081285,0.062234796583652496,0.08799999952316284,0.13259999454021454
YLL035W,YPL244C,0,-4.6081743,0.062190812081098557,0.08799999952316284,0.13269999623298645
YBL056W,YML029W,0,-4.6081862,0.06214689090847969,0.08799999952316284,0.13279999792575836
YMR048W,YMR134W,0,-4.6084414,0.0621030330657959,0.08799999952316284,0.13289999961853027
YGR252W,YOL012C,0,-4.6086326,0.06205923855304718,0.08799999952316284,0.13300000131130219
YPR067W,YNL055C,1,-4.608768,0.06272022426128387,0.08900000154972076,0.13300000131130219
YMR150C,YKL079W,0,-4.609273,0.06267605721950531,0.08900000154972076,0.1331000030040741
YAR044W,YOR129C,0,-4.609358,0.06263194978237152,0.08900000154972076,0.133200004696846
YDL165W,YBL005W,0,-4.6095033,0.06258790194988251,0.08900000154972076,0.13330000638961792
YKL062W,YHR086W,0,-4.6096563,0.06254392117261887,0.08900000154972076,0.13339999318122864
YCR020C-A,YDR268W,0,-4.6101217,0.0625,0.08900000154972076,0.13349999487400055
YGR200C,YOR119C,0,-4.6106358,0.06245614215731621,0.08900000154972076,0.13359999656677246
YML094W,YLR384C,0,-4.6116333,0.06241234391927719,0.08900000154972076,0.13369999825954437
YNR035C,YIL147C,0,-4.612006,0.06236860528588295,0.08900000154972076,0.13379999995231628
YKL093W,YMR030W,0,-4.6121516,0.06232492998242378,0.08900000154972076,0.1339000016450882
YKL005C,YJR027W,0,-4.612237,0.06228131428360939,0.08900000154972076,0.1340000033378601
YDL216C,YMR051C,0,-4.6122665,0.06223776191473007,0.08900000154972076,0.13410000503063202
YDR499W,YBR279W,0,-4.612405,0.06219426915049553,0.08900000154972076,0.13420000672340393
YGL115W,YOR087W,0,-4.6125727,0.06215083971619606,0.08900000154972076,0.13429999351501465
YMR004W,YKL126W,0,-4.612606,0.06210746616125107,0.08900000154972076,0.13439999520778656
YGR118W,YIL017W,0,-4.6130424,0.06206415593624115,0.08900000154972076,0.13449999690055847
YEL069C,YAL010C,0,-4.6132154,0.06202090531587601,0.08900000154972076,0.13459999859333038
YKR087C,YEL020W-A,0,-4.6133404,0.06197771430015564,0.08900000154972076,0.1347000002861023
YOR011W,YML033W,0,-4.613628,0.061934586614370346,0.08900000154972076,0.1348000019788742
YOL027C,YDR322C-A,1,-4.6138186,0.06258692592382431,0.09000000357627869,0.1348000019788742
YGL254W,YOR334W,1,-4.614386,0.06323835998773575,0.09099999815225601,0.1348000019788742
YGR113W,YFL005W,0,-4.6151896,0.06319444626569748,0.09099999815225601,0.13490000367164612
YCR094W,YHR004C,0,-4.61551,0.06315059214830399,0.09099999815225601,0.13500000536441803
YJL209W,YNR026C,0,-4.6156406,0.06310679763555527,0.09099999815225601,0.13510000705718994
YFR008W,YBR117C,0,-4.6156435,0.06306306272745132,0.09099999815225601,0.13519999384880066
YKL122C,YDL112W,0,-4.615955,0.06301938742399216,0.09099999815225601,0.13529999554157257
YHR023W,YBL103C,0,-4.6164694,0.06297577917575836,0.09099999815225601,0.13539999723434448
YPR185W,YDR231C,0,-4.6165524,0.06293223053216934,0.09099999815225601,0.1354999989271164
YJL100W,YHL020C,0,-4.616834,0.0628887340426445,0.09099999815225601,0.1356000006198883
YPL002C,YMR067C,0,-4.6169357,0.06284530460834503,0.09099999815225601,0.13570000231266022
YOR058C,YGR119C,0,-4.6170926,0.06280193477869034,0.09099999815225601,0.13580000400543213
YFL011W-A,YGR212W,0,-4.6181555,0.06275861710309982,0.09099999815225601,0.13590000569820404
YNL007C,YKL126W,0,-4.618231,0.06271536648273468,0.09099999815225601,0.13600000739097595
YMR216C,YGR013W,0,-4.6183147,0.06267217546701431,0.09099999815225601,0.13609999418258667
YGL136C,YDL190C,0,-4.6192994,0.06262904405593872,0.09099999815225601,0.13619999587535858
YIL014W,YCR028C-A,0,-4.620045,0.0625859722495079,0.09099999815225601,0.1362999975681305
YER088C,YIL029C,0,-4.6201153,0.06254295259714127,0.09099999815225601,0.1363999992609024
YIR006C,YPR042C,0,-4.620822,0.0625,0.09099999815225601,0.13650000095367432
YDL035C,YPL125W,0,-4.6211915,0.06245710328221321,0.09099999815225601,0.13660000264644623
YMR220W,YKL018W,0,-4.621348,0.0624142661690712,0.09099999815225601,0.13670000433921814
YDR270W,YOR316C,1,-4.6215897,0.06305688619613647,0.09200000017881393,0.13670000433921814
YNL279W,YDR079C-A,0,-4.6217613,0.06301369518041611,0.09200000017881393,0.13680000603199005
YJL076W,YGL039W,0,-4.621829,0.06297057121992111,0.09200000017881393,0.13689999282360077
YOL063C,YBR233W-A,0,-4.622008,0.0629274994134903,0.09200000017881393,0.13699999451637268
YJL014W,YLR369W,0,-4.6224613,0.06288448721170425,0.09200000017881393,0.1370999962091446
YMR167W,YIL095W,0,-4.6227365,0.06284152716398239,0.09200000017881393,0.1371999979019165
YML127W,YPL214C,0,-4.6227736,0.0627986341714859,0.09200000017881393,0.13729999959468842
YLR391W,YDR480W,0,-4.622786,0.06275580078363419,0.09200000017881393,0.13740000128746033
YPL204W,YCR081W,0,-4.6227922,0.06271301954984665,0.09200000017881393,0.13750000298023224
YJR077C,YHR050W,1,-4.623382,0.06335149705410004,0.09300000220537186,0.13750000298023224
YDR301W,YIL105C,0,-4.6234093,0.06330837309360504,0.09300000220537186,0.13760000467300415
YLR215C,YNR032C-A,0,-4.6234493,0.06326530873775482,0.09300000220537186,0.13770000636577606
YMR080C,YML127W,0,-4.62389,0.06322229653596878,0.09300000220537186,0.13779999315738678
YOL077W-A,YGR008C,1,-4.6239204,0.06385869532823563,0.09399999678134918,0.13779999315738678
YOR171C,YJL063C,0,-4.623942,0.06381534039974213,0.09399999678134918,0.1378999948501587
YEL019C,YJL156C,0,-4.624028,0.063772052526474,0.09399999678134918,0.1379999965429306
YPL190C,YNL257C,0,-4.6245937,0.06372881680727005,0.09399999678134918,0.13809999823570251
YLR319C,YER129W,0,-4.625325,0.06368563324213028,0.09399999678134918,0.13819999992847443
YLR022C,YPR133C,0,-4.625456,0.06364251673221588,0.09399999678134918,0.13830000162124634
YBR039W,YOL027C,1,-4.625476,0.06427604705095291,0.0949999988079071,0.13830000162124634
YMR004W,YBR080C,0,-4.6254926,0.06423258781433105,0.0949999988079071,0.13840000331401825
YAL021C,YDL225W,0,-4.6256747,0.06418918818235397,0.0949999988079071,0.13850000500679016
YGR261C,YOR112W,0,-4.625745,0.06414584815502167,0.0949999988079071,0.13860000669956207
YKL152C,YML115C,0,-4.6261916,0.06410256773233414,0.0949999988079071,0.1386999934911728
YJR052W,YKL088W,0,-4.6264744,0.06405933946371078,0.0949999988079071,0.1387999951839447
YFR009W,YGR162W,0,-4.626485,0.06401617079973221,0.0949999988079071,0.1388999968767166
YOR322C,YML049C,0,-4.626933,0.06397306174039841,0.0949999988079071,0.13899999856948853
YLR181C,YJL114W,0,-4.6273074,0.06393001228570938,0.0949999988079071,0.13910000026226044
YDR303C,YIL082W-A,0,-4.627311,0.06388702243566513,0.0949999988079071,0.13920000195503235
YBR004C,YDL109C,0,-4.627315,0.06384408473968506,0.0949999988079071,0.13930000364780426
YAL047C,YLR010C,0,-4.6274605,0.06380120664834976,0.0949999988079071,0.13940000534057617
YKR083C,YNL169C,0,-4.6275,0.06375838816165924,0.0949999988079071,0.13950000703334808
YJR013W,YNL131W,0,-4.627503,0.0637156292796135,0.0949999988079071,0.1395999938249588
YPL002C,YIL056W,0,-4.6275496,0.06367292255163193,0.0949999988079071,0.1396999955177307
YJL099W,YNR047W,0,-4.627792,0.06363027542829514,0.0949999988079071,0.13979999721050262
YPL157W,YOR359W,0,-4.6282673,0.06358768045902252,0.0949999988079071,0.13989999890327454
YGR003W,YBR107C,0,-4.6288214,0.06354515254497528,0.0949999988079071,0.14000000059604645
YDR288W,YDR198C,0,-4.6288986,0.06350267678499222,0.0949999988079071,0.14010000228881836
YKR087C,YAL047C,0,-4.629004,0.06346025317907333,0.0949999988079071,0.14020000398159027
YOL077W-A,YOR381W,1,-4.6290116,0.0640854462981224,0.09600000083446503,0.14020000398159027
YLR423C,YKL119C,0,-4.6290436,0.06404269486665726,0.09600000083446503,0.14030000567436218
YPR052C,YNL032W,0,-4.629549,0.06400000303983688,0.09600000083446503,0.1404000073671341
YDL028C,YCL004W,0,-4.6295567,0.06395736336708069,0.09600000083446503,0.1404999941587448
YCL024W,YBL046W,0,-4.629727,0.06391478329896927,0.09600000083446503,0.14059999585151672
YOR037W,YFR004W,0,-4.6301823,0.06387225538492203,0.09600000083446503,0.14069999754428864
YML103C,YBL052C,0,-4.6302114,0.06382978707551956,0.09600000083446503,0.14079999923706055
YDR435C,YDL077C,0,-4.6305256,0.06378737837076187,0.09600000083446503,0.14090000092983246
YNR032C-A,YKL122C,0,-4.630725,0.06374502182006836,0.09600000083446503,0.14100000262260437
YGL190C,YLR466W,0,-4.6312733,0.06370271742343903,0.09600000083446503,0.14110000431537628
YDL085W,YKL088W,0,-4.632245,0.06366048008203506,0.09600000083446503,0.1412000060081482
YEL019C,YHR070W,0,-4.632453,0.06361828744411469,0.09600000083446503,0.1412999927997589
YNR007C,YGL192W,0,-4.6326895,0.06357616186141968,0.09600000083446503,0.14139999449253082
YDR188W,YFL022C,0,-4.632961,0.06353408098220825,0.09600000083446503,0.14149999618530273
YML103C,YIL021W,0,-4.633034,0.0634920671582222,0.09600000083446503,0.14159999787807465
YLR229C,YJR010C-A,0,-4.6331215,0.06345009803771973,0.09600000083446503,0.14169999957084656
YHR116W,YKR083C,0,-4.6338453,0.06340818852186203,0.09600000083446503,0.14180000126361847
YNL021W,YPL050C,0,-4.633872,0.06336633861064911,0.09600000083446503,0.14190000295639038
YGR261C,YDR115W,0,-4.634218,0.06332454085350037,0.09600000083446503,0.1420000046491623
YLR228C,YCL075W,0,-4.634572,0.0632827952504158,0.09600000083446503,0.1421000063419342
YLR391W,YDR427W,0,-4.634859,0.06324110925197601,0.09600000083446503,0.14219999313354492
YER045C,YOR088W,0,-4.635096,0.0631994754076004,0.09600000083446503,0.14229999482631683
YNR038W,YER165W,0,-4.635306,0.06315789371728897,0.09600000083446503,0.14239999651908875
YIL124W,YIL004C,0,-4.6353188,0.06311637163162231,0.09600000083446503,0.14249999821186066
YKL045W,YFL049W,0,-4.6354065,0.06307490170001984,0.09600000083446503,0.14259999990463257
YPL115C,YJL085W,0,-4.6354733,0.06303348392248154,0.09600000083446503,0.14270000159740448
YNL188W,YDR427W,0,-4.635989,0.06299212574958801,0.09600000083446503,0.1428000032901764
YDR083W,YLR316C,0,-4.636419,0.06295081973075867,0.09600000083446503,0.1429000049829483
YOR048C,YLR145W,0,-4.6365542,0.0629095658659935,0.09600000083446503,0.14300000667572021
YDL164C,YLR208W,0,-4.6366024,0.06286837160587311,0.09600000083446503,0.14309999346733093
YOR136W,YMR267W,0,-4.6372185,0.0628272220492363,0.09600000083446503,0.14319999516010284
YML095C,YOR069W,0,-4.6372395,0.06278613209724426,0.09600000083446503,0.14329999685287476
YER044C,YOR103C,0,-4.6373086,0.062745101749897,0.09600000083446503,0.14339999854564667
YGL025C,YML025C,0,-4.637397,0.06270411610603333,0.09600000083446503,0.14350000023841858
YIR002C,YNR023W,0,-4.6375966,0.06266318261623383,0.09600000083446503,0.1436000019311905
YPL145C,YGR078C,0,-4.637616,0.0626223087310791,0.09600000083446503,0.1437000036239624
YHR026W,YKL088W,0,-4.6377177,0.06258148699998856,0.09600000083446503,0.14380000531673431
YNL048W,YER117W,0,-4.6379833,0.06254071742296219,0.09600000083446503,0.14390000700950623
YOL078W,YCL019W,0,-4.63822,0.0625,0.09600000083446503,0.14399999380111694
YML086C,YPR133C,0,-4.6382923,0.06245933473110199,0.09600000083446503,0.14409999549388885
YDR400W,YMR087W,0,-4.6383367,0.062418725341558456,0.09600000083446503,0.14419999718666077
YBL079W,YBL105C,0,-4.638389,0.0623781681060791,0.09600000083446503,0.14429999887943268
YPR034W,YHR061C,0,-4.6391616,0.062337663024663925,0.09600000083446503,0.1444000005722046
YNL218W,YLR067C,0,-4.639287,0.06229721009731293,0.09600000083446503,0.1445000022649765
YKL032C,YLR337C,0,-4.639289,0.06225680932402611,0.09600000083446503,0.1446000039577484
YNL231C,YLL003W,0,-4.6394186,0.06221646070480347,0.09600000083446503,0.14470000565052032
YLL036C,YCR027C,0,-4.6400995,0.062176164239645004,0.09600000083446503,0.14480000734329224
YPR188C,YDR088C,0,-4.640236,0.06213592365384102,0.09600000083446503,0.14489999413490295
YDL105W,YML131W,0,-4.640335,0.06209573149681091,0.09600000083446503,0.14499999582767487
YIL150C,YCR055C,0,-4.640414,0.062055591493844986,0.09600000083446503,0.14509999752044678
YOR372C,YHR031C,0,-4.640553,0.06201550364494324,0.09600000083446503,0.1451999992132187
YGL226C-A,YKR059W,0,-4.640616,0.06197546795010567,0.09600000083446503,0.1453000009059906
YBL040C,YIL084C,0,-4.6406527,0.061935484409332275,0.09600000083446503,0.1454000025987625
YNL071W,YLL003W,0,-4.640842,0.06189555302262306,0.09600000083446503,0.14550000429153442
YPR082C,YAR010C,0,-4.640999,0.06185567006468773,0.09600000083446503,0.14560000598430634
YDR407C,YHR214C-B,0,-4.6410117,0.061815839260816574,0.09600000083446503,0.14569999277591705
YMR139W,YPR140W,0,-4.6414824,0.0617760606110096,0.09600000083446503,0.14579999446868896
YER183C,YGL035C,0,-4.6420717,0.0617363341152668,0.09600000083446503,0.14589999616146088
YOR035C,YCR102C,0,-4.642288,0.06169665977358818,0.09600000083446503,0.1459999978542328
YER094C,YLR107W,0,-4.643107,0.06165703386068344,0.09600000083446503,0.1460999995470047
YNR033W,YCL062W,0,-4.643924,0.06161746010184288,0.09600000083446503,0.1462000012397766
YOR147W,YDR167W,0,-4.644097,0.0615779347717762,0.09600000083446503,0.14630000293254852
YJL061W,YBR080C,0,-4.645042,0.0615384615957737,0.09600000083446503,0.14640000462532043
YMR004W,YBR012W-A,0,-4.645345,0.06149904057383537,0.09600000083446503,0.14650000631809235
YKL057C,YKL028W,0,-4.645377,0.06145966798067093,0.09600000083446503,0.14659999310970306
YBL019W,YKL213C,0,-4.645548,0.061420343816280365,0.09600000083446503,0.14669999480247498
YOL090W,YDR013W,0,-4.645725,0.06138107553124428,0.09600000083446503,0.1467999964952469
YGL223C,YAL047C,0,-4.6458244,0.06134185194969177,0.09600000083446503,0.1468999981880188
YBR173C,YJL139C,0,-4.64589,0.061302680522203445,0.09600000083446503,0.1469999998807907
YGL043W,YNL282W,0,-4.646194,0.0612635612487793,0.09600000083446503,0.14710000157356262
YDR170C,YAR044W,0,-4.6469755,0.06122449040412903,0.09600000083446503,0.14720000326633453
YDR276C,YGL167C,1,-4.6470537,0.06182281672954559,0.09700000286102295,0.14720000326633453
YJL014W,YHR205W,0,-4.647097,0.06178344041109085,0.09700000286102295,0.14730000495910645
YIL149C,YGR054W,0,-4.6472273,0.06174411252140999,0.09700000286102295,0.14740000665187836
YLR039C,YPR189W,0,-4.6473837,0.061704833060503006,0.09700000286102295,0.14749999344348907
YGL201C,YNR023W,0,-4.647497,0.0616656057536602,0.09700000286102295,0.147599995136261
YKL020C,YCR102C,0,-4.6475058,0.06162643060088158,0.09700000286102295,0.1476999968290329
YPL202C,YNR023W,0,-4.647545,0.06158730015158653,0.09700000286102295,0.1477999985218048
YLR340W,YMR203W,0,-4.6476946,0.06154822185635567,0.09700000286102295,0.14790000021457672
YBR234C,YKL190W,0,-4.6479,0.06150919571518898,0.09700000286102295,0.14800000190734863
YOR231W,YDR330W,0,-4.6481295,0.061470214277505875,0.09700000286102295,0.14810000360012054
YDR202C,YIL138C,0,-4.6484585,0.06143128499388695,0.09700000286102295,0.14820000529289246
YBR106W,YBR037C,1,-4.648529,0.062025316059589386,0.09799999743700027,0.14820000529289246
YDR435C,YER012W,0,-4.648534,0.061986085027456284,0.09799999743700027,0.14830000698566437
YCR033W,YBL034C,0,-4.648713,0.06194690242409706,0.09799999743700027,0.14839999377727509
YGL111W,YLR147C,0,-4.648904,0.06190776824951172,0.09799999743700027,0.148499995470047
YPL275W,YML094W,0,-4.64904,0.061868686228990555,0.09799999743700027,0.1485999971628189
YPL037C,YDR172W,0,-4.6491117,0.06182965263724327,0.09799999743700027,0.14869999885559082
YBR233W-A,YDL247W,0,-4.6499114,0.06179066747426987,0.09799999743700027,0.14880000054836273
YGR172C,YIL082W-A,0,-4.6499853,0.06175173446536064,0.09799999743700027,0.14890000224113464
YFR002W,YOR305W,0,-4.65013,0.061712846159935,0.09799999743700027,0.14900000393390656
YIL131C,YBL008W,0,-4.6502237,0.06167401000857353,0.09799999743700027,0.14910000562667847
YGR244C,YGR141W,0,-4.6503916,0.06163521856069565,0.09799999743700027,0.14920000731945038
YER027C,YOR347C,0,-4.650466,0.06159647926688194,0.09799999743700027,0.1492999941110611
YDR162C,YCR027C,0,-4.650652,0.06155778840184212,0.09799999743700027,0.149399995803833
YLR319C,YOR061W,0,-4.6506734,0.06151914596557617,0.09799999743700027,0.14949999749660492
YMR026C,YJL001W,0,-4.6508713,0.061480551958084106,0.09799999743700027,0.14959999918937683
YLR025W,YDR292C,0,-4.650998,0.06144200637936592,0.09799999743700027,0.14970000088214874
YNR019W,YGR197C,0,-4.6510496,0.061403509229421616,0.09799999743700027,0.14980000257492065
YIL063C,YOR008C-A,0,-4.6513977,0.06136506050825119,0.09799999743700027,0.14990000426769257
YDL245C,YOL138C,0,-4.651511,0.061326656490564346,0.09799999743700027,0.15000000596046448
YGL013C,YHR200W,0,-4.6521254,0.06128830462694168,0.09799999743700027,0.1500999927520752
YDR439W,YIL031W,0,-4.6527667,0.061250001192092896,0.09799999743700027,0.1501999944448471
YHR086W,YHR073W,0,-4.652898,0.06121174246072769,0.09799999743700027,0.15029999613761902
YFL002C,YMR045C,0,-4.6529055,0.06117353215813637,0.09799999743700027,0.15039999783039093
YMR199W,YMR210W,0,-4.65294,0.061135370284318924,0.09799999743700027,0.15049999952316284
YBL025W,YDR260C,0,-4.6534405,0.06109725683927536,0.09799999743700027,0.15060000121593475
YMR142C,YLR003C,0,-4.653674,0.061059191823005676,0.09799999743700027,0.15070000290870667
YJR141W,YOL138C,0,-4.653803,0.061021171510219574,0.09799999743700027,0.15080000460147858
YBR274W,YDR283C,0,-4.6543427,0.06098319962620735,0.09799999743700027,0.1509000062942505
YNL292W,YLR059C,0,-4.6545267,0.06094527244567871,0.09799999743700027,0.1509999930858612
YCR048W,YDR389W,0,-4.655148,0.06090739741921425,0.09799999743700027,0.15109999477863312
YDR421W,YBR272C,0,-4.655487,0.06086956337094307,0.09799999743700027,0.15119999647140503
YDR393W,YDR495C,0,-4.656021,0.06083178147673607,0.09799999743700027,0.15129999816417694
YMR006C,YLR035C-A,0,-4.6564937,0.06079404428601265,0.09799999743700027,0.15139999985694885
YMR234W,YMR236W,0,-4.6565685,0.06075635552406311,0.09799999743700027,0.15150000154972076
YLR429W,YGL126W,0,-4.6567297,0.06071871146559715,0.09799999743700027,0.15160000324249268
YML023C,YMR218C,0,-4.657032,0.060681115835905075,0.09799999743700027,0.1517000049352646
YER016W,YKL119C,0,-4.6572027,0.06064356490969658,0.09799999743700027,0.1518000066280365
YNL075W,YOR207C,0,-4.657443,0.06060606241226196,0.09799999743700027,0.15189999341964722
YGR083C,YOR310C,0,-4.6583905,0.06056860461831093,0.09799999743700027,0.15199999511241913
YJR057W,YDR545W,0,-4.658581,0.060531191527843475,0.09799999743700027,0.15209999680519104
YLR052W,YOR043W,0,-4.6588707,0.0604938268661499,0.09799999743700027,0.15219999849796295
YBR107C,YBR077C,0,-4.658965,0.06045650690793991,0.09799999743700027,0.15230000019073486
YNL062C,YJL098W,0,-4.6594443,0.0604192353785038,0.09799999743700027,0.15240000188350677
YGR284C,YGL229C,0,-4.659525,0.06038200855255127,0.09799999743700027,0.1525000035762787
YJR139C,YNL139C,0,-4.659565,0.06034482643008232,0.09799999743700027,0.1526000052690506
YNL148C,YMR210W,0,-4.6596346,0.06030769273638725,0.09799999743700027,0.1527000069618225
YDL045C,YKR048C,0,-4.659647,0.060270603746175766,0.09799999743700027,0.15279999375343323
YGR119C,YMR050C,0,-4.6601734,0.06023355945944786,0.09799999743700027,0.15289999544620514
YJR050W,YIL173W,0,-4.6608853,0.06019655987620354,0.09799999743700027,0.15299999713897705
YER114C,YKR055W,0,-4.6610627,0.06015960872173309,0.09799999743700027,0.15309999883174896
YHL027W,YOR329C,0,-4.6612134,0.06012269854545593,0.09799999743700027,0.15320000052452087
YNL188W,YHR214C-B,0,-4.661566,0.06008583679795265,0.09799999743700027,0.15330000221729279
YLR206W,YOL110W,0,-4.661709,0.06004901975393295,0.09799999743700027,0.1534000039100647
YJL094C,YIL023C,1,-4.6617575,0.0606246180832386,0.0989999994635582,0.1534000039100647
YKR099W,YLL008W,0,-4.661905,0.06058751419186592,0.0989999994635582,0.1535000056028366
YNL219C,YNL084C,0,-4.662108,0.06055045872926712,0.0989999994635582,0.15360000729560852
YLR059C,YOR305W,0,-4.6621523,0.0605134479701519,0.0989999994635582,0.15369999408721924
YER119C,YBR107C,0,-4.6623306,0.060476481914520264,0.0989999994635582,0.15379999577999115
YML080W,YPL157W,0,-4.662463,0.06043956056237221,0.0989999994635582,0.15389999747276306
YDR219C,YIL068C,0,-4.662719,0.06040268391370773,0.0989999994635582,0.15399999916553497
YDR397C,YFL002C,0,-4.662881,0.06036585196852684,0.0989999994635582,0.15410000085830688
YGR132C,YNL070W,0,-4.6633186,0.06032906845211983,0.0989999994635582,0.1542000025510788
YPL096W,YHR006W,0,-4.6641107,0.0602923259139061,0.0989999994635582,0.1543000042438507
YPL069C,YJL014W,0,-4.664248,0.06025563180446625,0.0989999994635582,0.15440000593662262
YML052W,YIL029C,0,-4.6644306,0.06021897867321968,0.0989999994635582,0.15449999272823334
YDR397C,YGL226C-A,0,-4.664458,0.060182370245456696,0.0989999994635582,0.15459999442100525
YPR103W,YGL004C,0,-4.6647387,0.06014580652117729,0.0989999994635582,0.15469999611377716
YDR040C,YGL167C,1,-4.6647387,0.060716453939676285,0.10000000149011612,0.15469999611377716
YOR110W,YML001W,0,-4.6649,0.060679610818624496,0.10000000149011612,0.15479999780654907
YGR191W,YCR037C,1,-4.6649904,0.06124924123287201,0.10100000351667404,0.15479999780654907
YMR280C,YDR288W,0,-4.665032,0.061212122440338135,0.10100000351667404,0.15489999949932098
YJL190C,YLR150W,0,-4.6651106,0.06117504462599754,0.10100000351667404,0.1550000011920929
YOR067C,YLR357W,0,-4.6651816,0.06113801524043083,0.10100000351667404,0.1551000028848648
YPL021W,YBL005W-A,0,-4.6652765,0.061101026833057404,0.10100000351667404,0.15520000457763672
YJL031C,YHR214C-B,0,-4.6657124,0.061064086854457855,0.10100000351667404,0.15530000627040863
YLR453C,YAR009C,0,-4.665781,0.06102719157934189,0.10100000351667404,0.15539999306201935
YDL099W,YOR356W,0,-4.665835,0.060990337282419205,0.10100000351667404,0.15549999475479126
YGR098C,YNL199C,0,-4.6664085,0.0609535314142704,0.10100000351667404,0.15559999644756317
YBL006C,YNL272C,0,-4.6664677,0.06091676652431488,0.10100000351667404,0.15569999814033508
YHL011C,YOL124C,0,-4.6665897,0.06088005006313324,0.10100000351667404,0.155799999833107
YPR051W,YBR055C,0,-4.6669683,0.06084337458014488,0.10100000351667404,0.1559000015258789
YLR310C,YGR122W,0,-4.667019,0.060806743800640106,0.10100000351667404,0.15600000321865082
YHR079C-A,YJR027W,0,-4.667257,0.06077015772461891,0.10100000351667404,0.15610000491142273
YMR036C,YML045W,0,-4.6673913,0.060733612626791,0.10100000351667404,0.15620000660419464
YJR093C,YLR424W,0,-4.667832,0.06069711595773697,0.10100000351667404,0.15629999339580536
YKR055W,YBR173C,0,-4.6681137,0.06066066026687622,0.10100000351667404,0.15639999508857727
YML094W,YOL006C,0,-4.66886,0.060624249279499054,0.10100000351667404,0.15649999678134918
YDL085W,YDR131C,0,-4.6688757,0.06058788299560547,0.10100000351667404,0.1565999984741211
YER142C,YGL039W,0,-4.669026,0.06055155768990517,0.10100000351667404,0.156700000166893
YJR001W,YKL200C,0,-4.6691937,0.060515277087688446,0.10100000351667404,0.15680000185966492
YMR309C,YDR235W,0,-4.669373,0.06047904118895531,0.10100000351667404,0.15690000355243683
YMR167W,YLR376C,0,-4.6698494,0.06044284999370575,0.10100000351667404,0.15700000524520874
YDR009W,YNL009W,0,-4.6699862,0.060406699776649475,0.10100000351667404,0.15710000693798065
YDL225W,YGR272C,0,-4.6700573,0.060370590537786484,0.10100000351667404,0.15719999372959137
YGR224W,YCR071C,0,-4.670273,0.06033452972769737,0.10100000351667404,0.15729999542236328
YDR411C,YFL016C,0,-4.67031,0.060298506170511246,0.10100000351667404,0.1573999971151352
YEL042W,YBR087W,0,-4.6706266,0.060262531042099,0.10100000351667404,0.1574999988079071
YLR035C,YHR214C-B,0,-4.670712,0.060226596891880035,0.10100000351667404,0.15760000050067902
YGR224W,YPL180W,0,-4.671812,0.060190703719854355,0.10100000351667404,0.15770000219345093
YLL050C,YOR157C,0,-4.6720133,0.060154855251312256,0.10100000351667404,0.15780000388622284
YLR347C,YOR085W,0,-4.6721087,0.06011904776096344,0.10100000351667404,0.15790000557899475
YAL056W,YBR129C,0,-4.672186,0.060083284974098206,0.10100000351667404,0.15800000727176666
YER148W,YPL128C,0,-4.6722946,0.060047563165426254,0.10100000351667404,0.15809999406337738
YJR121W,YKL016C,1,-4.672561,0.06060606241226196,0.10199999809265137,0.15809999406337738
YJR040W,YJR010C-A,0,-4.672619,0.06057007238268852,0.10199999809265137,0.1581999957561493
YER108C,YDR483W,0,-4.6726246,0.060534123331308365,0.10199999809265137,0.1582999974489212
YIL033C,YOR110W,0,-4.6727085,0.06049821898341179,0.10199999809265137,0.15839999914169312
YCL031C,YHR167W,0,-4.6727457,0.060462359338998795,0.10199999809265137,0.15850000083446503
YGR057C,YOR274W,0,-4.672898,0.06042654067277908,0.10199999809265137,0.15860000252723694
YGL190C,YER013W,0,-4.6738644,0.060390762984752655,0.10199999809265137,0.15870000422000885
YPL180W,YOR332W,0,-4.6739902,0.06035503000020981,0.10199999809265137,0.15880000591278076
YIL112W,YDL080C,0,-4.6747,0.060319337993860245,0.10199999809265137,0.15889999270439148
YJL014W,YBL014C,0,-4.6748033,0.060283686965703964,0.10199999809265137,0.1589999943971634
YPL200W,YJL139C,0,-4.6749897,0.060248080641031265,0.10199999809265137,0.1590999960899353
YFL025C,YPL232W,0,-4.6753073,0.06021251529455185,0.10199999809265137,0.15919999778270721
YBR245C,YDR131C,0,-4.675568,0.06017699092626572,0.10199999809265137,0.15929999947547913
YPL208W,YPR133W-A,0,-4.676469,0.060141511261463165,0.10199999809265137,0.15940000116825104
YER147C,YNL247W,0,-4.676715,0.0601060688495636,0.10199999809265137,0.15950000286102295
YMR301C,YPR037C,0,-4.6768427,0.060070671141147614,0.10199999809265137,0.15960000455379486
YLR015W,YER021W,0,-4.676889,0.06003531441092491,0.10199999809265137,0.15970000624656677
YJL031C,YLR312C-B,0,-4.676997,0.05999999865889549,0.10199999809265137,0.1597999930381775
YDL088C,YNL273W,0,-4.6772594,0.059964727610349655,0.10199999809265137,0.1598999947309494
YDR254W,YJL030W,0,-4.6775017,0.0599294938147068,0.10199999809265137,0.1599999964237213
YDR270W,YBR207W,1,-4.677804,0.06048150360584259,0.10300000011920929,0.1599999964237213
YLR418C,YOL146W,0,-4.6783123,0.060446009039878845,0.10300000011920929,0.16009999811649323
YAR014C,YDL140C,0,-4.6783924,0.06041055545210838,0.10300000011920929,0.16019999980926514
YKR076W,YNL293W,0,-4.6784143,0.0603751465678215,0.10300000011920929,0.16030000150203705
YJL019W,YAR010C,0,-4.678468,0.060339778661727905,0.10300000011920929,0.16040000319480896
YCR067C,YMR210W,0,-4.6784973,0.06030444800853729,0.10300000011920929,0.16050000488758087
YEL029C,YML062C,0,-4.678691,0.06026916205883026,0.10300000011920929,0.16060000658035278
YER183C,YOR290C,0,-4.6788855,0.06023391708731651,0.10300000011920929,0.1606999933719635
YDR412W,YMR210W,0,-4.6790533,0.06019871309399605,0.10300000011920929,0.1607999950647354
YMR208W,YOR157C,0,-4.6793966,0.060163550078868866,0.10300000011920929,0.16089999675750732
YGR132C,YPR178W,0,-4.679509,0.06012842804193497,0.10300000011920929,0.16099999845027924
YOL042W,YCR077C,0,-4.679616,0.06009335070848465,0.10300000011920929,0.16110000014305115
YNL275W,YPR133W-A,0,-4.679739,0.06005831062793732,0.10300000011920929,0.16120000183582306
YPL132W,YJL124C,0,-4.6798425,0.06002331152558327,0.10300000011920929,0.16130000352859497
YOR188W,YKL025C,0,-4.6801815,0.0599883534014225,0.10300000011920929,0.16140000522136688
YOR025W,YDR189W,0,-4.680239,0.05995343253016472,0.10300000011920929,0.1615000069141388
YJL058C,YKR053C,0,-4.680498,0.05991855636239052,0.10300000011920929,0.1615999937057495
YOL146W,YIL173W,0,-4.680705,0.0598837211728096,0.10300000011920929,0.16169999539852142
YLR033W,YLR234W,0,-4.6810284,0.05984892323613167,0.10300000011920929,0.16179999709129333
YDR011W,YLL017W,0,-4.6812105,0.05981417000293732,0.10300000011920929,0.16189999878406525
YJR001W,YPL275W,0,-4.6816983,0.05977945402264595,0.10300000011920929,0.16200000047683716
YGR091W,YHR062C,0,-4.6822433,0.05974477902054787,0.10300000011920929,0.16210000216960907
YMR167W,YOR328W,0,-4.6824026,0.059710144996643066,0.10300000011920929,0.16220000386238098
YOR326W,YDR346C,0,-4.6827116,0.05967555195093155,0.10300000011920929,0.1623000055551529
YGR172C,YJR028W,0,-4.6828127,0.059640996158123016,0.10300000011920929,0.1624000072479248
YJL204C,YJR068W,0,-4.682887,0.05960648134350777,0.10300000011920929,0.16249999403953552
YNL003C,YNR031C,0,-4.6843586,0.0595720075070858,0.10300000011920929,0.16259999573230743
YNL068C,YBR254C,0,-4.684763,0.05953757092356682,0.10300000011920929,0.16269999742507935
YPR171W,YKL020C,0,-4.684779,0.05950317904353142,0.10300000011920929,0.16279999911785126
YMR277W,YCR084C,0,-4.6848826,0.059468820691108704,0.10300000011920929,0.16290000081062317
YIL002C,YOL003C,0,-4.6852345,0.05943450704216957,0.10300000011920929,0.16300000250339508
YDL137W,YOR232W,0,-4.685302,0.05940023064613342,0.10300000011920929,0.163100004196167
YOR080W,YLL017W,0,-4.685342,0.05936599522829056,0.10300000011920929,0.1632000058889389
YDL145C,YLR291C,0,-4.6862736,0.05933179706335068,0.10300000011920929,0.16329999268054962
YJR001W,YML057W,0,-4.6863785,0.05929763987660408,0.10300000011920929,0.16339999437332153
YPR134W,YER138C,0,-4.686603,0.05926351994276047,0.10300000011920929,0.16349999606609344
YMR112C,YGL212W,0,-4.686614,0.05922944098711014,0.10300000011920929,0.16359999775886536
YNL274C,YJR027W,0,-4.686716,0.05919540300965309,0.10300000011920929,0.16369999945163727
YGR008C,YDR322C-A,1,-4.6868463,0.05973578244447708,0.10400000214576721,0.16369999945163727
YHR005C-A,YJR028W,0,-4.6868935,0.05970149114727974,0.10400000214576721,0.16380000114440918
YJL134W,YLR378C,0,-4.687024,0.05966724082827568,0.10400000214576721,0.1639000028371811
YMR298W,YOR060C,0,-4.6872954,0.059633027762174606,0.10400000214576721,0.164000004529953
YKL025C,YMR053C,0,-4.687484,0.059598855674266815,0.10400000214576721,0.16410000622272491
YKL200C,YOL109W,0,-4.687516,0.05956472083926201,0.10400000214576721,0.16419999301433563
YOL077W-A,YER053C,1,-4.68787,0.06010303273797035,0.10499999672174454,0.16419999301433563
YMR312W,YGR272C,0,-4.688119,0.06006864830851555,0.10499999672174454,0.16429999470710754
YDR138W,YBL088C,0,-4.688149,0.06003430485725403,0.10499999672174454,0.16439999639987946
YDR301W,YFL024C,0,-4.688418,0.05999999865889549,0.10499999672174454,0.16449999809265137
YLR310C,YDL134C,0,-4.6889954,0.05996573343873024,0.10499999672174454,0.16459999978542328
YDR040C,YBR295W,1,-4.6890025,0.06050228327512741,0.10599999874830246,0.16459999978542328
YDR130C,YKL126W,0,-4.689072,0.06046776846051216,0.10599999874830246,0.1647000014781952
YER107C,YJL168C,0,-4.6893353,0.060433294624090195,0.10599999874830246,0.1648000031709671
YOR039W,YHR030C,0,-4.689425,0.06039886176586151,0.10599999874830246,0.164900004863739
YLR160C,YIL009C-A,0,-4.6895046,0.06036446616053581,0.10599999874830246,0.16500000655651093
YCL055W,YIL068C,0,-4.6895504,0.0603301078081131,0.10599999874830246,0.16509999334812164
YCR028C,YPR094W,0,-4.689794,0.06029579043388367,0.10599999874830246,0.16519999504089355
YJR089W,YEL003W,0,-4.6898365,0.06026151403784752,0.10599999874830246,0.16529999673366547
YMR211W,YBR195C,0,-4.6901507,0.06022727116942406,0.10599999874830246,0.16539999842643738
YPL169C,YPR187W,0,-4.690402,0.06019307300448418,0.10599999874830246,0.1655000001192093
YNL031C,YMR039C,0,-4.6905828,0.06015891209244728,0.10599999874830246,0.1656000018119812
YDR494W,YOR106W,0,-4.6907983,0.06012478843331337,0.10599999874830246,0.1657000035047531
YDR177W,YJR141W,0,-4.691019,0.06009070202708244,0.10599999874830246,0.16580000519752502
YDR342C,YAL068C,0,-4.691022,0.0600566565990448,0.10599999874830246,0.16590000689029694
YDL200C,YJR066W,0,-4.6919146,0.06002264842391014,0.10599999874830246,0.16599999368190765
YEL053C,YDR207C,0,-4.6921105,0.059988681226968765,0.10599999874830246,0.16609999537467957
YML077W,YNL232W,0,-4.6923847,0.059954751282930374,0.10599999874830246,0.16619999706745148
YGR135W,YPL232W,0,-4.6923957,0.05992085859179497,0.10599999874830246,0.1662999987602234
YHR175W,YFL041W,1,-4.6924853,0.06045197695493698,0.10700000077486038,0.1662999987602234
YDL031W,YMR266W,0,-4.6927533,0.060417842119932175,0.10700000077486038,0.1664000004529953
YLR109W,YKL129C,0,-4.6929846,0.06038374826312065,0.10700000077486038,0.1665000021457672
YBR247C,YPR132W,0,-4.692995,0.060349687933921814,0.10700000077486038,0.16660000383853912
YEL037C,YMR016C,0,-4.6930776,0.06031567230820656,0.10700000077486038,0.16670000553131104
YPL203W,YDL118W,0,-4.6932216,0.06028169021010399,0.10700000077486038,0.16680000722408295
YOL102C,YDR381W,0,-4.693272,0.0602477490901947,0.10700000077486038,0.16689999401569366
YGR261C,YGL112C,0,-4.6936636,0.0602138452231884,0.10700000077486038,0.16699999570846558
YCL004W,YLR208W,0,-4.69382,0.06017997860908508,0.10700000077486038,0.1670999974012375
YPR055W,YGR005C,0,-4.694168,0.06014614924788475,0.10700000077486038,0.1671999990940094
YDL175C,YKL053C-A,0,-4.694353,0.0601123608648777,0.10700000077486038,0.1673000007867813
YJL013C,YDL200C,0,-4.694375,0.06007860600948334,0.10700000077486038,0.16740000247955322
YFR036W,YEL069C,0,-4.6944194,0.06004489213228226,0.10700000077486038,0.16750000417232513
YBL079W,YGL169W,0,-4.694483,0.06001121550798416,0.10700000077486038,0.16760000586509705
YOR049C,YLR301W,0,-4.6953487,0.05997757986187935,0.10700000077486038,0.16769999265670776
YDR515W,YDR145W,0,-4.6960917,0.05994397774338722,0.10700000077486038,0.16779999434947968
YGL003C,YMR076C,0,-4.696207,0.05991041287779808,0.10700000077486038,0.1678999960422516
YPL117C,YER002W,0,-4.696488,0.05987688899040222,0.10700000077486038,0.1679999977350235
YBR245C,YDR515W,0,-4.697564,0.05984339863061905,0.10700000077486038,0.1680999994277954
YOR195W,YHR111W,0,-4.697567,0.05980994924902916,0.10700000077486038,0.16820000112056732
YIL017C,YJL114W,0,-4.697739,0.059776537120342255,0.10700000077486038,0.16830000281333923
YOR109W,YPL082C,0,-4.697752,0.059743158519268036,0.10700000077486038,0.16840000450611115
YML061C,YHR119W,0,-4.6979046,0.0597098208963871,0.10700000077486038,0.16850000619888306
YOL130W,YOR381W,1,-4.6979246,0.06023424491286278,0.1080000028014183,0.16850000619888306
YHR043C,YCL075W,0,-4.6981034,0.06020066887140274,0.1080000028014183,0.16859999299049377
YMR128W,YJR043C,0,-4.698159,0.06016713008284569,0.1080000028014183,0.16869999468326569
YJR145C,YDL052C,0,-4.6983323,0.06013362854719162,0.1080000028014183,0.1687999963760376
YOL066C,YDR027C,0,-4.6986666,0.060100167989730835,0.1080000028014183,0.1688999980688095
YML098W,YDR495C,0,-4.6986723,0.060066740959882736,0.1080000028014183,0.16899999976158142
YMR199W,YMR051C,0,-4.6996975,0.06003335118293762,0.1080000028014183,0.16910000145435333
YHR118C,YIL061C,0,-4.699737,0.05999999865889549,0.1080000028014183,0.16920000314712524
YGL219C,YGL233W,0,-4.700023,0.05996668338775635,0.1080000028014183,0.16930000483989716
YDR158W,YCL003W,0,-4.7002296,0.059933409094810486,0.1080000028014183,0.16940000653266907
YOR113W,YIL112W,0,-4.700324,0.05990016460418701,0.1080000028014183,0.16949999332427979
YLR192C,YLL021W,0,-4.700486,0.05986696109175682,0.1080000028014183,0.1695999950170517
YGR177C,YMR051C,0,-4.700754,0.059833794832229614,0.1080000028014183,0.1696999967098236
YHL002W,YBR126C,0,-4.701028,0.05980066582560539,0.1080000028014183,0.16979999840259552
YML058W-A,YCR055C,0,-4.7011566,0.05976757034659386,0.1080000028014183,0.16990000009536743
YPL174C,YDL159W,0,-4.701639,0.059734512120485306,0.1080000028014183,0.17000000178813934
YNL272C,YML013W,0,-4.7018723,0.05970149114727974,0.1080000028014183,0.17010000348091125
YPR120C,YNL199C,0,-4.701949,0.05966850742697716,0.1080000028014183,0.17020000517368317
YPR141C,YPL167C,0,-4.701964,0.05963556095957756,0.1080000028014183,0.17030000686645508
YCL003W,YLR221C,0,-4.7019997,0.05960264801979065,0.1080000028014183,0.1703999936580658
YFR005C,YOR106W,0,-4.702013,0.05956977233290672,0.1080000028014183,0.1704999953508377
YCR020W-B,YMR314W,0,-4.702014,0.05953693389892578,0.1080000028014183,0.17059999704360962
YER149C,YOR272W,0,-4.7029247,0.059504132717847824,0.1080000028014183,0.17069999873638153
YBL058W,YOL072W,0,-4.703055,0.05947136506438255,0.1080000028014183,0.17080000042915344
YBR155W,YIL085C,0,-4.703073,0.05943863466382027,0.1080000028014183,0.17090000212192535
YBR231C,YPL276W,0,-4.7031183,0.059405941516160965,0.1080000028014183,0.17100000381469727
YBR245C,YBR091C,0,-4.7033997,0.05937328189611435,0.1080000028014183,0.17110000550746918
YPL270W,YJL001W,0,-4.7035027,0.05934065952897072,0.1080000028014183,0.1712000072002411
YPR065W,YML045W,0,-4.703604,0.059308070689439774,0.1080000028014183,0.1712999939918518
YGR118W,YKL018W,0,-4.703804,0.05927552282810211,0.1080000028014183,0.17139999568462372
YOR080W,YIL085C,0,-4.703955,0.05924300476908684,0.1080000028014183,0.17149999737739563
YNL325C,YPL176C,0,-4.704458,0.05921052768826485,0.1080000028014183,0.17159999907016754
YJR083C,YPR025C,0,-4.7046566,0.059178080409765244,0.1080000028014183,0.17170000076293945
YKL134C,YKR028W,0,-4.7049212,0.05914567410945892,0.1080000028014183,0.17180000245571136
YAL056W,YML131W,0,-4.705245,0.05911330133676529,0.1080000028014183,0.17190000414848328
YMR288W,YHR143W-A,0,-4.7055073,0.05908096209168434,0.1080000028014183,0.1720000058412552
YIL026C,YOR256C,0,-4.705943,0.05904866009950638,0.1080000028014183,0.1720999926328659
YOR319W,YDR131C,0,-4.7061043,0.0590163916349411,0.1080000028014183,0.17219999432563782
YOR299W,YDR131C,0,-4.706324,0.05898416042327881,0.1080000028014183,0.17229999601840973
YAR018C,YNL046W,0,-4.7067537,0.0589519664645195,0.1080000028014183,0.17239999771118164
YLR418C,YDL118W,0,-4.7070236,0.05891980230808258,0.1080000028014183,0.17249999940395355
YPL275W,YML059C,0,-4.7073803,0.058887675404548645,0.1080000028014183,0.17260000109672546
YPL195W,YFL017W-A,0,-4.707514,0.058855585753917694,0.1080000028014183,0.17270000278949738
YGR037C,YCR055C,0,-4.7075815,0.05882352963089943,0.1080000028014183,0.1728000044822693
YKL022C,YMR067C,0,-4.707802,0.05879150703549385,0.1080000028014183,0.1729000061750412
YPL228W,YIL131C,0,-4.7078023,0.05875952169299126,0.1080000028014183,0.17299999296665192
YDR437W,YPL033C,0,-4.70805,0.05872756987810135,0.1080000028014183,0.17309999465942383
YJL190C,YDR172W,0,-4.7082005,0.05869565159082413,0.1080000028014183,0.17319999635219574
YKL149C,YIL016W,0,-4.7085805,0.05866377055644989,0.1080000028014183,0.17329999804496765
YPL177C,YGL133W,0,-4.7090387,0.05863192304968834,0.1080000028014183,0.17339999973773956
YER174C,YBL018C,0,-4.7093363,0.058600109070539474,0.1080000028014183,0.17350000143051147
YBL032W,YMR266W,0,-4.709348,0.058568328619003296,0.1080000028014183,0.1736000031232834
YCR077C,YHL027W,0,-4.70936,0.0585365854203701,0.1080000028014183,0.1737000048160553
YBL105C,YNL032W,0,-4.709548,0.058504875749349594,0.1080000028014183,0.1738000065088272
YMR021C,YCR033W,0,-4.7095637,0.05847319960594177,0.1080000028014183,0.17389999330043793
YER174C,YLL017W,0,-4.7096834,0.05844155699014664,0.1080000028014183,0.17399999499320984
YDR446W,YHL012W,0,-4.7098064,0.058409951627254486,0.1080000028014183,0.17409999668598175
YDR150W,YDR527W,0,-4.709895,0.05837837979197502,0.1080000028014183,0.17419999837875366
YER108C,YCR083W,0,-4.709923,0.058346837759017944,0.1080000028014183,0.17430000007152557
YIR025W,YAR009C,0,-4.710413,0.05831533297896385,0.1080000028014183,0.17440000176429749
YOL013C,YFR052W,0,-4.7108107,0.058283865451812744,0.1080000028014183,0.1745000034570694
YFL011W-A,YDR158W,0,-4.7112193,0.058252427726984024,0.1080000028014183,0.1746000051498413
YBR274W,YGL025C,0,-4.7114115,0.05822102352976799,0.1080000028014183,0.17470000684261322
YFL041W,YGL167C,1,-4.7118616,0.058728449046611786,0.10899999737739563,0.17470000684261322
YKL002W,YDR251W,0,-4.711885,0.058696821331977844,0.10899999737739563,0.17479999363422394
YHR005C-A,YNR048W,0,-4.712517,0.05866523087024689,0.10899999737739563,0.17489999532699585
YLR163C,YGL219C,0,-4.7125854,0.058633673936128616,0.10899999737739563,0.17499999701976776
YOL090W,YMR067C,0,-4.7125964,0.05860215052962303,0.10899999737739563,0.17509999871253967
YNL221C,YBR095C,0,-4.7126555,0.05857066065073013,0.10899999737739563,0.17520000040531158
YER012W,YPR165W,0,-4.7128205,0.05853920429944992,0.10899999737739563,0.1753000020980835
YAR014C,YMR134W,0,-4.7129183,0.058507781475782394,0.10899999737739563,0.1754000037908554
YNL307C,YFL017W-A,0,-4.7129364,0.05847639590501785,0.10899999737739563,0.17550000548362732
YGR098C,YER024W,0,-4.712974,0.0584450401365757,0.10899999737739563,0.17560000717639923
YNL294C,YER151C,0,-4.713307,0.05841371789574623,0.10899999737739563,0.17569999396800995
YJR013W,YPR051W,0,-4.7133822,0.05838243290781975,0.10899999737739563,0.17579999566078186
YGL051W,YER072W,0,-4.713555,0.05835117772221565,0.10899999737739563,0.17589999735355377
YOR259C,YMR313C,0,-4.7136793,0.05831995606422424,0.10899999737739563,0.17599999904632568
YLR115W,YHR034C,0,-4.7138805,0.05828877165913582,0.10899999737739563,0.1761000007390976
YCL029C,YML064C,0,-4.713942,0.05825761705636978,0.10899999737739563,0.1762000024318695
YAL058W,YFR046C,0,-4.7140503,0.05822649598121643,0.10899999737739563,0.17630000412464142
YDR420W,YBL061C,0,-4.714167,0.058195408433675766,0.10899999737739563,0.17640000581741333
YPL195W,YMR080C,0,-4.71419,0.05816435441374779,0.10899999737739563,0.17649999260902405
YML126C,YDR306C,0,-4.7145634,0.058133333921432495,0.10899999737739563,0.17659999430179596
YPR072W,YFL008W,0,-4.7146597,0.05810234695672989,0.10899999737739563,0.17669999599456787
YER107C,YNL323W,0,-4.714769,0.05807138979434967,0.10899999737739563,0.17679999768733978
YOL006C,YJR027W,0,-4.7148643,0.058040469884872437,0.10899999737739563,0.1768999993801117
YHR005C-A,YBR153W,0,-4.714924,0.05800957977771759,0.10899999737739563,0.1770000010728836
YBL102W,YJL056C,0,-4.7150855,0.05797872319817543,0.10899999737739563,0.17710000276565552
YJL094C,YKL064W,1,-4.715087,0.05847953259944916,0.10999999940395355,0.17710000276565552
YOL027C,YPL092W,1,-4.7151423,0.058979809284210205,0.11100000143051147,0.17710000276565552
YMR119W,YLR455W,0,-4.715165,0.05894848704338074,0.11100000143051147,0.17720000445842743
YLR098C,YER005W,0,-4.7152886,0.058917198330163956,0.11100000143051147,0.17730000615119934
YLR390W-A,YBR035C,0,-4.7156277,0.05888594314455986,0.11100000143051147,0.17739999294281006
YKL079W,YML097C,0,-4.715824,0.05885471776127815,0.11100000143051147,0.17749999463558197
YMR179W,YML039W,0,-4.715973,0.05882352963089943,0.11100000143051147,0.17759999632835388
YKL074C,YOL144W,0,-4.71602,0.058792371302843094,0.11100000143051147,0.1776999980211258
YPR105C,YGL087C,0,-4.7163115,0.05876125022768974,0.11100000143051147,0.1777999997138977
YLR318W,YGL216W,0,-4.71632,0.05873015895485878,0.11100000143051147,0.17790000140666962
YLR015W,YML039W,0,-4.716542,0.0586991012096405,0.11100000143051147,0.17800000309944153
YCR038C,YCR093W,0,-4.716828,0.05866807699203491,0.11100000143051147,0.17810000479221344
YJL196C,YIL048W,0,-4.716869,0.05863708257675171,0.11100000143051147,0.17820000648498535
YBR256C,YBR253W,0,-4.7171946,0.05860612541437149,0.11100000143051147,0.17829999327659607
YFR028C,YFR005C,0,-4.7172337,0.05857519805431366,0.11100000143051147,0.17839999496936798
YGL013C,YJR066W,0,-4.717393,0.058544304221868515,0.11100000143051147,0.1784999966621399
YKL146W,YER088C,0,-4.717452,0.058513443917036057,0.11100000143051147,0.1785999983549118
YLR381W,YMR313C,0,-4.7176895,0.058482613414525986,0.11100000143051147,0.17870000004768372
YFL045C,YLR249W,0,-4.717908,0.0584518164396286,0.11100000143051147,0.17880000174045563
YDR130C,YDR122W,0,-4.718174,0.0584210529923439,0.11100000143051147,0.17890000343322754
YGR245C,YGR185C,0,-4.7183294,0.05839031934738159,0.11100000143051147,0.17900000512599945
YIL065C,YBL033C,0,-4.718476,0.058359622955322266,0.11100000143051147,0.17910000681877136
YNL314W,YGR113W,0,-4.7185326,0.05832895264029503,0.11100000143051147,0.17919999361038208
YER027C,YDL147W,0,-4.7188168,0.058298319578170776,0.11100000143051147,0.179299995303154
YOL077W-A,YDR270W,1,-4.718985,0.05879265069961548,0.1120000034570694,0.179299995303154
YPR018W,YDR292C,0,-4.719022,0.058761805295944214,0.1120000034570694,0.1793999969959259
YOL003C,YOR321W,0,-4.7191157,0.05873098969459534,0.1120000034570694,0.17949999868869781
YCL016C,YMR070W,0,-4.7194457,0.058700211346149445,0.1120000034570694,0.17960000038146973
YGL129C,YCR060W,0,-4.719544,0.05866945907473564,0.1120000034570694,0.17970000207424164
YPL112C,YMR134W,0,-4.72007,0.05863874405622482,0.1120000034570694,0.17980000376701355
YDR009W,YEL012W,0,-4.7201586,0.05860805884003639,0.1120000034570694,0.17990000545978546
YHR004C,YNL169C,0,-4.72016,0.05857740715146065,0.1120000034570694,0.18000000715255737
YDL044C,YDR065W,0,-4.7204084,0.05854678526520729,0.1120000034570694,0.1800999939441681
YPL262W,YJL063C,0,-4.720793,0.05851619690656662,0.1120000034570694,0.18019999563694
YGR231C,YKL058W,0,-4.720875,0.05848563835024834,0.1120000034570694,0.18029999732971191
YKL108W,YGL127C,0,-4.720954,0.05845511332154274,0.1120000034570694,0.18039999902248383
YLR391W,YOR171C,0,-4.7210865,0.05842462182044983,0.1120000034570694,0.18050000071525574
YKR052C,YDR322C-A,1,-4.7211056,0.05891553685069084,0.11299999803304672,0.18050000071525574
YJL025W,YPL007C,0,-4.7212567,0.05888483673334122,0.11299999803304672,0.18060000240802765
YGR278W,YDR191W,0,-4.7212777,0.05885416641831398,0.11299999803304672,0.18070000410079956
YPL176C,YMR067C,0,-4.721287,0.05882352963089943,0.11299999803304672,0.18080000579357147
YAL031C,YEL041W,0,-4.721365,0.058792922645807266,0.11299999803304672,0.1808999925851822
YHL002W,YBR073W,0,-4.7218328,0.05876234918832779,0.11299999803304672,0.1809999942779541
YJL194W,YDR097C,0,-4.721909,0.058731809258461,0.11299999803304672,0.181099995970726
YKL020C,YPL020C,0,-4.7219176,0.058701299130916595,0.11299999803304672,0.18119999766349792
YKL173W,YCL019W,0,-4.722109,0.05867081880569458,0.11299999803304672,0.18129999935626984
YBL022C,YER094C,0,-4.7222033,0.05864037200808525,0.11299999803304672,0.18140000104904175
YNL307C,YPR107C,0,-4.7223425,0.05860995873808861,0.11299999803304672,0.18150000274181366
YIL002C,YLR466W,0,-4.72237,0.05857957527041435,0.11299999803304672,0.18160000443458557
YOL151W,YHR214C-B,0,-4.722734,0.058549221605062485,0.11299999803304672,0.18170000612735748
YDR022C,YGR256W,0,-4.7229834,0.0585189014673233,0.11299999803304672,0.1817999929189682
YAL032C,YMR201C,0,-4.722994,0.05848861113190651,0.11299999803304672,0.1818999946117401
YER125W,YGR074W,0,-4.7231703,0.0584583543241024,0.11299999803304672,0.18199999630451202
YPL118W,YLR268W,0,-4.723373,0.05842812731862068,0.11299999803304672,0.18209999799728394
YPL078C,YHR050W,1,-4.7234263,0.058914728462696075,0.11400000005960464,0.18209999799728394
YER168C,YGL178W,0,-4.7236834,0.05888429656624794,0.11400000005960464,0.18219999969005585
YHR013C,YPL117C,0,-4.7240067,0.05885389819741249,0.11400000005960464,0.18230000138282776
YMR186W,YGR211W,0,-4.724224,0.05882352963089943,0.11400000005960464,0.18240000307559967
YML102W,YBR088C,0,-4.7243443,0.058793190866708755,0.11400000005960464,0.18250000476837158
YGL194C,YNR047W,0,-4.7244616,0.05876288563013077,0.11400000005960464,0.1826000064611435
YBL093C,YOR353C,0,-4.724595,0.05873261019587517,0.11400000005960464,0.1826999932527542
YOR322C,YOR127W,0,-4.724686,0.058702368289232254,0.11400000005960464,0.18279999494552612
YIL124W,YHR214C-B,0,-4.725052,0.05867215618491173,0.11400000005960464,0.18289999663829803
YDR162C,YBR279W,0,-4.725583,0.05864197388291359,0.11400000005960464,0.18299999833106995
YKL005C,YMR168C,0,-4.7256527,0.05861182510852814,0.11400000005960464,0.18310000002384186
YBR009C,YER051W,0,-4.725828,0.05858170613646507,0.11400000005960464,0.18320000171661377
YGR204W,YNL046W,0,-4.7258573,0.058551616966724396,0.11400000005960464,0.18330000340938568
YDR301W,YJL063C,0,-4.72596,0.058521561324596405,0.11400000005960464,0.1834000051021576
YGL119W,YDR129C,0,-4.7260485,0.0584915354847908,0.11400000005960464,0.1835000067949295
YHR191C,YDR369C,0,-4.7261934,0.05846153944730759,0.11400000005960464,0.18359999358654022
YDR037W,YHR062C,0,-4.726498,0.05843157321214676,0.11400000005960464,0.18369999527931213
YPL118W,YLR301W,0,-4.726691,0.05840164050459862,0.11400000005960464,0.18379999697208405
YGL106W,YGL087C,0,-4.726922,0.058371737599372864,0.11400000005960464,0.18389999866485596
YFL013C,YOR338W,0,-4.7271233,0.0583418644964695,0.11400000005960464,0.18400000035762787
YMR260C,YOL006C,0,-4.727193,0.05831202119588852,0.11400000005960464,0.18410000205039978
YPR046W,YDR217C,0,-4.7272015,0.05828220769762993,0.11400000005960464,0.1842000037431717
YLR234W,YMR134W,0,-4.727216,0.058252427726984024,0.11400000005960464,0.1843000054359436
YKL093W,YLR193C,0,-4.727235,0.05822267755866051,0.11400000005960464,0.18440000712871552
YMR211W,YNL222W,0,-4.7273216,0.05819295719265938,0.11400000005960464,0.18449999392032623
YMR288W,YLR305C,0,-4.7274656,0.05816326662898064,0.11400000005960464,0.18459999561309814
YNL177C,YKR055W,0,-4.7276907,0.05813360586762428,0.11400000005960464,0.18469999730587006
YGR113W,YLL056C,0,-4.727701,0.05810397490859032,0.11400000005960464,0.18479999899864197
YER173W,YKL154W,0,-4.7277107,0.05807437747716904,0.11400000005960464,0.18490000069141388
YGR253C,YDR088C,0,-4.7277436,0.058044806122779846,0.11400000005960464,0.1850000023841858
YDR356W,YDL244W,0,-4.727821,0.05801526829600334,0.11400000005960464,0.1851000040769577
YBR164C,YBR217W,0,-4.7279186,0.057985756546258926,0.11400000005960464,0.18520000576972961
YGR129W,YOR060C,0,-4.7279553,0.0579562783241272,0.11400000005960464,0.18529999256134033
YOR198C,YBL100W-B,0,-4.728113,0.057926829904317856,0.11400000005960464,0.18539999425411224
YMR021C,YOR329C,0,-4.7285156,0.0578974112868309,0.11400000005960464,0.18549999594688416
YDR052C,YKL014C,0,-4.7285175,0.05786801874637604,0.11400000005960464,0.18559999763965607
YDR138W,YML038C,0,-4.7286215,0.05783865973353386,0.11400000005960464,0.18569999933242798
YDR106W,YBR040W,0,-4.728756,0.05780933052301407,0.11400000005960464,0.1858000010251999
YLR056W,YDL109C,0,-4.7287974,0.057780031114816666,0.11400000005960464,0.1859000027179718
YBR253W,YIL029C,0,-4.7292094,0.05775076150894165,0.11400000005960464,0.1860000044107437
YNL221C,YLR075W,0,-4.7294197,0.057721517980098724,0.11400000005960464,0.18610000610351562
YBR089C-A,YML092C,0,-4.7294245,0.057692307978868484,0.11400000005960464,0.18619999289512634
YMR112C,YGR091W,0,-4.7296133,0.05766312777996063,0.11400000005960464,0.18629999458789825
YMR312W,YNL071W,0,-4.729774,0.05763397365808487,0.11400000005960464,0.18639999628067017
YJR103W,YOR356W,0,-4.72987,0.057604849338531494,0.11400000005960464,0.18649999797344208
YPL200W,YER133W,0,-4.7299027,0.057575758546590805,0.11400000005960464,0.186599999666214
YGL054C,YMR234W,0,-4.7301297,0.057546693831682205,0.11400000005960464,0.1867000013589859
YMR135C,YKL150W,0,-4.7301497,0.05751765891909599,0.11400000005960464,0.1868000030517578
YER133W,YDR398W,0,-4.730427,0.05748865380883217,0.11400000005960464,0.18690000474452972
YPL254W,YLR451W,0,-4.7306747,0.05745967850089073,0.11400000005960464,0.18700000643730164
YDR176W,YBL100W-A,0,-4.730763,0.057430729269981384,0.11400000005960464,0.18709999322891235
YPL202C,YNR006W,0,-4.730941,0.05740181356668472,0.11400000005960464,0.18719999492168427
YDR424C,YOR144C,0,-4.7310095,0.05737292394042015,0.11400000005960464,0.18729999661445618
YAL013W,YBR136W,0,-4.73115,0.057344064116477966,0.11400000005960464,0.1873999983072281
YGR220C,YKR022C,0,-4.7317324,0.05731523409485817,0.11400000005960464,0.1875
YAL016W,YMR087W,0,-4.7318735,0.05728643387556076,0.11400000005960464,0.1876000016927719
YGL086W,YLR403W,0,-4.7319403,0.05725765973329544,0.11400000005960464,0.18770000338554382
YLR285W,YER118C,0,-4.7319756,0.05722891539335251,0.11400000005960464,0.18780000507831573
YLR449W,YGR091W,0,-4.7321777,0.057200200855731964,0.11400000005960464,0.18790000677108765
YDR265W,YOR008C-A,0,-4.7325025,0.05717151612043381,0.11400000005960464,0.18799999356269836
YGL018C,YBL103C,0,-4.73253,0.05714285746216774,0.11400000005960464,0.18809999525547028
YER179W,YJR141W,0,-4.7326317,0.05711422860622406,0.11400000005960464,0.1881999969482422
YNL327W,YMR210W,0,-4.732684,0.05708562955260277,0.11400000005960464,0.1882999986410141
YMR021C,YPL176C,0,-4.733261,0.057057056576013565,0.11400000005960464,0.188400000333786
YLR009W,YGR085C,0,-4.733366,0.05702851340174675,0.11400000005960464,0.18850000202655792
YOL156W,YBR083W,0,-4.7333784,0.05700000002980232,0.11400000005960464,0.18860000371932983
YNL161W,YDR392W,0,-4.733713,0.056971512734889984,0.11400000005960464,0.18870000541210175
YGR261C,YGL051W,0,-4.733716,0.056943055242300034,0.11400000005960464,0.18880000710487366
YDR301W,YHR079C-A,0,-4.73384,0.05691462755203247,0.11400000005960464,0.18889999389648438
YCR094W,YMR022W,0,-4.734267,0.056886225938797,0.11400000005960464,0.1889999955892563
YPL123C,YDL020C,0,-4.7344055,0.05685785412788391,0.11400000005960464,0.1890999972820282
YPR068C,YKL075C,0,-4.734494,0.05682951211929321,0.11400000005960464,0.1891999989748001
YFL017W-A,YDL058W,0,-4.734537,0.056801196187734604,0.11400000005960464,0.18930000066757202
YIR041W,YDR311W,0,-4.734586,0.05677291005849838,0.11400000005960464,0.18940000236034393
YNL219C,YOL144W,0,-4.7346897,0.05674465000629425,0.11400000005960464,0.18950000405311584
YDR168W,YKL188C,0,-4.735091,0.056716419756412506,0.11400000005960464,0.18960000574588776
YOR267C,YJL018W,0,-4.735347,0.05668821558356285,0.11400000005960464,0.18970000743865967
YAL031C,YIL037C,0,-4.7356277,0.056660041213035583,0.11400000005960464,0.18979999423027039
YCR028C-A,YOR081C,0,-4.7356367,0.056631892919540405,0.11400000005960464,0.1898999959230423
YDR151C,YLL013C,0,-4.7356415,0.056603774428367615,0.11400000005960464,0.1899999976158142
YHR073W,YOR043W,0,-4.735997,0.05657568201422691,0.11400000005960464,0.19009999930858612
YGR224W,YPR007C,0,-4.736067,0.0565476194024086,0.11400000005960464,0.19020000100135803
YKR055W,YJR004C,0,-4.736178,0.056519582867622375,0.11400000005960464,0.19030000269412994
YDL217C,YHR060W,0,-4.7362604,0.05649157613515854,0.11400000005960464,0.19040000438690186
YMR048W,YBR009C,0,-4.736268,0.05646359547972679,0.11400000005960464,0.19050000607967377
YJL073W,YGL094C,0,-4.7364,0.05643564462661743,0.11400000005960464,0.19059999287128448
YDR130C,YNR048W,0,-4.7365246,0.05640771985054016,0.11400000005960464,0.1906999945640564
YOR094W,YPL112C,0,-4.736589,0.05637982115149498,0.11400000005960464,0.1907999962568283
YDL192W,YLR316C,0,-4.7367554,0.056351952254772186,0.11400000005960464,0.19089999794960022
YDR411C,YMR026C,0,-4.736851,0.05632410943508148,0.11400000005960464,0.19099999964237213
YNL135C,YER165W,0,-4.736977,0.056296296417713165,0.11400000005960464,0.19110000133514404
YDR043C,YMR201C,0,-4.73709,0.05626850947737694,0.11400000005960464,0.19120000302791595
YJL024C,YLR106C,0,-4.7371087,0.0562407486140728,0.11400000005960464,0.19130000472068787
YBR129C,YGL004C,0,-4.7372684,0.05621301755309105,0.11400000005960464,0.19140000641345978
YDR499W,YDR131C,0,-4.7374277,0.05618531256914139,0.11400000005960464,0.1914999932050705
YIL079C,YJL111W,0,-4.737633,0.056157633662223816,0.11400000005960464,0.1915999948978424
YBL011W,YGL210W,0,-4.737871,0.05612998455762863,0.11400000005960464,0.19169999659061432
YOR233W,YJL134W,0,-4.7380695,0.056102361530065536,0.11400000005960464,0.19179999828338623
YGL030W,YCL075W,0,-4.738159,0.05607476457953453,0.11400000005960464,0.19189999997615814
YIL154C,YOR181W,0,-4.738174,0.05604719743132591,0.11400000005960464,0.19200000166893005
YDL101C,YDL106C,0,-4.73848,0.056019656360149384,0.11400000005960464,0.19210000336170197
YFL055W,YHR214C-B,0,-4.738616,0.055992141366004944,0.11400000005960464,0.19220000505447388
YOR322C,YHR138C,0,-4.7392077,0.05596465244889259,0.11400000005960464,0.1923000067472458
YER168C,YLL001W,0,-4.739335,0.05593719333410263,0.11400000005960464,0.1923999935388565
YBR278W,YLR268W,0,-4.7396097,0.05590976029634476,0.11400000005960464,0.19249999523162842
YHR107C,YEL026W,0,-4.7396183,0.05588235333561897,0.11400000005960464,0.19259999692440033
YNL136W,YJR027W,0,-4.739696,0.05585497245192528,0.11400000005960464,0.19269999861717224
YIL085C,YDL118W,0,-4.739788,0.05582762137055397,0.11400000005960464,0.19280000030994415
YOR347C,YIL066C,0,-4.7401576,0.055800292640924454,0.11400000005960464,0.19290000200271606
YLR100W,YNL253W,0,-4.7401896,0.055772993713617325,0.11400000005960464,0.19300000369548798
YDL138W,YOR191W,0,-4.7401958,0.055745720863342285,0.11400000005960464,0.1931000053882599
YDR231C,YPR178W,0,-4.7403655,0.055718474090099335,0.11400000005960464,0.1932000070810318
YPR093C,YOR347C,0,-4.7407527,0.05569125711917877,0.11400000005960464,0.19329999387264252
YMR100W,YML095C,0,-4.7408714,0.0556640625,0.11400000005960464,0.19339999556541443
YML086C,YHR073W,0,-4.741002,0.055636897683143616,0.11400000005960464,0.19349999725818634
YBR177C,YDR251W,0,-4.74146,0.05560975521802902,0.11400000005960464,0.19359999895095825
YGR220C,YLR386W,0,-4.741935,0.055582642555236816,0.11400000005960464,0.19370000064373016
YOR315W,YBL100W-B,0,-4.7424526,0.0555555559694767,0.11400000005960464,0.19380000233650208
YKL112W,YOR249C,0,-4.743371,0.05552849546074867,0.11400000005960464,0.193900004029274
YOL063C,YBR012W-A,0,-4.743648,0.055501461029052734,0.11400000005960464,0.1940000057220459
YPR082C,YAL030W,0,-4.743778,0.055474452674388885,0.11400000005960464,0.1941000074148178
YIL036W,YJR035W,0,-4.7437887,0.055447470396757126,0.11400000005960464,0.19419999420642853
YDR097C,YDL092W,0,-4.743922,0.055420514196157455,0.11400000005960464,0.19429999589920044
YMR039C,YCL020W,0,-4.7440085,0.05539358779788017,0.11400000005960464,0.19439999759197235
YGL071W,YHL047C,1,-4.7442064,0.05585235729813576,0.11500000208616257,0.19439999759197235
YPL069C,YJL156C,0,-4.744348,0.05582524091005325,0.11500000208616257,0.19449999928474426
YGL251C,YNL032W,0,-4.744562,0.055798158049583435,0.11500000208616257,0.19460000097751617
YDL140C,YGL112C,0,-4.74506,0.05577109754085541,0.11500000208616257,0.19470000267028809
YLR148W,YOR064C,0,-4.745284,0.05574406310915947,0.11500000208616257,0.19480000436306
YHL009C,YAR010C,0,-4.7454777,0.05571705475449562,0.11500000208616257,0.1949000060558319
YNL256W,YML088W,0,-4.7456117,0.05569007247686386,0.11500000208616257,0.19499999284744263
YDL243C,YKL079W,0,-4.745682,0.05566311627626419,0.11500000208616257,0.19509999454021454
YGL206C,YDL056W,0,-4.745737,0.05563618615269661,0.11500000208616257,0.19519999623298645
YIL095W,YDR170C,0,-4.745773,0.055609285831451416,0.11500000208616257,0.19529999792575836
YEL030W,YNL054W,0,-4.74582,0.05558240786194801,0.11500000208616257,0.19539999961853027
YCR020W-B,YNL107W,0,-4.7464566,0.0555555559694767,0.11500000208616257,0.19550000131130219
YDR043C,YIR041W,0,-4.7466,0.055528730154037476,0.11500000208616257,0.1956000030040741
YOL089C,YCL003W,0,-4.7466106,0.05550193041563034,0.11500000208616257,0.195700004696846
YEL030W,YPR155C,0,-4.746735,0.055475156754255295,0.11500000208616257,0.19580000638961792
YPL048W,YPR082C,0,-4.7471275,0.05544840916991234,0.11500000208616257,0.19589999318122864
YLR288C,YKL173W,0,-4.7473874,0.05542168766260147,0.11500000208616257,0.19599999487400055
YPR105C,YGL112C,0,-4.747659,0.055394988507032394,0.11500000208616257,0.19609999656677246
YIL068C,YKR037C,0,-4.747747,0.055368319153785706,0.11500000208616257,0.19619999825954437
YDR218C,YDR359C,0,-4.7478538,0.055341675877571106,0.11500000208616257,0.19629999995231628
YDL024C,YDR219C,0,-4.748158,0.0553150549530983,0.11500000208616257,0.1964000016450882
YIL159W,YOR191W,0,-4.7484035,0.05528846010565758,0.11500000208616257,0.1965000033378601
YDR251W,YMR075W,0,-4.7486544,0.055261895060539246,0.11500000208616257,0.19660000503063202
YGL119W,YML086C,0,-4.748857,0.055235352367162704,0.11500000208616257,0.19670000672340393
YGR227W,YBL032W,0,-4.749539,0.055208832025527954,0.11500000208616257,0.19679999351501465
YMR025W,YDR135C,0,-4.749641,0.05518234148621559,0.11500000208616257,0.19689999520778656
YPR029C,YDR159W,0,-4.7497835,0.05515587702393532,0.11500000208616257,0.19699999690055847
YLR127C,YOL128C,0,-4.749795,0.055129434913396835,0.11500000208616257,0.19709999859333038
YML077W,YNL046W,0,-4.7506723,0.05510301887989044,0.11500000208616257,0.1972000002861023
YLR095C,YOR321W,0,-4.7507124,0.05507662892341614,0.11500000208616257,0.1973000019788742
YDR097C,YML038C,0,-4.7508893,0.05505026504397392,0.11500000208616257,0.19740000367164612
YPR001W,YML045W,0,-4.7509723,0.0550239235162735,0.11500000208616257,0.19750000536441803
YDR214W,YPL270W,0,-4.751099,0.054997608065605164,0.11500000208616257,0.19760000705718994
YCR014C,YNL047C,0,-4.7512035,0.05497131869196892,0.11500000208616257,0.19769999384880066
YDL135C,YCR060W,0,-4.7518034,0.05494505539536476,0.11500000208616257,0.19779999554157257
YHL022C,YLR396C,0,-4.7518063,0.054918814450502396,0.11500000208616257,0.19789999723434448
YOL002C,YJR027W,0,-4.752022,0.05489259958267212,0.11500000208616257,0.1979999989271164
YJL062W,YJR135C,0,-4.7521195,0.05486641079187393,0.11500000208616257,0.1981000006198883
YBR136W,YMR183C,0,-4.7523775,0.054840248078107834,0.11500000208616257,0.19820000231266022
YLR319C,YJL209W,0,-4.7524185,0.05481410771608353,0.11500000208616257,0.19830000400543213
YJL117W,YBR106W,1,-4.7524853,0.055264413356781006,0.11599999666213989,0.19830000400543213
YPR135W,YOR040W,0,-4.7525625,0.05523809418082237,0.11599999666213989,0.19840000569820404
YGR057C,YOR254C,0,-4.7530184,0.05521180480718613,0.11599999666213989,0.19850000739097595
YKL053C-A,YBR022W,0,-4.753058,0.05518553778529167,0.11599999666213989,0.19859999418258667
YDL056W,YHR073W,0,-4.7531567,0.055159296840429306,0.11599999666213989,0.19869999587535858
YLR115W,YFL017W-A,0,-4.7535105,0.05513307824730873,0.11599999666213989,0.1987999975681305
YER108C,YDR460W,0,-4.753584,0.055106889456510544,0.11599999666213989,0.1988999992609024
YML088W,YIL017W,0,-4.7536283,0.05508072301745415,0.11599999666213989,0.19900000095367432
YLR378C,YMR134W,0,-4.753783,0.05505457893013954,0.11599999666213989,0.19910000264644623
YEL015W,YBL088C,0,-4.7538295,0.055028464645147324,0.11599999666213989,0.19920000433921814
YDR424C,YIL112W,0,-4.7538614,0.0550023689866066,0.11599999666213989,0.19930000603199005
YMR100W,YKL108W,0,-4.753872,0.05497630313038826,0.11599999666213989,0.19939999282360077
YLR390W-A,YOL110W,0,-4.7545156,0.05495025962591171,0.11599999666213989,0.19949999451637268
YNL039W,YLL001W,0,-4.7551775,0.054924242198467255,0.11599999666213989,0.1995999962091446
YKL064W,YBR024W,1,-4.755681,0.05537150800228119,0.11699999868869781,0.1995999962091446
YJR031C,YDL095W,0,-4.7558064,0.0553453154861927,0.11699999868869781,0.1996999979019165
YHR091C,YCL001W,0,-4.755833,0.05531914904713631,0.11699999868869781,0.19979999959468842
YGR278W,YPL151C,0,-4.7560453,0.0552930049598217,0.11699999868869781,0.19990000128746033
YIL036W,YMR284W,0,-4.756064,0.055266886949539185,0.11699999868869781,0.20000000298023224
YKR097W,YFL059W,0,-4.756133,0.05524079501628876,0.11699999868869781,0.20010000467300415
YPR120C,YLR467W,0,-4.756162,0.05521472543478012,0.11699999868869781,0.20020000636577606
YPR112C,YNL110C,0,-4.7563143,0.055188678205013275,0.11699999868869781,0.20029999315738678
YOL042W,YIL076W,0,-4.75682,0.05516266077756882,0.11699999868869781,0.2003999948501587
YER109C,YJR027W,0,-4.7568464,0.05513666197657585,0.11699999868869781,0.2004999965429306
YPL069C,YML088W,0,-4.756874,0.05511069297790527,0.11699999868869781,0.20059999823570251
YLR459W,YPR113W,0,-4.7569923,0.055084746330976486,0.11699999868869781,0.20069999992847443
YGR256W,YBL005W-A,0,-4.757273,0.05505882203578949,0.11699999868869781,0.20080000162124634
YGL190C,YBR098W,0,-4.7577114,0.05503292754292488,0.11699999868869781,0.20090000331401825
YLR380W,YNL038W,0,-4.758069,0.055007051676511765,0.11699999868869781,0.20100000500679016
YHR175W,YPR067W,1,-4.7581944,0.055451128631830215,0.11800000071525574,0.20100000500679016
YBR195C,YGR074W,0,-4.758808,0.05542508140206337,0.11800000071525574,0.20110000669956207
YGL216W,YMR313C,0,-4.758932,0.05539906024932861,0.11800000071525574,0.2011999934911728
YGR063C,YNL310C,0,-4.7592764,0.055373065173625946,0.11800000071525574,0.2012999951839447
YNL271C,YBL025W,0,-4.759471,0.05534709244966507,0.11800000071525574,0.2013999968767166
YFR014C,YNL333W,0,-4.7594805,0.055321142077445984,0.11800000071525574,0.20149999856948853
YMR047C,YDR289C,0,-4.759652,0.055295221507549286,0.11800000071525574,0.20160000026226044
YLR233C,YOL146W,0,-4.7597303,0.05526931956410408,0.11800000071525574,0.20170000195503235
YPL179W,YDR356W,0,-4.7598386,0.05524344742298126,0.11800000071525574,0.20180000364780426
YBR038W,YML115C,0,-4.7598896,0.055217593908309937,0.11800000071525574,0.20190000534057617
YDR097C,YNL201C,0,-4.759964,0.0551917664706707,0.11800000071525574,0.20200000703334808
YOR147W,YNL047C,0,-4.760131,0.05516596511006355,0.11800000071525574,0.2020999938249588
YPR171W,YLR396C,0,-4.760167,0.055140186101198196,0.11800000071525574,0.2021999955177307
YDR040C,YJL117W,1,-4.760247,0.05558150261640549,0.11900000274181366,0.2021999955177307
YGL208W,YMR293C,0,-4.760543,0.0555555559694767,0.11900000274181366,0.20229999721050262
YOR080W,YOR075W,0,-4.760719,0.0555296316742897,0.11900000274181366,0.20239999890327454
YBR112C,YFR037C,0,-4.7612123,0.0555037297308445,0.11900000274181366,0.20250000059604645
YLL031C,YOR106W,0,-4.7612195,0.05547785386443138,0.11900000274181366,0.20260000228881836
YCR027C,YML040W,0,-4.761422,0.055452004075050354,0.11900000274181366,0.20270000398159027
YLR368W,YIR002C,0,-4.7618055,0.05542617663741112,0.11900000274181366,0.20280000567436218
YPR183W,YLL056C,0,-4.7619896,0.05540037155151367,0.11900000274181366,0.2029000073671341
YLR221C,YAR044W,0,-4.7620425,0.055374592542648315,0.11900000274181366,0.2029999941587448
YHR158C,YLR135W,0,-4.7622714,0.05534883588552475,0.11900000274181366,0.20309999585151672
YOL133W,YML127W,0,-4.762439,0.05532310530543327,0.11900000274181366,0.20319999754428864
YBR288C,YDL109C,0,-4.762712,0.05529739707708359,0.11900000274181366,0.20329999923706055
YNL161W,YLR067C,0,-4.762933,0.05527171492576599,0.11900000274181366,0.20340000092983246
YML031W,YER089C,0,-4.763033,0.055246055126190186,0.11900000274181366,0.20350000262260437
YMR162C,YDR296W,0,-4.7630897,0.05522041767835617,0.11900000274181366,0.20360000431537628
YIL085C,YMR283C,0,-4.7631383,0.055194806307554245,0.11900000274181366,0.2037000060081482
YNL094W,YFL004W,0,-4.7634845,0.05516921728849411,0.11900000274181366,0.2037999927997589
YLR016C,YGR195W,0,-4.7635303,0.055143650621175766,0.11900000274181366,0.20389999449253082
YBL040C,YJL176C,0,-4.7636147,0.05511811003088951,0.11900000274181366,0.20399999618530273
YJL089W,YJR027W,0,-4.7637053,0.05509259179234505,0.11900000274181366,0.20409999787807465
YLR206W,YBL056W,0,-4.7639236,0.05506709963083267,0.11900000274181366,0.20419999957084656
YBL008W,YJR068W,0,-4.763954,0.05504162982106209,0.11900000274181366,0.20430000126361847
YHR055C,YKR101W,0,-4.7639866,0.055016182363033295,0.11900000274181366,0.20440000295639038
YBR207W,YDR322C-A,1,-4.764241,0.0554528646171093,0.11999999731779099,0.20440000295639038
YGR276C,YHR111W,0,-4.764471,0.05542725324630737,0.11999999731779099,0.2045000046491623
YGL136C,YDR030C,0,-4.764508,0.05540166050195694,0.11999999731779099,0.2046000063419342
YGR254W,YMR050C,0,-4.7645354,0.055376097559928894,0.11999999731779099,0.20469999313354492
YDR284C,YJR059W,0,-4.7647524,0.05535055324435234,0.11999999731779099,0.20479999482631683
YDR245W,YOR356W,0,-4.7650356,0.05532503500580788,0.11999999731779099,0.20489999651908875
YKL040C,YPL011C,0,-4.765112,0.0552995391190052,0.11999999731779099,0.20499999821186066
YLR215C,YCR060W,0,-4.765168,0.05527406558394432,0.11999999731779099,0.20509999990463257
YNL094W,YIL126W,0,-4.7651706,0.05524861812591553,0.11999999731779099,0.20520000159740448
YPL118W,YKL025C,0,-4.765175,0.055223193019628525,0.11999999731779099,0.2053000032901764
YIR041W,YOR076C,0,-4.7653894,0.05519779026508331,0.11999999731779099,0.2054000049829483
YML086C,YDR071C,0,-4.765489,0.05517241358757019,0.11999999731779099,0.20550000667572021
YGR225W,YMR284W,0,-4.7657886,0.05514705926179886,0.11999999731779099,0.20559999346733093
YLR095C,YJR160C,0,-4.765935,0.05512172728776932,0.11999999731779099,0.20569999516010284
YIL010W,YBR098W,0,-4.7660375,0.05509641766548157,0.11999999731779099,0.20579999685287476
YCR107W,YDR330W,0,-4.766367,0.055071134120225906,0.11999999731779099,0.20589999854564667
YBR022W,YBL007C,0,-4.76637,0.055045872926712036,0.11999999731779099,0.20600000023841858
YOR171C,YML016C,0,-4.7663856,0.05502063408493996,0.11999999731779099,0.2061000019311905
YLR170C,YGR074W,0,-4.7664404,0.05499541759490967,0.11999999731779099,0.2062000036239624
YGL150C,YOR174W,0,-4.7668223,0.05497022345662117,0.11999999731779099,0.20630000531673431
YPR034W,YNL262W,0,-4.7670345,0.05494505539536476,0.11999999731779099,0.20640000700950623
YNL293W,YNL167C,0,-4.767064,0.05491990968585014,0.11999999731779099,0.20649999380111694
YOR002W,YPR074C,0,-4.7671175,0.054894786328077316,0.11999999731779099,0.20659999549388885
YDL088C,YFL005W,0,-4.7673626,0.05486968532204628,0.11999999731779099,0.20669999718666077
YNL232W,YJR093C,0,-4.7673783,0.054844606667757034,0.11999999731779099,0.20679999887943268
YJL005W,YPL167C,0,-4.7673836,0.05481955409049988,0.11999999731779099,0.2069000005722046
YDL088C,YBR267W,0,-4.767481,0.054794520139694214,0.11999999731779099,0.2070000022649765
YER018C,YGR002C,0,-4.7676916,0.05476951226592064,0.11999999731779099,0.2071000039577484
YJR093C,YPL022W,0,-4.7684555,0.054744526743888855,0.11999999731779099,0.20720000565052032
YGL195W,YCR020W-B,0,-4.768477,0.05471956357359886,0.11999999731779099,0.20730000734329224
YNL297C,YEL020W-A,0,-4.7685432,0.05469462275505066,0.11999999731779099,0.20739999413490295
YIL159W,YJL208C,0,-4.768758,0.05466970428824425,0.11999999731779099,0.20749999582767487
YPL059W,YBR022W,0,-4.7687674,0.054644808173179626,0.11999999731779099,0.20759999752044678
YDL207W,YOR116C,0,-4.768895,0.054619938135147095,0.11999999731779099,0.2076999992132187
YPL267W,YLL017W,0,-4.7690277,0.054595086723566055,0.11999999731779099,0.2078000009059906
YFL041W,YKL064W,1,-4.7693586,0.05502501130104065,0.12099999934434891,0.2078000009059906
YJL030W,YPL122C,0,-4.769472,0.054999999701976776,0.12099999934434891,0.2079000025987625
YFR028C,YFR034C,0,-4.769675,0.054975010454654694,0.12099999934434891,0.20800000429153442
YHR086W,YDR071C,0,-4.769851,0.0549500435590744,0.12099999934434891,0.20810000598430634
YPL021W,YER028C,0,-4.770011,0.0549251027405262,0.12099999934434891,0.20819999277591705
YDR378C,YKL041W,0,-4.770098,0.05490018054842949,0.12099999934434891,0.20829999446868896
YOR198C,YOR103C,0,-4.7703686,0.05487528443336487,0.12099999934434891,0.20839999616146088
YLR229C,YNL106C,0,-4.770491,0.05485040694475174,0.12099999934434891,0.2084999978542328
YGL003C,YJR059W,0,-4.7705173,0.0548255555331707,0.12099999934434891,0.2085999995470047
YJL005W,YIL073C,0,-4.7705574,0.05480072647333145,0.12099999934434891,0.2087000012397766
YJL102W,YJR120W,0,-4.7709923,0.054775916039943695,0.12099999934434891,0.20880000293254852
YPR161C,YNR047W,0,-4.7710633,0.05475113168358803,0.12099999934434891,0.20890000462532043
YBR055C,YLR398C,0,-4.771473,0.05472636967897415,0.12099999934434891,0.20900000631809235
YLR052W,YNL227C,0,-4.7714796,0.05470162630081177,0.12099999934434891,0.20909999310970306
YER114C,YER075C,0,-4.771661,0.05467690899968147,0.12099999934434891,0.20919999480247498
YMR288W,YOL144W,0,-4.772026,0.05465221405029297,0.12099999934434891,0.2092999964952469
YDL116W,YGR211W,0,-4.7720513,0.05462753772735596,0.12099999934434891,0.2093999981880188
YIL138C,YJL114W,0,-4.772154,0.054602887481451035,0.12099999934434891,0.2094999998807907
YJL065C,YLR448W,0,-4.7723866,0.0545782595872879,0.12099999934434891,0.20960000157356262
YMR168C,YMR097C,0,-4.772649,0.05455365031957626,0.12099999934434891,0.20970000326633453
YBL045C,YNL003C,0,-4.7726994,0.05452906712889671,0.12099999934434891,0.20980000495910645
YKR083C,YJR028W,0,-4.7728662,0.054504506289958954,0.12099999934434891,0.20990000665187836
YKL206C,YOR110W,0,-4.773505,0.05447996407747269,0.12099999934434891,0.20999999344348907
YLR347C,YPL234C,0,-4.7736344,0.05445544421672821,0.12099999934434891,0.210099995136261
YJR047C,YAL003W,0,-4.7736616,0.05443095043301582,0.12099999934434891,0.2101999968290329
YEL027W,YBR037C,1,-4.773673,0.05485611408948898,0.12200000137090683,0.2101999968290329
YLR353W,YIL112W,0,-4.7742906,0.05483146011829376,0.12200000137090683,0.2102999985218048
YFL025C,YKL045W,0,-4.774478,0.05480682849884033,0.12200000137090683,0.21040000021457672
YHR154W,YML034W,0,-4.7744956,0.05478221923112869,0.12200000137090683,0.21050000190734863
YDR461W,YOR193W,0,-4.774635,0.054757628589868546,0.12200000137090683,0.21060000360012054
YFR037C,YAR010C,0,-4.7751737,0.05473306402564049,0.12200000137090683,0.21070000529289246
YJL031C,YDL142C,0,-4.775311,0.05470852181315422,0.12200000137090683,0.21080000698566437
YMR311C,YDR162C,0,-4.7753305,0.054683998227119446,0.12200000137090683,0.21089999377727509
YDR335W,YAL030W,0,-4.775387,0.05465949699282646,0.12200000137090683,0.210999995470047
YOR316C,YDR040C,1,-4.7756896,0.05508284643292427,0.12300000339746475,0.210999995470047
YER142C,YGR209C,0,-4.7757854,0.05505819246172905,0.12300000339746475,0.2110999971628189
YGL070C,YMR045C,0,-4.77608,0.05503355711698532,0.12300000339746475,0.21119999885559082
YPR188C,YLR369W,0,-4.776671,0.05500894412398338,0.12300000339746475,0.21130000054836273
YML038C,YNL046W,0,-4.776741,0.054984353482723236,0.12300000339746475,0.21140000224113464
YLR453C,YFL060C,0,-4.777004,0.05495978519320488,0.12300000339746475,0.21150000393390656
YMR119W,YOR018W,0,-4.7771654,0.054935239255428314,0.12300000339746475,0.21160000562667847
YPR095C,YGR122W,0,-4.777296,0.05491071566939354,0.12300000339746475,0.21170000731945038
YHR187W,YCR014C,0,-4.7773123,0.05488621070981026,0.12300000339746475,0.2117999941110611
YNL139C,YML001W,0,-4.77752,0.054861731827259064,0.12300000339746475,0.211899995803833
YDL247W,YEL057C,0,-4.778077,0.05483727157115936,0.12300000339746475,0.21199999749660492
YPR009W,YLR455W,0,-4.7781353,0.05481283366680145,0.12300000339746475,0.21209999918937683
YLR318W,YNL053W,0,-4.778224,0.05478841811418533,0.12300000339746475,0.21220000088214874
YJL122W,YKR054C,0,-4.7785034,0.054764024913311005,0.12300000339746475,0.21230000257492065
YFL024C,YKL200C,0,-4.7785797,0.05473965406417847,0.12300000339746475,0.21240000426769257
YMR188C,YNL333W,0,-4.7786436,0.05471530184149742,0.12300000339746475,0.21250000596046448
YKL172W,YDL213C,0,-4.778746,0.054690971970558167,0.12300000339746475,0.2125999927520752
YDR289C,YHR214C-B,0,-4.7787714,0.054666668176651,0.12300000339746475,0.2126999944448471
YML059C,YMR218C,0,-4.7789283,0.05464238300919533,0.12300000339746475,0.21279999613761902
YOR250C,YNL054W,0,-4.7790675,0.05461811646819115,0.12300000339746475,0.21289999783039093
YGL222C,YOL003C,0,-4.779263,0.054593876004219055,0.12300000339746475,0.21299999952316284
YOR061W,YMR234W,0,-4.779288,0.054569654166698456,0.12300000339746475,0.21310000121593475
YKL013C,YML001W,0,-4.779364,0.05454545468091965,0.12300000339746475,0.21320000290870667
YKL134C,YJL176C,0,-4.7796373,0.05452127754688263,0.12300000339746475,0.21330000460147858
YGL190C,YLL038C,0,-4.779931,0.054497119039297104,0.12300000339746475,0.2134000062942505
YML081C-A,YJL094C,1,-4.780326,0.05491585657000542,0.12399999797344208,0.2134000062942505
YJL095W,YGR274C,0,-4.780425,0.054891545325517654,0.12399999797344208,0.2134999930858612
YNL111C,YPL096C-A,0,-4.7804637,0.05486725643277168,0.12399999797344208,0.21359999477863312
YOR094W,YGL094C,0,-4.780764,0.0548429898917675,0.12399999797344208,0.21369999647140503
YNL085W,YDL195W,0,-4.780919,0.05481874570250511,0.12399999797344208,0.21379999816417694
YML062C,YJL186W,0,-4.7812476,0.054794520139694214,0.12399999797344208,0.21389999985694885
YJR108W,YJL058C,0,-4.7813478,0.05477031692862511,0.12399999797344208,0.21400000154972076
YJR131W,YLR382C,0,-4.7814045,0.05474613606929779,0.12399999797344208,0.21410000324249268
YPL145C,YHR081W,0,-4.781433,0.054721977561712265,0.12399999797344208,0.2142000049352646
YPL200W,YNL307C,0,-4.7814636,0.05469783768057823,0.12399999797344208,0.2143000066280365
YMR312W,YBR049C,0,-4.7822504,0.05467372015118599,0.12399999797344208,0.21439999341964722
YBR035C,YFL060C,0,-4.7822638,0.05464962497353554,0.12399999797344208,0.21449999511241913
YPL119C,YER087C-B,0,-4.7823772,0.05462555214762688,0.12399999797344208,0.21459999680519104
YGR145W,YKL081W,0,-4.782752,0.05460149794816971,0.12399999797344208,0.21469999849796295
YKL007W,YOR231W,0,-4.782792,0.05457746610045433,0.12399999797344208,0.21480000019073486
YBR155W,YDR207C,0,-4.7828074,0.054553452879190445,0.12399999797344208,0.21490000188350677
YOR260W,YER107C,0,-4.7829456,0.05452946200966835,0.12399999797344208,0.2150000035762787
YLL016W,YDR407C,0,-4.7831264,0.054505493491888046,0.12399999797344208,0.2151000052690506
YNR016C,YBL017C,0,-4.783383,0.05448154732584953,0.12399999797344208,0.2152000069618225
YJR017C,YLR113W,0,-4.783561,0.05445761978626251,0.12399999797344208,0.21529999375343323
YDL095W,YDL185W,0,-4.78379,0.05443371459841728,0.12399999797344208,0.21539999544620514
YBR037C,YGR008C,1,-4.783895,0.05484861880540848,0.125,0.21539999544620514
YLR135W,YBR182C,0,-4.784051,0.05482456088066101,0.125,0.21549999713897705
YKL152C,YOR085W,0,-4.784074,0.054800525307655334,0.125,0.21559999883174896
YKR028W,YNL257C,0,-4.7841344,0.05477651208639145,0.125,0.21570000052452087
YDL135C,YOR088W,0,-4.7843447,0.054752517491579056,0.125,0.21580000221729279
YPL179W,YHR079C-A,0,-4.7847176,0.05472854524850845,0.125,0.2159000039100647
YPR113W,YOR361C,0,-4.784763,0.05470459535717964,0.125,0.2160000056028366
YBR080C,YOR162C,0,-4.784765,0.05468066409230232,0.125,0.21610000729560852
YKL135C,YPL065W,0,-4.7848396,0.054656755179166794,0.125,0.21619999408721924
YLR226W,YDR240C,0,-4.785571,0.054632868617773056,0.125,0.21629999577999115
YHR116W,YDL226C,0,-4.785843,0.05460900068283081,0.125,0.21639999747276306
YHR164C,YJL176C,0,-4.7861595,0.05458515137434006,0.125,0.21649999916553497
YIL129C,YLR466W,0,-4.786175,0.05456132814288139,0.125,0.21660000085830688
YLR011W,YOR117W,0,-4.786205,0.05453752353787422,0.125,0.2167000025510788
YNL248C,YDR341C,0,-4.786311,0.05451373755931854,0.125,0.2168000042438507
YOR168W,YOR254C,0,-4.786511,0.054489973932504654,0.125,0.21690000593662262
YKL172W,YFR009W,0,-4.78656,0.054466232657432556,0.125,0.21699999272823334
YDR023W,YBL005W-A,0,-4.7867107,0.05444251000881195,0.125,0.21709999442100525
YDR231C,YER094C,0,-4.7871475,0.05441880598664284,0.125,0.21719999611377716
YBR049C,YJL004C,0,-4.787239,0.054395128041505814,0.125,0.21729999780654907
YBR055C,YMR218C,0,-4.7873726,0.054371464997529984,0.125,0.21739999949932098
YLR233C,YDR097C,0,-4.787968,0.054347824305295944,0.125,0.2175000011920929
YPR175W,YPR009W,0,-4.788373,0.054324205964803696,0.125,0.2176000028848648
YGR227W,YDR027C,0,-4.788555,0.05430060997605324,0.125,0.21770000457763672
YBR023C,YLR337C,0,-4.788559,0.054277028888463974,0.125,0.21780000627040863
YOR213C,YDR495C,0,-4.788598,0.0542534738779068,0.125,0.21789999306201935
YKL194C,YOL110W,0,-4.788702,0.05422993376851082,0.125,0.21799999475479126
YMR272C,YCL020W,0,-4.788702,0.05420641973614693,0.125,0.21809999644756317
YFR013W,YEL019C,0,-4.788801,0.05418292060494423,0.125,0.21819999814033508
YBR254C,YGL212W,0,-4.78884,0.05415944382548332,0.125,0.218299999833107
YPL069C,YBR175W,0,-4.78887,0.054135989397764206,0.125,0.2184000015258789
YGL086W,YJL035C,0,-4.788884,0.05411255359649658,0.125,0.21850000321865082
YPR073C,YBR192W,0,-4.7893786,0.05408914014697075,0.125,0.21860000491142273
YDR473C,YNL054W,0,-4.7895174,0.05406574532389641,0.125,0.21870000660419464
YJR121W,YGL008C,1,-4.7897496,0.05447470769286156,0.12600000202655792,0.21870000660419464
YCR094W,YMR220W,0,-4.7900867,0.054451167583465576,0.12600000202655792,0.21879999339580536
YDR054C,YDR330W,0,-4.7900877,0.05442764610052109,0.12600000202655792,0.21889999508857727
YPL145C,YER031C,0,-4.7901216,0.05440414324402809,0.12600000202655792,0.21899999678134918
YJL146W,YDR545W,0,-4.7901707,0.054380666464567184,0.12600000202655792,0.2190999984741211
YLR186W,YKL057C,0,-4.790527,0.05435720458626747,0.12600000202655792,0.219200000166893
YGR186W,YOR332W,0,-4.7906103,0.05433376505970955,0.12600000202655792,0.21930000185966492
YNL047C,YGR042W,0,-4.790626,0.05431034415960312,0.12600000202655792,0.21940000355243683
YDR411C,YPL091W,0,-4.790792,0.05428694561123848,0.12600000202655792,0.21950000524520874
YBR077C,YKL088W,0,-4.791268,0.05426356568932533,0.12600000202655792,0.21960000693798065
YMR044W,YCL055W,0,-4.791464,0.054240208119153976,0.12600000202655792,0.21969999372959137
YML092C,YML001W,0,-4.7916822,0.05421686917543411,0.12600000202655792,0.21979999542236328
YPR179C,YKR038C,0,-4.791705,0.05419354885816574,0.12600000202655792,0.2198999971151352
YJR076C,YHL007C,0,-4.7922635,0.05417025089263916,0.12600000202655792,0.2199999988079071
YLR071C,YML029W,0,-4.7927933,0.05414697155356407,0.12600000202655792,0.22010000050067902
YGL130W,YJL006C,0,-4.792838,0.054123710840940475,0.12600000202655792,0.22020000219345093
YGL200C,YPL083C,0,-4.7932725,0.05410047248005867,0.12600000202655792,0.22030000388622284
YFL041W,YOR334W,1,-4.7933817,0.05450643599033356,0.12700000405311584,0.22030000388622284
YMR097C,YNR031C,0,-4.7936206,0.05448305606842041,0.12700000405311584,0.22040000557899475
YML126C,YDR334W,0,-4.7936573,0.05445969104766846,0.12700000405311584,0.22050000727176666
YNL029C,YOR117W,0,-4.7937202,0.054436348378658295,0.12700000405311584,0.22059999406337738
YOR316C,YJL117W,1,-4.7938604,0.05484147369861603,0.12800000607967377,0.22059999406337738
YFR002W,YAR009C,0,-4.794431,0.054817985743284225,0.12800000607967377,0.2206999957561493
YDR038C,YGL254W,1,-4.794446,0.05522260442376137,0.1289999932050705,0.2206999957561493
YOR075W,YKR001C,0,-4.7945676,0.055198971182107925,0.1289999932050705,0.2207999974489212
YJR082C,YPL164C,0,-4.794668,0.05517536401748657,0.1289999932050705,0.22089999914169312
YJR031C,YIL150C,0,-4.794683,0.05515177547931671,0.1289999932050705,0.22100000083446503
YGL130W,YOL042W,0,-4.7951264,0.05512820556759834,0.1289999932050705,0.22110000252723694
YDR038C,YJL117W,1,-4.79524,0.0555318221449852,0.12999999523162842,0.22110000252723694
YLR219W,YEL057C,0,-4.7953424,0.05550811439752579,0.12999999523162842,0.22120000422000885
YFR046C,YLR181C,0,-4.7954426,0.05548442155122757,0.12999999523162842,0.22130000591278076
YJR153W,YMR266W,0,-4.7955503,0.05546075105667114,0.12999999523162842,0.22139999270439148
YGR288W,YLR301W,0,-4.7957525,0.05543709918856621,0.12999999523162842,0.2214999943971634
YGR222W,YER089C,0,-4.7961955,0.055413469672203064,0.12999999523162842,0.2215999960899353
YEL009C,YNR064C,0,-4.7963533,0.05538985878229141,0.12999999523162842,0.22169999778270721
YPL190C,YMR054W,0,-4.7963977,0.05536627024412155,0.12999999523162842,0.22179999947547913
YKR029C,YKL203C,0,-4.79646,0.05534270033240318,0.12999999523162842,0.22190000116825104
YFR036W,YDR145W,0,-4.7965627,0.05531914904713631,0.12999999523162842,0.22200000286102295
YNL159C,YNL333W,0,-4.79665,0.05529562011361122,0.12999999523162842,0.22210000455379486
YLL038C,YNL045W,0,-4.796713,0.05527210980653763,0.12999999523162842,0.22220000624656677
YHR072W-A,YGR231C,0,-4.7967663,0.05524861812591553,0.12999999523162842,0.2222999930381775
YJL085W,YDR478W,0,-4.7969236,0.05522514879703522,0.12999999523162842,0.2223999947309494
YDR490C,YHL012W,0,-4.7969685,0.0552016980946064,0.12999999523162842,0.2224999964237213
YMR319C,YNR039C,1,-4.797072,0.05560271814465523,0.13099999725818634,0.2224999964237213
YBR135W,YLR381W,0,-4.797137,0.05557912588119507,0.13099999725818634,0.22259999811649323
YKL086W,YDR453C,0,-4.7973895,0.0555555559694767,0.13099999725818634,0.22269999980926514
YIL004C,YBR165W,0,-4.797882,0.055532004684209824,0.13099999725818634,0.22280000150203705
YPR046W,YNL317W,0,-4.7979364,0.05550847575068474,0.13099999725818634,0.22290000319480896
YNL031C,YPR198W,0,-4.797967,0.055484965443611145,0.13099999725818634,0.22300000488758087
YER017C,YPL283C,0,-4.7980113,0.055461473762989044,0.13099999725818634,0.22310000658035278
YLL003W,YEL057C,0,-4.798133,0.055438000708818436,0.13099999725818634,0.2231999933719635
YJR069C,YOL124C,0,-4.7983036,0.05541455000638962,0.13099999725818634,0.2232999950647354
YPL213W,YFL038C,0,-4.798642,0.05539112165570259,0.13099999725818634,0.22339999675750732
YKL112W,YBR012W-A,0,-4.798655,0.05536770820617676,0.13099999725818634,0.22349999845027924
YMR288W,YER075C,0,-4.79873,0.055344317108392715,0.13099999725818634,0.22360000014305115
YJL024C,YDR177W,0,-4.7987423,0.055320944637060165,0.13099999725818634,0.22370000183582306
YGR145W,YBR087W,0,-4.7990236,0.055297594517469406,0.13099999725818634,0.22380000352859497
YOR094W,YML095C,0,-4.799179,0.05527426302433014,0.13099999725818634,0.22390000522136688
YGR120C,YHL002W,0,-4.7992373,0.055250950157642365,0.13099999725818634,0.2240000069141388
YLR226W,YNL182C,0,-4.7993593,0.05522765591740608,0.13099999725818634,0.2240999937057495
YMR213W,YJR063W,0,-4.7994328,0.05520438402891159,0.13099999725818634,0.22419999539852142
YKL101W,YLR026C,0,-4.7994423,0.05518112704157829,0.13099999725818634,0.22429999709129333
YOR144C,YIR013C,0,-4.799644,0.055157896131277084,0.13099999725818634,0.22439999878406525
YER109C,YMR163C,0,-4.799818,0.05513468012213707,0.13099999725818634,0.22450000047683716
YLR022C,YMR005W,0,-4.7999496,0.055111486464738846,0.13099999725818634,0.22460000216960907
YER133W,YML103C,0,-4.80021,0.055088307708501816,0.13099999725818634,0.22470000386238098
YKL089W,YER118C,0,-4.800247,0.055065155029296875,0.13099999725818634,0.2248000055551529
YDR289C,YLL002W,0,-4.800323,0.05504201725125313,0.13099999725818634,0.2249000072479248
YGR256W,YGR272C,0,-4.800642,0.05501889809966087,0.13099999725818634,0.22499999403953552
YNL084C,YGL084C,0,-4.800783,0.05499580129981041,0.13099999725818634,0.22509999573230743
YER107C,YPL085W,0,-4.8013463,0.05497272312641144,0.13099999725818634,0.22519999742507935
YFR028C,YEL022W,0,-4.8013554,0.05494966357946396,0.13099999725818634,0.22529999911785126
YML130C,YBL050W,0,-4.8013563,0.05492662638425827,0.13099999725818634,0.22540000081062317
YER044C,YDR342C,0,-4.8015504,0.054903604090213776,0.13099999725818634,0.22550000250339508
YLR052W,YLR312C-B,0,-4.8016663,0.05488060414791107,0.13099999725818634,0.225600004196167
YFL021W,YHR158C,0,-4.801964,0.05485762283205986,0.13099999725818634,0.2257000058889389
YGL180W,YPR095C,0,-4.802175,0.05483466014266014,0.13099999725818634,0.22579999268054962
YGR121C,YDR322C-A,1,-4.802376,0.05523012578487396,0.13199999928474426,0.22579999268054962
YDR122W,YLR260W,0,-4.802472,0.0552070252597332,0.13199999928474426,0.22589999437332153
YDL097C,YLR026C,0,-4.80289,0.05518394708633423,0.13199999928474426,0.22599999606609344
YFL029C,YIL021W,0,-4.8031464,0.05516088753938675,0.13199999928474426,0.22609999775886536
YOR058C,YNL118C,0,-4.8031654,0.055137842893600464,0.13199999928474426,0.22619999945163727
YFR046C,YHR001W-A,0,-4.803348,0.05511482432484627,0.13199999928474426,0.22630000114440918
YPR111W,YPL214C,0,-4.8034554,0.055091820657253265,0.13199999928474426,0.2264000028371811
YML095C,YER005W,0,-4.803464,0.055068835616111755,0.13199999928474426,0.226500004529953
YFL031W,YKL029C,0,-4.8035054,0.055045872926712036,0.13199999928474426,0.22660000622272491
YMR275C,YCR020W-B,0,-4.8039784,0.05502292513847351,0.13199999928474426,0.22669999301433563
YIL135C,YHR214C-B,0,-4.8043504,0.054999999701976776,0.13199999928474426,0.22679999470710754
YGL174W,YLR260W,0,-4.8043776,0.054977092891931534,0.13199999928474426,0.22689999639987946
YLR381W,YKR009C,0,-4.8045034,0.054954204708337784,0.13199999928474426,0.22699999809265137
YML012W,YKR062W,0,-4.8046637,0.054931335151195526,0.13199999928474426,0.22709999978542328
YNL038W,YDR432W,0,-4.8047237,0.05490848422050476,0.13199999928474426,0.2272000014781952
YDL175C,YPL147W,0,-4.805032,0.054885655641555786,0.13199999928474426,0.2273000031709671
YER146W,YPL082C,0,-4.805115,0.054862841963768005,0.13199999928474426,0.227400004863739
YDL013W,YML069W,0,-4.8054647,0.054840050637722015,0.13199999928474426,0.22750000655651093
YGL070C,YJL192C,0,-4.805816,0.05481727421283722,0.13199999928474426,0.22759999334812164
YLR459W,YLR396C,0,-4.8058352,0.054794520139694214,0.13199999928474426,0.22769999504089355
YOL144W,YOL102C,0,-4.805951,0.0547717846930027,0.13199999928474426,0.22779999673366547
YJR070C,YML064C,0,-4.8060064,0.05474906787276268,0.13199999928474426,0.22789999842643738
YGL175C,YDL077C,0,-4.806211,0.05472636967897415,0.13199999928474426,0.2280000001192093
YJR001W,YMR287C,0,-4.8062897,0.054703690111637115,0.13199999928474426,0.2281000018119812
YMR022W,YGR122W,0,-4.806879,0.05468102917075157,0.13199999928474426,0.2282000035047531
YIL016W,YIL063C,0,-4.807128,0.05465838685631752,0.13199999928474426,0.22830000519752502
YOR274W,YOR110W,0,-4.8073106,0.05463576316833496,0.13199999928474426,0.22840000689029694
YJR082C,YDR198C,0,-4.807429,0.054613158106803894,0.13199999928474426,0.22849999368190765
YBR041W,YLR219W,0,-4.807578,0.05459057167172432,0.13199999928474426,0.22859999537467957
YGR221C,YCL074W,0,-4.807581,0.05456800386309624,0.13199999928474426,0.22869999706745148
YNL130C,YER044C,0,-4.807828,0.05454545468091965,0.13199999928474426,0.2287999987602234
YNL031C,YGR118W,0,-4.8084593,0.05452292412519455,0.13199999928474426,0.2289000004529953
YDR421W,YDR176W,0,-4.8085394,0.054500412195920944,0.13199999928474426,0.2290000021457672
YER026C,YDR079W,0,-4.808561,0.05447791889309883,0.13199999928474426,0.22910000383853912
YDR138W,YBL102W,0,-4.808759,0.05445544421672821,0.13199999928474426,0.22920000553131104
YFL034C-B,YMR004W,0,-4.808837,0.05443298816680908,0.13199999928474426,0.22930000722408295
YFL060C,YJR019C,0,-4.8089294,0.054410550743341446,0.13199999928474426,0.22939999401569366
YPL235W,YNL131W,0,-4.809001,0.0543881319463253,0.13199999928474426,0.22949999570846558
YIL051C,YNL263C,0,-4.8090878,0.05436573177576065,0.13199999928474426,0.2295999974012375
YLR196W,YGR276C,0,-4.809292,0.05434335023164749,0.13199999928474426,0.2296999990940094
YHL047C,YKR052C,1,-4.809294,0.05473250895738602,0.13300000131130219,0.2296999990940094
YPL161C,YNL273W,0,-4.809393,0.05470999702811241,0.13300000131130219,0.2298000007867813
YLR206W,YAL056W,0,-4.8095727,0.0546875,0.13300000131130219,0.22990000247955322
YDR443C,YOR270C,0,-4.8098044,0.05466502159833908,0.13300000131130219,0.23000000417232513
YDR288W,YOR290C,0,-4.810099,0.054642561823129654,0.13300000131130219,0.23010000586509705
YPL053C,YAL010C,0,-4.8102336,0.05462012439966202,0.13300000131130219,0.23019999265670776
YBR201W,YIR013C,0,-4.8102894,0.054597701877355576,0.13300000131130219,0.23029999434947968
YLR390W-A,YKL080W,0,-4.8102894,0.054575297981500626,0.13300000131130219,0.2303999960422516
YKL068W,YPR173C,0,-4.810436,0.05455291271209717,0.13300000131130219,0.2304999977350235
YIL065C,YDR362C,0,-4.810673,0.0545305460691452,0.13300000131130219,0.2305999994277954
YCL016C,YKL051W,0,-4.810676,0.05450819805264473,0.13300000131130219,0.23070000112056732
YPL046C,YMR030W,0,-4.811035,0.05448586493730545,0.13300000131130219,0.23080000281333923
YER009W,YCL031C,0,-4.8111258,0.05446355417370796,0.13300000131130219,0.23090000450611115
YCR020C-A,YDR325W,0,-4.8114367,0.054441262036561966,0.13300000131130219,0.23100000619888306
YOR074C,YML094W,0,-4.8114557,0.054418984800577164,0.13300000131130219,0.23109999299049377
YJR042W,YOR081C,0,-4.8114605,0.054396726191043854,0.13300000131130219,0.23119999468326569
YBL007C,YIL147C,0,-4.811496,0.054374489933252335,0.13300000131130219,0.2312999963760376
YOR026W,YIR021W,0,-4.811886,0.05435226857662201,0.13300000131130219,0.2313999980688095
YGL174W,YNL107W,0,-4.8119864,0.054330065846443176,0.13300000131130219,0.23149999976158142
YKR055W,YDR400W,0,-4.8125787,0.054307881742715836,0.13300000131130219,0.23160000145435333
YNL055C,YOR137C,1,-4.812894,0.05469387769699097,0.1340000033378601,0.23160000145435333
YGL252C,YGL212W,0,-4.812909,0.05467156320810318,0.1340000033378601,0.23170000314712524
YGL208W,YPL180W,0,-4.812928,0.054649267345666885,0.1340000033378601,0.23180000483989716
YOR267C,YHR030C,0,-4.8129835,0.054626986384391785,0.1340000033378601,0.23190000653266907
YNL038W,YNL218W,0,-4.813196,0.054604727774858475,0.1340000033378601,0.23199999332427979
YPL244C,YLR442C,0,-4.8134484,0.05458248406648636,0.1340000033378601,0.2320999950170517
YDR097C,YAL068C,0,-4.8142023,0.054560258984565735,0.1340000033378601,0.2321999967098236
YNL071W,YDL080C,0,-4.8142214,0.0545380562543869,0.1340000033378601,0.23229999840259552
YOL135C,YOR075W,0,-4.814327,0.054515864700078964,0.1340000033378601,0.23240000009536743
YDR301W,YGL016W,0,-4.8144693,0.05449369549751282,0.1340000033378601,0.23250000178813934
YBR091C,YLR059C,0,-4.8148775,0.05447154492139816,0.1340000033378601,0.23260000348091125
YPR154W,YML013W,0,-4.815075,0.0544494092464447,0.1340000033378601,0.23270000517368317
YML036W,YPL208W,0,-4.8152685,0.05442729592323303,0.1340000033378601,0.23280000686645508
YDL160C,YNL167C,0,-4.8155985,0.054405197501182556,0.1340000033378601,0.2328999936580658
YBR267W,YIL022W,0,-4.8157244,0.05438311770558357,0.1340000033378601,0.2329999953508377
YLR381W,YDL052C,0,-4.815797,0.05436105653643608,0.1340000033378601,0.23309999704360962
YJL034W,YPL169C,0,-4.8158593,0.05433901026844978,0.1340000033378601,0.23319999873638153
YPL174C,YNL267W,0,-4.815906,0.05431698262691498,0.1340000033378601,0.23330000042915344
YAR033W,YGL063W,0,-4.81591,0.054294977337121964,0.1340000033378601,0.23340000212192535
YLR246W,YHR181W,0,-4.815983,0.054272983223199844,0.1340000033378601,0.23350000381469727
YFL057C,YDR115W,0,-4.8163185,0.054251011461019516,0.1340000033378601,0.23360000550746918
YGL192W,YIL084C,0,-4.816414,0.05422905832529068,0.1340000033378601,0.2337000072002411
YOR290C,YIL039W,0,-4.816552,0.05420712009072304,0.1340000033378601,0.2337999939918518
YKL084W,YDL052C,0,-4.8166533,0.05418520048260689,0.1340000033378601,0.23389999568462372
YPL100W,YJL030W,0,-4.816655,0.05416329950094223,0.1340000033378601,0.23399999737739563
YHR073W,YHR070W,0,-4.8167,0.054141413420438766,0.1340000033378601,0.23409999907016754
YJL085W,YGL095C,0,-4.816741,0.054119545966386795,0.1340000033378601,0.23420000076293945
YGR097W,YMR276W,0,-4.816803,0.054097697138786316,0.1340000033378601,0.23430000245571136
YJR105W,YER177W,0,-4.8171434,0.05407586693763733,0.1340000033378601,0.23440000414848328
YNL206C,YGR195W,0,-4.817188,0.054054055362939835,0.1340000033378601,0.2345000058412552
YDR279W,YLR466W,0,-4.8172717,0.054032258689403534,0.1340000033378601,0.2345999926328659
YNL073W,YPL083C,0,-4.8175163,0.054010480642318726,0.1340000033378601,0.23469999432563782
YGL151W,YCR052W,0,-4.817524,0.05398871749639511,0.1340000033378601,0.23479999601840973
YBR135W,YCL075W,0,-4.8175592,0.05396697670221329,0.1340000033378601,0.23489999771118164
YPL022W,YDR201W,0,-4.817603,0.05394525080919266,0.1340000033378601,0.23499999940395355
YOL156W,YOR081C,0,-4.8178906,0.05392353981733322,0.1340000033378601,0.23510000109672546
YML077W,YDR164C,0,-4.817914,0.053901851177215576,0.1340000033378601,0.23520000278949738
YOR127W,YNL273W,0,-4.8179493,0.053880177438259125,0.1340000033378601,0.2353000044822693
YIL076W,YLR301W,0,-4.81841,0.053858522325754166,0.1340000033378601,0.2354000061750412
YDR236C,YJL100W,0,-4.818473,0.0538368821144104,0.1340000033378601,0.23549999296665192
YHL025W,YJL056C,0,-4.8187346,0.05381526052951813,0.1340000033378601,0.23559999465942383
YJL011C,YGR185C,0,-4.818903,0.05379365757107735,0.1340000033378601,0.23569999635219574
YHR107C,YPR161C,0,-4.818923,0.05377206951379776,0.1340000033378601,0.23579999804496765
YGR030C,YDL015C,0,-4.8191166,0.053750500082969666,0.1340000033378601,0.23589999973773956
YNL101W,YDL244W,0,-4.819298,0.05372894927859306,0.1340000033378601,0.23600000143051147
YML102W,YDL058W,0,-4.81937,0.053707413375377655,0.1340000033378601,0.2361000031232834
YMR288W,YIR033W,0,-4.820032,0.05368589609861374,0.1340000033378601,0.2362000048160553
YHR073W,YBR083W,0,-4.8200336,0.053664397448301315,0.1340000033378601,0.2363000065088272
YPL195W,YKL088W,0,-4.820214,0.053642913699150085,0.1340000033378601,0.23639999330043793
YLR431C,YOR319W,0,-4.820282,0.05362144857645035,0.1340000033378601,0.23649999499320984
YPL115C,YPL084W,0,-4.8203735,0.053599998354911804,0.1340000033378601,0.23659999668598175
YPL232W,YNL131W,0,-4.820382,0.05357856675982475,0.1340000033378601,0.23669999837875366
YOR026W,YMR276W,0,-4.820403,0.053557153791189194,0.1340000033378601,0.23680000007152557
YGL183C,YNL262W,0,-4.820696,0.05353575572371483,0.1340000033378601,0.23690000176429749
YDL035C,YML049C,0,-4.820798,0.053514376282691956,0.1340000033378601,0.2370000034570694
YBR211C,YER018C,0,-4.820907,0.053493015468120575,0.1340000033378601,0.2371000051498413
YIL065C,YNL229C,0,-4.820917,0.05347166955471039,0.1340000033378601,0.23720000684261322
YPL048W,YOR098C,0,-4.8209643,0.053450338542461395,0.1340000033378601,0.23729999363422394
YDR116C,YCL020W,0,-4.821069,0.053429026156663895,0.1340000033378601,0.23739999532699585
YHR099W,YFL038C,0,-4.82141,0.053407732397317886,0.1340000033378601,0.23749999701976776
YKL186C,YMR179W,0,-4.821726,0.05338645353913307,0.1340000033378601,0.23759999871253967
YPL145C,YKL055C,0,-4.821729,0.05336519330739975,0.1340000033378601,0.23770000040531158
YDR511W,YGL005C,0,-4.821827,0.05334394797682762,0.1340000033378601,0.2378000020980835
YBL078C,YOL111C,0,-4.82183,0.053322721272706985,0.1340000033378601,0.2379000037908554
YKL160W,YGR083C,0,-4.8219543,0.05330151319503784,0.1340000033378601,0.23800000548362732
YPL227C,YCR002C,0,-4.8222284,0.053280316293239594,0.1340000033378601,0.23810000717639923
YDR175C,YJR086W,0,-4.822962,0.053259141743183136,0.1340000033378601,0.23819999396800995
YBR159W,YGL136C,0,-4.8229733,0.05323798209428787,0.1340000033378601,0.23829999566078186
YOL144W,YOR338W,0,-4.8230104,0.0532168373465538,0.1340000033378601,0.23839999735355377
YDR099W,YDL085W,0,-4.8230495,0.053195711225271225,0.1340000033378601,0.23849999904632568
YOR040W,YHL031C,0,-4.823113,0.05317460373044014,0.1340000033378601,0.2386000007390976
YPL126W,YLR448W,0,-4.8231945,0.05315351113677025,0.1340000033378601,0.2387000024318695
YML047C,YDR065W,0,-4.823361,0.05313243344426155,0.1340000033378601,0.23880000412464142
YKL022C,YIL029C,0,-4.823469,0.053111374378204346,0.1340000033378601,0.23890000581741333
YNL038W,YBR173C,0,-4.823477,0.05309033393859863,0.1340000033378601,0.23899999260902405
YDR228C,YOR270C,0,-4.8235025,0.053069308400154114,0.1340000033378601,0.23909999430179596
YPR201W,YNR039C,1,-4.8235316,0.05344418063759804,0.13500000536441803,0.23909999430179596
YPL048W,YDR328C,0,-4.8235645,0.05342303216457367,0.13500000536441803,0.23919999599456787
YDL198C,YBR127C,0,-4.823593,0.053401898592710495,0.13500000536441803,0.23929999768733978
YNL286W,YNL147W,0,-4.8236046,0.05338078364729881,0.13500000536441803,0.2393999993801117
YBL052C,YDL159W,0,-4.823616,0.053359683603048325,0.13500000536441803,0.2395000010728836
YCR093W,YBR055C,0,-4.823618,0.05333860218524933,0.13500000536441803,0.23960000276565552
YGL094C,YHR205W,0,-4.823827,0.053317535668611526,0.13500000536441803,0.23970000445842743
YGL213C,YLR424W,0,-4.8238554,0.05329648777842522,0.13500000536441803,0.23980000615119934
YDL142C,YDR159W,0,-4.823947,0.0532754547894001,0.13500000536441803,0.23989999294281006
YNL231C,YER075C,0,-4.8243704,0.05325443670153618,0.13500000536441803,0.23999999463558197
YPL208W,YDR201W,0,-4.8245792,0.05323343724012375,0.13500000536441803,0.24009999632835388
YBR207W,YNR039C,1,-4.824611,0.05360662192106247,0.13600000739097595,0.24009999632835388
YDL106C,YML069W,0,-4.8246965,0.05358549952507019,0.13600000739097595,0.2401999980211258
YMR065W,YDL159W,0,-4.8249745,0.053564395755529404,0.13600000739097595,0.2402999997138977
YLR047C,YDR434W,0,-4.8250546,0.05354330688714981,0.13600000739097595,0.24040000140666962
YDR038C,YGL167C,1,-4.8250647,0.053915780037641525,0.13699999451637268,0.24040000140666962
YOR221C,YIL030C,0,-4.8250885,0.05389457195997238,0.13699999451637268,0.24050000309944153
YPL049C,YML115C,0,-4.825225,0.05387337878346443,0.13699999451637268,0.24060000479221344
YEL050C,YDL216C,0,-4.8252335,0.053852200508117676,0.13699999451637268,0.24070000648498535
YPR165W,YCL019W,0,-4.8252897,0.05383104085922241,0.13699999451637268,0.24079999327659607
YDR151C,YGL038C,0,-4.825492,0.05380989611148834,0.13699999451637268,0.24089999496936798
YNL097C,YDR494W,0,-4.8255987,0.053788769990205765,0.13699999451637268,0.2409999966621399
YOR217W,YHR062C,0,-4.8257546,0.05376766249537468,0.13699999451637268,0.2410999983549118
YCL014W,YPL248C,0,-4.8260503,0.05374656617641449,0.13699999451637268,0.24120000004768372
YJL014W,YLR266C,0,-4.8261185,0.05372548848390579,0.13699999451637268,0.24130000174045563
YDR083W,YPL235W,0,-4.826149,0.05370442941784859,0.13699999451637268,0.24140000343322754
YPL160W,YPL210C,0,-4.8262477,0.053683385252952576,0.13699999451637268,0.24150000512599945
YFL011W,YJL204C,0,-4.8265276,0.05366235971450806,0.13699999451637268,0.24160000681877136
YFL057C,YML039W,0,-4.826593,0.05364134535193443,0.13699999451637268,0.24169999361038208
YDR483W,YOR007C,0,-4.8265944,0.0536203533411026,0.13699999451637268,0.241799995303154
YLR044C,YAL023C,0,-4.8267508,0.05359937250614166,0.13699999451637268,0.2418999969959259
YML102W,YBR009C,0,-4.8269405,0.053578414022922516,0.13699999451637268,0.24199999868869781
YBL099W,YFL041W,1,-4.8273063,0.05394839867949486,0.1379999965429306,0.24199999868869781
YDR224C,YDL092W,0,-4.827777,0.05392731353640556,0.1379999965429306,0.24210000038146973
YMR234W,YOR305W,0,-4.827791,0.05390625074505806,0.1379999965429306,0.24220000207424164
YNL051W,YOR216C,0,-4.828007,0.05388520285487175,0.1379999965429306,0.24230000376701355
YCL024W,YPR161C,0,-4.82846,0.053864169865846634,0.1379999965429306,0.24240000545978546
YNL111C,YPL275W,0,-4.828467,0.05384315177798271,0.1379999965429306,0.24250000715255737
YBL079W,YLR442C,0,-4.829008,0.05382215231657028,0.1379999965429306,0.2425999939441681
YOL133W,YDL077C,0,-4.8290305,0.053801167756319046,0.1379999965429306,0.24269999563694
YCR052W,YJL080C,0,-4.829105,0.0537802018225193,0.1379999965429306,0.24279999732971191
YAR044W,YGR141W,0,-4.829192,0.05375925078988075,0.1379999965429306,0.24289999902248383
YPR161C,YPL239W,0,-4.829297,0.053738318383693695,0.1379999965429306,0.24300000071525574
YML120C,YJR028W,0,-4.8293443,0.05371740087866783,0.1379999965429306,0.24310000240802765
YJR082C,YJL061W,0,-4.829464,0.05369649827480316,0.1379999965429306,0.24320000410079956
YAR002C-A,YDR481C,0,-4.829475,0.053675614297389984,0.1379999965429306,0.24330000579357147
YNL329C,YPL243W,0,-4.8296432,0.053654745221138,0.1379999965429306,0.2433999925851822
YNL297C,YBL018C,0,-4.8300104,0.05363389104604721,0.1379999965429306,0.2434999942779541
YDR494W,YDL064W,0,-4.830337,0.053613051772117615,0.1379999965429306,0.243599995970726
YLR116W,YER005W,0,-4.8303795,0.05359223484992981,0.1379999965429306,0.24369999766349792
YOR074C,YOR039W,0,-4.830452,0.0535714291036129,0.1379999965429306,0.24379999935626984
YLR330W,YBR087W,0,-4.8304987,0.05355064198374748,0.1379999965429306,0.24390000104904175
YNL099C,YNR046W,0,-4.830505,0.05352986976504326,0.1379999965429306,0.24400000274181366
YIL026C,YJR026W,0,-4.8308744,0.05350911244750023,0.1379999965429306,0.24410000443458557
YGL058W,YMR247C,0,-4.830881,0.05348837375640869,0.1379999965429306,0.24420000612735748
YPL209C,YKL154W,0,-4.8309216,0.05346764996647835,0.1379999965429306,0.2442999929189682
YJR139C,YER138C,0,-4.8310175,0.0534469410777092,0.1379999965429306,0.2443999946117401
YAL041W,YDL101C,0,-4.8314304,0.05342624709010124,0.1379999965429306,0.24449999630451202
YIL131C,YPL112C,0,-4.831442,0.05340557172894478,0.1379999965429306,0.24459999799728394
YBR102C,YLR386W,0,-4.8314514,0.05338491126894951,0.1379999965429306,0.24469999969005585
YCR098C,YOR334W,1,-4.8318567,0.05375096574425697,0.13899999856948853,0.24469999969005585
YMR032W,YIL026C,0,-4.831867,0.05373018980026245,0.13899999856948853,0.24480000138282776
YOL116W,YOR083W,0,-4.832223,0.05370942875742912,0.13899999856948853,0.24490000307559967
YML081C-A,YLR092W,1,-4.832564,0.054074931889772415,0.14000000059604645,0.24490000307559967
YLR068W,YDL092W,0,-4.832671,0.054054055362939835,0.14000000059604645,0.24500000476837158
YGL089C,YCL020W,0,-4.832926,0.05403319001197815,0.14000000059604645,0.2451000064611435
YLR285W,YBR165W,0,-4.8331213,0.054012347012758255,0.14000000059604645,0.2451999932527542
YPR094W,YJL139C,0,-4.8331757,0.053991515189409256,0.14000000059604645,0.24529999494552612
YKL040C,YGR274C,0,-4.833316,0.05397070199251175,0.14000000059604645,0.24539999663829803
YDR192C,YDR172W,0,-4.833406,0.053949903696775436,0.14000000059604645,0.24549999833106995
YER149C,YHR154W,0,-4.833581,0.05392912030220032,0.14000000059604645,0.24560000002384186
YGL194C,YLL021W,0,-4.833892,0.05390835553407669,0.14000000059604645,0.24570000171661377
YJR013W,YOR259C,0,-4.8339186,0.05388760566711426,0.14000000059604645,0.24580000340938568
YLR148W,YBL014C,0,-4.8342304,0.05386687070131302,0.14000000059604645,0.2459000051021576
YMR172W,YHR005C-A,0,-4.8342733,0.05384615436196327,0.14000000059604645,0.2460000067949295
YAR018C,YGL035C,0,-4.8343487,0.05382545292377472,0.14000000059604645,0.24609999358654022
YMR049C,YNL153C,0,-4.834369,0.05380476638674736,0.14000000059604645,0.24619999527931213
YBR207W,YIL023C,1,-4.834607,0.05416826903820038,0.14100000262260437,0.24619999527931213
YBR004C,YJL127C,0,-4.834611,0.05414746701717377,0.14100000262260437,0.24629999697208405
YPR113W,YOR106W,0,-4.8347044,0.05412667989730835,0.14100000262260437,0.24639999866485596
YGL068W,YKL075C,0,-4.8347216,0.054105907678604126,0.14100000262260437,0.24650000035762787
YBL099W,YKL064W,1,-4.834853,0.05446873977780342,0.1420000046491623,0.24650000035762787
YGL047W,YJR044C,0,-4.83486,0.054447852075099945,0.1420000046491623,0.24660000205039978
YDR040C,YDR276C,1,-4.8350606,0.05481027066707611,0.14300000667572021,0.24660000205039978
YGL122C,YEL057C,0,-4.8350663,0.05478927120566368,0.14300000667572021,0.2467000037431717
YIL019W,YJR042W,0,-4.8351603,0.054768286645412445,0.14300000667572021,0.2468000054359436
YJL076W,YPR187W,0,-4.83539,0.0547473207116127,0.14300000667572021,0.24690000712871552
YLR376C,YNL290W,0,-4.835462,0.05472636967897415,0.14300000667572021,0.24699999392032623
YGR231C,YDR004W,0,-4.8354855,0.054705433547496796,0.14300000667572021,0.24709999561309814
YHR006W,YDR027C,0,-4.8355823,0.054684512317180634,0.14300000667572021,0.24719999730587006
YLR085C,YBR274W,0,-4.8356104,0.054663609713315964,0.14300000667572021,0.24729999899864197
YER107C,YJL165C,0,-4.8359146,0.05464272201061249,0.14300000667572021,0.24740000069141388
YOR381W,YGL254W,1,-4.835958,0.0550038181245327,0.14399999380111694,0.24740000069141388
YHR164C,YJL192C,0,-4.836033,0.05498281866312027,0.14399999380111694,0.2475000023841858
YNR019W,YBR080C,0,-4.836069,0.054961830377578735,0.14399999380111694,0.2476000040769577
YBR107C,YBL023C,0,-4.83631,0.05494086071848869,0.14399999380111694,0.24770000576972961
YPR141C,YHL028W,0,-4.8364363,0.05491990968585014,0.14399999380111694,0.24779999256134033
YPL123C,YMR087W,0,-4.8367195,0.05489896982908249,0.14399999380111694,0.24789999425411224
YER089C,YHL007C,0,-4.8367596,0.05487804859876633,0.14399999380111694,0.24799999594688416
YMR133W,YPL258C,0,-4.8368897,0.05485714226961136,0.14399999380111694,0.24809999763965607
YDR260C,YMR050C,0,-4.836892,0.05483625456690788,0.14399999380111694,0.24819999933242798
YNR057C,YMR050C,0,-4.8370132,0.0548153780400753,0.14399999380111694,0.2483000010251999
YHL036W,YBL005W-A,0,-4.837021,0.054794520139694214,0.14399999380111694,0.2484000027179718
YNL153C,YIL076W,0,-4.837278,0.05477367714047432,0.14399999380111694,0.2485000044107437
YLR248W,YDR306C,0,-4.8378787,0.05475285276770592,0.14399999380111694,0.24860000610351562
YKL182W,YOR287C,0,-4.837944,0.05473203957080841,0.14399999380111694,0.24869999289512634
YML081C-A,YFL041W,1,-4.838287,0.05509118363261223,0.14499999582767487,0.24869999289512634
YNL051W,YCL033C,0,-4.838641,0.055070262402296066,0.14499999582767487,0.24879999458789825
YNL051W,YHR060W,0,-4.8388867,0.0550493560731411,0.14499999582767487,0.24889999628067017
YML057W,YCR014C,0,-4.838938,0.055028464645147324,0.14499999582767487,0.24899999797344208
YNL059C,YDR188W,0,-4.838996,0.05500758811831474,0.14499999582767487,0.249099999666214
YBR155W,YML031W,0,-4.839299,0.054986726492643356,0.14499999582767487,0.2492000013589859
YGL192W,YIL013C,0,-4.8393884,0.05496588349342346,0.14499999582767487,0.2493000030517578
YKR003W,YLR006C,0,-4.839733,0.05494505539536476,0.14499999582767487,0.24940000474452972
YBR112C,YFR030W,0,-4.839735,0.054924242198467255,0.14499999582767487,0.24950000643730164
YPL046C,YIL061C,0,-4.8398833,0.05490344390273094,0.14499999582767487,0.24959999322891235
YPL146C,YBL061C,0,-4.839925,0.05488266423344612,0.14499999582767487,0.24969999492168427
YLR453C,YJL035C,0,-4.84,0.054861899465322495,0.14499999582767487,0.24979999661445618
YIR037W,YKL088W,0,-4.840054,0.05484114959836006,0.14499999582767487,0.2498999983072281
YGL166W,YBL005W-A,0,-4.8400784,0.05482041463255882,0.14499999582767487,0.25
YOR067C,YDL088C,0,-4.8402443,0.054799698293209076,0.14499999582767487,0.2500999867916107
YNL159C,YLR453C,0,-4.8403225,0.05477899685502052,0.14499999582767487,0.2502000033855438
YJL019W,YPR168W,0,-4.8406334,0.054758306592702866,0.14499999582767487,0.25029999017715454
YPL254W,YLR045C,0,-4.8408337,0.054737638682127,0.14499999582767487,0.25040000677108765
YBL099W,YDR040C,1,-4.8410983,0.055094338953495026,0.1459999978542328,0.25040000677108765
YKL016C,YNL259C,1,-4.8412557,0.05545077472925186,0.1469999998807907,0.25040000677108765
YMR059W,YPL157W,0,-4.841522,0.055429864674806595,0.1469999998807907,0.25049999356269836
YGL246C,YDL109C,0,-4.8420014,0.05540896952152252,0.1469999998807907,0.25060001015663147
YDR159W,YER087C-B,0,-4.842247,0.05538809299468994,0.1469999998807907,0.2506999969482422
YOR099W,YNR026C,0,-4.8423634,0.055367231369018555,0.1469999998807907,0.2508000135421753
YBR142W,YJL208C,0,-4.8424325,0.05534638464450836,0.1469999998807907,0.250900000333786
YLR429W,YJR033C,0,-4.8426104,0.05532555654644966,0.1469999998807907,0.25099998712539673
YDR456W,YGL006W,1,-4.8430285,0.05568096414208412,0.14800000190734863,0.25099998712539673
YOR079C,YDL147W,0,-4.843642,0.05566002428531647,0.14800000190734863,0.25110000371932983
YLR372W,YAR010C,0,-4.84367,0.05563909932971001,0.14800000190734863,0.25119999051094055
YMR188C,YNL098C,0,-4.843956,0.05561818927526474,0.14800000190734863,0.25130000710487366
YLR002C,YMR059W,0,-4.844001,0.05559729412198067,0.14800000190734863,0.2513999938964844
YIR017C,YAL068C,0,-4.844001,0.05557641759514809,0.14800000190734863,0.2515000104904175
YLR131C,YNL218W,0,-4.844021,0.0555555559694767,0.14800000190734863,0.2515999972820282
YNL148C,YMR293C,0,-4.8441496,0.05553470924496651,0.14800000190734863,0.2517000138759613
YBR274W,YAL010C,0,-4.84424,0.05551387742161751,0.14800000190734863,0.251800000667572
YKL165C,YPR189W,0,-4.8443437,0.05549306422472,0.14800000190734863,0.25189998745918274
YOL127W,YNL032W,0,-4.844344,0.05547226220369339,0.14800000190734863,0.25200000405311584
YPL240C,YBL058W,0,-4.8445115,0.05545147880911827,0.14800000190734863,0.25209999084472656
YGL133W,YLR016C,0,-4.8449373,0.055430710315704346,0.14800000190734863,0.25220000743865967
YDR021W,YPL117C,0,-4.845036,0.05540996044874191,0.14800000190734863,0.2522999942302704
YPL016W,YKL088W,0,-4.845139,0.055389221757650375,0.14800000190734863,0.2524000108242035
YER119C,YOL003C,0,-4.8451495,0.05536849796772003,0.14800000190734863,0.2524999976158142
YER021W,YOR117W,0,-4.845158,0.05534779280424118,0.14800000190734863,0.2526000142097473
YDR182W,YNL044W,0,-4.8454967,0.05532710254192352,0.14800000190734863,0.25270000100135803
YPR132W,YBL100W-B,0,-4.8455105,0.05530642718076706,0.14800000190734863,0.25279998779296875
YGL067W,YLR208W,0,-4.84552,0.05528576672077179,0.14800000190734863,0.25290000438690186
YDR168W,YBR244W,0,-4.845653,0.05526512488722801,0.14800000190734863,0.2529999911785126
YIL048W,YFL004W,0,-4.845849,0.05524449422955513,0.14800000190734863,0.2531000077724457
YDR198C,YER123W,0,-4.8461432,0.05522388219833374,0.14800000190734863,0.2531999945640564
YOR106W,YCL020W,0,-4.846285,0.055203281342983246,0.14800000190734863,0.2533000111579895
YPL244C,YDL208W,0,-4.8464184,0.055182699114084244,0.14800000190734863,0.2533999979496002
YBR142W,YIL082W-A,0,-4.846845,0.055162131786346436,0.14800000190734863,0.2535000145435333
YFR008W,YLL026W,0,-4.846968,0.05514157935976982,0.14800000190734863,0.25360000133514404
YJL058C,YDL225W,0,-4.8470473,0.0551210418343544,0.14800000190734863,0.25369998812675476
YJL128C,YHR111W,0,-4.847061,0.05510052293539047,0.14800000190734863,0.25380000472068787
YFL013C,YCR033W,0,-4.8470755,0.05508001521229744,0.14800000190734863,0.2538999915122986
YBR036C,YOL071W,0,-4.847102,0.0550595223903656,0.14800000190734863,0.2540000081062317
YLR206W,YLR455W,0,-4.8472114,0.055039048194885254,0.14800000190734863,0.2540999948978424
YKL034W,YGL104C,0,-4.8473697,0.0550185889005661,0.14800000190734863,0.2542000114917755
YLR386W,YCL033C,0,-4.8474216,0.054998140782117844,0.14800000190734863,0.25429999828338623
YJR132W,YNL099C,0,-4.847443,0.05497771129012108,0.14800000190734863,0.25440001487731934
YNL099C,YJR052W,0,-4.8475847,0.05495729669928551,0.14800000190734863,0.25450000166893005
YDL101C,YER013W,0,-4.8476133,0.05493689700961113,0.14800000190734863,0.25459998846054077
YGR135W,YOL072W,0,-4.8478994,0.054916512221097946,0.14800000190734863,0.2547000050544739
YFR013W,YDR470C,0,-4.84842,0.054896142333745956,0.14800000190734863,0.2547999918460846
YJL085W,YHR111W,0,-4.8488016,0.05487578734755516,0.14800000190734863,0.2549000084400177
YER016W,YNL312W,0,-4.8488493,0.05485544726252556,0.14800000190734863,0.2549999952316284
YPR051W,YPR133W-A,0,-4.849017,0.05483512580394745,0.14800000190734863,0.2551000118255615
YFL022C,YKL032C,0,-4.849222,0.054814815521240234,0.14800000190734863,0.25519999861717224
YKL045W,YGL070C,0,-4.8493953,0.054794520139694214,0.14800000190734863,0.25529998540878296
YGL054C,YNL164C,0,-4.8507605,0.05477423965930939,0.14800000190734863,0.25540000200271606
YPL127C,YGL212W,0,-4.8508153,0.05475397780537605,0.14800000190734863,0.2554999887943268
YKL200C,YKL040C,0,-4.85087,0.054733727127313614,0.14800000190734863,0.2556000053882599
YNL325C,YMR089C,0,-4.8515053,0.05471349507570267,0.14800000190734863,0.2556999921798706
YGL054C,YNL103W,0,-4.851939,0.054693274199962616,0.14800000190734863,0.2558000087738037
YML121W,YNL142W,1,-4.852002,0.055042482912540436,0.14900000393390656,0.2558000087738037
YPR201W,YIL114C,1,-4.8520203,0.05539143458008766,0.15000000596046448,0.2558000087738037
YDL178W,YMR283C,0,-4.8521357,0.055370986461639404,0.15000000596046448,0.25589999556541443
YMR163C,YBR170C,0,-4.8522263,0.05535055324435234,0.15000000596046448,0.25600001215934753
YDL045C,YPL151C,0,-4.8523173,0.05533013492822647,0.15000000596046448,0.25609999895095825
YNL161W,YNL102W,0,-4.8526707,0.055309735238552094,0.15000000596046448,0.25619998574256897
YCR020C-A,YDR279W,0,-4.8527155,0.05528934672474861,0.15000000596046448,0.2563000023365021
YMR234W,YDR469W,0,-4.852786,0.05526897683739662,0.15000000596046448,0.2563999891281128
YLR396C,YDL118W,0,-4.852927,0.05524861812591553,0.15000000596046448,0.2565000057220459
YFL022C,YDL207W,0,-4.853172,0.055228278040885925,0.15000000596046448,0.2565999925136566
YBR205W,YNL139C,0,-4.853513,0.05520794913172722,0.15000000596046448,0.2567000091075897
YDR439W,YLL016W,0,-4.8535247,0.055187638849020004,0.15000000596046448,0.25679999589920044
YLR285W,YLR147C,0,-4.8535333,0.055167339742183685,0.15000000596046448,0.25690001249313354
YDL244W,YNR006W,0,-4.853612,0.05514705926179886,0.15000000596046448,0.25699999928474426
YMR162C,YNL206C,0,-4.853681,0.05512678995728493,0.15000000596046448,0.257099986076355
YDR038C,YFL041W,1,-4.8538027,0.05547391623258591,0.1509999930858612,0.257099986076355
YDL099W,YER019C-A,0,-4.8538046,0.05545354261994362,0.1509999930858612,0.2572000026702881
YLR383W,YMR203W,0,-4.8538156,0.05543318763375282,0.1509999930858612,0.2572999894618988
YPL249C,YDR178W,0,-4.8539333,0.05541284382343292,0.1509999930858612,0.2574000060558319
YOR372C,YOR014W,0,-4.8540387,0.055392514914274216,0.1509999930858612,0.2574999928474426
YPL069C,YBR090C-A,0,-4.854191,0.055372204631567,0.1509999930858612,0.25760000944137573
YLR160C,YCL019W,0,-4.8542023,0.05535190552473068,0.1509999930858612,0.25769999623298645
YLR078C,YJL056C,0,-4.8545475,0.055331625044345856,0.1509999930858612,0.25780001282691956
YNL118C,YGR166W,0,-4.8547096,0.055311355739831924,0.1509999930858612,0.2578999996185303
YGR121C,YKR052C,1,-4.854725,0.055657267570495605,0.15199999511241913,0.2578999996185303
YKL056C,YKR056W,0,-4.855202,0.055636897683143616,0.15199999511241913,0.257999986410141
YDR054C,YOR221C,0,-4.855217,0.05561653897166252,0.15199999511241913,0.2581000030040741
YML112W,YOL005C,0,-4.8553977,0.05559619516134262,0.15199999511241913,0.2581999897956848
YGR120C,YLR430W,0,-4.8555183,0.05557586997747421,0.15199999511241913,0.2583000063896179
YEL066W,YMR087W,0,-4.8555565,0.0555555559694767,0.15199999511241913,0.25839999318122864
YKR097W,YBL105C,0,-4.855871,0.05553525686264038,0.15199999511241913,0.25850000977516174
YHL038C,YPL016W,0,-4.855947,0.055514972656965256,0.15199999511241913,0.25859999656677246
YJL076W,YPL180W,0,-4.856106,0.05549470707774162,0.15199999511241913,0.25870001316070557
YDR377W,YOR137C,1,-4.856145,0.0558394156396389,0.15299999713897705,0.25870001316070557
YHR186C,YBR231C,0,-4.8561497,0.05581904575228691,0.15299999713897705,0.2587999999523163
YMR033W,YJL110C,0,-4.856189,0.05579868704080582,0.15299999713897705,0.258899986743927
YBL003C,YLR200W,0,-4.8562765,0.055778343230485916,0.15299999713897705,0.2590000033378601
YJL179W,YLR383W,0,-4.856357,0.05575801804661751,0.15299999713897705,0.2590999901294708
YIR028W,YJL141C,0,-4.8564253,0.055737704038619995,0.15299999713897705,0.25920000672340393
YIL048W,YER012W,0,-4.8564334,0.055717408657073975,0.15299999713897705,0.25929999351501465
YEL029C,YML001W,0,-4.856456,0.05569712445139885,0.15299999713897705,0.25940001010894775
YBR211C,YPL234C,0,-4.8565726,0.05567685514688492,0.15299999713897705,0.25949999690055847
YPL164C,YGL095C,0,-4.856759,0.05565660074353218,0.15299999713897705,0.2596000134944916
YOR005C,YMR137C,0,-4.8568487,0.055636364966630936,0.15299999713897705,0.2597000002861023
YPR188C,YGR075C,0,-4.857202,0.055616140365600586,0.15299999713897705,0.259799987077713
YPL208W,YFL017W-A,0,-4.8572326,0.05559593066573143,0.15299999713897705,0.2599000036716461
YLR394W,YBL006C,0,-4.857741,0.05557573586702347,0.15299999713897705,0.25999999046325684
YJL173C,YML013W,0,-4.8578615,0.0555555559694767,0.15299999713897705,0.26010000705718994
YLR361C,YKL165C,0,-4.8580675,0.055535390973091125,0.15299999713897705,0.26019999384880066
YNL073W,YLR248W,0,-4.858276,0.055515240877866745,0.15299999713897705,0.26030001044273376
YDL045C,YJL089W,0,-4.8583674,0.05549510195851326,0.15299999713897705,0.2603999972343445
YFL041W,YKR052C,1,-4.8583975,0.055837564170360565,0.15399999916553497,0.2603999972343445
YJL111W,YBL058W,0,-4.858416,0.05581732466816902,0.15399999916553497,0.2605000138282776
YPL137C,YOR035C,0,-4.8587093,0.05579710006713867,0.15399999916553497,0.2606000006198883
YOR274W,YLR442C,0,-4.8590956,0.055776894092559814,0.15399999916553497,0.260699987411499
YLR285W,YEL013W,0,-4.859145,0.05575669929385185,0.15399999916553497,0.26080000400543213
YCL014W,YOR129C,0,-4.8591766,0.055736519396305084,0.15399999916553497,0.26089999079704285
YJR153W,YGR274C,0,-4.859234,0.05571635439991951,0.15399999916553497,0.26100000739097595
YMR272C,YKL088W,0,-4.8592587,0.05569620430469513,0.15399999916553497,0.26109999418258667
YLR102C,YJR027W,0,-4.859489,0.055676065385341644,0.15399999916553497,0.2612000107765198
YOR063W,YPL083C,0,-4.8595033,0.05565594509243965,0.15399999916553497,0.2612999975681305
YOL077W-A,YDR276C,1,-4.8596473,0.05599711090326309,0.1550000011920929,0.2612999975681305
YLL036C,YLR003C,0,-4.859675,0.05597688630223274,0.1550000011920929,0.2614000141620636
YDL165W,YGR083C,0,-4.8600626,0.055956680327653885,0.1550000011920929,0.2615000009536743
YDR377W,YGR008C,1,-4.8601274,0.056297365576028824,0.15600000321865082,0.2615000009536743
YER052C,YNR026C,0,-4.8602657,0.05627705529332161,0.15600000321865082,0.26159998774528503
YLR347C,YOR279C,0,-4.8603644,0.05625675991177559,0.15600000321865082,0.26170000433921814
YDR480W,YLR025W,0,-4.860388,0.05623648315668106,0.15600000321865082,0.26179999113082886
YMR298W,YLR301W,0,-4.8605704,0.05621621757745743,0.15600000321865082,0.26190000772476196
YDR013W,YJL204C,0,-4.860697,0.05619596689939499,0.15600000321865082,0.2619999945163727
YBR170C,YMR067C,0,-4.8606987,0.056175727397203445,0.15600000321865082,0.2621000111103058
YLR039C,YKR101W,0,-4.86097,0.056155506521463394,0.15600000321865082,0.2621999979019165
YLR429W,YGR086C,0,-4.861083,0.05613530054688454,0.15600000321865082,0.2623000144958496
YCR020W-B,YLR190W,0,-4.8613024,0.05611510947346687,0.15600000321865082,0.2624000012874603
YHR073W,YPR007C,0,-4.861305,0.056094929575920105,0.15600000321865082,0.26249998807907104
YER145C,YHR050W,1,-4.8615484,0.05643422156572342,0.15700000524520874,0.26249998807907104
YNL008C,YOR039W,0,-4.861576,0.05641394108533859,0.15700000524520874,0.26260000467300415
YMR280C,YBR080C,0,-4.861702,0.05639367923140526,0.15700000524520874,0.26269999146461487
YKL170W,YMR134W,0,-4.8619437,0.05637342855334282,0.15700000524520874,0.262800008058548
YKL146W,YLR234W,0,-4.862009,0.056353192776441574,0.15700000524520874,0.2628999948501587
YLR268W,YNL263C,0,-4.862081,0.05633297562599182,0.15700000524520874,0.2630000114440918
YKR048C,YML097C,0,-4.8623943,0.056312769651412964,0.15700000524520874,0.2630999982357025
YPR019W,YKL213C,0,-4.862543,0.0562925785779953,0.15700000524520874,0.2632000148296356
YIR002C,YLR055C,0,-4.8626175,0.05627240240573883,0.15700000524520874,0.26330000162124634
YFR037C,YMR050C,0,-4.863,0.056252241134643555,0.15700000524520874,0.26339998841285706
YMR267W,YHR181W,0,-4.863031,0.056232091039419174,0.15700000524520874,0.26350000500679016
YPR067W,YKR052C,1,-4.863604,0.05656999722123146,0.15800000727176666,0.26350000500679016
YOR144C,YPL053C,0,-4.8640614,0.05654975026845932,0.15800000727176666,0.2635999917984009
YBR023C,YJL222W,0,-4.8643093,0.05652951821684837,0.15800000727176666,0.263700008392334
YML095C,YPL011C,0,-4.8643794,0.05650929734110832,0.15800000727176666,0.2637999951839447
YHL020C,YKL145W,0,-4.8646355,0.05648909509181976,0.15800000727176666,0.2639000117778778
YNR059W,YGR006W,0,-4.8646364,0.0564689077436924,0.15800000727176666,0.2639999985694885
YNL075W,YLR410W,0,-4.864646,0.05644873157143593,0.15800000727176666,0.26409998536109924
YBR159W,YPL123C,0,-4.8648577,0.05642857030034065,0.15800000727176666,0.26420000195503235
YER015W,YDR470C,0,-4.8649416,0.05640842393040657,0.15800000727176666,0.26429998874664307
YKL022C,YLR210W,0,-4.8650775,0.05638829246163368,0.15800000727176666,0.26440000534057617
YNL258C,YDR309C,0,-4.865144,0.05636817589402199,0.15800000727176666,0.2644999921321869
YNL297C,YMR023C,0,-4.8651657,0.05634807422757149,0.15800000727176666,0.26460000872612
YGR218W,YOR254C,0,-4.8653593,0.05632798746228218,0.15800000727176666,0.2646999955177307
YLR319C,YPL233W,0,-4.8654633,0.05630791187286377,0.15800000727176666,0.2648000121116638
YDR301W,YFL008W,0,-4.865841,0.05628785118460655,0.15800000727176666,0.26489999890327454
YLR390W-A,YDR434W,0,-4.865858,0.05626780539751053,0.15800000727176666,0.26499998569488525
YER073W,YJL165C,0,-4.8659506,0.0562477745115757,0.15800000727176666,0.26510000228881836
YKL203C,YDL077C,0,-4.8659897,0.05622775852680206,0.15800000727176666,0.2651999890804291
YKR063C,YER082C,0,-4.8659954,0.05620775371789932,0.15800000727176666,0.2653000056743622
YDR040C,YDR322C-A,1,-4.8659973,0.05654338374733925,0.1589999943971634,0.2653000056743622
YLR052W,YHR167W,0,-4.8663864,0.05652328580617905,0.1589999943971634,0.2653999924659729
YBR247C,YAR009C,0,-4.8663907,0.05650319904088974,0.1589999943971634,0.265500009059906
YBL085W,YKL028W,0,-4.8664875,0.05648312717676163,0.1589999943971634,0.2655999958515167
YER179W,YBR272C,0,-4.866624,0.05646306648850441,0.1589999943971634,0.26570001244544983
YNL110C,YJR042W,0,-4.8666444,0.056443024426698685,0.1589999943971634,0.26579999923706055
YNL271C,YIL159W,0,-4.867003,0.056422993540763855,0.1589999943971634,0.26589998602867126
YJR001W,YHR042W,0,-4.8670444,0.05640298128128052,0.1589999943971634,0.26600000262260437
YKL208W,YOR089C,0,-4.867575,0.056382980197668076,0.1589999943971634,0.2660999894142151
YCR088W,YOR036W,0,-4.867614,0.05636299028992653,0.1589999943971634,0.2662000060081482
YLR320W,YGL211W,0,-4.867664,0.056343019008636475,0.1589999943971634,0.2662999927997589
YKL002W,YOL146W,0,-4.8677917,0.056323058903217316,0.1589999943971634,0.266400009393692
YGL071W,YLR214W,1,-4.8679376,0.056657224893569946,0.1599999964237213,0.266400009393692
YLL031C,YJL062W,0,-4.868011,0.05663716793060303,0.1599999964237213,0.26649999618530273
YDR288W,YER075C,0,-4.8681,0.0566171258687973,0.1599999964237213,0.26660001277923584
YIL110W,YNL290W,0,-4.868337,0.05659709870815277,0.1599999964237213,0.26669999957084656
YML011C,YNL079C,0,-4.8685207,0.056577086448669434,0.1599999964237213,0.2667999863624573
YKL004W,YOR281C,0,-4.8689036,0.05655708909034729,0.1599999964237213,0.2669000029563904
YBR217W,YPR122W,0,-4.869132,0.05653710290789604,0.1599999964237213,0.2669999897480011
YNL049C,YJL029C,0,-4.869137,0.05651713162660599,0.1599999964237213,0.2671000063419342
YGR057C,YCL062W,0,-4.8692474,0.05649717524647713,0.1599999964237213,0.2671999931335449
YAL041W,YGR251W,0,-4.869391,0.05647723376750946,0.1599999964237213,0.267300009727478
YPL268W,YKR031C,0,-4.869772,0.05645730346441269,0.1599999964237213,0.26739999651908875
YKL068W,YNL049C,0,-4.869922,0.05643738806247711,0.1599999964237213,0.26750001311302185
YNL288W,YGL210W,0,-4.870207,0.05641748756170273,0.1599999964237213,0.26759999990463257
YJL146W,YOR307C,0,-4.870295,0.05639760196208954,0.1599999964237213,0.2676999866962433
YGR121C,YBR037C,1,-4.8705316,0.05673009157180786,0.16099999845027924,0.2676999866962433
YDR294C,YDR310C,0,-4.870778,0.05671010911464691,0.16099999845027924,0.2678000032901764
YGR098C,YDL134C,0,-4.870804,0.056690141558647156,0.16099999845027924,0.2678999900817871
YFL034C-B,YDL098C,0,-4.8709536,0.056670185178518295,0.16099999845027924,0.2680000066757202
YOR023C,YOR008C,0,-4.8710685,0.05665024742484093,0.16099999845027924,0.26809999346733093
YPL049C,YNL023C,0,-4.8710866,0.056630320847034454,0.16099999845027924,0.26820001006126404
YDL045C,YHR079C-A,0,-4.8711348,0.056610409170389175,0.16099999845027924,0.26829999685287476
YKL021C,YGR104C,0,-4.871233,0.05659050866961479,0.16099999845027924,0.26840001344680786
YDR270W,YBR037C,1,-4.871398,0.05692199617624283,0.16200000047683716,0.26840001344680786
YOR354C,YML058W,0,-4.8714886,0.05690200254321098,0.16200000047683716,0.2685000002384186
YDL165W,YPR008W,0,-4.8716893,0.05688202381134033,0.16200000047683716,0.2685999870300293
YJR076C,YDR175C,0,-4.871916,0.056862056255340576,0.16200000047683716,0.2687000036239624
YDR382W,YDL015C,0,-4.8719254,0.056842103600502014,0.16200000047683716,0.2687999904155731
YNL297C,YGR006W,0,-4.8719926,0.056822165846824646,0.16200000047683716,0.2689000070095062
YGL078C,YJL190C,0,-4.872058,0.05680224299430847,0.16200000047683716,0.26899999380111694
YKL040C,YCR028C-A,0,-4.8721266,0.05678233504295349,0.16200000047683716,0.26910001039505005
YBR042C,YER165W,0,-4.8722095,0.056762438267469406,0.16200000047683716,0.26919999718666077
YPL085W,YDL224C,0,-4.8723383,0.056742556393146515,0.16200000047683716,0.26930001378059387
YPL227C,YMR267W,0,-4.872351,0.05672268941998482,0.16200000047683716,0.2694000005722046
YNL161W,YNL317W,0,-4.8723774,0.056702833622694016,0.16200000047683716,0.2694999873638153
YMR119W,YFR034C,0,-4.8725,0.056682996451854706,0.16200000047683716,0.2696000039577484
YPR161C,YCR033W,0,-4.872673,0.05666317045688629,0.16200000047683716,0.26969999074935913
YCR014C,YMR201C,0,-4.872877,0.05664335563778877,0.16200000047683716,0.26980000734329224
YMR184W,YJR125C,0,-4.872921,0.056623559445142746,0.16200000047683716,0.26989999413490295
YKL135C,YIL084C,0,-4.873106,0.056603774428367615,0.16200000047683716,0.27000001072883606
YPL174C,YPL083C,0,-4.873294,0.05658400431275368,0.16200000047683716,0.2700999975204468
YLR284C,YMR047C,0,-4.8734307,0.056564245373010635,0.16200000047683716,0.2702000141143799
YDR427W,YML131W,0,-4.8734317,0.05654450133442879,0.16200000047683716,0.2703000009059906
YKL146W,YPR164W,0,-4.873549,0.05652477219700813,0.16200000047683716,0.2703999876976013
YLR208W,YMR087W,0,-4.8738737,0.05650505796074867,0.16200000047683716,0.2705000042915344
YJL006C,YJL168C,0,-4.8740196,0.05648535490036011,0.16200000047683716,0.27059999108314514
YBR095C,YML055W,0,-4.874386,0.056465666741132736,0.16200000047683716,0.27070000767707825
YJL140W,YFR037C,0,-4.8745217,0.05644599348306656,0.16200000047683716,0.27079999446868896
YPL167C,YIL153W,0,-4.874666,0.05642633140087128,0.16200000047683716,0.27090001106262207
YPL084W,YDR306C,0,-4.8748713,0.05640668421983719,0.16200000047683716,0.2709999978542328
YIL014W,YDL047W,0,-4.8749976,0.056387051939964294,0.16200000047683716,0.2711000144481659
YBR159W,YLR249W,0,-4.875079,0.056367430835962296,0.16200000047683716,0.2712000012397766
YGL086W,YAL011W,0,-4.875175,0.05634782463312149,0.16200000047683716,0.27129998803138733
YGL181W,YJR052W,0,-4.875219,0.05632823333144188,0.16200000047683716,0.27140000462532043
YML112W,YLL004W,0,-4.8759356,0.05630865320563316,0.16200000047683716,0.27149999141693115
YPL170W,YPR173C,0,-4.876199,0.05628908798098564,0.16200000047683716,0.27160000801086426
YML086C,YLR361C,0,-4.8763037,0.05626953765749931,0.16200000047683716,0.271699994802475
YKL056C,YOR305W,0,-4.876701,0.05624999850988388,0.16200000047683716,0.2718000113964081
YLR242C,YBR213W,0,-4.8767767,0.05623047426342964,0.16200000047683716,0.2718999981880188
YBR029C,YFR005C,0,-4.876834,0.0562109649181366,0.16200000047683716,0.2720000147819519
YDR030C,YOR069W,0,-4.8768854,0.05619146674871445,0.16200000047683716,0.2721000015735626
YNL051W,YDL077C,0,-4.8770766,0.05617198348045349,0.16200000047683716,0.27219998836517334
YDL059C,YGL144C,0,-4.877548,0.05615251138806343,0.16200000047683716,0.27230000495910645
YDR123C,YER149C,0,-4.877659,0.05613305792212486,0.16200000047683716,0.27239999175071716
YJL099W,YBR170C,0,-4.8779926,0.05611361190676689,0.16200000047683716,0.27250000834465027
YDR418W,YDL118W,0,-4.8786173,0.05609418451786041,0.16200000047683716,0.272599995136261
YGL174W,YMR039C,0,-4.8786187,0.05607476457953453,0.16200000047683716,0.2727000117301941
YLR453C,YKR056W,0,-4.878694,0.05605536326766014,0.16200000047683716,0.2727999985218048
YMR168C,YPL008W,0,-4.8787155,0.05603597313165665,0.16200000047683716,0.2728999853134155
YDR040C,YFL041W,1,-4.878749,0.05636237934231758,0.16300000250339508,0.2728999853134155
YKL054C,YNL313C,0,-4.878762,0.056342896074056625,0.16300000250339508,0.27300000190734863
YDR365C,YGR057C,0,-4.87918,0.05632342770695686,0.16300000250339508,0.27309998869895935
YJL115W,YGR218W,0,-4.879209,0.056303970515728,0.16300000250339508,0.27320000529289246
YPR067W,YDR276C,1,-4.879248,0.056629832834005356,0.164000004529953,0.27320000529289246
YJL164C,YLR132C,0,-4.8794327,0.056610286235809326,0.164000004529953,0.2732999920845032
YPL164C,YOR305W,0,-4.8796005,0.05659075081348419,0.164000004529953,0.2734000086784363
YMR162C,YBL025W,0,-4.8797007,0.05657123029232025,0.164000004529953,0.273499995470047
YCL043C,YNL045W,0,-4.880317,0.056551724672317505,0.164000004529953,0.2736000120639801
YIL036W,YOR354C,0,-4.8804913,0.056532230228185654,0.164000004529953,0.2736999988555908
YJR013W,YLR357W,0,-4.8805237,0.056512750685214996,0.164000004529953,0.27379998564720154
YIL033C,YML127W,0,-4.8807015,0.056493282318115234,0.164000004529953,0.27390000224113464
YPR075C,YDR126W,0,-4.8809,0.056473828852176666,0.164000004529953,0.27399998903274536
YGL016W,YLR195C,0,-4.8813624,0.05645439028739929,0.164000004529953,0.27410000562667847
YPL050C,YNL222W,0,-4.881573,0.05643496289849281,0.164000004529953,0.2741999924182892
YHL002W,YMR089C,0,-4.8817854,0.05641555041074753,0.164000004529953,0.2743000090122223
YGL065C,YLR430W,0,-4.881973,0.05639614909887314,0.164000004529953,0.274399995803833
YDL097C,YNL046W,0,-4.882526,0.05637676268815994,0.164000004529953,0.2745000123977661
YMR116C,YML093W,0,-4.882564,0.05635738745331764,0.164000004529953,0.27459999918937683
YEL013W,YKL119C,0,-4.882859,0.056338027119636536,0.164000004529953,0.27469998598098755
YDL013W,YGL097W,0,-4.8830547,0.05631868168711662,0.164000004529953,0.27480000257492065
YGL174W,YKL144C,0,-4.8831377,0.056299347430467606,0.164000004529953,0.27489998936653137
YGL167C,YBR024W,1,-4.8832135,0.056623198091983795,0.16500000655651093,0.27489998936653137
YFL029C,YLR208W,0,-4.8833323,0.056603774428367615,0.16500000655651093,0.2750000059604645
YLR192C,YKR059W,0,-4.8834667,0.05658436194062233,0.16500000655651093,0.2750999927520752
YOL135C,YIR041W,0,-4.8835726,0.05656496435403824,0.16500000655651093,0.2752000093460083
YPL163C,YNL121C,0,-4.8835983,0.05654557794332504,0.16500000655651093,0.275299996137619
YOL123W,YBL005W-A,0,-4.8837013,0.05652620643377304,0.16500000655651093,0.2754000127315521
YMR292W,YGL028C,0,-4.883767,0.05650684982538223,0.16500000655651093,0.27549999952316284
YJL128C,YPL087W,0,-4.883975,0.05648750439286232,0.16500000655651093,0.27559998631477356
YPL204W,YOR305W,0,-4.883999,0.0564681738615036,0.16500000655651093,0.27570000290870667
YMR287C,YMR208W,0,-4.8840637,0.05644885450601578,0.16500000655651093,0.2757999897003174
YOL130W,YGR191W,1,-4.884243,0.056771546602249146,0.16599999368190765,0.2757999897003174
YMR012W,YHR200W,0,-4.884349,0.05675213783979416,0.16599999368190765,0.2759000062942505
YPL095C,YHR004C,0,-4.8843923,0.05673274025321007,0.16599999368190765,0.2759999930858612
YKL160W,YGL195W,0,-4.884657,0.05671335756778717,0.16599999368190765,0.2761000096797943
YPR135W,YLR386W,0,-4.884682,0.05669398978352547,0.16599999368190765,0.27619999647140503
YPL055C,YML085C,0,-4.8851557,0.05667463317513466,0.16599999368190765,0.27630001306533813
YMR267W,YKL058W,0,-4.885191,0.056655291467905045,0.16599999368190765,0.27639999985694885
YFL041W,YDR322C-A,1,-4.885494,0.05697714164853096,0.16699999570846558,0.27639999985694885
YPR105C,YDR369C,0,-4.885578,0.056957706809043884,0.16699999570846558,0.27649998664855957
YCR107W,YDR143C,0,-4.885635,0.056938286870718,0.16699999570846558,0.2766000032424927
YBR082C,YOL109W,0,-4.8858247,0.056918881833553314,0.16699999570846558,0.2766999900341034
YPR103W,YBR231C,0,-4.885955,0.05689948797225952,0.16699999570846558,0.2768000066280365
YPR188C,YOR290C,0,-4.886057,0.05688010901212692,0.16699999570846558,0.2768999934196472
YDR481C,YHR012W,0,-4.8861694,0.05686074122786522,0.16699999570846558,0.2770000100135803
YMR137C,YPL283C,0,-4.8864613,0.05684138834476471,0.16699999570846558,0.27709999680519104
YBR135W,YPL016W,0,-4.8868403,0.056822046637535095,0.16699999570846558,0.27720001339912415
YLR310C,YML088W,0,-4.8869033,0.056802719831466675,0.16699999570846558,0.27730000019073486
YBR009C,YDR219C,0,-4.8869295,0.05678340792655945,0.16699999570846558,0.2773999869823456
YML102W,YDR054C,0,-4.8870335,0.05676410719752312,0.16699999570846558,0.2775000035762787
YJL166W,YBL005W-A,0,-4.887114,0.05674481764435768,0.16699999570846558,0.2775999903678894
YIL070C,YIL082W-A,0,-4.8871574,0.05672554299235344,0.16699999570846558,0.2777000069618225
YJR007W,YCL019W,0,-4.887207,0.05670628324151039,0.16699999570846558,0.2777999937534332
YLR229C,YDR189W,0,-4.8873944,0.05668703466653824,0.16699999570846558,0.27790001034736633
YDR264C,YJL019W,0,-4.887585,0.05666779726743698,0.16699999570846558,0.27799999713897705
YNL290W,YDR115W,0,-4.887657,0.05664857476949692,0.16699999570846558,0.27810001373291016
YER019W,YLR195C,0,-4.8876605,0.05662936717271805,0.16699999570846558,0.2782000005245209
YLR014C,YDR312W,0,-4.8879824,0.056610170751810074,0.16699999570846558,0.2782999873161316
YOL094C,YPL283C,0,-4.888015,0.056590985506772995,0.16699999570846558,0.2784000039100647
YPR067W,YHR050W,1,-4.888135,0.056910570710897446,0.1679999977350235,0.2784000039100647
YBL099W,YNL291C,1,-4.8882923,0.05722993612289429,0.16899999976158142,0.2784000039100647
YDR116C,YGL039W,0,-4.888697,0.05721056088805199,0.16899999976158142,0.2784999907016754
YDR151C,YOR244W,0,-4.8887477,0.05719120055437088,0.16899999976158142,0.2786000072956085
YNL177C,YLR357W,0,-4.8888702,0.05717185512185097,0.16899999976158142,0.27869999408721924
YNL291C,YLR130C,1,-4.888879,0.057490698993206024,0.17000000178813934,0.27869999408721924
YFR037C,YDR306C,0,-4.888937,0.05747126415371895,0.17000000178813934,0.27880001068115234
YER002W,YER126C,0,-4.8889613,0.05745184049010277,0.17000000178813934,0.27889999747276306
YJR004C,YMR227C,0,-4.8894,0.05743243172764778,0.17000000178813934,0.27900001406669617
YFR019W,YCR020C,0,-4.889446,0.05741303786635399,0.17000000178813934,0.2791000008583069
YNL293W,YLR452C,0,-4.8895855,0.05739365145564079,0.17000000178813934,0.2791999876499176
YNL079C,YDL015C,0,-4.8898025,0.05737428367137909,0.17000000178813934,0.2793000042438507
YLR405W,YOR063W,0,-4.8898168,0.05735492706298828,0.17000000178813934,0.2793999910354614
YNL177C,YGL151W,0,-4.8898573,0.05733558163046837,0.17000000178813934,0.27950000762939453
YDR481C,YMR051C,0,-4.8899612,0.05731625109910965,0.17000000178813934,0.27959999442100525
YDL093W,YBR223C,0,-4.8899884,0.057296931743621826,0.17000000178813934,0.27970001101493835
YML006C,YPR112C,0,-4.890259,0.0572776272892952,0.17000000178813934,0.2797999978065491
YPL069C,YPL053C,0,-4.8904405,0.05725833773612976,0.17000000178813934,0.2799000144004822
YPR073C,YBR089C-A,0,-4.8907146,0.05723905563354492,0.17000000178813934,0.2800000011920929
YNL102W,YKL058W,0,-4.8911095,0.057219792157411575,0.17000000178813934,0.2800999879837036
YBR192W,YGR104C,0,-4.89138,0.057200539857149124,0.17000000178813934,0.2802000045776367
YDR518W,YER068W,0,-4.891424,0.05718129873275757,0.17000000178813934,0.28029999136924744
YJL141C,YHL009C,0,-4.8914266,0.057162072509527206,0.17000000178813934,0.28040000796318054
YGR257C,YNL055C,1,-4.891464,0.05747899040579796,0.17100000381469727,0.28040000796318054
YJL061W,YDR404C,0,-4.891494,0.05745967850089073,0.17100000381469727,0.28049999475479126
YMR012W,YOL127W,0,-4.8916154,0.0574403777718544,0.17100000381469727,0.28060001134872437
YKL012W,YDL244W,0,-4.8916407,0.057421088218688965,0.17100000381469727,0.2806999981403351
YLR270W,YGL142C,0,-4.891934,0.05740181356668472,0.17100000381469727,0.2808000147342682
YAL033W,YML052W,0,-4.89196,0.057382550090551376,0.17100000381469727,0.2809000015258789
YPR009W,YNL079C,0,-4.8923326,0.057363301515579224,0.17100000381469727,0.2809999883174896
YPR199C,YNL329C,0,-4.8925223,0.057344064116477966,0.17100000381469727,0.28110000491142273
YIL049W,YMR133W,0,-4.8925285,0.0573248416185379,0.17100000381469727,0.28119999170303345
YKL108W,YHR014W,0,-4.8927584,0.057305630296468735,0.17100000381469727,0.28130000829696655
YBR055C,YJL176C,0,-4.8929386,0.05728643387556076,0.17100000381469727,0.28139999508857727
YDR324C,YML131W,0,-4.893015,0.05726724863052368,0.17100000381469727,0.2815000116825104
YDL178W,YDR110W,0,-4.893217,0.0572480745613575,0.17100000381469727,0.2815999984741211
YDR283C,YJL112W,0,-4.893278,0.05722891539335251,0.17100000381469727,0.2816999852657318
YNL001W,YDR457W,0,-4.8934183,0.057209767401218414,0.17100000381469727,0.2818000018596649
YBR131W,YPL121C,0,-4.893649,0.057190634310245514,0.17100000381469727,0.28189998865127563
YBR009C,YDR407C,0,-4.8936625,0.05717151612043381,0.17100000381469727,0.28200000524520874
YML132W,YLR467W,0,-4.8938107,0.0571524053812027,0.17100000381469727,0.28209999203681946
YKL110C,YBR015C,0,-4.8938785,0.05713330954313278,0.17100000381469727,0.28220000863075256
YJL194W,YDR473C,0,-4.8942003,0.05711422860622406,0.17100000381469727,0.2822999954223633
YML103C,YML015C,0,-4.894247,0.057095158845186234,0.17100000381469727,0.2824000120162964
YLR397C,YPL237W,0,-4.8944807,0.0570761002600193,0.17100000381469727,0.2824999988079071
YPL195W,YDR126W,0,-4.8946757,0.057057056576013565,0.17100000381469727,0.2825999855995178
YOR363C,YBR022W,0,-4.894705,0.05703802406787872,0.17100000381469727,0.2827000021934509
YFL056C,YDR294C,0,-4.8947377,0.057019006460905075,0.17100000381469727,0.28279998898506165
YCR093W,YBR097W,0,-4.894774,0.05700000002980232,0.17100000381469727,0.28290000557899475
YKL002W,YML049C,0,-4.894813,0.056981004774570465,0.17100000381469727,0.28299999237060547
YIL049W,YDR308C,0,-4.894828,0.0569620244204998,0.17100000381469727,0.2831000089645386
YCR026C,YBR077C,0,-4.8949075,0.056943055242300034,0.17100000381469727,0.2831999957561493
YJL111W,YDL095W,0,-4.8949165,0.05692410096526146,0.17100000381469727,0.2833000123500824
YJL013C,YMR053C,0,-4.895114,0.05690515786409378,0.17100000381469727,0.2833999991416931
YAL030W,YPL283C,0,-4.895116,0.056886225938797,0.17100000381469727,0.28349998593330383
YBR059C,YBR159W,0,-4.89534,0.05686730891466141,0.17100000381469727,0.28360000252723694
YAL055W,YDR129C,0,-4.895429,0.05684840306639671,0.17100000381469727,0.28369998931884766
YOR147W,YKL051W,0,-4.895529,0.05682951211929321,0.17100000381469727,0.28380000591278076
YDL178W,YGR040W,0,-4.8957148,0.05681063234806061,0.17100000381469727,0.2838999927043915
YGR083C,YMR045C,0,-4.895804,0.0567917637526989,0.17100000381469727,0.2840000092983246
YJL035C,YLR132C,0,-4.8958383,0.05677291005849838,0.17100000381469727,0.2840999960899353
YOR080W,YOR193W,0,-4.8962197,0.05675406754016876,0.17100000381469727,0.2842000126838684
YLR170C,YOR317W,0,-4.896447,0.05673523619771004,0.17100000381469727,0.2842999994754791
YNL102W,YFL017W-A,0,-4.896575,0.056716419756412506,0.17100000381469727,0.28439998626708984
YJL094C,YKR052C,1,-4.896704,0.057029176503419876,0.1720000058412552,0.28439998626708984
YKL020C,YOR356W,0,-4.8968396,0.05701027438044548,0.1720000058412552,0.28450000286102295
YMR313C,YDR065W,0,-4.896995,0.05699138343334198,0.1720000058412552,0.28459998965263367
YBL023C,YER118C,0,-4.897374,0.05697250738739967,0.1720000058412552,0.2847000062465668
YGL090W,YHR150W,0,-4.8973923,0.05695364251732826,0.1720000058412552,0.2847999930381775
YLR295C,YBR207W,1,-4.8976445,0.05726580694317818,0.17299999296665192,0.2847999930381775
YNL221C,YOR287C,0,-4.8976603,0.0572468563914299,0.17299999296665192,0.2849000096321106
YOR188W,YJR028W,0,-4.897784,0.05722792074084282,0.17299999296665192,0.2849999964237213
YBR039W,YGL006W,1,-4.898014,0.0575396828353405,0.17399999499320984,0.2849999964237213
YPR067W,YJR077C,1,-4.898162,0.057851240038871765,0.17499999701976776,0.2849999964237213
YDR016C,YIL007C,0,-4.898187,0.05783212184906006,0.17499999701976776,0.2851000130176544
YHR059W,YNL313C,0,-4.8982573,0.05781301483511925,0.17499999701976776,0.28519999980926514
YPR112C,YML060W,0,-4.898322,0.05779392272233963,0.17499999701976776,0.28529998660087585
YLR335W,YCL019W,0,-4.898491,0.05777484178543091,0.17499999701976776,0.28540000319480896
YCL029C,YLR262C,0,-4.898988,0.05775577574968338,0.17499999701976776,0.2854999899864197
YGL219C,YOR035C,0,-4.8990035,0.05773672088980675,0.17499999701976776,0.2856000065803528
YCR005C,YNL313C,0,-4.899041,0.05771767720580101,0.17499999701976776,0.2856999933719635
YNR035C,YGL194C,0,-4.899281,0.05769864842295647,0.17499999701976776,0.2858000099658966
YPR051W,YOR110W,0,-4.899597,0.05767963081598282,0.17499999701976776,0.2858999967575073
YAL020C,YIL022W,0,-4.89965,0.057660624384880066,0.17499999701976776,0.28600001335144043
YJL093C,YIL077C,0,-4.8996825,0.05764163285493851,0.17499999701976776,0.28610000014305115
YPR112C,YLR071C,0,-4.899832,0.057622652500867844,0.17499999701976776,0.28619998693466187
YPL123C,YMR077C,0,-4.89984,0.057603687047958374,0.17499999701976776,0.28630000352859497
YBL009W,YKL089W,0,-4.9000473,0.0575847327709198,0.17499999701976776,0.2863999903202057
YDR480W,YJR139C,0,-4.900083,0.05756578966975212,0.17499999701976776,0.2865000069141388
YDL137W,YNL098C,0,-4.900201,0.05754685774445534,0.17499999701976776,0.2865999937057495
YDR138W,YBR080C,0,-4.900224,0.05752794072031975,0.17499999701976776,0.2867000102996826
YIL084C,YDR330W,0,-4.9002314,0.05750903859734535,0.17499999701976776,0.28679999709129333
YKL206C,YML033W,0,-4.900323,0.05749014392495155,0.17499999701976776,0.28690001368522644
YCL020W,YOR287C,0,-4.9003677,0.05747126415371895,0.17499999701976776,0.28700000047683716
YDR309C,YDR057W,0,-4.9003773,0.05745239555835724,0.17499999701976776,0.2870999872684479
YOL077W-A,YKL064W,1,-4.9003935,0.05776173248887062,0.17599999904632568,0.2870999872684479
YPL202C,YPR179C,0,-4.9005203,0.057742781937122345,0.17599999904632568,0.287200003862381
YIL042C,YFL059W,0,-4.9007173,0.057723842561244965,0.17599999904632568,0.2872999906539917
YLR229C,YDL134C,0,-4.9013,0.05770491808652878,0.17599999904632568,0.2874000072479248
YDL212W,YDL109C,0,-4.9014215,0.05768600478768349,0.17599999904632568,0.2874999940395355
YGL106W,YKR037C,0,-4.901528,0.05766710266470909,0.17599999904632568,0.28760001063346863
YJR033C,YDR160W,0,-4.901546,0.05764821544289589,0.17599999904632568,0.28769999742507935
YML081C-A,YOR334W,1,-4.901678,0.05795677751302719,0.1770000010728836,0.28769999742507935
YLR071C,YPL176C,0,-4.90174,0.05793780833482742,0.1770000010728836,0.28780001401901245
YPR167C,YDR065W,0,-4.9019775,0.05791884660720825,0.1770000010728836,0.28790000081062317
YOR279C,YKR056W,0,-4.9022274,0.05789990350604057,0.1770000010728836,0.2879999876022339
YLR186W,YGL112C,0,-4.9022794,0.05788096785545349,0.1770000010728836,0.288100004196167
YJL006C,YNL118C,0,-4.9022913,0.0578620471060276,0.1770000010728836,0.2881999909877777
YBR039W,YDR276C,1,-4.902486,0.05816993489861488,0.17800000309944153,0.2881999909877777
YLR433C,YOR119C,0,-4.9026575,0.05815093219280243,0.17800000309944153,0.2883000075817108
YBR183W,YLR301W,0,-4.9029226,0.05813194066286087,0.17800000309944153,0.28839999437332153
YLR453C,YLR181C,0,-4.903061,0.05811296030879021,0.17800000309944153,0.28850001096725464
YPL259C,YDR470C,0,-4.903365,0.05809399485588074,0.17800000309944153,0.28859999775886536
YDR217C,YPR007C,0,-4.9034615,0.05807504057884216,0.17800000309944153,0.28870001435279846
YDR301W,YPL031C,0,-4.9035416,0.058056097477674484,0.17800000309944153,0.2888000011444092
YPR075C,YDR115W,0,-4.9036093,0.058037169277668,0.17800000309944153,0.2888999879360199
YPR057W,YDR439W,0,-4.9036303,0.05801825225353241,0.17800000309944153,0.289000004529953
YKR031C,YKL041W,0,-4.9037976,0.057999350130558014,0.17800000309944153,0.2890999913215637
YGL106W,YIL147C,0,-4.9038877,0.057980455458164215,0.17800000309944153,0.2892000079154968
YLR059C,YBR231C,0,-4.903931,0.05796157568693161,0.17800000309944153,0.28929999470710754
YDR038C,YHR050W,1,-4.9043307,0.0582682304084301,0.17900000512599945,0.28929999470710754
YDR334W,YGL039W,0,-4.9046187,0.05824926868081093,0.17900000512599945,0.28940001130104065
YOL002C,YLR305C,0,-4.9047084,0.05823031812906265,0.17900000512599945,0.28949999809265137
YIL150C,YHR119W,0,-4.9047484,0.05821138247847557,0.17900000512599945,0.2896000146865845
YGR224W,YNL053W,0,-4.904894,0.058192458003759384,0.17900000512599945,0.2897000014781952
YLR192C,YHR120W,0,-4.9053264,0.05817354470491409,0.17900000512599945,0.2897999882698059
YPL202C,YGR009C,0,-4.905553,0.058154646307229996,0.17900000512599945,0.289900004863739
YJL092W,YJL059W,0,-4.905835,0.058135759085416794,0.17900000512599945,0.28999999165534973
YDL145C,YHR092C,0,-4.906311,0.05811688303947449,0.17900000512599945,0.29010000824928284
YLR044C,YLL016W,0,-4.9063377,0.058098021894693375,0.17900000512599945,0.29019999504089355
YIL159W,YBR247C,0,-4.906411,0.05807916820049286,0.17900000512599945,0.29030001163482666
YKR007W,YKR087C,0,-4.906766,0.05806032940745354,0.17900000512599945,0.2903999984264374
YOR281C,YKL113C,0,-4.9067945,0.05804150551557541,0.17900000512599945,0.2904999852180481
YHR034C,YGR074W,0,-4.9068084,0.05802268907427788,0.17900000512599945,0.2906000018119812
YOR254C,YLR383W,0,-4.90746,0.05800388753414154,0.17900000512599945,0.2906999886035919
YOR233W,YKL012W,0,-4.9076157,0.0579850971698761,0.17900000512599945,0.290800005197525
YPR122W,YPL254W,0,-4.9076552,0.05796632170677185,0.17900000512599945,0.29089999198913574
YDR083W,YBL100W-A,0,-4.907752,0.0579475574195385,0.17900000512599945,0.29100000858306885
YPL047W,YMR067C,0,-4.907867,0.05792880430817604,0.17900000512599945,0.29109999537467957
YGR002C,YKL058W,0,-4.9079576,0.05791006237268448,0.17900000512599945,0.29120001196861267
YNL027W,YLL017W,0,-4.9085646,0.05789133161306381,0.17900000512599945,0.2912999987602234
YDR386W,YPR155C,0,-4.908629,0.05787261575460434,0.17900000512599945,0.2913999855518341
YFL055W,YNL106C,0,-4.908886,0.05785391107201576,0.17900000512599945,0.2915000021457672
YMR186W,YPL139C,0,-4.908891,0.05783521756529808,0.17900000512599945,0.29159998893737793
YPL200W,YOR025W,0,-4.90904,0.05781653895974159,0.17900000512599945,0.29170000553131104
YPL174C,YML069W,0,-4.909082,0.0577978678047657,0.17900000512599945,0.29179999232292175
YOR005C,YMR065W,0,-4.9091015,0.057779211550951004,0.17900000512599945,0.29190000891685486
YBL069W,YJL127C,0,-4.9094567,0.0577605664730072,0.17900000512599945,0.2919999957084656
YEL030W,YDR130C,0,-4.9094725,0.057741936296224594,0.17900000512599945,0.2921000123023987
YJL115W,YOR008C,0,-4.9095035,0.05772331357002258,0.17900000512599945,0.2921999990940094
YBR017C,YDR499W,0,-4.9098024,0.057704705744981766,0.17900000512599945,0.2922999858856201
YDR480W,YNL045W,0,-4.9098935,0.057686109095811844,0.17900000512599945,0.2924000024795532
YJL173C,YFL017W-A,0,-4.9100275,0.057667527347803116,0.17900000512599945,0.29249998927116394
YKR003W,YPL179W,0,-4.910445,0.057648953050374985,0.17900000512599945,0.29260000586509705
YDR376W,YHR203C,0,-4.9106483,0.05763039365410805,0.17900000512599945,0.29269999265670776
YOL145C,YBL103C,0,-4.910674,0.057611845433712006,0.17900000512599945,0.29280000925064087
YOR144C,YML088W,0,-4.910742,0.05759330838918686,0.17900000512599945,0.2928999960422516
YJL186W,YBL100W-B,0,-4.910821,0.05757478252053261,0.17900000512599945,0.2930000126361847
YPL140C,YBR097W,0,-4.9110594,0.05755627155303955,0.17900000512599945,0.2930999994277954
YDR508C,YGL039W,0,-4.9114213,0.05753776803612709,0.17900000512599945,0.29319998621940613
YLR242C,YNR046W,0,-4.911585,0.057519279420375824,0.17900000512599945,0.29330000281333923
YHL048W,YGR197C,0,-4.9119844,0.05750080198049545,0.17900000512599945,0.29339998960494995
YJL094C,YGR121C,1,-4.9120445,0.05780346691608429,0.18000000715255737,0.29339998960494995
YDR483W,YNR031C,0,-4.9122453,0.05778491124510765,0.18000000715255737,0.29350000619888306
YJR090C,YER019W,0,-4.912327,0.05776636675000191,0.18000000715255737,0.2935999929904938
YHR143W,YMR050C,0,-4.912327,0.05774783343076706,0.18000000715255737,0.2937000095844269
YOR319W,YHR026W,0,-4.9124885,0.057729315012693405,0.18000000715255737,0.2937999963760376
YER105C,YAL068C,0,-4.9125123,0.05771080404520035,0.18000000715255737,0.2939000129699707
YMR240C,YOR038C,0,-4.912626,0.057692307978868484,0.18000000715255737,0.2939999997615814
YDL132W,YJR066W,0,-4.912652,0.057673823088407516,0.18000000715255737,0.29409998655319214
YBR039W,YLL027W,1,-4.9126587,0.057975657284259796,0.1809999942779541,0.29409998655319214
YGR238C,YKL203C,0,-4.9127607,0.05795709416270256,0.1809999942779541,0.29420000314712524
YCR002C,YER129W,0,-4.91299,0.05793853849172592,0.1809999942779541,0.29429998993873596
YAL056W,YER018C,0,-4.9131546,0.057920001447200775,0.1809999942779541,0.29440000653266907
YER167W,YDR443C,0,-4.9132805,0.057901471853256226,0.1809999942779541,0.2944999933242798
YLR229C,YAL023C,0,-4.9135623,0.05788295343518257,0.1809999942779541,0.2946000099182129
YLR353W,YMR133W,0,-4.9136,0.05786444991827011,0.1809999942779541,0.2946999967098236
YJR121W,YER053C,1,-4.913639,0.058165546506643295,0.18199999630451202,0.2946999967098236
YLR034C,YPL016W,0,-4.9137454,0.05814696475863457,0.18199999630451202,0.2948000133037567
YOL078W,YDL047W,0,-4.913897,0.058128394186496735,0.18199999630451202,0.29490000009536743
YLR246W,YGR042W,0,-4.914021,0.0581098347902298,0.18199999630451202,0.29499998688697815
YNR007C,YPL026C,0,-4.9141006,0.058091286569833755,0.18199999630451202,0.29510000348091125
YKR101W,YDR207C,0,-4.9142823,0.05807274952530861,0.18199999630451202,0.295199990272522
YHR079C,YLR453C,0,-4.9143357,0.058054227381944656,0.18199999630451202,0.2953000068664551
YER117W,YMR050C,0,-4.9144816,0.0580357126891613,0.18199999630451202,0.2953999936580658
YCL029C,YKL018W,0,-4.9146733,0.05801721289753914,0.18199999630451202,0.2955000102519989
YDR194C,YDR073W,0,-4.9147367,0.05799872428178787,0.18199999630451202,0.2955999970436096
YDR276C,YLR130C,1,-4.9149723,0.05829882249236107,0.18299999833106995,0.2955999970436096
YOL027C,YOR334W,1,-4.9150486,0.058598726987838745,0.18400000035762787,0.2955999970436096
YGR216C,YIL112W,0,-4.915204,0.05858007073402405,0.18400000035762787,0.2957000136375427
YDR270W,YBR024W,1,-4.915206,0.05887969583272934,0.1850000023841858,0.2957000136375427
YPR072W,YGR005C,0,-4.9154024,0.058860961347818375,0.1850000023841858,0.29580000042915344
YOR295W,YJR026W,0,-4.915416,0.058842238038778305,0.1850000023841858,0.29589998722076416
YGR078C,YKL028W,0,-4.9159317,0.05882352963089943,0.1850000023841858,0.29600000381469727
YGL087C,YLR032W,0,-4.916122,0.05880483239889145,0.1850000023841858,0.296099990606308
YNL068C,YDR189W,0,-4.9163613,0.058786146342754364,0.1850000023841858,0.2962000072002411
YER169W,YPL016W,0,-4.9164143,0.058767471462488174,0.1850000023841858,0.2962999939918518
YER105C,YDR490C,0,-4.9165163,0.05874880775809288,0.1850000023841858,0.2964000105857849
YKR063C,YPR018W,0,-4.9166384,0.05873015895485878,0.1850000023841858,0.29649999737739563
YBR102C,YGR166W,0,-4.9167414,0.058711521327495575,0.1850000023841858,0.29660001397132874
YGR220C,YGL028C,0,-4.917365,0.058692894876003265,0.1850000023841858,0.29670000076293945
YFR009W,YOR320C,0,-4.9174747,0.05867427960038185,0.1850000023841858,0.29679998755455017
YMR047C,YER138C,0,-4.917595,0.05865567550063133,0.1850000023841858,0.2969000041484833
YBR211C,YCR018C,0,-4.9176483,0.05863708257675171,0.1850000023841858,0.296999990940094
YKL212W,YKL042W,0,-4.917693,0.05861850455403328,0.1850000023841858,0.2971000075340271
YLR191W,YPL147W,0,-4.9177117,0.058599937707185745,0.1850000023841858,0.2971999943256378
YBR233W-A,YOL146W,0,-4.9181437,0.058581382036209106,0.1850000023841858,0.2973000109195709
YER146W,YML059C,0,-4.9182844,0.05856283754110336,0.1850000023841858,0.29739999771118164
YPL084W,YJR057W,0,-4.9182873,0.058544304221868515,0.1850000023841858,0.29750001430511475
YLR190W,YFL017W-A,0,-4.9189262,0.05852578207850456,0.1850000023841858,0.29760000109672546
YOR113W,YCL034W,0,-4.9189453,0.058507274836301804,0.1850000023841858,0.2976999878883362
YPR009W,YML097C,0,-4.918964,0.05848877504467964,0.1850000023841858,0.2978000044822693
YNL138W,YDR381W,0,-4.919056,0.058470290154218674,0.1850000023841858,0.29789999127388
YPL028W,YLR044C,0,-4.9194694,0.0584518164396286,0.1850000023841858,0.2980000078678131
YLR226W,YML127W,0,-4.9195256,0.058433353900909424,0.1850000023841858,0.29809999465942383
YKR052C,YBR295W,1,-4.919553,0.058730658143758774,0.1860000044107437,0.29809999465942383
YKR101W,YGL213C,0,-4.920007,0.05871212109923363,0.1860000044107437,0.29820001125335693
YOR002W,YEL015W,0,-4.9204607,0.058693595230579376,0.1860000044107437,0.29829999804496765
YMR247C,YEL057C,0,-4.920492,0.05867508053779602,0.1860000044107437,0.29840001463890076
YDR219C,YJR019C,0,-4.920967,0.05865657702088356,0.1860000044107437,0.2985000014305115
YPL169C,YNL317W,0,-4.921006,0.058638084679841995,0.1860000044107437,0.2985999882221222
YIL056W,YLR396C,0,-4.9210563,0.058619603514671326,0.1860000044107437,0.2987000048160553
YMR075W,YAR010C,0,-4.9211617,0.05860113352537155,0.1860000044107437,0.298799991607666
YJL108C,YDR115W,0,-4.921278,0.05858267843723297,0.1860000044107437,0.2989000082015991
YLR081W,YJR059W,0,-4.921279,0.05856423079967499,0.1860000044107437,0.29899999499320984
YNR011C,YOR290C,0,-4.9214563,0.0585457980632782,0.1860000044107437,0.29910001158714294
YOR023C,YLR095C,0,-4.921561,0.058527376502752304,0.1860000044107437,0.29919999837875366
YMR280C,YIL048W,0,-4.921933,0.058508966118097305,0.1860000044107437,0.2992999851703644
YBR177C,YDR343C,0,-4.9219813,0.0584905669093132,0.1860000044107437,0.2994000017642975
YNL271C,YJL203W,0,-4.9221635,0.058472178876399994,0.1860000044107437,0.2994999885559082
YPL100W,YER123W,0,-4.9224677,0.05845380201935768,0.1860000044107437,0.2996000051498413
YGR222W,YOR143C,0,-4.9224796,0.05843544006347656,0.1860000044107437,0.299699991941452
YBR036C,YOL059W,0,-4.9225674,0.05841708555817604,0.1860000044107437,0.29980000853538513
YNL291C,YGR257C,1,-4.922576,0.05871271714568138,0.18700000643730164,0.29980000853538513
YNL110C,YOR338W,0,-4.922633,0.05869428813457489,0.18700000643730164,0.29989999532699585
YML012W,YGL058W,0,-4.922824,0.058675870299339294,0.18700000643730164,0.30000001192092896
YMR048W,YNL107W,0,-4.9229355,0.058657463639974594,0.18700000643730164,0.3000999987125397
YDR030C,YPR189W,0,-4.9229445,0.05863907188177109,0.18700000643730164,0.3001999855041504
YDR385W,YKL165C,0,-4.923213,0.05862069129943848,0.18700000643730164,0.3003000020980835
YMR316W,YLR455W,0,-4.923265,0.05860231816768646,0.18700000643730164,0.3003999888896942
YGL167C,YOR137C,1,-4.923371,0.058897241950035095,0.18799999356269836,0.3003999888896942
YGL190C,YIL139C,0,-4.9233904,0.05887879803776741,0.18799999356269836,0.3005000054836273
YLR451W,YGL070C,0,-4.9236956,0.05886036157608032,0.18799999356269836,0.30059999227523804
YIL016W,YGR054W,0,-4.923771,0.05884194001555443,0.18799999356269836,0.30070000886917114
YER042W,YPR042C,0,-4.923776,0.05882352963089943,0.18799999356269836,0.30079999566078186
YNL078W,YFL038C,0,-4.9238315,0.058805130422115326,0.18799999356269836,0.30090001225471497
YFR028C,YDR407C,0,-4.9239283,0.05878674238920212,0.18799999356269836,0.3009999990463257
YML121W,YJL094C,1,-4.9239783,0.05908096209168434,0.1889999955892563,0.3009999990463257
YOR232W,YGR047C,0,-4.9241066,0.059062499552965164,0.1889999955892563,0.3010999858379364
YLR330W,YMR227C,0,-4.9244466,0.05904404819011688,0.1889999955892563,0.3012000024318695
YDL197C,YNL267W,0,-4.924533,0.059025608003139496,0.1889999955892563,0.3012999892234802
YKL135C,YIL076W,0,-4.9247212,0.059007178992033005,0.1889999955892563,0.30140000581741333
YDR295C,YMR039C,0,-4.924781,0.05898876488208771,0.1889999955892563,0.30149999260902405
YOR193W,YKL012W,0,-4.924999,0.05897035822272301,0.1889999955892563,0.30160000920295715
YGL201C,YDL213C,0,-4.9250326,0.0589519664645195,0.1889999955892563,0.30169999599456787
YDL031W,YMR112C,0,-4.9250884,0.05893358215689659,0.1889999955892563,0.301800012588501
YCL032W,YGL112C,0,-4.9251394,0.058915212750434875,0.1889999955892563,0.3018999993801117
YJL203W,YJR086W,0,-4.9251637,0.05889685079455376,0.1889999955892563,0.3019999861717224
YEL018W,YGL030W,0,-4.925352,0.05887850373983383,0.1889999955892563,0.3021000027656555
YOL012C,YPL232W,0,-4.9254375,0.0588601678609848,0.1889999955892563,0.30219998955726624
YMR212C,YDL118W,0,-4.925475,0.05884184315800667,0.1889999955892563,0.30230000615119934
YOR025W,YHL009C,0,-4.9256954,0.05882352963089943,0.1889999955892563,0.30239999294281006
YDL140C,YOR229W,0,-4.925829,0.058805227279663086,0.1889999955892563,0.30250000953674316
YLR134W,YLR448W,0,-4.9258556,0.05878693610429764,0.1889999955892563,0.3025999963283539
YDR511W,YHR203C,0,-4.9259477,0.058768656104803085,0.1889999955892563,0.302700012922287
YBR201W,YMR026C,0,-4.925951,0.05875038728117943,0.1889999955892563,0.3027999997138977
YCR040W,YMR227C,0,-4.926283,0.058732133358716965,0.1889999955892563,0.3028999865055084
YML061C,YOR266W,0,-4.926355,0.0587138868868351,0.1889999955892563,0.30300000309944153
YKL049C,YKL012W,0,-4.926596,0.05869565159082413,0.1889999955892563,0.30309998989105225
YGL097W,YOL072W,0,-4.926738,0.05867743119597435,0.1889999955892563,0.30320000648498535
YNL021W,YJR153W,0,-4.926914,0.05865921825170517,0.1889999955892563,0.30329999327659607
YKL213C,YML028W,0,-4.927065,0.058641016483306885,0.1889999955892563,0.3034000098705292
YKL005C,YLR265C,0,-4.9272327,0.058622829616069794,0.1889999955892563,0.3034999966621399
YOR038C,YGL070C,0,-4.927624,0.0586046501994133,0.1889999955892563,0.303600013256073
YCL051W,YPL123C,0,-4.9283776,0.058586485683918,0.1889999955892563,0.3037000000476837
YAR002W,YDR328C,0,-4.9284368,0.058568328619003296,0.1889999955892563,0.30379998683929443
YDL165W,YGR253C,0,-4.928474,0.058550186455249786,0.1889999955892563,0.30390000343322754
YLR361C,YMR133W,0,-4.9285874,0.058532051742076874,0.1889999955892563,0.30399999022483826
YLR265C,YDR126W,0,-4.928636,0.058513931930065155,0.1889999955892563,0.30410000681877136
YPL209C,YOL135C,0,-4.9286885,0.05849582329392433,0.1889999955892563,0.3041999936103821
YOL078W,YBR017C,0,-4.928959,0.058477722108364105,0.1889999955892563,0.3043000102043152
YPL255W,YHL007C,0,-4.9291506,0.05845963582396507,0.1889999955892563,0.3043999969959259
YGR113W,YIL098C,0,-4.9291883,0.05844155699014664,0.1889999955892563,0.304500013589859
YBR098W,YPL239W,0,-4.9292746,0.058423493057489395,0.1889999955892563,0.3046000003814697
YPR025C,YDR113C,0,-4.9294224,0.05840544030070305,0.1889999955892563,0.30469998717308044
YGL012W,YPL218W,0,-4.929429,0.0583873949944973,0.1889999955892563,0.30480000376701355
YDR040C,YBR106W,1,-4.929984,0.058678194880485535,0.1899999976158142,0.30480000376701355
YGR013W,YLR200W,0,-4.930075,0.058660078793764114,0.1899999976158142,0.30489999055862427
YKL129C,YLL013C,0,-4.930159,0.05864197388291359,0.1899999976158142,0.3050000071525574
YIL004C,YNL221C,0,-4.930249,0.05862388014793396,0.1899999976158142,0.3050999939441681
YIR019C,YML034W,0,-4.9302626,0.058605797588825226,0.1899999976158142,0.3052000105381012
YIR010W,YEL051W,0,-4.930267,0.05858772620558739,0.1899999976158142,0.3052999973297119
YBR295W,YBR296C,1,-4.9305105,0.05887793004512787,0.19099999964237213,0.3052999973297119
YDR420W,YML098W,0,-4.930604,0.05885978415608406,0.19099999964237213,0.305400013923645
YNL258C,YEL003W,0,-4.9306316,0.05884164944291115,0.19099999964237213,0.30550000071525574
YOL042W,YAL055W,0,-4.930787,0.05882352963089943,0.19099999964237213,0.30559998750686646
YBL011W,YPL122C,0,-4.931386,0.05880541726946831,0.19099999964237213,0.30570000410079956
YFL017W-A,YGR185C,0,-4.9313912,0.05878731980919838,0.19099999964237213,0.3057999908924103
YEL069C,YDR189W,0,-4.9315166,0.05876922979950905,0.19099999964237213,0.3059000074863434
YOL145C,YCR065W,0,-4.9317713,0.05875115469098091,0.19099999964237213,0.3059999942779541
YGR238C,YDL200C,0,-4.932099,0.05873308703303337,0.19099999964237213,0.3061000108718872
YLR067C,YOR007C,0,-4.932191,0.058715030550956726,0.19099999964237213,0.3061999976634979
YJR108W,YMR182C,0,-4.9321995,0.058696988970041275,0.19099999964237213,0.30630001425743103
YIL049W,YPL179W,0,-4.9322214,0.05867895483970642,0.19099999964237213,0.30640000104904175
YOL130W,YOL077W-A,1,-4.9322796,0.058968059718608856,0.19200000166893005,0.30640000104904175
YMR080C,YGL169W,0,-4.932464,0.05894995480775833,0.19200000166893005,0.30649998784065247
YHR191C,YHR034C,0,-4.9325347,0.0589318610727787,0.19200000166893005,0.30660000443458557
YKR076W,YAL030W,0,-4.93254,0.05891377851366997,0.19200000166893005,0.3066999912261963
YLR210W,YKL144C,0,-4.932571,0.05889570713043213,0.19200000166893005,0.3068000078201294
YDR393W,YAR009C,0,-4.9328647,0.05887764319777489,0.19200000166893005,0.3068999946117401
YPR072W,YGR152C,0,-4.933086,0.05885959416627884,0.19200000166893005,0.3070000112056732
YNL219C,YMR234W,0,-4.933139,0.058841556310653687,0.19200000166893005,0.30709999799728394
YOR171C,YBR105C,0,-4.933218,0.05882352963089943,0.19200000166893005,0.30720001459121704
YIL112W,YNL007C,0,-4.9332223,0.05880551412701607,0.19200000166893005,0.30730000138282776
YGR278W,YOR075W,0,-4.9334106,0.0587875060737133,0.19200000166893005,0.3073999881744385
YMR142C,YOR254C,0,-4.93348,0.05876951292157173,0.19200000166893005,0.3075000047683716
YOR136W,YML013W,0,-4.934018,0.058751530945301056,0.19200000166893005,0.3075999915599823
YFR050C,YHR111W,0,-4.934033,0.05873355641961098,0.19200000166893005,0.3077000081539154
YOR074C,YHR181W,0,-4.9341707,0.05871559679508209,0.19200000166893005,0.3077999949455261
YDR434W,YKL165C,0,-4.934185,0.058697644621133804,0.19200000166893005,0.30790001153945923
YCR038C,YCL033C,0,-4.9343176,0.05867970734834671,0.19200000166893005,0.30799999833106995
YGR009C,YOR115C,0,-4.9343243,0.05866177752614021,0.19200000166893005,0.30809998512268066
YER015W,YPL167C,0,-4.934413,0.05864385887980461,0.19200000166893005,0.30820000171661377
YGR057C,YOL094C,0,-4.934446,0.0586259551346302,0.19200000166893005,0.3082999885082245
YPR171W,YOL045W,0,-4.934478,0.05860805884003639,0.19200000166893005,0.3084000051021576
YLR319C,YPL254W,0,-4.9344854,0.05859017372131348,0.19200000166893005,0.3084999918937683
YOR038C,YBR017C,0,-4.9344997,0.058572299778461456,0.19200000166893005,0.3086000084877014
YDR188W,YOR207C,0,-4.9346046,0.05855443701148033,0.19200000166893005,0.30869999527931213
YMR229C,YNL299W,0,-4.9346666,0.0585365854203701,0.19200000166893005,0.30880001187324524
YLR189C,YCR055C,0,-4.9347215,0.05851874500513077,0.19200000166893005,0.30889999866485596
YGL191W,YLR376C,0,-4.934824,0.05850091576576233,0.19200000166893005,0.3089999854564667
YCR098C,YDR322C-A,1,-4.93495,0.058787692338228226,0.19300000369548798,0.3089999854564667
YDR040C,YKL120W,1,-4.93499,0.05907430127263069,0.1940000057220459,0.3089999854564667
YNL139C,YGL004C,0,-4.9350705,0.05905631557106972,0.1940000057220459,0.3091000020503998
YBL051C,YIL021W,0,-4.935165,0.05903834477066994,0.1940000057220459,0.3091999888420105
YCL016C,YPL040C,0,-4.9352217,0.05902038514614105,0.1940000057220459,0.3093000054359436
YDR069C,YDR314C,0,-4.9352255,0.059002432972192764,0.1940000057220459,0.3093999922275543
YPR167C,YOR069W,0,-4.93538,0.05898449197411537,0.1940000057220459,0.3095000088214874
YJR050W,YER068W,0,-4.9355226,0.05896656587719917,0.1940000057220459,0.30959999561309814
YCR028C,YIL061C,0,-4.935587,0.05894864723086357,0.1940000057220459,0.30970001220703125
YKL093W,YPL031C,0,-4.9356284,0.058930739760398865,0.1940000057220459,0.30979999899864197
YGR037C,YLR381W,0,-4.935853,0.05891284719109535,0.1940000057220459,0.3098999857902527
YGR220C,YDL216C,0,-4.9358726,0.058894962072372437,0.1940000057220459,0.3100000023841858
YPR141C,YBR192W,0,-4.9359627,0.058877088129520416,0.1940000057220459,0.3100999891757965
YPL127C,YOR347C,0,-4.9360456,0.05885922163724899,0.1940000057220459,0.3102000057697296
YOL112W,YOR363C,0,-4.936084,0.05884137004613876,0.1940000057220459,0.31029999256134033
YCR038C,YGL178W,0,-4.936522,0.05882352963089943,0.1940000057220459,0.31040000915527344
YPL204W,YML061C,0,-4.9367437,0.05880570039153099,0.1940000057220459,0.31049999594688416
YCR034W,YJL011C,0,-4.93682,0.05878787860274315,0.1940000057220459,0.31060001254081726
YPR021C,YLR383W,0,-4.937195,0.0587700679898262,0.1940000057220459,0.310699999332428
YNL038W,YBR118W,0,-4.937716,0.05875227227807045,0.1940000057220459,0.3107999861240387
YBL023C,YNL079C,0,-4.93787,0.058734484016895294,0.1940000057220459,0.3109000027179718
YGL062W,YNL049C,0,-4.9380083,0.058716706931591034,0.1940000057220459,0.3109999895095825
YOR098C,YPL157W,0,-4.938203,0.05869894102215767,0.1940000057220459,0.3111000061035156
YPR199C,YHR041C,0,-4.938373,0.0586811862885952,0.1940000057220459,0.31119999289512634
YDR183W,YEL057C,0,-4.938374,0.058663442730903625,0.1940000057220459,0.31130000948905945
YLR014C,YMR016C,0,-4.9390144,0.05864570662379265,0.1940000057220459,0.31139999628067017
YPR057W,YML104C,0,-4.9390335,0.058627985417842865,0.1940000057220459,0.31150001287460327
YGR120C,YOR229W,0,-4.9391785,0.05861027166247368,0.1940000057220459,0.311599999666214
YKL135C,YLR335W,0,-4.939463,0.05859256908297539,0.1940000057220459,0.3116999864578247
YIR028W,YJL186W,0,-4.9395657,0.05857487767934799,0.1940000057220459,0.3118000030517578
YOR112W,YDR472W,0,-4.9396925,0.05855719745159149,0.1940000057220459,0.31189998984336853
YFL039C,YMR267W,0,-4.9397116,0.05853952839970589,0.1940000057220459,0.31200000643730164
YER095W,YIL029C,0,-4.9399548,0.05852187052369118,0.1940000057220459,0.31209999322891235
YOR109W,YMR236W,0,-4.9400263,0.058504220098257065,0.1940000057220459,0.31220000982284546
YJR108W,YHR143W-A,0,-4.9401865,0.058486584573984146,0.1940000057220459,0.3122999966144562
YDL201W,YMR050C,0,-4.9401884,0.058468956500291824,0.1940000057220459,0.3124000132083893
YGL058W,YGR044C,0,-4.940487,0.0584513396024704,0.1940000057220459,0.3125
YLR158C,YKL196C,0,-4.9405756,0.05843373388051987,0.1940000057220459,0.3125999867916107
YBR129C,YNL139C,0,-4.9405956,0.05841613933444023,0.1940000057220459,0.3127000033855438
YCR037C,YIL114C,1,-4.9407125,0.058699578046798706,0.19499999284744263,0.3127000033855438
YLR220W,YMR075W,0,-4.9409423,0.0586819127202034,0.19499999284744263,0.31279999017715454
YBL006C,YGL208W,0,-4.9409533,0.05866425856947899,0.19499999284744263,0.31290000677108765
YNL053W,YNL267W,0,-4.941024,0.05864661559462547,0.19499999284744263,0.31299999356269836
YIL085C,YPR187W,0,-4.941338,0.05862898379564285,0.19499999284744263,0.31310001015663147
YNL167C,YMR039C,0,-4.9414783,0.05861136317253113,0.19499999284744263,0.3131999969482422
YBR038W,YLR451W,0,-4.9417424,0.05859375,0.19499999284744263,0.3133000135421753
YPR032W,YLR452C,0,-4.941784,0.05857614800333977,0.19499999284744263,0.313400000333786
YGL192W,YJR091C,0,-4.941883,0.05855855718255043,0.19499999284744263,0.31349998712539673
YOL012C,YER019C-A,0,-4.94191,0.05854097753763199,0.19499999284744263,0.31360000371932983
YOR243C,YNL139C,0,-4.942008,0.05852340906858444,0.19499999284744263,0.31369999051094055
YLR141W,YLR386W,0,-4.9425716,0.05850585177540779,0.19499999284744263,0.31380000710487366
YOR249C,YJR040W,0,-4.942699,0.05848830193281174,0.19499999284744263,0.3138999938964844
YKL206C,YOL013C,0,-4.942734,0.05847076326608658,0.19499999284744263,0.3140000104904175
YHR108W,YIL016W,0,-4.9427667,0.058453235775232315,0.19499999284744263,0.3140999972820282
YAL059W,YPR133C,0,-4.9427943,0.05843571946024895,0.19499999284744263,0.3142000138759613
YMR288W,YDR191W,0,-4.942949,0.058418214321136475,0.19499999284744263,0.314300000667572
YLR196W,YAR010C,0,-4.9432344,0.0584007203578949,0.19499999284744263,0.31439998745918274
YMR267W,YJR044C,0,-4.9434404,0.05838323384523392,0.19499999284744263,0.31450000405311584
YPL235W,YFL060C,0,-4.943552,0.05836575850844383,0.19499999284744263,0.31459999084472656
YBR110W,YGL172W,0,-4.943559,0.05834829434752464,0.19499999284744263,0.31470000743865967
YGL254W,YJL198W,1,-4.9435735,0.058629974722862244,0.19599999487400055,0.31470000743865967
YFR046C,YIL013C,0,-4.943584,0.05861243978142738,0.19599999487400055,0.3147999942302704
YGR047C,YER151C,0,-4.943593,0.05859491601586342,0.19599999487400055,0.3149000108242035
YPL083C,YEL057C,0,-4.9436045,0.05857740715146065,0.19599999487400055,0.3149999976158142
YML060W,YDR131C,0,-4.943617,0.058559905737638474,0.19599999487400055,0.3151000142097473
YNL297C,YGR005C,0,-4.943742,0.058542411774396896,0.19599999487400055,0.31520000100135803
YPL127C,YML025C,0,-4.9441814,0.05852493271231651,0.19599999487400055,0.31529998779296875
YCR038C,YMR204C,0,-4.9441986,0.05850746110081673,0.19599999487400055,0.31540000438690186
YGR175C,YMR210W,0,-4.9445686,0.058490004390478134,0.19599999487400055,0.3154999911785126
YLR248W,YNL032W,0,-4.944718,0.05847255513072014,0.19599999487400055,0.3156000077724457
YKR062W,YGL098W,0,-4.9448442,0.05845511332154274,0.19599999487400055,0.3156999945640564
YHR187W,YOR217W,0,-4.9448447,0.058437686413526535,0.19599999487400055,0.3158000111579895
YDR423C,YER168C,0,-4.944871,0.05842026695609093,0.19599999487400055,0.3158999979496002
YBR153W,YNR048W,0,-4.945153,0.05840286239981651,0.19599999487400055,0.3160000145435333
YOL149W,YDL245C,0,-4.9452853,0.0583854615688324,0.19599999487400055,0.31610000133514404
YPL213W,YBR098W,0,-4.945469,0.058368075639009476,0.19599999487400055,0.31619998812675476
YKL007W,YKL129C,0,-4.9455404,0.05835070088505745,0.19599999487400055,0.31630000472068787
YKL054C,YCL031C,0,-4.945855,0.05833333358168602,0.19599999487400055,0.3163999915122986
YPR041W,YOL097C,0,-4.94615,0.058315977454185486,0.19599999487400055,0.3165000081062317
YOL110W,YGL039W,0,-4.9462843,0.05829863250255585,0.19599999487400055,0.3165999948978424
YBR065C,YOR025W,0,-4.946323,0.058281295001506805,0.19599999487400055,0.3167000114917755
YGL219C,YPL268W,0,-4.946327,0.05826397240161896,0.19599999487400055,0.31679999828338623
YPL078C,YBR037C,1,-4.9464326,0.05854383483529091,0.19699999690055847,0.31679999828338623
YJR049C,YLL056C,0,-4.9466786,0.05852644145488739,0.19699999690055847,0.31690001487731934
YDL076C,YNL273W,0,-4.946844,0.05850905925035477,0.19699999690055847,0.31700000166893005
YGL240W,YCR014C,0,-4.946851,0.05849168822169304,0.19699999690055847,0.31709998846054077
YNL059C,YHR099W,0,-4.9468737,0.05847432464361191,0.19699999690055847,0.3172000050544739
YDR036C,YOR256C,0,-4.9469457,0.05845697224140167,0.19699999690055847,0.3172999918460846
YPL049C,YPL208W,0,-4.947203,0.05843963101506233,0.19699999690055847,0.3174000084400177
YER174C,YIL076W,0,-4.9472537,0.05842230096459389,0.19699999690055847,0.3174999952316284
YGR247W,YML078W,0,-4.9474797,0.05840498208999634,0.19699999690055847,0.3176000118255615
YBR117C,YMR302C,0,-4.9474845,0.058387670665979385,0.19699999690055847,0.31769999861717224
YDR151C,YLR467W,0,-4.9476376,0.05837037041783333,0.19699999690055847,0.31779998540878296
YCR040W,YNL061W,0,-4.947639,0.058353081345558167,0.19699999690055847,0.31790000200271606
YKL125W,YOR356W,0,-4.9477196,0.0583357997238636,0.19699999690055847,0.3179999887943268
YDR106W,YMR013C,0,-4.948062,0.05831853300333023,0.19699999690055847,0.3181000053882599
YDR301W,YML130C,0,-4.9481688,0.05830127373337746,0.19699999690055847,0.3181999921798706
YPL268W,YMR016C,0,-4.948212,0.05828402191400528,0.19699999690055847,0.3183000087738037
YJL117W,YBR296C,1,-4.9486084,0.05856255441904068,0.1979999989271164,0.3183000087738037
YOL089C,YOL121C,0,-4.9489493,0.05854523926973343,0.1979999989271164,0.31839999556541443
YDR081C,YDR470C,0,-4.9490094,0.05852793529629707,0.1979999989271164,0.31850001215934753
YBL079W,YER169W,0,-4.9491243,0.058510638773441315,0.1979999989271164,0.31859999895095825
YDL175C,YCR027C,0,-4.9492197,0.05849335342645645,0.1979999989271164,0.31869998574256897
YNR032W,YOL067C,0,-4.9492807,0.058476079255342484,0.1979999989271164,0.3188000023365021
YNL290W,YML001W,0,-4.9493027,0.05845881253480911,0.1979999989271164,0.3188999891281128
YBL080C,YCL001W,0,-4.949532,0.05844155699014664,0.1979999989271164,0.3190000057220459
YOL059W,YKL029C,0,-4.9496975,0.05842431262135506,0.1979999989271164,0.3190999925136566
YEL034W,YER126C,0,-4.9497175,0.05840707942843437,0.1979999989271164,0.3192000091075897
YDL055C,YOR332W,0,-4.949786,0.058389853686094284,0.1979999989271164,0.31929999589920044
YBR256C,YIL129C,0,-4.9500327,0.05837264284491539,0.1979999989271164,0.31940001249313354
YML060W,YKL154W,0,-4.950151,0.05835543945431709,0.1979999989271164,0.31949999928474426
YDR179C,YGL039W,0,-4.950193,0.05833824351429939,0.1979999989271164,0.319599986076355
YLR160C,YPR103W,0,-4.9503965,0.05832105875015259,0.1979999989271164,0.3197000026702881
YOL059W,YPL089C,0,-4.950407,0.05830388516187668,0.1979999989271164,0.3197999894618988
YER107C,YPL140C,0,-4.9507933,0.058286722749471664,0.1979999989271164,0.3199000060558319
YDL047W,YDL109C,0,-4.9509006,0.058269571512937546,0.1979999989271164,0.3199999928474426
YPL015C,YGL210W,0,-4.95096,0.058252427726984024,0.1979999989271164,0.32010000944137573
YOL043C,YDR073W,0,-4.9510818,0.0582352951169014,0.1979999989271164,0.32019999623298645
YDR245W,YOR346W,0,-4.951141,0.05821816995739937,0.1979999989271164,0.32030001282691956
YLR141W,YOR106W,0,-4.951334,0.05820105969905853,0.1979999989271164,0.3203999996185303
YDR265W,YLR467W,0,-4.9514794,0.058183956891298294,0.1979999989271164,0.320499986410141
YIL150C,YLR195C,0,-4.951683,0.05816686153411865,0.1979999989271164,0.3206000030040741
YNL164C,YLR301W,0,-4.9519157,0.058149781078100204,0.1979999989271164,0.3206999897956848
YNL038W,YBR267W,0,-4.9519672,0.058132708072662354,0.1979999989271164,0.3208000063896179
YDR436W,YLR369W,0,-4.952371,0.0581156425178051,0.1979999989271164,0.32089999318122864
YLR353W,YNR011C,0,-4.952433,0.05809859186410904,0.1979999989271164,0.32100000977516174
YCR055C,YMR263W,0,-4.9526505,0.058081548660993576,0.1979999989271164,0.32109999656677246
YGR113W,YKL012W,0,-4.952652,0.05806451663374901,0.1979999989271164,0.32120001316070557
YAL031C,YGL090W,0,-4.952655,0.05804749205708504,0.1979999989271164,0.3212999999523163
YOL108C,YLL016W,0,-4.952684,0.05803048238158226,0.1979999989271164,0.321399986743927
YFR033C,YOR110W,0,-4.9527407,0.05801347643136978,0.1979999989271164,0.3215000033378601
YPR019W,YNL312W,0,-4.952761,0.0579964853823185,0.1979999989271164,0.3215999901294708
YNL227C,YKL018W,0,-4.9530525,0.05797950178384781,0.1979999989271164,0.32170000672340393
YHR086W,YDR334W,0,-4.9531355,0.057962529361248016,0.1979999989271164,0.32179999351501465
YOR266W,YJL012C,0,-4.953156,0.05794556811451912,0.1979999989271164,0.32190001010894775
YGL201C,YKR022C,0,-4.9532204,0.05792861431837082,0.1979999989271164,0.32199999690055847
YNL037C,YGL004C,0,-4.953306,0.057911671698093414,0.1979999989271164,0.3221000134944916
YER051W,YDL190C,0,-4.953446,0.057894736528396606,0.1979999989271164,0.3222000002861023
YAL020C,YBL040C,0,-4.9536495,0.057877812534570694,0.1979999989271164,0.322299987077713
YLL009C,YGR121C,1,-4.953659,0.05815312638878822,0.19900000095367432,0.322299987077713
YJR077C,YGR257C,1,-4.9537153,0.05842828005552292,0.20000000298023224,0.322299987077713
YNL286W,YDR359C,0,-4.953806,0.058411214500665665,0.20000000298023224,0.3224000036716461
YDR330W,YGR122W,0,-4.953883,0.058394160121679306,0.20000000298023224,0.32249999046325684
YCR020W-B,YOR150W,0,-4.9540315,0.05837711691856384,0.20000000298023224,0.32260000705718994
YIL132C,YDR490C,0,-4.9540424,0.058360081166028976,0.20000000298023224,0.32269999384880066
YLR067C,YGR245C,0,-4.95409,0.058343056589365005,0.20000000298023224,0.32280001044273376
YNL312W,YPR095C,0,-4.9541445,0.05832604318857193,0.20000000298023224,0.3228999972343445
YOR326W,YBR258C,0,-4.954257,0.05830903723835945,0.20000000298023224,0.3230000138282776
YOR381W,YNR039C,1,-4.9542904,0.05858350172638893,0.20100000500679016,0.3230000138282776
YHR055C,YOL017W,0,-4.9543085,0.05856643244624138,0.20100000500679016,0.3231000006198883
YDR310C,YDR285W,0,-4.9547167,0.05854937434196472,0.20100000500679016,0.323199987411499
YKR036C,YNR032C-A,0,-4.954767,0.05853232368826866,0.20100000500679016,0.32330000400543213
YAL020C,YLR200W,0,-4.9549375,0.0585152842104435,0.20100000500679016,0.32339999079704285
YNL161W,YPR005C,0,-4.954955,0.05849825218319893,0.20100000500679016,0.32350000739097595
YBR211C,YHL048W,0,-4.9549565,0.058481235057115555,0.20100000500679016,0.32359999418258667
YER012W,YML038C,0,-4.9549956,0.05846422165632248,0.20100000500679016,0.3237000107765198
YML046W,YBR080C,0,-4.9551053,0.0584472231566906,0.20100000500679016,0.3237999975681305
YDL197C,YHR160C,0,-4.955556,0.05843023210763931,0.20100000500679016,0.3239000141620636
YOR372C,YIL115C,0,-4.955577,0.05841325223445892,0.20100000500679016,0.3240000009536743
YOL090W,YCR014C,0,-4.9559956,0.05839627981185913,0.20100000500679016,0.32409998774528503
YHR005C-A,YPL131W,0,-4.9562016,0.058379318565130234,0.20100000500679016,0.32420000433921814
YDR016C,YDR424C,0,-4.956212,0.05836236849427223,0.20100000500679016,0.32429999113082886
YPR168W,YGR104C,0,-4.956397,0.058345429599285126,0.20100000500679016,0.32440000772476196
YDR436W,YCR027C,0,-4.956453,0.058328498154878616,0.20100000500679016,0.3244999945163727
YKL005C,YGR098C,0,-4.9570637,0.058311574161052704,0.20100000500679016,0.3246000111103058
YCL051W,YNL294C,0,-4.9571075,0.058294665068387985,0.20100000500679016,0.3246999979019165
YLR102C,YOL116W,0,-4.95751,0.058277763426303864,0.20100000500679016,0.3248000144958496
YDR411C,YJL112W,0,-4.957561,0.05826086923480034,0.20100000500679016,0.3249000012874603
YKL113C,YNR064C,0,-4.9575667,0.05824398621916771,0.20100000500679016,0.32499998807907104
YJL061W,YDL065C,0,-4.957653,0.058227114379405975,0.20100000500679016,0.32510000467300415
YMR161W,YMR035W,0,-4.9577055,0.05821025371551514,0.20100000500679016,0.32519999146461487
YPR128C,YHR012W,0,-4.957861,0.058193400502204895,0.20100000500679016,0.325300008058548
YNL031C,YJR086W,0,-4.9581146,0.05817655473947525,0.20100000500679016,0.3253999948501587
YHL003C,YGR229C,0,-4.9581485,0.0581597238779068,0.20100000500679016,0.3255000114440918
YGR257C,YDR322C-A,1,-4.9581947,0.058432165533304214,0.20200000703334808,0.3255000114440918
YGL150C,YMR100W,0,-4.958452,0.05841526761651039,0.20200000703334808,0.3255999982357025
YDR016C,YKL041W,0,-4.958557,0.05839838087558746,0.20200000703334808,0.3257000148296356
YGL111W,YJL080C,0,-4.958558,0.05838150158524513,0.20200000703334808,0.32580000162124634
YMR042W,YML006C,0,-4.95876,0.0583646334707737,0.20200000703334808,0.32589998841285706
YLR453C,YLR386W,0,-4.958764,0.05834777653217316,0.20200000703334808,0.32600000500679016
YPR201W,YGR191W,1,-4.958844,0.05861969292163849,0.2029999941587448,0.32600000500679016
YHL003C,YML029W,0,-4.9590487,0.058602772653102875,0.2029999941587448,0.3260999917984009
YLR329W,YPR032W,0,-4.959083,0.05858585983514786,0.2029999941587448,0.326200008392334
YHR191C,YGL025C,0,-4.959101,0.05856895446777344,0.2029999941587448,0.3262999951839447
YGL018C,YBL034C,0,-4.95945,0.05855206400156021,0.2029999941587448,0.3264000117778778
YIR025W,YGR179C,0,-4.9594626,0.05853517726063728,0.2029999941587448,0.3264999985694885
YJL095W,YAL031C,0,-4.959631,0.05851830542087555,0.2029999941587448,0.32659998536109924
YDL126C,YJR103W,0,-4.960025,0.05850144103169441,0.2029999941587448,0.32670000195503235
YHR007C,YPR007C,0,-4.9603148,0.05848458781838417,0.2029999941587448,0.32679998874664307
YGR057C,YOR068C,0,-4.9608164,0.058467742055654526,0.2029999941587448,0.32690000534057617
YLL016W,YFL059W,0,-4.96091,0.058450907468795776,0.2029999941587448,0.3269999921321869
YGR003W,YNL207W,0,-4.960917,0.058434080332517624,0.2029999941587448,0.32710000872612
YLL027W,YDR322C-A,1,-4.960967,0.05870503559708595,0.20399999618530273,0.32710000872612
YGL191W,YOL138C,0,-4.9611125,0.058688148856163025,0.20399999618530273,0.3271999955177307
YGL018C,YPL203W,0,-4.9614434,0.058671269565820694,0.20399999618530273,0.3273000121116638
YNL147W,YPL118W,0,-4.9614687,0.05865439772605896,0.20399999618530273,0.32739999890327454
YLR381W,YAL001C,0,-4.9617624,0.05863754078745842,0.20399999618530273,0.32749998569488525
YFR028C,YCL019W,0,-4.9617844,0.05862069129943848,0.20399999618530273,0.32760000228881836
YOL043C,YJR066W,0,-4.9621334,0.05860384926199913,0.20399999618530273,0.3276999890804291
YOR112W,YML094W,0,-4.962228,0.05858701840043068,0.20399999618530273,0.3278000056743622
YDL181W,YBR037C,1,-4.9627004,0.058857306838035583,0.20499999821186066,0.3278000056743622
YGL194C,YBR129C,0,-4.9633083,0.05884041264653206,0.20499999821186066,0.3278999924659729
YAR033W,YGL233W,0,-4.9634495,0.05882352963089943,0.20499999821186066,0.328000009059906
YJL011C,YMR051C,0,-4.9635344,0.0588066540658474,0.20499999821186066,0.3280999958515167
YFR029W,YKL020C,0,-4.964115,0.05878978967666626,0.20499999821186066,0.32820001244544983
YOL133W,YBR173C,0,-4.9643826,0.05877293646335602,0.20499999821186066,0.32829999923706055
YGL137W,YPR055W,0,-4.964394,0.05875609070062637,0.20499999821186066,0.32839998602867126
YBR093C,YHR026W,0,-4.9644346,0.058739256113767624,0.20499999821186066,0.32850000262260437
YCL029C,YJL124C,0,-4.964465,0.05872242897748947,0.20499999821186066,0.3285999894142151
YLL050C,YOL071W,0,-4.964489,0.058705613017082214,0.20499999821186066,0.3287000060081482
YBL078C,YJR089W,0,-4.9646482,0.058688804507255554,0.20499999821186066,0.3287999927997589
YOR316C,YEL027W,1,-4.9649343,0.05895821377635002,0.20600000023841858,0.3287999927997589
YGL071W,YBL099W,1,-4.964974,0.05922746658325195,0.2070000022649765,0.3287999927997589
YNL161W,YER005W,0,-4.965018,0.05921052768826485,0.2070000022649765,0.328900009393692
YKL179C,YDR096W,0,-4.965095,0.05919359624385834,0.2070000022649765,0.32899999618530273
YOL042W,YHR012W,0,-4.9653854,0.059176672250032425,0.2070000022649765,0.32910001277923584
YJL127C,YHL012W,0,-4.966032,0.05915975943207741,0.2070000022649765,0.32919999957084656
YNL302C,YHR099W,0,-4.9661384,0.059142857789993286,0.2070000022649765,0.3292999863624573
YLL016W,YML052W,0,-4.9662175,0.05912596359848976,0.2070000022649765,0.3294000029563904
YEL022W,YDL106C,0,-4.9663877,0.05910908058285713,0.2070000022649765,0.3294999897480011
YPL209C,YKL025C,0,-4.966442,0.0590922050178051,0.2070000022649765,0.3296000063419342
YOL055C,YDL118W,0,-4.9667177,0.05907534062862396,0.2070000022649765,0.3296999931335449
YDR145W,YOR064C,0,-4.9669147,0.05905848741531372,0.2070000022649765,0.329800009727478
YJR083C,YPR021C,0,-4.9670167,0.059041641652584076,0.2070000022649765,0.32989999651908875
YKL197C,YLR006C,0,-4.967157,0.05902480706572533,0.2070000022649765,0.33000001311302185
YOR008C,YER123W,0,-4.9673686,0.059007979929447174,0.2070000022649765,0.33009999990463257
YKL082C,YDR311W,0,-4.96807,0.05899116396903992,0.2070000022649765,0.3301999866962433
YLR107W,YHL027W,0,-4.968197,0.058974359184503555,0.2070000022649765,0.3303000032901764
YKL206C,YDR306C,0,-4.9684687,0.05895756185054779,0.2070000022649765,0.3303999900817871
YOR127W,YNL206C,0,-4.9686146,0.05894077569246292,0.2070000022649765,0.3305000066757202
YLR028C,YIR017C,0,-4.968646,0.05892399698495865,0.2070000022649765,0.33059999346733093
YJR143C,YGR082W,0,-4.9688797,0.05890722945332527,0.2070000022649765,0.33070001006126404
YKL084W,YNL339C,0,-4.9690495,0.05889046937227249,0.2070000022649765,0.33079999685287476
YPR029C,YIL063C,0,-4.969054,0.05887372046709061,0.2070000022649765,0.33090001344680786
YBL097W,YMR004W,0,-4.969085,0.05885697901248932,0.2070000022649765,0.3310000002384186
YLR155C,YDR224C,0,-4.9691505,0.058840248733758926,0.2070000022649765,0.3310999870300293
YBL014C,YKL018W,0,-4.969182,0.05882352963089943,0.2070000022649765,0.3312000036239624
YIL037C,YCR073W-A,0,-4.9693413,0.05880681797862053,0.2070000022649765,0.3312999904155731
YIL026C,YLR260W,0,-4.9693756,0.058790117502212524,0.2070000022649765,0.3314000070095062
YPR122W,YBR253W,0,-4.969497,0.05877342447638512,0.2070000022649765,0.33149999380111694
YGR167W,YMR292W,0,-4.9695883,0.058756742626428604,0.2070000022649765,0.33160001039505005
YJR121W,YGR191W,1,-4.9696407,0.05902383476495743,0.20800000429153442,0.33160001039505005
YOL077W-A,YGL006W,1,-4.9702168,0.05929078161716461,0.20900000631809235,0.33160001039505005
YMR053C,YEL002C,0,-4.97031,0.059273965656757355,0.20900000631809235,0.33169999718666077
YML116W,YKR068C,0,-4.970523,0.05925716087222099,0.20900000631809235,0.33180001378059387
YDR040C,YIL023C,1,-4.9711885,0.0595238097012043,0.20999999344348907,0.33180001378059387
YCL040W,YDR517W,0,-4.971298,0.059506941586732864,0.20999999344348907,0.3319000005722046
YBR215W,YPR198W,0,-4.9714046,0.059490084648132324,0.20999999344348907,0.3319999873638153
YNR033W,YDR159W,0,-4.9719095,0.05947323888540268,0.20999999344348907,0.3321000039577484
YNL275W,YOR213C,0,-4.972058,0.05945639684796333,0.20999999344348907,0.33219999074935913
YIR002C,YCR018C,0,-4.9722385,0.05943956971168518,0.20999999344348907,0.33230000734329224
YGL071W,YBR039W,1,-4.9727983,0.059705715626478195,0.210999995470047,0.33230000734329224
YNR035C,YOR284W,0,-4.972898,0.05968882516026497,0.210999995470047,0.33239999413490295
YLR163C,YPL208W,0,-4.973022,0.05967194586992264,0.210999995470047,0.33250001072883606
YCL051W,YLL040C,0,-4.9730844,0.059655074030160904,0.210999995470047,0.3325999975204468
YGR006W,YDR362C,0,-4.9731107,0.059638213366270065,0.210999995470047,0.3327000141143799
YGL065C,YIL110W,0,-4.973139,0.059621360152959824,0.210999995470047,0.3328000009059906
YOR371C,YEL012W,0,-4.973177,0.05960451811552048,0.210999995470047,0.3328999876976013
YPR133W-A,YLR262C,0,-4.97351,0.059587687253952026,0.210999995470047,0.3330000042915344
YLR380W,YML015C,0,-4.9736547,0.05957086384296417,0.210999995470047,0.33309999108314514
YKL179C,YOR103C,0,-4.9738417,0.059554051607847214,0.210999995470047,0.33320000767707825
YDR389W,YPR032W,0,-4.9739404,0.05953724682331085,0.210999995470047,0.33329999446868896
YHR041C,YCL033C,0,-4.9739494,0.05952044948935509,0.210999995470047,0.33340001106262207
YJR049C,YDR131C,0,-4.9742174,0.059503667056560516,0.210999995470047,0.3334999978542328
YDR272W,YMR030W,0,-4.97455,0.05948689207434654,0.210999995470047,0.3336000144481659
YKR052C,YGL006W,1,-4.974763,0.0597519725561142,0.21199999749660492,0.3336000144481659
YGR238C,YLR016C,0,-4.9747877,0.05973513796925545,0.21199999749660492,0.3337000012397766
YKL120W,YNR039C,1,-4.974881,0.05999999865889549,0.21299999952316284,0.3337000012397766
YNL292W,YAR008W,0,-4.974935,0.05998310446739197,0.21299999952316284,0.33379998803138733
YGL094C,YHR178W,0,-4.9750156,0.05996621772646904,0.21299999952316284,0.33390000462532043
YMR167W,YBR188C,0,-4.9751625,0.05994933843612671,0.21299999952316284,0.33399999141693115
YGR037C,YLR369W,0,-4.975354,0.05993247032165527,0.21299999952316284,0.33410000801086426
YJL006C,YDR412W,0,-4.9754424,0.05991561338305473,0.21299999952316284,0.334199994802475
YOL069W,YBR127C,0,-4.9755087,0.05989876389503479,0.21299999952316284,0.3343000113964081
YLL036C,YDR494W,0,-4.975633,0.059881921857595444,0.21299999952316284,0.3343999981880188
YOR002W,YMR080C,0,-4.9757233,0.05986509099602699,0.21299999952316284,0.3345000147819519
YKL139W,YJL128C,0,-4.97573,0.05984827131032944,0.21299999952316284,0.3346000015735626
YOL108C,YOR007C,0,-4.975812,0.05983145907521248,0.21299999952316284,0.33469998836517334
YNL173C,YIL068C,0,-4.975833,0.059814658015966415,0.21299999952316284,0.33480000495910645
YJL210W,YPR165W,0,-4.975897,0.05979786813259125,0.21299999952316284,0.33489999175071716
YGR040W,YOL105C,0,-4.9759436,0.05978108197450638,0.21299999952316284,0.33500000834465027
YNR031C,YER151C,0,-4.9759502,0.0597643107175827,0.21299999952316284,0.335099995136261
YKL194C,YML001W,0,-4.975977,0.059747546911239624,0.21299999952316284,0.3352000117301941
YIL062C,YDL137W,0,-4.9759827,0.05973079055547714,0.21299999952316284,0.3352999985218048
YJR108W,YLR228C,0,-4.9761524,0.059714045375585556,0.21299999952316284,0.3353999853134155
YOL088C,YDR362C,0,-4.97616,0.05969730764627457,0.21299999952316284,0.33550000190734863
YGR041W,YNL287W,0,-4.976185,0.05968058109283447,0.21299999952316284,0.33559998869895935
YLR002C,YHR099W,0,-4.9764304,0.059663865715265274,0.21299999952316284,0.33570000529289246
YPR179C,YCL031C,0,-4.976685,0.05964715778827667,0.21299999952316284,0.3357999920845032
YKL170W,YPL206C,0,-4.9768085,0.05963045731186867,0.21299999952316284,0.3359000086784363
YCR066W,YPL243W,0,-4.9768763,0.05961377173662186,0.21299999952316284,0.335999995470047
YCL024W,YHR167W,0,-4.976964,0.059597089886665344,0.21299999952316284,0.3361000120639801
YLR429W,YGL098W,0,-4.9775248,0.05958041921257973,0.21299999952316284,0.3361999988555908
YCL014W,YPR108W,0,-4.9775486,0.059563759714365005,0.21299999952316284,0.33629998564720154
YKL149C,YGR238C,0,-4.9776726,0.05954710766673088,0.21299999952316284,0.33640000224113464
YJR094C,YMR075W,0,-4.9776745,0.05953046306967735,0.21299999952316284,0.33649998903274536
YMR069W,YJR112W,0,-4.9777946,0.05951382964849472,0.21299999952316284,0.33660000562667847
YGL122C,YBR087W,0,-4.977881,0.05949720740318298,0.21299999952316284,0.3366999924182892
YDL019C,YDL224C,0,-4.977983,0.05948059260845184,0.21299999952316284,0.3368000090122223
YKL208W,YHR004C,0,-4.978183,0.0594639852643013,0.21299999952316284,0.336899995803833
YDL164C,YHR030C,0,-4.978285,0.05944738909602165,0.21299999952316284,0.3370000123977661
YCR020C-A,YJR131W,0,-4.9783993,0.0594308041036129,0.21299999952316284,0.33709999918937683
YPR111W,YPR018W,0,-4.978715,0.059414226561784744,0.21299999952316284,0.33719998598098755
YNR010W,YHR014W,0,-4.9788103,0.059397656470537186,0.21299999952316284,0.33730000257492065
YER094C,YDR392W,0,-4.9789205,0.05938109755516052,0.21299999952316284,0.33739998936653137
YPL047W,YML038C,0,-4.9789944,0.059364549815654755,0.21299999952316284,0.3375000059604645
YKR038C,YMR065W,0,-4.9789944,0.059348009526729584,0.21299999952316284,0.3375999927520752
YPL200W,YPL006W,0,-4.9790235,0.05933147668838501,0.21299999952316284,0.3377000093460083
YCR071C,YNL106C,0,-4.9790373,0.05931495502591133,0.21299999952316284,0.337799996137619
YDL165W,YER089C,0,-4.979078,0.05929844081401825,0.21299999952316284,0.3379000127315521
YLL004W,YPR189W,0,-4.9790807,0.05928193777799606,0.21299999952316284,0.33799999952316284
YLL016W,YFL049W,0,-4.9791126,0.059265442192554474,0.21299999952316284,0.33809998631477356
YBL105C,YGL249W,0,-4.9792123,0.05924895778298378,0.21299999952316284,0.33820000290870667
YOR023C,YML086C,0,-4.9792247,0.05923248082399368,0.21299999952316284,0.3382999897003174
YDR228C,YEL013W,0,-4.979865,0.05921601504087448,0.21299999952316284,0.3384000062942505
YBL018C,YOR116C,0,-4.980096,0.059199556708335876,0.21299999952316284,0.3384999930858612
YDR120C,YOR338W,0,-4.9801064,0.05918310582637787,0.21299999952316284,0.3386000096797943
YNL273W,YDR470C,0,-4.980387,0.059166666120290756,0.21299999952316284,0.33869999647140503
YPL116W,YDR192C,0,-4.9804373,0.05915023759007454,0.21299999952316284,0.33880001306533813
YML036W,YGL087C,0,-4.980696,0.05913381278514862,0.21299999952316284,0.33889999985694885
YBR201W,YMR236W,0,-4.9809847,0.059117402881383896,0.21299999952316284,0.33899998664855957
YCR088W,YFL021W,0,-4.98119,0.05910100042819977,0.21299999952316284,0.3391000032424927
YCL016C,YML127W,0,-4.981227,0.05908460542559624,0.21299999952316284,0.3391999900341034
YGL089C,YHR079C-A,0,-4.981717,0.0590682178735733,0.21299999952316284,0.3393000066280365
YLR433C,YIL026C,0,-4.981742,0.05905184522271156,0.21299999952316284,0.3393999934196472
YGL075C,YML038C,0,-4.9819326,0.05903547629714012,0.21299999952316284,0.3395000100135803
YDR440W,YGL115W,0,-4.9819694,0.059019118547439575,0.21299999952316284,0.33959999680519104
YPL243W,YER151C,0,-4.981985,0.059002768248319626,0.21299999952316284,0.33970001339912415
YHR150W,YJL156C,0,-4.9821396,0.05898642912507057,0.21299999952316284,0.33980000019073486
YOR002W,YGL017W,0,-4.9821506,0.05897010117769241,0.21299999952316284,0.3398999869823456
YKL170W,YGL151W,0,-4.982197,0.05895377695560455,0.21299999952316284,0.3400000035762787
YJR144W,YNL297C,0,-4.982416,0.05893746390938759,0.21299999952316284,0.3400999903678894
YEL051W,YJL056C,0,-4.982566,0.05892116203904152,0.21299999952316284,0.3402000069618225
YFR055W,YER169W,0,-4.982611,0.05890486761927605,0.21299999952316284,0.3402999937534332
YKR087C,YMR293C,0,-4.9827204,0.05888858065009117,0.21299999952316284,0.34040001034736633
YPR029C,YLL017W,0,-4.9827223,0.05887230485677719,0.21299999952316284,0.34049999713897705
YNL078W,YER173W,0,-4.983101,0.05885603651404381,0.21299999952316284,0.34060001373291016
YMR277W,YML025C,0,-4.9831524,0.05883977934718132,0.21299999952316284,0.3407000005245209
YKL022C,YPL022W,0,-4.9831553,0.05882352963089943,0.21299999952316284,0.3407999873161316
YPL098C,YMR097C,0,-4.9831767,0.058807287365198135,0.21299999952316284,0.3409000039100647
YAR002W,YLR181C,0,-4.983246,0.05879105627536774,0.21299999952316284,0.3409999907016754
YOR216C,YBL039C,0,-4.9833746,0.058774832636117935,0.21299999952316284,0.3411000072956085
YGL013C,YGR112W,0,-4.983405,0.05875862017273903,0.21299999952316284,0.34119999408721924
YBR288C,YEL050C,0,-4.983488,0.05874241515994072,0.21299999952316284,0.34130001068115234
YDL175C,YHR070W,0,-4.983535,0.058726221323013306,0.21299999952316284,0.34139999747276306
YDR416W,YBR118W,0,-4.9835653,0.05871003493666649,0.21299999952316284,0.34150001406669617
YNL101W,YLR148W,0,-4.983658,0.05869385600090027,0.21299999952316284,0.3416000008583069
YLR206W,YCR052W,0,-4.9837666,0.058677684515714645,0.21299999952316284,0.3416999876499176
YML012W,YDR296W,0,-4.984318,0.05866152420639992,0.21299999952316284,0.3418000042438507
YDR311W,YCR084C,0,-4.984334,0.058645375072956085,0.21299999952316284,0.3418999910354614
YKL188C,YOR049C,0,-4.9844,0.05862923339009285,0.21299999952316284,0.34200000762939453
YBL097W,YML015C,0,-4.984628,0.05861309915781021,0.21299999952316284,0.34209999442100525
YPR134W,YFR029W,0,-4.9846725,0.05859697237610817,0.21299999952316284,0.34220001101493835
YMR041C,YAL021C,0,-4.9847007,0.05858085677027702,0.21299999952316284,0.3422999978065491
YBR185C,YPL276W,0,-4.984704,0.05856475234031677,0.21299999952316284,0.3424000144004822
YDR097C,YJL093C,0,-4.984762,0.05854865163564682,0.21299999952316284,0.3425000011920929
YCR020C-A,YMR023C,0,-4.9849005,0.05853256210684776,0.21299999952316284,0.3425999879837036
YIL117C,YHR111W,0,-4.985047,0.0585164837539196,0.21299999952316284,0.3427000045776367
YPL213W,YIL030C,0,-4.9850607,0.05850041285157204,0.21299999952316284,0.34279999136924744
YGR113W,YGL127C,0,-4.9850826,0.05848434939980507,0.21299999952316284,0.34290000796318054
YDL175C,YHL038C,0,-4.985133,0.058468297123909,0.21299999952316284,0.34299999475479126
YLR295C,YKL064W,1,-4.985257,0.05872667580842972,0.21400000154972076,0.34299999475479126
YNL159C,YDR096W,0,-4.985534,0.05871056392788887,0.21400000154972076,0.34310001134872437
YNL172W,YBR015C,0,-4.9857893,0.05869445949792862,0.21400000154972076,0.3431999981403351
YLR397C,YDR545W,0,-4.9858212,0.058678366243839264,0.21400000154972076,0.3433000147342682
YLR095C,YBL080C,0,-4.9859595,0.058662280440330505,0.21400000154972076,0.3434000015258789
YDR434W,YDL227C,0,-4.9861217,0.05864620581269264,0.21400000154972076,0.3434999883174896
YML103C,YKL144C,0,-4.9861693,0.058630138635635376,0.21400000154972076,0.34360000491142273
YJL014W,YLR200W,0,-4.986421,0.05861407890915871,0.21400000154972076,0.34369999170303345
YDL142C,YKL026C,0,-4.9864483,0.058598026633262634,0.21400000154972076,0.34380000829696655
YOR005C,YGL098W,0,-4.98648,0.058581989258527756,0.21400000154972076,0.34389999508857727
YDL201W,YCL020W,0,-4.986604,0.058565955609083176,0.21400000154972076,0.3440000116825104
YPR072W,YOR216C,0,-4.986932,0.05854993313550949,0.21400000154972076,0.3440999984741211
YGL175C,YML029W,0,-4.9869766,0.0585339181125164,0.21400000154972076,0.3441999852657318
YPL047W,YOL097C,0,-4.9869905,0.05851791054010391,0.21400000154972076,0.3443000018596649
YMR211W,YGR195W,0,-4.987058,0.05850191414356232,0.21400000154972076,0.34439998865127563
YLR028C,YLR033W,0,-4.987143,0.05848592519760132,0.21400000154972076,0.34450000524520874
YPL048W,YGR118W,0,-4.9876146,0.05846994370222092,0.21400000154972076,0.34459999203681946
YDR411C,YEL016C,0,-4.987967,0.05845397338271141,0.21400000154972076,0.34470000863075256
YMR076C,YPL152W,0,-4.988,0.0584380105137825,0.21400000154972076,0.3447999954223633
YHL036W,YPL151C,0,-4.9880786,0.05842205882072449,0.21400000154972076,0.3449000120162964
YER028C,YGL011C,0,-4.988373,0.05840611457824707,0.21400000154972076,0.3449999988079071
YJR001W,YLR467W,0,-4.9884334,0.05839017778635025,0.21400000154972076,0.3450999855995178
YER143W,YJR125C,0,-4.9884725,0.05837424844503403,0.21400000154972076,0.3452000021934509
YDR420W,YOL066C,0,-4.9885716,0.0583583302795887,0.21400000154972076,0.34529998898506165
YBR245C,YBL011W,0,-4.988846,0.05834241956472397,0.21400000154972076,0.34540000557899475
YNL153C,YDR499W,0,-4.988859,0.05832652002573013,0.21400000154972076,0.34549999237060547
YDL145C,YIL061C,0,-4.9890256,0.058310627937316895,0.21400000154972076,0.3456000089645386
YNL206C,YDR160W,0,-4.9891987,0.05829474329948425,0.21400000154972076,0.3456999957561493
YPL145C,YOR386W,0,-4.9892893,0.05827886611223221,0.21400000154972076,0.3458000123500824
YGL180W,YDR126W,0,-4.989413,0.05826300010085106,0.21400000154972076,0.3458999991416931
YNL103W,YGR006W,0,-4.9894657,0.05824714154005051,0.21400000154972076,0.34599998593330383
YBR168W,YOR179C,0,-4.989544,0.05823129415512085,0.21400000154972076,0.34610000252723694
YOR037W,YDL092W,0,-4.9896593,0.05821545049548149,0.21400000154972076,0.34619998931884766
YOL027C,YJL117W,1,-4.989714,0.05847157910466194,0.2150000035762787,0.34619998931884766
YGR216C,YLR016C,0,-4.989753,0.058455683290958405,0.2150000035762787,0.34630000591278076
YMR267W,YJR019C,0,-4.989902,0.058439794927835464,0.2150000035762787,0.3463999927043915
YDL093W,YDR362C,0,-4.9899592,0.05842391401529312,0.2150000035762787,0.3465000092983246
YPL248C,YIL017C,0,-4.989989,0.058408040553331375,0.2150000035762787,0.3465999960899353
YLR210W,YMR067C,0,-4.9900856,0.058392178267240524,0.2150000035762787,0.3467000126838684
YLR190W,YMR234W,0,-4.990201,0.05837632343173027,0.2150000035762787,0.3467999994754791
YLR394W,YDL046W,0,-4.990283,0.05836047604680061,0.2150000035762787,0.34689998626708984
YDR263C,YGL201C,0,-4.9904156,0.05834463983774185,0.2150000035762787,0.34700000286102295
YER162C,YML040W,0,-4.990591,0.05832881107926369,0.2150000035762787,0.34709998965263367
YGL191W,YJL001W,0,-4.990653,0.05831298977136612,0.2150000035762787,0.3472000062465668
YCR038C,YPL087W,0,-4.990674,0.05829717963933945,0.2150000035762787,0.3472999930381775
YMR287C,YJL062W,0,-4.990745,0.05828137695789337,0.2150000035762787,0.3474000096321106
YLR189C,YKL005C,0,-4.990756,0.05826558172702789,0.2150000035762787,0.3474999964237213
YLL043W,YLR417W,0,-4.9910173,0.05824979767203331,0.2150000035762787,0.3476000130176544
YLR056W,YLL003W,0,-4.9913974,0.058234021067619324,0.2150000035762787,0.34769999980926514
YDR439W,YHR015W,0,-4.9914885,0.058218251913785934,0.2150000035762787,0.34779998660087585
YNL218W,YML005W,0,-4.991495,0.05820249021053314,0.2150000035762787,0.34790000319480896
YPL200W,YOR231W,0,-4.9916105,0.058186739683151245,0.2150000035762787,0.3479999899864197
YMR220W,YML107C,0,-4.99164,0.058170996606349945,0.2150000035762787,0.3481000065803528
YDR192C,YDL118W,0,-4.991643,0.05815526098012924,0.2150000035762787,0.3481999933719635
YLR109W,YBR170C,0,-4.99166,0.058139536529779434,0.2150000035762787,0.3483000099658966
YDL083C,YDL112W,0,-4.991926,0.058123815804719925,0.2150000035762787,0.3483999967575073
YGR252W,YDL185W,0,-4.992112,0.05810810625553131,0.2150000035762787,0.34850001335144043
YHR165C,YKL041W,0,-4.992196,0.05809240788221359,0.2150000035762787,0.34860000014305115
YCR020C-A,YMR302C,0,-4.9925375,0.05807671695947647,0.2150000035762787,0.34869998693466187
YHR079C,YDR381W,0,-4.9925427,0.05806102976202965,0.2150000035762787,0.34880000352859497
YOR112W,YPL028W,0,-4.992861,0.05804535746574402,0.2150000035762787,0.3488999903202057
YDL165W,YER021W,0,-4.993192,0.05802968889474869,0.2150000035762787,0.3490000069141388
YNL172W,YJL010C,0,-4.993328,0.05801403149962425,0.2150000035762787,0.3490999937057495
YAL058W,YDL108W,0,-4.9933987,0.057998381555080414,0.2150000035762787,0.3492000102996826
YGR218W,YMR067C,0,-4.99347,0.05798273906111717,0.2150000035762787,0.34929999709129333
YOR201C,YGL236C,0,-4.9936275,0.057967107743024826,0.2150000035762787,0.34940001368522644
YDR314C,YLR034C,0,-4.9938126,0.05795148387551308,0.2150000035762787,0.34950000047683716
YDR456W,YLR130C,1,-4.993828,0.05820533633232117,0.2160000056028366,0.34950000047683716
YKL020C,YLR466W,0,-4.994142,0.05818965658545494,0.2160000056028366,0.3495999872684479
YDR116C,YPL139C,0,-4.99425,0.05817398428916931,0.2160000056028366,0.349700003862381
YJR064W,YNL085W,0,-4.9945803,0.05815831944346428,0.2160000056028366,0.3497999906539917
YDL145C,YKR083C,0,-4.9949803,0.05814266577363014,0.2160000056028366,0.3499000072479248
YKL045W,YNL334C,0,-4.995137,0.0581270195543766,0.2160000056028366,0.3499999940395355
YCL004W,YDL015C,0,-4.9951973,0.05811138078570366,0.2160000056028366,0.35010001063346863
YDR156W,YPL274W,0,-4.9952774,0.05809574946761131,0.2160000056028366,0.35019999742507935
YNL214W,YNL317W,0,-4.995289,0.05808012932538986,0.2160000056028366,0.35030001401901245
YJL060W,YGR284C,0,-4.9954996,0.05806451663374901,0.2160000056028366,0.35040000081062317
YOR117W,YLR362W,0,-4.9956074,0.05804891139268875,0.2160000056028366,0.3504999876022339
YLR131C,YHR060W,0,-4.9956875,0.05803331360220909,0.2160000056028366,0.350600004196167
YDR245W,YBR080C,0,-4.9956913,0.05801772698760033,0.2160000056028366,0.3506999909877777
YML102W,YPR161C,0,-4.995865,0.05800214782357216,0.2160000056028366,0.3508000075817108
YBL023C,YHL011C,0,-4.9961343,0.05798657611012459,0.2160000056028366,0.35089999437332153
YKL074C,YLR376C,0,-4.996455,0.05797101557254791,0.2160000056028366,0.35100001096725464
YMR204C,YPR178W,0,-4.996469,0.057955458760261536,0.2160000056028366,0.35109999775886536
YCR033W,YPL063W,0,-4.9970684,0.057939913123846054,0.2160000056028366,0.35120001435279846
YGR256W,YOR279C,0,-4.9970937,0.05792437493801117,0.2160000056028366,0.3513000011444092
YLR381W,YNL169C,0,-4.997228,0.05790884792804718,0.2160000056028366,0.3513999879360199
YIL007C,YOR069W,0,-4.997805,0.05789332464337349,0.2160000056028366,0.351500004529953
YPR057W,YOR060C,0,-4.997866,0.057877812534570694,0.2160000056028366,0.3515999913215637
YOR232W,YJL012C,0,-4.9979215,0.057862307876348495,0.2160000056028366,0.3517000079154968
YLR085C,YHR026W,0,-4.9979787,0.05784681439399719,0.2160000056028366,0.35179999470710754
YEL069C,YLR154C,0,-4.997984,0.05783132463693619,0.2160000056028366,0.35190001130104065
YHL003C,YML120C,0,-4.998186,0.05781584605574608,0.2160000056028366,0.35199999809265137
YIL016W,YNL229C,0,-4.998244,0.057800374925136566,0.2160000056028366,0.3521000146865845
YOR037W,YPL091W,0,-4.9983473,0.05778491124510765,0.2160000056028366,0.3522000014781952
YMR039C,YHR060W,0,-4.999055,0.05776945874094963,0.2160000056028366,0.3522999882698059
YKL062W,YOL043C,0,-4.999128,0.05775400996208191,0.2160000056028366,0.352400004863739
YDL015C,YBR273C,0,-4.9991465,0.05773857235908508,0.2160000056028366,0.35249999165534973
YAL032C,YNL241C,0,-4.9991655,0.057723142206668854,0.2160000056028366,0.35260000824928284
YCR065W,YGL212W,0,-4.999818,0.05770771950483322,0.2160000056028366,0.35269999504089355
YIL095W,YGL249W,0,-4.999845,0.057692307978868484,0.2160000056028366,0.35280001163482666
YOL144W,YER005W,0,-4.9999495,0.057676903903484344,0.2160000056028366,0.3528999984264374
YER122C,YBR253W,0,-5.0000525,0.0576615072786808,0.2160000056028366,0.3529999852180481
YJR001W,YPL244C,0,-5.000708,0.057646118104457855,0.2160000056028366,0.3531000018119812
YOR100C,YKR083C,0,-5.0007114,0.057630736380815506,0.2160000056028366,0.3531999886035919
YAL010C,YOL072W,0,-5.00077,0.05761536583304405,0.2160000056028366,0.353300005197525
YKL182W,YOL042W,0,-5.000905,0.0575999990105629,0.2160000056028366,0.35339999198913574
YJL194W,YOR279C,0,-5.0011654,0.05758464336395264,0.2160000056028366,0.35350000858306885
YNL148C,YKL145W,0,-5.0012426,0.057569295167922974,0.2160000056028366,0.35359999537467957
YNL047C,YNL054W,0,-5.0012817,0.057553958147764206,0.2160000056028366,0.35370001196861267
YBL099W,YKR052C,1,-5.0013256,0.05780500918626785,0.21699999272823334,0.35370001196861267
YGL003C,YDR110W,0,-5.0014467,0.05778961256146431,0.21699999272823334,0.3537999987602234
YPL139C,YOR087W,0,-5.0015,0.05777422711253166,0.21699999272823334,0.3538999855518341
YPL049C,YCR020W-B,0,-5.001508,0.05775884911417961,0.21699999272823334,0.3540000021457672
YOL017W,YML085C,0,-5.001517,0.057743482291698456,0.21699999272823334,0.35409998893737793
YOR078W,YLR405W,0,-5.001548,0.0577281191945076,0.21699999272823334,0.35420000553131104
YLR431C,YBR188C,0,-5.001583,0.05771276727318764,0.21699999272823334,0.35429999232292175
YDR038C,YDR322C-A,1,-5.001602,0.057963307946920395,0.21799999475479126,0.35429999232292175
YFR027W,YHR118C,0,-5.001733,0.057947900146245956,0.21799999475479126,0.35440000891685486
YNL222W,YBR173C,0,-5.0018106,0.057932499796152115,0.21799999475479126,0.3544999957084656
YER127W,YKR062W,0,-5.0018377,0.05791711062192917,0.21799999475479126,0.3546000123023987
YPR111W,YOL013C,0,-5.0019884,0.05790172517299652,0.21799999475479126,0.3546999990940094
YMR220W,YAL030W,0,-5.002166,0.05788635089993477,0.21799999475479126,0.3547999858856201
YDR270W,YDR456W,1,-5.0022173,0.05813644826412201,0.21899999678134918,0.3547999858856201
YOR231W,YBR170C,0,-5.002284,0.05812101811170578,0.21899999678134918,0.3549000024795532
YGL246C,YER005W,0,-5.0026283,0.058105599135160446,0.21899999678134918,0.35499998927116394
YMR075W,YLR045C,0,-5.002632,0.05809018388390541,0.21899999678134918,0.35510000586509705
YDR040C,YOR381W,1,-5.003007,0.05833996459841728,0.2199999988079071,0.35510000586509705
YDL093W,YOR143C,0,-5.0030785,0.05832449719309807,0.2199999988079071,0.35519999265670776
YOR147W,YDL079C,0,-5.0031495,0.05830903723835945,0.2199999988079071,0.35530000925064087
YLR216C,YOR193W,0,-5.003334,0.05829358845949173,0.2199999988079071,0.3553999960422516
YKL049C,YDR420W,0,-5.003586,0.058278147131204605,0.2199999988079071,0.3555000126361847
YER027C,YLR453C,0,-5.0036364,0.05826271325349808,0.2199999988079071,0.3555999994277954
YBR039W,YOR316C,1,-5.003661,0.05851204693317413,0.22100000083446503,0.3555999994277954
YOR109W,YOR083W,0,-5.003719,0.05849655717611313,0.22100000083446503,0.35569998621940613
YPR188C,YLR010C,0,-5.003764,0.05848107859492302,0.22100000083446503,0.35580000281333923
YHR200W,YDR463W,0,-5.0039425,0.05846560746431351,0.22100000083446503,0.35589998960494995
YEL030W,YBL022C,0,-5.003953,0.05845014378428459,0.22100000083446503,0.35600000619888306
YPR201W,YGL006W,1,-5.0041246,0.0586991012096405,0.22200000286102295,0.35600000619888306
YNL286W,YLR318W,0,-5.004163,0.05868358537554741,0.22200000286102295,0.3560999929904938
YML006C,YDR045C,0,-5.004233,0.05866807699203491,0.22200000286102295,0.3562000095844269
YAR002C-A,YGL039W,0,-5.004242,0.05865257605910301,0.22200000286102295,0.3562999963760376
YGL247W,YMR047C,0,-5.0045,0.05863708257675171,0.22200000286102295,0.3564000129699707
YCR089W,YML131W,0,-5.0045414,0.0586216002702713,0.22200000286102295,0.3564999997615814
YGR238C,YCR040W,0,-5.004657,0.05860612541437149,0.22200000286102295,0.35659998655319214
YBR049C,YKL020C,0,-5.0046825,0.05859065800905228,0.22200000286102295,0.35670000314712524
YBL099W,YNL259C,1,-5.004731,0.05883904919028282,0.22300000488758087,0.35670000314712524
YGL219C,YIR033W,0,-5.0048475,0.05882352963089943,0.22300000488758087,0.35679998993873596
YER107C,YDR420W,0,-5.0052185,0.058808017522096634,0.22300000488758087,0.35690000653266907
YFR027W,YPL214C,0,-5.0052366,0.058792512863874435,0.22300000488758087,0.3569999933242798
YFL056C,YMR168C,0,-5.005413,0.058777015656232834,0.22300000488758087,0.3571000099182129
YMR119W,YDR219C,0,-5.005461,0.05876152962446213,0.22300000488758087,0.3571999967098236
YJL099W,YMR137C,0,-5.00548,0.05874604731798172,0.22300000488758087,0.3573000133037567
YCR071C,YOR162C,0,-5.005521,0.05873057618737221,0.22300000488758087,0.35740000009536743
YNL023C,YDL002C,0,-5.0055995,0.05871511250734329,0.22300000488758087,0.35749998688697815
YDL145C,YGL025C,0,-5.005719,0.058699656277894974,0.22300000488758087,0.35760000348091125
YDL078C,YEL041W,0,-5.0059786,0.05868421122431755,0.22300000488758087,0.357699990272522
YGL054C,YKR048C,0,-5.0060425,0.058668769896030426,0.22300000488758087,0.3578000068664551
YNL142W,YDR276C,1,-5.006564,0.0589163601398468,0.2240000069141388,0.3578000068664551
YPL127C,YLR132C,0,-5.006773,0.0589008666574955,0.2240000069141388,0.3578999936580658
YDR264C,YBR020W,0,-5.0067987,0.05888538435101509,0.2240000069141388,0.3580000102519989
YHR175W,YNL142W,1,-5.0068927,0.05913272127509117,0.22499999403953552,0.3580000102519989
YDR439W,YJL076W,0,-5.0070047,0.05911718308925629,0.22499999403953552,0.3580999970436096
YDL019C,YMR089C,0,-5.007028,0.0591016560792923,0.22499999403953552,0.3582000136375427
YMR316W,YML118W,0,-5.007067,0.05908613279461861,0.22499999403953552,0.35830000042915344
YBR038W,YNL023C,0,-5.0071187,0.05907062068581581,0.22499999403953552,0.35839998722076416
YGL038C,YJL127C,0,-5.0073013,0.05905511975288391,0.22499999403953552,0.35850000381469727
YML046W,YLR396C,0,-5.007434,0.05903962254524231,0.22499999403953552,0.358599990606308
YGL166W,YOR018W,0,-5.0074873,0.059024132788181305,0.22499999403953552,0.3587000072002411
YFL041W,YLR130C,1,-5.0075154,0.059270914644002914,0.22599999606609344,0.3587000072002411
YPL117C,YCR033W,0,-5.007655,0.05925537645816803,0.22599999606609344,0.3587999939918518
YLR032W,YHR065C,0,-5.007715,0.059239841997623444,0.22599999606609344,0.3589000105857849
YCL061C,YER075C,0,-5.0080457,0.05922431871294975,0.22599999606609344,0.35899999737739563
YOR284W,YLL061W,0,-5.0083303,0.05920880287885666,0.22599999606609344,0.35910001397132874
YMR128W,YDL047W,0,-5.008357,0.05919329449534416,0.22599999606609344,0.35920000076293945
YJR063W,YDR131C,0,-5.008402,0.05917779356241226,0.22599999606609344,0.35929998755455017
YIL140W,YPL050C,0,-5.008548,0.05916230380535126,0.22599999606609344,0.3594000041484833
YMR298W,YNL169C,0,-5.00873,0.05914682149887085,0.22599999606609344,0.359499990940094
YER177W,YER154W,0,-5.0088205,0.05913134664297104,0.22599999606609344,0.3596000075340271
YAL021C,YPL153C,0,-5.0088344,0.059115879237651825,0.22599999606609344,0.3596999943256378
YGL071W,YDR038C,1,-5.0090327,0.05936192348599434,0.22699999809265137,0.3596999943256378
YLR052W,YIL095W,0,-5.0092487,0.05934640392661095,0.22699999809265137,0.3598000109195709
YMR213W,YNR052C,0,-5.0093575,0.05933089554309845,0.22699999809265137,0.35989999771118164
YPR051W,YNL247W,0,-5.009368,0.05931539088487625,0.22699999809265137,0.36000001430511475
YKL042W,YNL128W,0,-5.009474,0.05929989367723465,0.22699999809265137,0.36010000109672546
YDR377W,YGR257C,1,-5.0095134,0.059545572847127914,0.2280000001192093,0.36010000109672546
YGL206C,YDL043C,0,-5.0095773,0.05953002721071243,0.2280000001192093,0.3601999878883362
YIL129C,YPR133W-A,0,-5.0095835,0.05951448529958725,0.2280000001192093,0.3603000044822693
YDR508C,YPR133W-A,0,-5.0095873,0.05949895456433296,0.2280000001192093,0.36039999127388
YNL278W,YDL226C,0,-5.0098505,0.05948343500494957,0.2280000001192093,0.3605000078678131
YOL088C,YDR228C,0,-5.0099883,0.059467919170856476,0.2280000001192093,0.36059999465942383
YNL038W,YBL005W,0,-5.0099983,0.05945241078734398,0.2280000001192093,0.36070001125335693
YDR424C,YBR279W,0,-5.0102234,0.05943691357970238,0.2280000001192093,0.36079999804496765
YIR025W,YDR515W,0,-5.010418,0.05942142382264137,0.2280000001192093,0.36090001463890076
YGR112W,YDR246W,0,-5.0104628,0.059405941516160965,0.2280000001192093,0.3610000014305115
YPL117C,YLL034C,0,-5.010536,0.059390466660261154,0.2280000001192093,0.3610999882221222
YEL027W,YIL023C,1,-5.0106335,0.05963541567325592,0.2290000021457672,0.3610999882221222
YOR354C,YOL094C,0,-5.0106745,0.05961989238858223,0.2290000021457672,0.3612000048160553
YAR019C,YAR031W,0,-5.01075,0.05960437282919884,0.2290000021457672,0.361299991607666
YIL132C,YHL003C,0,-5.0107775,0.05958886444568634,0.2290000021457672,0.3614000082015991
YFR009W,YLR451W,0,-5.0109067,0.05957335978746414,0.2290000021457672,0.36149999499320984
YPL096W,YML028W,0,-5.0112257,0.05955786630511284,0.2290000021457672,0.36160001158714294
YAL033W,YBL088C,0,-5.011273,0.05954238027334213,0.2290000021457672,0.36169999837875366
YBR245C,YAL055W,0,-5.011465,0.05952690541744232,0.2290000021457672,0.3617999851703644
YGR112W,YML076C,0,-5.011804,0.05951143428683281,0.2290000021457672,0.3619000017642975
YGR098C,YML118W,0,-5.0119514,0.05949597433209419,0.2290000021457672,0.3619999885559082
YFL009W,YMR305C,0,-5.012087,0.059480518102645874,0.2290000021457672,0.3621000051498413
YPL050C,YML038C,0,-5.0122633,0.05946507304906845,0.2290000021457672,0.362199991941452
YJL117W,YIL023C,1,-5.01234,0.05970924347639084,0.23000000417232513,0.362199991941452
YDR040C,YLR130C,1,-5.0123997,0.05995328351855278,0.23100000619888306,0.362199991941452
YPR179C,YPR108W,0,-5.012542,0.0599377267062664,0.23100000619888306,0.36230000853538513
YGR134W,YDR164C,0,-5.0126357,0.05992217734456062,0.23100000619888306,0.36239999532699585
YOR377W,YHR004C,0,-5.0126967,0.05990663915872574,0.23100000619888306,0.36250001192092896
YPR046W,YOR307C,0,-5.0128145,0.05989110842347145,0.23100000619888306,0.3625999987125397
YNL236W,YGL249W,0,-5.012992,0.05987558141350746,0.23100000619888306,0.3626999855041504
YCR066W,YMR236W,0,-5.0130386,0.05986006557941437,0.23100000619888306,0.3628000020980835
YER025W,YNL149C,0,-5.013109,0.05984456092119217,0.23100000619888306,0.3628999888896942
YKL135C,YOR007C,0,-5.0132875,0.05982905998826027,0.23100000619888306,0.3630000054836273
YJR145C,YGL115W,0,-5.013297,0.059813566505908966,0.23100000619888306,0.36309999227523804
YJL011C,YMR050C,0,-5.013483,0.05979808419942856,0.23100000619888306,0.36320000886917114
YOR136W,YPR036W,0,-5.0136175,0.05978260934352875,0.23100000619888306,0.36329999566078186
YPL204W,YMR004W,0,-5.0139713,0.059767141938209534,0.23100000619888306,0.36340001225471497
YAR002C-A,YDR181C,0,-5.01414,0.05975168198347092,0.23100000619888306,0.3634999990463257
YKR068C,YHL009C,0,-5.014262,0.0597362294793129,0.23100000619888306,0.3635999858379364
YOR171C,YMR308C,0,-5.014419,0.059720784425735474,0.23100000619888306,0.3637000024318695
YJR074W,YKR097W,0,-5.014638,0.059705350548028946,0.23100000619888306,0.3637999892234802
YER089C,YLR059C,0,-5.0149755,0.059689924120903015,0.23100000619888306,0.36390000581741333
YER089C,YJR033C,0,-5.014996,0.05967450141906738,0.23100000619888306,0.36399999260902405
YDL105W,YDR392W,0,-5.0150523,0.059659089893102646,0.23100000619888306,0.36410000920295715
YBR274W,YKL152C,0,-5.015177,0.059643685817718506,0.23100000619888306,0.36419999599456787
YBR188C,YML069W,0,-5.015235,0.05962829291820526,0.23100000619888306,0.364300012588501
YKL220C,YJL094C,1,-5.0152826,0.059870969504117966,0.23199999332427979,0.364300012588501
YHR098C,YMR140W,0,-5.0155754,0.059855520725250244,0.23199999332427979,0.3643999993801117
YJL094C,YBR037C,1,-5.0155783,0.060098014771938324,0.2329999953508377,0.3643999993801117
YHR068W,YNL246W,0,-5.0158353,0.06008251756429672,0.2329999953508377,0.3644999861717224
YPR164W,YNL138W,0,-5.016116,0.06006702780723572,0.2329999953508377,0.3646000027656555
YKL016C,YLL027W,1,-5.0161934,0.0603092797100544,0.23399999737739563,0.3646000027656555
YCR048W,YDR167W,0,-5.0163097,0.060293737798929214,0.23399999737739563,0.36469998955726624
YJL058C,YLR361C,0,-5.01634,0.06027820706367493,0.23399999737739563,0.36480000615119934
YNL012W,YPL020C,0,-5.016527,0.060262683779001236,0.23399999737739563,0.36489999294281006
YFL041W,YGL254W,1,-5.01662,0.06050463393330574,0.23499999940395355,0.36489999294281006
YGR191W,YJL117W,1,-5.016629,0.060746461153030396,0.23600000143051147,0.36489999294281006
YER119C,YGR132C,0,-5.0166326,0.06073082983493805,0.23600000143051147,0.36500000953674316
YLL043W,YGR252W,0,-5.0169854,0.0607152059674263,0.23600000143051147,0.3650999963283539
YJR121W,YML121W,1,-5.017359,0.060956791043281555,0.2370000034570694,0.3650999963283539
YGR254W,YLR266C,0,-5.017375,0.06094111502170563,0.2370000034570694,0.365200012922287
YDR283C,YER068W,0,-5.0174007,0.060925450176000595,0.2370000034570694,0.3652999997138977
YGL086W,YJL054W,0,-5.017524,0.06090979278087616,0.2370000034570694,0.3653999865055084
YBR004C,YEL019C,0,-5.0176134,0.06089414283633232,0.2370000034570694,0.36550000309944153
YNR059W,YDR470C,0,-5.017763,0.06087850034236908,0.2370000034570694,0.36559998989105225
YKR038C,YOR110W,0,-5.018306,0.060862865298986435,0.2370000034570694,0.36570000648498535
YHR150W,YEL013W,0,-5.0185432,0.060847241431474686,0.2370000034570694,0.36579999327659607
YHR034C,YPL065W,0,-5.0185504,0.060831621289253235,0.2370000034570694,0.3659000098705292
YFL024C,YIR002C,0,-5.018618,0.06081601232290268,0.2370000034570694,0.3659999966621399
YIL095W,YCL019W,0,-5.0186257,0.06080041080713272,0.2370000034570694,0.366100013256073
YFL014W,YBR117C,0,-5.018683,0.06078481674194336,0.2370000034570694,0.3662000000476837
YKL064W,YLR130C,1,-5.0189695,0.06102564185857773,0.23800000548362732,0.3662000000476837
YMR179W,YFL049W,0,-5.019291,0.06100999563932419,0.23800000548362732,0.36629998683929443
YOR094W,YDR359C,0,-5.019327,0.060994360595941544,0.23800000548362732,0.36640000343322754
YGR224W,YLR039C,0,-5.019557,0.060978733003139496,0.23800000548362732,0.36649999022483826
YLL035W,YDR359C,0,-5.019821,0.060963116586208344,0.23800000548362732,0.36660000681877136
YHL002W,YJR141W,0,-5.0198298,0.06094750389456749,0.23800000548362732,0.3666999936103821
YIL036W,YLR116W,0,-5.0201507,0.06093189865350723,0.23800000548362732,0.3668000102043152
YIL049W,YNL153C,0,-5.0202208,0.06091630458831787,0.23800000548362732,0.3668999969959259
YCL025C,YDR362C,0,-5.020302,0.060900717973709106,0.23800000548362732,0.367000013589859
YPL242C,YMR097C,0,-5.020303,0.06088513508439064,0.23800000548362732,0.3671000003814697
YDR300C,YBR049C,0,-5.0205903,0.06086956337094307,0.23800000548362732,0.36719998717308044
YDR225W,YER173W,0,-5.020834,0.060854002833366394,0.23800000548362732,0.36730000376701355
YGL071W,YDR040C,1,-5.0209785,0.06109406799077988,0.23899999260902405,0.36730000376701355
YPL259C,YLR288C,0,-5.021077,0.06107845529913902,0.23899999260902405,0.36739999055862427
YDR295C,YIL118W,0,-5.021378,0.061062850058078766,0.23899999260902405,0.3675000071525574
YJR145C,YLR022C,0,-5.022205,0.061047255992889404,0.23899999260902405,0.3675999939441681
YJL106W,YLR141W,0,-5.022567,0.06103166565299034,0.23899999260902405,0.3677000105381012
YDR174W,YCR084C,0,-5.0225725,0.061016082763671875,0.23899999260902405,0.3677999973297119
YPL259C,YJL006C,0,-5.02276,0.061000511050224304,0.23899999260902405,0.367900013923645
YIL049W,YPL063W,0,-5.022852,0.06098494678735733,0.23899999260902405,0.36800000071525574
YDL013W,YGL209W,0,-5.022922,0.060969386249780655,0.23899999260902405,0.36809998750686646
YDR461W,YBR069C,0,-5.0231485,0.060953836888074875,0.23899999260902405,0.36820000410079956
YDL013W,YML093W,0,-5.0232234,0.06093829497694969,0.23899999260902405,0.3682999908924103
YCL051W,YDR059C,0,-5.023401,0.060922764241695404,0.23899999260902405,0.3684000074863434
YIL046W,YPR108W,0,-5.023837,0.060907237231731415,0.23899999260902405,0.3684999942779541
YBR035C,YLR410W,0,-5.023978,0.06089172139763832,0.23899999260902405,0.3686000108718872
YGR224W,YBR136W,0,-5.0241985,0.060876209288835526,0.23899999260902405,0.3686999976634979
YCL014W,YPL059W,0,-5.0244255,0.060860708355903625,0.23899999260902405,0.36880001425743103
YMR047C,YML127W,0,-5.024597,0.06084521487355232,0.23899999260902405,0.36890000104904175
YDR264C,YNL032W,0,-5.024741,0.060829728841781616,0.23899999260902405,0.36899998784065247
YFR014C,YGR054W,0,-5.0247746,0.06081425026059151,0.23899999260902405,0.36910000443458557
YPL084W,YMR213W,0,-5.0248604,0.060798779129981995,0.23899999260902405,0.3691999912261963
YML028W,YPL087W,0,-5.0252,0.06078331544995308,0.23899999260902405,0.3693000078201294
YNL048W,YOR338W,0,-5.0252714,0.06076786294579506,0.23899999260902405,0.3693999946117401
YOR346W,YJL029C,0,-5.025448,0.06075241416692734,0.23899999260902405,0.3695000112056732
YGL105W,YHR154W,0,-5.0254583,0.06073697656393051,0.23899999260902405,0.36959999799728394
YDR040C,YOR137C,1,-5.025481,0.060975611209869385,0.23999999463558197,0.36959999799728394
YDL135C,YGL144C,0,-5.0255084,0.06096012145280838,0.23999999463558197,0.36970001459121704
YDR513W,YLR337C,0,-5.0255094,0.06094464287161827,0.23999999463558197,0.36980000138282776
YDR318W,YDR472W,0,-5.0256453,0.06092916801571846,0.23999999463558197,0.3698999881744385
YMR167W,YJR028W,0,-5.0257244,0.060913704335689545,0.23999999463558197,0.3700000047683716
YBR213W,YOR150W,0,-5.025893,0.060898248106241226,0.23999999463558197,0.3700999915599823
YKR019C,YNL188W,0,-5.026062,0.060882799327373505,0.23999999463558197,0.3702000081539154
YPL096W,YLR234W,0,-5.026086,0.06086736172437668,0.23999999463558197,0.3702999949455261
YIL085C,YPR165W,0,-5.026375,0.06085192784667015,0.23999999463558197,0.37040001153945923
YGL067W,YHR041C,0,-5.026417,0.06083650141954422,0.23999999463558197,0.37049999833106995
YDL138W,YPR009W,0,-5.0268645,0.060821086168289185,0.23999999463558197,0.37059998512268066
YIR028W,YHR006W,0,-5.0268984,0.06080567464232445,0.23999999463558197,0.37070000171661377
YBR267W,YGR104C,0,-5.0269628,0.060790274292230606,0.23999999463558197,0.3707999885082245
YPL209C,YOR266W,0,-5.0271564,0.06077488139271736,0.23999999463558197,0.3709000051021576
YER068W,YOL042W,0,-5.027231,0.060759492218494415,0.23999999463558197,0.3709999918937683
YLR163C,YGR086C,0,-5.0274096,0.060744114220142365,0.23999999463558197,0.3711000084877014
YCR048W,YDL148C,0,-5.0274277,0.06072874367237091,0.23999999463558197,0.37119999527931213
YNL323W,YBL103C,0,-5.0274487,0.060713380575180054,0.23999999463558197,0.37130001187324524
YDR512C,YDR065W,0,-5.027829,0.06069802865386009,0.23999999463558197,0.37139999866485596
YDR376W,YMR216C,0,-5.027875,0.06068268045783043,0.23999999463558197,0.3714999854564667
YOR026W,YOR171C,0,-5.0279093,0.06066733971238136,0.23999999463558197,0.3716000020503998
YJR089W,YNL012W,0,-5.028065,0.06065201014280319,0.23999999463558197,0.3716999888420105
YMR004W,YMR285C,0,-5.02834,0.06063668429851532,0.23999999463558197,0.3718000054359436
YER178W,YML098W,0,-5.02837,0.06062136963009834,0.23999999463558197,0.3718999922275543
YHL047C,YMR058W,1,-5.028492,0.0608585849404335,0.2409999966621399,0.3718999922275543
YMR227C,YOL109W,0,-5.0285625,0.060843221843242645,0.2409999966621399,0.3720000088214874
YPR021C,YDR194C,0,-5.02868,0.060827866196632385,0.2409999966621399,0.37209999561309814
YNL214W,YNL138W,0,-5.0288033,0.060812514275312424,0.2409999966621399,0.37220001220703125
YDL143W,YOR231W,0,-5.028823,0.06079717352986336,0.2409999966621399,0.37229999899864197
YPL078C,YKR052C,1,-5.029043,0.06103404611349106,0.24199999868869781,0.37229999899864197
YPL228W,YCR035C,0,-5.0291233,0.06101865693926811,0.24199999868869781,0.3723999857902527
YDL043C,YGR099W,0,-5.0292716,0.06100327521562576,0.24199999868869781,0.3725000023841858
YBR039W,YBR207W,1,-5.029273,0.06123992055654526,0.24300000071525574,0.3725000023841858
YDL137W,YFR033C,0,-5.0294,0.06122449040412903,0.24300000071525574,0.3725999891757965
YPR122W,YHL048W,0,-5.0294514,0.061209067702293396,0.24300000071525574,0.3727000057697296
YMR035W,YGR178C,0,-5.029608,0.06119365245103836,0.24300000071525574,0.37279999256134033
YMR136W,YGR241C,0,-5.029894,0.06117824837565422,0.24300000071525574,0.37290000915527344
YOL130W,YLR130C,1,-5.029894,0.06141454726457596,0.24400000274181366,0.37290000915527344
YOR334W,YBR106W,1,-5.0299397,0.061650730669498444,0.24500000476837158,0.37290000915527344
YPL204W,YNR011C,0,-5.0299554,0.06163521856069565,0.24500000476837158,0.37299999594688416
YLR158C,YML058W,0,-5.029978,0.06161971762776375,0.24500000476837158,0.37310001254081726
YMR012W,YCR027C,0,-5.030118,0.061604224145412445,0.24500000476837158,0.373199999332428
YLR195C,YOR217W,0,-5.0301795,0.06158873811364174,0.24500000476837158,0.3732999861240387
YLR295C,YDR456W,1,-5.030283,0.061824578791856766,0.2460000067949295,0.3732999861240387
YER009W,YER120W,0,-5.0305076,0.06180904433131218,0.2460000067949295,0.3734000027179718
YOL001W,YLL036C,0,-5.0306025,0.06179352104663849,0.2460000067949295,0.3734999895095825
YLR051C,YCR020C,0,-5.030817,0.061778001487255096,0.2460000067949295,0.3736000061035156
YAR031W,YBL088C,0,-5.0308714,0.0617624893784523,0.2460000067949295,0.37369999289512634
YLR314C,YDR490C,0,-5.0308886,0.0617469884455204,0.2460000067949295,0.37380000948905945
YPR067W,YBR296C,1,-5.0310135,0.06198243424296379,0.24699999392032623,0.37380000948905945
YDR435C,YOR256C,0,-5.031043,0.06196688488125801,0.24699999392032623,0.37389999628067017
YFR036W,YLR071C,0,-5.031145,0.06195134297013283,0.24699999392032623,0.37400001287460327
YIL124W,YPL002C,0,-5.0311594,0.06193580850958824,0.24699999392032623,0.374099999666214
YLR353W,YER147C,0,-5.031206,0.06192028149962425,0.24699999392032623,0.3741999864578247
YGR041W,YJR118C,0,-5.031475,0.06190476194024086,0.24699999392032623,0.3743000030517578
YPL028W,YHR079C,0,-5.031525,0.061889249831438065,0.24699999392032623,0.37439998984336853
YMR220W,YNL279W,0,-5.0317864,0.061873748898506165,0.24699999392032623,0.37450000643730164
YLR200W,YGL210W,0,-5.031838,0.06185825169086456,0.24699999392032623,0.37459999322891235
YFR008W,YJL030W,0,-5.032606,0.06184276565909386,0.24699999392032623,0.37470000982284546
YDR147W,YPR052C,0,-5.032823,0.06182728335261345,0.24699999392032623,0.3747999966144562
YAL031C,YNL121C,0,-5.032825,0.06181181222200394,0.24699999392032623,0.3749000132083893
YGL129C,YBR083W,0,-5.0330462,0.06179634854197502,0.24699999392032623,0.375
YCR020W-B,YNR046W,0,-5.033224,0.061780888587236404,0.24699999392032623,0.3750999867916107
YDR118W,YHR023W,0,-5.0335054,0.06176543980836868,0.24699999392032623,0.3752000033855438
YDR251W,YJL052W,0,-5.03366,0.06174999848008156,0.24699999392032623,0.37529999017715454
YGL071W,YHR175W,1,-5.0338917,0.061984505504369736,0.24799999594688416,0.37529999017715454
YML116W,YFL022C,0,-5.0344505,0.06196901574730873,0.24799999594688416,0.37540000677108765
YNL164C,YIL063C,0,-5.03484,0.06195353344082832,0.24799999594688416,0.37549999356269836
YPR073C,YER005W,0,-5.0350137,0.06193806231021881,0.24799999594688416,0.37560001015663147
YNL021W,YOR211C,0,-5.0350704,0.0619225949048996,0.24799999594688416,0.3756999969482422
YHR187W,YDR397C,0,-5.035194,0.06190713867545128,0.24799999594688416,0.3758000135421753
YGL122C,YKR055W,0,-5.0352287,0.06189168989658356,0.24799999594688416,0.375900000333786
YML077W,YBL084C,0,-5.0352697,0.06187624856829643,0.24799999594688416,0.37599998712539673
YJL210W,YDL244W,0,-5.0352736,0.061860814690589905,0.24799999594688416,0.37610000371932983
YOL027C,YGL167C,1,-5.035782,0.06209476292133331,0.24899999797344208,0.37610000371932983
YGR060W,YPL209C,0,-5.0358515,0.062079280614852905,0.24899999797344208,0.37619999051094055
YNL031C,YJL127C,0,-5.036457,0.06206380948424339,0.24899999797344208,0.37630000710487366
YPR046W,YLR263W,0,-5.036525,0.06204834207892418,0.24899999797344208,0.3763999938964844
YHR001W-A,YHL009C,0,-5.036682,0.06203288584947586,0.24899999797344208,0.3765000104904175
YBR188C,YMR284W,0,-5.0367107,0.06201743334531784,0.24899999797344208,0.3765999972820282
YNL244C,YGR211W,0,-5.036794,0.062001992017030716,0.24899999797344208,0.3767000138759613
YHR065C,YOR115C,0,-5.037101,0.06198655813932419,0.24899999797344208,0.376800000667572
YDL088C,YPL047W,0,-5.037158,0.06197113171219826,0.24899999797344208,0.37689998745918274
YOR316C,YNL291C,1,-5.0373163,0.06220452859997749,0.25,0.37689998745918274
YGL012W,YMR087W,0,-5.0374265,0.06218905374407768,0.25,0.37700000405311584
YDR096W,YOR231W,0,-5.037469,0.06217359006404877,0.25,0.37709999084472656
YNL049C,YJL143W,0,-5.037665,0.06215813010931015,0.25,0.37720000743865967
YMR116C,YHR066W,0,-5.037737,0.06214268133044243,0.25,0.3772999942302704
YDR362C,YDR451C,0,-5.0377913,0.062127236276865005,0.25,0.3774000108242035
YLR295C,YGR257C,1,-5.037979,0.0623602494597435,0.25099998712539673,0.3774000108242035
YOR372C,YDR217C,0,-5.038122,0.062344759702682495,0.25099998712539673,0.3774999976158142
YBR243C,YLL038C,0,-5.038458,0.06232927739620209,0.25099998712539673,0.3776000142097473
YPL178W,YHR052W,0,-5.038476,0.06231380254030228,0.25099998712539673,0.37770000100135803
YJR121W,YNL291C,1,-5.0385766,0.06254653632640839,0.25200000405311584,0.37770000100135803
YIL002C,YDR145W,0,-5.0386724,0.062531016767025,0.25200000405311584,0.37779998779296875
YBR272C,YKL093W,0,-5.0391974,0.0625155046582222,0.25200000405311584,0.37790000438690186
YLR115W,YBR170C,0,-5.039257,0.0625,0.25200000405311584,0.3779999911785126
YBR102C,YEL016C,0,-5.039278,0.0624845027923584,0.25200000405311584,0.3781000077724457
YJR132W,YNR011C,0,-5.0394135,0.062469013035297394,0.25200000405311584,0.3781999945640564
YIL154C,YBR173C,0,-5.0394273,0.062453530728816986,0.25200000405311584,0.3783000111579895
YDR054C,YCR020C-A,0,-5.0395193,0.062438055872917175,0.25200000405311584,0.3783999979496002
YBR278W,YHR123W,0,-5.0395246,0.06242259219288826,0.25200000405311584,0.3785000145435333
YNL084C,YMR023C,0,-5.0396004,0.06240713223814964,0.25200000405311584,0.37860000133514404
YDL145C,YGR147C,0,-5.0397673,0.06239167973399162,0.25200000405311584,0.37869998812675476
YML104C,YBL018C,0,-5.0398893,0.0623762384057045,0.25200000405311584,0.37880000472068787
YDR045C,YGL098W,0,-5.0400114,0.06236080080270767,0.25200000405311584,0.3788999915122986
YBR173C,YLL017W,0,-5.0404997,0.06234537437558174,0.25200000405311584,0.3790000081062317
YJL098W,YKL018W,0,-5.0404997,0.06232995167374611,0.25200000405311584,0.3790999948978424
YNL102W,YBR173C,0,-5.040515,0.06231454014778137,0.25200000405311584,0.3792000114917755
YLR148W,YKL080W,0,-5.0407257,0.06229913607239723,0.25200000405311584,0.37929999828338623
YJR066W,YIL138C,0,-5.0408034,0.06228373572230339,0.25200000405311584,0.37940001487731934
YBR279W,YER117W,0,-5.040862,0.062268346548080444,0.25200000405311584,0.37950000166893005
YPL028W,YBR035C,0,-5.040943,0.062252964824438095,0.25200000405311584,0.37959998846054077
YML060W,YPL235W,0,-5.041051,0.06223759055137634,0.25200000405311584,0.3797000050544739
YGR167W,YLR066W,0,-5.0411015,0.06222222372889519,0.25200000405311584,0.3797999918460846
YLR084C,YMR125W,0,-5.0413284,0.06220686435699463,0.25200000405311584,0.3799000084400177
YGR257C,YBR106W,1,-5.041334,0.062438301742076874,0.2529999911785126,0.3799000084400177
YCL043C,YKL119C,0,-5.041538,0.062422897666692734,0.2529999911785126,0.3799999952316284
YGL014W,YDL092W,0,-5.041566,0.06240749731659889,0.2529999911785126,0.3801000118255615
YEL053C,YDR060W,0,-5.041895,0.062392108142375946,0.2529999911785126,0.38019999861717224
YDR030C,YMR039C,0,-5.0421424,0.0623767264187336,0.2529999911785126,0.38029998540878296
YPL147W,YFL005W,0,-5.042243,0.062361352145671844,0.2529999911785126,0.38040000200271606
YAL056W,YGL095C,0,-5.0424166,0.06234598159790039,0.2529999911785126,0.3804999887943268
YGR186W,YNL064C,0,-5.0425572,0.06233062222599983,0.2529999911785126,0.3806000053882599
YHR091C,YML046W,0,-5.0425744,0.06231527030467987,0.2529999911785126,0.3806999921798706
YNL031C,YAR009C,0,-5.042906,0.062299925833940506,0.2529999911785126,0.3808000087738037
YDL198C,YML092C,0,-5.0429335,0.06228458881378174,0.2529999911785126,0.38089999556541443
YDL105W,YMR314W,0,-5.0436077,0.06226925924420357,0.2529999911785126,0.38100001215934753
YDL135C,YCR081W,0,-5.04365,0.062253937125205994,0.2529999911785126,0.38109999895095825
YAR031W,YJL127C,0,-5.0439796,0.06223862245678902,0.2529999911785126,0.38119998574256897
YDR040C,YGL254W,1,-5.0439863,0.06246925890445709,0.2540000081062317,0.38119998574256897
YCR018C,YDR292C,0,-5.044279,0.062453895807266235,0.2540000081062317,0.3813000023365021
YNL004W,YMR087W,0,-5.044311,0.062438543885946274,0.2540000081062317,0.3813999891281128
YDR423C,YCR014C,0,-5.0443125,0.06242319941520691,0.2540000081062317,0.3815000057220459
YLR423C,YNL311C,0,-5.0447736,0.06240786239504814,0.2540000081062317,0.3815999925136566
YFR019W,YOR171C,0,-5.044927,0.06239253282546997,0.2540000081062317,0.3817000091075897
YOR100C,YNL173C,0,-5.04513,0.0623772107064724,0.2540000081062317,0.38179999589920044
YFR014C,YKL149C,0,-5.045137,0.06236189603805542,0.2540000081062317,0.38190001249313354
YCR010C,YBR024W,1,-5.045352,0.0625920444726944,0.2549999952316284,0.38190001249313354
YIL062C,YCR020C,0,-5.045392,0.06257668882608414,0.2549999952316284,0.38199999928474426
YCL055W,YMR129W,0,-5.045393,0.06256133317947388,0.2549999952316284,0.382099986076355
YGR179C,YGL039W,0,-5.045594,0.06254599243402481,0.2549999952316284,0.3822000026702881
YOR361C,YDR189W,0,-5.045624,0.06253065168857574,0.2549999952316284,0.3822999894618988
YNR058W,YGL190C,0,-5.0457425,0.06251532584428787,0.2549999952316284,0.3824000060558319
YPL127C,YDL064W,0,-5.045828,0.0625,0.2549999952316284,0.3824999928474426
YKL042W,YDL064W,0,-5.045857,0.06248468533158302,0.2549999952316284,0.38260000944137573
YFL024C,YNL283C,0,-5.046114,0.06246937811374664,0.2549999952316284,0.38269999623298645
YPL132W,YHR203C,0,-5.0461583,0.06245407834649086,0.2549999952316284,0.38280001282691956
YLR059C,YDR334W,0,-5.0462875,0.062438786029815674,0.2549999952316284,0.3828999996185303
YGL181W,YGR075C,0,-5.0463924,0.062423501163721085,0.2549999952316284,0.382999986410141
YPL242C,YLR409C,0,-5.0465755,0.06240822374820709,0.2549999952316284,0.3831000030040741
YBR193C,YOR290C,0,-5.0465903,0.0623929537832737,0.2549999952316284,0.3831999897956848
YLR028C,YPL020C,0,-5.0466404,0.0623776912689209,0.2549999952316284,0.3833000063896179
YLR284C,YIR019C,0,-5.0466595,0.0623624362051487,0.2549999952316284,0.38339999318122864
YPL083C,YHL025W,0,-5.046721,0.06234718859195709,0.2549999952316284,0.38350000977516174
YGL151W,YPR095C,0,-5.0469484,0.062331948429346085,0.2549999952316284,0.38359999656677246
YIL159W,YPL132W,0,-5.047161,0.062316715717315674,0.2549999952316284,0.38370001316070557
YJR108W,YJR045C,0,-5.047399,0.06230149045586586,0.2549999952316284,0.3837999999523163
YOR103C,YML029W,0,-5.0476837,0.06228627264499664,0.2549999952316284,0.383899986743927
YML102W,YIL131C,0,-5.0477743,0.06227106228470802,0.2549999952316284,0.3840000033378601
YGL008C,YGL167C,1,-5.0477824,0.0625,0.25600001215934753,0.3840000033378601
YNL232W,YDR097C,0,-5.047835,0.0624847449362278,0.25600001215934753,0.3840999901294708
YKL144C,YNL222W,0,-5.0479207,0.062469497323036194,0.25600001215934753,0.38420000672340393
YLR002C,YGR104C,0,-5.0479255,0.062454257160425186,0.25600001215934753,0.38429999351501465
YGL003C,YGL095C,0,-5.0479393,0.062439024448394775,0.25600001215934753,0.38440001010894775
YER001W,YPL006W,0,-5.047945,0.06242379918694496,0.25600001215934753,0.38449999690055847
YJL031C,YER103W,0,-5.04801,0.062408581376075745,0.25600001215934753,0.3846000134944916
YCR010C,YOR316C,1,-5.0480933,0.062637098133564,0.25699999928474426,0.3846000134944916
YLR189C,YNL046W,0,-5.048331,0.0626218318939209,0.25699999928474426,0.3847000002861023
YIL124W,YOL059W,0,-5.048641,0.062606580555439,0.25699999928474426,0.384799987077713
YGR218W,YNR059W,0,-5.048649,0.06259132921695709,0.25699999928474426,0.3849000036716461
YBR042C,YLR447C,0,-5.0486565,0.06257609277963638,0.25699999928474426,0.38499999046325684
YOL064C,YCR102C,0,-5.048712,0.06256085634231567,0.25699999928474426,0.38510000705718994
YFR055W,YPL234C,0,-5.048828,0.06254563480615616,0.25699999928474426,0.38519999384880066
YDR279W,YDR469W,0,-5.0488944,0.06253041326999664,0.25699999928474426,0.38530001044273376
YGL021W,YCR033W,0,-5.0493193,0.06251520663499832,0.25699999928474426,0.3853999972343445
YOL078W,YMR241W,0,-5.0493984,0.0625,0.25699999928474426,0.3855000138282776
YER009W,YBR012W-A,0,-5.049415,0.062484804540872574,0.25699999928474426,0.3856000006198883
YPR057W,YIR028W,0,-5.0495234,0.062469616532325745,0.25699999928474426,0.385699987411499
YNL048W,YGL192W,0,-5.0495324,0.06245443597435951,0.25699999928474426,0.38580000400543213
YLR195C,YKR087C,0,-5.049609,0.06243926286697388,0.25699999928474426,0.38589999079704285
YHL003C,YPR055W,0,-5.0496387,0.06242409348487854,0.25699999928474426,0.38600000739097595
YIL105C,YHR178W,0,-5.049757,0.0624089352786541,0.25699999928474426,0.38609999418258667
YLR382C,YGL226C-A,0,-5.049939,0.062393784523010254,0.25699999928474426,0.3862000107765198
YHR190W,YGR186W,0,-5.050282,0.062378641217947006,0.25699999928474426,0.3862999975681305
YLR102C,YBL005W,0,-5.050285,0.062363505363464355,0.25699999928474426,0.3864000141620636
YPL011C,YMR089C,0,-5.050356,0.062348373234272,0.25699999928474426,0.3865000009536743
YGR075C,YNL257C,0,-5.05044,0.062333252280950546,0.25699999928474426,0.38659998774528503
YKL203C,YPL033C,0,-5.0504475,0.062318138778209686,0.25699999928474426,0.38670000433921814
YDR245W,YPL022W,0,-5.050755,0.062303029000759125,0.25699999928474426,0.38679999113082886
YJL033W,YNL163C,0,-5.05098,0.06228793039917946,0.25699999928474426,0.38690000772476196
YKL101W,YKR042W,0,-5.051142,0.06227283924818039,0.25699999928474426,0.3869999945163727
YLR380W,YNL102W,0,-5.051446,0.06225775182247162,0.25699999928474426,0.3871000111103058
YFL024C,YEL069C,0,-5.051547,0.06224267557263374,0.25699999928474426,0.3871999979019165
YOR330C,YER082C,0,-5.0515547,0.062227603048086166,0.25699999928474426,0.3873000144958496
YLR060W,YEL050C,0,-5.05165,0.062212537974119186,0.25699999928474426,0.3874000012874603
YPL267W,YOR068C,0,-5.0518026,0.0621974840760231,0.25699999928474426,0.38749998807907104
YKL179C,YGR091W,0,-5.0519056,0.062182433903217316,0.25699999928474426,0.38760000467300415
YOR036W,YGR209C,0,-5.051918,0.062167391180992126,0.25699999928474426,0.38769999146461487
YGR055W,YGR063C,0,-5.0519753,0.06215235963463783,0.25699999928474426,0.387800008058548
YLL027W,YKL064W,1,-5.052044,0.06237911060452461,0.257999986410141,0.387800008058548
YDR461W,YLR285W,0,-5.0521183,0.06236403062939644,0.257999986410141,0.3878999948501587
YDR156W,YNL064C,0,-5.052181,0.06234896183013916,0.257999986410141,0.3880000114440918
YLR353W,YGR179C,0,-5.0522356,0.06233389675617218,0.257999986410141,0.3880999982357025
YCR020W-B,YKL194C,0,-5.0524697,0.0623188391327858,0.257999986410141,0.3882000148296356
YER183C,YNL151C,0,-5.0533466,0.06230379268527031,0.257999986410141,0.38830000162124634
YEL069C,YMR179W,0,-5.053414,0.06228874996304512,0.257999986410141,0.38839998841285706
YDR420W,YDR398W,0,-5.0535,0.06227371469140053,0.257999986410141,0.38850000500679016
YFL060C,YOL109W,0,-5.0536213,0.06225868687033653,0.257999986410141,0.3885999917984009
YGR179C,YDR346C,0,-5.0536327,0.062243666499853134,0.257999986410141,0.388700008392334
YGR145W,YPL033C,0,-5.053959,0.06222865357995033,0.257999986410141,0.3887999951839447
YDR138W,YOR287C,0,-5.0541334,0.06221364811062813,0.257999986410141,0.3889000117778778
YDR356W,YKL122C,0,-5.0541615,0.06219865009188652,0.257999986410141,0.3889999985694885
YKR036C,YOR046C,0,-5.0542474,0.06218365952372551,0.257999986410141,0.38909998536109924
YPL048W,YPL040C,0,-5.0543976,0.062168676406145096,0.257999986410141,0.38920000195503235
YGR227W,YDR288W,0,-5.05453,0.06215369701385498,0.257999986410141,0.38929998874664307
YDR384C,YOL077W-A,1,-5.0549297,0.06237957626581192,0.2590000033378601,0.38929998874664307
YIL131C,YKL089W,0,-5.055197,0.06236455589532852,0.2590000033378601,0.38940000534057617
YOR347C,YOR008C,0,-5.05525,0.06234954297542572,0.2590000033378601,0.3894999921321869
YOR173W,YIL066C,0,-5.055322,0.062334537506103516,0.2590000033378601,0.38960000872612
YEL027W,YML123C,1,-5.055398,0.06256015598773956,0.25999999046325684,0.38960000872612
YIL021W,YML034W,0,-5.0556746,0.06254510581493378,0.25999999046325684,0.3896999955177307
YBL032W,YMR270C,0,-5.0557947,0.06253006309270859,0.25999999046325684,0.3898000121116638
YDR076W,YDR181C,0,-5.0558076,0.062515027821064,0.25999999046325684,0.38989999890327454
YDL100C,YFL060C,0,-5.055913,0.0625,0.25999999046325684,0.38999998569488525
YDR393W,YOR295W,0,-5.055925,0.0624849796295166,0.25999999046325684,0.39010000228881836
YEL037C,YLR079W,0,-5.0561056,0.0624699667096138,0.25999999046325684,0.3901999890804291
YJR077C,YGL167C,1,-5.0562134,0.06269517540931702,0.26100000739097595,0.3901999890804291
YKL022C,YMR087W,0,-5.0564165,0.06268011778593063,0.26100000739097595,0.3903000056743622
YKL146W,YCL029C,0,-5.0565157,0.06266506761312485,0.26100000739097595,0.3903999924659729
YCL003W,YML076C,0,-5.056582,0.06265002489089966,0.26100000739097595,0.390500009059906
YLR051C,YDL116W,0,-5.0565906,0.06263498961925507,0.26100000739097595,0.3905999958515167
YLL009C,YBR207W,1,-5.0569353,0.06285988539457321,0.2619999945163727,0.3905999958515167
YPL232W,YJR066W,0,-5.057055,0.06284480541944504,0.2619999945163727,0.39070001244544983
YNR056C,YML038C,0,-5.0573006,0.06282973289489746,0.2619999945163727,0.39079999923706055
YPL100W,YHR186C,0,-5.0573206,0.06281467527151108,0.2619999945163727,0.39089998602867126
YHR050W,YLR130C,1,-5.057561,0.06303931027650833,0.2630000114440918,0.39089998602867126
YOR079C,YDR469W,0,-5.0576386,0.06302420049905777,0.2630000114440918,0.39100000262260437
YBR041W,YPL040C,0,-5.057728,0.0630091056227684,0.2630000114440918,0.3910999894142151
YGL071W,YER145C,1,-5.0579305,0.06323353201150894,0.2639999985694885,0.3910999894142151
YGL206C,YGL063W,0,-5.05799,0.06321839243173599,0.2639999985694885,0.3912000060081482
YFL039C,YKR059W,0,-5.0580616,0.06320325285196304,0.2639999985694885,0.3912999927997589
YPL053C,YHR167W,0,-5.058359,0.06318812817335129,0.2639999985694885,0.391400009393692
YGL211W,YGR033C,0,-5.058584,0.06317301094532013,0.2639999985694885,0.39149999618530273
YBR164C,YGL257C,0,-5.0586023,0.06315789371728897,0.2639999985694885,0.39160001277923584
YOR109W,YGL039W,0,-5.0586333,0.063142791390419,0.2639999985694885,0.39169999957084656
YGL236C,YLR208W,0,-5.0587587,0.06312768906354904,0.2639999985694885,0.3917999863624573
YDL056W,YPL097W,0,-5.058897,0.06311260163784027,0.2639999985694885,0.3919000029563904
YDL083C,YLR105C,0,-5.05894,0.0630975142121315,0.2639999985694885,0.3919999897480011
YLL038C,YIL029C,0,-5.0590935,0.06308243423700333,0.2639999985694885,0.3921000063419342
YER107C,YDR138W,0,-5.0591164,0.06306736916303635,0.2639999985694885,0.3921999931335449
YAL031C,YDL097C,0,-5.0591636,0.06305230408906937,0.2639999985694885,0.392300009727478
YHR107C,YPR110C,0,-5.0593786,0.06303724646568298,0.2639999985694885,0.39239999651908875
YLR384C,YLR263W,0,-5.0597453,0.0630222037434578,0.2639999985694885,0.39250001311302185
YEL034W,YMR070W,0,-5.059825,0.0630071610212326,0.2639999985694885,0.39259999990463257
YMR036C,YBR015C,0,-5.0601106,0.06299212574958801,0.2639999985694885,0.3926999866962433
YNL288W,YMR186W,0,-5.060213,0.06297709792852402,0.2639999985694885,0.3928000032901764
YLR078C,YOR099W,0,-5.060218,0.06296207755804062,0.2639999985694885,0.3928999900817871
YNL231C,YJR127C,0,-5.060223,0.06294706463813782,0.2639999985694885,0.3930000066757202
YAL021C,YER127W,0,-5.060257,0.06293205916881561,0.2639999985694885,0.39309999346733093
YPR018W,YOR140W,0,-5.060285,0.062917061150074,0.2639999985694885,0.39320001006126404
YNL116W,YNR011C,0,-5.0603943,0.062902070581913,0.2639999985694885,0.39329999685287476
YOR377W,YDL079C,0,-5.0605106,0.06288708746433258,0.2639999985694885,0.39340001344680786
YOL077W-A,YGL255W,1,-5.0605364,0.06311026215553284,0.26499998569488525,0.39340001344680786
YPR051W,YDR194C,0,-5.060636,0.06309524178504944,0.26499998569488525,0.3935000002384186
YDL137W,YLR081W,0,-5.061005,0.06308022141456604,0.26499998569488525,0.3935999870300293
YIL118W,YDR023W,0,-5.0610075,0.06306520849466324,0.26499998569488525,0.3937000036239624
YML081C-A,YJL198W,1,-5.0611086,0.0632881298661232,0.26600000262260437,0.3937000036239624
YGL205W,YIL173W,0,-5.0611815,0.06327307224273682,0.26600000262260437,0.3937999904155731
YHR059W,YAR009C,0,-5.0611863,0.06325802952051163,0.26600000262260437,0.3939000070095062
YBL045C,YBR272C,0,-5.061366,0.06324298679828644,0.26600000262260437,0.39399999380111694
YIL002C,YPL145C,0,-5.0617285,0.06322795152664185,0.26600000262260437,0.39410001039505005
YER166W,YGR200C,0,-5.0617642,0.06321293115615845,0.26600000262260437,0.39419999718666077
YPL085W,YGR285C,0,-5.0617895,0.06319791078567505,0.26600000262260437,0.39430001378059387
YGR003W,YNL262W,0,-5.0619774,0.06318289786577225,0.26600000262260437,0.3944000005722046
YOR316C,YBR024W,1,-5.0620165,0.0634053647518158,0.2669999897480011,0.3944000005722046
YLR451W,YOR338W,0,-5.0621953,0.06339031457901001,0.2669999897480011,0.3944999873638153
YOL123W,YDR080W,0,-5.0624247,0.06337526440620422,0.2669999897480011,0.3946000039577484
YAR019C,YHR016C,0,-5.0624585,0.06336022913455963,0.2669999897480011,0.39469999074935913
YGR135W,YNL339C,0,-5.0625887,0.06334519386291504,0.2669999897480011,0.39480000734329224
YHR150W,YJL179W,0,-5.062627,0.06333017349243164,0.2669999897480011,0.39489999413490295
YHR148W,YOR232W,0,-5.062846,0.06331515312194824,0.2669999897480011,0.39500001072883606
YHR079C,YKL043W,0,-5.062909,0.06330014020204544,0.2669999897480011,0.3950999975204468
YLR431C,YGR006W,0,-5.063123,0.06328514218330383,0.2669999897480011,0.3952000141143799
YLR376C,YFL017W-A,0,-5.0631466,0.06327014416456223,0.2669999897480011,0.3953000009059906
YIL105C,YJR044C,0,-5.0632067,0.06325515359640121,0.2669999897480011,0.3953999876976013
YBR112C,YGL175C,0,-5.0632114,0.0632401704788208,0.2669999897480011,0.3955000042915344
YPR185W,YPR171W,0,-5.063445,0.06322519481182098,0.2669999897480011,0.39559999108314514
YDR076W,YPL167C,0,-5.0637217,0.06321022659540176,0.2669999897480011,0.39570000767707825
YHR170W,YKL042W,0,-5.0637774,0.06319526582956314,0.2669999897480011,0.39579999446868896
YGR155W,YNL199C,0,-5.063965,0.06318031251430511,0.2669999897480011,0.39590001106262207
YBL084C,YGL013C,0,-5.0642004,0.06316536664962769,0.2669999897480011,0.3959999978542328
YLR295C,YHR050W,1,-5.064923,0.0633869469165802,0.2680000066757202,0.3959999978542328
YOR371C,YJL187C,0,-5.065527,0.06337195634841919,0.2680000066757202,0.3961000144481659
YPL008W,YOR116C,0,-5.0656137,0.06335697323083878,0.2680000066757202,0.3962000012397766
YKL182W,YLR191W,0,-5.065946,0.06334199756383896,0.2680000066757202,0.39629998803138733
YDR182W,YKR009C,0,-5.065955,0.06332702934741974,0.2680000066757202,0.39640000462532043
YDL020C,YBL075C,0,-5.065998,0.06331206858158112,0.2680000066757202,0.39649999141693115
YER122C,YJL179W,0,-5.0660114,0.06329711526632309,0.2680000066757202,0.39660000801086426
YDL101C,YMR161W,0,-5.0663,0.06328216940164566,0.2680000066757202,0.396699994802475
YIL037C,YOR014W,0,-5.0663157,0.06326723098754883,0.2680000066757202,0.3968000113964081
YCR010C,YIL023C,1,-5.066417,0.06348831951618195,0.26899999380111694,0.3968000113964081
YKR026C,YPR179C,0,-5.0664988,0.06347333639860153,0.26899999380111694,0.3968999981880188
YKL160W,YJR086W,0,-5.0666146,0.06345836073160172,0.26899999380111694,0.3970000147819519
YER015W,YLR010C,0,-5.0670576,0.0634433925151825,0.26899999380111694,0.3971000015735626
YGR145W,YDR292C,0,-5.0673513,0.06342843919992447,0.26899999380111694,0.39719998836517334
YOR377W,YOR147W,0,-5.0673866,0.06341348588466644,0.26899999380111694,0.39730000495910645
YOL156W,YNL117W,0,-5.0676446,0.06339854001998901,0.26899999380111694,0.39739999175071716
YOR245C,YJL030W,0,-5.0676775,0.06338360160589218,0.26899999380111694,0.39750000834465027
YJL122W,YDL083C,0,-5.067852,0.06336867064237595,0.26899999380111694,0.397599995136261
YPR201W,YDR276C,1,-5.068438,0.06358925998210907,0.27000001072883606,0.397599995136261
YPL078C,YDR040C,1,-5.068476,0.06380974501371384,0.2709999978542328,0.397599995136261
YGL021W,YMR129W,0,-5.068553,0.06379472464323044,0.2709999978542328,0.3977000117301941
YDR517W,YLR025W,0,-5.068899,0.06377971172332764,0.2709999978542328,0.3977999985218048
YML081C-A,YKL120W,1,-5.0691266,0.06400000303983688,0.2720000147819519,0.3977999985218048
YNL097C,YIL037C,0,-5.069401,0.0639849454164505,0.2720000147819519,0.3978999853134155
YAL005C,YAL002W,0,-5.0694084,0.06396989524364471,0.2720000147819519,0.39800000190734863
YKL185W,YPR009W,0,-5.0694666,0.06395485252141953,0.2720000147819519,0.39809998869895935
YER159C,YNR046W,0,-5.06958,0.06393982470035553,0.2720000147819519,0.39820000529289246
YLL027W,YNL142W,1,-5.0697165,0.0641598105430603,0.27300000190734863,0.39820000529289246
YAL054C,YLR467W,0,-5.06973,0.06414473801851273,0.27300000190734863,0.3982999920845032
YER178W,YMR293C,0,-5.0697913,0.06412966549396515,0.27300000190734863,0.3984000086784363
YPR030W,YLR284C,0,-5.070279,0.06411460787057877,0.27300000190734863,0.398499995470047
YMR198W,YDR179C,0,-5.0704303,0.06409955024719238,0.27300000190734863,0.3986000120639801
YHR164C,YBL064C,0,-5.0705075,0.0640845075249672,0.27300000190734863,0.3986999988555908
YPR068C,YMR097C,0,-5.070524,0.064069464802742,0.27300000190734863,0.39879998564720154
YBR102C,YER082C,0,-5.070601,0.06405443698167801,0.27300000190734863,0.39890000224113464
YIL118W,YOR297C,0,-5.0708675,0.06403940916061401,0.27300000190734863,0.39899998903274536
YPL178W,YDL227C,0,-5.0709248,0.06402438879013062,0.27300000190734863,0.39910000562667847
YEL027W,YNR039C,1,-5.0709453,0.064243845641613,0.27399998903274536,0.39910000562667847
YGL187C,YNL071W,0,-5.0713234,0.06422878801822662,0.27399998903274536,0.3991999924182892
YIL009W,YKL170W,0,-5.071574,0.06421373039484024,0.27399998903274536,0.3993000090122223
YHR175W,YER053C,1,-5.0715933,0.06443298608064651,0.2750000059604645,0.3993000090122223
YJR001W,YCR084C,0,-5.0716286,0.06441789865493774,0.2750000059604645,0.399399995803833
YDL164C,YNL245C,0,-5.0716844,0.06440281122922897,0.2750000059604645,0.3995000123977661
YBR110W,YGL129C,0,-5.0718474,0.0643877312541008,0.2750000059604645,0.39959999918937683
YPL127C,YBR127C,0,-5.071937,0.06437265872955322,0.2750000059604645,0.39969998598098755
YJR094C,YOR045W,0,-5.0719595,0.06435759365558624,0.2750000059604645,0.39980000257492065
YMR308C,YFL008W,0,-5.0721493,0.06434253603219986,0.2750000059604645,0.39989998936653137
YIL131C,YHR039C-A,0,-5.072315,0.06432748585939407,0.2750000059604645,0.4000000059604645
YIL040W,YOR178C,0,-5.0723953,0.06431244313716888,0.2750000059604645,0.4000999927520752
YJR070C,YGL162W,0,-5.072412,0.06429740786552429,0.2750000059604645,0.4002000093460083
YDR138W,YOL142W,0,-5.0724583,0.0642823725938797,0.2750000059604645,0.400299996137619
YLR069C,YGL208W,0,-5.072835,0.0642673522233963,0.2750000059604645,0.4004000127315521
YHR067W,YEL016C,0,-5.0729704,0.0642523393034935,0.2750000059604645,0.40049999952316284
YFL022C,YOL156W,0,-5.073098,0.0642373263835907,0.2750000059604645,0.40059998631477356
YER119C,YJR141W,0,-5.0731926,0.06422232836484909,0.2750000059604645,0.40070000290870667
YOR207C,YPR080W,0,-5.0732994,0.06420733034610748,0.2750000059604645,0.4007999897003174
YPR199C,YLL031C,0,-5.0734825,0.06419234722852707,0.2750000059604645,0.4009000062942505
YOL012C,YPL065W,0,-5.073658,0.06417736411094666,0.2750000059604645,0.4009999930858612
YNL153C,YFR013W,0,-5.073662,0.06416238844394684,0.2750000059604645,0.4011000096797943
YPR094W,YJL011C,0,-5.0737524,0.06414742022752762,0.2750000059604645,0.40119999647140503
YLR181C,YOR287C,0,-5.074168,0.064132459461689,0.2750000059604645,0.40130001306533813
YPL151C,YMR283C,0,-5.0742116,0.06411751359701157,0.2750000059604645,0.40139999985694885
YFR013W,YJR153W,0,-5.074386,0.06410256773233414,0.2750000059604645,0.40149998664855957
YDR236C,YDR288W,0,-5.074645,0.06408762186765671,0.2750000059604645,0.4016000032424927
YPR182W,YKL126W,0,-5.0746827,0.06407269090414047,0.2750000059604645,0.4016999900341034
YPR199C,YDR143C,0,-5.074709,0.06405776739120483,0.2750000059604645,0.4018000066280365
YFR052W,YCL031C,0,-5.0750732,0.06404285132884979,0.2750000059604645,0.4018999934196472
YHL002W,YDR389W,0,-5.075081,0.06402794271707535,0.2750000059604645,0.4020000100135803
YER013W,YHL007C,0,-5.075201,0.0640130341053009,0.2750000059604645,0.40209999680519104
YPL078C,YML121W,1,-5.075245,0.06423085927963257,0.2759999930858612,0.40209999680519104
YLR092W,YDR322C-A,1,-5.0758877,0.06444858014583588,0.2770000100135803,0.40209999680519104
YPL121C,YKL079W,0,-5.0758986,0.06443358957767487,0.2770000100135803,0.40220001339912415
YDR345C,YLL040C,0,-5.076252,0.06441860646009445,0.2770000100135803,0.40230000019073486
YPL016W,YLL056C,0,-5.0763407,0.06440362334251404,0.2770000100135803,0.4023999869823456
YGL206C,YKL189W,0,-5.076356,0.06438865512609482,0.2770000100135803,0.4025000035762787
YOR198C,YGL025C,0,-5.0763745,0.0643736943602562,0.2770000100135803,0.4025999903678894
YNL051W,YMR179W,0,-5.0765347,0.06435873359441757,0.2770000100135803,0.4027000069618225
YNL101W,YKL058W,0,-5.076644,0.06434378772974014,0.2770000100135803,0.4027999937534332
YCR028C-A,YGR085C,0,-5.07676,0.06432884186506271,0.2770000100135803,0.40290001034736633
YAL033W,YLL056C,0,-5.077157,0.06431391090154648,0.2770000100135803,0.40299999713897705
YCL016C,YGL162W,0,-5.0771813,0.06429897993803024,0.2770000100135803,0.40310001373291016
YIL131C,YNL290W,0,-5.0771847,0.0642840564250946,0.2770000100135803,0.4032000005245209
YNR010W,YOR115C,0,-5.0772758,0.06426914036273956,0.2770000100135803,0.4032999873161316
YBL074C,YDL197C,0,-5.0772877,0.06425423175096512,0.2770000100135803,0.4034000039100647
YLR055C,YDR080W,0,-5.0776043,0.06423933058977127,0.2770000100135803,0.4034999907016754
YER087C-A,YLR234W,0,-5.077802,0.06422443687915802,0.2770000100135803,0.4036000072956085
YPR068C,YML120C,0,-5.077935,0.06420955061912537,0.2770000100135803,0.40369999408721924
YAL020C,YGR083C,0,-5.078087,0.06419467180967331,0.2770000100135803,0.40380001068115234
YOL121C,YMR179W,0,-5.0781307,0.06417979300022125,0.2770000100135803,0.40389999747276306
YOR110W,YPL234C,0,-5.078216,0.06416492909193039,0.2770000100135803,0.40400001406669617
YGL119W,YFL049W,0,-5.078622,0.06415007263422012,0.2770000100135803,0.4041000008583069
YPR023C,YOL112W,0,-5.078701,0.06413521617650986,0.2770000100135803,0.4041999876499176
YDL188C,YER120W,0,-5.0787525,0.06412036716938019,0.2770000100135803,0.4043000042438507
YKL022C,YNL009W,0,-5.0789714,0.06410553306341171,0.2770000100135803,0.4043999910354614
YOL027C,YBR037C,1,-5.0789733,0.0643220767378807,0.27799999713897705,0.4043999910354614
YPL118W,YDR170C,0,-5.079381,0.06430719047784805,0.27799999713897705,0.40450000762939453
YOL158C,YBR296C,1,-5.079466,0.0645235925912857,0.27900001406669617,0.40450000762939453
YGL035C,YOR081C,0,-5.0800834,0.06450866907835007,0.27900001406669617,0.40459999442100525
YDL227C,YBR069C,0,-5.080161,0.06449376046657562,0.27900001406669617,0.40470001101493835
YKR034W,YOR319W,0,-5.0802,0.06447885185480118,0.27900001406669617,0.4047999978065491
YHR092C,YPL016W,0,-5.080272,0.06446395814418793,0.27900001406669617,0.4049000144004822
YDL044C,YPR165W,0,-5.0803123,0.06444906443357468,0.27900001406669617,0.4050000011920929
YKR099W,YIL014W,0,-5.080389,0.06443417817354202,0.27900001406669617,0.4050999879837036
YIR013C,YCL051W,0,-5.0804214,0.06441929936408997,0.27900001406669617,0.4052000045776367
YMR275C,YGR179C,0,-5.0804462,0.0644044354557991,0.27900001406669617,0.40529999136924744
YPR120C,YDR460W,0,-5.080537,0.06438957154750824,0.27900001406669617,0.40540000796318054
YDR009W,YPL283C,0,-5.0806627,0.06437471508979797,0.27900001406669617,0.40549999475479126
YPL069C,YNL136W,0,-5.080756,0.06435985863208771,0.27900001406669617,0.40560001134872437
YJR001W,YKL212W,0,-5.080759,0.06434501707553864,0.27900001406669617,0.4056999981403351
YCL008C,YAL016W,0,-5.080986,0.06433018296957016,0.27900001406669617,0.4058000147342682
YOR388C,YDR529C,0,-5.0809994,0.06431535631418228,0.27900001406669617,0.4059000015258789
YHL038C,YOR005C,0,-5.08142,0.0643005296587944,0.27900001406669617,0.4059999883174896
YNL278W,YHL020C,0,-5.0814953,0.06428571790456772,0.27900001406669617,0.40610000491142273
YBR087W,YNL186W,0,-5.0815506,0.06427090615034103,0.27900001406669617,0.40619999170303345
YGL200C,YFL031W,0,-5.081584,0.06425610184669495,0.27900001406669617,0.40630000829696655
YMR290C,YDR083W,0,-5.081993,0.06424130499362946,0.27900001406669617,0.40639999508857727
YLR295C,YML121W,1,-5.0821123,0.06445672363042831,0.2800000011920929,0.40639999508857727
YGR224W,YNL233W,0,-5.082209,0.06444188952445984,0.2800000011920929,0.4065000116825104
YNL297C,YMR140W,0,-5.0824137,0.06442706286907196,0.2800000011920929,0.4065999984741211
YER168C,YER118C,0,-5.082452,0.06441223621368408,0.2800000011920929,0.4066999852657318
YKL110C,YPL053C,0,-5.082465,0.0643974244594574,0.2800000011920929,0.4068000018596649
YNL118C,YJL034W,0,-5.082523,0.06438262015581131,0.2800000011920929,0.40689998865127563
YGL054C,YPL116W,0,-5.082554,0.06436781585216522,0.2800000011920929,0.40700000524520874
YKR003W,YPR189W,0,-5.0826106,0.06435301899909973,0.2800000011920929,0.40709999203681946
YER051W,YOL026C,0,-5.082703,0.06433823704719543,0.2800000011920929,0.40720000863075256
YMR275C,YMR220W,0,-5.082727,0.06432345509529114,0.2800000011920929,0.4072999954223633
YGR121C,YNR039C,1,-5.082953,0.06453835219144821,0.2809999883174896,0.4072999954223633
YML094W,YPL151C,0,-5.082979,0.06452353298664093,0.2809999883174896,0.4074000120162964
YDR359C,YNL313C,0,-5.0834656,0.06450872123241425,0.2809999883174896,0.4074999988079071
YLR411W,YLR214W,1,-5.0834785,0.0647234320640564,0.28200000524520874,0.4074999988079071
YJR074W,YJL210W,0,-5.0835066,0.06470858305692673,0.28200000524520874,0.4075999855995178
YNL038W,YJR050W,0,-5.083616,0.06469373404979706,0.28200000524520874,0.4077000021934509
YFL055W,YIL159W,0,-5.083628,0.06467889994382858,0.28200000524520874,0.40779998898506165
YBR152W,YLR467W,0,-5.083639,0.06466406583786011,0.28200000524520874,0.40790000557899475
YOL077W-A,YGL254W,1,-5.083672,0.06487849354743958,0.28299999237060547,0.40790000557899475
YDL092W,YOR075W,0,-5.0837116,0.06486362963914871,0.28299999237060547,0.40799999237060547
YPL217C,YOR254C,0,-5.0837164,0.06484876573085785,0.28299999237060547,0.4081000089645386
YLR144C,YDR022C,0,-5.083802,0.06483390927314758,0.28299999237060547,0.4081999957561493
YDR227W,YJL036W,0,-5.0840893,0.06481905281543732,0.28299999237060547,0.4083000123500824
YPR002W,YDR178W,0,-5.08427,0.06480421125888824,0.28299999237060547,0.4083999991416931
YJL024C,YHR041C,0,-5.0843163,0.06478937715291977,0.28299999237060547,0.40849998593330383
YHR073W,YOR179C,0,-5.0844345,0.06477455049753189,0.28299999237060547,0.40860000252723694
YDL126C,YPR175W,0,-5.084671,0.06475972384214401,0.28299999237060547,0.40869998931884766
YPR112C,YJL076W,0,-5.084754,0.06474491208791733,0.28299999237060547,0.40880000591278076
YJR063W,YDL098C,0,-5.085094,0.06473010033369064,0.28299999237060547,0.4088999927043915
YKL101W,YNL311C,0,-5.085443,0.06471529603004456,0.28299999237060547,0.4090000092983246
YJR108W,YNL283C,0,-5.0854673,0.06470050662755966,0.28299999237060547,0.4090999960899353
YCR028C,YOR083W,0,-5.085566,0.06468571722507477,0.28299999237060547,0.4092000126838684
YDR265W,YDR457W,0,-5.085584,0.06467093527317047,0.28299999237060547,0.4092999994754791
YOR109W,YPL152W,0,-5.085619,0.06465616077184677,0.28299999237060547,0.40939998626708984
YPR103W,YFR029W,0,-5.085689,0.06464138627052307,0.28299999237060547,0.40950000286102295
YKL043W,YHR026W,0,-5.085779,0.06462662667036057,0.28299999237060547,0.40959998965263367
YOR026W,YOR256C,0,-5.085795,0.06461187452077866,0.28299999237060547,0.4097000062465668
YKR028W,YLR369W,0,-5.0858,0.06459712237119675,0.28299999237060547,0.4097999930381775
YNL323W,YOR117W,0,-5.0858164,0.06458238512277603,0.28299999237060547,0.4099000096321106
YCR084C,YDR470C,0,-5.0858245,0.06456764787435532,0.28299999237060547,0.4099999964237213
YAL040C,YDR115W,0,-5.0860367,0.0645529180765152,0.28299999237060547,0.4101000130176544
YOR334W,YHR050W,1,-5.086058,0.06476625055074692,0.2840000092983246,0.4101000130176544
YLR085C,YDR481C,0,-5.0860796,0.06475148350000381,0.2840000092983246,0.41019999980926514
YLR068W,YKR082W,0,-5.0862474,0.06473672389984131,0.2840000092983246,0.41029998660087585
YLR384C,YPL268W,0,-5.0862494,0.0647219717502594,0.2840000092983246,0.41040000319480896
YDR174W,YOR129C,0,-5.086385,0.06470721960067749,0.2840000092983246,0.4104999899864197
YIL115C,YBL014C,0,-5.0866175,0.06469248235225677,0.2840000092983246,0.4106000065803528
YBR278W,YGL039W,0,-5.0871,0.06467775255441666,0.2840000092983246,0.4106999933719635
YGR191W,YOR334W,1,-5.08714,0.06489071249961853,0.2849999964237213,0.4106999933719635
YDR411C,YLL001W,0,-5.0873137,0.06487593799829483,0.2849999964237213,0.4108000099658966
YML078W,YMR067C,0,-5.0873575,0.06486117094755173,0.2849999964237213,0.4108999967575073
YER177W,YER105C,0,-5.088116,0.06484641879796982,0.2849999964237213,0.41100001335144043
YDR283C,YMR026C,0,-5.0883675,0.06483166664838791,0.2849999964237213,0.41110000014305115
YAL020C,YFL021W,0,-5.0885944,0.0648169219493866,0.2849999964237213,0.41119998693466187
YNR019W,YDR231C,0,-5.0886483,0.06480218470096588,0.2849999964237213,0.41130000352859497
YIL114C,YIL023C,1,-5.088682,0.0650147795677185,0.28600001335144043,0.41130000352859497
YDR182W,YOR347C,0,-5.0887747,0.06499999761581421,0.28600001335144043,0.4113999903202057
YPR190C,YLR410W,0,-5.0888877,0.0649852305650711,0.28600001335144043,0.4115000069141388
YGR030C,YML034W,0,-5.0889883,0.0649704709649086,0.28600001335144043,0.4115999937057495
YLR265C,YOL031C,0,-5.0890484,0.0649557113647461,0.28600001335144043,0.4117000102996826
YEL027W,YFL041W,1,-5.089121,0.06516803056001663,0.28700000047683716,0.4117000102996826
YOR178C,YPL270W,0,-5.089159,0.06515323370695114,0.28700000047683716,0.41179999709129333
YHR116W,YEL031W,0,-5.0892973,0.06513844430446625,0.28700000047683716,0.41190001368522644
YNL048W,YKR048C,0,-5.0898485,0.06512366980314255,0.28700000047683716,0.41200000047683716
YMR080C,YGR159C,0,-5.090024,0.06510889530181885,0.28700000047683716,0.4120999872684479
YML123C,YHR050W,1,-5.0900817,0.0653209313750267,0.2879999876022339,0.4120999872684479
YHR154W,YPR133W-A,0,-5.0902157,0.06530611962080002,0.2879999876022339,0.412200003862381
YBR043C,YML015C,0,-5.090266,0.06529131531715393,0.2879999876022339,0.4122999906539917
YNL267W,YOR162C,0,-5.0902967,0.06527651846408844,0.2879999876022339,0.4124000072479248
YDL055C,YER087C-A,0,-5.0904565,0.06526172906160355,0.2879999876022339,0.4124999940395355
YDR151C,YMR076C,0,-5.090476,0.06524693965911865,0.2879999876022339,0.41260001063346863
YKL120W,YDR322C-A,1,-5.0906825,0.06545866280794144,0.289000004529953,0.41260001063346863
YOR320C,YHR118C,0,-5.090924,0.06544384360313416,0.289000004529953,0.41269999742507935
YKR068C,YNL292W,0,-5.0912294,0.06542902439832687,0.289000004529953,0.41280001401901245
YER051W,YOR036W,0,-5.0912905,0.06541421264410019,0.289000004529953,0.41290000081062317
YBR295W,YJL117W,1,-5.0913115,0.06562570482492447,0.28999999165534973,0.41290000081062317
YGL257C,YPR041W,0,-5.091497,0.0656108632683754,0.28999999165534973,0.4129999876022339
YDL092W,YDL077C,0,-5.091681,0.06559602171182632,0.28999999165534973,0.413100004196167
YER146W,YDR177W,0,-5.0916924,0.06558118760585785,0.28999999165534973,0.4131999909877777
YDR093W,YGR091W,0,-5.0917015,0.06556636095046997,0.28999999165534973,0.4133000075817108
YMR287C,YDR295C,0,-5.0917983,0.06555153429508209,0.28999999165534973,0.41339999437332153
YDR386W,YKR055W,0,-5.0918016,0.06553672254085541,0.28999999165534973,0.41350001096725464
YEL029C,YDR461W,0,-5.0919304,0.06552191823720932,0.28999999165534973,0.41359999775886536
YNR052C,YJL187C,0,-5.09224,0.06550711393356323,0.28999999165534973,0.41370001435279846
YKL046C,YLR285W,0,-5.092288,0.06549232453107834,0.28999999165534973,0.4138000011444092
YNL274C,YLR354C,0,-5.0923214,0.06547753512859344,0.28999999165534973,0.4138999879360199
YNL328C,YIL095W,0,-5.0926247,0.06546275317668915,0.28999999165534973,0.414000004529953
YNL020C,YLR206W,0,-5.092634,0.06544797867536545,0.28999999165534973,0.4140999913215637
YOR266W,YNL272C,0,-5.0926456,0.06543321162462234,0.28999999165534973,0.4142000079154968
YHL048W,YAR009C,0,-5.0927444,0.06541845202445984,0.28999999165534973,0.41429999470710754
YDR407C,YML076C,0,-5.0929985,0.06540369987487793,0.28999999165534973,0.41440001130104065
YFR009W,YDR457W,0,-5.0932727,0.06538895517587662,0.28999999165534973,0.41449999809265137
YNL151C,YPR036W,0,-5.0934925,0.0653742104768753,0.28999999165534973,0.4146000146865845
YNL103W,YJR086W,0,-5.0935016,0.06535948067903519,0.28999999165534973,0.4147000014781952
YOR245C,YER013W,0,-5.0936813,0.06534475088119507,0.28999999165534973,0.4147999882698059
YOR297C,YNL263C,0,-5.0941133,0.06533002853393555,0.28999999165534973,0.414900004863739
YMR188C,YGL098W,0,-5.094207,0.06531531363725662,0.28999999165534973,0.41499999165534973
YLR429W,YNL149C,0,-5.0942364,0.0653006061911583,0.28999999165534973,0.41510000824928284
YCR040W,YNL261W,0,-5.094425,0.06528590619564056,0.28999999165534973,0.41519999504089355
YLL008W,YHR118C,0,-5.094459,0.06527121365070343,0.28999999165534973,0.41530001163482666
YNL261W,YJL074C,0,-5.094558,0.0652565285563469,0.28999999165534973,0.4153999984264374
YJL208C,YBR069C,0,-5.0946417,0.06524184346199036,0.28999999165534973,0.4154999852180481
YHR034C,YBR022W,0,-5.0947847,0.06522717326879501,0.28999999165534973,0.4156000018119812
YDL065C,YKR031C,0,-5.09498,0.06521250307559967,0.28999999165534973,0.4156999886035919
YFR005C,YOR129C,0,-5.0951,0.06519784033298492,0.28999999165534973,0.415800005197525
YOR267C,YLR059C,0,-5.0952053,0.06518318504095078,0.28999999165534973,0.41589999198913574
YNL068C,YHR098C,0,-5.0952845,0.06516853719949722,0.28999999165534973,0.41600000858306885
YLR429W,YNR010W,0,-5.09529,0.06515389680862427,0.28999999165534973,0.41609999537467957
YMR287C,YOR193W,0,-5.0953407,0.06513926386833191,0.28999999165534973,0.41620001196861267
YER051W,YMR133W,0,-5.095394,0.06512463837862015,0.28999999165534973,0.4162999987602234
YPL268W,YIL017C,0,-5.095941,0.06511001288890839,0.28999999165534973,0.4163999855518341
YOL016C,YPR108W,0,-5.0962934,0.06509539484977722,0.28999999165534973,0.4165000021457672
YBR040W,YGR104C,0,-5.096468,0.06508079171180725,0.28999999165534973,0.41659998893737793
YLR002C,YPL065W,0,-5.096469,0.06506618857383728,0.28999999165534973,0.41670000553131104
YNL245C,YPR187W,0,-5.0965686,0.0650515928864479,0.28999999165534973,0.41679999232292175
YDR346C,YPR080W,0,-5.096628,0.06503700464963913,0.28999999165534973,0.41690000891685486
YPL008W,YOR025W,0,-5.0966773,0.06502242386341095,0.28999999165534973,0.4169999957084656
YGL142C,YPR054W,0,-5.096953,0.06500784307718277,0.28999999165534973,0.4171000123023987
YOR034C,YPL139C,0,-5.0970335,0.06499327719211578,0.28999999165534973,0.4171999990940094
YNL288W,YKL160W,0,-5.0971375,0.0649787113070488,0.28999999165534973,0.4172999858856201
YGL068W,YKL042W,0,-5.097228,0.064964160323143,0.28999999165534973,0.4174000024795532
YBL074C,YNR059W,0,-5.097473,0.06494960933923721,0.28999999165534973,0.41749998927116394
YKL013C,YCR081W,0,-5.0976267,0.06493506580591202,0.28999999165534973,0.41760000586509705
YJR160C,YDL046W,0,-5.0977373,0.06492052972316742,0.28999999165534973,0.41769999265670776
YEL019C,YLR183C,0,-5.09779,0.06490600109100342,0.28999999165534973,0.41780000925064087
YPL137C,YNL021W,0,-5.0978055,0.06489147245883942,0.28999999165534973,0.4178999960422516
YGL003C,YKR031C,0,-5.0978565,0.06487695872783661,0.28999999165534973,0.4180000126361847
YCR089W,YBR195C,0,-5.098226,0.0648624449968338,0.28999999165534973,0.4180999994277954
YOL130W,YDR038C,1,-5.0984163,0.06507155299186707,0.29100000858306885,0.4180999994277954
YOR207C,YDR416W,0,-5.098629,0.06505700945854187,0.29100000858306885,0.41819998621940613
YLR071C,YIL076W,0,-5.0987754,0.06504246592521667,0.29100000858306885,0.41830000281333923
YOR316C,YIL114C,1,-5.098808,0.06525139510631561,0.2919999957084656,0.41830000281333923
YOL088C,YCR028C-A,0,-5.0990953,0.06523682177066803,0.2919999957084656,0.41839998960494995
YOR069W,YEL041W,0,-5.0991716,0.06522224843502045,0.2919999957084656,0.41850000619888306
YIL014W,YPL118W,0,-5.0992107,0.06520768254995346,0.2919999957084656,0.4185999929904938
YOR340C,YML115C,0,-5.099291,0.06519312411546707,0.2919999957084656,0.4187000095844269
YNL258C,YBL018C,0,-5.099626,0.06517857313156128,0.2919999957084656,0.4187999963760376
YOR279C,YPL128C,0,-5.099658,0.06516402959823608,0.2919999957084656,0.4189000129699707
YJL019W,YKL058W,0,-5.0997024,0.06514948606491089,0.2919999957084656,0.4189999997615814
YBL045C,YHR004C,0,-5.0998697,0.06513495743274689,0.2919999957084656,0.41909998655319214
YMR293C,YNL313C,0,-5.099916,0.06512042880058289,0.2919999957084656,0.41920000314712524
YDR013W,YNL002C,0,-5.099926,0.06510590761899948,0.2919999957084656,0.41929998993873596
YGR092W,YBL017C,0,-5.0999403,0.06509139388799667,0.2919999957084656,0.41940000653266907
YFL016C,YCR014C,0,-5.100011,0.06507688760757446,0.2919999957084656,0.4194999933242798
YDR328C,YJL156C,0,-5.1000347,0.06506238877773285,0.2919999957084656,0.4196000099182129
YDL028C,YNR032W,0,-5.100047,0.06504789739847183,0.2919999957084656,0.4196999967098236
YJR057W,YMR172W,0,-5.10005,0.06503340601921082,0.2919999957084656,0.4198000133037567
YOL133W,YHR006W,0,-5.1000834,0.06501892954111099,0.2919999957084656,0.41990000009536743
YPR005C,YML058W-A,0,-5.100152,0.06500445306301117,0.2919999957084656,0.41999998688697815
YKL092C,YKR059W,0,-5.1001525,0.06498998403549194,0.2919999957084656,0.42010000348091125
YJL060W,YMR022W,0,-5.100411,0.06497552245855331,0.2919999957084656,0.420199990272522
YGL195W,YOR110W,0,-5.100642,0.06496106833219528,0.2919999957084656,0.4203000068664551
YJL006C,YFL049W,0,-5.1006513,0.06494662165641785,0.2919999957084656,0.4203999936580658
YOR144C,YDR463W,0,-5.1006737,0.06493217498064041,0.2919999957084656,0.4205000102519989
YER017C,YGR224W,0,-5.100761,0.06491774320602417,0.2919999957084656,0.4205999970436096
YDR424C,YMR005W,0,-5.100765,0.06490331143140793,0.2919999957084656,0.4207000136375427
YDR158W,YEL020W-A,0,-5.1009903,0.06488888710737228,0.2919999957084656,0.42080000042915344
YIL118W,YGL004C,0,-5.101282,0.06487447023391724,0.2919999957084656,0.42089998722076416
YIR004W,YNL214W,0,-5.101454,0.06486006081104279,0.2919999957084656,0.42100000381469727
YIR008C,YJL059W,0,-5.1014805,0.06484565883874893,0.2919999957084656,0.421099990606308
YMR319C,YGL255W,1,-5.1016135,0.06505328416824341,0.2930000126361847,0.421099990606308
YJR076C,YPR137W,0,-5.1017046,0.06503884494304657,0.2930000126361847,0.4212000072002411
YLL008W,YMR210W,0,-5.102075,0.06502441316843033,0.2930000126361847,0.4212999939918518
YLR047C,YIL085C,0,-5.102209,0.06500998139381409,0.2930000126361847,0.4214000105857849
YPL018W,YNL049C,0,-5.1023607,0.06499556452035904,0.2930000126361847,0.42149999737739563
YOL011W,YOR110W,0,-5.1024485,0.06498114764690399,0.2930000126361847,0.42160001397132874
YOR147W,YOR117W,0,-5.102536,0.06496673822402954,0.2930000126361847,0.42170000076293945
YGL016W,YLL036C,0,-5.102777,0.06495233625173569,0.2930000126361847,0.42179998755455017
YKR099W,YNR052C,0,-5.1028166,0.06493794173002243,0.2930000126361847,0.4219000041484833
YGL071W,YKL016C,1,-5.1032453,0.06514513492584229,0.2939999997615814,0.4219000041484833
YKL016C,YGR257C,1,-5.1032505,0.06535223871469498,0.29499998688697815,0.4219000041484833
YIL010W,YGR141W,0,-5.1033545,0.06533776223659515,0.29499998688697815,0.421999990940094
YCL016C,YNL163C,0,-5.1034594,0.06532329320907593,0.29499998688697815,0.4221000075340271
YML078W,YKL108W,0,-5.103465,0.0653088316321373,0.29499998688697815,0.4221999943256378
YGR204W,YNR043W,0,-5.1035156,0.06529437750577927,0.29499998688697815,0.4223000109195709
YNL219C,YPR134W,0,-5.1036215,0.06527993083000183,0.29499998688697815,0.42239999771118164
YNL275W,YJR139C,0,-5.1036367,0.0652654841542244,0.29499998688697815,0.42250001430511475
YLR079W,YFL017W-A,0,-5.1037045,0.06525105237960815,0.29499998688697815,0.42260000109672546
YPL028W,YPR113W,0,-5.103954,0.06523662060499191,0.29499998688697815,0.4226999878883362
YJR076C,YNL294C,0,-5.104128,0.06522219628095627,0.29499998688697815,0.4228000044822693
YLR189C,YHR190W,0,-5.104196,0.06520777940750122,0.29499998688697815,0.42289999127388
YHR175W,YBR207W,1,-5.104249,0.06541436165571213,0.29600000381469727,0.42289999127388
YIL114C,YLR130C,1,-5.104746,0.06562085449695587,0.296999990940094,0.42289999127388
YNL291C,YDR322C-A,1,-5.1048117,0.06582725793123245,0.2980000078678131,0.42289999127388
YBR267W,YKL212W,0,-5.104948,0.06581272184848785,0.2980000078678131,0.4230000078678131
YMR275C,YKL020C,0,-5.1050367,0.06579818576574326,0.2980000078678131,0.42309999465942383
YOR180C,YMR067C,0,-5.105052,0.06578366458415985,0.2980000078678131,0.42320001125335693
YER032W,YIL139C,0,-5.1053376,0.06576914340257645,0.2980000078678131,0.42329999804496765
YGR092W,YGL098W,0,-5.105347,0.06575463712215424,0.2980000078678131,0.42340001463890076
YPL152W,YHR012W,0,-5.1053677,0.06574013084173203,0.2980000078678131,0.4235000014305115
YLR319C,YOR083W,0,-5.105371,0.06572563201189041,0.2980000078678131,0.4235999882221222
YGR163W,YOL045W,0,-5.1054373,0.0657111331820488,0.2980000078678131,0.4237000048160553
YCR088W,YLR284C,0,-5.1054726,0.06569664925336838,0.2980000078678131,0.423799991607666
YKL013C,YGL018C,0,-5.105566,0.06568216532468796,0.2980000078678131,0.4239000082015991
YLL050C,YNL045W,0,-5.105707,0.06566769629716873,0.2980000078678131,0.42399999499320984
YLR206W,YKR009C,0,-5.10583,0.0656532272696495,0.2980000078678131,0.42410001158714294
YGL223C,YGL246C,0,-5.1059303,0.06563876569271088,0.2980000078678131,0.42419999837875366
YBL040C,YGR229C,0,-5.1059313,0.06562431156635284,0.2980000078678131,0.4242999851703644
YJR082C,YDR172W,0,-5.1060133,0.06560986489057541,0.2980000078678131,0.4244000017642975
YOR361C,YMR013C,0,-5.10606,0.06559541821479797,0.2980000078678131,0.4244999885559082
YPR034W,YLR369W,0,-5.1060762,0.06558098644018173,0.2980000078678131,0.4246000051498413
YKL013C,YOR054C,0,-5.1061635,0.06556655466556549,0.2980000078678131,0.424699991941452
YFL014W,YIL077C,0,-5.106267,0.06555213034152985,0.2980000078678131,0.42480000853538513
YBR193C,YDR198C,0,-5.106492,0.0655377134680748,0.2980000078678131,0.42489999532699585
YLR196W,YKL173W,0,-5.106678,0.06552330404520035,0.2980000078678131,0.42500001192092896
YBR065C,YMR309C,0,-5.106695,0.0655089020729065,0.2980000078678131,0.4250999987125397
YCR098C,YCR037C,1,-5.1068068,0.0657142847776413,0.29899999499320984,0.4250999987125397
YBL006C,YIL173W,0,-5.1069765,0.06569984555244446,0.29899999499320984,0.4251999855041504
YBR135W,YML060W,0,-5.1071177,0.06568541377782822,0.29899999499320984,0.4253000020980835
YER149C,YAL032C,0,-5.1071796,0.06567098945379257,0.29899999499320984,0.4253999888896942
YBR215W,YDL047W,0,-5.1071835,0.06565656512975693,0.29899999499320984,0.4255000054836273
YLL003W,YNL299W,0,-5.107516,0.06564214825630188,0.29899999499320984,0.42559999227523804
YPL055C,YCR073W-A,0,-5.107583,0.06562774628400803,0.29899999499320984,0.42570000886917114
YNL172W,YOL129W,0,-5.1075993,0.06561334431171417,0.29899999499320984,0.42579999566078186
YGL240W,YOR098C,0,-5.1076355,0.06559894979000092,0.29899999499320984,0.42590001225471497
YBR121C,YDR189W,0,-5.1081824,0.06558455526828766,0.29899999499320984,0.4259999990463257
YJL111W,YDL126C,0,-5.1082573,0.0655701756477356,0.29899999499320984,0.4260999858379364
YDR345C,YBR015C,0,-5.108355,0.06555579602718353,0.29899999499320984,0.4262000024318695
YDR116C,YMR260C,0,-5.1086206,0.06554143130779266,0.29899999499320984,0.4262999892234802
YNL172W,YGL038C,0,-5.1087985,0.0655270665884018,0.29899999499320984,0.42640000581741333
YJL194W,YGR227W,0,-5.1095414,0.06551270931959152,0.29899999499320984,0.42649999260902405
YGL030W,YOL121C,0,-5.109707,0.06549835950136185,0.29899999499320984,0.42660000920295715
YAR008W,YDR135C,0,-5.109799,0.06548400968313217,0.29899999499320984,0.42669999599456787
YML078W,YFL017W-A,0,-5.110324,0.06546967476606369,0.29899999499320984,0.426800012588501
YPL139C,YHR196W,0,-5.1106043,0.06545533984899521,0.29899999499320984,0.4268999993801117
YOL027C,YGL006W,1,-5.1106257,0.06565988063812256,0.30000001192092896,0.4268999993801117
YNL111C,YOL121C,0,-5.1107635,0.06564551591873169,0.30000001192092896,0.4269999861717224
YLR357W,YMR077C,0,-5.110939,0.06563115119934082,0.30000001192092896,0.4271000027656555
YGL001C,YHR181W,0,-5.1111693,0.06561680138111115,0.30000001192092896,0.42719998955726624
YDL236W,YDR160W,0,-5.1116905,0.06560245156288147,0.30000001192092896,0.42730000615119934
YDL175C,YDR059C,0,-5.1117916,0.06558810919523239,0.30000001192092896,0.42739999294281006
YOL086C,YER061C,0,-5.1118183,0.06557376682758331,0.30000001192092896,0.42750000953674316
YBR211C,YJL192C,0,-5.111842,0.06555943936109543,0.30000001192092896,0.4275999963283539
YER018C,YNR047W,0,-5.112069,0.06554511934518814,0.30000001192092896,0.427700012922287
YNL267W,YNL229C,0,-5.1121616,0.06553079932928085,0.30000001192092896,0.4277999997138977
YGR229C,YER031C,0,-5.1121655,0.06551648676395416,0.30000001192092896,0.4278999865055084
YFL022C,YBR084W,0,-5.11219,0.06550218164920807,0.30000001192092896,0.42800000309944153
YLR405W,YDR198C,0,-5.112219,0.06548788398504257,0.30000001192092896,0.42809998989105225
YJR013W,YJL168C,0,-5.112442,0.06547359377145767,0.30000001192092896,0.42820000648498535
YHL020C,YOR081C,0,-5.112634,0.06545930355787277,0.30000001192092896,0.42829999327659607
YNL118C,YPL028W,0,-5.112644,0.06544502824544907,0.30000001192092896,0.4284000098705292
YGL001C,YER133W,0,-5.112822,0.06543075293302536,0.30000001192092896,0.4284999966621399
YNL169C,YPR133W-A,0,-5.113013,0.06541648507118225,0.30000001192092896,0.428600013256073
YML081C-A,YNR060W,1,-5.113014,0.06562022864818573,0.3009999990463257,0.428600013256073
YBR243C,YIL022W,0,-5.1130886,0.06560593098402023,0.3009999990463257,0.4287000000476837
YBL009W,YNL312W,0,-5.113156,0.06559163331985474,0.3009999990463257,0.42879998683929443
YKL064W,YJL117W,1,-5.11319,0.06579520553350449,0.3019999861717224,0.42879998683929443
YDR424C,YDR295C,0,-5.113276,0.0657808780670166,0.3019999861717224,0.42890000343322754
YOL088C,YML055W,0,-5.113284,0.06576655060052872,0.3019999861717224,0.42899999022483826
YOL156W,YBL080C,0,-5.1134825,0.06575223058462143,0.3019999861717224,0.42910000681877136
YLR390W-A,YEL060C,0,-5.1138515,0.06573791801929474,0.3019999861717224,0.4291999936103821
YBR214W,YOL110W,0,-5.1140337,0.06572361290454865,0.3019999861717224,0.4293000102043152
YDR272W,YJR050W,0,-5.114216,0.06570931524038315,0.3019999861717224,0.4293999969959259
YML112W,YJL183W,0,-5.1145554,0.06569501757621765,0.3019999861717224,0.429500013589859
YDR469W,YML055W,0,-5.114608,0.06568072736263275,0.3019999861717224,0.4296000003814697
YDR129C,YIL147C,0,-5.114867,0.06566645205020905,0.3019999861717224,0.42969998717308044
YKL013C,YJR019C,0,-5.1151037,0.06565217673778534,0.3019999861717224,0.42980000376701355
YDL076C,YKL018W,0,-5.1152124,0.06563790142536163,0.3019999861717224,0.42989999055862427
YHR160C,YDR330W,0,-5.1152744,0.06562364101409912,0.3019999861717224,0.4300000071525574
YLR105C,YOL055C,0,-5.1153765,0.0656093880534172,0.3019999861717224,0.4300999939441681
YER087C-B,YDR058C,0,-5.115624,0.06559513509273529,0.3019999861717224,0.4302000105381012
YCR071C,YNR026C,0,-5.1157937,0.06558088958263397,0.3019999861717224,0.4302999973297119
YDR446W,YDR225W,0,-5.115798,0.06556665152311325,0.3019999861717224,0.430400013923645
YDR461W,YLR467W,0,-5.1159344,0.06555242091417313,0.3019999861717224,0.43050000071525574
YMR292W,YDR219C,0,-5.1159973,0.0655381977558136,0.3019999861717224,0.43059998750686646
YDR424C,YPR190C,0,-5.1159983,0.06552397459745407,0.3019999861717224,0.43070000410079956
YDR101C,YMR128W,0,-5.116065,0.06550975888967514,0.3019999861717224,0.4307999908924103
YEL060C,YPL214C,0,-5.116114,0.0654955506324768,0.3019999861717224,0.4309000074863434
YBR158W,YLR052W,0,-5.1162376,0.06548134982585907,0.3019999861717224,0.4309999942779541
YEL022W,YMR204C,0,-5.1162577,0.06546715646982193,0.3019999861717224,0.4311000108718872
YNL004W,YGL058W,0,-5.116433,0.06545297056436539,0.3019999861717224,0.4311999976634979
YER177W,YOR250C,0,-5.116473,0.06543878465890884,0.3019999861717224,0.43130001425743103
YML055W,YDL185W,0,-5.1165,0.0654246136546135,0.3019999861717224,0.43140000104904175
YDR411C,YOR363C,0,-5.116518,0.06541044265031815,0.3019999861717224,0.43149998784065247
YCR010C,YHR050W,1,-5.116598,0.06561282277107239,0.30300000309944153,0.43149998784065247
YFR046C,YJL222W,0,-5.1166644,0.06559861451387405,0.30300000309944153,0.43160000443458557
YKL208W,YDL100C,0,-5.1167603,0.06558441370725632,0.30300000309944153,0.4316999912261963
YGL119W,YJL072C,0,-5.1168504,0.06557022035121918,0.30300000309944153,0.4318000078201294
YDR043C,YJL139C,0,-5.1170554,0.06555603444576263,0.30300000309944153,0.4318999946117401
YLL036C,YIL138C,0,-5.117188,0.06554185599088669,0.30300000309944153,0.4320000112056732
YKL139W,YBR237W,0,-5.117401,0.06552768498659134,0.30300000309944153,0.43209999799728394
YKL170W,YDR356W,0,-5.117528,0.06551351398229599,0.30300000309944153,0.43220001459121704
YGL105W,YMR143W,0,-5.1176977,0.06549935042858124,0.30300000309944153,0.43230000138282776
YBR142W,YBR143C,0,-5.1177645,0.06548519432544708,0.30300000309944153,0.4323999881744385
YPR120C,YGL216W,0,-5.117786,0.06547104567289352,0.30300000309944153,0.4325000047683716
YIL051C,YLR139C,0,-5.1182346,0.06545690447092056,0.30300000309944153,0.4325999915599823
YBR272C,YDR097C,0,-5.1182995,0.0654427632689476,0.30300000309944153,0.4327000081539154
YGR097W,YHR070W,0,-5.1185923,0.06542862951755524,0.30300000309944153,0.4327999949455261
YER172C,YDR023W,0,-5.118656,0.06541451066732407,0.30300000309944153,0.43290001153945923
YCR034W,YDR306C,0,-5.118764,0.0654003918170929,0.30300000309944153,0.43299999833106995
YGL061C,YLR032W,0,-5.118827,0.06538627296686172,0.30300000309944153,0.43309998512268066
YGR231C,YNL093W,0,-5.1189365,0.06537216901779175,0.30300000309944153,0.43320000171661377
YOR373W,YER089C,0,-5.1189404,0.06535806506872177,0.30300000309944153,0.4332999885082245
YJR103W,YPL283C,0,-5.1191487,0.06534397602081299,0.30300000309944153,0.4334000051021576
YDR439W,YDR388W,0,-5.1191554,0.0653298869729042,0.30300000309944153,0.4334999918937683
YER159C,YFR013W,0,-5.119165,0.06531579792499542,0.30300000309944153,0.4336000084877014
YLL061W,YPR072W,0,-5.1191773,0.06530172377824783,0.30300000309944153,0.43369999527931213
YGL195W,YDL105W,0,-5.1197176,0.06528765708208084,0.30300000309944153,0.43380001187324524
YIL095W,YLR452C,0,-5.119957,0.06527359038591385,0.30300000309944153,0.43389999866485596
YOL017W,YPR198W,0,-5.1199837,0.06525953114032745,0.30300000309944153,0.4339999854564667
YEL037C,YMR183C,0,-5.120062,0.06524547934532166,0.30300000309944153,0.4341000020503998
YFL009W,YBL032W,0,-5.120081,0.06523143500089645,0.30300000309944153,0.4341999888420105
YFR055W,YIL026C,0,-5.1201477,0.06521739065647125,0.30300000309944153,0.4343000054359436
YIL150C,YLR145W,0,-5.120185,0.06520335376262665,0.30300000309944153,0.4343999922275543
YMR113W,YNL299W,0,-5.120397,0.06518933176994324,0.30300000309944153,0.4345000088214874
YGR121C,YHR050W,1,-5.1204185,0.06539040803909302,0.30399999022483826,0.4345000088214874
YML081C-A,YDR270W,1,-5.1204524,0.06559139490127563,0.3050000071525574,0.4345000088214874
YKL026C,YLR248W,0,-5.1204586,0.06557729840278625,0.3050000071525574,0.43459999561309814
YIR025W,YHL027W,0,-5.1207323,0.06556320190429688,0.3050000071525574,0.43470001220703125
YML095C,YER173W,0,-5.120983,0.0655491054058075,0.3050000071525574,0.43479999899864197
YPL123C,YLR369W,0,-5.121086,0.06553502380847931,0.3050000071525574,0.4348999857902527
YLR190W,YBR015C,0,-5.1212025,0.06552094221115112,0.3050000071525574,0.4350000023841858
YJL031C,YLR310C,0,-5.1212387,0.06550687551498413,0.3050000071525574,0.4350999891757965
YDR069C,YNL107W,0,-5.1212626,0.06549280881881714,0.3050000071525574,0.4352000057697296
YOR281C,YJL025W,0,-5.121272,0.06547874957323074,0.3050000071525574,0.43529999256134033
YML081C-A,YPR067W,1,-5.1213145,0.06567932665348053,0.3059999942779541,0.43529999256134033
YBL008W,YCL001W,0,-5.1214066,0.06566523760557175,0.3059999942779541,0.43540000915527344
YBR210W,YIR019C,0,-5.121436,0.06565114855766296,0.3059999942779541,0.43549999594688416
YER114C,YLR329W,0,-5.121441,0.06563706696033478,0.3059999942779541,0.43560001254081726
YNL135C,YGR206W,0,-5.121642,0.06562299281358719,0.3059999942779541,0.435699999332428
YER088C,YKL062W,0,-5.1219244,0.0656089186668396,0.3059999942779541,0.4357999861240387
YLR219W,YDR334W,0,-5.121986,0.06559485197067261,0.3059999942779541,0.4359000027179718
YGL256W,YDR245W,0,-5.1221156,0.06558080017566681,0.3059999942779541,0.4359999895095825
YBL003C,YMR260C,0,-5.122197,0.06556674838066101,0.3059999942779541,0.4361000061035156
YDR138W,YML107C,0,-5.122241,0.06555269658565521,0.3059999942779541,0.43619999289512634
YLR376C,YNL206C,0,-5.1222725,0.06553865969181061,0.3059999942779541,0.43630000948905945
YDR158W,YGL194C,0,-5.122659,0.065524622797966,0.3059999942779541,0.43639999628067017
YOR211C,YOR127W,0,-5.1227064,0.06551060080528259,0.3059999942779541,0.43650001287460327
YIL061C,YKL196C,0,-5.122736,0.06549657881259918,0.3059999942779541,0.436599999666214
YJL116C,YER169W,0,-5.12276,0.06548255681991577,0.3059999942779541,0.4366999864578247
YHR001W,YLR417W,0,-5.1227765,0.06546854972839355,0.3059999942779541,0.4368000030517578
YJL071W,YML045W,0,-5.1228395,0.06545454263687134,0.3059999942779541,0.43689998984336853
YBR073W,YOR256C,0,-5.122847,0.06544055044651031,0.3059999942779541,0.43700000643730164
YOR334W,YGL167C,1,-5.1228533,0.06564036756753922,0.3070000112056732,0.43700000643730164
YGL200C,YDR175C,0,-5.1231446,0.06562633812427521,0.3070000112056732,0.43709999322891235
YDR038C,YGR191W,1,-5.123284,0.06582602858543396,0.30799999833106995,0.43709999322891235
YGL043W,YGL201C,0,-5.1233206,0.06581196933984756,0.30799999833106995,0.43720000982284546
YOR039W,YNL297C,0,-5.12362,0.06579791009426117,0.30799999833106995,0.4372999966144562
YER162C,YOR327C,0,-5.123788,0.06578385084867477,0.30799999833106995,0.4374000132083893
YLL013C,YBL025W,0,-5.1240883,0.06576980650424957,0.30799999833106995,0.4375
YNL106C,YMR036C,0,-5.12424,0.06575576215982437,0.30799999833106995,0.4375999867916107
YAL068C,YER117W,0,-5.124492,0.06574172526597977,0.30799999833106995,0.4377000033855438
YIL098C,YBR260C,0,-5.1245203,0.06572769582271576,0.30799999833106995,0.43779999017715454
YKL017C,YDR224C,0,-5.124609,0.06571367383003235,0.30799999833106995,0.43790000677108765
YLL035W,YDL028C,0,-5.124631,0.06569965928792953,0.30799999833106995,0.43799999356269836
YDR214W,YLR260W,0,-5.1246996,0.06568564474582672,0.30799999833106995,0.43810001015663147
YNL230C,YJL146W,0,-5.1247125,0.0656716451048851,0.30799999833106995,0.4381999969482422
YLR295C,YOR334W,1,-5.1247478,0.06587081402540207,0.3089999854564667,0.4381999969482422
YHR067W,YGL104C,0,-5.125021,0.06585677713155746,0.3089999854564667,0.4383000135421753
YER167W,YER149C,0,-5.125229,0.06584274768829346,0.3089999854564667,0.438400000333786
YGR083C,YIR002C,0,-5.1254025,0.06582871824502945,0.3089999854564667,0.43849998712539673
YOR002W,YPL167C,0,-5.12607,0.06581469625234604,0.3089999854564667,0.43860000371932983
YPR187W,YLR301W,0,-5.1261435,0.06580068171024323,0.3089999854564667,0.43869999051094055
YML094W,YKL029C,0,-5.1261764,0.06578667461872101,0.3089999854564667,0.43880000710487366
YBL099W,YGL008C,1,-5.1262655,0.06598552316427231,0.3100000023841858,0.43880000710487366
YLR394W,YKR082W,0,-5.1264925,0.0659714862704277,0.3100000023841858,0.4388999938964844
YDR511W,YPL177C,0,-5.1269145,0.0659574493765831,0.3100000023841858,0.4390000104904175
YEL029C,YAL025C,0,-5.126938,0.06594341993331909,0.3100000023841858,0.4390999972820282
YLR138W,YGR185C,0,-5.1270747,0.06592939049005508,0.3100000023841858,0.4392000138759613
YDR439W,YIL135C,0,-5.127321,0.06591537594795227,0.3100000023841858,0.439300000667572
YDR356W,YMR227C,0,-5.1274195,0.06590136140584946,0.3100000023841858,0.43939998745918274
YLR080W,YLR234W,0,-5.1274853,0.06588735431432724,0.3100000023841858,0.43950000405311584
YNL312W,YPL139C,0,-5.1275954,0.06587335467338562,0.3100000023841858,0.43959999084472656
YEL027W,YCR037C,1,-5.1276636,0.06607180833816528,0.3109999895095825,0.43959999084472656
YDR038C,YJL094C,1,-5.128153,0.06627018004655838,0.31200000643730164,0.43959999084472656
YDR055W,YKL035W,0,-5.1281776,0.06625610589981079,0.31200000643730164,0.43970000743865967
YPL132W,YNL292W,0,-5.1287713,0.0662420392036438,0.31200000643730164,0.4397999942302704
YGR009C,YHR070W,0,-5.129015,0.0662279799580574,0.31200000643730164,0.4399000108242035
YBR234C,YKR087C,0,-5.1291294,0.06621392071247101,0.31200000643730164,0.4399999976158142
YGL011C,YLR378C,0,-5.129548,0.0661998763680458,0.31200000643730164,0.4401000142097473
YDL105W,YML103C,0,-5.1297054,0.0661858320236206,0.31200000643730164,0.44020000100135803
YPR072W,YJL035C,0,-5.129712,0.066171795129776,0.31200000643730164,0.44029998779296875
YMR042W,YER148W,0,-5.129755,0.0661577582359314,0.31200000643730164,0.44040000438690186
YGL240W,YOR147W,0,-5.1299696,0.06614373624324799,0.31200000643730164,0.4404999911785126
YBR217W,YPL083C,0,-5.1305866,0.06612971425056458,0.31200000643730164,0.4406000077724457
YGL086W,YHR111W,0,-5.1307116,0.06611569970846176,0.31200000643730164,0.4406999945640564
YFR034C,YGR221C,0,-5.1310844,0.06610169261693954,0.31200000643730164,0.4408000111579895
YLR013W,YGL016W,0,-5.1311584,0.06608769297599792,0.31200000643730164,0.4408999979496002
YHR175W,YNL291C,1,-5.13131,0.06628546863794327,0.31299999356269836,0.4408999979496002
YDL243C,YPR023C,0,-5.131386,0.06627143919467926,0.31299999356269836,0.4410000145435333
YPR075C,YIL042C,0,-5.131617,0.06625740975141525,0.31299999356269836,0.44110000133514404
YAL058W,YPL128C,0,-5.131769,0.06624338775873184,0.31299999356269836,0.44119998812675476
YFL031W,YJR160C,0,-5.1319838,0.06622936576604843,0.31299999356269836,0.44130000472068787
YJL071W,YER024W,0,-5.1322246,0.06621535867452621,0.31299999356269836,0.4413999915122986
YPL160W,YBR215W,0,-5.132251,0.066201351583004,0.31299999356269836,0.4415000081062317
YDL192W,YFL013C,0,-5.132416,0.06618735194206238,0.31299999356269836,0.4415999948978424
YNL106C,YPL144W,0,-5.132457,0.06617335975170135,0.31299999356269836,0.4417000114917755
YLR248W,YGL011C,0,-5.132622,0.06615937501192093,0.31299999356269836,0.44179999828338623
YER166W,YDR513W,0,-5.1326456,0.0661453902721405,0.31299999356269836,0.44190001487731934
YGR134W,YEL030W,0,-5.132695,0.06613142043352127,0.31299999356269836,0.44200000166893005
YER109C,YER087C-A,0,-5.132787,0.06611745059490204,0.31299999356269836,0.44209998846054077
YGR278W,YDL106C,0,-5.133023,0.0661034882068634,0.31299999356269836,0.4422000050544739
YDL126C,YBR223C,0,-5.133024,0.06608952581882477,0.31299999356269836,0.4422999918460846
YNR033W,YNL256W,0,-5.133109,0.06607557833194733,0.31299999356269836,0.4424000084400177
YLR170C,YKL086W,0,-5.13312,0.06606163084506989,0.31299999356269836,0.4424999952316284
YLR215C,YBL006C,0,-5.1331654,0.06604769080877304,0.31299999356269836,0.4426000118255615
YDR434W,YDR189W,0,-5.133396,0.0660337582230568,0.31299999356269836,0.44269999861717224
YBL084C,YKL125W,0,-5.133967,0.06601982563734055,0.31299999356269836,0.44279998540878296
YNL001W,YGL095C,0,-5.134069,0.06600590795278549,0.31299999356269836,0.44290000200271606
YJR017C,YCR027C,0,-5.134178,0.06599199026823044,0.31299999356269836,0.4429999887943268
YBR059C,YKL189W,0,-5.134219,0.06597808003425598,0.31299999356269836,0.4431000053882599
YNL291C,YNL055C,1,-5.1342435,0.06617492437362671,0.3140000104904175,0.4431000053882599
YMR263W,YOR329C,0,-5.1342783,0.06616097688674927,0.3140000104904175,0.4431999921798706
YER112W,YOR060C,0,-5.1343174,0.06614703685045242,0.3140000104904175,0.4433000087738037
YML031W,YNR046W,0,-5.134335,0.06613311171531677,0.3140000104904175,0.44339999556541443
YER021W,YCR035C,0,-5.1343937,0.06611918658018112,0.3140000104904175,0.44350001215934753
YGL205W,YLL016W,0,-5.134449,0.06610526144504547,0.3140000104904175,0.44359999895095825
YJR077C,YDR456W,1,-5.134957,0.06630183011293411,0.3149999976158142,0.44359999895095825
YLR394W,YER008C,0,-5.1350527,0.06628787517547607,0.3149999976158142,0.44369998574256897
YGR188C,YJR093C,0,-5.1351748,0.06627393513917923,0.3149999976158142,0.4438000023365021
YIR008C,YLR316C,0,-5.1352234,0.06625999510288239,0.3149999976158142,0.4438999891281128
YMR219W,YKL214C,0,-5.1352816,0.06624605506658554,0.3149999976158142,0.4440000057220459
YDL106C,YLR453C,0,-5.135312,0.06623212993144989,0.3149999976158142,0.4440999925136566
YOR388C,YDR156W,0,-5.135347,0.06621820479631424,0.3149999976158142,0.4442000091075897
YKL084W,YGL211W,0,-5.135399,0.06620428711175919,0.3149999976158142,0.44429999589920044
YJL173C,YDR470C,0,-5.135973,0.06619037687778473,0.3149999976158142,0.44440001249313354
YHR004C,YGR132C,0,-5.1360426,0.06617647409439087,0.3149999976158142,0.44449999928474426
YDL078C,YKR031C,0,-5.1361694,0.06616257131099701,0.3149999976158142,0.444599986076355
YDR379W,YER147C,0,-5.1363707,0.06614867597818375,0.3149999976158142,0.4447000026702881
YPL275W,YDR379W,0,-5.136588,0.06613478809595108,0.3149999976158142,0.4447999894618988
YDL099W,YHR154W,0,-5.1366453,0.06612090766429901,0.3149999976158142,0.4449000060558319
YCR020C-A,YJR160C,0,-5.136799,0.06610702723264694,0.3149999976158142,0.4449999928474426
YER105C,YIL138C,0,-5.136915,0.06609316170215607,0.3149999976158142,0.44510000944137573
YJR031C,YBR205W,0,-5.137005,0.06607929617166519,0.3149999976158142,0.44519999623298645
YPL121C,YML019W,0,-5.1371117,0.06606543809175491,0.3149999976158142,0.44530001282691956
YKL173W,YAL002W,0,-5.137163,0.06605158001184464,0.3149999976158142,0.4453999996185303
YFL025C,YNL318C,0,-5.1371894,0.06603773683309555,0.3149999976158142,0.445499986410141
YKL005C,YJL187C,0,-5.1372595,0.06602389365434647,0.3149999976158142,0.4456000030040741
YIL150C,YOR150W,0,-5.1374884,0.06601005792617798,0.3149999976158142,0.4456999897956848
YAR009C,YGR251W,0,-5.1375756,0.06599622964859009,0.3149999976158142,0.4458000063896179
YMR292W,YDR432W,0,-5.1378365,0.0659824013710022,0.3149999976158142,0.44589999318122864
YPL016W,YNL064C,0,-5.1379423,0.0659685879945755,0.3149999976158142,0.44600000977516174
YPL040C,YPR036W,0,-5.138058,0.0659547746181488,0.3149999976158142,0.44609999656677246
YOR381W,YGR191W,1,-5.1381674,0.06615030020475388,0.3160000145435333,0.44609999656677246
YGL047W,YGL025C,0,-5.138215,0.06613645702600479,0.3160000145435333,0.44620001316070557
YNL029C,YCL043C,0,-5.1382217,0.0661226212978363,0.3160000145435333,0.4462999999523163
YDR404C,YLR354C,0,-5.1383705,0.06610878556966782,0.3160000145435333,0.446399986743927
YFL009W,YFL004W,0,-5.138405,0.06609495729207993,0.3160000145435333,0.4465000033378601
YAR007C,YDR279W,0,-5.1384163,0.06608113646507263,0.3160000145435333,0.4465999901294708
YMR287C,YLR154C,0,-5.1386027,0.06606732308864594,0.3160000145435333,0.44670000672340393
YLR035C,YHR026W,0,-5.13865,0.06605350971221924,0.3160000145435333,0.44679999351501465
YMR198W,YNL182C,0,-5.1389585,0.06603970378637314,0.3160000145435333,0.44690001010894775
YMR095C,YNL310C,0,-5.139195,0.06602590531110764,0.3160000145435333,0.44699999690055847
YJL124C,YAL016W,0,-5.1393166,0.06601211428642273,0.3160000145435333,0.4471000134944916
YJR035W,YLR275W,0,-5.1393695,0.06599833071231842,0.3160000145435333,0.4472000002861023
YJL092W,YEL020W-A,0,-5.139537,0.06598454713821411,0.3160000145435333,0.447299987077713
YAR015W,YBL007C,0,-5.1396904,0.0659707710146904,0.3160000145435333,0.4474000036716461
YML081C-A,YER053C,1,-5.1397486,0.0661657303571701,0.31700000166893005,0.4474000036716461
YER016W,YML095C,0,-5.139815,0.06615191698074341,0.31700000166893005,0.44749999046325684
YGR213C,YOR287C,0,-5.139882,0.0661381185054779,0.31700000166893005,0.44760000705718994
YOR063W,YBR162C,0,-5.139969,0.0661243200302124,0.31700000166893005,0.44769999384880066
YBR037C,YPL092W,1,-5.139971,0.06631908565759659,0.3179999887943268,0.44769999384880066
YDL088C,YGL017W,0,-5.1402025,0.0663052573800087,0.3179999887943268,0.44780001044273376
YCL024W,YFR037C,0,-5.1402044,0.0662914291024208,0.3179999887943268,0.4478999972343445
YLL050C,YPR173C,0,-5.1402164,0.06627761572599411,0.3179999887943268,0.4480000138282776
YPR141C,YBL005W,0,-5.140403,0.06626380234956741,0.3179999887943268,0.4481000006198883
YMR036C,YJR086W,0,-5.140409,0.06624999642372131,0.3179999887943268,0.448199987411499
YKL186C,YBL050W,0,-5.1404705,0.06623619794845581,0.3179999887943268,0.44830000400543213
YPR075C,YDR189W,0,-5.1405277,0.0662224069237709,0.3179999887943268,0.44839999079704285
YOR377W,YEL013W,0,-5.1405573,0.066208615899086,0.3179999887943268,0.44850000739097595
YIR033W,YMR302C,0,-5.1406035,0.06619483977556229,0.3179999887943268,0.44859999418258667
YDR456W,YBR296C,1,-5.1406097,0.06638918071985245,0.3190000057220459,0.44859999418258667
YPL231W,YMR236W,0,-5.140774,0.06637536734342575,0.3190000057220459,0.4487000107765198
YML065W,YNL186W,0,-5.140823,0.06636155396699905,0.3190000057220459,0.4487999975681305
YPL121C,YHR039C-A,0,-5.140896,0.06634775549173355,0.3190000057220459,0.4489000141620636
YLR206W,YNL311C,0,-5.1409435,0.06633395701646805,0.3190000057220459,0.4490000009536743
YLR051C,YIL063C,0,-5.1414375,0.06632016599178314,0.3190000057220459,0.44909998774528503
YPR185W,YMR183C,0,-5.141453,0.06630638241767883,0.3190000057220459,0.44920000433921814
YKL172W,YKR028W,0,-5.1416163,0.06629259884357452,0.3190000057220459,0.44929999113082886
YJR064W,YDR318W,0,-5.1419716,0.06627883017063141,0.3190000057220459,0.44940000772476196
YML012W,YDL047W,0,-5.1419897,0.0662650614976883,0.3190000057220459,0.4494999945163727
YHL048W,YKL075C,0,-5.1420574,0.06625130027532578,0.3190000057220459,0.4496000111103058
YDL149W,YDR311W,0,-5.1422253,0.06623753905296326,0.3190000057220459,0.4496999979019165
YGL016W,YOR171C,0,-5.142315,0.06622379273176193,0.3190000057220459,0.4498000144958496
YLR078C,YCR026C,0,-5.142536,0.06621004641056061,0.3190000057220459,0.4499000012874603
YML121W,YPL092W,1,-5.1425676,0.0664038211107254,0.3199999928474426,0.4499000012874603
YKL170W,YLR075W,0,-5.1426334,0.06639004498720169,0.3199999928474426,0.44999998807907104
YHL002W,YLR368W,0,-5.142644,0.06637626886367798,0.3199999928474426,0.45010000467300415
YEL024W,YGL210W,0,-5.142668,0.06636250764131546,0.3199999928474426,0.45019999146461487
YEL034W,YOR068C,0,-5.1427064,0.06634874641895294,0.3199999928474426,0.450300008058548
YGL051W,YNL287W,0,-5.142949,0.06633499264717102,0.3199999928474426,0.4503999948501587
YNR027W,YLR220W,0,-5.143078,0.0663212463259697,0.3199999928474426,0.4505000114440918
YPL213W,YFL004W,0,-5.143151,0.06630750000476837,0.3199999928474426,0.4505999982357025
YPR072W,YLL034C,0,-5.143379,0.06629376113414764,0.3199999928474426,0.4507000148296356
YPL249C,YPL001W,0,-5.143483,0.06628002971410751,0.3199999928474426,0.45080000162124634
YDL165W,YDR191W,0,-5.143615,0.06626630574464798,0.3199999928474426,0.45089998841285706
YGR041W,YHR167W,0,-5.143746,0.06625258922576904,0.3199999928474426,0.45100000500679016
YML078W,YBR004C,0,-5.1438084,0.0662388727068901,0.3199999928474426,0.4510999917984009
YER122C,YJR010C-A,0,-5.1439705,0.06622516363859177,0.3199999928474426,0.451200008392334
YOR211C,YPL082C,0,-5.144045,0.06621146202087402,0.3199999928474426,0.4512999951839447
YOR299W,YLR459W,0,-5.144067,0.06619776785373688,0.3199999928474426,0.4514000117778778
YGL226C-A,YOR297C,0,-5.1442537,0.06618407368659973,0.3199999928474426,0.4514999985694885
YKL173W,YPR121W,0,-5.1443176,0.06617038697004318,0.3199999928474426,0.45159998536109924
YMR204C,YML131W,0,-5.144508,0.06615670770406723,0.3199999928474426,0.45170000195503235
YBR295W,YNL055C,1,-5.144993,0.06634972989559174,0.32100000977516174,0.45170000195503235
YNR038W,YLR183C,0,-5.1450386,0.0663360208272934,0.32100000977516174,0.45179998874664307
YML094W,YOR340C,0,-5.1450453,0.06632231175899506,0.32100000977516174,0.45190000534057617
YER155C,YDR369C,0,-5.1452665,0.06630861759185791,0.32100000977516174,0.4519999921321869
YBR217W,YDR320C,0,-5.1453295,0.06629491597414017,0.32100000977516174,0.45210000872612
YNL003C,YLR145W,0,-5.145534,0.06628122925758362,0.32100000977516174,0.4521999955177307
YNL245C,YML012W,0,-5.145589,0.06626754999160767,0.32100000977516174,0.4523000121116638
YJR108W,YDR079W,0,-5.1456013,0.06625387072563171,0.32100000977516174,0.45239999890327454
YDR055W,YNL287W,0,-5.1456957,0.06624019891023636,0.32100000977516174,0.45249998569488525
YBR278W,YNL070W,0,-5.145697,0.0662265345454216,0.32100000977516174,0.45260000228881836
YMR035W,YIL066C,0,-5.145882,0.06621287018060684,0.32100000977516174,0.4526999890804291
YDR499W,YEL057C,0,-5.1461077,0.06619921326637268,0.32100000977516174,0.4528000056743622
YDR110W,YHR187W,0,-5.1463633,0.06618556380271912,0.32100000977516174,0.4528999924659729
YNL287W,YMR106C,0,-5.146369,0.06617192178964615,0.32100000977516174,0.453000009059906
YHL002W,YCL008C,0,-5.146372,0.06615828722715378,0.32100000977516174,0.4530999958515167
YBR017C,YDR308C,0,-5.1467276,0.06614465266466141,0.32100000977516174,0.45320001244544983
YGL067W,YGL129C,0,-5.146804,0.06613102555274963,0.32100000977516174,0.45329999923706055
YLR081W,YPL026C,0,-5.1468124,0.06611740589141846,0.32100000977516174,0.45339998602867126
YBR059C,YLR138W,0,-5.1469116,0.06610378623008728,0.32100000977516174,0.45350000262260437
YBR106W,YGL008C,1,-5.147081,0.06629607081413269,0.32199999690055847,0.45350000262260437
YLR242C,YLR246W,0,-5.147381,0.06628242135047913,0.32199999690055847,0.4535999894142151
YIL004C,YDR427W,0,-5.1474285,0.06626877933740616,0.32199999690055847,0.4537000060081482
YKL113C,YIL105C,0,-5.1475315,0.06625514477491379,0.32199999690055847,0.4537999927997589
YER045C,YER019W,0,-5.147562,0.06624151766300201,0.32199999690055847,0.453900009393692
YPL020C,YLR410W,0,-5.147673,0.06622789055109024,0.32199999690055847,0.45399999618530273
YLR242C,YOR011W,0,-5.1480203,0.06621427088975906,0.32199999690055847,0.45410001277923584
YJL117W,YNR039C,1,-5.14804,0.06640625,0.3230000138282776,0.45410001277923584
YKL006C-A,YMR039C,0,-5.1482944,0.06639260053634644,0.3230000138282776,0.45419999957084656
YMR097C,YIR006C,0,-5.1487827,0.06637895852327347,0.3230000138282776,0.4542999863624573
YNL317W,YBR153W,0,-5.1489816,0.0663653165102005,0.3230000138282776,0.4544000029563904
YBL050W,YLR466W,0,-5.1491203,0.06635168194770813,0.3230000138282776,0.4544999897480011
YGL067W,YGL252C,0,-5.149174,0.06633805483579636,0.3230000138282776,0.4546000063419342
YKL014C,YNL064C,0,-5.149235,0.06632443517446518,0.3230000138282776,0.4546999931335449
YOR295W,YOR162C,0,-5.149272,0.066310815513134,0.3230000138282776,0.454800009727478
YER167W,YBR127C,0,-5.1495676,0.06629721075296402,0.3230000138282776,0.45489999651908875
YPR065W,YBR165W,0,-5.14974,0.06628360599279404,0.3230000138282776,0.45500001311302185
YDR036C,YJL052W,0,-5.1500793,0.06627000123262405,0.3230000138282776,0.45509999990463257
YMR006C,YOR207C,0,-5.1502833,0.06625641137361526,0.3230000138282776,0.4551999866962433
YDR191W,YJR131W,0,-5.1503763,0.06624282151460648,0.3230000138282776,0.4553000032901764
YKR099W,YIL131C,0,-5.150395,0.06622923910617828,0.3230000138282776,0.4553999900817871
YCL014W,YJR086W,0,-5.15046,0.06621566414833069,0.3230000138282776,0.4555000066757202
YOL082W,YML131W,0,-5.150576,0.0662020891904831,0.3230000138282776,0.45559999346733093
YML121W,YNL055C,1,-5.150814,0.06639344245195389,0.3240000009536743,0.45559999346733093
YER154W,YPL210C,0,-5.150838,0.0663798376917839,0.3240000009536743,0.45570001006126404
YOR181W,YJL061W,0,-5.151017,0.06636624038219452,0.3240000009536743,0.45579999685287476
YJL061W,YHR152W,0,-5.1510243,0.06635265052318573,0.3240000009536743,0.45590001344680786
YGL219C,YDR071C,0,-5.1511316,0.06633906811475754,0.3240000009536743,0.4560000002384186
YDR085C,YPR198W,0,-5.151149,0.06632548570632935,0.3240000009536743,0.4560999870300293
YHL027W,YIL119C,0,-5.151229,0.06631191074848175,0.3240000009536743,0.4562000036239624
YOR381W,YDR276C,1,-5.151355,0.06650296598672867,0.32499998807907104,0.4562000036239624
YJL033W,YDR292C,0,-5.1515694,0.06648936122655869,0.32499998807907104,0.4562999904155731
YJL061W,YJR145C,0,-5.1516337,0.0664757639169693,0.32499998807907104,0.4564000070095062
YNL293W,YMR129W,0,-5.151651,0.06646216660737991,0.32499998807907104,0.45649999380111694
YJR076C,YGR209C,0,-5.1517715,0.06644857674837112,0.32499998807907104,0.45660001039505005
YPR002W,YIL017C,0,-5.1518373,0.06643499433994293,0.32499998807907104,0.45669999718666077
YNL278W,YJR141W,0,-5.1518536,0.06642141938209534,0.32499998807907104,0.45680001378059387
YLR015W,YHL027W,0,-5.1521473,0.06640784442424774,0.32499998807907104,0.4569000005722046
YGR238C,YPL002C,0,-5.1522136,0.06639427691698074,0.32499998807907104,0.4569999873638153
YFL041W,YER053C,1,-5.1522503,0.06658496707677841,0.32600000500679016,0.4569999873638153
YFR019W,YCL001W,0,-5.1523943,0.06657136976718903,0.32600000500679016,0.4571000039577484
YML121W,YNR039C,1,-5.15247,0.06676194071769714,0.3269999921321869,0.4571000039577484
YIL040W,YGL018C,0,-5.1526346,0.06674831360578537,0.3269999921321869,0.45719999074935913
YOL111C,YOR327C,0,-5.152768,0.0667346939444542,0.3269999921321869,0.45730000734329224
YDL132W,YGR089W,0,-5.152809,0.06672107428312302,0.3269999921321869,0.45739999413490295
YBR158W,YGR159C,0,-5.1529064,0.06670746952295303,0.3269999921321869,0.45750001072883606
YIR013C,YPL022W,0,-5.1533947,0.06669385731220245,0.3269999921321869,0.4575999975204468
YDL077C,YML131W,0,-5.153469,0.06668026000261307,0.3269999921321869,0.4577000141143799
YAL047C,YPL063W,0,-5.153575,0.06666667014360428,0.3269999921321869,0.4578000009059906
YJL111W,YCL004W,0,-5.153599,0.06665308028459549,0.3269999921321869,0.4578999876976013
YGL257C,YDR235W,0,-5.153629,0.0666394978761673,0.3269999921321869,0.4580000042915344
YGL133W,YHR205W,0,-5.153667,0.0666259154677391,0.3269999921321869,0.45809999108314514
YER075C,YML049C,0,-5.1536984,0.0666123479604721,0.3269999921321869,0.45820000767707825
YKR026C,YMR061W,0,-5.153854,0.06659878045320511,0.3269999921321869,0.45829999446868896
YER051W,YDR135C,0,-5.1538544,0.06658522039651871,0.3269999921321869,0.45840001106262207
YGL181W,YNL099C,0,-5.153979,0.0665716603398323,0.3269999921321869,0.4584999978542328
YPL063W,YLR132C,0,-5.154011,0.0665581077337265,0.3269999921321869,0.4586000144481659
YPL097W,YPL022W,0,-5.154078,0.06654457002878189,0.3269999921321869,0.4587000012397766
YHL031C,YDR389W,0,-5.154506,0.06653102487325668,0.3269999921321869,0.45879998803138733
YOL108C,YCL001W,0,-5.1547213,0.06651749461889267,0.3269999921321869,0.45890000462532043
YDR106W,YJL203W,0,-5.15479,0.06650396436452866,0.3269999921321869,0.45899999141693115
YCR086W,YOR338W,0,-5.154791,0.06649044156074524,0.3269999921321869,0.45910000801086426
YDR411C,YBL030C,0,-5.154825,0.06647692620754242,0.3269999921321869,0.459199994802475
YMR198W,YDR494W,0,-5.155014,0.0664634183049202,0.3269999921321869,0.4593000113964081
YDR499W,YGR077C,0,-5.15514,0.06644991040229797,0.3269999921321869,0.4593999981880188
YMR035W,YPR188C,0,-5.1551914,0.06643640995025635,0.3269999921321869,0.4595000147819519
YPL046C,YMR021C,0,-5.1552477,0.06642290949821472,0.3269999921321869,0.4596000015735626
YER146W,YJL208C,0,-5.155265,0.06640942394733429,0.3269999921321869,0.45969998836517334
YNL023C,YGR285C,0,-5.155266,0.06639593839645386,0.3269999921321869,0.45980000495910645
YOR361C,YDR381W,0,-5.1553354,0.06638246029615402,0.3269999921321869,0.45989999175071716
YOR014W,YPL122C,0,-5.155421,0.06636898964643478,0.3269999921321869,0.46000000834465027
YBR211C,YLL040C,0,-5.155467,0.06635551899671555,0.3269999921321869,0.460099995136261
YIL004C,YDL007W,0,-5.1554995,0.0663420557975769,0.3269999921321869,0.4602000117301941
YOR157C,YDR159W,0,-5.155519,0.06632860004901886,0.3269999921321869,0.4602999985218048
YPL202C,YPL145C,0,-5.1555595,0.06631515175104141,0.3269999921321869,0.4603999853134155
YMR280C,YDR356W,0,-5.155836,0.06630170345306396,0.3269999921321869,0.46050000190734863
YGR140W,YDL226C,0,-5.156183,0.06628826260566711,0.3269999921321869,0.46059998869895935
YNL258C,YLR183C,0,-5.156891,0.06627482920885086,0.3269999921321869,0.46070000529289246
YBR136W,YGL089C,0,-5.1570845,0.0662613958120346,0.3269999921321869,0.4607999920845032
YLR052W,YGR185C,0,-5.157169,0.06624797731637955,0.3269999921321869,0.4609000086784363
YER133W,YOR372C,0,-5.157362,0.06623455882072449,0.3269999921321869,0.460999995470047
YKL054C,YDR177W,0,-5.157365,0.06622114032506943,0.3269999921321869,0.4611000120639801
YNL318C,YML029W,0,-5.157674,0.06620773673057556,0.3269999921321869,0.4611999988555908
YFR036W,YLR405W,0,-5.1578965,0.0661943331360817,0.3269999921321869,0.46129998564720154
YHR175W,YLR130C,1,-5.1581526,0.06638332456350327,0.328000009059906,0.46129998564720154
YBR110W,YGL055W,0,-5.1581755,0.06636989116668701,0.328000009059906,0.46140000224113464
YMR203W,YLR262C,0,-5.158232,0.06635646522045135,0.328000009059906,0.46149998903274536
YGL003C,YDR400W,0,-5.158332,0.0663430392742157,0.328000009059906,0.46160000562667847
YFL013C,YNL078W,0,-5.158344,0.06632962822914124,0.328000009059906,0.4616999924182892
YER026C,YER027C,0,-5.15848,0.06631621718406677,0.328000009059906,0.4618000090122223
YPR179C,YLL011W,0,-5.158487,0.06630280613899231,0.328000009059906,0.461899995803833
YLR052W,YDR400W,0,-5.1586123,0.06628940999507904,0.328000009059906,0.4620000123977661
YJL209W,YOL146W,0,-5.1587896,0.06627601385116577,0.328000009059906,0.46209999918937683
YJL209W,YPR082C,0,-5.1589847,0.0662626251578331,0.328000009059906,0.46219998598098755
YHR116W,YDR224C,0,-5.1593046,0.06624924391508102,0.328000009059906,0.46230000257492065
YPL227C,YGL043W,0,-5.159586,0.06623586267232895,0.328000009059906,0.46239998936653137
YEL066W,YDR296W,0,-5.1596375,0.06622248888015747,0.328000009059906,0.4625000059604645
YER183C,YJL010C,0,-5.1601124,0.06620912253856659,0.328000009059906,0.4625999927520752
YPR108W,YOR270C,0,-5.1606464,0.0661957636475563,0.328000009059906,0.4627000093460083
YIL053W,YPL012W,0,-5.1608605,0.06618240475654602,0.328000009059906,0.462799996137619
YCR055C,YDR135C,0,-5.1610413,0.06616905331611633,0.328000009059906,0.4629000127315521
YBR091C,YLR268W,0,-5.1614714,0.06615570932626724,0.328000009059906,0.46299999952316284
YGL047W,YOR031W,0,-5.161701,0.06614236533641815,0.328000009059906,0.46309998631477356
YNL101W,YML058W-A,0,-5.1621056,0.06612902879714966,0.328000009059906,0.46320000290870667
YOL059W,YLR181C,0,-5.162154,0.06611569970846176,0.328000009059906,0.4632999897003174
YGL256W,YJL093C,0,-5.1621714,0.06610237807035446,0.328000009059906,0.4634000062942505
YMR113W,YPL007C,0,-5.162362,0.06608905643224716,0.328000009059906,0.4634999930858612
YBR043C,YGL137W,0,-5.16259,0.06607574224472046,0.328000009059906,0.4636000096797943
YNL133C,YNL079C,0,-5.1626024,0.06606243550777435,0.328000009059906,0.46369999647140503
YNR059W,YFR005C,0,-5.162725,0.06604913622140884,0.328000009059906,0.46380001306533813
YBR192W,YNL287W,0,-5.162727,0.06603583693504333,0.328000009059906,0.46389999985694885
YMR316W,YNR059W,0,-5.1627936,0.06602254509925842,0.328000009059906,0.46399998664855957
YNL164C,YGR179C,0,-5.1629305,0.06600926071405411,0.328000009059906,0.4641000032424927
YNL135C,YKL040C,0,-5.1629663,0.06599597632884979,0.328000009059906,0.4641999900341034
YMR201C,YMR075W,0,-5.16304,0.06598269939422607,0.328000009059906,0.4643000066280365
YNL227C,YGL233W,0,-5.163121,0.06596942991018295,0.328000009059906,0.4643999934196472
YJL112W,YPL152W,0,-5.1631308,0.06595616042613983,0.328000009059906,0.4645000100135803
YPR191W,YOL055C,0,-5.1631947,0.0659429058432579,0.328000009059906,0.46459999680519104
YLR459W,YBR088C,0,-5.1632023,0.06592965126037598,0.328000009059906,0.46470001339912415
YOR058C,YLR320W,0,-5.1634274,0.06591639667749405,0.328000009059906,0.46480000019073486
YPR128C,YHR016C,0,-5.16347,0.06590315699577332,0.328000009059906,0.4648999869823456
YLR035C,YDR129C,0,-5.1635575,0.06588991731405258,0.328000009059906,0.4650000035762787
YML060W,YDL217C,0,-5.1635656,0.06587668508291245,0.328000009059906,0.4650999903678894
YML080W,YDL236W,0,-5.163818,0.06586345285177231,0.328000009059906,0.4652000069618225
YOR328W,YAL032C,0,-5.1638966,0.06585022807121277,0.328000009059906,0.4652999937534332
YIR033W,YGR276C,0,-5.164048,0.06583701074123383,0.328000009059906,0.46540001034736633
YPR068C,YDL052C,0,-5.164141,0.06582380086183548,0.328000009059906,0.46549999713897705
YPL235W,YOL031C,0,-5.1641455,0.06581059098243713,0.328000009059906,0.46560001373291016
YMR033W,YAL003W,0,-5.164167,0.06579738855361938,0.328000009059906,0.4657000005245209
YBL084C,YCR092C,0,-5.1642046,0.06578419357538223,0.328000009059906,0.4657999873161316
YNL085W,YGR004W,0,-5.1643286,0.06577100604772568,0.328000009059906,0.4659000039100647
YPR189W,YDR073W,0,-5.1645393,0.06575781852006912,0.328000009059906,0.4659999907016754
YER177W,YJL029C,0,-5.1646605,0.06574463844299316,0.328000009059906,0.4661000072956085
YHR013C,YDR079W,0,-5.1648526,0.0657314658164978,0.328000009059906,0.46619999408721924
YPL202C,YDL190C,0,-5.1649585,0.06571829319000244,0.328000009059906,0.46630001068115234
YCR067C,YDR292C,0,-5.164982,0.06570512801408768,0.328000009059906,0.46639999747276306
YLR208W,YDR362C,0,-5.1651535,0.06569197028875351,0.328000009059906,0.46650001406669617
YJL124C,YNL229C,0,-5.165953,0.06567881256341934,0.328000009059906,0.4666000008583069
YGR041W,YBR029C,0,-5.1661716,0.06566566228866577,0.328000009059906,0.4666999876499176
YKL146W,YIL031W,0,-5.1663895,0.0656525194644928,0.328000009059906,0.4668000042438507
YER044C,YNL293W,0,-5.166472,0.06563938409090042,0.328000009059906,0.4668999910354614
YDR279W,YMR039C,0,-5.1665745,0.06562624871730804,0.328000009059906,0.46700000762939453
YNL243W,YBR152W,0,-5.166583,0.06561312079429626,0.328000009059906,0.46709999442100525
YKL179C,YLL038C,0,-5.1667385,0.06560000032186508,0.328000009059906,0.46720001101493835
YKL144C,YLR033W,0,-5.1668944,0.0655868798494339,0.328000009059906,0.4672999978065491
YPL151C,YPR110C,0,-5.167054,0.06557376682758331,0.328000009059906,0.4674000144004822
YCR052W,YML034W,0,-5.16715,0.06556066125631332,0.328000009059906,0.4675000011920929
YBL084C,YOR157C,0,-5.167431,0.06554756313562393,0.328000009059906,0.4675999879837036
YIL140W,YPL089C,0,-5.1676435,0.06553446501493454,0.328000009059906,0.4677000045776367
YAL021C,YGL126W,0,-5.1677794,0.06552137434482574,0.328000009059906,0.46779999136924744
YLR013W,YKL012W,0,-5.1678214,0.06550829112529755,0.328000009059906,0.46790000796318054
YGL045W,YLR025W,0,-5.168005,0.06549520790576935,0.328000009059906,0.46799999475479126
YNL318C,YBR117C,0,-5.168012,0.06548213213682175,0.328000009059906,0.46810001134872437
YGL171W,YLR208W,0,-5.1683655,0.06546906381845474,0.328000009059906,0.4681999981403351
YBR233W-A,YOR297C,0,-5.168745,0.06545599550008774,0.328000009059906,0.4683000147342682
YMR113W,YHL003C,0,-5.168987,0.06544293463230133,0.328000009059906,0.4684000015258789
YKL005C,YDR341C,0,-5.1690536,0.06542988121509552,0.328000009059906,0.4684999883174896
YGR188C,YHR024C,0,-5.169146,0.0654168352484703,0.328000009059906,0.46860000491142273
YDR499W,YOR043W,0,-5.169187,0.06540378928184509,0.328000009059906,0.46869999170303345
YLR158C,YGL038C,0,-5.1692734,0.06539075076580048,0.328000009059906,0.46880000829696655
YDL165W,YER002W,0,-5.169469,0.06537771224975586,0.328000009059906,0.46889999508857727
YBR110W,YLR314C,0,-5.1695232,0.06536468863487244,0.328000009059906,0.4690000116825104
YML077W,YMR302C,0,-5.169533,0.06535166501998901,0.328000009059906,0.4690999984741211
YNL039W,YPL095C,0,-5.1695333,0.06533864885568619,0.328000009059906,0.4691999852657318
YMR061W,YLR075W,0,-5.169622,0.06532563269138336,0.328000009059906,0.4693000018596649
YDR113C,YNL339C,0,-5.1701527,0.06531262397766113,0.328000009059906,0.46939998865127563
YNL314W,YAL011W,0,-5.1702557,0.0652996227145195,0.328000009059906,0.46950000524520874
YNL041C,YLR163C,0,-5.1703997,0.06528662145137787,0.328000009059906,0.46959999203681946
YNL044W,YBR012W-A,0,-5.1704016,0.06527363508939743,0.328000009059906,0.46970000863075256
YDR513W,YBL006C,0,-5.170566,0.0652606412768364,0.328000009059906,0.4697999954223633
YML058W-A,YPL258C,0,-5.170844,0.06524766236543655,0.328000009059906,0.4699000120162964
YDR022C,YKR054C,0,-5.1708813,0.06523468345403671,0.328000009059906,0.4699999988079071
YJL194W,YOL102C,0,-5.170912,0.06522171199321747,0.328000009059906,0.4700999855995178
YDR443C,YNL283C,0,-5.1711116,0.06520874798297882,0.328000009059906,0.4702000021934509
YMR006C,YOR307C,0,-5.1713285,0.06519578397274017,0.328000009059906,0.47029998898506165
YAL012W,YOR099W,0,-5.1713476,0.06518282741308212,0.328000009059906,0.47040000557899475
YBR102C,YIL048W,0,-5.171444,0.06516987830400467,0.328000009059906,0.47049999237060547
YGL089C,YOR290C,0,-5.171755,0.06515692919492722,0.328000009059906,0.4706000089645386
YAL002W,YIL173W,0,-5.171853,0.06514399498701096,0.328000009059906,0.4706999957561493
YDL165W,YPL187W,0,-5.171916,0.0651310533285141,0.328000009059906,0.4708000123500824
YDR529C,YDR086C,0,-5.1720314,0.06511812657117844,0.328000009059906,0.4708999991416931
YLL038C,YBL032W,0,-5.172056,0.06510519981384277,0.328000009059906,0.47099998593330383
YGR097W,YML104C,0,-5.172227,0.06509228050708771,0.328000009059906,0.47110000252723694
YOR037W,YLR316C,0,-5.1724596,0.06507936865091324,0.328000009059906,0.47119998931884766
YGR104C,YOL128C,0,-5.172574,0.06506645679473877,0.328000009059906,0.47130000591278076
YCR048W,YKL089W,0,-5.172611,0.0650535523891449,0.328000009059906,0.4713999927043915
YOL089C,YJL139C,0,-5.1726217,0.06504064798355103,0.328000009059906,0.4715000092983246
YML121W,YGR008C,1,-5.1726613,0.0652260109782219,0.32899999618530273,0.4715000092983246
YOL149W,YLR192C,0,-5.1730633,0.06521308422088623,0.32899999618530273,0.4715999960899353
YKL021C,YDR086C,0,-5.173164,0.06520015746355057,0.32899999618530273,0.4717000126838684
YMR275C,YOL088C,0,-5.1732655,0.0651872381567955,0.32899999618530273,0.4717999994754791
YGL240W,YPR008W,0,-5.173335,0.06517432630062103,0.32899999618530273,0.47189998626708984
YGR191W,YGL167C,1,-5.173416,0.06535948067903519,0.33000001311302185,0.47189998626708984
YML126C,YML131W,0,-5.173588,0.06534653156995773,0.33000001311302185,0.47200000286102295
YHR150W,YJL127C,0,-5.173885,0.06533359736204147,0.33000001311302185,0.47209998965263367
YOL156W,YCL032W,0,-5.1740456,0.06532066315412521,0.33000001311302185,0.4722000062465668
YBR211C,YHR160C,0,-5.1741953,0.06530773639678955,0.33000001311302185,0.4722999930381775
YNL127W,YJL072C,0,-5.1742086,0.06529481709003448,0.33000001311302185,0.4724000096321106
YGL213C,YDR407C,0,-5.1744,0.06528189778327942,0.33000001311302185,0.4724999964237213
YDL175C,YIL037C,0,-5.17448,0.06526898592710495,0.33000001311302185,0.4726000130176544
YLR381W,YBR136W,0,-5.174541,0.06525608152151108,0.33000001311302185,0.47269999980926514
YPL078C,YER145C,1,-5.1746597,0.06544088572263718,0.3310000002384186,0.47269999980926514
YJR108W,YPL031C,0,-5.1749144,0.06542795151472092,0.3310000002384186,0.47279998660087585
YAL013W,YIL085C,0,-5.174959,0.06541501730680466,0.3310000002384186,0.47290000319480896
YOR160W,YOL127W,0,-5.1751394,0.06540209800004959,0.3310000002384186,0.4729999899864197
YMR277W,YDR158W,0,-5.175157,0.06538917124271393,0.3310000002384186,0.4731000065803528
YBR196C,YDR115W,0,-5.175251,0.06537625938653946,0.3310000002384186,0.4731999933719635
YGL162W,YKR062W,0,-5.175581,0.06536334753036499,0.3310000002384186,0.4733000099658966
YPL227C,YGR113W,0,-5.175585,0.06535044312477112,0.3310000002384186,0.4733999967575073
YNR030W,YDL007W,0,-5.175742,0.06533754616975784,0.3310000002384186,0.47350001335144043
YIL112W,YDR178W,0,-5.1757607,0.06532464921474457,0.3310000002384186,0.47360000014305115
YJL208C,YDL212W,0,-5.17586,0.06531175971031189,0.3310000002384186,0.47369998693466187
YLL009C,YLR214W,1,-5.176052,0.06549615412950516,0.3319999873638153,0.47369998693466187
YHR043C,YDR027C,0,-5.176174,0.06548323482275009,0.3319999873638153,0.47380000352859497
YBR026C,YMR051C,0,-5.176178,0.06547032296657562,0.3319999873638153,0.4738999903202057
YPR008W,YGL249W,0,-5.176198,0.06545741111040115,0.3319999873638153,0.4740000069141388
YPR201W,YGR121C,1,-5.176227,0.06564163416624069,0.3330000042915344,0.4740000069141388
YGR121C,YOR334W,1,-5.1763086,0.06582577526569366,0.33399999141693115,0.4740000069141388
YPR185W,YOR193W,0,-5.1764407,0.06581281125545502,0.33399999141693115,0.4740999937057495
YPR046W,YOR327C,0,-5.1765404,0.06579983979463577,0.33399999141693115,0.4742000102996826
YHR004C,YDL047W,0,-5.1766224,0.06578688323497772,0.33399999141693115,0.47429999709129333
YJL076W,YPL020C,0,-5.17673,0.06577392667531967,0.33399999141693115,0.47440001368522644
YMR058W,YPR067W,1,-5.176731,0.06595786660909653,0.33500000834465027,0.47440001368522644
YJL073W,YPL156C,0,-5.176753,0.06594488024711609,0.33500000834465027,0.47450000047683716
YDR147W,YKR065C,0,-5.176943,0.06593190133571625,0.33500000834465027,0.4745999872684479
YER042W,YBR087W,0,-5.177475,0.065918929874897,0.33500000834465027,0.474700003862381
YEL027W,YCR098C,1,-5.177541,0.06610269844532013,0.335999995470047,0.474700003862381
YDR093W,YLL004W,0,-5.1777735,0.0660896897315979,0.335999995470047,0.4747999906539917
YOR299W,YCR066W,0,-5.178086,0.06607669591903687,0.335999995470047,0.4749000072479248
YOL088C,YDR178W,0,-5.178252,0.06606370210647583,0.335999995470047,0.4749999940395355
YCL016C,YKL110C,0,-5.1783285,0.06605071574449539,0.335999995470047,0.47510001063346863
YML126C,YHR079C,0,-5.1783404,0.06603773683309555,0.335999995470047,0.47519999742507935
YKR019C,YJR112W,0,-5.178384,0.06602475792169571,0.335999995470047,0.47530001401901245
YPR201W,YOR334W,1,-5.178627,0.06620825082063675,0.3370000123977661,0.47530001401901245
YPL145C,YNR026C,0,-5.178629,0.06619524955749512,0.3370000123977661,0.47540000081062317
YDR276C,YEL065W,1,-5.17894,0.0663786306977272,0.33799999952316284,0.47540000081062317
YLR190W,YKR001C,0,-5.179243,0.06636559963226318,0.33799999952316284,0.4754999876022339
YKR066C,YPL008W,0,-5.179266,0.06635256856679916,0.33799999952316284,0.475600004196167
YHR158C,YOR116C,0,-5.1792784,0.06633954495191574,0.33799999952316284,0.4756999909877777
YPL231W,YDR150W,0,-5.179351,0.06632652878761292,0.33799999952316284,0.4758000075817108
YPL195W,YAL012W,0,-5.1794653,0.06631352007389069,0.33799999952316284,0.47589999437332153
YOR089C,YDR080W,0,-5.1796484,0.06630051136016846,0.33799999952316284,0.47600001096725464
YGL150C,YJR132W,0,-5.179653,0.06628751009702682,0.33799999952316284,0.47609999775886536
YGR206W,YBR118W,0,-5.179904,0.06627450883388519,0.33799999952316284,0.47620001435279846
YPL040C,YOR160W,0,-5.179908,0.06626151502132416,0.33799999952316284,0.4763000011444092
YHR067W,YKL170W,0,-5.179991,0.06624852865934372,0.33799999952316284,0.4763999879360199
YEL053C,YJL011C,0,-5.1799936,0.06623554974794388,0.33799999952316284,0.476500004529953
YJR043C,YKL081W,0,-5.180066,0.06622257083654404,0.33799999952316284,0.4765999913215637
YOR320C,YOR201C,0,-5.18007,0.06620959937572479,0.33799999952316284,0.4767000079154968
YLR288C,YER019C-A,0,-5.1801095,0.06619662791490555,0.33799999952316284,0.47679999470710754
YDR040C,YLR092W,1,-5.1806135,0.06637948006391525,0.33899998664855957,0.47679999470710754
YDR101C,YBR112C,0,-5.180639,0.06636648625135422,0.33899998664855957,0.47690001130104065
YMR172W,YMR139W,0,-5.1807323,0.06635349243879318,0.33899998664855957,0.47699999809265137
YEL016C,YML029W,0,-5.1807394,0.06634050607681274,0.33899998664855957,0.4771000146865845
YDR173C,YCL055W,0,-5.181091,0.0663275271654129,0.33899998664855957,0.4772000014781952
YDR097C,YDR432W,0,-5.18134,0.06631455570459366,0.33899998664855957,0.4772999882698059
YPL227C,YBL084C,0,-5.1813793,0.06630158424377441,0.33899998664855957,0.477400004863739
YLR381W,YPL232W,0,-5.181445,0.06628862023353577,0.33899998664855957,0.47749999165534973
YGR063C,YKL018W,0,-5.1821337,0.06627565622329712,0.33899998664855957,0.47760000824928284
YPL116W,YER012W,0,-5.1822996,0.06626270711421967,0.33899998664855957,0.47769999504089355
YBR084W,YGL243W,0,-5.1823015,0.06624975800514221,0.33899998664855957,0.47780001163482666
YOL077W-A,YIL114C,1,-5.1824217,0.06643220037221909,0.3400000035762787,0.47780001163482666
YHR158C,YGL201C,0,-5.182436,0.06641922146081924,0.3400000035762787,0.4778999984264374
YPL047W,YPL232W,0,-5.1826887,0.06640625,0.3400000035762787,0.4779999852180481
YJL148W,YNL206C,0,-5.1828604,0.06639328598976135,0.3400000035762787,0.4781000018119812
YBR257W,YGL213C,0,-5.1829314,0.0663803219795227,0.3400000035762787,0.4781999886035919
YCR098C,YML121W,1,-5.183362,0.06656256318092346,0.3409999907016754,0.4781999886035919
YGL229C,YMR210W,0,-5.183552,0.06654956936836243,0.3409999907016754,0.478300005197525
YOL130W,YFL041W,1,-5.183565,0.06673170626163483,0.34200000762939453,0.478300005197525
YML075C,YML064C,0,-5.1839085,0.066718690097332,0.34200000762939453,0.47839999198913574
YDR379W,YDR218C,0,-5.184037,0.06670567393302917,0.34200000762939453,0.47850000858306885
YKL064W,YPL092W,1,-5.1840396,0.06688767671585083,0.34299999475479126,0.47850000858306885
YCR075C,YML104C,0,-5.184246,0.06687463074922562,0.34299999475479126,0.47859999537467957
YPR034W,YNL334C,0,-5.1847734,0.0668615996837616,0.34299999475479126,0.47870001196861267
YDR263C,YPL122C,0,-5.184821,0.06684856861829758,0.34299999475479126,0.4787999987602234
YAR018C,YOL128C,0,-5.184952,0.06683554500341415,0.34299999475479126,0.4788999855518341
YJL146W,YNL131W,0,-5.1851397,0.06682252138853073,0.34299999475479126,0.4790000021457672
YGR152C,YKL212W,0,-5.1852007,0.0668095052242279,0.34299999475479126,0.47909998893737793
YNL029C,YDR126W,0,-5.18524,0.06679649651050568,0.34299999475479126,0.47920000553131104
YJL036W,YCR081W,0,-5.185462,0.06678348779678345,0.34299999475479126,0.47929999232292175
YGL183C,YKR037C,0,-5.185506,0.06677048653364182,0.34299999475479126,0.47940000891685486
YPR017C,YGR231C,0,-5.1855803,0.06675749272108078,0.34299999475479126,0.4794999957084656
YMR198W,YEL053C,0,-5.185588,0.06674450635910034,0.34299999475479126,0.4796000123023987
YFR033C,YOR216C,0,-5.185591,0.0667315199971199,0.34299999475479126,0.4796999990940094
YGL256W,YNL318C,0,-5.1858587,0.06671853363513947,0.34299999475479126,0.4797999858856201
YGR092W,YHR060W,0,-5.185873,0.06670556217432022,0.34299999475479126,0.4799000024795532
YOR157C,YOR217W,0,-5.185923,0.06669259071350098,0.34299999475479126,0.47999998927116394
YBR193C,YLR417W,0,-5.18595,0.06667962670326233,0.34299999475479126,0.48010000586509705
YKL113C,YKR001C,0,-5.186245,0.06666667014360428,0.34299999475479126,0.48019999265670776
YPR110C,YNL131W,0,-5.1864166,0.06665371358394623,0.34299999475479126,0.48030000925064087
YML081C-A,YEL065W,1,-5.186548,0.06683505326509476,0.3440000116825104,0.48030000925064087
YDR071C,YOR179C,0,-5.1867933,0.06682206690311432,0.3440000116825104,0.4803999960422516
YPR067W,YEL065W,1,-5.1869793,0.06700330227613449,0.3449999988079071,0.4803999960422516
YFR028C,YER028C,0,-5.187357,0.06699029356241226,0.3449999988079071,0.4805000126361847
YER155C,YGL150C,0,-5.1874857,0.06697728484869003,0.3449999988079071,0.4805999994277954
YPR068C,YJR086W,0,-5.187559,0.0669642835855484,0.3449999988079071,0.48069998621940613
YOR316C,YHR175W,1,-5.1876717,0.06714535504579544,0.34599998593330383,0.48069998621940613
YOR028C,YGL210W,0,-5.1876907,0.06713232398033142,0.34599998593330383,0.48080000281333923
YJR057W,YMR312W,0,-5.188044,0.067119300365448,0.34599998593330383,0.48089998960494995
YBR023C,YHR164C,0,-5.1882467,0.06710628420114517,0.34599998593330383,0.48100000619888306
YOR079C,YLR371W,0,-5.1882477,0.06709326803684235,0.34599998593330383,0.4810999929904938
YDR147W,YLR384C,0,-5.1882553,0.06708026677370071,0.34599998593330383,0.4812000095844269
YNL027W,YLR026C,0,-5.1883087,0.06706725805997849,0.34599998593330383,0.4812999963760376
YGL003C,YLR016C,0,-5.1883655,0.06705426424741745,0.34599998593330383,0.4814000129699707
YPL187W,YOR149C,0,-5.1884375,0.06704127043485641,0.34599998593330383,0.4814999997615814
YKL016C,YHR175W,1,-5.1884856,0.06722200661897659,0.34700000286102295,0.4814999997615814
YER056C,YKL057C,0,-5.1886864,0.06720899045467377,0.34700000286102295,0.48159998655319214
YLR431C,YML085C,0,-5.1887274,0.06719597429037094,0.34700000286102295,0.48170000314712524
YDL149W,YER111C,0,-5.1890078,0.06718296557664871,0.34700000286102295,0.48179998993873596
YGL067W,YGR054W,0,-5.189049,0.06716995686292648,0.34700000286102295,0.48190000653266907
YGL129C,YDR398W,0,-5.189056,0.06715695559978485,0.34700000286102295,0.4819999933242798
YLL038C,YJL214W,0,-5.189089,0.06714396178722382,0.34700000286102295,0.4821000099182129
YOL112W,YGL070C,0,-5.1894817,0.06713097542524338,0.34700000286102295,0.4821999967098236
YDR174W,YIL048W,0,-5.1895804,0.06711798906326294,0.34700000286102295,0.4823000133037567
YLR102C,YGR003W,0,-5.1897097,0.0671050101518631,0.34700000286102295,0.48240000009536743
YOL130W,YIL023C,1,-5.1897593,0.06728538125753403,0.3479999899864197,0.48240000009536743
YOR100C,YDR202C,0,-5.19002,0.0672723725438118,0.3479999899864197,0.48249998688697815
YGL167C,YBR037C,1,-5.1904507,0.06745264679193497,0.3490000069141388,0.48249998688697815
YEL027W,YOL158C,1,-5.190652,0.06763284653425217,0.3499999940395355,0.48249998688697815
YPR201W,YGL167C,1,-5.190739,0.06781298667192459,0.35100001096725464,0.48249998688697815
YHR194W,YDR393W,0,-5.1908913,0.0677998811006546,0.35100001096725464,0.48260000348091125
YKL059C,YLL036C,0,-5.1909275,0.0677867904305458,0.35100001096725464,0.482699990272522
YOR299W,YML078W,0,-5.19104,0.06777369976043701,0.35100001096725464,0.4828000068664551
YLR011W,YHR034C,0,-5.1911826,0.06776061654090881,0.35100001096725464,0.4828999936580658
YLR260W,YDR218C,0,-5.1914163,0.06774754077196121,0.35100001096725464,0.4830000102519989
YDR407C,YKR042W,0,-5.1914606,0.06773446500301361,0.35100001096725464,0.4830999970436096
YJR150C,YPL258C,0,-5.191599,0.0677213966846466,0.35100001096725464,0.4832000136375427
YBL099W,YGR121C,1,-5.191926,0.06790123134851456,0.35199999809265137,0.4832000136375427
YER017C,YGR274C,0,-5.191957,0.06788814067840576,0.35199999809265137,0.48330000042915344
YGR288W,YPL268W,0,-5.192066,0.06787505000829697,0.35199999809265137,0.48339998722076416
YDR183W,YDL064W,0,-5.1921577,0.06786195933818817,0.35199999809265137,0.48350000381469727
YFL009W,YGR098C,0,-5.1921883,0.06784888356924057,0.35199999809265137,0.483599990606308
YEL066W,YPR178W,0,-5.192505,0.06783580780029297,0.35199999809265137,0.4837000072002411
YJR108W,YPR065W,0,-5.192527,0.06782273948192596,0.35199999809265137,0.4837999939918518
YLR248W,YGL233W,0,-5.1926994,0.06780967116355896,0.35199999809265137,0.4839000105857849
YNL136W,YOR174W,0,-5.192747,0.06779661029577255,0.35199999809265137,0.48399999737739563
YJR090C,YOR109W,0,-5.192767,0.06778355687856674,0.35199999809265137,0.48410001397132874
YOR094W,YLR233C,0,-5.192771,0.06777050346136093,0.35199999809265137,0.48420000076293945
YOR074C,YDR240C,0,-5.1933646,0.06775745749473572,0.35199999809265137,0.48429998755455017
YJR040W,YER111C,0,-5.1936483,0.0677444189786911,0.35199999809265137,0.4844000041484833
YIL159W,YJR091C,0,-5.193693,0.06773138046264648,0.35199999809265137,0.484499990940094
YGR077C,YBR117C,0,-5.193725,0.06771835684776306,0.35199999809265137,0.4846000075340271
YML102W,YJL146W,0,-5.193805,0.06770532578229904,0.35199999809265137,0.4846999943256378
YPR111W,YGL243W,0,-5.193811,0.06769230961799622,0.35199999809265137,0.4848000109195709
YDR174W,YDR177W,0,-5.1940513,0.06767929345369339,0.35199999809265137,0.48489999771118164
YNL025C,YJL222W,0,-5.1940784,0.06766628473997116,0.35199999809265137,0.48500001430511475
YCL029C,YGL249W,0,-5.1941366,0.06765327602624893,0.35199999809265137,0.48510000109672546
YDL088C,YLR382C,0,-5.194142,0.0676402747631073,0.35199999809265137,0.4851999878883362
YOR340C,YKL154W,0,-5.1942005,0.06762728095054626,0.35199999809265137,0.4853000044822693
YMR186W,YLR200W,0,-5.194248,0.06761429458856583,0.35199999809265137,0.48539999127388
YER177W,YJR059W,0,-5.194442,0.06760130822658539,0.35199999809265137,0.4855000078678131
YMR276W,YNL290W,0,-5.194475,0.06758832931518555,0.35199999809265137,0.48559999465942383
YBL045C,YPR193C,0,-5.194481,0.0675753504037857,0.35199999809265137,0.48570001125335693
YGR140W,YPL021W,0,-5.194623,0.06756237894296646,0.35199999809265137,0.48579999804496765
YLR113W,YNL294C,0,-5.194795,0.06754941493272781,0.35199999809265137,0.48590001463890076
YDR499W,YLR466W,0,-5.1948123,0.06753645092248917,0.35199999809265137,0.4860000014305115
YGL017W,YJL030W,0,-5.194994,0.06752350181341171,0.35199999809265137,0.4860999882221222
YDR099W,YFL005W,0,-5.1950445,0.06751054525375366,0.35199999809265137,0.4862000048160553
YLR214W,YML121W,1,-5.195051,0.06768935918807983,0.3529999852180481,0.4862000048160553
YCR020C,YKL214C,0,-5.1952076,0.06767638027667999,0.3529999852180481,0.486299991607666
YNL318C,YHR001W,0,-5.195243,0.06766340881586075,0.3529999852180481,0.4864000082015991
YLR131C,YNL258C,0,-5.195364,0.0676504373550415,0.3529999852180481,0.48649999499320984
YNL118C,YPL116W,0,-5.1953697,0.06763748079538345,0.3529999852180481,0.48660001158714294
YLR210W,YOR069W,0,-5.1954775,0.0676245242357254,0.3529999852180481,0.48669999837875366
YBR215W,YPR132W,0,-5.195539,0.06761156767606735,0.3529999852180481,0.4867999851703644
YPL249C,YJL116C,0,-5.1955585,0.0675986185669899,0.3529999852180481,0.4869000017642975
YJL006C,YGR147C,0,-5.1955757,0.06758567690849304,0.3529999852180481,0.4869999885559082
YPL100W,YNL009W,0,-5.1956916,0.06757274270057678,0.3529999852180481,0.4871000051498413
YAL023C,YLR398C,0,-5.1958194,0.06755980849266052,0.3529999852180481,0.487199991941452
YJL080C,YNL283C,0,-5.1958246,0.06754688173532486,0.3529999852180481,0.48730000853538513
YCR107W,YNL068C,0,-5.19608,0.0675339549779892,0.3529999852180481,0.48739999532699585
YOR211C,YJL026W,0,-5.196123,0.06752104312181473,0.3529999852180481,0.48750001192092896
YPL140C,YNL131W,0,-5.196212,0.06750813126564026,0.3529999852180481,0.4875999987125397
YKL007W,YLR132C,0,-5.19623,0.06749521940946579,0.3529999852180481,0.4876999855041504
YNL094W,YDR268W,0,-5.196254,0.06748231500387192,0.3529999852180481,0.4878000020980835
YLR418C,YGR128C,0,-5.1962776,0.06746941804885864,0.3529999852180481,0.4878999888896942
YOR317W,YBR183W,0,-5.1963964,0.06745652854442596,0.3529999852180481,0.4880000054836273
YDR421W,YML058W-A,0,-5.196417,0.06744363903999329,0.3529999852180481,0.48809999227523804
YGL247W,YER116C,0,-5.1964436,0.0674307569861412,0.3529999852180481,0.48820000886917114
YPL078C,YLL027W,1,-5.196715,0.06760886311531067,0.3540000021457672,0.48820000886917114
YKR028W,YOR084W,0,-5.196722,0.0675959512591362,0.3540000021457672,0.48829999566078186
YJL062W,YPL097W,0,-5.1969357,0.06758304685354233,0.3540000021457672,0.48840001225471497
YPL098C,YDL044C,0,-5.197355,0.06757014989852905,0.3540000021457672,0.4884999990463257
YDR224C,YIL109C,0,-5.1974583,0.06755725294351578,0.3540000021457672,0.4885999858379364
YGL003C,YFR002W,0,-5.1977787,0.0675443634390831,0.3540000021457672,0.4887000024318695
YPL119C,YHR139C,0,-5.198089,0.06753147393465042,0.3540000021457672,0.4887999892234802
YLR270W,YOR356W,0,-5.1983156,0.06751859933137894,0.3540000021457672,0.48890000581741333
YGR120C,YJL138C,0,-5.198571,0.06750571727752686,0.3540000021457672,0.48899999260902405
YER179W,YPL087W,0,-5.198636,0.06749285012483597,0.3540000021457672,0.48910000920295715
YJR132W,YDR392W,0,-5.1986732,0.06747998297214508,0.3540000021457672,0.48919999599456787
YLR047C,YOL065C,0,-5.1986923,0.06746712327003479,0.3540000021457672,0.489300012588501
YBR024W,YIL023C,1,-5.198722,0.06764481961727142,0.35499998927116394,0.489300012588501
YGR121C,YGL167C,1,-5.198743,0.06782244145870209,0.35600000619888306,0.489300012588501
YOR191W,YOR332W,0,-5.198857,0.06780952215194702,0.35600000619888306,0.4893999993801117
YPL021W,YJR104C,0,-5.198928,0.06779661029577255,0.35600000619888306,0.4894999861717224
YMR025W,YER012W,0,-5.199044,0.06778369843959808,0.35600000619888306,0.4896000027656555
YDR099W,YML075C,0,-5.19915,0.06777079403400421,0.35600000619888306,0.48969998955726624
YGR218W,YKL006C-A,0,-5.1994834,0.06775789707899094,0.35600000619888306,0.48980000615119934
YFL039C,YKL079W,0,-5.1996922,0.06774500757455826,0.35600000619888306,0.48989999294281006
YMR113W,YMR150C,0,-5.1997824,0.06773211807012558,0.35600000619888306,0.49000000953674316
YGR166W,YOR057W,0,-5.2000723,0.0677192285656929,0.35600000619888306,0.4900999963283539
YIR041W,YFL008W,0,-5.2000785,0.06770635396242142,0.35600000619888306,0.490200012922287
YNL245C,YOR106W,0,-5.2001553,0.06769347935914993,0.35600000619888306,0.4902999997138977
YDR174W,YGR042W,0,-5.2002406,0.06768060475587845,0.35600000619888306,0.4903999865055084
YML069W,YIL084C,0,-5.200424,0.06766774505376816,0.35600000619888306,0.49050000309944153
YPR111W,YJL098W,0,-5.200453,0.06765488535165787,0.35600000619888306,0.49059998989105225
YDL046W,YDR356W,0,-5.2007732,0.06764202564954758,0.35600000619888306,0.49070000648498535
YDL024C,YPL187W,0,-5.2009373,0.06762918084859848,0.35600000619888306,0.49079999327659607
YKL139W,YOL026C,0,-5.200979,0.06761633604764938,0.35600000619888306,0.4909000098705292
YGR155W,YPL118W,0,-5.2014008,0.06760349124670029,0.35600000619888306,0.4909999966621399
YKL122C,YPL232W,0,-5.201414,0.06759066134691238,0.35600000619888306,0.491100013256073
YDR517W,YPL063W,0,-5.2014265,0.06757783144712448,0.35600000619888306,0.4912000000476837
YDR446W,YPL157W,0,-5.201576,0.06756500154733658,0.35600000619888306,0.49129998683929443
YMR039C,YDR381W,0,-5.2016,0.06755217909812927,0.35600000619888306,0.49140000343322754
YKL170W,YDR080W,0,-5.2016926,0.06753936409950256,0.35600000619888306,0.49149999022483826
YKL051W,YDL244W,0,-5.201965,0.06752655655145645,0.35600000619888306,0.49160000681877136
YDR106W,YGR113W,0,-5.2020793,0.06751374900341034,0.35600000619888306,0.4916999936103821
YBR112C,YKL058W,0,-5.2024684,0.06750094890594482,0.35600000619888306,0.4918000102043152
YOL145C,YGL144C,0,-5.20277,0.06748814880847931,0.35600000619888306,0.4918999969959259
YBR091C,YNL282W,0,-5.202862,0.06747536361217499,0.35600000619888306,0.492000013589859
YCR010C,YOR334W,1,-5.2029324,0.06765207648277283,0.3569999933242798,0.492000013589859
YGR191W,YLL027W,1,-5.2030315,0.0678287222981453,0.3580000102519989,0.492000013589859
YJL128C,YDR126W,0,-5.2030745,0.0678158774971962,0.3580000102519989,0.4921000003814697
YOR074C,YDL043C,0,-5.2031317,0.0678030326962471,0.3580000102519989,0.49219998717308044
YHR164C,YBR254C,0,-5.2031574,0.067790187895298,0.3580000102519989,0.49230000376701355
YLR260W,YOR003W,0,-5.203164,0.0677773579955101,0.3580000102519989,0.49239999055862427
YPR134W,YBR035C,0,-5.203199,0.0677645280957222,0.3580000102519989,0.4925000071525574
YOR168W,YDR167W,0,-5.2032166,0.06775170564651489,0.3580000102519989,0.4925999939441681
YPR037C,YMR188C,0,-5.203227,0.06773888319730759,0.3580000102519989,0.4927000105381012
YNR033W,YPL161C,0,-5.2032814,0.06772606819868088,0.3580000102519989,0.4927999973297119
YMR041C,YAL020C,0,-5.203328,0.06771326065063477,0.3580000102519989,0.492900013923645
YJL124C,YPR009W,0,-5.2033963,0.06770045310258865,0.3580000102519989,0.49300000071525574
YML046W,YOL045W,0,-5.2037244,0.06768765300512314,0.3580000102519989,0.49309998750686646
YJR082C,YMR314W,0,-5.2037325,0.06767486035823822,0.3580000102519989,0.49320000410079956
YJR150C,YER122C,0,-5.2038603,0.0676620677113533,0.3580000102519989,0.4932999908924103
YNL281W,YPL218W,0,-5.204014,0.06764928251504898,0.3580000102519989,0.4934000074863434
YML023C,YPR198W,0,-5.204419,0.06763649731874466,0.3580000102519989,0.4934999942779541
YCR088W,YKL092C,0,-5.2047896,0.06762372702360153,0.3580000102519989,0.4936000108718872
YKR052C,YGR257C,1,-5.2051315,0.06779981404542923,0.35899999737739563,0.4936000108718872
YNL106C,YLR147C,0,-5.2051764,0.06778700649738312,0.35899999737739563,0.4936999976634979
YNL286W,YJL089W,0,-5.2054133,0.0677742138504982,0.35899999737739563,0.49380001425743103
YBR089C-A,YLR006C,0,-5.205471,0.06776142120361328,0.35899999737739563,0.49390000104904175
YPL267W,YJL029C,0,-5.2059073,0.06774862855672836,0.35899999737739563,0.49399998784065247
YOR322C,YDR393W,0,-5.2063007,0.06773585081100464,0.35899999737739563,0.49410000443458557
YDR156W,YLR301W,0,-5.2063255,0.06772307306528091,0.35899999737739563,0.4941999912261963
YMR305C,YFL038C,0,-5.2063723,0.06771029531955719,0.35899999737739563,0.4943000078201294
YPL265W,YLR335W,0,-5.206553,0.06769753247499466,0.35899999737739563,0.4943999946117401
YNL073W,YMR140W,0,-5.2067604,0.06768476963043213,0.35899999737739563,0.4945000112056732
YBR112C,YOL055C,0,-5.206831,0.0676720067858696,0.35899999737739563,0.49459999799728394
YFR008W,YDR225W,0,-5.207965,0.06765925139188766,0.35899999737739563,0.49470001459121704
YPR030W,YER103W,0,-5.207969,0.06764650344848633,0.35899999737739563,0.49480000138282776
YCR098C,YNR039C,1,-5.207974,0.0678221583366394,0.36000001430511475,0.49480000138282776
YKR052C,YNR039C,1,-5.2080417,0.06799773871898651,0.3610000014305115,0.49480000138282776
YBR217W,YOL110W,0,-5.2082186,0.0679849311709404,0.3610000014305115,0.4948999881744385
YNL148C,YHL022C,0,-5.208243,0.06797213107347488,0.3610000014305115,0.4950000047683716
YMR161W,YDL216C,0,-5.2082453,0.06795933842658997,0.3610000014305115,0.4950999915599823
YAL053W,YJR066W,0,-5.208294,0.06794654577970505,0.3610000014305115,0.4952000081539154
YNL118C,YEL003W,0,-5.2084446,0.06793376058340073,0.3610000014305115,0.4952999949455261
YPL202C,YLL004W,0,-5.208735,0.0679209753870964,0.3610000014305115,0.49540001153945923
YLL027W,YJL117W,1,-5.208779,0.06809630990028381,0.3619999885559082,0.49540001153945923
YCR065W,YPL112C,0,-5.208853,0.0680835023522377,0.3619999885559082,0.49549999833106995
YNR032W,YMR053C,0,-5.208883,0.06807070225477219,0.3619999885559082,0.49559998512268066
YIL049W,YMR021C,0,-5.209073,0.06805790215730667,0.3619999885559082,0.49570000171661377
YGL071W,YPL078C,1,-5.2091384,0.06823308020830154,0.3630000054836273,0.49570000171661377
YDR219C,YDR058C,0,-5.209267,0.06822025775909424,0.3630000054836273,0.4957999885082245
YMR188C,YOR057W,0,-5.2093697,0.06820744276046753,0.3630000054836273,0.4959000051021576
YLR015W,YOR095C,0,-5.209456,0.06819462776184082,0.3630000054836273,0.4959999918937683
YJR074W,YFR052W,0,-5.2094564,0.06818182021379471,0.3630000054836273,0.4961000084877014
YIL109C,YLR136C,0,-5.209564,0.0681690126657486,0.3630000054836273,0.49619999527931213
YBR164C,YNL317W,0,-5.209655,0.06815621256828308,0.3630000054836273,0.49630001187324524
YPL021W,YIL026C,0,-5.2097673,0.06814341992139816,0.3630000054836273,0.49639999866485596
YPL008W,YML028W,0,-5.2098885,0.06813062727451324,0.3630000054836273,0.4964999854564667
YBR207W,YLR130C,1,-5.2099876,0.06830549985170364,0.36399999260902405,0.4964999854564667
YJR121W,YLR411W,1,-5.210022,0.06848029792308807,0.36500000953674316,0.4964999854564667
YDR129C,YNL334C,0,-5.210085,0.06846745312213898,0.36500000953674316,0.4966000020503998
YDL108W,YGL127C,0,-5.2100916,0.06845461577177048,0.36500000953674316,0.4966999888420105
YOR233W,YKR007W,0,-5.210145,0.06844177842140198,0.36500000953674316,0.4968000054359436
YML062C,YML038C,0,-5.2102075,0.06842894852161407,0.36500000953674316,0.4968999922275543
YGL222C,YAL010C,0,-5.2102914,0.06841611862182617,0.36500000953674316,0.4970000088214874
YOR320C,YKR029C,0,-5.2107263,0.06840329617261887,0.36500000953674316,0.49709999561309814
YCL026C-A,YHR012W,0,-5.210829,0.06839048117399216,0.36500000953674316,0.49720001220703125
YCR093W,YOR035C,0,-5.2113237,0.06837766617536545,0.36500000953674316,0.49729999899864197
YDR123C,YEL020W-A,0,-5.2113714,0.06836485862731934,0.36500000953674316,0.4973999857902527
YKR068C,YMR309C,0,-5.211583,0.06835205852985382,0.36500000953674316,0.4975000023841858
YKL093W,YPR083W,0,-5.2116017,0.0683392658829689,0.36500000953674316,0.4975999891757965
YDR435C,YKL079W,0,-5.2117996,0.06832646578550339,0.36500000953674316,0.4977000057697296
YNL147W,YDR463W,0,-5.211826,0.06831368058919907,0.36500000953674316,0.49779999256134033
YDR515W,YDR246W,0,-5.2120223,0.06830089539289474,0.36500000953674316,0.49790000915527344
YLL038C,YGR256W,0,-5.2126484,0.06828811764717102,0.36500000953674316,0.49799999594688416
YIL036W,YER012W,0,-5.2128477,0.0682753473520279,0.36500000953674316,0.49810001254081726
YBL022C,YDR218C,0,-5.2129183,0.06826257705688477,0.36500000953674316,0.498199999332428
YKL186C,YNL121C,0,-5.212941,0.06824981421232224,0.36500000953674316,0.4982999861240387
YDR384C,YJL198W,1,-5.2129726,0.06842400133609772,0.3659999966621399,0.4982999861240387
YEL022W,YDL051W,0,-5.2131395,0.0684112161397934,0.3659999966621399,0.4984000027179718
YGR247W,YDR283C,0,-5.213187,0.06839843094348907,0.3659999966621399,0.4984999895095825
YNR038W,YJL080C,0,-5.213233,0.06838565319776535,0.3659999966621399,0.4986000061035156
YCL031C,YGR005C,0,-5.2132697,0.06837287545204163,0.3659999966621399,0.49869999289512634
YDL164C,YIL037C,0,-5.2132964,0.0683601051568985,0.3659999966621399,0.49880000948905945
YOR080W,YMR188C,0,-5.2141047,0.06834734231233597,0.3659999966621399,0.49889999628067017
YGL247W,YIR019C,0,-5.2141185,0.06833457946777344,0.3659999966621399,0.49900001287460327
YOR025W,YLR320W,0,-5.214219,0.0683218240737915,0.3659999966621399,0.499099999666214
YPL248C,YGR239C,0,-5.21428,0.06830906867980957,0.3659999966621399,0.4991999864578247
YGL017W,YKL084W,0,-5.2143555,0.06829632073640823,0.3659999966621399,0.4993000030517578
YKL178C,YGL095C,0,-5.2146697,0.0682835802435875,0.3659999966621399,0.49939998984336853
YOR023C,YOL006C,0,-5.2147884,0.06827084720134735,0.3659999966621399,0.49950000643730164
YEL056W,YGR141W,0,-5.214915,0.06825811415910721,0.3659999966621399,0.49959999322891235
YLL011W,YER123W,0,-5.215002,0.06824538856744766,0.3659999966621399,0.49970000982284546
YGR224W,YDL245C,0,-5.215179,0.06823266297578812,0.3659999966621399,0.4997999966144562
YFR013W,YOL112W,0,-5.215292,0.06821994483470917,0.3659999966621399,0.4999000132083893
YMR211W,YLR045C,0,-5.2155466,0.06820723414421082,0.3659999966621399,0.5
YGL174W,YOR074C,0,-5.215551,0.06819452345371246,0.3659999966621399,0.5001000165939331
YLL009C,YCR098C,1,-5.2158775,0.0683681070804596,0.367000013589859,0.5001000165939331
YBR278W,YKL182W,0,-5.2159557,0.06835537403821945,0.367000013589859,0.5001999735832214
YKL220C,YDR456W,1,-5.215987,0.06852886080741882,0.36800000071525574,0.5001999735832214
YJL010C,YNL267W,0,-5.216042,0.06851610541343689,0.36800000071525574,0.5002999901771545
YLR304C,YLR206W,0,-5.2164116,0.06850335001945496,0.36800000071525574,0.5004000067710876
YGR134W,YMR113W,0,-5.2165365,0.06849060207605362,0.36800000071525574,0.5005000233650208
YOR008C,YAL001C,0,-5.2166185,0.06847785413265228,0.36800000071525574,0.5005999803543091
YBR091C,YDL190C,0,-5.216833,0.06846511363983154,0.36800000071525574,0.5006999969482422
YCR010C,YNL055C,1,-5.216978,0.0686383917927742,0.36899998784065247,0.5006999969482422
YBL033C,YOR106W,0,-5.217049,0.06862562894821167,0.36899998784065247,0.5008000135421753
YPR005C,YHR086W,0,-5.2170625,0.06861286610364914,0.36899998784065247,0.5008999705314636
YJL019W,YJL054W,0,-5.2171574,0.0686001107096672,0.36899998784065247,0.5009999871253967
YOR136W,YGL013C,0,-5.217393,0.06858736276626587,0.36899998784065247,0.5011000037193298
YDR088C,YOR027W,0,-5.21771,0.06857461482286453,0.36899998784065247,0.5012000203132629
YBR110W,YLR055C,0,-5.2182717,0.06856187433004379,0.36899998784065247,0.5012999773025513
YGR180C,YDL224C,0,-5.218521,0.06854913383722305,0.36899998784065247,0.5013999938964844
YPR133C,YOR081C,0,-5.2185626,0.06853640079498291,0.36899998784065247,0.5015000104904175
YML081C-A,YLL027W,1,-5.218661,0.06870938092470169,0.3700000047683716,0.5015000104904175
YOR316C,YLR130C,1,-5.2188063,0.0688822865486145,0.3709999918937683,0.5015000104904175
YBR215W,YGL014W,0,-5.218854,0.06886950135231018,0.3709999918937683,0.5016000270843506
YOR058C,YKR022C,0,-5.2190533,0.06885671615600586,0.3709999918937683,0.5016999840736389
YOR316C,YBR296C,1,-5.2192764,0.06902950257062912,0.3720000088214874,0.5016999840736389
YOR335C,YBL040C,0,-5.2193127,0.06901669502258301,0.3720000088214874,0.501800000667572
YKL179C,YLR249W,0,-5.219344,0.06900389492511749,0.3720000088214874,0.5019000172615051
YMR203W,YHR012W,0,-5.2193527,0.06899109482765198,0.3720000088214874,0.5019999742507935
YKL101W,YCR060W,0,-5.219574,0.06897830218076706,0.3720000088214874,0.5020999908447266
YOR363C,YIL129C,0,-5.219673,0.06896551698446274,0.3720000088214874,0.5022000074386597
YLR394W,YMR270C,0,-5.2197733,0.06895273178815842,0.3720000088214874,0.5023000240325928
YPR165W,YML005W,0,-5.219851,0.06893995404243469,0.3720000088214874,0.5023999810218811
YOR321W,YOL121C,0,-5.21995,0.06892718374729156,0.3720000088214874,0.5024999976158142
YFL016C,YPL026C,0,-5.2199774,0.06891441345214844,0.3720000088214874,0.5026000142097473
YLR242C,YJR026W,0,-5.220022,0.06890165060758591,0.3720000088214874,0.5026999711990356
YLR025W,YOR179C,0,-5.220109,0.06888888776302338,0.3720000088214874,0.5027999877929688
YLL016W,YLR337C,0,-5.220696,0.06887613236904144,0.3720000088214874,0.5029000043869019
YPR002W,YDR359C,0,-5.220706,0.0688633844256401,0.3720000088214874,0.503000020980835
YPL200W,YPL045W,0,-5.2207236,0.06885063648223877,0.3720000088214874,0.5030999779701233
YKL120W,YNL055C,1,-5.220862,0.06902294605970383,0.37299999594688416,0.5030999779701233
YGR253C,YGR044C,0,-5.221317,0.0690101757645607,0.37299999594688416,0.5031999945640564
YCL052C,YML049C,0,-5.2213783,0.06899741291999817,0.37299999594688416,0.5033000111579895
YKL022C,YFL059W,0,-5.2217445,0.06898465007543564,0.37299999594688416,0.5034000277519226
YOL066C,YDL140C,0,-5.2219405,0.0689718946814537,0.37299999594688416,0.5034999847412109
YGL006W,YNL055C,1,-5.2219467,0.06914401799440384,0.37400001287460327,0.5034999847412109
YGL166W,YOR245C,0,-5.222041,0.06913124024868011,0.37400001287460327,0.503600001335144
YBL084C,YOR127W,0,-5.2223167,0.06911846250295639,0.37400001287460327,0.5037000179290771
YJL033W,YNR017W,0,-5.222349,0.06910569220781326,0.37400001287460327,0.5037999749183655
YCR098C,YML123C,1,-5.222535,0.06927766650915146,0.375,0.5037999749183655
YIR041W,YOR297C,0,-5.222601,0.06926486641168594,0.375,0.5038999915122986
YLR051C,YBL034C,0,-5.2227144,0.06925208121538162,0.375,0.5040000081062317
YIL085C,YNL244C,0,-5.2230473,0.0692392885684967,0.375,0.5041000247001648
YDR421W,YGR030C,0,-5.223141,0.06922651082277298,0.375,0.5041999816894531
YDL116W,YOL011W,0,-5.2232313,0.06921373307704926,0.375,0.5042999982833862
YDR343C,YJL026W,0,-5.2232647,0.06920096278190613,0.375,0.5044000148773193
YML061C,YOR157C,0,-5.2235594,0.069188192486763,0.375,0.5044999718666077
YOL012C,YKL042W,0,-5.2236924,0.06917542964220047,0.375,0.5045999884605408
YBR217W,YLR228C,0,-5.2237396,0.06916267424821854,0.375,0.5047000050544739
YJR104C,YIL173W,0,-5.2238197,0.0691499188542366,0.375,0.504800021648407
YBR040W,YDL051W,0,-5.224024,0.06913717091083527,0.375,0.5048999786376953
YGR166W,YMR140W,0,-5.224284,0.06912442296743393,0.375,0.5049999952316284
YDL140C,YDR057W,0,-5.224433,0.06911168247461319,0.375,0.5051000118255615
YOR112W,YOR295W,0,-5.2247257,0.06909894943237305,0.375,0.5052000284194946
YAR002C-A,YDL079C,0,-5.225176,0.0690862163901329,0.375,0.505299985408783
YLR016C,YNL102W,0,-5.225234,0.06907349079847336,0.375,0.5054000020027161
YGR222W,YNR006W,0,-5.2254663,0.06906077265739441,0.375,0.5055000185966492
YOR037W,YGL018C,0,-5.2254953,0.06904805451631546,0.375,0.5055999755859375
YOL005C,YPL239W,0,-5.2255225,0.06903534382581711,0.375,0.5056999921798706
YNL161W,YER024W,0,-5.225622,0.06902264058589935,0.375,0.5058000087738037
YPL200W,YBL061C,0,-5.2257295,0.0690099373459816,0.375,0.5059000253677368
YNL135C,YLR268W,0,-5.2258387,0.06899724155664444,0.375,0.5059999823570251
YBL030C,YDR189W,0,-5.225936,0.06898454576730728,0.375,0.5060999989509583
YER142C,YMR190C,0,-5.2260423,0.06897185742855072,0.375,0.5062000155448914
YJL124C,YKL089W,0,-5.226043,0.06895917654037476,0.375,0.5062999725341797
YLL027W,YOR137C,1,-5.2260895,0.06913035362958908,0.37599998712539673,0.5062999725341797
YBR020W,YDR077W,0,-5.2261686,0.06911765038967133,0.37599998712539673,0.5063999891281128
YLR403W,YNL064C,0,-5.2264156,0.06910494714975357,0.37599998712539673,0.5065000057220459
YGL213C,YDR451C,0,-5.2268,0.06909224390983582,0.37599998712539673,0.506600022315979
YNR038W,YPR046W,0,-5.2269387,0.06907954812049866,0.37599998712539673,0.5066999793052673
YGL012W,YNL290W,0,-5.227051,0.0690668597817421,0.37599998712539673,0.5067999958992004
YLR006C,YDR285W,0,-5.2273464,0.06905417889356613,0.37599998712539673,0.5069000124931335
YLR295C,YJR121W,1,-5.2275076,0.06922511756420135,0.37700000405311584,0.5069000124931335
YIL115C,YLR340W,0,-5.227841,0.069212406873703,0.37700000405311584,0.5070000290870667
YOR388C,YNL281W,0,-5.2279286,0.06919970363378525,0.37700000405311584,0.507099986076355
YEL018W,YJL129C,0,-5.2281885,0.06918700784444809,0.37700000405311584,0.5072000026702881
YKL084W,YAL032C,0,-5.228252,0.06917431205511093,0.37700000405311584,0.5073000192642212
YDR437W,YDL134C,0,-5.2283154,0.06916162371635437,0.37700000405311584,0.5073999762535095
YBL045C,YNL199C,0,-5.22862,0.06914893537759781,0.37700000405311584,0.5074999928474426
YLR371W,YEL020W-A,0,-5.2286735,0.06913625448942184,0.37700000405311584,0.5076000094413757
YOR127W,YBL034C,0,-5.2286816,0.06912358105182648,0.37700000405311584,0.5077000260353088
YOR321W,YOR057W,0,-5.228774,0.06911090761423111,0.37700000405311584,0.5077999830245972
YGR257C,YBR295W,1,-5.229026,0.06928152590990067,0.3779999911785126,0.5077999830245972
YER117W,YLR354C,0,-5.2290726,0.06926883012056351,0.3779999911785126,0.5078999996185303
YDL101C,YDR309C,0,-5.2293057,0.06925613433122635,0.3779999911785126,0.5080000162124634
YJL146W,YOR346W,0,-5.229514,0.06924345344305038,0.3779999911785126,0.5080999732017517
YOL156W,YDL134C,0,-5.2295847,0.06923077255487442,0.3779999911785126,0.5081999897956848
YOR157C,YLR398C,0,-5.229653,0.06921809166669846,0.3779999911785126,0.5083000063896179
YML059C,YDR235W,0,-5.2296963,0.06920541822910309,0.3779999911785126,0.508400022983551
YDL208W,YMR077C,0,-5.2297277,0.06919275224208832,0.3779999911785126,0.5084999799728394
YPL021W,YDR507C,0,-5.2297907,0.06918008625507355,0.3779999911785126,0.5085999965667725
YOR140W,YMR088C,0,-5.2301188,0.06916742771863937,0.3779999911785126,0.5087000131607056
YNR033W,YHR161C,0,-5.2303867,0.0691547766327858,0.3779999911785126,0.5088000297546387
YOL111C,YJR009C,0,-5.230793,0.06914212554693222,0.3779999911785126,0.508899986743927
YDR113C,YKL122C,0,-5.2308664,0.06912948191165924,0.3779999911785126,0.5090000033378601
YGL209W,YDR393W,0,-5.231094,0.06911683827638626,0.3779999911785126,0.5091000199317932
YNL059C,YNR059W,0,-5.231108,0.06910420209169388,0.3779999911785126,0.5091999769210815
YMR246W,YNL201C,0,-5.2311172,0.06909157335758209,0.3779999911785126,0.5092999935150146
YML057W,YER169W,0,-5.231565,0.0690789446234703,0.3779999911785126,0.5094000101089478
YKR038C,YCL032W,0,-5.2319107,0.06906632333993912,0.3779999911785126,0.5095000267028809
YLR201C,YBR260C,0,-5.2319317,0.06905370950698853,0.3779999911785126,0.5095999836921692
YER087C-A,YLR410W,0,-5.2322364,0.06904109567403793,0.3779999911785126,0.5097000002861023
YPL254W,YPL213W,0,-5.232249,0.06902848929166794,0.3779999911785126,0.5098000168800354
YMR267W,YOR151C,0,-5.2323847,0.06901588290929794,0.3779999911785126,0.5098999738693237
YKL212W,YGL232W,0,-5.2325964,0.06900328397750854,0.3779999911785126,0.5099999904632568
YBR084W,YKR059W,0,-5.2326736,0.06899069249629974,0.3779999911785126,0.5101000070571899
YLL009C,YOR334W,1,-5.2329545,0.0691605806350708,0.3790000081062317,0.5101000070571899
YER032W,YNL222W,0,-5.2331977,0.06914796680212021,0.3790000081062317,0.510200023651123
YAL015C,YKL055C,0,-5.233285,0.06913535296916962,0.3790000081062317,0.5102999806404114
YGR044C,YGR197C,0,-5.2335396,0.06912274658679962,0.3790000081062317,0.5103999972343445
YGL187C,YBR077C,0,-5.233596,0.06911014020442963,0.3790000081062317,0.5105000138282776
YBL079W,YLR448W,0,-5.23365,0.06909754127264023,0.3790000081062317,0.5105999708175659
YJL094C,YNL142W,1,-5.233655,0.06926722824573517,0.3799999952316284,0.5105999708175659
YML065W,YCR077C,0,-5.2338185,0.06925459951162338,0.3799999952316284,0.510699987411499
YLR318W,YGL097W,0,-5.2339497,0.06924198567867279,0.3799999952316284,0.5108000040054321
YOL156W,YNL218W,0,-5.2340674,0.0692293643951416,0.3799999952316284,0.5109000205993652
YPL093W,YBR254C,0,-5.234108,0.0692167580127716,0.3799999952316284,0.5109999775886536
YMR143W,YDR472W,0,-5.2341223,0.06920415163040161,0.3799999952316284,0.5110999941825867
YBR258C,YER024W,0,-5.2342353,0.06919155269861221,0.3799999952316284,0.5112000107765198
YHR007C,YGL018C,0,-5.234309,0.06917895376682281,0.3799999952316284,0.5113000273704529
YGR162W,YDL217C,0,-5.2343607,0.06916636228561401,0.3799999952316284,0.5113999843597412
YLL009C,YHR050W,1,-5.234458,0.06933575868606567,0.38100001215934753,0.5113999843597412
YMR167W,YGL067W,0,-5.234521,0.06932314485311508,0.38100001215934753,0.5115000009536743
YBL022C,YJL222W,0,-5.2346687,0.06931053102016449,0.38100001215934753,0.5116000175476074
YDL022W,YEL031W,0,-5.234921,0.0692979246377945,0.38100001215934753,0.5116999745368958
YLL043W,YDR120C,0,-5.2349367,0.0692853257060051,0.38100001215934753,0.5117999911308289
YJR057W,YHR123W,0,-5.2353983,0.0692727267742157,0.38100001215934753,0.511900007724762
YLR141W,YKL126W,0,-5.2354565,0.0692601352930069,0.38100001215934753,0.5120000243186951
YHR165C,YPL258C,0,-5.2354965,0.0692475438117981,0.38100001215934753,0.5120999813079834
YAL012W,YBR213W,0,-5.2357426,0.06923495978116989,0.38100001215934753,0.5121999979019165
YML092C,YGL112C,0,-5.235879,0.06922238320112228,0.38100001215934753,0.5123000144958496
YOR386W,YMR125W,0,-5.236243,0.06920980662107468,0.38100001215934753,0.5123999714851379
YDR179C,YAL025C,0,-5.236476,0.06919723749160767,0.38100001215934753,0.512499988079071
YOR224C,YGR251W,0,-5.236574,0.06918467581272125,0.38100001215934753,0.5126000046730042
YGR257C,YBR024W,1,-5.2365875,0.06935366988182068,0.38199999928474426,0.5126000046730042
YDR284C,YGL062W,0,-5.236915,0.06934107840061188,0.38199999928474426,0.5127000212669373
YPR025C,YMR227C,0,-5.23709,0.06932849436998367,0.38199999928474426,0.5127999782562256
YJR083C,YLR157C,0,-5.2372174,0.06931591033935547,0.38199999928474426,0.5128999948501587
YOL003C,YDL135C,0,-5.2373114,0.06930334120988846,0.38199999928474426,0.5130000114440918
YBR279W,YOL031C,0,-5.237401,0.06929076462984085,0.38199999928474426,0.5131000280380249
YER155C,YPL157W,0,-5.2374344,0.06927820295095444,0.38199999928474426,0.5131999850273132
YJL001W,YIL126W,0,-5.2375793,0.06926564127206802,0.38199999928474426,0.5133000016212463
YNL288W,YOL149W,0,-5.2377815,0.06925307959318161,0.38199999928474426,0.5134000182151794
YHR081W,YCR081W,0,-5.237813,0.06924053281545639,0.38199999928474426,0.5134999752044678
YKL021C,YMR129W,0,-5.2380514,0.06922797858715057,0.38199999928474426,0.5135999917984009
YNL055C,YBR024W,1,-5.2381163,0.06939662992954254,0.382999986410141,0.5135999917984009
YOL078W,YBR168W,0,-5.238443,0.06938406080007553,0.382999986410141,0.513700008392334
YKL022C,YFR050C,0,-5.238778,0.06937149167060852,0.382999986410141,0.5138000249862671
YMR075W,YGL011C,0,-5.2388153,0.0693589299917221,0.382999986410141,0.5138999819755554
YJR070C,YIL139C,0,-5.2388463,0.0693463683128357,0.382999986410141,0.5139999985694885
YLR035C,YMR305C,0,-5.239032,0.06933381408452988,0.382999986410141,0.5141000151634216
YDR130C,YPR051W,0,-5.2391806,0.06932126730680466,0.382999986410141,0.51419997215271
YNL262W,YCR057C,0,-5.239189,0.06930872052907944,0.382999986410141,0.5142999887466431
YNR016C,YMR210W,0,-5.239205,0.06929618120193481,0.382999986410141,0.5144000053405762
YKR003W,YJR104C,0,-5.2393923,0.06928364932537079,0.382999986410141,0.5145000219345093
YBR043C,YBR118W,0,-5.2399416,0.06927111744880676,0.382999986410141,0.5145999789237976
YDR407C,YMR302C,0,-5.240006,0.06925859302282333,0.382999986410141,0.5146999955177307
YBR170C,YKR037C,0,-5.2400417,0.0692460685968399,0.382999986410141,0.5148000121116638
YGR218W,YFR030W,0,-5.2400537,0.06923355162143707,0.382999986410141,0.5149000287055969
YOL130W,YPR067W,1,-5.240141,0.06940177083015442,0.3840000033378601,0.5149000287055969
YBR135W,YDR398W,0,-5.240286,0.0693892315030098,0.3840000033378601,0.5149999856948853
YPL174C,YFR037C,0,-5.240434,0.06937669217586517,0.3840000033378601,0.5151000022888184
YMR161W,YOL042W,0,-5.240735,0.06936416029930115,0.3840000033378601,0.5152000188827515
YIR021W,YGR285C,0,-5.240794,0.06935163587331772,0.3840000033378601,0.5152999758720398
YJR064W,YBR131W,0,-5.24081,0.06933911144733429,0.3840000033378601,0.5153999924659729
YPL161C,YFL002C,0,-5.2411036,0.06932659447193146,0.3840000033378601,0.515500009059906
YGR088W,YOR363C,0,-5.241268,0.06931407749652863,0.3840000033378601,0.5156000256538391
YDR168W,YMR263W,0,-5.241521,0.06930156797170639,0.3840000033378601,0.5156999826431274
YPL021W,YBR231C,0,-5.241539,0.06928906589746475,0.3840000033378601,0.5157999992370605
YBR193C,YLR010C,0,-5.2416735,0.06927656382322311,0.3840000033378601,0.5159000158309937
YGL017W,YCR020C,0,-5.2418094,0.06926406919956207,0.3840000033378601,0.515999972820282
YGL063W,YKL034W,0,-5.2421436,0.06925157457590103,0.3840000033378601,0.5160999894142151
YNL259C,YLR411W,1,-5.242563,0.06941939890384674,0.38499999046325684,0.5160999894142151
YBR215W,YGR152C,0,-5.242654,0.0694068893790245,0.38499999046325684,0.5162000060081482
YPR074C,YOR338W,0,-5.2429686,0.06939437985420227,0.38499999046325684,0.5163000226020813
YPL169C,YHR152W,0,-5.2432837,0.06938187032938004,0.38499999046325684,0.5163999795913696
YGL090W,YDR312W,0,-5.2434464,0.0693693682551384,0.38499999046325684,0.5164999961853027
YDL101C,YDR236C,0,-5.2435093,0.06935687363147736,0.38499999046325684,0.5166000127792358
YBR217W,YCR083W,0,-5.2436914,0.06934437900781631,0.38499999046325684,0.516700029373169
YDR178W,YPL214C,0,-5.2437153,0.06933189183473587,0.38499999046325684,0.5167999863624573
YGL120C,YER117W,0,-5.2438154,0.06931941211223602,0.38499999046325684,0.5169000029563904
YLR060W,YIL077C,0,-5.244006,0.06930693238973618,0.38499999046325684,0.5170000195503235
YNL286W,YJL076W,0,-5.2440863,0.06929446011781693,0.38499999046325684,0.5170999765396118
YOR319W,YGR086C,0,-5.2443633,0.06928198784589767,0.38499999046325684,0.5171999931335449
YPL231W,YNL253W,0,-5.244692,0.06926952302455902,0.38499999046325684,0.517300009727478
YJL210W,YPL065W,0,-5.244764,0.06925705820322037,0.38499999046325684,0.5174000263214111
YER026C,YOL071W,0,-5.2448163,0.06924460083246231,0.38499999046325684,0.5174999833106995
YGR135W,YFR005C,0,-5.2448616,0.06923215091228485,0.38499999046325684,0.5175999999046326
YFR027W,YLR056W,0,-5.244993,0.06921970844268799,0.38499999046325684,0.5177000164985657
YGL190C,YFL045C,0,-5.245035,0.06920726597309113,0.38499999046325684,0.517799973487854
YGL254W,YJL117W,1,-5.2451143,0.06937455385923386,0.38600000739097595,0.517799973487854
YPL078C,YLR214W,1,-5.245204,0.06954178214073181,0.3869999945163727,0.517799973487854
YGL256W,YLR314C,0,-5.2452307,0.06952928751707077,0.3869999945163727,0.5178999900817871
YML047C,YDR259C,0,-5.2452936,0.06951679289340973,0.3869999945163727,0.5180000066757202
YIL149C,YNL073W,0,-5.2456737,0.06950431317090988,0.3869999945163727,0.5181000232696533
YDR421W,YMR266W,0,-5.2457104,0.06949183344841003,0.3869999945163727,0.5181999802589417
YER114C,YMR048W,0,-5.2458177,0.06947935372591019,0.3869999945163727,0.5182999968528748
YGL120C,YPL083C,0,-5.24588,0.06946688145399094,0.3869999945163727,0.5184000134468079
YNL307C,YGR222W,0,-5.246176,0.06945441663265228,0.3869999945163727,0.5184999704360962
YGR278W,YOR295W,0,-5.2464237,0.06944195181131363,0.3869999945163727,0.5185999870300293
YOL127W,YDR175C,0,-5.2469616,0.06942949444055557,0.3869999945163727,0.5187000036239624
YIL132C,YDR030C,0,-5.247034,0.06941703706979752,0.3869999945163727,0.5188000202178955
YGL143C,YDR080W,0,-5.2470465,0.06940459460020065,0.3869999945163727,0.5188999772071838
YEL016C,YBL051C,0,-5.247118,0.0693921446800232,0.3869999945163727,0.5189999938011169
YLR080W,YLL038C,0,-5.247136,0.06937970966100693,0.3869999945163727,0.51910001039505
YPL274W,YPL218W,0,-5.247198,0.06936726719141006,0.3869999945163727,0.5192000269889832
YHR175W,YDR040C,1,-5.2472124,0.0695340484380722,0.3880000114440918,0.5192000269889832
YGR175C,YML025C,0,-5.247361,0.06952159106731415,0.3880000114440918,0.5192999839782715
YOL130W,YCR098C,1,-5.2474284,0.06968828290700912,0.3889999985694885,0.5192999839782715
YJL010C,YBR231C,0,-5.2477055,0.06967580318450928,0.3889999985694885,0.5194000005722046
YNL129W,YCR027C,0,-5.2477827,0.06966332346200943,0.3889999985694885,0.5195000171661377
YOR334W,YLR092W,1,-5.248,0.06982990354299545,0.38999998569488525,0.5195000171661377
YEL027W,YKL120W,1,-5.248066,0.0699964165687561,0.39100000262260437,0.5195000171661377
YOR109W,YBL080C,0,-5.248317,0.06998389214277267,0.39100000262260437,0.519599974155426
YKL013C,YHR152W,0,-5.2484293,0.06997136771678925,0.39100000262260437,0.5196999907493591
YJL019W,YKL012W,0,-5.248475,0.06995885074138641,0.39100000262260437,0.5198000073432922
YAL044C,YOR147W,0,-5.248519,0.06994633376598358,0.39100000262260437,0.5199000239372253
YGL254W,YGL008C,1,-5.248728,0.0701126828789711,0.3919999897480011,0.5199000239372253
YNL009W,YJL139C,0,-5.248967,0.07010014355182648,0.3919999897480011,0.5199999809265137
YPL270W,YER012W,0,-5.249013,0.07008761167526245,0.3919999897480011,0.5200999975204468
YMR097C,YDR265W,0,-5.249066,0.07007507979869843,0.3919999897480011,0.5202000141143799
YLL002W,YNL236W,0,-5.2491884,0.070062555372715,0.3919999897480011,0.5202999711036682
YCR048W,YER009W,0,-5.2493143,0.07005003839731216,0.3919999897480011,0.5203999876976013
YNL041C,YEL016C,0,-5.2494717,0.07003752142190933,0.3919999897480011,0.5205000042915344
YMR212C,YOL003C,0,-5.249735,0.0700250118970871,0.3919999897480011,0.5206000208854675
YIL150C,YHR001W,0,-5.2497807,0.07001250237226486,0.3919999897480011,0.5206999778747559
YEL036C,YFR033C,0,-5.24981,0.07000000029802322,0.3919999897480011,0.520799994468689
YER001W,YIR002C,0,-5.249954,0.06998750567436218,0.3919999897480011,0.5209000110626221
YNL106C,YKR053C,0,-5.2499895,0.06997501105070114,0.3919999897480011,0.5210000276565552
YBR093C,YLR337C,0,-5.2500205,0.0699625164270401,0.3919999897480011,0.5210999846458435
YDL051W,YML062C,0,-5.2500453,0.06995003670454025,0.3919999897480011,0.5212000012397766
YBR196C,YDR435C,0,-5.2500553,0.0699375569820404,0.3919999897480011,0.5213000178337097
YLR071C,YDR246W,0,-5.250099,0.06992507725954056,0.3919999897480011,0.521399974822998
YJL187C,YMR284W,0,-5.2501354,0.0699126124382019,0.3919999897480011,0.5214999914169312
YKR063C,YLL002W,0,-5.2501736,0.06990014016628265,0.3919999897480011,0.5216000080108643
YNL164C,YMR260C,0,-5.2501907,0.0698876827955246,0.3919999897480011,0.5217000246047974
YNL219C,YML061C,0,-5.2502117,0.06987522542476654,0.3919999897480011,0.5217999815940857
YBL040C,YDL185W,0,-5.2505226,0.06986276805400848,0.3919999897480011,0.5218999981880188
YJL209W,YIL147C,0,-5.2506566,0.06985031813383102,0.3919999897480011,0.5220000147819519
YPR185W,YOL108C,0,-5.250714,0.06983787566423416,0.3919999897480011,0.5220999717712402
YFR046C,YNL075W,0,-5.250716,0.0698254331946373,0.3919999897480011,0.5221999883651733
YOL051W,YPL089C,0,-5.2507496,0.06981299817562103,0.3919999897480011,0.5223000049591064
YKL122C,YLR417W,0,-5.250812,0.06980057060718536,0.3919999897480011,0.5224000215530396
YLR170C,YOL091W,0,-5.2509165,0.0697881430387497,0.3919999897480011,0.5224999785423279
YPL170W,YDR342C,0,-5.2511864,0.06977572292089462,0.3919999897480011,0.522599995136261
YGR103W,YPR161C,0,-5.251283,0.06976330280303955,0.3919999897480011,0.5227000117301941
YBR041W,YJL140W,0,-5.2514153,0.06975089013576508,0.3919999897480011,0.5228000283241272
YMR280C,YDR225W,0,-5.2515945,0.0697384774684906,0.3919999897480011,0.5228999853134155
YBL069W,YGL018C,0,-5.2516828,0.06972607970237732,0.3919999897480011,0.5230000019073486
YBL105C,YGR253C,0,-5.2520676,0.06971367448568344,0.3919999897480011,0.5231000185012817
YBR273C,YPL019C,0,-5.2520895,0.06970127671957016,0.3919999897480011,0.5231999754905701
YLR319C,YLR055C,0,-5.252158,0.06968888640403748,0.3919999897480011,0.5232999920845032
YLR206W,YMR106C,0,-5.2522163,0.06967650353908539,0.3919999897480011,0.5234000086784363
YHR013C,YPL133C,0,-5.252224,0.0696641206741333,0.3919999897480011,0.5235000252723694
YML118W,YFR050C,0,-5.2525244,0.06965173780918121,0.3919999897480011,0.5235999822616577
YCL024W,YNL221C,0,-5.252593,0.06963936984539032,0.3919999897480011,0.5236999988555908
YHR190W,YGR249W,0,-5.2526355,0.06962700188159943,0.3919999897480011,0.5238000154495239
YGL063W,YER147C,0,-5.252636,0.06961463391780853,0.3919999897480011,0.5238999724388123
YCR065W,YIL147C,0,-5.252697,0.06960227340459824,0.3919999897480011,0.5239999890327454
YHR068W,YPL151C,0,-5.2527933,0.06958991289138794,0.3919999897480011,0.5241000056266785
YLR015W,YGL004C,0,-5.252798,0.06957756727933884,0.3919999897480011,0.5242000222206116
YBL002W,YLR249W,0,-5.25288,0.06956521421670914,0.3919999897480011,0.5242999792098999
YMR288W,YKL058W,0,-5.253415,0.06955287605524063,0.3919999897480011,0.524399995803833
YHL003C,YOR256C,0,-5.2535586,0.06954053789377213,0.3919999897480011,0.5245000123977661
YNL148C,YLR378C,0,-5.253598,0.06952819973230362,0.3919999897480011,0.5246000289916992
YHR107C,YHL003C,0,-5.2536345,0.06951586902141571,0.3919999897480011,0.5246999859809875
YKL113C,YLR039C,0,-5.253645,0.0695035457611084,0.3919999897480011,0.5248000025749207
YKL144C,YEL057C,0,-5.253808,0.06949122250080109,0.3919999897480011,0.5249000191688538
YNL123W,YKL082C,0,-5.254011,0.06947890669107437,0.3919999897480011,0.5249999761581421
YDR268W,YBR077C,0,-5.254528,0.06946659833192825,0.3919999897480011,0.5250999927520752
YMR202W,YDR235W,0,-5.25454,0.06945428997278214,0.3919999897480011,0.5252000093460083
YMR270C,YNL263C,0,-5.2546544,0.06944198161363602,0.3919999897480011,0.5253000259399414
YKL028W,YOR295W,0,-5.2547293,0.06942968815565109,0.3919999897480011,0.5253999829292297
YEL015W,YGL192W,0,-5.2547727,0.06941738724708557,0.3919999897480011,0.5254999995231628
YEL029C,YNL103W,0,-5.2548485,0.06940510123968124,0.3919999897480011,0.525600016117096
YJL095W,YOR373W,0,-5.2549067,0.06939281523227692,0.3919999897480011,0.5256999731063843
YDR096W,YMR161W,0,-5.2550955,0.06938052922487259,0.3919999897480011,0.5257999897003174
YBR260C,YOR119C,0,-5.2550993,0.06936825066804886,0.3919999897480011,0.5259000062942505
YPL018W,YEL041W,0,-5.2552714,0.06935597956180573,0.3919999897480011,0.5260000228881836
YDR055W,YMR030W,0,-5.255665,0.06934370845556259,0.3919999897480011,0.5260999798774719
YNR057C,YML062C,0,-5.255665,0.06933144479990005,0.3919999897480011,0.526199996471405
YHR039C,YOL090W,0,-5.2557135,0.06931918859481812,0.3919999897480011,0.5263000130653381
YAL002W,YNL263C,0,-5.255764,0.06930693238973618,0.3919999897480011,0.5264000296592712
YPL093W,YDR159W,0,-5.2559624,0.06929467618465424,0.3919999897480011,0.5264999866485596
YDL160C,YOL138C,0,-5.256277,0.06928243488073349,0.3919999897480011,0.5266000032424927
YDL185W,YOR162C,0,-5.2563753,0.06927018612623215,0.3919999897480011,0.5267000198364258
YER174C,YDR116C,0,-5.256423,0.069257952272892,0.3919999897480011,0.5267999768257141
YML025C,YOR064C,0,-5.2564964,0.06924571841955185,0.3919999897480011,0.5268999934196472
YJR150C,YGR249W,0,-5.2565255,0.0692334845662117,0.3919999897480011,0.5270000100135803
YGL240W,YNL070W,0,-5.2566404,0.06922125816345215,0.3919999897480011,0.5271000266075134
YGL133W,YER042W,0,-5.2568736,0.0692090392112732,0.3919999897480011,0.5271999835968018
YDR158W,YGR195W,0,-5.256934,0.06919682025909424,0.3919999897480011,0.5273000001907349
YPL241C,YLR138W,0,-5.2569714,0.06918460875749588,0.3919999897480011,0.527400016784668
YDR130C,YKL188C,0,-5.257038,0.06917240470647812,0.3919999897480011,0.5274999737739563
YPR034W,YOR129C,0,-5.2570515,0.06916020065546036,0.3919999897480011,0.5275999903678894
YGR037C,YBL093C,0,-5.2571793,0.0691479966044426,0.3919999897480011,0.5277000069618225
YOR347C,YHR079C-A,0,-5.2571836,0.06913580000400543,0.3919999897480011,0.5278000235557556
YBR059C,YIR041W,0,-5.2575455,0.06912361085414886,0.3919999897480011,0.527899980545044
YBR131W,YPL139C,0,-5.2575827,0.0691114217042923,0.3919999897480011,0.527999997138977
YKL152C,YMR236W,0,-5.2577405,0.06909924000501633,0.3919999897480011,0.5281000137329102
YDL045C,YGR229C,0,-5.2577815,0.06908706575632095,0.3919999897480011,0.5281999707221985
YBL069W,YJL183W,0,-5.257855,0.06907489150762558,0.3919999897480011,0.5282999873161316
YLL050C,YKL055C,0,-5.2579527,0.0690627172589302,0.3919999897480011,0.5284000039100647
YGR212W,YGL243W,0,-5.2582116,0.06905055791139603,0.3919999897480011,0.5285000205039978
YDR043C,YDL019C,0,-5.258403,0.06903839111328125,0.3919999897480011,0.5285999774932861
YNL099C,YGR128C,0,-5.2585754,0.06902623921632767,0.3919999897480011,0.5286999940872192
YNL311C,YOL128C,0,-5.2592077,0.06901408731937408,0.3919999897480011,0.5288000106811523
YOL059W,YPL131W,0,-5.2592216,0.0690019354224205,0.3919999897480011,0.5289000272750854
YKR087C,YDR292C,0,-5.25928,0.06898979097604752,0.3919999897480011,0.5289999842643738
YHL047C,YOL027C,1,-5.259391,0.06915361434221268,0.3930000066757202,0.5289999842643738
YAL054C,YDR388W,0,-5.259394,0.0691414475440979,0.3930000066757202,0.5291000008583069
YJL192C,YMR179W,0,-5.2593946,0.06912928819656372,0.3930000066757202,0.52920001745224
YCR010C,YBR296C,1,-5.2594976,0.06929299980401993,0.39399999380111694,0.52920001745224
YJL207C,YPR198W,0,-5.2597766,0.06928081810474396,0.39399999380111694,0.5292999744415283
YAL025C,YOL045W,0,-5.2598014,0.06926863640546799,0.39399999380111694,0.5293999910354614
YKL059C,YCL032W,0,-5.2598367,0.06925646215677261,0.39399999380111694,0.5295000076293945
YNL136W,YLL043W,0,-5.259843,0.06924428790807724,0.39399999380111694,0.5296000242233276
YHR191C,YNL079C,0,-5.2598715,0.06923212110996246,0.39399999380111694,0.529699981212616
YDR160W,YLR301W,0,-5.2602034,0.06921995431184769,0.39399999380111694,0.5297999978065491
YPL028W,YOL031C,0,-5.2603955,0.0692078024148941,0.39399999380111694,0.5299000144004822
YBR161W,YHL009C,0,-5.260639,0.06919564306735992,0.39399999380111694,0.5299999713897705
YCL059C,YDR181C,0,-5.2606707,0.06918349117040634,0.39399999380111694,0.5300999879837036
YOL111C,YMR016C,0,-5.2606835,0.06917134672403336,0.39399999380111694,0.5302000045776367
YGL247W,YOR040W,0,-5.260888,0.06915920972824097,0.39399999380111694,0.5303000211715698
YGL089C,YOR069W,0,-5.260922,0.06914707273244858,0.39399999380111694,0.5303999781608582
YKL135C,YIL132C,0,-5.2618446,0.06913493573665619,0.39399999380111694,0.5304999947547913
YLR376C,YFL038C,0,-5.2619143,0.0691228061914444,0.39399999380111694,0.5306000113487244
YLR411W,YPR067W,1,-5.262188,0.06928609311580658,0.39500001072883606,0.5306000113487244
YFL045C,YDL235C,0,-5.2621894,0.069273941218853,0.39500001072883606,0.5307000279426575
YOL078W,YFR008W,0,-5.262231,0.06926178932189941,0.39500001072883606,0.5307999849319458
YNL001W,YBR170C,0,-5.262265,0.06924965232610703,0.39500001072883606,0.5309000015258789
YJR094C,YOL006C,0,-5.2624817,0.06923750787973404,0.39500001072883606,0.531000018119812
YIL062C,YNL230C,0,-5.2628937,0.06922537833452225,0.39500001072883606,0.5310999751091003
YLR319C,YPR182W,0,-5.263089,0.06921324878931046,0.39500001072883606,0.5311999917030334
YEL061C,YGL151W,0,-5.263155,0.06920111924409866,0.39500001072883606,0.5313000082969666
YDL093W,YLR221C,0,-5.2632475,0.06918899714946747,0.39500001072883606,0.5314000248908997
YGR257C,YOR137C,1,-5.2633433,0.06935201585292816,0.3959999978542328,0.5314000248908997
YIL002C,YOR064C,0,-5.263438,0.06933987140655518,0.3959999978542328,0.531499981880188
YOR198C,YOR008C,0,-5.263461,0.06932773441076279,0.3959999978542328,0.5315999984741211
YCR098C,YKL120W,1,-5.2639885,0.06949063390493393,0.3970000147819519,0.5315999984741211
YPR122W,YNL133C,0,-5.264473,0.06947847455739975,0.3970000147819519,0.5317000150680542
YNL075W,YLR453C,0,-5.2644825,0.06946631520986557,0.3970000147819519,0.5317999720573425
YNL029C,YIL048W,0,-5.2646246,0.06945416331291199,0.3970000147819519,0.5318999886512756
YNL164C,YDR503C,0,-5.264654,0.0694420114159584,0.3970000147819519,0.5320000052452087
YIL140W,YDR011W,0,-5.26473,0.06942986696958542,0.3970000147819519,0.5321000218391418
YGR191W,YNL055C,1,-5.2648096,0.06959258764982224,0.39800000190734863,0.5321000218391418
YBL084C,YNL126W,0,-5.264862,0.06958042085170746,0.39800000190734863,0.5321999788284302
YLR220W,YOL138C,0,-5.2649336,0.06956825405359268,0.39800000190734863,0.5322999954223633
YCR072C,YOR307C,0,-5.264968,0.0695561021566391,0.39800000190734863,0.5324000120162964
YJR160C,YNL231C,0,-5.2650065,0.06954394280910492,0.39800000190734863,0.5325000286102295
YPR005C,YMR026C,0,-5.26515,0.06953179836273193,0.39800000190734863,0.5325999855995178
YPR178W,YHR205W,0,-5.265195,0.06951965391635895,0.39800000190734863,0.5327000021934509
YNL257C,YPR140W,0,-5.2651987,0.06950750946998596,0.39800000190734863,0.532800018787384
YFR050C,YLR039C,0,-5.2655764,0.06949537247419357,0.39800000190734863,0.5328999757766724
YJR069C,YGL014W,0,-5.2656374,0.06948324292898178,0.39800000190734863,0.5329999923706055
YGR097W,YIL051C,0,-5.2659516,0.06947111338376999,0.39800000190734863,0.5331000089645386
YGL192W,YLR011W,0,-5.2659955,0.0694589912891388,0.39800000190734863,0.5332000255584717
YKL054C,YKL014C,0,-5.266059,0.0694468691945076,0.39800000190734863,0.53329998254776
YLL050C,YPL244C,0,-5.266425,0.069434754550457,0.39800000190734863,0.5333999991416931
YJR064W,YJL168C,0,-5.2664843,0.0694226399064064,0.39800000190734863,0.5335000157356262
YBR131W,YMR089C,0,-5.266782,0.0694105327129364,0.39800000190734863,0.5335999727249146
YML080W,YNL263C,0,-5.2669663,0.069398432970047,0.39800000190734863,0.5336999893188477
YNR058W,YDR335W,0,-5.2669773,0.06938633322715759,0.39800000190734863,0.5338000059127808
YFL022C,YBR004C,0,-5.267193,0.06937424093484879,0.39800000190734863,0.5339000225067139
YGL150C,YML034W,0,-5.267238,0.06936214864253998,0.39800000190734863,0.5339999794960022
YBL079W,YGL011C,0,-5.267334,0.06935006380081177,0.39800000190734863,0.5340999960899353
YFL034C-B,YDR172W,0,-5.267374,0.06933797895908356,0.39800000190734863,0.5342000126838684
YBR015C,YDR515W,0,-5.2674704,0.06932590156793594,0.39800000190734863,0.5343000292778015
YJL008C,YKL101W,0,-5.2676997,0.06931383162736893,0.39800000190734863,0.5343999862670898
YPL028W,YBR165W,0,-5.2677174,0.06930176168680191,0.39800000190734863,0.534500002861023
YDR312W,YNL070W,0,-5.267743,0.0692896917462349,0.39800000190734863,0.534600019454956
YBL097W,YML047C,0,-5.2679915,0.06927762925624847,0.39800000190734863,0.5346999764442444
YFL041W,YKL120W,1,-5.268299,0.0694396123290062,0.39899998903274536,0.5346999764442444
YKL135C,YIL010W,0,-5.2686787,0.06942752748727798,0.39899998903274536,0.5347999930381775
YNL245C,YDR429C,0,-5.268998,0.06941545009613037,0.39899998903274536,0.5349000096321106
YMR150C,YMR075W,0,-5.2690907,0.06940337270498276,0.39899998903274536,0.5350000262260437
YCL004W,YDR292C,0,-5.2690973,0.06939130276441574,0.39899998903274536,0.535099983215332
YOL108C,YDR439W,0,-5.269308,0.06937924027442932,0.39899998903274536,0.5351999998092651
YDR176W,YPL214C,0,-5.2696557,0.0693671777844429,0.39899998903274536,0.5353000164031982
YPL112C,YOR332W,0,-5.2696714,0.06935512274503708,0.39899998903274536,0.5353999733924866
YGR254W,YOR040W,0,-5.2697473,0.06934306770563126,0.39899998903274536,0.5354999899864197
YMR199W,YBR083W,0,-5.2698183,0.06933102011680603,0.39899998903274536,0.5356000065803528
YGR008C,YIL023C,1,-5.2700634,0.06949270516633987,0.4000000059604645,0.5356000065803528
YNL328C,YOR003W,0,-5.2701674,0.06948063522577286,0.4000000059604645,0.5357000231742859
YEL061C,YDR463W,0,-5.270239,0.06946856528520584,0.4000000059604645,0.5357999801635742
YKR036C,YLR229C,0,-5.270386,0.06945650279521942,0.4000000059604645,0.5358999967575073
YBL099W,YDR038C,1,-5.27059,0.06961805373430252,0.4009999930858612,0.5358999967575073
YGL017W,YOR011W,0,-5.270918,0.06960596889257431,0.4009999930858612,0.5360000133514404
YNL048W,YLR320W,0,-5.270945,0.0695938915014267,0.4009999930858612,0.5360999703407288
YDL106C,YIL061C,0,-5.2709465,0.06958181411027908,0.4009999930858612,0.5361999869346619
YMR247C,YMR293C,0,-5.271059,0.06956974416971207,0.4009999930858612,0.536300003528595
YER167W,YOR266W,0,-5.2714796,0.06955767422914505,0.4009999930858612,0.5364000201225281
YLR342W,YDR398W,0,-5.271615,0.06954561173915863,0.4009999930858612,0.5364999771118164
YPL140C,YPL047W,0,-5.2716155,0.06953354924917221,0.4009999930858612,0.5365999937057495
YHL036W,YLR466W,0,-5.2717495,0.06952149420976639,0.4009999930858612,0.5367000102996826
YNL290W,YCL033C,0,-5.2718143,0.06950944662094116,0.4009999930858612,0.5368000268936157
YMR011W,YMR239C,0,-5.272438,0.06949739903211594,0.4009999930858612,0.536899983882904
YOL017W,YPR009W,0,-5.272526,0.06948535889387131,0.4009999930858612,0.5370000004768372
YEL029C,YJL001W,0,-5.272812,0.06947331875562668,0.4009999930858612,0.5371000170707703
YLR135W,YPL210C,0,-5.273075,0.06946128606796265,0.4009999930858612,0.5371999740600586
YBL025W,YJR127C,0,-5.27318,0.06944925338029861,0.4009999930858612,0.5372999906539917
YKL203C,YKL035W,0,-5.2731996,0.06943722814321518,0.4009999930858612,0.5374000072479248
YBR004C,YOL020W,0,-5.2732916,0.06942521035671234,0.4009999930858612,0.5375000238418579
YPL196W,YML038C,0,-5.273429,0.0694131925702095,0.4009999930858612,0.5375999808311462
YPL153C,YPL176C,0,-5.2734323,0.06940117478370667,0.4009999930858612,0.5376999974250793
YFR053C,YDR314C,0,-5.273456,0.06938916444778442,0.4009999930858612,0.5378000140190125
YMR199W,YBR193C,0,-5.273538,0.06937716156244278,0.4009999930858612,0.5378999710083008
YOR174W,YFL059W,0,-5.2735853,0.06936515867710114,0.4009999930858612,0.5379999876022339
YIL014W,YCR084C,0,-5.273656,0.06935316324234009,0.4009999930858612,0.538100004196167
YNL119W,YPR168W,0,-5.2738624,0.06934117525815964,0.4009999930858612,0.5382000207901001
YKL054C,YLR233C,0,-5.2741337,0.06932918727397919,0.4009999930858612,0.5382999777793884
YNR030W,YGR040W,0,-5.274149,0.06931719928979874,0.4009999930858612,0.5383999943733215
YBR026C,YOL110W,0,-5.2742643,0.06930521875619888,0.4009999930858612,0.5385000109672546
YPR193C,YCR014C,0,-5.2743216,0.06929324567317963,0.4009999930858612,0.5386000275611877
YNL172W,YDR365C,0,-5.274366,0.06928127259016037,0.4009999930858612,0.5386999845504761
YLR013W,YGR040W,0,-5.2746477,0.06926930695772171,0.4009999930858612,0.5388000011444092
YER008C,YAR008W,0,-5.274679,0.06925734132528305,0.4009999930858612,0.5389000177383423
YER028C,YPR140W,0,-5.2747016,0.06924538314342499,0.4009999930858612,0.5389999747276306
YLL009C,YOR137C,1,-5.274772,0.06940607726573944,0.4020000100135803,0.5389999747276306
YMR067C,YIL135C,0,-5.274939,0.06939409673213959,0.4020000100135803,0.5390999913215637
YMR319C,YGL006W,1,-5.275155,0.06955470889806747,0.40299999713897705,0.5390999913215637
YHR118C,YML027W,0,-5.2754426,0.06954270601272583,0.40299999713897705,0.5392000079154968
YPL055C,YOR287C,0,-5.275565,0.06953071057796478,0.40299999713897705,0.5393000245094299
YBL084C,YDR381W,0,-5.276126,0.06951871514320374,0.40299999713897705,0.5393999814987183
YPR137W,YDR389W,0,-5.276437,0.06950672715902328,0.40299999713897705,0.5394999980926514
YDR511W,YLR051C,0,-5.27657,0.06949473917484283,0.40299999713897705,0.5396000146865845
YDR377W,YGR121C,1,-5.2766037,0.0696551725268364,0.40400001406669617,0.5396000146865845
YBL014C,YDR449C,0,-5.2768135,0.06964316219091415,0.40400001406669617,0.5396999716758728
YNL291C,YJR077C,1,-5.276848,0.06980351358652115,0.4050000011920929,0.5396999716758728
YCR075C,YKL196C,0,-5.27686,0.06979148834943771,0.4050000011920929,0.5397999882698059
YOR040W,YCR033W,0,-5.277012,0.06977946311235428,0.4050000011920929,0.539900004863739
YJR127C,YOR014W,0,-5.2773604,0.06976744532585144,0.4050000011920929,0.5400000214576721
YDR183W,YKL125W,0,-5.277456,0.0697554275393486,0.4050000011920929,0.5400999784469604
YOR316C,YOR137C,1,-5.277505,0.06991562247276306,0.4059999883174896,0.5400999784469604
YPL125W,YPR075C,0,-5.277524,0.06990358233451843,0.4059999883174896,0.5401999950408936
YKL092C,YPR188C,0,-5.27757,0.0698915496468544,0.4059999883174896,0.5403000116348267
YOR198C,YJR059W,0,-5.2775784,0.06987951695919037,0.4059999883174896,0.5404000282287598
YDL137W,YNL253W,0,-5.2776117,0.06986749172210693,0.4059999883174896,0.5404999852180481
YLR430W,YKL081W,0,-5.277755,0.0698554739356041,0.4059999883174896,0.5406000018119812
YDR384C,YDR322C-A,1,-5.277772,0.07001548260450363,0.40700000524520874,0.5406000018119812
YLR380W,YJL010C,0,-5.2778025,0.070003442466259,0.40700000524520874,0.5407000184059143
YAL023C,YBR253W,0,-5.277889,0.06999140232801437,0.40700000524520874,0.5407999753952026
YPR171W,YKL108W,0,-5.2781153,0.06997936964035034,0.40700000524520874,0.5408999919891357
YNL325C,YJR112W,0,-5.278184,0.06996733695268631,0.40700000524520874,0.5410000085830688
YJL165C,YJL062W,0,-5.2783747,0.06995531171560287,0.40700000524520874,0.541100025177002
YDR411C,YLR442C,0,-5.2785983,0.06994328647851944,0.40700000524520874,0.5411999821662903
YLR107W,YPL089C,0,-5.278775,0.0699312686920166,0.40700000524520874,0.5412999987602234
YBR161W,YLR378C,0,-5.2788,0.06991925835609436,0.40700000524520874,0.5414000153541565
YJL094C,YBR296C,1,-5.278835,0.0700790137052536,0.40799999237060547,0.5414000153541565
YHR034C,YDR045C,0,-5.2789288,0.07006697356700897,0.40799999237060547,0.5414999723434448
YKL028W,YOR129C,0,-5.279006,0.07005494832992554,0.40799999237060547,0.5415999889373779
YGL119W,YJR127C,0,-5.2795143,0.0700429156422615,0.40799999237060547,0.541700005531311
YCL055W,YDL201W,0,-5.2796383,0.07003089785575867,0.40799999237060547,0.5418000221252441
YBR039W,YDL181W,1,-5.2796535,0.07019048929214478,0.4090000092983246,0.5418000221252441
YDR296W,YGL068W,0,-5.2798,0.07017844915390015,0.4090000092983246,0.5418999791145325
YNL258C,YCR020C-A,0,-5.2798,0.07016640901565552,0.4090000092983246,0.5419999957084656
YKL021C,YDR164C,0,-5.279922,0.07015437632799149,0.4090000092983246,0.5421000123023987
YGR238C,YGR178C,0,-5.280212,0.07014234364032745,0.4090000092983246,0.5422000288963318
YDR179C,YMR078C,0,-5.280255,0.07013031840324402,0.4090000092983246,0.5422999858856201
YMR219W,YBL005W,0,-5.280555,0.07011829316616058,0.4090000092983246,0.5424000024795532
YOR335C,YBL085W,0,-5.2807207,0.07010627537965775,0.4090000092983246,0.5425000190734863
YJL111W,YOR143C,0,-5.280738,0.07009425759315491,0.4090000092983246,0.5425999760627747
YDR268W,YML061C,0,-5.280855,0.07008224725723267,0.4090000092983246,0.5426999926567078
YGL005C,YNL049C,0,-5.280905,0.07007024437189102,0.4090000092983246,0.5428000092506409
YOR354C,YIL073C,0,-5.2812824,0.07005824148654938,0.4090000092983246,0.542900025844574
YGR112W,YKL196C,0,-5.2814083,0.07004623860120773,0.4090000092983246,0.5429999828338623
YPR105C,YDL200C,0,-5.281764,0.07003424316644669,0.4090000092983246,0.5430999994277954
YNL201C,YKL203C,0,-5.281993,0.07002225518226624,0.4090000092983246,0.5432000160217285
YDR365C,YKL144C,0,-5.2821264,0.07001026719808578,0.4090000092983246,0.5432999730110168
YOR381W,YPR067W,1,-5.2822704,0.07016943395137787,0.4099999964237213,0.5432999730110168
YHR181W,YPR107C,0,-5.282368,0.07015742361545563,0.4099999964237213,0.54339998960495
YER143W,YNL287W,0,-5.2825184,0.07014542073011398,0.4099999964237213,0.5435000061988831
YEL022W,YHR066W,0,-5.2826157,0.07013342529535294,0.4099999964237213,0.5436000227928162
YER146W,YEL016C,0,-5.2826443,0.07012142986059189,0.4099999964237213,0.5436999797821045
YDR301W,YFR030W,0,-5.2826552,0.07010944187641144,0.4099999964237213,0.5437999963760376
YJL198W,YIL114C,1,-5.282712,0.0702684223651886,0.41100001335144043,0.5437999963760376
YAR015W,YLR234W,0,-5.28284,0.07025641202926636,0.41100001335144043,0.5439000129699707
YKL146W,YOL013C,0,-5.282977,0.07024440169334412,0.41100001335144043,0.5440000295639038
YNL182C,YLR032W,0,-5.2831326,0.07023239880800247,0.41100001335144043,0.5440999865531921
YBR158W,YPR107C,0,-5.2832603,0.07022040337324142,0.41100001335144043,0.5442000031471252
YHR091C,YDL046W,0,-5.2834444,0.07020840793848038,0.41100001335144043,0.5443000197410583
YGL090W,YKL034W,0,-5.283704,0.07019641250371933,0.41100001335144043,0.5443999767303467
YNL048W,YMR241W,0,-5.2839136,0.07018442451953888,0.41100001335144043,0.5444999933242798
YGL252C,YOR344C,0,-5.283969,0.07017244398593903,0.41100001335144043,0.5446000099182129
YPR072W,YDR120C,0,-5.284018,0.07016046345233917,0.41100001335144043,0.544700026512146
YJL092W,YJR043C,0,-5.284091,0.07014849036931992,0.41100001335144043,0.5447999835014343
YPR067W,YLR092W,1,-5.2841415,0.0703071653842926,0.41200000047683716,0.5447999835014343
YKR019C,YHL024W,0,-5.284544,0.07029516994953156,0.41200000047683716,0.5449000000953674
YGR239C,YML013W,0,-5.284607,0.0702831819653511,0.41200000047683716,0.5450000166893005
YLR214W,YGL167C,1,-5.2848144,0.07044175267219543,0.4129999876022339,0.5450000166893005
YPR051W,YLR016C,0,-5.284856,0.0704297423362732,0.4129999876022339,0.5450999736785889
YNL042W,YDR330W,0,-5.2848854,0.07041773200035095,0.4129999876022339,0.545199990272522
YEL069C,YHR039C-A,0,-5.284933,0.07040572911500931,0.4129999876022339,0.5453000068664551
YDR110W,YOL043C,0,-5.284944,0.07039372622966766,0.4129999876022339,0.5454000234603882
YDR320C,YLL040C,0,-5.285008,0.07038173079490662,0.4129999876022339,0.5454999804496765
YLR095C,YNL119W,0,-5.2851257,0.07036974281072617,0.4129999876022339,0.5455999970436096
YOR208W,YML127W,0,-5.285445,0.07035775482654572,0.4129999876022339,0.5457000136375427
YML102W,YGL219C,0,-5.2857995,0.07034576684236526,0.4129999876022339,0.545799970626831
YPL241C,YML095C,0,-5.285904,0.07033378630876541,0.4129999876022339,0.5458999872207642
YJL035C,YPL063W,0,-5.2859592,0.07032181322574615,0.4129999876022339,0.5460000038146973
YPL231W,YDR517W,0,-5.2861433,0.0703098401427269,0.4129999876022339,0.5461000204086304
YDR300C,YPR074C,0,-5.2863364,0.07029787451028824,0.4129999876022339,0.5461999773979187
YMR219W,YMR016C,0,-5.286337,0.07028590887784958,0.4129999876022339,0.5462999939918518
YPL227C,YHR043C,0,-5.2863626,0.07027395069599152,0.4129999876022339,0.5464000105857849
YOL013C,YBL006C,0,-5.2867217,0.07026199251413345,0.4129999876022339,0.546500027179718
YPR073C,YJR074W,0,-5.2867703,0.07025004178285599,0.4129999876022339,0.5465999841690063
YNL103W,YOR332W,0,-5.286794,0.07023809850215912,0.4129999876022339,0.5467000007629395
YNL281W,YLR386W,0,-5.2871,0.07022615522146225,0.4129999876022339,0.5468000173568726
YPR023C,YFR027W,0,-5.2871847,0.07021421194076538,0.4129999876022339,0.5468999743461609
YPL241C,YGL144C,0,-5.2872653,0.07020227611064911,0.4129999876022339,0.546999990940094
YLR208W,YPL203W,0,-5.287361,0.07019034773111343,0.4129999876022339,0.5471000075340271
YDR240C,YDR065W,0,-5.2875013,0.07017841935157776,0.4129999876022339,0.5472000241279602
YLR085C,YPL128C,0,-5.2875314,0.07016649842262268,0.4129999876022339,0.5472999811172485
YFL034C-B,YDR071C,0,-5.28757,0.0701545774936676,0.4129999876022339,0.5473999977111816
YDR322C-A,YIL023C,1,-5.287676,0.0703125,0.414000004529953,0.5473999977111816
YJL183W,YPL233W,0,-5.287717,0.07030055671930313,0.414000004529953,0.5475000143051147
YOR319W,YER148W,0,-5.2877626,0.07028862833976746,0.414000004529953,0.5475999712944031
YDL213C,YER147C,0,-5.2879167,0.07027669250965118,0.414000004529953,0.5476999878883362
YJL074C,YJL192C,0,-5.2879734,0.07026476413011551,0.414000004529953,0.5478000044822693
YHL040C,YDR270W,1,-5.2881727,0.07042253762483597,0.41499999165534973,0.5478000044822693
YMR211W,YBL022C,0,-5.288412,0.0704105868935585,0.41499999165534973,0.5479000210762024
YLR035C,YKL051W,0,-5.288434,0.07039864361286163,0.41499999165534973,0.5479999780654907
YGR256W,YOL138C,0,-5.2885985,0.07038670033216476,0.41499999165534973,0.5480999946594238
YLR319C,YIL051C,0,-5.288768,0.07037476450204849,0.41499999165534973,0.5482000112533569
YAL054C,YDR483W,0,-5.2888823,0.07036283612251282,0.41499999165534973,0.54830002784729
YKR061W,YBL017C,0,-5.289341,0.07035090774297714,0.41499999165534973,0.5483999848365784
YDR055W,YNL253W,0,-5.2894125,0.07033897936344147,0.41499999165534973,0.5485000014305115
YGR185C,YKR042W,0,-5.289472,0.07032706588506699,0.41499999165534973,0.5486000180244446
YMR133W,YHR152W,0,-5.2894793,0.07031514495611191,0.41499999165534973,0.5486999750137329
YHR107C,YBR272C,0,-5.2894998,0.07030323892831802,0.41499999165534973,0.548799991607666
YDR016C,YMR201C,0,-5.2895355,0.07029132544994354,0.41499999165534973,0.5489000082015991
YHR086W,YPL196W,0,-5.289681,0.07027942687273026,0.41499999165534973,0.5490000247955322
YDL236W,YGL063W,0,-5.289735,0.07026752084493637,0.41499999165534973,0.5490999817848206
YHR190W,YGL127C,0,-5.289874,0.07025562971830368,0.41499999165534973,0.5491999983787537
YEL061C,YBR091C,0,-5.2899103,0.07024373859167099,0.41499999165534973,0.5493000149726868
YFL009W,YEL012W,0,-5.290199,0.0702318474650383,0.41499999165534973,0.5493999719619751
YLR390W-A,YHR039C,0,-5.290305,0.0702199637889862,0.41499999165534973,0.5494999885559082
YER145C,YOR334W,1,-5.290452,0.07037726044654846,0.41600000858306885,0.5494999885559082
YCR035C,YBL061C,0,-5.290626,0.07036536186933517,0.41600000858306885,0.5496000051498413
YDR272W,YLR052W,0,-5.290654,0.07035345584154129,0.41600000858306885,0.5497000217437744
YGL018C,YOR266W,0,-5.290823,0.0703415647149086,0.41600000858306885,0.5497999787330627
YDR189W,YLR316C,0,-5.2909784,0.07032967358827591,0.41600000858306885,0.5498999953269958
YJL116C,YDL185W,0,-5.291174,0.07031778246164322,0.41600000858306885,0.550000011920929
YNL136W,YJL134W,0,-5.2912054,0.07030589878559113,0.41600000858306885,0.5501000285148621
YNR044W,YBR253W,0,-5.291317,0.07029401510953903,0.41600000858306885,0.5501999855041504
YKL053C-A,YDR113C,0,-5.291335,0.07028213888406754,0.41600000858306885,0.5503000020980835
YHR015W,YGR172C,0,-5.291627,0.07027027010917664,0.41600000858306885,0.5504000186920166
YDR173C,YOL065C,0,-5.291767,0.07025840133428574,0.41600000858306885,0.5504999756813049
YPL046C,YLR154C,0,-5.292082,0.07024654000997543,0.41600000858306885,0.550599992275238
YHR190W,YLL061W,0,-5.292224,0.07023467868566513,0.41600000858306885,0.5507000088691711
YOR195W,YEL031W,0,-5.2922707,0.07022282481193542,0.41600000858306885,0.5508000254631042
YJL062W,YOL116W,0,-5.292341,0.07021097093820572,0.41600000858306885,0.5508999824523926
YPL048W,YML059C,0,-5.292541,0.07019912451505661,0.41600000858306885,0.5509999990463257
YPR135W,YFL059W,0,-5.2926545,0.0701872780919075,0.41600000858306885,0.5511000156402588
YKL214C,YLR003C,0,-5.292655,0.07017543911933899,0.41600000858306885,0.5511999726295471
YNL149C,YDR472W,0,-5.292703,0.07016360014677048,0.41600000858306885,0.5512999892234802
YIL034C,YGL130W,0,-5.2930984,0.07015176862478256,0.41600000858306885,0.5514000058174133
YPR187W,YBR127C,0,-5.293111,0.07013994455337524,0.41600000858306885,0.5515000224113464
YJR057W,YFL024C,0,-5.293147,0.07012812048196793,0.41600000858306885,0.5515999794006348
YGR078C,YKL056C,0,-5.293227,0.07011629641056061,0.41600000858306885,0.5516999959945679
YOR181W,YGL226C-A,0,-5.293244,0.07010447978973389,0.41600000858306885,0.551800012588501
YPL069C,YPL140C,0,-5.2932873,0.07009267061948776,0.41600000858306885,0.5519000291824341
YIL076W,YOL055C,0,-5.2934055,0.07008086144924164,0.41600000858306885,0.5519999861717224
YBR022W,YPL239W,0,-5.2934113,0.07006905972957611,0.41600000858306885,0.5521000027656555
YNR043W,YNL317W,0,-5.293476,0.07005725800991058,0.41600000858306885,0.5522000193595886
YOR299W,YIL112W,0,-5.2935605,0.07004546374082565,0.41600000858306885,0.552299976348877
YHL040C,YKL064W,1,-5.2935677,0.07020202279090881,0.4169999957084656,0.552299976348877
YKL059C,YKR001C,0,-5.2936077,0.07019020617008209,0.4169999957084656,0.5523999929428101
YDR082W,YOR083W,0,-5.2940893,0.07017838954925537,0.4169999957084656,0.5525000095367432
YNL283C,YNL045W,0,-5.294409,0.07016658037900925,0.4169999957084656,0.5526000261306763
YML126C,YDR150W,0,-5.294599,0.07015477865934372,0.4169999957084656,0.5526999831199646
YOL156W,YKL051W,0,-5.294619,0.07014297693967819,0.4169999957084656,0.5527999997138977
YDR170C,YNL064C,0,-5.294969,0.07013118267059326,0.4169999957084656,0.5529000163078308
YGL253W,YHR158C,0,-5.295354,0.07011938840150833,0.4169999957084656,0.5529999732971191
YIL040W,YKR081C,0,-5.2954726,0.070107601583004,0.4169999957084656,0.5530999898910522
YJL179W,YJL156C,0,-5.296504,0.07009581476449966,0.4169999957084656,0.5532000064849854
YKL149C,YDL045C,0,-5.296588,0.07008403539657593,0.4169999957084656,0.5533000230789185
YLR035C,YOL144W,0,-5.2968693,0.07007225602865219,0.4169999957084656,0.5533999800682068
YPR008W,YMR179W,0,-5.2970934,0.07006048411130905,0.4169999957084656,0.5534999966621399
YBR009C,YJR019C,0,-5.2971287,0.07004871219396591,0.4169999957084656,0.553600013256073
YOL158C,YDR276C,1,-5.2976027,0.07020490616559982,0.4180000126361847,0.553600013256073
YOL156W,YBR195C,0,-5.2980766,0.07019311189651489,0.4180000126361847,0.5536999702453613
YER149C,YOR315W,0,-5.298234,0.07018133252859116,0.4180000126361847,0.5537999868392944
YJL101C,YNR023W,0,-5.2982965,0.07016954571008682,0.4180000126361847,0.5539000034332275
YPR176C,YMR288W,0,-5.298321,0.07015777379274368,0.4180000126361847,0.5540000200271606
YLR131C,YKR063C,0,-5.2985706,0.07014599442481995,0.4180000126361847,0.554099977016449
YBR213W,YGL229C,0,-5.299295,0.0701342299580574,0.4180000126361847,0.5541999936103821
YGR284C,YPL190C,0,-5.299476,0.07012246549129486,0.4180000126361847,0.5543000102043152
YDR030C,YDR359C,0,-5.2995415,0.07011070102453232,0.4180000126361847,0.5544000267982483
YCR098C,YBR037C,1,-5.299652,0.07026664167642593,0.4189999997615814,0.5544000267982483
YBR039W,YKL120W,1,-5.299711,0.07042253762483597,0.41999998688697815,0.5544000267982483
YLR052W,YML049C,0,-5.2998743,0.07041072845458984,0.41999998688697815,0.5544999837875366
YML132W,YDR058C,0,-5.2999287,0.07039892673492432,0.41999998688697815,0.5546000003814697
YHR052W,YOR144C,0,-5.2999916,0.07038713246583939,0.41999998688697815,0.5547000169754028
YGR059W,YGR128C,0,-5.300028,0.07037533819675446,0.41999998688697815,0.5547999739646912
YGL144C,YEL031W,0,-5.300145,0.07036354392766953,0.41999998688697815,0.5548999905586243
YLL027W,YGR257C,1,-5.300181,0.07051926106214523,0.42100000381469727,0.5548999905586243
YPR006C,YIL115C,0,-5.30042,0.07050745189189911,0.42100000381469727,0.5550000071525574
YDR116C,YPR113W,0,-5.3008785,0.07049564272165298,0.42100000381469727,0.5551000237464905
YER183C,YOL051W,0,-5.3008943,0.07048384100198746,0.42100000381469727,0.5551999807357788
YJL024C,YDR254W,0,-5.3009434,0.07047204673290253,0.42100000381469727,0.5552999973297119
YGL120C,YPR173C,0,-5.301091,0.0704602524638176,0.42100000381469727,0.555400013923645
YDL024C,YJR091C,0,-5.301202,0.07044845819473267,0.42100000381469727,0.5554999709129333
YKL016C,YNL291C,1,-5.3012934,0.07060398161411285,0.421999990940094,0.5554999709129333
YBR288C,YOL051W,0,-5.3013954,0.07059217244386673,0.421999990940094,0.5555999875068665
YGR003W,YDR378C,0,-5.3016787,0.0705803632736206,0.421999990940094,0.5557000041007996
YNR010W,YBR065C,0,-5.3018928,0.07056856155395508,0.421999990940094,0.5558000206947327
YDL028C,YJL143W,0,-5.302011,0.07055675983428955,0.421999990940094,0.555899977684021
YDL192W,YPR093C,0,-5.302156,0.07054496556520462,0.421999990940094,0.5559999942779541
YKL165C,YJL186W,0,-5.302237,0.07053317874670029,0.421999990940094,0.5561000108718872
YLL035W,YAL047C,0,-5.3023024,0.07052139192819595,0.421999990940094,0.5562000274658203
YBR278W,YMR212C,0,-5.3023806,0.07050960510969162,0.421999990940094,0.5562999844551086
YFL022C,YIL105C,0,-5.3023977,0.07049782574176788,0.421999990940094,0.5564000010490417
YJR150C,YMR219W,0,-5.3025985,0.07048605382442474,0.421999990940094,0.5565000176429749
YER032W,YNL318C,0,-5.302642,0.0704742819070816,0.421999990940094,0.5565999746322632
YPR034W,YKR101W,0,-5.302931,0.07046251744031906,0.421999990940094,0.5566999912261963
YIL049W,YGL181W,0,-5.3029327,0.07045075297355652,0.421999990940094,0.5568000078201294
YDL208W,YDL098C,0,-5.3030334,0.07043898850679398,0.421999990940094,0.5569000244140625
YER159C,YIL149C,0,-5.303114,0.07042723894119263,0.421999990940094,0.5569999814033508
YNL002C,YNL107W,0,-5.303338,0.07041548192501068,0.421999990940094,0.5570999979972839
YGL011C,YMR005W,0,-5.303586,0.07040373980998993,0.421999990940094,0.557200014591217
YBL005W,YDR279W,0,-5.303972,0.07039199024438858,0.421999990940094,0.5572999715805054
YBL097W,YCL055W,0,-5.3040285,0.07038025557994843,0.421999990940094,0.5573999881744385
YKL045W,YBR237W,0,-5.304142,0.07036852091550827,0.421999990940094,0.5575000047683716
YJR078W,YDL140C,0,-5.304338,0.07035678625106812,0.421999990940094,0.5576000213623047
YGL191W,YMR272C,0,-5.3043437,0.07034505903720856,0.421999990940094,0.557699978351593
YLR459W,YDR176W,0,-5.304535,0.070333331823349,0.421999990940094,0.5577999949455261
YLR052W,YNL312W,0,-5.304613,0.07032161206007004,0.421999990940094,0.5579000115394592
YPR046W,YDR529C,0,-5.304719,0.07030989974737167,0.421999990940094,0.5580000281333923
YPL048W,YHR023W,0,-5.3047223,0.07029818743467331,0.421999990940094,0.5580999851226807
YOR178C,YKL041W,0,-5.304856,0.07028647512197495,0.421999990940094,0.5582000017166138
YNL275W,YGL030W,0,-5.3049088,0.07027477025985718,0.421999990940094,0.5583000183105469
YGR167W,YMR208W,0,-5.304935,0.07026307284832001,0.421999990940094,0.5583999752998352
YOR080W,YOL005C,0,-5.3049507,0.07025137543678284,0.421999990940094,0.5584999918937683
YPL057C,YML025C,0,-5.3050985,0.07023967802524567,0.421999990940094,0.5586000084877014
YNL147W,YJL191W,0,-5.3052654,0.07022798806428909,0.421999990940094,0.5587000250816345
YCR047C,YPR179C,0,-5.305374,0.07021630555391312,0.421999990940094,0.5587999820709229
YGR191W,YBR296C,1,-5.3056583,0.07037098705768585,0.4230000078678131,0.5587999820709229
YGL180W,YOL003C,0,-5.3058486,0.07035928219556808,0.4230000078678131,0.558899998664856
YAL010C,YIL129C,0,-5.3062162,0.07034757733345032,0.4230000078678131,0.5590000152587891
YOL130W,YBR296C,1,-5.3066688,0.07050216197967529,0.42399999499320984,0.5590000152587891
YJR121W,YLR092W,1,-5.306681,0.07065669447183609,0.42500001192092896,0.5590000152587891
YER035W,YFR004W,0,-5.3067074,0.07064494490623474,0.42500001192092896,0.5590999722480774
YCR028C-A,YBR280C,0,-5.3067284,0.07063320279121399,0.42500001192092896,0.5591999888420105
YCR002C,YDL140C,0,-5.3069196,0.07062146812677383,0.42500001192092896,0.5593000054359436
YDR384C,YOL027C,1,-5.3071227,0.07077587395906448,0.4259999990463257,0.5593000054359436
YIL129C,YJR066W,0,-5.3072596,0.07076411694288254,0.4259999990463257,0.5594000220298767
YLR411W,YBR207W,1,-5.3072996,0.07091845571994781,0.4269999861717224,0.5594000220298767
YPR128C,YIL009C-A,0,-5.3074574,0.07090667635202408,0.4269999861717224,0.559499979019165
YIL042C,YGR009C,0,-5.307831,0.07089490443468094,0.4269999861717224,0.5595999956130981
YJL095W,YAL055W,0,-5.307933,0.0708831325173378,0.4269999861717224,0.5597000122070312
YNR044W,YIL131C,0,-5.308001,0.07087136805057526,0.4269999861717224,0.5598000288009644
YOL082W,YDL093W,0,-5.308103,0.07085961103439331,0.4269999861717224,0.5598999857902527
YPL096W,YDL235C,0,-5.3082027,0.07084785401821136,0.4269999861717224,0.5600000023841858
YLR368W,YFR033C,0,-5.3082666,0.07083609700202942,0.4269999861717224,0.5601000189781189
YGL191W,YNL131W,0,-5.30831,0.07082434743642807,0.4269999861717224,0.5601999759674072
YLR013W,YBL102W,0,-5.3083763,0.07081260532140732,0.4269999861717224,0.5602999925613403
YLR324W,YDL095W,0,-5.3084784,0.07080086320638657,0.4269999861717224,0.5604000091552734
YGR284C,YPR133C,0,-5.3086576,0.07078912109136581,0.4269999861717224,0.5605000257492065
YLR398C,YDR341C,0,-5.3087034,0.07077739387750626,0.4269999861717224,0.5605999827384949
YCR098C,YNL142W,1,-5.308952,0.07093138992786407,0.42800000309944153,0.5605999827384949
YLR131C,YMR280C,0,-5.3089685,0.07091963291168213,0.42800000309944153,0.560699999332428
YNL314W,YNR032W,0,-5.3089747,0.07090788334608078,0.42800000309944153,0.5608000159263611
YML126C,YER123W,0,-5.3091774,0.07089614123106003,0.42800000309944153,0.5608999729156494
YGR177C,YAL011W,0,-5.3097115,0.07088439911603928,0.42800000309944153,0.5609999895095825
YGR147C,YOL055C,0,-5.309949,0.07087266445159912,0.42800000309944153,0.5611000061035156
YDL078C,YGR063C,0,-5.310096,0.07086092978715897,0.42800000309944153,0.5612000226974487
YBR217W,YDL099W,0,-5.3101234,0.07084919512271881,0.42800000309944153,0.5612999796867371
YLR013W,YJL073W,0,-5.3102207,0.07083746790885925,0.42800000309944153,0.5613999962806702
YDL227C,YDR429C,0,-5.3102474,0.07082574814558029,0.42800000309944153,0.5615000128746033
YPR144C,YML055W,0,-5.3103065,0.07081402838230133,0.42800000309944153,0.5616000294685364
YJL058C,YOR174W,0,-5.3108387,0.07080231606960297,0.42800000309944153,0.5616999864578247
YPR201W,YEL027W,1,-5.3109612,0.07095600664615631,0.42899999022483826,0.5616999864578247
YDR110W,YDL244W,0,-5.311096,0.07094427198171616,0.42899999022483826,0.5618000030517578
YER114C,YHR203C,0,-5.311358,0.070932537317276,0.42899999022483826,0.5619000196456909
YKL185W,YPL274W,0,-5.311384,0.07092081010341644,0.42899999022483826,0.5619999766349792
YJR082C,YOR116C,0,-5.3115234,0.07090909034013748,0.42899999022483826,0.5620999932289124
YNR038W,YKL079W,0,-5.3117256,0.07089737057685852,0.42899999022483826,0.5622000098228455
YIL154C,YFR029W,0,-5.3117495,0.07088565826416016,0.42899999022483826,0.5623000264167786
YIL009C-A,YBR066C,0,-5.311949,0.07087394595146179,0.42899999022483826,0.5623999834060669
YDR511W,YPL156C,0,-5.3121586,0.07086224108934402,0.42899999022483826,0.5625
YJL207C,YHR165C,0,-5.3121786,0.07085053622722626,0.42899999022483826,0.5626000165939331
YHR158C,YNL071W,0,-5.3125615,0.07083883881568909,0.42899999022483826,0.5626999735832214
YIR041W,YGL112C,0,-5.3128815,0.07082714140415192,0.42899999022483826,0.5627999901771545
YKL054C,YIL065C,0,-5.312884,0.07081545144319534,0.42899999022483826,0.5629000067710876
YJR089W,YGL028C,0,-5.313102,0.07080376148223877,0.42899999022483826,0.5630000233650208
YKL049C,YGR212W,0,-5.313273,0.07079207897186279,0.42899999022483826,0.5630999803543091
YGL222C,YPR132W,0,-5.3137274,0.07078039646148682,0.42899999022483826,0.5631999969482422
YOL013C,YPL133C,0,-5.3137875,0.07076872140169144,0.42899999022483826,0.5633000135421753
YBR177C,YBR020W,0,-5.3139253,0.07075705379247665,0.42899999022483826,0.5633999705314636
YJR121W,YOR334W,1,-5.3140235,0.07091028988361359,0.4300000071525574,0.5633999705314636
YER044C,YPR002W,0,-5.314071,0.07089859992265701,0.4300000071525574,0.5634999871253967
YBR278W,YNR006W,0,-5.3142023,0.07088690996170044,0.4300000071525574,0.5636000037193298
YHR060W,YAL002W,0,-5.314513,0.07087522745132446,0.4300000071525574,0.5637000203132629
YBR196C,YPL206C,0,-5.314561,0.07086354494094849,0.4300000071525574,0.5637999773025513
YPR002W,YDL190C,0,-5.314707,0.0708518698811531,0.4300000071525574,0.5638999938964844
YMR025W,YIL131C,0,-5.314784,0.07084019482135773,0.4300000071525574,0.5640000104904175
YDR345C,YGR231C,0,-5.3149967,0.07082852721214294,0.4300000071525574,0.5641000270843506
YKL089W,YGR212W,0,-5.3150616,0.07081686705350876,0.4300000071525574,0.5641999840736389
YER145C,YDR456W,1,-5.315249,0.07096986472606659,0.4309999942779541,0.5641999840736389
YIR037W,YBR196C,0,-5.315466,0.07095818221569061,0.4309999942779541,0.564300000667572
YNL008C,YDR512C,0,-5.315621,0.07094649970531464,0.4309999942779541,0.5644000172615051
YLR158C,YPR054W,0,-5.3156404,0.07093482464551926,0.4309999942779541,0.5644999742507935
YAL012W,YNL099C,0,-5.315676,0.07092314958572388,0.4309999942779541,0.5645999908447266
YBR093C,YMR203W,0,-5.3158565,0.0709114819765091,0.4309999942779541,0.5647000074386597
YER166W,YER094C,0,-5.3160834,0.07089982181787491,0.4309999942779541,0.5648000240325928
YDR342C,YOL128C,0,-5.316146,0.07088815420866013,0.4309999942779541,0.5648999810218811
YDL192W,YGL039W,0,-5.316347,0.07087650150060654,0.4309999942779541,0.5649999976158142
YMR029C,YEL016C,0,-5.3166256,0.07086484879255295,0.4309999942779541,0.5651000142097473
YLR303W,YHL036W,0,-5.3167934,0.07085319608449936,0.4309999942779541,0.5651999711990356
YIL070C,YGL232W,0,-5.316982,0.07084155082702637,0.4309999942779541,0.5652999877929688
YPL100W,YAL020C,0,-5.3170586,0.07082991302013397,0.4309999942779541,0.5654000043869019
YDL164C,YGL200C,0,-5.3173594,0.07081826776266098,0.4309999942779541,0.565500020980835
YDR192C,YNR023W,0,-5.317709,0.07080663740634918,0.4309999942779541,0.5655999779701233
YDR162C,YPR054W,0,-5.317769,0.07079500705003738,0.4309999942779541,0.5656999945640564
YDR411C,YPL164C,0,-5.3179073,0.07078337669372559,0.4309999942779541,0.5658000111579895
YPL145C,YCR014C,0,-5.318083,0.07077175378799438,0.4309999942779541,0.5659000277519226
YPR201W,YGR257C,1,-5.318142,0.070924311876297,0.4320000112056732,0.5659000277519226
YEL027W,YDL181W,1,-5.31833,0.07107682526111603,0.43299999833106995,0.5659000277519226
YDR294C,YER005W,0,-5.3185396,0.07106515765190125,0.43299999833106995,0.5659999847412109
YOR180C,YER032W,0,-5.318758,0.07105349749326706,0.43299999833106995,0.566100001335144
YLR220W,YFL008W,0,-5.3187666,0.07104183733463287,0.43299999833106995,0.5662000179290771
YNL286W,YAL025C,0,-5.3189206,0.07103018462657928,0.43299999833106995,0.5662999749183655
YGL168W,YNR053C,0,-5.3189664,0.0710185319185257,0.43299999833106995,0.5663999915122986
YBR272C,YPL106C,0,-5.3191156,0.0710068866610527,0.43299999833106995,0.5665000081062317
YOL086C,YJL060W,0,-5.3192506,0.07099524140357971,0.43299999833106995,0.5666000247001648
YHR053C,YNL218W,0,-5.3195,0.07098360359668732,0.43299999833106995,0.5666999816894531
YDL236W,YMR137C,0,-5.3195653,0.07097197324037552,0.43299999833106995,0.5667999982833862
YDR273W,YKL055C,0,-5.3198004,0.07096034288406372,0.43299999833106995,0.5669000148773193
YBR110W,YLL043W,0,-5.319827,0.07094871252775192,0.43299999833106995,0.5669999718666077
YER056C,YER019W,0,-5.3199787,0.07093708962202072,0.43299999833106995,0.5670999884605408
YCL032W,YLR234W,0,-5.320138,0.07092547416687012,0.43299999833106995,0.5672000050544739
YLL036C,YOR143C,0,-5.320196,0.07091385871171951,0.43299999833106995,0.567300021648407
YBL006C,YIL017C,0,-5.320487,0.07090224325656891,0.43299999833106995,0.5673999786376953
YDR480W,YDR490C,0,-5.320808,0.0708906352519989,0.43299999833106995,0.5674999952316284
YER147C,YJL129C,0,-5.3211155,0.0708790272474289,0.43299999833106995,0.5676000118255615
YDL093W,YLR275W,0,-5.3212137,0.07086743414402008,0.43299999833106995,0.5677000284194946
YLR418C,YBR161W,0,-5.321295,0.07085583359003067,0.43299999833106995,0.567799985408783
YHL040C,YPR067W,1,-5.3213015,0.0710078552365303,0.4339999854564667,0.567799985408783
YPR111W,YGR166W,0,-5.3214874,0.0709962397813797,0.4339999854564667,0.5679000020027161
YGL168W,YOR110W,0,-5.321698,0.0709846243262291,0.4339999854564667,0.5680000185966492
YDR178W,YIL135C,0,-5.321754,0.07097301632165909,0.4339999854564667,0.5680999755859375
YBR158W,YHR039C-A,0,-5.3219724,0.07096141576766968,0.4339999854564667,0.5681999921798706
YIL159W,YPL268W,0,-5.3221045,0.07094981521368027,0.4339999854564667,0.5683000087738037
YER122C,YJL166W,0,-5.3222895,0.07093821465969086,0.4339999854564667,0.5684000253677368
YPR134W,YNL243W,0,-5.322561,0.07092662155628204,0.4339999854564667,0.5684999823570251
YDR009W,YLR033W,0,-5.3226204,0.07091503590345383,0.4339999854564667,0.5685999989509583
YML085C,YOR069W,0,-5.3226733,0.07090345025062561,0.4339999854564667,0.5687000155448914
YJR090C,YPR193C,0,-5.322899,0.0708918645977974,0.4339999854564667,0.5687999725341797
YDR022C,YOL145C,0,-5.323168,0.07088028639554977,0.4339999854564667,0.5688999891281128
YLR210W,YDR143C,0,-5.323448,0.07086871564388275,0.4339999854564667,0.5690000057220459
YPL050C,YKR029C,0,-5.3234787,0.07085714489221573,0.4339999854564667,0.569100022315979
YER174C,YPR055W,0,-5.323682,0.0708455741405487,0.4339999854564667,0.5691999793052673
YGR167W,YLL011W,0,-5.323737,0.07083401083946228,0.4339999854564667,0.5692999958992004
YJL094C,YNL055C,1,-5.323748,0.07098563760519028,0.4350000023841858,0.5692999958992004
YLR260W,YAR008W,0,-5.3239355,0.07097405940294266,0.4350000023841858,0.5694000124931335
YAL056W,YPR018W,0,-5.3241224,0.07096248120069504,0.4350000023841858,0.5695000290870667
YDL181W,YNL142W,1,-5.3242445,0.07111401110887527,0.4359999895095825,0.5695000290870667
YOR298W,YCR052W,0,-5.3246536,0.07110241055488586,0.4359999895095825,0.569599986076355
YHR175W,YDR038C,1,-5.3250837,0.07125387340784073,0.43700000643730164,0.569599986076355
YPR179C,YHR148W,0,-5.325331,0.07124225795269012,0.43700000643730164,0.5697000026702881
YFL013C,YGR075C,0,-5.3253727,0.07123064249753952,0.43700000643730164,0.5698000192642212
YGR041W,YKR007W,0,-5.3258557,0.07121903449296951,0.43700000643730164,0.5698999762535095
YER159C,YOL065C,0,-5.3259106,0.0712074339389801,0.43700000643730164,0.5699999928474426
YDR236C,YDL207W,0,-5.325974,0.0711958259344101,0.43700000643730164,0.5701000094413757
YBL099W,YPL092W,1,-5.326152,0.07134712487459183,0.43799999356269836,0.5701000094413757
YGR057C,YNL002C,0,-5.3262463,0.07133550196886063,0.43799999356269836,0.5702000260353088
YAR014C,YJR074W,0,-5.326251,0.07132388651371002,0.43799999356269836,0.5702999830245972
YNL218W,YNR026C,0,-5.3263435,0.07131227850914001,0.43799999356269836,0.5703999996185303
YMR021C,YJL076W,0,-5.3267384,0.07130067050457001,0.43799999356269836,0.5705000162124634
YLR451W,YNL138W,0,-5.3268557,0.0712890625,0.43799999356269836,0.5705999732017517
YNL117W,YBL007C,0,-5.326894,0.07127746194601059,0.43799999356269836,0.5706999897956848
YNL094W,YOL108C,0,-5.3270836,0.07126586139202118,0.43799999356269836,0.5708000063896179
YGL012W,YDL098C,0,-5.3271255,0.07125426828861237,0.43799999356269836,0.570900022983551
YKL208W,YDR179C,0,-5.3272114,0.07124268263578415,0.43799999356269836,0.5709999799728394
YAL044C,YPL239W,0,-5.3274975,0.07123109698295593,0.43799999356269836,0.5710999965667725
YGL253W,YEL034W,0,-5.3275585,0.07121951133012772,0.43799999356269836,0.5712000131607056
YNL218W,YHL025W,0,-5.327626,0.0712079331278801,0.43799999356269836,0.5713000297546387
YFL002C,YLR452C,0,-5.3277297,0.07119636237621307,0.43799999356269836,0.571399986743927
YCR098C,YNL291C,1,-5.3278165,0.07134731113910675,0.4390000104904175,0.571399986743927
YER145C,YML121W,1,-5.3278313,0.07149821519851685,0.4399999976158142,0.571399986743927
YFL024C,YNR011C,0,-5.327859,0.07148659974336624,0.4399999976158142,0.5715000033378601
YKL208W,YOR087W,0,-5.3280087,0.07147498428821564,0.4399999976158142,0.5716000199317932
YPL078C,YOR334W,1,-5.328129,0.07162579149007797,0.4410000145435333,0.5716000199317932
YOR346W,YML115C,0,-5.328185,0.07161416113376617,0.4410000145435333,0.5716999769210815
YDR254W,YCR083W,0,-5.328346,0.07160253077745438,0.4410000145435333,0.5717999935150146
YPL095C,YBL102W,0,-5.32868,0.07159090787172318,0.4410000145435333,0.5719000101089478
YLR163C,YDR013W,0,-5.328798,0.07157929241657257,0.4410000145435333,0.5720000267028809
YNR035C,YJR139C,0,-5.3290963,0.07156766951084137,0.4410000145435333,0.5720999836921692
YDR265W,YIL061C,0,-5.3291006,0.07155606150627136,0.4410000145435333,0.5722000002861023
YDL227C,YLR340W,0,-5.329217,0.07154445350170135,0.4410000145435333,0.5723000168800354
YMR219W,YPR083W,0,-5.3294587,0.07153284549713135,0.4410000145435333,0.5723999738693237
YMR061W,YDR404C,0,-5.329483,0.07152124494314194,0.4410000145435333,0.5724999904632568
YPL127C,YMR140W,0,-5.3295813,0.07150965183973312,0.4410000145435333,0.5726000070571899
YNR027W,YDL200C,0,-5.3296556,0.07149805128574371,0.4410000145435333,0.572700023651123
YDR099W,YGR089W,0,-5.329841,0.0714864656329155,0.4410000145435333,0.5727999806404114
YGR216C,YPL140C,0,-5.3300095,0.07147487998008728,0.4410000145435333,0.5728999972343445
YLR138W,YLR066W,0,-5.33022,0.07146329432725906,0.4410000145435333,0.5730000138282776
YPL241C,YJL128C,0,-5.3303976,0.07145171612501144,0.4410000145435333,0.5730999708175659
YNL259C,YDL181W,1,-5.3304033,0.07160213589668274,0.44200000166893005,0.5730999708175659
YOR119C,YER087C-A,0,-5.3305416,0.07159054279327393,0.44200000166893005,0.573199987411499
YBL019W,YER028C,0,-5.33062,0.07157894968986511,0.44200000166893005,0.5733000040054321
YMR246W,YPL125W,0,-5.330632,0.0715673565864563,0.44200000166893005,0.5734000205993652
YIL042C,YGR112W,0,-5.330773,0.07155577093362808,0.44200000166893005,0.5734999775886536
YBL019W,YDR411C,0,-5.33089,0.07154419273138046,0.44200000166893005,0.5735999941825867
YJL214W,YGR147C,0,-5.3309965,0.07153260707855225,0.44200000166893005,0.5737000107765198
YBR215W,YGL205W,0,-5.331008,0.07152103632688522,0.44200000166893005,0.5738000273704529
YFL024C,YHR021C,0,-5.331338,0.0715094655752182,0.44200000166893005,0.5738999843597412
YLR129W,YGR099W,0,-5.3315067,0.07149789482355118,0.44200000166893005,0.5740000009536743
YGL067W,YPR132W,0,-5.33152,0.07148633152246475,0.44200000166893005,0.5741000175476074
YKL054C,YDR045C,0,-5.3315725,0.07147477567195892,0.44200000166893005,0.5741999745368958
YGL021W,YER019C-A,0,-5.3316827,0.0714632198214531,0.44200000166893005,0.5742999911308289
YDR312W,YML038C,0,-5.3317065,0.07145166397094727,0.44200000166893005,0.574400007724762
YOR274W,YNL253W,0,-5.3318605,0.07144011557102203,0.44200000166893005,0.5745000243186951
YJL194W,YOR084W,0,-5.3320503,0.0714285746216774,0.44200000166893005,0.5745999813079834
YLR080W,YEL002C,0,-5.3321524,0.07141703367233276,0.44200000166893005,0.5746999979019165
YGR083C,YBL003C,0,-5.332363,0.07140549272298813,0.44200000166893005,0.5748000144958496
YNR007C,YGL168W,0,-5.332585,0.07139395922422409,0.44200000166893005,0.5748999714851379
YOL016C,YDL140C,0,-5.3330503,0.07138242572546005,0.44200000166893005,0.574999988079071
YIL079C,YDR106W,0,-5.333061,0.07137089967727661,0.44200000166893005,0.5751000046730042
YOR320C,YNR023W,0,-5.333083,0.07135938107967377,0.44200000166893005,0.5752000212669373
YHR116W,YOR372C,0,-5.3332014,0.07134786248207092,0.44200000166893005,0.5752999782562256
YDR145W,YPL258C,0,-5.333495,0.07133634388446808,0.44200000166893005,0.5753999948501587
YJR057W,YDR306C,0,-5.333497,0.07132483273744583,0.44200000166893005,0.5755000114440918
YGR075C,YML073C,0,-5.3337665,0.07131332904100418,0.44200000166893005,0.5756000280380249
YPL084W,YDR143C,0,-5.3339787,0.07130182534456253,0.44200000166893005,0.5756999850273132
YGR253C,YHL009C,0,-5.3339844,0.07129032164812088,0.44200000166893005,0.5758000016212463
YOR049C,YJL141C,0,-5.3347692,0.07127882540225983,0.44200000166893005,0.5759000182151794
YOR346W,YNL047C,0,-5.3348207,0.07126733660697937,0.44200000166893005,0.5759999752044678
YJL102W,YLR138W,0,-5.3350215,0.07125584036111832,0.44200000166893005,0.5760999917984009
YLR228C,YPL152W,0,-5.335142,0.07124435901641846,0.44200000166893005,0.576200008392334
YCL054W,YML131W,0,-5.3352547,0.0712328776717186,0.44200000166893005,0.5763000249862671
YML081C-A,YOR381W,1,-5.335271,0.07138253003358841,0.4429999887943268,0.5763000249862671
YPL217C,YPL233W,0,-5.335307,0.07137103378772736,0.4429999887943268,0.5763999819755554
YDL013W,YOL033W,0,-5.3353806,0.0713595375418663,0.4429999887943268,0.5764999985694885
YJL089W,YPL011C,0,-5.3355107,0.07134804129600525,0.4429999887943268,0.5766000151634216
YNL073W,YBR097W,0,-5.3355503,0.07133655250072479,0.4429999887943268,0.57669997215271
YLR201C,YEL034W,0,-5.3355875,0.07132507115602493,0.4429999887943268,0.5767999887466431
YCR107W,YDR071C,0,-5.335594,0.07131358981132507,0.4429999887943268,0.5769000053405762
YDR461W,YJL141C,0,-5.3356256,0.07130210846662521,0.4429999887943268,0.5770000219345093
YNL020C,YGL054C,0,-5.3357663,0.07129063457250595,0.4429999887943268,0.5770999789237976
YPL259C,YLR081W,0,-5.3359976,0.07127916067838669,0.4429999887943268,0.5771999955177307
YNL148C,YNL169C,0,-5.3360233,0.07126769423484802,0.4429999887943268,0.5773000121116638
YJL128C,YML095C,0,-5.336132,0.07125623524188995,0.4429999887943268,0.5774000287055969
YER166W,YNR046W,0,-5.336142,0.07124477624893188,0.4429999887943268,0.5774999856948853
YMR184W,YJR049C,0,-5.33624,0.07123331725597382,0.4429999887943268,0.5776000022888184
YJR077C,YBR106W,1,-5.336353,0.07138263434171677,0.4440000057220459,0.5776000022888184
YGR220C,YBR095C,0,-5.3365088,0.0713711604475975,0.4440000057220459,0.5777000188827515
YJL186W,YNL214W,0,-5.3365192,0.07135969400405884,0.4440000057220459,0.5777999758720398
YOR168W,YLR147C,0,-5.3369083,0.07134822756052017,0.4440000057220459,0.5778999924659729
YJL134W,YDR443C,0,-5.337264,0.0713367611169815,0.4440000057220459,0.578000009059906
YGL137W,YDL235C,0,-5.337445,0.07132530212402344,0.4440000057220459,0.5781000256538391
YMR163C,YLR147C,0,-5.337497,0.07131384313106537,0.4440000057220459,0.5781999826431274
YLR214W,YNR060W,1,-5.337683,0.07146298140287399,0.4449999928474426,0.5781999826431274
YBL045C,YPL093W,0,-5.3377233,0.07145150750875473,0.4449999928474426,0.5782999992370605
YOL013C,YPL283C,0,-5.3378615,0.07144004106521606,0.4449999928474426,0.5784000158309937
YMR080C,YLR154C,0,-5.33787,0.0714285746216774,0.4449999928474426,0.578499972820282
YLR260W,YBR193C,0,-5.337872,0.07141710817813873,0.4449999928474426,0.5785999894142151
YNL041C,YOL028C,0,-5.3379526,0.07140564918518066,0.4449999928474426,0.5787000060081482
YCR077C,YPL087W,0,-5.338264,0.0713941901922226,0.4449999928474426,0.5788000226020813
YGL120C,YMR067C,0,-5.3383684,0.07138273864984512,0.4449999928474426,0.5788999795913696
YLR319C,YKL172W,0,-5.3384757,0.07137129455804825,0.4449999928474426,0.5789999961853027
YLR433C,YMR298W,0,-5.338734,0.07135984301567078,0.4449999928474426,0.5791000127792358
YFL034C-B,YIR026C,0,-5.3387666,0.0713484063744545,0.4449999928474426,0.579200029373169
YBR008C,YIR013C,0,-5.338974,0.07133696973323822,0.4449999928474426,0.5792999863624573
YKR065C,YOR224C,0,-5.339041,0.07132553309202194,0.4449999928474426,0.5794000029563904
YHR050W,YPL092W,1,-5.3391485,0.0714743584394455,0.44600000977516174,0.5794000029563904
YHR120W,YPL144W,0,-5.339529,0.07146290689706802,0.44600000977516174,0.5795000195503235
YJR076C,YBR280C,0,-5.339627,0.07145145535469055,0.44600000977516174,0.5795999765396118
YDR376W,YDL002C,0,-5.3398037,0.07144001126289368,0.44600000977516174,0.5796999931335449
YOR076C,YCL008C,0,-5.3399115,0.0714285746216774,0.44600000977516174,0.579800009727478
YOL130W,YKL064W,1,-5.340133,0.07157725840806961,0.44699999690055847,0.579800009727478
YLR424W,YDR334W,0,-5.3401833,0.07156579941511154,0.44699999690055847,0.5799000263214111
YIL042C,YJL056C,0,-5.3401937,0.07155434787273407,0.44699999690055847,0.5799999833106995
YMR068W,YDR236C,0,-5.3405547,0.0715428963303566,0.44699999690055847,0.5800999999046326
YER068W,YLR043C,0,-5.340846,0.07153144478797913,0.44699999690055847,0.5802000164985657
YOR319W,YDL085W,0,-5.3408985,0.07152000069618225,0.44699999690055847,0.580299973487854
YDR456W,YBR295W,1,-5.3409534,0.07166853547096252,0.4480000138282776,0.580299973487854
YGL071W,YBR296C,1,-5.341032,0.07181701809167862,0.4490000009536743,0.580299973487854
YLR246W,YOL156W,0,-5.3410864,0.07180553674697876,0.4490000009536743,0.5803999900817871
YGR006W,YOR361C,0,-5.341132,0.0717940554022789,0.4490000009536743,0.5805000066757202
YBL069W,YGL014W,0,-5.3415823,0.07178257405757904,0.4490000009536743,0.5806000232696533
YML080W,YNL047C,0,-5.341711,0.07177110016345978,0.4490000009536743,0.5806999802589417
YOR335C,YER149C,0,-5.3417807,0.07175962626934052,0.4490000009536743,0.5807999968528748
YOL064C,YOR211C,0,-5.3418903,0.07174815982580185,0.4490000009536743,0.5809000134468079
YLR451W,YDL118W,0,-5.342184,0.07173670083284378,0.4490000009536743,0.5809999704360962
YBR195C,YJL004C,0,-5.3424425,0.07172524183988571,0.4490000009536743,0.5810999870300293
YCL001W,YPR080W,0,-5.3426456,0.07171378284692764,0.4490000009536743,0.5812000036239624
YGL067W,YGR002C,0,-5.342972,0.07170233130455017,0.4490000009536743,0.5813000202178955
YBR039W,YNL142W,1,-5.3433323,0.07185055315494537,0.44999998807907104,0.5813000202178955
YMR058W,YLR214W,1,-5.343625,0.0719987228512764,0.45100000500679016,0.5813000202178955
YDR437W,YDR150W,0,-5.343864,0.07198723405599594,0.45100000500679016,0.5813999772071838
YOR208W,YGL062W,0,-5.3439016,0.07197574526071548,0.45100000500679016,0.5814999938011169
YMR129W,YDL147W,0,-5.343912,0.07196425646543503,0.45100000500679016,0.58160001039505
YPR171W,YFR008W,0,-5.3439875,0.07195277512073517,0.45100000500679016,0.5817000269889832
YAL023C,YPR007C,0,-5.344002,0.0719413012266159,0.45100000500679016,0.5817999839782715
YNL233W,YGR239C,0,-5.3443155,0.07192982733249664,0.45100000500679016,0.5819000005722046
YOR080W,YHR065C,0,-5.344325,0.07191835343837738,0.45100000500679016,0.5820000171661377
YGR256W,YKR055W,0,-5.3443794,0.07190688699483871,0.45100000500679016,0.582099974155426
YOL149W,YKL212W,0,-5.344455,0.07189542800188065,0.45100000500679016,0.5821999907493591
YPR019W,YNL041C,0,-5.34449,0.07188396900892258,0.45100000500679016,0.5823000073432922
YGR118W,YDL112W,0,-5.344524,0.07187251001596451,0.45100000500679016,0.5824000239372253
YMR167W,YHR154W,0,-5.3445835,0.07186105847358704,0.45100000500679016,0.5824999809265137
YMR319C,YGR191W,1,-5.3447833,0.07200892269611359,0.4519999921321869,0.5824999809265137
YMR100W,YPR189W,0,-5.344818,0.07199744880199432,0.4519999921321869,0.5825999975204468
YGR055W,YJL138C,0,-5.3448215,0.07198598235845566,0.4519999921321869,0.5827000141143799
YCL040W,YJL222W,0,-5.3449016,0.07197452336549759,0.4519999921321869,0.5827999711036682
YDL247W,YBL050W,0,-5.345115,0.07196306437253952,0.4519999921321869,0.5828999876976013
YPL055C,YDL019C,0,-5.3455706,0.07195160537958145,0.4519999921321869,0.5830000042915344
YKL149C,YOL105C,0,-5.345628,0.07194015383720398,0.4519999921321869,0.5831000208854675
YGL084C,YCR052W,0,-5.345653,0.0719287097454071,0.4519999921321869,0.5831999778747559
YGL178W,YGL129C,0,-5.345661,0.07191726565361023,0.4519999921321869,0.583299994468689
YDL243C,YLR301W,0,-5.345763,0.07190582156181335,0.4519999921321869,0.5834000110626221
YKL134C,YFR034C,0,-5.34587,0.07189438492059708,0.4519999921321869,0.5835000276565552
YPL213W,YGR077C,0,-5.3459682,0.0718829482793808,0.4519999921321869,0.5835999846458435
YMR042W,YCL024W,0,-5.346093,0.07187151908874512,0.4519999921321869,0.5837000012397766
YER119C,YLR320W,0,-5.3461456,0.07186009734869003,0.4519999921321869,0.5838000178337097
YPL078C,YNR039C,1,-5.346281,0.07200762629508972,0.453000009059906,0.5838000178337097
YML080W,YFR033C,0,-5.3462887,0.07199618220329285,0.453000009059906,0.583899974822998
YKL185W,YGR086C,0,-5.3464293,0.07198474556207657,0.453000009059906,0.5839999914169312
YPR201W,YLR411W,1,-5.3464947,0.07213219255208969,0.45399999618530273,0.5839999914169312
YDR318W,YLR116W,0,-5.3465223,0.07212073355913162,0.45399999618530273,0.5841000080108643
YGL119W,YCR060W,0,-5.346657,0.07210927456617355,0.45399999618530273,0.5842000246047974
YDL116W,YLR025W,0,-5.3466606,0.07209782302379608,0.45399999618530273,0.5842999815940857
YMR004W,YBL075C,0,-5.3466916,0.0720863789319992,0.45399999618530273,0.5843999981880188
YER015W,YNL318C,0,-5.347103,0.07207493484020233,0.45399999618530273,0.5845000147819519
YLR233C,YJR103W,0,-5.3477845,0.07206349074840546,0.45399999618530273,0.5845999717712402
YGL222C,YGR103W,0,-5.347834,0.07205205410718918,0.45399999618530273,0.5846999883651733
YOR377W,YBR126C,0,-5.347942,0.0720406249165535,0.45399999618530273,0.5848000049591064
YJR004C,YAL001C,0,-5.348111,0.07202919572591782,0.45399999618530273,0.5849000215530396
YOL116W,YJL052W,0,-5.3484488,0.07201776653528214,0.45399999618530273,0.5849999785423279
YLR228C,YGL120C,0,-5.3484535,0.07200634479522705,0.45399999618530273,0.585099995136261
YLR068W,YER173W,0,-5.348546,0.07199492305517197,0.45399999618530273,0.5852000117301941
YGL190C,YJL005W,0,-5.3485727,0.07198350876569748,0.45399999618530273,0.5853000283241272
YPR201W,YLR130C,1,-5.3487372,0.07213062793016434,0.45500001311302185,0.5853000283241272
YDL134C,YPL063W,0,-5.348884,0.07211919128894806,0.45500001311302185,0.5853999853134155
YER105C,YCL033C,0,-5.348989,0.07210776209831238,0.45500001311302185,0.5855000019073486
YJR064W,YLR039C,0,-5.3490314,0.0720963403582573,0.45500001311302185,0.5856000185012817
YFL041W,YKL220C,1,-5.3494596,0.0722433477640152,0.4560000002384186,0.5856000185012817
YOR023C,YPL187W,0,-5.3494644,0.07223190367221832,0.4560000002384186,0.5856999754905701
YBR296C,YOR137C,1,-5.3495836,0.07237884402275085,0.4569999873638153,0.5856999754905701
YIL103W,YCR026C,0,-5.3495893,0.07236737757921219,0.4569999873638153,0.5857999920845032
YHL047C,YBR207W,1,-5.350322,0.07251425087451935,0.4580000042915344,0.5857999920845032
YOR233W,YMR142C,0,-5.3503304,0.07250276952981949,0.4580000042915344,0.5859000086784363
YCR089W,YEL013W,0,-5.350431,0.07249129563570023,0.4580000042915344,0.5860000252723694
YHR143W,YKL056C,0,-5.3506126,0.07247982174158096,0.4580000042915344,0.5860999822616577
YBR177C,YDR345C,0,-5.350733,0.0724683552980423,0.4580000042915344,0.5861999988555908
YLR095C,YHR106W,0,-5.3509874,0.07245688885450363,0.4580000042915344,0.5863000154495239
YIL140W,YJL014W,0,-5.351161,0.07244542986154556,0.4580000042915344,0.5863999724388123
YDR434W,YEL024W,0,-5.3511744,0.0724339708685875,0.4580000042915344,0.5864999890327454
YGL187C,YER094C,0,-5.351198,0.07242251932621002,0.4580000042915344,0.5866000056266785
YFL031W,YDR343C,0,-5.351206,0.07241106778383255,0.4580000042915344,0.5867000222206116
YJL166W,YGL028C,0,-5.3512483,0.07239962369203568,0.4580000042915344,0.5867999792098999
YDR158W,YNL029C,0,-5.3513603,0.0723881796002388,0.4580000042915344,0.586899995803833
YNL188W,YJL100W,0,-5.351894,0.07237673550844193,0.4580000042915344,0.5870000123977661
YML121W,YEL065W,1,-5.3521485,0.07252330332994461,0.45899999141693115,0.5870000123977661
YMR116C,YDR192C,0,-5.3521614,0.07251185178756714,0.45899999141693115,0.5871000289916992
YGL151W,YJR063W,0,-5.352246,0.07250039279460907,0.45899999141693115,0.5871999859809875
YOL017W,YJR127C,0,-5.3523607,0.0724889487028122,0.45899999141693115,0.5873000025749207
YLR100W,YDL085W,0,-5.352544,0.07247749716043472,0.45899999141693115,0.5874000191688538
YCR073W-A,YJL129C,0,-5.35271,0.07246605306863785,0.45899999141693115,0.5874999761581421
YJL010C,YJL156C,0,-5.3527107,0.07245461642742157,0.45899999141693115,0.5875999927520752
YKL016C,YGL167C,1,-5.352905,0.07260101288557053,0.46000000834465027,0.5875999927520752
YGL247W,YDR113C,0,-5.3529177,0.07258955389261246,0.46000000834465027,0.5877000093460083
YNL230C,YPL046C,0,-5.353034,0.07257810235023499,0.46000000834465027,0.5878000259399414
YNL218W,YML115C,0,-5.3530383,0.07256665080785751,0.46000000834465027,0.5878999829292297
YLR210W,YCR028C,0,-5.3532305,0.07255520671606064,0.46000000834465027,0.5879999995231628
YKR019C,YER051W,0,-5.35341,0.07254376262426376,0.46000000834465027,0.588100016117096
YDR147W,YNL079C,0,-5.353495,0.07253232598304749,0.46000000834465027,0.5881999731063843
YOR067C,YBR065C,0,-5.3535166,0.07252088934183121,0.46000000834465027,0.5882999897003174
YPL200W,YGR178C,0,-5.3536873,0.07250946015119553,0.46000000834465027,0.5884000062942505
YKR034W,YOR140W,0,-5.353794,0.07249803096055984,0.46000000834465027,0.5885000228881836
YKR009C,YDR359C,0,-5.353878,0.07248660922050476,0.46000000834465027,0.5885999798774719
YPR068C,YOR274W,0,-5.3539824,0.07247518748044968,0.46000000834465027,0.588699996471405
YPL037C,YNL163C,0,-5.354341,0.07246376574039459,0.46000000834465027,0.5888000130653381
YHR079C,YMR112C,0,-5.354417,0.0724523514509201,0.46000000834465027,0.5889000296592712
YPL059W,YLR362W,0,-5.3545094,0.07244094461202621,0.46000000834465027,0.5889999866485596
YLR113W,YNL229C,0,-5.354569,0.07242953777313232,0.46000000834465027,0.5891000032424927
YGL018C,YGL111W,0,-5.354665,0.07241813838481903,0.46000000834465027,0.5892000198364258
YML085C,YLR466W,0,-5.3548255,0.07240673899650574,0.46000000834465027,0.5892999768257141
YLR295C,YLR214W,1,-5.354946,0.07255272567272186,0.460999995470047,0.5892999768257141
YDR420W,YKR019C,0,-5.3549604,0.07254130393266678,0.460999995470047,0.5893999934196472
YBR089C-A,YPL274W,0,-5.3551435,0.07252988964319229,0.460999995470047,0.5895000100135803
YHR187W,YKL032C,0,-5.355151,0.0725184828042984,0.460999995470047,0.5896000266075134
YGR224W,YGR218W,0,-5.3551736,0.07250707596540451,0.460999995470047,0.5896999835968018
YLR136C,YLL040C,0,-5.355338,0.07249567657709122,0.460999995470047,0.5898000001907349
YER073W,YJL179W,0,-5.355355,0.07248427718877792,0.460999995470047,0.589900016784668
YJL035C,YNL107W,0,-5.3554983,0.07247288525104523,0.460999995470047,0.5899999737739563
YPL098C,YKL079W,0,-5.355589,0.07246149331331253,0.460999995470047,0.5900999903678894
YGL166W,YPL174C,0,-5.355602,0.07245010137557983,0.460999995470047,0.5902000069618225
YBR024W,YEL065W,1,-5.3559723,0.07259584963321686,0.4620000123977661,0.5902000069618225
YBR020W,YOR359W,0,-5.356454,0.07258444279432297,0.4620000123977661,0.5903000235557556
YGL172W,YHR167W,0,-5.356493,0.07257304340600967,0.4620000123977661,0.590399980545044
YMR316W,YOR267C,0,-5.3568215,0.07256164401769638,0.4620000123977661,0.590499997138977
YOL111C,YMR129W,0,-5.356843,0.07255025207996368,0.4620000123977661,0.5906000137329102
YMR100W,YLR398C,0,-5.3568726,0.07253886014223099,0.4620000123977661,0.5906999707221985
YBR061C,YML029W,0,-5.3568745,0.07252747565507889,0.4620000123977661,0.5907999873161316
YNL314W,YIL022W,0,-5.3570423,0.07251609116792679,0.4620000123977661,0.5909000039100647
YBR211C,YLR248W,0,-5.357189,0.07250470668077469,0.4620000123977661,0.5910000205039978
YKR068C,YGL183C,0,-5.357252,0.07249332964420319,0.4620000123977661,0.5910999774932861
YHR191C,YMR044W,0,-5.357338,0.07248196005821228,0.4620000123977661,0.5911999940872192
YOR321W,YBR280C,0,-5.357445,0.07247059047222137,0.4620000123977661,0.5913000106811523
YHR116W,YOR213C,0,-5.3579435,0.07245922088623047,0.4620000123977661,0.5914000272750854
YLR163C,YOR216C,0,-5.358186,0.07244785875082016,0.4620000123977661,0.5914999842643738
YPL127C,YLR234W,0,-5.358327,0.07243650406599045,0.4620000123977661,0.5916000008583069
YER154W,YHR138C,0,-5.358692,0.07242514193058014,0.4620000123977661,0.59170001745224
YAL058W,YPL124W,0,-5.358824,0.07241379469633102,0.4620000123977661,0.5917999744415283
YJL058C,YER120W,0,-5.3589463,0.07240244746208191,0.4620000123977661,0.5918999910354614
YML065W,YHL022C,0,-5.3591537,0.0723911002278328,0.4620000123977661,0.5920000076293945
YMR022W,YGR186W,0,-5.3592176,0.07237976044416428,0.4620000123977661,0.5921000242233276
YLR131C,YAL005C,0,-5.359312,0.07236842066049576,0.4620000123977661,0.592199981212616
YLR353W,YDR081C,0,-5.3595695,0.07235708832740784,0.4620000123977661,0.5922999978065491
YLR411W,YGR257C,1,-5.359659,0.07250235229730606,0.46299999952316284,0.5922999978065491
YGL071W,YDR276C,1,-5.3598013,0.0726475641131401,0.46399998664855957,0.5922999978065491
YOR173W,YOR371C,0,-5.360176,0.0726361945271492,0.46399998664855957,0.5924000144004822
YPL177C,YOR144C,0,-5.36045,0.0726248249411583,0.46399998664855957,0.5924999713897705
YJR135C,YER117W,0,-5.3606853,0.07261345535516739,0.46399998664855957,0.5925999879837036
YNL121C,YGL039W,0,-5.360721,0.07260209321975708,0.46399998664855957,0.5927000045776367
YIR009W,YDR011W,0,-5.360875,0.07259073853492737,0.46399998664855957,0.5928000211715698
YCR002C,YEL060C,0,-5.360949,0.07257938385009766,0.46399998664855957,0.5928999781608582
YMR276W,YPL243W,0,-5.3609705,0.07256802916526794,0.46399998664855957,0.5929999947547913
YJR121W,YOR137C,1,-5.3609877,0.07271305471658707,0.4650000035762787,0.5929999947547913
YGL256W,YBR049C,0,-5.361228,0.07270168513059616,0.4650000035762787,0.5931000113487244
YLR214W,YBR106W,1,-5.3613186,0.07284664362668991,0.4659999907016754,0.5931000113487244
YMR285C,YJR153W,0,-5.3617477,0.07283525913953781,0.4659999907016754,0.5932000279426575
YJL024C,YHR181W,0,-5.362194,0.07282388210296631,0.4659999907016754,0.5932999849319458
YLR013W,YGL067W,0,-5.3625364,0.07281249761581421,0.4659999907016754,0.5934000015258789
YOR335C,YJL179W,0,-5.3626466,0.0728011280298233,0.4659999907016754,0.593500018119812
YBR213W,YML088W,0,-5.363429,0.0727897509932518,0.4659999907016754,0.5935999751091003
YJL094C,YEL065W,1,-5.3636465,0.07293456047773361,0.46700000762939453,0.5935999751091003
YOR094W,YPL160W,0,-5.363696,0.07292317599058151,0.46700000762939453,0.5936999917030334
YPL084W,YER146W,0,-5.3637285,0.07291178405284882,0.46700000762939453,0.5938000082969666
YHR120W,YPR007C,0,-5.3637786,0.07290040701627731,0.46700000762939453,0.5939000248908997
YJL117W,YBR024W,1,-5.3637905,0.07304510474205017,0.46799999475479126,0.5939000248908997
YDR021W,YHL020C,0,-5.3639364,0.07303370535373688,0.46799999475479126,0.593999981880188
YPL187W,YOL031C,0,-5.363941,0.07302231341600418,0.46799999475479126,0.5940999984741211
YOR147W,YJL052W,0,-5.36414,0.07301092147827148,0.46799999475479126,0.5942000150680542
YOR150W,YLR248W,0,-5.3641787,0.07299952954053879,0.46799999475479126,0.5942999720573425
YPR122W,YOL005C,0,-5.364188,0.07298814505338669,0.46799999475479126,0.5943999886512756
YOL066C,YML131W,0,-5.3642635,0.07297676801681519,0.46799999475479126,0.5945000052452087
YAL041W,YPL196W,0,-5.364418,0.07296539098024368,0.46799999475479126,0.5946000218391418
YLR148W,YPL133C,0,-5.3644323,0.07295401394367218,0.46799999475479126,0.5946999788284302
YJL117W,YEL065W,1,-5.364463,0.07309850305318832,0.4690000116825104,0.5946999788284302
YOL149W,YGR089W,0,-5.3647327,0.07308711111545563,0.4690000116825104,0.5947999954223633
YIL159W,YKL043W,0,-5.364942,0.07307572662830353,0.4690000116825104,0.5949000120162964
YBL105C,YDR418W,0,-5.3649745,0.07306434214115143,0.4690000116825104,0.5950000286102295
YJR118C,YHR186C,0,-5.3652177,0.07305295765399933,0.4690000116825104,0.5950999855995178
YNL004W,YDL138W,0,-5.365354,0.07304158061742783,0.4690000116825104,0.5952000021934509
YMR011W,YGR118W,0,-5.365633,0.07303021103143692,0.4690000116825104,0.595300018787384
YFL031W,YBR069C,0,-5.3657293,0.07301884144544601,0.4690000116825104,0.5953999757766724
YML047C,YBR117C,0,-5.365868,0.07300747185945511,0.4690000116825104,0.5954999923706055
YJR049C,YNL263C,0,-5.365987,0.0729961097240448,0.4690000116825104,0.5956000089645386
YKR068C,YKL005C,0,-5.3659964,0.07298474758863449,0.4690000116825104,0.5957000255584717
YPL267W,YBR136W,0,-5.3661985,0.07297339290380478,0.4690000116825104,0.59579998254776
YJR074W,YPL234C,0,-5.366308,0.07296203821897507,0.4690000116825104,0.5958999991416931
YML103C,YDL097C,0,-5.3664284,0.07295069098472595,0.4690000116825104,0.5960000157356262
YPL213W,YBR223C,0,-5.3666244,0.07293934375047684,0.4690000116825104,0.5960999727249146
YJL207C,YNL294C,0,-5.3667345,0.07292800396680832,0.4690000116825104,0.5961999893188477
YBR040W,YIL115C,0,-5.366844,0.0729166641831398,0.4690000116825104,0.5963000059127808
YJR050W,YCL031C,0,-5.3668613,0.07290533185005188,0.4690000116825104,0.5964000225067139
YLL026W,YGR006W,0,-5.3670187,0.07289399951696396,0.4690000116825104,0.5964999794960022
YHR050W,YNR039C,1,-5.3670187,0.07303807139396667,0.4699999988079071,0.5964999794960022
YMR058W,YCR098C,1,-5.3670692,0.07318209856748581,0.47099998593330383,0.5964999794960022
YGL254W,YDR276C,1,-5.3673315,0.07332608103752136,0.47200000286102295,0.5964999794960022
YFL031W,YPL124W,0,-5.3673477,0.07331469655036926,0.47200000286102295,0.5965999960899353
YDR252W,YOR319W,0,-5.36743,0.07330330461263657,0.47200000286102295,0.5967000126838684
YPL061W,YIL138C,0,-5.36761,0.07329192757606506,0.47200000286102295,0.5968000292778015
YGL115W,YLR249W,0,-5.367647,0.07328054308891296,0.47200000286102295,0.5968999862670898
YOR198C,YKR082W,0,-5.3677273,0.07326917350292206,0.47200000286102295,0.597000002861023
YJR155W,YDR118W,0,-5.368012,0.07325779646635056,0.47200000286102295,0.597100019454956
YPL100W,YJL124C,0,-5.3681884,0.07324643433094025,0.47200000286102295,0.5971999764442444
YJL196C,YMR272C,0,-5.368314,0.07323506474494934,0.47200000286102295,0.5972999930381775
YPL086C,YCR033W,0,-5.3684907,0.07322370260953903,0.47200000286102295,0.5974000096321106
YPR042C,YIL135C,0,-5.3689184,0.07321234792470932,0.47200000286102295,0.5975000262260437
YGL143C,YPR007C,0,-5.368949,0.07320099323987961,0.47200000286102295,0.597599983215332
YAL056W,YMR032W,0,-5.3689857,0.0731896385550499,0.47200000286102295,0.5976999998092651
YGL071W,YJL094C,1,-5.3690186,0.07333333045244217,0.4729999899864197,0.5976999998092651
YJR074W,YER154W,0,-5.36922,0.07332196831703186,0.4729999899864197,0.5978000164031982
YJL013C,YMR285C,0,-5.369224,0.07331059873104095,0.4729999899864197,0.5978999733924866
YOR003W,YLL056C,0,-5.369412,0.07329924404621124,0.4729999899864197,0.5979999899864197
YDR113C,YBR153W,0,-5.369516,0.07328788191080093,0.4729999899864197,0.5981000065803528
YMR288W,YHR083W,0,-5.369568,0.07327652722597122,0.4729999899864197,0.5982000231742859
YHR055C,YHR196W,0,-5.3696294,0.0732651799917221,0.4729999899864197,0.5982999801635742
YIL154C,YPL242C,0,-5.3698397,0.07325383275747299,0.4729999899864197,0.5983999967575073
YIL004C,YOR014W,0,-5.3698797,0.07324249297380447,0.4729999899864197,0.5985000133514404
YBL045C,YBR097W,0,-5.369937,0.07323115319013596,0.4729999899864197,0.5985999703407288
YBL019W,YDR309C,0,-5.370034,0.07321981340646744,0.4729999899864197,0.5986999869346619
YOL082W,YBL033C,0,-5.370053,0.07320848107337952,0.4729999899864197,0.598800003528595
YDR156W,YCR018C,0,-5.3701124,0.07319715619087219,0.4729999899864197,0.5989000201225281
YGL240W,YPR121W,0,-5.370263,0.07318582385778427,0.4729999899864197,0.5989999771118164
YMR292W,YJL127C,0,-5.3703947,0.07317450642585754,0.4729999899864197,0.5990999937057495
YDR421W,YJR078W,0,-5.3703957,0.07316318899393082,0.4729999899864197,0.5992000102996826
YDL236W,YML034W,0,-5.370433,0.07315187156200409,0.4729999899864197,0.5993000268936157
YJL024C,YER052C,0,-5.370795,0.07314056158065796,0.4729999899864197,0.599399983882904
YEL003W,YOR274W,0,-5.370882,0.07312925159931183,0.4729999899864197,0.5995000004768372
YBL009W,YHR086W,0,-5.3710575,0.0731179490685463,0.4729999899864197,0.5996000170707703
YIL013C,YIL042C,0,-5.3712935,0.07310664653778076,0.4729999899864197,0.5996999740600586
YHL040C,YGR257C,1,-5.371371,0.07324988394975662,0.4740000069141388,0.5996999740600586
YOR180C,YPR007C,0,-5.3717213,0.0732385665178299,0.4740000069141388,0.5997999906539917
YMR240C,YOR014W,0,-5.3718143,0.07322724908590317,0.4740000069141388,0.5999000072479248
YKL017C,YCR083W,0,-5.3718376,0.07321593910455704,0.4740000069141388,0.6000000238418579
YAL059W,YIL031W,0,-5.3723516,0.0732046365737915,0.4740000069141388,0.6000999808311462
YPL227C,YCL016C,0,-5.372361,0.07319332659244537,0.4740000069141388,0.6001999974250793
YDR110W,YJL092W,0,-5.3725147,0.07318203151226044,0.4740000069141388,0.6003000140190125
YFL060C,YBR165W,0,-5.3725295,0.0731707289814949,0.4740000069141388,0.6003999710083008
YDR254W,YLR025W,0,-5.372741,0.07315944135189056,0.4740000069141388,0.6004999876022339
YCR089W,YER169W,0,-5.3729267,0.07314814627170563,0.4740000069141388,0.600600004196167
YNL135C,YLR285W,0,-5.3729544,0.07313685864210129,0.4740000069141388,0.6007000207901001
YIL010W,YOR103C,0,-5.37296,0.07312557846307755,0.4740000069141388,0.6007999777793884
YOR266W,YGR285C,0,-5.3731174,0.0731142982840538,0.4740000069141388,0.6008999943733215
YER172C,YOL069W,0,-5.373273,0.07310302555561066,0.4740000069141388,0.6010000109672546
YLR210W,YDR341C,0,-5.373287,0.07309175282716751,0.4740000069141388,0.6011000275611877
YKL144C,YLR043C,0,-5.3734093,0.07308048009872437,0.4740000069141388,0.6011999845504761
YBL069W,YIL014W,0,-5.3734612,0.07306921482086182,0.4740000069141388,0.6013000011444092
YPR179C,YGR103W,0,-5.3736,0.07305794954299927,0.4740000069141388,0.6014000177383423
YDR270W,YHR050W,1,-5.373619,0.07320079952478409,0.4749999940395355,0.6014000177383423
YDR216W,YLL026W,0,-5.373665,0.07318951934576035,0.4749999940395355,0.6014999747276306
YGL008C,YLR130C,1,-5.373835,0.07333230972290039,0.47600001096725464,0.6014999747276306
YKL149C,YLR459W,0,-5.3738747,0.07332100719213486,0.47600001096725464,0.6015999913215637
YML069W,YJR059W,0,-5.3740063,0.07330971956253052,0.47600001096725464,0.6017000079154968
YPL268W,YEL002C,0,-5.374071,0.07329843193292618,0.47600001096725464,0.6018000245094299
YDL047W,YNL299W,0,-5.3742256,0.07328714430332184,0.47600001096725464,0.6018999814987183
YHR041C,YLR362W,0,-5.3742685,0.0732758641242981,0.47600001096725464,0.6019999980926514
YKL139W,YGL251C,0,-5.3742914,0.07326458394527435,0.47600001096725464,0.6021000146865845
YFL014W,YDL097C,0,-5.3743525,0.07325331121683121,0.47600001096725464,0.6021999716758728
YDR130C,YOR372C,0,-5.3744907,0.07324203848838806,0.47600001096725464,0.6022999882698059
YGL065C,YOR363C,0,-5.3745365,0.07323076575994492,0.47600001096725464,0.602400004863739
YER073W,YMR312W,0,-5.3746185,0.07321950793266296,0.47600001096725464,0.6025000214576721
YPR100W,YMR061W,0,-5.3747168,0.07320824265480042,0.47600001096725464,0.6025999784469604
YNL103W,YLR154C,0,-5.374772,0.07319698482751846,0.47600001096725464,0.6026999950408936
YOR388C,YDR335W,0,-5.3749647,0.07318573445081711,0.47600001096725464,0.6028000116348267
YGR113W,YPL235W,0,-5.3750105,0.07317448407411575,0.47600001096725464,0.6029000282287598
YLR032W,YPL106C,0,-5.375122,0.0731632336974144,0.47600001096725464,0.6029999852180481
YGL013C,YOR106W,0,-5.3751388,0.07315199077129364,0.47600001096725464,0.6031000018119812
YGR257C,YNR039C,1,-5.3751993,0.07329440861940384,0.47699999809265137,0.6031000018119812
YOR034C,YER015W,0,-5.375518,0.07328314334154129,0.47699999809265137,0.6032000184059143
YHL036W,YBR173C,0,-5.3755474,0.07327189296483994,0.47699999809265137,0.6032999753952026
YMR033W,YJR090C,0,-5.3755965,0.07326063513755798,0.47699999809265137,0.6033999919891357
YKR099W,YDL099W,0,-5.375638,0.07324938476085663,0.47699999809265137,0.6035000085830688
YDR314C,YGL252C,0,-5.3757315,0.07323814183473587,0.47699999809265137,0.603600025177002
YOR080W,YJR007W,0,-5.37574,0.07322689890861511,0.47699999809265137,0.6036999821662903
YBR066C,YIL084C,0,-5.375745,0.07321565598249435,0.47699999809265137,0.6037999987602234
YPL249C,YDR317W,0,-5.3757544,0.0732044205069542,0.47699999809265137,0.6039000153541565
YML036W,YDR202C,0,-5.3760386,0.07319318503141403,0.47699999809265137,0.6039999723434448
YOR147W,YDR460W,0,-5.3761334,0.07318195700645447,0.47699999809265137,0.6040999889373779
YCR081W,YEL051W,0,-5.376282,0.0731707289814949,0.47699999809265137,0.604200005531311
YAL021C,YKL021C,0,-5.3764443,0.07315950840711594,0.47699999809265137,0.6043000221252441
YKR034W,YHR194W,0,-5.376479,0.07314828783273697,0.47699999809265137,0.6043999791145325
YIR010W,YDR317W,0,-5.376669,0.0731370747089386,0.47699999809265137,0.6044999957084656
YDR188W,YGR145W,0,-5.376803,0.07312586158514023,0.47699999809265137,0.6046000123023987
YNR060W,YDR276C,1,-5.37682,0.07326793670654297,0.4779999852180481,0.6046000123023987
YLR342W,YMR100W,0,-5.3768787,0.0732567086815834,0.4779999852180481,0.6047000288963318
YLR264W,YGL243W,0,-5.377032,0.07324548065662384,0.4779999852180481,0.6047999858856201
YHL048W,YML058W-A,0,-5.37742,0.07323426008224487,0.4779999852180481,0.6049000024795532
YBR210W,YML006C,0,-5.3774853,0.0732230395078659,0.4779999852180481,0.6050000190734863
YNL327W,YLR459W,0,-5.3779154,0.07321182638406754,0.4779999852180481,0.6050999760627747
YBR102C,YPL123C,0,-5.3779626,0.07320061326026917,0.4779999852180481,0.6051999926567078
YDL134C,YPL045W,0,-5.37821,0.07318940758705139,0.4779999852180481,0.6053000092506409
YLR028C,YGL174W,0,-5.3782177,0.07317820191383362,0.4779999852180481,0.605400025844574
YJL214W,YER169W,0,-5.3782387,0.07316699624061584,0.4779999852180481,0.6054999828338623
YGL122C,YJL166W,0,-5.378249,0.07315579801797867,0.4779999852180481,0.6055999994277954
YLR157C,YIL150C,0,-5.378431,0.07314460724592209,0.4779999852180481,0.6057000160217285
YOL038W,YPL089C,0,-5.3786583,0.07313341647386551,0.4779999852180481,0.6057999730110168
YEL061C,YDL046W,0,-5.378862,0.07312222570180893,0.4779999852180481,0.60589998960495
YNL135C,YFR053C,0,-5.379734,0.07311104238033295,0.4779999852180481,0.6060000061988831
YDR183W,YPL144W,0,-5.3799167,0.07309985905885696,0.4779999852180481,0.6061000227928162
YOR098C,YDL106C,0,-5.380042,0.07308868318796158,0.4779999852180481,0.6061999797821045
YLR453C,YJR009C,0,-5.3800545,0.07307751476764679,0.4779999852180481,0.6062999963760376
YMR319C,YKL064W,1,-5.380205,0.07321920245885849,0.4790000021457672,0.6062999963760376
YDL056W,YDR065W,0,-5.3802333,0.07320801168680191,0.4790000021457672,0.6064000129699707
YDL101C,YJR093C,0,-5.3804035,0.07319682091474533,0.4790000021457672,0.6065000295639038
YPR154W,YOL006C,0,-5.3804216,0.07318563759326935,0.4790000021457672,0.6065999865531921
YGR057C,YNL307C,0,-5.3807364,0.07317445427179337,0.4790000021457672,0.6067000031471252
YBL023C,YMR100W,0,-5.3808966,0.07316327840089798,0.4790000021457672,0.6068000197410583
YPR017C,YKR019C,0,-5.3812704,0.07315210998058319,0.4790000021457672,0.6068999767303467
YGR003W,YML085C,0,-5.381281,0.0731409341096878,0.4790000021457672,0.6069999933242798
YJL031C,YGL191W,0,-5.381524,0.07312977313995361,0.4790000021457672,0.6071000099182129
YDL020C,YPL007C,0,-5.3816543,0.07311860471963882,0.4790000021457672,0.607200026512146
YIR021W,YNL097C,0,-5.381817,0.07310745120048523,0.4790000021457672,0.6072999835014343
YKL005C,YOR099W,0,-5.381833,0.07309629023075104,0.4790000021457672,0.6074000000953674
YML046W,YPR032W,0,-5.381855,0.07308513671159744,0.4790000021457672,0.6075000166893005
YIL073C,YDR311W,0,-5.3818607,0.07307399064302444,0.4790000021457672,0.6075999736785889
YML094W,YJL207C,0,-5.3819494,0.07306284457445145,0.4790000021457672,0.607699990272522
YGR037C,YJR050W,0,-5.381962,0.07305169850587845,0.4790000021457672,0.6078000068664551
YOL078W,YLR129W,0,-5.3822207,0.07304055988788605,0.4790000021457672,0.6079000234603882
YBR029C,YLR035C,0,-5.382434,0.07302942872047424,0.4790000021457672,0.6079999804496765
YER107C,YGL039W,0,-5.3826303,0.07301829010248184,0.4790000021457672,0.6080999970436096
YKL007W,YGR104C,0,-5.3826747,0.07300716638565063,0.4790000021457672,0.6082000136375427
YPL012W,YNL247W,0,-5.382724,0.07299603521823883,0.4790000021457672,0.608299970626831
YLR043C,YDR400W,0,-5.382952,0.07298491895198822,0.4790000021457672,0.6083999872207642
YGL167C,YEL065W,1,-5.382995,0.07312614470720291,0.47999998927116394,0.6083999872207642
YKL152C,YIL149C,0,-5.3830357,0.07311500608921051,0.47999998927116394,0.6085000038146973
YOR168W,YLL035W,0,-5.3830495,0.07310386747121811,0.47999998927116394,0.6086000204086304
YPR164W,YOR279C,0,-5.3830824,0.0730927363038063,0.47999998927116394,0.6086999773979187
YLL004W,YDR164C,0,-5.383133,0.0730816051363945,0.47999998927116394,0.6087999939918518
YPL244C,YDR429C,0,-5.3832116,0.0730704814195633,0.47999998927116394,0.6089000105857849
YGR188C,YIL085C,0,-5.3832355,0.07305935770273209,0.47999998927116394,0.609000027179718
YLR394W,YKR076W,0,-5.383316,0.07304824143648148,0.47999998927116394,0.6090999841690063
YPL040C,YJR132W,0,-5.383461,0.07303712517023087,0.47999998927116394,0.6092000007629395
YDR270W,YJR077C,1,-5.3837204,0.07317814975976944,0.48100000619888306,0.6092000007629395
YPL179W,YPL012W,0,-5.383813,0.07316701859235764,0.48100000619888306,0.6093000173568726
YKL208W,YJL059W,0,-5.3838406,0.07315589487552643,0.48100000619888306,0.6093999743461609
YFR034C,YDR359C,0,-5.3839097,0.07314477115869522,0.48100000619888306,0.609499990940094
YPL085W,YGL162W,0,-5.3842835,0.07313364744186401,0.48100000619888306,0.6096000075340271
YCL029C,YDR093W,0,-5.3843346,0.0731225311756134,0.48100000619888306,0.6097000241279602
YJR121W,YKL120W,1,-5.3844395,0.07326341420412064,0.4819999933242798,0.6097000241279602
YFR028C,YDR179C,0,-5.3844705,0.07325228303670883,0.4819999933242798,0.6097999811172485
YNL314W,YJL035C,0,-5.3846474,0.07324115186929703,0.4819999933242798,0.6098999977111816
YNL286W,YNL323W,0,-5.38465,0.07323002070188522,0.4819999933242798,0.6100000143051147
YNR056C,YPL146C,0,-5.384695,0.07321889698505402,0.4819999933242798,0.6100999712944031
YNL231C,YHR026W,0,-5.3847847,0.07320777326822281,0.4819999933242798,0.6101999878883362
YNL008C,YFL008W,0,-5.3849926,0.0731966570019722,0.4819999933242798,0.6103000044822693
YIR004W,YPL058C,0,-5.385193,0.07318554818630219,0.4819999933242798,0.6104000210762024
YHL047C,YGR121C,1,-5.3853693,0.0733262449502945,0.4830000102519989,0.6104000210762024
YMR070W,YGL232W,0,-5.3857307,0.07331512123346329,0.4830000102519989,0.6104999780654907
YOR079C,YER173W,0,-5.3857327,0.07330399006605148,0.4830000102519989,0.6105999946594238
YLL043W,YDR342C,0,-5.3859844,0.07329286634922028,0.4830000102519989,0.6107000112533569
YKL194C,YGR030C,0,-5.3861213,0.07328175008296967,0.4830000102519989,0.61080002784729
YDR106W,YML094W,0,-5.3861966,0.07327063381671906,0.4830000102519989,0.6108999848365784
YBR201W,YOR287C,0,-5.386275,0.07325951755046844,0.4830000102519989,0.6110000014305115
YIL036W,YKL068W,0,-5.3862796,0.07324840873479843,0.4830000102519989,0.6111000180244446
YDL142C,YOR031W,0,-5.3863544,0.07323729991912842,0.4830000102519989,0.6111999750137329
YDR201W,YIR026C,0,-5.3870106,0.073226198554039,0.4830000102519989,0.611299991607666
YAL044C,YKR031C,0,-5.387312,0.07321509718894958,0.4830000102519989,0.6114000082015991
YOR244W,YER111C,0,-5.3873806,0.07320400327444077,0.4830000102519989,0.6115000247955322
YOL165C,YPL040C,0,-5.387412,0.07319290935993195,0.4830000102519989,0.6115999817848206
YOL158C,YJL094C,1,-5.387418,0.07333333045244217,0.48399999737739563,0.6115999817848206
YLR453C,YKR081C,0,-5.387429,0.07332222163677216,0.48399999737739563,0.6116999983787537
YGL174W,YPL048W,0,-5.38771,0.07331112027168274,0.48399999737739563,0.6118000149726868
YGL068W,YHR200W,0,-5.388104,0.07330001145601273,0.48399999737739563,0.6118999719619751
YNL233W,YER143W,0,-5.388117,0.0732889175415039,0.48399999737739563,0.6119999885559082
YPL268W,YGR241C,0,-5.3881617,0.07327781617641449,0.48399999737739563,0.6121000051498413
YKR026C,YBL033C,0,-5.388297,0.07326672971248627,0.48399999737739563,0.6122000217437744
YEL030W,YDR147W,0,-5.3883767,0.07325563579797745,0.48399999737739563,0.6122999787330627
YJL110C,YLR148W,0,-5.388875,0.07324454933404922,0.48399999737739563,0.6123999953269958
YKL084W,YIL109C,0,-5.3893514,0.0732334703207016,0.48399999737739563,0.612500011920929
YEL050C,YJR086W,0,-5.3898396,0.07322239130735397,0.48399999737739563,0.6126000285148621
YDR038C,YGR257C,1,-5.3898516,0.0733625739812851,0.48500001430511475,0.6126000285148621
YDR345C,YOR208W,0,-5.389888,0.07335148006677628,0.48500001430511475,0.6126999855041504
YGL084C,YPL011C,0,-5.3901663,0.07334039360284805,0.48500001430511475,0.6128000020980835
YOR174W,YLR303W,0,-5.3906307,0.07332929968833923,0.48500001430511475,0.6129000186920166
YGR120C,YGR159C,0,-5.390677,0.07331821322441101,0.48500001430511475,0.6129999756813049
YOR049C,YLR447C,0,-5.39076,0.07330713421106339,0.48500001430511475,0.613099992275238
YLR361C,YPL163C,0,-5.3907847,0.07329605519771576,0.48500001430511475,0.6132000088691711
YGR221C,YML029W,0,-5.391077,0.07328498363494873,0.48500001430511475,0.6133000254631042
YDL101C,YDR259C,0,-5.3911824,0.0732739120721817,0.48500001430511475,0.6133999824523926
YMR202W,YDR181C,0,-5.391448,0.07326284050941467,0.48500001430511475,0.6134999990463257
YNL286W,YMR212C,0,-5.391532,0.07325177639722824,0.48500001430511475,0.6136000156402588
YKL213C,YGL226C-A,0,-5.391577,0.07324071228504181,0.48500001430511475,0.6136999726295471
YLR222C,YOR060C,0,-5.391613,0.07322965562343597,0.48500001430511475,0.6137999892234802
YIL110W,YNR048W,0,-5.3920765,0.07321859896183014,0.48500001430511475,0.6139000058174133
YGR037C,YGL013C,0,-5.3922777,0.0732075497508049,0.48500001430511475,0.6140000224113464
YNR016C,YMR048W,0,-5.3922997,0.07319650053977966,0.48500001430511475,0.6140999794006348
YDR424C,YHL020C,0,-5.392494,0.07318545132875443,0.48500001430511475,0.6141999959945679
YAR019C,YHR042W,0,-5.392505,0.07317440956830978,0.48500001430511475,0.614300012588501
YNL281W,YLR357W,0,-5.392774,0.07316337525844574,0.48500001430511475,0.6144000291824341
YMR277W,YOR295W,0,-5.3928514,0.0731523409485817,0.48500001430511475,0.6144999861717224
YOL063C,YFR052W,0,-5.3928723,0.07314130663871765,0.48500001430511475,0.6146000027656555
YGL122C,YDL058W,0,-5.3932724,0.0731302797794342,0.48500001430511475,0.6147000193595886
YER026C,YOR320C,0,-5.393359,0.07311925292015076,0.48500001430511475,0.614799976348877
YMR004W,YPR165W,0,-5.393417,0.0731082335114479,0.48500001430511475,0.6148999929428101
YDL200C,YJR068W,0,-5.3935905,0.07309721410274506,0.48500001430511475,0.6150000095367432
YNL117W,YCR033W,0,-5.3938465,0.0730861946940422,0.48500001430511475,0.6151000261306763
YIL009C-A,YPR134W,0,-5.3939247,0.07307518273591995,0.48500001430511475,0.6151999831199646
YML046W,YML097C,0,-5.3940296,0.0730641782283783,0.48500001430511475,0.6152999997138977
YNL027W,YEL069C,0,-5.3941154,0.07305317372083664,0.48500001430511475,0.6154000163078308
YBR070C,YLR260W,0,-5.3941307,0.07304216921329498,0.48500001430511475,0.6154999732971191
YKL170W,YHR016C,0,-5.3942146,0.07303117215633392,0.48500001430511475,0.6155999898910522
YOR023C,YNR010W,0,-5.394411,0.07302017509937286,0.48500001430511475,0.6157000064849854
YDR456W,YBR024W,1,-5.394417,0.07315971702337265,0.4860000014305115,0.6157000064849854
YDL143W,YMR202W,0,-5.3945885,0.0731487050652504,0.4860000014305115,0.6158000230789185
YIL142W,YPL140C,0,-5.394679,0.07313770055770874,0.4860000014305115,0.6158999800682068
YDL216C,YHR154W,0,-5.39478,0.07312669605016708,0.4860000014305115,0.6159999966621399
YLR347C,YPL093W,0,-5.394904,0.07311569154262543,0.4860000014305115,0.616100013256073
YPL026C,YGR229C,0,-5.394987,0.07310469448566437,0.4860000014305115,0.6161999702453613
YPL267W,YGL143C,0,-5.3950405,0.07309369742870331,0.4860000014305115,0.6162999868392944
YBR143C,YKL041W,0,-5.3950787,0.07308270782232285,0.4860000014305115,0.6164000034332275
YPR183W,YGL127C,0,-5.3950934,0.07307171821594238,0.4860000014305115,0.6165000200271606
YPR164W,YPR108W,0,-5.395364,0.07306073606014252,0.4860000014305115,0.616599977016449
YKL188C,YDR082W,0,-5.395443,0.07304975390434265,0.4860000014305115,0.6166999936103821
YHL047C,YGR257C,1,-5.395458,0.07318905740976334,0.4869999885559082,0.6166999936103821
YDR236C,YKR082W,0,-5.395463,0.07317806035280228,0.4869999885559082,0.6168000102043152
YPR030W,YDR288W,0,-5.3959556,0.07316707074642181,0.4869999885559082,0.6169000267982483
YOR335C,YGL162W,0,-5.3960733,0.07315607368946075,0.4869999885559082,0.6169999837875366
YJL076W,YKR101W,0,-5.396181,0.07314509153366089,0.4869999885559082,0.6171000003814697
YGL236C,YNL163C,0,-5.3962827,0.07313410192728043,0.4869999885559082,0.6172000169754028
YAL020C,YDR096W,0,-5.3963413,0.07312311977148056,0.4869999885559082,0.6172999739646912
YOR298W,YDL147W,0,-5.3963795,0.07311214506626129,0.4869999885559082,0.6173999905586243
YPL248C,YBR009C,0,-5.396426,0.07310117036104202,0.4869999885559082,0.6175000071525574
YNR001C,YFL004W,0,-5.396611,0.07309020310640335,0.4869999885559082,0.6176000237464905
YHR116W,YNL111C,0,-5.396658,0.07307922840118408,0.4869999885559082,0.6176999807357788
YMR246W,YIL026C,0,-5.396777,0.07306826859712601,0.4869999885559082,0.6177999973297119
YBL097W,YDL035C,0,-5.396938,0.07305730879306793,0.4869999885559082,0.617900013923645
YEL024W,YMR270C,0,-5.39701,0.07304634898900986,0.4869999885559082,0.6179999709129333
YKL135C,YOL101C,0,-5.397134,0.07303539663553238,0.4869999885559082,0.6180999875068665
YPR113W,YML098W,0,-5.397439,0.0730244442820549,0.4869999885559082,0.6182000041007996
YGL181W,YMR272C,0,-5.3974605,0.07301349192857742,0.4869999885559082,0.6183000206947327
YDR376W,YDR285W,0,-5.397668,0.07300254702568054,0.4869999885559082,0.618399977684021
YOR201C,YNL053W,0,-5.3976755,0.07299160957336426,0.4869999885559082,0.6184999942779541
YER027C,YGR086C,0,-5.3977237,0.07298066467046738,0.4869999885559082,0.6186000108718872
YJR118C,YOL064C,0,-5.3978934,0.07296973466873169,0.4869999885559082,0.6187000274658203
YCR073W-A,YDR472W,0,-5.3980055,0.072958804666996,0.4869999885559082,0.6187999844551086
YPL119C,YML059C,0,-5.3981867,0.07294787466526031,0.4869999885559082,0.6189000010490417
YPL126W,YML064C,0,-5.3981924,0.07293694466352463,0.4869999885559082,0.6190000176429749
YJL124C,YEL054C,0,-5.3984118,0.07292602211236954,0.4869999885559082,0.6190999746322632
YJL207C,YMR201C,0,-5.398511,0.07291510701179504,0.4869999885559082,0.6191999912261963
YOR243C,YMR270C,0,-5.3986444,0.07290419191122055,0.4869999885559082,0.6193000078201294
YDL195W,YLR045C,0,-5.3987885,0.07289327681064606,0.4869999885559082,0.6194000244140625
YGL233W,YPR080W,0,-5.398847,0.07288236916065216,0.4869999885559082,0.6194999814033508
YOL002C,YKR063C,0,-5.398917,0.07287146151065826,0.4869999885559082,0.6195999979972839
YLR215C,YLR098C,0,-5.3989344,0.07286056131124496,0.4869999885559082,0.619700014591217
YBL033C,YGR141W,0,-5.3990793,0.07284966111183167,0.4869999885559082,0.6197999715805054
YMR202W,YOR254C,0,-5.3993387,0.07283876836299896,0.4869999885559082,0.6198999881744385
YMR292W,YPL243W,0,-5.399472,0.07282787561416626,0.4869999885559082,0.6200000047683716
YHR055C,YDR037W,0,-5.399661,0.07281698286533356,0.4869999885559082,0.6201000213623047
YIL079C,YGL180W,0,-5.399716,0.07280609756708145,0.4869999885559082,0.620199978351593
YDR270W,YGR257C,1,-5.4000044,0.07294469326734543,0.4880000054836273,0.620199978351593
YPL018W,YDR517W,0,-5.400074,0.07293379306793213,0.4880000054836273,0.6202999949455261
YPL266W,YML076C,0,-5.4003453,0.07292289286851883,0.4880000054836273,0.6204000115394592
YJR105W,YFL060C,0,-5.4004784,0.07291200011968613,0.4880000054836273,0.6205000281333923
YBR211C,YAL040C,0,-5.4005013,0.07290110737085342,0.4880000054836273,0.6205999851226807
YGL043W,YML052W,0,-5.4007454,0.07289021462202072,0.4880000054836273,0.6207000017166138
YPL228W,YGL096W,0,-5.400839,0.07287932932376862,0.4880000054836273,0.6208000183105469
YDL031W,YPL053C,0,-5.401259,0.0728684514760971,0.4880000054836273,0.6208999752998352
YOR038C,YJL093C,0,-5.4012995,0.072857566177845,0.4880000054836273,0.6209999918937683
YGR103W,YIL061C,0,-5.4013014,0.07284669578075409,0.4880000054836273,0.6211000084877014
YGL136C,YOR129C,0,-5.401467,0.07283581793308258,0.4880000054836273,0.6212000250816345
YLR380W,YNL329C,0,-5.401491,0.07282495498657227,0.4880000054836273,0.6212999820709229
YHR098C,YDR285W,0,-5.4016237,0.07281408458948135,0.4880000054836273,0.621399998664856
YER146W,YBR170C,0,-5.4018707,0.07280322164297104,0.4880000054836273,0.6215000152587891
YGR109C,YLR305C,0,-5.40224,0.07279236614704132,0.4880000054836273,0.6215999722480774
YFL031W,YAL001C,0,-5.4023576,0.072781503200531,0.4880000054836273,0.6216999888420105
YGR004W,YHR111W,0,-5.402812,0.07277065515518188,0.4880000054836273,0.6218000054359436
YBR041W,YHR014W,0,-5.403272,0.07275979965925217,0.4880000054836273,0.6219000220298767
YFL022C,YJL033W,0,-5.4033146,0.07274895906448364,0.4880000054836273,0.621999979019165
YGL222C,YDR201W,0,-5.4035044,0.07273811101913452,0.4880000054836273,0.6220999956130981
YOR185C,YEL041W,0,-5.403557,0.072727270424366,0.4880000054836273,0.6222000122070312
YMR219W,YDR483W,0,-5.4038153,0.07271643728017807,0.4880000054836273,0.6223000288009644
YDL043C,YBR127C,0,-5.4039564,0.07270560413599014,0.4880000054836273,0.6223999857902527
YGR195W,YHR060W,0,-5.4040394,0.07269477099180222,0.4880000054836273,0.6225000023841858
YGR195W,YGR013W,0,-5.404078,0.07268394529819489,0.4880000054836273,0.6226000189781189
YDR432W,YDR103W,0,-5.404511,0.07267311960458755,0.4880000054836273,0.6226999759674072
YLR192C,YFL017W-A,0,-5.40458,0.07266230136156082,0.4880000054836273,0.6227999925613403
YBR023C,YOL094C,0,-5.404826,0.07265148311853409,0.4880000054836273,0.6229000091552734
YDL245C,YDL134C,0,-5.4048443,0.07264066487550735,0.4880000054836273,0.6230000257492065
YNL142W,YOR137C,1,-5.404853,0.07277868688106537,0.48899999260902405,0.6230000257492065
YOL017W,YER148W,0,-5.4049873,0.07276785373687744,0.48899999260902405,0.6230999827384949
YLR304C,YBL022C,0,-5.405012,0.07275702804327011,0.48899999260902405,0.623199999332428
YKR068C,YPR023C,0,-5.405013,0.07274620980024338,0.48899999260902405,0.6233000159263611
YJL110C,YDR356W,0,-5.4050555,0.07273538410663605,0.48899999260902405,0.6233999729156494
YBR020W,YDL022W,0,-5.405196,0.07272456586360931,0.48899999260902405,0.6234999895095825
YNL061W,YJL156C,0,-5.40534,0.07271375507116318,0.48899999260902405,0.6236000061035156
YNR060W,YCR037C,1,-5.405453,0.07285162061452866,0.49000000953674316,0.6236000061035156
YOR232W,YDR330W,0,-5.4055758,0.07284078747034073,0.49000000953674316,0.6237000226974487
YJL100W,YIL129C,0,-5.405578,0.0728299617767334,0.49000000953674316,0.6237999796867371
YKL046C,YML006C,0,-5.4056983,0.07281914353370667,0.49000000953674316,0.6238999962806702
YFL057C,YNL015W,0,-5.406006,0.07280831784009933,0.49000000953674316,0.6240000128746033
YJL214W,YBR165W,0,-5.406038,0.0727975070476532,0.49000000953674316,0.6241000294685364
YIL023C,YLR130C,1,-5.406125,0.07293523102998734,0.4909999966621399,0.6241000294685364
YIL036W,YDL095W,0,-5.406221,0.07292440533638,0.4909999966621399,0.6241999864578247
YPR083W,YOR115C,0,-5.4064474,0.07291357219219208,0.4909999966621399,0.6243000030517578
YGR256W,YOR231W,0,-5.4068604,0.07290274649858475,0.4909999966621399,0.6244000196456909
YJR069C,YBL005W,0,-5.407027,0.07289192080497742,0.4909999966621399,0.6244999766349792
YKR065C,YER171W,0,-5.407761,0.07288110256195068,0.4909999966621399,0.6245999932289124
YGL071W,YLR130C,1,-5.4082155,0.07301869988441467,0.492000013589859,0.6245999932289124
YDL192W,YMR182C,0,-5.4083376,0.07300786674022675,0.492000013589859,0.6247000098228455
YNR031C,YFL049W,0,-5.4085445,0.07299703359603882,0.492000013589859,0.6248000264167786
YLR084C,YLR403W,0,-5.408746,0.07298620045185089,0.492000013589859,0.6248999834060669
YMR025W,YGL249W,0,-5.408759,0.07297537475824356,0.492000013589859,0.625
YGR163W,YPL176C,0,-5.4088345,0.07296455651521683,0.492000013589859,0.6251000165939331
YBR257W,YCR018C,0,-5.408994,0.0729537382721901,0.492000013589859,0.6251999735832214
YPL055C,YDR103W,0,-5.409082,0.07294292002916336,0.492000013589859,0.6252999901771545
YOL130W,YDR322C-A,1,-5.409172,0.07308034598827362,0.49300000071525574,0.6252999901771545
YMR041C,YOR195W,0,-5.4093075,0.0730695128440857,0.49300000071525574,0.6254000067710876
YMR041C,YDR073W,0,-5.409312,0.07305868715047836,0.49300000071525574,0.6255000233650208
YFL013C,YOL111C,0,-5.409433,0.07304786145687103,0.49300000071525574,0.6255999803543091
YLR081W,YCR065W,0,-5.4096365,0.0730370357632637,0.49300000071525574,0.6256999969482422
YLR214W,YIL023C,1,-5.4100423,0.07317434251308441,0.49399998784065247,0.6256999969482422
YLR431C,YPL176C,0,-5.4101,0.07316350936889648,0.49399998784065247,0.6258000135421753
YKR052C,YPL092W,1,-5.410192,0.07330075651407242,0.4950000047683716,0.6258000135421753
YJL074C,YCL033C,0,-5.4102073,0.0732899010181427,0.4950000047683716,0.6258999705314636
YJL102W,YOR110W,0,-5.4102697,0.07327905297279358,0.4950000047683716,0.6259999871253967
YOR294W,YKL203C,0,-5.410298,0.07326820492744446,0.4950000047683716,0.6261000037193298
YNL003C,YDR469W,0,-5.4104834,0.07325736433267593,0.4950000047683716,0.6262000203132629
YGL222C,YKL035W,0,-5.410638,0.07324652373790741,0.4950000047683716,0.6262999773025513
YHL038C,YGL003C,0,-5.410887,0.07323568314313889,0.4950000047683716,0.6263999938964844
YDR179C,YNL117W,0,-5.4113045,0.07322484999895096,0.4950000047683716,0.6265000104904175
YDR176W,YKL080W,0,-5.4115567,0.07321402430534363,0.4950000047683716,0.6266000270843506
YGL005C,YPL151C,0,-5.4119163,0.0732031911611557,0.4950000047683716,0.6266999840736389
YDL216C,YBL061C,0,-5.4123554,0.07319237291812897,0.4950000047683716,0.626800000667572
YER094C,YLR154C,0,-5.412359,0.07318154722452164,0.4950000047683716,0.6269000172615051
YDR037W,YDR192C,0,-5.4124527,0.0731707289814949,0.4950000047683716,0.6269999742507935
YBL009W,YPL239W,0,-5.4126706,0.07315991818904877,0.4950000047683716,0.6270999908447266
YKL220C,YIL114C,1,-5.4130173,0.07329688221216202,0.4959999918937683,0.6270999908447266
YGR121C,YJL198W,1,-5.413072,0.07343380898237228,0.4970000088214874,0.6270999908447266
YFL011W,YDR189W,0,-5.4134693,0.07342296093702316,0.4970000088214874,0.6272000074386597
YKR066C,YPR032W,0,-5.413526,0.07341211289167404,0.4970000088214874,0.6273000240325928
YGL178W,YLR452C,0,-5.4135666,0.07340127229690552,0.4970000088214874,0.6273999810218811
YLR451W,YBR213W,0,-5.413764,0.073390431702137,0.4970000088214874,0.6274999976158142
YMR250W,YBR170C,0,-5.41397,0.07337959855794907,0.4970000088214874,0.6276000142097473
YPR155C,YDR081C,0,-5.414109,0.07336876541376114,0.4970000088214874,0.6276999711990356
YHR107C,YCR020C,0,-5.414377,0.07335793226957321,0.4970000088214874,0.6277999877929688
YJL063C,YGR152C,0,-5.4144144,0.07334710657596588,0.4970000088214874,0.6279000043869019
YMR162C,YDR400W,0,-5.414475,0.07333628088235855,0.4970000088214874,0.628000020980835
YHL031C,YGL120C,0,-5.4145656,0.07332546263933182,0.4970000088214874,0.6280999779701233
YDR225W,YKL043W,0,-5.4149084,0.07331465184688568,0.4970000088214874,0.6281999945640564
YNR060W,YGL167C,1,-5.4155436,0.07345132529735565,0.49799999594688416,0.6281999945640564
YCL029C,YOR310C,0,-5.4156256,0.07344049215316772,0.49799999594688416,0.6283000111579895
YDR295C,YNL119W,0,-5.415734,0.0734296664595604,0.49799999594688416,0.6284000277519226
YGR092W,YOR150W,0,-5.415893,0.07341884076595306,0.49799999594688416,0.6284999847412109
YFL031W,YCR027C,0,-5.416108,0.07340802252292633,0.49799999594688416,0.628600001335144
YML112W,YFL022C,0,-5.416153,0.073397196829319,0.49799999594688416,0.6287000179290771
YJL026W,YOR327C,0,-5.4168024,0.07338638603687286,0.49799999594688416,0.6287999749183655
YOL051W,YEL034W,0,-5.41682,0.07337556779384613,0.49799999594688416,0.6288999915122986
YPR007C,YDR369C,0,-5.417129,0.07336476445198059,0.49799999594688416,0.6290000081062317
YMR280C,YDL226C,0,-5.4171686,0.07335395365953445,0.49799999594688416,0.6291000247001648
YDR143C,YGL210W,0,-5.4174576,0.07334315031766891,0.49799999594688416,0.6291999816894531
YNR019W,YPR135W,0,-5.417593,0.07333235442638397,0.49799999594688416,0.6292999982833862
YER154W,YEL012W,0,-5.4176908,0.07332155108451843,0.49799999594688416,0.6294000148773193
YKL185W,YHR164C,0,-5.4177427,0.07331076264381409,0.49799999594688416,0.6294999718666077
YOR307C,YLR262C,0,-5.41808,0.07329997420310974,0.49799999594688416,0.6295999884605408
YNL068C,YDR345C,0,-5.418253,0.0732891857624054,0.49799999594688416,0.6297000050544739
YBR089C-A,YGL039W,0,-5.4184566,0.07327839732170105,0.49799999594688416,0.629800021648407
YPR042C,YKL144C,0,-5.418662,0.0732676163315773,0.49799999594688416,0.6298999786376953
YOR081C,YJL139C,0,-5.4188256,0.07325684279203415,0.49799999594688416,0.6299999952316284
YNL318C,YLR147C,0,-5.4191694,0.073246069252491,0.49799999594688416,0.6301000118255615
YCR005C,YCR028C-A,0,-5.419326,0.07323529571294785,0.49799999594688416,0.6302000284194946
YLR229C,YDR490C,0,-5.419603,0.0732245221734047,0.49799999594688416,0.630299985408783
YOR046C,YOL091W,0,-5.4197774,0.07321376353502274,0.49799999594688416,0.6304000020027161
YPL195W,YML011C,0,-5.419787,0.07320299744606018,0.49799999594688416,0.6305000185966492
YGL061C,YPR052C,0,-5.4200745,0.07319223880767822,0.49799999594688416,0.6305999755859375
YBR278W,YLR056W,0,-5.4202666,0.07318148761987686,0.49799999594688416,0.6306999921798706
YBR192W,YLR183C,0,-5.420639,0.0731707289814949,0.49799999594688416,0.6308000087738037
YOL031C,YPL124W,0,-5.4207077,0.07315998524427414,0.49799999594688416,0.6309000253677368
YGR225W,YDR461W,0,-5.420781,0.07314923405647278,0.49799999594688416,0.6309999823570251
YGR254W,YGR141W,0,-5.4209185,0.07313849031925201,0.49799999594688416,0.6310999989509583
YNL127W,YMR201C,0,-5.42101,0.07312775403261185,0.49799999594688416,0.6312000155448914
YER028C,YER082C,0,-5.421179,0.07311701774597168,0.49799999594688416,0.6312999725341797
YMR042W,YBR256C,0,-5.421338,0.07310628145933151,0.49799999594688416,0.6313999891281128
YDR129C,YGR172C,0,-5.421576,0.07309555262327194,0.49799999594688416,0.6315000057220459
YDL099W,YMR285C,0,-5.421665,0.07308482378721237,0.49799999594688416,0.631600022315979
YDL245C,YNL294C,0,-5.4219604,0.0730741024017334,0.49799999594688416,0.6316999793052673
YPL078C,YJL094C,1,-5.4219856,0.07321009039878845,0.49900001287460327,0.6316999793052673
YDR294C,YDL138W,0,-5.4220023,0.07319935411214828,0.49900001287460327,0.6317999958992004
YPR167C,YFL004W,0,-5.4222593,0.07318861782550812,0.49900001287460327,0.6319000124931335
YLR190W,YNL054W,0,-5.422308,0.07317788898944855,0.49900001287460327,0.6320000290870667
YAL035W,YNL169C,0,-5.422392,0.07316715270280838,0.49900001287460327,0.632099986076355
YLR160C,YFR027W,0,-5.4224877,0.0731564313173294,0.49900001287460327,0.6322000026702881
YOL012C,YHR042W,0,-5.422534,0.07314570248126984,0.49900001287460327,0.6323000192642212
YLR098C,YHL031C,0,-5.4227843,0.07313498109579086,0.49900001287460327,0.6323999762535095
YJL094C,YGR008C,1,-5.423465,0.07327081263065338,0.5,0.6323999762535095
YGL105W,YBR073W,0,-5.4236135,0.07326007634401321,0.5,0.6324999928474426
YJL111W,YJL005W,0,-5.4237604,0.07324934005737305,0.5,0.6326000094413757
YPL195W,YCR057C,0,-5.423805,0.07323861122131348,0.5,0.6327000260353088
YPL028W,YDR260C,0,-5.4238825,0.0732278823852539,0.5,0.6327999830245972
YKL028W,YOR256C,0,-5.4239726,0.07321716099977493,0.5,0.6328999996185303
YNL116W,YOR353C,0,-5.4240103,0.07320643961429596,0.5,0.6330000162124634
YMR285C,YOL001W,0,-5.424058,0.07319572567939758,0.5,0.6330999732017517
YOL090W,YFR005C,0,-5.4243984,0.0731850117444992,0.5,0.6331999897956848
YCL040W,YNL128W,0,-5.4249325,0.07317429780960083,0.5,0.6333000063896179
YHR175W,YJL198W,1,-5.4249563,0.07330992072820663,0.5009999871253967,0.6333000063896179
YML123C,YNR039C,1,-5.42501,0.07344549894332886,0.5019999742507935,0.6333000063896179
YBR059C,YHR034C,0,-5.425113,0.0734347552061081,0.5019999742507935,0.633400022983551
YOR381W,YKR052C,1,-5.4252443,0.07357028126716614,0.503000020980835,0.633400022983551
YML080W,YGL209W,0,-5.425321,0.07355952262878418,0.503000020980835,0.6334999799728394
YLR216C,YLR141W,0,-5.425355,0.07354876399040222,0.503000020980835,0.6335999965667725
YOL110W,YNL222W,0,-5.425515,0.07353801280260086,0.503000020980835,0.6337000131607056
YMR128W,YDR060W,0,-5.4257035,0.0735272616147995,0.503000020980835,0.6338000297546387
YPL147W,YMR030W,0,-5.425745,0.07351651787757874,0.503000020980835,0.633899986743927
YHR175W,YOL158C,1,-5.4259796,0.07365190982818604,0.5040000081062317,0.633899986743927
YJL219W,YPL133C,0,-5.4261537,0.07364114373922348,0.5040000081062317,0.6340000033378601
YMR319C,YJL198W,1,-5.426235,0.073776476085186,0.5049999952316284,0.6340000033378601
YHL048W,YPL240C,0,-5.4263477,0.07376570254564285,0.5049999952316284,0.6341000199317932
YMR246W,YDL098C,0,-5.4265223,0.0737549290060997,0.5049999952316284,0.6341999769210815
YDL126C,YER015W,0,-5.4265227,0.07374415546655655,0.5049999952316284,0.6342999935150146
YOR005C,YKR054C,0,-5.426717,0.073733389377594,0.5049999952316284,0.6344000101089478
YIL026C,YJR104C,0,-5.426746,0.07372263073921204,0.5049999952316284,0.6345000267028809
YDR252W,YBR008C,0,-5.426772,0.07371186465024948,0.5049999952316284,0.6345999836921692
YJR135C,YIL066C,0,-5.426837,0.07370110601186752,0.5049999952316284,0.6347000002861023
YER044C,YCR028C,0,-5.4268594,0.07369035482406616,0.5049999952316284,0.6348000168800354
YDL065C,YHR021C,0,-5.4269543,0.0736796036362648,0.5049999952316284,0.6348999738693237
YLR074C,YLR335W,0,-5.427142,0.07366885244846344,0.5049999952316284,0.6349999904632568
YJL058C,YPL265W,0,-5.427253,0.07365810871124268,0.5049999952316284,0.6351000070571899
YLR210W,YDR201W,0,-5.427271,0.07364736497402191,0.5049999952316284,0.635200023651123
YGL071W,YJR077C,1,-5.427348,0.07378244400024414,0.5059999823570251,0.635200023651123
YBL003C,YOR380W,0,-5.4273815,0.07377168536186218,0.5059999823570251,0.6352999806404114
YGR109C,YHR116W,0,-5.427415,0.07376093417406082,0.5059999823570251,0.6353999972343445
YOR233W,YOL040C,0,-5.4275656,0.07375018298625946,0.5059999823570251,0.6355000138282776
YLR195C,YLR362W,0,-5.427586,0.0737394317984581,0.5059999823570251,0.6355999708175659
YKL007W,YLR288C,0,-5.427739,0.07372868806123734,0.5059999823570251,0.635699987411499
YOR335C,YNL219C,0,-5.4279127,0.07371795177459717,0.5059999823570251,0.6358000040054321
YNL148C,YOL026C,0,-5.427926,0.0737072080373764,0.5059999823570251,0.6359000205993652
YBR182C,YDR330W,0,-5.428032,0.07369647175073624,0.5059999823570251,0.6359999775886536
YLR192C,YML007W,0,-5.428191,0.07368574291467667,0.5059999823570251,0.6360999941825867
YOL130W,YPR201W,1,-5.42828,0.07382062077522278,0.5070000290870667,0.6360999941825867
YKL126W,YOR084W,0,-5.42834,0.07380986958742142,0.5070000290870667,0.6362000107765198
YJR077C,YKL064W,1,-5.428385,0.07394468784332275,0.5080000162124634,0.6362000107765198
YNL136W,YNL009W,0,-5.4286613,0.0739339217543602,0.5080000162124634,0.6363000273704529
YOL023W,YDR443C,0,-5.4288974,0.07392316311597824,0.5080000162124634,0.6363999843597412
YNL009W,YKR101W,0,-5.4293976,0.07391241192817688,0.5080000162124634,0.6365000009536743
YER089C,YGL171W,0,-5.4294024,0.07390166074037552,0.5080000162124634,0.6366000175476074
YGL249W,YGR211W,0,-5.429487,0.07389090955257416,0.5080000162124634,0.6366999745368958
YGR191W,YOR137C,1,-5.4295325,0.07402559369802475,0.5090000033378601,0.6366999745368958
YGR155W,YHR203C,0,-5.4298124,0.07401483505964279,0.5090000033378601,0.6367999911308289
YLR411W,YHR050W,1,-5.4299803,0.07414945960044861,0.5099999904632568,0.6367999911308289
YOR249C,YER009W,0,-5.4300385,0.07413868606090546,0.5099999904632568,0.636900007724762
YNL023C,YKL006C-A,0,-5.4303265,0.07412790507078171,0.5099999904632568,0.6370000243186951
YFL038C,YDR341C,0,-5.430455,0.07411713153123856,0.5099999904632568,0.6370999813079834
YJR143C,YNL312W,0,-5.430624,0.074106365442276,0.5099999904632568,0.6371999979019165
YDR122W,YJR042W,0,-5.4306636,0.07409559935331345,0.5099999904632568,0.6373000144958496
YOR032C,YKL012W,0,-5.430749,0.07408483326435089,0.5099999904632568,0.6373999714851379
YGR119C,YER125W,0,-5.430911,0.07407407462596893,0.5099999904632568,0.637499988079071
YNR035C,YDR259C,0,-5.4309554,0.07406331598758698,0.5099999904632568,0.6376000046730042
YPL214C,YNL107W,0,-5.431031,0.07405256479978561,0.5099999904632568,0.6377000212669373
YDR159W,YDL098C,0,-5.4312344,0.07404181361198425,0.5099999904632568,0.6377999782562256
YDR270W,YNL291C,1,-5.4315615,0.07417622208595276,0.5109999775886536,0.6377999782562256
YBR185C,YPR165W,0,-5.43162,0.0741654559969902,0.5109999775886536,0.6378999948501587
YKL020C,YER082C,0,-5.4316397,0.07415469735860825,0.5109999775886536,0.6380000114440918
YGR120C,YER094C,0,-5.4317584,0.07414393872022629,0.5109999775886536,0.6381000280380249
YDR231C,YOR089C,0,-5.431759,0.07413318008184433,0.5109999775886536,0.6381999850273132
YJL062W,YIL056W,0,-5.4322176,0.07412242889404297,0.5109999775886536,0.6383000016212463
YNL085W,YHL027W,0,-5.432332,0.07411167770624161,0.5109999775886536,0.6384000182151794
YLL019C,YDL190C,0,-5.4324207,0.07410092651844025,0.5109999775886536,0.6384999752044678
YDR202C,YER031C,0,-5.432603,0.07409018278121948,0.5109999775886536,0.6385999917984009
YBL011W,YLR362W,0,-5.4326673,0.07407944649457932,0.5109999775886536,0.638700008392334
YOR316C,YLR092W,1,-5.432729,0.0742136538028717,0.5120000243186951,0.638700008392334
YGR276C,YDL015C,0,-5.4328623,0.07420289516448975,0.5120000243186951,0.6388000249862671
YDR217C,YDR011W,0,-5.4329243,0.07419214397668839,0.5120000243186951,0.6388999819755554
YGL155W,YBL051C,0,-5.4329433,0.07418140023946762,0.5120000243186951,0.6389999985694885
YBL040C,YOR064C,0,-5.433037,0.07417064905166626,0.5120000243186951,0.6391000151634216
YKL139W,YHR083W,0,-5.433182,0.0741599053144455,0.5120000243186951,0.63919997215271
YFR028C,YOR014W,0,-5.4332047,0.07414916902780533,0.5120000243186951,0.6392999887466431
YGR253C,YOL005C,0,-5.433217,0.07413843274116516,0.5120000243186951,0.6394000053405762
YDR236C,YPR056W,0,-5.4332614,0.074127696454525,0.5120000243186951,0.6395000219345093
YBR278W,YFL016C,0,-5.4332666,0.07411696761846542,0.5120000243186951,0.6395999789237976
YIR025W,YPL118W,0,-5.433304,0.07410623878240585,0.5120000243186951,0.6396999955177307
YIL103W,YOL133W,0,-5.4335275,0.07409551739692688,0.5120000243186951,0.6398000121116638
YAR018C,YPL214C,0,-5.433735,0.0740847960114479,0.5120000243186951,0.6399000287055969
YLR201C,YCL043C,0,-5.433839,0.07407407462596893,0.5120000243186951,0.6399999856948853
YBL003C,YER178W,0,-5.4341245,0.07406336069107056,0.5120000243186951,0.6401000022888184
YML036W,YML057W,0,-5.4342957,0.07405264675617218,0.5120000243186951,0.6402000188827515
YPL095C,YLR342W,0,-5.4343166,0.0740419402718544,0.5120000243186951,0.6402999758720398
YGL206C,YGL070C,0,-5.434393,0.07403123378753662,0.5120000243186951,0.6403999924659729
YCL061C,YML120C,0,-5.434436,0.07402052730321884,0.5120000243186951,0.640500009059906
YOR335C,YDR240C,0,-5.434615,0.07400982826948166,0.5120000243186951,0.6406000256538391
YMR041C,YCL044C,0,-5.4346685,0.07399912923574448,0.5120000243186951,0.6406999826431274
YPL160W,YMR234W,0,-5.434717,0.07398843765258789,0.5120000243186951,0.6407999992370605
YOR316C,YOR334W,1,-5.4347215,0.07412223517894745,0.5130000114440918,0.6407999992370605
YPL078C,YGL006W,1,-5.434767,0.07425599545240402,0.5139999985694885,0.6407999992370605
YBL099W,YBR296C,1,-5.4347696,0.07438971847295761,0.5149999856948853,0.6407999992370605
YPL132W,YHR001W-A,0,-5.434821,0.07437897473573685,0.5149999856948853,0.6409000158309937
YJL031C,YNL070W,0,-5.435267,0.07436823099851608,0.5149999856948853,0.640999972820282
YGL256W,YMR013C,0,-5.435273,0.07435749471187592,0.5149999856948853,0.6410999894142151
YDR016C,YJL124C,0,-5.4354115,0.07434675842523575,0.5149999856948853,0.6412000060081482
YPL133C,YKL214C,0,-5.435508,0.07433602958917618,0.5149999856948853,0.6413000226020813
YPL049C,YPL021W,0,-5.4355583,0.07432530075311661,0.5149999856948853,0.6413999795913696
YDR461W,YBR267W,0,-5.4355617,0.07431457191705704,0.5149999856948853,0.6414999961853027
YER073W,YML092C,0,-5.4355974,0.07430385053157806,0.5149999856948853,0.6416000127792358
YJL187C,YOR064C,0,-5.435618,0.07429313659667969,0.5149999856948853,0.641700029373169
YOR299W,YDR346C,0,-5.4356513,0.07428241521120071,0.5149999856948853,0.6417999863624573
YKL149C,YER031C,0,-5.436179,0.07427170127630234,0.5149999856948853,0.6419000029563904
YOL077W-A,YBR039W,1,-5.4362273,0.07440519332885742,0.515999972820282,0.6419000029563904
YBR039W,YDR040C,1,-5.4362297,0.07453864067792892,0.5170000195503235,0.6419000029563904
YER167W,YNL245C,0,-5.4363794,0.07452789694070816,0.5170000195503235,0.6420000195503235
YOL059W,YDR457W,0,-5.436397,0.0745171532034874,0.5170000195503235,0.6420999765396118
YEL027W,YPR067W,1,-5.436445,0.07465052604675293,0.5180000066757202,0.6420999765396118
YCR002C,YEL051W,0,-5.4364786,0.07463976740837097,0.5180000066757202,0.6421999931335449
YPL234C,YKR056W,0,-5.43649,0.07462901622056961,0.5180000066757202,0.642300009727478
YDL178W,YML065W,0,-5.4366035,0.07461826503276825,0.5180000066757202,0.6424000263214111
YEL030W,YAL016W,0,-5.436696,0.07460752129554749,0.5180000066757202,0.6424999833106995
YFR028C,YHR039C,0,-5.437021,0.07459677755832672,0.5180000066757202,0.6425999999046326
YOL149W,YFL022C,0,-5.4373264,0.07458603382110596,0.5180000066757202,0.6427000164985657
YIR025W,YNL312W,0,-5.4378233,0.07457529753446579,0.5180000066757202,0.642799973487854
YDR097C,YGR245C,0,-5.437872,0.07456456124782562,0.5180000066757202,0.6428999900817871
YBR041W,YER032W,0,-5.4379487,0.07455382496118546,0.5180000066757202,0.6430000066757202
YNL172W,YDR174W,0,-5.437958,0.07454309612512589,0.5180000066757202,0.6431000232696533
YHR092C,YIR026C,0,-5.438094,0.07453237473964691,0.5180000066757202,0.6431999802589417
YKL002W,YDR060W,0,-5.438202,0.07452165335416794,0.5180000066757202,0.6432999968528748
YMR186W,YCR071C,0,-5.438386,0.07451093196868896,0.5180000066757202,0.6434000134468079
YGR037C,YLR095C,0,-5.438387,0.07450021803379059,0.5180000066757202,0.6434999704360962
YKL182W,YOR068C,0,-5.4387665,0.07448950409889221,0.5180000066757202,0.6435999870300293
YBR112C,YPR132W,0,-5.4388704,0.07447879016399384,0.5180000066757202,0.6437000036239624
YDL137W,YLR013W,0,-5.4388876,0.07446808367967606,0.5180000066757202,0.6438000202178955
YIL115C,YJL089W,0,-5.4388986,0.07445738464593887,0.5180000066757202,0.6438999772071838
YNL001W,YNL046W,0,-5.4389133,0.0744466781616211,0.5180000066757202,0.6439999938011169
YCR010C,YGR008C,1,-5.438968,0.07457967847585678,0.5189999938011169,0.6439999938011169
YER056C,YBR253W,0,-5.4395084,0.0745689645409584,0.5189999938011169,0.64410001039505
YOR076C,YJL164C,0,-5.439578,0.07455825060606003,0.5189999938011169,0.6442000269889832
YDR159W,YLR026C,0,-5.4396067,0.07454754412174225,0.5189999938011169,0.6442999839782715
YOL123W,YJR112W,0,-5.440136,0.07453683763742447,0.5189999938011169,0.6444000005722046
YBR070C,YPL001W,0,-5.4404273,0.07452613115310669,0.5189999938011169,0.6445000171661377
YJL157C,YPR179C,0,-5.4404287,0.0745154321193695,0.5189999938011169,0.644599974155426
YJL194W,YOL138C,0,-5.4406614,0.07450474053621292,0.5189999938011169,0.6446999907493591
YDR038C,YBR296C,1,-5.4407177,0.07463757693767548,0.5199999809265137,0.6446999907493591
YOL156W,YLR003C,0,-5.44075,0.0746268630027771,0.5199999809265137,0.6448000073432922
YDL197C,YPL214C,0,-5.4408035,0.07461615651845932,0.5199999809265137,0.6449000239372253
YDL099W,YHR150W,0,-5.4410324,0.07460545003414154,0.5199999809265137,0.6449999809265137
YML112W,YPL095C,0,-5.441681,0.07459475100040436,0.5199999809265137,0.6450999975204468
YNR016C,YLR231C,0,-5.441785,0.07458405196666718,0.5199999809265137,0.6452000141143799
YDR518W,YJL187C,0,-5.441921,0.07457335293292999,0.5199999809265137,0.6452999711036682
YPL242C,YBR080C,0,-5.4420414,0.07456266134977341,0.5199999809265137,0.6453999876976013
YMR032W,YPL213W,0,-5.442171,0.07455196976661682,0.5199999809265137,0.6455000042915344
YGR191W,YNL291C,1,-5.4421816,0.07468463480472565,0.5210000276565552,0.6455000042915344
YNL031C,YNL002C,0,-5.4421973,0.07467392832040787,0.5210000276565552,0.6456000208854675
YLR403W,YPR080W,0,-5.442236,0.07466322928667068,0.5210000276565552,0.6456999778747559
YNL020C,YDL230W,0,-5.443155,0.0746525302529335,0.5210000276565552,0.645799994468689
YBR168W,YGR013W,0,-5.4439,0.07464183121919632,0.5210000276565552,0.6459000110626221
YLR265C,YGL120C,0,-5.4440484,0.07463113963603973,0.5210000276565552,0.6460000276565552
YIR010W,YPR074C,0,-5.4442396,0.07462045550346375,0.5210000276565552,0.6460999846458435
YPR165W,YIL101C,0,-5.444282,0.07460976392030716,0.5210000276565552,0.6462000012397766
YMR025W,YCL031C,0,-5.444476,0.07459908723831177,0.5210000276565552,0.6463000178337097
YGR191W,YLR092W,1,-5.444862,0.07473156601190567,0.5220000147819519,0.6463000178337097
YCR098C,YJR077C,1,-5.4448776,0.07486401498317719,0.5230000019073486,0.6463000178337097
YBR083W,YNL128W,0,-5.445321,0.07485330104827881,0.5230000019073486,0.646399974822998
YML036W,YPL015C,0,-5.4453325,0.07484258711338043,0.5230000019073486,0.6464999914169312
YOL031C,YLR147C,0,-5.44535,0.07483188062906265,0.5230000019073486,0.6466000080108643
YFL041W,YER145C,1,-5.44543,0.07496423274278641,0.5239999890327454,0.6466000080108643
YGL256W,YFL026W,0,-5.4454374,0.07495351135730743,0.5239999890327454,0.6467000246047974
YHR055C,YDR317W,0,-5.4454975,0.07494278997182846,0.5239999890327454,0.6467999815940857
YPR083W,YNL098C,0,-5.4455957,0.07493207603693008,0.5239999890327454,0.6468999981880188
YHR108W,YHR196W,0,-5.4458447,0.07492136210203171,0.5239999890327454,0.6470000147819519
YJL165C,YJL059W,0,-5.4467144,0.07491064816713333,0.5239999890327454,0.6470999717712402
YCR088W,YLL021W,0,-5.4468136,0.07489994168281555,0.5239999890327454,0.6471999883651733
YOR327C,YNL107W,0,-5.4469004,0.07488923519849777,0.5239999890327454,0.6473000049591064
YLR316C,YDR470C,0,-5.44708,0.07487853616476059,0.5239999890327454,0.6474000215530396
YDR263C,YGL070C,0,-5.447081,0.07486783713102341,0.5239999890327454,0.6474999785423279
YIR021W,YLR376C,0,-5.447139,0.07485714554786682,0.5239999890327454,0.647599995136261
YER117W,YER125W,0,-5.4471607,0.07484645396471024,0.5239999890327454,0.6477000117301941
YNR053C,YMR270C,0,-5.4474673,0.07483576238155365,0.5239999890327454,0.6478000283241272
YIL132C,YHR070W,0,-5.447483,0.07482507824897766,0.5239999890327454,0.6478999853134155
YKL206C,YGL187C,0,-5.4476547,0.07481439411640167,0.5239999890327454,0.6480000019073486
YFR013W,YGR078C,0,-5.447659,0.07480370998382568,0.5239999890327454,0.6481000185012817
YPL123C,YJL052W,0,-5.447955,0.07479303330183029,0.5239999890327454,0.6481999754905701
YBR112C,YGL229C,0,-5.448002,0.0747823640704155,0.5239999890327454,0.6482999920845032
YCR010C,YKR052C,1,-5.448168,0.07491438090801239,0.5249999761581421,0.6482999920845032
YNR060W,YDR322C-A,1,-5.448366,0.0750463679432869,0.5260000228881836,0.6482999920845032
YNL292W,YNL126W,0,-5.448548,0.07503566145896912,0.5260000228881836,0.6484000086784363
YKR036C,YHR187W,0,-5.448571,0.07502496242523193,0.5260000228881836,0.6485000252723694
YBR243C,YLR025W,0,-5.448928,0.07501426339149475,0.5260000228881836,0.6485999822616577
YDR377W,YGL167C,1,-5.4489946,0.0751461535692215,0.5270000100135803,0.6485999822616577
YDL175C,YER026C,0,-5.4494777,0.07513544708490372,0.5270000100135803,0.6486999988555908
YBL009W,YOR087W,0,-5.4494805,0.07512473315000534,0.5270000100135803,0.6488000154495239
YDR151C,YHR165C,0,-5.4497933,0.07511402666568756,0.5270000100135803,0.6488999724388123
YJR135C,YEL041W,0,-5.4501257,0.07510332018136978,0.5270000100135803,0.6489999890327454
YER032W,YOL121C,0,-5.450261,0.0750926211476326,0.5270000100135803,0.6491000056266785
YER027C,YHR150W,0,-5.450343,0.07508192211389542,0.5270000100135803,0.6492000222206116
YHL027W,YBR214W,0,-5.4503894,0.07507122308015823,0.5270000100135803,0.6492999792098999
YPR191W,YLR410W,0,-5.4504337,0.07506053149700165,0.5270000100135803,0.649399995803833
YGL030W,YPL163C,0,-5.4505095,0.07504983991384506,0.5270000100135803,0.6495000123977661
YNL023C,YGR221C,0,-5.4505663,0.07503915578126907,0.5270000100135803,0.6496000289916992
YJR083C,YDL198C,0,-5.450649,0.07502847164869308,0.5270000100135803,0.6496999859809875
YMR198W,YJR004C,0,-5.450665,0.07501779496669769,0.5270000100135803,0.6498000025749207
YLR059C,YKL144C,0,-5.450718,0.0750071182847023,0.5270000100135803,0.6499000191688538
YIR010W,YOR373W,0,-5.4507623,0.07499644160270691,0.5270000100135803,0.6499999761581421
YGL226C-A,YJL011C,0,-5.450923,0.07498577237129211,0.5270000100135803,0.6500999927520752
YDR231C,YGR180C,0,-5.4516487,0.07497510313987732,0.5270000100135803,0.6502000093460083
YDR004W,YHR099W,0,-5.45172,0.07496444135904312,0.5270000100135803,0.6503000259399414
YDL178W,YOR136W,0,-5.451886,0.07495377957820892,0.5270000100135803,0.6503999829292297
YDL126C,YMR204C,0,-5.4520307,0.07494311779737473,0.5270000100135803,0.6504999995231628
YIL131C,YMR190C,0,-5.452045,0.07493246346712112,0.5270000100135803,0.650600016117096
YJR078W,YKL005C,0,-5.452302,0.07492180913686752,0.5270000100135803,0.6506999731063843
YKL074C,YGR185C,0,-5.452529,0.07491115480661392,0.5270000100135803,0.6507999897003174
YEL056W,YER008C,0,-5.4526124,0.07490051537752151,0.5270000100135803,0.6509000062942505
YGR191W,YBR295W,1,-5.4526253,0.07503197342157364,0.527999997138977,0.6509000062942505
YMR280C,YPR002W,0,-5.45264,0.07502131164073944,0.527999997138977,0.6510000228881836
YPR201W,YDR038C,1,-5.452714,0.07515271753072739,0.5289999842643738,0.6510000228881836
YHR073W,YOR068C,0,-5.452738,0.07514204829931259,0.5289999842643738,0.6510999798774719
YPR198W,YKL214C,0,-5.4527435,0.0751313716173172,0.5289999842643738,0.651199996471405
YNL051W,YDL046W,0,-5.452817,0.0751207023859024,0.5289999842643738,0.6513000130653381
YOR079C,YLR059C,0,-5.452901,0.0751100406050682,0.5289999842643738,0.6514000296592712
YNL314W,YGR256W,0,-5.452982,0.07509937882423401,0.5289999842643738,0.6514999866485596
YER088C,YLR033W,0,-5.453004,0.07508871704339981,0.5289999842643738,0.6516000032424927
YKL165C,YLR305C,0,-5.453106,0.07507805526256561,0.5289999842643738,0.6517000198364258
YFR009W,YJR144W,0,-5.4534435,0.07506740093231201,0.5289999842643738,0.6517999768257141
YMR078C,YLR228C,0,-5.453447,0.07505675405263901,0.5289999842643738,0.6518999934196472
YLR145W,YLR264W,0,-5.453783,0.075046107172966,0.5289999842643738,0.6520000100135803
YDR508C,YJL034W,0,-5.4539566,0.075035460293293,0.5289999842643738,0.6521000266075134
YOR317W,YOL072W,0,-5.45412,0.07502482086420059,0.5289999842643738,0.6521999835968018
YNL048W,YMR042W,0,-5.45419,0.07501418143510818,0.5289999842643738,0.6523000001907349
YNR057C,YML104C,0,-5.454191,0.07500354200601578,0.5289999842643738,0.652400016784668
YLR314C,YHR042W,0,-5.4542875,0.07499291002750397,0.5289999842643738,0.6524999737739563
YOR028C,YKL122C,0,-5.454339,0.07498228549957275,0.5289999842643738,0.6525999903678894
YHL047C,YHR050W,1,-5.454877,0.07511337846517563,0.5299999713897705,0.6525999903678894
YHL047C,YJL117W,1,-5.4558625,0.07524444162845612,0.531000018119812,0.6525999903678894
YJL100W,YOR083W,0,-5.4563293,0.07523377984762192,0.531000018119812,0.6527000069618225
YGL012W,YBR009C,0,-5.4564238,0.07522311806678772,0.531000018119812,0.6528000235557556
YDL142C,YDR030C,0,-5.456561,0.07521246373653412,0.531000018119812,0.652899980545044
YPL055C,YKL144C,0,-5.456708,0.07520180940628052,0.531000018119812,0.652999997138977
YJL111W,YMR030W,0,-5.456858,0.07519116252660751,0.531000018119812,0.6531000137329102
YGR166W,YBR093C,0,-5.457213,0.07518051564693451,0.531000018119812,0.6531999707221985
YOL108C,YDR494W,0,-5.457263,0.0751698762178421,0.531000018119812,0.6532999873161316
YHL040C,YDR322C-A,1,-5.4573603,0.07530077546834946,0.5320000052452087,0.6532999873161316
YFL021W,YPL249C,0,-5.457562,0.07529012113809586,0.5320000052452087,0.6534000039100647
YGR188C,YGL205W,0,-5.457732,0.07527946680784225,0.5320000052452087,0.6535000205039978
YOR381W,YDR322C-A,1,-5.4577837,0.07541029900312424,0.5329999923706055,0.6535000205039978
YKL145W,YGL126W,0,-5.4579697,0.07539962977170944,0.5329999923706055,0.6535999774932861
YIR002C,YOR140W,0,-5.4581184,0.07538896799087524,0.5329999923706055,0.6536999940872192
YLR014C,YNR011C,0,-5.458135,0.07537830621004105,0.5329999923706055,0.6538000106811523
YCR020C,YGR085C,0,-5.458402,0.07536764442920685,0.5329999923706055,0.6539000272750854
YKL040C,YJL187C,0,-5.458428,0.07535699009895325,0.5329999923706055,0.6539999842643738
YMR298W,YGR244C,0,-5.4584503,0.07534633576869965,0.5329999923706055,0.6541000008583069
YPL078C,YCR098C,1,-5.458606,0.07547703385353088,0.5339999794960022,0.6541000008583069
YOR243C,YGR013W,0,-5.4586782,0.07546636462211609,0.5339999794960022,0.65420001745224
YNL244C,YHL009C,0,-5.458905,0.07545570284128189,0.5339999794960022,0.6542999744415283
YLR102C,YML049C,0,-5.459063,0.07544504106044769,0.5339999794960022,0.6543999910354614
YDR446W,YGL097W,0,-5.4591208,0.07543438673019409,0.5339999794960022,0.6545000076293945
YGL105W,YKL108W,0,-5.4596114,0.07542373239994049,0.5339999794960022,0.6546000242233276
YOR231W,YNL231C,0,-5.4597673,0.07541307806968689,0.5339999794960022,0.654699981212616
YMR056C,YIL066C,0,-5.459984,0.07540243119001389,0.5339999794960022,0.6547999978065491
YDL007W,YER111C,0,-5.4600697,0.07539178431034088,0.5339999794960022,0.6549000144004822
YPR103W,YHR178W,0,-5.4600906,0.07538113743066788,0.5339999794960022,0.6549999713897705
YMR319C,YKL220C,1,-5.460186,0.0755116418004036,0.5350000262260437,0.6549999713897705
YHR187W,YMR150C,0,-5.4601917,0.07550098747015,0.5350000262260437,0.6550999879837036
YKR031C,YER031C,0,-5.460206,0.07549033313989639,0.5350000262260437,0.6552000045776367
YDR288W,YOR243C,0,-5.46021,0.07547968626022339,0.5350000262260437,0.6553000211715698
YHR164C,YKL101W,0,-5.460293,0.07546903938055038,0.5350000262260437,0.6553999781608582
YLL042C,YGL067W,0,-5.4603186,0.07545839250087738,0.5350000262260437,0.6554999947547913
YNL085W,YHR200W,0,-5.4603777,0.07544775307178497,0.5350000262260437,0.6556000113487244
YIL159W,YJR044C,0,-5.4604874,0.07543711364269257,0.5350000262260437,0.6557000279426575
YNR010W,YOR032C,0,-5.4606466,0.07542647421360016,0.5350000262260437,0.6557999849319458
YDR040C,YNL142W,1,-5.460677,0.07555680721998215,0.5360000133514404,0.6557999849319458
YCR010C,YJL117W,1,-5.4607615,0.07568710297346115,0.5370000004768372,0.6557999849319458
YLR205C,YNL177C,0,-5.460961,0.07567643374204636,0.5370000004768372,0.6559000015258789
YNL048W,YGR241C,0,-5.4610868,0.07566577196121216,0.5370000004768372,0.656000018119812
YOR045W,YPL020C,0,-5.4611626,0.07565511763095856,0.5370000004768372,0.6560999751091003
YOR221C,YGL067W,0,-5.461636,0.07564445585012436,0.5370000004768372,0.6561999917030334
YDR130C,YBR095C,0,-5.461913,0.07563380151987076,0.5370000004768372,0.6563000082969666
YHR067W,YAL023C,0,-5.4619784,0.07562315464019775,0.5370000004768372,0.6564000248908997
YOL086C,YLR172C,0,-5.462434,0.07561250030994415,0.5370000004768372,0.656499981880188
YER013W,YOR341W,0,-5.4624357,0.07560186088085175,0.5370000004768372,0.6565999984741211
YLR067C,YJL210W,0,-5.4624434,0.07559121400117874,0.5370000004768372,0.6567000150680542
YPL179W,YPR103W,0,-5.462619,0.07558057457208633,0.5370000004768372,0.6567999720573425
YDR173C,YPR182W,0,-5.4626927,0.07556994259357452,0.5370000004768372,0.6568999886512756
YKR054C,YPL012W,0,-5.4627743,0.07555931061506271,0.5370000004768372,0.6570000052452087
YDL101C,YHR059W,0,-5.463174,0.0755486786365509,0.5370000004768372,0.6571000218391418
YKL012W,YOR084W,0,-5.4632673,0.07553804665803909,0.5370000004768372,0.6571999788284302
YER045C,YGL183C,0,-5.4636526,0.07552742958068848,0.5370000004768372,0.6572999954223633
YGR013W,YOR087W,0,-5.46389,0.07551680505275726,0.5370000004768372,0.6574000120162964
YCR084C,YPL020C,0,-5.464038,0.07550618797540665,0.5370000004768372,0.6575000286102295
YBR272C,YDL064W,0,-5.464645,0.07549557089805603,0.5370000004768372,0.6575999855995178
YMR172W,YDL092W,0,-5.465287,0.07548496127128601,0.5370000004768372,0.6577000021934509
YCR037C,YGL008C,1,-5.465398,0.07561489939689636,0.5379999876022339,0.6577000021934509
YLR214W,YGR257C,1,-5.4654393,0.07574480026960373,0.5389999747276306,0.6577000021934509
YJL062W,YHL022C,0,-5.4656816,0.07573416084051132,0.5389999747276306,0.657800018787384
YJL005W,YGL095C,0,-5.4660006,0.07572352141141891,0.5389999747276306,0.6578999757766724
YIR028W,YHR042W,0,-5.466075,0.07571288198232651,0.5389999747276306,0.6579999923706055
YMR275C,YHR143W-A,0,-5.4663525,0.0757022500038147,0.5389999747276306,0.6581000089645386
YCR075C,YGL232W,0,-5.46644,0.07569161802530289,0.5389999747276306,0.6582000255584717
YIL110W,YNL313C,0,-5.4665456,0.07568098604679108,0.5389999747276306,0.65829998254776
YOR244W,YOL109W,0,-5.466806,0.07567036151885986,0.5389999747276306,0.6583999991416931
YDR206W,YML055W,0,-5.466897,0.07565974444150925,0.5389999747276306,0.6585000157356262
YMR143W,YGL127C,0,-5.4670677,0.07564911991357803,0.5389999747276306,0.6585999727249146
YLR368W,YBR118W,0,-5.4671636,0.07563851028680801,0.5389999747276306,0.6586999893188477
YIL114C,YGL255W,1,-5.4672604,0.07576820254325867,0.5400000214576721,0.6586999893188477
YMR069W,YDL216C,0,-5.467599,0.07575757801532745,0.5400000214576721,0.6588000059127808
YEL036C,YDR490C,0,-5.4677963,0.07574694603681564,0.5400000214576721,0.6589000225067139
YPL031C,YML034W,0,-5.467978,0.07573632895946503,0.5400000214576721,0.6589999794960022
YDL200C,YML061C,0,-5.468051,0.07572570443153381,0.5400000214576721,0.6590999960899353
YER159C,YNL117W,0,-5.4680824,0.0757150873541832,0.5400000214576721,0.6592000126838684
YLR353W,YHR059W,0,-5.468174,0.07570447027683258,0.5400000214576721,0.6593000292778015
YOR334W,YDR276C,1,-5.468298,0.07583403587341309,0.5410000085830688,0.6593000292778015
YPR201W,YEL065W,1,-5.4683504,0.07596355676651001,0.5419999957084656,0.6593000292778015
YER026C,YMR313C,0,-5.468601,0.0759529173374176,0.5419999957084656,0.6593999862670898
YJL194W,YAL031C,0,-5.4686337,0.0759422704577446,0.5419999957084656,0.659500002861023
YML098W,YPL019C,0,-5.468798,0.07593163102865219,0.5419999957084656,0.659600019454956
YOR316C,YNL142W,1,-5.468854,0.07606106996536255,0.5429999828338623,0.659600019454956
YAR002C-A,YDR460W,0,-5.468971,0.07605042308568954,0.5429999828338623,0.6596999764442444
YGR121C,YPL092W,1,-5.4689875,0.07617980986833572,0.5440000295639038,0.6596999764442444
YNL037C,YML038C,0,-5.4691167,0.07616914063692093,0.5440000295639038,0.6597999930381775
YDR071C,YPL019C,0,-5.469137,0.07615847885608673,0.5440000295639038,0.6599000096321106
YIR021W,YOR007C,0,-5.4695663,0.07614781707525253,0.5440000295639038,0.6600000262260437
YLR100W,YEL022W,0,-5.469946,0.07613715529441833,0.5440000295639038,0.660099983215332
YHR053C,YGR007W,0,-5.469979,0.07612650096416473,0.5440000295639038,0.6601999998092651
YPR023C,YJL222W,0,-5.470086,0.07611585408449173,0.5440000295639038,0.6603000164031982
YPL125W,YPL133C,0,-5.470335,0.07610520720481873,0.5440000295639038,0.6603999733924866
YGL187C,YKL197C,0,-5.4703856,0.07609456032514572,0.5440000295639038,0.6604999899864197
YFL016C,YGR005C,0,-5.4704366,0.07608391344547272,0.5440000295639038,0.6606000065803528
YGR276C,YPL106C,0,-5.4704533,0.07607327401638031,0.5440000295639038,0.6607000231742859
YJL008C,YPR140W,0,-5.4707713,0.0760626420378685,0.5440000295639038,0.6607999801635742
YJL157C,YJR063W,0,-5.4708533,0.07605200260877609,0.5440000295639038,0.6608999967575073
YPL095C,YGR229C,0,-5.471019,0.07604137808084488,0.5440000295639038,0.6610000133514404
YML116W,YDL059C,0,-5.4711466,0.07603074610233307,0.5440000295639038,0.6610999703407288
YJR155W,YJR083C,0,-5.471278,0.07602012157440186,0.5440000295639038,0.6611999869346619
YKL012W,YDR429C,0,-5.4712853,0.07600950449705124,0.5440000295639038,0.661300003528595
YBR274W,YJL166W,0,-5.4715986,0.07599887996912003,0.5440000295639038,0.6614000201225281
YGL181W,YPL174C,0,-5.471635,0.07598826289176941,0.5440000295639038,0.6614999771118164
YGL175C,YIR026C,0,-5.4717674,0.07597765326499939,0.5440000295639038,0.6615999937057495
YNL075W,YMR137C,0,-5.4718122,0.07596704363822937,0.5440000295639038,0.6617000102996826
YJR047C,YJL008C,0,-5.4720273,0.07595643401145935,0.5440000295639038,0.6618000268936157
YDR173C,YGL209W,0,-5.47239,0.07594583183526993,0.5440000295639038,0.661899983882904
YLR411W,YKR052C,1,-5.4725094,0.07607481628656387,0.5450000166893005,0.661899983882904
YBR217W,YHL028W,0,-5.472722,0.07606419920921326,0.5450000166893005,0.6620000004768372
YDR151C,YGL084C,0,-5.472836,0.07605358958244324,0.5450000166893005,0.6621000170707703
YML036W,YGR213C,0,-5.4732604,0.07604297250509262,0.5450000166893005,0.6621999740600586
YCL055W,YIL056W,0,-5.473423,0.0760323628783226,0.5450000166893005,0.6622999906539917
YDR122W,YJL089W,0,-5.4735203,0.07602176070213318,0.5450000166893005,0.6624000072479248
YER094C,YLR059C,0,-5.4735208,0.07601115852594376,0.5450000166893005,0.6625000238418579
YNL142W,YNR039C,1,-5.473549,0.07614000886678696,0.5460000038146973,0.6625000238418579
YPL217C,YKL101W,0,-5.4739575,0.07612939178943634,0.5460000038146973,0.6625999808311462
YKL170W,YPL196W,0,-5.4740434,0.07611878216266632,0.5460000038146973,0.6626999974250793
YDR021W,YOR373W,0,-5.474266,0.0761081650853157,0.5460000038146973,0.6628000140190125
YOL082W,YCR020C,0,-5.4744644,0.07609756290912628,0.5460000038146973,0.6628999710083008
YPL218W,YJL168C,0,-5.474604,0.07608695328235626,0.5460000038146973,0.6629999876022339
YBL074C,YDR116C,0,-5.4747534,0.07607635855674744,0.5460000038146973,0.663100004196167
YML012W,YDL106C,0,-5.474863,0.07606575638055801,0.5460000038146973,0.6632000207901001
YPR135W,YOR151C,0,-5.474887,0.07605516165494919,0.5460000038146973,0.6632999777793884
YPR057W,YHL036W,0,-5.4750547,0.07604456692934036,0.5460000038146973,0.6633999943733215
YDR317W,YOR298W,0,-5.4752645,0.07603397965431213,0.5460000038146973,0.6635000109672546
YKL179C,YLR186W,0,-5.4754925,0.0760233923792839,0.5460000038146973,0.6636000275611877
YER107C,YJL059W,0,-5.4760065,0.07601280510425568,0.5460000038146973,0.6636999845504761
YMR150C,YDL134C,0,-5.4760523,0.07600222527980804,0.5460000038146973,0.6638000011444092
YDL236W,YDL225W,0,-5.4761877,0.07599165290594101,0.5460000038146973,0.6639000177383423
YCR010C,YNR039C,1,-5.4764247,0.07612023502588272,0.546999990940094,0.6639000177383423
YNR060W,YCR098C,1,-5.476701,0.07624877989292145,0.5479999780654907,0.6639000177383423
YDR073W,YBR273C,0,-5.476738,0.07623817771673203,0.5479999780654907,0.6639999747276306
YGL063W,YMR061W,0,-5.476916,0.076227568089962,0.5479999780654907,0.6640999913215637
YBR131W,YGL106W,0,-5.477022,0.07621696591377258,0.5479999780654907,0.6642000079154968
YJR143C,YCR081W,0,-5.47745,0.07620637118816376,0.5479999780654907,0.6643000245094299
YGL008C,YDR322C-A,1,-5.4775267,0.07633481919765472,0.5490000247955322,0.6643000245094299
YLR353W,YAL044C,0,-5.4776773,0.07632420212030411,0.5490000247955322,0.6643999814987183
YNL029C,YMR283C,0,-5.4781485,0.07631359249353409,0.5490000247955322,0.6644999980926514
YDR168W,YMR267W,0,-5.4785504,0.07630299031734467,0.5490000247955322,0.6646000146865845
YLL061W,YJL141C,0,-5.4790783,0.07629238814115524,0.5490000247955322,0.6646999716758728
YPR051W,YBR173C,0,-5.4791217,0.07628178596496582,0.5490000247955322,0.6647999882698059
YML077W,YLR382C,0,-5.4792843,0.0762711837887764,0.5490000247955322,0.664900004863739
YOL156W,YAL016W,0,-5.479424,0.07626058906316757,0.5490000247955322,0.6650000214576721
YPL156C,YDR450W,0,-5.4795165,0.07625000178813934,0.5490000247955322,0.6650999784469604
YGL254W,YKR052C,1,-5.479655,0.07637827843427658,0.550000011920929,0.6650999784469604
YFL055W,YLR316C,0,-5.4797916,0.07636767625808716,0.550000011920929,0.6651999950408936
YLR116W,YML076C,0,-5.4799724,0.07635707408189774,0.550000011920929,0.6653000116348267
YHL040C,YGL006W,1,-5.4800143,0.0764852836728096,0.5509999990463257,0.6653000116348267
YOL063C,YOL055C,0,-5.4806232,0.07647467404603958,0.5509999990463257,0.6654000282287598
YKL016C,YGL006W,1,-5.480627,0.07660283148288727,0.5519999861717224,0.6654000282287598
YCR037C,YGL006W,1,-5.481082,0.07673095911741257,0.5529999732971191,0.6654000282287598
YBR022W,YDL083C,0,-5.481167,0.07672031223773956,0.5529999732971191,0.6654999852180481
YML028W,YIL101C,0,-5.4811945,0.07670966535806656,0.5529999732971191,0.6656000018119812
YMR184W,YHR001W-A,0,-5.481279,0.07669902592897415,0.5529999732971191,0.6657000184059143
YPL217C,YBR231C,0,-5.481461,0.07668839395046234,0.5529999732971191,0.6657999753952026
YKL016C,YGR121C,1,-5.481624,0.07681641727685928,0.5540000200271606,0.6657999753952026
YDR318W,YLR193C,0,-5.481721,0.07680577039718628,0.5540000200271606,0.6658999919891357
YPL244C,YMR133W,0,-5.4819193,0.07679512351751328,0.5540000200271606,0.6660000085830688
YDR174W,YER075C,0,-5.4821587,0.07678447663784027,0.5540000200271606,0.666100025177002
YMR168C,YMR285C,0,-5.4825487,0.07677383720874786,0.5540000200271606,0.6661999821662903
YGR103W,YCR027C,0,-5.4826317,0.07676319777965546,0.5540000200271606,0.6662999987602234
YPL125W,YKL197C,0,-5.4827523,0.07675256580114365,0.5540000200271606,0.6664000153541565
YKL125W,YML088W,0,-5.4831195,0.07674193382263184,0.5540000200271606,0.6664999723434448
YIR017C,YDR162C,0,-5.483345,0.07673130184412003,0.5540000200271606,0.6665999889373779
YGL084C,YPL274W,0,-5.4834967,0.07672067731618881,0.5540000200271606,0.666700005531311
YAL012W,YOR266W,0,-5.4838333,0.0767100527882576,0.5540000200271606,0.6668000221252441
YGL071W,YKL120W,1,-5.4838533,0.07683788239955902,0.5550000071525574,0.6668000221252441
YGR180C,YMR013C,0,-5.4838552,0.07682724297046661,0.5550000071525574,0.6668999791145325
YPL115C,YER052C,0,-5.4839034,0.0768166109919548,0.5550000071525574,0.6669999957084656
YCR071C,YMR309C,0,-5.484101,0.076805979013443,0.5550000071525574,0.6671000123023987
YMR190C,YMR140W,0,-5.4841337,0.07679535448551178,0.5550000071525574,0.6672000288963318
YKL002W,YLR324W,0,-5.4842873,0.07678472250699997,0.5550000071525574,0.6672999858856201
YHR055C,YMR069W,0,-5.4843183,0.07677410542964935,0.5550000071525574,0.6674000024795532
YJR070C,YGL025C,0,-5.4848437,0.07676348835229874,0.5550000071525574,0.6675000190734863
YKL007W,YGR175C,0,-5.4849944,0.07675287127494812,0.5550000071525574,0.6675999760627747
YPL001W,YHR021C,0,-5.4851227,0.0767422541975975,0.5550000071525574,0.6676999926567078
YBL032W,YLR424W,0,-5.485134,0.07673164457082748,0.5550000071525574,0.6678000092506409
YPL118W,YBR162C,0,-5.485161,0.07672104239463806,0.5550000071525574,0.667900025844574
YOL145C,YOL038W,0,-5.485171,0.07671043276786804,0.5550000071525574,0.6679999828338623
YNL288W,YMR293C,0,-5.4851813,0.07669983059167862,0.5550000071525574,0.6680999994277954
YOR316C,YPL092W,1,-5.4853826,0.07682741433382034,0.5559999942779541,0.6680999994277954
YPR008W,YOR327C,0,-5.485394,0.07681679725646973,0.5559999942779541,0.6682000160217285
YDR060W,YOR229W,0,-5.4855547,0.07680618762969971,0.5559999942779541,0.6682999730110168
YBR158W,YDR219C,0,-5.4858365,0.07679557800292969,0.5559999942779541,0.66839998960495
YPL244C,YMR239C,0,-5.4858656,0.07678497582674026,0.5559999942779541,0.6685000061988831
YDR021W,YGR063C,0,-5.4859614,0.07677437365055084,0.5559999942779541,0.6686000227928162
YCR092C,YLR398C,0,-5.485977,0.07676377147436142,0.5559999942779541,0.6686999797821045
YGR216C,YBL056W,0,-5.486026,0.0767531767487526,0.5559999942779541,0.6687999963760376
YLR051C,YDR082W,0,-5.486049,0.07674258202314377,0.5559999942779541,0.6689000129699707
YKL064W,YEL065W,1,-5.4863386,0.07686999440193176,0.5569999814033508,0.6689000129699707
YNL111C,YOL156W,0,-5.4863644,0.07685939222574234,0.5569999814033508,0.6690000295639038
YOL078W,YOL071W,0,-5.4863815,0.07684878259897232,0.5569999814033508,0.6690999865531921
YNL142W,YER053C,1,-5.4864345,0.07697613537311554,0.5580000281333923,0.6690999865531921
YBL097W,YDR225W,0,-5.4866586,0.07696551829576492,0.5580000281333923,0.6692000031471252
YIL084C,YKL042W,0,-5.487154,0.0769549012184143,0.5580000281333923,0.6693000197410583
YNR010W,YJR160C,0,-5.4873066,0.07694429159164429,0.5580000281333923,0.6693999767303467
YPL202C,YMR106C,0,-5.487342,0.07693368196487427,0.5580000281333923,0.6694999933242798
YCL027W,YBR118W,0,-5.487343,0.07692307978868484,0.5580000281333923,0.6696000099182129
YEL009C,YDL095W,0,-5.4874554,0.07691247761249542,0.5580000281333923,0.669700026512146
YJR070C,YKR062W,0,-5.487624,0.076901875436306,0.5580000281333923,0.6697999835014343
YOR040W,YER018C,0,-5.487645,0.07689128071069717,0.5580000281333923,0.6699000000953674
YHR170W,YIL039W,0,-5.487776,0.07688068598508835,0.5580000281333923,0.6700000166893005
YFL039C,YOR127W,0,-5.4883013,0.07687009125947952,0.5580000281333923,0.6700999736785889
YBR205W,YJL204C,0,-5.488365,0.0768595039844513,0.5580000281333923,0.670199990272522
YLR011W,YDR457W,0,-5.488426,0.07684891670942307,0.5580000281333923,0.6703000068664551
YOR037W,YNL045W,0,-5.4886036,0.07683833688497543,0.5580000281333923,0.6704000234603882
YOR034C,YPR019W,0,-5.488607,0.0768277570605278,0.5580000281333923,0.6704999804496765
YEL024W,YGR009C,0,-5.488652,0.07681717723608017,0.5580000281333923,0.6705999970436096
YOL101C,YDR260C,0,-5.4886947,0.07680660486221313,0.5580000281333923,0.6707000136375427
YDR214W,YGR074W,0,-5.4892273,0.0767960399389267,0.5580000281333923,0.670799970626831
YJL186W,YDL052C,0,-5.489277,0.07678546756505966,0.5580000281333923,0.6708999872207642
YOR034C,YPL012W,0,-5.490015,0.07677490264177322,0.5580000281333923,0.6710000038146973
YDL140C,YHR154W,0,-5.490304,0.07676434516906738,0.5580000281333923,0.6711000204086304
YER027C,YNL261W,0,-5.490459,0.07675378024578094,0.5580000281333923,0.6711999773979187
YPR041W,YIL039W,0,-5.490475,0.0767432302236557,0.5580000281333923,0.6712999939918518
YPR030W,YOL043C,0,-5.490596,0.07673267275094986,0.5580000281333923,0.6714000105857849
YNL059C,YJL214W,0,-5.4906063,0.07672212272882462,0.5580000281333923,0.671500027179718
YGL136C,YOL112W,0,-5.490674,0.07671157270669937,0.5580000281333923,0.6715999841690063
YGR005C,YMR241W,0,-5.490859,0.07670103013515472,0.5580000281333923,0.6717000007629395
YLL035W,YJR160C,0,-5.4909763,0.07669048756361008,0.5580000281333923,0.6718000173568726
YAR018C,YIL037C,0,-5.4910913,0.07667995244264603,0.5580000281333923,0.6718999743461609
YGR175C,YDR217C,0,-5.4912744,0.07666941732168198,0.5580000281333923,0.671999990940094
YKL108W,YGR197C,0,-5.491307,0.07665888220071793,0.5580000281333923,0.6721000075340271
YBR207W,YCR098C,1,-5.4917026,0.07678571343421936,0.5590000152587891,0.6721000075340271
YJL071W,YMR139W,0,-5.49172,0.07677517086267471,0.5590000152587891,0.6722000241279602
YPL233W,YDR192C,0,-5.4917665,0.07676462829113007,0.5590000152587891,0.6722999811172485
YPL089C,YGR245C,0,-5.491769,0.07675408571958542,0.5590000152587891,0.6723999977111816
YLR170C,YML120C,0,-5.4917765,0.07674355059862137,0.5590000152587891,0.6725000143051147
YER155C,YCL034W,0,-5.492199,0.07673301547765732,0.5590000152587891,0.6725999712944031
YNL075W,YOR344C,0,-5.4922323,0.07672248035669327,0.5590000152587891,0.6726999878883362
YFL039C,YPR167C,0,-5.4923325,0.07671195268630981,0.5590000152587891,0.6728000044822693
YDL100C,YBR015C,0,-5.49253,0.07670142501592636,0.5590000152587891,0.6729000210762024
YKR097W,YIL138C,0,-5.492613,0.0766909047961235,0.5590000152587891,0.6729999780654907
YKL004W,YBL040C,0,-5.492704,0.07668038457632065,0.5590000152587891,0.6730999946594238
YOL072W,YDR120C,0,-5.492926,0.07666986435651779,0.5590000152587891,0.6732000112533569
YGR261C,YLR448W,0,-5.493015,0.07665935158729553,0.5590000152587891,0.67330002784729
YKL139W,YAL007C,0,-5.493076,0.07664883881807327,0.5590000152587891,0.6733999848365784
YJR153W,YDR453C,0,-5.493189,0.07663833349943161,0.5590000152587891,0.6735000014305115
YPR176C,YAL044C,0,-5.4935946,0.07662782818078995,0.5590000152587891,0.6736000180244446
YCL025C,YER133W,0,-5.4937487,0.07661732286214828,0.5590000152587891,0.6736999750137329
YER112W,YJL056C,0,-5.4937677,0.07660682499408722,0.5590000152587891,0.673799991607666
YDR343C,YHR026W,0,-5.4937706,0.07659632712602615,0.5590000152587891,0.6739000082015991
YKL092C,YDR268W,0,-5.4937854,0.07658583670854568,0.5590000152587891,0.6740000247955322
YCL024W,YBR035C,0,-5.493851,0.07657533884048462,0.5590000152587891,0.6740999817848206
YLR403W,YGR172C,0,-5.4941864,0.07656485587358475,0.5590000152587891,0.6741999983787537
YHR191C,YLR398C,0,-5.494215,0.07655436545610428,0.5590000152587891,0.6743000149726868
YLR381W,YPR167C,0,-5.494232,0.0765438824892044,0.5590000152587891,0.6743999719619751
YDL226C,YHR014W,0,-5.4943066,0.07653340697288513,0.5590000152587891,0.6744999885559082
YIL124W,YPR080W,0,-5.494365,0.07652293145656586,0.5590000152587891,0.6746000051498413
YGL003C,YBR162C,0,-5.494556,0.07651245594024658,0.5590000152587891,0.6747000217437744
YMR198W,YBR030W,0,-5.4946303,0.0765019878745079,0.5590000152587891,0.6747999787330627
YLR319C,YML118W,0,-5.49465,0.07649151980876923,0.5590000152587891,0.6748999953269958
YIL036W,YEL041W,0,-5.4949017,0.07648105174303055,0.5590000152587891,0.675000011920929
YGR227W,YML027W,0,-5.494907,0.07647059112787247,0.5590000152587891,0.6751000285148621
YLR100W,YLR382C,0,-5.494973,0.07646013051271439,0.5590000152587891,0.6751999855041504
YBR121C,YDR027C,0,-5.494991,0.0764496698975563,0.5590000152587891,0.6753000020980835
YIL002C,YNL333W,0,-5.4950256,0.07643921673297882,0.5590000152587891,0.6754000186920166
YPL132W,YBR036C,0,-5.4950895,0.07642876356840134,0.5590000152587891,0.6754999756813049
YGL130W,YHR061C,0,-5.4951773,0.07641831785440445,0.5590000152587891,0.675599992275238
YDR254W,YKR062W,0,-5.4954257,0.07640787214040756,0.5590000152587891,0.6757000088691711
YGL111W,YGR212W,0,-5.495476,0.07639743387699127,0.5590000152587891,0.6758000254631042
YEL034W,YGL171W,0,-5.4954777,0.07638698816299438,0.5590000152587891,0.6758999824523926
YML121W,YJL198W,1,-5.4955473,0.07651318609714508,0.5600000023841858,0.6758999824523926
YBR244W,YLR451W,0,-5.495581,0.0765027329325676,0.5600000023841858,0.6759999990463257
YGR193C,YMR129W,0,-5.495818,0.07649227976799011,0.5600000023841858,0.6761000156402588
YBR215W,YGR162W,0,-5.495927,0.07648183405399323,0.5600000023841858,0.6761999726295471
YJL166W,YPL258C,0,-5.4961014,0.07647138833999634,0.5600000023841858,0.6762999892234802
YLR449W,YML025C,0,-5.49624,0.07646095007658005,0.5600000023841858,0.6764000058174133
YMR142C,YDR416W,0,-5.4963465,0.07645051181316376,0.5600000023841858,0.6765000224113464
YBR039W,YNR039C,1,-5.4964848,0.07657657563686371,0.5609999895095825,0.6765000224113464
YFL009W,YPL012W,0,-5.4965076,0.07656612247228622,0.5609999895095825,0.6765999794006348
YPL100W,YMR272C,0,-5.4965906,0.07655567675828934,0.5609999895095825,0.6766999959945679
YGR238C,YBR152W,0,-5.496866,0.07654523104429245,0.5609999895095825,0.676800012588501
YPR185W,YGR166W,0,-5.496874,0.07653478533029556,0.5609999895095825,0.6769000291824341
YNL042W,YML132W,0,-5.4969997,0.07652434706687927,0.5609999895095825,0.6769999861717224
YLL038C,YLR045C,0,-5.497002,0.07651390880346298,0.5609999895095825,0.6771000027656555
YGL183C,YJL204C,0,-5.497301,0.07650347799062729,0.5609999895095825,0.6772000193595886
YGL084C,YGR055W,0,-5.497514,0.0764930471777916,0.5609999895095825,0.677299976348877
YLR154C,YEL026W,0,-5.4975157,0.0764826163649559,0.5609999895095825,0.6773999929428101
YDL106C,YJL138C,0,-5.4978423,0.0764721930027008,0.5609999895095825,0.6775000095367432
YGL067W,YIL053W,0,-5.4979076,0.07646176964044571,0.5609999895095825,0.6776000261306763
YOR074C,YOR014W,0,-5.497985,0.07645134627819061,0.5609999895095825,0.6776999831199646
YMR172W,YBR117C,0,-5.498084,0.07644093036651611,0.5609999895095825,0.6777999997138977
YKR042W,YLR409C,0,-5.4983926,0.07643051445484161,0.5609999895095825,0.6779000163078308
YNL325C,YMR186W,0,-5.498434,0.07642010599374771,0.5609999895095825,0.6779999732971191
YOL088C,YPL163C,0,-5.498561,0.07640969753265381,0.5609999895095825,0.6780999898910522
YMR081C,YGL106W,0,-5.4986587,0.0763992890715599,0.5609999895095825,0.6782000064849854
YFL031W,YPL096W,0,-5.4987097,0.0763888880610466,0.5609999895095825,0.6783000230789185
YCL001W,YDR160W,0,-5.4987183,0.0763784870505333,0.5609999895095825,0.6783999800682068
YHL047C,YPR067W,1,-5.49876,0.07650422304868698,0.5619999766349792,0.6783999800682068
YGR175C,YDR490C,0,-5.4988003,0.07649380713701248,0.5619999766349792,0.6784999966621399
YMR142C,YLR430W,0,-5.498952,0.07648339867591858,0.5619999766349792,0.678600013256073
YBR135W,YLR014C,0,-5.4990044,0.07647299021482468,0.5619999766349792,0.6786999702453613
YGL095C,YPL033C,0,-5.4992595,0.07646258175373077,0.5619999766349792,0.6787999868392944
YMR199W,YOL126C,0,-5.499385,0.07645218074321747,0.5619999766349792,0.6789000034332275
YFL057C,YJR009C,0,-5.499693,0.07644178718328476,0.5619999766349792,0.6790000200271606
YLL013C,YJL190C,0,-5.499747,0.07643138617277145,0.5619999766349792,0.679099977016449
YLR288C,YDR435C,0,-5.49996,0.07642099261283875,0.5619999766349792,0.6791999936103821
YLR155C,YGR040W,0,-5.5001082,0.07641060650348663,0.5619999766349792,0.6793000102043152
YDR508C,YDL043C,0,-5.500142,0.07640022039413452,0.5619999766349792,0.6794000267982483
YFL056C,YJL005W,0,-5.5003242,0.07638983428478241,0.5619999766349792,0.6794999837875366
YLR201C,YOL145C,0,-5.500334,0.0763794481754303,0.5619999766349792,0.6796000003814697
YFL017W-A,YEL012W,0,-5.500476,0.07636906951665878,0.5619999766349792,0.6797000169754028
YHR191C,YDR343C,0,-5.500503,0.07635869830846786,0.5619999766349792,0.6797999739646912
YLR226W,YLR380W,0,-5.5005417,0.07634831964969635,0.5619999766349792,0.6798999905586243
YER052C,YOL156W,0,-5.5006332,0.07633794844150543,0.5619999766349792,0.6800000071525574
YDR097C,YDR527W,0,-5.500678,0.07632758468389511,0.5619999766349792,0.6801000237464905
YDL145C,YDR176W,0,-5.500722,0.07631722092628479,0.5619999766349792,0.6801999807357788
YPR120C,YPL089C,0,-5.500981,0.07630685716867447,0.5619999766349792,0.6802999973297119
YML121W,YDR322C-A,1,-5.5010195,0.0764322578907013,0.5630000233650208,0.6802999973297119
YNL290W,YJR127C,0,-5.5010796,0.07642187923192978,0.5630000233650208,0.680400013923645
YIL037C,YOL121C,0,-5.501106,0.07641150802373886,0.5630000233650208,0.6804999709129333
YPL213W,YGL208W,0,-5.501233,0.07640113681554794,0.5630000233650208,0.6805999875068665
YLR028C,YDL098C,0,-5.5014944,0.07639077305793762,0.5630000233650208,0.6807000041007996
YDR272W,YOR048C,0,-5.501855,0.0763804093003273,0.5630000233650208,0.6808000206947327
YDL160C,YGL208W,0,-5.501953,0.07637004554271698,0.5630000233650208,0.680899977684021
YPL127C,YDR235W,0,-5.5020075,0.07635968923568726,0.5630000233650208,0.6809999942779541
YPL119C,YER148W,0,-5.502076,0.07634933292865753,0.5630000233650208,0.6811000108718872
YBR177C,YBR152W,0,-5.5021214,0.0763389840722084,0.5630000233650208,0.6812000274658203
YKL049C,YKL182W,0,-5.5025716,0.07632863521575928,0.5630000233650208,0.6812999844551086
YGL090W,YDR059C,0,-5.5027304,0.07631828635931015,0.5630000233650208,0.6814000010490417
YLL002W,YPR036W,0,-5.502791,0.07630794495344162,0.5630000233650208,0.6815000176429749
YIL084C,YCR060W,0,-5.5029655,0.07629760354757309,0.5630000233650208,0.6815999746322632
YNL172W,YPL116W,0,-5.503202,0.07628726214170456,0.5630000233650208,0.6816999912261963
YLR330W,YPL157W,0,-5.5032797,0.07627692818641663,0.5630000233650208,0.6818000078201294
YLR368W,YCR026C,0,-5.5033174,0.07626659423112869,0.5630000233650208,0.6819000244140625
YDL230W,YDR416W,0,-5.50333,0.07625626772642136,0.5630000233650208,0.6819999814033508
YBR296C,YIL023C,1,-5.5037804,0.07638136297464371,0.5640000104904175,0.6819999814033508
YEL022W,YML073C,0,-5.5039825,0.07637102156877518,0.5640000104904175,0.6820999979972839
YNL275W,YLR284C,0,-5.5040708,0.07636068016290665,0.5640000104904175,0.682200014591217
YPR023C,YGL104C,0,-5.504103,0.07635034620761871,0.5640000104904175,0.6822999715805054
YDR418W,YML085C,0,-5.504109,0.07634001225233078,0.5640000104904175,0.6823999881744385
YNL259C,YOR137C,1,-5.5041547,0.07646501809358597,0.5649999976158142,0.6823999881744385
YMR280C,YML076C,0,-5.5042057,0.07645466923713684,0.5649999976158142,0.6825000047683716
YOL002C,YPL174C,0,-5.5042505,0.07644432783126831,0.5649999976158142,0.6826000213623047
YJL209W,YML001W,0,-5.5043736,0.07643397897481918,0.5649999976158142,0.682699978351593
YOL158C,YLR214W,1,-5.504465,0.0765589103102684,0.5659999847412109,0.682699978351593
YIL049W,YCR035C,0,-5.5044947,0.07654855400323868,0.5659999847412109,0.6827999949455261
YPL146C,YER008C,0,-5.5046353,0.07653820514678955,0.5659999847412109,0.6829000115394592
YLR214W,YLR130C,1,-5.5046697,0.0766630619764328,0.5669999718666077,0.6829000115394592
YDL145C,YPR075C,0,-5.5048723,0.07665269821882248,0.5669999718666077,0.6830000281333923
YLR160C,YPL069C,0,-5.505125,0.07664233446121216,0.5669999718666077,0.6830999851226807
YMR129W,YDR129C,0,-5.5052013,0.07663197815418243,0.5669999718666077,0.6832000017166138
YER127W,YMR167W,0,-5.505252,0.07662162184715271,0.5669999718666077,0.6833000183105469
YML081C-A,YLR130C,1,-5.505268,0.0767463892698288,0.5680000185966492,0.6833000183105469
YEL065W,YLR130C,1,-5.5054383,0.0768711194396019,0.5690000057220459,0.6833000183105469
YHR055C,YDR285W,0,-5.505498,0.07686073333024979,0.5690000057220459,0.6833999752998352
YNL008C,YBR135W,0,-5.5058675,0.07685035467147827,0.5690000057220459,0.6834999918937683
YLR324W,YOR068C,0,-5.5059757,0.07683997601270676,0.5690000057220459,0.6836000084877014
YBR059C,YGL096W,0,-5.506251,0.07682959735393524,0.5690000057220459,0.6837000250816345
YBR009C,YKL035W,0,-5.506318,0.07681922614574432,0.5690000057220459,0.6837999820709229
YDL052C,YHR167W,0,-5.506657,0.0768088549375534,0.5690000057220459,0.683899998664856
YPL021W,YAL053W,0,-5.5066633,0.07679849117994308,0.5690000057220459,0.6840000152587891
YGR224W,YHR065C,0,-5.5068893,0.07678812742233276,0.5690000057220459,0.6840999722480774
YPR182W,YJL127C,0,-5.5070944,0.07677776366472244,0.5690000057220459,0.6841999888420105
YDR225W,YFL008W,0,-5.507107,0.07676740735769272,0.5690000057220459,0.6843000054359436
YOR078W,YLR268W,0,-5.5072336,0.076757051050663,0.5690000057220459,0.6844000220298767
YLR368W,YHL024W,0,-5.5073013,0.07674669474363327,0.5690000057220459,0.684499979019165
YBR295W,YLR130C,1,-5.5073943,0.07687120884656906,0.5699999928474426,0.684499979019165
YNL281W,YDR122W,0,-5.507453,0.07686084508895874,0.5699999928474426,0.6845999956130981
YOR098C,YDR469W,0,-5.507743,0.07685048133134842,0.5699999928474426,0.6847000122070312
YMR058W,YNL291C,1,-5.507876,0.07697492837905884,0.5709999799728394,0.6847000122070312
YFR002W,YEL050C,0,-5.507972,0.07696454972028732,0.5709999799728394,0.6848000288009644
YLR192C,YPL112C,0,-5.50801,0.0769541785120964,0.5709999799728394,0.6848999857902527
YPR034W,YJR150C,0,-5.508212,0.07694380730390549,0.5709999799728394,0.6850000023841858
YPR037C,YDR194C,0,-5.5083637,0.07693344354629517,0.5709999799728394,0.6851000189781189
YLL027W,YLR130C,1,-5.508648,0.07705779373645782,0.5720000267028809,0.6851000189781189
YPR052C,YBR095C,0,-5.5087757,0.07704741507768631,0.5720000267028809,0.6851999759674072
YML102W,YOR353C,0,-5.508876,0.0770370364189148,0.5720000267028809,0.6852999925613403
YDR138W,YDR077W,0,-5.508952,0.07702666521072388,0.5720000267028809,0.6854000091552734
YBR243C,YCL034W,0,-5.5089846,0.07701629400253296,0.5720000267028809,0.6855000257492065
YKL220C,YKR052C,1,-5.509199,0.07714054733514786,0.5730000138282776,0.6855000257492065
YFL014W,YKL053C-A,0,-5.5096107,0.07713016867637634,0.5730000138282776,0.6855999827384949
YER094C,YOL067C,0,-5.509658,0.07711978256702423,0.5730000138282776,0.685699999332428
YHR059W,YLL019C,0,-5.50975,0.07710940390825272,0.5730000138282776,0.6858000159263611
YBL079W,YNL290W,0,-5.509798,0.0770990327000618,0.5730000138282776,0.6858999729156494
YHR004C,YBR173C,0,-5.510008,0.07708866149187088,0.5730000138282776,0.6859999895095825
YLL042C,YML097C,0,-5.51008,0.07707829028367996,0.5730000138282776,0.6861000061035156
YDR270W,YNR039C,1,-5.5102158,0.07720242440700531,0.5740000009536743,0.6861000061035156
YHR108W,YJR086W,0,-5.5102253,0.0771920382976532,0.5740000009536743,0.6862000226974487
YER178W,YOR119C,0,-5.5102315,0.07718165963888168,0.5740000009536743,0.6862999796867371
YDR040C,YGR008C,1,-5.5102777,0.07730572670698166,0.574999988079071,0.6862999796867371
YBR168W,YDR495C,0,-5.5106516,0.07729533314704895,0.574999988079071,0.6863999962806702
YLR285W,YIL056W,0,-5.5106554,0.07728494703769684,0.574999988079071,0.6865000128746033
YML118W,YJL108C,0,-5.5114613,0.07727456092834473,0.574999988079071,0.6866000294685364
YDR147W,YHR203C,0,-5.511581,0.07726417481899261,0.574999988079071,0.6866999864578247
YGR178C,YGL169W,0,-5.5116715,0.0772537961602211,0.574999988079071,0.6868000030517578
YLR214W,YJL094C,1,-5.5116777,0.07737775146961212,0.5759999752044678,0.6868000030517578
YOL165C,YDR356W,0,-5.511796,0.07736735790967941,0.5759999752044678,0.6869000196456909
YHL048W,YKL006C-A,0,-5.5120983,0.0773569718003273,0.5759999752044678,0.6869999766349792
YFR050C,YOR003W,0,-5.5125823,0.07734658569097519,0.5759999752044678,0.6870999932289124
YOL165C,YOL017W,0,-5.512684,0.07733619958162308,0.5759999752044678,0.6872000098228455
YIL139C,YPL152W,0,-5.513057,0.07732581347227097,0.5759999752044678,0.6873000264167786
YBL034C,YPL057C,0,-5.513081,0.07731543481349945,0.5759999752044678,0.6873999834060669
YOL158C,YCR037C,1,-5.5133004,0.07743927091360092,0.5770000219345093,0.6873999834060669
YML132W,YDR385W,0,-5.5133057,0.07742887735366821,0.5770000219345093,0.6875
YNL278W,YDR172W,0,-5.5134006,0.0774184912443161,0.5770000219345093,0.6876000165939331
YDR263C,YDL085W,0,-5.513482,0.07740810513496399,0.5770000219345093,0.6876999735832214
YGL144C,YNL248C,0,-5.5135484,0.07739771902561188,0.5770000219345093,0.6877999901771545
YHL047C,YBR024W,1,-5.5135937,0.07752145826816559,0.578000009059906,0.6877999901771545
YHR073W,YBR182C,0,-5.513624,0.07751106470823288,0.578000009059906,0.6879000067710876
YOR080W,YER088C,0,-5.5136557,0.07750067114830017,0.578000009059906,0.6880000233650208
YOR254C,YPL232W,0,-5.513778,0.07749027758836746,0.578000009059906,0.6880999803543091
YBL045C,YGL061C,0,-5.5138283,0.07747989147901535,0.578000009059906,0.6881999969482422
YPR187W,YBR097W,0,-5.5138464,0.07746950536966324,0.578000009059906,0.6883000135421753
YGL180W,YER072W,0,-5.5143642,0.07745912671089172,0.578000009059906,0.6883999705314636
YDR214W,YNL247W,0,-5.514373,0.07744874805212021,0.578000009059906,0.6884999871253967
YJL165C,YLR190W,0,-5.5145674,0.0774383693933487,0.578000009059906,0.6886000037193298
YNL331C,YHL009C,0,-5.514984,0.07742799818515778,0.578000009059906,0.6887000203132629
YLR205C,YOL055C,0,-5.5155683,0.07741762697696686,0.578000009059906,0.6887999773025513
YAL012W,YOR045W,0,-5.5158596,0.07740725576877594,0.578000009059906,0.6888999938964844
YOR120W,YPR007C,0,-5.5159125,0.07739689201116562,0.578000009059906,0.6890000104904175
YGR179C,YNL002C,0,-5.5160246,0.0773865282535553,0.578000009059906,0.6891000270843506
YJL094C,YBR106W,1,-5.5161257,0.0775100365281105,0.5789999961853027,0.6891000270843506
YNL142W,YDR456W,1,-5.516259,0.07763351500034332,0.5799999833106995,0.6891000270843506
YDR159W,YML028W,0,-5.5165663,0.07762312889099121,0.5799999833106995,0.6891999840736389
YMR059W,YBL039C,0,-5.516824,0.0776127427816391,0.5799999833106995,0.689300000667572
YDR016C,YER173W,0,-5.5168443,0.07760235667228699,0.5799999833106995,0.6894000172615051
YDR356W,YDR312W,0,-5.5169983,0.07759197056293488,0.5799999833106995,0.6894999742507935
YPL151C,YPR140W,0,-5.5173187,0.07758159190416336,0.5799999833106995,0.6895999908447266
YGL071W,YGR121C,1,-5.5173693,0.07770495861768723,0.5809999704360962,0.6895999908447266
YNL130C,YGR104C,0,-5.517371,0.07769457250833511,0.5809999704360962,0.6897000074386597
YNL148C,YHR160C,0,-5.5174384,0.0776841789484024,0.5809999704360962,0.6898000240325928
YBR039W,YFL041W,1,-5.517907,0.0778074860572815,0.5820000171661377,0.6898000240325928
YOR113W,YIR033W,0,-5.5179625,0.07779708504676819,0.5820000171661377,0.6898999810218811
YGR254W,YHL002W,0,-5.517992,0.07778669148683548,0.5820000171661377,0.6899999976158142
YOR040W,YAL011W,0,-5.5182314,0.07777629047632217,0.5820000171661377,0.6901000142097473
YER166W,YJR127C,0,-5.518278,0.07776589691638947,0.5820000171661377,0.6901999711990356
YBR040W,YFR013W,0,-5.5184774,0.07775551080703735,0.5820000171661377,0.6902999877929688
YNR019W,YOR279C,0,-5.518489,0.07774512469768524,0.5820000171661377,0.6904000043869019
YIR033W,YBR077C,0,-5.518622,0.07773473858833313,0.5820000171661377,0.690500020980835
YOR386W,YER169W,0,-5.5187736,0.07772435992956161,0.5820000171661377,0.6905999779701233
YJL108C,YOL006C,0,-5.5188947,0.0777139812707901,0.5820000171661377,0.6906999945640564
YPL270W,YDR362C,0,-5.5189176,0.07770360261201859,0.5820000171661377,0.6908000111579895
YIL124W,YDR381W,0,-5.5195403,0.07769323140382767,0.5820000171661377,0.6909000277519226
YNL062C,YOR266W,0,-5.519931,0.07768286019563675,0.5820000171661377,0.6909999847412109
YDR076W,YAL002W,0,-5.5201683,0.07767249643802643,0.5820000171661377,0.691100001335144
YCL024W,YHR030C,0,-5.5208597,0.07766213268041611,0.5820000171661377,0.6912000179290771
YDR517W,YCR083W,0,-5.520984,0.07765176892280579,0.5820000171661377,0.6912999749183655
YBL074C,YHR143W,0,-5.520987,0.07764140516519547,0.5820000171661377,0.6913999915122986
YDL095W,YDR083W,0,-5.521107,0.07763104885816574,0.5820000171661377,0.6915000081062317
YOR031W,YIL095W,0,-5.521247,0.07762070000171661,0.5820000171661377,0.6916000247001648
YMR162C,YMR113W,0,-5.5212936,0.07761035114526749,0.5820000171661377,0.6916999816894531
YPR037C,YBL033C,0,-5.5214167,0.07760000228881836,0.5820000171661377,0.6917999982833862
YPR094W,YGR185C,0,-5.5214224,0.07758965343236923,0.5820000171661377,0.6919000148773193
YKL165C,YGL035C,0,-5.521643,0.0775793120265007,0.5820000171661377,0.6919999718666077
YPL241C,YGL089C,0,-5.522068,0.07756897062063217,0.5820000171661377,0.6920999884605408
YBL045C,YML107C,0,-5.522152,0.07755863666534424,0.5820000171661377,0.6922000050544739
YOR201C,YER009W,0,-5.5222077,0.0775483027100563,0.5820000171661377,0.692300021648407
YAR008W,YKR031C,0,-5.5223093,0.07753796875476837,0.5820000171661377,0.6923999786376953
YPR183W,YDR164C,0,-5.5223308,0.07752764225006104,0.5820000171661377,0.6924999952316284
YKR066C,YKL186C,0,-5.5227013,0.0775173157453537,0.5820000171661377,0.6926000118255615
YBL018C,YGR211W,0,-5.522783,0.07750698924064636,0.5820000171661377,0.6927000284194946
YPL248C,YLR145W,0,-5.5233307,0.07749667018651962,0.5820000171661377,0.692799985408783
YCL055W,YKR007W,0,-5.523397,0.07748635113239288,0.5820000171661377,0.6929000020027161
YKL113C,YER021W,0,-5.5234504,0.07747603952884674,0.5820000171661377,0.6930000185966492
YLR148W,YGR054W,0,-5.5236583,0.0774657279253006,0.5820000171661377,0.6930999755859375
YNL245C,YPL021W,0,-5.5236826,0.07745541632175446,0.5820000171661377,0.6931999921798706
YLR228C,YOR295W,0,-5.5237193,0.07744511216878891,0.5820000171661377,0.6933000087738037
YGL071W,YNL055C,1,-5.523898,0.07756785303354263,0.5830000042915344,0.6933000087738037
YDR194C,YNL221C,0,-5.524008,0.0775575339794159,0.5830000042915344,0.6934000253677368
YDL028C,YHR042W,0,-5.5240936,0.07754722237586975,0.5830000042915344,0.6934999823570251
YOL008W,YHL024W,0,-5.5243373,0.07753690332174301,0.5830000042915344,0.6935999989509583
YBL032W,YDL108W,0,-5.524358,0.07752659916877747,0.5830000042915344,0.6937000155448914
YNL159C,YBR196C,0,-5.524651,0.07751628756523132,0.5830000042915344,0.6937999725341797
YMR204C,YKR097W,0,-5.524977,0.07750598341226578,0.5830000042915344,0.6938999891281128
YOL064C,YPL007C,0,-5.525078,0.07749567925930023,0.5830000042915344,0.6940000057220459
YLL060C,YDR527W,0,-5.525138,0.07748538255691528,0.5830000042915344,0.694100022315979
YBR055C,YOR087W,0,-5.525501,0.07747508585453033,0.5830000042915344,0.6941999793052673
YKL146W,YLR442C,0,-5.5257215,0.07746478915214539,0.5830000042915344,0.6942999958992004
YDR513W,YMR095C,0,-5.5260954,0.07745449990034103,0.5830000042915344,0.6944000124931335
YML078W,YKR009C,0,-5.526181,0.07744421064853668,0.5830000042915344,0.6945000290870667
YOR011W,YER072W,0,-5.5262127,0.07743392139673233,0.5830000042915344,0.694599986076355
YPL270W,YOR321W,0,-5.5264597,0.07742363959550858,0.5830000042915344,0.6947000026702881
YML036W,YDR457W,0,-5.526496,0.07741335779428482,0.5830000042915344,0.6948000192642212
YNL164C,YOR110W,0,-5.5264997,0.07740308344364166,0.5830000042915344,0.6948999762535095
YDR147W,YDR492W,0,-5.526595,0.07739280164241791,0.5830000042915344,0.6949999928474426
YPR037C,YJL187C,0,-5.5266027,0.07738253474235535,0.5830000042915344,0.6951000094413757
YOL017W,YJL098W,0,-5.526824,0.07737226039171219,0.5830000042915344,0.6952000260353088
YHL047C,YBR039W,1,-5.5272236,0.07749469578266144,0.5839999914169312,0.6952000260353088
YGL226C-A,YLR337C,0,-5.527361,0.07748440653085709,0.5839999914169312,0.6952999830245972
YDR235W,YML052W,0,-5.5275583,0.07747413218021393,0.5839999914169312,0.6953999996185303
YKL053C-A,YDR145W,0,-5.527888,0.07746385782957077,0.5839999914169312,0.6955000162124634
YDL148C,YHR041C,0,-5.528118,0.07745358347892761,0.5839999914169312,0.6955999732017517
YMR076C,YPL206C,0,-5.528225,0.07744330912828445,0.5839999914169312,0.6956999897956848
YDR263C,YPL232W,0,-5.528263,0.0774330422282219,0.5839999914169312,0.6958000063896179
YBR129C,YPL047W,0,-5.528265,0.07742277532815933,0.5839999914169312,0.695900022983551
YGL229C,YPR173C,0,-5.5284677,0.07741251587867737,0.5839999914169312,0.6959999799728394
YNR016C,YKL150W,0,-5.528583,0.0774022564291954,0.5839999914169312,0.6960999965667725
YLR157C,YDL116W,0,-5.5287957,0.07739199697971344,0.5839999914169312,0.6962000131607056
YNL275W,YGL229C,0,-5.5291147,0.07738173753023148,0.5839999914169312,0.6963000297546387
YML086C,YCR057C,0,-5.5293546,0.07737148553133011,0.5839999914169312,0.696399986743927
YDR283C,YHR161C,0,-5.5297174,0.07736124098300934,0.5839999914169312,0.6965000033378601
YPR201W,YLL009C,1,-5.529874,0.07748344540596008,0.5849999785423279,0.6965000033378601
YDR268W,YJR007W,0,-5.5298986,0.07747318595647812,0.5849999785423279,0.6966000199317932
YGL226C-A,YDL134C,0,-5.529929,0.07746292650699615,0.5849999785423279,0.6966999769210815
YDL142C,YNL339C,0,-5.529963,0.07745266705751419,0.5849999785423279,0.6967999935150146
YML102W,YDL059C,0,-5.530002,0.07744241505861282,0.5849999785423279,0.6969000101089478
YML126C,YPL082C,0,-5.530053,0.07743216305971146,0.5849999785423279,0.6970000267028809
YKR009C,YML015C,0,-5.53017,0.07742191851139069,0.5849999785423279,0.6970999836921692
YBR029C,YEL004W,0,-5.5303307,0.07741167396306992,0.5849999785423279,0.6972000002861023
YGR180C,YER120W,0,-5.5303507,0.07740142941474915,0.5849999785423279,0.6973000168800354
YNL290W,YMR229C,0,-5.530509,0.07739119231700897,0.5849999785423279,0.6973999738693237
YPL227C,YNL186W,0,-5.5305386,0.0773809552192688,0.5849999785423279,0.6974999904632568
YLR411W,YGR121C,1,-5.5306253,0.07750297337770462,0.5860000252723694,0.6974999904632568
YOR363C,YIL109C,0,-5.5307417,0.07749272882938385,0.5860000252723694,0.6976000070571899
YOR049C,YCL032W,0,-5.530879,0.07748247683048248,0.5860000252723694,0.697700023651123
YOL130W,YML081C-A,1,-5.5309,0.07760444283485413,0.5870000123977661,0.697700023651123
YNR033W,YNR038W,0,-5.5311413,0.07759418338537216,0.5870000123977661,0.6977999806404114
YNR035C,YHR099W,0,-5.531346,0.0775839313864708,0.5870000123977661,0.6978999972343445
YFL022C,YDL245C,0,-5.531622,0.07757367193698883,0.5870000123977661,0.6980000138282776
YOR316C,YKL220C,1,-5.5316315,0.0776955634355545,0.5879999995231628,0.6980000138282776
YCL026C-A,YCR077C,0,-5.5316315,0.07768529653549194,0.5879999995231628,0.6980999708175659
YER072W,YNL310C,0,-5.5317135,0.07767502963542938,0.5879999995231628,0.698199987411499
YPR080W,YBR173C,0,-5.531997,0.07766477018594742,0.5879999995231628,0.6983000040054321
YIR013C,YBR093C,0,-5.5319977,0.07765451818704605,0.5879999995231628,0.6984000205993652
YPR165W,YLR398C,0,-5.532135,0.07764426618814468,0.5879999995231628,0.6984999775886536
YLR242C,YCR026C,0,-5.532342,0.07763401418924332,0.5879999995231628,0.6985999941825867
YNL085W,YKR031C,0,-5.532647,0.07762376219034195,0.5879999995231628,0.6987000107765198
YLR295C,YER145C,1,-5.5326495,0.07774551212787628,0.5889999866485596,0.6987000107765198
YDR036C,YIL118W,0,-5.533017,0.07773525267839432,0.5889999866485596,0.6988000273704529
YOL158C,YIL114C,1,-5.533102,0.07785695791244507,0.5899999737739563,0.6988000273704529
YJL074C,YOR045W,0,-5.5332794,0.07784668356180191,0.5899999737739563,0.6988999843597412
YER114C,YMR263W,0,-5.5335636,0.07783640921115875,0.5899999737739563,0.6990000009536743
YDR055W,YHL028W,0,-5.5337896,0.07782614231109619,0.5899999737739563,0.6991000175476074
YML075C,YOR341W,0,-5.5339317,0.07781588286161423,0.5899999737739563,0.6991999745368958
YHL047C,YKL016C,1,-5.5341835,0.07793749123811722,0.5910000205039978,0.6991999745368958
YDR038C,YKL064W,1,-5.5344143,0.07805906981229782,0.5920000076293945,0.6991999745368958
YLR109W,YNL263C,0,-5.534467,0.07804878056049347,0.5920000076293945,0.6992999911308289
YNL136W,YOR049C,0,-5.535014,0.07803849130868912,0.5920000076293945,0.699400007724762
YGL038C,YJR127C,0,-5.535014,0.07802820950746536,0.5920000076293945,0.6995000243186951
YCL024W,YAL015C,0,-5.535136,0.07801792025566101,0.5920000076293945,0.6995999813079834
YKL064W,YML123C,1,-5.535193,0.07813940942287445,0.5929999947547913,0.6995999813079834
YLR320W,YKL194C,0,-5.5353756,0.0781291201710701,0.5929999947547913,0.6996999979019165
YOR171C,YER117W,0,-5.5354013,0.07811882346868515,0.5929999947547913,0.6998000144958496
YDR295C,YDR418W,0,-5.5356045,0.0781085342168808,0.5929999947547913,0.6998999714851379
YHR073W,YKL086W,0,-5.535694,0.07809824496507645,0.5929999947547913,0.699999988079071
YGR191W,YIL114C,1,-5.535834,0.07821964472532272,0.593999981880188,0.699999988079071
YFL056C,YNL214W,0,-5.5360703,0.07820934802293777,0.593999981880188,0.7001000046730042
YNR017W,YNL243W,0,-5.536308,0.07819905132055283,0.593999981880188,0.7002000212669373
YML121W,YGL008C,1,-5.536498,0.07832039147615433,0.5950000286102295,0.7002000212669373
YOR078W,YCR065W,0,-5.536545,0.07831007987260818,0.5950000286102295,0.7002999782562256
YOL151W,YDL188C,0,-5.5365944,0.07829977571964264,0.5950000286102295,0.7003999948501587
YOR330C,YMR308C,0,-5.5366864,0.0782894715666771,0.5950000286102295,0.7005000114440918
YKL057C,YPL239W,0,-5.536721,0.07827917486429214,0.5950000286102295,0.7006000280380249
YPL069C,YMR100W,0,-5.53679,0.0782688781619072,0.5950000286102295,0.7006999850273132
YDR377W,YOR334W,1,-5.537424,0.07839010655879974,0.5960000157356262,0.7006999850273132
YOR008C,YJL138C,0,-5.5374613,0.0783798024058342,0.5960000157356262,0.7008000016212463
YPL259C,YHR052W,0,-5.537689,0.07836949080228806,0.5960000157356262,0.7009000182151794
YOR168W,YPL121C,0,-5.537781,0.07835918664932251,0.5960000157356262,0.7009999752044678
YLR284C,YLR272C,0,-5.5378733,0.07834888994693756,0.5960000157356262,0.7010999917984009
YOR136W,YIL118W,0,-5.5379977,0.07833859324455261,0.5960000157356262,0.701200008392334
YLR048W,YJL139C,0,-5.538039,0.07832829654216766,0.5960000157356262,0.7013000249862671
YEL036C,YOR026W,0,-5.538266,0.07831799983978271,0.5960000157356262,0.7013999819755554
YOR035C,YLR398C,0,-5.5383377,0.07830771058797836,0.5960000157356262,0.7014999985694885
YCR077C,YGL162W,0,-5.538385,0.07829742878675461,0.5960000157356262,0.7016000151634216
YNL186W,YLR337C,0,-5.538619,0.07828713953495026,0.5960000157356262,0.70169997215271
YNL094W,YCR035C,0,-5.5386744,0.0782768577337265,0.5960000157356262,0.7017999887466431
YOR004W,YLR262C,0,-5.538748,0.07826657593250275,0.5960000157356262,0.7019000053405762
YAL007C,YML092C,0,-5.5387774,0.07825630158185959,0.5960000157356262,0.7020000219345093
YOR078W,YML019W,0,-5.5388126,0.07824602723121643,0.5960000157356262,0.7020999789237976
YCR065W,YOL001W,0,-5.5389276,0.07823576033115387,0.5960000157356262,0.7021999955177307
YPR165W,YPL123C,0,-5.5392437,0.07822548598051071,0.5960000157356262,0.7023000121116638
YLR260W,YBL017C,0,-5.539294,0.07821522653102875,0.5960000157356262,0.7024000287055969
YDR529C,YIL147C,0,-5.5394125,0.07820495963096619,0.5960000157356262,0.7024999856948853
YDL243C,YFL059W,0,-5.5394154,0.07819470018148422,0.5960000157356262,0.7026000022888184
YML123C,YNL055C,1,-5.539626,0.0783156231045723,0.597000002861023,0.7026000022888184
YPL211W,YDL052C,0,-5.5397654,0.07830534875392914,0.597000002861023,0.7027000188827515
YJR155W,YDL149W,0,-5.5398045,0.07829508185386658,0.597000002861023,0.7027999758720398
YOR381W,YDR456W,1,-5.539933,0.07841594517230988,0.5979999899864197,0.7027999758720398
YPR093C,YMR218C,0,-5.5400653,0.07840566337108612,0.5979999899864197,0.7028999924659729
YGR098C,YDR058C,0,-5.540372,0.07839538902044296,0.5979999899864197,0.703000009059906
YDR270W,YOR381W,1,-5.540377,0.07851618528366089,0.5989999771118164,0.703000009059906
YIL004C,YLR043C,0,-5.5404058,0.07850589603185654,0.5989999771118164,0.7031000256538391
YIR017C,YER068W,0,-5.5404487,0.07849560678005219,0.5989999771118164,0.7031999826431274
YOR178C,YDR507C,0,-5.5405684,0.07848532497882843,0.5989999771118164,0.7032999992370605
YNR001C,YBL006C,0,-5.5406837,0.07847504317760468,0.5989999771118164,0.7034000158309937
YIL129C,YOL020W,0,-5.5412126,0.07846476137638092,0.5989999771118164,0.703499972820282
YNL041C,YBR177C,0,-5.54175,0.07845448702573776,0.5989999771118164,0.7035999894142151
YER118C,YFL060C,0,-5.5417767,0.0784442126750946,0.5989999771118164,0.7037000060081482
YBL099W,YDR270W,1,-5.541912,0.07856488227844238,0.6000000238418579,0.7037000060081482
YBL099W,YOR334W,1,-5.5419245,0.07868552207946777,0.6010000109672546,0.7037000060081482
YOR027W,YLL040C,0,-5.542149,0.07867521792650223,0.6010000109672546,0.7038000226020813
YGR159C,YJR009C,0,-5.542159,0.07866492122411728,0.6010000109672546,0.7038999795913696
YOR144C,YPL063W,0,-5.5422,0.07865462452173233,0.6010000109672546,0.7039999961853027
YDR038C,YLR214W,1,-5.5422792,0.07877518981695175,0.6019999980926514,0.7039999961853027
YDL099W,YBR210W,0,-5.542363,0.0787648856639862,0.6019999980926514,0.7041000127792358
YLR190W,YER148W,0,-5.5424776,0.07875458151102066,0.6019999980926514,0.704200029373169
YAL003W,YEL013W,0,-5.542591,0.07874427735805511,0.6019999980926514,0.7042999863624573
YLR382C,YMR314W,0,-5.5428095,0.07873398065567017,0.6019999980926514,0.7044000029563904
YNL130C,YMR162C,0,-5.542824,0.07872368395328522,0.6019999980926514,0.7045000195503235
YOR028C,YPL176C,0,-5.5431714,0.07871338725090027,0.6019999980926514,0.7045999765396118
YJL094C,YLR092W,1,-5.5432496,0.07883383333683014,0.6029999852180481,0.7045999765396118
YKL182W,YHR031C,0,-5.5433097,0.0788235291838646,0.6029999852180481,0.7046999931335449
YGR060W,YDR251W,0,-5.543528,0.07881322503089905,0.6029999852180481,0.704800009727478
YJL214W,YBR095C,0,-5.5438137,0.0788029283285141,0.6029999852180481,0.7049000263214111
YJR083C,YNR057C,0,-5.5438285,0.07879263162612915,0.6029999852180481,0.7049999833106995
YLR368W,YPR121W,0,-5.5439177,0.0787823349237442,0.6029999852180481,0.7050999999046326
YPR122W,YGR055W,0,-5.544304,0.07877204567193985,0.6029999852180481,0.7052000164985657
YGR200C,YNL169C,0,-5.5444155,0.0787617564201355,0.6029999852180481,0.705299973487854
YBR207W,YOR334W,1,-5.544488,0.07888206839561462,0.6039999723434448,0.705299973487854
YOR201C,YPR052C,0,-5.5448494,0.07887177169322968,0.6039999723434448,0.7053999900817871
YJL060W,YGR175C,0,-5.545021,0.07886146754026413,0.6039999723434448,0.7055000066757202
YGL090W,YJR143C,0,-5.5451913,0.07885117828845978,0.6039999723434448,0.7056000232696533
YGR178C,YOL124C,0,-5.545251,0.07884088158607483,0.6039999723434448,0.7056999802589417
YJL063C,YER125W,0,-5.5459166,0.07883059233427048,0.6039999723434448,0.7057999968528748
YCL054W,YML034W,0,-5.545949,0.07882030308246613,0.6039999723434448,0.7059000134468079
YGR191W,YGL255W,1,-5.5460987,0.0789405032992363,0.6050000190734863,0.7059000134468079
YIL048W,YBR083W,0,-5.54622,0.07893019914627075,0.6050000190734863,0.7059999704360962
YIL016W,YKR053C,0,-5.546719,0.0789199024438858,0.6050000190734863,0.7060999870300293
YMR287C,YGR152C,0,-5.5469074,0.07890961319208145,0.6050000190734863,0.7062000036239624
YOL101C,YDR545W,0,-5.5469527,0.0788993239402771,0.6050000190734863,0.7063000202178955
YJL157C,YOL094C,0,-5.547058,0.07888903468847275,0.6050000190734863,0.7063999772071838
YKL152C,YHR160C,0,-5.5471716,0.0788787454366684,0.6050000190734863,0.7064999938011169
YEL036C,YDR272W,0,-5.547299,0.07886846363544464,0.6050000190734863,0.70660001039505
YBL099W,YCR098C,1,-5.5473285,0.07898852974176407,0.6060000061988831,0.70660001039505
YER053C,YGL008C,1,-5.5473766,0.07910856604576111,0.6069999933242798,0.70660001039505
YOR211C,YBL064C,0,-5.5474195,0.07909825444221497,0.6069999933242798,0.7067000269889832
YFL031W,YNL070W,0,-5.547459,0.07908795028924942,0.6069999933242798,0.7067999839782715
YKL220C,YOL027C,1,-5.5475307,0.07920791953802109,0.6079999804496765,0.7067999839782715
YOL064C,YJL011C,0,-5.5475817,0.07919760048389435,0.6079999804496765,0.7069000005722046
YML121W,YBR106W,1,-5.547774,0.07931753247976303,0.609000027179718,0.7069000005722046
YOR079C,YBR143C,0,-5.548434,0.0793071985244751,0.609000027179718,0.7070000171661377
YLR303W,YMR059W,0,-5.5485716,0.07929687201976776,0.609000027179718,0.707099974155426
YLR265C,YNR046W,0,-5.548686,0.07928655296564102,0.609000027179718,0.7071999907493591
YCR037C,YNL055C,1,-5.548812,0.07940640300512314,0.6100000143051147,0.7071999907493591
YGL087C,YJL176C,0,-5.5488253,0.0793960690498352,0.6100000143051147,0.7073000073432922
YLR329W,YPR065W,0,-5.548909,0.07938573509454727,0.6100000143051147,0.7074000239372253
YDR518W,YKR101W,0,-5.5489316,0.07937540858983994,0.6100000143051147,0.7074999809265137
YLR220W,YGL106W,0,-5.549095,0.0793650820851326,0.6100000143051147,0.7075999975204468
YDR173C,YPR191W,0,-5.54912,0.07935475558042526,0.6100000143051147,0.7077000141143799
YDR377W,YNR039C,1,-5.549128,0.07947450876235962,0.6110000014305115,0.7077000141143799
YHL040C,YBR024W,1,-5.5492687,0.07959422469139099,0.6119999885559082,0.7077000141143799
YEL012W,YLR447C,0,-5.5494733,0.07958387583494186,0.6119999885559082,0.7077999711036682
YPR135W,YPL097W,0,-5.5494814,0.07957352697849274,0.6119999885559082,0.7078999876976013
YGR044C,YJL222W,0,-5.5495377,0.0795631855726242,0.6119999885559082,0.7080000042915344
YKL212W,YHL025W,0,-5.5495396,0.07955283671617508,0.6119999885559082,0.7081000208854675
YBR247C,YGL249W,0,-5.549801,0.07954250276088715,0.6119999885559082,0.7081999778747559
YLR449W,YGL151W,0,-5.54988,0.07953216135501862,0.6119999885559082,0.708299994468689
YLR295C,YOR381W,1,-5.5500946,0.07965176552534103,0.6129999756813049,0.708299994468689
YMR219W,YHR111W,0,-5.5501585,0.0796414166688919,0.6129999756813049,0.7084000110626221
YOL042W,YDR081C,0,-5.550219,0.07963107526302338,0.6129999756813049,0.7085000276565552
YMR319C,YGL008C,1,-5.550518,0.07975061982870102,0.6140000224113464,0.7085000276565552
YNL291C,YGL255W,1,-5.550537,0.07987012714147568,0.6150000095367432,0.7085000276565552
YNL182C,YLR071C,0,-5.5506964,0.07985975593328476,0.6150000095367432,0.7085999846458435
YDR168W,YLR084C,0,-5.5517507,0.07984939217567444,0.6150000095367432,0.7087000012397766
YPL059W,YKL059C,0,-5.5519686,0.07983902096748352,0.6150000095367432,0.7088000178337097
YOL130W,YNL055C,1,-5.5519967,0.0799584612250328,0.6159999966621399,0.7088000178337097
YKR076W,YGL175C,0,-5.552106,0.07994808256626129,0.6159999966621399,0.708899974822998
YDR507C,YAL030W,0,-5.5521173,0.07993771135807037,0.6159999966621399,0.7089999914169312
YML067C,YOR279C,0,-5.5522184,0.07992734014987946,0.6159999966621399,0.7091000080108643
YDL225W,YGR128C,0,-5.552308,0.07991696894168854,0.6159999966621399,0.7092000246047974
YGL206C,YFL002C,0,-5.552559,0.07990660518407822,0.6159999966621399,0.7092999815940857
YLR291C,YFR029W,0,-5.55258,0.0798962414264679,0.6159999966621399,0.7093999981880188
YDR093W,YLR424W,0,-5.5528145,0.07988587766885757,0.6159999966621399,0.7095000147819519
YER143W,YDR110W,0,-5.553175,0.07987552136182785,0.6159999966621399,0.7095999717712402
YIL131C,YIL095W,0,-5.5532627,0.07986516505479813,0.6159999966621399,0.7096999883651733
YOR046C,YBR098W,0,-5.5533257,0.0798548087477684,0.6159999966621399,0.7098000049591064
YLR081W,YPL179W,0,-5.553774,0.07984445989131927,0.6159999966621399,0.7099000215530396
YBR023C,YBR117C,0,-5.5538607,0.07983411103487015,0.6159999966621399,0.7099999785423279
YML012W,YDR126W,0,-5.5539465,0.07982376217842102,0.6159999966621399,0.710099995136261
YDR295C,YOR347C,0,-5.554165,0.07981342077255249,0.6159999966621399,0.7102000117301941
YPL140C,YNL007C,0,-5.5542154,0.07980308681726456,0.6159999966621399,0.7103000283241272
YLR248W,YDR023W,0,-5.554322,0.07979274541139603,0.6159999966621399,0.7103999853134155
YOR321W,YMR137C,0,-5.554328,0.0797824114561081,0.6159999966621399,0.7105000019073486
YLR265C,YDR071C,0,-5.5545225,0.07977207750082016,0.6159999966621399,0.7106000185012817
YLR002C,YLR383W,0,-5.5545635,0.07976175099611282,0.6159999966621399,0.7106999754905701
YGL169W,YDR362C,0,-5.55503,0.07975142449140549,0.6159999966621399,0.7107999920845032
YIR017C,YJR160C,0,-5.55532,0.07974109798669815,0.6159999966621399,0.7109000086784363
YMR012W,YPL180W,0,-5.5554743,0.07973077893257141,0.6159999966621399,0.7110000252723694
YPL241C,YOL051W,0,-5.555545,0.07972045987844467,0.6159999966621399,0.7110999822616577
YDR245W,YOL033W,0,-5.5555897,0.07971014827489853,0.6159999966621399,0.7111999988555908
YLR411W,YML121W,1,-5.5559,0.07982921600341797,0.6169999837875366,0.7111999988555908
YJL115W,YDR388W,0,-5.556118,0.07981888949871063,0.6169999837875366,0.7113000154495239
YPR052C,YDR081C,0,-5.5561485,0.0798085629940033,0.6169999837875366,0.7113999724388123
YDR110W,YFR050C,0,-5.556607,0.07979824393987656,0.6169999837875366,0.7114999890327454
YHR158C,YJR131W,0,-5.556614,0.07978792488574982,0.6169999837875366,0.7116000056266785
YGL087C,YDR189W,0,-5.5567455,0.07977760583162308,0.6169999837875366,0.7117000222206116
YDR309C,YJL100W,0,-5.5567884,0.07976729422807693,0.6169999837875366,0.7117999792098999
YGR155W,YLR222C,0,-5.5570216,0.07975698262453079,0.6169999837875366,0.711899995803833
YDR295C,YJL146W,0,-5.557139,0.07974667102098465,0.6169999837875366,0.7120000123977661
YDR385W,YLR154C,0,-5.557149,0.0797363668680191,0.6169999837875366,0.7121000289916992
YPR171W,YDR343C,0,-5.5571985,0.07972606271505356,0.6169999837875366,0.7121999859809875
YNL075W,YIL084C,0,-5.5573244,0.07971575856208801,0.6169999837875366,0.7123000025749207
YML058W-A,YHR119W,0,-5.5573463,0.07970546185970306,0.6169999837875366,0.7124000191688538
YGR162W,YOR229W,0,-5.557378,0.07969517260789871,0.6169999837875366,0.7124999761581421
YKR082W,YJR049C,0,-5.5575714,0.07968487590551376,0.6169999837875366,0.7125999927520752
YNR016C,YOR113W,0,-5.5579348,0.07967458665370941,0.6169999837875366,0.7127000093460083
YIL098C,YLR113W,0,-5.558015,0.07966429740190506,0.6169999837875366,0.7128000259399414
YOR316C,YER145C,1,-5.5580473,0.0797831118106842,0.6179999709129333,0.7128000259399414
YOL061W,YIL135C,0,-5.5582886,0.07977281510829926,0.6179999709129333,0.7128999829292297
YOR363C,YGL129C,0,-5.5583744,0.0797625184059143,0.6179999709129333,0.7129999995231628
YNR058W,YIL042C,0,-5.5584908,0.07975222915410995,0.6179999709129333,0.713100016117096
YBR135W,YMR137C,0,-5.558518,0.079741932451725,0.6179999709129333,0.7131999731063843
YKL016C,YLR214W,1,-5.5587683,0.07986066490411758,0.6190000176429749,0.7131999731063843
YLL009C,YEL065W,1,-5.5591726,0.07997936010360718,0.6200000047683716,0.7131999731063843
YOR279C,YDL224C,0,-5.559194,0.07996904104948044,0.6200000047683716,0.7132999897003174
YIR010W,YGR175C,0,-5.5594797,0.0799587294459343,0.6200000047683716,0.7134000062942505
YDR079W,YML107C,0,-5.559535,0.07994841784238815,0.6200000047683716,0.7135000228881836
YGL181W,YOR208W,0,-5.559819,0.07993811368942261,0.6200000047683716,0.7135999798774719
YNL331C,YPR030W,0,-5.5599613,0.07992780953645706,0.6200000047683716,0.713699996471405
YHR160C,YNL107W,0,-5.5600357,0.07991750538349152,0.6200000047683716,0.7138000130653381
YGR244C,YPL180W,0,-5.5602517,0.07990720123052597,0.6200000047683716,0.7139000296592712
YBR207W,YBR296C,1,-5.560259,0.08002576977014542,0.6209999918937683,0.7139000296592712
YIL124W,YAL007C,0,-5.5602875,0.08001546561717987,0.6209999918937683,0.7139999866485596
YKL170W,YNL248C,0,-5.560456,0.08000515401363373,0.6209999918937683,0.7141000032424927
YDR228C,YBR035C,0,-5.5606174,0.07999484986066818,0.6209999918937683,0.7142000198364258
YOL072W,YDR285W,0,-5.5606794,0.07998454570770264,0.6209999918937683,0.7142999768257141
YKR052C,YBR296C,1,-5.560725,0.08010302484035492,0.621999979019165,0.7142999768257141
YIL159W,YPL058C,0,-5.560864,0.08009271323680878,0.621999979019165,0.7143999934196472
YNL219C,YKR087C,0,-5.560975,0.08008240163326263,0.621999979019165,0.7145000100135803
YEL061C,YOR354C,0,-5.561017,0.08007209002971649,0.621999979019165,0.7146000266075134
YMR150C,YJL011C,0,-5.561182,0.08006178587675095,0.621999979019165,0.7146999835968018
YOR112W,YMR246W,0,-5.561509,0.0800514817237854,0.621999979019165,0.7148000001907349
YFL041W,YBR106W,1,-5.561862,0.08016986399888992,0.6230000257492065,0.7148000001907349
YNL259C,YNL291C,1,-5.5618715,0.08028821647167206,0.6240000128746033,0.7148000001907349
YFR027W,YJL112W,0,-5.5623503,0.08027788251638412,0.6240000128746033,0.714900016784668
YPL089C,YLL021W,0,-5.5624795,0.08026755601167679,0.6240000128746033,0.7149999737739563
YOL078W,YGL070C,0,-5.5626965,0.08025723695755005,0.6240000128746033,0.7150999903678894
YEL018W,YJR131W,0,-5.5629025,0.08024691045284271,0.6240000128746033,0.7152000069618225
YLR047C,YLR193C,0,-5.5630293,0.08023659139871597,0.6240000128746033,0.7153000235557556
YDR377W,YBR106W,1,-5.563094,0.08035484701395035,0.625,0.7153000235557556
YBL005W,YAL033W,0,-5.5638895,0.08034452050924301,0.625,0.715399980545044
YPL053C,YML027W,0,-5.5639343,0.08033418655395508,0.625,0.715499997138977
YLR242C,YMR054W,0,-5.564108,0.08032386749982834,0.625,0.7156000137329102
YNR001C,YLR354C,0,-5.5643787,0.080313540995121,0.625,0.7156999707221985
YGL200C,YPL117C,0,-5.5644064,0.08030322194099426,0.625,0.7157999873161316
YDR508C,YOL097C,0,-5.56449,0.08029291033744812,0.625,0.7159000039100647
YCR098C,YGR191W,1,-5.565014,0.08041104674339294,0.6259999871253967,0.7159000039100647
YEL027W,YGR008C,1,-5.565138,0.08052915334701538,0.6269999742507935,0.7159000039100647
YAL041W,YPL171C,0,-5.5657907,0.08051881194114685,0.6269999742507935,0.7160000205039978
YCR010C,YNL259C,1,-5.5662036,0.0806368738412857,0.628000020980835,0.7160000205039978
YKR003W,YHR079C-A,0,-5.5662413,0.08062652498483658,0.628000020980835,0.7160999774932861
YDR188W,YKL125W,0,-5.566394,0.08061617612838745,0.628000020980835,0.7161999940872192
YGL190C,YHR148W,0,-5.5664053,0.08060582727193832,0.628000020980835,0.7163000106811523
YDR013W,YGL229C,0,-5.566408,0.0805954858660698,0.628000020980835,0.7164000272750854
YBL003C,YPR121W,0,-5.56654,0.08058513700962067,0.628000020980835,0.7164999842643738
YDR268W,YNL186W,0,-5.5665445,0.08057480305433273,0.628000020980835,0.7166000008583069
YPR122W,YKL113C,0,-5.566556,0.0805644616484642,0.628000020980835,0.71670001745224
YMR047C,YMR239C,0,-5.5666876,0.08055412769317627,0.628000020980835,0.7167999744415283
YIL002C,YDR143C,0,-5.5667467,0.08054380118846893,0.628000020980835,0.7168999910354614
YLR288C,YHR111W,0,-5.5671034,0.080533467233181,0.628000020980835,0.7170000076293945
YDL225W,YOL124C,0,-5.5672064,0.08052314072847366,0.628000020980835,0.7171000242233276
YLR085C,YLR014C,0,-5.5675454,0.08051282167434692,0.628000020980835,0.717199981212616
YGL043W,YCL001W,0,-5.5676236,0.08050250262022018,0.628000020980835,0.7172999978065491
YEL034W,YML034W,0,-5.5676494,0.08049218356609344,0.628000020980835,0.7174000144004822
YNL053W,YBR093C,0,-5.5677524,0.0804818645119667,0.628000020980835,0.7174999713897705
YLR158C,YFR027W,0,-5.567863,0.08047155290842056,0.628000020980835,0.7175999879837036
YGL011C,YMR095C,0,-5.56791,0.08046124130487442,0.628000020980835,0.7177000045776367
YDL178W,YHL007C,0,-5.567945,0.08045093715190887,0.628000020980835,0.7178000211715698
YPR005C,YPL234C,0,-5.568044,0.08044063299894333,0.628000020980835,0.7178999781608582
YAL025C,YLR320W,0,-5.5681925,0.08043032884597778,0.628000020980835,0.7179999947547913
YMR246W,YHR091C,0,-5.5683417,0.08042002469301224,0.628000020980835,0.7181000113487244
YCR047C,YDL165W,0,-5.5685225,0.08040972799062729,0.628000020980835,0.7182000279426575
YGR253C,YOR143C,0,-5.5687604,0.08039943873882294,0.628000020980835,0.7182999849319458
YFR028C,YOR168W,0,-5.569001,0.08038914203643799,0.628000020980835,0.7184000015258789
YDR508C,YNR046W,0,-5.5690746,0.08037885278463364,0.628000020980835,0.718500018119812
YLR127C,YGL200C,0,-5.5694733,0.08036857098340988,0.628000020980835,0.7185999751091003
YPL160W,YHR158C,0,-5.5696115,0.08035828173160553,0.628000020980835,0.7186999917030334
YPL254W,YCL032W,0,-5.5701394,0.08034800738096237,0.628000020980835,0.7188000082969666
YEL036C,YEL061C,0,-5.570251,0.08033772557973862,0.628000020980835,0.7189000248908997
YHL040C,YGL008C,1,-5.5705605,0.08045536279678345,0.6290000081062317,0.7189000248908997
YOL011W,YHR181W,0,-5.5708075,0.0804450660943985,0.6290000081062317,0.718999981880188
YBR217W,YLR066W,0,-5.570904,0.08043478429317474,0.6290000081062317,0.7190999984741211
YGL099W,YGL028C,0,-5.571499,0.08042449504137039,0.6290000081062317,0.7192000150680542
YLR242C,YJR059W,0,-5.57154,0.08041421324014664,0.6290000081062317,0.7192999720573425
YIR025W,YAR033W,0,-5.5715637,0.08040393888950348,0.6290000081062317,0.7193999886512756
YLR429W,YLR051C,0,-5.57205,0.08039365708827972,0.6290000081062317,0.7195000052452087
YKL220C,YLR130C,1,-5.5724144,0.0805111825466156,0.6299999952316284,0.7195000052452087
YML062C,YPL012W,0,-5.5725513,0.08050089329481125,0.6299999952316284,0.7196000218391418
YLR011W,YML047C,0,-5.572619,0.0804906114935875,0.6299999952316284,0.7196999788284302
YCL043C,YHR143W-A,0,-5.572905,0.08048032969236374,0.6299999952316284,0.7197999954223633
YGL047W,YNL161W,0,-5.573004,0.08047004789113998,0.6299999952316284,0.7199000120162964
YPL200W,YMR276W,0,-5.5732694,0.08045977354049683,0.6299999952316284,0.7200000286102295
YJL094C,YER053C,1,-5.5733986,0.08057719469070435,0.6309999823570251,0.7200000286102295
YPR167C,YOR036W,0,-5.5735846,0.0805669054389,0.6309999823570251,0.7200999855995178
YIL014W,YCL032W,0,-5.573722,0.08055661618709564,0.6309999823570251,0.7202000021934509
YOR049C,YOR043W,0,-5.573733,0.08054633438587189,0.6309999823570251,0.720300018787384
YER159C,YER165W,0,-5.573862,0.08053605258464813,0.6309999823570251,0.7203999757766724
YBR009C,YPL019C,0,-5.573964,0.08052577823400497,0.6309999823570251,0.7204999923706055
YPL046C,YJR031C,0,-5.5741124,0.08051550388336182,0.6309999823570251,0.7206000089645386
YBR214W,YDR080W,0,-5.5741386,0.08050522953271866,0.6309999823570251,0.7207000255584717
YDR432W,YML016C,0,-5.5742626,0.0804949626326561,0.6309999823570251,0.72079998254776
YKL150W,YMR054W,0,-5.5744305,0.08048469573259354,0.6309999823570251,0.7208999991416931
YDL137W,YKL092C,0,-5.5746107,0.08047442883253098,0.6309999823570251,0.7210000157356262
YIL051C,YNL222W,0,-5.5750704,0.08046416938304901,0.6309999823570251,0.7210999727249146
YJL005W,YOR201C,0,-5.575264,0.08045390993356705,0.6309999823570251,0.7211999893188477
YOR181W,YDR478W,0,-5.5757046,0.08044365048408508,0.6309999823570251,0.7213000059127808
YLR285W,YBR173C,0,-5.5757523,0.08043339848518372,0.6309999823570251,0.7214000225067139
YKL182W,YPL156C,0,-5.575758,0.08042314648628235,0.6309999823570251,0.7214999794960022
YOL158C,YDR322C-A,1,-5.575843,0.08054033666849136,0.6320000290870667,0.7214999794960022
YOR249C,YGR254W,0,-5.5759406,0.0805300697684288,0.6320000290870667,0.7215999960899353
YML036W,YNL339C,0,-5.5762205,0.08051981031894684,0.6320000290870667,0.7217000126838684
YPR176C,YDR317W,0,-5.5762587,0.08050955086946487,0.6320000290870667,0.7218000292778015
YCR093W,YGR195W,0,-5.5764036,0.08049929887056351,0.6320000290870667,0.7218999862670898
YBR217W,YDR260C,0,-5.5764227,0.08048904687166214,0.6320000290870667,0.722000002861023
YNL036W,YMR047C,0,-5.5767126,0.08047879487276077,0.6320000290870667,0.722100019454956
YOR173W,YOR089C,0,-5.576768,0.08046855032444,0.6320000290870667,0.7221999764442444
YPL262W,YER151C,0,-5.5771613,0.08045830577611923,0.6320000290870667,0.7222999930381775
YLR295C,YGR008C,1,-5.577294,0.0805753543972969,0.6330000162124634,0.7222999930381775
YMR161W,YLR032W,0,-5.5775175,0.08056510239839554,0.6330000162124634,0.7224000096321106
YOR112W,YBR026C,0,-5.5777397,0.08055485039949417,0.6330000162124634,0.7225000262260437
YAR014C,YGL005C,0,-5.577775,0.0805445984005928,0.6330000162124634,0.722599983215332
YMR292W,YDL079C,0,-5.5778484,0.08053435385227203,0.6330000162124634,0.7226999998092651
YPL057C,YDR126W,0,-5.5781207,0.08052410930395126,0.6330000162124634,0.7228000164031982
YML012W,YGR104C,0,-5.578183,0.0805138647556305,0.6330000162124634,0.7228999733924866
YLR330W,YLL013C,0,-5.578372,0.08050362765789032,0.6330000162124634,0.7229999899864197
YKL146W,YDR427W,0,-5.578412,0.08049339056015015,0.6330000162124634,0.7231000065803528
YOL135C,YOR087W,0,-5.5784836,0.08048315346240997,0.6330000162124634,0.7232000231742859
YIR010W,YNL256W,0,-5.5787363,0.0804729238152504,0.6330000162124634,0.7232999801635742
YLR145W,YLR183C,0,-5.578768,0.08046269416809082,0.6330000162124634,0.7233999967575073
YHR160C,YKL034W,0,-5.579116,0.08045246452093124,0.6330000162124634,0.7235000133514404
YJR050W,YIL013C,0,-5.5792036,0.08044224232435226,0.6330000162124634,0.7235999703407288
YMR044W,YIR026C,0,-5.5796204,0.08043202012777328,0.6330000162124634,0.7236999869346619
YJL072C,YOR353C,0,-5.5798573,0.0804217979311943,0.6330000162124634,0.723800003528595
YKL185W,YLR192C,0,-5.5799465,0.08041158318519592,0.6330000162124634,0.7239000201225281
YPL174C,YGR077C,0,-5.5800114,0.08040136843919754,0.6330000162124634,0.7239999771118164
YDR097C,YOR298W,0,-5.580206,0.08039116114377975,0.6330000162124634,0.7240999937057495
YDR130C,YMR309C,0,-5.580331,0.08038095384836197,0.6330000162124634,0.7242000102996826
YMR292W,YMR081C,0,-5.581394,0.08037074655294418,0.6330000162124634,0.7243000268936157
YLR376C,YMR247C,0,-5.5816755,0.080360546708107,0.6330000162124634,0.724399983882904
YMR276W,YPR155C,0,-5.5817137,0.08035033941268921,0.6330000162124634,0.7245000004768372
YBR107C,YOR116C,0,-5.5818424,0.08034014701843262,0.6330000162124634,0.7246000170707703
YPR201W,YPL078C,1,-5.581979,0.08045685291290283,0.6340000033378601,0.7246000170707703
YDR517W,YFL049W,0,-5.5820427,0.08044664561748505,0.6340000033378601,0.7246999740600586
YNL259C,YBR296C,1,-5.5823536,0.08056330680847168,0.6349999904632568,0.7246999740600586
YDR219C,YLR447C,0,-5.582389,0.0805530920624733,0.6349999904632568,0.7247999906539917
YKR037C,YLR337C,0,-5.582757,0.08054286986589432,0.6349999904632568,0.7249000072479248
YPL178W,YDL078C,0,-5.582763,0.08053265511989594,0.6349999904632568,0.7250000238418579
YPL202C,YNL182C,0,-5.5829096,0.08052244782447815,0.6349999904632568,0.7250999808311462
YNL164C,YOR049C,0,-5.5829897,0.08051223307847977,0.6349999904632568,0.7251999974250793
YGL162W,YDR246W,0,-5.5832367,0.08050202578306198,0.6349999904632568,0.7253000140190125
YMR311C,YKL093W,0,-5.583291,0.08049182593822479,0.6349999904632568,0.7253999710083008
YJL110C,YOR254C,0,-5.583415,0.080481618642807,0.6349999904632568,0.7254999876022339
YEL009C,YLR192C,0,-5.5836315,0.08047142624855042,0.6349999904632568,0.725600004196167
YMR229C,YJL187C,0,-5.5839024,0.08046122640371323,0.6349999904632568,0.7257000207901001
YGL038C,YAL005C,0,-5.5844193,0.08045103400945663,0.6349999904632568,0.7257999777793884
YLR216C,YDR192C,0,-5.584585,0.08044084161520004,0.6349999904632568,0.7258999943733215
YNL097C,YGL030W,0,-5.58459,0.08043064922094345,0.6349999904632568,0.7260000109672546
YKR081C,YOL028C,0,-5.584611,0.08042046427726746,0.6349999904632568,0.7261000275611877
YKR026C,YDR356W,0,-5.584775,0.08041027933359146,0.6349999904632568,0.7261999845504761
YMR012W,YHR030C,0,-5.5848,0.08040010184049606,0.6349999904632568,0.7263000011444092
YMR168C,YDR418W,0,-5.584874,0.08038992434740067,0.6349999904632568,0.7264000177383423
YDR386W,YDL095W,0,-5.5850706,0.08037974685430527,0.6349999904632568,0.7264999747276306
YOR151C,YLR139C,0,-5.5850763,0.08036957681179047,0.6349999904632568,0.7265999913215637
YKL185W,YGR003W,0,-5.585188,0.08035939931869507,0.6349999904632568,0.7267000079154968
YHR059W,YLR417W,0,-5.5853353,0.08034923672676086,0.6349999904632568,0.7268000245094299
YDR052C,YMR095C,0,-5.585371,0.08033906668424606,0.6349999904632568,0.7268999814987183
YPR057W,YDR515W,0,-5.5854464,0.08032890409231186,0.6349999904632568,0.7269999980926514
YLR047C,YHL020C,0,-5.5859375,0.08031874895095825,0.6349999904632568,0.7271000146865845
YBR036C,YIR021W,0,-5.5859566,0.08030858635902405,0.6349999904632568,0.7271999716758728
YOL135C,YEL004W,0,-5.586014,0.08029843121767044,0.6349999904632568,0.7272999882698059
YMR068W,YNL292W,0,-5.58654,0.08028827607631683,0.6349999904632568,0.727400004863739
YCL016C,YPR041W,0,-5.586589,0.08027812838554382,0.6349999904632568,0.7275000214576721
YMR198W,YDR224C,0,-5.5866194,0.08026798069477081,0.6349999904632568,0.7275999784469604
YPL118W,YGR211W,0,-5.586775,0.0802578330039978,0.6349999904632568,0.7276999950408936
YER178W,YBR231C,0,-5.586823,0.08024769276380539,0.6349999904632568,0.7278000116348267
YNR016C,YDL076C,0,-5.5868416,0.08023755252361298,0.6349999904632568,0.7279000282287598
YJR050W,YGL169W,0,-5.5868483,0.08022741973400116,0.6349999904632568,0.7279999852180481
YNR030W,YNL256W,0,-5.5869703,0.08021727949380875,0.6349999904632568,0.7281000018119812
YLL060C,YOL045W,0,-5.5870876,0.08020714670419693,0.6349999904632568,0.7282000184059143
YPL170W,YHR203C,0,-5.5873938,0.08019702136516571,0.6349999904632568,0.7282999753952026
YOR243C,YNR048W,0,-5.5873938,0.0801868885755539,0.6349999904632568,0.7283999919891357
YPL209C,YPR108W,0,-5.5874333,0.08017677068710327,0.6349999904632568,0.7285000085830688
YPR176C,YOR116C,0,-5.5875278,0.08016664534807205,0.6349999904632568,0.728600025177002
YOR031W,YDL093W,0,-5.5876036,0.08015652745962143,0.6349999904632568,0.7286999821662903
YNL142W,YPL092W,1,-5.587987,0.0802726224064827,0.6359999775886536,0.7286999821662903
YLL019C,YMR183C,0,-5.588111,0.08026249706745148,0.6359999775886536,0.7287999987602234
YJR145C,YLR383W,0,-5.588241,0.08025236427783966,0.6359999775886536,0.7289000153541565
YDR059C,YBR097W,0,-5.58838,0.08024223893880844,0.6359999775886536,0.7289999723434448
YEL027W,YLR214W,1,-5.588423,0.08035826683044434,0.6370000243186951,0.7289999723434448
YAL054C,YOL005C,0,-5.5884533,0.08034813404083252,0.6370000243186951,0.7290999889373779
YKR066C,YDL020C,0,-5.588623,0.0803380012512207,0.6370000243186951,0.729200005531311
YNL068C,YKL196C,0,-5.5892935,0.08032786846160889,0.6370000243186951,0.7293000221252441
YOL069W,YKL034W,0,-5.5893536,0.08031774312257767,0.6370000243186951,0.7293999791145325
YOR317W,YDR135C,0,-5.5895085,0.08030761778354645,0.6370000243186951,0.7294999957084656
YJL071W,YLR371W,0,-5.5896044,0.08029749244451523,0.6370000243186951,0.7296000123023987
YLR310C,YPL127C,0,-5.5896482,0.08028736710548401,0.6370000243186951,0.7297000288963318
YGR083C,YPL176C,0,-5.5898123,0.08027724921703339,0.6370000243186951,0.7297999858856201
YJR118C,YMR047C,0,-5.5898495,0.08026713877916336,0.6370000243186951,0.7299000024795532
YDR202C,YHR083W,0,-5.5898914,0.08025702089071274,0.6370000243186951,0.7300000190734863
YPR132W,YMR218C,0,-5.5902205,0.08024691045284271,0.6370000243186951,0.7300999760627747
YDR365C,YNL287W,0,-5.5903215,0.08023680746555328,0.6370000243186951,0.7301999926567078
YER122C,YOR049C,0,-5.5904403,0.08022669702768326,0.6370000243186951,0.7303000092506409
YOR002W,YPR120C,0,-5.590554,0.08021659404039383,0.6370000243186951,0.730400025844574
YNR035C,YPL133C,0,-5.5906887,0.080206498503685,0.6370000243186951,0.7304999828338623
YOR099W,YJR019C,0,-5.590992,0.08019640296697617,0.6370000243186951,0.7305999994277954
YFL049W,YOR129C,0,-5.5913734,0.08018630743026733,0.6370000243186951,0.7307000160217285
YMR049C,YGR118W,0,-5.5915403,0.0801762118935585,0.6370000243186951,0.7307999730110168
YPR171W,YPL156C,0,-5.5917196,0.08016612380743027,0.6370000243186951,0.73089998960495
YPR182W,YCR061W,0,-5.5918007,0.08015603572130203,0.6370000243186951,0.7310000061988831
YDR055W,YDR472W,0,-5.5919003,0.0801459476351738,0.6370000243186951,0.7311000227928162
YIR010W,YNL297C,0,-5.592062,0.08013586699962616,0.6370000243186951,0.7311999797821045
YPL167C,YHR031C,0,-5.5921254,0.08012578636407852,0.6370000243186951,0.7312999963760376
YKR063C,YPR042C,0,-5.592598,0.08011570572853088,0.6370000243186951,0.7314000129699707
YDL175C,YBR061C,0,-5.5929527,0.08010563254356384,0.6370000243186951,0.7315000295639038
YIL004C,YJL060W,0,-5.5931015,0.0800955593585968,0.6370000243186951,0.7315999865531921
YIL117C,YJL089W,0,-5.593132,0.08008549362421036,0.6370000243186951,0.7317000031471252
YNL149C,YLR448W,0,-5.5932107,0.08007542788982391,0.6370000243186951,0.7318000197410583
YOR294W,YBR083W,0,-5.5934877,0.08006536215543747,0.6370000243186951,0.7318999767303467
YDR279W,YMR179W,0,-5.593774,0.08005529642105103,0.6370000243186951,0.7319999933242798
YDR421W,YGL209W,0,-5.5944147,0.08004523813724518,0.6370000243186951,0.7321000099182129
YMR116C,YIL070C,0,-5.594557,0.08003517985343933,0.6370000243186951,0.732200026512146
YPL217C,YNL051W,0,-5.5946827,0.08002512902021408,0.6370000243186951,0.7322999835014343
YER167W,YLR384C,0,-5.594697,0.08001507073640823,0.6370000243186951,0.7324000000953674
YER114C,YOL055C,0,-5.5948715,0.08000502735376358,0.6370000243186951,0.7325000166893005
YDR435C,YKL122C,0,-5.594884,0.07999497652053833,0.6370000243186951,0.7325999736785889
YNL097C,YNL093W,0,-5.5950003,0.07998493313789368,0.6370000243186951,0.732699990272522
YJL102W,YGL257C,0,-5.595045,0.07997488975524902,0.6370000243186951,0.7328000068664551
YLR074C,YJL156C,0,-5.5950656,0.07996485382318497,0.6370000243186951,0.7329000234603882
YMR058W,YOL027C,1,-5.5950947,0.08008033037185669,0.6380000114440918,0.7329000234603882
YOR322C,YNL073W,0,-5.595099,0.08007027953863144,0.6380000114440918,0.7329999804496765
YGR159C,YER154W,0,-5.5953875,0.08006023615598679,0.6380000114440918,0.7330999970436096
YCR037C,YPL092W,1,-5.5954456,0.08017566055059433,0.6389999985694885,0.7330999970436096
YMR116C,YPL242C,0,-5.5961213,0.08016560226678848,0.6389999985694885,0.7332000136375427
YBL078C,YNL099C,0,-5.596156,0.08015554398298264,0.6389999985694885,0.733299970626831
YML112W,YDL227C,0,-5.596213,0.08014549314975739,0.6389999985694885,0.7333999872207642
YJL058C,YKR061W,0,-5.596283,0.08013544231653214,0.6389999985694885,0.7335000038146973
YBR106W,YLR092W,1,-5.596383,0.08025078475475311,0.6399999856948853,0.7335000038146973
YMR276W,YDR043C,0,-5.5964737,0.08024071902036667,0.6399999856948853,0.7336000204086304
YGL195W,YJR104C,0,-5.596607,0.08023066073656082,0.6399999856948853,0.7336999773979187
YDR130C,YHR163W,0,-5.596778,0.08022060990333557,0.6399999856948853,0.7337999939918518
YKL129C,YJR127C,0,-5.597048,0.08021055161952972,0.6399999856948853,0.7339000105857849
YDL019C,YMR095C,0,-5.597088,0.08020050078630447,0.6399999856948853,0.734000027179718
YPL160W,YDR097C,0,-5.5973506,0.08019044995307922,0.6399999856948853,0.7340999841690063
YML116W,YDR404C,0,-5.597617,0.08018040657043457,0.6399999856948853,0.7342000007629395
YML097C,YMR293C,0,-5.597648,0.08017036318778992,0.6399999856948853,0.7343000173568726
YMR142C,YML027W,0,-5.598357,0.08016031980514526,0.6399999856948853,0.7343999743461609
YGL035C,YLR190W,0,-5.5989194,0.08015028387308121,0.6399999856948853,0.734499990940094
YLR431C,YGL084C,0,-5.5989747,0.08014024794101715,0.6399999856948853,0.7346000075340271
YPL061W,YFR046C,0,-5.5994163,0.0801302120089531,0.6399999856948853,0.7347000241279602
YEL029C,YGL251C,0,-5.5998707,0.08012018352746964,0.6399999856948853,0.7347999811172485
YGR245C,YLR396C,0,-5.599877,0.08011015504598618,0.6399999856948853,0.7348999977111816
YEL036C,YBR217W,0,-5.600004,0.08010012656450272,0.6399999856948853,0.7350000143051147
YLR085C,YER159C,0,-5.6001964,0.08009009808301926,0.6399999856948853,0.7350999712944031
YGL089C,YER126C,0,-5.600501,0.0800800770521164,0.6399999856948853,0.7351999878883362
YDL099W,YER095W,0,-5.6008177,0.08007006347179413,0.6399999856948853,0.7353000044822693
YOR317W,YGL205W,0,-5.601011,0.08006004244089127,0.6399999856948853,0.7354000210762024
YPL022W,YDR165W,0,-5.601058,0.080050028860569,0.6399999856948853,0.7354999780654907
YJL214W,YML098W,0,-5.601191,0.08004002273082733,0.6399999856948853,0.7355999946594238
YKR037C,YLR193C,0,-5.6013308,0.08003000915050507,0.6399999856948853,0.7357000112533569
YPL255W,YHR070W,0,-5.6013656,0.0800200030207634,0.6399999856948853,0.73580002784729
YLL042C,YGR086C,0,-5.6015816,0.08001000434160233,0.6399999856948853,0.7358999848365784
YBR106W,YBR296C,1,-5.601671,0.08012499660253525,0.640999972820282,0.7358999848365784
YDR214W,YLR246W,0,-5.60195,0.08011498302221298,0.640999972820282,0.7360000014305115
YJR153W,YJL192C,0,-5.601997,0.08010497689247131,0.640999972820282,0.7361000180244446
YNL329C,YLR316C,0,-5.602234,0.08009496331214905,0.640999972820282,0.7361999750137329
YMR039C,YMR088C,0,-5.602275,0.08008495718240738,0.640999972820282,0.736299991607666
YGL236C,YBL093C,0,-5.602298,0.08007495105266571,0.640999972820282,0.7364000082015991
YKL049C,YNL333W,0,-5.6024394,0.08006495237350464,0.640999972820282,0.7365000247955322
YGL166W,YJR118C,0,-5.60252,0.08005495369434357,0.640999972820282,0.7365999817848206
YNL004W,YBR035C,0,-5.6026106,0.0800449550151825,0.640999972820282,0.7366999983787537
YBR274W,YBR233W-A,0,-5.6027775,0.08003496378660202,0.640999972820282,0.7368000149726868
YDR258C,YPL151C,0,-5.6028023,0.08002496510744095,0.640999972820282,0.7368999719619751
YPR001W,YHR150W,0,-5.603223,0.08001498132944107,0.640999972820282,0.7369999885559082
YKL092C,YOR119C,0,-5.6033545,0.0800049901008606,0.640999972820282,0.7371000051498413
YJL194W,YNL061W,0,-5.6038094,0.07999500632286072,0.640999972820282,0.7372000217437744
YER155C,YMR136W,0,-5.603903,0.07998502254486084,0.640999972820282,0.7372999787330627
YNL331C,YBL005W,0,-5.604211,0.07997504621744156,0.640999972820282,0.7373999953269958
YIL124W,YKL040C,0,-5.604248,0.07996506989002228,0.640999972820282,0.737500011920929
YMR142C,YPL210C,0,-5.604522,0.079955093562603,0.640999972820282,0.7376000285148621
YDL216C,YNL186W,0,-5.6047645,0.07994512468576431,0.640999972820282,0.7376999855041504
YMR220W,YLR409C,0,-5.6047773,0.07993515580892563,0.640999972820282,0.7378000020980835
YGR218W,YGR213C,0,-5.604807,0.07992518693208694,0.640999972820282,0.7379000186920166
YGR155W,YMR137C,0,-5.6051626,0.07991522550582886,0.640999972820282,0.7379999756813049
YDL055C,YKR055W,0,-5.6051693,0.07990526407957077,0.640999972820282,0.738099992275238
YDR495C,YOR272W,0,-5.6055055,0.07989530265331268,0.640999972820282,0.7382000088691711
YMR319C,YKR052C,1,-5.6055956,0.08000996708869934,0.6420000195503235,0.7382000088691711
YBR024W,YPL092W,1,-5.605672,0.08012460917234421,0.6430000066757202,0.7382000088691711
YKL059C,YIL008W,0,-5.6058755,0.08011462539434433,0.6430000066757202,0.7383000254631042
YLR423C,YGR229C,0,-5.6060133,0.08010464906692505,0.6430000066757202,0.7383999824523926
YDR342C,YEL053C,0,-5.6061206,0.08009466528892517,0.6430000066757202,0.7384999990463257
YOL038W,YNL032W,0,-5.606188,0.08008469641208649,0.6430000066757202,0.7386000156402588
YOL158C,YGL008C,1,-5.6062565,0.08019924908876419,0.6439999938011169,0.7386000156402588
YDR174W,YKR097W,0,-5.606442,0.08018926531076431,0.6439999938011169,0.7386999726295471
YCL026C-A,YOL028C,0,-5.606474,0.08017928153276443,0.6439999938011169,0.7387999892234802
YDL013W,YHR139C,0,-5.6067557,0.08016930520534515,0.6439999938011169,0.7389000058174133
YGL035C,YNL015W,0,-5.606837,0.08015932142734528,0.6439999938011169,0.7390000224113464
YGL232W,YCL033C,0,-5.6069136,0.080149345099926,0.6439999938011169,0.7390999794006348
YLL019C,YJL030W,0,-5.6074924,0.08013937622308731,0.6439999938011169,0.7391999959945679
YKL206C,YML019W,0,-5.607622,0.08012939989566803,0.6439999938011169,0.739300012588501
YER103W,YNL025C,0,-5.6081314,0.08011943101882935,0.6439999938011169,0.7394000291824341
YJR035W,YCR083W,0,-5.6084085,0.08010946959257126,0.6439999938011169,0.7394999861717224
YJR118C,YMR059W,0,-5.6085563,0.08009950071573257,0.6439999938011169,0.7396000027656555
YDR270W,YLL009C,1,-5.6086264,0.08021390438079834,0.6449999809265137,0.7396000027656555
YLR157C,YKL086W,0,-5.6088114,0.08020392805337906,0.6449999809265137,0.7397000193595886
YDR009W,YDR472W,0,-5.609089,0.08019395917654037,0.6449999809265137,0.739799976348877
YPL053C,YBL046W,0,-5.60937,0.08018399029970169,0.6449999809265137,0.7398999929428101
YNL127W,YIL135C,0,-5.6095147,0.080174021422863,0.6449999809265137,0.7400000095367432
YLR353W,YPL119C,0,-5.6097946,0.08016405999660492,0.6449999809265137,0.7401000261306763
YHR205W,YKR053C,0,-5.6097965,0.08015409111976624,0.6449999809265137,0.7401999831199646
YLR318W,YGL257C,0,-5.6098433,0.08014413714408875,0.6449999809265137,0.7402999997138977
YNL136W,YNR046W,0,-5.6100836,0.08013417571783066,0.6449999809265137,0.7404000163078308
YDR225W,YML103C,0,-5.610168,0.08012422174215317,0.6449999809265137,0.7404999732971191
YJL106W,YIL154C,0,-5.610483,0.08011427521705627,0.6449999809265137,0.7405999898910522
YDR214W,YNL003C,0,-5.610674,0.08010432124137878,0.6449999809265137,0.7407000064849854
YOR185C,YEL050C,0,-5.611249,0.08009437471628189,0.6449999809265137,0.7408000230789185
YKL145W,YBL075C,0,-5.6113386,0.080084428191185,0.6449999809265137,0.7408999800682068
YER103W,YNL247W,0,-5.6113567,0.0800744891166687,0.6449999809265137,0.7409999966621399
YIL010W,YDR113C,0,-5.6118155,0.0800645500421524,0.6449999809265137,0.741100013256073
YLR069C,YPR137W,0,-5.6119123,0.08005461096763611,0.6449999809265137,0.7411999702453613
YMR204C,YMR284W,0,-5.612249,0.08004467934370041,0.6449999809265137,0.7412999868392944
YBR213W,YCR057C,0,-5.6124578,0.08003474026918411,0.6449999809265137,0.7414000034332275
YPL089C,YGL070C,0,-5.612521,0.08002481609582901,0.6449999809265137,0.7415000200271606
YKR026C,YKL145W,0,-5.612589,0.08001488447189331,0.6449999809265137,0.741599977016449
YDL112W,YDR470C,0,-5.6128016,0.08000496029853821,0.6449999809265137,0.7416999936103821
YHR160C,YOR179C,0,-5.6128607,0.0799950361251831,0.6449999809265137,0.7418000102043152
YCL039W,YMR216C,0,-5.6129375,0.0799851194024086,0.6449999809265137,0.7419000267982483
YJR064W,YPL177C,0,-5.6130285,0.0799752026796341,0.6449999809265137,0.7419999837875366
YOR244W,YDR170C,0,-5.6130476,0.07996528595685959,0.6449999809265137,0.7421000003814697
YJL008C,YMR139W,0,-5.613134,0.07995537668466568,0.6449999809265137,0.7422000169754028
YKR036C,YOR035C,0,-5.613223,0.07994545996189117,0.6449999809265137,0.7422999739646912
YER120W,YIL031W,0,-5.6132374,0.07993555814027786,0.6449999809265137,0.7423999905586243
YNR038W,YAL016W,0,-5.613321,0.07992564886808395,0.6449999809265137,0.7425000071525574
YER026C,YOR048C,0,-5.6143317,0.07991574704647064,0.6449999809265137,0.7426000237464905
YIL004C,YOL002C,0,-5.614465,0.07990584522485733,0.6449999809265137,0.7426999807357788
YEL027W,YKR052C,1,-5.6145916,0.08001981675624847,0.6460000276565552,0.7426999807357788
YJL214W,YPL210C,0,-5.6148667,0.08000990748405457,0.6460000276565552,0.7427999973297119
YKL021C,YOR075W,0,-5.6154,0.07999999821186066,0.6460000276565552,0.742900013923645
YGL126W,YOR075W,0,-5.6157017,0.07999009639024734,0.6460000276565552,0.7429999709129333
YMR301C,YMR036C,0,-5.6159706,0.07998018711805344,0.6460000276565552,0.7430999875068665
YLR214W,YNL291C,1,-5.616079,0.08009408414363861,0.6470000147819519,0.7430999875068665
YGR280C,YNL272C,0,-5.616232,0.0800841674208641,0.6470000147819519,0.7432000041007996
YLR028C,YLR229C,0,-5.616294,0.0800742581486702,0.6470000147819519,0.7433000206947327
YKL185W,YGR082W,0,-5.616398,0.08006434887647629,0.6470000147819519,0.743399977684021
YJR050W,YGL122C,0,-5.6164274,0.08005443960428238,0.6470000147819519,0.7434999942779541
YGR289C,YMR023C,0,-5.6166487,0.08004453778266907,0.6470000147819519,0.7436000108718872
YMR220W,YJL033W,0,-5.6169167,0.08003463596105576,0.6470000147819519,0.7437000274658203
YDR270W,YLR411W,1,-5.61699,0.08014842122793198,0.6480000019073486,0.7437000274658203
YCR010C,YGL008C,1,-5.617076,0.0802621841430664,0.6489999890327454,0.7437000274658203
YJR077C,YKL120W,1,-5.617137,0.08037590980529785,0.6499999761581421,0.7437000274658203
YDR443C,YCR053W,0,-5.6171427,0.08036597073078156,0.6499999761581421,0.7437999844551086
YMR199W,YOR117W,0,-5.6171894,0.08035603910684586,0.6499999761581421,0.7439000010490417
YGR152C,YPL085W,0,-5.6172056,0.08034610748291016,0.6499999761581421,0.7440000176429749
YLR081W,YDL064W,0,-5.6173306,0.08033617585897446,0.6499999761581421,0.7440999746322632
YJR070C,YOL066C,0,-5.6174326,0.08032625168561935,0.6499999761581421,0.7441999912261963
YPR201W,YOR381W,1,-5.6176305,0.08043988794088364,0.6510000228881836,0.7441999912261963
YPL069C,YOL105C,0,-5.617792,0.08042994886636734,0.6510000228881836,0.7443000078201294
YLR452C,YOL102C,0,-5.6179895,0.08042000979185104,0.6510000228881836,0.7444000244140625
YDL108W,YER162C,0,-5.618064,0.08041007816791534,0.6510000228881836,0.7444999814033508
YGL099W,YFL049W,0,-5.618231,0.08040014654397964,0.6510000228881836,0.7445999979972839
YML075C,YDL147W,0,-5.6183963,0.08039022237062454,0.6510000228881836,0.744700014591217
YKR034W,YKL165C,0,-5.6184196,0.08038029074668884,0.6510000228881836,0.7447999715805054
YNL281W,YML085C,0,-5.6187544,0.08037037402391434,0.6510000228881836,0.7448999881744385
YJR093C,YLR324W,0,-5.6188345,0.08036044985055923,0.6510000228881836,0.7450000047683716
YDR404C,YKL125W,0,-5.618839,0.08035053312778473,0.6510000228881836,0.7451000213623047
YDR231C,YPL058C,0,-5.618859,0.08034061640501022,0.6510000228881836,0.745199978351593
YPL049C,YGR206W,0,-5.618902,0.08033069968223572,0.6510000228881836,0.7452999949455261
YJR150C,YER117W,0,-5.6191077,0.08032079041004181,0.6510000228881836,0.7454000115394592
YGL013C,YOL110W,0,-5.6192665,0.0803108811378479,0.6510000228881836,0.7455000281333923
YDR446W,YIL046W,0,-5.6194067,0.08030097186565399,0.6510000228881836,0.7455999851226807
YCL027W,YHR083W,0,-5.6195116,0.08029107004404068,0.6510000228881836,0.7457000017166138
YDL230W,YKL018W,0,-5.61955,0.08028116822242737,0.6510000228881836,0.7458000183105469
YBR023C,YDL198C,0,-5.6197343,0.08027126640081406,0.6510000228881836,0.7458999752998352
YEL026W,YML131W,0,-5.6197796,0.08026137202978134,0.6510000228881836,0.7459999918937683
YHL040C,YPL078C,1,-5.619913,0.08037475496530533,0.6520000100135803,0.7459999918937683
YOR274W,YDR435C,0,-5.6200047,0.08036484569311142,0.6520000100135803,0.7461000084877014
YDR055W,YKR059W,0,-5.6200094,0.08035494387149811,0.6520000100135803,0.7462000250816345
YJR083C,YML052W,0,-5.6200705,0.0803450420498848,0.6520000100135803,0.7462999820709229
YMR219W,YJL033W,0,-5.6200786,0.08033514022827148,0.6520000100135803,0.746399998664856
YAL041W,YFL011W,0,-5.6207194,0.08032524585723877,0.6520000100135803,0.7465000152587891
YJR090C,YIL066C,0,-5.620755,0.08031535148620605,0.6520000100135803,0.7465999722480774
YBR059C,YLR242C,0,-5.6207647,0.08030545711517334,0.6520000100135803,0.7466999888420105
YLR226W,YLR360W,0,-5.620971,0.08029557019472122,0.6520000100135803,0.7468000054359436
YOL147C,YPR065W,0,-5.621318,0.08028567582368851,0.6520000100135803,0.7469000220298767
YDR363W-A,YOR004W,0,-5.621539,0.08027579635381699,0.6520000100135803,0.746999979019165
YNL271C,YGR060W,0,-5.6217766,0.08026590943336487,0.6520000100135803,0.7470999956130981
YLR324W,YKL079W,0,-5.6219516,0.08025602996349335,0.6520000100135803,0.7472000122070312
YKR019C,YNL333W,0,-5.622094,0.08024615049362183,0.6520000100135803,0.7473000288009644
YER145C,YNR039C,1,-5.6221666,0.08035933971405029,0.652999997138977,0.7473000288009644
YPL116W,YGR213C,0,-5.622305,0.08034945279359818,0.652999997138977,0.7473999857902527
YGL194C,YBR092C,0,-5.6224155,0.08033956587314606,0.652999997138977,0.7475000023841858
YDR446W,YPL234C,0,-5.6224833,0.08032968640327454,0.652999997138977,0.7476000189781189
YOL001W,YDR259C,0,-5.62254,0.08031979948282242,0.652999997138977,0.7476999759674072
YGR175C,YGR132C,0,-5.622591,0.0803099274635315,0.652999997138977,0.7477999925613403
YDR456W,YGL008C,1,-5.6226225,0.0804230198264122,0.6539999842643738,0.7477999925613403
YLR320W,YJL026W,0,-5.622671,0.08041313290596008,0.6539999842643738,0.7479000091552734
YBR196C,YPR107C,0,-5.6230173,0.08040324598550797,0.6539999842643738,0.7480000257492065
YER075C,YOR110W,0,-5.6230354,0.08039335906505585,0.6539999842643738,0.7480999827384949
YOL130W,YJL094C,1,-5.6232023,0.08050639182329178,0.6549999713897705,0.7480999827384949
YNL047C,YPL106C,0,-5.623492,0.08049649745225906,0.6549999713897705,0.748199999332428
YKL220C,YNL142W,1,-5.623705,0.08060948550701141,0.656000018119812,0.748199999332428
YNL009W,YJL127C,0,-5.6238647,0.0805995836853981,0.656000018119812,0.7483000159263611
YGR261C,YER165W,0,-5.624131,0.08058968186378479,0.656000018119812,0.7483999729156494
YGL191W,YOR346W,0,-5.6245823,0.08057978004217148,0.656000018119812,0.7484999895095825
YPR001W,YJL072C,0,-5.6247015,0.08056988567113876,0.656000018119812,0.7486000061035156
YGL166W,YJR139C,0,-5.624714,0.08055999130010605,0.656000018119812,0.7487000226974487
YPL021W,YBR244W,0,-5.624719,0.08055009692907333,0.656000018119812,0.7487999796867371
YOR249C,YKL062W,0,-5.624919,0.08054021000862122,0.656000018119812,0.7488999962806702
YLR163C,YML107C,0,-5.6249533,0.0805303230881691,0.656000018119812,0.7490000128746033
YJL125C,YPL106C,0,-5.625226,0.08052043616771698,0.656000018119812,0.7491000294685364
YLR134W,YNL221C,0,-5.625577,0.08051055669784546,0.656000018119812,0.7491999864578247
YNL048W,YNL004W,0,-5.625676,0.08050067722797394,0.656000018119812,0.7493000030517578
YNL261W,YCL033C,0,-5.6260414,0.08049079775810242,0.656000018119812,0.7494000196456909
YCR098C,YGR121C,1,-5.6265106,0.08060360699892044,0.6570000052452087,0.7494000196456909
YEL034W,YOR332W,0,-5.627884,0.08059372007846832,0.6570000052452087,0.7494999766349792
YMR267W,YAL002W,0,-5.628131,0.0805838331580162,0.6570000052452087,0.7495999932289124
YML023C,YDR320C,0,-5.6281543,0.08057395368814468,0.6570000052452087,0.7497000098228455
YHR070W,YOR043W,0,-5.628169,0.08056407421827316,0.6570000052452087,0.7498000264167786
YFR046C,YDL112W,0,-5.628212,0.08055419474840164,0.6570000052452087,0.7498999834060669
YNR060W,YER145C,1,-5.6284485,0.0806669145822525,0.6579999923706055,0.7498999834060669
YBR039W,YLR130C,1,-5.628647,0.08077960461378098,0.6589999794960022,0.7498999834060669
YMR058W,YDR456W,1,-5.6287794,0.08089226484298706,0.6600000262260437,0.7498999834060669
YGL078C,YDR400W,0,-5.628802,0.08088235557079315,0.6600000262260437,0.75
YER143W,YBL018C,0,-5.6288447,0.08087243884801865,0.6600000262260437,0.7501000165939331
YDR301W,YHR096C,0,-5.6288857,0.08086253702640533,0.6600000262260437,0.7501999735832214
YCR035C,YFL058W,0,-5.628912,0.08085262775421143,0.6600000262260437,0.7502999901771545
YNL020C,YKL026C,0,-5.62909,0.08084272593259811,0.6600000262260437,0.7504000067710876
YMR021C,YJL139C,0,-5.6291122,0.0808328241109848,0.6600000262260437,0.7505000233650208
YOR284W,YHR205W,0,-5.6294765,0.08082292228937149,0.6600000262260437,0.7505999803543091
YHR165C,YDR011W,0,-5.629636,0.08081302791833878,0.6600000262260437,0.7506999969482422
YCL034W,YIL051C,0,-5.6297894,0.08080313354730606,0.6600000262260437,0.7508000135421753
YBL045C,YGR013W,0,-5.6297917,0.08079323917627335,0.6600000262260437,0.7508999705314636
YBL014C,YHR139C,0,-5.630167,0.08078335225582123,0.6600000262260437,0.7509999871253967
YLR378C,YPL020C,0,-5.630406,0.08077346533536911,0.6600000262260437,0.7511000037193298
YBR168W,YDL134C,0,-5.630561,0.08076358586549759,0.6600000262260437,0.7512000203132629
YER035W,YBR153W,0,-5.630931,0.08075369894504547,0.6600000262260437,0.7512999773025513
YMR272C,YDL190C,0,-5.6312304,0.08074381947517395,0.6600000262260437,0.7513999938964844
YLR144C,YGR179C,0,-5.631238,0.08073394745588303,0.6600000262260437,0.7515000104904175
YDR069C,YOR193W,0,-5.6313734,0.0807240679860115,0.6600000262260437,0.7516000270843506
YDL198C,YOR279C,0,-5.6314535,0.08071419596672058,0.6600000262260437,0.7516999840736389
YDR309C,YBR213W,0,-5.6320086,0.08070433139801025,0.6600000262260437,0.751800000667572
YOR321W,YDR325W,0,-5.6320996,0.08069445937871933,0.6600000262260437,0.7519000172615051
YPR046W,YNL287W,0,-5.6329126,0.080684594810009,0.6600000262260437,0.7519999742507935
YNL274C,YGL205W,0,-5.633265,0.08067473769187927,0.6600000262260437,0.7520999908447266
YDL099W,YNL282W,0,-5.6333723,0.08066487312316895,0.6600000262260437,0.7522000074386597
YJR121W,YJL198W,1,-5.633798,0.08077722042798996,0.6610000133514404,0.7522000074386597
YOR028C,YLR113W,0,-5.633885,0.08076734840869904,0.6610000133514404,0.7523000240325928
YML036W,YCL055W,0,-5.63445,0.08075748383998871,0.6610000133514404,0.7523999810218811
YOR217W,YGR152C,0,-5.634716,0.08074761927127838,0.6610000133514404,0.7524999976158142
YMR069W,YPL258C,0,-5.634963,0.08073775470256805,0.6610000133514404,0.7526000142097473
YML130C,YDL055C,0,-5.635058,0.08072789758443832,0.6610000133514404,0.7526999711990356
YLR220W,YEL051W,0,-5.63519,0.080718033015728,0.6610000133514404,0.7527999877929688
YJR010C-A,YOL028C,0,-5.6351976,0.08070818334817886,0.6610000133514404,0.7529000043869019
YNL236W,YOR043W,0,-5.635255,0.08069832623004913,0.6610000133514404,0.753000020980835
YJL110C,YGR128C,0,-5.6354733,0.0806884765625,0.6610000133514404,0.7530999779701233
YLR231C,YNL325C,0,-5.63554,0.08067862689495087,0.6610000133514404,0.7531999945640564
YNR030W,YMR116C,0,-5.6356416,0.08066878467798233,0.6610000133514404,0.7533000111579895
YBR161W,YDR170C,0,-5.635764,0.0806589350104332,0.6610000133514404,0.7534000277519226
YKR038C,YPL089C,0,-5.6359167,0.08064910024404526,0.6610000133514404,0.7534999847412109
YOR058C,YPL091W,0,-5.636071,0.08063925802707672,0.6610000133514404,0.753600001335144
YLR410W,YDR451C,0,-5.636082,0.08062942326068878,0.6610000133514404,0.7537000179290771
YML107C,YLR009W,0,-5.6360927,0.08061958849430084,0.6610000133514404,0.7537999749183655
YOR249C,YBL022C,0,-5.6362524,0.0806097537279129,0.6610000133514404,0.7538999915122986
YNL130C,YDR206W,0,-5.636302,0.08059992641210556,0.6610000133514404,0.7540000081062317
YIL033C,YDR065W,0,-5.636371,0.08059009909629822,0.6610000133514404,0.7541000247001648
YOR046C,YKL197C,0,-5.636635,0.08058027923107147,0.6610000133514404,0.7541999816894531
YGL008C,YNL055C,1,-5.637038,0.0806923434138298,0.6620000004768372,0.7541999816894531
YJL010C,YEL002C,0,-5.6371326,0.08068250864744186,0.6620000004768372,0.7542999982833862
YDR016C,YPL258C,0,-5.637342,0.08067268133163452,0.6620000004768372,0.7544000148773193
YER045C,YFL059W,0,-5.637768,0.08066284656524658,0.6620000004768372,0.7544999718666077
YHR068W,YMR283C,0,-5.63797,0.08065301924943924,0.6620000004768372,0.7545999884605408
YML094W,YJL063C,0,-5.638073,0.0806431993842125,0.6620000004768372,0.7547000050544739
YDL181W,YOR334W,1,-5.6381164,0.08075517416000366,0.6629999876022339,0.7547000050544739
YPR029C,YCL059C,0,-5.638137,0.08074533939361572,0.6629999876022339,0.754800021648407
YOL112W,YGR285C,0,-5.6383758,0.08073551207780838,0.6629999876022339,0.7548999786376953
YNL004W,YDR335W,0,-5.638435,0.08072567731142044,0.6629999876022339,0.7549999952316284
YDR437W,YMR239C,0,-5.638591,0.0807158499956131,0.6629999876022339,0.7551000118255615
YGL254W,YDR456W,1,-5.638671,0.0808277577161789,0.6639999747276306,0.7551000118255615
YLR423C,YLL002W,0,-5.6388083,0.08081791549921036,0.6639999747276306,0.7552000284194946
YNL084C,YPL214C,0,-5.6389637,0.08080808073282242,0.6639999747276306,0.755299985408783
YBL097W,YNL062C,0,-5.6389904,0.08079824596643448,0.6639999747276306,0.7554000020027161
YPL153C,YJL222W,0,-5.6390753,0.08078841865062714,0.6639999747276306,0.7555000185966492
YDR397C,YIL076W,0,-5.63911,0.0807785913348198,0.6639999747276306,0.7555999755859375
YHR053C,YML046W,0,-5.639145,0.08076876401901245,0.6639999747276306,0.7556999921798706
YDR513W,YFL011W,0,-5.6392384,0.08075893670320511,0.6639999747276306,0.7558000087738037
YPL202C,YDL142C,0,-5.6399527,0.08074911683797836,0.6639999747276306,0.7559000253677368
YOR113W,YML065W,0,-5.6403446,0.08073929697275162,0.6639999747276306,0.7559999823570251
YIL095W,YPL144W,0,-5.6405888,0.08072948455810547,0.6639999747276306,0.7560999989509583
YBR170C,YOR327C,0,-5.6416354,0.08071967214345932,0.6639999747276306,0.7562000155448914
YBR029C,YML006C,0,-5.6418705,0.08070985972881317,0.6639999747276306,0.7562999725341797
YNL142W,YBR295W,1,-5.6419067,0.08082158118486404,0.6650000214576721,0.7562999725341797
YEL027W,YBR295W,1,-5.641923,0.08093328773975372,0.6660000085830688,0.7562999725341797
YDR317W,YDR224C,0,-5.6421885,0.08092345297336578,0.6660000085830688,0.7563999891281128
YGR044C,YBL034C,0,-5.64225,0.08091361820697784,0.6660000085830688,0.7565000057220459
YDR217C,YIL135C,0,-5.6423187,0.0809037908911705,0.6660000085830688,0.756600022315979
YPR037C,YOR116C,0,-5.6427054,0.08089396357536316,0.6660000085830688,0.7566999793052673
YCR010C,YGR257C,1,-5.6427584,0.08100558817386627,0.6669999957084656,0.7566999793052673
YCR107W,YDR045C,0,-5.6429563,0.08099575340747833,0.6669999957084656,0.7567999958992004
YCL025C,YMR287C,0,-5.6430926,0.0809859186410904,0.6669999957084656,0.7569000124931335
YOL124C,YDR495C,0,-5.643457,0.08097608387470245,0.6669999957084656,0.7570000290870667
YOL130W,YMR058W,1,-5.643601,0.0810876414179802,0.6679999828338623,0.7570000290870667
YER147C,YLR020C,0,-5.6438065,0.08107779920101166,0.6679999828338623,0.757099986076355
YBL002W,YBR143C,0,-5.643978,0.08106796443462372,0.6679999828338623,0.7572000026702881
YNL312W,YIL123W,0,-5.644124,0.08105812221765518,0.6679999828338623,0.7573000192642212
YML075C,YIL014W,0,-5.644145,0.08104828745126724,0.6679999828338623,0.7573999762535095
YDL142C,YJR093C,0,-5.6444187,0.0810384601354599,0.6679999828338623,0.7574999928474426
YCR089W,YFL016C,0,-5.6446853,0.08102862536907196,0.6679999828338623,0.7576000094413757
YKL040C,YCR018C,0,-5.645006,0.08101879805326462,0.6679999828338623,0.7577000260353088
YDL143W,YOR340C,0,-5.6450815,0.08100897073745728,0.6679999828338623,0.7577999830245972
YOR226C,YOR274W,0,-5.645307,0.08099915087223053,0.6679999828338623,0.7578999996185303
YGL192W,YHR143W-A,0,-5.645341,0.08098933100700378,0.6679999828338623,0.7580000162124634
YPR093C,YIL149C,0,-5.6454897,0.08097951114177704,0.6679999828338623,0.7580999732017517
YOR217W,YOR297C,0,-5.6456423,0.08096969872713089,0.6679999828338623,0.7581999897956848
YLR189C,YLR220W,0,-5.6458592,0.08095988631248474,0.6679999828338623,0.7583000063896179
YPL218W,YLR020C,0,-5.6460476,0.08095007389783859,0.6679999828338623,0.758400022983551
YKR066C,YCR086W,0,-5.6460943,0.08094026148319244,0.6679999828338623,0.7584999799728394
YLR074C,YLR139C,0,-5.6466503,0.08093045651912689,0.6679999828338623,0.7585999965667725
YJR121W,YLL027W,1,-5.646743,0.08104179054498672,0.6690000295639038,0.7585999965667725
YOR079C,YMR163C,0,-5.6468015,0.08103197813034058,0.6690000295639038,0.7587000131607056
YPR018W,YJL141C,0,-5.646846,0.08102216571569443,0.6690000295639038,0.7588000297546387
YDR129C,YGR274C,0,-5.646908,0.08101235330104828,0.6690000295639038,0.758899986743927
YOR316C,YNR039C,1,-5.646926,0.08112362027168274,0.6700000166893005,0.758899986743927
YDR456W,YBR106W,1,-5.647176,0.08123486489057541,0.6710000038146973,0.758899986743927
YKL146W,YCR020C,0,-5.647399,0.08122503012418747,0.6710000038146973,0.7590000033378601
YLR195C,YHR178W,0,-5.6475906,0.08121520280838013,0.6710000038146973,0.7591000199317932
YEL060C,YER005W,0,-5.647612,0.08120537549257278,0.6710000038146973,0.7591999769210815
YBR296C,YNR039C,1,-5.648052,0.08131655305624008,0.671999990940094,0.7591999769210815
YGL150C,YDL083C,0,-5.648711,0.08130671828985214,0.671999990940094,0.7592999935150146
YKL182W,YPL093W,0,-5.648864,0.0812968760728836,0.671999990940094,0.7594000101089478
YER159C,YAR002C-A,0,-5.6492324,0.08128704130649567,0.671999990940094,0.7595000267028809
YNL148C,YER122C,0,-5.6492434,0.08127721399068832,0.671999990940094,0.7595999836921692
YHR190W,YDR439W,0,-5.649287,0.08126738667488098,0.671999990940094,0.7597000002861023
YGL021W,YNR056C,0,-5.64939,0.08125755935907364,0.671999990940094,0.7598000168800354
YML067C,YJL102W,0,-5.6497135,0.0812477320432663,0.671999990940094,0.7598999738693237
YOR025W,YAL030W,0,-5.649726,0.08123791217803955,0.671999990940094,0.7599999904632568
YPL127C,YMR006C,0,-5.64975,0.0812280923128128,0.671999990940094,0.7601000070571899
YBR039W,YER145C,1,-5.650187,0.08133913576602936,0.6729999780654907,0.7601000070571899
YGR225W,YPL270W,0,-5.650355,0.08132930845022202,0.6729999780654907,0.760200023651123
YJR139C,YPL124W,0,-5.650414,0.08131948113441467,0.6729999780654907,0.7602999806404114
YNL048W,YGL045W,0,-5.6504936,0.08130965381860733,0.6729999780654907,0.7603999972343445
YCR010C,YDR038C,1,-5.6508675,0.08142063021659851,0.6740000247955322,0.7603999972343445
YJL095W,YKL020C,0,-5.650902,0.08141079545021057,0.6740000247955322,0.7605000138282776
YOR099W,YGL172W,0,-5.650937,0.08140096813440323,0.6740000247955322,0.7605999708175659
YNL030W,YPL089C,0,-5.6512127,0.08139113336801529,0.6740000247955322,0.760699987411499
YGR135W,YGL014W,0,-5.6515794,0.08138130605220795,0.6740000247955322,0.7608000040054321
YLR056W,YMR106C,0,-5.6516924,0.0813714861869812,0.6740000247955322,0.7609000205993652
YDR384C,YBR296C,1,-5.651703,0.08148237317800522,0.675000011920929,0.7609000205993652
YOL130W,YGL008C,1,-5.6517324,0.08159323781728745,0.6759999990463257,0.7609000205993652
YER032W,YFL045C,0,-5.651812,0.08158339560031891,0.6759999990463257,0.7609999775886536
YPL146C,YER021W,0,-5.6518135,0.08157354593276978,0.6759999990463257,0.7610999941825867
YLR295C,YBR106W,1,-5.6522684,0.08168436586856842,0.6769999861717224,0.7610999941825867
YDR173C,YOR330C,0,-5.6524315,0.08167450875043869,0.6769999861717224,0.7612000107765198
YPL097W,YMR053C,0,-5.653272,0.08166465908288956,0.6769999861717224,0.7613000273704529
YDR411C,YEL020W-A,0,-5.6533194,0.08165480941534042,0.6769999861717224,0.7613999843597412
YDL138W,YFR005C,0,-5.653917,0.08164495974779129,0.6769999861717224,0.7615000009536743
YDR384C,YOR316C,1,-5.653971,0.08175569772720337,0.6779999732971191,0.7615000009536743
YGL206C,YJR112W,0,-5.6540203,0.08174584060907364,0.6779999732971191,0.7616000175476074
YDL099W,YJL173C,0,-5.654087,0.08173598349094391,0.6779999732971191,0.7616999745368958
YBR185C,YKR048C,0,-5.6544266,0.08172613382339478,0.6779999732971191,0.7617999911308289
YDL035C,YBR162C,0,-5.6544876,0.08171628415584564,0.6779999732971191,0.761900007724762
YGR007W,YER075C,0,-5.654605,0.08170643448829651,0.6779999732971191,0.7620000243186951
YHR055C,YHR108W,0,-5.6548076,0.08169659227132797,0.6779999732971191,0.7620999813079834
YAR019C,YHR026W,0,-5.655324,0.08168675005435944,0.6779999732971191,0.7621999979019165
YHR143W,YLR329W,0,-5.655553,0.0816769078373909,0.6779999732971191,0.7623000144958496
YML046W,YEL004W,0,-5.6555786,0.08166706562042236,0.6779999732971191,0.7623999714851379
YGL137W,YBR105C,0,-5.655673,0.08165723085403442,0.6779999732971191,0.762499988079071
YNL127W,YLR447C,0,-5.6557817,0.08164739608764648,0.6779999732971191,0.7626000046730042
YNR035C,YMR095C,0,-5.655819,0.08163756877183914,0.6779999732971191,0.7627000212669373
YKR037C,YPL019C,0,-5.6559763,0.0816277414560318,0.6779999732971191,0.7627999782562256
YLR295C,YGR121C,1,-5.6560583,0.08173829317092896,0.6790000200271606,0.7627999782562256
YDL212W,YMR284W,0,-5.65611,0.08172845095396042,0.6790000200271606,0.7628999948501587
YAL025C,YGL233W,0,-5.6561627,0.08171861618757248,0.6790000200271606,0.7630000114440918
YPL095C,YGL243W,0,-5.656436,0.08170878142118454,0.6790000200271606,0.7631000280380249
YJL089W,YHL025W,0,-5.6564384,0.0816989541053772,0.6790000200271606,0.7631999850273132
YDR421W,YDR156W,0,-5.6566067,0.08168912678956985,0.6790000200271606,0.7633000016212463
YKL185W,YOR151C,0,-5.6567917,0.08167929947376251,0.6790000200271606,0.7634000182151794
YER159C,YNL061W,0,-5.656828,0.08166947215795517,0.6790000200271606,0.7634999752044678
YMR140W,YHR163W,0,-5.656899,0.08165965229272842,0.6790000200271606,0.7635999917984009
YPL118W,YLR066W,0,-5.657222,0.08164983242750168,0.6790000200271606,0.763700008392334
YNL106C,YJR050W,0,-5.6574097,0.08164001256227493,0.6790000200271606,0.7638000249862671
YJR118C,YLR044C,0,-5.65783,0.08163020014762878,0.6790000200271606,0.7638999819755554
YGR244C,YDR205W,0,-5.65911,0.08162038773298264,0.6790000200271606,0.7639999985694885
YML067C,YAL015C,0,-5.6595163,0.08161057531833649,0.6790000200271606,0.7641000151634216
YGR248W,YKL086W,0,-5.6595182,0.08160077035427094,0.6790000200271606,0.76419997215271
YEL037C,YLR316C,0,-5.6596293,0.08159096539020538,0.6790000200271606,0.7642999887466431
YCR010C,YML121W,1,-5.6596737,0.08170130848884583,0.6800000071525574,0.7642999887466431
YCR060W,YOR054C,0,-5.659795,0.08169149607419968,0.6800000071525574,0.7644000053405762
YDL078C,YGL063W,0,-5.6600857,0.08168168365955353,0.6800000071525574,0.7645000219345093
YOR178C,YDL022W,0,-5.6602836,0.08167187124490738,0.6800000071525574,0.7645999789237976
YDR231C,YOL031C,0,-5.6602855,0.08166206628084183,0.6800000071525574,0.7646999955177307
YOR316C,YDR322C-A,1,-5.6605034,0.0817723348736763,0.6809999942779541,0.7646999955177307
YPL093W,YEL050C,0,-5.661038,0.08176251500844955,0.6809999942779541,0.7648000121116638
YDR038C,YNR060W,1,-5.661087,0.08187274634838104,0.6819999814033508,0.7648000121116638
YJL076W,YDR404C,0,-5.6612244,0.0818629190325737,0.6819999814033508,0.7649000287055969
YEL066W,YLR360W,0,-5.661285,0.08185309916734695,0.6819999814033508,0.7649999856948853
YDR093W,YJR010C-A,0,-5.661762,0.08184327185153961,0.6819999814033508,0.7651000022888184
YAL031C,YBR009C,0,-5.662182,0.08183345198631287,0.6819999814033508,0.7652000188827515
YDR345C,YLR219W,0,-5.6625195,0.08182363212108612,0.6819999814033508,0.7652999758720398
YLR141W,YKR053C,0,-5.662808,0.08181381970643997,0.6819999814033508,0.7653999924659729
YER112W,YMR139W,0,-5.6631107,0.08180400729179382,0.6819999814033508,0.765500009059906
YBR247C,YGR147C,0,-5.6632133,0.08179419487714767,0.6819999814033508,0.7656000256538391
YJL186W,YOR361C,0,-5.6633806,0.08178438991308212,0.6819999814033508,0.7656999826431274
YBL079W,YOL055C,0,-5.66339,0.08177457749843597,0.6819999814033508,0.7657999992370605
YHR055C,YGL030W,0,-5.6635065,0.08176477998495102,0.6819999814033508,0.7659000158309937
YCR010C,YBR207W,1,-5.6635804,0.08187484741210938,0.6830000281333923,0.7659000158309937
YDR216W,YLR288C,0,-5.6636415,0.08186503499746323,0.6830000281333923,0.765999972820282
YLR226W,YPR095C,0,-5.6637053,0.08185522258281708,0.6830000281333923,0.7660999894142151
YGL043W,YLR043C,0,-5.6637535,0.08184541761875153,0.6830000281333923,0.7662000060081482
YMR058W,YCR037C,1,-5.663851,0.0819554254412651,0.6840000152587891,0.7662000060081482
YPL125W,YMR305C,0,-5.6639595,0.08194560557603836,0.6840000152587891,0.7663000226020813
YNR033W,YNL062C,0,-5.664141,0.08193579316139221,0.6840000152587891,0.7663999795913696
YBR207W,YGL008C,1,-5.664257,0.08204575628042221,0.6850000023841858,0.7663999795913696
YOR127W,YPR133W-A,0,-5.664789,0.08203592896461487,0.6850000023841858,0.7664999961853027
YPL259C,YJL157C,0,-5.6648273,0.08202610164880753,0.6850000023841858,0.7666000127792358
YNL327W,YOR027W,0,-5.664877,0.08201628178358078,0.6850000023841858,0.766700029373169
YNL278W,YGL226C-A,0,-5.6650343,0.08200646191835403,0.6850000023841858,0.7667999863624573
YNL116W,YDL097C,0,-5.6650405,0.08199664950370789,0.6850000023841858,0.7669000029563904
YNL002C,YDL058W,0,-5.6653004,0.08198683708906174,0.6850000023841858,0.7670000195503235
YDR518W,YCL039W,0,-5.665586,0.08197702467441559,0.6850000023841858,0.7670999765396118
YLR411W,YDR040C,1,-5.6658535,0.08208687603473663,0.6859999895095825,0.7670999765396118
YGR140W,YJL143W,0,-5.666108,0.08207704871892929,0.6859999895095825,0.7671999931335449
YPL178W,YNL045W,0,-5.6667213,0.08206723630428314,0.6859999895095825,0.767300009727478
YLL011W,YER031C,0,-5.6671114,0.0820574164390564,0.6859999895095825,0.7674000263214111
YKR009C,YHL036W,0,-5.6672077,0.08204760402441025,0.6859999895095825,0.7674999833106995
YMR301C,YNL149C,0,-5.6672487,0.0820377916097641,0.6859999895095825,0.7675999999046326
YAL023C,YGR009C,0,-5.667515,0.08202797919511795,0.6859999895095825,0.7677000164985657
YDR085C,YDR517W,0,-5.6675806,0.0820181742310524,0.6859999895095825,0.767799973487854
YHL048W,YPL127C,0,-5.667727,0.08200836926698685,0.6859999895095825,0.7678999900817871
YKR034W,YKL125W,0,-5.667902,0.0819985643029213,0.6859999895095825,0.7680000066757202
YMR012W,YPL164C,0,-5.6681013,0.08198876678943634,0.6859999895095825,0.7681000232696533
YDR480W,YER165W,0,-5.6683254,0.08197896927595139,0.6859999895095825,0.7681999802589417
YDR273W,YHL024W,0,-5.668351,0.08196917176246643,0.6859999895095825,0.7682999968528748
YPL043W,YHR041C,0,-5.668827,0.08195938169956207,0.6859999895095825,0.7684000134468079
YGR060W,YHR098C,0,-5.6689973,0.08194958418607712,0.6859999895095825,0.7684999704360962
YLR242C,YBR066C,0,-5.6692886,0.08193980157375336,0.6859999895095825,0.7685999870300293
YIR004W,YJR040W,0,-5.66932,0.081930011510849,0.6859999895095825,0.7687000036239624
YNL244C,YOL072W,0,-5.669338,0.08192022889852524,0.6859999895095825,0.7688000202178955
YMR211W,YEL054C,0,-5.669662,0.08191044628620148,0.6859999895095825,0.7688999772071838
YOR211C,YKR056W,0,-5.669676,0.08190067112445831,0.6859999895095825,0.7689999938011169
YBR023C,YDR069C,0,-5.669688,0.08189088851213455,0.6859999895095825,0.76910001039505
YGL068W,YHR023W,0,-5.6703014,0.08188112080097198,0.6859999895095825,0.7692000269889832
YBL103C,YDR312W,0,-5.670597,0.08187134563922882,0.6859999895095825,0.7692999839782715
YLR015W,YBR041W,0,-5.6707115,0.08186157792806625,0.6859999895095825,0.7694000005722046
YNL258C,YLR116W,0,-5.671075,0.08185181021690369,0.6859999895095825,0.7695000171661377
YGR121C,YNL291C,1,-5.671295,0.08196134865283966,0.6869999766349792,0.7695000171661377
YAL020C,YNL002C,0,-5.671329,0.0819515660405159,0.6869999766349792,0.769599974155426
YER095W,YLL040C,0,-5.6720505,0.08194179087877274,0.6869999766349792,0.7696999907493591
YGR257C,YLR092W,1,-5.672331,0.08205128461122513,0.6880000233650208,0.7696999907493591
YDR527W,YIL135C,0,-5.672794,0.08204149454832077,0.6880000233650208,0.7698000073432922
YLR295C,YDR270W,1,-5.6729307,0.08215095102787018,0.6890000104904175,0.7698000073432922
YMR277W,YGR141W,0,-5.672949,0.08214115351438522,0.6890000104904175,0.7699000239372253
YKL172W,YBR213W,0,-5.673195,0.08213136345148087,0.6890000104904175,0.7699999809265137
YBL099W,YJL094C,1,-5.673565,0.0822407603263855,0.6899999976158142,0.7699999809265137
YNL164C,YER154W,0,-5.67362,0.08223096281290054,0.6899999976158142,0.7700999975204468
YDR384C,YCR037C,1,-5.6736956,0.08234032243490219,0.6909999847412109,0.7700999975204468
YLR172C,YPL001W,0,-5.6739855,0.08233051002025604,0.6909999847412109,0.7702000141143799
YPL160W,YBR258C,0,-5.6741047,0.08232070505619049,0.6909999847412109,0.7702999711036682
YNL331C,YCR018C,0,-5.674202,0.08231090009212494,0.6909999847412109,0.7703999876976013
YNR032W,YDR314C,0,-5.6742363,0.08230109512805939,0.6909999847412109,0.7705000042915344
YOL158C,YML123C,1,-5.6753864,0.08241038769483566,0.6919999718666077,0.7705000042915344
YDR322C-A,YLR130C,1,-5.6753883,0.08251965045928955,0.6930000185966492,0.7705000042915344
YJL073W,YDR245W,0,-5.6754274,0.08250982314348221,0.6930000185966492,0.7706000208854675
YFR036W,YPR074C,0,-5.67546,0.08250000327825546,0.6930000185966492,0.7706999778747559
YPR122W,YPR007C,0,-5.6755195,0.08249018341302872,0.6930000185966492,0.770799994468689
YMR029C,YOR346W,0,-5.675556,0.08248036354780197,0.6930000185966492,0.7709000110626221
YDR527W,YLR425W,0,-5.675787,0.08247054368257523,0.6930000185966492,0.7710000276565552
YJR155W,YJR001W,0,-5.67581,0.08246073126792908,0.6930000185966492,0.7710999846458435
YDR158W,YNL126W,0,-5.6758137,0.08245091885328293,0.6930000185966492,0.7712000012397766
YGR134W,YDR447C,0,-5.675888,0.08244111388921738,0.6930000185966492,0.7713000178337097
YPL213W,YPL210C,0,-5.6762,0.08243130892515182,0.6930000185966492,0.771399974822998
YDR508C,YDR285W,0,-5.676336,0.08242150396108627,0.6930000185966492,0.7714999914169312
YKL213C,YLR453C,0,-5.676365,0.08241169899702072,0.6930000185966492,0.7716000080108643
YLL009C,YNR060W,1,-5.676654,0.08252080529928207,0.6940000057220459,0.7716000080108643
YDR178W,YLR105C,0,-5.676812,0.08251100033521652,0.6940000057220459,0.7717000246047974
YHR190W,YPL116W,0,-5.677387,0.08250118792057037,0.6940000057220459,0.7717999815940857
YIL112W,YMR229C,0,-5.6775312,0.08249138295650482,0.6940000057220459,0.7718999981880188
YML078W,YML097C,0,-5.677731,0.08248157799243927,0.6940000057220459,0.7720000147819519
YML047C,YOL061W,0,-5.6778145,0.08247177302837372,0.6940000057220459,0.7720999717712402
YBR041W,YKL173W,0,-5.6778264,0.08246197551488876,0.6940000057220459,0.7721999883651733
YOL043C,YBR061C,0,-5.677885,0.08245217800140381,0.6940000057220459,0.7723000049591064
YCR002C,YOR207C,0,-5.6779737,0.08244238793849945,0.6940000057220459,0.7724000215530396
YFL039C,YPR122W,0,-5.6780043,0.0824325904250145,0.6940000057220459,0.7724999785423279
YLR190W,YBR043C,0,-5.6780267,0.08242280036211014,0.6940000057220459,0.772599995136261
YNL119W,YBL080C,0,-5.67815,0.08241301774978638,0.6940000057220459,0.7727000117301941
YBL078C,YNL287W,0,-5.6781654,0.08240322768688202,0.6940000057220459,0.7728000283241272
YNR019W,YBR273C,0,-5.678772,0.08239344507455826,0.6940000057220459,0.7728999853134155
YBR040W,YKL129C,0,-5.678775,0.0823836624622345,0.6940000057220459,0.7730000019073486
YLR411W,YOR137C,1,-5.6788454,0.08249258249998093,0.6949999928474426,0.7730000019073486
YMR056C,YMR035W,0,-5.6789904,0.08248279243707657,0.6949999928474426,0.7731000185012817
YKL021C,YOL045W,0,-5.679123,0.08247300237417221,0.6949999928474426,0.7731999754905701
YLR219W,YER031C,0,-5.6794147,0.08246321976184845,0.6949999928474426,0.7732999920845032
YLR011W,YPL123C,0,-5.679513,0.08245343714952469,0.6949999928474426,0.7734000086784363
YNL037C,YKR028W,0,-5.679627,0.08244365453720093,0.6949999928474426,0.7735000252723694
YPL008W,YOL101C,0,-5.6800385,0.08243387192487717,0.6949999928474426,0.7735999822616577
YCR093W,YLR009W,0,-5.6805363,0.082424096763134,0.6949999928474426,0.7736999988555908
YBR129C,YAL005C,0,-5.680847,0.08241432160139084,0.6949999928474426,0.7738000154495239
YNL230C,YPL146C,0,-5.6811037,0.08240455389022827,0.6949999928474426,0.7738999724388123
YOL165C,YGL174W,0,-5.681235,0.0823947861790657,0.6949999928474426,0.7739999890327454
YMR288W,YKL062W,0,-5.681357,0.08238501846790314,0.6949999928474426,0.7741000056266785
YHL031C,YKL014C,0,-5.681963,0.08237525075674057,0.6949999928474426,0.7742000222206116
YDR270W,YGL008C,1,-5.6820235,0.08248399943113327,0.6959999799728394,0.7742000222206116
YFL014W,YAL016W,0,-5.682064,0.0824742242693901,0.6959999799728394,0.7742999792098999
YER145C,YKR052C,1,-5.682704,0.08258293569087982,0.6970000267028809,0.7742999792098999
YLR383W,YHR014W,0,-5.682768,0.08257315307855606,0.6970000267028809,0.774399995803833
YOR032C,YHR152W,0,-5.683531,0.0825633704662323,0.6970000267028809,0.7745000123977661
YPL235W,YPR054W,0,-5.6838903,0.08255359530448914,0.6970000267028809,0.7746000289916992
YDL044C,YKL043W,0,-5.6839857,0.08254382014274597,0.6970000267028809,0.7746999859809875
YPL267W,YDL079C,0,-5.6840296,0.08253404498100281,0.6970000267028809,0.7748000025749207
YGR109C,YKL020C,0,-5.684208,0.08252426981925964,0.6970000267028809,0.7749000191688538
YKL185W,YOR380W,0,-5.6842127,0.08251450210809708,0.6970000267028809,0.7749999761581421
YJL011C,YKL145W,0,-5.684477,0.08250473439693451,0.6970000267028809,0.7750999927520752
YAR019C,YML098W,0,-5.6845026,0.08249496668577194,0.6970000267028809,0.7752000093460083
YNL327W,YDR494W,0,-5.6847897,0.08248520642518997,0.6970000267028809,0.7753000259399414
YML116W,YLR448W,0,-5.6850605,0.082475446164608,0.6970000267028809,0.7753999829292297
YNL291C,YNR039C,1,-5.6851177,0.08258400112390518,0.6980000138282776,0.7753999829292297
YJL157C,YMR182C,0,-5.6851606,0.08257423341274261,0.6980000138282776,0.7754999995231628
YCR010C,YLR214W,1,-5.685192,0.08268275111913681,0.6990000009536743,0.7754999995231628
YPL132W,YMR263W,0,-5.6853895,0.08267297595739365,0.6990000009536743,0.775600016117096
YBR215W,YEL012W,0,-5.6856227,0.08266320079565048,0.6990000009536743,0.7756999731063843
YOL003C,YHR062C,0,-5.6860256,0.08265342563390732,0.6990000009536743,0.7757999897003174
YNL219C,YPL026C,0,-5.6863575,0.08264365047216415,0.6990000009536743,0.7759000062942505
YFL031W,YDL019C,0,-5.686427,0.08263388276100159,0.6990000009536743,0.7760000228881836
YDL185W,YMR106C,0,-5.6867995,0.08262411504983902,0.6990000009536743,0.7760999798774719
YJL198W,YDR276C,1,-5.686804,0.08273253589868546,0.699999988079071,0.7760999798774719
YJL157C,YKR031C,0,-5.6869173,0.08272276073694229,0.699999988079071,0.776199996471405
YJR118C,YIL053W,0,-5.6869545,0.08271298557519913,0.699999988079071,0.7763000130653381
YKL053C-A,YOR310C,0,-5.6869974,0.08270321041345596,0.699999988079071,0.7764000296592712
YJR001W,YNL256W,0,-5.687265,0.0826934427022934,0.699999988079071,0.7764999866485596
YCL039W,YDR189W,0,-5.6874104,0.08268367499113083,0.699999988079071,0.7766000032424927
YPR019W,YLR116W,0,-5.687466,0.08267390727996826,0.699999988079071,0.7767000198364258
YEL016C,YOR353C,0,-5.6874857,0.08266414701938629,0.699999988079071,0.7767999768257141
YOR334W,YNL055C,1,-5.6878214,0.08277246356010437,0.7009999752044678,0.7767999768257141
YLR433C,YPL127C,0,-5.688155,0.0827626883983612,0.7009999752044678,0.7768999934196472
YDL195W,YML098W,0,-5.6882925,0.08275292068719864,0.7009999752044678,0.7770000100135803
YBR102C,YHL036W,0,-5.6883917,0.08274315297603607,0.7009999752044678,0.7771000266075134
YJR144W,YJL116C,0,-5.688576,0.0827333852648735,0.7009999752044678,0.7771999835968018
YHR094C,YGR159C,0,-5.6886826,0.08272362500429153,0.7009999752044678,0.7773000001907349
YDR122W,YDR292C,0,-5.688824,0.08271386474370956,0.7009999752044678,0.777400016784668
YML067C,YPR005C,0,-5.6888294,0.0827041044831276,0.7009999752044678,0.7774999737739563
YER009W,YMR218C,0,-5.689079,0.08269435167312622,0.7009999752044678,0.7775999903678894
YOL010W,YBL034C,0,-5.689168,0.08268459886312485,0.7009999752044678,0.7777000069618225
YNL161W,YKL035W,0,-5.6893463,0.08267484605312347,0.7009999752044678,0.7778000235557556
YGL187C,YOR157C,0,-5.689436,0.0826650932431221,0.7009999752044678,0.777899980545044
YLR295C,YCR098C,1,-5.689555,0.08277326077222824,0.7020000219345093,0.777899980545044
YEL026W,YNL283C,0,-5.689861,0.08276350051164627,0.7020000219345093,0.777999997138977
YFL022C,YML062C,0,-5.690214,0.0827537402510643,0.7020000219345093,0.7781000137329102
YEL009C,YPR164W,0,-5.690329,0.08274398744106293,0.7020000219345093,0.7781999707221985
YFL041W,YGR121C,1,-5.6906815,0.08285209536552429,0.703000009059906,0.7781999707221985
YFL011W,YBR061C,0,-5.6906924,0.08284232765436172,0.703000009059906,0.7782999873161316
YOR267C,YGL257C,0,-5.690782,0.08283256739377975,0.703000009059906,0.7784000039100647
YHR039C,YOR341W,0,-5.6907997,0.08282280713319778,0.703000009059906,0.7785000205039978
YNL117W,YDL044C,0,-5.6908035,0.08281305432319641,0.703000009059906,0.7785999774932861
YLL027W,YNL055C,1,-5.690916,0.08292108029127121,0.7039999961853027,0.7785999774932861
YOR046C,YNL310C,0,-5.6919947,0.08291132003068924,0.7039999961853027,0.7786999940872192
YJL031C,YNL307C,0,-5.692176,0.08290155231952667,0.7039999961853027,0.7788000106811523
YCR098C,YBR295W,1,-5.692216,0.08300953358411789,0.7049999833106995,0.7788000106811523
YIR013C,YDR174W,0,-5.692379,0.08299976587295532,0.7049999833106995,0.7789000272750854
YDR381W,YNR047W,0,-5.692413,0.08298999071121216,0.7049999833106995,0.7789999842643738
YKL064W,YLR092W,1,-5.6927743,0.0830979272723198,0.7059999704360962,0.7789999842643738
YIR010W,YHL036W,0,-5.692814,0.08308815211057663,0.7059999704360962,0.7791000008583069
YNL053W,YOL116W,0,-5.693036,0.08307836949825287,0.7059999704360962,0.77920001745224
YPR193C,YLR032W,0,-5.693137,0.0830685943365097,0.7059999704360962,0.7792999744415283
YDR268W,YJL208C,0,-5.6935945,0.08305882662534714,0.7059999704360962,0.7793999910354614
YDR009W,YBR105C,0,-5.6937094,0.08304905146360397,0.7059999704360962,0.7795000076293945
YER035W,YJL072C,0,-5.693755,0.0830392837524414,0.7059999704360962,0.7796000242233276
YOL012C,YLR386W,0,-5.693796,0.08302951604127884,0.7059999704360962,0.779699981212616
YER015W,YKR101W,0,-5.6939154,0.08301975578069687,0.7059999704360962,0.7797999978065491
YNL294C,YNL222W,0,-5.6940403,0.0830099955201149,0.7059999704360962,0.7799000144004822
YJL168C,YEL013W,0,-5.694131,0.08300023525953293,0.7059999704360962,0.7799999713897705
YDL044C,YNL279W,0,-5.694274,0.08299047499895096,0.7059999704360962,0.7800999879837036
YCR098C,YOL027C,1,-5.694297,0.08309826254844666,0.7070000171661377,0.7800999879837036
YJL033W,YDR225W,0,-5.6943965,0.08308849483728409,0.7070000171661377,0.7802000045776367
YOR249C,YFL002C,0,-5.694398,0.08307873457670212,0.7070000171661377,0.7803000211715698
YDR071C,YLR452C,0,-5.694477,0.08306896686553955,0.7070000171661377,0.7803999781608582
YLR449W,YER008C,0,-5.6945324,0.08305921405553818,0.7070000171661377,0.7804999947547913
YBL030C,YPR182W,0,-5.694579,0.08304945379495621,0.7070000171661377,0.7806000113487244
YFL011W,YPL085W,0,-5.694822,0.08303970098495483,0.7070000171661377,0.7807000279426575
YHL027W,YJL052W,0,-5.695231,0.08302994817495346,0.7070000171661377,0.7807999849319458
YBR084W,YJL166W,0,-5.6956472,0.08302019536495209,0.7070000171661377,0.7809000015258789
YKR038C,YAR031W,0,-5.695837,0.08301045000553131,0.7070000171661377,0.781000018119812
YMR182C,YPL214C,0,-5.6958823,0.08300070464611053,0.7070000171661377,0.7810999751091003
YKL099C,YDR057W,0,-5.69598,0.08299095928668976,0.7070000171661377,0.7811999917030334
YGR057C,YJL190C,0,-5.696372,0.08298122137784958,0.7070000171661377,0.7813000082969666
YPL018W,YBR117C,0,-5.6963964,0.0829714834690094,0.7070000171661377,0.7814000248908997
YMR036C,YOR129C,0,-5.6964493,0.08296174556016922,0.7070000171661377,0.781499981880188
YML013W,YKL006C-A,0,-5.69646,0.08295201510190964,0.7070000171661377,0.7815999984741211
YOL082W,YPR198W,0,-5.6967025,0.08294227719306946,0.7070000171661377,0.7817000150680542
YEL065W,YPL092W,1,-5.6969514,0.08304985612630844,0.7080000042915344,0.7817000150680542
YDR173C,YNL101W,0,-5.6971817,0.08304011076688766,0.7080000042915344,0.7817999720573425
YLR291C,YBR272C,0,-5.697502,0.08303037285804749,0.7080000042915344,0.7818999886512756
YOR028C,YOR047C,0,-5.6976395,0.0830206349492073,0.7080000042915344,0.7820000052452087
YJL207C,YHR014W,0,-5.697652,0.08301090449094772,0.7080000042915344,0.7821000218391418
YKL112W,YNL053W,0,-5.6978216,0.08300117403268814,0.7080000042915344,0.7821999788284302
YMR288W,YJL164C,0,-5.6981683,0.08299144357442856,0.7080000042915344,0.7822999954223633
YDR478W,YOR047C,0,-5.698303,0.08298171311616898,0.7080000042915344,0.7824000120162964
YOR233W,YIL123W,0,-5.6986003,0.08297199010848999,0.7080000042915344,0.7825000286102295
YMR292W,YLR148W,0,-5.6993594,0.082962267100811,0.7080000042915344,0.7825999855995178
YBR023C,YJL059W,0,-5.6994276,0.08295255154371262,0.7080000042915344,0.7827000021934509
YBR098W,YBR153W,0,-5.6996408,0.08294282853603363,0.7080000042915344,0.782800018787384
YDL044C,YPL211W,0,-5.699857,0.08293311297893524,0.7080000042915344,0.7828999757766724
YBL084C,YHR043C,0,-5.699916,0.08292340487241745,0.7080000042915344,0.7829999923706055
YDL145C,YHR016C,0,-5.699919,0.08291368931531906,0.7080000042915344,0.7831000089645386
YGL012W,YGR244C,0,-5.7002673,0.08290398120880127,0.7080000042915344,0.7832000255584717
YOR168W,YBR088C,0,-5.7002954,0.08289427310228348,0.7080000042915344,0.78329998254776
YJL208C,YOR047C,0,-5.700555,0.08288457244634628,0.7080000042915344,0.7833999991416931
YER154W,YHR167W,0,-5.700823,0.08287487179040909,0.7080000042915344,0.7835000157356262
YMR277W,YOR267C,0,-5.70084,0.0828651711344719,0.7080000042915344,0.7835999727249146
YLR442C,YPR140W,0,-5.7009163,0.0828554704785347,0.7080000042915344,0.7836999893188477
YDR377W,YML123C,1,-5.7009926,0.08296278864145279,0.7089999914169312,0.7836999893188477
YNL129W,YMR239C,0,-5.7013187,0.082953080534935,0.7089999914169312,0.7838000059127808
YML016C,YLR435W,0,-5.7013617,0.0829433798789978,0.7089999914169312,0.7839000225067139
YNL291C,YKL120W,1,-5.7013955,0.08305064588785172,0.7099999785423279,0.7839000225067139
YDR170C,YGR221C,0,-5.7016077,0.08304093778133392,0.7099999785423279,0.7839999794960022
YLR357W,YJL093C,0,-5.7016745,0.08303122222423553,0.7099999785423279,0.7840999960899353
YOR334W,YGL006W,1,-5.70173,0.08313844352960587,0.7110000252723694,0.7840999960899353
YOL060C,YNL070W,0,-5.701764,0.08312872797250748,0.7110000252723694,0.7842000126838684
YIL076W,YJL089W,0,-5.7018495,0.08311900496482849,0.7110000252723694,0.7843000292778015
YPL177C,YLR066W,0,-5.701877,0.0831092894077301,0.7110000252723694,0.7843999862670898
YLR047C,YGL011C,0,-5.702742,0.08309958130121231,0.7110000252723694,0.784500002861023
YER052C,YJR063W,0,-5.702957,0.08308986574411392,0.7110000252723694,0.784600019454956
YOL002C,YOL129W,0,-5.702976,0.08308015763759613,0.7110000252723694,0.7846999764442444
YMR312W,YER013W,0,-5.703239,0.08307044953107834,0.7110000252723694,0.7847999930381775
YER035W,YER111C,0,-5.7032804,0.08306074887514114,0.7110000252723694,0.7849000096321106
YER159C,YOR100C,0,-5.703332,0.08305104821920395,0.7110000252723694,0.7850000262260437
YNL329C,YPR110C,0,-5.7034864,0.08304134756326675,0.7110000252723694,0.785099983215332
YGL254W,YGL006W,1,-5.703742,0.08314842730760574,0.7120000123977661,0.785099983215332
YPL028W,YDR416W,0,-5.703897,0.08313871920108795,0.7120000123977661,0.7851999998092651
YHL047C,YDR384C,1,-5.704302,0.08324576914310455,0.7129999995231628,0.7851999998092651
YBL056W,YNL107W,0,-5.7045574,0.08323604613542557,0.7129999995231628,0.7853000164031982
YPL232W,YJR019C,0,-5.7047825,0.08322633057832718,0.7129999995231628,0.7853999733924866
YPL097W,YHL027W,0,-5.7048893,0.08321662247180939,0.7129999995231628,0.7854999899864197
YMR036C,YKL056C,0,-5.705329,0.083206906914711,0.7129999995231628,0.7856000065803528
YGR244C,YOR089C,0,-5.705407,0.0831971988081932,0.7129999995231628,0.7857000231742859
YJR150C,YDR478W,0,-5.7055254,0.08318749070167542,0.7129999995231628,0.7857999801635742
YDR404C,YKR029C,0,-5.705582,0.08317779004573822,0.7129999995231628,0.7858999967575073
YML102W,YMR199W,0,-5.705821,0.08316808938980103,0.7129999995231628,0.7860000133514404
YLR011W,YDR082W,0,-5.7059526,0.08315838873386383,0.7129999995231628,0.7860999703407288
YBR110W,YGL246C,0,-5.7064934,0.08314868807792664,0.7129999995231628,0.7861999869346619
YMR316W,YBR237W,0,-5.7066207,0.08313899487257004,0.7129999995231628,0.786300003528595
YOL077W-A,YKL016C,1,-5.706758,0.0832458883523941,0.7139999866485596,0.786300003528595
YLR081W,YPR073C,0,-5.7068276,0.08323618769645691,0.7139999866485596,0.7864000201225281
YGR257C,YGL008C,1,-5.7069125,0.08334304392337799,0.7149999737739563,0.7864000201225281
YOR217W,YDR143C,0,-5.707183,0.0833333358168602,0.7149999737739563,0.7864999771118164
YNL172W,YDR258C,0,-5.7072444,0.08332362025976181,0.7149999737739563,0.7865999937057495
YER061C,YGL016W,0,-5.7074995,0.08331391215324402,0.7149999737739563,0.7867000102996826
YLR288C,YLR303W,0,-5.7076063,0.08330420404672623,0.7149999737739563,0.7868000268936157
YBR267W,YIL053W,0,-5.707788,0.08329450339078903,0.7149999737739563,0.786899983882904
YPR005C,YPR133C,0,-5.7078085,0.08328480273485184,0.7149999737739563,0.7870000004768372
YHR055C,YGL246C,0,-5.707869,0.08327510207891464,0.7149999737739563,0.7871000170707703
YGR191W,YDR456W,1,-5.7078853,0.08338185399770737,0.7160000205039978,0.7871000170707703
YNL062C,YDL100C,0,-5.7081394,0.08337214589118958,0.7160000205039978,0.7871999740600586
YPR193C,YBR213W,0,-5.7082405,0.08336243778467178,0.7160000205039978,0.7872999906539917
YIL085C,YPL203W,0,-5.7082834,0.08335273712873459,0.7160000205039978,0.7874000072479248
YMR058W,YJL117W,1,-5.708295,0.08345943689346313,0.7170000076293945,0.7874000072479248
YPL204W,YDR120C,0,-5.708427,0.08344972133636475,0.7170000076293945,0.7875000238418579
YKL005C,YNL023C,0,-5.709343,0.08344000577926636,0.7170000076293945,0.7875999808311462
YNR033W,YOR025W,0,-5.7095237,0.08343029767274857,0.7170000076293945,0.7876999974250793
YNL259C,YMR058W,1,-5.709552,0.08353693783283234,0.7179999947547913,0.7876999974250793
YDR508C,YOL123W,0,-5.7098284,0.08352722227573395,0.7179999947547913,0.7878000140190125
YOR099W,YHR099W,0,-5.710124,0.08351750671863556,0.7179999947547913,0.7878999710083008
YKR019C,YAL015C,0,-5.7106533,0.08350779116153717,0.7179999947547913,0.7879999876022339
YKR052C,YGL008C,1,-5.7110324,0.08361437171697617,0.718999981880188,0.7879999876022339
YDR270W,YMR058W,1,-5.711261,0.08372092992067337,0.7200000286102295,0.7879999876022339
YBL003C,YOR213C,0,-5.711372,0.08371119946241379,0.7200000286102295,0.788100004196167
YDL227C,YFL060C,0,-5.7119493,0.08370146155357361,0.7200000286102295,0.7882000207901001
YLR025W,YDR218C,0,-5.7121606,0.08369173854589462,0.7200000286102295,0.7882999777793884
YPL059W,YLR369W,0,-5.7124066,0.08368200808763504,0.7200000286102295,0.7883999943733215
YDR434W,YIL101C,0,-5.712434,0.08367228507995605,0.7200000286102295,0.7885000109672546
YKL188C,YOR216C,0,-5.712528,0.08366256207227707,0.7200000286102295,0.7886000275611877
YIR008C,YMR313C,0,-5.7128024,0.08365283906459808,0.7200000286102295,0.7886999845504761
YOR136W,YOR233W,0,-5.7131357,0.0836431235074997,0.7200000286102295,0.7888000011444092
YNL130C,YHR059W,0,-5.713249,0.0836334079504013,0.7200000286102295,0.7889000177383423
YIL013C,YDR325W,0,-5.7135735,0.08362369239330292,0.7200000286102295,0.7889999747276306
YAL053W,YLR260W,0,-5.7137856,0.08361398428678513,0.7200000286102295,0.7890999913215637
YHR030C,YMR089C,0,-5.7141185,0.08360427618026733,0.7200000286102295,0.7892000079154968
YDR252W,YPR112C,0,-5.7141895,0.08359456807374954,0.7200000286102295,0.7893000245094299
YOR377W,YBR173C,0,-5.7142153,0.08358485996723175,0.7200000286102295,0.7893999814987183
YNR010W,YNL323W,0,-5.714327,0.08357515931129456,0.7200000286102295,0.7894999980926514
YPL232W,YHR060W,0,-5.714842,0.08356545865535736,0.7200000286102295,0.7896000146865845
YLR429W,YKL189W,0,-5.7154245,0.08355576545000076,0.7200000286102295,0.7896999716758728
YOR178C,YFR034C,0,-5.715524,0.08354606479406357,0.7200000286102295,0.7897999882698059
YCR089W,YML085C,0,-5.7155523,0.08353637158870697,0.7200000286102295,0.789900004863739
YCL016C,YNL274C,0,-5.7160106,0.08352668583393097,0.7200000286102295,0.7900000214576721
YML057W,YLR075W,0,-5.716103,0.08351699262857437,0.7200000286102295,0.7900999784469604
YOR100C,YJL165C,0,-5.716152,0.08350730687379837,0.7200000286102295,0.7901999950408936
YBR161W,YHR021C,0,-5.716264,0.08349762111902237,0.7200000286102295,0.7903000116348267
YDR270W,YNR060W,1,-5.716349,0.08360389620065689,0.7210000157356262,0.7903000116348267
YMR208W,YLR068W,0,-5.716587,0.08359420299530029,0.7210000157356262,0.7904000282287598
YPL100W,YOR061W,0,-5.7166395,0.0835845097899437,0.7210000157356262,0.7904999852180481
YKL213C,YIR021W,0,-5.716919,0.0835748240351677,0.7210000157356262,0.7906000018119812
YKL068W,YPR121W,0,-5.7170568,0.0835651382803917,0.7210000157356262,0.7907000184059143
YLR109W,YDL175C,0,-5.717361,0.08355545252561569,0.7210000157356262,0.7907999753952026
YML126C,YDR176W,0,-5.7175083,0.08354577422142029,0.7210000157356262,0.7908999919891357
YML095C,YBR127C,0,-5.717519,0.08353608846664429,0.7210000157356262,0.7910000085830688
YCL025C,YML025C,0,-5.717557,0.08352641016244888,0.7210000157356262,0.791100025177002
YMR035W,YAR002W,0,-5.717615,0.08351673930883408,0.7210000157356262,0.7911999821662903
YAL023C,YLR200W,0,-5.7179165,0.08350706845521927,0.7210000157356262,0.7912999987602234
YCR086W,YDR165W,0,-5.7180862,0.08349739760160446,0.7210000157356262,0.7914000153541565
YDR096W,YHR165C,0,-5.718109,0.08348772674798965,0.7210000157356262,0.7914999723434448
YBR121C,YFL059W,0,-5.7187595,0.08347805589437485,0.7210000157356262,0.7915999889373779
YGL180W,YHR059W,0,-5.7187767,0.08346839249134064,0.7210000157356262,0.791700005531311
YCL040W,YPR002W,0,-5.7188764,0.08345873653888702,0.7210000157356262,0.7918000221252441
YML078W,YER148W,0,-5.719065,0.08344907313585281,0.7210000157356262,0.7918999791145325
YPL098C,YNL261W,0,-5.7193246,0.0834394171833992,0.7210000157356262,0.7919999957084656
YIL010W,YKL057C,0,-5.719339,0.08342976123094559,0.7210000157356262,0.7921000123023987
YDR116C,YGL120C,0,-5.719366,0.08342010527849197,0.7210000157356262,0.7922000288963318
YKL082C,YFL060C,0,-5.719687,0.08341045677661896,0.7210000157356262,0.7922999858856201
YBR004C,YNL009W,0,-5.719697,0.08340080827474594,0.7210000157356262,0.7924000024795532
YGL178W,YMR267W,0,-5.7206044,0.08339116722345352,0.7210000157356262,0.7925000190734863
YOR319W,YER009W,0,-5.720891,0.0833815187215805,0.7210000157356262,0.7925999760627747
YOL108C,YCR073W-A,0,-5.721199,0.08337187767028809,0.7210000157356262,0.7926999926567078
YBR168W,YGR229C,0,-5.721237,0.08336223661899567,0.7210000157356262,0.7928000092506409
YOL144W,YNL272C,0,-5.7212534,0.08335260301828384,0.7210000157356262,0.792900025844574
YOL116W,YML011C,0,-5.7213907,0.08334296941757202,0.7210000157356262,0.7929999828338623
YER109C,YML052W,0,-5.7214594,0.0833333358168602,0.7210000157356262,0.7930999994277954
YLR429W,YNL116W,0,-5.7215285,0.08332370221614838,0.7210000157356262,0.7932000160217285
YJR064W,YNL133C,0,-5.7218585,0.08331407606601715,0.7210000157356262,0.7932999730110168
YDL024C,YNL186W,0,-5.721898,0.08330444991588593,0.7210000157356262,0.79339998960495
YIL098C,YER148W,0,-5.721923,0.0832948237657547,0.7210000157356262,0.7935000061988831
YJR077C,YOR137C,1,-5.721937,0.08340071886777878,0.722000002861023,0.7935000061988831
YPL254W,YLR260W,0,-5.72194,0.08339108526706696,0.722000002861023,0.7936000227928162
YBR065C,YDR317W,0,-5.7222004,0.08338145166635513,0.722000002861023,0.7936999797821045
YKL110C,YJL001W,0,-5.722436,0.08337182551622391,0.722000002861023,0.7937999963760376
YMR184W,YLR398C,0,-5.72244,0.08336219936609268,0.722000002861023,0.7939000129699707
YGR253C,YKR042W,0,-5.7231026,0.08335257321596146,0.722000002861023,0.7940000295639038
YKL213C,YOR254C,0,-5.723488,0.08334295451641083,0.722000002861023,0.7940999865531921
YLR157C,YOL040C,0,-5.7239866,0.0833333358168602,0.722000002861023,0.7942000031471252
YJL196C,YOR295W,0,-5.723997,0.08332371711730957,0.722000002861023,0.7943000197410583
YBL097W,YIL110W,0,-5.724263,0.08331409841775894,0.722000002861023,0.7943999767303467
YCR098C,YGR008C,1,-5.724269,0.08341986685991287,0.7229999899864197,0.7943999767303467
YPL012W,YDL076C,0,-5.7247,0.08341024816036224,0.7229999899864197,0.7944999933242798
YMR116C,YDR079W,0,-5.724864,0.08340062201023102,0.7229999899864197,0.7946000099182129
YKL016C,YCR037C,1,-5.725323,0.08350634574890137,0.7239999771118164,0.7946000099182129
YAR019C,YBR015C,0,-5.7254295,0.08349671214818954,0.7239999771118164,0.794700026512146
YGR145W,YIL030C,0,-5.725827,0.08348708599805832,0.7239999771118164,0.7947999835014343
YNR056C,YBR177C,0,-5.726812,0.0834774598479271,0.7239999771118164,0.7949000000953674
YCR010C,YPL092W,1,-5.727545,0.08358312398195267,0.7250000238418579,0.7949000000953674
YDL035C,YFL011W,0,-5.7278233,0.08357349038124084,0.7250000238418579,0.7950000166893005
YDR270W,YPL092W,1,-5.727836,0.08367911726236343,0.7260000109672546,0.7950000166893005
YER025W,YLR034C,0,-5.7282877,0.08366946876049042,0.7260000109672546,0.7950999736785889
YJR093C,YMR081C,0,-5.728833,0.083659827709198,0.7260000109672546,0.795199990272522
YLR081W,YER012W,0,-5.7289,0.08365018665790558,0.7260000109672546,0.7953000068664551
YDR225W,YDR045C,0,-5.7289553,0.08364055305719376,0.7260000109672546,0.7954000234603882
YNL328C,YPR103W,0,-5.7289805,0.08363091945648193,0.7260000109672546,0.7954999804496765
YJR078W,YPR057W,0,-5.7289953,0.08362128585577011,0.7260000109672546,0.7955999970436096
YCR010C,YOR381W,1,-5.729729,0.08372682332992554,0.7269999980926514,0.7955999970436096
YLR329W,YHL027W,0,-5.729846,0.08371718227863312,0.7269999980926514,0.7957000136375427
YIL040W,YBL039C,0,-5.730151,0.0837075412273407,0.7269999980926514,0.795799970626831
YHR094C,YPL045W,0,-5.730448,0.08369790762662888,0.7269999980926514,0.7958999872207642
YPL100W,YLL013C,0,-5.7305775,0.08368826657533646,0.7269999980926514,0.7960000038146973
YOR334W,YML123C,1,-5.7306204,0.08379373699426651,0.7279999852180481,0.7960000038146973
YDR016C,YCR020C,0,-5.7306585,0.08378409594297409,0.7279999852180481,0.7961000204086304
YFR053C,YKL006C-A,0,-5.730728,0.08377445489168167,0.7279999852180481,0.7961999773979187
YDR206W,YNL339C,0,-5.730894,0.08376481384038925,0.7279999852180481,0.7962999939918518
YNL159C,YOL017W,0,-5.730979,0.08375518023967743,0.7279999852180481,0.7964000105857849
YDR216W,YNL051W,0,-5.7310963,0.08374553918838501,0.7279999852180481,0.796500027179718
YDR162C,YJL108C,0,-5.7311754,0.08373591303825378,0.7279999852180481,0.7965999841690063
YDR038C,YML123C,1,-5.7316017,0.08384128659963608,0.7289999723434448,0.7965999841690063
YDL099W,YCR083W,0,-5.731722,0.08383164554834366,0.7289999723434448,0.7967000007629395
YLR429W,YHR152W,0,-5.7319145,0.08382200449705124,0.7289999723434448,0.7968000173568726
YJL198W,YLR130C,1,-5.731925,0.08392734080553055,0.7300000190734863,0.7968000173568726
YLR390W-A,YML103C,0,-5.731927,0.08391769230365753,0.7300000190734863,0.7968999743461609
YCR107W,YPL160W,0,-5.73242,0.08390804380178452,0.7300000190734863,0.796999990940094
YLR246W,YBR093C,0,-5.7324867,0.0838984027504921,0.7300000190734863,0.7971000075340271
YDR113C,YGR030C,0,-5.732566,0.08388876169919968,0.7300000190734863,0.7972000241279602
YKL152C,YDR138W,0,-5.7329116,0.08387912064790726,0.7300000190734863,0.7972999811172485
YNL015W,YIL039W,0,-5.7329435,0.08386948704719543,0.7300000190734863,0.7973999977111816
YPL095C,YNL123W,0,-5.7330847,0.08385985344648361,0.7300000190734863,0.7975000143051147
YGL178W,YKR101W,0,-5.733162,0.08385021984577179,0.7300000190734863,0.7975999712944031
YOR232W,YML013W,0,-5.7332125,0.08384058624505997,0.7300000190734863,0.7976999878883362
YNL318C,YPR161C,0,-5.733268,0.08383096009492874,0.7300000190734863,0.7978000044822693
YJL110C,YGR040W,0,-5.7334685,0.08382133394479752,0.7300000190734863,0.7979000210762024
YBL093C,YGL126W,0,-5.733616,0.08381170779466629,0.7300000190734863,0.7979999780654907
YOL071W,YMR125W,0,-5.733658,0.08380208909511566,0.7300000190734863,0.7980999946594238
YML081C-A,YML121W,1,-5.7337093,0.08390725404024124,0.7310000061988831,0.7980999946594238
YMR213W,YDR113C,0,-5.7340136,0.08389762789011002,0.7310000061988831,0.7982000112533569
YDL101C,YKL152C,0,-5.734068,0.0838879942893982,0.7310000061988831,0.79830002784729
YKL110C,YMR022W,0,-5.7341027,0.08387836813926697,0.7310000061988831,0.7983999848365784
YJR125C,YIL139C,0,-5.7341495,0.08386874943971634,0.7310000061988831,0.7985000014305115
YNR007C,YGL063W,0,-5.7345114,0.08385912328958511,0.7310000061988831,0.7986000180244446
YMR041C,YKL043W,0,-5.734861,0.08384950459003448,0.7310000061988831,0.7986999750137329
YHR170W,YDL080C,0,-5.734909,0.08383989334106445,0.7310000061988831,0.798799991607666
YOR058C,YNL112W,0,-5.734928,0.08383027464151382,0.7310000061988831,0.7989000082015991
YDL132W,YOR085W,0,-5.7351913,0.08382066339254379,0.7310000061988831,0.7990000247955322
YDR151C,YLR154C,0,-5.735344,0.08381105214357376,0.7310000061988831,0.7990999817848206
YGL006W,YIL114C,1,-5.735704,0.0839160829782486,0.7319999933242798,0.7990999817848206
YLR397C,YEL016C,0,-5.735895,0.08390646427869797,0.7319999933242798,0.7991999983787537
YFR009W,YDR281C,0,-5.736318,0.08389684557914734,0.7319999933242798,0.7993000149726868
YLR215C,YLR047C,0,-5.736355,0.08388723433017731,0.7319999933242798,0.7993999719619751
YJR078W,YBR055C,0,-5.736357,0.08387762308120728,0.7319999933242798,0.7994999885559082
YOL130W,YER145C,1,-5.7366624,0.08398258686065674,0.7329999804496765,0.7994999885559082
YIL022W,YEL012W,0,-5.736738,0.08397296071052551,0.7329999804496765,0.7996000051498413
YDR173C,YKL018W,0,-5.7374105,0.08396334201097488,0.7329999804496765,0.7997000217437744
YGR132C,YOL066C,0,-5.7376122,0.08395373076200485,0.7329999804496765,0.7997999787330627
YJL207C,YPR107C,0,-5.737767,0.08394411206245422,0.7329999804496765,0.7998999953269958
YPL078C,YGL008C,1,-5.737875,0.08404900878667831,0.734000027179718,0.7998999953269958
YPR201W,YNL259C,1,-5.7379236,0.08415388315916061,0.7350000143051147,0.7998999953269958
YGR092W,YKL144C,0,-5.7388306,0.08414424955844879,0.7350000143051147,0.800000011920929
YOR294W,YPL124W,0,-5.738849,0.08413461595773697,0.7350000143051147,0.8001000285148621
YHL040C,YLR295C,1,-5.7390013,0.08423943817615509,0.7360000014305115,0.8001000285148621
YLL042C,YNL153C,0,-5.7390776,0.08422980457544327,0.7360000014305115,0.8001999855041504
YGR055W,YJR086W,0,-5.739084,0.08422016352415085,0.7360000014305115,0.8003000020980835
YBR244W,YPL157W,0,-5.7395115,0.08421052992343903,0.7360000014305115,0.8004000186920166
YNL164C,YGR046W,0,-5.7395196,0.0842008888721466,0.7360000014305115,0.8004999756813049
YLR160C,YMR247C,0,-5.7395477,0.08419126272201538,0.7360000014305115,0.800599992275238
YPL124W,YJR045C,0,-5.739609,0.08418162912130356,0.7360000014305115,0.8007000088691711
YDR106W,YLL008W,0,-5.73966,0.08417200297117233,0.7360000014305115,0.8008000254631042
YNL325C,YBL075C,0,-5.739667,0.08416237682104111,0.7360000014305115,0.8008999824523926
YKL093W,YDR279W,0,-5.7397213,0.08415275812149048,0.7360000014305115,0.8009999990463257
YJR078W,YFR050C,0,-5.7400494,0.08414313197135925,0.7360000014305115,0.8011000156402588
YMR058W,YBR037C,1,-5.7400665,0.08424782752990723,0.7369999885559082,0.8011000156402588
YOR299W,YLR340W,0,-5.740321,0.084238201379776,0.7369999885559082,0.8011999726295471
YML102W,YER042W,0,-5.740523,0.08422856777906418,0.7369999885559082,0.8012999892234802
YDR256C,YPL128C,0,-5.740943,0.08421894907951355,0.7369999885559082,0.8014000058174133
YKR009C,YHR041C,0,-5.7412043,0.08420932292938232,0.7369999885559082,0.8015000224113464
YMR301C,YOL059W,0,-5.741259,0.0841997042298317,0.7369999885559082,0.8015999794006348
YLR405W,YDL195W,0,-5.7413034,0.08419008553028107,0.7369999885559082,0.8016999959945679
YAL012W,YJL129C,0,-5.741366,0.08418046683073044,0.7369999885559082,0.801800012588501
YOL158C,YBR106W,1,-5.7414293,0.08428505808115005,0.7379999756813049,0.801800012588501
YNL012W,YGL096W,0,-5.7415023,0.08427543938159943,0.7379999756813049,0.8019000291824341
YNL169C,YPL239W,0,-5.7417135,0.0842658132314682,0.7379999756813049,0.8019999861717224
YOR188W,YPL152W,0,-5.741929,0.08425619453191757,0.7379999756813049,0.8021000027656555
YPR155C,YML064C,0,-5.742185,0.08424657583236694,0.7379999756813049,0.8022000193595886
YML123C,YIL023C,1,-5.7422285,0.08435110002756119,0.7390000224113464,0.8022000193595886
YLR380W,YBR195C,0,-5.7423697,0.08434147387742996,0.7390000224113464,0.802299976348877
YOR028C,YER120W,0,-5.7425814,0.08433184772729874,0.7390000224113464,0.8023999929428101
YOR208W,YMR125W,0,-5.742752,0.08432222902774811,0.7390000224113464,0.8025000095367432
YJR121W,YLR214W,1,-5.742836,0.08442669361829758,0.7400000095367432,0.8025000095367432
YLR139C,YEL041W,0,-5.743001,0.08441706746816635,0.7400000095367432,0.8026000261306763
YPL137C,YOR266W,0,-5.743127,0.08440743386745453,0.7400000095367432,0.8026999831199646
YKL145W,YLR150W,0,-5.7433186,0.0843978077173233,0.7400000095367432,0.8027999997138977
YDR385W,YGL035C,0,-5.743376,0.08438818901777267,0.7400000095367432,0.8029000163078308
YML126C,YNL093W,0,-5.7435427,0.08437856286764145,0.7400000095367432,0.8029999732971191
YER019W,YOR095C,0,-5.7435536,0.08436894416809082,0.7400000095367432,0.8030999898910522
YOL069W,YGR112W,0,-5.7437296,0.08435932546854019,0.7400000095367432,0.8032000064849854
YHR094C,YPL122C,0,-5.7443705,0.08434970676898956,0.7400000095367432,0.8033000230789185
YFL041W,YLR092W,1,-5.745215,0.08445406705141068,0.7409999966621399,0.8033000230789185
YER025W,YMR059W,0,-5.745311,0.08444444090127945,0.7409999966621399,0.8033999800682068
YJL085W,YPL093W,0,-5.745437,0.08443482220172882,0.7409999966621399,0.8034999966621399
YBL084C,YGR200C,0,-5.745861,0.08442520350217819,0.7409999966621399,0.803600013256073
YPR025C,YLR055C,0,-5.745953,0.08441558480262756,0.7409999966621399,0.8036999702453613
YHR065C,YGL252C,0,-5.7459755,0.08440596610307693,0.7409999966621399,0.8037999868392944
YMR201C,YLR193C,0,-5.7460623,0.0843963548541069,0.7409999966621399,0.8039000034332275
YHR143W,YFL004W,0,-5.74612,0.08438674360513687,0.7409999966621399,0.8040000200271606
YDR461W,YNL248C,0,-5.7462783,0.08437713235616684,0.7409999966621399,0.804099977016449
YKL182W,YNL153C,0,-5.7465267,0.0843675285577774,0.7409999966621399,0.8041999936103821
YOR103C,YNR026C,0,-5.7465515,0.08435792475938797,0.7409999966621399,0.8043000102043152
YML058W-A,YKL173W,0,-5.7467656,0.08434832096099854,0.7409999966621399,0.8044000267982483
YHR081W,YNL293W,0,-5.747032,0.0843387171626091,0.7409999966621399,0.8044999837875366
YPL232W,YKR056W,0,-5.747099,0.08432912081480026,0.7409999966621399,0.8046000003814697
YOL008W,YBR129C,0,-5.747178,0.08431952446699142,0.7409999966621399,0.8047000169754028
YKL092C,YDL235C,0,-5.747286,0.08430993556976318,0.7409999966621399,0.8047999739646912
YDR345C,YLR234W,0,-5.7472925,0.08430033922195435,0.7409999966621399,0.8048999905586243
YHR094C,YAR033W,0,-5.7481737,0.0842907503247261,0.7409999966621399,0.8050000071525574
YOR381W,YKL120W,1,-5.7482805,0.0843949019908905,0.7419999837875366,0.8050000071525574
YGL247W,YOR332W,0,-5.748463,0.08438530564308167,0.7419999837875366,0.8051000237464905
YJL115W,YBL045C,0,-5.748989,0.08437570929527283,0.7419999837875366,0.8051999807357788
YOL064C,YCR033W,0,-5.7491326,0.08436612039804459,0.7419999837875366,0.8052999973297119
YJL125C,YMR047C,0,-5.7492867,0.08435652405023575,0.7419999837875366,0.805400013923645
YGL137W,YDR165W,0,-5.749817,0.08434693515300751,0.7419999837875366,0.8054999709129333
YIL147C,YER103W,0,-5.7499194,0.08433734625577927,0.7419999837875366,0.8055999875068665
YLR081W,YOL059W,0,-5.7501745,0.08432776480913162,0.7419999837875366,0.8057000041007996
YLR136C,YOL028C,0,-5.7504787,0.08431818336248398,0.7419999837875366,0.8058000206947327
YJL042W,YGR063C,0,-5.7512107,0.08430860191583633,0.7419999837875366,0.805899977684021
YGL111W,YIR041W,0,-5.7516556,0.08429902046918869,0.7419999837875366,0.8059999942779541
YCR088W,YEL024W,0,-5.7517304,0.08428944647312164,0.7419999837875366,0.8061000108718872
YIL065C,YLR106C,0,-5.7517653,0.0842798724770546,0.7419999837875366,0.8062000274658203
YLL061W,YDR404C,0,-5.75181,0.08427029848098755,0.7419999837875366,0.8062999844551086
YGL030W,YGL175C,0,-5.7519565,0.0842607319355011,0.7419999837875366,0.8064000010490417
YGL256W,YDL101C,0,-5.752188,0.08425116539001465,0.7419999837875366,0.8065000176429749
YMR049C,YCL061C,0,-5.752225,0.0842415988445282,0.7419999837875366,0.8065999746322632
YLR155C,YMR172W,0,-5.7523108,0.08423203229904175,0.7419999837875366,0.8066999912261963
YNL323W,YGR280C,0,-5.752643,0.0842224732041359,0.7419999837875366,0.8068000078201294
YOL147C,YPL157W,0,-5.7526474,0.08421291410923004,0.7419999837875366,0.8069000244140625
YFR036W,YJR143C,0,-5.752894,0.08420336246490479,0.7419999837875366,0.8069999814033508
YOR334W,YBR296C,1,-5.753249,0.08430727571249008,0.7429999709129333,0.8069999814033508
YHR175W,YLR411W,1,-5.753657,0.08441116660833359,0.7440000176429749,0.8069999814033508
YNL059C,YNR047W,0,-5.753666,0.08440158516168594,0.7440000176429749,0.8070999979972839
YGR055W,YLR442C,0,-5.754526,0.0843920111656189,0.7440000176429749,0.807200014591217
YJR112W,YML127W,0,-5.7546144,0.08438244462013245,0.7440000176429749,0.8072999715805054
YNL218W,YER009W,0,-5.754689,0.0843728706240654,0.7440000176429749,0.8073999881744385
YPL100W,YGR229C,0,-5.754798,0.08436330407857895,0.7440000176429749,0.8075000047683716
YPL046C,YOL010W,0,-5.7551937,0.0843537449836731,0.7440000176429749,0.8076000213623047
YJL117W,YER053C,1,-5.755327,0.08445754647254944,0.7450000047683716,0.8076000213623047
YHR007C,YKL178C,0,-5.755475,0.08444797247648239,0.7450000047683716,0.807699978351593
YBL064C,YMR179W,0,-5.7561398,0.08443839848041534,0.7450000047683716,0.8077999949455261
YML078W,YKL189W,0,-5.7561407,0.0844288319349289,0.7450000047683716,0.8079000115394592
YLR260W,YPR009W,0,-5.7562203,0.08441926538944244,0.7450000047683716,0.8080000281333923
YLR318W,YOR014W,0,-5.7562747,0.084409698843956,0.7450000047683716,0.8080999851226807
YCL004W,YGR211W,0,-5.7563076,0.08440013229846954,0.7450000047683716,0.8082000017166138
YKR052C,YKL120W,1,-5.756441,0.08450385183095932,0.7459999918937683,0.8082000017166138
YDR377W,YKL120W,1,-5.756485,0.08460754156112671,0.746999979019165,0.8082000017166138
YKL016C,YDL181W,1,-5.7565947,0.08471120893955231,0.7480000257492065,0.8082000017166138
YHL003C,YJR103W,0,-5.756715,0.08470162004232407,0.7480000257492065,0.8083000183105469
YEL056W,YPL244C,0,-5.75712,0.08469203114509583,0.7480000257492065,0.8083999752998352
YNL164C,YBR129C,0,-5.7571487,0.08468244224786758,0.7480000257492065,0.8084999918937683
YGL191W,YJR035W,0,-5.7572155,0.08467285335063934,0.7480000257492065,0.8086000084877014
YOR294W,YDR545W,0,-5.757716,0.0846632719039917,0.7480000257492065,0.8087000250816345
YDL020C,YLR357W,0,-5.7577515,0.08465369045734406,0.7480000257492065,0.8087999820709229
YPR005C,YPL045W,0,-5.7578707,0.08464410901069641,0.7480000257492065,0.808899998664856
YOR173W,YDR076W,0,-5.7580237,0.08463453501462936,0.7480000257492065,0.8090000152587891
YDL024C,YIR008C,0,-5.7584133,0.08462496101856232,0.7480000257492065,0.8090999722480774
YGL169W,YDR369C,0,-5.758692,0.08461538702249527,0.7480000257492065,0.8091999888420105
YGR078C,YMR267W,0,-5.758701,0.08460581302642822,0.7480000257492065,0.8093000054359436
YPR094W,YOR327C,0,-5.7590685,0.08459624648094177,0.7480000257492065,0.8094000220298767
YOR267C,YLR052W,0,-5.759627,0.08458667993545532,0.7480000257492065,0.809499979019165
YAL053W,YKL082C,0,-5.7597485,0.08457711338996887,0.7480000257492065,0.8095999956130981
YPR005C,YKL205W,0,-5.759877,0.08456755429506302,0.7480000257492065,0.8097000122070312
YMR004W,YML019W,0,-5.759996,0.08455799520015717,0.7480000257492065,0.8098000288009644
YKL213C,YLR285W,0,-5.7603617,0.08454843610525131,0.7480000257492065,0.8098999857902527
YKL152C,YNL262W,0,-5.760478,0.08453887701034546,0.7480000257492065,0.8100000023841858
YDR513W,YNL261W,0,-5.7605667,0.0845293253660202,0.7480000257492065,0.8101000189781189
YJR135C,YPL187W,0,-5.7605753,0.08451977372169495,0.7480000257492065,0.8101999759674072
YGL017W,YLR084C,0,-5.7608104,0.08451022207736969,0.7480000257492065,0.8102999925613403
YCR037C,YGL255W,1,-5.7609253,0.08461364358663559,0.7490000128746033,0.8102999925613403
YNL177C,YCL054W,0,-5.7609725,0.08460409194231033,0.7490000128746033,0.8104000091552734
YGL014W,YOR045W,0,-5.7610383,0.08459453284740448,0.7490000128746033,0.8105000257492065
YNR058W,YAL002W,0,-5.7610617,0.08458498120307922,0.7490000128746033,0.8105999827384949
YCR057C,YKL020C,0,-5.7612844,0.08457542955875397,0.7490000128746033,0.810699999332428
YGR261C,YER126C,0,-5.76157,0.08456587791442871,0.7490000128746033,0.8108000159263611
YER001W,YNL246W,0,-5.7619877,0.08455633372068405,0.7490000128746033,0.8108999729156494
YHL040C,YNL055C,1,-5.7619944,0.08465966582298279,0.75,0.8108999729156494
YLR009W,YGR104C,0,-5.762123,0.08465011417865753,0.75,0.8109999895095825
YBL008W,YGR209C,0,-5.7621346,0.08464056253433228,0.75,0.8111000061035156
YJR105W,YJR086W,0,-5.7624145,0.08463101089000702,0.75,0.8112000226974487
YNR035C,YHR178W,0,-5.762516,0.08462145924568176,0.75,0.8112999796867371
YOR080W,YNL009W,0,-5.762944,0.0846119150519371,0.75,0.8113999962806702
YER018C,YOL109W,0,-5.7629786,0.08460237085819244,0.75,0.8115000128746033
YGR249W,YGR276C,0,-5.763278,0.08459282666444778,0.75,0.8116000294685364
YDR254W,YMR012W,0,-5.7634335,0.08458328992128372,0.75,0.8116999864578247
YLR288C,YNL049C,0,-5.7635183,0.08457374572753906,0.75,0.8118000030517578
YGL097W,YLR045C,0,-5.7637405,0.084564208984375,0.75,0.8119000196456909
YOR095C,YLR403W,0,-5.763855,0.08455467969179153,0.75,0.8119999766349792
YDR168W,YDL227C,0,-5.7644053,0.08454515039920807,0.75,0.8120999932289124
YPR083W,YHR026W,0,-5.7644215,0.0845356211066246,0.75,0.8122000098228455
YLR016C,YOR341W,0,-5.7645407,0.08452609181404114,0.75,0.8123000264167786
YIL009W,YGL192W,0,-5.7649527,0.08451656252145767,0.75,0.8123999834060669
YGR193C,YOR047C,0,-5.765088,0.0845070406794548,0.75,0.8125
YLR411W,YGR191W,1,-5.765116,0.08461018651723862,0.7509999871253967,0.8125
YOL130W,YPL092W,1,-5.7651896,0.08471330255270004,0.7519999742507935,0.8125
YGL187C,YMR270C,0,-5.765228,0.08470376580953598,0.7519999742507935,0.8126000165939331
YNL259C,YGR191W,1,-5.7654924,0.08480684459209442,0.753000020980835,0.8126000165939331
YNL331C,YPL106C,0,-5.76562,0.08479730039834976,0.753000020980835,0.8126999735832214
YBR155W,YPR183W,0,-5.765834,0.0847877487540245,0.753000020980835,0.8127999901771545
YDR429C,YEL004W,0,-5.7661276,0.08477820456027985,0.753000020980835,0.8129000067710876
YPL133C,YMR229C,0,-5.7663484,0.08476866036653519,0.753000020980835,0.8130000233650208
YGL254W,YGR121C,1,-5.7663994,0.08487167954444885,0.7540000081062317,0.8130000233650208
YDR314C,YGR248W,0,-5.766761,0.0848621279001236,0.7540000081062317,0.8130999803543091
YJR108W,YER006W,0,-5.766959,0.08485257625579834,0.7540000081062317,0.8131999969482422
YNL059C,YLR048W,0,-5.7671432,0.08484303206205368,0.7540000081062317,0.8133000135421753
YOR031W,YML007W,0,-5.76715,0.08483348041772842,0.7540000081062317,0.8133999705314636
YER028C,YOR018W,0,-5.7671695,0.08482393622398376,0.7540000081062317,0.8134999871253967
YDR446W,YOR185C,0,-5.7677155,0.0848143994808197,0.7540000081062317,0.8136000037193298
YGR256W,YNL177C,0,-5.768325,0.08480485528707504,0.7540000081062317,0.8137000203132629
YJL146W,YPR009W,0,-5.7684617,0.08479531854391098,0.7540000081062317,0.8137999773025513
YGR009C,YFL002C,0,-5.768628,0.08478578925132751,0.7540000081062317,0.8138999938964844
YPL244C,YNL012W,0,-5.76874,0.08477625250816345,0.7540000081062317,0.8140000104904175
YOR340C,YJL012C,0,-5.7687407,0.08476672321557999,0.7540000081062317,0.8141000270843506
YDR106W,YMR005W,0,-5.7688274,0.08475719392299652,0.7540000081062317,0.8141999840736389
YOL123W,YOR363C,0,-5.768959,0.08474766463041306,0.7540000081062317,0.814300000667572
YMR048W,YHR178W,0,-5.7691536,0.08473814278841019,0.7540000081062317,0.8144000172615051
YDL030W,YPL258C,0,-5.769776,0.08472862094640732,0.7540000081062317,0.8144999742507935
YDL020C,YNL334C,0,-5.7698536,0.08471909910440445,0.7540000081062317,0.8145999908447266
YDL014W,YNL231C,0,-5.7700205,0.08470958471298218,0.7540000081062317,0.8147000074386597
YNL027W,YOR046C,0,-5.7700887,0.0847000703215599,0.7540000081062317,0.8148000240325928
YDL079C,YNL015W,0,-5.7701488,0.08469055593013763,0.7540000081062317,0.8148999810218811
YKR052C,YER053C,1,-5.7708035,0.08479335159063339,0.7549999952316284,0.8148999810218811
YOR063W,YDR325W,0,-5.770975,0.08478382974863052,0.7549999952316284,0.8149999976158142
YGL143C,YKL122C,0,-5.7710576,0.08477430790662766,0.7549999952316284,0.8151000142097473
YEL009C,YKL194C,0,-5.7713346,0.08476479351520538,0.7549999952316284,0.8151999711990356
YBR207W,YJL198W,1,-5.771492,0.08486753702163696,0.7559999823570251,0.8151999711990356
YGL005C,YOR224C,0,-5.771559,0.0848580077290535,0.7559999823570251,0.8152999877929688
YJL062W,YML011C,0,-5.7719326,0.08484848588705063,0.7559999823570251,0.8154000043869019
YCR010C,YIL114C,1,-5.772129,0.08495118468999863,0.7570000290870667,0.8154000043869019
YBR296C,YIL114C,1,-5.772227,0.08505386114120483,0.7580000162124634,0.8154000043869019
YDR110W,YJR094C,0,-5.772338,0.08504431694746017,0.7580000162124634,0.815500020980835
YPR005C,YLR285W,0,-5.7723727,0.08503478020429611,0.7580000162124634,0.8155999779701233
YOR274W,YGR183C,0,-5.772524,0.08502523601055145,0.7580000162124634,0.8156999945640564
YKL051W,YNL246W,0,-5.772792,0.08501569926738739,0.7580000162124634,0.8158000111579895
YGL001C,YJR042W,0,-5.77314,0.08500616997480392,0.7580000162124634,0.8159000277519226
YMR078C,YNR026C,0,-5.773266,0.08499663323163986,0.7580000162124634,0.8159999847412109
YCL040W,YIL073C,0,-5.773467,0.0849871039390564,0.7580000162124634,0.816100001335144
YLR324W,YDR073W,0,-5.7734714,0.08497758209705353,0.7580000162124634,0.8162000179290771
YHR043C,YKL032C,0,-5.7734866,0.08496805280447006,0.7580000162124634,0.8162999749183655
YPL180W,YDR398W,0,-5.7738547,0.0849585309624672,0.7580000162124634,0.8163999915122986
YLL009C,YEL027W,1,-5.774687,0.08506108075380325,0.7590000033378601,0.8163999915122986
YJL112W,YLR034C,0,-5.774981,0.08505154401063919,0.7590000033378601,0.8165000081062317
YGL043W,YHR006W,0,-5.7751226,0.08504201471805573,0.7590000033378601,0.8166000247001648
YNL059C,YMR011W,0,-5.7751236,0.08503249287605286,0.7590000033378601,0.8166999816894531
YOR299W,YJL033W,0,-5.7751765,0.08502296358346939,0.7590000033378601,0.8167999982833862
YDR256C,YKR059W,0,-5.7754006,0.08501344174146652,0.7590000033378601,0.8169000148773193
YER119C,YDR167W,0,-5.7761755,0.08500391989946365,0.7590000033378601,0.8169999718666077
YGL063W,YDR469W,0,-5.77637,0.08499439805746078,0.7590000033378601,0.8170999884605408
YFL041W,YOR381W,1,-5.7769194,0.08509685099124908,0.7599999904632568,0.8170999884605408
YDR379W,YDL081C,0,-5.777111,0.08508732914924622,0.7599999904632568,0.8172000050544739
YIL154C,YML103C,0,-5.7772703,0.08507779985666275,0.7599999904632568,0.817300021648407
YFL009W,YGR145W,0,-5.7775517,0.08506827801465988,0.7599999904632568,0.8173999786376953
YER168C,YDR224C,0,-5.77756,0.08505875617265701,0.7599999904632568,0.8174999952316284
YLR453C,YHL024W,0,-5.7779174,0.08504924178123474,0.7599999904632568,0.8176000118255615
YDR009W,YLR134W,0,-5.777998,0.08503971993923187,0.7599999904632568,0.8177000284194946
YPR183W,YBL088C,0,-5.7781897,0.0850302055478096,0.7599999904632568,0.817799985408783
YPL078C,YDR270W,1,-5.778306,0.08513256162405014,0.7609999775886536,0.817799985408783
YDR143C,YNL107W,0,-5.7785544,0.08512303978204727,0.7609999775886536,0.8179000020027161
YGR055W,YMR218C,0,-5.77878,0.085113525390625,0.7609999775886536,0.8180000185966492
YOR386W,YJR068W,0,-5.779051,0.08510400354862213,0.7609999775886536,0.8180999755859375
YIL068C,YJL141C,0,-5.7794237,0.08509448915719986,0.7609999775886536,0.8181999921798706
YPL086C,YOR322C,0,-5.7801256,0.08508497476577759,0.7609999775886536,0.8183000087738037
YBR182C,YGR099W,0,-5.7803326,0.08507546037435532,0.7609999775886536,0.8184000253677368
YGR088W,YLR205C,0,-5.781045,0.08506595343351364,0.7609999775886536,0.8184999823570251
YMR097C,YGR085C,0,-5.7811604,0.08505644649267197,0.7609999775886536,0.8185999989509583
YGL174W,YOL147C,0,-5.7812133,0.08504693955183029,0.7609999775886536,0.8187000155448914
YGR104C,YIL017C,0,-5.781233,0.08503743261098862,0.7609999775886536,0.8187999725341797
YKL203C,YLR003C,0,-5.7815495,0.08502793312072754,0.7609999775886536,0.8188999891281128
YHR096C,YPL274W,0,-5.781886,0.08501843363046646,0.7609999775886536,0.8190000057220459
YMR303C,YLR013W,0,-5.7821426,0.08500893414020538,0.7609999775886536,0.819100022315979
YPL161C,YGR077C,0,-5.782421,0.0849994421005249,0.7609999775886536,0.8191999793052673
YDR284C,YER118C,0,-5.7826133,0.08498995006084442,0.7609999775886536,0.8192999958992004
YGR175C,YCL052C,0,-5.782876,0.08498045802116394,0.7609999775886536,0.8194000124931335
YPL123C,YDR407C,0,-5.7829,0.08497096598148346,0.7609999775886536,0.8195000290870667
YDR432W,YLR191W,0,-5.7829237,0.08496148139238358,0.7609999775886536,0.819599986076355
YAL040C,YDL079C,0,-5.782993,0.08495199680328369,0.7609999775886536,0.8197000026702881
YBR185C,YML088W,0,-5.7831907,0.08494251221418381,0.7609999775886536,0.8198000192642212
YKR055W,YLR048W,0,-5.784608,0.08493303507566452,0.7609999775886536,0.8198999762535095
YPL258C,YNL107W,0,-5.7846394,0.08492355793714523,0.7609999775886536,0.8199999928474426
YFL039C,YDL149W,0,-5.784896,0.08491408079862595,0.7609999775886536,0.8201000094413757
YGR057C,YJR049C,0,-5.784898,0.08490461111068726,0.7609999775886536,0.8202000260353088
YLR155C,YDL164C,0,-5.7850122,0.08489513397216797,0.7609999775886536,0.8202999830245972
YDL181W,YGR257C,1,-5.78502,0.08499721437692642,0.7620000243186951,0.8202999830245972
YHR174W,YOR221C,0,-5.785472,0.08498772978782654,0.7620000243186951,0.8203999996185303
YJL019W,YCR020C,0,-5.785578,0.08497825264930725,0.7620000243186951,0.8205000162124634
YDL247W,YPR108W,0,-5.7860365,0.08496877551078796,0.7620000243186951,0.8205999732017517
YDR270W,YHR175W,1,-5.786075,0.08507079631090164,0.7630000114440918,0.8205999732017517
YJR089W,YBR038W,0,-5.78623,0.08506131917238235,0.7630000114440918,0.8206999897956848
YER174C,YLR384C,0,-5.786456,0.08505183458328247,0.7630000114440918,0.8208000063896179
YNL102W,YJR035W,0,-5.7865844,0.08504235744476318,0.7630000114440918,0.820900022983551
YMR219W,YKL018W,0,-5.786586,0.0850328728556633,0.7630000114440918,0.8209999799728394
YCR060W,YNL273W,0,-5.7867727,0.08502340316772461,0.7630000114440918,0.8210999965667725
YML102W,YMR216C,0,-5.7869024,0.08501392602920532,0.7630000114440918,0.8212000131607056
YCR065W,YGL205W,0,-5.7869544,0.08500445634126663,0.7630000114440918,0.8213000297546387
YAR002C-A,YBR256C,0,-5.787239,0.08499498665332794,0.7630000114440918,0.821399986743927
YCR037C,YER053C,1,-5.7874084,0.08509690314531326,0.7639999985694885,0.821399986743927
YPR025C,YOR361C,0,-5.7874465,0.08508742600679398,0.7639999985694885,0.8215000033378601
YBL064C,YER111C,0,-5.787488,0.08507794886827469,0.7639999985694885,0.8216000199317932
YPR201W,YNR060W,1,-5.787668,0.08517982065677643,0.7649999856948853,0.8216000199317932
YJL085W,YIL053W,0,-5.7878523,0.08517034351825714,0.7649999856948853,0.8216999769210815
YML123C,YBR024W,1,-5.7883196,0.0852721780538559,0.765999972820282,0.8216999769210815
YNL259C,YGL006W,1,-5.7889843,0.08537399768829346,0.7670000195503235,0.8216999769210815
YGL115W,YDR092W,0,-5.7890306,0.08536449819803238,0.7670000195503235,0.8217999935150146
YJR094C,YGR129W,0,-5.7891326,0.0853549987077713,0.7670000195503235,0.8219000101089478
YGL071W,YJL198W,1,-5.7894115,0.08545677363872528,0.7680000066757202,0.8219000101089478
YML094W,YIL053W,0,-5.789625,0.0854472666978836,0.7680000066757202,0.8220000267028809
YMR246W,YNL003C,0,-5.789654,0.08543775975704193,0.7680000066757202,0.8220999836921692
YLR263W,YBR273C,0,-5.7896843,0.08542825281620026,0.7680000066757202,0.8222000002861023
YGL253W,YBR258C,0,-5.790475,0.08541875332593918,0.7680000066757202,0.8223000168800354
YHR165C,YGR185C,0,-5.790535,0.0854092538356781,0.7680000066757202,0.8223999738693237
YOR057W,YPL106C,0,-5.7907,0.08539975434541702,0.7680000066757202,0.8224999904632568
YCR107W,YHR013C,0,-5.790756,0.08539026230573654,0.7680000066757202,0.8226000070571899
YKL120W,YIL114C,1,-5.7912493,0.08549194037914276,0.7689999938011169,0.8226000070571899
YDR130C,YPL167C,0,-5.7913985,0.08548243343830109,0.7689999938011169,0.822700023651123
YMR058W,YLR092W,1,-5.7914224,0.08558408170938492,0.7699999809265137,0.822700023651123
YNR030W,YDR341C,0,-5.792152,0.08557457476854324,0.7699999809265137,0.8227999806404114
YOL089C,YDR398W,0,-5.792738,0.08556506037712097,0.7699999809265137,0.8228999972343445
YKL029C,YLR043C,0,-5.7927732,0.0855555534362793,0.7699999809265137,0.8230000138282776
YBR088C,YPR132W,0,-5.792939,0.08554605394601822,0.7699999809265137,0.8230999708175659
YLR014C,YDR447C,0,-5.793137,0.08553654700517654,0.7699999809265137,0.823199987411499
YDR225W,YPL164C,0,-5.793166,0.08552704751491547,0.7699999809265137,0.8233000040054321
YNL116W,YCR027C,0,-5.79332,0.08551754802465439,0.7699999809265137,0.8234000205993652
YLR216C,YOR270C,0,-5.7934656,0.08550804853439331,0.7699999809265137,0.8234999775886536
YGL166W,YBR093C,0,-5.7936506,0.08549855649471283,0.7699999809265137,0.8235999941825867
YOR299W,YGL097W,0,-5.7938232,0.08548906445503235,0.7699999809265137,0.8237000107765198
YGL087C,YOR294W,0,-5.794006,0.08547957241535187,0.7699999809265137,0.8238000273704529
YDR377W,YCR037C,1,-5.794426,0.08558108657598495,0.7710000276565552,0.8238000273704529
YLR080W,YBR213W,0,-5.7944403,0.08557158708572388,0.7710000276565552,0.8238999843597412
YKL016C,YDR040C,1,-5.7950773,0.08567306399345398,0.7720000147819519,0.8238999843597412
YGR212W,YML097C,0,-5.7962823,0.0856635570526123,0.7720000147819519,0.8240000009536743
YIL046W,YHR120W,0,-5.796455,0.08565405756235123,0.7720000147819519,0.8241000175476074
YBR036C,YMR219W,0,-5.79717,0.08564455062150955,0.7720000147819519,0.8241999745368958
YJR050W,YLR398C,0,-5.7972717,0.08563505113124847,0.7720000147819519,0.8242999911308289
YNL323W,YER146W,0,-5.797512,0.0856255516409874,0.7720000147819519,0.824400007724762
YLR158C,YGL097W,0,-5.7978697,0.08561605960130692,0.7720000147819519,0.8245000243186951
YJR160C,YKL080W,0,-5.7979093,0.08560656756162643,0.7720000147819519,0.8245999813079834
YOL005C,YPL214C,0,-5.7980824,0.08559707552194595,0.7720000147819519,0.8246999979019165
YCR037C,YBR296C,1,-5.7983165,0.0856984481215477,0.7730000019073486,0.8246999979019165
YLR014C,YML029W,0,-5.7983685,0.08568894863128662,0.7730000019073486,0.8248000144958496
YGL201C,YIL013C,0,-5.798518,0.08567944914102554,0.7730000019073486,0.8248999714851379
YKL004W,YOR075W,0,-5.798574,0.08566995710134506,0.7730000019073486,0.824999988079071
YER088C,YJR050W,0,-5.7986937,0.08566045761108398,0.7730000019073486,0.8251000046730042
YPR080W,YDR369C,0,-5.7989135,0.0856509730219841,0.7730000019073486,0.8252000212669373
YHR118C,YOR085W,0,-5.799056,0.08564148098230362,0.7730000019073486,0.8252999782562256
YGR175C,YER009W,0,-5.799141,0.08563199639320374,0.7730000019073486,0.8253999948501587
YNR060W,YIL023C,1,-5.7991548,0.08573327213525772,0.7739999890327454,0.8253999948501587
YDR251W,YPL239W,0,-5.799265,0.08572378009557724,0.7739999890327454,0.8255000114440918
YMR078C,YJL148W,0,-5.799305,0.08571428805589676,0.7739999890327454,0.8256000280380249
YBR029C,YML027W,0,-5.79943,0.08570479601621628,0.7739999890327454,0.8256999850273132
YJL208C,YFL045C,0,-5.8001633,0.0856953039765358,0.7739999890327454,0.8258000016212463
YER075C,YPL206C,0,-5.8005595,0.08568581938743591,0.7739999890327454,0.8259000182151794
YER056C,YDR207C,0,-5.800577,0.08567633479833603,0.7739999890327454,0.8259999752044678
YLR220W,YKL152C,0,-5.800644,0.08566685020923615,0.7739999890327454,0.8260999917984009
YPL126W,YNL121C,0,-5.800938,0.08565737307071686,0.7739999890327454,0.826200008392334
YMR068W,YJL101C,0,-5.802198,0.08564788848161697,0.7739999890327454,0.8263000249862671
YGR177C,YAL059W,0,-5.802454,0.08563841879367828,0.7739999890327454,0.8263999819755554
YKR027W,YCR047C,0,-5.802479,0.085628941655159,0.7739999890327454,0.8264999985694885
YBL006C,YOR243C,0,-5.8025227,0.0856194719672203,0.7739999890327454,0.8266000151634216
YNR016C,YER174C,0,-5.8027945,0.08561000227928162,0.7739999890327454,0.82669997215271
YPR164W,YGR280C,0,-5.8028517,0.08560053259134293,0.7739999890327454,0.8267999887466431
YKL007W,YFR055W,0,-5.8031373,0.08559106290340424,0.7739999890327454,0.8269000053405762
YOL130W,YBR039W,1,-5.803502,0.08569217473268509,0.7749999761581421,0.8269000053405762
YOR036W,YHR203C,0,-5.803547,0.0856826975941658,0.7749999761581421,0.8270000219345093
YPL217C,YLL002W,0,-5.803979,0.08567322790622711,0.7749999761581421,0.8270999789237976
YDR317W,YDR120C,0,-5.8041058,0.08566375821828842,0.7749999761581421,0.8271999955177307
YPR093C,YGR211W,0,-5.804188,0.08565428853034973,0.7749999761581421,0.8273000121116638
YDR036C,YHR042W,0,-5.8042536,0.08564482629299164,0.7749999761581421,0.8274000287055969
YOL149W,YBR026C,0,-5.804324,0.08563535660505295,0.7749999761581421,0.8274999856948853
YJR017C,YDL148C,0,-5.8044534,0.08562589436769485,0.7749999761581421,0.8276000022888184
YGR121C,YIL114C,1,-5.804538,0.08572690933942795,0.7760000228881836,0.8276000022888184
YCR010C,YPL078C,1,-5.8046,0.08582790195941925,0.7770000100135803,0.8276000022888184
YGL223C,YML060W,0,-5.804941,0.08581842482089996,0.7770000100135803,0.8277000188827515
YDR101C,YOR171C,0,-5.8052087,0.08580894768238068,0.7770000100135803,0.8277999758720398
YDR518W,YCL040W,0,-5.805476,0.08579947054386139,0.7770000100135803,0.8278999924659729
YJR047C,YIL138C,0,-5.806077,0.0857899934053421,0.7770000100135803,0.828000009059906
YMR095C,YGR221C,0,-5.806156,0.08578052371740341,0.7770000100135803,0.8281000256538391
YKL150W,YBR182C,0,-5.8064537,0.08577105402946472,0.7770000100135803,0.8281999826431274
YJL156C,YIR026C,0,-5.8075314,0.08576159179210663,0.7770000100135803,0.8282999992370605
YHL047C,YNL259C,1,-5.8075385,0.08586248755455017,0.777999997138977,0.8282999992370605
YLR205C,YJL072C,0,-5.80761,0.08585301041603088,0.777999997138977,0.8284000158309937
YLR157C,YNL246W,0,-5.807687,0.0858435407280922,0.777999997138977,0.828499972820282
YPR006C,YER125W,0,-5.8077984,0.0858340710401535,0.777999997138977,0.8285999894142151
YNL101W,YBL093C,0,-5.8081465,0.08582460135221481,0.777999997138977,0.8287000060081482
YGR224W,YLR129W,0,-5.8082886,0.08581513166427612,0.777999997138977,0.8288000226020813
YDR037W,YOR045W,0,-5.8085995,0.08580566942691803,0.777999997138977,0.8288999795913696
YLR220W,YNL129W,0,-5.80865,0.08579620718955994,0.777999997138977,0.8289999961853027
YOR317W,YIR019C,0,-5.8089337,0.08578674495220184,0.777999997138977,0.8291000127792358
YAL033W,YMR095C,0,-5.8094196,0.08577729016542435,0.777999997138977,0.829200029373169
YBL009W,YGL142C,0,-5.809473,0.08576782792806625,0.777999997138977,0.8292999863624573
YMR168C,YFL031W,0,-5.8094788,0.08575838059186935,0.777999997138977,0.8294000029563904
YNL008C,YOR327C,0,-5.8097258,0.08574892580509186,0.777999997138977,0.8295000195503235
YML123C,YOR137C,1,-5.809744,0.08584968000650406,0.7789999842643738,0.8295000195503235
YDR106W,YMR016C,0,-5.8098145,0.08584021776914597,0.7789999842643738,0.8295999765396118
YHL040C,YLR130C,1,-5.8100615,0.08594094216823578,0.7799999713897705,0.8295999765396118
YNL318C,YFR030W,0,-5.810113,0.08593147248029709,0.7799999713897705,0.8296999931335449
YKL013C,YML065W,0,-5.810404,0.085922010242939,0.7799999713897705,0.829800009727478
YCL059C,YDR314C,0,-5.8107376,0.0859125480055809,0.7799999713897705,0.8299000263214111
YDR518W,YHR006W,0,-5.810899,0.08590308576822281,0.7799999713897705,0.8299999833106995
YKR083C,YPR080W,0,-5.8111277,0.08589362353086472,0.7799999713897705,0.8300999999046326
YCR048W,YML052W,0,-5.811447,0.08588416874408722,0.7799999713897705,0.8302000164985657
YNL245C,YOL102C,0,-5.811516,0.08587471395730972,0.7799999713897705,0.830299973487854
YDR030C,YLR043C,0,-5.8115764,0.08586525917053223,0.7799999713897705,0.8303999900817871
YMR047C,YLR043C,0,-5.8116016,0.08585580438375473,0.7799999713897705,0.8305000066757202
YDR143C,YPL214C,0,-5.8135676,0.08584635704755783,0.7799999713897705,0.8306000232696533
YNR058W,YLR360W,0,-5.813935,0.08583690971136093,0.7799999713897705,0.8306999802589417
YOR173W,YOL112W,0,-5.814519,0.08582746237516403,0.7799999713897705,0.8307999968528748
YBR055C,YEL041W,0,-5.8146324,0.08581802248954773,0.7799999713897705,0.8309000134468079
YBR069C,YDL077C,0,-5.8146973,0.08580858260393143,0.7799999713897705,0.8309999704360962
YJL092W,YLR303W,0,-5.8149514,0.08579914271831512,0.7799999713897705,0.8310999870300293
YGL180W,YER146W,0,-5.814988,0.08578970283269882,0.7799999713897705,0.8312000036239624
YLL019C,YGR007W,0,-5.815567,0.08578027039766312,0.7799999713897705,0.8313000202178955
YOR078W,YPL118W,0,-5.8156223,0.08577083796262741,0.7799999713897705,0.8313999772071838
YJR077C,YGR008C,1,-5.81575,0.08587136119604111,0.781000018119812,0.8313999772071838
YDR158W,YOR103C,0,-5.8159194,0.08586191385984421,0.781000018119812,0.8314999938011169
YNL042W,YDR189W,0,-5.8161364,0.0858524814248085,0.781000018119812,0.83160001039505
YKL093W,YMR272C,0,-5.8161693,0.0858430415391922,0.781000018119812,0.8317000269889832
YNL274C,YNL031C,0,-5.816272,0.0858336091041565,0.781000018119812,0.8317999839782715
YDR081C,YHR160C,0,-5.81645,0.08582417666912079,0.781000018119812,0.8319000005722046
YKL022C,YGL078C,0,-5.816534,0.08581474423408508,0.781000018119812,0.8320000171661377
YDR040C,YGL008C,1,-5.816903,0.08591518551111221,0.7820000052452087,0.8320000171661377
YNL036W,YFR034C,0,-5.816927,0.08590574562549591,0.7820000052452087,0.832099974155426
YGL247W,YGR175C,0,-5.8170185,0.08589630573987961,0.7820000052452087,0.8321999907493591
YBR039W,YDR270W,1,-5.8171663,0.08599670231342316,0.7829999923706055,0.8321999907493591
YPR067W,YER053C,1,-5.8172836,0.08609707653522491,0.7839999794960022,0.8321999907493591
YNR056C,YLL050C,0,-5.817363,0.08608762174844742,0.7839999794960022,0.8323000073432922
YAL054C,YAL040C,0,-5.817383,0.08607817441225052,0.7839999794960022,0.8324000239372253
YPR100W,YKR097W,0,-5.8177605,0.08606871962547302,0.7839999794960022,0.8324999809265137
YDL043C,YLR337C,0,-5.8180656,0.08605927228927612,0.7839999794960022,0.8325999975204468
YJL093C,YOR359W,0,-5.818181,0.08604983240365982,0.7839999794960022,0.8327000141143799
YGL174W,YKL035W,0,-5.818448,0.08604038506746292,0.7839999794960022,0.8327999711036682
YJR040W,YKL170W,0,-5.818593,0.08603094518184662,0.7839999794960022,0.8328999876976013
YKL016C,YBR295W,1,-5.818598,0.08613122999668121,0.7850000262260437,0.8328999876976013
YDR264C,YKL099C,0,-5.8187776,0.08612177520990372,0.7850000262260437,0.8330000042915344
YJR155W,YIL039W,0,-5.818919,0.08611232787370682,0.7850000262260437,0.8331000208854675
YNL209W,YLR181C,0,-5.8196716,0.08610288798809052,0.7850000262260437,0.8331999778747559
YLR303W,YGL233W,0,-5.8198137,0.08609344065189362,0.7850000262260437,0.833299994468689
YOR315W,YHR138C,0,-5.8198676,0.08608400076627731,0.7850000262260437,0.8334000110626221
YJL208C,YGL126W,0,-5.819892,0.08607456088066101,0.7850000262260437,0.8335000276565552
YKL205W,YCR067C,0,-5.820263,0.08606512099504471,0.7850000262260437,0.8335999846458435
YDR272W,YMR292W,0,-5.8205667,0.086055688560009,0.7850000262260437,0.8337000012397766
YIL131C,YPL218W,0,-5.82074,0.0860462561249733,0.7850000262260437,0.8338000178337097
YNL325C,YGL028C,0,-5.8208556,0.08603682368993759,0.7850000262260437,0.833899974822998
YOR160W,YBR280C,0,-5.8213634,0.08602739870548248,0.7850000262260437,0.8339999914169312
YDR009W,YKR059W,0,-5.8218403,0.08601797372102737,0.7850000262260437,0.8341000080108643
YHR164C,YMR266W,0,-5.822524,0.08600854873657227,0.7850000262260437,0.8342000246047974
YPL187W,YGR085C,0,-5.822595,0.08599912375211716,0.7850000262260437,0.8342999815940857
YPL227C,YDL185W,0,-5.822794,0.08598970621824265,0.7850000262260437,0.8343999981880188
YDR513W,YPL242C,0,-5.823446,0.08598028123378754,0.7850000262260437,0.8345000147819519
YOR100C,YCL004W,0,-5.82368,0.08597087115049362,0.7850000262260437,0.8345999717712402
YGL094C,YKR097W,0,-5.8237734,0.08596145361661911,0.7850000262260437,0.8346999883651733
YMR319C,YNL055C,1,-5.824402,0.08606153726577759,0.7860000133514404,0.8346999883651733
YER109C,YOR120W,0,-5.8245134,0.08605211228132248,0.7860000133514404,0.8348000049591064
YAL044C,YDR160W,0,-5.8245516,0.08604269474744797,0.7860000133514404,0.8349000215530396
YPL146C,YDR369C,0,-5.8249655,0.08603327721357346,0.7860000133514404,0.8349999785423279
YKL040C,YDR457W,0,-5.825013,0.08602385967969894,0.7860000133514404,0.835099995136261
YKR034W,YJR160C,0,-5.8250704,0.08601444214582443,0.7860000133514404,0.8352000117301941
YOL011W,YDL052C,0,-5.826153,0.08600503206253052,0.7860000133514404,0.8353000283241272
YOR058C,YOL065C,0,-5.8261967,0.0859956219792366,0.7860000133514404,0.8353999853134155
YBL022C,YFL045C,0,-5.8263025,0.08598621934652328,0.7860000133514404,0.8355000019073486
YER167W,YBR177C,0,-5.826741,0.08597680926322937,0.7860000133514404,0.8356000185012817
YER030W,YGL063W,0,-5.826847,0.08596740663051605,0.7860000133514404,0.8356999754905701
YJL108C,YFR029W,0,-5.827344,0.08595800399780273,0.7860000133514404,0.8357999920845032
YDL014W,YML085C,0,-5.827579,0.08594860881567001,0.7860000133514404,0.8359000086784363
YBR182C,YOL129W,0,-5.827711,0.0859392061829567,0.7860000133514404,0.8360000252723694
YML130C,YMR190C,0,-5.82774,0.08592981100082397,0.7860000133514404,0.8360999822616577
YMR075W,YPL218W,0,-5.8277636,0.08592042326927185,0.7860000133514404,0.8361999988555908
YDR110W,YGR132C,0,-5.8279333,0.08591102808713913,0.7860000133514404,0.8363000154495239
YGR109C,YJL156C,0,-5.828228,0.085901640355587,0.7860000133514404,0.8363999724388123
YBR168W,YOL011W,0,-5.828618,0.08589225262403488,0.7860000133514404,0.8364999890327454
YKL129C,YDR202C,0,-5.8286934,0.08588286489248276,0.7860000133514404,0.8366000056266785
YIR033W,YHR205W,0,-5.8290462,0.08587348461151123,0.7860000133514404,0.8367000222206116
YMR314W,YGL249W,0,-5.829228,0.0858641043305397,0.7860000133514404,0.8367999792098999
YJL099W,YML060W,0,-5.8295927,0.08585472404956818,0.7860000133514404,0.836899995803833
YDR318W,YJL035C,0,-5.8296385,0.08584534376859665,0.7860000133514404,0.8370000123977661
YPL061W,YDR518W,0,-5.8299036,0.08583597093820572,0.7860000133514404,0.8371000289916992
YGL200C,YKL043W,0,-5.8299065,0.08582659810781479,0.7860000133514404,0.8371999859809875
YOR079C,YBR105C,0,-5.830409,0.08581722527742386,0.7860000133514404,0.8373000025749207
YBR247C,YJR009C,0,-5.8304586,0.08580785989761353,0.7860000133514404,0.8374000191688538
YLR025W,YNR046W,0,-5.8305335,0.08579849451780319,0.7860000133514404,0.8374999761581421
YNL073W,YJL204C,0,-5.830702,0.08578912913799286,0.7860000133514404,0.8375999927520752
YGR278W,YGR220C,0,-5.830968,0.08577976375818253,0.7860000133514404,0.8377000093460083
YCL039W,YML023C,0,-5.8311625,0.08577040582895279,0.7860000133514404,0.8378000259399414
YLR051C,YNL007C,0,-5.831562,0.08576104789972305,0.7860000133514404,0.8378999829292297
YGR097W,YOL077C,0,-5.8316803,0.08575168997049332,0.7860000133514404,0.8379999995231628
YLL036C,YPL176C,0,-5.832158,0.08574233949184418,0.7860000133514404,0.838100016117096
YOL059W,YEL054C,0,-5.832184,0.08573298156261444,0.7860000133514404,0.8381999731063843
YOR100C,YCR035C,0,-5.8323665,0.0857236310839653,0.7860000133514404,0.8382999897003174
YPR057W,YOR008C,0,-5.8327503,0.08571428805589676,0.7860000133514404,0.8384000062942505
YFL057C,YPR019W,0,-5.832819,0.08570493757724762,0.7860000133514404,0.8385000228881836
YDR040C,YMR058W,1,-5.832939,0.08580462634563446,0.7870000004768372,0.8385000228881836
YHR164C,YNL009W,0,-5.8329973,0.08579526841640472,0.7870000004768372,0.8385999798774719
YDR040C,YJR077C,1,-5.833171,0.08589491993188858,0.7879999876022339,0.8385999798774719
YKL062W,YJL179W,0,-5.834249,0.08588556200265884,0.7879999876022339,0.838699996471405
YBR092C,YGR074W,0,-5.83477,0.08587619662284851,0.7879999876022339,0.8388000130653381
YNR019W,YPL146C,0,-5.835017,0.08586683869361877,0.7879999876022339,0.8389000296592712
YPL001W,YOR188W,0,-5.8355103,0.08585748821496964,0.7879999876022339,0.8389999866485596
YNL042W,YOR025W,0,-5.8356686,0.0858481302857399,0.7879999876022339,0.8391000032424927
YBL099W,YKL120W,1,-5.83573,0.08594771474599838,0.7889999747276306,0.8391000032424927
YNL127W,YFR055W,0,-5.835759,0.08593834936618805,0.7889999747276306,0.8392000198364258
YMR058W,YGL254W,1,-5.8357773,0.08603789657354355,0.7900000214576721,0.8392000198364258
YBR023C,YPR107C,0,-5.8358173,0.08602853119373322,0.7900000214576721,0.8392999768257141
YDR036C,YHR065C,0,-5.83612,0.08601916581392288,0.7900000214576721,0.8393999934196472
YIL009W,YLR424W,0,-5.8363037,0.08600980043411255,0.7900000214576721,0.8395000100135803
YKL086W,YNL339C,0,-5.837726,0.08600043505430222,0.7900000214576721,0.8396000266075134
YNR060W,YGL006W,1,-5.8378143,0.08609992265701294,0.7910000085830688,0.8396000266075134
YMR128W,YHR067W,0,-5.8383064,0.08609054982662201,0.7910000085830688,0.8396999835968018
YAR014C,YNL202W,0,-5.8386717,0.08608118444681168,0.7910000085830688,0.8398000001907349
YJR078W,YKL213C,0,-5.83919,0.08607181906700134,0.7910000085830688,0.839900016784668
YKR027W,YKL081W,0,-5.839469,0.08606245368719101,0.7910000085830688,0.8399999737739563
YBL069W,YKR068C,0,-5.839987,0.08605308830738068,0.7910000085830688,0.8400999903678894
YER116C,YKR056W,0,-5.840871,0.08604373037815094,0.7910000085830688,0.8402000069618225
YER008C,YLR222C,0,-5.8410234,0.0860343724489212,0.7910000085830688,0.8403000235557556
YFL016C,YLR020C,0,-5.841493,0.08602501451969147,0.7910000085830688,0.840399980545044
YGR041W,YDL014W,0,-5.8422623,0.08601565659046173,0.7910000085830688,0.840499997138977
YIL036W,YOR032C,0,-5.8423185,0.08600630611181259,0.7910000085830688,0.8406000137329102
YER166W,YHR096C,0,-5.8424935,0.08599695563316345,0.7910000085830688,0.8406999707221985
YER035W,YML067C,0,-5.842495,0.08598760515451431,0.7910000085830688,0.8407999873161316
YKL190W,YPR110C,0,-5.8425274,0.08597826212644577,0.7910000085830688,0.8409000039100647
YOR372C,YBR168W,0,-5.8425827,0.08596891909837723,0.7910000085830688,0.8410000205039978
YOL101C,YER165W,0,-5.842952,0.08595957607030869,0.7910000085830688,0.8410999774932861
YER044C,YIL042C,0,-5.843085,0.08595023304224014,0.7910000085830688,0.8411999940872192
YDR346C,YGL104C,0,-5.8431654,0.0859408974647522,0.7910000085830688,0.8413000106811523
YNL317W,YLR424W,0,-5.8433447,0.08593156188726425,0.7910000085830688,0.8414000272750854
YML076C,YPL206C,0,-5.8434367,0.0859222263097763,0.7910000085830688,0.8414999842643738
YOR211C,YBR066C,0,-5.843855,0.08591289073228836,0.7910000085830688,0.8416000008583069
YCR098C,YPR067W,1,-5.843891,0.08601216226816177,0.7919999957084656,0.8416000008583069
YGR041W,YNL064C,0,-5.844642,0.08600282669067383,0.7919999957084656,0.84170001745224
YPL266W,YMR026C,0,-5.844676,0.08599348366260529,0.7919999957084656,0.8417999744415283
YGR179C,YNL186W,0,-5.8455186,0.08598414808511734,0.7919999957084656,0.8418999910354614
YMR270C,YER120W,0,-5.846075,0.0859748125076294,0.7919999957084656,0.8420000076293945
YOL101C,YKR082W,0,-5.846876,0.08596548438072205,0.7919999957084656,0.8421000242233276
YPL011C,YBR105C,0,-5.846936,0.0859561562538147,0.7919999957084656,0.842199981212616
YLR214W,YKL120W,1,-5.847089,0.08605534583330154,0.7929999828338623,0.842199981212616
YOR117W,YBR095C,0,-5.8471723,0.0860460102558136,0.7929999828338623,0.8422999978065491
YMR011W,YGR289C,0,-5.8473506,0.08603667467832565,0.7929999828338623,0.8424000144004822
YAL059W,YPL097W,0,-5.8475065,0.08602733910083771,0.7929999828338623,0.8424999713897705
YOL158C,YNR039C,1,-5.847885,0.08612647652626038,0.7940000295639038,0.8424999713897705
YDR038C,YPL092W,1,-5.8486433,0.08622559905052185,0.7950000166893005,0.8424999713897705
YCL034W,YGR004W,0,-5.8487997,0.08621624857187271,0.7950000166893005,0.8425999879837036
YGR159C,YLR383W,0,-5.848922,0.08620689809322357,0.7950000166893005,0.8427000045776367
YLR295C,YML123C,1,-5.849224,0.08630597591400146,0.7960000038146973,0.8427000045776367
YLR398C,YGR209C,0,-5.849231,0.08629661798477173,0.7960000038146973,0.8428000211715698
YPR030W,YDR345C,0,-5.849559,0.08628726005554199,0.7960000038146973,0.8428999781608582
YLR260W,YNL282W,0,-5.8496056,0.08627790957689285,0.7960000038146973,0.8429999947547913
YGR092W,YGL122C,0,-5.849813,0.08626855909824371,0.7960000038146973,0.8431000113487244
YNL075W,YJL108C,0,-5.8498287,0.08625920861959457,0.7960000038146973,0.8432000279426575
YPL018W,YOL121C,0,-5.8498487,0.08624986559152603,0.7960000038146973,0.8432999849319458
YJL219W,YPR167C,0,-5.8498664,0.08624052256345749,0.7960000038146973,0.8434000015258789
YBR043C,YEL051W,0,-5.8499017,0.08623117953538895,0.7960000038146973,0.843500018119812
YPL244C,YER024W,0,-5.8503704,0.0862218365073204,0.7960000038146973,0.8435999751091003
YJR118C,YNL221C,0,-5.8504643,0.08621250092983246,0.7960000038146973,0.8436999917030334
YMR292W,YOR035C,0,-5.850514,0.08620316535234451,0.7960000038146973,0.8438000082969666
YJR121W,YKL220C,1,-5.850878,0.08630210906267166,0.796999990940094,0.8438000082969666
YLR109W,YNL123W,0,-5.8511486,0.08629276603460312,0.796999990940094,0.8439000248908997
YKR053C,YGR285C,0,-5.851196,0.08628342300653458,0.796999990940094,0.843999981880188
YOL147C,YKL018W,0,-5.851671,0.08627408742904663,0.796999990940094,0.8440999984741211
YLR145W,YER103W,0,-5.852026,0.08626474440097809,0.796999990940094,0.8442000150680542
YDL145C,YER162C,0,-5.852154,0.08625540882349014,0.796999990940094,0.8442999720573425
YJR057W,YGL187C,0,-5.852659,0.0862460806965828,0.796999990940094,0.8443999886512756
YNL008C,YIL131C,0,-5.852729,0.08623674511909485,0.796999990940094,0.8445000052452087
YLR051C,YPR008W,0,-5.8527327,0.0862274169921875,0.796999990940094,0.8446000218391418
YER001W,YDL020C,0,-5.8528233,0.08621808886528015,0.796999990940094,0.8446999788284302
YDL137W,YBL003C,0,-5.852848,0.0862087607383728,0.796999990940094,0.8447999954223633
YIL079C,YPR193C,0,-5.85343,0.08619944006204605,0.796999990940094,0.8449000120162964
YER009W,YKR097W,0,-5.8534393,0.0861901193857193,0.796999990940094,0.8450000286102295
YJL076W,YJR009C,0,-5.853743,0.08618079870939255,0.796999990940094,0.8450999855995178
YOR007C,YNR047W,0,-5.853858,0.0861714780330658,0.796999990940094,0.8452000021934509
YPR201W,YMR058W,1,-5.853904,0.086270272731781,0.7979999780654907,0.8452000021934509
YNR027W,YHR143W,0,-5.853919,0.08626094460487366,0.7979999780654907,0.845300018787384
YKL006C-A,YLR193C,0,-5.854296,0.0862516239285469,0.7979999780654907,0.8453999757766724
YHR004C,YOR027W,0,-5.854723,0.08624230325222015,0.7979999780654907,0.8454999923706055
YGL104C,YOR359W,0,-5.854862,0.0862329825758934,0.7979999780654907,0.8456000089645386
YBR089C-A,YHR065C,0,-5.8549395,0.08622366189956665,0.7979999780654907,0.8457000255584717
YDR158W,YOR340C,0,-5.855517,0.0862143486738205,0.7979999780654907,0.84579998254776
YBR217W,YJL222W,0,-5.8558145,0.08620503544807434,0.7979999780654907,0.8458999991416931
YOR011W,YPR155C,0,-5.855879,0.08619572222232819,0.7979999780654907,0.8460000157356262
YHL038C,YML027W,0,-5.855893,0.08618641644716263,0.7979999780654907,0.8460999727249146
YBR193C,YGR089W,0,-5.8559756,0.08617710322141647,0.7979999780654907,0.8461999893188477
YJL094C,YGL255W,1,-5.8559895,0.08627577871084213,0.7990000247955322,0.8461999893188477
YER052C,YMR106C,0,-5.856039,0.08626646548509598,0.7990000247955322,0.8463000059127808
YPL248C,YCL043C,0,-5.8564334,0.08625715225934982,0.7990000247955322,0.8464000225067139
YDL145C,YLR376C,0,-5.8565226,0.08624783903360367,0.7990000247955322,0.8464999794960022
YMR162C,YPR041W,0,-5.8570175,0.08623853325843811,0.7990000247955322,0.8465999960899353
YGR177C,YFR014C,0,-5.8573065,0.08622922748327255,0.7990000247955322,0.8467000126838684
YLR071C,YGR152C,0,-5.857598,0.086219921708107,0.7990000247955322,0.8468000292778015
YHL040C,YBR296C,1,-5.857672,0.08631851524114609,0.800000011920929,0.8468000292778015
YDR513W,YML023C,0,-5.857777,0.08630920201539993,0.800000011920929,0.8468999862670898
YKR097W,YPL151C,0,-5.857815,0.08629988878965378,0.800000011920929,0.847000002861023
YNL038W,YAR031W,0,-5.8578367,0.08629058301448822,0.800000011920929,0.847100019454956
YDR318W,YIL053W,0,-5.8580666,0.08628127723932266,0.800000011920929,0.8471999764442444
YDR317W,YOR329C,0,-5.8585916,0.0862719714641571,0.800000011920929,0.8472999930381775
YKL057C,YDR330W,0,-5.8589396,0.08626267313957214,0.800000011920929,0.8474000096321106
YCL059C,YMR125W,0,-5.8594522,0.08625336736440659,0.800000011920929,0.8475000262260437
YLR382C,YHR167W,0,-5.860322,0.08624406903982162,0.800000011920929,0.847599983215332
YFL057C,YCR086W,0,-5.8604164,0.08623477071523666,0.800000011920929,0.8476999998092651
YOL059W,YOL091W,0,-5.8607264,0.0862254798412323,0.800000011920929,0.8478000164031982
YBR161W,YJL089W,0,-5.8611794,0.08621618896722794,0.800000011920929,0.8478999733924866
YBR083W,YMR260C,0,-5.8616805,0.08620689809322357,0.800000011920929,0.8479999899864197
YGL006W,YPL092W,1,-5.8620644,0.08630535751581192,0.8009999990463257,0.8479999899864197
YER035W,YGL063W,0,-5.8622313,0.08629605919122696,0.8009999990463257,0.8481000065803528
YGR103W,YKL025C,0,-5.8624334,0.086286760866642,0.8009999990463257,0.8482000231742859
YDL192W,YKL125W,0,-5.862542,0.08627746999263763,0.8009999990463257,0.8482999801635742
YDR483W,YDR073W,0,-5.8626375,0.08626817166805267,0.8009999990463257,0.8483999967575073
YKL150W,YOR081C,0,-5.8629994,0.08625888079404831,0.8009999990463257,0.8485000133514404
YLR423C,YGR085C,0,-5.8630714,0.08624959737062454,0.8009999990463257,0.8485999703407288
YLL061W,YMR285C,0,-5.8632402,0.08624030649662018,0.8009999990463257,0.8486999869346619
YBL078C,YFL013C,0,-5.8633523,0.08623102307319641,0.8009999990463257,0.848800003528595
YKL220C,YNR060W,1,-5.863441,0.086329385638237,0.8019999861717224,0.848800003528595
YPR093C,YHR015W,0,-5.8635607,0.08632009476423264,0.8019999861717224,0.8489000201225281
YGL018C,YIL013C,0,-5.8636827,0.08631080389022827,0.8019999861717224,0.8489999771118164
YNR030W,YEL037C,0,-5.86388,0.0863015204668045,0.8019999861717224,0.8490999937057495
YGL065C,YHR060W,0,-5.8640966,0.08629222959280014,0.8019999861717224,0.8492000102996826
YDR263C,YMR309C,0,-5.864325,0.08628294616937637,0.8019999861717224,0.8493000268936157
YDR138W,YKL093W,0,-5.8643255,0.0862736627459526,0.8019999861717224,0.849399983882904
YLR330W,YCL054W,0,-5.8643513,0.08626438677310944,0.8019999861717224,0.8495000004768372
YPL086C,YML055W,0,-5.8644123,0.08625511080026627,0.8019999861717224,0.8496000170707703
YDL019C,YIL129C,0,-5.864678,0.0862458348274231,0.8019999861717224,0.8496999740600586
YLR201C,YER117W,0,-5.864688,0.08623655885457993,0.8019999861717224,0.8497999906539917
YDL088C,YDL079C,0,-5.8647547,0.08622729033231735,0.8019999861717224,0.8499000072479248
YIL062C,YNL119W,0,-5.864978,0.08621801435947418,0.8019999861717224,0.8500000238418579
YDL181W,YPL092W,1,-5.8651824,0.08631624281406403,0.8029999732971191,0.8500000238418579
YEL054C,YLR386W,0,-5.8652067,0.08630696684122086,0.8029999732971191,0.8500999808311462
YFL041W,YIL114C,1,-5.865255,0.08640515804290771,0.8040000200271606,0.8500999808311462
YML130C,YJR139C,0,-5.8653593,0.08639587461948395,0.8040000200271606,0.8501999974250793
YDR256C,YGL087C,0,-5.865727,0.08638659119606018,0.8040000200271606,0.8503000140190125
YBR207W,YLL027W,1,-5.8658485,0.08648474514484406,0.8050000071525574,0.8503000140190125
YBR295W,YBR106W,1,-5.866285,0.08658287674188614,0.8059999942779541,0.8503000140190125
YLR138W,YMR239C,0,-5.866546,0.08657357841730118,0.8059999942779541,0.8503999710083008
YDL247W,YMR182C,0,-5.866581,0.08656428009271622,0.8059999942779541,0.8504999876022339
YLR170C,YBR247C,0,-5.866601,0.08655498176813126,0.8059999942779541,0.850600004196167
YGR247W,YJL011C,0,-5.866753,0.08654569089412689,0.8059999942779541,0.8507000207901001
YLR069C,YML118W,0,-5.8667693,0.08653640002012253,0.8059999942779541,0.8507999777793884
YOR098C,YLR183C,0,-5.867659,0.08652710914611816,0.8059999942779541,0.8508999943733215
YGL071W,YBR106W,1,-5.868004,0.08662515878677368,0.8069999814033508,0.8508999943733215
YJL219W,YDR346C,0,-5.8681717,0.08661586046218872,0.8069999814033508,0.8510000109672546
YPR046W,YBR084W,0,-5.86819,0.08660656958818436,0.8069999814033508,0.8511000275611877
YEL009C,YIL101C,0,-5.868239,0.0865972712635994,0.8069999814033508,0.8511999845504761
YOL130W,YNL142W,1,-5.8683543,0.08669527620077133,0.8080000281333923,0.8511999845504761
YHL002W,YPR113W,0,-5.8684025,0.08668597787618637,0.8080000281333923,0.8513000011444092
YDR384C,YJL094C,1,-5.868539,0.08678395301103592,0.8090000152587891,0.8513000011444092
YMR250W,YDL217C,0,-5.868993,0.08677463978528976,0.8090000152587891,0.8514000177383423
YNL327W,YGL211W,0,-5.8690624,0.0867653340101242,0.8090000152587891,0.8514999747276306
YNL127W,YBR185C,0,-5.869317,0.08675603568553925,0.8090000152587891,0.8515999913215637
YNL274C,YLR006C,0,-5.8694434,0.08674672991037369,0.8090000152587891,0.8517000079154968
YPR120C,YAL044C,0,-5.8698,0.08673743158578873,0.8090000152587891,0.8518000245094299
YLR155C,YPL137C,0,-5.870133,0.08672813326120377,0.8090000152587891,0.8518999814987183
YER073W,YOL013C,0,-5.870191,0.0867188349366188,0.8090000152587891,0.8519999980926514
YCR071C,YDR324C,0,-5.8703327,0.08670953661203384,0.8090000152587891,0.8521000146865845
YNL111C,YMR129W,0,-5.870411,0.08670024573802948,0.8090000152587891,0.8521999716758728
YPR105C,YMR135C,0,-5.8706665,0.08669095486402512,0.8090000152587891,0.8522999882698059
YMR129W,YOR003W,0,-5.870821,0.08668166399002075,0.8090000152587891,0.852400004863739
YER126C,YDR288W,0,-5.871191,0.08667238056659698,0.8090000152587891,0.8525000214576721
YJR074W,YGR229C,0,-5.8712883,0.08666309714317322,0.8090000152587891,0.8525999784469604
YEL003W,YOR181W,0,-5.8712964,0.08665381371974945,0.8090000152587891,0.8526999950408936
YCL039W,YKL170W,0,-5.8718796,0.08664453029632568,0.8090000152587891,0.8528000116348267
YLR106C,YPL022W,0,-5.8720818,0.08663525432348251,0.8090000152587891,0.8529000282287598
YOL158C,YKL220C,1,-5.8722267,0.08673305809497833,0.8100000023841858,0.8529000282287598
YDR398W,YNL339C,0,-5.872389,0.08672376722097397,0.8100000023841858,0.8529999852180481
YER107C,YNL073W,0,-5.8725805,0.0867144837975502,0.8100000023841858,0.8531000018119812
YOR381W,YLL027W,1,-5.872632,0.08681224286556244,0.8109999895095825,0.8531000018119812
YKL146W,YMR183C,0,-5.872738,0.08680295199155807,0.8109999895095825,0.8532000184059143
YER173W,YOL020W,0,-5.8729515,0.08679366111755371,0.8109999895095825,0.8532999753952026
YJL099W,YHR196W,0,-5.873002,0.08678437769412994,0.8109999895095825,0.8533999919891357
YBR217W,YPL091W,0,-5.873566,0.08677509427070618,0.8109999895095825,0.8535000085830688
YER052C,YIL063C,0,-5.873698,0.08676581084728241,0.8109999895095825,0.853600025177002
YER172C,YBR026C,0,-5.874094,0.08675652742385864,0.8109999895095825,0.8536999821662903
YML006C,YOR208W,0,-5.87434,0.08674724400043488,0.8109999895095825,0.8537999987602234
YDL099W,YCR075C,0,-5.874366,0.0867379680275917,0.8109999895095825,0.8539000153541565
YDR216W,YNL030W,0,-5.8749595,0.08672869205474854,0.8109999895095825,0.8539999723434448
YAR033W,YHR205W,0,-5.875252,0.08671941608190536,0.8109999895095825,0.8540999889373779
YDR224C,YBR173C,0,-5.8754063,0.08671014755964279,0.8109999895095825,0.854200005531311
YDR379W,YOR297C,0,-5.8763895,0.08670087903738022,0.8109999895095825,0.8543000221252441
YNR016C,YOR299W,0,-5.8765516,0.08669161051511765,0.8109999895095825,0.8543999791145325
YMR301C,YBR272C,0,-5.8768516,0.08668234199285507,0.8109999895095825,0.8544999957084656
YNL001W,YOR208W,0,-5.8775063,0.0866730809211731,0.8109999895095825,0.8546000123023987
YLR342W,YIL021W,0,-5.8786945,0.08666381984949112,0.8109999895095825,0.8547000288963318
YJL094C,YJR077C,1,-5.8790574,0.08676140755414963,0.8119999766349792,0.8547000288963318
YNL318C,YER031C,0,-5.879078,0.08675213903188705,0.8119999766349792,0.8547999858856201
YML102W,YGL209W,0,-5.8793497,0.08674287050962448,0.8119999766349792,0.8549000024795532
YPL235W,YOR353C,0,-5.879954,0.08673360198736191,0.8119999766349792,0.8550000190734863
YOL078W,YIR010W,0,-5.879957,0.08672434091567993,0.8119999766349792,0.8550999760627747
YOR100C,YDR246W,0,-5.8800178,0.08671507984399796,0.8119999766349792,0.8551999926567078
YBR196C,YDR478W,0,-5.8805037,0.08670581877231598,0.8119999766349792,0.8553000092506409
YGR224W,YBR029C,0,-5.880627,0.0866965651512146,0.8119999766349792,0.855400025844574
YKL220C,YLR092W,1,-5.880714,0.08679406344890594,0.8130000233650208,0.855400025844574
YER026C,YPL153C,0,-5.880817,0.08678480237722397,0.8130000233650208,0.8554999828338623
YMR013C,YJR103W,0,-5.8813868,0.0867755338549614,0.8130000233650208,0.8555999994277954
YPL061W,YEL009C,0,-5.882036,0.08676627278327942,0.8130000233650208,0.8557000160217285
YBL030C,YOL001W,0,-5.8821077,0.08675701916217804,0.8130000233650208,0.8557999730110168
YPR054W,YDR246W,0,-5.882245,0.08674775809049606,0.8130000233650208,0.85589998960495
YOL038W,YDR082W,0,-5.882338,0.08673850446939468,0.8130000233650208,0.8560000061988831
YKR065C,YHR070W,0,-5.882922,0.0867292508482933,0.8130000233650208,0.8561000227928162
YPL058C,YDR077W,0,-5.88371,0.08671999722719193,0.8130000233650208,0.8561999797821045
YGL084C,YNL221C,0,-5.8837643,0.08671075105667114,0.8130000233650208,0.8562999963760376
YML080W,YML029W,0,-5.88378,0.08670150488615036,0.8130000233650208,0.8564000129699707
YOR136W,YIR002C,0,-5.8840837,0.08669225871562958,0.8130000233650208,0.8565000295639038
YMR143W,YIL123W,0,-5.885009,0.0866830125451088,0.8130000233650208,0.8565999865531921
YOR267C,YOR119C,0,-5.885406,0.08667377382516861,0.8130000233650208,0.8567000031471252
YDL201W,YLR386W,0,-5.8858566,0.08666453510522842,0.8130000233650208,0.8568000197410583
YFL022C,YPR191W,0,-5.8861785,0.08665529638528824,0.8130000233650208,0.8568999767303467
YKL093W,YHR143W-A,0,-5.8867188,0.08664606511592865,0.8130000233650208,0.8569999933242798
YKL045W,YML007W,0,-5.8868837,0.08663682639598846,0.8130000233650208,0.8571000099182129
YDR071C,YNL186W,0,-5.8873367,0.08662759512662888,0.8130000233650208,0.857200026512146
YOL123W,YDL014W,0,-5.8874855,0.08661837130784988,0.8130000233650208,0.8572999835014343
YNL256W,YKL043W,0,-5.8877482,0.0866091400384903,0.8130000233650208,0.8574000000953674
YDR423C,YBR015C,0,-5.887923,0.0865999162197113,0.8130000233650208,0.8575000166893005
YPR128C,YDL051W,0,-5.8883166,0.08659069240093231,0.8130000233650208,0.8575999736785889
YJR150C,YBR193C,0,-5.888425,0.08658146858215332,0.8130000233650208,0.857699990272522
YGL246C,YPR054W,0,-5.889509,0.08657225221395493,0.8130000233650208,0.8578000068664551
YMR032W,YPL131W,0,-5.889543,0.08656303584575653,0.8130000233650208,0.8579000234603882
YNL075W,YDR379W,0,-5.8901653,0.08655381947755814,0.8130000233650208,0.8579999804496765
YER073W,YPL164C,0,-5.890335,0.08654460310935974,0.8130000233650208,0.8580999970436096
YDR416W,YGR141W,0,-5.890556,0.08653539419174194,0.8130000233650208,0.8582000136375427
YDR174W,YBL033C,0,-5.8907185,0.08652617782354355,0.8130000233650208,0.858299970626831
YDR377W,YDR270W,1,-5.8908696,0.08662339299917221,0.8140000104904175,0.858299970626831
YCR010C,YDR322C-A,1,-5.8915095,0.08672057837247849,0.8149999976158142,0.858299970626831
YML118W,YDL116W,0,-5.891776,0.0867113545536995,0.8149999976158142,0.8583999872207642
YER015W,YNL273W,0,-5.8921785,0.0867021307349205,0.8149999976158142,0.8585000038146973
YKL013C,YDR037W,0,-5.8922453,0.08669290691614151,0.8149999976158142,0.8586000204086304
YDR503C,YMR016C,0,-5.8925056,0.08668368309736252,0.8149999976158142,0.8586999773979187
YNL130C,YJL010C,0,-5.892638,0.08667446672916412,0.8149999976158142,0.8587999939918518
YGR155W,YBR165W,0,-5.8928666,0.08666525036096573,0.8149999976158142,0.8589000105857849
YJL125C,YKL086W,0,-5.8941774,0.08665603399276733,0.8149999976158142,0.859000027179718
YHR139C,YOL128C,0,-5.894253,0.08664681762456894,0.8149999976158142,0.8590999841690063
YOR178C,YOL006C,0,-5.8943586,0.08663760870695114,0.8149999976158142,0.8592000007629395
YML081C-A,YIL114C,1,-5.8947954,0.08673469722270966,0.8159999847412109,0.8592000007629395
YJL148W,YML127W,0,-5.8948116,0.08672547340393066,0.8159999847412109,0.8593000173568726
YOR316C,YLR411W,1,-5.895071,0.08682253211736679,0.8169999718666077,0.8593000173568726
YKL150W,YPL152W,0,-5.8953204,0.0868133008480072,0.8169999718666077,0.8593999743461609
YOR315W,YOR307C,0,-5.8955994,0.08680407702922821,0.8169999718666077,0.859499990940094
YOL110W,YGL169W,0,-5.895747,0.08679486066102982,0.8169999718666077,0.8596000075340271
YOR028C,YPL266W,0,-5.8961153,0.08678563684225082,0.8169999718666077,0.8597000241279602
YFL022C,YLR034C,0,-5.8961763,0.08677642047405243,0.8169999718666077,0.8597999811172485
YPL040C,YNL169C,0,-5.8964615,0.08676720410585403,0.8169999718666077,0.8598999977111816
YPL255W,YKL056C,0,-5.89733,0.08675798773765564,0.8169999718666077,0.8600000143051147
YOL090W,YBR196C,0,-5.898226,0.08674877882003784,0.8169999718666077,0.8600999712944031
YOL145C,YBR214W,0,-5.8983536,0.08673956990242004,0.8169999718666077,0.8601999878883362
YLR100W,YLL019C,0,-5.898498,0.08673036098480225,0.8169999718666077,0.8603000044822693
YDR480W,YNR046W,0,-5.899419,0.08672115206718445,0.8169999718666077,0.8604000210762024
YDR481C,YFL059W,0,-5.8998165,0.08671195060014725,0.8169999718666077,0.8604999780654907
YPL057C,YPL163C,0,-5.8998976,0.08670274913311005,0.8169999718666077,0.8605999946594238
YNR059W,YOR106W,0,-5.900094,0.08669354766607285,0.8169999718666077,0.8607000112533569
YKL182W,YEL041W,0,-5.9004498,0.08668435364961624,0.8169999718666077,0.86080002784729
YGR132C,YLR022C,0,-5.901204,0.08667515218257904,0.8169999718666077,0.8608999848365784
YMR212C,YIL066C,0,-5.901229,0.08666595816612244,0.8169999718666077,0.8610000014305115
YHL040C,YJR121W,1,-5.90156,0.08676283061504364,0.8180000185966492,0.8610000014305115
YFL011W,YGL011C,0,-5.9016147,0.08675362914800644,0.8180000185966492,0.8611000180244446
YHR081W,YLR368W,0,-5.9016304,0.08674443513154984,0.8180000185966492,0.8611999750137329
YOR049C,YDR325W,0,-5.9016466,0.08673523366451263,0.8180000185966492,0.861299991607666
YJL033W,YHL025W,0,-5.9016976,0.08672603964805603,0.8180000185966492,0.8614000082015991
YJR105W,YGR097W,0,-5.901879,0.08671684563159943,0.8180000185966492,0.8615000247955322
YER028C,YDL015C,0,-5.9028144,0.08670765161514282,0.8180000185966492,0.8615999817848206
YMR058W,YGR257C,1,-5.9030247,0.08680444955825806,0.8190000057220459,0.8615999817848206
YBR073W,YMR241W,0,-5.903197,0.08679525554180145,0.8190000057220459,0.8616999983787537
YEL042W,YGL098W,0,-5.9033337,0.08678605407476425,0.8190000057220459,0.8618000149726868
YNR007C,YKL182W,0,-5.903415,0.08677686005830765,0.8190000057220459,0.8618999719619751
YJL101C,YGR179C,0,-5.9037714,0.08676766604185104,0.8190000057220459,0.8619999885559082
YLR080W,YBR185C,0,-5.9038115,0.08675847202539444,0.8190000057220459,0.8621000051498413
YOR274W,YHR160C,0,-5.9039884,0.08674928545951843,0.8190000057220459,0.8622000217437744
YJL116C,YOL069W,0,-5.904255,0.08674009889364243,0.8190000057220459,0.8622999787330627
YHR174W,YAL015C,0,-5.9047604,0.08673091232776642,0.8190000057220459,0.8623999953269958
YHR186C,YOR045W,0,-5.9047785,0.08672172576189041,0.8190000057220459,0.862500011920929
YHR158C,YBR066C,0,-5.905348,0.086712546646595,0.8190000057220459,0.8626000285148621
YHR001W-A,YOR127W,0,-5.9053545,0.08670336753129959,0.8190000057220459,0.8626999855041504
YLR205C,YPL274W,0,-5.9053655,0.08669418841600418,0.8190000057220459,0.8628000020980835
YJR004C,YJR019C,0,-5.905604,0.08668500930070877,0.8190000057220459,0.8629000186920166
YGR213C,YNL126W,0,-5.9057636,0.08667583763599396,0.8190000057220459,0.8629999756813049
YDR423C,YDL213C,0,-5.905914,0.08666666597127914,0.8190000057220459,0.863099992275238
YDR110W,YKL062W,0,-5.9062796,0.08665749430656433,0.8190000057220459,0.8632000088691711
YIL046W,YMR270C,0,-5.9067044,0.08664833009243011,0.8190000057220459,0.8633000254631042
YGR037C,YMR032W,0,-5.907051,0.0866391658782959,0.8190000057220459,0.8633999824523926
YDR043C,YML061C,0,-5.9080877,0.08662999421358109,0.8190000057220459,0.8634999990463257
YAL044C,YIL154C,0,-5.9081583,0.08662083745002747,0.8190000057220459,0.8636000156402588
YAL035W,YDR451C,0,-5.9081936,0.08661167323589325,0.8190000057220459,0.8636999726295471
YMR163C,YLR075W,0,-5.908311,0.08660251647233963,0.8190000057220459,0.8637999892234802
YBR205W,YOR004W,0,-5.908942,0.08659335970878601,0.8190000057220459,0.8639000058174133
YHR098C,YOL124C,0,-5.9095926,0.08658420294523239,0.8190000057220459,0.8640000224113464
YKR009C,YGR213C,0,-5.9098077,0.08657505363225937,0.8190000057220459,0.8640999794006348
YER154W,YLR275W,0,-5.909882,0.08656590431928635,0.8190000057220459,0.8641999959945679
YMR198W,YCR020C,0,-5.9099627,0.08655675500631332,0.8190000057220459,0.864300012588501
YER006W,YBR073W,0,-5.91078,0.0865476056933403,0.8190000057220459,0.8644000291824341
YMR280C,YGR129W,0,-5.9110126,0.08653846383094788,0.8190000057220459,0.8644999861717224
YCR107W,YDR023W,0,-5.911017,0.08652932196855545,0.8190000057220459,0.8646000027656555
YPR199C,YML073C,0,-5.9115667,0.08652018010616302,0.8190000057220459,0.8647000193595886
YPR056W,YPL019C,0,-5.9120626,0.0865110382437706,0.8190000057220459,0.864799976348877
YER030W,YGL055W,0,-5.9120684,0.08650190383195877,0.8190000057220459,0.8648999929428101
YHR148W,YDR079W,0,-5.9123135,0.08649276942014694,0.8190000057220459,0.8650000095367432
YDR447C,YDR259C,0,-5.9129276,0.08648363500833511,0.8190000057220459,0.8651000261306763
YPR057W,YNL012W,0,-5.9137306,0.08647450059652328,0.8190000057220459,0.8651999831199646
YDR099W,YDR228C,0,-5.9139233,0.08646537363529205,0.8190000057220459,0.8652999997138977
YNR001C,YNL068C,0,-5.9142246,0.08645624667406082,0.8190000057220459,0.8654000163078308
YLR048W,YKL173W,0,-5.9144163,0.08644711971282959,0.8190000057220459,0.8654999732971191
YNL135C,YPL156C,0,-5.9145503,0.08643799275159836,0.8190000057220459,0.8655999898910522
YPR030W,YBL034C,0,-5.9149847,0.08642887324094772,0.8190000057220459,0.8657000064849854
YHR091C,YBR183W,0,-5.914992,0.08641975373029709,0.8190000057220459,0.8658000230789185
YBR207W,YKL120W,1,-5.915476,0.08651614189147949,0.8199999928474426,0.8658000230789185
YGL013C,YPL058C,0,-5.9155006,0.08650701493024826,0.8199999928474426,0.8658999800682068
YPL178W,YDL024C,0,-5.916201,0.08649788796901703,0.8199999928474426,0.8659999966621399
YBR288C,YLR002C,0,-5.9164715,0.0864887684583664,0.8199999928474426,0.866100013256073
YOR185C,YMR241W,0,-5.916645,0.08647964894771576,0.8199999928474426,0.8661999702453613
YMR204C,YGL169W,0,-5.9167533,0.08647052943706512,0.8199999928474426,0.8662999868392944
YER044C,YKR087C,0,-5.9175143,0.08646140992641449,0.8199999928474426,0.8664000034332275
YHR059W,YJL011C,0,-5.917591,0.08645229041576385,0.8199999928474426,0.8665000200271606
YDR384C,YGL254W,1,-5.917657,0.08654859662055969,0.8209999799728394,0.8665000200271606
YFL031W,YDR330W,0,-5.918338,0.08653947710990906,0.8209999799728394,0.866599977016449
YER143W,YMR305C,0,-5.9189196,0.08653035759925842,0.8209999799728394,0.8666999936103821
YIL053W,YPL089C,0,-5.919038,0.08652123808860779,0.8209999799728394,0.8668000102043152
YKL054C,YPR110C,0,-5.9191656,0.08651211857795715,0.8209999799728394,0.8669000267982483
YLR260W,YLR354C,0,-5.9191694,0.08650300651788712,0.8209999799728394,0.8669999837875366
YBR023C,YPR052C,0,-5.91968,0.08649388700723648,0.8209999799728394,0.8671000003814697
YLR242C,YNL310C,0,-5.9199677,0.08648477494716644,0.8209999799728394,0.8672000169754028
YNL111C,YJR009C,0,-5.9200397,0.086475670337677,0.8209999799728394,0.8672999739646912
YJL117W,YGL255W,1,-5.920141,0.08657187968492508,0.8220000267028809,0.8672999739646912
YLR109W,YPL049C,0,-5.920232,0.08656276017427444,0.8220000267028809,0.8673999905586243
YNL318C,YHL007C,0,-5.9204154,0.0865536481142044,0.8220000267028809,0.8675000071525574
YGL209W,YPL006W,0,-5.9206476,0.08654453605413437,0.8220000267028809,0.8676000237464905
YHR175W,YMR319C,1,-5.921128,0.08664070069789886,0.8230000138282776,0.8676000237464905
YBL099W,YBR106W,1,-5.9217596,0.08673684298992157,0.8240000009536743,0.8676000237464905
YMR058W,YKL120W,1,-5.9219337,0.08683296293020248,0.824999988079071,0.8676000237464905
YGL253W,YIL154C,0,-5.9219565,0.08682382851839066,0.824999988079071,0.8676999807357788
YLR394W,YDL198C,0,-5.9221025,0.08681468665599823,0.824999988079071,0.8677999973297119
YJL072C,YDR083W,0,-5.922103,0.0868055522441864,0.824999988079071,0.867900013923645
YCR065W,YOR174W,0,-5.922314,0.08679642528295517,0.824999988079071,0.8679999709129333
YMR116C,YJL196C,0,-5.922355,0.08678729087114334,0.824999988079071,0.8680999875068665
YDR231C,YGR004W,0,-5.9229374,0.08677816390991211,0.824999988079071,0.8682000041007996
YMR246W,YIL061C,0,-5.9229827,0.08676903694868088,0.824999988079071,0.8683000206947327
YAL012W,YBR077C,0,-5.923208,0.08675990998744965,0.824999988079071,0.868399977684021
YCR037C,YLR092W,1,-5.9234056,0.0868559405207634,0.8259999752044678,0.868399977684021
YMR301C,YMR025W,0,-5.9234395,0.08684680610895157,0.8259999752044678,0.8684999942779541
YML016C,YER117W,0,-5.9238663,0.08683767914772034,0.8259999752044678,0.8686000108718872
YDR173C,YAL056W,0,-5.924018,0.0868285521864891,0.8259999752044678,0.8687000274658203
YPL082C,YDL247W,0,-5.924267,0.08681942522525787,0.8259999752044678,0.8687999844551086
YBL022C,YNL007C,0,-5.924658,0.08681029826402664,0.8259999752044678,0.8689000010490417
YDR503C,YGR276C,0,-5.925326,0.08680117875337601,0.8259999752044678,0.8690000176429749
YDR268W,YKR097W,0,-5.9256897,0.08679205924272537,0.8259999752044678,0.8690999746322632
YCR020C-A,YJL148W,0,-5.925756,0.08678293973207474,0.8259999752044678,0.8691999912261963
YLR242C,YPL203W,0,-5.9259787,0.0867738202214241,0.8259999752044678,0.8693000078201294
YPR075C,YBL033C,0,-5.925991,0.08676470816135406,0.8259999752044678,0.8694000244140625
YNL142W,YJR077C,1,-5.926202,0.08686062693595886,0.8270000219345093,0.8694000244140625
YDR079W,YOR341W,0,-5.9263854,0.08685149997472763,0.8270000219345093,0.8694999814033508
YOR249C,YHR148W,0,-5.9263964,0.086842380464077,0.8270000219345093,0.8695999979972839
YPL146C,YKR003W,0,-5.9267716,0.08683326095342636,0.8270000219345093,0.869700014591217
YHR034C,YLR084C,0,-5.926955,0.08682414889335632,0.8270000219345093,0.8697999715805054
YDR264C,YOR388C,0,-5.9271655,0.08681502938270569,0.8270000219345093,0.8698999881744385
YNL135C,YBL005W,0,-5.9272757,0.08680591732263565,0.8270000219345093,0.8700000047683716
YOR316C,YOR381W,1,-5.927299,0.08690176159143448,0.828000009059906,0.8700000047683716
YLR266C,YDL064W,0,-5.9274473,0.08689264208078384,0.828000009059906,0.8701000213623047
YGL247W,YHR096C,0,-5.9274845,0.08688352257013321,0.828000009059906,0.870199978351593
YPL078C,YMR058W,1,-5.9285865,0.08697932958602905,0.8289999961853027,0.870199978351593
YAL035W,YIL117C,0,-5.9287133,0.08697020262479782,0.8289999961853027,0.8702999949455261
YMR303C,YJL129C,0,-5.928835,0.08696108311414719,0.8289999961853027,0.8704000115394592
YLR340W,YPL124W,0,-5.928911,0.08695196360349655,0.8289999961853027,0.8705000281333923
YFL057C,YML031W,0,-5.9291315,0.08694284409284592,0.8289999961853027,0.8705999851226807
YLR452C,YMR241W,0,-5.929861,0.08693372458219528,0.8289999961853027,0.8707000017166138
YDL099W,YNL279W,0,-5.930013,0.08692461252212524,0.8289999961853027,0.8708000183105469
YGR204W,YOR036W,0,-5.9302135,0.08691549301147461,0.8289999961853027,0.8708999752998352
YKR036C,YJR125C,0,-5.9303384,0.08690638095140457,0.8289999961853027,0.8709999918937683
YNL123W,YDR515W,0,-5.9304423,0.08689727634191513,0.8289999961853027,0.8711000084877014
YMR301C,YNL327W,0,-5.9304714,0.08688816428184509,0.8289999961853027,0.8712000250816345
YDL014W,YPL233W,0,-5.9306116,0.08687905967235565,0.8289999961853027,0.8712999820709229
YPL126W,YBR129C,0,-5.9318533,0.08686995506286621,0.8289999961853027,0.871399998664856
YIR019C,YMR241W,0,-5.931905,0.08686085790395737,0.8289999961853027,0.8715000152587891
YPL154C,YPL011C,0,-5.932459,0.08685175329446793,0.8289999961853027,0.8715999722480774
YGL030W,YPR107C,0,-5.9329243,0.08684265613555908,0.8289999961853027,0.8716999888420105
YJL060W,YOR232W,0,-5.933447,0.08683355897665024,0.8289999961853027,0.8718000054359436
YOR028C,YGL012W,0,-5.933465,0.08682446926832199,0.8289999961853027,0.8719000220298767
YGL012W,YIL016W,0,-5.9338403,0.08681537210941315,0.8289999961853027,0.871999979019165
YGR197C,YOR045W,0,-5.9339657,0.0868062824010849,0.8289999961853027,0.8720999956130981
YGL187C,YKL059C,0,-5.934178,0.08679719269275665,0.8289999961853027,0.8722000122070312
YBR037C,YLR092W,1,-5.934188,0.08689279854297638,0.8299999833106995,0.8722000122070312
YHL024W,YJL054W,0,-5.9343424,0.08688370138406754,0.8299999833106995,0.8723000288009644
YBR168W,YKL188C,0,-5.934458,0.08687460422515869,0.8299999833106995,0.8723999857902527
YMR163C,YGL055W,0,-5.93473,0.08686551451683044,0.8299999833106995,0.8725000023841858
YLR052W,YCR083W,0,-5.9353876,0.0868564248085022,0.8299999833106995,0.8726000189781189
YNR033W,YJR070C,0,-5.935671,0.08684733510017395,0.8299999833106995,0.8726999759674072
YNR032W,YHR041C,0,-5.9360504,0.0868382528424263,0.8299999833106995,0.8727999925613403
YDR507C,YBR084W,0,-5.936097,0.08682916313409805,0.8299999833106995,0.8729000091552734
YPR201W,YBR296C,1,-5.9365144,0.08692468702793121,0.8309999704360962,0.8729000091552734
YBL032W,YDR342C,0,-5.936634,0.08691559731960297,0.8309999704360962,0.8730000257492065
YMR012W,YLR006C,0,-5.937027,0.08690650761127472,0.8309999704360962,0.8730999827384949
YDR386W,YHR001W-A,0,-5.9370284,0.08689741790294647,0.8309999704360962,0.873199999332428
YLR056W,YDR463W,0,-5.93709,0.08688832819461823,0.8309999704360962,0.8733000159263611
YPR182W,YBR143C,0,-5.937255,0.08687924593687057,0.8309999704360962,0.8733999729156494
YGR256W,YGL151W,0,-5.93727,0.08687016367912292,0.8309999704360962,0.8734999895095825
YKR056W,YBR273C,0,-5.93734,0.08686108142137527,0.8309999704360962,0.8736000061035156
YJL099W,YGL099W,0,-5.9374604,0.08685200661420822,0.8309999704360962,0.8737000226974487
YGL247W,YPL087W,0,-5.937714,0.08684293180704117,0.8309999704360962,0.8737999796867371
YMR319C,YBR106W,1,-5.9381475,0.08693835139274597,0.8320000171661377,0.8737999796867371
YPL118W,YPL058C,0,-5.9383326,0.08692926913499832,0.8320000171661377,0.8738999962806702
YOR193W,YMR266W,0,-5.938374,0.08692018687725067,0.8320000171661377,0.8740000128746033
YPL095C,YBL002W,0,-5.938732,0.08691110461950302,0.8320000171661377,0.8741000294685364
YOR226C,YER021W,0,-5.938753,0.08690202981233597,0.8320000171661377,0.8741999864578247
YNL256W,YAR018C,0,-5.939458,0.08689294755458832,0.8320000171661377,0.8743000030517578
YLR397C,YOR045W,0,-5.939969,0.08688387274742126,0.8320000171661377,0.8744000196456909
YPL133C,YPL019C,0,-5.940242,0.08687480539083481,0.8320000171661377,0.8744999766349792
YPL217C,YOR087W,0,-5.940503,0.08686573058366776,0.8320000171661377,0.8745999932289124
YOR094W,YOR178C,0,-5.9409056,0.0868566632270813,0.8320000171661377,0.8747000098228455
YFR028C,YDR492W,0,-5.94091,0.08684759587049484,0.8320000171661377,0.8748000264167786
YGR200C,YJR091C,0,-5.941408,0.08683853596448898,0.8320000171661377,0.8748999834060669
YOR011W,YGL070C,0,-5.941959,0.08682946860790253,0.8320000171661377,0.875
YGR075C,YAL005C,0,-5.9419594,0.08682040870189667,0.8320000171661377,0.8751000165939331
YLR079W,YHR012W,0,-5.942073,0.08681134879589081,0.8320000171661377,0.8751999735832214
YPL059W,YAL047C,0,-5.942168,0.08680229634046555,0.8320000171661377,0.8752999901771545
YLR411W,YOR381W,1,-5.942184,0.08689755946397781,0.8330000042915344,0.8752999901771545
YCL025C,YBR152W,0,-5.9422717,0.08688849210739136,0.8330000042915344,0.8754000067710876
YLR231C,YDR292C,0,-5.9425087,0.0868794322013855,0.8330000042915344,0.8755000233650208
YER116C,YPR074C,0,-5.943018,0.08687037229537964,0.8330000042915344,0.8755999803543091
YPL097W,YIL123W,0,-5.9437103,0.08686131238937378,0.8330000042915344,0.8756999969482422
YOL002C,YKR037C,0,-5.9437275,0.08685225993394852,0.8330000042915344,0.8758000135421753
YOL101C,YNL244C,0,-5.943742,0.08684320002794266,0.8330000042915344,0.8758999705314636
YNL117W,YOR106W,0,-5.944028,0.0868341475725174,0.8330000042915344,0.8759999871253967
YJL138C,YHR111W,0,-5.944472,0.08682510256767273,0.8330000042915344,0.8761000037193298
YPL231W,YIL065C,0,-5.9451494,0.08681605011224747,0.8330000042915344,0.8762000203132629
YPL021W,YDR281C,0,-5.945199,0.0868070051074028,0.8330000042915344,0.8762999773025513
YGL253W,YML034W,0,-5.94524,0.08679796010255814,0.8330000042915344,0.8763999938964844
YGR085C,YPL163C,0,-5.94545,0.08678891509771347,0.8330000042915344,0.8765000104904175
YER042W,YOR229W,0,-5.945627,0.0867798700928688,0.8330000042915344,0.8766000270843506
YNL071W,YJR070C,0,-5.946288,0.08677083253860474,0.8330000042915344,0.8766999840736389
YFR030W,YDL092W,0,-5.9462957,0.08676179498434067,0.8330000042915344,0.876800000667572
YMR011W,YML052W,0,-5.9474716,0.0867527574300766,0.8330000042915344,0.8769000172615051
YGR204W,YMR303C,0,-5.9475126,0.08674372732639313,0.8330000042915344,0.8769999742507935
YDR384C,YFL041W,1,-5.9475374,0.08683881908655167,0.8339999914169312,0.8769999742507935
YMR246W,YGR209C,0,-5.947592,0.086829774081707,0.8339999914169312,0.8770999908447266
YNL259C,YIL114C,1,-5.9479246,0.08692483603954315,0.8349999785423279,0.8770999908447266
YPR141C,YOL097C,0,-5.9486513,0.08691579103469849,0.8349999785423279,0.8772000074386597
YGL222C,YGR221C,0,-5.9488935,0.08690674602985382,0.8349999785423279,0.8773000240325928
YNR044W,YIR028W,0,-5.9490395,0.08689770102500916,0.8349999785423279,0.8773999810218811
YNL135C,YHR030C,0,-5.9492407,0.08688865602016449,0.8349999785423279,0.8774999976158142
YFL026W,YOR068C,0,-5.94937,0.08687961846590042,0.8349999785423279,0.8776000142097473
YIR019C,YGR055W,0,-5.949399,0.08687058091163635,0.8349999785423279,0.8776999711990356
YMR309C,YIL056W,0,-5.9495173,0.08686154335737228,0.8349999785423279,0.8777999877929688
YJL101C,YOL109W,0,-5.950147,0.08685250580310822,0.8349999785423279,0.8779000043869019
YGL175C,YBR126C,0,-5.950221,0.08684347569942474,0.8349999785423279,0.878000020980835
YMR128W,YCL024W,0,-5.95033,0.08683444559574127,0.8349999785423279,0.8780999779701233
YCR057C,YDR451C,0,-5.950943,0.0868254154920578,0.8349999785423279,0.8781999945640564
YEL029C,YKL054C,0,-5.9510164,0.08681638538837433,0.8349999785423279,0.8783000111579895
YKL016C,YLR411W,1,-5.951808,0.08691132068634033,0.8360000252723694,0.8783000111579895
YAL040C,YGR129W,0,-5.951991,0.08690229058265686,0.8360000252723694,0.8784000277519226
YFL025C,YGL090W,0,-5.9527035,0.08689325302839279,0.8360000252723694,0.8784999847412109
YPL046C,YGL162W,0,-5.953184,0.08688422292470932,0.8360000252723694,0.878600001335144
YLR380W,YDR205W,0,-5.9533243,0.08687519282102585,0.8360000252723694,0.8787000179290771
YOR381W,YGR257C,1,-5.9534783,0.08697007596492767,0.8370000123977661,0.8787000179290771
YGL256W,YMR053C,0,-5.953544,0.0869610384106636,0.8370000123977661,0.8787999749183655
YHR175W,YLR092W,1,-5.9541397,0.08705589175224304,0.8379999995231628,0.8787999749183655
YOR120W,YKL214C,0,-5.954242,0.08704684674739838,0.8379999995231628,0.8788999915122986
YPR006C,YMR270C,0,-5.9543753,0.08703780919313431,0.8379999995231628,0.8790000081062317
YML081C-A,YOL077W-A,1,-5.9545364,0.08713261783123016,0.8389999866485596,0.8790000081062317
YGL099W,YLR079W,0,-5.9546375,0.0871235728263855,0.8389999866485596,0.8791000247001648
YJL034W,YOR064C,0,-5.954891,0.08711452782154083,0.8389999866485596,0.8791999816894531
YOL064C,YIL046W,0,-5.955325,0.08710548281669617,0.8389999866485596,0.8792999982833862
YMR301C,YHR012W,0,-5.95578,0.0870964378118515,0.8389999866485596,0.8794000148773193
YKL185W,YLL036C,0,-5.956237,0.08708740025758743,0.8389999866485596,0.8794999718666077
YNL331C,YHR034C,0,-5.9567676,0.08707836270332336,0.8389999866485596,0.8795999884605408
YMR316W,YOR168W,0,-5.95679,0.0870693251490593,0.8389999866485596,0.8797000050544739
YLR411W,YGL167C,1,-5.9569545,0.08716405183076859,0.8399999737739563,0.8797000050544739
YNR017W,YMR182C,0,-5.956998,0.08715501427650452,0.8399999737739563,0.879800021648407
YDR423C,YNL261W,0,-5.9570227,0.08714596927165985,0.8399999737739563,0.8798999786376953
YGR060W,YKR081C,0,-5.957782,0.08713693171739578,0.8399999737739563,0.8799999952316284
YFR028C,YGR183C,0,-5.958029,0.08712789416313171,0.8399999737739563,0.8801000118255615
YCR010C,YBR106W,1,-5.958052,0.08722256869077682,0.8410000205039978,0.8801000118255615
YOR120W,YDR177W,0,-5.9583488,0.08721352368593216,0.8410000205039978,0.8802000284194946
YPL262W,YKL040C,0,-5.9583516,0.0872044786810875,0.8410000205039978,0.880299985408783
YFL026W,YPR080W,0,-5.958748,0.08719544112682343,0.8410000205039978,0.8804000020027161
YLR295C,YBR295W,1,-5.959093,0.08729007095098495,0.8420000076293945,0.8804000020027161
YJL115W,YOR193W,0,-5.9591265,0.08728101849555969,0.8420000076293945,0.8805000185966492
YJL208C,YKL025C,0,-5.959154,0.08727197349071503,0.8420000076293945,0.8805999755859375
YGL071W,YGL008C,1,-5.9595838,0.08736656606197357,0.8429999947547913,0.8805999755859375
YLR284C,YML127W,0,-5.959758,0.08735751360654831,0.8429999947547913,0.8806999921798706
YPR001W,YOR320C,0,-5.9598,0.08734846115112305,0.8429999947547913,0.8808000087738037
YOL130W,YBR024W,1,-5.959874,0.08744301646947861,0.843999981880188,0.8808000087738037
YHR086W,YLR002C,0,-5.959964,0.08743395656347275,0.843999981880188,0.8809000253677368
YOL147C,YNL313C,0,-5.960105,0.08742490410804749,0.843999981880188,0.8809999823570251
YHR163W,YDR312W,0,-5.96051,0.08741584420204163,0.843999981880188,0.8810999989509583
YHL040C,YOR334W,1,-5.960527,0.0875103548169136,0.8450000286102295,0.8810999989509583
YOL130W,YJR077C,1,-5.9610643,0.08760484308004379,0.8460000157356262,0.8810999989509583
YPR175W,YLR219W,0,-5.961101,0.08759577572345734,0.8460000157356262,0.8812000155448914
YOR381W,YOR334W,1,-5.961483,0.08769023418426514,0.847000002861023,0.8812000155448914
YDR322C-A,YGL255W,1,-5.962346,0.08778467774391174,0.8479999899864197,0.8812000155448914
YHR120W,YML028W,0,-5.9628506,0.08777559548616409,0.8479999899864197,0.8812999725341797
YLR451W,YPR155C,0,-5.962884,0.08776650577783585,0.8479999899864197,0.8813999891281128
YJL099W,YGL078C,0,-5.963417,0.0877574235200882,0.8479999899864197,0.8815000057220459
YLL008W,YPR068C,0,-5.9635973,0.08774834126234055,0.8479999899864197,0.881600022315979
YOR327C,YBR127C,0,-5.9638357,0.08773926645517349,0.8479999899864197,0.8816999793052673
YBR164C,YKL043W,0,-5.9640303,0.08773019164800644,0.8479999899864197,0.8817999958992004
YLR295C,YNR060W,1,-5.9642034,0.08782456070184708,0.8489999771118164,0.8817999958992004
YCL026C-A,YGR082W,0,-5.9642982,0.08781547099351883,0.8489999771118164,0.8819000124931335
YCR010C,YPR067W,1,-5.9647527,0.08790981769561768,0.8500000238418579,0.8819000124931335
YNL075W,YEL016C,0,-5.9647913,0.08790072053670883,0.8500000238418579,0.8820000290870667
YGL178W,YCR052W,0,-5.9648914,0.08789163827896118,0.8500000238418579,0.882099986076355
YBR083W,YLR435W,0,-5.9652367,0.08788254857063293,0.8500000238418579,0.8822000026702881
YJL008C,YOL055C,0,-5.9662027,0.08787345886230469,0.8500000238418579,0.8823000192642212
YLR214W,YLL027W,1,-5.9665756,0.08796774595975876,0.8510000109672546,0.8823000192642212
YJL196C,YGR089W,0,-5.9667993,0.08795865625143051,0.8510000109672546,0.8823999762535095
YLL043W,YKR061W,0,-5.9668684,0.08794956654310226,0.8510000109672546,0.8824999928474426
YLR431C,YNL002C,0,-5.967453,0.08794047683477402,0.8510000109672546,0.8826000094413757
YDL083C,YLR369W,0,-5.967541,0.08793138712644577,0.8510000109672546,0.8827000260353088
YDR386W,YBL025W,0,-5.9684553,0.08792230486869812,0.8510000109672546,0.8827999830245972
YMR182C,YJL036W,0,-5.96853,0.08791322261095047,0.8510000109672546,0.8828999996185303
YGL166W,YML073C,0,-5.9688597,0.08790414035320282,0.8510000109672546,0.8830000162124634
YPL008W,YOR380W,0,-5.9690475,0.08789506554603577,0.8510000109672546,0.8830999732017517
YDL192W,YML029W,0,-5.969432,0.08788598328828812,0.8510000109672546,0.8831999897956848
YKL220C,YBR295W,1,-5.96966,0.08798017352819443,0.8519999980926514,0.8831999897956848
YJR031C,YER012W,0,-5.9700136,0.08797109127044678,0.8519999980926514,0.8833000063896179
YLR270W,YOR297C,0,-5.970492,0.08796200901269913,0.8519999980926514,0.883400022983551
YCR072C,YEL013W,0,-5.970605,0.08795292675495148,0.8519999980926514,0.8834999799728394
YGR177C,YOL066C,0,-5.9708557,0.08794384449720383,0.8519999980926514,0.8835999965667725
YJR112W,YER125W,0,-5.9709806,0.08793476969003677,0.8519999980926514,0.8837000131607056
YER017C,YER002W,0,-5.971122,0.08792569488286972,0.8519999980926514,0.8838000297546387
YNL159C,YHR015W,0,-5.9712696,0.08791662007570267,0.8519999980926514,0.883899986743927
YLR014C,YDR202C,0,-5.971342,0.08790755271911621,0.8519999980926514,0.8840000033378601
YNL055C,YGL255W,1,-5.971431,0.08800165355205536,0.8529999852180481,0.8840000033378601
YPR183W,YCR083W,0,-5.9716196,0.08799257129430771,0.8529999852180481,0.8841000199317932
YLR069C,YKR053C,0,-5.971769,0.08798349648714066,0.8529999852180481,0.8841999769210815
YJR047C,YPL125W,0,-5.9717793,0.0879744216799736,0.8529999852180481,0.8842999935150146
YGR254W,YPL012W,0,-5.972142,0.08796534687280655,0.8529999852180481,0.8844000101089478
YDL148C,YBR173C,0,-5.9728956,0.08795627951622009,0.8529999852180481,0.8845000267028809
YKL152C,YBR183W,0,-5.9730453,0.08794721215963364,0.8529999852180481,0.8845999836921692
YDR231C,YOR049C,0,-5.9732275,0.08793814480304718,0.8529999852180481,0.8847000002861023
YDR270W,YNL142W,1,-5.9732366,0.08803216367959976,0.8539999723434448,0.8847000002861023
YNL259C,YER053C,1,-5.9733143,0.08812616020441055,0.8550000190734863,0.8847000002861023
YGL180W,YJR132W,0,-5.9734087,0.0881170779466629,0.8550000190734863,0.8848000168800354
YGL051W,YBR061C,0,-5.973535,0.08810799568891525,0.8550000190734863,0.8848999738693237
YHR096C,YOR106W,0,-5.9740396,0.0880989208817482,0.8550000190734863,0.8849999904632568
YML112W,YPL006W,0,-5.9741583,0.08808983862400055,0.8550000190734863,0.8851000070571899
YJL062W,YML118W,0,-5.97419,0.0880807638168335,0.8550000190734863,0.885200023651123
YGR118W,YGL127C,0,-5.9742327,0.08807169646024704,0.8550000190734863,0.8852999806404114
YLR155C,YFL017W-A,0,-5.974822,0.08806262165307999,0.8550000190734863,0.8853999972343445
YDR404C,YNL334C,0,-5.975028,0.08805355429649353,0.8550000190734863,0.8855000138282776
YDR268W,YBR183W,0,-5.975117,0.08804448693990707,0.8550000190734863,0.8855999708175659
YJR105W,YOR249C,0,-5.975578,0.08803541958332062,0.8550000190734863,0.885699987411499
YKL016C,YJL198W,1,-5.976138,0.08812931180000305,0.8560000061988831,0.885699987411499
YBL084C,YGL055W,0,-5.9762692,0.088120236992836,0.8560000061988831,0.8858000040054321
YBR022W,YGR211W,0,-5.9763575,0.08811116963624954,0.8560000061988831,0.8859000205993652
YNL331C,YOR179C,0,-5.976486,0.08810210227966309,0.8560000061988831,0.8859999775886536
YMR077C,YLR249W,0,-5.9768076,0.08809303492307663,0.8560000061988831,0.8860999941825867
YLR192C,YCL051W,0,-5.9773145,0.08808396756649017,0.8560000061988831,0.8862000107765198
YDL059C,YCR033W,0,-5.977423,0.08807490766048431,0.8560000061988831,0.8863000273704529
YNL001W,YML104C,0,-5.9775805,0.08806584030389786,0.8560000061988831,0.8863999843597412
YLR100W,YEL054C,0,-5.9779263,0.0880567878484726,0.8560000061988831,0.8865000009536743
YPL248C,YNL290W,0,-5.979678,0.08804772794246674,0.8560000061988831,0.8866000175476074
YGR254W,YBR258C,0,-5.9797897,0.08803866803646088,0.8560000061988831,0.8866999745368958
YER052C,YDR499W,0,-5.979865,0.08802961558103561,0.8560000061988831,0.8867999911308289
YKL016C,YOR381W,1,-5.9809723,0.0881233960390091,0.8569999933242798,0.8867999911308289
YLL042C,YFL018C,0,-5.982387,0.08811433613300323,0.8569999933242798,0.886900007724762
YIL119C,YDR177W,0,-5.9825206,0.08810527622699738,0.8569999933242798,0.8870000243186951
YLR109W,YGR072W,0,-5.9827204,0.08809621632099152,0.8569999933242798,0.8870999813079834
YOR034C,YIL061C,0,-5.9831514,0.08808716386556625,0.8569999933242798,0.8871999979019165
YEL065W,YLR092W,1,-5.9837465,0.08818088471889496,0.8579999804496765,0.8871999979019165
YDR427W,YOR004W,0,-5.983838,0.0881718248128891,0.8579999804496765,0.8873000144958496
YKL213C,YPL124W,0,-5.983985,0.08816276490688324,0.8579999804496765,0.8873999714851379
YDL198C,YLR368W,0,-5.9840384,0.08815370500087738,0.8579999804496765,0.887499988079071
YDR106W,YNL278W,0,-5.9841104,0.08814464509487152,0.8579999804496765,0.8876000046730042
YLR081W,YGL120C,0,-5.9842415,0.08813559263944626,0.8579999804496765,0.8877000212669373
YFL039C,YGL151W,0,-5.9846597,0.088126540184021,0.8579999804496765,0.8877999782562256
YKL026C,YKR082W,0,-5.985194,0.08811748772859573,0.8579999804496765,0.8878999948501587
YDR043C,YGL115W,0,-5.9852934,0.08810844272375107,0.8579999804496765,0.8880000114440918
YNL102W,YOR054C,0,-5.9861584,0.0880993977189064,0.8579999804496765,0.8881000280380249
YDL132W,YGL070C,0,-5.9862285,0.08809035271406174,0.8579999804496765,0.8881999850273132
YHR055C,YCR057C,0,-5.986291,0.08808130770921707,0.8579999804496765,0.8883000016212463
YPL170W,YNL037C,0,-5.9864554,0.0880722627043724,0.8579999804496765,0.8884000182151794
YBR295W,YJL198W,1,-5.9869537,0.08816586434841156,0.859000027179718,0.8884000182151794
YCL059C,YBR196C,0,-5.987012,0.0881568118929863,0.859000027179718,0.8884999752044678
YER032W,YAL015C,0,-5.9872413,0.08814776688814163,0.859000027179718,0.8885999917984009
YNL027W,YDL079C,0,-5.987335,0.08813872188329697,0.859000027179718,0.888700008392334
YPL037C,YBR095C,0,-5.9879923,0.0881296843290329,0.859000027179718,0.8888000249862671
YMR199W,YMR088C,0,-5.9880114,0.08812063932418823,0.859000027179718,0.8888999819755554
YGL254W,YPL092W,1,-5.988096,0.08821417391300201,0.8600000143051147,0.8888999819755554
YPR122W,YBL097W,0,-5.988142,0.08820512890815735,0.8600000143051147,0.8889999985694885
YBR039W,YDR322C-A,1,-5.9886665,0.08829863369464874,0.8610000014305115,0.8889999985694885
YIR013C,YPL243W,0,-5.989319,0.08828958123922348,0.8610000014305115,0.8891000151634216
YDR176W,YOR085W,0,-5.989546,0.08828052878379822,0.8610000014305115,0.88919997215271
YER142C,YPL058C,0,-5.9897895,0.08827147632837296,0.8610000014305115,0.8892999887466431
YPL028W,YKL154W,0,-5.989902,0.08826243132352829,0.8610000014305115,0.8894000053405762
YPL028W,YLR052W,0,-5.9900227,0.08825337886810303,0.8610000014305115,0.8895000219345093
YMR065W,YPL093W,0,-5.9906154,0.08824433386325836,0.8610000014305115,0.8895999789237976
YKL046C,YPR190C,0,-5.991087,0.0882352963089943,0.8610000014305115,0.8896999955177307
YOR185C,YIR041W,0,-5.99121,0.08822625130414963,0.8610000014305115,0.8898000121116638
YBR129C,YGR239C,0,-5.991282,0.08821721374988556,0.8610000014305115,0.8899000287055969
YPL059W,YMR272C,0,-5.9917097,0.08820817619562149,0.8610000014305115,0.8899999856948853
YOL013C,YDR416W,0,-5.9917808,0.08819913864135742,0.8610000014305115,0.8901000022888184
YDR009W,YOR209C,0,-5.9918184,0.08819010853767395,0.8610000014305115,0.8902000188827515
YFR055W,YPL131W,0,-5.9919653,0.08818107098340988,0.8610000014305115,0.8902999758720398
YJL125C,YGL253W,0,-5.992017,0.08817204087972641,0.8610000014305115,0.8903999924659729
YDR377W,YGL008C,1,-5.9920225,0.08826541155576706,0.8619999885559082,0.8903999924659729
YDR423C,YNL222W,0,-5.9921656,0.08825637400150299,0.8619999885559082,0.890500009059906
YIL076W,YHL028W,0,-5.992298,0.08824733644723892,0.8619999885559082,0.8906000256538391
YGR289C,YBR192W,0,-5.9924164,0.08823830634355545,0.8619999885559082,0.8906999826431274
YBL056W,YDR076W,0,-5.9924927,0.08822927623987198,0.8619999885559082,0.8907999992370605
YOL059W,YGR055W,0,-5.9927645,0.08822024613618851,0.8619999885559082,0.8909000158309937
YKL205W,YGL087C,0,-5.993784,0.08821121603250504,0.8619999885559082,0.890999972820282
YNL094W,YLR129W,0,-5.993922,0.08820219337940216,0.8619999885559082,0.8910999894142151
YJR121W,YGL255W,1,-5.994425,0.08829547464847565,0.8629999756813049,0.8910999894142151
YMR246W,YMR013C,0,-5.9949436,0.08828644454479218,0.8629999756813049,0.8912000060081482
YLR056W,YHR170W,0,-5.994999,0.0882774144411087,0.8629999756813049,0.8913000226020813
YNL327W,YKL178C,0,-5.9950657,0.08826838433742523,0.8629999756813049,0.8913999795913696
YDL007W,YMR241W,0,-5.9967813,0.08825935423374176,0.8629999756813049,0.8914999961853027
YCR005C,YBL006C,0,-5.9967866,0.08825033158063889,0.8629999756813049,0.8916000127792358
YGR092W,YLR186W,0,-5.997143,0.08824130892753601,0.8629999756813049,0.891700029373169
YNL142W,YBR296C,1,-5.9971447,0.08833452314138412,0.8640000224113464,0.891700029373169
YNL112W,YJL214W,0,-5.999731,0.08832549303770065,0.8640000224113464,0.8917999863624573
YHR148W,YML007W,0,-5.9999194,0.08831647038459778,0.8640000224113464,0.8919000029563904
YDR296W,YMR229C,0,-6.0000706,0.0883074402809143,0.8640000224113464,0.8920000195503235
YBR038W,YMR039C,0,-6.0005817,0.08829841762781143,0.8640000224113464,0.8920999765396118
YFR036W,YNR059W,0,-6.0008545,0.08828939497470856,0.8640000224113464,0.8921999931335449
YNL123W,YLR043C,0,-6.0012507,0.08828037232160568,0.8640000224113464,0.892300009727478
YDR191W,YNR043W,0,-6.0015874,0.08827134966850281,0.8640000224113464,0.8924000263214111
YCR035C,YOR014W,0,-6.0017834,0.08826233446598053,0.8640000224113464,0.8924999833106995
YMR198W,YOL064C,0,-6.0021734,0.08825331926345825,0.8640000224113464,0.8925999999046326
YBL030C,YOL138C,0,-6.0021977,0.08824430406093597,0.8640000224113464,0.8927000164985657
YGL155W,YKL035W,0,-6.0026054,0.0882352963089943,0.8640000224113464,0.892799973487854
YER174C,YJL076W,0,-6.0026608,0.08822628110647202,0.8640000224113464,0.8928999900817871
YLR192C,YPR006C,0,-6.002919,0.08821727335453033,0.8640000224113464,0.8930000066757202
YDR263C,YIL084C,0,-6.0037174,0.08820827305316925,0.8640000224113464,0.8931000232696533
YOR028C,YBR092C,0,-6.0038123,0.08819926530122757,0.8640000224113464,0.8931999802589417
YPL092W,YLR092W,1,-6.0040197,0.08829233795404434,0.8650000095367432,0.8931999802589417
YDR101C,YHR138C,0,-6.00465,0.08828332275152206,0.8650000095367432,0.8932999968528748
YNL259C,YDR040C,1,-6.005266,0.08837636560201645,0.8659999966621399,0.8932999968528748
YER044C,YOR106W,0,-6.0075808,0.08836735039949417,0.8659999966621399,0.8934000134468079
YDR188W,YMR065W,0,-6.007864,0.0883583277463913,0.8659999966621399,0.8934999704360962
YKL016C,YML123C,1,-6.0083766,0.0884513333439827,0.8669999837875366,0.8934999704360962
YKL013C,YGR278W,0,-6.008428,0.08844231069087982,0.8669999837875366,0.8935999870300293
YDL243C,YIL110W,0,-6.0085344,0.08843329548835754,0.8669999837875366,0.8937000036239624
YMR100W,YPR110C,0,-6.008824,0.08842427283525467,0.8669999837875366,0.8938000202178955
YJR086W,YPL057C,0,-6.0089016,0.08841525763273239,0.8669999837875366,0.8938999772071838
YER075C,YKL117W,0,-6.0090704,0.08840624243021011,0.8669999837875366,0.8939999938011169
YNL073W,YDR043C,0,-6.009547,0.08839722722768784,0.8669999837875366,0.89410001039505
YPL164C,YKL117W,0,-6.0097723,0.08838821202516556,0.8669999837875366,0.8942000269889832
YKL135C,YDL051W,0,-6.0098143,0.08837920427322388,0.8669999837875366,0.8942999839782715
YIL062C,YGR085C,0,-6.0099316,0.0883701965212822,0.8669999837875366,0.8944000005722046
YOL060C,YGL089C,0,-6.0106344,0.08836118876934052,0.8669999837875366,0.8945000171661377
YCL025C,YFL049W,0,-6.0118914,0.08835218846797943,0.8669999837875366,0.894599974155426
YLL061W,YOR344C,0,-6.012619,0.08834318071603775,0.8669999837875366,0.8946999907493591
YMR025W,YNL299W,0,-6.012681,0.08833418041467667,0.8669999837875366,0.8948000073432922
YNL259C,YDR270W,1,-6.013424,0.08842705935239792,0.8679999709129333,0.8948000073432922
YNL142W,YNL291C,1,-6.013564,0.08851991593837738,0.8690000176429749,0.8948000073432922
YER017C,YGR180C,0,-6.0136757,0.0885109007358551,0.8690000176429749,0.8949000239372253
YGR083C,YLL040C,0,-6.0139008,0.08850188553333282,0.8690000176429749,0.8949999809265137
YLR318W,YOR297C,0,-6.014472,0.08849287033081055,0.8690000176429749,0.8950999975204468
YLR295C,YOL158C,1,-6.015113,0.08858568221330643,0.8700000047683716,0.8950999975204468
YOL082W,YJR042W,0,-6.0154667,0.08857666701078415,0.8700000047683716,0.8952000141143799
YPL116W,YDR198C,0,-6.015504,0.08856764435768127,0.8700000047683716,0.8952999711036682
YCR010C,YMR058W,1,-6.015564,0.08866042643785477,0.8709999918937683,0.8952999711036682
YJL033W,YNR031C,0,-6.016224,0.0886513963341713,0.8709999918937683,0.8953999876976013
YFL055W,YER165W,0,-6.0173984,0.08864237368106842,0.8709999918937683,0.8955000042915344
YDR440W,YNL015W,0,-6.0179415,0.08863335847854614,0.8709999918937683,0.8956000208854675
YLR448W,YJL004C,0,-6.0180597,0.08862433582544327,0.8709999918937683,0.8956999778747559
YMR012W,YDR082W,0,-6.018587,0.08861532062292099,0.8709999918937683,0.895799994468689
YIL034C,YDR240C,0,-6.018857,0.08860630542039871,0.8709999918937683,0.8959000110626221
YBR041W,YGR248W,0,-6.019253,0.08859729766845703,0.8709999918937683,0.8960000276565552
YNL232W,YNR032W,0,-6.0198107,0.08858828246593475,0.8709999918937683,0.8960999846458435
YBL045C,YOR063W,0,-6.01982,0.08857927471399307,0.8709999918937683,0.8962000012397766
YJL062W,YPL146C,0,-6.0200334,0.08857026696205139,0.8709999918937683,0.8963000178337097
YKL120W,YIL023C,1,-6.0210733,0.08866293728351593,0.871999979019165,0.8963000178337097
YGL254W,YML123C,1,-6.021113,0.08875559270381927,0.8730000257492065,0.8963000178337097
YMR128W,YMR186W,0,-6.02131,0.0887465700507164,0.8730000257492065,0.896399974822998
YGL247W,YEL004W,0,-6.0218196,0.08873754739761353,0.8730000257492065,0.8964999914169312
YPR067W,YJL198W,1,-6.021944,0.08883016556501389,0.8740000128746033,0.8964999914169312
YNL331C,YKL206C,0,-6.022027,0.08882113546133041,0.8740000128746033,0.8966000080108643
YPL204W,YDR055W,0,-6.0222263,0.08881211280822754,0.8740000128746033,0.8967000246047974
YHL048W,YER056C,0,-6.023181,0.08880309015512466,0.8740000128746033,0.8967999815940857
YGR253C,YFR033C,0,-6.023189,0.08879406750202179,0.8740000128746033,0.8968999981880188
YJL140W,YML034W,0,-6.0232925,0.08878504484891891,0.8740000128746033,0.8970000147819519
YOR036W,YDL212W,0,-6.0234795,0.08877602964639664,0.8740000128746033,0.8970999717712402
YJL006C,YOR109W,0,-6.023484,0.08876701444387436,0.8740000128746033,0.8971999883651733
YGR222W,YDR412W,0,-6.023731,0.08875799924135208,0.8740000128746033,0.8973000049591064
YBR243C,YJL110C,0,-6.024186,0.0887489840388298,0.8740000128746033,0.8974000215530396
YMR184W,YDR393W,0,-6.0245733,0.08873997628688812,0.8740000128746033,0.8974999785423279
YLR378C,YJL056C,0,-6.0246983,0.08873096108436584,0.8740000128746033,0.897599995136261
YPL115C,YJL100W,0,-6.025323,0.08872196078300476,0.8740000128746033,0.8977000117301941
YOL142W,YGR209C,0,-6.025338,0.08871295303106308,0.8740000128746033,0.8978000283241272
YBR121C,YCL044C,0,-6.0255547,0.0887039452791214,0.8740000128746033,0.8978999853134155
YIL147C,YJL164C,0,-6.025605,0.08869494497776031,0.8740000128746033,0.8980000019073486
YKL026C,YPR072W,0,-6.025915,0.08868594467639923,0.8740000128746033,0.8981000185012817
YBR029C,YNL329C,0,-6.026325,0.08867694437503815,0.8740000128746033,0.8981999754905701
YOR063W,YLR181C,0,-6.026382,0.08866795152425766,0.8740000128746033,0.8982999920845032
YIL042C,YBR156C,0,-6.026762,0.08865895867347717,0.8740000128746033,0.8984000086784363
YKL172W,YIR033W,0,-6.02684,0.08864996582269669,0.8740000128746033,0.8985000252723694
YJL129C,YOL105C,0,-6.0270166,0.0886409729719162,0.8740000128746033,0.8985999822616577
YDR106W,YBL039C,0,-6.0270376,0.08863198757171631,0.8740000128746033,0.8986999988555908
YHR007C,YFL049W,0,-6.0270767,0.08862299472093582,0.8740000128746033,0.8988000154495239
YLR284C,YOR226C,0,-6.0273194,0.08861400932073593,0.8740000128746033,0.8988999724388123
YDR377W,YJL094C,1,-6.028457,0.08870640397071838,0.875,0.8988999724388123
YPL125W,YIL117C,0,-6.0284758,0.0886974185705185,0.875,0.8989999890327454
YIL066C,YER082C,0,-6.02859,0.088688425719738,0.875,0.8991000056266785
YLR102C,YML038C,0,-6.028764,0.08867943286895752,0.875,0.8992000222206116
YHL040C,YDR038C,1,-6.029295,0.08877179026603699,0.8759999871253967,0.8992000222206116
YNR044W,YHR106W,0,-6.0293,0.0887627899646759,0.8759999871253967,0.8992999792098999
YHL040C,YDR377W,1,-6.029491,0.08885511755943298,0.8769999742507935,0.8992999792098999
YBL002W,YNL243W,0,-6.029936,0.0888461172580719,0.8769999742507935,0.899399995803833
YGR239C,YLR208W,0,-6.0301504,0.08883711695671082,0.8769999742507935,0.8995000123977661
YGR288W,YPL157W,0,-6.0309772,0.08882811665534973,0.8769999742507935,0.8996000289916992
YNR030W,YHL011C,0,-6.0311317,0.08881912380456924,0.8769999742507935,0.8996999859809875
YGL105W,YMR139W,0,-6.03121,0.08881012350320816,0.8769999742507935,0.8998000025749207
YML123C,YLR092W,1,-6.0313315,0.08890239149332047,0.878000020980835,0.8998000025749207
YDL181W,YGL008C,1,-6.0320616,0.08899463713169098,0.8790000081062317,0.8998000025749207
YNL173C,YMR247C,0,-6.032288,0.0889856219291687,0.8790000081062317,0.8999000191688538
YOL045W,YPL147W,0,-6.032288,0.08897661417722702,0.8790000081062317,0.8999999761581421
YLR303W,YIL013C,0,-6.0323005,0.08896761387586594,0.8790000081062317,0.9000999927520752
YLR268W,YKR056W,0,-6.032461,0.08895860612392426,0.8790000081062317,0.9002000093460083
YGR254W,YPL093W,0,-6.0324783,0.08894960582256317,0.8790000081062317,0.9003000259399414
YPL254W,YJL222W,0,-6.032533,0.08894060552120209,0.8790000081062317,0.9003999829292297
YAL003W,YFL034C-B,0,-6.0328074,0.088931605219841,0.8790000081062317,0.9004999995231628
YGR109C,YGL014W,0,-6.032964,0.08892261236906052,0.8790000081062317,0.900600016117096
YNL259C,YLL027W,1,-6.033037,0.08901476860046387,0.8799999952316284,0.900600016117096
YOL069W,YNL151C,0,-6.033386,0.08900576829910278,0.8799999952316284,0.9006999731063843
YKL101W,YMR011W,0,-6.0333953,0.0889967605471611,0.8799999952316284,0.9007999897003174
YDR529C,YIL031W,0,-6.0335846,0.08898776769638062,0.8799999952316284,0.9009000062942505
YKL016C,YML121W,1,-6.034049,0.08907987922430038,0.8809999823570251,0.9009000062942505
YBR164C,YLR157C,0,-6.0343866,0.0890708714723587,0.8809999823570251,0.9010000228881836
YKL082C,YHR006W,0,-6.0346994,0.08906187117099762,0.8809999823570251,0.9010999798774719
YNL259C,YGL254W,1,-6.034762,0.0891539454460144,0.8820000290870667,0.9010999798774719
YOR229W,YMR241W,0,-6.035715,0.08914493769407272,0.8820000290870667,0.901199996471405
YGR103W,YLR032W,0,-6.0357313,0.08913592994213104,0.8820000290870667,0.9013000130653381
YBR234C,YKL144C,0,-6.0358315,0.08912692219018936,0.8820000290870667,0.9014000296592712
YIR008C,YJR145C,0,-6.035895,0.08911791443824768,0.8820000290870667,0.9014999866485596
YOL051W,YGL106W,0,-6.03601,0.0891089141368866,0.8820000290870667,0.9016000032424927
YOR061W,YGR197C,0,-6.036723,0.08909990638494492,0.8820000290870667,0.9017000198364258
YGR253C,YHR066W,0,-6.0370116,0.08909090608358383,0.8820000290870667,0.9017999768257141
YIL013C,YKL056C,0,-6.03703,0.08908191323280334,0.8820000290870667,0.9018999934196472
YNL248C,YAL001C,0,-6.0370474,0.08907291293144226,0.8820000290870667,0.9020000100135803
YPL202C,YDR023W,0,-6.0371017,0.08906392008066177,0.8820000290870667,0.9021000266075134
YLR006C,YPR056W,0,-6.037137,0.08905492722988129,0.8820000290870667,0.9021999835968018
YER114C,YLR354C,0,-6.03715,0.0890459343791008,0.8820000290870667,0.9023000001907349
YNL291C,YGR008C,1,-6.0373287,0.08913789689540863,0.8830000162124634,0.9023000001907349
YBL069W,YOR386W,0,-6.037519,0.08912889659404755,0.8830000162124634,0.902400016784668
YNL042W,YOR341W,0,-6.0375404,0.08911990374326706,0.8830000162124634,0.9024999737739563
YPL098C,YIR026C,0,-6.037723,0.08911091089248657,0.8830000162124634,0.9025999903678894
YGR103W,YML029W,0,-6.038021,0.08910191804170609,0.8830000162124634,0.9027000069618225
YKL043W,YBR280C,0,-6.038328,0.0890929251909256,0.8830000162124634,0.9028000235557556
YDR264C,YHR062C,0,-6.0386314,0.08908393979072571,0.8830000162124634,0.902899980545044
YFL022C,YBR185C,0,-6.0394964,0.08907495439052582,0.8830000162124634,0.902999997138977
YPL209C,YGR141W,0,-6.0400715,0.08906596899032593,0.8830000162124634,0.9031000137329102
YLR129W,YBR082C,0,-6.0403643,0.08905698359012604,0.8830000162124634,0.9031999707221985
YLR186W,YFR004W,0,-6.040416,0.08904800564050674,0.8830000162124634,0.9032999873161316
YFL026W,YGR162W,0,-6.0404177,0.08903902024030685,0.8830000162124634,0.9034000039100647
YDR270W,YLL027W,1,-6.0411353,0.08913087099790573,0.8840000033378601,0.9034000039100647
YIL033C,YLR424W,0,-6.0411606,0.08912188559770584,0.8840000033378601,0.9035000205039978
YPL078C,YML123C,1,-6.041403,0.08921370655298233,0.8849999904632568,0.9035000205039978
YMR140W,YGR172C,0,-6.0417037,0.08920471370220184,0.8849999904632568,0.9035999774932861
YKL055C,YDR113C,0,-6.0425587,0.08919572830200195,0.8849999904632568,0.9036999940872192
YMR319C,YGR008C,1,-6.043256,0.08928751200437546,0.8859999775886536,0.9036999940872192
YHR116W,YJL129C,0,-6.0432625,0.08927851915359497,0.8859999775886536,0.9038000106811523
YLL009C,YPL092W,1,-6.044174,0.08937028050422668,0.8870000243186951,0.9038000106811523
YER165W,YFL058W,0,-6.044181,0.089361272752285,0.8870000243186951,0.9039000272750854
YFR030W,YPL118W,0,-6.0443535,0.08935227245092392,0.8870000243186951,0.9039999842643738
YHL040C,YCR098C,1,-6.044532,0.08944399654865265,0.8880000114440918,0.9039999842643738
YPL050C,YPL123C,0,-6.044834,0.08943498879671097,0.8880000114440918,0.9041000008583069
YJR125C,YHR061C,0,-6.0451965,0.08942598104476929,0.8880000114440918,0.90420001745224
YLR129W,YHR004C,0,-6.0452805,0.0894169807434082,0.8880000114440918,0.9042999744415283
YKL194C,YMR266W,0,-6.046089,0.08940797299146652,0.8880000114440918,0.9043999910354614
YFL013C,YPL082C,0,-6.046436,0.08939897269010544,0.8880000114440918,0.9045000076293945
YEL054C,YLR272C,0,-6.046675,0.08938997238874435,0.8880000114440918,0.9046000242233276
YNL288W,YDR453C,0,-6.0468283,0.08938097953796387,0.8880000114440918,0.904699981212616
YJL073W,YDL085W,0,-6.046964,0.08937197923660278,0.8880000114440918,0.9047999978065491
YMR301C,YHR190W,0,-6.047241,0.0893629863858223,0.8880000114440918,0.9049000144004822
YFL011W,YJL124C,0,-6.047429,0.08935399353504181,0.8880000114440918,0.9049999713897705
YBR296C,YGR008C,1,-6.0475426,0.08944562077522278,0.8889999985694885,0.9049999713897705
YFR009W,YNL128W,0,-6.0475435,0.0894366204738617,0.8889999985694885,0.9050999879837036
YJR001W,YKL117W,0,-6.04782,0.08942762017250061,0.8889999985694885,0.9052000045776367
YCR088W,YGL028C,0,-6.0482926,0.08941862732172012,0.8889999985694885,0.9053000211715698
YNL015W,YPR041W,0,-6.0483174,0.08940963447093964,0.8889999985694885,0.9053999781608582
YGR244C,YPL065W,0,-6.048877,0.08940064162015915,0.8889999985694885,0.9054999947547913
YNR033W,YJL148W,0,-6.049304,0.08939165621995926,0.8889999985694885,0.9056000113487244
YBR205W,YEL060C,0,-6.0498037,0.08938266336917877,0.8889999985694885,0.9057000279426575
YJL157C,YPR083W,0,-6.0499134,0.08937367796897888,0.8889999985694885,0.9057999849319458
YDR518W,YKL117W,0,-6.050684,0.08936470001935959,0.8889999985694885,0.9059000015258789
YGR216C,YJR035W,0,-6.050782,0.0893557146191597,0.8889999985694885,0.906000018119812
YOL033W,YGR089W,0,-6.0508695,0.0893467366695404,0.8889999985694885,0.9060999751091003
YOL102C,YKR042W,0,-6.0522823,0.08933775871992111,0.8889999985694885,0.9061999917030334
YGR120C,YKL188C,0,-6.0528255,0.08932878077030182,0.8889999985694885,0.9063000082969666
YGL105W,YGL104C,0,-6.05349,0.08931980282068253,0.8889999985694885,0.9064000248908997
YLR411W,YKL064W,1,-6.054035,0.08941128849983215,0.8899999856948853,0.9064000248908997
YPR183W,YKR031C,0,-6.0547643,0.08940231055021286,0.8899999856948853,0.906499981880188
YDR292C,YDR453C,0,-6.055446,0.08939333260059357,0.8899999856948853,0.9065999984741211
YOR085W,YBL039C,0,-6.0554914,0.08938435465097427,0.8899999856948853,0.9067000150680542
YKL165C,YPL126W,0,-6.0559697,0.08937537670135498,0.8899999856948853,0.9067999720573425
YBR023C,YNL173C,0,-6.0560813,0.08936639875173569,0.8899999856948853,0.9068999886512756
YGL061C,YIR041W,0,-6.056367,0.08935742825269699,0.8899999856948853,0.9070000052452087
YER056C,YOR117W,0,-6.0565023,0.0893484577536583,0.8899999856948853,0.9071000218391418
YOL008W,YGR103W,0,-6.056608,0.0893394872546196,0.8899999856948853,0.9071999788284302
YBR247C,YGL122C,0,-6.0582113,0.0893305242061615,0.8899999856948853,0.9072999954223633
YMR198W,YNL274C,0,-6.058239,0.0893215611577034,0.8899999856948853,0.9074000120162964
YJR121W,YNR060W,1,-6.0583134,0.08941294252872467,0.890999972820282,0.9074000120162964
YMR319C,YOL027C,1,-6.058382,0.08950431644916534,0.8920000195503235,0.9074000120162964
YPL119C,YMR283C,0,-6.0585384,0.08949533104896545,0.8920000195503235,0.9075000286102295
YGL078C,YLR417W,0,-6.059265,0.08948635309934616,0.8920000195503235,0.9075999855995178
YLR303W,YPL131W,0,-6.0596304,0.08947738260030746,0.8920000195503235,0.9077000021934509
YLL009C,YIL023C,1,-6.0598497,0.08956870436668396,0.8930000066757202,0.9077000021934509
YGL183C,YFL045C,0,-6.060641,0.08955972641706467,0.8930000066757202,0.907800018787384
YHR061C,YDL081C,0,-6.062172,0.08955074101686478,0.8930000066757202,0.9078999757766724
YER044C,YKL081W,0,-6.0629816,0.08954176306724548,0.8930000066757202,0.9079999923706055
YPL095C,YBR043C,0,-6.064136,0.08953278511762619,0.8930000066757202,0.9081000089645386
YJL093C,YML093W,0,-6.06431,0.0895238071680069,0.8930000066757202,0.9082000255584717
YGL142C,YLR138W,0,-6.065281,0.0895148366689682,0.8930000066757202,0.90829998254776
YJL106W,YLR340W,0,-6.065585,0.0895058661699295,0.8930000066757202,0.9083999991416931
YMR188C,YPL087W,0,-6.0661216,0.08949689567089081,0.8930000066757202,0.9085000157356262
YOL101C,YPL157W,0,-6.066434,0.08948792517185211,0.8930000066757202,0.9085999727249146
YLR215C,YFL004W,0,-6.066806,0.08947895467281342,0.8930000066757202,0.9086999893188477
YNL314W,YLR222C,0,-6.066928,0.08946999162435532,0.8930000066757202,0.9088000059127808
YBR106W,YEL065W,1,-6.0672216,0.08956120908260345,0.8939999938011169,0.9088000059127808
YLR221C,YOR043W,0,-6.0673094,0.08955223858356476,0.8939999938011169,0.9089000225067139
YPL160W,YMR077C,0,-6.0676785,0.08954326808452606,0.8939999938011169,0.9089999794960022
YKR097W,YJL204C,0,-6.0683217,0.08953430503606796,0.8939999938011169,0.9090999960899353
YOL151W,YCR060W,0,-6.06859,0.08952533453702927,0.8939999938011169,0.9092000126838684
YCL025C,YKL007W,0,-6.069617,0.08951637148857117,0.8939999938011169,0.9093000292778015
YOL063C,YLR435W,0,-6.069998,0.08950740844011307,0.8939999938011169,0.9093999862670898
YOR340C,YER021W,0,-6.070016,0.08949844539165497,0.8939999938011169,0.909500002861023
YDR258C,YPL026C,0,-6.0700736,0.08948948979377747,0.8939999938011169,0.909600019454956
YGL078C,YCR026C,0,-6.0702353,0.08948053419589996,0.8939999938011169,0.9096999764442444
YER174C,YKL082C,0,-6.070585,0.08947157859802246,0.8939999938011169,0.9097999930381775
YHR043C,YCR066W,0,-6.071002,0.08946262300014496,0.8939999938011169,0.9099000096321106
YML013W,YIL016W,0,-6.071461,0.08945367485284805,0.8939999938011169,0.9100000262260437
YPR002W,YLR264W,0,-6.0714993,0.08944471925497055,0.8939999938011169,0.910099983215332
YGL183C,YHL009C,0,-6.0718083,0.08943577110767365,0.8939999938011169,0.9101999998092651
YNR057C,YJL143W,0,-6.071955,0.08942683041095734,0.8939999938011169,0.9103000164031982
YPR189W,YGR248W,0,-6.072058,0.08941788226366043,0.8939999938011169,0.9103999733924866
YGL247W,YCR084C,0,-6.0721536,0.08940894156694412,0.8939999938011169,0.9104999899864197
YMR142C,YDR260C,0,-6.072175,0.08940000087022781,0.8939999938011169,0.9106000065803528
YPL160W,YLR382C,0,-6.072526,0.0893910601735115,0.8939999938011169,0.9107000231742859
YPR057W,YJL052W,0,-6.072549,0.0893821269273758,0.8939999938011169,0.9107999801635742
YOR040W,YPL089C,0,-6.072878,0.08937318623065948,0.8939999938011169,0.9108999967575073
YDR263C,YDL236W,0,-6.073093,0.08936425298452377,0.8939999938011169,0.9110000133514404
YDL181W,YBR106W,1,-6.073281,0.0894552692770958,0.8949999809265137,0.9110000133514404
YLR068W,YGL205W,0,-6.0741806,0.08944632858037949,0.8949999809265137,0.9110999703407288
YLR158C,YAL003W,0,-6.074375,0.08943739533424377,0.8949999809265137,0.9111999869346619
YPL084W,YHR068W,0,-6.0745077,0.08942845463752747,0.8949999809265137,0.911300003528595
YGR008C,YNR039C,1,-6.074649,0.0895194336771965,0.8960000276565552,0.911300003528595
YMR316W,YDR296W,0,-6.075708,0.0895104929804802,0.8960000276565552,0.9114000201225281
YMR163C,YDR055W,0,-6.075749,0.08950154483318329,0.8960000276565552,0.9114999771118164
YIL153W,YOL097C,0,-6.076023,0.08949261158704758,0.8960000276565552,0.9115999937057495
YOR294W,YDR103W,0,-6.076131,0.08948367089033127,0.8960000276565552,0.9117000102996826
YLR066W,YBL039C,0,-6.0763955,0.08947473764419556,0.8960000276565552,0.9118000268936157
YMR220W,YMR136W,0,-6.0770035,0.08946580439805984,0.8960000276565552,0.911899983882904
YPL202C,YLR068W,0,-6.077063,0.08945687115192413,0.8960000276565552,0.9120000004768372
YLR411W,YGL006W,1,-6.078219,0.0895477682352066,0.8970000147819519,0.9120000004768372
YMR263W,YJL164C,0,-6.079628,0.0895388275384903,0.8970000147819519,0.9121000170707703
YDR150W,YJR010C-A,0,-6.0798106,0.08952989429235458,0.8970000147819519,0.9121999740600586
YDR158W,YLR116W,0,-6.079862,0.08952096104621887,0.8970000147819519,0.9122999906539917
YDR270W,YGL255W,1,-6.080015,0.08961181342601776,0.8980000019073486,0.9122999906539917
YMR292W,YKL205W,0,-6.0800653,0.08960287272930145,0.8980000019073486,0.9124000072479248
YER028C,YPL196W,0,-6.08076,0.08959393203258514,0.8980000019073486,0.9125000238418579
YLR371W,YDL083C,0,-6.082085,0.08958499878644943,0.8980000019073486,0.9125999808311462
YPR065W,YGR112W,0,-6.082341,0.08957605808973312,0.8980000019073486,0.9126999974250793
YMR041C,YHR026W,0,-6.0825996,0.08956712484359741,0.8980000019073486,0.9128000140190125
YNL259C,YNR039C,1,-6.0827184,0.08965792506933212,0.8989999890327454,0.9128000140190125
YGL028C,YHR139C,0,-6.0837674,0.08964898437261581,0.8989999890327454,0.9128999710083008
YHR096C,YFL017W-A,0,-6.0839834,0.0896400436758995,0.8989999890327454,0.9129999876022339
YBL103C,YMR305C,0,-6.084734,0.0896311029791832,0.8989999890327454,0.913100004196167
YML116W,YGL001C,0,-6.0847974,0.08962216973304749,0.8989999890327454,0.9132000207901001
YDR069C,YDR083W,0,-6.0848036,0.08961323648691177,0.8989999890327454,0.9132999777793884
YLR186W,YPR193C,0,-6.0849304,0.08960430324077606,0.8989999890327454,0.9133999943733215
YCL025C,YJR103W,0,-6.0849705,0.08959537744522095,0.8989999890327454,0.9135000109672546
YLR220W,YLR409C,0,-6.085407,0.08958644419908524,0.8989999890327454,0.9136000275611877
YJR094C,YJL072C,0,-6.0857987,0.08957751840353012,0.8989999890327454,0.9136999845504761
YDL243C,YOR216C,0,-6.085945,0.089568592607975,0.8989999890327454,0.9138000011444092
YHR190W,YIL053W,0,-6.0860643,0.08955967426300049,0.8989999890327454,0.9139000177383423
YPR167C,YDR447C,0,-6.0864096,0.08955074846744537,0.8989999890327454,0.9139999747276306
YGL169W,YCL033C,0,-6.08847,0.08954183012247086,0.8989999890327454,0.9140999913215637
YNL281W,YKL051W,0,-6.088633,0.08953291177749634,0.8989999890327454,0.9142000079154968
YPL022W,YBR082C,0,-6.0890884,0.08952400088310242,0.8989999890327454,0.9143000245094299
YGL008C,YBR037C,1,-6.0898533,0.08961465954780579,0.8999999761581421,0.9143000245094299
YIL062C,YFL031W,0,-6.0899086,0.08960573375225067,0.8999999761581421,0.9143999814987183
YDR294C,YIL026C,0,-6.090005,0.08959681540727615,0.8999999761581421,0.9144999980926514
YLL060C,YFR037C,0,-6.0902004,0.08958789706230164,0.8999999761581421,0.9146000146865845
YNL302C,YIL153W,0,-6.0903873,0.08957897871732712,0.8999999761581421,0.9146999716758728
YJR150C,YDL148C,0,-6.090454,0.0895700603723526,0.8999999761581421,0.9147999882698059
YLL009C,YKL220C,1,-6.0905905,0.0896606594324112,0.9010000228881836,0.9147999882698059
YDR492W,YCL033C,0,-6.0921125,0.08965174108743668,0.9010000228881836,0.914900004863739
YHL047C,YGL008C,1,-6.092284,0.08974231779575348,0.9020000100135803,0.914900004863739
YKR099W,YHL048W,0,-6.092705,0.08973338454961777,0.9020000100135803,0.9150000214576721
YDR263C,YMR203W,0,-6.0928316,0.08972445875406265,0.9020000100135803,0.9150999784469604
YDR437W,YPL065W,0,-6.0931635,0.08971553295850754,0.9020000100135803,0.9151999950408936
YBR110W,YGL200C,0,-6.093691,0.08970661461353302,0.9020000100135803,0.9153000116348267
YOR347C,YPL063W,0,-6.09373,0.0896976962685585,0.9020000100135803,0.9154000282287598
YDL099W,YGR248W,0,-6.0946064,0.08968877047300339,0.9020000100135803,0.9154999852180481
YLR113W,YPL093W,0,-6.0946302,0.08967985957860947,0.9020000100135803,0.9156000018119812
YER177W,YCR014C,0,-6.09486,0.08967094123363495,0.9020000100135803,0.9157000184059143
YMR290C,YBL022C,0,-6.0954566,0.08966203033924103,0.9020000100135803,0.9157999753952026
YKL007W,YKL178C,0,-6.0962133,0.0896531194448471,0.9020000100135803,0.9158999919891357
YFL021W,YOR174W,0,-6.096463,0.08964420855045319,0.9020000100135803,0.9160000085830688
YJL033W,YDR389W,0,-6.0971446,0.08963529765605927,0.9020000100135803,0.916100025177002
YPL137C,YDR328C,0,-6.0976677,0.08962639421224594,0.9020000100135803,0.9161999821662903
YDR101C,YMR076C,0,-6.0978317,0.08961748331785202,0.9020000100135803,0.9162999987602234
YPR001W,YGL253W,0,-6.0979333,0.0896085798740387,0.9020000100135803,0.9164000153541565
YJL035C,YBR117C,0,-6.09842,0.08959968388080597,0.9020000100135803,0.9164999723434448
YMR058W,YKL064W,1,-6.098708,0.08969010412693024,0.902999997138977,0.9164999723434448
YBL078C,YGL206C,0,-6.0987654,0.08968120068311691,0.902999997138977,0.9165999889373779
YKL220C,YJR077C,1,-6.0988436,0.08977159857749939,0.9039999842643738,0.9165999889373779
YCL027W,YNL186W,0,-6.0992894,0.08976268768310547,0.9039999842643738,0.916700005531311
YDR512C,YLR452C,0,-6.1000967,0.08975376933813095,0.9039999842643738,0.9168000221252441
YDR527W,YNR047W,0,-6.1005993,0.08974486589431763,0.9039999842643738,0.9168999791145325
YNL188W,YIL123W,0,-6.1006227,0.0897359549999237,0.9039999842643738,0.9169999957084656
YFL029C,YDR418W,0,-6.100725,0.08972704410552979,0.9039999842643738,0.9171000123023987
YGL071W,YLR411W,1,-6.1007943,0.08981738984584808,0.9049999713897705,0.9171000123023987
YDR009W,YNL030W,0,-6.103482,0.08980847150087357,0.9049999713897705,0.9172000288963318
YLR340W,YKL117W,0,-6.1037416,0.08979956060647964,0.9049999713897705,0.9172999858856201
YNL094W,YOR310C,0,-6.1040215,0.08979065716266632,0.9049999713897705,0.9174000024795532
YJL196C,YNR026C,0,-6.1040564,0.0897817462682724,0.9049999713897705,0.9175000190734863
YML121W,YKL120W,1,-6.105418,0.08987203985452652,0.906000018119812,0.9175000190734863
YKL054C,YNL302C,0,-6.1056323,0.089863121509552,0.906000018119812,0.9175999760627747
YLR102C,YLR222C,0,-6.1058874,0.08985421061515808,0.906000018119812,0.9176999926567078
YGR289C,YOR229W,0,-6.106057,0.08984529972076416,0.906000018119812,0.9178000092506409
YHR174W,YGR253C,0,-6.106612,0.08983638882637024,0.906000018119812,0.917900025844574
YDR529C,YLR409C,0,-6.1069565,0.08982748538255692,0.906000018119812,0.9179999828338623
YNL051W,YLR014C,0,-6.1079416,0.08981858193874359,0.906000018119812,0.9180999994277954
YDL226C,YPL206C,0,-6.1083345,0.08980967849493027,0.906000018119812,0.9182000160217285
YER103W,YKL058W,0,-6.1084833,0.08980077505111694,0.906000018119812,0.9182999730110168
YGL122C,YJL210W,0,-6.109557,0.08979187160730362,0.906000018119812,0.91839998960495
YNL325C,YJL011C,0,-6.110201,0.08978297561407089,0.906000018119812,0.9185000061988831
YKL220C,YBR106W,1,-6.110233,0.08987316489219666,0.9070000052452087,0.9185000061988831
YLR361C,YBL039C,0,-6.110324,0.08986426144838333,0.9070000052452087,0.9186000227928162
YOL002C,YIL135C,0,-6.1108584,0.08985535800457001,0.9070000052452087,0.9186999797821045
YPR201W,YML123C,1,-6.1122336,0.08994551748037338,0.9079999923706055,0.9186999797821045
YGL256W,YMR203W,0,-6.1123805,0.08993660658597946,0.9079999923706055,0.9187999963760376
YNR056C,YHR170W,0,-6.1130495,0.08992770314216614,0.9079999923706055,0.9189000129699707
YKL005C,YIL053W,0,-6.1140213,0.08991879224777222,0.9079999923706055,0.9190000295639038
YJL035C,YPL203W,0,-6.115366,0.08990988880395889,0.9079999923706055,0.9190999865531921
YBL005W,YGR213C,0,-6.1170864,0.08990099281072617,0.9079999923706055,0.9192000031471252
YBR026C,YHR061C,0,-6.1171675,0.08989208936691284,0.9079999923706055,0.9193000197410583
YCL025C,YPR007C,0,-6.1172056,0.08988319337368011,0.9079999923706055,0.9193999767303467
YPL240C,YBL033C,0,-6.117863,0.08987429738044739,0.9079999923706055,0.9194999933242798
YMR023C,YBR162C,0,-6.1191187,0.08986540138721466,0.9079999923706055,0.9196000099182129
YHL047C,YBL099W,1,-6.1202946,0.08995546400547028,0.9089999794960022,0.9196000099182129
YPL125W,YHR081W,0,-6.120332,0.08994656801223755,0.9089999794960022,0.919700026512146
YHR148W,YDL247W,0,-6.120733,0.08993766456842422,0.9089999794960022,0.9197999835014343
YMR004W,YPL012W,0,-6.1209517,0.0899287685751915,0.9089999794960022,0.9199000000953674
YJL005W,YOR116C,0,-6.121191,0.08991987258195877,0.9089999794960022,0.9200000166893005
YBL040C,YDR021W,0,-6.1218023,0.08991097658872604,0.9089999794960022,0.9200999736785889
YPL270W,YJL108C,0,-6.122674,0.08990208804607391,0.9089999794960022,0.920199990272522
YBR295W,YGL255W,1,-6.122963,0.08999209105968475,0.9100000262260437,0.920199990272522
YML078W,YOR004W,0,-6.123927,0.08998318761587143,0.9100000262260437,0.9203000068664551
YPL095C,YJL125C,0,-6.125332,0.0899742916226387,0.9100000262260437,0.9204000234603882
YGR177C,YNL169C,0,-6.1253886,0.08996539562940598,0.9100000262260437,0.9204999804496765
YDR265W,YER082C,0,-6.12552,0.08995650708675385,0.9100000262260437,0.9205999970436096
YPL050C,YKL086W,0,-6.1255555,0.08994761109352112,0.9100000262260437,0.9207000136375427
YCR010C,YKL120W,1,-6.1260233,0.09003755450248718,0.9110000133514404,0.9207000136375427
YAL054C,YFR013W,0,-6.12798,0.09002865850925446,0.9110000133514404,0.920799970626831
YEL029C,YOL071W,0,-6.1281357,0.09001976251602173,0.9110000133514404,0.9208999872207642
YPR191W,YKL173W,0,-6.1281605,0.090010866522789,0.9110000133514404,0.9210000038146973
YJL125C,YEL024W,0,-6.128531,0.09000197798013687,0.9110000133514404,0.9211000204086304
YHL040C,YPL092W,1,-6.1289024,0.09009186923503876,0.9120000004768372,0.9211000204086304
YCL044C,YMR188C,0,-6.1298714,0.09008297324180603,0.9120000004768372,0.9211999773979187
YOR310C,YLR079W,0,-6.13002,0.0900740772485733,0.9120000004768372,0.9212999939918518
YDR384C,YIL114C,1,-6.1312776,0.0901639312505722,0.9129999876022339,0.9212999939918518
YMR303C,YGL055W,0,-6.1328006,0.09015502780675888,0.9129999876022339,0.9214000105857849
YOR316C,YGL255W,1,-6.1335983,0.09024486690759659,0.9139999747276306,0.9214000105857849
YHR067W,YLR435W,0,-6.133703,0.09023595601320267,0.9139999747276306,0.921500027179718
YDR508C,YMR069W,0,-6.133918,0.09022704511880875,0.9139999747276306,0.9215999841690063
YER073W,YKR037C,0,-6.1339884,0.09021814167499542,0.9139999747276306,0.9217000007629395
YPL211W,YBR156C,0,-6.134047,0.0902092382311821,0.9139999747276306,0.9218000173568726
YDR449C,YLR386W,0,-6.134081,0.09020033478736877,0.9139999747276306,0.9218999743461609
YML126C,YDR110W,0,-6.1344166,0.09019143134355545,0.9139999747276306,0.921999990940094
YMR081C,YLR034C,0,-6.1346626,0.09018253535032272,0.9139999747276306,0.9221000075340271
YJL191W,YNL299W,0,-6.1346774,0.09017363935709,0.9139999747276306,0.9222000241279602
YFR030W,YPL154C,0,-6.1347275,0.09016474336385727,0.9139999747276306,0.9222999811172485
YGR177C,YPL096W,0,-6.1349354,0.09015584737062454,0.9139999747276306,0.9223999977111816
YML036W,YHL036W,0,-6.135129,0.09014695882797241,0.9139999747276306,0.9225000143051147
YPL028W,YGL183C,0,-6.136819,0.09013807028532028,0.9139999747276306,0.9225999712944031
YDL108W,YDR059C,0,-6.136856,0.09012918174266815,0.9139999747276306,0.9226999878883362
YDL208W,YCR083W,0,-6.1369963,0.09012029320001602,0.9139999747276306,0.9228000044822693
YGL087C,YKR056W,0,-6.1370564,0.09011140465736389,0.9139999747276306,0.9229000210762024
YPL012W,YGR141W,0,-6.137222,0.09010252356529236,0.9139999747276306,0.9229999780654907
YJL191W,YJR049C,0,-6.137581,0.09009364247322083,0.9139999747276306,0.9230999946594238
YGR244C,YGL112C,0,-6.1379232,0.09008476138114929,0.9139999747276306,0.9232000112533569
YNR030W,YML093W,0,-6.138278,0.09007588773965836,0.9139999747276306,0.92330002784729
YML012W,YOL151W,0,-6.1383753,0.09006700664758682,0.9139999747276306,0.9233999848365784
YHR043C,YOR322C,0,-6.13952,0.09005813300609589,0.9139999747276306,0.9235000014305115
YPL187W,YKR081C,0,-6.140218,0.09004925936460495,0.9139999747276306,0.9236000180244446
YPR122W,YDR412W,0,-6.140542,0.09004039317369461,0.9139999747276306,0.9236999750137329
YFR014C,YLR340W,0,-6.140799,0.09003151953220367,0.9139999747276306,0.923799991607666
YFL034C-B,YGR180C,0,-6.1422367,0.09002265334129333,0.9139999747276306,0.9239000082015991
YJL074C,YNL044W,0,-6.142486,0.090013787150383,0.9139999747276306,0.9240000247955322
YGR191W,YER053C,1,-6.142746,0.0901033952832222,0.9150000214576721,0.9240000247955322
YBL080C,YGL014W,0,-6.1446457,0.09009452909231186,0.9150000214576721,0.9240999817848206
YGR289C,YIL031W,0,-6.1452456,0.09008565545082092,0.9150000214576721,0.9241999983787537
YOL130W,YER053C,1,-6.145266,0.09017523378133774,0.9160000085830688,0.9241999983787537
YLR431C,YDR450W,0,-6.145509,0.0901663526892662,0.9160000085830688,0.9243000149726868
YGR145W,YAR033W,0,-6.145612,0.09015747904777527,0.9160000085830688,0.9243999719619751
YDL019C,YJR145C,0,-6.1456213,0.09014860540628433,0.9160000085830688,0.9244999885559082
YGR204W,YDR218C,0,-6.147272,0.09013973921537399,0.9160000085830688,0.9246000051498413
YLR195C,YBR117C,0,-6.14735,0.09013086557388306,0.9160000085830688,0.9247000217437744
YDR236C,YLR116W,0,-6.147356,0.09012199938297272,0.9160000085830688,0.9247999787330627
YHR143W,YMR136W,0,-6.147978,0.09011313319206238,0.9160000085830688,0.9248999953269958
YMR308C,YBR260C,0,-6.148002,0.09010426700115204,0.9160000085830688,0.925000011920929
YGR193C,YPR137W,0,-6.148141,0.0900954082608223,0.9160000085830688,0.9251000285148621
YNR058W,YDR318W,0,-6.148188,0.09008654952049255,0.9160000085830688,0.9251999855041504
YMR150C,YLR048W,0,-6.1484327,0.09007769078016281,0.9160000085830688,0.9253000020980835
YLR196W,YBL058W,0,-6.148617,0.09006883203983307,0.9160000085830688,0.9254000186920166
YPR128C,YGR159C,0,-6.1490784,0.09005997329950333,0.9160000085830688,0.9254999756813049
YOR120W,YJR153W,0,-6.1491055,0.09005112200975418,0.9160000085830688,0.925599992275238
YHL024W,YMR179W,0,-6.149268,0.09004227072000504,0.9160000085830688,0.9257000088691711
YJR019C,YOR129C,0,-6.1493416,0.09003341943025589,0.9160000085830688,0.9258000254631042
YNL161W,YLL061W,0,-6.1493926,0.09002456814050674,0.9160000085830688,0.9258999824523926
YOR381W,YBR106W,1,-6.150882,0.09011399000883102,0.9169999957084656,0.9258999824523926
YGL192W,YBR083W,0,-6.1512594,0.09010513871908188,0.9169999957084656,0.9259999990463257
YMR143W,YMR016C,0,-6.1512666,0.09009628742933273,0.9169999957084656,0.9261000156402588
YPR001W,YEL042W,0,-6.1519213,0.09008743613958359,0.9169999957084656,0.9261999726295471
YGR239C,YDL095W,0,-6.152645,0.09007858484983444,0.9169999957084656,0.9262999892234802
YHR053C,YHR021C,0,-6.152851,0.0900697410106659,0.9169999957084656,0.9264000058174133
YHL038C,YNL110C,0,-6.1538253,0.09006088972091675,0.9169999957084656,0.9265000224113464
YFR008W,YML052W,0,-6.1544394,0.0900520458817482,0.9169999957084656,0.9265999794006348
YMR032W,YBL005W,0,-6.15448,0.09004320204257965,0.9169999957084656,0.9266999959945679
YDL181W,YML123C,1,-6.154483,0.09013254940509796,0.9179999828338623,0.9266999959945679
YFL056C,YPL187W,0,-6.15481,0.09012369811534882,0.9179999828338623,0.926800012588501
YKL205W,YDL083C,0,-6.1548157,0.09011485427618027,0.9179999828338623,0.9269000291824341
YPL018W,YNL209W,0,-6.155078,0.09010601043701172,0.9179999828338623,0.9269999861717224
YFR014C,YBR142W,0,-6.1552315,0.09009716659784317,0.9179999828338623,0.9271000027656555
YFR030W,YHR030C,0,-6.1553197,0.09008832275867462,0.9179999828338623,0.9272000193595886
YLR074C,YPL213W,0,-6.1553645,0.09007947891950607,0.9179999828338623,0.927299976348877
YLR304C,YNL128W,0,-6.1559715,0.09007064253091812,0.9179999828338623,0.9273999929428101
YLR150W,YDR080W,0,-6.1562123,0.09006180614233017,0.9179999828338623,0.9275000095367432
YCR048W,YBR244W,0,-6.156805,0.09005296975374222,0.9179999828338623,0.9276000261306763
YNL173C,YGL089C,0,-6.158333,0.09004414081573486,0.9179999828338623,0.9276999831199646
YKR026C,YAR031W,0,-6.1590223,0.09003530442714691,0.9179999828338623,0.9277999997138977
YNL041C,YOR317W,0,-6.1593847,0.09002647548913956,0.9179999828338623,0.9279000163078308
YBR158W,YDL198C,0,-6.1606274,0.0900176540017128,0.9179999828338623,0.9279999732971191
YOL017W,YGL030W,0,-6.1607256,0.09000882506370544,0.9179999828338623,0.9280999898910522
YNL053W,YOR008C,0,-6.1617165,0.09000000357627869,0.9179999828338623,0.9282000064849854
YAL040C,YLR318W,0,-6.161768,0.08999117463827133,0.9179999828338623,0.9283000230789185
YDL024C,YDL135C,0,-6.1620083,0.08998235315084457,0.9179999828338623,0.9283999800682068
YEL056W,YHR092C,0,-6.1621394,0.08997353911399841,0.9179999828338623,0.9284999966621399
YMR047C,YOR344C,0,-6.1625824,0.08996471762657166,0.9179999828338623,0.928600013256073
YKL016C,YGL255W,1,-6.1627417,0.09005389362573624,0.9190000295639038,0.928600013256073
YOL016C,YML028W,0,-6.1637635,0.09004507213830948,0.9190000295639038,0.9286999702453613
YDR384C,YLR295C,1,-6.1645513,0.09013421833515167,0.9200000166893005,0.9286999702453613
YDR254W,YDR023W,0,-6.1651573,0.09012538939714432,0.9200000166893005,0.9287999868392944
YGR239C,YBR196C,0,-6.165617,0.09011656045913696,0.9200000166893005,0.9289000034332275
YPR065W,YDR103W,0,-6.165764,0.0901077389717102,0.9200000166893005,0.9290000200271606
YDL164C,YOR040W,0,-6.1663017,0.09009891003370285,0.9200000166893005,0.929099977016449
YOL149W,YGL055W,0,-6.1668444,0.09009008854627609,0.9200000166893005,0.9291999936103821
YPL095C,YLR372W,0,-6.16741,0.09008126705884933,0.9200000166893005,0.9293000102043152
YGL012W,YDR198C,0,-6.1676216,0.09007245302200317,0.9200000166893005,0.9294000267982483
YBR024W,YLR092W,1,-6.167777,0.0901615247130394,0.9210000038146973,0.9294000267982483
YBR217W,YKL172W,0,-6.168631,0.09015270322561264,0.9210000038146973,0.9294999837875366
YNL111C,YGL133W,0,-6.1687517,0.09014387428760529,0.9210000038146973,0.9296000003814697
YOL123W,YLR066W,0,-6.169306,0.09013505280017853,0.9210000038146973,0.9297000169754028
YER159C,YKL205W,0,-6.16955,0.09012623876333237,0.9210000038146973,0.9297999739646912
YDL035C,YJL035C,0,-6.169836,0.09011741727590561,0.9210000038146973,0.9298999905586243
YBR070C,YBR213W,0,-6.170286,0.09010860323905945,0.9210000038146973,0.9300000071525574
YMR198W,YFR053C,0,-6.170373,0.09009978175163269,0.9210000038146973,0.9301000237464905
YNL116W,YIR021W,0,-6.1709642,0.09009096771478653,0.9210000038146973,0.9301999807357788
YNL135C,YOL123W,0,-6.1709795,0.09008216112852097,0.9210000038146973,0.9302999973297119
YMR041C,YJL183W,0,-6.1711245,0.0900733470916748,0.9210000038146973,0.930400013923645
YHR092C,YDR071C,0,-6.171295,0.09006454050540924,0.9210000038146973,0.9304999709129333
YPR191W,YJL011C,0,-6.1713285,0.09005573391914368,0.9210000038146973,0.9305999875068665
YLR056W,YLR263W,0,-6.1721835,0.09004692733287811,0.9210000038146973,0.9307000041007996
YOL028C,YNL044W,0,-6.1729755,0.09003812819719315,0.9210000038146973,0.9308000206947327
YKL046C,YPL012W,0,-6.173189,0.09002932906150818,0.9210000038146973,0.930899977684021
YGL055W,YBR049C,0,-6.174123,0.09002052247524261,0.9210000038146973,0.9309999942779541
YJR064W,YOL110W,0,-6.174271,0.09001173079013824,0.9210000038146973,0.9311000108718872
YNL075W,YBR260C,0,-6.1743197,0.09000293165445328,0.9210000038146973,0.9312000274658203
YER177W,YOL010W,0,-6.175478,0.08999413996934891,0.9210000038146973,0.9312999844551086
YJL094C,YJL198W,1,-6.1763797,0.090083047747612,0.921999990940094,0.9312999844551086
YJR093C,YGR244C,0,-6.176874,0.09007424861192703,0.921999990940094,0.9314000010490417
YDR038C,YGR008C,1,-6.177471,0.09016313403844833,0.9229999780654907,0.9314000010490417
YLR006C,YGL096W,0,-6.1778812,0.09015432745218277,0.9229999780654907,0.9315000176429749
YBL003C,YIL101C,0,-6.178103,0.0901455208659172,0.9229999780654907,0.9315999746322632
YHR096C,YER005W,0,-6.1788716,0.09013672173023224,0.9229999780654907,0.9316999912261963
YMR290C,YHR015W,0,-6.1800494,0.09012791514396667,0.9229999780654907,0.9318000078201294
YGL071W,YGR008C,1,-6.180204,0.0902167558670044,0.9240000247955322,0.9318000078201294
YOR014W,YOR315W,0,-6.180277,0.09020794928073883,0.9240000247955322,0.9319000244140625
YIL034C,YNL117W,0,-6.181471,0.09019914269447327,0.9240000247955322,0.9319999814033508
YOR178C,YLR150W,0,-6.181601,0.0901903361082077,0.9240000247955322,0.9320999979972839
YPR100W,YDR126W,0,-6.182062,0.09018153697252274,0.9240000247955322,0.932200014591217
YGL187C,YDR179C,0,-6.182131,0.09017273038625717,0.9240000247955322,0.9322999715805054
YOR299W,YAL059W,0,-6.1823335,0.0901639312505722,0.9240000247955322,0.9323999881744385
YJR125C,YGL112C,0,-6.182558,0.09015513956546783,0.9240000247955322,0.9325000047683716
YNR044W,YML007W,0,-6.183319,0.09014634042978287,0.9240000247955322,0.9326000213623047
YDL126C,YBR092C,0,-6.183718,0.0901375487446785,0.9240000247955322,0.932699978351593
YHR061C,YDR059C,0,-6.1847954,0.09012875705957413,0.9240000247955322,0.9327999949455261
YDR021W,YOL110W,0,-6.1869125,0.09011996537446976,0.9240000247955322,0.9329000115394592
YKR052C,YGL255W,1,-6.187608,0.09020870178937912,0.925000011920929,0.9329000115394592
YLR195C,YPL196W,0,-6.1879454,0.09019990265369415,0.925000011920929,0.9330000281333923
YOR284W,YNL182C,0,-6.1894493,0.09019111096858978,0.925000011920929,0.9330999851226807
YDR384C,YHR175W,1,-6.1899476,0.09027981013059616,0.9259999990463257,0.9330999851226807
YPL169C,YOR347C,0,-6.1903872,0.0902710109949112,0.9259999990463257,0.9332000017166138
YJL011C,YPL057C,0,-6.1906495,0.09026221185922623,0.9259999990463257,0.9333000183105469
YGR037C,YPL043W,0,-6.190708,0.09025341272354126,0.9259999990463257,0.9333999752998352
YGR200C,YDR335W,0,-6.190713,0.09024461358785629,0.9259999990463257,0.9334999918937683
YCR047C,YGL133W,0,-6.1914864,0.09023582190275192,0.9259999990463257,0.9336000084877014
YLL060C,YLR084C,0,-6.1918573,0.09022703021764755,0.9259999990463257,0.9337000250816345
YFL031W,YBR107C,0,-6.1921563,0.09021823853254318,0.9259999990463257,0.9337999820709229
YOR150W,YBR257W,0,-6.192451,0.09020944684743881,0.9259999990463257,0.933899998664856
YNL012W,YKL056C,0,-6.192788,0.09020066261291504,0.9259999990463257,0.9340000152587891
YJL001W,YDR300C,0,-6.1939487,0.09019187837839127,0.9259999990463257,0.9340999722480774
YMR199W,YNL147W,0,-6.194273,0.09018309414386749,0.9259999990463257,0.9341999888420105
YDR309C,YMR081C,0,-6.194545,0.09017430990934372,0.9259999990463257,0.9343000054359436
YNL051W,YOL055C,0,-6.194574,0.09016553312540054,0.9259999990463257,0.9344000220298767
YNR032W,YGR285C,0,-6.195215,0.09015674889087677,0.9259999990463257,0.934499979019165
YJL196C,YBR061C,0,-6.195284,0.0901479721069336,0.9259999990463257,0.9345999956130981
YHR092C,YGR193C,0,-6.1960917,0.09013920277357101,0.9259999990463257,0.9347000122070312
YDR382W,YHR031C,0,-6.1964326,0.09013042598962784,0.9259999990463257,0.9348000288009644
YLR069C,YBL061C,0,-6.1982474,0.09012165665626526,0.9259999990463257,0.9348999857902527
YOR198C,YMR239C,0,-6.198331,0.09011288732290268,0.9259999990463257,0.9350000023841858
YJL042W,YDL044C,0,-6.1985307,0.0901041179895401,0.9259999990463257,0.9351000189781189
YLR411W,YGL008C,1,-6.199293,0.09019264578819275,0.9269999861717224,0.9351000189781189
YLR060W,YGL209W,0,-6.199378,0.09018386900424957,0.9269999861717224,0.9351999759674072
YDL137W,YBL064C,0,-6.199644,0.090175099670887,0.9269999861717224,0.9352999925613403
YDR256C,YHR196W,0,-6.2009773,0.09016632288694382,0.9269999861717224,0.9354000091552734
YML081C-A,YMR319C,1,-6.2010384,0.09025481343269348,0.9279999732971191,0.9354000091552734
YPR052C,YDL020C,0,-6.2018375,0.0902460366487503,0.9279999732971191,0.9355000257492065
YLR022C,YOR162C,0,-6.2020197,0.09023725986480713,0.9279999732971191,0.9355999827384949
YLR074C,YGL115W,0,-6.2021327,0.09022849053144455,0.9279999732971191,0.935699999332428
YER149C,YPL087W,0,-6.2053204,0.09021971374750137,0.9279999732971191,0.9358000159263611
YIL033C,YKR036C,0,-6.2053337,0.0902109444141388,0.9279999732971191,0.9358999729156494
YDR270W,YJL198W,1,-6.205548,0.09029937535524368,0.9290000200271606,0.9358999729156494
YGR188C,YOR178C,0,-6.2056427,0.0902905985713005,0.9290000200271606,0.9359999895095825
YLR424W,YOR004W,0,-6.20595,0.09028182923793793,0.9290000200271606,0.9361000061035156
YJL148W,YGL004C,0,-6.20604,0.09027305245399475,0.9290000200271606,0.9362000226974487
YML078W,YLL011W,0,-6.2061095,0.09026428312063217,0.9290000200271606,0.9362999796867371
YJL006C,YBR035C,0,-6.2067156,0.09025551378726959,0.9290000200271606,0.9363999962806702
YLR411W,YGL255W,1,-6.206947,0.0903438925743103,0.9300000071525574,0.9363999962806702
YNL121C,YDR453C,0,-6.207074,0.09033511579036713,0.9300000071525574,0.9365000128746033
YBR185C,YIL066C,0,-6.207306,0.09032633900642395,0.9300000071525574,0.9366000294685364
YML081C-A,YKL016C,1,-6.2075524,0.09041468054056168,0.9309999942779541,0.9366000294685364
YDR176W,YLR340W,0,-6.2090497,0.0904059037566185,0.9309999942779541,0.9366999864578247
YNR060W,YLR092W,1,-6.2092724,0.09049422293901443,0.9319999814033508,0.9366999864578247
YKR061W,YBR083W,0,-6.209684,0.09048543870449066,0.9319999814033508,0.9368000030517578
YNL233W,YOR173W,0,-6.2099447,0.09047665446996689,0.9319999814033508,0.9369000196456909
YER062C,YLL003W,0,-6.2109833,0.09046787023544312,0.9319999814033508,0.9369999766349792
YPL267W,YDR143C,0,-6.2119303,0.09045908600091934,0.9319999814033508,0.9370999932289124
YBR234C,YDR030C,0,-6.2122154,0.09045030921697617,0.9319999814033508,0.9372000098228455
YOR388C,YER062C,0,-6.212533,0.09044153243303299,0.9319999814033508,0.9373000264167786
YNL244C,YGR241C,0,-6.213108,0.09043275564908981,0.9319999814033508,0.9373999834060669
YCR020C-A,YDR515W,0,-6.2131824,0.09042398631572723,0.9319999814033508,0.9375
YML127W,YDR451C,0,-6.2135987,0.09041520953178406,0.9319999814033508,0.9376000165939331
YMR319C,YDR322C-A,1,-6.214119,0.09050344675779343,0.9330000281333923,0.9376000165939331
YLR411W,YEL027W,1,-6.2147017,0.090591661632061,0.9340000152587891,0.9376000165939331
YDL149W,YLR084C,0,-6.2151546,0.09058286994695663,0.9340000152587891,0.9376999735832214
YIR041W,YNL207W,0,-6.2161636,0.09057408571243286,0.9340000152587891,0.9377999901771545
YGR256W,YDR317W,0,-6.2162647,0.09056530892848969,0.9340000152587891,0.9379000067710876
YJL106W,YGL097W,0,-6.2163363,0.09055652469396591,0.9340000152587891,0.9380000233650208
YKL172W,YEL004W,0,-6.216558,0.09054774791002274,0.9340000152587891,0.9380999803543091
YNL186W,YNL241C,0,-6.2168384,0.09053897112607956,0.9340000152587891,0.9381999969482422
YDR191W,YHR001W-A,0,-6.2169256,0.09053019434213638,0.9340000152587891,0.9383000135421753
YPL082C,YDL230W,0,-6.2175493,0.0905214175581932,0.9340000152587891,0.9383999705314636
YER044C,YMR067C,0,-6.217861,0.09051264822483063,0.9340000152587891,0.9384999871253967
YHR096C,YLR398C,0,-6.218807,0.09050387889146805,0.9340000152587891,0.9386000037193298
YOL101C,YDR449C,0,-6.219741,0.09049510955810547,0.9340000152587891,0.9387000203132629
YML130C,YMR272C,0,-6.2209787,0.09048634022474289,0.9340000152587891,0.9387999773025513
YFL041W,YNR060W,1,-6.2210913,0.09057444334030151,0.9350000023841858,0.9387999773025513
YDR294C,YLR424W,0,-6.2211695,0.09056567400693893,0.9350000023841858,0.9388999938964844
YPL266W,YPL057C,0,-6.221179,0.09055689722299576,0.9350000023841858,0.9390000104904175
YML078W,YDR110W,0,-6.2212143,0.09054812788963318,0.9350000023841858,0.9391000270843506
YMR033W,YHR001W-A,0,-6.221459,0.0905393660068512,0.9350000023841858,0.9391999840736389
YJL073W,YLR264W,0,-6.221464,0.09053059667348862,0.9350000023841858,0.939300000667572
YKR026C,YOR136W,0,-6.2218494,0.09052183479070663,0.9350000023841858,0.9394000172615051
YHR092C,YBR084W,0,-6.2229342,0.09051306545734406,0.9350000023841858,0.9394999742507935
YER025W,YNL214W,0,-6.2230434,0.09050431102514267,0.9350000023841858,0.9395999908447266
YHR123W,YBR257W,0,-6.2230864,0.09049554914236069,0.9350000023841858,0.9397000074386597
YBR177C,YPL239W,0,-6.223618,0.0904867872595787,0.9350000023841858,0.9398000240325928
YKR007W,YBR182C,0,-6.2247925,0.09047803282737732,0.9350000023841858,0.9398999810218811
YOR328W,YMR272C,0,-6.2258434,0.09046927839517593,0.9350000023841858,0.9399999976158142
YGL219C,YNL061W,0,-6.226675,0.09046052396297455,0.9350000023841858,0.9401000142097473
YPL061W,YPL043W,0,-6.2267995,0.09045177698135376,0.9350000023841858,0.9401999711990356
YBL069W,YOL055C,0,-6.2275343,0.09044302254915237,0.9350000023841858,0.9402999877929688
YOL065C,YHR143W-A,0,-6.228345,0.09043427556753159,0.9350000023841858,0.9404000043869019
YPL119C,YDR418W,0,-6.228348,0.0904255285859108,0.9350000023841858,0.940500020980835
YNR017W,YPL026C,0,-6.2287836,0.0904167890548706,0.9350000023841858,0.9405999779701233
YNR044W,YMR202W,0,-6.230504,0.09040804207324982,0.9350000023841858,0.9406999945640564
YIL033C,YMR143W,0,-6.231502,0.09039930254220963,0.9350000023841858,0.9408000111579895
YJL166W,YOR027W,0,-6.23201,0.09039056301116943,0.9350000023841858,0.9409000277519226
YHL048W,YMR106C,0,-6.2321,0.09038182348012924,0.9350000023841858,0.9409999847412109
YHR190W,YHR170W,0,-6.2321615,0.09037309139966965,0.9350000023841858,0.941100001335144
YFL056C,YFL031W,0,-6.2339687,0.09036435931921005,0.9350000023841858,0.9412000179290771
YGR239C,YDL097C,0,-6.2340307,0.09035562723875046,0.9350000023841858,0.9412999749183655
YCR086W,YFL031W,0,-6.2343855,0.09034689515829086,0.9350000023841858,0.9413999915122986
YMR116C,YGR244C,0,-6.2357044,0.09033816307783127,0.9350000023841858,0.9415000081062317
YAL003W,YLR135W,0,-6.2368526,0.09032943844795227,0.9350000023841858,0.9416000247001648
YOR346W,YIL129C,0,-6.238448,0.09032071381807327,0.9350000023841858,0.9416999816894531
YBR126C,YIL031W,0,-6.2393293,0.09031198918819427,0.9350000023841858,0.9417999982833862
YMR036C,YDR473C,0,-6.240079,0.09030326455831528,0.9350000023841858,0.9419000148773193
YBR267W,YDR011W,0,-6.2405677,0.09029454737901688,0.9350000023841858,0.9419999718666077
YMR078C,YDR178W,0,-6.241045,0.09028582274913788,0.9350000023841858,0.9420999884605408
YJR047C,YLR016C,0,-6.2413144,0.09027710556983948,0.9350000023841858,0.9422000050544739
YML116W,YPL063W,0,-6.241349,0.09026838839054108,0.9350000023841858,0.942300021648407
YCR035C,YML052W,0,-6.242654,0.09025967866182327,0.9350000023841858,0.9423999786376953
YKL016C,YGL008C,1,-6.244322,0.09034749120473862,0.9359999895095825,0.9423999786376953
YBL030C,YIL053W,0,-6.2443743,0.09033877402544022,0.9359999895095825,0.9424999952316284
YML094W,YNL003C,0,-6.245508,0.09033004939556122,0.9359999895095825,0.9426000118255615
YER051W,YEL054C,0,-6.246478,0.09032133221626282,0.9359999895095825,0.9427000284194946
YDR021W,YBR273C,0,-6.247285,0.09031262248754501,0.9359999895095825,0.942799985408783
YML116W,YLR435W,0,-6.2492843,0.09030390530824661,0.9359999895095825,0.9429000020027161
YGL191W,YDR440W,0,-6.2494802,0.09029519557952881,0.9359999895095825,0.9430000185966492
YOR361C,YBR273C,0,-6.250477,0.090286485850811,0.9359999895095825,0.9430999755859375
YLR205C,YOL124C,0,-6.2512383,0.0902777761220932,0.9359999895095825,0.9431999921798706
YGL070C,YJL052W,0,-6.252287,0.090269073843956,0.9359999895095825,0.9433000087738037
YER053C,YNR039C,1,-6.2526174,0.09035679697990417,0.9369999766349792,0.9433000087738037
YHR085W,YHL036W,0,-6.254502,0.09034808725118637,0.9369999766349792,0.9434000253677368
YOR120W,YOR099W,0,-6.254816,0.09033937752246857,0.9369999766349792,0.9434999823570251
YGR037C,YDL108W,0,-6.2551513,0.09033066779375076,0.9369999766349792,0.9435999989509583
YER021W,YOR140W,0,-6.2555413,0.09032195806503296,0.9369999766349792,0.9437000155448914
YNL136W,YJL100W,0,-6.2556987,0.09031325578689575,0.9369999766349792,0.9437999725341797
YJL031C,YDR508C,0,-6.25633,0.09030454605817795,0.9369999766349792,0.9438999891281128
YDL227C,YCR026C,0,-6.2575903,0.09029584378004074,0.9369999766349792,0.9440000057220459
YLL061W,YFL045C,0,-6.2577114,0.09028714895248413,0.9369999766349792,0.944100022315979
YGR109C,YOR213C,0,-6.2577467,0.09027844667434692,0.9369999766349792,0.9441999793052673
YLR411W,YBR106W,1,-6.258233,0.09036608785390854,0.9380000233650208,0.9441999793052673
YGL063W,YJR104C,0,-6.258374,0.09035738557577133,0.9380000233650208,0.9442999958992004
YBR244W,YNL123W,0,-6.259207,0.09034868329763412,0.9380000233650208,0.9444000124931335
YNR060W,YGL008C,1,-6.260713,0.09043628722429276,0.9390000104904175,0.9444000124931335
YBR023C,YKL026C,0,-6.261035,0.09042757749557495,0.9390000104904175,0.9445000290870667
YLR192C,YNL073W,0,-6.261524,0.09041887521743774,0.9390000104904175,0.944599986076355
YLR011W,YDR120C,0,-6.261928,0.09041016548871994,0.9390000104904175,0.9447000026702881
YLR155C,YPR009W,0,-6.262775,0.09040146321058273,0.9390000104904175,0.9448000192642212
YEL042W,YOL151W,0,-6.2634525,0.09039276093244553,0.9390000104904175,0.9448999762535095
YMR143W,YKL125W,0,-6.26369,0.09038405865430832,0.9390000104904175,0.9449999928474426
YOR321W,YGL070C,0,-6.2650595,0.09037536382675171,0.9390000104904175,0.9451000094413757
YKL125W,YPL057C,0,-6.2656684,0.0903666615486145,0.9390000104904175,0.9452000260353088
YMR309C,YOR035C,0,-6.265828,0.09035796672105789,0.9390000104904175,0.9452999830245972
YPL243W,YMR284W,0,-6.266139,0.09034927189350128,0.9390000104904175,0.9453999996185303
YER111C,YOR004W,0,-6.267247,0.09034058451652527,0.9390000104904175,0.9455000162124634
YOL086C,YOR003W,0,-6.2678213,0.09033188968896866,0.9390000104904175,0.9455999732017517
YOR025W,YHR065C,0,-6.2688017,0.09032320231199265,0.9390000104904175,0.9456999897956848
YLR390W-A,YNL110C,0,-6.2690187,0.09031451493501663,0.9390000104904175,0.9458000063896179
YOL064C,YCR083W,0,-6.2698193,0.09030582755804062,0.9390000104904175,0.945900022983551
YBR088C,YPL057C,0,-6.269843,0.0902971476316452,0.9390000104904175,0.9459999799728394
YML132W,YLR048W,0,-6.2704296,0.09028846025466919,0.9390000104904175,0.9460999965667725
YDR384C,YLR092W,1,-6.270767,0.09037592262029648,0.9399999976158142,0.9460999965667725
YNL232W,YLL019C,0,-6.271826,0.09036723524332047,0.9399999976158142,0.9462000131607056
YAL059W,YBR089C-A,0,-6.2722197,0.09035854786634445,0.9399999976158142,0.9463000297546387
YIL123W,YNL311C,0,-6.2727942,0.09034986793994904,0.9399999976158142,0.946399986743927
YKL049C,YNL327W,0,-6.2729177,0.09034118056297302,0.9399999976158142,0.9465000033378601
YIR037W,YOR047C,0,-6.27357,0.0903325006365776,0.9399999976158142,0.9466000199317932
YER082C,YOR084W,0,-6.274189,0.09032382071018219,0.9399999976158142,0.9466999769210815
YLR304C,YLR205C,0,-6.2747,0.09031514078378677,0.9399999976158142,0.9467999935150146
YDL178W,YKR097W,0,-6.274946,0.09030646830797195,0.9399999976158142,0.9469000101089478
YJL194W,YHR016C,0,-6.276673,0.09029778838157654,0.9399999976158142,0.9470000267028809
YLR060W,YDR103W,0,-6.2778254,0.09028911590576172,0.9399999976158142,0.9470999836921692
YHR021C,YDL159W,0,-6.277965,0.0902804434299469,0.9399999976158142,0.9472000002861023
YAL023C,YDR529C,0,-6.279216,0.09027177840471268,0.9399999976158142,0.9473000168800354
YHL047C,YNR039C,1,-6.2794237,0.09035912901163101,0.9409999847412109,0.9473000168800354
YBL030C,YAL033W,0,-6.2797155,0.09035045653581619,0.9409999847412109,0.9473999738693237
YER030W,YBR162C,0,-6.27981,0.09034178406000137,0.9409999847412109,0.9474999904632568
YJL157C,YKR009C,0,-6.279977,0.09033311158418655,0.9409999847412109,0.9476000070571899
YHR139C,YKL058W,0,-6.280376,0.09032443910837173,0.9409999847412109,0.947700023651123
YLR263W,YNL121C,0,-6.280465,0.09031576663255692,0.9409999847412109,0.9477999806404114
YKL016C,YIL023C,1,-6.2813983,0.09040307253599167,0.9419999718666077,0.9477999806404114
YHR200W,YOR295W,0,-6.281727,0.09039439260959625,0.9419999718666077,0.9478999972343445
YFL022C,YKL093W,0,-6.2825584,0.09038572013378143,0.9419999718666077,0.9480000138282776
YMR013C,YDR059C,0,-6.2827706,0.09037704765796661,0.9419999718666077,0.9480999708175659
YMR097C,YOL097C,0,-6.282981,0.09036838263273239,0.9419999718666077,0.948199987411499
YHL038C,YHR052W,0,-6.2844396,0.09035971015691757,0.9419999718666077,0.9483000040054321
YNR043W,YBR082C,0,-6.284664,0.09035104513168335,0.9419999718666077,0.9484000205993652
YER006W,YDR092W,0,-6.28471,0.09034238010644913,0.9419999718666077,0.9484999775886536
YJR004C,YGR248W,0,-6.2854433,0.0903337150812149,0.9419999718666077,0.9485999941825867
YDL052C,YOL109W,0,-6.2857404,0.09032505750656128,0.9419999718666077,0.9487000107765198
YLL008W,YFR019W,0,-6.2860527,0.09031639248132706,0.9419999718666077,0.9488000273704529
YCL034W,YOR307C,0,-6.2862196,0.09030773490667343,0.9419999718666077,0.9488999843597412
YNL101W,YGL183C,0,-6.287134,0.0902990773320198,0.9419999718666077,0.9490000009536743
YLR009W,YJR104C,0,-6.2878046,0.09029042720794678,0.9419999718666077,0.9491000175476074
YLR384C,YDL046W,0,-6.2885947,0.09028176963329315,0.9419999718666077,0.9491999745368958
YDR377W,YIL114C,1,-6.291038,0.09036894887685776,0.9430000185966492,0.9491999745368958
YLR372W,YPR107C,0,-6.291409,0.09036029130220413,0.9430000185966492,0.9492999911308289
YGR256W,YJL203W,0,-6.2920637,0.0903516337275505,0.9430000185966492,0.949400007724762
YBR244W,YKL110C,0,-6.2939205,0.09034297615289688,0.9430000185966492,0.9495000243186951
YJR069C,YLR248W,0,-6.294798,0.09033432602882385,0.9430000185966492,0.9495999813079834
YBL099W,YNR060W,1,-6.2957664,0.09042145311832428,0.9440000057220459,0.9495999813079834
YCR047C,YDR011W,0,-6.296077,0.09041279554367065,0.9440000057220459,0.9496999979019165
YOR221C,YGL257C,0,-6.296256,0.09040413796901703,0.9440000057220459,0.9498000144958496
YHR007C,YBR130C,0,-6.296837,0.0903954803943634,0.9440000057220459,0.9498999714851379
YOR340C,YBR097W,0,-6.297326,0.09038682281970978,0.9440000057220459,0.949999988079071
YDR202C,YMR239C,0,-6.297333,0.09037817269563675,0.9440000057220459,0.9501000046730042
YGL008C,YGR008C,1,-6.2983823,0.090465247631073,0.9449999928474426,0.9501000046730042
YNL053W,YBR066C,0,-6.3006783,0.09045659005641937,0.9449999928474426,0.9502000212669373
YGR147C,YJR103W,0,-6.3011513,0.09044793248176575,0.9449999928474426,0.9502999782562256
YMR035W,YLR044C,0,-6.3015995,0.09043927490711212,0.9449999928474426,0.9503999948501587
YLR314C,YJR009C,0,-6.3022575,0.09043062478303909,0.9449999928474426,0.9505000114440918
YGL071W,YGL255W,1,-6.3028708,0.09051765501499176,0.9459999799728394,0.9505000114440918
YBR296C,YBR037C,1,-6.3035984,0.09060467034578323,0.9470000267028809,0.9505000114440918
YHR068W,YPR032W,0,-6.3040485,0.09059599786996841,0.9470000267028809,0.9506000280380249
YLR405W,YPR023C,0,-6.3047295,0.09058733284473419,0.9470000267028809,0.9506999850273132
YPR006C,YKL014C,0,-6.3055196,0.09057866781949997,0.9470000267028809,0.9508000016212463
YDR225W,YNL236W,0,-6.306076,0.09057001024484634,0.9470000267028809,0.9509000182151794
YBR244W,YLR134W,0,-6.306779,0.09056134521961212,0.9470000267028809,0.9509999752044678
YMR303C,YLR285W,0,-6.308224,0.0905526876449585,0.9470000267028809,0.9510999917984009
YBL051C,YGR280C,0,-6.308815,0.09054403007030487,0.9470000267028809,0.951200008392334
YGL055W,YOL005C,0,-6.3099566,0.09053537249565125,0.9470000267028809,0.9513000249862671
YHR053C,YLR291C,0,-6.3100023,0.09052671492099762,0.9470000267028809,0.9513999819755554
YGL021W,YGL096W,0,-6.310217,0.09051806479692459,0.9470000267028809,0.9514999985694885
YER143W,YJL138C,0,-6.310983,0.09050941467285156,0.9470000267028809,0.9516000151634216
YMR213W,YJR010C-A,0,-6.312026,0.09050076454877853,0.9470000267028809,0.95169997215271
YPR030W,YPL037C,0,-6.3127384,0.0904921144247055,0.9470000267028809,0.9517999887466431
YLR205C,YDR060W,0,-6.312927,0.09048347175121307,0.9470000267028809,0.9519000053405762
YIL117C,YKL056C,0,-6.313183,0.09047482907772064,0.9470000267028809,0.9520000219345093
YDR508C,YJL210W,0,-6.3132033,0.09046617895364761,0.9470000267028809,0.9520999789237976
YOR085W,YJL098W,0,-6.3132467,0.09045754373073578,0.9470000267028809,0.9521999955177307
YLR109W,YJR047C,0,-6.3141975,0.09044890105724335,0.9470000267028809,0.9523000121116638
YKL016C,YIL114C,1,-6.3157353,0.09053576737642288,0.9480000138282776,0.9523000121116638
YBR244W,YOR085W,0,-6.3158827,0.09052711725234985,0.9480000138282776,0.9524000287055969
YGR218W,YDL247W,0,-6.316618,0.09051847457885742,0.9480000138282776,0.9524999856948853
YHR148W,YOL090W,0,-6.3169994,0.09050983190536499,0.9480000138282776,0.9526000022888184
YOR137C,YEL065W,1,-6.3171277,0.09059666097164154,0.9490000009536743,0.9526000022888184
YLR015W,YPL144W,0,-6.317195,0.09058801084756851,0.9490000009536743,0.9527000188827515
YOL144W,YEL012W,0,-6.3180656,0.09057936072349548,0.9490000009536743,0.9527999758720398
YLR214W,YGL008C,1,-6.3189735,0.09066615998744965,0.949999988079071,0.9527999758720398
YLR318W,YLR378C,0,-6.31898,0.09065750241279602,0.949999988079071,0.9528999924659729
YER044C,YER062C,0,-6.3195963,0.09064885228872299,0.949999988079071,0.953000009059906
YML080W,YJL093C,0,-6.319763,0.09064020961523056,0.949999988079071,0.9531000256538391
YER045C,YLR150W,0,-6.3213167,0.09063155949115753,0.949999988079071,0.9531999826431274
YER045C,YLR288C,0,-6.321623,0.0906229168176651,0.949999988079071,0.9532999992370605
YEL060C,YDR494W,0,-6.3228602,0.09061426669359207,0.949999988079071,0.9534000158309937
YLR304C,YJL014W,0,-6.323472,0.09060562402009964,0.949999988079071,0.953499972820282
YER143W,YPL037C,0,-6.3235393,0.0905969887971878,0.949999988079071,0.9535999894142151
YOL116W,YNL110C,0,-6.32494,0.09058834612369537,0.949999988079071,0.9537000060081482
YNL275W,YGR141W,0,-6.325046,0.09057971090078354,0.949999988079071,0.9538000226020813
YLR056W,YJR132W,0,-6.3255615,0.0905710756778717,0.949999988079071,0.9538999795913696
YDR377W,YDR276C,1,-6.3260636,0.09065777063369751,0.9509999752044678,0.9538999795913696
YOL077C,YBR170C,0,-6.326147,0.09064912796020508,0.9509999752044678,0.9539999961853027
YDL160C,YNL248C,0,-6.326156,0.09064048528671265,0.9509999752044678,0.9541000127792358
YHR053C,YDL031W,0,-6.326555,0.09063185006380081,0.9509999752044678,0.954200029373169
YCR088W,YEL054C,0,-6.3269825,0.09062321484088898,0.9509999752044678,0.9542999863624573
YDR099W,YDR198C,0,-6.32708,0.09061457961797714,0.9509999752044678,0.9544000029563904
YBR195C,YCR061W,0,-6.3282833,0.09060594439506531,0.9509999752044678,0.9545000195503235
YLR196W,YER018C,0,-6.3294706,0.09059731662273407,0.9509999752044678,0.9545999765396118
YLR080W,YGL055W,0,-6.3299932,0.09058868139982224,0.9509999752044678,0.9546999931335449
YCL039W,YLR221C,0,-6.329996,0.090580053627491,0.9509999752044678,0.954800009727478
YKL208W,YML104C,0,-6.3304305,0.09057142585515976,0.9509999752044678,0.9549000263214111
YPR112C,YGL136C,0,-6.3304634,0.09056280553340912,0.9509999752044678,0.9549999833106995
YHR001W-A,YPL012W,0,-6.3318253,0.09055417776107788,0.9509999752044678,0.9550999999046326
YOL071W,YAR002W,0,-6.332163,0.09054555743932724,0.9509999752044678,0.9552000164985657
YHL047C,YDL181W,1,-6.3326883,0.09063214063644409,0.9520000219345093,0.9552000164985657
YOL090W,YNL093W,0,-6.33335,0.09062351286411285,0.9520000219345093,0.955299973487854
YDR529C,YDR449C,0,-6.3336334,0.09061488509178162,0.9520000219345093,0.9553999900817871
YKL016C,YKL220C,1,-6.3336353,0.09070143848657608,0.953000009059906,0.9553999900817871
YDR268W,YJL010C,0,-6.3348265,0.09069280326366425,0.953000009059906,0.9555000066757202
YLR448W,YLR396C,0,-6.3352356,0.09068417549133301,0.953000009059906,0.9556000232696533
YHR150W,YLR409C,0,-6.3356133,0.09067554771900177,0.953000009059906,0.9556999802589417
YIL117C,YPL133C,0,-6.335678,0.09066691994667053,0.953000009059906,0.9557999968528748
YLR047C,YDL083C,0,-6.33598,0.0906582921743393,0.953000009059906,0.9559000134468079
YIL117C,YDR292C,0,-6.337171,0.09064967185258865,0.953000009059906,0.9559999704360962
YNL103W,YJL127C,0,-6.339744,0.09064105153083801,0.953000009059906,0.9560999870300293
YDR122W,YDR194C,0,-6.340364,0.09063243120908737,0.953000009059906,0.9562000036239624
YJR131W,YHR167W,0,-6.3406453,0.09062381088733673,0.953000009059906,0.9563000202178955
YLR022C,YOR003W,0,-6.3408933,0.09061519801616669,0.953000009059906,0.9563999772071838
YNL015W,YML097C,0,-6.341058,0.09060657769441605,0.953000009059906,0.9564999938011169
YHL011C,YBL011W,0,-6.341438,0.090597964823246,0.953000009059906,0.95660001039505
YBR029C,YIL065C,0,-6.341666,0.09058935195207596,0.953000009059906,0.9567000269889832
YBR280C,YOR307C,0,-6.3423285,0.09058074653148651,0.953000009059906,0.9567999839782715
YJL190C,YMR179W,0,-6.3426604,0.09057213366031647,0.953000009059906,0.9569000005722046
YMR301C,YER119C,0,-6.3456426,0.09056352823972702,0.953000009059906,0.9570000171661377
YFR053C,YKL057C,0,-6.345783,0.09055492281913757,0.953000009059906,0.957099974155426
YJR047C,YOR353C,0,-6.3464656,0.09054631739854813,0.953000009059906,0.9571999907493591
YPR185W,YIR021W,0,-6.3470182,0.09053771942853928,0.953000009059906,0.9573000073432922
YGL106W,YPL057C,0,-6.347479,0.09052911400794983,0.953000009059906,0.9574000239372253
YLR196W,YBR077C,0,-6.347757,0.09052051603794098,0.953000009059906,0.9574999809265137
YNR001C,YKL068W,0,-6.350414,0.09051191806793213,0.953000009059906,0.9575999975204468
YGR261C,YNL112W,0,-6.3512,0.09050332754850388,0.953000009059906,0.9577000141143799
YDR085C,YGR120C,0,-6.35126,0.09049472957849503,0.953000009059906,0.9577999711036682
YJR155W,YPL063W,0,-6.353827,0.09048613905906677,0.953000009059906,0.9578999876976013
YLL019C,YOR045W,0,-6.3539305,0.09047754853963852,0.953000009059906,0.9580000042915344
YOR168W,YFR053C,0,-6.3540773,0.09046895802021027,0.953000009059906,0.9581000208854675
YNL142W,YIL114C,1,-6.3552856,0.09055529534816742,0.9539999961853027,0.9581000208854675
YDL227C,YKL125W,0,-6.3565216,0.09054669737815857,0.9539999961853027,0.9581999778747559
YOR100C,YPR080W,0,-6.359447,0.09053810685873032,0.9539999961853027,0.958299994468689
YHR190W,YKL099C,0,-6.362249,0.09052950888872147,0.9539999961853027,0.9584000110626221
YOR216C,YHR008C,0,-6.3627853,0.09052092581987381,0.9539999961853027,0.9585000276565552
YPL082C,YOR347C,0,-6.362809,0.09051233530044556,0.9539999961853027,0.9585999846458435
YDR518W,YEL034W,0,-6.3650684,0.0905037447810173,0.9539999961853027,0.9587000012397766
YMR078C,YHR021C,0,-6.3652945,0.09049516171216965,0.9539999961853027,0.9588000178337097
YNR010W,YIL123W,0,-6.365403,0.09048657864332199,0.9539999961853027,0.958899974822998
YHR083W,YMR227C,0,-6.3655634,0.09047799557447433,0.9539999961853027,0.9589999914169312
YLR411W,YNL142W,1,-6.366438,0.09056425094604492,0.9549999833106995,0.9589999914169312
YPL119C,YOL028C,0,-6.366846,0.09055566042661667,0.9549999833106995,0.9591000080108643
YLR196W,YAL005C,0,-6.369216,0.09054707735776901,0.9549999833106995,0.9592000246047974
YOR329C,YKL081W,0,-6.370393,0.09053849428892136,0.9549999833106995,0.9592999815940857
YAL035W,YMR139W,0,-6.3705816,0.0905299112200737,0.9549999833106995,0.9593999981880188
YHR187W,YJL052W,0,-6.3708067,0.09052132815122604,0.9549999833106995,0.9595000147819519
YKR063C,YPL196W,0,-6.373088,0.09051274508237839,0.9549999833106995,0.9595999717712402
YOR185C,YHR119W,0,-6.3743625,0.09050416946411133,0.9549999833106995,0.9596999883651733
YJR035W,YLL034C,0,-6.3759484,0.09049559384584427,0.9549999833106995,0.9598000049591064
YMR276W,YFL014W,0,-6.37904,0.09048701822757721,0.9549999833106995,0.9599000215530396
YDR507C,YBL075C,0,-6.379162,0.09047844260931015,0.9549999833106995,0.9599999785423279
YOL111C,YOR004W,0,-6.3797483,0.09046987444162369,0.9549999833106995,0.960099995136261
YJR070C,YPL153C,0,-6.3801312,0.09046130627393723,0.9549999833106995,0.9602000117301941
YIL021W,YGR197C,0,-6.3811865,0.09045273810625076,0.9549999833106995,0.9603000283241272
YJL138C,YBR183W,0,-6.3818283,0.0904441699385643,0.9549999833106995,0.9603999853134155
YGR284C,YGL111W,0,-6.3821487,0.09043560922145844,0.9549999833106995,0.9605000019073486
YPL153C,YKL082C,0,-6.3823586,0.09042704105377197,0.9549999833106995,0.9606000185012817
YKL150W,YAL023C,0,-6.3830814,0.09041848033666611,0.9549999833106995,0.9606999754905701
YBR092C,YKL122C,0,-6.384491,0.09040991961956024,0.9549999833106995,0.9607999920845032
YOR040W,YGL253W,0,-6.386161,0.09040136635303497,0.9549999833106995,0.9609000086784363
YOR315W,YPL203W,0,-6.3868036,0.09039280563592911,0.9549999833106995,0.9610000252723694
YDL051W,YDR443C,0,-6.389239,0.09038425236940384,0.9549999833106995,0.9610999822616577
YJL198W,YBR024W,1,-6.392336,0.0904703289270401,0.9559999704360962,0.9610999822616577
YKL004W,YKL129C,0,-6.392635,0.09046176820993423,0.9559999704360962,0.9611999988555908
YMR319C,YER053C,1,-6.3932,0.0905478298664093,0.9570000171661377,0.9611999988555908
YGR244C,YLR134W,0,-6.3943596,0.09053926169872284,0.9570000171661377,0.9613000154495239
YJL148W,YER147C,0,-6.3944173,0.09053069353103638,0.9570000171661377,0.9613999724388123
YDR256C,YLR163C,0,-6.395212,0.09052213281393051,0.9570000171661377,0.9614999890327454
YHR005C-A,YCR061W,0,-6.3959427,0.09051357209682465,0.9570000171661377,0.9616000056266785
YGL089C,YGR222W,0,-6.3960695,0.09050501137971878,0.9570000171661377,0.9617000222206116
YIL062C,YJL033W,0,-6.39623,0.09049645066261292,0.9570000171661377,0.9617999792098999
YDR384C,YMR058W,1,-6.3966017,0.0905824527144432,0.9580000042915344,0.9617999792098999
YKL016C,YBR296C,1,-6.3971143,0.09066843241453171,0.9589999914169312,0.9617999792098999
YJL042W,YNL064C,0,-6.3982706,0.09065985679626465,0.9589999914169312,0.961899995803833
YFL018C,YOR143C,0,-6.400531,0.09065128862857819,0.9589999914169312,0.9620000123977661
YDL243C,YDR175C,0,-6.401309,0.09064272046089172,0.9589999914169312,0.9621000289916992
YGL155W,YBR126C,0,-6.4014835,0.09063415229320526,0.9589999914169312,0.9621999859809875
YML126C,YKR081C,0,-6.402687,0.0906255915760994,0.9589999914169312,0.9623000025749207
YNL059C,YNL037C,0,-6.405031,0.09061703085899353,0.9589999914169312,0.9624000191688538
YMR023C,YLR048W,0,-6.4050922,0.09060846269130707,0.9589999914169312,0.9624999761581421
YOR112W,YGR256W,0,-6.4063835,0.0905999019742012,0.9589999914169312,0.9625999927520752
YHR015W,YJL141C,0,-6.4074693,0.09059134870767593,0.9589999914169312,0.9627000093460083
YDL051W,YOR160W,0,-6.4075594,0.09058278799057007,0.9589999914169312,0.9628000259399414
YNL142W,YLR130C,1,-6.407832,0.0906686782836914,0.9599999785423279,0.9628000259399414
YNL110C,YIL129C,0,-6.4102106,0.09066011756658554,0.9599999785423279,0.9628999829292297
YHR148W,YLR337C,0,-6.410941,0.09065155684947968,0.9599999785423279,0.9629999995231628
YJL191W,YNL138W,0,-6.4113474,0.09064299613237381,0.9599999785423279,0.963100016117096
YJR033C,YNL207W,0,-6.413718,0.09063444286584854,0.9599999785423279,0.9631999731063843
YDL081C,YOR054C,0,-6.414143,0.09062588214874268,0.9599999785423279,0.9632999897003174
YJL191W,YDR027C,0,-6.414428,0.09061732888221741,0.9599999785423279,0.9634000062942505
YDR517W,YNL292W,0,-6.4145527,0.09060877561569214,0.9599999785423279,0.9635000228881836
YLR109W,YDL031W,0,-6.4160004,0.09060022979974747,0.9599999785423279,0.9635999798774719
YNL159C,YNL164C,0,-6.416364,0.0905916765332222,0.9599999785423279,0.963699996471405
YGR209C,YLR435W,0,-6.4181285,0.09058313071727753,0.9599999785423279,0.9638000130653381
YNR060W,YGR008C,1,-6.4185185,0.0906689316034317,0.9610000252723694,0.9638000130653381
YJL122W,YDR236C,0,-6.4193153,0.09066037833690643,0.9610000252723694,0.9639000296592712
YDR384C,YGL006W,1,-6.4212713,0.09074615687131882,0.9620000123977661,0.9639000296592712
YDL178W,YOR310C,0,-6.4218826,0.09073759615421295,0.9620000123977661,0.9639999866485596
YJL116C,YLR285W,0,-6.422737,0.09072903543710709,0.9620000123977661,0.9641000032424927
YOR207C,YPL203W,0,-6.42397,0.09072048217058182,0.9620000123977661,0.9642000198364258
YDR101C,YJL106W,0,-6.426521,0.09071192890405655,0.9620000123977661,0.9642999768257141
YPL164C,YOR361C,0,-6.426693,0.09070337563753128,0.9620000123977661,0.9643999934196472
YMR049C,YMR097C,0,-6.4273133,0.09069482237100601,0.9620000123977661,0.9645000100135803
YJL157C,YMR100W,0,-6.4277782,0.09068627655506134,0.9620000123977661,0.9646000266075134
YGR289C,YLR452C,0,-6.427853,0.09067772328853607,0.9620000123977661,0.9646999835968018
YBR159W,YLR059C,0,-6.4283524,0.0906691774725914,0.9620000123977661,0.9648000001907349
YOL020W,YCR083W,0,-6.428508,0.09066063165664673,0.9620000123977661,0.964900016784668
YAL055W,YDR172W,0,-6.4289017,0.09065209329128265,0.9620000123977661,0.9649999737739563
YKL112W,YNR047W,0,-6.431812,0.09064354747533798,0.9620000123977661,0.9650999903678894
YBR070C,YLR291C,0,-6.4323683,0.09063500910997391,0.9620000123977661,0.9652000069618225
YGR055W,YOR310C,0,-6.4359446,0.09062647074460983,0.9620000123977661,0.9653000235557556
YMR025W,YLR409C,0,-6.4372826,0.09061793237924576,0.9620000123977661,0.965399980545044
YBL099W,YOL158C,1,-6.437753,0.09070359170436859,0.9629999995231628,0.965399980545044
YNL098C,YHR031C,0,-6.4379606,0.09069504588842392,0.9629999995231628,0.965499997138977
YER035W,YBL002W,0,-6.438407,0.09068650752305984,0.9629999995231628,0.9656000137329102
YBR088C,YPL203W,0,-6.4386206,0.09067796915769577,0.9629999995231628,0.9656999707221985
YDR300C,YGR197C,0,-6.438653,0.0906694307923317,0.9629999995231628,0.9657999873161316
YOR340C,YBL075C,0,-6.4386725,0.09066089242696762,0.9629999995231628,0.9659000039100647
YPR112C,YBR168W,0,-6.441777,0.09065236151218414,0.9629999995231628,0.9660000205039978
YDR251W,YHR021C,0,-6.442954,0.09064382314682007,0.9629999995231628,0.9660999774932861
YHR175W,YGL255W,1,-6.443118,0.09072941541671753,0.9639999866485596,0.9660999774932861
YPR199C,YIL016W,0,-6.44333,0.09072087705135345,0.9639999866485596,0.9661999940872192
YOL082W,YLR190W,0,-6.444022,0.09071233868598938,0.9639999866485596,0.9663000106811523
YGR055W,YHR161C,0,-6.444886,0.0907038003206253,0.9639999866485596,0.9664000272750854
YPR137W,YOR329C,0,-6.4459085,0.09069526940584183,0.9639999866485596,0.9664999842643738
YDR182W,YOR310C,0,-6.44841,0.09068673849105835,0.9639999866485596,0.9666000008583069
YBL099W,YIL114C,1,-6.450163,0.09077227115631104,0.9649999737739563,0.9666000008583069
YDL208W,YMR302C,0,-6.450905,0.09076373279094696,0.9649999737739563,0.96670001745224
YKL086W,YDR324C,0,-6.452661,0.09075519442558289,0.9649999737739563,0.9667999744415283
YGR244C,YGR005C,0,-6.454504,0.09074666351079941,0.9649999737739563,0.9668999910354614
YPL265W,YPL019C,0,-6.4549007,0.09073812514543533,0.9649999737739563,0.9670000076293945
YDR151C,YJL080C,0,-6.455128,0.09072959423065186,0.9649999737739563,0.9671000242233276
YDL200C,YLR075W,0,-6.455535,0.09072107076644897,0.9649999737739563,0.967199981212616
YDL019C,YMR143W,0,-6.4567113,0.0907125398516655,0.9649999737739563,0.9672999978065491
YER001W,YPL058C,0,-6.458151,0.09070401638746262,0.9649999737739563,0.9674000144004822
YDR284C,YJL190C,0,-6.458966,0.09069548547267914,0.9649999737739563,0.9674999713897705
YOR245C,YBR162C,0,-6.4596415,0.09068696200847626,0.9649999737739563,0.9675999879837036
YBR026C,YLR183C,0,-6.4597497,0.09067844599485397,0.9649999737739563,0.9677000045776367
YLR060W,YDL079C,0,-6.459954,0.09066992253065109,0.9649999737739563,0.9678000211715698
YIL042C,YDR312W,0,-6.4604807,0.09066140651702881,0.9649999737739563,0.9678999781608582
YDR021W,YPL026C,0,-6.460881,0.09065289050340652,0.9649999737739563,0.9679999947547913
YHR139C,YLR447C,0,-6.462271,0.09064437448978424,0.9649999737739563,0.9681000113487244
YMR070W,YJL191W,0,-6.462487,0.09063585847616196,0.9649999737739563,0.9682000279426575
YPR030W,YGL246C,0,-6.464699,0.09062734991312027,0.9649999737739563,0.9682999849319458
YNL149C,YKL035W,0,-6.4669046,0.09061883389949799,0.9649999737739563,0.9684000015258789
YOR207C,YOR329C,0,-6.4672794,0.0906103253364563,0.9649999737739563,0.968500018119812
YJL034W,YDR058C,0,-6.4691367,0.09060182422399521,0.9649999737739563,0.9685999751091003
YGR248W,YNL246W,0,-6.4700356,0.09059331566095352,0.9649999737739563,0.9686999917030334
YPR067W,YGL255W,1,-6.471283,0.09067868441343307,0.9660000205039978,0.9686999917030334
YKL146W,YIL008W,0,-6.4726562,0.09067016839981079,0.9660000205039978,0.9688000082969666
YLR303W,YPL152W,0,-6.4727807,0.0906616598367691,0.9660000205039978,0.9689000248908997
YER015W,YPL144W,0,-6.473092,0.09065315127372742,0.9660000205039978,0.968999981880188
YML123C,YGL006W,1,-6.4761868,0.09073848277330399,0.9670000076293945,0.968999981880188
YDR219C,YOR063W,0,-6.4787974,0.0907299667596817,0.9670000076293945,0.9690999984741211
YOR321W,YLR150W,0,-6.48059,0.09072145819664001,0.9670000076293945,0.9692000150680542
YJR069C,YHR006W,0,-6.4812,0.09071294218301773,0.9670000076293945,0.9692999720573425
YMR260C,YAL002W,0,-6.481592,0.09070443361997604,0.9670000076293945,0.9693999886512756
YPL163C,YOL097C,0,-6.483483,0.09069593250751495,0.9670000076293945,0.9695000052452087
YCR075C,YFR030W,0,-6.484151,0.09068742394447327,0.9670000076293945,0.9696000218391418
YGR191W,YGR008C,1,-6.4843006,0.09077269583940506,0.9679999947547913,0.9696000218391418
YLR113W,YGR159C,0,-6.484824,0.09076417982578278,0.9679999947547913,0.9696999788284302
YNL182C,YNL071W,0,-6.4849987,0.09075567126274109,0.9679999947547913,0.9697999954223633
YBR244W,YGL236C,0,-6.4867506,0.0907471626996994,0.9679999947547913,0.9699000120162964
YLR039C,YJL190C,0,-6.4869237,0.09073865413665771,0.9679999947547913,0.9700000286102295
YEL053C,YER103W,0,-6.4882364,0.09073015302419662,0.9679999947547913,0.9700999855995178
YMR049C,YDL097C,0,-6.4897714,0.09072165191173553,0.9679999947547913,0.9702000021934509
YNR057C,YMR260C,0,-6.4906564,0.09071315079927444,0.9679999947547913,0.970300018787384
YDR219C,YDL081C,0,-6.491377,0.09070464968681335,0.9679999947547913,0.9703999757766724
YLR216C,YGR216C,0,-6.4919024,0.09069614857435226,0.9679999947547913,0.9704999923706055
YMR058W,YGL006W,1,-6.4927273,0.09078133851289749,0.968999981880188,0.9704999923706055
YGL038C,YOL080C,0,-6.4929147,0.0907728374004364,0.968999981880188,0.9706000089645386
YMR058W,YGR008C,1,-6.492938,0.09085799753665924,0.9700000286102295,0.9706000089645386
YDL081C,YPL203W,0,-6.4933076,0.09084948897361755,0.9700000286102295,0.9707000255584717
YNL036W,YDR165W,0,-6.493492,0.09084098041057587,0.9700000286102295,0.97079998254776
YER145C,YBR296C,1,-6.4971695,0.09092611819505692,0.9710000157356262,0.97079998254776
YCL044C,YDR324C,0,-6.4979486,0.09091760218143463,0.9710000157356262,0.9708999991416931
YKL009W,YLR424W,0,-6.498399,0.09090909361839294,0.9710000157356262,0.9710000157356262
YDL149W,YGR152C,0,-6.4997206,0.09090057760477066,0.9710000157356262,0.9710999727249146
YDR258C,YNL102W,0,-6.500431,0.09089206904172897,0.9710000157356262,0.9711999893188477
YGL070C,YIL119C,0,-6.504273,0.09088356792926788,0.9710000157356262,0.9713000059127808
YDR294C,YMR049C,0,-6.505048,0.0908750593662262,0.9710000157356262,0.9714000225067139
YDL197C,YPR112C,0,-6.507747,0.09086655080318451,0.9710000157356262,0.9714999794960022
YDL024C,YER146W,0,-6.508622,0.09085804969072342,0.9710000157356262,0.9715999960899353
YLR398C,YPL057C,0,-6.509954,0.09084954857826233,0.9710000157356262,0.9717000126838684
YJL196C,YLR014C,0,-6.512432,0.09084105491638184,0.9710000157356262,0.9718000292778015
YHR067W,YBL039C,0,-6.515582,0.09083255380392075,0.9710000157356262,0.9718999862670898
YDR384C,YBR207W,1,-6.5160203,0.09091759473085403,0.972000002861023,0.9718999862670898
YJR121W,YMR319C,1,-6.5164585,0.09100262075662613,0.9729999899864197,0.9718999862670898
YDR216W,YGL099W,0,-6.517044,0.09099410474300385,0.9729999899864197,0.972000002861023
YGR078C,YOL110W,0,-6.5171614,0.09098559617996216,0.9729999899864197,0.972100019454956
YDR382W,YDR453C,0,-6.5177326,0.09097709506750107,0.9729999899864197,0.9721999764442444
YLL060C,YEL051W,0,-6.520872,0.09096858650445938,0.9729999899864197,0.9722999930381775
YFR053C,YHR186C,0,-6.522181,0.09096008539199829,0.9729999899864197,0.9724000096321106
YOL060C,YNL244C,0,-6.5251036,0.0909515768289566,0.9729999899864197,0.9725000262260437
YNL325C,YGR055W,0,-6.5260177,0.09094307571649551,0.9729999899864197,0.972599983215332
YMR301C,YBR126C,0,-6.526085,0.09093458205461502,0.9729999899864197,0.9726999998092651
YOL077C,YJR125C,0,-6.5276814,0.09092608094215393,0.9729999899864197,0.9728000164031982
YPR023C,YNL044W,0,-6.528411,0.09091758728027344,0.9729999899864197,0.9728999733924866
YHR096C,YMR218C,0,-6.530307,0.09090909361839294,0.9729999899864197,0.9729999899864197
YMR303C,YIR026C,0,-6.530447,0.09090059995651245,0.9729999899864197,0.9731000065803528
YJL026W,YOR179C,0,-6.530957,0.09089210629463196,0.9729999899864197,0.9732000231742859
YDL198C,YOR310C,0,-6.5341415,0.09088362008333206,0.9729999899864197,0.9732999801635742
YBR185C,YPL058C,0,-6.5362444,0.09087512642145157,0.9729999899864197,0.9733999967575073
YOR243C,YEL041W,0,-6.5395117,0.09086664021015167,0.9729999899864197,0.9735000133514404
YIL033C,YOR078W,0,-6.5396957,0.09085815399885178,0.9729999899864197,0.9735999703407288
YDL213C,YNL003C,0,-6.5404396,0.09084967523813248,0.9729999899864197,0.9736999869346619
YMR029C,YNL061W,0,-6.5412364,0.09084118902683258,0.9729999899864197,0.973800003528595
YLR196W,YGL095C,0,-6.543414,0.09083271026611328,0.9729999899864197,0.9739000201225281
YBR024W,YGL255W,1,-6.544278,0.09091757982969284,0.9739999771118164,0.9739000201225281
YJL122W,YLR034C,0,-6.54463,0.09090909361839294,0.9739999771118164,0.9739999771118164
YER044C,YBL039C,0,-6.5453167,0.09090060740709305,0.9739999771118164,0.9740999937057495
YMR112C,YLR048W,0,-6.5470104,0.09089212119579315,0.9739999771118164,0.9742000102996826
YER143W,YDR382W,0,-6.5477104,0.09088364243507385,0.9739999771118164,0.9743000268936157
YDR174W,YER103W,0,-6.5521636,0.09087516367435455,0.9739999771118164,0.974399983882904
YLR144C,YJR145C,0,-6.555279,0.09086668491363525,0.9739999771118164,0.9745000004768372
YPR065W,YGL112C,0,-6.555687,0.09085820615291595,0.9739999771118164,0.9746000170707703
YNL292W,YHR161C,0,-6.555768,0.09084973484277725,0.9739999771118164,0.9746999740600586
YEL029C,YOR031W,0,-6.557913,0.09084126353263855,0.9739999771118164,0.9747999906539917
YNL042W,YLR060W,0,-6.559693,0.09083279222249985,0.9739999771118164,0.9749000072479248
YDR004W,YOR224C,0,-6.560767,0.09082432091236115,0.9739999771118164,0.9750000238418579
YMR058W,YDL181W,1,-6.5611877,0.09090909361839294,0.9750000238418579,0.9750000238418579
YDR411C,YLR264W,0,-6.561267,0.09090061485767365,0.9750000238418579,0.9750999808311462
YNR019W,YAL025C,0,-6.5627394,0.09089214354753494,0.9750000238418579,0.9751999974250793
YMR056C,YER168C,0,-6.56499,0.09088367223739624,0.9750000238418579,0.9753000140190125
YOL065C,YOR004W,0,-6.565147,0.09087520092725754,0.9750000238418579,0.9753999710083008
YIL053W,YIL123W,0,-6.569107,0.09086672961711884,0.9750000238418579,0.9754999876022339
YHL040C,YKL120W,1,-6.5702724,0.09095145016908646,0.9760000109672546,0.9754999876022339
YOL144W,YDR043C,0,-6.570371,0.09094297140836716,0.9760000109672546,0.975600004196167
YPR030W,YKL125W,0,-6.5715446,0.09093450009822845,0.9760000109672546,0.9757000207901001
YDR377W,YKL220C,1,-6.572275,0.09101919084787369,0.9769999980926514,0.9757000207901001
YJL102W,YIR033W,0,-6.5733576,0.09101071208715439,0.9769999980926514,0.9757999777793884
YLR106C,YGR193C,0,-6.5748196,0.09100223332643509,0.9769999980926514,0.9758999943733215
YGL256W,YJL112W,0,-6.5765553,0.09099376201629639,0.9769999980926514,0.9760000109672546
YOL158C,YOR381W,1,-6.5785284,0.09107841551303864,0.9779999852180481,0.9760000109672546
YCR088W,YDR082W,0,-6.579876,0.09106992930173874,0.9779999852180481,0.9761000275611877
YNL116W,YHR066W,0,-6.5820837,0.09106145054101944,0.9779999852180481,0.9761999845504761
YIL112W,YLR372W,0,-6.582229,0.09105297178030014,0.9779999852180481,0.9763000011444092
YDR436W,YGL171W,0,-6.5849924,0.09104450047016144,0.9779999852180481,0.9764000177383423
YCR005C,YEL016C,0,-6.586528,0.09103602170944214,0.9779999852180481,0.9764999747276306
YOL016C,YDL002C,0,-6.586655,0.09102755039930344,0.9779999852180481,0.9765999913215637
YDR245W,YKR097W,0,-6.5916753,0.09101907908916473,0.9779999852180481,0.9767000079154968
YIL034C,YHR062C,0,-6.594017,0.09101060777902603,0.9779999852180481,0.9768000245094299
YDL083C,YMR030W,0,-6.596341,0.09100213646888733,0.9779999852180481,0.9768999814987183
YFR036W,YMR088C,0,-6.5967445,0.09099367260932922,0.9779999852180481,0.9769999980926514
YOL158C,YPL092W,1,-6.5998974,0.09107823669910431,0.9789999723434448,0.9769999980926514
YPL119C,YNL209W,0,-6.604025,0.0910697653889656,0.9789999723434448,0.9771000146865845
YHL048W,YML093W,0,-6.604568,0.0910612940788269,0.9789999723434448,0.9771999716758728
YKL016C,YNR060W,1,-6.6046143,0.0911458358168602,0.9800000190734863,0.9771999716758728
YLR074C,YMR284W,0,-6.60567,0.0911373570561409,0.9800000190734863,0.9772999882698059
YPL202C,YNL044W,0,-6.606938,0.0911288857460022,0.9800000190734863,0.977400004863739
YMR275C,YEL054C,0,-6.6106853,0.0911204069852829,0.9800000190734863,0.9775000214576721
YDR342C,YIR026C,0,-6.6116295,0.0911119356751442,0.9800000190734863,0.9775999784469604
YER044C,YMR065W,0,-6.6173487,0.0911034643650055,0.9800000190734863,0.9776999950408936
YBR296C,YGL255W,1,-6.617667,0.09118795394897461,0.9810000061988831,0.9776999950408936
YOR063W,YDR427W,0,-6.6196437,0.09117947518825531,0.9810000061988831,0.9778000116348267
YMR303C,YLR080W,0,-6.6205893,0.09117100387811661,0.9810000061988831,0.9779000282287598
YKL165C,YKL188C,0,-6.6214867,0.0911625325679779,0.9810000061988831,0.9779999852180481
YDR273W,YDR404C,0,-6.622593,0.0911540612578392,0.9810000061988831,0.9781000018119812
YLR201C,YCR057C,0,-6.6231976,0.0911455899477005,0.9810000061988831,0.9782000184059143
YPR154W,YLR263W,0,-6.6232824,0.0911371260881424,0.9810000061988831,0.9782999753952026
YGL047W,YOL080C,0,-6.6247053,0.09112865477800369,0.9810000061988831,0.9783999919891357
YKL086W,YER082C,0,-6.625086,0.09112019091844559,0.9810000061988831,0.9785000085830688
YNL314W,YLR196W,0,-6.6256037,0.09111172705888748,0.9810000061988831,0.978600025177002
YGR109C,YNL248C,0,-6.6289277,0.09110327064990997,0.9810000061988831,0.9786999821662903
YCR092C,YKR097W,0,-6.630555,0.09109480679035187,0.9810000061988831,0.9787999987602234
YDR264C,YNL015W,0,-6.632602,0.09108635038137436,0.9810000061988831,0.9789000153541565
YDL083C,YCL033C,0,-6.6334896,0.09107789397239685,0.9810000061988831,0.9789999723434448
YBR155W,YOR014W,0,-6.6371965,0.09106943756341934,0.9810000061988831,0.9790999889373779
YCR072C,YOR027W,0,-6.6376944,0.09106098860502243,0.9810000061988831,0.979200005531311
YMR136W,YDL112W,0,-6.639095,0.09105253219604492,0.9810000061988831,0.9793000221252441
YDR384C,YGL008C,1,-6.641259,0.0911368876695633,0.9819999933242798,0.9793000221252441
YKR009C,YPL012W,0,-6.6417046,0.09112843126058578,0.9819999933242798,0.9793999791145325
YIR037W,YDR300C,0,-6.643017,0.09111997485160828,0.9819999933242798,0.9794999957084656
YOR173W,YDR235W,0,-6.6449547,0.09111152589321136,0.9819999933242798,0.9796000123023987
YDR384C,YNR039C,1,-6.6466565,0.09119584411382675,0.9829999804496765,0.9796000123023987
YDR076W,YNL302C,0,-6.646804,0.09118738770484924,0.9829999804496765,0.9797000288963318
YPR083W,YPL131W,0,-6.6499505,0.09117892384529114,0.9829999804496765,0.9797999858856201
YHR094C,YLR069C,0,-6.656152,0.09117046743631363,0.9829999804496765,0.9799000024795532
YKL026C,YMR241W,0,-6.657522,0.09116201102733612,0.9829999804496765,0.9800000190734863
YDR517W,YOR143C,0,-6.658453,0.09115356206893921,0.9829999804496765,0.9800999760627747
YNL075W,YNL173C,0,-6.659204,0.0911451056599617,0.9829999804496765,0.9801999926567078
YPR006C,YBR153W,0,-6.662634,0.09113665670156479,0.9829999804496765,0.9803000092506409
YOL091W,YBR162C,0,-6.6628647,0.09112820774316788,0.9829999804496765,0.980400025844574
YDL149W,YMR128W,0,-6.6632137,0.09111976623535156,0.9829999804496765,0.9804999828338623
YNL133C,YLR340W,0,-6.6646104,0.09111131727695465,0.9829999804496765,0.9805999994277954
YPL006W,YJL035C,0,-6.664688,0.09110287576913834,0.9829999804496765,0.9807000160217285
YDR384C,YBR024W,1,-6.6652822,0.09118709713220596,0.984000027179718,0.9807000160217285
YDR377W,YMR319C,1,-6.667098,0.091271311044693,0.9850000143051147,0.9807000160217285
YGL187C,YBL039C,0,-6.668308,0.09126285463571548,0.9850000143051147,0.9807999730110168
YIR028W,YNR053C,0,-6.6684875,0.09125439822673798,0.9850000143051147,0.98089998960495
YKL172W,YPL091W,0,-6.6731095,0.09124594926834106,0.9850000143051147,0.9810000061988831
YLL001W,YPL211W,0,-6.6751866,0.09123749285936356,0.9850000143051147,0.9811000227928162
YNL142W,YBR106W,1,-6.6757784,0.091321662068367,0.9860000014305115,0.9811000227928162
YMR004W,YMR142C,0,-6.676521,0.0913132056593895,0.9860000014305115,0.9811999797821045
YIL019W,YOR018W,0,-6.677848,0.09130474925041199,0.9860000014305115,0.9812999963760376
YOR341W,YIL017C,0,-6.6782866,0.09129629284143448,0.9860000014305115,0.9814000129699707
YJR047C,YJL219W,0,-6.6803412,0.09128784388303757,0.9860000014305115,0.9815000295639038
YOL077C,YNL257C,0,-6.6825466,0.09127939492464066,0.9860000014305115,0.9815999865531921
YCR052W,YPL087W,0,-6.6856675,0.09127094596624374,0.9860000014305115,0.9817000031471252
YDR377W,YNR060W,1,-6.698329,0.09135505557060242,0.9869999885559082,0.9817000031471252
YPL217C,YJL036W,0,-6.6991353,0.09134659916162491,0.9869999885559082,0.9818000197410583
YLR295C,YIL114C,1,-6.701809,0.09143068641424179,0.9879999756813049,0.9818000197410583
YBR168W,YML093W,0,-6.7058635,0.09142223000526428,0.9879999756813049,0.9818999767303467
YER142C,YPR110C,0,-6.711279,0.09141376614570618,0.9879999756813049,0.9819999933242798
YBL078C,YER122C,0,-6.713084,0.09140530973672867,0.9879999756813049,0.9821000099182129
YNL259C,YMR319C,1,-6.714334,0.09148935973644257,0.9890000224113464,0.9821000099182129
YMR116C,YDL138W,0,-6.7168083,0.09148089587688446,0.9890000224113464,0.982200026512146
YMR056C,YOR034C,0,-6.7190685,0.09147243946790695,0.9890000224113464,0.9822999835014343
YDR423C,YBR084W,0,-6.7204866,0.09146397560834885,0.9890000224113464,0.9824000000953674
YDR043C,YLR183C,0,-6.7214127,0.09145551919937134,0.9890000224113464,0.9825000166893005
YGR185C,YNL241C,0,-6.724253,0.09144706279039383,0.9890000224113464,0.9825999736785889
YLR210W,YKL026C,0,-6.725404,0.09143860638141632,0.9890000224113464,0.982699990272522
YLR304C,YKL009W,0,-6.7273283,0.09143015742301941,0.9890000224113464,0.9828000068664551
YGL062W,YOR229W,0,-6.733923,0.0914217010140419,0.9890000224113464,0.9829000234603882
YNL112W,YJL173C,0,-6.7347317,0.09141325205564499,0.9890000224113464,0.9829999804496765
YEL022W,YML118W,0,-6.7459126,0.09140480309724808,0.9890000224113464,0.9830999970436096
YDL126C,YDL208W,0,-6.7473564,0.09139636158943176,0.9890000224113464,0.9832000136375427
YCR005C,YHR203C,0,-6.7556868,0.09138791263103485,0.9890000224113464,0.983299970626831
YIL140W,YOL077C,0,-6.7609873,0.09137947112321854,0.9890000224113464,0.9833999872207642
YPL095C,YPR110C,0,-6.76148,0.09137102961540222,0.9890000224113464,0.9835000038146973
YOL142W,YAL030W,0,-6.761484,0.09136258810758591,0.9890000224113464,0.9836000204086304
YHL002W,YLR221C,0,-6.7629504,0.09135414659976959,0.9890000224113464,0.9836999773979187
YOL064C,YHR015W,0,-6.763259,0.09134571254253387,0.9890000224113464,0.9837999939918518
YDR214W,YLR249W,0,-6.76349,0.09133727103471756,0.9890000224113464,0.9839000105857849
YDL148C,YDR178W,0,-6.767267,0.09132883697748184,0.9890000224113464,0.984000027179718
YPR185W,YGR195W,0,-6.767726,0.09132040292024612,0.9890000224113464,0.9840999841690063
YNR059W,YER103W,0,-6.768527,0.091311976313591,0.9890000224113464,0.9842000007629395
YCR005C,YGR229C,0,-6.769603,0.09130354225635529,0.9890000224113464,0.9843000173568726
YER119C,YLR384C,0,-6.773022,0.09129511564970016,0.9890000224113464,0.9843999743461609
YFL014W,YJL098W,0,-6.773814,0.09128668904304504,0.9890000224113464,0.984499990940094
YML057W,YLR048W,0,-6.7752247,0.09127826243638992,0.9890000224113464,0.9846000075340271
YBR177C,YDR429C,0,-6.779666,0.0912698432803154,0.9890000224113464,0.9847000241279602
YLL009C,YGL006W,1,-6.7913113,0.09135369211435318,0.9900000095367432,0.9847000241279602
YMR128W,YOR054C,0,-6.7914767,0.09134526550769806,0.9900000095367432,0.9847999811172485
YAL059W,YDL078C,0,-6.7915726,0.09133683890104294,0.9900000095367432,0.9848999977111816
YIL079C,YOR003W,0,-6.7919426,0.09132841229438782,0.9900000095367432,0.9850000143051147
YDR270W,YMR319C,1,-6.7941446,0.09141223132610321,0.9909999966621399,0.9850000143051147
YGR177C,YNR001C,0,-6.7960606,0.09140379726886749,0.9909999966621399,0.9850999712944031
YDR256C,YGR162W,0,-6.7993803,0.09139537066221237,0.9909999966621399,0.9851999878883362
YDR258C,YER075C,0,-6.8011637,0.09138694405555725,0.9909999966621399,0.9853000044822693
YLR384C,YBR280C,0,-6.8022532,0.09137851744890213,0.9909999966621399,0.9854000210762024
YOR173W,YKL018W,0,-6.803726,0.09137009084224701,0.9909999966621399,0.9854999780654907
YGL219C,YKL009W,0,-6.807787,0.09136166423559189,0.9909999966621399,0.9855999946594238
YMR319C,YPL092W,1,-6.811705,0.0914454311132431,0.9919999837875366,0.9855999946594238
YAL053W,YOR226C,0,-6.813439,0.09143699705600739,0.9919999837875366,0.9857000112533569
YAL054C,YER168C,0,-6.8139877,0.09142857044935226,0.9919999837875366,0.98580002784729
YBR177C,YBL075C,0,-6.8177423,0.09142014384269714,0.9919999837875366,0.9858999848365784
YLR411W,YMR319C,1,-6.8192487,0.09150387346744537,0.9929999709129333,0.9858999848365784
YGR244C,YCL054W,0,-6.822263,0.09149543941020966,0.9929999709129333,0.9860000014305115
YLR074C,YML057W,0,-6.82678,0.09148701280355453,0.9929999709129333,0.9861000180244446
YNL110C,YNL312W,0,-6.8290052,0.09147857874631882,0.9929999709129333,0.9861999750137329
YCL039W,YJR007W,0,-6.8299766,0.0914701521396637,0.9929999709129333,0.986299991607666
YOR036W,YNR046W,0,-6.830934,0.09146173298358917,0.9929999709129333,0.9864000082015991
YEL003W,YHR096C,0,-6.832613,0.09145330637693405,0.9929999709129333,0.9865000247955322
YMR049C,YJR131W,0,-6.8327312,0.09144488722085953,0.9929999709129333,0.9865999817848206
YDL149W,YNR046W,0,-6.837038,0.0914364606142044,0.9929999709129333,0.9866999983787537
YCR010C,YDL181W,1,-6.8399315,0.09152011573314667,0.9940000176429749,0.9866999983787537
YGR256W,YGL099W,0,-6.844191,0.09151168912649155,0.9940000176429749,0.9868000149726868
YPR154W,YMR260C,0,-6.8464966,0.09150326997041702,0.9940000176429749,0.9868999719619751
YBR026C,YML052W,0,-6.8476253,0.0914948433637619,0.9940000176429749,0.9869999885559082
YHR170W,YPL026C,0,-6.849683,0.09148642420768738,0.9940000176429749,0.9871000051498413
YNL182C,YEL024W,0,-6.855499,0.09147800505161285,0.9940000176429749,0.9872000217437744
YPL058C,YNL044W,0,-6.857789,0.09146958589553833,0.9940000176429749,0.9872999787330627
YJR155W,YGR162W,0,-6.8608027,0.0914611667394638,0.9940000176429749,0.9873999953269958
YOL040C,YOR054C,0,-6.8610096,0.09145275503396988,0.9940000176429749,0.987500011920929
YOR347C,YPR009W,0,-6.865723,0.09144434332847595,0.9940000176429749,0.9876000285148621
YJR070C,YOL147C,0,-6.869749,0.09143593162298203,0.9940000176429749,0.9876999855041504
YCR005C,YLR172C,0,-6.8703527,0.0914275199174881,0.9940000176429749,0.9878000020980835
YCL025C,YLL002W,0,-6.872772,0.09141910821199417,0.9940000176429749,0.9879000186920166
YLL060C,YKL056C,0,-6.873077,0.09141070395708084,0.9940000176429749,0.9879999756813049
YLR382C,YOR095C,0,-6.8750677,0.09140229970216751,0.9940000176429749,0.988099992275238
YER053C,YIL114C,1,-6.8761683,0.09148584306240082,0.9950000047683716,0.988099992275238
YLR295C,YMR319C,1,-6.8782024,0.09156936407089233,0.9959999918937683,0.988099992275238
YER017C,YLR449W,0,-6.879381,0.09156095236539841,0.9959999918937683,0.9882000088691711
YGL001C,YMR136W,0,-6.8798294,0.09155253320932388,0.9959999918937683,0.9883000254631042
YOL063C,YKL009W,0,-6.882635,0.09154411405324936,0.9959999918937683,0.9883999824523926
YHR170W,YLR006C,0,-6.8827524,0.09153570234775543,0.9959999918937683,0.9884999990463257
YDR384C,YGL255W,1,-6.884428,0.09161918610334396,0.996999979019165,0.9884999990463257
YDR384C,YDR270W,1,-6.8915873,0.0917026549577713,0.9980000257492065,0.9884999990463257
YJR125C,YML093W,0,-6.891903,0.09169422835111618,0.9980000257492065,0.9886000156402588
YLR372W,YPL203W,0,-6.895418,0.09168580919504166,0.9980000257492065,0.9886999726295471
YCL052C,YIL053W,0,-6.899276,0.09167738258838654,0.9980000257492065,0.9887999892234802
YER127W,YOR054C,0,-6.899624,0.09166896343231201,0.9980000257492065,0.9889000058174133
YGL084C,YGR128C,0,-6.9007497,0.09166054427623749,0.9980000257492065,0.9890000224113464
YJL100W,YNL002C,0,-6.9072433,0.09165212512016296,0.9980000257492065,0.9890999794006348
YKL110C,YPL154C,0,-6.9114923,0.09164371341466904,0.9980000257492065,0.9891999959945679
YDL085W,YJR145C,0,-6.9172134,0.09163529425859451,0.9980000257492065,0.989300012588501
YFL014W,YDR103W,0,-6.918982,0.09162688255310059,0.9980000257492065,0.9894000291824341
YPL249C,YFL002C,0,-6.921299,0.09161847084760666,0.9980000257492065,0.9894999861717224
YPL015C,YNL248C,0,-6.9235067,0.09161005914211273,0.9980000257492065,0.9896000027656555
YLR324W,YDL201W,0,-6.9292507,0.0916016548871994,0.9980000257492065,0.9897000193595886
YER127W,YOR380W,0,-6.931011,0.09159324318170547,0.9980000257492065,0.989799976348877
YGR088W,YIL061C,0,-6.9347544,0.09158483892679214,0.9980000257492065,0.9898999929428101
YNL075W,YJL036W,0,-6.9353914,0.09157643467187881,0.9980000257492065,0.9900000095367432
YPL211W,YGR253C,0,-6.9412374,0.09156803041696548,0.9980000257492065,0.9901000261306763
YER062C,YFL026W,0,-6.944378,0.09155963361263275,0.9980000257492065,0.9901999831199646
YOR245C,YLR150W,0,-6.9490404,0.09155123680830002,0.9980000257492065,0.9902999997138977
YNL116W,YIL016W,0,-6.949157,0.09154283255338669,0.9980000257492065,0.9904000163078308
YML094W,YDR077W,0,-6.949562,0.09153444319963455,0.9980000257492065,0.9904999732971191
YLR074C,YLR034C,0,-6.950343,0.09152604639530182,0.9980000257492065,0.9905999898910522
YAL025C,YNL294C,0,-6.954524,0.09151764959096909,0.9980000257492065,0.9907000064849854
YFL016C,YDR165W,0,-6.9566813,0.09150926023721695,0.9980000257492065,0.9908000230789185
YLR291C,YBR280C,0,-6.959662,0.09150087088346481,0.9980000257492065,0.9908999800682068
YGL055W,YHR167W,0,-6.962504,0.09149248152971268,0.9980000257492065,0.9909999966621399
YER062C,YGR289C,0,-6.9634657,0.09148409217596054,0.9980000257492065,0.991100013256073
YPL240C,YNL299W,0,-6.9681664,0.091475710272789,0.9980000257492065,0.9911999702453613
YOR386W,YGR085C,0,-6.968626,0.09146732836961746,0.9980000257492065,0.9912999868392944
YER142C,YGL120C,0,-6.970689,0.09145894646644592,0.9980000257492065,0.9914000034332275
YJR155W,YBL032W,0,-6.9756565,0.09145056456327438,0.9980000257492065,0.9915000200271606
YOR173W,YCR035C,0,-6.979066,0.09144218266010284,0.9980000257492065,0.991599977016449
YMR184W,YGL099W,0,-6.979367,0.0914338082075119,0.9980000257492065,0.9916999936103821
YDR085C,YDR037W,0,-6.989618,0.09142543375492096,0.9980000257492065,0.9918000102043152
YFL011W,YDR023W,0,-6.990059,0.09141705930233002,0.9980000257492065,0.9919000267982483
YHR148W,YDR435C,0,-6.99428,0.09140868484973907,0.9980000257492065,0.9919999837875366
YLR248W,YCR072C,0,-6.9993534,0.09140031039714813,0.9980000257492065,0.9921000003814697
YLR129W,YOR040W,0,-7.0068235,0.09139194339513779,0.9980000257492065,0.9922000169754028
YJL198W,YOR137C,1,-7.0137625,0.09147513657808304,0.9990000128746033,0.9922000169754028
YNL116W,YEL054C,0,-7.0146303,0.0914667621254921,0.9990000128746033,0.9922999739646912
YJL060W,YNL248C,0,-7.0162706,0.09145838767290115,0.9990000128746033,0.9923999905586243
YMR303C,YNL201C,0,-7.0217323,0.09145002067089081,0.9990000128746033,0.9925000071525574
YMR303C,YMR288W,0,-7.033544,0.09144164621829987,0.9990000128746033,0.9926000237464905
YNL073W,YNL151C,0,-7.034229,0.09143327921628952,0.9990000128746033,0.9926999807357788
YHR123W,YFL014W,0,-7.036228,0.09142491221427917,0.9990000128746033,0.9927999973297119
YOR198C,YOR031W,0,-7.0402536,0.09141654521226883,0.9990000128746033,0.992900013923645
YPR017C,YBL064C,0,-7.0569277,0.09140817821025848,0.9990000128746033,0.9929999709129333
YBR177C,YPR144C,0,-7.061949,0.09139981865882874,0.9990000128746033,0.9930999875068665
YNL111C,YGR248W,0,-7.074566,0.09139145910739899,0.9990000128746033,0.9932000041007996
YGL035C,YLR448W,0,-7.075592,0.09138309210538864,0.9990000128746033,0.9933000206947327
YKL172W,YER035W,0,-7.077279,0.09137474000453949,0.9990000128746033,0.993399977684021
YIL010W,YOR095C,0,-7.085704,0.09136638045310974,0.9990000128746033,0.9934999942779541
YFL014W,YPL093W,0,-7.087286,0.09135802835226059,0.9990000128746033,0.9936000108718872
YMR250W,YDR113C,0,-7.0944624,0.09134966880083084,0.9990000128746033,0.9937000274658203
YJR001W,YPR144C,0,-7.108346,0.09134131669998169,0.9990000128746033,0.9937999844551086
YCL040W,YOR188W,0,-7.1172667,0.09133296459913254,0.9990000128746033,0.9939000010490417
YGR078C,YBR183W,0,-7.120207,0.09132461994886398,0.9990000128746033,0.9940000176429749
YDR258C,YFL045C,0,-7.1343536,0.09131626784801483,0.9990000128746033,0.9940999746322632
YJL122W,YNR019W,0,-7.1450024,0.09130792319774628,0.9990000128746033,0.9941999912261963
YJR047C,YNL202W,0,-7.1462455,0.09129957854747772,0.9990000128746033,0.9943000078201294
YOL082W,YDR060W,0,-7.1467414,0.09129123389720917,0.9990000128746033,0.9944000244140625
YPL196W,YLR316C,0,-7.14896,0.09128289669752121,0.9990000128746033,0.9944999814033508
YMR212C,YNL274C,0,-7.153229,0.09127455204725266,0.9990000128746033,0.9945999979972839
YDL078C,YOR310C,0,-7.171752,0.0912662148475647,0.9990000128746033,0.994700014591217
YOR173W,YER107C,0,-7.1722813,0.09125787764787674,0.9990000128746033,0.9947999715805054
YGR159C,YEL041W,0,-7.173196,0.09124954044818878,0.9990000128746033,0.9948999881744385
YNL182C,YLL040C,0,-7.182633,0.09124121069908142,0.9990000128746033,0.9950000047683716
YKR076W,YOL061W,0,-7.1853456,0.09123287349939346,0.9990000128746033,0.9951000213623047
YMR139W,YJL191W,0,-7.198327,0.0912245437502861,0.9990000128746033,0.995199978351593
YOR310C,YBR035C,0,-7.198383,0.09121621400117874,0.9990000128746033,0.9952999949455261
YNL037C,YGL099W,0,-7.1995306,0.09120789170265198,0.9990000128746033,0.9954000115394592
YMR116C,YKL188C,0,-7.209507,0.09119956195354462,0.9990000128746033,0.9955000281333923
YOR031W,YMR049C,0,-7.2164593,0.09119123965501785,0.9990000128746033,0.9955999851226807
YFR053C,YPR110C,0,-7.2321944,0.09118290990591049,0.9990000128746033,0.9957000017166138
YIL010W,YDR449C,0,-7.2432804,0.09117459505796432,0.9990000128746033,0.9958000183105469
YPL266W,YBL064C,0,-7.247868,0.09116627275943756,0.9990000128746033,0.9958999752998352
YDR365C,YMR250W,0,-7.2526255,0.0911579504609108,0.9990000128746033,0.9959999918937683
YBR126C,YNR046W,0,-7.262259,0.09114963561296463,0.9990000128746033,0.9961000084877014
YGL187C,YGL162W,0,-7.3293276,0.09114132076501846,0.9990000128746033,0.9962000250816345
YGL187C,YPL240C,0,-7.33486,0.0911330059170723,0.9990000128746033,0.9962999820709229
YOR078W,YPL206C,0,-7.3424225,0.09112469106912613,0.9990000128746033,0.996399998664856
YJL060W,YOL144W,0,-7.3428936,0.09111638367176056,0.9990000128746033,0.9965000152587891
YGR159C,YGR044C,0,-7.35802,0.09110806882381439,0.9990000128746033,0.9965999722480774
YPL211W,YJR049C,0,-7.377143,0.09109976142644882,0.9990000128746033,0.9966999888420105
YOR185C,YGL111W,0,-7.3873644,0.09109145402908325,0.9990000128746033,0.9968000054359436
YJR105W,YBL075C,0,-7.416813,0.09108315408229828,0.9990000128746033,0.9969000220298767
YLR172C,YPL087W,0,-7.4300528,0.09107484668493271,0.9990000128746033,0.996999979019165
YFL014W,YHL007C,0,-7.4399495,0.09106654673814774,0.9990000128746033,0.9970999956130981
YER119C,YDL213C,0,-7.455471,0.09105824679136276,0.9990000128746033,0.9972000122070312
YPL211W,YBR105C,0,-7.4667583,0.09104994684457779,0.9990000128746033,0.9973000288009644
YLR060W,YOR003W,0,-7.4856644,0.09104164689779282,0.9990000128746033,0.9973999857902527
YER035W,YJL080C,0,-7.494259,0.09103335440158844,0.9990000128746033,0.9975000023841858
YOR078W,YCR005C,0,-7.532678,0.09102505445480347,0.9990000128746033,0.9976000189781189
YNR001C,YAL025C,0,-7.543653,0.09101676195859909,0.9990000128746033,0.9976999759674072
YNL110C,YEL060C,0,-7.569272,0.09100846946239471,0.9990000128746033,0.9977999925613403
YOR173W,YBR162C,0,-7.5909534,0.09100018441677094,0.9990000128746033,0.9979000091552734
YGR088W,YML097C,0,-7.6002817,0.09099189192056656,0.9990000128746033,0.9980000257492065
YMR116C,YDL024C,0,-7.61525,0.09098360687494278,0.9990000128746033,0.9980999827384949
YLR270W,YPL266W,0,-7.6158934,0.090975321829319,0.9990000128746033,0.998199999332428
YIL034C,YLR009W,0,-7.6236534,0.09096703678369522,0.9990000128746033,0.9983000159263611
YBL078C,YML073C,0,-7.646758,0.09095875173807144,0.9990000128746033,0.9983999729156494
YLL008W,YNL274C,0,-7.6630335,0.09095047414302826,0.9990000128746033,0.9984999895095825
YGL171W,YBR126C,0,-7.684038,0.09094219654798508,0.9990000128746033,0.9986000061035156
YOR340C,YHR106W,0,-7.685095,0.0909339189529419,0.9990000128746033,0.9987000226974487
YJR063W,YHR016C,0,-7.7113247,0.09092564135789871,0.9990000128746033,0.9987999796867371
YDL181W,YGL255W,1,-7.7123766,0.09100837260484695,1.0,0.9987999796867371
YNL248C,YDR058C,0,-7.7416077,0.09100008755922318,1.0,0.9988999962806702
YDL014W,YPL206C,0,-7.746511,0.09099180996417999,1.0,0.9990000128746033
YBL009W,YGR256W,0,-7.7575626,0.09098353236913681,1.0,0.9991000294685364
YKR076W,YPL126W,0,-7.7784204,0.09097525477409363,1.0,0.9991999864578247
YCL040W,YHR062C,0,-7.826797,0.09096697717905045,1.0,0.9993000030517578
YOL101C,YJL140W,0,-7.870278,0.09095870703458786,1.0,0.9994000196456909
YHR085W,YKL035W,0,-7.9444075,0.09095042943954468,1.0,0.9994999766349792
YPL211W,YEL041W,0,-8.003846,0.09094215929508209,1.0,0.9995999932289124
YOR173W,YJL033W,0,-8.004034,0.0909338891506195,1.0,0.9997000098228455
YDR284C,YGR128C,0,-8.1634445,0.09092562645673752,1.0,0.9998000264167786
YKL172W,YKL035W,0,-8.281519,0.09091735631227493,1.0,0.9998999834060669
YPL211W,YPL123C,0,-8.564621,0.09090909361839294,1.0,1.0
