Gene A,Gene B,Label,Score,Precision,Recall,False Positive Rate
YML093W,YNL182C,1,1.163777,1.0,0.0009803922148421407,0.0
YMR239C,YPL146C,1,1.1094787,1.0,0.0019607844296842813,0.0
YNR054C,YPL146C,1,1.0599347,1.0,0.0029411765281111,0.0
YHR196W,YGL029W,1,0.901697,1.0,0.003921568859368563,0.0
YNL061W,YNL207W,1,0.8471848,1.0,0.0049019609577953815,0.0
YPR143W,YPL043W,1,0.8307491,1.0,0.0058823530562222,0.0
YDL031W,YGR128C,1,0.82816225,1.0,0.006862745154649019,0.0
YGL078C,YLR196W,1,0.7844255,1.0,0.007843137718737125,0.0
YNL308C,YNL182C,1,0.7463438,1.0,0.008823529817163944,0.0
YOR004W,YPR143W,1,0.7264952,1.0,0.009803921915590763,0.0
YLL008W,YPL146C,1,0.7246101,1.0,0.010784314014017582,0.0
YHR088W,YOL080C,1,0.72322017,1.0,0.0117647061124444,0.0
YDL153C,YKL172W,1,0.72187805,1.0,0.01274509821087122,0.0
YOR001W,YLR435W,1,0.6969864,1.0,0.013725490309298038,0.0
YHR088W,YGR128C,1,0.6783112,1.0,0.014705882407724857,0.0
YOR310C,YPR112C,1,0.65844256,1.0,0.01568627543747425,0.0
YDR083W,YCL054W,1,0.6428362,1.0,0.01666666753590107,0.0
YHR089C,YDL166C,1,0.6326616,1.0,0.01764705963432789,0.0
YMR229C,YPR112C,1,0.6290007,1.0,0.018627451732754707,0.0
YGR251W,YNL308C,1,0.6159719,1.0,0.019607843831181526,0.0
YMR229C,YLR276C,1,0.60203254,1.0,0.020588235929608345,0.0
YHR169W,YLR276C,1,0.56621337,1.0,0.021568628028035164,0.0
YPL012W,YNL207W,1,0.5488712,1.0,0.022549020126461983,0.0
YOR001W,YNL002C,1,0.5418927,1.0,0.0235294122248888,0.0
YDR339C,YER127W,1,0.5347811,1.0,0.02450980432331562,0.0
YGR128C,YJR041C,1,0.5331615,1.0,0.02549019642174244,0.0
YLR068W,YDR339C,1,0.50663483,1.0,0.026470588520169258,0.0
YHR169W,YLR051C,1,0.4879373,1.0,0.027450980618596077,0.0
YGR145W,YMR229C,1,0.4801031,1.0,0.028431372717022896,0.0
YDR083W,YGR095C,1,0.47775596,1.0,0.029411764815449715,0.0
YER006W,YNR038W,1,0.47378588,1.0,0.030392156913876534,0.0
YGR251W,YER127W,1,0.46069098,1.0,0.0313725508749485,0.0
YPR143W,YLR435W,1,0.44790158,1.0,0.03235294297337532,0.0
YKR081C,YKL021C,1,0.44759986,1.0,0.03333333507180214,0.0
YER006W,YOR145C,1,0.43894327,1.0,0.03431372717022896,0.0
YDR339C,YPR143W,1,0.4323606,1.0,0.03529411926865578,0.0
YKR060W,YGR159C,1,0.42940134,1.0,0.036274511367082596,0.0
YHR196W,YOR287C,1,0.4247194,1.0,0.037254903465509415,0.0
YNL308C,YHR089C,1,0.41470116,1.0,0.038235295563936234,0.0
YNR054C,YLR276C,1,0.40534034,1.0,0.03921568766236305,0.0
YDL031W,YGL029W,1,0.40438798,1.0,0.04019607976078987,0.0
YDR087C,YHR148W,1,0.3983365,1.0,0.04117647185921669,0.0
YBR247C,YGR280C,1,0.39782238,1.0,0.04215686395764351,0.0
YKL021C,YDL014W,1,0.39539972,1.0,0.04313725605607033,0.0
YOR004W,YPL266W,1,0.3933473,1.0,0.04411764815449715,0.0
YPL266W,YPR112C,1,0.3929403,1.0,0.045098040252923965,0.0
YLR449W,YOR335C,0,0.3903598,0.978723406791687,0.045098040252923965,0.00010020039917435497
YOR294W,YPR112C,1,0.38700318,0.9791666865348816,0.046078432351350784,0.00010020039917435497
YGR103W,YPL043W,1,0.37391672,0.9795918464660645,0.0470588244497776,0.00010020039917435497
YGR145W,YNL207W,1,0.3662728,0.9800000190734863,0.04803921654820442,0.00010020039917435497
YHR169W,YHR088W,1,0.36085764,0.9803921580314636,0.04901960864663124,0.00010020039917435497
YLR222C,YGL171W,1,0.35001183,0.9807692170143127,0.05000000074505806,0.00010020039917435497
YDR412W,YGL111W,1,0.34895217,0.9811320900917053,0.05098039284348488,0.00010020039917435497
YLR002C,YHR169W,1,0.32921648,0.9814814925193787,0.0519607849419117,0.00010020039917435497
YHR196W,YDL060W,1,0.32102948,0.9818181991577148,0.052941177040338516,0.00010020039917435497
YLL008W,YMR229C,1,0.31680885,0.9821428656578064,0.053921569138765335,0.00010020039917435497
YOR001W,YDL148C,1,0.30754593,0.9824561476707458,0.054901961237192154,0.00010020039917435497
YHR196W,YJR041C,1,0.30651152,0.982758641242981,0.05588235333561897,0.00010020039917435497
YOR001W,YDR412W,1,0.30594605,0.9830508232116699,0.05686274543404579,0.00010020039917435497
YMR239C,YPL043W,1,0.30376098,0.9833333492279053,0.05784313753247261,0.00010020039917435497
YGL078C,YDL014W,1,0.2976021,0.9836065769195557,0.05882352963089943,0.00010020039917435497
YGR251W,YKR081C,1,0.29392308,0.9838709831237793,0.05980392172932625,0.00010020039917435497
YPL266W,YGL120C,1,0.29325506,0.9841269850730896,0.06078431382775307,0.00010020039917435497
YGR280C,YNL232W,1,0.2823143,0.984375,0.061764705926179886,0.00010020039917435497
YHR196W,YPR137W,1,0.27910018,0.9846153855323792,0.062745101749897,0.00010020039917435497
YLR196W,YJL109C,1,0.26827645,0.9848484992980957,0.06372549384832382,0.00010020039917435497
YLR276C,YER006W,1,0.2595216,0.9850746393203735,0.06470588594675064,0.00010020039917435497
YPR112C,YPL146C,1,0.25151187,0.9852941036224365,0.06568627804517746,0.00010020039917435497
YNR054C,YJR002W,1,0.25105172,0.9855072498321533,0.06666667014360428,0.00010020039917435497
YJL050W,YLR106C,1,0.24472722,0.9857142567634583,0.0676470622420311,0.00010020039917435497
YLR002C,YMR290C,1,0.23968197,0.98591548204422,0.06862745434045792,0.00010020039917435497
YGR280C,YLR129W,1,0.22737685,0.9861111044883728,0.06960784643888474,0.00010020039917435497
YLR222C,YCL054W,1,0.22631133,0.9863013625144958,0.07058823853731155,0.00010020039917435497
YPR137W,YER127W,1,0.22155923,0.9864864945411682,0.07156863063573837,0.00010020039917435497
YBR142W,YDR449C,1,0.2023367,0.9866666793823242,0.07254902273416519,0.00010020039917435497
YOR001W,YGL078C,1,0.19844763,0.9868420958518982,0.07352941483259201,0.00010020039917435497
YMR239C,YDR280W,1,0.19610885,0.9870129823684692,0.07450980693101883,0.00010020039917435497
YPL126W,YLR276C,1,0.1925194,0.9871794581413269,0.07549019902944565,0.00010020039917435497
YMR229C,YLR435W,1,0.1911878,0.9873417615890503,0.07647059112787247,0.00010020039917435497
YJL033W,YGL078C,1,0.183791,0.987500011920929,0.07745098322629929,0.00010020039917435497
YCL059C,YHR148W,1,0.18356678,0.9876543283462524,0.0784313753247261,0.00010020039917435497
YPL217C,YGL171W,1,0.17839575,0.9878048896789551,0.07941176742315292,0.00010020039917435497
YMR093W,YER127W,1,0.16977653,0.9879518151283264,0.08039215952157974,0.00010020039917435497
YMR290C,YGL120C,1,0.1648319,0.988095223903656,0.08137255162000656,0.00010020039917435497
YNL232W,YDL208W,1,0.16474879,0.9882352948188782,0.08235294371843338,0.00010020039917435497
YLL011W,YDR280W,1,0.15572359,0.9883720874786377,0.0833333358168602,0.00010020039917435497
YJL010C,YDL208W,1,0.1446418,0.9885057210922241,0.08431372791528702,0.00010020039917435497
YHR169W,YLL035W,1,0.13420537,0.9886363744735718,0.08529412001371384,0.00010020039917435497
YPL266W,YLR051C,1,0.12544158,0.9887640476226807,0.08627451211214066,0.00010020039917435497
YIL019W,YDR449C,1,0.12344437,0.9888888597488403,0.08725490421056747,0.00010020039917435497
YAL025C,YER006W,1,0.12269625,0.9890109896659851,0.0882352963089943,0.00010020039917435497
YDL153C,YOR294W,1,0.11283597,0.989130437374115,0.08921568840742111,0.00010020039917435497
YOR001W,YHR065C,1,0.11250904,0.9892473220825195,0.09019608050584793,0.00010020039917435497
YLR002C,YOL080C,1,0.11014098,0.9893617033958435,0.09117647260427475,0.00010020039917435497
YPL217C,YLR196W,1,0.10465139,0.9894737005233765,0.09215686470270157,0.00010020039917435497
YLR222C,YMR290C,1,0.10403544,0.9895833134651184,0.09313725680112839,0.00010020039917435497
YKL009W,YPL146C,1,0.10076147,0.9896907210350037,0.0941176488995552,0.00010020039917435497
YNL002C,YLR409C,1,0.098906755,0.9897959232330322,0.09509804099798203,0.00010020039917435497
YNL308C,YLR409C,1,0.09828302,0.9898989796638489,0.09607843309640884,0.00010020039917435497
YLR068W,YML063W,1,0.09256816,0.9900000095367432,0.09705882519483566,0.00010020039917435497
YHR069C,YNL061W,1,0.08569661,0.9900990128517151,0.09803921729326248,0.00010020039917435497
YPL126W,YHR088W,1,0.08050677,0.9901960492134094,0.0990196093916893,0.00010020039917435497
YIL019W,YLR222C,1,0.080173194,0.9902912378311157,0.10000000149011612,0.00010020039917435497
YDR083W,YHR169W,1,0.07831466,0.9903846383094788,0.10098039358854294,0.00010020039917435497
YGL078C,YPL183C,0,0.0752258,0.9809523820877075,0.10098039358854294,0.00020040079834870994
YDL153C,YPR143W,1,0.052880466,0.9811320900917053,0.10196078568696976,0.00020040079834870994
YGL078C,YGR195W,1,0.050483808,0.9813084006309509,0.10294117778539658,0.00020040079834870994
YLR175W,YBL072C,1,0.04217875,0.9814814925193787,0.1039215698838234,0.00020040079834870994
YGL078C,YGL246C,1,0.036399454,0.9816513657569885,0.10490196198225021,0.00020040079834870994
YKR081C,YGR195W,1,0.029070392,0.9818181991577148,0.10588235408067703,0.00020040079834870994
YLR196W,YDR449C,1,0.021965116,0.9819819927215576,0.10686274617910385,0.00020040079834870994
YKR081C,YGL111W,1,0.016835988,0.9821428656578064,0.10784313827753067,0.00020040079834870994
YPL126W,YHR148W,1,0.010892332,0.982300877571106,0.10882353037595749,0.00020040079834870994
YOR310C,YPR132W,1,0.0100081265,0.9824561476707458,0.10980392247438431,0.00020040079834870994
YLL011W,YDR365C,1,0.002917096,0.9826086759567261,0.11078431457281113,0.00020040079834870994
YGL029W,YJR041C,1,-0.0065733194,0.982758641242981,0.11176470667123795,0.00020040079834870994
YLR002C,YPL146C,1,-0.0072932243,0.9829059839248657,0.11274509876966476,0.00020040079834870994
YER082C,YKR024C,1,-0.015579909,0.9830508232116699,0.11372549086809158,0.00020040079834870994
YLL011W,YDR087C,1,-0.015814796,0.9831932783126831,0.1147058829665184,0.00020040079834870994
YDR083W,YOR078W,1,-0.025053918,0.9833333492279053,0.11568627506494522,0.00020040079834870994
YOR294W,YGL120C,1,-0.026533276,0.9834710955619812,0.11666666716337204,0.00020040079834870994
YDR083W,YGL246C,1,-0.026989937,0.9836065769195557,0.11764705926179886,0.00020040079834870994
YHR169W,YNR038W,1,-0.03731054,0.9837398529052734,0.11862745136022568,0.00020040079834870994
YGR095C,YKR060W,1,-0.049402773,0.9838709831237793,0.1196078434586525,0.00020040079834870994
YCL059C,YML063W,1,-0.05469656,0.984000027179718,0.12058823555707932,0.00020040079834870994
YKR081C,YIL069C,1,-0.054826826,0.9841269850730896,0.12156862765550613,0.00020040079834870994
YLR196W,YJR041C,1,-0.05716726,0.9842519760131836,0.12254901975393295,0.00020040079834870994
YHR089C,YBR142W,1,-0.0598616,0.984375,0.12352941185235977,0.00020040079834870994
YDR280W,YMR290C,1,-0.06142074,0.9844961166381836,0.12450980395078659,0.00020040079834870994
YCL059C,YGR159C,1,-0.063822985,0.9846153855323792,0.125490203499794,0.00020040079834870994
YLR068W,YCR047C,1,-0.07650118,0.9847328066825867,0.12647059559822083,0.00020040079834870994
YER127W,YNR038W,1,-0.089447826,0.9848484992980957,0.12745098769664764,0.00020040079834870994
YDR083W,YLR002C,1,-0.09041804,0.9849624037742615,0.12843137979507446,0.00020040079834870994
YHR069C,YGL111W,1,-0.09076774,0.9850746393203735,0.12941177189350128,0.00020040079834870994
YNL002C,YHR085W,1,-0.0915232,0.9851852059364319,0.1303921639919281,0.00020040079834870994
YER127W,YNL061W,1,-0.094267726,0.9852941036224365,0.13137255609035492,0.00020040079834870994
YPR144C,YPL266W,1,-0.10144675,0.985401451587677,0.13235294818878174,0.00020040079834870994
YOR001W,YMR239C,1,-0.10660088,0.9855072498321533,0.13333334028720856,0.00020040079834870994
YLR051C,YNL207W,1,-0.1080465,0.9856114983558655,0.13431373238563538,0.00020040079834870994
YPL126W,YLR222C,1,-0.11236173,0.9857142567634583,0.1352941244840622,0.00020040079834870994
YKL172W,YLL011W,1,-0.114671096,0.9858155846595764,0.136274516582489,0.00020040079834870994
YER126C,YNL075W,1,-0.11791885,0.98591548204422,0.13725490868091583,0.00020040079834870994
YGR095C,YLR196W,1,-0.11799152,0.9860140085220337,0.13823530077934265,0.00020040079834870994
YOR001W,YLR175W,1,-0.11979419,0.9861111044883728,0.13921569287776947,0.00020040079834870994
YLR002C,YLR409C,1,-0.12558517,0.9862068891525269,0.1401960849761963,0.00020040079834870994
YOL021C,YER006W,1,-0.12738465,0.9863013625144958,0.1411764770746231,0.00020040079834870994
YHR196W,YBR189W,1,-0.12992954,0.9863945841789246,0.14215686917304993,0.00020040079834870994
YHR065C,YLL008W,1,-0.13082719,0.9864864945411682,0.14313726127147675,0.00020040079834870994
YHR169W,YHR069C,1,-0.1343028,0.9865771532058716,0.14411765336990356,0.00020040079834870994
YBR247C,YPL043W,1,-0.13503444,0.9866666793823242,0.14509804546833038,0.00020040079834870994
YDR398W,YPR132W,1,-0.13626647,0.9867549538612366,0.1460784375667572,0.00020040079834870994
YNR054C,YDL148C,1,-0.13629594,0.9868420958518982,0.14705882966518402,0.00020040079834870994
YLR022C,YDL060W,1,-0.14212379,0.9869281053543091,0.14803922176361084,0.00020040079834870994
YLR435W,YPL043W,1,-0.14387298,0.9870129823684692,0.14901961386203766,0.00020040079834870994
YMR093W,YLR129W,1,-0.14541748,0.9870967864990234,0.15000000596046448,0.00020040079834870994
YCL059C,YPR132W,1,-0.14575234,0.9871794581413269,0.1509803980588913,0.00020040079834870994
YOR243C,YOL080C,1,-0.14806265,0.987261176109314,0.15196079015731812,0.00020040079834870994
YGR145W,YER006W,1,-0.14950585,0.9873417615890503,0.15294118225574493,0.00020040079834870994
YOR294W,YMR239C,1,-0.15713656,0.9874213933944702,0.15392157435417175,0.00020040079834870994
YKL009W,YLR196W,1,-0.1571652,0.987500011920929,0.15490196645259857,0.00020040079834870994
YJL010C,YDL014W,1,-0.15741739,0.9875776171684265,0.1558823585510254,0.00020040079834870994
YGL171W,YNL075W,1,-0.15834865,0.9876543283462524,0.1568627506494522,0.00020040079834870994
YKL021C,YHR148W,1,-0.16443443,0.987730085849762,0.15784314274787903,0.00020040079834870994
YEL026W,YNL061W,1,-0.16584519,0.9878048896789551,0.15882353484630585,0.00020040079834870994
YGL078C,YPL235W,1,-0.1671878,0.9878787994384766,0.15980392694473267,0.00020040079834870994
YPR016C,YDL014W,1,-0.17026103,0.9879518151283264,0.16078431904315948,0.00020040079834870994
YDL208W,YGR128C,1,-0.17266265,0.9880239367485046,0.1617647111415863,0.00020040079834870994
YCL031C,YLR197W,1,-0.17658159,0.988095223903656,0.16274510324001312,0.00020040079834870994
YPL012W,YOR145C,1,-0.1913376,0.9881656765937805,0.16372549533843994,0.00020040079834870994
YGR095C,YOR310C,1,-0.19827236,0.9882352948188782,0.16470588743686676,0.00020040079834870994
YGR145W,YLR186W,1,-0.19890797,0.988304078578949,0.16568627953529358,0.00020040079834870994
YLR106C,YNL075W,1,-0.19932163,0.9883720874786377,0.1666666716337204,0.00020040079834870994
YDL213C,YHR088W,1,-0.20080495,0.9884393215179443,0.16764706373214722,0.00020040079834870994
YOR294W,YOR056C,1,-0.20955294,0.9885057210922241,0.16862745583057404,0.00020040079834870994
YDR412W,YPL126W,1,-0.21492153,0.9885714054107666,0.16960784792900085,0.00020040079834870994
YOR252W,YOR056C,0,-0.21519268,0.9829545617103577,0.16960784792900085,0.00030060121207498014
YBL004W,YPR143W,1,-0.21597356,0.9830508232116699,0.17058824002742767,0.00030060121207498014
YKL172W,YPR112C,1,-0.21696475,0.983146071434021,0.1715686321258545,0.00030060121207498014
YOR001W,YKL156W,1,-0.2196143,0.9832402467727661,0.1725490242242813,0.00030060121207498014
YAL025C,YCL031C,1,-0.22668314,0.9833333492279053,0.17352941632270813,0.00030060121207498014
YBR189W,YML063W,1,-0.22868423,0.9834254384040833,0.17450980842113495,0.00030060121207498014
YPR112C,YML063W,1,-0.23167145,0.9835164546966553,0.17549020051956177,0.00030060121207498014
YGR280C,YCR031C,1,-0.23333412,0.9836065769195557,0.1764705926179886,0.00030060121207498014
YDR412W,YHR069C,1,-0.2370815,0.9836956262588501,0.1774509847164154,0.00030060121207498014
YPL126W,YPR112C,1,-0.2438657,0.9837837815284729,0.17843137681484222,0.00030060121207498014
YLR222C,YNL124W,1,-0.24427187,0.9838709831237793,0.17941176891326904,0.00030060121207498014
YLL011W,YDR064W,1,-0.24621332,0.9839572310447693,0.18039216101169586,0.00030060121207498014
YKR024C,YKL143W,0,-0.25278103,0.978723406791687,0.18039216101169586,0.0004008015966974199
YKL009W,YDL148C,1,-0.25519553,0.9788359999656677,0.18137255311012268,0.0004008015966974199
YJL050W,YKL156W,1,-0.25970018,0.9789473414421082,0.1823529452085495,0.0004008015966974199
YHR089C,YCR035C,1,-0.25980568,0.9790576100349426,0.18333333730697632,0.0004008015966974199
YBR247C,YDL060W,1,-0.2605045,0.9791666865348816,0.18431372940540314,0.0004008015966974199
YCL031C,YNL061W,1,-0.26331636,0.9792746305465698,0.18529412150382996,0.0004008015966974199
YCL031C,YGL029W,1,-0.26575416,0.9793814420700073,0.18627451360225677,0.0004008015966974199
YPR144C,YJL050W,1,-0.2660514,0.9794871807098389,0.1872549057006836,0.0004008015966974199
YMR239C,YMR131C,1,-0.26738954,0.9795918464660645,0.1882352977991104,0.0004008015966974199
YHL015W,YOR310C,1,-0.2677202,0.9796954393386841,0.18921568989753723,0.0004008015966974199
YMR131C,YGL111W,1,-0.26981387,0.9797979593276978,0.19019608199596405,0.0004008015966974199
YDR083W,YOR048C,1,-0.27464187,0.979899525642395,0.19117647409439087,0.0004008015966974199
YDL153C,YDR083W,1,-0.27510834,0.9800000190734863,0.1921568661928177,0.0004008015966974199
YOL041C,YLR175W,1,-0.27536362,0.9800994992256165,0.1931372582912445,0.0004008015966974199
YLR068W,YDL208W,1,-0.2839832,0.9801980257034302,0.19411765038967133,0.0004008015966974199
YGR118W,YPL146C,1,-0.28988928,0.9802955389022827,0.19509804248809814,0.0004008015966974199
YJL033W,YKR081C,1,-0.2968589,0.9803921580314636,0.19607843458652496,0.0004008015966974199
YGR103W,YGR158C,1,-0.29778364,0.9804878234863281,0.19705882668495178,0.0004008015966974199
YOR004W,YEL026W,1,-0.2990152,0.9805825352668762,0.1980392187833786,0.0004008015966974199
YER112W,YOL080C,1,-0.29975462,0.9806763529777527,0.19901961088180542,0.0004008015966974199
YHL015W,YGR103W,1,-0.3022042,0.9807692170143127,0.20000000298023224,0.0004008015966974199
YLR068W,YDL014W,1,-0.30338305,0.980861246585846,0.20098039507865906,0.0004008015966974199
YOR048C,YKR024C,1,-0.30361554,0.9809523820877075,0.20196078717708588,0.0004008015966974199
YPR143W,YGR158C,1,-0.30401537,0.9810426831245422,0.2029411792755127,0.0004008015966974199
YGR251W,YNR038W,1,-0.30908126,0.9811320900917053,0.20392157137393951,0.0004008015966974199
YNL232W,YOR078W,1,-0.31249556,0.9812206625938416,0.20490196347236633,0.0004008015966974199
YDL208W,YLR129W,1,-0.31423926,0.9813084006309509,0.20588235557079315,0.0004008015966974199
YER002W,YGR128C,1,-0.31548685,0.9813953638076782,0.20686274766921997,0.0004008015966974199
YLR175W,YBR189W,1,-0.31888512,0.9814814925193787,0.2078431397676468,0.0004008015966974199
YCR031C,YGR103W,1,-0.31992617,0.981566846370697,0.2088235318660736,0.0004008015966974199
YLR435W,YOR145C,1,-0.32115605,0.9816513657569885,0.20980392396450043,0.0004008015966974199
YGR159C,YGR271C-A,1,-0.32233024,0.9817351698875427,0.21078431606292725,0.0004008015966974199
YLL011W,YOR310C,1,-0.3242515,0.9818181991577148,0.21176470816135406,0.0004008015966974199
YAL025C,YOL041C,1,-0.32588434,0.9819004535675049,0.21274510025978088,0.0004008015966974199
YCL054W,YLR409C,1,-0.3307637,0.9819819927215576,0.2137254923582077,0.0004008015966974199
YDR339C,YDL060W,1,-0.33468473,0.9820627570152283,0.21470588445663452,0.0004008015966974199
YDR412W,YJL010C,1,-0.33519387,0.9821428656578064,0.21568627655506134,0.0004008015966974199
YHR088W,YDR280W,1,-0.3392957,0.9822221994400024,0.21666666865348816,0.0004008015966974199
YOL080C,YBL072C,1,-0.33940926,0.982300877571106,0.21764706075191498,0.0004008015966974199
YJL050W,YJL109C,1,-0.34068364,0.9823788404464722,0.2186274528503418,0.0004008015966974199
YBR142W,YHR021C,1,-0.3412158,0.9824561476707458,0.21960784494876862,0.0004008015966974199
YER127W,YOR096W,1,-0.34395903,0.9825327396392822,0.22058823704719543,0.0004008015966974199
YGL120C,YHR148W,1,-0.3442031,0.9826086759567261,0.22156862914562225,0.0004008015966974199
YGL078C,YKR057W,1,-0.3459552,0.9826839566230774,0.22254902124404907,0.0004008015966974199
YDR083W,YNR024W,1,-0.34926814,0.982758641242981,0.2235294133424759,0.0004008015966974199
YNL308C,YIL069C,1,-0.3507187,0.9828326106071472,0.2245098054409027,0.0004008015966974199
YOL041C,YML063W,1,-0.3544007,0.9829059839248657,0.22549019753932953,0.0004008015966974199
YDR021W,YGR276C,1,-0.35782316,0.9829787015914917,0.22647058963775635,0.0004008015966974199
YJL109C,YHR148W,1,-0.35909668,0.9830508232116699,0.22745098173618317,0.0004008015966974199
YOR119C,YGL171W,1,-0.3618757,0.9831223487854004,0.22843137383460999,0.0004008015966974199
YBR142W,YGL246C,1,-0.36610353,0.9831932783126831,0.2294117659330368,0.0004008015966974199
YCL059C,YKL156W,1,-0.36748725,0.9832636117935181,0.23039215803146362,0.0004008015966974199
YGR159C,YDL031W,1,-0.3682326,0.9833333492279053,0.23137255012989044,0.0004008015966974199
YHR069C,YGR214W,1,-0.37127572,0.9834024906158447,0.23235294222831726,0.0004008015966974199
YHR052W,YIL069C,0,-0.37648317,0.9793388247489929,0.23235294222831726,0.0005010020104236901
YPL126W,YKR024C,1,-0.38019204,0.9794238805770874,0.23333333432674408,0.0005010020104236901
YCR047C,YLR196W,1,-0.38379005,0.9795082211494446,0.2343137264251709,0.0005010020104236901
YCR057C,YGR128C,1,-0.3851405,0.9795918464660645,0.23529411852359772,0.0005010020104236901
YDR449C,YJL109C,1,-0.38721228,0.9796748161315918,0.23627451062202454,0.0005010020104236901
YNR024W,YLR186W,1,-0.39152813,0.9797570705413818,0.23725490272045135,0.0005010020104236901
YCR047C,YDL014W,1,-0.3917522,0.9798387289047241,0.23823529481887817,0.0005010020104236901
YOR078W,YDL209C,0,-0.39355,0.9759036302566528,0.23823529481887817,0.0006012024241499603
YHR197W,YHR148W,1,-0.40087906,0.9760000109672546,0.239215686917305,0.0006012024241499603
YER102W,YGR103W,1,-0.40105307,0.9760956168174744,0.2401960790157318,0.0006012024241499603
YOR001W,YGL030W,1,-0.40153307,0.976190447807312,0.24117647111415863,0.0006012024241499603
YOR001W,YKL099C,1,-0.4022136,0.9762845635414124,0.24215686321258545,0.0006012024241499603
YGL171W,YGR271C-A,1,-0.40344858,0.9763779640197754,0.24313725531101227,0.0006012024241499603
YGR090W,YML063W,1,-0.4053602,0.9764705896377563,0.2441176474094391,0.0006012024241499603
YPL043W,YLR197W,1,-0.40549916,0.9765625,0.2450980395078659,0.0006012024241499603
YLL011W,YML063W,1,-0.40724117,0.9766536951065063,0.24607843160629272,0.0006012024241499603
YER102W,YNL308C,1,-0.4103296,0.9767441749572754,0.24705882370471954,0.0006012024241499603
YBL004W,YHR062C,1,-0.41419622,0.9768339991569519,0.24803921580314636,0.0006012024241499603
YDR087C,YJL069C,1,-0.41437453,0.9769230484962463,0.24901960790157318,0.0006012024241499603
YPL146C,YDL060W,1,-0.4146815,0.977011501789093,0.25,0.0006012024241499603
YDL208W,YER127W,1,-0.4157073,0.9770992398262024,0.250980406999588,0.0006012024241499603
YNR024W,YDL148C,1,-0.4222607,0.9771863222122192,0.25196078419685364,0.0006012024241499603
YBR247C,YGR159C,1,-0.42280167,0.9772727489471436,0.25294119119644165,0.0006012024241499603
YGR251W,YNL112W,1,-0.4289312,0.9773585200309753,0.2539215683937073,0.0006012024241499603
YNL002C,YKL014C,1,-0.429277,0.9774436354637146,0.2549019753932953,0.0006012024241499603
YHR065C,YOR287C,1,-0.43165305,0.9775280952453613,0.2558823525905609,0.0006012024241499603
YBR142W,YOR167C,0,-0.43552384,0.9738805890083313,0.2558823525905609,0.0007014027796685696
YKR060W,YDR101C,0,-0.43652016,0.9702602028846741,0.2558823525905609,0.0008016031933948398
YER006W,YER074W,1,-0.43778497,0.970370352268219,0.2568627595901489,0.0008016031933948398
YGL123W,YLR196W,1,-0.43823034,0.9704797267913818,0.25784313678741455,0.0008016031933948398
YHR088W,YDL148C,1,-0.44248366,0.970588207244873,0.25882354378700256,0.0008016031933948398
YCL054W,YPL266W,1,-0.44325256,0.970695972442627,0.2598039209842682,0.0008016031933948398
YOR243C,YGR095C,1,-0.4446426,0.970802903175354,0.2607843279838562,0.0008016031933948398
YDR299W,YGL120C,1,-0.44795153,0.9709091186523438,0.2617647051811218,0.0008016031933948398
YOR119C,YNL182C,1,-0.45039824,0.9710144996643066,0.26274511218070984,0.0008016031933948398
YOR004W,YMR229C,1,-0.4545905,0.9711191058158875,0.26372548937797546,0.0008016031933948398
YKL172W,YOR004W,1,-0.45689762,0.971222996711731,0.2647058963775635,0.0008016031933948398
YJL191W,YIL069C,1,-0.45982328,0.9713261723518372,0.2656862735748291,0.0008016031933948398
YGR145W,YNL124W,1,-0.46002224,0.9714285731315613,0.2666666805744171,0.0008016031933948398
YMR049C,YOR078W,1,-0.46180347,0.9715302586555481,0.26764705777168274,0.0008016031933948398
YMR229C,YMR285C,1,-0.46268734,0.9716312289237976,0.26862746477127075,0.0008016031933948398
YGR251W,YCL031C,1,-0.46632552,0.971731424331665,0.2696078419685364,0.0008016031933948398
YLR409C,YLR276C,1,-0.46655297,0.9718309640884399,0.2705882489681244,0.0008016031933948398
YBR142W,YFL002C,1,-0.47124487,0.9719298481941223,0.27156862616539,0.0008016031933948398
YJR002W,YGR271C-A,1,-0.4728529,0.9720279574394226,0.272549033164978,0.0008016031933948398
YHR196W,YKL156W,1,-0.47293788,0.9721254110336304,0.27352941036224365,0.0008016031933948398
YLR222C,YGL030W,1,-0.47435528,0.9722222089767456,0.27450981736183167,0.0008016031933948398
YBR247C,YCR035C,1,-0.47490022,0.9723183512687683,0.2754901945590973,0.0008016031933948398
YLR068W,YGL123W,1,-0.48045963,0.9724137783050537,0.2764706015586853,0.0008016031933948398
YOR001W,YOR287C,1,-0.48706776,0.9725086092948914,0.2774509787559509,0.0008016031933948398
YBR247C,YLR197W,1,-0.4878902,0.9726027250289917,0.27843138575553894,0.0008016031933948398
YLR002C,YOR119C,1,-0.49496466,0.9726962447166443,0.27941176295280457,0.0008016031933948398
YLR175W,YPL178W,1,-0.49534217,0.9727891087532043,0.2803921699523926,0.0008016031933948398
YGR280C,YBR181C,1,-0.498834,0.9728813767433167,0.2813725471496582,0.0008016031933948398
YDR087C,YER056C-A,0,-0.50007105,0.9695945978164673,0.2813725471496582,0.00090180360712111
YPL126W,YHR169W,1,-0.5057264,0.9696969985961914,0.2823529541492462,0.00090180360712111
YJL191W,YBR189W,1,-0.5066058,0.9697986841201782,0.28333333134651184,0.00090180360712111
YBR142W,YIL069C,1,-0.50778663,0.9698996543884277,0.28431373834609985,0.00090180360712111
YOR294W,YGR159C,1,-0.51032174,0.9700000286102295,0.2852941155433655,0.00090180360712111
YOR224C,YOL144W,0,-0.5107979,0.9667773842811584,0.2852941155433655,0.0010020040208473802
YPR144C,YGR159C,1,-0.5108907,0.9668874144554138,0.2862745225429535,0.0010020040208473802
YDR021W,YBR257W,1,-0.5135539,0.9669967293739319,0.2872548997402191,0.0010020040208473802
YHR085W,YKR024C,1,-0.51611865,0.9671052694320679,0.28823530673980713,0.0010020040208473802
YPL126W,YPR137W,1,-0.51635647,0.9672130942344666,0.28921568393707275,0.0010020040208473802
YCR035C,YER127W,1,-0.5193265,0.9673202633857727,0.29019609093666077,0.0010020040208473802
YOL041C,YDL060W,1,-0.52041084,0.9674267172813416,0.2911764681339264,0.0010020040208473802
YNL151C,YDL051W,0,-0.52074003,0.9642857313156128,0.2911764681339264,0.0011022044345736504
YHR196W,YLR430W,1,-0.52222735,0.9644013047218323,0.2921568751335144,0.0011022044345736504
YMR290C,YPL043W,1,-0.5241021,0.9645161032676697,0.29313725233078003,0.0011022044345736504
YAL025C,YPR016C,1,-0.5291518,0.9646302461624146,0.29411765933036804,0.0011022044345736504
YPL043W,YNL209W,0,-0.53219616,0.9615384340286255,0.29411765933036804,0.0012024048482999206
YDL153C,YDR450W,1,-0.5326884,0.9616613388061523,0.29509803652763367,0.0012024048482999206
YHR169W,YCR035C,1,-0.53414893,0.9617834687232971,0.2960784435272217,0.0012024048482999206
YHR169W,YML026C,1,-0.5343361,0.961904764175415,0.2970588207244873,0.0012024048482999206
YLR002C,YBL004W,1,-0.5345018,0.9620253443717957,0.2980392277240753,0.0012024048482999206
YMR290C,YKR024C,1,-0.5365221,0.9621450901031494,0.29901960492134094,0.0012024048482999206
YJL033W,YLR022C,1,-0.5371609,0.9622641801834106,0.30000001192092896,0.0012024048482999206
YBR142W,YNL232W,1,-0.53728026,0.962382435798645,0.3009803891181946,0.0012024048482999206
YDL031W,YNL207W,1,-0.544078,0.9624999761581421,0.3019607961177826,0.0012024048482999206
YHR196W,YOL021C,1,-0.5541642,0.9626168012619019,0.3029411733150482,0.0012024048482999206
YBR247C,YLR048W,1,-0.55922127,0.9627329111099243,0.30392158031463623,0.0012024048482999206
YCR057C,YML093W,1,-0.56009495,0.9628483057022095,0.30490195751190186,0.0012024048482999206
YEL026W,YKL021C,1,-0.5620895,0.9629629850387573,0.30588236451148987,0.0012024048482999206
YDL213C,YOR056C,1,-0.56330156,0.9630769491195679,0.3068627417087555,0.0012024048482999206
YOL080C,YDR045C,0,-0.5717302,0.9601227045059204,0.3068627417087555,0.0013026052620261908
YPR144C,YJR041C,1,-0.5740866,0.9602446556091309,0.3078431487083435,0.0013026052620261908
YOR004W,YER102W,1,-0.5768363,0.9603658318519592,0.30882352590560913,0.0013026052620261908
YPR110C,YNL149C,0,-0.577564,0.957446813583374,0.30882352590560913,0.0014028055593371391
YLR409C,YFL002C,1,-0.582548,0.9575757384300232,0.30980393290519714,0.0014028055593371391
YHR069C,YPL090C,1,-0.5827691,0.9577039480209351,0.31078431010246277,0.0014028055593371391
YMR239C,YDR025W,1,-0.5836487,0.9578313231468201,0.3117647171020508,0.0014028055593371391
YLR002C,YLR167W,1,-0.58783126,0.9579579830169678,0.3127450942993164,0.0014028055593371391
YPL217C,YCL059C,1,-0.59228384,0.9580838084220886,0.3137255012989044,0.0014028055593371391
YOR210W,YKL181W,0,-0.5935912,0.9552238583564758,0.3137255012989044,0.0015030059730634093
YIL019W,YPL081W,1,-0.5950255,0.9553571343421936,0.31470587849617004,0.0015030059730634093
YPR110C,YCR047C,0,-0.60109967,0.9525222778320312,0.31470587849617004,0.0016032063867896795
YJR002W,YLR197W,1,-0.60612106,0.9526627063751221,0.31568628549575806,0.0016032063867896795
YOR310C,YNR038W,1,-0.6097782,0.9528023600578308,0.3166666626930237,0.0016032063867896795
YGR118W,YPR112C,1,-0.61103994,0.9529411792755127,0.3176470696926117,0.0016032063867896795
YLR175W,YHR062C,1,-0.6115693,0.9530791640281677,0.3186274468898773,0.0016032063867896795
YGR195W,YIL069C,1,-0.6150069,0.9532163739204407,0.31960785388946533,0.0016032063867896795
YDR324C,YGR276C,1,-0.61706895,0.9533527493476868,0.32058823108673096,0.0016032063867896795
YNL308C,YCR035C,1,-0.62187195,0.9534883499145508,0.32156863808631897,0.0016032063867896795
YER102W,YGR280C,1,-0.62256235,0.9536231756210327,0.3225490152835846,0.0016032063867896795
YOR243C,YLR409C,1,-0.6232158,0.9537572264671326,0.3235294222831726,0.0016032063867896795
YOR310C,YDL014W,1,-0.62471586,0.9538905024528503,0.32450979948043823,0.0016032063867896795
YPR016C,YPR132W,1,-0.6270455,0.954023003578186,0.32549020648002625,0.0016032063867896795
YCL031C,YKL009W,1,-0.6273943,0.9541547298431396,0.32647058367729187,0.0016032063867896795
YLR430W,YNR054C,1,-0.6280502,0.954285740852356,0.3274509906768799,0.0016032063867896795
YOL021C,YFL002C,1,-0.6291189,0.9544159770011902,0.3284313678741455,0.0016032063867896795
YLR002C,YMR128W,1,-0.6298433,0.9545454382896423,0.3294117748737335,0.0016032063867896795
YKL078W,YHR081W,1,-0.6329311,0.954674243927002,0.33039215207099915,0.0016032063867896795
YGR158C,YOL080C,1,-0.6354341,0.9548022747039795,0.33137255907058716,0.0016032063867896795
YPR137W,YOR145C,1,-0.63759077,0.9549295902252197,0.3323529362678528,0.0016032063867896795
YFL002C,YGL120C,1,-0.63934094,0.9550561904907227,0.3333333432674408,0.0016032063867896795
YCL031C,YDL208W,1,-0.6400127,0.9551820755004883,0.3343137204647064,0.0016032063867896795
YDR087C,YJL136C,1,-0.64024794,0.9553072452545166,0.33529412746429443,0.0016032063867896795
YHR069C,YDL166C,1,-0.6429682,0.9554317593574524,0.33627450466156006,0.0016032063867896795
YGL111W,YOL125W,0,-0.64607435,0.9527778029441833,0.33627450466156006,0.0017034068005159497
YKR057W,YPL043W,1,-0.6516441,0.9529085755348206,0.33725491166114807,0.0017034068005159497
YDR091C,YGR128C,1,-0.65346587,0.9530386924743652,0.3382352888584137,0.0017034068005159497
YAL025C,YPR144C,1,-0.6539856,0.9531680345535278,0.3392156958580017,0.0017034068005159497
YHR089C,YJL010C,1,-0.6555701,0.9532967209815979,0.34019607305526733,0.0017034068005159497
YGR095C,YOR096W,1,-0.65564007,0.9534246325492859,0.34117648005485535,0.0017034068005159497
YJR002W,YDL213C,1,-0.65832746,0.9535518884658813,0.34215685725212097,0.0017034068005159497
YGR118W,YDL031W,1,-0.6585361,0.9536784887313843,0.343137264251709,0.0017034068005159497
YDR083W,YMR143W,1,-0.6599389,0.9538043737411499,0.3441176414489746,0.0017034068005159497
YDR449C,YML063W,1,-0.6626484,0.9539295434951782,0.3450980484485626,0.0017034068005159497
YJL191W,YKL021C,1,-0.66446096,0.954054057598114,0.34607842564582825,0.0017034068005159497
YKL078W,YOL142W,1,-0.6687622,0.9541779160499573,0.34705883264541626,0.0017034068005159497
YKL156W,YHL015W,1,-0.6691233,0.9543010592460632,0.3480392098426819,0.0017034068005159497
YPL235W,YLR196W,1,-0.66952455,0.9544236063957214,0.3490196168422699,0.0017034068005159497
YGR095C,YOL041C,1,-0.6723373,0.9545454382896423,0.3499999940395355,0.0017034068005159497
YHR062C,YLR051C,1,-0.6725264,0.9546666741371155,0.35098040103912354,0.0017034068005159497
YLR276C,YLR167W,1,-0.6731466,0.9547872543334961,0.35196077823638916,0.0017034068005159497
YDL031W,YML063W,1,-0.67571944,0.9549071788787842,0.3529411852359772,0.0017034068005159497
YPR010C,YGR280C,0,-0.6790113,0.9523809552192688,0.3529411852359772,0.00180360721424222
YER002W,YNL061W,1,-0.67970127,0.9525066018104553,0.3539215624332428,0.00180360721424222
YHR085W,YPR144C,1,-0.68065655,0.9526315927505493,0.3549019694328308,0.00180360721424222
YNL096C,YJL050W,1,-0.6808896,0.9527559280395508,0.35588234663009644,0.00180360721424222
YGR095C,YGR030C,1,-0.6814158,0.9528796076774597,0.35686275362968445,0.00180360721424222
YOR048C,YGL111W,1,-0.6829666,0.9530026316642761,0.3578431308269501,0.00180360721424222
YJR002W,YKL009W,1,-0.6849644,0.953125,0.3588235378265381,0.00180360721424222
YOR145C,YHR081W,1,-0.68498445,0.9532467722892761,0.3598039150238037,0.00180360721424222
YGL123W,YOR056C,1,-0.6851995,0.9533678889274597,0.3607843220233917,0.00180360721424222
YGR145W,YOR048C,1,-0.68626916,0.9534883499145508,0.36176469922065735,0.00180360721424222
YNL232W,YJR041C,1,-0.68648374,0.9536082744598389,0.36274510622024536,0.00180360721424222
YNL112W,YJL191W,1,-0.6865022,0.9537274837493896,0.363725483417511,0.00180360721424222
YPR144C,YNL075W,1,-0.69048953,0.9538461565971375,0.364705890417099,0.00180360721424222
YCR035C,YBR142W,1,-0.693162,0.9539641737937927,0.3656862676143646,0.00180360721424222
YNR024W,YOR310C,1,-0.69480246,0.954081654548645,0.36666667461395264,0.00180360721424222
YNL182C,YGL120C,1,-0.6961519,0.9541984796524048,0.36764705181121826,0.00180360721424222
YLR022C,YNL075W,1,-0.6980022,0.9543147087097168,0.3686274588108063,0.00180360721424222
YKL172W,YLR129W,1,-0.69820976,0.9544304013252258,0.3696078360080719,0.00180360721424222
YDR365C,YJL136C,1,-0.6991857,0.9545454382896423,0.3705882430076599,0.00180360721424222
YCL054W,YDR450W,1,-0.7014053,0.9546599388122559,0.37156862020492554,0.00180360721424222
YLR441C,YGL111W,1,-0.70422083,0.9547738432884216,0.37254902720451355,0.00180360721424222
YDR339C,YLR048W,1,-0.70957273,0.9548872113227844,0.3735294044017792,0.00180360721424222
YIL130W,YDL060W,0,-0.7116372,0.9524999856948853,0.3735294044017792,0.0019038076279684901
YLR222C,YDR324C,1,-0.71166134,0.9526184797286987,0.3745098114013672,0.0019038076279684901
YOL041C,YNR038W,1,-0.7127753,0.9527363181114197,0.3754901885986328,0.0019038076279684901
YDL031W,YER002W,1,-0.716009,0.9528536200523376,0.3764705955982208,0.0019038076279684901
YCL054W,YNL232W,1,-0.7201612,0.9529703259468079,0.37745097279548645,0.0019038076279684901
YOR119C,YML093W,1,-0.7215427,0.9530864357948303,0.37843137979507446,0.0019038076279684901
YLR175W,YPL235W,1,-0.7223087,0.953201949596405,0.3794117569923401,0.0019038076279684901
YPR104C,YMR125W,1,-0.7233667,0.9533169269561768,0.3803921639919281,0.0019038076279684901
YAL025C,YHR148W,1,-0.72620296,0.9534313678741455,0.3813725411891937,0.0019038076279684901
YHR085W,YML026C,1,-0.72673595,0.9535452127456665,0.38235294818878174,0.0019038076279684901
YER082C,YPL211W,1,-0.72744167,0.9536585211753845,0.38333332538604736,0.0019038076279684901
YOR096W,YOL080C,1,-0.7282412,0.9537712931632996,0.3843137323856354,0.0019038076279684901
YHR169W,YER112W,1,-0.7282435,0.9538834691047668,0.385294109582901,0.0019038076279684901
YJL050W,YGL245W,0,-0.72989297,0.9515738487243652,0.385294109582901,0.0020040080416947603
YGR158C,YPL090C,1,-0.73401153,0.9516907930374146,0.386274516582489,0.0020040080416947603
YGL171W,YGR214W,1,-0.73984444,0.9518072009086609,0.38725489377975464,0.0020040080416947603
YOL041C,YDR087C,1,-0.73998713,0.9519230723381042,0.38823530077934265,0.0020040080416947603
YLR441C,YGR128C,1,-0.74242336,0.9520383477210999,0.3892156779766083,0.0020040080416947603
YER102W,YGL029W,1,-0.7485901,0.9521530866622925,0.3901960849761963,0.0020040080416947603
YLR129W,YNL075W,1,-0.7500868,0.9522672891616821,0.3911764621734619,0.0020040080416947603
YDR052C,YER127W,0,-0.750087,0.949999988079071,0.3911764621734619,0.0021042083390057087
YMR290C,YOL077C,0,-0.75150526,0.9477434754371643,0.3911764621734619,0.0022044088691473007
YLL035W,YHR088W,1,-0.7555786,0.9478672742843628,0.3921568691730499,0.0022044088691473007
YPL126W,YOR101W,0,-0.7592222,0.9456264972686768,0.3921568691730499,0.002304609166458249
YEL026W,YDR449C,1,-0.75987035,0.9457547068595886,0.39313724637031555,0.002304609166458249
YBL004W,YFL002C,1,-0.7610315,0.9458823800086975,0.39411765336990356,0.002304609166458249
YPR016C,YPR143W,1,-0.7655292,0.9460093975067139,0.3950980305671692,0.002304609166458249
YDL031W,YBR079C,0,-0.76650107,0.9437938928604126,0.3950980305671692,0.002404809696599841
YGR214W,YHR081W,1,-0.7670172,0.9439252614974976,0.3960784375667572,0.002404809696599841
YDR365C,YMR125W,1,-0.76825505,0.9440559148788452,0.3970588147640228,0.002404809696599841
YLR002C,YML026C,1,-0.7729463,0.9441860318183899,0.39803922176361084,0.002404809696599841
YLR222C,YLR438C-A,1,-0.7789862,0.9443155527114868,0.39901959896087646,0.002404809696599841
YKL009W,YDR478W,1,-0.77919143,0.9444444179534912,0.4000000059604645,0.002404809696599841
YDR324C,YKL021C,1,-0.78000885,0.9445727467536926,0.4009803831577301,0.002404809696599841
YLR430W,YGR128C,1,-0.78016245,0.9447004795074463,0.4019607901573181,0.002404809696599841
YIL019W,YNL096C,1,-0.78117365,0.9448275566101074,0.40294116735458374,0.002404809696599841
YPL081W,YLR441C,1,-0.78291035,0.9449541568756104,0.40392157435417175,0.002404809696599841
YBR189W,YDL060W,1,-0.7831875,0.9450801014900208,0.4049019515514374,0.002404809696599841
YOR048C,YLR051C,1,-0.78363514,0.9452054500579834,0.4058823585510254,0.002404809696599841
YJR002W,YML026C,1,-0.7836596,0.9453303217887878,0.406862735748291,0.002404809696599841
YMR049C,YPL012W,1,-0.78384453,0.9454545378684998,0.40784314274787903,0.002404809696599841
YPL126W,YGR081C,1,-0.78390664,0.9455782175064087,0.40882351994514465,0.002404809696599841
YDL208W,YPL090C,1,-0.7847542,0.9457013607025146,0.40980392694473267,0.002404809696599841
YML043C,YCR072C,0,-0.78570586,0.943566620349884,0.40980392694473267,0.0025050099939107895
YLR002C,YHR062C,1,-0.78582764,0.9436936974525452,0.4107843041419983,0.0025050099939107895
YDR083W,YNL222W,1,-0.78695405,0.9438202381134033,0.4117647111415863,0.0025050099939107895
YJL069C,YPL143W,0,-0.78888524,0.9417040348052979,0.4117647111415863,0.0026052105240523815
YOR119C,YLR129W,1,-0.7895054,0.9418344497680664,0.41274508833885193,0.0026052105240523815
YDR299W,YNL124W,1,-0.79226714,0.9419642686843872,0.41372549533843994,0.0026052105240523815
YDR312W,YML026C,0,-0.794351,0.9398663640022278,0.41372549533843994,0.00270541082136333
YOR004W,YPR110C,0,-0.79559386,0.9377777576446533,0.41372549533843994,0.0028056111186742783
YHR062C,YLR022C,1,-0.79732066,0.9379157423973083,0.41470587253570557,0.0028056111186742783
YOL041C,YGR090W,1,-0.79733354,0.9380530714988708,0.4156862795352936,0.0028056111186742783
YKL156W,YPR112C,1,-0.8018356,0.9381898641586304,0.4166666567325592,0.0028056111186742783
YER082C,YOR048C,1,-0.8023968,0.9383260011672974,0.4176470637321472,0.0028056111186742783
YOR294W,YBR142W,1,-0.8039686,0.9384615421295166,0.41862744092941284,0.0028056111186742783
YDL031W,YDR025W,1,-0.8046429,0.9385964870452881,0.41960784792900085,0.0028056111186742783
YCR035C,YER002W,1,-0.8075254,0.9387308359146118,0.4205882251262665,0.0028056111186742783
YMR128W,YHR148W,1,-0.8095975,0.9388646483421326,0.4215686321258545,0.0028056111186742783
YPL012W,YDL060W,1,-0.810609,0.9389978051185608,0.4225490093231201,0.0028056111186742783
YGL123W,YDL060W,1,-0.81226087,0.939130425453186,0.42352941632270813,0.0028056111186742783
YHR034C,YPL266W,1,-0.8168732,0.9392624497413635,0.42450979351997375,0.0028056111186742783
YMR229C,YDR280W,1,-0.818296,0.939393937587738,0.42549020051956177,0.0028056111186742783
YOL021C,YLR129W,1,-0.8234019,0.9395248293876648,0.4264705777168274,0.0028056111186742783
YKL099C,YGR103W,1,-0.8304515,0.9396551847457886,0.4274509847164154,0.0028056111186742783
YHR169W,YDR478W,1,-0.8309137,0.9397849440574646,0.42843136191368103,0.0028056111186742783
YER102W,YLL011W,1,-0.83332604,0.9399141669273376,0.42941176891326904,0.0028056111186742783
YMR049C,YJR041C,1,-0.8334813,0.9400428533554077,0.43039214611053467,0.0028056111186742783
YLR002C,YOL142W,1,-0.83403873,0.94017094373703,0.4313725531101227,0.0028056111186742783
YOL041C,YDR449C,1,-0.8359995,0.9402984976768494,0.4323529303073883,0.0028056111186742783
YKL099C,YJL050W,1,-0.83604085,0.9404255151748657,0.4333333373069763,0.0028056111186742783
YJR002W,YKR024C,1,-0.8371539,0.9405519962310791,0.43431371450424194,0.0028056111186742783
YPR137W,YHR197W,1,-0.83919644,0.9406779408454895,0.43529412150382996,0.0028056111186742783
YHR169W,YBR048W,1,-0.8439245,0.9408034086227417,0.4362744987010956,0.0028056111186742783
YOR004W,YLR441C,1,-0.85018337,0.9409282803535461,0.4372549057006836,0.0028056111186742783
YOR046C,YHL015W,0,-0.8517223,0.9389473795890808,0.4372549057006836,0.0029058116488158703
YGR145W,YLR129W,1,-0.8521129,0.9390756487846375,0.4382352828979492,0.0029058116488158703
YLR022C,YML026C,1,-0.85359895,0.9392033815383911,0.43921568989753723,0.0029058116488158703
YOL021C,YHR032W,0,-0.8558873,0.9372385144233704,0.43921568989753723,0.0030060119461268187
YHR085W,YJL010C,1,-0.8576685,0.9373695254325867,0.44019606709480286,0.0030060119461268187
YBR247C,YOR287C,1,-0.8588207,0.9375,0.44117647409439087,0.0030060119461268187
YDR091C,YKL014C,1,-0.862128,0.9376299381256104,0.4421568512916565,0.0030060119461268187
YCL054W,YOR287C,1,-0.86257774,0.9377593398094177,0.4431372582912445,0.0030060119461268187
YMR049C,YPL082C,1,-0.86287886,0.9378882050514221,0.44411763548851013,0.0030060119461268187
YGR276C,YDL166C,1,-0.8630047,0.9380165338516235,0.44509804248809814,0.0030060119461268187
YMR290C,YHL015W,1,-0.8635014,0.938144326210022,0.44607841968536377,0.0030060119461268187
YOL142W,YLR192C,1,-0.8642305,0.9382715821266174,0.4470588266849518,0.0030060119461268187
YHR089C,YHR197W,1,-0.87318575,0.9383983612060547,0.4480392038822174,0.0030060119461268187
YOR004W,YLR167W,1,-0.8733812,0.938524603843689,0.4490196108818054,0.0030060119461268187
YCR031C,YOL010W,1,-0.8745223,0.9386503100395203,0.44999998807907104,0.0030060119461268187
YGL030W,YOR287C,1,-0.87622136,0.9387755393981934,0.45098039507865906,0.0030060119461268187
YKL009W,YGL030W,1,-0.8771426,0.9389002323150635,0.4519607722759247,0.0030060119461268187
YKR081C,YLR210W,0,-0.8873848,0.9369918704032898,0.4519607722759247,0.0031062124762684107
YLR276C,YDR021W,1,-0.8915578,0.9371196627616882,0.4529411792755127,0.0031062124762684107
YHL015W,YGL097W,1,-0.89182675,0.9372469782829285,0.4539215564727783,0.0031062124762684107
YDR064W,YLR435W,1,-0.8938759,0.9373737573623657,0.45490196347236633,0.0031062124762684107
YDL153C,YOL041C,1,-0.894678,0.9375,0.45588234066963196,0.0031062124762684107
YDL083C,YGR103W,1,-0.89475876,0.9376257658004761,0.45686274766921997,0.0031062124762684107
YCR057C,YJR041C,1,-0.8979097,0.9377509951591492,0.4578431248664856,0.0031062124762684107
YKL014C,YOL021C,1,-0.90307075,0.9378757476806641,0.4588235318660736,0.0031062124762684107
YLR435W,YNR038W,1,-0.90669733,0.9380000233650208,0.45980390906333923,0.0031062124762684107
YLR441C,YLL011W,1,-0.90700173,0.9381237626075745,0.46078431606292725,0.0031062124762684107
YGR251W,YBL018C,1,-0.9070388,0.93824702501297,0.46176469326019287,0.0031062124762684107
YGR251W,YBR189W,1,-0.9094902,0.9383698105812073,0.4627451002597809,0.0031062124762684107
YER126C,YER002W,1,-0.9126683,0.9384920597076416,0.4637254774570465,0.0031062124762684107
YDL111C,YJR041C,1,-0.9134617,0.9386138319969177,0.4647058844566345,0.0031062124762684107
YBR247C,YNL096C,1,-0.9149078,0.9387351870536804,0.46568626165390015,0.0031062124762684107
YCL054W,YOR078W,1,-0.9166244,0.9388560056686401,0.46666666865348816,0.0031062124762684107
YGR251W,YNL096C,1,-0.9175853,0.9389764070510864,0.4676470458507538,0.0031062124762684107
YER102W,YDL208W,1,-0.91777015,0.9390962719917297,0.4686274528503418,0.0031062124762684107
YLL011W,YGR195W,1,-0.92059624,0.9392156600952148,0.4696078300476074,0.0031062124762684107
YOR001W,YHL033C,0,-0.9230006,0.9373776912689209,0.4696078300476074,0.003206412773579359
YPR144C,YNL124W,1,-0.92373204,0.9375,0.47058823704719543,0.003206412773579359
YNR054C,YPL081W,1,-0.92623305,0.9376218318939209,0.47156861424446106,0.003206412773579359
YHR088W,YGR158C,1,-0.92675555,0.9377431869506836,0.4725490212440491,0.003206412773579359
YER102W,YPL211W,1,-0.93265325,0.9378640651702881,0.4735293984413147,0.003206412773579359
YGR251W,YJL010C,1,-0.9354531,0.9379844665527344,0.4745098054409027,0.003206412773579359
YER126C,YDR324C,1,-0.9362682,0.9381044507026672,0.47549018263816833,0.003206412773579359
YPR137W,YLR106C,1,-0.9368634,0.9382239580154419,0.47647058963775635,0.003206412773579359
YDR021W,YKL009W,1,-0.94488937,0.9383429884910583,0.477450966835022,0.003206412773579359
YDR091C,YDR280W,1,-0.94617975,0.9384615421295166,0.47843137383461,0.003206412773579359
YNL232W,YCR031C,1,-0.94699347,0.9385796785354614,0.4794117510318756,0.003206412773579359
YDR021W,YLR197W,1,-0.94845283,0.938697338104248,0.4803921580314636,0.003206412773579359
YDR087C,YGR208W,0,-0.950366,0.9369024634361267,0.4803921580314636,0.003306613303720951
YHR085W,YKL099C,1,-0.9515647,0.9370229244232178,0.48137253522872925,0.003306613303720951
YLR022C,YKR024C,1,-0.9530461,0.9371428489685059,0.48235294222831726,0.003306613303720951
YMR128W,YLR435W,1,-0.95341945,0.9372623562812805,0.4833333194255829,0.003306613303720951
YER082C,YBR142W,1,-0.9535154,0.937381386756897,0.4843137264251709,0.003306613303720951
YGR109C,YBL035C,0,-0.9538701,0.935606062412262,0.4843137264251709,0.0034068136010318995
YBL024W,YLR372W,0,-0.956264,0.9338374137878418,0.4843137264251709,0.0035070141311734915
YIL019W,YBR189W,1,-0.9566524,0.9339622855186462,0.4852941036224365,0.0035070141311734915
YDR021W,YGR090W,1,-0.959841,0.9340866208076477,0.48627451062202454,0.0035070141311734915
YJL069C,YPR132W,1,-0.96466815,0.9342105388641357,0.48725488781929016,0.0035070141311734915
YMR239C,YPL235W,1,-0.96544313,0.9343339800834656,0.4882352948188782,0.0035070141311734915
YNL221C,YLR129W,1,-0.96765226,0.9344569444656372,0.4892156720161438,0.0035070141311734915
YFL002C,YFL022C,0,-0.9699403,0.9327102899551392,0.4892156720161438,0.00360721442848444
YDR324C,YHR021C,1,-0.97218287,0.9328358173370361,0.4901960790157318,0.00360721442848444
YKR057W,YOL142W,1,-0.9807279,0.9329608678817749,0.49117645621299744,0.00360721442848444
YDR025W,YDL082W,0,-0.982233,0.9312267899513245,0.49117645621299744,0.0037074147257953882
YER127W,YDL014W,1,-0.986231,0.9313543438911438,0.49215686321258545,0.0037074147257953882
YNL308C,YPL093W,1,-0.98908705,0.9314814805984497,0.4931372404098511,0.0037074147257953882
YDR450W,YPR132W,1,-0.991591,0.9316081404685974,0.4941176474094391,0.0037074147257953882
YOR294W,YLR002C,1,-0.99344534,0.9317343235015869,0.4950980246067047,0.0037074147257953882
YCR035C,YBR181C,1,-0.9975096,0.9318600296974182,0.4960784316062927,0.0037074147257953882
YKL156W,YOR096W,1,-0.9981244,0.9319853186607361,0.49705880880355835,0.0037074147257953882
YPL217C,YGR159C,1,-0.999305,0.932110071182251,0.49803921580314636,0.0037074147257953882
YGR145W,YDR398W,1,-1.0009418,0.9322344064712524,0.499019593000412,0.0037074147257953882
YKL156W,YGR214W,1,-1.0037217,0.9323583245277405,0.5,0.0037074147257953882
YER102W,YNL182C,1,-1.0044185,0.9324817657470703,0.5009803771972656,0.0037074147257953882
YER102W,YEL026W,1,-1.0066878,0.9326047301292419,0.501960813999176,0.0037074147257953882
YOR294W,YDR450W,1,-1.0079681,0.9327272772789001,0.5029411911964417,0.0037074147257953882
YCR035C,YCL011C,0,-1.0090455,0.931034505367279,0.5029411911964417,0.0038076152559369802
YGR159C,YPL235W,1,-1.0106436,0.9311594367027283,0.5039215683937073,0.0038076152559369802
YHL015W,YGR195W,1,-1.014318,0.9312838912010193,0.5049019455909729,0.0038076152559369802
YLR068W,YBR181C,1,-1.0196204,0.9314079284667969,0.5058823823928833,0.0038076152559369802
YBR247C,YGR271C-A,1,-1.0211995,0.931531548500061,0.5068627595901489,0.0038076152559369802
YKR081C,YDR324C,1,-1.0228776,0.931654691696167,0.5078431367874146,0.0038076152559369802
YGL171W,YMR125W,1,-1.0231514,0.9317773580551147,0.5088235139846802,0.0038076152559369802
YNR024W,YDL208W,1,-1.0236689,0.9318996667861938,0.5098039507865906,0.0038076152559369802
YDR280W,YGL123W,1,-1.0239573,0.93202143907547,0.5107843279838562,0.0038076152559369802
YHR088W,YPL178W,1,-1.025797,0.9321428537368774,0.5117647051811218,0.0038076152559369802
YDR064W,YIL069C,1,-1.0272269,0.9322637915611267,0.5127450823783875,0.0038076152559369802
YKL099C,YCL031C,1,-1.0321949,0.9323843121528625,0.5137255191802979,0.0038076152559369802
YKR060W,YDL208W,1,-1.0322921,0.932504415512085,0.5147058963775635,0.0038076152559369802
YCR057C,YHL015W,1,-1.0330844,0.932624101638794,0.5156862735748291,0.0038076152559369802
YNL282W,YGR280C,1,-1.0360286,0.9327433705329895,0.5166666507720947,0.0038076152559369802
YGR081C,YGR276C,1,-1.0386757,0.9328621625900269,0.5176470875740051,0.0038076152559369802
YDR091C,YNL232W,1,-1.0446163,0.9329805970191956,0.5186274647712708,0.0038076152559369802
YGR090W,YLR106C,1,-1.0456245,0.9330986142158508,0.5196078419685364,0.0038076152559369802
YOL097C,YKL021C,0,-1.0457873,0.9314587116241455,0.5196078419685364,0.003907815553247929
YPL126W,YLR430W,1,-1.0480776,0.9315789341926575,0.520588219165802,0.003907815553247929
YLR106C,YPL211W,1,-1.0495814,0.9316987991333008,0.5215686559677124,0.003907815553247929
YPL266W,YJL069C,1,-1.0510569,0.9318181872367859,0.522549033164978,0.003907815553247929
YER102W,YGR158C,1,-1.0513299,0.9319371581077576,0.5235294103622437,0.003907815553247929
YDL083C,YHR088W,1,-1.0535364,0.9320557713508606,0.5245097875595093,0.003907815553247929
YNL096C,YDL166C,1,-1.0563855,0.9321739077568054,0.5254902243614197,0.003907815553247929
YDR091C,YDL166C,1,-1.0573821,0.9322916865348816,0.5264706015586853,0.003907815553247929
YLR022C,YOR056C,1,-1.0635129,0.9324089884757996,0.5274509787559509,0.003907815553247929
YDR478W,YJR041C,1,-1.0644195,0.9325259327888489,0.5284313559532166,0.003907815553247929
YIR012W,YBL027W,0,-1.0651712,0.930915355682373,0.5284313559532166,0.004008016083389521
YLR409C,YML026C,1,-1.0674428,0.931034505367279,0.529411792755127,0.004008016083389521
YHL015W,YNR038W,1,-1.0702162,0.9311531782150269,0.5303921699523926,0.004008016083389521
YGR118W,YKL021C,1,-1.070805,0.931271493434906,0.5313725471496582,0.004008016083389521
YPL081W,YGR158C,1,-1.0737467,0.9313893914222717,0.5323529243469238,0.004008016083389521
YKR060W,YHR021C,1,-1.0743856,0.931506872177124,0.5333333611488342,0.004008016083389521
YOL021C,YLR197W,1,-1.07633,0.9316239356994629,0.5343137383460999,0.004008016083389521
YLR022C,YMR093W,1,-1.0786799,0.9317406415939331,0.5352941155433655,0.004008016083389521
YPL012W,YML026C,1,-1.0823059,0.9318568706512451,0.5362744927406311,0.004008016083389521
YOR145C,YMR131C,1,-1.0842736,0.9319728016853333,0.5372549295425415,0.004008016083389521
YNL248C,YMR233W,0,-1.084845,0.930390477180481,0.5372549295425415,0.004108216613531113
YHR034C,YMR093W,1,-1.0852175,0.9305084943771362,0.5382353067398071,0.004108216613531113
YPR132W,YGL120C,1,-1.0879264,0.9306260347366333,0.5392156839370728,0.004108216613531113
YCL059C,YCR057C,1,-1.0916886,0.9307432174682617,0.5401960611343384,0.004108216613531113
YPL093W,YLL011W,1,-1.0940367,0.9308600425720215,0.5411764979362488,0.004108216613531113
YGR123C,YDR382W,0,-1.0949869,0.9292929172515869,0.5411764979362488,0.004208416678011417
YKR025W,YOR312C,0,-1.100508,0.9277310967445374,0.5411764979362488,0.004308617208153009
YLR175W,YPL082C,1,-1.1020757,0.9278523325920105,0.5421568751335144,0.004308617208153009
YFL002C,YDR399W,0,-1.1047409,0.9262981414794922,0.5421568751335144,0.0044088177382946014
YOR243C,YOR056C,1,-1.106746,0.9264214038848877,0.54313725233078,0.0044088177382946014
YLL035W,YPL146C,1,-1.1095597,0.9265442490577698,0.5441176295280457,0.0044088177382946014
YOR096W,YGR195W,1,-1.1099069,0.9266666769981384,0.545098066329956,0.0044088177382946014
YPL126W,YAL033W,1,-1.111773,0.9267886877059937,0.5460784435272217,0.0044088177382946014
YLR048W,YOL080C,1,-1.112259,0.9269102811813354,0.5470588207244873,0.0044088177382946014
YHR085W,YPL178W,1,-1.1146781,0.9270315170288086,0.5480391979217529,0.0044088177382946014
YLR409C,YPL090C,1,-1.118419,0.9271523356437683,0.5490196347236633,0.0044088177382946014
YPL012W,YER074W,1,-1.1185415,0.9272727370262146,0.550000011920929,0.0044088177382946014
YDL213C,YNL124W,1,-1.1204016,0.9273927211761475,0.5509803891181946,0.0044088177382946014
YPL126W,YLR172C,0,-1.1234213,0.9258649349212646,0.5509803891181946,0.0045090182684361935
YPL178W,YNL075W,1,-1.1261224,0.9259868264198303,0.5519607663154602,0.0045090182684361935
YKL099C,YNL124W,1,-1.1263726,0.9261083602905273,0.5529412031173706,0.0045090182684361935
YKL014C,YNL124W,1,-1.1263964,0.9262295365333557,0.5539215803146362,0.0045090182684361935
YOR312C,YHR141C,0,-1.1270938,0.9247136116027832,0.5539215803146362,0.004609218332916498
YCR057C,YMR093W,1,-1.1274441,0.9248365759849548,0.5549019575119019,0.004609218332916498
YJR002W,YPL090C,1,-1.1318146,0.9249592423439026,0.5558823347091675,0.004609218332916498
YOR119C,YGR214W,1,-1.1328483,0.9250814318656921,0.5568627715110779,0.004609218332916498
YER131W,YOL149W,0,-1.1340848,0.9235772490501404,0.5568627715110779,0.00470941886305809
YOR119C,YLR435W,1,-1.1361274,0.923701286315918,0.5578431487083435,0.00470941886305809
YMR239C,YBR257W,1,-1.1374125,0.9238249659538269,0.5588235259056091,0.00470941886305809
YKL156W,YGL246C,1,-1.1386184,0.9239482283592224,0.5598039031028748,0.00470941886305809
YDL031W,YDR280W,1,-1.1389863,0.9240710735321045,0.5607843399047852,0.00470941886305809
YMR128W,YPR144C,1,-1.1405586,0.9241935610771179,0.5617647171020508,0.00470941886305809
YPL093W,YDR449C,1,-1.141219,0.9243156313896179,0.5627450942993164,0.00470941886305809
YDR025W,YHR069C,1,-1.1462847,0.9244372844696045,0.563725471496582,0.00470941886305809
YLR048W,YMR093W,1,-1.1468425,0.9245585799217224,0.5647059082984924,0.00470941886305809
YDR339C,YMR242C,0,-1.1484317,0.9230769276618958,0.5647059082984924,0.004809619393199682
YNR024W,YLR059C,1,-1.1494471,0.9232000112533569,0.5656862854957581,0.004809619393199682
YCR016W,YOR174W,0,-1.1503352,0.9217252135276794,0.5656862854957581,0.004909819457679987
YPL090C,YLR197W,1,-1.1523455,0.9218500852584839,0.5666666626930237,0.004909819457679987
YPL235W,YML093W,1,-1.1524017,0.9219745397567749,0.5676470398902893,0.004909819457679987
YKR057W,YCR031C,1,-1.1525288,0.9220985770225525,0.5686274766921997,0.004909819457679987
YGR276C,YLR197W,1,-1.1530696,0.9222221970558167,0.5696078538894653,0.004909819457679987
YPL126W,YGR158C,1,-1.1536212,0.9223454594612122,0.570588231086731,0.004909819457679987
YDR101C,YHR021C,0,-1.159365,0.9208860993385315,0.570588231086731,0.005010019987821579
YNL207W,YOR101W,0,-1.1610826,0.9194312691688538,0.570588231086731,0.005110220517963171
YPL217C,YLR197W,1,-1.1623274,0.9195583462715149,0.5715686082839966,0.005110220517963171
YLR438C-A,YDR087C,1,-1.1628358,0.9196850657463074,0.572549045085907,0.005110220517963171
YCL059C,YPR137W,1,-1.1637697,0.9198113083839417,0.5735294222831726,0.005110220517963171
YCR035C,YJL136C,1,-1.1639986,0.9199371933937073,0.5745097994804382,0.005110220517963171
YOR233W,YKL125W,0,-1.1646692,0.9184952974319458,0.5745097994804382,0.005210421048104763
YDR021W,YDR025W,1,-1.166568,0.9186228513717651,0.5754901766777039,0.005210421048104763
YJR002W,YDL112W,0,-1.1673942,0.917187511920929,0.5754901766777039,0.005310621112585068
YOR001W,YBR048W,1,-1.1695995,0.9173166751861572,0.5764706134796143,0.005310621112585068
YKR024C,YDR390C,0,-1.1697781,0.9158878326416016,0.5764706134796143,0.00541082164272666
YGR214W,YHR148W,1,-1.1700215,0.9160186648368835,0.5774509906768799,0.00541082164272666
YPR132W,YOL010W,1,-1.1714578,0.9161490797996521,0.5784313678741455,0.00541082164272666
YPL012W,YJL069C,1,-1.1785076,0.9162790775299072,0.5794117450714111,0.00541082164272666
YIL091C,YLR223C,0,-1.1821729,0.9148606657981873,0.5794117450714111,0.005511022172868252
YGR118W,YNL112W,1,-1.1833204,0.9149922728538513,0.5803921818733215,0.005511022172868252
YLR175W,YDL111C,1,-1.1873903,0.915123462677002,0.5813725590705872,0.005511022172868252
YDR450W,YJL069C,1,-1.1935216,0.9152542352676392,0.5823529362678528,0.005511022172868252
YDR021W,YKR057W,1,-1.1943927,0.9153845906257629,0.5833333134651184,0.005511022172868252
YJR002W,YOL142W,1,-1.1947594,0.9155145883560181,0.5843137502670288,0.005511022172868252
YBL004W,YNL222W,1,-1.1957026,0.9156441688537598,0.5852941274642944,0.005511022172868252
YNL232W,YPL178W,1,-1.1995611,0.915773332118988,0.5862745046615601,0.005511022172868252
YDL083C,YDR365C,1,-1.2004155,0.9159021377563477,0.5872548818588257,0.005511022172868252
YHR069C,YBR048W,1,-1.2010063,0.9160305261611938,0.5882353186607361,0.005511022172868252
YGR276C,YDR449C,1,-1.2064118,0.9161585569381714,0.5892156958580017,0.005511022172868252
YIL096C,YDR234W,0,-1.2101834,0.9147641062736511,0.5892156958580017,0.0056112222373485565
YHR034C,YDR280W,1,-1.2105641,0.914893627166748,0.5901960730552673,0.0056112222373485565
YHR169W,YLR078C,0,-1.2119997,0.9135053157806396,0.5901960730552673,0.0057114227674901485
YOR210W,YDL082W,0,-1.2191882,0.9121212363243103,0.5901960730552673,0.005811623297631741
YOR294W,YNL096C,1,-1.2196811,0.9122541546821594,0.591176450252533,0.005811623297631741
YMR235C,YGL246C,0,-1.2204437,0.9108761548995972,0.591176450252533,0.005911823827773333
YDR339C,YGL076C,0,-1.2205484,0.9095022678375244,0.591176450252533,0.006012023892253637
YML093W,YEL061C,0,-1.2211396,0.9081325531005859,0.591176450252533,0.006112224422395229
YMR143W,YER127W,1,-1.2230592,0.9082706570625305,0.5921568870544434,0.006112224422395229
YBR142W,YJL025W,0,-1.2255509,0.9069069027900696,0.5921568870544434,0.006212424952536821
YIL019W,YMR125W,1,-1.2265868,0.9070464968681335,0.593137264251709,0.006212424952536821
YEL026W,YLR197W,1,-1.230642,0.9071856141090393,0.5941176414489746,0.006212424952536821
YER082C,YER002W,1,-1.231468,0.9073243737220764,0.5950980186462402,0.006212424952536821
YDR087C,YOR201C,1,-1.2318239,0.9074627161026001,0.5960784554481506,0.006212424952536821
YDR021W,YER146W,1,-1.2371035,0.9076005816459656,0.5970588326454163,0.006212424952536821
YMR049C,YGR030C,1,-1.2455329,0.9077380895614624,0.5980392098426819,0.006212424952536821
YCL031C,YOR287C,1,-1.2519962,0.9078751802444458,0.5990195870399475,0.006212424952536821
YCR047C,YKR024C,1,-1.2523633,0.9080118536949158,0.6000000238418579,0.006212424952536821
YKL009W,YDR449C,1,-1.2547156,0.9081481695175171,0.6009804010391235,0.006212424952536821
YLR186W,YOR119C,1,-1.2601186,0.9082840085029602,0.6019607782363892,0.006212424952536821
YPL086C,YLR167W,0,-1.2611247,0.9069423675537109,0.6019607782363892,0.006312625482678413
YBL002W,YDR299W,0,-1.2616667,0.9056047201156616,0.6019607782363892,0.006412825547158718
YMR128W,YOR341W,0,-1.2617526,0.9042710065841675,0.6019607782363892,0.00651302607730031
YLR293C,YGL120C,1,-1.2621595,0.904411792755127,0.6029411554336548,0.00651302607730031
YOL021C,YDL042C,0,-1.2627825,0.9030836820602417,0.6029411554336548,0.006613226607441902
YMR290C,YDR143C,0,-1.2631215,0.9017595052719116,0.6029411554336548,0.006713426671922207
YLR435W,YPL211W,1,-1.2640351,0.9019033908843994,0.6039215922355652,0.006713426671922207
YPR058W,YHR136C,0,-1.264714,0.9005848169326782,0.6039215922355652,0.006813627202063799
YOR243C,YPL211W,1,-1.2647753,0.9007299542427063,0.6049019694328308,0.006813627202063799
YIL019W,YBR167C,1,-1.2657979,0.9008746147155762,0.6058823466300964,0.006813627202063799
YGR195W,YLR167W,1,-1.2665048,0.9010189175605774,0.6068627238273621,0.006813627202063799
YCL054W,YLR048W,1,-1.2687308,0.9011628031730652,0.6078431606292725,0.006813627202063799
YKR057W,YLR197W,1,-1.2702345,0.9013062119483948,0.6088235378265381,0.006813627202063799
YBL004W,YMR125W,1,-1.2724373,0.9014492630958557,0.6098039150238037,0.006813627202063799
YOR252W,YDR037W,0,-1.2727048,0.9001446962356567,0.6098039150238037,0.006913827732205391
YKL004W,YNL149C,0,-1.2734547,0.8988439440727234,0.6098039150238037,0.007014028262346983
YER133W,YNL061W,1,-1.2738595,0.8989899158477783,0.6107842922210693,0.007014028262346983
YNL282W,YDR064W,1,-1.2745223,0.8991354703903198,0.6117647290229797,0.007014028262346983
YMR128W,YPL235W,1,-1.2766926,0.8992805480957031,0.6127451062202454,0.007014028262346983
YLR022C,YDR449C,1,-1.2815926,0.8994252681732178,0.613725483417511,0.007014028262346983
YHR090C,YER146W,0,-1.2835324,0.8981348872184753,0.613725483417511,0.007114228326827288
YOL077C,YLL021W,0,-1.286483,0.8968481421470642,0.613725483417511,0.00721442885696888
YNL064C,YPL043W,0,-1.2876682,0.8955650925636292,0.613725483417511,0.007314629387110472
YOR004W,YGR030C,1,-1.2888206,0.895714282989502,0.6147058606147766,0.007314629387110472
YDR465C,YGR061C,0,-1.2916415,0.8944365382194519,0.6147058606147766,0.0074148294515907764
YLR022C,YGR214W,1,-1.2929988,0.8945869207382202,0.615686297416687,0.0074148294515907764
YER146W,YKL021C,1,-1.2942828,0.8947368264198303,0.6166666746139526,0.0074148294515907764
YNL221C,YML093W,1,-1.2943981,0.8948863744735718,0.6176470518112183,0.0074148294515907764
YHR062C,YGL111W,1,-1.2948151,0.895035445690155,0.6186274290084839,0.0074148294515907764
YPL126W,YLR192C,1,-1.3001964,0.8951841592788696,0.6196078658103943,0.0074148294515907764
YEL055C,YKL033W,0,-1.3030102,0.893917977809906,0.6196078658103943,0.0075150299817323685
YMR285C,YOL080C,1,-1.3044498,0.8940678238868713,0.6205882430076599,0.0075150299817323685
YOL056W,YDL051W,0,-1.3083591,0.8928067684173584,0.6205882430076599,0.0076152305118739605
YMR285C,YMR093W,1,-1.3094113,0.8929577469825745,0.6215686202049255,0.0076152305118739605
YJL050W,YNL065W,0,-1.311845,0.8917018175125122,0.6215686202049255,0.0077154310420155525
YLR059C,YOL010W,1,-1.3119439,0.891853928565979,0.6225489974021912,0.0077154310420155525
YPR132W,YDL166C,1,-1.3171768,0.8920056223869324,0.6235294342041016,0.0077154310420155525
YGL097W,YHL033C,0,-1.3172199,0.8907563090324402,0.6235294342041016,0.007815631106495857
YKL021C,YPL082C,1,-1.3192565,0.8909090757369995,0.6245098114013672,0.007815631106495857
YGR159C,YBL072C,1,-1.3201523,0.8910614252090454,0.6254901885986328,0.007815631106495857
YHR034C,YDR398W,1,-1.3226919,0.8912134170532227,0.6264705657958984,0.007815631106495857
YDR398W,YDR378C,1,-1.323085,0.8913649320602417,0.6274510025978088,0.007815631106495857
YGR030C,YGR271C-A,1,-1.3247592,0.8915159702301025,0.6284313797950745,0.007815631106495857
YDR128W,YDL189W,0,-1.32567,0.8902778029441833,0.6284313797950745,0.007915832102298737
YOL080C,YNL021W,0,-1.3262277,0.8890429735183716,0.6284313797950745,0.008016032166779041
YLR059C,YGR103W,1,-1.3269188,0.8891966938972473,0.6294117569923401,0.008016032166779041
YOR004W,YPR104C,1,-1.3298326,0.8893499374389648,0.6303921341896057,0.008016032166779041
YHR065C,YLR438C-A,1,-1.330967,0.889502763748169,0.6313725709915161,0.008016032166779041
YPR143W,YGR214W,1,-1.331891,0.8896551728248596,0.6323529481887817,0.008016032166779041
YLR438C-A,YLR276C,1,-1.334646,0.8898071646690369,0.6333333253860474,0.008016032166779041
YBL004W,YBR181C,1,-1.3350011,0.8899587392807007,0.634313702583313,0.008016032166779041
YDR101C,YKR095W,0,-1.3383822,0.8887362480163574,0.634313702583313,0.008116232231259346
YBL036C,YDR110W,0,-1.3387592,0.8875171542167664,0.634313702583313,0.008216433227062225
YCR057C,YLR409C,1,-1.3399684,0.8876712322235107,0.6352941393852234,0.008216433227062225
YPL255W,YDR091C,0,-1.3463616,0.8864569067955017,0.6352941393852234,0.00831663329154253
YDR052C,YCL029C,0,-1.3472035,0.8852459192276001,0.6352941393852234,0.008416833356022835
YNR054C,YPL178W,1,-1.3529351,0.8854024410247803,0.636274516582489,0.008416833356022835
YHL015W,YBL072C,1,-1.3529693,0.8855586051940918,0.6372548937797546,0.008416833356022835
YBR257W,YDL208W,1,-1.3532792,0.8857142925262451,0.6382352709770203,0.008416833356022835
YGR145W,YHR034C,1,-1.3534889,0.885869562625885,0.6392157077789307,0.008416833356022835
YDR091C,YPL082C,1,-1.3546109,0.8860244154930115,0.6401960849761963,0.008416833356022835
YDL108W,YDR465C,0,-1.356463,0.8848238587379456,0.6401960849761963,0.008517034351825714
YJL069C,YJL136C,1,-1.3576151,0.8849797248840332,0.6411764621734619,0.008517034351825714
YLR333C,YDR292C,0,-1.3585651,0.883783757686615,0.6411764621734619,0.008617234416306019
YJR002W,YNL124W,1,-1.3595705,0.8839406371116638,0.6421568393707275,0.008617234416306019
YNL124W,YOR056C,1,-1.3608611,0.8840970396995544,0.6431372761726379,0.008617234416306019
YHL015W,YER074W,1,-1.3622847,0.8842530250549316,0.6441176533699036,0.008617234416306019
YGR159C,YGL123W,1,-1.3642147,0.8844085931777954,0.6450980305671692,0.008617234416306019
YER002W,YGL097W,1,-1.3673134,0.8845637440681458,0.6460784077644348,0.008617234416306019
YDR280W,YLR143W,0,-1.3685946,0.8833780288696289,0.6460784077644348,0.008717434480786324
YJL010C,YLR059C,1,-1.36879,0.8835341334342957,0.6470588445663452,0.008717434480786324
YDL060W,YGL097W,1,-1.3697674,0.883689820766449,0.6480392217636108,0.008717434480786324
YHR062C,YAL033W,1,-1.3749301,0.8838451504707336,0.6490195989608765,0.008717434480786324
YHR065C,YBR257W,1,-1.3759162,0.8840000033378601,0.6499999761581421,0.008717434480786324
YMR049C,YJL109C,1,-1.3775203,0.8841544389724731,0.6509804129600525,0.008717434480786324
YLL008W,YLR059C,1,-1.3778272,0.8843085169792175,0.6519607901573181,0.008717434480786324
YMR125W,YKR024C,1,-1.3797481,0.8844621777534485,0.6529411673545837,0.008717434480786324
YMR049C,YOR287C,1,-1.3814242,0.8846153616905212,0.6539215445518494,0.008717434480786324
YLR441C,YDL192W,0,-1.3815708,0.8834437131881714,0.6539215445518494,0.008817635476589203
YDL166C,YDR378C,1,-1.3825513,0.8835979104042053,0.6549019813537598,0.008817635476589203
YDR025W,YMR125W,1,-1.3832407,0.883751630783081,0.6558823585510254,0.008817635476589203
YJR002W,YBR048W,1,-1.3846471,0.8839049935340881,0.656862735748291,0.008817635476589203
YBR189W,YGR030C,1,-1.3882391,0.8840579986572266,0.6578431129455566,0.008817635476589203
YKL172W,YGR214W,1,-1.3956003,0.8842105269432068,0.658823549747467,0.008817635476589203
YDR110W,YOR182C,0,-1.3964285,0.8830485939979553,0.658823549747467,0.008917835541069508
YHR196W,YDR145W,0,-1.3988328,0.8818897604942322,0.658823549747467,0.009018036536872387
YDR052C,YER148W,0,-1.3992312,0.8807339668273926,0.658823549747467,0.009118236601352692
YPL093W,YDR087C,1,-1.4018167,0.8808900713920593,0.6598039269447327,0.009118236601352692
YDR091C,YOR310C,1,-1.4022558,0.8810457587242126,0.6607843041419983,0.009118236601352692
YPR104C,YOL077C,0,-1.403226,0.8798955678939819,0.6607843041419983,0.009218436665832996
YGR271C-A,YDR378C,1,-1.403882,0.8800521492958069,0.6617646813392639,0.009218436665832996
YDL111C,YMR290C,1,-1.4044431,0.8802083134651184,0.6627451181411743,0.009218436665832996
YDR165W,YML022W,0,-1.4055737,0.8790637254714966,0.6627451181411743,0.009318637661635876
YBR181C,YGL123W,1,-1.4056578,0.8792207837104797,0.6637254953384399,0.009318637661635876
YPL266W,YJL136C,1,-1.4058115,0.8793774247169495,0.6647058725357056,0.009318637661635876
YBR181C,YGR128C,1,-1.411268,0.8795337080955505,0.6656862497329712,0.009318637661635876
YER133W,YLR129W,1,-1.4121544,0.8796895146369934,0.6666666865348816,0.009318637661635876
YLR186W,YKR057W,1,-1.4169244,0.8798449635505676,0.6676470637321472,0.009318637661635876
YPL235W,YOR056C,1,-1.4179361,0.8799999952316284,0.6686274409294128,0.009318637661635876
YBR189W,YPL211W,1,-1.4188957,0.8801546096801758,0.6696078181266785,0.009318637661635876
YEL055C,YLR045C,0,-1.4190633,0.8790218830108643,0.6696078181266785,0.00941883772611618
YPR144C,YGL123W,1,-1.4207075,0.8791773915290833,0.6705882549285889,0.00941883772611618
YML043C,YJR042W,0,-1.4210732,0.8780487775802612,0.6705882549285889,0.009519037790596485
YGL173C,YNL182C,1,-1.4211144,0.8782051205635071,0.6715686321258545,0.009519037790596485
YPL178W,YLR129W,1,-1.4216473,0.8783610463142395,0.6725490093231201,0.009519037790596485
YNR046W,YER029C,0,-1.422221,0.877237856388092,0.6725490093231201,0.009619238786399364
YCL031C,YPL239W,0,-1.4240193,0.876117467880249,0.6725490093231201,0.00971943885087967
YDR156W,YPL211W,0,-1.4242147,0.875,0.6725490093231201,0.009819638915359974
YDR060W,YER112W,0,-1.424361,0.8738853335380554,0.6725490093231201,0.009919839911162853
YOL061W,YDL130W,0,-1.4269865,0.8727735280990601,0.6725490093231201,0.010020039975643158
YDR500C,YBR189W,0,-1.4280169,0.8716645240783691,0.6725490093231201,0.010120240040123463
YKL156W,YLR059C,1,-1.4288763,0.8718274235725403,0.6735293865203857,0.010120240040123463
YDR432W,YOR096W,1,-1.4291596,0.8719898462295532,0.6745098233222961,0.010120240040123463
YBL018C,YER127W,1,-1.4335926,0.8721519112586975,0.6754902005195618,0.010120240040123463
YKL099C,YNR038W,1,-1.4370153,0.8723134994506836,0.6764705777168274,0.010120240040123463
YER074W,YDR449C,1,-1.440019,0.872474730014801,0.677450954914093,0.010120240040123463
YIL038C,YLR051C,0,-1.4414873,0.8713745474815369,0.677450954914093,0.010220441035926342
YPL198W,YIL137C,0,-1.4462558,0.8702771067619324,0.677450954914093,0.010320641100406647
YDR280W,YHR072W-A,1,-1.4479054,0.8704402446746826,0.6784313917160034,0.010320641100406647
YDL213C,YML063W,1,-1.4490802,0.8706030249595642,0.679411768913269,0.010320641100406647
YHR088W,YLR192C,1,-1.4526496,0.8707653880119324,0.6803921461105347,0.010320641100406647
YGR123C,YNR038W,0,-1.4541278,0.8696742057800293,0.6803921461105347,0.010420842096209526
YDR312W,YDR119W,0,-1.4560938,0.8685857057571411,0.6803921461105347,0.01052104216068983
YDR021W,YBR181C,1,-1.4589462,0.8687499761581421,0.6813725233078003,0.01052104216068983
YMR049C,YMR125W,1,-1.4599993,0.8689138293266296,0.6823529601097107,0.01052104216068983
YML065W,YIL158W,0,-1.4619212,0.8678303956985474,0.6823529601097107,0.010621242225170135
YOR004W,YBR257W,1,-1.4656951,0.867995023727417,0.6833333373069763,0.010621242225170135
YNL308C,YGR120C,0,-1.4660766,0.8669154047966003,0.6833333373069763,0.010721443220973015
YLL011W,YCR018C,1,-1.4707484,0.8670807480812073,0.6843137145042419,0.010721443220973015
YDR091C,YNL221C,1,-1.4728069,0.8672456741333008,0.6852940917015076,0.010721443220973015
YBR181C,YGR195W,1,-1.4757459,0.8674101829528809,0.686274528503418,0.010721443220973015
YBL004W,YPR132W,1,-1.4759016,0.8675742745399475,0.6872549057006836,0.010721443220973015
YDR184C,YOR262W,0,-1.4816709,0.8665018677711487,0.6872549057006836,0.01082164328545332
YMR260C,YMR128W,0,-1.4824545,0.86543208360672,0.6872549057006836,0.010921843349933624
YNL282W,YKL156W,1,-1.4845906,0.8655980229377747,0.6882352828979492,0.010921843349933624
YEL055C,YIL150C,0,-1.4856329,0.8645319938659668,0.6882352828979492,0.011022044345736504
YOR119C,YKL125W,0,-1.4873341,0.8634686470031738,0.6882352828979492,0.011122244410216808
YGL116W,YPL043W,0,-1.487633,0.8624078631401062,0.6882352828979492,0.011222444474697113
YBR154C,YDL112W,0,-1.4894934,0.8613497018814087,0.6882352828979492,0.011322645470499992
YLR059C,YDL014W,1,-1.4902215,0.8615196347236633,0.6892156600952148,0.011322645470499992
YPL266W,YLR192C,1,-1.4911053,0.8616890907287598,0.6901960968971252,0.011322645470499992
YHR021C,YLR249W,0,-1.4928256,0.8606356978416443,0.6901960968971252,0.011422845534980297
YLL038C,YDR086C,0,-1.4962469,0.8595848679542542,0.6901960968971252,0.011523046530783176
YMR128W,YKR060W,1,-1.4971328,0.8597561120986938,0.6911764740943909,0.011523046530783176
YKL156W,YCR035C,1,-1.4977912,0.8599269390106201,0.6921568512916565,0.011523046530783176
YCR047C,YER074W,1,-1.498557,0.860097348690033,0.6931372284889221,0.011523046530783176
YKL183W,YNL132W,0,-1.4987397,0.8590522408485413,0.6931372284889221,0.011623246595263481
YBL018C,YER082C,1,-1.5045807,0.8592233061790466,0.6941176652908325,0.011623246595263481
YDR098C,YKL183W,0,-1.505458,0.8581818342208862,0.6941176652908325,0.011723446659743786
YGL116W,YKR024C,0,-1.506861,0.8571428656578064,0.6941176652908325,0.011823647655546665
YDL150W,YGR128C,0,-1.507143,0.8561064004898071,0.6941176652908325,0.01192384772002697
YDR280W,YGR094W,0,-1.5099459,0.8550724387168884,0.6941176652908325,0.012024047784507275
YCL054W,YLR192C,1,-1.5112636,0.8552472591400146,0.6950980424880981,0.012024047784507275
YLR167W,YNL207W,1,-1.5116947,0.8554216623306274,0.6960784196853638,0.012024047784507275
YIR026C,YLR249W,0,-1.5139649,0.8543922901153564,0.6960784196853638,0.012124248780310154
YLL011W,YDR378C,1,-1.5143851,0.854567289352417,0.6970587968826294,0.012124248780310154
YLR167W,YLR405W,0,-1.5144094,0.8535414338111877,0.6970587968826294,0.012224448844790459
YOR287C,YPR132W,1,-1.5190667,0.853717029094696,0.6980392336845398,0.012224448844790459
YGL195W,YER087C-A,0,-1.5203437,0.8526946306228638,0.6980392336845398,0.012324648909270763
YLR430W,YLL011W,1,-1.5211389,0.8528708219528198,0.6990196108818054,0.012324648909270763
YNR024W,YML024W,0,-1.5212595,0.8518518805503845,0.6990196108818054,0.012424849905073643
YML031W,YGR094W,0,-1.5246168,0.8508353233337402,0.6990196108818054,0.012525049969553947
YER002W,YGR272C,1,-1.5255516,0.8510131239891052,0.699999988079071,0.012525049969553947
YPL093W,YIL069C,1,-1.5275285,0.851190447807312,0.7009803652763367,0.012525049969553947
YPL217C,YIL069C,1,-1.5312365,0.8513674139976501,0.7019608020782471,0.012525049969553947
YOR243C,YMR143W,1,-1.5320518,0.8515439629554749,0.7029411792755127,0.012525049969553947
YJL050W,YGR120C,0,-1.532929,0.8505337834358215,0.7029411792755127,0.012625250965356827
YML100W,YAL008W,0,-1.5339332,0.849526047706604,0.7029411792755127,0.012725451029837132
YPR112C,YER133W,1,-1.5361983,0.8497041463851929,0.7039215564727783,0.012725451029837132
YDL006W,YDL129W,0,-1.5366304,0.8486997485160828,0.7039215564727783,0.012825651094317436
YHL011C,YHL013C,0,-1.5374093,0.8476977348327637,0.7039215564727783,0.012925852090120316
YKR086W,YOR101W,0,-1.538959,0.8466981053352356,0.7039215564727783,0.01302605215460062
YCR035C,YMR285C,1,-1.5390035,0.846878707408905,0.704901933670044,0.01302605215460062
YPR104C,YDR299W,1,-1.5499434,0.8470588326454163,0.7058823704719543,0.01302605215460062
YPR016C,YDL043C,0,-1.5513275,0.8460634350776672,0.7058823704719543,0.013126252219080925
YHR169W,YDR118W,0,-1.5539074,0.8450704216957092,0.7058823704719543,0.013226453214883804
YOL120C,YLR275W,0,-1.5549152,0.8440797328948975,0.7058823704719543,0.013326653279364109
YKL156W,YOR287C,1,-1.5552084,0.8442623019218445,0.70686274766922,0.013326653279364109
YMR101C,YER160C,0,-1.5560783,0.8432748317718506,0.70686274766922,0.013426853343844414
YAL033W,YOR056C,1,-1.5574245,0.8434579372406006,0.7078431248664856,0.013426853343844414
YLR293C,YJL010C,1,-1.5647836,0.8436406254768372,0.7088235020637512,0.013426853343844414
YDR412W,YGL136C,1,-1.5662372,0.8438228368759155,0.7098039388656616,0.013426853343844414
YKL220C,YNL164C,0,-1.5665652,0.8428404927253723,0.7098039388656616,0.013527054339647293
YER056C-A,YLR017W,0,-1.566787,0.8418604731559753,0.7098039388656616,0.013627254404127598
YKL156W,YKR060W,1,-1.5675498,0.8420441150665283,0.7107843160629272,0.013627254404127598
YER112W,YDR086C,0,-1.5677555,0.8410673141479492,0.7107843160629272,0.013727454468607903
YPL043W,YOR189W,0,-1.567932,0.8400927186012268,0.7107843160629272,0.013827655464410782
YDL166C,YGR140W,0,-1.5682989,0.8391203880310059,0.7107843160629272,0.013927855528891087
YHR169W,YDR378C,1,-1.5696665,0.8393063545227051,0.7117646932601929,0.013927855528891087
YER146W,YMR143W,1,-1.571882,0.8394919037818909,0.7127450704574585,0.013927855528891087
YER112W,YDL014W,1,-1.5721912,0.8396770358085632,0.7137255072593689,0.013927855528891087
YDR121W,YNL216W,0,-1.572534,0.8387096524238586,0.7137255072593689,0.014028056524693966
YGR118W,YHR062C,1,-1.5764717,0.8388952612876892,0.7147058844566345,0.014028056524693966
YPR144C,YMR125W,1,-1.5782924,0.8390804529190063,0.7156862616539001,0.014028056524693966
YHR186C,YDL075W,0,-1.579366,0.8381171226501465,0.7156862616539001,0.01412825658917427
YNL308C,YHR133C,0,-1.5813537,0.8371559381484985,0.7156862616539001,0.014228456653654575
YMR014W,YDR080W,0,-1.5822005,0.836197018623352,0.7156862616539001,0.014328657649457455
YNL061W,YGR272C,1,-1.5823128,0.8363844156265259,0.7166666388511658,0.014328657649457455
YLR068W,YHR021C,1,-1.5827832,0.836571455001831,0.7176470756530762,0.014328657649457455
YHR143W-A,YML113W,0,-1.5833049,0.835616409778595,0.7176470756530762,0.01442885771393776
YDL209C,YDR163W,0,-1.5834157,0.8346636295318604,0.7176470756530762,0.014529057778418064
YHR143W-A,YHR005C,0,-1.5841069,0.8337129950523376,0.7176470756530762,0.014629258774220943
YAL025C,YGR030C,1,-1.5842247,0.8339021801948547,0.7186274528503418,0.014629258774220943
YDR119W,YLR003C,0,-1.5859766,0.8329545259475708,0.7186274528503418,0.014729458838701248
YDR206W,YGR280C,0,-1.5884242,0.8320090770721436,0.7186274528503418,0.014829658903181553
YML063W,YIL064W,0,-1.5904431,0.8310657739639282,0.7186274528503418,0.014929859898984432
YPL081W,YBL072C,1,-1.5954175,0.8312571048736572,0.7196078300476074,0.014929859898984432
YLR357W,YDR365C,0,-1.5991237,0.8303167223930359,0.7196078300476074,0.015030059963464737
YCR035C,YGR195W,1,-1.5994241,0.8305084705352783,0.720588207244873,0.015030059963464737
YDR361C,YDR324C,0,-1.6000676,0.8295711278915405,0.720588207244873,0.015130260959267616
YOL149W,YDR091C,0,-1.6018099,0.8286358714103699,0.720588207244873,0.015230461023747921
YGL030W,YGL097W,1,-1.6069291,0.8288288116455078,0.7215686440467834,0.015230461023747921
YNL186W,YIL096C,0,-1.6112697,0.8278965353965759,0.7215686440467834,0.015330661088228226
YML110C,YCL040W,0,-1.6132308,0.8269662857055664,0.7215686440467834,0.015430862084031105
YNL163C,YLR106C,1,-1.6141671,0.8271604776382446,0.7225490212440491,0.015430862084031105
YOR172W,YGR162W,0,-1.6157165,0.8262332081794739,0.7225490212440491,0.01553106214851141
YMR290C,YBR104W,0,-1.6169006,0.8253079652786255,0.7225490212440491,0.015631262212991714
YPL093W,YER002W,1,-1.6178036,0.8255033493041992,0.7235293984413147,0.015631262212991714
YNL308C,YHR072W-A,1,-1.6191074,0.8256983160972595,0.7245097756385803,0.015631262212991714
YJL148W,YFL049W,0,-1.61961,0.8247767686843872,0.7245097756385803,0.015731463208794594
YNL308C,YLR052W,0,-1.6204293,0.823857307434082,0.7245097756385803,0.015831664204597473
YMR125W,YGL111W,1,-1.6225241,0.8240534663200378,0.7254902124404907,0.015831664204597473
YLR186W,YMR285C,1,-1.6234561,0.8242491483688354,0.7264705896377563,0.015831664204597473
YGR158C,YPL178W,1,-1.6249555,0.8244444727897644,0.727450966835022,0.015831664204597473
YLR002C,YLR293C,1,-1.6253119,0.8246392607688904,0.7284313440322876,0.015831664204597473
YNL163C,YGL030W,1,-1.6272554,0.8248336911201477,0.729411780834198,0.015831664204597473
YLR175W,YNL289W,0,-1.6273181,0.8239202499389648,0.729411780834198,0.015931863337755203
YDL083C,YGR251W,1,-1.6278607,0.8241150379180908,0.7303921580314636,0.015931863337755203
YBR167C,YER002W,1,-1.6280733,0.8243094086647034,0.7313725352287292,0.015931863337755203
YBR167C,YGR271C-A,1,-1.6286192,0.8245033025741577,0.7323529124259949,0.015931863337755203
YBL026W,YCR047C,1,-1.6299742,0.8246967792510986,0.7333333492279053,0.015931863337755203
YDL056W,YAL025C,0,-1.6302171,0.8237885236740112,0.7333333492279053,0.016032064333558083
YDR156W,YLR405W,0,-1.6310945,0.8228822946548462,0.7333333492279053,0.016132265329360962
YJL122W,YMR059W,0,-1.6312213,0.8219780325889587,0.7333333492279053,0.016232464462518692
YML074C,YMR207C,0,-1.6316032,0.8210757374763489,0.7333333492279053,0.01633266545832157
YNL248C,YIL138C,0,-1.6329696,0.8201754093170166,0.7333333492279053,0.01643286645412445
YBL103C,YIL130W,0,-1.6340909,0.8192771077156067,0.7333333492279053,0.01653306558728218
YBR175W,YPL038W,0,-1.6341186,0.8183807730674744,0.7333333492279053,0.01663326658308506
YGL173C,YLR197W,1,-1.6385319,0.8185792565345764,0.7343137264251709,0.01663326658308506
YLR222C,YKL208W,1,-1.6408966,0.8187772631645203,0.7352941036224365,0.01663326658308506
YLR449W,YJR088C,0,-1.6417631,0.8178843855857849,0.7352941036224365,0.01673346757888794
YER146W,YDL111C,1,-1.643465,0.8180828094482422,0.7362744808197021,0.01673346757888794
YGL173C,YLR409C,1,-1.6453483,0.8182807564735413,0.7372549176216125,0.01673346757888794
YDR165W,YLR185W,0,-1.6469136,0.8173912763595581,0.7372549176216125,0.01683366671204567
YOR347C,YEL011W,0,-1.6500981,0.8165038228034973,0.7372549176216125,0.01693386770784855
YDR354W,YLL048C,0,-1.6501293,0.8156182169914246,0.7372549176216125,0.017034068703651428
YOR056C,YGL097W,1,-1.650384,0.8158180117607117,0.7382352948188782,0.017034068703651428
YLR002C,YLL032C,0,-1.6514163,0.8149350881576538,0.7382352948188782,0.01713426783680916
YGL141W,YMR313C,0,-1.6555808,0.8140540719032288,0.7382352948188782,0.017234468832612038
YGR159C,YGL201C,0,-1.6556859,0.8131749629974365,0.7382352948188782,0.017334669828414917
YPL256C,YGL129C,0,-1.6586134,0.8122977614402771,0.7382352948188782,0.017434868961572647
YPL217C,YPL090C,1,-1.6586895,0.8125,0.7392156720161438,0.017434868961572647
YPL235W,YCR031C,1,-1.6588929,0.8127018213272095,0.7401960492134094,0.017434868961572647
YHR201C,YGL139W,0,-1.6592495,0.8118279576301575,0.7401960492134094,0.017535069957375526
YKL099C,YJR007W,0,-1.659402,0.8109559416770935,0.7401960492134094,0.017635270953178406
YNL124W,YCR031C,1,-1.6608275,0.8111587762832642,0.7411764860153198,0.017635270953178406
YDR121W,YPR010C,0,-1.6614351,0.8102893829345703,0.7411764860153198,0.017735470086336136
YLR430W,YCR035C,1,-1.6624157,0.8104925155639648,0.7421568632125854,0.017735470086336136
YPR016C,YDR367W,0,-1.6641283,0.8096256852149963,0.7421568632125854,0.017835671082139015
YNL002C,YBR257W,1,-1.6652837,0.80982905626297,0.7431372404098511,0.017835671082139015
YER060W-A,YNR032W,0,-1.6672382,0.8089647889137268,0.7431372404098511,0.017935872077941895
YGL178W,YLR048W,0,-1.6680365,0.8081023693084717,0.7431372404098511,0.018036073073744774
YOR346W,YKL112W,0,-1.6722577,0.8072417378425598,0.7431372404098511,0.018136272206902504
YHR193C,YJL136C,0,-1.6727326,0.806382954120636,0.7431372404098511,0.018236473202705383
YOR004W,YER160C,0,-1.6727555,0.8055260181427002,0.7431372404098511,0.018336674198508263
YIL010W,YDL124W,0,-1.6750824,0.8046709299087524,0.7431372404098511,0.018436873331665993
YNL112W,YIL158W,0,-1.6785243,0.803817629814148,0.7431372404098511,0.018537074327468872
YOR308C,YMR121C,0,-1.6787602,0.8029661178588867,0.7431372404098511,0.01863727532327175
YLR327C,YPL203W,0,-1.6794477,0.8021163940429688,0.7431372404098511,0.01873747445642948
YHR169W,YML127W,1,-1.6853216,0.8023256063461304,0.7441176176071167,0.01873747445642948
YER060W-A,YOR087W,0,-1.6859114,0.8014783263206482,0.7441176176071167,0.01883767545223236
YBL005W-A,YGL245W,0,-1.6895986,0.800632894039154,0.7441176176071167,0.01893787644803524
YKR079C,YMR243C,0,-1.6899213,0.7997892498970032,0.7441176176071167,0.01903807558119297
YBR257W,YIL069C,1,-1.6909122,0.800000011920929,0.7450980544090271,0.01903807558119297
YLL035W,YMR207C,0,-1.6916654,0.7991587519645691,0.7450980544090271,0.01913827657699585
YHR170W,YLR185W,0,-1.6920284,0.7983193397521973,0.7450980544090271,0.01923847757279873
YLR083C,YLR287C-A,0,-1.696217,0.7974816560745239,0.7450980544090271,0.01933867670595646
YER075C,YGL155W,0,-1.6979743,0.7966457009315491,0.7450980544090271,0.01943887770175934
YPR016C,YAR071W,0,-1.7062826,0.7958115339279175,0.7450980544090271,0.019539078697562218
YNL096C,YCR057C,1,-1.706735,0.7960250973701477,0.7460784316062927,0.019539078697562218
YML026C,YGL120C,1,-1.7107797,0.7962382435798645,0.7470588088035583,0.019539078697562218
YLL035W,YDL111C,1,-1.71129,0.7964509129524231,0.748039186000824,0.019539078697562218
YNL112W,YGL245W,0,-1.7114269,0.7956204414367676,0.748039186000824,0.019639277830719948
YGL031C,YLR448W,0,-1.7120036,0.7947916388511658,0.748039186000824,0.019739478826522827
YNL221C,YOR048C,1,-1.714189,0.795005202293396,0.7490196228027344,0.019739478826522827
YNL163C,YNL308C,1,-1.7147993,0.795218288898468,0.75,0.019739478826522827
YDR480W,YKL192C,0,-1.7163417,0.7943925261497498,0.75,0.019839679822325706
YOR046C,YGL076C,0,-1.7168176,0.79356849193573,0.75,0.019939878955483437
YBR048W,YMR125W,1,-1.7193727,0.7937824130058289,0.7509803771972656,0.019939878955483437
YLR175W,YOL005C,0,-1.7204263,0.7929606437683105,0.7509803771972656,0.020040079951286316
YPL178W,YOR287C,1,-1.7234704,0.7931747436523438,0.751960813999176,0.020040079951286316
YDR165W,YDR390C,0,-1.7237968,0.7923553586006165,0.751960813999176,0.020140280947089195
YOL021C,YGR214W,1,-1.7249575,0.792569637298584,0.7529411911964417,0.020140280947089195
YBR181C,YPL038W,0,-1.7271826,0.7917525768280029,0.7529411911964417,0.020240480080246925
YOR096W,YDL111C,1,-1.7282267,0.7919670343399048,0.7539215683937073,0.020240480080246925
YKL099C,YER133W,1,-1.7283766,0.7921810746192932,0.7549019455909729,0.020240480080246925
YHR085W,YGR090W,1,-1.7301018,0.7923946380615234,0.7558823823928833,0.020240480080246925
YDL075W,YDR020C,0,-1.7318276,0.7915810942649841,0.7558823823928833,0.020340681076049805
YNL245C,YNL112W,0,-1.732228,0.7907692193984985,0.7558823823928833,0.020440882071852684
YDR409W,YPL149W,0,-1.73679,0.7899590134620667,0.7558823823928833,0.020541083067655563
YDR432W,YDR398W,1,-1.7409035,0.7901740074157715,0.7568627595901489,0.020541083067655563
YLR409C,YDR378C,1,-1.7426968,0.7903885245323181,0.7578431367874146,0.020541083067655563
YNL147W,YJR002W,1,-1.7445786,0.7906026840209961,0.7588235139846802,0.020541083067655563
YBR029C,YDR091C,0,-1.7448497,0.7897959351539612,0.7588235139846802,0.020641282200813293
YPL082C,YDL166C,1,-1.7459135,0.7900102138519287,0.7598039507865906,0.020641282200813293
YGL201C,YNL209W,0,-1.752091,0.7892057299613953,0.7598039507865906,0.020741483196616173
YLR086W,YLR045C,0,-1.7535105,0.7884028553962708,0.7598039507865906,0.020841684192419052
YJR145C,YIL096C,0,-1.7565792,0.7876016497612,0.7598039507865906,0.020941883325576782
YGR083C,YML031W,0,-1.757911,0.7868020534515381,0.7598039507865906,0.02104208432137966
YFR037C,YOR260W,0,-1.7580476,0.7860040664672852,0.7598039507865906,0.02114228531718254
YOR001W,YCR018C,1,-1.7592268,0.7862208485603333,0.7607843279838562,0.02114228531718254
YBR094W,YGL054C,0,-1.762347,0.7854251265525818,0.7607843279838562,0.02124248445034027
YHR007C,YEL034W,0,-1.7628801,0.7846309542655945,0.7607843279838562,0.02134268544614315
YDR297W,YBL063W,0,-1.7629516,0.7838383913040161,0.7607843279838562,0.02144288644194603
YDR450W,YBL018C,1,-1.7644211,0.7840564846992493,0.7617647051811218,0.02144288644194603
YHR072W-A,YDL166C,1,-1.7697475,0.7842742204666138,0.7627450823783875,0.02144288644194603
YDL111C,YOL010W,1,-1.7698557,0.7844914197921753,0.7637255191802979,0.02144288644194603
YGL147C,YDL201W,0,-1.7708637,0.7837021946907043,0.7637255191802979,0.02154308557510376
YHR088W,YAL033W,1,-1.7713721,0.7839195728302002,0.7647058963775635,0.02154308557510376
YPR132W,YBR087W,0,-1.7742617,0.7831325531005859,0.7647058963775635,0.02164328657090664
YHR167W,YGR235C,0,-1.7744867,0.7823470234870911,0.7647058963775635,0.02174348756670952
YLR048W,YPR137W,1,-1.7747355,0.7825651168823242,0.7656862735748291,0.02174348756670952
YBR057C,YBR034C,0,-1.77525,0.781781792640686,0.7656862735748291,0.02184368669986725
YDR432W,YGR271C-A,1,-1.776397,0.7820000052452087,0.7666666507720947,0.02184368669986725
YHR062C,YBR181C,1,-1.7787108,0.782217800617218,0.7676470875740051,0.02184368669986725
YNL002C,YPR104C,1,-1.7808864,0.7824351191520691,0.7686274647712708,0.02184368669986725
YJR113C,YNL111C,0,-1.7848883,0.7816550135612488,0.7686274647712708,0.021943887695670128
YHR154W,YBR154C,0,-1.7882285,0.7808765172958374,0.7686274647712708,0.022044088691473007
YGR156W,YOR004W,0,-1.7907842,0.7800995111465454,0.7686274647712708,0.022144287824630737
YOL077C,YIL066C,0,-1.7913842,0.7793240547180176,0.7686274647712708,0.022244488820433617
YDR432W,YLR409C,1,-1.7927117,0.7795432209968567,0.7696078419685364,0.022244488820433617
YGL029W,YOR188W,0,-1.7931235,0.778769850730896,0.7696078419685364,0.022344689816236496
YDR485C,YNL023C,0,-1.7942764,0.7779980301856995,0.7696078419685364,0.022444888949394226
YMR014W,YJL062W-A,0,-1.794336,0.7772276997566223,0.7696078419685364,0.022545089945197105
YLL050C,YNR036C,0,-1.7957703,0.7764589786529541,0.7696078419685364,0.022645290940999985
YDL111C,YGR276C,1,-1.797011,0.7766798138618469,0.770588219165802,0.022645290940999985
YNR024W,YKR094C,0,-1.7970324,0.7759131193161011,0.770588219165802,0.022745490074157715
YIL091C,YDR093W,0,-1.7979174,0.7751479148864746,0.770588219165802,0.022845691069960594
YML010W,YOR061W,0,-1.798179,0.7743842601776123,0.770588219165802,0.022945892065763474
YJR002W,YLR145W,1,-1.799064,0.7746062874794006,0.7715686559677124,0.022945892065763474
YNL163C,YMR131C,1,-1.8005987,0.7748278975486755,0.772549033164978,0.022945892065763474
YML010W,YGL105W,0,-1.8026667,0.7740668058395386,0.772549033164978,0.023046093061566353
YBR198C,YPR041W,0,-1.8038235,0.7733071446418762,0.772549033164978,0.023146292194724083
YDR004W,YBR233W-A,0,-1.8041363,0.772549033164978,0.772549033164978,0.023246493190526962
YKL113C,YIL022W,0,-1.8042575,0.7717923521995544,0.772549033164978,0.02334669418632984
YDR397C,YDR225W,0,-1.8044037,0.7710371613502502,0.772549033164978,0.02344689331948757
YLR370C,YHR113W,0,-1.8047167,0.7702834606170654,0.772549033164978,0.02354709431529045
YGL111W,YLR308W,0,-1.8059151,0.76953125,0.772549033164978,0.02364729531109333
YPL082C,YGL111W,1,-1.8078713,0.7697560787200928,0.7735294103622437,0.02364729531109333
YJR126C,YER160C,0,-1.8082896,0.7690058350563049,0.7735294103622437,0.02374749444425106
YNL186W,YBR085W,0,-1.8101366,0.7682570815086365,0.7735294103622437,0.02384769544005394
YMR211W,YHR148W,0,-1.8129863,0.7675096988677979,0.7735294103622437,0.02394789643585682
YML085C,YML012W,0,-1.8142464,0.7667638659477234,0.7735294103622437,0.02404809556901455
YPR144C,YLR145W,1,-1.8161587,0.7669903039932251,0.7745097875595093,0.02404809556901455
YOL012C,YKL004W,0,-1.8167611,0.7662463784217834,0.7745097875595093,0.02414829656481743
YML095C,YBL004W,0,-1.8178433,0.7655038833618164,0.7745097875595093,0.024248497560620308
YGR276C,YHR021C,1,-1.8187966,0.7657308578491211,0.7754902243614197,0.024248497560620308
YMR229C,YDR378C,1,-1.8189173,0.7659574747085571,0.7764706015586853,0.024248497560620308
YDR465C,YBR164C,0,-1.819702,0.7652173638343811,0.7764706015586853,0.024348696693778038
YLR017W,YLL042C,0,-1.8213993,0.7644787430763245,0.7764706015586853,0.024448897689580917
YLL024C,YBL071W-A,0,-1.8244159,0.7637415528297424,0.7764706015586853,0.024549098685383797
YLR293C,YDR449C,1,-1.8259542,0.7639691829681396,0.7774509787559509,0.024549098685383797
YKL156W,YDL111C,1,-1.8290861,0.7641963362693787,0.7784313559532166,0.024549098685383797
YDL209C,YOR061W,0,-1.830759,0.7634615302085876,0.7784313559532166,0.024649297818541527
YGR251W,YBR181C,1,-1.8321211,0.7636887431144714,0.779411792755127,0.024649297818541527
YPL232W,YOR284W,0,-1.8321816,0.7629558444023132,0.779411792755127,0.024749498814344406
YLR451W,YML082W,0,-1.838488,0.7622243762016296,0.779411792755127,0.024849699810147285
YOR119C,YDR025W,1,-1.8394188,0.7624521255493164,0.7803921699523926,0.024849699810147285
YDR478W,YJL109C,1,-1.8417473,0.762679398059845,0.7813725471496582,0.024849699810147285
YMR309C,YDL212W,0,-1.8426208,0.7619503140449524,0.7813725471496582,0.024949898943305016
YPR104C,YGR081C,1,-1.8432329,0.7621776461601257,0.7823529243469238,0.024949898943305016
YHR019C,YHR136C,0,-1.8440259,0.7614504098892212,0.7823529243469238,0.025050099939107895
YLR106C,YHR206W,0,-1.844862,0.7607244849205017,0.7823529243469238,0.025150300934910774
YPL043W,YKL208W,1,-1.8456908,0.760952353477478,0.7833333611488342,0.025150300934910774
YHR196W,YKL208W,1,-1.8463234,0.7611798048019409,0.7843137383460999,0.025150300934910774
YDR457W,YMR093W,1,-1.847425,0.7614068388938904,0.7852941155433655,0.025150300934910774
YDR432W,YKL021C,1,-1.8480456,0.7616334557533264,0.7862744927406311,0.025150300934910774
YDL229W,YGR280C,0,-1.849304,0.7609108090400696,0.7862744927406311,0.025250501930713654
YGL031C,YPL008W,0,-1.849705,0.7601895928382874,0.7862744927406311,0.025350701063871384
YKL004W,YOR188W,0,-1.8514576,0.7594696879386902,0.7862744927406311,0.025450902059674263
YBR257W,YLR106C,1,-1.8538275,0.7596972584724426,0.7872549295425415,0.025450902059674263
YML094W,YER025W,0,-1.8540606,0.7589792013168335,0.7872549295425415,0.025551103055477142
YJL136C,YLR197W,1,-1.8546476,0.7592067718505859,0.7882353067398071,0.025551103055477142
YDR087C,YGR240C,0,-1.8551693,0.7584905624389648,0.7882353067398071,0.025651302188634872
YNL163C,YHR065C,1,-1.8570487,0.7587181925773621,0.7892156839370728,0.025651302188634872
YDR091C,YCR057C,1,-1.8577099,0.7589454054832458,0.7901960611343384,0.025651302188634872
YGR148C,YML074C,0,-1.858784,0.7582314014434814,0.7901960611343384,0.025751503184437752
YGL173C,YGR271C-A,1,-1.8591089,0.75845867395401,0.7911764979362488,0.025751503184437752
YMR128W,YDL105W,0,-1.8594446,0.7577464580535889,0.7911764979362488,0.02585170418024063
YFR031C-A,YNL323W,0,-1.8600199,0.7570356726646423,0.7911764979362488,0.02595190331339836
YBR162C,YOL146W,0,-1.8601098,0.7563261389732361,0.7911764979362488,0.02605210430920124
YHR062C,YLR405W,0,-1.8611634,0.7556179761886597,0.7911764979362488,0.02615230530500412
YDL181W,YDL124W,0,-1.8643005,0.7549111247062683,0.7911764979362488,0.02625250443816185
YPL193W,YMR121C,0,-1.8644335,0.754205584526062,0.7911764979362488,0.02635270543396473
YML088W,YER072W,0,-1.865058,0.7535014152526855,0.7911764979362488,0.02645290642976761
YPL093W,YCR018C,1,-1.865402,0.753731369972229,0.7921568751335144,0.02645290642976761
YML043C,YNL103W,0,-1.8679287,0.7530288696289062,0.7921568751335144,0.02655310556292534
YER060W-A,YML029W,0,-1.8689246,0.7523277401924133,0.7921568751335144,0.026653306558728218
YDR407C,YDR309C,0,-1.8695438,0.7516279220581055,0.7921568751335144,0.026753507554531097
YDR400W,YAR050W,0,-1.8728395,0.7509293556213379,0.7921568751335144,0.026853706687688828
YGL201C,YNL132W,0,-1.8733006,0.7502321004867554,0.7921568751335144,0.026953907683491707
YGR082W,YKL058W,0,-1.8739045,0.7495361566543579,0.7921568751335144,0.027054108679294586
YIL127C,YNL039W,0,-1.8742048,0.7488415241241455,0.7921568751335144,0.027154307812452316
YGR158C,YHR072W-A,1,-1.8742132,0.7490741014480591,0.79313725233078,0.027154307812452316
YPL249C-A,YGR104C,0,-1.8745649,0.7483811378479004,0.79313725233078,0.027254508808255196
YBR123C,YPL012W,0,-1.8750063,0.7476894855499268,0.79313725233078,0.027354709804058075
YPR052C,YHL033C,0,-1.8756247,0.7469990849494934,0.79313725233078,0.027454908937215805
YLR432W,YDR190C,0,-1.8763614,0.7463099360466003,0.79313725233078,0.027555109933018684
YGR098C,YLR188W,0,-1.8765026,0.7456220984458923,0.79313725233078,0.027655310928821564
YGR103W,YJL076W,0,-1.8766663,0.7449355721473694,0.79313725233078,0.027755511924624443
YIR012W,YGR013W,0,-1.8766891,0.7442502379417419,0.79313725233078,0.027855711057782173
YLR272C,YOL103W,0,-1.8771927,0.7435661554336548,0.79313725233078,0.027955912053585052
YER003C,YLR229C,0,-1.8802373,0.7428833842277527,0.79313725233078,0.028056113049387932
YHR103W,YGR108W,0,-1.8803539,0.7422018051147461,0.79313725233078,0.028156312182545662
YIL131C,YLR059C,0,-1.8814099,0.7415215373039246,0.79313725233078,0.02825651317834854
YBR084C-A,YCR071C,0,-1.8823456,0.7408424615859985,0.79313725233078,0.02835671417415142
YHR154W,YOR075W,0,-1.8849398,0.7401646971702576,0.79313725233078,0.02845691330730915
YIL130W,YOL144W,0,-1.8865259,0.7394881248474121,0.79313725233078,0.02855711430311203
YML062C,YFL002C,0,-1.8865476,0.7388128042221069,0.79313725233078,0.02865731529891491
YDL082W,YHR120W,0,-1.8866063,0.7381386756896973,0.79313725233078,0.02875751443207264
YOR217W,YLR096W,0,-1.8872944,0.7374657988548279,0.79313725233078,0.02885771542787552
YBL071W-A,YPL154C,0,-1.8895907,0.7367941737174988,0.79313725233078,0.028957916423678398
YBL018C,YDR449C,1,-1.8907329,0.7370336651802063,0.7941176295280457,0.028957916423678398
YOR260W,YMR233W,0,-1.8915223,0.7363636493682861,0.7941176295280457,0.029058115556836128
YOL157C,YBR004C,0,-1.8922997,0.7356948256492615,0.7941176295280457,0.029158316552639008
YDR091C,YDR478W,1,-1.8933014,0.7359346747398376,0.795098066329956,0.029158316552639008
YHL001W,YJL177W,0,-1.895235,0.7352674603462219,0.795098066329956,0.029258517548441887
YDL220C,YDL104C,0,-1.8959612,0.7346014380455017,0.795098066329956,0.029358716681599617
YPL239W,YJL109C,0,-1.8971469,0.7339366674423218,0.795098066329956,0.029458917677402496
YDR083W,YDR457W,1,-1.8976762,0.7341772317886353,0.7960784435272217,0.029458917677402496
YMR292W,YKL191W,0,-1.8987367,0.7335140109062195,0.7960784435272217,0.029559118673205376
YOL089C,YJL021C,0,-1.8991933,0.7328519821166992,0.7960784435272217,0.029659317806363106
YDR077W,YDR074W,0,-1.9000697,0.7321911454200745,0.7960784435272217,0.029759518802165985
YJL138C,YLR336C,0,-1.9009483,0.73153156042099,0.7960784435272217,0.029859719797968864
YKL120W,YDR375C,0,-1.9016582,0.7308731079101562,0.7960784435272217,0.029959918931126595
YGL173C,YDR002W,0,-1.9029422,0.730215847492218,0.7960784435272217,0.030060119926929474
YMR128W,YBR291C,0,-1.9048324,0.7295597195625305,0.7960784435272217,0.030160320922732353
YHR044C,YBL064C,0,-1.9048443,0.7289048433303833,0.7960784435272217,0.030260521918535233
YOR001W,YGR074W,0,-1.905272,0.7282510995864868,0.7960784435272217,0.030360721051692963
YKR060W,YOR330C,0,-1.9082137,0.7275985479354858,0.7960784435272217,0.030460922047495842
YPL012W,YGL020C,0,-1.9096972,0.7269471883773804,0.7960784435272217,0.03056112304329872
YNL282W,YPR132W,1,-1.9098575,0.7271913886070251,0.7970588207244873,0.03056112304329872
YGL016W,YIL064W,0,-1.9105365,0.7265415787696838,0.7970588207244873,0.03066132217645645
YDR309C,YOR197W,0,-1.9108962,0.7258928418159485,0.7970588207244873,0.03076152317225933
YNR053C,YOR372C,0,-1.9113492,0.7252452969551086,0.7970588207244873,0.03086172416806221
YHR154W,YGR004W,0,-1.9128951,0.7245989441871643,0.7970588207244873,0.03096192330121994
YGL208W,YNL115C,0,-1.913506,0.7239537239074707,0.7970588207244873,0.03106212429702282
YJL216C,YKL088W,0,-1.9139951,0.7233096361160278,0.7970588207244873,0.0311623252928257
YER102W,YHR062C,1,-1.9153233,0.7235555648803711,0.7980391979217529,0.0311623252928257
YML127W,YCR043C,0,-1.9155941,0.7229129672050476,0.7980391979217529,0.03126252442598343
YER102W,YBL004W,1,-1.9159164,0.7231588363647461,0.7990196347236633,0.03126252442598343
YNL124W,YPL074W,0,-1.9176358,0.722517728805542,0.7990196347236633,0.03136272728443146
YDL191W,YCR024C-A,0,-1.9182725,0.7218777537345886,0.7990196347236633,0.03146292641758919
YGL173C,YGL111W,1,-1.9200857,0.722123920917511,0.800000011920929,0.03146292641758919
YOR010C,YBR092C,0,-1.9232237,0.721485435962677,0.800000011920929,0.03156312555074692
YOR004W,YGR192C,0,-1.9237328,0.7208480834960938,0.800000011920929,0.031663328409194946
YJR014W,YFR028C,0,-1.924537,0.7202118039131165,0.800000011920929,0.031763527542352676
YLR136C,YFR024C,0,-1.9256082,0.7195767164230347,0.800000011920929,0.031863726675510406
YDR432W,YGR214W,1,-1.9274065,0.7198237776756287,0.8009803891181946,0.031863726675510406
YDL166C,YPL072W,0,-1.9283478,0.7191901206970215,0.8009803891181946,0.031963929533958435
YHR143W-A,YDR408C,0,-1.929054,0.718557596206665,0.8009803891181946,0.032064128667116165
YNL038W,YOR182C,0,-1.9293957,0.7179262042045593,0.8009803891181946,0.032164327800273895
YIL085C,YOR182C,0,-1.9309303,0.7172958850860596,0.8009803891181946,0.032264530658721924
YDR051C,YFR024C,0,-1.9316725,0.7166666388511658,0.8009803891181946,0.032364729791879654
YGR128C,YFR055W,0,-1.9320229,0.7160385847091675,0.8009803891181946,0.032464928925037384
YLR008C,YGR195W,0,-1.9326344,0.7154115438461304,0.8009803891181946,0.03256513178348541
YNL163C,YNL096C,1,-1.9327449,0.715660572052002,0.8019607663154602,0.03256513178348541
YOL156W,YGR227W,0,-1.9332817,0.7150349617004395,0.8019607663154602,0.03266533091664314
YGR272C,YLR192C,1,-1.9333696,0.7152838706970215,0.8029412031173706,0.03266533091664314
YJL121C,YNL132W,0,-1.9344214,0.7146596908569336,0.8029412031173706,0.03276553004980087
YDL141W,YBR188C,0,-1.9346503,0.7140366435050964,0.8029412031173706,0.0328657329082489
YGR058W,YOR193W,0,-1.9353757,0.7134146094322205,0.8029412031173706,0.03296593204140663
YLR441C,YER072W,0,-1.937912,0.7127937078475952,0.8029412031173706,0.03306613117456436
YDR083W,YMR228W,1,-1.9384813,0.7130434513092041,0.8039215803146362,0.03306613117456436
YLR448W,YPL037C,0,-1.9389973,0.7124239802360535,0.8039215803146362,0.03316633403301239
YPL032C,YPL266W,0,-1.939986,0.7118055820465088,0.8039215803146362,0.03326653316617012
YDR060W,YOR270C,0,-1.9420034,0.7111881971359253,0.8039215803146362,0.03336673229932785
YHR143W-A,YGR186W,0,-1.9427671,0.7105719447135925,0.8039215803146362,0.03346693515777588
YLL009C,YDR268W,0,-1.9446688,0.709956705570221,0.8039215803146362,0.03356713429093361
YBL018C,YCL031C,1,-1.9454834,0.7102076411247253,0.8049019575119019,0.03356713429093361
YLR222C,YLR059C,1,-1.9461725,0.7104580998420715,0.8058823347091675,0.03356713429093361
YKL054C,YMR277W,0,-1.9492679,0.7098445892333984,0.8058823347091675,0.03366733342409134
YJR043C,YBL008W,0,-1.9497708,0.7092320919036865,0.8058823347091675,0.03376753628253937
YJR009C,YBL071W-A,0,-1.9503253,0.7086206674575806,0.8058823347091675,0.0338677354156971
YDL159W,YAL068C,0,-1.9504292,0.7080103158950806,0.8058823347091675,0.03396793454885483
YJL179W,YKL209C,0,-1.950713,0.7074010372161865,0.8058823347091675,0.034068137407302856
YPR104C,YPR143W,1,-1.9507505,0.7076526284217834,0.8068627715110779,0.034068137407302856
YKL065C,YPL230W,0,-1.9510509,0.7070446610450745,0.8068627715110779,0.03416833654046059
YMR234W,YDR346C,0,-1.9510908,0.7064377665519714,0.8068627715110779,0.03426853567361832
YPL043W,YBR279W,0,-1.9511223,0.7058318853378296,0.8068627715110779,0.034368738532066345
YER126C,YML127W,1,-1.9513458,0.7060839533805847,0.8078431487083435,0.034368738532066345
YMR128W,YML107C,0,-1.9519311,0.7054794430732727,0.8078431487083435,0.034468937665224075
YPL144W,YGR106C,0,-1.9519854,0.7048759460449219,0.8078431487083435,0.034569136798381805
YGR272C,YPL211W,1,-1.9526395,0.7051281929016113,0.8088235259056091,0.034569136798381805
YBR167C,YGL245W,0,-1.9527633,0.7045260667800903,0.8088235259056091,0.034669339656829834
YMR143W,YGR158C,1,-1.9529707,0.7047781348228455,0.8098039031028748,0.034669339656829834
YDR021W,YOR201C,1,-1.9533381,0.7050298452377319,0.8107843399047852,0.034669339656829834
YPR104C,YDR365C,1,-1.9533734,0.7052810788154602,0.8117647171020508,0.034669339656829834
YDR448W,YIL019W,0,-1.9538257,0.704680860042572,0.8117647171020508,0.034769538789987564
YPL043W,YFR024C,0,-1.9540633,0.704081654548645,0.8117647171020508,0.034869737923145294
YCL054W,YER133W,1,-1.9550712,0.7043330669403076,0.8127450942993164,0.034869737923145294
YOL077W-A,YBR077C,0,-1.9558134,0.7037351727485657,0.8127450942993164,0.03496994078159332
YMR211W,YHR023W,0,-1.9575785,0.7031382322311401,0.8127450942993164,0.03507013991475105
YFR004W,YML060W,0,-1.9615017,0.7025423645973206,0.8127450942993164,0.03517033904790878
YCR018C,YGR158C,1,-1.9616406,0.7027942538261414,0.813725471496582,0.03517033904790878
YLR256W,YLL005C,0,-1.961799,0.7021996378898621,0.813725471496582,0.03527054190635681
YFL034C-A,YHR215W,0,-1.9625204,0.7016060948371887,0.813725471496582,0.03537074103951454
YPL093W,YLR129W,1,-1.9627473,0.7018581032752991,0.8147059082984924,0.03537074103951454
YKL173W,YKR081C,0,-1.9644771,0.701265811920166,0.8147059082984924,0.03547094017267227
YDR463W,YDR420W,0,-1.9649487,0.7006745338439941,0.8147059082984924,0.0355711430311203
YCR047C,YOR201C,1,-1.9651117,0.7009267210960388,0.8156862854957581,0.0355711430311203
YLR071C,YDR079C-A,0,-1.9656563,0.7003366947174072,0.8156862854957581,0.03567134216427803
YMR260C,YML064C,0,-1.9664772,0.6997476816177368,0.8156862854957581,0.03577154129743576
YLR438C-A,YLR441C,1,-1.9669449,0.699999988079071,0.8166666626930237,0.03577154129743576
YIL091C,YPR037C,0,-1.9674302,0.6994122862815857,0.8166666626930237,0.03587174415588379
YGR198W,YEL046C,0,-1.9690484,0.698825478553772,0.8166666626930237,0.03597194328904152
YER133W,YNL207W,1,-1.9697654,0.6990779638290405,0.8176470398902893,0.03597194328904152
YLR059C,YKR057W,1,-1.9701465,0.6993299722671509,0.8186274766921997,0.03597194328904152
YGR106C,YMR183C,0,-1.9707309,0.6987447738647461,0.8186274766921997,0.03607214614748955
YGR154C,YML087C,0,-1.9709568,0.6981605291366577,0.8186274766921997,0.03617234528064728
YAL033W,YDR449C,1,-1.9714594,0.6984127163887024,0.8196078538894653,0.03617234528064728
YHR065C,YFR038W,0,-1.9721478,0.6978297233581543,0.8196078538894653,0.03627254441380501
YCL059C,YOL010W,1,-1.9723841,0.6980817317962646,0.820588231086731,0.03627254441380501
YBL054W,YGL129C,0,-1.9728177,0.6974999904632568,0.820588231086731,0.036372747272253036
YPL081W,YGL097W,1,-1.9735165,0.6977518796920776,0.8215686082839966,0.036372747272253036
YDR457W,YKR057W,1,-1.9739453,0.698003351688385,0.822549045085907,0.036372747272253036
YDR071C,YJL010C,0,-1.9739773,0.6974231004714966,0.822549045085907,0.03647294640541077
YNL221C,YDR478W,1,-1.9742,0.6976743936538696,0.8235294222831726,0.03647294640541077
YGR123C,YNL065W,0,-1.9760039,0.6970954537391663,0.8235294222831726,0.0365731455385685
YPL081W,YCR018C,1,-1.9770769,0.6973466277122498,0.8245097994804382,0.0365731455385685
YMR285C,YGR214W,1,-1.9774776,0.697597324848175,0.8254901766777039,0.0365731455385685
YPL266W,YDR378C,1,-1.9783357,0.6978476643562317,0.8264706134796143,0.0365731455385685
YML075C,YGL147C,0,-1.97873,0.6972704529762268,0.8264706134796143,0.036673348397016525
YER060W-A,YER100W,0,-1.9787725,0.6966941952705383,0.8264706134796143,0.036773547530174255
YNL292W,YBR254C,0,-1.9796311,0.6961188912391663,0.8264706134796143,0.036873746663331985
YPL029W,YPR100W,0,-1.9819105,0.6955445408821106,0.8264706134796143,0.036973949521780014
YLL036C,YAL035W,0,-1.9829593,0.6949711441993713,0.8264706134796143,0.037074148654937744
YBL054W,YDR208W,0,-1.9836494,0.6943987011909485,0.8264706134796143,0.037174347788095474
YOR188W,YLR367W,0,-1.9842186,0.6938271522521973,0.8264706134796143,0.0372745506465435
YHR171W,YPL230W,0,-1.9848548,0.6932565569877625,0.8264706134796143,0.03737474977970123
YDL083C,YKL021C,1,-1.9861917,0.6935086250305176,0.8274509906768799,0.03737474977970123
YBL036C,YPL211W,0,-1.987093,0.6929392218589783,0.8274509906768799,0.03747494891285896
YPL179W,YFL031W,0,-1.9882646,0.6923707723617554,0.8274509906768799,0.03757515177130699
YBL026W,YLL035W,1,-1.9911907,0.6926229596138,0.8284313678741455,0.03757515177130699
YKL006C-A,YGR063C,0,-1.9914073,0.6920557022094727,0.8284313678741455,0.03767535090446472
YBR060C,YPL235W,0,-1.9936097,0.6914893388748169,0.8284313678741455,0.03777555003762245
YMR080C,YOL121C,0,-1.9961405,0.6909239292144775,0.8284313678741455,0.03787575289607048
YML043C,YBR258C,0,-1.996319,0.6903594732284546,0.8284313678741455,0.03797595202922821
YGR118W,YGR159C,1,-1.9977798,0.690612256526947,0.8294117450714111,0.03797595202922821
YPL235W,YDR385W,0,-1.9978327,0.6900489330291748,0.8294117450714111,0.03807615116238594
YHR072W-A,YOR306C,0,-1.9990537,0.689486563205719,0.8294117450714111,0.03817635402083397
YJR135W-A,YNL241C,0,-2.000651,0.6889250874519348,0.8294117450714111,0.0382765531539917
YMR224C,YER087C-A,0,-2.001302,0.6883645057678223,0.8294117450714111,0.03837675228714943
YMR049C,YOL010W,1,-2.0016398,0.6886178851127625,0.8303921818733215,0.03837675228714943
YBR100W,YPR075C,0,-2.0029624,0.6880584955215454,0.8303921818733215,0.03847695514559746
YHR204W,YLR150W,0,-2.0038075,0.6875,0.8303921818733215,0.03857715427875519
YMR260C,YBR288C,0,-2.0039487,0.6869423985481262,0.8303921818733215,0.03867735341191292
YJR056C,YLR015W,0,-2.0043576,0.6863857507705688,0.8303921818733215,0.03877755627036095
YOR205C,YDR341C,0,-2.0059268,0.6858299374580383,0.8303921818733215,0.03887775540351868
YDR091C,YLR438C-A,1,-2.0059736,0.6860841512680054,0.8313725590705872,0.03887775540351868
YDR378C,YLR196W,1,-2.0062566,0.6863378882408142,0.8323529362678528,0.03887775540351868
YOR127W,YGR054W,0,-2.006939,0.6857835054397583,0.8323529362678528,0.03897795453667641
YNL218W,YLR438C-A,0,-2.0073557,0.685230016708374,0.8323529362678528,0.039078157395124435
YJR097W,YMR207C,0,-2.0080976,0.6846774220466614,0.8323529362678528,0.039178356528282166
YJL133W,YGL135W,0,-2.0092115,0.6841257214546204,0.8323529362678528,0.039278555661439896
YHR065C,YJR067C,0,-2.009457,0.6835748553276062,0.8323529362678528,0.039378758519887924
YHR034C,YDR064W,1,-2.0102143,0.6838294267654419,0.8333333134651184,0.039378758519887924
YNL124W,YDL166C,1,-2.0127091,0.6840835809707642,0.8343137502670288,0.039378758519887924
YBR084C-A,YBR029C,0,-2.0129015,0.6835341453552246,0.8343137502670288,0.039478957653045654
YOL059W,YJL115W,0,-2.0140274,0.6829855442047119,0.8343137502670288,0.039579156786203384
YGR272C,YGL120C,1,-2.014482,0.683239758014679,0.8352941274642944,0.039579156786203384
YLR435W,YJR022W,1,-2.0149784,0.6834936141967773,0.8362745046615601,0.039579156786203384
YOR048C,YGL030W,1,-2.0159893,0.6837469935417175,0.8372548818588257,0.039579156786203384
YLR145W,YMR131C,1,-2.0164666,0.6840000152587891,0.8382353186607361,0.039579156786203384
YHR046C,YBR279W,0,-2.016705,0.6834532618522644,0.8382353186607361,0.03967935964465141
YNL030W,YKL028W,0,-2.0191374,0.6829073429107666,0.8382353186607361,0.03977955877780914
YDR119W,YNL299W,0,-2.0202465,0.6823623180389404,0.8382353186607361,0.03987975791096687
YGR159C,YLR274W,0,-2.0211427,0.6818181872367859,0.8382353186607361,0.0399799607694149
YFR038W,YDR523C,0,-2.0215583,0.6812748908996582,0.8382353186607361,0.04008015990257263
YJL127C,YMR207C,0,-2.0220923,0.6807324886322021,0.8382353186607361,0.04018035903573036
YOR205C,YJR029W,0,-2.0224385,0.680190920829773,0.8382353186607361,0.04028056189417839
YCL020W,YNL310C,0,-2.023356,0.6796502470970154,0.8382353186607361,0.04038076102733612
YDR292C,YIL118W,0,-2.0244896,0.6791104078292847,0.8382353186607361,0.04048096016049385
YGL035C,YER001W,0,-2.0284438,0.6785714030265808,0.8382353186607361,0.04058116301894188
YMR229C,YCR018C,1,-2.0284753,0.6788263320922852,0.8392156958580017,0.04058116301894188
YDR520C,YKR027W,0,-2.0285487,0.678288459777832,0.8392156958580017,0.04068136215209961
YGR071C,YPL212C,0,-2.029215,0.677751362323761,0.8392156958580017,0.04078156128525734
YDR023W,YJL021C,0,-2.0292912,0.6772152185440063,0.8392156958580017,0.04088176414370537
YLR430W,YPR132W,1,-2.0297089,0.677470326423645,0.8401960730552673,0.04088176414370537
YOL154W,YOR115C,0,-2.0300794,0.6769352555274963,0.8401960730552673,0.0409819632768631
YER112W,YDR163W,0,-2.0311778,0.6764009594917297,0.8401960730552673,0.04108216613531113
YDR117C,YDL212W,0,-2.0312204,0.67586749792099,0.8401960730552673,0.04118236526846886
YLR083C,YGR158C,0,-2.0326815,0.6753349304199219,0.8401960730552673,0.04128256440162659
YNL124W,YOL068C,0,-2.0333724,0.6748031377792358,0.8401960730552673,0.041382767260074615
YBR100W,YBL003C,0,-2.0341074,0.6742722392082214,0.8401960730552673,0.041482966393232346
YDR457W,YKR024C,1,-2.0341506,0.6745283007621765,0.841176450252533,0.041482966393232346
YFR015C,YCR021C,0,-2.0343175,0.6739984154701233,0.841176450252533,0.041583165526390076
YML102W,YGL232W,0,-2.036231,0.6734693646430969,0.841176450252533,0.041683368384838104
YGL099W,YBL018C,0,-2.0381808,0.6729411482810974,0.841176450252533,0.041783567517995834
YDR478W,YHR072W-A,1,-2.0384064,0.6731975078582764,0.8421568870544434,0.041783567517995834
YKL160W,YOR125C,0,-2.038435,0.672670304775238,0.8421568870544434,0.041883766651153564
YDR478W,YEL017C-A,0,-2.041555,0.6721439957618713,0.8421568870544434,0.04198396950960159
YPL043W,YJR150C,0,-2.0432296,0.6716184616088867,0.8421568870544434,0.04208416864275932
YNL037C,YDR231C,0,-2.0436163,0.671093761920929,0.8421568870544434,0.04218436777591705
YOR045W,YDR115W,0,-2.0436666,0.670569896697998,0.8421568870544434,0.04228457063436508
YNL130C,YDR322C-A,0,-2.0447533,0.6700468063354492,0.8421568870544434,0.04238476976752281
YBR244W,YDR349C,0,-2.0449,0.6695245504379272,0.8421568870544434,0.04248496890068054
YOR067C,YGL226W,0,-2.0463238,0.6690031290054321,0.8421568870544434,0.04258517175912857
YOR143C,YOR254C,0,-2.0471778,0.6684824824333191,0.8421568870544434,0.0426853708922863
YGL173C,YBL072C,1,-2.0473573,0.6687402725219727,0.843137264251709,0.0426853708922863
YMR047C,YDR320C-A,0,-2.0475388,0.6682206392288208,0.843137264251709,0.04278557002544403
YNL318C,YOR077W,0,-2.0481305,0.6677018404006958,0.843137264251709,0.04288577288389206
YPL235W,YML063W,1,-2.0484593,0.6679596304893494,0.8441176414489746,0.04288577288389206
YLL054C,YBR100W,0,-2.0486507,0.6674418449401855,0.8441176414489746,0.04298597201704979
YIL172C,YEL005C,0,-2.049173,0.6669248938560486,0.8441176414489746,0.04308617115020752
YML022W,YOR115C,0,-2.0491798,0.6664086580276489,0.8441176414489746,0.04318637400865555
YCL050C,YPL157W,0,-2.0502021,0.6658932566642761,0.8441176414489746,0.04328657314181328
YNR051C,YPR173C,0,-2.0509174,0.6653786897659302,0.8441176414489746,0.04338677227497101
YBR283C,YDR382W,0,-2.0513651,0.6648648381233215,0.8441176414489746,0.04348697513341904
YNL096C,YGR159C,1,-2.052985,0.665123462677002,0.8450980186462402,0.04348697513341904
YPR104C,YLR186W,1,-2.0546918,0.665381669998169,0.8460784554481506,0.04348697513341904
YIL019W,YML021C,0,-2.0552154,0.6648690104484558,0.8460784554481506,0.04358717426657677
YHR148W,YGL134W,0,-2.0552218,0.6643571853637695,0.8460784554481506,0.0436873733997345
YKL027W,YLR075W,0,-2.0568347,0.6638461351394653,0.8460784554481506,0.043787576258182526
YLR438C-A,YMR023C,0,-2.0570655,0.663335919380188,0.8460784554481506,0.043887775391340256
YLR373C,YPR082C,0,-2.058228,0.662826418876648,0.8460784554481506,0.043987974524497986
YEL005C,YOL096C,0,-2.0583942,0.6623177528381348,0.8460784554481506,0.044088177382946014
YPL101W,YLR003C,0,-2.0584185,0.6618098020553589,0.8460784554481506,0.044188376516103745
YNL059C,YDR060W,0,-2.059323,0.6613026857376099,0.8460784554481506,0.044288575649261475
YOL039W,YLR210W,0,-2.0601306,0.6607963442802429,0.8460784554481506,0.0443887785077095
YLR032W,YER028C,0,-2.0605984,0.6602907180786133,0.8460784554481506,0.04448897764086723
YNL227C,YCR096C,0,-2.060761,0.6597859263420105,0.8460784554481506,0.04458917677402496
YDR101C,YPR114W,0,-2.0608082,0.6592819094657898,0.8460784554481506,0.04468937963247299
YOR303W,YFR024C,0,-2.0608802,0.6587786078453064,0.8460784554481506,0.04478957876563072
YBL090W,YER127W,0,-2.0614762,0.6582761406898499,0.8460784554481506,0.04488977789878845
YDR078C,YDL189W,0,-2.0622134,0.6577743887901306,0.8460784554481506,0.04498998075723648
YKL034W,YGL229C,0,-2.0624413,0.6572734117507935,0.8460784554481506,0.04509017989039421
YLR265C,YFL049W,0,-2.0625677,0.6567732095718384,0.8460784554481506,0.04519037902355194
YOR357C,YHL001W,0,-2.063497,0.6562737822532654,0.8460784554481506,0.04529058188199997
YHR072W-A,YGR278W,0,-2.063553,0.6557750701904297,0.8460784554481506,0.0453907810151577
YER118C,YBL087C,0,-2.0639715,0.6552771329879761,0.8460784554481506,0.04549098014831543
YNL162W,YLR106C,0,-2.0642798,0.6547799706459045,0.8460784554481506,0.04559118300676346
YBL026W,YHR088W,1,-2.0644538,0.6550416946411133,0.8470588326454163,0.04559118300676346
YER040W,YMR026C,0,-2.0660553,0.6545454263687134,0.8470588326454163,0.04569138213992119
YBL026W,YLR197W,1,-2.0670447,0.6548069715499878,0.8480392098426819,0.04569138213992119
YKL010C,YJL018W,0,-2.0672514,0.6543116569519043,0.8480392098426819,0.04579158499836922
YNL315C,YMR024W,0,-2.068719,0.6538170576095581,0.8480392098426819,0.04589178413152695
YLR059C,YER112W,1,-2.0695713,0.6540785431861877,0.8490195870399475,0.04589178413152695
YPL128C,YCL001W,0,-2.069697,0.653584897518158,0.8490195870399475,0.04599198326468468
YNL221C,YMR125W,1,-2.070036,0.6538461446762085,0.8500000238418579,0.04599198326468468
YJR089W,YAL025C,0,-2.070595,0.6533534526824951,0.8500000238418579,0.046092186123132706
YBR198C,YPL049C,0,-2.0712261,0.6528614163398743,0.8500000238418579,0.046192385256290436
YNR024W,YGL097W,1,-2.0720096,0.6531226634979248,0.8509804010391235,0.046192385256290436
YDL031W,YMR130W,0,-2.075527,0.6526315808296204,0.8509804010391235,0.046292584389448166
YPL249C-A,YNR054C,0,-2.0759196,0.652141273021698,0.8509804010391235,0.046392787247896194
YMR234W,YPL126W,0,-2.076868,0.6516516804695129,0.8509804010391235,0.046492986381053925
YCR018C,YBR189W,1,-2.0773683,0.6519129872322083,0.8519607782363892,0.046492986381053925
YLL014W,YLR287C-A,0,-2.0788794,0.6514242887496948,0.8519607782363892,0.046593185514211655
YDR098C,YDL240W,0,-2.0795908,0.6509363055229187,0.8519607782363892,0.04669338837265968
YPL262W,YFR024C,0,-2.0796742,0.6504490971565247,0.8519607782363892,0.04679358750581741
YPL175W,YPR082C,0,-2.079718,0.6499626040458679,0.8519607782363892,0.04689378663897514
YLR333C,YGR029W,0,-2.0797434,0.6494768261909485,0.8519607782363892,0.04699398949742317
YKR024C,YDL164C,0,-2.0799754,0.6489917635917664,0.8519607782363892,0.0470941886305809
YOR079C,YBR233W-A,0,-2.0801187,0.6485074758529663,0.8519607782363892,0.04719438776373863
YKR024C,YDR014W,0,-2.0801458,0.6480238437652588,0.8519607782363892,0.04729459062218666
YGR245C,YNL123W,0,-2.0802937,0.6475409865379333,0.8519607782363892,0.04739478975534439
YFR025C,YOL077W-A,0,-2.0806415,0.6470588445663452,0.8519607782363892,0.04749498888850212
YDR280W,YMR312W,0,-2.0827746,0.6465773582458496,0.8519607782363892,0.04759519174695015
YOR243C,YML127W,1,-2.0839286,0.6468401551246643,0.8529411554336548,0.04759519174695015
YJL136C,YLR106C,1,-2.0841918,0.6471025347709656,0.8539215922355652,0.04759519174695015
YIL110W,YIL015W,0,-2.0862017,0.6466221213340759,0.8539215922355652,0.04769539088010788
YMR121C,YFL049W,0,-2.0864277,0.6461424231529236,0.8539215922355652,0.04779559001326561
YKL027W,YPL037C,0,-2.0885167,0.6456634402275085,0.8539215922355652,0.04789579287171364
YIR023W,YDR485C,0,-2.0887163,0.6451851725578308,0.8539215922355652,0.04799599200487137
YDR071C,YJL190C,0,-2.0889716,0.6447076201438904,0.8539215922355652,0.0480961911380291
YOR046C,YML125C,0,-2.0894704,0.6442307829856873,0.8539215922355652,0.04819639399647713
YML015C,YKL110C,0,-2.0899386,0.6437546014785767,0.8539215922355652,0.04829659312963486
YOR073W,YJL177W,0,-2.090688,0.6432791948318481,0.8539215922355652,0.04839679226279259
YJL208C,YGL243W,0,-2.090806,0.6428044438362122,0.8539215922355652,0.048496995121240616
YCR018C,YOL139C,0,-2.0912797,0.6423304080963135,0.8539215922355652,0.048597194254398346
YLL009C,YMR286W,0,-2.0919452,0.6418570280075073,0.8539215922355652,0.048697393387556076
YLR242C,YCR043C,0,-2.0922852,0.6413843631744385,0.8539215922355652,0.048797596246004105
YBR123C,YER082C,0,-2.0924401,0.6409124135971069,0.8539215922355652,0.048897795379161835
YJR144W,YIL150C,0,-2.0926895,0.6404411792755127,0.8539215922355652,0.048997994512319565
YOR358W,YOR344C,0,-2.0927324,0.639970600605011,0.8539215922355652,0.04909819737076759
YJR067C,YBL004W,0,-2.09326,0.6395007371902466,0.8539215922355652,0.049198396503925323
YIR023W,YLR438C-A,0,-2.0934758,0.6390315294265747,0.8539215922355652,0.049298595637083054
YCL019W,YIL009C-A,0,-2.0941117,0.6385630369186401,0.8539215922355652,0.04939879849553108
YFR037C,YPR175W,0,-2.0959687,0.6380952596664429,0.8539215922355652,0.04949899762868881
YDL200C,YEL005C,0,-2.0960507,0.6376281380653381,0.8539215922355652,0.04959919676184654
YJR017C,YOR210W,0,-2.0965974,0.6371616721153259,0.8539215922355652,0.04969939962029457
YGL238W,YKL008C,0,-2.096693,0.636695921421051,0.8539215922355652,0.0497995987534523
YOR290C,YER088C,0,-2.0978007,0.6362308263778687,0.8539215922355652,0.04989979788661003
YDL226C,YKL181W,0,-2.0980754,0.6357664465904236,0.8539215922355652,0.05000000074505806
YPR168W,YMR268C,0,-2.0992732,0.635302722454071,0.8539215922355652,0.05010019987821579
YGL147C,YCL063W,0,-2.0993304,0.634839653968811,0.8539215922355652,0.05020039901137352
YPR144C,YPL178W,1,-2.0994976,0.6351056098937988,0.8549019694328308,0.05020039901137352
YBR079C,YDR523C,0,-2.0995924,0.6346433758735657,0.8549019694328308,0.05030060186982155
YKL056C,YDR080W,0,-2.099746,0.634181797504425,0.8549019694328308,0.05040080100297928
YCR004C,YDL124W,0,-2.100697,0.6337209343910217,0.8549019694328308,0.05050100386142731
YLR355C,YLR310C,0,-2.1009588,0.6332607269287109,0.8549019694328308,0.05060120299458504
YER127W,YGR272C,1,-2.102117,0.6335268616676331,0.8558823466300964,0.05060120299458504
YLR106C,YIL022W,0,-2.1025167,0.6330674290657043,0.8558823466300964,0.05070140212774277
YMR079W,YFL005W,0,-2.1027315,0.6326087117195129,0.8558823466300964,0.050801604986190796
YDR170W-A,YJR108W,0,-2.1031442,0.6321505904197693,0.8558823466300964,0.050901804119348526
YGR123C,YOR115C,0,-2.1032703,0.6316931843757629,0.8558823466300964,0.051002003252506256
YOR144C,YPL008W,0,-2.1041286,0.6312364339828491,0.8558823466300964,0.051102206110954285
YOR018W,YER108C,0,-2.1043139,0.6307803392410278,0.8558823466300964,0.051202405244112015
YIL138C,YIL085C,0,-2.1044545,0.6303249001502991,0.8558823466300964,0.051302604377269745
YKL160W,YER018C,0,-2.10494,0.6298701167106628,0.8558823466300964,0.05140280723571777
YEL046C,YDR253C,0,-2.1052544,0.6294159889221191,0.8558823466300964,0.051503006368875504
YKL208W,YGL120C,1,-2.1060135,0.6296830177307129,0.8568627238273621,0.051503006368875504
YDR395W,YKR053C,0,-2.1060507,0.6292296648025513,0.8568627238273621,0.051603205502033234
YMR183C,YDR395W,0,-2.1071422,0.6287769675254822,0.8568627238273621,0.05170340836048126
YPL012W,YNL316C,0,-2.1072881,0.6283249258995056,0.8568627238273621,0.05180360749363899
YCR016W,YNR037C,0,-2.1077924,0.6278735399246216,0.8568627238273621,0.05190380662679672
YCR035C,YHR166C,0,-2.1079245,0.6274228096008301,0.8568627238273621,0.05200400948524475
YHR072W-A,YEL015W,0,-2.109161,0.6269727349281311,0.8568627238273621,0.05210420861840248
YPR118W,YMR059W,0,-2.1102455,0.6265233159065247,0.8568627238273621,0.05220440775156021
YDR288W,YNL111C,0,-2.1120467,0.626074492931366,0.8568627238273621,0.05230461061000824
YNL113W,YPR100W,0,-2.112421,0.6256263256072998,0.8568627238273621,0.05240480974316597
YEL032W,YDR079C-A,0,-2.1145048,0.6251788139343262,0.8568627238273621,0.0525050088763237
YLR324W,YCL038C,0,-2.1151898,0.6247319579124451,0.8568627238273621,0.05260521173477173
YOR306C,YCR018C,0,-2.1153104,0.6242856979370117,0.8568627238273621,0.05270541086792946
YJL125C,YNL087W,0,-2.1155374,0.6238400936126709,0.8568627238273621,0.05280561000108719
YBL038W,YOR045W,0,-2.1155524,0.6233951449394226,0.8568627238273621,0.05290581285953522
YDL184C,YJR007W,0,-2.1159248,0.6229507923126221,0.8568627238273621,0.05300601199269295
YHR088W,YKR007W,0,-2.116092,0.6225070953369141,0.8568627238273621,0.05310621112585068
YEL060C,YDR533C,0,-2.1167624,0.6220640540122986,0.8568627238273621,0.053206413984298706
YFR034C,YGL105W,0,-2.116883,0.6216216087341309,0.8568627238273621,0.053306613117456436
YEL054C,YBR094W,0,-2.1169286,0.6211798191070557,0.8568627238273621,0.053406812250614166
YPL128C,YJL076W,0,-2.118362,0.6207386255264282,0.8568627238273621,0.053507015109062195
YBR100W,YIL109C,0,-2.1188006,0.6202980875968933,0.8568627238273621,0.053607214242219925
YPL138C,YOR252W,0,-2.1202555,0.6198581457138062,0.8568627238273621,0.053707413375377655
YGL151W,YNL066W,0,-2.1217747,0.6194188594818115,0.8568627238273621,0.053807616233825684
YCR031C,YGR276C,1,-2.1218936,0.6196883916854858,0.8578431606292725,0.053807616233825684
YML124C,YMR125W,0,-2.1224327,0.6192498207092285,0.8578431606292725,0.053907815366983414
YHR044C,YNL162W,0,-2.1227221,0.6188119053840637,0.8578431606292725,0.054008014500141144
YMR201C,YLR399C,0,-2.1233444,0.6183745861053467,0.8578431606292725,0.05410821735858917
YPL248C,YDR079C-A,0,-2.123627,0.6179378628730774,0.8578431606292725,0.0542084164917469
YGR065C,YBR218C,0,-2.125272,0.6175017356872559,0.8578431606292725,0.05430861562490463
YBR100W,YIL074C,0,-2.1266084,0.6170662641525269,0.8578431606292725,0.05440881848335266
YOR337W,YBL071W-A,0,-2.1266084,0.6166314482688904,0.8578431606292725,0.05450901761651039
YDR075W,YDL038C,0,-2.1266084,0.6161971688270569,0.8578431606292725,0.05460921674966812
YBR100W,YBR218C,0,-2.1266084,0.6157635450363159,0.8578431606292725,0.05470941960811615
YMR268C,YGR272C,0,-2.1266084,0.6153305172920227,0.8578431606292725,0.05480961874127388
YDR158W,YDL038C,0,-2.1266084,0.6148980855941772,0.8578431606292725,0.05490981787443161
YLR106C,YBR100W,0,-2.1266084,0.6144663095474243,0.8578431606292725,0.05501002073287964
YDR477W,YLR328W,0,-2.1268325,0.6140350699424744,0.8578431606292725,0.05511021986603737
YJL177W,YBL018C,0,-2.1273108,0.6136044859886169,0.8578431606292725,0.0552104189991951
YNL206C,YFR009W,0,-2.1274643,0.6131744980812073,0.8578431606292725,0.05531062185764313
YGR276C,YMR125W,1,-2.12797,0.6134454011917114,0.8588235378265381,0.05531062185764313
YER118C,YPR102C,0,-2.1286602,0.6130160689353943,0.8588235378265381,0.05541082099080086
YGR263C,YHR079C-B,0,-2.1287181,0.6125873923301697,0.8588235378265381,0.055511023849248886
YDR412W,YJL062W,0,-2.1288714,0.6121593117713928,0.8588235378265381,0.055611222982406616
YLR327C,YOR245C,0,-2.1297226,0.6117318272590637,0.8588235378265381,0.055711422115564346
YBR119W,YNL069C,0,-2.1307955,0.6113049387931824,0.8588235378265381,0.055811624974012375
YDL213C,YBR048W,1,-2.1313028,0.6115760207176208,0.8598039150238037,0.055811624974012375
YGL153W,YBL071W-A,0,-2.131647,0.6111498475074768,0.8598039150238037,0.055911824107170105
YHL015W,YER133W,1,-2.1318438,0.6114206314086914,0.8607842922210693,0.055911824107170105
YJL021C,YDR156W,0,-2.1323912,0.6109951138496399,0.8607842922210693,0.056012023240327835
YGL253W,YPL126W,0,-2.1324408,0.6105702519416809,0.8607842922210693,0.056112226098775864
YGR054W,YLR134W,0,-2.133162,0.6101459264755249,0.8607842922210693,0.056212425231933594
YOR210W,YDR495C,0,-2.133522,0.6097221970558167,0.8607842922210693,0.056312624365091324
YDR478W,YBL071W-A,0,-2.133553,0.6092991232872009,0.8607842922210693,0.05641282722353935
YOR295W,YAL009W,0,-2.1336932,0.6088765859603882,0.8607842922210693,0.05651302635669708
YEL006W,YLR055C,0,-2.1339226,0.6084545850753784,0.8607842922210693,0.05661322548985481
YGL173C,YKL014C,1,-2.1345177,0.6087257862091064,0.8617647290229797,0.05661322548985481
YOR144C,YLR017W,0,-2.135055,0.608304500579834,0.8617647290229797,0.05671342834830284
YML088W,YBR297W,0,-2.135354,0.6078838109970093,0.8617647290229797,0.05681362748146057
YFR015C,YBR240C,0,-2.1359053,0.6074637174606323,0.8617647290229797,0.0569138266146183
YPL081W,YOL021C,1,-2.1360297,0.6077347993850708,0.8627451062202454,0.0569138266146183
YOR195W,YGR200C,0,-2.1362584,0.6073153614997864,0.8627451062202454,0.05701402947306633
YJL069C,YJR066W,0,-2.1369357,0.6068965792655945,0.8627451062202454,0.05711422860622406
YGL128C,YER160C,0,-2.137342,0.6064782738685608,0.8627451062202454,0.05721442773938179
YDR197W,YLR364W,0,-2.1387806,0.6060606241226196,0.8627451062202454,0.05731463059782982
YBR167C,YMR223W,0,-2.138943,0.6056435108184814,0.8627451062202454,0.05741482973098755
YHR197W,YLR145W,1,-2.1406212,0.6059147119522095,0.863725483417511,0.05741482973098755
YML069W,YBR154C,0,-2.1410604,0.6054982542991638,0.863725483417511,0.05751502886414528
YDL191W,YOL094C,0,-2.1411939,0.6050823926925659,0.863725483417511,0.05761523172259331
YGR074W,YNL065W,0,-2.1422813,0.6046671271324158,0.863725483417511,0.05771543085575104
YNL166C,YLR438C-A,0,-2.1427429,0.6042523980140686,0.863725483417511,0.05781562998890877
YNL067W,YJR076C,0,-2.1427484,0.6038382649421692,0.863725483417511,0.057915832847356796
YDL130W-A,YBR056W,0,-2.1438212,0.6034246683120728,0.863725483417511,0.058016031980514526
YML069W,YGR054W,0,-2.1441908,0.6030116081237793,0.863725483417511,0.058116231113672256
YBL036C,YDR023W,0,-2.1451664,0.6025992035865784,0.863725483417511,0.058216433972120285
YNL317W,YJR109C,0,-2.147708,0.6021872758865356,0.863725483417511,0.058316633105278015
YJL143W,YBR295W,0,-2.1477609,0.6017759442329407,0.863725483417511,0.058416832238435745
YIL091C,YKR080W,0,-2.1479647,0.6013652086257935,0.863725483417511,0.058517035096883774
YLR210W,YBR085W,0,-2.1485953,0.6009549498558044,0.863725483417511,0.058617234230041504
YER146W,YGR272C,1,-2.149232,0.6012269854545593,0.8647058606147766,0.058617234230041504
YHR154W,YDL143W,0,-2.1501188,0.6008174419403076,0.8647058606147766,0.058717433363199234
YBR054W,YCL057C-A,0,-2.150682,0.6004084348678589,0.8647058606147766,0.05881763622164726
YMR277W,YOR056C,0,-2.15071,0.6000000238418579,0.8647058606147766,0.05891783535480499
YKL058W,YEL003W,0,-2.15083,0.5995920896530151,0.8647058606147766,0.05901803448796272
YOR306C,YJL069C,0,-2.1512837,0.5991848111152649,0.8647058606147766,0.05911823734641075
YCR016W,YMR268C,0,-2.1513445,0.5987780094146729,0.8647058606147766,0.05921843647956848
YOR319W,YDR153C,0,-2.1519022,0.5983718037605286,0.8647058606147766,0.05931863561272621
YJL021C,YEL047C,0,-2.152133,0.5979660749435425,0.8647058606147766,0.05941883847117424
YPR110C,YJR047C,0,-2.1526613,0.5975610017776489,0.8647058606147766,0.05951903760433197
YOR287C,YGR195W,1,-2.1529582,0.5978334546089172,0.865686297416687,0.05951903760433197
YIL096C,YLR262C,0,-2.1538525,0.5974289774894714,0.865686297416687,0.0596192367374897
YOR240W,YJL058C,0,-2.154187,0.5970250368118286,0.865686297416687,0.05971943959593773
YER102W,YDR080W,0,-2.1542647,0.5966216325759888,0.865686297416687,0.05981963872909546
YGR133W,YDR058C,0,-2.1553283,0.5962187647819519,0.865686297416687,0.05991983786225319
YIL122W,YJR041C,0,-2.1553962,0.5958164930343628,0.865686297416687,0.06002004072070122
YGL238W,YBR153W,0,-2.160313,0.5954146981239319,0.865686297416687,0.06012023985385895
YDR206W,YOL051W,0,-2.1604447,0.5950134992599487,0.865686297416687,0.060220442712306976
YPR033C,YPL079W,0,-2.160653,0.5946127772331238,0.865686297416687,0.060320641845464706
YJL121C,YDR408C,0,-2.1607995,0.5942126512527466,0.865686297416687,0.060420840978622437
YNR027W,YEL038W,0,-2.1610258,0.5938130617141724,0.865686297416687,0.060521043837070465
YIL130W,YPL254W,0,-2.161284,0.5934139490127563,0.865686297416687,0.060621242970228195
YJR017C,YPL076W,0,-2.1618156,0.5930154323577881,0.865686297416687,0.060721442103385925
YLR078C,YOL149W,0,-2.1641011,0.5926174521446228,0.865686297416687,0.060821644961833954
YHR197W,YGL253W,0,-2.1658645,0.5922200083732605,0.865686297416687,0.060921844094991684
YLR430W,YBR167C,1,-2.1669412,0.5924932956695557,0.8666666746139526,0.060921844094991684
YOR058C,YBL071W-A,0,-2.1671693,0.5920964479446411,0.8666666746139526,0.061022043228149414
YPL097W,YNR040W,0,-2.1680112,0.5917001366615295,0.8666666746139526,0.06112224608659744
YGL096W,YBR233W-A,0,-2.1680434,0.591304361820221,0.8666666746139526,0.06122244521975517
YHR076W,YIL069C,0,-2.1680489,0.5909090638160706,0.8666666746139526,0.0613226443529129
YER173W,YIL064W,0,-2.1682706,0.5905143618583679,0.8666666746139526,0.06142284721136093
YMR088C,YMR125W,0,-2.168631,0.5901201367378235,0.8666666746139526,0.06152304634451866
YDL235C,YPL055C,0,-2.1689012,0.5897265076637268,0.8666666746139526,0.06162324547767639
YGL078C,YNL054W,0,-2.1689553,0.5893333554267883,0.8666666746139526,0.06172344833612442
YCR047C,YMR228W,1,-2.1692376,0.5896069407463074,0.8676470518112183,0.06172344833612442
YCL054W,YCR055C,1,-2.170288,0.5898801684379578,0.8686274290084839,0.06172344833612442
YBL100W-B,YPL117C,0,-2.1704967,0.5894876718521118,0.8686274290084839,0.06182364746928215
YLR262C,YLR003C,0,-2.17097,0.5890957713127136,0.8686274290084839,0.06192384660243988
YJL035C,YGR091W,0,-2.1714876,0.5887043476104736,0.8686274290084839,0.06202404946088791
YML016C,YIL040W,0,-2.1716769,0.5883134007453918,0.8686274290084839,0.06212424859404564
YCR018C,YNL232W,1,-2.1727881,0.5885865688323975,0.8696078658103943,0.06212424859404564
YLL018C-A,YIL167W,0,-2.173803,0.5881962776184082,0.8696078658103943,0.06222444772720337
YBR233W-A,YHR116W,0,-2.1741323,0.5878065228462219,0.8696078658103943,0.0623246505856514
YBL026W,YGR030C,1,-2.1743503,0.5880794525146484,0.8705882430076599,0.0623246505856514
YIL138C,YOL077W-A,0,-2.1747725,0.5876902937889099,0.8705882430076599,0.06242484971880913
YDR021W,YCR055C,1,-2.1751924,0.5879629850387573,0.8715686202049255,0.06242484971880913
YLR013W,YDR320C-A,0,-2.1756883,0.5875743627548218,0.8715686202049255,0.06252504885196686
YAL035W,YER074W-A,0,-2.1756997,0.5871862769126892,0.8715686202049255,0.06262525171041489
YGR278W,YJL069C,0,-2.1773105,0.5867986679077148,0.8715686202049255,0.06272545456886292
YOR341W,YGL115W,0,-2.1773634,0.5864115953445435,0.8715686202049255,0.06282564997673035
YFL002C,YDR363W-A,0,-2.1777754,0.586025059223175,0.8715686202049255,0.06292585283517838
YKR080W,YLR306W,0,-2.178022,0.5856389999389648,0.8715686202049255,0.0630260556936264
YHL009C,YPL266W,0,-2.178657,0.5852534770965576,0.8715686202049255,0.06312625110149384
YNL087W,YDL042C,0,-2.179493,0.5848684310913086,0.8715686202049255,0.06322645395994186
YNL318C,YPL212C,0,-2.179948,0.5844839215278625,0.8715686202049255,0.06332665681838989
YDR466W,YCL057C-A,0,-2.1804924,0.5840998888015747,0.8715686202049255,0.06342685222625732
YCL001W,YJL092W,0,-2.180996,0.5837163329124451,0.8715686202049255,0.06352705508470535
YDR052C,YER183C,0,-2.181387,0.5833333134651184,0.8715686202049255,0.06362725794315338
YJR108W,YDR268W,0,-2.1819382,0.5829508304595947,0.8715686202049255,0.06372745335102081
YDR052C,YER140W,0,-2.1822593,0.5825688242912292,0.8715686202049255,0.06382765620946884
YPL211W,YNL275W,0,-2.1828105,0.582187294960022,0.8715686202049255,0.06392785906791687
YCL020W,YNL158W,0,-2.1830645,0.5818063020706177,0.8715686202049255,0.0640280544757843
YHR036W,YDL201W,0,-2.1837664,0.5814257860183716,0.8715686202049255,0.06412825733423233
YGR033C,YGR203W,0,-2.1850476,0.5810457468032837,0.8715686202049255,0.06422846019268036
YDR395W,YFR024C-A,0,-2.1859086,0.5806662440299988,0.8715686202049255,0.06432865560054779
YKR038C,YGL063W,0,-2.186256,0.5802872180938721,0.8715686202049255,0.06442885845899582
YIL019W,YKL113C,0,-2.186549,0.5799086689949036,0.8715686202049255,0.06452906131744385
YML031W,YPR158W-B,0,-2.1867452,0.579530656337738,0.8715686202049255,0.06462925672531128
YJL062W-A,YNL176C,0,-2.1868477,0.5791531205177307,0.8715686202049255,0.06472945958375931
YLR061W,YLR185W,0,-2.186871,0.5787760615348816,0.8715686202049255,0.06482966244220734
YHL015W,YMR143W,1,-2.1870756,0.5790501236915588,0.8725489974021912,0.06482966244220734
YER070W,YIL078W,0,-2.187323,0.5786736011505127,0.8725489974021912,0.06492985785007477
YJL113W,YCR047C,0,-2.1874619,0.5782976150512695,0.8725489974021912,0.0650300607085228
YAR044W,YEL044W,0,-2.1876638,0.5779221057891846,0.8725489974021912,0.06513026356697083
YJL021C,YPL084W,0,-2.1879144,0.5775470733642578,0.8725489974021912,0.06523045897483826
YER133W,YGL123W,1,-2.1882706,0.5778210163116455,0.8735294342041016,0.06523045897483826
YNL096C,YLR192C,1,-2.1884766,0.5780946016311646,0.8745098114013672,0.06523045897483826
YHR090C,YDR485C,0,-2.188589,0.5777202248573303,0.8745098114013672,0.06533066183328629
YKR007W,YMR134W,0,-2.1886027,0.5773462653160095,0.8745098114013672,0.06543086469173431
YDL083C,YDR478W,1,-2.1893456,0.5776196718215942,0.8754901885986328,0.06543086469173431
YLR157C-B,YHL032C,0,-2.1913583,0.5772463083267212,0.8754901885986328,0.06553106009960175
YER060W-A,YNL097C,0,-2.1914358,0.5768733620643616,0.8754901885986328,0.06563126295804977
YGL173C,YHR069C,1,-2.1927009,0.5771465301513672,0.8764705657958984,0.06563126295804977
YOR059C,YDL189W,0,-2.1932175,0.5767741799354553,0.8764705657958984,0.0657314658164978
YGL061C,YNL244C,0,-2.19351,0.5764023065567017,0.8764705657958984,0.06583166122436523
YIR017C,YNL164C,0,-2.1943412,0.5760309100151062,0.8764705657958984,0.06593186408281326
YNL250W,YNL186W,0,-2.1943502,0.575659990310669,0.8764705657958984,0.06603206694126129
YNL064C,YLL036C,0,-2.1947827,0.5752895474433899,0.8764705657958984,0.06613226234912872
YNL194C,YLR337W,0,-2.1956148,0.5749196410179138,0.8764705657958984,0.06623246520757675
YMR051C,YDR150W,0,-2.1966867,0.5745501518249512,0.8764705657958984,0.06633266806602478
YBL024W,YOL146W,0,-2.1975658,0.5741811394691467,0.8764705657958984,0.06643286347389221
YML095C,YNL316C,0,-2.1975942,0.5738126039505005,0.8764705657958984,0.06653306633234024
YIL063C,YDL104C,0,-2.1986704,0.5734445452690125,0.8764705657958984,0.06663326919078827
YBR060C,YHR129C,0,-2.1989312,0.5730769038200378,0.8764705657958984,0.0667334645986557
YDR465C,YDR375C,0,-2.1995373,0.5727097988128662,0.8764705657958984,0.06683366745710373
YLR200W,YNL180C,0,-2.1996064,0.5723431706428528,0.8764705657958984,0.06693387031555176
YMR223W,YOR115C,0,-2.1996467,0.5719769597053528,0.8764705657958984,0.06703406572341919
YNL169C,YDR045C,0,-2.201375,0.571611225605011,0.8764705657958984,0.06713426858186722
YPL126W,YEL034W,0,-2.2017508,0.5712460279464722,0.8764705657958984,0.06723447144031525
YBL100W-B,YHR185C,0,-2.2023401,0.5708812475204468,0.8764705657958984,0.06733466684818268
YPL106C,YJL076W,0,-2.202547,0.5705168843269348,0.8764705657958984,0.0674348697066307
YJR047C,YOR056C,0,-2.2027416,0.5701530575752258,0.8764705657958984,0.06753507256507874
YBL020W,YHR128W,0,-2.203535,0.5697896480560303,0.8764705657958984,0.06763526797294617
YLL026W,YDR320C-A,0,-2.2038255,0.5694267749786377,0.8764705657958984,0.0677354708313942
YLR069C,YMR287C,0,-2.2040362,0.5690643191337585,0.8764705657958984,0.06783567368984222
YEL042W,YBL003C,0,-2.2043688,0.5687022805213928,0.8764705657958984,0.06793586909770966
YGL078C,YKL152C,0,-2.2050622,0.5683407783508301,0.8764705657958984,0.06803607195615768
YGR061C,YDR324C,0,-2.2055113,0.5679796934127808,0.8764705657958984,0.06813627481460571
YKL184W,YBR154C,0,-2.2056065,0.5676190257072449,0.8764705657958984,0.06823647022247314
YHL015W,YLR293C,1,-2.2068543,0.567893385887146,0.8774510025978088,0.06823647022247314
YDR128W,YBR073W,0,-2.2073295,0.5675333142280579,0.8774510025978088,0.06833667308092117
YDL075W,YKL114C,0,-2.2082372,0.5671736598014832,0.8774510025978088,0.0684368759393692
YGR035C,YNL088W,0,-2.2085648,0.5668144226074219,0.8774510025978088,0.06853707134723663
YNL147W,YOL041C,1,-2.2090478,0.5670886039733887,0.8784313797950745,0.06853707134723663
YKL199C,YHR185C,0,-2.2092419,0.5667299032211304,0.8784313797950745,0.06863727420568466
YJL062W-A,YBR162W-A,0,-2.2097235,0.5663716793060303,0.8784313797950745,0.06873747706413269
YCR020W-B,YNL035C,0,-2.2097957,0.5660138726234436,0.8784313797950745,0.06883767247200012
YLR052W,YER157W,0,-2.2105694,0.5656565427780151,0.8784313797950745,0.06893787533044815
YJL129C,YNL217W,0,-2.2111871,0.5652996897697449,0.8784313797950745,0.06903807818889618
YLR010C,YDL043C,0,-2.2113886,0.564943253993988,0.8784313797950745,0.06913827359676361
YAL013W,YOR196C,0,-2.2119064,0.5645872950553894,0.8784313797950745,0.06923847645521164
YIL131C,YKL149C,0,-2.2121809,0.5642317533493042,0.8784313797950745,0.06933867931365967
YPL060C-A,YDL051W,0,-2.2123983,0.5638766288757324,0.8784313797950745,0.0694388747215271
YDL159W,YNL299W,0,-2.2133672,0.5635220408439636,0.8784313797950745,0.06953907757997513
YKL127W,YML124C,0,-2.2136614,0.5631678104400635,0.8784313797950745,0.06963928043842316
YLL036C,YNL123W,0,-2.2142043,0.5628140568733215,0.8784313797950745,0.06973947584629059
YNL240C,YLR192C,0,-2.214235,0.5624607801437378,0.8784313797950745,0.06983967870473862
YER118C,YML022W,0,-2.215033,0.5621079206466675,0.8784313797950745,0.06993988156318665
YFL005W,YAL059W,0,-2.2150578,0.5617554783821106,0.8784313797950745,0.07004007697105408
YER133W,YJL109C,1,-2.2152653,0.5620300769805908,0.8794117569923401,0.07004007697105408
YJR043C,YLR432W,0,-2.2160044,0.5616781711578369,0.8794117569923401,0.0701402798295021
YGL147C,YDL003W,0,-2.2164202,0.5613266825675964,0.8794117569923401,0.07024048268795013
YPL069C,YOL077W-A,0,-2.216601,0.5609756112098694,0.8794117569923401,0.07034067809581757
YGL099W,YNL158W,0,-2.216878,0.5606250166893005,0.8794117569923401,0.0704408809542656
YBR003W,YKR049C,0,-2.217076,0.5602748394012451,0.8794117569923401,0.07054108381271362
YJL137C,YPL017C,0,-2.2182705,0.5599250793457031,0.8794117569923401,0.07064127922058105
YMR143W,YPL211W,1,-2.2187295,0.5601996183395386,0.8803921341896057,0.07064127922058105
YJL133W,YHR146W,0,-2.2187989,0.5598503947257996,0.8803921341896057,0.07074148207902908
YMR215W,YHR183W,0,-2.219493,0.5595015287399292,0.8803921341896057,0.07084168493747711
YPR047W,YGL227W,0,-2.2197318,0.5591531991958618,0.8803921341896057,0.07094188034534454
YLR438C-A,YLR367W,0,-2.2201123,0.5588052272796631,0.8803921341896057,0.07104208320379257
YOL140W,YLR210W,0,-2.2213287,0.5584577322006226,0.8803921341896057,0.0711422860622406
YOR100C,YGL096W,0,-2.2214923,0.5581106543540955,0.8803921341896057,0.07124248147010803
YGR121C,YKR049C,0,-2.2218256,0.5577639937400818,0.8803921341896057,0.07134268432855606
YOR260W,YEL077C,0,-2.2222433,0.5574177503585815,0.8803921341896057,0.07144288718700409
YGR217W,YBR228W,0,-2.2222846,0.5570719838142395,0.8803921341896057,0.07154308259487152
YMR106C,YDR261W-B,0,-2.2228217,0.5567265748977661,0.8803921341896057,0.07164328545331955
YNL096C,YBL042C,0,-2.2231717,0.5563816428184509,0.8803921341896057,0.07174348831176758
YHR105W,YIR036C,0,-2.223744,0.5560371279716492,0.8803921341896057,0.07184368371963501
YLL010C,YDR210W-B,0,-2.223834,0.5556930899620056,0.8803921341896057,0.07194388657808304
YLR274W,YPL012W,0,-2.2248542,0.5553494095802307,0.8803921341896057,0.07204408943653107
YIL039W,YDR086C,0,-2.2264218,0.555006206035614,0.8803921341896057,0.0721442922949791
YGL099W,YLL036C,0,-2.226682,0.554663360118866,0.8803921341896057,0.07224448770284653
YMR086W,YKL193C,0,-2.2268445,0.5543209910392761,0.8803921341896057,0.07234469056129456
YFR031C-A,YHR070W,0,-2.2272177,0.5539790391921997,0.8803921341896057,0.07244489341974258
YNL246W,YKL109W,0,-2.2272596,0.5536375045776367,0.8803921341896057,0.07254508882761002
YPL060C-A,YBR161W,0,-2.2275138,0.5532963871955872,0.8803921341896057,0.07264529168605804
YMR049C,YER125W,1,-2.2279325,0.5535714030265808,0.8813725709915161,0.07264529168605804
YFL036W,YDR316W-A,0,-2.2288888,0.5532307624816895,0.8813725709915161,0.07274549454450607
YDR101C,YGR193C,0,-2.22889,0.5528905391693115,0.8813725709915161,0.0728456899523735
YNL191W,YML005W,0,-2.2295527,0.552550733089447,0.8813725709915161,0.07294589281082153
YDL150W,YEL051W,0,-2.2295556,0.5522112846374512,0.8813725709915161,0.07304609566926956
YPL111W,YPL130W,0,-2.2300057,0.5518723130226135,0.8813725709915161,0.073146291077137
YJL136C,YMR223W,0,-2.230053,0.5515337586402893,0.8813725709915161,0.07324649393558502
YOR009W,YDR028C,0,-2.2302642,0.5511955618858337,0.8813725709915161,0.07334669679403305
YJR002W,YPL082C,1,-2.2305758,0.5514705777168274,0.8823529481887817,0.07334669679403305
YEL055C,YPL009C,0,-2.2309046,0.55113285779953,0.8823529481887817,0.07344689220190048
YMR263W,YOL094C,0,-2.2309115,0.5507956147193909,0.8823529481887817,0.07354709506034851
YER179W,YHR079C-B,0,-2.231132,0.5504587292671204,0.8823529481887817,0.07364729791879654
YLL035W,YHR021C,1,-2.231459,0.5507335066795349,0.8833333253860474,0.07364729791879654
YGL171W,YCR055C,1,-2.2316556,0.5510079264640808,0.884313702583313,0.07364729791879654
YMR228W,YCR058C,1,-2.2317276,0.5512820482254028,0.8852941393852234,0.07364729791879654
YOR167C,YPR114W,0,-2.2318895,0.5509456992149353,0.8852941393852234,0.07374749332666397
YPL173W,YLL054C,0,-2.2320192,0.5506097674369812,0.8852941393852234,0.073847696185112
YPL090C,YLR106C,1,-2.2335494,0.5508835911750793,0.886274516582489,0.073847696185112
YKR024C,YMR205C,0,-2.2338247,0.5505481362342834,0.886274516582489,0.07394789904356003
YJL062W-A,YIL093C,0,-2.2345276,0.5502130389213562,0.886274516582489,0.07404809445142746
YOR140W,YNL132W,0,-2.2350159,0.5498783588409424,0.886274516582489,0.07414829730987549
YKL150W,YIL050W,0,-2.2354634,0.549544095993042,0.886274516582489,0.07424850016832352
YDR293C,YNL009W,0,-2.2367249,0.5492101907730103,0.886274516582489,0.07434869557619095
YMR080C,YLR051C,0,-2.236836,0.5488767623901367,0.886274516582489,0.07444889843463898
YBR092C,YDR044W,0,-2.2378798,0.5485436916351318,0.886274516582489,0.074549101293087
YIL009W,YNR016C,0,-2.238646,0.5482110381126404,0.886274516582489,0.07464929670095444
YCL012W,YMR044W,0,-2.239128,0.5478788018226624,0.886274516582489,0.07474949955940247
YJR108W,YLR343W,0,-2.2393594,0.547546923160553,0.886274516582489,0.0748497024178505
YDR440W,YBL040C,0,-2.2394886,0.5472155213356018,0.886274516582489,0.07494989782571793
YMR143W,YDL111C,1,-2.240199,0.5474894046783447,0.8872548937797546,0.07494989782571793
YDL175C,YER106W,0,-2.2411427,0.547158420085907,0.8872548937797546,0.07505010068416595
YJR097W,YDR065W,0,-2.241785,0.5468277931213379,0.8872548937797546,0.07515030354261398
YKR060W,YNL167C,0,-2.2420535,0.5464975833892822,0.8872548937797546,0.07525049895048141
YFL024C,YPL126W,0,-2.2420757,0.54616779088974,0.8872548937797546,0.07535070180892944
YPL138C,YML081W,0,-2.2424047,0.5458383560180664,0.8872548937797546,0.07545090466737747
YOR009W,YLR453C,0,-2.2428393,0.5455093383789062,0.8872548937797546,0.0755511000752449
YER006W,YLR466W,0,-2.2438245,0.5451807379722595,0.8872548937797546,0.07565130293369293
YDL080C,YNL294C,0,-2.243899,0.5448524951934814,0.8872548937797546,0.07575150579214096
YDR421W,YPR057W,0,-2.244101,0.5445246696472168,0.8872548937797546,0.07585170120000839
YNL221C,YPL235W,1,-2.2443824,0.5447985529899597,0.8882352709770203,0.07585170120000839
YEL005C,YGL194C,0,-2.2445526,0.5444711446762085,0.8882352709770203,0.07595190405845642
YNL075W,YKR064W,0,-2.2452083,0.5441441535949707,0.8882352709770203,0.07605210691690445
YNL082W,YML031W,0,-2.2457466,0.5438175201416016,0.8882352709770203,0.07615230232477188
YIL145C,YPL283C,0,-2.2460785,0.5434913039207458,0.8882352709770203,0.07625250518321991
YDR395W,YJR084W,0,-2.246324,0.5431654453277588,0.8882352709770203,0.07635270804166794
YBR160W,YIL043C,0,-2.246769,0.5428400039672852,0.8882352709770203,0.07645290344953537
YBR257W,YOR287C,1,-2.246893,0.5431137681007385,0.8892157077789307,0.07645290344953537
YPR137C-B,YDR104C,0,-2.247613,0.5427887439727783,0.8892157077789307,0.0765531063079834
YDR385W,YKL021C,0,-2.2476134,0.5424641370773315,0.8892157077789307,0.07665330916643143
YML063W,YFR024C,0,-2.2478657,0.5421398878097534,0.8892157077789307,0.07675350457429886
YGR054W,YBR189W,0,-2.247929,0.541815996170044,0.8892157077789307,0.07685370743274689
YDR312W,YOR344C,0,-2.248097,0.5414925217628479,0.8892157077789307,0.07695391029119492
YDR397C,YOL113W,0,-2.2482486,0.5411694645881653,0.8892157077789307,0.07705410569906235
YML094W,YOL123W,0,-2.2484665,0.5408467650413513,0.8892157077789307,0.07715430855751038
YOR004W,YHR072W-A,1,-2.250184,0.5411204099655151,0.8901960849761963,0.07715430855751038
YLR362W,YFR024C,0,-2.2513266,0.5407980680465698,0.8901960849761963,0.0772545114159584
YLL018C-A,YBR056W,0,-2.2514174,0.5404762029647827,0.8901960849761963,0.07735470682382584
YER056C,YJL109C,0,-2.251938,0.5401546955108643,0.8901960849761963,0.07745490968227386
YBR191W,YLR292C,0,-2.2520573,0.5398335456848145,0.8901960849761963,0.0775551125407219
YDL175C,YNL217W,0,-2.2520592,0.5395127534866333,0.8901960849761963,0.07765530794858932
YMR236W,YJL168C,0,-2.2522974,0.5391923785209656,0.8901960849761963,0.07775551080703735
YBR175W,YNL112W,0,-2.2526135,0.5388724207878113,0.8901960849761963,0.07785571366548538
YJL090C,YLR196W,0,-2.2526999,0.5385527610778809,0.8901960849761963,0.07795590907335281
YHR003C,YKR085C,0,-2.2527633,0.5382335782051086,0.8901960849761963,0.07805611193180084
YPL157W,YMR150C,0,-2.2535577,0.5379146933555603,0.8901960849761963,0.07815631479024887
YJL207C,YKR053C,0,-2.2537785,0.5375962257385254,0.8901960849761963,0.0782565101981163
YKL199C,YPR017C,0,-2.2539656,0.5372781157493591,0.8901960849761963,0.07835671305656433
YBR045C,YJR050W,0,-2.2540946,0.5369603633880615,0.8901960849761963,0.07845691591501236
YEL027W,YDR297W,0,-2.2541203,0.5366430282592773,0.8901960849761963,0.07855711132287979
YOR272W,YGR296W,0,-2.2542326,0.5363260507583618,0.8901960849761963,0.07865731418132782
YDR363W-A,YAL032C,0,-2.2544465,0.5360094308853149,0.8901960849761963,0.07875751703977585
YML115C,YER060W,0,-2.2549434,0.5356932282447815,0.8901960849761963,0.07885771244764328
YNL207W,YCR055C,1,-2.2551885,0.5359669923782349,0.8911764621734619,0.07885771244764328
YGR057C,YMR016C,0,-2.2558286,0.5356511473655701,0.8911764621734619,0.07895791530609131
YDL092W,YKR099W,0,-2.2563748,0.5353356599807739,0.8911764621734619,0.07905811816453934
YLR147C,YDL030W,0,-2.2567406,0.5350205898284912,0.8911764621734619,0.07915831357240677
YDR025W,YGL127C,0,-2.2580743,0.5347058773040771,0.8911764621734619,0.0792585164308548
YBR181C,YDL189W,0,-2.258905,0.5343915224075317,0.8911764621734619,0.07935871928930283
YLR318W,YBR004C,0,-2.2601156,0.5340775847434998,0.8911764621734619,0.07945891469717026
YDR540C,YMR098C,0,-2.260236,0.5337639451026917,0.8911764621734619,0.07955911755561829
YBR029C,YJL198W,0,-2.260275,0.533450722694397,0.8911764621734619,0.07965932041406631
YHR186C,YCR058C,0,-2.2610672,0.533137857913971,0.8911764621734619,0.07975951582193375
YLR078C,YNL061W,0,-2.2624779,0.5328253507614136,0.8911764621734619,0.07985971868038177
YBR217W,YPL030W,0,-2.2625089,0.5325132012367249,0.8911764621734619,0.0799599215388298
YPL249C-A,YKL017C,0,-2.2633533,0.5322014093399048,0.8911764621734619,0.08006011694669724
YDR318W,YJR010C-A,0,-2.2636292,0.5318899750709534,0.8911764621734619,0.08016031980514526
YGL178W,YKL125W,0,-2.2637644,0.5315789580345154,0.8911764621734619,0.08026052266359329
YKL183W,YLR336C,0,-2.2639232,0.5312682390213013,0.8911764621734619,0.08036071807146072
YDL205C,YOL031C,0,-2.264311,0.5309579372406006,0.8911764621734619,0.08046092092990875
YPL198W,YOR122C,0,-2.2644734,0.5306479930877686,0.8911764621734619,0.08056112378835678
YDR484W,YOR079C,0,-2.2651875,0.5303384065628052,0.8911764621734619,0.08066131919622421
YHR039C-B,YDR541C,0,-2.2652555,0.5300291776657104,0.8911764621734619,0.08076152205467224
YDR228C,YGR166W,0,-2.2653344,0.5297203063964844,0.8911764621734619,0.08086172491312027
YJL062W-A,YGR223C,0,-2.2678514,0.529411792755127,0.8911764621734619,0.0809619203209877
YDR184C,YOR371C,0,-2.268339,0.5291036367416382,0.8911764621734619,0.08106212317943573
YML010W,YHR143W,0,-2.2686136,0.5287958383560181,0.8911764621734619,0.08116232603788376
YHR197W,YLR085C,0,-2.268951,0.5284883975982666,0.8911764621734619,0.08126252144575119
YOR252W,YNL077W,0,-2.2691028,0.5281813144683838,0.8911764621734619,0.08136272430419922
YNL222W,YOR287C,1,-2.2700894,0.5284552574157715,0.8921568393707275,0.08136272430419922
YCR036W,YDR031W,0,-2.2703657,0.5281485915184021,0.8921568393707275,0.08146292716264725
YML043C,YGL147C,0,-2.270615,0.5278422236442566,0.8921568393707275,0.08156312257051468
YGR123C,YMR161W,0,-2.2706764,0.5275362133979797,0.8921568393707275,0.08166332542896271
YJR089W,YJL069C,0,-2.270683,0.5272306203842163,0.8921568393707275,0.08176352828741074
YLR008C,YML024W,0,-2.2714672,0.5269253253936768,0.8921568393707275,0.08186373114585876
YJR134C,YMR263W,0,-2.2718256,0.5266203880310059,0.8921568393707275,0.0819639265537262
YDR331W,YHR079C-B,0,-2.2721412,0.5263158082962036,0.8921568393707275,0.08206412941217422
YCR054C,YOR005C,0,-2.2722714,0.52601158618927,0.8921568393707275,0.08216433227062225
YPL089C,YDR322C-A,0,-2.2727652,0.5257076621055603,0.8921568393707275,0.08226452767848969
YML077W,YLR221C,0,-2.2728267,0.525404155254364,0.8921568393707275,0.08236473053693771
YDL006W,YNL256W,0,-2.2728665,0.5251010060310364,0.8921568393707275,0.08246493339538574
YHR148W,YHR206W,0,-2.273833,0.5247981548309326,0.8921568393707275,0.08256512880325317
YBL054W,YDL212W,0,-2.273908,0.5244956612586975,0.8921568393707275,0.0826653316617012
YBR245C,YKL154W,0,-2.2739487,0.524193525314331,0.8921568393707275,0.08276553452014923
YDR165W,YMR070W,0,-2.274854,0.5238917469978333,0.8921568393707275,0.08286572992801666
YAL021C,YJR135W-A,0,-2.2752779,0.5235903263092041,0.8921568393707275,0.08296593278646469
YJL179W,YGL085W,0,-2.27605,0.5232892632484436,0.8921568393707275,0.08306613564491272
YBR043C,YHR178W,0,-2.2765574,0.522988498210907,0.8921568393707275,0.08316633105278015
YDR347W,YPR166C,0,-2.2767227,0.522688090801239,0.8921568393707275,0.08326653391122818
YHR203C,YLR421C,0,-2.2769613,0.5223880410194397,0.8921568393707275,0.08336673676967621
YOR132W,YPR081C,0,-2.2770998,0.522088348865509,0.8921568393707275,0.08346693217754364
YGR186W,YNL246W,0,-2.2773776,0.521789014339447,0.8921568393707275,0.08356713503599167
YLR307W,YNR049C,0,-2.279305,0.5214899778366089,0.8921568393707275,0.0836673378944397
YJL062W-A,YGR106C,0,-2.2793489,0.5211912989616394,0.8921568393707275,0.08376753330230713
YDR291W,YDR179C,0,-2.2794898,0.5208929777145386,0.8921568393707275,0.08386773616075516
YHR129C,YML093W,0,-2.2798467,0.5205949544906616,0.8921568393707275,0.08396793901920319
YMR116C,YDL030W,0,-2.2802691,0.5202972888946533,0.8921568393707275,0.08406813442707062
YJL115W,YIL093C,0,-2.2804337,0.5199999809265137,0.8921568393707275,0.08416833728551865
YER019W,YPL249C-A,0,-2.2805934,0.5197030305862427,0.8921568393707275,0.08426854014396667
YDR328C,YLR364W,0,-2.2807074,0.5194063782691956,0.8921568393707275,0.0843687355518341
YLL006W,YHR185C,0,-2.2807972,0.5191100835800171,0.8921568393707275,0.08446893841028214
YOR129C,YMR131C,0,-2.281085,0.5188141465187073,0.8921568393707275,0.08456914126873016
YGR124W,YBR166C,0,-2.2812052,0.5185185074806213,0.8921568393707275,0.0846693366765976
YJL127C,YHR184W,0,-2.2814956,0.518223226070404,0.8921568393707275,0.08476953953504562
YJR022W,YJR041C,1,-2.2837532,0.5184974670410156,0.8931372761726379,0.08476953953504562
YBR153W,YDR045C,0,-2.2850938,0.5182024836540222,0.8931372761726379,0.08486974239349365
YBR029C,YOR016C,0,-2.2860837,0.5179079174995422,0.8931372761726379,0.08496993780136108
YDL109C,YML075C,0,-2.286171,0.5176136493682861,0.8931372761726379,0.08507014065980911
YAL011W,YPL009C,0,-2.2868252,0.5173196792602539,0.8931372761726379,0.08517034351825714
YLL057C,YDR320C-A,0,-2.2870288,0.5170261263847351,0.8931372761726379,0.08527053892612457
YMR045C,YHR152W,0,-2.287199,0.5167328715324402,0.8931372761726379,0.0853707417845726
YHL031C,YDL166C,0,-2.2871995,0.5164399147033691,0.8931372761726379,0.08547094464302063
YBL026W,YGL123W,1,-2.2872226,0.5167138576507568,0.8941176533699036,0.08547094464302063
YDR092W,YIL145C,0,-2.2874274,0.5164213180541992,0.8941176533699036,0.08557114005088806
YLR057W,YGR027W-A,0,-2.2883232,0.5161290168762207,0.8941176533699036,0.08567134290933609
YDR105C,YKL199C,0,-2.2884147,0.5158371329307556,0.8941176533699036,0.08577154576778412
YLR432W,YBL035C,0,-2.2885065,0.5155454874038696,0.8941176533699036,0.08587174117565155
YOL140W,YJL090C,0,-2.2888305,0.5152542591094971,0.8941176533699036,0.08597194403409958
YOR073W,YDR190C,0,-2.2891998,0.5149632692337036,0.8941176533699036,0.08607214689254761
YDR128W,YGL029W,0,-2.2896428,0.5146726965904236,0.8941176533699036,0.08617234230041504
YHR094C,YJL113W,0,-2.289656,0.5143824219703674,0.8941176533699036,0.08627254515886307
YIL091C,YLR424W,0,-2.2911735,0.5140924453735352,0.8941176533699036,0.0863727480173111
YDL160C,YBL063W,0,-2.2916112,0.5138028264045715,0.8941176533699036,0.08647294342517853
YGR274C,YOR369C,0,-2.2916703,0.5135135054588318,0.8941176533699036,0.08657314628362656
YGR109W-A,YLR438C-A,0,-2.291869,0.5132245421409607,0.8941176533699036,0.08667334914207458
YDL184C,YHR141C,0,-2.2920358,0.5129358768463135,0.8941176533699036,0.08677354454994202
YOL142W,YJR022W,1,-2.2923586,0.5132096409797668,0.8950980305671692,0.08677354454994202
YPR137C-B,YGL005C,0,-2.2926693,0.5129213333129883,0.8950980305671692,0.08687374740839005
YKR081C,YCR058C,1,-2.293017,0.5131948590278625,0.8960784077644348,0.08687374740839005
YER060W-A,YDR176W,0,-2.293589,0.5129068493843079,0.8960784077644348,0.08697395026683807
YDR098C,YLR287C-A,0,-2.2935905,0.5126191973686218,0.8960784077644348,0.0870741456747055
YGR251W,YMR228W,1,-2.2938128,0.5128923654556274,0.8970588445663452,0.0870741456747055
YDR210W,YMR050C,0,-2.293995,0.5126050710678101,0.8970588445663452,0.08717434853315353
YCR058C,YDL148C,1,-2.2941673,0.5128779411315918,0.8980392217636108,0.08717434853315353
YDR210W-A,YDR322W,0,-2.294519,0.5125909447669983,0.8980392217636108,0.08727455139160156
YHR039C-B,YGR005C,0,-2.2947097,0.5123042464256287,0.8980392217636108,0.087374746799469
YKL160W,YLR405W,0,-2.2948902,0.5120179057121277,0.8980392217636108,0.08747494965791702
YER028C,YGR296W,0,-2.294958,0.5117318630218506,0.8980392217636108,0.08757515251636505
YIL030C,YJR093C,0,-2.2950363,0.5114461183547974,0.8980392217636108,0.08767534792423248
YIR021W,YNL244C,0,-2.295127,0.5111607313156128,0.8980392217636108,0.08777555078268051
YBL100W-A,YBL084C,0,-2.2952833,0.5108756422996521,0.8980392217636108,0.08787575364112854
YGL173C,YLR051C,1,-2.295313,0.5111482739448547,0.8990195989608765,0.08787575364112854
YGR075C,YPL051W,0,-2.2953205,0.5108634829521179,0.8990195989608765,0.08797594904899597
YLR145W,YNL061W,1,-2.295436,0.5111358761787415,0.8999999761581421,0.08797594904899597
YHR072W,YDR141C,0,-2.2955709,0.5108514428138733,0.8999999761581421,0.088076151907444
YDL153C,YCR058C,1,-2.2956083,0.5111234784126282,0.9009804129600525,0.088076151907444
YCL020W,YNL081C,0,-2.2959356,0.5108393430709839,0.9009804129600525,0.08817635476589203
YJR052W,YOR252W,0,-2.2973166,0.5105555653572083,0.9009804129600525,0.08827655017375946
YJL069C,YJR050W,0,-2.2974916,0.5102720856666565,0.9009804129600525,0.08837675303220749
YLL018C-A,YKL035W,0,-2.2979603,0.5099889039993286,0.9009804129600525,0.08847695589065552
YDR506C,YAL008W,0,-2.2983935,0.5097060203552246,0.9009804129600525,0.08857715129852295
YLR106C,YPL023C,0,-2.2990546,0.5094234943389893,0.9009804129600525,0.08867735415697098
YOL135C,YGR161W-A,0,-2.2996867,0.5091412663459778,0.9009804129600525,0.088777557015419
YHR170W,YER031C,0,-2.299748,0.5088593363761902,0.9009804129600525,0.08887775242328644
YLR002C,YDR541C,0,-2.2997632,0.5085777640342712,0.9009804129600525,0.08897795528173447
YFL041W,YHL009W-B,0,-2.2998106,0.5082964897155762,0.9009804129600525,0.0890781581401825
YGR274C,YHR166C,0,-2.3000748,0.5080154538154602,0.9009804129600525,0.08917835354804993
YDR073W,YLR337C,0,-2.3006654,0.5077348351478577,0.9009804129600525,0.08927855640649796
YOR312C,YGL258W-A,0,-2.3007126,0.5074544548988342,0.9009804129600525,0.08937875926494598
YLR410W,YDL038C,0,-2.3007126,0.5071743726730347,0.9009804129600525,0.08947895467281342
YLR343W,YOR396W,0,-2.3007126,0.5068946480751038,0.9009804129600525,0.08957915753126144
YDR179C,YOR396W,0,-2.3007126,0.5066152215003967,0.9009804129600525,0.08967936038970947
YMR230W,YOR396W,0,-2.3007126,0.5063360929489136,0.9009804129600525,0.0897795557975769
YKL220C,YLR035C-A,0,-2.3014436,0.5060572624206543,0.9009804129600525,0.08987975865602493
YER131W,YFL025C,0,-2.3020675,0.5057787299156189,0.9009804129600525,0.08997996151447296
YLR448W,YML025C,0,-2.3020692,0.5055005550384521,0.9009804129600525,0.0900801569223404
YKL160W,YKL137W,0,-2.3020952,0.5052226781845093,0.9009804129600525,0.09018035978078842
YGR096W,YDR359C,0,-2.3022456,0.5049450397491455,0.9009804129600525,0.09028056263923645
YDL193W,YER060W-A,0,-2.302394,0.5046677589416504,0.9009804129600525,0.09038075804710388
YML046W,YNL112W,0,-2.3042681,0.5043907761573792,0.9009804129600525,0.09048096090555191
YFL018C,YHR009C,0,-2.304433,0.5041140913963318,0.9009804129600525,0.09058116376399994
YER111C,YOL146W,0,-2.3052444,0.5038377046585083,0.9009804129600525,0.09068135917186737
YBL035C,YLL066C,0,-2.3056922,0.5035616159439087,0.9009804129600525,0.0907815620303154
YDL008W,YOR381W,0,-2.3058896,0.5032858848571777,0.9009804129600525,0.09088176488876343
YOL096C,YGL006W,0,-2.3059268,0.5030103921890259,0.9009804129600525,0.09098196029663086
YOL115W,YGR094W,0,-2.3064122,0.5027352571487427,0.9009804129600525,0.09108216315507889
YHR065C,YDR071C,0,-2.306439,0.5024603605270386,0.9009804129600525,0.09118236601352692
YDR291W,YGR027W-B,0,-2.3071108,0.5021858215332031,0.9009804129600525,0.09128256142139435
YLR022C,YJR022W,1,-2.3073618,0.5024576783180237,0.9019607901573181,0.09128256142139435
YDR363W,YEL077C,0,-2.3078256,0.5021833777427673,0.9019607901573181,0.09138276427984238
YPL235W,YPL082C,1,-2.3078642,0.5024549961090088,0.9029411673545837,0.09138276427984238
YKL199C,YOL027C,0,-2.3081973,0.5021810531616211,0.9029411673545837,0.0914829671382904
YKL006C-A,YIL145C,0,-2.3086095,0.5019073486328125,0.9029411673545837,0.09158316999673843
YCR016W,YKL211C,0,-2.3087382,0.5016340017318726,0.9029411673545837,0.09168336540460587
YDL098C,YLR126C,0,-2.3087702,0.5013608932495117,0.9029411673545837,0.0917835682630539
YKL110C,YBL072C,0,-2.3101745,0.5010881423950195,0.9029411673545837,0.09188377112150192
YNL243W,YBL100W-A,0,-2.3115277,0.5008156895637512,0.9029411673545837,0.09198396652936935
YGR245C,YGR027W-A,0,-2.311648,0.500543475151062,0.9029411673545837,0.09208416938781738
YHL009C,YOR229W,0,-2.3119812,0.5002716183662415,0.9029411673545837,0.09218437224626541
YGR076C,YBR030W,0,-2.3123817,0.5,0.9029411673545837,0.09228456765413284
YLR427W,YKL108W,0,-2.3125038,0.4997287094593048,0.9029411673545837,0.09238477051258087
YKR046C,YOR088W,0,-2.3125708,0.4994576871395111,0.9029411673545837,0.0924849733710289
YNL124W,YCR058C,1,-2.313274,0.4997290074825287,0.9039215445518494,0.0924849733710289
YML093W,YJL080C,0,-2.3140085,0.49945828318595886,0.9039215445518494,0.09258516877889633
YHR148W,YNL323W,0,-2.314992,0.4991878867149353,0.9039215445518494,0.09268537163734436
YHR210C,YOR192C-A,0,-2.315097,0.49891775846481323,0.9039215445518494,0.09278557449579239
YDR398W,YDR311W,0,-2.315105,0.49864792823791504,0.9039215445518494,0.09288576990365982
YDL201W,YDR261W-B,0,-2.3151937,0.49837836623191833,0.9039215445518494,0.09298597276210785
YDR119W,YHR129C,0,-2.3155947,0.4981091320514679,0.9039215445518494,0.09308617562055588
YIL147C,YNR032C-A,0,-2.3160348,0.49784016609191895,0.9039215445518494,0.09318637102842331
YMR264W,YJL207C,0,-2.316302,0.49757149815559387,0.9039215445518494,0.09328657388687134
YER140W,YLR196W,0,-2.3163354,0.4973031282424927,0.9039215445518494,0.09338677674531937
YJL013C,YLR068W,0,-2.3165977,0.49703502655029297,0.9039215445518494,0.0934869721531868
YPL237W,YOR127W,0,-2.3167512,0.4967672526836395,0.9039215445518494,0.09358717501163483
YLR067C,YLR367W,0,-2.3168435,0.4964997172355652,0.9039215445518494,0.09368737787008286
YDR175C,YDR177W,0,-2.3171754,0.4962325096130371,0.9039215445518494,0.09378757327795029
YBR100W,YML106W,0,-2.317267,0.4959655702114105,0.9039215445518494,0.09388777613639832
YDR257C,YBR055C,0,-2.3184187,0.4956989288330078,0.9039215445518494,0.09398797899484634
YKL025C,YHR063C,0,-2.318445,0.4954325556755066,0.9039215445518494,0.09408817440271378
YIL044C,YOL146W,0,-2.319009,0.49516648054122925,0.9039215445518494,0.0941883772611618
YIL004C,YNL001W,0,-2.319022,0.4949007034301758,0.9039215445518494,0.09428858011960983
YER102W,YGR272C,1,-2.3191805,0.4951716661453247,0.9049019813537598,0.09428858011960983
YJL056C,YLL066C,0,-2.3193884,0.49490615725517273,0.9049019813537598,0.09438877552747726
YDL102W,YOR320C,0,-2.3197286,0.49464094638824463,0.9049019813537598,0.09448897838592529
YMR092C,YPL006W,0,-2.3201742,0.494376003742218,0.9049019813537598,0.09458918124437332
YDR108W,YLR045C,0,-2.3202477,0.4941113591194153,0.9049019813537598,0.09468937665224075
YGR097W,YOL138C,0,-2.3211088,0.49384698271751404,0.9049019813537598,0.09478957951068878
YDR345C,YDL212W,0,-2.321641,0.4935828745365143,0.9049019813537598,0.09488978236913681
YDL155W,YGR191W,0,-2.3219557,0.4933190941810608,0.9049019813537598,0.09498997777700424
YBR181C,YBR228W,0,-2.3224382,0.4930555522441864,0.9049019813537598,0.09509018063545227
YGR121C,YDR511W,0,-2.3227024,0.4927923083305359,0.9049019813537598,0.0951903834939003
YKL179C,YOR396W,0,-2.3228574,0.49252936244010925,0.9049019813537598,0.09529057890176773
YOL077C,YNR011C,0,-2.3237412,0.4922666549682617,0.9049019813537598,0.09539078176021576
YLR283W,YJR135W-A,0,-2.3241782,0.49200427532196045,0.9049019813537598,0.09549098461866379
YAR042W,YHR202W,0,-2.3245401,0.4917421340942383,0.9049019813537598,0.09559118002653122
YNL275W,YNR054C,0,-2.3247457,0.49148029088974,0.9049019813537598,0.09569138288497925
YIL031W,YOL133W,0,-2.3248544,0.4912187457084656,0.9049019813537598,0.09579158574342728
YER159C-A,YJL047C,0,-2.3251035,0.49095743894577026,0.9049019813537598,0.09589178115129471
YMR236W,YJL108C,0,-2.3255804,0.49069643020629883,0.9049019813537598,0.09599198400974274
YGL097W,YGR272C,1,-2.3262763,0.4909670650959015,0.9058823585510254,0.09599198400974274
YJL138C,YLR215C,0,-2.3262804,0.49070632457733154,0.9058823585510254,0.09609218686819077
YOR048C,YGR272C,1,-2.3265138,0.49097663164138794,0.906862735748291,0.09609218686819077
YOR240W,YDR231C,0,-2.326723,0.49071618914604187,0.906862735748291,0.0961923822760582
YOR326W,YDR365W-B,0,-2.326973,0.4904559850692749,0.906862735748291,0.09629258513450623
YDR316W-B,YPR003C,0,-2.327028,0.4901960790157318,0.906862735748291,0.09639278799295425
YBR012W-B,YDR365W-B,0,-2.327416,0.4899364411830902,0.906862735748291,0.09649298340082169
YDR224C,YJL097W,0,-2.3274689,0.4896770715713501,0.906862735748291,0.09659318625926971
YBR265W,YLR045C,0,-2.3276343,0.48941799998283386,0.906862735748291,0.09669338911771774
YPR022C,YDR408C,0,-2.3277564,0.48915916681289673,0.906862735748291,0.09679358452558517
YML110C,YDL110C,0,-2.3289843,0.48890063166618347,0.906862735748291,0.0968937873840332
YER060W-A,YOR321W,0,-2.329608,0.4886423647403717,0.906862735748291,0.09699399024248123
YPR017C,YOL039W,0,-2.329904,0.4883843660354614,0.906862735748291,0.09709418565034866
YOR328W,YLR157C-B,0,-2.3304522,0.48812663555145264,0.906862735748291,0.09719438850879669
YLR035C-A,YLR439W,0,-2.3310323,0.4878692030906677,0.906862735748291,0.09729459136724472
YLR061W,YLR342W,0,-2.3311968,0.4876120090484619,0.906862735748291,0.09739478677511215
YER006W,YMR161W,0,-2.3314853,0.48735511302948,0.906862735748291,0.09749498963356018
YLR284C,YHL021C,0,-2.3317976,0.48709848523139954,0.906862735748291,0.09759519249200821
YDR450W,YBR231C,0,-2.3319316,0.4868420958518982,0.906862735748291,0.09769538789987564
YOL027C,YJR150C,0,-2.3320842,0.4865860044956207,0.906862735748291,0.09779559075832367
YPL257W-A,YOR192C-A,0,-2.3330967,0.48633018136024475,0.906862735748291,0.0978957936167717
YGL133W,YHL047C,0,-2.3333519,0.48607462644577026,0.906862735748291,0.09799598902463913
YDR210W-B,YFL047W,0,-2.3335476,0.48581933975219727,0.906862735748291,0.09809619188308716
YCL026C-A,YLR427W,0,-2.3337798,0.48556429147720337,0.906862735748291,0.09819639474153519
YJR160C,YKL211C,0,-2.3345265,0.48530954122543335,0.906862735748291,0.09829659014940262
YFR041C,YIL034C,0,-2.335525,0.4850550591945648,0.906862735748291,0.09839679300785065
YHR206W,YDR111C,0,-2.3356085,0.4848008453845978,0.906862735748291,0.09849699586629868
YFR049W,YOL096C,0,-2.3360562,0.48454686999320984,0.906862735748291,0.09859719127416611
YIL172C,YOL154W,0,-2.3372304,0.4842931926250458,0.906862735748291,0.09869739413261414
YIL075C,YLR096W,0,-2.3374584,0.4840397834777832,0.906862735748291,0.09879759699106216
YNL206C,YNL209W,0,-2.3377283,0.48378661274909973,0.906862735748291,0.0988977923989296
YPL144W,YLR438C-A,0,-2.3377676,0.48353371024131775,0.906862735748291,0.09899799525737762
YHL015W,YDR378C,1,-2.3390102,0.48380354046821594,0.9078431129455566,0.09899799525737762
YER159C-A,YBL046W,0,-2.3398008,0.48355090618133545,0.9078431129455566,0.09909819811582565
YDL081C,YNR051C,0,-2.3401284,0.48329854011535645,0.9078431129455566,0.09919839352369308
YGR062C,YKR085C,0,-2.3402214,0.48304641246795654,0.9078431129455566,0.09929859638214111
YJL073W,YOL033W,0,-2.340251,0.4827945828437805,0.9078431129455566,0.09939879924058914
YGR154C,YDR034C-C,0,-2.340366,0.4825429916381836,0.9078431129455566,0.09949899464845657
YJL021C,YLR119W,0,-2.3405256,0.48229166865348816,0.9078431129455566,0.0995991975069046
YNL163C,YCR035C,1,-2.341714,0.4825611710548401,0.908823549747467,0.0995991975069046
YIL096C,YDR377W,0,-2.3417606,0.48231008648872375,0.908823549747467,0.09969940036535263
YBR122C,YMR264W,0,-2.3426542,0.4820592701435089,0.908823549747467,0.09979959577322006
YNL217W,YIL008W,0,-2.3433852,0.48180872201919556,0.908823549747467,0.09989979863166809
YOR384W,YPR158W-B,0,-2.3435113,0.4815584421157837,0.908823549747467,0.10000000149011612
YBL101W-A,YER065C,0,-2.343545,0.4813084006309509,0.908823549747467,0.10010019689798355
YDR489W,YPL212C,0,-2.3437395,0.48105862736701965,0.908823549747467,0.10020039975643158
YGR203W,YER039C,0,-2.3438845,0.48080912232398987,0.908823549747467,0.10030060261487961
YDL154W,YDR349C,0,-2.344849,0.4805598855018616,0.908823549747467,0.10040079802274704
YBR142W,YFL037W,0,-2.3454893,0.4803108870983124,0.908823549747467,0.10050100088119507
YDR325W,YPL081W,0,-2.3455834,0.4800621569156647,0.908823549747467,0.1006012037396431
YDR450W,YCR027C,0,-2.345614,0.47981366515159607,0.908823549747467,0.10070139914751053
YML065W,YLR157C-B,0,-2.3457744,0.47956544160842896,0.908823549747467,0.10080160200595856
YPL215W,YOL071W,0,-2.3460605,0.47931748628616333,0.908823549747467,0.10090180486440659
YOR346W,YNR011C,0,-2.3461275,0.4790697693824768,0.908823549747467,0.10100200772285461
YDR524C,YHR079C-B,0,-2.3470097,0.4788223206996918,0.908823549747467,0.10110220313072205
YER159C-A,YER177W,0,-2.3470442,0.47857511043548584,0.908823549747467,0.10120240598917007
YGR220C,YHR141C,0,-2.3472211,0.4783281683921814,0.908823549747467,0.1013026088476181
YDR117C,YGR027W-B,0,-2.3472865,0.47808149456977844,0.908823549747467,0.10140280425548553
YIL038C,YLL021W,0,-2.347598,0.4778350591659546,0.908823549747467,0.10150300711393356
YKR049C,YGL045W,0,-2.3477123,0.47758886218070984,0.908823549747467,0.10160320997238159
YFR024C,YBR104W,0,-2.347815,0.4773429334163666,0.908823549747467,0.10170340538024902
YCR058C,YML127W,1,-2.3478549,0.4776119291782379,0.9098039269447327,0.10170340538024902
YKL101W,YDL164C,0,-2.3491862,0.47736626863479614,0.9098039269447327,0.10180360823869705
YGR158C,YHR107C,0,-2.349554,0.4771208167076111,0.9098039269447327,0.10190381109714508
YKR057W,YAL033W,1,-2.350443,0.47738951444625854,0.9107843041419983,0.10190381109714508
YJL062W-A,YOL058W,0,-2.350467,0.477144330739975,0.9107843041419983,0.10200400650501251
YGR027W-B,YPR199C,0,-2.3509498,0.4768993854522705,0.9107843041419983,0.10210420936346054
YPR017C,YER139C,0,-2.3510137,0.47665470838546753,0.9107843041419983,0.10220441222190857
YER159C,YNL199C,0,-2.3520195,0.47641026973724365,0.9107843041419983,0.102304607629776
YDR488C,YOR088W,0,-2.3521771,0.4761660695075989,0.9107843041419983,0.10240481048822403
YDR050C,YKL181W,0,-2.3523242,0.4759221374988556,0.9107843041419983,0.10250501334667206
YHR154W,YHR026W,0,-2.352366,0.4756784439086914,0.9107843041419983,0.10260520875453949
YML031W,YOR242C,0,-2.352513,0.4754350185394287,0.9107843041419983,0.10270541161298752
YGL130W,YML082W,0,-2.3532004,0.47519180178642273,0.9107843041419983,0.10280561447143555
YJR029W,YGR181W,0,-2.353528,0.4749488830566406,0.9107843041419983,0.10290580987930298
YNR052C,YNL199C,0,-2.3536158,0.47470617294311523,0.9107843041419983,0.10300601273775101
YNL113W,YLR361C,0,-2.3536954,0.47446373105049133,0.9107843041419983,0.10310621559619904
YDR176W,YOR320C,0,-2.3537676,0.47422152757644653,0.9107843041419983,0.10320641100406647
YPR102C,YJL074C,0,-2.3539853,0.4739795923233032,0.9107843041419983,0.1033066138625145
YNL305C,YDR034C-C,0,-2.3541155,0.473737895488739,0.9107843041419983,0.10340681672096252
YKL048C,YJL216C,0,-2.3541424,0.4734964370727539,0.9107843041419983,0.10350701212882996
YHL026C,YML121W,0,-2.3555303,0.4732552170753479,0.9107843041419983,0.10360721498727798
YDR075W,YHR084W,0,-2.35557,0.4730142652988434,0.9107843041419983,0.10370741784572601
YOR240W,YBR083W,0,-2.3564296,0.4727735221385956,0.9107843041419983,0.10380761325359344
YDR210W,YDR176W,0,-2.3568006,0.47253304719924927,0.9107843041419983,0.10390781611204147
YDR446W,YPL254W,0,-2.3572395,0.47229284048080444,0.9107843041419983,0.1040080189704895
YDR098C-B,YGL002W,0,-2.357314,0.47205284237861633,0.9107843041419983,0.10410821437835693
YBR087W,YAL009W,0,-2.3573413,0.4718131124973297,0.9107843041419983,0.10420841723680496
YOR058C,YDR141C,0,-2.3575652,0.4715735912322998,0.9107843041419983,0.10430862009525299
YNR050C,YKR048C,0,-2.3577757,0.4713343381881714,0.9107843041419983,0.10440881550312042
YOL051W,YPL257W-A,0,-2.3578053,0.47109532356262207,0.9107843041419983,0.10450901836156845
YDR365W-A,YPL015C,0,-2.3582997,0.47085657715797424,0.9107843041419983,0.10460922122001648
YGL136C,YFL002C,1,-2.358851,0.4711246192455292,0.9117646813392639,0.10460922122001648
YNR070W,YOR195W,0,-2.3588514,0.47088608145713806,0.9117646813392639,0.10470941662788391
YPL181W,YLR052W,0,-2.3591537,0.47064778208732605,0.9117646813392639,0.10480961948633194
YHL031C,YBR012W-A,0,-2.3593178,0.47040972113609314,0.9117646813392639,0.10490982234477997
YGR203W,YPL049C,0,-2.3593693,0.47017189860343933,0.9117646813392639,0.1050100177526474
YHR017W,YBR104W,0,-2.3598924,0.4699343144893646,0.9117646813392639,0.10511022061109543
YNL099C,YML018C,0,-2.361086,0.469696968793869,0.9117646813392639,0.10521042346954346
YDR098C-B,YMR036C,0,-2.361086,0.4694598615169525,0.9117646813392639,0.10531061887741089
YGL173C,YOL021C,1,-2.3614054,0.4697275459766388,0.9127451181411743,0.10531061887741089
YJL008C,YNL327W,0,-2.3616304,0.4694906771183014,0.9127451181411743,0.10541082173585892
YNL154C,YMR274C,0,-2.3620415,0.4692540466785431,0.9127451181411743,0.10551102459430695
YLL052C,YPL234C,0,-2.3622537,0.4690176248550415,0.9127451181411743,0.10561122000217438
YER144C,YGL087C,0,-2.3623922,0.4687814712524414,0.9127451181411743,0.1057114228606224
YPL130W,YKR078W,0,-2.363062,0.4685455560684204,0.9127451181411743,0.10581162571907043
YDL081C,YDL112W,0,-2.3634915,0.46830984950065613,0.9127451181411743,0.10591182112693787
YJL018W,YFR024C,0,-2.3643444,0.46807441115379333,0.9127451181411743,0.1060120239853859
YPL198W,YGR161C-C,0,-2.3647022,0.46783918142318726,0.9127451181411743,0.10611222684383392
YDR385W,YJL115W,0,-2.3647642,0.46760421991348267,0.9127451181411743,0.10621242225170135
YLR196W,YOL103W-A,0,-2.3649795,0.4673694670200348,0.9127451181411743,0.10631262511014938
YCR089W,YGR097W,0,-2.3650026,0.4671349823474884,0.9127451181411743,0.10641282796859741
YFL002C,YGR262C,0,-2.3658795,0.46690070629119873,0.9127451181411743,0.10651302337646484
YNL330C,YHL009W-A,0,-2.3659818,0.46666666865348816,0.9127451181411743,0.10661322623491287
YDR206W,YHR158C,0,-2.3664644,0.4664328694343567,0.9127451181411743,0.1067134290933609
YER159C,YIL064W,0,-2.3667796,0.4661993086338043,0.9127451181411743,0.10681362450122833
YCR072C,YML127W,0,-2.3668742,0.46596595644950867,0.9127451181411743,0.10691382735967636
YOR278W,YLR227W-A,0,-2.3669038,0.4657328724861145,0.9127451181411743,0.10701403021812439
YPL053C,YMR048W,0,-2.3669834,0.46549999713897705,0.9127451181411743,0.10711422562599182
YLR118C,YBL101W-A,0,-2.3679385,0.4652673602104187,0.9127451181411743,0.10721442848443985
YDL175C,YLR051C,0,-2.3680453,0.46503496170043945,0.9127451181411743,0.10731463134288788
YLL016W,YDR377W,0,-2.3680995,0.4648028016090393,0.9127451181411743,0.10741482675075531
YIL162W,YDR210W-B,0,-2.3681324,0.4645708501338959,0.9127451181411743,0.10751502960920334
YER088C,YDR034C-C,0,-2.368713,0.46433916687965393,0.9127451181411743,0.10761523246765137
YHR025W,YMR216C,0,-2.3688698,0.4641076624393463,0.9127451181411743,0.1077154278755188
YDL236W,YOL092W,0,-2.3690197,0.4638764262199402,0.9127451181411743,0.10781563073396683
YJL189W,YGL063W,0,-2.3692293,0.46364542841911316,0.9127451181411743,0.10791583359241486
YIL011W,YBL099W,0,-2.3693066,0.46341463923454285,0.9127451181411743,0.10801602900028229
YGL029W,YKL208W,1,-2.369526,0.46368157863616943,0.9137254953384399,0.10801602900028229
YML043C,YBR295W,0,-2.370448,0.4634510278701782,0.9137254953384399,0.10811623185873032
YDR247W,YDR034C-D,0,-2.3705332,0.4632206857204437,0.9137254953384399,0.10821643471717834
YDR293C,YOL113W,0,-2.3711343,0.46299055218696594,0.9137254953384399,0.10831663012504578
YNR053C,YGR129W,0,-2.371492,0.46276068687438965,0.9137254953384399,0.1084168329834938
YNL197C,YGL135W,0,-2.3715456,0.46253103017807007,0.9137254953384399,0.10851703584194183
YDR091C,YCR058C,1,-2.3716676,0.462797611951828,0.9147058725357056,0.10851703584194183
YGL090W,YNR032C-A,0,-2.371671,0.46256816387176514,0.9147058725357056,0.10861723124980927
YAR044W,YNL097C,0,-2.3717587,0.46233895421028137,0.9147058725357056,0.1087174341082573
YBR094W,YCL030C,0,-2.3720028,0.4621099531650543,0.9147058725357056,0.10881763696670532
YCR048W,YDL210W,0,-2.3720534,0.46188119053840637,0.9147058725357056,0.10891783237457275
YIL078W,YBL063W,0,-2.372196,0.46165263652801514,0.9147058725357056,0.10901803523302078
YGR109W-A,YAL007C,0,-2.3723452,0.461424320936203,0.9147058725357056,0.10911823809146881
YJL054W,YKR092C,0,-2.3731027,0.46119624376296997,0.9147058725357056,0.10921843349933624
YCR066W,YBR236C,0,-2.3739595,0.46096837520599365,0.9147058725357056,0.10931863635778427
YHR062C,YIL053W,0,-2.3741698,0.46074074506759644,0.9147058725357056,0.1094188392162323
YOR243C,YLR059C,1,-2.3742504,0.46100690960884094,0.9156862497329712,0.1094188392162323
YOL121C,YPL168W,0,-2.3746946,0.46077948808670044,0.9156862497329712,0.10951903462409973
YJL096W,YNR040W,0,-2.3747287,0.46055227518081665,0.9156862497329712,0.10961923748254776
YHR214C-C,YER184C,0,-2.3752313,0.4603252708911896,0.9156862497329712,0.10971944034099579
YHL026C,YOR343W-A,0,-2.3756328,0.460098534822464,0.9156862497329712,0.10981963574886322
YGL022W,YHL009W-A,0,-2.3757167,0.45987197756767273,0.9156862497329712,0.10991983860731125
YBR180W,YJL168C,0,-2.3759704,0.45964565873146057,0.9156862497329712,0.11002004146575928
YML058W,YPL031C,0,-2.3762922,0.4594195783138275,0.9156862497329712,0.11012023687362671
YHR072W-A,YFR050C,0,-2.3768575,0.45919370651245117,0.9156862497329712,0.11022043973207474
YMR110C,YIL010W,0,-2.3770647,0.45896807312965393,0.9156862497329712,0.11032064259052277
YMR228W,YKL021C,1,-2.3773444,0.4592337906360626,0.9166666865348816,0.11032064259052277
YDR520C,YDR468C,0,-2.3774612,0.4590083360671997,0.9166666865348816,0.1104208379983902
YPL214C,YDL079C,0,-2.3775096,0.4587831199169159,0.9166666865348816,0.11052104085683823
YOL001W,YAL059W,0,-2.3776965,0.4585581123828888,0.9166666865348816,0.11062124371528625
YDR034C-D,YPL168W,0,-2.3777122,0.4583333432674408,0.9166666865348816,0.11072144657373428
YDR261C-C,YHR129C,0,-2.3777702,0.4581087827682495,0.9166666865348816,0.11082164198160172
YOR337W,YCR028C,0,-2.3777823,0.45788443088531494,0.9166666865348816,0.11092184484004974
YPL155C,YDR121W,0,-2.378189,0.4576603174209595,0.9166666865348816,0.11102204769849777
YOL156W,YBR162C,0,-2.3783698,0.4574364125728607,0.9166666865348816,0.1111222431063652
YBR094W,YDR367W,0,-2.3786812,0.4572127163410187,0.9166666865348816,0.11122244596481323
YDL064W,YPL225W,0,-2.3788862,0.45698925852775574,0.9166666865348816,0.11132264882326126
YBR201W,YML033W,0,-2.379126,0.4567660093307495,0.9166666865348816,0.11142284423112869
YOR088W,YBR295W,0,-2.3797102,0.45654296875,0.9166666865348816,0.11152304708957672
YHR065C,YMR190C,0,-2.3807974,0.4563201665878296,0.9166666865348816,0.11162324994802475
YKR025W,YNR070W,0,-2.3809586,0.4560975730419159,0.9166666865348816,0.11172344535589218
YNL054W-B,YDR320C,0,-2.3815079,0.4558751881122589,0.9166666865348816,0.11182364821434021
YGL136C,YJL109C,1,-2.3818498,0.45614033937454224,0.9176470637321472,0.11182364821434021
YDL114W,YGR161C-D,0,-2.3821194,0.45591816306114197,0.9176470637321472,0.11192385107278824
YDL119C,YDR424C,0,-2.3821979,0.4556961953639984,0.9176470637321472,0.11202404648065567
YBL101W-A,YBR046C,0,-2.3825774,0.45547446608543396,0.9176470637321472,0.1121242493391037
YKL195W,YJR102C,0,-2.3826907,0.45525291562080383,0.9176470637321472,0.11222445219755173
YPR057W,YOL139C,0,-2.38316,0.4550316035747528,0.9176470637321472,0.11232464760541916
YBR054W,YIL155C,0,-2.3833175,0.4548105001449585,0.9176470637321472,0.11242485046386719
YIR026C,YFR024C,0,-2.383404,0.4545896053314209,0.9176470637321472,0.11252505332231522
YGL179C,YHL009W-B,0,-2.383415,0.45436891913414,0.9176470637321472,0.11262524873018265
YKR031C,YDR234W,0,-2.3835392,0.45414847135543823,0.9176470637321472,0.11272545158863068
YLR266C,YNL062C,0,-2.383575,0.45392823219299316,0.9176470637321472,0.1128256544470787
YDR098C-B,YBR060C,0,-2.3837094,0.4537082016468048,0.9176470637321472,0.11292584985494614
YDR051C,YPR143W,0,-2.3838282,0.45348837971687317,0.9176470637321472,0.11302605271339417
YFL037W,YJL041W,0,-2.3839798,0.45326876640319824,0.9176470637321472,0.1131262555718422
YBR131W,YDR078C,0,-2.3840532,0.45304936170578003,0.9176470637321472,0.11322645097970963
YLR011W,YPL058C,0,-2.3848217,0.4528301954269409,0.9176470637321472,0.11332665383815765
YOR175C,YNL024C,0,-2.3848739,0.45261120796203613,0.9176470637321472,0.11342685669660568
YGL061C,YER170W,0,-2.3853211,0.45239245891571045,0.9176470637321472,0.11352705210447311
YBR079C,YNR032C-A,0,-2.3853407,0.4521739184856415,0.9176470637321472,0.11362725496292114
YCR070W,YLR064W,0,-2.3854244,0.4519555866718292,0.9176470637321472,0.11372745782136917
YLR157C-A,YLR405W,0,-2.3854985,0.4517374634742737,0.9176470637321472,0.1138276532292366
YDR320C-A,YNL119W,0,-2.3858452,0.45151954889297485,0.9176470637321472,0.11392785608768463
YLR200W,YDR365W-B,0,-2.3859959,0.45130184292793274,0.9176470637321472,0.11402805894613266
YHL003C,YNL046W,0,-2.3864558,0.45108434557914734,0.9176470637321472,0.11412825435400009
YDR320C-A,YDR346C,0,-2.386833,0.45086705684661865,0.9176470637321472,0.11422845721244812
YGR067C,YDR098C-A,0,-2.3872871,0.4506499767303467,0.9176470637321472,0.11432866007089615
YDR087C,YCR058C,1,-2.3875217,0.4509143531322479,0.9186274409294128,0.11432866007089615
YDR320C-A,YDR079C-A,0,-2.3877215,0.4506974518299103,0.9186274409294128,0.11442885547876358
YER023W,YOL125W,0,-2.387999,0.45048075914382935,0.9186274409294128,0.11452905833721161
YBR012W-A,YDR194C,0,-2.3883212,0.4502643048763275,0.9186274409294128,0.11462926119565964
YML026C,YLR059C,1,-2.388474,0.4505283236503601,0.9196078181266785,0.11462926119565964
YHR039C-B,YER036C,0,-2.3895633,0.4503120481967926,0.9196078181266785,0.11472945660352707
YJL184W,YAL044C,0,-2.3895733,0.4500959813594818,0.9196078181266785,0.1148296594619751
YBR043C,YPL172C,0,-2.3897994,0.44988009333610535,0.9196078181266785,0.11492986232042313
YCR072C,YMR050C,0,-2.3898091,0.449664443731308,0.9196078181266785,0.11503005772829056
YKL113C,YHR073W,0,-2.3902526,0.44944897294044495,0.9196078181266785,0.11513026058673859
YLR242C,YDL038C,0,-2.3904598,0.4492337107658386,0.9196078181266785,0.11523046344518661
YOL086W-A,YJR046W,0,-2.3904598,0.449018657207489,0.9196078181266785,0.11533065885305405
YOR178C,YGL258W-A,0,-2.3904598,0.4488038420677185,0.9196078181266785,0.11543086171150208
YOL086W-A,YPL246C,0,-2.3904598,0.4485892057418823,0.9196078181266785,0.1155310645699501
YGR249W,YGL258W-A,0,-2.3904598,0.44837474822998047,0.9196078181266785,0.11563125997781754
YOL086W-A,YGR275W,0,-2.3904598,0.4481605291366577,0.9196078181266785,0.11573146283626556
YOL086W-A,YOR270C,0,-2.3904598,0.4479465186595917,0.9196078181266785,0.11583166569471359
YOR088W,YOL078W,0,-2.3904598,0.44773268699645996,0.9196078181266785,0.11593186110258102
YOL086W-A,YEL032W,0,-2.3904598,0.44751909375190735,0.9196078181266785,0.11603206396102905
YOL086W-A,YER143W,0,-2.3904598,0.44730567932128906,0.9196078181266785,0.11613226681947708
YCR031C,YDL038C,0,-2.3904598,0.4470924735069275,0.9196078181266785,0.11623246222734451
YOL086W-A,YDL239C,0,-2.3904598,0.44687947630882263,0.9196078181266785,0.11633266508579254
YLR466W,YOR396W,0,-2.3904598,0.4466666579246521,0.9196078181266785,0.11643286794424057
YER026C,YDL038C,0,-2.3904598,0.44645407795906067,0.9196078181266785,0.116533063352108
YPR186C,YLR215C,0,-2.3909683,0.44624167680740356,0.9196078181266785,0.11663326621055603
YNR043W,YLR157C-A,0,-2.390998,0.4460294842720032,0.9196078181266785,0.11673346906900406
YNL147W,YER125W,1,-2.391066,0.44629278779029846,0.9205882549285889,0.11673346906900406
YNL286W,YPL103C,0,-2.3917885,0.4460807740688324,0.9205882549285889,0.11683366447687149
YER133W,YGR027W-A,0,-2.3917892,0.44586893916130066,0.9205882549285889,0.11693386733531952
YDR397C,YOL016C,0,-2.3918366,0.445657342672348,0.9205882549285889,0.11703407019376755
YER018C,YOL138C,0,-2.3920133,0.4454459249973297,0.9205882549285889,0.11713426560163498
YMR228W,YGL171W,1,-2.3921452,0.44570887088775635,0.9215686321258545,0.11713426560163498
YOR241W,YLR086W,0,-2.3930519,0.44549763202667236,0.9215686321258545,0.11723446846008301
YDR316W-B,YHR037W,0,-2.393663,0.4452866017818451,0.9215686321258545,0.11733467131853104
YDL020C,YHL009W-A,0,-2.3939178,0.44507575035095215,0.9215686321258545,0.11743486672639847
YGR060W,YGR109C,0,-2.3941727,0.4448651075363159,0.9215686321258545,0.1175350695848465
YDR330W,YOL071W,0,-2.3945768,0.4446546733379364,0.9215686321258545,0.11763527244329453
YKL010C,YKL004W,0,-2.394617,0.4444444477558136,0.9215686321258545,0.11773546785116196
YJL020C,YLR332W,0,-2.3947535,0.4442344009876251,0.9215686321258545,0.11783567070960999
YDL103C,YDL130W-A,0,-2.3950093,0.44402456283569336,0.9215686321258545,0.11793587356805801
YNL330C,YLL062C,0,-2.3954587,0.4438149333000183,0.9215686321258545,0.11803606897592545
YOR010C,YEL044W,0,-2.3958035,0.4436054825782776,0.9215686321258545,0.11813627183437347
YLR212C,YMR125W,0,-2.3959992,0.4433962404727936,0.9215686321258545,0.1182364746928215
YOR002W,YLR157C-A,0,-2.3961244,0.4431871771812439,0.9215686321258545,0.11833667010068893
YDR316W-B,YLR298C,0,-2.3969283,0.4429783225059509,0.9215686321258545,0.11843687295913696
YNL315C,YLR214W,0,-2.397873,0.4427696764469147,0.9215686321258545,0.11853707581758499
YNL216W,YIL066C,0,-2.3978844,0.44256120920181274,0.9215686321258545,0.11863727122545242
YBR257W,YPL235W,1,-2.3980653,0.44282352924346924,0.9225490093231201,0.11863727122545242
YPL060C-A,YOR103C,0,-2.3981237,0.44261524081230164,0.9225490093231201,0.11873747408390045
YML106W,YML133C,0,-2.3981524,0.44240716099739075,0.9225490093231201,0.11883767694234848
YEL059C-A,YOR368W,0,-2.3984807,0.4421992599964142,0.9225490093231201,0.11893787235021591
YFL002C,YCR003W,0,-2.3987372,0.44199153780937195,0.9225490093231201,0.11903807520866394
YDR465C,YMR199W,0,-2.399488,0.4417840242385864,0.9225490093231201,0.11913827806711197
YLR147C,YNL003C,0,-2.399658,0.4415767192840576,0.9225490093231201,0.1192384734749794
YBR014C,YOL071W,0,-2.3999333,0.44136959314346313,0.9225490093231201,0.11933867633342743
YPL212C,YKR039W,0,-2.400226,0.44116267561912537,0.9225490093231201,0.11943887919187546
YLR376C,YJR067C,0,-2.400404,0.4409559369087219,0.9225490093231201,0.11953907459974289
YER019W,YCR070W,0,-2.4006524,0.4407494068145752,0.9225490093231201,0.11963927745819092
YOL121C,YOR101W,0,-2.4007154,0.4405430853366852,0.9225490093231201,0.11973948031663895
YMR224C,YGR152C,0,-2.400931,0.4403369128704071,0.9225490093231201,0.11983967572450638
YKR080W,YJL069C,0,-2.4014976,0.44013094902038574,0.9225490093231201,0.1199398785829544
YNL162W,YOL005C,0,-2.4015348,0.4399251937866211,0.9225490093231201,0.12004008144140244
YIR023W,YPL254W,0,-2.4018888,0.43971961736679077,0.9225490093231201,0.12014027684926987
YKL183W,YML081W,0,-2.4019146,0.43951424956321716,0.9225490093231201,0.1202404797077179
YPR158W-B,YDR287W,0,-2.4023504,0.4393090605735779,0.9225490093231201,0.12034068256616592
YJR009C,YLL050C,0,-2.403576,0.4391040503978729,0.9225490093231201,0.12044088542461395
YPR061C,YPL236C,0,-2.403667,0.4388992488384247,0.9225490093231201,0.12054108083248138
YLR272C,YDR495C,0,-2.4045959,0.43869462609291077,0.9225490093231201,0.12064128369092941
YDR012W,YCL012W,0,-2.4047265,0.43849021196365356,0.9225490093231201,0.12074148654937744
YOR256C,YNL036W,0,-2.4047744,0.4382859766483307,0.9225490093231201,0.12084168195724487
YER027C,YLR413W,0,-2.4049988,0.4380819499492645,0.9225490093231201,0.1209418848156929
YOL021C,YJR022W,1,-2.4050112,0.4383434057235718,0.9235293865203857,0.1209418848156929
YHR118C,YDR375C,0,-2.4051952,0.43813952803611755,0.9235293865203857,0.12104208767414093
YNL147W,YML093W,1,-2.4054966,0.4384007453918457,0.9245098233222961,0.12104208767414093
YLR181C,YGL243W,0,-2.4062285,0.4381970167160034,0.9245098233222961,0.12114228308200836
YIL049W,YBR210W,0,-2.4063668,0.43799349665641785,0.9245098233222961,0.12124248594045639
YER159C-A,YBR244W,0,-2.407687,0.4377901554107666,0.9245098233222961,0.12134268879890442
YJR010C-A,YJL062W,0,-2.4080215,0.4375869929790497,0.9245098233222961,0.12144288420677185
YPR048W,YLL053C,0,-2.408165,0.4373840391635895,0.9245098233222961,0.12154308706521988
YEL044W,YCL011C,0,-2.4085743,0.4371812641620636,0.9245098233222961,0.12164328992366791
YMR060C,YMR001C,0,-2.4086318,0.43697869777679443,0.9245098233222961,0.12174348533153534
YGR178C,YLR276C,0,-2.4087877,0.4367762804031372,0.9245098233222961,0.12184368818998337
YNL213C,YDR034C-C,0,-2.408897,0.4365740716457367,0.9245098233222961,0.1219438910484314
YNL054W-A,YGL189C,0,-2.4090729,0.4363720417022705,0.9245098233222961,0.12204408645629883
YDR352W,YOR192C-A,0,-2.4091167,0.43617022037506104,0.9245098233222961,0.12214428931474686
YLR157C-B,YOL077C,0,-2.409204,0.4359685480594635,0.9245098233222961,0.12224449217319489
YNL279W,YLR023C,0,-2.409275,0.4357670843601227,0.9245098233222961,0.12234468758106232
YKL176C,YER110C,0,-2.4093976,0.4355658292770386,0.9245098233222961,0.12244489043951035
YNR055C,YPR097W,0,-2.4100873,0.4353647232055664,0.9245098233222961,0.12254509329795837
YOL061W,YKL045W,0,-2.4101722,0.43516382575035095,0.9245098233222961,0.1226452887058258
YML104C,YDL213C,0,-2.4102857,0.4349631071090698,0.9245098233222961,0.12274549156427383
YBR034C,YAR010C,0,-2.410388,0.434762567281723,0.9245098233222961,0.12284569442272186
YPL174C,YML125C,0,-2.410411,0.43456220626831055,0.9245098233222961,0.1229458898305893
YPR097W,YDR261C-C,0,-2.4107223,0.4343620538711548,0.9245098233222961,0.12304609268903732
YMR021C,YDR034C-D,0,-2.4107435,0.43416205048561096,0.9245098233222961,0.12314629554748535
YNL065W,YNL229C,0,-2.4109247,0.43396225571632385,0.9245098233222961,0.12324649095535278
YLL035W,YDL058W,0,-2.4110732,0.43376263976097107,0.9245098233222961,0.12334669381380081
YDR320C-A,YML078W,0,-2.4115415,0.433563232421875,0.9245098233222961,0.12344689667224884
YKL004W,YDL006W,0,-2.411653,0.43336397409439087,0.9245098233222961,0.12354709208011627
YBR132C,YHL009W-A,0,-2.4121323,0.43316489458084106,0.9245098233222961,0.1236472949385643
YMR080C,YPR166C,0,-2.4122472,0.432966023683548,0.9245098233222961,0.12374749779701233
YPL046C,YGR135W,0,-2.4128017,0.4327673316001892,0.9245098233222961,0.12384769320487976
YOL002C,YIL085C,0,-2.4133766,0.43256881833076477,0.9245098233222961,0.12394789606332779
YDL236W,YCR040W,0,-2.4137638,0.43237048387527466,0.9245098233222961,0.12404809892177582
YLR370C,YDR034C-D,0,-2.4154658,0.43217232823371887,0.9245098233222961,0.12414829432964325
YHR188C,YDR481C,0,-2.4164429,0.4319743514060974,0.9245098233222961,0.12424849718809128
YGR271C-A,YLR107W,1,-2.4168515,0.43223443627357483,0.9254902005195618,0.12424849718809128
YDL109C,YDR257C,0,-2.4171658,0.4320366084575653,0.9254902005195618,0.1243487000465393
YNR045W,YBR240C,0,-2.4172888,0.4318389892578125,0.9254902005195618,0.12444889545440674
YGR120C,YBL018C,0,-2.4176726,0.43164151906967163,0.9254902005195618,0.12454909831285477
YLR265C,YGR129W,0,-2.4178052,0.4314442276954651,0.9254902005195618,0.1246493011713028
YMR011W,YPL101W,0,-2.418096,0.43124714493751526,0.9254902005195618,0.12474949657917023
YJR118C,YKL004W,0,-2.4181757,0.43105024099349976,0.9254902005195618,0.12484969943761826
YIR012W,YER087C-A,0,-2.4184039,0.4308534860610962,0.9254902005195618,0.12494990229606628
YBR265W,YCL063W,0,-2.4185734,0.43065693974494934,0.9254902005195618,0.12505009770393372
YMR275C,YBL103C,0,-2.4190202,0.43046054244041443,0.9254902005195618,0.12515030801296234
YDR261C-C,YKL181W,0,-2.4193435,0.43026435375213623,0.9254902005195618,0.12525050342082977
YDR098C-B,YCR005C,0,-2.4202287,0.43006834387779236,0.9254902005195618,0.1253506988286972
YMR291W,YNR033W,0,-2.4203687,0.4298724830150604,0.9254902005195618,0.12545090913772583
YHR016C,YMR041C,0,-2.4203868,0.4296768307685852,0.9254902005195618,0.12555110454559326
YPL146C,YCR058C,1,-2.4215188,0.42993631958961487,0.9264705777168274,0.12555110454559326
YGR272C,YBR280C,0,-2.421795,0.4297407865524292,0.9264705777168274,0.1256512999534607
YDR075W,YDR169C,0,-2.421795,0.42954546213150024,0.9264705777168274,0.12575151026248932
YDL143W,YDR177W,0,-2.4223804,0.4293502867221832,0.9264705777168274,0.12585170567035675
YKL043W,YHR110W,0,-2.42251,0.4291553199291229,0.9264705777168274,0.12595190107822418
YNL207W,YPR175W,0,-2.4225492,0.42896050214767456,0.9264705777168274,0.1260521113872528
YMR001C,YGR161C-C,0,-2.422731,0.4287658929824829,0.9264705777168274,0.12615230679512024
YCR066W,YLR157C-A,0,-2.4227467,0.4285714328289032,0.9264705777168274,0.12625250220298767
YHR141C,YEL061C,0,-2.4240308,0.4283771514892578,0.9264705777168274,0.1263527125120163
YJR090C,YNL067W,0,-2.4243207,0.42818304896354675,0.9264705777168274,0.12645290791988373
YBR078W,YDR365W-A,0,-2.4248161,0.42798912525177,0.9264705777168274,0.12655310332775116
YDR365W-A,YOL033W,0,-2.424859,0.4277953803539276,0.9264705777168274,0.12665331363677979
YBR158W,YER170W,0,-2.4258084,0.42760181427001953,0.9264705777168274,0.12675350904464722
YPL130W,YOR101W,0,-2.4260387,0.4274084270000458,0.9264705777168274,0.12685370445251465
YGR030C,YPL063W,0,-2.4260824,0.42721518874168396,0.9264705777168274,0.12695391476154327
YIL130W,YPL016W,0,-2.4268482,0.42702212929725647,0.9264705777168274,0.1270541101694107
YMR011W,YOR252W,0,-2.4270494,0.4268292784690857,0.9264705777168274,0.12715430557727814
YMR050C,YJL189W,0,-2.4277291,0.42663657665252686,0.9264705777168274,0.12725451588630676
YOR290C,YHR079C-A,0,-2.4286985,0.42644405364990234,0.9264705777168274,0.1273547112941742
YLR284C,YMR197C,0,-2.4287043,0.42625167965888977,0.9264705777168274,0.12745490670204163
YFL005W,YLL014W,0,-2.4290404,0.4260595142841339,0.9264705777168274,0.12755511701107025
YPR031W,YPL020C,0,-2.4295166,0.42586749792099,0.9264705777168274,0.12765531241893768
YJL018W,YMR199W,0,-2.4300897,0.4256756901741028,0.9264705777168274,0.12775550782680511
YMR022W,YML033W,0,-2.430118,0.4254840016365051,0.9264705777168274,0.12785571813583374
YER166W,YLR201C,0,-2.4302864,0.4252925217151642,0.9264705777168274,0.12795591354370117
YGR083C,YER093C,0,-2.4306083,0.42510122060775757,0.9264705777168274,0.1280561089515686
YOL103W-A,YDR390C,0,-2.4310467,0.4249100685119629,0.9264705777168274,0.12815631926059723
YDR487C,YIL112W,0,-2.432094,0.42471909523010254,0.9264705777168274,0.12825651466846466
YJR056C,YDR065W,0,-2.432291,0.4245283007621765,0.9264705777168274,0.1283567100763321
YKR078W,YDL012C,0,-2.4323034,0.4243376851081848,0.9264705777168274,0.12845692038536072
YHR062C,YJL092W,0,-2.4325736,0.42414721846580505,0.9264705777168274,0.12855711579322815
YPL055C,YLR467W,0,-2.4328692,0.4239569306373596,0.9264705777168274,0.12865731120109558
YOL069W,YML037C,0,-2.4329596,0.4237668216228485,0.9264705777168274,0.1287575215101242
YDR316W-B,YKL049C,0,-2.4333258,0.42357686161994934,0.9264705777168274,0.12885771691799164
YPL255W,YOR335C,0,-2.4333482,0.4233871102333069,0.9264705777168274,0.12895791232585907
YGR027W-A,YKL209C,0,-2.4341435,0.423197478055954,0.9264705777168274,0.1290581226348877
YGR048W,YDR210W-B,0,-2.4341764,0.4230080544948578,0.9264705777168274,0.12915831804275513
YPL189W,YML024W,0,-2.4342396,0.42281877994537354,0.9264705777168274,0.12925851345062256
YMR322C,YGL006W,0,-2.4342804,0.4226296842098236,0.9264705777168274,0.12935872375965118
YMR282C,YPL012W,0,-2.4344926,0.422440767288208,0.9264705777168274,0.12945891916751862
YNL103W,YNL289W,0,-2.4345176,0.42225199937820435,0.9264705777168274,0.12955911457538605
YER006W,YOR197W,0,-2.4346673,0.422063410282135,0.9264705777168274,0.12965932488441467
YLR333C,YGL173C,0,-2.4359245,0.421875,0.9264705777168274,0.1297595202922821
YCL031C,YLR165C,1,-2.4365058,0.4221329689025879,0.927450954914093,0.1297595202922821
YDL174C,YOR396W,0,-2.4365282,0.42194467782974243,0.927450954914093,0.12985971570014954
YJL062W-A,YML133C,0,-2.4365282,0.4217565655708313,0.927450954914093,0.12995992600917816
YJR016C,YGL258W-A,0,-2.4365282,0.4215686321258545,0.927450954914093,0.1300601214170456
YDR480W,YNR053C,0,-2.4367018,0.4213808476924896,0.927450954914093,0.13016031682491302
YGL257C,YHR215W,0,-2.4367888,0.4211932420730591,0.927450954914093,0.13026052713394165
YHR086W,YLR411W,0,-2.4371974,0.4210057854652405,0.927450954914093,0.13036072254180908
YBR003W,YDR098C-A,0,-2.437263,0.4208185076713562,0.927450954914093,0.1304609179496765
YOR157C,YER036C,0,-2.4374523,0.42063137888908386,0.927450954914093,0.13056112825870514
YJL143W,YOL103W-A,0,-2.4376702,0.42044445872306824,0.927450954914093,0.13066132366657257
YER075C,YOR118W,0,-2.437735,0.42025765776634216,0.927450954914093,0.13076151907444
YOR384W,YGR109W-A,0,-2.4377606,0.4200710356235504,0.927450954914093,0.13086172938346863
YJL069C,YGL127C,0,-2.438143,0.419884592294693,0.927450954914093,0.13096192479133606
YBR188C,YGR106C,0,-2.4382834,0.4196983277797699,0.927450954914093,0.1310621201992035
YNL147W,YHR169W,1,-2.438692,0.41995564103126526,0.9284313917160034,0.1310621201992035
YMR220W,YBL005W-A,0,-2.4391127,0.4197694957256317,0.9284313917160034,0.13116233050823212
YBR268W,YAR003W,0,-2.439114,0.4195835292339325,0.9284313917160034,0.13126252591609955
YDL115C,YCR102C,0,-2.439804,0.4193977117538452,0.9284313917160034,0.13136272132396698
YML081W,YDL212W,0,-2.439911,0.4192120432853699,0.9284313917160034,0.1314629316329956
YPL086C,YOL020W,0,-2.440222,0.41902655363082886,0.9284313917160034,0.13156312704086304
YMR156C,YKL089W,0,-2.4402575,0.4188412129878998,0.9284313917160034,0.13166332244873047
YPR164W,YLR226W,0,-2.4404664,0.41865605115890503,0.9284313917160034,0.1317635327577591
YLR438C-A,YIL069C,1,-2.440527,0.41891294717788696,0.929411768913269,0.1317635327577591
YKL176C,YBL087C,0,-2.440794,0.41872790455818176,0.929411768913269,0.13186372816562653
YJL183W,YGR192C,0,-2.4416637,0.4185430407524109,0.929411768913269,0.13196392357349396
YPL012W,YML086C,0,-2.441848,0.41835832595825195,0.929411768913269,0.13206413388252258
YAL019W,YPR046W,0,-2.4433224,0.41817378997802734,0.929411768913269,0.13216432929039001
YNL206C,YMR074C,0,-2.4435263,0.41798943281173706,0.929411768913269,0.13226452469825745
YGR109W-A,YDR206W,0,-2.443787,0.41780519485473633,0.929411768913269,0.13236473500728607
YKR072C,YJR007W,0,-2.4441638,0.4176211357116699,0.929411768913269,0.1324649304151535
YLR002C,YCL026C-A,0,-2.4445643,0.41743725538253784,0.929411768913269,0.13256512582302094
YDR261C-C,YDR003W,0,-2.444744,0.4172535240650177,0.929411768913269,0.13266533613204956
YJL209W,YGR129W,0,-2.4450872,0.4170699417591095,0.929411768913269,0.132765531539917
YHR214C-C,YPL145C,0,-2.4458876,0.4168865382671356,0.929411768913269,0.13286572694778442
YKR104W,YER086W,0,-2.4463089,0.4167032837867737,0.929411768913269,0.13296593725681305
YIL018W,YLR067C,0,-2.4464507,0.41652020812034607,0.929411768913269,0.13306613266468048
YLR136C,YER054C,0,-2.4467568,0.4163372814655304,0.929411768913269,0.1331663280725479
YGL131C,YOR293W,0,-2.4470367,0.41615453362464905,0.929411768913269,0.13326653838157654
YDR435C,YHL009W-B,0,-2.447379,0.41597190499305725,0.929411768913269,0.13336673378944397
YLR157C-A,YDL136W,0,-2.4475613,0.41578948497772217,0.929411768913269,0.1334669291973114
YDL236W,YHR045W,0,-2.4482007,0.41560718417167664,0.929411768913269,0.13356713950634003
YPL022W,YIL127C,0,-2.4489202,0.41542506217956543,0.929411768913269,0.13366733491420746
YML076C,YKR042W,0,-2.4498687,0.41524308919906616,0.929411768913269,0.1337675303220749
YDL020C,YOL138C,0,-2.4501863,0.4150612950325012,0.929411768913269,0.13386774063110352
YBL057C,YKL196C,0,-2.4506981,0.4148796498775482,0.929411768913269,0.13396793603897095
YOR231W,YBL100W-B,0,-2.4508767,0.41469815373420715,0.929411768913269,0.13406813144683838
YGR124W,YJL025W,0,-2.4510152,0.4145168364048004,0.929411768913269,0.134168341755867
YBL027W,YBL101W-A,0,-2.451336,0.4143356680870056,0.929411768913269,0.13426853716373444
YKL173W,YLR022C,0,-2.4516919,0.41415464878082275,0.929411768913269,0.13436873257160187
YNL082W,YBR218C,0,-2.4518666,0.4139738082885742,0.929411768913269,0.1344689428806305
YDR158W,YNR054C,0,-2.4519472,0.4137931168079376,0.929411768913269,0.13456913828849792
YDL156W,YHR081W,0,-2.4525127,0.41361257433891296,0.929411768913269,0.13466933369636536
YDR399W,YNL076W,0,-2.4525404,0.41343218088150024,0.929411768913269,0.13476954400539398
YDR037W,YGR192C,0,-2.4526043,0.41325196623802185,0.929411768913269,0.1348697394132614
YGR161C-C,YDR363W-A,0,-2.4527078,0.4130719006061554,0.929411768913269,0.13496993482112885
YOR140W,YOR207C,0,-2.452708,0.4128919839859009,0.929411768913269,0.13507014513015747
YNL119W,YJR132W,0,-2.4527617,0.4127122461795807,0.929411768913269,0.1351703405380249
YDR096W,YDR216W,0,-2.4535487,0.41253262758255005,0.929411768913269,0.13527053594589233
YGL195W,YLL042C,0,-2.4535666,0.41235318779945374,0.929411768913269,0.13537074625492096
YML045W,YLR039C,0,-2.4537134,0.41217392683029175,0.929411768913269,0.1354709416627884
YBL103C,YHR079C-B,0,-2.4538918,0.4119947850704193,0.929411768913269,0.13557113707065582
YLR364W,YBL031W,0,-2.4542646,0.4118158221244812,0.929411768913269,0.13567134737968445
YAR044W,YDL117W,0,-2.4544315,0.41163700819015503,0.929411768913269,0.13577154278755188
YOR272W,YBR162C,0,-2.4544356,0.4114583432674408,0.929411768913269,0.1358717381954193
YNL188W,YER044C-A,0,-2.4545245,0.4112798273563385,0.929411768913269,0.13597194850444794
YGL178W,YJL108C,0,-2.4549632,0.41110146045684814,0.929411768913269,0.13607214391231537
YBR019C,YKR064W,0,-2.455278,0.4109232723712921,0.929411768913269,0.1361723393201828
YHR197W,YBR217W,0,-2.4559822,0.410745233297348,0.929411768913269,0.13627254962921143
YJL151C,YCL038C,0,-2.4559965,0.41056734323501587,0.929411768913269,0.13637274503707886
YPL235W,YNL207W,1,-2.455997,0.4108225107192993,0.9303921461105347,0.13637274503707886
YGR207C,YHR124W,0,-2.456396,0.4106447398662567,0.9303921461105347,0.1364729404449463
YDL108W,YDR034C-C,0,-2.456419,0.41046711802482605,0.9303921461105347,0.13657315075397491
YDR531W,YBL017C,0,-2.456842,0.4102896749973297,0.9303921461105347,0.13667334616184235
YDL153C,YPR114W,0,-2.4569492,0.4101123511791229,0.9303921461105347,0.13677354156970978
YBR082C,YOR197W,0,-2.4570155,0.40993520617485046,0.9303921461105347,0.1368737518787384
YDR099W,YLR423C,0,-2.4573398,0.40975821018218994,0.9303921461105347,0.13697394728660583
YBR078W,YDR307W,0,-2.4573646,0.40958136320114136,0.9303921461105347,0.13707414269447327
YGR211W,YLR014C,0,-2.4577365,0.4094046652317047,0.9303921461105347,0.1371743530035019
YBR272C,YBR056W,0,-2.4579837,0.40922811627388,0.9303921461105347,0.13727454841136932
YML008C,YMR235C,0,-2.4581585,0.40905171632766724,0.9303921461105347,0.13737474381923676
YKL027W,YJR158W,0,-2.4581785,0.4088754951953888,0.9303921461105347,0.13747495412826538
YLR293C,YML063W,1,-2.4584107,0.4091300666332245,0.9313725233078003,0.13747495412826538
YNL308C,YHR214C-C,0,-2.4593315,0.4089539349079132,0.9313725233078003,0.1375751495361328
YMR211W,YBR069C,0,-2.459732,0.40877798199653625,0.9313725233078003,0.13767534494400024
YDR320C-A,YDR387C,0,-2.4603708,0.40860214829444885,0.9313725233078003,0.13777555525302887
YGR106C,YNL111C,0,-2.4603894,0.4084264934062958,0.9313725233078003,0.1378757506608963
YNL188W,YDR361C,0,-2.460454,0.40825095772743225,0.9313725233078003,0.13797594606876373
YLR435W,YOL020W,0,-2.4604783,0.40807560086250305,0.9313725233078003,0.13807615637779236
YDL114W,YBR090C-A,0,-2.4605086,0.4079003930091858,0.9313725233078003,0.1381763517856598
YIL123W,YGL226W,0,-2.4606025,0.40772533416748047,0.9313725233078003,0.13827654719352722
YDR017C,YHR158C,0,-2.4609957,0.4075503945350647,0.9313725233078003,0.13837675750255585
YAR003W,YCL029C,0,-2.461204,0.40737563371658325,0.9313725233078003,0.13847695291042328
YBL105C,YGR027W-A,0,-2.461327,0.40720102190971375,0.9313725233078003,0.1385771483182907
YDL010W,YOR396W,0,-2.4624863,0.4070265591144562,0.9313725233078003,0.13867735862731934
YPL053C,YGL258W-A,0,-2.4624863,0.40685224533081055,0.9313725233078003,0.13877755403518677
YDR150W,YLR276C,0,-2.4626307,0.40667808055877686,0.9313725233078003,0.1388777494430542
YDR097C,YBR264C,0,-2.4628077,0.4065040647983551,0.9313725233078003,0.13897795975208282
YOL128C,YIL064W,0,-2.4628568,0.4063301980495453,0.9313725233078003,0.13907815515995026
YDR091C,YDR163W,0,-2.463016,0.4061564803123474,0.9313725233078003,0.1391783505678177
YML123C,YDR210W-A,0,-2.463162,0.4059829115867615,0.9313725233078003,0.1392785608768463
YDR483W,YOR320C,0,-2.4635842,0.4058094918727875,0.9313725233078003,0.13937875628471375
YJL145W,YOL065C,0,-2.4636064,0.4056362211704254,0.9313725233078003,0.13947895169258118
YJR017C,YML001W,0,-2.4643679,0.4054630696773529,0.9313725233078003,0.1395791620016098
YBR100W,YGR061C,0,-2.4646256,0.4052900969982147,0.9313725233078003,0.13967935740947723
YIL147C,YDL231C,0,-2.4648073,0.4051172733306885,0.9313725233078003,0.13977955281734467
YDR210W-A,YNL305C,0,-2.4651313,0.40494459867477417,0.9313725233078003,0.1398797631263733
YPR118W,YJR043C,0,-2.4656162,0.4047720432281494,0.9313725233078003,0.13997995853424072
YER173W,YOL095C,0,-2.4659524,0.404599666595459,0.9313725233078003,0.14008015394210815
YHR214C-C,YOR037W,0,-2.4659662,0.4044274091720581,0.9313725233078003,0.14018036425113678
YNL158W,YNL113W,0,-2.4661756,0.40425533056259155,0.9313725233078003,0.1402805596590042
YER112W,YEL001C,0,-2.4662132,0.40408337116241455,0.9313725233078003,0.14038075506687164
YOL008W,YOL103W-A,0,-2.4664488,0.4039115607738495,0.9313725233078003,0.14048096537590027
YNR038W,YER125W,1,-2.466527,0.4041649103164673,0.9323529601097107,0.14048096537590027
YJR009C,YFR032C-A,0,-2.466804,0.4039931893348694,0.9323529601097107,0.1405811607837677
YGR109W-A,YLR248W,0,-2.4669313,0.4038216471672058,0.9323529601097107,0.14068135619163513
YOL018C,YDR098C-A,0,-2.4674227,0.4036502540111542,0.9323529601097107,0.14078156650066376
YPL032C,YOR182C,0,-2.4675665,0.4034790098667145,0.9323529601097107,0.1408817619085312
YDR031W,YNL284C-B,0,-2.4679198,0.40330788493156433,0.9323529601097107,0.14098195731639862
YKL029C,YDR198C,0,-2.4682083,0.4031369090080261,0.9323529601097107,0.14108216762542725
YHR136C,YPL217C,0,-2.4683273,0.40296611189842224,0.9323529601097107,0.14118236303329468
YBR135W,YOL137W,0,-2.4684155,0.4027954339981079,0.9323529601097107,0.1412825584411621
YDR261C-C,YOR030W,0,-2.4685836,0.4026249051094055,0.9323529601097107,0.14138276875019073
YCL012W,YOR096W,0,-2.4686828,0.4024544954299927,0.9323529601097107,0.14148296415805817
YDR322C-A,YDR034C-C,0,-2.4689314,0.40228426456451416,0.9323529601097107,0.1415831595659256
YAR015W,YNL124W,0,-2.4689367,0.4021141529083252,0.9323529601097107,0.14168336987495422
YOR018W,YCL017C,0,-2.4698305,0.40194422006607056,0.9323529601097107,0.14178356528282166
YNL103W,YLR204W,0,-2.4710903,0.40177440643310547,0.9323529601097107,0.1418837606906891
YGL167C,YGL063W,0,-2.4711514,0.4016047418117523,0.9323529601097107,0.1419839709997177
YHR204W,YPR143W,0,-2.4727206,0.4014351963996887,0.9323529601097107,0.14208416640758514
YDR069C,YGL156W,0,-2.4730148,0.40126582980155945,0.9323529601097107,0.14218436181545258
YJL113W,YOR155C,0,-2.4733915,0.4010965824127197,0.9323529601097107,0.1422845721244812
YDL174C,YDR034C-C,0,-2.4735065,0.40092748403549194,0.9323529601097107,0.14238476753234863
YCR020W-B,YDR038C,0,-2.4738412,0.4007585346698761,0.9323529601097107,0.14248496294021606
YDR034C-D,YLR085C,0,-2.4739826,0.4005897343158722,0.9323529601097107,0.1425851732492447
YDR117C,YLR459W,0,-2.474157,0.40042105317115784,0.9323529601097107,0.14268536865711212
YOR117W,YLR083C,0,-2.4742944,0.4002525210380554,0.9323529601097107,0.14278556406497955
YML010W,YHL009W-A,0,-2.4744158,0.40008413791656494,0.9323529601097107,0.14288577437400818
YDR210W-A,YCR089W,0,-2.4749687,0.3999159038066864,0.9323529601097107,0.1429859697818756
YGL175C,YHR142W,0,-2.4750934,0.3997477889060974,0.9323529601097107,0.14308616518974304
YJL090C,YBL100W-B,0,-2.4759803,0.39957982301712036,0.9323529601097107,0.14318637549877167
YGR178C,YPR158C-D,0,-2.4763627,0.39941200613975525,0.9323529601097107,0.1432865709066391
YDL160C,YDR365W-B,0,-2.4765081,0.3992443382740021,0.9323529601097107,0.14338676631450653
YOL140W,YHR122W,0,-2.4768093,0.39907678961753845,0.9323529601097107,0.14348697662353516
YPL187W,YBR253W,0,-2.4768276,0.39890938997268677,0.9323529601097107,0.1435871720314026
YCR069W,YIR003W,0,-2.4769142,0.398742139339447,0.9323529601097107,0.14368736743927002
YMR170C,YER170W,0,-2.4769628,0.3985750079154968,0.9323529601097107,0.14378757774829865
YML015C,YBR162W-A,0,-2.477007,0.39840805530548096,0.9323529601097107,0.14388777315616608
YOR131C,YPL262W,0,-2.477087,0.39824119210243225,0.9323529601097107,0.1439879685640335
YLL024C,YMR205C,0,-2.4772472,0.39807450771331787,0.9323529601097107,0.14408817887306213
YBR198C,YJL129C,0,-2.4774213,0.39790794253349304,0.9323529601097107,0.14418837428092957
YPR161C,YER091C,0,-2.4781845,0.39774152636528015,0.9323529601097107,0.1442885845899582
YGR033C,YOR172W,0,-2.4782271,0.3975752592086792,0.9323529601097107,0.14438877999782562
YBR082C,YGR184C,0,-2.4782484,0.3974091112613678,0.9323529601097107,0.14448897540569305
YDR119W,YNL024C,0,-2.4786377,0.39724311232566833,0.9323529601097107,0.14458918571472168
YML045W,YDR126W,0,-2.4788027,0.3970772325992584,0.9323529601097107,0.1446893811225891
YFR003C,YIL082W-A,0,-2.4790921,0.39691153168678284,0.9323529601097107,0.14478957653045654
YMR263W,YOR133W,0,-2.4792309,0.3967459201812744,0.9323529601097107,0.14488978683948517
YFL004W,YKL164C,0,-2.479236,0.3965804874897003,0.9323529601097107,0.1449899822473526
YGL105W,YJL198W,0,-2.4792519,0.39641517400741577,0.9323529601097107,0.14509017765522003
YLR361C,YPL266W,0,-2.4799418,0.39625000953674316,0.9323529601097107,0.14519038796424866
YOR210W,YDR189W,0,-2.480143,0.3960849642753601,0.9323529601097107,0.1452905833721161
YML130C,YDR034C-D,0,-2.4804773,0.395920068025589,0.9323529601097107,0.14539077877998352
YNL111C,YLR048W,0,-2.4805584,0.3957552909851074,0.9323529601097107,0.14549098908901215
YGR135W,YGR275W,0,-2.481089,0.3955906927585602,0.9323529601097107,0.14559118449687958
YNR054C,YGR235C,0,-2.4820137,0.3954261839389801,0.9323529601097107,0.145691379904747
YER033C,YGL229C,0,-2.4820464,0.39526185393333435,0.9323529601097107,0.14579159021377563
YGL123W,YOR201C,1,-2.482251,0.3955130875110626,0.9333333373069763,0.14579159021377563
YBR029C,YGL063W,0,-2.4822865,0.39534884691238403,0.9333333373069763,0.14589178562164307
YER153C,YJL019W,0,-2.482803,0.395184725522995,0.9333333373069763,0.1459919810295105
YJL046W,YDR363W,0,-2.4830523,0.3950207531452179,0.9333333373069763,0.14609219133853912
YHL009W-B,YJR066W,0,-2.4831908,0.39485689997673035,0.9333333373069763,0.14619238674640656
YCR065W,YNR032C-A,0,-2.4832888,0.39469319581985474,0.9333333373069763,0.146292582154274
YPR122W,YJR089W,0,-2.4840353,0.39452964067459106,0.9333333373069763,0.1463927924633026
YIL019W,YER174C,0,-2.4840455,0.39436620473861694,0.9333333373069763,0.14649298787117004
YNL147W,YLR167W,1,-2.4843118,0.3946169912815094,0.9343137145042419,0.14649298787117004
YJL014W,YOR115C,0,-2.484664,0.39445364475250244,0.9343137145042419,0.14659318327903748
YLR044C,YLR172C,0,-2.4849453,0.3942904472351074,0.9343137145042419,0.1466933935880661
YBL101C,YIR037W,0,-2.4849932,0.39412736892700195,0.9343137145042419,0.14679358899593353
YCR098C,YDR148C,0,-2.4852924,0.3939644396305084,0.9343137145042419,0.14689378440380096
YGL133W,YLR398C,0,-2.4853568,0.39380165934562683,0.9343137145042419,0.1469939947128296
YBL082C,YER108C,0,-2.4854283,0.3936389982700348,0.9343137145042419,0.14709419012069702
YDL235C,YGR123C,0,-2.4857452,0.3934764564037323,0.9343137145042419,0.14719438552856445
YDR115W,YOL139C,0,-2.4863625,0.39331406354904175,0.9343137145042419,0.14729459583759308
YPR158W-B,YFR044C,0,-2.4864283,0.39315181970596313,0.9343137145042419,0.1473947912454605
YGL131C,YLR136C,0,-2.4870932,0.3929896950721741,0.9343137145042419,0.14749498665332794
YDR522C,YOR153W,0,-2.4871387,0.39282768964767456,0.9343137145042419,0.14759519696235657
YAR044W,YIL041W,0,-2.4872327,0.392665833234787,0.9343137145042419,0.147695392370224
YLR355C,YMR045C,0,-2.4872813,0.39250412583351135,0.9343137145042419,0.14779558777809143
YER087C-A,YML022W,0,-2.4873974,0.39234253764152527,0.9343137145042419,0.14789579808712006
YAR007C,YFL037W,0,-2.4874427,0.39218106865882874,0.9343137145042419,0.1479959934949875
YIL131C,YDR179C,0,-2.487546,0.39201974868774414,0.9343137145042419,0.14809618890285492
YKL060C,YDR044W,0,-2.487893,0.3918585479259491,0.9343137145042419,0.14819639921188354
YPL036W,YOR178C,0,-2.4880009,0.391697496175766,0.9343137145042419,0.14829659461975098
YDL115C,YNL284C-B,0,-2.4886913,0.39153656363487244,0.9343137145042419,0.1483967900276184
YBL026W,YGR271C-A,1,-2.488786,0.39178645610809326,0.9352940917015076,0.1483967900276184
YOR119C,YOR033C,0,-2.4893458,0.39162561297416687,0.9352940917015076,0.14849700033664703
YAR014C,YPL253C,0,-2.4895446,0.3914649188518524,0.9352940917015076,0.14859719574451447
YHR118C,YJL210W,0,-2.4898338,0.3913043439388275,0.9352940917015076,0.1486973911523819
YDR538W,YGR200C,0,-2.4901855,0.39114391803741455,0.9352940917015076,0.14879760146141052
YLL032C,YER074W-A,0,-2.4902802,0.39098361134529114,0.9352940917015076,0.14889779686927795
YMR051C,YLR157C-B,0,-2.4909692,0.3908234238624573,0.9352940917015076,0.14899799227714539
YMR051C,YGR140W,0,-2.4915376,0.39066338539123535,0.9352940917015076,0.149098202586174
YJR067C,YDR227W,0,-2.491545,0.390503466129303,0.9352940917015076,0.14919839799404144
YAR050W,YER041W,0,-2.4915543,0.39034369587898254,0.9352940917015076,0.14929859340190887
YOL020W,YHR031C,0,-2.491784,0.39018404483795166,0.9352940917015076,0.1493988037109375
YGL224C,YER065C,0,-2.4918158,0.3900245428085327,0.9352940917015076,0.14949899911880493
YDR495C,YGR191W,0,-2.4918256,0.38986513018608093,0.9352940917015076,0.14959919452667236
YHR186C,YNR059W,0,-2.492622,0.3897058963775635,0.9352940917015076,0.149699404835701
YNR032C-A,YCL001W,0,-2.4926412,0.3895467519760132,0.9352940917015076,0.14979960024356842
YKL120W,YLR181C,0,-2.4928665,0.38938775658607483,0.9352940917015076,0.14989979565143585
YKL199C,YAL028W,0,-2.4929018,0.389228880405426,0.9352940917015076,0.15000000596046448
YPR118W,YDL117W,0,-2.4931653,0.38907015323638916,0.9352940917015076,0.1501002013683319
YKR014C,YOR192C-A,0,-2.4933598,0.38891154527664185,0.9352940917015076,0.15020039677619934
YIL122W,YCR081W,0,-2.493465,0.3887530565261841,0.9352940917015076,0.15030060708522797
YNL188W,YDR235W,0,-2.493558,0.38859471678733826,0.9352940917015076,0.1504008024930954
YHL028W,YCR071C,0,-2.493911,0.388436496257782,0.9352940917015076,0.15050099790096283
YOL133W,YBR253W,0,-2.4939227,0.38827839493751526,0.9352940917015076,0.15060120820999146
YPL090C,YBR004C,0,-2.4942403,0.3881204128265381,0.9352940917015076,0.1507014036178589
YDR098C,YDR071C,0,-2.4943783,0.38796257972717285,0.9352940917015076,0.15080159902572632
YPR180W,YEL018W,0,-2.4946232,0.38780486583709717,0.9352940917015076,0.15090180933475494
YJR145C,YBL035C,0,-2.4947546,0.3876473009586334,0.9352940917015076,0.15100200474262238
YJR017C,YJR143C,0,-2.4948053,0.38748985528945923,0.9352940917015076,0.1511022001504898
YER139C,YBL101W-A,0,-2.4950752,0.3873325288295746,0.9352940917015076,0.15120241045951843
YPL177C,YFL036W,0,-2.496436,0.3871753215789795,0.9352940917015076,0.15130260586738586
YBR244W,YGR047C,0,-2.4964876,0.38701826333999634,0.9352940917015076,0.1514028012752533
YLL018C,YDR065W,0,-2.4968016,0.38686132431030273,0.9352940917015076,0.15150301158428192
YER025W,YNL254C,0,-2.496871,0.3867045044898987,0.9352940917015076,0.15160320699214935
YJL208C,YHR079C-A,0,-2.496899,0.3865478038787842,0.9352940917015076,0.15170340240001678
YLL018C,YPR032W,0,-2.497085,0.3863912522792816,0.9352940917015076,0.1518036127090454
YDR256C,YHR072W,0,-2.4975476,0.3862348198890686,0.9352940917015076,0.15190380811691284
YBL036C,YML027W,0,-2.4978566,0.38607850670814514,0.9352940917015076,0.15200400352478027
YGL099W,YDL109C,0,-2.4979572,0.3859223425388336,0.9352940917015076,0.1521042138338089
YOR047C,YER014W,0,-2.4980602,0.38576626777648926,0.9352940917015076,0.15220440924167633
YLR319C,YHR102W,0,-2.498165,0.38561034202575684,0.9352940917015076,0.15230460464954376
YBL063W,YJL148W,0,-2.4988437,0.38545453548431396,0.9352940917015076,0.1524048149585724
YDR316W-B,YDR480W,0,-2.5000052,0.38529887795448303,0.9352940917015076,0.15250501036643982
YEL015W,YGL189C,0,-2.500328,0.38514330983161926,0.9352940917015076,0.15260520577430725
YCL012W,YPL176C,0,-2.5006528,0.38498789072036743,0.9352940917015076,0.15270541608333588
YHR115C,YBR105C,0,-2.5007353,0.38483259081840515,0.9352940917015076,0.1528056114912033
YPL232W,YPR018W,0,-2.5009894,0.3846774101257324,0.9352940917015076,0.15290580689907074
YDR318W,YDR116C,0,-2.501056,0.38452237844467163,0.9352940917015076,0.15300601720809937
YGR038C-B,YPL234C,0,-2.501668,0.384367436170578,0.9352940917015076,0.1531062126159668
YDR387C,YIL067C,0,-2.501696,0.3842126429080963,0.9352940917015076,0.15320640802383423
YGR109C,YGL079W,0,-2.5018606,0.3840579688549042,0.9352940917015076,0.15330661833286285
YPR137C-B,YKR083C,0,-2.5021613,0.3839034140110016,0.9352940917015076,0.15340681374073029
YDL150W,YDR135C,0,-2.5022092,0.38374900817871094,0.9352940917015076,0.15350700914859772
YPL228W,YKL113C,0,-2.5022745,0.38359469175338745,0.9352940917015076,0.15360721945762634
YMR242C,YHR146W,0,-2.5022755,0.3834405243396759,0.9352940917015076,0.15370741486549377
YBR089C-A,YJL180C,0,-2.5024939,0.3832864463329315,0.9352940917015076,0.1538076102733612
YPL128C,YER153C,0,-2.5026813,0.3831325173377991,0.9352940917015076,0.15390782058238983
YNL158W,YLR405W,0,-2.5032303,0.38297873735427856,0.9352940917015076,0.15400801599025726
YDR108W,YPL030W,0,-2.5032787,0.3828250467777252,0.9352940917015076,0.1541082113981247
YJR143C,YDR261C-C,0,-2.5035672,0.3826714754104614,0.9352940917015076,0.15420842170715332
YGL151W,YMR247C,0,-2.503796,0.38251805305480957,0.9352940917015076,0.15430861711502075
YLL018C-A,YML086C,0,-2.5040383,0.3823647201061249,0.9352940917015076,0.15440881252288818
YML114C,YGR241C,0,-2.504101,0.3822115361690521,0.9352940917015076,0.1545090228319168
YPL082C,YGR030C,1,-2.5041773,0.38245895504951477,0.936274528503418,0.1545090228319168
YCL012W,YLR382C,0,-2.5044086,0.3823058307170868,0.936274528503418,0.15460921823978424
YDR524C,YNR023W,0,-2.5049577,0.38215285539627075,0.936274528503418,0.15470941364765167
YMR171C,YBL101W-A,0,-2.505143,0.38199999928474426,0.936274528503418,0.1548096239566803
YBR058C,YEL003W,0,-2.5051975,0.3818472623825073,0.936274528503418,0.15490981936454773
YHR014W,YNR059W,0,-2.5054188,0.38169464468955994,0.936274528503418,0.15501001477241516
YCR106W,YAL043C,0,-2.5058484,0.3815421462059021,0.936274528503418,0.1551102250814438
YGL141W,YGR038C-B,0,-2.5059633,0.3813897669315338,0.936274528503418,0.15521042048931122
YMR012W,YHL009W-A,0,-2.5061035,0.38123753666877747,0.936274528503418,0.15531061589717865
YPL270W,YCL017C,0,-2.5061152,0.3810853958129883,0.936274528503418,0.15541082620620728
YEL059C-A,YDR210W-B,0,-2.5075598,0.38093337416648865,0.936274528503418,0.1555110216140747
YBL013W,YKR077W,0,-2.5079656,0.38078150153160095,0.936274528503418,0.15561121702194214
YDR439W,YGR048W,0,-2.50802,0.3806297183036804,0.936274528503418,0.15571142733097076
YKR007W,YBR090C-A,0,-2.5080557,0.3804780840873718,0.936274528503418,0.1558116227388382
YOL130W,YJR126C,0,-2.5081654,0.3803265690803528,0.936274528503418,0.15591181814670563
YIL023C,YKR061W,0,-2.5082436,0.3801751732826233,0.936274528503418,0.15601202845573425
YKR079C,YOR242C,0,-2.5086856,0.38002386689186096,0.936274528503418,0.15611222386360168
YJR102C,YPL215W,0,-2.5088212,0.37987270951271057,0.936274528503418,0.15621241927146912
YNL151C,YDL104C,0,-2.5092964,0.37972167134284973,0.936274528503418,0.15631262958049774
YER082C,YGR038C-B,0,-2.5093386,0.37957075238227844,0.936274528503418,0.15641282498836517
YML098W,YMR052W,0,-2.5095913,0.3794199526309967,0.936274528503418,0.1565130203962326
YMR291W,YDR536W,0,-2.5099103,0.3792692720890045,0.936274528503418,0.15661323070526123
YGR106C,YDL095W,0,-2.510168,0.3791187107563019,0.936274528503418,0.15671342611312866
YNR020C,YDR515W,0,-2.510283,0.3789682686328888,0.936274528503418,0.1568136215209961
YMR231W,YMR207C,0,-2.5103767,0.37881791591644287,0.936274528503418,0.15691383183002472
YOR321W,YDL079C,0,-2.510521,0.3786677122116089,0.936274528503418,0.15701402723789215
YJL190C,YPR029C,0,-2.511052,0.37851762771606445,0.936274528503418,0.15711422264575958
YDL081C,YIR035C,0,-2.5114477,0.37836766242980957,0.936274528503418,0.1572144329547882
YNL126W,YHL009W-B,0,-2.5118191,0.37821781635284424,0.936274528503418,0.15731462836265564
YJR067C,YNL284C-B,0,-2.5118566,0.37806808948516846,0.936274528503418,0.15741482377052307
YPL281C,YOR177C,0,-2.5124698,0.3779184818267822,0.936274528503418,0.1575150340795517
YLR089C,YLR410W,0,-2.5131373,0.37776899337768555,0.936274528503418,0.15761522948741913
YPL211W,YNR061C,0,-2.5131378,0.3776196241378784,0.936274528503418,0.15771542489528656
YGR220C,YIL027C,0,-2.513145,0.37747034430503845,0.936274528503418,0.15781563520431519
YIL147C,YBR239C,0,-2.513434,0.3773212134838104,0.936274528503418,0.15791583061218262
YKR050W,YDL213C,0,-2.5135167,0.37717220187187195,0.936274528503418,0.15801602602005005
YML076C,YMR080C,0,-2.5137732,0.37702327966690063,0.936274528503418,0.15811623632907867
YMR006C,YJR001W,0,-2.5139227,0.37687450647354126,0.936274528503418,0.1582164317369461
YGL090W,YFL034C-B,0,-2.514824,0.37672585248947144,0.936274528503418,0.15831662714481354
YNL113W,YPR019W,0,-2.515298,0.3765772879123688,0.936274528503418,0.15841683745384216
YOR217W,YLR060W,0,-2.5153084,0.37642884254455566,0.936274528503418,0.1585170328617096
YBL008W-A,YPL018W,0,-2.5154126,0.3762805461883545,0.936274528503418,0.15861722826957703
YKR080W,YCL048W-A,0,-2.5154126,0.3761323392391205,0.936274528503418,0.15871743857860565
YIL062C,YDR524C-B,0,-2.5154126,0.375984251499176,0.936274528503418,0.15881763398647308
YOR334W,YKR099C-A,0,-2.5154126,0.3758362829685211,0.936274528503418,0.15891782939434052
YKL138C-A,YGR074W,0,-2.5154126,0.37568843364715576,0.936274528503418,0.15901803970336914
YJR019C,YKR095W-A,0,-2.5154126,0.37554070353507996,0.936274528503418,0.15911823511123657
YDL159W,YPL189C-A,0,-2.5154126,0.3753930926322937,0.936274528503418,0.159218430519104
YLL057C,YDL134C-A,0,-2.5154126,0.3752455711364746,0.936274528503418,0.15931864082813263
YFL035C-A,YGR024C,0,-2.5154126,0.37509819865226746,0.936274528503418,0.15941883623600006
YCL075W,YCL027C-A,0,-2.5154126,0.37495091557502747,0.936274528503418,0.1595190316438675
YDL161W,YFL035C-A,0,-2.5154126,0.3748037815093994,0.936274528503418,0.15961924195289612
YOR201C,YFL035C-A,0,-2.5154126,0.3746567368507385,0.936274528503418,0.15971943736076355
YCL012W,YBL097W,0,-2.5154126,0.3745098114013672,0.936274528503418,0.15981963276863098
YFL018W-A,YBL037W,0,-2.5154126,0.3743630051612854,0.936274528503418,0.1599198430776596
YKR099C-A,YKL213C,0,-2.5154126,0.3742162883281708,0.936274528503418,0.16002003848552704
YNL024C-A,YMR242C,0,-2.5154126,0.3740697205066681,0.936274528503418,0.16012023389339447
YBL008W-A,YGR061C,0,-2.5154126,0.37392327189445496,0.936274528503418,0.1602204442024231
YDR427W,YCR029C-A,0,-2.5154126,0.373776912689209,0.936274528503418,0.16032063961029053
YDL230W,YCL048W-A,0,-2.5154126,0.37363067269325256,0.936274528503418,0.16042083501815796
YMR316W,YAR070W-A,0,-2.5154126,0.3734845519065857,0.936274528503418,0.16052104532718658
YGL130W,YDR210W-D,0,-2.5154126,0.3733385503292084,0.936274528503418,0.16062124073505402
YNL099C,YFL035C-B,0,-2.5154126,0.3731926679611206,0.936274528503418,0.16072143614292145
YFL035C-A,YDR031W,0,-2.5154126,0.373046875,0.936274528503418,0.16082164645195007
YCL027C-A,YPR025C,0,-2.5154126,0.37290120124816895,0.936274528503418,0.1609218418598175
YCL005W-A,YPL074W,0,-2.5154126,0.37275564670562744,0.936274528503418,0.16102203726768494
YFL035C-A,YPL195W,0,-2.5154126,0.3726102113723755,0.936274528503418,0.16112224757671356
YPL207W,YBL008W-A,0,-2.5154126,0.3724648952484131,0.936274528503418,0.161222442984581
YER159C-A,YKR095W-A,0,-2.5154126,0.37231969833374023,0.936274528503418,0.16132263839244843
YNL214W,YKR099C-A,0,-2.5154126,0.37217459082603455,0.936274528503418,0.16142284870147705
YCR086W,YJL133C-A,0,-2.5154126,0.3720296025276184,0.936274528503418,0.16152304410934448
YNL265C,YDR210W-D,0,-2.5154126,0.3718847334384918,0.936274528503418,0.16162323951721191
YLR312C-B,YER039C,0,-2.5154126,0.3717399835586548,0.936274528503418,0.16172344982624054
YFL035C-A,YBR286W,0,-2.5154126,0.3715953230857849,0.936274528503418,0.16182364523410797
YCL048W-A,YIR019C,0,-2.5154126,0.371450811624527,0.936274528503418,0.1619238406419754
YCL048W-A,YEL039C,0,-2.5154126,0.3713063895702362,0.936274528503418,0.16202405095100403
YDL103C,YOR343C-B,0,-2.5154126,0.3711620569229126,0.936274528503418,0.16212424635887146
YFL018W-A,YPR143W,0,-2.5154126,0.3710178732872009,0.936274528503418,0.1622244417667389
YPL096C-A,YNL294C,0,-2.5154126,0.3708737790584564,0.936274528503418,0.16232465207576752
YLL062C,YLR154W-C,0,-2.5154126,0.37072980403900146,0.936274528503418,0.16242484748363495
YIL038C,YKR095W-A,0,-2.5154126,0.37058594822883606,0.936274528503418,0.16252504289150238
YML094W,YCL012W,0,-2.5154126,0.3704422116279602,0.936274528503418,0.162625253200531
YFL018W-A,YCL075W,0,-2.5154126,0.3702985644340515,0.936274528503418,0.16272544860839844
YCR075C,YCL005W-A,0,-2.5154126,0.3701550364494324,0.936274528503418,0.16282564401626587
YKL138C-A,YFL062W,0,-2.5154126,0.3700116276741028,0.936274528503418,0.1629258543252945
YML063W,YPL096C-A,0,-2.5154126,0.36986830830574036,0.936274528503418,0.16302604973316193
YBL071W-A,YHR079C-B,0,-2.5154126,0.36972513794898987,0.936274528503418,0.16312624514102936
YER003C,YJL133C-A,0,-2.5154126,0.36958205699920654,0.936274528503418,0.16322645545005798
YNL024C-A,YBR279W,0,-2.5154126,0.3694390654563904,0.936274528503418,0.16332665085792542
YLR377C,YPL189C-A,0,-2.5154126,0.36929622292518616,0.936274528503418,0.16342684626579285
YPL195W,YDL134C-A,0,-2.5154126,0.3691534698009491,0.936274528503418,0.16352705657482147
YPL096C-A,YNL191W,0,-2.5154126,0.3690108060836792,0.936274528503418,0.1636272519826889
YJR110W,YCL027C-A,0,-2.5154126,0.36886829137802124,0.936274528503418,0.16372746229171753
YOR211C,YOR343C-B,0,-2.5154126,0.36872586607933044,0.936274528503418,0.16382765769958496
YHR067W,YLR154W-C,0,-2.5154126,0.3685835599899292,0.936274528503418,0.1639278531074524
YBL008W-A,YPR019W,0,-2.5154126,0.3684413433074951,0.936274528503418,0.16402806341648102
YKR095W-A,YLR237W,0,-2.5154126,0.368299275636673,0.936274528503418,0.16412825882434845
YKL138C-A,YDR500C,0,-2.5154126,0.368157297372818,0.936274528503418,0.16422845423221588
YCL005W-A,YDL072C,0,-2.5154126,0.3680154085159302,0.936274528503418,0.1643286645412445
YGL238W,YKL138C-A,0,-2.5154126,0.3678736388683319,0.936274528503418,0.16442885994911194
YLR126C,YDR524C-B,0,-2.5154126,0.3677319884300232,0.936274528503418,0.16452905535697937
YBR200W-A,YEL009C,0,-2.5154126,0.36759045720100403,0.936274528503418,0.164629265666008
YNL315C,YDL134C-A,0,-2.5154126,0.367449015378952,0.936274528503418,0.16472946107387543
YGL210W-A,YOR080W,0,-2.5154126,0.3673076927661896,0.936274528503418,0.16482965648174286
YDL222C,YJL133C-A,0,-2.5154126,0.3671664595603943,0.936274528503418,0.16492986679077148
YGR240C,YNL024C-A,0,-2.5154126,0.36702537536621094,0.936274528503418,0.16503006219863892
YBR200W-A,YFL039C,0,-2.5154126,0.36688435077667236,0.936274528503418,0.16513025760650635
YBL008W-A,YKL139W,0,-2.5154126,0.3667434751987457,0.936274528503418,0.16523046791553497
YFL062W,YFL035C-B,0,-2.5154126,0.36660268902778625,0.936274528503418,0.1653306633234024
YDR210W-D,YMR098C,0,-2.5154126,0.36646202206611633,0.936274528503418,0.16543085873126984
YFL035C-A,YDR016C,0,-2.5154126,0.3663214445114136,0.936274528503418,0.16553106904029846
YDR006C,YDR210W-C,0,-2.5154126,0.36618098616600037,0.936274528503418,0.1656312644481659
YNL265C,YCL027C-A,0,-2.5154126,0.3660406172275543,0.936274528503418,0.16573145985603333
YBR268W,YNL024C-A,0,-2.5154126,0.3659003973007202,0.936274528503418,0.16583167016506195
YKL091C,YKR095W-A,0,-2.5154126,0.3657602369785309,0.936274528503418,0.16593186557292938
YGR108W,YCL005W-A,0,-2.5154126,0.3656202256679535,0.936274528503418,0.16603206098079681
YFL029C,YKR099C-A,0,-2.5154126,0.36548030376434326,0.936274528503418,0.16613227128982544
YCL048W-A,YPR075C,0,-2.5154126,0.3653404712677002,0.936274528503418,0.16623246669769287
YDL134C-A,YJL097W,0,-2.5154126,0.3652007579803467,0.936274528503418,0.1663326621055603
YGL253W,YDR210W-C,0,-2.5154126,0.3650611639022827,0.936274528503418,0.16643287241458893
YOL041C,YCR058C,1,-2.5154126,0.36530378460884094,0.9372549057006836,0.16643287241458893
YML031W,YCL005W-A,0,-2.5154126,0.36516425013542175,0.9372549057006836,0.16653306782245636
YFL035C-A,YNL252C,0,-2.5154126,0.3650248050689697,0.9372549057006836,0.1666332632303238
YFL018W-A,YGR158C,0,-2.5154126,0.36488550901412964,0.9372549057006836,0.16673347353935242
YLR227W-A,YGL210W-A,0,-2.5154126,0.3647462725639343,0.9372549057006836,0.16683366894721985
YCL048W-A,YER074W-A,0,-2.5154126,0.36460715532302856,0.9372549057006836,0.16693386435508728
YNR050C,YPL189C-A,0,-2.5154126,0.36446815729141235,0.9372549057006836,0.1670340746641159
YDR077W,YFL035C-B,0,-2.5154126,0.3643292784690857,0.9372549057006836,0.16713427007198334
YPL092W,YNL024C-A,0,-2.5154126,0.3641904890537262,0.9372549057006836,0.16723446547985077
YLR120C,YNL024C-A,0,-2.5154126,0.36405178904533386,0.9372549057006836,0.1673346757888794
YGR158C,YGL210W-A,0,-2.5154126,0.3639132082462311,0.9372549057006836,0.16743487119674683
YFL035C-A,YPR178W,0,-2.5154126,0.36377474665641785,0.9372549057006836,0.16753506660461426
YHR171W,YKR099C-A,0,-2.5154126,0.3636363744735718,0.9372549057006836,0.16763527691364288
YKL138C-A,YER131W,0,-2.5154126,0.36349809169769287,0.9372549057006836,0.16773547232151031
YKL138C-A,YBR048W,0,-2.5154126,0.3633599281311035,0.9372549057006836,0.16783566772937775
YOR343C-A,YJL052W,0,-2.5154126,0.3632218837738037,0.9372549057006836,0.16793587803840637
YPL189C-A,YLR003C,0,-2.5154126,0.36308392882347107,0.9372549057006836,0.1680360734462738
YPL161C,YLR312C-B,0,-2.5154126,0.362946093082428,0.9372549057006836,0.16813626885414124
YER069W,YBR200W-A,0,-2.5154126,0.36280834674835205,0.9372549057006836,0.16823647916316986
YGL076C,YCR029C-A,0,-2.5154126,0.3626707196235657,0.9372549057006836,0.1683366745710373
YCL048W-A,YDL119C,0,-2.5154126,0.36253318190574646,0.9372549057006836,0.16843686997890472
YJL036W,YGL210W-A,0,-2.5154126,0.3623957633972168,0.9372549057006836,0.16853708028793335
YBR200W-A,YKR010C,0,-2.5154126,0.3622584342956543,0.9372549057006836,0.16863727569580078
YGL185C,YOR343C-B,0,-2.5154126,0.36212122440338135,0.9372549057006836,0.1687374711036682
YNL207W,YNL024C-A,0,-2.5154126,0.36198410391807556,0.9372549057006836,0.16883768141269684
YLR201C,YDL134C-A,0,-2.5154126,0.36184707283973694,0.9372549057006836,0.16893787682056427
YNL024C-A,YPR158C-D,0,-2.5154126,0.36171019077301025,0.9372549057006836,0.1690380722284317
YPL096C-A,YKR030W,0,-2.5154126,0.36157336831092834,0.9372549057006836,0.16913828253746033
YCR020W-B,YDR210W-C,0,-2.5154126,0.361436665058136,0.9372549057006836,0.16923847794532776
YKL101W,YCR029C-A,0,-2.5154126,0.3613000810146332,0.9372549057006836,0.1693386733531952
YPR181C,YCL005W-A,0,-2.5154126,0.36116358637809753,0.9372549057006836,0.16943888366222382
YLR283W,YGL210W-A,0,-2.5154126,0.36102718114852905,0.9372549057006836,0.16953907907009125
YGL210W-A,YNL180C,0,-2.5154126,0.3608908951282501,0.9372549057006836,0.16963927447795868
YKR099C-A,YKR034W,0,-2.5154126,0.36075472831726074,0.9372549057006836,0.1697394847869873
YHL007C,YPL189C-A,0,-2.5154126,0.36061862111091614,0.9372549057006836,0.16983968019485474
YDR524C-B,YAR070W-A,0,-2.5154126,0.36048266291618347,0.9372549057006836,0.16993987560272217
YDR452W,YDR210W-D,0,-2.5154126,0.3603467643260956,0.9372549057006836,0.1700400859117508
YER108C,YPL074W,0,-2.5154126,0.36021101474761963,0.9372549057006836,0.17014028131961823
YCR094W,YDR524C-B,0,-2.5154126,0.36007532477378845,0.9372549057006836,0.17024047672748566
YFL018W-A,YDR443C,0,-2.5154126,0.3599397540092468,0.9372549057006836,0.17034068703651428
YFL035C-A,YDR158W,0,-2.5154126,0.35980430245399475,0.9372549057006836,0.1704408824443817
YFL035C-A,YNL316C,0,-2.5154126,0.35966891050338745,0.9372549057006836,0.17054107785224915
YOR307C,YDL134C-A,0,-2.5154126,0.3595336675643921,0.9372549057006836,0.17064128816127777
YKL138C-A,YDL018C,0,-2.5154126,0.3593984842300415,0.9372549057006836,0.1707414835691452
YDR432W,YHR214W-G,0,-2.5154126,0.35926342010498047,0.9372549057006836,0.17084167897701263
YJL179W,YPL189C-A,0,-2.5154126,0.359128475189209,0.9372549057006836,0.17094188928604126
YGL150C,YCL005W-A,0,-2.5154126,0.35899361968040466,0.9372549057006836,0.1710420846939087
YBL027W,YAR070W-A,0,-2.5154126,0.3588588535785675,0.9372549057006836,0.17114228010177612
YNL310C,YDL134C-A,0,-2.5154126,0.3587242066860199,0.9372549057006836,0.17124249041080475
YKL138C-A,YMR050C,0,-2.5154126,0.35858964920043945,0.9372549057006836,0.17134268581867218
YER113C,YDR210W-D,0,-2.5154126,0.35845518112182617,0.9372549057006836,0.1714428812265396
YPL096C-A,YLR221C,0,-2.5154126,0.35832083225250244,0.9372549057006836,0.17154309153556824
YOR240W,YCL045C,0,-2.5154126,0.3581865727901459,0.9372549057006836,0.17164328694343567
YCR029C-A,YKR013W,0,-2.5154126,0.35805243253707886,0.9372549057006836,0.1717434823513031
YKL185W,YDL134C-A,0,-2.5154126,0.357918381690979,0.9372549057006836,0.17184369266033173
YLR312C-B,YNL133C,0,-2.5154126,0.3577844202518463,0.9372549057006836,0.17194388806819916
YJL102W,YCL048W-A,0,-2.5154126,0.3576505780220032,0.9372549057006836,0.1720440834760666
YDR043C,YCL005W-A,0,-2.5154126,0.3575168251991272,0.9372549057006836,0.17214429378509521
YDR210W-C,YIL052C,0,-2.5154126,0.35738319158554077,0.9372549057006836,0.17224448919296265
YCL031C,YBL101W-A,0,-2.5154126,0.3572496175765991,0.9372549057006836,0.17234468460083008
YPL036W,YBL008W-A,0,-2.5154126,0.357116162776947,0.9372549057006836,0.1724448949098587
YFL035C-A,YGL147C,0,-2.5154126,0.3569828271865845,0.9372549057006836,0.17254509031772614
YDR210C-D,YOR343C-B,0,-2.5154126,0.3568495810031891,0.9372549057006836,0.17264528572559357
YDR409W,YML033W,0,-2.5154126,0.35671642422676086,0.9372549057006836,0.1727454960346222
YJL133C-A,YEL003W,0,-2.5154126,0.3565833568572998,0.9372549057006836,0.17284569144248962
YKR099C-A,YCR044C,0,-2.5154126,0.3564504086971283,0.9372549057006836,0.17294588685035706
YFL056C,YGL210W-A,0,-2.5154126,0.35631754994392395,0.9372549057006836,0.17304609715938568
YBR200W-A,YIL124W,0,-2.5154126,0.35618481040000916,0.9372549057006836,0.1731462925672531
YNR012W,YJL133C-A,0,-2.5154126,0.35605213046073914,0.9372549057006836,0.17324648797512054
YOR298C-A,YFL035C-B,0,-2.5154126,0.35591956973075867,0.9372549057006836,0.17334669828414917
YML063W,YFL035C-B,0,-2.5154126,0.35578712821006775,0.9372549057006836,0.1734468936920166
YCL048W-A,YBR105C,0,-2.5154126,0.355654776096344,0.9372549057006836,0.17354708909988403
YKL160W,YDL134C-A,0,-2.5154126,0.3555225133895874,0.9372549057006836,0.17364729940891266
YKR099C-A,YBL037W,0,-2.5154126,0.355390340089798,0.9372549057006836,0.1737474948167801
YKL129C,YNL024C-A,0,-2.5154126,0.3552582561969757,0.9372549057006836,0.17384769022464752
YKR095W-A,YJL056C,0,-2.5154126,0.355126291513443,0.9372549057006836,0.17394790053367615
YLR312C-B,YMR067C,0,-2.5154126,0.35499441623687744,0.9372549057006836,0.17404809594154358
YPL051W,YPL189C-A,0,-2.5154126,0.35486266016960144,0.9372549057006836,0.174148291349411
YDL134C-A,YLR052W,0,-2.5154126,0.3547309935092926,0.9372549057006836,0.17424850165843964
YLR185W,YDR210W-D,0,-2.5154126,0.3545994162559509,0.9372549057006836,0.17434869706630707
YCL048W-A,YLR150W,0,-2.5154126,0.3544679284095764,0.9372549057006836,0.1744488924741745
YGL184C,YFL018W-A,0,-2.5154126,0.35433655977249146,0.9372549057006836,0.17454910278320312
YJR131W,YAR070W-A,0,-2.5154126,0.35420525074005127,0.9372549057006836,0.17464929819107056
YPL189C-A,YLL021W,0,-2.5154126,0.35407406091690063,0.9372549057006836,0.174749493598938
YNL024C-A,YJR160C,0,-2.5154126,0.35394299030303955,0.9372549057006836,0.1748497039079666
YBL013W,YDL134C-A,0,-2.5154126,0.35381197929382324,0.9372549057006836,0.17494989931583405
YER032W,YKR095W-A,0,-2.5154126,0.3536810874938965,0.9372549057006836,0.17505009472370148
YDR524C-B,YMR312W,0,-2.5154126,0.3535502851009369,0.9372549057006836,0.1751503050327301
YFL018W-A,YHR079C-A,0,-2.5154126,0.35341960191726685,0.9372549057006836,0.17525050044059753
YBL003C,YFL018W-A,0,-2.5154126,0.3532889783382416,0.9372549057006836,0.17535069584846497
YBL008W-A,YGL098W,0,-2.5154126,0.35315847396850586,0.9372549057006836,0.1754509061574936
YGL194C,YLR312C-B,0,-2.5154126,0.3530280590057373,0.9372549057006836,0.17555110156536102
YPL232W,YLR312C-B,0,-2.5154126,0.3528977334499359,0.9372549057006836,0.17565129697322845
YKL138C-A,YGR296W,0,-2.5154126,0.3527675271034241,0.9372549057006836,0.17575150728225708
YLR002C,YHR101C,0,-2.5162792,0.3526374101638794,0.9372549057006836,0.1758517026901245
YPR079W,YIL082W-A,0,-2.5167181,0.3525073826313019,0.9372549057006836,0.17595189809799194
YLL018C-A,YGL043W,0,-2.5170393,0.35237744450569153,0.9372549057006836,0.17605210840702057
YFL011W,YBL100W-B,0,-2.5175433,0.35224759578704834,0.9372549057006836,0.176152303814888
YLR460C,YGR161W-A,0,-2.5179043,0.3521178662776947,0.9372549057006836,0.17625249922275543
YNL113W,YOR192C-A,0,-2.5182543,0.3519882261753082,0.9372549057006836,0.17635270953178406
YKL107W,YOR202W,0,-2.518817,0.3518586754798889,0.9372549057006836,0.1764529049396515
YEL048C,YPR097W,0,-2.5189314,0.35172921419143677,0.9372549057006836,0.17655310034751892
YDR354W,YGL028C,0,-2.5190868,0.3515998423099518,0.9372549057006836,0.17665331065654755
YNL029C,YPR158W-B,0,-2.5195162,0.35147058963775635,0.9372549057006836,0.17675350606441498
YJR060W,YLR378C,0,-2.5196733,0.3513414263725281,0.9372549057006836,0.1768537014722824
YKL199C,YLR193C,0,-2.519888,0.35121235251426697,0.9372549057006836,0.17695391178131104
YJR050W,YER123W,0,-2.5201602,0.351083368062973,0.9372549057006836,0.17705410718917847
YGL238W,YML040W,0,-2.5204785,0.35095447301864624,0.9372549057006836,0.1771543025970459
YGR145W,YDR378C,1,-2.520661,0.3511926531791687,0.9382352828979492,0.1771543025970459
YER003C,YBL003C,0,-2.5209613,0.3510638177394867,0.9382352828979492,0.17725451290607452
YGR161W-A,YBR161W,0,-2.5220833,0.35093510150909424,0.9382352828979492,0.17735470831394196
YPL173W,YCL048W,0,-2.5226638,0.35080644488334656,0.9382352828979492,0.1774549037218094
YBR045C,YPL257W-A,0,-2.522678,0.3506779074668884,0.9382352828979492,0.177555114030838
YGR109W-A,YNL096C,0,-2.5227299,0.35054945945739746,0.9382352828979492,0.17765530943870544
YMR118C,YCR073C,0,-2.5227516,0.35042110085487366,0.9382352828979492,0.17775550484657288
YLL067C,YCR092C,0,-2.5228782,0.350292831659317,0.9382352828979492,0.1778557151556015
YLL018C-A,YHR073W,0,-2.5230975,0.35016465187072754,0.9382352828979492,0.17795591056346893
YMR228W,YNL182C,1,-2.5231876,0.3504023551940918,0.9392156600952148,0.17795591056346893
YHL009C,YER127W,0,-2.5232487,0.3502742350101471,0.9392156600952148,0.17805610597133636
YDR313C,YCL062W,0,-2.5242233,0.35014620423316956,0.9392156600952148,0.178156316280365
YBR251W,YBR090C-A,0,-2.524304,0.3500182628631592,0.9392156600952148,0.17825651168823242
YLL038C,YJL041W,0,-2.5243554,0.34989044070243835,0.9392156600952148,0.17835670709609985
YNR032C-A,YOL072W,0,-2.5243561,0.3497626781463623,0.9392156600952148,0.17845691740512848
YLR441C,YJL091C,0,-2.5244608,0.3496350347995758,0.9392156600952148,0.1785571128129959
YEL055C,YHR147C,0,-2.5252092,0.34950748085975647,0.9392156600952148,0.17865730822086334
YKR079C,YER041W,0,-2.5252151,0.3493800163269043,0.9392156600952148,0.17875751852989197
YDL105W,YHL011C,0,-2.5252924,0.3492526412010193,0.9392156600952148,0.1788577139377594
YOR348C,YOR077W,0,-2.5256581,0.34912535548210144,0.9392156600952148,0.17895790934562683
YHR062C,YAR015W,0,-2.5257154,0.34899818897247314,0.9392156600952148,0.17905811965465546
YGL238W,YNL054W-A,0,-2.5265985,0.3488710820674896,0.9392156600952148,0.1791583150625229
YJL069C,YBL101C,0,-2.5266051,0.34874409437179565,0.9392156600952148,0.17925851047039032
YOR094W,YBR021W,0,-2.5269108,0.34861716628074646,0.9392156600952148,0.17935872077941895
YGR017W,YGL035C,0,-2.5271168,0.3484903573989868,0.9392156600952148,0.17945891618728638
YPR137C-B,YLR210W,0,-2.5272036,0.34836363792419434,0.9392156600952148,0.1795591115951538
YGL238W,YHR003C,0,-2.5272202,0.348237007856369,0.9392156600952148,0.17965932190418243
YJL100W,YNL284C-B,0,-2.5274265,0.34811046719551086,0.9392156600952148,0.17975951731204987
YLR293C,YPR137W,1,-2.5276368,0.3483472466468811,0.9401960968971252,0.17975951731204987
YDR033W,YOL103W-A,0,-2.5284545,0.3482207655906677,0.9401960968971252,0.1798597127199173
YPL092W,YGR284C,0,-2.5284958,0.3480943739414215,0.9401960968971252,0.17995992302894592
YDL205C,YBL046W,0,-2.5287344,0.34796807169914246,0.9401960968971252,0.18006011843681335
YGL257C,YIL027C,0,-2.5291271,0.34784185886383057,0.9401960968971252,0.1801603138446808
YDR471W,YPL075W,0,-2.5291462,0.34771573543548584,0.9401960968971252,0.1802605241537094
YDL134C,YDL075W,0,-2.5292876,0.3475897014141083,0.9401960968971252,0.18036071956157684
YLR131C,YCR031C,0,-2.529495,0.3474637567996979,0.9401960968971252,0.18046091496944427
YDR156W,YNL048W,0,-2.529733,0.347337931394577,0.9401960968971252,0.1805611252784729
YMR041C,YLR427W,0,-2.530159,0.34721216559410095,0.9401960968971252,0.18066132068634033
YHR003C,YAL068C,0,-2.5304766,0.34708648920059204,0.9401960968971252,0.18076151609420776
YML013W,YPL111W,0,-2.5307925,0.3469609320163727,0.9401960968971252,0.1808617264032364
YPL038W,YNL123W,0,-2.5309954,0.3468354344367981,0.9401960968971252,0.18096192181110382
YPL084W,YBR104W,0,-2.5313232,0.34671005606651306,0.9401960968971252,0.18106211721897125
YKL063C,YLR157C-B,0,-2.5317597,0.3465847373008728,0.9401960968971252,0.18116232752799988
YMR201C,YGR292W,0,-2.5318837,0.3464595377445221,0.9401960968971252,0.1812625229358673
YCR077C,YBR044C,0,-2.5319629,0.34633442759513855,0.9401960968971252,0.18136271834373474
YJL154C,YDR198C,0,-2.5321968,0.3462093770503998,0.9401960968971252,0.18146292865276337
YER089C,YBR301W,0,-2.532473,0.34608444571495056,0.9401960968971252,0.1815631240606308
YJL121C,YMR282C,0,-2.5329452,0.3459596037864685,0.9401960968971252,0.18166331946849823
YHR186C,YEL077C,0,-2.5330338,0.3458348214626312,0.9401960968971252,0.18176352977752686
YML125C,YER133W,0,-2.5330565,0.3457101583480835,0.9401960968971252,0.1818637251853943
YGL254W,YOR343W-A,0,-2.533094,0.34558558464050293,0.9401960968971252,0.18196392059326172
YHR122W,YDL129W,0,-2.5333142,0.3454611003398895,0.9401960968971252,0.18206413090229034
YPL256C,YDR166C,0,-2.535069,0.3453367054462433,0.9401960968971252,0.18216432631015778
YGR208W,YNL245C,0,-2.5350966,0.3452123701572418,0.9401960968971252,0.1822645217180252
YGL048C,YOL103W-A,0,-2.5351324,0.3450881540775299,0.9401960968971252,0.18236473202705383
YOR315W,YNL132W,0,-2.535624,0.34496402740478516,0.9401960968971252,0.18246492743492126
YDR446W,YDR500C,0,-2.5365806,0.34483999013900757,0.9401960968971252,0.1825651228427887
YHR148W,YCL012W,0,-2.536872,0.34471604228019714,0.9401960968971252,0.18266533315181732
YMR260C,YCL012W,0,-2.5370169,0.3445921540260315,0.9401960968971252,0.18276552855968475
YJL019W,YHR166C,0,-2.5370631,0.3444683849811554,0.9401960968971252,0.18286573886871338
YER060W,YOL103W-A,0,-2.5372462,0.34434470534324646,0.9401960968971252,0.1829659342765808
YPL158C,YPR104C,0,-2.5376372,0.3442211151123047,0.9401960968971252,0.18306612968444824
YMR211W,YMR154C,0,-2.5378833,0.3440975844860077,0.9401960968971252,0.18316633999347687
YJL153C,YDR098C-A,0,-2.5384316,0.34397417306900024,0.9401960968971252,0.1832665354013443
YDR210C-D,YLR015W,0,-2.5384655,0.34385085105895996,0.9401960968971252,0.18336673080921173
YDR184C,YER041W,0,-2.5384853,0.34372758865356445,0.9401960968971252,0.18346694111824036
YJL012C,YBR142W,0,-2.5387406,0.3436044454574585,0.9401960968971252,0.1835671365261078
YNL082W,YIL043C,0,-2.5389643,0.3434813618659973,0.9401960968971252,0.18366733193397522
YDR261C-C,YNL292W,0,-2.5400121,0.3433583974838257,0.9401960968971252,0.18376754224300385
YOR157C,YOR192C-A,0,-2.540396,0.34323549270629883,0.9401960968971252,0.18386773765087128
YBR060C,YDR098C-A,0,-2.5404048,0.3431127071380615,0.9401960968971252,0.1839679330587387
YDL214C,YBR167C,0,-2.5404296,0.342989981174469,0.9401960968971252,0.18406814336776733
YIL016W,YBR153W,0,-2.5411856,0.34286734461784363,0.9401960968971252,0.18416833877563477
YJL179W,YKR050W,0,-2.541748,0.3427448272705078,0.9401960968971252,0.1842685341835022
YKL155C,YLR336C,0,-2.5421476,0.3426223695278168,0.9401960968971252,0.18436874449253082
YOL137W,YNL275W,0,-2.5424287,0.3425000011920929,0.9401960968971252,0.18446893990039825
YLR413W,YHR187W,0,-2.542719,0.3423777222633362,0.9401960968971252,0.18456913530826569
YER142C,YGR109W-A,0,-2.5430324,0.34225553274154663,0.9401960968971252,0.1846693456172943
YIL111W,YJR099W,0,-2.5433302,0.34213343262672424,0.9401960968971252,0.18476954102516174
YOR191W,YHL026C,0,-2.5437028,0.342011421918869,0.9401960968971252,0.18486973643302917
YNL225C,YKL027W,0,-2.5438476,0.34188947081565857,0.9401960968971252,0.1849699467420578
YGR162W,YKL088W,0,-2.5452614,0.34176763892173767,0.9401960968971252,0.18507014214992523
YBL017C,YOR192C-A,0,-2.54531,0.34164589643478394,0.9401960968971252,0.18517033755779266
YBR088C,YJL136C,0,-2.5455074,0.341524213552475,0.9401960968971252,0.1852705478668213
YDR312W,YGR038W,0,-2.545513,0.3414026200771332,0.9401960968971252,0.18537074327468872
YGL038C,YLR157C-A,0,-2.54562,0.34128114581108093,0.9401960968971252,0.18547093868255615
YLR426W,YHL004W,0,-2.5456338,0.34115973114967346,0.9401960968971252,0.18557114899158478
YHR191C,YAR010C,0,-2.5456748,0.34103840589523315,0.9401960968971252,0.1856713443994522
YLL009C,YOR374W,0,-2.5460153,0.34091717004776,0.9401960968971252,0.18577153980731964
YPR185W,YLR227W-A,0,-2.5462291,0.34079602360725403,0.9401960968971252,0.18587175011634827
YDR339C,YLR288C,0,-2.5468798,0.3406749665737152,0.9401960968971252,0.1859719455242157
YNL257C,YDR324C,0,-2.5473127,0.34055396914482117,0.9401960968971252,0.18607214093208313
YBR112C,YNL284C-B,0,-2.5474916,0.3404330909252167,0.9401960968971252,0.18617235124111176
YKL199C,YDR074W,0,-2.547792,0.34031227231025696,0.9401960968971252,0.1862725466489792
YOL051W,YIR013C,0,-2.547872,0.3401915431022644,0.9401960968971252,0.18637274205684662
YHR154W,YDR034C-D,0,-2.5478783,0.3400709331035614,0.9401960968971252,0.18647295236587524
YNL221C,YDR402C,0,-2.5480506,0.3399503827095032,0.9401960968971252,0.18657314777374268
YJL018W,YNL081C,0,-2.5481615,0.3398299217224121,0.9401960968971252,0.1866733431816101
YDR170W-A,YEL065W,0,-2.5484293,0.3397095203399658,0.9401960968971252,0.18677355349063873
YGR209C,YGL250W,0,-2.5485945,0.3395892381668091,0.9401960968971252,0.18687374889850616
YIL122W,YOR195W,0,-2.5487618,0.3394690155982971,0.9401960968971252,0.1869739443063736
YLR004C,YNL041C,0,-2.5489273,0.3393489122390747,0.9401960968971252,0.18707415461540222
YOL115W,YBL031W,0,-2.5490274,0.33922886848449707,0.9401960968971252,0.18717435002326965
YNL137C,YHR152W,0,-2.5491662,0.3391089141368866,0.9401960968971252,0.18727454543113708
YNR043W,YDL184C,0,-2.5496469,0.3389890491962433,0.9401960968971252,0.1873747557401657
YPR128C,YPR066W,0,-2.5498796,0.33886924386024475,0.9401960968971252,0.18747495114803314
YHR170W,YIL093C,0,-2.5501373,0.33874955773353577,0.9401960968971252,0.18757514655590057
YOL077C,YHR214W,0,-2.5505207,0.33862993121147156,0.9401960968971252,0.1876753568649292
YBL101W-A,YDR300C,0,-2.5505946,0.3385104238986969,0.9401960968971252,0.18777555227279663
YNL139C,YER087C-A,0,-2.5506902,0.338390976190567,0.9401960968971252,0.18787574768066406
YER032W,YPL257W-A,0,-2.5507047,0.3382716178894043,0.9401960968971252,0.1879759579896927
YOR205C,YNR039C,0,-2.5507126,0.33815231919288635,0.9401960968971252,0.18807615339756012
YDR129C,YBR158W,0,-2.5507178,0.33803313970565796,0.9401960968971252,0.18817634880542755
YGL095C,YOL077C,0,-2.5513563,0.33791401982307434,0.9401960968971252,0.18827655911445618
YDR165W,YLR100W,0,-2.5513754,0.3377949893474579,0.9401960968971252,0.1883767545223236
YDL056W,YIL075C,0,-2.5514662,0.3376760482788086,0.9401960968971252,0.18847694993019104
YFL056C,YCR045C,0,-2.551478,0.33755719661712646,0.9401960968971252,0.18857716023921967
YGR261C,YMR208W,0,-2.5517673,0.3374384343624115,0.9401960968971252,0.1886773556470871
YCR086W,YBR153W,0,-2.551856,0.3373197317123413,0.9401960968971252,0.18877755105495453
YMR043W,YJL165C,0,-2.5518825,0.3372011184692383,0.9401960968971252,0.18887776136398315
YPR133C,YGR094W,0,-2.5530558,0.3370825946331024,0.9401960968971252,0.18897795677185059
YMR229C,YKL208W,1,-2.5531833,0.33731552958488464,0.9411764740943909,0.18897795677185059
YDR266C,YMR263W,0,-2.5539398,0.33719703555107117,0.9411764740943909,0.18907815217971802
YGL191W,YHL009W-A,0,-2.555016,0.33707866072654724,0.9411764740943909,0.18917836248874664
YIL004C,YPR186C,0,-2.555151,0.3369603455066681,0.9411764740943909,0.18927855789661407
YML058W,YMR314W,0,-2.5553718,0.3368421196937561,0.9411764740943909,0.1893787533044815
YDR210C-D,YBR221C,0,-2.5555491,0.3367239534854889,0.9411764740943909,0.18947896361351013
YDR261C-C,YDR069C,0,-2.555933,0.33660587668418884,0.9411764740943909,0.18957915902137756
YMR006C,YBR004C,0,-2.5559769,0.33648791909217834,0.9411764740943909,0.189679354429245
YMR106C,YBR258C,0,-2.5562005,0.3363700211048126,0.9411764740943909,0.18977956473827362
YAL008W,YKL213C,0,-2.5563989,0.3362521827220917,0.9411764740943909,0.18987976014614105
YDR252W,YPR158C-D,0,-2.556585,0.3361344635486603,0.9411764740943909,0.18997995555400848
YBR214W,YPL003W,0,-2.55682,0.33601680397987366,0.9411764740943909,0.1900801658630371
YLR418C,YER031C,0,-2.5570602,0.3358992338180542,0.9411764740943909,0.19018036127090454
YLR133W,YPR066W,0,-2.5571966,0.3357817530632019,0.9411764740943909,0.19028055667877197
YDL056W,YOR128C,0,-2.5574012,0.3356643319129944,0.9411764740943909,0.1903807669878006
YNL216W,YLR110C,0,-2.557405,0.33554700016975403,0.9411764740943909,0.19048096239566803
YNL243W,YFR008W,0,-2.557538,0.33542975783348083,0.9411764740943909,0.19058115780353546
YJR064W,YLL014W,0,-2.5577364,0.3353126049041748,0.9411764740943909,0.1906813681125641
YGL029W,YER125W,1,-2.5577908,0.3355447053909302,0.9421568512916565,0.1906813681125641
YLR265C,YGR091W,0,-2.5578773,0.33542758226394653,0.9421568512916565,0.19078156352043152
YKR059W,YPL257W-A,0,-2.5583358,0.33531054854393005,0.9421568512916565,0.19088175892829895
YNL066W,YPL225W,0,-2.5585022,0.33519357442855835,0.9421568512916565,0.19098196923732758
YBL100W-B,YER056C-A,0,-2.5585933,0.3350767195224762,0.9421568512916565,0.191082164645195
YPL175W,YPR158W-A,0,-2.5591578,0.3349599242210388,0.9421568512916565,0.19118236005306244
YDR409W,YHR136C,0,-2.5593615,0.3348432183265686,0.9421568512916565,0.19128257036209106
YDR073W,YKL137W,0,-2.5595155,0.33472657203674316,0.9421568512916565,0.1913827657699585
YIL011W,YPR112C,0,-2.5597775,0.3346100151538849,0.9421568512916565,0.19148296117782593
YKR072C,YDR395W,0,-2.5601344,0.3344935476779938,0.9421568512916565,0.19158317148685455
YEL050C,YDR098C-B,0,-2.5604634,0.3343771696090698,0.9421568512916565,0.19168336689472198
YBR175W,YCL011C,0,-2.5605364,0.33426088094711304,0.9421568512916565,0.19178356230258942
YDL033C,YMR067C,0,-2.5609803,0.334144651889801,0.9421568512916565,0.19188377261161804
YOL154W,YDR384C,0,-2.5613277,0.3340285122394562,0.9421568512916565,0.19198396801948547
YGR029W,YJR007W,0,-2.5613985,0.3339124321937561,0.9421568512916565,0.1920841634273529
YDR261C-C,YMR307W,0,-2.561694,0.3337964713573456,0.9421568512916565,0.19218437373638153
YDR339C,YPR104C,1,-2.5616946,0.3340277671813965,0.9431372284889221,0.19218437373638153
YNL241C,YGL192W,0,-2.5619802,0.33391183614730835,0.9431372284889221,0.19228456914424896
YGR283C,YPR019W,0,-2.5621285,0.333795964717865,0.9431372284889221,0.1923847645521164
YER071C,YNL301C,0,-2.562254,0.3336801826953888,0.9431372284889221,0.19248497486114502
YOR191W,YML067C,0,-2.5629904,0.33356449007987976,0.9431372284889221,0.19258517026901245
YDR450W,YDL012C,0,-2.564857,0.3334488868713379,0.9431372284889221,0.19268536567687988
YLR035C-A,YPL256C,0,-2.5651295,0.3333333432674408,0.9431372284889221,0.1927855759859085
YDR139C,YOR343W-A,0,-2.5653458,0.3332178592681885,0.9431372284889221,0.19288577139377594
YOR262W,YKL092C,0,-2.5654116,0.3331024944782257,0.9431372284889221,0.19298596680164337
YHR105W,YHL007C,0,-2.5656602,0.3329871892929077,0.9431372284889221,0.193086177110672
YJR060W,YHR073W,0,-2.5658524,0.3328719735145569,0.9431372284889221,0.19318637251853943
YLL018C,YHR183W,0,-2.5659535,0.33275681734085083,0.9431372284889221,0.19328656792640686
YBR055C,YKL164C,0,-2.5664778,0.3326417803764343,0.9431372284889221,0.19338677823543549
YKL029C,YNL245C,0,-2.566514,0.3325268030166626,0.9431372284889221,0.19348697364330292
YOR337W,YJR134C,0,-2.5668516,0.33241188526153564,0.9431372284889221,0.19358716905117035
YHR062C,YPR199C,0,-2.5675535,0.33229705691337585,0.9431372284889221,0.19368737936019897
YLL014W,YGR038C-B,0,-2.5677335,0.3321823179721832,0.9431372284889221,0.1937875747680664
YCR070W,YKL158W,0,-2.5680861,0.33206766843795776,0.9431372284889221,0.19388777017593384
YFR046C,YBL005W-A,0,-2.5681682,0.3319530785083771,0.9431372284889221,0.19398798048496246
YBR213W,YFR042W,0,-2.5687494,0.33183857798576355,0.9431372284889221,0.1940881758928299
YGR060W,YNL247W,0,-2.568753,0.3317241370677948,0.9431372284889221,0.19418837130069733
YBR127C,YKL045W,0,-2.5687594,0.3316097855567932,0.9431372284889221,0.19428858160972595
YDL236W,YOR234C,0,-2.56909,0.3314955234527588,0.9431372284889221,0.19438877701759338
YKR052C,YBR167C,0,-2.5693717,0.33138132095336914,0.9431372284889221,0.19448897242546082
YDR280W,YJL181W,0,-2.5701594,0.33126720786094666,0.9431372284889221,0.19458918273448944
YPL162C,YJR099W,0,-2.5702977,0.33115318417549133,0.9431372284889221,0.19468937814235687
YBR069C,YGR161C-D,0,-2.5703094,0.3310392200946808,0.9431372284889221,0.1947895735502243
YJL033W,YMR232W,0,-2.5706291,0.3309253454208374,0.9431372284889221,0.19488978385925293
YOR334W,YML077W,0,-2.5707104,0.3308115601539612,0.9431372284889221,0.19498997926712036
YPR095C,YOR035C,0,-2.5710022,0.33069783449172974,0.9431372284889221,0.1950901746749878
YLR418C,YIL150C,0,-2.571793,0.33058419823646545,0.9431372284889221,0.19519038498401642
YOR063W,YDR341C,0,-2.5721965,0.33047062158584595,0.9431372284889221,0.19529058039188385
YNL248C,YDL205C,0,-2.5722828,0.3303571343421936,0.9431372284889221,0.19539077579975128
YAR015W,YER088C,0,-2.5724542,0.3302437365055084,0.9431372284889221,0.1954909861087799
YPR120C,YFR046C,0,-2.5725455,0.330130398273468,0.9431372284889221,0.19559118151664734
YDR291W,YFL003C,0,-2.5729449,0.3300171494483948,0.9431372284889221,0.19569137692451477
YGR058W,YNR049C,0,-2.5730078,0.3299039900302887,0.9431372284889221,0.1957915872335434
YKL156W,YML127W,1,-2.573112,0.33013370633125305,0.9441176652908325,0.1957915872335434
YPL056C,YBR142W,0,-2.573257,0.33002057671546936,0.9441176652908325,0.19589178264141083
YHL022C,YKR067W,0,-2.573698,0.32990750670433044,0.9441176652908325,0.19599197804927826
YHL016C,YDR349C,0,-2.5737395,0.3297945261001587,0.9441176652908325,0.19609218835830688
YBR098W,YKR038C,0,-2.5738876,0.3296816051006317,0.9441176652908325,0.19619238376617432
YPR104C,YBR048W,1,-2.5747664,0.3299110233783722,0.9450980424880981,0.19619238376617432
YLL011W,YDL129W,0,-2.5748715,0.32979816198349,0.9450980424880981,0.19629257917404175
YGR027W-A,YDR115W,0,-2.5749283,0.32968536019325256,0.9450980424880981,0.19639278948307037
YGR116W,YFL034C-B,0,-2.5751152,0.3295726478099823,0.9450980424880981,0.1964929848909378
YGR027W-B,YOR173W,0,-2.575532,0.3294600248336792,0.9450980424880981,0.19659318029880524
YOR037W,YOR181W,0,-2.5767243,0.3293474614620209,0.9450980424880981,0.19669339060783386
YIL150C,YDR013W,0,-2.5771167,0.3292349874973297,0.9450980424880981,0.1967935860157013
YGR027W-B,YOR258W,0,-2.5773938,0.3291225731372833,0.9450980424880981,0.19689378142356873
YLL018C-A,YKR100C,0,-2.577585,0.3290102481842041,0.9450980424880981,0.19699399173259735
YIL017C,YMR022W,0,-2.5776281,0.32889798283576965,0.9450980424880981,0.19709418714046478
YKL132C,YKR075C,0,-2.5780191,0.32878580689430237,0.9450980424880981,0.19719438254833221
YLR418C,YPL060C-A,0,-2.5781732,0.32867372035980225,0.9450980424880981,0.19729459285736084
YHR062C,YMR228W,1,-2.5784726,0.3289025127887726,0.9460784196853638,0.19729459285736084
YGL079W,YDL165W,0,-2.5784929,0.32879045605659485,0.9460784196853638,0.19739478826522827
YLL057C,YOR133W,0,-2.5792813,0.3286784887313843,0.9460784196853638,0.1974949836730957
YNL146W,YDR018C,0,-2.5794039,0.3285665512084961,0.9460784196853638,0.19759519398212433
YML126C,YGL227W,0,-2.57993,0.32845473289489746,0.9460784196853638,0.19769538938999176
YLR135W,YKL021C,0,-2.5801384,0.3283429741859436,0.9460784196853638,0.1977955847978592
YEL019C,YBR012W-A,0,-2.5806246,0.3282313048839569,0.9460784196853638,0.19789579510688782
YLR045C,YPR143W,0,-2.5807352,0.328119695186615,0.9460784196853638,0.19799599051475525
YGL178W,YER108C,0,-2.5808024,0.32800814509391785,0.9460784196853638,0.19809618592262268
YER118C,YER099C,0,-2.5809162,0.32789671421051025,0.9460784196853638,0.1981963962316513
YMR042W,YDR147W,0,-2.5809379,0.32778531312942505,0.9460784196853638,0.19829659163951874
YKL073W,YGL127C,0,-2.5811324,0.3276740312576294,0.9460784196853638,0.19839678704738617
YNL317W,YOR192C-A,0,-2.5813994,0.3275628089904785,0.9460784196853638,0.1984969973564148
YJR135C,YBL003C,0,-2.5818162,0.3274516463279724,0.9460784196853638,0.19859719276428223
YPL128C,YER120W,0,-2.5822244,0.32734057307243347,0.9460784196853638,0.19869738817214966
YOL069W,YBR152W,0,-2.582303,0.3272295594215393,0.9460784196853638,0.19879759848117828
YPL175W,YHR206W,0,-2.5823603,0.3271186351776123,0.9460784196853638,0.19889779388904572
YFR024C,YOL023W,0,-2.582533,0.32700780034065247,0.9460784196853638,0.19899798929691315
YPR169W,YAL044C,0,-2.5828846,0.3268970251083374,0.9460784196853638,0.19909819960594177
YGL093W,YER083C,0,-2.583034,0.3267863094806671,0.9460784196853638,0.1991983950138092
YOR360C,YHL018W,0,-2.5830905,0.326675683259964,0.9460784196853638,0.19929859042167664
YMR029C,YOR192C-B,0,-2.5833716,0.326565146446228,0.9460784196853638,0.19939880073070526
YEL071W,YBR240C,0,-2.583406,0.32645466923713684,0.9460784196853638,0.1994989961385727
YNR055C,YLR071C,0,-2.5834944,0.3263442814350128,0.9460784196853638,0.19959919154644012
YOR002W,YDR134C,0,-2.5835714,0.32623395323753357,0.9460784196853638,0.19969940185546875
YJL106W,YGR038C-A,0,-2.583816,0.3261236846446991,0.9460784196853638,0.19979959726333618
YJR016C,YKL017C,0,-2.5842304,0.3260135054588318,0.9460784196853638,0.1998997926712036
YGL133W,YNL118C,0,-2.584557,0.32590341567993164,0.9460784196853638,0.20000000298023224
YPL022W,YML069W,0,-2.585289,0.32579338550567627,0.9460784196853638,0.20010019838809967
YER021W,YJL138C,0,-2.5858526,0.3256834149360657,0.9460784196853638,0.2002003937959671
YDR520C,YNL087W,0,-2.5859873,0.32557356357574463,0.9460784196853638,0.20030060410499573
YJL122W,YIL053W,0,-2.5860577,0.32546374201774597,0.9460784196853638,0.20040079951286316
YIL138C,YHL033C,0,-2.5863507,0.3253540098667145,0.9460784196853638,0.2005009949207306
YNL207W,YBR060C,0,-2.586632,0.32524436712265015,0.9460784196853638,0.20060120522975922
YJL001W,YBR038W,0,-2.5868025,0.3251347839832306,0.9460784196853638,0.20070140063762665
YMR171C,YER048W-A,0,-2.5869172,0.3250252604484558,0.9460784196853638,0.20080159604549408
YPR168W,YDR284C,0,-2.5871205,0.3249158263206482,0.9460784196853638,0.2009018063545227
YNL133C,YCL062W,0,-2.5873573,0.32480645179748535,0.9460784196853638,0.20100200176239014
YAL055W,YPL171C,0,-2.5875635,0.3246971666812897,0.9460784196853638,0.20110219717025757
YMR163C,YJL097W,0,-2.5878327,0.32458797097206116,0.9460784196853638,0.2012024074792862
YCL055W,YDL082W,0,-2.5880215,0.32447880506515503,0.9460784196853638,0.20130260288715363
YML075C,YEL002C,0,-2.5900378,0.32436975836753845,0.9460784196853638,0.20140279829502106
YFR024C,YEL039C,0,-2.5902803,0.32426074147224426,0.9460784196853638,0.20150300860404968
YGR063C,YIL053W,0,-2.590341,0.3241518437862396,0.9460784196853638,0.20160320401191711
YHR098C,YPL037C,0,-2.5910184,0.3240429759025574,0.9460784196853638,0.20170339941978455
YPR141C,YOL006C,0,-2.5916042,0.3239341974258423,0.9460784196853638,0.20180360972881317
YJL051W,YNL112W,0,-2.591631,0.32382550835609436,0.9460784196853638,0.2019038051366806
YAL011W,YGR200C,0,-2.5916822,0.3237168788909912,0.9460784196853638,0.20200401544570923
YGR024C,YPL183C,0,-2.5917878,0.32360830903053284,0.9460784196853638,0.20210421085357666
YMR306W,YGR161W-A,0,-2.591931,0.3234998285770416,0.9460784196853638,0.2022044062614441
YLR157C-B,YGR001C,0,-2.5927129,0.3233914077281952,0.9460784196853638,0.20230461657047272
YER031C,YDL213C,0,-2.5933387,0.3232830762863159,0.9460784196853638,0.20240481197834015
YMR309C,YGR161C-D,0,-2.5938292,0.3231748044490814,0.9460784196853638,0.20250500738620758
YOL020W,YGR140W,0,-2.5938632,0.3230666220188141,0.9460784196853638,0.2026052176952362
YGL195W,YCL029C,0,-2.5942283,0.32295849919319153,0.9460784196853638,0.20270541310310364
YPL237W,YJL139C,0,-2.5942307,0.32285046577453613,0.9460784196853638,0.20280560851097107
YBR135W,YCR058C,0,-2.5942638,0.3227424621582031,0.9460784196853638,0.2029058188199997
YNL287W,YJL177W,0,-2.5946703,0.32263457775115967,0.9460784196853638,0.20300601422786713
YHR039C,YOL103W-A,0,-2.594943,0.3225267231464386,0.9460784196853638,0.20310620963573456
YDL109C,YDR252W,0,-2.5954385,0.3224189877510071,0.9460784196853638,0.20320641994476318
YGL111W,YOL031C,0,-2.595654,0.32231128215789795,0.9460784196853638,0.20330661535263062
YBR133C,YKL135C,0,-2.5965164,0.322203665971756,0.9460784196853638,0.20340681076049805
YOR389W,YHR035W,0,-2.5966892,0.3220961391925812,0.9460784196853638,0.20350702106952667
YPR118W,YBR175W,0,-2.5968697,0.32198864221572876,0.9460784196853638,0.2036072164773941
YPR033C,YHL022C,0,-2.5969033,0.3218812644481659,0.9460784196853638,0.20370741188526154
YCL063W,YGL077C,0,-2.5969384,0.3217739164829254,0.9460784196853638,0.20380762219429016
YDL135C,YLR276C,0,-2.597096,0.3216666579246521,0.9460784196853638,0.2039078176021576
YJL018W,YOL148C,0,-2.5979884,0.32155948877334595,0.9460784196853638,0.20400801301002502
YOL005C,YDL042C,0,-2.598052,0.32145237922668457,0.9460784196853638,0.20410822331905365
YML011C,YDL166C,0,-2.5980592,0.32134532928466797,0.9460784196853638,0.20420841872692108
YDR315C,YHR072W-A,0,-2.5993874,0.32123833894729614,0.9460784196853638,0.2043086141347885
YBR167C,YDR378C,1,-2.599421,0.3214642405509949,0.9470587968826294,0.2043086141347885
YDR210C-D,YPL061W,0,-2.5994434,0.32135728001594543,0.9470587968826294,0.20440882444381714
YHR089C,YDL138W,0,-2.599537,0.32125040888786316,0.9470587968826294,0.20450901985168457
YJR135W-A,YOL006C,0,-2.5995836,0.32114362716674805,0.9470587968826294,0.204609215259552
YDR480W,YLR004C,0,-2.5998855,0.3210368752479553,0.9470587968826294,0.20470942556858063
YJL013C,YJL115W,0,-2.6008406,0.32093024253845215,0.9470587968826294,0.20480962097644806
YHR214C-C,YOL068C,0,-2.6010046,0.32082363963127136,0.9470587968826294,0.2049098163843155
YGL005C,YKL008C,0,-2.6014733,0.32071712613105774,0.9470587968826294,0.20501002669334412
YDR028C,YPL117C,0,-2.6016026,0.3206106722354889,0.9470587968826294,0.20511022210121155
YFL034C-A,YMR283C,0,-2.6016057,0.3205043077468872,0.9470587968826294,0.20521041750907898
YNL213C,YDR261C-C,0,-2.6016483,0.3203980028629303,0.9470587968826294,0.2053106278181076
YDR432W,YBR167C,1,-2.6020477,0.32062333822250366,0.9480392336845398,0.2053106278181076
YGR067C,YHR079C-B,0,-2.6020653,0.32051706314086914,0.9480392336845398,0.20541082322597504
YLR368W,YER127W,0,-2.6023397,0.3204108774662018,0.9480392336845398,0.20551101863384247
YNL145W,YNL289W,0,-2.6024446,0.3203047513961792,0.9480392336845398,0.2056112289428711
YPL132W,YIL098C,0,-2.6029055,0.3201986849308014,0.9480392336845398,0.20571142435073853
YOR336W,YKL192C,0,-2.6030102,0.32009267807006836,0.9480392336845398,0.20581161975860596
YHR065C,YPR055W,0,-2.603165,0.3199867606163025,0.9480392336845398,0.20591183006763458
YGR124W,YDR464W,0,-2.6038542,0.3198809027671814,0.9480392336845398,0.20601202547550201
YJR159W,YCR097W,0,-2.6038961,0.31977513432502747,0.9480392336845398,0.20611222088336945
YJR089W,YMR091C,0,-2.6042562,0.3196694254875183,0.9480392336845398,0.20621243119239807
YHR034C,YLR441C,1,-2.6042926,0.3198942542076111,0.9490196108818054,0.20621243119239807
YLR258W,YAR033W,0,-2.6044083,0.3197885751724243,0.9490196108818054,0.2063126266002655
YML115C,YBR106W,0,-2.604414,0.3196829557418823,0.9490196108818054,0.20641282200813293
YML106W,YGL023C,0,-2.6054616,0.3195774257183075,0.9490196108818054,0.20651303231716156
YDL119C,YHR080C,0,-2.6056387,0.31947195529937744,0.9490196108818054,0.206613227725029
YEL019C,YDR261C,0,-2.6059,0.31936654448509216,0.9490196108818054,0.20671342313289642
YLR154C,YCR028C-A,0,-2.606288,0.31926122307777405,0.9490196108818054,0.20681363344192505
YDR098C,YJR094W-A,0,-2.6068206,0.3191559612751007,0.9490196108818054,0.20691382884979248
YGR215W,YGL129C,0,-2.6070676,0.31905075907707214,0.9490196108818054,0.2070140242576599
YLR093C,YJR150C,0,-2.6070902,0.31894564628601074,0.9490196108818054,0.20711423456668854
YDL205C,YNL099C,0,-2.6076026,0.3188405930995941,0.9490196108818054,0.20721442997455597
YNL308C,YLR371W,0,-2.6078434,0.31873559951782227,0.9490196108818054,0.2073146253824234
YHR014W,YNL036W,0,-2.6080298,0.3186306655406952,0.9490196108818054,0.20741483569145203
YNL186W,YLR239C,0,-2.6081748,0.3185258209705353,0.9490196108818054,0.20751503109931946
YER174C,YGL135W,0,-2.6081753,0.31842106580734253,0.9490196108818054,0.2076152265071869
YNR055C,YIL040W,0,-2.6087425,0.31831634044647217,0.9490196108818054,0.20771543681621552
YPL190C,YHL009C,0,-2.6088297,0.31821170449256897,0.9490196108818054,0.20781563222408295
YNL245C,YLR419W,0,-2.609037,0.31810712814331055,0.9490196108818054,0.20791582763195038
YML096W,YGR138C,0,-2.6091387,0.3180026412010193,0.9490196108818054,0.208016037940979
YER160C,YDL136W,0,-2.609387,0.3178981840610504,0.9490196108818054,0.20811623334884644
YDR533C,YJL196C,0,-2.6095495,0.3177938163280487,0.9490196108818054,0.20821642875671387
YFL056C,YBR060C,0,-2.6098518,0.31768953800201416,0.9490196108818054,0.2083166390657425
YOR079C,YKR064W,0,-2.6099193,0.317585289478302,0.9490196108818054,0.20841683447360992
YBR085W,YOR101W,0,-2.6099415,0.317481130361557,0.9490196108818054,0.20851702988147736
YLR357W,YBL006C,0,-2.6100802,0.3173770606517792,0.9490196108818054,0.20861724019050598
YGR212W,YBR070C,0,-2.6102483,0.31727302074432373,0.9490196108818054,0.2087174355983734
YBR085W,YML066C,0,-2.6105525,0.31716907024383545,0.9490196108818054,0.20881763100624084
YDR434W,YFL002W-A,0,-2.6108155,0.31706517934799194,0.9490196108818054,0.20891784131526947
YGR062C,YPL198W,0,-2.61137,0.3169613480567932,0.9490196108818054,0.2090180367231369
YGR005C,YGR035C,0,-2.6114717,0.31685760617256165,0.9490196108818054,0.20911823213100433
YGR262C,YIL137C,0,-2.6116996,0.31675392389297485,0.9490196108818054,0.20921844244003296
YNL137C,YJL113W,0,-2.6124513,0.31665030121803284,0.9490196108818054,0.2093186378479004
YHR140W,YOR122C,0,-2.612481,0.316546767950058,0.9490196108818054,0.20941883325576782
YER082C,YCR018C,1,-2.6134903,0.31677019596099854,0.949999988079071,0.20941883325576782
YLL035W,YDR430C,0,-2.6135788,0.3166666626930237,0.949999988079071,0.20951904356479645
YAL042W,YBR030W,0,-2.6140232,0.316563218832016,0.949999988079071,0.20961923897266388
YER172C,YER160C,0,-2.6140246,0.3164598345756531,0.949999988079071,0.2097194343805313
YPL159C,YLR138W,0,-2.6141562,0.31635650992393494,0.949999988079071,0.20981964468955994
YCL019W,YDR485C,0,-2.614461,0.31625327467918396,0.949999988079071,0.20991984009742737
YPL116W,YDR261C-C,0,-2.6145601,0.31615006923675537,0.949999988079071,0.2100200355052948
YML046W,YOL069W,0,-2.6147046,0.31604695320129395,0.949999988079071,0.21012024581432343
YCR088W,YHR110W,0,-2.61478,0.3159439265727997,0.949999988079071,0.21022044122219086
YGL194C,YBR211C,0,-2.6151628,0.3158409297466278,0.949999988079071,0.2103206366300583
YIL118W,YOR192C-B,0,-2.6153102,0.3157380223274231,0.949999988079071,0.21042084693908691
YDR037W,YDL164C,0,-2.6154325,0.31563517451286316,0.949999988079071,0.21052104234695435
YLR283W,YDR342C,0,-2.6154377,0.315532386302948,0.949999988079071,0.21062123775482178
YNR053C,YBR152W,0,-2.6155484,0.3154296875,0.949999988079071,0.2107214480638504
YHR027C,YBR085W,0,-2.6157482,0.3153270483016968,0.949999988079071,0.21082164347171783
YDR325W,YJR033C,0,-2.6158109,0.31522446870803833,0.949999988079071,0.21092183887958527
YDL189W,YIL014W,0,-2.616253,0.31512194871902466,0.949999988079071,0.2110220491886139
YHR042W,YPL105C,0,-2.6165643,0.31501951813697815,0.949999988079071,0.21112224459648132
YOL042W,YCL048W,0,-2.6168742,0.31491711735725403,0.949999988079071,0.21122244000434875
YMR154C,YDR098C-A,0,-2.6170044,0.31481480598449707,0.949999988079071,0.21132265031337738
YDR408C,YFL025C,0,-2.617433,0.3147125542163849,0.949999988079071,0.2114228457212448
YCL048W,YPR143W,0,-2.6178565,0.31461039185523987,0.949999988079071,0.21152304112911224
YNL328C,YLR304C,0,-2.6181095,0.3145082890987396,0.949999988079071,0.21162325143814087
YMR128W,YER125W,1,-2.6181507,0.314730703830719,0.9509803652763367,0.21162325143814087
YDR440W,YPL108W,0,-2.6186302,0.31462860107421875,0.9509803652763367,0.2117234468460083
YLR238W,YHR052W,0,-2.6186495,0.31452658772468567,0.9509803652763367,0.21182364225387573
YDL066W,YOR192C-A,0,-2.6191232,0.31442463397979736,0.9509803652763367,0.21192385256290436
YLR147C,YOR197W,0,-2.6196694,0.31432273983955383,0.9509803652763367,0.2120240479707718
YNL321W,YLR227W-A,0,-2.6201859,0.31422093510627747,0.9509803652763367,0.21212424337863922
YER129W,YGR038C-A,0,-2.620932,0.3141191601753235,0.9509803652763367,0.21222445368766785
YDL113C,YER039C,0,-2.6211407,0.31401747465133667,0.9509803652763367,0.21232464909553528
YNL002C,YGR188C,0,-2.621295,0.31391584873199463,0.9509803652763367,0.2124248445034027
YCR009C,YOR293W,0,-2.6213555,0.31381431221961975,0.9509803652763367,0.21252505481243134
YCR045C,YLR388W,0,-2.6215816,0.31371280550956726,0.9509803652763367,0.21262525022029877
YLR234W,YGR289C,0,-2.6217232,0.31361138820648193,0.9509803652763367,0.2127254456281662
YMR048W,YEL061C,0,-2.6218183,0.3135100305080414,0.9509803652763367,0.21282565593719482
YPL048W,YOR312C,0,-2.621903,0.3134087324142456,0.9509803652763367,0.21292585134506226
YJR029W,YNR041C,0,-2.6220312,0.3133074939250946,0.9509803652763367,0.2130260467529297
YBR244W,YKR029C,0,-2.6224036,0.3132063150405884,0.9509803652763367,0.2131262570619583
YPL145C,YAL068C,0,-2.6229014,0.3131052255630493,0.9509803652763367,0.21322645246982574
YHR034C,YNL221C,1,-2.624321,0.3133268654346466,0.9519608020782471,0.21322645246982574
YML040W,YML107C,0,-2.6244016,0.31322580575942993,0.9519608020782471,0.21332664787769318
YCR092C,YGR030C,0,-2.6245737,0.31312480568885803,0.9519608020782471,0.2134268581867218
YJR155W,YMR286W,0,-2.6247933,0.3130238652229309,0.9519608020782471,0.21352705359458923
YNL152W,YCR031C,0,-2.6252792,0.31292298436164856,0.9519608020782471,0.21362724900245667
YLR233C,YML042W,0,-2.6254737,0.312822163105011,0.9519608020782471,0.2137274593114853
YGL124C,YFR049W,0,-2.6259794,0.3127214312553406,0.9519608020782471,0.21382765471935272
YOR272W,YOR068C,0,-2.6260154,0.31262072920799255,0.9519608020782471,0.21392785012722015
YOR069W,YOR192C-B,0,-2.6261234,0.3125201165676117,0.9519608020782471,0.21402806043624878
YKL158W,YKR067W,0,-2.6263027,0.3124195635318756,0.9519608020782471,0.2141282558441162
YLR421C,YMR268C,0,-2.6263561,0.3123190701007843,0.9519608020782471,0.21422845125198364
YNL330C,YML104C,0,-2.6265047,0.31221863627433777,0.9519608020782471,0.21432866156101227
YPR168W,YHR020W,0,-2.6269417,0.3121182918548584,0.9519608020782471,0.2144288569688797
YGR027W-A,YDR541C,0,-2.6269631,0.3120180070400238,0.9519608020782471,0.21452905237674713
YNL045W,YCL038C,0,-2.6269813,0.3119177520275116,0.9519608020782471,0.21462926268577576
YMR153W,YBR048W,0,-2.6271086,0.31181758642196655,0.9519608020782471,0.2147294580936432
YJL001W,YGL226W,0,-2.6271858,0.31171751022338867,0.9519608020782471,0.21482965350151062
YER094C,YOR192C-A,0,-2.627482,0.3116174638271332,0.9519608020782471,0.21492986381053925
YDL159W,YNL245C,0,-2.6276035,0.31151747703552246,0.9519608020782471,0.21503005921840668
YCR070W,YLR155C,0,-2.6276615,0.3114175796508789,0.9519608020782471,0.2151302546262741
YJL073W,YBR146W,0,-2.6278882,0.3113177418708801,0.9519608020782471,0.21523046493530273
YLR007W,YBL004W,0,-2.6280394,0.31121793389320374,0.9519608020782471,0.21533066034317017
YMR247C,YDR025W,0,-2.6280947,0.3111182451248169,0.9519608020782471,0.2154308557510376
YBR123C,YOR361C,0,-2.6281257,0.31101858615875244,0.9519608020782471,0.21553106606006622
YCL011C,YGL181W,0,-2.628229,0.31091898679733276,0.9519608020782471,0.21563126146793365
YOL140W,YGL207W,0,-2.6285973,0.31081947684288025,0.9519608020782471,0.2157314568758011
YGL238W,YDR283C,0,-2.6286378,0.3107199966907501,0.9519608020782471,0.2158316671848297
YGR006W,YGR280C,0,-2.6286635,0.31062060594558716,0.9519608020782471,0.21593186259269714
YPL224C,YPL060C-A,0,-2.6288576,0.31052127480506897,0.9519608020782471,0.21603205800056458
YJL179W,YPL194W,0,-2.629027,0.31042200326919556,0.9519608020782471,0.2161322683095932
YMR105C,YGL104C,0,-2.629078,0.3103227913379669,0.9519608020782471,0.21623246371746063
YPR158W-A,YHR063C,0,-2.6291156,0.31022363901138306,0.9519608020782471,0.21633265912532806
YER019W,YJR041C,0,-2.629184,0.31012454628944397,0.9519608020782471,0.2164328694343567
YDL105W,YGR262C,0,-2.6292813,0.31002554297447205,0.9519608020782471,0.21653306484222412
YPL081W,YMR285C,1,-2.629326,0.3102457821369171,0.9529411792755127,0.21653306484222412
YIR009W,YGL002W,0,-2.6310568,0.3101467788219452,0.9529411792755127,0.21663326025009155
YLR120C,YNL098C,0,-2.6312916,0.31004783511161804,0.9529411792755127,0.21673347055912018
YLR126C,YPL060C-A,0,-2.6313212,0.30994898080825806,0.9529411792755127,0.2168336659669876
YER146W,YDR384C,0,-2.631598,0.30985018610954285,0.9529411792755127,0.21693386137485504
YDR331W,YIL096C,0,-2.6319196,0.30975142121315,0.9529411792755127,0.21703407168388367
YDR487C,YKR098C,0,-2.631969,0.30965274572372437,0.9529411792755127,0.2171342670917511
YOR259C,YLR056W,0,-2.6321177,0.3095541298389435,0.9529411792755127,0.21723446249961853
YGR046W,YGR055W,0,-2.6322007,0.3094555735588074,0.9529411792755127,0.21733467280864716
YDR210C-D,YCR003W,0,-2.6329846,0.3093571066856384,0.9529411792755127,0.2174348682165146
YOR330C,YEL016C,0,-2.6330762,0.30925866961479187,0.9529411792755127,0.21753506362438202
YDR312W,YBR103W,0,-2.633651,0.3091602921485901,0.9529411792755127,0.21763527393341064
YIL051C,YGR157W,0,-2.6337404,0.30906200408935547,0.9529411792755127,0.21773546934127808
YDR325W,YPL171C,0,-2.6340795,0.3089637756347656,0.9529411792755127,0.2178356647491455
YDR020C,YPR007C,0,-2.6341655,0.30886557698249817,0.9529411792755127,0.21793587505817413
YNL225C,YPR016C,0,-2.634241,0.3087674677371979,0.9529411792755127,0.21803607046604156
YBR123C,YOR096W,0,-2.6342592,0.30866941809654236,0.9529411792755127,0.218136265873909
YGL145W,YCL057C-A,0,-2.6346874,0.3085714280605316,0.9529411792755127,0.21823647618293762
YLR382C,YOR178C,0,-2.6355987,0.30847349762916565,0.9529411792755127,0.21833667159080505
YNR022C,YHR216W,0,-2.6357105,0.30837562680244446,0.9529411792755127,0.21843686699867249
YKL069W,YPL204W,0,-2.6357498,0.30827784538269043,0.9529411792755127,0.2185370773077011
YKL032C,YPR054W,0,-2.63583,0.3081800937652588,0.9529411792755127,0.21863727271556854
YDL056W,YJR109C,0,-2.6360285,0.3080824017524719,0.9529411792755127,0.21873746812343597
YGR074W,YMR288W,0,-2.6361742,0.3079847991466522,0.9529411792755127,0.2188376784324646
YMR100W,YJL058C,0,-2.6366816,0.3078872263431549,0.9529411792755127,0.21893787384033203
YIL156W,YBR213W,0,-2.6369977,0.30778974294662476,0.9529411792755127,0.21903806924819946
YDR363W-A,YJL177W,0,-2.6371753,0.3076923191547394,0.9529411792755127,0.2191382795572281
YDL143W,YGR161C-D,0,-2.6372736,0.3075949251651764,0.9529411792755127,0.21923847496509552
YKL014C,YMR050C,0,-2.6372921,0.30749762058258057,0.9529411792755127,0.21933867037296295
YDR315C,YOR386W,0,-2.6373444,0.3074003756046295,0.9529411792755127,0.21943888068199158
YBR103W,YOR032C,0,-2.637885,0.30730319023132324,0.9529411792755127,0.219539076089859
YAR007C,YJR047C,0,-2.6380794,0.30720606446266174,0.9529411792755127,0.21963927149772644
YOL156W,YDR334W,0,-2.6384368,0.307108998298645,0.9529411792755127,0.21973948180675507
YLR037C,YHR152W,0,-2.6388283,0.30701199173927307,0.9529411792755127,0.2198396772146225
YLR007W,YDR261W-B,0,-2.6389241,0.3069150745868683,0.9529411792755127,0.21993987262248993
YDR437W,YDR091C,0,-2.6391459,0.3068181872367859,0.9529411792755127,0.22004008293151855
YDR358W,YDL223C,0,-2.6394982,0.30672135949134827,0.9529411792755127,0.220140278339386
YKR072C,YBL055C,0,-2.639925,0.3066245913505554,0.9529411792755127,0.22024047374725342
YMR142C,YOR343W-A,0,-2.6399536,0.30652791261672974,0.9529411792755127,0.22034068405628204
YBR166C,YKR092C,0,-2.640072,0.30643126368522644,0.9529411792755127,0.22044087946414948
YLR008C,YHR024C,0,-2.6405435,0.3063347041606903,0.9529411792755127,0.2205410748720169
YIL091C,YDL161W,0,-2.6408265,0.30623817443847656,0.9529411792755127,0.22064128518104553
YOR191W,YCR073C,0,-2.6410618,0.30614173412323,0.9529411792755127,0.22074148058891296
YDR156W,YDR113C,0,-2.6410794,0.3060453534126282,0.9529411792755127,0.2208416759967804
YBR237W,YOL125W,0,-2.6411014,0.30594900250434875,0.9529411792755127,0.22094188630580902
YGL086W,YFL026W,0,-2.641108,0.3058527410030365,0.9529411792755127,0.22104208171367645
YGL064C,YML081C-A,0,-2.6415284,0.305756539106369,0.9529411792755127,0.22114227712154388
YMR228W,YGL029W,1,-2.6418738,0.3059748411178589,0.9539215564727783,0.22114227712154388
YJR121W,YKL158W,0,-2.6421678,0.3058786690235138,0.9539215564727783,0.2212424874305725
YGL201C,YGL249W,0,-2.6423585,0.3057825267314911,0.9539215564727783,0.22134268283843994
YGR159C,YDR393W,0,-2.6423597,0.30568647384643555,0.9539215564727783,0.22144289314746857
YER015W,YHR083W,0,-2.6425147,0.3055904507637024,0.9539215564727783,0.221543088555336
YMR226C,YPR016C,0,-2.6425157,0.3054945170879364,0.9539215564727783,0.22164328396320343
YML123C,YCL059C,0,-2.642599,0.3053986132144928,0.9539215564727783,0.22174349427223206
YJL012C,YER112W,0,-2.6429472,0.30530279874801636,0.9539215564727783,0.2218436896800995
YLR071C,YDR363W,0,-2.6431372,0.3052070140838623,0.9539215564727783,0.22194388508796692
YJR090C,YLL053C,0,-2.6431806,0.3051113188266754,0.9539215564727783,0.22204409539699554
YGR088W,YBR161W,0,-2.6434698,0.3050156831741333,0.9539215564727783,0.22214429080486298
YBR040W,YOL126C,0,-2.643632,0.3049200773239136,0.9539215564727783,0.2222444862127304
YOR115C,YOL006C,0,-2.6440125,0.304824560880661,0.9539215564727783,0.22234469652175903
YBR090C-A,YOR103C,0,-2.6443167,0.3047291040420532,0.9539215564727783,0.22244489192962646
YML085C,YER093C,0,-2.6448045,0.3046336770057678,0.9539215564727783,0.2225450873374939
YBR189W,YDR457W,1,-2.6452336,0.30485132336616516,0.954901933670044,0.2225450873374939
YPR158W-B,YLR196W,0,-2.6456158,0.30475595593452454,0.954901933670044,0.22264529764652252
YPR103W,YBR091C,0,-2.645721,0.3046606183052063,0.954901933670044,0.22274549305438995
YPR180W,YDR519W,0,-2.6459775,0.30456534028053284,0.954901933670044,0.22284568846225739
YDR520C,YGR006W,0,-2.6463547,0.30447015166282654,0.954901933670044,0.222945898771286
YMR228W,YDR064W,1,-2.647254,0.3046875,0.9558823704719543,0.222945898771286
YHR214C-C,YDR088C,0,-2.6472974,0.3045923113822937,0.9558823704719543,0.22304609417915344
YIR009W,YNL054W-B,0,-2.6474292,0.3044971823692322,0.9558823704719543,0.22314628958702087
YPR104C,YDR201W,0,-2.6474807,0.30440211296081543,0.9558823704719543,0.2232464998960495
YCR065W,YMR006C,0,-2.6475005,0.30430710315704346,0.9558823704719543,0.22334669530391693
YHR014W,YCR054C,0,-2.6477938,0.30421218276023865,0.9558823704719543,0.22344689071178436
YDR227W,YML014W,0,-2.6478052,0.3041172921657562,0.9558823704719543,0.223547101020813
YMR274C,YLR181C,0,-2.647998,0.3040224611759186,0.9558823704719543,0.22364729642868042
YNL279W,YHR065C,0,-2.648106,0.3039276897907257,0.9558823704719543,0.22374749183654785
YLR186W,YLR132C,0,-2.6481462,0.3038329780101776,0.9558823704719543,0.22384770214557648
YJL212C,YOR119C,0,-2.648638,0.3037383258342743,0.9558823704719543,0.2239478975534439
YJL197W,YJL184W,0,-2.6486506,0.30364373326301575,0.9558823704719543,0.22404809296131134
YDR487C,YDR540C,0,-2.6486597,0.303549200296402,0.9558823704719543,0.22414830327033997
YNL152W,YPL090C,0,-2.6491725,0.303454726934433,0.9558823704719543,0.2242484986782074
YEL026W,YFR050C,0,-2.6496162,0.30336031317710876,0.9558823704719543,0.22434869408607483
YLR145W,YHR081W,1,-2.6497796,0.3035769760608673,0.95686274766922,0.22434869408607483
YMR035W,YIL065C,0,-2.6497838,0.3034825921058655,0.95686274766922,0.22444890439510345
YDR397C,YNL054W-A,0,-2.6502044,0.30338823795318604,0.95686274766922,0.2245490998029709
YCR088W,YDR044W,0,-2.6502686,0.30329397320747375,0.95686274766922,0.22464929521083832
YMR204C,YMR312W,0,-2.650508,0.30319973826408386,0.95686274766922,0.22474950551986694
YER127W,YDR523C,0,-2.6506135,0.30310559272766113,0.95686274766922,0.22484970092773438
YBL106C,YLR015W,0,-2.6509244,0.3030114769935608,0.95686274766922,0.2249498963356018
YER164W,YKR088C,0,-2.6509736,0.3029174506664276,0.95686274766922,0.22505010664463043
YML019W,YJL177W,0,-2.6513228,0.3028234541416168,0.95686274766922,0.22515030205249786
YKR096W,YLL018C-A,0,-2.6514015,0.3027295172214508,0.95686274766922,0.2252504974603653
YDR484W,YDR316W-A,0,-2.6517742,0.30263566970825195,0.95686274766922,0.22535070776939392
YMR228W,YGR195W,1,-2.651896,0.3028518259525299,0.9578431248664856,0.22535070776939392
YGR178C,YGR103W,0,-2.6526144,0.30275797843933105,0.9578431248664856,0.22545090317726135
YML127W,YNL254C,0,-2.652985,0.302664190530777,0.9578431248664856,0.22555109858512878
YML010W,YPR070W,0,-2.6531281,0.3025704622268677,0.9578431248664856,0.2256513088941574
YKL218C,YLR369W,0,-2.6534214,0.30247679352760315,0.9578431248664856,0.22575150430202484
YBR005W,YNL284C-B,0,-2.6534534,0.302383154630661,0.9578431248664856,0.22585169970989227
YPL060C-A,YMR009W,0,-2.6535525,0.30228960514068604,0.9578431248664856,0.2259519100189209
YER015W,YIL153W,0,-2.6536431,0.30219611525535583,0.9578431248664856,0.22605210542678833
YML096W,YOL094C,0,-2.6537318,0.302102655172348,0.9578431248664856,0.22615230083465576
YPL231W,YBR142W,0,-2.6537442,0.3020092844963074,0.9578431248664856,0.2262525111436844
YNL222W,YER133W,1,-2.6538024,0.3022249639034271,0.9588235020637512,0.2262525111436844
YGR049W,YPR165W,0,-2.65389,0.3021315932273865,0.9588235020637512,0.22635270655155182
YCR020W-B,YML024W,0,-2.6541705,0.3020382821559906,0.9588235020637512,0.22645290195941925
YBR210W,YER060W,0,-2.6541746,0.3019450306892395,0.9588235020637512,0.22655311226844788
YLR304C,YNL058C,0,-2.6545577,0.3018518388271332,0.9588235020637512,0.2266533076763153
YBL024W,YGR152C,0,-2.6546082,0.30175870656967163,0.9588235020637512,0.22675350308418274
YIL172C,YHR147C,0,-2.6547365,0.30166563391685486,0.9588235020637512,0.22685371339321136
YCR058C,YOL123W,0,-2.6548405,0.30157262086868286,0.9588235020637512,0.2269539088010788
YMR302C,YLR189C,0,-2.654851,0.30147966742515564,0.9588235020637512,0.22705410420894623
YGL124C,YOR245C,0,-2.6548772,0.3013867437839508,0.9588235020637512,0.22715431451797485
YDR087C,YDR007W,0,-2.6554363,0.30129390954971313,0.9588235020637512,0.22725450992584229
YFL003C,YDL211C,0,-2.6555326,0.30120110511779785,0.9588235020637512,0.22735470533370972
YLR288C,YPR097W,0,-2.655777,0.30110836029052734,0.9588235020637512,0.22745491564273834
YBR119W,YOR064C,0,-2.6558425,0.301015704870224,0.9588235020637512,0.22755511105060577
YKL006C-A,YPL030W,0,-2.6559296,0.30092307925224304,0.9588235020637512,0.2276553064584732
YPL186C,YDL106C,0,-2.6562228,0.30083051323890686,0.9588235020637512,0.22775551676750183
YDL192W,YJR015W,0,-2.6562266,0.30073800683021545,0.9588235020637512,0.22785571217536926
YCR079W,YDR055W,0,-2.6567295,0.3006455600261688,0.9588235020637512,0.2279559075832367
YHR165C,YOR242C,0,-2.6569996,0.30055317282676697,0.9588235020637512,0.22805611789226532
YHR104W,YOR122C,0,-2.6573105,0.3004608154296875,0.9588235020637512,0.22815631330013275
YGL058W,YGR038C-A,0,-2.6574671,0.3003685474395752,0.9588235020637512,0.22825650870800018
YIL162W,YKR042W,0,-2.6575146,0.30027633905410767,0.9588235020637512,0.2283567190170288
YDR036C,YKR097W,0,-2.6579392,0.3001841604709625,0.9588235020637512,0.22845691442489624
YNL191W,YLR051C,0,-2.6588416,0.30009204149246216,0.9588235020637512,0.22855710983276367
YLR079W,YLR074C,0,-2.65912,0.30000001192092896,0.9588235020637512,0.2286573201417923
YOL098C,YFR055W,0,-2.6595838,0.29990801215171814,0.9588235020637512,0.22875751554965973
YGR033C,YPL225W,0,-2.659774,0.2998160719871521,0.9588235020637512,0.22885771095752716
YFR025C,YDR097C,0,-2.6597948,0.29972419142723083,0.9588235020637512,0.2289579212665558
YCL062W,YPL239W,0,-2.6598825,0.29963234066963196,0.9588235020637512,0.22905811667442322
YCR020C,YMR030W,0,-2.6600544,0.29954057931900024,0.9588235020637512,0.22915831208229065
YBL087C,YBR057C,0,-2.6601243,0.2994488775730133,0.9588235020637512,0.22925852239131927
YDR393W,YPR134W,0,-2.6601439,0.29935720562934875,0.9588235020637512,0.2293587177991867
YDR510W,YMR204C,0,-2.6601796,0.299265593290329,0.9588235020637512,0.22945891320705414
YBL103C,YGR090W,0,-2.6603608,0.29917407035827637,0.9588235020637512,0.22955912351608276
YJR139C,YOR011W,0,-2.660925,0.29908257722854614,0.9588235020637512,0.2296593189239502
YBR227C,YHR170W,0,-2.6619828,0.2989911437034607,0.9588235020637512,0.22975951433181763
YKR037C,YPR173C,0,-2.662198,0.29889976978302,0.9588235020637512,0.22985972464084625
YOL154W,YDR190C,0,-2.6628551,0.29880842566490173,0.9588235020637512,0.22995992004871368
YGL029W,YBL017C,0,-2.66298,0.2987171709537506,0.9588235020637512,0.23006011545658112
YMR226C,YLR017W,0,-2.6634002,0.2986259460449219,0.9588235020637512,0.23016032576560974
YPR143W,YER125W,1,-2.6634727,0.2988400459289551,0.9598039388656616,0.23016032576560974
YLR372W,YGR047C,0,-2.6636176,0.29874885082244873,0.9598039388656616,0.23026052117347717
YHR150W,YBL042C,0,-2.6636868,0.29865771532058716,0.9598039388656616,0.2303607165813446
YJL118W,YJR088C,0,-2.6639156,0.29856663942337036,0.9598039388656616,0.23046092689037323
YHR203C,YJL156C,0,-2.6639636,0.29847562313079834,0.9598039388656616,0.23056112229824066
YDR345C,YBR079C,0,-2.6641502,0.2983846366405487,0.9598039388656616,0.2306613177061081
YER044C-A,YDR143C,0,-2.6642585,0.29829370975494385,0.9598039388656616,0.23076152801513672
YHR133C,YOR343W-A,0,-2.6646147,0.29820287227630615,0.9598039388656616,0.23086172342300415
YKL132C,YDR051C,0,-2.6647468,0.29811206459999084,0.9598039388656616,0.23096191883087158
YNL053W,YEL054C,0,-2.6648142,0.2980213165283203,0.9598039388656616,0.2310621291399002
YDR177W,YGL040C,0,-2.6648424,0.29793062806129456,0.9598039388656616,0.23116232454776764
YBR089C-A,YDR312W,0,-2.6650462,0.2978399693965912,0.9598039388656616,0.23126251995563507
YML114C,YKR083C,0,-2.6651697,0.297749400138855,0.9598039388656616,0.2313627302646637
YJL136C,YPL281C,0,-2.6651797,0.29765886068344116,0.9598039388656616,0.23146292567253113
YER144C,YER065C,0,-2.665375,0.2975683808326721,0.9598039388656616,0.23156312108039856
YGL173C,YKL156W,1,-2.6654475,0.2977818250656128,0.9607843160629272,0.23156312108039856
YGR075C,YAL009W,0,-2.6654487,0.29769137501716614,0.9607843160629272,0.23166333138942719
YDR270W,YDR488C,0,-2.6660793,0.29760098457336426,0.9607843160629272,0.23176352679729462
YDR480W,YGL048C,0,-2.6666996,0.29751062393188477,0.9607843160629272,0.23186372220516205
YDL120W,YGL223C,0,-2.6674426,0.29742032289505005,0.9607843160629272,0.23196393251419067
YBR012W-A,YPR022C,0,-2.6679096,0.2973301112651825,0.9607843160629272,0.2320641279220581
YOR246C,YBR142W,0,-2.6680028,0.29723992943763733,0.9607843160629272,0.23216432332992554
YOR295W,YDL165W,0,-2.6682773,0.29714977741241455,0.9607843160629272,0.23226453363895416
YLR381W,YDR316W-A,0,-2.6684308,0.29705971479415894,0.9607843160629272,0.2323647290468216
YAL026C,YLR227W-A,0,-2.668581,0.2969697117805481,0.9607843160629272,0.23246492445468903
YNR055C,YDR176W,0,-2.669002,0.29687973856925964,0.9607843160629272,0.23256513476371765
YML104C,YOL123W,0,-2.669075,0.29678982496261597,0.9607843160629272,0.23266533017158508
YJL129C,YCL062W,0,-2.6691797,0.29669997096061707,0.9607843160629272,0.23276552557945251
YGR068C,YNL275W,0,-2.669475,0.29661017656326294,0.9607843160629272,0.23286573588848114
YGL086W,YPL187W,0,-2.669623,0.2965204119682312,0.9607843160629272,0.23296593129634857
YPR128C,YDL235C,0,-2.669642,0.2964307367801666,0.9607843160629272,0.233066126704216
YLR287C-A,YDR434W,0,-2.66994,0.29634109139442444,0.9607843160629272,0.23316633701324463
YDR301W,YPL036W,0,-2.6703017,0.296251505613327,0.9607843160629272,0.23326653242111206
YML023C,YJL156C,0,-2.6710973,0.2961619794368744,0.9607843160629272,0.2333667278289795
YGL087C,YJR093C,0,-2.6715755,0.29607251286506653,0.9607843160629272,0.23346693813800812
YKL107W,YLR408C,0,-2.6717982,0.29598307609558105,0.9607843160629272,0.23356713354587555
YPL138C,YJL181W,0,-2.671801,0.29589372873306274,0.9607843160629272,0.23366732895374298
YDR156W,YPL130W,0,-2.6719103,0.2958044111728668,0.9607843160629272,0.2337675392627716
YBR248C,YER086W,0,-2.671933,0.2957151532173157,0.9607843160629272,0.23386773467063904
YBL013W,YDR044W,0,-2.6721494,0.2956259548664093,0.9607843160629272,0.23396793007850647
YDR028C,YDL194W,0,-2.6721911,0.2955367863178253,0.9607843160629272,0.2340681403875351
YJL012C,YGL210W,0,-2.672501,0.2954477071762085,0.9607843160629272,0.23416833579540253
YBR142W,YER078C,0,-2.6725912,0.29535865783691406,0.9607843160629272,0.23426853120326996
YLR409C,YFL047W,0,-2.6729665,0.2952696681022644,0.9607843160629272,0.23436874151229858
YBR167C,YML021C,0,-2.673414,0.29518070816993713,0.9607843160629272,0.23446893692016602
YPL141C,YIR006C,0,-2.673515,0.295091837644577,0.9607843160629272,0.23456913232803345
YCL016C,YNL086W,0,-2.6737604,0.2950029969215393,0.9607843160629272,0.23466934263706207
YKL089W,YGL054C,0,-2.6737623,0.29491424560546875,0.9607843160629272,0.2347695380449295
YNL003C,YJR007W,0,-2.674224,0.2948255240917206,0.9607843160629272,0.23486973345279694
YAR018C,YOL058W,0,-2.6742272,0.2947368323802948,0.9607843160629272,0.23496994376182556
YHR027C,YAL011W,0,-2.674567,0.2946482300758362,0.9607843160629272,0.235070139169693
YMR011W,YHR150W,0,-2.674601,0.29455965757369995,0.9607843160629272,0.23517033457756042
YIL117C,YOR190W,0,-2.6752295,0.2944711446762085,0.9607843160629272,0.23527054488658905
YCR096C,YLR038C,0,-2.67532,0.2943826913833618,0.9607843160629272,0.23537074029445648
YDR363W-A,YJL033W,0,-2.675457,0.2942942976951599,0.9607843160629272,0.2354709357023239
YOR363C,YDR420W,0,-2.675613,0.2942059338092804,0.9607843160629272,0.23557114601135254
YHR169W,YLR165C,1,-2.6757572,0.29441776871681213,0.9617646932601929,0.23557114601135254
YBR234C,YDR129C,0,-2.6762428,0.294329434633255,0.9617646932601929,0.23567134141921997
YPR137C-B,YLR385C,0,-2.676529,0.29424116015434265,0.9617646932601929,0.2357715368270874
YNL063W,YER048W-A,0,-2.677281,0.2941529154777527,0.9617646932601929,0.23587174713611603
YML040W,YLL036C,0,-2.6773071,0.2940647602081299,0.9617646932601929,0.23597194254398346
YDR002W,YDR448W,0,-2.677672,0.29397663474082947,0.9617646932601929,0.2360721379518509
YBL051C,YHR214W,0,-2.6776972,0.29388856887817383,0.9617646932601929,0.23617234826087952
YIL064W,YLR427W,0,-2.6778393,0.2938005328178406,0.9617646932601929,0.23627254366874695
YDR436W,YBL075C,0,-2.678599,0.2937125861644745,0.9617646932601929,0.23637273907661438
YMR225C,YJR052W,0,-2.6786964,0.2936246693134308,0.9617646932601929,0.236472949385643
YMR048W,YPR022C,0,-2.6788073,0.29353681206703186,0.9617646932601929,0.23657314479351044
YCR020W-B,YJR077C,0,-2.6788151,0.2934489846229553,0.9617646932601929,0.23667334020137787
YNL292W,YML061C,0,-2.678893,0.29336124658584595,0.9617646932601929,0.2367735505104065
YDL236W,YMR055C,0,-2.6790133,0.29327353835105896,0.9617646932601929,0.23687374591827393
YER053C-A,YKL052C,0,-2.6791546,0.29318588972091675,0.9617646932601929,0.23697394132614136
YGR266W,YDL038C,0,-2.6791546,0.2930983006954193,0.9617646932601929,0.23707415163516998
YER053C-A,YBR171W,0,-2.6791546,0.29301074147224426,0.9617646932601929,0.23717434704303741
YER053C-A,YBR084W,0,-2.6791546,0.2929232716560364,0.9617646932601929,0.23727454245090485
YER053C-A,YPR056W,0,-2.6791546,0.2928358316421509,0.9617646932601929,0.23737475275993347
YER053C-A,YFR005C,0,-2.6791546,0.29274842143058777,0.9617646932601929,0.2374749481678009
YNL186W,YKL127W,0,-2.6793694,0.2926611006259918,0.9617646932601929,0.23757514357566833
YDR074W,YLR189C,0,-2.6793804,0.29257380962371826,0.9617646932601929,0.23767535388469696
YGL120C,YKL059C,0,-2.679627,0.2924865782260895,0.9617646932601929,0.2377755492925644
YKR038C,YGL023C,0,-2.679748,0.29239940643310547,0.9617646932601929,0.23787574470043182
YGR178C,YNL220W,0,-2.6797721,0.29231226444244385,0.9617646932601929,0.23797595500946045
YKL197C,YAL030W,0,-2.679832,0.2922252118587494,0.9617646932601929,0.23807615041732788
YOR262W,YNL066W,0,-2.6798892,0.2921381890773773,0.9617646932601929,0.2381763458251953
YGR203W,YDR324C,0,-2.6799157,0.29205119609832764,0.9617646932601929,0.23827655613422394
YDR228C,YNR051C,0,-2.6802216,0.2919642925262451,0.9617646932601929,0.23837675154209137
YPL158C,YIL043C,0,-2.6806207,0.291877418756485,0.9617646932601929,0.2384769469499588
YCR107W,YOR236W,0,-2.680708,0.29179060459136963,0.9617646932601929,0.23857715725898743
YMR116C,YGR277C,0,-2.6810188,0.29170385003089905,0.9617646932601929,0.23867735266685486
YNL098C,YPL186C,0,-2.6812449,0.29161712527275085,0.9617646932601929,0.2387775480747223
YKL008C,YER087C-A,0,-2.6813564,0.29153046011924744,0.9617646932601929,0.23887775838375092
YOL051W,YNL275W,0,-2.6819694,0.2914438545703888,0.9617646932601929,0.23897795379161835
YBL069W,YIL019W,0,-2.6824462,0.29135727882385254,0.9617646932601929,0.23907814919948578
YJR118C,YHR090C,0,-2.6826153,0.29127079248428345,0.9617646932601929,0.2391783595085144
YLR432W,YOR270C,0,-2.6827204,0.29118433594703674,0.9617646932601929,0.23927855491638184
YER139C,YML082W,0,-2.683165,0.2910979092121124,0.9617646932601929,0.23937875032424927
YPL266W,YBR038W,0,-2.6831903,0.2910115718841553,0.9617646932601929,0.2394789606332779
YLR035C-A,YOR077W,0,-2.683629,0.2909252643585205,0.9617646932601929,0.23957915604114532
YCR008W,YDR088C,0,-2.6840281,0.2908390164375305,0.9617646932601929,0.23967935144901276
YCR089W,YNR039C,0,-2.684974,0.2907528281211853,0.9617646932601929,0.23977956175804138
YHR088W,YOR332W,0,-2.685086,0.2906666696071625,0.9617646932601929,0.2398797571659088
YPL232W,YLR181C,0,-2.685384,0.2905805706977844,0.9617646932601929,0.23997995257377625
YHR204W,YGL105W,0,-2.686498,0.29049453139305115,0.9617646932601929,0.24008016288280487
YHR019C,YGL136C,0,-2.6874013,0.29040852189064026,0.9617646932601929,0.2401803582906723
YDR395W,YDL189W,0,-2.687421,0.29032257199287415,0.9617646932601929,0.24028055369853973
YOL115W,YMR264W,0,-2.6875412,0.2902366816997528,0.9617646932601929,0.24038076400756836
YMR228W,YNL075W,1,-2.6880481,0.29044660925865173,0.9627450704574585,0.24038076400756836
YPL221W,YNL293W,0,-2.688135,0.2903607189655304,0.9627450704574585,0.2404809594154358
YML115C,YGR108W,0,-2.6886954,0.2902749180793762,0.9627450704574585,0.24058116972446442
YPL074W,YJL076W,0,-2.6890054,0.29018911719322205,0.9627450704574585,0.24068136513233185
YPR022C,YBR092C,0,-2.6890748,0.29010340571403503,0.9627450704574585,0.24078156054019928
YJL180C,YDR515W,0,-2.689255,0.2900177240371704,0.9627450704574585,0.2408817708492279
YMR009W,YGL003C,0,-2.6898334,0.28993210196495056,0.9627450704574585,0.24098196625709534
YLR337C,YPL084W,0,-2.6900487,0.2898465096950531,0.9627450704574585,0.24108216166496277
YER114C,YGR204W,0,-2.690082,0.2897609770298004,0.9627450704574585,0.2411823719739914
YCR027C,YER123W,0,-2.690329,0.2896755039691925,0.9627450704574585,0.24128256738185883
YLL018C,YDR468C,0,-2.690416,0.28959009051322937,0.9627450704574585,0.24138276278972626
YGL201C,YPL103C,0,-2.690468,0.2895047068595886,0.9627450704574585,0.24148297309875488
YBR109C,YKL158W,0,-2.6907272,0.28941938281059265,0.9627450704574585,0.24158316850662231
YLR310C,YJR093C,0,-2.6908028,0.28933411836624146,0.9627450704574585,0.24168336391448975
YDR134C,YBR253W,0,-2.691247,0.28924888372421265,0.9627450704574585,0.24178357422351837
YNL221C,YKL149C,0,-2.6914377,0.2891637086868286,0.9627450704574585,0.2418837696313858
YOL009C,YOR306C,0,-2.6915145,0.28907859325408936,0.9627450704574585,0.24198396503925323
YOR056C,YJR022W,1,-2.691739,0.289287805557251,0.9637255072593689,0.24198396503925323
YKL208W,YLR138W,0,-2.6920745,0.2892027199268341,0.9637255072593689,0.24208417534828186
YOR217W,YOR039W,0,-2.6921673,0.28911763429641724,0.9637255072593689,0.2421843707561493
YNL316C,YER161C,0,-2.6921682,0.28903263807296753,0.9637255072593689,0.24228456616401672
YJR002W,YCR028C,0,-2.6923423,0.2889476716518402,0.9637255072593689,0.24238477647304535
YPL004C,YIL120W,0,-2.6926172,0.28886276483535767,0.9637255072593689,0.24248497188091278
YML072C,YER108C,0,-2.6930852,0.2887779176235199,0.9637255072593689,0.2425851672887802
YGR099W,YPR201W,0,-2.693996,0.2886931002140045,0.9637255072593689,0.24268537759780884
YLR368W,YCL069W,0,-2.694423,0.2886083424091339,0.9637255072593689,0.24278557300567627
YPR181C,YPL246C,0,-2.6956778,0.2885236144065857,0.9637255072593689,0.2428857684135437
YLR373C,YLR337W,0,-2.6959732,0.28843897581100464,0.9637255072593689,0.24298597872257233
YJL063C,YHR194W,0,-2.6959934,0.28835436701774597,0.9637255072593689,0.24308617413043976
YOR214C,YPL239W,0,-2.6964126,0.2882697880268097,0.9637255072593689,0.2431863695383072
YNL243W,YBL078C,0,-2.6966133,0.2881852686405182,0.9637255072593689,0.24328657984733582
YDR017C,YOL095C,0,-2.697052,0.28810080885887146,0.9637255072593689,0.24338677525520325
YBR043C,YKL158W,0,-2.6975207,0.2880164086818695,0.9637255072593689,0.24348697066307068
YHL004W,YDR365W-B,0,-2.6978474,0.28793203830718994,0.9637255072593689,0.2435871809720993
YLR323C,YLR200W,0,-2.6986647,0.28784772753715515,0.9637255072593689,0.24368737637996674
YOR115C,YJL056C,0,-2.6988752,0.28776347637176514,0.9637255072593689,0.24378757178783417
YBR119W,YPL005W,0,-2.6988955,0.2876792550086975,0.9637255072593689,0.2438877820968628
YDL200C,YGR027W-B,0,-2.699092,0.28759509325027466,0.9637255072593689,0.24398797750473022
YNR037C,YJL183W,0,-2.699505,0.2875109612941742,0.9637255072593689,0.24408817291259766
YDL143W,YOR262W,0,-2.700447,0.2874268889427185,0.9637255072593689,0.24418838322162628
YMR076C,YJR108W,0,-2.7005453,0.2873428761959076,0.9637255072593689,0.2442885786294937
YAL012W,YKL143W,0,-2.7015543,0.28725892305374146,0.9637255072593689,0.24438877403736115
YKL218C,YGR027W-B,0,-2.7017484,0.2871749997138977,0.9637255072593689,0.24448898434638977
YLL038C,YGR191W,0,-2.702808,0.28709113597869873,0.9637255072593689,0.2445891797542572
YOR073W,YDR212W,0,-2.70294,0.28700730204582214,0.9637255072593689,0.24468937516212463
YPR112C,YGR029W,0,-2.7029843,0.28692352771759033,0.9637255072593689,0.24478958547115326
YMR152W,YBL101W-A,0,-2.7032511,0.2868398129940033,0.9637255072593689,0.2448897808790207
YLR284C,YLR220W,0,-2.7036564,0.28675612807273865,0.9637255072593689,0.24498997628688812
YDR004W,YOR252W,0,-2.7042994,0.2866725027561188,0.9637255072593689,0.24509018659591675
YGR058W,YNL136W,0,-2.704334,0.2865889072418213,0.9637255072593689,0.24519038200378418
YNL147W,YER112W,1,-2.7047992,0.28679683804512024,0.9647058844566345,0.24519038200378418
YLL067C,YBR121C,0,-2.704963,0.28671327233314514,0.9647058844566345,0.2452905774116516
YMR309C,YGL255W,0,-2.7055945,0.2866297662258148,0.9647058844566345,0.24539078772068024
YKL039W,YPR158W-A,0,-2.705699,0.2865462899208069,0.9647058844566345,0.24549098312854767
YLR323C,YNL224C,0,-2.7058287,0.2864628732204437,0.9647058844566345,0.2455911785364151
YER131W,YLR298C,0,-2.7058709,0.28637951612472534,0.9647058844566345,0.24569138884544373
YKL132C,YPL183C,0,-2.7060356,0.28629618883132935,0.9647058844566345,0.24579158425331116
YOL001W,YER179W,0,-2.7060778,0.2862129211425781,0.9647058844566345,0.2458917796611786
YGL035C,YPR048W,0,-2.706318,0.2861296832561493,0.9647058844566345,0.24599198997020721
YNL029C,YDR023W,0,-2.706483,0.28604650497436523,0.9647058844566345,0.24609218537807465
YOR373W,YKR027W,0,-2.7071257,0.28596338629722595,0.9647058844566345,0.24619238078594208
YJL110C,YJL159W,0,-2.7077146,0.28588029742240906,0.9647058844566345,0.2462925910949707
YBL102W,YOR151C,0,-2.7080567,0.28579726815223694,0.9647058844566345,0.24639278650283813
YPL076W,YHL021C,0,-2.7082863,0.2857142984867096,0.9647058844566345,0.24649298191070557
YGR286C,YOL103W,0,-2.7082887,0.28563135862350464,0.9647058844566345,0.2465931922197342
YFR028C,YHR108W,0,-2.7086616,0.28554844856262207,0.9647058844566345,0.24669338762760162
YNL112W,YLR439W,0,-2.7086978,0.28546562790870667,0.9647058844566345,0.24679358303546906
YLR083C,YJR013W,0,-2.7093954,0.28538283705711365,0.9647058844566345,0.24689379334449768
YBL038W,YDR302W,0,-2.7096128,0.285300076007843,0.9647058844566345,0.2469939887523651
YAR018C,YER089C,0,-2.7097106,0.28521740436553955,0.9647058844566345,0.24709418416023254
YKL173W,YPL047W,0,-2.7097473,0.2851347327232361,0.9647058844566345,0.24719439446926117
YFL056C,YIL155C,0,-2.710431,0.2850521504878998,0.9647058844566345,0.2472945898771286
YKL176C,YOR007C,0,-2.710501,0.28496959805488586,0.9647058844566345,0.24739478528499603
YCL075W,YBR077C,0,-2.7106755,0.28488707542419434,0.9647058844566345,0.24749499559402466
YDR012W,YLR364W,0,-2.7123182,0.28480464220046997,0.9647058844566345,0.2475951910018921
YOL013C,YMR313C,0,-2.7124815,0.2847222089767456,0.9647058844566345,0.24769538640975952
YIL018W,YFR044C,0,-2.713081,0.2846398651599884,0.9647058844566345,0.24779559671878815
YGL017W,YBR258C,0,-2.713211,0.2845575511455536,0.9647058844566345,0.24789579212665558
YER003C,YML081C-A,0,-2.7136338,0.28447529673576355,0.9647058844566345,0.247995987534523
YGL251C,YAR010C,0,-2.7138772,0.2843930721282959,0.9647058844566345,0.24809619784355164
YKL140W,YBR048W,0,-2.7140098,0.284310907125473,0.9647058844566345,0.24819639325141907
YJL012C,YNR041C,0,-2.7141933,0.28422877192497253,0.9647058844566345,0.2482965886592865
YOR211C,YMR231W,0,-2.714408,0.2841466963291168,0.9647058844566345,0.24839679896831512
YJR090C,YDR257C,0,-2.7145371,0.2840646505355835,0.9647058844566345,0.24849699437618256
YJR113C,YML125C,0,-2.7145872,0.28398269414901733,0.9647058844566345,0.24859718978405
YLR411W,YER021W,0,-2.7147136,0.28390073776245117,0.9647058844566345,0.2486974000930786
YDR471W,YER123W,0,-2.7150242,0.2838188707828522,0.9647058844566345,0.24879759550094604
YER044C-A,YDR322W,0,-2.7150917,0.28373703360557556,0.9647058844566345,0.24889779090881348
YGR038W,YOR343W-A,0,-2.7153668,0.28365522623062134,0.9647058844566345,0.2489980012178421
YNL286W,YOR115C,0,-2.7153957,0.2835734784603119,0.9647058844566345,0.24909819662570953
YHL038C,YOR284W,0,-2.7153978,0.2834917902946472,0.9647058844566345,0.24919839203357697
YDR145W,YNL056W,0,-2.715575,0.28341013193130493,0.9647058844566345,0.2492986023426056
YIL172C,YNL068C,0,-2.7160256,0.2833285331726074,0.9647058844566345,0.24939879775047302
YNL158W,YDR098C-A,0,-2.7164314,0.2832469642162323,0.9647058844566345,0.24949899315834045
YBR199W,YJL183W,0,-2.7164383,0.28316545486450195,0.9647058844566345,0.24959920346736908
YJR137C,YAR066W,0,-2.7165093,0.2830840051174164,0.9647058844566345,0.2496993988752365
YGR223C,YPL170W,0,-2.7166553,0.2830025851726532,0.9647058844566345,0.24979959428310394
YLR364W,YJL076W,0,-2.716753,0.2829212248325348,0.9647058844566345,0.24989980459213257
YML045W,YDR088C,0,-2.7168922,0.28283989429473877,0.9647058844566345,0.25
YGR048W,YKL146W,0,-2.7170644,0.2827586233615875,0.9647058844566345,0.25010019540786743
YDL188C,YKL135C,0,-2.7172747,0.28267738223075867,0.9647058844566345,0.25020039081573486
YEL050C,YPR158W-B,0,-2.717618,0.2825962007045746,0.9647058844566345,0.2503006160259247
YJL179W,YHR136C,0,-2.7176883,0.2825150787830353,0.9647058844566345,0.2504008114337921
YNR050C,YER112W,0,-2.7179718,0.28243398666381836,0.9647058844566345,0.25050100684165955
YML059C,YLL014W,0,-2.7188797,0.2823529541492462,0.9647058844566345,0.250601202249527
YPL198W,YDL164C,0,-2.7190673,0.28227195143699646,0.9647058844566345,0.2507013976573944
YGR263C,YKR075C,0,-2.7193418,0.2821910083293915,0.9647058844566345,0.25080159306526184
YML047C,YKL060C,0,-2.7202218,0.2821100950241089,0.9647058844566345,0.25090181827545166
YPL204W,YDL247W,0,-2.720312,0.28202924132347107,0.9647058844566345,0.2510020136833191
YDR103W,YHR103W,0,-2.7205234,0.28194841742515564,0.9647058844566345,0.2511022090911865
YLR167W,YOR229W,0,-2.7206695,0.281867653131485,0.9647058844566345,0.25120240449905396
YIL119C,YML081C-A,0,-2.7207675,0.2817869484424591,0.9647058844566345,0.2513025999069214
YHR027C,YNL316C,0,-2.7208626,0.2817062735557556,0.9647058844566345,0.2514027953147888
YER106W,YDR402C,0,-2.7214532,0.2816256582736969,0.9647058844566345,0.25150302052497864
YCR035C,YJL059W,0,-2.7214985,0.28154507279396057,0.9647058844566345,0.25160321593284607
YEL026W,YJL063C,0,-2.721715,0.28146451711654663,0.9647058844566345,0.2517034113407135
YBR058C-A,YBR162C,0,-2.7217965,0.28138405084609985,0.9647058844566345,0.25180360674858093
YOL121C,YKR014C,0,-2.72198,0.28130361437797546,0.9647058844566345,0.25190380215644836
YDR352W,YOR056C,0,-2.7223542,0.28122320771217346,0.9647058844566345,0.2520039975643158
YML058W,YOR076C,0,-2.7225952,0.28114286065101624,0.9647058844566345,0.2521042227745056
YDL143W,YOR045W,0,-2.7227526,0.2810625433921814,0.9647058844566345,0.25220441818237305
YJL046W,YER028C,0,-2.7233312,0.28098228573799133,0.9647058844566345,0.2523046135902405
YLR034C,YBR012W-B,0,-2.7235055,0.28090208768844604,0.9647058844566345,0.2524048089981079
YKR104W,YNL240C,0,-2.7241635,0.28082191944122314,0.9647058844566345,0.25250500440597534
YLR044C,YJL183W,0,-2.7246952,0.280741810798645,0.9647058844566345,0.2526051998138428
YDR002W,YKR094C,0,-2.725295,0.2806617319583893,0.9647058844566345,0.2527054250240326
YKL033W,YHR023W,0,-2.725336,0.28058168292045593,0.9647058844566345,0.2528056204319
YCR107W,YIL171W,0,-2.7254195,0.28050172328948975,0.9647058844566345,0.25290581583976746
YPR104C,YER125W,1,-2.7255926,0.2807067632675171,0.9656862616539001,0.25290581583976746
YOR075W,YDR091C,0,-2.7260575,0.2806267738342285,0.9656862616539001,0.2530060112476349
YDR291W,YGL090W,0,-2.726405,0.2805468440055847,0.9656862616539001,0.2531062066555023
YPL048W,YLR035C-A,0,-2.7264674,0.2804669737815857,0.9656862616539001,0.25320640206336975
YDR284C,YBR161W,0,-2.72669,0.28038713335990906,0.9656862616539001,0.25330662727355957
YDL117W,YNL123W,0,-2.7267914,0.2803073525428772,0.9656862616539001,0.253406822681427
YNL245C,YOR016C,0,-2.726886,0.2802276015281677,0.9656862616539001,0.25350701808929443
YNR053C,YER041W,0,-2.7269602,0.280147910118103,0.9656862616539001,0.25360721349716187
YLR014C,YOR017W,0,-2.727438,0.2800682485103607,0.9656862616539001,0.2537074089050293
YPR173C,YLR150W,0,-2.7274647,0.2799886167049408,0.9656862616539001,0.25380760431289673
YMR086W,YOR374W,0,-2.7280207,0.27990907430648804,0.9656862616539001,0.25390782952308655
YML077W,YOL121C,0,-2.7281027,0.2798295319080353,0.9656862616539001,0.254008024930954
YJL047C,YPL009C,0,-2.728694,0.2797500789165497,0.9656862616539001,0.2541082203388214
YJR075W,YLR172C,0,-2.7289429,0.2796706557273865,0.9656862616539001,0.25420841574668884
YBR244W,YPL281C,0,-2.7291234,0.27959126234054565,0.9656862616539001,0.2543086111545563
YOR254C,YDR141C,0,-2.7292528,0.2795119285583496,0.9656862616539001,0.2544088065624237
YLR337W,YLR220W,0,-2.729354,0.27943262457847595,0.9656862616539001,0.2545090317726135
YJR105W,YDR322C-A,0,-2.7296937,0.27935338020324707,0.9656862616539001,0.25460922718048096
YPL051W,YOL113W,0,-2.7300715,0.2792741656303406,0.9656862616539001,0.2547094225883484
YER060W-A,YMR214W,0,-2.730113,0.27919501066207886,0.9656862616539001,0.2548096179962158
YGL061C,YJR027W,0,-2.7302184,0.2791158854961395,0.9656862616539001,0.25490981340408325
YOR064C,YHR141C,0,-2.73034,0.27903681993484497,0.9656862616539001,0.2550100088119507
YBL020W,YOL069W,0,-2.7312953,0.2789578139781952,0.9656862616539001,0.2551102340221405
YDR448W,YBR130C,0,-2.73144,0.2788788080215454,0.9656862616539001,0.25521042943000793
YLL062C,YGL098W,0,-2.7316089,0.2787998914718628,0.9656862616539001,0.25531062483787537
YOR246C,YPL008W,0,-2.7322931,0.27872100472450256,0.9656862616539001,0.2554108202457428
YGR274C,YLR214W,0,-2.7323458,0.2786421477794647,0.9656862616539001,0.25551101565361023
YPR178W,YAR019C,0,-2.7326505,0.27856335043907166,0.9656862616539001,0.25561121106147766
YDR479C,YER053C,0,-2.7326522,0.278484582901001,0.9656862616539001,0.2557114362716675
YPR073C,YGR152C,0,-2.733275,0.2784058749675751,0.9656862616539001,0.2558116316795349
YIL107C,YKL129C,0,-2.7334104,0.27832719683647156,0.9656862616539001,0.25591182708740234
YOL105C,YDR252W,0,-2.7336838,0.2782485783100128,0.9656862616539001,0.2560120224952698
YHR150W,YNR059W,0,-2.7341647,0.27817001938819885,0.9656862616539001,0.2561122179031372
YKL179C,YPL253C,0,-2.734351,0.2780914604663849,0.9656862616539001,0.25621241331100464
YPL237W,YLR131C,0,-2.7345467,0.2780129909515381,0.9656862616539001,0.25631263852119446
YDL232W,YFL047W,0,-2.7350185,0.27793455123901367,0.9656862616539001,0.2564128339290619
YBR121C,YBR211C,0,-2.7350435,0.27785614132881165,0.9656862616539001,0.2565130293369293
YDR478W,YKR086W,0,-2.735085,0.2777777910232544,0.9656862616539001,0.25661322474479675
YHR141C,YJL156C,0,-2.7354612,0.27769947052001953,0.9656862616539001,0.2567134201526642
YIL125W,YJR065C,0,-2.735725,0.27762120962142944,0.9656862616539001,0.2568136155605316
YMR076C,YJR117W,0,-2.735733,0.27754297852516174,0.9656862616539001,0.25691384077072144
YPL190C,YLR384C,0,-2.7357478,0.27746477723121643,0.9656862616539001,0.25701403617858887
YJL063C,YLR372W,0,-2.7358527,0.2773866653442383,0.9656862616539001,0.2571142315864563
YDR096W,YHR024C,0,-2.7368405,0.27730855345726013,0.9656862616539001,0.25721442699432373
YLR067C,YBL084C,0,-2.737196,0.27723050117492676,0.9656862616539001,0.25731462240219116
YER040W,YER139C,0,-2.7376065,0.27715250849723816,0.9656862616539001,0.2574148178100586
YPL140C,YOL007C,0,-2.7377176,0.27707454562187195,0.9656862616539001,0.2575150430202484
YHR036W,YJL111W,0,-2.7386112,0.2769966125488281,0.9656862616539001,0.25761523842811584
YPR108W,YER083C,0,-2.7387457,0.2769187390804291,0.9656862616539001,0.2577154338359833
YOR240W,YMR091C,0,-2.7392092,0.2768409252166748,0.9656862616539001,0.2578156292438507
YDR123C,YKL088W,0,-2.7392154,0.2767631411552429,0.9656862616539001,0.25791582465171814
YDR180W,YBR057C,0,-2.7393732,0.2766853868961334,0.9656862616539001,0.25801602005958557
YPL156C,YPL168W,0,-2.7396529,0.2766076922416687,0.9656862616539001,0.2581162452697754
YPR122W,YHR023W,0,-2.7398293,0.27653002738952637,0.9656862616539001,0.2582164406776428
YMR263W,YGR009C,0,-2.7399714,0.2764524221420288,0.9656862616539001,0.25831663608551025
YGL175C,YGR218W,0,-2.7404435,0.27637484669685364,0.9656862616539001,0.2584168314933777
YDL160C,YOL059W,0,-2.7405455,0.27629733085632324,0.9656862616539001,0.2585170269012451
YKL155C,YMR074C,0,-2.7405941,0.27621984481811523,0.9656862616539001,0.25861722230911255
YKL032C,YAL059W,0,-2.7413268,0.276142418384552,0.9656862616539001,0.25871744751930237
YDL087C,YOL138C,0,-2.7414143,0.27606502175331116,0.9656862616539001,0.2588176429271698
YBR273C,YAL028W,0,-2.741517,0.2759876847267151,0.9656862616539001,0.25891783833503723
YNR056C,YJL089W,0,-2.741728,0.2759103775024414,0.9656862616539001,0.25901803374290466
YLL011W,YBR293W,0,-2.7418656,0.2758331000804901,0.9656862616539001,0.2591182291507721
YFL011W,YLR017W,0,-2.7419,0.2757558822631836,0.9656862616539001,0.2592184245586395
YKL101W,YJL098W,0,-2.7425337,0.27567869424819946,0.9656862616539001,0.25931864976882935
YPR186C,YGR204W,0,-2.742597,0.2756015658378601,0.9656862616539001,0.2594188451766968
YER089C,YLR150W,0,-2.7426434,0.27552446722984314,0.9656862616539001,0.2595190405845642
YNL130C,YOR240W,0,-2.742859,0.27544742822647095,0.9656862616539001,0.25961923599243164
YJL104W,YNL164C,0,-2.742887,0.27537041902542114,0.9656862616539001,0.2597194314002991
YFL008W,YMR236W,0,-2.7430582,0.2752934694290161,0.9656862616539001,0.2598196268081665
YPL020C,YMR052W,0,-2.7430663,0.27521654963493347,0.9656862616539001,0.2599198520183563
YMR074C,YMR030W,0,-2.7432075,0.2751396596431732,0.9656862616539001,0.26002004742622375
YPL161C,YLR320W,0,-2.7432356,0.27506282925605774,0.9656862616539001,0.2601202428340912
YIL073C,YDR141C,0,-2.7433457,0.27498602867126465,0.9656862616539001,0.2602204382419586
YMR274C,YBL031W,0,-2.7433705,0.27490928769111633,0.9656862616539001,0.26032063364982605
YFR040W,YIL056W,0,-2.7435799,0.2748325765132904,0.9656862616539001,0.2604208290576935
YJR076C,YDR110W,0,-2.7438688,0.27475592494010925,0.9656862616539001,0.2605210542678833
YPL221W,YBR077C,0,-2.7441144,0.2746793031692505,0.9656862616539001,0.26062124967575073
YML055W,YGL111W,0,-2.744894,0.2746027410030365,0.9656862616539001,0.26072144508361816
YDR301W,YDR038C,0,-2.7449489,0.2745262086391449,0.9656862616539001,0.2608216404914856
YKL040C,YGL181W,0,-2.7453334,0.2744497060775757,0.9656862616539001,0.260921835899353
YOR136W,YER169W,0,-2.7455542,0.27437326312065125,0.9656862616539001,0.26102203130722046
YER014W,YKR053C,0,-2.7456818,0.2742968499660492,0.9656862616539001,0.2611222565174103
YKL138C,YEL003W,0,-2.7458782,0.2742204964160919,0.9656862616539001,0.2612224519252777
YPL043W,YHL022C,0,-2.7463183,0.27414417266845703,0.9656862616539001,0.26132264733314514
YDL144C,YGL231C,0,-2.7463436,0.27406787872314453,0.9656862616539001,0.2614228427410126
YOL059W,YLR181C,0,-2.7463675,0.2739916443824768,0.9656862616539001,0.26152303814888
YLL050C,YOR151C,0,-2.7467332,0.27391546964645386,0.9656862616539001,0.26162323355674744
YKL080W,YIL038C,0,-2.746993,0.2738393247127533,0.9656862616539001,0.26172345876693726
YLR364W,YNL146W,0,-2.7470279,0.2737632095813751,0.9656862616539001,0.2618236541748047
YNR040W,YDL095W,0,-2.747233,0.27368712425231934,0.9656862616539001,0.2619238495826721
YGL100W,YDL210W,0,-2.7473764,0.2736110985279083,0.9656862616539001,0.26202404499053955
YBL013W,YDR347W,0,-2.7478213,0.2735351324081421,0.9656862616539001,0.262124240398407
YBR101C,YHR084W,0,-2.7480226,0.27345919609069824,0.9656862616539001,0.2622244358062744
YOR259C,YGL058W,0,-2.7480698,0.2733832895755768,0.9656862616539001,0.26232466101646423
YJL207C,YKR045C,0,-2.7481241,0.2733074426651001,0.9656862616539001,0.26242485642433167
YKL004W,YOR080W,0,-2.7485132,0.2732316255569458,0.9656862616539001,0.2625250518321991
YLL014W,YGR078C,0,-2.748713,0.2731558382511139,0.9656862616539001,0.26262524724006653
YLR032W,YGL065C,0,-2.7489223,0.27308011054992676,0.9656862616539001,0.26272544264793396
YNL227C,YDR142C,0,-2.7494688,0.2730044424533844,0.9656862616539001,0.2628256380558014
YBR078W,YLR234W,0,-2.7500372,0.27292877435684204,0.9656862616539001,0.2629258632659912
YGR068C,YPL103C,0,-2.7503138,0.27285319566726685,0.9656862616539001,0.26302605867385864
YGL009C,YLR275W,0,-2.7506173,0.27277761697769165,0.9656862616539001,0.2631262540817261
YPL130W,YGR195W,0,-2.75081,0.27270209789276123,0.9656862616539001,0.2632264494895935
YER146W,YJR047C,0,-2.7517004,0.2726266384124756,0.9656862616539001,0.26332664489746094
YIR036C,YIL010W,0,-2.7519646,0.27255117893218994,0.9656862616539001,0.26342684030532837
YOL059W,YCR018C,0,-2.7526128,0.27247580885887146,0.9656862616539001,0.2635270655155182
YPL162C,YNR032C-A,0,-2.752789,0.272400438785553,0.9656862616539001,0.2636272609233856
YKL156W,YDL137W,0,-2.753046,0.2723251283168793,0.9656862616539001,0.26372745633125305
YBR208C,YMR318C,0,-2.7531862,0.27224984765052795,0.9656862616539001,0.2638276517391205
YOL042W,YGR002C,0,-2.7532425,0.2721746265888214,0.9656862616539001,0.2639278471469879
YGR125W,YOR381W,0,-2.7533977,0.27209943532943726,0.9656862616539001,0.26402804255485535
YOR298C-A,YJR084W,0,-2.753665,0.2720243036746979,0.9656862616539001,0.26412826776504517
YBL060W,YDR523C,0,-2.7537389,0.2719492018222809,0.9656862616539001,0.2642284631729126
YNL154C,YPL032C,0,-2.7537973,0.2718741297721863,0.9656862616539001,0.26432865858078003
YCR047C,YNL086W,0,-2.7538137,0.27179911732673645,0.9656862616539001,0.26442885398864746
YPL090C,YLR055C,0,-2.7542484,0.271724134683609,0.9656862616539001,0.2645290493965149
YMR204C,YBR015C,0,-2.7543933,0.27164921164512634,0.9656862616539001,0.2646292448043823
YIL064W,YNL284C-B,0,-2.7543945,0.27157431840896606,0.9656862616539001,0.26472947001457214
YBL025W,YML018C,0,-2.7548537,0.2714994549751282,0.9656862616539001,0.2648296654224396
YFR041C,YHR128W,0,-2.75499,0.27142462134361267,0.9656862616539001,0.264929860830307
YOR258W,YDL043C,0,-2.755396,0.27134987711906433,0.9656862616539001,0.26503005623817444
YJL183W,YML098W,0,-2.755414,0.271275132894516,0.9656862616539001,0.26513025164604187
YBR123C,YGR116W,0,-2.7554204,0.2712004482746124,0.9656862616539001,0.2652304470539093
YDL190C,YNL254C,0,-2.7555099,0.27112579345703125,0.9656862616539001,0.2653306722640991
YMR021C,YMR322C,0,-2.7564034,0.27105116844177246,0.9656862616539001,0.26543086767196655
YBL087C,YMR036C,0,-2.7564712,0.27097660303115845,0.9656862616539001,0.265531063079834
YOL064C,YER042W,0,-2.7565732,0.2709020972251892,0.9656862616539001,0.2656312584877014
YBR084C-A,YGR274C,0,-2.7569666,0.27082759141921997,0.9656862616539001,0.26573145389556885
YMR042W,YMR183C,0,-2.7572396,0.2707531750202179,0.9656862616539001,0.2658316493034363
YHR153C,YKL134C,0,-2.7575774,0.2706787586212158,0.9656862616539001,0.2659318745136261
YCR024C-A,YPR145W,0,-2.7577107,0.2706044018268585,0.9656862616539001,0.26603206992149353
YBR082C,YOR043W,0,-2.7577338,0.2705300748348236,0.9656862616539001,0.26613226532936096
YHR197W,YER125W,1,-2.758068,0.2707303762435913,0.9666666388511658,0.26613226532936096
YBL036C,YHL018W,0,-2.758152,0.2706560492515564,0.9666666388511658,0.2662324607372284
YLR142W,YDR246W,0,-2.75823,0.27058178186416626,0.9666666388511658,0.2663326561450958
YLR098C,YJR160C,0,-2.7590652,0.2705075442790985,0.9666666388511658,0.26643285155296326
YDL120W,YFL025C,0,-2.759463,0.27043336629867554,0.9666666388511658,0.2665330767631531
YNL207W,YKL108W,0,-2.7594872,0.27035918831825256,0.9666666388511658,0.2666332721710205
YOL001W,YKL188C,0,-2.7597003,0.27028509974479675,0.9666666388511658,0.26673346757888794
YGL155W,YLR193C,0,-2.7598903,0.27021101117134094,0.9666666388511658,0.26683366298675537
YMR142C,YIL022W,0,-2.7600236,0.2701369822025299,0.9666666388511658,0.2669338583946228
YNL177C,YDR276C,0,-2.7602425,0.27006298303604126,0.9666666388511658,0.26703405380249023
YGL150C,YLR210W,0,-2.7605257,0.2699890434741974,0.9666666388511658,0.26713427901268005
YOR193W,YJR067C,0,-2.7605994,0.2699151337146759,0.9666666388511658,0.2672344744205475
YLR319C,YBR065C,0,-2.7611082,0.2698412835597992,0.9666666388511658,0.2673346698284149
YHR076W,YPR114W,0,-2.7613482,0.2697674334049225,0.9666666388511658,0.26743486523628235
YNL251C,YOR048C,0,-2.7614834,0.26969364285469055,0.9666666388511658,0.2675350606441498
YML033W,YOR245C,0,-2.7622175,0.2696199119091034,0.9666666388511658,0.2676352560520172
YER122C,YBR088C,0,-2.7625775,0.2695462107658386,0.9666666388511658,0.26773548126220703
YLR409C,YPL215W,0,-2.7628055,0.26947253942489624,0.9666666388511658,0.26783567667007446
YML018C,YGR002C,0,-2.76293,0.26939889788627625,0.9666666388511658,0.2679358720779419
YMR192W,YJL129C,0,-2.7634003,0.269325315952301,0.9666666388511658,0.2680360674858093
YPR017C,YOL132W,0,-2.764123,0.2692517638206482,0.9666666388511658,0.26813626289367676
YOR202W,YOR086C,0,-2.7645898,0.26917827129364014,0.9666666388511658,0.2682364583015442
YHR103W,YKL055C,0,-2.76487,0.26910480856895447,0.9666666388511658,0.268336683511734
YMR133W,YPR061C,0,-2.764965,0.2690313756465912,0.9666666388511658,0.26843687891960144
YLR293C,YJL078C,0,-2.7652843,0.2689580023288727,0.9666666388511658,0.26853707432746887
YAR018C,YOL116W,0,-2.765421,0.26888465881347656,0.9666666388511658,0.2686372697353363
YNL272C,YBR070C,0,-2.7656956,0.26881134510040283,0.9666666388511658,0.26873746514320374
YLL024C,YPL212C,0,-2.7657099,0.2687380611896515,0.9666666388511658,0.26883766055107117
YLL018C-A,YMR305C,0,-2.766183,0.2686648368835449,0.9666666388511658,0.268937885761261
YLR360W,YOR140W,0,-2.7666705,0.26859167218208313,0.9666666388511658,0.2690380811691284
YDR450W,YDR197W,0,-2.7667432,0.26851850748062134,0.9666666388511658,0.26913827657699585
YFR049W,YJR099W,0,-2.7667477,0.2684454023838043,0.9666666388511658,0.2692384719848633
YJL018W,YFL002C,0,-2.766885,0.2683723568916321,0.9666666388511658,0.2693386673927307
YLR096W,YDR523C,0,-2.7669733,0.26829931139945984,0.9666666388511658,0.26943889260292053
YMR135C,YPR151C,0,-2.767064,0.2682263255119324,0.9666666388511658,0.26953908801078796
YJL197W,YHR160C,0,-2.7674372,0.2681533992290497,0.9666666388511658,0.2696392834186554
YPR017C,YBR159W,0,-2.7675571,0.268080472946167,0.9666666388511658,0.2697394788265228
YFR015C,YIL093C,0,-2.767747,0.2680076062679291,0.9666666388511658,0.26983967423439026
YHR094C,YOR214C,0,-2.7679625,0.26793476939201355,0.9666666388511658,0.2699398696422577
YAL061W,YJL165C,0,-2.768241,0.2678619921207428,0.9666666388511658,0.2700400948524475
YER007W,YJL062W,0,-2.7686028,0.26778924465179443,0.9666666388511658,0.27014029026031494
YJL073W,YKL157W,0,-2.7686744,0.26771652698516846,0.9666666388511658,0.2702404856681824
YCR033W,YDR163W,0,-2.7686768,0.26764386892318726,0.9666666388511658,0.2703406810760498
YNL088W,YDR217C,0,-2.768786,0.26757124066352844,0.9666666388511658,0.27044087648391724
YDL226C,YJL121C,0,-2.7704167,0.267498642206192,0.9666666388511658,0.27054107189178467
YHR070W,YKL173W,0,-2.7706292,0.26742610335350037,0.9666666388511658,0.2706412971019745
YHR025W,YOR189W,0,-2.7706995,0.2673535645008087,0.9666666388511658,0.2707414925098419
YAL028W,YMR313C,0,-2.7709527,0.26728111505508423,0.9666666388511658,0.27084168791770935
YJR143C,YKL054C,0,-2.7713082,0.26720866560935974,0.9666666388511658,0.2709418833255768
YLR192C,YPL089C,0,-2.7713344,0.26713627576828003,0.9666666388511658,0.2710420787334442
YMR045C,YDR084C,0,-2.7715943,0.2670639157295227,0.9666666388511658,0.27114227414131165
YGR211W,YDR487C,0,-2.7716799,0.26699161529541016,0.9666666388511658,0.27124249935150146
YJL118W,YER018C,0,-2.771709,0.2669193148612976,0.9666666388511658,0.2713426947593689
YNL248C,YDR531W,0,-2.772287,0.2668471038341522,0.9666666388511658,0.27144289016723633
YER099C,YER083C,0,-2.7728248,0.26677489280700684,0.9666666388511658,0.27154308557510376
YGL136C,YER119C,0,-2.7729025,0.2667027413845062,0.9666666388511658,0.2716432809829712
YPR201W,YDR541C,0,-2.7729878,0.266630619764328,0.9666666388511658,0.2717434763908386
YNL142W,YML075C,0,-2.773017,0.26655852794647217,0.9666666388511658,0.27184370160102844
YPL198W,YJL181W,0,-2.7731676,0.2664864957332611,0.9666666388511658,0.2719438970088959
YBR021W,YPL176C,0,-2.774252,0.26641449332237244,0.9666666388511658,0.2720440924167633
YER060W-A,YLR158C,0,-2.774367,0.26634252071380615,0.9666666388511658,0.27214428782463074
YBR086C,YOR119C,0,-2.7745404,0.26627057790756226,0.9666666388511658,0.27224448323249817
YLR467W,YDL132W,0,-2.7752771,0.26619869470596313,0.9666666388511658,0.2723446786403656
YKR105C,YFR016C,0,-2.7755616,0.2661268413066864,0.9666666388511658,0.2724449038505554
YAL058W,YKR013W,0,-2.7759707,0.26605504751205444,0.9666666388511658,0.27254509925842285
YLR242C,YCR072C,0,-2.776024,0.2659832835197449,0.9666666388511658,0.2726452946662903
YER040W,YGL171W,0,-2.776235,0.2659115493297577,0.9666666388511658,0.2727454900741577
YEL060C,YOR066W,0,-2.7771444,0.2658398449420929,0.9666666388511658,0.27284568548202515
YLR069C,YCR034W,0,-2.7773383,0.2657682001590729,0.9666666388511658,0.2729458808898926
YCL026C-A,YNL101W,0,-2.777761,0.26569658517837524,0.9666666388511658,0.2730461061000824
YEL044W,YML086C,0,-2.7778053,0.265625,0.9666666388511658,0.27314630150794983
YOR258W,YHR134W,0,-2.7778873,0.26555347442626953,0.9666666388511658,0.27324649691581726
YGR086C,YCR088W,0,-2.7785065,0.26548194885253906,0.9666666388511658,0.2733466923236847
YMR060C,YDR322W,0,-2.7787595,0.26541051268577576,0.9666666388511658,0.2734468877315521
YMR277W,YOR017W,0,-2.7788444,0.26533907651901245,0.9666666388511658,0.27354708313941956
YMR233W,YPR007C,0,-2.7789242,0.2652676999568939,0.9666666388511658,0.2736473083496094
YJL013C,YNL256W,0,-2.778931,0.2651963531970978,0.9666666388511658,0.2737475037574768
YJR027W,YNL256W,0,-2.7790573,0.265125036239624,0.9666666388511658,0.27384769916534424
YDR346C,YOL138C,0,-2.7793968,0.26505374908447266,0.9666666388511658,0.27394789457321167
YBR050C,YJR158W,0,-2.77957,0.26498252153396606,0.9666666388511658,0.2740480899810791
YKL125W,YJL097W,0,-2.7798371,0.26491132378578186,0.9666666388511658,0.27414828538894653
YBR127C,YLR172C,0,-2.7800283,0.26484018564224243,0.9666666388511658,0.27424851059913635
YJL181W,YOL094C,0,-2.7803988,0.2647690773010254,0.9666666388511658,0.2743487060070038
YPR122W,YBR055C,0,-2.7805758,0.26469799876213074,0.9666666388511658,0.2744489014148712
YDL017W,YIL026C,0,-2.7807293,0.26462695002555847,0.9666666388511658,0.27454909682273865
YLR222C,YLR132C,0,-2.7809525,0.2645559310913086,0.9666666388511658,0.2746492922306061
YJR089W,YLL036C,0,-2.7809615,0.2644849717617035,0.9666666388511658,0.2747494876384735
YPR041W,YKR087C,0,-2.7810435,0.2644140422344208,0.9666666388511658,0.27484971284866333
YCL061C,YBR288C,0,-2.7810626,0.26434317231178284,0.9666666388511658,0.27494990825653076
YGL064C,YNL327W,0,-2.7814429,0.2642723023891449,0.9666666388511658,0.2750501036643982
YJL216C,YNL133C,0,-2.782319,0.26420149207115173,0.9666666388511658,0.2751502990722656
YBL030C,YFL044C,0,-2.7824552,0.26413071155548096,0.9666666388511658,0.27525049448013306
YPL048W,YHR070W,0,-2.7825902,0.26405999064445496,0.9666666388511658,0.2753506898880005
YLL036C,YPL068C,0,-2.7828274,0.26398929953575134,0.9666666388511658,0.2754509150981903
YLR390W-A,YIL065C,0,-2.7828975,0.2639186382293701,0.9666666388511658,0.27555111050605774
YJR043C,YCR054C,0,-2.7829175,0.2638480067253113,0.9666666388511658,0.27565130591392517
YPL158C,YPL105C,0,-2.7829382,0.2637774348258972,0.9666666388511658,0.2757515013217926
YMR217W,YNL158W,0,-2.7830153,0.26370686292648315,0.9666666388511658,0.27585169672966003
YKL185W,YLR006C,0,-2.7830644,0.26363635063171387,0.9666666388511658,0.27595189213752747
YLR100W,YBL006C,0,-2.7833562,0.26356589794158936,0.9666666388511658,0.2760521173477173
YML088W,YGR272C,0,-2.7834487,0.26349544525146484,0.9666666388511658,0.2761523127555847
YLR377C,YKR046C,0,-2.783534,0.2634250521659851,0.9666666388511658,0.27625250816345215
YJR048W,YDL046W,0,-2.783584,0.26335468888282776,0.9666666388511658,0.2763527035713196
YNL248C,YDL185W,0,-2.7839184,0.2632843852043152,0.9666666388511658,0.276452898979187
YKL199C,YIL009W,0,-2.784378,0.2632140815258026,0.9666666388511658,0.27655309438705444
YFR037C,YKL192C,0,-2.784552,0.2631438374519348,0.9666666388511658,0.27665331959724426
YIL026C,YJL148W,0,-2.7847772,0.2630736529827118,0.9666666388511658,0.2767535150051117
YDR503C,YDR365W-B,0,-2.7851443,0.26300346851348877,0.9666666388511658,0.2768537104129791
YGR033C,YER030W,0,-2.785283,0.2629333436489105,0.9666666388511658,0.27695390582084656
YKL167C,YNL031C,0,-2.7855802,0.26286324858665466,0.9666666388511658,0.277054101228714
YOR191W,YER112W,0,-2.7858377,0.2627931833267212,0.9666666388511658,0.2771542966365814
YML076C,YLR192C,0,-2.7865846,0.2627231478691101,0.9666666388511658,0.27725452184677124
YKL163W,YKL100C,0,-2.7867327,0.2626531720161438,0.9666666388511658,0.27735471725463867
YMR063W,YMR002W,0,-2.7870355,0.2625832259654999,0.9666666388511658,0.2774549126625061
YPL086C,YML058W,0,-2.787158,0.26251330971717834,0.9666666388511658,0.27755510807037354
YHR089C,YCL048W,0,-2.7873235,0.2624434530735016,0.9666666388511658,0.27765530347824097
YGL238W,YBR004C,0,-2.7877264,0.26237359642982483,0.9666666388511658,0.2777554988861084
YHR067W,YMR257C,0,-2.788752,0.26230379939079285,0.9666666388511658,0.2778557240962982
YGL137W,YJR094W-A,0,-2.7892308,0.26223403215408325,0.9666666388511658,0.27795591950416565
YOR383C,YKR048C,0,-2.7892654,0.26216432452201843,0.9666666388511658,0.2780561149120331
YJL008C,YAR003W,0,-2.7894032,0.2620946168899536,0.9666666388511658,0.2781563103199005
YKR060W,YGL098W,0,-2.7895193,0.26202496886253357,0.9666666388511658,0.27825650572776794
YDR212W,YCR053W,0,-2.7896764,0.2619553804397583,0.9666666388511658,0.2783567011356354
YFL034C-A,YMR223W,0,-2.789851,0.26188579201698303,0.9666666388511658,0.2784569263458252
YGR075C,YBR038W,0,-2.7900863,0.26181626319885254,0.9666666388511658,0.2785571217536926
YOR293W,YNL103W,0,-2.7902632,0.26174673438072205,0.9666666388511658,0.27865731716156006
YCL001W,YMR059W,0,-2.7905655,0.2616772949695587,0.9666666388511658,0.2787575125694275
YPR020W,YNL149C,0,-2.790671,0.2616078555583954,0.9666666388511658,0.2788577079772949
YOR246C,YBR102C,0,-2.7906885,0.26153847575187683,0.9666666388511658,0.27895790338516235
YOR069W,YLR067C,0,-2.7907028,0.2614690959453583,0.9666666388511658,0.2790581285953522
YAL026C,YGL059W,0,-2.7907743,0.2613997757434845,0.9666666388511658,0.2791583240032196
YCL019W,YML082W,0,-2.7909245,0.2613305151462555,0.9666666388511658,0.27925851941108704
YMR322C,YPL209C,0,-2.7913597,0.2612612545490265,0.9666666388511658,0.27935871481895447
YLR370C,YLR240W,0,-2.791465,0.26119205355644226,0.9666666388511658,0.2794589102268219
YMR177W,YMR094W,0,-2.7917104,0.2611228823661804,0.9666666388511658,0.27955910563468933
YER155C,YDL150W,0,-2.7918928,0.26105374097824097,0.9666666388511658,0.27965933084487915
YPR048W,YBR092C,0,-2.792227,0.2609846591949463,0.9666666388511658,0.2797595262527466
YPR155C,YDR258C,0,-2.7922518,0.2609155774116516,0.9666666388511658,0.279859721660614
YHR065C,YNL054W,0,-2.792605,0.2608465552330017,0.9666666388511658,0.27995991706848145
YDR028C,YBR056W,0,-2.7927651,0.2607775628566742,0.9666666388511658,0.2800601124763489
YGL131C,YPR104C,0,-2.7928314,0.26070863008499146,0.9666666388511658,0.2801603078842163
YNL222W,YLR410W,0,-2.792938,0.2606396973133087,0.9666666388511658,0.28026053309440613
YPL060W,YGR138C,0,-2.7931523,0.26057082414627075,0.9666666388511658,0.28036072850227356
YMR274C,YGL115W,0,-2.7932239,0.2605019807815552,0.9666666388511658,0.280460923910141
YAL028W,YDR040C,0,-2.7934804,0.260433167219162,0.9666666388511658,0.2805611193180084
YPL146C,YEL077C,0,-2.793715,0.2603644132614136,0.9666666388511658,0.28066131472587585
YGL090W,YCL039W,0,-2.7938294,0.26029565930366516,0.9666666388511658,0.2807615101337433
YLR067C,YPR066W,0,-2.793933,0.2602269649505615,0.9666666388511658,0.2808617353439331
YLR418C,YJL123C,0,-2.7941191,0.2601583003997803,0.9666666388511658,0.28096193075180054
YBL021C,YML038C,0,-2.7941356,0.2600896954536438,0.9666666388511658,0.28106212615966797
YMR282C,YOL130W,0,-2.7941816,0.2600210905075073,0.9666666388511658,0.2811623215675354
YML123C,YLL032C,0,-2.7942495,0.2599525451660156,0.9666666388511658,0.28126251697540283
YLL005C,YMR223W,0,-2.7944226,0.2598840296268463,0.9666666388511658,0.28136271238327026
YGR060W,YBR189W,0,-2.794506,0.2598155438899994,0.9666666388511658,0.2814629375934601
YJR145C,YMR214W,0,-2.794886,0.25974708795547485,0.9666666388511658,0.2815631330013275
YDL135C,YBL099W,0,-2.7952602,0.2596786916255951,0.9666666388511658,0.28166332840919495
YKL125W,YBL006C,0,-2.7954245,0.2596103250980377,0.9666666388511658,0.2817635238170624
YCL031C,YNR041C,0,-2.7960286,0.25954198837280273,0.9666666388511658,0.2818637192249298
YDL019C,YOR229W,0,-2.7960865,0.25947368144989014,0.9666666388511658,0.28196391463279724
YKL010C,YKR031C,0,-2.7964954,0.2594054341316223,0.9666666388511658,0.28206413984298706
YNR043W,YML016C,0,-2.7965899,0.2593371868133545,0.9666666388511658,0.2821643352508545
YNL126W,YDR331W,0,-2.796692,0.25926899909973145,0.9666666388511658,0.2822645306587219
YBR024W,YHR134W,0,-2.796805,0.2592008411884308,0.9666666388511658,0.28236472606658936
YLR035C-A,YDL076C,0,-2.7970223,0.2591327130794525,0.9666666388511658,0.2824649214744568
YLR247C,YHR166C,0,-2.7973258,0.259064644575119,0.9666666388511658,0.2825651168823242
YBR012W-A,YDR032C,0,-2.7975564,0.2589965760707855,0.9666666388511658,0.28266534209251404
YJL099W,YPL069C,0,-2.797768,0.2589285671710968,0.9666666388511658,0.28276553750038147
YOL009C,YHR067W,0,-2.798008,0.25886058807373047,0.9666666388511658,0.2828657329082489
YBL039C,YFL049W,0,-2.7982876,0.2587926387786865,0.9666666388511658,0.28296592831611633
YOR073W,YCL057C-A,0,-2.7983027,0.25872474908828735,0.9666666388511658,0.28306612372398376
YML095C,YDR073W,0,-2.7983332,0.2586568593978882,0.9666666388511658,0.2831663191318512
YBL021C,YIL085C,0,-2.7985394,0.2585890293121338,0.9666666388511658,0.283266544342041
YDR004W,YDL079C,0,-2.798613,0.2585212290287018,0.9666666388511658,0.28336673974990845
YOR032C,YDR021W,0,-2.7986577,0.25845345854759216,0.9666666388511658,0.2834669351577759
YMR131C,YHR143W,0,-2.7986639,0.2583857476711273,0.9666666388511658,0.2835671305656433
YOL013C,YKL039W,0,-2.7986996,0.2583180367946625,0.9666666388511658,0.28366732597351074
YDR315C,YGR227W,0,-2.7987337,0.2582503855228424,0.9666666388511658,0.2837675213813782
YKL048C,YDR134C,0,-2.7994666,0.2581827640533447,0.9666666388511658,0.283867746591568
YOR346W,YDR481C,0,-2.8001814,0.25811517238616943,0.9666666388511658,0.2839679419994354
YLR229C,YLR155C,0,-2.8006587,0.2580476403236389,0.9666666388511658,0.28406813740730286
YHR094C,YCR020W-B,0,-2.8007553,0.2579801082611084,0.9666666388511658,0.2841683328151703
YKL193C,YOL078W,0,-2.8010502,0.25791263580322266,0.9666666388511658,0.2842685282230377
YMR195W,YDL194W,0,-2.8011594,0.2578451931476593,0.9666666388511658,0.28436872363090515
YNL072W,YMR045C,0,-2.802998,0.25777778029441833,0.9666666388511658,0.28446894884109497
YMR053C,YDR435C,0,-2.8031921,0.25771039724349976,0.9666666388511658,0.2845691442489624
YKR025W,YKL040C,0,-2.8032541,0.25764307379722595,0.9666666388511658,0.28466933965682983
YJL020C,YML031W,0,-2.803587,0.25757575035095215,0.9666666388511658,0.28476953506469727
YKL140W,YJL025W,0,-2.8039107,0.2575084865093231,0.9666666388511658,0.2848697304725647
YNL311C,YHR115C,0,-2.8041494,0.2574412524700165,0.9666666388511658,0.28496992588043213
YDR016C,YBR291C,0,-2.8043716,0.2573740482330322,0.9666666388511658,0.28507015109062195
YML042W,YBR299W,0,-2.8047788,0.25730690360069275,0.9666666388511658,0.2851703464984894
YMR164C,YNL023C,0,-2.8048005,0.25723975896835327,0.9666666388511658,0.2852705419063568
YGL255W,YKR075C,0,-2.8053575,0.25717267394065857,0.9666666388511658,0.28537073731422424
YLR044C,YER078C,0,-2.8053873,0.25710561871528625,0.9666666388511658,0.2854709327220917
YDR484W,YGL251C,0,-2.8056896,0.25703859329223633,0.9666666388511658,0.2855711281299591
YMR152W,YOR036W,0,-2.8056943,0.2569715976715088,0.9666666388511658,0.2856713533401489
YGR227W,YML019W,0,-2.805838,0.25690463185310364,0.9666666388511658,0.28577154874801636
YCR039C,YNL256W,0,-2.805953,0.25683772563934326,0.9666666388511658,0.2858717441558838
YLL018C-A,YPR161C,0,-2.8063216,0.2567708194255829,0.9666666388511658,0.2859719395637512
YBL087C,YDR103W,0,-2.806601,0.2567039728164673,0.9666666388511658,0.28607213497161865
YML027W,YEL018W,0,-2.8066788,0.2566371560096741,0.9666666388511658,0.2861723303794861
YBR102C,YDL038C,0,-2.8067818,0.25657039880752563,0.9666666388511658,0.2862725555896759
YLR060W,YAL009W,0,-2.8068335,0.2565036416053772,0.9666666388511658,0.28637275099754333
YPR102C,YDR363W-A,0,-2.8069324,0.25643694400787354,0.9666666388511658,0.28647294640541077
YOL064C,YNL062C,0,-2.8069897,0.2563702464103699,0.9666666388511658,0.2865731418132782
YEL048C,YHR026W,0,-2.8070848,0.256303608417511,0.9666666388511658,0.28667333722114563
YLR079W,YDL211C,0,-2.807191,0.2562370002269745,0.9666666388511658,0.28677353262901306
YFL026W,YLR190W,0,-2.8075948,0.2561704218387604,0.9666666388511658,0.2868737578392029
YJL133W,YJR029W,0,-2.8076186,0.25610390305519104,0.9666666388511658,0.2869739532470703
YJR033C,YIL093C,0,-2.807764,0.2560373842716217,0.9666666388511658,0.28707414865493774
YPL124W,YDL130W,0,-2.8084912,0.25597092509269714,0.9666666388511658,0.2871743440628052
YDL017W,YDR123C,0,-2.8086467,0.25590449571609497,0.9666666388511658,0.2872745394706726
YFR040W,YLR313C,0,-2.8088076,0.2558380961418152,0.9666666388511658,0.28737473487854004
YNR047W,YAL013W,0,-2.8091812,0.2557717263698578,0.9666666388511658,0.28747496008872986
YKL139W,YGR040W,0,-2.8092837,0.2557053864002228,0.9666666388511658,0.2875751554965973
YLL014W,YHR032W,0,-2.8094263,0.25563910603523254,0.9666666388511658,0.2876753509044647
YDR012W,YER155C,0,-2.8096838,0.2555728256702423,0.9666666388511658,0.28777554631233215
YBL045C,YKL087C,0,-2.809986,0.25550660490989685,0.9666666388511658,0.2878757417201996
YIL072W,YGL098W,0,-2.810162,0.2554404139518738,0.9666666388511658,0.287975937128067
YGR133W,YHL026C,0,-2.8108525,0.2553742527961731,0.9666666388511658,0.28807616233825684
YDR400W,YDR168W,0,-2.8109608,0.2553081214427948,0.9666666388511658,0.28817635774612427
YOL120C,YGR007W,0,-2.811016,0.2552420496940613,0.9666666388511658,0.2882765531539917
YFL008W,YLR315W,0,-2.81114,0.25517597794532776,0.9666666388511658,0.28837674856185913
YFR040W,YJL129C,0,-2.8111444,0.255109965801239,0.9666666388511658,0.28847694396972656
YAL021C,YPL230W,0,-2.8115973,0.25504398345947266,0.9666666388511658,0.2885771691799164
YDL031W,YDR039C,0,-2.8116164,0.2549780309200287,0.9666666388511658,0.2886773645877838
YHR090C,YGL257C,0,-2.8116946,0.2549121081829071,0.9666666388511658,0.28877755999565125
YCR017C,YPL037C,0,-2.8119562,0.2548462152481079,0.9666666388511658,0.2888777554035187
YDR421W,YDR244W,0,-2.8122182,0.2547803521156311,0.9666666388511658,0.2889779508113861
YGL086W,YGL067W,0,-2.812283,0.2547145485877991,0.9666666388511658,0.28907814621925354
YMR063W,YNL176C,0,-2.8125105,0.25464877486228943,0.9666666388511658,0.28917837142944336
YEL050C,YOL061W,0,-2.8125181,0.2545830011367798,0.9666666388511658,0.2892785668373108
YJR075W,YHR215W,0,-2.8126764,0.2545172870159149,0.9666666388511658,0.2893787622451782
YJR045C,YGR096W,0,-2.812868,0.25445160269737244,0.9666666388511658,0.28947895765304565
YHR136C,YPR104C,0,-2.812933,0.25438597798347473,0.9666666388511658,0.2895791530609131
YLR364W,YKL011C,0,-2.8129833,0.254320353269577,0.9666666388511658,0.2896793484687805
YKL014C,YMR134W,0,-2.8131824,0.2542547583580017,0.9666666388511658,0.28977957367897034
YMR045C,YHL022C,0,-2.8132434,0.25418922305107117,0.9666666388511658,0.28987976908683777
YGL201C,YGR166W,0,-2.8133397,0.254123717546463,0.9666666388511658,0.2899799644947052
YCL061C,YDR523C,0,-2.8134227,0.25405824184417725,0.9666666388511658,0.29008015990257263
YOR319W,YJL052W,0,-2.8135796,0.25399279594421387,0.9666666388511658,0.29018035531044006
YLR427W,YMR288W,0,-2.8136616,0.2539273798465729,0.9666666388511658,0.2902805507183075
YJL018W,YMR059W,0,-2.8140507,0.2538619935512543,0.9666666388511658,0.2903807759284973
YGR099W,YML075C,0,-2.8141017,0.25379666686058044,0.9666666388511658,0.29048097133636475
YNL002C,YER125W,1,-2.814496,0.25398868322372437,0.9676470756530762,0.29048097133636475
YOL044W,YGR129W,0,-2.8145719,0.25392332673072815,0.9676470756530762,0.2905811667442322
YJR129C,YIL137C,0,-2.8145835,0.2538580298423767,0.9676470756530762,0.2906813621520996
YGR194C,YPL040C,0,-2.814643,0.25379276275634766,0.9676470756530762,0.29078155755996704
YOR191W,YOR001W,0,-2.8149483,0.2537274956703186,0.9676470756530762,0.2908817529678345
YLR071C,YDL211C,0,-2.8149884,0.2536622881889343,0.9676470756530762,0.2909819781780243
YGR075C,YMR098C,0,-2.8149912,0.25359711050987244,0.9676470756530762,0.2910821735858917
YOR119C,YER125W,1,-2.8151321,0.25378885865211487,0.9686274528503418,0.2910821735858917
YLR188W,YBR186W,0,-2.815423,0.253723680973053,0.9686274528503418,0.29118236899375916
YMR165C,YDL120W,0,-2.816245,0.2536585330963135,0.9686274528503418,0.2912825644016266
YJL145W,YNL161W,0,-2.8163133,0.25359341502189636,0.9686274528503418,0.291382759809494
YPR020W,YML014W,0,-2.8163419,0.253528356552124,0.9686274528503418,0.29148295521736145
YPL076W,YDR019C,0,-2.8164327,0.2534633278846741,0.9686274528503418,0.29158318042755127
YMR235C,YBL097W,0,-2.8164673,0.2533982992172241,0.9686274528503418,0.2916833758354187
YIL043C,YOR210W,0,-2.8166542,0.25333333015441895,0.9686274528503418,0.29178357124328613
YJL025W,YLR102C,0,-2.816668,0.25326839089393616,0.9686274528503418,0.29188376665115356
YLR044C,YDR500C,0,-2.8172464,0.25320348143577576,0.9686274528503418,0.291983962059021
YOR344C,YPR068C,0,-2.8172903,0.25313860177993774,0.9686274528503418,0.2920841574668884
YEL006W,YKL157W,0,-2.8177447,0.2530737817287445,0.9686274528503418,0.29218438267707825
YER073W,YDR021W,0,-2.8179564,0.25300896167755127,0.9686274528503418,0.2922845780849457
YLR144C,YLR240W,0,-2.8180923,0.2529442012310028,0.9686274528503418,0.2923847734928131
YHR157W,YPL103C,0,-2.818596,0.25287944078445435,0.9686274528503418,0.29248496890068054
YLR242C,YNL062C,0,-2.8188088,0.25281473994255066,0.9686274528503418,0.292585164308548
YCL067C,YGL194C,0,-2.8188472,0.25275006890296936,0.9686274528503418,0.2926853597164154
YOL105C,YJL098W,0,-2.8191338,0.25268542766571045,0.9686274528503418,0.2927855849266052
YJR064W,YMR190C,0,-2.8198068,0.2526208162307739,0.9686274528503418,0.29288578033447266
YMR224C,YPR156C,0,-2.8200583,0.2525562345981598,0.9686274528503418,0.2929859757423401
YLR116W,YLL053C,0,-2.8201566,0.25249168276786804,0.9686274528503418,0.2930861711502075
YIL034C,YKL108W,0,-2.8202934,0.25242719054222107,0.9686274528503418,0.29318636655807495
YIL107C,YAL053W,0,-2.8204708,0.2523626983165741,0.9686274528503418,0.2932865619659424
YMR226C,YGL250W,0,-2.820745,0.2522982656955719,0.9686274528503418,0.2933867871761322
YFR004W,YNR026C,0,-2.8209682,0.2522338628768921,0.9686274528503418,0.29348698258399963
YML022W,YGR055W,0,-2.8211317,0.2521694600582123,0.9686274528503418,0.29358717799186707
YLR117C,YAL044C,0,-2.8211331,0.25210511684417725,0.9686274528503418,0.2936873733997345
YMR158W,YPL051W,0,-2.8211815,0.2520408034324646,0.9686274528503418,0.29378756880760193
YLR337C,YLL016W,0,-2.8212388,0.25197654962539673,0.9686274528503418,0.29388776421546936
YML008C,YNL252C,0,-2.8212762,0.25191229581832886,0.9686274528503418,0.2939879894256592
YDR331W,YBL031W,0,-2.821535,0.2518480718135834,0.9686274528503418,0.2940881848335266
YCR036W,YOR245C,0,-2.8215375,0.25178390741348267,0.9686274528503418,0.29418838024139404
YHR076W,YDR176W,0,-2.8216934,0.25171974301338196,0.9686274528503418,0.2942885756492615
YKL010C,YOR262W,0,-2.821837,0.251655638217926,0.9686274528503418,0.2943887710571289
YOR373W,YGL097W,0,-2.8218849,0.2515915334224701,0.9686274528503418,0.29448896646499634
YDR025W,YMR323W,0,-2.8225827,0.25152748823165894,0.9686274528503418,0.29458919167518616
YDL214C,YGR029W,0,-2.8226037,0.25146347284317017,0.9686274528503418,0.2946893870830536
YDR313C,YER083C,0,-2.8238182,0.2513994872570038,0.9686274528503418,0.294789582490921
YDL033C,YPL233W,0,-2.8238916,0.2513355314731598,0.9686274528503418,0.29488977789878845
YDR406W,YNL065W,0,-2.8242154,0.2512716054916382,0.9686274528503418,0.2949899733066559
YJL174W,YGR026W,0,-2.824345,0.25120773911476135,0.9686274528503418,0.2950901687145233
YNL148C,YML082W,0,-2.8244991,0.2511438727378845,0.9686274528503418,0.29519039392471313
YIL138C,YML018C,0,-2.8245754,0.2510800361633301,0.9686274528503418,0.29529058933258057
YER018C,YBL005W-A,0,-2.8245907,0.2510162591934204,0.9686274528503418,0.295390784740448
YJL098W,YDR093W,0,-2.8251588,0.25095251202583313,0.9686274528503418,0.29549098014831543
YOL128C,YDR412W,0,-2.825182,0.25088876485824585,0.9686274528503418,0.29559117555618286
YPR122W,YIL117C,0,-2.8253102,0.25082507729530334,0.9686274528503418,0.2956913709640503
YKL016C,YJL139C,0,-2.8264444,0.2507614195346832,0.9686274528503418,0.2957915961742401
YGR183C,YDR003W,0,-2.827054,0.2506977915763855,0.9686274528503418,0.29589179158210754
YML077W,YKL089W,0,-2.8276243,0.25063419342041016,0.9686274528503418,0.295991986989975
YDR345C,YJL109C,0,-2.82781,0.2505706250667572,0.9686274528503418,0.2960921823978424
YOR217W,YDR283C,0,-2.8278222,0.25050708651542664,0.9686274528503418,0.29619237780570984
YLR027C,YBL019W,0,-2.8278294,0.25044360756874084,0.9686274528503418,0.29629257321357727
YKL010C,YHR088W,0,-2.8283393,0.25038012862205505,0.9686274528503418,0.2963927984237671
YIR008C,YHR039C,0,-2.8285007,0.25031670928001404,0.9686274528503418,0.2964929938316345
YPR158W-A,YHR190W,0,-2.828689,0.250253289937973,0.9686274528503418,0.29659318923950195
YJR093C,YML005W,0,-2.8287945,0.2501899302005768,0.9686274528503418,0.2966933846473694
YDL220C,YLR059C,0,-2.828895,0.25012657046318054,0.9686274528503418,0.2967935800552368
YDL205C,YOR133W,0,-2.829915,0.2500632703304291,0.9686274528503418,0.29689377546310425
YBR084C-A,YGR017W,0,-2.8305562,0.25,0.9686274528503418,0.29699400067329407
YBR267W,YGR166W,0,-2.8311167,0.2499367594718933,0.9686274528503418,0.2970941960811615
YJR017C,YLL057C,0,-2.8311725,0.249873548746109,0.9686274528503418,0.29719439148902893
YBR251W,YLR363C,0,-2.8312075,0.2498103678226471,0.9686274528503418,0.29729458689689636
YBL045C,YNL115C,0,-2.8314981,0.24974721670150757,0.9686274528503418,0.2973947823047638
YNL186W,YCL039W,0,-2.8315482,0.24968411028385162,0.9686274528503418,0.2974949777126312
YGL201C,YBL051C,0,-2.83181,0.24962101876735687,0.9686274528503418,0.29759520292282104
YBR122C,YDR077W,0,-2.8318794,0.2495579719543457,0.9686274528503418,0.2976953983306885
YBR107C,YKL192C,0,-2.8318884,0.24949495494365692,0.9686274528503418,0.2977955937385559
YPR169W,YOR039W,0,-2.8320296,0.24943196773529053,0.9686274528503418,0.29789578914642334
YGL035C,YIL120W,0,-2.8320928,0.24936901032924652,0.9686274528503418,0.29799598455429077
YIL017C,YKR009C,0,-2.8321314,0.2493060827255249,0.9686274528503418,0.2980961799621582
YNL322C,YGL136C,0,-2.83214,0.24924318492412567,0.9686274528503418,0.298196405172348
YOR329C,YOR336W,0,-2.8321447,0.24918033182621002,0.9686274528503418,0.29829660058021545
YBR181C,YOR229W,0,-2.832309,0.24911749362945557,0.9686274528503418,0.2983967959880829
YNR008W,YDR198C,0,-2.8323677,0.2490547001361847,0.9686274528503418,0.2984969913959503
YBR028C,YBR236C,0,-2.8323953,0.2489919364452362,0.9686274528503418,0.29859718680381775
YER060W,YNL066W,0,-2.8326647,0.2489292025566101,0.9686274528503418,0.2986973822116852
YNL096C,YDR349C,0,-2.8327367,0.2488664984703064,0.9686274528503418,0.298797607421875
YCR086W,YOL152W,0,-2.8328998,0.24880382418632507,0.9686274528503418,0.29889780282974243
YML069W,YDL052C,0,-2.832962,0.24874119460582733,0.9686274528503418,0.29899799823760986
YEL027W,YLR008C,0,-2.8331816,0.24867857992649078,0.9686274528503418,0.2990981936454773
YML085C,YPL194W,0,-2.8331962,0.24861600995063782,0.9686274528503418,0.2991983890533447
YML085C,YJL129C,0,-2.8333006,0.24855345487594604,0.9686274528503418,0.29929858446121216
YKL016C,YKL138C,0,-2.8335183,0.24849094450473785,0.9686274528503418,0.299398809671402
YOL018C,YER119C,0,-2.8335545,0.24842846393585205,0.9686274528503418,0.2994990050792694
YPL055C,YGL059W,0,-2.833667,0.24836601316928864,0.9686274528503418,0.29959920048713684
YKL033W,YPL253C,0,-2.8337047,0.2483035922050476,0.9686274528503418,0.2996993958950043
YCR048W,YNL209W,0,-2.8337183,0.24824120104312897,0.9686274528503418,0.2997995913028717
YLR352W,YKL016C,0,-2.833726,0.2481788545846939,0.9686274528503418,0.29989978671073914
YIL040W,YDR045C,0,-2.8346672,0.24811652302742004,0.9686274528503418,0.30000001192092896
YDL195W,YOL061W,0,-2.8348203,0.24805423617362976,0.9686274528503418,0.3001002073287964
YBR186W,YER007C-A,0,-2.835184,0.24799196422100067,0.9686274528503418,0.3002004027366638
YGL029W,YLR193C,0,-2.835462,0.24792973697185516,0.9686274528503418,0.30030059814453125
YMR092C,YGR014W,0,-2.835466,0.24786753952503204,0.9686274528503418,0.3004007935523987
YLR364W,YJL190C,0,-2.8355718,0.2478053718805313,0.9686274528503418,0.3005009889602661
YDR466W,YMR268C,0,-2.8359985,0.24774323403835297,0.9686274528503418,0.30060121417045593
YCL050C,YPL149W,0,-2.8360229,0.247681125998497,0.9686274528503418,0.30070140957832336
YBL066C,YOR030W,0,-2.8360481,0.24761904776096344,0.9686274528503418,0.3008016049861908
YKR038C,YPR114W,0,-2.8364387,0.24755699932575226,0.9686274528503418,0.3009018003940582
YDR418W,YGR062C,0,-2.8368134,0.24749499559402466,0.9686274528503418,0.30100199580192566
YDR520C,YBR299W,0,-2.8373513,0.24743300676345825,0.9686274528503418,0.3011021912097931
YLR144C,YNR075W,0,-2.8373914,0.24737106263637543,0.9686274528503418,0.3012024164199829
YFL024C,YGR098C,0,-2.8375783,0.2473091334104538,0.9686274528503418,0.30130261182785034
YNL245C,YMR189W,0,-2.8375783,0.24724724888801575,0.9686274528503418,0.3014028072357178
YDR522C,YJL181W,0,-2.837619,0.24718539416790009,0.9686274528503418,0.3015030026435852
YNL330C,YER093C,0,-2.8378148,0.24712355434894562,0.9686274528503418,0.30160319805145264
YIL018W,YKL173W,0,-2.8379903,0.24706175923347473,0.9686274528503418,0.30170339345932007
YER007W,YML038C,0,-2.8380184,0.24699999392032623,0.9686274528503418,0.3018036186695099
YPR055W,YDR190C,0,-2.838377,0.24693825840950012,0.9686274528503418,0.3019038140773773
YJL093C,YOR109W,0,-2.8384788,0.2468765676021576,0.9686274528503418,0.30200400948524475
YML096W,YBR237W,0,-2.8388662,0.24681489169597626,0.9686274528503418,0.3021042048931122
YHR158C,YHR141C,0,-2.8388968,0.2467532455921173,0.9686274528503418,0.3022044003009796
YHR018C,YML091C,0,-2.8391,0.24669162929058075,0.9686274528503418,0.30230459570884705
YDR517W,YJR025C,0,-2.8392577,0.24663005769252777,0.9686274528503418,0.30240482091903687
YHR128W,YMR288W,0,-2.8394492,0.246568500995636,0.9686274528503418,0.3025050163269043
YKR010C,YHL040C,0,-2.839826,0.24650698900222778,0.9686274528503418,0.30260521173477173
YLL006W,YKL194C,0,-2.8399465,0.24644549190998077,0.9686274528503418,0.30270540714263916
YHR206W,YHR200W,0,-2.8402467,0.24638403952121735,0.9686274528503418,0.3028056025505066
YJL091C,YGL229C,0,-2.8408177,0.2463226169347763,0.9686274528503418,0.302905797958374
YMR214W,YAL003W,0,-2.8412125,0.24626120924949646,0.9686274528503418,0.30300602316856384
YOR191W,YBR021W,0,-2.8412967,0.2461998462677002,0.9686274528503418,0.3031062185764313
YLR212C,YOR065W,0,-2.8417037,0.24613851308822632,0.9686274528503418,0.3032064139842987
YDR197W,YFR024C,0,-2.8417401,0.24607720971107483,0.9686274528503418,0.30330660939216614
YDR039C,YHR187W,0,-2.8425884,0.24601593613624573,0.9686274528503418,0.30340680480003357
YCR016W,YDR093W,0,-2.843341,0.245954692363739,0.9686274528503418,0.303507000207901
YNL002C,YNR030W,0,-2.843621,0.2458934783935547,0.9686274528503418,0.3036072254180908
YGL085W,YNL065W,0,-2.8447666,0.24583229422569275,0.9686274528503418,0.30370742082595825
YHR065C,YIL027C,0,-2.8451414,0.2457711398601532,0.9686274528503418,0.3038076162338257
YER169W,YDR104C,0,-2.8454685,0.24571001529693604,0.9686274528503418,0.3039078116416931
YBR168W,YHR170W,0,-2.845944,0.24564893543720245,0.9686274528503418,0.30400800704956055
YCR096C,YDR317W,0,-2.846119,0.24558787047863007,0.9686274528503418,0.304108202457428
YGL130W,YGR241C,0,-2.8466144,0.24552683532238007,0.9686274528503418,0.3042084276676178
YMR223W,YKL045W,0,-2.84663,0.24546584486961365,0.9686274528503418,0.30430862307548523
YJL050W,YLR023C,0,-2.8466692,0.24540486931800842,0.9686274528503418,0.30440881848335266
YML085C,YJR086W,0,-2.846989,0.24534392356872559,0.9686274528503418,0.3045090138912201
YDL067C,YLL005C,0,-2.8471751,0.24528302252292633,0.9686274528503418,0.3046092092990875
YHL017W,YDR267C,0,-2.8472466,0.24522213637828827,0.9686274528503418,0.30470940470695496
YAL043C,YLR056W,0,-2.8475926,0.2451612949371338,0.9686274528503418,0.3048096299171448
YBR245C,YGL198W,0,-2.847847,0.2451004683971405,0.9686274528503418,0.3049098253250122
YGL205W,YGL254W,0,-2.8480673,0.2450396865606308,0.9686274528503418,0.30501002073287964
YML067C,YGR049W,0,-2.8483977,0.2449789196252823,0.9686274528503418,0.30511021614074707
YKL143W,YML038C,0,-2.8484964,0.24491819739341736,0.9686274528503418,0.3052104115486145
YNL227C,YJL044C,0,-2.8485527,0.24485749006271362,0.9686274528503418,0.30531060695648193
YKR029C,YCL066W,0,-2.8490663,0.24479682743549347,0.9686274528503418,0.30541083216667175
YER157W,YKL028W,0,-2.849114,0.2447361946105957,0.9686274528503418,0.3055110275745392
YHR094C,YAL068C,0,-2.8491929,0.24467557668685913,0.9686274528503418,0.3056112229824066
YDR359C,YLR275W,0,-2.8497863,0.24461500346660614,0.9686274528503418,0.30571141839027405
YLR147C,YNL164C,0,-2.8503065,0.24455446004867554,0.9686274528503418,0.3058116137981415
YGR037C,YMR242C,0,-2.8503408,0.24449393153190613,0.9686274528503418,0.3059118092060089
YBR301W,YGL136C,0,-2.850348,0.2444334477186203,0.9686274528503418,0.30601203441619873
YBR288C,YDR356W,0,-2.8506322,0.24437299370765686,0.9686274528503418,0.30611222982406616
YNR030W,YEL018W,0,-2.8512397,0.24431255459785461,0.9686274528503418,0.3062124252319336
YMR026C,YHR063C,0,-2.851426,0.24425216019153595,0.9686274528503418,0.306312620639801
YNL206C,YEL059C-A,0,-2.851546,0.24419179558753967,0.9686274528503418,0.30641281604766846
YEL054C,YPR034W,0,-2.8520575,0.24413146078586578,0.9686274528503418,0.3065130114555359
YJR059W,YJR104C,0,-2.8523958,0.2440711408853531,0.9686274528503418,0.3066132366657257
YNL181W,YAL047C,0,-2.852941,0.24401086568832397,0.9686274528503418,0.30671343207359314
YDR463W,YCR096C,0,-2.853045,0.24395062029361725,0.9686274528503418,0.30681362748146057
YDL100C,YAL023C,0,-2.8531666,0.2438904047012329,0.9686274528503418,0.306913822889328
YHR083W,YGL168W,0,-2.8533735,0.24383020401000977,0.9686274528503418,0.30701401829719543
YOR118W,YLR077W,0,-2.8535962,0.2437700480222702,0.9686274528503418,0.30711421370506287
YDR255C,YKL039W,0,-2.8536654,0.24370992183685303,0.9686274528503418,0.3072144389152527
YDR446W,YOR242C,0,-2.8542354,0.24364981055259705,0.9686274528503418,0.3073146343231201
YEL038W,YMR048W,0,-2.8545995,0.24358974397182465,0.9686274528503418,0.30741482973098755
YDR425W,YKL188C,0,-2.8546133,0.24352970719337463,0.9686274528503418,0.307515025138855
YNL326C,YGL249W,0,-2.8547797,0.24346968531608582,0.9686274528503418,0.3076152205467224
YJR110W,YJL078C,0,-2.855586,0.24340970814228058,0.9686274528503418,0.30771544575691223
YNL321W,YAR009C,0,-2.8557615,0.24334976077079773,0.9686274528503418,0.30781564116477966
YNL185C,YBL018C,0,-2.8559017,0.24328982830047607,0.9686274528503418,0.3079158365726471
YDR099W,YKL109W,0,-2.8559103,0.243229940533638,0.9686274528503418,0.3080160319805145
YDL109C,YFL036W,0,-2.8561673,0.24317006766796112,0.9686274528503418,0.30811622738838196
YBR045C,YER056C-A,0,-2.8562024,0.24311023950576782,0.9686274528503418,0.3082164227962494
YKL027W,YLR453C,0,-2.8564396,0.24305042624473572,0.9686274528503418,0.3083166480064392
YDR480W,YCR071C,0,-2.856476,0.2429906576871872,0.9686274528503418,0.30841684341430664
YNL158W,YGL076C,0,-2.8565626,0.24293090403079987,0.9686274528503418,0.3085170388221741
YDR522C,YJL196C,0,-2.8571763,0.24287119507789612,0.9686274528503418,0.3086172342300415
YGR037C,YDR019C,0,-2.8571844,0.24281150102615356,0.9686274528503418,0.30871742963790894
YOL018C,YLR117C,0,-2.8571901,0.2427518367767334,0.9686274528503418,0.30881762504577637
YBR167C,YMR037C,0,-2.857551,0.24269221723079681,0.9686274528503418,0.3089178502559662
YCR063W,YIL056W,0,-2.8575897,0.24263261258602142,0.9686274528503418,0.3090180456638336
YOR022C,YLR237W,0,-2.8577268,0.24257303774356842,0.9686274528503418,0.30911824107170105
YCR033W,YNL111C,0,-2.8579702,0.242513507604599,0.9686274528503418,0.3092184364795685
YDR239C,YER060W,0,-2.8580363,0.24245399236679077,0.9686274528503418,0.3093186318874359
YOL105C,YDL145C,0,-2.858561,0.24239450693130493,0.9686274528503418,0.30941882729530334
YMR134W,YPL253C,0,-2.8586025,0.24233505129814148,0.9686274528503418,0.30951905250549316
YOR210W,YLR019W,0,-2.8588176,0.24227562546730042,0.9686274528503418,0.3096192479133606
YFR046C,YPL018W,0,-2.8588562,0.24221622943878174,0.9686274528503418,0.309719443321228
YIR007W,YML037C,0,-2.8593993,0.24215686321258545,0.9686274528503418,0.30981963872909546
YLR342W,YPL040C,0,-2.8595538,0.24209752678871155,0.9686274528503418,0.3099198341369629
YCR063W,YER007C-A,0,-2.8596046,0.24203822016716003,0.9686274528503418,0.3100200295448303
YMR047C,YDR259C,0,-2.859911,0.2419789433479309,0.9686274528503418,0.31012025475502014
YIL011W,YCR073C,0,-2.8602295,0.24191968142986298,0.9686274528503418,0.3102204501628876
YPR201W,YDR412W,0,-2.8603902,0.24186046421527863,0.9686274528503418,0.310320645570755
YHR036W,YNL020C,0,-2.860673,0.24180127680301666,0.9686274528503418,0.31042084097862244
YAL001C,YER140W,0,-2.8607616,0.2417421042919159,0.9686274528503418,0.31052103638648987
YGL201C,YOR257W,0,-2.8608322,0.2416829764842987,0.9686274528503418,0.3106212317943573
YLR382C,YBR214W,0,-2.860951,0.2416238635778427,0.9686274528503418,0.3107214570045471
YJL145W,YJR125C,0,-2.8610163,0.2415647953748703,0.9686274528503418,0.31082165241241455
YHR001W,YER039C,0,-2.8613315,0.24150574207305908,0.9686274528503418,0.310921847820282
YCR018C,YDR189W,0,-2.8613567,0.24144671857357025,0.9686274528503418,0.3110220432281494
YDL014W,YDR007W,0,-2.8616328,0.241387739777565,0.9686274528503418,0.31112223863601685
YKL139W,YIL015W,0,-2.8616724,0.24132877588272095,0.9686274528503418,0.3112224340438843
YGL151W,YDL205C,0,-2.8618731,0.24126984179019928,0.9686274528503418,0.3113226592540741
YGR206W,YBR167C,0,-2.861926,0.2412109375,0.9686274528503418,0.31142285466194153
YOR319W,YBR237W,0,-2.862051,0.2411520630121231,0.9686274528503418,0.31152305006980896
YNR023W,YOR182C,0,-2.8621087,0.2410932183265686,0.9686274528503418,0.3116232454776764
YPL173W,YJL045W,0,-2.8621817,0.2410344034433365,0.9686274528503418,0.3117234408855438
YNL072W,YDR182W,0,-2.862241,0.24097560346126556,0.9686274528503418,0.31182363629341125
YBL013W,YGR088W,0,-2.8626337,0.24091684818267822,0.9686274528503418,0.3119238615036011
YGL255W,YOR151C,0,-2.8630562,0.24085812270641327,0.9686274528503418,0.3120240569114685
YAL019W,YOR255W,0,-2.863786,0.2407994121313095,0.9686274528503418,0.31212425231933594
YDR511W,YHR046C,0,-2.8639095,0.24074074625968933,0.9686274528503418,0.31222444772720337
YGR217W,YMR017W,0,-2.8639212,0.24068209528923035,0.9686274528503418,0.3123246431350708
YLR364W,YOR103C,0,-2.8640132,0.24062347412109375,0.9686274528503418,0.31242483854293823
YOR061W,YOR371C,0,-2.8645744,0.24056488275527954,0.9686274528503418,0.31252506375312805
YGL079W,YJL170C,0,-2.8647785,0.2405063360929489,0.9686274528503418,0.3126252591609955
YJR054W,YJR076C,0,-2.8648286,0.24044780433177948,0.9686274528503418,0.3127254545688629
YNL055C,YPL117C,0,-2.8648615,0.24038928747177124,0.9686274528503418,0.31282564997673035
YNL301C,YLR293C,0,-2.8652873,0.24033081531524658,0.9686274528503418,0.3129258453845978
YMR116C,YPR086W,0,-2.8653626,0.2402723729610443,0.9686274528503418,0.3130260407924652
YDR004W,YGL106W,0,-2.8654428,0.24021396040916443,0.9686274528503418,0.31312626600265503
YKL157W,YCR018C,0,-2.8655508,0.24015556275844574,0.9686274528503418,0.31322646141052246
YBR094W,YML114C,0,-2.8657534,0.24009720981121063,0.9686274528503418,0.3133266568183899
YLR032W,YCL054W,0,-2.8660276,0.24003887176513672,0.9686274528503418,0.3134268522262573
YBR133C,YPR114W,0,-2.866038,0.2399805635213852,0.9686274528503418,0.31352704763412476
YDR080W,YLR364W,0,-2.8661733,0.23992228507995605,0.9686274528503418,0.3136272430419922
YFR015C,YER170W,0,-2.8664637,0.2398640513420105,0.9686274528503418,0.313727468252182
YKL195W,YMR323W,0,-2.8665109,0.23980583250522614,0.9686274528503418,0.31382766366004944
YNR012W,YML061C,0,-2.8667822,0.23974762856960297,0.9686274528503418,0.31392785906791687
YPR108W,YML077W,0,-2.8669057,0.23968946933746338,0.9686274528503418,0.3140280544757843
YIR015W,YBL018C,0,-2.8670158,0.23963133990764618,0.9686274528503418,0.31412824988365173
YDR313C,YML066C,0,-2.867073,0.23957322537899017,0.9686274528503418,0.31422844529151917
YGL084C,YFL002W-A,0,-2.8670752,0.23951515555381775,0.9686274528503418,0.314328670501709
YOL013C,YNL336W,0,-2.8672667,0.23945710062980652,0.9686274528503418,0.3144288659095764
YAR033W,YKL213C,0,-2.8674793,0.23939907550811768,0.9686274528503418,0.31452906131744385
YLR239C,YCR040W,0,-2.8675103,0.23934108018875122,0.9686274528503418,0.3146292567253113
YER044C-A,YOR095C,0,-2.867632,0.23928311467170715,0.9686274528503418,0.3147294521331787
YLR066W,YDR037W,0,-2.8676448,0.23922517895698547,0.9686274528503418,0.31482964754104614
YBR283C,YKR030W,0,-2.8679,0.23916727304458618,0.9686274528503418,0.31492987275123596
YOR150W,YDL091C,0,-2.8680644,0.23910939693450928,0.9686274528503418,0.3150300681591034
YNL099C,YKL092C,0,-2.8680878,0.23905153572559357,0.9686274528503418,0.3151302635669708
YJL014W,YGL107C,0,-2.868558,0.23899370431900024,0.9686274528503418,0.31523045897483826
YNL142W,YLR467W,0,-2.8687105,0.2389359176158905,0.9686274528503418,0.3153306543827057
YPL048W,YDR297W,0,-2.8687825,0.23887814581394196,0.9686274528503418,0.3154308497905731
YNR027W,YLR364W,0,-2.869142,0.2388204038143158,0.9686274528503418,0.31553107500076294
YPL108W,YKL060C,0,-2.869331,0.23876269161701202,0.9686274528503418,0.31563127040863037
YJL098W,YML038C,0,-2.869645,0.23870499432086945,0.9686274528503418,0.3157314658164978
YBR201W,YHR205W,0,-2.8697104,0.23864734172821045,0.9686274528503418,0.31583166122436523
YMR177W,YIL034C,0,-2.869955,0.23858971893787384,0.9686274528503418,0.31593185663223267
YLR133W,YDR506C,0,-2.8699832,0.23853211104869843,0.9686274528503418,0.3160320520401001
YKR031C,YKL018W,0,-2.8701093,0.2384745329618454,0.9686274528503418,0.3161322772502899
YLR378C,YBR167C,0,-2.87027,0.23841698467731476,0.9686274528503418,0.31623247265815735
YJR029W,YBR057C,0,-2.8703444,0.2383594661951065,0.9686274528503418,0.3163326680660248
YDR256C,YCL030C,0,-2.8707864,0.23830197751522064,0.9686274528503418,0.3164328634738922
YJL162C,YBR098W,0,-2.8709452,0.23824451863765717,0.9686274528503418,0.31653305888175964
YOR127W,YBL067C,0,-2.871051,0.23818707466125488,0.9686274528503418,0.3166332542896271
YOR002W,YOR270C,0,-2.8713818,0.23812967538833618,0.9686274528503418,0.3167334794998169
YDR093W,YGR262C,0,-2.8714428,0.23807229101657867,0.9686274528503418,0.3168336749076843
YDR234W,YML064C,0,-2.8714533,0.23801493644714355,0.9686274528503418,0.31693387031555176
YDL114W,YJL001W,0,-2.8717632,0.23795761168003082,0.9686274528503418,0.3170340657234192
YLL054C,YHL017W,0,-2.8717666,0.23790031671524048,0.9686274528503418,0.3171342611312866
YLR170C,YPL038W,0,-2.8717806,0.23784303665161133,0.9686274528503418,0.31723445653915405
YER060W,YPL253C,0,-2.872222,0.23778580129146576,0.9686274528503418,0.31733468174934387
YDL092W,YBL023C,0,-2.872561,0.23772858083248138,0.9686274528503418,0.3174348771572113
YNL137C,YCR028C-A,0,-2.872735,0.2376714050769806,0.9686274528503418,0.31753507256507874
YOR339C,YOR196C,0,-2.8735213,0.237614244222641,0.9686274528503418,0.31763526797294617
YGR004W,YKL139W,0,-2.8737268,0.23755709826946259,0.9686274528503418,0.3177354633808136
YBR142W,YGL179C,0,-2.873827,0.23749999701976776,0.9686274528503418,0.31783565878868103
YLR319C,YDR529C,0,-2.8739161,0.23744292557239532,0.9686274528503418,0.31793588399887085
YBR084W,YDL095W,0,-2.8740394,0.23738586902618408,0.9686274528503418,0.3180360794067383
YOR047C,YJL046W,0,-2.8741035,0.23732884228229523,0.9686274528503418,0.3181362748146057
YFL003C,YDR452W,0,-2.874456,0.23727186024188995,0.9686274528503418,0.31823647022247314
YGL136C,YCL031C,1,-2.8746862,0.23745498061180115,0.9696078300476074,0.31823647022247314
YML007W,YOR362C,0,-2.874793,0.23739798367023468,0.9696078300476074,0.3183366656303406
YIL084C,YEL020W-A,0,-2.8749526,0.2373410165309906,0.9696078300476074,0.318436861038208
YDR107C,YPR151C,0,-2.8756282,0.23728406429290771,0.9696078300476074,0.3185370862483978
YGR224W,YER054C,0,-2.8757856,0.2372271567583084,0.9696078300476074,0.31863728165626526
YNL046W,YGR138C,0,-2.8761778,0.2371702641248703,0.9696078300476074,0.3187374770641327
YMR260C,YNL181W,0,-2.8763232,0.23711340129375458,0.9696078300476074,0.3188376724720001
YHL035C,YBR169C,0,-2.8763528,0.23705656826496124,0.9696078300476074,0.31893786787986755
YML067C,YKL139W,0,-2.8765535,0.2369997650384903,0.9696078300476074,0.319038063287735
YNL268W,YKL113C,0,-2.8766851,0.23694297671318054,0.9696078300476074,0.3191382884979248
YIL037C,YNL075W,0,-2.8770218,0.23688623309135437,0.9696078300476074,0.31923848390579224
YBR272C,YGR122W,0,-2.8772807,0.2368295043706894,0.9696078300476074,0.31933867931365967
YEL009C,YNR048W,0,-2.8773522,0.2367728054523468,0.9696078300476074,0.3194388747215271
YER014W,YCR010C,0,-2.8773603,0.2367161363363266,0.9696078300476074,0.31953907012939453
YBR168W,YDR020C,0,-2.8775268,0.2366594821214676,0.9696078300476074,0.31963926553726196
YDR314C,YDR532C,0,-2.8775578,0.23660287261009216,0.9696078300476074,0.3197394907474518
YDR130C,YBL018C,0,-2.8775775,0.23654627799987793,0.9696078300476074,0.3198396861553192
YMR127C,YFL008W,0,-2.8784208,0.23648971319198608,0.9696078300476074,0.31993988156318665
YNR026C,YGR140W,0,-2.8787694,0.23643317818641663,0.9696078300476074,0.3200400769710541
YBR156C,YFR024C-A,0,-2.878981,0.23637667298316956,0.9696078300476074,0.3201402723789215
YBR293W,YPL026C,0,-2.879045,0.23632019758224487,0.9696078300476074,0.32024046778678894
YDL002C,YBR240C,0,-2.8791242,0.23626373708248138,0.9696078300476074,0.32034069299697876
YBR146W,YNL299W,0,-2.879561,0.23620730638504028,0.9696078300476074,0.3204408884048462
YAL055W,YNL322C,0,-2.8796487,0.23615090548992157,0.9696078300476074,0.3205410838127136
YMR165C,YOR290C,0,-2.8798828,0.23609453439712524,0.9696078300476074,0.32064127922058105
YOL075C,YJL145W,0,-2.879928,0.2360381931066513,0.9696078300476074,0.3207414746284485
YPL066W,YBR085W,0,-2.8801417,0.23598186671733856,0.9696078300476074,0.3208416700363159
YKR064W,YPR057W,0,-2.8802094,0.2359255701303482,0.9696078300476074,0.32094189524650574
YDR228C,YNL014W,0,-2.880436,0.23586930334568024,0.9696078300476074,0.32104209065437317
YBR168W,YNR061C,0,-2.8805356,0.23581306636333466,0.9696078300476074,0.3211422860622406
YHR142W,YAR050W,0,-2.8806777,0.23575685918331146,0.9696078300476074,0.32124248147010803
YOR004W,YLL001W,0,-2.8810406,0.23570066690444946,0.9696078300476074,0.32134267687797546
YOR143C,YNL031C,0,-2.881064,0.23564450442790985,0.9696078300476074,0.3214428722858429
YER159C,YDR252W,0,-2.8811216,0.23558837175369263,0.9696078300476074,0.3215430974960327
YPR108W,YPL015C,0,-2.8814416,0.2355322688817978,0.9696078300476074,0.32164329290390015
YIL173W,YOL002C,0,-2.8815544,0.23547619581222534,0.9696078300476074,0.3217434883117676
YJL104W,YER030W,0,-2.882523,0.2354201376438141,0.9696078300476074,0.321843683719635
YBR043C,YDR027C,0,-2.8825378,0.23536410927772522,0.9696078300476074,0.32194387912750244
YDR242W,YIL008W,0,-2.8830714,0.23530811071395874,0.9696078300476074,0.3220440745353699
YKR025W,YCR024C-A,0,-2.8831382,0.23525214195251465,0.9696078300476074,0.3221442997455597
YDL072C,YPR183W,0,-2.8831677,0.23519618809223175,0.9696078300476074,0.3222444951534271
YOR156C,YDR009W,0,-2.8832238,0.23514027893543243,0.9696078300476074,0.32234469056129456
YDR328C,YJL173C,0,-2.8838341,0.2350843846797943,0.9696078300476074,0.322444885969162
YDL190C,YGL104C,0,-2.883885,0.23502852022647858,0.9696078300476074,0.3225450813770294
YOR303W,YPL018W,0,-2.8844852,0.23497267067432404,0.9696078300476074,0.32264527678489685
YLR361C,YJL047C,0,-2.884603,0.23491686582565308,0.9696078300476074,0.32274550199508667
YMR154C,YGR044C,0,-2.8848445,0.2348610758781433,0.9696078300476074,0.3228456974029541
YMR070W,YJL080C,0,-2.885329,0.23480531573295593,0.9696078300476074,0.32294589281082153
YMR091C,YHR207C,0,-2.8854513,0.23474958539009094,0.9696078300476074,0.32304608821868896
YER153C,YOL121C,0,-2.886039,0.23469388484954834,0.9696078300476074,0.3231462836265564
YPL047W,YPR066W,0,-2.8865457,0.23463819921016693,0.9696078300476074,0.32324647903442383
YER073W,YER044C-A,0,-2.8865476,0.2345825433731079,0.9696078300476074,0.32334670424461365
YOR191W,YML114C,0,-2.8865857,0.23452691733837128,0.9696078300476074,0.3234468996524811
YMR198W,YML066C,0,-2.8866143,0.23447130620479584,0.9696078300476074,0.3235470950603485
YLR357W,YGL254W,0,-2.8870516,0.23441573977470398,0.9696078300476074,0.32364729046821594
YDR352W,YOR095C,0,-2.8871796,0.23436018824577332,0.9696078300476074,0.3237474858760834
YGR074W,YKR078W,0,-2.8872273,0.23430466651916504,0.9696078300476074,0.3238476812839508
YBL008W,YDR381W,0,-2.8876474,0.23424917459487915,0.9696078300476074,0.3239479064941406
YBL037W,YIL117C,0,-2.8878584,0.23419369757175446,0.9696078300476074,0.32404810190200806
YMR080C,YIL121W,0,-2.888173,0.23413825035095215,0.9696078300476074,0.3241482973098755
YBR217W,YBL004W,0,-2.88844,0.23408283293247223,0.9696078300476074,0.3242484927177429
YBL040C,YBR079C,0,-2.8886082,0.2340274453163147,0.9696078300476074,0.32434868812561035
YJL219W,YHR204W,0,-2.8891692,0.23397208750247955,0.9696078300476074,0.3244488835334778
YDR184C,YDR421W,0,-2.8909867,0.2339167445898056,0.9696078300476074,0.3245491087436676
YOR205C,YGR097W,0,-2.8910275,0.23386143147945404,0.9696078300476074,0.32464930415153503
YGL175C,YOL023W,0,-2.8915858,0.23380614817142487,0.9696078300476074,0.32474949955940247
YGR078C,YBR228W,0,-2.8915915,0.23375087976455688,0.9696078300476074,0.3248496949672699
YDR322C-A,YOR245C,0,-2.8919005,0.23369565606117249,0.9696078300476074,0.32494989037513733
YER173W,YIL078W,0,-2.8928556,0.23364044725894928,0.9696078300476074,0.32505008578300476
YKL054C,YBL006C,0,-2.893019,0.23358526825904846,0.9696078300476074,0.3251503109931946
YPL010W,YGR296W,0,-2.8931274,0.23353010416030884,0.9696078300476074,0.325250506401062
YDR328C,YIL098C,0,-2.8932729,0.2334749698638916,0.9696078300476074,0.32535070180892944
YOR011W,YDR408C,0,-2.8933308,0.23341986536979675,0.9696078300476074,0.3254508972167969
YPL246C,YPR018W,0,-2.8937104,0.2333647906780243,0.9696078300476074,0.3255510926246643
YGL173C,YCR106W,0,-2.8938153,0.23330974578857422,0.9696078300476074,0.32565128803253174
YBR084C-A,YJR056C,0,-2.8938632,0.23325471580028534,0.9696078300476074,0.32575151324272156
YBR079C,YMR048W,0,-2.8947053,0.23319971561431885,0.9696078300476074,0.325851708650589
YOR058C,YOR371C,0,-2.895152,0.23314474523067474,0.9696078300476074,0.3259519040584564
YMR051C,YLR085C,0,-2.8955724,0.23308978974819183,0.9696078300476074,0.32605209946632385
YJR010C-A,YHR191C,0,-2.8960311,0.2330348789691925,0.9696078300476074,0.3261522948741913
YMR014W,YGR157W,0,-2.8966053,0.23297998309135437,0.9696078300476074,0.3262524902820587
YPL269W,YOR019W,0,-2.8968334,0.23292510211467743,0.9696078300476074,0.32635271549224854
YCR102C,YAL002W,0,-2.897526,0.23287026584148407,0.9696078300476074,0.32645291090011597
YDR077W,YJR150C,0,-2.8977869,0.2328154444694519,0.9696078300476074,0.3265531063079834
YNL242W,YKL145W,0,-2.8978724,0.23276065289974213,0.9696078300476074,0.32665330171585083
YKL052C,YKL042W,0,-2.8978848,0.23270587623119354,0.9696078300476074,0.32675349712371826
YLR426W,YDL095W,0,-2.8980875,0.23265114426612854,0.9696078300476074,0.3268536925315857
YNL058C,YOR278W,0,-2.898365,0.23259642720222473,0.9696078300476074,0.3269539177417755
YBL091C,YER065C,0,-2.898454,0.2325417399406433,0.9696078300476074,0.32705411314964294
YML094W,YLR138W,0,-2.8985174,0.23248706758022308,0.9696078300476074,0.3271543085575104
YFL056C,YOR336W,0,-2.8985932,0.23243242502212524,0.9696078300476074,0.3272545039653778
YLL006W,YJR084W,0,-2.898677,0.2323778122663498,0.9696078300476074,0.32735469937324524
YPL275W,YDR524C,0,-2.8987498,0.23232322931289673,0.9696078300476074,0.32745492458343506
YMR314W,YDL091C,0,-2.8989549,0.23226867616176605,0.9696078300476074,0.3275551199913025
YFL026W,YHL033C,0,-2.8992581,0.23221413791179657,0.9696078300476074,0.3276553153991699
YOL097C,YPL069C,0,-2.8994594,0.23215962946414948,0.9696078300476074,0.32775551080703735
YBR162C,YOR056C,0,-2.8998256,0.23210513591766357,0.9696078300476074,0.3278557062149048
YOR005C,YNL051W,0,-2.9008818,0.23205068707466125,0.9696078300476074,0.3279559016227722
YDL044C,YBL084C,0,-2.9011493,0.23199625313282013,0.9696078300476074,0.32805612683296204
YKL089W,YJL047C,0,-2.9016776,0.2319418340921402,0.9696078300476074,0.32815632224082947
YPL026C,YJL058C,0,-2.902368,0.23188745975494385,0.9696078300476074,0.3282565176486969
YOL137W,YGL231C,0,-2.9025917,0.2318331003189087,0.9696078300476074,0.32835671305656433
YDR071C,YCR102C,0,-2.9028754,0.23177877068519592,0.9696078300476074,0.32845690846443176
YKL143W,YDR314C,0,-2.902931,0.23172445595264435,0.9696078300476074,0.3285571038722992
YPR073C,YPL241C,0,-2.9029915,0.23167018592357635,0.9696078300476074,0.328657329082489
YDR399W,YOR295W,0,-2.9030917,0.23161593079566956,0.9696078300476074,0.32875752449035645
YKL017C,YGR292W,0,-2.9031525,0.23156169056892395,0.9696078300476074,0.3288577198982239
YNL310C,YHL013C,0,-2.9032502,0.23150749504566193,0.9696078300476074,0.3289579153060913
YBR198C,YCR028C,0,-2.903286,0.2314533144235611,0.9696078300476074,0.32905811071395874
YLR071C,YPL010W,0,-2.903703,0.23139916360378265,0.9696078300476074,0.32915830612182617
YPL266W,YMR161W,0,-2.9039004,0.2313450276851654,0.9696078300476074,0.329258531332016
YKL089W,YNL088W,0,-2.903942,0.23129092156887054,0.9696078300476074,0.3293587267398834
YKL179C,YPL117C,0,-2.9044986,0.23123684525489807,0.9696078300476074,0.32945892214775085
YOL122C,YCL039W,0,-2.9047594,0.23118279874324799,0.9696078300476074,0.3295591175556183
YPL248C,YHR157W,0,-2.9047918,0.2311287671327591,0.9696078300476074,0.3296593129634857
YOR312C,YDR540C,0,-2.9049182,0.2310747653245926,0.9696078300476074,0.32975950837135315
YOL069W,YGR278W,0,-2.9049993,0.23102079331874847,0.9696078300476074,0.32985973358154297
YOR119C,YGR249W,0,-2.905353,0.23096683621406555,0.9696078300476074,0.3299599289894104
YPL056C,YLR084C,0,-2.9057,0.23091290891170502,0.9696078300476074,0.33006012439727783
YKL054C,YKL216W,0,-2.9057202,0.23085901141166687,0.9696078300476074,0.33016031980514526
YLR319C,YLR099C,0,-2.9057794,0.23080512881278992,0.9696078300476074,0.3302605152130127
YLR448W,YNL046W,0,-2.9059343,0.23075127601623535,0.9696078300476074,0.3303607106208801
YNL096C,YPL023C,0,-2.9060588,0.23069745302200317,0.9696078300476074,0.33046093583106995
YOR229W,YOR014W,0,-2.9070265,0.23064365983009338,0.9696078300476074,0.3305611312389374
YMR260C,YDR283C,0,-2.9070861,0.2305898815393448,0.9696078300476074,0.3306613266468048
YML095C,YKL140W,0,-2.907477,0.23053613305091858,0.9696078300476074,0.33076152205467224
YGL079W,YDR251W,0,-2.9078555,0.23048239946365356,0.9696078300476074,0.3308617174625397
YGL054C,YOR151C,0,-2.9078646,0.23042871057987213,0.9696078300476074,0.3309619128704071
YNL257C,YGL002W,0,-2.9080186,0.2303750216960907,0.9696078300476074,0.3310621380805969
YOR384W,YLR194C,0,-2.9080918,0.23032137751579285,0.9696078300476074,0.33116233348846436
YKL025C,YGL073W,0,-2.9081688,0.2302677482366562,0.9696078300476074,0.3312625288963318
YMR122W-A,YNL031C,0,-2.9085884,0.23021414875984192,0.9696078300476074,0.3313627243041992
YJR064W,YBR162W-A,0,-2.9091074,0.23016057908535004,0.9696078300476074,0.33146291971206665
YPL133C,YGR198W,0,-2.909502,0.23010702431201935,0.9696078300476074,0.3315631151199341
YDR301W,YPR120C,0,-2.909614,0.23005349934101105,0.9696078300476074,0.3316633403301239
YNL014W,YDR044W,0,-2.910129,0.23000000417232513,0.9696078300476074,0.33176353573799133
YOL059W,YML026C,0,-2.9102182,0.22994652390480042,0.9696078300476074,0.33186373114585876
YOL115W,YLR408C,0,-2.9102297,0.22989307343959808,0.9696078300476074,0.3319639265537262
YER044C,YNL310C,0,-2.910305,0.22983965277671814,0.9696078300476074,0.33206412196159363
YLR193C,YGL115W,0,-2.9103918,0.2297862470149994,0.9696078300476074,0.33216431736946106
YJL156C,YPL009C,0,-2.9104364,0.22973287105560303,0.9696078300476074,0.3322645425796509
YLR293C,YGL067W,0,-2.9105322,0.22967950999736786,0.9696078300476074,0.3323647379875183
YEL050C,YPL192C,0,-2.9105828,0.22962619364261627,0.9696078300476074,0.33246493339538574
YNL063W,YMR009W,0,-2.9113686,0.22957289218902588,0.9696078300476074,0.3325651288032532
YOR118W,YIL118W,0,-2.911798,0.22951960563659668,0.9696078300476074,0.3326653242111206
YOL042W,YDL058W,0,-2.9119403,0.22946636378765106,0.9696078300476074,0.33276551961898804
YIL037C,YGR278W,0,-2.912232,0.22941312193870544,0.9696078300476074,0.33286574482917786
YPL092W,YKL006C-A,0,-2.9123302,0.2293599247932434,0.9696078300476074,0.3329659402370453
YBR114W,YGL126W,0,-2.9123569,0.22930674254894257,0.9696078300476074,0.3330661356449127
YBR227C,YDL138W,0,-2.9125195,0.2292535901069641,0.9696078300476074,0.33316633105278015
YNL188W,YJL219W,0,-2.9126484,0.22920046746730804,0.9696078300476074,0.3332665264606476
YDR313C,YDR377W,0,-2.9127383,0.22914735972881317,0.9696078300476074,0.333366721868515
YBL060W,YDR273W,0,-2.9129925,0.22909428179264069,0.9696078300476074,0.33346694707870483
YER048W-A,YBR012W-B,0,-2.913261,0.2290412187576294,0.9696078300476074,0.33356714248657227
YGR223C,YIL153W,0,-2.9133303,0.2289881855249405,0.9696078300476074,0.3336673378944397
YNL294C,YFR055W,0,-2.9134388,0.22893518209457397,0.9696078300476074,0.33376753330230713
YJL019W,YDR210W,0,-2.913468,0.22888220846652985,0.9696078300476074,0.33386772871017456
YPR031W,YDR043C,0,-2.9142048,0.2288292497396469,0.9696078300476074,0.333967924118042
YCL010C,YAL009W,0,-2.9142745,0.22877630591392517,0.9696078300476074,0.3340681493282318
YNL123W,YGR002C,0,-2.9145846,0.228723406791687,0.9696078300476074,0.33416834473609924
YKL006C-A,YDR009W,0,-2.915059,0.22867052257061005,0.9696078300476074,0.3342685401439667
YFL018C,YKL089W,0,-2.9151297,0.22861765325069427,0.9696078300476074,0.3343687355518341
YNR037C,YKL125W,0,-2.9157782,0.22856482863426208,0.9696078300476074,0.33446893095970154
YDR120C,YPR082C,0,-2.9161446,0.2285120189189911,0.9696078300476074,0.33456912636756897
YIL026C,YOR298C-A,0,-2.9167447,0.2284592241048813,0.9696078300476074,0.3346693515777588
YDR127W,YAL009W,0,-2.9168515,0.22840645909309387,0.9696078300476074,0.3347695469856262
YMR012W,YGR170W,0,-2.9170532,0.22835372388362885,0.9696078300476074,0.33486974239349365
YKR064W,YPL253C,0,-2.9171333,0.2283010184764862,0.9696078300476074,0.3349699378013611
YJR086W,YLR405W,0,-2.9173548,0.22824832797050476,0.9696078300476074,0.3350701332092285
YMR070W,YHL025W,0,-2.917498,0.2281956672668457,0.9696078300476074,0.33517032861709595
YNL331C,YDR421W,0,-2.9180136,0.22814302146434784,0.9696078300476074,0.33527055382728577
YDR105C,YBL103C,0,-2.9181943,0.22809040546417236,0.9696078300476074,0.3353707492351532
YGR215W,YKR095W,0,-2.91848,0.22803781926631927,0.9696078300476074,0.33547094464302063
YJR064W,YOR354C,0,-2.918511,0.22798524796962738,0.9696078300476074,0.33557114005088806
YPR101W,YCL057C-A,0,-2.9192224,0.22793270647525787,0.9696078300476074,0.3356713354587555
YDR448W,YHR165C,0,-2.9194942,0.22788017988204956,0.9696078300476074,0.3357715308666229
YIR013C,YLL062C,0,-2.9195952,0.22782768309116364,0.9696078300476074,0.33587175607681274
YNL126W,YGL227W,0,-2.9197268,0.2277752161026001,0.9696078300476074,0.3359719514846802
YLR283W,YJL151C,0,-2.919864,0.22772277891635895,0.9696078300476074,0.3360721468925476
YBR149W,YDR452W,0,-2.920086,0.227670356631279,0.9696078300476074,0.33617234230041504
YJL047C,YBL006C,0,-2.9205418,0.22761794924736023,0.9696078300476074,0.33627253770828247
YGR046W,YML019W,0,-2.920763,0.22756557166576385,0.9696078300476074,0.3363727331161499
YMR257C,YBR203W,0,-2.920827,0.22751322388648987,0.9696078300476074,0.3364729583263397
YPR121W,YKL052C,0,-2.9208455,0.22746090590953827,0.9696078300476074,0.33657315373420715
YLR147C,YMR026C,0,-2.920882,0.22740860283374786,0.9696078300476074,0.3366733491420746
YDR511W,YJL058C,0,-2.9211555,0.22735631465911865,0.9696078300476074,0.336773544549942
YJR035W,YMR067C,0,-2.9211726,0.22730407118797302,0.9696078300476074,0.33687373995780945
YOR007C,YNL268W,0,-2.9217217,0.2272518426179886,0.9696078300476074,0.3369739353656769
YMR088C,YGL161C,0,-2.9219613,0.22719962894916534,0.9696078300476074,0.3370741605758667
YOR207C,YGR170W,0,-2.9223137,0.2271474450826645,0.9696078300476074,0.33717435598373413
YAL047C,YOR177C,0,-2.9228277,0.22709529101848602,0.9696078300476074,0.33727455139160156
YPL181W,YLR193C,0,-2.922934,0.22704315185546875,0.9696078300476074,0.337374746799469
YOL137W,YDL098C,0,-2.9230556,0.22699104249477386,0.9696078300476074,0.3374749422073364
YLL057C,YJL177W,0,-2.9231534,0.22693896293640137,0.9696078300476074,0.33757513761520386
YMR291W,YPL015C,0,-2.9231899,0.22688689827919006,0.9696078300476074,0.3376753628253937
YAR014C,YIL016W,0,-2.923307,0.22683486342430115,0.9696078300476074,0.3377755582332611
YBR166C,YBL030C,0,-2.9233441,0.22678284347057343,0.9696078300476074,0.33787575364112854
YPL210C,YKR100C,0,-2.923469,0.2267308533191681,0.9696078300476074,0.33797594904899597
YBL057C,YDR400W,0,-2.9237556,0.22667889297008514,0.9696078300476074,0.3380761444568634
YPR103W,YOL149W,0,-2.9241989,0.2266269475221634,0.9696078300476074,0.33817633986473083
YJL113W,YGR193C,0,-2.9244342,0.22657503187656403,0.9696078300476074,0.33827656507492065
YPR048W,YJR049C,0,-2.924515,0.22652313113212585,0.9696078300476074,0.3383767604827881
YMR105C,YOR158W,0,-2.9252095,0.22647126019001007,0.9696078300476074,0.3384769558906555
YBL103C,YKL089W,0,-2.9252558,0.22641941905021667,0.9696078300476074,0.33857715129852295
YJL019W,YGL226W,0,-2.9253092,0.22636759281158447,0.9696078300476074,0.3386773467063904
YNL210W,YKR013W,0,-2.9254096,0.22631579637527466,0.9696078300476074,0.3387775421142578
YBL084C,YDL145C,0,-2.925538,0.22626401484012604,0.9696078300476074,0.33887776732444763
YDR313C,YDL181W,0,-2.9260392,0.2262122631072998,0.9696078300476074,0.33897796273231506
YDR452W,YKR092C,0,-2.9262333,0.22616052627563477,0.9696078300476074,0.3390781581401825
YER173W,YDR210W,0,-2.926237,0.22610881924629211,0.9696078300476074,0.3391783535480499
YDR380W,YOL009C,0,-2.9268584,0.22605714201927185,0.9696078300476074,0.33927854895591736
YKL084W,YDR101C,0,-2.9270175,0.22600547969341278,0.9696078300476074,0.3393787443637848
YKL197C,YLR233C,0,-2.9274297,0.2259538471698761,0.9696078300476074,0.3394789695739746
YPR004C,YDR014W,0,-2.9276788,0.2259022444486618,0.9696078300476074,0.33957916498184204
YBR033W,YGR224W,0,-2.927702,0.2258506566286087,0.9696078300476074,0.3396793603897095
YDR073W,YMR232W,0,-2.9278502,0.2257990837097168,0.9696078300476074,0.3397795557975769
YOR332W,YDL095W,0,-2.9282415,0.22574754059314728,0.9696078300476074,0.33987975120544434
YHR143W,YLR315W,0,-2.928372,0.22569602727890015,0.9696078300476074,0.33997994661331177
YPR121W,YDL085W,0,-2.9284682,0.2256445288658142,0.9696078300476074,0.3400801718235016
YDR103W,YPR068C,0,-2.9287636,0.22559306025505066,0.9696078300476074,0.340180367231369
YAL030W,YLR143W,0,-2.929006,0.2255416214466095,0.9696078300476074,0.34028056263923645
YBR205W,YER044C-A,0,-2.9291291,0.22549019753932953,0.9696078300476074,0.3403807580471039
YLR056W,YGR154C,0,-2.9297085,0.22543880343437195,0.9696078300476074,0.3404809534549713
YBR114W,YMR230W,0,-2.9299207,0.22538742423057556,0.9696078300476074,0.34058114886283875
YHR197W,YOR339C,0,-2.9299822,0.22533607482910156,0.9696078300476074,0.34068137407302856
YML101C,YBL006C,0,-2.930245,0.22528474032878876,0.9696078300476074,0.340781569480896
YDR511W,YER027C,0,-2.9305065,0.22523343563079834,0.9696078300476074,0.3408817648887634
YML088W,YJR084W,0,-2.9306908,0.22518214583396912,0.9696078300476074,0.34098196029663086
YGR275W,YPL283C,0,-2.930881,0.22513088583946228,0.9696078300476074,0.3410821557044983
YHL015W,YBR228W,0,-2.931033,0.22507965564727783,0.9696078300476074,0.3411823511123657
YBR127C,YLR048W,0,-2.931756,0.22502844035625458,0.9696078300476074,0.34128257632255554
YGL031C,YGR108W,0,-2.9326792,0.2249772548675537,0.9696078300476074,0.341382771730423
YJL121C,YNL316C,0,-2.9326968,0.22492608428001404,0.9696078300476074,0.3414829671382904
YKR064W,YDR316W,0,-2.932787,0.22487494349479675,0.9696078300476074,0.34158316254615784
YML040W,YFR015C,0,-2.9328027,0.22482381761074066,0.9696078300476074,0.34168335795402527
YOL076W,YKR092C,0,-2.932836,0.22477272152900696,0.9696078300476074,0.3417835533618927
YDL144C,YJL177W,0,-2.9330971,0.22472165524959564,0.9696078300476074,0.3418837785720825
YHR129C,YML048W,0,-2.9333434,0.22467060387134552,0.9696078300476074,0.34198397397994995
YGR086C,YNL145W,0,-2.9337373,0.22461958229541779,0.9696078300476074,0.3420841693878174
YNL233W,YMR234W,0,-2.9338775,0.22456857562065125,0.9696078300476074,0.3421843647956848
YPL115C,YOL144W,0,-2.9339554,0.2245175987482071,0.9696078300476074,0.34228456020355225
YKL077W,YKL042W,0,-2.9340243,0.22446663677692413,0.9696078300476074,0.3423847556114197
YLL022C,YGL003C,0,-2.9341068,0.22441570460796356,0.9696078300476074,0.3424849808216095
YGR260W,YBR295W,0,-2.9343128,0.22436478734016418,0.9696078300476074,0.34258517622947693
YJR143C,YDR221W,0,-2.9343138,0.2243138998746872,0.9696078300476074,0.34268537163734436
YKL211C,YCL047C,0,-2.9344888,0.2242630422115326,0.9696078300476074,0.3427855670452118
YPR068C,YGL003C,0,-2.9348145,0.22421219944953918,0.9696078300476074,0.3428857624530792
YOR384W,YOR330C,0,-2.935012,0.22416137158870697,0.9696078300476074,0.34298595786094666
YLR432W,YLR466W,0,-2.9350634,0.22411058843135834,0.9696078300476074,0.3430861830711365
YDL185W,YPR143W,0,-2.9354234,0.2240598052740097,0.9696078300476074,0.3431863784790039
YIR026C,YLL053C,0,-2.9355452,0.22400906682014465,0.9696078300476074,0.34328657388687134
YIL106W,YJL045W,0,-2.9357786,0.2239583283662796,0.9696078300476074,0.34338676929473877
YNL212W,YKL058W,0,-2.9362545,0.22390763461589813,0.9696078300476074,0.3434869647026062
YBR050C,YDR123C,0,-2.9363327,0.22385695576667786,0.9696078300476074,0.34358716011047363
YNL270C,YJR135C,0,-2.9363613,0.22380629181861877,0.9696078300476074,0.34368738532066345
YOL109W,YLR340W,0,-2.936658,0.22375565767288208,0.9696078300476074,0.3437875807285309
YCR077C,YPL271W,0,-2.936698,0.22370503842830658,0.9696078300476074,0.3438877761363983
YML072C,YDR234W,0,-2.936922,0.22365444898605347,0.9696078300476074,0.34398797154426575
YIL073C,YBR092C,0,-2.9369707,0.22360388934612274,0.9696078300476074,0.3440881669521332
YOR069W,YPL210C,0,-2.9372268,0.2235533446073532,0.9696078300476074,0.3441883623600006
YLR165C,YGR030C,1,-2.9374235,0.22372882068157196,0.970588207244873,0.3441883623600006
YCL048W,YLR172C,0,-2.9375017,0.22367826104164124,0.970588207244873,0.34428858757019043
YGL038C,YNR041C,0,-2.9377942,0.2236277461051941,0.970588207244873,0.34438878297805786
YPR108W,YNR022C,0,-2.9379563,0.22357723116874695,0.970588207244873,0.3444889783859253
YBR122C,YBR012W-B,0,-2.9382772,0.2235267609357834,0.970588207244873,0.3445891737937927
YLR126C,YPR169W,0,-2.9385421,0.22347629070281982,0.970588207244873,0.34468936920166016
YEL019C,YLR343W,0,-2.9385843,0.22342586517333984,0.970588207244873,0.3447895646095276
YML077W,YER031C,0,-2.9388204,0.22337545454502106,0.970588207244873,0.3448897898197174
YOL069W,YJR010C-A,0,-2.9392924,0.22332505881786346,0.970588207244873,0.34498998522758484
YER048C,YPR073C,0,-2.9393778,0.22327469289302826,0.970588207244873,0.34509018063545227
YMR309C,YLR116W,0,-2.9394054,0.22322435677051544,0.970588207244873,0.3451903760433197
YGR106C,YDR486C,0,-2.9394279,0.22317403554916382,0.970588207244873,0.34529057145118713
YPL189W,YBR272C,0,-2.9396987,0.2231237292289734,0.970588207244873,0.34539076685905457
YCR037C,YGL134W,0,-2.9399006,0.22307345271110535,0.970588207244873,0.3454909920692444
YJL174W,YOR196C,0,-2.93992,0.2230232059955597,0.970588207244873,0.3455911874771118
YNL328C,YFR037C,0,-2.9399252,0.22297297418117523,0.970588207244873,0.34569138288497925
YOR307C,YDR326C,0,-2.9400096,0.22292277216911316,0.970588207244873,0.3457915782928467
YJL102W,YPL103C,0,-2.9400887,0.22287258505821228,0.970588207244873,0.3458917737007141
YAL051W,YLR061W,0,-2.9405024,0.2228224128484726,0.970588207244873,0.34599196910858154
YGR156W,YLR207W,0,-2.9405124,0.2227722704410553,0.970588207244873,0.34609219431877136
YFL026W,YKL033W,0,-2.9405794,0.2227221578359604,0.970588207244873,0.3461923897266388
YHR107C,YER016W,0,-2.9410028,0.22267206013202667,0.970588207244873,0.3462925851345062
YPL248C,YML086C,0,-2.9412708,0.22262199223041534,0.970588207244873,0.34639278054237366
YIL044C,YPL012W,0,-2.9415255,0.2225719392299652,0.970588207244873,0.3464929759502411
YER155C,YPL026C,0,-2.9416041,0.22252191603183746,0.970588207244873,0.3465932011604309
YDR170W-A,YDR216W,0,-2.9428024,0.2224719077348709,0.970588207244873,0.34669339656829834
YNL209W,YCL057C-A,0,-2.9430149,0.22242192924022675,0.970588207244873,0.34679359197616577
YDR386W,YDR258C,0,-2.943016,0.22237196564674377,0.970588207244873,0.3468937873840332
YBR160W,YJL165C,0,-2.943473,0.2223220318555832,0.970588207244873,0.34699398279190063
YBR089C-A,YBR044C,0,-2.9435244,0.2222721129655838,0.970588207244873,0.34709417819976807
YOR174W,YIL075C,0,-2.9440134,0.2222222238779068,0.970588207244873,0.3471944034099579
YER011W,YAR003W,0,-2.9440904,0.222172349691391,0.970588207244873,0.3472945988178253
YHL007C,YGL150C,0,-2.944243,0.22212250530719757,0.970588207244873,0.34739479422569275
YFL024C,YHR034C,0,-2.9448395,0.22207267582416534,0.970588207244873,0.3474949896335602
YHR091C,YBR083W,0,-2.9450803,0.2220228761434555,0.970588207244873,0.3475951850414276
YPL117C,YHR207C,0,-2.9453263,0.22197309136390686,0.970588207244873,0.34769538044929504
YFL002C,YFL011W,0,-2.9455554,0.2219233363866806,0.970588207244873,0.34779560565948486
YCR106W,YFL056C,0,-2.9456427,0.22187359631061554,0.970588207244873,0.3478958010673523
YKL156W,YOR033C,0,-2.9458413,0.22182388603687286,0.970588207244873,0.3479959964752197
YML059C,YDR478W,0,-2.9459562,0.22177419066429138,0.970588207244873,0.34809619188308716
YCL061C,YGL085W,0,-2.9461565,0.2217245250940323,0.970588207244873,0.3481963872909546
YER099C,YJL062W,0,-2.946392,0.2216748744249344,0.970588207244873,0.348296582698822
YKL008C,YGR292W,0,-2.9464173,0.22162525355815887,0.970588207244873,0.34839680790901184
YJR135C,YBR160W,0,-2.94663,0.22157564759254456,0.970588207244873,0.3484970033168793
YMR014W,YJL143W,0,-2.9466882,0.22152607142925262,0.970588207244873,0.3485971987247467
YOR319W,YOR003W,0,-2.9467268,0.2214765101671219,0.970588207244873,0.34869739413261414
YLR258W,YKR003W,0,-2.9467778,0.22142697870731354,0.970588207244873,0.34879758954048157
YOR233W,YOR077W,0,-2.9467971,0.22137746214866638,0.970588207244873,0.348897784948349
YNL330C,YGL207W,0,-2.9472256,0.22132796049118042,0.970588207244873,0.3489980101585388
YMR268C,YMR231W,0,-2.9472528,0.22127850353717804,0.970588207244873,0.34909820556640625
YBR191W,YBR004C,0,-2.9477499,0.22122904658317566,0.970588207244873,0.3491984009742737
YCR077C,YDR099W,0,-2.9478855,0.22117961943149567,0.970588207244873,0.3492985963821411
YLR067C,YDR201W,0,-2.948032,0.22113022208213806,0.970588207244873,0.34939879179000854
YDR480W,YGL207W,0,-2.94807,0.22108083963394165,0.970588207244873,0.349498987197876
YDL102W,YER155C,0,-2.948113,0.22103148698806763,0.970588207244873,0.3495992124080658
YKR064W,YML031W,0,-2.948113,0.2209821492433548,0.970588207244873,0.3496994078159332
YGR193C,YPR067W,0,-2.9482346,0.22093282639980316,0.970588207244873,0.34979960322380066
YMR068W,YPL124W,0,-2.948545,0.2208835333585739,0.970588207244873,0.3498997986316681
YEL024W,YHR124W,0,-2.9488215,0.22083427011966705,0.970588207244873,0.3499999940395355
YPL101W,YOR195W,0,-2.9488425,0.2207850068807602,0.970588207244873,0.35010018944740295
YDL103C,YOR315W,0,-2.9491959,0.22073578834533691,0.970588207244873,0.3502004146575928
YKL077W,YLR293C,0,-2.949255,0.22068658471107483,0.970588207244873,0.3503006100654602
YOL116W,YDR495C,0,-2.9492807,0.22063739597797394,0.970588207244873,0.35040080547332764
YCR017C,YMR044W,0,-2.9494886,0.22058823704719543,0.970588207244873,0.35050100088119507
YMR152W,YER035W,0,-2.9496503,0.22053909301757812,0.970588207244873,0.3506011962890625
YPL006W,YDR236C,0,-2.9497375,0.2204899787902832,0.970588207244873,0.35070139169692993
YNL213C,YDL098C,0,-2.9502704,0.22044087946414948,0.970588207244873,0.35080161690711975
YLR055C,YGR296W,0,-2.950331,0.22039180994033813,0.970588207244873,0.3509018123149872
YJL047C,YHR152W,0,-2.951103,0.220342755317688,0.970588207244873,0.3510020077228546
YLR318W,YER001W,0,-2.9513311,0.22029373049736023,0.970588207244873,0.35110220313072205
YER179W,YGL098W,0,-2.9517057,0.22024472057819366,0.970588207244873,0.3512023985385895
YPL246C,YJR088C,0,-2.952105,0.2201957255601883,0.970588207244873,0.3513025939464569
YER044C-A,YGL121C,0,-2.952244,0.2201467603445053,0.970588207244873,0.35140281915664673
YMR098C,YOR141C,0,-2.9523606,0.22009782493114471,0.970588207244873,0.35150301456451416
YML008C,YMR275C,0,-2.9526103,0.2200489044189453,0.970588207244873,0.3516032099723816
YDR092W,YBR033W,0,-2.9526362,0.2199999988079071,0.970588207244873,0.351703405380249
YMR221C,YDR468C,0,-2.9527905,0.21995112299919128,0.970588207244873,0.35180360078811646
YMR262W,YLL057C,0,-2.9529724,0.21990226209163666,0.970588207244873,0.3519037961959839
YDL205C,YOL068C,0,-2.9530249,0.21985343098640442,0.970588207244873,0.3520040214061737
YJR144W,YHR215W,0,-2.9530568,0.21980461478233337,0.970588207244873,0.35210421681404114
YBR289W,YOR182C,0,-2.9537325,0.21975582838058472,0.970588207244873,0.35220441222190857
YLR337C,YIL124W,0,-2.9539962,0.21970705687999725,0.970588207244873,0.352304607629776
YMR175W,YBR035C,0,-2.9541454,0.21965831518173218,0.970588207244873,0.35240480303764343
YPR009W,YLR313C,0,-2.9542277,0.2196095883846283,0.970588207244873,0.35250499844551086
YPR188C,YKL110C,0,-2.9542818,0.2195608764886856,0.970588207244873,0.3526052236557007
YDR294C,YKL163W,0,-2.9543467,0.2195121943950653,0.970588207244873,0.3527054190635681
YMR202W,YLR117C,0,-2.9545388,0.2194635272026062,0.970588207244873,0.35280561447143555
YKL039W,YDR251W,0,-2.954692,0.21941488981246948,0.970588207244873,0.352905809879303
YMR165C,YBR240C,0,-2.9546986,0.21936628222465515,0.970588207244873,0.3530060052871704
YPL049C,YJR094W-A,0,-2.9548297,0.21931767463684082,0.970588207244873,0.35310620069503784
YLR081W,YFL053W,0,-2.9551444,0.21926909685134888,0.970588207244873,0.35320642590522766
YOR391C,YNR073C,0,-2.9556217,0.21922054886817932,0.970588207244873,0.3533066213130951
YAL021C,YGL130W,0,-2.9556425,0.21917201578617096,0.970588207244873,0.3534068167209625
YHR024C,YDR237W,0,-2.9558606,0.21912351250648499,0.970588207244873,0.35350701212882996
YCR028C,YDR300C,0,-2.9558787,0.219075009226799,0.970588207244873,0.3536072075366974
YKL029C,YAL053W,0,-2.9560351,0.21902655065059662,0.970588207244873,0.3537074029445648
YGL131C,YCR071C,0,-2.9560833,0.21897810697555542,0.970588207244873,0.35380762815475464
YAL023C,YOR182C,0,-2.9563475,0.21892967820167542,0.970588207244873,0.35390782356262207
YLR364W,YOR192C,0,-2.9564428,0.2188812792301178,0.970588207244873,0.3540080189704895
YER045C,YCR021C,0,-2.9566677,0.21883289515972137,0.970588207244873,0.35410821437835693
YPL193W,YPR082C,0,-2.9567435,0.21878452599048615,0.970588207244873,0.35420840978622437
YPL005W,YMR312W,0,-2.9568095,0.2187361866235733,0.970588207244873,0.3543086051940918
YOR131C,YKR013W,0,-2.956819,0.21868787705898285,0.970588207244873,0.3544088304042816
YLL067C,YGR082W,0,-2.9573421,0.2186395823955536,0.970588207244873,0.35450902581214905
YFL002C,YCL048W,0,-2.9578364,0.21859130263328552,0.970588207244873,0.3546092212200165
YER075C,YLL038C,0,-2.9578497,0.21854305267333984,0.970588207244873,0.3547094166278839
YBR302C,YDR077W,0,-2.957883,0.21849481761455536,0.970588207244873,0.35480961203575134
YJL209W,YLR439W,0,-2.9579363,0.21844659745693207,0.970588207244873,0.3549098074436188
YDR471W,YEL077C,0,-2.9581318,0.21839840710163116,0.970588207244873,0.3550100326538086
YPR103W,YPL132W,0,-2.9581718,0.21835024654865265,0.970588207244873,0.355110228061676
YJL063C,YHR185C,0,-2.9582107,0.21830210089683533,0.970588207244873,0.35521042346954346
YMR228W,YHR021C,1,-2.958459,0.21847443282604218,0.9715686440467834,0.35521042346954346
YKL017C,YLR110C,0,-2.958686,0.21842627227306366,0.9715686440467834,0.3553106188774109
YOR244W,YGR158C,0,-2.9587312,0.21837814152240753,0.9715686440467834,0.3554108142852783
YLR419W,YDL003W,0,-2.958801,0.2183300256729126,0.9715686440467834,0.35551100969314575
YKR010C,YEL054C,0,-2.9590976,0.21828193962574005,0.9715686440467834,0.35561123490333557
YCL016C,YHR107C,0,-2.9590988,0.2182338684797287,0.9715686440467834,0.355711430311203
YJR159W,YLR439W,0,-2.9593525,0.21818582713603973,0.9715686440467834,0.35581162571907043
YKR062W,YDL165W,0,-2.9593928,0.21813780069351196,0.9715686440467834,0.35591182112693787
YBR043C,YMR002W,0,-2.959477,0.21808978915214539,0.9715686440467834,0.3560120165348053
YDL143W,YMR150C,0,-2.9595819,0.2180418074131012,0.9715686440467834,0.35611221194267273
YEL004W,YGL045W,0,-2.959846,0.2179938405752182,0.9715686440467834,0.35621243715286255
YHL047C,YGR138C,0,-2.9600842,0.2179459035396576,0.9715686440467834,0.35631263256073
YJL186W,YJL033W,0,-2.9605246,0.21789798140525818,0.9715686440467834,0.3564128279685974
YPL233W,YHR107C,0,-2.960829,0.21785007417201996,0.9715686440467834,0.35651302337646484
YOL029C,YLR262C,0,-2.9608366,0.21780219674110413,0.9715686440467834,0.3566132187843323
YML107C,YDR545W,0,-2.9609194,0.2177543342113495,0.9715686440467834,0.3567134141921997
YJR046W,YNL322C,0,-2.9609323,0.21770650148391724,0.9715686440467834,0.3568136394023895
YDR531W,YGL226W,0,-2.961063,0.21765868365764618,0.9715686440467834,0.35691383481025696
YLR318W,YIL121W,0,-2.9611342,0.2176108956336975,0.9715686440467834,0.3570140302181244
YDL102W,YOR192C,0,-2.9613237,0.21756312251091003,0.9715686440467834,0.3571142256259918
YPL095C,YGR047C,0,-2.961646,0.21751536428928375,0.9715686440467834,0.35721442103385925
YLL006W,YAL048C,0,-2.9616947,0.21746763586997986,0.9715686440467834,0.3573146164417267
YDR180W,YNL312W,0,-2.9618506,0.21741992235183716,0.9715686440467834,0.3574148416519165
YJR017C,YGR256W,0,-2.9624982,0.21737222373485565,0.9715686440467834,0.35751503705978394
YBR228W,YLR019W,0,-2.9630466,0.21732455492019653,0.9715686440467834,0.35761523246765137
YCR071C,YLR048W,0,-2.9631493,0.2172769159078598,0.9715686440467834,0.3577154278755188
YMR098C,YOL146W,0,-2.9637709,0.21722929179668427,0.9715686440467834,0.35781562328338623
YER146W,YLR308W,0,-2.9641294,0.21718168258666992,0.9715686440467834,0.35791581869125366
YBR126C,YDR443C,0,-2.9641929,0.21713408827781677,0.9715686440467834,0.3580160439014435
YOL061W,YDL101C,0,-2.9643273,0.217086523771286,0.9715686440467834,0.3581162393093109
YHR191C,YGL223C,0,-2.964343,0.21703898906707764,0.9715686440467834,0.35821643471717834
YHR136C,YBR295W,0,-2.9646912,0.21699145436286926,0.9715686440467834,0.3583166301250458
YBL056W,YGR220C,0,-2.964795,0.21694396436214447,0.9715686440467834,0.3584168255329132
YLR056W,YLR099C,0,-2.9654531,0.21689647436141968,0.9715686440467834,0.35851702094078064
YPL028W,YGR289C,0,-2.9656696,0.21684901416301727,0.9715686440467834,0.35861724615097046
YLR098C,YLR320W,0,-2.965902,0.21680156886577606,0.9715686440467834,0.3587174415588379
YLR089C,YDR127W,0,-2.9661357,0.21675415337085724,0.9715686440467834,0.3588176369667053
YDL210W,YGR195W,0,-2.9663239,0.2167067527770996,0.9715686440467834,0.35891783237457275
YGR212W,YBR211C,0,-2.9663427,0.21665938198566437,0.9715686440467834,0.3590180277824402
YNR032C-A,YBR156C,0,-2.9664466,0.21661202609539032,0.9715686440467834,0.3591182231903076
YBR176W,YJR052W,0,-2.9666646,0.21656468510627747,0.9715686440467834,0.35921844840049744
YER099C,YDR033W,0,-2.9667299,0.216517373919487,0.9715686440467834,0.35931864380836487
YHL007C,YPR100W,0,-2.9667928,0.21647007763385773,0.9715686440467834,0.3594188392162323
YDR293C,YPL004C,0,-2.9668365,0.21642279624938965,0.9715686440467834,0.35951903462409973
YIL073C,YHL033C,0,-2.96757,0.21637554466724396,0.9715686440467834,0.35961923003196716
YKR014C,YIR022W,0,-2.9676023,0.21632830798625946,0.9715686440467834,0.3597194254398346
YJR120W,YIL101C,0,-2.9676871,0.21628110110759735,0.9715686440467834,0.3598196506500244
YLR098C,YDL106C,0,-2.9680095,0.21623390913009644,0.9715686440467834,0.35991984605789185
YFL039C,YLR126C,0,-2.9680705,0.2161867320537567,0.9715686440467834,0.3600200414657593
YPR166C,YER091C,0,-2.968196,0.21613958477973938,0.9715686440467834,0.3601202368736267
YPL037C,YDL012C,0,-2.968213,0.21609245240688324,0.9715686440467834,0.36022043228149414
YNL221C,YER146W,1,-2.9682488,0.21626335382461548,0.9725490212440491,0.36022043228149414
YGR071C,YHR019C,0,-2.9683676,0.21621622145175934,0.9725490212440491,0.3603206276893616
YIL049W,YDR324C,0,-2.9687538,0.2161691039800644,0.9725490212440491,0.3604208528995514
YKR052C,YMR274C,0,-2.9688754,0.21612200140953064,0.9725490212440491,0.3605210483074188
YGR192C,YKL012W,0,-2.9690197,0.21607492864131927,0.9725490212440491,0.36062124371528625
YNL014W,YER119C,0,-2.9691625,0.2160278707742691,0.9725490212440491,0.3607214391231537
YIL122W,YML098W,0,-2.969423,0.21598084270954132,0.9725490212440491,0.3608216345310211
YHL009C,YGR096W,0,-2.9694293,0.21593382954597473,0.9725490212440491,0.36092182993888855
YLL026W,YKL062W,0,-2.9695175,0.21588683128356934,0.9725490212440491,0.36102205514907837
YGR135W,YMR262W,0,-2.9695334,0.21583986282348633,0.9725490212440491,0.3611222505569458
YKL184W,YKR105C,0,-2.9698484,0.21579290926456451,0.9725490212440491,0.36122244596481323
YDR135C,YNL014W,0,-2.9698977,0.2157459706068039,0.9725490212440491,0.36132264137268066
YNL139C,YNL218W,0,-2.970383,0.21569906175136566,0.9725490212440491,0.3614228367805481
YHR076W,YNL190W,0,-2.9703958,0.21565216779708862,0.9725490212440491,0.3615230321884155
YLR007W,YBR131W,0,-2.970455,0.21560530364513397,0.9725490212440491,0.36162325739860535
YIL072W,YML031W,0,-2.9709725,0.21555845439434052,0.9725490212440491,0.3617234528064728
YLR007W,YOL069W,0,-2.9709911,0.21551162004470825,0.9725490212440491,0.3618236482143402
YKL016C,YMR080C,0,-2.9716022,0.21546481549739838,0.9725490212440491,0.36192384362220764
YLR248W,YDR394W,0,-2.9716744,0.2154180258512497,0.9725490212440491,0.3620240390300751
YDR354W,YPL144W,0,-2.971807,0.2153712511062622,0.9725490212440491,0.3621242344379425
YKR096W,YMR045C,0,-2.9719336,0.2153245061635971,0.9725490212440491,0.3622244596481323
YOR257W,YEL064C,0,-2.9719427,0.2152777761220932,0.9725490212440491,0.36232465505599976
YGL178W,YIL056W,0,-2.9726477,0.21523107588291168,0.9725490212440491,0.3624248504638672
YIL129C,YGL254W,0,-2.9728107,0.21518437564373016,0.9725490212440491,0.3625250458717346
YMR264W,YJL098W,0,-2.9731352,0.21513772010803223,0.9725490212440491,0.36262524127960205
YDL231C,YER123W,0,-2.973322,0.2150910645723343,0.9725490212440491,0.3627254366874695
YLR015W,YCR028C-A,0,-2.9741173,0.21504443883895874,0.9725490212440491,0.3628256618976593
YDR073W,YBR092C,0,-2.9745722,0.21499782800674438,0.9725490212440491,0.36292585730552673
YNL318C,YDR145W,0,-2.974701,0.21495124697685242,0.9725490212440491,0.36302605271339417
YLR276C,YBR092C,0,-2.974832,0.21490468084812164,0.9725490212440491,0.3631262481212616
YBR203W,YKR053C,0,-2.9752555,0.21485812962055206,0.9725490212440491,0.36322644352912903
YGL022W,YHR031C,0,-2.9753852,0.21481160819530487,0.9725490212440491,0.36332663893699646
YNL056W,YGR129W,0,-2.975397,0.21476510167121887,0.9725490212440491,0.3634268641471863
YOR100C,YNL045W,0,-2.975494,0.21471861004829407,0.9725490212440491,0.3635270595550537
YJL216C,YPL220W,0,-2.9759932,0.21467214822769165,0.9725490212440491,0.36362725496292114
YBR019C,YHR158C,0,-2.9760888,0.21462570130825043,0.9725490212440491,0.3637274503707886
YER149C,YJL133W,0,-2.9761338,0.2145792841911316,0.9725490212440491,0.363827645778656
YPL173W,YFL053W,0,-2.9761925,0.21453286707401276,0.9725490212440491,0.36392784118652344
YKL054C,YLR186W,0,-2.976477,0.2144864797592163,0.9725490212440491,0.36402806639671326
YDR022C,YMR072W,0,-2.9766493,0.21444012224674225,0.9725490212440491,0.3641282618045807
YLR298C,YKR083C,0,-2.9767303,0.21439377963542938,0.9725490212440491,0.3642284572124481
YDR399W,YNL094W,0,-2.9768705,0.2143474519252777,0.9725490212440491,0.36432865262031555
YDR397C,YBR058C,0,-2.9769764,0.21430113911628723,0.9725490212440491,0.364428848028183
YLR396C,YGR123C,0,-2.9770484,0.21425485610961914,0.9725490212440491,0.3645290434360504
YDR348C,YEL027W,0,-2.9775124,0.21420858800411224,0.9725490212440491,0.36462926864624023
YOR117W,YBR158W,0,-2.9779205,0.21416234970092773,0.9725490212440491,0.36472946405410767
YDL159W,YPL117C,0,-2.978031,0.21411612629890442,0.9725490212440491,0.3648296594619751
YLL005C,YJR117W,0,-2.9780345,0.2140699177980423,0.9725490212440491,0.36492985486984253
YML047C,YJR010C-A,0,-2.978374,0.21402373909950256,0.9725490212440491,0.36503005027770996
YER099C,YJL115W,0,-2.9783835,0.21397756040096283,0.9725490212440491,0.3651302456855774
YKL014C,YKL108W,0,-2.978404,0.21393142640590668,0.9725490212440491,0.3652304708957672
YLR127C,YOR303W,0,-2.9788148,0.21388529241085052,0.9725490212440491,0.36533066630363464
YLL028W,YJL028W,0,-2.9789267,0.21383918821811676,0.9725490212440491,0.3654308617115021
YFR025C,YNL094W,0,-2.978938,0.2137930989265442,0.9725490212440491,0.3655310571193695
YML115C,YEL061C,0,-2.9791222,0.213747039437294,0.9725490212440491,0.36563125252723694
YNL331C,YDR420W,0,-2.9791534,0.21370099484920502,0.9725490212440491,0.36573147773742676
YJL035C,YLR019W,0,-2.979166,0.21365496516227722,0.9725490212440491,0.3658316731452942
YJR064W,YMR070W,0,-2.9799244,0.21360895037651062,0.9725490212440491,0.3659318685531616
YPL103C,YJR042W,0,-2.9803658,0.2135629653930664,0.9725490212440491,0.36603206396102905
YER048C,YJR017C,0,-2.9804232,0.21351701021194458,0.9725490212440491,0.3661322593688965
YNL250W,YCL016C,0,-2.9805303,0.21347105503082275,0.9725490212440491,0.3662324547767639
YML016C,YGL065C,0,-2.9813359,0.21342512965202332,0.9725490212440491,0.36633267998695374
YPR046W,YHR032W,0,-2.9821587,0.21337921917438507,0.9725490212440491,0.36643287539482117
YKL077W,YLR405W,0,-2.982191,0.2133333384990692,0.9725490212440491,0.3665330708026886
YNL225C,YNL051W,0,-2.9825525,0.21328745782375336,0.9725490212440491,0.36663326621055603
YJR054W,YLR369W,0,-2.9827394,0.21324162185192108,0.9725490212440491,0.36673346161842346
YDR119W,YGL090W,0,-2.9827933,0.2131957858800888,0.9725490212440491,0.3668336570262909
YJR098C,YIL027C,0,-2.9827986,0.21314997971057892,0.9725490212440491,0.3669338822364807
YPL268W,YDR020C,0,-2.9828835,0.21310418844223022,0.9725490212440491,0.36703407764434814
YDR289C,YHL038C,0,-2.982905,0.21305841207504272,0.9725490212440491,0.3671342730522156
YPL049C,YDR531W,0,-2.9829204,0.2130126655101776,0.9725490212440491,0.367234468460083
YGR125W,YBR162C,0,-2.9829335,0.2129669338464737,0.9725490212440491,0.36733466386795044
YGR170W,YDR021W,0,-2.9830143,0.21292123198509216,0.9725490212440491,0.36743485927581787
YBR057C,YOR249C,0,-2.9831324,0.21287553012371063,0.9725490212440491,0.3675350844860077
YFL016C,YMR055C,0,-2.983368,0.2128298580646515,0.9725490212440491,0.3676352798938751
YNL278W,YGL192W,0,-2.983663,0.21278421580791473,0.9725490212440491,0.36773547530174255
YBR236C,YCR094W,0,-2.9836912,0.21273857355117798,0.9725490212440491,0.36783567070961
YJL121C,YOR171C,0,-2.9838047,0.2126929610967636,0.9725490212440491,0.3679358661174774
YHR044C,YDR018C,0,-2.984202,0.21264737844467163,0.9725490212440491,0.36803606152534485
YPL085W,YKL016C,0,-2.9846597,0.21260179579257965,0.9725490212440491,0.36813628673553467
YDL067C,YAL032C,0,-2.9847357,0.21255624294281006,0.9725490212440491,0.3682364821434021
YJL054W,YNL021W,0,-2.9849885,0.21251070499420166,0.9725490212440491,0.36833667755126953
YNL130C,YCL063W,0,-2.9851835,0.21246519684791565,0.9725490212440491,0.36843687295913696
YOL012C,YDR538W,0,-2.9855828,0.21241970360279083,0.9725490212440491,0.3685370683670044
YER025W,YML101C,0,-2.9857087,0.2123742252588272,0.9725490212440491,0.3686372637748718
YOL029C,YGR154C,0,-2.985981,0.21232876181602478,0.9725490212440491,0.36873748898506165
YNL241C,YDL025C,0,-2.986157,0.21228332817554474,0.9725490212440491,0.3688376843929291
YLR165C,YLR197W,1,-2.98631,0.21245186030864716,0.9735293984413147,0.3688376843929291
YEL006W,YJL121C,0,-2.9865072,0.21240641176700592,0.9735293984413147,0.3689378798007965
YGR203W,YDR524C,0,-2.9867177,0.21236099302768707,0.9735293984413147,0.36903807520866394
YOR009W,YHR178W,0,-2.9870763,0.21231558918952942,0.9735293984413147,0.36913827061653137
YPL152W,YOR056C,0,-2.9874601,0.21227020025253296,0.9735293984413147,0.3692384660243988
YDR422C,YDR466W,0,-2.9880605,0.2122248411178589,0.9735293984413147,0.3693386912345886
YGR082W,YOL072W,0,-2.9883945,0.21217948198318481,0.9735293984413147,0.36943888664245605
YGR058W,YDL138W,0,-2.988532,0.21213415265083313,0.9735293984413147,0.3695390820503235
YLR084C,YDL180W,0,-2.9888697,0.21208885312080383,0.9735293984413147,0.3696392774581909
YPL189W,YGL043W,0,-2.989151,0.21204356849193573,0.9735293984413147,0.36973947286605835
YDR105C,YLL022C,0,-2.9895563,0.21199829876422882,0.9735293984413147,0.3698396682739258
YPR073C,YBL004W,0,-2.9900558,0.2119530439376831,0.9735293984413147,0.3699398934841156
YER089C,YFL049W,0,-2.9901252,0.21190780401229858,0.9735293984413147,0.37004008889198303
YMR071C,YLR307W,0,-2.9901936,0.21186259388923645,0.9735293984413147,0.37014028429985046
YCR079W,YHR080C,0,-2.9902096,0.2118174135684967,0.9735293984413147,0.3702404797077179
YGL119W,YDR439W,0,-2.9902568,0.21177223324775696,0.9735293984413147,0.3703406751155853
YPL116W,YER160C,0,-2.9905887,0.2117270827293396,0.9735293984413147,0.37044087052345276
YGL106W,YLR337C,0,-2.9906292,0.21168194711208344,0.9735293984413147,0.3705410957336426
YGR224W,YDL106C,0,-2.990706,0.21163682639598846,0.9735293984413147,0.37064129114151
YDR276C,YGL029W,0,-2.990777,0.21159173548221588,0.9735293984413147,0.37074148654937744
YBR228W,YGR129W,0,-2.9909482,0.2115466594696045,0.9735293984413147,0.3708416819572449
YLR459W,YBL005W-A,0,-2.9912386,0.2115015983581543,0.9735293984413147,0.3709418773651123
YLR215C,YGR292W,0,-2.9913578,0.2114565521478653,0.9735293984413147,0.37104207277297974
YNL194C,YNL156C,0,-2.9914021,0.21141153573989868,0.9735293984413147,0.37114229798316956
YMR260C,YNL047C,0,-2.991733,0.21136653423309326,0.9735293984413147,0.371242493391037
YDR037W,YDR356W,0,-2.9917488,0.21132156252861023,0.9735293984413147,0.3713426887989044
YER031C,YOR011W,0,-2.9917936,0.2112765908241272,0.9735293984413147,0.37144288420677185
YDR252W,YHR205W,0,-2.9918704,0.21123164892196655,0.9735293984413147,0.3715430796146393
YLR237W,YLL001W,0,-2.9919949,0.2111867219209671,0.9735293984413147,0.3716432750225067
YIL016W,YOL148C,0,-2.9919982,0.21114182472229004,0.9735293984413147,0.37174350023269653
YMR113W,YNL086W,0,-2.9920726,0.21109694242477417,0.9735293984413147,0.37184369564056396
YOL138C,YAL053W,0,-2.9921024,0.2110520750284195,0.9735293984413147,0.3719438910484314
YGR041W,YER119C,0,-2.9922009,0.211007222533226,0.9735293984413147,0.37204408645629883
YOL132W,YPL148C,0,-2.9923906,0.21096239984035492,0.9735293984413147,0.37214428186416626
YDR402C,YPL239W,0,-2.9926028,0.21091759204864502,0.9735293984413147,0.3722444772720337
YJL013C,YMR184W,0,-2.992824,0.2108727991580963,0.9735293984413147,0.3723447024822235
YCL030C,YLR438C-A,0,-2.9930315,0.2108280211687088,0.9735293984413147,0.37244489789009094
YOL009C,YDL189W,0,-2.9934425,0.21078327298164368,0.9735293984413147,0.3725450932979584
YEL065W,YDR293C,0,-2.9940648,0.21073853969573975,0.9735293984413147,0.3726452887058258
YOR173W,YBR258C,0,-2.9941368,0.210693821310997,0.9735293984413147,0.37274548411369324
YML098W,YIR006C,0,-2.9942737,0.21064913272857666,0.9735293984413147,0.37284567952156067
YMR036C,YDL003W,0,-2.9947886,0.2106044590473175,0.9735293984413147,0.3729459047317505
YIL154C,YER089C,0,-2.9948506,0.21055980026721954,0.9735293984413147,0.3730461001396179
YER184C,YOR319W,0,-2.9948592,0.21051515638828278,0.9735293984413147,0.37314629554748535
YAL055W,YDR221W,0,-2.9950018,0.2104705423116684,0.9735293984413147,0.3732464909553528
YBR227C,YPR048W,0,-2.9952903,0.2104259431362152,0.9735293984413147,0.3733466863632202
YGL250W,YLL032C,0,-2.9953032,0.21038135886192322,0.9735293984413147,0.37344688177108765
YHR096C,YKL086W,0,-2.995748,0.21033678948879242,0.9735293984413147,0.37354710698127747
YGL222C,YOR094W,0,-2.9957647,0.210292249917984,0.9735293984413147,0.3736473023891449
YIL168W,YNL148C,0,-2.9957829,0.2102477252483368,0.9735293984413147,0.37374749779701233
YBL090W,YJL073W,0,-2.9960704,0.21020321547985077,0.9735293984413147,0.37384769320487976
YAL025C,YHR072W-A,1,-2.9962153,0.21037037670612335,0.9745097756385803,0.37384769320487976
YPL100W,YKL194C,0,-2.996345,0.21032585203647614,0.9745097756385803,0.3739478886127472
YBL022C,YOR083W,0,-2.997521,0.2102813571691513,0.9745097756385803,0.3740480840206146
YLR370C,YMR021C,0,-2.9976468,0.21023689210414886,0.9745097756385803,0.37414830923080444
YOR007C,YDR481C,0,-2.9977803,0.21019242703914642,0.9745097756385803,0.3742485046386719
YLR106C,YNL264C,0,-2.9978232,0.21014799177646637,0.9745097756385803,0.3743487000465393
YDR487C,YKR034W,0,-2.9979866,0.2101035714149475,0.9745097756385803,0.37444889545440674
YFL005W,YML094W,0,-2.9982958,0.21005916595458984,0.9745097756385803,0.37454909086227417
YMR127C,YLL032C,0,-2.998384,0.21001479029655457,0.9745097756385803,0.3746492862701416
YMR022W,YIR006C,0,-2.9985719,0.20997042953968048,0.9745097756385803,0.3747495114803314
YKL150W,YPL118W,0,-2.9997153,0.2099260836839676,0.9745097756385803,0.37484970688819885
YLR147C,YKL160W,0,-2.9998827,0.2098817527294159,0.9745097756385803,0.3749499022960663
YDR273W,YDR536W,0,-2.9999037,0.20983745157718658,0.9745097756385803,0.3750500977039337
YBR126C,YOR181W,0,-3.0000384,0.20979316532611847,0.9745097756385803,0.37515029311180115
YMR063W,YHR129C,0,-3.0002725,0.20974889397621155,0.9745097756385803,0.3752504885196686
YAR014C,YGL153W,0,-3.0005672,0.20970463752746582,0.9745097756385803,0.3753507137298584
YNR045W,YDR194C,0,-3.0006235,0.20966041088104248,0.9745097756385803,0.37545090913772583
YDR314C,YOR195W,0,-3.0008888,0.20961619913578033,0.9745097756385803,0.37555110454559326
YOL064C,YBL066C,0,-3.000919,0.20957200229167938,0.9745097756385803,0.3756512999534607
YBR193C,YDR462W,0,-3.0009608,0.20952782034873962,0.9745097756385803,0.3757514953613281
YJR044C,YML048W,0,-3.0015574,0.20948366820812225,0.9745097756385803,0.37585169076919556
YDR343C,YGL040C,0,-3.001585,0.20943953096866608,0.9745097756385803,0.3759519159793854
YJR089W,YMR050C,0,-3.0017087,0.2093954086303711,0.9745097756385803,0.3760521113872528
YNL227C,YPR055W,0,-3.0019422,0.2093513011932373,0.9745097756385803,0.37615230679512024
YDR485C,YMR161W,0,-3.0020583,0.2093072235584259,0.9745097756385803,0.37625250220298767
YLR304C,YDL230W,0,-3.002183,0.2092631608247757,0.9745097756385803,0.3763526976108551
YIL106W,YNL059C,0,-3.0022044,0.20921911299228668,0.9745097756385803,0.37645289301872253
YPR086W,YJL198W,0,-3.0022702,0.20917508006095886,0.9745097756385803,0.37655311822891235
YLL054C,YPR003C,0,-3.0029144,0.20913107693195343,0.9745097756385803,0.3766533136367798
YGR223C,YMR086W,0,-3.0029674,0.2090870887041092,0.9745097756385803,0.3767535090446472
YBR254C,YGR013W,0,-3.0032053,0.20904311537742615,0.9745097756385803,0.37685370445251465
YDR381W,YHR017W,0,-3.0034962,0.2089991569519043,0.9745097756385803,0.3769538998603821
YDR031W,YHR191C,0,-3.0036619,0.20895522832870483,0.9745097756385803,0.3770540952682495
YLR097C,YGR271C-A,0,-3.0037985,0.20891131460666656,0.9745097756385803,0.37715432047843933
YPL021W,YJL109C,0,-3.0039902,0.2088674157857895,0.9745097756385803,0.37725451588630676
YKL008C,YJL148W,0,-3.0041213,0.2088235318660736,0.9745097756385803,0.3773547112941742
YGR062C,YJL044C,0,-3.004277,0.20877966284751892,0.9745097756385803,0.3774549067020416
YGR142W,YMR224C,0,-3.0044894,0.20873582363128662,0.9745097756385803,0.37755510210990906
YFL011W,YLR277C,0,-3.0049298,0.20869199931621552,0.9745097756385803,0.3776552975177765
YOR060C,YIL137C,0,-3.0049598,0.2086481899023056,0.9745097756385803,0.3777555227279663
YFR053C,YPL017C,0,-3.0049777,0.20860441029071808,0.9745097756385803,0.37785571813583374
YOR383C,YKR104W,0,-3.005169,0.20856063067913055,0.9745097756385803,0.37795591354370117
YPL085W,YFL034C-B,0,-3.0053153,0.20851688086986542,0.9745097756385803,0.3780561089515686
YOR155C,YPL123C,0,-3.0056183,0.20847316086292267,0.9745097756385803,0.37815630435943604
YIL064W,YKR039W,0,-3.0056572,0.20842944085597992,0.9745097756385803,0.37825649976730347
YGR275W,YEL001C,0,-3.0058498,0.20838575065135956,0.9745097756385803,0.3783567249774933
YCL011C,YPL225W,0,-3.0059414,0.2083420604467392,0.9745097756385803,0.3784569203853607
YKL208W,YJL139C,0,-3.0061097,0.20829840004444122,0.9745097756385803,0.37855711579322815
YHR001W,YPL227C,0,-3.0061846,0.20825476944446564,0.9745097756385803,0.3786573112010956
YGR048W,YLR399C,0,-3.0063777,0.20821113884449005,0.9745097756385803,0.378757506608963
YJR118C,YDR447C,0,-3.0067625,0.20816753804683685,0.9745097756385803,0.37885770201683044
YPR021C,YIL098C,0,-3.0068078,0.20812395215034485,0.9745097756385803,0.37895792722702026
YBL007C,YPR061C,0,-3.0068142,0.20808038115501404,0.9745097756385803,0.3790581226348877
YGR202C,YPL236C,0,-3.0068288,0.20803683996200562,0.9745097756385803,0.3791583180427551
YER167W,YMR106C,0,-3.0069299,0.2079932987689972,0.9745097756385803,0.37925851345062256
YKL196C,YPL179W,0,-3.0072012,0.20794978737831116,0.9745097756385803,0.37935870885849
YDL214C,YER096W,0,-3.0074296,0.20790629088878632,0.9745097756385803,0.3794589042663574
YJL083W,YPL115C,0,-3.0077696,0.20786282420158386,0.9745097756385803,0.37955912947654724
YGR162W,YPL133C,0,-3.007921,0.2078193575143814,0.9745097756385803,0.3796593248844147
YLL039C,YLL013C,0,-3.0079951,0.20777592062950134,0.9745097756385803,0.3797595202922821
YHL002W,YMR122W-A,0,-3.0084743,0.20773249864578247,0.9745097756385803,0.37985971570014954
YLR370C,YJL184W,0,-3.0084786,0.2076890915632248,0.9745097756385803,0.37995991110801697
YEL061C,YNL185C,0,-3.0086575,0.2076457142829895,0.9745097756385803,0.3800601065158844
YER118C,YDR377W,0,-3.0086746,0.2076023370027542,0.9745097756385803,0.3801603317260742
YCL027W,YLR384C,0,-3.0089574,0.2075589895248413,0.9745097756385803,0.38026052713394165
YGL145W,YOL042W,0,-3.0090764,0.2075156569480896,0.9745097756385803,0.3803607225418091
YNL147W,YDR432W,1,-3.0092378,0.2076810747385025,0.9754902124404907,0.3803607225418091
YER048C,YNL299W,0,-3.0097537,0.2076377272605896,0.9754902124404907,0.3804609179496765
YDR342C,YDR014W,0,-3.0100584,0.20759440958499908,0.9754902124404907,0.38056111335754395
YPL020C,YHR011W,0,-3.010274,0.20755110681056976,0.9754902124404907,0.3806613087654114
YMR048W,YPL010W,0,-3.0105722,0.20750781893730164,0.9754902124404907,0.3807615339756012
YNR046W,YBL030C,0,-3.010641,0.2074645608663559,0.9754902124404907,0.38086172938346863
YJL151C,YKL193C,0,-3.0107489,0.20742130279541016,0.9754902124404907,0.38096192479133606
YEL059C-A,YPR061C,0,-3.0107791,0.2073780745267868,0.9754902124404907,0.3810621201992035
YOR090C,YBR070C,0,-3.0111628,0.20733486115932465,0.9754902124404907,0.3811623156070709
YMR170C,YDR040C,0,-3.0113535,0.20729166269302368,0.9754902124404907,0.38126251101493835
YPL169C,YJL078C,0,-3.0114646,0.2072484940290451,0.9754902124404907,0.3813627362251282
YNL055C,YKL096W,0,-3.0117283,0.20720532536506653,0.9754902124404907,0.3814629316329956
YMR156C,YER015W,0,-3.012203,0.20716218650341034,0.9754902124404907,0.38156312704086304
YPR141C,YOL007C,0,-3.0122235,0.20711906254291534,0.9754902124404907,0.38166332244873047
YDR440W,YPL128C,0,-3.0123932,0.20707596838474274,0.9754902124404907,0.3817635178565979
YBR251W,YHR160C,0,-3.0129962,0.20703287422657013,0.9754902124404907,0.38186371326446533
YFL005W,YLR083C,0,-3.0132394,0.2069898098707199,0.9754902124404907,0.38196393847465515
YFR014C,YBR258C,0,-3.0135698,0.20694676041603088,0.9754902124404907,0.3820641338825226
YDL210W,YJR126C,0,-3.0139947,0.20690372586250305,0.9754902124404907,0.38216432929039
YDR162C,YER086W,0,-3.0141654,0.2068607062101364,0.9754902124404907,0.38226452469825745
YMR002W,YKR053C,0,-3.0142264,0.20681771636009216,0.9754902124404907,0.3823647201061249
YOR373W,YHR129C,0,-3.0142684,0.2067747265100479,0.9754902124404907,0.3824649155139923
YNL245C,YBR158W,0,-3.014583,0.20673176646232605,0.9754902124404907,0.38256514072418213
YKR048C,YMR121C,0,-3.014688,0.20668882131576538,0.9754902124404907,0.38266533613204956
YHL007C,YBR301W,0,-3.0147462,0.2066458910703659,0.9754902124404907,0.382765531539917
YLL013C,YNR001C,0,-3.014846,0.20660299062728882,0.9754902124404907,0.3828657269477844
YHL036W,YBR110W,0,-3.0148926,0.20656010508537292,0.9754902124404907,0.38296592235565186
YIR035C,YPR105C,0,-3.0150146,0.20651723444461823,0.9754902124404907,0.3830661177635193
YPR052C,YML116W,0,-3.0151687,0.20647437870502472,0.9754902124404907,0.3831663429737091
YIL110W,YIL112W,0,-3.0152793,0.2064315378665924,0.9754902124404907,0.38326653838157654
YMR289W,YFL036W,0,-3.015407,0.2063887119293213,0.9754902124404907,0.38336673378944397
YJL008C,YOR033C,0,-3.0157042,0.20634591579437256,0.9754902124404907,0.3834669291973114
YKR048C,YCR004C,0,-3.0159264,0.20630313456058502,0.9754902124404907,0.38356712460517883
YJR035W,YOR061W,0,-3.0164156,0.20626036822795868,0.9754902124404907,0.38366732001304626
YML115C,YPL239W,0,-3.0165887,0.20621761679649353,0.9754902124404907,0.3837675452232361
YDR323C,YLR238W,0,-3.016689,0.20617488026618958,0.9754902124404907,0.3838677406311035
YDL017W,YBR097W,0,-3.0169988,0.206132173538208,0.9754902124404907,0.38396793603897095
YOL126C,YDR242W,0,-3.017074,0.20608948171138763,0.9754902124404907,0.3840681314468384
YML115C,YDL207W,0,-3.0172586,0.20604680478572845,0.9754902124404907,0.3841683268547058
YLR260W,YMR052W,0,-3.0174136,0.20600414276123047,0.9754902124404907,0.38426852226257324
YHL006C,YEL077C,0,-3.0174737,0.20596149563789368,0.9754902124404907,0.38436874747276306
YLR306W,YKL042W,0,-3.0174785,0.20591887831687927,0.9754902124404907,0.3844689428806305
YJL159W,YGR279C,0,-3.0176835,0.20587626099586487,0.9754902124404907,0.3845691382884979
YLR418C,YML096W,0,-3.0179222,0.20583367347717285,0.9754902124404907,0.38466933369636536
YOL147C,YDL207W,0,-3.0180216,0.20579110085964203,0.9754902124404907,0.3847695291042328
YDL008W,YNL176C,0,-3.0182579,0.2057485580444336,0.9754902124404907,0.3848697543144226
YPL162C,YBR015C,0,-3.0183096,0.20570601522922516,0.9754902124404907,0.38496994972229004
YNL257C,YGR082W,0,-3.0183368,0.2056635022163391,0.9754902124404907,0.38507014513015747
YOR278W,YLR293C,0,-3.0184813,0.20562098920345306,0.9754902124404907,0.3851703405380249
YFL052W,YLR014C,0,-3.0185952,0.2055785059928894,0.9754902124404907,0.38527053594589233
YNL294C,YDR469W,0,-3.0187907,0.20553605258464813,0.9754902124404907,0.38537073135375977
YIR010W,YMR036C,0,-3.0189147,0.20549359917640686,0.9754902124404907,0.3854709565639496
YHR183W,YCR028C-A,0,-3.0190418,0.20545116066932678,0.9754902124404907,0.385571151971817
YNL246W,YNL077W,0,-3.0190701,0.2054087519645691,0.9754902124404907,0.38567134737968445
YDR330W,YKL032C,0,-3.0191731,0.2053663581609726,0.9754902124404907,0.3857715427875519
YBL097W,YLR006C,0,-3.0191848,0.2053239792585373,0.9754902124404907,0.3858717381954193
YIL011W,YCL017C,0,-3.019236,0.20528161525726318,0.9754902124404907,0.38597193360328674
YPL029W,YOR361C,0,-3.0193615,0.20523928105831146,0.9754902124404907,0.38607215881347656
YAL056W,YBL016W,0,-3.019927,0.20519694685935974,0.9754902124404907,0.386172354221344
YIL070C,YBR121C,0,-3.0200405,0.2051546424627304,0.9754902124404907,0.3862725496292114
YGR204W,YDR045C,0,-3.0204306,0.20511235296726227,0.9754902124404907,0.38637274503707886
YOL128C,YNR069C,0,-3.02071,0.20507007837295532,0.9754902124404907,0.3864729404449463
YDR120C,YDL019C,0,-3.0210023,0.20502781867980957,0.9754902124404907,0.3865731358528137
YOL147C,YJL159W,0,-3.02103,0.204985573887825,0.9754902124404907,0.38667336106300354
YJL100W,YOR255W,0,-3.02176,0.20494335889816284,0.9754902124404907,0.38677355647087097
YDR303C,YKL184W,0,-3.021996,0.20490115880966187,0.9754902124404907,0.3868737518787384
YLL057C,YLR055C,0,-3.0220785,0.20485897362232208,0.9754902124404907,0.38697394728660583
YPL242C,YBR167C,0,-3.0224805,0.2048168033361435,0.9754902124404907,0.38707414269447327
YML107C,YDL135C,0,-3.0225904,0.2047746479511261,0.9754902124404907,0.3871743381023407
YBR018C,YLR138W,0,-3.0226827,0.2047325074672699,0.9754902124404907,0.3872745633125305
YDR511W,YDR361C,0,-3.0229936,0.20469039678573608,0.9754902124404907,0.38737475872039795
YPL268W,YDR213W,0,-3.0230126,0.20464828610420227,0.9754902124404907,0.3874749541282654
YCR023C,YOR069W,0,-3.0230193,0.20460620522499084,0.9754902124404907,0.3875751495361328
YDR407C,YDR231C,0,-3.023134,0.2045641392469406,0.9754902124404907,0.38767534494400024
YMR316W,YDR359C,0,-3.0232196,0.20452210307121277,0.9754902124404907,0.3877755403518677
YDR206W,YCR044C,0,-3.0232868,0.20448006689548492,0.9754902124404907,0.3878757655620575
YLL053C,YBR030W,0,-3.0232942,0.20443804562091827,0.9754902124404907,0.3879759609699249
YHR188C,YFR041C,0,-3.0233738,0.204396054148674,0.9754902124404907,0.38807615637779236
YOR191W,YGL231C,0,-3.0234528,0.20435407757759094,0.9754902124404907,0.3881763517856598
YER040W,YLR089C,0,-3.0240464,0.20431211590766907,0.9754902124404907,0.3882765471935272
YLR225C,YDL005C,0,-3.024201,0.2042701691389084,0.9754902124404907,0.38837674260139465
YHR043C,YKR060W,0,-3.02421,0.2042282372713089,0.9754902124404907,0.3884769678115845
YJL143W,YJR099W,0,-3.0242782,0.2041863352060318,0.9754902124404907,0.3885771632194519
YIL168W,YKL048C,0,-3.0246868,0.2041444331407547,0.9754902124404907,0.38867735862731934
YLR347C,YJL181W,0,-3.0247037,0.2041025608778,0.9754902124404907,0.38877755403518677
YOR157C,YHR112C,0,-3.025261,0.20406070351600647,0.9754902124404907,0.3888777494430542
YHR064C,YOR101W,0,-3.025401,0.20401886105537415,0.9754902124404907,0.38897794485092163
YHR046C,YJR096W,0,-3.0257068,0.20397703349590302,0.9754902124404907,0.38907817006111145
YOL008W,YGL227W,0,-3.025773,0.20393523573875427,0.9754902124404907,0.3891783654689789
YDR362C,YDL222C,0,-3.0260928,0.20389343798160553,0.9754902124404907,0.3892785608768463
YGL032C,YNL071W,0,-3.0261393,0.20385167002677917,0.9754902124404907,0.38937875628471375
YBR185C,YPL130W,0,-3.0262694,0.203809916973114,0.9754902124404907,0.3894789516925812
YAL035W,YNL035C,0,-3.0265157,0.20376817882061005,0.9754902124404907,0.3895791471004486
YPL058C,YNR071C,0,-3.0267086,0.20372645556926727,0.9754902124404907,0.3896793723106384
YJR152W,YML066C,0,-3.0271354,0.2036847472190857,0.9754902124404907,0.38977956771850586
YBR003W,YDR434W,0,-3.0271945,0.2036430686712265,0.9754902124404907,0.3898797631263733
YOL122C,YGL049C,0,-3.0272326,0.2036013901233673,0.9754902124404907,0.3899799585342407
YMR042W,YHR088W,0,-3.02747,0.2035597413778305,0.9754902124404907,0.39008015394210815
YLR266C,YLR384C,0,-3.0276053,0.2035181075334549,0.9754902124404907,0.3901803493499756
YBR268W,YOR017W,0,-3.0280497,0.20347648859024048,0.9754902124404907,0.3902805745601654
YCR077C,YPL079W,0,-3.0283995,0.20343488454818726,0.9754902124404907,0.39038076996803284
YJR117W,YOR284W,0,-3.0286288,0.20339329540729523,0.9754902124404907,0.39048096537590027
YJL158C,YHR032W,0,-3.0286608,0.2033517211675644,0.9754902124404907,0.3905811607837677
YGL196W,YLR133W,0,-3.0286636,0.20331017673015594,0.9754902124404907,0.39068135619163513
YMR217W,YJR160C,0,-3.029172,0.2032686471939087,0.9754902124404907,0.39078155159950256
YGL087C,YOR256C,0,-3.0294142,0.20322711765766144,0.9754902124404907,0.3908817768096924
YBR058C,YPL254W,0,-3.0296829,0.20318561792373657,0.9754902124404907,0.3909819722175598
YLR441C,YJL046W,0,-3.0301523,0.2031441330909729,0.9754902124404907,0.39108216762542725
YKL016C,YKL004W,0,-3.030429,0.20310267806053162,0.9754902124404907,0.3911823630332947
YHR188C,YER041W,0,-3.0304356,0.20306122303009033,0.9754902124404907,0.3912825584411621
YML126C,YMR190C,0,-3.030644,0.20301979780197144,0.9754902124404907,0.39138275384902954
YOL018C,YNL148C,0,-3.0309792,0.20297837257385254,0.9754902124404907,0.39148297905921936
YCL016C,YLR110C,0,-3.0315294,0.20293697714805603,0.9754902124404907,0.3915831744670868
YLR424W,YIL070C,0,-3.0320244,0.20289559662342072,0.9754902124404907,0.3916833698749542
YGL171W,YOR356W,0,-3.0327358,0.2028542309999466,0.9754902124404907,0.39178356528282166
YNL220W,YKL198C,0,-3.032764,0.20281288027763367,0.9754902124404907,0.3918837606906891
YKL033W,YIL112W,0,-3.033049,0.20277154445648193,0.9754902124404907,0.3919839560985565
YNR073C,YER106W,0,-3.0331974,0.2027302384376526,0.9754902124404907,0.39208418130874634
YHR006W,YLR336C,0,-3.0332115,0.20268893241882324,0.9754902124404907,0.39218437671661377
YPL132W,YLL016W,0,-3.0333104,0.20264765620231628,0.9754902124404907,0.3922845721244812
YOR030W,YDR214W,0,-3.0333567,0.20260639488697052,0.9754902124404907,0.39238476753234863
YIL113W,YCL017C,0,-3.0333586,0.20256514847278595,0.9754902124404907,0.39248496294021606
YAL042W,YGR026W,0,-3.0334735,0.20252391695976257,0.9754902124404907,0.3925851583480835
YIL130W,YPL265W,0,-3.0336468,0.2024827003479004,0.9754902124404907,0.3926853835582733
YCR075C,YDR376W,0,-3.0337877,0.2024414986371994,0.9754902124404907,0.39278557896614075
YLR364W,YNL039W,0,-3.0338707,0.2024003267288208,0.9754902124404907,0.3928857743740082
YGL093W,YDR341C,0,-3.034192,0.2023591548204422,0.9754902124404907,0.3929859697818756
YOR124C,YKR095W,0,-3.0342324,0.202318012714386,0.9754902124404907,0.39308616518974304
YGR044C,YHR185C,0,-3.0344381,0.20227688550949097,0.9754902124404907,0.3931863605976105
YPL022W,YDL056W,0,-3.0345738,0.20223577320575714,0.9754902124404907,0.3932865858078003
YJL138C,YPL074W,0,-3.0346334,0.2021946758031845,0.9754902124404907,0.3933867812156677
YGL175C,YJR125C,0,-3.0346854,0.20215359330177307,0.9754902124404907,0.39348697662353516
YPL029W,YLR453C,0,-3.0347457,0.20211252570152283,0.9754902124404907,0.3935871720314026
YEL019C,YDR385W,0,-3.0347652,0.20207148790359497,0.9754902124404907,0.39368736743927
YJL174W,YIL137C,0,-3.0348325,0.20203045010566711,0.9754902124404907,0.39378756284713745
YJL059W,YGR204W,0,-3.0348654,0.20198944211006165,0.9754902124404907,0.39388778805732727
YDL143W,YIL144W,0,-3.0349095,0.20194844901561737,0.9754902124404907,0.3939879834651947
YOL020W,YJL148W,0,-3.0349965,0.2019074708223343,0.9754902124404907,0.39408817887306213
YBR034C,YMR162C,0,-3.0352447,0.2018665075302124,0.9754902124404907,0.39418837428092957
YDR318W,YDR237W,0,-3.0357642,0.2018255591392517,0.9754902124404907,0.394288569688797
YDL008W,YIL022W,0,-3.0358872,0.2017846256494522,0.9754902124404907,0.39438876509666443
YKL099C,YJL044C,0,-3.0359347,0.2017437219619751,0.9754902124404907,0.39448899030685425
YBR102C,YER006W,0,-3.036476,0.20170281827449799,0.9754902124404907,0.3945891857147217
YBR014C,YNL083W,0,-3.0370407,0.20166194438934326,0.9754902124404907,0.3946893811225891
YLR266C,YDR004W,0,-3.0371952,0.20162107050418854,0.9754902124404907,0.39478957653045654
YOR143C,YDR039C,0,-3.0372438,0.2015802264213562,0.9754902124404907,0.394889771938324
YNL233W,YER025W,0,-3.0374718,0.20153939723968506,0.9754902124404907,0.3949899673461914
YDR168W,YOR196C,0,-3.0375519,0.2014985829591751,0.9754902124404907,0.3950901925563812
YLR424W,YNL062C,0,-3.0377502,0.20145778357982635,0.9754902124404907,0.39519038796424866
YOR167C,YDR377W,0,-3.0378642,0.2014169991016388,0.9754902124404907,0.3952905833721161
YDR341C,YPL220W,0,-3.0382512,0.20137624442577362,0.9754902124404907,0.3953907787799835
YDR011W,YEL046C,0,-3.0384355,0.20133548974990845,0.9754902124404907,0.39549097418785095
YJL102W,YOL018C,0,-3.0389488,0.20129476487636566,0.9754902124404907,0.3955911695957184
YML058W,YGR138C,0,-3.039058,0.20125404000282288,0.9754902124404907,0.3956913948059082
YLL053C,YBR167C,0,-3.0394468,0.20121334493160248,0.9754902124404907,0.39579159021377563
YOR195W,YDR298C,0,-3.039867,0.20117266476154327,0.9754902124404907,0.39589178562164307
YNL306W,YNL336W,0,-3.040145,0.20113199949264526,0.9754902124404907,0.3959919810295105
YHR033W,YMR262W,0,-3.0401907,0.20109134912490845,0.9754902124404907,0.39609217643737793
YPL173W,YML057W,0,-3.0403433,0.20105071365833282,0.9754902124404907,0.39619237184524536
YDR129C,YLR406C,0,-3.0403578,0.2010101079940796,0.9754902124404907,0.3962925970554352
YGL136C,YBR189W,1,-3.0404515,0.20117148756980896,0.9764705896377563,0.3962925970554352
YDR182W,YPL051W,0,-3.0404649,0.20113085210323334,0.9764705896377563,0.3963927924633026
YGR046W,YNL068C,0,-3.0409226,0.2010902464389801,0.9764705896377563,0.39649298787117004
YNR055C,YPL248C,0,-3.041025,0.20104965567588806,0.9764705896377563,0.3965931832790375
YGL167C,YBL093C,0,-3.0410628,0.20100907981395721,0.9764705896377563,0.3966933786869049
YMR139W,YOL027C,0,-3.0412273,0.20096851885318756,0.9764705896377563,0.39679357409477234
YER122C,YDR323C,0,-3.0416336,0.2009279876947403,0.9764705896377563,0.39689379930496216
YAL068C,YDR365C,0,-3.0417037,0.20088745653629303,0.9764705896377563,0.3969939947128296
YML012W,YDR443C,0,-3.0418386,0.20084694027900696,0.9764705896377563,0.397094190120697
YPL271W,YLR128W,0,-3.041891,0.20080645382404327,0.9764705896377563,0.39719438552856445
YCR005C,YNL146W,0,-3.042677,0.2007659673690796,0.9764705896377563,0.3972945809364319
YPR017C,YHR079C-A,0,-3.0427103,0.2007255107164383,0.9764705896377563,0.3973947763442993
YFL056C,YDL181W,0,-3.0430474,0.2006850689649582,0.9764705896377563,0.39749500155448914
YGR178C,YKR067W,0,-3.043548,0.20064464211463928,0.9764705896377563,0.39759519696235657
YPR022C,YJL170C,0,-3.0438328,0.20060423016548157,0.9764705896377563,0.397695392370224
YNR053C,YPR037C,0,-3.0442548,0.20056383311748505,0.9764705896377563,0.39779558777809143
YBL035C,YOR027W,0,-3.0443335,0.20052345097064972,0.9764705896377563,0.39789578318595886
YLR426W,YCL039W,0,-3.044601,0.20048309862613678,0.9764705896377563,0.3979959785938263
YEL020W-A,YJR132W,0,-3.045004,0.20044274628162384,0.9764705896377563,0.3980962038040161
YOL003C,YHR050W,0,-3.0450573,0.2004024088382721,0.9764705896377563,0.39819639921188354
YER012W,YBR065C,0,-3.0451498,0.20036210119724274,0.9764705896377563,0.398296594619751
YMR171C,YOR381W,0,-3.045261,0.20032180845737457,0.9764705896377563,0.3983967900276184
YNL213C,YIR010W,0,-3.0453794,0.2002815157175064,0.9764705896377563,0.39849698543548584
YLR453C,YHL021C,0,-3.0455723,0.20024125277996063,0.9764705896377563,0.39859718084335327
YNL250W,YPL005W,0,-3.0456176,0.20020100474357605,0.9764705896377563,0.3986974060535431
YDR177W,YPL120W,0,-3.0456176,0.20016077160835266,0.9764705896377563,0.3987976014614105
YLR369W,YNL035C,0,-3.0457742,0.20012055337429047,0.9764705896377563,0.39889779686927795
YLR120C,YGR241C,0,-3.0462356,0.20008035004138947,0.9764705896377563,0.3989979922771454
YLR142W,YJR010C-A,0,-3.0462823,0.20004016160964966,0.9764705896377563,0.3990981876850128
YLR363C,YLR215C,0,-3.0463185,0.20000000298023224,0.9764705896377563,0.39919838309288025
YCR008W,YPL226W,0,-3.0463681,0.19995984435081482,0.9764705896377563,0.39929860830307007
YFL008W,YPL018W,0,-3.0464497,0.1999197155237198,0.9764705896377563,0.3993988037109375
YPL059W,YKL004W,0,-3.0464542,0.19987958669662476,0.9764705896377563,0.39949899911880493
YGR170W,YDR044W,0,-3.0464888,0.1998394876718521,0.9764705896377563,0.39959919452667236
YLR323C,YER129W,0,-3.0465999,0.19979940354824066,0.9764705896377563,0.3996993899345398
YNL244C,YPR046W,0,-3.046613,0.1997593194246292,0.9764705896377563,0.3997995853424072
YBR040W,YDR532C,0,-3.047502,0.19971926510334015,0.9764705896377563,0.39989981055259705
YNL049C,YOR182C,0,-3.0475044,0.19967922568321228,0.9764705896377563,0.4000000059604645
YDR228C,YPR071W,0,-3.047772,0.1996392011642456,0.9764705896377563,0.4001002013683319
YJL035C,YIL105C,0,-3.0478911,0.19959919154644012,0.9764705896377563,0.40020039677619934
YPR103W,YNR048W,0,-3.0484326,0.19955921173095703,0.9764705896377563,0.4003005921840668
YMR166C,YER018C,0,-3.0485516,0.19951923191547394,0.9764705896377563,0.4004007875919342
YOL064C,YLR099C,0,-3.0485902,0.19947926700115204,0.9764705896377563,0.400501012802124
YMR070W,YIL053W,0,-3.0487661,0.19943933188915253,0.9764705896377563,0.40060120820999146
YBR193C,YGR091W,0,-3.0489442,0.19939939677715302,0.9764705896377563,0.4007014036178589
YDL109C,YNL094W,0,-3.0489755,0.1993594914674759,0.9764705896377563,0.4008015990257263
YML098W,YBR083W,0,-3.0490935,0.19931958615779877,0.9764705896377563,0.40090179443359375
YKL132C,YDR118W,0,-3.0492964,0.19927971065044403,0.9764705896377563,0.4010019898414612
YDR345C,YGR123C,0,-3.049369,0.1992398500442505,0.9764705896377563,0.401102215051651
YGL078C,YPL033C,0,-3.0497427,0.19920000433921814,0.9764705896377563,0.40120241045951843
YHR150W,YNR049C,0,-3.0498214,0.19916017353534698,0.9764705896377563,0.40130260586738586
YNL206C,YMR225C,0,-3.0500865,0.19912035763263702,0.9764705896377563,0.4014028012752533
YGR162W,YFR046C,0,-3.0503778,0.19908055663108826,0.9764705896377563,0.4015029966831207
YDR545W,YHR185C,0,-3.05129,0.19904077053070068,0.9764705896377563,0.40160319209098816
YCR037C,YJL156C,0,-3.0514472,0.1990009993314743,0.9764705896377563,0.401703417301178
YDL193W,YHR062C,0,-3.0515876,0.19896124303340912,0.9764705896377563,0.4018036127090454
YJL100W,YPL123C,0,-3.0516453,0.19892151653766632,0.9764705896377563,0.40190380811691284
YPL237W,YLR342W,0,-3.0518537,0.19888179004192352,0.9764705896377563,0.4020040035247803
YPR161C,YJL056C,0,-3.0519242,0.19884207844734192,0.9764705896377563,0.4021041989326477
YJR045C,YOL080C,0,-3.052202,0.1988023966550827,0.9764705896377563,0.40220439434051514
YHL024W,YGR044C,0,-3.0522773,0.1987627148628235,0.9764705896377563,0.40230461955070496
YOL127W,YER041W,0,-3.0528238,0.19872306287288666,0.9764705896377563,0.4024048149585724
YBR065C,YML081W,0,-3.0529013,0.19868342578411102,0.9764705896377563,0.4025050103664398
YKR050W,YDR013W,0,-3.0529323,0.19864380359649658,0.9764705896377563,0.40260520577430725
YNL330C,YJL158C,0,-3.0531106,0.19860418140888214,0.9764705896377563,0.4027054011821747
YML102W,YER078C,0,-3.0533137,0.1985645890235901,0.9764705896377563,0.4028055965900421
YCL030C,YMR277W,0,-3.0536404,0.19852501153945923,0.9764705896377563,0.40290582180023193
YML076C,YNR047W,0,-3.0536814,0.19848544895648956,0.9764705896377563,0.40300601720809937
YDR501W,YLR084C,0,-3.0541687,0.1984459012746811,0.9764705896377563,0.4031062126159668
YGL257C,YER161C,0,-3.0541902,0.1984063684940338,0.9764705896377563,0.40320640802383423
YPL053C,YNL321W,0,-3.0543742,0.19836686551570892,0.9764705896377563,0.40330660343170166
YGR123C,YHR191C,0,-3.055211,0.19832736253738403,0.9764705896377563,0.4034067988395691
YKR058W,YMR205C,0,-3.0554483,0.19828787446022034,0.9764705896377563,0.4035070240497589
YNL224C,YGL231C,0,-3.055573,0.19824840128421783,0.9764705896377563,0.40360721945762634
YDR488C,YGR055W,0,-3.0556002,0.19820895791053772,0.9764705896377563,0.4037074148654938
YGR257C,YBL025W,0,-3.0559828,0.1981695145368576,0.9764705896377563,0.4038076102733612
YBL023C,YGL011C,0,-3.0560315,0.19813010096549988,0.9764705896377563,0.40390780568122864
YFL044C,YOR141C,0,-3.0568118,0.19809068739414215,0.9764705896377563,0.40400803089141846
YDR093W,YOR045W,0,-3.0568461,0.1980513036251068,0.9764705896377563,0.4041082262992859
YOR151C,YLR096W,0,-3.0572615,0.19801193475723267,0.9764705896377563,0.4042084217071533
YIL044C,YBR161W,0,-3.057282,0.19797256588935852,0.9764705896377563,0.40430861711502075
YGL077C,YHR045W,0,-3.0573063,0.19793322682380676,0.9764705896377563,0.4044088125228882
YNR027W,YOR362C,0,-3.0574934,0.1978939026594162,0.9764705896377563,0.4045090079307556
YBL060W,YPL126W,0,-3.057725,0.19785459339618683,0.9764705896377563,0.40460923314094543
YHR027C,YAL047C,0,-3.0577288,0.19781529903411865,0.9764705896377563,0.40470942854881287
YAR015W,YGL077C,0,-3.0577512,0.19777601957321167,0.9764705896377563,0.4048096239566803
YLR083C,YJR015W,0,-3.0577748,0.19773675501346588,0.9764705896377563,0.40490981936454773
YGR071C,YNL220W,0,-3.0580027,0.1976975053548813,0.9764705896377563,0.40501001477241516
YGL173C,YKR105C,0,-3.0580802,0.19765827059745789,0.9764705896377563,0.4051102101802826
YNL014W,YER058W,0,-3.0582094,0.19761905074119568,0.9764705896377563,0.4052104353904724
YPL269W,YBR058C-A,0,-3.0583718,0.19757984578609467,0.9764705896377563,0.40531063079833984
YCR018C,YNL135C,0,-3.058631,0.19754065573215485,0.9764705896377563,0.4054108262062073
YLR131C,YHR091C,0,-3.058651,0.19750148057937622,0.9764705896377563,0.4055110216140747
YGR295C,YNR047W,0,-3.0586562,0.19746233522891998,0.9764705896377563,0.40561121702194214
YGR087C,YJL110C,0,-3.0587091,0.19742318987846375,0.9764705896377563,0.40571141242980957
YOL031C,YLR215C,0,-3.0588655,0.1973840594291687,0.9764705896377563,0.4058116376399994
YFL022C,YHR216W,0,-3.0592794,0.19734495878219604,0.9764705896377563,0.4059118330478668
YJL012C,YNL037C,0,-3.0594654,0.1973058581352234,0.9764705896377563,0.40601202845573425
YGR253C,YBR083W,0,-3.0596366,0.19726678729057312,0.9764705896377563,0.4061122238636017
YBR160W,YGR120C,0,-3.0597608,0.19722771644592285,0.9764705896377563,0.4062124192714691
YLR079W,YIR022W,0,-3.0601788,0.19718867540359497,0.9764705896377563,0.40631261467933655
YJL180C,YIL172C,0,-3.0601993,0.19714964926242828,0.9764705896377563,0.40641283988952637
YOR076C,YLR128W,0,-3.0602715,0.1971106231212616,0.9764705896377563,0.4065130352973938
YBR283C,YEL009C,0,-3.0605912,0.1970716267824173,0.9764705896377563,0.40661323070526123
YIL085C,YMR044W,0,-3.0606623,0.1970326453447342,0.9764705896377563,0.40671342611312866
YBR298C,YBR291C,0,-3.0610788,0.1969936639070511,0.9764705896377563,0.4068136215209961
YOL133W,YBR057C,0,-3.0616994,0.19695471227169037,0.9764705896377563,0.4069138169288635
YGR161C,YKL026C,0,-3.0617042,0.19691577553749084,0.9764705896377563,0.40701404213905334
YKL059C,YLR260W,0,-3.0619323,0.19687685370445251,0.9764705896377563,0.4071142375469208
YDL044C,YNL035C,0,-3.0620327,0.19683794677257538,0.9764705896377563,0.4072144329547882
YBR203W,YML014W,0,-3.0620987,0.19679905474185944,0.9764705896377563,0.40731462836265564
YNR070W,YDR201W,0,-3.0621824,0.1967601776123047,0.9764705896377563,0.40741482377052307
YOR174W,YDL104C,0,-3.062203,0.19672131538391113,0.9764705896377563,0.4075150191783905
YEL050C,YBL023C,0,-3.0625224,0.19668246805667877,0.9764705896377563,0.4076152443885803
YOR188W,YDR434W,0,-3.0626264,0.1966436356306076,0.9764705896377563,0.40771543979644775
YMR153W,YGR049W,0,-3.062638,0.19660481810569763,0.9764705896377563,0.4078156352043152
YOR373W,YDR145W,0,-3.0628562,0.19656601548194885,0.9764705896377563,0.4079158306121826
YHR160C,YGR023W,0,-3.063237,0.19652722775936127,0.9764705896377563,0.40801602602005005
YGR135W,YLR340W,0,-3.0638857,0.19648845493793488,0.9764705896377563,0.4081162214279175
YPL046C,YER042W,0,-3.0642486,0.19644969701766968,0.9764705896377563,0.4082164466381073
YBR175W,YLL018C-A,0,-3.064263,0.19641096889972687,0.9764705896377563,0.40831664204597473
YCR024C-A,YPL239W,0,-3.0648751,0.19637224078178406,0.9764705896377563,0.40841683745384216
YJL216C,YER088C,0,-3.0650592,0.19633352756500244,0.9764705896377563,0.4085170328617096
YER068W,YBR253W,0,-3.0651765,0.19629482924938202,0.9764705896377563,0.408617228269577
YGR194C,YGL178W,0,-3.0654597,0.19625616073608398,0.9764705896377563,0.40871742367744446
YDR289C,YIL144W,0,-3.0655959,0.19621749222278595,0.9764705896377563,0.4088176488876343
YER070W,YCL045C,0,-3.0657082,0.1961788386106491,0.9764705896377563,0.4089178442955017
YOL006C,YPR019W,0,-3.0657358,0.19614021480083466,0.9764705896377563,0.40901803970336914
YDL075W,YLR056W,0,-3.0657463,0.1961015909910202,0.9764705896377563,0.4091182351112366
YDR422C,YJL008C,0,-3.065897,0.19606299698352814,0.9764705896377563,0.409218430519104
YBR218C,YBL055C,0,-3.0661006,0.19602440297603607,0.9764705896377563,0.40931862592697144
YBR050C,YER033C,0,-3.0661879,0.1959858387708664,0.9764705896377563,0.40941885113716125
YDL109C,YBR008C,0,-3.0667086,0.19594727456569672,0.9764705896377563,0.4095190465450287
YKL010C,YDR362C,0,-3.0668564,0.19590874016284943,0.9764705896377563,0.4096192419528961
YHR169W,YLR107W,1,-3.0670433,0.19606685638427734,0.977450966835022,0.4096192419528961
YER133W,YJL063C,0,-3.0670469,0.19602830708026886,0.977450966835022,0.40971943736076355
YBL097W,YAL008W,0,-3.067604,0.19598977267742157,0.977450966835022,0.409819632768631
YDR016C,YLR066W,0,-3.068181,0.19595125317573547,0.977450966835022,0.4099198281764984
YJL116C,YLL028W,0,-3.0683777,0.19591274857521057,0.977450966835022,0.41002005338668823
YCR036W,YOR202W,0,-3.068421,0.19587425887584686,0.977450966835022,0.41012024879455566
YJR090C,YDL080C,0,-3.0686016,0.19583578407764435,0.977450966835022,0.4102204442024231
YOR363C,YDR108W,0,-3.0686514,0.19579732418060303,0.977450966835022,0.4103206396102905
YOR179C,YBL082C,0,-3.0687108,0.1957588791847229,0.977450966835022,0.41042083501815796
YEL059C-A,YDR506C,0,-3.0694194,0.19572044909000397,0.977450966835022,0.4105210304260254
YMR030W,YPL253C,0,-3.0695872,0.19568203389644623,0.977450966835022,0.4106212556362152
YLR071C,YML116W,0,-3.0701551,0.19564364850521088,0.977450966835022,0.41072145104408264
YGR076C,YPL079W,0,-3.0702415,0.19560526311397552,0.977450966835022,0.4108216464519501
YJR094W-A,YGL168W,0,-3.0703516,0.19556689262390137,0.977450966835022,0.4109218418598175
YPR120C,YOR229W,0,-3.0704112,0.1955285370349884,0.977450966835022,0.41102203726768494
YNL093W,YLR324W,0,-3.0704556,0.19549019634723663,0.977450966835022,0.41112223267555237
YPL028W,YLR424W,0,-3.0708714,0.19545187056064606,0.977450966835022,0.4112224578857422
YOL018C,YHR083W,0,-3.0708742,0.19541355967521667,0.977450966835022,0.4113226532936096
YPL013C,YLR119W,0,-3.0709722,0.1953752636909485,0.977450966835022,0.41142284870147705
YNR036C,YPR143W,0,-3.0709777,0.19533699750900269,0.977450966835022,0.4115230441093445
YGR006W,YLR388W,0,-3.0711787,0.19529873132705688,0.977450966835022,0.4116232395172119
YIR033W,YHR152W,0,-3.072428,0.19526048004627228,0.977450966835022,0.41172343492507935
YGR054W,YJL001W,0,-3.0724955,0.19522224366664886,0.977450966835022,0.41182366013526917
YGL087C,YMR223W,0,-3.0725048,0.19518402218818665,0.977450966835022,0.4119238555431366
YJL158C,YDR424C,0,-3.0726411,0.19514581561088562,0.977450966835022,0.41202405095100403
YDR342C,YGR138C,0,-3.0726862,0.19510763883590698,0.977450966835022,0.41212424635887146
YDL115C,YDR038C,0,-3.0727844,0.19506946206092834,0.977450966835022,0.4122244417667389
YPL048W,YJR126C,0,-3.072799,0.1950313001871109,0.977450966835022,0.4123246371746063
YOL064C,YER044C-A,0,-3.0728385,0.19499315321445465,0.977450966835022,0.41242486238479614
YPL006W,YER041W,0,-3.0735583,0.1949550211429596,0.977450966835022,0.4125250577926636
YMR063W,YDR523C,0,-3.073605,0.19491690397262573,0.977450966835022,0.412625253200531
YLR318W,YMR070W,0,-3.0736165,0.19487881660461426,0.977450966835022,0.41272544860839844
YOR384W,YNL245C,0,-3.0736537,0.19484072923660278,0.977450966835022,0.41282564401626587
YDR368W,YDR320C,0,-3.073764,0.1948026567697525,0.977450966835022,0.4129258394241333
YHR154W,YGR014W,0,-3.0738387,0.19476459920406342,0.977450966835022,0.4130260646343231
YDR438W,YOR207C,0,-3.0740697,0.19472655653953552,0.977450966835022,0.41312626004219055
YFL053W,YPR067W,0,-3.074679,0.19468854367733002,0.977450966835022,0.413226455450058
YGL144C,YFL005W,0,-3.0748045,0.1946505308151245,0.977450966835022,0.4133266508579254
YKR046C,YLR097C,0,-3.0748093,0.1946125328540802,0.977450966835022,0.41342684626579285
YOL147C,YJR093C,0,-3.075201,0.19457454979419708,0.977450966835022,0.4135270416736603
YPR005C,YIL044C,0,-3.0752187,0.19453658163547516,0.977450966835022,0.4136272668838501
YOL115W,YLR233C,0,-3.0754075,0.19449862837791443,0.977450966835022,0.41372746229171753
YDR400W,YBL082C,0,-3.0757241,0.1944607049226761,0.977450966835022,0.41382765769958496
YOL147C,YNL270C,0,-3.0757997,0.19442278146743774,0.977450966835022,0.4139278531074524
YHL009C,YDR224C,0,-3.0761142,0.1943848729133606,0.977450966835022,0.4140280485153198
YKR089C,YNL020C,0,-3.0767307,0.19434697926044464,0.977450966835022,0.41412824392318726
YOL059W,YML082W,0,-3.0768056,0.19430910050868988,0.977450966835022,0.4142284691333771
YHL031C,YIL038C,0,-3.077044,0.1942712366580963,0.977450966835022,0.4143286645412445
YML092C,YOR077W,0,-3.0781293,0.19423338770866394,0.977450966835022,0.41442885994911194
YBL093C,YOL006C,0,-3.0782814,0.19419555366039276,0.977450966835022,0.41452905535697937
YEL006W,YLR427W,0,-3.0784492,0.19415773451328278,0.977450966835022,0.4146292507648468
YKL188C,YKR022C,0,-3.0788546,0.19411993026733398,0.977450966835022,0.41472944617271423
YDR111C,YOL078W,0,-3.0790515,0.19408215582370758,0.977450966835022,0.41482967138290405
YOR115C,YPR007C,0,-3.0798433,0.19404438138008118,0.977450966835022,0.4149298667907715
YLR286C,YLR341W,0,-3.0799317,0.19400662183761597,0.977450966835022,0.4150300621986389
YHR170W,YOL095C,0,-3.0799775,0.19396887719631195,0.977450966835022,0.41513025760650635
YBR033W,YBL019W,0,-3.0800488,0.19393114745616913,0.977450966835022,0.4152304530143738
YIL106W,YER081W,0,-3.0803537,0.1938934326171875,0.977450966835022,0.4153306484222412
YKL040C,YBL014C,0,-3.0807815,0.19385573267936707,0.977450966835022,0.41543087363243103
YMR175W,YJL058C,0,-3.08081,0.19381804764270782,0.977450966835022,0.41553106904029846
YGL049C,YBR236C,0,-3.0813723,0.19378036260604858,0.977450966835022,0.4156312644481659
YJL158C,YBL055C,0,-3.081862,0.19374270737171173,0.977450966835022,0.4157314598560333
YER139C,YBR136W,0,-3.0820131,0.19370506703853607,0.977450966835022,0.41583165526390076
YNL312W,YKR075C,0,-3.0821002,0.1936674416065216,0.977450966835022,0.4159318506717682
YDL134C,YDR086C,0,-3.0821476,0.19362983107566833,0.977450966835022,0.416032075881958
YMR139W,YHL032C,0,-3.0821674,0.19359223544597626,0.977450966835022,0.41613227128982544
YHR122W,YDL006W,0,-3.0821857,0.19355465471744537,0.977450966835022,0.41623246669769287
YDR054C,YGR152C,0,-3.0822403,0.1935170739889145,0.977450966835022,0.4163326621055603
YGR145W,YER125W,1,-3.0825236,0.19367358088493347,0.9784313440322876,0.4163326621055603
YOR193W,YJR027W,0,-3.0826535,0.19363601505756378,0.9784313440322876,0.41643285751342773
YOL056W,YLR238W,0,-3.0829186,0.1935984492301941,0.9784313440322876,0.41653305292129517
YDR073W,YKR053C,0,-3.0829403,0.1935608983039856,0.9784313440322876,0.416633278131485
YML088W,YHR106W,0,-3.0831485,0.1935233622789383,0.9784313440322876,0.4167334735393524
YNL242W,YKR003W,0,-3.083338,0.19348584115505219,0.9784313440322876,0.41683366894721985
YNL030W,YPL148C,0,-3.083557,0.19344834983348846,0.9784313440322876,0.4169338643550873
YLR238W,YLR388W,0,-3.0836325,0.19341085851192474,0.9784313440322876,0.4170340597629547
YGR108W,YDR085C,0,-3.0836856,0.19337338209152222,0.9784313440322876,0.41713425517082214
YLR459W,YDL058W,0,-3.0837414,0.19333592057228088,0.9784313440322876,0.41723448038101196
YAL001C,YOL088C,0,-3.0837796,0.19329847395420074,0.9784313440322876,0.4173346757888794
YOL098C,YPL116W,0,-3.0839128,0.1932610422372818,0.9784313440322876,0.4174348711967468
YCR038C,YPR049C,0,-3.0839496,0.19322362542152405,0.9784313440322876,0.41753506660461426
YNL294C,YNR011C,0,-3.0842566,0.1931862235069275,0.9784313440322876,0.4176352620124817
YIL150C,YAL062W,0,-3.0843158,0.19314883649349213,0.9784313440322876,0.4177354574203491
YGL196W,YBL064C,0,-3.084346,0.19311144948005676,0.9784313440322876,0.41783568263053894
YJL138C,YNL306W,0,-3.0843568,0.1930740922689438,0.9784313440322876,0.41793587803840637
YLR442C,YLR212C,0,-3.0846677,0.193036749958992,0.9784313440322876,0.4180360734462738
YBR057C,YHL040C,0,-3.0851429,0.19299942255020142,0.9784313440322876,0.41813626885414124
YGL022W,YLR013W,0,-3.085279,0.19296211004257202,0.9784313440322876,0.41823646426200867
YOL100W,YOR017W,0,-3.0853217,0.19292479753494263,0.9784313440322876,0.4183366596698761
YDL025C,YPL225W,0,-3.0853548,0.19288751482963562,0.9784313440322876,0.4184368848800659
YLR382C,YHL047C,0,-3.085421,0.1928502470254898,0.9784313440322876,0.41853708028793335
YKL010C,YKR003W,0,-3.0854878,0.192812979221344,0.9784313440322876,0.4186372756958008
YDR212W,YDR313C,0,-3.085772,0.19277574121952057,0.9784313440322876,0.4187374711036682
YJL115W,YHR115C,0,-3.0859299,0.19273850321769714,0.9784313440322876,0.41883766651153564
YKR088C,YDR465C,0,-3.0859709,0.1927012950181961,0.9784313440322876,0.4189378619194031
YGR295C,YPR071W,0,-3.0861945,0.19266408681869507,0.9784313440322876,0.4190380871295929
YOL115W,YCR042C,0,-3.0866811,0.19262690842151642,0.9784313440322876,0.4191382825374603
YPR079W,YPL194W,0,-3.0868697,0.19258973002433777,0.9784313440322876,0.41923847794532776
YDL139C,YJL183W,0,-3.0868888,0.1925525814294815,0.9784313440322876,0.4193386733531952
YOR131C,YGL116W,0,-3.0869281,0.19251543283462524,0.9784313440322876,0.4194388687610626
YGR044C,YCL068C,0,-3.0871525,0.19247829914093018,0.9784313440322876,0.41953906416893005
YLR044C,YNL088W,0,-3.0873177,0.1924411952495575,0.9784313440322876,0.4196392893791199
YPR122W,YCL030C,0,-3.0874145,0.19240409135818481,0.9784313440322876,0.4197394847869873
YHL004W,YOR298C-A,0,-3.0874681,0.19236700236797333,0.9784313440322876,0.41983968019485474
YGR003W,YFL049W,0,-3.0875902,0.19232992827892303,0.9784313440322876,0.41993987560272217
YKL040C,YPR004C,0,-3.0877008,0.19229286909103394,0.9784313440322876,0.4200400710105896
YIL115C,YDL145C,0,-3.0878139,0.19225582480430603,0.9784313440322876,0.42014026641845703
YPL242C,YDL156W,0,-3.0881376,0.19221879541873932,0.9784313440322876,0.42024049162864685
YFL061W,YBR264C,0,-3.0882707,0.1921817809343338,0.9784313440322876,0.4203406870365143
YKR037C,YFL002W-A,0,-3.0886698,0.19214478135108948,0.9784313440322876,0.4204408824443817
YPL157W,YIR015W,0,-3.0889375,0.19210779666900635,0.9784313440322876,0.42054107785224915
YGR048W,YAL026C,0,-3.0889978,0.1920708268880844,0.9784313440322876,0.4206412732601166
YDR339C,YDR384C,0,-3.089067,0.19203387200832367,0.9784313440322876,0.420741468667984
YPL248C,YBR221C,0,-3.0891807,0.19199691712856293,0.9784313440322876,0.42084169387817383
YMR100W,YJR135C,0,-3.0895748,0.19195999205112457,0.9784313440322876,0.42094188928604126
YBR156C,YOR234C,0,-3.0896358,0.1919230818748474,0.9784313440322876,0.4210420846939087
YML076C,YLR372W,0,-3.0896492,0.19188617169857025,0.9784313440322876,0.4211422801017761
YGR058W,YFR014C,0,-3.089708,0.19184929132461548,0.9784313440322876,0.42124247550964355
YKL080W,YKR064W,0,-3.0898004,0.1918124109506607,0.9784313440322876,0.421342670917511
YKR079C,YPL115C,0,-3.089933,0.19177556037902832,0.9784313440322876,0.4214428961277008
YLL036C,YMR208W,0,-3.0900426,0.19173870980739594,0.9784313440322876,0.42154309153556824
YAL051W,YBR058C,0,-3.090502,0.19170188903808594,0.9784313440322876,0.42164328694343567
YNL014W,YGL023C,0,-3.0908546,0.19166506826877594,0.9784313440322876,0.4217434823513031
YLR310C,YDR134C,0,-3.0909255,0.19162826240062714,0.9784313440322876,0.42184367775917053
YGR033C,YMR047C,0,-3.0910277,0.19159147143363953,0.9784313440322876,0.42194387316703796
YGR041W,YOR141C,0,-3.0911748,0.1915546953678131,0.9784313440322876,0.4220440983772278
YBR089C-A,YMR074C,0,-3.09128,0.19151794910430908,0.9784313440322876,0.4221442937850952
YBR055C,YOR066W,0,-3.0914454,0.19148120284080505,0.9784313440322876,0.42224448919296265
YLR056W,YPL168W,0,-3.0915747,0.19144447147846222,0.9784313440322876,0.4223446846008301
YOR246C,YDR427W,0,-3.0917096,0.19140775501728058,0.9784313440322876,0.4224448800086975
YDL236W,YMR116C,0,-3.0920649,0.19137103855609894,0.9784313440322876,0.42254507541656494
YJR014W,YCR102C,0,-3.0925002,0.19133435189723969,0.9784313440322876,0.42264530062675476
YGL016W,YGR014W,0,-3.0925212,0.19129768013954163,0.9784313440322876,0.4227454960346222
YJR121W,YBR280C,0,-3.0925758,0.19126102328300476,0.9784313440322876,0.4228456914424896
YPL068C,YCR028C-A,0,-3.0926223,0.1912243664264679,0.9784313440322876,0.42294588685035706
YOR348C,YER106W,0,-3.0926557,0.19118773937225342,0.9784313440322876,0.4230460822582245
YBR193C,YDR280W,0,-3.092671,0.19115112721920013,0.9784313440322876,0.4231463074684143
YMR225C,YOR369C,0,-3.0930517,0.19111451506614685,0.9784313440322876,0.42324650287628174
YER109C,YOL039W,0,-3.0937233,0.19107791781425476,0.9784313440322876,0.42334669828414917
YIL056W,YDR019C,0,-3.0939088,0.19104135036468506,0.9784313440322876,0.4234468936920166
YPL053C,YJL072C,0,-3.0939827,0.19100478291511536,0.9784313440322876,0.42354708909988403
YPL055C,YKL134C,0,-3.0942667,0.19096823036670685,0.9784313440322876,0.42364728450775146
YHL016C,YDR104C,0,-3.0945117,0.19093170762062073,0.9784313440322876,0.4237475097179413
YIR034C,YDR397C,0,-3.0948992,0.1908951848745346,0.9784313440322876,0.4238477051258087
YBR126C,YFR044C,0,-3.0950146,0.19085867702960968,0.9784313440322876,0.42394790053367615
YBR272C,YGR241C,0,-3.0950646,0.19082218408584595,0.9784313440322876,0.4240480959415436
YOR009W,YHR188C,0,-3.0950897,0.1907857060432434,0.9784313440322876,0.424148291349411
YML008C,YDR041W,0,-3.0952694,0.19074924290180206,0.9784313440322876,0.42424848675727844
YOR375C,YPL183C,0,-3.0955906,0.19071277976036072,0.9784313440322876,0.42434871196746826
YMR105C,YBL099W,0,-3.095829,0.19067634642124176,0.9784313440322876,0.4244489073753357
YMR048W,YBL002W,0,-3.0960526,0.190639927983284,0.9784313440322876,0.4245491027832031
YOR149C,YPR022C,0,-3.0961995,0.19060350954532623,0.9784313440322876,0.42464929819107056
YGL160W,YIL155C,0,-3.0965738,0.19056712090969086,0.9784313440322876,0.424749493598938
YDR288W,YJR095W,0,-3.096716,0.19053073227405548,0.9784313440322876,0.4248496890068054
YOR130C,YBR169C,0,-3.096749,0.1904943734407425,0.9784313440322876,0.42494991421699524
YKL181W,YIL067C,0,-3.0968053,0.1904580146074295,0.9784313440322876,0.42505010962486267
YML125C,YGR289C,0,-3.096858,0.1904216706752777,0.9784313440322876,0.4251503050327301
YOL140W,YIL026C,0,-3.0975242,0.1903853565454483,0.9784313440322876,0.42525050044059753
YBL035C,YOL019W,0,-3.097838,0.1903490424156189,0.9784313440322876,0.42535069584846497
YDL127W,YMR098C,0,-3.0979438,0.19031274318695068,0.9784313440322876,0.4254508912563324
YOR348C,YPL156C,0,-3.0980053,0.19027645885944366,0.9784313440322876,0.4255511164665222
YBR024W,YNL126W,0,-3.0983043,0.19024018943309784,0.9784313440322876,0.42565131187438965
YHR138C,YDR402C,0,-3.0984054,0.19020392000675201,0.9784313440322876,0.4257515072822571
YHR005C,YIL126W,0,-3.098494,0.19016768038272858,0.9784313440322876,0.4258517026901245
YHR098C,YNR051C,0,-3.0987382,0.19013145565986633,0.9784313440322876,0.42595189809799194
YML095C,YAL007C,0,-3.0990796,0.1900952309370041,0.9784313440322876,0.4260520935058594
YDR242W,YKR049C,0,-3.099236,0.19005903601646423,0.9784313440322876,0.4261523187160492
YOR131C,YKL213C,0,-3.0992675,0.19002284109592438,0.9784313440322876,0.4262525141239166
YDR303C,YNL069C,0,-3.0995548,0.1899866759777069,0.9784313440322876,0.42635270953178406
YLR298C,YCL026C-A,0,-3.0995872,0.18995051085948944,0.9784313440322876,0.4264529049396515
YDL087C,YNL183C,0,-3.0996165,0.18991436064243317,0.9784313440322876,0.4265531003475189
YDL166C,YMR232W,0,-3.1002188,0.18987824022769928,0.9784313440322876,0.42665329575538635
YLR192C,YJL058C,0,-3.1002536,0.1898421198129654,0.9784313440322876,0.42675352096557617
YPR181C,YBR181C,0,-3.1004148,0.1898060142993927,0.9784313440322876,0.4268537163734436
YGL142C,YLR433C,0,-3.1011949,0.1897699236869812,0.9784313440322876,0.42695391178131104
YMR234W,YNL229C,0,-3.1013308,0.1897338330745697,0.9784313440322876,0.42705410718917847
YDR017C,YLL018C,0,-3.101354,0.1896977722644806,0.9784313440322876,0.4271543025970459
YPL056C,YNL146W,0,-3.1018047,0.18966172635555267,0.9784313440322876,0.42725449800491333
YLR032W,YOR346W,0,-3.1021943,0.18962569534778595,0.9784313440322876,0.42735472321510315
YER183C,YHR107C,0,-3.1024427,0.18958966434001923,0.9784313440322876,0.4274549186229706
YER179W,YIL041W,0,-3.1032019,0.1895536631345749,0.9784313440322876,0.427555114030838
YJL116C,YPL132W,0,-3.1032403,0.18951766192913055,0.9784313440322876,0.42765530943870544
YNL077W,YHR128W,0,-3.1032462,0.1894816756248474,0.9784313440322876,0.4277555048465729
YOR202W,YPR047W,0,-3.1032536,0.18944570422172546,0.9784313440322876,0.4278557002544403
YDL067C,YML057W,0,-3.1035843,0.1894097626209259,0.9784313440322876,0.4279559254646301
YPL020C,YML025C,0,-3.1038857,0.18937382102012634,0.9784313440322876,0.42805612087249756
YGR068C,YER129W,0,-3.1041021,0.18933787941932678,0.9784313440322876,0.428156316280365
YBR203W,YDR045C,0,-3.1043162,0.1893019676208496,0.9784313440322876,0.4282565116882324
YLL006W,YDR231C,0,-3.1044846,0.18926607072353363,0.9784313440322876,0.42835670709609985
YDR513W,YIL075C,0,-3.1044888,0.18923018872737885,0.9784313440322876,0.4284569025039673
YDL100C,YLR200W,0,-3.104901,0.18919430673122406,0.9784313440322876,0.4285571277141571
YLR324W,YDR490C,0,-3.1051173,0.18915845453739166,0.9784313440322876,0.42865732312202454
YNL250W,YHL033C,0,-3.1057625,0.18912260234355927,0.9784313440322876,0.42875751852989197
YOL091W,YBL101C,0,-3.105825,0.18908677995204926,0.9784313440322876,0.4288577139377594
YPL265W,YMR223W,0,-3.1060247,0.18905095756053925,0.9784313440322876,0.42895790934562683
YER056C,YFR050C,0,-3.1061141,0.18901515007019043,0.9784313440322876,0.42905810475349426
YOL030W,YPL132W,0,-3.1064029,0.1889793574810028,0.9784313440322876,0.4291583299636841
YPL256C,YGR289C,0,-3.1066828,0.18894357979297638,0.9784313440322876,0.4292585253715515
YEL058W,YGR138C,0,-3.1068437,0.18890781700611115,0.9784313440322876,0.42935872077941895
YML087C,YGL229C,0,-3.107011,0.1888720691204071,0.9784313440322876,0.4294589161872864
YNL244C,YDR503C,0,-3.1070552,0.18883633613586426,0.9784313440322876,0.4295591115951538
YDL114W,YLL016W,0,-3.1072772,0.1888006031513214,0.9784313440322876,0.42965930700302124
YLR097C,YBR167C,0,-3.1073525,0.18876489996910095,0.9784313440322876,0.42975953221321106
YBR302C,YCL055W,0,-3.1078339,0.1887291967868805,0.9784313440322876,0.4298597276210785
YJL137C,YMR234W,0,-3.1078494,0.18869350850582123,0.9784313440322876,0.4299599230289459
YBR036C,YGL250W,0,-3.1081457,0.18865785002708435,0.9784313440322876,0.43006011843681335
YBL023C,YKL048C,0,-3.1081953,0.18862219154834747,0.9784313440322876,0.4301603138446808
YDL149W,YDR214W,0,-3.1083455,0.1885865479707718,0.9784313440322876,0.4302605092525482
YKR089C,YBR205W,0,-3.1084166,0.1885509192943573,0.9784313440322876,0.43036073446273804
YDR425W,YGL049C,0,-3.1085258,0.188515305519104,0.9784313440322876,0.43046092987060547
YEL024W,YMR009W,0,-3.1085958,0.1884796917438507,0.9784313440322876,0.4305611252784729
YGL087C,YBL088C,0,-3.1087935,0.1884441077709198,0.9784313440322876,0.43066132068634033
YBR149W,YKL140W,0,-3.1088333,0.18840853869915009,0.9784313440322876,0.43076151609420776
YPL192C,YHR027C,0,-3.1088395,0.18837296962738037,0.9784313440322876,0.4308617115020752
YCL047C,YMR067C,0,-3.108903,0.18833741545677185,0.9784313440322876,0.430961936712265
YJL139C,YPR156C,0,-3.1089344,0.18830189108848572,0.9784313440322876,0.43106213212013245
YNL072W,YLR396C,0,-3.1091936,0.18826636672019958,0.9784313440322876,0.4311623275279999
YHR063C,YBR034C,0,-3.1092477,0.18823085725307465,0.9784313440322876,0.4312625229358673
YLR154C,YER093C,0,-3.10927,0.1881953626871109,0.9784313440322876,0.43136271834373474
YGR207C,YIL016W,0,-3.1092935,0.18815988302230835,0.9784313440322876,0.4314629137516022
YMR068W,YOL080C,0,-3.1093154,0.188124418258667,0.9784313440322876,0.431563138961792
YBR293W,YGR133W,0,-3.1095974,0.18808895349502563,0.9784313440322876,0.4316633343696594
YDR406W,YOR056C,0,-3.1099348,0.18805351853370667,0.9784313440322876,0.43176352977752686
YHL020C,YHR120W,0,-3.109993,0.1880180835723877,0.9784313440322876,0.4318637251853943
YKL208W,YJR022W,1,-3.1100469,0.18817102909088135,0.979411780834198,0.4318637251853943
YGR286C,YGR157W,0,-3.1110291,0.18813559412956238,0.979411780834198,0.4319639205932617
YOR326W,YMR231W,0,-3.1111398,0.1881001740694046,0.979411780834198,0.43206411600112915
YCL027W,YBR208C,0,-3.1111948,0.18806475400924683,0.979411780834198,0.43216434121131897
YJL096W,YFR055W,0,-3.111243,0.18802936375141144,0.979411780834198,0.4322645366191864
YDR331W,YPR070W,0,-3.1115475,0.18799397349357605,0.979411780834198,0.43236473202705383
YOR030W,YDR490C,0,-3.1115742,0.18795861303806305,0.979411780834198,0.43246492743492126
YCR054C,YER112W,0,-3.111631,0.18792325258255005,0.979411780834198,0.4325651228427887
YIR008C,YDR438W,0,-3.1117291,0.18788790702819824,0.979411780834198,0.43266531825065613
YGR048W,YPL176C,0,-3.111886,0.18785257637500763,0.979411780834198,0.43276554346084595
YBL045C,YIL082W-A,0,-3.1119938,0.1878172606229782,0.979411780834198,0.4328657388687134
YDR448W,YOR284W,0,-3.1122453,0.18778195977210999,0.979411780834198,0.4329659342765808
YHR142W,YDR217C,0,-3.1126392,0.18774665892124176,0.979411780834198,0.43306612968444824
YKL060C,YKL216W,0,-3.1127367,0.18771138787269592,0.979411780834198,0.4331663250923157
YNL158W,YLR424W,0,-3.112768,0.18767611682415009,0.979411780834198,0.4332665205001831
YGR041W,YPL043W,0,-3.112934,0.18764087557792664,0.979411780834198,0.4333667457103729
YLL067C,YJR042W,0,-3.1130507,0.18760563433170319,0.979411780834198,0.43346694111824036
YBR001C,YIL036W,0,-3.1130755,0.18757040798664093,0.979411780834198,0.4335671365261078
YLR147C,YJL129C,0,-3.1140943,0.18753519654273987,0.979411780834198,0.4336673319339752
YKL043W,YGL198W,0,-3.1142375,0.1875,0.979411780834198,0.43376752734184265
YOR344C,YOR095C,0,-3.1143703,0.18746481835842133,0.979411780834198,0.4338677227497101
YLR118C,YDR382W,0,-3.1148224,0.18742963671684265,0.979411780834198,0.4339679479598999
YLR355C,YER061C,0,-3.11484,0.18739448487758636,0.979411780834198,0.43406814336776733
YBR112C,YGR271C-A,0,-3.1148882,0.18735933303833008,0.979411780834198,0.43416833877563477
YMR316W,YER075C,0,-3.115134,0.18732421100139618,0.979411780834198,0.4342685341835022
YPL100W,YKL141W,0,-3.1152298,0.18728908896446228,0.979411780834198,0.43436872959136963
YDL132W,YBR253W,0,-3.1154058,0.18725398182868958,0.979411780834198,0.43446892499923706
YLR307W,YDR219C,0,-3.1154323,0.18721888959407806,0.979411780834198,0.4345691502094269
YOR026W,YBR102C,0,-3.1154356,0.18718381226062775,0.979411780834198,0.4346693456172943
YGR183C,YMR158W,0,-3.1157928,0.18714874982833862,0.979411780834198,0.43476954102516174
YBL013W,YLR332W,0,-3.1159873,0.1871136873960495,0.979411780834198,0.4348697364330292
YLR057W,YPL215W,0,-3.1165462,0.18707865476608276,0.979411780834198,0.4349699318408966
YFL039C,YLR216C,0,-3.1165528,0.18704362213611603,0.979411780834198,0.43507012724876404
YPL090C,YOR080W,0,-3.116588,0.18700860440731049,0.979411780834198,0.43517035245895386
YPL009C,YDL164C,0,-3.1166198,0.18697361648082733,0.979411780834198,0.4352705478668213
YKL073W,YCR003W,0,-3.1166592,0.18693862855434418,0.979411780834198,0.4353707432746887
YPL256C,YOR375C,0,-3.1168656,0.18690365552902222,0.979411780834198,0.43547093868255615
YDR180W,YLR158C,0,-3.117148,0.18686868250370026,0.979411780834198,0.4355711340904236
YNL029C,YHL047C,0,-3.117573,0.18683373928070068,0.979411780834198,0.435671329498291
YIL030C,YCR089W,0,-3.1175768,0.1867987960577011,0.979411780834198,0.43577155470848083
YDR170W-A,YGL226W,0,-3.1176379,0.18676388263702393,0.979411780834198,0.43587175011634827
YNL036W,YOR066W,0,-3.117852,0.18672896921634674,0.979411780834198,0.4359719455242157
YER058W,YMR059W,0,-3.1180992,0.18669407069683075,0.979411780834198,0.43607214093208313
YDR516C,YFL036W,0,-3.1186652,0.18665918707847595,0.979411780834198,0.43617233633995056
YPL173W,YKR075C,0,-3.1188803,0.18662431836128235,0.979411780834198,0.436272531747818
YKR093W,YLR170C,0,-3.11891,0.18658946454524994,0.979411780834198,0.4363727569580078
YPR120C,YKL033W,0,-3.1189709,0.18655462563037872,0.979411780834198,0.43647295236587524
YGR203W,YKL211C,0,-3.119142,0.1865197867155075,0.979411780834198,0.4365731477737427
YFL056C,YNL007C,0,-3.1193042,0.18648497760295868,0.979411780834198,0.4366733431816101
YLR061W,YOR264W,0,-3.1193416,0.18645016849040985,0.979411780834198,0.43677353858947754
YBL040C,YDL002C,0,-3.1194685,0.18641537427902222,0.979411780834198,0.43687373399734497
YOR337W,YPL133C,0,-3.1202075,0.18638059496879578,0.979411780834198,0.4369739592075348
YIL148W,YML059C,0,-3.1204085,0.18634583055973053,0.979411780834198,0.4370741546154022
YPL237W,YGR057C,0,-3.1204214,0.18631108105182648,0.979411780834198,0.43717435002326965
YDR341C,YDR186C,0,-3.1205735,0.18627633154392242,0.979411780834198,0.4372745454311371
YDR006C,YLR364W,0,-3.1210072,0.18624161183834076,0.979411780834198,0.4373747408390045
YGL005C,YER111C,0,-3.1210704,0.1862068921327591,0.979411780834198,0.43747493624687195
YML069W,YNL020C,0,-3.1210933,0.18617220222949982,0.979411780834198,0.43757516145706177
YDR170W-A,YMR045C,0,-3.1211948,0.18613751232624054,0.979411780834198,0.4376753568649292
YLR419W,YOR057W,0,-3.1213002,0.18610283732414246,0.979411780834198,0.43777555227279663
YHR105W,YCL035C,0,-3.1213188,0.18606816232204437,0.979411780834198,0.43787574768066406
YNL015W,YJL143W,0,-3.1215765,0.18603351712226868,0.979411780834198,0.4379759430885315
YAL023C,YOR094W,0,-3.1218905,0.18599888682365417,0.979411780834198,0.4380761384963989
YJL065C,YML054C,0,-3.1220522,0.18596425652503967,0.979411780834198,0.43817636370658875
YBR235W,YPR007C,0,-3.1220765,0.18592964112758636,0.979411780834198,0.4382765591144562
YBR103W,YPL006W,0,-3.1225684,0.18589505553245544,0.979411780834198,0.4383767545223236
YDR313C,YDR421W,0,-3.1225882,0.18586046993732452,0.979411780834198,0.43847694993019104
YML087C,YAL015C,0,-3.1227052,0.1858258992433548,0.979411780834198,0.43857714533805847
YPL095C,YML023C,0,-3.1227672,0.18579132854938507,0.979411780834198,0.4386773407459259
YJL091C,YKR085C,0,-3.1230876,0.18575678765773773,0.979411780834198,0.4387775659561157
YGR092W,YBR258C,0,-3.1232622,0.1857222467660904,0.979411780834198,0.43887776136398315
YJR153W,YBR131W,0,-3.1234372,0.18568773567676544,0.979411780834198,0.4389779567718506
YOL098C,YMR004W,0,-3.1238847,0.1856532245874405,0.979411780834198,0.439078152179718
YDR126W,YPL057C,0,-3.124031,0.18561872839927673,0.979411780834198,0.43917834758758545
YER026C,YOR032C,0,-3.1251602,0.18558424711227417,0.979411780834198,0.4392785429954529
YLR098C,YJR001W,0,-3.1252255,0.1855497807264328,0.979411780834198,0.4393787682056427
YDR331W,YML037C,0,-3.1252794,0.18551531434059143,0.979411780834198,0.43947896361351013
YGL167C,YPR104C,0,-3.1254277,0.18548087775707245,0.979411780834198,0.43957915902137756
YML069W,YGL058W,0,-3.1254797,0.18544644117355347,0.979411780834198,0.439679354429245
YIL053W,YGL243W,0,-3.1257415,0.18541201949119568,0.979411780834198,0.4397795498371124
YBR185C,YLR356W,0,-3.1260073,0.18537762761116028,0.979411780834198,0.43987974524497986
YER073W,YOR083W,0,-3.1260262,0.18534322082996368,0.979411780834198,0.4399799704551697
YIL078W,YLR424W,0,-3.126101,0.18530884385108948,0.979411780834198,0.4400801658630371
YPL193W,YOR057W,0,-3.126319,0.18527448177337646,0.979411780834198,0.44018036127090454
YGL106W,YBR003W,0,-3.1263254,0.18524011969566345,0.979411780834198,0.440280556678772
YPR058W,YNL145W,0,-3.1263268,0.18520578742027283,0.979411780834198,0.4403807520866394
YML048W,YDR069C,0,-3.12671,0.1851714551448822,0.979411780834198,0.44048094749450684
YIL075C,YCL001W,0,-3.1269467,0.18513713777065277,0.979411780834198,0.44058117270469666
YIL062C,YPR086W,0,-3.1269863,0.18510283529758453,0.979411780834198,0.4406813681125641
YJL204C,YJL154C,0,-3.1272097,0.1850685477256775,0.979411780834198,0.4407815635204315
YNL064C,YMR109W,0,-3.1276789,0.18503426015377045,0.979411780834198,0.44088175892829895
YJR145C,YCR071C,0,-3.1280022,0.1850000023841858,0.979411780834198,0.4409819543361664
YGR005C,YJR049C,0,-3.1280026,0.18496574461460114,0.979411780834198,0.4410821497440338
YHR001W-A,YHR185C,0,-3.1281905,0.18493150174617767,0.979411780834198,0.44118237495422363
YER056C-A,YPR019W,0,-3.1282039,0.1848972737789154,0.979411780834198,0.44128257036209106
YER148W,YOR190W,0,-3.1282697,0.18486306071281433,0.979411780834198,0.4413827657699585
YOR254C,YKR024C,0,-3.1282897,0.18482886254787445,0.979411780834198,0.4414829611778259
YNL214W,YPL202C,0,-3.128427,0.18479467928409576,0.979411780834198,0.44158315658569336
YDR105C,YMR314W,0,-3.128551,0.18476049602031708,0.979411780834198,0.4416833519935608
YML069W,YML121W,0,-3.1287112,0.18472632765769958,0.979411780834198,0.4417835772037506
YML130C,YPL211W,0,-3.1288445,0.1846921741962433,0.979411780834198,0.44188377261161804
YOR131C,YPL126W,0,-3.12917,0.18465803563594818,0.979411780834198,0.4419839680194855
YJL013C,YDR314C,0,-3.1292295,0.18462391197681427,0.979411780834198,0.4420841634273529
YNL218W,YEL004W,0,-3.130108,0.18458980321884155,0.979411780834198,0.44218435883522034
YPR058W,YHR037W,0,-3.1301122,0.18455569446086884,0.979411780834198,0.44228455424308777
YGL141W,YDL132W,0,-3.1301413,0.1845216155052185,0.979411780834198,0.4423847794532776
YBR160W,YNL097C,0,-3.1303968,0.18448753654956818,0.979411780834198,0.442484974861145
YLR372W,YKL222C,0,-3.1304693,0.18445347249507904,0.979411780834198,0.44258517026901245
YGL150C,YLR215C,0,-3.130709,0.1844194233417511,0.979411780834198,0.4426853656768799
YLR097C,YGL002W,0,-3.1317272,0.18438538908958435,0.979411780834198,0.4427855610847473
YER014W,YML115C,0,-3.132,0.1843513548374176,0.979411780834198,0.44288578629493713
YIR014W,YNL014W,0,-3.1330757,0.18431735038757324,0.979411780834198,0.44298598170280457
YMR154C,YBR084W,0,-3.133267,0.18428334593772888,0.979411780834198,0.443086177110672
YLR406C,YOR129C,0,-3.1334517,0.18424935638904572,0.979411780834198,0.44318637251853943
YGR104C,YBL051C,0,-3.1334634,0.18421538174152374,0.979411780834198,0.44328656792640686
YDL098C,YNL220W,0,-3.1337252,0.18418142199516296,0.979411780834198,0.4433867633342743
YGL090W,YBL024W,0,-3.1342854,0.18414746224880219,0.979411780834198,0.4434869885444641
YGR007W,YKL138C,0,-3.1344624,0.1841135323047638,0.979411780834198,0.44358718395233154
YIL051C,YDR234W,0,-3.134615,0.1840796023607254,0.979411780834198,0.443687379360199
YIL115C,YGR202C,0,-3.134717,0.1840456873178482,0.979411780834198,0.4437875747680664
YLR032W,YPL133C,0,-3.1353228,0.1840117871761322,0.979411780834198,0.44388777017593384
YBR216C,YJR096W,0,-3.1354516,0.1839779019355774,0.979411780834198,0.44398796558380127
YBL069W,YMR298W,0,-3.1358457,0.18394403159618378,0.979411780834198,0.4440881907939911
YJL099W,YOR028C,0,-3.135933,0.18391016125679016,0.979411780834198,0.4441883862018585
YIR008C,YOL126C,0,-3.1359491,0.18387630581855774,0.979411780834198,0.44428858160972595
YCR079W,YKR018C,0,-3.1361704,0.1838424801826477,0.979411780834198,0.4443887770175934
YJR054W,YKL132C,0,-3.136237,0.18380865454673767,0.979411780834198,0.4444889724254608
YLR176C,YJL165C,0,-3.1362572,0.18377482891082764,0.979411780834198,0.44458916783332825
YHR098C,YDR227W,0,-3.1363425,0.18374103307724,0.979411780834198,0.44468939304351807
YDL161W,YBR288C,0,-3.1367185,0.18370725214481354,0.979411780834198,0.4447895884513855
YFL022C,YNL233W,0,-3.1368444,0.18367347121238708,0.979411780834198,0.44488978385925293
YIR033W,YML074C,0,-3.1369047,0.18363970518112183,0.979411780834198,0.44498997926712036
YHR089C,YPL055C,0,-3.136992,0.18360595405101776,0.979411780834198,0.4450901746749878
YOL051W,YNL317W,0,-3.1370232,0.1835722178220749,0.979411780834198,0.4451903700828552
YOR319W,YNL322C,0,-3.1370342,0.1835384964942932,0.979411780834198,0.44529059529304504
YGR120C,YHR026W,0,-3.1372368,0.18350477516651154,0.979411780834198,0.4453907907009125
YMR153W,YBR200W,0,-3.1375341,0.18347106873989105,0.979411780834198,0.4454909861087799
YDL243C,YPL270W,0,-3.1375868,0.18343739211559296,0.979411780834198,0.44559118151664734
YBR180W,YOR094W,0,-3.1377437,0.18340371549129486,0.979411780834198,0.44569137692451477
YLR435W,YDR186C,0,-3.1377854,0.18337003886699677,0.979411780834198,0.4457915723323822
YJL133W,YDR438W,0,-3.1379123,0.18333639204502106,0.979411780834198,0.445891797542572
YGR124W,YGL127C,0,-3.1379173,0.18330274522304535,0.979411780834198,0.44599199295043945
YMR247C,YLR126C,0,-3.137933,0.18326912820339203,0.979411780834198,0.4460921883583069
YLL031C,YNR033W,0,-3.1380446,0.1832355111837387,0.979411780834198,0.4461923837661743
YJR120W,YOR361C,0,-3.1382504,0.18320190906524658,0.979411780834198,0.44629257917404175
YHR086W,YOR330C,0,-3.1384275,0.18316832184791565,0.979411780834198,0.4463927745819092
YMR290C,YER125W,1,-3.1385374,0.18331806361675262,0.9803921580314636,0.4463927745819092
YKL176C,YKL195W,0,-3.1388948,0.1832844614982605,0.9803921580314636,0.446492999792099
YKL065C,YJL108C,0,-3.1389806,0.18325087428092957,0.9803921580314636,0.44659319519996643
YKR088C,YKR078W,0,-3.1389847,0.18321730196475983,0.9803921580314636,0.44669339060783386
YOR306C,YJL145W,0,-3.1390493,0.1831837296485901,0.9803921580314636,0.4467935860157013
YFR025C,YCL048W,0,-3.139126,0.18315018713474274,0.9803921580314636,0.4468937814235687
YHL008C,YKR022C,0,-3.1392279,0.18311664462089539,0.9803921580314636,0.44699397683143616
YDR406W,YMR195W,0,-3.1394067,0.18308311700820923,0.9803921580314636,0.447094202041626
YIR019C,YLR403W,0,-3.1399117,0.18304960429668427,0.9803921580314636,0.4471943974494934
YCL063W,YGR061C,0,-3.1400318,0.1830161064863205,0.9803921580314636,0.44729459285736084
YOL109W,YML085C,0,-3.140195,0.18298262357711792,0.9803921580314636,0.44739478826522827
YPR023C,YJL125C,0,-3.140298,0.18294914066791534,0.9803921580314636,0.4474949836730957
YGR241C,YMR293C,0,-3.1403065,0.18291567265987396,0.9803921580314636,0.44759517908096313
YKL140W,YHR108W,0,-3.1404707,0.18288221955299377,0.9803921580314636,0.44769540429115295
YGR003W,YBL018C,0,-3.1404777,0.18284878134727478,0.9803921580314636,0.4477955996990204
YNR059W,YMR037C,0,-3.1406913,0.18281535804271698,0.9803921580314636,0.4478957951068878
YNL162W,YOL019W,0,-3.1409736,0.18278193473815918,0.9803921580314636,0.44799599051475525
YKR007W,YLR035C,0,-3.1415014,0.18274854123592377,0.9803921580314636,0.4480961859226227
YER033C,YER056C,0,-3.1419616,0.18271514773368835,0.9803921580314636,0.4481963813304901
YNR069C,YGR091W,0,-3.1421514,0.18268176913261414,0.9803921580314636,0.44829660654067993
YER142C,YDR098C,0,-3.142644,0.1826484054327011,0.9803921580314636,0.44839680194854736
YHR092C,YDR495C,0,-3.1432133,0.18261504173278809,0.9803921580314636,0.4484969973564148
YGL179C,YHR187W,0,-3.1433358,0.18258170783519745,0.9803921580314636,0.4485971927642822
YNR016C,YGR154C,0,-3.1434827,0.1825483739376068,0.9803921580314636,0.44869738817214966
YDR206W,YLR453C,0,-3.1440916,0.18251505494117737,0.9803921580314636,0.4487975835800171
YPR009W,YGL070C,0,-3.1448395,0.18248175084590912,0.9803921580314636,0.4488978087902069
YPL214C,YLR144C,0,-3.1449628,0.18244846165180206,0.9803921580314636,0.44899800419807434
YKL195W,YMR234W,0,-3.1450458,0.182415172457695,0.9803921580314636,0.4490981996059418
YLR022C,YOR208W,0,-3.1450639,0.18238191306591034,0.9803921580314636,0.4491983950138092
YPL159C,YDL165W,0,-3.145122,0.18234865367412567,0.9803921580314636,0.44929859042167664
YJL115W,YGL243W,0,-3.1451745,0.1823154091835022,0.9803921580314636,0.44939878582954407
YDR523C,YER039C,0,-3.1453028,0.18228217959403992,0.9803921580314636,0.4494990110397339
YDR318W,YDR186C,0,-3.145439,0.18224895000457764,0.9803921580314636,0.4495992064476013
YIL044C,YGR271C-A,0,-3.145842,0.18221575021743774,0.9803921580314636,0.44969940185546875
YDL100C,YDR190C,0,-3.1463773,0.18218255043029785,0.9803921580314636,0.4497995972633362
YMR177W,YER089C,0,-3.1465418,0.18214936554431915,0.9803921580314636,0.4498997926712036
YKR060W,YMR134W,0,-3.1466699,0.18211619555950165,0.9803921580314636,0.44999998807907104
YGR124W,YPL095C,0,-3.1468053,0.18208302557468414,0.9803921580314636,0.45010021328926086
YJL065C,YDR516C,0,-3.14705,0.18204988539218903,0.9803921580314636,0.4502004086971283
YGR060W,YIL123W,0,-3.147113,0.1820167452096939,0.9803921580314636,0.4503006041049957
YOR389W,YML011C,0,-3.1472697,0.18198361992835999,0.9803921580314636,0.45040079951286316
YER144C,YPR183W,0,-3.1480117,0.18195050954818726,0.9803921580314636,0.4505009949207306
YPL174C,YIL093C,0,-3.1480136,0.18191741406917572,0.9803921580314636,0.450601190328598
YIL084C,YNL327W,0,-3.1482139,0.18188431859016418,0.9803921580314636,0.45070141553878784
YDR438W,YOR151C,0,-3.148489,0.18185125291347504,0.9803921580314636,0.4508016109466553
YOL029C,YPR066W,0,-3.1485863,0.1818181872367859,0.9803921580314636,0.4509018063545227
YIL125W,YCR089W,0,-3.1489296,0.18178513646125793,0.9803921580314636,0.45100200176239014
YLR166C,YHR063C,0,-3.1489909,0.18175208568572998,0.9803921580314636,0.45110219717025757
YDR291W,YMR048W,0,-3.1498158,0.18171906471252441,0.9803921580314636,0.451202392578125
YJL069C,YIL117C,0,-3.1503224,0.18168604373931885,0.9803921580314636,0.4513026177883148
YBR186W,YOR130C,0,-3.1504183,0.18165303766727448,0.9803921580314636,0.45140281319618225
YMR083W,YPL012W,0,-3.150795,0.1816200464963913,0.9803921580314636,0.4515030086040497
YCL067C,YDR276C,0,-3.1508307,0.1815870702266693,0.9803921580314636,0.4516032040119171
YER155C,YML066C,0,-3.1509993,0.18155410885810852,0.9803921580314636,0.45170339941978455
YJL186W,YJR013W,0,-3.1510587,0.18152114748954773,0.9803921580314636,0.451803594827652
YOR158W,YML041C,0,-3.1513462,0.18148820102214813,0.9803921580314636,0.4519038200378418
YJL179W,YCR083W,0,-3.1514163,0.18145526945590973,0.9803921580314636,0.45200401544570923
YDR129C,YPL177C,0,-3.151771,0.18142235279083252,0.9803921580314636,0.45210421085357666
YLR135W,YNL233W,0,-3.1518657,0.1813894361257553,0.9803921580314636,0.4522044062614441
YGR261C,YAL068C,0,-3.1519356,0.1813565492630005,0.9803921580314636,0.4523046016693115
YLR304C,YLR118C,0,-3.1520057,0.18132366240024567,0.9803921580314636,0.45240479707717896
YJL090C,YGL249W,0,-3.152762,0.18129079043865204,0.9803921580314636,0.4525050222873688
YJL186W,YDL004W,0,-3.1528685,0.1812579333782196,0.9803921580314636,0.4526052176952362
YLR246W,YOR177C,0,-3.1528916,0.18122507631778717,0.9803921580314636,0.45270541310310364
YLR071C,YDL178W,0,-3.1530125,0.18119224905967712,0.9803921580314636,0.45280560851097107
YDR397C,YLR319C,0,-3.153016,0.18115942180156708,0.9803921580314636,0.4529058039188385
YMR232W,YLR423C,0,-3.1532845,0.18112660944461823,0.9803921580314636,0.45300599932670593
YEL044W,YJL167W,0,-3.1534564,0.18109381198883057,0.9803921580314636,0.45310622453689575
YNL270C,YHR096C,0,-3.1538458,0.1810610145330429,0.9803921580314636,0.4532064199447632
YJL138C,YDR135C,0,-3.1538548,0.18102824687957764,0.9803921580314636,0.4533066153526306
YML037C,YGL121C,0,-3.1539094,0.18099547922611237,0.9803921580314636,0.45340681076049805
YDR394W,YML060W,0,-3.153945,0.1809627264738083,0.9803921580314636,0.4535070061683655
YLR002C,YGL001C,0,-3.153973,0.1809299737215042,0.9803921580314636,0.4536072015762329
YFL055W,YLL010C,0,-3.1540709,0.18089725077152252,0.9803921580314636,0.45370742678642273
YBL069W,YPL281C,0,-3.1541119,0.18086452782154083,0.9803921580314636,0.45380762219429016
YKL008C,YMR242C,0,-3.154251,0.18083181977272034,0.9803921580314636,0.4539078176021576
YMR122W-A,YHR146W,0,-3.1542792,0.18079912662506104,0.9803921580314636,0.454008013010025
YCL057C-A,YBR189W,0,-3.1544616,0.18076644837856293,0.9803921580314636,0.45410820841789246
YPL214C,YGL240W,0,-3.1545243,0.180733785033226,0.9803921580314636,0.4542084038257599
YDL174C,YGL128C,0,-3.1545615,0.1807011216878891,0.9803921580314636,0.4543086290359497
YGL086W,YIL126W,0,-3.1545632,0.18066847324371338,0.9803921580314636,0.45440882444381714
YJL091C,YOR133W,0,-3.1549048,0.18063583970069885,0.9803921580314636,0.45450901985168457
YMR110C,YLR247C,0,-3.1551678,0.18060322105884552,0.9803921580314636,0.454609215259552
YDL192W,YDR108W,0,-3.1553602,0.1805706024169922,0.9803921580314636,0.45470941066741943
YBR301W,YIL014W,0,-3.155378,0.18053799867630005,0.9803921580314636,0.45480960607528687
YDR315C,YBL040C,0,-3.1555686,0.1805054098367691,0.9803921580314636,0.4549098312854767
YMR297W,YPR020W,0,-3.1557617,0.18047283589839935,0.9803921580314636,0.4550100266933441
YPL066W,YMR303C,0,-3.15577,0.1804402768611908,0.9803921580314636,0.45511022210121155
YCL026C-A,YJR121W,0,-3.1559048,0.18040771782398224,0.9803921580314636,0.455210417509079
YIL068C,YNL065W,0,-3.1559129,0.18037517368793488,0.9803921580314636,0.4553106129169464
YCL064C,YGR279C,0,-3.15595,0.1803426444530487,0.9803921580314636,0.45541080832481384
YKL127W,YDR166C,0,-3.1559606,0.18031013011932373,0.9803921580314636,0.45551103353500366
YCL033C,YNR056C,0,-3.1560228,0.18027763068675995,0.9803921580314636,0.4556112289428711
YNR027W,YJL046W,0,-3.156539,0.18024513125419617,0.9803921580314636,0.4557114243507385
YDR501W,YAL009W,0,-3.1565917,0.18021264672279358,0.9803921580314636,0.45581161975860596
YDR283C,YGR047C,0,-3.156635,0.18018017709255219,0.9803921580314636,0.4559118151664734
YPR055W,YBR217W,0,-3.1567392,0.18014772236347198,0.9803921580314636,0.4560120105743408
YML029W,YLR178C,0,-3.1573405,0.18011526763439178,0.9803921580314636,0.45611223578453064
YOR026W,YOL113W,0,-3.15739,0.18008284270763397,0.9803921580314636,0.45621243119239807
YLR154C,YMR274C,0,-3.1574094,0.18005041778087616,0.9803921580314636,0.4563126266002655
YGR156W,YNL046W,0,-3.1574788,0.18001800775527954,0.9803921580314636,0.45641282200813293
YDR435C,YER018C,0,-3.1577682,0.17998559772968292,0.9803921580314636,0.45651301741600037
YIL053W,YDL093W,0,-3.1578386,0.1799532175064087,0.9803921580314636,0.4566132128238678
YML081C-A,YOR141C,0,-3.157909,0.17992083728313446,0.9803921580314636,0.4567134380340576
YJR131W,YGL134W,0,-3.1580977,0.17988847196102142,0.9803921580314636,0.45681363344192505
YKR081C,YOL152W,0,-3.158105,0.17985612154006958,0.9803921580314636,0.4569138288497925
YDR039C,YNL268W,0,-3.1582227,0.17982377111911774,0.9803921580314636,0.4570140242576599
YNL152W,YCR102C,0,-3.158272,0.1797914355993271,0.9803921580314636,0.45711421966552734
YBL040C,YDR007W,0,-3.15839,0.17975912988185883,0.9803921580314636,0.4572144150733948
YGR080W,YHL025W,0,-3.1587453,0.17972680926322937,0.9803921580314636,0.4573146402835846
YPR107C,YKR061W,0,-3.1587906,0.1796945184469223,0.9803921580314636,0.457414835691452
YDR288W,YJL173C,0,-3.158955,0.17966222763061523,0.9803921580314636,0.45751503109931946
YPR009W,YML081C-A,0,-3.1589994,0.17962996661663055,0.9803921580314636,0.4576152265071869
YER025W,YPL283C,0,-3.159224,0.17959770560264587,0.9803921580314636,0.4577154219150543
YML062C,YCL010C,0,-3.1593764,0.1795654445886612,0.9803921580314636,0.45781561732292175
YIL039W,YNL220W,0,-3.1598568,0.1795332133769989,0.9803921580314636,0.4579158425331116
YJL020C,YHR073W,0,-3.1599157,0.1795009821653366,0.9803921580314636,0.458016037940979
YPL144W,YOR332W,0,-3.1599615,0.1794687658548355,0.9803921580314636,0.45811623334884644
YGL086W,YBR295W,0,-3.160026,0.1794365644454956,0.9803921580314636,0.45821642875671387
YGR183C,YBR136W,0,-3.1605737,0.1794043779373169,0.9803921580314636,0.4583166241645813
YLR154C,YGR040W,0,-3.1605842,0.17937219142913818,0.9803921580314636,0.45841681957244873
YPL154C,YJR158W,0,-3.1605914,0.17934003472328186,0.9803921580314636,0.45851704478263855
YBR114W,YJL210W,0,-3.160644,0.17930787801742554,0.9803921580314636,0.458617240190506
YPL232W,YNL054W,0,-3.160667,0.1792757213115692,0.9803921580314636,0.4587174355983734
YHR096C,YAL014C,0,-3.16087,0.17924359440803528,0.9803921580314636,0.45881763100624084
YGL211W,YMR298W,0,-3.1612039,0.17921146750450134,0.9803921580314636,0.4589178264141083
YBL014C,YJR049C,0,-3.1614137,0.1791793555021286,0.9803921580314636,0.4590180218219757
YPL033C,YCR033W,0,-3.1615853,0.17914725840091705,0.9803921580314636,0.4591182470321655
YKR038C,YGR157W,0,-3.1617997,0.1791151762008667,0.9803921580314636,0.45921844244003296
YDR487C,YLR075W,0,-3.161889,0.17908309400081635,0.9803921580314636,0.4593186378479004
YOR201C,YJR050W,0,-3.1623821,0.17905102670192719,0.9803921580314636,0.4594188332557678
YMR163C,YHR110W,0,-3.162476,0.17901897430419922,0.9803921580314636,0.45951902866363525
YDR075W,YKR014C,0,-3.1625113,0.17898693680763245,0.9803921580314636,0.4596192240715027
YBR162W-A,YJL139C,0,-3.1626754,0.17895489931106567,0.9803921580314636,0.4597194492816925
YML067C,YDR316W,0,-3.162737,0.1789228916168213,0.9803921580314636,0.45981964468955994
YMR056C,YJR067C,0,-3.1630554,0.1788908839225769,0.9803921580314636,0.45991984009742737
YHR160C,YKL026C,0,-3.1630883,0.17885887622833252,0.9803921580314636,0.4600200355052948
YDR219C,YNR040W,0,-3.1638503,0.17882689833641052,0.9803921580314636,0.46012023091316223
YGR008C,YDL178W,0,-3.1641815,0.17879492044448853,0.9803921580314636,0.46022042632102966
YML130C,YGL229C,0,-3.1642709,0.17876295745372772,0.9803921580314636,0.4603206515312195
YOR255W,YDL085W,0,-3.1642976,0.1787310093641281,0.9803921580314636,0.4604208469390869
YDR477W,YML098W,0,-3.164402,0.1786990761756897,0.9803921580314636,0.46052104234695435
YKR065C,YBR291C,0,-3.1646857,0.17866714298725128,0.9803921580314636,0.4606212377548218
YMR220W,YPR098C,0,-3.1648269,0.17863522469997406,0.9803921580314636,0.4607214331626892
YDL161W,YOR007C,0,-3.1648407,0.17860332131385803,0.9803921580314636,0.46082162857055664
YGR208W,YBR070C,0,-3.1648788,0.1785714328289032,0.9803921580314636,0.46092185378074646
YLR067C,YBR105C,0,-3.1651049,0.17853954434394836,0.9803921580314636,0.4610220491886139
YER070W,YLR384C,0,-3.165273,0.17850767076015472,0.9803921580314636,0.4611222445964813
YDR246W,YCR102C,0,-3.165822,0.17847581207752228,0.9803921580314636,0.46122244000434875
YBR208C,YIR019C,0,-3.1660728,0.17844396829605103,0.9803921580314636,0.4613226354122162
YNL312W,YIL171W,0,-3.166081,0.17841213941574097,0.9803921580314636,0.4614228308200836
YML015C,YOR073W,0,-3.1661813,0.1783803105354309,0.9803921580314636,0.46152305603027344
YLR239C,YJR065C,0,-3.1665764,0.17834849655628204,0.9803921580314636,0.46162325143814087
YJR059W,YAL053W,0,-3.1666646,0.17831669747829437,0.9803921580314636,0.4617234468460083
YOR060C,YBL060W,0,-3.1667008,0.1782848984003067,0.9803921580314636,0.46182364225387573
YDR448W,YOR371C,0,-3.1668482,0.17825311422348022,0.9803921580314636,0.46192383766174316
YPR079W,YDR122W,0,-3.1668499,0.17822134494781494,0.9803921580314636,0.462024062871933
YNR008W,YJL065C,0,-3.167418,0.17818959057331085,0.9803921580314636,0.4621242582798004
YMR164C,YLR200W,0,-3.1674352,0.17815785109996796,0.9803921580314636,0.46222445368766785
YDR292C,YBR058C,0,-3.1675196,0.17812611162662506,0.9803921580314636,0.4623246490955353
YLR099C,YPL008W,0,-3.167585,0.17809438705444336,0.9803921580314636,0.4624248445034027
YPL105C,YBL006C,0,-3.167738,0.17806267738342285,0.9803921580314636,0.46252503991127014
YMR166C,YOL139C,0,-3.1677403,0.17803098261356354,0.9803921580314636,0.46262526512145996
YKL084W,YDR169C,0,-3.167911,0.17799928784370422,0.9803921580314636,0.4627254605293274
YER073W,YLR361C,0,-3.1680603,0.1779676079750061,0.9803921580314636,0.4628256559371948
YMR264W,YHR136C,0,-3.1681147,0.17793594300746918,0.9803921580314636,0.46292585134506226
YDR036C,YLR315W,0,-3.1684685,0.17790429294109344,0.9803921580314636,0.4630260467529297
YGR263C,YDL155W,0,-3.168508,0.1778726428747177,0.9803921580314636,0.4631262421607971
YKL052C,YDR299W,0,-3.1686215,0.17784100770950317,0.9803921580314636,0.46322646737098694
YGR037C,YLR051C,0,-3.1686249,0.17780938744544983,0.9803921580314636,0.46332666277885437
YLR369W,YDR190C,0,-3.168929,0.17777778208255768,0.9803921580314636,0.4634268581867218
YLR381W,YLR337C,0,-3.169095,0.17774617671966553,0.9803921580314636,0.46352705359458923
YKR025W,YBL016W,0,-3.1694818,0.17771458625793457,0.9803921580314636,0.46362724900245667
YBL074C,YKL176C,0,-3.1697178,0.1776830106973648,0.9803921580314636,0.4637274444103241
YML013W,YML069W,0,-3.1697197,0.17765145003795624,0.9803921580314636,0.4638276696205139
YLL018C-A,YEL001C,0,-3.1697967,0.17761988937854767,0.9803921580314636,0.46392786502838135
YNL265C,YHR214W,0,-3.1701152,0.1775883436203003,0.9803921580314636,0.4640280604362488
YKL054C,YBR133C,0,-3.1703434,0.1775568127632141,0.9803921580314636,0.4641282558441162
YGR227W,YFL022C,0,-3.170385,0.17752529680728912,0.9803921580314636,0.46422845125198364
YDL236W,YDR037W,0,-3.1706884,0.17749378085136414,0.9803921580314636,0.4643286466598511
YER133W,YBR041W,0,-3.1706944,0.17746229469776154,0.9803921580314636,0.4644288718700409
YPR108W,YER030W,0,-3.171064,0.17743080854415894,0.9803921580314636,0.4645290672779083
YAR003W,YIR022W,0,-3.1713252,0.17739932239055634,0.9803921580314636,0.46462926268577576
YOR076C,YIL030C,0,-3.1714187,0.17736786603927612,0.9803921580314636,0.4647294580936432
YLR266C,YFR049W,0,-3.1715367,0.1773364096879959,0.9803921580314636,0.4648296535015106
YPL231W,YKL143W,0,-3.1717253,0.1773049682378769,0.9803921580314636,0.46492984890937805
YER166W,YBR133C,0,-3.1717415,0.17727352678775787,0.9803921580314636,0.46503007411956787
YOR259C,YMR023C,0,-3.1717463,0.17724211513996124,0.9803921580314636,0.4651302695274353
YJL063C,YHR152W,0,-3.1721861,0.1772107034921646,0.9803921580314636,0.46523046493530273
YBR215W,YDR257C,0,-3.172498,0.17717930674552917,0.9803921580314636,0.46533066034317017
YCL027W,YDL143W,0,-3.1726182,0.17714792490005493,0.9803921580314636,0.4654308557510376
YIL118W,YAR042W,0,-3.1727192,0.1771165430545807,0.9803921580314636,0.46553105115890503
YER159C,YNL086W,0,-3.1727283,0.17708517611026764,0.9803921580314636,0.46563127636909485
YGL049C,YDR359C,0,-3.1727796,0.17705382406711578,0.9803921580314636,0.4657314717769623
YDL033C,YOR118W,0,-3.1728883,0.17702248692512512,0.9803921580314636,0.4658316671848297
YOR043W,YJL158C,0,-3.1731863,0.17699114978313446,0.9803921580314636,0.46593186259269714
YCR063W,YLR035C,0,-3.173195,0.176959827542305,0.9803921580314636,0.4660320580005646
YBL074C,YGR058W,0,-3.173246,0.17692852020263672,0.9803921580314636,0.466132253408432
YHR183W,YJR042W,0,-3.1734428,0.17689722776412964,0.9803921580314636,0.4662324786186218
YNL029C,YKL040C,0,-3.173469,0.17686593532562256,0.9803921580314636,0.46633267402648926
YBR283C,YMR256C,0,-3.1735663,0.17683465778827667,0.9803921580314636,0.4664328694343567
YNR052C,YLR362W,0,-3.173739,0.17680339515209198,0.9803921580314636,0.4665330648422241
YDL081C,YDL164C,0,-3.1737862,0.17677214741706848,0.9803921580314636,0.46663326025009155
YOL001W,YBR293W,0,-3.173943,0.17674089968204498,0.9803921580314636,0.466733455657959
YKL127W,YLR449W,0,-3.174671,0.17670966684818268,0.9803921580314636,0.4668336808681488
YPL143W,YMR190C,0,-3.1747026,0.17667844891548157,0.9803921580314636,0.46693387627601624
YDR294C,YKL140W,0,-3.1753078,0.17664723098278046,0.9803921580314636,0.46703407168388367
YBR154C,YKL127W,0,-3.1755757,0.17661604285240173,0.9803921580314636,0.4671342670917511
YML025C,YGR006W,0,-3.1755867,0.176584854722023,0.9803921580314636,0.46723446249961853
YHR013C,YDL102W,0,-3.1756911,0.1765536665916443,0.9803921580314636,0.46733465790748596
YMR127C,YML114C,0,-3.1757216,0.17652250826358795,0.9803921580314636,0.4674348831176758
YDR478W,YMR286W,0,-3.176035,0.17649134993553162,0.9803921580314636,0.4675350785255432
YDL058W,YLL016W,0,-3.1764312,0.17646020650863647,0.9803921580314636,0.46763527393341064
YDR168W,YCL017C,0,-3.1765766,0.17642907798290253,0.9803921580314636,0.4677354693412781
YDR120C,YLR128W,0,-3.1766849,0.17639794945716858,0.9803921580314636,0.4678356647491455
YPR161C,YFL025C,0,-3.1772442,0.17636683583259583,0.9803921580314636,0.46793586015701294
YKR090W,YNL185C,0,-3.1772876,0.17633573710918427,0.9803921580314636,0.46803608536720276
YGL087C,YMR056C,0,-3.1775255,0.1763046532869339,0.9803921580314636,0.4681362807750702
YIL111W,YLL009C,0,-3.1781368,0.17627356946468353,0.9803921580314636,0.4682364761829376
YJL212C,YGR163W,0,-3.17834,0.17624251544475555,0.9803921580314636,0.46833667159080505
YLR147C,YNL142W,0,-3.1784582,0.17621144652366638,0.9803921580314636,0.4684368669986725
YHR203C,YHR116W,0,-3.1791553,0.1761804074048996,0.9803921580314636,0.4685370624065399
YMR068W,YIL118W,0,-3.1795835,0.1761493682861328,0.9803921580314636,0.46863728761672974
YMR256C,YFR006W,0,-3.179942,0.17611835896968842,0.9803921580314636,0.46873748302459717
YMR076C,YPL265W,0,-3.1801605,0.17608733475208282,0.9803921580314636,0.4688376784324646
YHL018W,YDL165W,0,-3.1802979,0.17605634033679962,0.9803921580314636,0.46893787384033203
YGL224C,YOL005C,0,-3.1803908,0.17602534592151642,0.9803921580314636,0.46903806924819946
YLR037C,YPR007C,0,-3.1804962,0.1759943664073944,0.9803921580314636,0.4691382646560669
YJL051W,YJL054W,0,-3.1806617,0.1759634017944336,0.9803921580314636,0.4692384898662567
YAR071W,YHR080C,0,-3.1806703,0.17593243718147278,0.9803921580314636,0.46933868527412415
YPR023C,YJR067C,0,-3.1807377,0.17590150237083435,0.9803921580314636,0.4694388806819916
YIR007W,YHR116W,0,-3.1807938,0.17587055265903473,0.9803921580314636,0.469539076089859
YJR110W,YOR330C,0,-3.181586,0.1758396327495575,0.9803921580314636,0.46963927149772644
YBL040C,YBR237W,0,-3.1817045,0.17580871284008026,0.9803921580314636,0.46973946690559387
YLR361C,YDR160W,0,-3.1819434,0.17577782273292542,0.9803921580314636,0.4698396921157837
YGR262C,YDL129W,0,-3.1821089,0.17574691772460938,0.9803921580314636,0.4699398875236511
YOR278W,YOR236W,0,-3.1824508,0.17571604251861572,0.9803921580314636,0.47004008293151855
YFR050C,YOR066W,0,-3.1826305,0.17568516731262207,0.9803921580314636,0.470140278339386
YGR253C,YBR079C,0,-3.1826992,0.1756543070077896,0.9803921580314636,0.4702404737472534
YLR214W,YOR381W,0,-3.182909,0.17562346160411835,0.9803921580314636,0.47034066915512085
YLR308W,YDR443C,0,-3.1832387,0.17559263110160828,0.9803921580314636,0.47044089436531067
YOR380W,YLR003C,0,-3.1836436,0.1755618005990982,0.9803921580314636,0.4705410897731781
YIL007C,YDL123W,0,-3.1838574,0.17553098499774933,0.9803921580314636,0.47064128518104553
YHR092C,YBR030W,0,-3.1838965,0.17550016939640045,0.9803921580314636,0.47074148058891296
YCR105W,YOR011W,0,-3.184039,0.17546938359737396,0.9803921580314636,0.4708416759967804
YLR406C,YGL223C,0,-3.1846445,0.17543859779834747,0.9803921580314636,0.4709418714046478
YGL039W,YOR056C,0,-3.1850104,0.17540782690048218,0.9803921580314636,0.47104209661483765
YPL237W,YGR055W,0,-3.1851392,0.17537705600261688,0.9803921580314636,0.4711422920227051
YBR293W,YGR245C,0,-3.1851408,0.17534631490707397,0.9803921580314636,0.4712424874305725
YMR234W,YFR003C,0,-3.1851516,0.17531557381153107,0.9803921580314636,0.47134268283843994
YDR334W,YEL003W,0,-3.1853929,0.17528483271598816,0.9803921580314636,0.4714428782463074
YIL125W,YER005W,0,-3.1855016,0.17525412142276764,0.9803921580314636,0.4715430736541748
YML123C,YGL001C,0,-3.185761,0.17522341012954712,0.9803921580314636,0.4716432988643646
YMR167W,YGR158C,0,-3.1858299,0.1751927137374878,0.9803921580314636,0.47174349427223206
YMR022W,YMR023C,0,-3.1858974,0.17516203224658966,0.9803921580314636,0.4718436896800995
YGR198W,YBL088C,0,-3.1863632,0.17513135075569153,0.9803921580314636,0.4719438850879669
YOL055C,YGL025C,0,-3.1867073,0.1751006841659546,0.9803921580314636,0.47204408049583435
YDR524C,YNL123W,0,-3.1867235,0.17507003247737885,0.9803921580314636,0.4721442759037018
YKL004W,YPL246C,0,-3.186932,0.1750393807888031,0.9803921580314636,0.4722445011138916
YGR116W,YDL207W,0,-3.1872287,0.17500874400138855,0.9803921580314636,0.47234469652175903
YBR236C,YLR052W,0,-3.1875749,0.1749781221151352,0.9803921580314636,0.47244489192962646
YHR122W,YLR413W,0,-3.1875792,0.17494751513004303,0.9803921580314636,0.4725450873374939
YHR197W,YGL166W,0,-3.1878054,0.17491690814495087,0.9803921580314636,0.47264528274536133
YHR083W,YBR218C,0,-3.1880565,0.1748863309621811,0.9803921580314636,0.47274547815322876
YJL143W,YEL060C,0,-3.1885133,0.17485573887825012,0.9803921580314636,0.4728457033634186
YEL005C,YDR368W,0,-3.188758,0.17482517659664154,0.9803921580314636,0.472945898771286
YMR164C,YMR286W,0,-3.1887639,0.17479461431503296,0.9803921580314636,0.47304609417915344
YGR065C,YGL008C,0,-3.188953,0.17476406693458557,0.9803921580314636,0.4731462895870209
YGR004W,YBL060W,0,-3.1891046,0.17473353445529938,0.9803921580314636,0.4732464849948883
YIL136W,YIR002C,0,-3.1897693,0.17470300197601318,0.9803921580314636,0.47334668040275574
YEL038W,YML005W,0,-3.1897817,0.17467248439788818,0.9803921580314636,0.47344690561294556
YBR089C-A,YDR098C,0,-3.1899195,0.17464198172092438,0.9803921580314636,0.473547101020813
YML094W,YKL034W,0,-3.19,0.17461149394512177,0.9803921580314636,0.4736472964286804
YLR390W-A,YDR118W,0,-3.190287,0.17458100616931915,0.9803921580314636,0.47374749183654785
YDL235C,YKL138C,0,-3.1907601,0.17455053329467773,0.9803921580314636,0.4738476872444153
YLR293C,YMR150C,0,-3.1907892,0.1745200753211975,0.9803921580314636,0.4739478826522827
YCL019W,YGL076C,0,-3.1909847,0.17448961734771729,0.9803921580314636,0.47404810786247253
YDR165W,YKR003W,0,-3.191109,0.17445917427539825,0.9803921580314636,0.47414830327033997
YOR344C,YBR253W,0,-3.1913383,0.17442874610424042,0.9803921580314636,0.4742484986782074
YOL051W,YLL042C,0,-3.191395,0.17439833283424377,0.9803921580314636,0.47434869408607483
YIR028W,YKL149C,0,-3.1918406,0.17436791956424713,0.9803921580314636,0.47444888949394226
YPL181W,YDL106C,0,-3.191988,0.17433752119541168,0.9803921580314636,0.4745490849018097
YPL175W,YJL145W,0,-3.192045,0.17430712282657623,0.9803921580314636,0.4746493101119995
YPR188C,YBR228W,0,-3.1921892,0.17427675426006317,0.9803921580314636,0.47474950551986694
YDL033C,YIL118W,0,-3.1922255,0.1742463856935501,0.9803921580314636,0.4748497009277344
YLL062C,YOR033C,0,-3.1925287,0.17421603202819824,0.9803921580314636,0.4749498963356018
YDR009W,YER035W,0,-3.1927023,0.17418567836284637,0.9803921580314636,0.47505009174346924
YBR175W,YCL033C,0,-3.1933677,0.1741553395986557,0.9803921580314636,0.47515028715133667
YOL020W,YIL065C,0,-3.1934493,0.17412501573562622,0.9803921580314636,0.4752505123615265
YHL020C,YKR075C,0,-3.1937032,0.17409470677375793,0.9803921580314636,0.4753507077693939
YPR058W,YIR008C,0,-3.1944227,0.17406439781188965,0.9803921580314636,0.47545090317726135
YGL119W,YPL010W,0,-3.1945944,0.17403410375118256,0.9803921580314636,0.4755510985851288
YPL230W,YBR297W,0,-3.1946936,0.17400382459163666,0.9803921580314636,0.4756512939929962
YGR076C,YER166W,0,-3.1948311,0.17397356033325195,0.9803921580314636,0.47575148940086365
YFR046C,YIL022W,0,-3.1948457,0.17394329607486725,0.9803921580314636,0.47585171461105347
YOR058C,YHL025W,0,-3.195033,0.17391304671764374,0.9803921580314636,0.4759519100189209
YDL079C,YJL203W,0,-3.1955802,0.17388279736042023,0.9803921580314636,0.47605210542678833
YKL051W,YBR054W,0,-3.195599,0.1738525778055191,0.9803921580314636,0.47615230083465576
YMR156C,YKL173W,0,-3.1957114,0.17382235825061798,0.9803921580314636,0.4762524962425232
YDR256C,YFR014C,0,-3.1958642,0.17379213869571686,0.9803921580314636,0.4763526916503906
YJL116C,YER159C,0,-3.1959229,0.17376194894313812,0.9803921580314636,0.47645291686058044
YGL115W,YIL137C,0,-3.196259,0.1737317591905594,0.9803921580314636,0.4765531122684479
YAL042W,YER042W,0,-3.1965394,0.17370158433914185,0.9803921580314636,0.4766533076763153
YFL039C,YER088C,0,-3.196574,0.1736714094877243,0.9803921580314636,0.47675350308418274
YDL189W,YMR002W,0,-3.1967263,0.17364126443862915,0.9803921580314636,0.47685369849205017
YDR087C,YFL055W,0,-3.1967406,0.1736111044883728,0.9803921580314636,0.4769538938999176
YLR045C,YLR220W,0,-3.196988,0.17358097434043884,0.9803921580314636,0.4770541191101074
YDR368W,YDR365C,0,-3.1972718,0.17355084419250488,0.9803921580314636,0.47715431451797485
YLR370C,YBL023C,0,-3.1976638,0.17352072894573212,0.9803921580314636,0.4772545099258423
YKL143W,YDR437W,0,-3.1983917,0.17349062860012054,0.9803921580314636,0.4773547053337097
YER172C,YLR431C,0,-3.1989222,0.17346054315567017,0.9803921580314636,0.47745490074157715
YNL251C,YEL047C,0,-3.1992438,0.1734304577112198,0.9803921580314636,0.4775550961494446
YCL029C,YBR216C,0,-3.199417,0.1734003871679306,0.9803921580314636,0.4776553213596344
YKR090W,YNR038W,0,-3.199623,0.17337031662464142,0.9803921580314636,0.47775551676750183
YMR100W,YJL208C,0,-3.1997213,0.17334026098251343,0.9803921580314636,0.47785571217536926
YJL154C,YGR279C,0,-3.1998217,0.17331022024154663,0.9803921580314636,0.4779559075832367
YGL213C,YGR192C,0,-3.2000644,0.17328019440174103,0.9803921580314636,0.4780561029911041
YGL137W,YOR129C,0,-3.2001967,0.17325016856193542,0.9803921580314636,0.47815629839897156
YGR162W,YBR122C,0,-3.2005928,0.17322015762329102,0.9803921580314636,0.4782565236091614
YNL233W,YDR300C,0,-3.2006278,0.1731901615858078,0.9803921580314636,0.4783567190170288
YCR094W,YNL119W,0,-3.2009082,0.17316018044948578,0.9803921580314636,0.47845691442489624
YBR050C,YML078W,0,-3.200975,0.17313019931316376,0.9803921580314636,0.47855710983276367
YLR126C,YPL179W,0,-3.2010264,0.17310021817684174,0.9803921580314636,0.4786573052406311
YIL070C,YNR032C-A,0,-3.2011151,0.1730702668428421,0.9803921580314636,0.47875750064849854
YLR360W,YJL173C,0,-3.2011375,0.17304031550884247,0.9803921580314636,0.47885772585868835
YER120W,YBR085W,0,-3.2012703,0.17301037907600403,0.9803921580314636,0.4789579212665558
YJL047C,YGL127C,0,-3.201437,0.17298045754432678,0.9803921580314636,0.4790581166744232
YOR307C,YKR062W,0,-3.2016864,0.17295053601264954,0.9803921580314636,0.47915831208229065
YKR048C,YCR028C-A,0,-3.201737,0.17292062938213348,0.9803921580314636,0.4792585074901581
YBR158W,YBR084W,0,-3.2018857,0.17289073765277863,0.9803921580314636,0.4793587028980255
YKL107W,YIR003W,0,-3.20194,0.17286084592342377,0.9803921580314636,0.47945892810821533
YDR256C,YPL246C,0,-3.2020154,0.1728309690952301,0.9803921580314636,0.47955912351608276
YLL039C,YDR317W,0,-3.202104,0.17280110716819763,0.9803921580314636,0.4796593189239502
YML045W,YCR075C,0,-3.2023108,0.17277124524116516,0.9803921580314636,0.4797595143318176
YER164W,YIL153W,0,-3.2024512,0.17274141311645508,0.9803921580314636,0.47985970973968506
YLR222C,YLR097C,0,-3.20252,0.1727115660905838,0.9803921580314636,0.4799599051475525
YHR206W,YBL075C,0,-3.2027435,0.1726817488670349,0.9803921580314636,0.4800601303577423
YGR208W,YPL228W,0,-3.2027645,0.17265193164348602,0.9803921580314636,0.48016032576560974
YML019W,YGL044C,0,-3.2029989,0.17262212932109833,0.9803921580314636,0.4802605211734772
YOR179C,YJL078C,0,-3.203219,0.17259234189987183,0.9803921580314636,0.4803607165813446
YIL117C,YER091C,0,-3.2032495,0.17256255447864532,0.9803921580314636,0.48046091198921204
YLR039C,YIL119C,0,-3.2036262,0.17253278195858002,0.9803921580314636,0.48056110739707947
YKL178C,YPL055C,0,-3.2036467,0.1725030243396759,0.9803921580314636,0.4806613326072693
YLR237W,YDR110W,0,-3.2040172,0.1724732667207718,0.9803921580314636,0.4807615280151367
YJR096W,YNR007C,0,-3.204115,0.17244352400302887,0.9803921580314636,0.48086172342300415
YDR129C,YGL121C,0,-3.204153,0.17241379618644714,0.9803921580314636,0.4809619188308716
YOR367W,YGR044C,0,-3.2041805,0.17238406836986542,0.9803921580314636,0.481062114238739
YOL122C,YJR007W,0,-3.2042675,0.17235435545444489,0.9803921580314636,0.48116233944892883
YCR086W,YOL059W,0,-3.2042928,0.17232465744018555,0.9803921580314636,0.48126253485679626
YDR443C,YGR030C,0,-3.204369,0.1722949743270874,0.9803921580314636,0.4813627302646637
YDL160C,YIL087C,0,-3.2049513,0.17226529121398926,0.9803921580314636,0.48146292567253113
YBL024W,YMR113W,0,-3.204976,0.1722356230020523,0.9803921580314636,0.48156312108039856
YGR090W,YDR096W,0,-3.2052343,0.17220595479011536,0.9803921580314636,0.481663316488266
YDL194W,YFR050C,0,-3.2053936,0.1721763014793396,0.9803921580314636,0.4817635416984558
YNL061W,YJR001W,0,-3.205471,0.17214666306972504,0.9803921580314636,0.48186373710632324
YHR088W,YLR132C,0,-3.2056465,0.17211703956127167,0.9803921580314636,0.4819639325141907
YFL034C-A,YLR378C,0,-3.2057884,0.1720874160528183,0.9803921580314636,0.4820641279220581
YLR192C,YMR305C,0,-3.20586,0.17205780744552612,0.9803921580314636,0.48216432332992554
YER044C,YLR051C,0,-3.2059855,0.17202821373939514,0.9803921580314636,0.48226451873779297
YDL105W,YOR360C,0,-3.2060096,0.17199862003326416,0.9803921580314636,0.4823647439479828
YOL009C,YER169W,0,-3.2060952,0.17196904122829437,0.9803921580314636,0.4824649393558502
YPR108W,YFL034C-A,0,-3.2062192,0.17193947732448578,0.9803921580314636,0.48256513476371765
YLR409C,YLL009C,0,-3.2063744,0.17190991342067719,0.9803921580314636,0.4826653301715851
YOL075C,YIR008C,0,-3.2067728,0.17188036441802979,0.9803921580314636,0.4827655255794525
YIL099W,YNR032C-A,0,-3.206822,0.17185083031654358,0.9803921580314636,0.48286572098731995
YBR176W,YPL132W,0,-3.2068381,0.17182131111621857,0.9803921580314636,0.48296594619750977
YNR037C,YKL154W,0,-3.2068849,0.17179179191589355,0.9803921580314636,0.4830661416053772
YPL089C,YLR075W,0,-3.2068894,0.17176228761672974,0.9803921580314636,0.48316633701324463
YDL144C,YPL235W,0,-3.2070184,0.17173278331756592,0.9803921580314636,0.48326653242111206
YOR046C,YBL023C,0,-3.207171,0.1717032939195633,0.9803921580314636,0.4833667278289795
YJL102W,YDR040C,0,-3.2071898,0.17167381942272186,0.9803921580314636,0.4834669232368469
YKR031C,YPR143W,0,-3.2073193,0.17164435982704163,0.9803921580314636,0.48356714844703674
YDL139C,YPR100W,0,-3.2076578,0.1716149002313614,0.9803921580314636,0.4836673438549042
YHL007C,YJL158C,0,-3.2078104,0.17158545553684235,0.9803921580314636,0.4837675392627716
YER015W,YOL137W,0,-3.2080216,0.1715560108423233,0.9803921580314636,0.48386773467063904
YCL027W,YER005W,0,-3.2081237,0.17152658104896545,0.9803921580314636,0.48396793007850647
YKR088C,YER081W,0,-3.2082598,0.1714971661567688,0.9803921580314636,0.4840681254863739
YBR207W,YPL234C,0,-3.2082896,0.17146776616573334,0.9803921580314636,0.4841683506965637
YER007C-A,YPL103C,0,-3.2083292,0.17143836617469788,0.9803921580314636,0.48426854610443115
YLR166C,YFR028C,0,-3.2084212,0.1714089810848236,0.9803921580314636,0.4843687415122986
YFL018C,YGL254W,0,-3.2085087,0.17137961089611053,0.9803921580314636,0.484468936920166
YNL287W,YAL047C,0,-3.2085097,0.17135024070739746,0.9803921580314636,0.48456913232803345
YGR249W,YNR039C,0,-3.208558,0.17132088541984558,0.9803921580314636,0.4846693277359009
YGR174C,YBR030W,0,-3.2086122,0.1712915450334549,0.9803921580314636,0.4847695529460907
YGR014W,YLR249W,0,-3.2086244,0.1712622046470642,0.9803921580314636,0.48486974835395813
YDL150W,YER041W,0,-3.2087157,0.17123287916183472,0.9803921580314636,0.48496994376182556
YDL230W,YNL189W,0,-3.208737,0.17120355367660522,0.9803921580314636,0.485070139169693
YGR263C,YKR104W,0,-3.2088122,0.17117425799369812,0.9803921580314636,0.4851703345775604
YPL212C,YOR066W,0,-3.2089195,0.17114496231079102,0.9803921580314636,0.48527052998542786
YLR109W,YGL097W,0,-3.20899,0.1711156815290451,0.9803921580314636,0.4853707551956177
YKL056C,YML104C,0,-3.2091293,0.1710864007472992,0.9803921580314636,0.4854709506034851
YGL089C,YHL040C,0,-3.2094889,0.17105713486671448,0.9803921580314636,0.48557114601135254
YDR288W,YER093C,0,-3.2095609,0.17102788388729095,0.9803921580314636,0.48567134141921997
YNL214W,YKL132C,0,-3.209794,0.17099863290786743,0.9803921580314636,0.4857715368270874
YOR090C,YOL121C,0,-3.210115,0.1709693968296051,0.9803921580314636,0.48587173223495483
YPR131C,YGL250W,0,-3.2103748,0.17094017565250397,0.9803921580314636,0.48597195744514465
YIL009W,YKL092C,0,-3.2108028,0.17091095447540283,0.9803921580314636,0.4860721528530121
YJR120W,YLR449W,0,-3.2109294,0.1708817481994629,0.9803921580314636,0.4861723482608795
YER012W,YDR074W,0,-3.211505,0.17085255682468414,0.9803921580314636,0.48627254366874695
YPL233W,YOL008W,0,-3.2117033,0.1708233654499054,0.9803921580314636,0.4863727390766144
YOR143C,YOR077W,0,-3.2120266,0.17079418897628784,0.9803921580314636,0.4864729344844818
YAL042W,YDR482C,0,-3.21212,0.17076502740383148,0.9803921580314636,0.48657315969467163
YBR200W,YDR322C-A,0,-3.2123752,0.17073586583137512,0.9803921580314636,0.48667335510253906
YNL278W,YDR385W,0,-3.2125952,0.17070671916007996,0.9803921580314636,0.4867735505104065
YHR088W,YDR483W,0,-3.2125955,0.17067758738994598,0.9803921580314636,0.4868737459182739
YDR135C,YOR293W,0,-3.2127945,0.1706484705209732,0.9803921580314636,0.48697394132614136
YGL070C,YLR399C,0,-3.2128925,0.17061935365200043,0.9803921580314636,0.4870741367340088
YMR125W,YIL119C,0,-3.2133045,0.17059023678302765,0.9803921580314636,0.4871743619441986
YLL009C,YLR293C,0,-3.2135358,0.17056114971637726,0.9803921580314636,0.48727455735206604
YDL091C,YGL206C,0,-3.2136269,0.17053206264972687,0.9803921580314636,0.48737475275993347
YDL110C,YLR139C,0,-3.213647,0.17050299048423767,0.9803921580314636,0.4874749481678009
YJR019C,YDR084C,0,-3.2137175,0.17047391831874847,0.9803921580314636,0.48757514357566833
YLR376C,YIL117C,0,-3.2140918,0.17044486105442047,0.9803921580314636,0.48767533898353577
YPR066W,YER110C,0,-3.2142076,0.17041581869125366,0.9803921580314636,0.4877755641937256
YBR267W,YAR066W,0,-3.2144253,0.17038677632808685,0.9803921580314636,0.487875759601593
YER003C,YER058W,0,-3.214491,0.17035774886608124,0.9803921580314636,0.48797595500946045
YDR208W,YKL002W,0,-3.2145705,0.17032873630523682,0.9803921580314636,0.4880761504173279
YMR202W,YPR018W,0,-3.2148075,0.1702997237443924,0.9803921580314636,0.4881763458251953
YER180C,YPR025C,0,-3.2148833,0.17027072608470917,0.9803921580314636,0.48827654123306274
YDL130W,YOR088W,0,-3.2148952,0.17024174332618713,0.9803921580314636,0.48837676644325256
YER166W,YGR040W,0,-3.2150507,0.1702127605676651,0.9803921580314636,0.48847696185112
YNL308C,YCL051W,0,-3.2152562,0.17018379271030426,0.9803921580314636,0.4885771572589874
YJL090C,YNL139C,0,-3.2153206,0.17015483975410461,0.9803921580314636,0.48867735266685486
YOR150W,YDR447C,0,-3.215713,0.17012588679790497,0.9803921580314636,0.4887775480747223
YER087C-A,YBL005W-A,0,-3.2158034,0.17009694874286652,0.9803921580314636,0.4888777434825897
YDL099W,YER170W,0,-3.2158036,0.17006802558898926,0.9803921580314636,0.48897796869277954
YPL036W,YNL270C,0,-3.2162576,0.170039102435112,0.9803921580314636,0.489078164100647
YER073W,YKL025C,0,-3.2163668,0.17001019418239594,0.9803921580314636,0.4891783595085144
YDR253C,YMR091C,0,-3.216385,0.16998130083084106,0.9803921580314636,0.48927855491638184
YBR216C,YDL147W,0,-3.2164252,0.1699524074792862,0.9803921580314636,0.48937875032424927
YML125C,YER016W,0,-3.2164416,0.16992352902889252,0.9803921580314636,0.4894789457321167
YIR023W,YLR276C,0,-3.2166667,0.16989466547966003,0.9803921580314636,0.4895791709423065
YDR330W,YBR179C,0,-3.216975,0.16986580193042755,0.9803921580314636,0.48967936635017395
YOR362C,YGR200C,0,-3.2170064,0.16983695328235626,0.9803921580314636,0.4897795617580414
YHR165C,YOR391C,0,-3.2172942,0.16980811953544617,0.9803921580314636,0.4898797571659088
YDR406W,YBR127C,0,-3.2173312,0.16977928578853607,0.9803921580314636,0.48997995257377625
YDR354W,YML046W,0,-3.2173765,0.16975046694278717,0.9803921580314636,0.4900801479816437
YDR162C,YPR010C,0,-3.2174501,0.16972166299819946,0.9803921580314636,0.4901803731918335
YOR363C,YAL009W,0,-3.2174559,0.16969285905361176,0.9803921580314636,0.4902805685997009
YLR381W,YPR161C,0,-3.2176585,0.16966407001018524,0.9803921580314636,0.49038076400756836
YJL074C,YPL006W,0,-3.2178319,0.16963528096675873,0.9803921580314636,0.4904809594154358
YDR100W,YOL039W,0,-3.217884,0.1696065068244934,0.9803921580314636,0.4905811548233032
YLR442C,YNL048W,0,-3.218112,0.16957774758338928,0.9803921580314636,0.49068135023117065
YDR002W,YPL089C,0,-3.2186499,0.16954900324344635,0.9803921580314636,0.4907815754413605
YDR099W,YDL117W,0,-3.218785,0.16952025890350342,0.9803921580314636,0.4908817708492279
YGL131C,YDR200C,0,-3.218822,0.16949152946472168,0.9803921580314636,0.49098196625709534
YER070W,YBR044C,0,-3.2189732,0.16946280002593994,0.9803921580314636,0.49108216166496277
YJR145C,YKL194C,0,-3.2189808,0.1694340854883194,0.9803921580314636,0.4911823570728302
YPL072W,YDR469W,0,-3.2192256,0.16940538585186005,0.9803921580314636,0.49128255248069763
YJL118W,YDR111C,0,-3.21937,0.1693767011165619,0.9803921580314636,0.49138277769088745
YBR136W,YMR121C,0,-3.2194662,0.16934801638126373,0.9803921580314636,0.4914829730987549
YML043C,YJL093C,0,-3.219963,0.16931933164596558,0.9803921580314636,0.4915831685066223
YJL065C,YKR034W,0,-3.2200022,0.1692906767129898,0.9803921580314636,0.49168336391448975
YOL156W,YJR096W,0,-3.2200274,0.16926202178001404,0.9803921580314636,0.4917835593223572
YBR229C,YBR185C,0,-3.2202227,0.16923336684703827,0.9803921580314636,0.4918837547302246
YHR009C,YBR092C,0,-3.220324,0.1692047417163849,0.9803921580314636,0.49198397994041443
YER166W,YMR242C,0,-3.2214804,0.1691761165857315,0.9803921580314636,0.49208417534828186
YER093C,YHR200W,0,-3.2215488,0.16914749145507812,0.9803921580314636,0.4921843707561493
YIL017C,YNL063W,0,-3.2217116,0.16911889612674713,0.9803921580314636,0.4922845661640167
YNR012W,YGR170W,0,-3.222064,0.16909030079841614,0.9803921580314636,0.49238476157188416
YDR051C,YOR188W,0,-3.2220762,0.16906170547008514,0.9803921580314636,0.4924849569797516
YMR116C,YDR320C,0,-3.2229762,0.16903312504291534,0.9803921580314636,0.4925851821899414
YKR061W,YLR189C,0,-3.2230868,0.16900455951690674,0.9803921580314636,0.49268537759780884
YOR157C,YLR382C,0,-3.2231808,0.16897600889205933,0.9803921580314636,0.49278557300567627
YDR105C,YLR214W,0,-3.2234542,0.16894745826721191,0.9803921580314636,0.4928857684135437
YNL245C,YNL325C,0,-3.2237072,0.1689189225435257,0.9803921580314636,0.49298596382141113
YPR079W,YOL030W,0,-3.2239263,0.16889038681983948,0.9803921580314636,0.49308615922927856
YIL051C,YJL033W,0,-3.2240028,0.16886186599731445,0.9803921580314636,0.4931863844394684
YLR223C,YPR199C,0,-3.2240086,0.16883336007595062,0.9803921580314636,0.4932865798473358
YDR202C,YGR280C,0,-3.2241335,0.1688048541545868,0.9803921580314636,0.49338677525520325
YPR048W,YDR038C,0,-3.2249155,0.16877637803554535,0.9803921580314636,0.4934869706630707
YOL091W,YDL012C,0,-3.2250872,0.1687478870153427,0.9803921580314636,0.4935871660709381
YNL130C,YGL115W,0,-3.2259934,0.16871942579746246,0.9803921580314636,0.49368736147880554
YHR160C,YDR246W,0,-3.2261834,0.16869096457958221,0.9803921580314636,0.49378758668899536
YHR136C,YKL135C,0,-3.2264724,0.16866250336170197,0.9803921580314636,0.4938877820968628
YLR165C,YGL029W,1,-3.2264743,0.16880269348621368,0.9813725352287292,0.4938877820968628
YMR035W,YCR097W,0,-3.2267594,0.16877423226833344,0.9813725352287292,0.4939879775047302
YHR062C,YDL146W,0,-3.2273672,0.16874578595161438,0.9813725352287292,0.49408817291259766
YCR017C,YER126C,0,-3.227757,0.16871733963489532,0.9813725352287292,0.4941883683204651
YPL055C,YKL125W,0,-3.227859,0.16868890821933746,0.9813725352287292,0.4942885637283325
YJL137C,YBR009C,0,-3.2279081,0.1686604917049408,0.9813725352287292,0.49438878893852234
YOR308C,YKR022C,0,-3.228161,0.16863207519054413,0.9813725352287292,0.49448898434638977
YNL220W,YIL085C,0,-3.2285364,0.16860367357730865,0.9813725352287292,0.4945891797542572
YBL060W,YLR015W,0,-3.228572,0.16857527196407318,0.9813725352287292,0.49468937516212463
YER089C,YPL088W,0,-3.2291877,0.1685469001531601,0.9813725352287292,0.49478957056999207
YNL015W,YDR441C,0,-3.2294035,0.16851851344108582,0.9813725352287292,0.4948897659778595
YOR117W,YER027C,0,-3.2294111,0.16849015653133392,0.9813725352287292,0.4949899911880493
YJR050W,YHR216W,0,-3.2294457,0.16846179962158203,0.9813725352287292,0.49509018659591675
YDR534C,YGR023W,0,-3.2296705,0.16843345761299133,0.9813725352287292,0.4951903820037842
YNL278W,YOR359W,0,-3.2298644,0.16840511560440063,0.9813725352287292,0.4952905774116516
YLR390W-A,YHR147C,0,-3.2299135,0.16837678849697113,0.9813725352287292,0.49539077281951904
YHL001W,YIL144W,0,-3.2301116,0.16834847629070282,0.9813725352287292,0.4954909682273865
YBR176W,YDR242W,0,-3.2305603,0.1683201640844345,0.9813725352287292,0.4955911934375763
YDR101C,YGL032C,0,-3.2307155,0.1682918667793274,0.9813725352287292,0.4956913888454437
YHR034C,YPL235W,1,-3.2307472,0.16843166947364807,0.9823529124259949,0.4956913888454437
YOR047C,YMR113W,0,-3.2309194,0.16840335726737976,0.9823529124259949,0.49579158425331116
YOR002W,YLR092W,0,-3.2314808,0.16837505996227264,0.9823529124259949,0.4958917796611786
YDL102W,YPR168W,0,-3.231511,0.16834677755832672,0.9823529124259949,0.495991975069046
YAR033W,YER026C,0,-3.231537,0.1683184951543808,0.9823529124259949,0.49609217047691345
YBR043C,YOR043W,0,-3.2315671,0.16829022765159607,0.9823529124259949,0.49619239568710327
YPR073C,YKL005C,0,-3.2316294,0.16826196014881134,0.9823529124259949,0.4962925910949707
YHR006W,YGR088W,0,-3.2318432,0.1682337075471878,0.9823529124259949,0.49639278650283813
YLL028W,YDR202C,0,-3.2319188,0.16820546984672546,0.9823529124259949,0.49649298191070557
YOL042W,YAL047C,0,-3.2320566,0.16817724704742432,0.9823529124259949,0.496593177318573
YGR104C,YGL107C,0,-3.232111,0.16814902424812317,0.9823529124259949,0.49669337272644043
YHR181W,YLR048W,0,-3.2324572,0.16812080144882202,0.9823529124259949,0.49679359793663025
YGL061C,YNL288W,0,-3.232564,0.16809260845184326,0.9823529124259949,0.4968937933444977
YIL085C,YJL123C,0,-3.2329578,0.1680644005537033,0.9823529124259949,0.4969939887523651
YLR188W,YAL044C,0,-3.2330194,0.16803622245788574,0.9823529124259949,0.49709418416023254
YPL234C,YKL181W,0,-3.2330515,0.16800804436206818,0.9823529124259949,0.4971943795681
YER028C,YOR189W,0,-3.2330608,0.1679798811674118,0.9823529124259949,0.4972945749759674
YKL212W,YJL173C,0,-3.2331843,0.16795173287391663,0.9823529124259949,0.4973948001861572
YGL096W,YBR102C,0,-3.2332854,0.16792358458042145,0.9823529124259949,0.49749499559402466
YJR068W,YHR072W,0,-3.2335393,0.16789543628692627,0.9823529124259949,0.4975951910018921
YPL133C,YML014W,0,-3.233718,0.16786731779575348,0.9823529124259949,0.4976953864097595
YER183C,YGL054C,0,-3.233737,0.1678391993045807,0.9823529124259949,0.49779558181762695
YIL172C,YDR080W,0,-3.2337465,0.1678110808134079,0.9823529124259949,0.4978957772254944
YPL069C,YML127W,0,-3.2338076,0.1677829921245575,0.9823529124259949,0.4979960024356842
YLR128W,YDR540C,0,-3.234131,0.1677549034357071,0.9823529124259949,0.49809619784355164
YHR157W,YJL173C,0,-3.2342916,0.1677268147468567,0.9823529124259949,0.49819639325141907
YGR263C,YCR092C,0,-3.2346153,0.16769874095916748,0.9823529124259949,0.4982965886592865
YLR165C,YDL060W,1,-3.2349918,0.16783802211284637,0.9833333492279053,0.4982965886592865
YNL139C,YLR385C,0,-3.2349954,0.16780993342399597,0.9833333492279053,0.49839678406715393
YOR110W,YER001W,0,-3.2350302,0.16778185963630676,0.9833333492279053,0.49849697947502136
YFR005C,YGR122W,0,-3.2355654,0.16775380074977875,0.9833333492279053,0.4985972046852112
YCL059C,YLR107W,1,-3.2356415,0.16789297759532928,0.9843137264251709,0.4985972046852112
YML060W,YFL044C,0,-3.2359538,0.16786490380764008,0.9843137264251709,0.4986974000930786
YJR118C,YER110C,0,-3.2360091,0.16783684492111206,0.9843137264251709,0.49879759550094604
YMR101C,YLR283W,0,-3.2361093,0.16780878603458405,0.9843137264251709,0.4988977909088135
YBR179C,YLR138W,0,-3.23622,0.16778074204921722,0.9843137264251709,0.4989979863166809
YDR147W,YNL268W,0,-3.2362697,0.1677527129650116,0.9843137264251709,0.49909818172454834
YOR033C,YAL009W,0,-3.2363124,0.16772468388080597,0.9843137264251709,0.49919840693473816
YKL089W,YIL109C,0,-3.2365153,0.16769666969776154,0.9843137264251709,0.4992986023426056
YKL069W,YGL097W,0,-3.23661,0.1676686704158783,0.9843137264251709,0.499398797750473
YDL181W,YMR281W,0,-3.2367992,0.16764067113399506,0.9843137264251709,0.49949899315834045
YJL102W,YER044C-A,0,-3.2371883,0.167612686753273,0.9843137264251709,0.4995991885662079
YHL001W,YNL191W,0,-3.237556,0.16758471727371216,0.9843137264251709,0.4996993839740753
YIR017C,YDR276C,0,-3.237556,0.1675567477941513,0.9843137264251709,0.49979960918426514
YBR213W,YLR382C,0,-3.2376225,0.16752877831459045,0.9843137264251709,0.49989980459213257
YGL178W,YOR125C,0,-3.2376852,0.167500838637352,0.9843137264251709,0.5
YLR256W,YOR356W,0,-3.2376995,0.16747289896011353,0.9843137264251709,0.5001001954078674
YOR027W,YJL056C,0,-3.2377744,0.16744495928287506,0.9843137264251709,0.5002003908157349
YML107C,YHR133C,0,-3.2380557,0.1674170345067978,0.9843137264251709,0.5003005862236023
YHL018W,YJL089W,0,-3.2382355,0.1673891246318817,0.9843137264251709,0.5004007816314697
YDR354W,YOL039W,0,-3.2388353,0.16736122965812683,0.9843137264251709,0.5005009770393372
YMR190C,YLR431C,0,-3.2388735,0.16733333468437195,0.9843137264251709,0.5006012320518494
YDL243C,YNR041C,0,-3.2391155,0.16730545461177826,0.9843137264251709,0.5007014274597168
YKL046C,YDR158W,0,-3.2393076,0.16727757453918457,0.9843137264251709,0.5008016228675842
YCL031C,YDR043C,0,-3.2394266,0.16724970936775208,0.9843137264251709,0.5009018182754517
YLR135W,YJR084W,0,-3.2400374,0.16722185909748077,0.9843137264251709,0.5010020136833191
YKL056C,YGR035C,0,-3.240364,0.16719400882720947,0.9843137264251709,0.5011022090911865
YAL023C,YER176W,0,-3.2403712,0.16716617345809937,0.9843137264251709,0.501202404499054
YMR101C,YNL310C,0,-3.2403982,0.16713833808898926,0.9843137264251709,0.5013025999069214
YNL190W,YKL088W,0,-3.2404473,0.16711051762104034,0.9843137264251709,0.5014027953147888
YGL249W,YER054C,0,-3.2404594,0.16708271205425262,0.9843137264251709,0.5015029907226562
YPR155C,YDR523C,0,-3.2404642,0.1670549064874649,0.9843137264251709,0.5016031861305237
YOR174W,YDR009W,0,-3.240591,0.16702711582183838,0.9843137264251709,0.5017033815383911
YBR244W,YOR254C,0,-3.240622,0.16699934005737305,0.9843137264251709,0.5018036365509033
YER155C,YOR044W,0,-3.2406821,0.16697156429290771,0.9843137264251709,0.5019038319587708
YPL045W,YPL148C,0,-3.2406967,0.16694380342960358,0.9843137264251709,0.5020040273666382
YFL004W,YJR126C,0,-3.2407193,0.16691604256629944,0.9843137264251709,0.5021042227745056
YDR354W,YML091C,0,-3.2409015,0.1668882966041565,0.9843137264251709,0.502204418182373
YDR313C,YBR136W,0,-3.2415462,0.16686056554317474,0.9843137264251709,0.5023046135902405
YPL174C,YCL048W,0,-3.2419286,0.166832834482193,0.9843137264251709,0.5024048089981079
YOL032W,YDR058C,0,-3.242024,0.16680511832237244,0.9843137264251709,0.5025050044059753
YMR063W,YKR065C,0,-3.242106,0.16677740216255188,0.9843137264251709,0.5026051998138428
YDR432W,YIL068C,0,-3.242157,0.1667497158050537,0.9843137264251709,0.5027053952217102
YJL090C,YDR239C,0,-3.242454,0.16672201454639435,0.9843137264251709,0.5028055906295776
YPL170W,YLR119W,0,-3.2424612,0.16669434309005737,0.9843137264251709,0.5029057860374451
YDR169C,YPL258C,0,-3.2427268,0.1666666716337204,0.9843137264251709,0.5030060410499573
YDR186C,YNL289W,0,-3.2428527,0.16663900017738342,0.9843137264251709,0.5031062364578247
YCR105W,YOR344C,0,-3.2429287,0.16661134362220764,0.9843137264251709,0.5032064318656921
YNR027W,YOR177C,0,-3.2432628,0.16658370196819305,0.9843137264251709,0.5033066272735596
YHR046C,YNL322C,0,-3.2433038,0.16655607521533966,0.9843137264251709,0.503406822681427
YHR018C,YLR308W,0,-3.2435055,0.16652844846248627,0.9843137264251709,0.5035070180892944
YHR006W,YCL045C,0,-3.2436056,0.16650083661079407,0.9843137264251709,0.5036072134971619
YDR074W,YNL133C,0,-3.2440064,0.16647322475910187,0.9843137264251709,0.5037074089050293
YDR402C,YDR300C,0,-3.244018,0.16644562780857086,0.9843137264251709,0.5038076043128967
YMR118C,YMR163C,0,-3.2440348,0.16641803085803986,0.9843137264251709,0.5039077997207642
YPL181W,YBL024W,0,-3.2440398,0.16639044880867004,0.9843137264251709,0.5040079951286316
YDR050C,YJL133W,0,-3.2441916,0.16636288166046143,0.9843137264251709,0.504108190536499
YLR118C,YDR531W,0,-3.244296,0.1663353145122528,0.9843137264251709,0.5042084455490112
YDR437W,YNL220W,0,-3.244359,0.16630776226520538,0.9843137264251709,0.5043086409568787
YIL118W,YML038C,0,-3.2448506,0.16628022491931915,0.9843137264251709,0.5044088363647461
YHR083W,YLR181C,0,-3.245239,0.16625268757343292,0.9843137264251709,0.5045090317726135
YOR030W,YKL213C,0,-3.2454748,0.16622516512870789,0.9843137264251709,0.504609227180481
YJR160C,YHR187W,0,-3.2455838,0.16619764268398285,0.9843137264251709,0.5047094225883484
YER007W,YPR071W,0,-3.245706,0.166170135140419,0.9843137264251709,0.5048096179962158
YKL087C,YDL178W,0,-3.2458677,0.16614264249801636,0.9843137264251709,0.5049098134040833
YFL034C-A,YGL063W,0,-3.2460504,0.1661151498556137,0.9843137264251709,0.5050100088119507
YMR266W,YGL246C,0,-3.2461028,0.16608767211437225,0.9843137264251709,0.5051102042198181
YJL101C,YDR040C,0,-3.2464433,0.166060209274292,0.9843137264251709,0.5052103996276855
YPR095C,YPL212C,0,-3.2466483,0.16603274643421173,0.9843137264251709,0.505310595035553
YJL151C,YNL317W,0,-3.247388,0.16600528359413147,0.9843137264251709,0.5054108500480652
YLL013C,YMR323W,0,-3.2474766,0.1659778505563736,0.9843137264251709,0.5055110454559326
YGL058W,YKR013W,0,-3.2474778,0.16595041751861572,0.9843137264251709,0.5056112408638
YER023W,YHL040C,0,-3.24748,0.16592298448085785,0.9843137264251709,0.5057114362716675
YMR170C,YBR131W,0,-3.2482347,0.16589556634426117,0.9843137264251709,0.5058116316795349
YKL027W,YOR140W,0,-3.2485118,0.16586816310882568,0.9843137264251709,0.5059118270874023
YML115C,YBR136W,0,-3.2485166,0.1658407598733902,0.9843137264251709,0.5060120224952698
YLL014W,YEL059C-A,0,-3.2485883,0.1658133715391159,0.9843137264251709,0.5061122179031372
YHL022C,YDR356W,0,-3.2487192,0.1657859981060028,0.9843137264251709,0.5062124133110046
YIL043C,YEL021W,0,-3.2487607,0.1657586246728897,0.9843137264251709,0.5063126087188721
YMR149W,YMR312W,0,-3.2488158,0.1657312661409378,0.9843137264251709,0.5064128041267395
YKR072C,YER048W-A,0,-3.2491896,0.1657039076089859,0.9843137264251709,0.5065129995346069
YMR285C,YGL003C,0,-3.2492058,0.1656765639781952,0.9843137264251709,0.5066132545471191
YGL166W,YBR236C,0,-3.2495341,0.16564923524856567,0.9843137264251709,0.5067134499549866
YDR009W,YOR032C,0,-3.2496815,0.16562190651893616,0.9843137264251709,0.506813645362854
YNL048W,YMR048W,0,-3.2500076,0.16559459269046783,0.9843137264251709,0.5069138407707214
YKR022C,YOL049W,0,-3.2500691,0.1655672788619995,0.9843137264251709,0.5070140361785889
YOR308C,YHL004W,0,-3.250237,0.16553997993469238,0.9843137264251709,0.5071142315864563
YML059C,YOR197W,0,-3.2507186,0.16551269590854645,0.9843137264251709,0.5072144269943237
YDR463W,YPR199C,0,-3.2510014,0.1654854118824005,0.9843137264251709,0.5073146224021912
YPR071W,YEL004W,0,-3.2514715,0.16545814275741577,0.9843137264251709,0.5074148178100586
YPL187W,YKL135C,0,-3.251522,0.16543087363243103,0.9843137264251709,0.507515013217926
YPL215W,YCR091W,0,-3.2515807,0.16540361940860748,0.9843137264251709,0.5076152086257935
YGR129W,YGL055W,0,-3.251884,0.16537638008594513,0.9843137264251709,0.5077154040336609
YDR225W,YBR162C,0,-3.2523408,0.16534914076328278,0.9843137264251709,0.5078156590461731
YHR171W,YER178W,0,-3.252936,0.16532191634178162,0.9843137264251709,0.5079158544540405
YDR126W,YOR110W,0,-3.2534215,0.16529469192028046,0.9843137264251709,0.508016049861908
YFR037C,YBL007C,0,-3.2538815,0.1652674823999405,0.9843137264251709,0.5081162452697754
YML085C,YDR058C,0,-3.2538836,0.16524028778076172,0.9843137264251709,0.5082164406776428
YIR023W,YNL090W,0,-3.2539701,0.16521309316158295,0.9843137264251709,0.5083166360855103
YMR231W,YDR267C,0,-3.2540164,0.16518591344356537,0.9843137264251709,0.5084168314933777
YNR045W,YBR004C,0,-3.2544084,0.16515874862670898,0.9843137264251709,0.5085170269012451
YMR152W,YLR098C,0,-3.254415,0.1651315838098526,0.9843137264251709,0.5086172223091125
YML060W,YBR070C,0,-3.2544754,0.16510441899299622,0.9843137264251709,0.50871741771698
YDR309C,YOR192C,0,-3.254539,0.16507728397846222,0.9843137264251709,0.5088176131248474
YDR303C,YIL072W,0,-3.2547545,0.16505013406276703,0.9843137264251709,0.5089178085327148
YPL111W,YHL017W,0,-3.2547565,0.16502301394939423,0.9843137264251709,0.509018063545227
YOR174W,YDR350C,0,-3.2552366,0.16499589383602142,0.9843137264251709,0.5091182589530945
YKL145W,YGR249W,0,-3.255405,0.16496877372264862,0.9843137264251709,0.5092184543609619
YHR081W,YJR022W,1,-3.2556129,0.16510596871376038,0.9852941036224365,0.5092184543609619
YAL015C,YPL176C,0,-3.2556362,0.16507884860038757,0.9852941036224365,0.5093186497688293
YPL124W,YDR384C,0,-3.2558284,0.16505172848701477,0.9852941036224365,0.5094188451766968
YGR068C,YKL120W,0,-3.2560554,0.16502462327480316,0.9852941036224365,0.5095190405845642
YDR456W,YDR485C,0,-3.256075,0.16499753296375275,0.9852941036224365,0.5096192359924316
YBR084C-A,YGR028W,0,-3.2560964,0.16497045755386353,0.9852941036224365,0.5097194314002991
YIL099W,YBR156C,0,-3.2563262,0.1649433821439743,0.9852941036224365,0.5098196268081665
YGL175C,YOL019W,0,-3.2565188,0.16491630673408508,0.9852941036224365,0.5099198222160339
YKR039W,YDL072C,0,-3.256639,0.16488924622535706,0.9852941036224365,0.5100200176239014
YPL157W,YNL142W,0,-3.2571428,0.16486220061779022,0.9852941036224365,0.5101202130317688
YJL139C,YKL012W,0,-3.257196,0.16483516991138458,0.9852941036224365,0.510220468044281
YKL209C,YEL046C,0,-3.2575223,0.16480813920497894,0.9852941036224365,0.5103206634521484
YDL079C,YGR205W,0,-3.2577157,0.1647811084985733,0.9852941036224365,0.5104208588600159
YOL133W,YMR161W,0,-3.257823,0.16475409269332886,0.9852941036224365,0.5105210542678833
YIL107C,YOR044W,0,-3.2580304,0.1647270917892456,0.9852941036224365,0.5106212496757507
YGR284C,YML129C,0,-3.2582185,0.16470009088516235,0.9852941036224365,0.5107214450836182
YJL180C,YJR095W,0,-3.2584662,0.1646731048822403,0.9852941036224365,0.5108216404914856
YGL116W,YDL079C,0,-3.2585413,0.16464613378047943,0.9852941036224365,0.510921835899353
YMR133W,YOR119C,0,-3.2585566,0.16461916267871857,0.9852941036224365,0.5110220313072205
YLR368W,YHL026C,0,-3.2585719,0.1645922064781189,0.9852941036224365,0.5111222267150879
YGR189C,YOR115C,0,-3.2589865,0.16456525027751923,0.9852941036224365,0.5112224221229553
YPL019C,YJL115W,0,-3.2590096,0.16453830897808075,0.9852941036224365,0.5113226175308228
YPL051W,YOL002C,0,-3.259117,0.16451138257980347,0.9852941036224365,0.511422872543335
YJL203W,YNR061C,0,-3.2591472,0.16448445618152618,0.9852941036224365,0.5115230679512024
YNL169C,YKR034W,0,-3.259523,0.1644575297832489,0.9852941036224365,0.5116232633590698
YPL076W,YKL012W,0,-3.2595267,0.164430633187294,0.9852941036224365,0.5117234587669373
YKL051W,YJL121C,0,-3.2596188,0.1644037365913391,0.9852941036224365,0.5118236541748047
YCR005C,YML081C-A,0,-3.2597413,0.16437683999538422,0.9852941036224365,0.5119238495826721
YAL021C,YNL123W,0,-3.2598867,0.16434995830059052,0.9852941036224365,0.5120240449905396
YPR055W,YPL038W,0,-3.2599053,0.164323091506958,0.9852941036224365,0.512124240398407
YDR367W,YOR027W,0,-3.259925,0.1642962247133255,0.9852941036224365,0.5122244358062744
YDR427W,YGL250W,0,-3.2602453,0.1642693728208542,0.9852941036224365,0.5123246312141418
YER044C,YBR088C,0,-3.2602832,0.16424252092838287,0.9852941036224365,0.5124248266220093
YDR513W,YHL018W,0,-3.2604709,0.16421568393707275,0.9852941036224365,0.5125250220298767
YLR205C,YFR016C,0,-3.2604876,0.16418886184692383,0.9852941036224365,0.5126252770423889
YPR032W,YGL044C,0,-3.2607262,0.1641620397567749,0.9852941036224365,0.5127254724502563
YNR052C,YLR155C,0,-3.2608767,0.16413523256778717,0.9852941036224365,0.5128256678581238
YMR127C,YDR532C,0,-3.260902,0.16410842537879944,0.9852941036224365,0.5129258632659912
YFL050C,YHR050W,0,-3.261084,0.1640816330909729,0.9852941036224365,0.5130260586738586
YLR304C,YML094W,0,-3.2611809,0.16405484080314636,0.9852941036224365,0.5131262540817261
YNL331C,YOL060C,0,-3.2611904,0.1640280783176422,0.9852941036224365,0.5132264494895935
YGL049C,YOR149C,0,-3.2614753,0.16400130093097687,0.9852941036224365,0.5133266448974609
YGL064C,YDR482C,0,-3.2615952,0.1639745533466339,0.9852941036224365,0.5134268403053284
YJL197W,YEL064C,0,-3.261913,0.16394779086112976,0.9852941036224365,0.5135270357131958
YPR020W,YPL019C,0,-3.2619972,0.163921058177948,0.9852941036224365,0.5136272311210632
YPR178W,YIL113W,0,-3.2622075,0.16389432549476624,0.9852941036224365,0.5137274265289307
YJR158W,YHR099W,0,-3.2622554,0.16386760771274567,0.9852941036224365,0.5138276815414429
YBR106W,YGL125W,0,-3.2629523,0.1638408899307251,0.9852941036224365,0.5139278769493103
YDR006C,YOR339C,0,-3.2630098,0.16381418704986572,0.9852941036224365,0.5140280723571777
YKR014C,YKR097W,0,-3.2630725,0.16378748416900635,0.9852941036224365,0.5141282677650452
YHR178W,YBR167C,0,-3.2631013,0.16376079618930817,0.9852941036224365,0.5142284631729126
YBR107C,YDR313C,0,-3.2631319,0.16373410820960999,0.9852941036224365,0.51432865858078
YKL008C,YJR047C,0,-3.2634323,0.1637074500322342,0.9852941036224365,0.5144288539886475
YAL012W,YHR184W,0,-3.2635818,0.1636807769536972,0.9852941036224365,0.5145290493965149
YDL134C,YNR019W,0,-3.2636018,0.1636541336774826,0.9852941036224365,0.5146292448043823
YER177W,YDR538W,0,-3.2637224,0.1636274755001068,0.9852941036224365,0.5147294402122498
YBR244W,YPL171C,0,-3.263815,0.1636008471250534,0.9852941036224365,0.5148296356201172
YOR172W,YLR013W,0,-3.2638333,0.16357421875,0.9852941036224365,0.5149298310279846
YDR520C,YNL242W,0,-3.263838,0.1635476052761078,0.9852941036224365,0.5150300860404968
YPR007C,YJL123C,0,-3.2643394,0.16352099180221558,0.9852941036224365,0.5151302814483643
YOL009C,YNL294C,0,-3.2644265,0.16349439322948456,0.9852941036224365,0.5152304768562317
YCR048W,YJL092W,0,-3.2649856,0.16346779465675354,0.9852941036224365,0.5153306722640991
YHL050C,YIL131C,0,-3.2651768,0.16344121098518372,0.9852941036224365,0.5154308676719666
YKL194C,YJL184W,0,-3.2654254,0.1634146273136139,0.9852941036224365,0.515531063079834
YPR168W,YML120C,0,-3.265453,0.16338807344436646,0.9852941036224365,0.5156312584877014
YLL014W,YJR066W,0,-3.265492,0.16336150467395782,0.9852941036224365,0.5157314538955688
YER071C,YKL005C,0,-3.2655714,0.16333496570587158,0.9852941036224365,0.5158316493034363
YER153C,YHR165C,0,-3.265695,0.16330841183662415,0.9852941036224365,0.5159318447113037
YMR048W,YIL119C,0,-3.2657928,0.1632818877696991,0.9852941036224365,0.5160320401191711
YDL243C,YGR096W,0,-3.2658467,0.16325536370277405,0.9852941036224365,0.5161322355270386
YAL012W,YNR048W,0,-3.2660265,0.163228839635849,0.9852941036224365,0.5162324905395508
YER014W,YNL275W,0,-3.2660456,0.16320234537124634,0.9852941036224365,0.5163326859474182
YHL035C,YDR043C,0,-3.266417,0.16317583620548248,0.9852941036224365,0.5164328813552856
YGL096W,YMR302C,0,-3.2664454,0.16314935684204102,0.9852941036224365,0.5165330767631531
YHL032C,YEL021W,0,-3.2665305,0.16312286257743835,0.9852941036224365,0.5166332721710205
YBL091C,YJL072C,0,-3.2667441,0.16309639811515808,0.9852941036224365,0.5167334675788879
YPL047W,YIR004W,0,-3.266801,0.1630699336528778,0.9852941036224365,0.5168336629867554
YCR105W,YLR013W,0,-3.2671459,0.16304348409175873,0.9852941036224365,0.5169338583946228
YOR363C,YBR153W,0,-3.2672489,0.16301703453063965,0.9852941036224365,0.5170340538024902
YMR271C,YLR240W,0,-3.2677152,0.16299059987068176,0.9852941036224365,0.5171342492103577
YDR448W,YBR153W,0,-3.2692952,0.16296416521072388,0.9852941036224365,0.5172344446182251
YER073W,YOR047C,0,-3.2694142,0.16293774545192719,0.9852941036224365,0.5173346400260925
YDL114W,YPL154C,0,-3.269782,0.1629113256931305,0.9852941036224365,0.5174348950386047
YCR077C,YBL088C,0,-3.2700105,0.162884920835495,0.9852941036224365,0.5175350904464722
YKL059C,YHR142W,0,-3.2704625,0.1628585308790207,0.9852941036224365,0.5176352858543396
YMR184W,YKL028W,0,-3.2705045,0.1628321409225464,0.9852941036224365,0.517735481262207
YCL051W,YKR007W,0,-3.2708478,0.16280576586723328,0.9852941036224365,0.5178356766700745
YDR184C,YOR110W,0,-3.2711706,0.16277939081192017,0.9852941036224365,0.5179358720779419
YLR216C,YGR091W,0,-3.2712173,0.16275303065776825,0.9852941036224365,0.5180360674858093
YBR293W,YIR006C,0,-3.2714984,0.16272668540477753,0.9852941036224365,0.5181362628936768
YGL124C,YML013W,0,-3.2720337,0.1627003401517868,0.9852941036224365,0.5182364583015442
YOR127W,YGL003C,0,-3.272556,0.16267400979995728,0.9852941036224365,0.5183366537094116
YMR043W,YLR035C,0,-3.273127,0.16264767944812775,0.9852941036224365,0.518436849117279
YNL300W,YJL028W,0,-3.2733383,0.1626213639974594,0.9852941036224365,0.5185370445251465
YBL106C,YOR019W,0,-3.2734072,0.16259504854679108,0.9852941036224365,0.5186372995376587
YML048W,YDL247W,0,-3.273778,0.16256874799728394,0.9852941036224365,0.5187374949455261
YPL101W,YLR117C,0,-3.2739081,0.162542462348938,0.9852941036224365,0.5188376903533936
YER029C,YKR013W,0,-3.2739558,0.16251617670059204,0.9852941036224365,0.518937885761261
YMR297W,YPL028W,0,-3.2740064,0.1624898910522461,0.9852941036224365,0.5190380811691284
YNL072W,YDR349C,0,-3.274076,0.16246362030506134,0.9852941036224365,0.5191382765769958
YDR256C,YKL176C,0,-3.2741628,0.16243736445903778,0.9852941036224365,0.5192384719848633
YDL194W,YMR277W,0,-3.2742152,0.16241112351417542,0.9852941036224365,0.5193386673927307
YOL122C,YLR059C,0,-3.274514,0.16238488256931305,0.9852941036224365,0.5194388628005981
YPL005W,YPL178W,0,-3.27466,0.16235864162445068,0.9852941036224365,0.5195390582084656
YGR087C,YOR032C,0,-3.2747881,0.1623324155807495,0.9852941036224365,0.519639253616333
YNL119W,YDR253C,0,-3.2748454,0.16230620443820953,0.9852941036224365,0.5197395086288452
YDR517W,YMR109W,0,-3.2750335,0.16227999329566956,0.9852941036224365,0.5198397040367126
YLR090W,YCR044C,0,-3.2751274,0.16225379705429077,0.9852941036224365,0.5199398994445801
YLR207W,YKL052C,0,-3.2751977,0.162227600812912,0.9852941036224365,0.5200400948524475
YML042W,YLR315W,0,-3.2753217,0.1622014194726944,0.9852941036224365,0.5201402902603149
YIL114C,YJL073W,0,-3.2753649,0.162175253033638,0.9852941036224365,0.5202404856681824
YBL103C,YLL014W,0,-3.2758284,0.1621490865945816,0.9852941036224365,0.5203406810760498
YHR016C,YBR098W,0,-3.2759318,0.1621229201555252,0.9852941036224365,0.5204408764839172
YJL156C,YDR468C,0,-3.2762709,0.16209676861763,0.9852941036224365,0.5205410718917847
YGL099W,YFL029C,0,-3.2766075,0.162070631980896,0.9852941036224365,0.5206412672996521
YER148W,YHR110W,0,-3.2771187,0.162044495344162,0.9852941036224365,0.5207414627075195
YLR342W,YNL111C,0,-3.2772036,0.16201837360858917,0.9852941036224365,0.520841658115387
YNL248C,YDR490C,0,-3.2775588,0.16199226677417755,0.9852941036224365,0.5209419131278992
YHR009C,YDR375C,0,-3.277775,0.16196615993976593,0.9852941036224365,0.5210421085357666
YDR247W,YAL047C,0,-3.2778885,0.1619400531053543,0.9852941036224365,0.521142303943634
YBR231C,YFR024C-A,0,-3.277986,0.16191396117210388,0.9852941036224365,0.5212424993515015
YML047C,YLR319C,0,-3.2783532,0.16188788414001465,0.9852941036224365,0.5213426947593689
YJL212C,YKR031C,0,-3.278596,0.16186180710792542,0.9852941036224365,0.5214428901672363
YLR347C,YHR134W,0,-3.2785969,0.16183574497699738,0.9852941036224365,0.5215430855751038
YAL020C,YGR205W,0,-3.2786512,0.16180969774723053,0.9852941036224365,0.5216432809829712
YDR294C,YKR014C,0,-3.2789557,0.16178365051746368,0.9852941036224365,0.5217434763908386
YML007W,YPL248C,0,-3.2791667,0.16175760328769684,0.9852941036224365,0.521843671798706
YJL127C,YKR062W,0,-3.2794275,0.1617315709590912,0.9852941036224365,0.5219438672065735
YLR259C,YLR258W,0,-3.279817,0.16170555353164673,0.9852941036224365,0.5220440626144409
YPL169C,YBL105C,0,-3.2800617,0.16167953610420227,0.9852941036224365,0.5221443176269531
YPL066W,YIL090W,0,-3.2802157,0.161653533577919,0.9852941036224365,0.5222445130348206
YML011C,YPL217C,0,-3.2803297,0.16162753105163574,0.9852941036224365,0.522344708442688
YHR088W,YGL227W,0,-3.2805421,0.16160154342651367,0.9852941036224365,0.5224449038505554
YDR099W,YBR073W,0,-3.2806334,0.1615755558013916,0.9852941036224365,0.5225450992584229
YOL091W,YML111W,0,-3.280644,0.16154958307743073,0.9852941036224365,0.5226452946662903
YFR010W,YMR204C,0,-3.2806587,0.16152362525463104,0.9852941036224365,0.5227454900741577
YMR261C,YKL114C,0,-3.2807074,0.16149766743183136,0.9852941036224365,0.5228456854820251
YKR087C,YIL117C,0,-3.2807198,0.16147172451019287,0.9852941036224365,0.5229458808898926
YGR024C,YML121W,0,-3.2807283,0.16144578158855438,0.9852941036224365,0.52304607629776
YKR052C,YLR102C,0,-3.2807298,0.1614198535680771,0.9852941036224365,0.5231462717056274
YFR047C,YBR104W,0,-3.2808576,0.1613939255475998,0.9852941036224365,0.5232464671134949
YNL310C,YPR143W,0,-3.2810094,0.1613680124282837,0.9852941036224365,0.5233467221260071
YKR027W,YNL325C,0,-3.2810988,0.16134211421012878,0.9852941036224365,0.5234469175338745
YDR007W,YNL118C,0,-3.2811513,0.16131621599197388,0.9852941036224365,0.5235471129417419
YEL020W-A,YMR313C,0,-3.2812548,0.16129031777381897,0.9852941036224365,0.5236473083496094
YFL024C,YKR100C,0,-3.2812986,0.16126443445682526,0.9852941036224365,0.5237475037574768
YPL115C,YBR161W,0,-3.2814267,0.16123856604099274,0.9852941036224365,0.5238476991653442
YJL180C,YPL249C-A,0,-3.281702,0.16121269762516022,0.9852941036224365,0.5239478945732117
YNL278W,YDR143C,0,-3.2820065,0.1611868441104889,0.9852941036224365,0.5240480899810791
YGL179C,YDR395W,0,-3.2822719,0.16116100549697876,0.9852941036224365,0.5241482853889465
YJR098C,YDR490C,0,-3.2823725,0.16113516688346863,0.9852941036224365,0.524248480796814
YBR085W,YIL098C,0,-3.2825406,0.1611093282699585,0.9852941036224365,0.5243486762046814
YKL099C,YHR024C,0,-3.282598,0.16108350455760956,0.9852941036224365,0.5244488716125488
YDR545W,YOL126C,0,-3.2830567,0.16105769574642181,0.9852941036224365,0.524549126625061
YDR179C,YLL066C,0,-3.2832265,0.16103188693523407,0.9852941036224365,0.5246493220329285
YEL038W,YCR098C,0,-3.2834835,0.16100609302520752,0.9852941036224365,0.5247495174407959
YGL185C,YKL222C,0,-3.2835946,0.16098029911518097,0.9852941036224365,0.5248497128486633
YDL102W,YNL243W,0,-3.2836068,0.1609545201063156,0.9852941036224365,0.5249499082565308
YKL129C,YAR066W,0,-3.2838342,0.16092874109745026,0.9852941036224365,0.5250501036643982
YDL232W,YDL098C,0,-3.28461,0.1609029769897461,0.9852941036224365,0.5251502990722656
YBL057C,YHR214W,0,-3.2847123,0.16087722778320312,0.9852941036224365,0.5252504944801331
YDR135C,YNR041C,0,-3.2847242,0.16085147857666016,0.9852941036224365,0.5253506898880005
YLR007W,YCR048W,0,-3.2850857,0.1608257293701172,0.9852941036224365,0.5254508852958679
YNL329C,YDR197W,0,-3.2852077,0.1607999950647354,0.9852941036224365,0.5255510807037354
YNL164C,YGL227W,0,-3.2852147,0.16077427566051483,0.9852941036224365,0.5256512761116028
YCL029C,YJL110C,0,-3.2854018,0.16074855625629425,0.9852941036224365,0.525751531124115
YDR212W,YLR466W,0,-3.2854161,0.16072285175323486,0.9852941036224365,0.5258517265319824
YMR278W,YOR019W,0,-3.2855442,0.16069714725017548,0.9852941036224365,0.5259519219398499
YGR172C,YGL189C,0,-3.2857745,0.16067145764827728,0.9852941036224365,0.5260521173477173
YBL106C,YPL242C,0,-3.2857747,0.16064578294754028,0.9852941036224365,0.5261523127555847
YDR228C,YLR134W,0,-3.2858198,0.16062010824680328,0.9852941036224365,0.5262525081634521
YIR004W,YJR047C,0,-3.286109,0.16059443354606628,0.9852941036224365,0.5263527035713196
YJR137C,YJR126C,0,-3.2863293,0.16056877374649048,0.9852941036224365,0.526452898979187
YMR164C,YDR302W,0,-3.2863674,0.16054312884807587,0.9852941036224365,0.5265530943870544
YAR019C,YJL106W,0,-3.2865162,0.16051748394966125,0.9852941036224365,0.5266532897949219
YML123C,YKL212W,0,-3.2865276,0.16049185395240784,0.9852941036224365,0.5267534852027893
YDR134C,YPL012W,0,-3.2869458,0.16046622395515442,0.9852941036224365,0.5268536806106567
YMR280C,YGR296W,0,-3.28753,0.1604406088590622,0.9852941036224365,0.526953935623169
YIL051C,YHR200W,0,-3.2875502,0.16041500866413116,0.9852941036224365,0.5270541310310364
YDL154W,YGL116W,0,-3.2875535,0.16038940846920013,0.9852941036224365,0.5271543264389038
YDR111C,YGR192C,0,-3.2876253,0.1603638082742691,0.9852941036224365,0.5272545218467712
YPL031C,YJR013W,0,-3.287706,0.16033822298049927,0.9852941036224365,0.5273547172546387
YJL136C,YJL165C,0,-3.2880101,0.16031265258789062,0.9852941036224365,0.5274549126625061
YJL073W,YLL032C,0,-3.2880497,0.16028708219528198,0.9852941036224365,0.5275551080703735
YGR158C,YLR128W,0,-3.2880921,0.16026152670383453,0.9852941036224365,0.527655303478241
YLR090W,YFR014C,0,-3.288312,0.16023597121238708,0.9852941036224365,0.5277554988861084
YGR206W,YMR106C,0,-3.2884865,0.16021043062210083,0.9852941036224365,0.5278556942939758
YGR076C,YDR110W,0,-3.288488,0.16018489003181458,0.9852941036224365,0.5279558897018433
YDR329C,YMR257C,0,-3.2885354,0.16015936434268951,0.9852941036224365,0.5280560851097107
YGL133W,YKL120W,0,-3.288536,0.16013383865356445,0.9852941036224365,0.5281563401222229
YJL180C,YNL279W,0,-3.288658,0.16010832786560059,0.9852941036224365,0.5282565355300903
YMR043W,YNR032W,0,-3.2891183,0.1600828319787979,0.9852941036224365,0.5283567309379578
YJL093C,YHL017W,0,-3.2892017,0.16005733609199524,0.9852941036224365,0.5284569263458252
YJL153C,YLR139C,0,-3.2892325,0.16003184020519257,0.9852941036224365,0.5285571217536926
YDR097C,YJL139C,0,-3.2892604,0.16000637412071228,0.9852941036224365,0.5286573171615601
YJL162C,YHR025W,0,-3.289432,0.1599808931350708,0.9852941036224365,0.5287575125694275
YML088W,YGR217W,0,-3.2895222,0.1599554419517517,0.9852941036224365,0.5288577079772949
YBR175W,YER106W,0,-3.2899861,0.15992997586727142,0.9852941036224365,0.5289579033851624
YIR009W,YDR246W,0,-3.2901545,0.15990453958511353,0.9852941036224365,0.5290580987930298
YOR181W,YPL063W,0,-3.2901566,0.15987910330295563,0.9852941036224365,0.5291582942008972
YPR098C,YOR372C,0,-3.2903945,0.15985366702079773,0.9852941036224365,0.5292584896087646
YPL164C,YNL327W,0,-3.290438,0.15982824563980103,0.9852941036224365,0.5293587446212769
YER029C,YGL161C,0,-3.2905135,0.15980282425880432,0.9852941036224365,0.5294589400291443
YNR055C,YML001W,0,-3.290573,0.1597774177789688,0.9852941036224365,0.5295591354370117
YDR145W,YOR080W,0,-3.290629,0.1597520262002945,0.9852941036224365,0.5296593308448792
YBR216C,YLR138W,0,-3.2908483,0.15972663462162018,0.9852941036224365,0.5297595262527466
YBL013W,YDL211C,0,-3.2910292,0.15970125794410706,0.9852941036224365,0.529859721660614
YCL029C,YML127W,0,-3.2910495,0.15967588126659393,0.9852941036224365,0.5299599170684814
YCR023C,YKL027W,0,-3.2912102,0.159650519490242,0.9852941036224365,0.5300601124763489
YBR109C,YMR127C,0,-3.291215,0.15962515771389008,0.9852941036224365,0.5301603078842163
YNR027W,YDR225W,0,-3.291449,0.15959981083869934,0.9852941036224365,0.5302605032920837
YIL147C,YBR293W,0,-3.2915573,0.1595744639635086,0.9852941036224365,0.5303606986999512
YNR032C-A,YNL305C,0,-3.29157,0.15954913198947906,0.9852941036224365,0.5304608941078186
YMR171C,YCL048W,0,-3.2916946,0.15952381491661072,0.9852941036224365,0.5305611491203308
YGR209C,YBR272C,0,-3.2918754,0.15949849784374237,0.9852941036224365,0.5306613445281982
YBR205W,YHR194W,0,-3.2923949,0.15947318077087402,0.9852941036224365,0.5307615399360657
YJR132W,YNL103W,0,-3.2927256,0.15944787859916687,0.9852941036224365,0.5308617353439331
YJL042W,YPL204W,0,-3.2928033,0.1594225913286209,0.9852941036224365,0.5309619307518005
YBR283C,YBR218C,0,-3.2928338,0.15939730405807495,0.9852941036224365,0.531062126159668
YKL006W,YDR352W,0,-3.293099,0.15937203168869019,0.9852941036224365,0.5311623215675354
YKL156W,YNL129W,0,-3.2935572,0.15934675931930542,0.9852941036224365,0.5312625169754028
YJL013C,YDL079C,0,-3.2939024,0.15932150185108185,0.9852941036224365,0.5313627123832703
YDL191W,YOR242C,0,-3.2939606,0.15929624438285828,0.9852941036224365,0.5314629077911377
YKR029C,YML027W,0,-3.2939625,0.1592710018157959,0.9852941036224365,0.5315631031990051
YJL180C,YJL109C,0,-3.2942405,0.15924575924873352,0.9852941036224365,0.5316632986068726
YJL116C,YLR371W,0,-3.2944465,0.15922053158283234,0.9852941036224365,0.5317635536193848
YPR181C,YDR001C,0,-3.2946281,0.15919530391693115,0.9852941036224365,0.5318637490272522
YNL328C,YOL078W,0,-3.2952719,0.15917009115219116,0.9852941036224365,0.5319639444351196
YDL099W,YDL130W,0,-3.2955308,0.15914489328861237,0.9852941036224365,0.5320641398429871
YOL089C,YCR005C,0,-3.2955637,0.15911969542503357,0.9852941036224365,0.5321643352508545
YBL066C,YER102W,0,-3.295849,0.15909451246261597,0.9852941036224365,0.5322645306587219
YMR053C,YOR066W,0,-3.296083,0.15906932950019836,0.9852941036224365,0.5323647260665894
YBR234C,YDR356W,0,-3.296115,0.15904414653778076,0.9852941036224365,0.5324649214744568
YPL281C,YDL164C,0,-3.2964637,0.15901899337768555,0.9852941036224365,0.5325651168823242
YBL019W,YOL130W,0,-3.296856,0.15899382531642914,0.9852941036224365,0.5326653122901917
YBR024W,YKL056C,0,-3.2968614,0.15896868705749512,0.9852941036224365,0.5327655076980591
YGR224W,YCR040W,0,-3.2969413,0.1589435338973999,0.9852941036224365,0.5328657031059265
YGL054C,YML038C,0,-3.297698,0.15891841053962708,0.9852941036224365,0.5329659581184387
YMR100W,YDR303C,0,-3.2977643,0.15889328718185425,0.9852941036224365,0.5330661535263062
YCL001W,YER041W,0,-3.297802,0.15886816382408142,0.9852941036224365,0.5331663489341736
YKL197C,YPL049C,0,-3.2981458,0.1588430553674698,0.9852941036224365,0.533266544342041
YLR421C,YOR037W,0,-3.2983155,0.15881794691085815,0.9852941036224365,0.5333667397499084
YOL055C,YOL006C,0,-3.2983708,0.15879285335540771,0.9852941036224365,0.5334669351577759
YPR086W,YER041W,0,-3.2984083,0.15876777470111847,0.9852941036224365,0.5335671305656433
YJL045W,YJL092W,0,-3.2985802,0.15874269604682922,0.9852941036224365,0.5336673259735107
YOL001W,YBR205W,0,-3.2986233,0.15871761739253998,0.9852941036224365,0.5337675213813782
YOR075W,YDR065W,0,-3.2986999,0.15869256854057312,0.9852941036224365,0.5338677167892456
YLR409C,YLR165C,1,-3.2988348,0.15882538259029388,0.9862744808197021,0.5338677167892456
YJR035W,YNL254C,0,-3.2992487,0.15880031883716583,0.9862744808197021,0.533967912197113
YDR354W,YMR068W,0,-3.2994058,0.15877525508403778,0.9862744808197021,0.5340681076049805
YDR388W,YLR262C,0,-3.2994387,0.15875019133090973,0.9862744808197021,0.5341683626174927
YDR329C,YDR143C,0,-3.3001728,0.15872514247894287,0.9862744808197021,0.5342685580253601
YER082C,YFR007W,0,-3.300262,0.1587001085281372,0.9862744808197021,0.5343687534332275
YPL228W,YDR176W,0,-3.3004775,0.15867507457733154,0.9862744808197021,0.534468948841095
YOR336W,YDR122W,0,-3.3005414,0.15865005552768707,0.9862744808197021,0.5345691442489624
YGR287C,YHR001W,0,-3.3005667,0.1586250364780426,0.9862744808197021,0.5346693396568298
YIL126W,YNL183C,0,-3.30084,0.15860003232955933,0.9862744808197021,0.5347695350646973
YMR275C,YIL144W,0,-3.3008738,0.15857502818107605,0.9862744808197021,0.5348697304725647
YHL025W,YER173W,0,-3.3010788,0.15855003893375397,0.9862744808197021,0.5349699258804321
YPL173W,YDR058C,0,-3.301089,0.15852504968643188,0.9862744808197021,0.5350701212882996
YNL331C,YBR087W,0,-3.3011642,0.158500075340271,0.9862744808197021,0.535170316696167
YNL189W,YKR087C,0,-3.3011675,0.1584751158952713,0.9862744808197021,0.5352705121040344
YGL067W,YER157W,0,-3.3015153,0.1584501564502716,0.9862744808197021,0.5353707671165466
YLR370C,YNL149C,0,-3.3015718,0.1584251970052719,0.9862744808197021,0.5354709625244141
YMR071C,YER015W,0,-3.3017259,0.1584002524614334,0.9862744808197021,0.5355711579322815
YJR113C,YLR128W,0,-3.3020093,0.1583753079175949,0.9862744808197021,0.5356713533401489
YGR278W,YDR197W,0,-3.302196,0.1583503782749176,0.9862744808197021,0.5357715487480164
YDR477W,YCL075W,0,-3.3024297,0.1583254635334015,0.9862744808197021,0.5358717441558838
YHR043C,YHR005C,0,-3.3024545,0.15830054879188538,0.9862744808197021,0.5359719395637512
YBL093C,YOR067C,0,-3.3025007,0.15827564895153046,0.9862744808197021,0.5360721349716187
YPL228W,YDR297W,0,-3.302559,0.15825074911117554,0.9862744808197021,0.5361723303794861
YDR101C,YAL014C,0,-3.302619,0.1582258641719818,0.9862744808197021,0.5362725257873535
YDL115C,YER021W,0,-3.3028793,0.15820097923278809,0.9862744808197021,0.536372721195221
YMR307W,YLR006C,0,-3.3031113,0.15817609429359436,0.9862744808197021,0.5364729166030884
YML118W,YHL036W,0,-3.3031225,0.15815123915672302,0.9862744808197021,0.5365731716156006
YIL154C,YHL036W,0,-3.3032496,0.1581263691186905,0.9862744808197021,0.536673367023468
YGR120C,YNL293W,0,-3.303713,0.15810152888298035,0.9862744808197021,0.5367735624313354
YGL155W,YLR052W,0,-3.3037271,0.1580766886472702,0.9862744808197021,0.5368737578392029
YLR061W,YDR362C,0,-3.3037775,0.15805184841156006,0.9862744808197021,0.5369739532470703
YFL052W,YLR115W,0,-3.3038135,0.1580270230770111,0.9862744808197021,0.5370741486549377
YDL067C,YJL198W,0,-3.3041081,0.15800219774246216,0.9862744808197021,0.5371743440628052
YJL219W,YGL153W,0,-3.3042173,0.1579773873090744,0.9862744808197021,0.5372745394706726
YDR316W,YLR226W,0,-3.3044422,0.15795257687568665,0.9862744808197021,0.53737473487854
YOR258W,YPR185W,0,-3.304459,0.15792778134346008,0.9862744808197021,0.5374749302864075
YDR450W,YJR022W,1,-3.3046482,0.1580599546432495,0.9872549176216125,0.5374749302864075
YHR143W,YMR067C,0,-3.3047822,0.15803515911102295,0.9872549176216125,0.5375751256942749
YER018C,YJL196C,0,-3.3050425,0.1580103635787964,0.9872549176216125,0.5376753211021423
YDR517W,YHL013C,0,-3.3057733,0.15798556804656982,0.9872549176216125,0.5377755761146545
YNL166C,YBR210W,0,-3.3057775,0.15796078741550446,0.9872549176216125,0.537875771522522
YOR060C,YDR096W,0,-3.305945,0.1579360067844391,0.9872549176216125,0.5379759669303894
YHR065C,YKL016C,0,-3.3061357,0.1579112410545349,0.9872549176216125,0.5380761623382568
YLR297W,YJR084W,0,-3.3061855,0.15788649022579193,0.9872549176216125,0.5381763577461243
YBL009W,YDR078C,0,-3.3065825,0.15786173939704895,0.9872549176216125,0.5382765531539917
YHR147C,YLR035C,0,-3.3068802,0.15783698856830597,0.9872549176216125,0.5383767485618591
YJL138C,YIL040W,0,-3.307003,0.15781225264072418,0.9872549176216125,0.5384769439697266
YBR126C,YNL083W,0,-3.3071818,0.1577875316143036,0.9872549176216125,0.538577139377594
YDR406W,YDL144C,0,-3.3072643,0.157762810587883,0.9872549176216125,0.5386773347854614
YNL098C,YBL072C,0,-3.307355,0.1577380895614624,0.9872549176216125,0.5387775301933289
YHR147C,YKR098C,0,-3.307448,0.157713383436203,0.9872549176216125,0.5388777852058411
YML055W,YBR049C,0,-3.308042,0.1576886922121048,0.9872549176216125,0.5389779806137085
YBR084C-A,YOL016C,0,-3.3080766,0.1576640009880066,0.9872549176216125,0.5390781760215759
YLL039C,YDR258C,0,-3.3081775,0.15763932466506958,0.9872549176216125,0.5391783714294434
YGL023C,YBR012W-B,0,-3.3084755,0.15761464834213257,0.9872549176216125,0.5392785668373108
YBR267W,YNL146W,0,-3.3087182,0.15758998692035675,0.9872549176216125,0.5393787622451782
YLR069C,YCR105W,0,-3.3089395,0.15756532549858093,0.9872549176216125,0.5394789576530457
YHR042W,YJL165C,0,-3.3090434,0.1575406789779663,0.9872549176216125,0.5395791530609131
YIR023W,YCL017C,0,-3.3090854,0.15751603245735168,0.9872549176216125,0.5396793484687805
YNR071C,YGR224W,0,-3.3092036,0.15749140083789825,0.9872549176216125,0.539779543876648
YOR278W,YDL231C,0,-3.3093638,0.15746676921844482,0.9872549176216125,0.5398797392845154
YOR131C,YCR004C,0,-3.3095043,0.1574421525001526,0.9872549176216125,0.5399799346923828
YBR149W,YPL103C,0,-3.3099365,0.15741753578186035,0.9872549176216125,0.540080189704895
YDR422C,YLR237W,0,-3.310017,0.1573929339647293,0.9872549176216125,0.5401803851127625
YNL227C,YER014W,0,-3.3102555,0.15736833214759827,0.9872549176216125,0.5402805805206299
YKL188C,YDR334W,0,-3.3103185,0.15734374523162842,0.9872549176216125,0.5403807759284973
YCL001W,YPL239W,0,-3.3105907,0.15731917321681976,0.9872549176216125,0.5404809713363647
YGR033C,YPL217C,0,-3.3107872,0.1572946012020111,0.9872549176216125,0.5405811667442322
YPL225W,YOL146W,0,-3.3109686,0.15727002918720245,0.9872549176216125,0.5406813621520996
YML046W,YBR179C,0,-3.3109703,0.157245472073555,0.9872549176216125,0.540781557559967
YOR100C,YDR020C,0,-3.3109808,0.15722091495990753,0.9872549176216125,0.5408817529678345
YER124C,YDR016C,0,-3.3110023,0.15719637274742126,0.9872549176216125,0.5409819483757019
YLL028W,YHR080C,0,-3.3112018,0.1571718454360962,0.9872549176216125,0.5410821437835693
YDR246W,YOR122C,0,-3.3114946,0.15714731812477112,0.9872549176216125,0.5411823391914368
YBL066C,YBR092C,0,-3.3114986,0.15712279081344604,0.9872549176216125,0.541282594203949
YJR160C,YER036C,0,-3.3118362,0.15709827840328217,0.9872549176216125,0.5413827896118164
YNL162W,YLR081W,0,-3.3122778,0.15707378089427948,0.9872549176216125,0.5414829850196838
YOR198C,YDR075W,0,-3.3123326,0.1570492833852768,0.9872549176216125,0.5415831804275513
YPR096C,YDR545W,0,-3.3123345,0.1570248007774353,0.9872549176216125,0.5416833758354187
YOL030W,YDR096W,0,-3.3124602,0.1570003181695938,0.9872549176216125,0.5417835712432861
YLR126C,YJR132W,0,-3.3126044,0.15697583556175232,0.9872549176216125,0.5418837666511536
YAL030W,YER113C,0,-3.3127427,0.15695136785507202,0.9872549176216125,0.541983962059021
YOR221C,YFL003C,0,-3.3128033,0.15692691504955292,0.9872549176216125,0.5420841574668884
YPL268W,YOR197W,0,-3.3135958,0.1569024622440338,0.9872549176216125,0.5421843528747559
YHL002W,YOR195W,0,-3.3139467,0.1568780243396759,0.9872549176216125,0.5422845482826233
YGL250W,YHR185C,0,-3.3140545,0.156853586435318,0.9872549176216125,0.5423847436904907
YOR373W,YLR117C,0,-3.314217,0.15682914853096008,0.9872549176216125,0.5424849987030029
YPL177C,YDR507C,0,-3.3151684,0.15680474042892456,0.9872549176216125,0.5425851941108704
YBR301W,YLR249W,0,-3.3152273,0.15678031742572784,0.9872549176216125,0.5426853895187378
YLR288C,YLR398C,0,-3.3152475,0.15675590932369232,0.9872549176216125,0.5427855849266052
YHR171W,YKL197C,0,-3.3155875,0.156731516122818,0.9872549176216125,0.5428857803344727
YML010W,YNL101W,0,-3.315692,0.15670712292194366,0.9872549176216125,0.5429859757423401
YJR125C,YEL002C,0,-3.3157706,0.15668274462223053,0.9872549176216125,0.5430861711502075
YKL077W,YBR162C,0,-3.315792,0.1566583663225174,0.9872549176216125,0.543186366558075
YJR048W,YDR325W,0,-3.3158145,0.15663400292396545,0.9872549176216125,0.5432865619659424
YER102W,YPR066W,0,-3.3159351,0.1566096395254135,0.9872549176216125,0.5433867573738098
YLR038C,YOR284W,0,-3.3160365,0.15658529102802277,0.9872549176216125,0.5434869527816772
YKL154W,YCR045C,0,-3.316042,0.15656094253063202,0.9872549176216125,0.5435871481895447
YOL044W,YER031C,0,-3.3161087,0.15653660893440247,0.9872549176216125,0.5436874032020569
YML059C,YOR234C,0,-3.3161674,0.1565122753381729,0.9872549176216125,0.5437875986099243
YBL021C,YHL003C,0,-3.316737,0.15648795664310455,0.9872549176216125,0.5438877940177917
YDL123W,YLR466W,0,-3.3167481,0.1564636379480362,0.9872549176216125,0.5439879894256592
YPL095C,YOR049C,0,-3.3167582,0.15643933415412903,0.9872549176216125,0.5440881848335266
YNL177C,YLL005C,0,-3.3168256,0.15641503036022186,0.9872549176216125,0.544188380241394
YLR441C,YDR197W,0,-3.3169775,0.1563907414674759,0.9872549176216125,0.5442885756492615
YDR325W,YDR237W,0,-3.316988,0.15636645257472992,0.9872549176216125,0.5443887710571289
YGL053W,YGR028W,0,-3.317052,0.15634217858314514,0.9872549176216125,0.5444889664649963
YNL240C,YDR115W,0,-3.3171,0.15631791949272156,0.9872549176216125,0.5445891618728638
YPL053C,YPR028W,0,-3.3173416,0.15629364550113678,0.9872549176216125,0.5446893572807312
YOR149C,YKL125W,0,-3.3177714,0.1562694013118744,0.9872549176216125,0.5447895526885986
YHL031C,YKR007W,0,-3.3179061,0.156245157122612,0.9872549176216125,0.5448898077011108
YBR019C,YOL084W,0,-3.3179717,0.1562209129333496,0.9872549176216125,0.5449900031089783
YER172C,YMR023C,0,-3.3179746,0.1561966836452484,0.9872549176216125,0.5450901985168457
YDR182W,YJR091C,0,-3.318081,0.15617245435714722,0.9872549176216125,0.5451903939247131
YBL007C,YAL014C,0,-3.3181095,0.15614823997020721,0.9872549176216125,0.5452905893325806
YNL252C,YKL079W,0,-3.31819,0.1561240255832672,0.9872549176216125,0.545390784740448
YCR038C,YNL190W,0,-3.318369,0.1560998260974884,0.9872549176216125,0.5454909801483154
YGR178C,YDR206W,0,-3.3184838,0.1560756415128708,0.9872549176216125,0.5455911755561829
YPR180W,YPL016W,0,-3.3191595,0.15605144202709198,0.9872549176216125,0.5456913709640503
YOR202W,YER088C,0,-3.319353,0.15602727234363556,0.9872549176216125,0.5457915663719177
YDR385W,YIL121W,0,-3.319386,0.15600310266017914,0.9872549176216125,0.5458917617797852
YGR065C,YOR255W,0,-3.3194053,0.15597893297672272,0.9872549176216125,0.5459919571876526
YFR027W,YER016W,0,-3.3195715,0.1559547781944275,0.9872549176216125,0.5460922122001648
YKR034W,YHR207C,0,-3.3198724,0.15593062341213226,0.9872549176216125,0.5461924076080322
YEL048C,YGR097W,0,-3.3207872,0.15590648353099823,0.9872549176216125,0.5462926030158997
YAL041W,YBL013W,0,-3.3208103,0.1558823585510254,0.9872549176216125,0.5463927984237671
YNL287W,YOR307C,0,-3.3209536,0.15585823357105255,0.9872549176216125,0.5464929938316345
YOL100W,YPL103C,0,-3.3210065,0.1558341085910797,0.9872549176216125,0.546593189239502
YLR081W,YNL199C,0,-3.3210669,0.15580999851226807,0.9872549176216125,0.5466933846473694
YDL193W,YGR123C,0,-3.3212838,0.15578588843345642,0.9872549176216125,0.5467935800552368
YGL192W,YIL033C,0,-3.3212852,0.15576179325580597,0.9872549176216125,0.5468937754631042
YER179W,YDR343C,0,-3.3213043,0.15573769807815552,0.9872549176216125,0.5469939708709717
YGL017W,YPR098C,0,-3.3220265,0.15571361780166626,0.9872549176216125,0.5470941662788391
YOL137W,YJR013W,0,-3.3222625,0.1556895524263382,0.9872549176216125,0.5471943616867065
YDR257C,YDR160W,0,-3.3225648,0.15566548705101013,0.9872549176216125,0.5472946166992188
YGL175C,YOR236W,0,-3.3225946,0.15564142167568207,0.9872549176216125,0.5473948121070862
YNL272C,YHR101C,0,-3.3226705,0.1556173712015152,0.9872549176216125,0.5474950075149536
YJL118W,YBL088C,0,-3.322791,0.15559332072734833,0.9872549176216125,0.547595202922821
YKR089C,YMR291W,0,-3.3228896,0.15556928515434265,0.9872549176216125,0.5476953983306885
YPL204W,YOR358W,0,-3.3228903,0.15554526448249817,0.9872549176216125,0.5477955937385559
YBR268W,YDR482C,0,-3.3229833,0.1555212289094925,0.9872549176216125,0.5478957891464233
YGL196W,YDR237W,0,-3.3229969,0.1554972231388092,0.9872549176216125,0.5479959845542908
YER147C,YAL021C,0,-3.3231096,0.15547321736812592,0.9872549176216125,0.5480961799621582
YCR027C,YDR253C,0,-3.3233476,0.15544921159744263,0.9872549176216125,0.5481963753700256
YPL198W,YPR183W,0,-3.3238254,0.15542522072792053,0.9872549176216125,0.5482965707778931
YOL122C,YML127W,0,-3.323995,0.15540122985839844,0.9872549176216125,0.5483967661857605
YDR255C,YJL058C,0,-3.3240228,0.15537725389003754,0.9872549176216125,0.5484970211982727
YBR301W,YHR031C,0,-3.3241253,0.15535329282283783,0.9872549176216125,0.5485972166061401
YHR009C,YDL113C,0,-3.3242288,0.15532931685447693,0.9872549176216125,0.5486974120140076
YMR048W,YBR297W,0,-3.3243227,0.15530537068843842,0.9872549176216125,0.548797607421875
YDR036C,YBR301W,0,-3.3245559,0.1552814245223999,0.9872549176216125,0.5488978028297424
YGL126W,YMR009W,0,-3.3247516,0.1552574783563614,0.9872549176216125,0.5489979982376099
YDR388W,YML127W,0,-3.3250577,0.15523354709148407,0.9872549176216125,0.5490981936454773
YER054C,YGL059W,0,-3.3252,0.15520961582660675,0.9872549176216125,0.5491983890533447
YEL071W,YBR264C,0,-3.3252907,0.15518569946289062,0.9872549176216125,0.5492985844612122
YER139C,YNL088W,0,-3.3254988,0.1551617830991745,0.9872549176216125,0.5493987798690796
YCL066W,YOR122C,0,-3.3257155,0.15513788163661957,0.9872549176216125,0.549498975276947
YOR177C,YLR178C,0,-3.3258317,0.15511398017406464,0.9872549176216125,0.5495991706848145
YAL001C,YER167W,0,-3.325866,0.1550900936126709,0.9872549176216125,0.5496994256973267
YMR220W,YGR174C,0,-3.3258843,0.15506622195243835,0.9872549176216125,0.5497996211051941
YIL062C,YEL015W,0,-3.326291,0.15504233539104462,0.9872549176216125,0.5498998165130615
YNR023W,YML116W,0,-3.3264267,0.15501847863197327,0.9872549176216125,0.550000011920929
YLR313C,YHR031C,0,-3.326699,0.15499460697174072,0.9872549176216125,0.5501002073287964
YGR071C,YOL095C,0,-3.3269086,0.15497076511383057,0.9872549176216125,0.5502004027366638
YDR440W,YPL172C,0,-3.3269696,0.15494690835475922,0.9872549176216125,0.5503005981445312
YCL017C,YAL015C,0,-3.3270655,0.15492308139801025,0.9872549176216125,0.5504007935523987
YPL118W,YDL072C,0,-3.3271365,0.1548992395401001,0.9872549176216125,0.5505009889602661
YBR272C,YMR189W,0,-3.3271868,0.15487542748451233,0.9872549176216125,0.5506011843681335
YKL173W,YAL005C,0,-3.327255,0.15485160052776337,0.9872549176216125,0.550701379776001
YDR171W,YDL076C,0,-3.3273945,0.1548278033733368,0.9872549176216125,0.5508015751838684
YDL033C,YLR038C,0,-3.327506,0.15480399131774902,0.9872549176216125,0.5509018301963806
YOR202W,YOR253W,0,-3.3275166,0.15478020906448364,0.9872549176216125,0.551002025604248
YOL122C,YJL156C,0,-3.327547,0.15475641191005707,0.9872549176216125,0.5511022210121155
YHR157W,YBR077C,0,-3.327602,0.1547326296567917,0.9872549176216125,0.5512024164199829
YJL208C,YLR176C,0,-3.3276215,0.1547088623046875,0.9872549176216125,0.5513026118278503
YGL089C,YLR136C,0,-3.3277302,0.1546850949525833,0.9872549176216125,0.5514028072357178
YDR189W,YDR317W,0,-3.3277783,0.15466134250164032,0.9872549176216125,0.5515030026435852
YLR014C,YLR099C,0,-3.327972,0.15463759005069733,0.9872549176216125,0.5516031980514526
YJL118W,YBR112C,0,-3.3282132,0.15461385250091553,0.9872549176216125,0.5517033934593201
YJR010C-A,YLR315W,0,-3.3283882,0.15459011495113373,0.9872549176216125,0.5518035888671875
YJL054W,YOR193W,0,-3.328569,0.15456639230251312,0.9872549176216125,0.5519037842750549
YJL180C,YNL233W,0,-3.328573,0.15454266965389252,0.9872549176216125,0.5520039796829224
YGL093W,YBR240C,0,-3.329081,0.1545189470052719,0.9872549176216125,0.5521042346954346
YEL013W,YCR102C,0,-3.3291078,0.1544952392578125,0.9872549176216125,0.552204430103302
YGL208W,YNL317W,0,-3.3292959,0.15447154641151428,0.9872549176216125,0.5523046255111694
YIR034C,YGL196W,0,-3.3294344,0.15444785356521606,0.9872549176216125,0.5524048209190369
YNL286W,YOL071W,0,-3.3295064,0.15442416071891785,0.9872549176216125,0.5525050163269043
YCR027C,YIL036W,0,-3.329659,0.15440049767494202,0.9872549176216125,0.5526052117347717
YDR206W,YGL013C,0,-3.3296766,0.154376819729805,0.9872549176216125,0.5527054071426392
YDR175C,YML133C,0,-3.3297822,0.15435315668582916,0.9872549176216125,0.5528056025505066
YKL091C,YPL174C,0,-3.3301902,0.15432950854301453,0.9872549176216125,0.552905797958374
YIL157C,YGL107C,0,-3.330304,0.1543058604001999,0.9872549176216125,0.5530059933662415
YIL148W,YNR061C,0,-3.330419,0.15428221225738525,0.9872549176216125,0.5531061887741089
YDR326C,YJR056C,0,-3.3311796,0.1542585790157318,0.9872549176216125,0.5532063841819763
YJL074C,YML082W,0,-3.3313255,0.15423494577407837,0.9872549176216125,0.5533066391944885
YGL157W,YMR199W,0,-3.331611,0.15421132743358612,0.9872549176216125,0.553406834602356
YLL028W,YNL229C,0,-3.3324685,0.15418772399425507,0.9872549176216125,0.5535070300102234
YFR041C,YLR233C,0,-3.3325455,0.154164120554924,0.9872549176216125,0.5536072254180908
YLR453C,YKR094C,0,-3.3326612,0.15414051711559296,0.9872549176216125,0.5537074208259583
YMR139W,YCR068W,0,-3.33282,0.1541169285774231,0.9872549176216125,0.5538076162338257
YPL013C,YPL075W,0,-3.332882,0.15409334003925323,0.9872549176216125,0.5539078116416931
YNR039C,YIL036W,0,-3.3329082,0.15406976640224457,0.9872549176216125,0.5540080070495605
YGR142W,YLR010C,0,-3.3330326,0.1540461927652359,0.9872549176216125,0.554108202457428
YHR044C,YBR289W,0,-3.333623,0.15402263402938843,0.9872549176216125,0.5542083978652954
YOL003C,YHL007C,0,-3.333761,0.15399907529354095,0.9872549176216125,0.5543085932731628
YBR215W,YGL013C,0,-3.3339183,0.15397553145885468,0.9872549176216125,0.5544087886810303
YPL158C,YMR098C,0,-3.3339403,0.1539520025253296,0.9872549176216125,0.5545090436935425
YNL146W,YDR343C,0,-3.334192,0.1539284586906433,0.9872549176216125,0.5546092391014099
YDL174C,YJL184W,0,-3.3345695,0.15390492975711823,0.9872549176216125,0.5547094345092773
YNL081C,YPL281C,0,-3.3345742,0.15388141572475433,0.9872549176216125,0.5548096299171448
YHR105W,YLR097C,0,-3.3349295,0.15385790169239044,0.9872549176216125,0.5549098253250122
YGR209C,YML066C,0,-3.3351274,0.15383440256118774,0.9872549176216125,0.5550100207328796
YIL031W,YNL067W,0,-3.335198,0.15381090342998505,0.9872549176216125,0.5551102161407471
YML123C,YDR359C,0,-3.3354816,0.15378741919994354,0.9872549176216125,0.5552104115486145
YCR075C,YPL203W,0,-3.3357038,0.15376393496990204,0.9872549176216125,0.5553106069564819
YOL032W,YML086C,0,-3.335712,0.15374045073986053,0.9872549176216125,0.5554108023643494
YBR146W,YLR133W,0,-3.3359594,0.15371699631214142,0.9872549176216125,0.5555109977722168
YIL041W,YGL003C,0,-3.3360476,0.1536935269832611,0.9872549176216125,0.5556111931800842
YHR094C,YDR412W,0,-3.3361883,0.153670072555542,0.9872549176216125,0.5557114481925964
YGR194C,YJL093C,0,-3.3371916,0.15364663302898407,0.9872549176216125,0.5558116436004639
YDL007W,YCR088W,0,-3.337566,0.15362319350242615,0.9872549176216125,0.5559118390083313
YHR188C,YOR178C,0,-3.3381276,0.15359975397586823,0.9872549176216125,0.5560120344161987
YML055W,YOL051W,0,-3.3381548,0.1535763293504715,0.9872549176216125,0.5561122298240662
YIL154C,YIL039W,0,-3.3381815,0.15355291962623596,0.9872549176216125,0.5562124252319336
YDR128W,YBR156C,0,-3.3383825,0.15352949500083923,0.9872549176216125,0.556312620639801
YFL061W,YDR093W,0,-3.3384368,0.1535061001777649,0.9872549176216125,0.5564128160476685
YER035W,YBL008W,0,-3.3385642,0.15348270535469055,0.9872549176216125,0.5565130114555359
YKL029C,YMR306W,0,-3.3389544,0.1534593105316162,0.9872549176216125,0.5566132068634033
YBR014C,YFL034C-B,0,-3.3390017,0.15343593060970306,0.9872549176216125,0.5567134022712708
YAL001C,YBL088C,0,-3.3393116,0.15341255068778992,0.9872549176216125,0.5568135976791382
YJL091C,YOL117W,0,-3.3395147,0.15338918566703796,0.9872549176216125,0.5569138526916504
YBR201W,YLR131C,0,-3.3399444,0.153365820646286,0.9872549176216125,0.5570140480995178
YML015C,YDR208W,0,-3.3401732,0.15334247052669525,0.9872549176216125,0.5571142435073853
YML123C,YGR253C,0,-3.3404627,0.1533191204071045,0.9872549176216125,0.5572144389152527
YOL113W,YDR110W,0,-3.3405833,0.15329578518867493,0.9872549176216125,0.5573146343231201
YLL062C,YDR056C,0,-3.340856,0.15327244997024536,0.9872549176216125,0.5574148297309875
YBR109C,YBR264C,0,-3.341034,0.153249129652977,0.9872549176216125,0.557515025138855
YOR117W,YDR071C,0,-3.3411481,0.15322580933570862,0.9872549176216125,0.5576152205467224
YBL047C,YDR320C,0,-3.3413787,0.15320248901844025,0.9872549176216125,0.5577154159545898
YIR023W,YKL002W,0,-3.3414621,0.15317918360233307,0.9872549176216125,0.5578156113624573
YHL019C,YBL075C,0,-3.341546,0.15315589308738708,0.9872549176216125,0.5579158067703247
YPR148C,YKL155C,0,-3.341649,0.1531326025724411,0.9872549176216125,0.5580160617828369
YLR363C,YJR134C,0,-3.3418257,0.1531093269586563,0.9872549176216125,0.5581162571907043
YDL138W,YKR095W,0,-3.3419218,0.15308605134487152,0.9872549176216125,0.5582164525985718
YGR048W,YNL146W,0,-3.3419385,0.15306277573108673,0.9872549176216125,0.5583166480064392
YLR165C,YMR228W,1,-3.3419788,0.1531914919614792,0.9882352948188782,0.5583166480064392
YKL089W,YLR419W,0,-3.3421042,0.1531682163476944,0.9882352948188782,0.5584168434143066
YJL209W,YPL074W,0,-3.3421216,0.1531449407339096,0.9882352948188782,0.5585170388221741
YFR053C,YBL101C,0,-3.3422341,0.153121680021286,0.9882352948188782,0.5586172342300415
YIL101C,YPL281C,0,-3.3424315,0.15309841930866241,0.9882352948188782,0.5587174296379089
YOR144C,YPL074W,0,-3.3429637,0.1530751734972,0.9882352948188782,0.5588176250457764
YOR344C,YER112W,0,-3.3432631,0.1530519276857376,0.9882352948188782,0.5589178204536438
YKL088W,YPR067W,0,-3.3433237,0.1530286967754364,0.9882352948188782,0.5590180158615112
YOR389W,YPL018W,0,-3.3434024,0.1530054658651352,0.9882352948188782,0.5591182112693787
YIR008C,YKR065C,0,-3.34402,0.15298224985599518,0.9882352948188782,0.5592184662818909
YJL115W,YIL137C,0,-3.3440993,0.15295903384685516,0.9882352948188782,0.5593186616897583
YJL115W,YPL203W,0,-3.3441682,0.15293581783771515,0.9882352948188782,0.5594188570976257
YAR003W,YDR259C,0,-3.3446465,0.15291261672973633,0.9882352948188782,0.5595190525054932
YGR003W,YER146W,0,-3.3447218,0.1528894305229187,0.9882352948188782,0.5596192479133606
YMR166C,YBR164C,0,-3.3448367,0.15286624431610107,0.9882352948188782,0.559719443321228
YMR217W,YLR237W,0,-3.3449655,0.15284305810928345,0.9882352948188782,0.5598196387290955
YBL040C,YNL254C,0,-3.3450196,0.15281988680362701,0.9882352948188782,0.5599198341369629
YMR042W,YOR003W,0,-3.3451252,0.15279673039913177,0.9882352948188782,0.5600200295448303
YER015W,YPL177C,0,-3.3451726,0.15277357399463654,0.9882352948188782,0.5601202249526978
YPL209C,YML021C,0,-3.345332,0.1527504175901413,0.9882352948188782,0.5602204203605652
YDR117C,YOR303W,0,-3.345358,0.15272727608680725,0.9882352948188782,0.5603206157684326
YAL005C,YPR018W,0,-3.345926,0.1527041345834732,0.9882352948188782,0.5604208707809448
YLR450W,YPL016W,0,-3.3461926,0.15268100798130035,0.9882352948188782,0.5605210661888123
YMR314W,YJR014W,0,-3.3463187,0.1526578813791275,0.9882352948188782,0.5606212615966797
YOL126C,YAL056W,0,-3.3469481,0.15263476967811584,0.9882352948188782,0.5607214570045471
YPR095C,YNL134C,0,-3.3469586,0.1526116579771042,0.9882352948188782,0.5608216524124146
YGL084C,YFR049W,0,-3.347061,0.15258856117725372,0.9882352948188782,0.560921847820282
YJL020C,YDL010W,0,-3.3472092,0.15256546437740326,0.9882352948188782,0.5610220432281494
YCR038C,YAR009C,0,-3.3476744,0.1525423675775528,0.9882352948188782,0.5611222386360168
YNL081C,YDL042C,0,-3.3477,0.15251928567886353,0.9882352948188782,0.5612224340438843
YNL148C,YLR320W,0,-3.34827,0.15249621868133545,0.9882352948188782,0.5613226294517517
YOL147C,YDL005C,0,-3.3483343,0.15247315168380737,0.9882352948188782,0.5614228248596191
YPL001W,YOR210W,0,-3.3484821,0.1524500846862793,0.9882352948188782,0.5615230202674866
YGL194C,YER038C,0,-3.3486106,0.15242703258991241,0.9882352948188782,0.5616232752799988
YPL138C,YGR054W,0,-3.348643,0.15240399539470673,0.9882352948188782,0.5617234706878662
YNL294C,YBR241C,0,-3.3492138,0.15238095819950104,0.9882352948188782,0.5618236660957336
YKR050W,YLR070C,0,-3.3493855,0.15235792100429535,0.9882352948188782,0.5619238615036011
YDR347W,YCR005C,0,-3.3494549,0.15233489871025085,0.9882352948188782,0.5620240569114685
YOR155C,YJL108C,0,-3.3495312,0.15231187641620636,0.9882352948188782,0.5621242523193359
YGR044C,YBR004C,0,-3.3502283,0.15228886902332306,0.9882352948188782,0.5622244477272034
YDR242W,YER086W,0,-3.3505504,0.15226586163043976,0.9882352948188782,0.5623246431350708
YLR333C,YDR541C,0,-3.3511763,0.15224286913871765,0.9882352948188782,0.5624248385429382
YPL221W,YPR042C,0,-3.3511882,0.15221987664699554,0.9882352948188782,0.5625250339508057
YMR158W,YGL076C,0,-3.3514962,0.15219688415527344,0.9882352948188782,0.5626252293586731
YDR487C,YDL153C,0,-3.3520892,0.15217390656471252,0.9882352948188782,0.5627254247665405
YPR169W,YGR292W,0,-3.352138,0.1521509438753128,0.9882352948188782,0.5628256797790527
YPR102C,YIL084C,0,-3.3524246,0.15212798118591309,0.9882352948188782,0.5629258751869202
YGL084C,YBL005W-A,0,-3.3526425,0.15210501849651337,0.9882352948188782,0.5630260705947876
YFL029C,YOR195W,0,-3.353098,0.15208207070827484,0.9882352948188782,0.563126266002655
YBL064C,YLL028W,0,-3.3531938,0.1520591378211975,0.9882352948188782,0.5632264614105225
YBR083W,YKL134C,0,-3.3534677,0.15203620493412018,0.9882352948188782,0.5633266568183899
YGL178W,YDR365C,0,-3.353505,0.15201327204704285,0.9882352948188782,0.5634268522262573
YDR182W,YIR004W,0,-3.3536866,0.1519903540611267,0.9882352948188782,0.5635270476341248
YGL029W,YDR031W,0,-3.3539374,0.15196743607521057,0.9882352948188782,0.5636272430419922
YNL287W,YDL189W,0,-3.3542664,0.15194453299045563,0.9882352948188782,0.5637274384498596
YDL143W,YDR007W,0,-3.3542924,0.15192162990570068,0.9882352948188782,0.563827633857727
YLR307W,YDR339C,0,-3.354342,0.15189872682094574,0.9882352948188782,0.5639278292655945
YBL060W,YJL121C,0,-3.3545065,0.15187585353851318,0.9882352948188782,0.5640280842781067
YPL046C,YGR178C,0,-3.3545346,0.15185296535491943,0.9882352948188782,0.5641282796859741
YNL310C,YNL020C,0,-3.3549988,0.15183009207248688,0.9882352948188782,0.5642284750938416
YDR375C,YOL019W,0,-3.3550005,0.15180723369121552,0.9882352948188782,0.564328670501709
YKL212W,YKL132C,0,-3.35506,0.15178437530994415,0.9882352948188782,0.5644288659095764
YGL047W,YNR040W,0,-3.355154,0.1517615169286728,0.9882352948188782,0.5645290613174438
YER011W,YDR071C,0,-3.3552184,0.15173867344856262,0.9882352948188782,0.5646292567253113
YNL181W,YLR110C,0,-3.3553338,0.15171582996845245,0.9882352948188782,0.5647294521331787
YHL019C,YER004W,0,-3.355447,0.15169300138950348,0.9882352948188782,0.5648296475410461
YBR168W,YBR110W,0,-3.355451,0.1516701728105545,0.9882352948188782,0.5649298429489136
YMR156C,YKR010C,0,-3.3555536,0.15164735913276672,0.9882352948188782,0.565030038356781
YCL029C,YDL165W,0,-3.3556702,0.15162454545497894,0.9882352948188782,0.5651302337646484
YNR070W,YDL030W,0,-3.3557057,0.15160174667835236,0.9882352948188782,0.5652304887771606
YAL051W,YDR014W,0,-3.3558216,0.15157894790172577,0.9882352948188782,0.5653306841850281
YBR265W,YJR117W,0,-3.355847,0.15155616402626038,0.9882352948188782,0.5654308795928955
YEL059C-A,YPR018W,0,-3.35598,0.15153338015079498,0.9882352948188782,0.5655310750007629
YDL226C,YLR414C,0,-3.3562274,0.1515105962753296,0.9882352948188782,0.5656312704086304
YER044C-A,YCL069W,0,-3.3562975,0.1514878273010254,0.9882352948188782,0.5657314658164978
YOR380W,YGL054C,0,-3.356549,0.1514650583267212,0.9882352948188782,0.5658316612243652
YNL093W,YCR010C,0,-3.3566275,0.15144230425357819,0.9882352948188782,0.5659318566322327
YNR032W,YER058W,0,-3.35664,0.15141956508159637,0.9882352948188782,0.5660320520401001
YDR020C,YIL171W,0,-3.3566916,0.15139681100845337,0.9882352948188782,0.5661322474479675
YHL022C,YDR231C,0,-3.3566968,0.15137408673763275,0.9882352948188782,0.566232442855835
YOR228C,YNL299W,0,-3.3569388,0.15135134756565094,0.9882352948188782,0.5663326382637024
YPR046W,YGL189C,0,-3.357071,0.15132862329483032,0.9882352948188782,0.5664328932762146
YDL191W,YOR017W,0,-3.3571053,0.1513059139251709,0.9882352948188782,0.566533088684082
YPL237W,YPL248C,0,-3.357317,0.15128320455551147,0.9882352948188782,0.5666332840919495
YJL179W,YBL005W-A,0,-3.3573666,0.15126051008701324,0.9882352948188782,0.5667334794998169
YOR359W,YDR456W,0,-3.3574066,0.15123781561851501,0.9882352948188782,0.5668336749076843
YKR060W,YAL010C,0,-3.3576186,0.15121512115001678,0.9882352948188782,0.5669338703155518
YJR137C,YPL021W,0,-3.357771,0.15119244158267975,0.9882352948188782,0.5670340657234192
YGR122W,YDR500C,0,-3.3578577,0.1511697620153427,0.9882352948188782,0.5671342611312866
YML057W,YML121W,0,-3.3579965,0.15114709734916687,0.9882352948188782,0.567234456539154
YAL062W,YJL089W,0,-3.3580542,0.15112443268299103,0.9882352948188782,0.5673346519470215
YKL069W,YIL099W,0,-3.3583145,0.15110178291797638,0.9882352948188782,0.5674348473548889
YDL081C,YDL132W,0,-3.358397,0.15107913315296173,0.9882352948188782,0.5675350427627563
YGL171W,YKL167C,0,-3.3584003,0.15105649828910828,0.9882352948188782,0.5676352977752686
YPL231W,YOL008W,0,-3.3586197,0.15103386342525482,0.9882352948188782,0.567735493183136
YLR166C,YCR096C,0,-3.3586864,0.15101122856140137,0.9882352948188782,0.5678356885910034
YHR043C,YDR528W,0,-3.35883,0.1509886085987091,0.9882352948188782,0.5679358839988708
YPL020C,YLR034C,0,-3.3589551,0.15096600353717804,0.9882352948188782,0.5680360794067383
YLL062C,YHR136C,0,-3.3589954,0.15094339847564697,0.9882352948188782,0.5681362748146057
YJL019W,YIR015W,0,-3.3593209,0.1509207934141159,0.9882352948188782,0.5682364702224731
YIR008C,YBR110W,0,-3.3594995,0.15089820325374603,0.9882352948188782,0.5683366656303406
YJR059W,YLR438C-A,0,-3.3595047,0.15087561309337616,0.9882352948188782,0.568436861038208
YLR371W,YPL153C,0,-3.3596735,0.15085303783416748,0.9882352948188782,0.5685370564460754
YPL137C,YCR069W,0,-3.3603082,0.1508304625749588,0.9882352948188782,0.5686372518539429
YBR193C,YJR158W,0,-3.3605595,0.15080790221691132,0.9882352948188782,0.5687374472618103
YOL017W,YDR394W,0,-3.3605742,0.15078534185886383,0.9882352948188782,0.5688377022743225
YOL076W,YDR202C,0,-3.360734,0.15076278150081635,0.9882352948188782,0.5689378976821899
YML034W,YKL125W,0,-3.3609104,0.15074023604393005,0.9882352948188782,0.5690380930900574
YKL049C,YAR014C,0,-3.3610578,0.15071770548820496,0.9882352948188782,0.5691382884979248
YJR075W,YDL147W,0,-3.3612647,0.15069517493247986,0.9882352948188782,0.5692384839057922
YMR104C,YLR190W,0,-3.3613951,0.15067264437675476,0.9882352948188782,0.5693386793136597
YIL031W,YPL072W,0,-3.3614821,0.15065012872219086,0.9882352948188782,0.5694388747215271
YJL116C,YJR001W,0,-3.3617496,0.15062761306762695,0.9882352948188782,0.5695390701293945
YJL186W,YLR385C,0,-3.3618748,0.15060511231422424,0.9882352948188782,0.569639265537262
YPL128C,YAR019C,0,-3.3620167,0.15058261156082153,0.9882352948188782,0.5697394609451294
YGL054C,YDL129W,0,-3.3620915,0.15056012570858002,0.9882352948188782,0.5698396563529968
YPL069C,YGL065C,0,-3.3623505,0.1505376398563385,0.9882352948188782,0.5699398517608643
YDR105C,YML100W,0,-3.3624754,0.15051515400409698,0.9882352948188782,0.5700401067733765
YMR122W-A,YGL142C,0,-3.3625956,0.15049268305301666,0.9882352948188782,0.5701403021812439
YNL046W,YMR192W,0,-3.3628201,0.15047021210193634,0.9882352948188782,0.5702404975891113
YNL136W,YNR056C,0,-3.3628378,0.1504477560520172,0.9882352948188782,0.5703406929969788
YDL191W,YPR175W,0,-3.362938,0.15042531490325928,0.9882352948188782,0.5704408884048462
YOR249C,YIL022W,0,-3.3629751,0.15040285885334015,0.9882352948188782,0.5705410838127136
YNR026C,YKL191W,0,-3.3631318,0.1503804326057434,0.9882352948188782,0.570641279220581
YMR165C,YDR402C,0,-3.3631816,0.15035799145698547,0.9882352948188782,0.5707414746284485
YMR201C,YGL104C,0,-3.363895,0.15033556520938873,0.9882352948188782,0.5708416700363159
YOL135C,YKL152C,0,-3.3639445,0.15031315386295319,0.9882352948188782,0.5709418654441833
YBL064C,YPR100W,0,-3.364171,0.15029074251651764,0.9882352948188782,0.5710420608520508
YDR484W,YLR098C,0,-3.3649902,0.1502683311700821,0.9882352948188782,0.5711422562599182
YGR063C,YMR293C,0,-3.3651452,0.15024593472480774,0.9882352948188782,0.5712425112724304
YDL080C,YCL069W,0,-3.3652039,0.15022355318069458,0.9882352948188782,0.5713427066802979
YLR424W,YKR003W,0,-3.3652587,0.15020115673542023,0.9882352948188782,0.5714429020881653
YDL191W,YLR116W,0,-3.365365,0.15017879009246826,0.9882352948188782,0.5715430974960327
YIL084C,YKR064W,0,-3.3654826,0.1501564085483551,0.9882352948188782,0.5716432929039001
YML059C,YPL239W,0,-3.3657389,0.15013404190540314,0.9882352948188782,0.5717434883117676
YCR083W,YPR036W,0,-3.365849,0.15011169016361237,0.9882352948188782,0.571843683719635
YOR140W,YGL067W,0,-3.3663223,0.1500893384218216,0.9882352948188782,0.5719438791275024
YLR323C,YJR015W,0,-3.3663568,0.15006700158119202,0.9882352948188782,0.5720440745353699
YKL101W,YDR300C,0,-3.3663998,0.15004464983940125,0.9882352948188782,0.5721442699432373
YIL037C,YNL233W,0,-3.3664665,0.15002232789993286,0.9882352948188782,0.5722444653511047
YKL116C,YHR079C-A,0,-3.3667989,0.15000000596046448,0.9882352948188782,0.5723446607589722
YOR030W,YPR199C,0,-3.3669355,0.1499776840209961,0.9882352948188782,0.5724449157714844
YBL045C,YIL122W,0,-3.367169,0.1499553769826889,0.9882352948188782,0.5725451111793518
YDR045C,YOR065W,0,-3.367263,0.1499330699443817,0.9882352948188782,0.5726453065872192
YJL168C,YNR011C,0,-3.3677473,0.14991076290607452,0.9882352948188782,0.5727455019950867
YGR086C,YBR156C,0,-3.367788,0.14988847076892853,0.9882352948188782,0.5728456974029541
YDR073W,YHR165C,0,-3.3679185,0.14986619353294373,0.9882352948188782,0.5729458928108215
YGL055W,YFR024C-A,0,-3.3679285,0.14984391629695892,0.9882352948188782,0.573046088218689
YMR221C,YCR039C,0,-3.368207,0.14982163906097412,0.9882352948188782,0.5731462836265564
YDR313C,YHR073W,0,-3.3683128,0.1497993767261505,0.9882352948188782,0.5732464790344238
YJR033C,YDL247W,0,-3.3689713,0.1497771143913269,0.9882352948188782,0.5733466744422913
YLL022C,YPR037C,0,-3.3691037,0.1497548669576645,0.9882352948188782,0.5734468698501587
YKR001C,YBR254C,0,-3.3692806,0.14973261952400208,0.9882352948188782,0.5735470652580261
YOR156C,YDL069C,0,-3.3694735,0.14971038699150085,0.9882352948188782,0.5736473202705383
YOR171C,YEL001C,0,-3.3695703,0.14968815445899963,0.9882352948188782,0.5737475156784058
YBL103C,YLR406C,0,-3.3696518,0.1496659219264984,0.9882352948188782,0.5738477110862732
YLR069C,YNL243W,0,-3.3697362,0.1496437042951584,0.9882352948188782,0.5739479064941406
YNR036C,YER146W,0,-3.369818,0.14962148666381836,0.9882352948188782,0.5740481019020081
YML018C,YKL164C,0,-3.369935,0.14959928393363953,0.9882352948188782,0.5741482973098755
YOR264W,YKL011C,0,-3.370226,0.1495770812034607,0.9882352948188782,0.5742484927177429
YNL317W,YGL139W,0,-3.370507,0.14955489337444305,0.9882352948188782,0.5743486881256104
YDR077W,YER001W,0,-3.3705258,0.14953270554542542,0.9882352948188782,0.5744488835334778
YKR022C,YAL007C,0,-3.3705447,0.14951053261756897,0.9882352948188782,0.5745490789413452
YLL032C,YLR070C,0,-3.3706589,0.14948835968971252,0.9882352948188782,0.5746492743492126
YDR043C,YOR197W,0,-3.3707948,0.14946618676185608,0.9882352948188782,0.5747494697570801
YMR247C,YPL005W,0,-3.3708506,0.14944402873516083,0.9882352948188782,0.5748497247695923
YKL063C,YNL161W,0,-3.3708844,0.14942188560962677,0.9882352948188782,0.5749499201774597
YLR032W,YAR019C,0,-3.3711386,0.14939972758293152,0.9882352948188782,0.5750501155853271
YGL224C,YDL156W,0,-3.3711581,0.14937759935855865,0.9882352948188782,0.5751503109931946
YHR161C,YBR301W,0,-3.371342,0.1493554562330246,0.9882352948188782,0.575250506401062
YBL061C,YDR268W,0,-3.3714187,0.14933332800865173,0.9882352948188782,0.5753507018089294
YDR343C,YGL189C,0,-3.3717585,0.14931121468544006,0.9882352948188782,0.5754508972167969
YOR328W,YGL129C,0,-3.3718572,0.1492891013622284,0.9882352948188782,0.5755510926246643
YLR166C,YIL129C,0,-3.3721159,0.14926698803901672,0.9882352948188782,0.5756512880325317
YKR029C,YBL031W,0,-3.372135,0.14924488961696625,0.9882352948188782,0.5757514834403992
YOL128C,YDL190C,0,-3.3721557,0.14922279119491577,0.9882352948188782,0.5758516788482666
YDR522C,YEL013W,0,-3.3723898,0.1492007076740265,0.9882352948188782,0.575951874256134
YMR195W,YDR462W,0,-3.3724933,0.1491786241531372,0.9882352948188782,0.5760521292686462
YOR035C,YLR410W,0,-3.3725836,0.14915655553340912,0.9882352948188782,0.5761523246765137
YKL056C,YDR343C,0,-3.3729668,0.14913448691368103,0.9882352948188782,0.5762525200843811
YMR175W,YER143W,0,-3.3733706,0.14911243319511414,0.9882352948188782,0.5763527154922485
YHR005C,YLR424W,0,-3.3734183,0.14909036457538605,0.9882352948188782,0.576452910900116
YGR188C,YLR450W,0,-3.3735213,0.14906832575798035,0.9882352948188782,0.5765531063079834
YMR311C,YMR017W,0,-3.3740375,0.14904628694057465,0.9882352948188782,0.5766533017158508
YER068W,YOL059W,0,-3.3741608,0.14902424812316895,0.9882352948188782,0.5767534971237183
YER140W,YDR116C,0,-3.374401,0.14900222420692444,0.9882352948188782,0.5768536925315857
YDR011W,YDR040C,0,-3.37495,0.14898020029067993,0.9882352948188782,0.5769538879394531
YJL145W,YBR280C,0,-3.3750033,0.14895817637443542,0.9882352948188782,0.5770540833473206
YMR235C,YOR358W,0,-3.3754187,0.1489361673593521,0.9882352948188782,0.5771543383598328
YBR273C,YPR199C,0,-3.3760028,0.14891417324543,0.9882352948188782,0.5772545337677002
YJL129C,YDR116C,0,-3.3763702,0.14889216423034668,0.9882352948188782,0.5773547291755676
YDR503C,YML041C,0,-3.3763776,0.14887018501758575,0.9882352948188782,0.5774549245834351
YGL100W,YJL151C,0,-3.3764722,0.14884820580482483,0.9882352948188782,0.5775551199913025
YHR090C,YOL003C,0,-3.3765635,0.1488262265920639,0.9882352948188782,0.5776553153991699
YOR037W,YPR186C,0,-3.376664,0.14880424737930298,0.9882352948188782,0.5777555108070374
YOR110W,YJL089W,0,-3.3767457,0.14878228306770325,0.9882352948188782,0.5778557062149048
YNL097C,YJL207C,0,-3.3768044,0.1487603336572647,0.9882352948188782,0.5779559016227722
YPR148C,YJL121C,0,-3.3773603,0.14873838424682617,0.9882352948188782,0.5780560970306396
YDR450W,YDR289C,0,-3.3775125,0.14871643483638763,0.9882352948188782,0.5781562924385071
YFR047C,YKL087C,0,-3.3775783,0.1486945003271103,0.9882352948188782,0.5782564878463745
YPL006W,YGR055W,0,-3.3777509,0.14867256581783295,0.9882352948188782,0.5783567428588867
YGR005C,YMR266W,0,-3.3778415,0.1486506462097168,0.9882352948188782,0.5784569382667542
YDR456W,YKL155C,0,-3.3779852,0.14862872660160065,0.9882352948188782,0.5785571336746216
YDR085C,YLR138W,0,-3.3780909,0.1486068069934845,0.9882352948188782,0.578657329082489
YLL039C,YIL155C,0,-3.3781776,0.14858490228652954,0.9882352948188782,0.5787575244903564
YJL145W,YBR185C,0,-3.378681,0.14856301248073578,0.9882352948188782,0.5788577198982239
YNL158W,YPL069C,0,-3.378718,0.14854110777378082,0.9882352948188782,0.5789579153060913
YPL189W,YGR181W,0,-3.3788905,0.14851923286914825,0.9882352948188782,0.5790581107139587
YGL079W,YJR066W,0,-3.3789268,0.1484973430633545,0.9882352948188782,0.5791583061218262
YDR301W,YLR099C,0,-3.3789415,0.14847546815872192,0.9882352948188782,0.5792585015296936
YBR186W,YLR098C,0,-3.379156,0.14845360815525055,0.9882352948188782,0.579358696937561
YOL154W,YOR032C,0,-3.3791695,0.14843174815177917,0.9882352948188782,0.5794588923454285
YDL067C,YOR035C,0,-3.3793185,0.1484098881483078,0.9882352948188782,0.5795591473579407
YGR253C,YOR336W,0,-3.3793721,0.14838804304599762,0.9882352948188782,0.5796593427658081
YDL079C,YGL181W,0,-3.3804097,0.14836621284484863,0.9882352948188782,0.5797595381736755
YLR260W,YHR024C,0,-3.3805149,0.14834436774253845,0.9882352948188782,0.579859733581543
YGR295C,YBR283C,0,-3.380971,0.14832253754138947,0.9882352948188782,0.5799599289894104
YOR079C,YHL004W,0,-3.3811662,0.14830072224140167,0.9882352948188782,0.5800601243972778
YHL018W,YKL100C,0,-3.3814535,0.14827890694141388,0.9882352948188782,0.5801603198051453
YEL011W,YJR033C,0,-3.3815303,0.1482570916414261,0.9882352948188782,0.5802605152130127
YKL051W,YER071C,0,-3.3818274,0.1482352912425995,0.9882352948188782,0.5803607106208801
YBR299W,YLR343W,0,-3.3819695,0.1482134908437729,0.9882352948188782,0.5804609060287476
YDR308C,YER169W,0,-3.3821316,0.14819170534610748,0.9882352948188782,0.580561101436615
YBR272C,YLL038C,0,-3.382182,0.14816991984844208,0.9882352948188782,0.5806612968444824
YBL047C,YAL009W,0,-3.3823733,0.14814814925193787,0.9882352948188782,0.5807615518569946
YNR052C,YLR192C,0,-3.3824964,0.14812637865543365,0.9882352948188782,0.5808617472648621
YHR013C,YER106W,0,-3.3825798,0.14810460805892944,0.9882352948188782,0.5809619426727295
YGR289C,YLR385C,0,-3.3827598,0.14808285236358643,0.9882352948188782,0.5810621380805969
YJL154C,YLR410W,0,-3.3827682,0.1480611115694046,0.9882352948188782,0.5811623334884644
YLR442C,YBR130C,0,-3.3827868,0.14803935587406158,0.9882352948188782,0.5812625288963318
YOR059C,YPL225W,0,-3.3830051,0.14801761507987976,0.9882352948188782,0.5813627243041992
YNL280C,YOL023W,0,-3.3831644,0.14799588918685913,0.9882352948188782,0.5814629197120667
YDL210W,YDR065W,0,-3.383196,0.1479741632938385,0.9882352948188782,0.5815631151199341
YGR041W,YPL045W,0,-3.383205,0.14795243740081787,0.9882352948188782,0.5816633105278015
YOR330C,YFR037C,0,-3.3832822,0.14793072640895844,0.9882352948188782,0.581763505935669
YIL010W,YGR249W,0,-3.38374,0.1479090303182602,0.9882352948188782,0.5818637013435364
YAR008W,YDR311W,0,-3.3838239,0.14788731932640076,0.9882352948188782,0.5819639563560486
YIL009W,YNL161W,0,-3.3839352,0.14786562323570251,0.9882352948188782,0.582064151763916
YKR086W,YJR126C,0,-3.3840823,0.14784394204616547,0.9882352948188782,0.5821643471717834
YGR158C,YPL246C,0,-3.3841124,0.14782226085662842,0.9882352948188782,0.5822645425796509
YLR340W,YKR010C,0,-3.3842626,0.14780057966709137,0.9882352948188782,0.5823647379875183
YMR042W,YGL127C,0,-3.3846478,0.14777891337871552,0.9882352948188782,0.5824649333953857
YOL033W,YHR200W,0,-3.385122,0.14775726199150085,0.9882352948188782,0.5825651288032532
YHR122W,YNL263C,0,-3.3852859,0.147735595703125,0.9882352948188782,0.5826653242111206
YOR131C,YPR022C,0,-3.385646,0.14771394431591034,0.9882352948188782,0.582765519618988
YLR373C,YDR235W,0,-3.3856916,0.14769230782985687,0.9882352948188782,0.5828657150268555
YKL176C,YEL009C,0,-3.38583,0.1476706713438034,0.9882352948188782,0.5829659104347229
YGR183C,YOR076C,0,-3.3858685,0.14764903485774994,0.9882352948188782,0.5830661058425903
YMR291W,YPL224C,0,-3.385869,0.14762741327285767,0.9882352948188782,0.5831663608551025
YDL017W,YEL006W,0,-3.385871,0.1476057916879654,0.9882352948188782,0.58326655626297
YGL023C,YHR080C,0,-3.3860362,0.14758418500423431,0.9882352948188782,0.5833667516708374
YNR037C,YJR135C,0,-3.3862057,0.14756257832050323,0.9882352948188782,0.5834669470787048
YER125W,YOR201C,1,-3.387233,0.14768736064434052,0.9892156720161438,0.5834669470787048
YNL212W,YOR129C,0,-3.3875651,0.14766573905944824,0.9892156720161438,0.5835671424865723
YBR231C,YDR197W,0,-3.3880124,0.14764413237571716,0.9892156720161438,0.5836673378944397
YKR080W,YDR244W,0,-3.3882012,0.14762252569198608,0.9892156720161438,0.5837675333023071
YOR030W,YBR258C,0,-3.3884623,0.1476009339094162,0.9892156720161438,0.5838677287101746
YBR248C,YBR077C,0,-3.3891344,0.1475793421268463,0.9892156720161438,0.583967924118042
YJR077C,YPL226W,0,-3.3895528,0.14755776524543762,0.9892156720161438,0.5840681195259094
YNL257C,YDR534C,0,-3.3896213,0.14753618836402893,0.9892156720161438,0.5841683149337769
YCL061C,YOR255W,0,-3.3897905,0.14751462638378143,0.9892156720161438,0.5842685103416443
YGR075C,YNL045W,0,-3.3901029,0.14749304950237274,0.9892156720161438,0.5843687653541565
YER021W,YPL179W,0,-3.3901513,0.14747150242328644,0.9892156720161438,0.5844689607620239
YDR376W,YDL214C,0,-3.3905745,0.14744995534420013,0.9892156720161438,0.5845691561698914
YGL008C,YLR064W,0,-3.3910015,0.14742840826511383,0.9892156720161438,0.5846693515777588
YLR292C,YLR385C,0,-3.3911233,0.14740686118602753,0.9892156720161438,0.5847695469856262
YER071C,YPR154W,0,-3.3912334,0.14738532900810242,0.9892156720161438,0.5848697423934937
YHR215W,YDL101C,0,-3.3912814,0.1473638117313385,0.9892156720161438,0.5849699378013611
YGL192W,YOR070C,0,-3.391577,0.14734229445457458,0.9892156720161438,0.5850701332092285
YDR379W,YOR322C,0,-3.3919964,0.14732077717781067,0.9892156720161438,0.585170328617096
YOL088C,YCR081W,0,-3.392064,0.14729927480220795,0.9892156720161438,0.5852705240249634
YPR103W,YER056C-A,0,-3.3921256,0.14727777242660522,0.9892156720161438,0.5853707194328308
YJL216C,YGL227W,0,-3.3921587,0.1472562700510025,0.9892156720161438,0.5854709148406982
YKL052C,YAL048C,0,-3.392178,0.14723478257656097,0.9892156720161438,0.5855711698532104
YNR046W,YFR006W,0,-3.3921826,0.14721331000328064,0.9892156720161438,0.5856713652610779
YAL030W,YGR140W,0,-3.392306,0.1471918374300003,0.9892156720161438,0.5857715606689453
YOR329C,YMR208W,0,-3.3923144,0.14717036485671997,0.9892156720161438,0.5858717560768127
YER127W,YNR075W,0,-3.3925824,0.14714889228343964,0.9892156720161438,0.5859719514846802
YJR054W,YGR188C,0,-3.392696,0.1471274495124817,0.9892156720161438,0.5860721468925476
YBR079C,YNL315C,0,-3.3927913,0.14710599184036255,0.9892156720161438,0.586172342300415
YOL140W,YCR016W,0,-3.3930387,0.1470845490694046,0.9892156720161438,0.5862725377082825
YIL091C,YKL146W,0,-3.3931768,0.14706310629844666,0.9892156720161438,0.5863727331161499
YPL076W,YJR084W,0,-3.3931856,0.1470416784286499,0.9892156720161438,0.5864729285240173
YLR056W,YDR214W,0,-3.393262,0.14702025055885315,0.9892156720161438,0.5865731239318848
YER184C,YLR075W,0,-3.3934476,0.1469988375902176,0.9892156720161438,0.5866733193397522
YNL067W,YMR167W,0,-3.393478,0.14697742462158203,0.9892156720161438,0.5867735743522644
YLR431C,YPR082C,0,-3.3935692,0.14695601165294647,0.9892156720161438,0.5868737697601318
YER166W,YNR007C,0,-3.3936193,0.1469346135854721,0.9892156720161438,0.5869739651679993
YOL095C,YPL148C,0,-3.3936324,0.14691321551799774,0.9892156720161438,0.5870741605758667
YCL050C,YNR056C,0,-3.3936653,0.14689183235168457,0.9892156720161438,0.5871743559837341
YDR288W,YLR272C,0,-3.3938594,0.1468704491853714,0.9892156720161438,0.5872745513916016
YBR033W,YOL033W,0,-3.3939111,0.14684908092021942,0.9892156720161438,0.587374746799469
YFL022C,YKL086W,0,-3.393941,0.14682771265506744,0.9892156720161438,0.5874749422073364
YDR248C,YOR065W,0,-3.3941946,0.14680634438991547,0.9892156720161438,0.5875751376152039
YLR435W,YGR026W,0,-3.394247,0.14678499102592468,0.9892156720161438,0.5876753330230713
YDL123W,YOR109W,0,-3.3943439,0.1467636376619339,0.9892156720161438,0.5877755284309387
YDR153C,YER030W,0,-3.394554,0.1467422991991043,0.9892156720161438,0.5878757238388062
YOR136W,YGR058W,0,-3.3946357,0.14672096073627472,0.9892156720161438,0.5879759788513184
YDL105W,YLR427W,0,-3.3947737,0.14669962227344513,0.9892156720161438,0.5880761742591858
YOR363C,YGL254W,0,-3.3948622,0.14667829871177673,0.9892156720161438,0.5881763696670532
YPL046C,YJL051W,0,-3.3949718,0.14665697515010834,0.9892156720161438,0.5882765650749207
YLR343W,YDR300C,0,-3.3952708,0.14663566648960114,0.9892156720161438,0.5883767604827881
YIR033W,YNL268W,0,-3.395341,0.14661435782909393,0.9892156720161438,0.5884769558906555
YPL106C,YDR381W,0,-3.3954082,0.14659304916858673,0.9892156720161438,0.588577151298523
YNL294C,YPR036W,0,-3.3956406,0.14657175540924072,0.9892156720161438,0.5886773467063904
YGR286C,YDR020C,0,-3.395802,0.1465504765510559,0.9892156720161438,0.5887775421142578
YOR058C,YGR172C,0,-3.3961177,0.1465291827917099,0.9892156720161438,0.5888777375221252
YOL017W,YIL065C,0,-3.3961563,0.14650791883468628,0.9892156720161438,0.5889779329299927
YBR217W,YJL076W,0,-3.3961637,0.14648663997650146,0.9892156720161438,0.5890781283378601
YCR092C,YHR080C,0,-3.396188,0.14646537601947784,0.9892156720161438,0.5891783833503723
YGR092W,YHR136C,0,-3.3961976,0.14644412696361542,0.9892156720161438,0.5892785787582397
YKL184W,YNL176C,0,-3.3964345,0.1464228630065918,0.9892156720161438,0.5893787741661072
YIL037C,YPR046W,0,-3.3965697,0.14640162885189056,0.9892156720161438,0.5894789695739746
YLR439W,YOR178C,0,-3.397059,0.14638037979602814,0.9892156720161438,0.589579164981842
YDL193W,YER021W,0,-3.3972745,0.1463591456413269,0.9892156720161438,0.5896793603897095
YOL009C,YPR042C,0,-3.397529,0.14633792638778687,0.9892156720161438,0.5897795557975769
YBR016W,YDR300C,0,-3.397582,0.14631670713424683,0.9892156720161438,0.5898797512054443
YBR033W,YMR167W,0,-3.397624,0.1462954878807068,0.9892156720161438,0.5899799466133118
YOR260W,YBR297W,0,-3.3978171,0.14627428352832794,0.9892156720161438,0.5900801420211792
YCR038C,YDR350C,0,-3.3978183,0.1462530791759491,0.9892156720161438,0.5901803374290466
YER129W,YMR307W,0,-3.397885,0.14623188972473145,0.9892156720161438,0.5902805328369141
YPR009W,YLR399C,0,-3.398662,0.1462107002735138,0.9892156720161438,0.5903807878494263
YNL299W,YBR046C,0,-3.3987207,0.14618951082229614,0.9892156720161438,0.5904809832572937
YJL181W,YLR427W,0,-3.3992221,0.14616833627223969,0.9892156720161438,0.5905811786651611
YBR295W,YDL060W,0,-3.3994014,0.14614716172218323,0.9892156720161438,0.5906813740730286
YGL189C,YGR204W,0,-3.3997774,0.14612600207328796,0.9892156720161438,0.590781569480896
YDR375C,YIL022W,0,-3.3997836,0.1461048424243927,0.9892156720161438,0.5908817648887634
YOR045W,YLR423C,0,-3.399787,0.14608368277549744,0.9892156720161438,0.5909819602966309
YCL059C,YJR001W,0,-3.39994,0.14606253802776337,0.9892156720161438,0.5910821557044983
YPR048W,YPL253C,0,-3.4001029,0.1460413932800293,0.9892156720161438,0.5911823511123657
YOR109W,YAL008W,0,-3.4001513,0.14602026343345642,0.9892156720161438,0.5912825465202332
YDR329C,YPL117C,0,-3.4003193,0.14599913358688354,0.9892156720161438,0.5913827419281006
YKL051W,YPR165W,0,-3.4005065,0.14597800374031067,0.9892156720161438,0.591482937335968
YHR186C,YOL007C,0,-3.4005299,0.145956888794899,0.9892156720161438,0.5915831923484802
YJL101C,YJL056C,0,-3.4005618,0.1459357887506485,0.9892156720161438,0.5916833877563477
YDR150W,YKL221W,0,-3.4009337,0.14591467380523682,0.9892156720161438,0.5917835831642151
YER082C,YLR165C,1,-3.4011908,0.14603817462921143,0.9901960492134094,0.5917835831642151
YDR036C,YPR178W,0,-3.401209,0.14601705968379974,0.9901960492134094,0.5918837785720825
YMR021C,YKR093W,0,-3.4014163,0.14599595963954926,0.9901960492134094,0.59198397397995
YHR076W,YKL021C,0,-3.4014645,0.14597484469413757,0.9901960492134094,0.5920841693878174
YLR355C,YFR016C,0,-3.4015062,0.14595375955104828,0.9901960492134094,0.5921843647956848
YLR003C,YHR116W,0,-3.4016628,0.14593267440795898,0.9901960492134094,0.5922845602035522
YNL077W,YHR035W,0,-3.4018104,0.1459115892648697,0.9901960492134094,0.5923847556114197
YGR067C,YPL225W,0,-3.4019072,0.1458905041217804,0.9901960492134094,0.5924849510192871
YNL173C,YMR198W,0,-3.4020567,0.1458694338798523,0.9901960492134094,0.5925851464271545
YIL065C,YOR381W,0,-3.4020991,0.1458483785390854,0.9901960492134094,0.592685341835022
YJR056C,YNR040W,0,-3.4023085,0.14582732319831848,0.9901960492134094,0.5927855968475342
YOR075W,YHR070W,0,-3.4023976,0.14580626785755157,0.9901960492134094,0.5928857922554016
YBR073W,YNL054W,0,-3.402415,0.14578521251678467,0.9901960492134094,0.592985987663269
YPR096C,YGR218W,0,-3.4024198,0.14576418697834015,0.9901960492134094,0.5930861830711365
YML085C,YGR067C,0,-3.402534,0.14574314653873444,0.9901960492134094,0.5931863784790039
YDL103C,YGL160W,0,-3.4025567,0.14572212100028992,0.9901960492134094,0.5932865738868713
YPR122W,YPL116W,0,-3.4029899,0.1457010954618454,0.9901960492134094,0.5933867692947388
YJL118W,YDL106C,0,-3.4030354,0.14568008482456207,0.9901960492134094,0.5934869647026062
YDL044C,YIL066C,0,-3.403215,0.14565907418727875,0.9901960492134094,0.5935871601104736
YDL087C,YNL134C,0,-3.4035196,0.14563806354999542,0.9901960492134094,0.5936873555183411
YBR091C,YIL014W,0,-3.4035854,0.1456170678138733,0.9901960492134094,0.5937875509262085
YGL106W,YPL215W,0,-3.4035993,0.14559607207775116,0.9901960492134094,0.5938877463340759
YGR097W,YDL072C,0,-3.4042904,0.14557509124279022,0.9901960492134094,0.5939880013465881
YNL312W,YML121W,0,-3.4044218,0.14555411040782928,0.9901960492134094,0.5940881967544556
YLR318W,YPR188C,0,-3.4047139,0.14553314447402954,0.9901960492134094,0.594188392162323
YLR089C,YML120C,0,-3.4050043,0.1455121785402298,0.9901960492134094,0.5942885875701904
YJR134C,YAL028W,0,-3.4050493,0.14549121260643005,0.9901960492134094,0.5943887829780579
YJR044C,YOR080W,0,-3.405085,0.1454702615737915,0.9901960492134094,0.5944889783859253
YDL160C,YHR099W,0,-3.4051683,0.14544931054115295,0.9901960492134094,0.5945891737937927
YDL200C,YDR032C,0,-3.40551,0.1454283595085144,0.9901960492134094,0.5946893692016602
YER040W,YIL049W,0,-3.4056783,0.14540742337703705,0.9901960492134094,0.5947895646095276
YHR206W,YGR262C,0,-3.4057677,0.1453865021467209,0.9901960492134094,0.594889760017395
YML046W,YIL013C,0,-3.4057922,0.14536556601524353,0.9901960492134094,0.5949899554252625
YGL013C,YJR067C,0,-3.4058042,0.14534465968608856,0.9901960492134094,0.5950901508331299
YDL119C,YLR369W,0,-3.4059649,0.1453237384557724,0.9901960492134094,0.5951904058456421
YGR211W,YPL280W,0,-3.4061089,0.14530283212661743,0.9901960492134094,0.5952906012535095
YMR071C,YHR070W,0,-3.4062712,0.14528194069862366,0.9901960492134094,0.595390796661377
YOR330C,YMR236W,0,-3.406344,0.1452610343694687,0.9901960492134094,0.5954909920692444
YOL092W,YLR399C,0,-3.4064713,0.14524014294147491,0.9901960492134094,0.5955911874771118
YCR038C,YER044C-A,0,-3.4067836,0.14521926641464233,0.9901960492134094,0.5956913828849792
YPR106W,YDL145C,0,-3.406784,0.14519838988780975,0.9901960492134094,0.5957915782928467
YLR297W,YGR026W,0,-3.407074,0.14517751336097717,0.9901960492134094,0.5958917737007141
YIL062C,YMR183C,0,-3.4071054,0.1451566517353058,0.9901960492134094,0.5959919691085815
YDL141W,YDL136W,0,-3.4072444,0.1451357901096344,0.9901960492134094,0.596092164516449
YDR184C,YGL181W,0,-3.4072924,0.1451149433851242,0.9901960492134094,0.5961923599243164
YHL003C,YHR028C,0,-3.4072976,0.145094096660614,0.9901960492134094,0.5962926149368286
YBL102W,YPR181C,0,-3.4075122,0.14507324993610382,0.9901960492134094,0.596392810344696
YKL056C,YGR189C,0,-3.4075327,0.14505241811275482,0.9901960492134094,0.5964930057525635
YAL034W-A,YPL206C,0,-3.4075785,0.14503158628940582,0.9901960492134094,0.5965932011604309
YGL087C,YLR119W,0,-3.4076223,0.14501076936721802,0.9901960492134094,0.5966933965682983
YDR292C,YHR001W,0,-3.4078522,0.1449899524450302,0.9901960492134094,0.5967935919761658
YER078C,YPR067W,0,-3.4080024,0.1449691355228424,0.9901960492134094,0.5968937873840332
YMR221C,YOR095C,0,-3.4081178,0.1449483335018158,0.9901960492134094,0.5969939827919006
YCR047C,YJR022W,1,-3.4081783,0.14507102966308594,0.9911764860153198,0.5969939827919006
YMR133W,YOL140W,0,-3.408321,0.14505021274089813,0.9911764860153198,0.5970941781997681
YLR442C,YBR044C,0,-3.4084058,0.14502941071987152,0.9911764860153198,0.5971943736076355
YMR205C,YLR225C,0,-3.4084854,0.1450086086988449,0.9911764860153198,0.5972945690155029
YOR372C,YNL081C,0,-3.4085135,0.1449878066778183,0.9911764860153198,0.5973947644233704
YOR018W,YGL133W,0,-3.4089522,0.14496701955795288,0.9911764860153198,0.5974950194358826
YBL093C,YDR236C,0,-3.409139,0.14494623243808746,0.9911764860153198,0.59759521484375
YJL036W,YCL068C,0,-3.409569,0.14492546021938324,0.9911764860153198,0.5976954102516174
YOR332W,YKR045C,0,-3.4095783,0.14490468800067902,0.9911764860153198,0.5977956056594849
YKR085C,YLR403W,0,-3.4096859,0.1448839157819748,0.9911764860153198,0.5978958010673523
YNL177C,YNL265C,0,-3.4098134,0.14486315846443176,0.9911764860153198,0.5979959964752197
YPR120C,YNR056C,0,-3.4098449,0.14484240114688873,0.9911764860153198,0.5980961918830872
YNR053C,YDR040C,0,-3.4100852,0.1448216587305069,0.9911764860153198,0.5981963872909546
YML125C,YNL111C,0,-3.410537,0.14480091631412506,0.9911764860153198,0.598296582698822
YML085C,YNR039C,0,-3.4109917,0.14478017389774323,0.9911764860153198,0.5983967781066895
YHR188C,YKL058W,0,-3.411006,0.14475944638252258,0.9911764860153198,0.5984969735145569
YLL031C,YCL033C,0,-3.4112988,0.14473871886730194,0.9911764860153198,0.5985971689224243
YCR037C,YHR076W,0,-3.4113424,0.1447180062532425,0.9911764860153198,0.5986974239349365
YJL181W,YOR005C,0,-3.41216,0.14469729363918304,0.9911764860153198,0.598797619342804
YFR014C,YLR336C,0,-3.4122179,0.1446765810251236,0.9911764860153198,0.5988978147506714
YJL074C,YPR028W,0,-3.41224,0.14465588331222534,0.9911764860153198,0.5989980101585388
YPL207W,YGL033W,0,-3.4124284,0.14463520050048828,0.9911764860153198,0.5990982055664062
YDR361C,YOL126C,0,-3.4126592,0.14461450278759003,0.9911764860153198,0.5991984009742737
YDR130C,YMR083W,0,-3.4131956,0.14459381997585297,0.9911764860153198,0.5992985963821411
YDR103W,YPR155C,0,-3.4133482,0.1445731371641159,0.9911764860153198,0.5993987917900085
YJR153W,YIL069C,0,-3.413589,0.14455246925354004,0.9911764860153198,0.599498987197876
YDR350C,YBR228W,0,-3.4137545,0.14453180134296417,0.9911764860153198,0.5995991826057434
YOL044W,YDR375C,0,-3.4138024,0.1445111483335495,0.9911764860153198,0.5996993780136108
YLR467W,YMR161W,0,-3.4138649,0.14449049532413483,0.9911764860153198,0.5997995734214783
YEL026W,YPR065W,0,-3.4140306,0.14446984231472015,0.9911764860153198,0.5998998284339905
YDL190C,YGR289C,0,-3.4145308,0.14444920420646667,0.9911764860153198,0.6000000238418579
YNL331C,YIR033W,0,-3.4145706,0.1444285660982132,0.9911764860153198,0.6001002192497253
YER073W,YOR044W,0,-3.4148016,0.1444079428911209,0.9911764860153198,0.6002004146575928
YML001W,YGL150C,0,-3.4148264,0.14438731968402863,0.9911764860153198,0.6003006100654602
YIL154C,YER153C,0,-3.4149144,0.14436669647693634,0.9911764860153198,0.6004008054733276
YER007W,YIL023C,0,-3.4154968,0.14434608817100525,0.9911764860153198,0.6005010008811951
YHR009C,YGR211W,0,-3.4155903,0.14432547986507416,0.9911764860153198,0.6006011962890625
YBR012W-B,YOR374W,0,-3.4165754,0.14430488646030426,0.9911764860153198,0.6007013916969299
YER147C,YGL133W,0,-3.4165907,0.14428429305553436,0.9911764860153198,0.6008015871047974
YKL088W,YGR296W,0,-3.416893,0.14426369965076447,0.9911764860153198,0.6009017825126648
YPL130W,YJL101C,0,-3.4172454,0.14424312114715576,0.9911764860153198,0.6010019779205322
YFR007W,YOR178C,0,-3.4173942,0.14422254264354706,0.9911764860153198,0.6011022329330444
YEL024W,YMR199W,0,-3.41752,0.14420196413993835,0.9911764860153198,0.6012024283409119
YPL046C,YER083C,0,-3.417531,0.14418140053749084,0.9911764860153198,0.6013026237487793
YMR022W,YNL145W,0,-3.4177587,0.14416083693504333,0.9911764860153198,0.6014028191566467
YMR183C,YFR003C,0,-3.4177608,0.14414028823375702,0.9911764860153198,0.6015030145645142
YBR035C,YNL071W,0,-3.417859,0.1441197395324707,0.9911764860153198,0.6016032099723816
YPR048W,YJR088C,0,-3.4184191,0.14409920573234558,0.9911764860153198,0.601703405380249
YPL048W,YCL064C,0,-3.4188342,0.14407867193222046,0.9911764860153198,0.6018036007881165
YDR398W,YJR001W,0,-3.4188538,0.14405813813209534,0.9911764860153198,0.6019037961959839
YKL033W,YPL040C,0,-3.4190888,0.1440376192331314,0.9911764860153198,0.6020039916038513
YBL039C,YHR146W,0,-3.4192753,0.14401710033416748,0.9911764860153198,0.6021041870117188
YML072C,YBR092C,0,-3.4193447,0.14399658143520355,0.9911764860153198,0.6022043824195862
YKL101W,YBL018C,0,-3.4195676,0.14397607743740082,0.9911764860153198,0.6023046374320984
YFL016C,YDR168W,0,-3.4195824,0.14395557343959808,0.9911764860153198,0.6024048328399658
YGR156W,YJL212C,0,-3.4196827,0.14393508434295654,0.9911764860153198,0.6025050282478333
YML087C,YKR014C,0,-3.4198449,0.143914595246315,0.9911764860153198,0.6026052236557007
YMR035W,YMR257C,0,-3.419948,0.14389410614967346,0.9911764860153198,0.6027054190635681
YCR066W,YPR148C,0,-3.4200146,0.14387363195419312,0.9911764860153198,0.6028056144714355
YBR045C,YDR202C,0,-3.4206698,0.14385315775871277,0.9911764860153198,0.602905809879303
YDR517W,YDL174C,0,-3.4211884,0.14383269846439362,0.9911764860153198,0.6030060052871704
YOL044W,YJL093C,0,-3.4214673,0.14381223917007446,0.9911764860153198,0.6031062006950378
YJR145C,YOR077W,0,-3.4215338,0.1437917798757553,0.9911764860153198,0.6032063961029053
YML045W,YNL169C,0,-3.4218771,0.14377133548259735,0.9911764860153198,0.6033065915107727
YKL008C,YFR055W,0,-3.4219387,0.1437508910894394,0.9911764860153198,0.6034067869186401
YDR022C,YBR136W,0,-3.4219546,0.14373044669628143,0.9911764860153198,0.6035070419311523
YBR229C,YCR038C,0,-3.4220824,0.14371001720428467,0.9911764860153198,0.6036072373390198
YHR171W,YER035W,0,-3.42209,0.1436896026134491,0.9911764860153198,0.6037074327468872
YPL256C,YMR044W,0,-3.4225721,0.14366917312145233,0.9911764860153198,0.6038076281547546
YKL208W,YNL326C,0,-3.4225726,0.14364875853061676,0.9911764860153198,0.6039078235626221
YGR220C,YMR322C,0,-3.422752,0.14362835884094238,0.9911764860153198,0.6040080189704895
YER003C,YNL001W,0,-3.4227586,0.143607959151268,0.9911764860153198,0.6041082143783569
YMR291W,YBR060C,0,-3.4230242,0.14358755946159363,0.9911764860153198,0.6042084097862244
YKR087C,YNL289W,0,-3.4232607,0.14356717467308044,0.9911764860153198,0.6043086051940918
YOR077W,YNR001C,0,-3.423289,0.14354678988456726,0.9911764860153198,0.6044088006019592
YHR104W,YBR097W,0,-3.423562,0.14352640509605408,0.9911764860153198,0.6045089960098267
YOR341W,YPL253C,0,-3.4237666,0.1435060352087021,0.9911764860153198,0.6046091914176941
YCR042C,YHL044W,0,-3.4243374,0.1434856653213501,0.9911764860153198,0.6047094464302063
YDL160C,YDL100C,0,-3.4245985,0.1434653103351593,0.9911764860153198,0.6048096418380737
YBR119W,YGL211W,0,-3.425076,0.1434449553489685,0.9911764860153198,0.6049098372459412
YGR092W,YDR036C,0,-3.4251323,0.1434246003627777,0.9911764860153198,0.6050100326538086
YCR031C,YER038C,0,-3.4252367,0.1434042602777481,0.9911764860153198,0.605110228061676
YDL160C,YKR090W,0,-3.4252574,0.1433839201927185,0.9911764860153198,0.6052104234695435
YER100W,YIL110W,0,-3.4253526,0.1433635801076889,0.9911764860153198,0.6053106188774109
YCL066W,YJL057C,0,-3.4253716,0.1433432549238205,0.9911764860153198,0.6054108142852783
YHL003C,YCR028C,0,-3.4254494,0.14332294464111328,0.9911764860153198,0.6055110096931458
YGR260W,YCR075C,0,-3.425631,0.14330261945724487,0.9911764860153198,0.6056112051010132
YPR122W,YER112W,0,-3.4257658,0.14328230917453766,0.9911764860153198,0.6057114005088806
YPL235W,YKL208W,1,-3.4257777,0.14340370893478394,0.9921568632125854,0.6057114005088806
YNL001W,YGR028W,0,-3.4259706,0.14338339865207672,0.9921568632125854,0.605811595916748
YPR121W,YML022W,0,-3.4263017,0.1433630883693695,0.9921568632125854,0.6059118509292603
YBR217W,YIL125W,0,-3.42634,0.1433427780866623,0.9921568632125854,0.6060120463371277
YOL140W,YDR046C,0,-3.4264956,0.14332248270511627,0.9921568632125854,0.6061122417449951
YJR161C,YIL066C,0,-3.42656,0.14330218732357025,0.9921568632125854,0.6062124371528625
YDL099W,YCR028C,0,-3.426808,0.14328189194202423,0.9921568632125854,0.60631263256073
YOR359W,YNL145W,0,-3.4268365,0.1432616114616394,0.9921568632125854,0.6064128279685974
YLR352W,YOR181W,0,-3.4268897,0.14324133098125458,0.9921568632125854,0.6065130233764648
YMR149W,YOR252W,0,-3.4269907,0.14322106540203094,0.9921568632125854,0.6066132187843323
YLR286C,YOR056C,0,-3.4272366,0.1432007998228073,0.9921568632125854,0.6067134141921997
YMR068W,YDR182W,0,-3.427433,0.14318053424358368,0.9921568632125854,0.6068136096000671
YOR367W,YIL126W,0,-3.4274416,0.14316028356552124,0.9921568632125854,0.6069138050079346
YLR272C,YMR002W,0,-3.4278538,0.1431400328874588,0.9921568632125854,0.607014000415802
YHR096C,YIL157C,0,-3.428355,0.14311978220939636,0.9921568632125854,0.6071142554283142
YJL209W,YDR376W,0,-3.428434,0.14309954643249512,0.9921568632125854,0.6072144508361816
YNL097C,YJR073C,0,-3.429101,0.14307931065559387,0.9921568632125854,0.6073146462440491
YER125W,YML127W,1,-3.4291239,0.14320045709609985,0.9931372404098511,0.6073146462440491
YGR063C,YFR008W,0,-3.429392,0.14318020641803741,0.9931372404098511,0.6074148416519165
YDR363W,YGL023C,0,-3.4294868,0.14315997064113617,0.9931372404098511,0.6075150370597839
YJL167W,YGR040W,0,-3.4295387,0.14313974976539612,0.9931372404098511,0.6076152324676514
YFL011W,YBR298C,0,-3.4296265,0.14311952888965607,0.9931372404098511,0.6077154278755188
YDL230W,YBR166C,0,-3.429708,0.14309930801391602,0.9931372404098511,0.6078156232833862
YLR247C,YBR301W,0,-3.4297295,0.14307910203933716,0.9931372404098511,0.6079158186912537
YLR069C,YDR219C,0,-3.4298804,0.1430588960647583,0.9931372404098511,0.6080160140991211
YBR101C,YDL043C,0,-3.4300692,0.14303869009017944,0.9931372404098511,0.6081162095069885
YBL054W,YJR095W,0,-3.4300914,0.14301849901676178,0.9931372404098511,0.608216404914856
YLR467W,YOR027W,0,-3.4302711,0.14299830794334412,0.9931372404098511,0.6083166599273682
YGR044C,YMR199W,0,-3.430646,0.14297811686992645,0.9931372404098511,0.6084168553352356
YKL096W,YMR083W,0,-3.4309568,0.14295794069766998,0.9931372404098511,0.608517050743103
YNL243W,YLR148W,0,-3.4312186,0.1429377794265747,0.9931372404098511,0.6086172461509705
YPR161C,YDL012C,0,-3.4313998,0.14291760325431824,0.9931372404098511,0.6087174415588379
YBR215W,YKR039W,0,-3.4314752,0.14289744198322296,0.9931372404098511,0.6088176369667053
YOL055C,YDL080C,0,-3.4318304,0.14287729561328888,0.9931372404098511,0.6089178323745728
YBR098W,YMR313C,0,-3.432054,0.1428571492433548,0.9931372404098511,0.6090180277824402
YDR489W,YCL017C,0,-3.4326227,0.14283700287342072,0.9931372404098511,0.6091182231903076
YLR092W,YKL042W,0,-3.4327607,0.14281685650348663,0.9931372404098511,0.609218418598175
YNL106C,YNR049C,0,-3.4332345,0.14279672503471375,0.9931372404098511,0.6093186140060425
YLR233C,YJL183W,0,-3.433267,0.14277660846710205,0.9931372404098511,0.6094188094139099
YHR188C,YGR040W,0,-3.4334273,0.14275647699832916,0.9931372404098511,0.6095190644264221
YKL034W,YGR129W,0,-3.433627,0.14273636043071747,0.9931372404098511,0.6096192598342896
YCL067C,YKR009C,0,-3.4336863,0.14271625876426697,0.9931372404098511,0.609719455242157
YGR132C,YOL075C,0,-3.4342039,0.14269615709781647,0.9931372404098511,0.6098196506500244
YKL004W,YPL281C,0,-3.434206,0.14267605543136597,0.9931372404098511,0.6099198460578918
YPR131C,YBR119W,0,-3.434206,0.14265596866607666,0.9931372404098511,0.6100200414657593
YOR149C,YPR010C,0,-3.4347725,0.14263588190078735,0.9931372404098511,0.6101202368736267
YNL207W,YLR390W-A,0,-3.4348614,0.14261579513549805,0.9931372404098511,0.6102204322814941
YOR369C,YOL019W,0,-3.4348874,0.14259572327136993,0.9931372404098511,0.6103206276893616
YBR201W,YML013W,0,-3.4351249,0.14257565140724182,0.9931372404098511,0.610420823097229
YNR020C,YOL005C,0,-3.4351711,0.1425555795431137,0.9931372404098511,0.6105210185050964
YPL031C,YHR039C,0,-3.4353437,0.1425355225801468,0.9931372404098511,0.6106212139129639
YFL056C,YOR127W,0,-3.4358487,0.14251548051834106,0.9931372404098511,0.6107214689254761
YBR089C-A,YDR503C,0,-3.4364383,0.14249542355537415,0.9931372404098511,0.6108216643333435
YIL038C,YHR214W,0,-3.4366083,0.14247538149356842,0.9931372404098511,0.6109218597412109
YHR169W,YCR088W,0,-3.4366167,0.1424553543329239,0.9931372404098511,0.6110220551490784
YDL099W,YOR201C,0,-3.4375005,0.14243532717227936,0.9931372404098511,0.6111222505569458
YGL166W,YNR049C,0,-3.4375114,0.14241530001163483,0.9931372404098511,0.6112224459648132
YER096W,YPL074W,0,-3.43772,0.1423952728509903,0.9931372404098511,0.6113226413726807
YGL087C,YHR201C,0,-3.4377587,0.14237526059150696,0.9931372404098511,0.6114228367805481
YBR043C,YMR116C,0,-3.4379756,0.14235524833202362,0.9931372404098511,0.6115230321884155
YKL063C,YJR109C,0,-3.4380412,0.14233525097370148,0.9931372404098511,0.611623227596283
YPL239W,YMR130W,0,-3.4380803,0.14231525361537933,0.9931372404098511,0.6117234230041504
YAL010C,YDR311W,0,-3.4381137,0.14229527115821838,0.9931372404098511,0.6118236184120178
YKL107W,YDR503C,0,-3.4381804,0.14227527379989624,0.9931372404098511,0.61192387342453
YFR037C,YOL019W,0,-3.4384503,0.14225530624389648,0.9931372404098511,0.6120240688323975
YFR044C,YBR004C,0,-3.4385822,0.14223532378673553,0.9931372404098511,0.6121242642402649
YER012W,YOR347C,0,-3.4387035,0.14221535623073578,0.9931372404098511,0.6122244596481323
YPL091W,YKR097W,0,-3.4388986,0.14219538867473602,0.9931372404098511,0.6123246550559998
YGR148C,YML133C,0,-3.4395428,0.14217543601989746,0.9931372404098511,0.6124248504638672
YGR065C,YDR216W,0,-3.4397092,0.1421554833650589,0.9931372404098511,0.6125250458717346
YNL331C,YDR349C,0,-3.4397192,0.14213554561138153,0.9931372404098511,0.612625241279602
YDL155W,YBR288C,0,-3.439754,0.14211560785770416,0.9931372404098511,0.6127254366874695
YHR094C,YER120W,0,-3.4397855,0.1420956701040268,0.9931372404098511,0.6128256320953369
YDL033C,YML038C,0,-3.4399629,0.14207573235034943,0.9931372404098511,0.6129258275032043
YMR029C,YMR271C,0,-3.4399924,0.14205580949783325,0.9931372404098511,0.6130260229110718
YBR160W,YLR148W,0,-3.4400277,0.14203590154647827,0.9931372404098511,0.613126277923584
YPL145C,YML041C,0,-3.4402347,0.1420159786939621,0.9931372404098511,0.6132264733314514
YCR069W,YLR059C,0,-3.4402738,0.14199607074260712,0.9931372404098511,0.6133266687393188
YIL038C,YJR077C,0,-3.440507,0.14197617769241333,0.9931372404098511,0.6134268641471863
YGL195W,YGR220C,0,-3.4409208,0.14195628464221954,0.9931372404098511,0.6135270595550537
YBR251W,YOL126C,0,-3.4415298,0.14193639159202576,0.9931372404098511,0.6136272549629211
YKR089C,YDR536W,0,-3.4416075,0.14191649854183197,0.9931372404098511,0.6137274503707886
YCR042C,YJR049C,0,-3.4419758,0.14189662039279938,0.9931372404098511,0.613827645778656
YBR168W,YAR014C,0,-3.442079,0.14187675714492798,0.9931372404098511,0.6139278411865234
YBR097W,YER172C,0,-3.4421315,0.14185687899589539,0.9931372404098511,0.6140280365943909
YJR150C,YLR189C,0,-3.4423509,0.141837015748024,0.9931372404098511,0.6141282320022583
YFL005W,YOR193W,0,-3.4424152,0.14181716740131378,0.9931372404098511,0.6142284274101257
YGR106C,YDR487C,0,-3.4425046,0.14179731905460358,0.9931372404098511,0.6143286824226379
YHR202W,YPL281C,0,-3.442759,0.14177747070789337,0.9931372404098511,0.6144288778305054
YPL051W,YLR423C,0,-3.4429622,0.14175762236118317,0.9931372404098511,0.6145290732383728
YPL019C,YPL016W,0,-3.4429789,0.14173778891563416,0.9931372404098511,0.6146292686462402
YHR088W,YGL002W,0,-3.4430273,0.14171797037124634,0.9931372404098511,0.6147294640541077
YLR133W,YNL199C,0,-3.4430356,0.14169813692569733,0.9931372404098511,0.6148296594619751
YDR483W,YNL336W,0,-3.4434881,0.1416783183813095,0.9931372404098511,0.6149298548698425
YLR260W,YBL017C,0,-3.443621,0.14165851473808289,0.9931372404098511,0.61503005027771
YEL020C,YLR466W,0,-3.4442027,0.14163869619369507,0.9931372404098511,0.6151302456855774
YKR089C,YDR190C,0,-3.4442573,0.14161890745162964,0.9931372404098511,0.6152304410934448
YGL134W,YOL154W,0,-3.4448643,0.14159910380840302,0.9931372404098511,0.6153306365013123
YJL116C,YJR099W,0,-3.4451609,0.14157931506633759,0.9931372404098511,0.6154308915138245
YKL010C,YCR077C,0,-3.4458275,0.14155952632427216,0.9931372404098511,0.6155310869216919
YBR106W,YDR166C,0,-3.4460418,0.14153975248336792,0.9931372404098511,0.6156312823295593
YOL003C,YDR276C,0,-3.4461038,0.14151997864246368,0.9931372404098511,0.6157314777374268
YJL014W,YAL014C,0,-3.446165,0.14150020480155945,0.9931372404098511,0.6158316731452942
YMR042W,YMR091C,0,-3.4468393,0.1414804458618164,0.9931372404098511,0.6159318685531616
YIL010W,YOR068C,0,-3.4469962,0.14146068692207336,0.9931372404098511,0.616032063961029
YMR256C,YBR153W,0,-3.447147,0.14144094288349152,0.9931372404098511,0.6161322593688965
YKR027W,YKL137W,0,-3.4473066,0.14142119884490967,0.9931372404098511,0.6162324547767639
YPR058W,YLR378C,0,-3.4480183,0.14140145480632782,0.9931372404098511,0.6163326501846313
YNR012W,YHR101C,0,-3.448023,0.14138171076774597,0.9931372404098511,0.6164328455924988
YGL175C,YMR205C,0,-3.4482856,0.14136198163032532,0.9931372404098511,0.6165330410003662
YFL011W,YMR059W,0,-3.448332,0.14134226739406586,0.9931372404098511,0.6166332960128784
YGL151W,YMR226C,0,-3.44842,0.1413225382566452,0.9931372404098511,0.6167334914207458
YJR110W,YNL225C,0,-3.4484448,0.14130283892154694,0.9931372404098511,0.6168336868286133
YNL212W,YDR519W,0,-3.4484572,0.14128312468528748,0.9931372404098511,0.6169338822364807
YCR008W,YDR524C,0,-3.4484916,0.1412634253501892,0.9931372404098511,0.6170340776443481
YNL106C,YGR101W,0,-3.4486914,0.14124372601509094,0.9931372404098511,0.6171342730522156
YLR459W,YDR007W,0,-3.4487755,0.14122404158115387,0.9931372404098511,0.617234468460083
YCL064C,YDL117W,0,-3.4488463,0.1412043422460556,0.9931372404098511,0.6173346638679504
YGL191W,YDR041W,0,-3.4490614,0.14118467271327972,0.9931372404098511,0.6174348592758179
YLR086W,YDR054C,0,-3.4492621,0.14116498827934265,0.9931372404098511,0.6175350546836853
YOR174W,YPR029C,0,-3.449349,0.14114531874656677,0.9931372404098511,0.6176352500915527
YOR328W,YIL008W,0,-3.4493594,0.1411256641149521,0.9931372404098511,0.6177354454994202
YJL158C,YKR077W,0,-3.4494138,0.1411060094833374,0.9931372404098511,0.6178357005119324
YPL249C,YPL068C,0,-3.449484,0.14108635485172272,0.9931372404098511,0.6179358959197998
YMR110C,YAL015C,0,-3.4494927,0.14106670022010803,0.9931372404098511,0.6180360913276672
YCL064C,YNR071C,0,-3.4499903,0.14104706048965454,0.9931372404098511,0.6181362867355347
YBL042C,YJL001W,0,-3.45013,0.14102742075920105,0.9931372404098511,0.6182364821434021
YOR086C,YER086W,0,-3.4501796,0.14100779592990875,0.9931372404098511,0.6183366775512695
YPL084W,YNL148C,0,-3.450182,0.14098817110061646,0.9931372404098511,0.618436872959137
YDL120W,YLR131C,0,-3.4503107,0.14096854627132416,0.9931372404098511,0.6185370683670044
YEL013W,YOR056C,0,-3.4503324,0.14094893634319305,0.9931372404098511,0.6186372637748718
YDL092W,YKL052C,0,-3.4510179,0.14092932641506195,0.9931372404098511,0.6187374591827393
YLR139C,YNL023C,0,-3.4513388,0.14090971648693085,0.9931372404098511,0.6188376545906067
YBR112C,YPL177C,0,-3.451696,0.14089012145996094,0.9931372404098511,0.6189378499984741
YGR275W,YKR097W,0,-3.4518697,0.14087052643299103,0.9931372404098511,0.6190381050109863
YBR103W,YLR414C,0,-3.451921,0.1408509463071823,0.9931372404098511,0.6191383004188538
YBL072C,YDR529C,0,-3.452124,0.1408313661813736,0.9931372404098511,0.6192384958267212
YNL263C,YDR115W,0,-3.4523964,0.14081178605556488,0.9931372404098511,0.6193386912345886
YPL029W,YPR131C,0,-3.4527392,0.14079222083091736,0.9931372404098511,0.619438886642456
YMR256C,YPR010C,0,-3.452972,0.14077265560626984,0.9931372404098511,0.6195390820503235
YDL194W,YGL126W,0,-3.4532716,0.14075309038162231,0.9931372404098511,0.6196392774581909
YOL064C,YLR467W,0,-3.4534144,0.140733540058136,0.9931372404098511,0.6197394728660583
YOR035C,YNR016C,0,-3.4534822,0.14071398973464966,0.9931372404098511,0.6198396682739258
YOL065C,YMR161W,0,-3.453642,0.14069443941116333,0.9931372404098511,0.6199398636817932
YDL119C,YIL040W,0,-3.4537244,0.1406749039888382,0.9931372404098511,0.6200400590896606
YLR166C,YLR332W,0,-3.4541278,0.14065536856651306,0.9931372404098511,0.6201402544975281
YJL047C,YBR235W,0,-3.454246,0.14063584804534912,0.9931372404098511,0.6202405095100403
YNL327W,YOL148C,0,-3.4550738,0.14061632752418518,0.9931372404098511,0.6203407049179077
YOR257W,YML064C,0,-3.455121,0.14059680700302124,0.9931372404098511,0.6204409003257751
YBR039W,YLL005C,0,-3.4554124,0.1405773013830185,0.9931372404098511,0.6205410957336426
YBL069W,YKL043W,0,-3.45548,0.14055779576301575,0.9931372404098511,0.62064129114151
YGL208W,YBR156C,0,-3.4555378,0.140538290143013,0.9931372404098511,0.6207414865493774
YGL134W,YHR007C,0,-3.456016,0.14051879942417145,0.9931372404098511,0.6208416819572449
YPR107C,YLR119W,0,-3.4561124,0.1404993087053299,0.9931372404098511,0.6209418773651123
YOR254C,YGL025C,0,-3.4564457,0.14047981798648834,0.9931372404098511,0.6210420727729797
YOL068C,YGL125W,0,-3.4567695,0.14046034216880798,0.9931372404098511,0.6211422681808472
YPR151C,YOR122C,0,-3.456856,0.14044086635112762,0.9931372404098511,0.6212424635887146
YDL130W-A,YHR158C,0,-3.4568644,0.14042140543460846,0.9931372404098511,0.621342658996582
YPL203W,YIL109C,0,-3.457186,0.1404019445180893,0.9931372404098511,0.6214429140090942
YDR328C,YGL129C,0,-3.4576778,0.14038248360157013,0.9931372404098511,0.6215431094169617
YBR217W,YOR061W,0,-3.458007,0.14036303758621216,0.9931372404098511,0.6216433048248291
YDR162C,YGL243W,0,-3.4580956,0.1403435915708542,0.9931372404098511,0.6217435002326965
YMR163C,YLR328W,0,-3.4581175,0.14032414555549622,0.9931372404098511,0.621843695640564
YBR227C,YOR118W,0,-3.4581974,0.14030471444129944,0.9931372404098511,0.6219438910484314
YCR102C,YKR077W,0,-3.4585667,0.14028528332710266,0.9931372404098511,0.6220440864562988
YER015W,YIR037W,0,-3.45863,0.14026585221290588,0.9931372404098511,0.6221442818641663
YDL192W,YGL161C,0,-3.4590535,0.1402464359998703,0.9931372404098511,0.6222444772720337
YMR118C,YER114C,0,-3.4591196,0.14022701978683472,0.9931372404098511,0.6223446726799011
YBR019C,YDL184C,0,-3.4592118,0.14020761847496033,0.9931372404098511,0.6224448680877686
YHR115C,YGR235C,0,-3.4593854,0.14018820226192474,0.9931372404098511,0.622545063495636
YGR295C,YDR261C,0,-3.4597394,0.14016881585121155,0.9931372404098511,0.6226453185081482
YHL050C,YER031C,0,-3.4597497,0.14014941453933716,0.9931372404098511,0.6227455139160156
YDR153C,YNL020C,0,-3.459845,0.14013002812862396,0.9931372404098511,0.6228457093238831
YGL084C,YOR195W,0,-3.4598818,0.14011065661907196,0.9931372404098511,0.6229459047317505
YJL186W,YPR165W,0,-3.4604232,0.14009127020835876,0.9931372404098511,0.6230461001396179
YDR126W,YOR386W,0,-3.4604726,0.14007189869880676,0.9931372404098511,0.6231462955474854
YKL140W,YDR197W,0,-3.4604983,0.14005254209041595,0.9931372404098511,0.6232464909553528
YNL294C,YBR028C,0,-3.460772,0.14003317058086395,0.9931372404098511,0.6233466863632202
YER068W,YGL231C,0,-3.4608908,0.14001382887363434,0.9931372404098511,0.6234468817710876
YLR328W,YGR191W,0,-3.4609041,0.13999447226524353,0.9931372404098511,0.6235470771789551
YIR023W,YLR045C,0,-3.4611132,0.13997513055801392,0.9931372404098511,0.6236472725868225
YHL002W,YDL091C,0,-3.4611845,0.1399557888507843,0.9931372404098511,0.6237474679946899
YGR212W,YML001W,0,-3.4612708,0.13993646204471588,0.9931372404098511,0.6238477230072021
YDL226C,YGR024C,0,-3.4613786,0.13991712033748627,0.9931372404098511,0.6239479184150696
YLL011W,YNL101W,0,-3.4618845,0.13989780843257904,0.9931372404098511,0.624048113822937
YGL095C,YDL156W,0,-3.462039,0.13987848162651062,0.9931372404098511,0.6241483092308044
YLR166C,YGR261C,0,-3.4622092,0.1398591697216034,0.9931372404098511,0.6242485046386719
YNL213C,YMR226C,0,-3.4622254,0.13983987271785736,0.9931372404098511,0.6243487000465393
YLR054C,YCR031C,0,-3.4622355,0.13982056081295013,0.9931372404098511,0.6244488954544067
YER167W,YBL082C,0,-3.4626799,0.1398012638092041,0.9931372404098511,0.6245490908622742
YDL226C,YBR070C,0,-3.4628856,0.13978198170661926,0.9931372404098511,0.6246492862701416
YDR052C,YEL005C,0,-3.462986,0.13976269960403442,0.9931372404098511,0.624749481678009
YBR050C,YDR425W,0,-3.4631093,0.13974341750144958,0.9931372404098511,0.6248496770858765
YDR056C,YAL014C,0,-3.4631479,0.13972413539886475,0.9931372404098511,0.6249498724937439
YOR125C,YNL129W,0,-3.4636793,0.1397048681974411,0.9931372404098511,0.6250501275062561
YGR007W,YBR176W,0,-3.463872,0.13968560099601746,0.9931372404098511,0.6251503229141235
YIL027C,YCR003W,0,-3.4639833,0.139666348695755,0.9931372404098511,0.625250518321991
YMR035W,YNL323W,0,-3.463993,0.13964709639549255,0.9931372404098511,0.6253507137298584
YPL132W,YML027W,0,-3.4640589,0.1396278440952301,0.9931372404098511,0.6254509091377258
YNL068C,YBL007C,0,-3.4643278,0.13960860669612885,0.9931372404098511,0.6255511045455933
YIR002C,YIL105C,0,-3.4643292,0.1395893692970276,0.9931372404098511,0.6256512999534607
YDR393W,YDR317W,0,-3.4645205,0.13957013189792633,0.9931372404098511,0.6257514953613281
YDR168W,YDR007W,0,-3.4647164,0.13955090939998627,0.9931372404098511,0.6258516907691956
YKL048C,YOR256C,0,-3.464785,0.1395316869020462,0.9931372404098511,0.625951886177063
YOR189W,YDR013W,0,-3.4649255,0.13951246440410614,0.9931372404098511,0.6260520815849304
YPR079W,YJR161C,0,-3.4653203,0.13949325680732727,0.9931372404098511,0.6261522769927979
YDR303C,YDR009W,0,-3.465324,0.1394740492105484,0.9931372404098511,0.6262525320053101
YER012W,YDR367W,0,-3.4653413,0.13945484161376953,0.9931372404098511,0.6263527274131775
YNL250W,YOR157C,0,-3.4654388,0.13943564891815186,0.9931372404098511,0.6264529228210449
YKL195W,YGL023C,0,-3.4656267,0.13941645622253418,0.9931372404098511,0.6265531182289124
YER048C,YOL034W,0,-3.465787,0.1393972784280777,0.9931372404098511,0.6266533136367798
YNL112W,YEL004W,0,-3.4660583,0.13937810063362122,0.9931372404098511,0.6267535090446472
YDL168W,YNL156C,0,-3.466127,0.13935892283916473,0.9931372404098511,0.6268537044525146
YLR090W,YLR467W,0,-3.466332,0.13933974504470825,0.9931372404098511,0.6269538998603821
YGR266W,YER129W,0,-3.466412,0.13932058215141296,0.9931372404098511,0.6270540952682495
YCR009C,YGR088W,0,-3.4665768,0.13930143415927887,0.9931372404098511,0.6271542906761169
YAR007C,YDR339C,0,-3.4666638,0.13928227126598358,0.9931372404098511,0.6272544860839844
YDR309C,YKR059W,0,-3.4666715,0.1392631232738495,0.9931372404098511,0.6273546814918518
YMR261C,YPL091W,0,-3.466672,0.1392439901828766,0.9931372404098511,0.627454936504364
YML031W,YDL146W,0,-3.4668412,0.1392248421907425,0.9931372404098511,0.6275551319122314
YHR141C,YDR490C,0,-3.4668975,0.1392057240009308,0.9931372404098511,0.6276553273200989
YGR257C,YDR078C,0,-3.467432,0.13918659090995789,0.9931372404098511,0.6277555227279663
YNL227C,YDR425W,0,-3.467435,0.13916747272014618,0.9931372404098511,0.6278557181358337
YDR292C,YNL152W,0,-3.4677358,0.13914835453033447,0.9931372404098511,0.6279559135437012
YIL040W,YML078W,0,-3.4678116,0.13912923634052277,0.9931372404098511,0.6280561089515686
YBL040C,YDR225W,0,-3.4679677,0.13911013305187225,0.9931372404098511,0.628156304359436
YER012W,YPL186C,0,-3.4679813,0.13909102976322174,0.9931372404098511,0.6282564997673035
YJR073C,YAL009W,0,-3.4682097,0.13907194137573242,0.9931372404098511,0.6283566951751709
YML130C,YPL156C,0,-3.4684844,0.1390528529882431,0.9931372404098511,0.6284568905830383
YOR221C,YPR003C,0,-3.468611,0.13903376460075378,0.9931372404098511,0.6285570859909058
YDR348C,YPR110C,0,-3.468914,0.13901469111442566,0.9931372404098511,0.628657341003418
YBR216C,YGL125W,0,-3.4691548,0.13899560272693634,0.9931372404098511,0.6287575364112854
YPR102C,YIL129C,0,-3.4697542,0.1389765441417694,0.9931372404098511,0.6288577318191528
YGL119W,YLL038C,0,-3.4697716,0.13895747065544128,0.9931372404098511,0.6289579272270203
YJR099W,YKL017C,0,-3.4698262,0.13893841207027435,0.9931372404098511,0.6290581226348877
YPL108W,YML126C,0,-3.469833,0.13891936838626862,0.9931372404098511,0.6291583180427551
YDR117C,YNL279W,0,-3.4699297,0.13890030980110168,0.9931372404098511,0.6292585134506226
YJR044C,YCL068C,0,-3.4703438,0.13888126611709595,0.9931372404098511,0.62935870885849
YLR027C,YDL130W,0,-3.4704013,0.1388622373342514,0.9931372404098511,0.6294589042663574
YNL217W,YJL041W,0,-3.4707384,0.13884320855140686,0.9931372404098511,0.6295590996742249
YPL204W,YMR293C,0,-3.4708855,0.13882417976856232,0.9931372404098511,0.6296592950820923
YGR206W,YPR178W,0,-3.470929,0.13880515098571777,0.9931372404098511,0.6297594904899597
YOL109W,YDL130W-A,0,-3.4711304,0.13878613710403442,0.9931372404098511,0.6298597455024719
YMR042W,YJL089W,0,-3.4714618,0.13876712322235107,0.9931372404098511,0.6299599409103394
YBL090W,YBR299W,0,-3.4716172,0.13874810934066772,0.9931372404098511,0.6300601363182068
YBR286W,YOR245C,0,-3.4719148,0.13872911036014557,0.9931372404098511,0.6301603317260742
YEL065W,YHR111W,0,-3.4722211,0.1387101262807846,0.9931372404098511,0.6302605271339417
YPL036W,YGR235C,0,-3.4723263,0.13869112730026245,0.9931372404098511,0.6303607225418091
YPL189W,YMR001C,0,-3.4723697,0.1386721432209015,0.9931372404098511,0.6304609179496765
YPR032W,YOR033C,0,-3.4724255,0.13865315914154053,0.9931372404098511,0.630561113357544
YPR017C,YJL115W,0,-3.4725595,0.13863418996334076,0.9931372404098511,0.6306613087654114
YPL280W,YDR127W,0,-3.472593,0.138615220785141,0.9931372404098511,0.6307615041732788
YMR135C,YBR176W,0,-3.4726665,0.13859625160694122,0.9931372404098511,0.6308616995811462
YAL059W,YIR028W,0,-3.4728293,0.13857729732990265,0.9931372404098511,0.6309618949890137
YBR126C,YMR161W,0,-3.4731681,0.13855834305286407,0.9931372404098511,0.6310621500015259
YDR334W,YER148W,0,-3.4734087,0.1385393887758255,0.9931372404098511,0.6311623454093933
YPL173W,YEL018W,0,-3.4734569,0.13852044939994812,0.9931372404098511,0.6312625408172607
YLR277C,YDL106C,0,-3.4737597,0.13850151002407074,0.9931372404098511,0.6313627362251282
YGL175C,YPR141C,0,-3.473844,0.13848257064819336,0.9931372404098511,0.6314629316329956
YMR055C,YGR005C,0,-3.473999,0.13846364617347717,0.9931372404098511,0.631563127040863
YLR411W,YPR161C,0,-3.4741788,0.138444721698761,0.9931372404098511,0.6316633224487305
YDR437W,YBL018C,0,-3.4742785,0.1384257972240448,0.9931372404098511,0.6317635178565979
YPL215W,YDR368W,0,-3.4744952,0.1384068876504898,0.9931372404098511,0.6318637132644653
YOR090C,YJR152W,0,-3.4745436,0.13838797807693481,0.9931372404098511,0.6319639086723328
YMR171C,YNR070W,0,-3.474576,0.13836906850337982,0.9931372404098511,0.6320641040802002
YGL249W,YHR216W,0,-3.4749775,0.13835017383098602,0.9931372404098511,0.6321642994880676
YBL050W,YOR026W,0,-3.4756346,0.13833127915859222,0.9931372404098511,0.6322645545005798
YJR155W,YKR100C,0,-3.4758182,0.13831239938735962,0.9931372404098511,0.6323647499084473
YGL196W,YGL187C,0,-3.4761248,0.13829351961612701,0.9931372404098511,0.6324649453163147
YGL093W,YMR029C,0,-3.4762955,0.1382746398448944,0.9931372404098511,0.6325651407241821
YPL192C,YBL063W,0,-3.4764552,0.1382557600736618,0.9931372404098511,0.6326653361320496
YHR143W,YMR202W,0,-3.4766898,0.1382368952035904,0.9931372404098511,0.632765531539917
YDR004W,YDL110C,0,-3.4769573,0.13821804523468018,0.9931372404098511,0.6328657269477844
YDR099W,YHR176W,0,-3.477586,0.13819918036460876,0.9931372404098511,0.6329659223556519
YML031W,YPL018W,0,-3.4778662,0.13818033039569855,0.9931372404098511,0.6330661177635193
YBR235W,YIR006C,0,-3.4780426,0.13816148042678833,0.9931372404098511,0.6331663131713867
YBR012W-B,YAL062W,0,-3.4787254,0.1381426453590393,0.9931372404098511,0.6332665085792542
YDL155W,YNL021W,0,-3.478903,0.13812381029129028,0.9931372404098511,0.6333667039871216
YOR172W,YDR054C,0,-3.4790907,0.13810497522354126,0.9931372404098511,0.6334669589996338
YDL155W,YER083C,0,-3.479504,0.13808615505695343,0.9931372404098511,0.6335671544075012
YNL082W,YKL033W,0,-3.479556,0.1380673348903656,0.9931372404098511,0.6336673498153687
YIL129C,YDL136W,0,-3.4798326,0.13804851472377777,0.9931372404098511,0.6337675452232361
YJR123W,YPL187W,0,-3.47985,0.13802970945835114,0.9931372404098511,0.6338677406311035
YDL080C,YNL286W,0,-3.4800172,0.1380109041929245,0.9931372404098511,0.633967936038971
YNL287W,YMR177W,0,-3.4801822,0.13799209892749786,0.9931372404098511,0.6340681314468384
YLR225C,YGL020C,0,-3.4803119,0.13797330856323242,0.9931372404098511,0.6341683268547058
YGL175C,YBR205W,0,-3.4805999,0.13795451819896698,0.9931372404098511,0.6342685222625732
YDR318W,YBR033W,0,-3.480814,0.13793572783470154,0.9931372404098511,0.6343687176704407
YDL243C,YGR277C,0,-3.4812784,0.1379169523715973,0.9931372404098511,0.6344689130783081
YCL044C,YNL135C,0,-3.4814508,0.13789817690849304,0.9931372404098511,0.6345691084861755
YGR142W,YBL060W,0,-3.4818668,0.1378794014453888,0.9931372404098511,0.6346693634986877
YHR149C,YOR337W,0,-3.4819565,0.13786064088344574,0.9931372404098511,0.6347695589065552
YGL179C,YOR250C,0,-3.4821258,0.13784188032150269,0.9931372404098511,0.6348697543144226
YPL118W,YJL138C,0,-3.482253,0.13782313466072083,0.9931372404098511,0.63496994972229
YLR384C,YPR140W,0,-3.4826262,0.13780437409877777,0.9931372404098511,0.6350701451301575
YDL127W,YCR045C,0,-3.4828963,0.1377856433391571,0.9931372404098511,0.6351703405380249
YNL055C,YPL156C,0,-3.4829392,0.13776689767837524,0.9931372404098511,0.6352705359458923
YOR140W,YGL001C,0,-3.4830904,0.13774816691875458,0.9931372404098511,0.6353707313537598
YDR261C,YOR101W,0,-3.4831212,0.1377294361591339,0.9931372404098511,0.6354709267616272
YPL210C,YIL013C,0,-3.4832087,0.13771070539951324,0.9931372404098511,0.6355711221694946
YPL265W,YNL103W,0,-3.4832482,0.13769198954105377,0.9931372404098511,0.6356713175773621
YJL003W,YGR286C,0,-3.4833605,0.1376732736825943,0.9931372404098511,0.6357715725898743
YDR379W,YGR074W,0,-3.4833713,0.13765457272529602,0.9931372404098511,0.6358717679977417
YGL100W,YKL134C,0,-3.4837918,0.13763587176799774,0.9931372404098511,0.6359719634056091
YDL056W,YGL194C,0,-3.4839401,0.13761717081069946,0.9931372404098511,0.6360721588134766
YNL328C,YOR027W,0,-3.4845614,0.13759848475456238,0.9931372404098511,0.636172354221344
YPL228W,YLR315W,0,-3.484593,0.1375797837972641,0.9931372404098511,0.6362725496292114
YOR344C,YIL063C,0,-3.4848065,0.1375611126422882,0.9931372404098511,0.6363727450370789
YJL160C,YDR421W,0,-3.4851787,0.13754242658615112,0.9931372404098511,0.6364729404449463
YOR090C,YER099C,0,-3.48519,0.13752375543117523,0.9931372404098511,0.6365731358528137
YLL032C,YHR124W,0,-3.4855754,0.13750508427619934,0.9931372404098511,0.6366733312606812
YDR289C,YKR064W,0,-3.4856873,0.13748642802238464,0.9931372404098511,0.6367735266685486
YAL025C,YGL223C,0,-3.485764,0.13746777176856995,0.9931372404098511,0.636873722076416
YIL031W,YNL330C,0,-3.4862359,0.13744911551475525,0.9931372404098511,0.6369739770889282
YOR086C,YKR038C,0,-3.486261,0.13743047416210175,0.9931372404098511,0.6370741724967957
YJR019C,YOR190W,0,-3.4866939,0.13741183280944824,0.9931372404098511,0.6371743679046631
YHR079C-A,YKL149C,0,-3.4867325,0.13739319145679474,0.9931372404098511,0.6372745633125305
YCR105W,YLR119W,0,-3.4868398,0.13737456500530243,0.9931372404098511,0.637374758720398
YPL033C,YNL254C,0,-3.4870114,0.13735593855381012,0.9931372404098511,0.6374749541282654
YDR469W,YGL126W,0,-3.4873102,0.1373373121023178,0.9931372404098511,0.6375751495361328
YBR286W,YKR013W,0,-3.487403,0.1373187005519867,0.9931372404098511,0.6376753449440002
YLR054C,YMR244C-A,0,-3.4874144,0.13730007410049438,0.9931372404098511,0.6377755403518677
YMR133W,YFL053W,0,-3.4877748,0.13728147745132446,0.9931372404098511,0.6378757357597351
YNL286W,YIL070C,0,-3.4879065,0.13726286590099335,0.9931372404098511,0.6379759311676025
YBR176W,YGR271C-A,0,-3.4880595,0.13724426925182343,0.9931372404098511,0.63807612657547
YHR013C,YNL189W,0,-3.4880853,0.1372256875038147,0.9931372404098511,0.6381763815879822
YBR181C,YIL112W,0,-3.4881854,0.13720709085464478,0.9931372404098511,0.6382765769958496
YFL003C,YJL133W,0,-3.4882956,0.13718850910663605,0.9931372404098511,0.638376772403717
YHR115C,YGL058W,0,-3.4883826,0.1371699422597885,0.9931372404098511,0.6384769678115845
YBR293W,YDR435C,0,-3.4885097,0.13715136051177979,0.9931372404098511,0.6385771632194519
YLR307W,YIL156W,0,-3.4885874,0.13713279366493225,0.9931372404098511,0.6386773586273193
YPL111W,YJL069C,0,-3.4889402,0.1371142417192459,0.9931372404098511,0.6387775540351868
YJR029W,YLR260W,0,-3.4890542,0.13709568977355957,0.9931372404098511,0.6388777494430542
YPL029W,YBL047C,0,-3.4890707,0.13707713782787323,0.9931372404098511,0.6389779448509216
YIL107C,YMR257C,0,-3.4892883,0.1370585858821869,0.9931372404098511,0.6390781402587891
YGL001C,YBR022W,0,-3.4893608,0.13704004883766174,0.9931372404098511,0.6391783356666565
YNL167C,YML024W,0,-3.4893665,0.1370215117931366,0.9931372404098511,0.6392785310745239
YHR201C,YDR320C,0,-3.4897642,0.13700297474861145,0.9931372404098511,0.6393787860870361
YER031C,YFL044C,0,-3.4897966,0.1369844526052475,0.9931372404098511,0.6394789814949036
YDR018C,YOR077W,0,-3.4899936,0.13696593046188354,0.9931372404098511,0.639579176902771
YIL107C,YJR093C,0,-3.4908552,0.1369474083185196,0.9931372404098511,0.6396793723106384
YMR205C,YMR242C,0,-3.4909425,0.13692890107631683,0.9931372404098511,0.6397795677185059
YBR217W,YGR009C,0,-3.4909525,0.13691039383411407,0.9931372404098511,0.6398797631263733
YGL151W,YBR207W,0,-3.491229,0.13689188659191132,0.9931372404098511,0.6399799585342407
YGL257C,YER176W,0,-3.4914014,0.13687339425086975,0.9931372404098511,0.6400801539421082
YPR148C,YPL146C,0,-3.4914734,0.13685490190982819,0.9931372404098511,0.6401803493499756
YLR376C,YPL186C,0,-3.4916184,0.13683642446994781,0.9931372404098511,0.640280544757843
YLR119W,YKR075C,0,-3.4917483,0.13681793212890625,0.9931372404098511,0.6403807401657104
YMR119W,YPR114W,0,-3.4920044,0.13679945468902588,0.9931372404098511,0.6404809355735779
YOR198C,YNL126W,0,-3.4920993,0.1367809921503067,0.9931372404098511,0.6405811905860901
YFR007W,YKL156W,0,-3.4921057,0.13676251471042633,0.9931372404098511,0.6406813859939575
YBR229C,YBR112C,0,-3.4923544,0.13674406707286835,0.9931372404098511,0.640781581401825
YIL138C,YDR482C,0,-3.492915,0.13672560453414917,0.9931372404098511,0.6408817768096924
YML065W,YKL108W,0,-3.4929907,0.1367071568965912,0.9931372404098511,0.6409819722175598
YGR295C,YEL047C,0,-3.4939783,0.1366887092590332,0.9931372404098511,0.6410821676254272
YGR086C,YPL074W,0,-3.4941704,0.13667026162147522,0.9931372404098511,0.6411823630332947
YKL173W,YNL039W,0,-3.4942708,0.13665182888507843,0.9931372404098511,0.6412825584411621
YDL160C,YDR450W,0,-3.4943886,0.13663339614868164,0.9931372404098511,0.6413827538490295
YER179W,YOR033C,0,-3.494748,0.13661496341228485,0.9931372404098511,0.641482949256897
YOR380W,YIL066C,0,-3.494995,0.13659654557704926,0.9931372404098511,0.6415831446647644
YNL212W,YNL087W,0,-3.4950871,0.13657812774181366,0.9931372404098511,0.6416833400726318
YEL027W,YBL030C,0,-3.495398,0.13655972480773926,0.9931372404098511,0.641783595085144
YJL083W,YBR221C,0,-3.495902,0.13654130697250366,0.9931372404098511,0.6418837904930115
YML013W,YIL036W,0,-3.496078,0.13652290403842926,0.9931372404098511,0.6419839859008789
YHR186C,YLR246W,0,-3.4963338,0.13650451600551605,0.9931372404098511,0.6420841813087463
YPL019C,YGL255W,0,-3.496361,0.13648612797260284,0.9931372404098511,0.6421843767166138
YKL035W,YMR199W,0,-3.4965115,0.13646773993968964,0.9931372404098511,0.6422845721244812
YDL109C,YML131W,0,-3.496694,0.13644935190677643,0.9931372404098511,0.6423847675323486
YIL090W,YKL077W,0,-3.496706,0.13643097877502441,0.9931372404098511,0.6424849629402161
YLL048C,YML061C,0,-3.4967852,0.1364126056432724,0.9931372404098511,0.6425851583480835
YMR029C,YDL123W,0,-3.4970703,0.13639423251152039,0.9931372404098511,0.6426853537559509
YML123C,YER172C,0,-3.4972687,0.13637587428092957,0.9931372404098511,0.6427855491638184
YHL007C,YLR034C,0,-3.4975758,0.13635751605033875,0.9931372404098511,0.6428857445716858
YGR038W,YHR110W,0,-3.497592,0.13633917272090912,0.9931372404098511,0.642985999584198
YAL058W,YGR049W,0,-3.4976077,0.1363208144903183,0.9931372404098511,0.6430861949920654
YDR501W,YGL045W,0,-3.4976459,0.13630247116088867,0.9931372404098511,0.6431863903999329
YMR205C,YMR086W,0,-3.4978306,0.13628414273262024,0.9931372404098511,0.6432865858078003
YGR194C,YOR244W,0,-3.4978545,0.1362657994031906,0.9931372404098511,0.6433867812156677
YDL192W,YDR046C,0,-3.4978964,0.13624747097492218,0.9931372404098511,0.6434869766235352
YHL004W,YDR046C,0,-3.4979534,0.13622915744781494,0.9931372404098511,0.6435871720314026
YLR011W,YBR231C,0,-3.4982207,0.1362108439207077,0.9931372404098511,0.64368736743927
YBR193C,YKL173W,0,-3.498224,0.13619253039360046,0.9931372404098511,0.6437875628471375
YFR030W,YOL012C,0,-3.4983096,0.13617421686649323,0.9931372404098511,0.6438877582550049
YJR125C,YOL052C-A,0,-3.4984992,0.13615591824054718,0.9931372404098511,0.6439879536628723
YBR045C,YOR320C,0,-3.4987588,0.13613761961460114,0.9931372404098511,0.6440881490707397
YLR304C,YPL144W,0,-3.4989057,0.1361193209886551,0.9931372404098511,0.644188404083252
YLR381W,YER100W,0,-3.4989355,0.13610103726387024,0.9931372404098511,0.6442885994911194
YHR036W,YNL289W,0,-3.4990392,0.1360827535390854,0.9931372404098511,0.6443887948989868
YBR236C,YNL325C,0,-3.499146,0.13606446981430054,0.9931372404098511,0.6444889903068542
YBR161W,YOL113W,0,-3.4992714,0.13604620099067688,0.9931372404098511,0.6445891857147217
YDL067C,YDR435C,0,-3.4994538,0.13602793216705322,0.9931372404098511,0.6446893811225891
YML088W,YLL013C,0,-3.4996302,0.13600966334342957,0.9931372404098511,0.6447895765304565
YAL026C,YDR253C,0,-3.4997125,0.1359914094209671,0.9931372404098511,0.644889771938324
YMR029C,YBR034C,0,-3.499969,0.13597315549850464,0.9931372404098511,0.6449899673461914
YPL189W,YFL041W,0,-3.500215,0.13595490157604218,0.9931372404098511,0.6450901627540588
YGL205W,YGR006W,0,-3.5002208,0.1359366625547409,0.9931372404098511,0.6451903581619263
YBR237W,YDR519W,0,-3.5002327,0.13591842353343964,0.9931372404098511,0.6452905535697937
YKR093W,YHL032C,0,-3.5005436,0.13590018451213837,0.9931372404098511,0.6453908085823059
YAL001C,YMR029C,0,-3.500607,0.1358819603919983,0.9931372404098511,0.6454910039901733
YKR052C,YGL226W,0,-3.500805,0.13586373627185822,0.9931372404098511,0.6455911993980408
YPL214C,YGR068C,0,-3.5008667,0.13584551215171814,0.9931372404098511,0.6456913948059082
YBR191W,YDR248C,0,-3.5009768,0.13582730293273926,0.9931372404098511,0.6457915902137756
YDR420W,YKL163W,0,-3.5010302,0.13580909371376038,0.9931372404098511,0.6458917856216431
YLL036C,YIR006C,0,-3.5011234,0.1357908844947815,0.9931372404098511,0.6459919810295105
YCR091W,YNR011C,0,-3.5015259,0.1357726901769638,0.9931372404098511,0.6460921764373779
YFL037W,YDR143C,0,-3.501665,0.13575449585914612,0.9931372404098511,0.6461923718452454
YNL268W,YDL149W,0,-3.5018554,0.13573630154132843,0.9931372404098511,0.6462925672531128
YER082C,YKL134C,0,-3.5020583,0.13571810722351074,0.9931372404098511,0.6463927626609802
YLR304C,YFR037C,0,-3.502797,0.13569992780685425,0.9931372404098511,0.6464929580688477
YNR011C,YJR025C,0,-3.5028331,0.13568176329135895,0.9931372404098511,0.6465932130813599
YPR058W,YDR194C,0,-3.5029848,0.13566358387470245,0.9931372404098511,0.6466934084892273
YHR193C,YEL065W,0,-3.5030055,0.13564541935920715,0.9931372404098511,0.6467936038970947
YNL151C,YMR081C,0,-3.5034194,0.13562725484371185,0.9931372404098511,0.6468937993049622
YIL117C,YOR177C,0,-3.5042374,0.13560910522937775,0.9931372404098511,0.6469939947128296
YDR093W,YBR164C,0,-3.504346,0.13559095561504364,0.9931372404098511,0.647094190120697
YNL130C,YKR097W,0,-3.5045981,0.13557280600070953,0.9931372404098511,0.6471943855285645
YGR207C,YGR261C,0,-3.5048008,0.13555465638637543,0.9931372404098511,0.6472945809364319
YDR329C,YCR034W,0,-3.504876,0.13553652167320251,0.9931372404098511,0.6473947763442993
YBR135W,YMR134W,0,-3.5048964,0.1355184018611908,0.9931372404098511,0.6474949717521667
YDR142C,YLR320W,0,-3.5049596,0.13550026714801788,0.9931372404098511,0.6475951671600342
YAL021C,YDR204W,0,-3.505093,0.13548214733600616,0.9931372404098511,0.6476953625679016
YOR156C,YOR256C,0,-3.5052605,0.13546402752399445,0.9931372404098511,0.6477956175804138
YKR061W,YLR417W,0,-3.505413,0.13544592261314392,0.9931372404098511,0.6478958129882812
YOR354C,YLR058C,0,-3.5055475,0.1354278028011322,0.9931372404098511,0.6479960083961487
YLR239C,YDR297W,0,-3.5057812,0.13540969789028168,0.9931372404098511,0.6480962038040161
YNR027W,YGR244C,0,-3.5060456,0.13539160788059235,0.9931372404098511,0.6481963992118835
YJL160C,YOR140W,0,-3.5060925,0.13537351787090302,0.9931372404098511,0.648296594619751
YGL100W,YDR239C,0,-3.5065732,0.13535542786121368,0.9931372404098511,0.6483967900276184
YMR142C,YDR237W,0,-3.506757,0.13533733785152435,0.9931372404098511,0.6484969854354858
YLR288C,YOR003W,0,-3.507046,0.13531926274299622,0.9931372404098511,0.6485971808433533
YNL007C,YAL062W,0,-3.507069,0.13530118763446808,0.9931372404098511,0.6486973762512207
YAL058W,YDL072C,0,-3.5073512,0.13528311252593994,0.9931372404098511,0.6487975716590881
YBL027W,YFR042W,0,-3.50746,0.135265052318573,0.9931372404098511,0.6488977670669556
YOR221C,YML025C,0,-3.5075812,0.13524699211120605,0.9931372404098511,0.6489980220794678
YKL086W,YOR356W,0,-3.5079377,0.1352289468050003,0.9931372404098511,0.6490982174873352
YLL031C,YIL138C,0,-3.5079908,0.13521088659763336,0.9931372404098511,0.6491984128952026
YLR201C,YFR055W,0,-3.508106,0.1351928412914276,0.9931372404098511,0.6492986083030701
YBR035C,YJR158W,0,-3.508123,0.13517481088638306,0.9931372404098511,0.6493988037109375
YHL024W,YDR482C,0,-3.5092413,0.1351567655801773,0.9931372404098511,0.6494989991188049
YER122C,YPL175W,0,-3.5095048,0.13513873517513275,0.9931372404098511,0.6495991945266724
YOR211C,YDR298C,0,-3.5098274,0.1351207196712494,0.9931372404098511,0.6496993899345398
YGL257C,YJL196C,0,-3.5099032,0.13510268926620483,0.9931372404098511,0.6497995853424072
YKR031C,YNL243W,0,-3.5099063,0.13508467376232147,0.9931372404098511,0.6498997807502747
YBR193C,YDL150W,0,-3.509986,0.1350666731595993,0.9931372404098511,0.6499999761581421
YBR001C,YMR298W,0,-3.5101633,0.13504865765571594,0.9931372404098511,0.6501001715660095
YMR071C,YGR132C,0,-3.510201,0.13503065705299377,0.9931372404098511,0.6502004265785217
YDR270W,YHR172W,0,-3.5102043,0.1350126564502716,0.9931372404098511,0.6503006219863892
YHL020C,YGL105W,0,-3.5102923,0.13499467074871063,0.9931372404098511,0.6504008173942566
YHL008C,YBR231C,0,-3.510315,0.13497668504714966,0.9931372404098511,0.650501012802124
YLL053C,YGR231C,0,-3.5105271,0.13495869934558868,0.9931372404098511,0.6506012082099915
YGL084C,YGL096W,0,-3.5110128,0.1349407285451889,0.9931372404098511,0.6507014036178589
YHL008C,YKL089W,0,-3.5118527,0.13492274284362793,0.9931372404098511,0.6508015990257263
YMR156C,YPL237W,0,-3.5119452,0.13490478694438934,0.9931372404098511,0.6509017944335938
YER094C,YJL089W,0,-3.512024,0.13488681614398956,0.9931372404098511,0.6510019898414612
YLR097C,YML081W,0,-3.5128884,0.13486886024475098,0.9931372404098511,0.6511021852493286
YNR063W,YMR197C,0,-3.512901,0.1348509043455124,0.9931372404098511,0.651202380657196
YMR165C,YLR342W,0,-3.5130258,0.134832963347435,0.9931372404098511,0.6513025760650635
YOL105C,YNL125C,0,-3.5131698,0.1348150074481964,0.9931372404098511,0.6514028310775757
YDL033C,YNL096C,0,-3.51344,0.13479706645011902,0.9931372404098511,0.6515030264854431
YKR029C,YIL065C,0,-3.513442,0.13477914035320282,0.9931372404098511,0.6516032218933105
YKL137W,YCR069W,0,-3.5137033,0.13476121425628662,0.9931372404098511,0.651703417301178
YER153C,YBR003W,0,-3.5139647,0.13474328815937042,0.9931372404098511,0.6518036127090454
YPL130W,YLR037C,0,-3.5140164,0.13472536206245422,0.9931372404098511,0.6519038081169128
YGL047W,YGR205W,0,-3.5141554,0.13470745086669922,0.9931372404098511,0.6520040035247803
YDR524C,YKL088W,0,-3.5141819,0.1346895396709442,0.9931372404098511,0.6521041989326477
YMR171C,YNL315C,0,-3.514636,0.1346716284751892,0.9931372404098511,0.6522043943405151
YOR090C,YHR013C,0,-3.515408,0.1346537321805954,0.9931372404098511,0.6523045897483826
YBR003W,YIL145C,0,-3.5155225,0.1346358358860016,0.9931372404098511,0.65240478515625
YKL197C,YOL071W,0,-3.5156498,0.13461793959140778,0.9931372404098511,0.6525049805641174
YDR418W,YKL185W,0,-3.515657,0.13460005819797516,0.9931372404098511,0.6526052355766296
YBR160W,YLR215C,0,-3.515892,0.13458217680454254,0.9931372404098511,0.6527054309844971
YNL099C,YML133C,0,-3.5159762,0.13456429541110992,0.9931372404098511,0.6528056263923645
YIL034C,YCR031C,0,-3.5164223,0.1345464140176773,0.9931372404098511,0.6529058218002319
YMR134W,YGL006W,0,-3.5166473,0.13452854752540588,0.9931372404098511,0.6530060172080994
YPR141C,YDL156W,0,-3.5167441,0.13451069593429565,0.9931372404098511,0.6531062126159668
YLR066W,YER072W,0,-3.5169203,0.13449282944202423,0.9931372404098511,0.6532064080238342
YGL085W,YDL101C,0,-3.5169368,0.134474977850914,0.9931372404098511,0.6533066034317017
YKL164C,YKL193C,0,-3.5170865,0.13445712625980377,0.9931372404098511,0.6534067988395691
YIL111W,YDR134C,0,-3.517327,0.13443928956985474,0.9931372404098511,0.6535069942474365
YCL064C,YPL209C,0,-3.517881,0.1344214379787445,0.9931372404098511,0.653607189655304
YIL107C,YMR316W,0,-3.5179229,0.13440361618995667,0.9931372404098511,0.6537073850631714
YDR314C,YKL209C,0,-3.5179594,0.13438577950000763,0.9931372404098511,0.6538076400756836
YHR170W,YLR225C,0,-3.5180454,0.1343679577112198,0.9931372404098511,0.653907835483551
YBR097W,YDR399W,0,-3.5183291,0.13435013592243195,0.9931372404098511,0.6540080308914185
YNR036C,YLR260W,0,-3.518735,0.1343323141336441,0.9931372404098511,0.6541082262992859
YKL101W,YLR414C,0,-3.5187497,0.13431450724601746,0.9931372404098511,0.6542084217071533
YIL038C,YPL040C,0,-3.518752,0.1342967003583908,0.9931372404098511,0.6543086171150208
YJR059W,YOR193W,0,-3.518753,0.13427889347076416,0.9931372404098511,0.6544088125228882
YOL008W,YOL032W,0,-3.5188751,0.1342611014842987,0.9931372404098511,0.6545090079307556
YML072C,YAR033W,0,-3.519195,0.13424330949783325,0.9931372404098511,0.654609203338623
YOR030W,YBR153W,0,-3.5194087,0.1342255175113678,0.9931372404098511,0.6547093987464905
YPL118W,YJR108W,0,-3.5194802,0.13420774042606354,0.9931372404098511,0.6548095941543579
YOR011W,YPL154C,0,-3.519559,0.13418996334075928,0.9931372404098511,0.6549098491668701
YLR194C,YNL081C,0,-3.5195782,0.13417218625545502,0.9931372404098511,0.6550100445747375
YDL087C,YGL055W,0,-3.519718,0.13415442407131195,0.9931372404098511,0.655110239982605
YIL106W,YLR371W,0,-3.5198035,0.1341366469860077,0.9931372404098511,0.6552104353904724
YBR158W,YER106W,0,-3.520031,0.13411889970302582,0.9931372404098511,0.6553106307983398
YLR376C,YMR044W,0,-3.5200686,0.13410113751888275,0.9931372404098511,0.6554108262062073
YPL269W,YCR024C,0,-3.5202236,0.13408339023590088,0.9931372404098511,0.6555110216140747
YJL209W,YKL208W,0,-3.5202258,0.134065642952919,0.9931372404098511,0.6556112170219421
YMR207C,YLL001W,0,-3.5205383,0.13404789566993713,0.9931372404098511,0.6557114124298096
YCL050C,YPL156C,0,-3.5206347,0.13403016328811646,0.9931372404098511,0.655811607837677
YBR186W,YEL002C,0,-3.5210354,0.13401243090629578,0.9931372404098511,0.6559118032455444
YDR054C,YDR314C,0,-3.521474,0.1339947134256363,0.9931372404098511,0.6560119986534119
YDL066W,YGR163W,0,-3.5214868,0.1339769810438156,0.9931372404098511,0.6561122536659241
YJR110W,YJL058C,0,-3.5214908,0.13395926356315613,0.9931372404098511,0.6562124490737915
YOR259C,YMR058W,0,-3.5215697,0.13394156098365784,0.9931372404098511,0.6563126444816589
YLR332W,YOR109W,0,-3.5218334,0.13392384350299835,0.9931372404098511,0.6564128398895264
YJR144W,YPL061W,0,-3.5218675,0.13390614092350006,0.9931372404098511,0.6565130352973938
YER122C,YDR037W,0,-3.5218952,0.13388845324516296,0.9931372404098511,0.6566132307052612
YDR206W,YDR084C,0,-3.521973,0.13387075066566467,0.9931372404098511,0.6567134261131287
YNL294C,YGL250W,0,-3.522123,0.13385306298732758,0.9931372404098511,0.6568136215209961
YHR160C,YMR303C,0,-3.5221286,0.13383537530899048,0.9931372404098511,0.6569138169288635
YAL030W,YLR204W,0,-3.522137,0.13381770253181458,0.9931372404098511,0.657014012336731
YGL095C,YPR042C,0,-3.5223036,0.13380002975463867,0.9931372404098511,0.6571142077445984
YDR006C,YAL026C,0,-3.5224912,0.13378235697746277,0.9931372404098511,0.6572144031524658
YGL039W,YDR477W,0,-3.5226045,0.13376468420028687,0.9931372404098511,0.657314658164978
YNL265C,YER018C,0,-3.522625,0.13374702632427216,0.9931372404098511,0.6574148535728455
YOL091W,YMR225C,0,-3.5226955,0.13372936844825745,0.9931372404098511,0.6575150489807129
YOR069W,YJR094W-A,0,-3.5228338,0.13371172547340393,0.9931372404098511,0.6576152443885803
YHR001W,YNL096C,0,-3.522873,0.13369406759738922,0.9931372404098511,0.6577154397964478
YPR106W,YHR172W,0,-3.523302,0.1336764246225357,0.9931372404098511,0.6578156352043152
YEL009C,YDR224C,0,-3.5237617,0.13365879654884338,0.9931372404098511,0.6579158306121826
YDR288W,YNR037C,0,-3.5238204,0.13364115357398987,0.9931372404098511,0.65801602602005
YJL104W,YLR225C,0,-3.5239058,0.13362352550029755,0.9931372404098511,0.6581162214279175
YIL114C,YNR055C,0,-3.5240262,0.13360591232776642,0.9931372404098511,0.6582164168357849
YPR107C,YMR086W,0,-3.5240388,0.1335882842540741,0.9931372404098511,0.6583166122436523
YDR536W,YJL184W,0,-3.524053,0.13357067108154297,0.9931372404098511,0.6584168076515198
YKL178C,YDL105W,0,-3.5242257,0.13355305790901184,0.9931372404098511,0.658517062664032
YIL122W,YER131W,0,-3.5242934,0.1335354596376419,0.9931372404098511,0.6586172580718994
YDR343C,YGR289C,0,-3.5249932,0.13351786136627197,0.9931372404098511,0.6587174534797668
YJL181W,YMR098C,0,-3.5251088,0.13350026309490204,0.9931372404098511,0.6588176488876343
YIL090W,YCL047C,0,-3.525167,0.1334826797246933,0.9931372404098511,0.6589178442955017
YIR028W,YPL132W,0,-3.5254803,0.13346508145332336,0.9931372404098511,0.6590180397033691
YOR019W,YER148W,0,-3.5256186,0.13344749808311462,0.9931372404098511,0.6591182351112366
YDR004W,YHR064C,0,-3.5265598,0.13342992961406708,0.9931372404098511,0.659218430519104
YDL033C,YKR039W,0,-3.5266356,0.13341234624385834,0.9931372404098511,0.6593186259269714
YER032W,YBR136W,0,-3.52664,0.13339479267597198,0.9931372404098511,0.6594188213348389
YDL069C,YDR541C,0,-3.5266557,0.13337722420692444,0.9931372404098511,0.6595190167427063
YHR034C,YGL028C,0,-3.5267544,0.1333596557378769,0.9931372404098511,0.6596192121505737
YFL029C,YML131W,0,-3.527075,0.13334210216999054,0.9931372404098511,0.6597194671630859
YKR062W,YDR495C,0,-3.5274503,0.13332456350326538,0.9931372404098511,0.6598196625709534
YCR008W,YDR452W,0,-3.527666,0.13330700993537903,0.9931372404098511,0.6599198579788208
YDR234W,YML091C,0,-3.52814,0.13328947126865387,0.9931372404098511,0.6600200533866882
YGR162W,YDR104C,0,-3.528192,0.1332719326019287,0.9931372404098511,0.6601202487945557
YOR178C,YOR059C,0,-3.528201,0.13325440883636475,0.9931372404098511,0.6602204442024231
YNR053C,YNL183C,0,-3.5285873,0.13323688507080078,0.9931372404098511,0.6603206396102905
YNR056C,YER083C,0,-3.528636,0.13321936130523682,0.9931372404098511,0.660420835018158
YBR283C,YPL187W,0,-3.5289574,0.13320183753967285,0.9931372404098511,0.6605210304260254
YOL117W,YJL115W,0,-3.5292826,0.13318432867527008,0.9931372404098511,0.6606212258338928
YDL017W,YLR115W,0,-3.5295057,0.1331668198108673,0.9931372404098511,0.6607214212417603
YHR122W,YKR049C,0,-3.529543,0.13314931094646454,0.9931372404098511,0.6608216166496277
YNL329C,YBR240C,0,-3.5304313,0.13313181698322296,0.9931372404098511,0.6609218716621399
YJL174W,YLR222C,0,-3.5305269,0.13311432301998138,0.9931372404098511,0.6610220670700073
YPL195W,YDL207W,0,-3.5306618,0.1330968290567398,0.9931372404098511,0.6611222624778748
YBR218C,YNL054W,0,-3.5307903,0.13307934999465942,0.9931372404098511,0.6612224578857422
YJL036W,YOR270C,0,-3.5309277,0.13306187093257904,0.9931372404098511,0.6613226532936096
YLR060W,YML078W,0,-3.531004,0.13304439187049866,0.9931372404098511,0.661422848701477
YMR021C,YLR327C,0,-3.531196,0.13302692770957947,0.9931372404098511,0.6615230441093445
YOR328W,YCL051W,0,-3.5312252,0.13300944864749908,0.9931372404098511,0.6616232395172119
YLR304C,YIR031C,0,-3.5312266,0.1329919844865799,0.9931372404098511,0.6617234349250793
YKL185W,YHR001W-A,0,-3.5316014,0.1329745352268219,0.9931372404098511,0.6618236303329468
YHL038C,YOL061W,0,-3.5316987,0.1329570859670639,0.9931372404098511,0.6619238257408142
YLL042C,YHR026W,0,-3.531797,0.1329396367073059,0.9931372404098511,0.6620240211486816
YMR305C,YKL087C,0,-3.53196,0.1329221874475479,0.9931372404098511,0.6621242761611938
YOR058C,YNL330C,0,-3.5320346,0.1329047530889511,0.9931372404098511,0.6622244715690613
YML037C,YDR375C,0,-3.532072,0.1328873187303543,0.9931372404098511,0.6623246669769287
YMR204C,YDR040C,0,-3.532156,0.1328698843717575,0.9931372404098511,0.6624248623847961
YKL197C,YLR131C,0,-3.53221,0.1328524649143219,0.9931372404098511,0.6625250577926636
YKL084W,YGR289C,0,-3.532405,0.1328350454568863,0.9931372404098511,0.662625253200531
YIL039W,YPL023C,0,-3.5330122,0.13281762599945068,0.9931372404098511,0.6627254486083984
YHL008C,YAL056W,0,-3.5334034,0.13280020654201508,0.9931372404098511,0.6628256440162659
YGR274C,YLR144C,0,-3.5336392,0.13278280198574066,0.9931372404098511,0.6629258394241333
YIL129C,YMR198W,0,-3.533724,0.13276539742946625,0.9931372404098511,0.6630260348320007
YKL150W,YDR156W,0,-3.5341706,0.13274800777435303,0.9931372404098511,0.6631262302398682
YLR361C,YDR058C,0,-3.534994,0.1327306032180786,0.9931372404098511,0.6632264256477356
YPL248C,YCR044C,0,-3.5350742,0.1327132135629654,0.9931372404098511,0.6633266806602478
YOR007C,YFR024C-A,0,-3.5351553,0.13269583880901337,0.9931372404098511,0.6634268760681152
YML013W,YOR010C,0,-3.5353694,0.13267844915390015,0.9931372404098511,0.6635270714759827
YCR042C,YLR393W,0,-3.5355067,0.13266107439994812,0.9931372404098511,0.6636272668838501
YGR033C,YHR161C,0,-3.5355377,0.1326437145471573,0.9931372404098511,0.6637274622917175
YKL197C,YLR408C,0,-3.5356703,0.13262633979320526,0.9931372404098511,0.663827657699585
YGL133W,YPR036W,0,-3.5357928,0.13260897994041443,0.9931372404098511,0.6639278531074524
YOL096C,YOR092W,0,-3.5360603,0.1325916200876236,0.9931372404098511,0.6640280485153198
YEL059C-A,YLR298C,0,-3.5360675,0.13257427513599396,0.9931372404098511,0.6641282439231873
YDR529C,YGL077C,0,-3.5362236,0.13255691528320312,0.9931372404098511,0.6642284393310547
YLR337C,YOL006C,0,-3.5365,0.13253958523273468,0.9931372404098511,0.6643286347389221
YBR112C,YGL028C,0,-3.5368462,0.13252224028110504,0.9931372404098511,0.6644288301467896
YDL018C,YEL013W,0,-3.537151,0.1325049102306366,0.9931372404098511,0.6645290851593018
YGR174C,YHR184W,0,-3.5374742,0.13248758018016815,0.9931372404098511,0.6646292805671692
YCL064C,YBR079C,0,-3.5374873,0.1324702501296997,0.9931372404098511,0.6647294759750366
YBR018C,YDR292C,0,-3.5375276,0.13245293498039246,0.9931372404098511,0.664829671382904
YBR069C,YDR235W,0,-3.5379708,0.1324356198310852,0.9931372404098511,0.6649298667907715
YPR023C,YNL124W,0,-3.5380082,0.13241830468177795,0.9931372404098511,0.6650300621986389
YPL253C,YKR013W,0,-3.5382004,0.1324009895324707,0.9931372404098511,0.6651302576065063
YDR400W,YCR066W,0,-3.5385094,0.13238368928432465,0.9931372404098511,0.6652304530143738
YGR004W,YER167W,0,-3.5393476,0.1323663890361786,0.9931372404098511,0.6653306484222412
YBR166C,YDL085W,0,-3.5396175,0.13234910368919373,0.9931372404098511,0.6654308438301086
YLR266C,YDR303C,0,-3.5398738,0.13233180344104767,0.9931372404098511,0.6655310392379761
YDR301W,YMR072W,0,-3.5400724,0.1323145180940628,0.9931372404098511,0.6656312346458435
YIL004C,YDR534C,0,-3.540677,0.13229724764823914,0.9931372404098511,0.6657314896583557
YMR134W,YBR169C,0,-3.5407796,0.13227996230125427,0.9931372404098511,0.6658316850662231
YJR137C,YDR097C,0,-3.5409856,0.1322626918554306,0.9931372404098511,0.6659318804740906
YLR126C,YNL190W,0,-3.5412269,0.13224543631076813,0.9931372404098511,0.666032075881958
YPL231W,YGR289C,0,-3.5412636,0.13222816586494446,0.9931372404098511,0.6661322712898254
YER124C,YDL189W,0,-3.5412679,0.13221091032028198,0.9931372404098511,0.6662324666976929
YLR286C,YMR134W,0,-3.5416942,0.1321936547756195,0.9931372404098511,0.6663326621055603
YNL328C,YER082C,0,-3.5422885,0.13217641413211823,0.9931372404098511,0.6664328575134277
YGL137W,YKL040C,0,-3.542515,0.13215915858745575,0.9931372404098511,0.6665330529212952
YDR050C,YMR261C,0,-3.5432763,0.13214191794395447,0.9931372404098511,0.6666332483291626
YJL057C,YEL004W,0,-3.543315,0.13212469220161438,0.9931372404098511,0.66673344373703
YMR232W,YBL018C,0,-3.543553,0.1321074664592743,0.9931372404098511,0.6668336391448975
YDR424C,YJL109C,0,-3.543768,0.1320902407169342,0.9931372404098511,0.6669338941574097
YFL055W,YLR367W,0,-3.5441575,0.13207301497459412,0.9931372404098511,0.6670340895652771
YML046W,YKL060C,0,-3.5441713,0.13205578923225403,0.9931372404098511,0.6671342849731445
YOR067C,YDR368W,0,-3.544608,0.13203857839107513,0.9931372404098511,0.667234480381012
YOR347C,YPR100W,0,-3.5447974,0.13202136754989624,0.9931372404098511,0.6673346757888794
YMR201C,YKR098C,0,-3.5447977,0.13200417160987854,0.9931372404098511,0.6674348711967468
YGR106C,YDR359C,0,-3.5448692,0.13198697566986084,0.9931372404098511,0.6675350666046143
YGR211W,YGR220C,0,-3.5450857,0.13196977972984314,0.9931372404098511,0.6676352620124817
YMR055C,YOR264W,0,-3.5451567,0.13195258378982544,0.9931372404098511,0.6677354574203491
YOR086C,YEL018W,0,-3.5451882,0.13193540275096893,0.9931372404098511,0.6678356528282166
YHR134W,YNL021W,0,-3.5453503,0.13191822171211243,0.9931372404098511,0.667935848236084
YOR140W,YML018C,0,-3.5455458,0.13190104067325592,0.9931372404098511,0.6680360436439514
YHR139C,YLR139C,0,-3.5455856,0.1318838745355606,0.9931372404098511,0.6681362986564636
YNL264C,YDL146W,0,-3.5456493,0.1318667083978653,0.9931372404098511,0.668236494064331
YNR008W,YPL148C,0,-3.5456522,0.13184954226016998,0.9931372404098511,0.6683366894721985
YCR023C,YLR038C,0,-3.5456896,0.13183237612247467,0.9931372404098511,0.6684368848800659
YAL001C,YMR041C,0,-3.5457516,0.13181522488594055,0.9931372404098511,0.6685370802879333
YIR019C,YKL134C,0,-3.5460086,0.13179807364940643,0.9931372404098511,0.6686372756958008
YFL002C,YHR176W,0,-3.5460224,0.13178092241287231,0.9931372404098511,0.6687374711036682
YDR436W,YHL036W,0,-3.5461378,0.1317637860774994,0.9931372404098511,0.6688376665115356
YJL121C,YPR107C,0,-3.5462332,0.13174664974212646,0.9931372404098511,0.6689378619194031
YDR129C,YOR195W,0,-3.546323,0.13172951340675354,0.9931372404098511,0.6690380573272705
YGR227W,YBL038W,0,-3.5464468,0.1317123919725418,0.9931372404098511,0.6691382527351379
YKL089W,YOL060C,0,-3.546517,0.13169527053833008,0.9931372404098511,0.6692384481430054
YOR196C,YPR067W,0,-3.5470843,0.13167814910411835,0.9931372404098511,0.6693387031555176
YHR070W,YML092C,0,-3.5472474,0.13166102766990662,0.9931372404098511,0.669438898563385
YHR050W,YOL072W,0,-3.5482106,0.13164392113685608,0.9931372404098511,0.6695390939712524
YGL005C,YDR038C,0,-3.5483537,0.13162681460380554,0.9931372404098511,0.6696392893791199
YDR292C,YFR042W,0,-3.5487719,0.1316097229719162,0.9931372404098511,0.6697394847869873
YMR060C,YGL161C,0,-3.5495276,0.13159261643886566,0.9931372404098511,0.6698396801948547
YER039C,YMR161W,0,-3.549528,0.13157552480697632,0.9931372404098511,0.6699398756027222
YOR348C,YGR277C,0,-3.5495343,0.13155844807624817,0.9931372404098511,0.6700400710105896
YDR117C,YLR431C,0,-3.550019,0.13154135644435883,0.9931372404098511,0.670140266418457
YOR258W,YFL049W,0,-3.5502942,0.13152427971363068,0.9931372404098511,0.6702404618263245
YOR155C,YJL046W,0,-3.5503702,0.13150720298290253,0.9931372404098511,0.6703406572341919
YPL144W,YDR188W,0,-3.550548,0.13149014115333557,0.9931372404098511,0.6704408526420593
YML019W,YPL018W,0,-3.5506134,0.13147306442260742,0.9931372404098511,0.6705411076545715
YBR198C,YNL130C,0,-3.5507388,0.13145600259304047,0.9931372404098511,0.670641303062439
YNL094W,YHR207C,0,-3.5512357,0.1314389556646347,0.9931372404098511,0.6707414984703064
YML055W,YLR310C,0,-3.5513053,0.13142189383506775,0.9931372404098511,0.6708416938781738
YCR065W,YLR051C,0,-3.5513105,0.131404846906662,0.9931372404098511,0.6709418892860413
YDL099W,YNR039C,0,-3.5514574,0.13138781487941742,0.9931372404098511,0.6710420846939087
YDL213C,YER125W,1,-3.5517974,0.1315004527568817,0.9941176176071167,0.6710420846939087
YHR101C,YML054C,0,-3.5520375,0.13148340582847595,0.9941176176071167,0.6711422801017761
YNL300W,YMR131C,0,-3.5529687,0.1314663589000702,0.9941176176071167,0.6712424755096436
YOR389W,YDR227W,0,-3.5536337,0.13144931197166443,0.9941176176071167,0.671342670917511
YGR003W,YKL141W,0,-3.5536962,0.13143227994441986,0.9941176176071167,0.6714428663253784
YDR023W,YOR125C,0,-3.5539813,0.1314152479171753,0.9941176176071167,0.6715430617332458
YLR286C,YBR203W,0,-3.5542488,0.13139821588993073,0.9941176176071167,0.6716432571411133
YPL175W,YDR387C,0,-3.5546227,0.13138118386268616,0.9941176176071167,0.6717435121536255
YLR107W,YHR148W,1,-3.554687,0.1314937174320221,0.9950980544090271,0.6717435121536255
YMR306W,YBR131W,0,-3.5547912,0.13147668540477753,0.9950980544090271,0.6718437075614929
YGL255W,YML087C,0,-3.556087,0.13145965337753296,0.9950980544090271,0.6719439029693604
YDL230W,YKL125W,0,-3.556192,0.13144263625144958,0.9950980544090271,0.6720440983772278
YGR284C,YPR063C,0,-3.5563734,0.1314256191253662,0.9950980544090271,0.6721442937850952
YDL115C,YAL028W,0,-3.5568447,0.13140860199928284,0.9950980544090271,0.6722444891929626
YOL117W,YIR003W,0,-3.556935,0.13139158487319946,0.9950980544090271,0.6723446846008301
YBR069C,YLL032C,0,-3.5569417,0.13137458264827728,0.9950980544090271,0.6724448800086975
YOL119C,YOR320C,0,-3.5571513,0.1313575804233551,0.9950980544090271,0.6725450754165649
YGR266W,YDR101C,0,-3.5573277,0.13134057819843292,0.9950980544090271,0.6726452708244324
YGR037C,YGL255W,0,-3.5573642,0.13132359087467194,0.9950980544090271,0.6727454662322998
YLR256W,YGR054W,0,-3.5575876,0.13130660355091095,0.9950980544090271,0.6728456616401672
YOR344C,YOR129C,0,-3.5579517,0.13128961622714996,0.9950980544090271,0.6729459166526794
YFL039C,YJL125C,0,-3.5580199,0.13127262890338898,0.9950980544090271,0.6730461120605469
YBL061C,YJL094C,0,-3.5580666,0.13125565648078918,0.9950980544090271,0.6731463074684143
YAL041W,YDR347W,0,-3.5581193,0.1312386840581894,0.9950980544090271,0.6732465028762817
YLR262C,YDR113C,0,-3.5582752,0.1312217265367508,0.9950980544090271,0.6733466982841492
YNL055C,YML118W,0,-3.5582886,0.131204754114151,0.9950980544090271,0.6734468936920166
YDR039C,YKL114C,0,-3.5584793,0.1311877965927124,0.9950980544090271,0.673547089099884
YGL126W,YHR080C,0,-3.55857,0.1311708390712738,0.9950980544090271,0.6736472845077515
YGR005C,YDL178W,0,-3.5587826,0.1311538964509964,0.9950980544090271,0.6737474799156189
YLR120C,YDR331W,0,-3.558783,0.131136953830719,0.9950980544090271,0.6738476753234863
YLR090W,YDR323C,0,-3.5588646,0.1311200112104416,0.9950980544090271,0.6739478707313538
YPL215W,YNL191W,0,-3.5588717,0.13110306859016418,0.9950980544090271,0.674048125743866
YML008C,YDR456W,0,-3.5594902,0.13108614087104797,0.9950980544090271,0.6741483211517334
YDR436W,YBR258C,0,-3.559659,0.13106921315193176,0.9950980544090271,0.6742485165596008
YBR033W,YGR035C,0,-3.5598097,0.13105228543281555,0.9950980544090271,0.6743487119674683
YGL100W,YLR248W,0,-3.56012,0.13103537261486053,0.9950980544090271,0.6744489073753357
YGL196W,YCL026C-A,0,-3.5601785,0.13101845979690552,0.9950980544090271,0.6745491027832031
YLL052C,YDL143W,0,-3.560276,0.1310015469789505,0.9950980544090271,0.6746492981910706
YFL061W,YOR368W,0,-3.560397,0.13098464906215668,0.9950980544090271,0.674749493598938
YMR205C,YIL167W,0,-3.5609474,0.13096773624420166,0.9950980544090271,0.6748496890068054
YIL168W,YHR165C,0,-3.5611553,0.13095083832740784,0.9950980544090271,0.6749498844146729
YBR268W,YDR506C,0,-3.5615206,0.1309339553117752,0.9950980544090271,0.6750500798225403
YIR006C,YOR080W,0,-3.5616271,0.13091705739498138,0.9950980544090271,0.6751502752304077
YER021W,YIL101C,0,-3.561701,0.13090017437934875,0.9950980544090271,0.6752505302429199
YFL026W,YLR315W,0,-3.561952,0.13088330626487732,0.9950980544090271,0.6753507256507874
YNL068C,YER060W,0,-3.562344,0.1308664232492447,0.9950980544090271,0.6754509210586548
YNL083W,YMR192W,0,-3.5629365,0.13084955513477325,0.9950980544090271,0.6755511164665222
YIR019C,YLR003C,0,-3.562945,0.13083268702030182,0.9950980544090271,0.6756513118743896
YDL114W,YBL037W,0,-3.56328,0.13081583380699158,0.9950980544090271,0.6757515072822571
YDR022C,YPR096C,0,-3.5634055,0.13079896569252014,0.9950980544090271,0.6758517026901245
YGR017W,YIL093C,0,-3.5635567,0.1307821124792099,0.9950980544090271,0.6759518980979919
YFL003C,YJL123C,0,-3.5637572,0.13076525926589966,0.9950980544090271,0.6760520935058594
YLR378C,YDR302W,0,-3.563851,0.1307484209537506,0.9950980544090271,0.6761522889137268
YGR067C,YNR012W,0,-3.5639076,0.13073158264160156,0.9950980544090271,0.6762524843215942
YGL250W,YDR248C,0,-3.5639095,0.13071474432945251,0.9950980544090271,0.6763526797294617
YHR167W,YMR067C,0,-3.5640764,0.13069792091846466,0.9950980544090271,0.6764529347419739
YPR098C,YML129C,0,-3.5642788,0.1306810826063156,0.9950980544090271,0.6765531301498413
YKL010C,YBR001C,0,-3.5644147,0.13066425919532776,0.9950980544090271,0.6766533255577087
YOR081C,YER096W,0,-3.5646753,0.1306474506855011,0.9950980544090271,0.6767535209655762
YHR165C,YDL149W,0,-3.5647314,0.13063062727451324,0.9950980544090271,0.6768537163734436
YDL127W,YML064C,0,-3.564797,0.13061381876468658,0.9950980544090271,0.676953911781311
YKL033W,YLR427W,0,-3.5650384,0.13059701025485992,0.9950980544090271,0.6770541071891785
YML047C,YDR176W,0,-3.5653305,0.13058021664619446,0.9950980544090271,0.6771543025970459
YLR450W,YIL105C,0,-3.5654435,0.130563423037529,0.9950980544090271,0.6772544980049133
YNL326C,YNL197C,0,-3.565469,0.13054662942886353,0.9950980544090271,0.6773546934127808
YLL062C,YDR134C,0,-3.5655353,0.13052983582019806,0.9950980544090271,0.6774548888206482
YGR057C,YKL120W,0,-3.5655665,0.1305130571126938,0.9950980544090271,0.6775550842285156
YOR367W,YDL155W,0,-3.5658112,0.13049627840518951,0.9950980544090271,0.6776553392410278
YAL020C,YNL275W,0,-3.5659404,0.13047949969768524,0.9950980544090271,0.6777555346488953
YDL119C,YIL064W,0,-3.5660527,0.13046272099018097,0.9950980544090271,0.6778557300567627
YJL002C,YJL170C,0,-3.5661821,0.1304459571838379,0.9950980544090271,0.6779559254646301
YML102W,YMR280C,0,-3.5662282,0.1304291933774948,0.9950980544090271,0.6780561208724976
YDR101C,YMR281W,0,-3.5665665,0.13041244447231293,0.9950980544090271,0.678156316280365
YOL137W,YDL003W,0,-3.5665803,0.13039568066596985,0.9950980544090271,0.6782565116882324
YNL154C,YLR039C,0,-3.5672617,0.13037893176078796,0.9950980544090271,0.6783567070960999
YOR153W,YNL190W,0,-3.5673075,0.13036218285560608,0.9950980544090271,0.6784569025039673
YPL138C,YMR293C,0,-3.567488,0.1303454488515854,0.9950980544090271,0.6785570979118347
YDL065C,YDR189W,0,-3.5675256,0.1303287148475647,0.9950980544090271,0.6786572933197021
YJL153C,YBL099W,0,-3.567569,0.130311980843544,0.9950980544090271,0.6787574887275696
YGL213C,YMR060C,0,-3.5681872,0.13029524683952332,0.9950980544090271,0.6788577437400818
YOR347C,YHR123W,0,-3.5682383,0.13027852773666382,0.9950980544090271,0.6789579391479492
YLL053C,YGL020C,0,-3.5683045,0.13026180863380432,0.9950980544090271,0.6790581345558167
YMR043W,YML041C,0,-3.5688534,0.13024508953094482,0.9950980544090271,0.6791583299636841
YKL197C,YER026C,0,-3.5688605,0.13022838532924652,0.9950980544090271,0.6792585253715515
YMR306W,YER051W,0,-3.568886,0.13021168112754822,0.9950980544090271,0.679358720779419
YCR020C,YGR212W,0,-3.5690188,0.13019497692584991,0.9950980544090271,0.6794589161872864
YNR059W,YDL075W,0,-3.5692081,0.1301782727241516,0.9950980544090271,0.6795591115951538
YOR070C,YFL036W,0,-3.5697317,0.1301615834236145,0.9950980544090271,0.6796593070030212
YBR094W,YML078W,0,-3.5697334,0.1301448941230774,0.9950980544090271,0.6797595024108887
YDR248C,YER058W,0,-3.5702844,0.13012820482254028,0.9950980544090271,0.6798596978187561
YNL106C,YBL066C,0,-3.5703015,0.13011153042316437,0.9950980544090271,0.6799598932266235
YFL047W,YOR113W,0,-3.570529,0.13009484112262726,0.9950980544090271,0.6800601482391357
YNR045W,YJL097W,0,-3.5706224,0.13007818162441254,0.9950980544090271,0.6801603436470032
YAL058W,YML067C,0,-3.5706816,0.13006150722503662,0.9950980544090271,0.6802605390548706
YMR268C,YBR156C,0,-3.5708592,0.1300448477268219,0.9950980544090271,0.680360734462738
YIL073C,YKL086W,0,-3.5709305,0.13002818822860718,0.9950980544090271,0.6804609298706055
YKL221W,YGR277C,0,-3.571175,0.13001152873039246,0.9950980544090271,0.6805611252784729
YKL024C,YDR100W,0,-3.5712652,0.12999488413333893,0.9950980544090271,0.6806613206863403
YGL171W,YDR541C,0,-3.5714664,0.1299782246351242,0.9950980544090271,0.6807615160942078
YEL005C,YLR134W,0,-3.5715313,0.12996159493923187,0.9950980544090271,0.6808617115020752
YNL058C,YML054C,0,-3.5716708,0.12994495034217834,0.9950980544090271,0.6809619069099426
YGR116W,YJR120W,0,-3.5717213,0.129928320646286,0.9950980544090271,0.6810621023178101
YMR042W,YDL137W,0,-3.5717287,0.12991169095039368,0.9950980544090271,0.6811622977256775
YLR242C,YGL025C,0,-3.5718093,0.12989506125450134,0.9950980544090271,0.6812625527381897
YKR062W,YDR208W,0,-3.5720305,0.129878431558609,0.9950980544090271,0.6813627481460571
YOR132W,YGL002W,0,-3.5721207,0.12986181676387787,0.9950980544090271,0.6814629435539246
YGL095C,YIR037W,0,-3.5722136,0.12984520196914673,0.9950980544090271,0.681563138961792
YPL204W,YDL240W,0,-3.572539,0.12982860207557678,0.9950980544090271,0.6816633343696594
YGR067C,YOR267C,0,-3.5727034,0.12981200218200684,0.9950980544090271,0.6817635297775269
YLR266C,YGL121C,0,-3.5727715,0.1297954022884369,0.9950980544090271,0.6818637251853943
YLR432W,YDR130C,0,-3.5729792,0.12977880239486694,0.9950980544090271,0.6819639205932617
YMR166C,YOR245C,0,-3.5730526,0.129762202501297,0.9950980544090271,0.6820641160011292
YBR213W,YOR211C,0,-3.5730832,0.12974561750888824,0.9950980544090271,0.6821643114089966
YNR026C,YOR080W,0,-3.5733333,0.1297290325164795,0.9950980544090271,0.682264506816864
YPL164C,YER038C,0,-3.573409,0.12971246242523193,0.9950980544090271,0.6823647022247314
YJR118C,YPL209C,0,-3.5734124,0.12969589233398438,0.9950980544090271,0.6824649572372437
YMR101C,YGR208W,0,-3.5735326,0.12967932224273682,0.9950980544090271,0.6825651526451111
YGL205W,YDR182W,0,-3.5737147,0.12966275215148926,0.9950980544090271,0.6826653480529785
YGR206W,YGR284C,0,-3.5737286,0.1296461820602417,0.9950980544090271,0.682765543460846
YBR021W,YKR083C,0,-3.5738015,0.12962962687015533,0.9950980544090271,0.6828657388687134
YBR191W,YJL196C,0,-3.5739121,0.12961307168006897,0.9950980544090271,0.6829659342765808
YHR013C,YDL132W,0,-3.5739625,0.1295965313911438,0.9950980544090271,0.6830661296844482
YCR081W,YIL015W,0,-3.5739698,0.12957997620105743,0.9950980544090271,0.6831663250923157
YNL146W,YIL115C,0,-3.5739765,0.12956343591213226,0.9950980544090271,0.6832665205001831
YLR222C,YPL224C,0,-3.574082,0.1295469105243683,0.9950980544090271,0.6833667159080505
YPL036W,YLR277C,0,-3.5742297,0.12953037023544312,0.9950980544090271,0.683466911315918
YOR329C,YGR048W,0,-3.57424,0.12951384484767914,0.9950980544090271,0.6835671067237854
YBR201W,YPL055C,0,-3.5743878,0.12949731945991516,0.9950980544090271,0.6836673617362976
YLR054C,YMR285C,0,-3.5744886,0.12948079407215118,0.9950980544090271,0.683767557144165
YNL312W,YEL039C,0,-3.5745249,0.1294642835855484,0.9950980544090271,0.6838677525520325
YDR268W,YKL021C,0,-3.5746171,0.12944777309894562,0.9950980544090271,0.6839679479598999
YAL020C,YGL009C,0,-3.5746317,0.12943126261234283,0.9950980544090271,0.6840681433677673
YNL053W,YGR193C,0,-3.574742,0.12941476702690125,0.9950980544090271,0.6841683387756348
YDL064W,YNL190W,0,-3.5748315,0.12939827144145966,0.9950980544090271,0.6842685341835022
YOR334W,YGL250W,0,-3.5749798,0.12938177585601807,0.9950980544090271,0.6843687295913696
YML055W,YBR297W,0,-3.575298,0.12936528027057648,0.9950980544090271,0.6844689249992371
YIL009W,YMR048W,0,-3.575538,0.12934879958629608,0.9950980544090271,0.6845691204071045
YPL173W,YLR017W,0,-3.5756044,0.12933231890201569,0.9950980544090271,0.6846693158149719
YOR156C,YDL149W,0,-3.575764,0.1293158382177353,0.9950980544090271,0.6847695112228394
YPL056C,YML057W,0,-3.57577,0.1292993575334549,0.9950980544090271,0.6848697662353516
YNR063W,YPL010W,0,-3.5758553,0.1292828917503357,0.9950980544090271,0.684969961643219
YBR029C,YOL009C,0,-3.5760279,0.1292664259672165,0.9950980544090271,0.6850701570510864
YBL040C,YCL069W,0,-3.57621,0.12924997508525848,0.9950980544090271,0.6851703524589539
YKR090W,YCR010C,0,-3.5766006,0.12923350930213928,0.9950980544090271,0.6852705478668213
YHR136C,YOR356W,0,-3.5766954,0.12921705842018127,0.9950980544090271,0.6853707432746887
YJR117W,YER041W,0,-3.5767953,0.12920060753822327,0.9950980544090271,0.6854709386825562
YLR376C,YDR148C,0,-3.5768,0.12918417155742645,0.9950980544090271,0.6855711340904236
YER120W,YPR101W,0,-3.577048,0.12916772067546844,0.9950980544090271,0.685671329498291
YOL031C,YDR216W,0,-3.5770779,0.12915128469467163,0.9950980544090271,0.6857715249061584
YOR294W,YER125W,1,-3.5771308,0.12926208972930908,0.9960784316062927,0.6857715249061584
YBR267W,YHL047C,0,-3.577169,0.12924563884735107,0.9960784316062927,0.6858717203140259
YKL077W,YMR293C,0,-3.57717,0.12922920286655426,0.9960784316062927,0.6859719157218933
YDR427W,YGL021W,0,-3.5772955,0.12921276688575745,0.9960784316062927,0.6860721707344055
YLR319C,YOL039W,0,-3.5788307,0.12919633090496063,0.9960784316062927,0.686172366142273
YOL147C,YMR041C,0,-3.5791316,0.129179909825325,0.9960784316062927,0.6862725615501404
YGL222C,YDR481C,0,-3.5792403,0.1291634887456894,0.9960784316062927,0.6863727569580078
YAL059W,YJL196C,0,-3.5799756,0.12914706766605377,0.9960784316062927,0.6864729523658752
YML029W,YDR379W,0,-3.5800223,0.12913066148757935,0.9960784316062927,0.6865731477737427
YLR079W,YNL049C,0,-3.580178,0.12911424040794373,0.9960784316062927,0.6866733431816101
YJL090C,YBR107C,0,-3.5807219,0.1290978342294693,0.9960784316062927,0.6867735385894775
YLR313C,YDL190C,0,-3.580761,0.12908144295215607,0.9960784316062927,0.686873733997345
YDR348C,YPR134W,0,-3.5808249,0.12906503677368164,0.9960784316062927,0.6869739294052124
YMR183C,YBR077C,0,-3.5808854,0.1290486454963684,0.9960784316062927,0.6870741248130798
YGR065C,YGL207W,0,-3.580894,0.12903225421905518,0.9960784316062927,0.6871743202209473
YJL216C,YNR049C,0,-3.5810544,0.12901587784290314,0.9960784316062927,0.6872745752334595
YPL224C,YKR053C,0,-3.5816963,0.1289994865655899,0.9960784316062927,0.6873747706413269
YBL005W,YLR001C,0,-3.5817175,0.12898311018943787,0.9960784316062927,0.6874749660491943
YLR131C,YML057W,0,-3.581767,0.12896674871444702,0.9960784316062927,0.6875751614570618
YPL117C,YPL225W,0,-3.5818186,0.12895037233829498,0.9960784316062927,0.6876753568649292
YPL028W,YJR135C,0,-3.5819585,0.12893401086330414,0.9960784316062927,0.6877755522727966
YLR292C,YMR293C,0,-3.5821948,0.1289176493883133,0.9960784316062927,0.6878757476806641
YCR036W,YGL251C,0,-3.5822577,0.12890128791332245,0.9960784316062927,0.6879759430885315
YOR328W,YML067C,0,-3.5825047,0.1288849413394928,0.9960784316062927,0.6880761384963989
YNL280C,YOL069W,0,-3.5825384,0.12886859476566315,0.9960784316062927,0.6881763339042664
YCR091W,YBR289W,0,-3.5826707,0.1288522481918335,0.9960784316062927,0.6882765293121338
YAR066W,YLR201C,0,-3.5833805,0.12883591651916504,0.9960784316062927,0.6883767247200012
YER015W,YNL183C,0,-3.5833943,0.1288195699453354,0.9960784316062927,0.6884769797325134
YBR089C-A,YGR266W,0,-3.5835457,0.12880323827266693,0.9960784316062927,0.6885771751403809
YKR089C,YML127W,0,-3.583655,0.12878692150115967,0.9960784316062927,0.6886773705482483
YOR284W,YLR022C,0,-3.5841436,0.1287705898284912,0.9960784316062927,0.6887775659561157
YNL279W,YEL024W,0,-3.5841713,0.12875427305698395,0.9960784316062927,0.6888777613639832
YNR050C,YMR091C,0,-3.584426,0.12873795628547668,0.9960784316062927,0.6889779567718506
YNL177C,YJL080C,0,-3.584541,0.12872165441513062,0.9960784316062927,0.689078152179718
YER095W,YNR046W,0,-3.584658,0.12870535254478455,0.9960784316062927,0.6891783475875854
YLR186W,YGR249W,0,-3.5847194,0.12868905067443848,0.9960784316062927,0.6892785429954529
YBR237W,YLR204W,0,-3.5848012,0.1286727488040924,0.9960784316062927,0.6893787384033203
YPL053C,YBR130C,0,-3.5850298,0.12865644693374634,0.9960784316062927,0.6894789338111877
YLL010C,YBL072C,0,-3.585103,0.12864015996456146,0.9960784316062927,0.6895791292190552
YBR200W,YLR181C,0,-3.5851192,0.1286238729953766,0.9960784316062927,0.6896793842315674
YOR384W,YLR045C,0,-3.5854592,0.1286076009273529,0.9960784316062927,0.6897795796394348
YML042W,YDL211C,0,-3.585765,0.12859131395816803,0.9960784316062927,0.6898797750473022
YOL154W,YML041C,0,-3.5858996,0.12857504189014435,0.9960784316062927,0.6899799704551697
YNR026C,YHR031C,0,-3.585906,0.12855876982212067,0.9960784316062927,0.6900801658630371
YHR158C,YGL128C,0,-3.5859585,0.12854251265525818,0.9960784316062927,0.6901803612709045
YAL035W,YPL095C,0,-3.5860386,0.1285262554883957,0.9960784316062927,0.690280556678772
YGL005C,YPL148C,0,-3.5862212,0.1285099983215332,0.9960784316062927,0.6903807520866394
YJR152W,YBR105C,0,-3.5862794,0.12849374115467072,0.9960784316062927,0.6904809474945068
YDL150W,YDR204W,0,-3.5864582,0.12847748398780823,0.9960784316062927,0.6905811429023743
YNL137C,YDL243C,0,-3.587315,0.12846124172210693,0.9960784316062927,0.6906813383102417
YLL067C,YIL009C-A,0,-3.5876145,0.12844499945640564,0.9960784316062927,0.6907815337181091
YJL160C,YAL023C,0,-3.5884516,0.12842877209186554,0.9960784316062927,0.6908817887306213
YBR102C,YJL164C,0,-3.588584,0.12841254472732544,0.9960784316062927,0.6909819841384888
YGR260W,YCR068W,0,-3.5889344,0.12839630246162415,0.9960784316062927,0.6910821795463562
YMR225C,YDR434W,0,-3.5890536,0.12838008999824524,0.9960784316062927,0.6911823749542236
YDR105C,YNL082W,0,-3.589449,0.12836386263370514,0.9960784316062927,0.6912825703620911
YPL019C,YMR130W,0,-3.589469,0.12834765017032623,0.9960784316062927,0.6913827657699585
YJR013W,YGR096W,0,-3.5904217,0.12833143770694733,0.9960784316062927,0.6914829611778259
YER155C,YML072C,0,-3.5910325,0.12831522524356842,0.9960784316062927,0.6915831565856934
YAL034W-A,YPR101W,0,-3.5911145,0.1282990276813507,0.9960784316062927,0.6916833519935608
YDR532C,YOR271C,0,-3.5911517,0.128282830119133,0.9960784316062927,0.6917835474014282
YNR045W,YNL056W,0,-3.5912273,0.12826663255691528,0.9960784316062927,0.6918837428092957
YMR297W,YNL263C,0,-3.591685,0.12825043499469757,0.9960784316062927,0.6919839382171631
YLR304C,YLR019W,0,-3.592002,0.12823425233364105,0.9960784316062927,0.6920841932296753
YMR029C,YBR218C,0,-3.5925093,0.12821806967258453,0.9960784316062927,0.6921843886375427
YKR088C,YDL139C,0,-3.592619,0.12820188701152802,0.9960784316062927,0.6922845840454102
YDL200C,YCR102C,0,-3.592669,0.1281857192516327,0.9960784316062927,0.6923847794532776
YDL174C,YDL064W,0,-3.5927968,0.12816955149173737,0.9960784316062927,0.692484974861145
YFR007W,YBR035C,0,-3.592907,0.12815338373184204,0.9960784316062927,0.6925851702690125
YPL248C,YDR032C,0,-3.593191,0.12813721597194672,0.9960784316062927,0.6926853656768799
YJL042W,YGL125W,0,-3.5936394,0.12812106311321259,0.9960784316062927,0.6927855610847473
YKL188C,YNR075W,0,-3.5938818,0.12810491025447845,0.9960784316062927,0.6928857564926147
YIL062C,YDR438W,0,-3.59402,0.12808875739574432,0.9960784316062927,0.6929859519004822
YOR290C,YJL154C,0,-3.5941193,0.1280726045370102,0.9960784316062927,0.6930861473083496
YNL328C,YNL241C,0,-3.5944214,0.12805646657943726,0.9960784316062927,0.6931864023208618
YMR048W,YOR288C,0,-3.5945013,0.12804032862186432,0.9960784316062927,0.6932865977287292
YGR121C,YEL026W,0,-3.5948315,0.12802419066429138,0.9960784316062927,0.6933867931365967
YAL021C,YGL249W,0,-3.5949907,0.12800806760787964,0.9960784316062927,0.6934869885444641
YJR013W,YMR322C,0,-3.5953636,0.1279919445514679,0.9960784316062927,0.6935871839523315
YPL156C,YLR148W,0,-3.5953856,0.12797582149505615,0.9960784316062927,0.693687379360199
YOR306C,YCR094W,0,-3.5955882,0.1279596984386444,0.9960784316062927,0.6937875747680664
YDR536W,YER160C,0,-3.5960991,0.12794359028339386,0.9960784316062927,0.6938877701759338
YER041W,YPL176C,0,-3.5963047,0.12792746722698212,0.9960784316062927,0.6939879655838013
YHL032C,YDL101C,0,-3.5965567,0.12791137397289276,0.9960784316062927,0.6940881609916687
YPR058W,YIL109C,0,-3.59658,0.1278952658176422,0.9960784316062927,0.6941883563995361
YDL098C,YNL326C,0,-3.5966554,0.12787917256355286,0.9960784316062927,0.6942885518074036
YKL120W,YDR013W,0,-3.5966644,0.1278630793094635,0.9960784316062927,0.6943888068199158
YGL227W,YDR320C,0,-3.5967262,0.12784698605537415,0.9960784316062927,0.6944890022277832
YPL137C,YPL148C,0,-3.5967498,0.12783090770244598,0.9960784316062927,0.6945891976356506
YOL115W,YGR277C,0,-3.5968428,0.12781481444835663,0.9960784316062927,0.6946893930435181
YIL063C,YPR066W,0,-3.5968714,0.12779873609542847,0.9960784316062927,0.6947895884513855
YHR025W,YDR541C,0,-3.5970607,0.1277826726436615,0.9960784316062927,0.6948897838592529
YKL059C,YOL011W,0,-3.5972502,0.12776659429073334,0.9960784316062927,0.6949899792671204
YLR362W,YIL113W,0,-3.597278,0.12775053083896637,0.9960784316062927,0.6950901746749878
YMR092C,YGR063C,0,-3.5977268,0.1277344673871994,0.9960784316062927,0.6951903700828552
YGL238W,YBL031W,0,-3.5978932,0.12771841883659363,0.9960784316062927,0.6952905654907227
YHR089C,YOR267C,0,-3.5980375,0.12770237028598785,0.9960784316062927,0.6953907608985901
YER003C,YNL321W,0,-3.598325,0.1276863068342209,0.9960784316062927,0.6954909563064575
YGL195W,YLR034C,0,-3.5984857,0.1276702731847763,0.9960784316062927,0.6955912113189697
YLR342W,YNL251C,0,-3.5989828,0.12765422463417053,0.9960784316062927,0.6956914067268372
YHL019C,YIL073C,0,-3.5995085,0.12763819098472595,0.9960784316062927,0.6957916021347046
YIL009W,YHR111W,0,-3.6000783,0.12762215733528137,0.9960784316062927,0.695891797542572
YOL003C,YOL149W,0,-3.600182,0.1276061236858368,0.9960784316062927,0.6959919929504395
YGR247W,YLR376C,0,-3.6003027,0.1275901049375534,0.9960784316062927,0.6960921883583069
YIL030C,YLR176C,0,-3.6004665,0.12757408618927002,0.9960784316062927,0.6961923837661743
YDL122W,YJL167W,0,-3.6008878,0.12755806744098663,0.9960784316062927,0.6962925791740417
YHR003C,YHR113W,0,-3.6009862,0.12754204869270325,0.9960784316062927,0.6963927745819092
YHR098C,YBL105C,0,-3.6010566,0.12752604484558105,0.9960784316062927,0.6964929699897766
YKL086W,YBL084C,0,-3.601202,0.12751004099845886,0.9960784316062927,0.696593165397644
YDR522C,YNL311C,0,-3.6015306,0.12749403715133667,0.9960784316062927,0.6966933608055115
YJR160C,YDR471W,0,-3.6019955,0.12747804820537567,0.9960784316062927,0.6967936158180237
YMR109W,YPL072W,0,-3.6021323,0.12746204435825348,0.9960784316062927,0.6968938112258911
YHR110W,YJR093C,0,-3.6022623,0.12744605541229248,0.9960784316062927,0.6969940066337585
YBR139W,YKR077W,0,-3.602283,0.12743008136749268,0.9960784316062927,0.697094202041626
YGR099W,YGR062C,0,-3.6023068,0.12741409242153168,0.9960784316062927,0.6971943974494934
YBR114W,YOL126C,0,-3.602357,0.12739811837673187,0.9960784316062927,0.6972945928573608
YDR188W,YMR225C,0,-3.602395,0.12738214433193207,0.9960784316062927,0.6973947882652283
YBR040W,YMR226C,0,-3.602415,0.12736618518829346,0.9960784316062927,0.6974949836730957
YLR225C,YDR027C,0,-3.6026635,0.12735021114349365,0.9960784316062927,0.6975951790809631
YBR098W,YDR279W,0,-3.6026683,0.12733425199985504,0.9960784316062927,0.6976953744888306
YLR323C,YGR040W,0,-3.6028655,0.12731829285621643,0.9960784316062927,0.697795569896698
YHR089C,YJL170C,0,-3.6030986,0.127302348613739,0.9960784316062927,0.6978957653045654
YML008C,YML067C,0,-3.6033468,0.1272863894701004,0.9960784316062927,0.6979960203170776
YLR039C,YGR133W,0,-3.603355,0.12727044522762299,0.9960784316062927,0.6980962157249451
YGL178W,YML092C,0,-3.603414,0.12725451588630676,0.9960784316062927,0.6981964111328125
YDR466W,YPR151C,0,-3.6034632,0.12723857164382935,0.9960784316062927,0.6982966065406799
YPR121W,YPR096C,0,-3.603877,0.12722264230251312,0.9960784316062927,0.6983968019485474
YNL264C,YKL164C,0,-3.604123,0.1272067129611969,0.9960784316062927,0.6984969973564148
YBL042C,YLR056W,0,-3.6042242,0.12719078361988068,0.9960784316062927,0.6985971927642822
YPR134W,YGR006W,0,-3.6042962,0.12717486917972565,0.9960784316062927,0.6986973881721497
YDR126W,YHL011C,0,-3.6049197,0.12715895473957062,0.9960784316062927,0.6987975835800171
YLR299W,YGR002C,0,-3.6049972,0.1271430402994156,0.9960784316062927,0.6988977789878845
YOR158W,YGL189C,0,-3.6051311,0.12712712585926056,0.9960784316062927,0.698997974395752
YMR275C,YOR091W,0,-3.605709,0.12711122632026672,0.9960784316062927,0.6990981698036194
YOL122C,YDR142C,0,-3.6057816,0.1270953267812729,0.9960784316062927,0.6991984248161316
YGR207C,YJR015W,0,-3.6060197,0.12707942724227905,0.9960784316062927,0.699298620223999
YJR043C,YGR133W,0,-3.6063616,0.12706352770328522,0.9960784316062927,0.6993988156318665
YHL019C,YNR020C,0,-3.606413,0.12704764306545258,0.9960784316062927,0.6994990110397339
YAR018C,YOR234C,0,-3.6065216,0.12703175842761993,0.9960784316062927,0.6995992064476013
YPR118W,YGL194C,0,-3.606695,0.1270158737897873,0.9960784316062927,0.6996994018554688
YMR022W,YCR105W,0,-3.6070628,0.12700000405311584,0.9960784316062927,0.6997995972633362
YNL063W,YHR039C,0,-3.6072273,0.1269841343164444,0.9960784316062927,0.6998997926712036
YOL109W,YCL001W,0,-3.6077337,0.12696826457977295,0.9960784316062927,0.699999988079071
YDR264C,YIL053W,0,-3.6078253,0.1269523948431015,0.9960784316062927,0.7001001834869385
YER109C,YDR051C,0,-3.6081662,0.12693652510643005,0.9960784316062927,0.7002003788948059
YDL207W,YBR130C,0,-3.6089294,0.1269206702709198,0.9960784316062927,0.7003005743026733
YOL059W,YOR322C,0,-3.6091037,0.12690481543540955,0.9960784316062927,0.7004008293151855
YNL173C,YLR467W,0,-3.609422,0.12688897550106049,0.9960784316062927,0.700501024723053
YCR048W,YJL001W,0,-3.609445,0.12687312066555023,0.9960784316062927,0.7006012201309204
YCR024C-A,YGL231C,0,-3.6096454,0.12685728073120117,0.9960784316062927,0.7007014155387878
YGR254W,YOR224C,0,-3.6100304,0.1268414407968521,0.9960784316062927,0.7008016109466553
YOR346W,YER062C,0,-3.6101503,0.12682561576366425,0.9960784316062927,0.7009018063545227
YOR357C,YBL105C,0,-3.6103106,0.12680979073047638,0.9960784316062927,0.7010020017623901
YPR009W,YDL236W,0,-3.6104164,0.1267939656972885,0.9960784316062927,0.7011021971702576
YGR121C,YGL044C,0,-3.6104352,0.12677814066410065,0.9960784316062927,0.701202392578125
YHR091C,YDL195W,0,-3.6108937,0.12676231563091278,0.9960784316062927,0.7013025879859924
YBR089C-A,YIL030C,0,-3.610949,0.1267465054988861,0.9960784316062927,0.7014027833938599
YPL091W,YNL133C,0,-3.6111536,0.12673069536685944,0.9960784316062927,0.7015029788017273
YFR044C,YEL001C,0,-3.611185,0.12671488523483276,0.9960784316062927,0.7016032338142395
YHR153C,YMR149W,0,-3.6113844,0.12669909000396729,0.9960784316062927,0.7017034292221069
YDR028C,YGR125W,0,-3.6114063,0.1266832947731018,0.9960784316062927,0.7018036246299744
YBL051C,YNL009W,0,-3.612105,0.12666749954223633,0.9960784316062927,0.7019038200378418
YDR197W,YJL216C,0,-3.6122932,0.12665170431137085,0.9960784316062927,0.7020040154457092
YHR210C,YNL025C,0,-3.6124973,0.12663592398166656,0.9960784316062927,0.7021042108535767
YBR146W,YER112W,0,-3.6127605,0.12662014365196228,0.9960784316062927,0.7022044062614441
YJL208C,YJL101C,0,-3.6128807,0.126604363322258,0.9960784316062927,0.7023046016693115
YDR052C,YHR067W,0,-3.613251,0.1265885829925537,0.9960784316062927,0.702404797077179
YER031C,YDR264C,0,-3.613351,0.12657281756401062,0.9960784316062927,0.7025049924850464
YOR043W,YOL002C,0,-3.6135874,0.12655705213546753,0.9960784316062927,0.7026051878929138
YER183C,YLR247C,0,-3.613668,0.12654128670692444,0.9960784316062927,0.7027053833007812
YLR288C,YPL159C,0,-3.6138916,0.12652553617954254,0.9960784316062927,0.7028056383132935
YLR433C,YPL024W,0,-3.6139395,0.12650977075099945,0.9960784316062927,0.7029058337211609
YBR162C,YBL002W,0,-3.614037,0.12649402022361755,0.9960784316062927,0.7030060291290283
YMR171C,YMR283C,0,-3.6141553,0.12647826969623566,0.9960784316062927,0.7031062245368958
YGR263C,YLR381W,0,-3.6142902,0.12646253407001495,0.9960784316062927,0.7032064199447632
YNL139C,YDR437W,0,-3.6143258,0.12644679844379425,0.9960784316062927,0.7033066153526306
YLR056W,YKR095W,0,-3.6144047,0.12643106281757355,0.9960784316062927,0.703406810760498
YLR233C,YNL146W,0,-3.614446,0.12641532719135284,0.9960784316062927,0.7035070061683655
YDL193W,YJL186W,0,-3.6147933,0.12639960646629333,0.9960784316062927,0.7036072015762329
YJL099W,YLR017W,0,-3.6152225,0.12638388574123383,0.9960784316062927,0.7037073969841003
YER044C,YDL144C,0,-3.615344,0.12636816501617432,0.9960784316062927,0.7038075923919678
YGL012W,YNL166C,0,-3.6153784,0.1263524442911148,0.9960784316062927,0.7039077877998352
YKL062W,YGL161C,0,-3.6153874,0.1263367384672165,0.9960784316062927,0.7040080428123474
YML058W,YDR320C,0,-3.615509,0.12632101774215698,0.9960784316062927,0.7041082382202148
YJL108C,YMR242C,0,-3.615884,0.12630532681941986,0.9960784316062927,0.7042084336280823
YOR367W,YJL045W,0,-3.615932,0.12628962099552155,0.9960784316062927,0.7043086290359497
YPL115C,YLR110C,0,-3.6160603,0.12627393007278442,0.9960784316062927,0.7044088244438171
YDR482C,YLR128W,0,-3.6161046,0.1262582391500473,0.9960784316062927,0.7045090198516846
YHR014W,YFL047W,0,-3.6169596,0.12624254822731018,0.9960784316062927,0.704609215259552
YER139C,YIR033W,0,-3.6171298,0.12622685730457306,0.9960784316062927,0.7047094106674194
YNL012W,YKL112W,0,-3.6172538,0.12621118128299713,0.9960784316062927,0.7048096060752869
YDL019C,YEL016C,0,-3.6173506,0.1261955052614212,0.9960784316062927,0.7049098014831543
YMR215W,YJR047C,0,-3.6173737,0.12617982923984528,0.9960784316062927,0.7050099968910217
YDR118W,YMR017W,0,-3.6175327,0.12616416811943054,0.9960784316062927,0.7051101922988892
YLR369W,YIL069C,0,-3.6177511,0.12614849209785461,0.9960784316062927,0.7052104473114014
YLR248W,YJL145W,0,-3.6178207,0.12613283097743988,0.9960784316062927,0.7053106427192688
YHR139C,YDL030W,0,-3.6182475,0.12611718475818634,0.9960784316062927,0.7054108381271362
YNL082W,YJL046W,0,-3.6183279,0.1261015236377716,0.9960784316062927,0.7055110335350037
YKR086W,YDR027C,0,-3.6183383,0.12608587741851807,0.9960784316062927,0.7056112289428711
YDL168W,YPR180W,0,-3.6189208,0.12607023119926453,0.9960784316062927,0.7057114243507385
YLR097C,YDR447C,0,-3.6189656,0.126054584980011,0.9960784316062927,0.705811619758606
YOR156C,YJL208C,0,-3.6191723,0.12603895366191864,0.9960784316062927,0.7059118151664734
YCR023C,YMR086W,0,-3.6194878,0.1260233223438263,0.9960784316062927,0.7060120105743408
YML130C,YML016C,0,-3.6196055,0.12600769102573395,0.9960784316062927,0.7061122059822083
YOR090C,YOR046C,0,-3.6196475,0.1259920597076416,0.9960784316062927,0.7062124013900757
YGL054C,YKL079W,0,-3.6200252,0.12597644329071045,0.9960784316062927,0.7063125967979431
YGR183C,YOL067C,0,-3.6203446,0.1259608268737793,0.9960784316062927,0.7064128518104553
YCL027W,YMR044W,0,-3.6208124,0.12594521045684814,0.9960784316062927,0.7065130472183228
YGR041W,YHR141C,0,-3.6210792,0.125929594039917,0.9960784316062927,0.7066132426261902
YPR133C,YDR528W,0,-3.6211514,0.12591399252414703,0.9960784316062927,0.7067134380340576
YGR108W,YGR029W,0,-3.6212425,0.12589839100837708,0.9960784316062927,0.706813633441925
YKR090W,YOR110W,0,-3.6213288,0.12588278949260712,0.9960784316062927,0.7069138288497925
YBL102W,YDR293C,0,-3.6214714,0.12586718797683716,0.9960784316062927,0.7070140242576599
YGR207C,YOL072W,0,-3.621687,0.1258516013622284,0.9960784316062927,0.7071142196655273
YML046W,YPL076W,0,-3.6218019,0.12583601474761963,0.9960784316062927,0.7072144150733948
YAL001C,YPR047W,0,-3.621912,0.12582042813301086,0.9960784316062927,0.7073146104812622
YKL179C,YAR042W,0,-3.6222963,0.1258048564195633,0.9960784316062927,0.7074148058891296
YPL118W,YER027C,0,-3.6223993,0.12578928470611572,0.9960784316062927,0.7075150012969971
YBR039W,YNL241C,0,-3.6225915,0.12577371299266815,0.9960784316062927,0.7076152563095093
YBL078C,YML027W,0,-3.6226373,0.12575814127922058,0.9960784316062927,0.7077154517173767
YDL108W,YDR115W,0,-3.6228907,0.125742569565773,0.9960784316062927,0.7078156471252441
YPL031C,YLR192C,0,-3.6234655,0.12572701275348663,0.9960784316062927,0.7079158425331116
YPL032C,YER041W,0,-3.6235085,0.12571145594120026,0.9960784316062927,0.708016037940979
YGL008C,YML061C,0,-3.6236746,0.12569589912891388,0.9960784316062927,0.7081162333488464
YHR003C,YNL031C,0,-3.6238365,0.1256803572177887,0.9960784316062927,0.7082164287567139
YJL138C,YKL034W,0,-3.6239939,0.1256648153066635,0.9960784316062927,0.7083166241645813
YNL279W,YDR214W,0,-3.6243424,0.12564927339553833,0.9960784316062927,0.7084168195724487
YNR055C,YOL060C,0,-3.6243815,0.12563373148441315,0.9960784316062927,0.7085170149803162
YML081W,YCR102C,0,-3.6249275,0.12561820447444916,0.9960784316062927,0.7086172103881836
YFR055W,YFL034C-B,0,-3.6250033,0.12560267746448517,0.9960784316062927,0.708717405796051
YJL153C,YNL099C,0,-3.6257315,0.12558715045452118,0.9960784316062927,0.7088176608085632
YOR201C,YKL221W,0,-3.6258116,0.1255716234445572,0.9960784316062927,0.7089178562164307
YJL157C,YHR116W,0,-3.6259751,0.1255561113357544,0.9960784316062927,0.7090180516242981
YHL016C,YMR052W,0,-3.6262758,0.1255405843257904,0.9960784316062927,0.7091182470321655
YDL081C,YOR064C,0,-3.6267028,0.1255250871181488,0.9960784316062927,0.709218442440033
YDR213W,YJL002C,0,-3.6267214,0.125509575009346,0.9960784316062927,0.7093186378479004
YAL019W,YMR166C,0,-3.626728,0.1254940778017044,0.9960784316062927,0.7094188332557678
YLR396C,YMR083W,0,-3.6268177,0.1254785656929016,0.9960784316062927,0.7095190286636353
YML114C,YDR116C,0,-3.6269403,0.1254630833864212,0.9960784316062927,0.7096192240715027
YIL120W,YLR403W,0,-3.6274815,0.1254475861787796,0.9960784316062927,0.7097194194793701
YDL079C,YHR123W,0,-3.627687,0.1254321038722992,0.9960784316062927,0.7098196148872375
YML116W,YDR320C,0,-3.6279259,0.1254166215658188,0.9960784316062927,0.709919810295105
YHR098C,YOR306C,0,-3.6284208,0.12540113925933838,0.9960784316062927,0.7100200653076172
YIL111W,YPL215W,0,-3.6285577,0.12538565695285797,0.9960784316062927,0.7101202607154846
YGR076C,YDR040C,0,-3.6286335,0.12537018954753876,0.9960784316062927,0.710220456123352
YLR222C,YDR043C,0,-3.6287966,0.12535472214221954,0.9960784316062927,0.7103206515312195
YLR090W,YFR003C,0,-3.628982,0.12533925473690033,0.9960784316062927,0.7104208469390869
YPR005C,YDR098C,0,-3.6291895,0.12532378733158112,0.9960784316062927,0.7105210423469543
YFR041C,YCR096C,0,-3.6297598,0.1253083348274231,0.9960784316062927,0.7106212377548218
YDR315C,YGR172C,0,-3.6302466,0.12529288232326508,0.9960784316062927,0.7107214331626892
YLR044C,YMR086W,0,-3.6303756,0.12527742981910706,0.9960784316062927,0.7108216285705566
YGL198W,YNL251C,0,-3.6310954,0.12526199221611023,0.9960784316062927,0.7109218239784241
YHR147C,YDR443C,0,-3.6311188,0.1252465546131134,0.9960784316062927,0.7110220193862915
YKL032C,YBR212W,0,-3.631137,0.12523111701011658,0.9960784316062927,0.7111222147941589
YOR205C,YJR033C,0,-3.6313443,0.12521567940711975,0.9960784316062927,0.7112224698066711
YBR082C,YLR459W,0,-3.632039,0.12520024180412292,0.9960784316062927,0.7113226652145386
YIL129C,YGR148C,0,-3.6320636,0.1251848191022873,0.9960784316062927,0.711422860622406
YNL065W,YOR014W,0,-3.632197,0.12516939640045166,0.9960784316062927,0.7115230560302734
YIL114C,YKL108W,0,-3.632534,0.12515397369861603,0.9960784316062927,0.7116232514381409
YGL011C,YBR043C,0,-3.6328588,0.1251385658979416,0.9960784316062927,0.7117234468460083
YOR087W,YBR235W,0,-3.633387,0.12512315809726715,0.9960784316062927,0.7118236422538757
YMR060C,YNL094W,0,-3.6335435,0.1251077502965927,0.9960784316062927,0.7119238376617432
YGL124C,YLR170C,0,-3.6337132,0.12509234249591827,0.9960784316062927,0.7120240330696106
YPR054W,YHR146W,0,-3.633746,0.12507693469524384,0.9960784316062927,0.712124228477478
YDL007W,YDR435C,0,-3.6339028,0.1250615417957306,0.9960784316062927,0.7122244238853455
YHL031C,YLR081W,0,-3.6339192,0.12504614889621735,0.9960784316062927,0.7123246788978577
YER169W,YGR234W,0,-3.6340125,0.1250307708978653,0.9960784316062927,0.7124248743057251
YOR278W,YDL113C,0,-3.6341536,0.12501537799835205,0.9960784316062927,0.7125250697135925
YKR080W,YHR010W,0,-3.6342196,0.125,0.9960784316062927,0.71262526512146
YNL048W,YPR174C,0,-3.6342382,0.12498462200164795,0.9960784316062927,0.7127254605293274
YNL311C,YBR058C,0,-3.6342835,0.1249692514538765,0.9960784316062927,0.7128256559371948
YEL065W,YBL072C,0,-3.6347744,0.12495388090610504,0.9960784316062927,0.7129258513450623
YOR059C,YDR058C,0,-3.6347933,0.12493851780891418,0.9960784316062927,0.7130260467529297
YHR037W,YFL037W,0,-3.6349938,0.12492315471172333,0.9960784316062927,0.7131262421607971
YGL129C,YNL065W,0,-3.6353226,0.12490779161453247,0.9960784316062927,0.7132264375686646
YJR144W,YPL017C,0,-3.635366,0.12489244341850281,0.9960784316062927,0.713326632976532
YDR372C,YML111W,0,-3.63554,0.12487708777189255,0.9960784316062927,0.7134268283843994
YBR018C,YBR189W,0,-3.6355941,0.12486173957586288,0.9960784316062927,0.7135270833969116
YGR257C,YPL006W,0,-3.6358573,0.12484639883041382,0.9960784316062927,0.713627278804779
YBR251W,YGL027C,0,-3.6360807,0.12483105808496475,0.9960784316062927,0.7137274742126465
YJL094C,YER028C,0,-3.6360974,0.12481572479009628,0.9960784316062927,0.7138276696205139
YHL006C,YNL025C,0,-3.6362166,0.12480039149522781,0.9960784316062927,0.7139278650283813
YCR009C,YPR028W,0,-3.6368957,0.12478506565093994,0.9960784316062927,0.7140280604362488
YML126C,YHR115C,0,-3.6369967,0.12476973980665207,0.9960784316062927,0.7141282558441162
YFR041C,YJL057C,0,-3.6370625,0.1247544214129448,0.9960784316062927,0.7142284512519836
YNL270C,YPR199C,0,-3.637791,0.12473910301923752,0.9960784316062927,0.7143286466598511
YPL033C,YML066C,0,-3.6380167,0.12472379207611084,0.9960784316062927,0.7144288420677185
YNL272C,YOR087W,0,-3.6381896,0.12470848113298416,0.9960784316062927,0.7145290374755859
YIR017C,YJL062W,0,-3.638716,0.12469317764043808,0.9960784316062927,0.7146292328834534
YLR313C,YNL112W,0,-3.638812,0.124677874147892,0.9960784316062927,0.7147294878959656
YHR067W,YMR016C,0,-3.6390572,0.12466257810592651,0.9960784316062927,0.714829683303833
YER166W,YJR084W,0,-3.6391516,0.12464728206396103,0.9960784316062927,0.7149298787117004
YOL098C,YBR214W,0,-3.6393476,0.12463199347257614,0.9960784316062927,0.7150300741195679
YMR106C,YIL105C,0,-3.6395335,0.12461670488119125,0.9960784316062927,0.7151302695274353
YHL002W,YLR277C,0,-3.6397781,0.12460142374038696,0.9960784316062927,0.7152304649353027
YFL055W,YPL095C,0,-3.6398408,0.12458614259958267,0.9960784316062927,0.7153306603431702
YNL199C,YPR199C,0,-3.6399605,0.12457086890935898,0.9960784316062927,0.7154308557510376
YOL138C,YPR183W,0,-3.640008,0.12455559521913528,0.9960784316062927,0.715531051158905
YHL007C,YCR083W,0,-3.6404183,0.12454032897949219,0.9960784316062927,0.7156312465667725
YNL029C,YDR482C,0,-3.6405768,0.12452506273984909,0.9960784316062927,0.7157314419746399
YBR205W,YJL148W,0,-3.6410277,0.12450980395078659,0.9960784316062927,0.7158316373825073
YLR143W,YHL028W,0,-3.6412187,0.12449454516172409,0.9960784316062927,0.7159318923950195
YKL179C,YLR277C,0,-3.6413236,0.12447929382324219,0.9960784316062927,0.716032087802887
YJL151C,YNL190W,0,-3.6413252,0.12446404248476028,0.9960784316062927,0.7161322832107544
YML010W,YDL076C,0,-3.6415637,0.12444879859685898,0.9960784316062927,0.7162324786186218
YMR260C,YBR180W,0,-3.641615,0.12443355470895767,0.9960784316062927,0.7163326740264893
YLR205C,YLR196W,0,-3.642158,0.12441831827163696,0.9960784316062927,0.7164328694343567
YOR069W,YOR241W,0,-3.6424747,0.12440308928489685,0.9960784316062927,0.7165330648422241
YJL151C,YBR286W,0,-3.6435971,0.12438785284757614,0.9960784316062927,0.7166332602500916
YMR154C,YLL066C,0,-3.6436086,0.12437263131141663,0.9960784316062927,0.716733455657959
YDL160C,YJL063C,0,-3.6436872,0.12435740232467651,0.9960784316062927,0.7168336510658264
YBR087W,YCR004C,0,-3.644011,0.1243421882390976,0.9960784316062927,0.7169338464736938
YPR067W,YML121W,0,-3.644381,0.12432696670293808,0.9960784316062927,0.7170340418815613
YGL194C,YBR301W,0,-3.6444688,0.12431176006793976,0.9960784316062927,0.7171342968940735
YER069W,YKR034W,0,-3.644958,0.12429655343294144,0.9960784316062927,0.7172344923019409
YER099C,YOR037W,0,-3.645287,0.12428134679794312,0.9960784316062927,0.7173346877098083
YNL310C,YGL224C,0,-3.645368,0.12426614761352539,0.9960784316062927,0.7174348831176758
YGL141W,YDR317W,0,-3.6453724,0.12425094842910767,0.9960784316062927,0.7175350785255432
YPL204W,YDR128W,0,-3.645542,0.12423575669527054,0.9960784316062927,0.7176352739334106
YGL100W,YBL103C,0,-3.6455698,0.12422056496143341,0.9960784316062927,0.7177354693412781
YNL206C,YOL096C,0,-3.6457484,0.12420538067817688,0.9960784316062927,0.7178356647491455
YGR087C,YPL181W,0,-3.6458519,0.12419019639492035,0.9960784316062927,0.7179358601570129
YOR069W,YJR017C,0,-3.6459723,0.12417501956224442,0.9960784316062927,0.7180360555648804
YKR052C,YLR263W,0,-3.6461153,0.12415984272956848,0.9960784316062927,0.7181362509727478
YLR323C,YDL214C,0,-3.6461496,0.12414467334747314,0.9960784316062927,0.7182364463806152
YBR168W,YLR337C,0,-3.6461682,0.12412950396537781,0.9960784316062927,0.7183367013931274
YMR021C,YMR257C,0,-3.6462722,0.12411434203386307,0.9960784316062927,0.7184368968009949
YOR337W,YNR007C,0,-3.6462975,0.12409918010234833,0.9960784316062927,0.7185370922088623
YBL023C,YMR048W,0,-3.6465936,0.12408402562141418,0.9960784316062927,0.7186372876167297
YJL102W,YKL113C,0,-3.6467366,0.12406887114048004,0.9960784316062927,0.7187374830245972
YKL140W,YMR004W,0,-3.646875,0.1240537241101265,0.9960784316062927,0.7188376784324646
YBR283C,YNL167C,0,-3.6469722,0.12403857707977295,0.9960784316062927,0.718937873840332
YGR163W,YDR302W,0,-3.6470351,0.1240234375,0.9960784316062927,0.7190380692481995
YHR037W,YNL301C,0,-3.6470783,0.12400829792022705,0.9960784316062927,0.7191382646560669
YCR023C,YDR084C,0,-3.6474342,0.1239931657910347,0.9960784316062927,0.7192384600639343
YDL123W,YLR310C,0,-3.6476274,0.12397803366184235,0.9960784316062927,0.7193386554718018
YER178W,YBL031W,0,-3.6476588,0.12396290898323059,0.9960784316062927,0.7194388508796692
YPL140C,YPL230W,0,-3.647688,0.12394778430461884,0.9960784316062927,0.7195391058921814
YGR215W,YBR241C,0,-3.647873,0.12393266707658768,0.9960784316062927,0.7196393013000488
YNR027W,YNL058C,0,-3.6486366,0.12391754984855652,0.9960784316062927,0.7197394967079163
YGL076C,YNL103W,0,-3.6490393,0.12390244007110596,0.9960784316062927,0.7198396921157837
YLR337C,YMR059W,0,-3.6490917,0.1238873302936554,0.9960784316062927,0.7199398875236511
YGL179C,YMR266W,0,-3.6500082,0.12387222796678543,0.9960784316062927,0.7200400829315186
YNL021W,YML101C,0,-3.6501064,0.12385712563991547,0.9960784316062927,0.720140278339386
YKL062W,YKL040C,0,-3.6502848,0.1238420307636261,0.9960784316062927,0.7202404737472534
YML093W,YDR258C,0,-3.650857,0.12382693588733673,0.9960784316062927,0.7203406691551208
YHR034C,YBR289W,0,-3.651103,0.12381184846162796,0.9960784316062927,0.7204408645629883
YPL132W,YDL129W,0,-3.6513553,0.12379676103591919,0.9960784316062927,0.7205410599708557
YGL234W,YMR009W,0,-3.651572,0.12378167361021042,0.9960784316062927,0.7206412553787231
YPL270W,YJR099W,0,-3.6522365,0.12376660108566284,0.9960784316062927,0.7207415103912354
YLR225C,YJL177W,0,-3.6529174,0.12375152111053467,0.9960784316062927,0.7208417057991028
YHR091C,YGR205W,0,-3.6529555,0.12373644858598709,0.9960784316062927,0.7209419012069702
YDL075W,YCL045C,0,-3.6532917,0.12372138351202011,0.9960784316062927,0.7210420966148376
YMR119W,YDL095W,0,-3.6534226,0.12370631843805313,0.9960784316062927,0.7211422920227051
YOR157C,YDR190C,0,-3.6539688,0.12369126081466675,0.9960784316062927,0.7212424874305725
YBR082C,YIL043C,0,-3.6543183,0.12367620319128036,0.9960784316062927,0.7213426828384399
YOR079C,YDR104C,0,-3.6544003,0.12366114556789398,0.9960784316062927,0.7214428782463074
YKL089W,YDR093W,0,-3.6544237,0.12364610284566879,0.9960784316062927,0.7215430736541748
YPL268W,YPL095C,0,-3.654875,0.123631052672863,0.9960784316062927,0.7216432690620422
YKL173W,YKR049C,0,-3.654928,0.12361600995063782,0.9960784316062927,0.7217434644699097
YMR188C,YCL045C,0,-3.6551218,0.12360097467899323,0.9960784316062927,0.7218436598777771
YPL179W,YKL026C,0,-3.655745,0.12358593940734863,0.9960784316062927,0.7219439148902893
YIL129C,YBR101C,0,-3.6558838,0.12357090413570404,0.9960784316062927,0.7220441102981567
YDR330W,YNL181W,0,-3.655908,0.12355587631464005,0.9960784316062927,0.7221443057060242
YDR354W,YLR035C,0,-3.6559463,0.12354085594415665,0.9960784316062927,0.7222445011138916
YBR273C,YNL291C,0,-3.6561508,0.12352583557367325,0.9960784316062927,0.722344696521759
YGR227W,YJL020C,0,-3.656489,0.12351082265377045,0.9960784316062927,0.7224448919296265
YPL095C,YIL033C,0,-3.6567113,0.12349580973386765,0.9960784316062927,0.7225450873374939
YER020W,YDL235C,0,-3.6567311,0.12348079681396484,0.9960784316062927,0.7226452827453613
YKR105C,YGR138C,0,-3.657465,0.12346579134464264,0.9960784316062927,0.7227454781532288
YDL006W,YBR077C,0,-3.657546,0.12345079332590103,0.9960784316062927,0.7228456735610962
YAL026C,YLL013C,0,-3.65794,0.12343578785657883,0.9960784316062927,0.7229458689689636
YER118C,YNL321W,0,-3.658016,0.12342079728841782,0.9960784316062927,0.723046064376831
YJL019W,YLR238W,0,-3.6582375,0.1234058067202568,0.9960784316062927,0.7231463193893433
YPL228W,YGR241C,0,-3.6584692,0.1233908161520958,0.9960784316062927,0.7232465147972107
YJL046W,YDL082W,0,-3.6586494,0.12337583303451538,0.9960784316062927,0.7233467102050781
YPL255W,YFL053W,0,-3.659143,0.12336085736751556,0.9960784316062927,0.7234469056129456
YDR298C,YBR130C,0,-3.6591783,0.12334588170051575,0.9960784316062927,0.723547101020813
YPL195W,YML025C,0,-3.659257,0.12333090603351593,0.9960784316062927,0.7236472964286804
YDL126C,YLR306W,0,-3.659582,0.12331593781709671,0.9960784316062927,0.7237474918365479
YIR031C,YDR111C,0,-3.6597304,0.12330096960067749,0.9960784316062927,0.7238476872444153
YIL034C,YCR071C,0,-3.6599054,0.12328600883483887,0.9960784316062927,0.7239478826522827
YJR123W,YMR067C,0,-3.6602445,0.12327104806900024,0.9960784316062927,0.7240480780601501
YGL224C,YBR254C,0,-3.660603,0.12325609475374222,0.9960784316062927,0.7241482734680176
YGL098W,YPL018W,0,-3.6606452,0.12324114143848419,0.9960784316062927,0.724248468875885
YML018C,YNL051W,0,-3.6606576,0.12322619557380676,0.9960784316062927,0.7243487238883972
YGR096W,YLR399C,0,-3.6608744,0.12321125715970993,0.9960784316062927,0.7244489192962646
YOL105C,YPL106C,0,-3.6615756,0.1231963112950325,0.9960784316062927,0.7245491147041321
YDR273W,YGR184C,0,-3.661767,0.12318138033151627,0.9960784316062927,0.7246493101119995
YDR393W,YBR189W,0,-3.661827,0.12316644191741943,0.9960784316062927,0.7247495055198669
YNR008W,YBR139W,0,-3.6619105,0.1231515184044838,0.9960784316062927,0.7248497009277344
YGL012W,YMR190C,0,-3.6620295,0.12313658744096756,0.9960784316062927,0.7249498963356018
YKL211C,YLR388W,0,-3.6622827,0.12312166392803192,0.9960784316062927,0.7250500917434692
YDR255C,YPL075W,0,-3.6623704,0.12310674786567688,0.9960784316062927,0.7251502871513367
YJR046W,YPL075W,0,-3.6625996,0.12309183180332184,0.9960784316062927,0.7252504825592041
YGL126W,YMR288W,0,-3.6627107,0.1230769231915474,0.9960784316062927,0.7253506779670715
YAL034W-A,YLR467W,0,-3.6628356,0.12306201457977295,0.9960784316062927,0.725450873374939
YNL067W,YDL114W,0,-3.6628528,0.1230471134185791,0.9960784316062927,0.7255511283874512
YNL310C,YPR032W,0,-3.6628728,0.12303221225738525,0.9960784316062927,0.7256513237953186
YER164W,YOR022C,0,-3.6629548,0.1230173110961914,0.9960784316062927,0.725751519203186
YNL301C,YOL033W,0,-3.6630025,0.12300242483615875,0.9960784316062927,0.7258517146110535
YGR029W,YPL270W,0,-3.6631303,0.1229875311255455,0.9960784316062927,0.7259519100189209
YOR221C,YBR142W,0,-3.6637025,0.12297264486551285,0.9960784316062927,0.7260521054267883
YLR361C,YPR145W,0,-3.663863,0.12295776605606079,0.9960784316062927,0.7261523008346558
YIL129C,YGL134W,0,-3.663979,0.12294288724660873,0.9960784316062927,0.7262524962425232
YOL060C,YBR258C,0,-3.6640525,0.12292800843715668,0.9960784316062927,0.7263526916503906
YDR516C,YDR261C,0,-3.6642451,0.12291313707828522,0.9960784316062927,0.7264528870582581
YIL136W,YMR068W,0,-3.6643205,0.12289827316999435,0.9960784316062927,0.7265530824661255
YML011C,YMR036C,0,-3.664401,0.12288340926170349,0.9960784316062927,0.7266532778739929
YMR166C,YLR128W,0,-3.6645467,0.12286854535341263,0.9960784316062927,0.7267535328865051
YOR290C,YPL106C,0,-3.6648054,0.12285368889570236,0.9960784316062927,0.7268537282943726
YGR075C,YLR135W,0,-3.6648383,0.1228388324379921,0.9960784316062927,0.72695392370224
YLR363C,YML127W,0,-3.6652906,0.12282398343086243,0.9960784316062927,0.7270541191101074
YCR044C,YMR313C,0,-3.665774,0.12280914187431335,0.9960784316062927,0.7271543145179749
YMR165C,YDR347W,0,-3.6659188,0.12279429286718369,0.9960784316062927,0.7272545099258423
YGL065C,YNL037C,0,-3.6661563,0.12277945876121521,0.9960784316062927,0.7273547053337097
YDL230W,YBR028C,0,-3.6662862,0.12276461720466614,0.9960784316062927,0.7274549007415771
YGR194C,YBL017C,0,-3.666337,0.12274979054927826,0.9960784316062927,0.7275550961494446
YLR060W,YBR289W,0,-3.6670914,0.12273495644330978,0.9960784316062927,0.727655291557312
YPL143W,YPR165W,0,-3.667106,0.1227201372385025,0.9960784316062927,0.7277554869651794
YML091C,YGL107C,0,-3.6674466,0.12270531058311462,0.9960784316062927,0.7278556823730469
YNL001W,YJR126C,0,-3.6676264,0.12269049882888794,0.9960784316062927,0.7279559373855591
YJL133W,YNR049C,0,-3.6680014,0.12267567962408066,0.9960784316062927,0.7280561327934265
YNL222W,YHR011W,0,-3.6683488,0.12266087532043457,0.9960784316062927,0.728156328201294
YMR306W,YBR199W,0,-3.6686444,0.12264606356620789,0.9960784316062927,0.7282565236091614
YML023C,YIL120W,0,-3.6688375,0.1226312592625618,0.9960784316062927,0.7283567190170288
YPL124W,YLR371W,0,-3.6688883,0.12261646240949631,0.9960784316062927,0.7284569144248962
YLL054C,YGL194C,0,-3.6690469,0.12260166555643082,0.9960784316062927,0.7285571098327637
YNL242W,YPL020C,0,-3.6691017,0.12258687615394592,0.9960784316062927,0.7286573052406311
YPR112C,YPR134W,0,-3.6694179,0.12257208675146103,0.9960784316062927,0.7287575006484985
YPR133C,YOR192C,0,-3.669694,0.12255729734897614,0.9960784316062927,0.728857696056366
YOR119C,YBR297W,0,-3.6698623,0.12254251539707184,0.9960784316062927,0.7289578914642334
YER083C,YDR503C,0,-3.670555,0.12252774089574814,0.9960784316062927,0.7290580868721008
YLL005C,YGL013C,0,-3.6706,0.12251296639442444,0.9960784316062927,0.729158341884613
YPR131C,YML057W,0,-3.6706192,0.12249819189310074,0.9960784316062927,0.7292585372924805
YHR009C,YDL003W,0,-3.6714544,0.12248342484235764,0.9960784316062927,0.7293587327003479
YOR334W,YOL011W,0,-3.6723473,0.12246865779161453,0.9960784316062927,0.7294589281082153
YPL060W,YHL040C,0,-3.672414,0.12245389819145203,0.9960784316062927,0.7295591235160828
YHR138C,YFL031W,0,-3.6725726,0.12243913859128952,0.9960784316062927,0.7296593189239502
YMR318C,YMR113W,0,-3.6731565,0.12242438644170761,0.9960784316062927,0.7297595143318176
YHL016C,YIL015W,0,-3.6735015,0.1224096417427063,0.9960784316062927,0.7298597097396851
YCL051W,YHL006C,0,-3.673574,0.12239488959312439,0.9960784316062927,0.7299599051475525
YBR168W,YJL180C,0,-3.6737413,0.12238015234470367,0.9960784316062927,0.7300601005554199
YOR149C,YAL015C,0,-3.6738496,0.12236540764570236,0.9960784316062927,0.7301602959632874
YGR080W,YLR399C,0,-3.6738544,0.12235067784786224,0.9960784316062927,0.7302604913711548
YJL137C,YNL039W,0,-3.6739464,0.12233594059944153,0.9960784316062927,0.730360746383667
YHR187W,YOL019W,0,-3.673986,0.12232121080160141,0.9960784316062927,0.7304609417915344
YBR043C,YKL216W,0,-3.6742382,0.12230648845434189,0.9960784316062927,0.7305611371994019
YGL207W,YER062C,0,-3.6745105,0.12229176610708237,0.9960784316062927,0.7306613326072693
YDL110C,YML041C,0,-3.6746533,0.12227705121040344,0.9960784316062927,0.7307615280151367
YAL062W,YPR054W,0,-3.6747644,0.12226233631372452,0.9960784316062927,0.7308617234230042
YJR009C,YJL020C,0,-3.674987,0.1222476214170456,0.9960784316062927,0.7309619188308716
YIR008C,YLR239C,0,-3.6751304,0.12223291397094727,0.9960784316062927,0.731062114238739
YEL021W,YPR156C,0,-3.67528,0.12221821397542953,0.9960784316062927,0.7311623096466064
YOR070C,YGR202C,0,-3.6756136,0.1222035139799118,0.9960784316062927,0.7312625050544739
YLR095C,YPR065W,0,-3.6756759,0.12218881398439407,0.9960784316062927,0.7313627004623413
YNL041C,YDL164C,0,-3.6758392,0.12217412143945694,0.9960784316062927,0.7314629554748535
YDR147W,YOL031C,0,-3.6765375,0.1221594288945198,0.9960784316062927,0.731563150882721
YDR536W,YDR343C,0,-3.676608,0.12214474380016327,0.9960784316062927,0.7316633462905884
YDL082W,YDR452W,0,-3.677012,0.12213006615638733,0.9960784316062927,0.7317635416984558
YFR053C,YNL272C,0,-3.6772184,0.12211538106203079,0.9960784316062927,0.7318637371063232
YOR198C,YDR482C,0,-3.6776881,0.12210071086883545,0.9960784316062927,0.7319639325141907
YER120W,YLR310C,0,-3.6777883,0.1220860406756401,0.9960784316062927,0.7320641279220581
YJR077C,YCR043C,0,-3.6778445,0.12207137048244476,0.9960784316062927,0.7321643233299255
YKL008C,YIL053W,0,-3.6782594,0.12205670028924942,0.9960784316062927,0.732264518737793
YKL073W,YPL193W,0,-3.6784706,0.12204204499721527,0.9960784316062927,0.7323647141456604
YLR424W,YIL121W,0,-3.6793423,0.12202738225460052,0.9960784316062927,0.7324649095535278
YIL043C,YOR086C,0,-3.679529,0.12201272696256638,0.9960784316062927,0.7325651049613953
YIL026C,YDR529C,0,-3.6795852,0.12199807912111282,0.9960784316062927,0.7326653599739075
YNL248C,YCR105W,0,-3.6802227,0.12198343127965927,0.9960784316062927,0.7327655553817749
YGR028W,YML127W,0,-3.6806679,0.12196879088878632,0.9960784316062927,0.7328657507896423
YDR101C,YOL018C,0,-3.6807141,0.12195415049791336,0.9960784316062927,0.7329659461975098
YML061C,YHR080C,0,-3.680782,0.1219395101070404,0.9960784316062927,0.7330661416053772
YML034W,YGR054W,0,-3.6809416,0.12192487716674805,0.9960784316062927,0.7331663370132446
YER069W,YJL173C,0,-3.6811838,0.12191024422645569,0.9960784316062927,0.7332665324211121
YBR236C,YCL061C,0,-3.6813273,0.12189561873674393,0.9960784316062927,0.7333667278289795
YER056C,YCR003W,0,-3.6817536,0.12188100069761276,0.9960784316062927,0.7334669232368469
YGR099W,YOR217W,0,-3.6819234,0.121866375207901,0.9960784316062927,0.7335671186447144
YBL075C,YBL084C,0,-3.682013,0.12185176461935043,0.9960784316062927,0.7336673140525818
YOR373W,YPR186C,0,-3.6821394,0.12183715403079987,0.9960784316062927,0.7337675094604492
YLR439W,YML072C,0,-3.6821647,0.1218225434422493,0.9960784316062927,0.7338677644729614
YHR039C,YEL046C,0,-3.682361,0.12180794030427933,0.9960784316062927,0.7339679598808289
YOL089C,YGL031C,0,-3.6823862,0.12179333716630936,0.9960784316062927,0.7340681552886963
YGR083C,YKR014C,0,-3.6826,0.12177873402833939,0.9960784316062927,0.7341683506965637
YER122C,YER038C,0,-3.682929,0.12176413834095001,0.9960784316062927,0.7342685461044312
YJR153W,YDR487C,0,-3.682972,0.12174955010414124,0.9960784316062927,0.7343687415122986
YJL137C,YDR168W,0,-3.6830096,0.12173496186733246,0.9960784316062927,0.734468936920166
YPL152W,YNL054W,0,-3.68337,0.12172038108110428,0.9960784316062927,0.7345691323280334
YNL310C,YPL225W,0,-3.6837273,0.1217058002948761,0.9960784316062927,0.7346693277359009
YCR077C,YOR068C,0,-3.6840177,0.12169121950864792,0.9960784316062927,0.7347695231437683
YMR264W,YBR236C,0,-3.6841216,0.12167664617300034,0.9960784316062927,0.7348697185516357
YNR059W,YGL240W,0,-3.6848645,0.12166207283735275,0.9960784316062927,0.7349699139595032
YMR166C,YOR036W,0,-3.6849217,0.12164750695228577,0.9960784316062927,0.7350701689720154
YJL167W,YGL161C,0,-3.6855667,0.12163294851779938,0.9960784316062927,0.7351703643798828
YLL016W,YPL153C,0,-3.685947,0.12161839008331299,0.9960784316062927,0.7352705597877502
YOR059C,YDL247W,0,-3.6860762,0.1216038316488266,0.9960784316062927,0.7353707551956177
YOR363C,YLR405W,0,-3.6860824,0.1215892806649208,0.9960784316062927,0.7354709506034851
YBL069W,YDR264C,0,-3.6863065,0.12157472968101501,0.9960784316062927,0.7355711460113525
YOR210W,YDR122W,0,-3.6864142,0.12156017869710922,0.9960784316062927,0.73567134141922
YNL270C,YNL066W,0,-3.6873865,0.12154564261436462,0.9960784316062927,0.7357715368270874
YNL137C,YOR179C,0,-3.6876605,0.12153109908103943,0.9960784316062927,0.7358717322349548
YOL097C,YHR178W,0,-3.6878028,0.12151656299829483,0.9960784316062927,0.7359719276428223
YCR098C,YGL044C,0,-3.6881714,0.12150203436613083,0.9960784316062927,0.7360721230506897
YMR022W,YKL157W,0,-3.6882966,0.12148750573396683,0.9960784316062927,0.7361723184585571
YPL053C,YBR290W,0,-3.688317,0.12147297710180283,0.9960784316062927,0.7362725734710693
YDL049C,YMR142C,0,-3.6885095,0.12145845592021942,0.9960784316062927,0.7363727688789368
YAR007C,YKL194C,0,-3.6885371,0.12144394218921661,0.9960784316062927,0.7364729642868042
YLL009C,YPL160W,0,-3.6886556,0.1214294284582138,0.9960784316062927,0.7365731596946716
YHR181W,YLR292C,0,-3.6890419,0.121414914727211,0.9960784316062927,0.7366733551025391
YBR149W,YER027C,0,-3.6893096,0.12140040844678879,0.9960784316062927,0.7367735505104065
YLR340W,YLR337C,0,-3.6895266,0.12138590216636658,0.9960784316062927,0.7368737459182739
YNL053W,YMR307W,0,-3.6895738,0.12137140333652496,0.9960784316062927,0.7369739413261414
YLR333C,YNL224C,0,-3.6895905,0.12135690450668335,0.9960784316062927,0.7370741367340088
YMR104C,YPL121C,0,-3.6897385,0.12134241312742233,0.9960784316062927,0.7371743321418762
YGR033C,YDR259C,0,-3.6898367,0.12132792174816132,0.9960784316062927,0.7372745275497437
YPL169C,YIL117C,0,-3.6901648,0.1213134303689003,0.9960784316062927,0.7373747229576111
YLR038C,YDR287W,0,-3.690184,0.12129894644021988,0.9960784316062927,0.7374749779701233
YOL133W,YDL113C,0,-3.6902895,0.12128446996212006,0.9960784316062927,0.7375751733779907
YML007W,YGR162W,0,-3.690382,0.12126999348402023,0.9960784316062927,0.7376753687858582
YGL020C,YGR181W,0,-3.6905293,0.12125551700592041,0.9960784316062927,0.7377755641937256
YLR120C,YNR040W,0,-3.6905441,0.12124104797840118,0.9960784316062927,0.737875759601593
YOL095C,YGR129W,0,-3.6906753,0.12122658640146255,0.9960784316062927,0.7379759550094604
YNL173C,YHR185C,0,-3.690691,0.12121212482452393,0.9960784316062927,0.7380761504173279
YDR273W,YAL008W,0,-3.6909022,0.1211976632475853,0.9960784316062927,0.7381763458251953
YJL153C,YER005W,0,-3.6926506,0.12118320912122726,0.9960784316062927,0.7382765412330627
YDR279W,YJR025C,0,-3.6926851,0.12116875499486923,0.9960784316062927,0.7383767366409302
YMR154C,YNL030W,0,-3.692866,0.1211543083190918,0.9960784316062927,0.7384769320487976
YDR145W,YGR234W,0,-3.69297,0.12113986164331436,0.9960784316062927,0.738577127456665
YKR009C,YDR224C,0,-3.693147,0.12112541496753693,0.9960784316062927,0.7386773824691772
YPL132W,YIL036W,0,-3.6939917,0.12111097574234009,0.9960784316062927,0.7387775778770447
YDR036C,YDR289C,0,-3.6946576,0.12109654396772385,0.9960784316062927,0.7388777732849121
YAL041W,YMR086W,0,-3.6947942,0.1210821121931076,0.9960784316062927,0.7389779686927795
YPL066W,YPL033C,0,-3.694814,0.12106768041849136,0.9960784316062927,0.739078164100647
YBR293W,YAL044C,0,-3.6950045,0.12105325609445572,0.9960784316062927,0.7391783595085144
YPL086C,YOL105C,0,-3.6951015,0.12103883922100067,0.9960784316062927,0.7392785549163818
YOR002W,YCR047C,0,-3.6951792,0.12102442234754562,0.9960784316062927,0.7393787503242493
YGR163W,YNL265C,0,-3.6961045,0.12101000547409058,0.9960784316062927,0.7394789457321167
YJR153W,YIL070C,0,-3.696208,0.12099559605121613,0.9960784316062927,0.7395791411399841
YER126C,YLR216C,0,-3.6965864,0.12098118662834167,0.9960784316062927,0.7396793365478516
YKR061W,YPL154C,0,-3.696731,0.12096678465604782,0.9960784316062927,0.739779531955719
YAL021C,YGL028C,0,-3.6969078,0.12095238268375397,0.9960784316062927,0.7398797869682312
YGR044C,YEL017C-A,0,-3.696948,0.12093798071146011,0.9960784316062927,0.7399799823760986
YOR073W,YGR218W,0,-3.6970267,0.12092358618974686,0.9960784316062927,0.7400801777839661
YPL232W,YKL127W,0,-3.6971772,0.1209091991186142,0.9960784316062927,0.7401803731918335
YNR055C,YNL091W,0,-3.6980824,0.12089481204748154,0.9960784316062927,0.7402805685997009
YPL138C,YMR104C,0,-3.6981525,0.12088042497634888,0.9960784316062927,0.7403807640075684
YNL181W,YLR176C,0,-3.698681,0.12086604535579681,0.9960784316062927,0.7404809594154358
YAR042W,YGR001C,0,-3.6987758,0.12085167318582535,0.9960784316062927,0.7405811548233032
YER004W,YDL211C,0,-3.6991057,0.12083730101585388,0.9960784316062927,0.7406813502311707
YOR172W,YIL056W,0,-3.699194,0.12082292884588242,0.9960784316062927,0.7407815456390381
YDL127W,YOR178C,0,-3.6991944,0.12080856412649155,0.9960784316062927,0.7408817410469055
YOR236W,YPR067W,0,-3.6994781,0.12079419940710068,0.9960784316062927,0.740981936454773
YDR487C,YGR280C,0,-3.6994967,0.12077983468770981,0.9960784316062927,0.7410821914672852
YOR357C,YIR037W,0,-3.7003682,0.12076548486948013,0.9960784316062927,0.7411823868751526
YIL010W,YGR202C,0,-3.7007031,0.12075112760066986,0.9960784316062927,0.74128258228302
YDR276C,YDR077W,0,-3.7015815,0.12073677778244019,0.9960784316062927,0.7413827776908875
YER109C,YCR096C,0,-3.7016425,0.12072243541479111,0.9960784316062927,0.7414829730987549
YPR184W,YHR205W,0,-3.7018886,0.12070809304714203,0.9960784316062927,0.7415831685066223
YIL084C,YPR081C,0,-3.7019796,0.12069375067949295,0.9960784316062927,0.7416833639144897
YLL048C,YMR109W,0,-3.7022705,0.12067941576242447,0.9960784316062927,0.7417835593223572
YMR086W,YPR082C,0,-3.702529,0.12066508084535599,0.9960784316062927,0.7418837547302246
YNL233W,YOR336W,0,-3.702561,0.1206507533788681,0.9960784316062927,0.741983950138092
YER029C,YPL061W,0,-3.703139,0.12063642591238022,0.9960784316062927,0.7420841455459595
YAL034W-A,YCR024C,0,-3.703583,0.12062210589647293,0.9960784316062927,0.7421843409538269
YDR022C,YNR050C,0,-3.7037172,0.12060778588056564,0.9960784316062927,0.7422845959663391
YJR131W,YNL183C,0,-3.7037473,0.12059347331523895,0.9960784316062927,0.7423847913742065
YBR073W,YLR133W,0,-3.703825,0.12057916074991226,0.9960784316062927,0.742484986782074
YPL262W,YER072W,0,-3.7038789,0.12056484818458557,0.9960784316062927,0.7425851821899414
YJR048W,YBR235W,0,-3.7041583,0.12055054306983948,0.9960784316062927,0.7426853775978088
YOR158W,YAL005C,0,-3.7044206,0.12053624540567398,0.9960784316062927,0.7427855730056763
YPL233W,YLR008C,0,-3.7045157,0.12052194774150848,0.9960784316062927,0.7428857684135437
YMR322C,YDR408C,0,-3.7046914,0.12050765007734299,0.9960784316062927,0.7429859638214111
YGR266W,YOR118W,0,-3.7047954,0.12049335986375809,0.9960784316062927,0.7430861592292786
YER144C,YPR048W,0,-3.7048774,0.12047906965017319,0.9960784316062927,0.743186354637146
YGL096W,YNL054W,0,-3.7054057,0.12046478688716888,0.9960784316062927,0.7432865500450134
YDR352W,YAL048C,0,-3.705409,0.12045050412416458,0.9960784316062927,0.7433867454528809
YCL016C,YML131W,0,-3.7054288,0.12043622881174088,0.9960784316062927,0.7434870004653931
YER068W,YGL095C,0,-3.7055883,0.12042195349931717,0.9960784316062927,0.7435871958732605
YDR004W,YFL062W,0,-3.7057729,0.12040767818689346,0.9960784316062927,0.7436873912811279
YDR126W,YBR029C,0,-3.705997,0.12039341032505035,0.9960784316062927,0.7437875866889954
YER142C,YNL188W,0,-3.7061286,0.12037914991378784,0.9960784316062927,0.7438877820968628
YGL043W,YMR067C,0,-3.706174,0.12036488205194473,0.9960784316062927,0.7439879775047302
YER042W,YCL033C,0,-3.706556,0.12035062909126282,0.9960784316062927,0.7440881729125977
YHR005C,YML067C,0,-3.7067852,0.1203363761305809,0.9960784316062927,0.7441883683204651
YOL009C,YLL066C,0,-3.7068222,0.12032212316989899,0.9960784316062927,0.7442885637283325
YBR216C,YGL043W,0,-3.706923,0.12030787765979767,0.9960784316062927,0.7443887591362
YIL037C,YCR044C,0,-3.7070353,0.12029363214969635,0.9960784316062927,0.7444889545440674
YOR179C,YBR082C,0,-3.7073524,0.12027938663959503,0.9960784316062927,0.7445891499519348
YML012W,YLR176C,0,-3.707664,0.12026514858007431,0.9960784316062927,0.744689404964447
YMR101C,YIL118W,0,-3.707704,0.12025091797113419,0.9960784316062927,0.7447896003723145
YLR283W,YBL037W,0,-3.7077408,0.12023668736219406,0.9960784316062927,0.7448897957801819
YBR040W,YOL006C,0,-3.7078662,0.12022245675325394,0.9960784316062927,0.7449899911880493
YPL031C,YJR097W,0,-3.7079914,0.12020823359489441,0.9960784316062927,0.7450901865959167
YFL041W,YKR029C,0,-3.7082837,0.12019401043653488,0.9960784316062927,0.7451903820037842
YOR120W,YKR042W,0,-3.7087,0.12017979472875595,0.9960784316062927,0.7452905774116516
YPL137C,YLR158C,0,-3.7096715,0.12016557902097702,0.9960784316062927,0.745390772819519
YLL035W,YMR237W,0,-3.7097461,0.12015137076377869,0.9960784316062927,0.7454909682273865
YBR045C,YNL071W,0,-3.7100658,0.12013716250658035,0.9960784316062927,0.7455911636352539
YPL103C,YLR419W,0,-3.7101016,0.12012296169996262,0.9960784316062927,0.7456913590431213
YBR019C,YBR207W,0,-3.7101812,0.12010876089334488,0.9960784316062927,0.7457915544509888
YOL152W,YFL031W,0,-3.7103708,0.12009456008672714,0.9960784316062927,0.745891809463501
YNL222W,YBR298C,0,-3.7107277,0.12008036673069,0.9960784316062927,0.7459920048713684
YDR022C,YOL154W,0,-3.7108612,0.12006618082523346,0.9960784316062927,0.7460922002792358
YMR287C,YOL133W,0,-3.7112784,0.12005198746919632,0.9960784316062927,0.7461923956871033
YPR102C,YKR014C,0,-3.7113738,0.12003780901432037,0.9960784316062927,0.7462925910949707
YCR038C,YKL005C,0,-3.7114265,0.12002362310886383,0.9960784316062927,0.7463927865028381
YKL152C,YOR128C,0,-3.7117376,0.12000945210456848,0.9960784316062927,0.7464929819107056
YNR045W,YML131W,0,-3.7120273,0.11999527364969254,0.9960784316062927,0.746593177318573
YGR065C,YOR066W,0,-3.7130451,0.11998110264539719,0.9960784316062927,0.7466933727264404
YGR046W,YJR134C,0,-3.7130904,0.11996693909168243,0.9960784316062927,0.7467935681343079
YMR060C,YKL060C,0,-3.7133682,0.11995277553796768,0.9960784316062927,0.7468937635421753
YJL212C,YNL325C,0,-3.7136145,0.11993861198425293,0.9960784316062927,0.7469939589500427
YGL119W,YLR248W,0,-3.7137642,0.11992445588111877,0.9960784316062927,0.7470942139625549
YGR092W,YGR289C,0,-3.714784,0.11991029977798462,0.9960784316062927,0.7471944093704224
YML047C,YNR008W,0,-3.7149644,0.11989615112543106,0.9960784316062927,0.7472946047782898
YKL032C,YKL140W,0,-3.7150044,0.1198820024728775,0.9960784316062927,0.7473948001861572
YFL039C,YPL040C,0,-3.7155461,0.11986786127090454,0.9960784316062927,0.7474949955940247
YGL155W,YIL098C,0,-3.7162728,0.11985372006893158,0.9960784316062927,0.7475951910018921
YJR139C,YBR044C,0,-3.7169976,0.11983958631753922,0.9960784316062927,0.7476953864097595
YGL194C,YHR027C,0,-3.7173138,0.11982545256614685,0.9960784316062927,0.747795581817627
YIL084C,YEL002C,0,-3.7174935,0.11981131881475449,0.9960784316062927,0.7478957772254944
YHR178W,YLR275W,0,-3.7176101,0.11979719251394272,0.9960784316062927,0.7479959726333618
YER126C,YPR028W,0,-3.717805,0.11978307366371155,0.9960784316062927,0.7480961680412292
YGR223C,YMR058W,0,-3.7180433,0.11976894736289978,0.9960784316062927,0.7481963634490967
YMR260C,YJL056C,0,-3.7184513,0.1197548359632492,0.9960784316062927,0.7482966184616089
YOR009W,YMR041C,0,-3.719091,0.11974071711301804,0.9960784316062927,0.7483968138694763
YBR127C,YDR246W,0,-3.7192204,0.11972660571336746,0.9960784316062927,0.7484970092773438
YLR328W,YGR205W,0,-3.720366,0.11971250176429749,0.9960784316062927,0.7485972046852112
YLR068W,YER054C,0,-3.7204685,0.11969839781522751,0.9960784316062927,0.7486974000930786
YOR019W,YPR029C,0,-3.720504,0.11968429386615753,0.9960784316062927,0.748797595500946
YFR040W,YER111C,0,-3.7209532,0.11967019736766815,0.9960784316062927,0.7488977909088135
YJL174W,YDR005C,0,-3.7209911,0.11965610831975937,0.9960784316062927,0.7489979863166809
YER124C,YFR003C,0,-3.7214563,0.11964201927185059,0.9960784316062927,0.7490981817245483
YER125W,YBL072C,1,-3.7221699,0.11974567174911499,0.9970588088035583,0.7490981817245483
YPL233W,YIL137C,0,-3.722182,0.11973157525062561,0.9970588088035583,0.7491983771324158
YEL017C-A,YDR069C,0,-3.7222555,0.11971747875213623,0.9970588088035583,0.7492985725402832
YKL096W,YDL192W,0,-3.7223904,0.11970338970422745,0.9970588088035583,0.7493987679481506
YNL329C,YGR148C,0,-3.7228746,0.11968930065631866,0.9970588088035583,0.7494990229606628
YGL123W,YJL072C,0,-3.7232568,0.11967521905899048,0.9970588088035583,0.7495992183685303
YMR094W,YMR091C,0,-3.7240753,0.11966113746166229,0.9970588088035583,0.7496994137763977
YBR288C,YHR116W,0,-3.7240882,0.1196470558643341,0.9970588088035583,0.7497996091842651
YGL232W,YMR037C,0,-3.7241921,0.11963298171758652,0.9970588088035583,0.7498998045921326
YMR201C,YBR228W,0,-3.7242603,0.11961891502141953,0.9970588088035583,0.75
YPR164W,YDR487C,0,-3.7248335,0.11960484832525253,0.9970588088035583,0.7501001954078674
YPL227C,YHR116W,0,-3.7262933,0.11959078162908554,0.9970588088035583,0.7502003908157349
YDR463W,YOR284W,0,-3.7264273,0.11957672238349915,0.9970588088035583,0.7503005862236023
YOR118W,YNL254C,0,-3.726439,0.11956266313791275,0.9970588088035583,0.7504007816314697
YJL014W,YDL103C,0,-3.7267673,0.11954860389232635,0.9970588088035583,0.7505009770393372
YBL030C,YNL256W,0,-3.7268357,0.11953455209732056,0.9970588088035583,0.7506012320518494
YKL079W,YGL121C,0,-3.727032,0.11952050775289536,0.9970588088035583,0.7507014274597168
YNL038W,YMR056C,0,-3.7271898,0.11950646340847015,0.9970588088035583,0.7508016228675842
YIL009C-A,YAL068C,0,-3.7272751,0.11949241906404495,0.9970588088035583,0.7509018182754517
YEL005C,YHR042W,0,-3.7273886,0.11947838217020035,0.9970588088035583,0.7510020136833191
YCL048W,YOR032C,0,-3.7275233,0.11946434527635574,0.9970588088035583,0.7511022090911865
YIL065C,YKL198C,0,-3.7275271,0.11945031583309174,0.9970588088035583,0.751202404499054
YNL148C,YBR136W,0,-3.7278724,0.11943628638982773,0.9970588088035583,0.7513025999069214
YMR101C,YBR019C,0,-3.7278833,0.11942226439714432,0.9970588088035583,0.7514027953147888
YDR256C,YIR008C,0,-3.728522,0.11940824240446091,0.9970588088035583,0.7515029907226562
YDL031W,YKL109W,0,-3.7286859,0.1193942204117775,0.9970588088035583,0.7516031861305237
YDL223C,YBR035C,0,-3.7292418,0.11938020586967468,0.9970588088035583,0.7517033815383911
YDL232W,YJL044C,0,-3.7297392,0.11936619877815247,0.9970588088035583,0.7518036365509033
YBR299W,YBR085W,0,-3.7297807,0.11935219168663025,0.9970588088035583,0.7519038319587708
YML024W,YOR192C,0,-3.7298791,0.11933818459510803,0.9970588088035583,0.7520040273666382
YKL107W,YIL173W,0,-3.7308192,0.11932418495416641,0.9970588088035583,0.7521042227745056
YLR286C,YCR035C,0,-3.7308712,0.11931018531322479,0.9970588088035583,0.752204418182373
YGL022W,YPL268W,0,-3.7309303,0.11929618567228317,0.9970588088035583,0.7523046135902405
YGL206C,YCL035C,0,-3.7311857,0.11928219348192215,0.9970588088035583,0.7524048089981079
YMR247C,YOR177C,0,-3.7312603,0.11926820874214172,0.9970588088035583,0.7525050044059753
YBR087W,YFR008W,0,-3.7312815,0.1192542240023613,0.9970588088035583,0.7526051998138428
YNR041C,YGR275W,0,-3.7313356,0.11924023926258087,0.9970588088035583,0.7527053952217102
YPR131C,YDL033C,0,-3.7315779,0.11922626197338104,0.9970588088035583,0.7528055906295776
YDR307W,YPL217C,0,-3.7318482,0.11921228468418121,0.9970588088035583,0.7529057860374451
YJL042W,YDR071C,0,-3.732011,0.11919831484556198,0.9970588088035583,0.7530060410499573
YHR136C,YOL060C,0,-3.7323537,0.11918434500694275,0.9970588088035583,0.7531062364578247
YNR053C,YGL223C,0,-3.7324862,0.11917037516832352,0.9970588088035583,0.7532064318656921
YJR048W,YNL287W,0,-3.7328029,0.11915641278028488,0.9970588088035583,0.7533066272735596
YIR017C,YER072W,0,-3.733019,0.11914245784282684,0.9970588088035583,0.753406822681427
YJL137C,YDR248C,0,-3.7332802,0.1191285029053688,0.9970588088035583,0.7535070180892944
YIL144W,YOR065W,0,-3.7333772,0.11911454796791077,0.9970588088035583,0.7536072134971619
YOR034C,YDR110W,0,-3.7341986,0.11910060048103333,0.9970588088035583,0.7537074089050293
YMR287C,YPL179W,0,-3.7342498,0.11908665299415588,0.9970588088035583,0.7538076043128967
YOR217W,YPR065W,0,-3.7346163,0.11907270550727844,0.9970588088035583,0.7539077997207642
YMR094W,YCR021C,0,-3.7347612,0.1190587654709816,0.9970588088035583,0.7540079951286316
YDR348C,YDR147W,0,-3.7349477,0.11904483288526535,0.9970588088035583,0.754108190536499
YER120W,YNL134C,0,-3.734954,0.1190309002995491,0.9970588088035583,0.7542084455490112
YIL123W,YKR085C,0,-3.7350185,0.11901696771383286,0.9970588088035583,0.7543086409568787
YPL164C,YLR040C,0,-3.735023,0.1190030425786972,0.9970588088035583,0.7544088363647461
YDR313C,YDR065W,0,-3.7351875,0.11898911744356155,0.9970588088035583,0.7545090317726135
YGL224C,YPL143W,0,-3.7358792,0.1189751997590065,0.9970588088035583,0.754609227180481
YPR154W,YGR266W,0,-3.7360597,0.11896128207445145,0.9970588088035583,0.7547094225883484
YAL023C,YER028C,0,-3.7366881,0.11894737184047699,0.9970588088035583,0.7548096179962158
YBL019W,YGR013W,0,-3.7369027,0.11893346160650253,0.9970588088035583,0.7549098134040833
YAL020C,YFL047W,0,-3.7370093,0.11891955137252808,0.9970588088035583,0.7550100088119507
YKL062W,YDL098C,0,-3.73713,0.11890564858913422,0.9970588088035583,0.7551102042198181
YHR178W,YDL025C,0,-3.7374973,0.11889174580574036,0.9970588088035583,0.7552103996276855
YDR425W,YDR032C,0,-3.7377734,0.1188778504729271,0.9970588088035583,0.755310595035553
YMR256C,YGL126W,0,-3.7377825,0.11886395514011383,0.9970588088035583,0.7554108500480652
YOR067C,YPL168W,0,-3.7377942,0.11885006725788116,0.9970588088035583,0.7555110454559326
YGR166W,YPL021W,0,-3.7377982,0.1188361793756485,0.9970588088035583,0.7556112408638
YKL073W,YOR249C,0,-3.737956,0.11882229149341583,0.9970588088035583,0.7557114362716675
YER178W,YBR132C,0,-3.737997,0.11880841106176376,0.9970588088035583,0.7558116316795349
YGR227W,YIR007W,0,-3.738699,0.1187945306301117,0.9970588088035583,0.7559118270874023
YMR015C,YGR055W,0,-3.7391505,0.11878065764904022,0.9970588088035583,0.7560120224952698
YKL080W,YOR192C,0,-3.7394443,0.11876678466796875,0.9970588088035583,0.7561122179031372
YGL222C,YOR175C,0,-3.7396271,0.11875291913747787,0.9970588088035583,0.7562124133110046
YBL106C,YJL158C,0,-3.7397604,0.118739053606987,0.9970588088035583,0.7563126087188721
YEL015W,YPR156C,0,-3.7399108,0.11872519552707672,0.9970588088035583,0.7564128041267395
YDR246W,YOL096C,0,-3.7399454,0.11871133744716644,0.9970588088035583,0.7565129995346069
YMR302C,YAR008W,0,-3.739954,0.11869747936725616,0.9970588088035583,0.7566132545471191
YKL176C,YGL131C,0,-3.7401783,0.11868362873792648,0.9970588088035583,0.7567134499549866
YCR063W,YGR200C,0,-3.7402577,0.1186697781085968,0.9970588088035583,0.756813645362854
YGL234W,YNL233W,0,-3.7403812,0.11865593492984772,0.9970588088035583,0.7569138407707214
YJR123W,YDR268W,0,-3.740899,0.11864209175109863,0.9970588088035583,0.7570140361785889
YNL197C,YLR019W,0,-3.7409234,0.11862824857234955,0.9970588088035583,0.7571142315864563
YOL133W,YLL021W,0,-3.7411003,0.11861441284418106,0.9970588088035583,0.7572144269943237
YMR311C,YNL097C,0,-3.7413821,0.11860058456659317,0.9970588088035583,0.7573146224021912
YKL184W,YDL178W,0,-3.7416058,0.11858675628900528,0.9970588088035583,0.7574148178100586
YLR258W,YMR017W,0,-3.7416377,0.11857292801141739,0.9970588088035583,0.757515013217926
YGL064C,YDR468C,0,-3.741734,0.1185591071844101,0.9970588088035583,0.7576152086257935
YLL039C,YDL003W,0,-3.7420158,0.1185452863574028,0.9970588088035583,0.7577154040336609
YIL010W,YAR050W,0,-3.7421262,0.11853146553039551,0.9970588088035583,0.7578156590461731
YBR291C,YLR449W,0,-3.7426667,0.11851765215396881,0.9970588088035583,0.7579158544540405
YOL017W,YPR184W,0,-3.7428267,0.11850384622812271,0.9970588088035583,0.758016049861908
YBR286W,YNL124W,0,-3.7434056,0.11849004030227661,0.9970588088035583,0.7581162452697754
YGR041W,YPL215W,0,-3.7439513,0.11847623437643051,0.9970588088035583,0.7582164406776428
YJL054W,YPR081C,0,-3.743967,0.11846243590116501,0.9970588088035583,0.7583166360855103
YLR144C,YKL183W,0,-3.7439837,0.1184486374258995,0.9970588088035583,0.7584168314933777
YGR044C,YER056C-A,0,-3.7440357,0.1184348464012146,0.9970588088035583,0.7585170269012451
YDL232W,YNL136W,0,-3.7443545,0.1184210553765297,0.9970588088035583,0.7586172223091125
YNR037C,YJR158W,0,-3.7449522,0.11840726435184479,0.9970588088035583,0.75871741771698
YOR384W,YMR130W,0,-3.7452507,0.11839348077774048,0.9970588088035583,0.7588176131248474
YLR286C,YOR208W,0,-3.7453418,0.11837969720363617,0.9970588088035583,0.7589178085327148
YJL052W,YLR132C,0,-3.7458618,0.11836592108011246,0.9970588088035583,0.759018063545227
YEL013W,YLR190W,0,-3.7462869,0.11835214495658875,0.9970588088035583,0.7591182589530945
YJL013C,YGL179C,0,-3.746585,0.11833837628364563,0.9970588088035583,0.7592184543609619
YGR124W,YDL194W,0,-3.7469273,0.11832460761070251,0.9970588088035583,0.7593186497688293
YPL214C,YLR405W,0,-3.7469487,0.1183108389377594,0.9970588088035583,0.7594188451766968
YPL173W,YDL139C,0,-3.7470584,0.11829707771539688,0.9970588088035583,0.7595190405845642
YFR034C,YNL322C,0,-3.7478032,0.11828332394361496,0.9970588088035583,0.7596192359924316
YBR079C,YOL018C,0,-3.748369,0.11826956272125244,0.9970588088035583,0.7597194314002991
YNL222W,YML116W,0,-3.748636,0.11825581640005112,0.9970588088035583,0.7598196268081665
YER029C,YJL164C,0,-3.749082,0.1182420626282692,0.9970588088035583,0.7599198222160339
YHR094C,YBR216C,0,-3.74975,0.11822831630706787,0.9970588088035583,0.7600200176239014
YNL112W,YKL185W,0,-3.7505798,0.11821457743644714,0.9970588088035583,0.7601202130317688
YPL214C,YHR092C,0,-3.7506058,0.11820083856582642,0.9970588088035583,0.760220468044281
YOR060C,YOR144C,0,-3.7506723,0.11818709969520569,0.9970588088035583,0.7603206634521484
YNL162W,YIR031C,0,-3.7512927,0.11817336827516556,0.9970588088035583,0.7604208588600159
YIL033C,YNR011C,0,-3.751525,0.11815963685512543,0.9970588088035583,0.7605210542678833
YLR460C,YNL058C,0,-3.7519574,0.1181459128856659,0.9970588088035583,0.7606212496757507
YLR403W,YDL124W,0,-3.752275,0.11813218891620636,0.9970588088035583,0.7607214450836182
YOR004W,YPR075C,0,-3.7523603,0.11811846494674683,0.9970588088035583,0.7608216404914856
YNL329C,YFR024C-A,0,-3.7527494,0.11810474842786789,0.9970588088035583,0.760921835899353
YOR198C,YJL157C,0,-3.753056,0.11809103935956955,0.9970588088035583,0.7610220313072205
YIR033W,YBR199W,0,-3.753263,0.11807732284069061,0.9970588088035583,0.7611222267150879
YPR164W,YKR086W,0,-3.7532778,0.11806361377239227,0.9970588088035583,0.7612224221229553
YML016C,YGL161C,0,-3.7534914,0.11804991215467453,0.9970588088035583,0.7613226175308228
YMR043W,YLL005C,0,-3.7538404,0.11803621053695679,0.9970588088035583,0.761422872543335
YER044C,YNL206C,0,-3.7539568,0.11802251636981964,0.9970588088035583,0.7615230679512024
YAL011W,YGL001C,0,-3.7540064,0.1180088222026825,0.9970588088035583,0.7616232633590698
YDL100C,YOR101W,0,-3.754083,0.11799512803554535,0.9970588088035583,0.7617234587669373
YIL114C,YER169W,0,-3.7541592,0.1179814413189888,0.9970588088035583,0.7618236541748047
YBR180W,YOR188W,0,-3.7542531,0.11796775460243225,0.9970588088035583,0.7619238495826721
YPL031C,YJL058C,0,-3.7544494,0.1179540678858757,0.9970588088035583,0.7620240449905396
YPL013C,YPR022C,0,-3.755083,0.11794038861989975,0.9970588088035583,0.762124240398407
YHR205W,YGR195W,0,-3.7551641,0.1179267168045044,0.9970588088035583,0.7622244358062744
YPL173W,YDR289C,0,-3.7568665,0.11791304498910904,0.9970588088035583,0.7623246312141418
YGR209C,YLL054C,0,-3.7576067,0.11789937317371368,0.9970588088035583,0.7624248266220093
YBR167C,YGR205W,0,-3.7579656,0.11788570880889893,0.9970588088035583,0.7625250220298767
YJL101C,YCL066W,0,-3.7582722,0.11787204444408417,0.9970588088035583,0.7626252770423889
YKL185W,YNL222W,0,-3.7584648,0.11785838752985,0.9970588088035583,0.7627254724502563
YEL051W,YJR001W,0,-3.758707,0.11784473061561584,0.9970588088035583,0.7628256678581238
YLR246W,YEL021W,0,-3.7588336,0.11783107370138168,0.9970588088035583,0.7629258632659912
YJL162C,YGL219C,0,-3.7588727,0.11781742423772812,0.9970588088035583,0.7630260586738586
YOR389W,YDR510W,0,-3.7590194,0.11780377477407455,0.9970588088035583,0.7631262540817261
YBR268W,YGR256W,0,-3.7591774,0.11779013276100159,0.9970588088035583,0.7632264494895935
YLR371W,YOL094C,0,-3.7594862,0.11777649074792862,0.9970588088035583,0.7633266448974609
YIL114C,YJL143W,0,-3.7594924,0.11776285618543625,0.9970588088035583,0.7634268403053284
YDR118W,YPR029C,0,-3.7595563,0.11774922162294388,0.9970588088035583,0.7635270357131958
YKL101W,YLR297W,0,-3.7596264,0.11773558706045151,0.9970588088035583,0.7636272311210632
YDR379W,YDR279W,0,-3.7599502,0.11772195994853973,0.9970588088035583,0.7637274265289307
YBL030C,YDR001C,0,-3.760004,0.11770833283662796,0.9970588088035583,0.7638276815414429
YHR139C,YDL185W,0,-3.76031,0.11769471317529678,0.9970588088035583,0.7639278769493103
YGR092W,YLL014W,0,-3.7609653,0.1176810935139656,0.9970588088035583,0.7640280723571777
YDL007W,YMR313C,0,-3.7612672,0.11766747385263443,0.9970588088035583,0.7641282677650452
YBR200W,YOL119C,0,-3.7615643,0.11765386164188385,0.9970588088035583,0.7642284631729126
YGL001C,YDR363W,0,-3.7620955,0.11764025688171387,0.9970588088035583,0.76432865858078
YGR178C,YHR084W,0,-3.7622404,0.11762664467096329,0.9970588088035583,0.7644288539886475
YCL067C,YGL139W,0,-3.762659,0.1176130473613739,0.9970588088035583,0.7645290493965149
YGR206W,YER027C,0,-3.7629743,0.11759944260120392,0.9970588088035583,0.7646292448043823
YJL036W,YOR078W,0,-3.7632704,0.11758584529161453,0.9970588088035583,0.7647294402122498
YPL249C,YMR318C,0,-3.7633467,0.11757225543260574,0.9970588088035583,0.7648296356201172
YGL192W,YBR295W,0,-3.7633839,0.11755866557359695,0.9970588088035583,0.7649298310279846
YFR053C,YCL066W,0,-3.7638168,0.11754507571458817,0.9970588088035583,0.7650300860404968
YGL093W,YPR065W,0,-3.764073,0.11753149330615997,0.9970588088035583,0.7651302814483643
YLL028W,YDR447C,0,-3.7647636,0.11751791089773178,0.9970588088035583,0.7652304768562317
YDR330W,YBR004C,0,-3.7647967,0.11750433593988419,0.9970588088035583,0.7653306722640991
YKL088W,YLR220W,0,-3.7649872,0.11749076098203659,0.9970588088035583,0.7654308676719666
YMR047C,YDR115W,0,-3.7650075,0.117477186024189,0.9970588088035583,0.765531063079834
YBR132C,YML025C,0,-3.765277,0.117463618516922,0.9970588088035583,0.7656312584877014
YML085C,YIL145C,0,-3.7653658,0.117450051009655,0.9970588088035583,0.7657314538955688
YGR065C,YEL061C,0,-3.7654514,0.1174364909529686,0.9970588088035583,0.7658316493034363
YHR013C,YML072C,0,-3.7662787,0.1174229308962822,0.9970588088035583,0.7659318447113037
YLR417W,YNL115C,0,-3.766501,0.1174093708395958,0.9970588088035583,0.7660320401191711
YLR135W,YEL063C,0,-3.7666194,0.11739581823348999,0.9970588088035583,0.7661322355270386
YLR142W,YBR033W,0,-3.7676923,0.11738227307796478,0.9970588088035583,0.7662324905395508
YKL043W,YML072C,0,-3.768024,0.11736872792243958,0.9970588088035583,0.7663326859474182
YEL065W,YLL016W,0,-3.7680445,0.11735518276691437,0.9970588088035583,0.7664328813552856
YHR092C,YAL026C,0,-3.7682602,0.11734163761138916,0.9970588088035583,0.7665330767631531
YOL116W,YAL059W,0,-3.7687736,0.11732809990644455,0.9970588088035583,0.7666332721710205
YLR432W,YPL024W,0,-3.7690277,0.11731456965208054,0.9970588088035583,0.7667334675788879
YMR030W,YCL017C,0,-3.7690287,0.11730103939771652,0.9970588088035583,0.7668336629867554
YNL233W,YLR115W,0,-3.7690768,0.11728750914335251,0.9970588088035583,0.7669338583946228
YIL112W,YHR052W,0,-3.7691565,0.11727398633956909,0.9970588088035583,0.7670340538024902
YNL242W,YDR439W,0,-3.7695284,0.11726046353578568,0.9970588088035583,0.7671342492103577
YOL008W,YDR362C,0,-3.769536,0.11724694818258286,0.9970588088035583,0.7672344446182251
YGL134W,YBR235W,0,-3.7695475,0.11723343282938004,0.9970588088035583,0.7673346400260925
YLR086W,YDR108W,0,-3.7703753,0.11721991747617722,0.9970588088035583,0.7674348950386047
YOL018C,YMR142C,0,-3.7707677,0.11720640957355499,0.9970588088035583,0.7675350904464722
YMR220W,YKR009C,0,-3.7716355,0.11719290167093277,0.9970588088035583,0.7676352858543396
YPL145C,YOR371C,0,-3.7716565,0.11717940121889114,0.9970588088035583,0.767735481262207
YEL048C,YLR225C,0,-3.7719803,0.11716590076684952,0.9970588088035583,0.7678356766700745
YGR162W,YLR313C,0,-3.7726722,0.11715240031480789,0.9970588088035583,0.7679358720779419
YPL174C,YJR077C,0,-3.772717,0.11713890731334686,0.9970588088035583,0.7680360674858093
YPL265W,YLR148W,0,-3.7727804,0.11712541431188583,0.9970588088035583,0.7681362628936768
YPR047W,YNL256W,0,-3.773037,0.1171119287610054,0.9970588088035583,0.7682364583015442
YGR086C,YKL032C,0,-3.773607,0.11709844321012497,0.9970588088035583,0.7683366537094116
YJR134C,YNL322C,0,-3.7737436,0.11708496510982513,0.9970588088035583,0.768436849117279
YIL136W,YFR044C,0,-3.7739751,0.1170714870095253,0.9970588088035583,0.7685370445251465
YGR088W,YPL258C,0,-3.7746105,0.11705800890922546,0.9970588088035583,0.7686372995376587
YHR122W,YOR016C,0,-3.774632,0.11704453825950623,0.9970588088035583,0.7687374949455261
YHR203C,YGR009C,0,-3.7750533,0.11703106760978699,0.9970588088035583,0.7688376903533936
YML088W,YNL082W,0,-3.7751894,0.11701760441064835,0.9970588088035583,0.768937885761261
YOR329C,YOL148C,0,-3.7754376,0.1170041412115097,0.9970588088035583,0.7690380811691284
YDL067C,YKL134C,0,-3.7757359,0.11699068546295166,0.9970588088035583,0.7691382765769958
YLL054C,YDR191W,0,-3.7759743,0.11697722226381302,0.9970588088035583,0.7692384719848633
YBR083W,YDR441C,0,-3.7762039,0.11696377396583557,0.9970588088035583,0.7693386673927307
YDL046W,YMR158W,0,-3.7762136,0.11695032566785812,0.9970588088035583,0.7694388628005981
YPL058C,YNL212W,0,-3.776527,0.11693687736988068,0.9970588088035583,0.7695390582084656
YOR149C,YOR257W,0,-3.7767978,0.11692342907190323,0.9970588088035583,0.769639253616333
YNL233W,YDL091C,0,-3.7768342,0.11690998822450638,0.9970588088035583,0.7697395086288452
YOR228C,YBR030W,0,-3.7768638,0.11689655482769012,0.9970588088035583,0.7698397040367126
YPL144W,YLR466W,0,-3.7772295,0.11688311398029327,0.9970588088035583,0.7699398994445801
YMR105C,YOL049W,0,-3.7772985,0.11686968803405762,0.9970588088035583,0.7700400948524475
YGR017W,YFR030W,0,-3.7776146,0.11685625463724136,0.9970588088035583,0.7701402902603149
YGL160W,YOR036W,0,-3.7776253,0.1168428286910057,0.9970588088035583,0.7702404856681824
YBR109C,YAR007C,0,-3.7778234,0.11682941019535065,0.9970588088035583,0.7703406810760498
YPR032W,YCL048W,0,-3.777971,0.11681599169969559,0.9970588088035583,0.7704408764839172
YLR332W,YNL088W,0,-3.778524,0.11680257320404053,0.9970588088035583,0.7705410718917847
YDL185W,YKL079W,0,-3.7794347,0.11678916215896606,0.9970588088035583,0.7706412672996521
YEL065W,YML131W,0,-3.779438,0.1167757511138916,0.9970588088035583,0.7707414627075195
YDR418W,YPL056C,0,-3.7797778,0.11676234006881714,0.9970588088035583,0.770841658115387
YER109C,YDR032C,0,-3.780017,0.11674893647432327,0.9970588088035583,0.7709419131278992
YJL151C,YNL082W,0,-3.7801096,0.11673554033041,0.9970588088035583,0.7710421085357666
YMR110C,YBR218C,0,-3.780456,0.11672213673591614,0.9970588088035583,0.771142303943634
YGR090W,YGR059W,0,-3.7806063,0.11670874804258347,0.9970588088035583,0.7712424993515015
YNL233W,YGR205W,0,-3.7809682,0.1166953518986702,0.9970588088035583,0.7713426947593689
YKL096W,YKR078W,0,-3.7810223,0.11668196320533752,0.9970588088035583,0.7714428901672363
YBR050C,YCR043C,0,-3.781082,0.11666858196258545,0.9970588088035583,0.7715430855751038
YOR100C,YER127W,0,-3.7812142,0.11665519326925278,0.9970588088035583,0.7716432809829712
YGL255W,YPR018W,0,-3.7812643,0.1166418194770813,0.9970588088035583,0.7717434763908386
YBR029C,YPL072W,0,-3.7813363,0.11662843823432922,0.9970588088035583,0.771843671798706
YAR066W,YLR284C,0,-3.7814252,0.11661506444215775,0.9970588088035583,0.7719438672065735
YGR099W,YLR439W,0,-3.7815995,0.11660169810056686,0.9970588088035583,0.7720440626144409
YDR313C,YHR001W-A,0,-3.7816577,0.11658833175897598,0.9970588088035583,0.7721443176269531
YOR157C,YIL160C,0,-3.7817621,0.1165749654173851,0.9970588088035583,0.7722445130348206
YNL336W,YGR035C,0,-3.782092,0.11656160652637482,0.9970588088035583,0.772344708442688
YPL092W,YNR033W,0,-3.782374,0.11654824763536453,0.9970588088035583,0.7724449038505554
YBL019W,YOL006C,0,-3.7826056,0.11653488874435425,0.9970588088035583,0.7725450992584229
YPL228W,YDR334W,0,-3.7826133,0.11652153730392456,0.9970588088035583,0.7726452946662903
YOL013C,YER174C,0,-3.7829933,0.11650819331407547,0.9970588088035583,0.7727454900741577
YLR133W,YPL225W,0,-3.783085,0.11649484187364578,0.9970588088035583,0.7728456854820251
YPL111W,YAL061W,0,-3.7836754,0.11648150533437729,0.9970588088035583,0.7729458808898926
YOL064C,YOR181W,0,-3.7837408,0.1164681613445282,0.9970588088035583,0.77304607629776
YFL029C,YBR237W,0,-3.7839007,0.1164548248052597,0.9970588088035583,0.7731462717056274
YDL229W,YLR259C,0,-3.7842715,0.11644149571657181,0.9970588088035583,0.7732464671134949
YJL083W,YHR027C,0,-3.7844367,0.11642815917730331,0.9970588088035583,0.7733467221260071
YLR022C,YPR042C,0,-3.7845697,0.11641483753919601,0.9970588088035583,0.7734469175338745
YBR119W,YJR096W,0,-3.7847986,0.11640150845050812,0.9970588088035583,0.7735471129417419
YLR109W,YFL025C,0,-3.7854323,0.11638818681240082,0.9970588088035583,0.7736473083496094
YDR242W,YKL005C,0,-3.7854748,0.11637487262487411,0.9970588088035583,0.7737475037574768
YDR098C,YKL146W,0,-3.78549,0.11636155843734741,0.9970588088035583,0.7738476991653442
YPL026C,YDR018C,0,-3.7857053,0.11634824424982071,0.9970588088035583,0.7739478945732117
YBR244W,YNL058C,0,-3.785781,0.1163349375128746,0.9970588088035583,0.7740480899810791
YPL248C,YLR466W,0,-3.7858167,0.1163216307759285,0.9970588088035583,0.7741482853889465
YDL132W,YJL089W,0,-3.7860198,0.11630832403898239,0.9970588088035583,0.774248480796814
YHR117W,YAL048C,0,-3.786107,0.11629502475261688,0.9970588088035583,0.7743486762046814
YBL087C,YKL198C,0,-3.7861948,0.11628172546625137,0.9970588088035583,0.7744488716125488
YPL144W,YLR023C,0,-3.7862306,0.11626843363046646,0.9970588088035583,0.774549126625061
YGL093W,YDR276C,0,-3.786774,0.11625514179468155,0.9970588088035583,0.7746493220329285
YDL134C,YFR044C,0,-3.78698,0.11624185740947723,0.9970588088035583,0.7747495174407959
YGL012W,YMR303C,0,-3.7870126,0.11622857302427292,0.9970588088035583,0.7748497128486633
YBR018C,YFL055W,0,-3.787621,0.1162152886390686,0.9970588088035583,0.7749499082565308
YDR380W,YCR027C,0,-3.7877002,0.11620201170444489,0.9970588088035583,0.7750501036643982
YDR376W,YPR175W,0,-3.7883825,0.11618873476982117,0.9970588088035583,0.7751502990722656
YJL190C,YOR057W,0,-3.7885947,0.11617546528577805,0.9970588088035583,0.7752504944801331
YLR176C,YBR253W,0,-3.7886243,0.11616219580173492,0.9970588088035583,0.7753506898880005
YNL181W,YDR057W,0,-3.7886477,0.1161489263176918,0.9970588088035583,0.7754508852958679
YKR089C,YDR258C,0,-3.788939,0.11613566428422928,0.9970588088035583,0.7755510807037354
YBR014C,YNL286W,0,-3.7892408,0.11612240225076675,0.9970588088035583,0.7756512761116028
YGR004W,YJL123C,0,-3.7893674,0.11610914766788483,0.9970588088035583,0.775751531124115
YOL013C,YOL149W,0,-3.7893739,0.1160958930850029,0.9970588088035583,0.7758517265319824
YBR191W,YDR127W,0,-3.7895389,0.11608263850212097,0.9970588088035583,0.7759519219398499
YOR319W,YLR308W,0,-3.7896051,0.11606939136981964,0.9970588088035583,0.7760521173477173
YGR263C,YDR252W,0,-3.7896576,0.11605614423751831,0.9970588088035583,0.7761523127555847
YFL008W,YOL071W,0,-3.7897573,0.11604290455579758,0.9970588088035583,0.7762525081634521
YDR341C,YGL045W,0,-3.7903504,0.11602966487407684,0.9970588088035583,0.7763527035713196
YML096W,YLR119W,0,-3.7907624,0.11601642519235611,0.9970588088035583,0.776452898979187
YER147C,YGL206C,0,-3.7912698,0.11600319296121597,0.9970588088035583,0.7765530943870544
YER005W,YDR231C,0,-3.7914178,0.11598996073007584,0.9970588088035583,0.7766532897949219
YMR104C,YLR035C,0,-3.7915316,0.1159767359495163,0.9970588088035583,0.7767534852027893
YFR055W,YHR116W,0,-3.791677,0.11596351116895676,0.9970588088035583,0.7768536806106567
YOL013C,YDR424C,0,-3.7921736,0.11595029383897781,0.9970588088035583,0.776953935623169
YDR273W,YDR243C,0,-3.7930639,0.11593706905841827,0.9970588088035583,0.7770541310310364
YJR090C,YDR200C,0,-3.7931278,0.11592385917901993,0.9970588088035583,0.7771543264389038
YJL046W,YOR335C,0,-3.7931867,0.11591064184904099,0.9970588088035583,0.7772545218467712
YMR022W,YDR073W,0,-3.79324,0.11589743942022324,0.9970588088035583,0.7773547172546387
YOL018C,YLR037C,0,-3.7932892,0.11588422954082489,0.9970588088035583,0.7774549126625061
YNL242W,YOR070C,0,-3.7933483,0.11587102711200714,0.9970588088035583,0.7775551080703735
YKR025W,YJR019C,0,-3.7933612,0.11585782468318939,0.9970588088035583,0.777655303478241
YDR326C,YDR268W,0,-3.7933965,0.11584462970495224,0.9970588088035583,0.7777554988861084
YDR288W,YIL023C,0,-3.793807,0.11583143472671509,0.9970588088035583,0.7778556942939758
YHR037W,YPL103C,0,-3.794899,0.11581824719905853,0.9970588088035583,0.7779558897018433
YDL102W,YPR047W,0,-3.7950416,0.11580505222082138,0.9970588088035583,0.7780560851097107
YDL123W,YPL105C,0,-3.7951438,0.11579187214374542,0.9970588088035583,0.7781563401222229
YHR181W,YLR347C,0,-3.7952416,0.11577869206666946,0.9970588088035583,0.7782565355300903
YOR231W,YDL223C,0,-3.795289,0.1157655119895935,0.9970588088035583,0.7783567309379578
YKR046C,YOR278W,0,-3.7953653,0.11575233191251755,0.9970588088035583,0.7784569263458252
YPR148C,YGL111W,0,-3.7954412,0.11573915928602219,0.9970588088035583,0.7785571217536926
YKR065C,YDR234W,0,-3.795581,0.11572598665952682,0.9970588088035583,0.7786573171615601
YHR161C,YKL099C,0,-3.7956595,0.11571282148361206,0.9970588088035583,0.7787575125694275
YCR023C,YJL113W,0,-3.7958107,0.1156996563076973,0.9970588088035583,0.7788577079772949
YHR046C,YMR055C,0,-3.795854,0.11568649858236313,0.9970588088035583,0.7789579033851624
YNR045W,YPL253C,0,-3.7961478,0.11567334085702896,0.9970588088035583,0.7790580987930298
YIL157C,YKL120W,0,-3.796518,0.1156601831316948,0.9970588088035583,0.7791582942008972
YPL091W,YPL045W,0,-3.7968853,0.11564703285694122,0.9970588088035583,0.7792584896087646
YPL116W,YLL067C,0,-3.7969532,0.11563388258218765,0.9970588088035583,0.7793587446212769
YFL003C,YDL106C,0,-3.7975073,0.11562073975801468,0.9970588088035583,0.7794589400291443
YGR108W,YDL052C,0,-3.7976131,0.1156075969338417,0.9970588088035583,0.7795591354370117
YIL072W,YML082W,0,-3.797844,0.11559445410966873,0.9970588088035583,0.7796593308448792
YPL195W,YLR193C,0,-3.7980275,0.11558131873607635,0.9970588088035583,0.7797595262527466
YLL026W,YBL106C,0,-3.7983062,0.11556818336248398,0.9970588088035583,0.779859721660614
YGR086C,YAR019C,0,-3.7983994,0.1155550479888916,0.9970588088035583,0.7799599170684814
YBR028C,YNR049C,0,-3.7984772,0.11554192006587982,0.9970588088035583,0.7800601124763489
YGR048W,YDR086C,0,-3.7985096,0.11552879959344864,0.9970588088035583,0.7801603078842163
YPL161C,YEL058W,0,-3.7989502,0.11551567167043686,0.9970588088035583,0.7802605032920837
YPL215W,YER078C,0,-3.7995949,0.11550255864858627,0.9970588088035583,0.7803606986999512
YDR519W,YPL217C,0,-3.7998347,0.11548943817615509,0.9970588088035583,0.7804608941078186
YLL054C,YBR054W,0,-3.7999132,0.1154763251543045,0.9970588088035583,0.7805611491203308
YLR070C,YNL103W,0,-3.8001235,0.11546321213245392,0.9970588088035583,0.7806613445281982
YHR153C,YLR430W,0,-3.801035,0.11545010656118393,0.9970588088035583,0.7807615399360657
YDL193W,YOL098C,0,-3.8013353,0.11543700098991394,0.9970588088035583,0.7808617353439331
YCL038C,YOR188W,0,-3.8017666,0.11542390286922455,0.9970588088035583,0.7809619307518005
YKL062W,YGR207C,0,-3.802034,0.11541080474853516,0.9970588088035583,0.781062126159668
YBR198C,YDR517W,0,-3.8024197,0.11539770662784576,0.9970588088035583,0.7811623215675354
YMR063W,YGL129C,0,-3.8024716,0.11538461595773697,0.9970588088035583,0.7812625169754028
YGR295C,YDR100W,0,-3.802488,0.11537152528762817,0.9970588088035583,0.7813627123832703
YDR028C,YML027W,0,-3.8025374,0.11535844206809998,0.9970588088035583,0.7814629077911377
YNL126W,YMR056C,0,-3.8026316,0.11534535884857178,0.9970588088035583,0.7815631031990051
YDR202C,YEL021W,0,-3.8027613,0.11533227562904358,0.9970588088035583,0.7816632986068726
YDR394W,YGR125W,0,-3.8033342,0.11531919986009598,0.9970588088035583,0.7817635536193848
YDL105W,YGL059W,0,-3.8033972,0.11530612409114838,0.9970588088035583,0.7818637490272522
YDR342C,YDR078C,0,-3.804016,0.11529304832220078,0.9970588088035583,0.7819639444351196
YMR237W,YOL139C,0,-3.8044863,0.11527998000383377,0.9970588088035583,0.7820641398429871
YOR118W,YBR016W,0,-3.8045387,0.11526691913604736,0.9970588088035583,0.7821643352508545
YML060W,YNL254C,0,-3.8046632,0.11525385081768036,0.9970588088035583,0.7822645306587219
YJR091C,YDR197W,0,-3.8048143,0.11524078994989395,0.9970588088035583,0.7823647260665894
YJL151C,YHR102W,0,-3.8049564,0.11522773653268814,0.9970588088035583,0.7824649214744568
YDR265W,YJL076W,0,-3.8057747,0.11521468311548233,0.9970588088035583,0.7825651168823242
YOL020W,YDL101C,0,-3.8059802,0.11520162969827652,0.9970588088035583,0.7826653122901917
YGR193C,YIR022W,0,-3.8064508,0.1151885837316513,0.9970588088035583,0.7827655076980591
YMR316W,YDR219C,0,-3.806583,0.11517553776502609,0.9970588088035583,0.7828657031059265
YOR191W,YPL008W,0,-3.8068185,0.11516249924898148,0.9970588088035583,0.7829659581184387
YOL011W,YBR022W,0,-3.806993,0.11514945328235626,0.9970588088035583,0.7830661535263062
YJR045C,YER041W,0,-3.8070679,0.11513642221689224,0.9970588088035583,0.7831663489341736
YPR106W,YBL002W,0,-3.807176,0.11512338370084763,0.9970588088035583,0.783266544342041
YNR045W,YPL120W,0,-3.8073235,0.1151103600859642,0.9970588088035583,0.7833667397499084
YDR501W,YOR322C,0,-3.80756,0.11509732902050018,0.9970588088035583,0.7834669351577759
YNL116W,YOL072W,0,-3.8076124,0.11508430540561676,0.9970588088035583,0.7835671305656433
YMR266W,YPL246C,0,-3.8079066,0.11507128179073334,0.9970588088035583,0.7836673259735107
YIR015W,YMR002W,0,-3.8079598,0.11505826562643051,0.9970588088035583,0.7837675213813782
YGR122W,YPL090C,0,-3.808432,0.11504524946212769,0.9970588088035583,0.7838677167892456
YDR328C,YHL038C,0,-3.8087573,0.11503223329782486,0.9970588088035583,0.783967912197113
YDL214C,YGR078C,0,-3.809112,0.11501922458410263,0.9970588088035583,0.7840681076049805
YCR075C,YNL001W,0,-3.8099325,0.115006223320961,0.9970588088035583,0.7841683626174927
YBR132C,YGL098W,0,-3.8106074,0.11499321460723877,0.9970588088035583,0.7842685580253601
YIR008C,YMR116C,0,-3.8107665,0.11498021334409714,0.9970588088035583,0.7843687534332275
YER095W,YDL082W,0,-3.8111246,0.1149672195315361,0.9970588088035583,0.784468948841095
YNL246W,YLL021W,0,-3.8111787,0.11495421826839447,0.9970588088035583,0.7845691442489624
YIL173W,YDR346C,0,-3.8115869,0.11494123190641403,0.9970588088035583,0.7846693396568298
YDR171W,YLR013W,0,-3.8117135,0.114928238093853,0.9970588088035583,0.7847695350646973
YDR188W,YDL181W,0,-3.8119447,0.11491525173187256,0.9970588088035583,0.7848697304725647
YOL091W,YAL010C,0,-3.8120356,0.11490227282047272,0.9970588088035583,0.7849699258804321
YGL124C,YNL031C,0,-3.8121743,0.11488929390907288,0.9970588088035583,0.7850701212882996
YOL003C,YLR460C,0,-3.8123243,0.11487631499767303,0.9970588088035583,0.785170316696167
YEL051W,YJL078C,0,-3.8124418,0.1148633360862732,0.9970588088035583,0.7852705121040344
YMR063W,YJR017C,0,-3.8128805,0.11485036462545395,0.9970588088035583,0.7853707671165466
YOR076C,YLR266C,0,-3.8133888,0.1148374006152153,0.9970588088035583,0.7854709625244141
YBL097W,YCR021C,0,-3.813486,0.11482442915439606,0.9970588088035583,0.7855711579322815
YIL090W,YIL044C,0,-3.8136163,0.114811472594738,0.9970588088035583,0.7856713533401489
YLR058C,YNL292W,0,-3.8136764,0.11479850858449936,0.9970588088035583,0.7857715487480164
YCR036W,YMR183C,0,-3.814075,0.11478555202484131,0.9970588088035583,0.7858717441558838
YPL202C,YLR357W,0,-3.8143244,0.11477259546518326,0.9970588088035583,0.7859719395637512
YHR181W,YAR003W,0,-3.8155193,0.1147596463561058,0.9970588088035583,0.7860721349716187
YGR033C,YPR025C,0,-3.815639,0.11474669724702835,0.9970588088035583,0.7861723303794861
YFL062W,YML127W,0,-3.8156557,0.1147337555885315,0.9970588088035583,0.7862725257873535
YBR089C-A,YMR133W,0,-3.8160093,0.11472081393003464,0.9970588088035583,0.786372721195221
YDR175C,YMR053C,0,-3.8162696,0.11470787227153778,0.9970588088035583,0.7864729166030884
YDR239C,YNR032W,0,-3.8163662,0.11469493806362152,0.9970588088035583,0.7865731716156006
YLR242C,YFR049W,0,-3.8164458,0.11468200385570526,0.9970588088035583,0.786673367023468
YOR307C,YLR001C,0,-3.816626,0.114669069647789,0.9970588088035583,0.7867735624313354
YKL188C,YLR274W,0,-3.8166528,0.11465614289045334,0.9970588088035583,0.7868737578392029
YOR002W,YKL045W,0,-3.816769,0.11464321613311768,0.9970588088035583,0.7869739532470703
YML114C,YER054C,0,-3.8177862,0.11463029682636261,0.9970588088035583,0.7870741486549377
YLR360W,YPL224C,0,-3.818257,0.11461737751960754,0.9970588088035583,0.7871743440628052
YER069W,YBR039W,0,-3.8186383,0.11460446566343307,0.9970588088035583,0.7872745394706726
YDR077W,YBR073W,0,-3.8190303,0.11459154635667801,0.9970588088035583,0.78737473487854
YOL120C,YDR456W,0,-3.8190875,0.11457864195108414,0.9970588088035583,0.7874749302864075
YDR177W,YJR066W,0,-3.8192956,0.11456573009490967,0.9970588088035583,0.7875751256942749
YKL116C,YOR003W,0,-3.8194747,0.1145528256893158,0.9970588088035583,0.7876753211021423
YAL026C,YGR013W,0,-3.8198702,0.11453992873430252,0.9970588088035583,0.7877755761146545
YEL065W,YIL131C,0,-3.8199522,0.11452702432870865,0.9970588088035583,0.787875771522522
YLR266C,YLR038C,0,-3.820044,0.11451413482427597,0.9970588088035583,0.7879759669303894
YMR135C,YBR068C,0,-3.8203835,0.1145012378692627,0.9970588088035583,0.7880761623382568
YOR087W,YNL115C,0,-3.8204353,0.11448834836483002,0.9970588088035583,0.7881763577461243
YDR169C,YHR216W,0,-3.82047,0.11447545886039734,0.9970588088035583,0.7882765531539917
YDR407C,YEL046C,0,-3.8205009,0.11446257680654526,0.9970588088035583,0.7883767485618591
YHR104W,YPL204W,0,-3.8205585,0.11444969475269318,0.9970588088035583,0.7884769439697266
YNL177C,YKL196C,0,-3.820807,0.11443682014942169,0.9970588088035583,0.788577139377594
YER027C,YDR421W,0,-3.8211737,0.11442394554615021,0.9970588088035583,0.7886773347854614
YGL104C,YDL010W,0,-3.8221817,0.11441107094287872,0.9970588088035583,0.7887775301933289
YJR099W,YLR176C,0,-3.8226132,0.11439820379018784,0.9970588088035583,0.7888777852058411
YLR381W,YNL159C,0,-3.8229198,0.11438533663749695,0.9970588088035583,0.7889779806137085
YCL051W,YOR174W,0,-3.8233533,0.11437246948480606,0.9970588088035583,0.7890781760215759
YLR181C,YCR081W,0,-3.82354,0.11435960978269577,0.9970588088035583,0.7891783714294434
YJL054W,YHR009C,0,-3.8238804,0.11434675008058548,0.9970588088035583,0.7892785668373108
YDR408C,YEL047C,0,-3.8241417,0.11433389782905579,0.9970588088035583,0.7893787622451782
YIL023C,YKL092C,0,-3.8243065,0.11432104557752609,0.9970588088035583,0.7894789576530457
YCL067C,YDR350C,0,-3.824627,0.1143081933259964,0.9970588088035583,0.7895791530609131
YGR223C,YGL115W,0,-3.8248978,0.1142953485250473,0.9970588088035583,0.7896793484687805
YDL239C,YGR059W,0,-3.825181,0.1142825037240982,0.9970588088035583,0.789779543876648
YDR025W,YDR516C,0,-3.8256,0.1142696663737297,0.9970588088035583,0.7898797392845154
YOR153W,YKL002W,0,-3.8261225,0.11425682157278061,0.9970588088035583,0.7899799346923828
YJL096W,YJR155W,0,-3.826604,0.1142439916729927,0.9970588088035583,0.790080189704895
YGL195W,YOR037W,0,-3.8266437,0.1142311543226242,0.9970588088035583,0.7901803851127625
YKL029C,YPL162C,0,-3.8268876,0.1142183318734169,0.9970588088035583,0.7902805805206299
YDR204W,YHR210C,0,-3.8271086,0.114205501973629,0.9970588088035583,0.7903807759284973
YHR034C,YOR141C,0,-3.8279757,0.11419267952442169,0.9970588088035583,0.7904809713363647
YNL199C,YGR040W,0,-3.828464,0.11417985707521439,0.9970588088035583,0.7905811667442322
YDR273W,YAL002W,0,-3.8288999,0.11416704207658768,0.9970588088035583,0.7906813621520996
YBR014C,YNL247W,0,-3.8294103,0.11415422707796097,0.9970588088035583,0.790781557559967
YOL018C,YDR013W,0,-3.8298047,0.11414141207933426,0.9970588088035583,0.7908817529678345
YLR293C,YGR035C,0,-3.8298478,0.11412860453128815,0.9970588088035583,0.7909819483757019
YMR237W,YGR198W,0,-3.830322,0.11411579698324203,0.9970588088035583,0.7910821437835693
YHL009C,YGL027C,0,-3.8305857,0.11410299688577652,0.9970588088035583,0.7911823391914368
YEL071W,YML015C,0,-3.830839,0.114090196788311,0.9970588088035583,0.791282594203949
YCR020C,YML012W,0,-3.831647,0.11407739669084549,0.9970588088035583,0.7913827896118164
YMR280C,YLR075W,0,-3.8316536,0.11406460404396057,0.9970588088035583,0.7914829850196838
YKL107W,YDL101C,0,-3.831884,0.11405181139707565,0.9970588088035583,0.7915831804275513
YJR077C,YDR040C,0,-3.8319297,0.11403901875019073,0.9970588088035583,0.7916833758354187
YDL184C,YGL161C,0,-3.8320055,0.11402623355388641,0.9970588088035583,0.7917835712432861
YLR056W,YDR377W,0,-3.8323574,0.11401345580816269,0.9970588088035583,0.7918837666511536
YKR009C,YNL024C,0,-3.832438,0.11400067061185837,0.9970588088035583,0.791983962059021
YBR245C,YGL196W,0,-3.8324528,0.11398789286613464,0.9970588088035583,0.7920841574668884
YHR050W,YDR384C,0,-3.8329997,0.11397512257099152,0.9970588088035583,0.7921843528747559
YLR283W,YGR247W,0,-3.833022,0.11396235227584839,0.9970588088035583,0.7922845482826233
YHR104W,YGL048C,0,-3.8331668,0.11394958198070526,0.9970588088035583,0.7923847436904907
YGL222C,YOR241W,0,-3.833418,0.11393681168556213,0.9970588088035583,0.7924849987030029
YJR013W,YDR313C,0,-3.833747,0.1139240488409996,0.9970588088035583,0.7925851941108704
YKL081W,YDR191W,0,-3.834285,0.11391129344701767,0.9970588088035583,0.7926853895187378
YFL016C,YML074C,0,-3.835009,0.11389853060245514,0.9970588088035583,0.7927855849266052
YBL005W-A,YDL129W,0,-3.8351493,0.1138857752084732,0.9970588088035583,0.7928857803344727
YGR154C,YAL005C,0,-3.8352454,0.11387302726507187,0.9970588088035583,0.7929859757423401
YCL061C,YKR065C,0,-3.835257,0.11386027932167053,0.9970588088035583,0.7930861711502075
YOL110W,YKL135C,0,-3.8352785,0.1138475313782692,0.9970588088035583,0.793186366558075
YLR411W,YPR095C,0,-3.8356953,0.11383479088544846,0.9970588088035583,0.7932865619659424
YGR278W,YLR201C,0,-3.8361368,0.11382205039262772,0.9970588088035583,0.7933867573738098
YIL010W,YLR408C,0,-3.836232,0.11380930989980698,0.9970588088035583,0.7934869527816772
YCR021C,YDR541C,0,-3.8372064,0.11379657685756683,0.9970588088035583,0.7935871481895447
YOR359W,YDL079C,0,-3.8373065,0.11378384381532669,0.9970588088035583,0.7936874032020569
YPR073C,YGL134W,0,-3.8375473,0.11377111822366714,0.9970588088035583,0.7937875986099243
YPR169W,YAL015C,0,-3.837824,0.1137583926320076,0.9970588088035583,0.7938877940177917
YIL009W,YJR075W,0,-3.8381758,0.11374566704034805,0.9970588088035583,0.7939879894256592
YPL141C,YPL152W,0,-3.8385942,0.1137329488992691,0.9970588088035583,0.7940881848335266
YER068W,YLR115W,0,-3.8391812,0.11372023075819016,0.9970588088035583,0.794188380241394
YMR177W,YGR256W,0,-3.8391976,0.1137075126171112,0.9970588088035583,0.7942885756492615
YKL006W,YNL101W,0,-3.839665,0.11369480192661285,0.9970588088035583,0.7943887710571289
YJL036W,YDR116C,0,-3.839727,0.1136820912361145,0.9970588088035583,0.7944889664649963
YFR007W,YMR277W,0,-3.8399506,0.11366938799619675,0.9970588088035583,0.7945891618728638
YIL051C,YPR054W,0,-3.8400338,0.11365668475627899,0.9970588088035583,0.7946893572807312
YPR108W,YER063W,0,-3.840368,0.11364398151636124,0.9970588088035583,0.7947895526885986
YMR244C-A,YOR210W,0,-3.840395,0.11363128572702408,0.9970588088035583,0.7948898077011108
YOL109W,YDR323C,0,-3.8407283,0.11361858993768692,0.9970588088035583,0.7949900031089783
YMR101C,YGR211W,0,-3.840883,0.11360590159893036,0.9970588088035583,0.7950901985168457
YJR104C,YBL042C,0,-3.8410401,0.1135932058095932,0.9970588088035583,0.7951903939247131
YOR141C,YOR182C,0,-3.841475,0.11358052492141724,0.9970588088035583,0.7952905893325806
YOR122C,YDR166C,0,-3.8415604,0.11356783658266068,0.9970588088035583,0.795390784740448
YBR127C,YOR273C,0,-3.841852,0.11355515569448471,0.9970588088035583,0.7954909801483154
YIL097W,YDR135C,0,-3.8419657,0.11354248225688934,0.9970588088035583,0.7955911755561829
YOL055C,YOR315W,0,-3.8420994,0.11352980881929398,0.9970588088035583,0.7956913709640503
YMR318C,YDR221W,0,-3.8425903,0.11351713538169861,0.9970588088035583,0.7957915663719177
YLR337C,YPR010C,0,-3.842597,0.11350446194410324,0.9970588088035583,0.7958917617797852
YNL308C,YAL028W,0,-3.8429449,0.11349179595708847,0.9970588088035583,0.7959919571876526
YGR261C,YOR265W,0,-3.8431916,0.1134791374206543,0.9970588088035583,0.7960922122001648
YOL064C,YNL312W,0,-3.843532,0.11346647143363953,0.9970588088035583,0.7961924076080322
YEL050C,YIL115C,0,-3.8435454,0.11345381289720535,0.9970588088035583,0.7962926030158997
YLR370C,YBR179C,0,-3.8435621,0.11344116181135178,0.9970588088035583,0.7963927984237671
YCL061C,YGR125W,0,-3.844049,0.1134285107254982,0.9970588088035583,0.7964929938316345
YOR373W,YAL048C,0,-3.8442197,0.11341585963964462,0.9970588088035583,0.796593189239502
YOL126C,YHR143W,0,-3.844439,0.11340320855379105,0.9970588088035583,0.7966933846473694
YHR076W,YNL047C,0,-3.8445659,0.11339056491851807,0.9970588088035583,0.7967935800552368
YOL091W,YKL137W,0,-3.8446321,0.11337792873382568,0.9970588088035583,0.7968937754631042
YCR010C,YML091C,0,-3.8452578,0.1133652850985527,0.9970588088035583,0.7969939708709717
YBR193C,YPR114W,0,-3.845634,0.11335265636444092,0.9970588088035583,0.7970941662788391
YIR031C,YGR059W,0,-3.8459325,0.11334002017974854,0.9970588088035583,0.7971943616867065
YER032W,YMR086W,0,-3.8462477,0.11332739144563675,0.9970588088035583,0.7972946166992188
YMR072W,YIL171W,0,-3.8464365,0.11331476271152496,0.9970588088035583,0.7973948121070862
YGL219C,YLR110C,0,-3.846609,0.11330214142799377,0.9970588088035583,0.7974950075149536
YJL083W,YBR130C,0,-3.8467484,0.11328952014446259,0.9970588088035583,0.797595202922821
YOR347C,YJR152W,0,-3.847396,0.1132768988609314,0.9970588088035583,0.7976953983306885
YIL122W,YGL040C,0,-3.8474197,0.1132642850279808,0.9970588088035583,0.7977955937385559
YCR097W,YMR036C,0,-3.847681,0.11325167119503021,0.9970588088035583,0.7978957891464233
YMR092C,YDR253C,0,-3.8478506,0.11323905736207962,0.9970588088035583,0.7979959845542908
YKL114C,YCR102C,0,-3.8480008,0.11322645097970963,0.9970588088035583,0.7980961799621582
YHR157W,YGL231C,0,-3.848061,0.11321385204792023,0.9970588088035583,0.7981963753700256
YOR044W,YNL051W,0,-3.8480844,0.11320124566555023,0.9970588088035583,0.7982965707778931
YEL013W,YDR462W,0,-3.849854,0.11318864673376083,0.9970588088035583,0.7983967661857605
YHR036W,YML048W,0,-3.8502197,0.11317605525255203,0.9970588088035583,0.7984970211982727
YML070W,YJL044C,0,-3.8510883,0.11316345632076263,0.9970588088035583,0.7985972166061401
YDR432W,YER169W,0,-3.8510985,0.11315086483955383,0.9970588088035583,0.7986974120140076
YBR091C,YDR231C,0,-3.8515654,0.11313828080892563,0.9970588088035583,0.798797607421875
YER100W,YPL031C,0,-3.851927,0.11312569677829742,0.9970588088035583,0.7988978028297424
YLR249W,YPR183W,0,-3.8520975,0.11311311274766922,0.9970588088035583,0.7989979982376099
YGR009C,YKL035W,0,-3.8521538,0.11310053616762161,0.9970588088035583,0.7990981936454773
YMR101C,YJL036W,0,-3.8526669,0.113087959587574,0.9970588088035583,0.7991983890533447
YBR201W,YCR092C,0,-3.8527458,0.1130753830075264,0.9970588088035583,0.7992985844612122
YLR166C,YKL052C,0,-3.853158,0.11306281387805939,0.9970588088035583,0.7993987798690796
YDL087C,YNL227C,0,-3.8532083,0.11305024474859238,0.9970588088035583,0.799498975276947
YKR093W,YHR079C-A,0,-3.853249,0.11303767561912537,0.9970588088035583,0.7995991706848145
YEL005C,YLR369W,0,-3.8534358,0.11302511394023895,0.9970588088035583,0.7996994256973267
YIL106W,YOR150W,0,-3.8535047,0.11301255971193314,0.9970588088035583,0.7997996211051941
YJR110W,YPL227C,0,-3.8535771,0.11299999803304672,0.9970588088035583,0.7998998165130615
YEL011W,YDR056C,0,-3.8536744,0.1129874438047409,0.9970588088035583,0.800000011920929
YHL050C,YDR208W,0,-3.8537507,0.11297489702701569,0.9970588088035583,0.8001002073287964
YDR529C,YMR130W,0,-3.8543773,0.11296234279870987,0.9970588088035583,0.8002004027366638
YLR109W,YKR039W,0,-3.8545156,0.11294980347156525,0.9970588088035583,0.8003005981445312
YDR354W,YKL140W,0,-3.8546884,0.11293725669384003,0.9970588088035583,0.8004007935523987
YGL039W,YCR038C,0,-3.8548014,0.1129247173666954,0.9970588088035583,0.8005009889602661
YOR307C,YGL053W,0,-3.8549247,0.11291217803955078,0.9970588088035583,0.8006011843681335
YMR043W,YBL022C,0,-3.85498,0.11289964616298676,0.9970588088035583,0.800701379776001
YGR287C,YLR170C,0,-3.8550289,0.11288711428642273,0.9970588088035583,0.8008015751838684
YGR122W,YOR249C,0,-3.855085,0.1128745824098587,0.9970588088035583,0.8009018301963806
YGL219C,YNL166C,0,-3.8551536,0.11286205798387527,0.9970588088035583,0.801002025604248
YCR024C-A,YBR012W-B,0,-3.855223,0.11284953355789185,0.9970588088035583,0.8011022210121155
YCL031C,YNL241C,0,-3.8556676,0.11283701658248901,0.9970588088035583,0.8012024164199829
YOR265W,YDR343C,0,-3.8558898,0.11282449215650558,0.9970588088035583,0.8013026118278503
YJR084W,YGL125W,0,-3.8560152,0.11281198263168335,0.9970588088035583,0.8014028072357178
YBR236C,YNL081C,0,-3.8566418,0.11279946565628052,0.9970588088035583,0.8015030026435852
YLL050C,YLR144C,0,-3.856658,0.11278695613145828,0.9970588088035583,0.8016031980514526
YMR004W,YMR225C,0,-3.8572342,0.11277445405721664,0.9970588088035583,0.8017033934593201
YNL245C,YPR005C,0,-3.8572993,0.11276194453239441,0.9970588088035583,0.8018035888671875
YDR009W,YMR086W,0,-3.8577924,0.11274944245815277,0.9970588088035583,0.8019037842750549
YOL061W,YLL023C,0,-3.8578637,0.11273694783449173,0.9970588088035583,0.8020039796829224
YML072C,YNL039W,0,-3.8579366,0.11272445321083069,0.9970588088035583,0.8021042346954346
YMR235C,YPR140W,0,-3.8581696,0.11271195858716965,0.9970588088035583,0.802204430103302
YDR463W,YJR102C,0,-3.8582115,0.1126994714140892,0.9970588088035583,0.8023046255111694
YBL024W,YLR155C,0,-3.859007,0.11268698424100876,0.9970588088035583,0.8024048209190369
YPL058C,YOL096C,0,-3.859261,0.11267449706792831,0.9970588088035583,0.8025050163269043
YNL065W,YPL156C,0,-3.8593087,0.11266201734542847,0.9970588088035583,0.8026052117347717
YDL079C,YIL085C,0,-3.8593497,0.11264953762292862,0.9970588088035583,0.8027054071426392
YBR216C,YLL050C,0,-3.8593988,0.11263705790042877,0.9970588088035583,0.8028056025505066
YKR052C,YMR202W,0,-3.8607268,0.11262458562850952,0.9970588088035583,0.802905797958374
YBR008C,YPL230W,0,-3.861271,0.11261211335659027,0.9970588088035583,0.8030059933662415
YOL065C,YHR024C,0,-3.861906,0.11259964853525162,0.9970588088035583,0.8031061887741089
YGR076C,YEL004W,0,-3.862021,0.11258718371391296,0.9970588088035583,0.8032063841819763
YIL114C,YPR105C,0,-3.8622432,0.11257471889257431,0.9970588088035583,0.8033066391944885
YML107C,YDR533C,0,-3.8624413,0.11256226152181625,0.9970588088035583,0.803406834602356
YOR116C,YDR069C,0,-3.8626182,0.1125498041510582,0.9970588088035583,0.8035070300102234
YKL212W,YDR028C,0,-3.8629174,0.11253734678030014,0.9970588088035583,0.8036072254180908
YJL054W,YGR044C,0,-3.8635767,0.11252489686012268,0.9970588088035583,0.8037074208259583
YMR231W,YOR293W,0,-3.8636072,0.11251244693994522,0.9970588088035583,0.8038076162338257
YNL189W,YGL012W,0,-3.8637536,0.11249999701976776,0.9970588088035583,0.8039078116416931
YOL069W,YDR394W,0,-3.8638258,0.1124875545501709,0.9970588088035583,0.8040080070495605
YGR060W,YPL202C,0,-3.8641806,0.11247511953115463,0.9970588088035583,0.804108202457428
YDR517W,YOL021C,0,-3.8642597,0.11246267706155777,0.9970588088035583,0.8042083978652954
YDR105C,YLL024C,0,-3.8648329,0.1124502420425415,0.9970588088035583,0.8043085932731628
YGR254W,YDR210W,0,-3.8649883,0.11243781447410583,0.9970588088035583,0.8044087886810303
YML072C,YGR224W,0,-3.865353,0.11242537945508957,0.9970588088035583,0.8045090436935425
YGL142C,YBR105C,0,-3.8657186,0.1124129518866539,0.9970588088035583,0.8046092391014099
YHL050C,YCR036W,0,-3.8665729,0.11240053176879883,0.9970588088035583,0.8047094345092773
YJL204C,YNL265C,0,-3.8666983,0.11238811165094376,0.9970588088035583,0.8048096299171448
YBR079C,YDR016C,0,-3.86696,0.11237569153308868,0.9970588088035583,0.8049098253250122
YGR086C,YOR316C,0,-3.8675475,0.11236327141523361,0.9970588088035583,0.8050100207328796
YFR053C,YLR265C,0,-3.867632,0.11235085874795914,0.9970588088035583,0.8051102161407471
YNR052C,YDR005C,0,-3.8684394,0.11233845353126526,0.9970588088035583,0.8052104115486145
YMR171C,YJR121W,0,-3.868526,0.11232604086399078,0.9970588088035583,0.8053106069564819
YNR023W,YER141W,0,-3.868851,0.1123136356472969,0.9970588088035583,0.8054108023643494
YBR298C,YLR148W,0,-3.8692853,0.11230123788118362,0.9970588088035583,0.8055109977722168
YDR246W,YHL006C,0,-3.869558,0.11228884011507034,0.9970588088035583,0.8056111931800842
YEL059C-A,YNL001W,0,-3.869737,0.11227644234895706,0.9970588088035583,0.8057114481925964
YDR009W,YCR021C,0,-3.8699768,0.11226404458284378,0.9970588088035583,0.8058116436004639
YHR096C,YJL181W,0,-3.8699858,0.1122516542673111,0.9970588088035583,0.8059118390083313
YPL224C,YML009C,0,-3.8701987,0.11223926395177841,0.9970588088035583,0.8060120344161987
YER159C,YDR107C,0,-3.8702745,0.11222688108682632,0.9970588088035583,0.8061122298240662
YDR256C,YMR309C,0,-3.8702974,0.11221449822187424,0.9970588088035583,0.8062124252319336
YGL153W,YOR374W,0,-3.8703225,0.11220211535692215,0.9970588088035583,0.806312620639801
YGL179C,YDR242W,0,-3.870552,0.11218973994255066,0.9970588088035583,0.8064128160476685
YDR004W,YDR039C,0,-3.870803,0.11217736452817917,0.9970588088035583,0.8065130114555359
YJR091C,YGR277C,0,-3.8711457,0.11216499656438828,0.9970588088035583,0.8066132068634033
YNL270C,YLR320W,0,-3.8712354,0.11215262115001678,0.9970588088035583,0.8067134022712708
YPL001W,YMR004W,0,-3.8712683,0.11214026063680649,0.9970588088035583,0.8068135976791382
YIR028W,YGL067W,0,-3.8713434,0.1121278926730156,0.9970588088035583,0.8069138526916504
YPL097W,YGL053W,0,-3.871549,0.1121155321598053,0.9970588088035583,0.8070140480995178
YCR063W,YGR240C,0,-3.8719068,0.112103171646595,0.9970588088035583,0.8071142435073853
YDL007W,YKR037C,0,-3.8725524,0.1120908185839653,0.9970588088035583,0.8072144389152527
YGL191W,YDL104C,0,-3.8730989,0.1120784655213356,0.9970588088035583,0.8073146343231201
YAL059W,YLR382C,0,-3.8744597,0.1120661124587059,0.9970588088035583,0.8074148297309875
YGL005C,YPL037C,0,-3.874626,0.1120537668466568,0.9970588088035583,0.807515025138855
YMR211W,YFL031W,0,-3.8748126,0.1120414212346077,0.9970588088035583,0.8076152205467224
YCR035C,YJR019C,0,-3.8750997,0.11202908307313919,0.9970588088035583,0.8077154159545898
YGR004W,YEL013W,0,-3.875373,0.11201674491167068,0.9970588088035583,0.8078156113624573
YLR371W,YBL067C,0,-3.8755546,0.11200440675020218,0.9970588088035583,0.8079158067703247
YER109C,YJR044C,0,-3.8757,0.11199206858873367,0.9970588088035583,0.8080160617828369
YKL059C,YLR014C,0,-3.8759544,0.11197973787784576,0.9970588088035583,0.8081162571907043
YOL127W,YER089C,0,-3.876197,0.11196741461753845,0.9970588088035583,0.8082164525985718
YER177W,YLR274W,0,-3.8764791,0.11195508390665054,0.9970588088035583,0.8083166480064392
YKL157W,YMR274C,0,-3.876581,0.11194276064634323,0.9970588088035583,0.8084168434143066
YKR061W,YDR166C,0,-3.8766685,0.11193044483661652,0.9970588088035583,0.8085170388221741
YDL033C,YMR012W,0,-3.8774211,0.1119181215763092,0.9970588088035583,0.8086172342300415
YNL212W,YDL044C,0,-3.8774304,0.11190581321716309,0.9970588088035583,0.8087174296379089
YCL051W,YPL175W,0,-3.8775613,0.11189349740743637,0.9970588088035583,0.8088176250457764
YOL110W,YMR059W,0,-3.87802,0.11188118904829025,0.9970588088035583,0.8089178204536438
YFL004W,YHL031C,0,-3.8780384,0.11186888068914413,0.9970588088035583,0.8090180158615112
YMR079W,YIL036W,0,-3.8782353,0.11185657978057861,0.9970588088035583,0.8091182112693787
YBL090W,YMR275C,0,-3.878466,0.11184427887201309,0.9970588088035583,0.8092184662818909
YLR038C,YLR417W,0,-3.8785129,0.11183197796344757,0.9970588088035583,0.8093186616897583
YIL091C,YGL047W,0,-3.8785965,0.11181968450546265,0.9970588088035583,0.8094188570976257
YDR422C,YML072C,0,-3.8786337,0.11180739104747772,0.9970588088035583,0.8095190525054932
YJR160C,YML116W,0,-3.8787808,0.1117950975894928,0.9970588088035583,0.8096192479133606
YHL006C,YDL010W,0,-3.8790715,0.11178281158208847,0.9970588088035583,0.809719443321228
YPL189W,YJL170C,0,-3.8790855,0.11177052557468414,0.9970588088035583,0.8098196387290955
YBR214W,YLR343W,0,-3.8793385,0.11175823956727982,0.9970588088035583,0.8099198341369629
YDL200C,YKR042W,0,-3.8795328,0.11174596101045609,0.9970588088035583,0.8100200295448303
YNL094W,YHR128W,0,-3.879674,0.11173368245363235,0.9970588088035583,0.8101202249526978
YPL123C,YDR381W,0,-3.8798566,0.11172141134738922,0.9970588088035583,0.8102204203605652
YDR291W,YMR251W-A,0,-3.8801875,0.11170914024114609,0.9970588088035583,0.8103206157684326
YPL130W,YOR197W,0,-3.8804193,0.11169686913490295,0.9970588088035583,0.8104208707809448
YER007W,YIR036C,0,-3.8810592,0.11168460547924042,0.9970588088035583,0.8105210661888123
YIL168W,YIL105C,0,-3.8814998,0.11167234182357788,0.9970588088035583,0.8106212615966797
YLR328W,YOR227W,0,-3.8820233,0.11166007816791534,0.9970588088035583,0.8107214570045471
YFL003C,YLR249W,0,-3.882773,0.1116478219628334,0.9970588088035583,0.8108216524124146
YJL121C,YGR161C,0,-3.8829799,0.11163556575775146,0.9970588088035583,0.810921847820282
YDL110C,YML064C,0,-3.8832116,0.11162330955266953,0.9970588088035583,0.8110220432281494
YPL220W,YOR003W,0,-3.8836272,0.11161106079816818,0.9970588088035583,0.8111222386360168
YPR161C,YJR058C,0,-3.8842697,0.11159881204366684,0.9970588088035583,0.8112224340438843
YCR106W,YOR095C,0,-3.884666,0.1115865707397461,0.9970588088035583,0.8113226294517517
YBR089C-A,YPR145W,0,-3.8852544,0.11157432943582535,0.9970588088035583,0.8114228248596191
YGL166W,YKR092C,0,-3.8858464,0.1115620881319046,0.9970588088035583,0.8115230202674866
YPL058C,YIL073C,0,-3.8867216,0.11154985427856445,0.9970588088035583,0.8116232752799988
YJR096W,YPL008W,0,-3.886941,0.1115376204252243,0.9970588088035583,0.8117234706878662
YHR003C,YCR094W,0,-3.887228,0.11152538657188416,0.9970588088035583,0.8118236660957336
YGL234W,YOR284W,0,-3.8876061,0.1115131601691246,0.9970588088035583,0.8119238615036011
YHR136C,YKL012W,0,-3.8881903,0.11150093376636505,0.9970588088035583,0.8120240569114685
YOL157C,YJR077C,0,-3.8882265,0.1114887073636055,0.9970588088035583,0.8121242523193359
YMR118C,YHR009C,0,-3.88835,0.11147648841142654,0.9970588088035583,0.8122244477272034
YNR051C,YHR080C,0,-3.8893137,0.11146426945924759,0.9970588088035583,0.8123246431350708
YGL100W,YOR228C,0,-3.8893895,0.11145205795764923,0.9970588088035583,0.8124248385429382
YLR165C,YLR145W,1,-3.889481,0.11154942214488983,0.998039186000824,0.8124248385429382
YNL146W,YPL155C,0,-3.8894873,0.11153719574213028,0.998039186000824,0.8125250339508057
YBR102C,YDR519W,0,-3.8895085,0.11152497678995132,0.998039186000824,0.8126252293586731
YDR092W,YPR175W,0,-3.8896608,0.11151275783777237,0.998039186000824,0.8127254247665405
YBR035C,YHR107C,0,-3.8901343,0.11150054633617401,0.998039186000824,0.8128256797790527
YNL257C,YHR028C,0,-3.890705,0.11148833483457565,0.998039186000824,0.8129258751869202
YNL329C,YER062C,0,-3.8907852,0.11147613078355789,0.998039186000824,0.8130260705947876
YMR256C,YHR216W,0,-3.890985,0.11146391928195953,0.998039186000824,0.813126266002655
YLR292C,YEL001C,0,-3.8916948,0.11145171523094177,0.998039186000824,0.8132264614105225
YDR012W,YBR008C,0,-3.8917923,0.11143951863050461,0.998039186000824,0.8133266568183899
YBR204C,YGR278W,0,-3.8918462,0.11142732203006744,0.998039186000824,0.8134268522262573
YNL003C,YOR250C,0,-3.892447,0.11141512542963028,0.998039186000824,0.8135270476341248
YML085C,YCL048W,0,-3.8927565,0.11140293627977371,0.998039186000824,0.8136272430419922
YLL018C,YBR299W,0,-3.8929617,0.11139073967933655,0.998039186000824,0.8137274384498596
YDR005C,YMR058W,0,-3.8929987,0.11137855798006058,0.998039186000824,0.813827633857727
YEL024W,YJR066W,0,-3.893103,0.11136636883020401,0.998039186000824,0.8139278292655945
YOR360C,YER031C,0,-3.8932586,0.11135418713092804,0.998039186000824,0.8140280842781067
YGR212W,YNR007C,0,-3.8933516,0.11134201288223267,0.998039186000824,0.8141282796859741
YGL038C,YOL137W,0,-3.893632,0.1113298311829567,0.998039186000824,0.8142284750938416
YNL270C,YPL016W,0,-3.8937206,0.11131765693426132,0.998039186000824,0.814328670501709
YBL006C,YPR156C,0,-3.8939462,0.11130549013614655,0.998039186000824,0.8144288659095764
YMR079W,YER106W,0,-3.8944592,0.11129332333803177,0.998039186000824,0.8145290613174438
YHR014W,YPL224C,0,-3.8944933,0.11128115653991699,0.998039186000824,0.8146292567253113
YNR030W,YKL005C,0,-3.8945932,0.11126898974180222,0.998039186000824,0.8147294521331787
YGR087C,YDR206W,0,-3.8948512,0.11125683039426804,0.998039186000824,0.8148296475410461
YDL104C,YLR128W,0,-3.895599,0.11124467104673386,0.998039186000824,0.8149298429489136
YIL069C,YLR107W,1,-3.8956456,0.11134178191423416,0.9990196228027344,0.8149298429489136
YGL111W,YOR267C,0,-3.8956742,0.11132961511611938,0.9990196228027344,0.815030038356781
YHR001W,YPL143W,0,-3.8957086,0.1113174557685852,0.9990196228027344,0.8151302337646484
YIL052C,YOL113W,0,-3.8957405,0.11130529642105103,0.9990196228027344,0.8152304887771606
YMR017W,YGL127C,0,-3.8960457,0.11129314452409744,0.9990196228027344,0.8153306841850281
YHL019C,YPL156C,0,-3.8960795,0.11128098517656326,0.9990196228027344,0.8154308795928955
YPL057C,YLR067C,0,-3.8962889,0.11126883327960968,0.9990196228027344,0.8155310750007629
YFR007W,YGL181W,0,-3.8965018,0.1112566888332367,0.9990196228027344,0.8156312704086304
YMR261C,YCL063W,0,-3.8965716,0.11124454438686371,0.9990196228027344,0.8157314658164978
YHR190W,YLR292C,0,-3.8970623,0.11123239994049072,0.9990196228027344,0.8158316612243652
YIR022W,YPL153C,0,-3.8971047,0.11122025549411774,0.9990196228027344,0.8159318566322327
YAL007C,YPL160W,0,-3.897224,0.11120811849832535,0.9990196228027344,0.8160320520401001
YOR172W,YCL038C,0,-3.897397,0.11119598150253296,0.9990196228027344,0.8161322474479675
YDR484W,YJL076W,0,-3.897488,0.11118385195732117,0.9990196228027344,0.816232442855835
YBL080C,YHR207C,0,-3.8976889,0.11117172241210938,0.9990196228027344,0.8163326382637024
YLR142W,YER083C,0,-3.8986008,0.11115959286689758,0.9990196228027344,0.8164328932762146
YMR068W,YKR058W,0,-3.8990564,0.11114747077226639,0.9990196228027344,0.816533088684082
YNL329C,YDR041W,0,-3.900045,0.11113534867763519,0.9990196228027344,0.8166332840919495
YPL095C,YPL081W,0,-3.9001374,0.111123226583004,0.9990196228027344,0.8167334794998169
YER164W,YLR054C,0,-3.9001982,0.1111111119389534,0.9990196228027344,0.8168336749076843
YKL197C,YDR385W,0,-3.9005992,0.1110989972949028,0.9990196228027344,0.8169338703155518
YLR283W,YIL106W,0,-3.9008071,0.1110868826508522,0.9990196228027344,0.8170340657234192
YDL193W,YDL185W,0,-3.901256,0.1110747754573822,0.9990196228027344,0.8171342611312866
YGR065C,YKL108W,0,-3.902071,0.1110626682639122,0.9990196228027344,0.817234456539154
YOR316C,YNL311C,0,-3.902121,0.1110505685210228,0.9990196228027344,0.8173346519470215
YHR018C,YER078C,0,-3.902442,0.11103846877813339,0.9990196228027344,0.8174348473548889
YDR406W,YDL212W,0,-3.902719,0.11102636903524399,0.9990196228027344,0.8175350427627563
YLR054C,YJR144W,0,-3.9029894,0.11101426929235458,0.9990196228027344,0.8176352977752686
YDR513W,YPL153C,0,-3.9031186,0.11100217700004578,0.9990196228027344,0.817735493183136
YDR358W,YDL080C,0,-3.9031959,0.11099008470773697,0.9990196228027344,0.8178356885910034
YGL187C,YDR469W,0,-3.9035034,0.11097799986600876,0.9990196228027344,0.8179358839988708
YJR131W,YLR096W,0,-3.9036074,0.11096591502428055,0.9990196228027344,0.8180360794067383
YDL239C,YLR277C,0,-3.9037805,0.11095383018255234,0.9990196228027344,0.8181362748146057
YBL063W,YJL106W,0,-3.903941,0.11094175279140472,0.9990196228027344,0.8182364702224731
YOL003C,YDR314C,0,-3.9050894,0.11092967540025711,0.9990196228027344,0.8183366656303406
YJR044C,YOL011W,0,-3.9051714,0.1109175980091095,0.9990196228027344,0.818436861038208
YGR124W,YBR070C,0,-3.9052887,0.11090552806854248,0.9990196228027344,0.8185370564460754
YDR012W,YMR134W,0,-3.9053617,0.11089345812797546,0.9990196228027344,0.8186372518539429
YIL039W,YFR050C,0,-3.9054012,0.11088139563798904,0.9990196228027344,0.8187374472618103
YEL048C,YDR105C,0,-3.9061477,0.11086932569742203,0.9990196228027344,0.8188377022743225
YKL176C,YNL287W,0,-3.906491,0.1108572706580162,0.9990196228027344,0.8189378976821899
YLR466W,YKL149C,0,-3.9069648,0.11084520816802979,0.9990196228027344,0.8190380930900574
YJL100W,YFR003C,0,-3.9071562,0.11083315312862396,0.9990196228027344,0.8191382884979248
YIL049W,YOR266W,0,-3.9078097,0.11082109808921814,0.9990196228027344,0.8192384839057922
YER056C-A,YCL039W,0,-3.907855,0.11080905050039291,0.9990196228027344,0.8193386793136597
YBR302C,YKL052C,0,-3.908329,0.11079699546098709,0.9990196228027344,0.8194388747215271
YIL173W,YGL250W,0,-3.9084177,0.11078495532274246,0.9990196228027344,0.8195390701293945
YLR371W,YLR052W,0,-3.9085493,0.11077290773391724,0.9990196228027344,0.819639265537262
YLR039C,YMR030W,0,-3.9087524,0.11076086759567261,0.9990196228027344,0.8197394609451294
YNR036C,YAL011W,0,-3.9088907,0.11074883490800858,0.9990196228027344,0.8198396563529968
YGL017W,YDL072C,0,-3.9094043,0.11073679476976395,0.9990196228027344,0.8199398517608643
YDR169C,YGR001C,0,-3.909431,0.11072476208209991,0.9990196228027344,0.8200401067733765
YMR164C,YPL148C,0,-3.9104009,0.11071273684501648,0.9990196228027344,0.8201403021812439
YPR106W,YNL081C,0,-3.9107127,0.11070070415735245,0.9990196228027344,0.8202404975891113
YKL065C,YDR480W,0,-3.9107327,0.11068867892026901,0.9990196228027344,0.8203406929969788
YER119C,YBR159W,0,-3.9108114,0.11067666113376617,0.9990196228027344,0.8204408884048462
YJL104W,YDR438W,0,-3.9108691,0.11066463589668274,0.9990196228027344,0.8205410838127136
YPR055W,YLR277C,0,-3.9108777,0.1106526255607605,0.9990196228027344,0.820641279220581
YGR163W,YPR151C,0,-3.9110289,0.11064060777425766,0.9990196228027344,0.8207414746284485
YPR032W,YLR126C,0,-3.91114,0.11062859743833542,0.9990196228027344,0.8208416700363159
YBR086C,YKR085C,0,-3.9113302,0.11061658710241318,0.9990196228027344,0.8209418654441833
YDL099W,YPR008W,0,-3.9119074,0.11060457676649094,0.9990196228027344,0.8210420608520508
YMR316W,YDR040C,0,-3.9119823,0.11059257388114929,0.9990196228027344,0.8211422562599182
YHR104W,YDR160W,0,-3.9121647,0.11058057844638824,0.9990196228027344,0.8212425112724304
YOR328W,YNL069C,0,-3.9126315,0.1105685755610466,0.9990196228027344,0.8213427066802979
YLR292C,YFL025C,0,-3.9126716,0.11055658012628555,0.9990196228027344,0.8214429020881653
YER142C,YER033C,0,-3.9129648,0.1105445846915245,0.9990196228027344,0.8215430974960327
YKL173W,YDR487C,0,-3.9129734,0.11053259670734406,0.9990196228027344,0.8216432929039001
YIL154C,YOR357C,0,-3.913639,0.1105206087231636,0.9990196228027344,0.8217434883117676
YNL181W,YJR086W,0,-3.9136755,0.11050862073898315,0.9990196228027344,0.821843683719635
YHR181W,YGR253C,0,-3.914143,0.1104966402053833,0.9990196228027344,0.8219438791275024
YDR273W,YDR298C,0,-3.9143536,0.11048465967178345,0.9990196228027344,0.8220440745353699
YKL148C,YIR010W,0,-3.9144664,0.1104726791381836,0.9990196228027344,0.8221442699432373
YOR228C,YGR220C,0,-3.9146218,0.11046070605516434,0.9990196228027344,0.8222444653511047
YJL093C,YDR398W,0,-3.9148793,0.11044873297214508,0.9990196228027344,0.8223446607589722
YOR156C,YER027C,0,-3.915589,0.11043675988912582,0.9990196228027344,0.8224449157714844
YLR099C,YOL072W,0,-3.9162254,0.11042479425668716,0.9990196228027344,0.8225451111793518
YER072W,YNL115C,0,-3.916613,0.1104128286242485,0.9990196228027344,0.8226453065872192
YOR018W,YOR332W,0,-3.9168987,0.11040087044239044,0.9990196228027344,0.8227455019950867
YNL251C,YML054C,0,-3.9169128,0.11038890480995178,0.9990196228027344,0.8228456974029541
YOR059C,YER176W,0,-3.9169898,0.11037694662809372,0.9990196228027344,0.8229458928108215
YJL104W,YHL038C,0,-3.9171154,0.11036499589681625,0.9990196228027344,0.823046088218689
YNL111C,YIL153W,0,-3.917467,0.11035304516553879,0.9990196228027344,0.8231462836265564
YMR224C,YPR029C,0,-3.9179988,0.11034109443426132,0.9990196228027344,0.8232464790344238
YER179W,YPL265W,0,-3.9188092,0.11032914370298386,0.9990196228027344,0.8233466744422913
YAL028W,YMR230W,0,-3.9188795,0.11031720042228699,0.9990196228027344,0.8234468698501587
YDL185W,YAL014C,0,-3.9192348,0.11030526459217072,0.9990196228027344,0.8235470652580261
YMR158W,YOR132W,0,-3.919264,0.11029332131147385,0.9990196228027344,0.8236473202705383
YOR175C,YHR142W,0,-3.9192863,0.11028138548135757,0.9990196228027344,0.8237475156784058
YOR196C,YMR199W,0,-3.9208317,0.1102694496512413,0.9990196228027344,0.8238477110862732
YJL145W,YDR273W,0,-3.9212813,0.11025752127170563,0.9990196228027344,0.8239479064941406
YDR129C,YLL011W,0,-3.9215944,0.11024559289216995,0.9990196228027344,0.8240481019020081
YGR287C,YPL186C,0,-3.9221792,0.11023366451263428,0.9990196228027344,0.8241482973098755
YJR054W,YOL044W,0,-3.9229374,0.1102217435836792,0.9990196228027344,0.8242484927177429
YDR031W,YBR152W,0,-3.9238892,0.11020982265472412,0.9990196228027344,0.8243486881256104
YBR234C,YLR200W,0,-3.9239943,0.11019790172576904,0.9990196228027344,0.8244488835334778
YGR046W,YHR107C,0,-3.9241896,0.11018598824739456,0.9990196228027344,0.8245490789413452
YJL091C,YMR285C,0,-3.9242969,0.11017407476902008,0.9990196228027344,0.8246492743492126
YDR358W,YEL004W,0,-3.924485,0.1101621612906456,0.9990196228027344,0.8247494697570801
YBL054W,YNL183C,0,-3.9245458,0.11015025526285172,0.9990196228027344,0.8248497247695923
YLL052C,YOR315W,0,-3.9246078,0.11013834923505783,0.9990196228027344,0.8249499201774597
YOR059C,YDR343C,0,-3.9246287,0.11012644320726395,0.9990196228027344,0.8250501155853271
YJR160C,YPR028W,0,-3.924904,0.11011454463005066,0.9990196228027344,0.8251503109931946
YKL054C,YJR109C,0,-3.925023,0.11010264605283737,0.9990196228027344,0.825250506401062
YOL013C,YOL138C,0,-3.9251072,0.11009075492620468,0.9990196228027344,0.8253507018089294
YLR014C,YHR096C,0,-3.926004,0.1100788563489914,0.9990196228027344,0.8254508972167969
YMR053C,YPR140W,0,-3.9260883,0.1100669726729393,0.9990196228027344,0.8255510926246643
YNR001C,YKL045W,0,-3.9261892,0.11005508154630661,0.9990196228027344,0.8256512880325317
YDL065C,YAL020C,0,-3.9263544,0.11004319787025452,0.9990196228027344,0.8257514834403992
YDR330W,YLR022C,0,-3.9263558,0.11003131419420242,0.9990196228027344,0.8258516788482666
YNL098C,YNR053C,0,-3.9267464,0.11001943796873093,0.9990196228027344,0.825951874256134
YBL003C,YPR047W,0,-3.9267993,0.11000755429267883,0.9990196228027344,0.8260521292686462
YGL175C,YDR434W,0,-3.9270077,0.10999568551778793,0.9990196228027344,0.8261523246765137
YPL060W,YML038C,0,-3.927248,0.10998380929231644,0.9990196228027344,0.8262525200843811
YNL025C,YGL025C,0,-3.9274511,0.10997194051742554,0.9990196228027344,0.8263527154922485
YLR135W,YDR435C,0,-3.9274783,0.10996007174253464,0.9990196228027344,0.826452910900116
YGR227W,YLR186W,0,-3.927578,0.10994821041822433,0.9990196228027344,0.8265531063079834
YOL075C,YDR160W,0,-3.9286294,0.10993634909391403,0.9990196228027344,0.8266533017158508
YCR020C,YNL257C,0,-3.9291668,0.10992448776960373,0.9990196228027344,0.8267534971237183
YHR148W,YJR104C,0,-3.9292288,0.10991263389587402,0.9990196228027344,0.8268536925315857
YDL143W,YOR360C,0,-3.93007,0.10990078002214432,0.9990196228027344,0.8269538879394531
YOR073W,YPL168W,0,-3.9301662,0.10988892614841461,0.9990196228027344,0.8270540833473206
YJL139C,YGL105W,0,-3.9301949,0.1098770722746849,0.9990196228027344,0.8271543383598328
YMR004W,YCL069W,0,-3.9302764,0.1098652258515358,0.9990196228027344,0.8272545337677002
YLR229C,YJR102C,0,-3.9303107,0.10985338687896729,0.9990196228027344,0.8273547291755676
YDL205C,YNL003C,0,-3.930463,0.10984154045581818,0.9990196228027344,0.8274549245834351
YGL142C,YOR214C,0,-3.9304762,0.10982970148324966,0.9990196228027344,0.8275551199913025
YJL051W,YPL236C,0,-3.930484,0.10981786996126175,0.9990196228027344,0.8276553153991699
YDR039C,YBR065C,0,-3.9307013,0.10980603098869324,0.9990196228027344,0.8277555108070374
YPL189W,YOR035C,0,-3.9308813,0.10979420691728592,0.9990196228027344,0.8278557062149048
YLR406C,YNL183C,0,-3.9310312,0.109782375395298,0.9990196228027344,0.8279559016227722
YGR068C,YMR251W-A,0,-3.9310796,0.10977055132389069,0.9990196228027344,0.8280560970306396
YHR196W,YBR273C,0,-3.9316988,0.10975872725248337,0.9990196228027344,0.8281562924385071
YGR183C,YOR252W,0,-3.9317374,0.10974690318107605,0.9990196228027344,0.8282564878463745
YJR054W,YKR050W,0,-3.9318,0.10973508656024933,0.9990196228027344,0.8283567428588867
YKL208W,YKL034W,0,-3.9318004,0.10972326993942261,0.9990196228027344,0.8284569382667542
YGL093W,YAL028W,0,-3.931942,0.10971145331859589,0.9990196228027344,0.8285571336746216
YOR233W,YOR122C,0,-3.9321234,0.10969964414834976,0.9990196228027344,0.828657329082489
YPR155C,YLL023C,0,-3.93217,0.10968783497810364,0.9990196228027344,0.8287575244903564
YFR044C,YGR003W,0,-3.9326773,0.10967603325843811,0.9990196228027344,0.8288577198982239
YFL002C,YOR208W,0,-3.9328127,0.10966422408819199,0.9990196228027344,0.8289579153060913
YDR485C,YNL101W,0,-3.9330168,0.10965242981910706,0.9990196228027344,0.8290581107139587
YOR179C,YFL044C,0,-3.9334152,0.10964062809944153,0.9990196228027344,0.8291583061218262
YOR332W,YER143W,0,-3.9339995,0.1096288338303566,0.9990196228027344,0.8292585015296936
YER144C,YNL048W,0,-3.9341059,0.10961703956127167,0.9990196228027344,0.829358696937561
YBR050C,YML012W,0,-3.934142,0.10960524529218674,0.9990196228027344,0.8294588923454285
YPL023C,YJL092W,0,-3.9342456,0.1095934584736824,0.9990196228027344,0.8295591473579407
YPL160W,YGR235C,0,-3.934533,0.10958167910575867,0.9990196228027344,0.8296593427658081
YDR534C,YGR166W,0,-3.9348223,0.10956989228725433,0.9990196228027344,0.8297595381736755
YBL037W,YDR377W,0,-3.9348626,0.1095581129193306,0.9990196228027344,0.829859733581543
YLR347C,YKL152C,0,-3.935916,0.10954633355140686,0.9990196228027344,0.8299599289894104
YDL080C,YEL051W,0,-3.9359262,0.10953456163406372,0.9990196228027344,0.8300601243972778
YER153C,YMR283C,0,-3.9359431,0.10952278226613998,0.9990196228027344,0.8301603198051453
YPL046C,YPR164W,0,-3.9369276,0.10951101779937744,0.9990196228027344,0.8302605152130127
YJL102W,YEL042W,0,-3.9375596,0.1094992458820343,0.9990196228027344,0.8303607106208801
YLR079W,YOR347C,0,-3.9375997,0.10948748141527176,0.9990196228027344,0.8304609060287476
YLL022C,YDL113C,0,-3.937991,0.10947571694850922,0.9990196228027344,0.830561101436615
YIL072W,YOR266W,0,-3.9384441,0.10946395993232727,0.9990196228027344,0.8306612968444824
YNL158W,YIL041W,0,-3.9388566,0.10945220291614532,0.9990196228027344,0.8307615518569946
YJR015W,YHR178W,0,-3.939015,0.10944044589996338,0.9990196228027344,0.8308617472648621
YJL083W,YOR079C,0,-3.9393027,0.10942869633436203,0.9990196228027344,0.8309619426727295
YDR169C,YER127W,0,-3.9393225,0.10941694676876068,0.9990196228027344,0.8310621380805969
YBR241C,YJL025W,0,-3.939495,0.10940519720315933,0.9990196228027344,0.8311623334884644
YGL047W,YJR152W,0,-3.9395213,0.10939345508813858,0.9990196228027344,0.8312625288963318
YBL080C,YER094C,0,-3.9402528,0.10938170552253723,0.9990196228027344,0.8313627243041992
YLR089C,YNL190W,0,-3.940878,0.10936997085809708,0.9990196228027344,0.8314629197120667
YMR183C,YGR184C,0,-3.9411957,0.10935822874307632,0.9990196228027344,0.8315631151199341
YBR086C,YPL209C,0,-3.9412389,0.10934649407863617,0.9990196228027344,0.8316633105278015
YDL067C,YOL084W,0,-3.9416742,0.10933476686477661,0.9990196228027344,0.831763505935669
YNL183C,YLR102C,0,-3.9419343,0.10932303220033646,0.9990196228027344,0.8318637013435364
YNR046W,YJL158C,0,-3.9422004,0.1093113049864769,0.9990196228027344,0.8319639563560486
YDR437W,YPL239W,0,-3.9422688,0.10929958522319794,0.9990196228027344,0.832064151763916
YHR170W,YER065C,0,-3.9423215,0.10928785800933838,0.9990196228027344,0.8321643471717834
YPR118W,YJR073C,0,-3.9426107,0.10927613824605942,0.9990196228027344,0.8322645425796509
YDR289C,YKR050W,0,-3.9427593,0.10926441848278046,0.9990196228027344,0.8323647379875183
YCR018C,YCR003W,0,-3.9430351,0.10925270617008209,0.9990196228027344,0.8324649333953857
YIL103W,YAL015C,0,-3.9432013,0.10924099385738373,0.9990196228027344,0.8325651288032532
YMR156C,YFR051C,0,-3.9445214,0.10922928154468536,0.9990196228027344,0.8326653242111206
YPR132W,YDR376W,0,-3.9449224,0.1092175766825676,0.9990196228027344,0.832765519618988
YDR506C,YPL010W,0,-3.9449477,0.10920587182044983,0.9990196228027344,0.8328657150268555
YCR107W,YCR033W,0,-3.945188,0.10919416695833206,0.9990196228027344,0.8329659104347229
YGL166W,YLR466W,0,-3.9454517,0.10918246954679489,0.9990196228027344,0.8330661058425903
YBL060W,YLR225C,0,-3.9455643,0.10917077213525772,0.9990196228027344,0.8331663608551025
YOR205C,YML091C,0,-3.9456801,0.10915908217430115,0.9990196228027344,0.83326655626297
YMR092C,YLR214W,0,-3.9460793,0.10914738476276398,0.9990196228027344,0.8333667516708374
YHR160C,YIL123W,0,-3.9460835,0.1091356948018074,0.9990196228027344,0.8334669470787048
YBL090W,YLR118C,0,-3.9474864,0.10912401229143143,0.9990196228027344,0.8335671424865723
YLR260W,YPR010C,0,-3.9476075,0.10911232233047485,0.9990196228027344,0.8336673378944397
YJR108W,YIL066C,0,-3.9476428,0.10910063982009888,0.9990196228027344,0.8337675333023071
YBR201W,YLL048C,0,-3.9478197,0.1090889647603035,0.9990196228027344,0.8338677287101746
YOR329C,YPR028W,0,-3.9481013,0.10907728224992752,0.9990196228027344,0.833967924118042
YGL061C,YOR153W,0,-3.948364,0.10906560719013214,0.9990196228027344,0.8340681195259094
YOL013C,YDR331W,0,-3.9484134,0.10905393958091736,0.9990196228027344,0.8341683149337769
YKL220C,YKR013W,0,-3.948595,0.10904227197170258,0.9990196228027344,0.8342685103416443
YPL059W,YKL054C,0,-3.9487197,0.10903060436248779,0.9990196228027344,0.8343687653541565
YOR076C,YER033C,0,-3.9488425,0.10901893675327301,0.9990196228027344,0.8344689607620239
YKL052C,YOR096W,0,-3.9488559,0.10900727659463882,0.9990196228027344,0.8345691561698914
YOR383C,YLR134W,0,-3.949201,0.10899561643600464,0.9990196228027344,0.8346693515777588
YPL053C,YOL084W,0,-3.9496856,0.10898395627737045,0.9990196228027344,0.8347695469856262
YLR193C,YGR038W,0,-3.9511142,0.10897230356931686,0.9990196228027344,0.8348697423934937
YPR017C,YAL061W,0,-3.951571,0.10896065086126328,0.9990196228027344,0.8349699378013611
YPR121W,YJR009C,0,-3.95172,0.10894899815320969,0.9990196228027344,0.8350701332092285
YNL322C,YGR262C,0,-3.951839,0.1089373528957367,0.9990196228027344,0.835170328617096
YMR235C,YNL098C,0,-3.9522243,0.1089257076382637,0.9990196228027344,0.8352705240249634
YBR215W,YCR071C,0,-3.952372,0.10891406238079071,0.9990196228027344,0.8353707194328308
YEL005C,YMR205C,0,-3.9523892,0.10890242457389832,0.9990196228027344,0.8354709148406982
YER173W,YLR064W,0,-3.953051,0.10889078676700592,0.9990196228027344,0.8355711698532104
YBR193C,YHR043C,0,-3.9531379,0.10887915641069412,0.9990196228027344,0.8356713652610779
YKL052C,YLL023C,0,-3.953277,0.10886751860380173,0.9990196228027344,0.8357715606689453
YFR008W,YKR013W,0,-3.9538488,0.10885588824748993,0.9990196228027344,0.8358717560768127
YDR169C,YEL004W,0,-3.9544675,0.10884426534175873,0.9990196228027344,0.8359719514846802
YJR090C,YOR267C,0,-3.9546905,0.10883264243602753,0.9990196228027344,0.8360721468925476
YPL001W,YER058W,0,-3.95476,0.10882101953029633,0.9990196228027344,0.836172342300415
YCR010C,YOL008W,0,-3.9547741,0.10880939662456512,0.9990196228027344,0.8362725377082825
YNL279W,YNL186W,0,-3.9552853,0.10879778116941452,0.9990196228027344,0.8363727331161499
YBL102W,YNL132W,0,-3.955314,0.10878616571426392,0.9990196228027344,0.8364729285240173
YBR181C,YOR044W,0,-3.9565036,0.10877455025911331,0.9990196228027344,0.8365731239318848
YGR083C,YPL024W,0,-3.956645,0.1087629422545433,0.9990196228027344,0.8366733193397522
YOL042W,YML131W,0,-3.95674,0.1087513342499733,0.9990196228027344,0.8367735743522644
YOR100C,YDR503C,0,-3.9569535,0.10873972624540329,0.9990196228027344,0.8368737697601318
YGL238W,YPL152W,0,-3.9575338,0.10872812569141388,0.9990196228027344,0.8369739651679993
YDL160C,YNL005C,0,-3.9580972,0.10871652513742447,0.9990196228027344,0.8370741605758667
YJR014W,YDR268W,0,-3.9581583,0.10870493203401566,0.9990196228027344,0.8371743559837341
YMR275C,YEL047C,0,-3.9586616,0.10869333148002625,0.9990196228027344,0.8372745513916016
YNR033W,YLL021W,0,-3.9589524,0.10868173837661743,0.9990196228027344,0.837374746799469
YPL175W,YDR221W,0,-3.95935,0.10867015272378922,0.9990196228027344,0.8374749422073364
YLR027C,YJL042W,0,-3.9596186,0.1086585596203804,0.9990196228027344,0.8375751376152039
YPL149W,YGL121C,0,-3.9598808,0.10864697396755219,0.9990196228027344,0.8376753330230713
YLR003C,YNL036W,0,-3.9601722,0.10863539576530457,0.9990196228027344,0.8377755284309387
YDR291W,YDR099W,0,-3.9615521,0.10862381756305695,0.9990196228027344,0.8378757238388062
YLR337C,YAR050W,0,-3.9616241,0.10861223936080933,0.9990196228027344,0.8379759788513184
YBL045C,YGL077C,0,-3.9621377,0.1086006611585617,0.9990196228027344,0.8380761742591858
YOR256C,YER091C,0,-3.9625096,0.10858909040689468,0.9990196228027344,0.8381763696670532
YKR052C,YIL123W,0,-3.9627357,0.10857751965522766,0.9990196228027344,0.8382765650749207
YKL065C,YPL269W,0,-3.9633093,0.10856594890356064,0.9990196228027344,0.8383767604827881
YDL025C,YOR003W,0,-3.963337,0.10855438560247421,0.9990196228027344,0.8384769558906555
YPL046C,YGR142W,0,-3.963568,0.10854282230138779,0.9990196228027344,0.838577151298523
YGR209C,YML121W,0,-3.9636688,0.10853125900030136,0.9990196228027344,0.8386773467063904
YFL029C,YAL012W,0,-3.9638567,0.10851970314979553,0.9990196228027344,0.8387775421142578
YHR090C,YHR136C,0,-3.9638891,0.1085081472992897,0.9990196228027344,0.8388777375221252
YIL074C,YHL017W,0,-3.9639082,0.10849659144878387,0.9990196228027344,0.8389779329299927
YDL180W,YER030W,0,-3.9639506,0.10848504304885864,0.9990196228027344,0.8390781283378601
YGL141W,YDR130C,0,-3.9644341,0.10847349464893341,0.9990196228027344,0.8391783833503723
YEL004W,YOL019W,0,-3.9645352,0.10846194624900818,0.9990196228027344,0.8392785787582397
YLR288C,YJL020C,0,-3.964593,0.10845040529966354,0.9990196228027344,0.8393787741661072
YFL056C,YDR046C,0,-3.964905,0.10843886435031891,0.9990196228027344,0.8394789695739746
YIR021W,YGL044C,0,-3.9651392,0.10842732340097427,0.9990196228027344,0.839579164981842
YOR151C,YER058W,0,-3.9651735,0.10841578990221024,0.9990196228027344,0.8396793603897095
YCL051W,YNR047W,0,-3.965538,0.1084042564034462,0.9990196228027344,0.8397795557975769
YFR040W,YOL002C,0,-3.9666324,0.10839272290468216,0.9990196228027344,0.8398797512054443
YDR297W,YCR042C,0,-3.9667482,0.10838119685649872,0.9990196228027344,0.8399799466133118
YOL013C,YLR439W,0,-3.9667673,0.10836967080831528,0.9990196228027344,0.8400801420211792
YLR411W,YHR115C,0,-3.9668522,0.10835814476013184,0.9990196228027344,0.8401803374290466
YOR049C,YGL226W,0,-3.9672203,0.10834662616252899,0.9990196228027344,0.8402805328369141
YPL154C,YLR204W,0,-3.9673722,0.10833510756492615,0.9990196228027344,0.8403807878494263
YMR242C,YPR165W,0,-3.9678743,0.1083235889673233,0.9990196228027344,0.8404809832572937
YML055W,YPR067W,0,-3.9680467,0.10831207782030106,0.9990196228027344,0.8405811786651611
YDR052C,YOR065W,0,-3.968903,0.10830056667327881,0.9990196228027344,0.8406813740730286
YOL109W,YNL116W,0,-3.9689074,0.10828905552625656,0.9990196228027344,0.840781569480896
YKL101W,YKR080W,0,-3.9690928,0.10827754437923431,0.9990196228027344,0.8408817648887634
YLR439W,YHL016C,0,-3.969967,0.10826604068279266,0.9990196228027344,0.8409819602966309
YGR067C,YHR020W,0,-3.9707882,0.10825454443693161,0.9990196228027344,0.8410821557044983
YKL062W,YGL251C,0,-3.9707952,0.10824304074048996,0.9990196228027344,0.8411823511123657
YCR105W,YMR142C,0,-3.9709253,0.1082315444946289,0.9990196228027344,0.8412825465202332
YOR214C,YNR007C,0,-3.9710054,0.10822004824876785,0.9990196228027344,0.8413827419281006
YPL179W,YLR034C,0,-3.9716072,0.1082085594534874,0.9990196228027344,0.841482937335968
YGL222C,YPR004C,0,-3.972332,0.10819707065820694,0.9990196228027344,0.8415831923484802
YPL124W,YAL062W,0,-3.9724045,0.10818558186292648,0.9990196228027344,0.8416833877563477
YPR112C,YOR288C,0,-3.9725213,0.10817410051822662,0.9990196228027344,0.8417835831642151
YCR020C,YPL268W,0,-3.9727907,0.10816261172294617,0.9990196228027344,0.8418837785720825
YNL145W,YPL209C,0,-3.9734268,0.1081511378288269,0.9990196228027344,0.84198397397995
YDR011W,YLR431C,0,-3.9737644,0.10813965648412704,0.9990196228027344,0.8420841693878174
YAL012W,YDR287W,0,-3.9743261,0.10812818259000778,0.9990196228027344,0.8421843647956848
YGL208W,YOR265W,0,-3.9743528,0.10811670869588852,0.9990196228027344,0.8422845602035522
YDR372C,YBR169C,0,-3.974671,0.10810524225234985,0.9990196228027344,0.8423847556114197
YIL101C,YAL058W,0,-3.9748538,0.10809377580881119,0.9990196228027344,0.8424849510192871
YOR022C,YDR519W,0,-3.9748924,0.10808230936527252,0.9990196228027344,0.8425851464271545
YLR044C,YJL045W,0,-3.9749024,0.10807084292173386,0.9990196228027344,0.842685341835022
YLL039C,YDR198C,0,-3.9751627,0.10805938392877579,0.9990196228027344,0.8427855968475342
YDL243C,YOL072W,0,-3.975401,0.10804792493581772,0.9990196228027344,0.8428857922554016
YIL049W,YPR156C,0,-3.9756136,0.10803647339344025,0.9990196228027344,0.842985987663269
YGL187C,YDR398W,0,-3.9756947,0.10802502185106277,0.9990196228027344,0.8430861830711365
YLR381W,YNL051W,0,-3.9757042,0.1080135703086853,0.9990196228027344,0.8431863784790039
YGL039W,YDR532C,0,-3.97576,0.10800211876630783,0.9990196228027344,0.8432865738868713
YNL321W,YDR331W,0,-3.976066,0.10799067467451096,0.9990196228027344,0.8433867692947388
YCR037C,YDL120W,0,-3.976153,0.10797923058271408,0.9990196228027344,0.8434869647026062
YJL219W,YDR257C,0,-3.9766276,0.1079677864909172,0.9990196228027344,0.8435871601104736
YGR215W,YLR178C,0,-3.9770646,0.10795634984970093,0.9990196228027344,0.8436873555183411
YOR198C,YHR019C,0,-3.9775863,0.10794491320848465,0.9990196228027344,0.8437875509262085
YMR022W,YPR201W,0,-3.9776702,0.10793348401784897,0.9990196228027344,0.8438877463340759
YHR027C,YPL258C,0,-3.9786587,0.10792204737663269,0.9990196228027344,0.8439880013465881
YLR133W,YDR495C,0,-3.9787345,0.10791061818599701,0.9990196228027344,0.8440881967544556
YNL083W,YIL065C,0,-3.9792886,0.10789919644594193,0.9990196228027344,0.844188392162323
YLL050C,YMR098C,0,-3.9798365,0.10788777470588684,0.9990196228027344,0.8442885875701904
YIR015W,YDR377W,0,-3.980075,0.10787635296583176,0.9990196228027344,0.8443887829780579
YGL134W,YER133W,0,-3.9803274,0.10786493122577667,0.9990196228027344,0.8444889783859253
YGR080W,YPR052C,0,-3.9805732,0.10785351693630219,0.9990196228027344,0.8445891737937927
YHR003C,YDR427W,0,-3.9805825,0.1078421026468277,0.9990196228027344,0.8446893692016602
YPL234C,YBL101C,0,-3.9812121,0.10783068835735321,0.9990196228027344,0.8447895646095276
YPL001W,YJL115W,0,-3.9818661,0.10781928151845932,0.9990196228027344,0.844889760017395
YER012W,YML127W,0,-3.981913,0.10780787467956543,0.9990196228027344,0.8449899554252625
YBL047C,YDR111C,0,-3.9823384,0.10779646784067154,0.9990196228027344,0.8450901508331299
YBL020W,YPL060W,0,-3.9824653,0.10778506100177765,0.9990196228027344,0.8451904058456421
YJR105W,YER159C,0,-3.982593,0.10777366161346436,0.9990196228027344,0.8452906012535095
YNL322C,YOR035C,0,-3.9826374,0.10776226967573166,0.9990196228027344,0.845390796661377
YLR327C,YHR210C,0,-3.9827826,0.10775087028741837,0.9990196228027344,0.8454909920692444
YBR229C,YDR239C,0,-3.9830766,0.10773947834968567,0.9990196228027344,0.8455911874771118
YPL164C,YOR271C,0,-3.9833646,0.10772808641195297,0.9990196228027344,0.8456913828849792
YMR220W,YNL148C,0,-3.9845042,0.10771670192480087,0.9990196228027344,0.8457915782928467
YPR020W,YJL216C,0,-3.9845195,0.10770531743764877,0.9990196228027344,0.8458917737007141
YOL031C,YMR233W,0,-3.9859571,0.10769393295049667,0.9990196228027344,0.8459919691085815
YGL038C,YER123W,0,-3.9860826,0.10768255591392517,0.9990196228027344,0.846092164516449
YOR241W,YGL084C,0,-3.9866228,0.10767117142677307,0.9990196228027344,0.8461923599243164
YCL033C,YHR146W,0,-3.9867089,0.10765980184078217,0.9990196228027344,0.8462926149368286
YBR085W,YML054C,0,-3.9882388,0.10764842480421066,0.9990196228027344,0.846392810344696
YMR083W,YDR341C,0,-3.988918,0.10763705521821976,0.9990196228027344,0.8464930057525635
YFR051C,YIL160C,0,-3.9893093,0.10762568563222885,0.9990196228027344,0.8465932011604309
YDR255C,YDL209C,0,-3.9901128,0.10761432349681854,0.9990196228027344,0.8466933965682983
YJL035C,YJL101C,0,-3.9903421,0.10760295391082764,0.9990196228027344,0.8467935919761658
YMR053C,YBR103W,0,-3.991581,0.10759159177541733,0.9990196228027344,0.8468937873840332
YOR073W,YMR009W,0,-3.9923668,0.10758023709058762,0.9990196228027344,0.8469939827919006
YPR184W,YOL078W,0,-3.9925141,0.1075688824057579,0.9990196228027344,0.8470941781997681
YFL055W,YDL178W,0,-3.9925914,0.10755752772092819,0.9990196228027344,0.8471943736076355
YDL103C,YBR175W,0,-3.9926267,0.10754617303609848,0.9990196228027344,0.8472945690155029
YER144C,YGL020C,0,-3.9927256,0.10753482580184937,0.9990196228027344,0.8473947644233704
YDL046W,YHL002W,0,-3.9927678,0.10752347856760025,0.9990196228027344,0.8474950194358826
YNL310C,YJL210W,0,-3.9930584,0.10751213133335114,0.9990196228027344,0.84759521484375
YDL017W,YOR014W,0,-3.9937196,0.10750079154968262,0.9990196228027344,0.8476954102516174
YGR068C,YDR040C,0,-3.993907,0.1074894517660141,0.9990196228027344,0.8477956056594849
YKL051W,YOR197W,0,-3.99415,0.10747811198234558,0.9990196228027344,0.8478958010673523
YBR296C,YML021C,0,-3.9941766,0.10746677964925766,0.9990196228027344,0.8479959964752197
YDR434W,YPL120W,0,-3.9942274,0.10745544731616974,0.9990196228027344,0.8480961918830872
YGL219C,YHR121W,0,-3.9947612,0.10744411498308182,0.9990196228027344,0.8481963872909546
YOR265W,YNL101W,0,-3.9950356,0.1074327901005745,0.9990196228027344,0.848296582698822
YIL103W,YCL068C,0,-3.9952435,0.10742146521806717,0.9990196228027344,0.8483967781066895
YGL025C,YNL009W,0,-3.9958367,0.10741014033555984,0.9990196228027344,0.8484969735145569
YDR077W,YBR299W,0,-3.996469,0.10739882290363312,0.9990196228027344,0.8485971689224243
YKL048C,YLR138W,0,-3.9971805,0.1073874980211258,0.9990196228027344,0.8486974239349365
YFR031C-A,YLR189C,0,-3.9972882,0.10737618803977966,0.9990196228027344,0.848797619342804
YLR166C,YGL013C,0,-3.997488,0.10736487060785294,0.9990196228027344,0.8488978147506714
YJL042W,YOR207C,0,-3.997668,0.1073535606265068,0.9990196228027344,0.8489980101585388
YMR139W,YER001W,0,-3.9978814,0.10734225064516068,0.9990196228027344,0.8490982055664062
YGL144C,YHL002W,0,-3.998177,0.10733094811439514,0.9990196228027344,0.8491984009742737
YLR446W,YDR054C,0,-3.9982722,0.10731964558362961,0.9990196228027344,0.8492985963821411
YAR066W,YLR006C,0,-3.998347,0.10730834305286407,0.9990196228027344,0.8493987917900085
YML034W,YLR178C,0,-3.9989629,0.10729704052209854,0.9990196228027344,0.849498987197876
YEL026W,YDR244W,0,-3.9990094,0.1072857454419136,0.9990196228027344,0.8495991826057434
YBR107C,YBR290W,0,-3.999089,0.10727445036172867,0.9990196228027344,0.8496993780136108
YIL162W,YGL246C,0,-3.9991727,0.10726315528154373,0.9990196228027344,0.8497995734214783
YIL087C,YPR178W,0,-4.000231,0.10725186765193939,0.9990196228027344,0.8498998284339905
YGL124C,YOR069W,0,-4.0002813,0.10724058002233505,0.9990196228027344,0.8500000238418579
YMR021C,YLL010C,0,-4.0004406,0.10722929239273071,0.9990196228027344,0.8501002192497253
YCR098C,YJL069C,0,-4.000591,0.10721801221370697,0.9990196228027344,0.8502004146575928
YBL025W,YJL219W,0,-4.00064,0.10720673203468323,0.9990196228027344,0.8503006100654602
YLR056W,YAL005C,0,-4.000825,0.10719545185565948,0.9990196228027344,0.8504008054733276
YIL038C,YBR199W,0,-4.0011396,0.10718417912721634,0.9990196228027344,0.8505010008811951
YNL322C,YLR226W,0,-4.00172,0.1071729063987732,0.9990196228027344,0.8506011962890625
YML004C,YML086C,0,-4.0018992,0.10716163367033005,0.9990196228027344,0.8507013916969299
YDR276C,YFR006W,0,-4.002063,0.1071503683924675,0.9990196228027344,0.8508015871047974
YHR190W,YOR214C,0,-4.0021324,0.10713910311460495,0.9990196228027344,0.8509017825126648
YML085C,YMR068W,0,-4.0023727,0.1071278378367424,0.9990196228027344,0.8510019779205322
YGR120C,YCL035C,0,-4.002427,0.10711658000946045,0.9990196228027344,0.8511022329330444
YLR304C,YIL015W,0,-4.002713,0.1071053221821785,0.9990196228027344,0.8512024283409119
YML013W,YNL224C,0,-4.003463,0.10709406435489655,0.9990196228027344,0.8513026237487793
YMR118C,YIL093C,0,-4.0040255,0.1070828065276146,0.9990196228027344,0.8514028191566467
YBL013W,YML106W,0,-4.0044136,0.10707155615091324,0.9990196228027344,0.8515030145645142
YKR105C,YNL067W,0,-4.0044327,0.10706030577421188,0.9990196228027344,0.8516032099723816
YDL102W,YDR216W,0,-4.004546,0.10704906284809113,0.9990196228027344,0.851703405380249
YER153C,YBR033W,0,-4.0050178,0.10703781247138977,0.9990196228027344,0.8518036007881165
YNL038W,YFR049W,0,-4.005074,0.10702656954526901,0.9990196228027344,0.8519037961959839
YDR212W,YLR417W,0,-4.00573,0.10701533406972885,0.9990196228027344,0.8520039916038513
YBR153W,YBR299W,0,-4.005838,0.10700409859418869,0.9990196228027344,0.8521041870117188
YPL195W,YLR299W,0,-4.005845,0.10699286311864853,0.9990196228027344,0.8522043824195862
YDR210W,YHR017W,0,-4.0058804,0.10698162764310837,0.9990196228027344,0.8523046374320984
YHR037W,YJL072C,0,-4.006125,0.1069703996181488,0.9990196228027344,0.8524048328399658
YHL003C,YLL006W,0,-4.006708,0.10695917159318924,0.9990196228027344,0.8525050282478333
YHR105W,YKL080W,0,-4.007339,0.10694794356822968,0.9990196228027344,0.8526052236557007
YGR106C,YIL098C,0,-4.007676,0.10693672299385071,0.9990196228027344,0.8527054190635681
YKR052C,YLR210W,0,-4.008327,0.10692549496889114,0.9990196228027344,0.8528056144714355
YKR052C,YOR197W,0,-4.0084233,0.10691428184509277,0.9990196228027344,0.852905809879303
YOR118W,YLR467W,0,-4.008519,0.1069030612707138,0.9990196228027344,0.8530060052871704
YAL034W-A,YCL040W,0,-4.00875,0.10689184814691544,0.9990196228027344,0.8531062006950378
YCR020C,YPR174C,0,-4.008851,0.10688063502311707,0.9990196228027344,0.8532063961029053
YCR020C,YOR293W,0,-4.0089035,0.10686942934989929,0.9990196228027344,0.8533065915107727
YOL011W,YGL104C,0,-4.009625,0.10685822367668152,0.9990196228027344,0.8534067869186401
YMR088C,YBL024W,0,-4.010046,0.10684701800346375,0.9990196228027344,0.8535070419311523
YDR387C,YGR296W,0,-4.010095,0.10683581233024597,0.9990196228027344,0.8536072373390198
YLR099C,YKL113C,0,-4.0106335,0.1068246141076088,0.9990196228027344,0.8537074327468872
YDR039C,YER148W,0,-4.011135,0.10681341588497162,0.9990196228027344,0.8538076281547546
YAL055W,YOL098C,0,-4.011183,0.10680222511291504,0.9990196228027344,0.8539078235626221
YDR483W,YML081W,0,-4.011375,0.10679102689027786,0.9990196228027344,0.8540080189704895
YOR233W,YNL051W,0,-4.0117197,0.10677983611822128,0.9990196228027344,0.8541082143783569
YPR131C,YHR118C,0,-4.0119996,0.1067686527967453,0.9990196228027344,0.8542084097862244
YNR053C,YLR034C,0,-4.0120773,0.10675746202468872,0.9990196228027344,0.8543086051940918
YJR121W,YDR468C,0,-4.0122585,0.10674627870321274,0.9990196228027344,0.8544088006019592
YOL095C,YER063W,0,-4.0122604,0.10673510283231735,0.9990196228027344,0.8545089960098267
YPR131C,YMR278W,0,-4.0127153,0.10672391951084137,0.9990196228027344,0.8546091914176941
YDR246W,YGL245W,0,-4.0128355,0.10671274363994598,0.9990196228027344,0.8547094464302063
YDL239C,YHR020W,0,-4.0129786,0.1067015677690506,0.9990196228027344,0.8548096418380737
YMR217W,YDR342C,0,-4.0130324,0.10669039934873581,0.9990196228027344,0.8549098372459412
YML100W,YBR083W,0,-4.013376,0.10667923092842102,0.9990196228027344,0.8550100326538086
YLR205C,YGR061C,0,-4.0134306,0.10666806250810623,0.9990196228027344,0.855110228061676
YLL039C,YML077W,0,-4.0135612,0.10665689408779144,0.9990196228027344,0.8552104234695435
YGR212W,YPL106C,0,-4.0140414,0.10664573311805725,0.9990196228027344,0.8553106188774109
YNR036C,YDR488C,0,-4.014208,0.10663457214832306,0.9990196228027344,0.8554108142852783
YPL190C,YGL191W,0,-4.0143538,0.10662341862916946,0.9990196228027344,0.8555110096931458
YGL142C,YDR362C,0,-4.01457,0.10661226511001587,0.9990196228027344,0.8556112051010132
YIR021W,YDR466W,0,-4.014811,0.10660111159086227,0.9990196228027344,0.8557114005088806
YGR266W,YLL001W,0,-4.0150194,0.10658995807170868,0.9990196228027344,0.855811595916748
YOL116W,YMR026C,0,-4.0152736,0.10657881200313568,0.9990196228027344,0.8559118509292603
YOR075W,YGR163W,0,-4.015492,0.10656766593456268,0.9990196228027344,0.8560120463371277
YDL066W,YOL052C-A,0,-4.015986,0.10655651986598969,0.9990196228027344,0.8561122417449951
YFL029C,YDR236C,0,-4.0161524,0.10654538124799728,0.9990196228027344,0.8562124371528625
YBR122C,YOL059W,0,-4.0164967,0.10653424263000488,0.9990196228027344,0.85631263256073
YPR023C,YPL045W,0,-4.016561,0.10652310401201248,0.9990196228027344,0.8564128279685974
YIL031W,YOR019W,0,-4.0174336,0.10651196539402008,0.9990196228027344,0.8565130233764648
YER007W,YDR122W,0,-4.017763,0.10650083422660828,0.9990196228027344,0.8566132187843323
YKL125W,YMR086W,0,-4.0181623,0.10648970305919647,0.9990196228027344,0.8567134141921997
YNL233W,YBR058C,0,-4.018172,0.10647857934236526,0.9990196228027344,0.8568136096000671
YKR039W,YDR317W,0,-4.0181775,0.10646745562553406,0.9990196228027344,0.8569138050079346
YBL010C,YKL179C,0,-4.018557,0.10645633190870285,0.9990196228027344,0.857014000415802
YLR092W,YJL111W,0,-4.0189934,0.10644520819187164,0.9990196228027344,0.8571142554283142
YDR534C,YMR236W,0,-4.019168,0.10643409192562103,0.9990196228027344,0.8572144508361816
YNL173C,YDL156W,0,-4.0192995,0.10642297565937042,0.9990196228027344,0.8573146462440491
YGL076C,YNL025C,0,-4.0193367,0.10641185939311981,0.9990196228027344,0.8574148416519165
YGR088W,YDL147W,0,-4.0194297,0.1064007505774498,0.9990196228027344,0.8575150370597839
YLR034C,YML064C,0,-4.0195827,0.10638964176177979,0.9990196228027344,0.8576152324676514
YHR167W,YLR258W,0,-4.02009,0.10637853294610977,0.9990196228027344,0.8577154278755188
YFL016C,YDR177W,0,-4.020339,0.10636743158102036,0.9990196228027344,0.8578156232833862
YMR216C,YJL196C,0,-4.0207047,0.10635633021593094,0.9990196228027344,0.8579158186912537
YIL148W,YAL010C,0,-4.0207987,0.10634522885084152,0.9990196228027344,0.8580160140991211
YOR073W,YMR189W,0,-4.0209527,0.1063341349363327,0.9990196228027344,0.8581162095069885
YPL137C,YAL003W,0,-4.021092,0.10632304102182388,0.9990196228027344,0.858216404914856
YNR032W,YGL135W,0,-4.0213737,0.10631194710731506,0.9990196228027344,0.8583166599273682
YPR096C,YBR159W,0,-4.0216627,0.10630085319280624,0.9990196228027344,0.8584168553352356
YLR283W,YGL224C,0,-4.0226583,0.10628976672887802,0.9990196228027344,0.858517050743103
YNL318C,YNL156C,0,-4.023401,0.1062786802649498,0.9990196228027344,0.8586172461509705
YGL099W,YER020W,0,-4.0236254,0.10626760125160217,0.9990196228027344,0.8587174415588379
YLR272C,YIL050W,0,-4.0237274,0.10625651478767395,0.9990196228027344,0.8588176369667053
YJL102W,YNR048W,0,-4.024212,0.10624543577432632,0.9990196228027344,0.8589178323745728
YJL183W,YBR131W,0,-4.0242243,0.1062343642115593,0.9990196228027344,0.8590180277824402
YML057W,YHR120W,0,-4.024356,0.10622328519821167,0.9990196228027344,0.8591182231903076
YNL272C,YDL067C,0,-4.0245504,0.10621221363544464,0.9990196228027344,0.859218418598175
YBR135W,YIL144W,0,-4.025428,0.10620114952325821,0.9990196228027344,0.8593186140060425
YDR168W,YML120C,0,-4.025547,0.10619007796049118,0.9990196228027344,0.8594188094139099
YLL024C,YKL035W,0,-4.0256596,0.10617901384830475,0.9990196228027344,0.8595190644264221
YNL322C,YDL101C,0,-4.02635,0.10616794973611832,0.9990196228027344,0.8596192598342896
YOR221C,YKL086W,0,-4.026763,0.10615689307451248,0.9990196228027344,0.859719455242157
YJL057C,YOR103C,0,-4.0279303,0.10614583641290665,0.9990196228027344,0.8598196506500244
YGL093W,YDR479C,0,-4.0285163,0.10613477975130081,0.9990196228027344,0.8599198460578918
YBL023C,YIL072W,0,-4.028898,0.10612372308969498,0.9990196228027344,0.8600200414657593
YGL124C,YLR150W,0,-4.0297294,0.10611267387866974,0.9990196228027344,0.8601202368736267
YMR291W,YER041W,0,-4.030184,0.1061016246676445,0.9990196228027344,0.8602204322814941
YOR028C,YDR056C,0,-4.030447,0.10609057545661926,0.9990196228027344,0.8603206276893616
YJL197W,YMR281W,0,-4.0309553,0.10607953369617462,0.9990196228027344,0.860420823097229
YNL325C,YMR197C,0,-4.0325475,0.10606849193572998,0.9990196228027344,0.8605210185050964
YPL115C,YPL049C,0,-4.032915,0.10605745017528534,0.9990196228027344,0.8606212139129639
YOR028C,YGL021W,0,-4.032969,0.1060464158654213,0.9990196228027344,0.8607214689254761
YML023C,YBR298C,0,-4.033339,0.10603538155555725,0.9990196228027344,0.8608216643333435
YBR036C,YBR158W,0,-4.033521,0.1060243472456932,0.9990196228027344,0.8609218597412109
YER144C,YLR205C,0,-4.0335293,0.10601332038640976,0.9990196228027344,0.8610220551490784
YOR231W,YJL123C,0,-4.033596,0.10600228607654572,0.9990196228027344,0.8611222505569458
YDR017C,YER142C,0,-4.0338993,0.10599125921726227,0.9990196228027344,0.8612224459648132
YGL251C,YOR267C,0,-4.0339437,0.10598023980855942,0.9990196228027344,0.8613226413726807
YOR241W,YOR158W,0,-4.034171,0.10596922039985657,0.9990196228027344,0.8614228367805481
YDR171W,YHR115C,0,-4.034445,0.10595820099115372,0.9990196228027344,0.8615230321884155
YLR216C,YGR138C,0,-4.0346947,0.10594718158245087,0.9990196228027344,0.861623227596283
YOR188W,YJR084W,0,-4.0352254,0.10593616962432861,0.9990196228027344,0.8617234230041504
YBL080C,YNL041C,0,-4.0355144,0.10592515766620636,0.9990196228027344,0.8618236184120178
YGL124C,YDR507C,0,-4.0359435,0.1059141457080841,0.9990196228027344,0.86192387342453
YBL013W,YLR099C,0,-4.036225,0.10590314120054245,0.9990196228027344,0.8620240688323975
YBR251W,YKR086W,0,-4.036375,0.1058921366930008,0.9990196228027344,0.8621242642402649
YIL009C-A,YMR017W,0,-4.0367775,0.10588113218545914,0.9990196228027344,0.8622244596481323
YNL005C,YBR085W,0,-4.037355,0.10587012767791748,0.9990196228027344,0.8623246550559998
YFR004W,YNL135C,0,-4.0379515,0.10585913062095642,0.9990196228027344,0.8624248504638672
YBR101C,YDR424C,0,-4.0386825,0.10584813356399536,0.9990196228027344,0.8625250458717346
YIL044C,YKR009C,0,-4.0388637,0.1058371439576149,0.9990196228027344,0.862625241279602
YCL029C,YDR001C,0,-4.039039,0.10582614690065384,0.9990196228027344,0.8627254366874695
YPL269W,YPL176C,0,-4.039682,0.10581515729427338,0.9990196228027344,0.8628256320953369
YIL023C,YMR323W,0,-4.03975,0.10580417513847351,0.9990196228027344,0.8629258275032043
YKL062W,YPL193W,0,-4.040059,0.10579319298267365,0.9990196228027344,0.8630260229110718
YDL240W,YPL170W,0,-4.0411596,0.10578220337629318,0.9990196228027344,0.863126277923584
YMR192W,YDR143C,0,-4.041814,0.10577122867107391,0.9990196228027344,0.8632264733314514
YDR387C,YDL058W,0,-4.041828,0.10576024651527405,0.9990196228027344,0.8633266687393188
YFR010W,YDR214W,0,-4.0423803,0.10574927181005478,0.9990196228027344,0.8634268641471863
YDR032C,YGR262C,0,-4.042794,0.10573829710483551,0.9990196228027344,0.8635270595550537
YOR316C,YDL136W,0,-4.0429516,0.10572732985019684,0.9990196228027344,0.8636272549629211
YDL122W,YIR037W,0,-4.0429754,0.10571636259555817,0.9990196228027344,0.8637274503707886
YLR327C,YMR257C,0,-4.04371,0.1057053953409195,0.9990196228027344,0.863827645778656
YDL134C,YOR373W,0,-4.0438967,0.10569442808628082,0.9990196228027344,0.8639278411865234
YDR121W,YDR018C,0,-4.0442142,0.10568346828222275,0.9990196228027344,0.8640280365943909
YHL007C,YDL113C,0,-4.0445676,0.10567250847816467,0.9990196228027344,0.8641282320022583
YLR194C,YOR086C,0,-4.044992,0.1056615486741066,0.9990196228027344,0.8642284274101257
YPL006W,YDR299W,0,-4.0450234,0.10565059632062912,0.9990196228027344,0.8643286824226379
YIL148W,YLR240W,0,-4.0453205,0.10563964396715164,0.9990196228027344,0.8644288778305054
YPL058C,YJL057C,0,-4.0455728,0.10562869161367416,0.9990196228027344,0.8645290732383728
YPL092W,YGR026W,0,-4.046204,0.10561774671077728,0.9990196228027344,0.8646292686462402
YKL107W,YDR235W,0,-4.046401,0.1056068018078804,0.9990196228027344,0.8647294640541077
YHR086W,YJR123W,0,-4.046657,0.10559585690498352,0.9990196228027344,0.8648296594619751
YIL072W,YLR158C,0,-4.0476623,0.10558491200208664,0.9990196228027344,0.8649298548698425
YMR101C,YML062C,0,-4.04792,0.10557397454977036,0.9990196228027344,0.86503005027771
YGL121C,YPR070W,0,-4.0481205,0.10556303709745407,0.9990196228027344,0.8651302456855774
YHL036W,YIL131C,0,-4.0482955,0.10555209964513779,0.9990196228027344,0.8652304410934448
YLR360W,YDR003W,0,-4.0492535,0.1055411696434021,0.9990196228027344,0.8653306365013123
YPL092W,YEL019C,0,-4.049594,0.10553023964166641,0.9990196228027344,0.8654308915138245
YGL187C,YLR117C,0,-4.0496426,0.10551930963993073,0.9990196228027344,0.8655310869216919
YMR217W,YHR080C,0,-4.0496845,0.10550838708877563,0.9990196228027344,0.8656312823295593
YDR479C,YMR131C,0,-4.0501933,0.10549746453762054,0.9990196228027344,0.8657314777374268
YER179W,YGL246C,0,-4.0506787,0.10548654198646545,0.9990196228027344,0.8658316731452942
YJR045C,YNL207W,0,-4.0510635,0.10547562688589096,0.9990196228027344,0.8659318685531616
YFL041W,YER133W,0,-4.051236,0.10546470433473587,0.9990196228027344,0.866032063961029
YKL081W,YOR065W,0,-4.0514402,0.10545378923416138,0.9990196228027344,0.8661322593688965
YPR037C,YML026C,0,-4.051727,0.10544288158416748,0.9990196228027344,0.8662324547767639
YFL004W,YDR176W,0,-4.051873,0.10543197393417358,0.9990196228027344,0.8663326501846313
YOR076C,YNL007C,0,-4.051996,0.10542106628417969,0.9990196228027344,0.8664328455924988
YKR050W,YLR345W,0,-4.0528297,0.10541015863418579,0.9990196228027344,0.8665330410003662
YER019W,YGL047W,0,-4.0528955,0.10539925843477249,0.9990196228027344,0.8666332960128784
YOR022C,YOR372C,0,-4.0533066,0.10538835823535919,0.9990196228027344,0.8667334914207458
YPL270W,YPR010C,0,-4.0536823,0.10537745803594589,0.9990196228027344,0.8668336868286133
YDR247W,YER146W,0,-4.054123,0.10536655783653259,0.9990196228027344,0.8669338822364807
YNL119W,YMR322C,0,-4.054247,0.10535566508769989,0.9990196228027344,0.8670340776443481
YER177W,YOR036W,0,-4.054302,0.10534477233886719,0.9990196228027344,0.8671342730522156
YAL011W,YOR132W,0,-4.054992,0.10533388704061508,0.9990196228027344,0.867234468460083
YGL249W,YGL128C,0,-4.0553293,0.10532299429178238,0.9990196228027344,0.8673346638679504
YIR031C,YLR134W,0,-4.0555162,0.10531210899353027,0.9990196228027344,0.8674348592758179
YGR211W,YOL044W,0,-4.0556808,0.10530123114585876,0.9990196228027344,0.8675350546836853
YBL037W,YPR114W,0,-4.056837,0.10529034584760666,0.9990196228027344,0.8676352500915527
YFR008W,YPR199C,0,-4.0568385,0.10527946799993515,0.9990196228027344,0.8677354454994202
YMR247C,YER001W,0,-4.056916,0.10526859760284424,0.9990196228027344,0.8678357005119324
YLL022C,YMR197C,0,-4.0573683,0.10525771975517273,0.9990196228027344,0.8679358959197998
YER146W,YLR165C,1,-4.0576696,0.10535013675689697,1.0,0.8679358959197998
YLR092W,YPR100W,0,-4.057876,0.10533925145864487,1.0,0.8680360913276672
YOR120W,YGL129C,0,-4.0579977,0.10532837361097336,1.0,0.8681362867355347
YNL146W,YDR108W,0,-4.0586414,0.10531750321388245,1.0,0.8682364821434021
YHR139C,YNL315C,0,-4.0587177,0.10530662536621094,1.0,0.8683366775512695
YLR166C,YLR275W,0,-4.0598392,0.10529575496912003,1.0,0.868436872959137
YDR435C,YPL226W,0,-4.059866,0.10528489202260971,1.0,0.8685370683670044
YIL117C,YDR375C,0,-4.060274,0.1052740216255188,1.0,0.8686372637748718
YDR450W,YMR256C,0,-4.0604143,0.10526315867900848,1.0,0.8687374591827393
YKR046C,YHR118C,0,-4.0605154,0.10525229573249817,1.0,0.8688376545906067
YCR067C,YDR197W,0,-4.060671,0.10524143278598785,1.0,0.8689378499984741
YLR109W,YPL226W,0,-4.0609674,0.10523057729005814,1.0,0.8690381050109863
YIL084C,YPR054W,0,-4.061095,0.10521972179412842,1.0,0.8691383004188538
YMR105C,YDR531W,0,-4.0611944,0.1052088737487793,1.0,0.8692384958267212
YGR212W,YNL289W,0,-4.0613365,0.10519801825284958,1.0,0.8693386912345886
YBR171W,YNL133C,0,-4.0617533,0.10518717020750046,1.0,0.869438886642456
YGR087C,YOR260W,0,-4.0619354,0.10517632216215134,1.0,0.8695390820503235
YPL156C,YHR073W,0,-4.062644,0.10516548156738281,1.0,0.8696392774581909
YEL039C,YDR021W,0,-4.0634966,0.10515464097261429,1.0,0.8697394728660583
YDR003W,YDL189W,0,-4.0635324,0.10514380037784576,1.0,0.8698396682739258
YER147C,YOR049C,0,-4.0636983,0.10513295978307724,1.0,0.8699398636817932
YKL063C,YBR298C,0,-4.0640683,0.10512212663888931,1.0,0.8700400590896606
YBR200W,YGL187C,0,-4.064465,0.10511129349470139,1.0,0.8701402544975281
YOR149C,YDR043C,0,-4.064911,0.10510046035051346,1.0,0.8702405095100403
YGL219C,YBR254C,0,-4.0656834,0.10508963465690613,1.0,0.8703407049179077
YNL257C,YLR176C,0,-4.067075,0.1050788089632988,1.0,0.8704409003257751
YOR211C,YER099C,0,-4.0671186,0.10506798326969147,1.0,0.8705410957336426
YFR053C,YDR027C,0,-4.0677285,0.10505716502666473,1.0,0.87064129114151
YJR019C,YNR039C,0,-4.0677323,0.105046346783638,1.0,0.8707414865493774
YLR128W,YHR207C,0,-4.0687723,0.10503552854061127,1.0,0.8708416819572449
YJL106W,YKR100C,0,-4.068914,0.10502471029758453,1.0,0.8709418773651123
YAL055W,YKL134C,0,-4.0693254,0.1050138995051384,1.0,0.8710420727729797
YLR377C,YML004C,0,-4.070375,0.10500308871269226,1.0,0.8711422681808472
YIL168W,YKR100C,0,-4.070486,0.10499227792024612,1.0,0.8712424635887146
YKL060C,YHR210C,0,-4.0706873,0.10498147457838058,1.0,0.871342658996582
YKL091C,YAR042W,0,-4.070816,0.10497067123651505,1.0,0.8714429140090942
YGR223C,YER039C,0,-4.0711126,0.1049598678946495,1.0,0.8715431094169617
YJL091C,YOR227W,0,-4.071184,0.10494907200336456,1.0,0.8716433048248291
YAR033W,YNL217W,0,-4.071701,0.10493826866149902,1.0,0.8717435002326965
YDL066W,YMR098C,0,-4.072031,0.10492748022079468,1.0,0.871843695640564
YPL183C,YJR025C,0,-4.07206,0.10491668432950974,1.0,0.8719438910484314
YKL062W,YHR101C,0,-4.0730557,0.10490589588880539,1.0,0.8720440864562988
YNR020C,YIL067C,0,-4.0735555,0.10489510744810104,1.0,0.8721442818641663
YGR249W,YNL148C,0,-4.0738716,0.1048843190073967,1.0,0.8722444772720337
YLR194C,YHR005C,0,-4.073965,0.10487353801727295,1.0,0.8723446726799011
YOR172W,YBR241C,0,-4.073967,0.1048627495765686,1.0,0.8724448680877686
YLL018C,YLL001W,0,-4.0742354,0.10485197603702545,1.0,0.872545063495636
YNL243W,YPR105C,0,-4.0751824,0.1048411950469017,1.0,0.8726453185081482
YDR266C,YMR175W,0,-4.0752754,0.10483042150735855,1.0,0.8727455139160156
YMR226C,YPR025C,0,-4.075719,0.1048196479678154,1.0,0.8728457093238831
YOL071W,YOR252W,0,-4.075862,0.10480887442827225,1.0,0.8729459047317505
YNL046W,YAR042W,0,-4.075908,0.10479810833930969,1.0,0.8730461001396179
YDR141C,YML129C,0,-4.0759916,0.10478734225034714,1.0,0.8731462955474854
YER109C,YML001W,0,-4.0770535,0.10477657616138458,1.0,0.8732464909553528
YGL061C,YDR088C,0,-4.0778813,0.10476581752300262,1.0,0.8733466863632202
YDR011W,YNL197C,0,-4.077889,0.10475505888462067,1.0,0.8734468817710876
YJR059W,YDR273W,0,-4.0782146,0.10474430024623871,1.0,0.8735470771789551
YKL107W,YBL030C,0,-4.078348,0.10473354905843735,1.0,0.8736472725868225
YOR076C,YEL058W,0,-4.079059,0.10472279042005539,1.0,0.8737474679946899
YBR212W,YER072W,0,-4.0798635,0.10471203923225403,1.0,0.8738477230072021
YLR032W,YLR390W-A,0,-4.080131,0.10470129549503326,1.0,0.8739479184150696
YBL064C,YPL255W,0,-4.080146,0.1046905443072319,1.0,0.874048113822937
YDR093W,YBR176W,0,-4.080225,0.10467980057001114,1.0,0.8741483092308044
YBR135W,YIR036C,0,-4.081014,0.10466906428337097,1.0,0.8742485046386719
YER166W,YDR318W,0,-4.081373,0.10465832054615021,1.0,0.8743487000465393
YDL174C,YPL016W,0,-4.081666,0.10464758425951004,1.0,0.8744488954544067
YCL045C,YKR099W,0,-4.083113,0.10463684797286987,1.0,0.8745490908622742
YPR095C,YDL104C,0,-4.0835514,0.1046261191368103,1.0,0.8746492862701416
YDR224C,YIL067C,0,-4.084203,0.10461538285017014,1.0,0.874749481678009
YCR075C,YHR161C,0,-4.0843077,0.10460465401411057,1.0,0.8748496770858765
YPL137C,YOL115W,0,-4.0855145,0.10459393262863159,1.0,0.8749498724937439
YLR377C,YOR307C,0,-4.0855417,0.10458320379257202,1.0,0.8750501275062561
YJL092W,YHR079C-A,0,-4.085863,0.10457248240709305,1.0,0.8751503229141235
YLR188W,YMR015C,0,-4.085879,0.10456176102161407,1.0,0.875250518321991
YIL004C,YLR207W,0,-4.0864,0.1045510470867157,1.0,0.8753507137298584
YMR215W,YDR191W,0,-4.086589,0.10454033315181732,1.0,0.8754509091377258
YML001W,YDR533C,0,-4.0876837,0.10452961921691895,1.0,0.8755511045455933
YOL109W,YLL015W,0,-4.0879245,0.10451890528202057,1.0,0.8756512999534607
YFR004W,YKL194C,0,-4.08958,0.10450819879770279,1.0,0.8757514953613281
YBR168W,YML129C,0,-4.0899644,0.10449749231338501,1.0,0.8758516907691956
YIL070C,YDL085W,0,-4.0900784,0.10448678582906723,1.0,0.875951886177063
YLR274W,YLR216C,0,-4.090262,0.10447608679533005,1.0,0.8760520815849304
YKL209C,YIL120W,0,-4.0908275,0.10446538031101227,1.0,0.8761522769927979
YLR382C,YDR040C,0,-4.0913286,0.10445468872785568,1.0,0.8762525320053101
YHR139C,YBR073W,0,-4.091648,0.1044439896941185,1.0,0.8763527274131775
YBL091C,YMR017W,0,-4.092081,0.10443329811096191,1.0,0.8764529228210449
YDR308C,YCR097W,0,-4.0922623,0.10442260652780533,1.0,0.8765531182289124
YMR311C,YDR545W,0,-4.0926423,0.10441191494464874,1.0,0.8766533136367798
YBL090W,YOR221C,0,-4.092744,0.10440123081207275,1.0,0.8767535090446472
YBR016W,YOR095C,0,-4.093262,0.10439054667949677,1.0,0.8768537044525146
YGR004W,YBR207W,0,-4.0933313,0.10437986254692078,1.0,0.8769538998603821
YNR019W,YBR279W,0,-4.093412,0.10436917841434479,1.0,0.8770540952682495
YLR154C,YCR005C,0,-4.094062,0.1043585017323494,1.0,0.8771542906761169
YER042W,YDL223C,0,-4.094168,0.104347825050354,1.0,0.8772544860839844
YML024W,YHL040C,0,-4.0949607,0.10433715581893921,1.0,0.8773546814918518
YDL018C,YER028C,0,-4.095274,0.10432647913694382,1.0,0.877454936504364
YNL293W,YLR015W,0,-4.0953283,0.10431580990552902,1.0,0.8775551319122314
YLR079W,YDR091C,0,-4.09538,0.10430514067411423,1.0,0.8776553273200989
YLR284C,YDR346C,0,-4.095522,0.10429447889328003,1.0,0.8777555227279663
YBL047C,YKL069W,0,-4.095654,0.10428381711244583,1.0,0.8778557181358337
YDR536W,YKR087C,0,-4.0957794,0.10427315533161163,1.0,0.8779559135437012
YKL146W,YGL155W,0,-4.096245,0.10426249355077744,1.0,0.8780561089515686
YPL192C,YAL061W,0,-4.096547,0.10425183922052383,1.0,0.878156304359436
YLR352W,YDL139C,0,-4.0974207,0.10424118489027023,1.0,0.8782564997673035
YDR150W,YLR239C,0,-4.097764,0.10423053056001663,1.0,0.8783566951751709
YMR302C,YCR044C,0,-4.0977707,0.10421988368034363,1.0,0.8784568905830383
YIR012W,YCR102C,0,-4.0983753,0.10420923680067062,1.0,0.8785570859909058
YGR026W,YPL012W,0,-4.0986323,0.10419858992099762,1.0,0.878657341003418
YML048W,YLR343W,0,-4.0987983,0.10418795049190521,1.0,0.8787575364112854
YIL040W,YJR052W,0,-4.0997214,0.10417730361223221,1.0,0.8788577318191528
YJL186W,YLR260W,0,-4.1000233,0.1041666641831398,1.0,0.8789579272270203
YEL063C,YGL104C,0,-4.1000843,0.10415603220462799,1.0,0.8790581226348877
YOR172W,YCR010C,0,-4.100278,0.10414539277553558,1.0,0.8791583180427551
YGR059W,YPL018W,0,-4.1006894,0.10413476079702377,1.0,0.8792585134506226
YML114C,YJL139C,0,-4.1008916,0.10412412881851196,1.0,0.87935870885849
YNL329C,YOL058W,0,-4.1014857,0.10411350429058075,1.0,0.8794589042663574
YLR194C,YJL063C,0,-4.1015964,0.10410287976264954,1.0,0.8795590996742249
YBR122C,YMR162C,0,-4.1018667,0.10409225523471832,1.0,0.8796592950820923
YBR199W,YIL171W,0,-4.102095,0.10408163070678711,1.0,0.8797594904899597
YBR200W,YAL056W,0,-4.1026535,0.10407101362943649,1.0,0.8798597455024719
YJR109C,YCR071C,0,-4.103423,0.10406039655208588,1.0,0.8799599409103394
YDR307W,YNL265C,0,-4.1041145,0.10404977947473526,1.0,0.8800601363182068
YBL002W,YHR115C,0,-4.1042666,0.10403916984796524,1.0,0.8801603317260742
YNL310C,YCR081W,0,-4.1045313,0.10402856022119522,1.0,0.8802605271339417
YKL196C,YBR218C,0,-4.1054697,0.1040179505944252,1.0,0.8803607225418091
YPR005C,YDR289C,0,-4.1059628,0.10400734096765518,1.0,0.8804609179496765
YOR316C,YBR065C,0,-4.1061454,0.10399673879146576,1.0,0.880561113357544
YNL329C,YEL027W,0,-4.106169,0.10398613661527634,1.0,0.8806613087654114
YBR302C,YOR044W,0,-4.107218,0.10397553443908691,1.0,0.8807615041732788
YCR010C,YLR328W,0,-4.107317,0.10396493971347809,1.0,0.8808616995811462
YCR066W,YDR175C,0,-4.107438,0.10395434498786926,1.0,0.8809618949890137
YMR071C,YNL158W,0,-4.107477,0.10394375026226044,1.0,0.8810621500015259
YER155C,YKL148C,0,-4.1078653,0.10393315553665161,1.0,0.8811623454093933
YHR016C,YDL104C,0,-4.1085806,0.10392256826162338,1.0,0.8812625408172607
YAL015C,YMR024W,0,-4.108613,0.10391198098659515,1.0,0.8813627362251282
YFR044C,YER016W,0,-4.111339,0.10390139371156693,1.0,0.8814629316329956
YGL105W,YIL121W,0,-4.1113725,0.1038908138871193,1.0,0.881563127040863
YBR101C,YLL066C,0,-4.111745,0.10388023406267166,1.0,0.8816633224487305
YDL123W,YOL154W,0,-4.111989,0.10386965423822403,1.0,0.8817635178565979
YHR028C,YCR003W,0,-4.112501,0.1038590744137764,1.0,0.8818637132644653
YHR016C,YHR045W,0,-4.1126604,0.10384850203990936,1.0,0.8819639086723328
YIR008C,YOR270C,0,-4.113058,0.10383792966604233,1.0,0.8820641040802002
YJR095W,YDL130W,0,-4.1131363,0.10382736474275589,1.0,0.8821642994880676
YDR200C,YHR084W,0,-4.113237,0.10381679236888885,1.0,0.8822645545005798
YFL062W,YBL054W,0,-4.1134057,0.10380622744560242,1.0,0.8823647499084473
YHR084W,YBL075C,0,-4.114594,0.10379566252231598,1.0,0.8824649453163147
YMR040W,YLR003C,0,-4.1149206,0.10378510504961014,1.0,0.8825651407241821
YER061C,YBL072C,0,-4.11574,0.1037745475769043,1.0,0.8826653361320496
YMR105C,YEL021W,0,-4.1157646,0.10376399010419846,1.0,0.882765531539917
YLR362W,YPL145C,0,-4.116971,0.10375343263149261,1.0,0.8828657269477844
YOR288C,YGR091W,0,-4.117116,0.10374288260936737,1.0,0.8829659223556519
YLR110C,YOL033W,0,-4.1173334,0.10373233258724213,1.0,0.8830661177635193
YDL002C,YLR035C,0,-4.1174593,0.10372178256511688,1.0,0.8831663131713867
YMR106C,YDR032C,0,-4.1175423,0.10371123254299164,1.0,0.8832665085792542
YNL328C,YML062C,0,-4.1181707,0.10370068997144699,1.0,0.8833667039871216
YBR036C,YLR135W,0,-4.1185613,0.10369014739990234,1.0,0.8834669589996338
YER178W,YJR135C,0,-4.118965,0.1036796122789383,1.0,0.8835671544075012
YDR202C,YGL130W,0,-4.119436,0.10366906970739365,1.0,0.8836673498153687
YMR271C,YML027W,0,-4.119711,0.1036585345864296,1.0,0.8837675452232361
YMR029C,YIR035C,0,-4.1199913,0.10364800691604614,1.0,0.8838677406311035
YDL149W,YJR042W,0,-4.1204643,0.10363747179508209,1.0,0.883967936038971
YDR309C,YLR174W,0,-4.120468,0.10362694412469864,1.0,0.8840681314468384
YGL119W,YDR329C,0,-4.120493,0.10361641645431519,1.0,0.8841683268547058
YLR035C,YBR038W,0,-4.1205697,0.10360588878393173,1.0,0.8842685222625732
YIL107C,YJL133W,0,-4.1206007,0.10359536856412888,1.0,0.8843687176704407
YKL218C,YIL093C,0,-4.121332,0.10358484834432602,1.0,0.8844689130783081
YNL185C,YMR016C,0,-4.122757,0.10357432812452316,1.0,0.8845691084861755
YCL067C,YMR086W,0,-4.123005,0.1035638153553009,1.0,0.8846693634986877
YLR442C,YCR083W,0,-4.123144,0.10355330258607864,1.0,0.8847695589065552
YCL033C,YOL125W,0,-4.123578,0.10354278981685638,1.0,0.8848697543144226
YGR009C,YKR067W,0,-4.124304,0.10353227704763412,1.0,0.88496994972229
YOR113W,YKR013W,0,-4.1244555,0.10352177172899246,1.0,0.8850701451301575
YNL250W,YBL063W,0,-4.127329,0.1035112664103508,1.0,0.8851703405380249
YGR004W,YDR244W,0,-4.1281147,0.10350076109170914,1.0,0.8852705359458923
YLR247C,YKL127W,0,-4.1283245,0.10349026322364807,1.0,0.8853707313537598
YER180C,YDR342C,0,-4.1284084,0.10347975790500641,1.0,0.8854709267616272
YNL272C,YDR005C,0,-4.130228,0.10346926003694534,1.0,0.8855711221694946
YOR344C,YGL125W,0,-4.130374,0.10345876961946487,1.0,0.8856713175773621
YIL017C,YBL054W,0,-4.13083,0.1034482792019844,1.0,0.8857715725898743
YOL055C,YDR084C,0,-4.131449,0.10343778878450394,1.0,0.8858717679977417
YOR117W,YKL088W,0,-4.1320267,0.10342729836702347,1.0,0.8859719634056091
YOL055C,YHR206W,0,-4.132903,0.103416807949543,1.0,0.8860721588134766
YHR092C,YML092C,0,-4.133048,0.10340632498264313,1.0,0.886172354221344
YPR049C,YFR044C,0,-4.13327,0.10339584201574326,1.0,0.8862725496292114
YDR251W,YPL266W,0,-4.1344376,0.10338536649942398,1.0,0.8863727450370789
YNL035C,YMR024W,0,-4.1345873,0.10337488353252411,1.0,0.8864729404449463
YIL173W,YFL036W,0,-4.1346426,0.10336440801620483,1.0,0.8865731358528137
YGL185C,YCL044C,0,-4.1347103,0.10335393995046616,1.0,0.8866733312606812
YJR131W,YGR191W,0,-4.135366,0.10334346443414688,1.0,0.8867735266685486
YEL071W,YBR280C,0,-4.135891,0.1033329963684082,1.0,0.886873722076416
YPL202C,YNL081C,0,-4.1361446,0.10332252830266953,1.0,0.8869739770889282
YDR513W,YGR120C,0,-4.137036,0.10331206023693085,1.0,0.8870741724967957
YDL066W,YKL058W,0,-4.1376524,0.10330159962177277,1.0,0.8871743679046631
YDL031W,YDR534C,0,-4.1378164,0.10329113900661469,1.0,0.8872745633125305
YBL045C,YDR019C,0,-4.137913,0.1032806783914566,1.0,0.887374758720398
YDR077W,YBR211C,0,-4.1380033,0.10327022522687912,1.0,0.8874749541282654
YLL024C,YCR083W,0,-4.138337,0.10325977206230164,1.0,0.8875751495361328
YPR148C,YIL131C,0,-4.138618,0.10324931889772415,1.0,0.8876753449440002
YDR003W,YNL090W,0,-4.1390924,0.10323886573314667,1.0,0.8877755403518677
YAL023C,YFR055W,0,-4.1398134,0.10322842001914978,1.0,0.8878757357597351
YDR097C,YGR231C,0,-4.1413293,0.1032179743051529,1.0,0.8879759311676025
YDL079C,YOR066W,0,-4.141363,0.103207528591156,1.0,0.88807612657547
YNL062C,YLR216C,0,-4.141431,0.10319708287715912,1.0,0.8881763815879822
YOR047C,YOL128C,0,-4.1414623,0.10318664461374283,1.0,0.8882765769958496
YOL122C,YMR036C,0,-4.1420107,0.10317620635032654,1.0,0.888376772403717
YDR486C,YBL054W,0,-4.1421576,0.10316577553749084,1.0,0.8884769678115845
YNR043W,YOL071W,0,-4.1428556,0.10315533727407455,1.0,0.8885771632194519
YGL089C,YMR063W,0,-4.1428967,0.10314490646123886,1.0,0.8886773586273193
YPR063C,YGR013W,0,-4.1432915,0.10313447564840317,1.0,0.8887775540351868
YMR251W-A,YDL209C,0,-4.1439395,0.10312405228614807,1.0,0.8888777494430542
YLR446W,YKL181W,0,-4.1440682,0.10311362892389297,1.0,0.8889779448509216
YPL231W,YDL222C,0,-4.1444006,0.10310320556163788,1.0,0.8890781402587891
YLR360W,YML101C,0,-4.144435,0.10309278219938278,1.0,0.8891783356666565
YDL066W,YOR224C,0,-4.144553,0.10308236628770828,1.0,0.8892785310745239
YGL128C,YBR055C,0,-4.145617,0.10307195037603378,1.0,0.8893787860870361
YBR046C,YOR252W,0,-4.1458206,0.10306153446435928,1.0,0.8894789814949036
YGR247W,YPL168W,0,-4.1464734,0.10305111855268478,1.0,0.889579176902771
YPR066W,YPL153C,0,-4.147155,0.10304071009159088,1.0,0.8896793723106384
YLL052C,YJL170C,0,-4.1472573,0.10303030163049698,1.0,0.8897795677185059
YPL140C,YGL227W,0,-4.1473417,0.10301990061998367,1.0,0.8898797631263733
YJL151C,YER106W,0,-4.147992,0.10300949215888977,1.0,0.8899799585342407
YPL207W,YAL007C,0,-4.1480675,0.10299909114837646,1.0,0.8900801539421082
YDR038C,YPL203W,0,-4.1480837,0.10298869013786316,1.0,0.8901803493499756
YNR059W,YJR013W,0,-4.1486993,0.10297829657793045,1.0,0.890280544757843
YOR078W,YPL186C,0,-4.148979,0.10296789556741714,1.0,0.8903807401657104
YLR292C,YKR049C,0,-4.1491,0.10295750200748444,1.0,0.8904809355735779
YGR067C,YBR112C,0,-4.1495285,0.10294711589813232,1.0,0.8905811905860901
YPL001W,YDR456W,0,-4.149818,0.10293672233819962,1.0,0.8906813859939575
YGR209C,YNL164C,0,-4.14995,0.1029263362288475,1.0,0.890781581401825
YIL136W,YLR007W,0,-4.150175,0.10291595011949539,1.0,0.8908817768096924
YLR276C,YIL119C,0,-4.150584,0.10290557146072388,1.0,0.8909819722175598
YDR036C,YHR215W,0,-4.151632,0.10289518535137177,1.0,0.8910821676254272
YIL167W,YBR159W,0,-4.151924,0.10288480669260025,1.0,0.8911823630332947
YPL018W,YGR181W,0,-4.1519327,0.10287443548440933,1.0,0.8912825584411621
YAL007C,YPL117C,0,-4.1519575,0.10286405682563782,1.0,0.8913827538490295
YJL042W,YER025W,0,-4.152033,0.1028536856174469,1.0,0.891482949256897
YPL037C,YGR059W,0,-4.152133,0.10284331440925598,1.0,0.8915831446647644
YHR043C,YNL059C,0,-4.152303,0.10283294320106506,1.0,0.8916833400726318
YFL056C,YGL111W,0,-4.1533213,0.10282257944345474,1.0,0.891783595085144
YKR025W,YLR417W,0,-4.153837,0.10281221568584442,1.0,0.8918837904930115
YJL096W,YDR236C,0,-4.154516,0.1028018519282341,1.0,0.8919839859008789
YPL248C,YDR252W,0,-4.154809,0.10279149562120438,1.0,0.8920841813087463
YPL017C,YBR211C,0,-4.1567993,0.10278113931417465,1.0,0.8921843767166138
YJL091C,YCR089W,0,-4.1570187,0.10277078300714493,1.0,0.8922845721244812
YLR040C,YBR139W,0,-4.1589794,0.1027604267001152,1.0,0.8923847675323486
YOR321W,YPL089C,0,-4.1590834,0.10275007784366608,1.0,0.8924849629402161
YKR022C,YML124C,0,-4.1602073,0.10273972898721695,1.0,0.8925851583480835
YJL138C,YJL106W,0,-4.160447,0.10272938013076782,1.0,0.8926853537559509
YGL008C,YER141W,0,-4.160643,0.1027190312743187,1.0,0.8927855491638184
YNR033W,YIR010W,0,-4.1613183,0.10270868986845016,1.0,0.8928857445716858
YPR180W,YKR095W,0,-4.1619906,0.10269834846258163,1.0,0.892985999584198
YER155C,YJR065C,0,-4.1623178,0.1026880070567131,1.0,0.8930861949920654
YBL040C,YDR334W,0,-4.1627784,0.10267767310142517,1.0,0.8931863903999329
YOR156C,YOL012C,0,-4.1631613,0.10266733914613724,1.0,0.8932865858078003
YLR247C,YKL008C,0,-4.163435,0.1026570051908493,1.0,0.8933867812156677
YHR039C,YPR028W,0,-4.16372,0.10264667123556137,1.0,0.8934869766235352
YOL120C,YOR070C,0,-4.1639366,0.10263634473085403,1.0,0.8935871720314026
YDR264C,YHR031C,0,-4.1641054,0.1026260182261467,1.0,0.89368736743927
YGL022W,YOR245C,0,-4.1644793,0.10261569172143936,1.0,0.8937875628471375
YOL120C,YFL062W,0,-4.1650343,0.10260537266731262,1.0,0.8938877582550049
YPL255W,YMR192W,0,-4.1655693,0.10259505361318588,1.0,0.8939879536628723
YIL162W,YGR044C,0,-4.1659765,0.10258473455905914,1.0,0.8940881490707397
YNL048W,YDL004W,0,-4.1660233,0.1025744155049324,1.0,0.894188404083252
YDL180W,YGR234W,0,-4.167514,0.10256410390138626,1.0,0.8942885994911194
YLR340W,YLR393W,0,-4.1675954,0.10255379229784012,1.0,0.8943887948989868
YML012W,YDR386W,0,-4.1679525,0.10254348069429398,1.0,0.8944889903068542
YFL047W,YGL045W,0,-4.1681004,0.10253316909074783,1.0,0.8945891857147217
YKL140W,YOR249C,0,-4.169103,0.10252286493778229,1.0,0.8946893811225891
YBL024W,YOR086C,0,-4.1694403,0.10251256078481674,1.0,0.8947895765304565
YBL047C,YMR091C,0,-4.1695433,0.1025022640824318,1.0,0.894889771938324
YGL048C,YDL138W,0,-4.1714354,0.10249195992946625,1.0,0.8949899673461914
YOR354C,YAL013W,0,-4.1719503,0.1024816632270813,1.0,0.8950901627540588
YDR147W,YPR079W,0,-4.172225,0.10247136652469635,1.0,0.8951903581619263
YNL001W,YLR054C,0,-4.172348,0.102461077272892,1.0,0.8952905535697937
YDR219C,YOR109W,0,-4.172349,0.10245078057050705,1.0,0.8953908085823059
YGL028C,YER026C,0,-4.1728225,0.1024404913187027,1.0,0.8954910039901733
YLR128W,YDR365C,0,-4.1733766,0.10243020951747894,1.0,0.8955911993980408
YGR033C,YMR261C,0,-4.1735706,0.10241992026567459,1.0,0.8956913948059082
YGL226W,YJL089W,0,-4.173771,0.10240963846445084,1.0,0.8957915902137756
YCL033C,YOL029C,0,-4.173788,0.10239935666322708,1.0,0.8958917856216431
YGL142C,YIL118W,0,-4.173791,0.10238907486200333,1.0,0.8959919810295105
YGR135W,YDL132W,0,-4.174703,0.10237880051136017,1.0,0.8960921764373779
YOR100C,YPL075W,0,-4.1747527,0.10236852616071701,1.0,0.8961923718452454
YOR384W,YDL100C,0,-4.1753225,0.10235825181007385,1.0,0.8962925672531128
YGL128C,YDR113C,0,-4.175456,0.10234798491001129,1.0,0.8963927626609802
YGR249W,YDR037W,0,-4.1773453,0.10233771800994873,1.0,0.8964929580688477
YML058W,YLR286C,0,-4.177392,0.10232745110988617,1.0,0.8965932130813599
YKL197C,YFL039C,0,-4.1787434,0.10231718420982361,1.0,0.8966934084892273
YGR059W,YJR121W,0,-4.179281,0.10230691730976105,1.0,0.8967936038970947
YOR087W,YDR031W,0,-4.179606,0.10229665786027908,1.0,0.8968937993049622
YLR284C,YLL062C,0,-4.179916,0.10228639841079712,1.0,0.8969939947128296
YIR028W,YOL144W,0,-4.1801906,0.10227614641189575,1.0,0.897094190120697
YLR158C,YBL007C,0,-4.180267,0.10226589441299438,1.0,0.8971943855285645
YPL186C,YJL173C,0,-4.1805015,0.10225564241409302,1.0,0.8972945809364319
YOR075W,YGL136C,0,-4.1805553,0.10224539041519165,1.0,0.8973947763442993
YPL126W,YDL113C,0,-4.180764,0.10223513841629028,1.0,0.8974949717521667
YMR211W,YFR044C,0,-4.181088,0.10222489386796951,1.0,0.8975951671600342
YBL066C,YER016W,0,-4.1814113,0.10221464931964874,1.0,0.8976953625679016
YJR045C,YNL065W,0,-4.182543,0.10220441222190857,1.0,0.8977956175804138
YKR001C,YDL085W,0,-4.182626,0.1021941676735878,1.0,0.8978958129882812
YDL130W,YBR105C,0,-4.1828036,0.10218393057584763,1.0,0.8979960083961487
YKL209C,YNL091W,0,-4.183129,0.10217369347810745,1.0,0.8980962038040161
YHL038C,YGR096W,0,-4.183511,0.10216346383094788,1.0,0.8981963992118835
YPL092W,YLL024C,0,-4.1841316,0.1021532267332077,1.0,0.898296594619751
YJL012C,YIL105C,0,-4.1844344,0.10214299708604813,1.0,0.8983967900276184
YJL101C,YLL066C,0,-4.1846476,0.10213277488946915,1.0,0.8984969854354858
YJL012C,YOR035C,0,-4.1847878,0.10212254524230957,1.0,0.8985971808433533
YHR171W,YDR073W,0,-4.1854672,0.10211232304573059,1.0,0.8986973762512207
YOR179C,YDL174C,0,-4.186257,0.10210210084915161,1.0,0.8987975716590881
YGL084C,YER015W,0,-4.1866283,0.10209188610315323,1.0,0.8988977670669556
YPR102C,YDR011W,0,-4.1875515,0.10208166390657425,1.0,0.8989980220794678
YNL241C,YNR048W,0,-4.187665,0.10207144916057587,1.0,0.8990982174873352
YJL138C,YDL066W,0,-4.1881266,0.10206123441457748,1.0,0.8991984128952026
YER120W,YPL268W,0,-4.188309,0.1020510271191597,1.0,0.8992986083030701
YPL172C,YJL196C,0,-4.188415,0.10204081982374191,1.0,0.8993988037109375
YOR211C,YER053C,0,-4.190359,0.10203061252832413,1.0,0.8994989991188049
YLR040C,YNL217W,0,-4.1904316,0.10202040523290634,1.0,0.8995991945266724
YMR130W,YJL052W,0,-4.190666,0.10201019793748856,1.0,0.8996993899345398
YLR381W,YCL035C,0,-4.190673,0.10199999809265137,1.0,0.8997995853424072
YER004W,YGR054W,0,-4.1909246,0.10198979824781418,1.0,0.8998997807502747
YPL100W,YJL025W,0,-4.1911316,0.10197960585355759,1.0,0.8999999761581421
YAL059W,YMR214W,0,-4.1917324,0.1019694060087204,1.0,0.9001001715660095
YDL222C,YML081W,0,-4.191987,0.1019592136144638,1.0,0.9002004265785217
YDL184C,YPL040C,0,-4.1920652,0.10194902867078781,1.0,0.9003006219863892
YJR102C,YGL178W,0,-4.1923327,0.10193883627653122,1.0,0.9004008173942566
YKR046C,YPR173C,0,-4.192748,0.10192865133285522,1.0,0.900501012802124
YOR256C,YOR227W,0,-4.1931133,0.10191846638917923,1.0,0.9006012082099915
YCR089W,YHR011W,0,-4.1937094,0.10190828144550323,1.0,0.9007014036178589
YNL005C,YLR226W,0,-4.1937423,0.10189810395240784,1.0,0.9008015990257263
YOL044W,YGL018C,0,-4.19384,0.10188792645931244,1.0,0.9009017944335938
YCR097W,YPL105C,0,-4.193965,0.10187774896621704,1.0,0.9010019898414612
YOR330C,YDR258C,0,-4.193979,0.10186757147312164,1.0,0.9011021852493286
YOL044W,YOL096C,0,-4.1954994,0.10185740143060684,1.0,0.901202380657196
YJR097W,YJR001W,0,-4.195561,0.10184723138809204,1.0,0.9013025760650635
YLR120C,YMR024W,0,-4.1955924,0.10183706134557724,1.0,0.9014028310775757
YJL051W,YER026C,0,-4.19602,0.10182689130306244,1.0,0.9015030264854431
YDL007W,YJR091C,0,-4.196408,0.10181672871112823,1.0,0.9016032218933105
YJR045C,YJL048C,0,-4.198202,0.10180656611919403,1.0,0.901703417301178
YER073W,YDR436W,0,-4.198741,0.10179640352725983,1.0,0.9018036127090454
YHR113W,YGR158C,0,-4.199359,0.10178624838590622,1.0,0.9019038081169128
YGL151W,YFR050C,0,-4.199432,0.10177609324455261,1.0,0.9020040035247803
YIL007C,YGL021W,0,-4.199664,0.101765938103199,1.0,0.9021041989326477
YER113C,YDR179C,0,-4.200272,0.1017557829618454,1.0,0.9022043943405151
YEL038W,YCR021C,0,-4.2004614,0.10174563527107239,1.0,0.9023045897483826
YHR013C,YIL111W,0,-4.2017074,0.10173548758029938,1.0,0.90240478515625
YGL181W,YPR028W,0,-4.2019606,0.10172533988952637,1.0,0.9025049805641174
YNL007C,YIL040W,0,-4.202883,0.10171519964933395,1.0,0.9026052355766296
YDL161W,YNL021W,0,-4.203574,0.10170505195856094,1.0,0.9027054309844971
YMR022W,YGL055W,0,-4.2054663,0.10169491171836853,1.0,0.9028056263923645
YKL034W,YLR075W,0,-4.2060957,0.10168477892875671,1.0,0.9029058218002319
YDR436W,YKL155C,0,-4.2061467,0.1016746386885643,1.0,0.9030060172080994
YGR086C,YNL289W,0,-4.206396,0.10166450589895248,1.0,0.9031062126159668
YOR257W,YPR105C,0,-4.206938,0.10165437310934067,1.0,0.9032064080238342
YER111C,YGL006W,0,-4.207044,0.10164424777030945,1.0,0.9033066034317017
YJL078C,YMR280C,0,-4.2078385,0.10163411498069763,1.0,0.9034067988395691
YCR097W,YOR128C,0,-4.208111,0.10162398964166641,1.0,0.9035069942474365
YMR165C,YGL005C,0,-4.2081685,0.10161386430263519,1.0,0.903607189655304
YJR059W,YGL116W,0,-4.2084246,0.10160374641418457,1.0,0.9037073850631714
YHR005C,YJL221C,0,-4.2085233,0.10159362852573395,1.0,0.9038076400756836
YAL012W,YNL146W,0,-4.209382,0.10158351063728333,1.0,0.903907835483551
YBL050W,YLL005C,0,-4.210745,0.1015733927488327,1.0,0.9040080308914185
YDR501W,YBR055C,0,-4.2111273,0.10156327486038208,1.0,0.9041082262992859
YJL174W,YDR368W,0,-4.2113304,0.10155316442251205,1.0,0.9042084217071533
YLR363C,YLR178C,0,-4.2116146,0.10154305398464203,1.0,0.9043086171150208
YLR286C,YPL024W,0,-4.2123885,0.1015329509973526,1.0,0.9044088125228882
YKL080W,YLR417W,0,-4.2132072,0.10152284055948257,1.0,0.9045090079307556
YDL101C,YJL210W,0,-4.214186,0.10151273757219315,1.0,0.904609203338623
YER144C,YGL192W,0,-4.214675,0.10150263458490372,1.0,0.9047093987464905
YOR231W,YGL187C,0,-4.21537,0.10149253904819489,1.0,0.9048095941543579
YPR103W,YOR178C,0,-4.2154016,0.10148243606090546,1.0,0.9049098491668701
YLR332W,YNL264C,0,-4.215721,0.10147234052419662,1.0,0.9050100445747375
YDR303C,YIL099W,0,-4.2159815,0.10146225243806839,1.0,0.905110239982605
YDR307W,YKR083C,0,-4.2171097,0.10145215690135956,1.0,0.9052104353904724
YIR035C,YCR088W,0,-4.217824,0.10144206881523132,1.0,0.9053106307983398
YGL240W,YGR129W,0,-4.2183113,0.10143198072910309,1.0,0.9054108262062073
YGR174C,YDR246W,0,-4.218357,0.10142189264297485,1.0,0.9055110216140747
YAL026C,YML061C,0,-4.2184334,0.10141181200742722,1.0,0.9056112170219421
YCR081W,YCR044C,0,-4.2188454,0.10140173137187958,1.0,0.9057114124298096
YHR203C,YJL048C,0,-4.2199264,0.10139165073633194,1.0,0.905811607837677
YDR343C,YHL044W,0,-4.220471,0.1013815701007843,1.0,0.9059118032455444
YPL193W,YLR356W,0,-4.220849,0.10137149691581726,1.0,0.9060119986534119
YML088W,YOR173W,0,-4.221618,0.10136142373085022,1.0,0.9061122536659241
YGR065C,YLR340W,0,-4.223731,0.10135135054588318,1.0,0.9062124490737915
YJL003W,YPR019W,0,-4.2244706,0.10134128481149673,1.0,0.9063126444816589
YBR008C,YGL021W,0,-4.224559,0.1013312116265297,1.0,0.9064128398895264
YGL017W,YML070W,0,-4.224588,0.10132114589214325,1.0,0.9065130352973938
YIL126W,YIL065C,0,-4.225417,0.1013110876083374,1.0,0.9066132307052612
YLR362W,YDR107C,0,-4.225627,0.10130102187395096,1.0,0.9067134261131287
YLR284C,YBL030C,0,-4.225724,0.10129096359014511,1.0,0.9068136215209961
YHR108W,YLL006W,0,-4.2261167,0.10128090530633926,1.0,0.9069138169288635
YJL137C,YJL170C,0,-4.226322,0.10127084702253342,1.0,0.907014012336731
YJL012C,YJR102C,0,-4.2267475,0.10126079618930817,1.0,0.9071142077445984
YGR266W,YDR243C,0,-4.227054,0.10125074535608292,1.0,0.9072144031524658
YPR201W,YGL161C,0,-4.227618,0.10124069452285767,1.0,0.907314658164978
YGR067C,YLL018C,0,-4.2280645,0.10123064368963242,1.0,0.9074148535728455
YLR284C,YGL027C,0,-4.228611,0.10122060030698776,1.0,0.9075150489807129
YPL115C,YLR292C,0,-4.230094,0.10121055692434311,1.0,0.9076152443885803
YLR014C,YGR223C,0,-4.230486,0.10120051354169846,1.0,0.9077154397964478
YNR027W,YML131W,0,-4.23079,0.1011904776096344,1.0,0.9078156352043152
YIL138C,YNL045W,0,-4.231151,0.10118044167757034,1.0,0.9079158306121826
YKL010C,YMR070W,0,-4.2316513,0.10117040574550629,1.0,0.90801602602005
YOR075W,YJL136C,0,-4.232952,0.10116036981344223,1.0,0.9081162214279175
YPR164W,YDL105W,0,-4.233473,0.10115033388137817,1.0,0.9082164168357849
YCL064C,YHL008C,0,-4.2335024,0.10114030539989471,1.0,0.9083166122436523
YGR194C,YLR143W,0,-4.233635,0.10113027691841125,1.0,0.9084168076515198
YOL088C,YPL212C,0,-4.2339993,0.10112025588750839,1.0,0.908517062664032
YDR345C,YDR191W,0,-4.2346725,0.10111022740602493,1.0,0.9086172580718994
YPR023C,YIL064W,0,-4.2351174,0.10110020637512207,1.0,0.9087174534797668
YGL093W,YFR014C,0,-4.23557,0.10109018534421921,1.0,0.9088176488876343
YCR083W,YER157W,0,-4.2359457,0.10108017176389694,1.0,0.9089178442955017
YMR322C,YNL099C,0,-4.236529,0.10107015818357468,1.0,0.9090180397033691
YPR055W,YOR043W,0,-4.2366557,0.10106013715267181,1.0,0.9091182351112366
YBR290W,YBL105C,0,-4.2366867,0.10105013102293015,1.0,0.909218430519104
YOL117W,YGR094W,0,-4.2375603,0.10104011744260788,1.0,0.9093186259269714
YIL111W,YIL074C,0,-4.2376056,0.10103011131286621,1.0,0.9094188213348389
YPL214C,YPL057C,0,-4.2383156,0.10102010518312454,1.0,0.9095190167427063
YCR021C,YIR002C,0,-4.2384834,0.10101009905338287,1.0,0.9096192121505737
YOL097C,YML091C,0,-4.238686,0.1010001003742218,1.0,0.9097194671630859
YML047C,YCL063W,0,-4.2393875,0.10099010169506073,1.0,0.9098196625709534
YBR296C,YJL183W,0,-4.2394204,0.10098010301589966,1.0,0.9099198579788208
YGR266W,YOL126C,0,-4.2402,0.10097010433673859,1.0,0.9100200533866882
YDR194C,YIL153W,0,-4.2410154,0.10096011310815811,1.0,0.9101202487945557
YOR034C,YAL010C,0,-4.241379,0.10095012187957764,1.0,0.9102204442024231
YDR011W,YGL048C,0,-4.2417936,0.10094013065099716,1.0,0.9103206396102905
YPR181C,YPR061C,0,-4.2421503,0.10093013942241669,1.0,0.910420835018158
YJR121W,YDR044W,0,-4.2425623,0.10092015564441681,1.0,0.9105210304260254
YGL097W,YCR069W,0,-4.242664,0.10091017186641693,1.0,0.9106212258338928
YCL069W,YOL052C-A,0,-4.2427616,0.10090018808841705,1.0,0.9107214212417603
YER004W,YGR286C,0,-4.2431526,0.10089020431041718,1.0,0.9108216166496277
YKL056C,YML091C,0,-4.24316,0.1008802279829979,1.0,0.9109218716621399
YBR049C,YMR040W,0,-4.2440267,0.10087025165557861,1.0,0.9110220670700073
YLL039C,YOR375C,0,-4.244493,0.10086027532815933,1.0,0.9111222624778748
YBR086C,YKL087C,0,-4.2451735,0.10085030645132065,1.0,0.9112224578857422
YDR288W,YLR193C,0,-4.245574,0.10084033757448196,1.0,0.9113226532936096
YLR084C,YER063W,0,-4.245812,0.10083036869764328,1.0,0.911422848701477
YCR033W,YPL194W,0,-4.246731,0.1008203998208046,1.0,0.9115230441093445
YGL086W,YDR032C,0,-4.2467813,0.10081043839454651,1.0,0.9116232395172119
YMR175W,YDR408C,0,-4.246813,0.10080047696828842,1.0,0.9117234349250793
YMR305C,YOR250C,0,-4.246923,0.10079051554203033,1.0,0.9118236303329468
YMR036C,YAL008W,0,-4.2475376,0.10078055411577225,1.0,0.9119238257408142
YLR147C,YGR284C,0,-4.2480383,0.10077060014009476,1.0,0.9120240211486816
YNR033W,YER123W,0,-4.2481174,0.10076064616441727,1.0,0.9121242761611938
YML059C,YBR286W,0,-4.2482452,0.10075069218873978,1.0,0.9122244715690613
YJL129C,YDL146W,0,-4.248266,0.10074073821306229,1.0,0.9123246669769287
YLR074C,YDR122W,0,-4.2485905,0.1007307916879654,1.0,0.9124248623847961
YPL023C,YNL051W,0,-4.248644,0.1007208451628685,1.0,0.9125250577926636
YJR059W,YGR274C,0,-4.2488003,0.1007108986377716,1.0,0.912625253200531
YPL001W,YBL045C,0,-4.249816,0.10070095956325531,1.0,0.9127254486083984
YLR259C,YPL047W,0,-4.2499084,0.10069102048873901,1.0,0.9128256440162659
YKL195W,YIR026C,0,-4.2499166,0.10068108141422272,1.0,0.9129258394241333
YGL096W,YHL004W,0,-4.2503753,0.10067114233970642,1.0,0.9130260348320007
YMR139W,YNL220W,0,-4.250387,0.10066120326519012,1.0,0.9131262302398682
YKL073W,YDR163W,0,-4.2518764,0.10065127164125443,1.0,0.9132264256477356
YOR202W,YNL030W,0,-4.251897,0.10064134001731873,1.0,0.9133266806602478
YPL135W,YLL042C,0,-4.2521596,0.10063141584396362,1.0,0.9134268760681152
YNL001W,YJL052W,0,-4.2523108,0.10062148422002792,1.0,0.9135270714759827
YFL018C,YMR030W,0,-4.2531166,0.10061156004667282,1.0,0.9136272668838501
YAL055W,YDL006W,0,-4.2547874,0.10060163587331772,1.0,0.9137274622917175
YOR316C,YDR201W,0,-4.25486,0.10059171915054321,1.0,0.913827657699585
YKL063C,YKR049C,0,-4.2556505,0.10058179497718811,1.0,0.9139278531074524
YJR145C,YJL210W,0,-4.2558002,0.1005718782544136,1.0,0.9140280485153198
YJL197W,YIL087C,0,-4.256648,0.1005619615316391,1.0,0.9141282439231873
YML088W,YBR268W,0,-4.2573276,0.10055205225944519,1.0,0.9142284393310547
YLR078C,YGR097W,0,-4.2574625,0.10054213553667068,1.0,0.9143286347389221
YBR149W,YDR214W,0,-4.2576847,0.10053222626447678,1.0,0.9144288301467896
YNL049C,YMR059W,0,-4.2579784,0.10052232444286346,1.0,0.9145290851593018
YDL204W,YOR057W,0,-4.258621,0.10051241517066956,1.0,0.9146292805671692
YBR235W,YOR256C,0,-4.2590733,0.10050251334905624,1.0,0.9147294759750366
YOR016C,YHR102W,0,-4.259222,0.10049261152744293,1.0,0.914829671382904
YBR082C,YGL003C,0,-4.259832,0.10048270970582962,1.0,0.9149298667907715
YGR223C,YBL084C,0,-4.2603116,0.1004728153347969,1.0,0.9150300621986389
YNL048W,YGR028W,0,-4.260424,0.10046292096376419,1.0,0.9151302576065063
YIR010W,YCR088W,0,-4.2605724,0.10045302659273148,1.0,0.9152304530143738
YDL222C,YJL123C,0,-4.2606163,0.10044313222169876,1.0,0.9153306484222412
YPR008W,YGL016W,0,-4.260933,0.10043323785066605,1.0,0.9154308438301086
YMR152W,YLR185W,0,-4.261287,0.10042335093021393,1.0,0.9155310392379761
YJL083W,YLR154C,0,-4.2620134,0.10041346400976181,1.0,0.9156312346458435
YMR217W,YNL293W,0,-4.263689,0.10040358453989029,1.0,0.9157314896583557
YML075C,YNL305C,0,-4.2643437,0.10039369761943817,1.0,0.9158316850662231
YHR157W,YDL002C,0,-4.2644978,0.10038381814956665,1.0,0.9159318804740906
YFL061W,YNL312W,0,-4.2645683,0.10037393867969513,1.0,0.916032075881958
YPR098C,YOR322C,0,-4.2649245,0.1003640666604042,1.0,0.9161322712898254
YDR438W,YNR040W,0,-4.265229,0.10035419464111328,1.0,0.9162324666976929
YJL051W,YMR043W,0,-4.265974,0.10034431517124176,1.0,0.9163326621055603
YPL135W,YLR320W,0,-4.2661514,0.10033445060253143,1.0,0.9164328575134277
YNL194C,YGR003W,0,-4.2666483,0.10032457858324051,1.0,0.9165330529212952
YML082W,YKR067W,0,-4.267194,0.10031471401453018,1.0,0.9166332483291626
YKR088C,YOR141C,0,-4.267235,0.10030484944581985,1.0,0.91673344373703
YDR516C,YDL095W,0,-4.267401,0.10029498487710953,1.0,0.9168336391448975
YHR036W,YLR216C,0,-4.2693777,0.1002851277589798,1.0,0.9169338941574097
YIL073C,YER018C,0,-4.269492,0.10027526319026947,1.0,0.9170340895652771
YJL153C,YIL074C,0,-4.2698283,0.10026540607213974,1.0,0.9171342849731445
YOL059W,YGR009C,0,-4.270073,0.1002555564045906,1.0,0.917234480381012
YDL130W-A,YML116W,0,-4.2704735,0.10024569928646088,1.0,0.9173346757888794
YHR044C,YKL079W,0,-4.2707834,0.10023584961891174,1.0,0.9174348711967468
YPL004C,YKL042W,0,-4.2711535,0.10022599995136261,1.0,0.9175350666046143
YJL180C,YGR211W,0,-4.2715216,0.10021615028381348,1.0,0.9176352620124817
YLR040C,YPL030W,0,-4.2728043,0.10020630806684494,1.0,0.9177354574203491
YPR023C,YKL079W,0,-4.2744236,0.1001964658498764,1.0,0.9178356528282166
YBR098W,YOR036W,0,-4.275259,0.10018662363290787,1.0,0.917935848236084
YER004W,YGL020C,0,-4.276741,0.10017678141593933,1.0,0.9180360436439514
YDL138W,YIL034C,0,-4.2769384,0.10016694664955139,1.0,0.9181362986564636
YLR286C,YNL055C,0,-4.277117,0.10015711188316345,1.0,0.918236494064331
YLR174W,YER030W,0,-4.2772007,0.10014727711677551,1.0,0.9183366894721985
YLR166C,YGL064C,0,-4.2778277,0.10013744235038757,1.0,0.9184368848800659
YPL137C,YDR056C,0,-4.2787895,0.10012761503458023,1.0,0.9185370802879333
YDR225W,YBR105C,0,-4.279011,0.10011778771877289,1.0,0.9186372756958008
YHR001W,YML104C,0,-4.280115,0.10010796040296555,1.0,0.9187374711036682
YBR229C,YGL231C,0,-4.28023,0.1000981330871582,1.0,0.9188376665115356
YHR105W,YML014W,0,-4.2830315,0.10008831322193146,1.0,0.9189378619194031
YPR145W,YIL098C,0,-4.2832775,0.10007849335670471,1.0,0.9190380573272705
YMR235C,YPR008W,0,-4.285281,0.10006867349147797,1.0,0.9191382527351379
YOR316C,YNL111C,0,-4.2853174,0.10005886107683182,1.0,0.9192384481430054
YMR282C,YDL132W,0,-4.2853208,0.10004904121160507,1.0,0.9193387031555176
YOL003C,YNL051W,0,-4.286173,0.10003922879695892,1.0,0.919438898563385
YLR052W,YNR001C,0,-4.286554,0.10002942383289337,1.0,0.9195390939712524
YCR069W,YCR053W,0,-4.2866077,0.10001961141824722,1.0,0.9196392893791199
YJL046W,YER070W,0,-4.2868757,0.10000980645418167,1.0,0.9197394847869873
YKR029C,YIL056W,0,-4.2881804,0.10000000149011612,1.0,0.9198396801948547
YJL151C,YER056C-A,0,-4.288374,0.09999019652605057,1.0,0.9199398756027222
YER014W,YDR212W,0,-4.29021,0.09998039901256561,1.0,0.9200400710105896
YJR120W,YKL135C,0,-4.2908025,0.09997059404850006,1.0,0.920140266418457
YJL078C,YDR529C,0,-4.291651,0.0999607965350151,1.0,0.9202404618263245
YPL237W,YLR142W,0,-4.2920995,0.09995100647211075,1.0,0.9203406572341919
YGR207C,YLR150W,0,-4.292315,0.0999412089586258,1.0,0.9204408526420593
YPL164C,YDL159W,0,-4.292428,0.09993141889572144,1.0,0.9205411076545715
YLR106C,YDR236C,0,-4.293168,0.09992162883281708,1.0,0.920641303062439
YPL036W,YMR170C,0,-4.293189,0.09991183876991272,1.0,0.9207414984703064
YDR477W,YML064C,0,-4.29422,0.09990205615758896,1.0,0.9208416938781738
YJR129C,YPR151C,0,-4.294504,0.0998922735452652,1.0,0.9209418892860413
YML055W,YBR166C,0,-4.2948246,0.09988249093294144,1.0,0.9210420846939087
YBR049C,YHR011W,0,-4.2950315,0.09987270832061768,1.0,0.9211422801017761
YCR020C,YPL043W,0,-4.2951713,0.09986293315887451,1.0,0.9212424755096436
YKR010C,YOR155C,0,-4.296549,0.09985315799713135,1.0,0.921342670917511
YDR388W,YOR077W,0,-4.2966604,0.09984338283538818,1.0,0.9214428663253784
YPL066W,YBR139W,0,-4.2974935,0.09983360767364502,1.0,0.9215430617332458
YPL058C,YIL153W,0,-4.2980304,0.09982383996248245,1.0,0.9216432571411133
YHR044C,YOR221C,0,-4.2996564,0.09981407225131989,1.0,0.9217435121536255
YHR183W,YMR197C,0,-4.299909,0.09980430454015732,1.0,0.9218437075614929
YDR107C,YBR094W,0,-4.3012486,0.09979454427957535,1.0,0.9219439029693604
YBR133C,YPR100W,0,-4.3013105,0.09978477656841278,1.0,0.9220440983772278
YDR440W,YOL032W,0,-4.301567,0.09977501630783081,1.0,0.9221442937850952
YNL214W,YKL211C,0,-4.3025246,0.09976525604724884,1.0,0.9222444891929626
YJL180C,YLR258W,0,-4.303329,0.09975550323724747,1.0,0.9223446846008301
YER056C-A,YOR003W,0,-4.3034763,0.0997457429766655,1.0,0.9224448800086975
YMR029C,YKR058W,0,-4.3040442,0.09973599016666412,1.0,0.9225450754165649
YGR109C,YMR232W,0,-4.3043947,0.09972624480724335,1.0,0.9226452708244324
YOL075C,YNL154C,0,-4.3049517,0.09971649199724197,1.0,0.9227454662322998
YLR058C,YBR191W,0,-4.305028,0.0997067466378212,1.0,0.9228456616401672
YGR086C,YCL055W,0,-4.305397,0.09969700127840042,1.0,0.9229459166526794
YOL011W,YMR298W,0,-4.3068547,0.09968725591897964,1.0,0.9230461120605469
YNL300W,YHR096C,0,-4.3076177,0.09967751055955887,1.0,0.9231463074684143
YBR024W,YHR080C,0,-4.3084908,0.09966777265071869,1.0,0.9232465028762817
YBR213W,YBR290W,0,-4.309249,0.09965803474187851,1.0,0.9233466982841492
YDL193W,YOR228C,0,-4.3093643,0.09964829683303833,1.0,0.9234468936920166
YDR003W,YPL105C,0,-4.309539,0.09963856637477875,1.0,0.923547089099884
YNL242W,YML031W,0,-4.30999,0.09962883591651917,1.0,0.9236472845077515
YDR483W,YGR013W,0,-4.313531,0.09961910545825958,1.0,0.9237474799156189
YGL086W,YIR019C,0,-4.313545,0.099609375,1.0,0.9238476753234863
YDR464W,YLR324W,0,-4.313738,0.09959965199232101,1.0,0.9239478707313538
YHR147C,YGR001C,0,-4.314295,0.09958992153406143,1.0,0.924048125743866
YFR053C,YDR420W,0,-4.3146415,0.09958019852638245,1.0,0.9241483211517334
YDR422C,YNL031C,0,-4.3146544,0.09957048296928406,1.0,0.9242485165596008
YNL248C,YGR086C,0,-4.3156824,0.09956075996160507,1.0,0.9243487119674683
YDL051W,YPL176C,0,-4.316474,0.09955104440450668,1.0,0.9244489073753357
YDR354W,YGR026W,0,-4.3174305,0.0995413288474083,1.0,0.9245491027832031
YGR057C,YFR042W,0,-4.31769,0.0995316132903099,1.0,0.9246492981910706
YLR098C,YAL007C,0,-4.318236,0.09952190518379211,1.0,0.924749493598938
YDR171W,YOL147C,0,-4.318731,0.09951219707727432,1.0,0.9248496890068054
YPL271W,YDL153C,0,-4.3187914,0.09950248897075653,1.0,0.9249498844146729
YML046W,YOR019W,0,-4.3193297,0.09949278086423874,1.0,0.9250500798225403
YOL013C,YOR063W,0,-4.3200064,0.09948308020830154,1.0,0.9251502752304077
YDL082W,YOR032C,0,-4.320515,0.09947337955236435,1.0,0.9252505302429199
YMR154C,YDR051C,0,-4.3207293,0.09946367889642715,1.0,0.9253507256507874
YPL061W,YKL087C,0,-4.320737,0.09945397824048996,1.0,0.9254509210586548
YOR059C,YMR067C,0,-4.321187,0.09944428503513336,1.0,0.9255511164665222
YPL169C,YNL097C,0,-4.321269,0.09943458437919617,1.0,0.9256513118743896
YLR274W,YKR014C,0,-4.321342,0.09942489862442017,1.0,0.9257515072822571
YGR080W,YMR211W,0,-4.3221474,0.09941520541906357,1.0,0.9258517026901245
YER179W,YIL019W,0,-4.3221874,0.09940551966428757,1.0,0.9259518980979919
YJR118C,YPL137C,0,-4.322979,0.09939582645893097,1.0,0.9260520935058594
YNL047C,YDR033W,0,-4.323492,0.09938614070415497,1.0,0.9261522889137268
YHR018C,YJL189W,0,-4.3239393,0.09937646239995956,1.0,0.9262524843215942
YML042W,YJL052W,0,-4.3244944,0.09936677664518356,1.0,0.9263526797294617
YLL015W,YCR003W,0,-4.324882,0.09935709834098816,1.0,0.9264529347419739
YCR075C,YPL020C,0,-4.324946,0.09934742748737335,1.0,0.9265531301498413
YDL099W,YBR169C,0,-4.3256445,0.09933774918317795,1.0,0.9266533255577087
YPL202C,YKL077W,0,-4.3261805,0.09932807832956314,1.0,0.9267535209655762
YKL060C,YFL011W,0,-4.326639,0.09931840002536774,1.0,0.9268537163734436
YBL030C,YKR014C,0,-4.328022,0.09930873662233353,1.0,0.926953911781311
YIL017C,YOR151C,0,-4.3295593,0.09929906576871872,1.0,0.9270541071891785
YGR188C,YCR004C,0,-4.3295794,0.09928940236568451,1.0,0.9271543025970459
YBR036C,YIL158W,0,-4.3300343,0.0992797389626503,1.0,0.9272544980049133
YNL217W,YLR315W,0,-4.330182,0.09927007555961609,1.0,0.9273546934127808
YJL212C,YLR100W,0,-4.330232,0.09926041215658188,1.0,0.9274548888206482
YOR357C,YGL121C,0,-4.330596,0.09925075620412827,1.0,0.9275550842285156
YJL101C,YLR240W,0,-4.333002,0.09924110025167465,1.0,0.9276553392410278
YFL024C,YHR183W,0,-4.33395,0.09923144429922104,1.0,0.9277555346488953
YDL209C,YLR178C,0,-4.3346996,0.09922178834676743,1.0,0.9278557300567627
YDR425W,YGL097W,0,-4.3349857,0.09921213984489441,1.0,0.9279559254646301
YIR028W,YNR038W,0,-4.3349886,0.09920249134302139,1.0,0.9280561208724976
YPR107C,YER141W,0,-4.3356676,0.09919284284114838,1.0,0.928156316280365
YNL135C,YGL229C,0,-4.3370466,0.09918319433927536,1.0,0.9282565116882324
YBR028C,YDR214W,0,-4.3372345,0.09917355328798294,1.0,0.9283567070960999
YOL044W,YIL056W,0,-4.3399906,0.09916391223669052,1.0,0.9284569025039673
YHL024W,YGL073W,0,-4.340284,0.0991542711853981,1.0,0.9285570979118347
YML037C,YJL196C,0,-4.3410826,0.09914463758468628,1.0,0.9286572933197021
YIL167W,YFL036W,0,-4.341235,0.09913499653339386,1.0,0.9287574887275696
YGL155W,YPL123C,0,-4.342043,0.09912536293268204,1.0,0.9288577437400818
YGL144C,YJL042W,0,-4.3420506,0.09911572933197021,1.0,0.9289579391479492
YGL173C,YAL010C,0,-4.342333,0.09910610318183899,1.0,0.9290581345558167
YPL249C,YKL116C,0,-4.343913,0.09909647703170776,1.0,0.9291583299636841
YNL331C,YDR107C,0,-4.3452215,0.09908684343099594,1.0,0.9292585253715515
YMR277W,YAL015C,0,-4.345276,0.09907722473144531,1.0,0.929358720779419
YIL154C,YAL003W,0,-4.345688,0.09906759858131409,1.0,0.9294589161872864
YGL054C,YMR041C,0,-4.3457775,0.09905797988176346,1.0,0.9295591115951538
YHR098C,YPL123C,0,-4.3460417,0.09904836118221283,1.0,0.9296593070030212
YPL118W,YEL063C,0,-4.3469114,0.0990387424826622,1.0,0.9297595024108887
YGL120C,YHR001W-A,0,-4.347451,0.09902912378311157,1.0,0.9298596978187561
YAL042W,YDR011W,0,-4.347991,0.09901951253414154,1.0,0.9299598932266235
YAR066W,YJR099W,0,-4.348183,0.09900990128517151,1.0,0.9300601482391357
YGR142W,YJL097W,0,-4.350022,0.09900029003620148,1.0,0.9301603436470032
YDR148C,YLR453C,0,-4.3503575,0.09899068623781204,1.0,0.9302605390548706
YNL301C,YDR148C,0,-4.3505454,0.09898107498884201,1.0,0.930360734462738
YAL019W,YHL032C,0,-4.3509016,0.09897147119045258,1.0,0.9304609298706055
YER061C,YOR081C,0,-4.351861,0.09896186739206314,1.0,0.9305611252784729
YMR314W,YOL084W,0,-4.352204,0.0989522710442543,1.0,0.9306613206863403
YGR003W,YDL106C,0,-4.3535986,0.09894267469644547,1.0,0.9307615160942078
YDR541C,YPR070W,0,-4.3538504,0.09893307834863663,1.0,0.9308617115020752
YKL063C,YGR223C,0,-4.3551135,0.09892348200082779,1.0,0.9309619069099426
YLR229C,YKR046C,0,-4.3551817,0.09891388565301895,1.0,0.9310621023178101
YGR156W,YKL100C,0,-4.3566246,0.09890429675579071,1.0,0.9311622977256775
YNL270C,YMR221C,0,-4.359555,0.09889470785856247,1.0,0.9312625527381897
YOL058W,YDR143C,0,-4.361118,0.09888511896133423,1.0,0.9313627481460571
YAR066W,YHL004W,0,-4.3612266,0.09887553006410599,1.0,0.9314629435539246
YKR050W,YHR031C,0,-4.361637,0.09886594861745834,1.0,0.931563138961792
YIL031W,YDL223C,0,-4.3631163,0.0988563671708107,1.0,0.9316633343696594
YHR001W-A,YHR201C,0,-4.363138,0.09884678572416306,1.0,0.9317635297775269
YIL018W,YDR231C,0,-4.363538,0.09883721172809601,1.0,0.9318637251853943
YDL046W,YKL087C,0,-4.3641205,0.09882763028144836,1.0,0.9319639205932617
YJR019C,YGR158C,0,-4.3643274,0.09881805628538132,1.0,0.9320641160011292
YBL050W,YKR048C,0,-4.367376,0.09880848228931427,1.0,0.9321643114089966
YMR243C,YEL046C,0,-4.368078,0.09879891574382782,1.0,0.932264506816864
YDR147W,YKR046C,0,-4.368081,0.09878934919834137,1.0,0.9323647022247314
YLR133W,YCR044C,0,-4.3690004,0.09877978265285492,1.0,0.9324649572372437
YMR029C,YDR412W,0,-4.3694553,0.09877021610736847,1.0,0.9325651526451111
YDL115C,YDL112W,0,-4.3707266,0.09876064956188202,1.0,0.9326653480529785
YBR302C,YPR145W,0,-4.3709946,0.09875109046697617,1.0,0.932765543460846
YDL193W,YLR361C,0,-4.371181,0.09874153137207031,1.0,0.9328657388687134
YGL058W,YPR028W,0,-4.37138,0.09873197227716446,1.0,0.9329659342765808
YOL044W,YDR430C,0,-4.3716574,0.0987224131822586,1.0,0.9330661296844482
YIL017C,YGL211W,0,-4.3717103,0.09871286153793335,1.0,0.9331663250923157
YDR288W,YPR183W,0,-4.3719444,0.0987033098936081,1.0,0.9332665205001831
YCR021C,YMR283C,0,-4.3720255,0.09869375824928284,1.0,0.9333667159080505
YFL004W,YLR239C,0,-4.374155,0.09868421405553818,1.0,0.933466911315918
YER164W,YNL115C,0,-4.374339,0.09867466241121292,1.0,0.9335671067237854
YGL231C,YNL180C,0,-4.374632,0.09866511821746826,1.0,0.9336673617362976
YLR340W,YDR379W,0,-4.3750563,0.0986555740237236,1.0,0.933767557144165
YOR090C,YPL084W,0,-4.375433,0.09864603728055954,1.0,0.9338677525520325
YEL016C,YGL128C,0,-4.378151,0.09863649308681488,1.0,0.9339679479598999
YML062C,YLR352W,0,-4.3794003,0.09862695634365082,1.0,0.9340681433677673
YGL124C,YOR175C,0,-4.3804965,0.09861741960048676,1.0,0.9341683387756348
YBL056W,YGL178W,0,-4.3806305,0.09860789030790329,1.0,0.9342685341835022
YGR023W,YDL137W,0,-4.380748,0.09859835356473923,1.0,0.9343687295913696
YMR135C,YNL263C,0,-4.381474,0.09858882427215576,1.0,0.9344689249992371
YCL050C,YMR271C,0,-4.3818235,0.0985792949795723,1.0,0.9345691204071045
YGL222C,YPL174C,0,-4.381975,0.09856977313756943,1.0,0.9346693158149719
YGL047W,YGR001C,0,-4.38438,0.09856024384498596,1.0,0.9347695112228394
YGL198W,YOR096W,0,-4.384493,0.0985507220029831,1.0,0.9348697662353516
YAL053W,YDL129W,0,-4.3849173,0.09854120016098022,1.0,0.934969961643219
YBR112C,YDR231C,0,-4.3864737,0.09853168576955795,1.0,0.9350701570510864
YNL329C,YPL154C,0,-4.386732,0.09852216392755508,1.0,0.9351703524589539
YJR009C,YGR009C,0,-4.387071,0.09851264953613281,1.0,0.9352705478668213
YDR284C,YBR114W,0,-4.3875585,0.09850313514471054,1.0,0.9353707432746887
YGR121C,YCL011C,0,-4.3887715,0.09849362820386887,1.0,0.9354709386825562
YFR009W,YNR036C,0,-4.388953,0.0984841138124466,1.0,0.9355711340904236
YGL096W,YFL022C,0,-4.3897133,0.09847460687160492,1.0,0.935671329498291
YCR036W,YOL061W,0,-4.390038,0.09846509993076324,1.0,0.9357715249061584
YLR117C,YPL236C,0,-4.3909802,0.09845560044050217,1.0,0.9358717203140259
YDR425W,YNL326C,0,-4.391055,0.09844609349966049,1.0,0.9359719157218933
YMR133W,YLR355C,0,-4.3913045,0.09843659400939941,1.0,0.9360721707344055
YDR117C,YDR388W,0,-4.391316,0.09842709451913834,1.0,0.936172366142273
YOR018W,YDR224C,0,-4.3921795,0.09841760247945786,1.0,0.9362725615501404
YPR165W,YGL245W,0,-4.393215,0.09840810298919678,1.0,0.9363727569580078
YPR061C,YNL251C,0,-4.3932734,0.0983986109495163,1.0,0.9364729523658752
YIL097W,YPR036W,0,-4.395731,0.09838911890983582,1.0,0.9365731477737427
YGR041W,YNL007C,0,-4.3979106,0.09837962687015533,1.0,0.9366733431816101
YML034W,YAL062W,0,-4.3999443,0.09837014228105545,1.0,0.9367735385894775
YDR120C,YIL157C,0,-4.400277,0.09836065769195557,1.0,0.936873733997345
YML055W,YGL121C,0,-4.401267,0.09835117310285568,1.0,0.9369739294052124
YLR409C,YKL141W,0,-4.402208,0.0983416885137558,1.0,0.9370741248130798
YIL016W,YMR009W,0,-4.402957,0.09833221137523651,1.0,0.9371743202209473
YDR171W,YLR357W,0,-4.4037304,0.09832272678613663,1.0,0.9372745752334595
YKL065C,YOL020W,0,-4.404416,0.09831324964761734,1.0,0.9373747706413269
YIL017C,YNL220W,0,-4.405481,0.09830377995967865,1.0,0.9374749660491943
YDR307W,YDR243C,0,-4.405571,0.09829430282115936,1.0,0.9375751614570618
YGL253W,YML116W,0,-4.4070497,0.09828483313322067,1.0,0.9376753568649292
YNL012W,YER072W,0,-4.4075136,0.09827536344528198,1.0,0.9377755522727966
YBR234C,YPR143W,0,-4.40783,0.09826589375734329,1.0,0.9378757476806641
YGR165W,YNR007C,0,-4.409094,0.0982564315199852,1.0,0.9379759430885315
YGL070C,YOR245C,0,-4.4104476,0.0982469692826271,1.0,0.9380761384963989
YPL115C,YOL027C,0,-4.410453,0.09823750704526901,1.0,0.9381763339042664
YNL173C,YHR084W,0,-4.4126897,0.09822804480791092,1.0,0.9382765293121338
YIL065C,YJL010C,0,-4.4131613,0.09821858257055283,1.0,0.9383767247200012
YML085C,YER106W,0,-4.414224,0.09820912778377533,1.0,0.9384769797325134
YPR021C,YKL108W,0,-4.4155674,0.09819967299699783,1.0,0.9385771751403809
YBL047C,YDL044C,0,-4.4159575,0.09819021821022034,1.0,0.9386773705482483
YGL022W,YML042W,0,-4.417981,0.09818077087402344,1.0,0.9387775659561157
YHR065C,YGL250W,0,-4.418675,0.09817131608724594,1.0,0.9388777613639832
YER053C,YDL129W,0,-4.419709,0.09816186875104904,1.0,0.9389779567718506
YEL054C,YBR297W,0,-4.4199333,0.09815242141485214,1.0,0.939078152179718
YBR290W,YDR490C,0,-4.4206343,0.09814298152923584,1.0,0.9391783475875854
YBL064C,YJL179W,0,-4.420945,0.09813354164361954,1.0,0.9392785429954529
YPR148C,YGR289C,0,-4.421157,0.09812410175800323,1.0,0.9393787384033203
YEL015W,YAL015C,0,-4.4217157,0.09811466187238693,1.0,0.9394789338111877
YDR345C,YBR302C,0,-4.422274,0.09810522198677063,1.0,0.9395791292190552
YJL157C,YPR192W,0,-4.4235387,0.09809578955173492,1.0,0.9396793842315674
YOR321W,YML064C,0,-4.423703,0.09808635711669922,1.0,0.9397795796394348
YGR004W,YLR023C,0,-4.4242163,0.09807692468166351,1.0,0.9398797750473022
YER149C,YMR119W,0,-4.4242363,0.09806749224662781,1.0,0.9399799704551697
YLR340W,YBR179C,0,-4.42474,0.0980580672621727,1.0,0.9400801658630371
YHR106W,YGL243W,0,-4.4255753,0.09804864227771759,1.0,0.9401803612709045
YLR214W,YFR003C,0,-4.425672,0.09803921729326248,1.0,0.940280556678772
YNR051C,YNR007C,0,-4.427047,0.09802979230880737,1.0,0.9403807520866394
YPR132W,YGR224W,0,-4.427321,0.09802037477493286,1.0,0.9404809474945068
YIL101C,YPR082C,0,-4.4275417,0.09801095724105835,1.0,0.9405811429023743
YBR244W,YEL047C,0,-4.4283032,0.09800153970718384,1.0,0.9406813383102417
YHR123W,YGR029W,0,-4.4285345,0.09799212217330933,1.0,0.9407815337181091
YHR114W,YIL160C,0,-4.429823,0.09798271209001541,1.0,0.9408817887306213
YER159C,YDR155C,0,-4.4298754,0.0979732945561409,1.0,0.9409819841384888
YHR215W,YPR065W,0,-4.430401,0.09796388447284698,1.0,0.9410821795463562
YFL029C,YDR368W,0,-4.4304056,0.09795448184013367,1.0,0.9411823749542236
YBR036C,YPL198W,0,-4.4310913,0.09794507175683975,1.0,0.9412825703620911
YNL270C,YER133W,0,-4.4311814,0.09793566912412643,1.0,0.9413827657699585
YML024W,YER053C,0,-4.431321,0.09792626649141312,1.0,0.9414829611778259
YHR039C,YML054C,0,-4.4317517,0.0979168638586998,1.0,0.9415831565856934
YHL044W,YPR100W,0,-4.4320555,0.09790746867656708,1.0,0.9416833519935608
YFR010W,YLR385C,0,-4.4331846,0.09789807349443436,1.0,0.9417835474014282
YBR288C,YLR128W,0,-4.433363,0.09788867831230164,1.0,0.9418837428092957
YBL022C,YKL052C,0,-4.434138,0.09787928313016891,1.0,0.9419839382171631
YMR035W,YPL220W,0,-4.434222,0.0978698879480362,1.0,0.9420841932296753
YGL027C,YLR356W,0,-4.434999,0.09786050021648407,1.0,0.9421843886375427
YIR036C,YDR324C,0,-4.4356494,0.09785111248493195,1.0,0.9422845840454102
YDR367W,YIL155C,0,-4.439287,0.09784172475337982,1.0,0.9423847794532776
YLR333C,YOR120W,0,-4.4409246,0.0978323444724083,1.0,0.942484974861145
YGL139W,YDR055W,0,-4.440957,0.09782295674085617,1.0,0.9425851702690125
YKL096W,YOL072W,0,-4.441097,0.09781357645988464,1.0,0.9426853656768799
YAR007C,YGR207C,0,-4.441907,0.09780419617891312,1.0,0.9427855610847473
YMR195W,YKR086W,0,-4.441963,0.09779482334852219,1.0,0.9428857564926147
YDR331W,YDL085W,0,-4.4437895,0.09778545051813126,1.0,0.9429859519004822
YCL027W,YPL019C,0,-4.4460316,0.09777607023715973,1.0,0.9430861473083496
YJL137C,YOR095C,0,-4.4471216,0.0977667048573494,1.0,0.9431864023208618
YKL081W,YDR276C,0,-4.447138,0.09775733202695847,1.0,0.9432865977287292
YGR090W,YKL035W,0,-4.4477158,0.09774796664714813,1.0,0.9433867931365967
YMR015C,YDR533C,0,-4.4478054,0.0977385938167572,1.0,0.9434869885444641
YCR098C,YPL143W,0,-4.449279,0.09772923588752747,1.0,0.9435871839523315
YGL120C,YLR142W,0,-4.449319,0.09771987050771713,1.0,0.943687379360199
YPL105C,YNL128W,0,-4.449585,0.0977105051279068,1.0,0.9437875747680664
YBR087W,YPR151C,0,-4.453141,0.09770114719867706,1.0,0.9438877701759338
YMR156C,YDR043C,0,-4.4538617,0.09769178926944733,1.0,0.9439879655838013
YBR019C,YNL015W,0,-4.4545493,0.09768243879079819,1.0,0.9440881609916687
YDR398W,YNL025C,0,-4.455008,0.09767308086156845,1.0,0.9441883563995361
YJL100W,YDR047W,0,-4.4558973,0.09766373038291931,1.0,0.9442885518074036
YER124C,YGL029W,0,-4.456147,0.09765437990427017,1.0,0.9443888068199158
YFR014C,YNL311C,0,-4.4564786,0.09764502942562103,1.0,0.9444890022277832
YDR117C,YJL106W,0,-4.457324,0.09763568639755249,1.0,0.9445891976356506
YEL011W,YNL312W,0,-4.457877,0.09762634336948395,1.0,0.9446893930435181
YLR248W,YLR115W,0,-4.458763,0.0976170003414154,1.0,0.9447895884513855
YCR021C,YPL148C,0,-4.4594297,0.09760765731334686,1.0,0.9448897838592529
YDR100W,YOR144C,0,-4.4637933,0.09759831428527832,1.0,0.9449899792671204
YDR307W,YEL018W,0,-4.466538,0.09758897870779037,1.0,0.9450901746749878
YHR140W,YGR274C,0,-4.4671993,0.09757964313030243,1.0,0.9451903700828552
YHL024W,YKR024C,0,-4.469013,0.09757030755281448,1.0,0.9452905654907227
YDR031W,YLR249W,0,-4.4694204,0.09756097197532654,1.0,0.9453907608985901
YAR007C,YNL264C,0,-4.4696074,0.09755164384841919,1.0,0.9454909563064575
YML065W,YML092C,0,-4.4715333,0.09754231572151184,1.0,0.9455912113189697
YER006W,YOR036W,0,-4.4716377,0.09753298759460449,1.0,0.9456914067268372
YJR044C,YBR289W,0,-4.4722805,0.09752366691827774,1.0,0.9457916021347046
YPL217C,YDR216W,0,-4.474646,0.09751433879137039,1.0,0.945891797542572
YPL135W,YNL087W,0,-4.4757757,0.09750501811504364,1.0,0.9459919929504395
YOR346W,YNR007C,0,-4.475918,0.09749569743871689,1.0,0.9460921883583069
YGL001C,YAL062W,0,-4.4765916,0.09748638421297073,1.0,0.9461923837661743
YJL129C,YDR069C,0,-4.4766703,0.09747706353664398,1.0,0.9462925791740417
YCL040W,YNL041C,0,-4.4778843,0.09746775031089783,1.0,0.9463927745819092
YHR204W,YNL083W,0,-4.4793663,0.09745843708515167,1.0,0.9464929699897766
YPL207W,YDR452W,0,-4.4793687,0.09744912385940552,1.0,0.946593165397644
YPR131C,YNL072W,0,-4.4797525,0.09743981808423996,1.0,0.9466933608055115
YDR513W,YNL161W,0,-4.4803843,0.0974305123090744,1.0,0.9467936158180237
YNL244C,YDR506C,0,-4.481287,0.09742120653390884,1.0,0.9468938112258911
YNL007C,YJL026W,0,-4.4823694,0.09741190075874329,1.0,0.9469940066337585
YML111W,YER063W,0,-4.4825397,0.09740259498357773,1.0,0.947094202041626
YJR145C,YFR047C,0,-4.483898,0.09739329665899277,1.0,0.9471943974494934
YOR059C,YKR094C,0,-4.484201,0.0973839983344078,1.0,0.9472945928573608
YLR274W,YCR071C,0,-4.484424,0.09737470000982285,1.0,0.9473947882652283
YDL195W,YOR189W,0,-4.484852,0.09736540913581848,1.0,0.9474949836730957
YDR384C,YPL177C,0,-4.4861975,0.09735611081123352,1.0,0.9475951790809631
YOL013C,YDL075W,0,-4.4864492,0.09734681993722916,1.0,0.9476953744888306
YLR093C,YOR067C,0,-4.48912,0.09733752906322479,1.0,0.947795569896698
YGR132C,YGR140W,0,-4.4901633,0.09732824563980103,1.0,0.9478957653045654
YNL278W,YEL004W,0,-4.4905024,0.09731895476579666,1.0,0.9479960203170776
YMR204C,YGL053W,0,-4.491067,0.0973096713423729,1.0,0.9480962157249451
YIL101C,YBR082C,0,-4.4935493,0.09730038791894913,1.0,0.9481964111328125
YDR484W,YNL007C,0,-4.4935884,0.09729111194610596,1.0,0.9482966065406799
YGR193C,YDL010W,0,-4.4948454,0.09728182852268219,1.0,0.9483968019485474
YCL011C,YBL075C,0,-4.4953012,0.09727255254983902,1.0,0.9484969973564148
YGR092W,YDL018C,0,-4.495512,0.09726327657699585,1.0,0.9485971927642822
YKR087C,YKL034W,0,-4.495592,0.09725400805473328,1.0,0.9486973881721497
YNL181W,YDR485C,0,-4.4993157,0.0972447320818901,1.0,0.9487975835800171
YFR037C,YDR055W,0,-4.5017004,0.09723546355962753,1.0,0.9488977789878845
YNL218W,YOR067C,0,-4.5024137,0.09722619503736496,1.0,0.948997974395752
YCL051W,YPL148C,0,-4.507126,0.09721692651510239,1.0,0.9490981698036194
YKR046C,YNL075W,0,-4.507213,0.09720766544342041,1.0,0.9491984248161316
YNR052C,YOR273C,0,-4.5088305,0.09719839692115784,1.0,0.949298620223999
YKL152C,YDR069C,0,-4.5098734,0.09718913584947586,1.0,0.9493988156318665
YBR191W,YDR186C,0,-4.5106783,0.09717987477779388,1.0,0.9494990110397339
YDR350C,YLR265C,0,-4.51103,0.0971706211566925,1.0,0.9495992064476013
YML123C,YDR273W,0,-4.51147,0.09716136753559113,1.0,0.9496994018554688
YOR116C,YCR088W,0,-4.512105,0.09715210646390915,1.0,0.9497995972633362
YJL151C,YLR293C,0,-4.5130615,0.09714286029338837,1.0,0.9498997926712036
YOR181W,YGL157W,0,-4.514422,0.09713360667228699,1.0,0.949999988079071
YER044C,YBL031W,0,-4.514845,0.0971243605017662,1.0,0.9501001834869385
YNL087W,YJR084W,0,-4.5149426,0.09711510688066483,1.0,0.9502003788948059
YOL139C,YNL128W,0,-4.5168223,0.09710586071014404,1.0,0.9503005743026733
YER035W,YHR172W,0,-4.5171914,0.09709662199020386,1.0,0.9504008293151855
YGR004W,YDL174C,0,-4.5177684,0.09708737581968307,1.0,0.950501024723053
YIL090W,YMR083W,0,-4.518918,0.09707813709974289,1.0,0.9506012201309204
YER095W,YOL029C,0,-4.51902,0.0970688983798027,1.0,0.9507014155387878
YPL195W,YOR028C,0,-4.519184,0.09705965965986252,1.0,0.9508016109466553
YOR155C,YML113W,0,-4.521727,0.09705042839050293,1.0,0.9509018063545227
YKL101W,YLR260W,0,-4.5226693,0.09704119712114334,1.0,0.9510020017623901
YNR036C,YCR081W,0,-4.522928,0.09703196585178375,1.0,0.9511021971702576
YOR079C,YEL060C,0,-4.5233727,0.09702273458242416,1.0,0.951202392578125
YDR456W,YGR049W,0,-4.525744,0.09701350331306458,1.0,0.9513025879859924
YPR003C,YDL136W,0,-4.5275764,0.09700427949428558,1.0,0.9514027833938599
YPL026C,YPR114W,0,-4.5277543,0.09699505567550659,1.0,0.9515029788017273
YCR005C,YPR105C,0,-4.528672,0.0969858318567276,1.0,0.9516032338142395
YJL186W,YAL008W,0,-4.528968,0.09697660803794861,1.0,0.9517034292221069
YIL113W,YNL149C,0,-4.5315237,0.09696739166975021,1.0,0.9518036246299744
YIL107C,YKL024C,0,-4.531994,0.09695817530155182,1.0,0.9519038200378418
YGR078C,YFL044C,0,-4.533145,0.09694895893335342,1.0,0.9520040154457092
YDR287W,YMR162C,0,-4.5333996,0.09693974256515503,1.0,0.9521042108535767
YKL086W,YKR086W,0,-4.5338187,0.09693053364753723,1.0,0.9522044062614441
YPL173W,YCL030C,0,-4.5343666,0.09692132472991943,1.0,0.9523046016693115
YOR211C,YDR065W,0,-4.5359025,0.09691211581230164,1.0,0.952404797077179
YER035W,YMR292W,0,-4.539813,0.09690290689468384,1.0,0.9525049924850464
YPL268W,YBR015C,0,-4.5405216,0.09689370542764664,1.0,0.9526051878929138
YPR004C,YNL292W,0,-4.541586,0.09688449651002884,1.0,0.9527053833007812
YHR083W,YDR515W,0,-4.542865,0.09687529504299164,1.0,0.9528056383132935
YMR262W,YHR201C,0,-4.543477,0.09686609357595444,1.0,0.9529058337211609
YGL009C,YDL204W,0,-4.5444756,0.09685689955949783,1.0,0.9530060291290283
YMR175W,YJL052W,0,-4.545164,0.09684770554304123,1.0,0.9531062245368958
YLR090W,YIL026C,0,-4.547859,0.09683850407600403,1.0,0.9532064199447632
YIL051C,YLR193C,0,-4.5486174,0.09682931751012802,1.0,0.9533066153526306
YFR042W,YOR177C,0,-4.5505886,0.09682012349367142,1.0,0.953406810760498
YDL085W,YHR201C,0,-4.5507007,0.09681093692779541,1.0,0.9535070061683655
YIL017C,YOL098C,0,-4.5510716,0.0968017429113388,1.0,0.9536072015762329
YCR075C,YLR225C,0,-4.551298,0.0967925637960434,1.0,0.9537073969841003
YPL265W,YGR123C,0,-4.552294,0.09678337723016739,1.0,0.9538075923919678
YNR055C,YLR216C,0,-4.553151,0.09677419066429138,1.0,0.9539077877998352
YLR120C,YGR120C,0,-4.5540295,0.09676501154899597,1.0,0.9540080428123474
YGR283C,YPR042C,0,-4.5542345,0.09675583243370056,1.0,0.9541082382202148
YFR004W,YIR002C,0,-4.5547466,0.09674665331840515,1.0,0.9542084336280823
YDR093W,YDR258C,0,-4.555485,0.09673748165369034,1.0,0.9543086290359497
YMR158W,YAR014C,0,-4.556799,0.09672830998897552,1.0,0.9544088244438171
YNL242W,YPL126W,0,-4.5595675,0.09671913832426071,1.0,0.9545090198516846
YNL106C,YNL177C,0,-4.559677,0.0967099666595459,1.0,0.954609215259552
YOR136W,YDL211C,0,-4.5598307,0.09670079499483109,1.0,0.9547094106674194
YNL166C,YNL305C,0,-4.5600853,0.09669163078069687,1.0,0.9548096060752869
YLL014W,YER119C,0,-4.561554,0.09668246656656265,1.0,0.9549098014831543
YJL033W,YER039C,0,-4.5623407,0.09667330235242844,1.0,0.9550099968910217
YDR430C,YEL003W,0,-4.563672,0.09666413813829422,1.0,0.9551101922988892
YMR116C,YGR223C,0,-4.5641837,0.0966549813747406,1.0,0.9552104473114014
YJR033C,YHR031C,0,-4.5652742,0.09664582461118698,1.0,0.9553106427192688
YLR215C,YBR169C,0,-4.565699,0.09663666784763336,1.0,0.9554108381271362
YLR297W,YBR248C,0,-4.5678077,0.09662751108407974,1.0,0.9555110335350037
YBR049C,YNL336W,0,-4.568525,0.09661835432052612,1.0,0.9556112289428711
YDR228C,YBR204C,0,-4.572874,0.0966092050075531,1.0,0.9557114243507385
YOR027W,YCR031C,0,-4.574109,0.09660005569458008,1.0,0.955811619758606
YGL145W,YPL258C,0,-4.5764036,0.09659090638160706,1.0,0.9559118151664734
YPL118W,YCR068W,0,-4.57647,0.09658176451921463,1.0,0.9560120105743408
YGL150C,YJL048C,0,-4.5771017,0.09657261520624161,1.0,0.9561122059822083
YPR181C,YLR408C,0,-4.577683,0.09656347334384918,1.0,0.9562124013900757
YLR002C,YGL104C,0,-4.580035,0.09655433893203735,1.0,0.9563125967979431
YPL084W,YHR141C,0,-4.5803833,0.09654519706964493,1.0,0.9564128518104553
YDR047W,YGL121C,0,-4.5805635,0.0965360626578331,1.0,0.9565130472183228
YOR321W,YML093W,0,-4.580845,0.09652692079544067,1.0,0.9566132426261902
YIL044C,YML120C,0,-4.5820236,0.09651778638362885,1.0,0.9567134380340576
YDR251W,YPL227C,0,-4.5820274,0.09650865942239761,1.0,0.956813633441925
YFR049W,YDR381W,0,-4.583475,0.09649952501058578,1.0,0.9569138288497925
YKR087C,YDR001C,0,-4.5848045,0.09649039804935455,1.0,0.9570140242576599
YGR275W,YKL193C,0,-4.584893,0.09648127108812332,1.0,0.9571142196655273
YMR311C,YJR010C-A,0,-4.5853834,0.09647214412689209,1.0,0.9572144150733948
YAL015C,YBR159W,0,-4.5873947,0.09646302461624146,1.0,0.9573146104812622
YJL057C,YMR121C,0,-4.5887985,0.09645389765501022,1.0,0.9574148058891296
YJL098W,YML054C,0,-4.5917807,0.09644477814435959,1.0,0.9575150012969971
YOL056W,YNL009W,0,-4.592867,0.09643565863370895,1.0,0.9576152563095093
YCL063W,YKR097W,0,-4.593234,0.09642654657363892,1.0,0.9577154517173767
YDL235C,YAL005C,0,-4.593556,0.09641742706298828,1.0,0.9578156471252441
YIL160C,YDR045C,0,-4.594077,0.09640831500291824,1.0,0.9579158425331116
YPL115C,YMR233W,0,-4.597821,0.0963992029428482,1.0,0.958016037940979
YDL130W,YDR259C,0,-4.597912,0.09639009833335876,1.0,0.9581162333488464
YBR139W,YLR378C,0,-4.598427,0.09638098627328873,1.0,0.9582164287567139
YCL038C,YMR052W,0,-4.5985518,0.09637188166379929,1.0,0.9583166241645813
YOR037W,YDR349C,0,-4.5997357,0.09636277705430984,1.0,0.9584168195724487
YBR094W,YCL035C,0,-4.6007376,0.0963536724448204,1.0,0.9585170149803162
YBR204C,YML064C,0,-4.601482,0.09634457528591156,1.0,0.9586172103881836
YBR109C,YHR036W,0,-4.6017623,0.09633547067642212,1.0,0.958717405796051
YKR052C,YPR046W,0,-4.601856,0.09632637351751328,1.0,0.9588176608085632
YJL196C,YML005W,0,-4.6026554,0.09631728380918503,1.0,0.9589178562164307
YMR318C,YER051W,0,-4.603529,0.09630818665027618,1.0,0.9590180516242981
YJR054W,YPL249C,0,-4.603634,0.09629909694194794,1.0,0.9591182470321655
YNL126W,YBR126C,0,-4.6038017,0.09628999978303909,1.0,0.959218442440033
YBR296C,YKL048C,0,-4.610301,0.09628091007471085,1.0,0.9593186378479004
YNL331C,YMR311C,0,-4.6108575,0.0962718278169632,1.0,0.9594188332557678
YOL137W,YCL040W,0,-4.611491,0.09626273810863495,1.0,0.9595190286636353
YOR337W,YIL136W,0,-4.6120358,0.0962536558508873,1.0,0.9596192240715027
YMR237W,YDR179C,0,-4.6142473,0.09624457359313965,1.0,0.9597194194793701
YKR058W,YLR406C,0,-4.6143913,0.096235491335392,1.0,0.9598196148872375
YJR099W,YMR305C,0,-4.614481,0.09622641652822495,1.0,0.959919810295105
YOL058W,YPL145C,0,-4.6154885,0.0962173342704773,1.0,0.9600200653076172
YNL063W,YIR002C,0,-4.6156425,0.09620825946331024,1.0,0.9601202607154846
YCR068W,YBR162C,0,-4.6162367,0.09619919210672379,1.0,0.960220456123352
YGL061C,YGR244C,0,-4.6167083,0.09619011729955673,1.0,0.9603206515312195
YPR141C,YIR014W,0,-4.617158,0.09618104994297028,1.0,0.9604208469390869
YER118C,YPL249C,0,-4.617693,0.09617197513580322,1.0,0.9605210423469543
YDL049C,YBR083W,0,-4.6181126,0.09616290777921677,1.0,0.9606212377548218
YHL008C,YOR067C,0,-4.618161,0.09615384787321091,1.0,0.9607214331626892
YKR034W,YHR020W,0,-4.6192694,0.09614478051662445,1.0,0.9608216285705566
YOR326W,YNR001C,0,-4.619306,0.09613572061061859,1.0,0.9609218239784241
YNL194C,YPL075W,0,-4.619978,0.09612666070461273,1.0,0.9610220193862915
YIR036C,YNL023C,0,-4.6209126,0.09611760079860687,1.0,0.9611222147941589
YPR133C,YNL055C,0,-4.6237173,0.09610854834318161,1.0,0.9612224698066711
YJL153C,YDR412W,0,-4.6242566,0.09609948843717575,1.0,0.9613226652145386
YLL026W,YLR185W,0,-4.624493,0.09609043598175049,1.0,0.961422860622406
YLR215C,YJL164C,0,-4.6246414,0.09608138352632523,1.0,0.9615230560302734
YDL240W,YDR452W,0,-4.624715,0.09607233852148056,1.0,0.9616232514381409
YHR039C,YLL023C,0,-4.6247377,0.0960632860660553,1.0,0.9617234468460083
YMR215W,YNL037C,0,-4.626566,0.09605424106121063,1.0,0.9618236422538757
YGL166W,YOR103C,0,-4.628008,0.09604519605636597,1.0,0.9619238376617432
YOR172W,YIL113W,0,-4.628927,0.0960361585021019,1.0,0.9620240330696106
YPR106W,YKL120W,0,-4.6305447,0.09602711349725723,1.0,0.962124228477478
YMR323W,YDL005C,0,-4.630884,0.09601807594299316,1.0,0.9622244238853455
YDL046W,YPR049C,0,-4.631324,0.0960090383887291,1.0,0.9623246788978577
YOR136W,YML102W,0,-4.6318436,0.09600000083446503,1.0,0.9624248743057251
YGL093W,YBR139W,0,-4.63329,0.09599096328020096,1.0,0.9625250697135925
YGR116W,YPL203W,0,-4.6337967,0.09598193317651749,1.0,0.96262526512146
YPL095C,YJL080C,0,-4.633835,0.09597290307283401,1.0,0.9627254605293274
YFL055W,YHL011C,0,-4.63387,0.09596387296915054,1.0,0.9628256559371948
YOL007C,YJR096W,0,-4.634678,0.09595484286546707,1.0,0.9629258513450623
YER071C,YAR071W,0,-4.638197,0.0959458202123642,1.0,0.9630260467529297
YDR532C,YJL080C,0,-4.639799,0.09593679755926132,1.0,0.9631262421607971
YFL062W,YBR105C,0,-4.640278,0.09592777490615845,1.0,0.9632264375686646
YKL100C,YBL088C,0,-4.644254,0.09591875225305557,1.0,0.963326632976532
YJR044C,YDR111C,0,-4.6455917,0.0959097295999527,1.0,0.9634268283843994
YGR253C,YHR176W,0,-4.646397,0.09590071439743042,1.0,0.9635270833969116
YCR068W,YGR128C,0,-4.6473227,0.09589169919490814,1.0,0.963627278804779
YNL055C,YIL038C,0,-4.6474648,0.09588268399238586,1.0,0.9637274742126465
YHR133C,YER119C,0,-4.6481886,0.09587366878986359,1.0,0.9638276696205139
YJL181W,YMR058W,0,-4.6497917,0.0958646610379219,1.0,0.9639278650283813
YBR298C,YDR091C,0,-4.6502495,0.09585565328598022,1.0,0.9640280604362488
YHR086W,YML005W,0,-4.6511183,0.09584664553403854,1.0,0.9641282558441162
YLR083C,YDR529C,0,-4.6517725,0.09583763778209686,1.0,0.9642284512519836
YKL062W,YGL130W,0,-4.6528945,0.09582863748073578,1.0,0.9643286466598511
YLR001C,YLR115W,0,-4.653767,0.0958196371793747,1.0,0.9644288420677185
YPL262W,YIL090W,0,-4.6554794,0.09581062942743301,1.0,0.9645290374755859
YJR145C,YJR077C,0,-4.6559143,0.09580163657665253,1.0,0.9646292328834534
YPR112C,YGL006W,0,-4.660181,0.09579263627529144,1.0,0.9647294878959656
YBR168W,YMR190C,0,-4.6609344,0.09578364342451096,1.0,0.964829683303833
YLL015W,YLR315W,0,-4.6611557,0.09577465057373047,1.0,0.9649298787117004
YDL018C,YLR239C,0,-4.6616507,0.09576565772294998,1.0,0.9650300741195679
YJL035C,YDL222C,0,-4.6638927,0.0957566648721695,1.0,0.9651302695274353
YOR043W,YPR151C,0,-4.663993,0.0957476794719696,1.0,0.9652304649353027
YOR143C,YPL017C,0,-4.667242,0.09573868662118912,1.0,0.9653306603431702
YBR082C,YNL216W,0,-4.6680155,0.09572970122098923,1.0,0.9654308557510376
YOR035C,YBR091C,0,-4.668177,0.09572072327136993,1.0,0.965531051158905
YDR309C,YEL011W,0,-4.668277,0.09571173787117004,1.0,0.9656312465667725
YJR019C,YPL211W,0,-4.673237,0.09570275992155075,1.0,0.9657314419746399
YHR138C,YJR075W,0,-4.673335,0.09569378197193146,1.0,0.9658316373825073
YOR036W,YER112W,0,-4.6741247,0.09568480402231216,1.0,0.9659318923950195
YKL212W,YDR031W,0,-4.6744375,0.09567582607269287,1.0,0.966032087802887
YIR036C,YNL069C,0,-4.675087,0.09566685557365417,1.0,0.9661322832107544
YBR286W,YDR300C,0,-4.6756115,0.09565788507461548,1.0,0.9662324786186218
YPR132W,YJR125C,0,-4.679614,0.09564891457557678,1.0,0.9663326740264893
YAR042W,YDL207W,0,-4.6813507,0.09563994407653809,1.0,0.9664328694343567
YNL181W,YML120C,0,-4.682769,0.09563097357749939,1.0,0.9665330648422241
YLR027C,YLR388W,0,-4.683308,0.09562201052904129,1.0,0.9666332602500916
YIL090W,YFR049W,0,-4.6835165,0.09561304748058319,1.0,0.966733455657959
YER015W,YGL245W,0,-4.684231,0.09560408443212509,1.0,0.9668336510658264
YCR017C,YJR095W,0,-4.6866817,0.09559512883424759,1.0,0.9669338464736938
YEL026W,YDR231C,0,-4.688615,0.09558616578578949,1.0,0.9670340418815613
YDR425W,YGR234W,0,-4.6893387,0.09557721018791199,1.0,0.9671342968940735
YDR488C,YPL168W,0,-4.6912117,0.09556825459003448,1.0,0.9672344923019409
YBR133C,YPR169W,0,-4.694788,0.09555930644273758,1.0,0.9673346877098083
YDR394W,YML111W,0,-4.6998987,0.09555035084486008,1.0,0.9674348831176758
YGR044C,YLR372W,0,-4.703356,0.09554140269756317,1.0,0.9675350785255432
YDL193W,YJL165C,0,-4.7043095,0.09553245455026627,1.0,0.9676352739334106
YDR380W,YOR335C,0,-4.704392,0.09552350640296936,1.0,0.9677354693412781
YPR008W,YLR372W,0,-4.705146,0.09551455825567245,1.0,0.9678356647491455
YHR138C,YDL164C,0,-4.7064323,0.09550561755895615,1.0,0.9679358601570129
YPL084W,YIL115C,0,-4.706579,0.09549667686223984,1.0,0.9680360555648804
YHR153C,YDL076C,0,-4.7067323,0.09548773616552353,1.0,0.9681362509727478
YPL149W,YDR100W,0,-4.706957,0.09547879546880722,1.0,0.9682364463806152
YDR011W,YHR081W,0,-4.708522,0.09546986222267151,1.0,0.9683367013931274
YOR177C,YBR130C,0,-4.712985,0.0954609289765358,1.0,0.9684368968009949
YKL146W,YNL252C,0,-4.7145953,0.09545199573040009,1.0,0.9685370922088623
YDR293C,YKL048C,0,-4.721197,0.09544306248426437,1.0,0.9686372876167297
YDR043C,YPL160W,0,-4.7222395,0.09543412923812866,1.0,0.9687374830245972
YDL239C,YGL245W,0,-4.7230263,0.09542520344257355,1.0,0.9688376784324646
YPR098C,YNR053C,0,-4.725136,0.09541627764701843,1.0,0.968937873840332
YDR023W,YJR025C,0,-4.7293024,0.09540735185146332,1.0,0.9690380692481995
YNL194C,YLR098C,0,-4.729329,0.0953984260559082,1.0,0.9691382646560669
YJL102W,YPL095C,0,-4.7302895,0.09538950771093369,1.0,0.9692384600639343
YBR186W,YLL050C,0,-4.7317743,0.09538058936595917,1.0,0.9693386554718018
YLL052C,YKL065C,0,-4.731872,0.09537167102098465,1.0,0.9694388508796692
YHR104W,YDL043C,0,-4.731966,0.09536275267601013,1.0,0.9695391058921814
YDR013W,YBL067C,0,-4.7322598,0.09535383433103561,1.0,0.9696393013000488
YNR024W,YMR297W,0,-4.732602,0.0953449234366417,1.0,0.9697394967079163
YJR015W,YOR027W,0,-4.733792,0.09533601254224777,1.0,0.9698396921157837
YPR132W,YFR008W,0,-4.7352066,0.09532710164785385,1.0,0.9699398875236511
YBR127C,YMR052W,0,-4.736531,0.09531819820404053,1.0,0.9700400829315186
YDL130W-A,YIL052C,0,-4.736764,0.0953092873096466,1.0,0.970140278339386
YER178W,YPL239W,0,-4.7381244,0.09530038386583328,1.0,0.9702404737472534
YKL152C,YOL072W,0,-4.7393303,0.09529148042201996,1.0,0.9703406691551208
YML008C,YCL035C,0,-4.742419,0.09528257697820663,1.0,0.9704408645629883
YBR088C,YNR001C,0,-4.744876,0.09527368098497391,1.0,0.9705410599708557
YBR139W,YGL168W,0,-4.749682,0.09526477754116058,1.0,0.9706412553787231
YDR171W,YGL009C,0,-4.752757,0.09525588154792786,1.0,0.9707415103912354
YOR227W,YOL072W,0,-4.7534256,0.09524698555469513,1.0,0.9708417057991028
YDL168W,YJL189W,0,-4.755104,0.095238097012043,1.0,0.9709419012069702
YOL013C,YML043C,0,-4.7555647,0.09522920101881027,1.0,0.9710420966148376
YMR215W,YGL222C,0,-4.7565823,0.09522031247615814,1.0,0.9711422920227051
YLR166C,YFL041W,0,-4.7566442,0.09521142393350601,1.0,0.9712424874305725
YJL045W,YER093C,0,-4.7574444,0.09520253539085388,1.0,0.9713426828384399
YBL106C,YCL040W,0,-4.7621098,0.09519365429878235,1.0,0.9714428782463074
YPL228W,YDL195W,0,-4.7692976,0.09518477320671082,1.0,0.9715430736541748
YDR297W,YKL026C,0,-4.7710085,0.09517589211463928,1.0,0.9716432690620422
YDR503C,YPR156C,0,-4.7750654,0.09516701102256775,1.0,0.9717434644699097
YCL067C,YJL154C,0,-4.775943,0.09515812993049622,1.0,0.9718436598777771
YGL061C,YIR037W,0,-4.7858315,0.09514925628900528,1.0,0.9719439148902893
YBR043C,YGR008C,0,-4.7860003,0.09514037519693375,1.0,0.9720441102981567
YGR074W,YNL134C,0,-4.7885685,0.09513150900602341,1.0,0.9721443057060242
YBR280C,YDR441C,0,-4.7914147,0.09512263536453247,1.0,0.9722445011138916
YPL137C,YBR204C,0,-4.7964034,0.09511376172304153,1.0,0.972344696521759
YML110C,YBL014C,0,-4.798104,0.0951048955321312,1.0,0.9724448919296265
YOR019W,YPL063W,0,-4.7988358,0.09509602934122086,1.0,0.9725450873374939
YFL026W,YPR151C,0,-4.7998266,0.09508716315031052,1.0,0.9726452827453613
YOR004W,YBR003W,0,-4.8014584,0.09507829695940018,1.0,0.9727454781532288
YGR005C,YIL033C,0,-4.80179,0.09506943821907043,1.0,0.9728456735610962
YOR027W,YGR241C,0,-4.804221,0.09506057947874069,1.0,0.9729458689689636
YKL062W,YGL009C,0,-4.805868,0.09505172073841095,1.0,0.973046064376831
YOR178C,YLR292C,0,-4.8082223,0.09504286199808121,1.0,0.9731463193893433
YAL028W,YNL326C,0,-4.8098226,0.09503401070833206,1.0,0.9732465147972107
YLL026W,YDR384C,0,-4.8125668,0.09502515196800232,1.0,0.9733467102050781
YDR388W,YJL122W,0,-4.8126497,0.09501630067825317,1.0,0.9734469056129456
YLR258W,YBL051C,0,-4.813584,0.09500744938850403,1.0,0.973547101020813
YMR278W,YCR034W,0,-4.817153,0.09499860554933548,1.0,0.9736472964286804
YCR010C,YCL011C,0,-4.8174596,0.09498975425958633,1.0,0.9737474918365479
YFL039C,YMR056C,0,-4.819443,0.09498091042041779,1.0,0.9738476872444153
YCL050C,YIL056W,0,-4.823069,0.09497206658124924,1.0,0.9739478826522827
YBR069C,YBR056W,0,-4.825103,0.09496322274208069,1.0,0.9740480780601501
YDR022C,YLR196W,0,-4.82622,0.09495438635349274,1.0,0.9741482734680176
YMR287C,YLR376C,0,-4.8268423,0.09494554251432419,1.0,0.974248468875885
YCR086W,YEL060C,0,-4.8269696,0.09493670612573624,1.0,0.9743487238883972
YBR068C,YNL265C,0,-4.82806,0.09492786973714828,1.0,0.9744489192962646
YEL019C,YIL065C,0,-4.830325,0.09491904079914093,1.0,0.9745491147041321
YOR202W,YDR214W,0,-4.834249,0.09491020441055298,1.0,0.9746493101119995
YGL038C,YNL021W,0,-4.8372383,0.09490137547254562,1.0,0.9747495055198669
YGL219C,YPL268W,0,-4.840604,0.09489254653453827,1.0,0.9748497009277344
YJL083W,YJR139C,0,-4.8426094,0.09488371759653091,1.0,0.9749498963356018
YCL059C,YOL060C,0,-4.8458824,0.09487489610910416,1.0,0.9750500917434692
YMR053C,YML031W,0,-4.84918,0.0948660746216774,1.0,0.9751502871513367
YMR152W,YGR009C,0,-4.8506374,0.09485724568367004,1.0,0.9752504825592041
YML063W,YCL044C,0,-4.8511667,0.09484843164682388,1.0,0.9753506779670715
YLR352W,YJL122W,0,-4.851807,0.09483961015939713,1.0,0.975450873374939
YAL055W,YNL158W,0,-4.8555794,0.09483078867197037,1.0,0.9755511283874512
YBR162C,YDL085W,0,-4.855912,0.0948219746351242,1.0,0.9756513237953186
YNL279W,YER072W,0,-4.8604784,0.09481316059827805,1.0,0.975751519203186
YHR138C,YIL009W,0,-4.861593,0.09480434656143188,1.0,0.9758517146110535
YEL060C,YMR059W,0,-4.8643274,0.09479553997516632,1.0,0.9759519100189209
YPL145C,YBR214W,0,-4.8697424,0.09478673338890076,1.0,0.9760521054267883
YOL007C,YOR267C,0,-4.871381,0.0947779193520546,1.0,0.9761523008346558
YGL191W,YJL209W,0,-4.8729353,0.09476911276578903,1.0,0.9762524962425232
YLL038C,YKR049C,0,-4.873464,0.09476031363010406,1.0,0.9763526916503906
YGR284C,YNL129W,0,-4.8745327,0.0947515070438385,1.0,0.9764528870582581
YGL171W,YPL003W,0,-4.876008,0.09474270790815353,1.0,0.9765530824661255
YLR008C,YGL121C,0,-4.8767548,0.09473390877246857,1.0,0.9766532778739929
YOR143C,YCR021C,0,-4.8774033,0.0947251096367836,1.0,0.9767535328865051
YBR298C,YJL168C,0,-4.8814616,0.09471631795167923,1.0,0.9768537282943726
YER178W,YJL203W,0,-4.8818345,0.09470751881599426,1.0,0.97695392370224
YDR019C,YBR169C,0,-4.882414,0.09469872713088989,1.0,0.9770541191101074
YOR254C,YNL037C,0,-4.8826184,0.09468993544578552,1.0,0.9771543145179749
YNL001W,YEL011W,0,-4.888135,0.09468114376068115,1.0,0.9772545099258423
YOR036W,YLL042C,0,-4.8891363,0.09467235952615738,1.0,0.9773547053337097
YBR039W,YHL044W,0,-4.8898373,0.0946635752916336,1.0,0.9774549007415771
YKL163W,YDL043C,0,-4.890654,0.09465479105710983,1.0,0.9775550961494446
YIL017C,YDR002W,0,-4.8907394,0.09464600682258606,1.0,0.977655291557312
YMR110C,YNL021W,0,-4.893512,0.09463722258806229,1.0,0.9777554869651794
YML019W,YJR158W,0,-4.8950424,0.09462844580411911,1.0,0.9778556823730469
YHR016C,YDR326C,0,-4.895725,0.09461966902017593,1.0,0.9779559373855591
YLR194C,YMR170C,0,-4.896023,0.09461089223623276,1.0,0.9780561327934265
YDL143W,YBR132C,0,-4.902234,0.09460211545228958,1.0,0.978156328201294
YNL331C,YDR025W,0,-4.903059,0.0945933386683464,1.0,0.9782565236091614
YLL036C,YIL155C,0,-4.9054656,0.09458456933498383,1.0,0.9783567190170288
YIL016W,YLR297W,0,-4.9089866,0.09457580000162125,1.0,0.9784569144248962
YDR276C,YMR207C,0,-4.9141855,0.09456703066825867,1.0,0.9785571098327637
YDR270W,YOL139C,0,-4.9152184,0.09455826133489609,1.0,0.9786573052406311
YPL022W,YOR346W,0,-4.918173,0.0945494994521141,1.0,0.9787575006484985
YCR047C,YGR231C,0,-4.9190044,0.09454073756933212,1.0,0.978857696056366
YLR167W,YNL015W,0,-4.9207244,0.09453197568655014,1.0,0.9789578914642334
YMR261C,YDL112W,0,-4.9217033,0.09452321380376816,1.0,0.9790580868721008
YGR099W,YHR005C,0,-4.922081,0.09451445192098618,1.0,0.979158341884613
YDR288W,YCR088W,0,-4.9245424,0.09450569748878479,1.0,0.9792585372924805
YIL097W,YOR224C,0,-4.9249697,0.0944969430565834,1.0,0.9793587327003479
YOR046C,YML004C,0,-4.9274426,0.09448818862438202,1.0,0.9794589281082153
YDR361C,YCL035C,0,-4.9321527,0.09447943419218063,1.0,0.9795591235160828
YIL160C,YJL109C,0,-4.9325533,0.09447068721055984,1.0,0.9796593189239502
YER133W,YLR144C,0,-4.9362392,0.09446194022893906,1.0,0.9797595143318176
YAL059W,YKL100C,0,-4.9371605,0.09445319324731827,1.0,0.9798597097396851
YPL017C,YLR449W,0,-4.9394464,0.09444444626569748,1.0,0.9799599051475525
YEL032W,YNL305C,0,-4.9431887,0.09443569928407669,1.0,0.9800601005554199
YNL206C,YDR055W,0,-4.9449387,0.0944269597530365,1.0,0.9801602959632874
YMR081C,YJL080C,0,-4.9453416,0.09441822022199631,1.0,0.9802604913711548
YPR151C,YDR046C,0,-4.947632,0.09440948069095612,1.0,0.980360746383667
YPR037C,YNR019W,0,-4.952524,0.09440074115991592,1.0,0.9804609417915344
YBR283C,YDL204W,0,-4.955157,0.09439200162887573,1.0,0.9805611371994019
YLR205C,YPL019C,0,-4.968593,0.09438326954841614,1.0,0.9806613326072693
YBR296C,YLR058C,0,-4.968644,0.09437453746795654,1.0,0.9807615280151367
YNL242W,YKR081C,0,-4.969923,0.09436580538749695,1.0,0.9808617234230042
YEL055C,YIL113W,0,-4.970783,0.09435707330703735,1.0,0.9809619188308716
YDR002W,YOR391C,0,-4.972348,0.09434834867715836,1.0,0.981062114238739
YBL075C,YLR388W,0,-4.978415,0.09433962404727936,1.0,0.9811623096466064
YNL048W,YLL023C,0,-4.980397,0.09433089941740036,1.0,0.9812625050544739
YER073W,YPR184W,0,-4.9822636,0.09432217478752136,1.0,0.9813627004623413
YDR123C,YNR001C,0,-4.9898977,0.09431345015764236,1.0,0.9814629554748535
YLR093C,YHR039C,0,-4.98996,0.09430473297834396,1.0,0.981563150882721
YPL249C,YBR104W,0,-4.9900713,0.09429601579904556,1.0,0.9816633462905884
YOR144C,YJR096W,0,-4.9946985,0.09428729861974716,1.0,0.9817635416984558
YNL331C,YGR158C,0,-4.998139,0.09427858144044876,1.0,0.9818637371063232
YER031C,YJL057C,0,-5.005578,0.09426987171173096,1.0,0.9819639325141907
YOR103C,YOR141C,0,-5.0056934,0.09426116198301315,1.0,0.9820641279220581
YEL060C,YDR395W,0,-5.0057116,0.09425245225429535,1.0,0.9821643233299255
YBR302C,YNL035C,0,-5.0069437,0.09424374252557755,1.0,0.982264518737793
YER007C-A,YML054C,0,-5.0102043,0.09423503279685974,1.0,0.9823647141456604
YMR262W,YNR012W,0,-5.0127745,0.09422633051872253,1.0,0.9824649095535278
YPL158C,YFR015C,0,-5.013136,0.09421762079000473,1.0,0.9825651049613953
YGR254W,YGL059W,0,-5.014351,0.09420891851186752,1.0,0.9826653599739075
YGL191W,YDR093W,0,-5.019144,0.09420022368431091,1.0,0.9827655553817749
YNL197C,YPR155C,0,-5.0196753,0.0941915214061737,1.0,0.9828657507896423
YER003C,YMR052W,0,-5.022745,0.0941828265786171,1.0,0.9829659461975098
YIL101C,YER129W,0,-5.0238314,0.09417413175106049,1.0,0.9830661416053772
YNL125C,YDR302W,0,-5.0241804,0.09416543692350388,1.0,0.9831663370132446
YDR206W,YNL045W,0,-5.024559,0.09415674209594727,1.0,0.9832665324211121
YOR188W,YPL203W,0,-5.029772,0.09414805471897125,1.0,0.9833667278289795
YKL218C,YDR120C,0,-5.0298195,0.09413935989141464,1.0,0.9834669232368469
YMR110C,YKL052C,0,-5.0342493,0.09413067251443863,1.0,0.9835671186447144
YLR120C,YBL002W,0,-5.0373764,0.09412199258804321,1.0,0.9836673140525818
YPL015C,YML026C,0,-5.0377407,0.0941133052110672,1.0,0.9837675094604492
YBL003C,YOR113W,0,-5.0377727,0.09410462528467178,1.0,0.9838677644729614
YDL143W,YOR100C,0,-5.044901,0.09409593790769577,1.0,0.9839679598808289
YMR029C,YHR023W,0,-5.04694,0.09408725798130035,1.0,0.9840681552886963
YJR044C,YOR341W,0,-5.04852,0.09407858550548553,1.0,0.9841683506965637
YDR247W,YDL226C,0,-5.0521774,0.09406990557909012,1.0,0.9842685461044312
YML120C,YHR026W,0,-5.0548162,0.0940612331032753,1.0,0.9843687415122986
YKL150W,YFR005C,0,-5.0571957,0.09405256062746048,1.0,0.984468936920166
YFR005C,YBL075C,0,-5.0583367,0.09404388815164566,1.0,0.9845691323280334
YLR441C,YER143W,0,-5.0585938,0.09403521567583084,1.0,0.9846693277359009
YHR013C,YDL025C,0,-5.05939,0.09402655065059662,1.0,0.9847695231437683
YDR343C,YCL054W,0,-5.062891,0.0940178781747818,1.0,0.9848697185516357
YML120C,YOL130W,0,-5.0671797,0.09400921314954758,1.0,0.9849699139595032
YAL051W,YJR066W,0,-5.068597,0.09400055557489395,1.0,0.9850701689720154
YIL138C,YIL101C,0,-5.074728,0.09399189054965973,1.0,0.9851703643798828
YLR360W,YPL221W,0,-5.0811205,0.0939832329750061,1.0,0.9852705597877502
YHR149C,YLR054C,0,-5.084033,0.09397456794977188,1.0,0.9853707551956177
YCR031C,YOR173W,0,-5.0943685,0.09396591782569885,1.0,0.9854709506034851
YHR161C,YKL063C,0,-5.09708,0.09395726025104523,1.0,0.9855711460113525
YPR132W,YKL148C,0,-5.098736,0.0939486026763916,1.0,0.98567134141922
YIR033W,YPR028W,0,-5.0998497,0.09393995255231857,1.0,0.9857715368270874
YMR029C,YNL076W,0,-5.1002607,0.09393130242824554,1.0,0.9858717322349548
YBR069C,YLR119W,0,-5.109075,0.09392265230417252,1.0,0.9859719276428223
YGL196W,YOR096W,0,-5.110824,0.09391400218009949,1.0,0.9860721230506897
YNL181W,YNR069C,0,-5.112547,0.09390535950660706,1.0,0.9861723184585571
YDR536W,YEL034W,0,-5.1153984,0.09389671683311462,1.0,0.9862725734710693
YML055W,YLR001C,0,-5.11758,0.09388807415962219,1.0,0.9863727688789368
YCR020C,YJR015W,0,-5.1196747,0.09387943148612976,1.0,0.9864729642868042
YIL019W,YCR021C,0,-5.122925,0.09387078881263733,1.0,0.9865731596946716
YNL209W,YOR245C,0,-5.1327276,0.0938621535897255,1.0,0.9866733551025391
YGL253W,YIR013C,0,-5.136018,0.09385351836681366,1.0,0.9867735505104065
YER020W,YPL105C,0,-5.1390753,0.09384488314390182,1.0,0.9868737459182739
YOR155C,YLR442C,0,-5.1403,0.09383624792098999,1.0,0.9869739413261414
YNL113W,YDL222C,0,-5.1474,0.09382761269807816,1.0,0.9870741367340088
YER141W,YOL006C,0,-5.150299,0.09381898492574692,1.0,0.9871743321418762
YBL004W,YML131W,0,-5.1510315,0.09381035715341568,1.0,0.9872745275497437
YPL171C,YNR038W,0,-5.155036,0.09380172938108444,1.0,0.9873747229576111
YGL123W,YPL088W,0,-5.16339,0.0937931016087532,1.0,0.9874749779701233
YOL052C-A,YDR507C,0,-5.16583,0.09378448128700256,1.0,0.9875751733779907
YER070W,YPR134W,0,-5.171175,0.09377586096525192,1.0,0.9876753687858582
YPR118W,YNL134C,0,-5.185357,0.09376723319292068,1.0,0.9877755641937256
YOR036W,YOR151C,0,-5.188628,0.09375862032175064,1.0,0.987875759601593
YGR295C,YOL027C,0,-5.1923256,0.09375,1.0,0.9879759550094604
YOR386W,YOR091W,0,-5.196295,0.09374138712882996,1.0,0.9880761504173279
YLR240W,YHR045W,0,-5.1977363,0.09373276680707932,1.0,0.9881763458251953
YJR091C,YEL044W,0,-5.198804,0.09372415393590927,1.0,0.9882765412330627
YNL241C,YLR074C,0,-5.199524,0.09371554851531982,1.0,0.9883767366409302
YGL196W,YNR016C,0,-5.199663,0.09370693564414978,1.0,0.9884769320487976
YPL144W,YOR132W,0,-5.2019806,0.09369833022356033,1.0,0.988577127456665
YPL126W,YCR004C,0,-5.203872,0.09368972480297089,1.0,0.9886773824691772
YLR274W,YDR001C,0,-5.207552,0.09368111938238144,1.0,0.9887775778770447
YCR034W,YGL055W,0,-5.2081623,0.09367251396179199,1.0,0.9888777732849121
YDL099W,YPR003C,0,-5.209161,0.09366390854120255,1.0,0.9889779686927795
YJL137C,YGR061C,0,-5.223072,0.0936553105711937,1.0,0.989078164100647
YNL241C,YJL109C,0,-5.226054,0.09364671260118484,1.0,0.9891783595085144
YOL060C,YNL256W,0,-5.2393227,0.093638114631176,1.0,0.9892785549163818
YPR097W,YER039C,0,-5.2493215,0.09362952411174774,1.0,0.9893787503242493
YER118C,YNL194C,0,-5.2523193,0.09362092614173889,1.0,0.9894789457321167
YER004W,YNL292W,0,-5.2697773,0.09361233562231064,1.0,0.9895791411399841
YNL194C,YER112W,0,-5.2772646,0.09360374510288239,1.0,0.9896793365478516
YKR090W,YLR239C,0,-5.2898874,0.09359515458345413,1.0,0.989779531955719
YDR052C,YDR533C,0,-5.294338,0.09358656406402588,1.0,0.9898797869682312
YIL043C,YPR185W,0,-5.306284,0.09357798099517822,1.0,0.9899799823760986
YKR061W,YPL146C,0,-5.313851,0.09356939792633057,1.0,0.9900801777839661
YIL091C,YMR170C,0,-5.315468,0.09356081485748291,1.0,0.9901803731918335
YBL064C,YNL066W,0,-5.3167906,0.09355223178863525,1.0,0.9902805685997009
YKL080W,YOL032W,0,-5.317764,0.0935436561703682,1.0,0.9903807640075684
YEL027W,YHL021C,0,-5.3193326,0.09353507310152054,1.0,0.9904809594154358
YFR015C,YPR169W,0,-5.3241634,0.09352649748325348,1.0,0.9905811548233032
YBL054W,YNL305C,0,-5.3258553,0.09351792186498642,1.0,0.9906813502311707
YDR085C,YBL039C,0,-5.3317127,0.09350935369729996,1.0,0.9907815456390381
YDR171W,YLR210W,0,-5.3427796,0.0935007780790329,1.0,0.9908817410469055
YPL210C,YNL128W,0,-5.3595257,0.09349220991134644,1.0,0.990981936454773
YBR290W,YPL018W,0,-5.3710275,0.09348364174365997,1.0,0.9910821914672852
YLR378C,YDR058C,0,-5.376837,0.09347507357597351,1.0,0.9911823868751526
YDL014W,YMR175W,0,-5.3805733,0.09346650540828705,1.0,0.99128258228302
YDR479C,YDL082W,0,-5.381972,0.09345794469118118,1.0,0.9913827776908875
YBR121C,YML042W,0,-5.392847,0.09344938397407532,1.0,0.9914829730987549
YER036C,YPL154C,0,-5.4053717,0.09344082325696945,1.0,0.9915831685066223
YGR244C,YMR091C,0,-5.422196,0.09343226253986359,1.0,0.9916833639144897
YLR297W,YOR335C,0,-5.4225464,0.09342370182275772,1.0,0.9917835593223572
YPR184W,YML074C,0,-5.4328556,0.09341514855623245,1.0,0.9918837547302246
YKL029C,YCL040W,0,-5.4363794,0.09340659528970718,1.0,0.991983950138092
YMR152W,YHR063C,0,-5.440555,0.09339804202318192,1.0,0.9920841455459595
YGR256W,YLR398C,0,-5.462439,0.09338948875665665,1.0,0.9921843409538269
YHR105W,YGL246C,0,-5.4644794,0.09338094294071198,1.0,0.9922845959663391
YPR184W,YMR121C,0,-5.4669995,0.0933723896741867,1.0,0.9923847913742065
YCR010C,YPL220W,0,-5.494939,0.09336384385824203,1.0,0.992484986782074
YKL046C,YDR533C,0,-5.501188,0.09335529804229736,1.0,0.9925851821899414
YAL012W,YGR088W,0,-5.5122204,0.09334675222635269,1.0,0.9926853775978088
YBL027W,YDL020C,0,-5.5259857,0.09333821386098862,1.0,0.9927855730056763
YPL207W,YDL025C,0,-5.5343456,0.09332967549562454,1.0,0.9928857684135437
YLR448W,YGL087C,0,-5.5372257,0.09332113713026047,1.0,0.9929859638214111
YBR054W,YIR004W,0,-5.5377407,0.09331259876489639,1.0,0.9930861592292786
YLR299W,YBR189W,0,-5.54358,0.09330406039953232,1.0,0.993186354637146
YBL040C,YMR086W,0,-5.5476885,0.09329552948474884,1.0,0.9932865500450134
YBR181C,YOL119C,0,-5.5559845,0.09328699111938477,1.0,0.9933867454528809
YJL153C,YBR248C,0,-5.5613384,0.09327846020460129,1.0,0.9934870004653931
YPL031C,YIL052C,0,-5.5751276,0.09326993674039841,1.0,0.9935871958732605
YAR008W,YDR533C,0,-5.604179,0.09326140582561493,1.0,0.9936873912811279
YKL152C,YGL121C,0,-5.626157,0.09325288236141205,1.0,0.9937875866889954
YKL065C,YPL032C,0,-5.640933,0.09324435144662857,1.0,0.9938877820968628
YBR154C,YPL171C,0,-5.655798,0.09323583543300629,1.0,0.9939879775047302
YBR126C,YEL001C,0,-5.6697273,0.0932273119688034,1.0,0.9940881729125977
YKR046C,YER056C-A,0,-5.692563,0.09321878850460052,1.0,0.9941883683204651
YHR096C,YOR056C,0,-5.6956806,0.09321027249097824,1.0,0.9942885637283325
YCL040W,YJL076W,0,-5.71167,0.09320175647735596,1.0,0.9943887591362
YLR061W,YHL044W,0,-5.715581,0.09319324046373367,1.0,0.9944889545440674
YOL064C,YML100W,0,-5.724967,0.09318472445011139,1.0,0.9945891499519348
YOR247W,YGL121C,0,-5.726495,0.0931762158870697,1.0,0.994689404964447
YOR198C,YKL026C,0,-5.749444,0.09316769987344742,1.0,0.9947896003723145
YBR241C,YLR249W,0,-5.7533894,0.09315919131040573,1.0,0.9948897957801819
YPR154W,YNL096C,0,-5.78808,0.09315068274736404,1.0,0.9949899911880493
YGL234W,YMR081C,0,-5.8038807,0.09314218163490295,1.0,0.9950901865959167
YGR260W,YGR161C,0,-5.8123713,0.09313367307186127,1.0,0.9951903820037842
YKL143W,YBR139W,0,-5.8194737,0.09312517195940018,1.0,0.9952905774116516
YLL039C,YDR399W,0,-5.8450103,0.09311667084693909,1.0,0.995390772819519
YHR096C,YJL080C,0,-5.853248,0.093108169734478,1.0,0.9954909682273865
YNL194C,YOR210W,0,-5.8553534,0.0930996686220169,1.0,0.9955911636352539
YER118C,YJR096W,0,-5.889006,0.09309117496013641,1.0,0.9956913590431213
YNL067W,YPR155C,0,-5.905039,0.09308268129825592,1.0,0.9957915544509888
YEL042W,YLR178C,0,-5.924286,0.09307418763637543,1.0,0.995891809463501
YPR132W,YCR091W,0,-5.97517,0.09306569397449493,1.0,0.9959920048713684
YML100W,YNL023C,0,-5.993477,0.09305720031261444,1.0,0.9960922002792358
YPL181W,YDL145C,0,-5.997222,0.09304871410131454,1.0,0.9961923956871033
YDR436W,YOL123W,0,-6.012146,0.09304022789001465,1.0,0.9962925910949707
YBR199W,YDR258C,0,-6.0245085,0.09303174167871475,1.0,0.9963927865028381
YIL136W,YOR167C,0,-6.029034,0.09302325546741486,1.0,0.9964929819107056
YNL194C,YOR260W,0,-6.039855,0.09301476925611496,1.0,0.996593177318573
YEL026W,YIL101C,0,-6.0747175,0.09300629049539566,1.0,0.9966933727264404
YDR012W,YMR105C,0,-6.0934935,0.09299781173467636,1.0,0.9967935681343079
YAL030W,YHR141C,0,-6.1460667,0.09298933297395706,1.0,0.9968937635421753
YDR120C,YDR001C,0,-6.207428,0.09298085421323776,1.0,0.9969939589500427
YML120C,YNR054C,0,-6.209037,0.09297238290309906,1.0,0.9970942139625549
YLL026W,YGR103W,0,-6.2105846,0.09296391159296036,1.0,0.9971944093704224
YDR184C,YJR096W,0,-6.2504315,0.09295543283224106,1.0,0.9972946047782898
YMR133W,YLR367W,0,-6.291913,0.09294696897268295,1.0,0.9973948001861572
YML077W,YDR127W,0,-6.2946835,0.09293849766254425,1.0,0.9974949955940247
YMR014W,YPR184W,0,-6.34339,0.09293002635240555,1.0,0.9975951910018921
YGR061C,YOR374W,0,-6.365069,0.09292156249284744,1.0,0.9976953864097595
YDR513W,YHR070W,0,-6.3798304,0.09291309863328934,1.0,0.997795581817627
YNL067W,YOR036W,0,-6.3958154,0.09290463477373123,1.0,0.9978957772254944
YMR014W,YGR008C,0,-6.414141,0.09289617836475372,1.0,0.9979959726333618
YBR267W,YER053C,0,-6.443427,0.09288771450519562,1.0,0.9980961680412292
YLR409C,YCR021C,0,-6.462414,0.09287925809621811,1.0,0.9981963634490967
YPL004C,YHR020W,0,-6.5032415,0.0928708016872406,1.0,0.9982966184616089
YDR216W,YNL088W,0,-6.609091,0.09286234527826309,1.0,0.9983968138694763
YLL026W,YEL054C,0,-6.617138,0.09285388886928558,1.0,0.9984970092773438
YGR148C,YNL009W,0,-6.648979,0.09284543991088867,1.0,0.9985972046852112
YER131W,YPL230W,0,-6.722961,0.09283699095249176,1.0,0.9986974000930786
YGR017W,YPR042C,0,-6.769759,0.09282854199409485,1.0,0.998797595500946
YPL249C-A,YDL079C,0,-6.8031406,0.09282009303569794,1.0,0.9988977909088135
YLR413W,YPR151C,0,-6.8225346,0.09281164407730103,1.0,0.9989979863166809
YPL081W,YBR214W,0,-6.9532504,0.09280320256948471,1.0,0.9990981817245483
YNL096C,YHL021C,0,-7.049672,0.0927947610616684,1.0,0.9991983771324158
YHR138C,YLR441C,0,-7.4021626,0.09278631955385208,1.0,0.9992985725402832
YPL210C,YKR095W,0,-8.120784,0.09277787804603577,1.0,0.9993987679481506
YML077W,YOR356W,0,-8.392572,0.09276944398880005,1.0,0.9994990229606628
YAR009C,YNL088W,0,-10.006659,0.09276100248098373,1.0,0.9995992183685303
YBR136W,YAR009C,0,-10.121174,0.09275256842374802,1.0,0.9996994137763977
YLR442C,YDR127W,0,-10.555765,0.0927441343665123,1.0,0.9997996091842651
YPL144W,YOL078W,0,-13.2288475,0.09273570030927658,1.0,0.9998998045921326
YPL085W,YDL243C,0,-16.269423,0.09272727370262146,1.0,1.0
