Gene A,Gene B,Label,Score,Precision,Recall,False Positive Rate
YPL026C,YNL318C,1,-0.445278,1.0,0.0010000000474974513,0.0
YJL214W,YGL225W,1,-0.52207804,1.0,0.0020000000949949026,0.0
YHL022C,YLR266C,0,-0.60361636,0.6666666865348816,0.0020000000949949026,9.999999747378752e-05
YML047C,YGL001C,0,-0.668489,0.5,0.0020000000949949026,0.00019999999494757503
YFL011W,YDL194W,1,-0.7004481,0.6000000238418579,0.003000000026077032,0.00019999999494757503
YER157W,YGR055W,0,-0.71790606,0.5,0.003000000026077032,0.0003000000142492354
YJL214W,YNL318C,1,-0.72233176,0.5714285969734192,0.004000000189989805,0.0003000000142492354
YNL318C,YPR026W,1,-0.7570833,0.625,0.004999999888241291,0.0003000000142492354
YNL318C,YMR011W,1,-0.7573671,0.6666666865348816,0.006000000052154064,0.0003000000142492354
YMR074C,YIR009W,0,-0.774765,0.6000000238418579,0.006000000052154064,0.00039999998989515007
YNL318C,YDR277C,1,-0.78399223,0.6363636255264282,0.007000000216066837,0.00039999998989515007
YLR121C,YNL204C,0,-0.79016066,0.5833333134651184,0.007000000216066837,0.0005000000237487257
YBL071W-A,YAR007C,0,-0.7931878,0.5384615659713745,0.007000000216066837,0.0006000000284984708
YDL245C,YEL004W,1,-0.81554615,0.5714285969734192,0.00800000037997961,0.0006000000284984708
YDL194W,YOL156W,1,-0.8302395,0.6000000238418579,0.008999999612569809,0.0006000000284984708
YFL011W,YGL084C,1,-0.8333782,0.625,0.009999999776482582,0.0006000000284984708
YDR277C,YJL219W,1,-0.83530366,0.6470588445663452,0.010999999940395355,0.0006000000284984708
YOL157C,YOL103W,0,-0.8398913,0.6111111044883728,0.010999999940395355,0.000699999975040555
YGL225W,YOL156W,1,-0.84192324,0.6315789222717285,0.012000000104308128,0.000699999975040555
YLL052C,YGL225W,0,-0.84217715,0.6000000238418579,0.012000000104308128,0.0007999999797903001
YOR349W,YBR079C,0,-0.8463818,0.5714285969734192,0.012000000104308128,0.0008999999845400453
YIL074C,YGR044C,0,-0.84757125,0.5454545617103577,0.012000000104308128,0.0010000000474974513
YGR212W,YAR015W,0,-0.8520597,0.52173912525177,0.012000000104308128,0.0010999999940395355
YJR158W,YGR097W,1,-0.852762,0.5416666865348816,0.013000000268220901,0.0010999999940395355
YML038C,YOL156W,1,-0.85607004,0.5600000023841858,0.014000000432133675,0.0010999999940395355
YLL043W,YOL156W,1,-0.8571639,0.5769230723381042,0.014999999664723873,0.0010999999940395355
YBL030C,YGL094C,0,-0.8576431,0.5555555820465088,0.014999999664723873,0.0012000000569969416
YOL156W,YPR023C,0,-0.861969,0.5357142686843872,0.014999999664723873,0.0013000000035390258
YCR095C,YOR177C,0,-0.8663146,0.517241358757019,0.014999999664723873,0.00139999995008111
YKR077W,YEL017C-A,0,-0.8664715,0.5,0.014999999664723873,0.001500000013038516
YDR522C,YPR005C,0,-0.869871,0.4838709533214569,0.014999999664723873,0.0015999999595806003
YCL040W,YNL318C,1,-0.8724929,0.5,0.01600000075995922,0.0015999999595806003
YBL074C,YLR337C,0,-0.8748002,0.4848484992980957,0.01600000075995922,0.0017000000225380063
YER159C,YML047C,0,-0.8752291,0.47058823704719543,0.01600000075995922,0.0017999999690800905
YJL052W,YJL083W,0,-0.8764746,0.4571428596973419,0.01600000075995922,0.0019000000320374966
YML038C,YEL069C,1,-0.8821274,0.4722222089767456,0.017000000923871994,0.0019000000320374966
YPL244C,YOL156W,1,-0.8879904,0.4864864945411682,0.017999999225139618,0.0019000000320374966
YBR235W,YJL137C,0,-0.88840073,0.4736842215061188,0.017999999225139618,0.0020000000949949026
YML001W,YBR034C,0,-0.8935109,0.4615384638309479,0.017999999225139618,0.002099999925121665
YMR325W,YLR467W,0,-0.89445657,0.44999998807907104,0.017999999225139618,0.002199999988079071
YNL318C,YPR115W,1,-0.8996114,0.46341463923454285,0.01899999938905239,0.002199999988079071
YML038C,YNR072W,1,-0.89995354,0.4761904776096344,0.019999999552965164,0.002199999988079071
YJR088C,YOR021C,0,-0.9002727,0.4651162922382355,0.019999999552965164,0.002300000051036477
YML027W,YDR007W,0,-0.90030587,0.4545454680919647,0.019999999552965164,0.002400000113993883
YLR081W,YOL156W,1,-0.90241474,0.46666666865348816,0.020999999716877937,0.002400000113993883
YHR107C,YJR124C,0,-0.9051512,0.45652174949645996,0.020999999716877937,0.0024999999441206455
YJR042W,YLR271W,0,-0.90556884,0.44680851697921753,0.020999999716877937,0.0026000000070780516
YPL183W-A,YBR025C,0,-0.906097,0.4375,0.020999999716877937,0.0027000000700354576
YHR094C,YJL186W,0,-0.907303,0.4285714328289032,0.020999999716877937,0.00279999990016222
YKL162C,YBR212W,0,-0.9091973,0.41999998688697815,0.020999999716877937,0.002899999963119626
YFL011W,YGL253W,1,-0.90980065,0.4313725531101227,0.02199999988079071,0.002899999963119626
YNL318C,YHR096C,1,-0.9099017,0.4423076808452606,0.023000000044703484,0.002899999963119626
YOR046C,YKR070W,0,-0.9116828,0.43396225571632385,0.023000000044703484,0.003000000026077032
YLR081W,YMR011W,1,-0.9134146,0.4444444477558136,0.024000000208616257,0.003000000026077032
YHR162W,YLL029W,0,-0.92021,0.4363636374473572,0.024000000208616257,0.003100000089034438
YEL004W,YEL069C,1,-0.9291554,0.4464285671710968,0.02500000037252903,0.003100000089034438
YDL199C,YML038C,1,-0.92941636,0.45614033937454224,0.026000000536441803,0.003100000089034438
YLR410W,YCR089W,0,-0.9331109,0.4482758641242981,0.026000000536441803,0.0031999999191612005
YML066C,YNL321W,0,-0.93810976,0.4406779706478119,0.026000000536441803,0.0032999999821186066
YLR001C,YMR179W,0,-0.94092584,0.4333333373069763,0.026000000536441803,0.0034000000450760126
YKL162C,YDR251W,0,-0.94175756,0.4262295067310333,0.026000000536441803,0.0035000001080334187
YKL180W,YDR092W,0,-0.9451856,0.4193548262119293,0.026000000536441803,0.003599999938160181
YFL011W,YDR277C,1,-0.94538414,0.4285714328289032,0.027000000700354576,0.003599999938160181
YDR018C,YBL093C,0,-0.9472587,0.421875,0.027000000700354576,0.003700000001117587
YBR018C,YGL026C,0,-0.95011115,0.4153846204280853,0.027000000700354576,0.003800000064074993
YMR074C,YGR188C,0,-0.95276093,0.40909090638160706,0.027000000700354576,0.0038999998942017555
YKL184W,YBL069W,0,-0.957518,0.4029850661754608,0.027000000700354576,0.004000000189989805
YIL170W,YNR072W,1,-0.9604402,0.4117647111415863,0.02800000086426735,0.004000000189989805
YPL143W,YKR059W,0,-0.9636952,0.4057970941066742,0.02800000086426735,0.004100000020116568
YPL189W,YHR096C,1,-0.9637217,0.41428571939468384,0.028999999165534973,0.004100000020116568
YBR302C,YOL091W,0,-0.9654517,0.4084506928920746,0.028999999165534973,0.00419999985024333
YDL155W,YNL148C,0,-0.96744865,0.4027777910232544,0.028999999165534973,0.00430000014603138
YPL130W,YDL100C,0,-0.96831614,0.39726027846336365,0.028999999165534973,0.004399999976158142
YIL053W,YBL106C,0,-0.9707648,0.3918918967247009,0.028999999165534973,0.0044999998062849045
YPL244C,YNR072W,1,-0.9727442,0.4000000059604645,0.029999999329447746,0.0044999998062849045
YDR289C,YMR232W,0,-0.9729921,0.3947368562221527,0.029999999329447746,0.004600000102072954
YPL026C,YOL156W,1,-0.9771199,0.4025973975658417,0.03099999949336052,0.004600000102072954
YDR277C,YDL138W,1,-0.9783875,0.41025641560554504,0.03200000151991844,0.004600000102072954
YKR077W,YER044C-A,0,-0.97928715,0.40506330132484436,0.03200000151991844,0.004699999932199717
YNR057C,YPL271W,0,-0.98021865,0.4000000059604645,0.03200000151991844,0.004800000227987766
YMR120C,YPL189W,0,-0.9804987,0.395061731338501,0.03200000151991844,0.004900000058114529
YMR300C,YPL183W-A,0,-0.982684,0.39024388790130615,0.03200000151991844,0.004999999888241291
YJR160C,YGL225W,1,-0.9831537,0.39759036898612976,0.032999999821186066,0.004999999888241291
YIL171W,YHR094C,1,-0.983759,0.4047619104385376,0.03400000184774399,0.004999999888241291
YIL172C,YBR236C,0,-0.9887713,0.4000000059604645,0.03400000184774399,0.005100000184029341
YJL225C,YGL261C,0,-0.9888828,0.39534884691238403,0.03400000184774399,0.005200000014156103
YLL052C,YER180C,0,-0.9909507,0.39080458879470825,0.03400000184774399,0.0052999998442828655
YJL012C,YMR019W,0,-0.9917363,0.3863636255264282,0.03400000184774399,0.005400000140070915
YBR020W,YDR014W,0,-0.9937403,0.3820224702358246,0.03400000184774399,0.005499999970197678
YDR277C,YOL156W,1,-0.9956607,0.3888888955116272,0.03500000014901161,0.005499999970197678
YFL011W,YLR081W,1,-0.9963881,0.3956044018268585,0.035999998450279236,0.005499999970197678
YDR333C,YGR170W,0,-0.9969676,0.3913043439388275,0.035999998450279236,0.00559999980032444
YHR183W,YGL033W,0,-0.9995963,0.3870967626571655,0.035999998450279236,0.00570000009611249
YFR011C,YBR143C,0,-0.99995905,0.38297873735427856,0.035999998450279236,0.005799999926239252
YDR277C,YFL054C,1,-1.0010813,0.38947367668151855,0.03700000047683716,0.005799999926239252
YGL084C,YEL069C,1,-1.0020157,0.3958333432674408,0.03799999877810478,0.005799999926239252
YER044C-A,YDL048C,0,-1.0046555,0.39175257086753845,0.03799999877810478,0.005900000222027302
YLR355C,YLR265C,0,-1.0083477,0.3877550959587097,0.03799999877810478,0.006000000052154064
YLR081W,YGL104C,1,-1.0090477,0.39393940567970276,0.039000000804662704,0.006000000052154064
YMR289W,YBR085W,0,-1.0103397,0.38999998569488525,0.039000000804662704,0.006099999882280827
YDR477W,YGL008C,0,-1.0104157,0.3861386179924011,0.039000000804662704,0.006200000178068876
YHL018W,YPL130W,0,-1.0109367,0.38235294818878174,0.039000000804662704,0.006300000008195639
YEL016C,YGR016W,0,-1.0117581,0.3786407709121704,0.039000000804662704,0.006399999838322401
YGR016W,YGR135W,0,-1.0151767,0.375,0.039000000804662704,0.006500000134110451
YPL026C,YNR072W,1,-1.0168796,0.380952388048172,0.03999999910593033,0.006500000134110451
YIL074C,YLR121C,0,-1.0168982,0.37735849618911743,0.03999999910593033,0.006599999964237213
YGR083C,YNL065W,0,-1.0182827,0.37383177876472473,0.03999999910593033,0.0066999997943639755
YIL170W,YEL004W,1,-1.019384,0.37962964177131653,0.04100000113248825,0.0066999997943639755
YNL164C,YPR147C,0,-1.0228022,0.3761467933654785,0.04100000113248825,0.006800000090152025
YJR160C,YHR092C,1,-1.0233216,0.38181817531585693,0.041999999433755875,0.006800000090152025
YML001W,YNL002C,0,-1.023477,0.37837839126586914,0.041999999433755875,0.006899999920278788
YJL029C,YJL052W,0,-1.0235554,0.375,0.041999999433755875,0.007000000216066837
YPL183W-A,YOR206W,0,-1.0240167,0.37168142199516296,0.041999999433755875,0.0071000000461936
YCR079W,YIL067C,0,-1.0262668,0.3684210479259491,0.041999999433755875,0.007199999876320362
YER092W,YFR041C,0,-1.0274203,0.365217387676239,0.041999999433755875,0.007300000172108412
YMR012W,YLR340W,0,-1.0275857,0.36206895112991333,0.041999999433755875,0.007400000002235174
YER145C,YIL169C,0,-1.028103,0.3589743673801422,0.041999999433755875,0.007499999832361937
YML047C,YGL200C,0,-1.0305248,0.35593220591545105,0.041999999433755875,0.007600000128149986
YEL019C,YBR265W,0,-1.0342638,0.3529411852359772,0.041999999433755875,0.007699999958276749
YBL100W-A,YKL064W,0,-1.0359149,0.3499999940395355,0.041999999433755875,0.007799999788403511
YFL011W,YOL156W,1,-1.0370475,0.35537189245224,0.0430000014603138,0.007799999788403511
YNL318C,YDL194W,1,-1.0376947,0.3606557250022888,0.04399999976158142,0.007799999788403511
YOR349W,YKR059W,0,-1.0378641,0.35772356390953064,0.04399999976158142,0.007899999618530273
YPL221W,YOL091W,0,-1.0391271,0.35483869910240173,0.04399999976158142,0.00800000037997961
YJL012C,YBR179C,0,-1.0412918,0.35199999809265137,0.04399999976158142,0.008100000210106373
YER041W,YOR285W,0,-1.0413084,0.3492063581943512,0.04399999976158142,0.008200000040233135
YOR204W,YBR245C,0,-1.0425394,0.34645670652389526,0.04399999976158142,0.008299999870359898
YIL170W,YOL156W,1,-1.0425781,0.3515625,0.04500000178813934,0.008299999870359898
YMR011W,YJL219W,1,-1.0427921,0.356589138507843,0.04600000008940697,0.008299999870359898
YLR050C,YDL121C,0,-1.044653,0.35384616255760193,0.04600000008940697,0.00839999970048666
YBR007C,YBR262C,0,-1.0447077,0.35114502906799316,0.04600000008940697,0.008500000461935997
YBR302C,YOL156W,0,-1.0458895,0.3484848439693451,0.04600000008940697,0.00860000029206276
YDL245C,YHR092C,1,-1.0467678,0.35338345170021057,0.04699999839067459,0.00860000029206276
YLR050C,YML088W,0,-1.0478922,0.3507462739944458,0.04699999839067459,0.008700000122189522
YGR097W,YFL054C,1,-1.048636,0.35555556416511536,0.04800000041723251,0.008700000122189522
YDL194W,YEL069C,1,-1.0486926,0.3602941036224365,0.04899999871850014,0.008700000122189522
YBR242W,YNL029C,0,-1.0502177,0.35766422748565674,0.04899999871850014,0.008799999952316284
YPL168W,YDL225W,0,-1.0503005,0.3550724685192108,0.04899999871850014,0.008899999782443047
YOR030W,YIL067C,0,-1.0510709,0.3525179922580719,0.04899999871850014,0.008999999612569809
YIL171W,YGL225W,1,-1.0517312,0.3571428656578064,0.05000000074505806,0.008999999612569809
YDR473C,YLL040C,0,-1.0546374,0.3546099364757538,0.05000000074505806,0.009100000374019146
YPL026C,YJL219W,1,-1.0563575,0.35915493965148926,0.050999999046325684,0.009100000374019146
YGR289C,YBL020W,1,-1.0577376,0.3636363744735718,0.052000001072883606,0.009100000374019146
YPL214C,YBR018C,0,-1.0589441,0.3611111044883728,0.052000001072883606,0.009200000204145908
YJR149W,YIL082W-A,0,-1.0594226,0.35862070322036743,0.052000001072883606,0.00930000003427267
YJL030W,YIR030C,0,-1.0595508,0.3561643958091736,0.052000001072883606,0.009399999864399433
YMR011W,YDL138W,1,-1.0602287,0.36054420471191406,0.05299999937415123,0.009399999864399433
YNL039W,YML133C,0,-1.0606006,0.3581081032752991,0.05299999937415123,0.009499999694526196
YKL006W,YBR118W,0,-1.0607705,0.3557046949863434,0.05299999937415123,0.009600000455975533
YPR003C,YMR019W,0,-1.0633196,0.35333332419395447,0.05299999937415123,0.009700000286102295
YDL007W,YHL022C,0,-1.0660037,0.3509933650493622,0.05299999937415123,0.009800000116229057
YGL225W,YEL069C,1,-1.066428,0.3552631437778473,0.05400000140070915,0.009800000116229057
YNL318C,YDL138W,1,-1.0675694,0.35947713255882263,0.054999999701976776,0.009800000116229057
YOR243C,YJL186W,0,-1.0675837,0.3571428656578064,0.054999999701976776,0.00989999994635582
YDL224C,YJL153C,0,-1.0695525,0.35483869910240173,0.054999999701976776,0.009999999776482582
YCR032W,YMR106C,0,-1.0696417,0.35256409645080566,0.054999999701976776,0.010099999606609344
YHR071W,YER180C,0,-1.0719434,0.35031846165657043,0.054999999701976776,0.010200000368058681
YFL011W,YBR298C,1,-1.0732734,0.3544303774833679,0.0560000017285347,0.010200000368058681
YKR084C,YKR070W,0,-1.0733796,0.3522012531757355,0.0560000017285347,0.010300000198185444
YKL134C,YDL211C,0,-1.0743649,0.3499999940395355,0.0560000017285347,0.010400000028312206
YDR457W,YNL311C,0,-1.0747288,0.3478260934352875,0.0560000017285347,0.010499999858438969
YOL156W,YBL020W,1,-1.0747498,0.35185185074806213,0.05700000002980232,0.010499999858438969
YHL022C,YNL112W,0,-1.0747771,0.349693238735199,0.05700000002980232,0.010599999688565731
YPL130W,YBR079C,0,-1.0755813,0.34756097197532654,0.05700000002980232,0.010700000450015068
YLL013C,YIL048W,0,-1.0773348,0.34545454382896423,0.05700000002980232,0.01080000028014183
YLL057C,YBR212W,0,-1.0806136,0.34337350726127625,0.05700000002980232,0.010900000110268593
YER184C,YHR016C,0,-1.081601,0.341317355632782,0.05700000002980232,0.010999999940395355
YDL121C,YJL186W,0,-1.0818425,0.3392857015132904,0.05700000002980232,0.011099999770522118
YMR239C,YGR221C,0,-1.0819467,0.3372780978679657,0.05700000002980232,0.01119999960064888
YKL180W,YDR384C,0,-1.0819596,0.33529412746429443,0.05700000002980232,0.011300000362098217
YFL011W,YJL219W,1,-1.0822091,0.3391812741756439,0.057999998331069946,0.011300000362098217
YCR024C-A,YOL041C,0,-1.0824125,0.3372093141078949,0.057999998331069946,0.01140000019222498
YPL076W,YNR027W,0,-1.0832117,0.3352601230144501,0.057999998331069946,0.011500000022351742
YJL219W,YLL043W,1,-1.0839292,0.33908045291900635,0.05900000035762787,0.011500000022351742
YOR084W,YJL133W,0,-1.0840687,0.33714285492897034,0.05900000035762787,0.011599999852478504
YCL032W,YGL017W,0,-1.0844625,0.33522728085517883,0.05900000035762787,0.011699999682605267
YGL104C,YPL189W,1,-1.0845834,0.33898305892944336,0.05999999865889549,0.011699999682605267
YDR277C,YPL189W,1,-1.0847917,0.3426966369152069,0.061000000685453415,0.011699999682605267
YHL032C,YIL067C,0,-1.0852613,0.34078213572502136,0.061000000685453415,0.011800000444054604
YDL138W,YDR536W,1,-1.085265,0.3444444537162781,0.06199999898672104,0.011800000444054604
YFL011W,YGL225W,1,-1.0857464,0.3480663001537323,0.06300000101327896,0.011800000444054604
YHR094C,YGR034W,0,-1.0879653,0.3461538553237915,0.06300000101327896,0.011900000274181366
YDR457W,YGR250C,0,-1.0893985,0.3442623019218445,0.06300000101327896,0.012000000104308128
YOR028C,YIL169C,0,-1.0898224,0.34239131212234497,0.06300000101327896,0.01209999993443489
YIL171W,YDL194W,1,-1.0898999,0.34594595432281494,0.06400000303983688,0.01209999993443489
YPL072W,YPL187W,0,-1.0906512,0.34408602118492126,0.06400000303983688,0.012199999764561653
YIL170W,YDL245C,1,-1.0907973,0.3475935757160187,0.06499999761581421,0.012199999764561653
YKL132C,YOR084W,0,-1.0921464,0.34574466943740845,0.06499999761581421,0.012299999594688416
YMR002W,YBR085W,0,-1.0945344,0.34391534328460693,0.06499999761581421,0.012400000356137753
YNR072W,YBL020W,1,-1.0947046,0.34736841917037964,0.06599999964237213,0.012400000356137753
YPL187W,YHR191C,0,-1.0949478,0.34554973244667053,0.06599999964237213,0.012500000186264515
YBR235W,YPL271W,0,-1.0966257,0.34375,0.06599999964237213,0.012600000016391277
YGR097W,YNL318C,1,-1.0972847,0.3471502661705017,0.06700000166893005,0.012600000016391277
YJL214W,YDR345C,1,-1.0978699,0.3505154550075531,0.06800000369548798,0.012600000016391277
YDL155W,YOL053W,0,-1.0987209,0.34871795773506165,0.06800000369548798,0.01269999984651804
YBR236C,YMR124W,0,-1.1002189,0.3469387888908386,0.06800000369548798,0.012799999676644802
YOL064C,YER076C,0,-1.1007031,0.34517765045166016,0.06800000369548798,0.012900000438094139
YGR221C,YGL168W,0,-1.1008316,0.34343433380126953,0.06800000369548798,0.013000000268220901
YDR452W,YPL113C,0,-1.1023003,0.34170854091644287,0.06800000369548798,0.013100000098347664
YDL223C,YML133C,0,-1.1026663,0.3400000035762787,0.06800000369548798,0.013199999928474426
YOR047C,YPL061W,0,-1.1034117,0.3383084535598755,0.06800000369548798,0.013299999758601189
YDL065C,YDR018C,0,-1.1039435,0.3366336524486542,0.06800000369548798,0.013399999588727951
YLR224W,YDR202C,0,-1.1042019,0.33497536182403564,0.06800000369548798,0.013500000350177288
YPL189W,YDR342C,1,-1.104237,0.3382352888584137,0.0689999982714653,0.013500000350177288
YGL225W,YJL219W,1,-1.1048926,0.3414634168148041,0.07000000029802322,0.013500000350177288
YAR019C,YDR522C,0,-1.1074525,0.33980581164360046,0.07000000029802322,0.01360000018030405
YAL048C,YCR032W,0,-1.1075112,0.33816424012184143,0.07000000029802322,0.013700000010430813
YJL214W,YHR092C,1,-1.1076884,0.3413461446762085,0.07100000232458115,0.013700000010430813
YOR093C,YJR072C,0,-1.1082247,0.339712917804718,0.07100000232458115,0.013799999840557575
YLR173W,YDL223C,0,-1.1082376,0.3380952477455139,0.07100000232458115,0.013899999670684338
YER044C-A,YBR029C,0,-1.1089628,0.3364928960800171,0.07100000232458115,0.014000000432133675
YER165W,YKL170W,0,-1.1096816,0.3349056541919708,0.07100000232458115,0.014100000262260437
YLR390W,YLR448W,0,-1.1099195,0.3333333432674408,0.07100000232458115,0.0142000000923872
YNR072W,YDL247W,1,-1.1105962,0.336448609828949,0.07199999690055847,0.0142000000923872
YHR016C,YMR325W,0,-1.1108056,0.3348837196826935,0.07199999690055847,0.014299999922513962
YCR012W,YFR041C,0,-1.1123866,0.3333333432674408,0.07199999690055847,0.014399999752640724
YDL247W,YHR092C,1,-1.1123899,0.33640551567077637,0.0729999989271164,0.014399999752640724
YKL119C,YBR271W,0,-1.1127459,0.3348623812198639,0.0729999989271164,0.014499999582767487
YIL171W,YEL004W,1,-1.1131477,0.3378995358943939,0.07400000095367432,0.014499999582767487
YGL253W,YLL043W,1,-1.1138409,0.34090909361839294,0.07500000298023224,0.014499999582767487
YGR058W,YBR045C,0,-1.1138449,0.33936652541160583,0.07500000298023224,0.014600000344216824
YPR047W,YNL103W,0,-1.1147307,0.3378378450870514,0.07500000298023224,0.014700000174343586
YOR016C,YAR028W,0,-1.1152277,0.3363228738307953,0.07500000298023224,0.014800000004470348
YER007W,YOR298C-A,0,-1.1154892,0.3348214328289032,0.07500000298023224,0.01489999983459711
YKR058W,YOR365C,0,-1.1156453,0.3333333432674408,0.07500000298023224,0.014999999664723873
YCR018C,YLR278C,0,-1.1169721,0.33185839653015137,0.07500000298023224,0.01510000042617321
YOR163W,YJR124C,0,-1.1170394,0.33039647340774536,0.07500000298023224,0.015200000256299973
YDR282C,YOR177C,0,-1.1172616,0.32894736528396606,0.07500000298023224,0.015300000086426735
YLL050C,YIL145C,0,-1.1173544,0.32751092314720154,0.07500000298023224,0.015399999916553497
YJR160C,YBR227C,0,-1.1178919,0.32608696818351746,0.07500000298023224,0.01549999974668026
YDR403W,YMR221C,0,-1.1183171,0.3246753215789795,0.07500000298023224,0.015599999576807022
YPL189W,YDR536W,1,-1.1184462,0.32758620381355286,0.07599999755620956,0.015599999576807022
YPL221W,YGR188C,0,-1.1187521,0.32618024945259094,0.07599999755620956,0.015699999406933784
YGR236C,YLR007W,0,-1.1188155,0.32478633522987366,0.07599999755620956,0.015799999237060547
YNL019C,YKL054C,0,-1.1189002,0.3234042525291443,0.07599999755620956,0.01590000092983246
YCL020W,YNL005C,0,-1.1190928,0.32203391194343567,0.07599999755620956,0.01600000075995922
YLL029W,YHL022C,0,-1.1191615,0.3206751048564911,0.07599999755620956,0.016100000590085983
YBR060C,YMR011W,0,-1.1193508,0.3193277418613434,0.07599999755620956,0.016200000420212746
YML059C,YMR306W,0,-1.1207488,0.3179916441440582,0.07599999755620956,0.016300000250339508
YPL187W,YGL097W,0,-1.1213726,0.3166666626930237,0.07599999755620956,0.01640000008046627
YER184C,YPR140W,0,-1.121378,0.3153527081012726,0.07599999755620956,0.016499999910593033
YIL171W,YLL043W,1,-1.1218435,0.3181818127632141,0.07699999958276749,0.016499999910593033
YDR524C,YDL130W,0,-1.1222295,0.31687241792678833,0.07699999958276749,0.016599999740719795
YER184C,YAL051W,0,-1.1224933,0.3155737817287445,0.07699999958276749,0.016699999570846558
YDR474C,YPL040C,0,-1.1228983,0.3142857253551483,0.07699999958276749,0.01679999940097332
YDL100C,YPL158C,0,-1.1229068,0.3130081295967102,0.07699999958276749,0.016899999231100082
YBR115C,YGL094C,0,-1.1232487,0.311740905046463,0.07699999958276749,0.017000000923871994
YLL013C,YMR011W,0,-1.1235414,0.3104838728904724,0.07699999958276749,0.017100000753998756
YIL067C,YDL061C,0,-1.1255617,0.30923694372177124,0.07699999958276749,0.01720000058412552
YBR020W,YDL178W,0,-1.1272811,0.30799999833106995,0.07699999958276749,0.01730000041425228
YCR104W,YMR258C,0,-1.1273981,0.306772917509079,0.07699999958276749,0.017400000244379044
YKL046C,YIR035C,0,-1.1277791,0.3055555522441864,0.07699999958276749,0.017500000074505806
YDL199C,YLL043W,1,-1.1282029,0.3083004057407379,0.07800000160932541,0.017500000074505806
YDR424C,YCR027C,0,-1.1282623,0.30708661675453186,0.07800000160932541,0.01759999990463257
YBR171W,YEL068C,0,-1.1295797,0.30588236451148987,0.07800000160932541,0.01769999973475933
YER153C,YKL085W,0,-1.1297377,0.3046875,0.07800000160932541,0.017799999564886093
YDL247W,YOL156W,1,-1.1313192,0.30739298462867737,0.07900000363588333,0.017799999564886093
YDR309C,YMR011W,0,-1.1323832,0.3062015473842621,0.07900000363588333,0.017899999395012856
YDR007W,YGR224W,0,-1.1324629,0.3050193190574646,0.07900000363588333,0.017999999225139618
YBL074C,YLR083C,0,-1.1325884,0.303846150636673,0.07900000363588333,0.01810000091791153
YKL120W,YML088W,0,-1.1326787,0.30268198251724243,0.07900000363588333,0.018200000748038292
YNR071C,YEL006W,0,-1.1330863,0.3015267252922058,0.07900000363588333,0.018300000578165054
YIL171W,YDR277C,1,-1.1345748,0.3041824996471405,0.07999999821186066,0.018300000578165054
YJR061W,YLR095C,0,-1.1351044,0.3030303120613098,0.07999999821186066,0.018400000408291817
YJR123W,YHL004W,0,-1.1354257,0.30188679695129395,0.07999999821186066,0.01850000023841858
YGR289C,YGR097W,1,-1.1354551,0.30451127886772156,0.08100000023841858,0.01850000023841858
YGL027C,YDR437W,0,-1.136219,0.30337077379226685,0.08100000023841858,0.01860000006854534
YBR181C,YDR375C,0,-1.1363531,0.302238792181015,0.08100000023841858,0.018699999898672104
YGL184C,YHR109W,0,-1.1370965,0.3011152446269989,0.08100000023841858,0.018799999728798866
YOR347C,YJL225C,0,-1.1372231,0.30000001192092896,0.08100000023841858,0.01889999955892563
YOR221C,YBR211C,0,-1.1382091,0.2988929748535156,0.08100000023841858,0.01899999938905239
YKR077W,YPL130W,0,-1.1383107,0.2977941036224365,0.08100000023841858,0.019099999219179153
YOR093C,YLR223C,0,-1.1385729,0.2967033088207245,0.08100000023841858,0.019200000911951065
YJL012C,YML047C,0,-1.1389707,0.2956204414367676,0.08100000023841858,0.019300000742077827
YLR099C,YGL184C,0,-1.1393286,0.294545441865921,0.08100000023841858,0.01940000057220459
YCL026C-B,YAL060W,0,-1.139345,0.29347825050354004,0.08100000023841858,0.019500000402331352
YFL011W,YLL043W,1,-1.1401347,0.29602888226509094,0.0820000022649765,0.019500000402331352
YGR084C,YPL076W,0,-1.1416234,0.2949640154838562,0.0820000022649765,0.019600000232458115
YFL061W,YMR221C,0,-1.1421622,0.2939068078994751,0.0820000022649765,0.019700000062584877
YIL171W,YDR342C,1,-1.1423279,0.2964285612106323,0.08299999684095383,0.019700000062584877
YDR064W,YGR096W,0,-1.1423411,0.29537367820739746,0.08299999684095383,0.01979999989271164
YHR094C,YLR337C,0,-1.1426543,0.2943262457847595,0.08299999684095383,0.019899999722838402
YGR184C,YER066W,0,-1.1429793,0.29328620433807373,0.08299999684095383,0.019999999552965164
YGR169C-A,YDR142C,0,-1.1435889,0.2922535240650177,0.08299999684095383,0.020099999383091927
YJR094W-A,YGL079W,0,-1.1437244,0.2912280559539795,0.08299999684095383,0.02019999921321869
YLL010C,YBR118W,0,-1.1438013,0.2902098000049591,0.08299999684095383,0.0203000009059906
YBR235W,YGR033C,0,-1.1438953,0.2891986072063446,0.08299999684095383,0.020400000736117363
YPL221W,YBR007C,0,-1.1442643,0.2881944477558136,0.08299999684095383,0.020500000566244125
YER092W,YLR270W,0,-1.1445863,0.2871972322463989,0.08299999684095383,0.020600000396370888
YJL026W,YNL197C,0,-1.1446993,0.2862069010734558,0.08299999684095383,0.02070000022649765
YLR307W,YDL175C,0,-1.1450024,0.2852233648300171,0.08299999684095383,0.020800000056624413
YLR453C,YDL171C,0,-1.1454101,0.284246563911438,0.08299999684095383,0.020899999886751175
YDL121C,YLR220W,0,-1.1461016,0.28327643871307373,0.08299999684095383,0.020999999716877937
YBR162W-A,YKR070W,0,-1.1472887,0.28231292963027954,0.08299999684095383,0.0210999995470047
YGL191W,YDL211C,0,-1.1477079,0.28135591745376587,0.08299999684095383,0.021199999377131462
YOL156W,YJR155W,0,-1.1484485,0.2804054021835327,0.08299999684095383,0.021299999207258224
YPR003C,YKL188C,0,-1.1484514,0.2794612646102905,0.08299999684095383,0.021400000900030136
YOL156W,YDL224C,0,-1.1488483,0.2785235047340393,0.08299999684095383,0.0215000007301569
YLR422W,YPL113C,0,-1.1497837,0.2775919735431671,0.08299999684095383,0.02160000056028366
YIL171W,YHR092C,1,-1.1501602,0.2800000011920929,0.08399999886751175,0.02160000056028366
YGR289C,YEL004W,1,-1.150916,0.2823920249938965,0.08500000089406967,0.02160000056028366
YCR012W,YKR029C,0,-1.1528152,0.28145694732666016,0.08500000089406967,0.021700000390410423
YGR289C,YNL318C,1,-1.1533947,0.28382837772369385,0.0860000029206276,0.021700000390410423
YCR042C,YPR083W,0,-1.1535174,0.28289473056793213,0.0860000029206276,0.021800000220537186
YOL156W,YKL072W,0,-1.1538842,0.2819672226905823,0.0860000029206276,0.021900000050663948
YDL202W,YGR055W,0,-1.154339,0.2810457646846771,0.0860000029206276,0.02199999988079071
YOL091W,YFL061W,0,-1.1544794,0.2801302969455719,0.0860000029206276,0.022099999710917473
YAR019C,YLL055W,0,-1.1553665,0.2792207896709442,0.0860000029206276,0.022199999541044235
YLR224W,YNL005C,0,-1.1554133,0.2783171534538269,0.0860000029206276,0.022299999371170998
YAR019C,YGR250C,0,-1.15621,0.2774193584918976,0.0860000029206276,0.02239999920129776
YJL209W,YLR050C,0,-1.1569109,0.2765273451805115,0.0860000029206276,0.02250000089406967
YEL016C,YBR189W,0,-1.1578656,0.2756410241127014,0.0860000029206276,0.022600000724196434
YJR065C,YOR019W,0,-1.1582566,0.2747603952884674,0.0860000029206276,0.022700000554323196
YIL171W,YIL170W,1,-1.1585219,0.2770700752735138,0.08699999749660492,0.022700000554323196
YDR522C,YBR126C,0,-1.158801,0.27619048953056335,0.08699999749660492,0.02280000038444996
YLR286C,YML017W,0,-1.1589218,0.275316447019577,0.08699999749660492,0.02290000021457672
YLR271W,YMR278W,0,-1.1589302,0.2744479477405548,0.08699999749660492,0.023000000044703484
YPR007C,YLR467W,0,-1.159393,0.27358490228652954,0.08699999749660492,0.023099999874830246
YER076C,YKR070W,0,-1.1594415,0.27272728085517883,0.08699999749660492,0.02319999970495701
YNL196C,YKR066C,0,-1.1595302,0.2718749940395355,0.08699999749660492,0.02329999953508377
YJR061W,YBL093C,0,-1.1600417,0.2710280418395996,0.08699999749660492,0.023399999365210533
YIL172C,YLR095C,0,-1.1604441,0.27018633484840393,0.08699999749660492,0.023499999195337296
YNL318C,YFR053C,1,-1.1608032,0.27244582772254944,0.08799999952316284,0.023499999195337296
YAR015W,YJL127C-B,0,-1.1610864,0.2716049253940582,0.08799999952316284,0.023600000888109207
YML059C,YDL054C,0,-1.1616576,0.27076923847198486,0.08799999952316284,0.02370000071823597
YGR009C,YGL033W,0,-1.1621702,0.2699386477470398,0.08799999952316284,0.023800000548362732
YDR282C,YDL170W,0,-1.1621851,0.269113153219223,0.08799999952316284,0.023900000378489494
YHR109W,YEL017C-A,0,-1.163656,0.26829269528388977,0.08799999952316284,0.024000000208616257
YPL130W,YLR007W,0,-1.1639401,0.26747721433639526,0.08799999952316284,0.02410000003874302
YOL137W,YER076C,0,-1.1642202,0.2666666805744171,0.08799999952316284,0.02419999986886978
YPL026C,YDL245C,1,-1.1648424,0.2688821852207184,0.08900000154972076,0.02419999986886978
YAL068C,YNL242W,0,-1.1648973,0.2680722773075104,0.08900000154972076,0.024299999698996544
YHR079C-A,YGL200C,0,-1.1653079,0.26726725697517395,0.08900000154972076,0.024399999529123306
YER145C,YGR096W,0,-1.1659528,0.26646706461906433,0.08900000154972076,0.02449999935925007
YMR012W,YER056C,0,-1.1659936,0.26567164063453674,0.08900000154972076,0.02459999918937683
YOR021C,YNL135C,0,-1.1665555,0.2648809552192688,0.08900000154972076,0.024700000882148743
YDR282C,YOR151C,0,-1.1666579,0.2640949487686157,0.08900000154972076,0.024800000712275505
YIL074C,YER039C,0,-1.1668376,0.2633136212825775,0.08900000154972076,0.024900000542402267
YOR152C,YML064C,0,-1.1669041,0.262536883354187,0.08900000154972076,0.02500000037252903
YMR036C,YDL130W,0,-1.1672482,0.2617647051811218,0.08900000154972076,0.025100000202655792
YDL138W,YNR072W,1,-1.1678466,0.2639296054840088,0.09000000357627869,0.025100000202655792
YER001W,YER029C,0,-1.1682442,0.2631579041481018,0.09000000357627869,0.025200000032782555
YNL173C,YDR437W,0,-1.168692,0.262390673160553,0.09000000357627869,0.025299999862909317
YER044C-A,YCR028C-A,0,-1.1692176,0.2616279125213623,0.09000000357627869,0.02539999969303608
YLR356W,YLR440C,0,-1.1697615,0.260869562625885,0.09000000357627869,0.025499999523162842
YDL229W,YCR092C,0,-1.1707731,0.2601155936717987,0.09000000357627869,0.025599999353289604
YMR213W,YKL162C,0,-1.1711887,0.2593660056591034,0.09000000357627869,0.025699999183416367
YCL020W,YJL023C,0,-1.1714424,0.2586206793785095,0.09000000357627869,0.025800000876188278
YDL194W,YJL219W,1,-1.1714714,0.26074498891830444,0.09099999815225601,0.025800000876188278
YNR008W,YPL249C-A,0,-1.1715062,0.25999999046325684,0.09099999815225601,0.02590000070631504
YPL187W,YNL146W,0,-1.1715947,0.25925925374031067,0.09099999815225601,0.026000000536441803
YLR371W,YGR169C-A,0,-1.1717728,0.25852271914482117,0.09099999815225601,0.026100000366568565
YAR015W,YMR106C,0,-1.1722488,0.25779035687446594,0.09099999815225601,0.026200000196695328
YLL043W,YHR094C,1,-1.172318,0.2598870098590851,0.09200000017881393,0.026200000196695328
YHL001W,YBR278W,0,-1.1723443,0.25915491580963135,0.09200000017881393,0.02630000002682209
YNL318C,YIL171W,1,-1.1724601,0.26123595237731934,0.09300000220537186,0.02630000002682209
YGR059W,YHR158C,0,-1.1725084,0.26050421595573425,0.09300000220537186,0.026399999856948853
YCR020W-B,YGR042W,0,-1.1729394,0.2597765326499939,0.09300000220537186,0.026499999687075615
YDR474C,YDR200C,0,-1.1731625,0.25905293226242065,0.09300000220537186,0.026599999517202377
YLR442C,YPL052W-A,0,-1.1734174,0.25833332538604736,0.09300000220537186,0.02669999934732914
YBL015W,YER072W,0,-1.1734751,0.2576177418231964,0.09300000220537186,0.026799999177455902
YDR093W,YGR067C,0,-1.1735498,0.25690609216690063,0.09300000220537186,0.026900000870227814
YDL123W,YPR113W,0,-1.1740772,0.25619834661483765,0.09300000220537186,0.027000000700354576
YJL191W,YJR141W,0,-1.1745678,0.25549450516700745,0.09300000220537186,0.02710000053048134
YLR325C,YMR011W,0,-1.175198,0.25479450821876526,0.09300000220537186,0.0272000003606081
YDR524C,YIL067C,0,-1.1752084,0.2540983557701111,0.09300000220537186,0.027300000190734863
YHR092C,YFL054C,1,-1.1758927,0.25613078474998474,0.09399999678134918,0.027300000190734863
YLR390W,YLR278C,0,-1.1759251,0.2554347813129425,0.09399999678134918,0.027400000020861626
YBL071W-A,YJR113C,0,-1.1761966,0.2547425329685211,0.09399999678134918,0.027499999850988388
YIL067C,YER001W,0,-1.1764482,0.2540540397167206,0.09399999678134918,0.02759999968111515
YJL065C,YAR028W,0,-1.1764888,0.2533692717552185,0.09399999678134918,0.027699999511241913
YJR160C,YGR278W,0,-1.1783087,0.2526881694793701,0.09399999678134918,0.027799999341368675
YLR081W,YDL247W,1,-1.1792227,0.2546916902065277,0.0949999988079071,0.027799999341368675
YJL214W,YPL244C,1,-1.1797563,0.25668448209762573,0.09600000083446503,0.027799999341368675
YJL214W,YGR097W,1,-1.1799599,0.25866666436195374,0.09700000286102295,0.027799999341368675
YGR059W,YPR003C,0,-1.1800176,0.25797873735427856,0.09700000286102295,0.027899999171495438
YJR141W,YNL312W,0,-1.1800598,0.2572944164276123,0.09700000286102295,0.02800000086426735
YCL001W,YPL113C,0,-1.1814919,0.25661376118659973,0.09700000286102295,0.02810000069439411
YGR212W,YNL019C,0,-1.1821336,0.2559366822242737,0.09700000286102295,0.028200000524520874
YGL010W,YEL064C,0,-1.1837755,0.25526314973831177,0.09700000286102295,0.028300000354647636
YCL026C-B,YDR234W,0,-1.1840081,0.254593163728714,0.09700000286102295,0.0284000001847744
YAL029C,YPL189W,0,-1.1842837,0.25392669439315796,0.09700000286102295,0.02850000001490116
YNR040W,YDL175C,0,-1.1848563,0.2532637119293213,0.09700000286102295,0.028599999845027924
YHL022C,YLR129W,0,-1.1854161,0.2526041567325592,0.09700000286102295,0.028699999675154686
YBR115C,YGL203C,0,-1.185865,0.2519480586051941,0.09700000286102295,0.02879999950528145
YBR092C,YML066C,0,-1.1860179,0.2512953281402588,0.09700000286102295,0.02889999933540821
YDR342C,YGR156W,0,-1.1860738,0.2506459951400757,0.09700000286102295,0.028999999165534973
YGL084C,YHR094C,1,-1.1861373,0.2525773048400879,0.09799999743700027,0.028999999165534973
YIL082W-A,YIL097W,0,-1.1863718,0.25192803144454956,0.09799999743700027,0.029100000858306885
YFL011W,YFR053C,1,-1.1870757,0.2538461685180664,0.0989999994635582,0.029100000858306885
YPL061W,YDL225W,0,-1.1872752,0.25319692492485046,0.0989999994635582,0.029200000688433647
YDL121C,YCR028C-A,0,-1.1874337,0.25255101919174194,0.0989999994635582,0.02930000051856041
YLR371W,YGR292W,0,-1.1875433,0.25190839171409607,0.0989999994635582,0.029400000348687172
YAL044C,YHR134W,0,-1.1876667,0.25126904249191284,0.0989999994635582,0.029500000178813934
YER044C-A,YML010W,0,-1.1876925,0.2506329119205475,0.0989999994635582,0.029600000008940697
YJR124C,YOR094W,0,-1.1877576,0.25,0.0989999994635582,0.02969999983906746
YMR011W,YIL170W,1,-1.1880401,0.251889169216156,0.10000000149011612,0.02969999983906746
YNL318C,YBL020W,1,-1.1884278,0.25376883149147034,0.10100000351667404,0.02969999983906746
YBL039W-B,YPL189W,0,-1.1885031,0.25313282012939453,0.10100000351667404,0.02979999966919422
YAR019C,YPR003C,0,-1.1885804,0.2524999976158142,0.10100000351667404,0.029899999499320984
YEL020W-A,YOR243C,0,-1.1888832,0.251870334148407,0.10100000351667404,0.029999999329447746
YDL229W,YMR219W,0,-1.1890754,0.2512437701225281,0.10100000351667404,0.03009999915957451
YLL010C,YHR079C,0,-1.189364,0.2506203353404999,0.10100000351667404,0.03020000085234642
YHR175W,YMR096W,0,-1.1894898,0.25,0.10100000351667404,0.030300000682473183
YOR365C,YIL095W,0,-1.1904413,0.24938271939754486,0.10100000351667404,0.030400000512599945
YNR040W,YGR292W,0,-1.1905935,0.24876847863197327,0.10100000351667404,0.030500000342726707
YKR059W,YER018C,0,-1.1911399,0.24815724790096283,0.10100000351667404,0.03060000017285347
YMR011W,YEL069C,1,-1.1924359,0.25,0.10199999809265137,0.03060000017285347
YCL003W,YBR211C,0,-1.1924777,0.24938875436782837,0.10199999809265137,0.030700000002980232
YNL318C,YDR345C,1,-1.1925819,0.2512195110321045,0.10300000011920929,0.030700000002980232
YBL015W,YNL197C,0,-1.1928145,0.25060826539993286,0.10300000011920929,0.030799999833106995
YDR503C,YMR120C,0,-1.1928233,0.25,0.10300000011920929,0.030899999663233757
YDL144C,YGL168W,0,-1.1928695,0.24939467012882233,0.10300000011920929,0.03099999949336052
YKL033W,YML017W,0,-1.1930046,0.24879227578639984,0.10300000011920929,0.031099999323487282
YGR096W,YPR140W,0,-1.1931101,0.24819277226924896,0.10300000011920929,0.031199999153614044
YLR422W,YGR067C,0,-1.193278,0.2475961595773697,0.10300000011920929,0.031300000846385956
YOR134W,YFR021W,0,-1.1934019,0.24700239300727844,0.10300000011920929,0.03139999881386757
YBL069W,YJL026W,0,-1.1934041,0.2464114874601364,0.10300000011920929,0.03150000050663948
YBR265W,YMR221C,0,-1.1939012,0.24582338333129883,0.10300000011920929,0.031599998474121094
YBL054W,YNL088W,0,-1.1943309,0.24523809552192688,0.10300000011920929,0.031700000166893005
YOR115C,YPL168W,0,-1.1943505,0.244655579328537,0.10300000011920929,0.03180000185966492
YLL054C,YAR071W,0,-1.1945589,0.24407583475112915,0.10300000011920929,0.03189999982714653
YNR050C,YMR239C,0,-1.1946646,0.2434988170862198,0.10300000011920929,0.03200000151991844
YML017W,YIL009W,0,-1.1950175,0.2429245263338089,0.10300000011920929,0.032099999487400055
YOR163W,YNR067C,0,-1.1952,0.2423529475927353,0.10300000011920929,0.03220000118017197
YAL034W-A,YMR262W,0,-1.1953672,0.24178403615951538,0.10300000011920929,0.03229999914765358
YIL171W,YPL244C,1,-1.1955942,0.24355971813201904,0.10400000214576721,0.03229999914765358
YMR265C,YDR367W,0,-1.1967937,0.2429906576871872,0.10400000214576721,0.03240000084042549
YPR155C,YKR101W,0,-1.1968747,0.24242424964904785,0.10400000214576721,0.032499998807907104
YNL126W,YOL019W,0,-1.1972013,0.24186046421527863,0.10400000214576721,0.032600000500679016
YFL011W,YDR342C,1,-1.1974336,0.24361948668956757,0.10499999672174454,0.032600000500679016
YML070W,YMR232W,0,-1.1976486,0.2430555522441864,0.10499999672174454,0.03269999846816063
YNR007C,YMR305C,0,-1.1977468,0.24249422550201416,0.10499999672174454,0.03280000016093254
YLR204W,YDL211C,0,-1.1991396,0.24193547666072845,0.10499999672174454,0.03290000185370445
YGL084C,YNL318C,1,-1.1993375,0.24367816746234894,0.10599999874830246,0.03290000185370445
YHR071W,YMR021C,0,-1.1993455,0.2431192696094513,0.10599999874830246,0.032999999821186066
YJR160C,YNR072W,1,-1.199473,0.2448512613773346,0.10700000077486038,0.032999999821186066
YHR080C,YIL162W,0,-1.1995126,0.2442922443151474,0.10700000077486038,0.03310000151395798
YDL103C,YMR232W,0,-1.1996521,0.24373576045036316,0.10700000077486038,0.03319999948143959
YOL098C,YDR223W,0,-1.199797,0.24318182468414307,0.10700000077486038,0.0333000011742115
YLR298C,YOL156W,0,-1.2007079,0.24263039231300354,0.10700000077486038,0.033399999141693115
YFR043C,YGL210W-A,0,-1.2008809,0.2420814484357834,0.10700000077486038,0.03350000083446503
YAR028W,YBR059C,0,-1.2009665,0.2415349930524826,0.10700000077486038,0.03359999880194664
YJL012C,YLR467W,0,-1.2011777,0.2409909963607788,0.10700000077486038,0.03370000049471855
YHR079C-A,YLR266C,0,-1.2014049,0.2404494434595108,0.10700000077486038,0.033799998462200165
YOR093C,YLR172C,0,-1.2015303,0.2399103194475174,0.10700000077486038,0.033900000154972076
YIL171W,YDL245C,1,-1.2015985,0.24161073565483093,0.1080000028014183,0.033900000154972076
YBR118W,YOR206W,0,-1.2018172,0.2410714328289032,0.1080000028014183,0.03400000184774399
YIL103W,YPL061W,0,-1.2028191,0.24053451418876648,0.1080000028014183,0.0340999998152256
YPL158C,YEL019C,0,-1.2033978,0.23999999463558197,0.1080000028014183,0.03420000150799751
YNL125C,YGR217W,0,-1.203673,0.23946784436702728,0.1080000028014183,0.034299999475479126
YEL004W,YOL156W,1,-1.2036897,0.24115043878555298,0.10899999737739563,0.034299999475479126
YJL127C-B,YNR067C,0,-1.2040038,0.24061809480190277,0.10899999737739563,0.03440000116825104
YHL035C,YER076C,0,-1.2042841,0.2400881052017212,0.10899999737739563,0.03449999913573265
YIL094C,YOR021C,0,-1.2046546,0.23956044018268585,0.10899999737739563,0.03460000082850456
YHR036W,YBL098W,0,-1.2050999,0.23903508484363556,0.10899999737739563,0.034699998795986176
YCR092C,YPL111W,0,-1.20524,0.2385120391845703,0.10899999737739563,0.03480000048875809
YNL223W,YJL049W,0,-1.2054471,0.23799127340316772,0.10899999737739563,0.0348999984562397
YGR204W,YHR080C,0,-1.2056123,0.2374727725982666,0.10899999737739563,0.03500000014901161
YOL137W,YHR113W,0,-1.2056788,0.23695652186870575,0.10899999737739563,0.035100001841783524
YPR097W,YER116C,0,-1.2059455,0.23644252121448517,0.10899999737739563,0.03519999980926514
YGL210W-A,YOR143C,0,-1.2061,0.23593074083328247,0.10899999737739563,0.03530000150203705
YOL083W,YPL001W,0,-1.2061102,0.23542116582393646,0.10899999737739563,0.03539999946951866
YOR391C,YKL107W,0,-1.206119,0.23491379618644714,0.10899999737739563,0.03550000116229057
YHR175W,YDR403W,0,-1.2061378,0.23440860211849213,0.10899999737739563,0.035599999129772186
YIL009W,YPL249C-A,0,-1.2062725,0.2339055836200714,0.10899999737739563,0.0357000008225441
YDL194W,YIL170W,1,-1.2062744,0.2355460375547409,0.10999999940395355,0.0357000008225441
YBR020W,YJL074C,0,-1.2062886,0.2350427359342575,0.10999999940395355,0.03579999879002571
YER015W,YDR542W,0,-1.2063309,0.23454158008098602,0.10999999940395355,0.03590000048279762
YOL142W,YHR080C,0,-1.2066213,0.23404255509376526,0.10999999940395355,0.035999998450279236
YOR221C,YML017W,0,-1.206782,0.23354564607143402,0.10999999940395355,0.03610000014305115
YJR031C,YNL019C,0,-1.2068499,0.2330508530139923,0.10999999940395355,0.03620000183582306
YML037C,YIL009W,0,-1.2069795,0.23255814611911774,0.10999999940395355,0.03629999980330467
YNR040W,YPR107C,0,-1.2082745,0.2320675104856491,0.10999999940395355,0.036400001496076584
YPL187W,YAL034W-A,0,-1.2087191,0.23157894611358643,0.10999999940395355,0.0364999994635582
YBL084C,YPL158C,0,-1.2088925,0.2310924381017685,0.10999999940395355,0.03660000115633011
YGR059W,YOL006C,0,-1.2110665,0.23060797154903412,0.10999999940395355,0.03669999912381172
YOL157C,YDR359C,0,-1.2114943,0.2301255166530609,0.10999999940395355,0.03680000081658363
YDR234W,YKL201C,0,-1.2116518,0.22964508831501007,0.10999999940395355,0.03689999878406525
YDR522C,YBR273C,0,-1.2117119,0.2291666716337204,0.10999999940395355,0.03700000047683716
YMR036C,YJL153C,0,-1.2117946,0.2286902219057083,0.10999999940395355,0.03709999844431877
YLR119W,YPL113C,0,-1.2118036,0.2282157689332962,0.10999999940395355,0.03720000013709068
YGR097W,YPL189W,1,-1.2123104,0.22981366515159607,0.11100000143051147,0.03720000013709068
YDR260C,YML066C,0,-1.2133893,0.2293388396501541,0.11100000143051147,0.037300001829862595
YHR079C-A,YHR138C,0,-1.2136012,0.22886598110198975,0.11100000143051147,0.03739999979734421
YFL011W,YHR092C,1,-1.2136974,0.23045267164707184,0.1120000034570694,0.03739999979734421
YBR255W,YML047C,0,-1.2139945,0.2299794703722,0.1120000034570694,0.03750000149011612
YIL067C,YGL073W,0,-1.214262,0.2295081913471222,0.1120000034570694,0.03759999945759773
YBL030C,YPL276W,0,-1.2144564,0.22903884947299957,0.1120000034570694,0.037700001150369644
YOL156W,YGL186C,0,-1.2149217,0.22857142984867096,0.1120000034570694,0.03779999911785126
YIL171W,YDL247W,1,-1.214942,0.23014256358146667,0.11299999803304672,0.03779999911785126
YNR076W,YPL052W-A,0,-1.214974,0.2296748012304306,0.11299999803304672,0.03790000081062317
YGR221C,YGL184C,0,-1.2156166,0.22920893132686615,0.11299999803304672,0.03799999877810478
YKL201C,YJL107C,0,-1.2166578,0.22874493896961212,0.11299999803304672,0.038100000470876694
YCR012W,YHR086W,0,-1.2169901,0.22828282415866852,0.11299999803304672,0.03819999843835831
YDR150W,YAR071W,0,-1.217882,0.22782258689403534,0.11299999803304672,0.03830000013113022
YLR307W,YDR150W,0,-1.2181813,0.227364182472229,0.11299999803304672,0.03840000182390213
YGR188C,YJR085C,0,-1.2183975,0.2269076257944107,0.11299999803304672,0.03849999979138374
YJR155W,YBR100W,0,-1.2184353,0.22645290195941925,0.11299999803304672,0.038600001484155655
YFL011W,YGR097W,1,-1.2185156,0.2280000001192093,0.11400000005960464,0.038600001484155655
YDR064W,YGR217W,0,-1.218793,0.227544903755188,0.11400000005960464,0.03869999945163727
YDL222C,YJL052W,0,-1.2194107,0.22709164023399353,0.11400000005960464,0.03880000114440918
YKL037W,YLR072W,0,-1.2199304,0.22664016485214233,0.11400000005960464,0.03889999911189079
YCR067C,YLR106C,0,-1.2207727,0.2261904776096344,0.11400000005960464,0.039000000804662704
YBL066C,YFL023W,0,-1.2208866,0.22574257850646973,0.11400000005960464,0.03909999877214432
YOR093C,YKL162C,0,-1.220954,0.22529643774032593,0.11400000005960464,0.03920000046491623
YPR058W,YDL130W,0,-1.2215852,0.2248520702123642,0.11400000005960464,0.03929999843239784
YGR169C-A,YCL034W,0,-1.2217013,0.22440944612026215,0.11400000005960464,0.039400000125169754
YHR080C,YPL055C,0,-1.2217075,0.22396856546401978,0.11400000005960464,0.039500001817941666
YBR271W,YMR305C,0,-1.2217838,0.2235294133424759,0.11400000005960464,0.03959999978542328
YLL050C,YPL111W,0,-1.2221593,0.2230919748544693,0.11400000005960464,0.03970000147819519
YGR289C,YIL171W,1,-1.2226533,0.224609375,0.11500000208616257,0.03970000147819519
YJR113C,YML066C,0,-1.2227074,0.22417153418064117,0.11500000208616257,0.039799999445676804
YDL138W,YEL069C,1,-1.2228683,0.22568093240261078,0.11599999666213989,0.039799999445676804
YJL225C,YGL065C,0,-1.2229073,0.2252427190542221,0.11599999666213989,0.039900001138448715
YBR241C,YBL020W,1,-1.2230948,0.22674418985843658,0.11699999868869781,0.039900001138448715
YNL261W,YMR023C,0,-1.2235881,0.22630560398101807,0.11699999868869781,0.03999999910593033
YFL011W,YIL170W,1,-1.2237892,0.2277992218732834,0.11800000071525574,0.03999999910593033
YNL146W,YDL044C,0,-1.2241461,0.2273603081703186,0.11800000071525574,0.04010000079870224
YJR088C,YML074C,0,-1.2243605,0.22692307829856873,0.11800000071525574,0.04019999876618385
YLR081W,YJL219W,1,-1.2247034,0.2284069061279297,0.11900000274181366,0.04019999876618385
YJL180C,YKL132C,0,-1.2248036,0.22796934843063354,0.11900000274181366,0.040300000458955765
YPL187W,YGL054C,0,-1.2251512,0.2275334596633911,0.11900000274181366,0.04039999842643738
YHR186C,YMR034C,0,-1.2251767,0.2270992398262024,0.11900000274181366,0.04050000011920929
YGR055W,YNL242W,0,-1.2257336,0.2266666740179062,0.11900000274181366,0.0406000018119812
YJR061W,YGL225W,0,-1.2258754,0.2262357473373413,0.11900000274181366,0.040699999779462814
YDR345C,YOL156W,1,-1.2267736,0.2277039885520935,0.11999999731779099,0.040699999779462814
YBR060C,YJL001W,0,-1.2269794,0.22727273404598236,0.11999999731779099,0.040800001472234726
YBR115C,YGL213C,0,-1.2271183,0.22684310376644135,0.11999999731779099,0.04089999943971634
YIL170W,YPL244C,1,-1.227463,0.22830188274383545,0.12099999934434891,0.04089999943971634
YPL043W,YGL231C,0,-1.22768,0.22787193953990936,0.12099999934434891,0.04100000113248825
YBR023C,YMR045C,0,-1.2280017,0.2274436056613922,0.12099999934434891,0.041099999099969864
YNR053C,YIL169C,0,-1.2283156,0.227016881108284,0.12099999934434891,0.041200000792741776
YDL245C,YDR536W,1,-1.2292527,0.22846442461013794,0.12200000137090683,0.041200000792741776
YDL229W,YMR216C,0,-1.2295424,0.22803738713264465,0.12200000137090683,0.04129999876022339
YOL064C,YMR119W,0,-1.2299031,0.2276119440793991,0.12200000137090683,0.0414000004529953
YDL155W,YJL026W,0,-1.2300012,0.2271880805492401,0.12200000137090683,0.04149999842047691
YLR325C,YNL181W,0,-1.2301987,0.22676579654216766,0.12200000137090683,0.041600000113248825
YJL186W,YLR167W,0,-1.2303358,0.22634507715702057,0.12200000137090683,0.04170000180602074
YKR101W,YDR513W,0,-1.2305223,0.22592592239379883,0.12200000137090683,0.04179999977350235
YNL173C,YIL112W,0,-1.2305986,0.22550831735134125,0.12200000137090683,0.04190000146627426
YEL068C,YIL162W,0,-1.2308949,0.22509224712848663,0.12200000137090683,0.041999999433755875
YHL032C,YNL181W,0,-1.2311364,0.22467771172523499,0.12200000137090683,0.042100001126527786
YHR162W,YLR206W,0,-1.2318492,0.2242647111415863,0.12200000137090683,0.0421999990940094
YNL242W,YBR189W,0,-1.2323549,0.2238532155752182,0.12200000137090683,0.04230000078678131
YGL240W,YGL099W,0,-1.232731,0.22344322502613068,0.12200000137090683,0.042399998754262924
YCL043C,YBL106C,0,-1.2336198,0.22303473949432373,0.12200000137090683,0.042500000447034836
YIL170W,YPL189W,1,-1.2339535,0.22445255517959595,0.12300000339746475,0.042500000447034836
YLL052C,YGR034W,0,-1.2342215,0.22404371201992035,0.12300000339746475,0.04259999841451645
YNL261W,YCR086W,0,-1.2343194,0.22363635897636414,0.12300000339746475,0.04270000010728836
YOR093C,YOL137W,0,-1.2344389,0.2232304960489273,0.12300000339746475,0.04280000180006027
YDR542W,YDL223C,0,-1.2352818,0.22282609343528748,0.12300000339746475,0.042899999767541885
YNL045W,YMR096W,0,-1.2354758,0.22242315113544464,0.12300000339746475,0.0430000014603138
YDL224C,YGL168W,0,-1.2357084,0.2220216542482376,0.12300000339746475,0.04309999942779541
YLR002C,YML045W,0,-1.236191,0.22162161767482758,0.12300000339746475,0.04320000112056732
YJL219W,YEL069C,1,-1.2362098,0.22302158176898956,0.12399999797344208,0.04320000112056732
YPR075C,YFL061W,0,-1.2362708,0.22262118756771088,0.12399999797344208,0.043299999088048935
YGR212W,YLL054C,0,-1.2371641,0.2222222238779068,0.12399999797344208,0.04340000078082085
YMR203W,YLR278C,0,-1.2374948,0.22182469069957733,0.12399999797344208,0.04349999874830246
YCL020W,YLR157C-A,0,-1.2377218,0.22142857313156128,0.12399999797344208,0.04360000044107437
YDR234W,YPL072W,0,-1.2379628,0.22103387117385864,0.12399999797344208,0.043699998408555984
YKL165C,YBR239C,0,-1.2379851,0.22064056992530823,0.12399999797344208,0.043800000101327896
YJR141W,YIL127C,0,-1.2382071,0.22024866938591003,0.12399999797344208,0.04390000179409981
YPL183W-A,YPL158C,0,-1.238717,0.21985815465450287,0.12399999797344208,0.04399999976158142
YML047C,YNR067C,0,-1.2392756,0.21946902573108673,0.12399999797344208,0.04410000145435333
YPL211W,YNL314W,0,-1.2392977,0.21908126771450043,0.12399999797344208,0.044199999421834946
YPL130W,YIL094C,0,-1.2394954,0.21869488060474396,0.12399999797344208,0.04430000111460686
YPL158C,YFL023W,0,-1.2406455,0.21830986440181732,0.12399999797344208,0.04439999908208847
YOR378W,YGL017W,0,-1.2407454,0.21792618930339813,0.12399999797344208,0.04450000077486038
YGL008C,YHR155W,0,-1.2413727,0.2175438553094864,0.12399999797344208,0.044599998742341995
YGL184C,YHL022C,0,-1.2414243,0.2171628773212433,0.12399999797344208,0.04470000043511391
YGL027C,YNR063W,0,-1.2416078,0.21678321063518524,0.12399999797344208,0.04479999840259552
YDR449C,YPL183W-A,0,-1.242274,0.21640488505363464,0.12399999797344208,0.04490000009536743
YFL011W,YCL040W,1,-1.2424201,0.2177700400352478,0.125,0.04490000009536743
YMR221C,YBR022W,0,-1.2427198,0.21739129722118378,0.125,0.04500000178813934
YIL171W,YBL020W,1,-1.243225,0.21875,0.12600000202655792,0.04500000178813934
YDL245C,YLL043W,1,-1.24338,0.22010397911071777,0.12700000405311584,0.04500000178813934
YHL018W,YBR038W,0,-1.2445107,0.219723179936409,0.12700000405311584,0.045099999755620956
YNR040W,YBL091C,0,-1.2446485,0.21934369206428528,0.12700000405311584,0.04520000144839287
YIL171W,YER039C,1,-1.2452368,0.22068965435028076,0.12800000607967377,0.04520000144839287
YDR234W,YER010C,0,-1.2453909,0.2203098088502884,0.12800000607967377,0.04529999941587448
YJL114W,YGL010W,0,-1.2454115,0.21993127465248108,0.12800000607967377,0.04540000110864639
YJL107C,YOL117W,0,-1.2455891,0.21955403685569763,0.12800000607967377,0.045499999076128006
YAL034W-A,YBR034C,0,-1.2457641,0.21917808055877686,0.12800000607967377,0.04560000076889992
YCL045C,YER145C,0,-1.2458422,0.21880342066287994,0.12800000607967377,0.04569999873638153
YKL140W,YJL127C-B,0,-1.2461239,0.2184300273656845,0.12800000607967377,0.04580000042915344
YDL121C,YDR315C,0,-1.246153,0.21805791556835175,0.12800000607967377,0.045899998396635056
YJL214W,YDL138W,1,-1.2463392,0.21938775479793549,0.1289999932050705,0.045899998396635056
YJR160C,YHR094C,1,-1.2463497,0.2207130789756775,0.12999999523162842,0.045899998396635056
YDL138W,YER039C,1,-1.2464286,0.22203390300273895,0.13099999725818634,0.045899998396635056
YML017W,YMR183C,0,-1.2465205,0.22165820002555847,0.13099999725818634,0.04600000008940697
YGL231C,YOR276W,0,-1.2466084,0.22128377854824066,0.13099999725818634,0.04610000178217888
YDL138W,YEL004W,1,-1.2466325,0.22259695827960968,0.13199999928474426,0.04610000178217888
YER031C,YOR378W,0,-1.2467672,0.2222222238779068,0.13199999928474426,0.04619999974966049
YJL209W,YER184C,0,-1.2470634,0.2218487411737442,0.13199999928474426,0.046300001442432404
YNL318C,YDR343C,1,-1.2483099,0.22315436601638794,0.13300000131130219,0.046300001442432404
YHR094C,YBR153W,0,-1.2503207,0.22278057038784027,0.13300000131130219,0.04639999940991402
YDR477W,YLR249W,0,-1.2503511,0.22240802645683289,0.13300000131130219,0.04650000110268593
YDR018C,YBR240C,0,-1.2505966,0.22203673422336578,0.13300000131130219,0.04659999907016754
YJL127C-B,YHR042W,0,-1.2509724,0.22166666388511658,0.13300000131130219,0.04670000076293945
YAR010C,YJR032W,0,-1.2512101,0.22129783034324646,0.13300000131130219,0.046799998730421066
YDR333C,YLR249W,0,-1.251707,0.22093023359775543,0.13300000131130219,0.04690000042319298
YLR355C,YGL054C,0,-1.2519304,0.2205638438463211,0.13300000131130219,0.04699999839067459
YPL189W,YPR115W,1,-1.25217,0.2218542993068695,0.1340000033378601,0.04699999839067459
YNL318C,YGL225W,1,-1.2529411,0.22314049303531647,0.13500000536441803,0.04699999839067459
YOR093C,YDL036C,0,-1.2529763,0.2227722704410553,0.13500000536441803,0.0471000000834465
YJL011C,YGL137W,0,-1.2530464,0.22240526974201202,0.13500000536441803,0.047200001776218414
YOR261C,YOL083W,0,-1.253219,0.22203947603702545,0.13500000536441803,0.04729999974370003
YAR028W,YEL049W,0,-1.2533599,0.2216748744249344,0.13500000536441803,0.04740000143647194
YCR023C,YOR153W,0,-1.2538408,0.22131147980690002,0.13500000536441803,0.04749999940395355
YPL183W-A,YJR124C,0,-1.2539105,0.22094926238059998,0.13500000536441803,0.047600001096725464
YPR115W,YBL020W,1,-1.254139,0.2222222238779068,0.13600000739097595,0.047600001096725464
YCR072C,YJL127C-B,0,-1.2542439,0.22185970842838287,0.13600000739097595,0.04769999906420708
YGL033W,YGR278W,0,-1.2545521,0.22149837017059326,0.13600000739097595,0.04780000075697899
YMR232W,YOR285W,0,-1.254689,0.22113820910453796,0.13600000739097595,0.0478999987244606
YKR065C,YIL127C,0,-1.2551243,0.22077922523021698,0.13600000739097595,0.04800000041723251
YDR333C,YIR006C,0,-1.2555776,0.22042138874530792,0.13600000739097595,0.04809999838471413
YPL166W,YDL109C,0,-1.2556891,0.22006472945213318,0.13600000739097595,0.04820000007748604
YCR091W,YJL107C,0,-1.2563118,0.21970920264720917,0.13600000739097595,0.04830000177025795
YMR210W,YOR171C,0,-1.2564073,0.21935483813285828,0.13600000739097595,0.04839999973773956
YJL127C-B,YBR173C,0,-1.2573445,0.21900160610675812,0.13600000739097595,0.048500001430511475
YGL091C,YJL127C-B,0,-1.2574304,0.21864952147006989,0.13600000739097595,0.04859999939799309
YNL318C,YHR092C,1,-1.2574373,0.21990369260311127,0.13699999451637268,0.04859999939799309
YJL110C,YNL135C,0,-1.2575488,0.21955128014087677,0.13699999451637268,0.048700001090765
YJL030W,YJL127C-B,0,-1.2585891,0.219200000166893,0.13699999451637268,0.04879999905824661
YMR232W,YMR154C,0,-1.2586125,0.21884983777999878,0.13699999451637268,0.048900000751018524
YJL142C,YPR007C,0,-1.2586143,0.2185007929801941,0.13699999451637268,0.04899999871850014
YBR115C,YDR367W,0,-1.2595183,0.21815286576747894,0.13699999451637268,0.04910000041127205
YLL050C,YIR009W,0,-1.2603427,0.21780604124069214,0.13699999451637268,0.04919999837875366
YGR097W,YLR081W,1,-1.2607473,0.21904762089252472,0.1379999965429306,0.04919999837875366
YER044C-A,YNR076W,0,-1.2608656,0.21870046854019165,0.1379999965429306,0.049300000071525574
YIL171W,YHR096C,1,-1.2609893,0.21993671357631683,0.13899999856948853,0.049300000071525574
YNL019C,YML064C,0,-1.2614866,0.2195892632007599,0.13899999856948853,0.049400001764297485
YOL142W,YCL045C,0,-1.2616264,0.2192429006099701,0.13899999856948853,0.0494999997317791
YGL084C,YOL156W,1,-1.2616919,0.22047244012355804,0.14000000059604645,0.0494999997317791
YDR277C,YBR241C,1,-1.2618343,0.2216981202363968,0.14100000262260437,0.0494999997317791
YJR061W,YPR075C,0,-1.2623675,0.2213500738143921,0.14100000262260437,0.04960000142455101
YKR086W,YNL146W,0,-1.2626046,0.22100313007831573,0.14100000262260437,0.04969999939203262
YMR114C,YBL057C,0,-1.2631261,0.22065727412700653,0.14100000262260437,0.049800001084804535
YER015W,YPL168W,0,-1.2636871,0.22031250596046448,0.14100000262260437,0.04989999905228615
YDR368W,YJR088C,0,-1.2637168,0.2199687957763672,0.14100000262260437,0.05000000074505806
YGL084C,YJL219W,1,-1.263791,0.22118380665779114,0.1420000046491623,0.05000000074505806
YDL138W,YFL054C,1,-1.2645034,0.22239501774311066,0.14300000667572021,0.05000000074505806
YNR008W,YOR378W,0,-1.2648069,0.22204968333244324,0.14300000667572021,0.05009999871253967
YKR101W,YBR240C,0,-1.2652094,0.22170542180538177,0.14300000667572021,0.050200000405311584
YJL076W,YIL067C,0,-1.265945,0.22136223316192627,0.14300000667572021,0.0502999983727932
YOL156W,YDL066W,0,-1.2660226,0.22102008759975433,0.14300000667572021,0.05040000006556511
YJL127C-B,YLR095C,0,-1.2673204,0.22067901492118835,0.14300000667572021,0.05050000175833702
YLR224W,YPL097W,0,-1.2675545,0.22033898532390594,0.14300000667572021,0.050599999725818634
YPR097W,YBL037W,0,-1.267771,0.2199999988079071,0.14300000667572021,0.050700001418590546
YJL225C,YPL172C,0,-1.2684981,0.21966205537319183,0.14300000667572021,0.05079999938607216
YER083C,YCL003W,0,-1.2685735,0.21932515501976013,0.14300000667572021,0.05090000107884407
YMR056C,YKL059C,0,-1.2687314,0.2189892828464508,0.14300000667572021,0.050999999046325684
YDR282C,YGL226C-A,0,-1.2688397,0.21865443885326385,0.14300000667572021,0.051100000739097595
YHR134W,YML086C,0,-1.26886,0.21832060813903809,0.14300000667572021,0.05119999870657921
YJR007W,YIL169C,0,-1.2689272,0.2179878056049347,0.14300000667572021,0.05130000039935112
YIL158W,YGL068W,0,-1.2696058,0.21765601634979248,0.14300000667572021,0.05139999836683273
YNR040W,YJR060W,0,-1.2707971,0.21732522547245026,0.14300000667572021,0.051500000059604645
YMR227C,YGL010W,0,-1.2713184,0.2169954478740692,0.14300000667572021,0.051600001752376556
YHR080C,YBR038W,0,-1.271458,0.21666666865348816,0.14300000667572021,0.05169999971985817
YPL017C,YBR240C,0,-1.2715765,0.2163388878107071,0.14300000667572021,0.05180000141263008
YJR160C,YEL069C,1,-1.2716366,0.21752266585826874,0.14399999380111694,0.05180000141263008
YDL144C,YDL082W,0,-1.2720668,0.2171945720911026,0.14399999380111694,0.051899999380111694
YDR342C,YOL156W,1,-1.2725692,0.21837349236011505,0.14499999582767487,0.051899999380111694
YGR250C,YDR253C,0,-1.2729863,0.21804511547088623,0.14499999582767487,0.052000001072883606
YIR009W,YEL019C,0,-1.2729992,0.2177177220582962,0.14499999582767487,0.05209999904036522
YPL027W,YLR347C,0,-1.273683,0.21739129722118378,0.14499999582767487,0.05220000073313713
YDR105C,YJR158W,0,-1.273785,0.21706587076187134,0.14499999582767487,0.052299998700618744
YGL178W,YGL168W,0,-1.2740457,0.2167413979768753,0.14499999582767487,0.052400000393390656
YGR246C,YNL092W,0,-1.2742624,0.21641790866851807,0.14499999582767487,0.05249999836087227
YPR160W,YKR061W,0,-1.2744232,0.21609537303447723,0.14499999582767487,0.05260000005364418
YOL049W,YDR542W,0,-1.2747264,0.215773805975914,0.14499999582767487,0.05270000174641609
YHR005C,YLR249W,0,-1.2748411,0.21545319259166718,0.14499999582767487,0.052799999713897705
YNL032W,YHR020W,0,-1.2751867,0.21513353288173676,0.14499999582767487,0.05290000140666962
YOR223W,YNL181W,0,-1.2752383,0.21481481194496155,0.14499999582767487,0.05299999937415123
YDR372C,YLR271W,0,-1.2753462,0.21449704468250275,0.14499999582767487,0.05310000106692314
YDL199C,YBR241C,1,-1.275365,0.2156573086977005,0.1459999978542328,0.05310000106692314
YMR216C,YPR147C,0,-1.276869,0.21533922851085663,0.1459999978542328,0.053199999034404755
YJR060W,YNL181W,0,-1.2771871,0.21502208709716797,0.1459999978542328,0.053300000727176666
YJR042W,YGL240W,0,-1.2775505,0.21470588445663452,0.1459999978542328,0.05339999869465828
YPR071W,YLR450W,0,-1.2775627,0.2143906056880951,0.1459999978542328,0.05350000038743019
YGL225W,YDL245C,1,-1.2776599,0.2155425250530243,0.1469999998807907,0.05350000038743019
YER044C-A,YHR107C,0,-1.277963,0.2152269333600998,0.1469999998807907,0.053599998354911804
YHR176W,YNL204C,0,-1.2784649,0.2149122804403305,0.1469999998807907,0.053700000047683716
YFR024C,YJL133W,0,-1.2788113,0.21459853649139404,0.1469999998807907,0.05380000174045563
YFR037C,YPR102C,0,-1.279545,0.2142857164144516,0.1469999998807907,0.05389999970793724
YDR120C,YML001W,0,-1.2799058,0.21397380530834198,0.1469999998807907,0.05400000140070915
YOL151W,YGR058W,0,-1.27993,0.213662788271904,0.1469999998807907,0.054099999368190765
YIL088C,YGR169C-A,0,-1.2803811,0.21335268020629883,0.1469999998807907,0.05420000106096268
YML038C,YPR115W,1,-1.2806841,0.21449275314807892,0.14800000190734863,0.05420000106096268
YJL214W,YMR011W,1,-1.2809911,0.21562951803207397,0.14900000393390656,0.05420000106096268
YOR151C,YML017W,0,-1.2811817,0.21531791985034943,0.14900000393390656,0.05429999902844429
YLR121C,YER076C,0,-1.281273,0.2150072157382965,0.14900000393390656,0.0544000007212162
YPL183W-A,YCL024W,0,-1.2816812,0.21469740569591522,0.14900000393390656,0.054499998688697815
YEL064C,YER010C,0,-1.281849,0.21438848972320557,0.14900000393390656,0.05460000038146973
YOL012C,YCR089W,0,-1.2826228,0.21408045291900635,0.14900000393390656,0.05469999834895134
YJL156C,YIL018W,0,-1.2826611,0.21377331018447876,0.14900000393390656,0.05480000004172325
YBR020W,YEL049W,0,-1.2832519,0.2134670466184616,0.14900000393390656,0.05490000173449516
YFL036W,YLR072W,0,-1.28335,0.2131616622209549,0.14900000393390656,0.054999999701976776
YOL055C,YJL127C-B,0,-1.2833695,0.21285714209079742,0.14900000393390656,0.05510000139474869
YHR021C,YBR271W,0,-1.2836279,0.2125535011291504,0.14900000393390656,0.0551999993622303
YDL229W,YDR092W,0,-1.2836355,0.2122507095336914,0.14900000393390656,0.05530000105500221
YNL160W,YOL103W,0,-1.2846605,0.21194879710674286,0.14900000393390656,0.055399999022483826
YKL134C,YLR278C,0,-1.2849923,0.21164773404598236,0.14900000393390656,0.05550000071525574
YML045W,YOR319W,0,-1.285113,0.2113475203514099,0.14900000393390656,0.05559999868273735
YBR057C,YBR242W,0,-1.285268,0.2110481560230255,0.14900000393390656,0.05570000037550926
YDR224C,YNR053C,0,-1.2855307,0.21074964106082916,0.14900000393390656,0.055799998342990875
YIL171W,YDL138W,1,-1.2856175,0.2118644118309021,0.15000000596046448,0.055799998342990875
YHR080C,YIL082W-A,0,-1.2865268,0.21156558394432068,0.15000000596046448,0.05590000003576279
YBR110W,YFL061W,0,-1.286566,0.2112676054239273,0.15000000596046448,0.0560000017285347
YGL084C,YNR072W,1,-1.2867012,0.2123769372701645,0.1509999930858612,0.0560000017285347
YMR074C,YBR227C,0,-1.2869409,0.21207864582538605,0.1509999930858612,0.05609999969601631
YDR447C,YBL034C,0,-1.2870566,0.21178120374679565,0.1509999930858612,0.05620000138878822
YMR221C,YGR098C,0,-1.2872925,0.21148459613323212,0.1509999930858612,0.056299999356269836
YBR235W,YLR404W,0,-1.2873454,0.21118880808353424,0.1509999930858612,0.05640000104904175
YDL138W,YBR241C,1,-1.2876033,0.21229049563407898,0.15199999511241913,0.05640000104904175
YJL072C,YBR100W,0,-1.2876719,0.21199442446231842,0.15199999511241913,0.05649999901652336
YBL039W-B,YMR077C,0,-1.2880653,0.21169915795326233,0.15199999511241913,0.05660000070929527
YKL149C,YLR072W,0,-1.2885875,0.2114047259092331,0.15199999511241913,0.056699998676776886
YBR100W,YLR097C,0,-1.2887675,0.21111111342906952,0.15199999511241913,0.0568000003695488
YDR333C,YOR124C,0,-1.288945,0.2108183056116104,0.15199999511241913,0.05689999833703041
YJR160C,YPL189W,1,-1.2895864,0.21191135048866272,0.15299999713897705,0.05689999833703041
YMR011W,YDL245C,1,-1.2896909,0.21300138533115387,0.15399999916553497,0.05689999833703041
YER076C,YMR021C,0,-1.2903175,0.21270717680454254,0.15399999916553497,0.05700000002980232
YCR096C,YMR325W,0,-1.2910899,0.21241378784179688,0.15399999916553497,0.057100001722574234
YBR241C,YDL247W,1,-1.2912003,0.21349862217903137,0.1550000011920929,0.057100001722574234
YHL001W,YDL102W,0,-1.2912711,0.21320495009422302,0.1550000011920929,0.05719999969005585
YIL170W,YBR241C,1,-1.2913398,0.2142857164144516,0.15600000321865082,0.05719999969005585
YNR072W,YDR536W,1,-1.2917615,0.2153635174036026,0.15700000524520874,0.05719999969005585
YKL221W,YNL312W,0,-1.2918813,0.2150684893131256,0.15700000524520874,0.05730000138282776
YJL219W,YDL247W,1,-1.2922248,0.21614226698875427,0.15800000727176666,0.05730000138282776
YPL192C,YGR250C,0,-1.2928885,0.21584700047969818,0.15800000727176666,0.05739999935030937
YGL231C,YGR085C,0,-1.2933571,0.21555252373218536,0.15800000727176666,0.057500001043081284
YDR444W,YJL050W,0,-1.2938602,0.21525885164737701,0.15800000727176666,0.0575999990105629
YPR071W,YBR240C,0,-1.2943007,0.21496598422527313,0.15800000727176666,0.05770000070333481
YJL030W,YDL082W,0,-1.2945024,0.21467390656471252,0.15800000727176666,0.05779999867081642
YJL219W,YER039C,1,-1.2947713,0.21573948860168457,0.1589999943971634,0.05779999867081642
YOL033W,YJL049W,0,-1.2947865,0.21544715762138367,0.1589999943971634,0.05790000036358833
YIL171W,YDR345C,1,-1.2948207,0.21650879085063934,0.1599999964237213,0.05790000036358833
YLR249W,YOR177C,0,-1.2951725,0.21621622145175934,0.1599999964237213,0.057999998331069946
YLL043W,YDR345C,1,-1.2957788,0.21727395057678223,0.16099999845027924,0.057999998331069946
YFR024C,YOR014W,0,-1.2958013,0.21698112785816193,0.16099999845027924,0.05810000002384186
YCL020W,YLR242C,0,-1.2961558,0.2166890949010849,0.16099999845027924,0.05820000171661377
YHR079C-A,YNR067C,0,-1.2963773,0.21639785170555115,0.16099999845027924,0.05829999968409538
YCR067C,YER076C,0,-1.2968822,0.21610738337039948,0.16099999845027924,0.058400001376867294
YGR097W,YNR072W,1,-1.2973021,0.21715818345546722,0.16200000047683716,0.058400001376867294
YPR200C,YDR120C,0,-1.2976369,0.21686747670173645,0.16200000047683716,0.05849999934434891
YNL314W,YJR124C,0,-1.2977705,0.21657754480838776,0.16200000047683716,0.05860000103712082
YJL142C,YPL214C,0,-1.2982113,0.21628838777542114,0.16200000047683716,0.05869999900460243
YJL214W,YPL189W,1,-1.2982985,0.2173333317041397,0.16300000250339508,0.05869999900460243
YIL074C,YAL060W,0,-1.2994539,0.217043936252594,0.16300000250339508,0.058800000697374344
YBR171W,YER010C,0,-1.3003331,0.21675531566143036,0.16300000250339508,0.05889999866485596
YDR457W,YPL141C,0,-1.3004514,0.2164674699306488,0.16300000250339508,0.05900000035762787
YPL003W,YDR261C,0,-1.3005706,0.21618036925792694,0.16300000250339508,0.05909999832510948
YGR169C-A,YDL106C,0,-1.3005987,0.21589404344558716,0.16300000250339508,0.05920000001788139
YGR055W,YIL172C,0,-1.3006678,0.21560846269130707,0.16300000250339508,0.059300001710653305
YIL170W,YEL069C,1,-1.3010741,0.21664464473724365,0.164000004529953,0.059300001710653305
YOL156W,YKL188C,0,-1.3014733,0.21635884046554565,0.164000004529953,0.05939999967813492
YKL101W,YDL211C,0,-1.3020891,0.21607378125190735,0.164000004529953,0.05950000137090683
YHR035W,YLR206W,0,-1.3024654,0.21578946709632874,0.164000004529953,0.05959999933838844
YGL231C,YDR144C,0,-1.3028473,0.215505912899971,0.164000004529953,0.059700001031160355
YJL186W,YJR124C,0,-1.3029969,0.21522310376167297,0.164000004529953,0.05979999899864197
YNR072W,YFL054C,1,-1.3031255,0.21625164151191711,0.16500000655651093,0.05979999899864197
YNL318C,YML038C,1,-1.3036022,0.21727748215198517,0.16599999368190765,0.05979999899864197
YJL156C,YBR025C,0,-1.3039095,0.21699346601963043,0.16599999368190765,0.05990000069141388
YGR247W,YLR369W,0,-1.3040007,0.2167101800441742,0.16599999368190765,0.05999999865889549
YHR035W,YPL111W,0,-1.3040291,0.21642763912677765,0.16599999368190765,0.060100000351667404
YPL070W,YMR034C,0,-1.3042439,0.2161458283662796,0.16599999368190765,0.06019999831914902
YOR101W,YIL018W,0,-1.3043538,0.21586476266384125,0.16599999368190765,0.06030000001192093
YJR010C-A,YNL181W,0,-1.3045372,0.2155844122171402,0.16599999368190765,0.06040000170469284
YNR040W,YFR002W,0,-1.3047689,0.21530479192733765,0.16599999368190765,0.060499999672174454
YLR410W,YML026C,0,-1.3051656,0.2150259017944336,0.16599999368190765,0.060600001364946365
YER180C,YNL181W,0,-1.3052713,0.21474774181842804,0.16599999368190765,0.06069999933242798
YDR080W,YLR167W,0,-1.3055722,0.2144702821969986,0.16599999368190765,0.06080000102519989
YLL010C,YBR245C,0,-1.3057251,0.21419355273246765,0.16599999368190765,0.0608999989926815
YBR298C,YJL219W,1,-1.3057778,0.21520619094371796,0.16699999570846558,0.0608999989926815
YJL214W,YDR277C,1,-1.3059157,0.21621622145175934,0.1679999977350235,0.0608999989926815
YMR300C,YJL168C,0,-1.3062907,0.21593829989433289,0.1679999977350235,0.061000000685453415
YGR174C,YIL158W,0,-1.3065184,0.21566110849380493,0.1679999977350235,0.06109999865293503
YDR520C,YKL200C,0,-1.3066412,0.2153846174478531,0.1679999977350235,0.06120000034570694
YGL213C,YGR224W,0,-1.3066922,0.21510884165763855,0.1679999977350235,0.06129999831318855
YOR354C,YGR169C-A,0,-1.3068208,0.21483376622200012,0.1679999977350235,0.061400000005960464
YMR053C,YDR098C-B,0,-1.306976,0.2145593911409378,0.1679999977350235,0.061500001698732376
YIL170W,YDR536W,1,-1.3071243,0.21556122601032257,0.16899999976158142,0.061500001698732376
YDL024C,YMR124W,0,-1.3071407,0.21528662741184235,0.16899999976158142,0.06159999966621399
YLL043W,YPL189W,1,-1.3071576,0.21628499031066895,0.17000000178813934,0.06159999966621399
YPL208W,YLR072W,0,-1.3072311,0.2160101681947708,0.17000000178813934,0.0617000013589859
YNL092W,YBL066C,0,-1.3073758,0.2157360464334488,0.17000000178813934,0.061799999326467514
YEL063C,YMR179W,0,-1.3075681,0.2154626101255417,0.17000000178813934,0.061900001019239426
YMR211W,YJR061W,0,-1.3075706,0.2151898741722107,0.17000000178813934,0.06199999898672104
YER184C,YGR067C,0,-1.3079189,0.21491782367229462,0.17000000178813934,0.06210000067949295
YNR050C,YDL109C,0,-1.3079243,0.21464645862579346,0.17000000178813934,0.062199998646974564
YNL318C,YDL199C,1,-1.3083894,0.21563681960105896,0.17100000381469727,0.062199998646974564
YLR369W,YJL206C,0,-1.3092339,0.2153652459383011,0.17100000381469727,0.062300000339746475
YPL204W,YNL181W,0,-1.3096886,0.21509434282779694,0.17100000381469727,0.06239999830722809
YGL010W,YIL017C,0,-1.3097898,0.2148241251707077,0.17100000381469727,0.0625
YJL142C,YNL080C,0,-1.3098527,0.2145545780658722,0.17100000381469727,0.06260000169277191
YHR096C,YOL156W,1,-1.3098693,0.2155388444662094,0.1720000058412552,0.06260000169277191
YML059C,YPL141C,0,-1.3099161,0.2152690887451172,0.1720000058412552,0.06270000338554382
YPL026C,YLR081W,1,-1.3101109,0.2162500023841858,0.17299999296665192,0.06270000338554382
YPR097W,YHR138C,0,-1.3102305,0.21598002314567566,0.17299999296665192,0.06279999762773514
YKL216W,YGL079W,0,-1.3102751,0.21571072936058044,0.17299999296665192,0.06289999932050705
YLR160C,YDR403W,0,-1.310594,0.21544209122657776,0.17299999296665192,0.06300000101327896
YLL010C,YLR422W,0,-1.3106469,0.2151741236448288,0.17299999296665192,0.06310000270605087
YNR057C,YOR374W,0,-1.3106563,0.21490682661533356,0.17299999296665192,0.06319999694824219
YJR160C,YDR345C,1,-1.3106657,0.21588090062141418,0.17399999499320984,0.06319999694824219
YGR161W-B,YJL076W,0,-1.3108305,0.21561338007450104,0.17399999499320984,0.0632999986410141
YMR018W,YOR322C,0,-1.3108445,0.2153465300798416,0.17399999499320984,0.06340000033378601
YBR020W,YNL196C,0,-1.3109403,0.2150803506374359,0.17399999499320984,0.06350000202655792
YFL011W,YDR343C,1,-1.3110846,0.21604938805103302,0.17499999701976776,0.06350000202655792
YLR242C,YIL172C,0,-1.3114358,0.2157829850912094,0.17499999701976776,0.06360000371932983
YFL011W,YPL026C,1,-1.3117315,0.21674877405166626,0.17599999904632568,0.06360000371932983
YMR096W,YPL113C,0,-1.3122971,0.21648216247558594,0.17599999904632568,0.06369999796152115
YML038C,YHR094C,1,-1.3127037,0.21744471788406372,0.1770000010728836,0.06369999796152115
YDL123W,YER010C,0,-1.3127135,0.21717791259288788,0.1770000010728836,0.06379999965429306
YGL137W,YLL057C,0,-1.3129289,0.21691176295280457,0.1770000010728836,0.06390000134706497
YPL244C,YEL069C,1,-1.313043,0.21787025034427643,0.17800000309944153,0.06390000134706497
YEL012W,YDR542W,0,-1.3130685,0.2176039069890976,0.17800000309944153,0.06400000303983688
YMR203W,YOL142W,0,-1.313249,0.2173382192850113,0.17800000309944153,0.0640999972820282
YBL084C,YML030W,0,-1.3133966,0.21707317233085632,0.17800000309944153,0.06419999897480011
YIL169C,YHL011C,0,-1.3134339,0.2168087661266327,0.17800000309944153,0.06430000066757202
YPL040C,YJR119C,0,-1.3136977,0.2165450155735016,0.17800000309944153,0.06440000236034393
YGL111W,YML047C,0,-1.3142017,0.21628189086914062,0.17800000309944153,0.06449999660253525
YDR542W,YJL083W,0,-1.3142706,0.2160194218158722,0.17800000309944153,0.06459999829530716
YIL074C,YBR107C,0,-1.3142875,0.2157575786113739,0.17800000309944153,0.06469999998807907
YDL121C,YJR125C,0,-1.3144227,0.21549636125564575,0.17800000309944153,0.06480000168085098
YFL002W-B,YBR212W,0,-1.3144861,0.21523578464984894,0.17800000309944153,0.0649000033736229
YDR463W,YMR306W,0,-1.3148671,0.21497584879398346,0.17800000309944153,0.06499999761581421
YGL067W,YML133C,0,-1.3152846,0.21471652388572693,0.17800000309944153,0.06509999930858612
YMR097C,YGL033W,0,-1.3156275,0.21445782482624054,0.17800000309944153,0.06520000100135803
YLR410W-A,YOR247W,0,-1.3157052,0.21419976651668549,0.17800000309944153,0.06530000269412994
YDL222C,YIL082W-A,0,-1.3158174,0.21394230425357819,0.17800000309944153,0.06539999693632126
YER041W,YDL214C,0,-1.3169309,0.21368546783924103,0.17800000309944153,0.06549999862909317
YDR018C,YHL022C,0,-1.3170304,0.213429257273674,0.17800000309944153,0.06560000032186508
YJR060W,YLL054C,0,-1.3171563,0.21317365765571594,0.17800000309944153,0.065700002014637
YKL180W,YGL079W,0,-1.317536,0.21291865408420563,0.17800000309944153,0.0658000037074089
YNL204C,YDL054C,0,-1.3176895,0.21266427636146545,0.17800000309944153,0.06589999794960022
YBR242W,YDL046W,0,-1.3177766,0.21241049468517303,0.17800000309944153,0.06599999964237213
YIL082W-A,YML120C,0,-1.3179747,0.21215732395648956,0.17800000309944153,0.06610000133514404
YDR447C,YOR062C,0,-1.3183011,0.21190476417541504,0.17800000309944153,0.06620000302791595
YJL127C-B,YOR071C,0,-1.3183479,0.21165280044078827,0.17800000309944153,0.06629999727010727
YBL084C,YBL100W-A,0,-1.3184775,0.21140141785144806,0.17800000309944153,0.06639999896287918
YBR241C,YDR345C,1,-1.318627,0.21233689785003662,0.17900000512599945,0.06639999896287918
YBR298C,YGL225W,1,-1.3186983,0.2132701426744461,0.18000000715255737,0.06639999896287918
YAL029C,YIL018W,0,-1.3187977,0.21301774680614471,0.18000000715255737,0.06650000065565109
YMR325W,YBL066C,0,-1.3190852,0.21276596188545227,0.18000000715255737,0.066600002348423
YOL151W,YHR134W,0,-1.3193256,0.2125147581100464,0.18000000715255737,0.06669999659061432
YGR078C,YOR062C,0,-1.3199285,0.21226415038108826,0.18000000715255737,0.06679999828338623
YIL170W,YHR096C,1,-1.3199884,0.21319198608398438,0.1809999942779541,0.06679999828338623
YKL184W,YPR147C,0,-1.3201711,0.21294116973876953,0.1809999942779541,0.06689999997615814
YMR074C,YOR247W,0,-1.3201813,0.21269094944000244,0.1809999942779541,0.06700000166893005
YPR026W,YNR072W,1,-1.3202145,0.2136150300502777,0.18199999630451202,0.06700000166893005
YIL151C,YBR278W,0,-1.3204538,0.2133646011352539,0.18199999630451202,0.06710000336170197
YML045W,YBR235W,0,-1.3204799,0.21311475336551666,0.18199999630451202,0.06719999760389328
YEL013W,YLR410W-A,0,-1.3205117,0.21286550164222717,0.18199999630451202,0.06729999929666519
YOL156W,YER078C,0,-1.320557,0.21261681616306305,0.18199999630451202,0.0674000009894371
YGL019W,YJL127C-B,0,-1.3207089,0.21236872673034668,0.18199999630451202,0.06750000268220901
YOR140W,YGL234W,0,-1.3208646,0.21212121844291687,0.18199999630451202,0.06759999692440033
YHR094C,YBL020W,1,-1.3213767,0.21303841471672058,0.18299999833106995,0.06759999692440033
YHL018W,YDL015C,0,-1.3213837,0.21279069781303406,0.18299999833106995,0.06769999861717224
YNR072W,YDR345C,1,-1.321411,0.21370498836040497,0.18400000035762787,0.06769999861717224
YBR018C,YLR106C,0,-1.3214172,0.21345707774162292,0.18400000035762787,0.06780000030994415
YGR058W,YNL312W,0,-1.3216351,0.21320973336696625,0.18400000035762787,0.06790000200271606
YJR158W,YPL189W,1,-1.321648,0.21412037312984467,0.1850000023841858,0.06790000200271606
YMR212C,YOR221C,0,-1.3217052,0.21387283504009247,0.1850000023841858,0.06800000369548798
YHR079C-A,YBR118W,0,-1.3217523,0.21362586319446564,0.1850000023841858,0.06809999793767929
YDR449C,YOR021C,0,-1.3219374,0.21337947249412537,0.1850000023841858,0.0681999996304512
YEL047C,YOR391C,0,-1.3220104,0.21313363313674927,0.1850000023841858,0.06830000132322311
YGL191W,YHL022C,0,-1.3222865,0.21288837492465973,0.1850000023841858,0.06840000301599503
YMR023C,YLR410W-A,0,-1.3222944,0.21264368295669556,0.1850000023841858,0.06849999725818634
YHR172W,YOR301W,0,-1.3223534,0.21239954233169556,0.1850000023841858,0.06859999895095825
YJL090C,YER010C,0,-1.3223609,0.21215596795082092,0.1850000023841858,0.06870000064373016
YKL119C,YNR050C,0,-1.322482,0.21191294491291046,0.1850000023841858,0.06880000233650208
YBR057C,YJL127C-B,0,-1.32264,0.21167047321796417,0.1850000023841858,0.06889999657869339
YDR312W,YFL035C-B,0,-1.3231734,0.21142856776714325,0.1850000023841858,0.0689999982714653
YLR007W,YNL181W,0,-1.3232611,0.2111872136592865,0.1850000023841858,0.06909999996423721
YGR289C,YGL225W,1,-1.3236616,0.21208666265010834,0.1860000044107437,0.06909999996423721
YML047C,YMR183C,0,-1.3237928,0.21184509992599487,0.1860000044107437,0.06920000165700912
YLR060W,YDR447C,0,-1.3241516,0.21160408854484558,0.1860000044107437,0.06930000334978104
YAL010C,YFL061W,0,-1.3248106,0.21136364340782166,0.1860000044107437,0.06939999759197235
YGR067C,YPL158C,0,-1.3250445,0.21112371981143951,0.1860000044107437,0.06949999928474426
YIL151C,YDL100C,0,-1.3251207,0.21088434755802155,0.1860000044107437,0.06960000097751617
YPR200C,YOR349W,0,-1.3257889,0.21064552664756775,0.1860000044107437,0.06970000267028809
YDR289C,YOR128C,0,-1.3258728,0.21040724217891693,0.1860000044107437,0.0697999969124794
YIL036W,YMR325W,0,-1.3260406,0.2101694941520691,0.1860000044107437,0.06989999860525131
YOR093C,YKR094C,0,-1.3261052,0.20993228256702423,0.1860000044107437,0.07000000029802322
YJR160C,YJL219W,1,-1.326125,0.21082299947738647,0.18700000643730164,0.07000000029802322
YHR186C,YDL144C,0,-1.3261642,0.2105855792760849,0.18700000643730164,0.07010000199079514
YBR298C,YEL004W,1,-1.3262132,0.21147356927394867,0.18799999356269836,0.07010000199079514
YGL203C,YDL134C-A,0,-1.3265687,0.21123595535755157,0.18799999356269836,0.07020000368356705
YEL068C,YHR084W,0,-1.3271937,0.21099887788295746,0.18799999356269836,0.07029999792575836
YMR120C,YDR315C,0,-1.3272282,0.21076233685016632,0.18799999356269836,0.07039999961853027
YMR210W,YKR035W-A,0,-1.3273444,0.21052631735801697,0.18799999356269836,0.07050000131130219
YOL156W,YPR052C,0,-1.3275665,0.2102908343076706,0.18799999356269836,0.0706000030040741
YFL002W-B,YCL010C,0,-1.3275763,0.210055872797966,0.18799999356269836,0.07069999724626541
YBR235W,YBR167C,0,-1.3276703,0.2098214328289032,0.18799999356269836,0.07079999893903732
YOL154W,YOR215C,0,-1.3277,0.20958751440048218,0.18799999356269836,0.07090000063180923
YNL019C,YKL201C,0,-1.3284117,0.20935411751270294,0.18799999356269836,0.07100000232458115
YDL159W,YOL053W,0,-1.3288339,0.2091212421655655,0.18799999356269836,0.07109999656677246
YJL225C,YMR179W,0,-1.3288759,0.20888888835906982,0.18799999356269836,0.07119999825954437
YBR020W,YLR342W,0,-1.3289492,0.20865704119205475,0.18799999356269836,0.07129999995231628
YGL079W,YLR430W,0,-1.3290156,0.20842571556568146,0.18799999356269836,0.0714000016450882
YBR235W,YDR359C,0,-1.3292406,0.20819491147994995,0.18799999356269836,0.07150000333786011
YOR093C,YOR158W,0,-1.3294578,0.20796459913253784,0.18799999356269836,0.07159999758005142
YBL087C,YER070W,0,-1.330463,0.20773480832576752,0.18799999356269836,0.07169999927282333
YEL034W,YBL103C,0,-1.3306546,0.20750552415847778,0.18799999356269836,0.07180000096559525
YOR152C,YDR105C,0,-1.3311726,0.20727673172950745,0.18799999356269836,0.07190000265836716
YNL047C,YGR236C,0,-1.3318816,0.2070484608411789,0.18799999356269836,0.07199999690055847
YMR114C,YNL223W,0,-1.3323146,0.20682068169116974,0.18799999356269836,0.07209999859333038
YOL091W,YER059W,0,-1.3323778,0.20659340918064117,0.18799999356269836,0.0722000002861023
YLR119W,YOR310C,0,-1.3325357,0.206366628408432,0.18799999356269836,0.0723000019788742
YDR387C,YML038C,1,-1.3326015,0.20723684132099152,0.1889999955892563,0.0723000019788742
YGL231C,YGL207W,0,-1.3327326,0.20700985193252563,0.1889999955892563,0.07240000367164612
YLR293C,YGR096W,0,-1.3328027,0.20678336918354034,0.1889999955892563,0.07249999791383743
YGR221C,YIL104C,0,-1.3332282,0.20655737817287445,0.1889999955892563,0.07259999960660934
YGR034W,YMR238W,0,-1.3336056,0.20633187890052795,0.1889999955892563,0.07270000129938126
YGR097W,YOL156W,1,-1.3338699,0.2071973830461502,0.1899999976158142,0.07270000129938126
YIL095W,YLR167W,0,-1.3339479,0.206971675157547,0.1899999976158142,0.07280000299215317
YMR011W,YHR094C,1,-1.3341595,0.20783460140228271,0.19099999964237213,0.07280000299215317
YMR027W,YBR240C,0,-1.3341875,0.20760869979858398,0.19099999964237213,0.07289999723434448
YHR035W,YHR096C,0,-1.3344098,0.20738327503204346,0.19099999964237213,0.0729999989271164
YPL241C,YMR086W,0,-1.3344268,0.20715835690498352,0.19099999964237213,0.0731000006198883
YOR093C,YJR041C,0,-1.3346286,0.2069339156150818,0.19099999964237213,0.07320000231266022
YPL040C,YIL067C,0,-1.3347672,0.20670995116233826,0.19099999964237213,0.07329999655485153
YGR247W,YGL234W,0,-1.3347937,0.20648649334907532,0.19099999964237213,0.07339999824762344
YEL020W-A,YNL112W,0,-1.3348845,0.2062634974718094,0.19099999964237213,0.07349999994039536
YKR059W,YER029C,0,-1.335183,0.20604099333286285,0.19099999964237213,0.07360000163316727
YBR118W,YKL175W,0,-1.3353775,0.20581896603107452,0.19099999964237213,0.07370000332593918
YDR536W,YFL054C,1,-1.3362432,0.20667384564876556,0.19200000166893005,0.07370000332593918
YLR100W,YLR410W-A,0,-1.336288,0.20645160973072052,0.19200000166893005,0.0737999975681305
YDL066W,YIL067C,0,-1.3364242,0.20622986555099487,0.19200000166893005,0.0738999992609024
YMR074C,YGR224W,0,-1.3366772,0.20600858330726624,0.19200000166893005,0.07400000095367432
YBR242W,YLR015W,0,-1.3373053,0.2057877779006958,0.19200000166893005,0.07410000264644623
YPL027W,YGL091C,0,-1.3375579,0.20556744933128357,0.19200000166893005,0.07419999688863754
YGR097W,YDR277C,1,-1.3376592,0.20641711354255676,0.19300000369548798,0.07419999688863754
YHR118C,YMR258C,0,-1.3379446,0.20619657635688782,0.19300000369548798,0.07429999858140945
YJL127C-B,YBR227C,0,-1.3382128,0.20597651600837708,0.19300000369548798,0.07440000027418137
YGR067C,YJR041C,0,-1.3385442,0.20575693249702454,0.19300000369548798,0.07450000196695328
YPL143W,YER078C,0,-1.3387512,0.205537810921669,0.19300000369548798,0.07460000365972519
YPL189W,YFL054C,1,-1.3397129,0.20638297498226166,0.1940000057220459,0.07460000365972519
YPL168W,YOR285W,0,-1.339728,0.2061636596918106,0.1940000057220459,0.0746999979019165
YCR102C,YLR350W,0,-1.3398203,0.20594479143619537,0.1940000057220459,0.07479999959468842
YMR046C,YGL207W,0,-1.3398602,0.20572640001773834,0.1940000057220459,0.07490000128746033
YHL020C,YNL181W,0,-1.3399297,0.20550847053527832,0.1940000057220459,0.07500000298023224
YDR153C,YER078C,0,-1.3404456,0.2052910029888153,0.1940000057220459,0.07509999722242355
YDR014W,YIL026C,0,-1.340623,0.2050739973783493,0.1940000057220459,0.07519999891519547
YBR235W,YMR109W,0,-1.3407285,0.20485743880271912,0.1940000057220459,0.07530000060796738
YLR219W,YJL114W,0,-1.3408059,0.20464135706424713,0.1940000057220459,0.07540000230073929
YEL020W-A,YCL074W,0,-1.3409246,0.20442570745944977,0.1940000057220459,0.0754999965429306
YDR277C,YEL069C,1,-1.3410394,0.205263152718544,0.19499999284744263,0.0754999965429306
YJL214W,YLL043W,1,-1.3410884,0.20609883964061737,0.19599999487400055,0.0754999965429306
YBL047C,YOR343W-B,0,-1.3412195,0.20588235557079315,0.19599999487400055,0.07559999823570251
YLR081W,YEL004W,1,-1.341328,0.2067156285047531,0.19699999690055847,0.07559999823570251
YHR186C,YCL045C,0,-1.3416886,0.20649895071983337,0.19699999690055847,0.07569999992847443
YBR239C,YOR177C,0,-1.3417449,0.20628271996974945,0.19699999690055847,0.07580000162124634
YDL144C,YBL066C,0,-1.3420969,0.20606695115566254,0.19699999690055847,0.07590000331401825
YOR134W,YNL181W,0,-1.3424803,0.20585161447525024,0.19699999690055847,0.07599999755620956
YDL121C,YLR204W,0,-1.3425847,0.20563673973083496,0.19699999690055847,0.07609999924898148
YJL025W,YNL307C,0,-1.3428317,0.2054223120212555,0.19699999690055847,0.07620000094175339
YER166W,YKL099C,0,-1.34291,0.20520833134651184,0.19699999690055847,0.0763000026345253
YDL194W,YML038C,1,-1.342986,0.20603537559509277,0.1979999989271164,0.0763000026345253
YBL100W-A,YER116C,0,-1.3433017,0.2058212012052536,0.1979999989271164,0.07639999687671661
YGL057C,YMR077C,0,-1.3433146,0.20560747385025024,0.1979999989271164,0.07649999856948853
YCR012W,YER078C,0,-1.3434483,0.2053941935300827,0.1979999989271164,0.07660000026226044
YER039C,YOL156W,1,-1.3436598,0.20621761679649353,0.19900000095367432,0.07660000026226044
YJL225C,YLR270W,0,-1.3437423,0.20600414276123047,0.19900000095367432,0.07670000195503235
YLR453C,YDL146W,0,-1.3438741,0.20579110085964203,0.19900000095367432,0.07680000364780426
YBR298C,YGR097W,1,-1.3439103,0.20661157369613647,0.20000000298023224,0.07680000364780426
YIL170W,YDL138W,1,-1.3439834,0.20743034780025482,0.20100000500679016,0.07680000364780426
YFL011W,YJR160C,1,-1.3443035,0.20824742317199707,0.20200000703334808,0.07680000364780426
YBR235W,YBL084C,0,-1.3443328,0.20803295075893402,0.20200000703334808,0.07689999788999557
YIL171W,YOL156W,1,-1.3443474,0.20884773135185242,0.2029999941587448,0.07689999788999557
YIL151C,YOR134W,0,-1.3443879,0.20863309502601624,0.2029999941587448,0.07699999958276749
YBR296C,YBR129C,0,-1.3449956,0.20841889083385468,0.2029999941587448,0.0771000012755394
YBL030C,YBR021W,0,-1.3451403,0.20820513367652893,0.2029999941587448,0.07720000296831131
YFL036W,YHR118C,0,-1.3451501,0.2079918086528778,0.2029999941587448,0.07729999721050262
YNL318C,YNR072W,1,-1.3454015,0.2088024616241455,0.20399999618530273,0.07729999721050262
YLR224W,YOR070C,0,-1.3454982,0.20858895778656006,0.20399999618530273,0.07739999890327454
YPR026W,YJL219W,1,-1.3456235,0.2093973457813263,0.20499999821186066,0.07739999890327454
YBR236C,YML030W,0,-1.345693,0.2091836780309677,0.20499999821186066,0.07750000059604645
YLR157C-A,YBR023C,0,-1.3456949,0.20897044241428375,0.20499999821186066,0.07760000228881836
YLR390W,YBR085W,0,-1.3459995,0.20875763893127441,0.20499999821186066,0.07769999653100967
YGR055W,YMR119W,0,-1.3460878,0.2085452675819397,0.20499999821186066,0.07779999822378159
YGR224W,YJL111W,0,-1.3462251,0.2083333283662796,0.20499999821186066,0.0778999999165535
YDR522C,YJR119C,0,-1.346553,0.20812182128429413,0.20499999821186066,0.07800000160932541
YDL144C,YAL020C,0,-1.3466257,0.20791074633598328,0.20499999821186066,0.07810000330209732
YOL049W,YMR124W,0,-1.346947,0.20770010352134705,0.20499999821186066,0.07819999754428864
YHR005C,YDR387C,0,-1.3472917,0.20748987793922424,0.20499999821186066,0.07829999923706055
YOR371C,YPL113C,0,-1.3473314,0.20728008449077606,0.20499999821186066,0.07840000092983246
YIL171W,YMR011W,1,-1.3473619,0.20808081328868866,0.20600000023841858,0.07840000092983246
YPR160W,YOR343W-B,0,-1.3475316,0.20787084102630615,0.20600000023841858,0.07850000262260437
YPR145W,YGR292W,0,-1.3475751,0.20766128599643707,0.20600000023841858,0.07859999686479568
YLR050C,YJL091C,0,-1.3475876,0.20745216310024261,0.20600000023841858,0.0786999985575676
YHR172W,YBR153W,0,-1.3476478,0.20724345743656158,0.20600000023841858,0.07880000025033951
YOR079C,YNR071C,0,-1.3479344,0.20703516900539398,0.20600000023841858,0.07890000194311142
YCR024C-A,YJR076C,0,-1.3480543,0.206827312707901,0.20600000023841858,0.07900000363588333
YPL192C,YJL111W,0,-1.3481342,0.20661985874176025,0.20600000023841858,0.07909999787807465
YNL318C,YDL245C,1,-1.3485308,0.20741483569145203,0.2070000022649765,0.07909999787807465
YDR447C,YBL013W,0,-1.3486689,0.20720720291137695,0.2070000022649765,0.07919999957084656
YDR333C,YKR058W,0,-1.3491117,0.2070000022649765,0.2070000022649765,0.07930000126361847
YPR025C,YKR070W,0,-1.3491386,0.20679320394992828,0.2070000022649765,0.07940000295639038
YNL173C,YDR359C,0,-1.3492392,0.2065868228673935,0.2070000022649765,0.0794999971985817
YBL095W,YCR091W,0,-1.3492833,0.20638085901737213,0.2070000022649765,0.07959999889135361
YDR270W,YPR102C,0,-1.3494949,0.206175297498703,0.2070000022649765,0.07970000058412552
YIL151C,YOR347C,0,-1.3496804,0.2059701532125473,0.2070000022649765,0.07980000227689743
YGR097W,YIL171W,1,-1.3502866,0.20675943791866302,0.20800000429153442,0.07980000227689743
YCR042C,YBL027W,0,-1.3503067,0.206554114818573,0.20800000429153442,0.07989999651908875
YGR224W,YMR158W,0,-1.3503815,0.2063492089509964,0.20800000429153442,0.07999999821186066
YJL214W,YBR241C,1,-1.3504206,0.20713578164577484,0.20900000631809235,0.07999999821186066
YNL318C,YJL219W,1,-1.3505303,0.20792078971862793,0.20999999344348907,0.07999999821186066
YBL057C,YJL107C,0,-1.3507003,0.20771513879299164,0.20999999344348907,0.08009999990463257
YHL020C,YFL002W-B,0,-1.3507469,0.2075098752975464,0.20999999344348907,0.08020000159740448
YMR114C,YML086C,0,-1.350768,0.20730502903461456,0.20999999344348907,0.08030000329017639
YER078C,YPR139C,0,-1.351746,0.20710058510303497,0.20999999344348907,0.0803999975323677
YOR378W,YOL053W,0,-1.3517827,0.2068965584039688,0.20999999344348907,0.08049999922513962
YGR184C,YOL157C,0,-1.3517975,0.2066929191350937,0.20999999344348907,0.08060000091791153
YPL027W,YBL066C,0,-1.3522261,0.2064896821975708,0.20999999344348907,0.08070000261068344
YJL214W,YEL069C,1,-1.3525659,0.20726916193962097,0.210999995470047,0.08070000261068344
YFR024C,YGL073W,0,-1.352613,0.20706574618816376,0.210999995470047,0.08079999685287476
YNR063W,YMR012W,0,-1.352988,0.20686274766921997,0.210999995470047,0.08089999854564667
YDR226W,YJR092W,0,-1.3530234,0.20666013658046722,0.210999995470047,0.08100000023841858
YCR105W,YOR213C,0,-1.3531514,0.2064579278230667,0.210999995470047,0.08110000193119049
YMR216C,YOR285W,0,-1.3535061,0.20625610649585724,0.210999995470047,0.0812000036239624
YGL104C,YEL069C,1,-1.3539358,0.20703125,0.21199999749660492,0.0812000036239624
YNR071C,YJL107C,0,-1.3540708,0.2068292647600174,0.21199999749660492,0.08129999786615372
YNL146W,YBL040C,0,-1.3543191,0.20662768185138702,0.21199999749660492,0.08139999955892563
YPL113C,YJR124C,0,-1.3544935,0.2064264863729477,0.21199999749660492,0.08150000125169754
YNR072W,YHR094C,1,-1.3545876,0.20719844102859497,0.21299999952316284,0.08150000125169754
YLR325C,YFR019W,0,-1.3546854,0.2069970816373825,0.21299999952316284,0.08160000294446945
YHR035W,YFR024C-A,0,-1.355013,0.20679610967636108,0.21299999952316284,0.08169999718666077
YER039C,YBR241C,1,-1.3551958,0.20756547152996063,0.21400000154972076,0.08169999718666077
YKL119C,YBL069W,0,-1.3553766,0.20736433565616608,0.21400000154972076,0.08179999887943268
YLR224W,YKR065C,0,-1.3556505,0.20716360211372375,0.21400000154972076,0.08190000057220459
YPR097W,YNL261W,0,-1.3559895,0.20696325600147247,0.21400000154972076,0.0820000022649765
YDL171C,YOR084W,0,-1.3560306,0.20676328241825104,0.21400000154972076,0.08209999650716782
YNR063W,YOR247W,0,-1.3562471,0.20656371116638184,0.21400000154972076,0.08219999819993973
YPR115W,YDR345C,1,-1.3562552,0.20732882618904114,0.2150000035762787,0.08219999819993973
YPL037C,YBR034C,0,-1.3562726,0.2071290910243988,0.2150000035762787,0.08229999989271164
YER092W,YIL099W,0,-1.3563884,0.2069297432899475,0.2150000035762787,0.08240000158548355
YFL036W,YLR422W,0,-1.3565844,0.20673076808452606,0.2150000035762787,0.08250000327825546
YJL020C,YIL067C,0,-1.3570951,0.20653218030929565,0.2150000035762787,0.08259999752044678
YML047C,YER179W,0,-1.3572708,0.2063339799642563,0.2150000035762787,0.08269999921321869
YMR263W,YGL097W,0,-1.3573655,0.20613615214824677,0.2150000035762787,0.0828000009059906
YNL267W,YMR265C,0,-1.3577207,0.2059386968612671,0.2150000035762787,0.08290000259876251
YOL156W,YHR079C,0,-1.357905,0.20574162900447845,0.2150000035762787,0.08299999684095383
YHR079C-A,YGR188C,0,-1.3585573,0.20554493367671967,0.2150000035762787,0.08309999853372574
YJL214W,YML038C,1,-1.3590976,0.20630373060703278,0.2160000056028366,0.08309999853372574
YER056C,YCL074W,0,-1.3591295,0.20610687136650085,0.2160000056028366,0.08320000022649765
YBR255W,YER053C-A,0,-1.3593597,0.20591038465499878,0.2160000056028366,0.08330000191926956
YOR128C,YAL068C,0,-1.3595253,0.20571428537368774,0.2160000056028366,0.08340000361204147
YCR060W,YGL033W,0,-1.359619,0.20551855862140656,0.2160000056028366,0.08349999785423279
YOR215C,YNR057C,0,-1.3599883,0.20532318949699402,0.2160000056028366,0.0835999995470047
YLR081W,YDL199C,1,-1.360036,0.20607787370681763,0.21699999272823334,0.0835999995470047
YIL094C,YDL134C-A,0,-1.3601595,0.20588235557079315,0.21699999272823334,0.08370000123977661
YHR172W,YIL095W,0,-1.3605992,0.20568720996379852,0.21699999272823334,0.08380000293254852
YOR330C,YOL053W,0,-1.3606803,0.20549242198467255,0.21699999272823334,0.08389999717473984
YPL276W,YNL112W,0,-1.36077,0.20529800653457642,0.21699999272823334,0.08399999886751175
YEL047C,YER056C,0,-1.3610699,0.20510396361351013,0.21699999272823334,0.08410000056028366
YHL001W,YGR047C,0,-1.3611516,0.2049102932214737,0.21699999272823334,0.08420000225305557
YKL101W,YBR085W,0,-1.3614906,0.2047169804573059,0.21699999272823334,0.08429999649524689
YGL225W,YDL247W,1,-1.3615663,0.20546653866767883,0.21799999475479126,0.08429999649524689
YNL318C,YLR081W,1,-1.361635,0.20621469616889954,0.21899999678134918,0.08429999649524689
YGR212W,YOR141C,0,-1.3618879,0.20602069795131683,0.21899999678134918,0.0843999981880188
YMR046C,YLR220W,0,-1.3621963,0.20582707226276398,0.21899999678134918,0.08449999988079071
YOL091W,YPL061W,0,-1.3622224,0.20563380420207977,0.21899999678134918,0.08460000157356262
YDL199C,YOL156W,1,-1.3623422,0.2063789814710617,0.2199999988079071,0.08460000157356262
YLR357W,YGL079W,0,-1.3623469,0.20618556439876556,0.2199999988079071,0.08470000326633453
YNL318C,YGL104C,1,-1.362513,0.20692883431911469,0.22100000083446503,0.08470000326633453
YLR430W,YLR157C-A,0,-1.3626274,0.2067352682352066,0.22100000083446503,0.08479999750852585
YJL214W,YDL194W,1,-1.3629744,0.2074766308069229,0.22200000286102295,0.08479999750852585
YNL110C,YML086C,0,-1.3630866,0.2072829157114029,0.22200000286102295,0.08489999920129776
YBR298C,YIL171W,1,-1.3634354,0.20802238583564758,0.22300000488758087,0.08489999920129776
YPR071W,YLR065C,0,-1.3634869,0.20782852172851562,0.22300000488758087,0.08500000089406967
YBL039W-B,YCR092C,0,-1.3635904,0.20763501524925232,0.22300000488758087,0.08510000258684158
YHR092C,YOL156W,1,-1.3638524,0.2083720862865448,0.2240000069141388,0.08510000258684158
YGR289C,YLR081W,1,-1.3642427,0.20910780131816864,0.22499999403953552,0.08510000258684158
YOL049W,YNR040W,0,-1.3643317,0.208913654088974,0.22499999403953552,0.0851999968290329
YBR298C,YOL156W,1,-1.3643767,0.20964749157428741,0.22599999606609344,0.0851999968290329
YJL225C,YML066C,0,-1.3644334,0.20945319533348083,0.22599999606609344,0.08529999852180481
YOL154W,YBR036C,0,-1.3644387,0.2092592567205429,0.22599999606609344,0.08540000021457672
YLR403W,YDR223W,0,-1.3647835,0.20906567573547363,0.22599999606609344,0.08550000190734863
YCR023C,YGL033W,0,-1.3648912,0.208872452378273,0.22599999606609344,0.08560000360012054
YOR140W,YGR221C,0,-1.3650281,0.20867958664894104,0.22599999606609344,0.08569999784231186
YNR050C,YMR065W,0,-1.3651651,0.20848707854747772,0.22599999606609344,0.08579999953508377
YJR149W,YJL090C,0,-1.3657037,0.20829492807388306,0.22599999606609344,0.08590000122785568
YPL076W,YDL054C,0,-1.365896,0.20810313522815704,0.22599999606609344,0.0860000029206276
YJR127C,YHR118C,0,-1.3659445,0.2079116851091385,0.22599999606609344,0.08609999716281891
YBL047C,YML017W,0,-1.3664358,0.2077205926179886,0.22599999606609344,0.08619999885559082
YLR467W,YEL017C-A,0,-1.3665551,0.20752984285354614,0.22599999606609344,0.08630000054836273
YDR277C,YIL170W,1,-1.3665742,0.20825688540935516,0.22699999809265137,0.08630000054836273
YPL027W,YPL249C-A,0,-1.3667222,0.20806600153446198,0.22699999809265137,0.08640000224113464
YOL156W,YKL132C,0,-1.3668703,0.20787546038627625,0.22699999809265137,0.08649999648332596
YOR134W,YER179W,0,-1.3670555,0.20768527686595917,0.22699999809265137,0.08659999817609787
YNL318C,YDR342C,1,-1.3681425,0.20840950310230255,0.2280000001192093,0.08659999817609787
YFR042W,YMR124W,0,-1.3683103,0.20821918547153473,0.2280000001192093,0.08669999986886978
YER145C,YCR087C-A,0,-1.3683513,0.20802919566631317,0.2280000001192093,0.0868000015616417
YJL180C,YLR243W,0,-1.3684899,0.20783956348896027,0.2280000001192093,0.0869000032544136
YDR282C,YDR093W,0,-1.3686007,0.20765027403831482,0.2280000001192093,0.08699999749660492
YGR247W,YPR102C,0,-1.3687326,0.20746132731437683,0.2280000001192093,0.08709999918937683
YNL063W,YBR018C,0,-1.3688251,0.2072727233171463,0.2280000001192093,0.08720000088214874
YHR183W,YBR034C,0,-1.3692213,0.20708446204662323,0.2280000001192093,0.08730000257492065
YPL003W,YOL055C,0,-1.3692414,0.2068965584039688,0.2280000001192093,0.08739999681711197
YHR176W,YOR213C,0,-1.3693022,0.20670898258686066,0.2280000001192093,0.08749999850988388
YMR114C,YBL100W-A,0,-1.3694723,0.20652173459529877,0.2280000001192093,0.08760000020265579
YPR184W,YOR365C,0,-1.3696219,0.20633484423160553,0.2280000001192093,0.0877000018954277
YGL253W,YIL171W,1,-1.3698632,0.20705243945121765,0.2290000021457672,0.0877000018954277
YJR141W,YNL039W,0,-1.3699176,0.20686540007591248,0.2290000021457672,0.08780000358819962
YOR229W,YMR074C,0,-1.3706559,0.20667870342731476,0.2290000021457672,0.08789999783039093
YJL052W,YAR007C,0,-1.3708278,0.2064923346042633,0.2290000021457672,0.08799999952316284
YLR422W,YOR322C,0,-1.3710468,0.2063063085079193,0.2290000021457672,0.08810000121593475
YLR271W,YML081W,0,-1.3712677,0.20612061023712158,0.2290000021457672,0.08820000290870667
YOR148C,YGR034W,0,-1.3712996,0.2059352546930313,0.2290000021457672,0.08829999715089798
YLR081W,YIL171W,1,-1.3714247,0.20664869248867035,0.23000000417232513,0.08829999715089798
YJR007W,YBR239C,0,-1.3714333,0.20646320283412933,0.23000000417232513,0.08839999884366989
YIL138C,YPR145W,0,-1.3714839,0.2062780261039734,0.23000000417232513,0.0885000005364418
YCR092C,YOR153W,0,-1.3715851,0.2060931921005249,0.23000000417232513,0.08860000222921371
YOR152C,YGL213C,0,-1.3718287,0.20590868592262268,0.23000000417232513,0.08869999647140503
YDR333C,YLR332W,0,-1.3719833,0.20572450757026672,0.23000000417232513,0.08879999816417694
YHR172W,YGL026C,0,-1.3723117,0.20554065704345703,0.23000000417232513,0.08889999985694885
YEL004W,YDR536W,1,-1.3724364,0.20624999701976776,0.23100000619888306,0.08889999985694885
YGL224C,YMR265C,0,-1.372581,0.20606601238250732,0.23100000619888306,0.08900000154972076
YLR081W,YDL194W,1,-1.372731,0.20677362382411957,0.23199999332427979,0.08900000154972076
YDL044C,YNL181W,0,-1.372987,0.2065894901752472,0.23199999332427979,0.08910000324249268
YNL019C,YMR325W,0,-1.3729926,0.20640569925308228,0.23199999332427979,0.08919999748468399
YPL026C,YDL247W,1,-1.373218,0.20711110532283783,0.2329999953508377,0.08919999748468399
YHR080C,YNL126W,0,-1.3732544,0.20692718029022217,0.2329999953508377,0.0892999991774559
YGR184C,YDR367W,0,-1.3735191,0.20674356818199158,0.2329999953508377,0.08940000087022781
YJL219W,YDR345C,1,-1.3736923,0.20744681358337402,0.23399999737739563,0.08940000087022781
YIL170W,YBL020W,1,-1.3738385,0.2081488072872162,0.23499999940395355,0.08940000087022781
YER056C,YMR225C,0,-1.3738443,0.20796459913253784,0.23499999940395355,0.08950000256299973
YBL071W-A,YOL101C,0,-1.3740429,0.20778071880340576,0.23499999940395355,0.08959999680519104
YGR059W,YGL057C,0,-1.3741904,0.20759716629981995,0.23499999940395355,0.08969999849796295
YER184C,YPL010W,0,-1.3743091,0.2074139416217804,0.23499999940395355,0.08980000019073486
YMR210W,YEL006W,0,-1.3745311,0.2072310447692871,0.23499999940395355,0.08990000188350677
YOR028C,YMR018W,0,-1.375127,0.2070484608411789,0.23499999940395355,0.09000000357627869
YLR050C,YKL085W,0,-1.3751558,0.20686618983745575,0.23499999940395355,0.09009999781847
YLR448W,YPR147C,0,-1.3752569,0.20668426156044006,0.23499999940395355,0.09019999951124191
YKL059C,YKL107W,0,-1.3754457,0.20650263130664825,0.23499999940395355,0.09030000120401382
YPL158C,YOR343W-B,0,-1.3756486,0.2063213288784027,0.23499999940395355,0.09040000289678574
YJL167W,YHR020W,0,-1.3757772,0.20614035427570343,0.23499999940395355,0.09049999713897705
YDL194W,YNR072W,1,-1.3758465,0.20683610439300537,0.23600000143051147,0.09049999713897705
YKR024C,YHR042W,0,-1.3759409,0.20665499567985535,0.23600000143051147,0.09059999883174896
YLR342W,YHR107C,0,-1.3760754,0.2064741849899292,0.23600000143051147,0.09070000052452087
YJL156C,YCR058C,0,-1.3762312,0.20629370212554932,0.23600000143051147,0.09080000221729279
YLR410W-A,YOR317W,0,-1.3764024,0.2061135321855545,0.23600000143051147,0.0908999964594841
YDR103W,YGR016W,0,-1.376819,0.20593367516994476,0.23600000143051147,0.09099999815225601
YJL107C,YHR047C,0,-1.3768455,0.2057541459798813,0.23600000143051147,0.09109999984502792
YLR293C,YAL034W-A,0,-1.3769902,0.2055749148130417,0.23600000143051147,0.09120000153779984
YLR050C,YMR114C,0,-1.3770803,0.20539599657058716,0.23600000143051147,0.09130000323057175
YOR386W,YLR072W,0,-1.3770982,0.2052173912525177,0.23600000143051147,0.09139999747276306
YFL011W,YDR345C,1,-1.377344,0.2059079110622406,0.2370000034570694,0.09139999747276306
YDR372C,YMR124W,0,-1.3774523,0.2057291716337204,0.2370000034570694,0.09149999916553497
YOR192C-B,YGR250C,0,-1.3775247,0.20555073022842407,0.2370000034570694,0.09160000085830688
YLL010C,YOR047C,0,-1.3776697,0.205372616648674,0.2370000034570694,0.0917000025510788
YLR001C,YGR083C,0,-1.3778487,0.20519480109214783,0.2370000034570694,0.09179999679327011
YHR064C,YGR098C,0,-1.3784529,0.2050172984600067,0.2370000034570694,0.09189999848604202
YJR160C,YOL156W,1,-1.3786551,0.20570440590381622,0.23800000548362732,0.09189999848604202
YCL001W,YLR403W,0,-1.3787917,0.20552676916122437,0.23800000548362732,0.09200000017881393
YGL038C,YGR282C,0,-1.379239,0.20534944534301758,0.23800000548362732,0.09210000187158585
YGR246C,YER010C,0,-1.3793408,0.20517241954803467,0.23800000548362732,0.09220000356435776
YDL229W,YDR379C-A,0,-1.3793769,0.20499569177627563,0.23800000548362732,0.09229999780654907
YNL148C,YGL186C,0,-1.3794224,0.20481927692890167,0.23800000548362732,0.09239999949932098
YHR111W,YNR071C,0,-1.3796269,0.2046431601047516,0.23800000548362732,0.0925000011920929
YGR161W-B,YJL013C,0,-1.3797394,0.20446735620498657,0.23800000548362732,0.09260000288486481
YDR447C,YGR165W,0,-1.3800968,0.20429185032844543,0.23800000548362732,0.09269999712705612
YCL026C-B,YGR282C,0,-1.3801682,0.20411664247512817,0.23800000548362732,0.09279999881982803
YLR023C,YHL022C,0,-1.3802036,0.2039417326450348,0.23800000548362732,0.09290000051259995
YGR289C,YNR072W,1,-1.3803022,0.204623281955719,0.23899999260902405,0.09290000051259995
YDR384C,YLL021W,0,-1.380427,0.20444825291633606,0.23899999260902405,0.09300000220537186
YGL226C-A,YGL240W,0,-1.3804542,0.2042735069990158,0.23899999260902405,0.09309999644756317
YER074W,YOR095C,0,-1.3804651,0.20409905910491943,0.23899999260902405,0.09319999814033508
YFR024C,YKR024C,0,-1.3805563,0.20392490923404694,0.23899999260902405,0.093299999833107
YDR444W,YOR231W,0,-1.3808467,0.2037510722875595,0.23899999260902405,0.0934000015258789
YNL148C,YMR325W,0,-1.3811016,0.20357751846313477,0.23899999260902405,0.09350000321865082
YGR156W,YJL026W,0,-1.3813998,0.2034042626619339,0.23899999260902405,0.09359999746084213
YGL253W,YOL156W,1,-1.3814107,0.20408163964748383,0.23999999463558197,0.09359999746084213
YCR038C,YMR096W,0,-1.3819888,0.20390823483467102,0.23999999463558197,0.09369999915361404
YKR065C,YML066C,0,-1.3820099,0.2037351429462433,0.23999999463558197,0.09380000084638596
YOR378W,YDR142C,0,-1.3821526,0.20356233417987823,0.23999999463558197,0.09390000253915787
YGL253W,YNR072W,1,-1.3822211,0.20423728227615356,0.2409999966621399,0.09390000253915787
YLR422W,YPL183W-A,0,-1.3826343,0.20406435430049896,0.2409999966621399,0.09399999678134918
YLR293C,YIL018W,0,-1.3827935,0.20389170944690704,0.2409999966621399,0.0940999984741211
YIL151C,YGL225W,0,-1.3828205,0.203719362616539,0.2409999966621399,0.094200000166893
YCL026C-B,YML120C,0,-1.3828218,0.20354729890823364,0.2409999966621399,0.09430000185966492
YER078C,YGL033W,0,-1.3829157,0.20337553322315216,0.2409999966621399,0.09440000355243683
YOR213C,YHR175W,0,-1.3829308,0.20320405066013336,0.2409999966621399,0.09449999779462814
YKL221W,YDL178W,0,-1.3830335,0.20303285121917725,0.2409999966621399,0.09459999948740005
YNL173C,YMR306W,0,-1.383247,0.202861949801445,0.2409999966621399,0.09470000118017197
YKL087C,YOR071C,0,-1.3836986,0.20269133150577545,0.2409999966621399,0.09480000287294388
YJR160C,YDL245C,1,-1.3837098,0.20336134731769562,0.24199999868869781,0.09480000287294388
YJR044C,YLL010C,0,-1.384035,0.20319059491157532,0.24199999868869781,0.09489999711513519
YMR091C,YOR215C,0,-1.3840387,0.2030201405286789,0.24199999868869781,0.0949999988079071
YML133C,YPL271W,0,-1.3840486,0.20284995436668396,0.24199999868869781,0.09510000050067902
YLR081W,YDL245C,1,-1.3841108,0.2035175859928131,0.24300000071525574,0.09510000050067902
YFR024C,YGL119W,0,-1.3842711,0.20334728062152863,0.24300000071525574,0.09520000219345093
YFL035C-B,YBR079C,0,-1.3843591,0.20317725837230682,0.24300000071525574,0.09529999643564224
YGL210W-A,YLR435W,0,-1.3844323,0.2030075192451477,0.24300000071525574,0.09539999812841415
YJL074C,YPL113C,0,-1.3849388,0.20283806324005127,0.24300000071525574,0.09549999982118607
YOL055C,YJR140C,0,-1.3852128,0.20266889035701752,0.24300000071525574,0.09560000151395798
YJR158W,YJL214W,1,-1.385266,0.20333333313465118,0.24400000274181366,0.09560000151395798
YJL114W,YOR298C-A,0,-1.3853542,0.2031640261411667,0.24400000274181366,0.09570000320672989
YJR141W,YIL009W,0,-1.3853823,0.20299500226974487,0.24400000274181366,0.0957999974489212
YER015W,YIL143C,0,-1.3855325,0.20282626152038574,0.24400000274181366,0.09589999914169312
YHR021C,YLR337C,0,-1.3856981,0.2026578038930893,0.24400000274181366,0.09600000083446503
YIR009W,YKR059W,0,-1.3857998,0.20248962938785553,0.24400000274181366,0.09610000252723694
YOR343W-B,YBR239C,0,-1.3858746,0.20232172310352325,0.24400000274181366,0.09619999676942825
YGR161W-B,YOR178C,0,-1.3859173,0.20215409994125366,0.24400000274181366,0.09629999846220016
YJL065C,YDR384C,0,-1.3859499,0.20198675990104675,0.24400000274181366,0.09640000015497208
YLR081W,YHR092C,1,-1.3862052,0.20264682173728943,0.24500000476837158,0.09640000015497208
YMR306W,YKL107W,0,-1.3862959,0.20247933268547058,0.24500000476837158,0.09650000184774399
YHR117W,YMR239C,0,-1.3863547,0.2023121416568756,0.24500000476837158,0.0966000035405159
YIL074C,YIR024C,0,-1.3863608,0.20214521884918213,0.24500000476837158,0.09669999778270721
YNL318C,YEL004W,1,-1.3863671,0.20280297100543976,0.2460000067949295,0.09669999778270721
YNL318C,YOL156W,1,-1.386443,0.20345963537693024,0.24699999392032623,0.09669999778270721
YDR282C,YPR003C,0,-1.3864434,0.20329217612743378,0.24699999392032623,0.09679999947547913
YDL229W,YGR169C-A,0,-1.3864974,0.203125,0.24699999392032623,0.09690000116825104
YIL079C,YLR265C,0,-1.3869187,0.2029580920934677,0.24699999392032623,0.09700000286102295
YGR016W,YHR183W,0,-1.3871282,0.2027914673089981,0.24699999392032623,0.09709999710321426
YGR205W,YGL203C,0,-1.3871545,0.2026250958442688,0.24699999392032623,0.09719999879598618
YDL199C,YER039C,1,-1.3871806,0.20327869057655334,0.24799999594688416,0.09719999879598618
YMR238W,YGR217W,0,-1.3872576,0.20311219990253448,0.24799999594688416,0.09730000048875809
YPR193C,YDR487C,0,-1.3874613,0.2029459923505783,0.24799999594688416,0.09740000218153
YIL087C,YJR061W,0,-1.3875786,0.20278005301952362,0.24799999594688416,0.09749999642372131
YLR357W,YLR450W,0,-1.3875886,0.20261438190937042,0.24799999594688416,0.09759999811649323
YOL125W,YER010C,0,-1.3877045,0.2024489790201187,0.24799999594688416,0.09769999980926514
YLR355C,YAL010C,0,-1.3877932,0.2022838443517685,0.24799999594688416,0.09780000150203705
YMR300C,YKL104C,0,-1.3878354,0.20211899280548096,0.24799999594688416,0.09790000319480896
YOR014W,YOR285W,0,-1.3879497,0.20195439457893372,0.24799999594688416,0.09799999743700027
YOL098C,YDR098C-B,0,-1.3881145,0.20179007947444916,0.24799999594688416,0.09809999912977219
YOR206W,YNL307C,0,-1.3882588,0.2016260176897049,0.24799999594688416,0.0982000008225441
YNL318C,YFL054C,1,-1.3884584,0.20227457582950592,0.24899999797344208,0.0982000008225441
YKL094W,YMR232W,0,-1.3886354,0.2021103948354721,0.24899999797344208,0.09830000251531601
YJR061W,YGL195W,0,-1.3887198,0.2019464671611786,0.24899999797344208,0.09839999675750732
YJL097W,YMR221C,0,-1.3889722,0.20178282260894775,0.24899999797344208,0.09849999845027924
YMR210W,YER115C,0,-1.3889879,0.20161943137645721,0.24899999797344208,0.09860000014305115
YDR224C,YKR084C,0,-1.3890501,0.20145630836486816,0.24899999797344208,0.09870000183582306
YMR036C,YMR096W,0,-1.3890935,0.2012934535741806,0.24899999797344208,0.09880000352859497
YDR282C,YHR111W,0,-1.3894275,0.20113085210323334,0.24899999797344208,0.09889999777078629
YBR129C,YCR087C-A,0,-1.3897852,0.20096851885318756,0.24899999797344208,0.0989999994635582
YPL089C,YLR356W,0,-1.38979,0.20080645382404327,0.24899999797344208,0.09910000115633011
YGL025C,YFL002W-B,0,-1.3897959,0.20064464211463928,0.24899999797344208,0.09920000284910202
YPL026C,YEL069C,1,-1.3899311,0.20128823816776276,0.25,0.09920000284910202
YBL039W-B,YGR206W,0,-1.3899311,0.2011263072490692,0.25,0.09929999709129333
YLR342W,YNR071C,0,-1.3903242,0.20096462965011597,0.25,0.09939999878406525
YFL002W-B,YER076C,0,-1.3906215,0.2008032202720642,0.25,0.09950000047683716
YCR028C-A,YGR155W,0,-1.3907571,0.20064204931259155,0.25,0.09960000216960907
YDR309C,YCR028C-A,0,-1.3909081,0.20048116147518158,0.25,0.09969999641180038
YLR249W,YER076C,0,-1.3910619,0.2003205120563507,0.25,0.0997999981045723
YDR381C-A,YHR135C,0,-1.3911011,0.20016013085842133,0.25,0.09989999979734421
YOR128C,YOR058C,0,-1.391107,0.20000000298023224,0.25,0.10000000149011612
YPR184W,YBL100W-A,0,-1.3911203,0.19984012842178345,0.25,0.10010000318288803
YKR077W,YAR028W,0,-1.3911546,0.19968050718307495,0.25,0.10019999742507935
YKL165C,YLR390W,0,-1.3913504,0.19952115416526794,0.25,0.10029999911785126
YGR059W,YOR059C,0,-1.3914691,0.19936203956604004,0.25,0.10040000081062317
YKR059W,YLR450W,0,-1.3915535,0.19920319318771362,0.25,0.10050000250339508
YDR083W,YEL056W,0,-1.3915677,0.1990445852279663,0.25,0.1005999967455864
YBR001C,YGL008C,0,-1.3927515,0.1988862305879593,0.25,0.1006999984383583
YOR028C,YKL162C,0,-1.3927728,0.19872814416885376,0.25,0.10080000013113022
YOR093C,YIL088C,0,-1.3928729,0.19857029616832733,0.25,0.10090000182390213
YGL225W,YBR241C,1,-1.3928969,0.19920635223388672,0.25099998712539673,0.10090000182390213
YBR020W,YFL036W,0,-1.393104,0.19904837012290955,0.25099998712539673,0.10100000351667404
YAR010C,YMR158W,0,-1.3931367,0.19889065623283386,0.25099998712539673,0.10109999775886536
YGL211W,YLR375W,0,-1.3931655,0.19873318076133728,0.25099998712539673,0.10119999945163727
YML074C,YLR410W-A,0,-1.3931868,0.1985759437084198,0.25099998712539673,0.10130000114440918
YPR097W,YIL097W,0,-1.3933228,0.1984189748764038,0.25099998712539673,0.10140000283718109
YKL108W,YIR035C,0,-1.3933927,0.19826224446296692,0.25099998712539673,0.1014999970793724
YJR141W,YEL016C,0,-1.3935002,0.19810576736927032,0.25099998712539673,0.10159999877214432
YMR114C,YLR206W,0,-1.393694,0.19794952869415283,0.25099998712539673,0.10170000046491623
YLL043W,YEL069C,1,-1.3938013,0.19858156144618988,0.25200000405311584,0.10170000046491623
YGR097W,YIL170W,1,-1.3938137,0.19921259582042694,0.2529999911785126,0.10170000046491623
YGL253W,YHR094C,1,-1.393973,0.1998426467180252,0.2540000081062317,0.10170000046491623
YHL018W,YDR503C,0,-1.3941236,0.19968552887439728,0.2540000081062317,0.10180000215768814
YKR072C,YBR294W,0,-1.3942037,0.19952867925167084,0.2540000081062317,0.10189999639987946
YBR007C,YER076C,0,-1.3944055,0.1993720531463623,0.2540000081062317,0.10199999809265137
YOR163W,YLR223C,0,-1.3945229,0.19921568036079407,0.2540000081062317,0.10209999978542328
YKL100C,YLR278C,0,-1.3945941,0.19905956089496613,0.2540000081062317,0.10220000147819519
YNR031C,YOR101W,0,-1.3947035,0.19890367984771729,0.2540000081062317,0.1023000031709671
YOR021C,YML081W,0,-1.3947489,0.19874803721904755,0.2540000081062317,0.10239999741315842
YMR283C,YNL045W,0,-1.3951293,0.1985926479101181,0.2540000081062317,0.10249999910593033
YGL067W,YIR035C,0,-1.3952178,0.19843749701976776,0.2540000081062317,0.10260000079870224
YAL068C,YBR036C,0,-1.3952258,0.19828258454799652,0.2540000081062317,0.10270000249147415
YDR343C,YPL189W,1,-1.3953046,0.19890795648097992,0.2549999952316284,0.10270000249147415
YNR063W,YOR071C,0,-1.395552,0.19875292479991913,0.2549999952316284,0.10279999673366547
YDL109C,YFL017C,0,-1.3957521,0.19859813153743744,0.2549999952316284,0.10289999842643738
YOR330C,YFR024C,0,-1.3959136,0.19844357669353485,0.2549999952316284,0.10300000011920929
YOR007C,YJL107C,0,-1.3965827,0.19828927516937256,0.2549999952316284,0.1031000018119812
YOR084W,YDL036C,0,-1.3967106,0.19813519716262817,0.2549999952316284,0.10320000350475311
YHR109W,YKL200C,0,-1.3967347,0.19798137247562408,0.2549999952316284,0.10329999774694443
YLR050C,YBR235W,0,-1.3968102,0.1978277713060379,0.2549999952316284,0.10339999943971634
YGL229C,YLR099W-A,0,-1.3970207,0.19767442345619202,0.2549999952316284,0.10350000113248825
YLR099C,YER014W,0,-1.397277,0.19752129912376404,0.2549999952316284,0.10360000282526016
YJR053W,YKL165C,0,-1.3972963,0.19736842811107635,0.2549999952316284,0.10369999706745148
YER053C-A,YOR059C,0,-1.3973216,0.19721578061580658,0.2549999952316284,0.10379999876022339
YJL030W,YBL039W-B,0,-1.3973979,0.1970633715391159,0.2549999952316284,0.1039000004529953
YJL114W,YPR007C,0,-1.397463,0.19691120088100433,0.2549999952316284,0.10400000214576721
YGR246C,YOL053W,0,-1.3974813,0.19675925374031067,0.2549999952316284,0.10409999638795853
YHR111W,YHR138C,0,-1.3975708,0.1966075599193573,0.2549999952316284,0.10419999808073044
YHL030W,YLL057C,0,-1.3977512,0.19645608961582184,0.2549999952316284,0.10429999977350235
YLL043W,YPR115W,1,-1.3981229,0.19707466661930084,0.25600001215934753,0.10429999977350235
YCL074W,YAR071W,0,-1.398178,0.19692307710647583,0.25600001215934753,0.10440000146627426
YML038C,YBR241C,1,-1.3982989,0.19754035770893097,0.25699999928474426,0.10440000146627426
YHR094C,YLR065C,0,-1.3983068,0.1973886340856552,0.25699999928474426,0.10450000315904617
YDL138W,YDL245C,1,-1.3983296,0.1980046033859253,0.257999986410141,0.10450000315904617
YDR393W,YNL146W,0,-1.3983934,0.19785276055335999,0.257999986410141,0.10459999740123749
YJL209W,YCR024C-A,0,-1.3984492,0.19770115613937378,0.257999986410141,0.1046999990940094
YHL030W,YIL067C,0,-1.3985374,0.19754977524280548,0.257999986410141,0.10480000078678131
YNL151C,YJL127C-B,0,-1.3986758,0.1973986178636551,0.257999986410141,0.10490000247955322
YDR387C,YBR298C,1,-1.3988582,0.19801223278045654,0.2590000033378601,0.10490000247955322
YPL027W,YHR064C,0,-1.3988656,0.1978609561920166,0.2590000033378601,0.10499999672174454
YDR260C,YMR124W,0,-1.3990786,0.19770991802215576,0.2590000033378601,0.10509999841451645
YAL068C,YNL185C,0,-1.3991371,0.19755911827087402,0.2590000033378601,0.10520000010728836
YER039C,YJL107C,0,-1.3995814,0.1974085420370102,0.2590000033378601,0.10530000180006027
YOR301W,YMR045C,0,-1.399704,0.19725818932056427,0.2590000033378601,0.10540000349283218
YBR001C,YNL204C,0,-1.4001017,0.19710806012153625,0.2590000033378601,0.1054999977350235
YGL231C,YLR066W,0,-1.4001403,0.19695816934108734,0.2590000033378601,0.10559999942779541
YHR021C,YGR165W,0,-1.4004287,0.19680851697921753,0.2590000033378601,0.10570000112056732
YLR453C,YJR088C,0,-1.4005144,0.19665907323360443,0.2590000033378601,0.10580000281333923
YIR009W,YMR018W,0,-1.4006642,0.19650986790657043,0.2590000033378601,0.10589999705553055
YML045W,YDR018C,0,-1.4007168,0.19636088609695435,0.2590000033378601,0.10599999874830246
YDR520C,YLR410W-A,0,-1.4011178,0.19621212780475616,0.2590000033378601,0.10610000044107437
YDR224C,YER076C,0,-1.4018815,0.1960635930299759,0.2590000033378601,0.10620000213384628
YLR307W,YDR367W,0,-1.4019253,0.19591528177261353,0.2590000033378601,0.1062999963760376
YJL030W,YGR264C,0,-1.4019452,0.19576719403266907,0.2590000033378601,0.10639999806880951
YDL085W,YPR071W,0,-1.4019595,0.19561932981014252,0.2590000033378601,0.10649999976158142
YLL052C,YNL197C,0,-1.4024209,0.19547170400619507,0.2590000033378601,0.10660000145435333
YGR212W,YGR096W,0,-1.4024314,0.19532428681850433,0.2590000033378601,0.10670000314712524
YBR023C,YPR158W-A,0,-1.4025811,0.1951770931482315,0.2590000033378601,0.10679999738931656
YGL191W,YGL168W,0,-1.4027482,0.1950301229953766,0.2590000033378601,0.10689999908208847
YHR096C,YEL004W,1,-1.4031802,0.1956358104944229,0.25999999046325684,0.10689999908208847
YOR221C,YBL071W-A,0,-1.4033567,0.19548872113227844,0.25999999046325684,0.10700000077486038
YGR174C,YBR057C,0,-1.4035386,0.19534185528755188,0.25999999046325684,0.1071000024676323
YOR204W,YBL037W,0,-1.4035593,0.19519519805908203,0.25999999046325684,0.10719999670982361
YCR105W,YCR038C,0,-1.4035606,0.1950487643480301,0.25999999046325684,0.10729999840259552
YBL071W-A,YER179W,0,-1.4037095,0.19490255415439606,0.25999999046325684,0.10740000009536743
YGR194C,YBR100W,0,-1.4038261,0.19475655257701874,0.25999999046325684,0.10750000178813934
YGR169C-A,YIL043C,0,-1.4039326,0.19461077451705933,0.25999999046325684,0.10760000348091125
YLR293C,YCL003W,0,-1.4040196,0.19446521997451782,0.25999999046325684,0.10769999772310257
YDR309C,YLR467W,0,-1.4040664,0.19431987404823303,0.25999999046325684,0.10779999941587448
YEL063C,YHR020W,0,-1.404083,0.19417475163936615,0.25999999046325684,0.10790000110864639
YOR288C,YLR157C-A,0,-1.4041715,0.19402985274791718,0.25999999046325684,0.1080000028014183
YIL087C,YNL118C,0,-1.4043254,0.19388516247272491,0.25999999046325684,0.10809999704360962
YGL067W,YNL185C,0,-1.4044133,0.19374068081378937,0.25999999046325684,0.10819999873638153
YMR072W,YMR325W,0,-1.4047962,0.19359642267227173,0.25999999046325684,0.10830000042915344
YML030W,YHR155W,0,-1.404916,0.193452388048172,0.25999999046325684,0.10840000212192535
YNR040W,YPL010W,0,-1.4049958,0.19330854713916779,0.25999999046325684,0.10849999636411667
YBR181C,YLR347C,0,-1.4050345,0.19316492974758148,0.25999999046325684,0.10859999805688858
YNR001C,YGR217W,0,-1.4055017,0.19302153587341309,0.25999999046325684,0.10869999974966049
YNL088W,YMR096W,0,-1.4056996,0.1928783357143402,0.25999999046325684,0.1088000014424324
YNR050C,YNL181W,0,-1.4059963,0.19273535907268524,0.25999999046325684,0.10890000313520432
YFR011C,YHR005C,0,-1.4059995,0.192592591047287,0.25999999046325684,0.10899999737739563
YOR093C,YOR330C,0,-1.406297,0.19245003163814545,0.25999999046325684,0.10909999907016754
YNL065W,YOR021C,0,-1.4066429,0.19230769574642181,0.25999999046325684,0.10920000076293945
YFL011W,YJL214W,1,-1.4067202,0.19290465116500854,0.26100000739097595,0.10920000076293945
YDL211C,YLR167W,0,-1.4067532,0.19276218116283417,0.26100000739097595,0.10930000245571136
YGL084C,YIL170W,1,-1.4069502,0.1933579295873642,0.2619999945163727,0.10930000245571136
YDR381C-A,YJR041C,0,-1.4069607,0.19321534037590027,0.2619999945163727,0.10939999669790268
YKL132C,YIL053W,0,-1.4070505,0.19307295978069305,0.2619999945163727,0.10949999839067459
YFL002W-B,YPR003C,0,-1.4073046,0.19293078780174255,0.2619999945163727,0.1096000000834465
YGL225W,YDR536W,1,-1.4075539,0.19352464377880096,0.2630000114440918,0.1096000000834465
YPR147C,YDR367W,0,-1.4077096,0.1933823525905609,0.2630000114440918,0.10970000177621841
YDR387C,YIL170W,1,-1.4079111,0.19397501647472382,0.2639999985694885,0.10970000177621841
YDL174C,YDL170W,0,-1.4079403,0.1938326060771942,0.2639999985694885,0.10980000346899033
YOR354C,YGL231C,0,-1.4079536,0.19369038939476013,0.2639999985694885,0.10989999771118164
YMR011W,YJL050W,0,-1.4079632,0.19354838132858276,0.2639999985694885,0.10999999940395355
YJR140C,YMR086W,0,-1.4079708,0.1934065967798233,0.2639999985694885,0.11010000109672546
YJL160C,YLR106C,0,-1.4079763,0.19326500594615936,0.2639999985694885,0.11020000278949738
YOR192C-B,YGL191W,0,-1.4080131,0.19312362372875214,0.2639999985694885,0.11029999703168869
YBR018C,YNL045W,0,-1.4083812,0.19298245012760162,0.2639999985694885,0.1103999987244606
YPL017C,YDR253C,0,-1.408414,0.19284148514270782,0.2639999985694885,0.11050000041723251
YPL027W,YBL069W,0,-1.4084871,0.19270072877407074,0.2639999985694885,0.11060000211000443
YDL170W,YGR292W,0,-1.4085175,0.19256018102169037,0.2639999985694885,0.11069999635219574
YER098W,YBR020W,0,-1.4086399,0.19241982698440552,0.2639999985694885,0.11079999804496765
YPL189W,YEL069C,1,-1.4087188,0.19300800561904907,0.26499998569488525,0.11079999804496765
YBL027W,YMR027W,0,-1.4089016,0.19286754727363586,0.26499998569488525,0.11089999973773956
YJR044C,YOL154W,0,-1.4090289,0.19272726774215698,0.26499998569488525,0.11100000143051147
YDR444W,YOR365C,0,-1.4090515,0.192587211728096,0.26499998569488525,0.11110000312328339
YPL026C,YFL054C,1,-1.4093436,0.1931735724210739,0.26600000262260437,0.11110000312328339
YGR212W,YBR021W,0,-1.4097586,0.1930333822965622,0.26600000262260437,0.1111999973654747
YJR061W,YMR018W,0,-1.4099553,0.1928934007883072,0.26600000262260437,0.11129999905824661
YGR067C,YGR292W,0,-1.4104962,0.1927536278963089,0.26600000262260437,0.11140000075101852
YDL211C,YGL097W,0,-1.4108402,0.19261404871940613,0.26600000262260437,0.11150000244379044
YLR072W,YMR154C,0,-1.4111727,0.19247467815876007,0.26600000262260437,0.11159999668598175
YML037C,YOR288C,0,-1.4113843,0.19233550131320953,0.26600000262260437,0.11169999837875366
YNR063W,YFL061W,0,-1.4114168,0.1921965330839157,0.26600000262260437,0.11180000007152557
YBR294W,YGR181W,0,-1.4114196,0.1920577585697174,0.26600000262260437,0.11190000176429749
YGR044C,YGR292W,0,-1.41147,0.19191919267177582,0.26600000262260437,0.1120000034570694
YJL160C,YLR399C,0,-1.411632,0.19178082048892975,0.26600000262260437,0.11209999769926071
YLR410W,YGR067C,0,-1.4116583,0.1916426569223404,0.26600000262260437,0.11219999939203262
YNL088W,YPL249C-A,0,-1.4116906,0.19150468707084656,0.26600000262260437,0.11230000108480453
YMR111C,YKL072W,0,-1.4117814,0.19136691093444824,0.26600000262260437,0.11240000277757645
YMR262W,YHR079C,0,-1.4117912,0.19122932851314545,0.26600000262260437,0.11249999701976776
YMR011W,YPL189W,1,-1.4118091,0.19181033968925476,0.2669999897480011,0.11249999701976776
YJL180C,YHR118C,0,-1.4120791,0.1916726529598236,0.2669999897480011,0.11259999871253967
YER053C-A,YLR166C,0,-1.4123347,0.19153514504432678,0.2669999897480011,0.11270000040531158
YNL065W,YLR116W,0,-1.4128047,0.19139784574508667,0.2669999897480011,0.1128000020980835
YIL170W,YFL054C,1,-1.412885,0.19197708368301392,0.2680000066757202,0.1128000020980835
YEL069C,YBL020W,1,-1.4130837,0.1925554722547531,0.26899999380111694,0.1128000020980835
YBR189W,YNL314W,0,-1.4131169,0.19241774082183838,0.26899999380111694,0.11289999634027481
YBL095W,YJR117W,0,-1.4132017,0.19228020310401917,0.26899999380111694,0.11299999803304672
YML027W,YNL065W,0,-1.4132634,0.19214285910129547,0.26899999380111694,0.11309999972581863
YDR251W,YBR239C,0,-1.413435,0.1920057088136673,0.26899999380111694,0.11320000141859055
YOR028C,YLR320W,0,-1.4134654,0.19186875224113464,0.26899999380111694,0.11330000311136246
YIL172C,YGL229C,0,-1.413505,0.1917320042848587,0.26899999380111694,0.11339999735355377
YOL101C,YLL054C,0,-1.4136043,0.1915954351425171,0.26899999380111694,0.11349999904632568
YIL082W-A,YPR147C,0,-1.413788,0.1914590746164322,0.26899999380111694,0.1136000007390976
YPL091W,YKL162C,0,-1.4138865,0.1913229078054428,0.26899999380111694,0.1137000024318695
YMR220W,YDR381C-A,0,-1.4140929,0.19118691980838776,0.26899999380111694,0.11379999667406082
YOR128C,YNL080C,0,-1.4142321,0.19105114042758942,0.26899999380111694,0.11389999836683273
YGL104C,YIL170W,1,-1.414251,0.19162526726722717,0.27000001072883606,0.11389999836683273
YDR098C-B,YBL093C,0,-1.4143792,0.19148936867713928,0.27000001072883606,0.11400000005960464
YLR121C,YBR126W-A,0,-1.4144616,0.19135364890098572,0.27000001072883606,0.11410000175237656
YML017W,YLR262C,0,-1.4145175,0.19121813774108887,0.27000001072883606,0.11420000344514847
YJL026W,YLR410W-A,0,-1.41462,0.19108280539512634,0.27000001072883606,0.11429999768733978
YGL253W,YNL318C,1,-1.4147519,0.19165487587451935,0.2709999978542328,0.11429999768733978
YCR105W,YOR378W,0,-1.4147941,0.19151943922042847,0.2709999978542328,0.1143999993801117
YER010C,YNR043W,0,-1.4150559,0.1913841813802719,0.2709999978542328,0.1145000010728836
YCR020W-B,YGL224C,0,-1.4151882,0.19124911725521088,0.2709999978542328,0.11460000276565552
YHR035W,YHR138C,0,-1.4152842,0.19111424684524536,0.2709999978542328,0.11469999700784683
YLR081W,YGL225W,1,-1.4153775,0.191684290766716,0.2720000147819519,0.11469999700784683
YJR065C,YMR258C,0,-1.41543,0.19154930114746094,0.2720000147819519,0.11479999870061874
YKR061W,YGR020C,0,-1.4154992,0.1914144903421402,0.2720000147819519,0.11490000039339066
YGL191W,YFL061W,0,-1.4155275,0.19127988815307617,0.2720000147819519,0.11500000208616257
YJL114W,YHR118C,0,-1.4159727,0.19114546477794647,0.2720000147819519,0.11509999632835388
YIL067C,YJL111W,0,-1.4160676,0.1910112351179123,0.2720000147819519,0.1151999980211258
YGR097W,YML038C,1,-1.4161376,0.1915789544582367,0.27300000190734863,0.1151999980211258
YBL039W-B,YPL258C,0,-1.4162704,0.19144460558891296,0.27300000190734863,0.1152999997138977
YLL052C,YPR158W-A,0,-1.4167284,0.19131043553352356,0.27300000190734863,0.11540000140666962
YGR067C,YMR021C,0,-1.4167932,0.19117647409439087,0.27300000190734863,0.11550000309944153
YDR260C,YGR155W,0,-1.4171897,0.1910426914691925,0.27300000190734863,0.11559999734163284
YLR204W,YMR221C,0,-1.4173855,0.19090908765792847,0.27300000190734863,0.11569999903440475
YDR282C,YGL261C,0,-1.4173933,0.19077567756175995,0.27300000190734863,0.11580000072717667
YOR223W,YMR306W,0,-1.4174471,0.19064246118068695,0.27300000190734863,0.11590000241994858
YDR260C,YOR276W,0,-1.4174699,0.19050942361354828,0.27300000190734863,0.11599999666213989
YDR542W,YPL158C,0,-1.417614,0.19037656486034393,0.27300000190734863,0.1160999983549118
YOR039W,YHR134W,0,-1.417621,0.1902438998222351,0.27300000190734863,0.11620000004768372
YCR105W,YER031C,0,-1.4183477,0.1901114135980606,0.27300000190734863,0.11630000174045563
YDL245C,YFL054C,1,-1.4186369,0.1906750202178955,0.27399998903274536,0.11630000174045563
YPR110C,YER010C,0,-1.418815,0.19054241478443146,0.27399998903274536,0.11640000343322754
YGL010W,YPL001W,0,-1.4188738,0.19041000306606293,0.27399998903274536,0.11649999767541885
YPR075C,YPR007C,0,-1.4189852,0.19027778506278992,0.27399998903274536,0.11659999936819077
YFL011W,YER039C,1,-1.4192423,0.19083969295024872,0.2750000059604645,0.11659999936819077
YGR161W-B,YBR072W,0,-1.4192476,0.19070735573768616,0.2750000059604645,0.11670000106096268
YHL018W,YKL087C,0,-1.4193013,0.19057519733905792,0.2750000059604645,0.11680000275373459
YDR150W,YER007W,0,-1.4193329,0.190443217754364,0.2750000059604645,0.1168999969959259
YOR016C,YOR152C,0,-1.4193829,0.19031141698360443,0.2750000059604645,0.11699999868869781
YBR038W,YDL130W,0,-1.4197698,0.19017980992794037,0.2750000059604645,0.11710000038146973
YGL010W,YPL208W,0,-1.4197785,0.19004838168621063,0.2750000059604645,0.11720000207424164
YER098W,YCL026C-B,0,-1.4199656,0.18991713225841522,0.2750000059604645,0.11729999631643295
YMR179W,YIL018W,0,-1.4200096,0.18978606164455414,0.2750000059604645,0.11739999800920486
YOL156W,YEL069C,1,-1.4200662,0.19034482538700104,0.2759999930858612,0.11739999800920486
YPR097W,YLR172C,0,-1.4201171,0.1902136504650116,0.2759999930858612,0.11749999970197678
YLR160C,YMR074C,0,-1.4201239,0.1900826394557953,0.2759999930858612,0.11760000139474869
YDL098C,YAR028W,0,-1.420135,0.1899518221616745,0.2759999930858612,0.1177000030875206
YMR011W,YNR072W,1,-1.4205989,0.19050894677639008,0.2770000100135803,0.1177000030875206
YGR212W,YMR046C,0,-1.4206325,0.19037801027297974,0.2770000100135803,0.11779999732971191
YDL175C,YJR085C,0,-1.4206454,0.19024725258350372,0.2770000100135803,0.11789999902248383
YGR250C,YPR158W-A,0,-1.42069,0.19011667370796204,0.2770000100135803,0.11800000071525574
YDR143C,YAR033W,0,-1.420697,0.18998628854751587,0.2770000100135803,0.11810000240802765
YCL057C-A,YLR447C,0,-1.4208621,0.18985606729984283,0.2770000100135803,0.11819999665021896
YBR043C,YJR085C,0,-1.4210457,0.18972602486610413,0.2770000100135803,0.11829999834299088
YGL026C,YER066W,0,-1.421108,0.18959616124629974,0.2770000100135803,0.11840000003576279
YPL204W,YMR305C,0,-1.4212519,0.18946649134159088,0.2770000100135803,0.1185000017285347
YKR058W,YIL026C,0,-1.4214908,0.18933698534965515,0.2770000100135803,0.11860000342130661
YOL098C,YBR034C,0,-1.4216635,0.18920764327049255,0.2770000100135803,0.11869999766349792
YGR161W-B,YOR204W,0,-1.4218973,0.18907849490642548,0.2770000100135803,0.11879999935626984
YJL142C,YPL258C,0,-1.4220117,0.18894952535629272,0.2770000100135803,0.11890000104904175
YDR381C-A,YBL091C,0,-1.4220757,0.1888207197189331,0.2770000100135803,0.11900000274181366
YIL074C,YGR161C-C,0,-1.4221138,0.1886920928955078,0.2770000100135803,0.11909999698400497
YBR239C,YLR304C,0,-1.4223541,0.18856364488601685,0.2770000100135803,0.11919999867677689
YCL045C,YER029C,0,-1.4225155,0.1884353756904602,0.2770000100135803,0.1193000003695488
YIL027C,YFL035C-B,0,-1.4229518,0.1883072704076767,0.2770000100135803,0.11940000206232071
YDR289C,YML030W,0,-1.4230938,0.18817934393882751,0.2770000100135803,0.11949999630451202
YJR092W,YNL181W,0,-1.4231342,0.18805159628391266,0.2770000100135803,0.11959999799728394
YDR282C,YGL233W,0,-1.4232411,0.18792401254177094,0.2770000100135803,0.11969999969005585
YIL030C,YDR098C-B,0,-1.4232544,0.18779660761356354,0.2770000100135803,0.11980000138282776
YMR315W,YBR279W,0,-1.4232891,0.18766938149929047,0.2770000100135803,0.11990000307559967
YPL096W,YDR403W,0,-1.4236071,0.18754231929779053,0.2770000100135803,0.11999999731779099
YFL002W-B,YGL097W,0,-1.4237692,0.18741542100906372,0.2770000100135803,0.1200999990105629
YGR034W,YEL063C,0,-1.4237859,0.18728870153427124,0.2770000100135803,0.12020000070333481
YBL100W-A,YLR203C,0,-1.4239831,0.18716216087341309,0.2770000100135803,0.12030000239610672
YHR005C,YMR045C,0,-1.4241148,0.18703578412532806,0.2770000100135803,0.12039999663829803
YDR381C-A,YBR079C,0,-1.4242232,0.18690958619117737,0.2770000100135803,0.12049999833106995
YOL102C,YDR367W,0,-1.4244906,0.1867835521697998,0.2770000100135803,0.12060000002384186
YDL121C,YLL021W,0,-1.4247522,0.18665768206119537,0.2770000100135803,0.12070000171661377
YDR080W,YJL160C,0,-1.425221,0.18653199076652527,0.2770000100135803,0.12080000340938568
YER184C,YLR249W,0,-1.4255463,0.1864064633846283,0.2770000100135803,0.120899997651577
YJL225C,YOR330C,0,-1.4256016,0.18628109991550446,0.2770000100135803,0.12099999934434891
YJL225C,YBR095C,0,-1.4258147,0.18615591526031494,0.2770000100135803,0.12110000103712082
YBR020W,YML095C,0,-1.4260255,0.18603089451789856,0.2770000100135803,0.12120000272989273
YIL076W,YKR056W,0,-1.4260937,0.1859060376882553,0.2770000100135803,0.12129999697208405
YOR151C,YGL229C,0,-1.4262899,0.1857813596725464,0.2770000100135803,0.12139999866485596
YJL114W,YLR097C,0,-1.4265407,0.1856568306684494,0.2770000100135803,0.12150000035762787
YML037C,YJL102W,0,-1.4266526,0.18553248047828674,0.2770000100135803,0.12160000205039978
YKL119C,YBR126W-A,0,-1.4267915,0.18540829420089722,0.2770000100135803,0.1216999962925911
YBR177C,YPL187W,0,-1.4267992,0.18528428673744202,0.2770000100135803,0.121799997985363
YAL051W,YJL206C,0,-1.4268695,0.18516042828559875,0.2770000100135803,0.12189999967813492
YCL026C-B,YNL160W,0,-1.4269024,0.18503673374652863,0.2770000100135803,0.12200000137090683
YHR107C,YBR079C,0,-1.427137,0.18491321802139282,0.2770000100135803,0.12210000306367874
YGL168W,YAL047C,0,-1.4273527,0.18478986620903015,0.2770000100135803,0.12219999730587006
YGL231C,YPR052C,0,-1.4280049,0.18466666340827942,0.2770000100135803,0.12229999899864197
YGR058W,YIL053W,0,-1.4282817,0.184543639421463,0.2770000100135803,0.12240000069141388
YDL222C,YLR410W-A,0,-1.4284089,0.18442077934741974,0.2770000100135803,0.12250000238418579
YOL157C,YBL071W-A,0,-1.4284581,0.1842980682849884,0.2770000100135803,0.1225999966263771
YAR028W,YOR030W,0,-1.4284803,0.1841755360364914,0.2770000100135803,0.12269999831914902
YDR080W,YGR205W,0,-1.4285461,0.18405315279960632,0.2770000100135803,0.12280000001192093
YPR075C,YHR134W,0,-1.428831,0.18393094837665558,0.2770000100135803,0.12290000170469284
YDR444W,YIL088C,0,-1.42901,0.18380889296531677,0.2770000100135803,0.12300000339746475
YBL074C,YDR367W,0,-1.4293755,0.1836870014667511,0.2770000100135803,0.12309999763965607
YMR113W,YMR074C,0,-1.429436,0.18356527388095856,0.2770000100135803,0.12319999933242798
YDL199C,YEL004W,1,-1.42951,0.18410596251487732,0.27799999713897705,0.12319999933242798
YDR474C,YLR371W,0,-1.4295272,0.18398411571979523,0.27799999713897705,0.12330000102519989
YDR381C-A,YDL015C,0,-1.429542,0.18386243283748627,0.27799999713897705,0.1234000027179718
YIL099W,YLR410W-A,0,-1.42961,0.18374091386795044,0.27799999713897705,0.12349999696016312
YPL143W,YGR096W,0,-1.4298617,0.18361954391002655,0.27799999713897705,0.12359999865293503
YER184C,YGR161C-C,0,-1.4300293,0.183498352766037,0.27799999713897705,0.12370000034570694
YDR387C,YDL194W,1,-1.4301451,0.18403694033622742,0.27900001406669617,0.12370000034570694
YMR325W,YAL022C,0,-1.4301536,0.1839156299829483,0.27900001406669617,0.12380000203847885
YIR035C,YJL013C,0,-1.4301994,0.18379446864128113,0.27900001406669617,0.12389999628067017
YMR060C,YIL169C,0,-1.4302434,0.18367347121238708,0.27900001406669617,0.12399999797344208
YLR332W,YDL109C,0,-1.4302535,0.18355263769626617,0.27900001406669617,0.12409999966621399
YGR016W,YFR019W,0,-1.4305934,0.1834319531917572,0.27900001406669617,0.1242000013589859
YDR384C,YMR241W,0,-1.4305936,0.18331143260002136,0.27900001406669617,0.12430000305175781
YLL052C,YCR087C-A,0,-1.4309641,0.18319107592105865,0.27900001406669617,0.12439999729394913
YNL063W,YER053C-A,0,-1.43105,0.18307086825370789,0.27900001406669617,0.12449999898672104
YBR242W,YPL017C,0,-1.4310683,0.18295082449913025,0.27900001406669617,0.12460000067949295
YKL085W,YLR157C-A,0,-1.4310982,0.18283092975616455,0.27900001406669617,0.12470000237226486
YFL061W,YJR124C,0,-1.4312129,0.18271119892597198,0.27900001406669617,0.12479999661445618
YML037C,YOR143C,0,-1.4313883,0.18259161710739136,0.27900001406669617,0.12489999830722809
YHR080C,YDR379C-A,0,-1.4319018,0.18247219920158386,0.27900001406669617,0.125
YPL097W,YGL186C,0,-1.4319437,0.1823529452085495,0.27900001406669617,0.1251000016927719
YGR097W,YDL194W,1,-1.4320089,0.182887002825737,0.2800000011920929,0.1251000016927719
YGR156W,YMR086W,0,-1.4321812,0.18276762962341309,0.2800000011920929,0.12520000338554382
YBR107C,YNL045W,0,-1.4322375,0.1826484054327011,0.2800000011920929,0.12530000507831573
YIR024C,YIR035C,0,-1.432324,0.18252933025360107,0.2800000011920929,0.12540000677108765
YHL004W,YGR096W,0,-1.4323316,0.18241041898727417,0.2800000011920929,0.12549999356269836
YBR118W,YDR439W,0,-1.4324037,0.1822916716337204,0.2800000011920929,0.12559999525547028
YBL039W-B,YJL047C,0,-1.4326867,0.18217305839061737,0.2800000011920929,0.1256999969482422
YJL206C,YPL037C,0,-1.4327562,0.18205460906028748,0.2800000011920929,0.1257999986410141
YLR081W,YDL138W,1,-1.4329954,0.18258608877658844,0.2809999883174896,0.1257999986410141
YJR032W,YOL086W-A,0,-1.4334087,0.1824675351381302,0.2809999883174896,0.125900000333786
YGR247W,YCR087C-A,0,-1.4334909,0.18234913051128387,0.2809999883174896,0.12600000202655792
YBL071W-A,YLR399C,0,-1.433609,0.1822308748960495,0.2809999883174896,0.12610000371932983
YDR342C,YLR340W,0,-1.4337124,0.18211276829242706,0.2809999883174896,0.12620000541210175
YNL325C,YDL048C,0,-1.4340014,0.18199482560157776,0.2809999883174896,0.12630000710487366
YFL061W,YMR154C,0,-1.4341013,0.1818770170211792,0.2809999883174896,0.12639999389648438
YFR024C,YLR414C,0,-1.4344634,0.18175937235355377,0.2809999883174896,0.1264999955892563
YGL240W,YMR034C,0,-1.4351586,0.18164189159870148,0.2809999883174896,0.1265999972820282
YER092W,YML110C,0,-1.4355193,0.18152454495429993,0.2809999883174896,0.1266999989748001
YDL225W,YPR147C,0,-1.4356656,0.1814073622226715,0.2809999883174896,0.12680000066757202
YCR072C,YBR153W,0,-1.4357375,0.18129032850265503,0.2809999883174896,0.12690000236034393
YDR270W,YGR127W,0,-1.4358851,0.1811734437942505,0.2809999883174896,0.12700000405311584
YPL189W,YEL004W,1,-1.4358864,0.18170103430747986,0.28200000524520874,0.12700000405311584
YDR234W,YKR029C,0,-1.4359653,0.18158403038978577,0.28200000524520874,0.12710000574588776
YMR319C,YNL135C,0,-1.4360651,0.1814671754837036,0.28200000524520874,0.12720000743865967
YLR410W-A,YGL186C,0,-1.4363662,0.1813504844903946,0.28200000524520874,0.12729999423027039
YFL011W,YML038C,1,-1.4364055,0.18187659978866577,0.28299999237060547,0.12729999423027039
YDL036C,YDR182W,0,-1.4365346,0.1817597895860672,0.28299999237060547,0.1273999959230423
YAR010C,YCL001W,0,-1.4366125,0.18164312839508057,0.28299999237060547,0.1274999976158142
YPL026C,YIL171W,1,-1.4367037,0.18216805160045624,0.2840000092983246,0.1274999976158142
YER053C-A,YDR520C,0,-1.4370033,0.18205128610134125,0.2840000092983246,0.12759999930858612
YLR399C,YLR467W,0,-1.4370676,0.181934654712677,0.2840000092983246,0.12770000100135803
YOL156W,YDR229W,0,-1.4370948,0.1818181872367859,0.2840000092983246,0.12780000269412994
YJL091C,YDR098C-B,0,-1.4371289,0.18170185387134552,0.2840000092983246,0.12790000438690186
YDL229W,YPR023C,0,-1.4373404,0.18158568441867828,0.2840000092983246,0.12800000607967377
YLR051C,YML047C,0,-1.4377514,0.1814696490764618,0.2840000092983246,0.12809999287128448
YKL201C,YKL037W,0,-1.437843,0.18135376274585724,0.2840000092983246,0.1281999945640564
YGR097W,YDL245C,1,-1.4380692,0.18187619745731354,0.2849999964237213,0.1281999945640564
YLR106C,YOL019W,0,-1.4381906,0.18176020681858063,0.2849999964237213,0.1282999962568283
YAL005C,YNR071C,0,-1.438347,0.18164436519145966,0.2849999964237213,0.12839999794960022
YJR127C,YNL019C,0,-1.4385325,0.18152865767478943,0.2849999964237213,0.12849999964237213
YBL095W,YHL020C,0,-1.4389534,0.18141311407089233,0.2849999964237213,0.12860000133514404
YGL229C,YPR052C,0,-1.439024,0.18129770457744598,0.2849999964237213,0.12870000302791595
YPR058W,YER078C,0,-1.4390576,0.18118245899677277,0.2849999964237213,0.12880000472068787
YAR033W,YDL130W,0,-1.4391948,0.1810673475265503,0.2849999964237213,0.12890000641345978
YOR128C,YJR119C,0,-1.439258,0.18095238506793976,0.2849999964237213,0.1289999932050705
YGR016W,YBR029C,0,-1.439656,0.18083755671977997,0.2849999964237213,0.1290999948978424
YBR065C,YPR158W-A,0,-1.4396929,0.1807228922843933,0.2849999964237213,0.12919999659061432
YGL210W-A,YGR078C,0,-1.4397193,0.1806083619594574,0.2849999964237213,0.12929999828338623
YOR378W,YOR215C,0,-1.4399784,0.18049398064613342,0.2849999964237213,0.12939999997615814
YDR164C,YER072W,0,-1.440367,0.1803797483444214,0.2849999964237213,0.12950000166893005
YLR337C,YIR035C,0,-1.4408965,0.1802656501531601,0.2849999964237213,0.12960000336170197
YJR061W,YPL017C,0,-1.4410402,0.18015170097351074,0.2849999964237213,0.12970000505447388
YDR224C,YER145C,0,-1.4411212,0.18003790080547333,0.2849999964237213,0.1298000067472458
YJR088C,YBR179C,0,-1.4414331,0.17992424964904785,0.2849999964237213,0.1298999935388565
YDL247W,YHR094C,1,-1.4414748,0.18044164776802063,0.28600001335144043,0.1298999935388565
YBR294W,YDR381C-A,0,-1.4415702,0.1803278625011444,0.28600001335144043,0.12999999523162842
YCL050C,YOR349W,0,-1.4419684,0.18021424114704132,0.28600001335144043,0.13009999692440033
YGR161C-C,YGR067C,0,-1.4419692,0.18010075390338898,0.28600001335144043,0.13019999861717224
YDR289C,YKL200C,0,-1.4420016,0.17998741567134857,0.28600001335144043,0.13030000030994415
YIL170W,YDL247W,1,-1.4424092,0.18050314486026764,0.28700000047683716,0.13030000030994415
YAL010C,YGR042W,0,-1.4424851,0.18038968741893768,0.28700000047683716,0.13040000200271606
YPL143W,YOR213C,0,-1.4425193,0.18027637898921967,0.28700000047683716,0.13050000369548798
YPR166C,YDL134C-A,0,-1.4426004,0.1801632195711136,0.28700000047683716,0.1306000053882599
YPR147C,YBR025C,0,-1.442974,0.18005019426345825,0.28700000047683716,0.1307000070810318
YOR014W,YNL092W,0,-1.4430147,0.17993730306625366,0.28700000047683716,0.13079999387264252
YPL003W,YCL074W,0,-1.4430426,0.179824560880661,0.28700000047683716,0.13089999556541443
YOR152C,YKL003C,0,-1.4430441,0.1797119528055191,0.28700000047683716,0.13099999725818634
YDR098C-B,YOR247W,0,-1.4431149,0.17959949374198914,0.28700000047683716,0.13109999895095825
YBL100W-A,YDR392W,0,-1.4431721,0.1794871836900711,0.28700000047683716,0.13120000064373016
YOR140W,YNR043W,0,-1.4433547,0.17937499284744263,0.28700000047683716,0.13130000233650208
YGL225W,YFL054C,1,-1.4436835,0.1798875629901886,0.2879999876022339,0.13130000233650208
YOR365C,YLR410W-A,0,-1.4436905,0.17977528274059296,0.2879999876022339,0.131400004029274
YDR457W,YMR210W,0,-1.443976,0.17966313660144806,0.2879999876022339,0.1315000057220459
YCL048W-A,YMR258C,0,-1.4441596,0.1795511245727539,0.2879999876022339,0.1316000074148178
YCL057C-A,YLR435W,0,-1.4442015,0.1794392466545105,0.2879999876022339,0.13169999420642853
YBR115C,YMR120C,0,-1.4442614,0.17932751774787903,0.2879999876022339,0.13179999589920044
YOL012C,YDL061C,0,-1.444275,0.1792159229516983,0.2879999876022339,0.13189999759197235
YKL132C,YDL214C,0,-1.4447156,0.17910447716712952,0.2879999876022339,0.13199999928474426
YDR333C,YPR149W,0,-1.4448416,0.17899316549301147,0.2879999876022339,0.13210000097751617
YBR126W-A,YOR173W,0,-1.444908,0.17888198792934418,0.2879999876022339,0.13220000267028809
YOR343W-B,YGR038W,0,-1.4451138,0.17877094447612762,0.2879999876022339,0.13230000436306
YBR110W,YGR247W,0,-1.4452113,0.178660050034523,0.2879999876022339,0.1324000060558319
YJL214W,YGR289C,1,-1.4456522,0.17916925251483917,0.289000004529953,0.1324000060558319
YGL234W,YBR045C,0,-1.4457493,0.179058238863945,0.289000004529953,0.13249999284744263
YCL056C,YHR175W,0,-1.4458354,0.17894737422466278,0.289000004529953,0.13259999454021454
YDL141W,YJL026W,0,-1.4458493,0.1788366287946701,0.289000004529953,0.13269999623298645
YER125W,YGR169C,0,-1.4459519,0.17872603237628937,0.289000004529953,0.13279999792575836
YGR174C,YDR181C,0,-1.4461275,0.17861557006835938,0.289000004529953,0.13289999961853027
YMR029C,YIR035C,0,-1.4463142,0.17850525677204132,0.289000004529953,0.13300000131130219
YDR536W,YBL020W,1,-1.4463378,0.17901234328746796,0.28999999165534973,0.13300000131130219
YPR075C,YGR067C,0,-1.4466285,0.17890191078186035,0.28999999165534973,0.1331000030040741
YGL168W,YLR065C,0,-1.4467877,0.1787916123867035,0.28999999165534973,0.133200004696846
YNR063W,YDR381C-A,0,-1.446808,0.17868144810199738,0.28999999165534973,0.13330000638961792
YBR302C,YML017W,0,-1.4470294,0.1785714328289032,0.28999999165534973,0.13339999318122864
YEL063C,YIL067C,0,-1.4471633,0.17846153676509857,0.28999999165534973,0.13349999487400055
YLR121C,YPL204W,0,-1.4473656,0.17835178971290588,0.28999999165534973,0.13359999656677246
YBR126W-A,YPR113W,0,-1.4479117,0.17824216187000275,0.28999999165534973,0.13369999825954437
YLR081W,YDR342C,1,-1.4483247,0.17874692380428314,0.29100000858306885,0.13369999825954437
YGL261C,YBL071W-A,0,-1.4485133,0.17863720655441284,0.29100000858306885,0.13379999995231628
YBL100W-A,YNL005C,0,-1.4485899,0.1785276085138321,0.29100000858306885,0.1339000016450882
YMR053C,YKL104C,0,-1.4485999,0.1784181445837021,0.29100000858306885,0.1340000033378601
YDR381C-A,YGR034W,0,-1.4487838,0.17830882966518402,0.29100000858306885,0.13410000503063202
YJL187C,YOR095C,0,-1.4488934,0.1781996339559555,0.29100000858306885,0.13420000672340393
YHL030W,YPL249C-A,0,-1.4489719,0.17809057235717773,0.29100000858306885,0.13429999351501465
YMR023C,YHL022C,0,-1.449262,0.1779816448688507,0.29100000858306885,0.13439999520778656
YDR270W,YIL031W,0,-1.4492995,0.17787286639213562,0.29100000858306885,0.13449999690055847
YGR055W,YNL080C,0,-1.4493097,0.17776420712471008,0.29100000858306885,0.13459999859333038
YMR002W,YGR292W,0,-1.4493276,0.1776556819677353,0.29100000858306885,0.1347000002861023
YHL022C,YOL115W,0,-1.449505,0.17754729092121124,0.29100000858306885,0.1348000019788742
YHR134W,YNL092W,0,-1.4496441,0.17743901908397675,0.29100000858306885,0.13490000367164612
YJL214W,YDL245C,1,-1.4500091,0.1779402792453766,0.2919999957084656,0.13490000367164612
YGR169C-A,YBR029C,0,-1.4500104,0.17783191800117493,0.2919999957084656,0.13500000536441803
YGR169C-A,YGL186C,0,-1.450088,0.17772367596626282,0.2919999957084656,0.13510000705718994
YDR367W,YMR086W,0,-1.4501439,0.17761556804180145,0.2919999957084656,0.13519999384880066
YBR278W,YNL092W,0,-1.4503053,0.17750759422779083,0.2919999957084656,0.13529999554157257
YJL219W,YPL189W,1,-1.4504536,0.17800728976726532,0.2930000126361847,0.13529999554157257
YJL127C-B,YBR262C,0,-1.4506513,0.17789921164512634,0.2930000126361847,0.13539999723434448
YOR063W,YLL013C,0,-1.450743,0.1777912676334381,0.2930000126361847,0.1354999989271164
YBR020W,YAL021C,0,-1.4508059,0.17768344283103943,0.2930000126361847,0.1356000006198883
YJR158W,YNL318C,1,-1.4508461,0.17818181216716766,0.2939999997615814,0.1356000006198883
YIL151C,YDR542W,0,-1.4509403,0.17807389795780182,0.2939999997615814,0.13570000231266022
YMR265C,YEL017C-A,0,-1.4511937,0.17796610295772552,0.2939999997615814,0.13580000400543213
YDR393W,YPL249C-A,0,-1.4512516,0.17785844206809998,0.2939999997615814,0.13590000569820404
YIL082W-A,YJL011C,0,-1.4513472,0.17775090038776398,0.2939999997615814,0.13600000739097595
YGR059W,YLR342W,0,-1.4513507,0.17764350771903992,0.2939999997615814,0.13609999418258667
YER044C-A,YDR350C,0,-1.4514328,0.1775362342596054,0.2939999997615814,0.13619999587535858
YJL209W,YMR300C,0,-1.4514621,0.17742909491062164,0.2939999997615814,0.1362999975681305
YPL055C,YDR223W,0,-1.4515017,0.17732207477092743,0.2939999997615814,0.1363999992609024
YJL091C,YOL091W,0,-1.4517939,0.17721518874168396,0.2939999997615814,0.13650000095367432
YJR094W-A,YNL196C,0,-1.4519228,0.17710843682289124,0.2939999997615814,0.13660000264644623
YGL145W,YJL001W,0,-1.4519519,0.17700180411338806,0.2939999997615814,0.13670000433921814
YLR298C,YJL153C,0,-1.4519573,0.17689530551433563,0.2939999997615814,0.13680000603199005
YJL219W,YFR053C,1,-1.4521333,0.17739026248455048,0.29499998688697815,0.13680000603199005
YHR016C,YOR285W,0,-1.452166,0.1772836595773697,0.29499998688697815,0.13689999282360077
YDL247W,YFL054C,1,-1.4523935,0.17777778208255768,0.29600000381469727,0.13689999282360077
YJR127C,YDL109C,0,-1.4527217,0.17767107486724854,0.29600000381469727,0.13699999451637268
YOL098C,YGR181W,0,-1.4527426,0.17756448686122894,0.29600000381469727,0.1370999962091446
YOL091W,YGL191W,0,-1.4530468,0.1774580329656601,0.29600000381469727,0.1371999979019165
YJL076W,YKL107W,0,-1.4534912,0.177351713180542,0.29600000381469727,0.13729999959468842
YNL019C,YMR301C,0,-1.4535666,0.17724551260471344,0.29600000381469727,0.13740000128746033
YOR152C,YPL208W,0,-1.4538311,0.17713943123817444,0.29600000381469727,0.13750000298023224
YDR282C,YGL027C,0,-1.4539324,0.17703349888324738,0.29600000381469727,0.13760000467300415
YDL121C,YDR279W,0,-1.4543163,0.17692767083644867,0.29600000381469727,0.13770000636577606
YOL156W,YFL054C,1,-1.4543833,0.17741934955120087,0.296999990940094,0.13770000636577606
YAL001C,YDR052C,0,-1.4544219,0.177313432097435,0.296999990940094,0.13779999315738678
YML066C,YNL082W,0,-1.4548397,0.17720763385295868,0.296999990940094,0.1378999948501587
YNL242W,YGR016W,0,-1.4549977,0.1771019697189331,0.296999990940094,0.1379999965429306
YLR173W,YMR278W,0,-1.4552675,0.17699642479419708,0.296999990940094,0.13809999823570251
YCR102C,YLR052W,0,-1.4555427,0.1768910139799118,0.296999990940094,0.13819999992847443
YDL048C,YDR093W,0,-1.455653,0.17678570747375488,0.296999990940094,0.13830000162124634
YDR387C,YER039C,1,-1.4557048,0.17727543413639069,0.2980000078678131,0.13830000162124634
YJL206C,YPL119C,0,-1.4557694,0.1771700382232666,0.2980000078678131,0.13840000331401825
YER044C-A,YNR031C,0,-1.455917,0.17706476151943207,0.2980000078678131,0.13850000500679016
YDL122W,YPR071W,0,-1.4565431,0.17695961892604828,0.2980000078678131,0.13860000669956207
YHR118C,YBR239C,0,-1.4566041,0.17685459554195404,0.2980000078678131,0.1386999934911728
YER021W,YOR365C,0,-1.4568342,0.17674970626831055,0.2980000078678131,0.1387999951839447
YMR319C,YLR265C,0,-1.456865,0.1766449362039566,0.2980000078678131,0.1388999968767166
YDR381C-A,YKL120W,0,-1.4569107,0.1765402853488922,0.2980000078678131,0.13899999856948853
YKR077W,YGR059W,0,-1.4569217,0.17643575370311737,0.2980000078678131,0.13910000026226044
YMR114C,YCR092C,0,-1.4570056,0.17633135616779327,0.2980000078678131,0.13920000195503235
YLR099W-A,YNL084C,0,-1.4570432,0.17622707784175873,0.2980000078678131,0.13930000364780426
YGL231C,YPL161C,0,-1.4570652,0.17612293362617493,0.2980000078678131,0.13940000534057617
YLR157C-A,YOR177C,0,-1.4571508,0.17601890861988068,0.2980000078678131,0.13950000703334808
YDR474C,YGR044C,0,-1.4575504,0.17591498792171478,0.2980000078678131,0.1395999938249588
YIL151C,YHL013C,0,-1.4575694,0.17581121623516083,0.2980000078678131,0.1396999955177307
YKL119C,YGL186C,0,-1.4576657,0.17570754885673523,0.2980000078678131,0.13979999721050262
YDL121C,YDR227W,0,-1.4580878,0.17560400068759918,0.2980000078678131,0.13989999890327454
YKR056W,YMR221C,0,-1.4581059,0.17550058662891388,0.2980000078678131,0.14000000059604645
YOL154W,YJR060W,0,-1.4582424,0.17539729177951813,0.2980000078678131,0.14010000228881836
YIL172C,YJR123W,0,-1.4583611,0.17529411613941193,0.2980000078678131,0.14020000398159027
YJL219W,YFL054C,1,-1.4585019,0.17577895522117615,0.29899999499320984,0.14020000398159027
YHR118C,YBR100W,0,-1.4585537,0.1756756752729416,0.29899999499320984,0.14030000567436218
YIL172C,YER076C,0,-1.4586331,0.17557251453399658,0.29899999499320984,0.1404000073671341
YGL057C,YDR052C,0,-1.4587284,0.17546948790550232,0.29899999499320984,0.1404999941587448
YMR300C,YBR229C,0,-1.459457,0.1753665655851364,0.29899999499320984,0.14059999585151672
YLR430W,YOR177C,0,-1.4595274,0.17526377737522125,0.29899999499320984,0.14069999754428864
YFR024C,YHR086W,0,-1.4595364,0.17516110837459564,0.29899999499320984,0.14079999923706055
YLR001C,YJR124C,0,-1.4595672,0.1750585436820984,0.29899999499320984,0.14090000092983246
YIL033C,YBL084C,0,-1.4597546,0.17495611310005188,0.29899999499320984,0.14100000262260437
YBL039W-B,YDL144C,0,-1.4598085,0.17485380172729492,0.29899999499320984,0.14110000431537628
YDL144C,YBR229C,0,-1.4599856,0.17475160956382751,0.29899999499320984,0.1412000060081482
YDR381C-A,YIL145C,0,-1.460112,0.17464953660964966,0.29899999499320984,0.1412999927997589
YIL067C,YNL103W,0,-1.4601557,0.17454758286476135,0.29899999499320984,0.14139999449253082
YKL033W,YKL201C,0,-1.4603244,0.1744457483291626,0.29899999499320984,0.14149999618530273
YLR350W,YDR098C-B,0,-1.4603735,0.1743440181016922,0.29899999499320984,0.14159999787807465
YIL120W,YCR089W,0,-1.4609269,0.17424242198467255,0.29899999499320984,0.14169999957084656
YPL172C,YKL162C,0,-1.4610025,0.17414094507694244,0.29899999499320984,0.14180000126361847
YER145C,YBL091C,0,-1.4610329,0.1740395873785019,0.29899999499320984,0.14190000295639038
YCL048W-A,YPR149W,0,-1.4610662,0.1739383339881897,0.29899999499320984,0.1420000046491623
YDL109C,YJR124C,0,-1.4611149,0.17383721470832825,0.29899999499320984,0.1421000063419342
YAR028W,YGR098C,0,-1.4611459,0.17373619973659515,0.29899999499320984,0.14219999313354492
YAL005C,YBR181C,0,-1.4612266,0.1736353039741516,0.29899999499320984,0.14229999482631683
YDR387C,YNL282W,0,-1.4613806,0.17353452742099762,0.29899999499320984,0.14239999651908875
YOR163W,YIR035C,0,-1.4614085,0.17343387007713318,0.29899999499320984,0.14249999821186066
YHL018W,YHR109W,0,-1.4614605,0.1733333319425583,0.29899999499320984,0.14259999990463257
YNR071C,YLR246W,0,-1.4615563,0.17323291301727295,0.29899999499320984,0.14270000159740448
YKL104C,YDL211C,0,-1.4615694,0.17313259840011597,0.29899999499320984,0.1428000032901764
YOR008C,YDR379C-A,0,-1.4616896,0.17303240299224854,0.29899999499320984,0.1429000049829483
YDR224C,YML026C,0,-1.4617454,0.17293232679367065,0.29899999499320984,0.14300000667572021
YIL120W,YLR157C-A,0,-1.4618627,0.17283236980438232,0.29899999499320984,0.14309999346733093
YBL100W-A,YIR024C,0,-1.4618663,0.17273251712322235,0.29899999499320984,0.14319999516010284
YDR014W,YBR126C,0,-1.4619422,0.17263279855251312,0.29899999499320984,0.14329999685287476
YGR212W,YLR055C,0,-1.4621869,0.17253318428993225,0.29899999499320984,0.14339999854564667
YAL020C,YGR042W,0,-1.4622349,0.17243367433547974,0.29899999499320984,0.14350000023841858
YMR212C,YER074W,0,-1.4623153,0.17233429849147797,0.29899999499320984,0.1436000019311905
YCR005C,YKL200C,0,-1.4623508,0.17223502695560455,0.29899999499320984,0.1437000036239624
YOL084W,YJL114W,0,-1.4624355,0.1721358597278595,0.29899999499320984,0.14380000531673431
YKL006W,YLR119W,0,-1.4625111,0.17203682661056519,0.29899999499320984,0.14390000700950623
YIL079C,YNL312W,0,-1.4625651,0.17193789780139923,0.29899999499320984,0.14399999380111694
YJR141W,YIL018W,0,-1.4625982,0.17183907330036163,0.29899999499320984,0.14409999549388885
YPR181C,YOR285W,0,-1.46267,0.17174038290977478,0.29899999499320984,0.14419999718666077
YDR387C,YDL245C,1,-1.4626952,0.17221584916114807,0.30000001192092896,0.14419999718666077
YPL040C,YBR126W-A,0,-1.4629005,0.17211703956127167,0.30000001192092896,0.14429999887943268
YDL199C,YDL194W,1,-1.4629856,0.17259174585342407,0.3009999990463257,0.14429999887943268
YNL063W,YOR378W,0,-1.463029,0.1724928319454193,0.3009999990463257,0.1444000005722046
YPR009W,YLR340W,0,-1.463132,0.1723940372467041,0.3009999990463257,0.1445000022649765
YLL043W,YFL054C,1,-1.4633666,0.1728677749633789,0.3019999861717224,0.1445000022649765
YIL027C,YBR118W,0,-1.4634048,0.17276887595653534,0.3019999861717224,0.1446000039577484
YLR100W,YMR210W,0,-1.4642273,0.17267009615898132,0.3019999861717224,0.14470000565052032
YBR065C,YJR158W,0,-1.4642342,0.17257143557071686,0.3019999861717224,0.14480000734329224
YDR098C-B,YDL175C,0,-1.4643332,0.17247287929058075,0.3019999861717224,0.14489999413490295
YMR011W,YDL199C,1,-1.4646193,0.17294520139694214,0.30300000309944153,0.14489999413490295
YER165W,YBR100W,0,-1.4648644,0.17284655570983887,0.30300000309944153,0.14499999582767487
YOL098C,YMR267W,0,-1.4649807,0.17274799942970276,0.30300000309944153,0.14509999752044678
YER153C,YOR343W-B,0,-1.4650909,0.1726495772600174,0.30300000309944153,0.1451999992132187
YER184C,YDR350C,0,-1.4651413,0.1725512593984604,0.30300000309944153,0.1453000009059906
YKL119C,YDR299W,0,-1.465366,0.17245304584503174,0.30300000309944153,0.1454000025987625
YCL026C-B,YMR120C,0,-1.4654711,0.17235495150089264,0.30300000309944153,0.14550000429153442
YIL151C,YMR306W,0,-1.465484,0.1722569614648819,0.30300000309944153,0.14560000598430634
YHR084W,YOR349W,0,-1.4659065,0.1721590906381607,0.30300000309944153,0.14569999277591705
YER041W,YKL104C,0,-1.4659122,0.17206132411956787,0.30300000309944153,0.14579999446868896
YBR020W,YBR045C,0,-1.4661008,0.1719636768102646,0.30300000309944153,0.14589999616146088
YCL043C,YER019W,0,-1.4663996,0.17186613380908966,0.30300000309944153,0.1459999978542328
YJL133W,YIL018W,0,-1.4664829,0.17176871001720428,0.30300000309944153,0.1460999995470047
YCL010C,YGL186C,0,-1.466812,0.17167139053344727,0.30300000309944153,0.1462000012397766
YDL224C,YDR437W,0,-1.4668504,0.1715741753578186,0.30300000309944153,0.14630000293254852
YGR132C,YOL006C,0,-1.4670693,0.1714770793914795,0.30300000309944153,0.14640000462532043
YDL098C,YGL261C,0,-1.4672301,0.17138008773326874,0.30300000309944153,0.14650000631809235
YJR076C,YIR035C,0,-1.4673039,0.17128321528434753,0.30300000309944153,0.14659999310970306
YOR192C-B,YJR127C,0,-1.4674976,0.1711864471435547,0.30300000309944153,0.14669999480247498
YGR212W,YMR045C,0,-1.4677275,0.1710897833108902,0.30300000309944153,0.1467999964952469
YFR024C,YJR048W,0,-1.4678494,0.17099322378635406,0.30300000309944153,0.1468999981880188
YDR381C-A,YGR074W,0,-1.4678653,0.17089678347110748,0.30300000309944153,0.1469999998807907
YMR111C,YJL153C,0,-1.4680191,0.17080044746398926,0.30300000309944153,0.14710000157356262
YGR212W,YNL088W,0,-1.4681044,0.17070423066616058,0.30300000309944153,0.14720000326633453
YOL142W,YGR169C-A,0,-1.4681307,0.17060810327529907,0.30300000309944153,0.14730000495910645
YDR234W,YPR158W-A,0,-1.4681991,0.1705120950937271,0.30300000309944153,0.14740000665187836
YFL011W,YMR011W,1,-1.4682304,0.1709786206483841,0.30399999022483826,0.14740000665187836
YOR140W,YLL055W,0,-1.4682642,0.17088252305984497,0.30399999022483826,0.14749999344348907
YGL137W,YKL120W,0,-1.4683365,0.170786514878273,0.30399999022483826,0.147599995136261
YDL122W,YCR087C-A,0,-1.4683869,0.1706906259059906,0.30399999022483826,0.1476999968290329
YMR183C,YFL002W-B,0,-1.4685858,0.17059484124183655,0.30399999022483826,0.1477999985218048
YOR141C,YMR221C,0,-1.4685975,0.17049916088581085,0.30399999022483826,0.14790000021457672
YCL043C,YCR020W-B,0,-1.468803,0.1704035848379135,0.30399999022483826,0.14800000190734863
YDR375C,YDR261C,0,-1.4689596,0.17030812799930573,0.30399999022483826,0.14810000360012054
YHR107C,YLR340W,0,-1.4690423,0.1702127605676651,0.30399999022483826,0.14820000529289246
YPR026W,YIL170W,1,-1.4691814,0.17067711055278778,0.3050000071525574,0.14820000529289246
YOR021C,YGR038W,0,-1.4696287,0.17058165371418,0.3050000071525574,0.14830000698566437
YOR063W,YGR034W,0,-1.4696527,0.17048630118370056,0.3050000071525574,0.14839999377727509
YJL053W,YBR239C,0,-1.4698122,0.17039106786251068,0.3050000071525574,0.148499995470047
YKL087C,YPL168W,0,-1.4702538,0.17029592394828796,0.3050000071525574,0.1485999971628189
YBR126W-A,YDL100C,0,-1.4703225,0.1702008992433548,0.3050000071525574,0.14869999885559082
YDR333C,YPL183W-A,0,-1.4705429,0.1701059639453888,0.3050000071525574,0.14880000054836273
YHL018W,YBR193C,0,-1.4706856,0.17001114785671234,0.3050000071525574,0.14890000224113464
YJR010C-A,YLR157C-A,0,-1.4710022,0.16991643607616425,0.3050000071525574,0.14900000393390656
YGR174C,YLR099W-A,0,-1.4710373,0.1698218286037445,0.3050000071525574,0.14910000562667847
YGR161C-C,YMR154C,0,-1.4713436,0.16972732543945312,0.3050000071525574,0.14920000731945038
YEL047C,YLR357W,0,-1.4714502,0.1696329265832901,0.3050000071525574,0.1492999941110611
YGL184C,YOR322C,0,-1.4717158,0.16953863203525543,0.3050000071525574,0.149399995803833
YBR007C,YMR274C,0,-1.4717693,0.16944444179534912,0.3050000071525574,0.14949999749660492
YCR012W,YLL029W,0,-1.4720896,0.16935035586357117,0.3050000071525574,0.14959999918937683
YOR016C,YIL067C,0,-1.472165,0.16925638914108276,0.3050000071525574,0.14970000088214874
YGL084C,YMR011W,1,-1.4722036,0.16971713304519653,0.3059999942779541,0.14970000088214874
YOR223W,YIL043C,0,-1.4724364,0.16962306201457977,0.3059999942779541,0.14980000257492065
YJR158W,YML038C,1,-1.4726722,0.17008310556411743,0.3070000112056732,0.14980000257492065
YOL125W,YDL103C,0,-1.4726952,0.16998893022537231,0.3070000112056732,0.14990000426769257
YKL037W,YFL002W-B,0,-1.4727542,0.16989485919475555,0.3070000112056732,0.15000000596046448
YHR162W,YJL110C,0,-1.4728115,0.16980087757110596,0.3070000112056732,0.1500999927520752
YOL125W,YGR034W,0,-1.4728116,0.1697070151567459,0.3070000112056732,0.1501999944448471
YJL214W,YPR115W,1,-1.4728827,0.1701657474040985,0.30799999833106995,0.1501999944448471
YBR241C,YPR115W,1,-1.472938,0.17062395811080933,0.3089999854564667,0.1501999944448471
YAR028W,YLR096W,0,-1.4730076,0.1705297976732254,0.3089999854564667,0.15029999613761902
YGR161W-B,YEL019C,0,-1.4732485,0.17043574154376984,0.3089999854564667,0.15039999783039093
YCR072C,YOR021C,0,-1.4733028,0.17034178972244263,0.3089999854564667,0.15049999952316284
YGR289C,YDL199C,1,-1.473351,0.1707988977432251,0.3100000023841858,0.15049999952316284
YEL015W,YHR113W,0,-1.4734433,0.17070484161376953,0.3100000023841858,0.15060000121593475
YGR212W,YGL106W,0,-1.4734911,0.17061088979244232,0.3100000023841858,0.15070000290870667
YPR200C,YMR238W,0,-1.4735836,0.17051705718040466,0.3100000023841858,0.15080000460147858
YNL131W,YKL107W,0,-1.473824,0.17042331397533417,0.3100000023841858,0.1509000062942505
YIL158W,YJL137C,0,-1.474018,0.17032967507839203,0.3100000023841858,0.1509999930858612
YOL137W,YCR058C,0,-1.4742509,0.17023614048957825,0.3100000023841858,0.15109999477863312
YIL076W,YCL003W,0,-1.4744688,0.17014269530773163,0.3100000023841858,0.15119999647140503
YDR342C,YFL002W-B,0,-1.4745733,0.17004936933517456,0.3100000023841858,0.15129999816417694
YDL199C,YHR092C,1,-1.4747378,0.1705043911933899,0.3109999895095825,0.15129999816417694
YDR387C,YLR081W,1,-1.4747611,0.17095890641212463,0.31200000643730164,0.15129999816417694
YOR223W,YDL028C,0,-1.4748613,0.1708652824163437,0.31200000643730164,0.15139999985694885
YMR096W,YMR221C,0,-1.4750049,0.1707717627286911,0.31200000643730164,0.15150000154972076
YML027W,YBL027W,0,-1.4754442,0.17067833244800568,0.31200000643730164,0.15160000324249268
YDL245C,YPL244C,1,-1.4754788,0.17113175988197327,0.31299999356269836,0.15160000324249268
YER031C,YGR224W,0,-1.4754804,0.17103825509548187,0.31299999356269836,0.1517000049352646
YOR192C-B,YNL146W,0,-1.4756418,0.17094483971595764,0.31299999356269836,0.1518000066280365
YLR116W,YBL056W,0,-1.4756469,0.17085152864456177,0.31299999356269836,0.15189999341964722
YBR126W-A,YGL203C,0,-1.4760779,0.17075832188129425,0.31299999356269836,0.15199999511241913
YBL039W-B,YMR210W,0,-1.4761223,0.1706652194261551,0.31299999356269836,0.15209999680519104
YOR090C,YMR096W,0,-1.4762849,0.1705722063779831,0.31299999356269836,0.15219999849796295
YJR149W,YML127W,0,-1.4762989,0.17047929763793945,0.31299999356269836,0.15230000019073486
YHL032C,YIR030C,0,-1.47658,0.17038649320602417,0.31299999356269836,0.15240000188350677
YHR079C-A,YER031C,0,-1.4767114,0.17029379308223724,0.31299999356269836,0.1525000035762787
YBR060C,YDR524C-B,0,-1.4768945,0.17020119726657867,0.31299999356269836,0.1526000052690506
YMR289W,YER076C,0,-1.4773328,0.17010869085788727,0.31299999356269836,0.1527000069618225
YGR055W,YGR282C,0,-1.4774159,0.17001628875732422,0.31299999356269836,0.15279999375343323
YPR200C,YLR410W-A,0,-1.4775858,0.16992399096488953,0.31299999356269836,0.15289999544620514
YLL055W,YLR249W,0,-1.4776826,0.1698317974805832,0.31299999356269836,0.15299999713897705
YFR024C,YBR025C,0,-1.4778702,0.16973969340324402,0.31299999356269836,0.15309999883174896
YLR160C,YLL013C,0,-1.4780433,0.1696476936340332,0.31299999356269836,0.15320000052452087
YBR020W,YNL088W,0,-1.4780835,0.16955579817295074,0.31299999356269836,0.15330000221729279
YDR381C-A,YPL045W,0,-1.4782989,0.16946399211883545,0.31299999356269836,0.1534000039100647
YNR050C,YOR124C,0,-1.478376,0.1693722903728485,0.31299999356269836,0.1535000056028366
YCL008C,YNL112W,0,-1.4783905,0.16928069293498993,0.31299999356269836,0.15360000729560852
YLR390W,YCL063W,0,-1.4784286,0.1691891849040985,0.31299999356269836,0.15369999408721924
YCR002C,YMR262W,0,-1.4785596,0.16909778118133545,0.31299999356269836,0.15379999577999115
YAL048C,YER001W,0,-1.478598,0.16900648176670074,0.31299999356269836,0.15389999747276306
YLL057C,YBR262C,0,-1.4786285,0.1689152717590332,0.31299999356269836,0.15399999916553497
YPL166W,YGL010W,0,-1.4786868,0.16882416605949402,0.31299999356269836,0.15410000085830688
YLR342W,YGR169C-A,0,-1.478953,0.168733149766922,0.31299999356269836,0.1542000025510788
YCL048W-A,YGL240W,0,-1.479034,0.16864223778247833,0.31299999356269836,0.1543000042438507
YML027W,YPL052W-A,0,-1.4790839,0.16855143010616302,0.31299999356269836,0.15440000593662262
YDL014W,YGR101W,0,-1.4792224,0.16846071183681488,0.31299999356269836,0.15449999272823334
YNL146W,YBR189W,0,-1.4792947,0.1683700978755951,0.31299999356269836,0.15459999442100525
YGR161W-B,YJR113C,0,-1.4794511,0.16827957332134247,0.31299999356269836,0.15469999611377716
YML064C,YDL170W,0,-1.4799925,0.168189138174057,0.31299999356269836,0.15479999780654907
YAL051W,YDL144C,0,-1.4801513,0.1680988222360611,0.31299999356269836,0.15489999949932098
YKL062W,YBR083W,0,-1.480278,0.16800859570503235,0.31299999356269836,0.1550000011920929
YNR063W,YER001W,0,-1.4804257,0.16791845858097076,0.31299999356269836,0.1551000028848648
YBR241C,YHR096C,1,-1.4805425,0.16836461424827576,0.3140000104904175,0.1551000028848648
YMR238W,YKR059W,0,-1.4805558,0.168274387717247,0.3140000104904175,0.15520000457763672
YIR030C,YCL003W,0,-1.480967,0.16818425059318542,0.3140000104904175,0.15530000627040863
YGR169C-C,YOL070C,0,-1.4810497,0.1680942177772522,0.3140000104904175,0.15539999306201935
YBR153W,YPL113C,0,-1.4811097,0.16800427436828613,0.3140000104904175,0.15549999475479126
YCL048W-A,YLR414C,0,-1.4812328,0.16791443526744843,0.3140000104904175,0.15559999644756317
YDR277C,YDL245C,1,-1.4817183,0.1683591604232788,0.3149999976158142,0.15559999644756317
YAL051W,YFL035C-B,0,-1.4817437,0.16826923191547394,0.3149999976158142,0.15569999814033508
YNR008W,YDR381C-A,0,-1.4818634,0.16817939281463623,0.3149999976158142,0.155799999833107
YJL102W,YJR141W,0,-1.4822682,0.16808964312076569,0.3149999976158142,0.1559000015258789
YDR342C,YBR085W,0,-1.4827472,0.1679999977350235,0.3149999976158142,0.15600000321865082
YAL044C,YDL015C,0,-1.4831072,0.16791044175624847,0.3149999976158142,0.15610000491142273
YDL171C,YGR217W,0,-1.4831263,0.1678209900856018,0.3149999976158142,0.15620000660419464
YOR019W,YHR043C,0,-1.4831828,0.1677316278219223,0.3149999976158142,0.15629999339580536
YGL168W,YER070W,0,-1.4832219,0.16764236986637115,0.3149999976158142,0.15639999508857727
YHL013C,YML030W,0,-1.4833726,0.16755318641662598,0.3149999976158142,0.15649999678134918
YMR036C,YJL160C,0,-1.4834844,0.16746412217617035,0.3149999976158142,0.1565999984741211
YGR238C,YLL052C,0,-1.4835216,0.1673751324415207,0.3149999976158142,0.156700000166893
YDR424C,YLR441C,0,-1.4836552,0.1672862470149994,0.3149999976158142,0.15680000185966492
YCL057C-A,YOR063W,0,-1.4838172,0.16719745099544525,0.3149999976158142,0.15690000355243683
YBR083W,YPR147C,0,-1.4838685,0.16710875928401947,0.3149999976158142,0.15700000524520874
YJR158W,YIL170W,1,-1.4839269,0.16755037009716034,0.3160000145435333,0.15700000524520874
YNR040W,YPL076W,0,-1.4839813,0.1674615740776062,0.3160000145435333,0.15710000693798065
YGR161W-B,YDR279W,0,-1.4842964,0.16737288236618042,0.3160000145435333,0.15719999372959137
YIL171W,YML038C,1,-1.4843544,0.16781365871429443,0.31700000166893005,0.15719999372959137
YEL016C,YOR096W,0,-1.4843897,0.1677248626947403,0.31700000166893005,0.15729999542236328
YLL013C,YKL037W,0,-1.484691,0.16763617098331451,0.31700000166893005,0.1573999971151352
YKL216W,YOR021C,0,-1.4849932,0.1675475686788559,0.31700000166893005,0.1574999988079071
YLR002C,YBL030C,0,-1.4850048,0.16745905578136444,0.31700000166893005,0.15760000050067902
YJR113C,YCR058C,0,-1.4853221,0.16737064719200134,0.31700000166893005,0.15770000219345093
YPL214C,YMR210W,0,-1.4853544,0.1672823280096054,0.31700000166893005,0.15780000388622284
YJL030W,YCL048W-A,0,-1.4855306,0.16719409823417664,0.31700000166893005,0.15790000557899475
YPL076W,YML047C,0,-1.4857296,0.16710595786571503,0.31700000166893005,0.15800000727176666
YNL135C,YGL225W,0,-1.4859709,0.16701790690422058,0.31700000166893005,0.15809999406337738
YMR325W,YMR056C,0,-1.4861435,0.1669299602508545,0.31700000166893005,0.1581999957561493
YIL172C,YBR022W,0,-1.4861674,0.16684210300445557,0.31700000166893005,0.1582999974489212
YOR079C,YEL017C-A,0,-1.4865516,0.1667543351650238,0.31700000166893005,0.15839999914169312
YBR239C,YJL103C,0,-1.4866046,0.1666666716337204,0.31700000166893005,0.15850000083446503
YDR277C,YGL225W,1,-1.4867126,0.167104572057724,0.3179999887943268,0.15850000083446503
YDR524C-B,YLL002W,0,-1.4867505,0.16701680421829224,0.3179999887943268,0.15860000252723694
YDR474C,YGR112W,0,-1.4868338,0.16692914068698883,0.3179999887943268,0.15870000422000885
YLR425W,YJL103C,0,-1.4868511,0.1668415516614914,0.3179999887943268,0.15880000591278076
YJR155W,YLR278C,0,-1.4868869,0.16675406694412231,0.3179999887943268,0.15889999270439148
YAR028W,YBR079C,0,-1.4869522,0.1666666716337204,0.3179999887943268,0.1589999943971634
YPL244C,YDL247W,1,-1.4870447,0.16710320115089417,0.3190000057220459,0.1589999943971634
YOR137C,YCR023C,0,-1.4871217,0.1670157015323639,0.3190000057220459,0.1590999960899353
YLR116W,YMR154C,0,-1.4873337,0.16692830622196198,0.3190000057220459,0.15919999778270721
YJR149W,YMR278W,0,-1.4874121,0.16684100031852722,0.3190000057220459,0.15929999947547913
YCL020W,YEL013W,0,-1.487425,0.16675378382205963,0.3190000057220459,0.15940000116825104
YOR354C,YKR070W,0,-1.4875213,0.1666666716337204,0.3190000057220459,0.15950000286102295
YGR169C-C,YKL167C,0,-1.48773,0.16657963395118713,0.3190000057220459,0.15960000455379486
YGR205W,YKL170W,0,-1.4878113,0.16649268567562103,0.3190000057220459,0.15970000624656677
YPL204W,YOR285W,0,-1.4879416,0.1664058417081833,0.3190000057220459,0.1597999930381775
YMR319C,YFL002W-B,0,-1.4879979,0.1663190871477127,0.3190000057220459,0.1598999947309494
YCL026C-B,YNL084C,0,-1.4882495,0.1662324070930481,0.3190000057220459,0.1599999964237213
YCR012W,YNL204C,0,-1.4882822,0.16614583134651184,0.3190000057220459,0.16009999811649323
YOR086C,YJR124C,0,-1.488446,0.16605934500694275,0.3190000057220459,0.16019999980926514
YPR025C,YLR410W-A,0,-1.488583,0.16597294807434082,0.3190000057220459,0.16030000150203705
YDR164C,YNL112W,0,-1.4886616,0.16588664054870605,0.3190000057220459,0.16040000319480896
YKR021W,YMR232W,0,-1.4887474,0.16580042243003845,0.3190000057220459,0.16050000488758087
YGL225W,YIL170W,1,-1.4887747,0.16623376309871674,0.3199999928474426,0.16050000488758087
YKL149C,YMR027W,0,-1.4892039,0.16614745557308197,0.3199999928474426,0.16060000658035278
YCR102C,YGL123W,0,-1.4892855,0.16606123745441437,0.3199999928474426,0.1606999933719635
YOL006C,YDR098C-B,0,-1.4893714,0.16597510874271393,0.3199999928474426,0.1607999950647354
YAR015W,YFR043C,0,-1.4894217,0.16588905453681946,0.3199999928474426,0.16089999675750732
YOL094C,YOL083W,0,-1.4895818,0.16580310463905334,0.3199999928474426,0.16099999845027924
YLR116W,YGR036C,0,-1.4897503,0.1657172441482544,0.3199999928474426,0.16110000014305115
YJR158W,YDL138W,1,-1.489834,0.1661490648984909,0.32100000977516174,0.16110000014305115
YBL100W-A,YMR238W,0,-1.4898344,0.1660631150007248,0.32100000977516174,0.16120000183582306
YDL014W,YLR099W-A,0,-1.4898783,0.16597725450992584,0.32100000977516174,0.16130000352859497
YIL087C,YDR098C-B,0,-1.4898847,0.16589146852493286,0.32100000977516174,0.16140000522136688
YHL032C,YJL093C,0,-1.4898862,0.16580578684806824,0.32100000977516174,0.1615000069141388
YGR161W-B,YDL048C,0,-1.4900686,0.16572017967700958,0.32100000977516174,0.1615999937057495
YBL100W-A,YPR023C,0,-1.4903094,0.16563467681407928,0.32100000977516174,0.16169999539852142
YBR126W-A,YNL101W,0,-1.4903759,0.16554924845695496,0.32100000977516174,0.16179999709129333
YDR343C,YLL043W,1,-1.4903811,0.16597938537597656,0.32199999690055847,0.16179999709129333
YCL040W,YIL171W,1,-1.4904453,0.16640906035900116,0.3230000138282776,0.16179999709129333
YDL003W,YLR410W-A,0,-1.4904722,0.16632337868213654,0.3230000138282776,0.16189999878406525
YHR035W,YDR381C-A,0,-1.4905382,0.16623777151107788,0.3230000138282776,0.16200000047683716
YGR161C-C,YNL132W,0,-1.4905742,0.16615226864814758,0.3230000138282776,0.16210000216960907
YIL082W-A,YDL103C,0,-1.4909383,0.16606684029102325,0.3230000138282776,0.16220000386238098
YML047C,YDL134C-A,0,-1.4910244,0.1659815013408661,0.3230000138282776,0.1623000055551529
YDR524C-B,YNL066W,0,-1.4910766,0.1658962517976761,0.3230000138282776,0.1624000072479248
YML074C,YKL008C,0,-1.4912671,0.16581109166145325,0.3230000138282776,0.16249999403953552
YBR255W,YMR046C,0,-1.4912754,0.16572600603103638,0.3230000138282776,0.16259999573230743
YIL087C,YCL056C,0,-1.491413,0.16564102470874786,0.3230000138282776,0.16269999742507935
YJR061W,YEL006W,0,-1.4914273,0.16555611789226532,0.3230000138282776,0.16279999911785126
YDL141W,YDR379C-A,0,-1.4915878,0.16547131538391113,0.3230000138282776,0.16290000081062317
YDR120C,YIL082W-A,0,-1.4916948,0.16538658738136292,0.3230000138282776,0.16300000250339508
YHR062C,YNL135C,0,-1.4917321,0.16530194878578186,0.3230000138282776,0.163100004196167
YPR009W,YOR151C,0,-1.4917358,0.16521738469600677,0.3230000138282776,0.1632000058889389
YOR192C-B,YJR060W,0,-1.491926,0.16513292491436005,0.3230000138282776,0.16329999268054962
YPR007C,YDR350C,0,-1.4921434,0.1650485396385193,0.3230000138282776,0.16339999437332153
YPL052W-A,YNR067C,0,-1.4926594,0.1649642437696457,0.3230000138282776,0.16349999606609344
YDR007W,YLR340W,0,-1.4928423,0.16488003730773926,0.3230000138282776,0.16359999775886536
YOL064C,YPL168W,0,-1.4929038,0.1647959202528,0.3230000138282776,0.16369999945163727
YGR221C,YBR143C,0,-1.4931341,0.1647118777036667,0.3230000138282776,0.16380000114440918
YOR039W,YDR379C-A,0,-1.4931449,0.16462792456150055,0.3230000138282776,0.1639000028371811
YCR060W,YER056C,0,-1.4933125,0.16454406082630157,0.3230000138282776,0.164000004529953
YNL185C,YOR343W-B,0,-1.4933602,0.16446028649806976,0.3230000138282776,0.16410000622272491
YLR271W,YGL233W,0,-1.493549,0.16437658667564392,0.3230000138282776,0.16419999301433563
YBR110W,YGR067C,0,-1.4936864,0.16429297626018524,0.3230000138282776,0.16429999470710754
YBR278W,YKR070W,0,-1.4937029,0.16420945525169373,0.3230000138282776,0.16439999639987946
YOR347C,YLR224W,0,-1.4937218,0.16412602365016937,0.3230000138282776,0.16449999809265137
YER125W,YGR292W,0,-1.493738,0.164042666554451,0.3230000138282776,0.16459999978542328
YBL064C,YLR099W-A,0,-1.4941424,0.16395938396453857,0.3230000138282776,0.1647000014781952
YCL045C,YOL122C,0,-1.4941783,0.16387620568275452,0.3230000138282776,0.1648000031709671
YLR425W,YGR212W,0,-1.4942163,0.16379310190677643,0.3230000138282776,0.164900004863739
YBR298C,YDL138W,1,-1.4943677,0.16421693563461304,0.3240000009536743,0.164900004863739
YGR161W-B,YHL013C,0,-1.494563,0.16413374245166779,0.3240000009536743,0.16500000655651093
YMR046C,YMR294W,0,-1.4945751,0.1640506386756897,0.3240000009536743,0.16509999334812164
YNR063W,YFL046W,0,-1.4946337,0.16396760940551758,0.3240000009536743,0.16519999504089355
YPL143W,YBR278W,0,-1.4946886,0.16388466954231262,0.3240000009536743,0.16529999673366547
YJL114W,YDL044C,0,-1.4948654,0.16380181908607483,0.3240000009536743,0.16539999842643738
YDR282C,YCL034W,0,-1.4950343,0.163719043135643,0.3240000009536743,0.1655000001192093
YJL012C,YPR071W,0,-1.4950465,0.16363635659217834,0.3240000009536743,0.1656000018119812
YOR039W,YBR126W-A,0,-1.4951243,0.16355375945568085,0.3240000009536743,0.1657000035047531
YIR024C,YLR467W,0,-1.4951817,0.16347123682498932,0.3240000009536743,0.16580000519752502
YDL134C-A,YLR129W,0,-1.4951895,0.16338880360126495,0.3240000009536743,0.16590000689029694
YCL045C,YEL063C,0,-1.4952685,0.16330644488334656,0.3240000009536743,0.16599999368190765
YGL067W,YIL067C,0,-1.4956177,0.16322417557239532,0.3240000009536743,0.16609999537467957
YER157W,YNL196C,0,-1.4956783,0.16314199566841125,0.3240000009536743,0.16619999706745148
YJL209W,YPL158C,0,-1.4956807,0.16305989027023315,0.3240000009536743,0.1662999987602234
YOL151W,YOR315W,0,-1.4959618,0.16297787427902222,0.3240000009536743,0.1664000004529953
YDR444W,YBR227C,0,-1.4960145,0.16289593279361725,0.3240000009536743,0.1665000021457672
YGL026C,YOR163W,0,-1.4962014,0.16281406581401825,0.3240000009536743,0.16660000383853912
YHR148W,YDL134C-A,0,-1.496281,0.1627322882413864,0.3240000009536743,0.16670000553131104
YPR097W,YMR294W,0,-1.4963224,0.16265060007572174,0.3240000009536743,0.16680000722408295
YER053C-A,YPR003C,0,-1.4963461,0.16256898641586304,0.3240000009536743,0.16689999401569366
YFL011W,YEL069C,1,-1.4966745,0.16298896074295044,0.32499998807907104,0.16689999401569366
YCL063W,YER056C,0,-1.4967655,0.16290727257728577,0.32499998807907104,0.16699999570846558
YCL061C,YGR224W,0,-1.4971071,0.16282564401626587,0.32499998807907104,0.1670999974012375
YMR045C,YDR525W-A,0,-1.4971248,0.16274411976337433,0.32499998807907104,0.1671999990940094
YLR095C,YKL107W,0,-1.4971629,0.16266267001628876,0.32499998807907104,0.1673000007867813
YER184C,YOR064C,0,-1.4971942,0.16258129477500916,0.32499998807907104,0.16740000247955322
YCL048W-A,YLL019C,0,-1.49763,0.16249999403953552,0.32499998807907104,0.16750000417232513
YFR053C,YOL156W,1,-1.4977869,0.16291853785514832,0.32600000500679016,0.16750000417232513
YDR270W,YDR379C-A,0,-1.4980543,0.1628371626138687,0.32600000500679016,0.16760000586509705
YBR298C,YDL199C,1,-1.4980915,0.16325511038303375,0.3269999921321869,0.16760000586509705
YLR058C,YKL120W,0,-1.4982018,0.163173645734787,0.3269999921321869,0.16769999265670776
YCR024C-A,YPL111W,0,-1.4982253,0.16309227049350739,0.3269999921321869,0.16779999434947968
YAR010C,YGL247W,0,-1.4983712,0.16301096975803375,0.3269999921321869,0.1678999960422516
YML059C,YLL057C,0,-1.4983772,0.1629297435283661,0.3269999921321869,0.1679999977350235
YER039C,YDR345C,1,-1.4984177,0.16334661841392517,0.328000009059906,0.1679999977350235
YIL171W,YEL069C,1,-1.4984714,0.16376306116580963,0.32899999618530273,0.1679999977350235
YOR365C,YOL137W,0,-1.4985018,0.16368159651756287,0.32899999618530273,0.1680999994277954
YKL037W,YKL072W,0,-1.4985926,0.16360019147396088,0.32899999618530273,0.16820000112056732
YDL245C,YBR241C,1,-1.4986199,0.16401590406894684,0.33000001311302185,0.16820000112056732
YJL076W,YLR243W,0,-1.4986491,0.16393442451953888,0.33000001311302185,0.16830000281333923
YJR060W,YDL082W,0,-1.4989604,0.16385303437709808,0.33000001311302185,0.16840000450611115
YOR128C,YKL110C,0,-1.498978,0.16377171874046326,0.33000001311302185,0.16850000619888306
YCL040W,YLR081W,1,-1.4990255,0.1641865074634552,0.3310000002384186,0.16850000619888306
YPL187W,YPR052C,0,-1.499397,0.1641051024198532,0.3310000002384186,0.16859999299049377
YMR219W,YMR233W,0,-1.4994351,0.16402378678321838,0.3310000002384186,0.16869999468326569
YDR270W,YBR245C,0,-1.4998599,0.16394254565238953,0.3310000002384186,0.1687999963760376
YCR102C,YEL020W-A,0,-1.5000881,0.16386137902736664,0.3310000002384186,0.1688999980688095
YFL035C-B,YNR043W,0,-1.5002127,0.1637803018093109,0.3310000002384186,0.16899999976158142
YHR071W,YFL017C,0,-1.5002619,0.16369931399822235,0.3310000002384186,0.16910000145435333
YGL084C,YDL199C,1,-1.500311,0.16411270201206207,0.3319999873638153,0.16910000145435333
YHR186C,YBL106C,0,-1.5003805,0.16403162479400635,0.3319999873638153,0.16920000314712524
YJR032W,YOR007C,0,-1.5004143,0.1639506220817566,0.3319999873638153,0.16930000483989716
YMR219W,YKL200C,0,-1.500532,0.1638696938753128,0.3319999873638153,0.16940000653266907
YLR001C,YGL210W,0,-1.5005685,0.16378885507583618,0.3319999873638153,0.16949999332427979
YAR028W,YNL005C,0,-1.5012258,0.16370809078216553,0.3319999873638153,0.1695999950170517
YER010C,YMR278W,0,-1.50133,0.16362740099430084,0.3319999873638153,0.1696999967098236
YDL171C,YPR041W,0,-1.5015882,0.16354680061340332,0.3319999873638153,0.16979999840259552
YKL175W,YOR177C,0,-1.501623,0.16346627473831177,0.3319999873638153,0.16990000009536743
YMR325W,YPL052W-A,0,-1.5019199,0.16338582336902618,0.3319999873638153,0.17000000178813934
YBR200W-A,YOL008W,0,-1.5019209,0.16330546140670776,0.3319999873638153,0.17010000348091125
YNL185C,YLR278C,0,-1.5019807,0.1632251739501953,0.3319999873638153,0.17020000517368317
YKL110C,YDR319C,0,-1.5021075,0.16314496099948883,0.3319999873638153,0.17030000686645508
YIL169C,YIR035C,0,-1.5021216,0.1630648374557495,0.3319999873638153,0.1703999936580658
YOR343W-B,YMR233W,0,-1.5022491,0.16298478841781616,0.3319999873638153,0.1704999953508377
YBR200W-A,YPR140W,0,-1.50243,0.16290481388568878,0.3319999873638153,0.17059999704360962
YNL009W,YGR089W,0,-1.5024956,0.16282491385936737,0.3319999873638153,0.17069999873638153
YCL057C-A,YHR069C,0,-1.5025522,0.16274510324001312,0.3319999873638153,0.17080000042915344
YNL181W,YGR165W,0,-1.5026075,0.16266536712646484,0.3319999873638153,0.17090000212192535
YLR442C,YIL009W,0,-1.5027274,0.16258570551872253,0.3319999873638153,0.17100000381469727
YLR119W,YDR524C-B,0,-1.5028219,0.1625061184167862,0.3319999873638153,0.17110000550746918
YDR270W,YDR260C,0,-1.503024,0.16242662072181702,0.3319999873638153,0.1712000072002411
YGR132C,YGL261C,0,-1.5031478,0.16234718263149261,0.3319999873638153,0.1712999939918518
YFL011W,YDL138W,1,-1.5032257,0.16275659203529358,0.3330000042915344,0.1712999939918518
YHR069C,YMR027W,0,-1.503388,0.1626770943403244,0.3330000042915344,0.17139999568462372
YNL029C,YMR262W,0,-1.5034999,0.16259765625,0.3330000042915344,0.17149999737739563
YJR044C,YBR126W-A,0,-1.5036651,0.16251830756664276,0.3330000042915344,0.17159999907016754
YAL029C,YFL035C-B,0,-1.503671,0.1624390184879303,0.3330000042915344,0.17170000076293945
YHL032C,YNL045W,0,-1.5037075,0.162359818816185,0.3330000042915344,0.17180000245571136
YOR221C,YGL256W,0,-1.5037745,0.16228070855140686,0.3330000042915344,0.17190000414848328
YGL184C,YLR304C,0,-1.5038003,0.1622016578912735,0.3330000042915344,0.1720000058412552
YGL225W,YEL049W,0,-1.5038007,0.1621226817369461,0.3330000042915344,0.1720999926328659
YBR200W-A,YPR166C,0,-1.5038487,0.16204379498958588,0.3330000042915344,0.17219999432563782
YJL214W,YDL199C,1,-1.5039548,0.1624513566493988,0.33399999141693115,0.17219999432563782
YNL019C,YBR211C,0,-1.5043133,0.1623723804950714,0.33399999141693115,0.17229999601840973
YBL066C,YJR117W,0,-1.504397,0.16229349374771118,0.33399999141693115,0.17239999771118164
YDR387C,YBR241C,1,-1.5044812,0.1627003401517868,0.33500000834465027,0.17239999771118164
YMR265C,YLR467W,0,-1.5045065,0.1626213639974594,0.33500000834465027,0.17249999940395355
YER159C,YGL010W,0,-1.504744,0.162542462348938,0.33500000834465027,0.17260000109672546
YBR100W,YDL044C,0,-1.5047499,0.16246362030506134,0.33500000834465027,0.17270000278949738
YDR064W,YBR235W,0,-1.5048009,0.16238488256931305,0.33500000834465027,0.1728000044822693
YMR258C,YDR014W,0,-1.5049664,0.16230620443820953,0.33500000834465027,0.1729000061750412
YMR272W-B,YKR029C,0,-1.5049868,0.162227600812912,0.33500000834465027,0.17299999296665192
YOL101C,YPR058W,0,-1.5051103,0.1621490865945816,0.33500000834465027,0.17309999465942383
YGL210W-A,YBR014C,0,-1.5053045,0.162070631980896,0.33500000834465027,0.17319999635219574
YOL156W,YPL168W,0,-1.5053085,0.16199226677417755,0.33500000834465027,0.17329999804496765
YFL057C,YER078C,0,-1.5053105,0.16191396117210388,0.33500000834465027,0.17339999973773956
YER044C-A,YGL203C,0,-1.5053606,0.16183574497699738,0.33500000834465027,0.17350000143051147
YOR192C-B,YIR006C,0,-1.505392,0.16175760328769684,0.33500000834465027,0.1736000031232834
YDL138W,YOL156W,1,-1.5054091,0.1621621549129486,0.335999995470047,0.1736000031232834
YBL100W-A,YLL013C,0,-1.5056576,0.1620839387178421,0.335999995470047,0.1737000048160553
YDL202W,YJL091C,0,-1.505953,0.16200578212738037,0.335999995470047,0.1738000065088272
YPL026C,YDL199C,1,-1.50597,0.16240963339805603,0.3370000123977661,0.1738000065088272
YOR021C,YMR011W,0,-1.5060607,0.16233140230178833,0.3370000123977661,0.17389999330043793
YDR345C,YFL054C,1,-1.5061272,0.162734717130661,0.33799999952316284,0.17389999330043793
YMR272W-B,YOR260W,0,-1.5063012,0.16265639662742615,0.33799999952316284,0.17399999499320984
YBL087C,YDR066C,0,-1.5063932,0.16257816553115845,0.33799999952316284,0.17409999668598175
YDR310C,YCR023C,0,-1.5067288,0.16249999403953552,0.33799999952316284,0.17419999837875366
YDL194W,YCR032W,0,-1.5069426,0.16242191195487976,0.33799999952316284,0.17430000007152557
YDR143C,YAL017W,0,-1.5071226,0.16234390437602997,0.33799999952316284,0.17440000176429749
YMR002W,YGL167C,0,-1.5071232,0.16226595640182495,0.33799999952316284,0.1745000034570694
YKL216W,YDR379C-A,0,-1.5071847,0.1621880978345871,0.33799999952316284,0.1746000051498413
YDL199C,YBL020W,1,-1.5073062,0.1625899225473404,0.33899998664855957,0.1746000051498413
YGL123W,YDR524C-B,0,-1.507445,0.16251198947429657,0.33899998664855957,0.17470000684261322
YBR126W-A,YLR203C,0,-1.5074492,0.16243411600589752,0.33899998664855957,0.17479999363422394
YOL098C,YOR299W,0,-1.507593,0.16235631704330444,0.33899998664855957,0.17489999532699585
YLL052C,YBR239C,0,-1.5076381,0.16227860748767853,0.33899998664855957,0.17499999701976776
YFR024C,YGL247W,0,-1.5077068,0.1622009575366974,0.33899998664855957,0.17509999871253967
YLR081W,YPR026W,1,-1.5079457,0.16260161995887756,0.3400000035762787,0.17509999871253967
YML010W,YHL022C,0,-1.5080003,0.16252389550209045,0.3400000035762787,0.17520000040531158
YIL112W,YPL113C,0,-1.5080355,0.16244624555110931,0.3400000035762787,0.1753000020980835
YER015W,YMR272W-B,0,-1.508272,0.16236867010593414,0.3400000035762787,0.1754000037908554
YLR160C,YKL067W,0,-1.5082947,0.16229116916656494,0.3400000035762787,0.17550000548362732
YIL082W-A,YOL091W,0,-1.50831,0.1622137427330017,0.3400000035762787,0.17560000717639923
YBL015W,YJL160C,0,-1.5086678,0.16213639080524445,0.3400000035762787,0.17569999396800995
YIL088C,YDR524C-B,0,-1.5086716,0.16205909848213196,0.3400000035762787,0.17579999566078186
YMR011W,YBR241C,1,-1.5088598,0.16245831549167633,0.3409999907016754,0.17579999566078186
YOR047C,YOR343W-B,0,-1.5089447,0.16238094866275787,0.3409999907016754,0.17589999735355377
YCL020W,YFL046W,0,-1.5090464,0.16230367124080658,0.3409999907016754,0.17599999904632568
YML045W,YOL137W,0,-1.5090506,0.16222645342350006,0.3409999907016754,0.1761000007390976
YIL087C,YMR221C,0,-1.5091225,0.1621493101119995,0.3409999907016754,0.1762000024318695
YPL192C,YOL053W,0,-1.5092129,0.16207224130630493,0.3409999907016754,0.17630000412464142
YPL076W,YLL019C,0,-1.5092221,0.16199524700641632,0.3409999907016754,0.17640000581741333
YGR161W-B,YJR010C-A,0,-1.509262,0.16191832721233368,0.3409999907016754,0.17649999260902405
YEL020W-A,YGR224W,0,-1.5092899,0.161841481924057,0.3409999907016754,0.17659999430179596
YFR024C-A,YGL017W,0,-1.5092982,0.1617647111415863,0.3409999907016754,0.17669999599456787
YBL064C,YER078C,0,-1.5093092,0.16168799996376038,0.3409999907016754,0.17679999768733978
YCL057C-A,YLR243W,0,-1.5093242,0.1616113781929016,0.3409999907016754,0.1768999993801117
YDR444W,YGL234W,0,-1.5094832,0.16153481602668762,0.3409999907016754,0.1770000010728836
YBR193C,YOR215C,0,-1.5095044,0.1614583283662796,0.3409999907016754,0.17710000276565552
YDR381C-A,YPL208W,0,-1.5097897,0.16138191521167755,0.3409999907016754,0.17720000445842743
YAR019C,YOR378W,0,-1.5097908,0.16130557656288147,0.3409999907016754,0.17730000615119934
YAR028W,YPL158C,0,-1.509828,0.16122931241989136,0.3409999907016754,0.17739999294281006
YLR050C,YKL144C,0,-1.5098891,0.16115312278270721,0.3409999907016754,0.17749999463558197
YML047C,YHR138C,0,-1.5099107,0.16107699275016785,0.3409999907016754,0.17759999632835388
YLR355C,YDR308C,0,-1.5099252,0.16100093722343445,0.3409999907016754,0.1776999980211258
YDL106C,YBR045C,0,-1.5107048,0.1609249711036682,0.3409999907016754,0.1777999997138977
YOR090C,YCL003W,0,-1.5107317,0.16084904968738556,0.3409999907016754,0.17790000140666962
YNR040W,YHR094C,0,-1.5109191,0.16077321767807007,0.3409999907016754,0.17800000309944153
YKL216W,YDR227W,0,-1.5109276,0.16069746017456055,0.3409999907016754,0.17810000479221344
YOL086W-A,YGL233W,0,-1.5109987,0.1606217622756958,0.3409999907016754,0.17820000648498535
YHR016C,YGL010W,0,-1.5110506,0.16054613888263702,0.3409999907016754,0.17829999327659607
YDR522C,YML064C,0,-1.5110888,0.16047058999538422,0.3409999907016754,0.17839999496936798
YGR169C-A,YOR185C,0,-1.5114565,0.16039511561393738,0.3409999907016754,0.1784999966621399
YMR046C,YBR153W,0,-1.5115472,0.16031970083713531,0.3409999907016754,0.1785999983549118
YDR143C,YDL134C-A,0,-1.5118178,0.16024436056613922,0.3409999907016754,0.17870000004768372
YOR158W,YEL017C-A,0,-1.511881,0.1601690948009491,0.3409999907016754,0.17880000174045563
YBR129C,YCR023C,0,-1.5119556,0.16009390354156494,0.3409999907016754,0.17890000343322754
YCL040W,YDL245C,1,-1.512159,0.1604880392551422,0.34200000762939453,0.17890000343322754
YMR246W,YPR149W,0,-1.5121704,0.1604127585887909,0.34200000762939453,0.17900000512599945
YER039C,YPR115W,1,-1.5123839,0.16080637276172638,0.34299999475479126,0.17900000512599945
YIL018W,YLR095C,0,-1.5125301,0.1607310175895691,0.34299999475479126,0.17910000681877136
YLR072W,YDR350C,0,-1.5126643,0.16065573692321777,0.34299999475479126,0.17919999361038208
YCL048W-A,YER153C,0,-1.5127062,0.16058053076267242,0.34299999475479126,0.179299995303154
YPR026W,YEL069C,1,-1.5128263,0.16097332537174225,0.3440000116825104,0.179299995303154
YGR034W,YGR198W,0,-1.5129716,0.16089802980422974,0.3440000116825104,0.1793999969959259
YMR011W,YEL004W,1,-1.5129881,0.16129031777381897,0.3449999988079071,0.1793999969959259
YGR161C-C,YER021W,0,-1.5130821,0.1612149477005005,0.3449999988079071,0.17949999868869781
YGL033W,YKR066C,0,-1.5131061,0.16113965213298798,0.3449999988079071,0.17960000038146973
YCR089W,YNL321W,0,-1.5131679,0.16106443107128143,0.3449999988079071,0.17970000207424164
YMR086W,YJL050W,0,-1.5132469,0.16098926961421967,0.3449999988079071,0.17980000376701355
YKL162C,YNL273W,0,-1.5133094,0.16091418266296387,0.3449999988079071,0.17990000545978546
YDR387C,YMR221C,0,-1.5133862,0.16083915531635284,0.3449999988079071,0.18000000715255737
YGR169C-C,YHR064C,0,-1.51359,0.16076421737670898,0.3449999988079071,0.1800999939441681
YDR007W,YGR277C,0,-1.5136248,0.1606893390417099,0.3449999988079071,0.18019999563694
YFL035C-B,YLR191W,0,-1.5136713,0.1606145203113556,0.3449999988079071,0.18029999732971191
YGR161W-B,YMR124W,0,-1.5137424,0.16053979098796844,0.3449999988079071,0.18039999902248383
YML045W,YNL282W,0,-1.5137845,0.16046512126922607,0.3449999988079071,0.18050000071525574
YBR171W,YLL052C,0,-1.5141639,0.16039051115512848,0.3449999988079071,0.18060000240802765
YCR105W,YEL068C,0,-1.514186,0.16031599044799805,0.3449999988079071,0.18070000410079956
YLR058C,YOR137C,0,-1.5142843,0.1602415293455124,0.3449999988079071,0.18080000579357147
YOR028C,YBR118W,0,-1.5145966,0.1601671278476715,0.3449999988079071,0.1808999925851822
YDL144C,YGL225W,0,-1.5146774,0.1600928008556366,0.3449999988079071,0.1809999942779541
YDL109C,YKL200C,0,-1.5147086,0.16001854836940765,0.3449999988079071,0.181099995970726
YIL170W,YLL043W,1,-1.514821,0.16040797531604767,0.34599998593330383,0.181099995970726
YBL101W-B,YNR067C,0,-1.514903,0.16033364832401276,0.34599998593330383,0.18119999766349792
YBR298C,YBR241C,1,-1.5149211,0.160722553730011,0.34700000286102295,0.18119999766349792
YBR239C,YDR387C,0,-1.515014,0.1606481522321701,0.34700000286102295,0.18129999935626984
YKL134C,YPR158W-A,0,-1.5150245,0.160573810338974,0.34700000286102295,0.18140000104904175
YPR026W,YDL138W,1,-1.5151097,0.1609620749950409,0.3479999899864197,0.18140000104904175
YPR097W,YNL066W,0,-1.5151786,0.16088765859603882,0.3479999899864197,0.18150000274181366
YPL089C,YER053C-A,0,-1.5152216,0.16081330180168152,0.3479999899864197,0.18160000443458557
YJR158W,YEL069C,1,-1.5152582,0.16120092570781708,0.3490000069141388,0.18160000443458557
YNL181W,YBR227C,0,-1.5154132,0.1611264944076538,0.3490000069141388,0.18170000612735748
YJL161W,YBL066C,0,-1.51558,0.1610521525144577,0.3490000069141388,0.1817999929189682
YGR161W-B,YGR135W,0,-1.5157322,0.16097785532474518,0.3490000069141388,0.1818999946117401
YJR065C,YBL101W-B,0,-1.5158008,0.16090364754199982,0.3490000069141388,0.18199999630451202
YBL101W-B,YNL081C,0,-1.5160524,0.16082949936389923,0.3490000069141388,0.18209999799728394
YML045W,YCL050C,0,-1.5161206,0.16075541079044342,0.3490000069141388,0.18219999969005585
YDR379C-A,YIL143C,0,-1.5161926,0.16068139672279358,0.3490000069141388,0.18230000138282776
YMR272W-B,YPR005C,0,-1.5163928,0.1606074571609497,0.3490000069141388,0.18240000307559967
YBR200W-A,YCL045C,0,-1.5164033,0.1605335772037506,0.3490000069141388,0.18250000476837158
YOR063W,YBR085W,0,-1.5166628,0.16045977175235748,0.3490000069141388,0.1826000064611435
YPL026C,YPR115W,1,-1.5166906,0.1608455926179886,0.3499999940395355,0.1826000064611435
YIL170W,YML038C,1,-1.5167087,0.16123105585575104,0.35100001096725464,0.1826000064611435
YMR114C,YHR005C,0,-1.5168109,0.16115702688694,0.35100001096725464,0.1826999932527542
YDL199C,YPR115W,1,-1.5168704,0.16154199838638306,0.35199999809265137,0.1826999932527542
YJL160C,YKR029C,0,-1.5170575,0.16146789491176605,0.35199999809265137,0.18279999494552612
YAL029C,YML030W,0,-1.5171272,0.16139385104179382,0.35199999809265137,0.18289999663829803
YCR105W,YIL030C,0,-1.5171673,0.16131989657878876,0.35199999809265137,0.18299999833106995
YOR330C,YDR098C-B,0,-1.5171878,0.16124598681926727,0.35199999809265137,0.18310000002384186
YOR349W,YFR002W,0,-1.5173302,0.16117216646671295,0.35199999809265137,0.18320000171661377
YGL166W,YMR120C,0,-1.5173547,0.1610983908176422,0.35199999809265137,0.18330000340938568
YCL048W-A,YGL033W,0,-1.5174176,0.16102470457553864,0.35199999809265137,0.1834000051021576
YBL025W,YKL107W,0,-1.5174316,0.16095107793807983,0.35199999809265137,0.1835000067949295
YMR272W-B,YDL214C,0,-1.517685,0.1608775109052658,0.35199999809265137,0.18359999358654022
YBR126W-A,YDL051W,0,-1.5176865,0.16080401837825775,0.35199999809265137,0.18369999527931213
YDR392W,YOR285W,0,-1.5177032,0.16073060035705566,0.35199999809265137,0.18379999697208405
YIL109C,YBL101W-B,0,-1.517872,0.16065722703933716,0.35199999809265137,0.18389999866485596
YLR050C,YKR059W,0,-1.5181944,0.16058394312858582,0.35199999809265137,0.18400000035762787
YLR081W,YIL170W,1,-1.5182835,0.16096670925617218,0.3529999852180481,0.18400000035762787
YCL048W-A,YGR036C,0,-1.5183735,0.16089335083961487,0.3529999852180481,0.18410000205039978
YOR223W,YLL021W,0,-1.5185813,0.16082005202770233,0.3529999852180481,0.1842000037431717
YBR200W-A,YOR008C,0,-1.5186591,0.16074681282043457,0.3529999852180481,0.1843000054359436
YLR224W,YGL136C,0,-1.518715,0.16067364811897278,0.3529999852180481,0.18440000712871552
YCR079W,YHR138C,0,-1.5187378,0.16060054302215576,0.3529999852180481,0.18449999392032623
YIL151C,YMR272W-B,0,-1.5188218,0.16052751243114471,0.3529999852180481,0.18459999561309814
YAL001C,YKR061W,0,-1.5188323,0.16045454144477844,0.3529999852180481,0.18469999730587006
YHR035W,YIR035C,0,-1.5189587,0.16038164496421814,0.3529999852180481,0.18479999899864197
YBR065C,YOR039W,0,-1.5189656,0.1603088080883026,0.3529999852180481,0.18490000069141388
YIL033C,YBR200W-A,0,-1.5190663,0.16023604571819305,0.3529999852180481,0.1850000023841858
YCR102C,YDR487C,0,-1.5191516,0.16016334295272827,0.3529999852180481,0.1851000040769577
YJR065C,YOL083W,0,-1.5193571,0.16009069979190826,0.3529999852180481,0.18520000576972961
YCL005W,YGL161C,0,-1.5193728,0.16001813113689423,0.3529999852180481,0.18529999256134033
YGR059W,YER053C-A,0,-1.5193762,0.15994562208652496,0.3529999852180481,0.18539999425411224
YER031C,YBL101W-B,0,-1.5193771,0.15987318754196167,0.3529999852180481,0.18549999594688416
YKL165C,YBL101W-B,0,-1.5193857,0.15980081260204315,0.3529999852180481,0.18559999763965607
YBR200W-A,YNL082W,0,-1.5195453,0.1597285121679306,0.3529999852180481,0.18569999933242798
YGR169C-C,YGR221C,0,-1.5196532,0.15965627133846283,0.3529999852180481,0.1858000010251999
YOR258W,YMR272W-B,0,-1.5196964,0.15958409011363983,0.3529999852180481,0.1859000027179718
YGL054C,YDR253C,0,-1.5197035,0.1595119684934616,0.3529999852180481,0.1860000044107437
YIL109C,YNR053C,0,-1.5197685,0.15943992137908936,0.3529999852180481,0.18610000610351562
YOR134W,YCL074W,0,-1.5202178,0.15936794877052307,0.3529999852180481,0.18619999289512634
YML027W,YGR292W,0,-1.5202867,0.15929603576660156,0.3529999852180481,0.18629999458789825
YJR160C,YFL054C,1,-1.5203577,0.1596752405166626,0.3540000021457672,0.18629999458789825
YCR105W,YMR002W,0,-1.5205067,0.15960325300693512,0.3540000021457672,0.18639999628067017
YHR062C,YLR121C,0,-1.5205148,0.15953132510185242,0.3540000021457672,0.18649999797344208
YHR186C,YHL032C,0,-1.520549,0.1594594568014145,0.3540000021457672,0.186599999666214
YGR042W,YML077W,0,-1.5205714,0.15938766300678253,0.3540000021457672,0.1867000013589859
YBR242W,YGL010W,0,-1.5207623,0.15931592881679535,0.3540000021457672,0.1868000030517578
YGR169C-C,YOL091W,0,-1.5209962,0.15924426913261414,0.3540000021457672,0.18690000474452972
YDR444W,YOR096W,0,-1.521025,0.1591726690530777,0.3540000021457672,0.18700000643730164
YBR235W,YOR178C,0,-1.5210265,0.15910112857818604,0.3540000021457672,0.18709999322891235
YBR072W,YIL112W,0,-1.5211809,0.15902964770793915,0.3540000021457672,0.18719999492168427
YOR093C,YER074W,0,-1.5212272,0.15895824134349823,0.3540000021457672,0.18729999661445618
YPR097W,YBL100W-A,0,-1.521235,0.1588868945837021,0.3540000021457672,0.1873999983072281
YPL096W,YCR089W,0,-1.5213262,0.15881560742855072,0.3540000021457672,0.1875
YFR024C,YBR162W-A,0,-1.5213863,0.15874439477920532,0.3540000021457672,0.1876000016927719
YOR221C,YLL050C,0,-1.5214213,0.1586732417345047,0.3540000021457672,0.18770000338554382
YKL216W,YMR272W-B,0,-1.5214258,0.15860214829444885,0.3540000021457672,0.18780000507831573
YHL018W,YDR474C,0,-1.5214509,0.15853112936019897,0.3540000021457672,0.18790000677108765
YNL126W,YGR095C,0,-1.5215069,0.15846015512943268,0.3540000021457672,0.18799999356269836
YMR272W-B,YDR202C,0,-1.5216205,0.15838925540447235,0.3540000021457672,0.18809999525547028
YBL101W-B,YOR362C,0,-1.5217637,0.158318430185318,0.3540000021457672,0.1881999969482422
YOR115C,YOL086W-A,0,-1.5218533,0.15824764966964722,0.3540000021457672,0.1882999986410141
YBR242W,YCR058C,0,-1.521855,0.1581769436597824,0.3540000021457672,0.188400000333786
YER053C,YDR403W,0,-1.5219953,0.15810629725456238,0.3540000021457672,0.18850000202655792
YIL172C,YML088W,0,-1.522075,0.15803571045398712,0.3540000021457672,0.18860000371932983
YBR167C,YFL002W-B,0,-1.522218,0.15796519815921783,0.3540000021457672,0.18870000541210175
YHR096C,YNL181W,0,-1.5222553,0.15789473056793213,0.3540000021457672,0.18880000710487366
YLR121C,YLR065C,0,-1.5222739,0.1578243374824524,0.3540000021457672,0.18889999389648438
YDR387C,YJL219W,1,-1.5222956,0.15819963812828064,0.35499998927116394,0.18889999389648438
YKL099C,YBR262C,0,-1.5223123,0.15812917053699493,0.35499998927116394,0.1889999955892563
YLL055W,YDL048C,0,-1.5224231,0.1580587774515152,0.35499998927116394,0.1890999972820282
YCL050C,YFL002W-B,0,-1.5224596,0.15798842906951904,0.35499998927116394,0.1891999989748001
YBL101W-B,YIL026C,0,-1.522627,0.15791815519332886,0.35499998927116394,0.18930000066757202
YDR449C,YGR096W,0,-1.5226678,0.15784792602062225,0.35499998927116394,0.18940000236034393
YNL160W,YKL100C,0,-1.5227443,0.15777777135372162,0.35499998927116394,0.18950000405311584
YJR123W,YDR430C,0,-1.5228456,0.15770769119262695,0.35499998927116394,0.18960000574588776
YIL158W,YBR245C,0,-1.522891,0.15763765573501587,0.35499998927116394,0.18970000743865967
YJL160C,YJR125C,0,-1.5229727,0.15756769478321075,0.35499998927116394,0.18979999423027039
YJL049W,YPL037C,0,-1.52304,0.15749777853488922,0.35499998927116394,0.1898999959230423
YBR241C,YDR342C,1,-1.5231353,0.15787139534950256,0.35600000619888306,0.1898999959230423
YCL048W-A,YER007W,0,-1.5231521,0.15780141949653625,0.35600000619888306,0.1899999976158142
YJR158W,YJR160C,1,-1.5232159,0.1581745743751526,0.3569999933242798,0.1899999976158142
YNR031C,YPR147C,0,-1.5232733,0.1581045240163803,0.3569999933242798,0.19009999930858612
YGL213C,YPR147C,0,-1.5233973,0.1580345332622528,0.3569999933242798,0.19020000100135803
YOR247W,YGL167C,0,-1.5236036,0.15796460211277008,0.3569999933242798,0.19030000269412994
YJR123W,YBL101W-B,0,-1.5236915,0.15789473056793213,0.3569999933242798,0.19040000438690186
YCR018C,YMR179W,0,-1.5237144,0.15782493352890015,0.3569999933242798,0.19050000607967377
YBR200W-A,YBR235W,0,-1.5237235,0.15775519609451294,0.3569999933242798,0.19059999287128448
YJL114W,YGL236C,0,-1.5237814,0.1576855182647705,0.3569999933242798,0.1906999945640564
YDR381C-A,YER116C,0,-1.523956,0.15761590003967285,0.3569999933242798,0.1907999962568283
YAR019C,YMR111C,0,-1.5239707,0.15754634141921997,0.3569999933242798,0.19089999794960022
YDL194W,YHR092C,1,-1.5241543,0.15791794657707214,0.3580000102519989,0.19089999794960022
YBL071W-A,YOR343W-B,0,-1.5242044,0.1578483283519745,0.3580000102519989,0.19099999964237213
YJR088C,YOR084W,0,-1.5243589,0.1577787548303604,0.3580000102519989,0.19110000133514404
YMR056C,YLL057C,0,-1.5243837,0.1577092558145523,0.3580000102519989,0.19120000302791595
YDL199C,YIL170W,1,-1.5244392,0.15808014571666718,0.35899999737739563,0.19120000302791595
YCR038C,YHR020W,0,-1.5244769,0.1580105572938919,0.35899999737739563,0.19130000472068787
YMR053C,YMR045C,0,-1.5245134,0.1579410433769226,0.35899999737739563,0.19140000641345978
YOR063W,YML074C,0,-1.5245175,0.15787158906459808,0.35899999737739563,0.1914999932050705
YBL023C,YOL083W,0,-1.524526,0.15780219435691833,0.35899999737739563,0.1915999948978424
YER041W,YGL008C,0,-1.5246319,0.15773285925388336,0.35899999737739563,0.19169999659061432
YNL132W,YPL037C,0,-1.52468,0.15766359865665436,0.35899999737739563,0.19179999828338623
YJL030W,YNL181W,0,-1.5248874,0.15759438276290894,0.35899999737739563,0.19189999997615814
YML038C,YPL189W,1,-1.5249956,0.15796402096748352,0.36000001430511475,0.19189999997615814
YOL091W,YOL008W,0,-1.5250324,0.15789473056793213,0.36000001430511475,0.19200000166893005
YJR149W,YDR524C,0,-1.5251986,0.1578255146741867,0.36000001430511475,0.19210000336170197
YKL201C,YLR337C,0,-1.5253011,0.15775635838508606,0.36000001430511475,0.19220000505447388
YBL101W-B,YMR018W,0,-1.5254079,0.157687246799469,0.36000001430511475,0.1923000067472458
YMR272W-B,YHR016C,0,-1.5254897,0.1576182097196579,0.36000001430511475,0.1923999935388565
YLR081W,YFL054C,1,-1.52553,0.1579868644475937,0.3610000014305115,0.1923999935388565
YKL216W,YGL054C,0,-1.5258749,0.15791775286197662,0.3610000014305115,0.19249999523162842
YLR422W,YLR450W,0,-1.5258936,0.15784871578216553,0.3610000014305115,0.19259999692440033
YDR359C,YMR034C,0,-1.5260338,0.157779723405838,0.3610000014305115,0.19269999861717224
YLR081W,YJR160C,1,-1.5260779,0.1581476628780365,0.3619999885559082,0.19269999861717224
YOR192C-B,YPR171W,0,-1.5261037,0.15807859599590302,0.3619999885559082,0.19280000030994415
YPR097W,YGR156W,0,-1.5261112,0.1580096036195755,0.3619999885559082,0.19290000200271606
YER132C,YKL200C,0,-1.5261843,0.15794065594673157,0.3619999885559082,0.19300000369548798
YDR210W-D,YOL030W,0,-1.5262649,0.1578717827796936,0.3619999885559082,0.1931000053882599
YPR141C,YOR343C-A,0,-1.5262649,0.15780296921730042,0.3619999885559082,0.1932000070810318
YGL210W-A,YIR024C,0,-1.5262649,0.1577342003583908,0.3619999885559082,0.19329999387264252
YMR045C,YKL200C,0,-1.5262649,0.15766550600528717,0.3619999885559082,0.19339999556541443
YHR035W,YDL134C-A,0,-1.5262649,0.1575968712568283,0.3619999885559082,0.19349999725818634
YPR003C,YDL134C-A,0,-1.5262649,0.15752828121185303,0.3619999885559082,0.19359999895095825
YHR214W-G,YKL170W,0,-1.5262649,0.15745976567268372,0.3619999885559082,0.19370000064373016
YJR053W,YHR214W-G,0,-1.5262649,0.15739130973815918,0.3619999885559082,0.19380000233650208
YBR235W,YGL210W-A,0,-1.5262649,0.15732289850711823,0.3619999885559082,0.193900004029274
YPL052W-A,YKL107W,0,-1.5262649,0.15725456178188324,0.3619999885559082,0.1940000057220459
YPL130W,YOR343C-A,0,-1.5262649,0.15718628466129303,0.3619999885559082,0.1941000074148178
YHR214W-G,YIL143C,0,-1.5262649,0.1571180522441864,0.3619999885559082,0.19419999420642853
YOR343C-A,YGR264C,0,-1.5262649,0.15704989433288574,0.3619999885559082,0.19429999589920044
YGR055W,YHR214W-G,0,-1.5262649,0.15698178112506866,0.3619999885559082,0.19439999759197235
YER031C,YOR343C-A,0,-1.5262649,0.15691374242305756,0.3619999885559082,0.19449999928474426
YIL087C,YHR214W-G,0,-1.5262649,0.15684574842453003,0.3619999885559082,0.19460000097751617
YDR379C-A,YBR100W,0,-1.5262649,0.15677782893180847,0.3619999885559082,0.19470000267028809
YMR301C,YDR210W-D,0,-1.5262649,0.1567099541425705,0.3619999885559082,0.19480000436306
YLR015W,YOR343C-A,0,-1.5262649,0.1566421389579773,0.3619999885559082,0.1949000060558319
YIL110W,YDR210W-D,0,-1.5262649,0.15657439827919006,0.3619999885559082,0.19499999284744263
YGR169C-C,YDR381C-A,0,-1.5262649,0.1565067023038864,0.3619999885559082,0.19509999454021454
YLR051C,YOR343C-A,0,-1.5262649,0.15643906593322754,0.3619999885559082,0.19519999623298645
YOR343C-A,YMR019W,0,-1.5262649,0.15637148916721344,0.3619999885559082,0.19529999792575836
YJL225C,YGR169C-C,0,-1.5262649,0.15630397200584412,0.3619999885559082,0.19539999961853027
YHR214W-G,YMR109W,0,-1.5262649,0.15623651444911957,0.3619999885559082,0.19550000131130219
YLR442C,YOR343C-A,0,-1.5262649,0.1561691164970398,0.3619999885559082,0.1956000030040741
YOR343C-A,YMR045C,0,-1.5262649,0.1561017632484436,0.3619999885559082,0.195700004696846
YPL043W,YDR210W-D,0,-1.5262649,0.15603448450565338,0.3619999885559082,0.19580000638961792
YHR214W-G,YJL167W,0,-1.5262649,0.15596725046634674,0.3619999885559082,0.19589999318122864
YGL195W,YDR210W-D,0,-1.5262649,0.15590009093284607,0.3619999885559082,0.19599999487400055
YHR214W-G,YKR066C,0,-1.5262649,0.15583297610282898,0.3619999885559082,0.19609999656677246
YOL049W,YDR210W-D,0,-1.5262649,0.15576592087745667,0.3619999885559082,0.19619999825954437
YOR343C-A,YDR354W,0,-1.5262649,0.15569892525672913,0.3619999885559082,0.19629999995231628
YDR282C,YHR214W-G,0,-1.5262649,0.15563198924064636,0.3619999885559082,0.1964000016450882
YGL210W-A,YDR387C,0,-1.5262649,0.15556509792804718,0.3619999885559082,0.1965000033378601
YEL020W-A,YOR343C-A,0,-1.5262649,0.15549828112125397,0.3619999885559082,0.19660000503063202
YHR214W-G,YHR109W,0,-1.5262649,0.15543150901794434,0.3619999885559082,0.19670000672340393
YNR031C,YDR210W-D,0,-1.5262649,0.15536481142044067,0.3619999885559082,0.19679999351501465
YGL210W-A,YJL107C,0,-1.5262649,0.1552981585264206,0.3619999885559082,0.19689999520778656
YIL078W,YOR343C-A,0,-1.5262649,0.1552315652370453,0.3619999885559082,0.19699999690055847
YGR016W,YDL134C-A,0,-1.5262649,0.15516501665115356,0.3619999885559082,0.19709999859333038
YPL052W-A,YGL010W,0,-1.5262649,0.1550985425710678,0.3619999885559082,0.1972000002861023
YDL194W,YHR214W-G,0,-1.5262649,0.15503211319446564,0.3619999885559082,0.1973000019788742
YFL035C-B,YNL181W,0,-1.5262649,0.15496575832366943,0.3619999885559082,0.19740000367164612
YPL043W,YHR214W-G,0,-1.5262649,0.1548994481563568,0.3619999885559082,0.19750000536441803
YLR342W,YDR210W-D,0,-1.5262649,0.15483319759368896,0.3619999885559082,0.19760000705718994
YAL001C,YDR210W-D,0,-1.5262649,0.1547669917345047,0.3619999885559082,0.19769999384880066
YOL125W,YHR214W-G,0,-1.5262649,0.1547008603811264,0.3619999885559082,0.19779999554157257
YIL109C,YHR214W-G,0,-1.5262649,0.1546347737312317,0.3619999885559082,0.19789999723434448
YHR214W-G,YGR262C,0,-1.5262649,0.15456874668598175,0.3619999885559082,0.1979999989271164
YDL202W,YHR214W-G,0,-1.5262649,0.1545027792453766,0.3619999885559082,0.1981000006198883
YIL036W,YOR343C-A,0,-1.5262649,0.154436856508255,0.3619999885559082,0.19820000231266022
YHR214W-G,YAL017W,0,-1.5262649,0.1543710082769394,0.3619999885559082,0.19830000400543213
YHR214W-G,YIL051C,0,-1.5262649,0.15430520474910736,0.3619999885559082,0.19840000569820404
YHR214W-G,YNL118C,0,-1.5262649,0.1542394608259201,0.3619999885559082,0.19850000739097595
YHR214W-G,YMR019W,0,-1.5262649,0.15417376160621643,0.3619999885559082,0.19859999418258667
YJL012C,YHR214W-G,0,-1.5262649,0.15410813689231873,0.3619999885559082,0.19869999587535858
YBL101W-B,YDR525W-A,0,-1.5262649,0.1540425568819046,0.3619999885559082,0.1987999975681305
YLR350W,YOR343C-A,0,-1.5262649,0.15397703647613525,0.3619999885559082,0.1988999992609024
YIL078W,YML086C,0,-1.5263855,0.1539115607738495,0.3619999885559082,0.19900000095367432
YHR080C,YML017W,0,-1.5264062,0.1538461595773697,0.3619999885559082,0.19910000264644623
YMR272W-B,YOR058C,0,-1.5264738,0.15378080308437347,0.3619999885559082,0.19920000433921814
YPR166C,YBL101W-B,0,-1.526503,0.15371550619602203,0.3619999885559082,0.19930000603199005
YMR272W-B,YLR404W,0,-1.5265572,0.15365025401115417,0.3619999885559082,0.19939999282360077
YDR333C,YML029W,0,-1.5268588,0.1535850614309311,0.3619999885559082,0.19949999451637268
YGL067W,YOR206W,0,-1.5268863,0.15351992845535278,0.3619999885559082,0.1995999962091446
YDR164C,YLR435W,0,-1.5269505,0.15345485508441925,0.3619999885559082,0.1996999979019165
YBR126W-A,YDR522C,0,-1.5269939,0.1533898264169693,0.3619999885559082,0.19979999959468842
YFR042W,YNL160W,0,-1.5269996,0.15332485735416412,0.3619999885559082,0.19990000128746033
YOR391C,YMR305C,0,-1.5270029,0.15325994789600372,0.3619999885559082,0.20000000298023224
YOR093C,YDL175C,0,-1.5270108,0.1531950980424881,0.3619999885559082,0.20010000467300415
YDR452W,YDL170W,0,-1.5273093,0.15313029289245605,0.3619999885559082,0.20020000636577606
YEL069C,YFL054C,1,-1.5273343,0.1534883677959442,0.3630000054836273,0.20020000636577606
YLL052C,YDR379C-A,0,-1.5273474,0.1534235030412674,0.3630000054836273,0.20029999315738678
YDR372C,YGR161C-C,0,-1.5275154,0.15335868299007416,0.3630000054836273,0.2003999948501587
YLR422W,YER180C,0,-1.5276426,0.1532939225435257,0.3630000054836273,0.2004999965429306
YIL171W,YPL189W,1,-1.5277389,0.15365132689476013,0.36399999260902405,0.2004999965429306
YHL020C,YDR522C,0,-1.527844,0.1535864919424057,0.36399999260902405,0.20059999823570251
YDL144C,YFL002W-B,0,-1.5280625,0.15352171659469604,0.36399999260902405,0.20069999992847443
YOR058C,YOR298C-A,0,-1.5284581,0.15345700085163116,0.36399999260902405,0.20080000162124634
YMR212C,YCL048W-A,0,-1.5285724,0.15339232981204987,0.36399999260902405,0.20090000331401825
YLR058C,YHR080C,0,-1.528623,0.15332771837711334,0.36399999260902405,0.20100000500679016
YLR173W,YPR007C,0,-1.5286802,0.1532631516456604,0.36399999260902405,0.20110000669956207
YJL003W,YDR018C,0,-1.5287215,0.15319865942001343,0.36399999260902405,0.2011999934911728
YPR115W,YOL156W,1,-1.5287584,0.15355490148067474,0.36500000953674316,0.2011999934911728
YNL164C,YOL086W-A,0,-1.5287946,0.1534903347492218,0.36500000953674316,0.2012999951839447
YMR315W,YBR023C,0,-1.5289359,0.15342581272125244,0.36500000953674316,0.2013999968767166
YBR241C,YOL156W,1,-1.5289704,0.15378151834011078,0.3659999966621399,0.2013999968767166
YJR072C,YOR378W,0,-1.5289823,0.15371692180633545,0.3659999966621399,0.20149999856948853
YJR053W,YIL136W,0,-1.5290378,0.1536523997783661,0.3659999966621399,0.20160000026226044
YMR220W,YNL045W,0,-1.5291321,0.15358790755271912,0.3659999966621399,0.20170000195503235
YER056C,YJL001W,0,-1.5292655,0.1535234898328781,0.3659999966621399,0.20180000364780426
YCR058C,YGL186C,0,-1.5294288,0.1534591168165207,0.3659999966621399,0.20190000534057617
YML026C,YBR265W,0,-1.5295008,0.15339480340480804,0.3659999966621399,0.20200000703334808
YDR229W,YMR258C,0,-1.5295082,0.15333053469657898,0.3659999966621399,0.2020999938249588
YBR241C,YHR092C,1,-1.5295084,0.1536850929260254,0.367000013589859,0.2020999938249588
YNL002C,YIR035C,0,-1.5295118,0.15362076461315155,0.367000013589859,0.2021999955177307
YGR161W-B,YBL013W,0,-1.5295935,0.1535564810037613,0.367000013589859,0.20229999721050262
YER078C,YJL140W,0,-1.5298781,0.1534922569990158,0.367000013589859,0.20239999890327454
YMR272W-B,YOR317W,0,-1.5298976,0.1534280925989151,0.367000013589859,0.20250000059604645
YLL050C,YDR098C-B,0,-1.5301338,0.15336397290229797,0.367000013589859,0.20260000228881836
YKL085W,YBR014C,0,-1.5303327,0.15329991281032562,0.367000013589859,0.20270000398159027
YLR347C,YDR524C-B,0,-1.5305005,0.15323591232299805,0.367000013589859,0.20280000567436218
YDL247W,YDR342C,1,-1.5305103,0.15358930826187134,0.36800000071525574,0.20280000567436218
YLR410W,YJL026W,0,-1.5305167,0.1535252332687378,0.36800000071525574,0.2029000073671341
YPR026W,YDL245C,1,-1.5305935,0.15387822687625885,0.36899998784065247,0.2029000073671341
YFL057C,YPL052W-A,0,-1.5308546,0.15381409227848053,0.36899998784065247,0.2029999941587448
YGR161C-C,YLR015W,0,-1.5310909,0.1537500023841858,0.36899998784065247,0.20309999585151672
YDR430C,YPR158W-A,0,-1.5311205,0.15368595719337463,0.36899998784065247,0.20319999754428864
YIL009W,YGL195W,0,-1.5312952,0.15362198650836945,0.36899998784065247,0.20329999923706055
YMR070W,YLL054C,0,-1.5313526,0.15355804562568665,0.36899998784065247,0.20340000092983246
YBL101W-B,YPL037C,0,-1.5313541,0.15349417924880981,0.36899998784065247,0.20350000262260437
YJL097W,YBL101W-B,0,-1.5314559,0.15343035757541656,0.36899998784065247,0.20360000431537628
YGR059W,YFR041C,0,-1.5314784,0.1533665806055069,0.36899998784065247,0.2037000060081482
YJR048W,YGR016W,0,-1.53167,0.153302863240242,0.36899998784065247,0.2037999927997589
YPR023C,YGR250C,0,-1.5319122,0.1532392054796219,0.36899998784065247,0.20389999449253082
YDR103W,YDR525W-A,0,-1.5319709,0.15317559242248535,0.36899998784065247,0.20399999618530273
YDL155W,YCL048W-A,0,-1.5320139,0.1531120389699936,0.36899998784065247,0.20409999787807465
YPL043W,YJL160C,0,-1.5321332,0.1530485302209854,0.36899998784065247,0.20419999957084656
YKL140W,YOR128C,0,-1.5322329,0.152985081076622,0.36899998784065247,0.20430000126361847
YDL130W,YEL017C-A,0,-1.5323027,0.1529216766357422,0.36899998784065247,0.20440000295639038
YFR024C,YKL134C,0,-1.5323837,0.15285833179950714,0.36899998784065247,0.2045000046491623
YMR272W-B,YOL151W,0,-1.5324224,0.15279503166675568,0.36899998784065247,0.2046000063419342
YJL142C,YDR253C,0,-1.5325056,0.152731791138649,0.36899998784065247,0.20469999313354492
YBR294W,YDR375C,0,-1.5328616,0.15266859531402588,0.36899998784065247,0.20479999482631683
YMR152W,YOR152C,0,-1.5330708,0.15260545909404755,0.36899998784065247,0.20489999651908875
YLR052W,YIL053W,0,-1.5332216,0.1525423675775528,0.36899998784065247,0.20499999821186066
YDL121C,YHR135C,0,-1.5332863,0.15247933566570282,0.36899998784065247,0.20509999990463257
YHR170W,YJL180C,0,-1.5334705,0.15241636335849762,0.36899998784065247,0.20520000159740448
YIL031W,YKL067W,0,-1.5335277,0.1523534208536148,0.36899998784065247,0.2053000032901764
YML127W,YDR381C-A,0,-1.5337323,0.15229055285453796,0.36899998784065247,0.2054000049829483
YBR126W-A,YDR447C,0,-1.5337919,0.1522277295589447,0.36899998784065247,0.20550000667572021
YOR019W,YBL060W,0,-1.5338157,0.15216495096683502,0.36899998784065247,0.20559999346733093
YDR226W,YFL023W,0,-1.5340186,0.15210223197937012,0.36899998784065247,0.20569999516010284
YFR042W,YML047C,0,-1.5340873,0.1520395576953888,0.36899998784065247,0.20579999685287476
YPR026W,YEL004W,1,-1.5341359,0.152388796210289,0.3700000047683716,0.20579999685287476
YER125W,YMR027W,0,-1.5341393,0.1523260623216629,0.3700000047683716,0.20589999854564667
YOL098C,YGL250W,0,-1.5342678,0.15226337313652039,0.3700000047683716,0.20600000023841858
YLR260W,YHR191C,0,-1.5344082,0.15220074355602264,0.3700000047683716,0.2061000019311905
YBL057C,YMR034C,0,-1.5344318,0.15213815867900848,0.3700000047683716,0.2062000036239624
YHL004W,YGL225W,0,-1.5344664,0.1520756334066391,0.3700000047683716,0.20630000531673431
YIL074C,YLR072W,0,-1.5344887,0.1520131528377533,0.3700000047683716,0.20640000700950623
YEL049W,YMR154C,0,-1.5345696,0.15195071697235107,0.3700000047683716,0.20649999380111694
YPL187W,YKL008C,0,-1.5345855,0.15188834071159363,0.3700000047683716,0.20659999549388885
YGR092W,YOR215C,0,-1.5346138,0.15182600915431976,0.3700000047683716,0.20669999718666077
YNL273W,YER078C,0,-1.5346154,0.15176373720169067,0.3700000047683716,0.20679999887943268
YMR272W-B,YAL020C,0,-1.5347792,0.15170150995254517,0.3700000047683716,0.2069000005722046
YFR053C,YPL244C,1,-1.5348766,0.15204918384552002,0.3709999918937683,0.2069000005722046
YNL112W,YFR019W,0,-1.5355014,0.15198689699172974,0.3709999918937683,0.2070000022649765
YLL052C,YIL030C,0,-1.5356694,0.15192465484142303,0.3709999918937683,0.2071000039577484
YBR043C,YMR272W-B,0,-1.5359175,0.15186245739459991,0.3709999918937683,0.20720000565052032
YIL172C,YBR017C,0,-1.5360364,0.15180033445358276,0.3709999918937683,0.20730000734329224
YDR393W,YML066C,0,-1.5361209,0.151738241314888,0.3709999918937683,0.20739999413490295
YMR152W,YDR098C-B,0,-1.5361379,0.151676207780838,0.3709999918937683,0.20749999582767487
YOR276W,YGR109C,0,-1.5363166,0.1516142189502716,0.3709999918937683,0.20759999752044678
YDL109C,YHL003C,0,-1.5363771,0.15155228972434998,0.3709999918937683,0.2076999992132187
YCL045C,YGR170W,0,-1.5363806,0.15149040520191193,0.3709999918937683,0.2078000009059906
YCR102C,YJL206C,0,-1.5365919,0.15142856538295746,0.3709999918937683,0.2079000025987625
YCL003W,YLR278C,0,-1.5366828,0.15136678516864777,0.3709999918937683,0.20800000429153442
YOR145C,YCL061C,0,-1.536688,0.15130504965782166,0.3709999918937683,0.20810000598430634
YAL005C,YMR272W-B,0,-1.5368488,0.15124337375164032,0.3709999918937683,0.20819999277591705
YCR023C,YDL061C,0,-1.5371953,0.15118174254894257,0.3709999918937683,0.20829999446868896
YAL047C,YML133C,0,-1.5373248,0.1511201560497284,0.3709999918937683,0.20839999616146088
YLR099W-A,YPL051W,0,-1.5373257,0.151058629155159,0.3709999918937683,0.2084999978542328
YOR391C,YBR023C,0,-1.5375286,0.15099714696407318,0.3709999918937683,0.2085999995470047
YHR118C,YPR023C,0,-1.5376866,0.15093572437763214,0.3709999918937683,0.2087000012397766
YML010W,YMR034C,0,-1.5377444,0.15087434649467468,0.3709999918937683,0.20880000293254852
YER053C,YMR124W,0,-1.5377698,0.1508130133152008,0.3709999918937683,0.20890000462532043
YGL027C,YDL211C,0,-1.5379076,0.1507517248392105,0.3709999918937683,0.20900000631809235
YNL281W,YAL020C,0,-1.5380238,0.150690495967865,0.3709999918937683,0.20909999310970306
YBR181C,YKR070W,0,-1.5380374,0.15062931180000305,0.3709999918937683,0.20919999480247498
YBL023C,YCL048W-A,0,-1.5380384,0.1505681872367859,0.3709999918937683,0.2092999964952469
YLL040C,YLR410W-A,0,-1.5380557,0.1505070924758911,0.3709999918937683,0.2093999981880188
YHR080C,YNL311C,0,-1.5381188,0.1504460722208023,0.3709999918937683,0.2094999998807907
YNL084C,YDR014W,0,-1.5381399,0.1503850817680359,0.3709999918937683,0.20960000157356262
YGL057C,YCR038C,0,-1.538175,0.15032415091991425,0.3709999918937683,0.20970000326633453
YCL045C,YDR457W,0,-1.5385342,0.15026326477527618,0.3709999918937683,0.20980000495910645
YDL171C,YGR156W,0,-1.5388273,0.1502024233341217,0.3709999918937683,0.20990000665187836
YOR192C-B,YMR124W,0,-1.5389296,0.150141641497612,0.3709999918937683,0.20999999344348907
YAR019C,YJL158C,0,-1.5390254,0.15008090436458588,0.3709999918937683,0.210099995136261
YMR272W-B,YLR342W,0,-1.5390375,0.15002021193504333,0.3709999918937683,0.2101999968290329
YER053C-A,YBR025C,0,-1.5391843,0.14995957911014557,0.3709999918937683,0.2102999985218048
YPL166W,YDL235C,0,-1.5396733,0.14989899098873138,0.3709999918937683,0.21040000021457672
YPL168W,YDL047W,0,-1.5397681,0.14983844757080078,0.3709999918937683,0.21050000190734863
YNR031C,YBL039W-B,0,-1.5397879,0.14977796375751495,0.3709999918937683,0.21060000360012054
YOR178C,YLR382C,0,-1.539907,0.1497175097465515,0.3709999918937683,0.21070000529289246
YHL020C,YEL019C,0,-1.5400631,0.14965711534023285,0.3709999918937683,0.21080000698566437
YFR024C,YPL076W,0,-1.5401697,0.14959678053855896,0.3709999918937683,0.21089999377727509
YHR117W,YGL186C,0,-1.5402361,0.14953647553920746,0.3709999918937683,0.210999995470047
YCR086W,YLR224W,0,-1.5404195,0.14947623014450073,0.3709999918937683,0.2110999971628189
YPL052W-A,YIL018W,0,-1.5404302,0.1494160294532776,0.3709999918937683,0.21119999885559082
YML059C,YPR052C,0,-1.5405568,0.14935587346553802,0.3709999918937683,0.21130000054836273
YGL253W,YPL189W,1,-1.5408527,0.1496981829404831,0.3720000088214874,0.21130000054836273
YBR065C,YBR126W-A,0,-1.540875,0.14963796734809875,0.3720000088214874,0.21140000224113464
YBR235W,YAL034W-A,0,-1.5408827,0.1495778113603592,0.3720000088214874,0.21150000393390656
YOR137C,YPL183W-A,0,-1.5409094,0.14951768517494202,0.3720000088214874,0.21160000562667847
YGR217W,YEL013W,0,-1.5410377,0.14945761859416962,0.3720000088214874,0.21170000731945038
YJL072C,YJL076W,0,-1.5413018,0.1493975967168808,0.3720000088214874,0.2117999941110611
YGR057C,YCL056C,0,-1.541395,0.14933761954307556,0.3720000088214874,0.211899995803833
YPL143W,YCR087C-A,0,-1.5416962,0.1492776870727539,0.3720000088214874,0.21199999749660492
YGL200C,YGR042W,0,-1.5417053,0.14921781420707703,0.3720000088214874,0.21209999918937683
YPL183W-A,YOR343W-B,0,-1.5418711,0.14915798604488373,0.3720000088214874,0.21220000088214874
YBR100W,YKL188C,0,-1.5420328,0.149098202586174,0.3720000088214874,0.21230000257492065
YBL039W-B,YJR158W,0,-1.5420544,0.14903846383094788,0.3720000088214874,0.21240000426769257
YER053C-A,YLR083C,0,-1.5420548,0.14897876977920532,0.3720000088214874,0.21250000596046448
YNL148C,YNL039W,0,-1.5420548,0.14891913533210754,0.3720000088214874,0.2125999927520752
YDR524C-B,YGR220C,0,-1.5420842,0.14885954558849335,0.3720000088214874,0.2126999944448471
YBR200W-A,YNL002C,0,-1.5421916,0.14880000054836273,0.3720000088214874,0.21279999613761902
YBR021W,YGL206C,0,-1.5423335,0.1487405002117157,0.3720000088214874,0.21289999783039093
YJL153C,YLR382C,0,-1.5424217,0.14868105947971344,0.3720000088214874,0.21299999952316284
YDR227W,YBR079C,0,-1.5426538,0.14862164855003357,0.3720000088214874,0.21310000121593475
YLR350W,YMR111C,0,-1.5428463,0.14856229722499847,0.3720000088214874,0.21320000290870667
YBR110W,YLR099W-A,0,-1.5429899,0.14850299060344696,0.3720000088214874,0.21330000460147858
YER015W,YAL021C,0,-1.543063,0.14844372868537903,0.3720000088214874,0.2134000062942505
YCL026C-B,YBR085W,0,-1.5431446,0.14838452637195587,0.3720000088214874,0.2134999930858612
YML095C,YHL022C,0,-1.5431737,0.1483253538608551,0.3720000088214874,0.21359999477863312
YMR060C,YGL231C,0,-1.5432308,0.1482662409543991,0.3720000088214874,0.21369999647140503
YDL014W,YGR058W,0,-1.5433005,0.1482071727514267,0.3720000088214874,0.21379999816417694
YKL200C,YHR138C,0,-1.5434911,0.14814814925193787,0.3720000088214874,0.21389999985694885
YPL128C,YER145C,0,-1.5439242,0.14808917045593262,0.3720000088214874,0.21400000154972076
YPL168W,YPL119C,0,-1.543982,0.14803023636341095,0.3720000088214874,0.21410000324249268
YGL210W-A,YLR060W,0,-1.5440067,0.14797136187553406,0.3720000088214874,0.2142000049352646
YDR457W,YGL210W-A,0,-1.5440611,0.14791253209114075,0.3720000088214874,0.2143000066280365
YER125W,YOR096W,0,-1.5442837,0.14785373210906982,0.3720000088214874,0.21439999341964722
YKL006W,YGR016W,0,-1.5443069,0.14779499173164368,0.3720000088214874,0.21449999511241913
YJR075W,YDR381C-A,0,-1.5443438,0.1477362960577011,0.3720000088214874,0.21459999680519104
YJR053W,YDR452W,0,-1.5446786,0.14767764508724213,0.3720000088214874,0.21469999849796295
YEL016C,YBL101W-B,0,-1.544945,0.14761905372142792,0.3720000088214874,0.21480000019073486
YOR096W,YBL037W,0,-1.5449566,0.1475604921579361,0.3720000088214874,0.21490000188350677
YER039C,YNR057C,0,-1.5450355,0.14750197529792786,0.3720000088214874,0.2150000035762787
YGL168W,YIL018W,0,-1.5450839,0.1474435180425644,0.3720000088214874,0.2151000052690506
YOL098C,YOR058C,0,-1.5451413,0.1473851054906845,0.3720000088214874,0.2152000069618225
YIL027C,YGL033W,0,-1.545257,0.1473267376422882,0.3720000088214874,0.21529999375343323
YNL092W,YER070W,0,-1.5454292,0.1472684144973755,0.3720000088214874,0.21539999544620514
YDR387C,YIL171W,1,-1.5455183,0.14760585129261017,0.37299999594688416,0.21539999544620514
YIL082W-A,YBL071W-A,0,-1.5455633,0.14754746854305267,0.37299999594688416,0.21549999713897705
YBL071W-A,YGR169C-A,0,-1.5456016,0.14748913049697876,0.37299999594688416,0.21559999883174896
YER184C,YPR047W,0,-1.5458242,0.14743083715438843,0.37299999594688416,0.21570000052452087
YBL064C,YIL018W,0,-1.5462497,0.14737257361412048,0.37299999594688416,0.21580000221729279
YJL206C,YGR109C,0,-1.5462761,0.14731436967849731,0.37299999594688416,0.2159000039100647
YPR188C,YOR153W,0,-1.5464138,0.14725622534751892,0.37299999594688416,0.2160000056028366
YER132C,YPL052W-A,0,-1.5465747,0.14719811081886292,0.37299999594688416,0.21610000729560852
YDR064W,YLR099W-A,0,-1.5465822,0.1471400409936905,0.37299999594688416,0.21619999408721924
YLR342W,YGL236C,0,-1.5467787,0.14708201587200165,0.37299999594688416,0.21629999577999115
YMR272W-B,YNL293W,0,-1.5469209,0.14702405035495758,0.37299999594688416,0.21639999747276306
YER165W,YNL281W,0,-1.5471426,0.1469661146402359,0.37299999594688416,0.21649999916553497
YDR345C,YDR536W,1,-1.5472518,0.14730209112167358,0.37400001287460327,0.21649999916553497
YER066W,YOR062C,0,-1.5473516,0.14724409580230713,0.37400001287460327,0.21660000085830688
YDR524C,YBR050C,0,-1.5474464,0.14718614518642426,0.37400001287460327,0.2167000025510788
YGR289C,YIL170W,1,-1.5475901,0.14752162992954254,0.375,0.2167000025510788
YJR088C,YGR038W,0,-1.5476233,0.1474636197090149,0.375,0.2168000042438507
YLR347C,YBR050C,0,-1.5477768,0.14740565419197083,0.375,0.21690000593662262
YOR343W-B,YMR183C,0,-1.5481311,0.14734773337841034,0.375,0.21699999272823334
YBR235W,YOR261C,0,-1.5481495,0.14728987216949463,0.375,0.21709999442100525
YDR524C-B,YNL197C,0,-1.5482551,0.1472320407629013,0.375,0.21719999611377716
YNL045W,YPL017C,0,-1.5483085,0.14717425405979156,0.375,0.21729999780654907
YCL048W-A,YEL015W,0,-1.5483893,0.1471165120601654,0.375,0.21739999949932098
YCR087C-A,YBR271W,0,-1.5484211,0.14705882966518402,0.375,0.2175000011920929
YBR126W-A,YHR155W,0,-1.5486301,0.14700117707252502,0.375,0.2176000028848648
YOR223W,YBR014C,0,-1.5486964,0.1469435691833496,0.375,0.21770000457763672
YBR115C,YER053C,0,-1.5489184,0.14688602089881897,0.375,0.21780000627040863
YCR095C,YLL057C,0,-1.5489395,0.14682850241661072,0.375,0.21789999306201935
YCR024C-A,YGL137W,0,-1.548966,0.14677104353904724,0.375,0.21799999475479126
YDL002C,YLR422W,0,-1.5490522,0.14671361446380615,0.375,0.21809999644756317
YDL109C,YDL015C,0,-1.5491962,0.14665624499320984,0.375,0.21819999814033508
YER014W,YKL059C,0,-1.5493008,0.1465989053249359,0.375,0.218299999833107
YBR177C,YOR223W,0,-1.5493399,0.14654162526130676,0.375,0.2184000015258789
YBL101W-B,YPL113C,0,-1.5494546,0.146484375,0.375,0.21850000321865082
YNL146W,YMR086W,0,-1.5495359,0.14642716944217682,0.375,0.21860000491142273
YCR024C-A,YLR052W,0,-1.549591,0.1463700234889984,0.375,0.21870000660419464
YJR072C,YLR278C,0,-1.5499163,0.1463129073381424,0.375,0.21879999339580536
YLR173W,YJL167W,0,-1.5501094,0.14625585079193115,0.375,0.21889999508857727
YBR129C,YML081W,0,-1.5501198,0.1461988240480423,0.375,0.21899999678134918
YJL023C,YJR124C,0,-1.5501665,0.14614185690879822,0.375,0.2190999984741211
YHR186C,YBL100W-A,0,-1.5502748,0.14608491957187653,0.375,0.219200000166893
YDR387C,YCL040W,1,-1.5503736,0.14641743898391724,0.37599998712539673,0.219200000166893
YDR105C,YNL103W,0,-1.5504353,0.14636045694351196,0.37599998712539673,0.21930000185966492
YLR357W,YLR304C,0,-1.5504664,0.14630350470542908,0.37599998712539673,0.21940000355243683
YJL225C,YKL033W,0,-1.5508087,0.14624659717082977,0.37599998712539673,0.21950000524520874
YNL096C,YOR143C,0,-1.550854,0.14618973433971405,0.37599998712539673,0.21960000693798065
YOR095C,YCL050C,0,-1.5509132,0.1461329162120819,0.37599998712539673,0.21969999372959137
YLR325C,YBR100W,0,-1.5509281,0.14607614278793335,0.37599998712539673,0.21979999542236328
YDL102W,YJL114W,0,-1.5510405,0.14601941406726837,0.37599998712539673,0.2198999971151352
YER031C,YLR418C,0,-1.5511492,0.14596273005008698,0.37599998712539673,0.2199999988079071
YCR024C-A,YLR099W-A,0,-1.5512854,0.14590609073638916,0.37599998712539673,0.22010000050067902
YGL079W,YMR011W,0,-1.5513543,0.14584949612617493,0.37599998712539673,0.22020000219345093
YER159C,YAL017W,0,-1.5515685,0.14579294621944427,0.37599998712539673,0.22030000388622284
YPR141C,YCR087C-A,0,-1.5516621,0.1457364410161972,0.37599998712539673,0.22040000557899475
YLR224W,YMR233W,0,-1.552003,0.14567996561527252,0.37599998712539673,0.22050000727176666
YCR012W,YMR074C,0,-1.5520107,0.14562354981899261,0.37599998712539673,0.22059999406337738
YIL104C,YBR262C,0,-1.5520676,0.1455671638250351,0.37599998712539673,0.2206999957561493
YDL048C,YGR085C,0,-1.552237,0.14551083743572235,0.37599998712539673,0.2207999974489212
YHR172W,YNL103W,0,-1.5525488,0.145454540848732,0.37599998712539673,0.22089999914169312
YGL079W,YIL136W,0,-1.552721,0.1453983038663864,0.37599998712539673,0.22100000083446503
YPL026C,YBR241C,1,-1.5528721,0.14572864770889282,0.37700000405311584,0.22100000083446503
YNR076W,YMR272W-B,0,-1.5530295,0.14567233622074127,0.37700000405311584,0.22110000252723694
YLR265C,YDL159W,0,-1.5530432,0.1456160694360733,0.37700000405311584,0.22120000422000885
YLR219W,YJR155W,0,-1.5530778,0.14555984735488892,0.37700000405311584,0.22130000591278076
YGR251W,YDR524C,0,-1.5530866,0.1455036699771881,0.37700000405311584,0.22139999270439148
YMR272W-B,YPL070W,0,-1.5530989,0.1454475373029709,0.37700000405311584,0.2214999943971634
YGL010W,YOR177C,0,-1.5531127,0.14539143443107605,0.37700000405311584,0.2215999960899353
YOR322C,YDL054C,0,-1.5532492,0.145335391163826,0.37700000405311584,0.22169999778270721
YFR011C,YKR021W,0,-1.55332,0.14527937769889832,0.37700000405311584,0.22179999947547913
YLR242C,YLL057C,0,-1.5536362,0.14522342383861542,0.37700000405311584,0.22190000116825104
YBL015W,YDL106C,0,-1.5536705,0.1451674997806549,0.37700000405311584,0.22200000286102295
YJL094C,YGL010W,0,-1.5537854,0.14511162042617798,0.37700000405311584,0.22210000455379486
YFL011W,YPL244C,1,-1.5538585,0.14544054865837097,0.3779999911785126,0.22210000455379486
YGR016W,YOL053W,0,-1.5540241,0.14538460969924927,0.3779999911785126,0.22220000624656677
YGR161C-C,YOL089C,0,-1.5540828,0.14532871544361115,0.3779999911785126,0.2222999930381775
YIL151C,YML027W,0,-1.5542966,0.1452728658914566,0.3779999911785126,0.2223999947309494
YIL099W,YCL074W,0,-1.5543846,0.14521706104278564,0.3779999911785126,0.2224999964237213
YJR014W,YBR126W-A,0,-1.5545968,0.14516128599643707,0.3779999911785126,0.22259999811649323
YGR169C-A,YER056C,0,-1.5547174,0.14510557055473328,0.3779999911785126,0.22269999980926514
YHL001W,YBR153W,0,-1.5547336,0.14504988491535187,0.3779999911785126,0.22280000150203705
YAL020C,YOL122C,0,-1.5547466,0.14499424397945404,0.3779999911785126,0.22290000319480896
YCL048W-A,YKL108W,0,-1.5548007,0.1449386477470398,0.3779999911785126,0.22300000488758087
YMR011W,YPL244C,1,-1.5548545,0.14526638388633728,0.3790000081062317,0.22300000488758087
YKL180W,YCR012W,0,-1.5550147,0.14521072804927826,0.3790000081062317,0.22310000658035278
YDR379C-A,YNR027W,0,-1.5552899,0.14515511691570282,0.3790000081062317,0.2231999933719635
YDR064W,YFR024C,0,-1.5554924,0.14509953558444977,0.3790000081062317,0.2232999950647354
YJR042W,YBR262C,0,-1.5556992,0.1450440138578415,0.3790000081062317,0.22339999675750732
YLR081W,YFR053C,1,-1.5558056,0.14537107944488525,0.3799999952316284,0.22339999675750732
YDL235C,YGR034W,0,-1.5558171,0.145315483212471,0.3799999952316284,0.22349999845027924
YAR028W,YGL203C,0,-1.5560569,0.14525993168354034,0.3799999952316284,0.22360000014305115
YJL052W,YPR083W,0,-1.5561472,0.14520443975925446,0.3799999952316284,0.22370000183582306
YPL026C,YJR160C,1,-1.5562668,0.14553093910217285,0.38100001215934753,0.22370000183582306
YHR036W,YDL178W,0,-1.5564221,0.145475372672081,0.38100001215934753,0.22380000352859497
YBR235W,YOR007C,0,-1.5564636,0.14541985094547272,0.38100001215934753,0.22390000522136688
YPL001W,YMR086W,0,-1.5567307,0.14536435902118683,0.38100001215934753,0.2240000069141388
YPL141C,YLR249W,0,-1.5568074,0.14530892670154572,0.38100001215934753,0.2240999937057495
YHR021C,YPL183W-A,0,-1.5571231,0.145253524184227,0.38100001215934753,0.22419999539852142
YKR058W,YOL086W-A,0,-1.5573425,0.14519816637039185,0.38100001215934753,0.22429999709129333
YOL086W-A,YLR083C,0,-1.557489,0.14514285326004028,0.38100001215934753,0.22439999878406525
YOL049W,YBR202W,0,-1.5575587,0.1450875848531723,0.38100001215934753,0.22450000047683716
YJL115W,YOR298C-A,0,-1.5576407,0.1450323611497879,0.38100001215934753,0.22460000216960907
YGL229C,YGL240W,0,-1.5576819,0.1449771672487259,0.38100001215934753,0.22470000386238098
YGR067C,YBL057C,0,-1.557722,0.14492201805114746,0.38100001215934753,0.2248000055551529
YNR057C,YJR085C,0,-1.5577329,0.1448669135570526,0.38100001215934753,0.2249000072479248
YKL064W,YOR298C-A,0,-1.5577888,0.14481185376644135,0.38100001215934753,0.22499999403953552
YLR410W-A,YMR158W,0,-1.5578355,0.14475683867931366,0.38100001215934753,0.22509999573230743
YOR101W,YHR158C,0,-1.5579544,0.14470186829566956,0.38100001215934753,0.22519999742507935
YGR247W,YCL003W,0,-1.5580283,0.14464692771434784,0.38100001215934753,0.22529999911785126
YGL250W,YMR154C,0,-1.5581765,0.1445920318365097,0.38100001215934753,0.22540000081062317
YFR024C,YBR235W,0,-1.5582793,0.14453718066215515,0.38100001215934753,0.22550000250339508
YGR169C-C,YJL155C,0,-1.5583564,0.14448235929012299,0.38100001215934753,0.225600004196167
YFL011W,YDL245C,1,-1.558402,0.1448066681623459,0.38199999928474426,0.225600004196167
YJL142C,YBR023C,0,-1.558406,0.14475180208683014,0.38199999928474426,0.2257000058889389
YJR061W,YOR062C,0,-1.5584133,0.14469696581363678,0.38199999928474426,0.22579999268054962
YMR114C,YJL093C,0,-1.5586361,0.144642174243927,0.38199999928474426,0.22589999437332153
YLR173W,YJL137C,0,-1.5586443,0.1445874273777008,0.38199999928474426,0.22599999606609344
YDR098C-B,YLR448W,0,-1.5587184,0.1445327252149582,0.38199999928474426,0.22609999775886536
YHR191C,YJR076C,0,-1.5587364,0.14447806775569916,0.38199999928474426,0.22619999945163727
YAR002W,YLR072W,0,-1.5587882,0.1444234400987625,0.38199999928474426,0.22630000114440918
YDR007W,YBR227C,0,-1.558808,0.14436885714530945,0.38199999928474426,0.2264000028371811
YBL047C,YGR277C,0,-1.5590214,0.14431431889533997,0.38199999928474426,0.226500004529953
YJL072C,YDR379C-A,0,-1.5590512,0.14425982534885406,0.38199999928474426,0.22660000622272491
YMR246W,YNL197C,0,-1.5590786,0.14420536160469055,0.38199999928474426,0.22669999301433563
YDR200C,YML081W,0,-1.559161,0.14415094256401062,0.38199999928474426,0.22679999470710754
YOR365C,YBL101W-B,0,-1.5592064,0.14409656822681427,0.38199999928474426,0.22689999639987946
YJL029C,YLR197W,0,-1.5596685,0.1440422385931015,0.38199999928474426,0.22699999809265137
YBR294W,YKR066C,0,-1.5602545,0.14398793876171112,0.38199999928474426,0.22709999978542328
YBL100W-A,YLL039C,0,-1.5605584,0.14393368363380432,0.38199999928474426,0.2272000014781952
YIL172C,YMR054W,0,-1.5606211,0.1438794732093811,0.38199999928474426,0.2273000031709671
YIL082W-A,YGL097W,0,-1.5607481,0.14382530748844147,0.38199999928474426,0.227400004863739
YGR058W,YBR271W,0,-1.5607762,0.14377117156982422,0.38199999928474426,0.22750000655651093
YBL047C,YKL008C,0,-1.5607815,0.14371708035469055,0.38199999928474426,0.22759999334812164
YCR067C,YHR020W,0,-1.5609242,0.14366303384304047,0.38199999928474426,0.22769999504089355
YPR097W,YBR189W,0,-1.5613347,0.14360901713371277,0.38199999928474426,0.22779999673366547
YBR298C,YFL054C,1,-1.5614809,0.1439308524131775,0.382999986410141,0.22779999673366547
YDL036C,YLR055C,0,-1.562016,0.1438767910003662,0.382999986410141,0.22789999842643738
YBR065C,YDL130W,0,-1.562167,0.14382275938987732,0.382999986410141,0.2280000001192093
YHR080C,YDR381C-A,0,-1.5621827,0.143768772482872,0.382999986410141,0.2281000018119812
YMR258C,YLR099W-A,0,-1.5623955,0.1437148153781891,0.382999986410141,0.2282000035047531
YLR157C-A,YOR124C,0,-1.5624547,0.14366091787815094,0.382999986410141,0.22830000519752502
YCR086W,YPR147C,0,-1.5626689,0.14360705018043518,0.382999986410141,0.22840000689029694
YAR033W,YOR152C,0,-1.5626816,0.143553227186203,0.382999986410141,0.22849999368190765
YBR110W,YKL162C,0,-1.5628066,0.1434994339942932,0.382999986410141,0.22859999537467957
YPL130W,YBL101W-B,0,-1.5628685,0.143445685505867,0.382999986410141,0.22869999706745148
YDL175C,YGR217W,0,-1.562948,0.14339198172092438,0.382999986410141,0.2287999987602234
YPR058W,YPR147C,0,-1.5630461,0.14333832263946533,0.382999986410141,0.2289000004529953
YGR009C,YBR018C,0,-1.5630519,0.14328469336032867,0.382999986410141,0.2290000021457672
YLR357W,YMR074C,0,-1.5631474,0.1432311087846756,0.382999986410141,0.22910000383853912
YDR098C-B,YMR158W,0,-1.5632442,0.1431775689125061,0.382999986410141,0.22920000553131104
YIL162W,YMR265C,0,-1.5634669,0.143124058842659,0.382999986410141,0.22930000722408295
YJL219W,YBR241C,1,-1.5634863,0.14344415068626404,0.3840000033378601,0.22930000722408295
YPL052W-A,YDL130W,0,-1.5637487,0.14339059591293335,0.3840000033378601,0.22939999401569366
YLR307W,YNL045W,0,-1.5637599,0.14333707094192505,0.3840000033378601,0.22949999570846558
YMR325W,YIL124W,0,-1.5638725,0.14328357577323914,0.3840000033378601,0.2295999974012375
YOR047C,YOL083W,0,-1.5639117,0.143230140209198,0.3840000033378601,0.2296999990940094
YBR065C,YER014W,0,-1.5639311,0.14317673444747925,0.3840000033378601,0.2298000007867813
YGR057C,YPR071W,0,-1.564213,0.14312337338924408,0.3840000033378601,0.22990000247955322
YDR444W,YBR060C,0,-1.5643892,0.1430700421333313,0.3840000033378601,0.23000000417232513
YMR093W,YMR018W,0,-1.564538,0.1430167555809021,0.3840000033378601,0.23010000586509705
YML045W,YML059C,0,-1.5646375,0.14296351373195648,0.3840000033378601,0.23019999265670776
YGR169C-A,YDR093W,0,-1.5646477,0.14291030168533325,0.3840000033378601,0.23029999434947968
YLR453C,YFL002C,0,-1.564735,0.1428571492433548,0.3840000033378601,0.2303999960422516
YNR053C,YBR045C,0,-1.5648263,0.14280401170253754,0.3840000033378601,0.2304999977350235
YPR097W,YOR204W,0,-1.5649143,0.14275093376636505,0.3840000033378601,0.2305999994277954
YJL187C,YGL033W,0,-1.5650669,0.14269788563251495,0.3840000033378601,0.23070000112056732
YOR152C,YDR524C-B,0,-1.5651904,0.14264486730098724,0.3840000033378601,0.23080000281333923
YDR312W,YGR250C,0,-1.5652887,0.1425919085741043,0.3840000033378601,0.23090000450611115
YDL245C,YNR072W,1,-1.5656242,0.1429101675748825,0.38499999046325684,0.23090000450611115
YMR211W,YEL034W,0,-1.5664307,0.1428571492433548,0.38499999046325684,0.23100000619888306
YBR107C,YIL067C,0,-1.5664836,0.14280416071414948,0.38499999046325684,0.23109999299049377
YGR277C,YNL204C,0,-1.5667365,0.14275120198726654,0.38499999046325684,0.23119999468326569
YNL281W,YGR016W,0,-1.5668602,0.1426982879638672,0.38499999046325684,0.2312999963760376
YPL276W,YPR007C,0,-1.566979,0.14264541864395142,0.38499999046325684,0.2313999980688095
YJL107C,YOR071C,0,-1.5672711,0.14259259402751923,0.38499999046325684,0.23149999976158142
YOL086W-A,YDL051W,0,-1.5673672,0.14253979921340942,0.38499999046325684,0.23160000145435333
YMR096W,YDL134C-A,0,-1.5676974,0.1424870491027832,0.38499999046325684,0.23170000314712524
YDR343C,YBR241C,1,-1.5677336,0.14280429482460022,0.38600000739097595,0.23170000314712524
YGR169C-A,YPL113C,0,-1.567781,0.14275148510932922,0.38600000739097595,0.23180000483989716
YAR028W,YGR169C-A,0,-1.5680203,0.14269870519638062,0.38600000739097595,0.23190000653266907
YKL188C,YBR240C,0,-1.568171,0.1426459699869156,0.38600000739097595,0.23199999332427979
YER020W,YDR542W,0,-1.5682827,0.14259327948093414,0.38600000739097595,0.2320999950170517
YGL104C,YDL199C,1,-1.5683552,0.14290989935398102,0.3869999945163727,0.2320999950170517
YOR019W,YER010C,0,-1.5685259,0.1428571492433548,0.3869999945163727,0.2321999967098236
YCR042C,YHL011C,0,-1.5686865,0.14280442893505096,0.3869999945163727,0.23229999840259552
YGL261C,YLR347C,0,-1.5686935,0.1427517533302307,0.3869999945163727,0.23240000009536743
YCR087C-A,YDR182W,0,-1.5688049,0.14269912242889404,0.3869999945163727,0.23250000178813934
YDL199C,YDR536W,1,-1.5688798,0.14301511645317078,0.3880000114440918,0.23250000178813934
YIL078W,YGR109C,0,-1.5689031,0.14296241104602814,0.3880000114440918,0.23260000348091125
YJR094W-A,YPL052W-A,0,-1.5690455,0.14290976524353027,0.3880000114440918,0.23270000517368317
YBR193C,YGR264C,0,-1.5692289,0.1428571492433548,0.3880000114440918,0.23280000686645508
YJR158W,YGL225W,1,-1.5692413,0.14317262172698975,0.3889999985694885,0.23280000686645508
YBR242W,YNL026W,0,-1.569436,0.1431199461221695,0.3889999985694885,0.2328999936580658
YJL225C,YOR153W,0,-1.5694807,0.14306730031967163,0.3889999985694885,0.2329999953508377
YLR191W,YGR042W,0,-1.569595,0.14301469922065735,0.3889999985694885,0.23309999704360962
YMR300C,YDL015C,0,-1.5698756,0.14296214282512665,0.3889999985694885,0.23319999873638153
YPR005C,YML133C,0,-1.5699228,0.14290963113307953,0.3889999985694885,0.23330000042915344
YJR160C,YLR249W,0,-1.5699811,0.1428571492433548,0.3889999985694885,0.23340000212192535
YLR271W,YMR119W,0,-1.5701815,0.14280469715595245,0.3889999985694885,0.23350000381469727
YGR169C-C,YOR198C,0,-1.5701834,0.1427522897720337,0.3889999985694885,0.23360000550746918
YER044C-A,YLR173W,0,-1.5705165,0.1426999270915985,0.3889999985694885,0.2337000072002411
YGL234W,YBR271W,0,-1.5705273,0.14264759421348572,0.3889999985694885,0.2337999939918518
YNL151C,YER010C,0,-1.5706068,0.1425953060388565,0.3889999985694885,0.23389999568462372
YGR238C,YDL170W,0,-1.5706786,0.14254306256771088,0.3889999985694885,0.23399999737739563
YGL224C,YDR524C-B,0,-1.5707074,0.14249084889888763,0.3889999985694885,0.23409999907016754
YCL003W,YOL083W,0,-1.5707277,0.14243866503238678,0.3889999985694885,0.23420000076293945
YDR227W,YIL009W,0,-1.5708827,0.1423865258693695,0.3889999985694885,0.23430000245571136
YMR211W,YGR292W,0,-1.571119,0.14233443140983582,0.3889999985694885,0.23440000414848328
YHR036W,YJR048W,0,-1.5714251,0.1422823667526245,0.3889999985694885,0.2345000058412552
YMR306W,YBR202W,0,-1.5716015,0.1422303467988968,0.3889999985694885,0.2345999926328659
YMR210W,YGR278W,0,-1.5717354,0.14217835664749146,0.3889999985694885,0.23469999432563782
YJR155W,YLR243W,0,-1.5717856,0.1421264111995697,0.3889999985694885,0.23479999601840973
YCR067C,YMR258C,0,-1.5718926,0.14207451045513153,0.3889999985694885,0.23489999771118164
YDR052C,YOR391C,0,-1.5720867,0.14202263951301575,0.3889999985694885,0.23499999940395355
YGR059W,YJL049W,0,-1.5721148,0.14197079837322235,0.3889999985694885,0.23510000109672546
YGR055W,YGL207W,0,-1.5721933,0.14191900193691254,0.3889999985694885,0.23520000278949738
YML047C,YGR262C,0,-1.5723932,0.1418672502040863,0.3889999985694885,0.2353000044822693
YDR524C-B,YOR362C,0,-1.5724945,0.14181552827358246,0.3889999985694885,0.2354000061750412
YMR011W,YDR345C,1,-1.5725915,0.14212827384471893,0.38999998569488525,0.2354000061750412
YDR463W,YIL162W,0,-1.572669,0.1420765072107315,0.38999998569488525,0.23549999296665192
YCL048W-A,YGL001C,0,-1.572785,0.14202477037906647,0.38999998569488525,0.23559999465942383
YMR111C,YGL010W,0,-1.573145,0.14197306334972382,0.38999998569488525,0.23569999635219574
YNL041C,YKL200C,0,-1.5731956,0.14192140102386475,0.38999998569488525,0.23579999804496765
YBL023C,YOR185C,0,-1.5732874,0.14186976850032806,0.38999998569488525,0.23589999973773956
YOL101C,YKL020C,0,-1.5734569,0.14181818068027496,0.38999998569488525,0.23600000143051147
YKL185W,YOR365C,0,-1.5735129,0.14176663756370544,0.38999998569488525,0.2361000031232834
YGL250W,YBR045C,0,-1.5737087,0.14171510934829712,0.38999998569488525,0.2362000048160553
YHL018W,YDL036C,0,-1.573726,0.14166364073753357,0.38999998569488525,0.2363000065088272
YML010W,YPR047W,0,-1.5737801,0.1416122019290924,0.38999998569488525,0.23639999330043793
YMR203W,YOR206W,0,-1.5738086,0.14156079292297363,0.38999998569488525,0.23649999499320984
YKR065C,YOR079C,0,-1.5739375,0.14150942862033844,0.38999998569488525,0.23659999668598175
YGR204W,YCR038C,0,-1.5739585,0.14145810902118683,0.38999998569488525,0.23669999837875366
YBR212W,YKL200C,0,-1.5740517,0.1414068192243576,0.38999998569488525,0.23680000007152557
YMR265C,YBL066C,0,-1.5740908,0.14135555922985077,0.38999998569488525,0.23690000176429749
YNL135C,YMR233W,0,-1.5742131,0.14130434393882751,0.38999998569488525,0.2370000034570694
YGR217W,YLR099W-A,0,-1.5742975,0.14125317335128784,0.38999998569488525,0.2371000051498413
YDL121C,YHR158C,0,-1.5743986,0.14120203256607056,0.38999998569488525,0.23720000684261322
YOL098C,YBR265W,0,-1.5746816,0.14115092158317566,0.38999998569488525,0.23729999363422394
YHL018W,YHR135C,0,-1.5747536,0.14109985530376434,0.38999998569488525,0.23739999532699585
YJL225C,YMR238W,0,-1.5747806,0.14104881882667542,0.38999998569488525,0.23749999701976776
YLR422W,YJL153C,0,-1.5748485,0.14099782705307007,0.38999998569488525,0.23759999871253967
YHR169W,YML081W,0,-1.5748545,0.1409468799829483,0.38999998569488525,0.23770000040531158
YAL034W-A,YOR163W,0,-1.5749391,0.14089594781398773,0.38999998569488525,0.2378000020980835
YOR063W,YKR094C,0,-1.5749571,0.14084507524967194,0.38999998569488525,0.2379000037908554
YHR080C,YPL208W,0,-1.5753187,0.14079421758651733,0.38999998569488525,0.23800000548362732
YOR101W,YJR158W,0,-1.5753247,0.1407434195280075,0.38999998569488525,0.23810000717639923
YFL035C-B,YFL061W,0,-1.5753343,0.14069263637065887,0.38999998569488525,0.23819999396800995
YPL189W,YOL156W,1,-1.5753359,0.14100252091884613,0.39100000262260437,0.23819999396800995
YIR024C,YGR020C,0,-1.5753843,0.14095169305801392,0.39100000262260437,0.23829999566078186
YOL086W-A,YKR029C,0,-1.5753939,0.1409008949995041,0.39100000262260437,0.23839999735355377
YIL171W,YJL219W,1,-1.5757264,0.1412103772163391,0.3919999897480011,0.23839999735355377
YJR158W,YEL004W,1,-1.575739,0.14151962101459503,0.3930000066757202,0.23839999735355377
YDR447C,YJR041C,0,-1.575926,0.14146868884563446,0.3930000066757202,0.23849999904632568
YHR021C,YGR221C,0,-1.5759972,0.14141777157783508,0.3930000066757202,0.2386000007390976
YAL048C,YML133C,0,-1.5760907,0.14136691391468048,0.3930000066757202,0.2387000024318695
YIL158W,YML120C,0,-1.5762174,0.14131607115268707,0.3930000066757202,0.23880000412464142
YMR072W,YMR045C,0,-1.5765251,0.14126527309417725,0.3930000066757202,0.23890000581741333
YOR365C,YOR101W,0,-1.5766522,0.141214519739151,0.3930000066757202,0.23899999260902405
YIL074C,YOL019W,0,-1.5767305,0.14116379618644714,0.3930000066757202,0.23909999430179596
YGR289C,YPL244C,1,-1.576793,0.14147217571735382,0.39399999380111694,0.23909999430179596
YOL086W-A,YJL127C-B,0,-1.5768796,0.1414213925600052,0.39399999380111694,0.23919999599456787
YCL020W,YPL183W-A,0,-1.576991,0.14137065410614014,0.39399999380111694,0.23929999768733978
YGR097W,YDR536W,1,-1.5771788,0.1416786164045334,0.39500001072883606,0.23929999768733978
YLR404W,YPR102C,0,-1.5775883,0.14162781834602356,0.39500001072883606,0.2393999993801117
YDR343C,YIL171W,1,-1.5777477,0.14193548262119293,0.3959999978542328,0.2393999993801117
YGR067C,YHR107C,0,-1.5778062,0.14188462495803833,0.3959999978542328,0.2395000010728836
YNR071C,YJL097W,0,-1.5784589,0.1418338119983673,0.3959999978542328,0.23960000276565552
YIL137C,YBR115C,0,-1.5784956,0.14178302884101868,0.3959999978542328,0.23970000445842743
YMR113W,YOR192C-B,0,-1.5785198,0.14173229038715363,0.3959999978542328,0.23980000615119934
YDR016C,YMR018W,0,-1.5786198,0.14168156683444977,0.3959999978542328,0.23989999294281006
YOR137C,YDR524C-B,0,-1.5787954,0.14163090288639069,0.3959999978542328,0.23999999463558197
YMR227C,YDR524C-B,0,-1.5787956,0.141580268740654,0.3959999978542328,0.24009999632835388
YER019C-A,YGL184C,0,-1.5788219,0.14152966439723969,0.3959999978542328,0.2401999980211258
YBL071W-A,YGR074W,0,-1.5790405,0.14147910475730896,0.3959999978542328,0.2402999997138977
YIL170W,YPR115W,1,-1.5791856,0.14178571105003357,0.3970000147819519,0.2402999997138977
YCR102C,YHR134W,0,-1.5793153,0.14173509180545807,0.3970000147819519,0.24040000140666962
YMR211W,YHR080C,0,-1.579372,0.14168451726436615,0.3970000147819519,0.24050000309944153
YMR070W,YDL102W,0,-1.5793811,0.14163395762443542,0.3970000147819519,0.24060000479221344
YJL160C,YLR120C,0,-1.5794021,0.14158345758914948,0.3970000147819519,0.24070000648498535
YJL023C,YPL113C,0,-1.5794677,0.14153297245502472,0.3970000147819519,0.24079999327659607
YML037C,YKL046C,0,-1.5794891,0.14148253202438354,0.3970000147819519,0.24089999496936798
YEL047C,YBR023C,0,-1.5795647,0.14143213629722595,0.3970000147819519,0.2409999966621399
YDR387C,YJL214W,1,-1.5796106,0.1417378932237625,0.39800000190734863,0.2409999966621399
YKL110C,YIL043C,0,-1.579621,0.14168743789196014,0.39800000190734863,0.2410999983549118
YDR542W,YML074C,0,-1.579673,0.14163701236248016,0.39800000190734863,0.24120000004768372
YBL025W,YCL003W,0,-1.5799778,0.14158661663532257,0.39800000190734863,0.24130000174045563
YGR058W,YHL003C,0,-1.5804828,0.14153628051280975,0.39800000190734863,0.24140000343322754
YPL089C,YLR243W,0,-1.5808313,0.14148595929145813,0.39800000190734863,0.24150000512599945
YDR379C-A,YMR002W,0,-1.5808742,0.1414356827735901,0.39800000190734863,0.24160000681877136
YDL102W,YKL120W,0,-1.5808905,0.14138543605804443,0.39800000190734863,0.24169999361038208
YNR054C,YGR042W,0,-1.5811125,0.14133523404598236,0.39800000190734863,0.241799995303154
YAL068C,YCL024W,0,-1.5812253,0.14128506183624268,0.39800000190734863,0.2418999969959259
YPL210C,YDR092W,0,-1.5812473,0.14123491942882538,0.39800000190734863,0.24199999868869781
YLR173W,YAL029C,0,-1.581373,0.14118482172489166,0.39800000190734863,0.24210000038146973
YMR027W,YNR067C,0,-1.5814306,0.14113475382328033,0.39800000190734863,0.24220000207424164
YER180C,YLR249W,0,-1.5815111,0.1410847157239914,0.39800000190734863,0.24230000376701355
YDR463W,YMR258C,0,-1.5817896,0.14103472232818604,0.39800000190734863,0.24240000545978546
YHR176W,YFR043C,0,-1.5818366,0.14098477363586426,0.39800000190734863,0.24250000715255737
YMR220W,YOL083W,0,-1.5818764,0.14093483984470367,0.39800000190734863,0.2425999939441681
YLL052C,YBR115C,0,-1.5820128,0.14088495075702667,0.39800000190734863,0.24269999563694
YLR160C,YPR139C,0,-1.5820789,0.14083510637283325,0.39800000190734863,0.24279999732971191
YBR100W,YCL003W,0,-1.5822443,0.14078529179096222,0.39800000190734863,0.24289999902248383
YHL018W,YJL029C,0,-1.5825218,0.14073550701141357,0.39800000190734863,0.24300000071525574
YGL067W,YOR272W,0,-1.5827414,0.14068575203418732,0.39800000190734863,0.24310000240802765
YMR258C,YER115C,0,-1.582776,0.14063604176044464,0.39800000190734863,0.24320000410079956
YKL189W,YIR035C,0,-1.5828012,0.14058636128902435,0.39800000190734863,0.24330000579357147
YJR075W,YDL082W,0,-1.5828046,0.14053672552108765,0.39800000190734863,0.2433999925851822
YGL028C,YNL197C,0,-1.5837058,0.14048711955547333,0.39800000190734863,0.2434999942779541
YCR032W,YLR271W,0,-1.5840654,0.1404375433921814,0.39800000190734863,0.243599995970726
YCR060W,YGL184C,0,-1.5841317,0.14038801193237305,0.39800000190734863,0.24369999766349792
YER092W,YOR062C,0,-1.5841712,0.14033851027488708,0.39800000190734863,0.24379999935626984
YJR123W,YJL155C,0,-1.5843498,0.1402890384197235,0.39800000190734863,0.24390000104904175
YMR219W,YPL158C,0,-1.584355,0.14023961126804352,0.39800000190734863,0.24400000274181366
YKR086W,YLL050C,0,-1.5845412,0.1401902139186859,0.39800000190734863,0.24410000443458557
YGR289C,YJL219W,1,-1.5845869,0.14049296081066132,0.39899998903274536,0.24410000443458557
YNL318C,YEL069C,1,-1.5846518,0.14079549908638,0.4000000059604645,0.24410000443458557
YIL076W,YKL144C,0,-1.5847157,0.14074595272541046,0.4000000059604645,0.24420000612735748
YCR095C,YFL035C-B,0,-1.5850612,0.1406964510679245,0.4000000059604645,0.2442999929189682
YLR242C,YKL104C,0,-1.5854329,0.14064697921276093,0.4000000059604645,0.2443999946117401
YOR343W-B,YPL051W,0,-1.5854584,0.14059753715991974,0.4000000059604645,0.24449999630451202
YER053C-A,YDL061C,0,-1.5854857,0.14054813981056213,0.4000000059604645,0.24459999799728394
YPR083W,YGL010W,0,-1.5861757,0.14049877226352692,0.4000000059604645,0.24469999969005585
YAR015W,YBR153W,0,-1.5862459,0.1404494345188141,0.4000000059604645,0.24480000138282776
YLR320W,YKR070W,0,-1.5863625,0.14040014147758484,0.4000000059604645,0.24490000307559967
YMR091C,YMR210W,0,-1.5864046,0.14035087823867798,0.4000000059604645,0.24500000476837158
YJL214W,YFL054C,1,-1.5864863,0.14065240323543549,0.4009999930858612,0.24500000476837158
YCL050C,YOR153W,0,-1.5865812,0.14060308039188385,0.4009999930858612,0.2451000064611435
YJR160C,YPR115W,1,-1.5867792,0.14090430736541748,0.4020000100135803,0.2451000064611435
YNL126W,YHL011C,0,-1.5868102,0.14085493981838226,0.4020000100135803,0.2451999932527542
YKL185W,YGR188C,0,-1.5868984,0.14080560207366943,0.4020000100135803,0.24529999494552612
YPL189W,YBR241C,1,-1.5870014,0.14110644161701202,0.40299999713897705,0.24529999494552612
YMR072W,YGR067C,0,-1.5870495,0.1410570591688156,0.40299999713897705,0.24539999663829803
YOL151W,YNL048W,0,-1.5871851,0.1410076916217804,0.40299999713897705,0.24549999833106995
YDL245C,YHR094C,1,-1.587349,0.14130814373493195,0.40400001406669617,0.24549999833106995
YGR161W-B,YOL008W,0,-1.5873843,0.14125874638557434,0.40400001406669617,0.24560000002384186
YJL209W,YMR319C,0,-1.5876337,0.14120936393737793,0.40400001406669617,0.24570000171661377
YJR065C,YOL137W,0,-1.5877417,0.1411600261926651,0.40400001406669617,0.24580000340938568
YOR128C,YBR100W,0,-1.5878221,0.14111071825027466,0.40400001406669617,0.2459000051021576
YER039C,YGR096W,0,-1.5879084,0.1410614550113678,0.40400001406669617,0.2460000067949295
YOR007C,YOL083W,0,-1.5879531,0.14101222157478333,0.40400001406669617,0.24609999358654022
YOR192C-B,YLL054C,0,-1.588098,0.14096301794052124,0.40400001406669617,0.24619999527931213
YMR091C,YGR277C,0,-1.5882822,0.14091384410858154,0.40400001406669617,0.24629999697208405
YBL037W,YLR072W,0,-1.5883049,0.14086471498012543,0.40400001406669617,0.24639999866485596
YGL067W,YDR224C,0,-1.588356,0.1408156156539917,0.40400001406669617,0.24650000035762787
YDR181C,YCR087C-A,0,-1.5883816,0.14076654613018036,0.40400001406669617,0.24660000205039978
YNR007C,YJR085C,0,-1.5886601,0.1407175213098526,0.40400001406669617,0.2467000037431717
YLR410W,YGL240W,0,-1.588751,0.14066852629184723,0.40400001406669617,0.2468000054359436
YBR296C,YLR157C-A,0,-1.5889629,0.14061956107616425,0.40400001406669617,0.24690000712871552
YHR162W,YCL020W,0,-1.5889891,0.14057064056396484,0.40400001406669617,0.24699999392032623
YOR063W,YCL005W,0,-1.5891627,0.14052173495292664,0.40400001406669617,0.24709999561309814
YLR119W,YMR265C,0,-1.5893519,0.140472874045372,0.40400001406669617,0.24719999730587006
YJL137C,YPR158W-A,0,-1.5894065,0.14042405784130096,0.40400001406669617,0.24729999899864197
YIL104C,YOL030W,0,-1.5897006,0.1403752565383911,0.40400001406669617,0.24740000069141388
YHR080C,YLR206W,0,-1.5898213,0.14032649993896484,0.40400001406669617,0.2475000023841858
YNL019C,YML010W,0,-1.5899723,0.14027777314186096,0.40400001406669617,0.2476000040769577
YKR077W,YOL012C,0,-1.5903468,0.14022909104824066,0.40400001406669617,0.24770000576972961
YJR088C,YEL063C,0,-1.5903999,0.14018042385578156,0.40400001406669617,0.24779999256134033
YGR161C-C,YGR016W,0,-1.5905982,0.14013180136680603,0.40400001406669617,0.24789999425411224
YER039C,YOR285W,0,-1.5906965,0.1400832235813141,0.40400001406669617,0.24799999594688416
YOR140W,YLR050C,0,-1.5907097,0.14003466069698334,0.40400001406669617,0.24809999763965607
YLR325C,YAL051W,0,-1.5907307,0.13998614251613617,0.40400001406669617,0.24819999933242798
YNL065W,YMR032W,0,-1.5907594,0.1399376541376114,0.40400001406669617,0.2483000010251999
YJL225C,YOR371C,0,-1.5909699,0.139889195561409,0.40400001406669617,0.2484000027179718
YLR050C,YMR300C,0,-1.5909795,0.13984078168869019,0.40400001406669617,0.2485000044107437
YFL035C-B,YGR109C,0,-1.5910698,0.13979238271713257,0.40400001406669617,0.24860000610351562
YNR063W,YLR106C,0,-1.5911024,0.13974402844905853,0.40400001406669617,0.24869999289512634
YOL091W,YDL046W,0,-1.591153,0.13969571888446808,0.40400001406669617,0.24879999458789825
YMR113W,YLR224W,0,-1.591207,0.13964742422103882,0.40400001406669617,0.24889999628067017
YPL244C,YPR115W,1,-1.5913366,0.13994471728801727,0.4050000011920929,0.24889999628067017
YBR294W,YMR158W,0,-1.5915385,0.13989637792110443,0.4050000011920929,0.24899999797344208
YBL095W,YBR029C,0,-1.5916144,0.13984806835651398,0.4050000011920929,0.249099999666214
YPL158C,YJR119C,0,-1.5917177,0.1397997885942459,0.4050000011920929,0.2492000013589859
YGR184C,YLR467W,0,-1.5917668,0.13975155353546143,0.4050000011920929,0.2493000030517578
YJR155W,YPL189W,0,-1.592239,0.13970334827899933,0.4050000011920929,0.24940000474452972
YGL119W,YKR070W,0,-1.5922705,0.13965517282485962,0.4050000011920929,0.24950000643730164
YHR096C,YDR345C,1,-1.5923148,0.13995173573493958,0.4059999883174896,0.24950000643730164
YNL160W,YGL010W,0,-1.5923193,0.13990351557731628,0.4059999883174896,0.24959999322891235
YBR083W,YNR027W,0,-1.5923432,0.13985532522201538,0.4059999883174896,0.24969999492168427
YBL047C,YHR118C,0,-1.5923885,0.13980716466903687,0.4059999883174896,0.24979999661445618
YPL214C,YBR001C,0,-1.5924038,0.13975903391838074,0.4059999883174896,0.2498999983072281
YLR441C,YLR410W-A,0,-1.5925039,0.1397109478712082,0.4059999883174896,0.25
YGR221C,YER053C-A,0,-1.5925269,0.13966287672519684,0.4059999883174896,0.2500999867916107
YPL172C,YNL080C,0,-1.5925626,0.13961485028266907,0.4059999883174896,0.2502000033855438
YJR061W,YOR213C,0,-1.5926034,0.13956686854362488,0.4059999883174896,0.25029999017715454
YIL158W,YLR410W-A,0,-1.5926975,0.13951890170574188,0.4059999883174896,0.25040000677108765
YLR298C,YMR027W,0,-1.5927774,0.13947097957134247,0.4059999883174896,0.25049999356269836
YIL026C,YNR067C,0,-1.5928723,0.13942307233810425,0.4059999883174896,0.25060001015663147
YAR028W,YOR288C,0,-1.5928922,0.1393752098083496,0.4059999883174896,0.2506999969482422
YML045W,YKR086W,0,-1.5932456,0.13932739198207855,0.4059999883174896,0.2508000135421753
YKR086W,YBR046C,0,-1.5934832,0.1392795890569687,0.4059999883174896,0.250900000333786
YGR161C-C,YLL009C,0,-1.5936717,0.1392318308353424,0.4059999883174896,0.25099998712539673
YBR129C,YER001W,0,-1.5938808,0.13918408751487732,0.4059999883174896,0.25110000371932983
YOL089C,YPR147C,0,-1.5940275,0.1391363888978958,0.4059999883174896,0.25119999051094055
YPL166W,YLL057C,0,-1.5940912,0.1390887349843979,0.4059999883174896,0.25130000710487366
YPL001W,YLR099W-A,0,-1.5942489,0.13904109597206116,0.4059999883174896,0.2513999938964844
YDR447C,YGR096W,0,-1.5946797,0.138993501663208,0.4059999883174896,0.2515000104904175
YBR025C,YIL127C,0,-1.594874,0.13894592225551605,0.4059999883174896,0.2515999972820282
YCR042C,YLR286C,0,-1.5948814,0.13889838755130768,0.4059999883174896,0.2517000138759613
YHR148W,YAL022C,0,-1.5948968,0.1388508826494217,0.4059999883174896,0.251800000667572
YGR161C-C,YKR065C,0,-1.5950675,0.1388034224510193,0.4059999883174896,0.25189998745918274
YOL083W,YLR055C,0,-1.5953318,0.13875597715377808,0.4059999883174896,0.25200000405311584
YDL048C,YDR381C-A,0,-1.595358,0.13870857656002045,0.4059999883174896,0.25209999084472656
YEL034W,YGL256W,0,-1.595422,0.1386612057685852,0.4059999883174896,0.25220000743865967
YNL125C,YDR007W,0,-1.5954787,0.13861386477947235,0.4059999883174896,0.2522999942302704
YOL156W,YBR265W,0,-1.5954853,0.13856655359268188,0.4059999883174896,0.2524000108242035
YCL063W,YJR125C,0,-1.5955948,0.1385192722082138,0.4059999883174896,0.2524999976158142
YOR095C,YCL048W-A,0,-1.5957168,0.1384720355272293,0.4059999883174896,0.2526000142097473
YJL160C,YDR381C-A,0,-1.5957745,0.138424813747406,0.4059999883174896,0.25270000100135803
YIL095W,YOL086W-A,0,-1.5959147,0.13837763667106628,0.4059999883174896,0.25279998779296875
YMR070W,YPL113C,0,-1.596062,0.13833048939704895,0.4059999883174896,0.25290000438690186
YJR044C,YPL128C,0,-1.5963207,0.138283371925354,0.4059999883174896,0.2529999911785126
YGL038C,YGR169C-C,0,-1.5964464,0.13823629915714264,0.4059999883174896,0.2531000077724457
YJL209W,YDL144C,0,-1.59668,0.13818924129009247,0.4059999883174896,0.2531999945640564
YOR128C,YGL001C,0,-1.596783,0.13814222812652588,0.4059999883174896,0.2533000111579895
YMR036C,YGL054C,0,-1.5968369,0.13809524476528168,0.4059999883174896,0.2533999979496002
YBR107C,YER076C,0,-1.5968591,0.13804827630519867,0.4059999883174896,0.2535000145435333
YDR542W,YDR363W,0,-1.5968868,0.13800135254859924,0.4059999883174896,0.25360000133514404
YCL020W,YKR086W,0,-1.5969688,0.1379544734954834,0.4059999883174896,0.25369998812675476
YGL057C,YPL001W,0,-1.5969843,0.13790760934352875,0.4059999883174896,0.25380000472068787
YCR102C,YBR029C,0,-1.597024,0.13786077499389648,0.4059999883174896,0.2538999915122986
YOR058C,YBR262C,0,-1.5970821,0.1378139853477478,0.4059999883174896,0.2540000081062317
YPL141C,YLR055C,0,-1.5971094,0.1377672255039215,0.4059999883174896,0.2540999948978424
YPL143W,YDR279W,0,-1.5971221,0.1377204954624176,0.4059999883174896,0.2542000114917755
YIL076W,YMR263W,0,-1.5972184,0.1376737803220749,0.4059999883174896,0.25429999828338623
YIL067C,YDR387C,0,-1.5972291,0.13762712478637695,0.4059999883174896,0.25440001487731934
YDR368W,YCR087C-A,0,-1.5974449,0.1375804841518402,0.4059999883174896,0.25450000166893005
YDR234W,YJR117W,0,-1.5974528,0.13753387331962585,0.4059999883174896,0.25459998846054077
YHR096C,YDR542W,0,-1.5977217,0.13748730719089508,0.4059999883174896,0.2547000050544739
YPL052W-A,YDR359C,0,-1.5977256,0.1374407559633255,0.4059999883174896,0.2547999918460846
YDR277C,YDL199C,1,-1.5977498,0.13773265480995178,0.40700000524520874,0.2547999918460846
YDR007W,YKR035W-A,0,-1.597847,0.13768605887889862,0.40700000524520874,0.2549000084400177
YCL038C,YNL160W,0,-1.5980359,0.13763949275016785,0.40700000524520874,0.2549999952316284
YDR452W,YCR058C,0,-1.5983449,0.13759297132492065,0.40700000524520874,0.2551000118255615
YOR086C,YOL064C,0,-1.5985899,0.13754646480083466,0.40700000524520874,0.25519999861717224
YGR059W,YGL054C,0,-1.5988525,0.13750000298023224,0.40700000524520874,0.25529998540878296
YCR087C-A,YBR046C,0,-1.5989171,0.13745355606079102,0.40700000524520874,0.25540000200271606
YIL078W,YFL017C,0,-1.5989538,0.13740715384483337,0.40700000524520874,0.2554999887943268
YHR188C,YIL127C,0,-1.599274,0.13736078143119812,0.40700000524520874,0.2556000053882599
YGR289C,YBR241C,1,-1.5995194,0.13765181601047516,0.40799999237060547,0.2556000053882599
YCR038C,YLR325C,0,-1.5995475,0.13760539889335632,0.40799999237060547,0.2556999921798706
YGL084C,YIL171W,1,-1.5997323,0.13789615035057068,0.4090000092983246,0.2556999921798706
YBR118W,YBL013W,0,-1.5998127,0.13784967362880707,0.4090000092983246,0.2558000087738037
YGL033W,YGR165W,0,-1.6000421,0.13780324161052704,0.4090000092983246,0.25589999556541443
YDL014W,YKR029C,0,-1.6002492,0.1377568244934082,0.4090000092983246,0.25600001215934753
YPL111W,YNL092W,0,-1.6002985,0.13771043717861176,0.4090000092983246,0.25609999895095825
YLR390W,YAR028W,0,-1.6004231,0.1376640796661377,0.4090000092983246,0.25619998574256897
YMR306W,YGR078C,0,-1.6006428,0.13761776685714722,0.4090000092983246,0.2563000023365021
YOR047C,YFR019W,0,-1.6007739,0.13757148385047913,0.4090000092983246,0.2563999891281128
YGL247W,YBR265W,0,-1.6009368,0.13752521574497223,0.4090000092983246,0.2565000057220459
YNL047C,YKR070W,0,-1.6012201,0.1374789923429489,0.4090000092983246,0.2565999925136566
YCR028C-A,YMR262W,0,-1.6014858,0.13743279874324799,0.4090000092983246,0.2567000091075897
YDR282C,YBR025C,0,-1.6015719,0.13738663494586945,0.4090000092983246,0.25679999589920044
YDR387C,YBL020W,1,-1.6016155,0.13767629861831665,0.4099999964237213,0.25679999589920044
YKL062W,YDL048C,0,-1.6019553,0.13763007521629333,0.4099999964237213,0.25690001249313354
YIL171W,YNR072W,1,-1.6020926,0.13791945576667786,0.41100001335144043,0.25690001249313354
YPL027W,YIL043C,0,-1.602241,0.13787320256233215,0.41100001335144043,0.25699999928474426
YGR161W-B,YBL027W,0,-1.6023029,0.13782696425914764,0.41100001335144043,0.257099986076355
YLR099W-A,YLR382C,0,-1.6023235,0.13778075575828552,0.41100001335144043,0.2572000026702881
YOL033W,YCL074W,0,-1.6025037,0.1377345770597458,0.41100001335144043,0.2572999894618988
YNR063W,YGL010W,0,-1.6025416,0.13768844306468964,0.41100001335144043,0.2574000060558319
YIL151C,YML088W,0,-1.6026337,0.13764232397079468,0.41100001335144043,0.2574999928474426
YIL104C,YFL035C-B,0,-1.6027459,0.1375962495803833,0.41100001335144043,0.25760000944137573
YLR404W,YMR045C,0,-1.6027645,0.1375502049922943,0.41100001335144043,0.25769999623298645
YKR072C,YBR007C,0,-1.6027828,0.13750417530536652,0.41100001335144043,0.25780001282691956
YOR047C,YLR065C,0,-1.6028187,0.1374581903219223,0.41100001335144043,0.2578999996185303
YHR094C,YOR030W,0,-1.602939,0.13741223514080048,0.41100001335144043,0.257999986410141
YKL140W,YOR285W,0,-1.6030796,0.13736630976200104,0.41100001335144043,0.2581000030040741
YDL122W,YMR152W,0,-1.603228,0.137320414185524,0.41100001335144043,0.2581999897956848
YGL236C,YGR020C,0,-1.60331,0.13727454841136932,0.41100001335144043,0.2583000063896179
YLR001C,YOL086W-A,0,-1.6033486,0.13722871243953705,0.41100001335144043,0.25839999318122864
YBL027W,YER076C,0,-1.603498,0.13718290627002716,0.41100001335144043,0.25850000977516174
YLR435W,YJL156C,0,-1.6036928,0.13713712990283966,0.41100001335144043,0.25859999656677246
YDR227W,YKL037W,0,-1.6039706,0.13709139823913574,0.41100001335144043,0.25870001316070557
YKL134C,YMR262W,0,-1.6039982,0.13704568147659302,0.41100001335144043,0.2587999999523163
YGL231C,YGR198W,0,-1.6040212,0.13699999451637268,0.41100001335144043,0.258899986743927
YLR307W,YJR060W,0,-1.6040262,0.13695435225963593,0.41100001335144043,0.2590000033378601
YOR330C,YOR298C-A,0,-1.6040531,0.13690872490406036,0.41100001335144043,0.2590999901294708
YLR347C,YLR055C,0,-1.6040803,0.13686314225196838,0.41100001335144043,0.25920000672340393
YDL202W,YBL074C,0,-1.6041235,0.1368175745010376,0.41100001335144043,0.25929999351501465
YLR081W,YBR241C,1,-1.6041588,0.1371048241853714,0.41200000047683716,0.25929999351501465
YHR080C,YDL247W,0,-1.6042312,0.13705921173095703,0.41200000047683716,0.25940001010894775
YGL224C,YHR138C,0,-1.6044575,0.13701362907886505,0.41200000047683716,0.25949999690055847
YLR002C,YPR145W,0,-1.6047989,0.13696809113025665,0.41200000047683716,0.2596000134944916
YOL157C,YER070W,0,-1.6048726,0.13692256808280945,0.41200000047683716,0.2597000002861023
YOL157C,YLR065C,0,-1.6048838,0.13687707483768463,0.41200000047683716,0.259799987077713
YJR007W,YJL140W,0,-1.6050192,0.1368316113948822,0.41200000047683716,0.2599000036716461
YER157W,YDL211C,0,-1.6054335,0.13678619265556335,0.41200000047683716,0.25999999046325684
YLR271W,YGL184C,0,-1.6054791,0.1367407888174057,0.41200000047683716,0.26010000705718994
YGL084C,YPR115W,1,-1.6058592,0.13702720403671265,0.4129999876022339,0.26010000705718994
YGL231C,YOL030W,0,-1.6058989,0.1369817554950714,0.4129999876022339,0.26019999384880066
YPR147C,YNL131W,0,-1.6059401,0.13693633675575256,0.4129999876022339,0.26030001044273376
YCL074W,YMR154C,0,-1.6059613,0.1368909478187561,0.4129999876022339,0.2603999972343445
YGR057C,YIL172C,0,-1.6060156,0.13684558868408203,0.4129999876022339,0.2605000138282776
YPL189W,YBL020W,1,-1.6060752,0.1371314972639084,0.414000004529953,0.2605000138282776
YAR028W,YLR286C,0,-1.6061915,0.13708609342575073,0.414000004529953,0.2606000006198883
YFR043C,YOR215C,0,-1.606258,0.13704071938991547,0.414000004529953,0.260699987411499
YMR232W,YBL091C,0,-1.606299,0.1369953602552414,0.414000004529953,0.26080000400543213
YLR116W,YJL156C,0,-1.6063412,0.1369500458240509,0.414000004529953,0.26089999079704285
YDL123W,YHR138C,0,-1.60635,0.1369047611951828,0.414000004529953,0.26100000739097595
YDL199C,YDL245C,1,-1.6064907,0.1371900886297226,0.41499999165534973,0.26100000739097595
YBL100W-A,YKL185W,0,-1.6066417,0.13714474439620972,0.41499999165534973,0.26109999418258667
YLR425W,YNR071C,0,-1.6068583,0.13709944486618042,0.41499999165534973,0.2612000107765198
YDL245C,YDR342C,1,-1.6069332,0.13738441467285156,0.41600000858306885,0.2612000107765198
YOR143C,YDR487C,0,-1.6070479,0.1373390555381775,0.41600000858306885,0.2612999975681305
YOR374W,YJL083W,0,-1.6073284,0.1372937262058258,0.41600000858306885,0.2614000141620636
YMR018W,YKR094C,0,-1.6076369,0.1372484266757965,0.41600000858306885,0.2615000009536743
YGR277C,YPL183W-A,0,-1.6076511,0.1372031718492508,0.41600000858306885,0.26159998774528503
YJR160C,YER010C,0,-1.6077839,0.13715793192386627,0.41600000858306885,0.26170000433921814
YGL119W,YOL053W,0,-1.6078261,0.13711272180080414,0.41600000858306885,0.26179999113082886
YDR524C,YER078C,0,-1.6078323,0.1370675414800644,0.41600000858306885,0.26190000772476196
YHR035W,YCR104W,0,-1.6078676,0.13702239096164703,0.41600000858306885,0.2619999945163727
YOR243C,YGR220C,0,-1.6081501,0.13697728514671326,0.41600000858306885,0.2621000111103058
YLR350W,YMR027W,0,-1.6082786,0.13693219423294067,0.41600000858306885,0.2621999979019165
YDR083W,YCL074W,0,-1.6082991,0.13688713312149048,0.41600000858306885,0.2623000144958496
YGR205W,YMR106C,0,-1.6085792,0.13684210181236267,0.41600000858306885,0.2624000012874603
YDR277C,YPR115W,1,-1.6085821,0.13712593913078308,0.4169999957084656,0.2624000012874603
YOR134W,YJL049W,0,-1.6085922,0.1370808631181717,0.4169999957084656,0.26249998807907104
YGL084C,YDL245C,1,-1.6089644,0.1373644471168518,0.4180000126361847,0.26249998807907104
YDR474C,YBL030C,0,-1.6091017,0.13731931149959564,0.4180000126361847,0.26260000467300415
YBR189W,YML029W,0,-1.6091853,0.13727422058582306,0.4180000126361847,0.26269999146461487
YMR113W,YMR232W,0,-1.6092187,0.13722915947437286,0.4180000126361847,0.262800008058548
YCR024C-A,YML064C,0,-1.6093856,0.13718411326408386,0.4180000126361847,0.2628999948501587
YBR126W-A,YDL211C,0,-1.6094722,0.13713911175727844,0.4180000126361847,0.2630000114440918
YER166W,YGL240W,0,-1.6095798,0.13709412515163422,0.4180000126361847,0.2630999982357025
YPL221W,YIL017C,0,-1.6096686,0.13704918324947357,0.4180000126361847,0.2632000148296356
YCR012W,YDL215C,0,-1.6097938,0.13700425624847412,0.4180000126361847,0.26330000162124634
YNL314W,YML133C,0,-1.6098837,0.13695937395095825,0.4180000126361847,0.26339998841285706
YER019W,YDR519W,0,-1.6099675,0.13691450655460358,0.4180000126361847,0.26350000500679016
YBR241C,YHR094C,1,-1.6103102,0.1371971219778061,0.4189999997615814,0.26350000500679016
YAL048C,YML030W,0,-1.6103235,0.13715220987796783,0.4189999997615814,0.2635999917984009
YGL211W,YER018C,0,-1.6103364,0.13710732758045197,0.4189999997615814,0.263700008392334
YKL216W,YMR232W,0,-1.6106135,0.13706247508525848,0.4189999997615814,0.2637999951839447
YJR158W,YOL156W,1,-1.6108164,0.13734467327594757,0.41999998688697815,0.2637999951839447
YAR015W,YJL114W,0,-1.6108316,0.1372997760772705,0.41999998688697815,0.2639000117778778
YHR162W,YOR089C,0,-1.6109531,0.13725490868091583,0.41999998688697815,0.2639999985694885
YDR524C,YGL008C,0,-1.6110382,0.13721005618572235,0.41999998688697815,0.26409998536109924
YDR144C,YBR018C,0,-1.6110575,0.13716524839401245,0.41999998688697815,0.26420000195503235
YHR035W,YDR393W,0,-1.6111132,0.13712047040462494,0.41999998688697815,0.26429998874664307
YMR239C,YOR090C,0,-1.6111659,0.13707572221755981,0.41999998688697815,0.26440000534057617
YAR010C,YMR239C,0,-1.611453,0.13703098893165588,0.41999998688697815,0.2644999921321869
YPL187W,YOR260W,0,-1.6117853,0.13698630034923553,0.41999998688697815,0.26460000872612
YCR087C-A,YNL197C,0,-1.6117944,0.13694164156913757,0.41999998688697815,0.2646999955177307
YDR343C,YIL170W,1,-1.6118554,0.13722294569015503,0.42100000381469727,0.2646999955177307
YNR063W,YJL110C,0,-1.6119565,0.1371782273054123,0.42100000381469727,0.2648000121116638
YJR158W,YDL199C,1,-1.6121193,0.13745927810668945,0.421999990940094,0.2648000121116638
YJL030W,YLR422W,0,-1.6123099,0.13741452991962433,0.421999990940094,0.26489999890327454
YNL135C,YDR253C,0,-1.6124897,0.1373697966337204,0.421999990940094,0.26499998569488525
YPR200C,YHL022C,0,-1.6125928,0.13732509315013885,0.421999990940094,0.26510000228881836
YAL010C,YGR224W,0,-1.6126947,0.1372804194688797,0.421999990940094,0.2651999890804291
YGL178W,YDR381C-A,0,-1.6127739,0.13723577558994293,0.421999990940094,0.2653000056743622
YDR310C,YHR080C,0,-1.6129123,0.13719116151332855,0.421999990940094,0.2653999924659729
YIL010W,YGR057C,0,-1.6131438,0.13714657723903656,0.421999990940094,0.265500009059906
YDL199C,YPL189W,1,-1.6131774,0.13742689788341522,0.4230000078678131,0.265500009059906
YER039C,YEL069C,1,-1.61333,0.13770705461502075,0.42399999499320984,0.265500009059906
YDR251W,YOR374W,0,-1.6133903,0.13766233623027802,0.42399999499320984,0.2655999958515167
YGR156W,YIL172C,0,-1.6134506,0.13761766254901886,0.42399999499320984,0.26570001244544983
YNL096C,YER053C-A,0,-1.6135606,0.1375730037689209,0.42399999499320984,0.26579999923706055
YBR034C,YNR067C,0,-1.6139421,0.13752837479114532,0.42399999499320984,0.26589998602867126
YLR224W,YJR048W,0,-1.6139666,0.13748379051685333,0.42399999499320984,0.26600000262260437
YIR009W,YMR011W,0,-1.6140832,0.13743922114372253,0.42399999499320984,0.2660999894142151
YFR011C,YMR246W,0,-1.6140988,0.13739468157291412,0.42399999499320984,0.2662000060081482
YJL209W,YPL018W,0,-1.6144267,0.1373501718044281,0.42399999499320984,0.2662999927997589
YGR156W,YJR092W,0,-1.6144313,0.13730570673942566,0.42399999499320984,0.266400009393692
YDL121C,YJL020C,0,-1.614463,0.1372612565755844,0.42399999499320984,0.26649999618530273
YMR114C,YOR021C,0,-1.6145197,0.13721682131290436,0.42399999499320984,0.26660001277923584
YBR038W,YDR223W,0,-1.6146249,0.13717243075370789,0.42399999499320984,0.26669999957084656
YGR059W,YFL035C-B,0,-1.6146952,0.1371280699968338,0.42399999499320984,0.2667999863624573
YHR134W,YNL029C,0,-1.6149224,0.1370837390422821,0.42399999499320984,0.2669000029563904
YOR059C,YPR141C,0,-1.61494,0.1370394378900528,0.42399999499320984,0.2669999897480011
YDL199C,YEL069C,1,-1.6149601,0.13731825351715088,0.42500001192092896,0.2669999897480011
YNR063W,YGR165W,0,-1.615192,0.137273907661438,0.42500001192092896,0.2671000063419342
YAR010C,YBR167C,0,-1.6155018,0.1372295767068863,0.42500001192092896,0.2671999931335449
YGR128C,YLR278C,0,-1.6155155,0.13718527555465698,0.42500001192092896,0.267300009727478
YDR342C,YFL054C,1,-1.6155498,0.13746370375156403,0.4259999990463257,0.267300009727478
YPL026C,YGL225W,1,-1.615671,0.13774193823337555,0.4269999861717224,0.267300009727478
YJL219W,YHR096C,1,-1.6157907,0.13801999390125275,0.42800000309944153,0.267300009727478
YOR215C,YNL084C,0,-1.6158482,0.13797549903392792,0.42800000309944153,0.26739999651908875
YCR020W-B,YHL004W,0,-1.6160549,0.13793103396892548,0.42800000309944153,0.26750001311302185
YGR264C,YER019W,0,-1.6161696,0.13788659870624542,0.42800000309944153,0.26759999990463257
YDL194W,YDL138W,1,-1.6162344,0.13816425204277039,0.42899999022483826,0.26759999990463257
YER039C,YDR261C,0,-1.6166078,0.13811977207660675,0.42899999022483826,0.2676999866962433
YGR016W,YHR134W,0,-1.6167557,0.1380753070116043,0.42899999022483826,0.2678000032901764
YEL013W,YBR100W,0,-1.6170138,0.13803088665008545,0.42899999022483826,0.2678999900817871
YJR149W,YMR152W,0,-1.6170839,0.13798649609088898,0.42899999022483826,0.2680000066757202
YPR052C,YDR253C,0,-1.6172124,0.1379421204328537,0.42899999022483826,0.26809999346733093
YDR120C,YBL106C,0,-1.617366,0.137897789478302,0.42899999022483826,0.26820001006126404
YDR083W,YML064C,0,-1.6175765,0.1378534734249115,0.42899999022483826,0.26829999685287476
YDR387C,YDR277C,1,-1.617607,0.13813042640686035,0.4300000071525574,0.26829999685287476
YLR002C,YOR365C,0,-1.6176196,0.13808606564998627,0.4300000071525574,0.26840001344680786
YJR061W,YIL124W,0,-1.6178018,0.13804173469543457,0.4300000071525574,0.2685000002384186
YOR299W,YJL083W,0,-1.6180272,0.13799743354320526,0.4300000071525574,0.2685999870300293
YPR110C,YER053C-A,0,-1.6180718,0.13795316219329834,0.4300000071525574,0.2687000036239624
YLL055W,YMR232W,0,-1.618192,0.1379089206457138,0.4300000071525574,0.2687999904155731
YFR037C,YIR035C,0,-1.618266,0.13786469399929047,0.4300000071525574,0.2689000070095062
YMR211W,YLR243W,0,-1.6182667,0.1378205120563507,0.4300000071525574,0.26899999380111694
YHR079C-A,YJL076W,0,-1.6183211,0.13777635991573334,0.4300000071525574,0.26910001039505005
YER074W,YBR239C,0,-1.618627,0.13773222267627716,0.4300000071525574,0.26919999718666077
YDR457W,YLR160C,0,-1.61863,0.13768811523914337,0.4300000071525574,0.26930001378059387
YIL099W,YDR223W,0,-1.6186653,0.13764405250549316,0.4300000071525574,0.2694000005722046
YEL056W,YCR058C,0,-1.6187487,0.13760000467300415,0.4300000071525574,0.2694999873638153
YCL043C,YLR422W,0,-1.6187888,0.13755598664283752,0.4300000071525574,0.2696000039577484
YPL052W-A,YBL106C,0,-1.6188703,0.1375119984149933,0.4300000071525574,0.26969999074935913
YER159C,YKR058W,0,-1.6191227,0.13746802508831024,0.4300000071525574,0.26980000734329224
YCL001W,YPR166C,0,-1.6192232,0.13742409646511078,0.4300000071525574,0.26989999413490295
YJL114W,YKL134C,0,-1.6199726,0.1373801976442337,0.4300000071525574,0.27000001072883606
YCR102C,YOR046C,0,-1.6200699,0.13733631372451782,0.4300000071525574,0.2700999975204468
YPL276W,YHR043C,0,-1.6201454,0.13729245960712433,0.4300000071525574,0.2702000141143799
YDL199C,YDR345C,1,-1.620151,0.13756783306598663,0.4309999942779541,0.2702000141143799
YLR410W,YPR071W,0,-1.6203512,0.13752393424510956,0.4309999942779541,0.2703000009059906
YER007W,YNR067C,0,-1.620406,0.13748006522655487,0.4309999942779541,0.2703999876976013
YMR097C,YCL056C,0,-1.6204818,0.13743622601032257,0.4309999942779541,0.2705000042915344
YIL087C,YBL093C,0,-1.6205255,0.13739241659641266,0.4309999942779541,0.27059999108314514
YDR512C,YCL008C,0,-1.6208992,0.13734863698482513,0.4309999942779541,0.27070000767707825
YDR474C,YBL084C,0,-1.6209472,0.1373048722743988,0.4309999942779541,0.27079999446868896
YLR081W,YDR277C,1,-1.6209985,0.13757961988449097,0.4320000112056732,0.27079999446868896
YJL187C,YHL007C,0,-1.6210855,0.13753581047058105,0.4320000112056732,0.27090001106262207
YNR063W,YKL184W,0,-1.6211685,0.13749204576015472,0.4320000112056732,0.2709999978542328
YLR453C,YLR260W,0,-1.6213856,0.1374482959508896,0.4320000112056732,0.2711000144481659
YGL027C,YBR118W,0,-1.6213896,0.13740457594394684,0.4320000112056732,0.2712000012397766
YNL293W,YGR282C,0,-1.6214088,0.13736088573932648,0.4320000112056732,0.27129998803138733
YOR014W,YIL099W,0,-1.6215075,0.1373172253370285,0.4320000112056732,0.27140000462532043
YBR007C,YGR127W,0,-1.6215587,0.13727359473705292,0.4320000112056732,0.27149999141693115
YDL048C,YER018C,0,-1.6217695,0.13722999393939972,0.4320000112056732,0.27160000801086426
YJL209W,YGR250C,0,-1.6220978,0.13718640804290771,0.4320000112056732,0.271699994802475
YLL055W,YCL074W,0,-1.6221927,0.1371428519487381,0.4320000112056732,0.2718000113964081
YML038C,YDR345C,1,-1.6223351,0.13741669058799744,0.43299999833106995,0.2718000113964081
YOR221C,YLR160C,0,-1.6223933,0.13737308979034424,0.43299999833106995,0.2718999981880188
YAR019C,YNL146W,0,-1.6226245,0.13732953369617462,0.43299999833106995,0.2720000147819519
YGR277C,YPR113W,0,-1.6226676,0.1372859925031662,0.43299999833106995,0.2721000015735626
YPL221W,YPL189W,0,-1.622698,0.13724246621131897,0.43299999833106995,0.27219998836517334
YMR034C,YDR519W,0,-1.6228501,0.13719898462295532,0.43299999833106995,0.27230000495910645
YIL170W,YDR345C,1,-1.6229059,0.13747228682041168,0.4339999854564667,0.27230000495910645
YCR020W-B,YNL314W,0,-1.6229274,0.13742874562740326,0.4339999854564667,0.27239999175071716
YPL143W,YGL068W,0,-1.6231002,0.13738524913787842,0.4339999854564667,0.27250000834465027
YPL091W,YER066W,0,-1.6231942,0.13734176754951477,0.4339999854564667,0.272599995136261
YPL168W,YHR175W,0,-1.6233112,0.1372983306646347,0.4339999854564667,0.2727000117301941
YML027W,YBL056W,0,-1.6235753,0.13725490868091583,0.4339999854564667,0.2727999985218048
YGR251W,YJR061W,0,-1.6235825,0.13721150159835815,0.4339999854564667,0.2728999853134155
YGL027C,YBR060C,0,-1.6237158,0.13716813921928406,0.4339999854564667,0.27300000190734863
YOL098C,YJL156C,0,-1.6238892,0.13712480664253235,0.4339999854564667,0.27309998869895935
YDR387C,YEL069C,1,-1.6240181,0.13739734888076782,0.4350000023841858,0.27309998869895935
YGR059W,YFR024C-A,0,-1.624022,0.13735395669937134,0.4350000023841858,0.27320000529289246
YHR031C,YDR525W-A,0,-1.6240318,0.13731060922145844,0.4350000023841858,0.2732999920845032
YAR028W,YBL056W,0,-1.6241087,0.13726727664470673,0.4350000023841858,0.2734000086784363
YDR473C,YHR071W,0,-1.6243896,0.1372239738702774,0.4350000023841858,0.273499995470047
YHR158C,YKL107W,0,-1.6244577,0.13718070089817047,0.4350000023841858,0.2736000120639801
YIL158W,YOL053W,0,-1.6244756,0.13713745772838593,0.4350000023841858,0.2736999988555908
YGR212W,YDR379C-A,0,-1.6251907,0.13709422945976257,0.4350000023841858,0.27379998564720154
YOR163W,YMR045C,0,-1.6253083,0.1370510458946228,0.4350000023841858,0.27390000224113464
YAL047C,YDL130W,0,-1.6254376,0.13700787723064423,0.4350000023841858,0.27399998903274536
YBL015W,YJL090C,0,-1.6255437,0.13696473836898804,0.4350000023841858,0.27410000562667847
YOR158W,YIL048W,0,-1.625573,0.13692162930965424,0.4350000023841858,0.2741999924182892
YBL095W,YBR177C,0,-1.6255747,0.13687853515148163,0.4350000023841858,0.2743000090122223
YDR224C,YGR084C,0,-1.6258187,0.1368354856967926,0.4350000023841858,0.274399995803833
YGR289C,YER039C,1,-1.6258742,0.13710692524909973,0.4359999895095825,0.274399995803833
YGL106W,YFL002W-B,0,-1.6258866,0.13706381618976593,0.4359999895095825,0.2745000123977661
YNR057C,YKL167C,0,-1.6259481,0.13702073693275452,0.4359999895095825,0.27459999918937683
YHR080C,YDR202C,0,-1.6259642,0.1369776874780655,0.4359999895095825,0.27469998598098755
YBL103C,YOR173W,0,-1.6260399,0.13693466782569885,0.4359999895095825,0.27480000257492065
YHL018W,YHR183W,0,-1.626042,0.1368916779756546,0.4359999895095825,0.27489998936653137
YDR387C,YFR053C,1,-1.6260874,0.13716258108615875,0.43700000643730164,0.27489998936653137
YOL098C,YAL010C,0,-1.6261457,0.13711954653263092,0.43700000643730164,0.2750000059604645
YKL162C,YIL097W,0,-1.6262494,0.13707654178142548,0.43700000643730164,0.2750999927520752
YFR024C,YNL131W,0,-1.6262841,0.13703355193138123,0.43700000643730164,0.2752000093460083
YCL050C,YKR094C,0,-1.6263684,0.13699059188365936,0.43700000643730164,0.275299996137619
YLL052C,YJL162C,0,-1.6265279,0.1369476616382599,0.43700000643730164,0.2754000127315521
YGR174C,YIL078W,0,-1.6265476,0.1369047611951828,0.43700000643730164,0.27549999952316284
YBR110W,YOR276W,0,-1.6266669,0.1368618905544281,0.43700000643730164,0.27559998631477356
YMR213W,YIL172C,0,-1.6266769,0.1368190348148346,0.43700000643730164,0.27570000290870667
YAL044C,YEL013W,0,-1.626989,0.13677620887756348,0.43700000643730164,0.2757999897003174
YGR016W,YDL130W,0,-1.6270297,0.13673341274261475,0.43700000643730164,0.2759000062942505
YHR096C,YDL247W,1,-1.6271409,0.13700343668460846,0.43799999356269836,0.2759000062942505
YFR009W,YJL206C,0,-1.6271899,0.13696059584617615,0.43799999356269836,0.2759999930858612
YDL224C,YLR266C,0,-1.6273566,0.13691778481006622,0.43799999356269836,0.2761000096797943
YKR101W,YHR113W,0,-1.627468,0.1368750035762787,0.43799999356269836,0.27619999647140503
YKL200C,YLR129W,0,-1.6274999,0.13683223724365234,0.43799999356269836,0.27630001306533813
YGR251W,YGR089W,0,-1.6275003,0.1367895007133484,0.43799999356269836,0.27639999985694885
YMR060C,YHR134W,0,-1.6276082,0.13674679398536682,0.43799999356269836,0.27649998664855957
YGL038C,YMR074C,0,-1.6277102,0.13670411705970764,0.43799999356269836,0.2766000032424927
YAL044C,YNR054C,0,-1.627772,0.13666146993637085,0.43799999356269836,0.2766999900341034
YDR164C,YMR233W,0,-1.6279832,0.13661883771419525,0.43799999356269836,0.2768000066280365
YER066W,YLR097C,0,-1.6279844,0.13657623529434204,0.43799999356269836,0.2768999934196472
YOR288C,YGL231C,0,-1.6280833,0.13653366267681122,0.43799999356269836,0.2770000100135803
YJL214W,YDL247W,1,-1.6280924,0.13680274784564972,0.4390000104904175,0.2770000100135803
YMR203W,YMR124W,0,-1.628167,0.13676013052463531,0.4390000104904175,0.27709999680519104
YKR058W,YCL074W,0,-1.6283222,0.1367175281047821,0.4390000104904175,0.27720001339912415
YBR177C,YIL112W,0,-1.628446,0.13667497038841248,0.4390000104904175,0.27730000019073486
YOL154W,YML095C,0,-1.6284713,0.13663242757320404,0.4390000104904175,0.2773999869823456
YDR333C,YHR107C,0,-1.628482,0.136589914560318,0.4390000104904175,0.2775000035762787
YDR473C,YJL153C,0,-1.6286515,0.13654743134975433,0.4390000104904175,0.2775999903678894
YMR046C,YPL070W,0,-1.6287104,0.13650497794151306,0.4390000104904175,0.2777000069618225
YLR410W-A,YNL002C,0,-1.6287894,0.13646253943443298,0.4390000104904175,0.2777999937534332
YPR155C,YMR265C,0,-1.6290187,0.1364201307296753,0.4390000104904175,0.27790001034736633
YIL136W,YGL010W,0,-1.6290859,0.13637775182724,0.4390000104904175,0.27799999713897705
YIL079C,YBR181C,0,-1.6292393,0.13633540272712708,0.4390000104904175,0.27810001373291016
YFR053C,YNL045W,0,-1.629367,0.13629308342933655,0.4390000104904175,0.2782000005245209
YER125W,YGL231C,0,-1.6295321,0.13625077903270721,0.4390000104904175,0.2782999873161316
YHR035W,YPR140W,0,-1.6295701,0.13620850443840027,0.4390000104904175,0.2784000039100647
YOR079C,YLL057C,0,-1.6296073,0.1361662596464157,0.4390000104904175,0.2784999907016754
YBR020W,YKR070W,0,-1.6297001,0.13612402975559235,0.4390000104904175,0.2786000072956085
YOR288C,YGR042W,0,-1.6298422,0.13608182966709137,0.4390000104904175,0.27869999408721924
YJL219W,YPR115W,1,-1.6300179,0.13634954392910004,0.4399999976158142,0.27869999408721924
YPL027W,YML010W,0,-1.6300215,0.13630731403827667,0.4399999976158142,0.27880001068115234
YMR070W,YPR125W,0,-1.6301035,0.1362650990486145,0.4399999976158142,0.27889999747276306
YHR186C,YDR403W,0,-1.6302189,0.13622291386127472,0.4399999976158142,0.27900001406669617
YOR192C-B,YDR308C,0,-1.6304862,0.13618074357509613,0.4399999976158142,0.2791000008583069
YAR028W,YDR315C,0,-1.6305073,0.13613861799240112,0.4399999976158142,0.2791999876499176
YGL261C,YKR084C,0,-1.6305621,0.1360965073108673,0.4399999976158142,0.2793000042438507
YHR035W,YBR038W,0,-1.6305846,0.13605442643165588,0.4399999976158142,0.2793999910354614
YMR046C,YJL023C,0,-1.6305892,0.13601236045360565,0.4399999976158142,0.27950000762939453
YGL210W-A,YPL055C,0,-1.6308821,0.135970339179039,0.4399999976158142,0.27959999442100525
YDL229W,YER056C,0,-1.6309601,0.13592833280563354,0.4399999976158142,0.27970001101493835
YIR030C,YNL197C,0,-1.6310948,0.13588635623455048,0.4399999976158142,0.2797999978065491
YJR076C,YMR262W,0,-1.6311057,0.1358443945646286,0.4399999976158142,0.2799000144004822
YDL066W,YNL146W,0,-1.6314234,0.1358024626970291,0.4399999976158142,0.2800000011920929
YPR115W,YDL247W,1,-1.6315783,0.13606911897659302,0.4410000145435333,0.2800000011920929
YLR173W,YBR235W,0,-1.6317623,0.13602714240550995,0.4410000145435333,0.2800999879837036
YBR014C,YDR018C,0,-1.6317906,0.13598519563674927,0.4410000145435333,0.2802000045776367
YDR449C,YOL086W-A,0,-1.6318955,0.13594327867031097,0.4410000145435333,0.28029999136924744
YIL095W,YMR120C,0,-1.6319321,0.13590139150619507,0.4410000145435333,0.28040000796318054
YLR173W,YDL100C,0,-1.6319335,0.13585951924324036,0.4410000145435333,0.28049999475479126
YBL095W,YOR177C,0,-1.6321009,0.13581767678260803,0.4410000145435333,0.28060001134872437
YIL137C,YCL074W,0,-1.6322573,0.1357758641242981,0.4410000145435333,0.2806999981403351
YDL102W,YIL087C,0,-1.6324698,0.13573406636714935,0.4410000145435333,0.2808000147342682
YPR115W,YEL004W,1,-1.6324795,0.13600000739097595,0.44200000166893005,0.2808000147342682
YJR158W,YPR115W,1,-1.6325811,0.13626576960086823,0.4429999887943268,0.2808000147342682
YCR104W,YCL008C,0,-1.6327618,0.13622386753559113,0.4429999887943268,0.2809000015258789
YPR029C,YDR522C,0,-1.6327792,0.13618198037147522,0.4429999887943268,0.2809999883174896
YLR399C,YDL144C,0,-1.6328713,0.1361401379108429,0.4429999887943268,0.28110000491142273
YDL121C,YDR522C,0,-1.6328968,0.13609831035137177,0.4429999887943268,0.28119999170303345
YGR127W,YJL111W,0,-1.6330694,0.13605651259422302,0.4429999887943268,0.28130000829696655
YPR110C,YKL200C,0,-1.6331471,0.13601474463939667,0.4429999887943268,0.28139999508857727
YMR179W,YFL061W,0,-1.6335813,0.1359729915857315,0.4429999887943268,0.2815000116825104
YJR014W,YLR099W-A,0,-1.6336026,0.13593126833438873,0.4429999887943268,0.2815999984741211
YIL103W,YHR134W,0,-1.633613,0.13588957488536835,0.4429999887943268,0.2816999852657318
YKR058W,YCR095C,0,-1.6336799,0.13584789633750916,0.4429999887943268,0.2818000018596649
YGL104C,YEL004W,1,-1.6337568,0.13611280918121338,0.4440000057220459,0.2818000018596649
YLR081W,YPR115W,1,-1.6341085,0.13637757301330566,0.4449999928474426,0.2818000018596649
YMR233W,YOR173W,0,-1.6342697,0.13633579015731812,0.4449999928474426,0.28189998865127563
YDR309C,YHR175W,0,-1.6342869,0.13629402220249176,0.4449999928474426,0.28200000524520874
YDR452W,YJL153C,0,-1.6344042,0.136252298951149,0.4449999928474426,0.28209999203681946
YFL011W,YEL004W,1,-1.6344417,0.13651667535305023,0.44600000977516174,0.28209999203681946
YBL064C,YMR111C,0,-1.6345471,0.13647490739822388,0.44600000977516174,0.28220000863075256
YGL225W,YEL004W,1,-1.634956,0.13673906028270721,0.44699999690055847,0.28220000863075256
YPL221W,YJL074C,0,-1.6350276,0.13669724762439728,0.44699999690055847,0.2822999954223633
YHR031C,YEL068C,0,-1.6350411,0.13665544986724854,0.44699999690055847,0.2824000120162964
YJL214W,YJR160C,1,-1.6353229,0.1369193196296692,0.4480000138282776,0.2824000120162964
YER092W,YGR165W,0,-1.6354703,0.13687747716903687,0.4480000138282776,0.2824999988079071
YDR473C,YBR179C,0,-1.6355718,0.13683567941188812,0.4480000138282776,0.2825999855995178
YHR178W,YLL057C,0,-1.6356623,0.13679389655590057,0.4480000138282776,0.2827000021934509
YNR001C,YKL059C,0,-1.6356896,0.1367521435022354,0.4480000138282776,0.28279998898506165
YKL059C,YPL017C,0,-1.635781,0.13671040534973145,0.4480000138282776,0.28290000557899475
YNR031C,YCR058C,0,-1.6358308,0.13666869699954987,0.4480000138282776,0.28299999237060547
YDR463W,YNL223W,0,-1.6360207,0.13662701845169067,0.4480000138282776,0.2831000089645386
YAR071W,YOR094W,0,-1.6361874,0.13658536970615387,0.4480000138282776,0.2831999957561493
YCL024W,YER014W,0,-1.63627,0.13654373586177826,0.4480000138282776,0.2833000123500824
YKL054C,YGR169C,0,-1.6363345,0.13650213181972504,0.4480000138282776,0.2833999991416931
YAR010C,YAL029C,0,-1.6365907,0.1364605575799942,0.4480000138282776,0.28349998593330383
YJL026W,YIL053W,0,-1.6367428,0.13641899824142456,0.4480000138282776,0.28360000252723694
YDR098C-B,YLR369W,0,-1.636748,0.1363774687051773,0.4480000138282776,0.28369998931884766
YHR162W,YBR242W,0,-1.6367811,0.13633596897125244,0.4480000138282776,0.28380000591278076
YPR147C,YHR042W,0,-1.6368767,0.13629449903964996,0.4480000138282776,0.2838999927043915
YEL004W,YHR094C,1,-1.6369519,0.1365571767091751,0.4490000009536743,0.2838999927043915
YBR181C,YBL056W,0,-1.6370827,0.13651566207408905,0.4490000009536743,0.2840000092983246
YDL121C,YDR350C,0,-1.6370932,0.13647416234016418,0.4490000009536743,0.2840999960899353
YDL247W,YOR007C,0,-1.6375223,0.1364326924085617,0.4490000009536743,0.2842000126838684
YGL210W,YLR286C,0,-1.6375793,0.13639125227928162,0.4490000009536743,0.2842999994754791
YGL191W,YLL057C,0,-1.6375877,0.13634982705116272,0.4490000009536743,0.28439998626708984
YEL020W-A,YMR211W,0,-1.6377391,0.1363084465265274,0.4490000009536743,0.28450000286102295
YDL138W,YPL189W,1,-1.6377741,0.13657055795192719,0.44999998807907104,0.28450000286102295
YDR474C,YHR043C,0,-1.6378223,0.1365291327238083,0.44999998807907104,0.28459998965263367
YMR258C,YHL007C,0,-1.6379185,0.13648772239685059,0.44999998807907104,0.2847000062465668
YBR271W,YFR019W,0,-1.6379541,0.13644632697105408,0.44999998807907104,0.2847999930381775
YGL084C,YJL214W,1,-1.6379862,0.1367080956697464,0.45100000500679016,0.2847999930381775
YML081W,YAL021C,0,-1.6382313,0.1366666704416275,0.45100000500679016,0.2849000096321106
YMR325W,YEL019C,0,-1.6382371,0.1366252601146698,0.45100000500679016,0.2849999964237213
YMR113W,YIL169C,0,-1.6383854,0.13658389449119568,0.45100000500679016,0.2851000130176544
YJL079C,YFR011C,0,-1.638616,0.13654254376888275,0.45100000500679016,0.28519999980926514
YLR172C,YGR250C,0,-1.6387442,0.13650120794773102,0.45100000500679016,0.28529998660087585
YNR050C,YBL069W,0,-1.6388758,0.13645990192890167,0.45100000500679016,0.28540000319480896
YMR262W,YDL044C,0,-1.6389544,0.13641862571239471,0.45100000500679016,0.2854999899864197
YMR097C,YMR262W,0,-1.6390089,0.13637737929821014,0.45100000500679016,0.2856000065803528
YDR282C,YBR050C,0,-1.63909,0.13633614778518677,0.45100000500679016,0.2856999933719635
YMR262W,YPR093C,0,-1.6393509,0.13629494607448578,0.45100000500679016,0.2858000099658966
YPR058W,YGR085C,0,-1.6394469,0.13625377416610718,0.45100000500679016,0.2858999967575073
YER165W,YJL049W,0,-1.6397467,0.13621261715888977,0.45100000500679016,0.28600001335144043
YNL047C,YGR132C,0,-1.639848,0.13617150485515594,0.45100000500679016,0.28610000014305115
YJR160C,YMR011W,1,-1.639849,0.1364322304725647,0.4519999921321869,0.28610000014305115
YDL141W,YER076C,0,-1.6398627,0.1363910734653473,0.4519999921321869,0.28619998693466187
YGR277C,YDR520C,0,-1.640103,0.13634993135929108,0.4519999921321869,0.28630000352859497
YJR158W,YDL194W,1,-1.6403548,0.13661037385463715,0.453000009059906,0.28630000352859497
YER053C-A,YJL050W,0,-1.6404388,0.13656918704509735,0.453000009059906,0.2863999903202057
YGR289C,YEL069C,1,-1.6405581,0.1368294209241867,0.45399999618530273,0.2863999903202057
YJR032W,YLL010C,0,-1.6406506,0.13678818941116333,0.45399999618530273,0.2865000069141388
YHR175W,YMR011W,0,-1.6406857,0.13674698770046234,0.45399999618530273,0.2865999937057495
YBR083W,YLR450W,0,-1.6408142,0.13670581579208374,0.45399999618530273,0.2867000102996826
YDL109C,YCL056C,0,-1.6411537,0.13666465878486633,0.45399999618530273,0.28679999709129333
YCL045C,YNL103W,0,-1.6412716,0.1366235315799713,0.45399999618530273,0.28690001368522644
YMR213W,YIL026C,0,-1.6413835,0.13658243417739868,0.45399999618530273,0.28700000047683716
YAL044C,YGR101W,0,-1.6415244,0.13654135167598724,0.45399999618530273,0.2870999872684479
YOR039W,YDL134C-A,0,-1.6416146,0.1365002989768982,0.45399999618530273,0.287200003862381
YPR041W,YER019W,0,-1.6417576,0.13645927608013153,0.45399999618530273,0.2872999906539917
YPL026C,YDR536W,1,-1.6418391,0.13671875,0.45500001311302185,0.2872999906539917
YBR126C,YGR292W,0,-1.6418517,0.13667768239974976,0.45500001311302185,0.2874000072479248
YPR149W,YBR239C,0,-1.6419555,0.1366366297006607,0.45500001311302185,0.2874999940395355
YFR037C,YML064C,0,-1.6420201,0.13659562170505524,0.45500001311302185,0.28760001063346863
YKL180W,YMR054W,0,-1.6420577,0.13655462861061096,0.45500001311302185,0.28769999742507935
YBR129C,YER072W,0,-1.6421844,0.13651365041732788,0.45500001311302185,0.28780001401901245
YLR242C,YBR239C,0,-1.6422035,0.1364727020263672,0.45500001311302185,0.28790000081062317
YCR058C,YIL145C,0,-1.6426622,0.13643178343772888,0.45500001311302185,0.2879999876022339
YOR365C,YHR042W,0,-1.6429714,0.13639089465141296,0.45500001311302185,0.288100004196167
YLL040C,YCR005C,0,-1.643118,0.13635002076625824,0.45500001311302185,0.2881999909877777
YOR231W,YGR112W,0,-1.64355,0.1363091617822647,0.45500001311302185,0.2883000075817108
YNR001C,YGR042W,0,-1.6436224,0.13626834750175476,0.45500001311302185,0.28839999437332153
YBL018C,YLR382C,0,-1.6437527,0.136227548122406,0.45500001311302185,0.28850001096725464
YCR079W,YLR099W-A,0,-1.6438977,0.13618676364421844,0.45500001311302185,0.28859999775886536
YJR158W,YDR345C,1,-1.6439943,0.13644523918628693,0.4560000002384186,0.28859999775886536
YBL064C,YDL047W,0,-1.6439993,0.13640442490577698,0.4560000002384186,0.28870001435279846
YDR477W,YML026C,0,-1.6441592,0.13636364042758942,0.4560000002384186,0.2888000011444092
YGR084C,YKR094C,0,-1.6441635,0.13632287085056305,0.4560000002384186,0.2888999879360199
YNL039W,YGR224W,0,-1.6441844,0.13628213107585907,0.4560000002384186,0.289000004529953
YGR264C,YPL161C,0,-1.644189,0.13624140620231628,0.4560000002384186,0.2890999913215637
YJL114W,YGR284C,0,-1.644298,0.1362007111310959,0.4560000002384186,0.2892000079154968
YGR174C,YJR124C,0,-1.6444576,0.13616004586219788,0.4560000002384186,0.28929999470710754
YGR204W,YPL052W-A,0,-1.645037,0.13611941039562225,0.4560000002384186,0.28940001130104065
YBR242W,YKL033W,0,-1.6452914,0.13607878983020782,0.4560000002384186,0.28949999809265137
YCR018C,YJL180C,0,-1.6454805,0.1360381841659546,0.4560000002384186,0.2896000146865845
YHR020W,YNL308C,0,-1.6457387,0.13599760830402374,0.4560000002384186,0.2897000014781952
YBR046C,YHR020W,0,-1.6458107,0.13595706224441528,0.4560000002384186,0.2897999882698059
YOR229W,YPL259C,0,-1.6458992,0.1359165459871292,0.4560000002384186,0.289900004863739
YGL253W,YER039C,1,-1.6460257,0.1361740231513977,0.4569999873638153,0.289900004863739
YBR060C,YJR141W,0,-1.6462275,0.13613344728946686,0.4569999873638153,0.28999999165534973
YDR387C,YDR536W,1,-1.6466316,0.13639071583747864,0.4580000042915344,0.28999999165534973
YHR162W,YCR023C,0,-1.6466535,0.1363501101732254,0.4580000042915344,0.29010000824928284
YOL125W,YGL184C,0,-1.6468815,0.13630951941013336,0.4580000042915344,0.29019999504089355
YMR315W,YOR378W,0,-1.646963,0.1362689733505249,0.4580000042915344,0.29030001163482666
YAR010C,YGR055W,0,-1.6470653,0.13622844219207764,0.4580000042915344,0.2903999984264374
YNL019C,YHR175W,0,-1.6471075,0.13618792593479156,0.4580000042915344,0.2904999852180481
YDR234W,YPL243W,0,-1.647185,0.13614743947982788,0.4580000042915344,0.2906000018119812
YDR457W,YBR021W,0,-1.6472093,0.13610698282718658,0.4580000042915344,0.2906999886035919
YIL087C,YGR217W,0,-1.6472303,0.13606654107570648,0.4580000042915344,0.290800005197525
YFR053C,YFL054C,1,-1.6473919,0.13632313907146454,0.45899999141693115,0.290800005197525
YOR059C,YOR215C,0,-1.6475137,0.13628266751766205,0.45899999141693115,0.29089999198913574
YNL132W,YOR301W,0,-1.6476079,0.13624221086502075,0.45899999141693115,0.29100000858306885
YBL034C,YDR363W,0,-1.647739,0.13620178401470184,0.45899999141693115,0.29109999537467957
YOL142W,YBR242W,0,-1.6477891,0.13616137206554413,0.45899999141693115,0.29120001196861267
YDL245C,YEL069C,1,-1.6478802,0.13641755282878876,0.46000000834465027,0.29120001196861267
YNR072W,YEL004W,1,-1.6479975,0.13667358458042145,0.460999995470047,0.29120001196861267
YOR030W,YDR387C,0,-1.6483384,0.13663308322429657,0.460999995470047,0.2912999987602234
YOR090C,YBL013W,0,-1.6483775,0.13659259676933289,0.460999995470047,0.2913999855518341
YOL157C,YBR059C,0,-1.6485753,0.1365521401166916,0.460999995470047,0.2915000021457672
YLL043W,YNR072W,1,-1.6485873,0.13680781424045563,0.4620000123977661,0.2915000021457672
YLR293C,YKL167C,0,-1.6487836,0.13676731288433075,0.4620000123977661,0.29159998893737793
YPL244C,YEL004W,1,-1.6488191,0.13702279329299927,0.46299999952316284,0.29159998893737793
YOL151W,YIL099W,0,-1.6489052,0.1369822472333908,0.46299999952316284,0.29170000553131104
YJL049W,YLR188W,0,-1.6491029,0.13694173097610474,0.46299999952316284,0.29179999232292175
YNR050C,YNR054C,0,-1.6493387,0.13690124452114105,0.46299999952316284,0.29190000891685486
YJL102W,YBR126W-A,0,-1.6496236,0.13686077296733856,0.46299999952316284,0.2919999957084656
YER166W,YLR173W,0,-1.6496567,0.13682033121585846,0.46299999952316284,0.2921000123023987
YFL011W,YHR096C,1,-1.6498336,0.13707533478736877,0.46399998664855957,0.2921000123023987
YOR258W,YER053C,0,-1.6498386,0.1370348483324051,0.46399998664855957,0.2921999990940094
YOR021C,YGL136C,0,-1.6500951,0.1369943916797638,0.46399998664855957,0.2922999858856201
YPL141C,YOL115W,0,-1.6501194,0.1369539499282837,0.46399998664855957,0.2924000024795532
YIL026C,YBL013W,0,-1.6501403,0.13691353797912598,0.46399998664855957,0.29249998927116394
YJL214W,YER039C,1,-1.6504823,0.13716813921928406,0.4650000035762787,0.29249998927116394
YHR094C,YKR087C,0,-1.6505198,0.13712769746780396,0.4650000035762787,0.29260000586509705
YOL084W,YIL067C,0,-1.650712,0.13708727061748505,0.4650000035762787,0.29269999265670776
YDL170W,YMR221C,0,-1.6508769,0.13704685866832733,0.4650000035762787,0.29280000925064087
YMR124W,YDR513W,0,-1.6508921,0.137006476521492,0.4650000035762787,0.2928999960422516
YLR001C,YDL130W,0,-1.6509466,0.13696612417697906,0.4650000035762787,0.2930000126361847
YDL141W,YOL041C,0,-1.6512171,0.1369258016347885,0.4650000035762787,0.2930999994277954
YDL002C,YPL052W-A,0,-1.6512742,0.13688549399375916,0.4650000035762787,0.29319998621940613
YBR302C,YJL013C,0,-1.6514002,0.136845201253891,0.4650000035762787,0.29330000281333923
YJL049W,YBR085W,0,-1.6515146,0.13680493831634521,0.4650000035762787,0.29339998960494995
YKL037W,YGR058W,0,-1.6522962,0.13676470518112183,0.4650000035762787,0.29350000619888306
YPR058W,YBR240C,0,-1.6523095,0.13672448694705963,0.4650000035762787,0.2935999929904938
YAL044C,YGL225W,0,-1.6524016,0.13668429851531982,0.4650000035762787,0.2937000095844269
YOR231W,YBR271W,0,-1.6524192,0.1366441398859024,0.4650000035762787,0.2937999963760376
YLR442C,YCR005C,0,-1.6524719,0.13660399615764618,0.4650000035762787,0.2939000129699707
YEL020W-A,YPL189W,0,-1.6525091,0.13656388223171234,0.4650000035762787,0.2939999997615814
YNR063W,YNL282W,0,-1.6525592,0.1365237832069397,0.4650000035762787,0.29409998655319214
YKR059W,YMR120C,0,-1.6527392,0.13648371398448944,0.4650000035762787,0.29420000314712524
YPR097W,YDR454C,0,-1.6528054,0.13644365966320038,0.4650000035762787,0.29429998993873596
YLL052C,YDL100C,0,-1.6528375,0.1364036351442337,0.4650000035762787,0.29440000653266907
YLR116W,YIR009W,0,-1.652867,0.13636364042758942,0.4650000035762787,0.2944999933242798
YJR160C,YHR096C,1,-1.6529735,0.13661682605743408,0.4659999907016754,0.2944999933242798
YDR343C,YLR081W,1,-1.6533369,0.136869877576828,0.46700000762939453,0.2944999933242798
YOL156W,YDR536W,1,-1.6535307,0.1371227651834488,0.46799999475479126,0.2944999933242798
YOR128C,YKR072C,0,-1.653849,0.13708260655403137,0.46799999475479126,0.2946000099182129
YDL015C,YKR070W,0,-1.6539181,0.13704246282577515,0.46799999475479126,0.2946999967098236
YER078C,YMR265C,0,-1.654098,0.1370023488998413,0.46799999475479126,0.2948000133037567
YLR307W,YJL191W,0,-1.6542399,0.13696224987506866,0.46799999475479126,0.29490000009536743
YMR220W,YNL146W,0,-1.6543437,0.1369221806526184,0.46799999475479126,0.29499998688697815
YML047C,YPR166C,0,-1.6547613,0.13688212633132935,0.46799999475479126,0.29510000348091125
YCR038C,YLL054C,0,-1.6547803,0.13684210181236267,0.46799999475479126,0.295199990272522
YGL234W,YGL233W,0,-1.6548772,0.13680210709571838,0.46799999475479126,0.2953000068664551
YIL082W-A,YOL019W,0,-1.6551694,0.1367621272802353,0.46799999475479126,0.2953999936580658
YJR042W,YMR210W,0,-1.6552855,0.13672217726707458,0.46799999475479126,0.2955000102519989
YCR023C,YIL097W,0,-1.6555179,0.13668224215507507,0.46799999475479126,0.2955999970436096
YEL034W,YGR173W,0,-1.6556337,0.13664233684539795,0.46799999475479126,0.2957000136375427
YKL119C,YDL102W,0,-1.6558522,0.13660244643688202,0.46799999475479126,0.29580000042915344
YML038C,YDL245C,1,-1.6558679,0.1368543952703476,0.4690000116825104,0.29580000042915344
YGR282C,YAR071W,0,-1.6558967,0.13681447505950928,0.4690000116825104,0.29589998722076416
YEL047C,YBR057C,0,-1.6559556,0.13677456974983215,0.4690000116825104,0.29600000381469727
YKR061W,YGL054C,0,-1.6559798,0.13673469424247742,0.4690000116825104,0.296099990606308
YER066W,YCL074W,0,-1.6559995,0.13669484853744507,0.4690000116825104,0.2962000072002411
YJR031C,YGR042W,0,-1.6563925,0.1366550177335739,0.4690000116825104,0.2962999939918518
YKL099C,YLR188W,0,-1.6564834,0.13661520183086395,0.4690000116825104,0.2964000105857849
YJR088C,YFL035C-B,0,-1.6568286,0.13657541573047638,0.4690000116825104,0.29649999737739563
YBR241C,YFR053C,1,-1.656993,0.1368267834186554,0.4699999988079071,0.29649999737739563
YER092W,YDR503C,0,-1.6570382,0.13678696751594543,0.4699999988079071,0.29660001397132874
YER115C,YOR285W,0,-1.6570705,0.13674716651439667,0.4699999988079071,0.29670000076293945
YIL009W,YDL247W,0,-1.6571677,0.1367073953151703,0.4699999988079071,0.29679998755455017
YBR038W,YER019W,0,-1.6571945,0.1366676390171051,0.4699999988079071,0.2969000041484833
YPR097W,YHR047C,0,-1.6575826,0.1366279125213623,0.4699999988079071,0.296999990940094
YLR058C,YNL081C,0,-1.65772,0.1365882009267807,0.4699999988079071,0.2971000075340271
YMR046C,YGL224C,0,-1.6578027,0.13654851913452148,0.4699999988079071,0.2971999943256378
YJL214W,YDR536W,1,-1.6578269,0.13679930567741394,0.47099998593330383,0.2971999943256378
YBR143C,YOR301W,0,-1.6578499,0.13675957918167114,0.47099998593330383,0.2973000109195709
YBL084C,YDL054C,0,-1.6579736,0.13671988248825073,0.47099998593330383,0.29739999771118164
YBL018C,YKL120W,0,-1.6580966,0.1366802155971527,0.47099998593330383,0.29750001430511475
YAR019C,YJL013C,0,-1.6581329,0.13664056360721588,0.47099998593330383,0.29760000109672546
YOR288C,YDL014W,0,-1.6582174,0.13660092651844025,0.47099998593330383,0.2976999878883362
YKL119C,YDL051W,0,-1.6582333,0.136561319231987,0.47099998593330383,0.2978000044822693
YGR289C,YDL245C,1,-1.6582779,0.13681159913539886,0.47200000286102295,0.2978000044822693
YGL261C,YHR118C,0,-1.6582853,0.13677194714546204,0.47200000286102295,0.29789999127388
YLL015W,YHR138C,0,-1.6584481,0.1367323249578476,0.47200000286102295,0.2980000078678131
YBL074C,YDL103C,0,-1.6585104,0.13669273257255554,0.47200000286102295,0.29809999465942383
YGL057C,YHR134W,0,-1.6585861,0.13665315508842468,0.47200000286102295,0.29820001125335693
YLR356W,YLL015W,0,-1.6586169,0.1366136074066162,0.47200000286102295,0.29829999804496765
YHR169W,YCL008C,0,-1.6586518,0.13657407462596893,0.47200000286102295,0.29840001463890076
YKL216W,YEL034W,0,-1.6586875,0.13653457164764404,0.47200000286102295,0.2985000014305115
YAR028W,YOL008W,0,-1.6591089,0.13649508357048035,0.47200000286102295,0.2985999882221222
YBR298C,YDL245C,1,-1.659214,0.13674472272396088,0.4729999899864197,0.2985999882221222
YIL170W,YDR342C,1,-1.659731,0.13699421286582947,0.4740000069141388,0.2985999882221222
YOR185C,YDL054C,0,-1.6598262,0.1369546353816986,0.4740000069141388,0.2987000048160553
YHR117W,YJL162C,0,-1.6600658,0.13691507279872894,0.4740000069141388,0.298799991607666
YIL151C,YDR223W,0,-1.660199,0.13687554001808167,0.4740000069141388,0.2989000082015991
YHR062C,YDR437W,0,-1.6602447,0.13683602213859558,0.4740000069141388,0.29899999499320984
YEL013W,YLR435W,0,-1.6602985,0.13679653406143188,0.4740000069141388,0.29910001158714294
YBL069W,YPL259C,0,-1.6605182,0.13675707578659058,0.4740000069141388,0.29919999837875366
YCR092C,YMR265C,0,-1.6606017,0.13671761751174927,0.4740000069141388,0.2992999851703644
YNR050C,YPR110C,0,-1.6606969,0.13667820394039154,0.4740000069141388,0.2994000017642975
YGL253W,YEL069C,1,-1.6607305,0.13692706823349,0.4749999940395355,0.2994000017642975
YLR453C,YPR149W,0,-1.6608084,0.13688760995864868,0.4749999940395355,0.2994999885559082
YOL142W,YML086C,0,-1.6609672,0.13684816658496857,0.4749999940395355,0.2996000051498413
YLR337C,YLR320W,0,-1.6610004,0.13680875301361084,0.4749999940395355,0.299699991941452
YGR083C,YLR243W,0,-1.6610154,0.1367693692445755,0.4749999940395355,0.29980000853538513
YFL036W,YLR099C,0,-1.6611687,0.13673000037670135,0.4749999940395355,0.29989999532699585
YLR051C,YIR035C,0,-1.6612548,0.1366906464099884,0.4749999940395355,0.30000001192092896
YOR378W,YDR387C,0,-1.6613022,0.13665132224559784,0.4749999940395355,0.3000999987125397
YJR048W,YER070W,0,-1.6615714,0.13661202788352966,0.4749999940395355,0.3001999855041504
YDR144C,YKR094C,0,-1.6617212,0.13657274842262268,0.4749999940395355,0.3003000020980835
YJR060W,YOR047C,0,-1.6617287,0.1365334838628769,0.4749999940395355,0.3003999888896942
YKL006W,YBR046C,0,-1.6617306,0.1364942491054535,0.4749999940395355,0.3005000054836273
YLL029W,YDL211C,0,-1.6618294,0.13645504415035248,0.4749999940395355,0.30059999227523804
YBL100W-A,YBL040C,0,-1.66185,0.13641585409641266,0.4749999940395355,0.30070000886917114
YGR289C,YPL189W,1,-1.6619403,0.1366637945175171,0.47600001096725464,0.30070000886917114
YCR012W,YBR245C,0,-1.6619632,0.13662457466125488,0.47600001096725464,0.30079999566078186
YKR077W,YNR063W,0,-1.6620233,0.13658536970615387,0.47600001096725464,0.30090001225471497
YJL219W,YNR072W,1,-1.6621494,0.1368330419063568,0.47699999809265137,0.30090001225471497
YOR354C,YMR086W,0,-1.6622611,0.1367938071489334,0.47699999809265137,0.3009999990463257
YDR457W,YLR304C,0,-1.662527,0.1367545872926712,0.47699999809265137,0.3010999858379364
YIL095W,YNL311C,0,-1.6626124,0.13671539723873138,0.47699999809265137,0.3012000024318695
YDR354W,YBR262C,0,-1.6627647,0.13667622208595276,0.47699999809265137,0.3012999892234802
YBR265W,YML133C,0,-1.6630726,0.13663706183433533,0.47699999809265137,0.30140000581741333
YNL318C,YPL189W,1,-1.663144,0.13688430190086365,0.4779999852180481,0.30140000581741333
YJR113C,YOL030W,0,-1.6631447,0.13684511184692383,0.4779999852180481,0.30149999260902405
YNL281W,YPL097W,0,-1.6635083,0.1368059515953064,0.4779999852180481,0.30160000920295715
YLL013C,YGR292W,0,-1.6635792,0.13676680624485016,0.4779999852180481,0.30169999599456787
YGR074W,YNL181W,0,-1.6637787,0.1367276906967163,0.4779999852180481,0.301800012588501
YHR021C,YCR058C,0,-1.6638917,0.13668859004974365,0.4779999852180481,0.3018999993801117
YER078C,YBR153W,0,-1.6639572,0.13664951920509338,0.4779999852180481,0.3019999861717224
YCL026C-B,YDR315C,0,-1.664149,0.1366104632616043,0.4779999852180481,0.3021000027656555
YIL033C,YMR258C,0,-1.6641682,0.13657142221927643,0.4779999852180481,0.30219998955726624
YJR053W,YCR096C,0,-1.6644946,0.13653242588043213,0.4779999852180481,0.30230000615119934
YOR223W,YER059W,0,-1.664523,0.13649342954158783,0.4779999852180481,0.30239999294281006
YDR343C,YFL054C,1,-1.6646231,0.13673993945121765,0.4790000021457672,0.30239999294281006
YGL057C,YIR006C,0,-1.6646867,0.13670091331005096,0.4790000021457672,0.30250000953674316
YPR200C,YHR158C,0,-1.6647942,0.13666191697120667,0.4790000021457672,0.3025999963283539
YMR315W,YBL069W,0,-1.6648033,0.13662293553352356,0.4790000021457672,0.302700012922287
YEL012W,YOR229W,0,-1.6651834,0.13658396899700165,0.4790000021457672,0.3027999997138977
YLR320W,YDR387C,0,-1.665538,0.13654504716396332,0.4790000021457672,0.3028999865055084
YGR206W,YMR262W,0,-1.6656803,0.136506125330925,0.4790000021457672,0.30300000309944153
YNR008W,YDR261C,0,-1.6661702,0.13646723330020905,0.4790000021457672,0.30309998989105225
YGL261C,YGR169C,0,-1.6661726,0.1364283710718155,0.4790000021457672,0.30320000648498535
YKL108W,YLR382C,0,-1.6663151,0.13638952374458313,0.4790000021457672,0.30329999327659607
YDL245C,YFR053C,1,-1.6665541,0.13663534820079803,0.47999998927116394,0.30329999327659607
YHR096C,YFL054C,1,-1.6666266,0.1368810534477234,0.48100000619888306,0.30329999327659607
YCL057C-A,YJR088C,0,-1.6667043,0.13684210181236267,0.48100000619888306,0.3034000098705292
YMR265C,YLR167W,0,-1.6668509,0.13680317997932434,0.48100000619888306,0.3034999966621399
YJR149W,YJL180C,0,-1.667308,0.1367642879486084,0.48100000619888306,0.303600013256073
YBR241C,YDR536W,1,-1.6673725,0.1370096653699875,0.4819999933242798,0.303600013256073
YER074W,YER078C,0,-1.6675575,0.13697072863578796,0.4819999933242798,0.3037000000476837
YGL168W,YPR041W,0,-1.6676583,0.13693182170391083,0.4819999933242798,0.30379998683929443
YHR080C,YJR160C,0,-1.6677009,0.13689292967319489,0.4819999933242798,0.30390000343322754
YCL057C-A,YOR152C,0,-1.6677456,0.13685406744480133,0.4819999933242798,0.30399999022483826
YMR029C,YLL057C,0,-1.6677489,0.13681522011756897,0.4819999933242798,0.30410000681877136
YLL043W,YBR241C,1,-1.6677974,0.13706016540527344,0.4830000102519989,0.30410000681877136
YDR437W,YDL134C-A,0,-1.6678344,0.1370212733745575,0.4830000102519989,0.3041999936103821
YOR243C,YGR020C,0,-1.6681241,0.13698241114616394,0.4830000102519989,0.3043000102043152
YMR315W,YLR099W-A,0,-1.6681985,0.13694357872009277,0.4830000102519989,0.3043999969959259
YJL074C,YNR071C,0,-1.6683649,0.1369047611951828,0.4830000102519989,0.304500013589859
YMR239C,YLL013C,0,-1.6686617,0.13686597347259521,0.4830000102519989,0.3046000003814697
YHR109W,YCR058C,0,-1.6686958,0.13682720065116882,0.4830000102519989,0.30469998717308044
YDL194W,YFL054C,1,-1.6687707,0.1370716542005539,0.48399999737739563,0.30469998717308044
YJR160C,YBL020W,1,-1.66882,0.13731597363948822,0.48500001430511475,0.30469998717308044
YHR162W,YBR022W,0,-1.6690018,0.13727709650993347,0.48500001430511475,0.30480000376701355
YKR082W,YCR089W,0,-1.6690592,0.1372382640838623,0.48500001430511475,0.30489999055862427
YOR185C,YDL159W,0,-1.6694366,0.13719943165779114,0.48500001430511475,0.3050000071525574
YBL023C,YLR099W-A,0,-1.6695164,0.13716062903404236,0.48500001430511475,0.3050999939441681
YJL114W,YBR025C,0,-1.6696936,0.13712185621261597,0.48500001430511475,0.3052000105381012
YKL101W,YOL151W,0,-1.6697546,0.13708309829235077,0.48500001430511475,0.3052999973297119
YJL219W,YBL020W,1,-1.6697557,0.1373269259929657,0.4860000014305115,0.3052999973297119
YER021W,YBR240C,0,-1.669934,0.1372881382703781,0.4860000014305115,0.305400013923645
YDR084C,YMR111C,0,-1.6701044,0.13724936544895172,0.4860000014305115,0.30550000071525574
YER180C,YGL161C,0,-1.6703924,0.13721062242984772,0.4860000014305115,0.30559998750686646
YHL035C,YHR148W,0,-1.6705654,0.1371718943119049,0.4860000014305115,0.30570000410079956
YAL051W,YDR363W,0,-1.6705714,0.1371331810951233,0.4860000014305115,0.3057999908924103
YOL102C,YPR003C,0,-1.6707164,0.13709449768066406,0.4860000014305115,0.3059000074863434
YDR084C,YLR278C,0,-1.6707538,0.13705584406852722,0.4860000014305115,0.3059999942779541
YGL123W,YNR067C,0,-1.6709775,0.13701719045639038,0.4860000014305115,0.3061000108718872
YPR200C,YMR210W,0,-1.6711365,0.13697858154773712,0.4860000014305115,0.3061999976634979
YDR379C-A,YPL210C,0,-1.6711969,0.13693998754024506,0.4860000014305115,0.30630001425743103
YBL054W,YBR129C,0,-1.6713009,0.13690140843391418,0.4860000014305115,0.30640000104904175
YGL067W,YNL112W,0,-1.6716018,0.1368628591299057,0.4860000014305115,0.30649998784065247
YPL189W,YNR072W,1,-1.6716055,0.13710585236549377,0.4869999885559082,0.30649998784065247
YER092W,YNL261W,0,-1.6717554,0.1370672732591629,0.4869999885559082,0.30660000443458557
YMR211W,YKL003C,0,-1.6717755,0.13702869415283203,0.4869999885559082,0.3066999912261963
YIL053W,YLL003W,0,-1.67191,0.13699015974998474,0.4869999885559082,0.3068000078201294
YNL261W,YOR134W,0,-1.6721121,0.13695162534713745,0.4869999885559082,0.3068999946117401
YGR247W,YBR095C,0,-1.672218,0.13691313564777374,0.4869999885559082,0.3070000112056732
YER166W,YLR320W,0,-1.6722252,0.13687464594841003,0.4869999885559082,0.30709999799728394
YHR094C,YNL307C,0,-1.672421,0.1368361860513687,0.4869999885559082,0.30720001459121704
YGR044C,YDR367W,0,-1.672601,0.13679775595664978,0.4869999885559082,0.30730000138282776
YAL068C,YPR181C,0,-1.6726071,0.13675934076309204,0.4869999885559082,0.3073999881744385
YDL202W,YGL195W,0,-1.672748,0.1367209404706955,0.4869999885559082,0.3075000047683716
YKL162C,YKR084C,0,-1.6729909,0.13668256998062134,0.4869999885559082,0.3075999915599823
YBR273C,YPL249C-A,0,-1.6729976,0.13664421439170837,0.4869999885559082,0.3077000081539154
YDR227W,YOL083W,0,-1.6730877,0.1366058886051178,0.4869999885559082,0.3077999949455261
YNR008W,YLR160C,0,-1.6732137,0.13656757771968842,0.4869999885559082,0.30790001153945923
YMR002W,YBR079C,0,-1.673391,0.13652929663658142,0.4869999885559082,0.30799999833106995
YLR204W,YLR099W-A,0,-1.6734625,0.13649103045463562,0.4869999885559082,0.30809998512268066
YIL070C,YMR262W,0,-1.6735003,0.1364527940750122,0.4869999885559082,0.30820000171661377
YHL001W,YGL119W,0,-1.673732,0.13641457259655,0.4869999885559082,0.3082999885082245
YMR097C,YHR113W,0,-1.673747,0.13637636601924896,0.4869999885559082,0.3084000051021576
YKL033W,YCR002C,0,-1.6738011,0.13633818924427032,0.4869999885559082,0.3084999918937683
YBL074C,YBR179C,0,-1.6741854,0.13630002737045288,0.4869999885559082,0.3086000084877014
YLR173W,YNR001C,0,-1.6742932,0.13626189529895782,0.4869999885559082,0.30869999527931213
YNL063W,YML095C,0,-1.6743337,0.13622377812862396,0.4869999885559082,0.30880001187324524
YHR188C,YOR365C,0,-1.6743901,0.1361856758594513,0.4869999885559082,0.30889999866485596
YDR226W,YNL041C,0,-1.6745223,0.136147603392601,0.4869999885559082,0.3089999854564667
YGL206C,YNL181W,0,-1.6745516,0.13610956072807312,0.4869999885559082,0.3091000020503998
YFL011W,YPR026W,1,-1.6748992,0.13635092973709106,0.4880000054836273,0.3091000020503998
YDL245C,YPR115W,1,-1.6751797,0.13659217953681946,0.48899999260902405,0.3091000020503998
YEL047C,YJL206C,0,-1.6752627,0.1365540325641632,0.48899999260902405,0.3091999888420105
YJL074C,YPL258C,0,-1.6753188,0.13651591539382935,0.48899999260902405,0.3093000054359436
YJR160C,YML038C,1,-1.6753403,0.13675691187381744,0.49000000953674316,0.3093000054359436
YEL013W,YHR047C,0,-1.6756238,0.13671875,0.49000000953674316,0.3093999922275543
YIL171W,YPR115W,1,-1.6756264,0.13695955276489258,0.4909999966621399,0.3093999922275543
YBR065C,YHR172W,0,-1.6756588,0.13692136108875275,0.4909999966621399,0.3095000088214874
YCL026C-B,YOR059C,0,-1.675905,0.1368831843137741,0.4909999966621399,0.30959999561309814
YOR148C,YDL229W,0,-1.6759261,0.13684503734111786,0.4909999966621399,0.30970001220703125
YIL067C,YLR320W,0,-1.6760775,0.1368069052696228,0.4909999966621399,0.30979999899864197
YGL079W,YDR513W,0,-1.6762785,0.13676880300045013,0.4909999966621399,0.3098999857902527
YLR100W,YPL076W,0,-1.6764029,0.13673071563243866,0.4909999966621399,0.3100000023841858
YPR115W,YHR094C,1,-1.6764244,0.13697104156017303,0.492000013589859,0.3100000023841858
YGL067W,YMR306W,0,-1.6765891,0.13693292438983917,0.492000013589859,0.3100999891757965
YGL256W,YPL189W,0,-1.6769887,0.1368948221206665,0.492000013589859,0.3102000057697296
YGL065C,YBL069W,0,-1.677254,0.13685674965381622,0.492000013589859,0.31029999256134033
YOL156W,YPL259C,0,-1.6773721,0.13681869208812714,0.492000013589859,0.31040000915527344
YDL235C,YMR300C,0,-1.6777731,0.13678064942359924,0.492000013589859,0.31049999594688416
YIL095W,YDR430C,0,-1.67795,0.13674263656139374,0.492000013589859,0.31060001254081726
YLR271W,YKL185W,0,-1.6780123,0.13670463860034943,0.492000013589859,0.310699999332428
YIL170W,YHR094C,1,-1.6781473,0.13694444298744202,0.49300000071525574,0.310699999332428
YBR298C,YJR160C,1,-1.6786989,0.13718411326408386,0.49399998784065247,0.310699999332428
YGR059W,YDR457W,0,-1.6788031,0.1371460258960724,0.49399998784065247,0.3107999861240387
YGR097W,YGL225W,1,-1.6788495,0.1373855173587799,0.4950000047683716,0.3107999861240387
YCR089W,YKR101W,0,-1.6790458,0.13734738528728485,0.4950000047683716,0.3109000027179718
YER184C,YBL069W,0,-1.6791246,0.13730929791927338,0.4950000047683716,0.3109999895095825
YPL187W,YPR140W,0,-1.6793162,0.1372712105512619,0.4950000047683716,0.3111000061035156
YGR217W,YPL095C,0,-1.6793938,0.13723315298557281,0.4950000047683716,0.31119999289512634
YBR271W,YMR019W,0,-1.6795594,0.13719512522220612,0.4950000047683716,0.31130000948905945
YER184C,YLR435W,0,-1.6798269,0.1371571123600006,0.4950000047683716,0.31139999628067017
YAL010C,YJL206C,0,-1.6798283,0.1371191143989563,0.4950000047683716,0.31150001287460327
YDL122W,YJL091C,0,-1.6800202,0.13708114624023438,0.4950000047683716,0.311599999666214
YHR094C,YFL054C,1,-1.6801447,0.13732004165649414,0.4959999918937683,0.311599999666214
YFR011C,YML059C,0,-1.6801916,0.13728204369544983,0.4959999918937683,0.3116999864578247
YOR310C,YNL048W,0,-1.6801943,0.13724404573440552,0.4959999918937683,0.3118000030517578
YKL144C,YBR262C,0,-1.6802009,0.1372060924768448,0.4959999918937683,0.31189998984336853
YFR024C,YDR525W-A,0,-1.680327,0.13716813921928406,0.4959999918937683,0.31200000643730164
YOR301W,YHR158C,0,-1.6804062,0.13713021576404572,0.4959999918937683,0.31209999322891235
YDR342C,YOR128C,0,-1.6804085,0.13709232211112976,0.4959999918937683,0.31220000982284546
YLR081W,YHR094C,1,-1.680424,0.13733075559139252,0.4970000088214874,0.31220000982284546
YOR288C,YLR356W,0,-1.6804253,0.13729281723499298,0.4970000088214874,0.3122999966144562
YDR474C,YNL308C,0,-1.6805347,0.13725490868091583,0.4970000088214874,0.3124000132083893
YLR144C,YMR034C,0,-1.6807089,0.13721700012683868,0.4970000088214874,0.3125
YER039C,YOR349W,0,-1.680945,0.13717913627624512,0.4970000088214874,0.3125999867916107
YDR343C,YJL219W,1,-1.6809851,0.13741721212863922,0.49799999594688416,0.3125999867916107
YMR213W,YPR023C,0,-1.6811453,0.13737930357456207,0.49799999594688416,0.3127000033855438
YKL006W,YOL086W-A,0,-1.6812992,0.1373414248228073,0.49799999594688416,0.31279999017715454
YGL210W-A,YGR135W,0,-1.6814189,0.13730356097221375,0.49799999594688416,0.31290000677108765
YHR172W,YMR258C,0,-1.6819185,0.13726571202278137,0.49799999594688416,0.31299999356269836
YMR262W,YOL093W,0,-1.6820341,0.1372278928756714,0.49799999594688416,0.31310001015663147
YHR080C,YDR018C,0,-1.6820629,0.1371900886297226,0.49799999594688416,0.3131999969482422
YIL076W,YLR160C,0,-1.6821108,0.137152299284935,0.49799999594688416,0.3133000135421753
YDR182W,YGR292W,0,-1.6821555,0.1371145397424698,0.49799999594688416,0.313400000333786
YKR029C,YJR158W,0,-1.6821834,0.13707679510116577,0.49799999594688416,0.31349998712539673
YBL023C,YMR289W,0,-1.6822261,0.13703908026218414,0.49799999594688416,0.31360000371932983
YOR140W,YOL101C,0,-1.6824182,0.1370013803243637,0.49799999594688416,0.31369999051094055
YHR188C,YBR296C,0,-1.6826657,0.13696369528770447,0.49799999594688416,0.31380000710487366
YDL065C,YHL019C,0,-1.6829854,0.13692604005336761,0.49799999594688416,0.3138999938964844
YPL243W,YIL018W,0,-1.6830665,0.13688839972019196,0.49799999594688416,0.3140000104904175
YGR101W,YMR011W,0,-1.683133,0.13685078918933868,0.49799999594688416,0.3140999972820282
YIL009W,YLR448W,0,-1.6833829,0.1368131935596466,0.49799999594688416,0.3142000138759613
YNL080C,YGL211W,0,-1.6834165,0.13677561283111572,0.49799999594688416,0.314300000667572
YKL165C,YMR152W,0,-1.6838874,0.13673806190490723,0.49799999594688416,0.31439998745918274
YMR074C,YLR097C,0,-1.6847109,0.13670052587985992,0.49799999594688416,0.31450000405311584
YOL086W-A,YDR519W,0,-1.6848749,0.13666300475597382,0.49799999594688416,0.31459999084472656
YOL142W,YLR304C,0,-1.6850313,0.1366255134344101,0.49799999594688416,0.31470000743865967
YDR224C,YLR095C,0,-1.6851915,0.13658803701400757,0.49799999594688416,0.3147999942302704
YJR053W,YPR111W,0,-1.6852869,0.13655059039592743,0.49799999594688416,0.3149000108242035
YJR158W,YIL171W,1,-1.6855311,0.1367872804403305,0.49900001287460327,0.3149000108242035
YJL061W,YGL010W,0,-1.6855702,0.13674978911876678,0.49900001287460327,0.3149999976158142
YHR172W,YCR087C-A,0,-1.6856121,0.13671232759952545,0.49900001287460327,0.3151000142097473
YJL107C,YFL023W,0,-1.6857356,0.1366748809814453,0.49900001287460327,0.31520000100135803
YKL132C,YML030W,0,-1.6858424,0.13663746416568756,0.49900001287460327,0.31529998779296875
YEL063C,YDR099W,0,-1.6858817,0.1366000473499298,0.49900001287460327,0.31540000438690186
YML026C,YPR028W,0,-1.6858875,0.13656267523765564,0.49900001287460327,0.3154999911785126
YDR387C,YDR345C,1,-1.6862206,0.1367989033460617,0.5,0.3154999911785126
YGL210W-A,YBL018C,0,-1.6862899,0.13676148653030396,0.5,0.3156000077724457
YLL013C,YBL040C,0,-1.686518,0.1367240846157074,0.5,0.3156999945640564
YOL019W,YMR086W,0,-1.6866456,0.13668671250343323,0.5,0.3158000111579895
YOR140W,YKL188C,0,-1.6866577,0.13664935529232025,0.5,0.3158999979496002
YGR246C,YLL013C,0,-1.6867242,0.13661202788352966,0.5,0.3160000145435333
YGL191W,YCR023C,0,-1.6868018,0.13657470047473907,0.5,0.31610000133514404
YGL057C,YPL221W,0,-1.6869017,0.13653741776943207,0.5,0.31619998812675476
YDR381C-A,YBR018C,0,-1.6869239,0.13650013506412506,0.5,0.31630000472068787
YKL132C,YGR188C,0,-1.687412,0.13646288216114044,0.5,0.3163999915122986
YBR298C,YDL247W,1,-1.687564,0.13669849932193756,0.5009999871253967,0.3163999915122986
YER166W,YNL039W,0,-1.6875899,0.13666121661663055,0.5009999871253967,0.3165000081062317
YDL215C,YML088W,0,-1.6877381,0.13662394881248474,0.5009999871253967,0.3165999948978424
YGL247W,YMR023C,0,-1.687792,0.13658669590950012,0.5009999871253967,0.3167000114917755
YHL035C,YLR447C,0,-1.6877985,0.1365494728088379,0.5009999871253967,0.31679999828338623
YGR044C,YDR007W,0,-1.6878351,0.13651226460933685,0.5009999871253967,0.31690001487731934
YOR215C,YOL070C,0,-1.6880434,0.136475071310997,0.5009999871253967,0.31700000166893005
YHR079C-A,YDL134C-A,0,-1.6882604,0.13643790781497955,0.5009999871253967,0.31709998846054077
YIR030C,YPR140W,0,-1.6884556,0.1364007592201233,0.5009999871253967,0.3172000050544739
YLR453C,YKL144C,0,-1.6884571,0.13636364042758942,0.5009999871253967,0.3172999918460846
YNL318C,YHR094C,1,-1.6884664,0.1365986466407776,0.5019999742507935,0.3172999918460846
YDR032C,YDR018C,0,-1.6885765,0.13656148314476013,0.5019999742507935,0.3174000084400177
YPL026C,YJR158W,1,-1.6886036,0.13679629564285278,0.503000020980835,0.3174000084400177
YDR387C,YDR342C,1,-1.688722,0.13703098893165588,0.5040000081062317,0.3174000084400177
YOL098C,YDR142C,0,-1.6887918,0.13699375092983246,0.5040000081062317,0.3174999952316284
YNR063W,YOL111C,0,-1.6890942,0.13695652782917023,0.5040000081062317,0.3176000118255615
YDR052C,YML081W,0,-1.6895447,0.1369193196296692,0.5040000081062317,0.31769999861717224
YPL010W,YBR022W,0,-1.6895616,0.13688212633132935,0.5040000081062317,0.31779998540878296
YER007W,YJL162C,0,-1.6897066,0.1368449628353119,0.5040000081062317,0.31790000200271606
YJR158W,YDL247W,1,-1.6899846,0.13707926869392395,0.5049999952316284,0.31790000200271606
YAL020C,YBR173C,0,-1.6900887,0.1370420604944229,0.5049999952316284,0.3179999887943268
YDR282C,YGR217W,0,-1.6902232,0.13700488209724426,0.5049999952316284,0.3181000053882599
YJR088C,YHR016C,0,-1.6903235,0.1369677186012268,0.5049999952316284,0.3181999921798706
YDR444W,YOR079C,0,-1.6903609,0.13693058490753174,0.5049999952316284,0.3183000087738037
YBR242W,YNL132W,0,-1.6903783,0.13689346611499786,0.5049999952316284,0.31839999556541443
YLR442C,YJL206C,0,-1.690398,0.13685636222362518,0.5049999952316284,0.31850001215934753
YPL141C,YOR298C-A,0,-1.6905919,0.1368192881345749,0.5049999952316284,0.31859999895095825
YFL036W,YOR058C,0,-1.6906005,0.1367822289466858,0.5049999952316284,0.31869998574256897
YGL253W,YPR115W,1,-1.6908857,0.13701598346233368,0.5059999823570251,0.31869998574256897
YLR453C,YGR059W,0,-1.6909441,0.136978879570961,0.5059999823570251,0.3188000023365021
YDR164C,YBR007C,0,-1.6909639,0.1369418203830719,0.5059999823570251,0.3188999891281128
YOR317W,YEL017C-A,0,-1.6913534,0.1369047611951828,0.5059999823570251,0.3190000057220459
YLR342W,YNL293W,0,-1.6915886,0.1368677318096161,0.5059999823570251,0.3190999925136566
YNR053C,YJL168C,0,-1.6917014,0.13683071732521057,0.5059999823570251,0.3192000091075897
YDL247W,YNR054C,0,-1.6917167,0.13679373264312744,0.5059999823570251,0.31929999589920044
YMR212C,YMR221C,0,-1.6920289,0.1367567628622055,0.5059999823570251,0.31940001249313354
YGR246C,YCL074W,0,-1.6922847,0.13671980798244476,0.5059999823570251,0.31949999928474426
YDL224C,YJL026W,0,-1.6923691,0.13668286800384521,0.5059999823570251,0.319599986076355
YMR077C,YNR067C,0,-1.6923741,0.13664595782756805,0.5059999823570251,0.3197000026702881
YGL079W,YOR079C,0,-1.6925217,0.13660907745361328,0.5059999823570251,0.3197999894618988
YGR170W,YDR387C,0,-1.6925431,0.1365721970796585,0.5059999823570251,0.3199000060558319
YPL258C,YMR221C,0,-1.6926249,0.13653534650802612,0.5059999823570251,0.3199999928474426
YOR148C,YNR063W,0,-1.6926595,0.13649851083755493,0.5059999823570251,0.32010000944137573
YPL052W-A,YBR265W,0,-1.6934643,0.13646170496940613,0.5059999823570251,0.32019999623298645
YNL185C,YIL009W,0,-1.6935823,0.13642491400241852,0.5059999823570251,0.32030001282691956
YJR160C,YDL199C,1,-1.6936256,0.1366576850414276,0.5070000290870667,0.32030001282691956
YCL045C,YGL026C,0,-1.6936353,0.13662086427211761,0.5070000290870667,0.3203999996185303
YDR181C,YLR173W,0,-1.693709,0.1365840584039688,0.5070000290870667,0.320499986410141
YHL004W,YOR071C,0,-1.6937989,0.1365472674369812,0.5070000290870667,0.3206000030040741
YOR086C,YHL032C,0,-1.6938483,0.13651050627231598,0.5070000290870667,0.3206999897956848
YMR011W,YGL225W,1,-1.6939311,0.13674293458461761,0.5080000162124634,0.3206999897956848
YBR296C,YNL151C,0,-1.6941026,0.1367061287164688,0.5080000162124634,0.3208000063896179
YIL087C,YOL157C,0,-1.6945351,0.1366693526506424,0.5080000162124634,0.32089999318122864
YDR536W,YEL069C,1,-1.6946045,0.13690155744552612,0.5090000033378601,0.32089999318122864
YBR193C,YOR101W,0,-1.6946388,0.13686475157737732,0.5090000033378601,0.32100000977516174
YGL038C,YJL050W,0,-1.6947263,0.1368279606103897,0.5090000033378601,0.32109999656677246
YGR097W,YDL199C,1,-1.6948107,0.13705992698669434,0.5099999904632568,0.32109999656677246
YJL012C,YOL083W,0,-1.6948436,0.13702310621738434,0.5099999904632568,0.32120001316070557
YDR289C,YDR014W,0,-1.6948769,0.13698630034923553,0.5099999904632568,0.3212999999523163
YAL010C,YGL033W,0,-1.6948882,0.13694950938224792,0.5099999904632568,0.321399986743927
YPR026W,YOL156W,1,-1.6949137,0.13718120753765106,0.5109999775886536,0.321399986743927
YHL018W,YJL137C,0,-1.6949646,0.13714438676834106,0.5109999775886536,0.3215000033378601
YOR134W,YIL120W,0,-1.6950158,0.13710759580135345,0.5109999775886536,0.3215999901294708
YJR158W,YPL244C,1,-1.6951166,0.1373390555381775,0.5120000243186951,0.3215999901294708
YHR071W,YDR261C,0,-1.6952264,0.1373022198677063,0.5120000243186951,0.32170000672340393
YPR131C,YGR277C,0,-1.6953373,0.1372654139995575,0.5120000243186951,0.32179999351501465
YER012W,YJR124C,0,-1.695451,0.13722862303256989,0.5120000243186951,0.32190001010894775
YLR442C,YKL188C,0,-1.6954907,0.13719184696674347,0.5120000243186951,0.32199999690055847
YNL019C,YHR158C,0,-1.6956106,0.13715510070323944,0.5120000243186951,0.3221000134944916
YGR222W,YJR088C,0,-1.6956325,0.1371183693408966,0.5120000243186951,0.3222000002861023
YGL261C,YMR306W,0,-1.6957365,0.13708165287971497,0.5120000243186951,0.322299987077713
YPR149W,YPL258C,0,-1.6959066,0.1370449662208557,0.5120000243186951,0.3224000036716461
YIL171W,YFR053C,1,-1.6960623,0.13727588951587677,0.5130000114440918,0.3224000036716461
YDR449C,YGL068W,0,-1.6963106,0.13723915815353394,0.5130000114440918,0.32249999046325684
YGL033W,YGL256W,0,-1.6963446,0.1372024565935135,0.5130000114440918,0.32260000705718994
YBR271W,YHR178W,0,-1.6966311,0.13716576993465424,0.5130000114440918,0.32269999384880066
YPR115W,YDR536W,1,-1.6966997,0.1373964250087738,0.5139999985694885,0.32269999384880066
YLR422W,YOR315W,0,-1.6971644,0.13735969364643097,0.5139999985694885,0.32280001044273376
YDL174C,YJL083W,0,-1.6971658,0.13732300698757172,0.5139999985694885,0.3228999972343445
YPL241C,YGL234W,0,-1.6972085,0.13728632032871246,0.5139999985694885,0.3230000138282776
YMR046C,YLR166C,0,-1.6972966,0.1372496634721756,0.5139999985694885,0.3231000006198883
YBL018C,YNL048W,0,-1.6974071,0.13721302151679993,0.5139999985694885,0.323199987411499
YDR525W-A,YML077W,0,-1.6974217,0.13717640936374664,0.5139999985694885,0.32330000400543213
YLR390W,YEL016C,0,-1.697423,0.13713981211185455,0.5139999985694885,0.32339999079704285
YGL200C,YJR085C,0,-1.6975054,0.13710322976112366,0.5139999985694885,0.32350000739097595
YPL141C,YPL045W,0,-1.6975894,0.13706666231155396,0.5139999985694885,0.32359999418258667
YCR105W,YKL054C,0,-1.697652,0.13703012466430664,0.5139999985694885,0.3237000107765198
YPL070W,YPL141C,0,-1.6980894,0.13699360191822052,0.5139999985694885,0.3237999975681305
YEL034W,YHL011C,0,-1.6981442,0.1369570940732956,0.5139999985694885,0.3239000141620636
YPR025C,YOR062C,0,-1.6981474,0.13692061603069305,0.5139999985694885,0.3240000009536743
YBR017C,YOR062C,0,-1.6982075,0.1368841528892517,0.5139999985694885,0.32409998774528503
YDR309C,YGR181W,0,-1.6982583,0.13684770464897156,0.5139999985694885,0.32420000433921814
YGL104C,YOL156W,1,-1.6983078,0.1370774507522583,0.5149999856948853,0.32420000433921814
YBR278W,YLR099W-A,0,-1.6983728,0.13704097270965576,0.5149999856948853,0.32429999113082886
YDR444W,YPR047W,0,-1.6983763,0.1370045244693756,0.5149999856948853,0.32440000772476196
YLR242C,YKL167C,0,-1.6984292,0.13696809113025665,0.5149999856948853,0.3244999945163727
YCL024W,YFL017C,0,-1.698646,0.1369316726922989,0.5149999856948853,0.3246000111103058
YJL011C,YCR087C-A,0,-1.6987187,0.13689526915550232,0.5149999856948853,0.3246999979019165
YIL078W,YFR037C,0,-1.698816,0.13685889542102814,0.5149999856948853,0.3248000144958496
YNL223W,YDL223C,0,-1.6992308,0.13682253658771515,0.5149999856948853,0.3249000012874603
YLR160C,YDL215C,0,-1.6993792,0.13678619265556335,0.5149999856948853,0.32499998807907104
YBL100W-A,YGR277C,0,-1.699524,0.13674986362457275,0.5149999856948853,0.32510000467300415
YPR149W,YGL256W,0,-1.6998984,0.13671356439590454,0.5149999856948853,0.32519999146461487
YBL087C,YNL080C,0,-1.7002848,0.13667728006839752,0.5149999856948853,0.325300008058548
YER157W,YGL247W,0,-1.7003084,0.1366410255432129,0.5149999856948853,0.3253999948501587
YIL099W,YIL124W,0,-1.7005186,0.13660477101802826,0.5149999856948853,0.3255000114440918
YPR058W,YGL236C,0,-1.7005616,0.13656854629516602,0.5149999856948853,0.3255999982357025
YJR061W,YNL096C,0,-1.7005994,0.13653233647346497,0.5149999856948853,0.3257000148296356
YDR260C,YGR020C,0,-1.701,0.1364961564540863,0.5149999856948853,0.32580000162124634
YBR153W,YAR071W,0,-1.7010034,0.13645999133586884,0.5149999856948853,0.32589998841285706
YCR052W,YLR448W,0,-1.7010036,0.13642384111881256,0.5149999856948853,0.32600000500679016
YDR310C,YBL098W,0,-1.7013828,0.13638770580291748,0.5149999856948853,0.3260999917984009
YPR026W,YPL189W,1,-1.7014614,0.13661636412143707,0.515999972820282,0.3260999917984009
YGR204W,YER132C,0,-1.7015032,0.1365801990032196,0.515999972820282,0.326200008392334
YDR260C,YLR249W,0,-1.7015129,0.13654406368732452,0.515999972820282,0.3262999951839447
YNR072W,YHR092C,1,-1.7016643,0.13677248358726501,0.5170000195503235,0.3262999951839447
YCR005C,YKR101W,0,-1.701667,0.13673631846904755,0.5170000195503235,0.3264000117778778
YPR147C,YBR212W,0,-1.7018157,0.13670015335083008,0.5170000195503235,0.3264999985694885
YOR163W,YGL186C,0,-1.7018571,0.136664018034935,0.5170000195503235,0.32659998536109924
YDR226W,YFR019W,0,-1.7020048,0.1366279125213623,0.5170000195503235,0.32670000195503235
YDR424C,YMR216C,0,-1.7020084,0.1365918070077896,0.5170000195503235,0.32679998874664307
YER007W,YOL064C,0,-1.7020222,0.1365557312965393,0.5170000195503235,0.32690000534057617
YDL224C,YPR200C,0,-1.7027411,0.1365196704864502,0.5170000195503235,0.3269999921321869
YDR144C,YLR203C,0,-1.7029475,0.13648363947868347,0.5170000195503235,0.32710000872612
YGL019W,YGR109C,0,-1.7030374,0.13644760847091675,0.5170000195503235,0.3271999955177307
YNR008W,YMR032W,0,-1.7031562,0.1364116072654724,0.5170000195503235,0.3273000121116638
YDL199C,YGL225W,1,-1.7034074,0.13663941621780396,0.5180000066757202,0.3273000121116638
YDR200C,YJL026W,0,-1.7035166,0.13660337030887604,0.5180000066757202,0.32739999890327454
YCR102C,YGR044C,0,-1.7035173,0.1365673542022705,0.5180000066757202,0.32749998569488525
YJR075W,YLR129W,0,-1.7035707,0.13653136789798737,0.5180000066757202,0.32760000228881836
YJR075W,YMR262W,0,-1.7036074,0.13649538159370422,0.5180000066757202,0.3276999890804291
YLR441C,YLR418C,0,-1.7038774,0.13645942509174347,0.5180000066757202,0.3278000056743622
YIL110W,YFL061W,0,-1.7038776,0.1364234983921051,0.5180000066757202,0.3278999924659729
YDR343C,YOL156W,1,-1.704022,0.13665087521076202,0.5189999938011169,0.3278999924659729
YJL114W,YLR375W,0,-1.7040254,0.13661490380764008,0.5189999938011169,0.328000009059906
YIL158W,YBR046C,0,-1.7040719,0.13657894730567932,0.5189999938011169,0.3280999958515167
YBL056W,YGR020C,0,-1.7041471,0.13654302060604095,0.5189999938011169,0.32820001244544983
YOR310C,YDR487C,0,-1.704214,0.13650710880756378,0.5189999938011169,0.32829999923706055
YGR042W,YNL131W,0,-1.7045382,0.1364712119102478,0.5189999938011169,0.32839998602867126
YKL046C,YJR041C,0,-1.7046125,0.13643532991409302,0.5189999938011169,0.32850000262260437
YOL086W-A,YER180C,0,-1.7046243,0.13639947772026062,0.5189999938011169,0.3285999894142151
YJR094W-A,YGR236C,0,-1.7048459,0.13636364042758942,0.5189999938011169,0.3287000060081482
YLR001C,YFL028C,0,-1.7048746,0.1363278180360794,0.5189999938011169,0.3287999927997589
YMR294W,YPR052C,0,-1.7049136,0.1362920105457306,0.5189999938011169,0.328900009393692
YLR072W,YAL021C,0,-1.7054392,0.13625623285770416,0.5189999938011169,0.32899999618530273
YDR143C,YDL082W,0,-1.7054608,0.13622047007083893,0.5189999938011169,0.32910001277923584
YDR387C,YNR072W,1,-1.7054871,0.13644713163375854,0.5199999809265137,0.32910001277923584
YBL100W-A,YML064C,0,-1.7055732,0.13641133904457092,0.5199999809265137,0.32919999957084656
YCR102C,YBR092C,0,-1.7058086,0.1363755613565445,0.5199999809265137,0.3292999863624573
YGL184C,YDR392W,0,-1.7058264,0.13633979856967926,0.5199999809265137,0.3294000029563904
YER125W,YLR422W,0,-1.7058524,0.1363040655851364,0.5199999809265137,0.3294999897480011
YMR046C,YPL172C,0,-1.7058755,0.13626834750175476,0.5199999809265137,0.3296000063419342
YDL003W,YPR009W,0,-1.7058877,0.1362326443195343,0.5199999809265137,0.3296999931335449
YIL036W,YGR067C,0,-1.7060168,0.13619695603847504,0.5199999809265137,0.329800009727478
YBR043C,YDR525W-A,0,-1.7061001,0.13616129755973816,0.5199999809265137,0.32989999651908875
YLR219W,YEL019C,0,-1.7063843,0.13612565398216248,0.5199999809265137,0.33000001311302185
YKL037W,YNL312W,0,-1.7066424,0.13609002530574799,0.5199999809265137,0.33009999990463257
YHR031C,YML059C,0,-1.7067302,0.13605442643165588,0.5199999809265137,0.3301999866962433
YIL109C,YPL189W,0,-1.7067982,0.13601882755756378,0.5199999809265137,0.3303000032901764
YOR128C,YHL030W,0,-1.7068584,0.13598325848579407,0.5199999809265137,0.3303999900817871
YLR332W,YLR340W,0,-1.7069788,0.13594771921634674,0.5199999809265137,0.3305000066757202
YDR345C,YEL069C,1,-1.706998,0.1361735463142395,0.5210000276565552,0.3305000066757202
YJL214W,YEL004W,1,-1.7073101,0.1363992691040039,0.5220000147819519,0.3305000066757202
YOL086W-A,YFR037C,0,-1.7074047,0.13636364042758942,0.5220000147819519,0.33059999346733093
YCR052W,YLR441C,0,-1.7074133,0.13632802665233612,0.5220000147819519,0.33070001006126404
YBR083W,YFL035C-B,0,-1.7077214,0.13629242777824402,0.5220000147819519,0.33079999685287476
YGR128C,YJL206C,0,-1.7077299,0.1362568587064743,0.5220000147819519,0.33090001344680786
YNR063W,YDL100C,0,-1.7077359,0.1362212896347046,0.5220000147819519,0.3310000002384186
YKL134C,YOL055C,0,-1.7077473,0.13618575036525726,0.5220000147819519,0.3310999870300293
YJR158W,YMR011W,1,-1.7078514,0.13641105592250824,0.5230000019073486,0.3310999870300293
YGL106W,YLL054C,0,-1.7078878,0.13637548685073853,0.5230000019073486,0.3312000036239624
YDL155W,YKL201C,0,-1.7081743,0.13633993268013,0.5230000019073486,0.3312999904155731
YMR111C,YCR002C,0,-1.7082733,0.13630440831184387,0.5230000019073486,0.3314000070095062
YDR387C,YLL043W,1,-1.7083162,0.13652944564819336,0.5239999890327454,0.3314000070095062
YLR099C,YPR113W,0,-1.7084666,0.13649387657642365,0.5239999890327454,0.33149999380111694
YGL225W,YFR053C,1,-1.7085637,0.13671875,0.5249999761581421,0.33149999380111694
YDL102W,YBR021W,0,-1.7085837,0.1366831511259079,0.5249999761581421,0.33160001039505005
YGL229C,YCR023C,0,-1.7086339,0.13664758205413818,0.5249999761581421,0.33169999718666077
YHL035C,YGR127W,0,-1.7087966,0.13661202788352966,0.5249999761581421,0.33180001378059387
YLR001C,YJL206C,0,-1.7088315,0.13657648861408234,0.5249999761581421,0.3319000005722046
YDL245C,YOL156W,1,-1.7089108,0.13680103421211243,0.5260000228881836,0.3319000005722046
YBR179C,YML030W,0,-1.7089821,0.1367654651403427,0.5260000228881836,0.3319999873638153
YLL052C,YLR442C,0,-1.7090031,0.13672992587089539,0.5260000228881836,0.3321000039577484
YHR096C,YOL055C,0,-1.7090698,0.13669438660144806,0.5260000228881836,0.33219999074935913
YIL074C,YNL026W,0,-1.7091652,0.13665887713432312,0.5260000228881836,0.33230000734329224
YEL068C,YDR200C,0,-1.7095658,0.13662338256835938,0.5260000228881836,0.33239999413490295
YGL178W,YGL224C,0,-1.7096559,0.13658790290355682,0.5260000228881836,0.33250001072883606
YNL151C,YGL068W,0,-1.709962,0.13655243813991547,0.5260000228881836,0.3325999975204468
YJR158W,YBR241C,1,-1.7103857,0.13677653670310974,0.5270000100135803,0.3325999975204468
YAL001C,YOR141C,0,-1.7104168,0.136741042137146,0.5270000100135803,0.3327000141143799
YNL065W,YMR210W,0,-1.7105094,0.13670557737350464,0.5270000100135803,0.3328000009059906
YJR158W,YDR387C,1,-1.7105738,0.1369294673204422,0.527999997138977,0.3328000009059906
YCL040W,YBR241C,1,-1.7106193,0.13715322315692902,0.5289999842643738,0.3328000009059906
YLR356W,YEL017C-A,0,-1.710675,0.1371176838874817,0.5289999842643738,0.3328999876976013
YPL161C,YOR285W,0,-1.7107586,0.13708214461803436,0.5289999842643738,0.3330000042915344
YIR006C,YNL103W,0,-1.7107924,0.13704663515090942,0.5289999842643738,0.33309999108314514
YDL106C,YKL188C,0,-1.7109393,0.13701114058494568,0.5289999842643738,0.33320000767707825
YDL245C,YDL247W,1,-1.7112895,0.13723459839820862,0.5299999713897705,0.33320000767707825
YJR060W,YOL086W-A,0,-1.7117418,0.13719907402992249,0.5299999713897705,0.33329999446868896
YDR379C-A,YHR134W,0,-1.7119585,0.13716356456279755,0.5299999713897705,0.33340001106262207
YDR251W,YDR223W,0,-1.7122004,0.1371280699968338,0.5299999713897705,0.3334999978542328
YJR060W,YER066W,0,-1.7122309,0.13709260523319244,0.5299999713897705,0.3336000144481659
YNL019C,YJL026W,0,-1.7125164,0.13705715537071228,0.5299999713897705,0.3337000012397766
YFL057C,YDR308C,0,-1.712701,0.1370217204093933,0.5299999713897705,0.33379998803138733
YJL219W,YIL170W,1,-1.7128533,0.13724476099014282,0.531000018119812,0.33379998803138733
YLR160C,YER020W,0,-1.7128915,0.13720929622650146,0.531000018119812,0.33390000462532043
YCR067C,YNR067C,0,-1.7130975,0.1371738612651825,0.531000018119812,0.33399999141693115
YNL032W,YMR265C,0,-1.7132696,0.13713842630386353,0.531000018119812,0.33410000801086426
YKL140W,YAL001C,0,-1.7133607,0.13710302114486694,0.531000018119812,0.334199994802475
YBR021W,YPL119C,0,-1.7134014,0.13706763088703156,0.531000018119812,0.3343000113964081
YOR134W,YDR359C,0,-1.7134202,0.13703225553035736,0.531000018119812,0.3343999981880188
YDL144C,YLR243W,0,-1.7136251,0.13699690997600555,0.531000018119812,0.3345000147819519
YNL164C,YML081W,0,-1.7137262,0.13696156442165375,0.531000018119812,0.3346000015735626
YNR007C,YER159C,0,-1.7137269,0.13692624866962433,0.531000018119812,0.33469998836517334
YGL094C,YPR145W,0,-1.7137473,0.1368909478187561,0.531000018119812,0.33480000495910645
YDR142C,YMR086W,0,-1.7139418,0.13685567677021027,0.531000018119812,0.33489999175071716
YJL079C,YER078C,0,-1.7140341,0.13682040572166443,0.531000018119812,0.33500000834465027
YPL046C,YDL214C,0,-1.7142755,0.13678516447544098,0.531000018119812,0.335099995136261
YAL044C,YHR016C,0,-1.7143856,0.13674993813037872,0.531000018119812,0.3352000117301941
YCL050C,YGR127W,0,-1.7144452,0.13671472668647766,0.531000018119812,0.3352999985218048
YDL036C,YHR113W,0,-1.7144665,0.1366795301437378,0.531000018119812,0.3353999853134155
YLR173W,YKL149C,0,-1.7148166,0.1366443634033203,0.531000018119812,0.33550000190734863
YMR212C,YIL127C,0,-1.7148713,0.13660921156406403,0.531000018119812,0.33559998869895935
YMR216C,YPR171W,0,-1.7151858,0.13657407462596893,0.531000018119812,0.33570000529289246
YGR289C,YOL156W,1,-1.715254,0.13679608702659607,0.5320000052452087,0.33570000529289246
YER019C-A,YBR265W,0,-1.7154917,0.1367609202861786,0.5320000052452087,0.3357999920845032
YIL145C,YGR292W,0,-1.7158862,0.1367257833480835,0.5320000052452087,0.3359000086784363
YOL084W,YER116C,0,-1.715947,0.1366906464099884,0.5320000052452087,0.335999995470047
YPL187W,YOL101C,0,-1.7161738,0.1366555392742157,0.5320000052452087,0.3361000120639801
YGL131C,YJR072C,0,-1.7161885,0.1366204470396042,0.5320000052452087,0.3361999988555908
YOL142W,YNR057C,0,-1.7162551,0.13658536970615387,0.5320000052452087,0.33629998564720154
YPL089C,YDR103W,0,-1.7163259,0.13655030727386475,0.5320000052452087,0.33640000224113464
YLL009C,YCL050C,0,-1.7164009,0.136515274643898,0.5320000052452087,0.33649998903274536
YCR028C-A,YOL083W,0,-1.716528,0.13648024201393127,0.5320000052452087,0.33660000562667847
YKL201C,YEL049W,0,-1.7167832,0.13644523918628693,0.5320000052452087,0.3366999924182892
YGL253W,YGR097W,1,-1.7168587,0.1366666704416275,0.5329999923706055,0.3366999924182892
YHL032C,YDL051W,0,-1.7171246,0.13663163781166077,0.5329999923706055,0.3368000090122223
YPL026C,YDR277C,1,-1.7172552,0.13685289025306702,0.5339999794960022,0.3368000090122223
YOL098C,YML120C,0,-1.7172924,0.1368178278207779,0.5339999794960022,0.336899995803833
YKL087C,YOR058C,0,-1.7175204,0.13678278028964996,0.5339999794960022,0.3370000123977661
YLR206W,YCL074W,0,-1.71754,0.13674776256084442,0.5339999794960022,0.33709999918937683
YLR243W,YHR138C,0,-1.7176602,0.13671274483203888,0.5339999794960022,0.33719998598098755
YNL164C,YML066C,0,-1.7176906,0.13667775690555573,0.5339999794960022,0.33730000257492065
YLR390W,YPR058W,0,-1.7178309,0.13664278388023376,0.5339999794960022,0.33739998936653137
YPL158C,YKL067W,0,-1.7178644,0.136607825756073,0.5339999794960022,0.3375000059604645
YCR086W,YDR525W-A,0,-1.7179357,0.13657289743423462,0.5339999794960022,0.3375999927520752
YKL104C,YPR193C,0,-1.7179729,0.13653796911239624,0.5339999794960022,0.3377000093460083
YLR307W,YDR393W,0,-1.7181692,0.13650307059288025,0.5339999794960022,0.337799996137619
YDL106C,YKL175W,0,-1.7182333,0.13646818697452545,0.5339999794960022,0.3379000127315521
YJR094W-A,YOR315W,0,-1.7185777,0.13643331825733185,0.5339999794960022,0.33799999952316284
YJR127C,YGL261C,0,-1.7186164,0.13639846444129944,0.5339999794960022,0.33809998631477356
YPL158C,YLR167W,0,-1.7186917,0.13636364042758942,0.5339999794960022,0.33820000290870667
YIL151C,YIL017C,0,-1.7187701,0.1363288164138794,0.5339999794960022,0.3382999897003174
YHR162W,YPL037C,0,-1.7187742,0.13629402220249176,0.5339999794960022,0.3384000062942505
YPL172C,YLR430W,0,-1.7189318,0.13625924289226532,0.5339999794960022,0.3384999930858612
YDR152W,YMR241W,0,-1.7189354,0.13622449338436127,0.5339999794960022,0.3386000096797943
YDL245C,YDR345C,1,-1.7190152,0.13644477725028992,0.5350000262260437,0.3386000096797943
YJL003W,YIL053W,0,-1.7190723,0.13640999794006348,0.5350000262260437,0.33869999647140503
YOR310C,YER066W,0,-1.7192931,0.13637521862983704,0.5350000262260437,0.33880001306533813
YDR144C,YBR153W,0,-1.7194978,0.13634046912193298,0.5350000262260437,0.33889999985694885
YHR162W,YBR021W,0,-1.7195293,0.13630573451519012,0.5350000262260437,0.33899998664855957
YJL225C,YHR107C,0,-1.7195423,0.13627101480960846,0.5350000262260437,0.3391000032424927
YIL078W,YKL167C,0,-1.7196056,0.136236310005188,0.5350000262260437,0.3391999900341034
YGL207W,YMR111C,0,-1.7199452,0.1362016350030899,0.5350000262260437,0.3393000066280365
YNL318C,YJR160C,1,-1.7199816,0.13642148673534393,0.5360000133514404,0.3393000066280365
YLR355C,YDR223W,0,-1.720009,0.13638676702976227,0.5360000133514404,0.3393999934196472
YGL067W,YLL057C,0,-1.7200168,0.136352077126503,0.5360000133514404,0.3395000100135803
YPR155C,YDL134C-A,0,-1.7200464,0.1363174021244049,0.5360000133514404,0.33959999680519104
YCL043C,YOR101W,0,-1.7200469,0.13628274202346802,0.5360000133514404,0.33970001339912415
YPR005C,YGL225W,0,-1.720074,0.13624809682369232,0.5360000133514404,0.33980000019073486
YLR224W,YNL282W,0,-1.7201755,0.13621346652507782,0.5360000133514404,0.3398999869823456
YKL100C,YJL111W,0,-1.7202111,0.1361788660287857,0.5360000133514404,0.3400000035762787
YOR153W,YPL119C,0,-1.7203935,0.1361442655324936,0.5360000133514404,0.3400999903678894
YLR051C,YJR061W,0,-1.7205182,0.13610969483852386,0.5360000133514404,0.3402000069618225
YKL087C,YFL028C,0,-1.7205933,0.13607513904571533,0.5360000133514404,0.3402999937534332
YPL072W,YFR043C,0,-1.7207109,0.1360406130552292,0.5360000133514404,0.34040001034736633
YER041W,YOR298C-A,0,-1.7207757,0.13600608706474304,0.5360000133514404,0.34049999713897705
YDR375C,YDR447C,0,-1.7208877,0.13597159087657928,0.5360000133514404,0.34060001373291016
YDR103W,YMR265C,0,-1.7210039,0.13593710958957672,0.5360000133514404,0.3407000005245209
YGR205W,YPR139C,0,-1.7210407,0.13590264320373535,0.5360000133514404,0.3407999873161316
YDR403W,YMR056C,0,-1.7213993,0.13586819171905518,0.5360000133514404,0.3409000039100647
YCL026C-B,YOR148C,0,-1.7214379,0.1358337551355362,0.5360000133514404,0.3409999907016754
YCL038C,YKL037W,0,-1.7216139,0.1357993483543396,0.5360000133514404,0.3411000072956085
YAL005C,YGR078C,0,-1.7216157,0.135764941573143,0.5360000133514404,0.34119999408721924
YLR224W,YOR371C,0,-1.7216789,0.1357305645942688,0.5360000133514404,0.34130001068115234
YCL040W,YEL069C,1,-1.7217115,0.13594937324523926,0.5370000004768372,0.34130001068115234
YPL208W,YPL017C,0,-1.7219214,0.13591495156288147,0.5370000004768372,0.34139999747276306
YHL020C,YML133C,0,-1.7221686,0.13588055968284607,0.5370000004768372,0.34150001406669617
YLR307W,YGL186C,0,-1.7223233,0.13584619760513306,0.5370000004768372,0.3416000008583069
YKL149C,YBR050C,0,-1.7223694,0.13581183552742004,0.5370000004768372,0.3416999876499176
YLL013C,YMR232W,0,-1.7225101,0.13577750325202942,0.5370000004768372,0.3418000042438507
YOL151W,YMR241W,0,-1.7225784,0.1357431709766388,0.5370000004768372,0.3418999910354614
YLR404W,YDR299W,0,-1.7226232,0.13570886850357056,0.5370000004768372,0.34200000762939453
YGR128C,YBR038W,0,-1.7226902,0.1356745809316635,0.5370000004768372,0.34209999442100525
YBR271W,YGR173W,0,-1.7229104,0.13564030826091766,0.5370000004768372,0.34220001101493835
YCR028C-A,YMR018W,0,-1.7229811,0.1356060653924942,0.5370000004768372,0.3422999978065491
YIL171W,YFL054C,1,-1.7230945,0.1358242928981781,0.5379999876022339,0.3422999978065491
YGL084C,YBR241C,1,-1.7236589,0.13604240119457245,0.5389999747276306,0.3422999978065491
YJL214W,YOL156W,1,-1.7237097,0.13626040518283844,0.5400000214576721,0.3422999978065491
YBR021W,YJR141W,0,-1.7237418,0.13622602820396423,0.5400000214576721,0.3424000144004822
YGR250C,YGL256W,0,-1.72398,0.13619168102741241,0.5400000214576721,0.3425000011920929
YNL267W,YPR145W,0,-1.7240413,0.1361573338508606,0.5400000214576721,0.3425999879837036
YOR028C,YGL033W,0,-1.7241687,0.13612301647663116,0.5400000214576721,0.3427000045776367
YER098W,YOR247W,0,-1.7246711,0.13608871400356293,0.5400000214576721,0.34279999136924744
YLR453C,YCR027C,0,-1.7247325,0.13605442643165588,0.5400000214576721,0.34290000796318054
YOR128C,YER072W,0,-1.7247543,0.13602015376091003,0.5400000214576721,0.34299999475479126
YLR015W,YPL052W-A,0,-1.7248429,0.13598589599132538,0.5400000214576721,0.34310001134872437
YER125W,YBR296C,0,-1.7249962,0.1359516680240631,0.5400000214576721,0.3431999981403351
YDL229W,YPR125W,0,-1.7251136,0.13591744005680084,0.5400000214576721,0.3433000147342682
YGL210W,YNL096C,0,-1.7252197,0.13588324189186096,0.5400000214576721,0.3434000015258789
YER015W,YPL051W,0,-1.7252363,0.13584905862808228,0.5400000214576721,0.3434999883174896
YGL137W,YGL099W,0,-1.7253033,0.13581489026546478,0.5400000214576721,0.34360000491142273
YOR145C,YJL180C,0,-1.7253053,0.13578073680400848,0.5400000214576721,0.34369999170303345
YEL019C,YLR467W,0,-1.7254046,0.13574661314487457,0.5400000214576721,0.34380000829696655
YNL258C,YJL153C,0,-1.7256826,0.13571248948574066,0.5400000214576721,0.34389999508857727
YDR064W,YCR020W-B,0,-1.7262524,0.13567839562892914,0.5400000214576721,0.3440000116825104
YER044C-A,YPR139C,0,-1.7264398,0.1356443166732788,0.5400000214576721,0.3440999984741211
YLR072W,YHR155W,0,-1.7264986,0.13561025261878967,0.5400000214576721,0.3441999852657318
YPL076W,YKL107W,0,-1.7265643,0.13557620346546173,0.5400000214576721,0.3443000018596649
YLR119W,YDR430C,0,-1.7266579,0.13554216921329498,0.5400000214576721,0.34439998865127563
YCR032W,YBR085W,0,-1.7266694,0.13550814986228943,0.5400000214576721,0.34450000524520874
YGL057C,YGR184C,0,-1.7267659,0.13547416031360626,0.5400000214576721,0.34459999203681946
YOR016C,YJL049W,0,-1.726809,0.1354401856660843,0.5400000214576721,0.34470000863075256
YCR052W,YGR016W,0,-1.7268449,0.1354062259197235,0.5400000214576721,0.3447999954223633
YIL074C,YBL064C,0,-1.7269304,0.13537228107452393,0.5400000214576721,0.3449000120162964
YOR096W,YMR267W,0,-1.7269377,0.13533835113048553,0.5400000214576721,0.3449999988079071
YMR093W,YML133C,0,-1.7270318,0.13530443608760834,0.5400000214576721,0.3450999855995178
YJR113C,YPL052W-A,0,-1.7270511,0.13527053594589233,0.5400000214576721,0.3452000021934509
YER056C,YEL015W,0,-1.7270993,0.13523666560649872,0.5400000214576721,0.34529998898506165
YNR050C,YNL112W,0,-1.7271384,0.1352028101682663,0.5400000214576721,0.34540000557899475
YBR115C,YIL158W,0,-1.7274011,0.13516895473003387,0.5400000214576721,0.34549999237060547
YBR038W,YLR414C,0,-1.7274023,0.13513512909412384,0.5400000214576721,0.3456000089645386
YGL084C,YDL247W,1,-1.7274315,0.1353515088558197,0.5410000085830688,0.3456000089645386
YAL048C,YBR149W,0,-1.7274542,0.13531765341758728,0.5410000085830688,0.3456999957561493
YAL068C,YMR183C,0,-1.727483,0.13528382778167725,0.5410000085830688,0.3458000123500824
YER070W,YFR002W,0,-1.7278203,0.1352500021457672,0.5410000085830688,0.3458999991416931
YOL151W,YCR067C,0,-1.7278442,0.13521619141101837,0.5410000085830688,0.34599998593330383
YDR083W,YOR067C,0,-1.7278997,0.13518241047859192,0.5410000085830688,0.34610000252723694
YIL151C,YMR034C,0,-1.7280122,0.13514864444732666,0.5410000085830688,0.34619998931884766
YPL166W,YPL001W,0,-1.7280293,0.1351148784160614,0.5410000085830688,0.34630000591278076
YLR224W,YGL099W,0,-1.7284709,0.13508114218711853,0.5410000085830688,0.3463999927043915
YJR119C,YGR155W,0,-1.7292436,0.13504743576049805,0.5410000085830688,0.3465000092983246
YIL171W,YDL199C,1,-1.7295798,0.13526329398155212,0.5419999957084656,0.3465000092983246
YLR081W,YER039C,1,-1.7296005,0.13547904789447784,0.5429999828338623,0.3465000092983246
YCR087C-A,YGL236C,0,-1.7297479,0.1354452520608902,0.5429999828338623,0.3465999960899353
YMR111C,YDR392W,0,-1.729948,0.13541147112846375,0.5429999828338623,0.3467000126838684
YHR092C,YDR536W,1,-1.7300321,0.13562703132629395,0.5440000295639038,0.3467000126838684
YNL146W,YLR083C,0,-1.7300786,0.1355932205915451,0.5440000295639038,0.3467999994754791
YOR137C,YGR250C,0,-1.7301449,0.13555942475795746,0.5440000295639038,0.34689998626708984
YCL057C-A,YMR262W,0,-1.7302455,0.1355256587266922,0.5440000295639038,0.34700000286102295
YJL219W,YHR092C,1,-1.7303883,0.1357409656047821,0.5450000166893005,0.34700000286102295
YEL047C,YPL204W,0,-1.7304984,0.13570716977119446,0.5450000166893005,0.34709998965263367
YNL282W,YLR447C,0,-1.7307352,0.135673388838768,0.5450000166893005,0.3472000062465668
YJL079C,YOL086W-A,0,-1.7308667,0.13563962280750275,0.5450000166893005,0.3472999930381775
YOR008C,YLR430W,0,-1.7308996,0.13560587167739868,0.5450000166893005,0.3474000096321106
YGL184C,YLR447C,0,-1.7310328,0.1355721354484558,0.5450000166893005,0.3474999964237213
YOR059C,YBR239C,0,-1.7311369,0.13553842902183533,0.5450000166893005,0.3476000130176544
YPL166W,YDR200C,0,-1.731613,0.13550472259521484,0.5450000166893005,0.34769999980926514
YDL199C,YPL244C,1,-1.7316664,0.13571961224079132,0.5460000038146973,0.34769999980926514
YOR030W,YPR007C,0,-1.7316867,0.13568589091300964,0.5460000038146973,0.34779998660087585
YER078C,YPR113W,0,-1.7318766,0.13565216958522797,0.5460000038146973,0.34790000319480896
YLR249W,YDR092W,0,-1.7319217,0.13561847805976868,0.5460000038146973,0.3479999899864197
YJL214W,YGL104C,1,-1.7321546,0.13583312928676605,0.546999990940094,0.3479999899864197
YDR437W,YEL015W,0,-1.7326463,0.13579940795898438,0.546999990940094,0.3481000065803528
YHR191C,YNL029C,0,-1.732649,0.1357657015323639,0.546999990940094,0.3481999933719635
YDR120C,YPL037C,0,-1.7326903,0.1357320100069046,0.546999990940094,0.3483000099658966
YPL091W,YMR265C,0,-1.7327923,0.1356983333826065,0.546999990940094,0.3483999967575073
YLR220W,YCR005C,0,-1.732808,0.1356646865606308,0.546999990940094,0.34850001335144043
YLL039C,YJL093C,0,-1.7328194,0.1356310397386551,0.546999990940094,0.34860000014305115
YFL035C-B,YBR046C,0,-1.7328695,0.13559742271900177,0.546999990940094,0.34869998693466187
YKL046C,YOL093W,0,-1.7329468,0.13556382060050964,0.546999990940094,0.34880000352859497
YFR053C,YEL004W,1,-1.7329682,0.13577799499034882,0.5479999780654907,0.34880000352859497
YDR343C,YDL245C,1,-1.7330612,0.13599207997322083,0.5490000247955322,0.34880000352859497
YGL253W,YDR536W,1,-1.733294,0.13620604574680328,0.550000011920929,0.34880000352859497
YNR050C,YNL267W,0,-1.7333142,0.1361723244190216,0.550000011920929,0.3488999903202057
YOR239W,YPR071W,0,-1.7334801,0.13613861799240112,0.550000011920929,0.3490000069141388
YOR223W,YKL100C,0,-1.7335685,0.13610492646694183,0.550000011920929,0.3490999937057495
YGR095C,YIL127C,0,-1.733596,0.13607124984264374,0.550000011920929,0.3492000102996826
YLR224W,YPR125W,0,-1.7338043,0.13603760302066803,0.550000011920929,0.34929999709129333
YKL094W,YGL026C,0,-1.7339054,0.13600395619869232,0.550000011920929,0.34940001368522644
YLR001C,YCL063W,0,-1.7340792,0.135970339179039,0.550000011920929,0.34950000047683716
YDL015C,YPL169C,0,-1.7342141,0.13593672215938568,0.550000011920929,0.3495999872684479
YHR069C,YMR158W,0,-1.7342879,0.13590313494205475,0.550000011920929,0.349700003862381
YCR067C,YGL224C,0,-1.7343618,0.135869562625885,0.550000011920929,0.3497999906539917
YER039C,YKL107W,0,-1.7343935,0.13583600521087646,0.550000011920929,0.3499000072479248
YGR221C,YML030W,0,-1.7344029,0.1358024626970291,0.550000011920929,0.3499999940395355
YER159C,YGR016W,0,-1.7344266,0.13576894998550415,0.550000011920929,0.35010001063346863
YCR079W,YMR074C,0,-1.7344351,0.1357354372739792,0.550000011920929,0.35019999742507935
YGL019W,YJL191W,0,-1.7344795,0.1357019543647766,0.550000011920929,0.35030001401901245
YIL158W,YJL050W,0,-1.7346412,0.13566847145557404,0.550000011920929,0.35040000081062317
YGR123C,YJL076W,0,-1.7347056,0.13563501834869385,0.550000011920929,0.3504999876022339
YBR057C,YIL053W,0,-1.7348118,0.13560158014297485,0.550000011920929,0.350600004196167
YER092W,YGR278W,0,-1.7351371,0.13556815683841705,0.550000011920929,0.3506999909877777
YOR239W,YOR229W,0,-1.7351705,0.13553474843502045,0.550000011920929,0.3508000075817108
YKR056W,YBR229C,0,-1.7352663,0.13550135493278503,0.550000011920929,0.35089999437332153
YDL082W,YGR047C,0,-1.7354094,0.13546797633171082,0.550000011920929,0.35100001096725464
YJR061W,YLR120C,0,-1.735706,0.13543462753295898,0.550000011920929,0.35109999775886536
YJL001W,YDL134C-A,0,-1.7357839,0.13540127873420715,0.550000011920929,0.35120001435279846
YLR058C,YMR053C,0,-1.7360111,0.1353679597377777,0.550000011920929,0.3513000011444092
YLR271W,YLR422W,0,-1.7361379,0.13533464074134827,0.550000011920929,0.3513999879360199
YNR001C,YMR305C,0,-1.7361665,0.1353013515472412,0.550000011920929,0.351500004529953
YHL013C,YLR265C,0,-1.7362481,0.13526807725429535,0.550000011920929,0.3515999913215637
YDL199C,YDL138W,1,-1.7362622,0.13548070192337036,0.5509999990463257,0.3515999913215637
YGL253W,YML038C,1,-1.7362827,0.13569322228431702,0.5519999861717224,0.3515999913215637
YCL040W,YEL004W,1,-1.7363504,0.13590562343597412,0.5529999732971191,0.3515999913215637
YCR060W,YNL066W,0,-1.7366353,0.1358722299337387,0.5529999732971191,0.3517000079154968
YCL040W,YJL219W,1,-1.73676,0.13608449697494507,0.5540000200271606,0.3517000079154968
YPL004C,YMR305C,0,-1.737084,0.13605107367038727,0.5540000200271606,0.35179999470710754
YMR032W,YOR185C,0,-1.7371477,0.13601768016815186,0.5540000200271606,0.35190001130104065
YER125W,YML045W,0,-1.7372044,0.13598428666591644,0.5540000200271606,0.35199999809265137
YLR403W,YNL281W,0,-1.7372397,0.13595092296600342,0.5540000200271606,0.3521000146865845
YLR425W,YMR265C,0,-1.7374521,0.1359175592660904,0.5540000200271606,0.3522000014781952
YDL235C,YBR265W,0,-1.737562,0.13588422536849976,0.5540000200271606,0.3522999882698059
YMR056C,YBR227C,0,-1.7377053,0.1358509063720703,0.5540000200271606,0.352400004863739
YGL168W,YIL145C,0,-1.737768,0.13581760227680206,0.5540000200271606,0.35249999165534973
YJL011C,YER014W,0,-1.7380189,0.135784313082695,0.5540000200271606,0.35260000824928284
YCL057C-A,YLR266C,0,-1.7382247,0.13575103878974915,0.5540000200271606,0.35269999504089355
YOR152C,YDR083W,0,-1.7383603,0.13571777939796448,0.5540000200271606,0.35280001163482666
YDR424C,YDR542W,0,-1.7385309,0.1356845498085022,0.5540000200271606,0.3528999984264374
YMR060C,YEL019C,0,-1.738672,0.13565132021903992,0.5540000200271606,0.3529999852180481
YOR288C,YKR059W,0,-1.7389349,0.13561812043190002,0.5540000200271606,0.3531000018119812
YIL087C,YDL103C,0,-1.7391235,0.13558492064476013,0.5540000200271606,0.3531999886035919
YAL005C,YBR236C,0,-1.7392439,0.13555175065994263,0.5540000200271606,0.353300005197525
YHL020C,YMR241W,0,-1.7395264,0.13551859557628632,0.5540000200271606,0.35339999198913574
YDL202W,YNL164C,0,-1.7396224,0.1354854553937912,0.5540000200271606,0.35350000858306885
YFL011W,YBR241C,1,-1.7397947,0.13569682836532593,0.5550000071525574,0.35350000858306885
YMR011W,YLL043W,1,-1.7399927,0.1359080970287323,0.5559999942779541,0.35350000858306885
YNR071C,YML081W,0,-1.740014,0.1358748823404312,0.5559999942779541,0.35359999537467957
YJR155W,YKL017C,0,-1.7404512,0.13584168255329132,0.5559999942779541,0.35370001196861267
YDL194W,YER039C,1,-1.740549,0.13605275750160217,0.5569999814033508,0.35370001196861267
YOR272W,YPR003C,0,-1.740749,0.1360195428133011,0.5569999814033508,0.3537999987602234
YJR094W-A,YPL168W,0,-1.7408253,0.135986328125,0.5569999814033508,0.3538999855518341
YPL061W,YMR065W,0,-1.7410961,0.1359531432390213,0.5569999814033508,0.3540000021457672
YDR312W,YDL109C,0,-1.7411366,0.1359199583530426,0.5569999814033508,0.35409998893737793
YCR092C,YNL096C,0,-1.7413675,0.1358868032693863,0.5569999814033508,0.35420000553131104
YKL054C,YNL204C,0,-1.7414323,0.13585366308689117,0.5569999814033508,0.35429999232292175
YIL103W,YDR032C,0,-1.741536,0.13582053780555725,0.5569999814033508,0.35440000891685486
YJL102W,YOL157C,0,-1.7415465,0.13578742742538452,0.5569999814033508,0.3544999957084656
YGL234W,YCR028C-A,0,-1.7416035,0.13575433194637299,0.5569999814033508,0.3546000123023987
YKR024C,YJR117W,0,-1.7416648,0.13572125136852264,0.5569999814033508,0.3546999990940094
YPL001W,YJL153C,0,-1.74185,0.1356881856918335,0.5569999814033508,0.3547999858856201
YDR080W,YDR384C,0,-1.7421798,0.13565513491630554,0.5569999814033508,0.3549000024795532
YGR036C,YJL168C,0,-1.7423731,0.13562211394309998,0.5569999814033508,0.35499998927116394
YPR007C,YKL200C,0,-1.7424034,0.1355890929698944,0.5569999814033508,0.35510000586509705
YDR064W,YPR083W,0,-1.7424315,0.13555610179901123,0.5569999814033508,0.35519999265670776
YJR113C,YMR305C,0,-1.7425512,0.13552311062812805,0.5569999814033508,0.35530000925064087
YGL253W,YFL054C,1,-1.7427485,0.13573339581489563,0.5580000281333923,0.35530000925064087
YAL034W-A,YGL224C,0,-1.7427644,0.13570038974285126,0.5580000281333923,0.3553999960422516
YGL168W,YBR036C,0,-1.7428275,0.13566739857196808,0.5580000281333923,0.3555000126361847
YML095C,YGL236C,0,-1.7428778,0.1356344223022461,0.5580000281333923,0.3555999994277954
YOR243C,YPR149W,0,-1.7430215,0.1356014609336853,0.5580000281333923,0.35569998621940613
YLR121C,YCR104W,0,-1.7430297,0.1355685144662857,0.5580000281333923,0.35580000281333923
YGR044C,YER180C,0,-1.7431577,0.1355355829000473,0.5580000281333923,0.35589998960494995
YFL011W,YPR115W,1,-1.7437882,0.13574551045894623,0.5590000152587891,0.35589998960494995
YBR050C,YOL070C,0,-1.7439181,0.13571254909038544,0.5590000152587891,0.35600000619888306
YJR005W,YHR071W,0,-1.7439322,0.13567961752414703,0.5590000152587891,0.3560999929904938
YOR134W,YIL099W,0,-1.744177,0.13564668595790863,0.5590000152587891,0.3562000095844269
YER083C,YPL003W,0,-1.7442578,0.13561378419399261,0.5590000152587891,0.3562999963760376
YJL103C,YPL259C,0,-1.74434,0.1355808824300766,0.5590000152587891,0.3564000129699707
YGR195W,YOR343W-B,0,-1.7443901,0.13554801046848297,0.5590000152587891,0.3564999997615814
YPL134C,YML081W,0,-1.7445577,0.13551515340805054,0.5590000152587891,0.35659998655319214
YMR227C,YMR086W,0,-1.7446336,0.1354823112487793,0.5590000152587891,0.35670000314712524
YOL156W,YLR060W,0,-1.7446407,0.13544948399066925,0.5590000152587891,0.35679998993873596
YKL064W,YGR188C,0,-1.7446532,0.1354166716337204,0.5590000152587891,0.35690000653266907
YMR114C,YLR430W,0,-1.7446878,0.13538387417793274,0.5590000152587891,0.3569999933242798
YPR200C,YGR284C,0,-1.7447971,0.13535109162330627,0.5590000152587891,0.3571000099182129
YCR005C,YBR085W,0,-1.7450117,0.135318323969841,0.5590000152587891,0.3571999967098236
YNL314W,YIR035C,0,-1.7450169,0.13528557121753693,0.5590000152587891,0.3573000133037567
YLR224W,YDR144C,0,-1.745026,0.13525284826755524,0.5590000152587891,0.35740000009536743
YBR021W,YCR023C,0,-1.7452246,0.13522012531757355,0.5590000152587891,0.35749998688697815
YFL061W,YBR022W,0,-1.7452592,0.13518741726875305,0.5590000152587891,0.35760000348091125
YGL253W,YIL170W,1,-1.7452724,0.13539652526378632,0.5600000023841858,0.35760000348091125
YFL011W,YBL020W,1,-1.7453247,0.13560551404953003,0.5609999895095825,0.35760000348091125
YML017W,YGL233W,0,-1.7455178,0.13557274639606476,0.5609999895095825,0.357699990272522
YOR079C,YML030W,0,-1.7455349,0.1355399787425995,0.5609999895095825,0.3578000068664551
YLL003W,YLR340W,0,-1.7456111,0.1355072408914566,0.5609999895095825,0.3578999936580658
YOR391C,YOL117W,0,-1.7458123,0.13547451794147491,0.5609999895095825,0.3580000102519989
YPL161C,YGR155W,0,-1.7460378,0.13544180989265442,0.5609999895095825,0.3580999970436096
YPR171W,YKL072W,0,-1.7462385,0.13540911674499512,0.5609999895095825,0.3582000136375427
YCL020W,YBR014C,0,-1.7463611,0.1353764533996582,0.5609999895095825,0.35830000042915344
YIL076W,YMR232W,0,-1.746369,0.1353437900543213,0.5609999895095825,0.35839998722076416
YAR015W,YLR144C,0,-1.7464409,0.13531114161014557,0.5609999895095825,0.35850000381469727
YBL054W,YGR282C,0,-1.746538,0.13527850806713104,0.5609999895095825,0.358599990606308
YBL084C,YMR265C,0,-1.7465633,0.1352459043264389,0.5609999895095825,0.3587000072002411
YGR246C,YCR089W,0,-1.7467015,0.13521330058574677,0.5609999895095825,0.3587999939918518
YLR081W,YDR345C,1,-1.7470502,0.13542169332504272,0.5619999766349792,0.3587999939918518
YGR044C,YPL192C,0,-1.7471532,0.1353890597820282,0.5619999766349792,0.3589000105857849
YDR368W,YCR028C-A,0,-1.7472228,0.13535645604133606,0.5619999766349792,0.35899999737739563
YDL194W,YBR241C,1,-1.7473632,0.1355646550655365,0.5630000233650208,0.35899999737739563
YGR042W,YAL022C,0,-1.7475585,0.13553202152252197,0.5630000233650208,0.35910001397132874
YMR210W,YJL053W,0,-1.747731,0.13549940288066864,0.5630000233650208,0.35920000076293945
YOL157C,YHR071W,0,-1.7477871,0.1354667991399765,0.5630000233650208,0.35929998755455017
YMR232W,YKR084C,0,-1.7480628,0.13543421030044556,0.5630000233650208,0.3594000041484833
YOR064C,YCR027C,0,-1.7483526,0.1354016363620758,0.5630000233650208,0.359499990940094
YDL222C,YGR205W,0,-1.7484105,0.13536907732486725,0.5630000233650208,0.3596000075340271
YNR063W,YGR277C,0,-1.7486221,0.13533653318881989,0.5630000233650208,0.3596999943256378
YCL045C,YJL137C,0,-1.7486277,0.1353040188550949,0.5630000233650208,0.3598000109195709
YDR080W,YJR155W,0,-1.7486875,0.13527150452136993,0.5630000233650208,0.35989999771118164
YPR052C,YOR317W,0,-1.7487649,0.13523900508880615,0.5630000233650208,0.36000001430511475
YHR021C,YDR315C,0,-1.7488834,0.13520653545856476,0.5630000233650208,0.36010000109672546
YOR178C,YKL100C,0,-1.7488943,0.13517406582832336,0.5630000233650208,0.3601999878883362
YGR289C,YPR115W,1,-1.748974,0.13538165390491486,0.5640000104904175,0.3601999878883362
YDL245C,YBL020W,1,-1.7494961,0.13558915257453918,0.5649999976158142,0.3601999878883362
YEL012W,YER092W,0,-1.7495645,0.13555662333965302,0.5649999976158142,0.3603000044822693
YGL067W,YDL109C,0,-1.7496208,0.13552410900592804,0.5649999976158142,0.36039999127388
YDL235C,YGR221C,0,-1.7496483,0.13549160957336426,0.5649999976158142,0.3605000078678131
YNL261W,YBR262C,0,-1.7500571,0.13545912504196167,0.5649999976158142,0.36059999465942383
YBR057C,YNR001C,0,-1.7501004,0.13542665541172028,0.5649999976158142,0.36070001125335693
YER031C,YPR111W,0,-1.7501246,0.13539420068264008,0.5649999976158142,0.36079999804496765
YDL222C,YJR155W,0,-1.7501538,0.13536176085472107,0.5649999976158142,0.36090001463890076
YGL067W,YNL308C,0,-1.7502811,0.13532933592796326,0.5649999976158142,0.3610000014305115
YOR021C,YNL112W,0,-1.7503227,0.13529694080352783,0.5649999976158142,0.3610999882221222
YGL119W,YER007W,0,-1.7505702,0.1352645456790924,0.5649999976158142,0.3612000048160553
YNL185C,YMR045C,0,-1.7507771,0.13523216545581818,0.5649999976158142,0.361299991607666
YCL040W,YPL189W,1,-1.7508868,0.13543909788131714,0.5659999847412109,0.361299991607666
YBL027W,YDL015C,0,-1.7508938,0.1354067027568817,0.5659999847412109,0.3614000082015991
YJL090C,YPR058W,0,-1.7511412,0.1353743076324463,0.5659999847412109,0.36149999499320984
YDR473C,YMR262W,0,-1.7511859,0.13534194231033325,0.5659999847412109,0.36160001158714294
YGR246C,YLR099C,0,-1.7512337,0.1353095918893814,0.5659999847412109,0.36169999837875366
YDR032C,YHR148W,0,-1.751285,0.13527724146842957,0.5659999847412109,0.3617999851703644
YDR444W,YBR167C,0,-1.751321,0.1352449208498001,0.5659999847412109,0.3619000017642975
YJR094W-A,YLR144C,0,-1.7514783,0.13521261513233185,0.5659999847412109,0.3619999885559082
YKR082W,YGL210W-A,0,-1.7515603,0.13518032431602478,0.5659999847412109,0.3621000051498413
YBR294W,YPL017C,0,-1.7515628,0.1351480484008789,0.5659999847412109,0.362199991941452
YBR162W-A,YLR337C,0,-1.751747,0.13511577248573303,0.5659999847412109,0.36230000853538513
YDR387C,YGL225W,1,-1.751779,0.1353221982717514,0.5669999718666077,0.36230000853538513
YNR040W,YOR317W,0,-1.7519606,0.13528990745544434,0.5669999718666077,0.36239999532699585
YDL194W,YEL004W,1,-1.752157,0.13549618422985077,0.5680000185966492,0.36239999532699585
YJR042W,YLL057C,0,-1.7521785,0.1354638636112213,0.5680000185966492,0.36250001192092896
YCL040W,YJL214W,1,-1.7523352,0.135670006275177,0.5690000057220459,0.36250001192092896
YLL055W,YJR059W,0,-1.7524121,0.13563767075538635,0.5690000057220459,0.3625999987125397
YBL098W,YER072W,0,-1.7525886,0.1356053352355957,0.5690000057220459,0.3626999855041504
YER015W,YNL223W,0,-1.7526038,0.13557302951812744,0.5690000057220459,0.3628000020980835
YGL038C,YDR223W,0,-1.752644,0.13554073870182037,0.5690000057220459,0.3628999888896942
YIR035C,YGR155W,0,-1.7527773,0.1355084478855133,0.5690000057220459,0.3630000054836273
YBR059C,YOR177C,0,-1.7528942,0.13547618687152863,0.5690000057220459,0.36309999227523804
YLR357W,YGL168W,0,-1.7530652,0.13544394075870514,0.5690000057220459,0.36320000886917114
YER053C-A,YOR021C,0,-1.7531749,0.13541170954704285,0.5690000057220459,0.36329999566078186
YPL076W,YBL018C,0,-1.7531971,0.13537949323654175,0.5690000057220459,0.36340001225471497
YLR166C,YJL153C,0,-1.7531974,0.13534729182720184,0.5690000057220459,0.3634999990463257
YHR109W,YDL170W,0,-1.7535175,0.13531510531902313,0.5690000057220459,0.3635999858379364
YCR102C,YKL170W,0,-1.7535387,0.13528293371200562,0.5690000057220459,0.3637000024318695
YML038C,YDR536W,1,-1.7540127,0.13548846542835236,0.5699999928474426,0.3637000024318695
YJR053W,YLR422W,0,-1.7540492,0.13545627892017365,0.5699999928474426,0.3637999892234802
YDR372C,YPL010W,0,-1.7542827,0.13542409241199493,0.5699999928474426,0.36390000581741333
YPR028W,YGR096W,0,-1.7544105,0.13539192080497742,0.5699999928474426,0.36399999260902405
YNR040W,YKR061W,0,-1.7547797,0.1353597790002823,0.5699999928474426,0.36410000920295715
YDL109C,YER019C-A,0,-1.7549412,0.13532763719558716,0.5699999928474426,0.36419999599456787
YDR368W,YPL249C-A,0,-1.7550364,0.13529551029205322,0.5699999928474426,0.364300012588501
YCL020W,YJL025W,0,-1.7553016,0.13526341319084167,0.5699999928474426,0.3643999993801117
YER001W,YPR041W,0,-1.7557554,0.13523131608963013,0.5699999928474426,0.3644999861717224
YLR325C,YOL053W,0,-1.7560842,0.13519923388957977,0.5699999928474426,0.3646000027656555
YFL057C,YNL118C,0,-1.7562214,0.1351671814918518,0.5699999928474426,0.36469998955726624
YGL224C,YNL181W,0,-1.7563189,0.13513512909412384,0.5699999928474426,0.36480000615119934
YGL057C,YFR002W,0,-1.7565349,0.13510310649871826,0.5699999928474426,0.36489999294281006
YFL057C,YJL026W,0,-1.756555,0.13507108390331268,0.5699999928474426,0.36500000953674316
YDL123W,YDL065C,0,-1.7566242,0.1350390911102295,0.5699999928474426,0.3650999963283539
YDR143C,YKL003C,0,-1.7567192,0.1350070983171463,0.5699999928474426,0.365200012922287
YJL020C,YOR285W,0,-1.7568188,0.1349751353263855,0.5699999928474426,0.3652999997138977
YKL221W,YCR087C-A,0,-1.7573642,0.1349431872367859,0.5699999928474426,0.3653999865055084
YKL099C,YDR315C,0,-1.7574418,0.13491123914718628,0.5699999928474426,0.36550000309944153
YHR016C,YJL162C,0,-1.7574733,0.13487932085990906,0.5699999928474426,0.36559998989105225
YOR084W,YLR278C,0,-1.7576212,0.13484740257263184,0.5699999928474426,0.36570000648498535
YCL056C,YLR249W,0,-1.7576307,0.134815514087677,0.5699999928474426,0.36579999327659607
YPL158C,YGL168W,0,-1.7577062,0.13478364050388336,0.5699999928474426,0.3659000098705292
YJR088C,YGR127W,0,-1.7578439,0.13475176692008972,0.5699999928474426,0.3659999966621399
YOR378W,YDL082W,0,-1.7579082,0.13471992313861847,0.5699999928474426,0.366100013256073
YGR217W,YGR170W,0,-1.7579854,0.1346880942583084,0.5699999928474426,0.3662000000476837
YBR083W,YLL002W,0,-1.7583127,0.13465626537799835,0.5699999928474426,0.36629998683929443
YLL039C,YDL054C,0,-1.7584556,0.13462446630001068,0.5699999928474426,0.36640000343322754
YJR160C,YDR536W,1,-1.7585196,0.13482880592346191,0.5709999799728394,0.36640000343322754
YBR241C,YFL054C,1,-1.7585443,0.13503305613994598,0.5720000267028809,0.36640000343322754
YOR046C,YGR155W,0,-1.7586361,0.13500118255615234,0.5720000267028809,0.36649999022483826
YPL052W-A,YCR091W,0,-1.7586972,0.1349693238735199,0.5720000267028809,0.36660000681877136
YNR050C,YEL034W,0,-1.7587653,0.13493748009204865,0.5720000267028809,0.3666999936103821
YDL211C,YLL019C,0,-1.7589276,0.13490566611289978,0.5720000267028809,0.3668000102043152
YDR080W,YOR101W,0,-1.7589606,0.13487385213375092,0.5720000267028809,0.3668999969959259
YLR160C,YPR181C,0,-1.7590897,0.13484205305576324,0.5720000267028809,0.367000013589859
YBR193C,YMR210W,0,-1.7591654,0.13481026887893677,0.5720000267028809,0.3671000003814697
YDR512C,YKL110C,0,-1.7593347,0.13477851450443268,0.5720000267028809,0.36719998717308044
YER019C-A,YMR023C,0,-1.7594676,0.1347467601299286,0.5720000267028809,0.36730000376701355
YDR342C,YER066W,0,-1.759956,0.1347150206565857,0.5720000267028809,0.36739999055862427
YIL112W,YOR349W,0,-1.7602183,0.13468331098556519,0.5720000267028809,0.3675000071525574
YKL140W,YJL191W,0,-1.7602578,0.13465160131454468,0.5720000267028809,0.3675999939441681
YOL156W,YGL210W,0,-1.7603179,0.13461990654468536,0.5720000267028809,0.3677000105381012
YFR024C-A,YNL312W,0,-1.7604125,0.13458824157714844,0.5720000267028809,0.3677999973297119
YPR188C,YPL221W,0,-1.7605602,0.1345565766096115,0.5720000267028809,0.367900013923645
YOR016C,YDL159W,0,-1.7605882,0.13452492654323578,0.5720000267028809,0.36800000071525574
YLR001C,YEL019C,0,-1.7607566,0.13449330627918243,0.5720000267028809,0.36809998750686646
YJL219W,YEL004W,1,-1.7608068,0.13469675183296204,0.5730000138282776,0.36809998750686646
YIL076W,YGR282C,0,-1.760825,0.1346651017665863,0.5730000138282776,0.36820000410079956
YLR173W,YDR270W,0,-1.7608736,0.13463345170021057,0.5730000138282776,0.3682999908924103
YLR023C,YJL025W,0,-1.761013,0.13460183143615723,0.5730000138282776,0.3684000074863434
YGR278W,YGR165W,0,-1.7610418,0.13457022607326508,0.5730000138282776,0.3684999942779541
YMR267W,YBR034C,0,-1.7610456,0.13453862071037292,0.5730000138282776,0.3686000108718872
YDR064W,YMR109W,0,-1.7611347,0.13450704514980316,0.5730000138282776,0.3686999976634979
YGL057C,YBR255W,0,-1.7611955,0.1344754695892334,0.5730000138282776,0.36880001425743103
YGR097W,YEL069C,1,-1.7614247,0.13467855751514435,0.5740000009536743,0.36880001425743103
YGL131C,YKL072W,0,-1.7616271,0.1346469670534134,0.5740000009536743,0.36890000104904175
YCR092C,YOR137C,0,-1.7617223,0.13461539149284363,0.5740000009536743,0.36899998784065247
YGL253W,YBR241C,1,-1.7617743,0.13481828570365906,0.574999988079071,0.36899998784065247
YDL138W,YLL043W,1,-1.7619139,0.13502109050750732,0.5759999752044678,0.36899998784065247
YJR127C,YNL204C,0,-1.7619238,0.13498945534229279,0.5759999752044678,0.36910000443458557
YLR081W,YML038C,1,-1.7622907,0.1351921260356903,0.5770000219345093,0.36910000443458557
YOR151C,YDR253C,0,-1.7625198,0.13516046106815338,0.5770000219345093,0.3691999912261963
YOR140W,YGL256W,0,-1.7625716,0.13512881100177765,0.5770000219345093,0.3693000078201294
YGL025C,YER019C-A,0,-1.7627443,0.13509716093540192,0.5770000219345093,0.3693999946117401
YLR293C,YNL088W,0,-1.7629324,0.13506554067134857,0.5770000219345093,0.3695000112056732
YDR234W,YJL102W,0,-1.76303,0.13503393530845642,0.5770000219345093,0.36959999799728394
YOR134W,YFR002W,0,-1.7634819,0.13500234484672546,0.5770000219345093,0.36970001459121704
YER153C,YEL006W,0,-1.7634887,0.1349707543849945,0.5770000219345093,0.36980000138282776
YOL154W,YOR070C,0,-1.7634904,0.13493919372558594,0.5770000219345093,0.3698999881744385
YML026C,YPR058W,0,-1.7640933,0.13490764796733856,0.5770000219345093,0.3700000047683716
YOL098C,YLR172C,0,-1.7641425,0.13487611711025238,0.5770000219345093,0.3700999915599823
YLR106C,YMR023C,0,-1.7641665,0.1348445862531662,0.5770000219345093,0.3702000081539154
YER078C,YLR072W,0,-1.7641772,0.1348130851984024,0.5770000219345093,0.3702999949455261
YPL026C,YGR289C,1,-1.7646472,0.13501518964767456,0.578000009059906,0.3702999949455261
YGL240W,YKL149C,0,-1.7647282,0.13498365879058838,0.578000009059906,0.37040001153945923
YCL001W,YKL099C,0,-1.7649556,0.1349521428346634,0.578000009059906,0.37049999833106995
YOL156W,YOR285W,0,-1.7650794,0.1349206417798996,0.578000009059906,0.37059998512268066
YPL089C,YDR457W,0,-1.7650965,0.134889155626297,0.578000009059906,0.37070000171661377
YPR097W,YLR260W,0,-1.7654685,0.1348576694726944,0.578000009059906,0.3707999885082245
YAL068C,YPL210C,0,-1.7655395,0.13482621312141418,0.578000009059906,0.3709000051021576
YJL012C,YPL111W,0,-1.7656827,0.13479477167129517,0.578000009059906,0.3709999918937683
YNL092W,YLR065C,0,-1.7658262,0.13476334512233734,0.578000009059906,0.3711000084877014
YBR162W-A,YDR066C,0,-1.7659911,0.1347319334745407,0.578000009059906,0.37119999527931213
YLR121C,YDR309C,0,-1.7663547,0.13470053672790527,0.578000009059906,0.37130001187324524
YCL056C,YMR325W,0,-1.7666261,0.13466915488243103,0.578000009059906,0.37139999866485596
YPR110C,YKL167C,0,-1.7666563,0.13463778793811798,0.578000009059906,0.3714999854564667
YIR030C,YGL250W,0,-1.7668186,0.13460642099380493,0.578000009059906,0.3716000020503998
YOL156W,YDR392W,0,-1.7668266,0.13457508385181427,0.578000009059906,0.3716999888420105
YML037C,YJR072C,0,-1.7668463,0.1345437616109848,0.578000009059906,0.3718000054359436
YHR064C,YML001W,0,-1.7669708,0.13451245427131653,0.578000009059906,0.3718999922275543
YFL028C,YNL084C,0,-1.7671388,0.13448114693164825,0.578000009059906,0.3720000088214874
YOR030W,YCR095C,0,-1.7673727,0.13444986939430237,0.578000009059906,0.37209999561309814
YLR058C,YKR101W,0,-1.7678472,0.13441860675811768,0.578000009059906,0.37220001220703125
YGL019W,YIL018W,0,-1.768021,0.13438735902309418,0.578000009059906,0.37229999899864197
YCL056C,YPL055C,0,-1.7680718,0.13435611128807068,0.578000009059906,0.3723999857902527
YKL140W,YAL044C,0,-1.7681403,0.13432489335536957,0.578000009059906,0.3725000023841858
YDL102W,YPR140W,0,-1.7682534,0.13429367542266846,0.578000009059906,0.3725999891757965
YML110C,YOR096W,0,-1.7683979,0.13426248729228973,0.578000009059906,0.3727000057697296
YLR442C,YIL048W,0,-1.7684505,0.134231299161911,0.578000009059906,0.37279999256134033
YCL003W,YLR129W,0,-1.7684935,0.13420014083385468,0.578000009059906,0.37290000915527344
YOR145C,YMR029C,0,-1.7685717,0.13416898250579834,0.578000009059906,0.37299999594688416
YOL064C,YBR018C,0,-1.7686001,0.1341378539800644,0.578000009059906,0.37310001254081726
YPL026C,YPR026W,1,-1.768737,0.13433875143527985,0.5789999961853027,0.37310001254081726
YGL231C,YOL083W,0,-1.7687758,0.13430757820606232,0.5789999961853027,0.373199999332428
YDR477W,YBR271W,0,-1.7696663,0.13427643477916718,0.5789999961853027,0.3732999861240387
YLR435W,YHR158C,0,-1.7698213,0.13424530625343323,0.5789999961853027,0.3734000027179718
YLR442C,YNL112W,0,-1.769898,0.13421419262886047,0.5789999961853027,0.3734999895095825
YNR031C,YDR422C,0,-1.76994,0.13418307900428772,0.5789999961853027,0.3736000061035156
YOL083W,YBL013W,0,-1.7700552,0.13415199518203735,0.5789999961853027,0.37369999289512634
YLR224W,YLR197W,0,-1.7702134,0.134120911359787,0.5789999961853027,0.37380000948905945
YOL064C,YLR442C,0,-1.7703067,0.134089857339859,0.5789999961853027,0.37389999628067017
YNL131W,YBR079C,0,-1.7703248,0.13405880331993103,0.5789999961853027,0.37400001287460327
YGL234W,YNL321W,0,-1.770408,0.13402777910232544,0.5789999961853027,0.374099999666214
YLR001C,YGL106W,0,-1.7708029,0.13399675488471985,0.5789999961853027,0.3741999864578247
YGL104C,YDR345C,1,-1.7708235,0.13419713079929352,0.5799999833106995,0.3741999864578247
YOR258W,YOR260W,0,-1.7708883,0.13416609168052673,0.5799999833106995,0.3743000030517578
YJR160C,YDR277C,1,-1.7709156,0.13436633348464966,0.5809999704360962,0.3743000030517578
YEL049W,YGL073W,0,-1.7709602,0.13433526456356049,0.5809999704360962,0.37439998984336853
YNL312W,YDR363W,0,-1.7709713,0.1343042105436325,0.5809999704360962,0.37450000643730164
YBL023C,YER153C,0,-1.771072,0.13427317142486572,0.5809999704360962,0.37459999322891235
YLR371W,YMR154C,0,-1.7710764,0.13424214720726013,0.5809999704360962,0.37470000982284546
YLR371W,YML017W,0,-1.771112,0.13421113789081573,0.5809999704360962,0.3747999966144562
YOR349W,YPL001W,0,-1.7713352,0.13418014347553253,0.5809999704360962,0.3749000132083893
YLR065C,YLR129W,0,-1.7717904,0.13414916396141052,0.5809999704360962,0.375
YOR365C,YIL099W,0,-1.7718107,0.1341181844472885,0.5809999704360962,0.3750999867916107
YPR026W,YER039C,1,-1.771978,0.1343180239200592,0.5820000171661377,0.3750999867916107
YOL070C,YMR221C,0,-1.7721937,0.134287029504776,0.5820000171661377,0.3752000033855438
YDL174C,YKL108W,0,-1.7722802,0.134256049990654,0.5820000171661377,0.37529999017715454
YDL138W,YBL020W,1,-1.7723502,0.13445572555065155,0.5830000042915344,0.37529999017715454
YIL082W-A,YPR145W,0,-1.7723938,0.13442471623420715,0.5830000042915344,0.37540000677108765
YGR221C,YPL189W,0,-1.772442,0.13439373672008514,0.5830000042915344,0.37549999356269836
YKL110C,YGL195W,0,-1.7724749,0.13436275720596313,0.5830000042915344,0.37560001015663147
YML074C,YOR071C,0,-1.7725697,0.13433179259300232,0.5830000042915344,0.3756999969482422
YEL029C,YKL200C,0,-1.7725861,0.1343008577823639,0.5830000042915344,0.3758000135421753
YLR271W,YDL061C,0,-1.772945,0.13426992297172546,0.5830000042915344,0.375900000333786
YOR163W,YOR046C,0,-1.7729856,0.13423900306224823,0.5830000042915344,0.37599998712539673
YJL168C,YPR140W,0,-1.7730926,0.1342080980539322,0.5830000042915344,0.37610000371932983
YLR425W,YKL149C,0,-1.7733399,0.13417720794677734,0.5830000042915344,0.37619999051094055
YDR437W,YLR095C,0,-1.7734305,0.13414634764194489,0.5830000042915344,0.37630000710487366
YDL066W,YLR144C,0,-1.7737523,0.13411548733711243,0.5830000042915344,0.3763999938964844
YHR111W,YPL130W,0,-1.7741088,0.13408464193344116,0.5830000042915344,0.3765000104904175
YGL253W,YGR289C,1,-1.7741976,0.13428373634815216,0.5839999914169312,0.3765000104904175
YLR052W,YGL240W,0,-1.7742039,0.1342528760433197,0.5839999914169312,0.3765999972820282
YNL281W,YGL026C,0,-1.7743562,0.13422201573848724,0.5839999914169312,0.3767000138759613
YHL030W,YJR085C,0,-1.7744097,0.13419117033481598,0.5839999914169312,0.376800000667572
YDR312W,YGL137W,0,-1.7744174,0.1341603547334671,0.5839999914169312,0.37689998745918274
YIL033C,YOL098C,0,-1.7744948,0.13412953913211823,0.5839999914169312,0.37700000405311584
YJR005W,YOR391C,0,-1.7746361,0.13409873843193054,0.5839999914169312,0.37709999084472656
YGR058W,YOR374W,0,-1.7747792,0.13406795263290405,0.5839999914169312,0.37720000743865967
YOR058C,YOR153W,0,-1.774791,0.13403718173503876,0.5839999914169312,0.3772999942302704
YPR102C,YMR054W,0,-1.7747916,0.13400642573833466,0.5839999914169312,0.3774000108242035
YNR008W,YOR141C,0,-1.7748451,0.13397568464279175,0.5839999914169312,0.3774999976158142
YOR151C,YHR107C,0,-1.7748874,0.13394495844841003,0.5839999914169312,0.3776000142097473
YDR092W,YGR020C,0,-1.7751123,0.13391424715518951,0.5839999914169312,0.37770000100135803
YOR229W,YKR101W,0,-1.7751168,0.133883535861969,0.5839999914169312,0.37779998779296875
YJL161W,YGL200C,0,-1.775319,0.13385285437107086,0.5839999914169312,0.37790000438690186
YLR265C,YMR305C,0,-1.7754457,0.13382218778133392,0.5839999914169312,0.3779999911785126
YGL084C,YFL054C,1,-1.7757283,0.1340206116437912,0.5849999785423279,0.3779999911785126
YLR099W-A,YJR117W,0,-1.7757524,0.13398991525173187,0.5849999785423279,0.3781000077724457
YLR173W,YPR113W,0,-1.7766014,0.13395923376083374,0.5849999785423279,0.3781999945640564
YNR072W,YPR115W,1,-1.7768856,0.13415750861167908,0.5860000252723694,0.3781999945640564
YGL038C,YCR060W,0,-1.7769655,0.13412679731845856,0.5860000252723694,0.3783000111579895
YOR258W,YKR035W-A,0,-1.7770436,0.13409611582756042,0.5860000252723694,0.3783999979496002
YOR019W,YER029C,0,-1.7771277,0.1340654343366623,0.5860000252723694,0.3785000145435333
YJR031C,YGR204W,0,-1.7772616,0.13403476774692535,0.5860000252723694,0.37860000133514404
YLR191W,YGR282C,0,-1.7773087,0.1340041160583496,0.5860000252723694,0.37869998812675476
YIL095W,YMR106C,0,-1.7773162,0.13397347927093506,0.5860000252723694,0.37880000472068787
YCL057C-A,YJR155W,0,-1.7777973,0.1339428573846817,0.5860000252723694,0.3788999915122986
YIL027C,YLR304C,0,-1.7785736,0.13391225039958954,0.5860000252723694,0.3790000081062317
YBL087C,YMR238W,0,-1.7786447,0.13388165831565857,0.5860000252723694,0.3790999948978424
YMR045C,YNL181W,0,-1.7786998,0.1338510662317276,0.5860000252723694,0.3792000114917755
YJR158W,YBL020W,1,-1.7787582,0.13404886424541473,0.5870000123977661,0.3792000114917755
YLR298C,YLR206W,0,-1.7789019,0.13401827216148376,0.5870000123977661,0.37929999828338623
YIL070C,YDR447C,0,-1.7789608,0.1339876800775528,0.5870000123977661,0.37940001487731934
YDR387C,YGL084C,1,-1.7791883,0.1341852992773056,0.5879999995231628,0.37940001487731934
YKL132C,YPR147C,0,-1.7795027,0.13415469229221344,0.5879999995231628,0.37950000166893005
YLL050C,YCR072C,0,-1.7795361,0.13412408530712128,0.5879999995231628,0.37959998846054077
YPL027W,YPL243W,0,-1.7795467,0.1340934932231903,0.5879999995231628,0.3797000050544739
YGR128C,YBR110W,0,-1.7797372,0.13406293094158173,0.5879999995231628,0.3797999918460846
YNL273W,YER066W,0,-1.7798023,0.13403236865997314,0.5879999995231628,0.3799000084400177
YGL068W,YCL003W,0,-1.7798408,0.13400182127952576,0.5879999995231628,0.3799999952316284
YFL057C,YOR365C,0,-1.7799877,0.13397128880023956,0.5879999995231628,0.3801000118255615
YHR084W,YAL034W-A,0,-1.7800566,0.13394077122211456,0.5879999995231628,0.38019999861717224
YOR095C,YHL022C,0,-1.7801455,0.13391026854515076,0.5879999995231628,0.38029998540878296
YPR115W,YHR092C,1,-1.7801574,0.13410747051239014,0.5889999866485596,0.38029998540878296
YBR020W,YLR271W,0,-1.7801868,0.13407693803310394,0.5889999866485596,0.38040000200271606
YDR282C,YNL308C,0,-1.7802861,0.13404642045497894,0.5889999866485596,0.3804999887943268
YLR052W,YMR325W,0,-1.7803903,0.13401593267917633,0.5889999866485596,0.3806000053882599
YNL126W,YIL043C,0,-1.7804322,0.13398544490337372,0.5889999866485596,0.3806999921798706
YPL189W,YHR092C,1,-1.7804453,0.1341823935508728,0.5899999737739563,0.3806999921798706
YNR031C,YER145C,0,-1.7804667,0.134151890873909,0.5899999737739563,0.3808000087738037
YDR393W,YIR035C,0,-1.780495,0.1341213881969452,0.5899999737739563,0.38089999556541443
YPL243W,YDL106C,0,-1.7805971,0.13409091532230377,0.5899999737739563,0.38100001215934753
YJR127C,YGR089W,0,-1.7806596,0.13406044244766235,0.5899999737739563,0.38109999895095825
YHR071W,YPR147C,0,-1.7806811,0.13402998447418213,0.5899999737739563,0.38119998574256897
YCR091W,YER066W,0,-1.7807416,0.1339995414018631,0.5899999737739563,0.3813000023365021
YHL018W,YBL054W,0,-1.7811936,0.13396911323070526,0.5899999737739563,0.3813999891281128
YDR007W,YOL055C,0,-1.7812266,0.13393869996070862,0.5899999737739563,0.3815000057220459
YDL141W,YPR160W,0,-1.7812352,0.13390830159187317,0.5899999737739563,0.3815999925136566
YER044C-A,YBR278W,0,-1.7812588,0.1338779181241989,0.5899999737739563,0.3817000091075897
YJL011C,YJR048W,0,-1.7812952,0.13384754955768585,0.5899999737739563,0.38179999589920044
YGL067W,YBR060C,0,-1.7813796,0.13381719589233398,0.5899999737739563,0.38190001249313354
YGR097W,YDR342C,1,-1.7814056,0.1340136080980301,0.5910000205039978,0.38190001249313354
YGL025C,YDR066C,0,-1.7815514,0.13398322463035583,0.5910000205039978,0.38199999928474426
YOL064C,YJR085C,0,-1.7815536,0.13395285606384277,0.5910000205039978,0.382099986076355
YPL204W,YBL034C,0,-1.7816283,0.1339225023984909,0.5910000205039978,0.3822000026702881
YDR007W,YKR061W,0,-1.7816939,0.13389216363430023,0.5910000205039978,0.3822999894618988
YOR354C,YGR264C,0,-1.7820269,0.13386183977127075,0.5910000205039978,0.3824000060558319
YJR092W,YLR450W,0,-1.782051,0.13383151590824127,0.5910000205039978,0.3824999928474426
YGR059W,YPL037C,0,-1.7821406,0.13380122184753418,0.5910000205039978,0.38260000944137573
YGL084C,YDR536W,1,-1.7821685,0.13399727642536163,0.5920000076293945,0.38260000944137573
YHL001W,YHR118C,0,-1.7822025,0.13396696746349335,0.5920000076293945,0.38269999623298645
YGR236C,YIL095W,0,-1.782313,0.13393665850162506,0.5920000076293945,0.38280001282691956
YHR175W,YMR241W,0,-1.7824957,0.13390634953975677,0.5920000076293945,0.3828999996185303
YCR024C-A,YDL014W,0,-1.7827775,0.13387607038021088,0.5920000076293945,0.382999986410141
YCR096C,YNR071C,0,-1.782797,0.13384580612182617,0.5920000076293945,0.3831000030040741
YMR114C,YDR444W,0,-1.7829405,0.13381555676460266,0.5920000076293945,0.3831999897956848
YDL123W,YKL059C,0,-1.7831668,0.13378530740737915,0.5920000076293945,0.3833000063896179
YJR088C,YIL162W,0,-1.7832545,0.13375508785247803,0.5920000076293945,0.38339999318122864
YLR060W,YER018C,0,-1.7834164,0.1337248682975769,0.5920000076293945,0.38350000977516174
YJR042W,YDR066C,0,-1.7836599,0.13369466364383698,0.5920000076293945,0.38359999656677246
YIL137C,YIL120W,0,-1.7841716,0.13366448879241943,0.5920000076293945,0.38370001316070557
YGR174C,YLR286C,0,-1.7842946,0.1336343139410019,0.5920000076293945,0.3837999999523163
YGL104C,YDL138W,1,-1.7843318,0.13382983207702637,0.5929999947547913,0.3837999999523163
YNL101W,YHR138C,0,-1.7845689,0.13379964232444763,0.5929999947547913,0.383899986743927
YFL011W,YDL199C,1,-1.7847149,0.13399504125118256,0.593999981880188,0.383899986743927
YGR034W,YCR005C,0,-1.7847438,0.13396482169628143,0.593999981880188,0.3840000033378601
YOL019W,YHR113W,0,-1.7849089,0.1339346170425415,0.593999981880188,0.3840999901294708
YPR125W,YDR144C,0,-1.7849342,0.13390441238880157,0.593999981880188,0.38420000672340393
YBL027W,YER116C,0,-1.7849789,0.13387423753738403,0.593999981880188,0.38429999351501465
YLR001C,YJL049W,0,-1.7855517,0.13384407758712769,0.593999981880188,0.38440001010894775
YOR137C,YPR113W,0,-1.7856972,0.13381391763687134,0.593999981880188,0.38449999690055847
YDL171C,YFL017C,0,-1.7857574,0.13378378748893738,0.593999981880188,0.3846000134944916
YDR444W,YKL072W,0,-1.7858937,0.13375365734100342,0.593999981880188,0.3847000002861023
YHR186C,YDL194W,0,-1.7860743,0.13372354209423065,0.593999981880188,0.384799987077713
YHR109W,YGR292W,0,-1.7860895,0.13369345664978027,0.593999981880188,0.3849000036716461
YOR163W,YDR387C,0,-1.7861079,0.1336633712053299,0.593999981880188,0.38499999046325684
YML066C,YBR262C,0,-1.7865671,0.1336333006620407,0.593999981880188,0.38510000705718994
YGL068W,YIL095W,0,-1.7867368,0.13360324501991272,0.593999981880188,0.38519999384880066
YHL035C,YKL104C,0,-1.7868835,0.13357318937778473,0.593999981880188,0.38530001044273376
YCL040W,YDL199C,1,-1.7869797,0.1337679922580719,0.5950000286102295,0.38530001044273376
YLL054C,YMR305C,0,-1.7875624,0.13373792171478271,0.5950000286102295,0.3853999972343445
YML038C,YEL004W,1,-1.787625,0.13393259048461914,0.5960000157356262,0.3853999972343445
YGL226C-A,YCR058C,0,-1.7876911,0.13390249013900757,0.5960000157356262,0.3855000138282776
YPR029C,YIL103W,0,-1.7877729,0.13387241959571838,0.5960000157356262,0.3856000006198883
YDR473C,YLR337C,0,-1.788352,0.1338423490524292,0.5960000157356262,0.385699987411499
YDR333C,YBL013W,0,-1.7885294,0.1338123083114624,0.5960000157356262,0.38580000400543213
YNL047C,YPR193C,0,-1.7887119,0.1337822675704956,0.5960000157356262,0.38589999079704285
YJL209W,YPL259C,0,-1.7887872,0.13375224173069,0.5960000157356262,0.38600000739097595
YMR262W,YDR099W,0,-1.7889844,0.1337222307920456,0.5960000157356262,0.38609999418258667
YNL045W,YGR278W,0,-1.7892717,0.13369223475456238,0.5960000157356262,0.3862000107765198
YIL171W,YDR536W,1,-1.7893084,0.13388651609420776,0.597000002861023,0.3862000107765198
YDR343C,YNR072W,1,-1.7893385,0.13408072292804718,0.5979999899864197,0.3862000107765198
YEL004W,YHR092C,1,-1.7894318,0.13427482545375824,0.5989999771118164,0.3862000107765198
YBR181C,YGL250W,0,-1.7898701,0.13424474000930786,0.5989999771118164,0.3862999975681305
YHR162W,YLR204W,0,-1.7898989,0.13421465456485748,0.5989999771118164,0.3864000141620636
YLR119W,YOR134W,0,-1.7901266,0.1341845840215683,0.5989999771118164,0.3865000009536743
YBR278W,YOR285W,0,-1.7901605,0.1341545283794403,0.5989999771118164,0.38659998774528503
YMR211W,YAR071W,0,-1.7901963,0.1341245025396347,0.5989999771118164,0.38670000433921814
YBR181C,YIR035C,0,-1.7902006,0.1340944766998291,0.5989999771118164,0.38679999113082886
YDL199C,YHR094C,1,-1.7903411,0.1342882663011551,0.6000000238418579,0.38679999113082886
YDR105C,YPR093C,0,-1.7903504,0.1342582255601883,0.6000000238418579,0.38690000772476196
YKL170W,YER179W,0,-1.7906127,0.1342281848192215,0.6000000238418579,0.3869999945163727
YDR363W,YLR055C,0,-1.7910355,0.1341981589794159,0.6000000238418579,0.3871000111103058
YPR200C,YOR019W,0,-1.7911258,0.13416816294193268,0.6000000238418579,0.3871999979019165
YJR158W,YLL043W,1,-1.7911456,0.13436172902584076,0.6010000109672546,0.3871999979019165
YDR473C,YOL064C,0,-1.7911812,0.13433168828487396,0.6010000109672546,0.3873000144958496
YPL046C,YHR138C,0,-1.7911844,0.13430167734622955,0.6010000109672546,0.3874000012874603
YFL057C,YBR240C,0,-1.7911884,0.13427166640758514,0.6010000109672546,0.38749998807907104
YBR143C,YGL168W,0,-1.79134,0.13424168527126312,0.6010000109672546,0.38760000467300415
YGR127W,YFL046W,0,-1.7913473,0.1342117041349411,0.6010000109672546,0.38769999146461487
YHL003C,YAL021C,0,-1.7915881,0.13418173789978027,0.6010000109672546,0.387800008058548
YML017W,YLR188W,0,-1.7918316,0.13415178656578064,0.6010000109672546,0.3878999948501587
YAR033W,YJR124C,0,-1.7918682,0.1341218501329422,0.6010000109672546,0.3880000114440918
YLL043W,YFR053C,1,-1.7919098,0.13431504368782043,0.6019999980926514,0.3880000114440918
YOR239W,YPR149W,0,-1.7919837,0.1342850774526596,0.6019999980926514,0.3880999982357025
YNR057C,YDR363W,0,-1.7920047,0.13425512611865997,0.6019999980926514,0.3882000148296356
YGR084C,YOR349W,0,-1.7920387,0.13422518968582153,0.6019999980926514,0.38830000162124634
YBR057C,YMR213W,0,-1.7922479,0.1341952681541443,0.6019999980926514,0.38839998841285706
YGL119W,YDR449C,0,-1.7922947,0.13416536152362823,0.6019999980926514,0.38850000500679016
YMR152W,YBR202W,0,-1.7924124,0.13413546979427338,0.6019999980926514,0.3885999917984009
YOR059C,YBL034C,0,-1.7925042,0.1341055929660797,0.6019999980926514,0.388700008392334
YKL033W,YHR020W,0,-1.7927941,0.13407573103904724,0.6019999980926514,0.3887999951839447
YPL089C,YOR298C-A,0,-1.792858,0.13404586911201477,0.6019999980926514,0.3889000117778778
YDR289C,YOR134W,0,-1.7929229,0.1340160220861435,0.6019999980926514,0.3889999985694885
YDL024C,YER179W,0,-1.7929994,0.1339862048625946,0.6019999980926514,0.38909998536109924
YJL214W,YNR072W,1,-1.7930062,0.13417890667915344,0.6029999852180481,0.38909998536109924
YHR094C,YPL017C,0,-1.7930919,0.13414905965328217,0.6029999852180481,0.38920000195503235
YHL018W,YOR143C,0,-1.7934481,0.1341192126274109,0.6029999852180481,0.38929998874664307
YCR042C,YER059W,0,-1.7939562,0.134089395403862,0.6029999852180481,0.38940000534057617
YKR072C,YAR071W,0,-1.7939786,0.1340595781803131,0.6029999852180481,0.3894999921321869
YCL003W,YPL045W,0,-1.7941247,0.1340297907590866,0.6029999852180481,0.38960000872612
YBR242W,YHR175W,0,-1.7942392,0.1340000033378601,0.6029999852180481,0.3896999955177307
YCR018C,YJR158W,0,-1.7944862,0.1339702308177948,0.6029999852180481,0.3898000121116638
YJR123W,YBR179C,0,-1.7945713,0.13394047319889069,0.6029999852180481,0.38989999890327454
YNR027W,YLR467W,0,-1.7949213,0.13391073048114777,0.6029999852180481,0.38999998569488525
YHR079C-A,YJL161W,0,-1.7949892,0.13388098776340485,0.6029999852180481,0.39010000228881836
YCL005W,YBR060C,0,-1.7950187,0.13385127484798431,0.6029999852180481,0.3901999890804291
YDR512C,YMR305C,0,-1.7950315,0.13382157683372498,0.6029999852180481,0.3903000056743622
YGR059W,YGL240W,0,-1.7954017,0.13379187881946564,0.6029999852180481,0.3903999924659729
YKR065C,YIL143C,0,-1.7954088,0.1337621957063675,0.6029999852180481,0.390500009059906
YML001W,YPL158C,0,-1.7955838,0.13373252749443054,0.6029999852180481,0.3905999958515167
YER007W,YMR002W,0,-1.7959054,0.13370288908481598,0.6029999852180481,0.39070001244544983
YCL063W,YMR238W,0,-1.7961117,0.13367323577404022,0.6029999852180481,0.39079999923706055
YNL148C,YLR278C,0,-1.796125,0.13364361226558685,0.6029999852180481,0.39089998602867126
YFL035C-B,YOR349W,0,-1.7962682,0.13361400365829468,0.6029999852180481,0.39100000262260437
YEL063C,YCR091W,0,-1.7963076,0.1335844099521637,0.6029999852180481,0.3910999894142151
YBR298C,YHR092C,1,-1.7964338,0.13377630710601807,0.6039999723434448,0.3910999894142151
YOR223W,YDR363W,0,-1.7964876,0.1337466835975647,0.6039999723434448,0.3912000060081482
YGL253W,YJL214W,1,-1.7967889,0.13393846154212952,0.6050000190734863,0.3912000060081482
YGL261C,YJL013C,0,-1.7970889,0.13390880823135376,0.6050000190734863,0.3912999927997589
YDR457W,YER001W,0,-1.7970928,0.1338791698217392,0.6050000190734863,0.391400009393692
YPR023C,YDR437W,0,-1.7973024,0.13384956121444702,0.6050000190734863,0.39149999618530273
YKR059W,YDR202C,0,-1.7973555,0.13381995260715485,0.6050000190734863,0.39160001277923584
YLR219W,YGR067C,0,-1.7973852,0.13379035890102386,0.6050000190734863,0.39169999957084656
YNR050C,YPL061W,0,-1.7978157,0.13376078009605408,0.6050000190734863,0.3917999863624573
YLR121C,YKL107W,0,-1.7979915,0.13373121619224548,0.6050000190734863,0.3919000029563904
YGR198W,YDR522C,0,-1.798128,0.1337016522884369,0.6050000190734863,0.3919999897480011
YBR242W,YAL048C,0,-1.7985792,0.13367211818695068,0.6050000190734863,0.3921000063419342
YBL025W,YPL010W,0,-1.7988845,0.13364258408546448,0.6050000190734863,0.3921999931335449
YJL079C,YGR217W,0,-1.7992359,0.13361307978630066,0.6050000190734863,0.392300009727478
YJR014W,YLR278C,0,-1.7993109,0.13358357548713684,0.6050000190734863,0.39239999651908875
YDL247W,YCL024W,0,-1.7995574,0.13355408608913422,0.6050000190734863,0.39250001311302185
YFL037W,YCL003W,0,-1.7995723,0.13352461159229279,0.6050000190734863,0.39259999990463257
YDR277C,YDR345C,1,-1.7997202,0.13371579349040985,0.6060000061988831,0.39259999990463257
YOR276W,YER001W,0,-1.7998736,0.13368630409240723,0.6060000061988831,0.3926999866962433
YLR448W,YPL119C,0,-1.8001841,0.1336568146944046,0.6060000061988831,0.3928000032901764
YIL010W,YPL076W,0,-1.8002604,0.13362734019756317,0.6060000061988831,0.3928999900817871
YLR224W,YDL106C,0,-1.8003238,0.13359788060188293,0.6060000061988831,0.3930000066757202
YJL209W,YGR282C,0,-1.8004063,0.1335684359073639,0.6060000061988831,0.39309999346733093
YDR343C,YDL247W,1,-1.8005149,0.13375936448574066,0.6069999933242798,0.39309999346733093
YIL151C,YHL030W,0,-1.8005711,0.13372988998889923,0.6069999933242798,0.39320001006126404
YGL025C,YJR072C,0,-1.8007215,0.1337004452943802,0.6069999933242798,0.39329999685287476
YJL076W,YNL185C,0,-1.8009052,0.13367100059986115,0.6069999933242798,0.39340001344680786
YOR128C,YAL022C,0,-1.8009974,0.1336415708065033,0.6069999933242798,0.3935000002384186
YCR105W,YLR223C,0,-1.8010856,0.13361215591430664,0.6069999933242798,0.3935999870300293
YOR016C,YIL009W,0,-1.8012049,0.13358274102210999,0.6069999933242798,0.3937000036239624
YHL032C,YDR367W,0,-1.801514,0.13355335593223572,0.6069999933242798,0.3937999904155731
YHL022C,YPR145W,0,-1.8016497,0.13352397084236145,0.6069999933242798,0.3939000070095062
YLR167W,YNL103W,0,-1.8017842,0.13349461555480957,0.6069999933242798,0.39399999380111694
YGL057C,YBR179C,0,-1.8018943,0.1334652602672577,0.6069999933242798,0.39410001039505005
YGR002C,YDR363W,0,-1.8019031,0.133435919880867,0.6069999933242798,0.39419999718666077
YCL057C-A,YLR453C,0,-1.8019359,0.1334065943956375,0.6069999933242798,0.39430001378059387
YIL074C,YER015W,0,-1.8020715,0.1333772838115692,0.6069999933242798,0.3944000005722046
YPR005C,YPL001W,0,-1.8021673,0.13334797322750092,0.6069999933242798,0.3944999873638153
YPR005C,YMR027W,0,-1.8023692,0.133318692445755,0.6069999933242798,0.3946000039577484
YKL006W,YHR113W,0,-1.8025988,0.1332894116640091,0.6069999933242798,0.39469999074935913
YGL261C,YGR098C,0,-1.8026283,0.13326016068458557,0.6069999933242798,0.39480000734329224
YGL261C,YGL054C,0,-1.8026769,0.13323090970516205,0.6069999933242798,0.39489999413490295
YBR020W,YAL005C,0,-1.80273,0.13320167362689972,0.6069999933242798,0.39500001072883606
YKL101W,YBR265W,0,-1.8031749,0.1331724375486374,0.6069999933242798,0.3950999975204468
YBR017C,YNL131W,0,-1.8033878,0.13314323127269745,0.6069999933242798,0.3952000141143799
YDL098C,YHR162W,0,-1.8036779,0.1331140398979187,0.6069999933242798,0.3953000009059906
YNL173C,YEL049W,0,-1.8039147,0.13308484852313995,0.6069999933242798,0.3953999876976013
YOL103W,YML086C,0,-1.8040184,0.1330556720495224,0.6069999933242798,0.3955000042915344
YGR097W,YJL219W,1,-1.8040298,0.13324567675590515,0.6079999804496765,0.3955000042915344
YLR418C,YFL046W,0,-1.8040913,0.1332164704799652,0.6079999804496765,0.39559999108314514
YDR342C,YEL069C,1,-1.8041531,0.1334063559770584,0.609000027179718,0.39559999108314514
YJR048W,YPL158C,0,-1.8042787,0.13337713479995728,0.609000027179718,0.39570000767707825
YJL110C,YGL225W,0,-1.804387,0.13334792852401733,0.609000027179718,0.39579999446868896
YHR096C,YBR023C,0,-1.8046228,0.1333187371492386,0.609000027179718,0.39590001106262207
YBR167C,YIL127C,0,-1.8046298,0.13328956067562103,0.609000027179718,0.3959999978542328
YOL049W,YBR018C,0,-1.8051661,0.13326039910316467,0.609000027179718,0.3961000144481659
YLR058C,YLR430W,0,-1.8052626,0.1332312375307083,0.609000027179718,0.3962000012397766
YBL093C,YDR519W,0,-1.8057848,0.13320210576057434,0.609000027179718,0.39629998803138733
YDR444W,YOL101C,0,-1.8058131,0.13317297399044037,0.609000027179718,0.39640000462532043
YJR123W,YKL067W,0,-1.8058393,0.1331438571214676,0.609000027179718,0.39649999141693115
YGR250C,YBR023C,0,-1.8059832,0.133114755153656,0.609000027179718,0.39660000801086426
YDR260C,YKL058W,0,-1.8059859,0.13308566808700562,0.609000027179718,0.396699994802475
YHR084W,YLL009C,0,-1.8061439,0.13305658102035522,0.609000027179718,0.3968000113964081
YHR162W,YJR119C,0,-1.8061758,0.13302752375602722,0.609000027179718,0.3968999981880188
YAL005C,YMR294W,0,-1.8062097,0.13299846649169922,0.609000027179718,0.3970000147819519
YJL114W,YPR041W,0,-1.8062111,0.1329694390296936,0.609000027179718,0.3971000015735626
YOR221C,YIL103W,0,-1.8063238,0.132940411567688,0.609000027179718,0.39719998836517334
YLL039C,YNL308C,0,-1.8063599,0.13291139900684357,0.609000027179718,0.39730000495910645
YOL033W,YKR101W,0,-1.8063618,0.13288238644599915,0.609000027179718,0.39739999175071716
YBR181C,YDR319C,0,-1.8064729,0.1328534036874771,0.609000027179718,0.39750000834465027
YOR028C,YLR144C,0,-1.8066236,0.13282442092895508,0.609000027179718,0.397599995136261
YOR019W,YFR024C-A,0,-1.8067106,0.13279546797275543,0.609000027179718,0.3977000117301941
YAL005C,YOL098C,0,-1.8068489,0.1327665150165558,0.609000027179718,0.3977999985218048
YJR053W,YGR020C,0,-1.8068706,0.13273757696151733,0.609000027179718,0.3978999853134155
YOR151C,YDR437W,0,-1.8071957,0.13270865380764008,0.609000027179718,0.39800000190734863
YHR021C,YDR375C,0,-1.8074267,0.132679745554924,0.609000027179718,0.39809998869895935
YOR243C,YGR206W,0,-1.807491,0.13265083730220795,0.609000027179718,0.39820000529289246
YLR001C,YLR224W,0,-1.8078977,0.13262194395065308,0.609000027179718,0.3982999920845032
YLR271W,YKL104C,0,-1.8082324,0.1325930804014206,0.609000027179718,0.3984000086784363
YKL006W,YIL169C,0,-1.8083098,0.1325642168521881,0.609000027179718,0.398499995470047
YJL214W,YHR096C,1,-1.8086394,0.13275299966335297,0.6100000143051147,0.398499995470047
YIL027C,YKL167C,0,-1.8088685,0.1327241063117981,0.6100000143051147,0.3986000120639801
YOR101W,YLR188W,0,-1.8090526,0.1326952427625656,0.6100000143051147,0.3986999988555908
YGL111W,YMR241W,0,-1.8090742,0.13266637921333313,0.6100000143051147,0.39879998564720154
YOL064C,YDR384C,0,-1.80919,0.13263753056526184,0.6100000143051147,0.39890000224113464
YAL044C,YPR058W,0,-1.8091977,0.13260869681835175,0.6100000143051147,0.39899998903274536
YGR156W,YMR258C,0,-1.8095353,0.13257987797260284,0.6100000143051147,0.39910000562667847
YJR005W,YOR134W,0,-1.8095711,0.13255105912685394,0.6100000143051147,0.3991999924182892
YIL076W,YDR473C,0,-1.8096424,0.13252227008342743,0.6100000143051147,0.3993000090122223
YHR031C,YDR333C,0,-1.8096875,0.13249348104000092,0.6100000143051147,0.399399995803833
YBR242W,YJL023C,0,-1.8097531,0.1324647068977356,0.6100000143051147,0.3995000123977661
YIL104C,YLR191W,0,-1.809877,0.13243594765663147,0.6100000143051147,0.39959999918937683
YCL020W,YML064C,0,-1.8099657,0.13240720331668854,0.6100000143051147,0.39969998598098755
YPR028W,YLL013C,0,-1.8100135,0.1323784738779068,0.6100000143051147,0.39980000257492065
YBL095W,YPL211W,0,-1.8100849,0.13234974443912506,0.6100000143051147,0.39989998936653137
YLL010C,YGR098C,0,-1.8101794,0.1323210448026657,0.6100000143051147,0.4000000059604645
YPR097W,YAR002W,0,-1.8102318,0.13229234516620636,0.6100000143051147,0.4000999927520752
YBR241C,YEL069C,1,-1.8103076,0.13248048722743988,0.6110000014305115,0.4000999927520752
YML110C,YNL110C,0,-1.8103486,0.13245177268981934,0.6110000014305115,0.4002000093460083
YMR106C,YJL186W,0,-1.8104211,0.1324230581521988,0.6110000014305115,0.400299996137619
YOL084W,YPL076W,0,-1.8104867,0.13239437341690063,0.6110000014305115,0.4004000127315521
YDL194W,YPR115W,1,-1.8105963,0.13258232176303864,0.6119999885559082,0.4004000127315521
YJL156C,YPR145W,0,-1.8106239,0.1325536072254181,0.6119999885559082,0.40049999952316284
YDR310C,YGL010W,0,-1.8106267,0.13252490758895874,0.6119999885559082,0.40059998631477356
YOR221C,YDR379C-A,0,-1.8111382,0.1324962079524994,0.6119999885559082,0.40070000290870667
YFL002C,YER001W,0,-1.8111395,0.13246753811836243,0.6119999885559082,0.4007999897003174
YOR288C,YNL092W,0,-1.8112733,0.13243886828422546,0.6119999885559082,0.4009000062942505
YIR030C,YDR359C,0,-1.8114374,0.1324102133512497,0.6119999885559082,0.4009999930858612
YCR079W,YDL054C,0,-1.8116374,0.13238157331943512,0.6119999885559082,0.4011000096797943
YER066W,YLR197W,0,-1.8117661,0.13235294818878174,0.6119999885559082,0.40119999647140503
YDR381C-A,YNL081C,0,-1.8117993,0.13232432305812836,0.6119999885559082,0.40130001306533813
YFL057C,YOR101W,0,-1.8118166,0.13229571282863617,0.6119999885559082,0.40139999985694885
YKL087C,YER029C,0,-1.812169,0.13226713240146637,0.6119999885559082,0.40149998664855957
YDR309C,YCR012W,0,-1.8123218,0.13223855197429657,0.6119999885559082,0.4016000032424927
YBR181C,YNR063W,0,-1.8129495,0.13220998644828796,0.6119999885559082,0.4016999900341034
YJL107C,YPL249C-A,0,-1.8129612,0.13218142092227936,0.6119999885559082,0.4018000066280365
YGR205W,YBR050C,0,-1.8130621,0.13215288519859314,0.6119999885559082,0.4018999934196472
YDR224C,YGR217W,0,-1.8130906,0.13212434947490692,0.6119999885559082,0.4020000100135803
YGL123W,YOR247W,0,-1.8133336,0.1320958286523819,0.6119999885559082,0.40209999680519104
YDL247W,YNL048W,0,-1.8134617,0.13206732273101807,0.6119999885559082,0.40220001339912415
YER014W,YDR367W,0,-1.8135889,0.13203883171081543,0.6119999885559082,0.40230000019073486
YBR083W,YIL136W,0,-1.8138521,0.132010355591774,0.6119999885559082,0.4023999869823456
YCL045C,YGR292W,0,-1.8141129,0.13198187947273254,0.6119999885559082,0.4025000035762787
YIL138C,YBR181C,0,-1.8141955,0.1319534331560135,0.6119999885559082,0.4025999903678894
YMR227C,YLL057C,0,-1.8142475,0.13192498683929443,0.6119999885559082,0.4027000069618225
YDL003W,YPL276W,0,-1.8143262,0.13189655542373657,0.6119999885559082,0.4027999937534332
YGL178W,YBR107C,0,-1.814574,0.1318681389093399,0.6119999885559082,0.40290001034736633
YPL214C,YHR113W,0,-1.8146434,0.13183972239494324,0.6119999885559082,0.40299999713897705
YEL049W,YJL103C,0,-1.8147444,0.13181133568286896,0.6119999885559082,0.40310001373291016
YDR387C,YPL244C,1,-1.8148043,0.13199827075004578,0.6129999756813049,0.40310001373291016
YDL048C,YER019W,0,-1.8149713,0.1319698542356491,0.6129999756813049,0.4032000005245209
YJR088C,YAL047C,0,-1.8152286,0.13194145262241364,0.6129999756813049,0.4032999873161316
YJL065C,YLR340W,0,-1.8153186,0.13191306591033936,0.6129999756813049,0.4034000039100647
YGL131C,YJL111W,0,-1.8154329,0.13188467919826508,0.6129999756813049,0.4034999907016754
YJL102W,YOR137C,0,-1.8156332,0.131856307387352,0.6129999756813049,0.4036000072956085
YHL035C,YOR171C,0,-1.8156418,0.1318279504776001,0.6129999756813049,0.40369999408721924
YFL057C,YBL098W,0,-1.8158852,0.1317996084690094,0.6129999756813049,0.40380001068115234
YDL194W,YLL043W,1,-1.8159548,0.13198624551296234,0.6140000224113464,0.40380001068115234
YPL026C,YGR097W,1,-1.8162085,0.13217279314994812,0.6150000095367432,0.40380001068115234
YJR048W,YPR171W,0,-1.8162371,0.13214439153671265,0.6150000095367432,0.40389999747276306
YDR542W,YGR016W,0,-1.8163238,0.13211600482463837,0.6150000095367432,0.40400001406669617
YFL037W,YMR019W,0,-1.816328,0.13208763301372528,0.6150000095367432,0.4041000008583069
YER166W,YGL010W,0,-1.8168385,0.1320592612028122,0.6150000095367432,0.4041999876499176
YOR008C,YPL211W,0,-1.8168827,0.1320309191942215,0.6150000095367432,0.4043000042438507
YER132C,YDL054C,0,-1.817032,0.1320025771856308,0.6150000095367432,0.4043999910354614
YBL057C,YPL271W,0,-1.8172513,0.1319742500782013,0.6150000095367432,0.40450000762939453
YGR205W,YKL144C,0,-1.8172587,0.13194593787193298,0.6150000095367432,0.40459999442100525
YBR298C,YLL043W,1,-1.8172647,0.1321321278810501,0.6159999966621399,0.40459999442100525
YDL014W,YHR191C,0,-1.8172957,0.1321038007736206,0.6159999966621399,0.40470001101493835
YCR020W-B,YGL206C,0,-1.8173815,0.1320754736661911,0.6159999966621399,0.4047999978065491
YCL057C-A,YMR054W,0,-1.8174046,0.1320471614599228,0.6159999966621399,0.4049000144004822
YGR169C,YNL112W,0,-1.8174859,0.13201886415481567,0.6159999966621399,0.4050000011920929
YER044C-A,YIL051C,0,-1.8175008,0.13199056684970856,0.6159999966621399,0.4050999879837036
YGL226C-A,YBL023C,0,-1.8175324,0.13196229934692383,0.6159999966621399,0.4052000045776367
YPL244C,YHR094C,1,-1.8176708,0.13214820623397827,0.6169999837875366,0.4052000045776367
YDR342C,YMR183C,0,-1.8178598,0.13211990892887115,0.6169999837875366,0.40529999136924744
YLL055W,YAL010C,0,-1.8178977,0.13209162652492523,0.6169999837875366,0.40540000796318054
YKL180W,YER165W,0,-1.8182427,0.1320633590221405,0.6169999837875366,0.40549999475479126
YPL241C,YDL066W,0,-1.8183979,0.13203509151935577,0.6169999837875366,0.40560001134872437
YDL171C,YBR034C,0,-1.8184115,0.13200685381889343,0.6169999837875366,0.4056999981403351
YPR181C,YJL050W,0,-1.8184153,0.1319786161184311,0.6169999837875366,0.4058000147342682
YMR239C,YBR235W,0,-1.8188661,0.13195037841796875,0.6169999837875366,0.4059000015258789
YLR220W,YOL070C,0,-1.8189524,0.1319221705198288,0.6169999837875366,0.4059999883174896
YIL110W,YDL247W,0,-1.8193446,0.13189397752285004,0.6169999837875366,0.40610000491142273
YCL063W,YER019C-A,0,-1.8197378,0.13186578452587128,0.6169999837875366,0.40619999170303345
YDR270W,YOR310C,0,-1.8199643,0.1318376064300537,0.6169999837875366,0.40630000829696655
YLL010C,YHR071W,0,-1.8200618,0.13180944323539734,0.6169999837875366,0.40639999508857727
YAR019C,YPL211W,0,-1.8203136,0.13178129494190216,0.6169999837875366,0.4065000116825104
YIL087C,YNL307C,0,-1.8203822,0.13175314664840698,0.6169999837875366,0.4065999984741211
YHR021C,YOL012C,0,-1.8205723,0.1317250281572342,0.6169999837875366,0.4066999852657318
YDL155W,YBR029C,0,-1.8205856,0.1316969096660614,0.6169999837875366,0.4068000018596649
YER098W,YGR016W,0,-1.8206471,0.1316688060760498,0.6169999837875366,0.40689998865127563
YNR076W,YOL093W,0,-1.8207648,0.1316407024860382,0.6169999837875366,0.40700000524520874
YNL125C,YKL104C,0,-1.820941,0.131612628698349,0.6169999837875366,0.40709999203681946
YCR095C,YJR119C,0,-1.8211786,0.1315845549106598,0.6169999837875366,0.40720000863075256
YKL201C,YLR450W,0,-1.8212937,0.13155649602413177,0.6169999837875366,0.4072999954223633
YDL061C,YPR145W,0,-1.8213137,0.13152845203876495,0.6169999837875366,0.4074000120162964
YML026C,YPR193C,0,-1.8213973,0.13150042295455933,0.6169999837875366,0.4074999988079071
YBL095W,YLL029W,0,-1.8216821,0.1314724087715149,0.6169999837875366,0.4075999855995178
YML010W,YBR126C,0,-1.821709,0.13144439458847046,0.6169999837875366,0.4077000021934509
YDR198C,YAL017W,0,-1.8217686,0.13141639530658722,0.6169999837875366,0.40779998898506165
YBR017C,YKR056W,0,-1.8217732,0.13138841092586517,0.6169999837875366,0.40790000557899475
YBR202W,YGR058W,0,-1.8218268,0.13136044144630432,0.6169999837875366,0.40799999237060547
YGL247W,YBR229C,0,-1.821971,0.13133248686790466,0.6169999837875366,0.4081000089645386
YIL138C,YDL223C,0,-1.8220552,0.131304532289505,0.6169999837875366,0.4081999957561493
YHL013C,YER072W,0,-1.8222287,0.13127659261226654,0.6169999837875366,0.4083000123500824
YLL054C,YFR019W,0,-1.8225242,0.13124866783618927,0.6169999837875366,0.4083999991416931
YDR150W,YDR359C,0,-1.822582,0.1312207579612732,0.6169999837875366,0.40849998593330383
YHR162W,YPL070W,0,-1.8226448,0.1311928629875183,0.6169999837875366,0.40860000252723694
YMR074C,YPR111W,0,-1.8228182,0.13116496801376343,0.6169999837875366,0.40869998931884766
YHR162W,YDR513W,0,-1.8232936,0.13113708794116974,0.6169999837875366,0.40880000591278076
YOL098C,YNL293W,0,-1.8234515,0.13110922276973724,0.6169999837875366,0.4088999927043915
YER184C,YMR238W,0,-1.8234972,0.13108137249946594,0.6169999837875366,0.4090000092983246
YPR007C,YOR124C,0,-1.8235875,0.13105352222919464,0.6169999837875366,0.4090999960899353
YGR247W,YDL007W,0,-1.8238262,0.13102570176124573,0.6169999837875366,0.4092000126838684
YCR095C,YDR350C,0,-1.8238267,0.13099788129329681,0.6169999837875366,0.4092999994754791
YIR009W,YGR020C,0,-1.8240045,0.1309700757265091,0.6169999837875366,0.40939998626708984
YIL103W,YMR300C,0,-1.8241774,0.13094227015972137,0.6169999837875366,0.40950000286102295
YBR057C,YBR007C,0,-1.8242235,0.13091449439525604,0.6169999837875366,0.40959998965263367
YCR012W,YGR262C,0,-1.8242472,0.1308867186307907,0.6169999837875366,0.4097000062465668
YLR286C,YER001W,0,-1.8244473,0.13085895776748657,0.6169999837875366,0.4097999930381775
YPL026C,YLL043W,1,-1.8246295,0.13104325532913208,0.6179999709129333,0.4097999930381775
YMR294W,YDL103C,0,-1.8253212,0.13101547956466675,0.6179999709129333,0.4099000096321106
YGR034W,YGL099W,0,-1.82574,0.13098770380020142,0.6179999709129333,0.4099999964237213
YDR229W,YGL234W,0,-1.8257959,0.13095994293689728,0.6179999709129333,0.4101000130176544
YDR503C,YMR086W,0,-1.8258144,0.13093219697475433,0.6179999709129333,0.41019999980926514
YPR110C,YCR058C,0,-1.8258839,0.13090446591377258,0.6179999709129333,0.41029998660087585
YDL098C,YJR053W,0,-1.8260024,0.13087674975395203,0.6179999709129333,0.41040000319480896
YAR033W,YOR178C,0,-1.8260784,0.13084903359413147,0.6179999709129333,0.4104999899864197
YGL166W,YLL055W,0,-1.826244,0.1308213323354721,0.6179999709129333,0.4106000065803528
YFL011W,YJR158W,1,-1.8263699,0.13100528717041016,0.6190000176429749,0.4106000065803528
YHL030W,YER010C,0,-1.8264025,0.1309775710105896,0.6190000176429749,0.4106999933719635
YML026C,YOL053W,0,-1.8265835,0.13094986975193024,0.6190000176429749,0.4108000099658966
YDR454C,YOL093W,0,-1.8265921,0.13092216849327087,0.6190000176429749,0.4108999967575073
YBR294W,YKR029C,0,-1.8266553,0.1308944821357727,0.6190000176429749,0.41100001335144043
YBL084C,YJR160C,0,-1.8267359,0.13086681067943573,0.6190000176429749,0.41110000014305115
YBL100W-A,YNR054C,0,-1.8267525,0.13083913922309875,0.6190000176429749,0.41119998693466187
YCR102C,YKL149C,0,-1.8268949,0.13081149756908417,0.6190000176429749,0.41130000352859497
YOR059C,YKR094C,0,-1.8269244,0.13078385591506958,0.6190000176429749,0.4113999903202057
YGR204W,YLR357W,0,-1.8269254,0.1307562291622162,0.6190000176429749,0.4115000069141388
YNL088W,YFL023W,0,-1.8270743,0.130728617310524,0.6190000176429749,0.4115999937057495
YBR095C,YPR193C,0,-1.8271523,0.13070102035999298,0.6190000176429749,0.4117000102996826
YDL036C,YJL140W,0,-1.8271793,0.13067342340946198,0.6190000176429749,0.41179999709129333
YOL122C,YIR035C,0,-1.8274373,0.13064584136009216,0.6190000176429749,0.41190001368522644
YDL202W,YGL010W,0,-1.8277425,0.13061827421188354,0.6190000176429749,0.41200000047683716
YDR092W,YHR138C,0,-1.8279325,0.13059072196483612,0.6190000176429749,0.4120999872684479
YMR233W,YMR241W,0,-1.8280867,0.1305631697177887,0.6190000176429749,0.412200003862381
YML070W,YMR154C,0,-1.828169,0.13053563237190247,0.6190000176429749,0.4122999906539917
YMR213W,YML095C,0,-1.8282505,0.13050810992717743,0.6190000176429749,0.4124000072479248
YDR224C,YLL057C,0,-1.8285315,0.1304806023836136,0.6190000176429749,0.4124999940395355
YCL061C,YFL061W,0,-1.8289691,0.13045310974121094,0.6190000176429749,0.41260001063346863
YJR158W,YJL219W,1,-1.8293604,0.1306363195180893,0.6200000047683716,0.41260001063346863
YOR047C,YGR217W,0,-1.8294181,0.13060881197452545,0.6200000047683716,0.41269999742507935
YMR315W,YCL074W,0,-1.8294389,0.1305813044309616,0.6200000047683716,0.41280001401901245
YML045W,YBR173C,0,-1.8295982,0.13055379688739777,0.6200000047683716,0.41290000081062317
YGR289C,YDL138W,1,-1.8296275,0.130736842751503,0.6209999918937683,0.41290000081062317
YNR076W,YOR007C,0,-1.8297714,0.13070932030677795,0.6209999918937683,0.4129999876022339
YAR010C,YOL101C,0,-1.82996,0.1306818127632141,0.6209999918937683,0.413100004196167
YOR386W,YOR152C,0,-1.8301095,0.13065432012081146,0.6209999918937683,0.4131999909877777
YER053C-A,YHL003C,0,-1.8305024,0.13062684237957,0.6209999918937683,0.4133000075817108
YER074W,YJL076W,0,-1.8306254,0.13059936463832855,0.6209999918937683,0.41339999437332153
YDR368W,YPL276W,0,-1.8307327,0.1305719017982483,0.6209999918937683,0.41350001096725464
YHR158C,YBR079C,0,-1.8308345,0.13054445385932922,0.6209999918937683,0.41359999775886536
YMR120C,YFL023W,0,-1.830918,0.13051702082157135,0.6209999918937683,0.41370001435279846
YKL144C,YOL083W,0,-1.8310143,0.13048960268497467,0.6209999918937683,0.4138000011444092
YBR242W,YLR278C,0,-1.8310337,0.130462184548378,0.6209999918937683,0.4138999879360199
YDR474C,YLR403W,0,-1.8311764,0.1304347813129425,0.6209999918937683,0.414000004529953
YJL209W,YCR089W,0,-1.8315426,0.1304073929786682,0.6209999918937683,0.4140999913215637
YGL225W,YPR115W,1,-1.8315774,0.13058996200561523,0.621999979019165,0.4140999913215637
YEL034W,YCR092C,0,-1.831678,0.13056255877017975,0.621999979019165,0.4142000079154968
YGL084C,YDL138W,1,-1.8317053,0.13074500858783722,0.6230000257492065,0.4142000079154968
YDR032C,YLR320W,0,-1.8317837,0.13071757555007935,0.6230000257492065,0.41429999470710754
YHL018W,YGR132C,0,-1.8318248,0.13069015741348267,0.6230000257492065,0.41440001130104065
YCR095C,YBR129C,0,-1.8318413,0.13066275417804718,0.6230000257492065,0.41449999809265137
YLR425W,YHR176W,0,-1.8319107,0.1306353509426117,0.6230000257492065,0.4146000146865845
YGL038C,YIR030C,0,-1.8321332,0.1306079626083374,0.6230000257492065,0.4147000014781952
YPR052C,YER018C,0,-1.8321382,0.1305805891752243,0.6230000257492065,0.4147999882698059
YIL094C,YKL144C,0,-1.8321854,0.1305532306432724,0.6230000257492065,0.414900004863739
YML037C,YAR015W,0,-1.8323039,0.1305258721113205,0.6230000257492065,0.41499999165534973
YJR119C,YNL041C,0,-1.8323673,0.13049852848052979,0.6230000257492065,0.41510000824928284
YOR079C,YER070W,0,-1.8324133,0.13047119975090027,0.6230000257492065,0.41519999504089355
YER039C,YFL054C,1,-1.8325378,0.1306532621383667,0.6240000128746033,0.41519999504089355
YFL036W,YNR053C,0,-1.8325745,0.130625918507576,0.6240000128746033,0.41530001163482666
YGL104C,YDL194W,1,-1.8330911,0.13080787658691406,0.625,0.41530001163482666
YOR007C,YPL208W,0,-1.8331013,0.13078050315380096,0.625,0.4153999984264374
YGR055W,YBR202W,0,-1.8332293,0.13075314462184906,0.625,0.4154999852180481
YGR097W,YMR011W,1,-1.8332759,0.1309349536895752,0.6259999871253967,0.4154999852180481
YKL006W,YGL010W,0,-1.8335075,0.1309075653553009,0.6259999871253967,0.4156000018119812
YLR350W,YLR096W,0,-1.8336618,0.130880206823349,0.6259999871253967,0.4156999886035919
YPL026C,YPL189W,1,-1.8336974,0.1310618668794632,0.6269999742507935,0.4156999886035919
YDL024C,YKL046C,0,-1.8336998,0.1310344785451889,0.6269999742507935,0.415800005197525
YKR086W,YCR027C,0,-1.8339738,0.1310071051120758,0.6269999742507935,0.41589999198913574
YNL293W,YOR374W,0,-1.833998,0.1309797316789627,0.6269999742507935,0.41600000858306885
YDL138W,YHR096C,1,-1.8340555,0.13116124272346497,0.628000020980835,0.41600000858306885
YDR277C,YNR072W,1,-1.8343264,0.13134266436100006,0.6290000081062317,0.41600000858306885
YOL006C,YFL037W,0,-1.8343437,0.13131524622440338,0.6290000081062317,0.41609999537467957
YDR424C,YMR086W,0,-1.8343595,0.1312878280878067,0.6290000081062317,0.41620001196861267
YPL043W,YLR332W,0,-1.8344377,0.1312604397535324,0.6290000081062317,0.4162999987602234
YNL063W,YKL175W,0,-1.8344759,0.13123305141925812,0.6290000081062317,0.4163999855518341
YLR260W,YMR260C,0,-1.8345257,0.13120567798614502,0.6290000081062317,0.4165000021457672
YGR059W,YDR181C,0,-1.8346616,0.13117830455303192,0.6290000081062317,0.41659998893737793
YPR115W,YFL054C,1,-1.8346996,0.13135947287082672,0.6299999952316284,0.41659998893737793
YIL087C,YDR520C,0,-1.8347738,0.13133208453655243,0.6299999952316284,0.41670000553131104
YDL214C,YDR319C,0,-1.8349992,0.13130471110343933,0.6299999952316284,0.41679999232292175
YBR146W,YGL186C,0,-1.8350426,0.13127735257148743,0.6299999952316284,0.41690000891685486
YDR083W,YMR260C,0,-1.8350958,0.13124999403953552,0.6299999952316284,0.4169999957084656
YPL187W,YDR452W,0,-1.8352593,0.131222665309906,0.6299999952316284,0.4171000123023987
YDR457W,YIL048W,0,-1.8354264,0.1311953365802765,0.6299999952316284,0.4171999990940094
YIL082W-A,YMR241W,0,-1.8357449,0.13116802275180817,0.6299999952316284,0.4172999858856201
YLR298C,YML027W,0,-1.8358326,0.13114070892333984,0.6299999952316284,0.4174000024795532
YHR021C,YHR086W,0,-1.836105,0.1311134248971939,0.6299999952316284,0.41749998927116394
YGL253W,YLR081W,1,-1.8361264,0.13129422068595886,0.6309999823570251,0.41749998927116394
YHR047C,YFL023W,0,-1.836146,0.13126690685749054,0.6309999823570251,0.41760000586509705
YHR188C,YJL158C,0,-1.8361913,0.1312396079301834,0.6309999823570251,0.41769999265670776
YKR077W,YLR220W,0,-1.836445,0.13121230900287628,0.6309999823570251,0.41780000925064087
YNL223W,YLL003W,0,-1.836456,0.13118502497673035,0.6309999823570251,0.4178999960422516
YIL170W,YHR092C,1,-1.8366033,0.13136562705039978,0.6320000290870667,0.4178999960422516
YGR174C,YLL057C,0,-1.836848,0.13133832812309265,0.6320000290870667,0.4180000126361847
YDL199C,YHR096C,1,-1.8369471,0.13151879608631134,0.6330000162124634,0.4180000126361847
YNL045W,YGR016W,0,-1.8371104,0.13149148225784302,0.6330000162124634,0.4180999994277954
YML017W,YGR101W,0,-1.8373429,0.1314641684293747,0.6330000162124634,0.41819998621940613
YBL023C,YGR101W,0,-1.8375608,0.13143688440322876,0.6330000162124634,0.41830000281333923
YPL192C,YGR089W,0,-1.8376704,0.13140958547592163,0.6330000162124634,0.41839998960494995
YDR372C,YOR137C,0,-1.8378866,0.1313823163509369,0.6330000162124634,0.41850000619888306
YMR263W,YHR071W,0,-1.8379813,0.13135504722595215,0.6330000162124634,0.4185999929904938
YKL003C,YPR052C,0,-1.8380095,0.1313278079032898,0.6330000162124634,0.4187000095844269
YMR315W,YPL119C,0,-1.8380324,0.13130055367946625,0.6330000162124634,0.4187999963760376
YPR147C,YPR111W,0,-1.8381895,0.1312733292579651,0.6330000162124634,0.4189000129699707
YKL104C,YCR091W,0,-1.8384587,0.13124611973762512,0.6330000162124634,0.4189999997615814
YDR333C,YGL123W,0,-1.8386234,0.13121891021728516,0.6330000162124634,0.41909998655319214
YKL120W,YMR034C,0,-1.838739,0.13119171559810638,0.6330000162124634,0.41920000314712524
YMR070W,YJL072C,0,-1.838783,0.1311645209789276,0.6330000162124634,0.41929998993873596
YIL138C,YBR095C,0,-1.8387975,0.13113735616207123,0.6330000162124634,0.41940000653266907
YCR105W,YMR227C,0,-1.8388593,0.13111019134521484,0.6330000162124634,0.4194999933242798
YBL084C,YDL015C,0,-1.8390511,0.13108304142951965,0.6330000162124634,0.4196000099182129
YPR125W,YCL056C,0,-1.8391031,0.13105590641498566,0.6330000162124634,0.4196999967098236
YDR007W,YOR141C,0,-1.8392365,0.13102877140045166,0.6330000162124634,0.4198000133037567
YCR012W,YBR153W,0,-1.8393947,0.13100165128707886,0.6330000162124634,0.41990000009536743
YER041W,YLR167W,0,-1.8394088,0.13097454607486725,0.6330000162124634,0.41999998688697815
YMR012W,YER066W,0,-1.839415,0.13094745576381683,0.6330000162124634,0.42010000348091125
YGL225W,YPL001W,0,-1.8395973,0.13092036545276642,0.6330000162124634,0.420199990272522
YDR457W,YLR325C,0,-1.8397313,0.1308933049440384,0.6330000162124634,0.4203000068664551
YOL151W,YDR084C,0,-1.8397762,0.13086624443531036,0.6330000162124634,0.4203999936580658
YKL108W,YOL041C,0,-1.8398639,0.13083918392658234,0.6330000162124634,0.4205000102519989
YLL052C,YCR018C,0,-1.8400142,0.1308121532201767,0.6330000162124634,0.4205999970436096
YBL056W,YJR155W,0,-1.8401921,0.13078512251377106,0.6330000162124634,0.4207000136375427
YFL011W,YGR289C,1,-1.8402599,0.13096468150615692,0.6340000033378601,0.4207000136375427
YCL057C-A,YKL134C,0,-1.8402835,0.1309376358985901,0.6340000033378601,0.42080000042915344
YBL040C,YDL134C-A,0,-1.840307,0.13091059029102325,0.6340000033378601,0.42089998722076416
YMR210W,YER018C,0,-1.8406075,0.1308835744857788,0.6340000033378601,0.42100000381469727
YDR449C,YPL097W,0,-1.8407687,0.13085655868053436,0.6340000033378601,0.421099990606308
YCL074W,YPR171W,0,-1.8407962,0.13082954287528992,0.6340000033378601,0.4212000072002411
YPL027W,YLR095C,0,-1.8408006,0.13080255687236786,0.6340000033378601,0.4212999939918518
YBR043C,YMR219W,0,-1.8409209,0.1307755708694458,0.6340000033378601,0.4214000105857849
YNL164C,YLR414C,0,-1.8410219,0.13074861466884613,0.6340000033378601,0.42149999737739563
YNR050C,YMR158W,0,-1.841133,0.13072164356708527,0.6340000033378601,0.42160001397132874
YOR301W,YGL097W,0,-1.8415936,0.1306947022676468,0.6340000033378601,0.42170000076293945
YCR024C-A,YDR224C,0,-1.8416165,0.1306677609682083,0.6340000033378601,0.42179998755455017
YDR447C,YHR134W,0,-1.8418124,0.13064083456993103,0.6340000033378601,0.4219000041484833
YKL033W,YMR225C,0,-1.8418291,0.13061392307281494,0.6340000033378601,0.421999990940094
YGL225W,YDL214C,0,-1.8420343,0.13058702647686005,0.6340000033378601,0.4221000075340271
YDR080W,YCR060W,0,-1.8421766,0.13056012988090515,0.6340000033378601,0.4221999943256378
YPL241C,YKL037W,0,-1.8422672,0.13053324818611145,0.6340000033378601,0.4223000109195709
YGL253W,YDL245C,1,-1.842316,0.13071222603321075,0.6349999904632568,0.4223000109195709
YIL162W,YNR057C,0,-1.8425279,0.13068532943725586,0.6349999904632568,0.42239999771118164
YMR300C,YKR056W,0,-1.8428792,0.13065843284130096,0.6349999904632568,0.42250001430511475
YLR410W,YPR009W,0,-1.8429378,0.13063155114650726,0.6349999904632568,0.42260000109672546
YLR430W,YMR225C,0,-1.843177,0.13060468435287476,0.6349999904632568,0.4226999878883362
YJL160C,YLR072W,0,-1.8432513,0.13057783246040344,0.6349999904632568,0.4228000044822693
YNL148C,YJL097W,0,-1.8432666,0.13055098056793213,0.6349999904632568,0.42289999127388
YMR120C,YOR285W,0,-1.8433932,0.1305241584777832,0.6349999904632568,0.4230000078678131
YOR298C-A,YBR273C,0,-1.8438593,0.13049732148647308,0.6349999904632568,0.42309999465942383
YGL111W,YDR016C,0,-1.8439047,0.13047051429748535,0.6349999904632568,0.42320001125335693
YFL057C,YBL060W,0,-1.8439577,0.13044370710849762,0.6349999904632568,0.42329999804496765
YLR442C,YMR267W,0,-1.8441402,0.13041692972183228,0.6349999904632568,0.42340001463890076
YJR127C,YPR181C,0,-1.8442694,0.13039013743400574,0.6349999904632568,0.4235000014305115
YGR009C,YAL051W,0,-1.8442997,0.1303633749485016,0.6349999904632568,0.4235999882221222
YPL072W,YLR223C,0,-1.8444594,0.13033661246299744,0.6349999904632568,0.4237000048160553
YER179W,YBR212W,0,-1.8444608,0.13030986487865448,0.6349999904632568,0.423799991607666
YPL091W,YNL132W,0,-1.8447452,0.13028313219547272,0.6349999904632568,0.4239000082015991
YBL069W,YFL049W,0,-1.8448203,0.13025641441345215,0.6349999904632568,0.42399999499320984
YNL041C,YBR262C,0,-1.844976,0.13022969663143158,0.6349999904632568,0.42410001158714294
YJL012C,YLR430W,0,-1.8451111,0.1302029937505722,0.6349999904632568,0.42419999837875366
YCR102C,YPL051W,0,-1.8451173,0.13017630577087402,0.6349999904632568,0.4242999851703644
YHR047C,YGR109C,0,-1.8451406,0.13014961779117584,0.6349999904632568,0.4244000017642975
YGL253W,YJL219W,1,-1.8451881,0.13032786548137665,0.6359999775886536,0.4244000017642975
YOR243C,YFL017C,0,-1.8454086,0.13030116260051727,0.6359999775886536,0.4244999885559082
YLR304C,YMR260C,0,-1.845445,0.1302744746208191,0.6359999775886536,0.4246000051498413
YBR212W,YML030W,0,-1.8455611,0.1302478015422821,0.6359999775886536,0.424699991941452
YIL009W,YKR066C,0,-1.8456403,0.13022112846374512,0.6359999775886536,0.42480000853538513
YER074W,YFL049W,0,-1.8457615,0.13019447028636932,0.6359999775886536,0.42489999532699585
YIL036W,YIL112W,0,-1.8457838,0.13016782701015472,0.6359999775886536,0.42500001192092896
YCR067C,YOL041C,0,-1.8458508,0.13014118373394012,0.6359999775886536,0.4250999987125397
YAR019C,YLL039C,0,-1.8460253,0.1301145702600479,0.6359999775886536,0.4251999855041504
YJR007W,YOR229W,0,-1.8461672,0.1300879567861557,0.6359999775886536,0.4253000020980835
YBL060W,YMR072W,0,-1.8462132,0.1300613433122635,0.6359999775886536,0.4253999888896942
YGR067C,YIL097W,0,-1.846264,0.13003475964069366,0.6359999775886536,0.4255000054836273
YLR347C,YFL037W,0,-1.847138,0.13000817596912384,0.6359999775886536,0.42559999227523804
YOR223W,YGL225W,0,-1.8471482,0.1299816071987152,0.6359999775886536,0.42570000886917114
YER015W,YJR065C,0,-1.8473682,0.12995505332946777,0.6359999775886536,0.42579999566078186
YER157W,YMR119W,0,-1.8474654,0.12992849946022034,0.6359999775886536,0.42590001225471497
YOR039W,YAR015W,0,-1.847523,0.1299019604921341,0.6359999775886536,0.4259999990463257
YOR221C,YNL325C,0,-1.8476665,0.12987543642520905,0.6359999775886536,0.4260999858379364
YHR188C,YHL020C,0,-1.8477482,0.129848912358284,0.6359999775886536,0.4262000024318695
YGR044C,YBR060C,0,-1.8481895,0.12982241809368134,0.6359999775886536,0.4262999892234802
YHR064C,YAL021C,0,-1.8482443,0.12979592382907867,0.6359999775886536,0.42640000581741333
YIL031W,YKR035W-A,0,-1.84827,0.129769429564476,0.6359999775886536,0.42649999260902405
YMR325W,YHR178W,0,-1.848277,0.12974296510219574,0.6359999775886536,0.42660000920295715
YAR028W,YOL012C,0,-1.8483077,0.12971650063991547,0.6359999775886536,0.42669999599456787
YOR070C,YLL040C,0,-1.8483864,0.1296900510787964,0.6359999775886536,0.426800012588501
YNL065W,YOR071C,0,-1.8484519,0.1296636015176773,0.6359999775886536,0.4268999993801117
YPR026W,YPR115W,1,-1.8484577,0.12984101474285126,0.6370000243186951,0.4268999993801117
YOR185C,YMR232W,0,-1.8485268,0.12981455028057098,0.6370000243186951,0.4269999861717224
YOR261C,YDL178W,0,-1.8486502,0.1297881007194519,0.6370000243186951,0.4271000027656555
YNL135C,YBR022W,0,-1.8487927,0.12976166605949402,0.6370000243186951,0.42719998955726624
YDR343C,YGL225W,1,-1.8488421,0.12993890047073364,0.6380000114440918,0.42719998955726624
YMR060C,YCR095C,0,-1.8490072,0.12991243600845337,0.6380000114440918,0.42730000615119934
YOR071C,YNL081C,0,-1.8499185,0.1298859864473343,0.6380000114440918,0.42739999294281006
YJL020C,YDR261C,0,-1.8501241,0.1298595517873764,0.6380000114440918,0.42750000953674316
YIL103W,YDR093W,0,-1.8502079,0.1298331320285797,0.6380000114440918,0.4275999963283539
YDR064W,YIL026C,0,-1.8502316,0.12980671226978302,0.6380000114440918,0.427700012922287
YJR127C,YJR155W,0,-1.850253,0.12978030741214752,0.6380000114440918,0.4277999997138977
YGR097W,YFR053C,1,-1.850415,0.12995728850364685,0.6389999985694885,0.4277999997138977
YML095C,YNL204C,0,-1.850484,0.12993086874485016,0.6389999985694885,0.4278999865055084
YLR320W,YBR240C,0,-1.8505691,0.12990444898605347,0.6389999985694885,0.42800000309944153
YER159C,YAL047C,0,-1.8506175,0.12987804412841797,0.6389999985694885,0.42809998989105225
YPR188C,YPL211W,0,-1.8507278,0.12985165417194366,0.6389999985694885,0.42820000648498535
YCR018C,YMR036C,0,-1.850761,0.12982527911663055,0.6389999985694885,0.42829999327659607
YGL111W,YGR109C,0,-1.8508337,0.12979890406131744,0.6389999985694885,0.4284000098705292
YPL221W,YIR035C,0,-1.8509029,0.12977254390716553,0.6389999985694885,0.4284999966621399
YMR060C,YKL201C,0,-1.8509142,0.1297461986541748,0.6389999985694885,0.428600013256073
YJR158W,YFL054C,1,-1.8511442,0.12992285192012787,0.6399999856948853,0.428600013256073
YLL043W,YDR342C,1,-1.8512136,0.13009944558143616,0.640999972820282,0.428600013256073
YMR294W,YOR014W,0,-1.8513117,0.13007305562496185,0.640999972820282,0.4287000000476837
YOL157C,YBR092C,0,-1.8514856,0.13004666566848755,0.640999972820282,0.42879998683929443
YLR356W,YJR158W,0,-1.8516207,0.13002029061317444,0.640999972820282,0.42890000343322754
YDL007W,YJL013C,0,-1.8516412,0.12999391555786133,0.640999972820282,0.42899999022483826
YNL065W,YKL008C,0,-1.8518156,0.1299675554037094,0.640999972820282,0.42910000681877136
YBL100W-A,YJL050W,0,-1.8518778,0.1299412101507187,0.640999972820282,0.4291999936103821
YPR026W,YBL020W,1,-1.8520955,0.13011755049228668,0.6420000195503235,0.4291999936103821
YLR347C,YOR153W,0,-1.8526555,0.13009119033813477,0.6420000195503235,0.4293000102043152
YHR020W,YJL153C,0,-1.8526558,0.13006483018398285,0.6420000195503235,0.4293999969959259
YGR284C,YGR292W,0,-1.852694,0.13003848493099213,0.6420000195503235,0.429500013589859
YDR387C,YDR343C,1,-1.852721,0.130214661359787,0.6430000066757202,0.429500013589859
YOR261C,YLR357W,0,-1.8527919,0.13018830120563507,0.6430000066757202,0.4296000003814697
YDL138W,YML038C,1,-1.8529168,0.13036437332630157,0.6439999938011169,0.4296000003814697
YLL009C,YOL094C,0,-1.8529309,0.13033798336982727,0.6439999938011169,0.42969998717308044
YMR036C,YNL065W,0,-1.853074,0.13031160831451416,0.6439999938011169,0.42980000376701355
YLR001C,YDL014W,0,-1.8531264,0.13028524816036224,0.6439999938011169,0.42989999055862427
YHR188C,YOL142W,0,-1.8533682,0.13025890290737152,0.6439999938011169,0.4300000071525574
YGL038C,YBR045C,0,-1.8534074,0.1302325576543808,0.6439999938011169,0.4300999939441681
YDR234W,YLR204W,0,-1.8535184,0.13020622730255127,0.6439999938011169,0.4302000105381012
YJL079C,YDR092W,0,-1.8538697,0.13017991185188293,0.6439999938011169,0.4302999973297119
YMR053C,YPR147C,0,-1.8539263,0.1301535964012146,0.6439999938011169,0.430400013923645
YGL010W,YBL013W,0,-1.8539438,0.13012729585170746,0.6439999938011169,0.43050000071525574
YJL091C,YLR116W,0,-1.8539697,0.1301010102033615,0.6439999938011169,0.43059998750686646
YMR301C,YLR467W,0,-1.8540269,0.13007473945617676,0.6439999938011169,0.43070000410079956
YLR173W,YHL020C,0,-1.8542308,0.130048468708992,0.6439999938011169,0.4307999908924103
YGL178W,YNL281W,0,-1.8544523,0.13002221286296844,0.6439999938011169,0.4309000074863434
YLR002C,YER021W,0,-1.8548071,0.12999595701694489,0.6439999938011169,0.4309999942779541
YDR224C,YOL093W,0,-1.854879,0.1299697309732437,0.6439999938011169,0.4311000108718872
YOL137W,YDR363W,0,-1.8553618,0.12994350492954254,0.6439999938011169,0.4311999976634979
YBL095W,YML001W,0,-1.8554289,0.12991729378700256,0.6439999938011169,0.43130001425743103
YCL040W,YIL170W,1,-1.8555021,0.1300927847623825,0.6449999809265137,0.43130001425743103
YGR289C,YML038C,1,-1.855714,0.13026820123195648,0.6460000276565552,0.43130001425743103
YPL166W,YLR220W,0,-1.8559785,0.13024193048477173,0.6460000276565552,0.43140000104904175
YBL047C,YPL221W,0,-1.85609,0.13021568953990936,0.6460000276565552,0.43149998784065247
YLR325C,YMR021C,0,-1.8561324,0.1301894336938858,0.6460000276565552,0.43160000443458557
YJL012C,YNR057C,0,-1.8561383,0.13016320765018463,0.6460000276565552,0.4316999912261963
YDR308C,YKR066C,0,-1.8561755,0.13013698160648346,0.6460000276565552,0.4318000078201294
YEL029C,YML081W,0,-1.8562921,0.13011077046394348,0.6460000276565552,0.4318999946117401
YOR140W,YLR293C,0,-1.8563727,0.1300845742225647,0.6460000276565552,0.4320000112056732
YNL261W,YNL005C,0,-1.8563986,0.1300583779811859,0.6460000276565552,0.43209999799728394
YPL091W,YBL103C,0,-1.8569256,0.13003221154212952,0.6460000276565552,0.43220001459121704
YFR053C,YGL017W,0,-1.8570433,0.13000603020191193,0.6460000276565552,0.43230000138282776
YPL004C,YLR243W,0,-1.8573039,0.12997987866401672,0.6460000276565552,0.4323999881744385
YKL099C,YPL189W,0,-1.8574609,0.12995372712612152,0.6460000276565552,0.4325000047683716
YOR198C,YJR041C,0,-1.8576323,0.1299275904893875,0.6460000276565552,0.4325999915599823
YEL016C,YAL017W,0,-1.8578008,0.1299014687538147,0.6460000276565552,0.4327000081539154
YJL142C,YPR102C,0,-1.8581282,0.12987534701824188,0.6460000276565552,0.4327999949455261
YDL061C,YGL017W,0,-1.8581597,0.12984924018383026,0.6460000276565552,0.43290001153945923
YBL018C,YLR447C,0,-1.8581861,0.12982314825057983,0.6460000276565552,0.43299999833106995
YOR374W,YGR127W,0,-1.8585416,0.1297970712184906,0.6460000276565552,0.43309998512268066
YDR093W,YDR198C,0,-1.8587577,0.12977099418640137,0.6460000276565552,0.43320000171661377
YDL138W,YHR092C,1,-1.8588301,0.129945769906044,0.6470000147819519,0.43320000171661377
YLR350W,YAR033W,0,-1.8588923,0.12991967797279358,0.6470000147819519,0.4332999885082245
YJL219W,YOL156W,1,-1.8591399,0.13009436428546906,0.6480000019073486,0.4332999885082245
YKL119C,YCL074W,0,-1.8594217,0.13006824254989624,0.6480000019073486,0.4334000051021576
YIL162W,YKL201C,0,-1.859434,0.1300421506166458,0.6480000019073486,0.4334999918937683
YPR193C,YKL046C,0,-1.8594937,0.13001605868339539,0.6480000019073486,0.4336000084877014
YOR243C,YMR179W,0,-1.8598182,0.12998996675014496,0.6480000019073486,0.43369999527931213
YIL074C,YLR120C,0,-1.859881,0.12996390461921692,0.6480000019073486,0.43380001187324524
YDR503C,YIL009W,0,-1.8600585,0.12993784248828888,0.6480000019073486,0.43389999866485596
YBR298C,YEL069C,1,-1.8600637,0.13011227548122406,0.6489999890327454,0.43389999866485596
YOR058C,YCR005C,0,-1.860132,0.13008618354797363,0.6489999890327454,0.4339999854564667
YKR086W,YDR066C,0,-1.8602306,0.1300601214170456,0.6489999890327454,0.4341000020503998
YOR016C,YIL043C,0,-1.8603612,0.13003405928611755,0.6489999890327454,0.4341999888420105
YBL054W,YMR179W,0,-1.8604134,0.1300080120563507,0.6489999890327454,0.4343000054359436
YLL040C,YOR378W,0,-1.860428,0.12998197972774506,0.6489999890327454,0.4343999922275543
YCR042C,YLL010C,0,-1.8604971,0.1299559473991394,0.6489999890327454,0.4345000088214874
YER039C,YEL004W,1,-1.8605471,0.1301301270723343,0.6499999761581421,0.4345000088214874
YOR095C,YMR274C,0,-1.8605907,0.13010407984256744,0.6499999761581421,0.43459999561309814
YMR045C,YKL167C,0,-1.8607622,0.1300780475139618,0.6499999761581421,0.43470001220703125
YJL102W,YOR151C,0,-1.8608268,0.13005201518535614,0.6499999761581421,0.43479999899864197
YGL057C,YBR143C,0,-1.860877,0.13002599775791168,0.6499999761581421,0.4348999857902527
YER044C-A,YOR028C,0,-1.8609246,0.12999999523162842,0.6499999761581421,0.4350000023841858
YAL047C,YGL136C,0,-1.8614863,0.12997400760650635,0.6499999761581421,0.4350999891757965
YGL104C,YIL171W,1,-1.8615328,0.13014793395996094,0.6510000228881836,0.4350999891757965
YEL034W,YNL088W,0,-1.8618193,0.13012193143367767,0.6510000228881836,0.4352000057697296
YOR039W,YNL223W,0,-1.861907,0.1300959289073944,0.6510000228881836,0.43529999256134033
YJL061W,YMR002W,0,-1.8620343,0.13006992638111115,0.6510000228881836,0.43540000915527344
YLR453C,YKL072W,0,-1.862069,0.13004395365715027,0.6510000228881836,0.43549999594688416
YPR125W,YDR519W,0,-1.8621712,0.1300179809331894,0.6510000228881836,0.43560001254081726
YDL082W,YNL101W,0,-1.8623433,0.12999200820922852,0.6510000228881836,0.435699999332428
YPR200C,YDR403W,0,-1.8623488,0.12996606528759003,0.6510000228881836,0.4357999861240387
YDR282C,YKR072C,0,-1.8625764,0.12994012236595154,0.6510000228881836,0.4359000027179718
YGL261C,YBR118W,0,-1.8626374,0.12991419434547424,0.6510000228881836,0.4359999895095825
YBL074C,YPR141C,0,-1.8627533,0.12988826632499695,0.6510000228881836,0.4361000061035156
YGL213C,YLR414C,0,-1.8633307,0.12986235320568085,0.6510000228881836,0.43619999289512634
YGL226C-A,YML059C,0,-1.8633333,0.12983645498752594,0.6510000228881836,0.43630000948905945
YDR474C,YJL158C,0,-1.8634804,0.12981057167053223,0.6510000228881836,0.43639999628067017
YBR107C,YOL111C,0,-1.863609,0.1297846883535385,0.6510000228881836,0.43650001287460327
YHR069C,YMR225C,0,-1.8636225,0.129758819937706,0.6510000228881836,0.436599999666214
YDL199C,YFL054C,1,-1.863816,0.12993223965168,0.6520000100135803,0.436599999666214
YER072W,YCL034W,0,-1.8638272,0.12990635633468628,0.6520000100135803,0.4366999864578247
YNL293W,YER001W,0,-1.8642458,0.12988047301769257,0.6520000100135803,0.4368000030517578
YOL157C,YPL061W,0,-1.8643816,0.12985460460186005,0.6520000100135803,0.43689998984336853
YPL003W,YBR189W,0,-1.8644722,0.12982875108718872,0.6520000100135803,0.43700000643730164
YOL084W,YPR147C,0,-1.8645855,0.1298029124736786,0.6520000100135803,0.43709999322891235
YNR040W,YKL064W,0,-1.8646417,0.12977707386016846,0.6520000100135803,0.43720000982284546
YDR387C,YGL104C,1,-1.8646511,0.12995025515556335,0.652999997138977,0.43720000982284546
YJL079C,YPR075C,0,-1.8646687,0.12992438673973083,0.652999997138977,0.4372999966144562
YDR368W,YCR042C,0,-1.8650469,0.1298985481262207,0.652999997138977,0.4374000132083893
YKL094W,YHL011C,0,-1.8653764,0.12987270951271057,0.652999997138977,0.4375
YOR064C,YCL074W,0,-1.8654299,0.12984688580036163,0.652999997138977,0.4375999867916107
YIL136W,YOL041C,0,-1.8655072,0.1298210769891739,0.652999997138977,0.4377000033855438
YKL149C,YBR271W,0,-1.865729,0.12979526817798615,0.652999997138977,0.43779999017715454
YGL226C-A,YIL051C,0,-1.8657538,0.1297694742679596,0.652999997138977,0.43790000677108765
YDR403W,YPL208W,0,-1.8659705,0.12974369525909424,0.652999997138977,0.43799999356269836
YCL061C,YLR206W,0,-1.8661125,0.12971791625022888,0.652999997138977,0.43810001015663147
YLR173W,YAR071W,0,-1.8661836,0.12969215214252472,0.652999997138977,0.4381999969482422
YGR195W,YJL012C,0,-1.8663468,0.12966640293598175,0.652999997138977,0.4383000135421753
YNL132W,YER066W,0,-1.8665508,0.12964065372943878,0.652999997138977,0.438400000333786
YPR005C,YLR441C,0,-1.8666557,0.129614919424057,0.652999997138977,0.43849998712539673
YBR298C,YPR115W,1,-1.866702,0.1297876536846161,0.6539999842643738,0.43849998712539673
YLR293C,YEL029C,0,-1.866767,0.12976190447807312,0.6539999842643738,0.43860000371932983
YNL293W,YGL256W,0,-1.8669015,0.12973617017269135,0.6539999842643738,0.43869999051094055
YBR296C,YHR086W,0,-1.8674226,0.12971043586730957,0.6539999842643738,0.43880000710487366
YBR294W,YGR042W,0,-1.8676392,0.129684716463089,0.6539999842643738,0.4388999938964844
YPL111W,YGR170W,0,-1.8680717,0.1296589970588684,0.6539999842643738,0.4390000104904175
YJR123W,YGR098C,0,-1.8681957,0.12963330745697021,0.6539999842643738,0.4390999972820282
YLR219W,YER010C,0,-1.8683006,0.12960760295391083,0.6539999842643738,0.4392000138759613
YNL160W,YKL104C,0,-1.8683342,0.12958192825317383,0.6539999842643738,0.439300000667572
YOR272W,YER059W,0,-1.8685727,0.12955625355243683,0.6539999842643738,0.43939998745918274
YCR104W,YNL009W,0,-1.8686346,0.12953059375286102,0.6539999842643738,0.43950000405311584
YPL046C,YGR074W,0,-1.8687005,0.1295049488544464,0.6539999842643738,0.43959999084472656
YPR075C,YLR441C,0,-1.8687713,0.1294793039560318,0.6539999842643738,0.43970000743865967
YER007W,YBR279W,0,-1.8688381,0.12945368885993958,0.6539999842643738,0.4397999942302704
YAL029C,YMR106C,0,-1.868872,0.12942805886268616,0.6539999842643738,0.4399000108242035
YHR062C,YGL206C,0,-1.8690401,0.12940245866775513,0.6539999842643738,0.4399999976158142
YBR149W,YLR065C,0,-1.8691126,0.1293768584728241,0.6539999842643738,0.4401000142097473
YDR447C,YBL066C,0,-1.8691357,0.12935127317905426,0.6539999842643738,0.44020000100135803
YEL056W,YNL029C,0,-1.8692473,0.12932568788528442,0.6539999842643738,0.44029998779296875
YIL078W,YOR090C,0,-1.8693765,0.12930011749267578,0.6539999842643738,0.44040000438690186
YER010C,YBR085W,0,-1.8699716,0.12927456200122833,0.6539999842643738,0.4404999911785126
YNR031C,YOR299W,0,-1.8701541,0.12924900650978088,0.6539999842643738,0.4406000077724457
YPL243W,YGR165W,0,-1.8704025,0.12922348082065582,0.6539999842643738,0.4406999945640564
YLR058C,YML001W,0,-1.870434,0.12919794023036957,0.6539999842643738,0.4408000111579895
YMR315W,YJL186W,0,-1.8708639,0.1291724294424057,0.6539999842643738,0.4408999979496002
YLR410W,YML077W,0,-1.8708788,0.12914691865444183,0.6539999842643738,0.4410000145435333
YPL026C,YFR053C,1,-1.8709018,0.12931884825229645,0.6549999713897705,0.4410000145435333
YEL068C,YKR061W,0,-1.8709434,0.1292933225631714,0.6549999713897705,0.44110000133514404
YGR156W,YMR124W,0,-1.8709483,0.12926781177520752,0.6549999713897705,0.44119998812675476
YBR020W,YKR084C,0,-1.8713062,0.12924230098724365,0.6549999713897705,0.44130000472068787
YJR123W,YPL196W,0,-1.87154,0.12921680510044098,0.6549999713897705,0.4413999915122986
YLR286C,YPL169C,0,-1.8718665,0.1291913241147995,0.6549999713897705,0.4415000081062317
YDR387C,YHR094C,1,-1.8720523,0.1293630450963974,0.656000018119812,0.4415000081062317
YBR202W,YLR249W,0,-1.8721448,0.12933753430843353,0.656000018119812,0.4415999948978424
YCL001W,YKR086W,0,-1.8723048,0.12931203842163086,0.656000018119812,0.4417000114917755
YML133C,YDR487C,0,-1.8724421,0.12928655743598938,0.656000018119812,0.44179999828338623
YLL039C,YCR027C,0,-1.8724993,0.1292610764503479,0.656000018119812,0.44190001487731934
YJR149W,YKL188C,0,-1.8725467,0.1292356252670288,0.656000018119812,0.44200000166893005
YIL036W,YDL066W,0,-1.8726585,0.12921015918254852,0.656000018119812,0.44209998846054077
YGL233W,YHR020W,0,-1.8726679,0.12918472290039062,0.656000018119812,0.4422000050544739
YPL089C,YKL054C,0,-1.8728882,0.12915928661823273,0.656000018119812,0.4422999918460846
YOR229W,YCL052C,0,-1.8729662,0.12913386523723602,0.656000018119812,0.4424000084400177
YAR019C,YPL214C,0,-1.8730278,0.12910844385623932,0.656000018119812,0.4424999952316284
YPL143W,YDL044C,0,-1.8732113,0.1290830373764038,0.656000018119812,0.4426000118255615
YHR035W,YDL066W,0,-1.8732511,0.1290576457977295,0.656000018119812,0.44269999861717224
YCL040W,YGR097W,1,-1.8733741,0.12922894954681396,0.6570000052452087,0.44269999861717224
YER039C,YDR536W,1,-1.8735393,0.12940019369125366,0.6579999923706055,0.44269999861717224
YHR094C,YML095C,0,-1.8736782,0.12937475740909576,0.6579999923706055,0.44279998540878296
YIL078W,YOR322C,0,-1.8740969,0.12934932112693787,0.6579999923706055,0.44290000200271606
YJR053W,YDR260C,0,-1.8741994,0.12932389974594116,0.6579999923706055,0.4429999887943268
YOR229W,YKR029C,0,-1.8745316,0.12929849326610565,0.6579999923706055,0.4431000053882599
YAL068C,YIL027C,0,-1.8745545,0.12927308678627014,0.6579999923706055,0.4431999921798706
YMR211W,YLR160C,0,-1.87456,0.12924769520759583,0.6579999923706055,0.4433000087738037
YGL079W,YNL118C,0,-1.874564,0.1292223036289215,0.6579999923706055,0.44339999556541443
YMR119W,YOR071C,0,-1.8748091,0.12919694185256958,0.6579999923706055,0.44350001215934753
YCR095C,YPL095C,0,-1.8748665,0.12917158007621765,0.6579999923706055,0.44359999895095825
YOR299W,YOR171C,0,-1.8748921,0.12914621829986572,0.6579999923706055,0.44369998574256897
YJR160C,YPL244C,1,-1.8750079,0.12931710481643677,0.6589999794960022,0.44369998574256897
YEL049W,YIL145C,0,-1.8752337,0.12929174304008484,0.6589999794960022,0.4438000023365021
YDR387C,YEL004W,1,-1.8753668,0.12946254014968872,0.6600000262260437,0.4438000023365021
YKL134C,YDR454C,0,-1.8753836,0.1294371485710144,0.6600000262260437,0.4438999891281128
YGL211W,YHR042W,0,-1.8754951,0.12941177189350128,0.6600000262260437,0.4440000057220459
YMR124W,YOL030W,0,-1.875883,0.12938639521598816,0.6600000262260437,0.4440999925136566
YKL185W,YGR282C,0,-1.8759184,0.12936103343963623,0.6600000262260437,0.4442000091075897
YDR363W,YDR202C,0,-1.8762528,0.1293356865644455,0.6600000262260437,0.44429999589920044
YOL154W,YGL054C,0,-1.8763616,0.12931033968925476,0.6600000262260437,0.44440001249313354
YJL072C,YPL076W,0,-1.8763754,0.12928500771522522,0.6600000262260437,0.44449999928474426
YKL216W,YGL213C,0,-1.8763973,0.12925969064235687,0.6600000262260437,0.444599986076355
YJR124C,YLR129W,0,-1.8764616,0.12923438847064972,0.6600000262260437,0.4447000026702881
YER166W,YEL064C,0,-1.8766527,0.12920908629894257,0.6600000262260437,0.4447999894618988
YDR016C,YGR292W,0,-1.8766698,0.1291837990283966,0.6600000262260437,0.4449000060558319
YJR048W,YCL050C,0,-1.8768442,0.12915851175785065,0.6600000262260437,0.4449999928474426
YLL052C,YMR113W,0,-1.8770317,0.12913323938846588,0.6600000262260437,0.44510000944137573
YPL183W-A,YDL214C,0,-1.8770796,0.1291079819202423,0.6600000262260437,0.44519999623298645
YDL046W,YMR183C,0,-1.8773705,0.12908272445201874,0.6600000262260437,0.44530001282691956
YOR063W,YFL061W,0,-1.8774954,0.12905748188495636,0.6600000262260437,0.4453999996185303
YGL234W,YDL047W,0,-1.8776785,0.12903225421905518,0.6600000262260437,0.445499986410141
YGL225W,YPL259C,0,-1.8776916,0.12900704145431519,0.6600000262260437,0.4456000030040741
YLR347C,YPR058W,0,-1.8777617,0.1289818286895752,0.6600000262260437,0.4456999897956848
YHR162W,YLR262C,0,-1.8778003,0.1289566308259964,0.6600000262260437,0.4458000063896179
YNL261W,YLR325C,0,-1.8778777,0.1289314329624176,0.6600000262260437,0.44589999318122864
YDL014W,YDR430C,0,-1.8783144,0.12890625,0.6600000262260437,0.44600000977516174
YNR007C,YER072W,0,-1.8785974,0.1288810819387436,0.6600000262260437,0.44609999656677246
YER166W,YML074C,0,-1.8786952,0.12885591387748718,0.6600000262260437,0.44620001316070557
YNR076W,YMR018W,0,-1.8792857,0.12883076071739197,0.6600000262260437,0.4462999999523163
YDL247W,YDR536W,1,-1.879299,0.12900078296661377,0.6610000133514404,0.4462999999523163
YDR387C,YDL199C,1,-1.879315,0.1291707307100296,0.6620000004768372,0.4462999999523163
YCR105W,YLL057C,0,-1.8794558,0.1291455328464508,0.6620000004768372,0.446399986743927
YDR512C,YJL186W,0,-1.8796405,0.1291203498840332,0.6620000004768372,0.4465000033378601
YNL047C,YBL040C,0,-1.879664,0.1290951669216156,0.6620000004768372,0.4465999901294708
YOL137W,YPR102C,0,-1.8797032,0.1290699988603592,0.6620000004768372,0.44670000672340393
YER157W,YCR005C,0,-1.8801073,0.12904483079910278,0.6620000004768372,0.44679999351501465
YPL076W,YOR094W,0,-1.8802129,0.12901967763900757,0.6620000004768372,0.44690001010894775
YDL224C,YPR005C,0,-1.8803695,0.12899453938007355,0.6620000004768372,0.44699999690055847
YPR102C,YAR071W,0,-1.880563,0.12896941602230072,0.6620000004768372,0.4471000134944916
YLR121C,YAL047C,0,-1.8807344,0.1289442926645279,0.6620000004768372,0.4472000002861023
YBL056W,YHR158C,0,-1.8807794,0.12891918420791626,0.6620000004768372,0.447299987077713
YHR062C,YGR096W,0,-1.8809675,0.12889407575130463,0.6620000004768372,0.4474000036716461
YJL214W,YDR343C,1,-1.881014,0.1290636509656906,0.6629999876022339,0.4474000036716461
YGR251W,YMR294W,0,-1.8813096,0.12903854250907898,0.6629999876022339,0.44749999046325684
YGL067W,YHR107C,0,-1.8814396,0.12901343405246735,0.6629999876022339,0.44760000705718994
YNR050C,YNL039W,0,-1.8817319,0.1289883255958557,0.6629999876022339,0.44769999384880066
YLR002C,YJL107C,0,-1.881888,0.12896323204040527,0.6629999876022339,0.44780001044273376
YHL020C,YER072W,0,-1.8820122,0.12893815338611603,0.6629999876022339,0.4478999972343445
YJR160C,YPR140W,0,-1.8821646,0.12891308963298798,0.6629999876022339,0.4480000138282776
YHL001W,YAL022C,0,-1.8822514,0.12888802587985992,0.6629999876022339,0.4481000006198883
YIL074C,YOR141C,0,-1.8823538,0.12886297702789307,0.6629999876022339,0.448199987411499
YDR452W,YGR089W,0,-1.8823622,0.1288379281759262,0.6629999876022339,0.44830000400543213
YLR099C,YBR018C,0,-1.8824372,0.12881289422512054,0.6629999876022339,0.44839999079704285
YDL123W,YKL134C,0,-1.8826826,0.12878787517547607,0.6629999876022339,0.44850000739097595
YJR123W,YLL021W,0,-1.8829001,0.1287628710269928,0.6629999876022339,0.44859999418258667
YLL043W,YDL247W,1,-1.8830326,0.12893204391002655,0.6639999747276306,0.44859999418258667
YPL241C,YOR070C,0,-1.8831189,0.1289070099592209,0.6639999747276306,0.4487000107765198
YDR387C,YHR092C,1,-1.8832291,0.12907609343528748,0.6650000214576721,0.4487000107765198
YKL216W,YMR034C,0,-1.8835099,0.12905104458332062,0.6650000214576721,0.4487999975681305
YMR265C,YDR387C,0,-1.8836832,0.12902599573135376,0.6650000214576721,0.4489000141620636
YOL064C,YGL145W,0,-1.8838096,0.1290009766817093,0.6650000214576721,0.4490000009536743
YBR065C,YDR513W,0,-1.8838981,0.12897595763206482,0.6650000214576721,0.44909998774528503
YDL138W,YPR115W,1,-1.8839191,0.1291448473930359,0.6660000085830688,0.44909998774528503
YDR503C,YPR003C,0,-1.8841884,0.12911981344223022,0.6660000085830688,0.44920000433921814
YPR149W,YBR153W,0,-1.884313,0.12909477949142456,0.6660000085830688,0.44929999113082886
YBR294W,YFL028C,0,-1.8843188,0.1290697604417801,0.6660000085830688,0.44940000772476196
YOR148C,YLR441C,0,-1.8843402,0.12904475629329681,0.6660000085830688,0.4494999945163727
YGL067W,YJL186W,0,-1.8845657,0.12901976704597473,0.6660000085830688,0.4496000111103058
YGR092W,YOL151W,0,-1.8845917,0.12899477779865265,0.6660000085830688,0.4496999979019165
YNL097C,YGR135W,0,-1.8847698,0.12896978855133057,0.6660000085830688,0.4498000144958496
YCL001W,YIL136W,0,-1.8850685,0.12894481420516968,0.6660000085830688,0.4499000012874603
YDR227W,YPR058W,0,-1.8851374,0.12891985476016998,0.6660000085830688,0.44999998807907104
YER166W,YMR053C,0,-1.8857435,0.12889491021633148,0.6660000085830688,0.45010000467300415
YKR087C,YOR215C,0,-1.8858026,0.12886996567249298,0.6660000085830688,0.45019999146461487
YCR018C,YMR114C,0,-1.8858315,0.12884503602981567,0.6660000085830688,0.450300008058548
YHR118C,YML001W,0,-1.8859247,0.12882012128829956,0.6660000085830688,0.4503999948501587
YMR056C,YFR002W,0,-1.8860189,0.12879520654678345,0.6660000085830688,0.4505000114440918
YJL107C,YPL037C,0,-1.8860211,0.12877030670642853,0.6660000085830688,0.4505999982357025
YBL098W,YOL111C,0,-1.8860772,0.1287454068660736,0.6660000085830688,0.4507000148296356
YJL011C,YLR304C,0,-1.8861073,0.12872052192687988,0.6660000085830688,0.45080000162124634
YPR188C,YPR141C,0,-1.8862892,0.12869565188884735,0.6660000085830688,0.45089998841285706
YOR039W,YGR083C,0,-1.8862897,0.12867078185081482,0.6660000085830688,0.45100000500679016
YOR229W,YLR129W,0,-1.8865131,0.12864592671394348,0.6660000085830688,0.4510999917984009
YJL020C,YML026C,0,-1.8865867,0.12862108647823334,0.6660000085830688,0.451200008392334
YOL142W,YBR294W,0,-1.8865954,0.1285962611436844,0.6660000085830688,0.4512999951839447
YJR075W,YDL130W,0,-1.8867217,0.12857143580913544,0.6660000085830688,0.4514000117778778
YOR137C,YDL044C,0,-1.8868216,0.1285466104745865,0.6660000085830688,0.4514999985694885
YPL017C,YLR188W,0,-1.8869139,0.12852180004119873,0.6660000085830688,0.45159998536109924
YOR079C,YBR245C,0,-1.8871733,0.12849700450897217,0.6660000085830688,0.45170000195503235
YMR325W,YNL281W,0,-1.8873699,0.1284722238779068,0.6660000085830688,0.45179998874664307
YGR038W,YPR145W,0,-1.887426,0.12844744324684143,0.6660000085830688,0.45190000534057617
YBR211C,YIL053W,0,-1.887467,0.12842267751693726,0.6660000085830688,0.4519999921321869
YGR078C,YMR019W,0,-1.887504,0.12839791178703308,0.6660000085830688,0.45210000872612
YML038C,YHR092C,1,-1.887541,0.1285659223794937,0.6669999957084656,0.45210000872612
YAL001C,YIL109C,0,-1.8877553,0.12854114174842834,0.6669999957084656,0.4521999955177307
YML001W,YDL103C,0,-1.8878514,0.12851637601852417,0.6669999957084656,0.4523000121116638
YBR298C,YPL189W,1,-1.8879961,0.12868426740169525,0.6679999828338623,0.4523000121116638
YOR347C,YML026C,0,-1.8880714,0.1286594718694687,0.6679999828338623,0.45239999890327454
YAL044C,YLR369W,0,-1.8887738,0.12863470613956451,0.6679999828338623,0.45249998569488525
YGL068W,YML017W,0,-1.8890707,0.12860994040966034,0.6679999828338623,0.45260000228881836
YPR097W,YDR384C,0,-1.8892213,0.12858517467975616,0.6679999828338623,0.4526999890804291
YJL093C,YKL008C,0,-1.8900703,0.12856042385101318,0.6679999828338623,0.4528000056743622
YDL170W,YLR340W,0,-1.8906394,0.1285356879234314,0.6679999828338623,0.4528999924659729
YCR020W-B,YLR116W,0,-1.8906819,0.1285109668970108,0.6679999828338623,0.453000009059906
YHR117W,YNL204C,0,-1.8909312,0.1284862458705902,0.6679999828338623,0.4530999958515167
YBR298C,YPL244C,1,-1.8909985,0.12865383923053741,0.6690000295639038,0.4530999958515167
YDR372C,YOR134W,0,-1.8910204,0.12862910330295563,0.6690000295639038,0.45320001244544983
YJR014W,YBL056W,0,-1.8915185,0.12860438227653503,0.6690000295639038,0.45329999923706055
YIL094C,YBR092C,0,-1.8917915,0.12857966125011444,0.6690000295639038,0.45339998602867126
YGR002C,YCL003W,0,-1.8919047,0.12855495512485504,0.6690000295639038,0.45350000262260437
YJL047C,YOR285W,0,-1.8920171,0.12853026390075684,0.6690000295639038,0.4535999894142151
YHR035W,YPL243W,0,-1.892079,0.12850557267665863,0.6690000295639038,0.4537000060081482
YNL148C,YNL314W,0,-1.8921076,0.12848089635372162,0.6690000295639038,0.4537999927997589
YPL037C,YGR042W,0,-1.8923298,0.1284562200307846,0.6690000295639038,0.453900009393692
YBR294W,YJL074C,0,-1.892522,0.1284315586090088,0.6690000295639038,0.45399999618530273
YER072W,YNL002C,0,-1.8925798,0.12840691208839417,0.6690000295639038,0.45410001277923584
YAR007C,YPR007C,0,-1.8926661,0.12838226556777954,0.6690000295639038,0.45419999957084656
YOL101C,YLR129W,0,-1.8927076,0.1283576339483261,0.6690000295639038,0.4542999863624573
YML074C,YGL168W,0,-1.8928922,0.12833301723003387,0.6690000295639038,0.4544000029563904
YCR060W,YDR519W,0,-1.8930534,0.12830840051174164,0.6690000295639038,0.4544999897480011
YOL154W,YBR239C,0,-1.893426,0.1282837986946106,0.6690000295639038,0.4546000063419342
YLR453C,YDR251W,0,-1.893566,0.12825919687747955,0.6690000295639038,0.4546999931335449
YJR119C,YJL103C,0,-1.8940126,0.1282346248626709,0.6690000295639038,0.454800009727478
YNL196C,YLL057C,0,-1.894275,0.12821003794670105,0.6690000295639038,0.45489999651908875
YGL206C,YBR079C,0,-1.894367,0.1281854808330536,0.6690000295639038,0.45500001311302185
YCR095C,YOR317W,0,-1.8943787,0.12816092371940613,0.6690000295639038,0.45509999990463257
YAR010C,YNL126W,0,-1.8944182,0.12813636660575867,0.6690000295639038,0.4551999866962433
YBR298C,YNR072W,1,-1.894478,0.12830333411693573,0.6700000166893005,0.4551999866962433
YDL082W,YNL084C,0,-1.8945943,0.12827876210212708,0.6700000166893005,0.4553000032901764
YJL025W,YJR041C,0,-1.8948283,0.12825420498847961,0.6700000166893005,0.4553999900817871
YIL138C,YOR299W,0,-1.8949683,0.12822966277599335,0.6700000166893005,0.4555000066757202
YDR387C,YPR115W,1,-1.8950367,0.12839648127555847,0.6710000038146973,0.4555000066757202
YLR340W,YNL321W,0,-1.8953173,0.12837190926074982,0.6710000038146973,0.45559999346733093
YDR387C,YMR011W,1,-1.8955147,0.12853863835334778,0.671999990940094,0.45559999346733093
YGR205W,YPR193C,0,-1.8956106,0.12851405143737793,0.671999990940094,0.45570001006126404
YLR242C,YIL009W,0,-1.8959094,0.12848947942256927,0.671999990940094,0.45579999685287476
YPL046C,YLL013C,0,-1.8959231,0.12846492230892181,0.671999990940094,0.45590001344680786
YBR083W,YDR454C,0,-1.895972,0.12844036519527435,0.671999990940094,0.4560000002384186
YCR020W-B,YHR111W,0,-1.8959906,0.12841582298278809,0.671999990940094,0.4560999870300293
YIL030C,YLR340W,0,-1.8960282,0.12839128077030182,0.671999990940094,0.4562000036239624
YBL057C,YGR169C,0,-1.8962551,0.12836676836013794,0.671999990940094,0.4562999904155731
YOR148C,YIL078W,0,-1.8963834,0.12834224104881287,0.671999990940094,0.4564000070095062
YDL103C,YDL214C,0,-1.89657,0.12831774353981018,0.671999990940094,0.45649999380111694
YDL123W,YLR320W,0,-1.8965867,0.1282932460308075,0.671999990940094,0.45660001039505005
YNR031C,YPR102C,0,-1.896717,0.1282687485218048,0.671999990940094,0.45669999718666077
YNL065W,YKR065C,0,-1.8968085,0.1282442808151245,0.671999990940094,0.45680001378059387
YPL040C,YGR184C,0,-1.8968124,0.12821979820728302,0.671999990940094,0.4569000005722046
YMR258C,YKL120W,0,-1.8968569,0.12819534540176392,0.671999990940094,0.4569999873638153
YHR096C,YPL244C,1,-1.8970978,0.12836162745952606,0.6729999780654907,0.4569999873638153
YPL166W,YOR171C,0,-1.8973191,0.12833714485168457,0.6729999780654907,0.4571000039577484
YDL229W,YOR285W,0,-1.8976011,0.12831267714500427,0.6729999780654907,0.45719999074935913
YBR271W,YNL196C,0,-1.897916,0.12828822433948517,0.6729999780654907,0.45730000734329224
YPR097W,YHR135C,0,-1.8980151,0.12826377153396606,0.6729999780654907,0.45739999413490295
YJL225C,YOR143C,0,-1.8980364,0.12823933362960815,0.6729999780654907,0.45750001072883606
YKL054C,YDL054C,0,-1.8981055,0.12821489572525024,0.6729999780654907,0.4575999975204468
YMR113W,YMR305C,0,-1.8983372,0.12819047272205353,0.6729999780654907,0.4577000141143799
YLR356W,YPR181C,0,-1.8983493,0.128166064620018,0.6729999780654907,0.4578000009059906
YJR031C,YCR072C,0,-1.8984793,0.12814165651798248,0.6729999780654907,0.4578999876976013
YJR076C,YER001W,0,-1.8989959,0.12811726331710815,0.6729999780654907,0.4580000042915344
YLR390W,YKR086W,0,-1.899037,0.12809288501739502,0.6729999780654907,0.45809999108314514
YFR043C,YPR102C,0,-1.8991925,0.12806850671768188,0.6729999780654907,0.45820000767707825
YJL052W,YDL046W,0,-1.899329,0.12804414331912994,0.6729999780654907,0.45829999446868896
YCR072C,YBR193C,0,-1.8993522,0.128019779920578,0.6729999780654907,0.45840001106262207
YJL187C,YIL030C,0,-1.8994027,0.12799543142318726,0.6729999780654907,0.4584999978542328
YJL180C,YGL261C,0,-1.899505,0.1279710978269577,0.6729999780654907,0.4586000144481659
YDR387C,YGR289C,1,-1.8996412,0.12813688814640045,0.6740000247955322,0.4586000144481659
YGR247W,YNL146W,0,-1.8996768,0.1281125247478485,0.6740000247955322,0.4587000012397766
YML026C,YCL008C,0,-1.8998758,0.12808817625045776,0.6740000247955322,0.45879998803138733
YGR204W,YKR059W,0,-1.8999066,0.1280638426542282,0.6740000247955322,0.45890000462532043
YGL210W-A,YBR050C,0,-1.8999248,0.12803950905799866,0.6740000247955322,0.45899999141693115
YFR011C,YPL183W-A,0,-1.9000316,0.1280151903629303,0.6740000247955322,0.45910000801086426
YBL015W,YML027W,0,-1.900043,0.12799088656902313,0.6740000247955322,0.459199994802475
YJL026W,YLR007W,0,-1.9000793,0.12796658277511597,0.6740000247955322,0.4593000113964081
YDR144C,YJL013C,0,-1.9002292,0.12794229388237,0.6740000247955322,0.4593999981880188
YLL010C,YBR153W,0,-1.9003115,0.12791800498962402,0.6740000247955322,0.4595000147819519
YDL015C,YLR340W,0,-1.9003426,0.12789373099803925,0.6740000247955322,0.4596000015735626
YMR319C,YGR173W,0,-1.9004482,0.12786947190761566,0.6740000247955322,0.45969998836517334
YOL084W,YBR202W,0,-1.9004796,0.12784521281719208,0.6740000247955322,0.45980000495910645
YBR025C,YBR079C,0,-1.9005516,0.1278209686279297,0.6740000247955322,0.45989999175071716
YJR085C,YLR246W,0,-1.9007922,0.1277967393398285,0.6740000247955322,0.46000000834465027
YEL020W-A,YGR155W,0,-1.9009267,0.1277725100517273,0.6740000247955322,0.460099995136261
YDR152W,YDR437W,0,-1.9012519,0.1277482956647873,0.6740000247955322,0.4602000117301941
YLL039C,YCR091W,0,-1.9015831,0.1277240812778473,0.6740000247955322,0.4602999985218048
YBR060C,YNR067C,0,-1.9017427,0.12769988179206848,0.6740000247955322,0.4603999853134155
YOL151W,YDR452W,0,-1.9018673,0.12767569720745087,0.6740000247955322,0.46050000190734863
YHR086W,YGR074W,0,-1.90209,0.12765151262283325,0.6740000247955322,0.46059998869895935
YOR137C,YPL055C,0,-1.9021316,0.12762734293937683,0.6740000247955322,0.46070000529289246
YNL092W,YLR265C,0,-1.9023014,0.1276031732559204,0.6740000247955322,0.4607999920845032
YBR107C,YPR171W,0,-1.9023887,0.12757903337478638,0.6740000247955322,0.4609000086784363
YPL003W,YOR096W,0,-1.9024378,0.12755487859249115,0.6740000247955322,0.460999995470047
YCR095C,YLR450W,0,-1.9025105,0.1275307536125183,0.6740000247955322,0.4611000120639801
YFL011W,YPL189W,1,-1.9025254,0.12769579887390137,0.675000011920929,0.4611000120639801
YOR137C,YGR067C,0,-1.9032408,0.12767164409160614,0.675000011920929,0.4611999988555908
YOR063W,YOR215C,0,-1.9032785,0.1276475042104721,0.675000011920929,0.46129998564720154
YNL019C,YGR085C,0,-1.9038005,0.12762336432933807,0.675000011920929,0.46140000224113464
YBR060C,YDL082W,0,-1.9039288,0.12759923934936523,0.675000011920929,0.46149998903274536
YOR140W,YDR197W,0,-1.9042863,0.1275751292705536,0.675000011920929,0.46160000562667847
YHR035W,YIL110W,0,-1.9045175,0.12755101919174194,0.675000011920929,0.4616999924182892
YGL225W,YHR096C,1,-1.9046261,0.1277158558368683,0.6759999990463257,0.4616999924182892
YJL083W,YPR111W,0,-1.9046795,0.12769173085689545,0.6759999990463257,0.4618000090122223
YGR174C,YDR522C,0,-1.9046987,0.1276676058769226,0.6759999990463257,0.461899995803833
YDR080W,YLR347C,0,-1.9047328,0.12764351069927216,0.6759999990463257,0.4620000123977661
YGR251W,YBL023C,0,-1.9048302,0.1276194006204605,0.6759999990463257,0.46209999918937683
YML001W,YDR308C,0,-1.904837,0.12759532034397125,0.6759999990463257,0.46219998598098755
YHR021C,YEL049W,0,-1.9049292,0.127571240067482,0.6759999990463257,0.46230000257492065
YJL072C,YBR021W,0,-1.9050606,0.12754717469215393,0.6759999990463257,0.46239998936653137
YLR002C,YGL186C,0,-1.9052329,0.12752310931682587,0.6759999990463257,0.4625000059604645
YOR173W,YHR138C,0,-1.9053172,0.127499058842659,0.6759999990463257,0.4625999927520752
YER044C-A,YMR029C,0,-1.9053181,0.12747500836849213,0.6759999990463257,0.4627000093460083
YBR294W,YLR243W,0,-1.9053819,0.12745098769664764,0.6759999990463257,0.462799996137619
YOR028C,YER031C,0,-1.905423,0.12742695212364197,0.6759999990463257,0.4629000127315521
YIL158W,YOR298C-A,0,-1.9054703,0.12740294635295868,0.6759999990463257,0.46299999952316284
YHL001W,YBL056W,0,-1.9055904,0.1273789405822754,0.6759999990463257,0.46309998631477356
YDR153C,YLR243W,0,-1.9057453,0.1273549348115921,0.6759999990463257,0.46320000290870667
YDR542W,YJL031C,0,-1.9058164,0.12733094394207,0.6759999990463257,0.4632999897003174
YOL102C,YOL151W,0,-1.9064342,0.1273069679737091,0.6759999990463257,0.4634000062942505
YDR387C,YDL247W,1,-1.9066641,0.12747128307819366,0.6769999861717224,0.4634000062942505
YMR265C,YOR198C,0,-1.9066886,0.12744729220867157,0.6769999861717224,0.4634999930858612
YER098W,YGR246C,0,-1.9070138,0.12742330133914948,0.6769999861717224,0.4636000096797943
YFR053C,YDL247W,1,-1.9073642,0.12758751213550568,0.6779999732971191,0.4636000096797943
YNL197C,YKL175W,0,-1.907534,0.1275635063648224,0.6779999732971191,0.46369999647140503
YML045W,YMR274C,0,-1.9075359,0.1275395005941391,0.6779999732971191,0.46380001306533813
YDL098C,YPL003W,0,-1.9075986,0.127515509724617,0.6779999732971191,0.46389999985694885
YPR139C,YGR155W,0,-1.9076008,0.1274915337562561,0.6779999732971191,0.46399998664855957
YOR140W,YJL001W,0,-1.9076188,0.1274675726890564,0.6779999732971191,0.4641000032424927
YJL072C,YCR005C,0,-1.907623,0.1274436116218567,0.6779999732971191,0.4641999900341034
YKL006W,YDR152W,0,-1.9079286,0.12741965055465698,0.6779999732971191,0.4643000066280365
YJL052W,YDR437W,0,-1.9079481,0.12739571928977966,0.6779999732971191,0.4643999934196472
YGL067W,YAL034W-A,0,-1.9080958,0.12737178802490234,0.6779999732971191,0.4645000100135803
YEL034W,YNL135C,0,-1.9082972,0.12734785676002502,0.6779999732971191,0.46459999680519104
YJR160C,YNL293W,0,-1.9083118,0.1273239403963089,0.6779999732971191,0.46470001339912415
YOR064C,YLR066W,0,-1.9083713,0.12730003893375397,0.6779999732971191,0.46480000019073486
YCR018C,YNL135C,0,-1.9084606,0.12727613747119904,0.6779999732971191,0.4648999869823456
YPL096W,YGR092W,0,-1.9084831,0.1272522509098053,0.6779999732971191,0.4650000035762787
YPR181C,YDR261C,0,-1.9086369,0.12722837924957275,0.6779999732971191,0.4650999903678894
YIL104C,YLL009C,0,-1.9087762,0.1272045075893402,0.6779999732971191,0.4652000069618225
YDR016C,YLR172C,0,-1.9087788,0.12718063592910767,0.6779999732971191,0.4652999937534332
YKL132C,YOR276W,0,-1.9091102,0.1271567940711975,0.6779999732971191,0.46540001034736633
YIL103W,YCL008C,0,-1.909213,0.12713295221328735,0.6779999732971191,0.46549999713897705
YML038C,YDL247W,1,-1.909244,0.127296581864357,0.6790000200271606,0.46549999713897705
YBR110W,YOR229W,0,-1.9092473,0.12727272510528564,0.6790000200271606,0.46560001373291016
YGL225W,YER039C,1,-1.9092919,0.12743628025054932,0.6800000071525574,0.46560001373291016
YLL015W,YHR191C,0,-1.9095875,0.12741240859031677,0.6800000071525574,0.4657000005245209
YGR044C,YBL084C,0,-1.9095945,0.12738853693008423,0.6800000071525574,0.4657999873161316
YGL123W,YPR052C,0,-1.909603,0.12736468017101288,0.6800000071525574,0.4659000039100647
YOR229W,YBR143C,0,-1.9097307,0.12734082341194153,0.6800000071525574,0.4659999907016754
YDR064W,YBR245C,0,-1.9097897,0.12731698155403137,0.6800000071525574,0.4661000072956085
YJR160C,YEL004W,1,-1.9098679,0.12748034298419952,0.6809999942779541,0.4661000072956085
YLL052C,YOR185C,0,-1.909898,0.12745648622512817,0.6809999942779541,0.46619999408721924
YDR424C,YKR101W,0,-1.9101126,0.12743262946605682,0.6809999942779541,0.46630001068115234
YJR124C,YLR337C,0,-1.910277,0.12740878760814667,0.6809999942779541,0.46639999747276306
YCR079W,YGR188C,0,-1.9105197,0.1273849606513977,0.6809999942779541,0.46650001406669617
YBR020W,YER014W,0,-1.9108306,0.12736113369464874,0.6809999942779541,0.4666000008583069
YAR002W,YML081W,0,-1.9111422,0.12733732163906097,0.6809999942779541,0.4666999876499176
YFL057C,YDR430C,0,-1.9111527,0.1273135095834732,0.6809999942779541,0.4668000042438507
YGL131C,YFL037W,0,-1.9113237,0.12728971242904663,0.6809999942779541,0.4668999910354614
YGR092W,YLR447C,0,-1.9116699,0.12726593017578125,0.6809999942779541,0.46700000762939453
YKR077W,YKL201C,0,-1.9118081,0.12724214792251587,0.6809999942779541,0.46709999442100525
YDL245C,YPL189W,1,-1.912124,0.12740519642829895,0.6819999814033508,0.46709999442100525
YOR391C,YOR374W,0,-1.9124658,0.12738139927387238,0.6819999814033508,0.46720001101493835
YGL091C,YOR319W,0,-1.9125193,0.127357617020607,0.6819999814033508,0.4672999978065491
YIL172C,YLR099C,0,-1.9126643,0.1273338347673416,0.6819999814033508,0.4674000144004822
YHR021C,YJL103C,0,-1.9128729,0.12731006741523743,0.6819999814033508,0.4675000011920929
YDR224C,YPL204W,0,-1.9132713,0.12728630006313324,0.6819999814033508,0.4675999879837036
YOR231W,YPL211W,0,-1.9133755,0.12726254761219025,0.6819999814033508,0.4677000045776367
YKL180W,YPR166C,0,-1.9133795,0.12723881006240845,0.6819999814033508,0.46779999136924744
YMR018W,YGL161C,0,-1.91373,0.12721507251262665,0.6819999814033508,0.46790000796318054
YGR034W,YGR170W,0,-1.9137747,0.12719134986400604,0.6819999814033508,0.46799999475479126
YOL086W-A,YOL083W,0,-1.9137764,0.12716762721538544,0.6819999814033508,0.46810001134872437
YOR064C,YGR127W,0,-1.9138778,0.12714391946792603,0.6819999814033508,0.4681999981403351
YDR197W,YKL180W,0,-1.9139751,0.1271202266216278,0.6819999814033508,0.4683000147342682
YBL074C,YGR038W,0,-1.9140502,0.1270965337753296,0.6819999814033508,0.4684000015258789
YMR011W,YDR536W,1,-1.9141449,0.12725917994976044,0.6830000281333923,0.4684000015258789
YJL065C,YDL215C,0,-1.9144102,0.12723547220230103,0.6830000281333923,0.4684999883174896
YIL095W,YDR519W,0,-1.9144951,0.1272117644548416,0.6830000281333923,0.46860000491142273
YIL033C,YBR212W,0,-1.9149075,0.1271880865097046,0.6830000281333923,0.46869999170303345
YPL211W,YGL001C,0,-1.9150414,0.12716440856456757,0.6830000281333923,0.46880000829696655
YJR075W,YOR243C,0,-1.915366,0.12714073061943054,0.6830000281333923,0.46889999508857727
YDL141W,YHR016C,0,-1.915665,0.1271170675754547,0.6830000281333923,0.4690000116825104
YCR038C,YKR070W,0,-1.9157639,0.12709341943264008,0.6830000281333923,0.4690999984741211
YBL064C,YPL259C,0,-1.9158235,0.12706977128982544,0.6830000281333923,0.4691999852657318
YER125W,YHR021C,0,-1.9159857,0.127046138048172,0.6830000281333923,0.4693000018596649
YPR009W,YLR160C,0,-1.9160948,0.12702250480651855,0.6830000281333923,0.46939998865127563
YHR172W,YBL098W,0,-1.9163688,0.1269988864660263,0.6830000281333923,0.46950000524520874
YJR032W,YOR084W,0,-1.9164925,0.12697526812553406,0.6830000281333923,0.46959999203681946
YMR111C,YLR083C,0,-1.9165444,0.1269516795873642,0.6830000281333923,0.46970000863075256
YMR070W,YER010C,0,-1.916618,0.12692807614803314,0.6830000281333923,0.4697999954223633
YPR097W,YJL191W,0,-1.9166409,0.12690450251102448,0.6830000281333923,0.4699000120162964
YGR195W,YPL187W,0,-1.9166459,0.12688091397285461,0.6830000281333923,0.4699999988079071
YMR220W,YDR319C,0,-1.9166687,0.12685735523700714,0.6830000281333923,0.4700999855995178
YOL102C,YBR129C,0,-1.916923,0.12683379650115967,0.6830000281333923,0.4702000021934509
YAL047C,YHR047C,0,-1.9169528,0.1268102526664734,0.6830000281333923,0.47029998898506165
YIL137C,YDR083W,0,-1.9169643,0.1267867088317871,0.6830000281333923,0.47040000557899475
YGL104C,YBL020W,1,-1.9170157,0.1269487738609314,0.6840000152587891,0.47040000557899475
YER074W,YJR094W-A,0,-1.9170588,0.12692521512508392,0.6840000152587891,0.47049999237060547
YAL001C,YER021W,0,-1.917159,0.12690167129039764,0.6840000152587891,0.4706000089645386
YGR097W,YER039C,1,-1.9171624,0.12706361711025238,0.6850000023841858,0.4706000089645386
YIL104C,YML017W,0,-1.9174587,0.1270400583744049,0.6850000023841858,0.4706999957561493
YIL074C,YGL207W,0,-1.9175833,0.12701649963855743,0.6850000023841858,0.4708000123500824
YNL047C,YNL009W,0,-1.9176159,0.12699295580387115,0.6850000023841858,0.4708999991416931
YGL084C,YHR092C,1,-1.9178723,0.12715476751327515,0.6859999895095825,0.4708999991416931
YER078C,YGL054C,0,-1.9182802,0.12713120877742767,0.6859999895095825,0.47099998593330383
YMR238W,YDR487C,0,-1.9183528,0.1271076500415802,0.6859999895095825,0.47110000252723694
YBL066C,YIL048W,0,-1.9184608,0.12708410620689392,0.6859999895095825,0.47119998931884766
YGL104C,YBR241C,1,-1.9187356,0.12724578380584717,0.6869999766349792,0.47119998931884766
YDR083W,YBL106C,0,-1.9187814,0.1272222250699997,0.6869999766349792,0.47130000591278076
YHR172W,YMR032W,0,-1.9189113,0.12719866633415222,0.6869999766349792,0.4713999927043915
YJL003W,YBR083W,0,-1.9189702,0.12717512249946594,0.6869999766349792,0.4715000092983246
YDL235C,YOR058C,0,-1.9192177,0.12715157866477966,0.6869999766349792,0.4715999960899353
YDR277C,YPL244C,1,-1.9195923,0.12731310725212097,0.6880000233650208,0.4715999960899353
YML027W,YOR260W,0,-1.9197096,0.1272895485162735,0.6880000233650208,0.4717000126838684
YJR158W,YNR072W,1,-1.9200171,0.12745098769664764,0.6890000104904175,0.4717000126838684
YFR041C,YER018C,0,-1.920138,0.12742741405963898,0.6890000104904175,0.4717999994754791
YJL076W,YML095C,0,-1.9202923,0.1274038404226303,0.6890000104904175,0.47189998626708984
YOR148C,YNL096C,0,-1.9203292,0.12738029658794403,0.6890000104904175,0.47200000286102295
YOL033W,YPR110C,0,-1.9204814,0.12735675275325775,0.6890000104904175,0.47209998965263367
YMR238W,YJR092W,0,-1.9205605,0.12733320891857147,0.6890000104904175,0.4722000062465668
YEL019C,YBR273C,0,-1.9206308,0.1273096799850464,0.6890000104904175,0.4722999930381775
YMR225C,YGR155W,0,-1.9207939,0.1272861659526825,0.6890000104904175,0.4724000096321106
YLR375W,YBR179C,0,-1.9208246,0.1272626519203186,0.6890000104904175,0.4724999964237213
YHL035C,YJL049W,0,-1.9208553,0.1272391527891159,0.6890000104904175,0.4726000130176544
YOR213C,YGL161C,0,-1.9210298,0.1272156536579132,0.6890000104904175,0.47269999980926514
YGL240W,YGR155W,0,-1.9210434,0.1271921694278717,0.6890000104904175,0.47279998660087585
YOR310C,YMR289W,0,-1.9213634,0.1271687000989914,0.6890000104904175,0.47290000319480896
YHR176W,YJR092W,0,-1.9214422,0.12714523077011108,0.6890000104904175,0.4729999899864197
YOL157C,YBL106C,0,-1.9215934,0.12712177634239197,0.6890000104904175,0.4731000065803528
YLR051C,YGL010W,0,-1.9220127,0.12709832191467285,0.6890000104904175,0.4731999933719635
YOR229W,YDR052C,0,-1.9220201,0.12707488238811493,0.6890000104904175,0.4733000099658966
YDL051W,YKL046C,0,-1.9220383,0.127051442861557,0.6890000104904175,0.4733999967575073
YPL241C,YMR239C,0,-1.9221948,0.12702801823616028,0.6890000104904175,0.47350001335144043
YKR086W,YMR097C,0,-1.9224147,0.12700460851192474,0.6890000104904175,0.47360000014305115
YKL201C,YGR278W,0,-1.9226016,0.1269811987876892,0.6890000104904175,0.47369998693466187
YBR265W,YOL122C,0,-1.9226235,0.12695780396461487,0.6890000104904175,0.47380000352859497
YKL134C,YDR066C,0,-1.9226886,0.12693440914154053,0.6890000104904175,0.4738999903202057
YDR016C,YOL041C,0,-1.9228941,0.12691102921962738,0.6890000104904175,0.4740000069141388
YDR016C,YIL099W,0,-1.9229985,0.12688766419887543,0.6890000104904175,0.4740999937057495
YKL101W,YBL074C,0,-1.9231579,0.12686429917812347,0.6890000104904175,0.4742000102996826
YBR046C,YLL003W,0,-1.9231789,0.12684094905853271,0.6890000104904175,0.47429999709129333
YNL019C,YJL158C,0,-1.9232515,0.12681759893894196,0.6890000104904175,0.47440001368522644
YBL034C,YBR059C,0,-1.9232541,0.1267942637205124,0.6890000104904175,0.47450000047683716
YOL012C,YHR069C,0,-1.9233717,0.12677092850208282,0.6890000104904175,0.4745999872684479
YDR452W,YJR119C,0,-1.9234309,0.12674760818481445,0.6890000104904175,0.474700003862381
YER039C,YPL037C,0,-1.9235113,0.12672430276870728,0.6890000104904175,0.4747999906539917
YCL008C,YOR173W,0,-1.9235394,0.1267009973526001,0.6890000104904175,0.4749000072479248
YBR255W,YER072W,0,-1.9236597,0.12667769193649292,0.6890000104904175,0.4749999940395355
YNL045W,YKL067W,0,-1.9239472,0.12665441632270813,0.6890000104904175,0.47510001063346863
YDL202W,YJL110C,0,-1.9241184,0.12663114070892334,0.6890000104904175,0.47519999742507935
YJR053W,YNL293W,0,-1.9243014,0.12660786509513855,0.6890000104904175,0.47530001401901245
YMR023C,YGL017W,0,-1.9245449,0.12658460438251495,0.6890000104904175,0.47540000081062317
YLR065C,YKL188C,0,-1.924555,0.12656135857105255,0.6890000104904175,0.4754999876022339
YOR059C,YCR005C,0,-1.9245865,0.12653811275959015,0.6890000104904175,0.475600004196167
YLR095C,YIL127C,0,-1.9247785,0.12651486694812775,0.6890000104904175,0.4756999909877777
YCR003W,YNR071C,0,-1.924834,0.12649165093898773,0.6890000104904175,0.4758000075817108
YOL142W,YJL097W,0,-1.9248545,0.12646843492984772,0.6890000104904175,0.47589999437332153
YNL047C,YOR221C,0,-1.9249161,0.1264452189207077,0.6890000104904175,0.47600001096725464
YNL066W,YLR382C,0,-1.9249669,0.12642201781272888,0.6890000104904175,0.47609999775886536
YNL185C,YKL072W,0,-1.9250394,0.12639883160591125,0.6890000104904175,0.47620001435279846
YGR067C,YOR310C,0,-1.9252237,0.12637564539909363,0.6890000104904175,0.4763000011444092
YML133C,YOR362C,0,-1.9254537,0.126352459192276,0.6890000104904175,0.4763999879360199
YDR197W,YNL065W,0,-1.925461,0.12632930278778076,0.6890000104904175,0.476500004529953
YOR204W,YDR227W,0,-1.9255649,0.12630614638328552,0.6890000104904175,0.4765999913215637
YLR410W,YLR340W,0,-1.9255725,0.12628298997879028,0.6890000104904175,0.4767000079154968
YKL185W,YBR212W,0,-1.92573,0.12625984847545624,0.6890000104904175,0.47679999470710754
YMR002W,YHL019C,0,-1.9260429,0.1262367218732834,0.6890000104904175,0.47690001130104065
YLL013C,YJL049W,0,-1.9260739,0.12621359527111053,0.6890000104904175,0.47699999809265137
YDL247W,YER001W,0,-1.926096,0.12619048357009888,0.6890000104904175,0.4771000146865845
YJL030W,YJR010C-A,0,-1.926308,0.12616737186908722,0.6890000104904175,0.4772000014781952
YDR143C,YCL024W,0,-1.9266001,0.12614427506923676,0.6890000104904175,0.4772999882698059
YER157W,YML133C,0,-1.9266225,0.1261211782693863,0.6890000104904175,0.477400004863739
YCL010C,YER179W,0,-1.9268137,0.12609809637069702,0.6890000104904175,0.47749999165534973
YJL030W,YDR197W,0,-1.9268218,0.12607502937316895,0.6890000104904175,0.47760000824928284
YDR093W,YPR005C,0,-1.926963,0.12605196237564087,0.6890000104904175,0.47769999504089355
YBL066C,YNL101W,0,-1.9270339,0.1260288953781128,0.6890000104904175,0.47780001163482666
YOL101C,YGR250C,0,-1.9271953,0.1260058581829071,0.6890000104904175,0.4778999984264374
YDL085W,YMR278W,0,-1.927266,0.12598280608654022,0.6890000104904175,0.4779999852180481
YNR072W,YDR342C,1,-1.9273556,0.12614259123802185,0.6899999976158142,0.4779999852180481
YDL051W,YCL008C,0,-1.9275088,0.12611953914165497,0.6899999976158142,0.4781000018119812
YGL231C,YBR278W,0,-1.9275655,0.12609648704528809,0.6899999976158142,0.4781999886035919
YDL061C,YMR262W,0,-1.9277197,0.1260734498500824,0.6899999976158142,0.478300005197525
YIL033C,YGL017W,0,-1.9277314,0.1260504275560379,0.6899999976158142,0.47839999198913574
YJL047C,YMR300C,0,-1.9279071,0.12602739036083221,0.6899999976158142,0.47850000858306885
YHR109W,YNL308C,0,-1.9279429,0.1260043829679489,0.6899999976158142,0.47859999537467957
YJL011C,YMR306W,0,-1.9281603,0.1259813755750656,0.6899999976158142,0.47870001196861267
YOL157C,YDL082W,0,-1.9282057,0.1259583830833435,0.6899999976158142,0.4787999987602234
YBR007C,YIL053W,0,-1.928266,0.1259353905916214,0.6899999976158142,0.4788999855518341
YNL151C,YMR054W,0,-1.9283823,0.12591241300106049,0.6899999976158142,0.4790000021457672
YCR067C,YBR029C,0,-1.928388,0.12588943541049957,0.6899999976158142,0.47909998893737793
YOL012C,YNL282W,0,-1.9283931,0.12586647272109985,0.6899999976158142,0.47920000553131104
YMR265C,YNL181W,0,-1.9285849,0.12584351003170013,0.6899999976158142,0.47929999232292175
YBR294W,YFL023W,0,-1.9286785,0.1258205622434616,0.6899999976158142,0.47940000891685486
YDR219C,YBR189W,0,-1.928699,0.12579762935638428,0.6899999976158142,0.4794999957084656
YCL040W,YFL054C,1,-1.9287006,0.12595698237419128,0.6909999847412109,0.4794999957084656
YAL005C,YPL183W-A,0,-1.9288973,0.12593401968479156,0.6909999847412109,0.4796000123023987
YGL153W,YBL074C,0,-1.9289945,0.12591107189655304,0.6909999847412109,0.4796999990940094
YNL160W,YDR452W,0,-1.9291193,0.1258881390094757,0.6909999847412109,0.4797999858856201
YBR021W,YKL189W,0,-1.9293125,0.12586520612239838,0.6909999847412109,0.4799000024795532
YER015W,YBR181C,0,-1.9295617,0.12584228813648224,0.6909999847412109,0.47999998927116394
YBL054W,YHR096C,0,-1.929653,0.1258193701505661,0.6909999847412109,0.48010000586509705
YPL241C,YDR093W,0,-1.9297541,0.12579646706581116,0.6909999847412109,0.48019999265670776
YNL092W,YDR279W,0,-1.9298463,0.1257735639810562,0.6909999847412109,0.48030000925064087
YGR251W,YJL001W,0,-1.9298615,0.12575067579746246,0.6909999847412109,0.4803999960422516
YHR117W,YDL061C,0,-1.9299588,0.1257278025150299,0.6909999847412109,0.4805000126361847
YIL138C,YMR111C,0,-1.9300362,0.12570492923259735,0.6909999847412109,0.4805999994277954
YLR399C,YDL215C,0,-1.9300461,0.125682070851326,0.6909999847412109,0.48069998621940613
YIL162W,YOL055C,0,-1.9301846,0.12565921247005463,0.6909999847412109,0.48080000281333923
YAL044C,YLR119W,0,-1.9301888,0.12563636898994446,0.6909999847412109,0.48089998960494995
YER007W,YHR183W,0,-1.9302877,0.1256135255098343,0.6909999847412109,0.48100000619888306
YDR150W,YOL019W,0,-1.9303051,0.12559069693088531,0.6909999847412109,0.4810999929904938
YDR270W,YBR060C,0,-1.931059,0.12556786835193634,0.6909999847412109,0.4812000095844269
YNL039W,YBR239C,0,-1.931099,0.12554505467414856,0.6909999847412109,0.4812999963760376
YOR206W,YMR158W,0,-1.9315145,0.12552225589752197,0.6909999847412109,0.4814000129699707
YMR315W,YOR391C,0,-1.9317653,0.12549945712089539,0.6909999847412109,0.4814999997615814
YDL138W,YHR094C,1,-1.9318752,0.12565825879573822,0.6919999718666077,0.4814999997615814
YML027W,YOR062C,0,-1.931957,0.12563544511795044,0.6919999718666077,0.48159998655319214
YPR029C,YNR067C,0,-1.9319652,0.12561263144016266,0.6919999718666077,0.48170000314712524
YBR242W,YCL008C,0,-1.9320203,0.12558983266353607,0.6919999718666077,0.48179998993873596
YBR211C,YBR229C,0,-1.9323758,0.12556704878807068,0.6919999718666077,0.48190000653266907
YIL009W,YGR042W,0,-1.9323838,0.12554426491260529,0.6919999718666077,0.4819999933242798
YDR064W,YOL142W,0,-1.9328061,0.1255214959383011,0.6919999718666077,0.4821000099182129
YOL111C,YBR129C,0,-1.9330019,0.1254987269639969,0.6919999718666077,0.4821999967098236
YMR053C,YMR301C,0,-1.9330097,0.12547597289085388,0.6919999718666077,0.4823000133037567
YCR086W,YDR261C,0,-1.9331187,0.12545323371887207,0.6919999718666077,0.48240000009536743
YOR340C,YOR322C,0,-1.9331431,0.12543049454689026,0.6919999718666077,0.48249998688697815
YNL173C,YKL180W,0,-1.9332441,0.12540775537490845,0.6919999718666077,0.48260000348091125
YDR227W,YJL186W,0,-1.9337232,0.12538503110408783,0.6919999718666077,0.482699990272522
YCL005W,YNL223W,0,-1.9341016,0.1253623217344284,0.6919999718666077,0.4828000068664551
YNL314W,YMR267W,0,-1.9344505,0.12533961236476898,0.6919999718666077,0.4828999936580658
YJL025W,YOR079C,0,-1.934642,0.12531691789627075,0.6919999718666077,0.4830000102519989
YLL010C,YCL034W,0,-1.9351798,0.12529422342777252,0.6919999718666077,0.4830999970436096
YHR175W,YGL167C,0,-1.9353471,0.12527154386043549,0.6919999718666077,0.4832000136375427
YBR143C,YCL024W,0,-1.935388,0.12524886429309845,0.6919999718666077,0.48330000042915344
YNL293W,YDR223W,0,-1.9359103,0.1252261996269226,0.6919999718666077,0.48339998722076416
YGL131C,YOL055C,0,-1.9359882,0.12520354986190796,0.6919999718666077,0.48350000381469727
YER159C,YBR022W,0,-1.9360458,0.1251809000968933,0.6919999718666077,0.483599990606308
YBR017C,YJR117W,0,-1.9362322,0.12515825033187866,0.6919999718666077,0.4837000072002411
YGR085C,YIL067C,0,-1.9362742,0.1251356303691864,0.6919999718666077,0.4837999939918518
YFR053C,YKL108W,0,-1.9364461,0.12511299550533295,0.6919999718666077,0.4839000105857849
YDR524C,YDR227W,0,-1.9367317,0.12509039044380188,0.6919999718666077,0.48399999737739563
YER132C,YPL095C,0,-1.9369062,0.12506777048110962,0.6919999718666077,0.48410001397132874
YLR355C,YOR137C,0,-1.9370214,0.12504518032073975,0.6919999718666077,0.48420000076293945
YOL125W,YDR014W,0,-1.9370376,0.12502259016036987,0.6919999718666077,0.48429998755455017
YIL078W,YOL111C,0,-1.937066,0.125,0.6919999718666077,0.4844000041484833
YLR298C,YBR025C,0,-1.9374579,0.12497742474079132,0.6919999718666077,0.484499990940094
YHR069C,YPL161C,0,-1.9376655,0.12495485693216324,0.6919999718666077,0.4846000075340271
YGL191W,YNL258C,0,-1.9378539,0.12493229657411575,0.6919999718666077,0.4846999943256378
YLR223C,YOL053W,0,-1.9378552,0.12490974366664886,0.6919999718666077,0.4848000109195709
YKL184W,YGR020C,0,-1.9380379,0.12488720566034317,0.6919999718666077,0.48489999771118164
YOR028C,YLR340W,0,-1.9382194,0.12486466765403748,0.6919999718666077,0.48500001430511475
YCR092C,YAL017W,0,-1.9383277,0.12484214454889297,0.6919999718666077,0.48510000109672546
YOR258W,YBR045C,0,-1.938411,0.12481962144374847,0.6919999718666077,0.4851999878883362
YKL216W,YGL247W,0,-1.9386588,0.12479711323976517,0.6919999718666077,0.4853000044822693
YDL194W,YHR094C,1,-1.9386852,0.12495492398738861,0.6930000185966492,0.4853000044822693
YOR330C,YFR019W,0,-1.9387733,0.12493239343166351,0.6930000185966492,0.48539999127388
YDL024C,YJR158W,0,-1.938806,0.12490987777709961,0.6930000185966492,0.4855000078678131
YPL143W,YLR414C,0,-1.9388326,0.1248873695731163,0.6930000185966492,0.48559999465942383
YHR086W,YBR050C,0,-1.9391701,0.124864861369133,0.6930000185966492,0.48570001125335693
YMR227C,YGL236C,0,-1.9392306,0.12484236806631088,0.6930000185966492,0.48579999804496765
YMR227C,YLR286C,0,-1.939346,0.12481988221406937,0.6930000185966492,0.48590001463890076
YFL011W,YFL054C,1,-1.9396424,0.1249774917960167,0.6940000057220459,0.48590001463890076
YCL038C,YML030W,0,-1.9396502,0.12495499104261398,0.6940000057220459,0.4860000014305115
YLR097C,YOR362C,0,-1.9397482,0.12493249028921127,0.6940000057220459,0.4860999882221222
YMR219W,YPL161C,0,-1.9399786,0.12491000443696976,0.6940000057220459,0.4862000048160553
YCR042C,YPL018W,0,-1.9401127,0.12488752603530884,0.6940000057220459,0.486299991607666
YIL137C,YGL191W,0,-1.9402176,0.12486506253480911,0.6940000057220459,0.4864000082015991
YMR283C,YIL104C,0,-1.940336,0.12484259903430939,0.6940000057220459,0.48649999499320984
YHL011C,YLR450W,0,-1.9406146,0.12482014298439026,0.6940000057220459,0.48660001158714294
YDL085W,YIL109C,0,-1.9408914,0.12479770183563232,0.6940000057220459,0.48669999837875366
YNL311C,YBL037W,0,-1.9410721,0.12477526068687439,0.6940000057220459,0.4867999851703644
YCR020W-B,YDR093W,0,-1.94114,0.12475283443927765,0.6940000057220459,0.4869000017642975
YOL101C,YDL014W,0,-1.9411916,0.12473040819168091,0.6940000057220459,0.4869999885559082
YIL162W,YOR322C,0,-1.9413465,0.12470799684524536,0.6940000057220459,0.4871000051498413
YOL089C,YCR020W-B,0,-1.9415028,0.12468559294939041,0.6940000057220459,0.487199991941452
YGR204W,YGR042W,0,-1.941518,0.12466319650411606,0.6940000057220459,0.48730000853538513
YLL019C,YCR058C,0,-1.9416281,0.1246408075094223,0.6940000057220459,0.48739999532699585
YPL210C,YJL013C,0,-1.9416707,0.12461842596530914,0.6940000057220459,0.48750001192092896
YER020W,YLR243W,0,-1.9417456,0.12459605187177658,0.6940000057220459,0.4875999987125397
YFR011C,YOR019W,0,-1.9417583,0.12457368522882462,0.6940000057220459,0.4876999855041504
YKL134C,YKL058W,0,-1.9420704,0.12455132603645325,0.6940000057220459,0.4878000020980835
YNL160W,YER115C,0,-1.9421048,0.12452898174524307,0.6940000057220459,0.4878999888896942
YJL003W,YMR154C,0,-1.9422786,0.1245066374540329,0.6940000057220459,0.4880000054836273
YHR094C,YCL063W,0,-1.9424185,0.12448430806398392,0.6940000057220459,0.48809999227523804
YPL037C,YPL051W,0,-1.9424276,0.12446197867393494,0.6940000057220459,0.48820000886917114
YAR002W,YPL017C,0,-1.9425089,0.12443966418504715,0.6940000057220459,0.48829999566078186
YGL253W,YDR277C,1,-1.9426087,0.12459663301706314,0.6949999928474426,0.48829999566078186
YOR204W,YER074W,0,-1.9429475,0.12457429617643356,0.6949999928474426,0.48840001225471497
YMR053C,YPL055C,0,-1.9433262,0.12455197423696518,0.6949999928474426,0.4884999990463257
YJL161W,YHR113W,0,-1.9433415,0.1245296522974968,0.6949999928474426,0.4885999858379364
YDR487C,YJR041C,0,-1.9436278,0.1245073452591896,0.6949999928474426,0.4887000024318695
YJL094C,YPL158C,0,-1.9438477,0.12448504567146301,0.6949999928474426,0.4887999892234802
YLR286C,YLR119W,0,-1.9438659,0.12446275353431702,0.6949999928474426,0.48890000581741333
YJL219W,YDL245C,1,-1.943965,0.1246195137500763,0.6959999799728394,0.48890000581741333
YOR019W,YLL050C,0,-1.9439709,0.1245972067117691,0.6959999799728394,0.48899999260902405
YPL089C,YAL005C,0,-1.9440361,0.12457490712404251,0.6959999799728394,0.48910000920295715
YMR246W,YML059C,0,-1.9441177,0.12455261498689651,0.6959999799728394,0.48919999599456787
YIL033C,YGR205W,0,-1.9442335,0.12453033030033112,0.6959999799728394,0.489300012588501
YCR032W,YLR206W,0,-1.9443611,0.12450805306434631,0.6959999799728394,0.4893999993801117
YFR053C,YGR173W,0,-1.9444993,0.12448578327894211,0.6959999799728394,0.4894999861717224
YDR384C,YGR074W,0,-1.9448433,0.1244635209441185,0.6959999799728394,0.4896000027656555
YLL043W,YHR096C,1,-1.9448435,0.12462005764245987,0.6970000267028809,0.4896000027656555
YFR053C,YLR243W,0,-1.9453117,0.12459778040647507,0.6970000267028809,0.48969998955726624
YKR059W,YAL060W,0,-1.9453914,0.12457551062107086,0.6970000267028809,0.48980000615119934
YDR270W,YMR054W,0,-1.9454385,0.12455325573682785,0.6970000267028809,0.48989999294281006
YJR127C,YPR166C,0,-1.9455551,0.12453100085258484,0.6970000267028809,0.49000000953674316
YGR217W,YGR155W,0,-1.9455836,0.12450875341892242,0.6970000267028809,0.4900999963283539
YBL064C,YCR027C,0,-1.9456106,0.1244865134358406,0.6970000267028809,0.490200012922287
YLR058C,YIL018W,0,-1.9456449,0.12446428835391998,0.6970000267028809,0.4902999997138977
YOR151C,YAL017W,0,-1.9456549,0.12444206327199936,0.6970000267028809,0.4903999865055084
YMR056C,YLR083C,0,-1.945844,0.12441985309123993,0.6970000267028809,0.49050000309944153
YGL057C,YPL196W,0,-1.9466854,0.1243976429104805,0.6970000267028809,0.49059998989105225
YPR193C,YDL178W,0,-1.9468144,0.12437544763088226,0.6970000267028809,0.49070000648498535
YLR404W,YNL204C,0,-1.946906,0.12435325235128403,0.6970000267028809,0.49079999327659607
YLR347C,YLR246W,0,-1.9472817,0.12433107197284698,0.6970000267028809,0.4909000098705292
YIR030C,YLR320W,0,-1.947649,0.12430889904499054,0.6970000267028809,0.4909999966621399
YNL151C,YKL003C,0,-1.9477338,0.12428673356771469,0.6970000267028809,0.491100013256073
YDR387C,YDL138W,1,-1.94779,0.12444286048412323,0.6980000138282776,0.491100013256073
YBL054W,YCR012W,0,-1.9479305,0.12442068010568619,0.6980000138282776,0.4912000000476837
YGR055W,YFR002W,0,-1.9486103,0.12439849972724915,0.6980000138282776,0.49129998683929443
YHL030W,YLR083C,0,-1.9486487,0.1243763342499733,0.6980000138282776,0.49140000343322754
YDL194W,YBR110W,0,-1.9487032,0.12435417622327805,0.6980000138282776,0.49149999022483826
YLR106C,YMR265C,0,-1.9487168,0.12433202564716339,0.6980000138282776,0.49160000681877136
YDL222C,YER153C,0,-1.9487693,0.12430988252162933,0.6980000138282776,0.4916999936103821
YGL106W,YMR216C,0,-1.9491822,0.12428774684667587,0.6980000138282776,0.4918000102043152
YIL110W,YMR325W,0,-1.9491867,0.12426561862230301,0.6980000138282776,0.4918999969959259
YPL113C,YLR375W,0,-1.9498881,0.12424350529909134,0.6980000138282776,0.492000013589859
YGR092W,YPR193C,0,-1.9501489,0.12422139197587967,0.6980000138282776,0.4921000003814697
YDR277C,YLL043W,1,-1.950368,0.12437722086906433,0.6990000009536743,0.4921000003814697
YOL125W,YBL066C,0,-1.9505466,0.12435510009527206,0.6990000009536743,0.49219998717308044
YLL052C,YBL047C,0,-1.9509475,0.1243329793214798,0.6990000009536743,0.49230000376701355
YFL011W,YHR094C,1,-1.95095,0.1244887039065361,0.699999988079071,0.49230000376701355
YPL027W,YKL221W,0,-1.9510304,0.12446656823158264,0.699999988079071,0.49239999055862427
YBR271W,YIL026C,0,-1.9511559,0.12444444745779037,0.699999988079071,0.4925000071525574
YBR118W,YIL048W,0,-1.9512972,0.12442232668399811,0.699999988079071,0.4925999939441681
YJR031C,YBL069W,0,-1.9513687,0.12440021336078644,0.699999988079071,0.4927000105381012
YDL100C,YDR363W,0,-1.9514731,0.12437810748815536,0.699999988079071,0.4927999973297119
YBR162W-A,YNL005C,0,-1.9516093,0.12435601651668549,0.699999988079071,0.492900013923645
YOR223W,YGL261C,0,-1.9516733,0.1243339255452156,0.699999988079071,0.49300000071525574
YDL202W,YDR227W,0,-1.9517018,0.12431184202432632,0.699999988079071,0.49309998750686646
YFR037C,YPR147C,0,-1.9517142,0.12428977340459824,0.699999988079071,0.49320000410079956
YOL083W,YGR173W,0,-1.9517344,0.12426770478487015,0.699999988079071,0.4932999908924103
YLR441C,YDR513W,0,-1.9518892,0.12424565106630325,0.699999988079071,0.4934000074863434
YGR169C,YHR138C,0,-1.9522569,0.12422360479831696,0.699999988079071,0.4934999942779541
YCL040W,YOL156W,1,-1.952306,0.1243789941072464,0.7009999752044678,0.4934999942779541
YGL038C,YOL006C,0,-1.9525466,0.12435692548751831,0.7009999752044678,0.4936000108718872
YIR030C,YCR072C,0,-1.9526856,0.12433487176895142,0.7009999752044678,0.4936999976634979
YBR020W,YJL079C,0,-1.9527186,0.12431281805038452,0.7009999752044678,0.49380001425743103
YDL065C,YHR020W,0,-1.9529217,0.12429077923297882,0.7009999752044678,0.49390000104904175
YGR205W,YOL122C,0,-1.9529527,0.12426874786615372,0.7009999752044678,0.49399998784065247
YJL072C,YKR035W-A,0,-1.9531358,0.12424672394990921,0.7009999752044678,0.49410000443458557
YJR158W,YPR026W,1,-1.9532593,0.12440191209316254,0.7020000219345093,0.49410000443458557
YML027W,YBL034C,0,-1.9534365,0.12437987327575684,0.7020000219345093,0.4941999912261963
YOR239W,YNR063W,0,-1.9535362,0.12435784190893173,0.7020000219345093,0.4943000078201294
YPR184W,YDR367W,0,-1.9535968,0.12433581054210663,0.7020000219345093,0.4943999946117401
YDL123W,YOL030W,0,-1.953736,0.12431379407644272,0.7020000219345093,0.4945000112056732
YPR102C,YGL167C,0,-1.9538183,0.1242917850613594,0.7020000219345093,0.49459999799728394
YLR371W,YOR071C,0,-1.9538792,0.12426978349685669,0.7020000219345093,0.49470001459121704
YCL040W,YPR115W,1,-1.9540242,0.1244247779250145,0.703000009059906,0.49470001459121704
YPL026C,YGL104C,1,-1.9540274,0.12457972019910812,0.7039999961853027,0.49470001459121704
YLR265C,YPL169C,0,-1.9541819,0.12455768138170242,0.7039999961853027,0.49480000138282776
YGL225W,YDR342C,1,-1.9545051,0.12471254169940948,0.7049999833106995,0.49480000138282776
YIL079C,YER001W,0,-1.9546684,0.12469048798084259,0.7049999833106995,0.4948999881744385
YLR095C,YPL095C,0,-1.9547895,0.1246684342622757,0.7049999833106995,0.4950000047683716
YIL138C,YOR285W,0,-1.9549899,0.12464639544487,0.7049999833106995,0.4950999915599823
YBR177C,YPL214C,0,-1.9552112,0.1246243566274643,0.7049999833106995,0.4952000081539154
YNR031C,YGR083C,0,-1.9557904,0.12460233271121979,0.7049999833106995,0.4952999949455261
YKR072C,YML026C,0,-1.9558909,0.12458031624555588,0.7049999833106995,0.49540001153945923
YDL028C,YHR043C,0,-1.9559398,0.12455830723047256,0.7049999833106995,0.49549999833106995
YDR387C,YFL054C,1,-1.9560893,0.12471295148134232,0.7059999704360962,0.49549999833106995
YPL040C,YBL066C,0,-1.9561282,0.12469092011451721,0.7059999704360962,0.49559998512268066
YBR065C,YFL028C,0,-1.9565057,0.1246689036488533,0.7059999704360962,0.49570000171661377
YIL171W,YPR026W,1,-1.9565872,0.1248234435915947,0.7070000171661377,0.49570000171661377
YGL091C,YDR444W,0,-1.9568757,0.12480141222476959,0.7070000171661377,0.4957999885082245
YGR205W,YDR392W,0,-1.956893,0.12477938830852509,0.7070000171661377,0.4959000051021576
YBR107C,YNL164C,0,-1.9569454,0.12475736439228058,0.7070000171661377,0.4959999918937683
YPR131C,YGR095C,0,-1.9570137,0.12473535537719727,0.7070000171661377,0.4961000084877014
YBR050C,YHR135C,0,-1.9570521,0.12471335381269455,0.7070000171661377,0.49619999527931213
YPL026C,YDR387C,1,-1.9571227,0.12486772239208221,0.7080000042915344,0.49619999527931213
YDR343C,YHR094C,1,-1.9572295,0.1250220388174057,0.7089999914169312,0.49619999527931213
YIL158W,YNL281W,0,-1.9572378,0.125,0.7089999914169312,0.49630001187324524
YJR113C,YPR102C,0,-1.9572426,0.1249779686331749,0.7089999914169312,0.49639999866485596
YBL015W,YFR037C,0,-1.9573379,0.12495593726634979,0.7089999914169312,0.4964999854564667
YBR020W,YMR097C,0,-1.957355,0.12493392080068588,0.7089999914169312,0.4966000020503998
YHR170W,YER056C,0,-1.9575304,0.12491191178560257,0.7089999914169312,0.4966999888420105
YLR410W,YPR028W,0,-1.9577899,0.12488991022109985,0.7089999914169312,0.4968000054359436
YGL067W,YHR158C,0,-1.9582926,0.12486790865659714,0.7089999914169312,0.4968999922275543
YIL099W,YOR285W,0,-1.9583842,0.12484592199325562,0.7089999914169312,0.4970000088214874
YBR242W,YMR019W,0,-1.9584471,0.12482394278049469,0.7089999914169312,0.49709999561309814
YBR211C,YGL073W,0,-1.9586048,0.12480197101831436,0.7089999914169312,0.49720001220703125
YDL202W,YER001W,0,-1.9587613,0.12478000670671463,0.7089999914169312,0.49729999899864197
YEL020W-A,YGL168W,0,-1.9591724,0.1247580498456955,0.7089999914169312,0.4973999857902527
YCL057C-A,YOR084W,0,-1.959328,0.12473610043525696,0.7089999914169312,0.4975000023841858
YER014W,YDR359C,0,-1.9595765,0.12471415847539902,0.7089999914169312,0.4975999891757965
YLR119W,YOR349W,0,-1.9596747,0.12469222396612167,0.7089999914169312,0.4977000057697296
YDR309C,YJL153C,0,-1.9599956,0.12467030435800552,0.7089999914169312,0.49779999256134033
YJL142C,YNR063W,0,-1.9602112,0.12464838474988937,0.7089999914169312,0.49790000915527344
YOL154W,YOR124C,0,-1.9603002,0.12462647259235382,0.7089999914169312,0.49799999594688416
YDL202W,YOR349W,0,-1.9603313,0.12460456788539886,0.7089999914169312,0.49810001254081726
YAL044C,YML029W,0,-1.9604236,0.1245826780796051,0.7089999914169312,0.498199999332428
YHL013C,YIL043C,0,-1.960498,0.12456078827381134,0.7089999914169312,0.4982999861240387
YNR076W,YGL191W,0,-1.9605352,0.12453890591859818,0.7089999914169312,0.4984000027179718
YHL035C,YBR034C,0,-1.9605757,0.1245170384645462,0.7089999914169312,0.4984999895095825
YER116C,YJL103C,0,-1.9605988,0.12449517101049423,0.7089999914169312,0.4986000061035156
YLL050C,YLR467W,0,-1.96096,0.12447331100702286,0.7089999914169312,0.49869999289512634
YLR121C,YGL091C,0,-1.9611169,0.12445146590471268,0.7089999914169312,0.49880000948905945
YDL046W,YNL080C,0,-1.9613292,0.1244296208024025,0.7089999914169312,0.49889999628067017
YGR198W,YBR023C,0,-1.9614352,0.12440779060125351,0.7089999914169312,0.49900001287460327
YBL023C,YOR153W,0,-1.9616055,0.12438596785068512,0.7089999914169312,0.499099999666214
YMR152W,YFR002W,0,-1.9617425,0.12436414510011673,0.7089999914169312,0.4991999864578247
YBR149W,YML095C,0,-1.9617925,0.12434233725070953,0.7089999914169312,0.4993000030517578
YDL102W,YJL133W,0,-1.9619031,0.12432052940130234,0.7089999914169312,0.49939998984336853
YPL258C,YHR135C,0,-1.9619111,0.12429873645305634,0.7089999914169312,0.49950000643730164
YJR010C-A,YDL175C,0,-1.9619194,0.12427695095539093,0.7089999914169312,0.49959999322891235
YNL293W,YBR212W,0,-1.9620322,0.12425517290830612,0.7089999914169312,0.49970000982284546
YDL014W,YPL113C,0,-1.9620552,0.12423339486122131,0.7089999914169312,0.4997999966144562
YJL061W,YBR043C,0,-1.962089,0.1242116317152977,0.7089999914169312,0.4999000132083893
YHR069C,YOR067C,0,-1.9623027,0.12418987601995468,0.7089999914169312,0.5
YDR270W,YNL273W,0,-1.962316,0.12416812777519226,0.7089999914169312,0.5001000165939331
YCR104W,YLR440C,0,-1.9623598,0.12414638698101044,0.7089999914169312,0.5001999735832214
YOL006C,YPR140W,0,-1.9624158,0.12412464618682861,0.7089999914169312,0.5002999901771545
YGL261C,YDR447C,0,-1.9624609,0.12410292029380798,0.7089999914169312,0.5004000067710876
YMR315W,YCR072C,0,-1.962471,0.12408120185136795,0.7089999914169312,0.5005000233650208
YDR430C,YER019W,0,-1.9625846,0.12405949085950851,0.7089999914169312,0.5005999803543091
YDR093W,YER165W,0,-1.962699,0.12403778731822968,0.7089999914169312,0.5006999969482422
YNL066W,YAL017W,0,-1.9627846,0.12401609122753143,0.7089999914169312,0.5008000135421753
YMR060C,YOL154W,0,-1.9627937,0.12399440258741379,0.7089999914169312,0.5008999705314636
YOL111C,YHR118C,0,-1.962859,0.12397272139787674,0.7089999914169312,0.5009999871253967
YDR229W,YIL026C,0,-1.9633366,0.12395104765892029,0.7089999914169312,0.5011000037193298
YHR170W,YOL103W,0,-1.9633404,0.12392938137054443,0.7089999914169312,0.5012000203132629
YER019C-A,YMR120C,0,-1.9633788,0.12390772253274918,0.7089999914169312,0.5012999773025513
YHR042W,YNL002C,0,-1.9635488,0.12388607114553452,0.7089999914169312,0.5013999938964844
YMR319C,YIL138C,0,-1.9639183,0.12386442720890045,0.7089999914169312,0.5015000104904175
YJR094W-A,YER083C,0,-1.9639286,0.12384279817342758,0.7089999914169312,0.5016000270843506
YHR031C,YNR063W,0,-1.9643631,0.12382116913795471,0.7089999914169312,0.5016999840736389
YJR127C,YLR166C,0,-1.9646757,0.12379954755306244,0.7089999914169312,0.501800000667572
YDL174C,YFR037C,0,-1.9647883,0.12377793341875076,0.7089999914169312,0.5019000172615051
YOL084W,YMR262W,0,-1.9648033,0.12375632673501968,0.7089999914169312,0.5019999742507935
YKL062W,YLR167W,0,-1.9649258,0.1237347275018692,0.7089999914169312,0.5020999908447266
YNL065W,YDR308C,0,-1.9651599,0.12371313571929932,0.7089999914169312,0.5022000074386597
YER157W,YLL050C,0,-1.9651852,0.12369155883789062,0.7089999914169312,0.5023000240325928
YKL132C,YML064C,0,-1.96525,0.12366998195648193,0.7089999914169312,0.5023999810218811
YPL043W,YMR158W,0,-1.9653906,0.12364841252565384,0.7089999914169312,0.5024999976158142
YGL033W,YLR167W,0,-1.9655721,0.12362685054540634,0.7089999914169312,0.5026000142097473
YBR083W,YER020W,0,-1.9662266,0.12360530346632004,0.7089999914169312,0.5026999711990356
YDR084C,YMR305C,0,-1.9664046,0.12358375638723373,0.7089999914169312,0.5027999877929688
YBR212W,YDL047W,0,-1.966486,0.12356221675872803,0.7089999914169312,0.5029000043869019
YHR096C,YNL258C,0,-1.9665686,0.12354068458080292,0.7089999914169312,0.503000020980835
YDL015C,YGR058W,0,-1.9667014,0.123519167304039,0.7089999914169312,0.5030999779701233
YHR094C,YIR035C,0,-1.9668813,0.12349765002727509,0.7089999914169312,0.5031999945640564
YDR524C,YGR181W,0,-1.966887,0.12347614020109177,0.7089999914169312,0.5033000111579895
YCR079W,YOR285W,0,-1.9670993,0.12345463782548904,0.7089999914169312,0.5034000277519226
YDR143C,YBL066C,0,-1.9673158,0.12343315035104752,0.7089999914169312,0.5034999847412109
YDL199C,YFR053C,1,-1.9675418,0.12358572334051132,0.7099999785423279,0.5034999847412109
YNL032W,YDL054C,0,-1.9677066,0.1235642209649086,0.7099999785423279,0.503600001335144
YHR111W,YLR340W,0,-1.9681664,0.12354271858930588,0.7099999785423279,0.5037000179290771
YBR029C,YLR450W,0,-1.9682279,0.12352122366428375,0.7099999785423279,0.5037999749183655
YKR058W,YDR198C,0,-1.9684724,0.12349973618984222,0.7099999785423279,0.5038999915122986
YKL062W,YDL036C,0,-1.9688984,0.12347826361656189,0.7099999785423279,0.5040000081062317
YPR041W,YLR188W,0,-1.9693532,0.12345679104328156,0.7099999785423279,0.5041000247001648
YOR354C,YGR038W,0,-1.9694268,0.12343532592058182,0.7099999785423279,0.5041999816894531
YBL069W,YCR091W,0,-1.9695307,0.12341386824846268,0.7099999785423279,0.5042999982833862
YMR032W,YLR097C,0,-1.9697384,0.12339242547750473,0.7099999785423279,0.5044000148773193
YLR307W,YOR095C,0,-1.9697422,0.12337098270654678,0.7099999785423279,0.5044999718666077
YDR164C,YOL111C,0,-1.9697492,0.12334954738616943,0.7099999785423279,0.5045999884605408
YCR089W,YKL175W,0,-1.969843,0.12332811951637268,0.7099999785423279,0.5047000050544739
YIL082W-A,YJL191W,0,-1.9700617,0.12330670654773712,0.7099999785423279,0.504800021648407
YBR143C,YJR119C,0,-1.9700758,0.12328529357910156,0.7099999785423279,0.5048999786376953
YNL112W,YJL140W,0,-1.9703285,0.1232638880610466,0.7099999785423279,0.5049999952316284
YLR414C,YBR025C,0,-1.9705986,0.12324248999357224,0.7099999785423279,0.5051000118255615
YIL033C,YLR058C,0,-1.9706447,0.12322110682725906,0.7099999785423279,0.5052000284194946
YJR160C,YDL194W,1,-1.9707873,0.12337324023246765,0.7110000252723694,0.5052000284194946
YOR101W,YJL186W,0,-1.9709407,0.12335184216499329,0.7110000252723694,0.505299985408783
YNL160W,YJL053W,0,-1.9713482,0.12333044409751892,0.7110000252723694,0.5054000020027161
YJR060W,YIL031W,0,-1.9713689,0.12330905348062515,0.7110000252723694,0.5055000185966492
YDR277C,YDL247W,1,-1.9714493,0.12346107512712479,0.7120000123977661,0.5055000185966492
YBR167C,YOR062C,0,-1.9714605,0.12343966960906982,0.7120000123977661,0.5055999755859375
YKL101W,YPL258C,0,-1.9717898,0.12341827154159546,0.7120000123977661,0.5056999921798706
YMR114C,YCR027C,0,-1.9722284,0.12339688092470169,0.7120000123977661,0.5058000087738037
YGR083C,YCL005W,0,-1.9722358,0.12337549775838852,0.7120000123977661,0.5059000253677368
YGL073W,YML081W,0,-1.972346,0.12335412204265594,0.7120000123977661,0.5059999823570251
YHL022C,YOR177C,0,-1.9723599,0.12333275377750397,0.7120000123977661,0.5060999989509583
YEL034W,YMR315W,0,-1.9730121,0.12331139296293259,0.7120000123977661,0.5062000155448914
YMR213W,YLR083C,0,-1.9732077,0.1232900395989418,0.7120000123977661,0.5062999725341797
YHR176W,YGR264C,0,-1.9734329,0.12326870113611221,0.7120000123977661,0.5063999891281128
YHR036W,YDR084C,0,-1.9735029,0.12324736267328262,0.7120000123977661,0.5065000057220459
YCL040W,YBL020W,1,-1.973518,0.12339910119771957,0.7129999995231628,0.5065000057220459
YBR296C,YLL040C,0,-1.9739076,0.12337774783372879,0.7129999995231628,0.506600022315979
YIR009W,YMR158W,0,-1.9740942,0.1233564019203186,0.7129999995231628,0.5066999793052673
YLR410W,YBL093C,0,-1.9741309,0.12333506345748901,0.7129999995231628,0.5067999958992004
YDR007W,YOR089C,0,-1.9741818,0.12331373244524002,0.7129999995231628,0.5069000124931335
YCR060W,YGR250C,0,-1.9743885,0.12329240888357162,0.7129999995231628,0.5070000290870667
YGL231C,YDR223W,0,-1.9744828,0.12327109277248383,0.7129999995231628,0.507099986076355
YAL060W,YHL007C,0,-1.9746412,0.12324978411197662,0.7129999995231628,0.5072000026702881
YOL111C,YML074C,0,-1.9747347,0.12322848290205002,0.7129999995231628,0.5073000192642212
YGR084C,YMR011W,0,-1.9748319,0.12320718914270401,0.7129999995231628,0.5073999762535095
YPL128C,YML086C,0,-1.9750257,0.1231859028339386,0.7129999995231628,0.5074999928474426
YGL111W,YOL019W,0,-1.9750367,0.12316462397575378,0.7129999995231628,0.5076000094413757
YOR148C,YPR140W,0,-1.975062,0.12314335256814957,0.7129999995231628,0.5077000260353088
YBL064C,YBR212W,0,-1.9751072,0.12312208861112595,0.7129999995231628,0.5077999830245972
YNL273W,YDL214C,0,-1.9751223,0.12310083210468292,0.7129999995231628,0.5078999996185303
YBL064C,YDR198C,0,-1.9751521,0.1230795755982399,0.7129999995231628,0.5080000162124634
YGL234W,YBR143C,0,-1.9751579,0.12305833399295807,0.7129999995231628,0.5080999732017517
YCL052C,YCR058C,0,-1.9753162,0.12303709983825684,0.7129999995231628,0.5081999897956848
YJR141W,YER116C,0,-1.9755303,0.1230158731341362,0.7129999995231628,0.5083000063896179
YOR152C,YLR060W,0,-1.9758598,0.12299465388059616,0.7129999995231628,0.508400022983551
YBL023C,YGL001C,0,-1.9760584,0.12297344207763672,0.7129999995231628,0.5084999799728394
YDR282C,YGR101W,0,-1.9763753,0.12295223027467728,0.7129999995231628,0.5085999965667725
YLR002C,YBR043C,0,-1.9767603,0.12293103337287903,0.7129999995231628,0.5087000131607056
YGL137W,YGL054C,0,-1.976902,0.12290984392166138,0.7129999995231628,0.5088000297546387
YMR203W,YIL053W,0,-1.977077,0.12288866192102432,0.7129999995231628,0.508899986743927
YDL141W,YOR322C,0,-1.9771123,0.12286747992038727,0.7129999995231628,0.5090000033378601
YHR035W,YOL157C,0,-1.9772141,0.12284631282091141,0.7129999995231628,0.5091000199317932
YBL056W,YOR177C,0,-1.977472,0.12282515317201614,0.7129999995231628,0.5091999769210815
YGR238C,YGL240W,0,-1.9776431,0.12280399352312088,0.7129999995231628,0.5092999935150146
YIL036W,YPL169C,0,-1.9777663,0.12278284877538681,0.7129999995231628,0.5094000101089478
YGR033C,YNR053C,0,-1.9777757,0.12276171147823334,0.7129999995231628,0.5095000267028809
YNR063W,YGR034W,0,-1.9778672,0.12274057418107986,0.7129999995231628,0.5095999836921692
YGL123W,YKL094W,0,-1.9783784,0.12271945178508759,0.7129999995231628,0.5097000002861023
YDR524C,YKL188C,0,-1.9784299,0.1226983293890953,0.7129999995231628,0.5098000168800354
YDL199C,YDL247W,1,-1.9785324,0.12284927815198898,0.7139999866485596,0.5098000168800354
YJR158W,YHR096C,1,-1.978542,0.12300017476081848,0.7149999737739563,0.5098000168800354
YPL026C,YER039C,1,-1.9786319,0.1231510117650032,0.7160000205039978,0.5098000168800354
YBR271W,YML088W,0,-1.9786695,0.12312983721494675,0.7160000205039978,0.5098999738693237
YJR044C,YBL074C,0,-1.9789712,0.12310866266489029,0.7160000205039978,0.5099999904632568
YOR258W,YDR403W,0,-1.979097,0.12308750301599503,0.7160000205039978,0.5101000070571899
YGL226C-A,YLR342W,0,-1.9791732,0.12306634336709976,0.7160000205039978,0.510200023651123
YJR113C,YOL070C,0,-1.9792095,0.12304519861936569,0.7160000205039978,0.5102999806404114
YJL047C,YPL018W,0,-1.9795613,0.12302405387163162,0.7160000205039978,0.5103999972343445
YNL261W,YLR418C,0,-1.9796888,0.12300292402505875,0.7160000205039978,0.5105000138282776
YDR310C,YLR453C,0,-1.9797659,0.12298179417848587,0.7160000205039978,0.5105999708175659
YMR152W,YGL099W,0,-1.9798658,0.12296067178249359,0.7160000205039978,0.510699987411499
YBL025W,YLR347C,0,-1.9799267,0.12293955683708191,0.7160000205039978,0.5108000040054321
YNR001C,YFL037W,0,-1.9800309,0.12291845679283142,0.7160000205039978,0.5109000205993652
YOR204W,YMR283C,0,-1.9802083,0.12289735674858093,0.7160000205039978,0.5109999775886536
YJL076W,YDR319C,0,-1.9802233,0.12287626415491104,0.7160000205039978,0.5110999941825867
YJL187C,YKR072C,0,-1.9802822,0.12285517901182175,0.7160000205039978,0.5112000107765198
YHL003C,YEL017C-A,0,-1.9803182,0.12283410876989365,0.7160000205039978,0.5113000273704529
YGR097W,YDR345C,1,-1.9803808,0.12298456579446793,0.7170000076293945,0.5113000273704529
YPL043W,YLR023C,0,-1.9804562,0.12296347320079803,0.7170000076293945,0.5113999843597412
YGR084C,YBR143C,0,-1.9805288,0.12294238805770874,0.7170000076293945,0.5115000009536743
YDL235C,YLR414C,0,-1.9806463,0.12292131036520004,0.7170000076293945,0.5116000175476074
YKL054C,YCR027C,0,-1.9806589,0.12290024012327194,0.7170000076293945,0.5116999745368958
YDR093W,YNL048W,0,-1.9808524,0.12287917733192444,0.7170000076293945,0.5117999911308289
YJR010C-A,YAL051W,0,-1.9814336,0.12285812199115753,0.7170000076293945,0.511900007724762
YDR143C,YKL120W,0,-1.9815766,0.12283707410097122,0.7170000076293945,0.5120000243186951
YNL032W,YDR512C,0,-1.9816349,0.12281603366136551,0.7170000076293945,0.5120999813079834
YNR063W,YHR135C,0,-1.9816786,0.1227950006723404,0.7170000076293945,0.5121999979019165
YOR039W,YBR153W,0,-1.9816898,0.12277397513389587,0.7170000076293945,0.5123000144958496
YMR203W,YOL115W,0,-1.9817055,0.12275294959545135,0.7170000076293945,0.5123999714851379
YDR064W,YIL120W,0,-1.9817315,0.12273193895816803,0.7170000076293945,0.512499988079071
YNL118C,YPR111W,0,-1.9819081,0.1227109357714653,0.7170000076293945,0.5126000046730042
YIL036W,YDR473C,0,-1.981912,0.12268994003534317,0.7170000076293945,0.5127000212669373
YDL102W,YCL061C,0,-1.9821798,0.12266894429922104,0.7170000076293945,0.5127999782562256
YCR105W,YJL180C,0,-1.9822906,0.1226479634642601,0.7170000076293945,0.5128999948501587
YHL020C,YAR033W,0,-1.982458,0.12262699007987976,0.7170000076293945,0.5130000114440918
YPR110C,YJL156C,0,-1.9825505,0.12260601669549942,0.7170000076293945,0.5131000280380249
YBL057C,YCR005C,0,-1.982649,0.12258505821228027,0.7170000076293945,0.5131999850273132
YDL085W,YCL063W,0,-1.9826992,0.12256409972906113,0.7170000076293945,0.5133000016212463
YKL058W,YDL103C,0,-1.9830338,0.12254315614700317,0.7170000076293945,0.5134000182151794
YEL012W,YIL030C,0,-1.9832718,0.12252221256494522,0.7170000076293945,0.5134999752044678
YBR298C,YHR094C,1,-1.9833579,0.12267213314771652,0.7179999947547913,0.5134999752044678
YNL032W,YGR277C,0,-1.983422,0.12265118211507797,0.7179999947547913,0.5135999917984009
YGR223C,YHR071W,0,-1.9834656,0.12263023108243942,0.7179999947547913,0.513700008392334
YDR524C,YOR016C,0,-1.9834807,0.12260928750038147,0.7179999947547913,0.5138000249862671
YMR158W,YPL259C,0,-1.9836425,0.12258835881948471,0.7179999947547913,0.5138999819755554
YMR203W,YDR463W,0,-1.9837464,0.12256743013858795,0.7179999947547913,0.5139999985694885
YGL231C,YBR018C,0,-1.9837717,0.12254650890827179,0.7179999947547913,0.5141000151634216
YBR020W,YGR002C,0,-1.9838566,0.12252559512853622,0.7179999947547913,0.51419997215271
YJR160C,YDL247W,1,-1.9838839,0.12267531454563141,0.718999981880188,0.51419997215271
YDL138W,YDL247W,1,-1.9841151,0.12282497435808182,0.7200000286102295,0.51419997215271
YPL037C,YGR224W,0,-1.984307,0.12280402332544327,0.7200000286102295,0.5142999887466431
YML027W,YMR306W,0,-1.9844273,0.12278307974338531,0.7200000286102295,0.5144000053405762
YHL030W,YOR047C,0,-1.9847833,0.12276215106248856,0.7200000286102295,0.5145000219345093
YCR096C,YLR441C,0,-1.9849501,0.1227412223815918,0.7200000286102295,0.5145999789237976
YPR026W,YDL247W,1,-1.9850742,0.12289074808359146,0.7210000157356262,0.5145999789237976
YOR016C,YDR439W,0,-1.9851037,0.12286980450153351,0.7210000157356262,0.5146999955177307
YHR064C,YGR047C,0,-1.9851831,0.12284886837005615,0.7210000157356262,0.5148000121116638
YOL064C,YLR120C,0,-1.9853512,0.1228279396891594,0.7210000157356262,0.5149000287055969
YPL214C,YKR101W,0,-1.9856668,0.12280701845884323,0.7210000157356262,0.5149999856948853
YNL045W,YPR113W,0,-1.9857284,0.12278610467910767,0.7210000157356262,0.5151000022888184
YOR261C,YIL051C,0,-1.9862727,0.1227651983499527,0.7210000157356262,0.5152000188827515
YJR059W,YGR127W,0,-1.9869148,0.12274429947137833,0.7210000157356262,0.5152999758720398
YER066W,YOR285W,0,-1.9869252,0.12272340059280396,0.7210000157356262,0.5153999924659729
YOR134W,YAR071W,0,-1.9872488,0.12270251661539078,0.7210000157356262,0.515500009059906
YMR203W,YLR355C,0,-1.9873525,0.1226816400885582,0.7210000157356262,0.5156000256538391
YAR033W,YBR050C,0,-1.9874307,0.12266077101230621,0.7210000157356262,0.5156999826431274
YKL064W,YBL066C,0,-1.9875313,0.12263990193605423,0.7210000157356262,0.5157999992370605
YIL033C,YEL017C-A,0,-1.9877309,0.12261904776096344,0.7210000157356262,0.5159000158309937
YLR390W,YGL017W,0,-1.9878181,0.12259820103645325,0.7210000157356262,0.515999972820282
YBR021W,YDR219C,0,-1.9878705,0.12257735431194305,0.7210000157356262,0.5160999894142151
YNR043W,YHR138C,0,-1.9879273,0.12255652248859406,0.7210000157356262,0.5162000060081482
YBR083W,YGR016W,0,-1.9882516,0.12253569066524506,0.7210000157356262,0.5163000226020813
YDR387C,YPL189W,1,-1.9883574,0.1226847916841507,0.722000002861023,0.5163000226020813
YDR105C,YGL017W,0,-1.98838,0.1226639449596405,0.722000002861023,0.5163999795913696
YML059C,YKR029C,0,-1.9886202,0.1226431131362915,0.722000002861023,0.5164999961853027
YHR162W,YBL013W,0,-1.9887153,0.1226222813129425,0.722000002861023,0.5166000127792358
YMR300C,YDL014W,0,-1.9887727,0.1226014569401741,0.722000002861023,0.516700029373169
YIL104C,YNL029C,0,-1.9888985,0.1225806474685669,0.722000002861023,0.5167999863624573
YDL047W,YPL196W,0,-1.9896015,0.12255983799695969,0.722000002861023,0.5169000029563904
YKL119C,YPL045W,0,-1.9897071,0.12253903597593307,0.722000002861023,0.5170000195503235
YLR081W,YNR072W,1,-1.989867,0.1226879358291626,0.7229999899864197,0.5170000195503235
YNL318C,YDL247W,1,-1.9898773,0.12283678352832794,0.7239999771118164,0.5170000195503235
YJL065C,YNL096C,0,-1.9899486,0.12281594425439835,0.7239999771118164,0.5170999765396118
YMR109W,YGL195W,0,-1.9901493,0.12279511243104935,0.7239999771118164,0.5171999931335449
YJR007W,YCR089W,0,-1.990164,0.12277429550886154,0.7239999771118164,0.517300009727478
YPL004C,YKL144C,0,-1.990228,0.12275347858667374,0.7239999771118164,0.5174000263214111
YKL046C,YBL093C,0,-1.9902484,0.12273266911506653,0.7239999771118164,0.5174999833106995
YLL050C,YDR299W,0,-1.9903038,0.12271186709403992,0.7239999771118164,0.5175999999046326
YPL130W,YLR265C,0,-1.9905423,0.1226910725235939,0.7239999771118164,0.5177000164985657
YAR015W,YCR067C,0,-1.9905757,0.12267027795314789,0.7239999771118164,0.517799973487854
YLR425W,YLR356W,0,-1.9906391,0.12264949828386307,0.7239999771118164,0.5178999900817871
YNL063W,YCR018C,0,-1.9907423,0.12262872606515884,0.7239999771118164,0.5180000066757202
YBR050C,YBR153W,0,-1.990852,0.12260796129703522,0.7239999771118164,0.5181000232696533
YBR007C,YPR181C,0,-1.9908849,0.12258719652891159,0.7239999771118164,0.5181999802589417
YMR111C,YPL258C,0,-1.990919,0.12256644666194916,0.7239999771118164,0.5182999968528748
YGR221C,YDL054C,0,-1.9909419,0.12254570424556732,0.7239999771118164,0.5184000134468079
YJL115W,YHL035C,0,-1.9910138,0.12252496182918549,0.7239999771118164,0.5184999704360962
YLR371W,YAL010C,0,-1.9910462,0.12250422686338425,0.7239999771118164,0.5185999870300293
YDR277C,YDR536W,1,-1.9911085,0.12265267968177795,0.7250000238418579,0.5185999870300293
YAL051W,YKL104C,0,-1.9914469,0.12263193726539612,0.7250000238418579,0.5187000036239624
YAR007C,YGR282C,0,-1.9915394,0.12261119484901428,0.7250000238418579,0.5188000202178955
YKL184W,YBR240C,0,-1.992002,0.12259045988321304,0.7250000238418579,0.5188999772071838
YKL165C,YPL001W,0,-1.9925708,0.122569739818573,0.7250000238418579,0.5189999938011169
YDL121C,YLR206W,0,-1.992655,0.12254901975393295,0.7250000238418579,0.51910001039505
YFR053C,YHR092C,1,-1.9932228,0.12269731611013412,0.7260000109672546,0.51910001039505
YDR312W,YDL015C,0,-1.9932842,0.12267658114433289,0.7260000109672546,0.5192000269889832
YDR181C,YLR060W,0,-1.9934269,0.12265585362911224,0.7260000109672546,0.5192999839782715
YLR271W,YLR435W,0,-1.9934483,0.1226351335644722,0.7260000109672546,0.5194000005722046
YDL194W,YPL211W,0,-1.9934585,0.12261442095041275,0.7260000109672546,0.5195000171661377
YHR118C,YGR135W,0,-1.993485,0.1225937157869339,0.7260000109672546,0.519599974155426
YGL084C,YGR097W,1,-1.9935291,0.12274185568094254,0.7269999980926514,0.519599974155426
YKL120W,YAL021C,0,-1.9935311,0.12272113561630249,0.7269999980926514,0.5196999907493591
YFL049W,YLR249W,0,-1.9937444,0.12270042300224304,0.7269999980926514,0.5198000073432922
YOL084W,YBR265W,0,-1.9937623,0.12267971783876419,0.7269999980926514,0.5199000239372253
YPL027W,YMR053C,0,-1.9939357,0.12265902012586594,0.7269999980926514,0.5199999809265137
YCR067C,YJL107C,0,-1.9940165,0.12263832986354828,0.7269999980926514,0.5200999975204468
YJR088C,YJL206C,0,-1.9941326,0.12261763960123062,0.7269999980926514,0.5202000141143799
YMR319C,YJR085C,0,-1.9941968,0.12259696424007416,0.7269999980926514,0.5202999711036682
YGL224C,YPR005C,0,-1.9944965,0.12257629632949829,0.7269999980926514,0.5203999876976013
YER039C,YPR145W,0,-1.9946635,0.12255562841892242,0.7269999980926514,0.5205000042915344
YDR260C,YER007W,0,-1.9947323,0.12253497540950775,0.7269999980926514,0.5206000208854675
YDR103W,YHR134W,0,-1.9947323,0.12251432240009308,0.7269999980926514,0.5206999778747559
YNR001C,YDR251W,0,-1.9947697,0.1224936842918396,0.7269999980926514,0.520799994468689
YBL084C,YIL112W,0,-1.9949092,0.12247304618358612,0.7269999980926514,0.5209000110626221
YNR007C,YNL325C,0,-1.9952048,0.12245241552591324,0.7269999980926514,0.5210000276565552
YML059C,YKL184W,0,-1.9956076,0.12243179231882095,0.7269999980926514,0.5210999846458435
YER015W,YBR278W,0,-1.9956528,0.12241118401288986,0.7269999980926514,0.5212000012397766
YNL132W,YOR163W,0,-1.9957672,0.12239057570695877,0.7269999980926514,0.5213000178337097
YOL102C,YDL170W,0,-1.9958569,0.12236997485160828,0.7269999980926514,0.521399974822998
YEL016C,YDR261C,0,-1.9958888,0.12234937399625778,0.7269999980926514,0.5214999914169312
YIL136W,YLR340W,0,-1.9959315,0.12232878804206848,0.7269999980926514,0.5216000080108643
YPL027W,YIL138C,0,-1.9959921,0.12230820953845978,0.7269999980926514,0.5217000246047974
YPL018W,YDL170W,0,-1.9961647,0.12228763848543167,0.7269999980926514,0.5217999815940857
YOR272W,YER019C-A,0,-1.9967347,0.12226706743240356,0.7269999980926514,0.5218999981880188
YEL004W,YDR342C,1,-1.9968106,0.12241466343402863,0.7279999852180481,0.5218999981880188
YLR051C,YHL035C,0,-1.996867,0.12239408493041992,0.7279999852180481,0.5220000147819519
YDL159W,YNL048W,0,-1.9970428,0.12237350642681122,0.7279999852180481,0.5220999717712402
YNL312W,YHR135C,0,-1.9970628,0.12235294282436371,0.7279999852180481,0.5221999883651733
YGL153W,YKL058W,0,-1.9972768,0.1223323792219162,0.7279999852180481,0.5223000049591064
YJR014W,YKL085W,0,-1.9972814,0.12231183052062988,0.7279999852180481,0.5224000215530396
YHR094C,YLR083C,0,-1.9973747,0.12229128181934357,0.7279999852180481,0.5224999785423279
YPL043W,YKR094C,0,-1.9978944,0.12227074056863785,0.7279999852180481,0.522599995136261
YOR039W,YPR058W,0,-1.9987754,0.12225020676851273,0.7279999852180481,0.5227000117301941
YGR184C,YOL111C,0,-1.998835,0.1222296878695488,0.7279999852180481,0.5228000283241272
YOR229W,YCR005C,0,-1.9991052,0.12220916897058487,0.7279999852180481,0.5228999853134155
YMR263W,YNL135C,0,-1.9992253,0.12218865752220154,0.7279999852180481,0.5230000019073486
YGR085C,YKL107W,0,-1.9994966,0.1221681460738182,0.7279999852180481,0.5231000185012817
YJL158C,YNR043W,0,-1.999624,0.12214764952659607,0.7279999852180481,0.5231999754905701
YMR315W,YML081W,0,-2.000239,0.12212716042995453,0.7279999852180481,0.5232999920845032
YDL247W,YHL003C,0,-2.0003023,0.12210667878389359,0.7279999852180481,0.5234000086784363
YPL003W,YBR095C,0,-2.000387,0.12208619713783264,0.7279999852180481,0.5235000252723694
YGR184C,YLR441C,0,-2.0004766,0.12206573039293289,0.7279999852180481,0.5235999822616577
YPR009W,YLR442C,0,-2.0007584,0.12204526364803314,0.7279999852180481,0.5236999988555908
YDR093W,YMR023C,0,-2.000849,0.12202480435371399,0.7279999852180481,0.5238000154495239
YLR375W,YBR240C,0,-2.0009313,0.12200435996055603,0.7279999852180481,0.5238999724388123
YHR084W,YLL019C,0,-2.001082,0.12198391556739807,0.7279999852180481,0.5239999890327454
YDR342C,YPL166W,0,-2.0011067,0.12196347862482071,0.7279999852180481,0.5241000056266785
YJL072C,YEL049W,0,-2.001123,0.12194304913282394,0.7279999852180481,0.5242000222206116
YNL151C,YIL109C,0,-2.0011737,0.12192262709140778,0.7279999852180481,0.5242999792098999
YER039C,YPL189W,1,-2.0013883,0.12206965684890747,0.7289999723434448,0.5242999792098999
YLR298C,YBR173C,0,-2.0015383,0.12204921990633011,0.7289999723434448,0.524399995803833
YMR315W,YOR058C,0,-2.0018349,0.12202879041433334,0.7289999723434448,0.5245000123977661
YOL142W,YNL223W,0,-2.0019433,0.12200836837291718,0.7289999723434448,0.5246000289916992
YJR044C,YNR054C,0,-2.0022542,0.1219879537820816,0.7289999723434448,0.5246999859809875
YER039C,YMR027W,0,-2.0024192,0.12196753919124603,0.7289999723434448,0.5248000025749207
YHR117W,YBL057C,0,-2.0024397,0.12194713950157166,0.7289999723434448,0.5249000191688538
YGL168W,YFL017C,0,-2.002743,0.12192674726247787,0.7289999723434448,0.5249999761581421
YEL019C,YPL001W,0,-2.002749,0.1219063550233841,0.7289999723434448,0.5250999927520752
YIL104C,YER019W,0,-2.0027688,0.12188597023487091,0.7289999723434448,0.5252000093460083
YNL312W,YGR262C,0,-2.0037012,0.12186560034751892,0.7289999723434448,0.5253000259399414
YPL214C,YDL229W,0,-2.0038555,0.12184523046016693,0.7289999723434448,0.5253999829292297
YOL012C,YER070W,0,-2.0042994,0.12182486802339554,0.7289999723434448,0.5254999995231628
YJL047C,YDR066C,0,-2.0043883,0.12180451303720474,0.7289999723434448,0.525600016117096
YOR204W,YLR007W,0,-2.0044281,0.12178416550159454,0.7289999723434448,0.5256999731063843
YJL053W,YCR091W,0,-2.0046008,0.12176381796598434,0.7289999723434448,0.5257999897003174
YIL112W,YMR023C,0,-2.0046175,0.12174348533153534,0.7289999723434448,0.5259000062942505
YPL143W,YNR071C,0,-2.0046291,0.12172316014766693,0.7289999723434448,0.5260000228881836
YCR012W,YNL009W,0,-2.0046852,0.12170283496379852,0.7289999723434448,0.5260999798774719
YHR035W,YBL027W,0,-2.0048437,0.12168252468109131,0.7289999723434448,0.526199996471405
YLR430W,YGL161C,0,-2.0049746,0.1216622143983841,0.7289999723434448,0.5263000130653381
YDR319C,YGL186C,0,-2.0050485,0.12164191901683807,0.7289999723434448,0.5264000296592712
YIL018W,YDR253C,0,-2.005134,0.12162162363529205,0.7289999723434448,0.5264999866485596
YPL172C,YNL146W,0,-2.0052903,0.12160133570432663,0.7289999723434448,0.5266000032424927
YJR085C,YBR079C,0,-2.0053146,0.1215810552239418,0.7289999723434448,0.5267000198364258
YCL032W,YDR315C,0,-2.0058236,0.12156078219413757,0.7289999723434448,0.5267999768257141
YPL072W,YDR308C,0,-2.0058887,0.12154051661491394,0.7289999723434448,0.5268999934196472
YEL004W,YDR345C,1,-2.0060291,0.12168695032596588,0.7300000190734863,0.5268999934196472
YKL132C,YEL064C,0,-2.0061536,0.12166666984558105,0.7300000190734863,0.5270000100135803
YGL094C,YPL189W,0,-2.006222,0.12164638936519623,0.7300000190734863,0.5271000266075134
YJR160C,YBL069W,0,-2.0065165,0.1216261237859726,0.7300000190734863,0.5271999835968018
YDR260C,YDR373W,0,-2.0068169,0.12160586565732956,0.7300000190734863,0.5273000001907349
YDR524C,YMR232W,0,-2.0068228,0.12158560752868652,0.7300000190734863,0.527400016784668
YER039C,YDL007W,0,-2.0068727,0.12156536430120468,0.7300000190734863,0.5274999737739563
YHR092C,YEL069C,1,-2.0069332,0.1217116191983223,0.7310000061988831,0.5274999737739563
YOR096W,YLR172C,0,-2.007691,0.12169136106967926,0.7310000061988831,0.5275999903678894
YER074W,YNL223W,0,-2.0077662,0.12167110294103622,0.7310000061988831,0.5277000069618225
YPL166W,YBR021W,0,-2.0078142,0.12165085971355438,0.7310000061988831,0.5278000235557556
YMR283C,YMR012W,0,-2.0078337,0.12163061648607254,0.7310000061988831,0.527899980545044
YPR005C,YGL033W,0,-2.0078597,0.1216103807091713,0.7310000061988831,0.527999997138977
YFR053C,YPR115W,1,-2.0081728,0.12175648659467697,0.7319999933242798,0.527999997138977
YHL032C,YGL161C,0,-2.0084124,0.12173623591661453,0.7319999933242798,0.5281000137329102
YBR241C,YPL244C,1,-2.0088048,0.12188227474689484,0.7329999804496765,0.5281000137329102
YGL057C,YNL308C,0,-2.008858,0.1218620091676712,0.7329999804496765,0.5281999707221985
YCL040W,YLL043W,1,-2.0090954,0.12200798094272614,0.734000027179718,0.5281999707221985
YGR097W,YHR092C,1,-2.0093932,0.12215390056371689,0.7350000143051147,0.5281999707221985
YMR036C,YKR058W,0,-2.0097628,0.12213359773159027,0.7350000143051147,0.5282999873161316
YCR005C,YKL072W,0,-2.009945,0.12211330980062485,0.7350000143051147,0.5284000039100647
YJL025W,YLR260W,0,-2.0099857,0.12209302186965942,0.7350000143051147,0.5285000205039978
YPR005C,YKR021W,0,-2.0101445,0.1220727488398552,0.7350000143051147,0.5285999774932861
YDR164C,YHR042W,0,-2.0104194,0.12205247581005096,0.7350000143051147,0.5286999940872192
YPR188C,YDR261C,0,-2.0104818,0.12203221023082733,0.7350000143051147,0.5288000106811523
YHR176W,YBL066C,0,-2.0104885,0.1220119521021843,0.7350000143051147,0.5289000272750854
YCR032W,YLR399C,0,-2.0104978,0.12199170142412186,0.7350000143051147,0.5289999842643738
YDR282C,YOL053W,0,-2.0106142,0.12197145819664001,0.7350000143051147,0.5291000008583069
YOR247W,YER018C,0,-2.0106199,0.12195122241973877,0.7350000143051147,0.52920001745224
YGL111W,YJR113C,0,-2.0106227,0.12193098664283752,0.7350000143051147,0.5292999744415283
YDR261C,YLR007W,0,-2.0110848,0.12191076576709747,0.7350000143051147,0.5293999910354614
YOR231W,YDR525W-A,0,-2.0112169,0.12189054489135742,0.7350000143051147,0.5295000076293945
YDR512C,YBR265W,0,-2.0114026,0.12187033891677856,0.7350000143051147,0.5296000242233276
YLL039C,YKR094C,0,-2.0114777,0.12185013294219971,0.7350000143051147,0.529699981212616
YMR283C,YDR103W,0,-2.0114927,0.12182993441820145,0.7350000143051147,0.5297999978065491
YJR125C,YKL058W,0,-2.011895,0.12180974334478378,0.7350000143051147,0.5299000144004822
YGL226C-A,YLR188W,0,-2.0121684,0.12178955972194672,0.7350000143051147,0.5299999713897705
YGL123W,YAL029C,0,-2.0122936,0.12176938354969025,0.7350000143051147,0.5300999879837036
YPL143W,YGL236C,0,-2.012367,0.12174921482801437,0.7350000143051147,0.5302000045776367
YPL113C,YLR262C,0,-2.012485,0.1217290461063385,0.7350000143051147,0.5303000211715698
YOR016C,YGR033C,0,-2.0125108,0.12170889228582382,0.7350000143051147,0.5303999781608582
YJL179W,YKL185W,0,-2.012594,0.12168873846530914,0.7350000143051147,0.5304999947547913
YPR149W,YMR034C,0,-2.0125942,0.12166859954595566,0.7350000143051147,0.5306000113487244
YGL203C,YOR058C,0,-2.0126042,0.12164846062660217,0.7350000143051147,0.5307000279426575
YIL094C,YDL014W,0,-2.0126388,0.12162832915782928,0.7350000143051147,0.5307999849319458
YLR100W,YPL211W,0,-2.0126772,0.121608205139637,0.7350000143051147,0.5309000015258789
YDR342C,YBR129C,0,-2.0128176,0.1215880885720253,0.7350000143051147,0.531000018119812
YJL214W,YFR053C,1,-2.012827,0.12173337489366531,0.7360000014305115,0.531000018119812
YNL173C,YFL049W,0,-2.0128405,0.12171324342489243,0.7360000014305115,0.5310999751091003
YPL076W,YOR276W,0,-2.0129783,0.12169311940670013,0.7360000014305115,0.5311999917030334
YGR002C,YKL170W,0,-2.0131726,0.12167300283908844,0.7360000014305115,0.5313000082969666
YPL010W,YGR220C,0,-2.0133154,0.12165289372205734,0.7360000014305115,0.5314000248908997
YCL001W,YOR007C,0,-2.0134692,0.12163278460502625,0.7360000014305115,0.531499981880188
YGL210W,YLR440C,0,-2.0134752,0.12161269038915634,0.7360000014305115,0.5315999984741211
YMR070W,YLR116W,0,-2.0137036,0.12159259617328644,0.7360000014305115,0.5317000150680542
YER053C,YLR340W,0,-2.0138645,0.12157251685857773,0.7360000014305115,0.5317999720573425
YNL032W,YER165W,0,-2.0140274,0.12155243754386902,0.7360000014305115,0.5318999886512756
YDR080W,YPR005C,0,-2.014092,0.1215323656797409,0.7360000014305115,0.5320000052452087
YKL108W,YJR076C,0,-2.0142274,0.12151230126619339,0.7360000014305115,0.5321000218391418
YER157W,YOR063W,0,-2.0145183,0.12149224430322647,0.7360000014305115,0.5321999788284302
YMR267W,YPL259C,0,-2.0148947,0.12147218734025955,0.7360000014305115,0.5322999954223633
YGR289C,YHR092C,1,-2.0150583,0.1216171607375145,0.7369999885559082,0.5322999954223633
YCL040W,YNR072W,1,-2.015082,0.12176208198070526,0.7379999756813049,0.5322999954223633
YDL061C,YKR084C,0,-2.0151165,0.12174200266599655,0.7379999756813049,0.5324000120162964
YGL153W,YJL191W,0,-2.0151649,0.12172192335128784,0.7379999756813049,0.5325000286102295
YDR164C,YJL162C,0,-2.0156574,0.12170184403657913,0.7379999756813049,0.5325999855995178
YGR264C,YDR142C,0,-2.0156987,0.12168177962303162,0.7379999756813049,0.5327000021934509
YNL126W,YPL271W,0,-2.0157566,0.1216617226600647,0.7379999756813049,0.532800018787384
YMR091C,YKL180W,0,-2.0157707,0.12164166569709778,0.7379999756813049,0.5328999757766724
YGR251W,YGR173W,0,-2.015948,0.12162162363529205,0.7379999756813049,0.5329999923706055
YGL253W,YDL194W,1,-2.016036,0.1217663511633873,0.7390000224113464,0.5329999923706055
YKR065C,YLR441C,0,-2.0161228,0.12174629420042038,0.7390000224113464,0.5331000089645386
YEL047C,YMR060C,0,-2.0175848,0.12172623723745346,0.7390000224113464,0.5332000255584717
YFL002C,YBL037W,0,-2.0175955,0.12170619517564774,0.7390000224113464,0.53329998254776
YMR070W,YGR204W,0,-2.0176215,0.12168615311384201,0.7390000224113464,0.5333999991416931
YLR355C,YBL057C,0,-2.0177157,0.12166611850261688,0.7390000224113464,0.5335000157356262
YLL050C,YGL001C,0,-2.0177195,0.12164609134197235,0.7390000224113464,0.5335999727249146
YMR216C,YNL082W,0,-2.0178406,0.12162607163190842,0.7390000224113464,0.5336999893188477
YOR221C,YDR447C,0,-2.017996,0.12160605192184448,0.7390000224113464,0.5338000059127808
YHL013C,YOR007C,0,-2.018005,0.12158604711294174,0.7390000224113464,0.5339000225067139
YDL222C,YGR092W,0,-2.0180423,0.1215660497546196,0.7390000224113464,0.5339999794960022
YLL010C,YPR007C,0,-2.0181308,0.12154605239629745,0.7390000224113464,0.5340999960899353
YJR158W,YGR155W,0,-2.018225,0.12152606248855591,0.7390000224113464,0.5342000126838684
YER015W,YLR144C,0,-2.0188677,0.12150608003139496,0.7390000224113464,0.5343000292778015
YOR134W,YPR058W,0,-2.0189161,0.1214861124753952,0.7390000224113464,0.5343999862670898
YAL005C,YOR177C,0,-2.0189507,0.12146613746881485,0.7390000224113464,0.534500002861023
YKL003C,YOR299W,0,-2.0191483,0.12144617736339569,0.7390000224113464,0.534600019454956
YAR015W,YJL097W,0,-2.0191774,0.12142622470855713,0.7390000224113464,0.5346999764442444
YGR020C,YBL106C,0,-2.0192866,0.12140627205371857,0.7390000224113464,0.5347999930381775
YOR258W,YBR240C,0,-2.0196679,0.1213863343000412,0.7390000224113464,0.5349000096321106
YJL049W,YGL008C,0,-2.020485,0.12136639654636383,0.7390000224113464,0.5350000262260437
YLL015W,YOR310C,0,-2.0206764,0.12134646624326706,0.7390000224113464,0.535099983215332
YDL054C,YDR519W,0,-2.020759,0.12132655084133148,0.7390000224113464,0.5351999998092651
YGL226C-A,YMR213W,0,-2.0208886,0.12130662798881531,0.7390000224113464,0.5353000164031982
YDR463W,YDR367W,0,-2.0209398,0.12128672003746033,0.7390000224113464,0.5353999733924866
YJL072C,YLR160C,0,-2.0210786,0.12126681953668594,0.7390000224113464,0.5354999899864197
YBL084C,YGL195W,0,-2.0212567,0.12124692648649216,0.7390000224113464,0.5356000065803528
YKR072C,YEL013W,0,-2.0212975,0.12122703343629837,0.7390000224113464,0.5357000231742859
YMR315W,YPR147C,0,-2.0214016,0.12120714783668518,0.7390000224113464,0.5357999801635742
YCL045C,YGL191W,0,-2.0220966,0.12118727713823318,0.7390000224113464,0.5358999967575073
YHR064C,YLR167W,0,-2.0222218,0.12116740643978119,0.7390000224113464,0.5360000133514404
YLR325C,YGR284C,0,-2.022529,0.12114754319190979,0.7390000224113464,0.5360999703407288
YCR089W,YGR278W,0,-2.022536,0.12112768739461899,0.7390000224113464,0.5361999869346619
YJL052W,YJL023C,0,-2.0231664,0.12110783159732819,0.7390000224113464,0.536300003528595
YER165W,YNL312W,0,-2.0234258,0.12108799070119858,0.7390000224113464,0.5364000201225281
YHL020C,YGR038W,0,-2.0236695,0.12106814980506897,0.7390000224113464,0.5364999771118164
YKL110C,YIL112W,0,-2.0236804,0.12104832381010056,0.7390000224113464,0.5365999937057495
YGR221C,YML010W,0,-2.0238183,0.12102849781513214,0.7390000224113464,0.5367000102996826
YPR131C,YPL017C,0,-2.0238469,0.12100867927074432,0.7390000224113464,0.5368000268936157
YOR330C,YPL143W,0,-2.0243092,0.1209888681769371,0.7390000224113464,0.536899983882904
YDR260C,YJL186W,0,-2.024584,0.12096906453371048,0.7390000224113464,0.5370000004768372
YAR015W,YIL017C,0,-2.0247765,0.12094926089048386,0.7390000224113464,0.5371000170707703
YFL002C,YLR414C,0,-2.024828,0.12092947214841843,0.7390000224113464,0.5371999740600586
YOR115C,YLR369W,0,-2.0250003,0.120909683406353,0.7390000224113464,0.5372999906539917
YEL006W,YML086C,0,-2.0250337,0.12088990956544876,0.7390000224113464,0.5374000072479248
YIL043C,YEL006W,0,-2.0253918,0.12087013572454453,0.7390000224113464,0.5375000238418579
YAL034W-A,YGL203C,0,-2.0253987,0.12085036933422089,0.7390000224113464,0.5375999808311462
YER072W,YCL052C,0,-2.0253992,0.12083061039447784,0.7390000224113464,0.5376999974250793
YNL029C,YLR097C,0,-2.0256295,0.1208108514547348,0.7390000224113464,0.5378000140190125
YAL020C,YCR091W,0,-2.025753,0.12079110741615295,0.7390000224113464,0.5378999710083008
YIL138C,YPL158C,0,-2.0260832,0.1207713708281517,0.7390000224113464,0.5379999876022339
YBR072W,YFR037C,0,-2.0261803,0.12075163424015045,0.7390000224113464,0.538100004196167
YKL184W,YNL118C,0,-2.0262158,0.1207319051027298,0.7390000224113464,0.5382000207901001
YJR160C,YPR026W,1,-2.0262907,0.1208755299448967,0.7400000095367432,0.5382000207901001
YLR350W,YKL054C,0,-2.026415,0.12085579335689545,0.7400000095367432,0.5382999777793884
YGR205W,YLR220W,0,-2.0265832,0.1208360567688942,0.7400000095367432,0.5383999943733215
YKL110C,YDL103C,0,-2.026616,0.12081632763147354,0.7400000095367432,0.5385000109672546
YPR029C,YGL079W,0,-2.0270479,0.12079660594463348,0.7400000095367432,0.5386000275611877
YCR038C,YGL229C,0,-2.0272496,0.12077689170837402,0.7400000095367432,0.5386999845504761
YBR107C,YNL308C,0,-2.0273874,0.12075717747211456,0.7400000095367432,0.5388000011444092
YCL050C,YDR251W,0,-2.0273948,0.1207374781370163,0.7400000095367432,0.5389000177383423
YDL122W,YDR375C,0,-2.0276024,0.12071777880191803,0.7400000095367432,0.5389999747276306
YLR081W,YLL043W,1,-2.0276418,0.12086119502782822,0.7409999966621399,0.5389999747276306
YLR399C,YOR163W,0,-2.027645,0.12084148824214935,0.7409999966621399,0.5390999913215637
YGL111W,YJL180C,0,-2.028025,0.12082178145647049,0.7409999966621399,0.5392000079154968
YHR092C,YBL020W,1,-2.0280325,0.12096511572599411,0.7419999837875366,0.5392000079154968
YGR067C,YOR185C,0,-2.0281808,0.12094539403915405,0.7419999837875366,0.5393000245094299
YAR033W,YPR193C,0,-2.0282433,0.12092568725347519,0.7419999837875366,0.5393999814987183
YFL011W,YDR387C,1,-2.028263,0.12106892466545105,0.7429999709129333,0.5393999814987183
YBR023C,YML088W,0,-2.028443,0.12104920297861099,0.7429999709129333,0.5394999980926514
YGR097W,YHR094C,1,-2.0286763,0.12119237333536148,0.7440000176429749,0.5394999980926514
YJR092W,YMR154C,0,-2.028881,0.12117263674736023,0.7440000176429749,0.5396000146865845
YAL020C,YMR096W,0,-2.0290833,0.12115290760993958,0.7440000176429749,0.5396999716758728
YOR093C,YKR087C,0,-2.029095,0.12113317847251892,0.7440000176429749,0.5397999882698059
YKR072C,YBR045C,0,-2.0293157,0.12111346423625946,0.7440000176429749,0.539900004863739
YJL030W,YMR227C,0,-2.029375,0.12109375,0.7440000176429749,0.5400000214576721
YGL104C,YFL054C,1,-2.0294313,0.12123677879571915,0.7450000047683716,0.5400000214576721
YHR162W,YJL103C,0,-2.029583,0.12121704965829849,0.7450000047683716,0.5400999784469604
YIR006C,YDL215C,0,-2.0301044,0.12119733542203903,0.7450000047683716,0.5401999950408936
YBL047C,YHR111W,0,-2.0301447,0.12117762118577957,0.7450000047683716,0.5403000116348267
YGL104C,YJL219W,1,-2.030236,0.12132053822278976,0.7459999918937683,0.5403000116348267
YNR001C,YDR367W,0,-2.0302844,0.12130081653594971,0.7459999918937683,0.5404000282287598
YMR070W,YBL023C,0,-2.0302978,0.12128109484910965,0.7459999918937683,0.5404999852180481
YOR070C,YMR238W,0,-2.0304224,0.12126138061285019,0.7459999918937683,0.5406000018119812
YDR103W,YDR066C,0,-2.0310824,0.12124167382717133,0.7459999918937683,0.5407000184059143
YPL070W,YPL271W,0,-2.0313408,0.12122196704149246,0.7459999918937683,0.5407999753952026
YDR309C,YLR404W,0,-2.0315254,0.12120227515697479,0.7459999918937683,0.5408999919891357
YJR014W,YNL223W,0,-2.0315604,0.12118258327245712,0.7459999918937683,0.5410000085830688
YDR080W,YIL145C,0,-2.0315702,0.12116290628910065,0.7459999918937683,0.541100025177002
YGR247W,YFL002C,0,-2.0315778,0.12114322930574417,0.7459999918937683,0.5411999821662903
YAL017W,YPL258C,0,-2.0316072,0.12112355977296829,0.7459999918937683,0.5412999987602234
YHR107C,YOR046C,0,-2.0316799,0.12110389769077301,0.7459999918937683,0.5414000153541565
YOR299W,YLR369W,0,-2.0317633,0.12108424305915833,0.7459999918937683,0.5414999723434448
YNL063W,YIL076W,0,-2.031771,0.12106458842754364,0.7459999918937683,0.5415999889373779
YJL209W,YNL029C,0,-2.031845,0.12104494869709015,0.7459999918937683,0.541700005531311
YDR363W,YER019W,0,-2.0325801,0.12102530896663666,0.7459999918937683,0.5418000221252441
YHR183W,YLR320W,0,-2.0334337,0.12100567668676376,0.7459999918937683,0.5418999791145325
YDL178W,YGL097W,0,-2.0334747,0.12098605185747147,0.7459999918937683,0.5419999957084656
YCR105W,YOR298C-A,0,-2.0335495,0.12096643447875977,0.7459999918937683,0.5421000123023987
YCR104W,YMR325W,0,-2.033588,0.12094682455062866,0.7459999918937683,0.5422000288963318
YPL096W,YPR147C,0,-2.0336523,0.12092721462249756,0.7459999918937683,0.5422999858856201
YPL128C,YFR053C,0,-2.0338967,0.12090761959552765,0.7459999918937683,0.5424000024795532
YER031C,YOL094C,0,-2.0339203,0.12088802456855774,0.7459999918937683,0.5425000190734863
YHR188C,YOR153W,0,-2.0342393,0.12086843699216843,0.7459999918937683,0.5425999760627747
YBL047C,YGR057C,0,-2.0342941,0.12084885686635971,0.7459999918937683,0.5426999926567078
YMR086W,YNL321W,0,-2.0347898,0.12082928419113159,0.7459999918937683,0.5428000092506409
YPR026W,YHR092C,1,-2.0348766,0.12097165733575821,0.746999979019165,0.5428000092506409
YLR347C,YDR200C,0,-2.0348856,0.1209520697593689,0.746999979019165,0.542900025844574
YOR204W,YDL061C,0,-2.0351684,0.12093248963356018,0.746999979019165,0.5429999828338623
YAL044C,YGR217W,0,-2.0351846,0.12091291695833206,0.746999979019165,0.5430999994277954
YIL078W,YGR223C,0,-2.0353174,0.12089335173368454,0.746999979019165,0.5432000160217285
YDL054C,YDR315C,0,-2.035321,0.12087378650903702,0.746999979019165,0.5432999730110168
YLR271W,YHL004W,0,-2.0353665,0.12085422873497009,0.746999979019165,0.54339998960495
YKL180W,YOL055C,0,-2.035422,0.12083467841148376,0.746999979019165,0.5435000061988831
YNL173C,YLR325C,0,-2.03595,0.12081513553857803,0.746999979019165,0.5436000227928162
YGR174C,YMR263W,0,-2.0363052,0.1207956001162529,0.746999979019165,0.5436999797821045
YGL104C,YGL225W,1,-2.0366626,0.12093774974346161,0.7480000257492065,0.5436999797821045
YDL014W,YMR233W,0,-2.036749,0.12091819941997528,0.7480000257492065,0.5437999963760376
YPR131C,YKR058W,0,-2.0372105,0.12089865654706955,0.7480000257492065,0.5439000129699707
YPL172C,YLR172C,0,-2.0373402,0.12087912112474442,0.7480000257492065,0.5440000295639038
YNL063W,YLR160C,0,-2.0378463,0.12085959315299988,0.7480000257492065,0.5440999865531921
YLR120C,YIL026C,0,-2.0378768,0.12084006518125534,0.7480000257492065,0.5442000031471252
YJR127C,YLR095C,0,-2.037925,0.1208205446600914,0.7480000257492065,0.5443000197410583
YCR032W,YNR057C,0,-2.038093,0.12080103158950806,0.7480000257492065,0.5443999767303467
YNR053C,YDR542W,0,-2.0382898,0.12078152596950531,0.7480000257492065,0.5444999933242798
YGR097W,YDR343C,1,-2.0383055,0.1209234744310379,0.7490000128746033,0.5444999933242798
YMR213W,YBR014C,0,-2.0386057,0.12090395390987396,0.7490000128746033,0.5446000099182129
YOR272W,YJL110C,0,-2.0387373,0.12088444083929062,0.7490000128746033,0.544700026512146
YIL087C,YDR430C,0,-2.0387828,0.12086493521928787,0.7490000128746033,0.5447999835014343
YLR320W,YDR373W,0,-2.0388634,0.12084543704986572,0.7490000128746033,0.5449000000953674
YDR474C,YGL028C,0,-2.0389009,0.12082593888044357,0.7490000128746033,0.5450000166893005
YKL067W,YJR092W,0,-2.0389235,0.12080644816160202,0.7490000128746033,0.5450999736785889
YCL010C,YIL127C,0,-2.0389535,0.12078697234392166,0.7490000128746033,0.545199990272522
YOR086C,YLR442C,0,-2.0389957,0.1207674965262413,0.7490000128746033,0.5453000068664551
YGR009C,YER183C,0,-2.0389972,0.12074802815914154,0.7490000128746033,0.5454000234603882
YBL064C,YJL083W,0,-2.0393035,0.12072855979204178,0.7490000128746033,0.5454999804496765
YCL057C-A,YPR023C,0,-2.0393145,0.12070910632610321,0.7490000128746033,0.5455999970436096
YIL079C,YMR065W,0,-2.0394816,0.12068965286016464,0.7490000128746033,0.5457000136375427
YMR212C,YGR169C,0,-2.0395203,0.12067021429538727,0.7490000128746033,0.545799970626831
YBR177C,YDR422C,0,-2.0396464,0.1206507757306099,0.7490000128746033,0.5458999872207642
YBL047C,YLR271W,0,-2.0397992,0.12063134461641312,0.7490000128746033,0.5460000038146973
YGR212W,YDR092W,0,-2.0398488,0.12061191350221634,0.7490000128746033,0.5461000204086304
YPL026C,YIL170W,1,-2.0401497,0.12075350433588028,0.75,0.5461000204086304
YAR007C,YLR129W,0,-2.040269,0.1207340657711029,0.75,0.5461999773979187
YEL013W,YMR233W,0,-2.04028,0.12071462720632553,0.75,0.5462999939918518
YGR132C,YML088W,0,-2.0403311,0.12069520354270935,0.75,0.5464000105857849
YPL195W,YGL054C,0,-2.040344,0.12067578732967377,0.75,0.546500027179718
YGL200C,YFL023W,0,-2.04049,0.12065637111663818,0.75,0.5465999841690063
YGL253W,YPL244C,1,-2.0405018,0.12079781293869019,0.7509999871253967,0.5465999841690063
YDR367W,YJL153C,0,-2.040711,0.12077838182449341,0.7509999871253967,0.5467000007629395
YBR229C,YJL050W,0,-2.0408416,0.12075896561145782,0.7509999871253967,0.5468000173568726
YEL034W,YMR219W,0,-2.0410516,0.12073954939842224,0.7509999871253967,0.5468999743461609
YPR188C,YGL234W,0,-2.041063,0.12072014063596725,0.7509999871253967,0.546999990940094
YJR149W,YJL137C,0,-2.0410705,0.12070073932409286,0.7509999871253967,0.5471000075340271
YJL053W,YHR047C,0,-2.0414267,0.12068134546279907,0.7509999871253967,0.5472000241279602
YEL020W-A,YDR519W,0,-2.0416567,0.12066195160150528,0.7509999871253967,0.5472999811172485
YLR052W,YOR247W,0,-2.0417197,0.12064257264137268,0.7509999871253967,0.5473999977111816
YJR065C,YOR030W,0,-2.0420637,0.12062319368124008,0.7509999871253967,0.5475000143051147
YPR145W,YKL167C,0,-2.0421474,0.12060382217168808,0.7509999871253967,0.5475999712944031
YGR067C,YIR024C,0,-2.0421643,0.12058445811271667,0.7509999871253967,0.5476999878883362
YBR211C,YDL146W,0,-2.0422313,0.12056510150432587,0.7509999871253967,0.5478000044822693
YEL013W,YER001W,0,-2.0422952,0.12054574489593506,0.7509999871253967,0.5479000210762024
YLR347C,YDL047W,0,-2.0424256,0.12052640318870544,0.7509999871253967,0.5479999780654907
YHR096C,YMR114C,0,-2.042426,0.12050706148147583,0.7509999871253967,0.5480999946594238
YER132C,YMR289W,0,-2.042543,0.12048772722482681,0.7509999871253967,0.5482000112533569
YML001W,YLR083C,0,-2.0428033,0.12046840041875839,0.7509999871253967,0.54830002784729
YMR315W,YGL206C,0,-2.0429242,0.12044908106327057,0.7509999871253967,0.5483999848365784
YCL057C-A,YOR158W,0,-2.0431612,0.12042976170778275,0.7509999871253967,0.5485000014305115
YGR238C,YML066C,0,-2.043736,0.12041045725345612,0.7509999871253967,0.5486000180244446
YBR162W-A,YNL081C,0,-2.043829,0.12039115279912949,0.7509999871253967,0.5486999750137329
YDL002C,YDR503C,0,-2.0441878,0.12037185579538345,0.7509999871253967,0.548799991607666
YLL029W,YNL039W,0,-2.0443091,0.12035256624221802,0.7509999871253967,0.5489000082015991
YGR222W,YCL010C,0,-2.0446846,0.12033327668905258,0.7509999871253967,0.5490000247955322
YCL001W,YDL223C,0,-2.044934,0.12031400203704834,0.7509999871253967,0.5490999817848206
YBR181C,YBR126C,0,-2.0449376,0.1202947273850441,0.7509999871253967,0.5491999983787537
YJR160C,YDL138W,1,-2.0450745,0.12043561786413193,0.7519999742507935,0.5491999983787537
YIL087C,YER001W,0,-2.0452082,0.12041633576154709,0.7519999742507935,0.5493000149726868
YHR176W,YDL015C,0,-2.0455706,0.12039705365896225,0.7519999742507935,0.5493999719619751
YBL095W,YGL111W,0,-2.0458143,0.12037777900695801,0.7519999742507935,0.5494999885559082
YLR223C,YKR094C,0,-2.045837,0.12035851180553436,0.7519999742507935,0.5496000051498413
YGL028C,YPL055C,0,-2.045998,0.12033925205469131,0.7519999742507935,0.5497000217437744
YJL161W,YGR132C,0,-2.0460107,0.12031999975442886,0.7519999742507935,0.5497999787330627
YPL004C,YDR308C,0,-2.0460477,0.12030075490474701,0.7519999742507935,0.5498999953269958
YGR128C,YCR058C,0,-2.0461268,0.12028151005506516,0.7519999742507935,0.550000011920929
YBR057C,YGR036C,0,-2.0462615,0.1202622726559639,0.7519999742507935,0.5501000285148621
YBR083W,YDR099W,0,-2.0463574,0.12024304270744324,0.7519999742507935,0.5501999855041504
YFR043C,YPL061W,0,-2.0469189,0.12022382020950317,0.7519999742507935,0.5503000020980835
YEL063C,YNL131W,0,-2.0469792,0.12020460516214371,0.7519999742507935,0.5504000186920166
YJL191W,YER116C,0,-2.0471544,0.12018539011478424,0.7519999742507935,0.5504999756813049
YGL038C,YNR053C,0,-2.0473778,0.12016618996858597,0.7519999742507935,0.550599992275238
YDR197W,YAL017W,0,-2.0473974,0.1201469898223877,0.7519999742507935,0.5507000088691711
YKR086W,YLR418C,0,-2.0474489,0.12012779712677002,0.7519999742507935,0.5508000254631042
YDR164C,YGR188C,0,-2.0474555,0.12010861188173294,0.7519999742507935,0.5508999824523926
YGL233W,YPR111W,0,-2.0478308,0.12008942663669586,0.7519999742507935,0.5509999990463257
YCL024W,YOL137W,0,-2.0479932,0.12007025629281998,0.7519999742507935,0.5511000156402588
YMR227C,YLR249W,0,-2.048134,0.12005108594894409,0.7519999742507935,0.5511999726295471
YFL035C-B,YLR450W,0,-2.0481505,0.1200319230556488,0.7519999742507935,0.5512999892234802
YIL010W,YNL029C,0,-2.0483103,0.12001276761293411,0.7519999742507935,0.5514000058174133
YDR520C,YBR085W,0,-2.0483644,0.11999361962080002,0.7519999742507935,0.5515000224113464
YOR039W,YGR020C,0,-2.0486507,0.11997447162866592,0.7519999742507935,0.5515999794006348
YDR309C,YER014W,0,-2.0486863,0.11995533853769302,0.7519999742507935,0.5516999959945679
YIL087C,YFL046W,0,-2.0486882,0.11993620544672012,0.7519999742507935,0.551800012588501
YBR177C,YGL210W,0,-2.0487611,0.11991707980632782,0.7519999742507935,0.5519000291824341
YFL011W,YNL318C,1,-2.0491798,0.12005739659070969,0.753000020980835,0.5519000291824341
YLR403W,YDR513W,0,-2.0492346,0.12003825604915619,0.753000020980835,0.5519999861717224
YOR347C,YDR007W,0,-2.0492544,0.12001912295818329,0.753000020980835,0.5521000027656555
YHR172W,YDL066W,0,-2.049334,0.11999999731779099,0.753000020980835,0.5522000193595886
YJL214W,YHR094C,1,-2.0494065,0.12014021724462509,0.7540000081062317,0.5522000193595886
YLR167W,YLR197W,0,-2.0494742,0.1201210767030716,0.7540000081062317,0.552299976348877
YDL235C,YJL187C,0,-2.050202,0.1201019436120987,0.7540000081062317,0.5523999929428101
YPL166W,YIL043C,0,-2.0505962,0.12008281797170639,0.7540000081062317,0.5525000095367432
YBR146W,YML095C,0,-2.050738,0.12006369233131409,0.7540000081062317,0.5526000261306763
YGR204W,YAL022C,0,-2.0507636,0.12004458159208298,0.7540000081062317,0.5526999831199646
YNL096C,YJR140C,0,-2.0508966,0.12002547085285187,0.7540000081062317,0.5527999997138977
YHR062C,YGL033W,0,-2.050916,0.12000636756420135,0.7540000081062317,0.5529000163078308
YPL169C,YMR154C,0,-2.0509284,0.11998727172613144,0.7540000081062317,0.5529999732971191
YDR144C,YOR285W,0,-2.0510185,0.11996817588806152,0.7540000081062317,0.5530999898910522
YJR005W,YOR062C,0,-2.0510902,0.1199490949511528,0.7540000081062317,0.5532000064849854
YLL015W,YDL036C,0,-2.051235,0.11993001401424408,0.7540000081062317,0.5533000230789185
YDR064W,YOR064C,0,-2.051242,0.11991094052791595,0.7540000081062317,0.5533999800682068
YJR127C,YIL112W,0,-2.0512564,0.11989187449216843,0.7540000081062317,0.5534999966621399
YML010W,YML064C,0,-2.0513165,0.1198728159070015,0.7540000081062317,0.553600013256073
YBR025C,YGR074W,0,-2.0514095,0.11985375732183456,0.7540000081062317,0.5536999702453613
YLR271W,YIL018W,0,-2.0515068,0.11983471363782883,0.7540000081062317,0.5537999868392944
YJR014W,YGL091C,0,-2.051758,0.11981566995382309,0.7540000081062317,0.5539000034332275
YER166W,YMR225C,0,-2.0517943,0.11979663372039795,0.7540000081062317,0.5540000200271606
YNL282W,YDR392W,0,-2.051804,0.1197776049375534,0.7540000081062317,0.554099977016449
YPR025C,YLR382C,0,-2.051809,0.11975857615470886,0.7540000081062317,0.5541999936103821
YOR030W,YBR085W,0,-2.051842,0.11973955482244492,0.7540000081062317,0.5543000102043152
YGL104C,YML038C,1,-2.0518434,0.1198793277144432,0.7549999952316284,0.5543000102043152
YML059C,YER116C,0,-2.0518904,0.11986029893159866,0.7549999952316284,0.5544000267982483
YGL184C,YLR066W,0,-2.0520368,0.11984127014875412,0.7549999952316284,0.5544999837875366
YHR021C,YMR034C,0,-2.0520678,0.11982224881649017,0.7549999952316284,0.5546000003814697
YGL153W,YFR009W,0,-2.0523646,0.11980323493480682,0.7549999952316284,0.5547000169754028
YGL167C,YBR229C,0,-2.052687,0.11978422850370407,0.7549999952316284,0.5547999739646912
YMR289W,YDR223W,0,-2.0527442,0.11976522952318192,0.7549999952316284,0.5548999905586243
YCR096C,YGL017W,0,-2.0537798,0.11974623054265976,0.7549999952316284,0.5550000071525574
YDR142C,YDR279W,0,-2.054083,0.1197272464632988,0.7549999952316284,0.5551000237464905
YJL076W,YER115C,0,-2.0547698,0.11970826238393784,0.7549999952316284,0.5551999807357788
YDR384C,YNL196C,0,-2.054873,0.11968928575515747,0.7549999952316284,0.5552999973297119
YNL148C,YNL084C,0,-2.054876,0.1196703091263771,0.7549999952316284,0.555400013923645
YDR343C,YDR277C,1,-2.0548787,0.1198098286986351,0.7559999823570251,0.555400013923645
YEL047C,YKR035W-A,0,-2.0550838,0.11979084461927414,0.7559999823570251,0.5554999709129333
YJR160C,YBR046C,0,-2.05514,0.11977186053991318,0.7559999823570251,0.5555999875068665
YDL155W,YGL027C,0,-2.055148,0.11975289136171341,0.7559999823570251,0.5557000041007996
YER039C,YNR072W,1,-2.0556743,0.11989229917526245,0.7570000290870667,0.5557000041007996
YGR222W,YBL057C,0,-2.0565035,0.11987331509590149,0.7570000290870667,0.5558000206947327
YIL074C,YOR016C,0,-2.0569088,0.11985433846712112,0.7570000290870667,0.555899977684021
YGR033C,YMR093W,0,-2.0569968,0.11983536183834076,0.7570000290870667,0.5559999942779541
YOR173W,YOR298C-A,0,-2.0570738,0.11981640011072159,0.7570000290870667,0.5561000108718872
YHR135C,YGR127W,0,-2.0570865,0.11979743838310242,0.7570000290870667,0.5562000274658203
YPL089C,YLR375W,0,-2.0573285,0.11977848410606384,0.7570000290870667,0.5562999844551086
YAL005C,YKR024C,0,-2.0573435,0.11975952982902527,0.7570000290870667,0.5564000010490417
YDR309C,YOR064C,0,-2.0577466,0.11974059045314789,0.7570000290870667,0.5565000176429749
YGR078C,YDR384C,0,-2.0579417,0.11972165107727051,0.7570000290870667,0.5565999746322632
YDL102W,YJL025W,0,-2.058119,0.11970271915197372,0.7570000290870667,0.5566999912261963
YMR216C,YMR096W,0,-2.0581496,0.11968379467725754,0.7570000290870667,0.5568000078201294
YER031C,YPR149W,0,-2.058364,0.11966487765312195,0.7570000290870667,0.5569000244140625
YDL224C,YDR014W,0,-2.0583801,0.11964596062898636,0.7570000290870667,0.5569999814033508
YGL028C,YDR251W,0,-2.0584724,0.11962705105543137,0.7570000290870667,0.5570999979972839
YNR057C,YGL256W,0,-2.058478,0.11960815638303757,0.7570000290870667,0.557200014591217
YDR403W,YGR224W,0,-2.058626,0.11958925426006317,0.7570000290870667,0.5572999715805054
YGL224C,YIL112W,0,-2.0587728,0.11957036703824997,0.7570000290870667,0.5573999881744385
YPL196W,YOL053W,0,-2.0589304,0.11955148726701736,0.7570000290870667,0.5575000047683716
YHR135C,YKL188C,0,-2.058935,0.11953260749578476,0.7570000290870667,0.5576000213623047
YKL085W,YIL127C,0,-2.0598516,0.11951373517513275,0.7570000290870667,0.557699978351593
YBR095C,YPL259C,0,-2.0598843,0.11949487030506134,0.7570000290870667,0.5577999949455261
YFR042W,YPL097W,0,-2.0599298,0.11947601288557053,0.7570000290870667,0.5579000115394592
YGL084C,YPL244C,1,-2.060151,0.11961495876312256,0.7580000162124634,0.5579000115394592
YDR066C,YER115C,0,-2.0601854,0.11959608644247055,0.7580000162124634,0.5580000281333923
YLL019C,YLR249W,0,-2.0603263,0.11957722157239914,0.7580000162124634,0.5580999851226807
YDL155W,YGR055W,0,-2.0606458,0.11955835670232773,0.7580000162124634,0.5582000017166138
YKL100C,YLR197W,0,-2.0613863,0.11953950673341751,0.7580000162124634,0.5583000183105469
YDR454C,YER115C,0,-2.0614781,0.1195206567645073,0.7580000162124634,0.5583999752998352
YOR145C,YGL226C-A,0,-2.0615237,0.11950181424617767,0.7580000162124634,0.5584999918937683
YIL094C,YIL009W,0,-2.0615833,0.11948297917842865,0.7580000162124634,0.5586000084877014
YML027W,YGR033C,0,-2.0620294,0.11946414411067963,0.7580000162124634,0.5587000250816345
YER039C,YDL245C,1,-2.062307,0.11960289627313614,0.7590000033378601,0.5587000250816345
YJL209W,YJL083W,0,-2.0623674,0.11958405375480652,0.7590000033378601,0.5587999820709229
YPL143W,YER180C,0,-2.0627577,0.1195652186870575,0.7590000033378601,0.558899998664856
YOR272W,YNL261W,0,-2.0627875,0.11954638361930847,0.7590000033378601,0.5590000152587891
YMR213W,YPL076W,0,-2.062946,0.11952755600214005,0.7590000033378601,0.5590999722480774
YFL036W,YMR021C,0,-2.062966,0.11950873583555222,0.7590000033378601,0.5591999888420105
YJR088C,YKR029C,0,-2.0631082,0.11948992311954498,0.7590000033378601,0.5593000054359436
YIL078W,YBR167C,0,-2.0639672,0.11947111785411835,0.7590000033378601,0.5594000220298767
YGR034W,YDL007W,0,-2.0643156,0.11945231258869171,0.7590000033378601,0.559499979019165
YLL043W,YDR536W,1,-2.0643208,0.1195908710360527,0.7599999904632568,0.559499979019165
YLR060W,YGL073W,0,-2.0643845,0.11957205832004547,0.7599999904632568,0.5595999956130981
YDL122W,YMR120C,0,-2.064601,0.11955324560403824,0.7599999904632568,0.5597000122070312
YJL191W,YGL008C,0,-2.0646157,0.1195344477891922,0.7599999904632568,0.5598000288009644
YHR172W,YDR226W,0,-2.0646775,0.11951564997434616,0.7599999904632568,0.5598999857902527
YKL185W,YLR265C,0,-2.064704,0.11949685215950012,0.7599999904632568,0.5600000023841858
YPR026W,YLL043W,1,-2.0649517,0.11963527649641037,0.7609999775886536,0.5600000023841858
YCL024W,YBR079C,0,-2.0651262,0.11961647123098373,0.7609999775886536,0.5601000189781189
YIL094C,YDR319C,0,-2.065184,0.1195976734161377,0.7609999775886536,0.5601999759674072
YPL091W,YML026C,0,-2.065448,0.11957888305187225,0.7609999775886536,0.5602999925613403
YHR035W,YBR034C,0,-2.0654619,0.11956009268760681,0.7609999775886536,0.5604000091552734
YCL005W,YGR169C,0,-2.0655782,0.11954130977392197,0.7609999775886536,0.5605000257492065
YLR100W,YKL144C,0,-2.0656073,0.11952254176139832,0.7609999775886536,0.5605999827384949
YNL173C,YJL083W,0,-2.0656712,0.11950376629829407,0.7609999775886536,0.560699999332428
YOR330C,YDR016C,0,-2.0662642,0.11948500573635101,0.7609999775886536,0.5608000159263611
YLR106C,YHR148W,0,-2.0662954,0.11946624517440796,0.7609999775886536,0.5608999729156494
YGL119W,YAR071W,0,-2.0667043,0.1194474995136261,0.7609999775886536,0.5609999895095825
YOL125W,YBR229C,0,-2.066856,0.11942875385284424,0.7609999775886536,0.5611000061035156
YMR019W,YGR020C,0,-2.0668926,0.11941000819206238,0.7609999775886536,0.5612000226974487
YPR188C,YGR123C,0,-2.0670743,0.11939127743244171,0.7609999775886536,0.5612999796867371
YBR189W,YGR038W,0,-2.0670912,0.11937254667282104,0.7609999775886536,0.5613999962806702
YJL219W,YDL138W,1,-2.0672188,0.11951066553592682,0.7620000243186951,0.5613999962806702
YIL110W,YMR152W,0,-2.0677388,0.11949192732572556,0.7620000243186951,0.5615000128746033
YKL185W,YGL145W,0,-2.0677514,0.11947318911552429,0.7620000243186951,0.5616000294685364
YJL191W,YLR097C,0,-2.0677674,0.11945445835590363,0.7620000243186951,0.5616999864578247
YKL099C,YOR215C,0,-2.0680754,0.11943573504686356,0.7620000243186951,0.5618000030517578
YPL249C-A,YDR519W,0,-2.068124,0.11941701918840408,0.7620000243186951,0.5619000196456909
YBL066C,YNL005C,0,-2.0681586,0.11939831078052521,0.7620000243186951,0.5619999766349792
YER007W,YDL106C,0,-2.0682666,0.11937960237264633,0.7620000243186951,0.5620999932289124
YML059C,YBR025C,0,-2.0683782,0.11936090141534805,0.7620000243186951,0.5622000098228455
YKR101W,YKL120W,0,-2.0685146,0.11934220790863037,0.7620000243186951,0.5623000264167786
YKL108W,YPL037C,0,-2.06873,0.11932352185249329,0.7620000243186951,0.5623999834060669
YHR096C,YHR092C,1,-2.0688689,0.11946140229701996,0.7630000114440918,0.5623999834060669
YOR229W,YPL196W,0,-2.0688927,0.11944270879030228,0.7630000114440918,0.5625
YPL043W,YHL035C,0,-2.0689957,0.119424007833004,0.7630000114440918,0.5626000165939331
YBR021W,YOR206W,0,-2.069142,0.11940532177686691,0.7630000114440918,0.5626999735832214
YCR089W,YLR197W,0,-2.069185,0.11938663572072983,0.7630000114440918,0.5627999901771545
YJR060W,YOR299W,0,-2.0691998,0.11936795711517334,0.7630000114440918,0.5629000067710876
YBR083W,YDL044C,0,-2.069461,0.11934928596019745,0.7630000114440918,0.5630000233650208
YKL140W,YDR181C,0,-2.0698397,0.11933062225580215,0.7630000114440918,0.5630999803543091
YLR219W,YLR116W,0,-2.069917,0.11931196600198746,0.7630000114440918,0.5631999969482422
YMR239C,YBR038W,0,-2.069957,0.11929330974817276,0.7630000114440918,0.5633000135421753
YHR175W,YPL189W,0,-2.0701816,0.11927466094493866,0.7630000114440918,0.5633999705314636
YJL079C,YDR282C,0,-2.0703065,0.11925601959228516,0.7630000114440918,0.5634999871253967
YNL032W,YOR016C,0,-2.0704067,0.11923737823963165,0.7630000114440918,0.5636000037193298
YBR057C,YOR063W,0,-2.0704103,0.11921875178813934,0.7630000114440918,0.5637000203132629
YER044C-A,YDR367W,0,-2.0705187,0.11920012533664703,0.7630000114440918,0.5637999773025513
YHR021C,YPR047W,0,-2.0705235,0.11918150633573532,0.7630000114440918,0.5638999938964844
YDR424C,YMR301C,0,-2.0706005,0.1191628947854042,0.7630000114440918,0.5640000104904175
YPL130W,YNL223W,0,-2.070747,0.11914428323507309,0.7630000114440918,0.5641000270843506
YIL031W,YKL175W,0,-2.0707996,0.11912568658590317,0.7630000114440918,0.5641999840736389
YNL063W,YLR001C,0,-2.0709877,0.11910708993673325,0.7630000114440918,0.564300000667572
YIL087C,YNR043W,0,-2.071196,0.11908849328756332,0.7630000114440918,0.5644000172615051
YJR053W,YGR198W,0,-2.071229,0.1190699115395546,0.7630000114440918,0.5644999742507935
YKL120W,YMR260C,0,-2.071298,0.11905133724212646,0.7630000114440918,0.5645999908447266
YNL146W,YML086C,0,-2.07191,0.11903276294469833,0.7630000114440918,0.5647000074386597
YLL043W,YEL004W,1,-2.0719545,0.1191701740026474,0.7639999985694885,0.5647000074386597
YMR258C,YOL070C,0,-2.0720417,0.11915159225463867,0.7639999985694885,0.5648000240325928
YGR198W,YMR216C,0,-2.0723383,0.11913301050662994,0.7639999985694885,0.5648999810218811
YDL155W,YCR105W,0,-2.0725472,0.11911443620920181,0.7639999985694885,0.5649999976158142
YIL027C,YMR077C,0,-2.0726001,0.11909586936235428,0.7639999985694885,0.5651000142097473
YCR038C,YMR032W,0,-2.0726032,0.11907730996608734,0.7639999985694885,0.5651999711990356
YOR371C,YNL314W,0,-2.0728872,0.1190587505698204,0.7639999985694885,0.5652999877929688
YIL110W,YOR317W,0,-2.0731754,0.11904019862413406,0.7639999985694885,0.5654000043869019
YER039C,YLL043W,1,-2.0732052,0.1191774383187294,0.7649999856948853,0.5654000043869019
YPR166C,YGL017W,0,-2.0734527,0.11915887892246246,0.7649999856948853,0.565500020980835
YMR315W,YJL076W,0,-2.0735264,0.11914031952619553,0.7649999856948853,0.5655999779701233
YOR063W,YDL223C,0,-2.0739515,0.11912176758050919,0.7649999856948853,0.5656999945640564
YLR249W,YJL167W,0,-2.0745716,0.11910322308540344,0.7649999856948853,0.5658000111579895
YLR347C,YDR032C,0,-2.0746946,0.1190846860408783,0.7649999856948853,0.5659000277519226
YOR301W,YDR319C,0,-2.0747168,0.11906614899635315,0.7649999856948853,0.5659999847412109
YPR188C,YDR373W,0,-2.0747778,0.1190476194024086,0.7649999856948853,0.566100001335144
YKL140W,YGR173W,0,-2.074806,0.11902909725904465,0.7649999856948853,0.5662000179290771
YOR152C,YGL079W,0,-2.0748365,0.1190105751156807,0.7649999856948853,0.5662999749183655
YDL202W,YCR018C,0,-2.075343,0.11899206787347794,0.7649999856948853,0.5663999915122986
YGR169C,YJL050W,0,-2.0754128,0.11897356063127518,0.7649999856948853,0.5665000081062317
YAL020C,YOR213C,0,-2.0758321,0.11895506083965302,0.7649999856948853,0.5666000247001648
YJL030W,YDR227W,0,-2.0760496,0.11893656849861145,0.7649999856948853,0.5666999816894531
YPL204W,YLR197W,0,-2.0761707,0.11891807615756989,0.7649999856948853,0.5667999982833862
YKR094C,YPL271W,0,-2.0762641,0.11889959871768951,0.7649999856948853,0.5669000148773193
YCL063W,YBL106C,0,-2.0763044,0.11888112127780914,0.7649999856948853,0.5669999718666077
YLR286C,YGR223C,0,-2.0763664,0.11886265128850937,0.7649999856948853,0.5670999884605408
YDL178W,YER059W,0,-2.0767362,0.1188441812992096,0.7649999856948853,0.5672000050544739
YOR261C,YLR083C,0,-2.0769749,0.11882571876049042,0.7649999856948853,0.567300021648407
YJR042W,YMR183C,0,-2.0770936,0.11880727112293243,0.7649999856948853,0.5673999786376953
YIL074C,YCR002C,0,-2.0771227,0.11878882348537445,0.7649999856948853,0.5674999952316284
YNL148C,YKL058W,0,-2.0775163,0.11877037584781647,0.7649999856948853,0.5676000118255615
YAL047C,YNL103W,0,-2.0775197,0.11875194311141968,0.7649999856948853,0.5677000284194946
YAL001C,YOR089C,0,-2.0778208,0.11873351037502289,0.7649999856948853,0.567799985408783
YMR179W,YKL046C,0,-2.0779352,0.1187150850892067,0.7649999856948853,0.5679000020027161
YIL143C,YER019W,0,-2.0782094,0.1186966672539711,0.7649999856948853,0.5680000185966492
YNR031C,YAL048C,0,-2.078746,0.1186782494187355,0.7649999856948853,0.5680999755859375
YER145C,YKL167C,0,-2.0788286,0.1186598390340805,0.7649999856948853,0.5681999921798706
YER092W,YML074C,0,-2.078995,0.1186414361000061,0.7649999856948853,0.5683000087738037
YKL104C,YKR101W,0,-2.0792964,0.1186230406165123,0.7649999856948853,0.5684000253677368
YOL084W,YDL061C,0,-2.0793037,0.11860465258359909,0.7649999856948853,0.5684999823570251
YJR127C,YOL030W,0,-2.0795,0.11858626455068588,0.7649999856948853,0.5685999989509583
YHR096C,YPR115W,1,-2.0795066,0.11872287839651108,0.765999972820282,0.5685999989509583
YGL225W,YLR418C,0,-2.0795405,0.11870447546243668,0.765999972820282,0.5687000155448914
YDL098C,YIL158W,0,-2.0796351,0.11868608742952347,0.765999972820282,0.5687999725341797
YPL055C,YIL026C,0,-2.0797327,0.11866769939661026,0.765999972820282,0.5688999891281128
YPL061W,YMR325W,0,-2.0799708,0.11864931881427765,0.765999972820282,0.5690000057220459
YBR296C,YKL175W,0,-2.0802915,0.11863094568252563,0.765999972820282,0.569100022315979
YLR293C,YIL030C,0,-2.0803473,0.11861257255077362,0.765999972820282,0.5691999793052673
YJR149W,YBR265W,0,-2.080422,0.1185942068696022,0.765999972820282,0.5692999958992004
YNL242W,YOR215C,0,-2.0806534,0.11857584863901138,0.765999972820282,0.5694000124931335
YJR005W,YKL165C,0,-2.0807476,0.11855749785900116,0.765999972820282,0.5695000290870667
YMR179W,YBR001C,0,-2.080892,0.11853915452957153,0.765999972820282,0.569599986076355
YLR350W,YNL282W,0,-2.0809736,0.1185208112001419,0.765999972820282,0.5697000026702881
YJL025W,YBR126C,0,-2.0809891,0.11850247532129288,0.765999972820282,0.5698000192642212
YLR271W,YKL189W,0,-2.0813582,0.11848414689302444,0.765999972820282,0.5698999762535095
YMR301C,YPR111W,0,-2.0815592,0.11846581846475601,0.765999972820282,0.5699999928474426
YOR272W,YGR135W,0,-2.0818713,0.11844750493764877,0.765999972820282,0.5701000094413757
YJR031C,YPL004C,0,-2.0818942,0.11842919141054153,0.765999972820282,0.5702000260353088
YGL229C,YGR277C,0,-2.0820386,0.11841088533401489,0.765999972820282,0.5702999830245972
YOR079C,YDL047W,0,-2.0823185,0.11839257925748825,0.765999972820282,0.5703999996185303
YPR029C,YFR053C,0,-2.0827644,0.1183742880821228,0.765999972820282,0.5705000162124634
YDR343C,YEL004W,1,-2.0835936,0.11851050704717636,0.7670000195503235,0.5705000162124634
YBR298C,YBL020W,1,-2.0837839,0.11864668875932693,0.7680000066757202,0.5705000162124634
YOR058C,YPR093C,0,-2.0839534,0.1186283603310585,0.7680000066757202,0.5705999732017517
YGL065C,YMR305C,0,-2.0841177,0.11861003935337067,0.7680000066757202,0.5706999897956848
YPL027W,YDR315C,0,-2.0842872,0.11859172582626343,0.7680000066757202,0.5708000063896179
YPL214C,YDR354W,0,-2.084406,0.11857341229915619,0.7680000066757202,0.570900022983551
YCL050C,YER072W,0,-2.0846186,0.11855510622262955,0.7680000066757202,0.5709999799728394
YOL091W,YIL127C,0,-2.084656,0.1185368075966835,0.7680000066757202,0.5710999965667725
YGL225W,YDL138W,1,-2.0846589,0.11867284029722214,0.7689999938011169,0.5710999965667725
YJL047C,YNL314W,0,-2.084664,0.1186545267701149,0.7689999938011169,0.5712000131607056
YER039C,YHR094C,1,-2.084809,0.11879049986600876,0.7699999809265137,0.5712000131607056
YOR128C,YGR135W,0,-2.084861,0.11877217143774033,0.7699999809265137,0.5713000297546387
YIL074C,YHR155W,0,-2.0848708,0.11875385791063309,0.7699999809265137,0.571399986743927
YGL123W,YBR173C,0,-2.084922,0.11873554438352585,0.7699999809265137,0.5715000033378601
YJR160C,YDR342C,1,-2.085171,0.11887141317129135,0.7710000276565552,0.5715000033378601
YJR060W,YOR067C,0,-2.0853522,0.11885309219360352,0.7710000276565552,0.5716000199317932
YHR021C,YBR018C,0,-2.0854614,0.11883477121591568,0.7710000276565552,0.5716999769210815
YPL244C,YFL054C,1,-2.085592,0.11897056549787521,0.7720000147819519,0.5716999769210815
YLR260W,YDR223W,0,-2.0858293,0.11895223706960678,0.7720000147819519,0.5717999935150146
YAL060W,YJL013C,0,-2.0858335,0.11893390864133835,0.7720000147819519,0.5719000101089478
YHR188C,YJL011C,0,-2.0858917,0.11891558766365051,0.7720000147819519,0.5720000267028809
YLR099C,YCR072C,0,-2.0859544,0.11889727413654327,0.7720000147819519,0.5720999836921692
YEL034W,YHL035C,0,-2.0860116,0.11887896806001663,0.7720000147819519,0.5722000002861023
YJR042W,YKL149C,0,-2.086096,0.11886066198348999,0.7720000147819519,0.5723000168800354
YDR224C,YHR005C,0,-2.08612,0.11884236335754395,0.7720000147819519,0.5723999738693237
YDL046W,YPL189W,0,-2.0861595,0.1188240721821785,0.7720000147819519,0.5724999904632568
YIL171W,YBR241C,1,-2.086332,0.11895968019962311,0.7730000019073486,0.5724999904632568
YLR116W,YPL271W,0,-2.0865586,0.11894137412309647,0.7730000019073486,0.5726000070571899
YML095C,YHR069C,0,-2.0872936,0.11892307549715042,0.7730000019073486,0.572700023651123
YDR226W,YCL050C,0,-2.087365,0.11890478432178497,0.7730000019073486,0.5727999806404114
YOL111C,YDR454C,0,-2.0876443,0.11888649314641953,0.7730000019073486,0.5728999972343445
YFL028C,YLR337C,0,-2.0882344,0.11886821687221527,0.7730000019073486,0.5730000138282776
YBL030C,YKR029C,0,-2.0882952,0.11884994059801102,0.7730000019073486,0.5730999708175659
YGL084C,YML038C,1,-2.0885234,0.11898539215326309,0.7739999890327454,0.5730999708175659
YCR032W,YDR093W,0,-2.0886462,0.11896710842847824,0.7739999890327454,0.573199987411499
YPL089C,YJL158C,0,-2.0890887,0.11894882470369339,0.7739999890327454,0.5733000040054321
YLR249W,YKL167C,0,-2.0892408,0.11893054842948914,0.7739999890327454,0.5734000205993652
YMR036C,YPL095C,0,-2.0894854,0.11891227215528488,0.7739999890327454,0.5734999775886536
YHR062C,YGL225W,0,-2.089516,0.11889401078224182,0.7739999890327454,0.5735999941825867
YPL010W,YKL046C,0,-2.0897171,0.11887574940919876,0.7739999890327454,0.5737000107765198
YOR047C,YGL225W,0,-2.0897853,0.1188574954867363,0.7739999890327454,0.5738000273704529
YPL221W,YOR231W,0,-2.0899298,0.11883924156427383,0.7739999890327454,0.5738999843597412
YLL010C,YLR206W,0,-2.0900588,0.11882100254297256,0.7739999890327454,0.5740000009536743
YCR018C,YPR139C,0,-2.0903761,0.1188027635216713,0.7739999890327454,0.5741000175476074
YAL029C,YLR204W,0,-2.0905607,0.11878453195095062,0.7739999890327454,0.5741999745368958
YGR057C,YDR449C,0,-2.0906818,0.11876630038022995,0.7739999890327454,0.5742999911308289
YKL101W,YPL091W,0,-2.0906885,0.11874808371067047,0.7739999890327454,0.574400007724762
YBR229C,YBR262C,0,-2.0909245,0.11872986704111099,0.7739999890327454,0.5745000243186951
YDR463W,YDL054C,0,-2.090944,0.11871165782213211,0.7739999890327454,0.5745999813079834
YNL026W,YDL178W,0,-2.0910242,0.11869344860315323,0.7739999890327454,0.5746999979019165
YDR064W,YPL119C,0,-2.0911586,0.11867525428533554,0.7739999890327454,0.5748000144958496
YMR113W,YPR145W,0,-2.0912726,0.11865705996751785,0.7739999890327454,0.5748999714851379
YGL001C,YGL256W,0,-2.0914874,0.11863887310028076,0.7739999890327454,0.574999988079071
YLR332W,YDL048C,0,-2.0917423,0.11862068623304367,0.7739999890327454,0.5751000046730042
YIR009W,YNL112W,0,-2.0918791,0.11860251426696777,0.7739999890327454,0.5752000212669373
YLR293C,YGL206C,0,-2.0919278,0.11858434230089188,0.7739999890327454,0.5752999782562256
YGR289C,YLL043W,1,-2.092071,0.11871936172246933,0.7749999761581421,0.5752999782562256
YHR169W,YBR236C,0,-2.0920818,0.11870118230581284,0.7749999761581421,0.5753999948501587
YNL101W,YOL137W,0,-2.092229,0.11868300288915634,0.7749999761581421,0.5755000114440918
YER125W,YMR120C,0,-2.0922909,0.11866483092308044,0.7749999761581421,0.5756000280380249
YAR015W,YLR129W,0,-2.0923843,0.11864665895700455,0.7749999761581421,0.5756999850273132
YOR095C,YOR322C,0,-2.0924747,0.11862850189208984,0.7749999761581421,0.5758000016212463
YLR219W,YLL010C,0,-2.0924966,0.11861034482717514,0.7749999761581421,0.5759000182151794
YBR036C,YBR262C,0,-2.0925293,0.11859219521284103,0.7749999761581421,0.5759999752044678
YMR152W,YIL027C,0,-2.092717,0.11857405304908752,0.7749999761581421,0.5760999917984009
YOR204W,YDR261C,0,-2.0927918,0.11855591088533401,0.7749999761581421,0.576200008392334
YJL079C,YBR302C,0,-2.09287,0.1185377761721611,0.7749999761581421,0.5763000249862671
YOR229W,YOR143C,0,-2.0929058,0.11851964890956879,0.7749999761581421,0.5763999819755554
YAL044C,YGL097W,0,-2.092991,0.11850152909755707,0.7749999761581421,0.5764999985694885
YDR103W,YLL050C,0,-2.0930634,0.11848340928554535,0.7749999761581421,0.5766000151634216
YBL054W,YDL215C,0,-2.0932612,0.11846530437469482,0.7749999761581421,0.57669997215271
YDL102W,YBR018C,0,-2.0933714,0.1184471920132637,0.7749999761581421,0.5767999887466431
YJL012C,YOL111C,0,-2.0936377,0.11842909455299377,0.7749999761581421,0.5769000053405762
YKL099C,YBR022W,0,-2.0936923,0.11841099709272385,0.7749999761581421,0.5770000219345093
YHR109W,YPL001W,0,-2.0938725,0.11839291453361511,0.7749999761581421,0.5770999789237976
YDR234W,YGR058W,0,-2.0939043,0.11837482452392578,0.7749999761581421,0.5771999955177307
YBR146W,YDR093W,0,-2.0941384,0.11835674941539764,0.7749999761581421,0.5773000121116638
YOR272W,YDR182W,0,-2.0944126,0.1183386743068695,0.7749999761581421,0.5774000287055969
YHR135C,YAL021C,0,-2.094422,0.11832061409950256,0.7749999761581421,0.5774999856948853
YAL060W,YDL130W,0,-2.0945096,0.11830254644155502,0.7749999761581421,0.5776000022888184
YLR121C,YBL027W,0,-2.0945694,0.11828449368476868,0.7749999761581421,0.5777000188827515
YBR057C,YDR092W,0,-2.0947611,0.11826644092798233,0.7749999761581421,0.5777999758720398
YGR205W,YLR356W,0,-2.0950835,0.11824839562177658,0.7749999761581421,0.5778999924659729
YMR246W,YLR096W,0,-2.0951703,0.11823035776615143,0.7749999761581421,0.578000009059906
YOR096W,YGL250W,0,-2.0951822,0.11821232736110687,0.7749999761581421,0.5781000256538391
YGR083C,YLR342W,0,-2.095436,0.11819429695606232,0.7749999761581421,0.5781999826431274
YMR093W,YGL186C,0,-2.0956204,0.11817627400159836,0.7749999761581421,0.5782999992370605
YMR036C,YJL013C,0,-2.0956218,0.118158258497715,0.7749999761581421,0.5784000158309937
YLR404W,YML001W,0,-2.095844,0.11814024299383163,0.7749999761581421,0.578499972820282
YOL084W,YOR021C,0,-2.09622,0.11812223494052887,0.7749999761581421,0.5785999894142151
YHL032C,YER132C,0,-2.0962267,0.1181042343378067,0.7749999761581421,0.5787000060081482
YOR243C,YGR170W,0,-2.09649,0.11808624118566513,0.7749999761581421,0.5788000226020813
YKR058W,YDL225W,0,-2.096497,0.11806824803352356,0.7749999761581421,0.5788999795913696
YJL011C,YEL006W,0,-2.096952,0.11805026978254318,0.7749999761581421,0.5789999961853027
YJR094W-A,YGR036C,0,-2.0970707,0.11803228408098221,0.7749999761581421,0.5791000127792358
YJR158W,YDL245C,1,-2.0974348,0.11816658824682236,0.7760000228881836,0.5791000127792358
YGR195W,YDL146W,0,-2.097805,0.11814860254526138,0.7760000228881836,0.579200029373169
YHR031C,YHR042W,0,-2.0978208,0.11813061684370041,0.7760000228881836,0.5792999863624573
YLR191W,YOR317W,0,-2.0979643,0.11811263114213943,0.7760000228881836,0.5794000029563904
YNL063W,YGR038W,0,-2.097982,0.11809466034173965,0.7760000228881836,0.5795000195503235
YGR058W,YFL046W,0,-2.098508,0.11807668954133987,0.7760000228881836,0.5795999765396118
YCL050C,YPR083W,0,-2.0986655,0.11805872619152069,0.7760000228881836,0.5796999931335449
YOL091W,YOL094C,0,-2.09903,0.1180407702922821,0.7760000228881836,0.579800009727478
YJL026W,YDR202C,0,-2.0993555,0.11802281439304352,0.7760000228881836,0.5799000263214111
YPR125W,YMR019W,0,-2.0994167,0.11800486594438553,0.7760000228881836,0.5799999833106995
YFR042W,YPL249C-A,0,-2.0996292,0.11798692494630814,0.7760000228881836,0.5800999999046326
YHR094C,YEL069C,1,-2.099971,0.11812101304531097,0.7770000100135803,0.5800999999046326
YOR095C,YLL002W,0,-2.1002457,0.11810305714607239,0.7770000100135803,0.5802000164985657
YCR020W-B,YPR139C,0,-2.1004665,0.1180851086974144,0.7770000100135803,0.580299973487854
YOR152C,YLR119W,0,-2.1005108,0.11806716024875641,0.7770000100135803,0.5803999900817871
YKL140W,YOR310C,0,-2.1008928,0.11804922670125961,0.7770000100135803,0.5805000066757202
YBR083W,YNL039W,0,-2.1012018,0.11803129315376282,0.7770000100135803,0.5806000232696533
YMR091C,YDR350C,0,-2.1012733,0.11801336705684662,0.7770000100135803,0.5806999802589417
YDL178W,YGR096W,0,-2.1012964,0.11799544095993042,0.7770000100135803,0.5807999968528748
YML127W,YNL204C,0,-2.1014118,0.11797752976417542,0.7770000100135803,0.5809000134468079
YOR231W,YMR300C,0,-2.101507,0.11795961856842041,0.7770000100135803,0.5809999704360962
YGR181W,YHR155W,0,-2.1017725,0.117941714823246,0.7770000100135803,0.5810999870300293
YBL060W,YER179W,0,-2.1017869,0.1179238110780716,0.7770000100135803,0.5812000036239624
YPL070W,YNL082W,0,-2.1020012,0.11790591478347778,0.7770000100135803,0.5813000202178955
YDL123W,YJL097W,0,-2.1020195,0.11788802593946457,0.7770000100135803,0.5813999772071838
YLR399C,YGR282C,0,-2.102215,0.11787014454603195,0.7770000100135803,0.5814999938011169
YOL084W,YIL033C,0,-2.1024854,0.11785227060317993,0.7770000100135803,0.58160001039505
YMR213W,YIL010W,0,-2.1025805,0.11783439666032791,0.7770000100135803,0.5817000269889832
YJL076W,YGR264C,0,-2.1026075,0.11781653016805649,0.7770000100135803,0.5817999839782715
YLR356W,YHL011C,0,-2.1026108,0.11779866367578506,0.7770000100135803,0.5819000005722046
YNL281W,YAL047C,0,-2.102755,0.11778081208467484,0.7770000100135803,0.5820000171661377
YDR512C,YPL003W,0,-2.1027746,0.1177629604935646,0.7770000100135803,0.582099974155426
YHR096C,YHL020C,0,-2.1028054,0.11774511635303497,0.7770000100135803,0.5821999907493591
YJL079C,YHL004W,0,-2.1028898,0.11772727221250534,0.7770000100135803,0.5823000073432922
YML110C,YCR027C,0,-2.1029058,0.1177094355225563,0.7770000100135803,0.5824000239372253
YJL029C,YMR267W,0,-2.1029553,0.11769160628318787,0.7770000100135803,0.5824999809265137
YJR158W,YHR092C,1,-2.1031861,0.1178252324461937,0.777999997138977,0.5824999809265137
YGL247W,YMR241W,0,-2.1032314,0.11780738830566406,0.777999997138977,0.5825999975204468
YER039C,YDL247W,1,-2.1034102,0.11794095486402512,0.7789999842643738,0.5825999975204468
YOR163W,YMR018W,0,-2.1034458,0.11792310327291489,0.7789999842643738,0.5827000141143799
YLL050C,YGL136C,0,-2.1034584,0.11790525168180466,0.7789999842643738,0.5827999711036682
YKL003C,YDR261C,0,-2.103587,0.11788740754127502,0.7789999842643738,0.5828999876976013
YGL106W,YOR229W,0,-2.1035984,0.11786957085132599,0.7789999842643738,0.5830000042915344
YGR278W,YJL083W,0,-2.1037579,0.11785174161195755,0.7789999842643738,0.5831000208854675
YOL008W,YMR021C,0,-2.1037881,0.11783391237258911,0.7789999842643738,0.5831999778747559
YHR036W,YCL008C,0,-2.103851,0.11781609058380127,0.7789999842643738,0.583299994468689
YDL002C,YKL085W,0,-2.103892,0.11779827624559402,0.7789999842643738,0.5834000110626221
YHR111W,YKL054C,0,-2.1042383,0.11778046935796738,0.7789999842643738,0.5835000276565552
YKL165C,YOR310C,0,-2.1042783,0.11776266247034073,0.7789999842643738,0.5835999846458435
YJL187C,YJL026W,0,-2.104351,0.11774486303329468,0.7789999842643738,0.5837000012397766
YGL210W,YGL161C,0,-2.104577,0.11772706359624863,0.7789999842643738,0.5838000178337097
YHL003C,YFR019W,0,-2.104963,0.11770927906036377,0.7789999842643738,0.583899974822998
YGR097W,YLL043W,1,-2.1050744,0.11784257739782333,0.7799999713897705,0.583899974822998
YNL045W,YOL093W,0,-2.1054933,0.11782477051019669,0.7799999713897705,0.5839999914169312
YDL098C,YMR232W,0,-2.105652,0.11780697852373123,0.7799999713897705,0.5841000080108643
YJL142C,YLR083C,0,-2.105883,0.11778918653726578,0.7799999713897705,0.5842000246047974
YJL191W,YMR019W,0,-2.1059704,0.11777140200138092,0.7799999713897705,0.5842999815940857
YGL234W,YBL064C,0,-2.106104,0.11775362491607666,0.7799999713897705,0.5843999981880188
YCR060W,YGL206C,0,-2.106197,0.1177358478307724,0.7799999713897705,0.5845000147819519
YLR260W,YMR221C,0,-2.1064675,0.11771807819604874,0.7799999713897705,0.5845999717712402
YKL062W,YJR042W,0,-2.1066668,0.11770031601190567,0.7799999713897705,0.5846999883651733
YOR137C,YPR145W,0,-2.1067092,0.1176825612783432,0.7799999713897705,0.5848000049591064
YGL210W,YHR047C,0,-2.1067111,0.11766480654478073,0.7799999713897705,0.5849000215530396
YLR453C,YJL090C,0,-2.106777,0.11764705926179886,0.7799999713897705,0.5849999785423279
YER015W,YGL065C,0,-2.1071517,0.11762931942939758,0.7799999713897705,0.585099995136261
YBR167C,YBR017C,0,-2.107186,0.11761157959699631,0.7799999713897705,0.5852000117301941
YIL043C,YMR305C,0,-2.1072624,0.11759384721517563,0.7799999713897705,0.5853000283241272
YHR134W,YDR319C,0,-2.1075583,0.11757612228393555,0.7799999713897705,0.5853999853134155
YOL019W,YLR007W,0,-2.1076,0.11755840480327606,0.7799999713897705,0.5855000019073486
YGR289C,YJR160C,1,-2.1077442,0.11769138276576996,0.781000018119812,0.5855000019073486
YDL123W,YER021W,0,-2.1077883,0.11767365038394928,0.781000018119812,0.5856000185012817
YCL005W,YPR125W,0,-2.1078846,0.1176559180021286,0.781000018119812,0.5856999754905701
YBR043C,YDR142C,0,-2.1080873,0.11763820052146912,0.781000018119812,0.5857999920845032
YLR286C,YDR520C,0,-2.1080954,0.11762048304080963,0.781000018119812,0.5859000086784363
YPR149W,YGL008C,0,-2.1081462,0.11760277301073074,0.781000018119812,0.5860000252723694
YOR158W,YDR437W,0,-2.1081643,0.11758506298065186,0.781000018119812,0.5860999822616577
YOR231W,YJL023C,0,-2.1085942,0.11756736785173416,0.781000018119812,0.5861999988555908
YMR032W,YPR160W,0,-2.1088998,0.11754966527223587,0.781000018119812,0.5863000154495239
YGR206W,YBR240C,0,-2.108951,0.11753197759389877,0.781000018119812,0.5863999724388123
YLR430W,YDL065C,0,-2.1092758,0.11751429736614227,0.781000018119812,0.5864999890327454
YDR342C,YHR094C,1,-2.1093128,0.11764705926179886,0.7820000052452087,0.5864999890327454
YMR283C,YPL111W,0,-2.1095068,0.11762936413288116,0.7820000052452087,0.5866000056266785
YDR084C,YLR172C,0,-2.1096327,0.11761166900396347,0.7820000052452087,0.5867000222206116
YLR249W,YNL321W,0,-2.1096327,0.11759398132562637,0.7820000052452087,0.5867999792098999
YAL044C,YLR390W,0,-2.1097815,0.11757630109786987,0.7820000052452087,0.586899995803833
YKL132C,YNL281W,0,-2.110031,0.11755862832069397,0.7820000052452087,0.5870000123977661
YDR277C,YER039C,1,-2.1101062,0.11769126355648041,0.7829999923706055,0.5870000123977661
YGL091C,YBL084C,0,-2.1101844,0.11767358332872391,0.7829999923706055,0.5871000289916992
YGL253W,YJR160C,1,-2.1103184,0.11780615895986557,0.7839999794960022,0.5871000289916992
YOR151C,YKR029C,0,-2.1103685,0.11778846383094788,0.7839999794960022,0.5871999859809875
YEL049W,YIL097W,0,-2.1104162,0.11777076870203018,0.7839999794960022,0.5873000025749207
YGL131C,YPL141C,0,-2.1106915,0.11775308102369308,0.7839999794960022,0.5874000191688538
YKL062W,YIL162W,0,-2.1107092,0.11773539334535599,0.7839999794960022,0.5874999761581421
YOL103W,YDR520C,0,-2.1110518,0.11771772056818008,0.7839999794960022,0.5875999927520752
YLR410W,YBR173C,0,-2.1111002,0.11770004779100418,0.7839999794960022,0.5877000093460083
YMR012W,YGL028C,0,-2.111121,0.11768237501382828,0.7839999794960022,0.5878000259399414
YIL087C,YNL131W,0,-2.1112044,0.11766471713781357,0.7839999794960022,0.5878999829292297
YGR289C,YPR026W,1,-2.111416,0.1177971214056015,0.7850000262260437,0.5878999829292297
YLR325C,YFL017C,0,-2.1114209,0.117779441177845,0.7850000262260437,0.5879999995231628
YGL025C,YDL065C,0,-2.1114392,0.1177617758512497,0.7850000262260437,0.588100016117096
YDL247W,YNL009W,0,-2.111536,0.11774411052465439,0.7850000262260437,0.5881999731063843
YJR075W,YDR454C,0,-2.1116965,0.11772645264863968,0.7850000262260437,0.5882999897003174
YDL222C,YLR097C,0,-2.1121554,0.11770880222320557,0.7850000262260437,0.5884000062942505
YLR203C,YKL072W,0,-2.1121955,0.11769115179777145,0.7850000262260437,0.5885000228881836
YGL207W,YDL247W,0,-2.1123216,0.11767350882291794,0.7850000262260437,0.5885999798774719
YOL084W,YER070W,0,-2.1124616,0.11765587329864502,0.7850000262260437,0.588699996471405
YGR085C,YMR305C,0,-2.1125212,0.1176382452249527,0.7850000262260437,0.5888000130653381
YBR294W,YLR260W,0,-2.1125746,0.11762061715126038,0.7850000262260437,0.5889000296592712
YPL091W,YLR172C,0,-2.1127474,0.11760299652814865,0.7850000262260437,0.5889999866485596
YLR060W,YER183C,0,-2.1127558,0.11758538335561752,0.7850000262260437,0.5891000032424927
YNL293W,YKR101W,0,-2.1128242,0.1175677701830864,0.7850000262260437,0.5892000198364258
YGL153W,YFL017C,0,-2.1130052,0.11755016446113586,0.7850000262260437,0.5892999768257141
YJR158W,YCL040W,1,-2.1133378,0.11768228560686111,0.7860000133514404,0.5892999768257141
YDR080W,YNL103W,0,-2.1135406,0.11766467243432999,0.7860000133514404,0.5893999934196472
YJR149W,YPR047W,0,-2.1135511,0.11764705926179886,0.7860000133514404,0.5895000100135803
YAR019C,YER159C,0,-2.1137161,0.11762945353984833,0.7860000133514404,0.5896000266075134
YDL222C,YPL119C,0,-2.1139042,0.1176118478178978,0.7860000133514404,0.5896999835968018
YBR298C,YML038C,1,-2.1140814,0.11774386465549469,0.7870000004768372,0.5896999835968018
YJL047C,YER132C,0,-2.114209,0.11772625148296356,0.7870000004768372,0.5898000001907349
YDR197W,YPR110C,0,-2.1144347,0.11770864576101303,0.7870000004768372,0.589900016784668
YLR260W,YNR027W,0,-2.1145833,0.1176910400390625,0.7870000004768372,0.5899999737739563
YMR211W,YKR061W,0,-2.1146219,0.11767344176769257,0.7870000004768372,0.5900999903678894
YBR296C,YGR223C,0,-2.11505,0.11765585094690323,0.7870000004768372,0.5902000069618225
YPL040C,YOR310C,0,-2.1151037,0.11763826757669449,0.7870000004768372,0.5903000235557556
YBR065C,YEL056W,0,-2.1152852,0.11762068420648575,0.7870000004768372,0.590399980545044
YCL063W,YGR038W,0,-2.1153734,0.1176031082868576,0.7870000004768372,0.590499997138977
YOR028C,YOL070C,0,-2.1155007,0.11758553981781006,0.7870000004768372,0.5906000137329102
YGL166W,YFL002C,0,-2.1155832,0.11756797134876251,0.7870000004768372,0.5906999707221985
YBR302C,YAR015W,0,-2.115723,0.11755041033029556,0.7870000004768372,0.5907999873161316
YCR104W,YOR007C,0,-2.1158166,0.11753285676240921,0.7870000004768372,0.5909000039100647
YOL089C,YNL005C,0,-2.1159647,0.11751530319452286,0.7870000004768372,0.5910000205039978
YPL091W,YOR137C,0,-2.1159787,0.1174977570772171,0.7870000004768372,0.5910999774932861
YGR221C,YJR065C,0,-2.1160479,0.11748021841049194,0.7870000004768372,0.5911999940872192
YNR001C,YAL034W-A,0,-2.116151,0.11746268719434738,0.7870000004768372,0.5913000106811523
YKL087C,YJL097W,0,-2.1162071,0.11744515597820282,0.7870000004768372,0.5914000272750854
YOR371C,YPR140W,0,-2.1163714,0.11742763221263885,0.7870000004768372,0.5914999842643738
YOR260W,YFL017C,0,-2.1165268,0.11741011589765549,0.7870000004768372,0.5916000008583069
YPL089C,YJL061W,0,-2.117028,0.11739259958267212,0.7870000004768372,0.59170001745224
YJL156C,YGL236C,0,-2.1170294,0.11737509071826935,0.7870000004768372,0.5917999744415283
YBR021W,YGL186C,0,-2.117189,0.11735758930444717,0.7870000004768372,0.5918999910354614
YKL149C,YGR109C,0,-2.117226,0.1173400953412056,0.7870000004768372,0.5920000076293945
YLL013C,YPL051W,0,-2.1172526,0.11732260137796402,0.7870000004768372,0.5921000242233276
YLR440C,YLR083C,0,-2.1173258,0.11730511486530304,0.7870000004768372,0.592199981212616
YPL244C,YDR342C,1,-2.1176383,0.11743666231632233,0.7879999876022339,0.592199981212616
YGR204W,YKL020C,0,-2.1177635,0.11741916090250015,0.7879999876022339,0.5922999978065491
YJL187C,YOR084W,0,-2.117878,0.11740166693925858,0.7879999876022339,0.5924000144004822
YIL031W,YOL055C,0,-2.118016,0.1173841804265976,0.7879999876022339,0.5924999713897705
YAL034W-A,YNL002C,0,-2.1180394,0.11736669391393661,0.7879999876022339,0.5925999879837036
YDR439W,YKR066C,0,-2.118125,0.11734921485185623,0.7879999876022339,0.5927000045776367
YJL052W,YNR057C,0,-2.1182427,0.11733174324035645,0.7879999876022339,0.5928000211715698
YEL034W,YNL082W,0,-2.1187816,0.11731427907943726,0.7879999876022339,0.5928999781608582
YHR096C,YGL200C,0,-2.119148,0.11729681491851807,0.7879999876022339,0.5929999947547913
YPR160W,YKL020C,0,-2.1191561,0.11727935820817947,0.7879999876022339,0.5931000113487244
YBL093C,YAL021C,0,-2.119602,0.11726190149784088,0.7879999876022339,0.5932000279426575
YMR113W,YCR042C,0,-2.1196337,0.11724445968866348,0.7879999876022339,0.5932999849319458
YNL026W,YHR107C,0,-2.1198153,0.11722701787948608,0.7879999876022339,0.5934000015258789
YOR319W,YKL167C,0,-2.1201837,0.11720957607030869,0.7879999876022339,0.593500018119812
YBR278W,YOR371C,0,-2.1202898,0.11719214916229248,0.7879999876022339,0.5935999751091003
YOL084W,YKL072W,0,-2.1211529,0.11717472225427628,0.7879999876022339,0.5936999917030334
YDR454C,YNL082W,0,-2.1211789,0.11715730279684067,0.7879999876022339,0.5938000082969666
YCR018C,YJL137C,0,-2.1211998,0.11713988333940506,0.7879999876022339,0.5939000248908997
YKR077W,YMR154C,0,-2.1215255,0.11712247133255005,0.7879999876022339,0.593999981880188
YCL063W,YLR249W,0,-2.121572,0.11710506677627563,0.7879999876022339,0.5940999984741211
YJL029C,YLR467W,0,-2.121731,0.11708766967058182,0.7879999876022339,0.5942000150680542
YPL004C,YMR301C,0,-2.121887,0.117070272564888,0.7879999876022339,0.5942999720573425
YMR212C,YJL076W,0,-2.1221075,0.11705288290977478,0.7879999876022339,0.5943999886512756
YGR174C,YHR084W,0,-2.1221316,0.11703549325466156,0.7879999876022339,0.5945000052452087
YGR222W,YIL010W,0,-2.1224763,0.11701811850070953,0.7879999876022339,0.5946000218391418
YBR255W,YLR450W,0,-2.1224806,0.11700074374675751,0.7879999876022339,0.5946999788284302
YGL253W,YDL247W,1,-2.1225696,0.11713182926177979,0.7889999747276306,0.5946999788284302
YNL097C,YOR153W,0,-2.1226704,0.11711443960666656,0.7889999747276306,0.5947999954223633
YKR021W,YBR023C,0,-2.1227553,0.11709706485271454,0.7889999747276306,0.5949000120162964
YBR296C,YNR054C,0,-2.122832,0.11707968264818192,0.7889999747276306,0.5950000286102295
YJL137C,YGL161C,0,-2.1228647,0.11706231534481049,0.7889999747276306,0.5950999855995178
YGL099W,YNL314W,0,-2.122893,0.11704494804143906,0.7889999747276306,0.5952000021934509
YPR188C,YOR371C,0,-2.1230438,0.11702758818864822,0.7889999747276306,0.595300018787384
YGL106W,YDR270W,0,-2.1231368,0.11701023578643799,0.7889999747276306,0.5953999757766724
YMR070W,YOL154W,0,-2.12315,0.11699288338422775,0.7889999747276306,0.5954999923706055
YMR263W,YEL017C-A,0,-2.1232326,0.11697553843259811,0.7889999747276306,0.5956000089645386
YBR255W,YJR041C,0,-2.1233206,0.11695820093154907,0.7889999747276306,0.5957000255584717
YDR503C,YDR520C,0,-2.124078,0.11694086343050003,0.7889999747276306,0.59579998254776
YHR186C,YKL134C,0,-2.1241379,0.11692353338003159,0.7889999747276306,0.5958999991416931
YPR184W,YKR021W,0,-2.1241891,0.11690621078014374,0.7889999747276306,0.5960000157356262
YLR160C,YDR373W,0,-2.1245406,0.11688888818025589,0.7889999747276306,0.5960999727249146
YMR319C,YOL115W,0,-2.1246276,0.11687157303094864,0.7889999747276306,0.5961999893188477
YGL027C,YJR032W,0,-2.124766,0.11685426533222198,0.7889999747276306,0.5963000059127808
YPR026W,YDR345C,1,-2.1250432,0.11698504537343979,0.7900000214576721,0.5963000059127808
YLR286C,YJL052W,0,-2.1250558,0.11696772277355194,0.7900000214576721,0.5964000225067139
YAL048C,YML059C,0,-2.1251967,0.11695040762424469,0.7900000214576721,0.5964999794960022
YPL195W,YMR289W,0,-2.1258101,0.11693309992551804,0.7900000214576721,0.5965999960899353
YNL096C,YCR089W,0,-2.1261024,0.11691579222679138,0.7900000214576721,0.5967000126838684
YMR154C,YGR074W,0,-2.1264117,0.11689849197864532,0.7900000214576721,0.5968000292778015
YJL011C,YMR029C,0,-2.1264417,0.11688119173049927,0.7900000214576721,0.5968999862670898
YJR072C,YGR112W,0,-2.1268008,0.1168639063835144,0.7900000214576721,0.597000002861023
YEL012W,YLR319C,0,-2.127349,0.11684662103652954,0.7900000214576721,0.597100019454956
YDL171C,YDR463W,0,-2.1275702,0.11682934314012527,0.7900000214576721,0.5971999764442444
YGL234W,YBR229C,0,-2.1278546,0.11681206524372101,0.7900000214576721,0.5972999930381775
YGL065C,YDL036C,0,-2.1279671,0.11679479479789734,0.7900000214576721,0.5974000096321106
YKL144C,YJL155C,0,-2.1283038,0.11677753180265427,0.7900000214576721,0.5975000262260437
YPL003W,YDL065C,0,-2.128437,0.1167602688074112,0.7900000214576721,0.597599983215332
YOR231W,YJL083W,0,-2.1290095,0.11674302071332932,0.7900000214576721,0.5976999998092651
YGR101W,YLR197W,0,-2.129102,0.11672576516866684,0.7900000214576721,0.5978000164031982
YPL037C,YOR362C,0,-2.1291864,0.11670852452516556,0.7900000214576721,0.5978999733924866
YOL084W,YAL051W,0,-2.129204,0.11669128388166428,0.7900000214576721,0.5979999899864197
YJL110C,YOR158W,0,-2.1293554,0.11667405068874359,0.7900000214576721,0.5981000065803528
YGR097W,YHR096C,1,-2.1297014,0.11680448800325394,0.7910000085830688,0.5981000065803528
YOR019W,YHL004W,0,-2.129778,0.11678723990917206,0.7910000085830688,0.5982000231742859
YPL091W,YGL261C,0,-2.1301653,0.11676999926567078,0.7910000085830688,0.5982999801635742
YCR002C,YNR067C,0,-2.1304185,0.11675276607275009,0.7910000085830688,0.5983999967575073
YPL195W,YDR099W,0,-2.130503,0.11673554033041,0.7910000085830688,0.5985000133514404
YGR251W,YOR206W,0,-2.1306405,0.11671831458806992,0.7910000085830688,0.5985999703407288
YLR350W,YCR092C,0,-2.130656,0.11670108884572983,0.7910000085830688,0.5986999869346619
YDR234W,YOL154W,0,-2.1306722,0.11668387800455093,0.7910000085830688,0.598800003528595
YLR242C,YLR399C,0,-2.130851,0.11666666716337204,0.7910000085830688,0.5989000201225281
YJR160C,YER039C,1,-2.1310377,0.11679693311452866,0.7919999957084656,0.5989000201225281
YPL208W,YBL093C,0,-2.1311624,0.11677970737218857,0.7919999957084656,0.5989999771118164
YIL078W,YBR036C,0,-2.1312435,0.11676249653100967,0.7919999957084656,0.5990999937057495
YMR114C,YJL191W,0,-2.1312568,0.11674528568983078,0.7919999957084656,0.5992000102996826
YEL034W,YBR001C,0,-2.1313448,0.11672807484865189,0.7919999957084656,0.5993000268936157
YGR212W,YGL250W,0,-2.13151,0.11671087890863419,0.7919999957084656,0.599399983882904
YJL072C,YBR022W,0,-2.1317084,0.11669367551803589,0.7919999957084656,0.5995000004768372
YGL026C,YDR092W,0,-2.1317627,0.11667648702859879,0.7919999957084656,0.5996000170707703
YLL029W,YOR058C,0,-2.1318069,0.11665929853916168,0.7919999957084656,0.5996999740600586
YHR036W,YLR023C,0,-2.131841,0.11664211750030518,0.7919999957084656,0.5997999906539917
YOR148C,YOR386W,0,-2.1318696,0.11662494391202927,0.7919999957084656,0.5999000072479248
YGR264C,YLR167W,0,-2.132068,0.11660777032375336,0.7919999957084656,0.6000000238418579
YLR058C,YER053C,0,-2.132096,0.11659061163663864,0.7919999957084656,0.6000999808311462
YKR072C,YJL047C,0,-2.1324906,0.11657344549894333,0.7919999957084656,0.6001999974250793
YMR319C,YKL020C,0,-2.132604,0.11655629426240921,0.7919999957084656,0.6003000140190125
YFL057C,YOR310C,0,-2.1326435,0.11653914302587509,0.7919999957084656,0.6003999710083008
YGR084C,YKL099C,0,-2.1327457,0.11652199178934097,0.7919999957084656,0.6004999876022339
YCL010C,YER019W,0,-2.1328115,0.11650485545396805,0.7919999957084656,0.600600004196167
YML059C,YOR153W,0,-2.1328986,0.11648771911859512,0.7919999957084656,0.6007000207901001
YLR052W,YBR050C,0,-2.133252,0.1164705902338028,0.7919999957084656,0.6007999777793884
YHR031C,YIL070C,0,-2.1333508,0.11645346134901047,0.7919999957084656,0.6008999943733215
YGL111W,YOR128C,0,-2.1335914,0.11643633991479874,0.7919999957084656,0.6010000109672546
YCL024W,YLR066W,0,-2.1337492,0.1164192259311676,0.7919999957084656,0.6011000275611877
YIR024C,YBR245C,0,-2.1341207,0.11640211939811707,0.7919999957084656,0.6011999845504761
YGR204W,YJL001W,0,-2.1342556,0.11638501286506653,0.7919999957084656,0.6013000011444092
YGR289C,YDR536W,1,-2.1342647,0.11651483923196793,0.7929999828338623,0.6013000011444092
YOR204W,YFL023W,0,-2.1343381,0.11649772524833679,0.7929999828338623,0.6014000177383423
YBR149W,YPL208W,0,-2.1343455,0.11648061126470566,0.7929999828338623,0.6014999747276306
YCR002C,YGR109C,0,-2.1347096,0.11646350473165512,0.7929999828338623,0.6015999913215637
YNL160W,YFR019W,0,-2.1349123,0.11644640564918518,0.7929999828338623,0.6017000079154968
YLR023C,YLR097C,0,-2.1349876,0.11642930656671524,0.7929999828338623,0.6018000245094299
YDL225W,YPR111W,0,-2.1352885,0.1164122149348259,0.7929999828338623,0.6018999814987183
YGR123C,YKL100C,0,-2.1356301,0.11639512330293655,0.7929999828338623,0.6019999980926514
YJR160C,YDR363W,0,-2.1357958,0.1163780465722084,0.7929999828338623,0.6021000146865845
YHR062C,YKL003C,0,-2.135842,0.11636096984148026,0.7929999828338623,0.6021999716758728
YNL026W,YKR059W,0,-2.1359012,0.1163438931107521,0.7929999828338623,0.6022999882698059
YBR014C,YJL083W,0,-2.136006,0.11632683128118515,0.7929999828338623,0.602400004863739
YBR278W,YGL184C,0,-2.1360395,0.1163097694516182,0.7929999828338623,0.6025000214576721
YNR040W,YDL048C,0,-2.1360955,0.11629271507263184,0.7929999828338623,0.6025999784469604
YDL138W,YPL244C,1,-2.1363642,0.11642228811979294,0.7940000295639038,0.6025999784469604
YKL165C,YLR467W,0,-2.1367228,0.11640521883964539,0.7940000295639038,0.6026999950408936
YFR043C,YDL225W,0,-2.1369727,0.11638815701007843,0.7940000295639038,0.6028000116348267
YGL068W,YML077W,0,-2.1371224,0.11637109518051147,0.7940000295639038,0.6029000282287598
YJL076W,YDL046W,0,-2.137305,0.11635404825210571,0.7940000295639038,0.6029999852180481
YPR041W,YPL051W,0,-2.137377,0.11633699387311935,0.7940000295639038,0.6031000018119812
YJR127C,YML010W,0,-2.13755,0.11631995439529419,0.7940000295639038,0.6032000184059143
YCR092C,YGR038W,0,-2.137636,0.11630291491746902,0.7940000295639038,0.6032999753952026
YCR020W-B,YLL057C,0,-2.1376915,0.11628588289022446,0.7940000295639038,0.6033999919891357
YPR131C,YHR191C,0,-2.1379368,0.11626885086297989,0.7940000295639038,0.6035000085830688
YGR247W,YDR422C,0,-2.1380143,0.11625183373689651,0.7940000295639038,0.603600025177002
YOR019W,YJL025W,0,-2.1383789,0.11623480916023254,0.7940000295639038,0.6036999821662903
YIL043C,YGL026C,0,-2.1384294,0.11621779948472977,0.7940000295639038,0.6037999987602234
YKL170W,YEL064C,0,-2.138618,0.11620078980922699,0.7940000295639038,0.6039000153541565
YKR072C,YKR094C,0,-2.1389391,0.11618378758430481,0.7940000295639038,0.6039999723434448
YJR113C,YLR320W,0,-2.1390066,0.11616678535938263,0.7940000295639038,0.6040999889373779
YKL006W,YOR079C,0,-2.139623,0.11614979803562164,0.7940000295639038,0.604200005531311
YJR007W,YMR225C,0,-2.139901,0.11613280326128006,0.7940000295639038,0.6043000221252441
YDR289C,YOL154W,0,-2.1399643,0.11611582338809967,0.7940000295639038,0.6043999791145325
YHR117W,YCR005C,0,-2.14022,0.11609884351491928,0.7940000295639038,0.6044999957084656
YER074W,YMR183C,0,-2.1403415,0.11608187109231949,0.7940000295639038,0.6046000123023987
YJL072C,YML088W,0,-2.1404085,0.11606490612030029,0.7940000295639038,0.6047000288963318
YPR075C,YPL037C,0,-2.1408343,0.1160479411482811,0.7940000295639038,0.6047999858856201
YBR060C,YIL051C,0,-2.141217,0.1160309836268425,0.7940000295639038,0.6049000024795532
YJL090C,YOR014W,0,-2.141407,0.1160140261054039,0.7940000295639038,0.6050000190734863
YOR067C,YBL106C,0,-2.141517,0.1159970760345459,0.7940000295639038,0.6050999760627747
YMR227C,YDL223C,0,-2.14178,0.1159801334142685,0.7940000295639038,0.6051999926567078
YPL210C,YGR038W,0,-2.1417859,0.11596319824457169,0.7940000295639038,0.6053000092506409
YOR064C,YBR023C,0,-2.1417859,0.11594626307487488,0.7940000295639038,0.605400025844574
YCL032W,YFR002W,0,-2.141876,0.11592933535575867,0.7940000295639038,0.6054999828338623
YDR120C,YOR231W,0,-2.141929,0.11591240763664246,0.7940000295639038,0.6055999994277954
YGR195W,YCR027C,0,-2.1420472,0.11589548736810684,0.7940000295639038,0.6057000160217285
YOR096W,YGL073W,0,-2.1421144,0.11587857455015182,0.7940000295639038,0.6057999730110168
YOR231W,YHR191C,0,-2.1430004,0.1158616691827774,0.7940000295639038,0.60589998960495
YAL034W-A,YLR447C,0,-2.1431282,0.11584476381540298,0.7940000295639038,0.6060000061988831
YGL253W,YDL138W,1,-2.1431468,0.11597374081611633,0.7950000166893005,0.6060000061988831
YJR031C,YLR099C,0,-2.1431737,0.11595682799816132,0.7950000166893005,0.6061000227928162
YDR032C,YNL112W,0,-2.1431878,0.1159399151802063,0.7950000166893005,0.6061999797821045
YPL169C,YPR140W,0,-2.143194,0.11592300981283188,0.7950000166893005,0.6062999963760376
YMR152W,YHL007C,0,-2.1433294,0.11590611189603806,0.7950000166893005,0.6064000129699707
YMR211W,YPL119C,0,-2.143352,0.11588921397924423,0.7950000166893005,0.6065000295639038
YCL063W,YGR217W,0,-2.1434023,0.115872323513031,0.7950000166893005,0.6065999865531921
YNL281W,YPR181C,0,-2.1435204,0.11585543304681778,0.7950000166893005,0.6067000031471252
YOR258W,YGL145W,0,-2.1438537,0.11583855748176575,0.7950000166893005,0.6068000197410583
YGR238C,YGL091C,0,-2.1439483,0.11582168191671371,0.7950000166893005,0.6068999767303467
YKL067W,YCL034W,0,-2.1448095,0.11580480635166168,0.7950000166893005,0.6069999933242798
YOR347C,YPL018W,0,-2.1448886,0.11578793823719025,0.7950000166893005,0.6071000099182129
YOL154W,YBL091C,0,-2.1449406,0.11577107757329941,0.7950000166893005,0.607200026512146
YBR050C,YLR246W,0,-2.1449451,0.11575422435998917,0.7950000166893005,0.6072999835014343
YOR206W,YBR179C,0,-2.1451755,0.11573737114667892,0.7950000166893005,0.6074000000953674
YMR239C,YOR374W,0,-2.145478,0.11572052538394928,0.7950000166893005,0.6075000166893005
YOR354C,YDR473C,0,-2.1455896,0.11570367962121964,0.7950000166893005,0.6075999736785889
YJR160C,YLL043W,1,-2.1456776,0.1158323660492897,0.7960000038146973,0.6075999736785889
YJL079C,YDL100C,0,-2.1457486,0.11581551283597946,0.7960000038146973,0.607699990272522
YCR096C,YNL002C,0,-2.145904,0.11579865962266922,0.7960000038146973,0.6078000068664551
YKR086W,YKL175W,0,-2.1465473,0.11578182131052017,0.7960000038146973,0.6079000234603882
YIL110W,YBR034C,0,-2.1466076,0.11576498299837112,0.7960000038146973,0.6079999804496765
YHR176W,YMR210W,0,-2.146697,0.11574814468622208,0.7960000038146973,0.6080999970436096
YNR007C,YKL144C,0,-2.1468167,0.11573131382465363,0.7960000038146973,0.6082000136375427
YDR299W,YGR292W,0,-2.1471229,0.11571449041366577,0.7960000038146973,0.608299970626831
YDR052C,YDL051W,0,-2.1471632,0.11569767445325851,0.7960000038146973,0.6083999872207642
YLR100W,YAL060W,0,-2.14719,0.11568085849285126,0.7960000038146973,0.6085000038146973
YKL144C,YDR403W,0,-2.1472733,0.1156640499830246,0.7960000038146973,0.6086000204086304
YBR057C,YBR046C,0,-2.1474237,0.11564724892377853,0.7960000038146973,0.6086999773979187
YDR277C,YHR092C,1,-2.147506,0.1157757118344307,0.796999990940094,0.6086999773979187
YLR015W,YOR261C,0,-2.1475408,0.11575889587402344,0.796999990940094,0.6087999939918518
YML064C,YDR359C,0,-2.1476076,0.11574208736419678,0.796999990940094,0.6089000105857849
YER020W,YMR179W,0,-2.147627,0.11572527885437012,0.796999990940094,0.609000027179718
YBR110W,YFL049W,0,-2.1479192,0.11570847779512405,0.796999990940094,0.6090999841690063
YBR057C,YMR220W,0,-2.1479676,0.11569168418645859,0.796999990940094,0.6092000007629395
YJL097W,YMR241W,0,-2.1479907,0.11567489057779312,0.796999990940094,0.6093000173568726
YIL110W,YJL076W,0,-2.1480417,0.11565810441970825,0.796999990940094,0.6093999743461609
YHR111W,YKR101W,0,-2.1480885,0.11564132571220398,0.796999990940094,0.609499990940094
YOL012C,YKL108W,0,-2.148319,0.11562454700469971,0.796999990940094,0.6096000075340271
YDL141W,YMR183C,0,-2.1484735,0.11560777574777603,0.796999990940094,0.6097000241279602
YDL015C,YPL259C,0,-2.1484988,0.11559100449085236,0.796999990940094,0.6097999811172485
YIL138C,YBL056W,0,-2.1491334,0.11557424813508987,0.796999990940094,0.6098999977111816
YDR343C,YBL020W,1,-2.1492531,0.11570248007774353,0.7979999780654907,0.6098999977111816
YOR229W,YOR047C,0,-2.1492846,0.11568570882081985,0.7979999780654907,0.6100000143051147
YDL235C,YLR129W,0,-2.1494114,0.11566893756389618,0.7979999780654907,0.6100999712944031
YKL064W,YPL196W,0,-2.149777,0.1156521737575531,0.7979999780654907,0.6101999878883362
YPR026W,YBR241C,1,-2.1497777,0.11578032374382019,0.7990000247955322,0.6101999878883362
YGL253W,YDL199C,1,-2.1499183,0.1159084290266037,0.800000011920929,0.6101999878883362
YGL084C,YDL194W,1,-2.1499522,0.11603650450706482,0.8009999990463257,0.6101999878883362
YCR095C,YJL001W,0,-2.1503558,0.11601969599723816,0.8009999990463257,0.6103000044822693
YOR128C,YBL060W,0,-2.15038,0.1160028949379921,0.8009999990463257,0.6104000210762024
YFR053C,YEL069C,1,-2.150389,0.11613090336322784,0.8019999861717224,0.6104000210762024
YNL281W,YEL006W,0,-2.15056,0.11611408740282059,0.8019999861717224,0.6104999780654907
YOR047C,YML081W,0,-2.1508725,0.11609727889299393,0.8019999861717224,0.6105999946594238
YMR032W,YML064C,0,-2.1510928,0.11608047783374786,0.8019999861717224,0.6107000112533569
YGL200C,YBL093C,0,-2.1511433,0.1160636767745018,0.8019999861717224,0.61080002784729
YBR083W,YJL167W,0,-2.1511436,0.11604688316583633,0.8019999861717224,0.6108999848365784
YGL067W,YDR424C,0,-2.1513753,0.11603008955717087,0.8019999861717224,0.6110000014305115
YIL138C,YDR142C,0,-2.151397,0.1160133108496666,0.8019999861717224,0.6111000180244446
YCL040W,YHR092C,1,-2.1515458,0.11614116281270981,0.8029999732971191,0.6111000180244446
YNL032W,YGL240W,0,-2.1519034,0.11612436920404434,0.8029999732971191,0.6111999750137329
YGR057C,YJR041C,0,-2.152016,0.11610757559537888,0.8029999732971191,0.611299991607666
YDL122W,YGL008C,0,-2.1521077,0.116090789437294,0.8029999732971191,0.6114000082015991
YHR079C-A,YAL029C,0,-2.152156,0.11607401072978973,0.8029999732971191,0.6115000247955322
YBR110W,YLR404W,0,-2.152168,0.11605723202228546,0.8029999732971191,0.6115999817848206
YHR176W,YLR337C,0,-2.1522443,0.11604046076536179,0.8029999732971191,0.6116999983787537
YGR002C,YLR220W,0,-2.1523335,0.11602369695901871,0.8029999732971191,0.6118000149726868
YGR282C,YGR262C,0,-2.1527297,0.11600693315267563,0.8029999732971191,0.6118999719619751
YFR011C,YJL180C,0,-2.152875,0.11599017679691315,0.8029999732971191,0.6119999885559082
YOR128C,YBR173C,0,-2.1529415,0.11597342789173126,0.8029999732971191,0.6121000051498413
YDR372C,YLR265C,0,-2.1530626,0.11595667898654938,0.8029999732971191,0.6122000217437744
YGR044C,YLR172C,0,-2.1532702,0.11593993753194809,0.8029999732971191,0.6122999787330627
YIL103W,YAR002W,0,-2.153446,0.1159231960773468,0.8029999732971191,0.6123999953269958
YBL071W-A,YOL041C,0,-2.15347,0.11590646952390671,0.8029999732971191,0.612500011920929
YOR064C,YHR183W,0,-2.1535501,0.11588973551988602,0.8029999732971191,0.6126000285148621
YDR372C,YOR322C,0,-2.1536856,0.11587301641702652,0.8029999732971191,0.6126999855041504
YHL013C,YGL213C,0,-2.1539638,0.11585629731416702,0.8029999732971191,0.6128000020980835
YLR404W,YNL281W,0,-2.1540716,0.11583958566188812,0.8029999732971191,0.6129000186920166
YKR072C,YHR109W,0,-2.1540926,0.11582287400960922,0.8029999732971191,0.6129999756813049
YHR031C,YDR522C,0,-2.1543481,0.11580616980791092,0.8029999732971191,0.613099992275238
YEL016C,YNL311C,0,-2.154494,0.11578947305679321,0.8029999732971191,0.6132000088691711
YML110C,YMR305C,0,-2.1547482,0.1157727763056755,0.8029999732971191,0.6133000254631042
YBR255W,YKL188C,0,-2.1551945,0.1157560870051384,0.8029999732971191,0.6133999824523926
YCR091W,YDR525W-A,0,-2.1552749,0.11573940515518188,0.8029999732971191,0.6134999990463257
YML127W,YBL087C,0,-2.1554644,0.11572272330522537,0.8029999732971191,0.6136000156402588
YCR072C,YEL006W,0,-2.1560585,0.11570604890584946,0.8029999732971191,0.6136999726295471
YDR524C,YOR079C,0,-2.1564085,0.11568938195705414,0.8029999732971191,0.6137999892234802
YOR258W,YLR332W,0,-2.1564262,0.11567271500825882,0.8029999732971191,0.6139000058174133
YNL047C,YBL060W,0,-2.1565285,0.1156560555100441,0.8029999732971191,0.6140000224113464
YGL025C,YPR047W,0,-2.1566558,0.11563940346240997,0.8029999732971191,0.6140999794006348
YKL140W,YIL094C,0,-2.1567547,0.11562275141477585,0.8029999732971191,0.6141999959945679
YER001W,YDR373W,0,-2.1569185,0.11560610681772232,0.8029999732971191,0.614300012588501
YNR057C,YNL308C,0,-2.157066,0.11558946222066879,0.8029999732971191,0.6144000291824341
YFL017C,YDR182W,0,-2.1571052,0.11557282507419586,0.8029999732971191,0.6144999861717224
YLR015W,YPR023C,0,-2.1572254,0.11555619537830353,0.8029999732971191,0.6146000027656555
YIR030C,YJL153C,0,-2.1572363,0.1155395656824112,0.8029999732971191,0.6147000193595886
YER098W,YGL017W,0,-2.157302,0.11552294343709946,0.8029999732971191,0.614799976348877
YML127W,YPL208W,0,-2.1573083,0.11550632864236832,0.8029999732971191,0.6148999929428101
YAR015W,YOR067C,0,-2.157735,0.11548971384763718,0.8029999732971191,0.6150000095367432
YOR047C,YDR373W,0,-2.1579769,0.11547310650348663,0.8029999732971191,0.6151000261306763
YKL064W,YOR213C,0,-2.1580665,0.11545650660991669,0.8029999732971191,0.6151999831199646
YNL281W,YDL051W,0,-2.1582043,0.11543990671634674,0.8029999732971191,0.6152999997138977
YGR194C,YMR278W,0,-2.158352,0.11542331427335739,0.8029999732971191,0.6154000163078308
YOL049W,YAL047C,0,-2.1583924,0.11540672928094864,0.8029999732971191,0.6154999732971191
YAR007C,YKR056W,0,-2.1588027,0.11539014428853989,0.8029999732971191,0.6155999898910522
YDL141W,YKL180W,0,-2.1590967,0.11537356674671173,0.8029999732971191,0.6157000064849854
YCR012W,YDL044C,0,-2.1591175,0.11535698920488358,0.8029999732971191,0.6158000230789185
YNL197C,YFL046W,0,-2.1591413,0.11534041911363602,0.8029999732971191,0.6158999800682068
YJR044C,YGL099W,0,-2.1595314,0.11532385647296906,0.8029999732971191,0.6159999966621399
YJL110C,YHR042W,0,-2.1595776,0.1153072938323021,0.8029999732971191,0.616100013256073
YKL108W,YOR090C,0,-2.1596365,0.11529073864221573,0.8029999732971191,0.6161999702453613
YJL065C,YNL103W,0,-2.1596973,0.11527419090270996,0.8029999732971191,0.6162999868392944
YDR080W,YNL002C,0,-2.1601694,0.1152576431632042,0.8029999732971191,0.6164000034332275
YLL013C,YLL039C,0,-2.1605637,0.11524110287427902,0.8029999732971191,0.6165000200271606
YNL084C,YGL233W,0,-2.1606746,0.11522456258535385,0.8029999732971191,0.616599977016449
YIL094C,YDL066W,0,-2.1607783,0.11520803719758987,0.8029999732971191,0.6166999936103821
YDR342C,YBL020W,1,-2.1609094,0.11533495783805847,0.8040000200271606,0.6166999936103821
YJR123W,YDR513W,0,-2.1611269,0.1153184175491333,0.8040000200271606,0.6168000102043152
YMR306W,YDL103C,0,-2.1611822,0.11530187726020813,0.8040000200271606,0.6169000267982483
YGL166W,YBL054W,0,-2.1613357,0.11528534442186356,0.8040000200271606,0.6169999837875366
YJL029C,YIL043C,0,-2.1614506,0.11526881903409958,0.8040000200271606,0.6171000003814697
YBR193C,YPL001W,0,-2.1616392,0.1152522936463356,0.8040000200271606,0.6172000169754028
YGL195W,YKL017C,0,-2.161673,0.11523577570915222,0.8040000200271606,0.6172999739646912
YGL019W,YNR027W,0,-2.1616986,0.11521925777196884,0.8040000200271606,0.6173999905586243
YNL185C,YOR094W,0,-2.1617599,0.11520275473594666,0.8040000200271606,0.6175000071525574
YLR371W,YBR007C,0,-2.1620035,0.11518624424934387,0.8040000200271606,0.6176000237464905
YBR021W,YMR072W,0,-2.1620996,0.11516974866390228,0.8040000200271606,0.6176999807357788
YKL175W,YDR092W,0,-2.1623847,0.1151532530784607,0.8040000200271606,0.6177999973297119
YMR077C,YDR522C,0,-2.1624634,0.1151367574930191,0.8040000200271606,0.617900013923645
YBR302C,YJR059W,0,-2.162649,0.11512027680873871,0.8040000200271606,0.6179999709129333
YNL063W,YLR083C,0,-2.1627753,0.11510379612445831,0.8040000200271606,0.6180999875068665
YJR007W,YBR229C,0,-2.163038,0.11508731544017792,0.8040000200271606,0.6182000041007996
YLR355C,YDR503C,0,-2.1630642,0.11507084220647812,0.8040000200271606,0.6183000206947327
YAR007C,YJL153C,0,-2.1631472,0.11505437642335892,0.8040000200271606,0.618399977684021
YMR152W,YMR023C,0,-2.163261,0.11503791809082031,0.8040000200271606,0.6184999942779541
YPR009W,YPR111W,0,-2.1634471,0.11502145975828171,0.8040000200271606,0.6186000108718872
YPL046C,YMR238W,0,-2.1634781,0.1150050088763237,0.8040000200271606,0.6187000274658203
YJL011C,YDR519W,0,-2.1634967,0.11498855799436569,0.8040000200271606,0.6187999844551086
YCR086W,YMR260C,0,-2.1638043,0.11497211456298828,0.8040000200271606,0.6189000010490417
YBR115C,YBR143C,0,-2.1639612,0.11495567858219147,0.8040000200271606,0.6190000176429749
YGL067W,YMR056C,0,-2.1640298,0.11493924260139465,0.8040000200271606,0.6190999746322632
YPL026C,YHR096C,1,-2.1640832,0.11506575345993042,0.8050000071525574,0.6190999746322632
YCL052C,YPL119C,0,-2.1643016,0.11504931002855301,0.8050000071525574,0.6191999912261963
YDL222C,YKL108W,0,-2.1643176,0.1150328665971756,0.8050000071525574,0.6193000078201294
YDR309C,YFR011C,0,-2.1643574,0.11501643061637878,0.8050000071525574,0.6194000244140625
YGL084C,YBL020W,1,-2.1645448,0.11514285951852798,0.8059999942779541,0.6194000244140625
YER019C-A,YIL048W,0,-2.1647332,0.11512640863656998,0.8059999942779541,0.6194999814033508
YBR021W,YGL094C,0,-2.164751,0.11510996520519257,0.8059999942779541,0.6195999979972839
YNL242W,YBL066C,0,-2.164927,0.11509352922439575,0.8059999942779541,0.619700014591217
YJL072C,YOR096W,0,-2.1650217,0.11507710069417953,0.8059999942779541,0.6197999715805054
YFL037W,YIL120W,0,-2.1650507,0.11506067216396332,0.8059999942779541,0.6198999881744385
YOR086C,YGL054C,0,-2.1652827,0.1150442510843277,0.8059999942779541,0.6200000047683716
YDR524C,YHR135C,0,-2.1654112,0.11502783000469208,0.8059999942779541,0.6201000213623047
YKL101W,YPL243W,0,-2.1656792,0.11501141637563705,0.8059999942779541,0.620199978351593
YGR264C,YMR232W,0,-2.1657753,0.11499500274658203,0.8059999942779541,0.6202999949455261
YOR299W,YGL094C,0,-2.16621,0.1149786040186882,0.8059999942779541,0.6204000115394592
YGR251W,YDR487C,0,-2.1662405,0.11496220529079437,0.8059999942779541,0.6205000281333923
YDR477W,YHR134W,0,-2.1664503,0.11494580656290054,0.8059999942779541,0.6205999851226807
YLR219W,YOL006C,0,-2.1665852,0.11492941528558731,0.8059999942779541,0.6207000017166138
YNR007C,YNL126W,0,-2.166772,0.11491303145885468,0.8059999942779541,0.6208000183105469
YDL222C,YIL017C,0,-2.167231,0.11489664763212204,0.8059999942779541,0.6208999752998352
YDR512C,YKL175W,0,-2.167519,0.11488027125597,0.8059999942779541,0.6209999918937683
YJL011C,YLR382C,0,-2.1675503,0.11486390233039856,0.8059999942779541,0.6211000084877014
YHL004W,YEL064C,0,-2.1678228,0.11484753340482712,0.8059999942779541,0.6212000250816345
YNL066W,YOR046C,0,-2.1679041,0.11483117192983627,0.8059999942779541,0.6212999820709229
YPL027W,YJL167W,0,-2.1683948,0.11481481790542603,0.8059999942779541,0.621399998664856
YPL134C,YKL120W,0,-2.1684792,0.11479846388101578,0.8059999942779541,0.6215000152587891
YOL125W,YER001W,0,-2.1685972,0.11478210985660553,0.8059999942779541,0.6215999722480774
YLR453C,YBL034C,0,-2.169081,0.11476577073335648,0.8059999942779541,0.6216999888420105
YJL065C,YCL024W,0,-2.1697333,0.11474943161010742,0.8059999942779541,0.6218000054359436
YJR094W-A,YAR007C,0,-2.169966,0.11473309248685837,0.8059999942779541,0.6219000220298767
YJL110C,YLR223C,0,-2.1701853,0.11471676826477051,0.8059999942779541,0.621999979019165
YDL155W,YKL108W,0,-2.1702902,0.11470044404268265,0.8059999942779541,0.6220999956130981
YIL087C,YHL020C,0,-2.1703918,0.11468411982059479,0.8059999942779541,0.6222000122070312
YHR094C,YER012W,0,-2.1704485,0.11466780304908752,0.8059999942779541,0.6223000288009644
YJL023C,YLR320W,0,-2.170578,0.11465149372816086,0.8059999942779541,0.6223999857902527
YGL210W,YGR173W,0,-2.170745,0.11463518440723419,0.8059999942779541,0.6225000023841858
YLR286C,YGL137W,0,-2.1707914,0.11461888253688812,0.8059999942779541,0.6226000189781189
YPR071W,YOR315W,0,-2.1708143,0.11460258811712265,0.8059999942779541,0.6226999759674072
YIL009W,YLR266C,0,-2.1709826,0.11458629369735718,0.8059999942779541,0.6227999925613403
YBR083W,YLR414C,0,-2.1710856,0.1145700067281723,0.8059999942779541,0.6229000091552734
YER074W,YLR100W,0,-2.1714253,0.11455372720956802,0.8059999942779541,0.6230000257492065
YLR425W,YNL041C,0,-2.171598,0.11453744769096375,0.8059999942779541,0.6230999827384949
YPR107C,YHR178W,0,-2.1716151,0.11452116817235947,0.8059999942779541,0.623199999332428
YPL096W,YPL169C,0,-2.171643,0.11450490355491638,0.8059999942779541,0.6233000159263611
YGR044C,YOL030W,0,-2.1717322,0.1144886389374733,0.8059999942779541,0.6233999729156494
YAR015W,YBR179C,0,-2.1717775,0.11447237432003021,0.8059999942779541,0.6234999895095825
YBR294W,YDR142C,0,-2.1720665,0.11445611715316772,0.8059999942779541,0.6236000061035156
YBR018C,YLL002W,0,-2.172081,0.11443986743688583,0.8059999942779541,0.6237000226974487
YHR162W,YNL065W,0,-2.1720972,0.11442362517118454,0.8059999942779541,0.6237999796867371
YIL033C,YLR430W,0,-2.1722405,0.11440738290548325,0.8059999942779541,0.6238999962806702
YOR095C,YGR169C,0,-2.1722496,0.11439114063978195,0.8059999942779541,0.6240000128746033
YFL028C,YIL017C,0,-2.1723301,0.11437491327524185,0.8059999942779541,0.6241000294685364
YKL062W,YOL041C,0,-2.1724198,0.11435868591070175,0.8059999942779541,0.6241999864578247
YDR477W,YNR031C,0,-2.172458,0.11434245854616165,0.8059999942779541,0.6243000030517578
YGR132C,YMR183C,0,-2.1726189,0.11432623863220215,0.8059999942779541,0.6244000196456909
YDR277C,YFR053C,1,-2.1728463,0.11445184797048569,0.8069999814033508,0.6244000196456909
YNL097C,YGR184C,0,-2.1729991,0.11443562060594559,0.8069999814033508,0.6244999766349792
YIL079C,YBR229C,0,-2.1730356,0.11441939324140549,0.8069999814033508,0.6245999932289124
YOL125W,YOR134W,0,-2.1731536,0.11440317332744598,0.8069999814033508,0.6247000098228455
YBR298C,YER039C,1,-2.1736977,0.11452870070934296,0.8080000281333923,0.6247000098228455
YOR354C,YGR173W,0,-2.1738875,0.11451247334480286,0.8080000281333923,0.6248000264167786
YER074W,YER165W,0,-2.1739075,0.11449624598026276,0.8080000281333923,0.6248999834060669
YBR072W,YER066W,0,-2.174139,0.11448002606630325,0.8080000281333923,0.625
YPR149W,YIL127C,0,-2.1741548,0.11446380615234375,0.8080000281333923,0.6251000165939331
YCL040W,YDL194W,1,-2.1745603,0.11458923667669296,0.8090000152587891,0.6251000165939331
YJR155W,YJR092W,0,-2.1748388,0.11457300931215286,0.8090000152587891,0.6251999735832214
YGR044C,YBR153W,0,-2.174885,0.11455678194761276,0.8090000152587891,0.6252999901771545
YOR095C,YPL189W,0,-2.1749542,0.11454056203365326,0.8090000152587891,0.6254000067710876
YNL160W,YOR247W,0,-2.1753004,0.11452434957027435,0.8090000152587891,0.6255000233650208
YBR177C,YGL247W,0,-2.1754968,0.11450813710689545,0.8090000152587891,0.6255999803543091
YGR221C,YLR191W,0,-2.1758282,0.11449193209409714,0.8090000152587891,0.6256999969482422
YNL063W,YML074C,0,-2.1759086,0.11447573453187943,0.8090000152587891,0.6258000135421753
YDR181C,YGL028C,0,-2.1759436,0.11445953696966171,0.8090000152587891,0.6258999705314636
YGL106W,YMR065W,0,-2.1760023,0.1144433468580246,0.8090000152587891,0.6259999871253967
YDR152W,YOR247W,0,-2.1762476,0.11442715674638748,0.8090000152587891,0.6261000037193298
YDR309C,YDL061C,0,-2.1764219,0.11441097408533096,0.8090000152587891,0.6262000203132629
YMR097C,YIL127C,0,-2.1764967,0.11439479887485504,0.8090000152587891,0.6262999773025513
YLR081W,YPL244C,1,-2.176738,0.11452000588178635,0.8100000023841858,0.6262999773025513
YPL004C,YMR274C,0,-2.1767433,0.11450381577014923,0.8100000023841858,0.6263999938964844
YOL122C,YNL103W,0,-2.177049,0.11448763310909271,0.8100000023841858,0.6265000104904175
YLL015W,YMR154C,0,-2.1770923,0.1144714504480362,0.8100000023841858,0.6266000270843506
YDL122W,YJL191W,0,-2.1772094,0.11445527523756027,0.8100000023841858,0.6266999840736389
YDR310C,YAR007C,0,-2.1772158,0.11443910747766495,0.8100000023841858,0.626800000667572
YHR111W,YOR096W,0,-2.1774628,0.11442293971776962,0.8100000023841858,0.6269000172615051
YOL064C,YBR227C,0,-2.1776216,0.1144067794084549,0.8100000023841858,0.6269999742507935
YGR092W,YDR375C,0,-2.1780064,0.11439061909914017,0.8100000023841858,0.6270999908447266
YNR076W,YDL044C,0,-2.1784,0.11437447369098663,0.8100000023841858,0.6272000074386597
YDR312W,YDR422C,0,-2.1784198,0.1143583208322525,0.8100000023841858,0.6273000240325928
YJL020C,YDR520C,0,-2.1785524,0.11434218287467957,0.8100000023841858,0.6273999810218811
YGL057C,YKR021W,0,-2.1787913,0.11432603746652603,0.8100000023841858,0.6274999976158142
YMR070W,YDL215C,0,-2.178901,0.11430990695953369,0.8100000023841858,0.6276000142097473
YDR197W,YHR111W,0,-2.1790872,0.11429377645254135,0.8100000023841858,0.6276999711990356
YCR105W,YPR171W,0,-2.1795745,0.11427765339612961,0.8100000023841858,0.6277999877929688
YCR032W,YNL307C,0,-2.1797206,0.11426153033971786,0.8100000023841858,0.6279000043869019
YHR162W,YDR144C,0,-2.1801531,0.11424541473388672,0.8100000023841858,0.628000020980835
YNL148C,YFL002C,0,-2.1801736,0.11422930657863617,0.8100000023841858,0.6280999779701233
YCR095C,YBR079C,0,-2.180274,0.11421319842338562,0.8100000023841858,0.6281999945640564
YJR014W,YCL010C,0,-2.1804621,0.11419709771871567,0.8100000023841858,0.6283000111579895
YKL064W,YBR038W,0,-2.180527,0.11418099701404572,0.8100000023841858,0.6284000277519226
YDL123W,YFL017C,0,-2.1805813,0.11416490375995636,0.8100000023841858,0.6284999847412109
YPR029C,YGR089W,0,-2.1805964,0.1141488179564476,0.8100000023841858,0.628600001335144
YIL078W,YOR260W,0,-2.1806962,0.11413273215293884,0.8100000023841858,0.6287000179290771
YKL149C,YCR091W,0,-2.1808133,0.11411665380001068,0.8100000023841858,0.6287999749183655
YHR031C,YGR181W,0,-2.181035,0.11410057544708252,0.8100000023841858,0.6288999915122986
YNL066W,YJR076C,0,-2.181375,0.11408450454473495,0.8100000023841858,0.6290000081062317
YFR037C,YNL314W,0,-2.1818588,0.11406844109296799,0.8100000023841858,0.6291000247001648
YML017W,YBL034C,0,-2.18191,0.11405237764120102,0.8100000023841858,0.6291999816894531
YBR043C,YMR260C,0,-2.1821506,0.11403632164001465,0.8100000023841858,0.6292999982833862
YPL004C,YDL225W,0,-2.1822166,0.11402027308940887,0.8100000023841858,0.6294000148773193
YIL074C,YPR023C,0,-2.1824803,0.1140042245388031,0.8100000023841858,0.6294999718666077
YDR354W,YPL055C,0,-2.1830082,0.11398817598819733,0.8100000023841858,0.6295999884605408
YKL165C,YNL308C,0,-2.183146,0.11397214233875275,0.8100000023841858,0.6297000050544739
YOR086C,YPL208W,0,-2.1831615,0.11395610868930817,0.8100000023841858,0.629800021648407
YMR097C,YOR171C,0,-2.183262,0.11394007503986359,0.8100000023841858,0.6298999786376953
YKL062W,YDR457W,0,-2.1834662,0.1139240488409996,0.8100000023841858,0.6299999952316284
YJL011C,YOR096W,0,-2.1835434,0.11390803009271622,0.8100000023841858,0.6301000118255615
YBR060C,YGL167C,0,-2.1839476,0.11389201134443283,0.8100000023841858,0.6302000284194946
YJL155C,YCR005C,0,-2.1842494,0.11387600004673004,0.8100000023841858,0.630299985408783
YKR086W,YML029W,0,-2.184437,0.11385999619960785,0.8100000023841858,0.6304000020027161
YOR330C,YMR238W,0,-2.1849666,0.11384399235248566,0.8100000023841858,0.6305000185966492
YEL029C,YOL053W,0,-2.1851127,0.11382799595594406,0.8100000023841858,0.6305999755859375
YAR015W,YGR194C,0,-2.1851795,0.11381199955940247,0.8100000023841858,0.6306999921798706
YHR094C,YDR536W,1,-2.1854694,0.11393649876117706,0.8109999895095825,0.6306999921798706
YLR390W,YLR404W,0,-2.185622,0.11392049491405487,0.8109999895095825,0.6308000087738037
YEL049W,YPR052C,0,-2.1861014,0.11390449106693268,0.8109999895095825,0.6309000253677368
YLR060W,YDR092W,0,-2.186565,0.11388850212097168,0.8109999895095825,0.6309999823570251
YJR155W,YGR135W,0,-2.186753,0.11387250572443008,0.8109999895095825,0.6310999989509583
YDR277C,YDR342C,1,-2.1872013,0.11399690806865692,0.8119999766349792,0.6310999989509583
YOR354C,YKR082W,0,-2.1877737,0.11398091167211533,0.8119999766349792,0.6312000155448914
YPR047W,YOL053W,0,-2.1877837,0.11396491527557373,0.8119999766349792,0.6312999725341797
YKL120W,YHR138C,0,-2.1878896,0.11394891887903214,0.8119999766349792,0.6313999891281128
YDR064W,YJL047C,0,-2.1879876,0.11393292993307114,0.8119999766349792,0.6315000057220459
YBL103C,YBR173C,0,-2.1881335,0.11391694843769073,0.8119999766349792,0.631600022315979
YJL179W,YBR021W,0,-2.188279,0.11390096694231033,0.8119999766349792,0.6316999793052673
YML027W,YLR220W,0,-2.1883066,0.11388499289751053,0.8119999766349792,0.6317999958992004
YGR101W,YJL156C,0,-2.188379,0.11386901885271072,0.8119999766349792,0.6319000124931335
YDL065C,YPL010W,0,-2.188563,0.11385305970907211,0.8119999766349792,0.6320000290870667
YPL221W,YAL010C,0,-2.1888068,0.1138370931148529,0.8119999766349792,0.632099986076355
YJR113C,YLR375W,0,-2.1889732,0.11382114142179489,0.8119999766349792,0.6322000026702881
YER166W,YBL064C,0,-2.1891453,0.11380518227815628,0.8119999766349792,0.6323000192642212
YGR262C,YDR279W,0,-2.1891537,0.11378923803567886,0.8119999766349792,0.6323999762535095
YNL185C,YIL048W,0,-2.1894448,0.11377329379320145,0.8119999766349792,0.6324999928474426
YAL005C,YPL017C,0,-2.189561,0.11375735700130463,0.8119999766349792,0.6326000094413757
YJR060W,YDL002C,0,-2.1896102,0.1137414202094078,0.8119999766349792,0.6327000260353088
YIL078W,YOR096W,0,-2.189633,0.11372549086809158,0.8119999766349792,0.6327999830245972
YDR309C,YDR513W,0,-2.189811,0.11370956152677536,0.8119999766349792,0.6328999996185303
YGR251W,YGL250W,0,-2.1898699,0.11369363963603973,0.8119999766349792,0.6330000162124634
YJR158W,YDR342C,1,-2.1904557,0.1138177216053009,0.8130000233650208,0.6330000162124634
YIL158W,YIR024C,0,-2.1906078,0.11380179226398468,0.8130000233650208,0.6330999732017517
YBR294W,YGL008C,0,-2.1907833,0.11378586292266846,0.8130000233650208,0.6331999897956848
YJL026W,YGR181W,0,-2.190877,0.11376994103193283,0.8130000233650208,0.6333000063896179
YPL043W,YPL119C,0,-2.1913297,0.1137540191411972,0.8130000233650208,0.633400022983551
YDL194W,YPR026W,1,-2.191508,0.11387800425291061,0.8140000104904175,0.633400022983551
YKR066C,YEL017C-A,0,-2.1915596,0.11386207491159439,0.8140000104904175,0.6334999799728394
YLR204W,YOR185C,0,-2.1918375,0.11384615302085876,0.8140000104904175,0.6335999965667725
YHR035W,YJR031C,0,-2.19188,0.11383023113012314,0.8140000104904175,0.6337000131607056
YBR143C,YDL170W,0,-2.1919146,0.11381431668996811,0.8140000104904175,0.6338000297546387
YDR007W,YCL034W,0,-2.1920283,0.11379840970039368,0.8140000104904175,0.633899986743927
YAL029C,YHL011C,0,-2.192356,0.11378250271081924,0.8140000104904175,0.6340000033378601
YLR106C,YIL097W,0,-2.1925044,0.11376659572124481,0.8140000104904175,0.6341000199317932
YNR076W,YIL124W,0,-2.192554,0.11375069618225098,0.8140000104904175,0.6341999769210815
YDL222C,YOR089C,0,-2.1925795,0.11373480409383774,0.8140000104904175,0.6342999935150146
YOL125W,YHR086W,0,-2.1926553,0.1137189194560051,0.8140000104904175,0.6344000101089478
YLR219W,YHR134W,0,-2.1928673,0.11370303481817245,0.8140000104904175,0.6345000267028809
YHR170W,YNR071C,0,-2.1930254,0.11368715018033981,0.8140000104904175,0.6345999836921692
YBL025W,YDL170W,0,-2.1930425,0.11367127299308777,0.8140000104904175,0.6347000002861023
YDR234W,YKL189W,0,-2.193166,0.11365540325641632,0.8140000104904175,0.6348000168800354
YFR009W,YNL185C,0,-2.1932309,0.11363953351974487,0.8140000104904175,0.6348999738693237
YBR083W,YOR064C,0,-2.1932647,0.11362367123365402,0.8140000104904175,0.6349999904632568
YBR296C,YMR306W,0,-2.1933997,0.11360781639814377,0.8140000104904175,0.6351000070571899
YMR267W,YOR322C,0,-2.1934555,0.11359196156263351,0.8140000104904175,0.635200023651123
YGL253W,YMR011W,1,-2.1935213,0.11371564120054245,0.8149999976158142,0.635200023651123
YPL091W,YCL001W,0,-2.1935818,0.1136997789144516,0.8149999976158142,0.6352999806404114
YOL012C,YGL068W,0,-2.1937518,0.11368391662836075,0.8149999976158142,0.6353999972343445
YKL189W,YFL046W,0,-2.1938365,0.1136680617928505,0.8149999976158142,0.6355000138282776
YDR197W,YBR279W,0,-2.1943038,0.11365220695734024,0.8149999976158142,0.6355999708175659
YKL170W,YER019W,0,-2.1944346,0.11363636702299118,0.8149999976158142,0.635699987411499
YDR103W,YLR399C,0,-2.1949217,0.11362051963806152,0.8149999976158142,0.6358000040054321
YOR243C,YNL118C,0,-2.1949537,0.11360468715429306,0.8149999976158142,0.6359000205993652
YDR454C,YHR043C,0,-2.1950161,0.113588847219944,0.8149999976158142,0.6359999775886536
YHR016C,YJL083W,0,-2.195308,0.11357302218675613,0.8149999976158142,0.6360999941825867
YKL185W,YMR301C,0,-2.1953704,0.11355719715356827,0.8149999976158142,0.6362000107765198
YPR023C,YDL051W,0,-2.195376,0.113541379570961,0.8149999976158142,0.6363000273704529
YBR146W,YDR384C,0,-2.195583,0.11352556198835373,0.8149999976158142,0.6363999843597412
YDR164C,YHR118C,0,-2.1955895,0.11350975185632706,0.8149999976158142,0.6365000009536743
YBL047C,YIL036W,0,-2.1957676,0.11349394172430038,0.8149999976158142,0.6366000175476074
YNL110C,YBR046C,0,-2.1958218,0.11347813904285431,0.8149999976158142,0.6366999745368958
YJR014W,YDR375C,0,-2.1961277,0.11346234381198883,0.8149999976158142,0.6367999911308289
YER039C,YBR294W,0,-2.196149,0.11344654858112335,0.8149999976158142,0.636900007724762
YDR310C,YIL143C,0,-2.1962955,0.11343076080083847,0.8149999976158142,0.6370000243186951
YJR053W,YGR223C,0,-2.1964715,0.11341497302055359,0.8149999976158142,0.6370999813079834
YER070W,YNL282W,0,-2.196495,0.1133991926908493,0.8149999976158142,0.6371999979019165
YLR058C,YIL031W,0,-2.1965454,0.11338341981172562,0.8149999976158142,0.6373000144958496
YDR457W,YML010W,0,-2.1968505,0.11336764693260193,0.8149999976158142,0.6373999714851379
YBL069W,YGR038W,0,-2.1970303,0.11335187405347824,0.8149999976158142,0.637499988079071
YML074C,YEL049W,0,-2.1976056,0.11333611607551575,0.8149999976158142,0.6376000046730042
YLL055W,YDR226W,0,-2.1979353,0.11332035809755325,0.8149999976158142,0.6377000212669373
YLL029W,YEL015W,0,-2.1980755,0.11330460011959076,0.8149999976158142,0.6377999782562256
YCL061C,YAL017W,0,-2.198336,0.11328884959220886,0.8149999976158142,0.6378999948501587
YDR143C,YNL261W,0,-2.1984274,0.11327310651540756,0.8149999976158142,0.6380000114440918
YMR238W,YDR354W,0,-2.1984982,0.11325736343860626,0.8149999976158142,0.6381000280380249
YOL102C,YHL013C,0,-2.198586,0.11324162781238556,0.8149999976158142,0.6381999850273132
YOR143C,YNL311C,0,-2.1986308,0.11322589963674545,0.8149999976158142,0.6383000016212463
YPR131C,YDL002C,0,-2.1987529,0.11321017146110535,0.8149999976158142,0.6384000182151794
YOR140W,YML010W,0,-2.1989741,0.11319444328546524,0.8149999976158142,0.6384999752044678
YMR233W,YKL120W,0,-2.1992521,0.11317872256040573,0.8149999976158142,0.6385999917984009
YJR053W,YIL143C,0,-2.1992934,0.11316300928592682,0.8149999976158142,0.638700008392334
YFL002C,YLL039C,0,-2.1993356,0.1131472960114479,0.8149999976158142,0.6388000249862671
YNL096C,YLR399C,0,-2.1995192,0.11313159018754959,0.8149999976158142,0.6388999819755554
YKR082W,YDL214C,0,-2.200453,0.11311589181423187,0.8149999976158142,0.6389999985694885
YAR019C,YDR150W,0,-2.200463,0.11310019344091415,0.8149999976158142,0.6391000151634216
YHR071W,YBL093C,0,-2.200655,0.11308450251817703,0.8149999976158142,0.63919997215271
YER041W,YLR304C,0,-2.2007334,0.11306881159543991,0.8149999976158142,0.6392999887466431
YKR056W,YNL005C,0,-2.2007816,0.11305312812328339,0.8149999976158142,0.6394000053405762
YAR015W,YGL211W,0,-2.2009447,0.11303744465112686,0.8149999976158142,0.6395000219345093
YOR115C,YDR083W,0,-2.201219,0.11302176862955093,0.8149999976158142,0.6395999789237976
YGL104C,YPR115W,1,-2.2016017,0.11314475536346436,0.8159999847412109,0.6395999789237976
YNL160W,YGL054C,0,-2.2017357,0.11312907189130783,0.8159999847412109,0.6396999955177307
YNL164C,YER165W,0,-2.2019074,0.1131133884191513,0.8159999847412109,0.6398000121116638
YKR024C,YOR362C,0,-2.202535,0.11309771239757538,0.8159999847412109,0.6399000287055969
YDR503C,YNL009W,0,-2.202563,0.11308203637599945,0.8159999847412109,0.6399999856948853
YHR148W,YOR177C,0,-2.20266,0.11306636780500412,0.8159999847412109,0.6401000022888184
YDR226W,YIL099W,0,-2.2030492,0.11305070668458939,0.8159999847412109,0.6402000188827515
YBR177C,YGR170W,0,-2.203227,0.11303504556417465,0.8159999847412109,0.6402999758720398
YJR053W,YPL259C,0,-2.2035248,0.11301939189434052,0.8159999847412109,0.6403999924659729
YEL064C,YGL097W,0,-2.203644,0.11300373822450638,0.8159999847412109,0.640500009059906
YJR042W,YOR063W,0,-2.203693,0.11298809200525284,0.8159999847412109,0.6406000256538391
YIL010W,YNL039W,0,-2.2039516,0.1129724457859993,0.8159999847412109,0.6406999826431274
YML120C,YJL083W,0,-2.2041042,0.11295680701732635,0.8159999847412109,0.6407999992370605
YNR001C,YER183C,0,-2.20427,0.11294117569923401,0.8159999847412109,0.6409000158309937
YGR251W,YLR206W,0,-2.2043884,0.11292554438114166,0.8159999847412109,0.640999972820282
YDR016C,YLR440C,0,-2.2045586,0.11290992051362991,0.8159999847412109,0.6410999894142151
YDR343C,YDL199C,1,-2.204731,0.11303265392780304,0.8169999718666077,0.6410999894142151
YDR052C,YMR158W,0,-2.2047966,0.1130170151591301,0.8169999718666077,0.6412000060081482
YKL140W,YJL076W,0,-2.2050083,0.11300138384103775,0.8169999718666077,0.6413000226020813
YBR296C,YKL189W,0,-2.205097,0.1129857525229454,0.8169999718666077,0.6413999795913696
YDR463W,YCR089W,0,-2.2054088,0.11297013610601425,0.8169999718666077,0.6414999961853027
YNL261W,YKR058W,0,-2.2054143,0.1129545122385025,0.8169999718666077,0.6416000127792358
YIL138C,YBR079C,0,-2.2057967,0.11293890327215195,0.8169999718666077,0.641700029373169
YER041W,YJL052W,0,-2.205826,0.1129232868552208,0.8169999718666077,0.6417999863624573
YGL210W,YJL025W,0,-2.2061872,0.11290768533945084,0.8169999718666077,0.6419000029563904
YJL076W,YBL040C,0,-2.2064621,0.11289208382368088,0.8169999718666077,0.6420000195503235
YBL103C,YGL206C,0,-2.2065964,0.11287648230791092,0.8169999718666077,0.6420999765396118
YFR043C,YNL308C,0,-2.206827,0.11286089569330215,0.8169999718666077,0.6421999931335449
YGL247W,YCL052C,0,-2.207038,0.11284530162811279,0.8169999718666077,0.642300009727478
YER019C-A,YAR071W,0,-2.207257,0.11282972246408463,0.8169999718666077,0.6424000263214111
YHR186C,YBL060W,0,-2.2072766,0.11281414330005646,0.8169999718666077,0.6424999833106995
YDR080W,YBL054W,0,-2.2074378,0.11279856413602829,0.8169999718666077,0.6425999999046326
YIL137C,YER029C,0,-2.2074864,0.11278299242258072,0.8169999718666077,0.6427000164985657
YMR065W,YDR251W,0,-2.207506,0.11276742815971375,0.8169999718666077,0.642799973487854
YDL178W,YKL175W,0,-2.2076385,0.11275186389684677,0.8169999718666077,0.6428999900817871
YCR086W,YOR178C,0,-2.207838,0.1127363070845604,0.8169999718666077,0.6430000066757202
YKL006W,YJL012C,0,-2.2079084,0.11272075027227402,0.8169999718666077,0.6431000232696533
YLR340W,YGR112W,0,-2.2082222,0.11270520091056824,0.8169999718666077,0.6431999802589417
YOR258W,YPR029C,0,-2.2084215,0.11268965154886246,0.8169999718666077,0.6432999968528748
YOR239W,YGR020C,0,-2.2086158,0.11267411708831787,0.8169999718666077,0.6434000134468079
YDR343C,YPL244C,1,-2.2088687,0.11279647052288055,0.8180000185966492,0.6434000134468079
YLR052W,YDR016C,0,-2.2089581,0.11278092116117477,0.8180000185966492,0.6434999704360962
YJL074C,YDR066C,0,-2.2095692,0.112765371799469,0.8180000185966492,0.6435999870300293
YEL015W,YER179W,0,-2.209648,0.11274982988834381,0.8180000185966492,0.6437000036239624
YFL036W,YOR089C,0,-2.2099264,0.11273428797721863,0.8180000185966492,0.6438000202178955
YBL056W,YMR241W,0,-2.2099302,0.11271875351667404,0.8180000185966492,0.6438999772071838
YNL281W,YPR166C,0,-2.2099564,0.11270322650671005,0.8180000185966492,0.6439999938011169
YIL009W,YER029C,0,-2.210085,0.11268769949674606,0.8180000185966492,0.64410001039505
YPR047W,YFL046W,0,-2.210129,0.11267217993736267,0.8180000185966492,0.6442000269889832
YJR158W,YDR343C,1,-2.2102957,0.11279438436031342,0.8190000057220459,0.6442000269889832
YJR158W,YDR277C,1,-2.210503,0.11291655153036118,0.8199999928474426,0.6442000269889832
YBL103C,YMR065W,0,-2.210724,0.1129010021686554,0.8199999928474426,0.6442999839782715
YGR251W,YJL052W,0,-2.210796,0.11288546025753021,0.8199999928474426,0.6444000005722046
YBR162W-A,YMR077C,0,-2.2108307,0.11286992579698563,0.8199999928474426,0.6445000171661377
YOR058C,YLR319C,0,-2.2109613,0.11285439133644104,0.8199999928474426,0.644599974155426
YDR200C,YDL130W,0,-2.2111554,0.11283886432647705,0.8199999928474426,0.6446999907493591
YKL058W,YDR279W,0,-2.2113433,0.11282333731651306,0.8199999928474426,0.6448000073432922
YPL089C,YOR213C,0,-2.2113943,0.11280781030654907,0.8199999928474426,0.6449000239372253
YDL002C,YKR094C,0,-2.2116811,0.11279229819774628,0.8199999928474426,0.6449999809265137
YOR007C,YKL167C,0,-2.2118812,0.11277678608894348,0.8199999928474426,0.6450999975204468
YHR084W,YJR140C,0,-2.211943,0.11276127398014069,0.8199999928474426,0.6452000141143799
YGL224C,YJL097W,0,-2.2119737,0.11274576932191849,0.8199999928474426,0.6452999711036682
YFR041C,YHR175W,0,-2.212005,0.11273027211427689,0.8199999928474426,0.6453999876976013
YPL241C,YLR055C,0,-2.2120078,0.11271477490663528,0.8199999928474426,0.6455000042915344
YJL115W,YMR019W,0,-2.212046,0.11269928514957428,0.8199999928474426,0.6456000208854675
YGR238C,YFR037C,0,-2.2123163,0.11268379539251328,0.8199999928474426,0.6456999778747559
YDR372C,YLR204W,0,-2.2123263,0.11266831308603287,0.8199999928474426,0.645799994468689
YOR019W,YMR274C,0,-2.212586,0.11265283823013306,0.8199999928474426,0.6459000110626221
YGR123C,YPR007C,0,-2.2127364,0.11263736337423325,0.8199999928474426,0.6460000276565552
YMR032W,YIL099W,0,-2.2128909,0.11262189596891403,0.8199999928474426,0.6460999846458435
YDR312W,YNR008W,0,-2.2130635,0.11260642856359482,0.8199999928474426,0.6462000012397766
YNL308C,YOL030W,0,-2.213086,0.1125909686088562,0.8199999928474426,0.6463000178337097
YLR096W,YBL034C,0,-2.2130907,0.11257550865411758,0.8199999928474426,0.646399974822998
YMR012W,YBR236C,0,-2.2132225,0.11256005614995956,0.8199999928474426,0.6464999914169312
YJR158W,YGL104C,1,-2.2138612,0.11268185824155807,0.8209999799728394,0.6464999914169312
YJL020C,YDR359C,0,-2.2139547,0.11266639083623886,0.8209999799728394,0.6466000080108643
YOR145C,YJL074C,0,-2.2140176,0.11265093088150024,0.8209999799728394,0.6467000246047974
YGL153W,YOR047C,0,-2.2142751,0.11263547837734222,0.8209999799728394,0.6467999815940857
YGL234W,YNR053C,0,-2.21435,0.1126200258731842,0.8209999799728394,0.6468999981880188
YGL094C,YDR430C,0,-2.2145069,0.11260458081960678,0.8209999799728394,0.6470000147819519
YNL267W,YJL115W,0,-2.2147353,0.11258913576602936,0.8209999799728394,0.6470999717712402
YOL091W,YDL014W,0,-2.214926,0.11257369816303253,0.8209999799728394,0.6471999883651733
YNL267W,YNL311C,0,-2.2150934,0.1125582680106163,0.8209999799728394,0.6473000049591064
YCL032W,YIL136W,0,-2.2150986,0.11254283785820007,0.8209999799728394,0.6474000215530396
YOR140W,YKL170W,0,-2.2153106,0.11252741515636444,0.8209999799728394,0.6474999785423279
YMR263W,YJR155W,0,-2.2154438,0.11251199245452881,0.8209999799728394,0.647599995136261
YKR058W,YOR070C,0,-2.215454,0.11249657720327377,0.8209999799728394,0.6477000117301941
YLR371W,YGR282C,0,-2.2155457,0.11248116195201874,0.8209999799728394,0.6478000283241272
YIL109C,YBR050C,0,-2.2156084,0.1124657541513443,0.8209999799728394,0.6478999853134155
YIL087C,YGR083C,0,-2.2160075,0.11245034635066986,0.8209999799728394,0.6480000019073486
YDL247W,YBL020W,1,-2.2160373,0.11257189512252808,0.8220000267028809,0.6480000019073486
YKR072C,YFR002W,0,-2.216223,0.11255648732185364,0.8220000267028809,0.6481000185012817
YEL047C,YJL072C,0,-2.2167366,0.1125410720705986,0.8220000267028809,0.6481999754905701
YBR143C,YPR193C,0,-2.2169065,0.11252566426992416,0.8220000267028809,0.6482999920845032
YBL103C,YGL256W,0,-2.2169752,0.11251026391983032,0.8220000267028809,0.6484000086784363
YCL040W,YDL138W,1,-2.2170317,0.11263172328472137,0.8230000138282776,0.6484000086784363
YPR125W,YFL023W,0,-2.2170355,0.11261630803346634,0.8230000138282776,0.6485000252723694
YBR029C,YPL208W,0,-2.2170792,0.1126009002327919,0.8230000138282776,0.6485999822616577
YLL019C,YLR369W,0,-2.2171667,0.11258549988269806,0.8230000138282776,0.6486999988555908
YPR171W,YMR021C,0,-2.2172098,0.11257009953260422,0.8230000138282776,0.6488000154495239
YNR007C,YPL045W,0,-2.217227,0.11255470663309097,0.8230000138282776,0.6488999724388123
YDR449C,YHL007C,0,-2.2173963,0.11253931373357773,0.8230000138282776,0.6489999890327454
YLR357W,YER031C,0,-2.2174728,0.11252392828464508,0.8230000138282776,0.6491000056266785
YKL119C,YGL211W,0,-2.218013,0.11250854283571243,0.8230000138282776,0.6492000222206116
YKL180W,YDL146W,0,-2.2180681,0.11249316483736038,0.8230000138282776,0.6492999792098999
YMR225C,YHL011C,0,-2.2180736,0.11247779428958893,0.8230000138282776,0.649399995803833
YLR100W,YFR024C-A,0,-2.2182245,0.11246242374181747,0.8230000138282776,0.6495000123977661
YNR007C,YHR155W,0,-2.2184017,0.11244705319404602,0.8230000138282776,0.6496000289916992
YLR060W,YJR117W,0,-2.218612,0.11243169754743576,0.8230000138282776,0.6496999859809875
YJL094C,YLR430W,0,-2.2186644,0.1124163344502449,0.8230000138282776,0.6498000025749207
YOL033W,YDR447C,0,-2.2187798,0.11240098625421524,0.8230000138282776,0.6499000191688538
YLR441C,YOL117W,0,-2.218908,0.11238563060760498,0.8230000138282776,0.6499999761581421
YDL194W,YDR536W,1,-2.218919,0.11250682920217514,0.8240000009536743,0.6499999761581421
YKR072C,YAL051W,0,-2.2190187,0.11249146610498428,0.8240000009536743,0.6500999927520752
YDR354W,YPR093C,0,-2.2192104,0.11247611045837402,0.8240000009536743,0.6502000093460083
YMR212C,YJL162C,0,-2.2195234,0.11246076226234436,0.8240000009536743,0.6503000259399414
YJR075W,YBR296C,0,-2.2202141,0.1124454140663147,0.8240000009536743,0.6503999829292297
YGL091C,YMR263W,0,-2.2203078,0.11243007332086563,0.8240000009536743,0.6504999995231628
YGL119W,YOR158W,0,-2.2204645,0.11241473257541656,0.8240000009536743,0.650600016117096
YBL047C,YIR009W,0,-2.2207243,0.1123993992805481,0.8240000009536743,0.6506999731063843
YGR222W,YBR240C,0,-2.2207649,0.11238407343626022,0.8240000009536743,0.6507999897003174
YBR177C,YKL180W,0,-2.220938,0.11236874759197235,0.8240000009536743,0.6509000062942505
YBR007C,YDR350C,0,-2.221061,0.11235342174768448,0.8240000009536743,0.6510000228881836
YFR053C,YNR072W,1,-2.2213194,0.11247443407773972,0.824999988079071,0.6510000228881836
YCR002C,YNL308C,0,-2.222491,0.11245910823345184,0.824999988079071,0.6510999798774719
YOR272W,YOR322C,0,-2.2225242,0.11244377493858337,0.824999988079071,0.651199996471405
YMR246W,YPR025C,0,-2.2226295,0.1124284565448761,0.824999988079071,0.6513000130653381
YKR101W,YJL013C,0,-2.2229223,0.11241313815116882,0.824999988079071,0.6514000296592712
YCR072C,YLR172C,0,-2.2233322,0.11239781975746155,0.824999988079071,0.6514999866485596
YMR011W,YFL046W,0,-2.22342,0.11238250881433487,0.824999988079071,0.6516000032424927
YDL098C,YOR354C,0,-2.2235115,0.11236720532178879,0.824999988079071,0.6517000198364258
YLR242C,YLR167W,0,-2.2235558,0.1123519018292427,0.824999988079071,0.6517999768257141
YDR393W,YMR227C,0,-2.2238405,0.11233659833669662,0.824999988079071,0.6518999934196472
YDL175C,YLR144C,0,-2.2238467,0.11232130974531174,0.824999988079071,0.6520000100135803
YBR029C,YBL106C,0,-2.2239802,0.11230601370334625,0.824999988079071,0.6521000266075134
YLR347C,YIL109C,0,-2.224126,0.11229073256254196,0.824999988079071,0.6521999835968018
YNL325C,YDR520C,0,-2.224127,0.11227545142173767,0.824999988079071,0.6523000001907349
YGL224C,YDR452W,0,-2.2242453,0.11226017028093338,0.824999988079071,0.652400016784668
YCR079W,YLR357W,0,-2.2243178,0.11224489659070969,0.824999988079071,0.6524999737739563
YOL049W,YJL140W,0,-2.2243872,0.11222963035106659,0.824999988079071,0.6525999903678894
YGL097W,YER059W,0,-2.224558,0.11221436411142349,0.824999988079071,0.6527000069618225
YGL094C,YLR097C,0,-2.2246068,0.11219910532236099,0.824999988079071,0.6528000235557556
YCR018C,YDL103C,0,-2.2247057,0.11218384653329849,0.824999988079071,0.652899980545044
YDR393W,YBR007C,0,-2.224787,0.11216859519481659,0.824999988079071,0.652999997138977
YML010W,YDL170W,0,-2.225108,0.11215334385633469,0.824999988079071,0.6531000137329102
YKL104C,YGL161C,0,-2.2252839,0.11213809996843338,0.824999988079071,0.6531999707221985
YGL019W,YNL135C,0,-2.2254746,0.11212285608053207,0.824999988079071,0.6532999873161316
YNL084C,YML077W,0,-2.225783,0.11210761964321136,0.824999988079071,0.6534000039100647
YIL137C,YBR079C,0,-2.225901,0.11209239065647125,0.824999988079071,0.6535000205039978
YMR213W,YNL041C,0,-2.226041,0.11207716166973114,0.824999988079071,0.6535999774932861
YHR176W,YGL250W,0,-2.2260487,0.11206194013357162,0.824999988079071,0.6536999940872192
YOR151C,YBR029C,0,-2.226135,0.11204671859741211,0.824999988079071,0.6538000106811523
YKL058W,YBR046C,0,-2.2264156,0.11203150451183319,0.824999988079071,0.6539000272750854
YBR211C,YPR140W,0,-2.2268112,0.11201629042625427,0.824999988079071,0.6539999842643738
YOL094C,YLR414C,0,-2.226816,0.11200108379125595,0.824999988079071,0.6541000008583069
YNL261W,YMR179W,0,-2.2268164,0.11198588460683823,0.824999988079071,0.65420001745224
YLR172C,YNL131W,0,-2.2270584,0.1119706854224205,0.824999988079071,0.6542999744415283
YPL076W,YPR125W,0,-2.2272742,0.11195548623800278,0.824999988079071,0.6543999910354614
YER132C,YOR319W,0,-2.2275088,0.11194030195474625,0.824999988079071,0.6545000076293945
YHR084W,YOR090C,0,-2.2275996,0.11192511022090912,0.824999988079071,0.6546000242233276
YCR096C,YOL103W,0,-2.2277267,0.11190992593765259,0.824999988079071,0.654699981212616
YJL090C,YLR270W,0,-2.2279532,0.11189474910497665,0.824999988079071,0.6547999978065491
YPR113W,YMR305C,0,-2.2281759,0.11187957972288132,0.824999988079071,0.6549000144004822
YER166W,YJL158C,0,-2.228188,0.11186441034078598,0.824999988079071,0.6549999713897705
YOR090C,YOR247W,0,-2.2283967,0.11184924095869064,0.824999988079071,0.6550999879837036
YGR058W,YDL214C,0,-2.2289765,0.1118340790271759,0.824999988079071,0.6552000045776367
YOR258W,YHR148W,0,-2.2291415,0.11181892454624176,0.824999988079071,0.6553000211715698
YMR238W,YBL040C,0,-2.229335,0.11180377006530762,0.824999988079071,0.6553999781608582
YBR065C,YMR119W,0,-2.2295985,0.11178861558437347,0.824999988079071,0.6554999947547913
YOR028C,YHR155W,0,-2.2297251,0.11177347600460052,0.824999988079071,0.6556000113487244
YBR092C,YDL007W,0,-2.2301037,0.11175832897424698,0.824999988079071,0.6557000279426575
YBL103C,YGL008C,0,-2.230106,0.11174319684505463,0.824999988079071,0.6557999849319458
YLR002C,YER072W,0,-2.2304525,0.11172805726528168,0.824999988079071,0.6559000015258789
YLR371W,YJL191W,0,-2.2305067,0.11171293258666992,0.824999988079071,0.656000018119812
YKL101W,YIL136W,0,-2.2306726,0.11169780790805817,0.824999988079071,0.6560999751091003
YGR089W,YGL186C,0,-2.230983,0.11168268322944641,0.824999988079071,0.6561999917030334
YDR282C,YJL187C,0,-2.2312095,0.11166756600141525,0.824999988079071,0.6563000082969666
YMR012W,YLR060W,0,-2.2314248,0.11165245622396469,0.824999988079071,0.6564000248908997
YHR176W,YER018C,0,-2.231588,0.11163734644651413,0.824999988079071,0.656499981880188
YDR224C,YER020W,0,-2.2318282,0.11162224411964417,0.824999988079071,0.6565999984741211
YMR211W,YJR007W,0,-2.231903,0.1116071417927742,0.824999988079071,0.6567000150680542
YMR053C,YKL017C,0,-2.232073,0.11159204691648483,0.824999988079071,0.6567999720573425
YHR111W,YPL141C,0,-2.2321827,0.11157695204019547,0.824999988079071,0.6568999886512756
YOL101C,YNL002C,0,-2.2322638,0.1115618646144867,0.824999988079071,0.6570000052452087
YER092W,YOR047C,0,-2.2324998,0.11154678463935852,0.824999988079071,0.6571000218391418
YHR188C,YOR079C,0,-2.2329872,0.11153170466423035,0.824999988079071,0.6571999788284302
YGL178W,YCL061C,0,-2.233056,0.11151662468910217,0.824999988079071,0.6572999954223633
YJR158W,YGR289C,1,-2.2331903,0.1116367056965828,0.8259999752044678,0.6572999954223633
YKL119C,YLR403W,0,-2.2332754,0.11162161827087402,0.8259999752044678,0.6574000120162964
YDR393W,YOR206W,0,-2.233486,0.11160653829574585,0.8259999752044678,0.6575000286102295
YCL001W,YGL224C,0,-2.2337716,0.11159145832061768,0.8259999752044678,0.6575999855995178
YDL002C,YBR245C,0,-2.2339094,0.1115763857960701,0.8259999752044678,0.6577000021934509
YBR043C,YER159C,0,-2.2343583,0.11156132072210312,0.8259999752044678,0.657800018787384
YOR070C,YPL051W,0,-2.2345157,0.11154625564813614,0.8259999752044678,0.6578999757766724
YFL037W,YOR141C,0,-2.234524,0.11153119057416916,0.8259999752044678,0.6579999923706055
YJR010C-A,YBR229C,0,-2.2345643,0.11151613295078278,0.8259999752044678,0.6581000089645386
YKL140W,YLR410W,0,-2.2346137,0.11150108277797699,0.8259999752044678,0.6582000255584717
YKL119C,YOL154W,0,-2.2351649,0.1114860326051712,0.8259999752044678,0.65829998254776
YKL165C,YEL029C,0,-2.2352214,0.11147098243236542,0.8259999752044678,0.6583999991416931
YGL111W,YCL034W,0,-2.2352946,0.11145594716072083,0.8259999752044678,0.6585000157356262
YGR173W,YKL008C,0,-2.2357285,0.11144090443849564,0.8259999752044678,0.6585999727249146
YPL221W,YDL100C,0,-2.2358057,0.11142587661743164,0.8259999752044678,0.6586999893188477
YHR169W,YLR441C,0,-2.2359822,0.11141084134578705,0.8259999752044678,0.6588000059127808
YPL061W,YPR139C,0,-2.236736,0.11139582097530365,0.8259999752044678,0.6589000225067139
YOL101C,YGL191W,0,-2.2367983,0.11138080060482025,0.8259999752044678,0.6589999794960022
YPR149W,YHR138C,0,-2.2369425,0.11136578023433685,0.8259999752044678,0.6590999960899353
YLR425W,YBR129C,0,-2.2374218,0.11135076731443405,0.8259999752044678,0.6592000126838684
YML027W,YGL019W,0,-2.237673,0.11133576184511185,0.8259999752044678,0.6593000292778015
YAL048C,YHL003C,0,-2.237921,0.11132075637578964,0.8259999752044678,0.6593999862670898
YPL091W,YGL028C,0,-2.2379417,0.11130575090646744,0.8259999752044678,0.659500002861023
YGR092W,YJR125C,0,-2.238007,0.11129076033830643,0.8259999752044678,0.659600019454956
YKR072C,YNR057C,0,-2.238036,0.11127576231956482,0.8259999752044678,0.6596999764442444
YCR038C,YER019W,0,-2.238162,0.1112607792019844,0.8259999752044678,0.6597999930381775
YER039C,YBR265W,0,-2.2384717,0.1112457886338234,0.8259999752044678,0.6599000096321106
YIL070C,YKL054C,0,-2.2385304,0.11123081296682358,0.8259999752044678,0.6600000262260437
YER031C,YGL203C,0,-2.238589,0.11121583729982376,0.8259999752044678,0.660099983215332
YOL033W,YMR227C,0,-2.2386672,0.11120086163282394,0.8259999752044678,0.6601999998092651
YGL166W,YGR184C,0,-2.2390153,0.11118589341640472,0.8259999752044678,0.6603000164031982
YCL005W,YHR191C,0,-2.2391846,0.1111709251999855,0.8259999752044678,0.6603999733924866
YDR512C,YGL161C,0,-2.239362,0.11115597188472748,0.8259999752044678,0.6604999899864197
YMR263W,YGL068W,0,-2.239942,0.11114101111888885,0.8259999752044678,0.6606000065803528
YKL144C,YHR178W,0,-2.2400627,0.11112605780363083,0.8259999752044678,0.6607000231742859
YJL102W,YIL104C,0,-2.2400818,0.1111111119389534,0.8259999752044678,0.6607999801635742
YMR060C,YBL093C,0,-2.2401726,0.11109616607427597,0.8259999752044678,0.6608999967575073
YDR120C,YCR032W,0,-2.2402885,0.11108122766017914,0.8259999752044678,0.6610000133514404
YER125W,YDL174C,0,-2.240359,0.1110662892460823,0.8259999752044678,0.6610999703407288
YDR153C,YBR129C,0,-2.2403696,0.11105135828256607,0.8259999752044678,0.6611999869346619
YDR198C,YBR034C,0,-2.240491,0.11103642731904984,0.8259999752044678,0.661300003528595
YPL243W,YCR027C,0,-2.2405899,0.1110215038061142,0.8259999752044678,0.6614000201225281
YOR229W,YCL034W,0,-2.2407115,0.11100658774375916,0.8259999752044678,0.6614999771118164
YOR204W,YDR181C,0,-2.2407773,0.11099167168140411,0.8259999752044678,0.6615999937057495
YDL098C,YMR054W,0,-2.2409887,0.11097675561904907,0.8259999752044678,0.6617000102996826
YNL032W,YMR239C,0,-2.2410934,0.11096184700727463,0.8259999752044678,0.6618000268936157
YCR104W,YGL161C,0,-2.2413282,0.11094694584608078,0.8259999752044678,0.661899983882904
YBR149W,YDL225W,0,-2.2413414,0.11093204468488693,0.8259999752044678,0.6620000004768372
YDR308C,YGL206C,0,-2.2417173,0.11091715097427368,0.8259999752044678,0.6621000170707703
YGL153W,YCR038C,0,-2.2420647,0.11090225726366043,0.8259999752044678,0.6621999740600586
YDL146W,YOR198C,0,-2.2422688,0.11088737100362778,0.8259999752044678,0.6622999906539917
YOR019W,YPR141C,0,-2.242373,0.11087248474359512,0.8259999752044678,0.6624000072479248
YDR270W,YOR062C,0,-2.2424667,0.11085760593414307,0.8259999752044678,0.6625000238418579
YIL145C,YNL081C,0,-2.2428334,0.11084272712469101,0.8259999752044678,0.6625999808311462
YHR169W,YBR050C,0,-2.2429357,0.11082785576581955,0.8259999752044678,0.6626999974250793
YKL104C,YPR058W,0,-2.2429929,0.11081298440694809,0.8259999752044678,0.6628000140190125
YIL158W,YMR238W,0,-2.2431948,0.11079812049865723,0.8259999752044678,0.6628999710083008
YCL063W,YJL153C,0,-2.2432418,0.11078326404094696,0.8259999752044678,0.6629999876022339
YNL047C,YHL011C,0,-2.2433064,0.1107684075832367,0.8259999752044678,0.663100004196167
YBR265W,YGL233W,0,-2.2433398,0.11075355112552643,0.8259999752044678,0.6632000207901001
YHR111W,YML010W,0,-2.243357,0.11073870211839676,0.8259999752044678,0.6632999777793884
YDR224C,YPR166C,0,-2.2434912,0.11072386056184769,0.8259999752044678,0.6633999943733215
YJL161W,YAL060W,0,-2.2436502,0.11070901900529861,0.8259999752044678,0.6635000109672546
YER001W,YOR285W,0,-2.2436569,0.11069418489933014,0.8259999752044678,0.6636000275611877
YOR347C,YBR236C,0,-2.2436774,0.11067935079336166,0.8259999752044678,0.6636999845504761
YGR246C,YBR211C,0,-2.2438266,0.11066452413797379,0.8259999752044678,0.6638000011444092
YJR158W,YGL084C,1,-2.243879,0.1107836589217186,0.8270000219345093,0.6638000011444092
YPL096W,YGL195W,0,-2.2438934,0.11076881736516953,0.8270000219345093,0.6639000177383423
YLR242C,YLR440C,0,-2.2441204,0.11075398325920105,0.8270000219345093,0.6639999747276306
YOR310C,YPR139C,0,-2.2441351,0.11073915660381317,0.8270000219345093,0.6640999913215637
YCL008C,YDR092W,0,-2.2445333,0.11072432994842529,0.8270000219345093,0.6642000079154968
YPL096W,YIL076W,0,-2.2446418,0.11070950329303741,0.8270000219345093,0.6643000245094299
YNR008W,YGL054C,0,-2.2450507,0.11069468408823013,0.8270000219345093,0.6643999814987183
YGR096W,YOR062C,0,-2.245138,0.11067987233400345,0.8270000219345093,0.6644999980926514
YMR306W,YEL064C,0,-2.2451634,0.11066506057977676,0.8270000219345093,0.6646000146865845
YAR033W,YOR362C,0,-2.2455316,0.11065025627613068,0.8270000219345093,0.6646999716758728
YGR221C,YDR422C,0,-2.2456324,0.11063545197248459,0.8270000219345093,0.6647999882698059
YMR211W,YMR021C,0,-2.2457254,0.1106206551194191,0.8270000219345093,0.664900004863739
YOR386W,YCR052W,0,-2.2458103,0.11060585826635361,0.8270000219345093,0.6650000214576721
YPL004C,YOR315W,0,-2.245831,0.11059106886386871,0.8270000219345093,0.6650999784469604
YPL259C,YJR117W,0,-2.245882,0.11057627946138382,0.8270000219345093,0.6651999950408936
YLR270W,YLL003W,0,-2.2460306,0.11056149750947952,0.8270000219345093,0.6653000116348267
YER157W,YDR153C,0,-2.2461014,0.11054671555757523,0.8270000219345093,0.6654000282287598
YLR129W,YDR253C,0,-2.246239,0.11053194105625153,0.8270000219345093,0.6654999852180481
YBL034C,YMR278W,0,-2.2462924,0.11051717400550842,0.8270000219345093,0.6656000018119812
YER001W,YBR126C,0,-2.246473,0.11050240695476532,0.8270000219345093,0.6657000184059143
YOR030W,YJL047C,0,-2.246476,0.11048763990402222,0.8270000219345093,0.6657999753952026
YDL002C,YIL048W,0,-2.2465236,0.11047288030385971,0.8270000219345093,0.6658999919891357
YCR020W-B,YGR278W,0,-2.246825,0.1104581281542778,0.8270000219345093,0.6660000085830688
YGL038C,YNL097C,0,-2.2470856,0.11044337600469589,0.8270000219345093,0.666100025177002
YGR220C,YJL140W,0,-2.2471275,0.11042863130569458,0.8270000219345093,0.6661999821662903
YPR005C,YJL111W,0,-2.2472305,0.11041388660669327,0.8270000219345093,0.6662999987602234
YIL094C,YGR155W,0,-2.247245,0.11039914935827255,0.8270000219345093,0.6664000153541565
YJL161W,YIR009W,0,-2.2473078,0.11038441210985184,0.8270000219345093,0.6664999723434448
YCR092C,YOR158W,0,-2.247526,0.11036967486143112,0.8270000219345093,0.6665999889373779
YLR410W,YOR261C,0,-2.2476459,0.1103549525141716,0.8270000219345093,0.666700005531311
YCR038C,YCR002C,0,-2.2476523,0.11034023016691208,0.8270000219345093,0.6668000221252441
YHR047C,YNL005C,0,-2.2480814,0.11032550781965256,0.8270000219345093,0.6668999791145325
YLR356W,YEL015W,0,-2.248249,0.11031079292297363,0.8270000219345093,0.6669999957084656
YMR283C,YJL191W,0,-2.2482536,0.11029607802629471,0.8270000219345093,0.6671000123023987
YJL137C,YOR213C,0,-2.2484658,0.11028137058019638,0.8270000219345093,0.6672000288963318
YFR024C-A,YPL045W,0,-2.2486012,0.11026666313409805,0.8270000219345093,0.6672999858856201
YBR050C,YOR298C-A,0,-2.2486799,0.11025196313858032,0.8270000219345093,0.6674000024795532
YBR046C,YPL161C,0,-2.2487113,0.11023727059364319,0.8270000219345093,0.6675000190734863
YBL030C,YML026C,0,-2.2490108,0.11022257804870605,0.8270000219345093,0.6675999760627747
YBR115C,YLR160C,0,-2.249491,0.11020788550376892,0.8270000219345093,0.6676999926567078
YGR097W,YPR026W,1,-2.2495186,0.11032644659280777,0.828000009059906,0.6676999926567078
YLL002W,YPL161C,0,-2.2495768,0.11031175404787064,0.828000009059906,0.6678000092506409
YDR343C,YHR092C,1,-2.249678,0.1104302629828453,0.8289999961853027,0.6678000092506409
YGR173W,YGR262C,0,-2.249762,0.11041555553674698,0.8289999961853027,0.667900025844574
YKL165C,YNL258C,0,-2.2498019,0.11040085554122925,0.8289999961853027,0.6679999828338623
YOR204W,YBR211C,0,-2.2498581,0.11038614809513092,0.8289999961853027,0.6680999994277954
YJL072C,YOL137W,0,-2.2500865,0.11037145555019379,0.8289999961853027,0.6682000160217285
YFR043C,YGR101W,0,-2.2504807,0.11035676300525665,0.8289999961853027,0.6682999730110168
YNL148C,YLL015W,0,-2.2505817,0.11034207046031952,0.8289999961853027,0.66839998960495
YPL111W,YKL188C,0,-2.251869,0.11032738536596298,0.8289999961853027,0.6685000061988831
YKR029C,YMR278W,0,-2.2518904,0.11031270772218704,0.8289999961853027,0.6686000227928162
YCR020W-B,YJR042W,0,-2.251914,0.1102980300784111,0.8289999961853027,0.6686999797821045
YPL172C,YJR140C,0,-2.2519894,0.11028335988521576,0.8289999961853027,0.6687999963760376
YOL055C,YOR371C,0,-2.2526577,0.11026868969202042,0.8289999961853027,0.6689000129699707
YCR038C,YJL020C,0,-2.2527285,0.11025401949882507,0.8289999961853027,0.6690000295639038
YCL001W,YNL039W,0,-2.2528508,0.11023936420679092,0.8289999961853027,0.6690999865531921
YHL032C,YOR198C,0,-2.253003,0.11022470146417618,0.8289999961853027,0.6692000031471252
YDL044C,YBR229C,0,-2.2531424,0.11021005362272263,0.8289999961853027,0.6693000197410583
YMR152W,YJL097W,0,-2.2535026,0.11019539833068848,0.8289999961853027,0.6693999767303467
YIL104C,YLR382C,0,-2.2537646,0.11018075793981552,0.8289999961853027,0.6694999933242798
YER132C,YKR029C,0,-2.2538984,0.11016611009836197,0.8289999961853027,0.6696000099182129
YDL155W,YOR288C,0,-2.2539454,0.11015147715806961,0.8289999961853027,0.669700026512146
YGL210W,YGR101W,0,-2.2539623,0.11013684421777725,0.8289999961853027,0.6697999835014343
YHR021C,YJL153C,0,-2.2540286,0.1101222112774849,0.8289999961853027,0.6699000000953674
YOL012C,YOR094W,0,-2.2544153,0.11010758578777313,0.8289999961853027,0.6700000166893005
YOL101C,YOR067C,0,-2.2544758,0.11009296029806137,0.8289999961853027,0.6700999736785889
YJR031C,YLR399C,0,-2.2549684,0.1100783422589302,0.8289999961853027,0.670199990272522
YCL005W,YER180C,0,-2.2549894,0.11006373167037964,0.8289999961853027,0.6703000068664551
YDR503C,YIL112W,0,-2.255134,0.11004911363124847,0.8289999961853027,0.6704000234603882
YNL325C,YGR085C,0,-2.2553408,0.1100345104932785,0.8289999961853027,0.6704999804496765
YMR060C,YBR046C,0,-2.2555473,0.11001990735530853,0.8289999961853027,0.6705999970436096
YGL054C,YMR158W,0,-2.2556965,0.11000530421733856,0.8289999961853027,0.6707000136375427
YIL137C,YHR036W,0,-2.2557623,0.10999071598052979,0.8289999961853027,0.670799970626831
YGL027C,YKL175W,0,-2.255953,0.10997612029314041,0.8289999961853027,0.6708999872207642
YJR158W,YLR081W,1,-2.2569473,0.11009417474269867,0.8299999833106995,0.6708999872207642
YER098W,YPL055C,0,-2.257196,0.1100795790553093,0.8299999833106995,0.6710000038146973
YLR242C,YOR007C,0,-2.25738,0.11006497591733932,0.8299999833106995,0.6711000204086304
YOR030W,YOR046C,0,-2.257892,0.11005038768053055,0.8299999833106995,0.6711999773979187
YML001W,YOR322C,0,-2.257941,0.11003579199314117,0.8299999833106995,0.6712999939918518
YER007W,YML120C,0,-2.2581897,0.110021211206913,0.8299999833106995,0.6714000105857849
YOL102C,YER179W,0,-2.2582843,0.11000663042068481,0.8299999833106995,0.671500027179718
YLL057C,YBR079C,0,-2.2584898,0.10999204963445663,0.8299999833106995,0.6715999841690063
YJL110C,YNL088W,0,-2.2586071,0.10997747629880905,0.8299999833106995,0.6717000007629395
YJL180C,YOL030W,0,-2.2589834,0.10996290296316147,0.8299999833106995,0.6718000173568726
YNR007C,YKL006W,0,-2.2590437,0.10994833707809448,0.8299999833106995,0.6718999743461609
YCR060W,YEL017C-A,0,-2.259075,0.1099337711930275,0.8299999833106995,0.671999990940094
YJR075W,YNL029C,0,-2.2593243,0.10991921275854111,0.8299999833106995,0.6721000075340271
YBR021W,YDR308C,0,-2.2594607,0.10990466177463531,0.8299999833106995,0.6722000241279602
YOR261C,YLR007W,0,-2.2594774,0.10989011079072952,0.8299999833106995,0.6722999811172485
YGR194C,YLL002W,0,-2.259628,0.10987555980682373,0.8299999833106995,0.6723999977111816
YGL153W,YGL224C,0,-2.2596865,0.10986101627349854,0.8299999833106995,0.6725000143051147
YML027W,YDL066W,0,-2.2598062,0.10984648019075394,0.8299999833106995,0.6725999712944031
YHR176W,YPR005C,0,-2.26001,0.10983194410800934,0.8299999833106995,0.6726999878883362
YJR044C,YGR036C,0,-2.260469,0.10981741547584534,0.8299999833106995,0.6728000044822693
YLR262C,YIL145C,0,-2.2605658,0.10980288684368134,0.8299999833106995,0.6729000210762024
YGR238C,YLR206W,0,-2.2605808,0.10978835821151733,0.8299999833106995,0.6729999780654907
YBR193C,YGR282C,0,-2.2606695,0.10977383702993393,0.8299999833106995,0.6730999946594238
YAL020C,YJR092W,0,-2.2607744,0.10975932329893112,0.8299999833106995,0.6732000112533569
YCL052C,YPL259C,0,-2.2609422,0.10974480956792831,0.8299999833106995,0.67330002784729
YDR354W,YKL072W,0,-2.2611134,0.1097303032875061,0.8299999833106995,0.6733999848365784
YGL153W,YKL185W,0,-2.2611923,0.10971579700708389,0.8299999833106995,0.6735000014305115
YLL050C,YOR079C,0,-2.261241,0.10970129817724228,0.8299999833106995,0.6736000180244446
YBR007C,YDR200C,0,-2.2614448,0.10968679934740067,0.8299999833106995,0.6736999750137329
YNL125C,YCR092C,0,-2.2616775,0.10967230796813965,0.8299999833106995,0.673799991607666
YKL140W,YIL138C,0,-2.26181,0.10965781658887863,0.8299999833106995,0.6739000082015991
YMR239C,YAL048C,0,-2.2618134,0.10964332520961761,0.8299999833106995,0.6740000247955322
YHR005C,YDR457W,0,-2.261845,0.10962884873151779,0.8299999833106995,0.6740999817848206
YER020W,YEL049W,0,-2.2621548,0.10961437225341797,0.8299999833106995,0.6741999983787537
YJR127C,YLR052W,0,-2.2621913,0.10959989577531815,0.8299999833106995,0.6743000149726868
YIL088C,YGL136C,0,-2.2622502,0.10958542674779892,0.8299999833106995,0.6743999719619751
YOR229W,YJR059W,0,-2.262521,0.1095709577202797,0.8299999833106995,0.6744999885559082
YGL153W,YPL017C,0,-2.262641,0.10955649614334106,0.8299999833106995,0.6746000051498413
YGL229C,YDR422C,0,-2.2630591,0.10954203456640244,0.8299999833106995,0.6747000217437744
YJR158W,YDR536W,1,-2.2631953,0.10965953767299652,0.8309999704360962,0.6747000217437744
YHR084W,YMR109W,0,-2.2634802,0.1096450686454773,0.8309999704360962,0.6747999787330627
YOR115C,YGR223C,0,-2.2638924,0.10963060706853867,0.8309999704360962,0.6748999953269958
YBL064C,YPR005C,0,-2.2639194,0.10961614549160004,0.8309999704360962,0.675000011920929
YPR058W,YDR392W,0,-2.2639592,0.109601691365242,0.8309999704360962,0.6751000285148621
YGR289C,YMR011W,1,-2.2639987,0.10971910506486893,0.8320000171661377,0.6751000285148621
YGL229C,YKR029C,0,-2.2640438,0.1097046434879303,0.8320000171661377,0.6751999855041504
YOL117W,YLR447C,0,-2.264229,0.10969017446041107,0.8320000171661377,0.6753000020980835
YAL022C,YLR083C,0,-2.2642615,0.10967572033405304,0.8320000171661377,0.6754000186920166
YGR156W,YER132C,0,-2.2644901,0.10966126620769501,0.8320000171661377,0.6754999756813049
YDL194W,YPR140W,0,-2.2647908,0.10964681208133698,0.8320000171661377,0.675599992275238
YGR055W,YPR141C,0,-2.26488,0.10963236540555954,0.8320000171661377,0.6757000088691711
YHL001W,YPR028W,0,-2.264919,0.1096179187297821,0.8320000171661377,0.6758000254631042
YKL140W,YIL097W,0,-2.264991,0.10960347950458527,0.8320000171661377,0.6758999824523926
YJL079C,YDR449C,0,-2.2651098,0.10958904027938843,0.8320000171661377,0.6759999990463257
YGL261C,YCR095C,0,-2.2652042,0.10957460850477219,0.8320000171661377,0.6761000156402588
YNR043W,YMR019W,0,-2.265629,0.10956017673015594,0.8320000171661377,0.6761999726295471
YBR072W,YDR437W,0,-2.2656534,0.1095457524061203,0.8320000171661377,0.6762999892234802
YHL020C,YJL094C,0,-2.2656753,0.10953133553266525,0.8320000171661377,0.6764000058174133
YGR212W,YKL149C,0,-2.2658608,0.10951691120862961,0.8320000171661377,0.6765000224113464
YDR181C,YGR217W,0,-2.2658818,0.10950250178575516,0.8320000171661377,0.6765999794006348
YJL023C,YPR171W,0,-2.2662008,0.1094880923628807,0.8320000171661377,0.6766999959945679
YKR058W,YFR042W,0,-2.2662542,0.10947368294000626,0.8320000171661377,0.676800012588501
YPR160W,YLR435W,0,-2.266266,0.1094592809677124,0.8320000171661377,0.6769000291824341
YGR097W,YDL138W,1,-2.266503,0.10957642644643784,0.8330000042915344,0.6769000291824341
YEL016C,YBR179C,0,-2.2667003,0.10956201702356339,0.8330000042915344,0.6769999861717224
YCR032W,YOR213C,0,-2.2667763,0.10954760760068893,0.8330000042915344,0.6771000027656555
YJL137C,YJR158W,0,-2.2670698,0.10953319817781448,0.8330000042915344,0.6772000193595886
YPR075C,YNL312W,0,-2.2671232,0.10951880365610123,0.8330000042915344,0.677299976348877
YJR014W,YER074W,0,-2.2671287,0.10950440168380737,0.8330000042915344,0.6773999929428101
YGR055W,YJL031C,0,-2.2671726,0.10949000716209412,0.8330000042915344,0.6775000095367432
YPR041W,YOL122C,0,-2.267445,0.10947562009096146,0.8330000042915344,0.6776000261306763
YGR198W,YDL015C,0,-2.2677596,0.1094612330198288,0.8330000042915344,0.6776999831199646
YJR031C,YGL099W,0,-2.2680357,0.10944685339927673,0.8330000042915344,0.6777999997138977
YDR016C,YNL281W,0,-2.2681868,0.10943247377872467,0.8330000042915344,0.6779000163078308
YCR072C,YMR183C,0,-2.2684047,0.1094181016087532,0.8330000042915344,0.6779999732971191
YGL178W,YLR106C,0,-2.2684233,0.10940372943878174,0.8330000042915344,0.6780999898910522
YIL027C,YOR153W,0,-2.2685587,0.10938936471939087,0.8330000042915344,0.6782000064849854
YPR026W,YDR536W,1,-2.2685606,0.10950630158185959,0.8339999914169312,0.6782000064849854
YHR186C,YMR072W,0,-2.2690852,0.10949192941188812,0.8339999914169312,0.6783000230789185
YMR203W,YCL010C,0,-2.2695055,0.10947754979133606,0.8339999914169312,0.6783999800682068
YOL102C,YJR005W,0,-2.2695785,0.10946318507194519,0.8339999914169312,0.6784999966621399
YOR086C,YPR125W,0,-2.2699337,0.10944882035255432,0.8339999914169312,0.678600013256073
YPR125W,YKL184W,0,-2.2703052,0.10943445563316345,0.8339999914169312,0.6786999702453613
YPL128C,YDR299W,0,-2.270736,0.10942009836435318,0.8339999914169312,0.6787999868392944
YOR008C,YOR062C,0,-2.271189,0.1094057485461235,0.8339999914169312,0.6789000034332275
YDR477W,YJL074C,0,-2.2712288,0.10939139872789383,0.8339999914169312,0.6790000200271606
YLR023C,YDL047W,0,-2.2717035,0.10937704890966415,0.8339999914169312,0.679099977016449
YOL041C,YDR373W,0,-2.2720804,0.10936270654201508,0.8339999914169312,0.6791999936103821
YGL099W,YNL312W,0,-2.2722142,0.109348364174366,0.8339999914169312,0.6793000102043152
YOL012C,YER072W,0,-2.2723439,0.10933402925729752,0.8339999914169312,0.6794000267982483
YOR016C,YGR038W,0,-2.2725766,0.10931970179080963,0.8339999914169312,0.6794999837875366
YDR229W,YKL008C,0,-2.2728693,0.10930537432432175,0.8339999914169312,0.6796000003814697
YDR032C,YNL126W,0,-2.2729023,0.10929104685783386,0.8339999914169312,0.6797000169754028
YDR083W,YDR261C,0,-2.2729084,0.10927672684192657,0.8339999914169312,0.6797999739646912
YDR234W,YOR153W,0,-2.2730901,0.10926241427659988,0.8339999914169312,0.6798999905586243
YCR095C,YLR144C,0,-2.273279,0.1092481017112732,0.8339999914169312,0.6800000071525574
YAR007C,YMR301C,0,-2.2734118,0.1092337891459465,0.8339999914169312,0.6801000237464905
YBR118W,YOR124C,0,-2.2734435,0.10921948403120041,0.8339999914169312,0.6801999807357788
YEL047C,YBR149W,0,-2.2737918,0.10920518636703491,0.8339999914169312,0.6802999973297119
YOR090C,YNL118C,0,-2.2738478,0.10919088870286942,0.8339999914169312,0.680400013923645
YDR226W,YDR487C,0,-2.2739208,0.10917659103870392,0.8339999914169312,0.6804999709129333
YDL122W,YIL030C,0,-2.2741191,0.10916230082511902,0.8339999914169312,0.6805999875068665
YIL087C,YJL052W,0,-2.274183,0.10914801806211472,0.8339999914169312,0.6807000041007996
YNL148C,YGL017W,0,-2.2743845,0.10913373529911041,0.8339999914169312,0.6808000206947327
YHR084W,YKR066C,0,-2.274594,0.10911945253610611,0.8339999914169312,0.680899977684021
YKR061W,YAL021C,0,-2.2745955,0.1091051772236824,0.8339999914169312,0.6809999942779541
YIL087C,YOR096W,0,-2.2746775,0.1090909093618393,0.8339999914169312,0.6811000108718872
YER157W,YBL023C,0,-2.274707,0.10907664149999619,0.8339999914169312,0.6812000274658203
YPL192C,YER070W,0,-2.2747233,0.10906238108873367,0.8339999914169312,0.6812999844551086
YML029W,YBR079C,0,-2.2755556,0.10904812067747116,0.8339999914169312,0.6814000010490417
YDL065C,YML064C,0,-2.2756813,0.10903386026620865,0.8339999914169312,0.6815000176429749
YHR169W,YMR029C,0,-2.2757213,0.10901960730552673,0.8339999914169312,0.6815999746322632
YOR239W,YLR204W,0,-2.2757568,0.10900536179542542,0.8339999914169312,0.6816999912261963
YLR298C,YBR265W,0,-2.275781,0.1089911162853241,0.8339999914169312,0.6818000078201294
YPL214C,YLR325C,0,-2.275967,0.10897687077522278,0.8339999914169312,0.6819000244140625
YEL015W,YPL119C,0,-2.276121,0.10896263271570206,0.8339999914169312,0.6819999814033508
YGR284C,YER072W,0,-2.2762058,0.10894840210676193,0.8339999914169312,0.6820999979972839
YKL059C,YBR229C,0,-2.2762258,0.10893417149782181,0.8339999914169312,0.682200014591217
YDR142C,YDR099W,0,-2.2762868,0.10891994088888168,0.8339999914169312,0.6822999715805054
YJL020C,YMR053C,0,-2.2763102,0.10890571773052216,0.8339999914169312,0.6823999881744385
YBR085W,YGR127W,0,-2.2766135,0.10889150202274323,0.8339999914169312,0.6825000047683716
YJL187C,YKL054C,0,-2.2766144,0.1088772863149643,0.8339999914169312,0.6826000213623047
YIL087C,YCL045C,0,-2.2766352,0.10886307060718536,0.8339999914169312,0.682699978351593
YPR009W,YKR084C,0,-2.2766733,0.10884886234998703,0.8339999914169312,0.6827999949455261
YBR014C,YEL029C,0,-2.276789,0.1088346615433693,0.8339999914169312,0.6829000115394592
YDR342C,YDR536W,1,-2.2768505,0.10895094275474548,0.8349999785423279,0.6829000115394592
YLR371W,YEL013W,0,-2.276943,0.10893672704696655,0.8349999785423279,0.6830000281333923
YDR512C,YIL145C,0,-2.2770233,0.10892251133918762,0.8349999785423279,0.6830999851226807
YKL062W,YFL049W,0,-2.2770731,0.10890831053256989,0.8349999785423279,0.6832000017166138
YDR310C,YGR246C,0,-2.2771404,0.10889410227537155,0.8349999785423279,0.6833000183105469
YCL063W,YGR074W,0,-2.2771819,0.10887990891933441,0.8349999785423279,0.6833999752998352
YAR019C,YDR164C,0,-2.2774532,0.10886570811271667,0.8349999785423279,0.6834999918937683
YML010W,YGR074W,0,-2.2775722,0.10885152220726013,0.8349999785423279,0.6836000084877014
YLR293C,YNL196C,0,-2.277672,0.10883732885122299,0.8349999785423279,0.6837000250816345
YLR347C,YBL103C,0,-2.2783065,0.10882314294576645,0.8349999785423279,0.6837999820709229
YLR203C,YGL094C,0,-2.2783766,0.1088089644908905,0.8349999785423279,0.683899998664856
YPL096W,YLL021W,0,-2.2785144,0.10879478603601456,0.8349999785423279,0.6840000152587891
YBR255W,YPR184W,0,-2.278534,0.10878061503171921,0.8349999785423279,0.6840999722480774
YER070W,YDR099W,0,-2.278556,0.10876644402742386,0.8349999785423279,0.6841999888420105
YIL031W,YKL132C,0,-2.2786376,0.1087522804737091,0.8349999785423279,0.6843000054359436
YER015W,YMR054W,0,-2.2789114,0.10873811691999435,0.8349999785423279,0.6844000220298767
YGR128C,YER072W,0,-2.2789624,0.1087239608168602,0.8349999785423279,0.684499979019165
YMR216C,YIL145C,0,-2.2791908,0.10870980471372604,0.8349999785423279,0.6845999956130981
YPR110C,YGR127W,0,-2.279578,0.10869564861059189,0.8349999785423279,0.6847000122070312
YOR028C,YIR009W,0,-2.2796838,0.10868150740861893,0.8349999785423279,0.6848000288009644
YNL080C,YFR021W,0,-2.2796896,0.10866735875606537,0.8349999785423279,0.6848999857902527
YGL106W,YHR172W,0,-2.280101,0.10865321755409241,0.8349999785423279,0.6850000023841858
YCR052W,YNR001C,0,-2.2801783,0.10863908380270004,0.8349999785423279,0.6851000189781189
YPR141C,YPL095C,0,-2.2801971,0.10862495005130768,0.8349999785423279,0.6851999759674072
YDR152W,YER012W,0,-2.2803104,0.10861082375049591,0.8349999785423279,0.6852999925613403
YIL138C,YDR092W,0,-2.280496,0.10859669744968414,0.8349999785423279,0.6854000091552734
YPL141C,YFR037C,0,-2.280542,0.10858257114887238,0.8349999785423279,0.6855000257492065
YMR034C,YFL046W,0,-2.2806323,0.1085684597492218,0.8349999785423279,0.6855999827384949
YGR083C,YKR061W,0,-2.2806885,0.10855434089899063,0.8349999785423279,0.685699999332428
YCR105W,YMR091C,0,-2.2809403,0.10854022949934006,0.8349999785423279,0.6858000159263611
YOR354C,YLR320W,0,-2.2809913,0.10852612555027008,0.8349999785423279,0.6858999729156494
YKR077W,YMR232W,0,-2.28109,0.1085120216012001,0.8349999785423279,0.6859999895095825
YGR044C,YLR188W,0,-2.2817438,0.10849791765213013,0.8349999785423279,0.6861000061035156
YML038C,YLL043W,1,-2.2817867,0.1086137443780899,0.8360000252723694,0.6861000061035156
YEL047C,YNL081C,0,-2.281819,0.10859963297843933,0.8360000252723694,0.6862000226974487
YDL065C,YEL019C,0,-2.2819393,0.10858552902936935,0.8360000252723694,0.6862999796867371
YDR368W,YGL210W,0,-2.2822497,0.10857142508029938,0.8360000252723694,0.6863999962806702
YOL006C,YFR041C,0,-2.2825768,0.10855732858181,0.8360000252723694,0.6865000128746033
YJL065C,YOR374W,0,-2.28265,0.10854323208332062,0.8360000252723694,0.6866000294685364
YOR016C,YBR240C,0,-2.2828634,0.10852914303541183,0.8360000252723694,0.6866999864578247
YIL010W,YKR094C,0,-2.2828815,0.10851505398750305,0.8360000252723694,0.6868000030517578
YEL012W,YKR072C,0,-2.2829278,0.10850097239017487,0.8360000252723694,0.6869000196456909
YIL030C,YOR124C,0,-2.2829459,0.10848689079284668,0.8360000252723694,0.6869999766349792
YCL024W,YDL103C,0,-2.2832167,0.10847281664609909,0.8360000252723694,0.6870999932289124
YLR119W,YGR058W,0,-2.283354,0.1084587424993515,0.8360000252723694,0.6872000098228455
YDR375C,YDR223W,0,-2.2835298,0.10844467580318451,0.8360000252723694,0.6873000264167786
YPR140W,YNL082W,0,-2.2835433,0.10843060910701752,0.8360000252723694,0.6873999834060669
YGL226C-A,YBL057C,0,-2.2837512,0.10841654986143112,0.8360000252723694,0.6875
YDR153C,YLR262C,0,-2.2837758,0.10840249061584473,0.8360000252723694,0.6876000165939331
YHR016C,YGR085C,0,-2.283959,0.10838843882083893,0.8360000252723694,0.6876999735832214
YOR177C,YJL111W,0,-2.2840064,0.10837438702583313,0.8360000252723694,0.6877999901771545
YOL006C,YDR519W,0,-2.2843287,0.10836033523082733,0.8360000252723694,0.6879000067710876
YHL020C,YLR144C,0,-2.2843983,0.10834629088640213,0.8360000252723694,0.6880000233650208
YLR172C,YJR119C,0,-2.2847483,0.10833225399255753,0.8360000252723694,0.6880999803543091
YDR270W,YPL195W,0,-2.2847784,0.10831821709871292,0.8360000252723694,0.6881999969482422
YOR145C,YJL153C,0,-2.2848527,0.10830418765544891,0.8360000252723694,0.6883000135421753
YDR309C,YJL047C,0,-2.2849188,0.1082901582121849,0.8360000252723694,0.6883999705314636
YLR425W,YNL084C,0,-2.2851574,0.1082761287689209,0.8360000252723694,0.6884999871253967
YDL122W,YOR007C,0,-2.2856166,0.10826210677623749,0.8360000252723694,0.6886000037193298
YJL030W,YPL169C,0,-2.2857783,0.10824809223413467,0.8360000252723694,0.6887000203132629
YLR347C,YDL051W,0,-2.2857924,0.10823407769203186,0.8360000252723694,0.6887999773025513
YHR176W,YFL037W,0,-2.285824,0.10822006314992905,0.8360000252723694,0.6888999938964844
YFL011W,YDL247W,1,-2.286061,0.10833548754453659,0.8370000123977661,0.6888999938964844
YGL099W,YER115C,0,-2.2861497,0.10832147300243378,0.8370000123977661,0.6890000104904175
YGL253W,YGL104C,1,-2.2863972,0.10843685269355774,0.8379999995231628,0.6890000104904175
YMR238W,YBR236C,0,-2.286439,0.10842282325029373,0.8379999995231628,0.6891000270843506
YHL001W,YJL091C,0,-2.2864478,0.10840879380702972,0.8379999995231628,0.6891999840736389
YER021W,YDR350C,0,-2.2865012,0.10839477181434631,0.8379999995231628,0.689300000667572
YDL102W,YNL197C,0,-2.2865398,0.1083807572722435,0.8379999995231628,0.6894000172615051
YPR047W,YEL006W,0,-2.2867777,0.10836674273014069,0.8379999995231628,0.6894999742507935
YMR119W,YCL024W,0,-2.286927,0.10835272818803787,0.8379999995231628,0.6895999908447266
YOR354C,YBR095C,0,-2.2869785,0.10833872109651566,0.8379999995231628,0.6897000074386597
YPR028W,YNL118C,0,-2.2870357,0.10832471400499344,0.8379999995231628,0.6898000240325928
YNL261W,YOR101W,0,-2.287121,0.10831071436405182,0.8379999995231628,0.6898999810218811
YPL089C,YOR185C,0,-2.2871265,0.1082967147231102,0.8379999995231628,0.6899999976158142
YML027W,YKL167C,0,-2.287146,0.10828272253274918,0.8379999995231628,0.6901000142097473
YDR032C,YGR095C,0,-2.28733,0.10826873034238815,0.8379999995231628,0.6901999711990356
YER083C,YFL037W,0,-2.2877784,0.10825474560260773,0.8379999995231628,0.6902999877929688
YAR019C,YGR009C,0,-2.2883632,0.1082407683134079,0.8379999995231628,0.6904000043869019
YGL104C,YDR277C,1,-2.2888048,0.10835593193769455,0.8389999866485596,0.6904000043869019
YPR029C,YKL167C,0,-2.2889895,0.10834193974733353,0.8389999866485596,0.690500020980835
YEL012W,YKL058W,0,-2.2891104,0.1083279550075531,0.8389999866485596,0.6905999779701233
YPR131C,YBR126C,0,-2.289387,0.10831397026777267,0.8389999866485596,0.6906999945640564
YOR391C,YKR070W,0,-2.2895494,0.10829998552799225,0.8389999866485596,0.6908000111579895
YCL050C,YOL122C,0,-2.2896354,0.10828600823879242,0.8389999866485596,0.6909000277519226
YBL015W,YOR229W,0,-2.289842,0.10827203840017319,0.8389999866485596,0.6909999847412109
YLR160C,YLR220W,0,-2.290246,0.10825806111097336,0.8389999866485596,0.691100001335144
YIL112W,YDR519W,0,-2.290375,0.10824409872293472,0.8389999866485596,0.6912000179290771
YJR010C-A,YER019W,0,-2.2907481,0.10823013633489609,0.8389999866485596,0.6912999749183655
YHR021C,YDL024C,0,-2.2908318,0.10821617394685745,0.8389999866485596,0.6913999915122986
YLR271W,YOR084W,0,-2.2908514,0.10820221900939941,0.8389999866485596,0.6915000081062317
YFR053C,YHR094C,1,-2.2909238,0.10831721127033234,0.8399999737739563,0.6915000081062317
YPL214C,YGR112W,0,-2.2909727,0.1083032488822937,0.8399999737739563,0.6916000247001648
YOR391C,YGR036C,0,-2.2915633,0.10828928649425507,0.8399999737739563,0.6916999816894531
YGL250W,YOL137W,0,-2.2915664,0.10827533155679703,0.8399999737739563,0.6917999982833862
YAR033W,YDR384C,0,-2.2916734,0.10826137661933899,0.8399999737739563,0.6919000148773193
YGR083C,YLL040C,0,-2.2917016,0.10824742168188095,0.8399999737739563,0.6919999718666077
YOL151W,YOR310C,0,-2.2918003,0.10823347419500351,0.8399999737739563,0.6920999884605408
YGL123W,YCR002C,0,-2.291806,0.10821953415870667,0.8399999737739563,0.6922000050544739
YJL020C,YDR447C,0,-2.291911,0.10820559412240982,0.8399999737739563,0.692300021648407
YFR009W,YOR096W,0,-2.2919972,0.10819165408611298,0.8399999737739563,0.6923999786376953
YOR064C,YJL031C,0,-2.2921221,0.10817772150039673,0.8399999737739563,0.6924999952316284
YCL040W,YJR160C,1,-2.292164,0.10829255729913712,0.8410000205039978,0.6924999952316284
YJL065C,YEL016C,0,-2.292189,0.10827861726284027,0.8410000205039978,0.6926000118255615
YBR177C,YNL088W,0,-2.292193,0.10826467722654343,0.8410000205039978,0.6927000284194946
YIL010W,YAL029C,0,-2.2922432,0.10825073719024658,0.8410000205039978,0.692799985408783
YLR440C,YLR262C,0,-2.2924135,0.10823680460453033,0.8410000205039978,0.6929000020027161
YOR014W,YKL058W,0,-2.2925234,0.10822287946939468,0.8410000205039978,0.6930000185966492
YBR043C,YHR086W,0,-2.2927592,0.10820895433425903,0.8410000205039978,0.6930999755859375
YDL202W,YER070W,0,-2.2932398,0.10819503664970398,0.8410000205039978,0.6931999921798706
YGR194C,YGR264C,0,-2.2935078,0.10818111896514893,0.8410000205039978,0.6933000087738037
YLR399C,YDL015C,0,-2.2935536,0.10816720128059387,0.8410000205039978,0.6934000253677368
YDR343C,YDR536W,1,-2.2936313,0.10828189551830292,0.8420000076293945,0.6934000253677368
YKR024C,YGL094C,0,-2.293804,0.10826797038316727,0.8420000076293945,0.6934999823570251
YNL026W,YGL054C,0,-2.2939785,0.10825405269861221,0.8420000076293945,0.6935999989509583
YBR273C,YLR007W,0,-2.2940247,0.10824013501405716,0.8420000076293945,0.6937000155448914
YJR014W,YPL208W,0,-2.294245,0.1082262247800827,0.8420000076293945,0.6937999725341797
YOL019W,YGL213C,0,-2.2942827,0.10821231454610825,0.8420000076293945,0.6938999891281128
YCL063W,YER083C,0,-2.2944698,0.10819840431213379,0.8420000076293945,0.6940000057220459
YJR155W,YPL183W-A,0,-2.294513,0.10818450152873993,0.8420000076293945,0.694100022315979
YCL032W,YJR094W-A,0,-2.2949886,0.10817060619592667,0.8420000076293945,0.6941999793052673
YNL223W,YJR076C,0,-2.2950246,0.1081567108631134,0.8420000076293945,0.6942999958992004
YJL074C,YMR225C,0,-2.29507,0.10814282298088074,0.8420000076293945,0.6944000124931335
YGR156W,YJL162C,0,-2.295115,0.10812893509864807,0.8420000076293945,0.6945000290870667
YOR143C,YLR249W,0,-2.295169,0.1081150472164154,0.8420000076293945,0.694599986076355
YBR021W,YDR363W,0,-2.2955475,0.10810116678476334,0.8420000076293945,0.6947000026702881
YOR070C,YBR262C,0,-2.29573,0.10808729380369186,0.8420000076293945,0.6948000192642212
YBR110W,YBR262C,0,-2.2959185,0.10807342082262039,0.8420000076293945,0.6948999762535095
YLR260W,YNL197C,0,-2.2959654,0.10805954784154892,0.8420000076293945,0.6949999928474426
YKR072C,YLR375W,0,-2.2961829,0.10804568231105804,0.8420000076293945,0.6951000094413757
YEL063C,YDR144C,0,-2.2962625,0.10803181678056717,0.8420000076293945,0.6952000260353088
YJR158W,YBR298C,1,-2.2964075,0.10814625024795532,0.8429999947547913,0.6952000260353088
YNL164C,YHR109W,0,-2.2965019,0.10813237726688385,0.8429999947547913,0.6952999830245972
YFL037W,YPR093C,0,-2.2966208,0.10811850428581238,0.8429999947547913,0.6953999996185303
YDR372C,YGL137W,0,-2.2972176,0.1081046387553215,0.8429999947547913,0.6955000162124634
YCL063W,YKR056W,0,-2.2972703,0.10809078067541122,0.8429999947547913,0.6955999732017517
YHR096C,YOR298C-A,0,-2.2975345,0.10807692259550095,0.8429999947547913,0.6956999897956848
YIL036W,YDR487C,0,-2.2975655,0.10806307196617126,0.8429999947547913,0.6958000063896179
YPR007C,YBL057C,0,-2.2984784,0.10804922133684158,0.8429999947547913,0.695900022983551
YJL061W,YOR137C,0,-2.2987359,0.1080353707075119,0.8429999947547913,0.6959999799728394
YBR143C,YOR046C,0,-2.298981,0.10802152752876282,0.8429999947547913,0.6960999965667725
YOR239W,YNL164C,0,-2.2990417,0.10800768435001373,0.8429999947547913,0.6962000131607056
YPR007C,YLR066W,0,-2.299308,0.10799384862184525,0.8429999947547913,0.6963000297546387
YER098W,YOL111C,0,-2.299403,0.10798002034425735,0.8429999947547913,0.696399986743927
YOR239W,YJR125C,0,-2.2995465,0.10796619206666946,0.8429999947547913,0.6965000033378601
YHR094C,YIL097W,0,-2.2997384,0.10795236378908157,0.8429999947547913,0.6966000199317932
YDR016C,YFR002W,0,-2.3000014,0.10793854296207428,0.8429999947547913,0.6966999769210815
YHL030W,YML086C,0,-2.3001738,0.10792472213506699,0.8429999947547913,0.6967999935150146
YPL214C,YKR021W,0,-2.3003128,0.10791090875864029,0.8429999947547913,0.6969000101089478
YJR007W,YOR261C,0,-2.3005207,0.10789709538221359,0.8429999947547913,0.6970000267028809
YLR203C,YGL017W,0,-2.300587,0.10788328945636749,0.8429999947547913,0.6970999836921692
YML027W,YNL118C,0,-2.3008611,0.10786948353052139,0.8429999947547913,0.6972000002861023
YPL161C,YBR050C,0,-2.301142,0.10785567760467529,0.8429999947547913,0.6973000168800354
YNL096C,YIL136W,0,-2.3011615,0.10784188657999039,0.8429999947547913,0.6973999738693237
YGR195W,YBR036C,0,-2.3013244,0.10782808810472488,0.8429999947547913,0.6974999904632568
YOL055C,YBL106C,0,-2.3013477,0.10781429708003998,0.8429999947547913,0.6976000070571899
YBL084C,YMR056C,0,-2.3015873,0.10780051350593567,0.8429999947547913,0.697700023651123
YMR093W,YOR153W,0,-2.3016865,0.10778672993183136,0.8429999947547913,0.6977999806404114
YGR132C,YLR337C,0,-2.301724,0.10777294635772705,0.8429999947547913,0.6978999972343445
YMR152W,YJR140C,0,-2.3019452,0.10775917023420334,0.8429999947547913,0.6980000138282776
YNL097C,YGR188C,0,-2.3022287,0.10774540156126022,0.8429999947547913,0.6980999708175659
YNR053C,YER029C,0,-2.303242,0.10773163288831711,0.8429999947547913,0.698199987411499
YDL155W,YFL057C,0,-2.3034794,0.10771786421537399,0.8429999947547913,0.6983000040054321
YMR219W,YBR007C,0,-2.3035238,0.10770410299301147,0.8429999947547913,0.6984000205993652
YER116C,YPL095C,0,-2.3036673,0.10769034177064896,0.8429999947547913,0.6984999775886536
YGR092W,YGR220C,0,-2.3040001,0.10767658799886703,0.8429999947547913,0.6985999941825867
YBL047C,YOR079C,0,-2.304096,0.10766283422708511,0.8429999947547913,0.6987000107765198
YGL225W,YML038C,1,-2.3042376,0.10777678340673447,0.843999981880188,0.6987000107765198
YPR023C,YIR009W,0,-2.3044531,0.10776302218437195,0.843999981880188,0.6988000273704529
YDR424C,YDR260C,0,-2.3045294,0.10774926841259003,0.843999981880188,0.6988999843597412
YOR204W,YOR288C,0,-2.3046482,0.1077355146408081,0.843999981880188,0.6990000009536743
YDL235C,YNL185C,0,-2.3046536,0.10772176086902618,0.843999981880188,0.6991000175476074
YOL125W,YBR001C,0,-2.3053873,0.10770801454782486,0.843999981880188,0.6991999745368958
YOL064C,YJL137C,0,-2.305392,0.10769426822662354,0.843999981880188,0.6992999911308289
YJR060W,YCR027C,0,-2.3055182,0.10768052935600281,0.843999981880188,0.699400007724762
YPR025C,YDL178W,0,-2.3059318,0.10766679793596268,0.843999981880188,0.6995000243186951
YJL102W,YDR083W,0,-2.3059843,0.10765305906534195,0.843999981880188,0.6995999813079834
YJR075W,YLR410W,0,-2.3060205,0.10763933509588242,0.843999981880188,0.6996999979019165
YBR110W,YBR146W,0,-2.3064146,0.10762560367584229,0.843999981880188,0.6998000144958496
YKL144C,YPL196W,0,-2.3064806,0.10761187970638275,0.843999981880188,0.6998999714851379
YBR083W,YDR084C,0,-2.3065674,0.10759816318750381,0.843999981880188,0.699999988079071
YJL142C,YKL149C,0,-2.306691,0.10758444666862488,0.843999981880188,0.7001000046730042
YBR072W,YCL034W,0,-2.3067741,0.10757073760032654,0.843999981880188,0.7002000212669373
YBR167C,YDR016C,0,-2.3073943,0.1075570285320282,0.843999981880188,0.7002999782562256
YJR065C,YBR017C,0,-2.3077748,0.10754331946372986,0.843999981880188,0.7003999948501587
YML074C,YOR362C,0,-2.3084693,0.10752962529659271,0.843999981880188,0.7005000114440918
YCR005C,YDR182W,0,-2.3085284,0.10751592367887497,0.843999981880188,0.7006000280380249
YDR524C,YER039C,0,-2.3085427,0.10750222951173782,0.843999981880188,0.7006999850273132
YOL151W,YGL225W,0,-2.3086476,0.10748853534460068,0.843999981880188,0.7008000016212463
YMR238W,YEL006W,0,-2.30875,0.10747484862804413,0.843999981880188,0.7009000182151794
YGR222W,YCR060W,0,-2.3087595,0.10746116936206818,0.843999981880188,0.7009999752044678
YGR083C,YNL135C,0,-2.3087678,0.10744748264551163,0.843999981880188,0.7010999917984009
YOR143C,YPR140W,0,-2.308852,0.10743381083011627,0.843999981880188,0.701200008392334
YDL003W,YDL214C,0,-2.308943,0.10742013156414032,0.843999981880188,0.7013000249862671
YGR238C,YDL024C,0,-2.3091636,0.10740646719932556,0.843999981880188,0.7013999819755554
YMR258C,YMR241W,0,-2.3095129,0.1073927953839302,0.843999981880188,0.7014999985694885
YOR261C,YOL137W,0,-2.3095443,0.10737913846969604,0.843999981880188,0.7016000151634216
YDR368W,YER041W,0,-2.3095562,0.10736547410488129,0.843999981880188,0.70169997215271
YNL185C,YDL047W,0,-2.3097365,0.10735181719064713,0.843999981880188,0.7017999887466431
YJL020C,YBL037W,0,-2.3099072,0.10733816772699356,0.843999981880188,0.7019000053405762
YMR032W,YDL036C,0,-2.3099668,0.10732451826334,0.843999981880188,0.7020000219345093
YCR042C,YEL006W,0,-2.3101203,0.10731086879968643,0.843999981880188,0.7020999789237976
YAL029C,YNL314W,0,-2.3102906,0.10729722678661346,0.843999981880188,0.7021999955177307
YDL061C,YBR179C,0,-2.3105524,0.1072835922241211,0.843999981880188,0.7023000121116638
YGL084C,YJR160C,1,-2.3107426,0.10739704966545105,0.8450000286102295,0.7023000121116638
YMR072W,YIR009W,0,-2.3108537,0.10738340020179749,0.8450000286102295,0.7024000287055969
YKL054C,YNL307C,0,-2.311312,0.10736975818872452,0.8450000286102295,0.7024999856948853
YGL234W,YIL143C,0,-2.311337,0.10735611617565155,0.8450000286102295,0.7026000022888184
YGR246C,YIL143C,0,-2.3114433,0.10734248161315918,0.8450000286102295,0.7027000188827515
YLR100W,YOL094C,0,-2.3115015,0.10732884705066681,0.8450000286102295,0.7027999758720398
YJL094C,YDR142C,0,-2.3119273,0.10731521248817444,0.8450000286102295,0.7028999924659729
YLR242C,YJR007W,0,-2.312036,0.10730158537626266,0.8450000286102295,0.703000009059906
YCL038C,YIL017C,0,-2.312072,0.10728796571493149,0.8450000286102295,0.7031000256538391
YAL001C,YHR079C,0,-2.312404,0.10727434605360031,0.8450000286102295,0.7031999826431274
YBR017C,YBR029C,0,-2.3133285,0.10726072639226913,0.8450000286102295,0.7032999992370605
YPL243W,YGR217W,0,-2.3135226,0.10724711418151855,0.8450000286102295,0.7034000158309937
YDR083W,YDL130W,0,-2.3137677,0.10723350197076797,0.8450000286102295,0.703499972820282
YMR239C,YDL146W,0,-2.3137867,0.10721989721059799,0.8450000286102295,0.7035999894142151
YPL130W,YHR134W,0,-2.3141105,0.10720629245042801,0.8450000286102295,0.7037000060081482
YCR095C,YMR233W,0,-2.314164,0.10719269514083862,0.8450000286102295,0.7038000226020813
YBR095C,YCL010C,0,-2.3141801,0.10717909783124924,0.8450000286102295,0.7038999795913696
YDR234W,YJL158C,0,-2.314316,0.10716550052165985,0.8450000286102295,0.7039999961853027
YMR093W,YOR079C,0,-2.314388,0.10715191811323166,0.8450000286102295,0.7041000127792358
YBR057C,YDR354W,0,-2.3144972,0.10713832825422287,0.8450000286102295,0.704200029373169
YJL219W,YHR094C,1,-2.3147137,0.10725152492523193,0.8460000157356262,0.704200029373169
YBL047C,YJL102W,0,-2.3148649,0.10723792761564255,0.8460000157356262,0.7042999863624573
YOL008W,YPR139C,0,-2.3149157,0.10722433775663376,0.8460000157356262,0.7044000029563904
YGR033C,YDL214C,0,-2.3150127,0.10721074789762497,0.8460000157356262,0.7045000195503235
YJL072C,YKL149C,0,-2.3150775,0.10719715803861618,0.8460000157356262,0.7045999765396118
YOR340C,YNL118C,0,-2.3151886,0.10718358308076859,0.8460000157356262,0.7046999931335449
YFL028C,YGL211W,0,-2.3154671,0.1071700006723404,0.8460000157356262,0.704800009727478
YKL149C,YHR107C,0,-2.3155885,0.1071564257144928,0.8460000157356262,0.7049000263214111
YPL043W,YOR090C,0,-2.315813,0.1071428582072258,0.8460000157356262,0.7049999833106995
YML001W,YNL039W,0,-2.315965,0.1071292906999588,0.8460000157356262,0.7050999999046326
YJL012C,YOR137C,0,-2.3162324,0.1071157231926918,0.8460000157356262,0.7052000164985657
YJL179W,YJL094C,0,-2.3167632,0.1071021631360054,0.8460000157356262,0.705299973487854
YMR060C,YAL029C,0,-2.3167708,0.1070886105298996,0.8460000157356262,0.7053999900817871
YDR016C,YJL093C,0,-2.3171215,0.1070750504732132,0.8460000157356262,0.7055000066757202
YHR084W,YKR087C,0,-2.3171782,0.10706150531768799,0.8460000157356262,0.7056000232696533
YCL050C,YOR158W,0,-2.3172843,0.10704796016216278,0.8460000157356262,0.7056999802589417
YGL229C,YJL025W,0,-2.3175213,0.10703441500663757,0.8460000157356262,0.7057999968528748
YER012W,YMR097C,0,-2.3176367,0.10702086985111237,0.8460000157356262,0.7059000134468079
YJR005W,YGL247W,0,-2.317705,0.10700733959674835,0.8460000157356262,0.7059999704360962
YLR002C,YGL225W,0,-2.3178399,0.10699380189180374,0.8460000157356262,0.7060999870300293
YFL011W,YDR536W,1,-2.3181684,0.10710673034191132,0.847000002861023,0.7060999870300293
YIL110W,YLR223C,0,-2.318369,0.10709318518638611,0.847000002861023,0.7062000036239624
YLR440C,YGL206C,0,-2.3190715,0.1070796474814415,0.847000002861023,0.7063000202178955
YDR345C,YHR092C,1,-2.3191395,0.1071925163269043,0.8479999899864197,0.7063000202178955
YCL061C,YBR193C,0,-2.3194277,0.10717897117137909,0.8479999899864197,0.7063999772071838
YOR260W,YLR223C,0,-2.319636,0.10716542601585388,0.8479999899864197,0.7064999938011169
YPL211W,YNL101W,0,-2.3197849,0.10715188086032867,0.8479999899864197,0.70660001039505
YMR203W,YNL197C,0,-2.3198912,0.10713834315538406,0.8479999899864197,0.7067000269889832
YMR077C,YKR094C,0,-2.3202672,0.10712481290102005,0.8479999899864197,0.7067999839782715
YBL054W,YNL041C,0,-2.3203132,0.10711128264665604,0.8479999899864197,0.7069000005722046
YOR330C,YOR008C,0,-2.3204305,0.10709775239229202,0.8479999899864197,0.7070000171661377
YJR158W,YHR094C,1,-2.3205435,0.10721050947904587,0.8489999771118164,0.7070000171661377
YOR310C,YJL031C,0,-2.3206265,0.10719697177410126,0.8489999771118164,0.707099974155426
YMR113W,YMR119W,0,-2.3210475,0.10718343406915665,0.8489999771118164,0.7071999907493591
YBL027W,YNL092W,0,-2.3211195,0.10716990381479263,0.8489999771118164,0.7073000073432922
YER157W,YCL032W,0,-2.3216858,0.10715638101100922,0.8489999771118164,0.7074000239372253
YJL003W,YOR317W,0,-2.3216937,0.1071428582072258,0.8489999771118164,0.7074999809265137
YBL047C,YDR424C,0,-2.3219109,0.10712933540344238,0.8489999771118164,0.7075999975204468
YKR061W,YGL097W,0,-2.3221726,0.10711582005023956,0.8489999771118164,0.7077000141143799
YGL104C,YPL244C,1,-2.3225188,0.10722845792770386,0.8500000238418579,0.7077000141143799
YPL204W,YDR299W,0,-2.3225992,0.10721493512392044,0.8500000238418579,0.7077999711036682
YHR176W,YBR143C,0,-2.3226173,0.10720141232013702,0.8500000238418579,0.7078999876976013
YLR369W,YIL053W,0,-2.3231387,0.1071878969669342,0.8500000238418579,0.7080000042915344
YOR204W,YIL124W,0,-2.3232057,0.10717438161373138,0.8500000238418579,0.7081000208854675
YKL180W,YAR002W,0,-2.3232543,0.10716086626052856,0.8500000238418579,0.7081999778747559
YDR260C,YPR140W,0,-2.323291,0.10714735835790634,0.8500000238418579,0.708299994468689
YGL097W,YLR055C,0,-2.3234231,0.10713385790586472,0.8500000238418579,0.7084000110626221
YKR082W,YPL010W,0,-2.323705,0.10712035000324249,0.8500000238418579,0.7085000276565552
YMR093W,YBR017C,0,-2.3238678,0.10710685700178146,0.8500000238418579,0.7085999846458435
YDL235C,YOR317W,0,-2.3240182,0.10709335654973984,0.8500000238418579,0.7087000012397766
YOR143C,YER179W,0,-2.3244512,0.1070798709988594,0.8500000238418579,0.7088000178337097
YLR242C,YLR095C,0,-2.3245616,0.10706637799739838,0.8500000238418579,0.708899974822998
YGR174C,YER059W,0,-2.3246033,0.10705289989709854,0.8500000238418579,0.7089999914169312
YGL207W,YMR158W,0,-2.3248231,0.10703941434621811,0.8500000238418579,0.7091000080108643
YDR142C,YPL119C,0,-2.3248386,0.10702593624591827,0.8500000238418579,0.7092000246047974
YLR023C,YMR096W,0,-2.324875,0.10701246559619904,0.8500000238418579,0.7092999815940857
YKR077W,YBR302C,0,-2.3249242,0.1069989949464798,0.8500000238418579,0.7093999981880188
YIL079C,YJR125C,0,-2.32498,0.10698552429676056,0.8500000238418579,0.7095000147819519
YDR261C,YNL258C,0,-2.3250694,0.10697206109762192,0.8500000238418579,0.7095999717712402
YOR391C,YDL130W,0,-2.325244,0.10695859789848328,0.8500000238418579,0.7096999883651733
YBL087C,YMR239C,0,-2.3253038,0.10694514214992523,0.8500000238418579,0.7098000049591064
YDR449C,YLR172C,0,-2.3255174,0.10693168640136719,0.8500000238418579,0.7099000215530396
YNL223W,YNL084C,0,-2.3255336,0.10691823810338974,0.8500000238418579,0.7099999785423279
YDL102W,YNL321W,0,-2.3257565,0.10690478980541229,0.8500000238418579,0.710099995136261
YBR212W,YMR154C,0,-2.3259299,0.10689134895801544,0.8500000238418579,0.7102000117301941
YKL108W,YNL041C,0,-2.3260553,0.10687790811061859,0.8500000238418579,0.7103000283241272
YML026C,YOL041C,0,-2.326466,0.10686446726322174,0.8500000238418579,0.7103999853134155
YJL029C,YBR095C,0,-2.326533,0.10685103386640549,0.8500000238418579,0.7105000019073486
YGR097W,YBL020W,1,-2.326697,0.10696329921483994,0.8510000109672546,0.7105000019073486
YDR299W,YOR173W,0,-2.326804,0.10694985836744308,0.8510000109672546,0.7106000185012817
YLR355C,YHL019C,0,-2.326948,0.10693641752004623,0.8510000109672546,0.7106999754905701
YJR032W,YLR204W,0,-2.327199,0.10692297667264938,0.8510000109672546,0.7107999920845032
YIR009W,YDR253C,0,-2.3272119,0.10690955072641373,0.8510000109672546,0.7109000086784363
YPL241C,YEL013W,0,-2.3273528,0.10689611732959747,0.8510000109672546,0.7110000252723694
YOR299W,YDL146W,0,-2.3273735,0.10688269138336182,0.8510000109672546,0.7110999822616577
YLR220W,YMR278W,0,-2.3273957,0.10686927288770676,0.8510000109672546,0.7111999988555908
YGL119W,YNL126W,0,-2.3274183,0.1068558543920517,0.8510000109672546,0.7113000154495239
YPL026C,YHR094C,1,-2.3282409,0.1069679856300354,0.8519999980926514,0.7113000154495239
YPL046C,YHR175W,0,-2.3282516,0.10695455968379974,0.8519999980926514,0.7113999724388123
YDR452W,YBR227C,0,-2.3283248,0.10694113373756409,0.8519999980926514,0.7114999890327454
YGR092W,YNL321W,0,-2.3284867,0.10692770779132843,0.8519999980926514,0.7116000056266785
YGR174C,YOR124C,0,-2.3285534,0.10691428929567337,0.8519999980926514,0.7117000222206116
YER039C,YHR134W,0,-2.3286073,0.10690087825059891,0.8519999980926514,0.7117999792098999
YJL094C,YLR172C,0,-2.3287933,0.10688746720552444,0.8519999980926514,0.711899995803833
YGR084C,YDL036C,0,-2.3294036,0.10687405616044998,0.8519999980926514,0.7120000123977661
YDL235C,YKL149C,0,-2.3297656,0.10686065256595612,0.8519999980926514,0.7121000289916992
YLR403W,YKL188C,0,-2.3301613,0.10684725642204285,0.8519999980926514,0.7121999859809875
YBR018C,YKL008C,0,-2.3302233,0.10683385282754898,0.8519999980926514,0.7123000025749207
YHR107C,YHR079C,0,-2.3303726,0.10682046413421631,0.8519999980926514,0.7124000191688538
YGL253W,YCL040W,1,-2.330485,0.10693243145942688,0.8529999852180481,0.7124000191688538
YHR117W,YDR312W,0,-2.33055,0.10691902786493301,0.8529999852180481,0.7124999761581421
YHR172W,YGL247W,0,-2.3306034,0.10690562427043915,0.8529999852180481,0.7125999927520752
YOR148C,YCR038C,0,-2.3308883,0.10689222812652588,0.8529999852180481,0.7127000093460083
YIL109C,YDL178W,0,-2.3309767,0.1068788394331932,0.8529999852180481,0.7128000259399414
YGL234W,YLR167W,0,-2.331023,0.10686545073986053,0.8529999852180481,0.7128999829292297
YGL229C,YIL124W,0,-2.331062,0.10685206204652786,0.8529999852180481,0.7129999995231628
YPR160W,YIL120W,0,-2.3315403,0.10683868080377579,0.8529999852180481,0.713100016117096
YBR212W,YMR232W,0,-2.3315413,0.10682529956102371,0.8529999852180481,0.7131999731063843
YKL165C,YMR294W,0,-2.3317153,0.10681191831827164,0.8529999852180481,0.7132999897003174
YJL020C,YER145C,0,-2.3317432,0.10679854452610016,0.8529999852180481,0.7134000062942505
YLR015W,YOR007C,0,-2.3319542,0.10678517818450928,0.8529999852180481,0.7135000228881836
YGR194C,YIL095W,0,-2.3320754,0.1067718118429184,0.8529999852180481,0.7135999798774719
YKL201C,YOL137W,0,-2.3326983,0.10675844550132751,0.8529999852180481,0.713699996471405
YPL134C,YNL088W,0,-2.3327622,0.10674508661031723,0.8529999852180481,0.7138000130653381
YDR477W,YGR135W,0,-2.3328142,0.10673173516988754,0.8529999852180481,0.7139000296592712
YDL202W,YBR294W,0,-2.332824,0.10671837627887726,0.8529999852180481,0.7139999866485596
YBR171W,YLR375W,0,-2.3330028,0.10670503228902817,0.8529999852180481,0.7141000032424927
YOR028C,YMR241W,0,-2.3331745,0.10669168084859848,0.8529999852180481,0.7142000198364258
YCL024W,YNL118C,0,-2.3336365,0.10667833685874939,0.8529999852180481,0.7142999768257141
YCL050C,YKL067W,0,-2.3336596,0.1066650003194809,0.8529999852180481,0.7143999934196472
YNR054C,YER029C,0,-2.3336787,0.1066516637802124,0.8529999852180481,0.7145000100135803
YBR193C,YGR089W,0,-2.3336804,0.10663832724094391,0.8529999852180481,0.7146000266075134
YDR152W,YMR179W,0,-2.3339434,0.10662499815225601,0.8529999852180481,0.7146999835968018
YDL054C,YBR229C,0,-2.3340495,0.10661167651414871,0.8529999852180481,0.7148000001907349
YDR144C,YMR241W,0,-2.3341362,0.10659834742546082,0.8529999852180481,0.714900016784668
YPL189W,YDR345C,1,-2.3341835,0.10670998692512512,0.8539999723434448,0.714900016784668
YPL076W,YJL140W,0,-2.3341987,0.10669665038585663,0.8539999723434448,0.7149999737739563
YCR052W,YKL188C,0,-2.3345373,0.10668332129716873,0.8539999723434448,0.7150999903678894
YLR350W,YLL040C,0,-2.335148,0.10666999965906143,0.8539999723434448,0.7152000069618225
YNR031C,YGR221C,0,-2.3353941,0.10665667802095413,0.8539999723434448,0.7153000235557556
YKR087C,YGL247W,0,-2.3354053,0.10664335638284683,0.8539999723434448,0.715399980545044
YJL047C,YML086C,0,-2.3358085,0.10663004219532013,0.8539999723434448,0.715499997138977
YOR039W,YEL015W,0,-2.336207,0.10661672800779343,0.8539999723434448,0.7156000137329102
YOL012C,YFR041C,0,-2.3362088,0.10660342127084732,0.8539999723434448,0.7156999707221985
YKL101W,YPL241C,0,-2.3366272,0.10659011453390121,0.8539999723434448,0.7157999873161316
YNR067C,YJL050W,0,-2.3368094,0.1065768152475357,0.8539999723434448,0.7159000039100647
YNL314W,YOR071C,0,-2.336881,0.1065635159611702,0.8539999723434448,0.7160000205039978
YAL010C,YHR158C,0,-2.336976,0.10655021667480469,0.8539999723434448,0.7160999774932861
YDR032C,YPR041W,0,-2.3372104,0.10653692483901978,0.8539999723434448,0.7161999940872192
YBR298C,YDR345C,1,-2.3376122,0.10664837062358856,0.8550000190734863,0.7161999940872192
YBR146W,YIL143C,0,-2.3377964,0.10663507133722305,0.8550000190734863,0.7163000106811523
YPL026C,YMR011W,1,-2.3386123,0.10674647986888885,0.8560000061988831,0.7163000106811523
YCL040W,YDR536W,1,-2.3386233,0.10685785859823227,0.8569999933242798,0.7163000106811523
YBR302C,YAL051W,0,-2.3392627,0.10684452950954437,0.8569999933242798,0.7164000272750854
YNR076W,YOR171C,0,-2.3392756,0.10683121532201767,0.8569999933242798,0.7164999842643738
YDR083W,YDR384C,0,-2.339352,0.10681790113449097,0.8569999933242798,0.7166000008583069
YGL099W,YPL271W,0,-2.339438,0.10680458694696426,0.8569999933242798,0.71670001745224
YJL003W,YPL001W,0,-2.339564,0.10679128021001816,0.8569999933242798,0.7167999744415283
YBR107C,YJR060W,0,-2.339801,0.10677797347307205,0.8569999933242798,0.7168999910354614
YGL099W,YGR058W,0,-2.3398795,0.10676466673612595,0.8569999933242798,0.7170000076293945
YML026C,YJL025W,0,-2.3399599,0.10675136744976044,0.8569999933242798,0.7171000242233276
YMR070W,YGR020C,0,-2.3400118,0.10673807561397552,0.8569999933242798,0.717199981212616
YPR029C,YKR086W,0,-2.34004,0.10672478377819061,0.8569999933242798,0.7172999978065491
YGR095C,YMR260C,0,-2.3401349,0.1067114919424057,0.8569999933242798,0.7174000144004822
YCL040W,YPL244C,1,-2.3401492,0.10682270675897598,0.8579999804496765,0.7174000144004822
YLR319C,YGL186C,0,-2.3405237,0.10680940747261047,0.8579999804496765,0.7174999713897705
YOR310C,YNR043W,0,-2.3405674,0.10679611563682556,0.8579999804496765,0.7175999879837036
YIL048W,YNL197C,0,-2.3407037,0.10678282380104065,0.8579999804496765,0.7177000045776367
YOL154W,YEL029C,0,-2.3407123,0.10676953941583633,0.8579999804496765,0.7178000211715698
YGL153W,YLL015W,0,-2.3413303,0.10675625503063202,0.8579999804496765,0.7178999781608582
YGR246C,YGL234W,0,-2.341576,0.1067429706454277,0.8579999804496765,0.7179999947547913
YJL079C,YEL064C,0,-2.3418262,0.10672969371080399,0.8579999804496765,0.7181000113487244
YJL133W,YBR126C,0,-2.3422153,0.10671641677618027,0.8579999804496765,0.7182000279426575
YDR354W,YBR050C,0,-2.342665,0.10670314729213715,0.8579999804496765,0.7182999849319458
YGL191W,YHR113W,0,-2.3427851,0.10668987780809402,0.8579999804496765,0.7184000015258789
YJR010C-A,YGR284C,0,-2.3431423,0.1066766157746315,0.8579999804496765,0.718500018119812
YPL214C,YGL026C,0,-2.3438869,0.10666335374116898,0.8579999804496765,0.7185999751091003
YNL197C,YAL047C,0,-2.3439574,0.10665009170770645,0.8579999804496765,0.7186999917030334
YBL015W,YLL015W,0,-2.344005,0.10663683712482452,0.8579999804496765,0.7188000082969666
YJR010C-A,YPL070W,0,-2.344373,0.1066235899925232,0.8579999804496765,0.7189000248908997
YGL065C,YOR177C,0,-2.3446774,0.10661033540964127,0.8579999804496765,0.718999981880188
YGL038C,YAL051W,0,-2.3452744,0.10659709572792053,0.8579999804496765,0.7190999984741211
YDL066W,YNL118C,0,-2.3453975,0.1065838485956192,0.8579999804496765,0.7192000150680542
YGR097W,YPR115W,1,-2.3454733,0.10669481754302979,0.859000027179718,0.7192000150680542
YML010W,YPL196W,0,-2.3457859,0.10668157041072845,0.859000027179718,0.7192999720573425
YLR262C,YER115C,0,-2.3457906,0.10666832327842712,0.859000027179718,0.7193999886512756
YNR008W,YGR198W,0,-2.346079,0.1066550761461258,0.859000027179718,0.7195000052452087
YJR005W,YPR188C,0,-2.3461463,0.10664183646440506,0.859000027179718,0.7196000218391418
YMR093W,YOR090C,0,-2.3461926,0.10662859678268433,0.859000027179718,0.7196999788284302
YIL110W,YML029W,0,-2.3463266,0.10661536455154419,0.859000027179718,0.7197999954223633
YER039C,YHR096C,1,-2.3464918,0.10672623664140701,0.8600000143051147,0.7197999954223633
YLR223C,YJR092W,0,-2.3467026,0.10671298950910568,0.8600000143051147,0.7199000120162964
YNL009W,YGL167C,0,-2.3470395,0.10669974982738495,0.8600000143051147,0.7200000286102295
YBL098W,YDR279W,0,-2.3470666,0.10668651759624481,0.8600000143051147,0.7200999855995178
YOR115C,YJL093C,0,-2.34708,0.10667328536510468,0.8600000143051147,0.7202000021934509
YDR422C,YHR071W,0,-2.3471022,0.10666005313396454,0.8600000143051147,0.720300018787384
YGR128C,YDR229W,0,-2.3471498,0.106646828353405,0.8600000143051147,0.7203999757766724
YHR021C,YDR519W,0,-2.3471806,0.10663360357284546,0.8600000143051147,0.7204999923706055
YNL267W,YLL015W,0,-2.347294,0.10662037879228592,0.8600000143051147,0.7206000089645386
YDL223C,YJL031C,0,-2.3473353,0.10660716146230698,0.8600000143051147,0.7207000255584717
YNL223W,YLR260W,0,-2.3474782,0.10659395158290863,0.8600000143051147,0.72079998254776
YDR342C,YDR308C,0,-2.3476112,0.10658074170351028,0.8600000143051147,0.7208999991416931
YPL037C,YLR304C,0,-2.3477676,0.10656753182411194,0.8600000143051147,0.7210000157356262
YKL221W,YML026C,0,-2.3478096,0.10655432939529419,0.8600000143051147,0.7210999727249146
YNL258C,YAL060W,0,-2.3479064,0.10654112696647644,0.8600000143051147,0.7211999893188477
YOR137C,YKL017C,0,-2.3479288,0.10652793198823929,0.8600000143051147,0.7213000059127808
YDR439W,YBL034C,0,-2.3480709,0.10651473701000214,0.8600000143051147,0.7214000225067139
YER041W,YIL009W,0,-2.3480875,0.10650154948234558,0.8600000143051147,0.7214999794960022
YIL030C,YPR028W,0,-2.3481028,0.10648836195468903,0.8600000143051147,0.7215999960899353
YOR239W,YNL005C,0,-2.3482356,0.10647517442703247,0.8600000143051147,0.7217000126838684
YDL194W,YDR345C,1,-2.3485043,0.1065857857465744,0.8610000014305115,0.7217000126838684
YOL084W,YER001W,0,-2.3486187,0.10657259821891785,0.8610000014305115,0.7218000292778015
YDR198C,YGL213C,0,-2.3489773,0.1065594032406807,0.8610000014305115,0.7218999862670898
YER012W,YGR165W,0,-2.3491752,0.10654622316360474,0.8610000014305115,0.722000002861023
YJL047C,YIL017C,0,-2.3497386,0.10653303563594818,0.8610000014305115,0.722100019454956
YCL040W,YDR277C,1,-2.3501742,0.10664357244968414,0.8619999885559082,0.722100019454956
YLR399C,YDL223C,0,-2.3503323,0.10663037747144699,0.8619999885559082,0.7221999764442444
YGL225W,YIL124W,0,-2.350698,0.10661718994379044,0.8619999885559082,0.7222999930381775
YDR277C,YHR094C,1,-2.3508062,0.10672767460346222,0.8629999756813049,0.7222999930381775
YLR066W,YPL271W,0,-2.3518057,0.10671447962522507,0.8629999756813049,0.7224000096321106
YJL209W,YOR064C,0,-2.3519733,0.10670128464698792,0.8629999756813049,0.7225000262260437
YOR115C,YJL158C,0,-2.3520823,0.10668809711933136,0.8629999756813049,0.722599983215332
YFL036W,YOR062C,0,-2.3528116,0.1066749095916748,0.8629999756813049,0.7226999998092651
YDL102W,YPR181C,0,-2.3528893,0.10666172206401825,0.8629999756813049,0.7228000164031982
YGL054C,YHR135C,0,-2.3529458,0.10664854198694229,0.8629999756813049,0.7228999733924866
YGR009C,YMR152W,0,-2.3529909,0.10663536190986633,0.8629999756813049,0.7229999899864197
YLR120C,YOR046C,0,-2.353024,0.10662218928337097,0.8629999756813049,0.7231000065803528
YDR150W,YLR095C,0,-2.3531022,0.10660901665687561,0.8629999756813049,0.7232000231742859
YDR229W,YBL103C,0,-2.3531961,0.10659585148096085,0.8629999756813049,0.7232999801635742
YGL111W,YNR008W,0,-2.353234,0.10658268630504608,0.8629999756813049,0.7233999967575073
YBR146W,YNL110C,0,-2.3533525,0.10656952112913132,0.8629999756813049,0.7235000133514404
YGL166W,YLR286C,0,-2.3534195,0.10655636340379715,0.8629999756813049,0.7235999703407288
YOL125W,YJL103C,0,-2.3537064,0.10654321312904358,0.8629999756813049,0.7236999869346619
YKR082W,YCR020W-B,0,-2.3537953,0.10653005540370941,0.8629999756813049,0.723800003528595
YGL229C,YGL054C,0,-2.353847,0.10651691257953644,0.8629999756813049,0.7239000201225281
YAR033W,YPR149W,0,-2.3540108,0.10650376230478287,0.8629999756813049,0.7239999771118164
YDR120C,YMR258C,0,-2.3540916,0.1064906194806099,0.8629999756813049,0.7240999937057495
YJL187C,YLR116W,0,-2.3543744,0.10647748410701752,0.8629999756813049,0.7242000102996826
YKR065C,YEL016C,0,-2.3544245,0.10646434873342514,0.8629999756813049,0.7243000268936157
YKL062W,YLL019C,0,-2.3544633,0.10645121335983276,0.8629999756813049,0.724399983882904
YER021W,YOR185C,0,-2.3547175,0.10643808543682098,0.8629999756813049,0.7245000004768372
YOL049W,YBR023C,0,-2.3547552,0.1064249575138092,0.8629999756813049,0.7246000170707703
YOL102C,YDL036C,0,-2.3548095,0.10641183704137802,0.8629999756813049,0.7246999740600586
YJR123W,YMR274C,0,-2.3549776,0.10639871656894684,0.8629999756813049,0.7247999906539917
YGR002C,YGL256W,0,-2.355152,0.10638560354709625,0.8629999756813049,0.7249000072479248
YNL273W,YHR043C,0,-2.3554842,0.10637249052524567,0.8629999756813049,0.7250000238418579
YNL196C,YPL169C,0,-2.355809,0.10635937750339508,0.8629999756813049,0.7250999808311462
YLR440C,YOR094W,0,-2.355892,0.10634627193212509,0.8629999756813049,0.7251999974250793
YDR197W,YBR083W,0,-2.3559003,0.1063331663608551,0.8629999756813049,0.7253000140190125
YNR050C,YCR002C,0,-2.3559196,0.10632006824016571,0.8629999756813049,0.7253999710083008
YLR286C,YEL006W,0,-2.3559518,0.10630697011947632,0.8629999756813049,0.7254999876022339
YJR127C,YJR041C,0,-2.3563132,0.10629387944936752,0.8629999756813049,0.725600004196167
YGL166W,YMR106C,0,-2.3565164,0.10628078877925873,0.8629999756813049,0.7257000207901001
YER132C,YHR069C,0,-2.3566685,0.10626769810914993,0.8629999756813049,0.7257999777793884
YNR057C,YIL048W,0,-2.3567178,0.10625461488962173,0.8629999756813049,0.7258999943733215
YBR211C,YDL047W,0,-2.3567255,0.10624153912067413,0.8629999756813049,0.7260000109672546
YGL253W,YDR343C,1,-2.357457,0.10635155439376831,0.8640000224113464,0.7260000109672546
YJR075W,YJL133W,0,-2.3578193,0.10633846372365952,0.8640000224113464,0.7261000275611877
YNL101W,YPR111W,0,-2.3578339,0.10632537305355072,0.8640000224113464,0.7261999845504761
YJR053W,YPR025C,0,-2.3580644,0.10631228983402252,0.8640000224113464,0.7263000011444092
YOL084W,YER159C,0,-2.3581264,0.10629921406507492,0.8640000224113464,0.7264000177383423
YLR015W,YGR074W,0,-2.3581908,0.10628613829612732,0.8640000224113464,0.7264999747276306
YLR144C,YLR055C,0,-2.3582666,0.10627306252717972,0.8640000224113464,0.7265999913215637
YKL062W,YLR266C,0,-2.3582666,0.10625999420881271,0.8640000224113464,0.7267000079154968
YGL136C,YER019W,0,-2.3588378,0.10624692589044571,0.8640000224113464,0.7268000245094299
YLR242C,YLR447C,0,-2.3594239,0.1062338650226593,0.8640000224113464,0.7268999814987183
YMR113W,YKL149C,0,-2.3594534,0.1062208041548729,0.8640000224113464,0.7269999980926514
YBR146W,YOR371C,0,-2.3596444,0.10620774328708649,0.8640000224113464,0.7271000146865845
YGL253W,YFR053C,1,-2.359682,0.10631760209798813,0.8650000095367432,0.7271000146865845
YMR053C,YBR173C,0,-2.3597515,0.10630453377962112,0.8650000095367432,0.7271999716758728
YCL005W,YDR375C,0,-2.3598678,0.10629147291183472,0.8650000095367432,0.7272999882698059
YJL094C,YPL061W,0,-2.3598964,0.10627841204404831,0.8650000095367432,0.727400004863739
YKL165C,YOR319W,0,-2.36004,0.1062653586268425,0.8650000095367432,0.7275000214576721
YGR132C,YGL256W,0,-2.3606231,0.10625230520963669,0.8650000095367432,0.7275999784469604
YLR052W,YPR005C,0,-2.3606508,0.10623925179243088,0.8650000095367432,0.7276999950408936
YKL165C,YHR175W,0,-2.3611524,0.10622620582580566,0.8650000095367432,0.7278000116348267
YMR109W,YDL044C,0,-2.3613884,0.10621315985918045,0.8650000095367432,0.7279000282287598
YOL049W,YMR267W,0,-2.3614397,0.10620012134313583,0.8650000095367432,0.7279999852180481
YGL067W,YJR125C,0,-2.3614533,0.10618708282709122,0.8650000095367432,0.7281000018119812
YPL043W,YKL059C,0,-2.3618119,0.1061740517616272,0.8650000095367432,0.7282000184059143
YPR025C,YML088W,0,-2.3624644,0.10616102069616318,0.8650000095367432,0.7282999753952026
YGR057C,YPL172C,0,-2.3625078,0.10614799708127975,0.8650000095367432,0.7283999919891357
YER157W,YER180C,0,-2.3626611,0.10613496601581573,0.8650000095367432,0.7285000085830688
YKL140W,YDR260C,0,-2.3627632,0.10612194985151291,0.8650000095367432,0.728600025177002
YOR063W,YCL052C,0,-2.362967,0.10610893368721008,0.8650000095367432,0.7286999821662903
YIL094C,YPR093C,0,-2.363036,0.10609591752290726,0.8650000095367432,0.7287999987602234
YKR024C,YGR085C,0,-2.3632154,0.10608290135860443,0.8650000095367432,0.7289000153541565
YBR211C,YBR227C,0,-2.3633206,0.1060698926448822,0.8650000095367432,0.7289999723434448
YER072W,YDR454C,0,-2.363338,0.10605689138174057,0.8650000095367432,0.7290999889373779
YDL002C,YNL026W,0,-2.3635297,0.10604389011859894,0.8650000095367432,0.729200005531311
YDL194W,YGL091C,0,-2.363594,0.1060308888554573,0.8650000095367432,0.7293000221252441
YMR225C,YDR520C,0,-2.3637607,0.10601789504289627,0.8650000095367432,0.7293999791145325
YAR028W,YNL066W,0,-2.3639312,0.10600490123033524,0.8650000095367432,0.7294999957084656
YGL253W,YBL020W,1,-2.364018,0.1061144471168518,0.8659999966621399,0.7294999957084656
YGL106W,YLR332W,0,-2.3644912,0.10610144585371017,0.8659999966621399,0.7296000123023987
YKL110C,YOR046C,0,-2.364569,0.10608844459056854,0.8659999966621399,0.7297000288963318
YPL004C,YHR079C,0,-2.3646083,0.10607545077800751,0.8659999966621399,0.7297999858856201
YOR258W,YDR513W,0,-2.36466,0.10606246441602707,0.8659999966621399,0.7299000024795532
YNL148C,YJL083W,0,-2.364864,0.10604947060346603,0.8659999966621399,0.7300000190734863
YIL043C,YMR179W,0,-2.3652027,0.10603649169206619,0.8659999966621399,0.7300999760627747
YCR052W,YOL008W,0,-2.3652613,0.10602350533008575,0.8659999966621399,0.7301999926567078
YOR239W,YHR069C,0,-2.3652656,0.10601052641868591,0.8659999966621399,0.7303000092506409
YMR060C,YHR096C,0,-2.3655145,0.10599755495786667,0.8659999966621399,0.730400025844574
YER098W,YOR231W,0,-2.3657632,0.10598457604646683,0.8659999966621399,0.7304999828338623
YGR078C,YLL021W,0,-2.365961,0.10597161203622818,0.8659999966621399,0.7305999994277954
YLR219W,YLR246W,0,-2.366118,0.10595864802598953,0.8659999966621399,0.7307000160217285
YHR134W,YJL153C,0,-2.366674,0.10594568401575089,0.8659999966621399,0.7307999730110168
YGL091C,YEL017C-A,0,-2.3669891,0.10593272000551224,0.8659999966621399,0.73089998960495
YMR152W,YPL204W,0,-2.367234,0.10591976344585419,0.8659999966621399,0.7310000061988831
YGL224C,YJL053W,0,-2.3674123,0.10590681433677673,0.8659999966621399,0.7311000227928162
YBR146W,YMR306W,0,-2.367428,0.10589386522769928,0.8659999966621399,0.7311999797821045
YPR160W,YDR270W,0,-2.3676703,0.10588091611862183,0.8659999966621399,0.7312999963760376
YNL282W,YLR246W,0,-2.367779,0.10586796700954437,0.8659999966621399,0.7314000129699707
YER165W,YNR027W,0,-2.3680317,0.10585503280162811,0.8659999966621399,0.7315000295639038
YOR231W,YLR007W,0,-2.3683581,0.10584209114313126,0.8659999966621399,0.7315999865531921
YGR123C,YIL104C,0,-2.3686068,0.105829156935215,0.8659999966621399,0.7317000031471252
YMR289W,YJL031C,0,-2.3687708,0.10581623017787933,0.8659999966621399,0.7318000197410583
YOR261C,YBR060C,0,-2.3694289,0.10580329596996307,0.8659999966621399,0.7318999767303467
YOR067C,YKL188C,0,-2.369459,0.10579037666320801,0.8659999966621399,0.7319999933242798
YFL037W,YDR092W,0,-2.3694768,0.10577744990587234,0.8659999966621399,0.7321000099182129
YOL111C,YGL001C,0,-2.3697238,0.10576453059911728,0.8659999966621399,0.732200026512146
YBR110W,YMR053C,0,-2.370145,0.10575161874294281,0.8659999966621399,0.7322999835014343
YNL097C,YCL010C,0,-2.3707168,0.10573870688676834,0.8659999966621399,0.7324000000953674
YHR107C,YKL167C,0,-2.3707962,0.10572579503059387,0.8659999966621399,0.7325000166893005
YBL087C,YNL135C,0,-2.3712733,0.105712890625,0.8659999966621399,0.7325999736785889
YGR128C,YEL015W,0,-2.3714488,0.10569998621940613,0.8659999966621399,0.732699990272522
YBR171W,YOR319W,0,-2.3716044,0.10568708926439285,0.8659999966621399,0.7328000068664551
YGL247W,YGL186C,0,-2.3717017,0.10567419230937958,0.8659999966621399,0.7329000234603882
YBR255W,YIL053W,0,-2.371752,0.1056612953543663,0.8659999966621399,0.7329999804496765
YNL066W,YMR023C,0,-2.3717573,0.10564840584993362,0.8659999966621399,0.7330999970436096
YMR152W,YLR286C,0,-2.3719091,0.10563552379608154,0.8659999966621399,0.7332000136375427
YOR288C,YLR096W,0,-2.3719265,0.10562263429164886,0.8659999966621399,0.733299970626831
YPL026C,YBL020W,1,-2.3723638,0.10573171079158783,0.8669999837875366,0.733299970626831
YGR222W,YOR084W,0,-2.372781,0.10571881383657455,0.8669999837875366,0.7333999872207642
YOR090C,YGL203C,0,-2.3728473,0.10570592433214188,0.8669999837875366,0.7335000038146973
YCR092C,YLR403W,0,-2.3729057,0.1056930422782898,0.8669999837875366,0.7336000204086304
YJL097W,YML086C,0,-2.373133,0.10568015277385712,0.8669999837875366,0.7336999773979187
YJR032W,YBR036C,0,-2.3731656,0.10566727817058563,0.8669999837875366,0.7337999939918518
YJR010C-A,YGR206W,0,-2.3736613,0.10565439611673355,0.8669999837875366,0.7339000105857849
YLR172C,YPL018W,0,-2.3742392,0.10564152896404266,0.8669999837875366,0.734000027179718
YGL153W,YLR430W,0,-2.3743742,0.10562865436077118,0.8669999837875366,0.7340999841690063
YPL243W,YER179W,0,-2.3747208,0.10561578720808029,0.8669999837875366,0.7342000007629395
YDL002C,YOR047C,0,-2.3749738,0.1056029200553894,0.8669999837875366,0.7343000173568726
YOR158W,YJL167W,0,-2.3750613,0.10559006035327911,0.8669999837875366,0.7343999743461609
YLR119W,YLR206W,0,-2.3751073,0.10557720065116882,0.8669999837875366,0.734499990940094
YNL173C,YMR241W,0,-2.3753772,0.10556434839963913,0.8669999837875366,0.7346000075340271
YGR092W,YML059C,0,-2.3754566,0.10555149614810944,0.8669999837875366,0.7347000241279602
YHL019C,YGR089W,0,-2.375538,0.10553865134716034,0.8669999837875366,0.7347999811172485
YGL166W,YBR179C,0,-2.3760564,0.10552580654621124,0.8669999837875366,0.7348999977111816
YIL010W,YHR107C,0,-2.3760655,0.10551296174526215,0.8669999837875366,0.7350000143051147
YHR031C,YGR220C,0,-2.3760974,0.10550012439489365,0.8669999837875366,0.7350999712944031
YDR342C,YPR110C,0,-2.3761783,0.10548728704452515,0.8669999837875366,0.7351999878883362
YJL079C,YCR012W,0,-2.3763065,0.10547444969415665,0.8669999837875366,0.7353000044822693
YOR079C,YBR240C,0,-2.3763692,0.10546161979436874,0.8669999837875366,0.7354000210762024
YML010W,YBL018C,0,-2.376433,0.10544879734516144,0.8669999837875366,0.7354999780654907
YCR105W,YPR009W,0,-2.376753,0.10543597489595413,0.8669999837875366,0.7355999946594238
YOR239W,YPL195W,0,-2.3767755,0.10542315244674683,0.8669999837875366,0.7357000112533569
YDR512C,YOR288C,0,-2.3767827,0.10541033744812012,0.8669999837875366,0.73580002784729
YBR021W,YNL308C,0,-2.376909,0.10539752244949341,0.8669999837875366,0.7358999848365784
YOL049W,YNL112W,0,-2.3769352,0.1053847074508667,0.8669999837875366,0.7360000014305115
YCL063W,YLR442C,0,-2.3771749,0.10537189990282059,0.8669999837875366,0.7361000180244446
YJL180C,YDL065C,0,-2.377579,0.10535909235477448,0.8669999837875366,0.7361999750137329
YJR072C,YEL064C,0,-2.3780115,0.10534629225730896,0.8669999837875366,0.736299991607666
YDR343C,YDL194W,1,-2.3780408,0.10545498877763748,0.8679999709129333,0.736299991607666
YDL085W,YOR213C,0,-2.3781388,0.10544217377901077,0.8679999709129333,0.7364000082015991
YBR020W,YGL247W,0,-2.3783915,0.10542936623096466,0.8679999709129333,0.7365000247955322
YOL125W,YAL010C,0,-2.3786929,0.10541656613349915,0.8679999709129333,0.7365999817848206
YLR425W,YMR220W,0,-2.378864,0.10540376603603363,0.8679999709129333,0.7366999983787537
YHR118C,YKL099C,0,-2.3789213,0.10539096593856812,0.8679999709129333,0.7368000149726868
YML110C,YDL066W,0,-2.379069,0.1053781732916832,0.8679999709129333,0.7368999719619751
YPR141C,YBL093C,0,-2.3791192,0.10536538064479828,0.8679999709129333,0.7369999885559082
YNR054C,YLR262C,0,-2.3793766,0.10535258799791336,0.8679999709129333,0.7371000051498413
YBR296C,YDR260C,0,-2.3793943,0.10533980280160904,0.8679999709129333,0.7372000217437744
YOR221C,YBR072W,0,-2.3794305,0.10532702505588531,0.8679999709129333,0.7372999787330627
YHR178W,YKR084C,0,-2.3794396,0.10531424731016159,0.8679999709129333,0.7373999953269958
YDR312W,YHR109W,0,-2.3794749,0.10530146956443787,0.8679999709129333,0.737500011920929
YGR123C,YGL017W,0,-2.3803523,0.10528869181871414,0.8679999709129333,0.7376000285148621
YIL137C,YDR452W,0,-2.3804038,0.10527592152357101,0.8679999709129333,0.7376999855041504
YJL026W,YER115C,0,-2.3805664,0.10526315867900848,0.8679999709129333,0.7378000020980835
YKL140W,YLR440C,0,-2.3809965,0.10525039583444595,0.8679999709129333,0.7379000186920166
YDR319C,YDR519W,0,-2.3810863,0.10523763298988342,0.8679999709129333,0.7379999756813049
YGR264C,YKL046C,0,-2.3811488,0.10522487759590149,0.8679999709129333,0.738099992275238
YOL101C,YJL074C,0,-2.3812912,0.10521212220191956,0.8679999709129333,0.7382000088691711
YNL110C,YDR359C,0,-2.3815043,0.10519936680793762,0.8679999709129333,0.7383000254631042
YOR198C,YKR066C,0,-2.3815138,0.10518661886453629,0.8679999709129333,0.7383999824523926
YIL078W,YNR057C,0,-2.3817325,0.10517387837171555,0.8679999709129333,0.7384999990463257
YJL052W,YNL311C,0,-2.3821278,0.10516113042831421,0.8679999709129333,0.7386000156402588
YOR347C,YDR197W,0,-2.3821929,0.10514839738607407,0.8679999709129333,0.7386999726295471
YHR186C,YER115C,0,-2.3822572,0.10513565689325333,0.8679999709129333,0.7387999892234802
YLR223C,YCL034W,0,-2.3823483,0.10512292385101318,0.8679999709129333,0.7389000058174133
YLL040C,YGR036C,0,-2.3829093,0.10511019825935364,0.8679999709129333,0.7390000224113464
YHL001W,YLL029W,0,-2.3830025,0.10509747266769409,0.8679999709129333,0.7390999794006348
YGL104C,YDL247W,1,-2.3836095,0.10520581156015396,0.8690000176429749,0.7390999794006348
YOL137W,YNL081C,0,-2.3838627,0.10519307851791382,0.8690000176429749,0.7391999959945679
YLR399C,YFR037C,0,-2.383928,0.10518034547567368,0.8690000176429749,0.739300012588501
YJR158W,YFR053C,1,-2.3842294,0.10528863966464996,0.8700000047683716,0.739300012588501
YOR198C,YDR223W,0,-2.384413,0.10527589917182922,0.8700000047683716,0.7394000291824341
YDR093W,YJL052W,0,-2.384579,0.10526315867900848,0.8700000047683716,0.7394999861717224
YJL061W,YIL124W,0,-2.3845854,0.10525042563676834,0.8700000047683716,0.7396000027656555
YGR236C,YDR437W,0,-2.3847094,0.1052376925945282,0.8700000047683716,0.7397000193595886
YCL043C,YGL161C,0,-2.38491,0.10522496700286865,0.8700000047683716,0.739799976348877
YPL221W,YLR340W,0,-2.3849723,0.1052122414112091,0.8700000047683716,0.7398999929428101
YGL137W,YBL066C,0,-2.3851748,0.10519951581954956,0.8700000047683716,0.7400000095367432
YBL023C,YLR430W,0,-2.385327,0.10518679767847061,0.8700000047683716,0.7401000261306763
YDR372C,YER041W,0,-2.3854434,0.10517407953739166,0.8700000047683716,0.7401999831199646
YGR217W,YIL145C,0,-2.3862731,0.10516136884689331,0.8700000047683716,0.7402999997138977
YOR019W,YIL158W,0,-2.3863723,0.10514865815639496,0.8700000047683716,0.7404000163078308
YDL225W,YJL140W,0,-2.3866234,0.1051359549164772,0.8700000047683716,0.7404999732971191
YOR261C,YMR154C,0,-2.3867505,0.10512324422597885,0.8700000047683716,0.7405999898910522
YJR007W,YGR184C,0,-2.386843,0.1051105484366417,0.8700000047683716,0.7407000064849854
YFL028C,YLR144C,0,-2.3868792,0.10509785264730453,0.8700000047683716,0.7408000230789185
YIL138C,YEL013W,0,-2.3870146,0.10508515685796738,0.8700000047683716,0.7408999800682068
YPL026C,YDR342C,1,-2.3870766,0.10519323498010635,0.8709999918937683,0.7408999800682068
YHR096C,YPL055C,0,-2.387084,0.1051805317401886,0.8709999918937683,0.7409999966621399
YER012W,YPR005C,0,-2.387154,0.10516783595085144,0.8709999918937683,0.741100013256073
YHR170W,YOR094W,0,-2.387845,0.10515514016151428,0.8709999918937683,0.7411999702453613
YKL216W,YER001W,0,-2.3879626,0.10514244437217712,0.8709999918937683,0.7412999868392944
YER044C-A,YNR053C,0,-2.3881805,0.10512975603342056,0.8709999918937683,0.7414000034332275
YJR031C,YLL002W,0,-2.3883116,0.105117067694664,0.8709999918937683,0.7415000200271606
YPR110C,YPL051W,0,-2.3885064,0.10510437935590744,0.8709999918937683,0.741599977016449
YCL061C,YDL103C,0,-2.3888235,0.10509169846773148,0.8709999918937683,0.7416999936103821
YLR435W,YGR047C,0,-2.3888738,0.10507901757955551,0.8709999918937683,0.7418000102043152
YLR320W,YOL117W,0,-2.3889558,0.10506634414196014,0.8709999918937683,0.7419000267982483
YNR076W,YKL134C,0,-2.3892725,0.10505367070436478,0.8709999918937683,0.7419999837875366
YKL216W,YKL020C,0,-2.3895323,0.10504100471735,0.8709999918937683,0.7421000003814697
YLR298C,YMR012W,0,-2.3895357,0.10502833873033524,0.8709999918937683,0.7422000169754028
YOR185C,YNL081C,0,-2.3897207,0.10501567274332047,0.8709999918937683,0.7422999739646912
YIL076W,YJL140W,0,-2.3897429,0.10500301420688629,0.8709999918937683,0.7423999905586243
YOL151W,YNR053C,0,-2.3897696,0.10499035567045212,0.8709999918937683,0.7425000071525574
YPL072W,YOR137C,0,-2.389891,0.10497770458459854,0.8709999918937683,0.7426000237464905
YLR418C,YHL007C,0,-2.3901005,0.10496505349874496,0.8709999918937683,0.7426999807357788
YNR001C,YIL095W,0,-2.3902292,0.10495240241289139,0.8709999918937683,0.7427999973297119
YIL070C,YPL010W,0,-2.3902385,0.10493975877761841,0.8709999918937683,0.742900013923645
YIL103W,YBR001C,0,-2.3902986,0.10492711514234543,0.8709999918937683,0.7429999709129333
YOL102C,YJL023C,0,-2.3907945,0.10491447895765305,0.8709999918937683,0.7430999875068665
YGR282C,YNL081C,0,-2.390805,0.10490184277296066,0.8709999918937683,0.7432000041007996
YDR152W,YKR084C,0,-2.3908532,0.10488920658826828,0.8709999918937683,0.7433000206947327
YGR222W,YBL103C,0,-2.3908904,0.1048765778541565,0.8709999918937683,0.743399977684021
YMR212C,YLR442C,0,-2.3911865,0.1048639565706253,0.8709999918937683,0.7434999942779541
YKL140W,YDR354W,0,-2.3911867,0.10485132783651352,0.8709999918937683,0.7436000108718872
YKL101W,YMR241W,0,-2.391369,0.10483870655298233,0.8709999918937683,0.7437000274658203
YBR057C,YNR027W,0,-2.391739,0.10482609272003174,0.8709999918937683,0.7437999844551086
YJL209W,YLR430W,0,-2.3918626,0.10481347888708115,0.8709999918937683,0.7439000010490417
YGR289C,YDL194W,1,-2.3918679,0.10492119193077087,0.871999979019165,0.7439000010490417
YPL004C,YKL184W,0,-2.3919027,0.10490856319665909,0.871999979019165,0.7440000176429749
YGL166W,YPR141C,0,-2.392236,0.1048959493637085,0.871999979019165,0.7440999746322632
YHL013C,YOL019W,0,-2.3923037,0.10488332808017731,0.871999979019165,0.7441999912261963
YJR014W,YLR206W,0,-2.3924978,0.10487071424722672,0.871999979019165,0.7443000078201294
YLR099C,YKL046C,0,-2.3926127,0.10485810786485672,0.871999979019165,0.7444000244140625
YCL040W,YML038C,1,-2.3928404,0.10496573150157928,0.8730000257492065,0.7444000244140625
YPR113W,YHR043C,0,-2.393234,0.1049531102180481,0.8730000257492065,0.7444999814033508
YCR005C,YOL030W,0,-2.3933456,0.1049404963850975,0.8730000257492065,0.7445999979972839
YGR184C,YHR064C,0,-2.3934112,0.10492788255214691,0.8730000257492065,0.744700014591217
YDR457W,YLR375W,0,-2.3934848,0.10491527616977692,0.8730000257492065,0.7447999715805054
YJR094W-A,YPL196W,0,-2.393508,0.10490266978740692,0.8730000257492065,0.7448999881744385
YGL028C,YHL019C,0,-2.393813,0.10489006340503693,0.8730000257492065,0.7450000047683716
YGR002C,YLR350W,0,-2.3942068,0.10487746447324753,0.8730000257492065,0.7451000213623047
YDL222C,YJR032W,0,-2.3942246,0.10486486554145813,0.8730000257492065,0.745199978351593
YDR524C,YFL046W,0,-2.3943496,0.10485226660966873,0.8730000257492065,0.7452999949455261
YOL049W,YPR083W,0,-2.3944595,0.10483967512845993,0.8730000257492065,0.7454000115394592
YDL046W,YNL197C,0,-2.3945153,0.10482709109783173,0.8730000257492065,0.7455000281333923
YCR024C-A,YDR084C,0,-2.3952742,0.10481450706720352,0.8730000257492065,0.7455999851226807
YJL179W,YER183C,0,-2.3953307,0.10480192303657532,0.8730000257492065,0.7457000017166138
YML038C,YPL244C,1,-2.3956256,0.10490937530994415,0.8740000128746033,0.7457000017166138
YPL091W,YOR158W,0,-2.3956566,0.10489678382873535,0.8740000128746033,0.7458000183105469
YDL194W,YNR008W,0,-2.395685,0.10488419234752655,0.8740000128746033,0.7458999752998352
YKL058W,YBR025C,0,-2.395737,0.10487160831689835,0.8740000128746033,0.7459999918937683
YJL186W,YHR178W,0,-2.3957675,0.10485903173685074,0.8740000128746033,0.7461000084877014
YLR121C,YEL006W,0,-2.3958428,0.10484644770622253,0.8740000128746033,0.7462000250816345
YLR204W,YML001W,0,-2.3958857,0.10483387112617493,0.8740000128746033,0.7462999820709229
YGR174C,YLR099C,0,-2.3962471,0.10482130199670792,0.8740000128746033,0.746399998664856
YNL125C,YBL018C,0,-2.3963304,0.1048087328672409,0.8740000128746033,0.7465000152587891
YKR061W,YMR021C,0,-2.3963358,0.1047961637377739,0.8740000128746033,0.7465999722480774
YOR063W,YPL172C,0,-2.3966146,0.10478360205888748,0.8740000128746033,0.7466999888420105
YBR167C,YOR141C,0,-2.3969314,0.10477104038000107,0.8740000128746033,0.7468000054359436
YLR347C,YOR151C,0,-2.3974197,0.10475847870111465,0.8740000128746033,0.7469000220298767
YOR347C,YNL160W,0,-2.3974729,0.10474592447280884,0.8740000128746033,0.746999979019165
YGL224C,YPR058W,0,-2.3979025,0.10473337024450302,0.8740000128746033,0.7470999956130981
YNL125C,YPL043W,0,-2.3982384,0.1047208234667778,0.8740000128746033,0.7472000122070312
YMR203W,YHR158C,0,-2.3989289,0.10470827668905258,0.8740000128746033,0.7473000288009644
YOR059C,YER165W,0,-2.3989453,0.10469573736190796,0.8740000128746033,0.7473999857902527
YOR247W,YOR046C,0,-2.3991444,0.10468319803476334,0.8740000128746033,0.7475000023841858
YLL050C,YGL186C,0,-2.39942,0.10467065870761871,0.8740000128746033,0.7476000189781189
YNL026W,YFR041C,0,-2.3994303,0.10465812683105469,0.8740000128746033,0.7476999759674072
YOL154W,YEL034W,0,-2.3994896,0.10464559495449066,0.8740000128746033,0.7477999925613403
YJL030W,YLR106C,0,-2.3995657,0.10463306307792664,0.8740000128746033,0.7479000091552734
YNR050C,YLR450W,0,-2.399679,0.1046205386519432,0.8740000128746033,0.7480000257492065
YJR125C,YLR447C,0,-2.399803,0.10460802167654037,0.8740000128746033,0.7480999827384949
YOR059C,YOR315W,0,-2.3998365,0.10459549725055695,0.8740000128746033,0.748199999332428
YDR312W,YKL094W,0,-2.3999166,0.10458298772573471,0.8740000128746033,0.7483000159263611
YJL020C,YIL027C,0,-2.4003499,0.10457047075033188,0.8740000128746033,0.7483999729156494
YOR354C,YBL057C,0,-2.400511,0.10455796122550964,0.8740000128746033,0.7484999895095825
YBR043C,YMR225C,0,-2.4006617,0.10454545170068741,0.8740000128746033,0.7486000061035156
YER098W,YDR032C,0,-2.4009664,0.10453294962644577,0.8740000128746033,0.7487000226974487
YBR202W,YPL051W,0,-2.401189,0.10452044755220413,0.8740000128746033,0.7487999796867371
YDR430C,YHR178W,0,-2.40124,0.10450795292854309,0.8740000128746033,0.7488999962806702
YCR028C-A,YHR109W,0,-2.4014223,0.10449545830488205,0.8740000128746033,0.7490000128746033
YIL137C,YHR084W,0,-2.4014342,0.10448296368122101,0.8740000128746033,0.7491000294685364
YDR524C,YBL025W,0,-2.4015722,0.10447047650814056,0.8740000128746033,0.7491999864578247
YNL293W,YOR260W,0,-2.4020693,0.10445798933506012,0.8740000128746033,0.7493000030517578
YNL151C,YGL123W,0,-2.4024146,0.10444550961256027,0.8740000128746033,0.7494000196456909
YGR084C,YPL046C,0,-2.402746,0.10443302989006042,0.8740000128746033,0.7494999766349792
YGL104C,YLL043W,1,-2.4028904,0.10454002022743225,0.875,0.7494999766349792
YIL031W,YGR038W,0,-2.4029176,0.1045275330543518,0.875,0.7495999932289124
YBR162W-A,YML077W,0,-2.4029915,0.10451505333185196,0.875,0.7497000098228455
YPL070W,YLR337C,0,-2.4033744,0.10450256615877151,0.875,0.7498000264167786
YMR036C,YOR058C,0,-2.403593,0.10449008643627167,0.875,0.7498999834060669
YMR119W,YDL051W,0,-2.4037108,0.10447761416435242,0.875,0.75
YBR060C,YBL056W,0,-2.4038663,0.10446514189243317,0.875,0.7501000165939331
YDR219C,YBR034C,0,-2.4039605,0.10445266962051392,0.875,0.7501999735832214
YPL040C,YOL012C,0,-2.4040563,0.10444019734859467,0.875,0.7502999901771545
YBR181C,YCL034W,0,-2.4041262,0.10442773252725601,0.875,0.7504000067710876
YGL025C,YDR392W,0,-2.4042804,0.10441527515649796,0.875,0.7505000233650208
YBL056W,YGR181W,0,-2.4043882,0.1044028177857399,0.875,0.7505999803543091
YNL097C,YBR189W,0,-2.404628,0.10439036041498184,0.875,0.7506999969482422
YCR052W,YLL019C,0,-2.4046462,0.10437791049480438,0.875,0.7508000135421753
YDR289C,YDL122W,0,-2.4046824,0.10436546057462692,0.875,0.7508999705314636
YPL221W,YGL233W,0,-2.4047441,0.10435301065444946,0.875,0.7509999871253967
YGL207W,YNL101W,0,-2.4048867,0.1043405681848526,0.875,0.7511000037193298
YGR085C,YCL052C,0,-2.4050114,0.10432812571525574,0.875,0.7512000203132629
YMR113W,YNL041C,0,-2.4054492,0.10431569069623947,0.875,0.7512999773025513
YGR284C,YGL094C,0,-2.405529,0.1043032556772232,0.875,0.7513999938964844
YJL090C,YHR134W,0,-2.4056275,0.10429082065820694,0.875,0.7515000104904175
YNL032W,YFR024C-A,0,-2.4056308,0.10427839308977127,0.875,0.7516000270843506
YPR110C,YBL037W,0,-2.4060628,0.1042659655213356,0.875,0.7516999840736389
YOR276W,YJL167W,0,-2.4060771,0.10425354540348053,0.875,0.751800000667572
YLR425W,YOR089C,0,-2.4062483,0.10424112528562546,0.875,0.7519000172615051
YOL094C,YBR023C,0,-2.4062912,0.10422870516777039,0.875,0.7519999742507935
YJR044C,YGR020C,0,-2.4065416,0.10421629250049591,0.875,0.7520999908447266
YPL214C,YNL080C,0,-2.4065878,0.10420387983322144,0.875,0.7522000074386597
YNR001C,YFL017C,0,-2.4065983,0.10419147461652756,0.875,0.7523000240325928
YMR220W,YPL169C,0,-2.4066477,0.10417906939983368,0.875,0.7523999810218811
YEL056W,YPL010W,0,-2.406932,0.1041666641831398,0.875,0.7524999976158142
YMR211W,YMR219W,0,-2.4071262,0.10415426641702652,0.875,0.7526000142097473
YFR042W,YOR151C,0,-2.407146,0.10414186865091324,0.875,0.7526999711990356
YJR072C,YDL046W,0,-2.4074497,0.10412947833538055,0.875,0.7527999877929688
YLL039C,YCL050C,0,-2.4077508,0.10411708801984787,0.875,0.7529000043869019
YJL079C,YCR052W,0,-2.4087021,0.10410469770431519,0.875,0.753000020980835
YOR315W,YHR148W,0,-2.408785,0.1040923148393631,0.875,0.7530999779701233
YCL008C,YJL168C,0,-2.4090993,0.10407993197441101,0.875,0.7531999945640564
YHR186C,YGR198W,0,-2.4092252,0.10406755656003952,0.875,0.7533000111579895
YBR060C,YLR188W,0,-2.4092345,0.10405518114566803,0.875,0.7534000277519226
YJL097W,YGR155W,0,-2.4096618,0.10404280573129654,0.875,0.7534999847412109
YOL102C,YPR139C,0,-2.410031,0.10403043776750565,0.875,0.753600001335144
YPR026W,YML038C,1,-2.4101818,0.10413694381713867,0.8759999871253967,0.753600001335144
YBL069W,YBR036C,0,-2.411182,0.10412456840276718,0.8759999871253967,0.7537000179290771
YIL094C,YML077W,0,-2.411676,0.10411219298839569,0.8759999871253967,0.7537999749183655
YPL243W,YNR043W,0,-2.41174,0.1040998250246048,0.8759999871253967,0.7538999915122986
YMR212C,YAL047C,0,-2.4117506,0.1040874496102333,0.8759999871253967,0.7540000081062317
YDL066W,YMR002W,0,-2.411779,0.10407508909702301,0.8759999871253967,0.7541000247001648
YLR119W,YDR200C,0,-2.4118133,0.10406272113323212,0.8759999871253967,0.7541999816894531
YER031C,YKL067W,0,-2.411991,0.10405036062002182,0.8759999871253967,0.7542999982833862
YGR033C,YAL021C,0,-2.4127548,0.10403800755739212,0.8759999871253967,0.7544000148773193
YFL028C,YDR392W,0,-2.413044,0.10402564704418182,0.8759999871253967,0.7544999718666077
YJL053W,YDR315C,0,-2.4136574,0.10401330143213272,0.8759999871253967,0.7545999884605408
YBL047C,YBL064C,0,-2.413809,0.10400094836950302,0.8759999871253967,0.7547000050544739
YGL097W,YPL051W,0,-2.4139662,0.10398860275745392,0.8759999871253967,0.754800021648407
YLL043W,YBL020W,1,-2.4140575,0.10409495234489441,0.8769999742507935,0.754800021648407
YGR002C,YDR251W,0,-2.4142392,0.10408259928226471,0.8769999742507935,0.7548999786376953
YNL281W,YLR304C,0,-2.4142454,0.1040702536702156,0.8769999742507935,0.7549999952316284
YJL031C,YMR021C,0,-2.4144297,0.10405790060758591,0.8769999742507935,0.7551000118255615
YDR032C,YBR245C,0,-2.4145596,0.1040455549955368,0.8769999742507935,0.7552000284194946
YJR048W,YBR202W,0,-2.4154618,0.1040332168340683,0.8769999742507935,0.755299985408783
YLR052W,YDL054C,0,-2.415489,0.10402087867259979,0.8769999742507935,0.7554000020027161
YOR347C,YDL170W,0,-2.4154968,0.10400854051113129,0.8769999742507935,0.7555000185966492
YJL161W,YKL094W,0,-2.415549,0.10399620234966278,0.8769999742507935,0.7555999755859375
YNL148C,YOL055C,0,-2.4158762,0.10398387163877487,0.8769999742507935,0.7556999921798706
YOR063W,YDR503C,0,-2.4162328,0.10397154837846756,0.8769999742507935,0.7558000087738037
YHL013C,YPL196W,0,-2.4162695,0.10395922511816025,0.8769999742507935,0.7559000253677368
YDL194W,YDL247W,1,-2.4163685,0.1040654256939888,0.878000020980835,0.7559000253677368
YMR011W,YDL247W,1,-2.4164133,0.10417160391807556,0.8790000081062317,0.7559000253677368
YKL110C,YDR422C,0,-2.4165552,0.10415925830602646,0.8790000081062317,0.7559999823570251
YLR442C,YOL103W,0,-2.4174473,0.10414692014455795,0.8790000081062317,0.7560999989509583
YNR007C,YAL010C,0,-2.4176514,0.10413458198308945,0.8790000081062317,0.7562000155448914
YOR371C,YBR034C,0,-2.4176567,0.10412224382162094,0.8790000081062317,0.7562999725341797
YAL051W,YML095C,0,-2.417797,0.10410991311073303,0.8790000081062317,0.7563999891281128
YMR070W,YAR019C,0,-2.4179735,0.10409758239984512,0.8790000081062317,0.7565000057220459
YBR298C,YGL104C,1,-2.418022,0.10420367121696472,0.8799999952316284,0.7565000057220459
YMR213W,YER029C,0,-2.4180973,0.10419133305549622,0.8799999952316284,0.756600022315979
YFR053C,YDR536W,1,-2.4182355,0.10429738461971283,0.8809999823570251,0.756600022315979
YGL253W,YGL225W,1,-2.4182918,0.10440340638160706,0.8820000290870667,0.756600022315979
YCR104W,YGR078C,0,-2.418905,0.10439105331897736,0.8820000290870667,0.7566999793052673
YOR028C,YJR059W,0,-2.4189758,0.10437870025634766,0.8820000290870667,0.7567999958992004
YCL034W,YBR022W,0,-2.4190204,0.10436634719371796,0.8820000290870667,0.7569000124931335
YHL013C,YEL064C,0,-2.419576,0.10435400158166885,0.8820000290870667,0.7570000290870667
YKL216W,YNL258C,0,-2.4197655,0.10434165596961975,0.8820000290870667,0.757099986076355
YPR075C,YBR001C,0,-2.4199607,0.10432931035757065,0.8820000290870667,0.7572000026702881
YPL241C,YLR144C,0,-2.4200952,0.10431697219610214,0.8820000290870667,0.7573000192642212
YML059C,YDR251W,0,-2.4202428,0.10430463403463364,0.8820000290870667,0.7573999762535095
YJL012C,YDR084C,0,-2.4207108,0.10429230332374573,0.8820000290870667,0.7574999928474426
YGL027C,YLR325C,0,-2.4207633,0.10427997261285782,0.8820000290870667,0.7576000094413757
YOR096W,YKR061W,0,-2.4210458,0.10426764190196991,0.8820000290870667,0.7577000260353088
YIL027C,YPR028W,0,-2.4213483,0.1042553186416626,0.8820000290870667,0.7577999830245972
YLL052C,YBR255W,0,-2.421578,0.10424299538135529,0.8820000290870667,0.7578999996185303
YBL030C,YOR064C,0,-2.4216702,0.10423067957162857,0.8820000290870667,0.7580000162124634
YGL001C,YML088W,0,-2.4218082,0.10421836376190186,0.8820000290870667,0.7580999732017517
YNL032W,YJL029C,0,-2.4218743,0.10420604795217514,0.8820000290870667,0.7581999897956848
YER021W,YKR021W,0,-2.4219253,0.10419373959302902,0.8820000290870667,0.7583000063896179
YDR363W,YFR002W,0,-2.4219983,0.1041814312338829,0.8820000290870667,0.758400022983551
YAL034W-A,YAR007C,0,-2.4223218,0.10416913032531738,0.8820000290870667,0.7584999799728394
YNL197C,YGL161C,0,-2.4223495,0.10415682941675186,0.8820000290870667,0.7585999965667725
YGL019W,YGR220C,0,-2.422501,0.10414452850818634,0.8820000290870667,0.7587000131607056
YKR082W,YER070W,0,-2.4225545,0.10413223505020142,0.8820000290870667,0.7588000297546387
YLL039C,YKL189W,0,-2.422608,0.10411994159221649,0.8820000290870667,0.758899986743927
YOR140W,YMR220W,0,-2.4232996,0.10410764813423157,0.8820000290870667,0.7590000033378601
YPL241C,YPL040C,0,-2.423724,0.10409536212682724,0.8820000290870667,0.7591000199317932
YOL012C,YDR223W,0,-2.4239283,0.10408307611942291,0.8820000290870667,0.7591999769210815
YBR302C,YBL106C,0,-2.4239962,0.10407079756259918,0.8820000290870667,0.7592999935150146
YOR221C,YMR032W,0,-2.424225,0.10405851900577545,0.8820000290870667,0.7594000101089478
YIL136W,YKL120W,0,-2.4243634,0.10404624044895172,0.8820000290870667,0.7595000267028809
YDR120C,YLR262C,0,-2.4245446,0.10403396934270859,0.8820000290870667,0.7595999836921692
YHR094C,YLR166C,0,-2.424565,0.10402169823646545,0.8820000290870667,0.7597000002861023
YDR143C,YGR112W,0,-2.424874,0.10400943458080292,0.8820000290870667,0.7598000168800354
YJL012C,YJR032W,0,-2.4249246,0.10399717092514038,0.8820000290870667,0.7598999738693237
YDR083W,YOR374W,0,-2.425297,0.10398490726947784,0.8820000290870667,0.7599999904632568
YJL161W,YGR009C,0,-2.425624,0.1039726510643959,0.8820000290870667,0.7601000070571899
YFL057C,YOR276W,0,-2.4256604,0.10396039485931396,0.8820000290870667,0.760200023651123
YCL001W,YMR294W,0,-2.425915,0.10394814610481262,0.8820000290870667,0.7602999806404114
YDR164C,YER029C,0,-2.4260435,0.10393589735031128,0.8820000290870667,0.7603999972343445
YGL253W,YHR092C,1,-2.4262393,0.10404147207736969,0.8830000162124634,0.7603999972343445
YHR064C,YLR066W,0,-2.426475,0.10402921587228775,0.8830000162124634,0.7605000138282776
YJR075W,YCR027C,0,-2.4266226,0.10401695966720581,0.8830000162124634,0.7605999708175659
YER159C,YNL160W,0,-2.4268732,0.10400471091270447,0.8830000162124634,0.760699987411499
YOL154W,YPL210C,0,-2.4269223,0.10399246215820312,0.8830000162124634,0.7608000040054321
YOR213C,YPL037C,0,-2.427098,0.10398021340370178,0.8830000162124634,0.7609000205993652
YHL030W,YGR181W,0,-2.4273443,0.10396797209978104,0.8830000162124634,0.7609999775886536
YGL247W,YDR200C,0,-2.4279654,0.10395573079586029,0.8830000162124634,0.7610999941825867
YPL221W,YCR067C,0,-2.4280272,0.10394349694252014,0.8830000162124634,0.7612000107765198
YHL007C,YOR362C,0,-2.428252,0.10393126308917999,0.8830000162124634,0.7613000273704529
YLR298C,YIL070C,0,-2.4284263,0.10391902923583984,0.8830000162124634,0.7613999843597412
YML120C,YFL049W,0,-2.4285767,0.10390680283308029,0.8830000162124634,0.7615000009536743
YDR014W,YLR083C,0,-2.4286482,0.10389457643032074,0.8830000162124634,0.7616000175476074
YMR283C,YAR007C,0,-2.428673,0.10388235002756119,0.8830000162124634,0.7616999745368958
YMR077C,YBL093C,0,-2.4286733,0.10387013107538223,0.8830000162124634,0.7617999911308289
YOR008C,YEL015W,0,-2.4289138,0.10385791212320328,0.8830000162124634,0.761900007724762
YDL051W,YKL188C,0,-2.4295635,0.10384570062160492,0.8830000162124634,0.7620000243186951
YCL010C,YLR319C,0,-2.4297626,0.10383348912000656,0.8830000162124634,0.7620999813079834
YGR092W,YLR265C,0,-2.4298005,0.1038212850689888,0.8830000162124634,0.7621999979019165
YOL103W,YHR069C,0,-2.430036,0.10380907356739044,0.8830000162124634,0.7623000144958496
YML110C,YGL229C,0,-2.4301484,0.10379686951637268,0.8830000162124634,0.7623999714851379
YKL132C,YJL140W,0,-2.43016,0.10378467291593552,0.8830000162124634,0.762499988079071
YNL039W,YDL036C,0,-2.4302652,0.10377247631549835,0.8830000162124634,0.7626000046730042
YBL054W,YHR071W,0,-2.4304252,0.10376027971506119,0.8830000162124634,0.7627000212669373
YGL027C,YJL012C,0,-2.4304388,0.10374809056520462,0.8830000162124634,0.7627999782562256
YKL119C,YIL070C,0,-2.4304726,0.10373590141534805,0.8830000162124634,0.7628999948501587
YER145C,YLR382C,0,-2.4304986,0.10372371971607208,0.8830000162124634,0.7630000114440918
YLR219W,YLR375W,0,-2.430548,0.10371153056621552,0.8830000162124634,0.7631000280380249
YHR111W,YOL122C,0,-2.430658,0.10369935631752014,0.8830000162124634,0.7631999850273132
YOL084W,YBR189W,0,-2.4307034,0.10368717461824417,0.8830000162124634,0.7633000016212463
YDR342C,YHR092C,1,-2.4307127,0.10379241406917572,0.8840000033378601,0.7633000016212463
YFR053C,YLR055C,0,-2.4307408,0.10378023236989975,0.8840000033378601,0.7634000182151794
YGR078C,YLR418C,0,-2.4307868,0.10376805067062378,0.8840000033378601,0.7634999752044678
YLR203C,YGR038W,0,-2.4313276,0.10375586897134781,0.8840000033378601,0.7635999917984009
YGL067W,YHR176W,0,-2.431494,0.10374369472265244,0.8840000033378601,0.763700008392334
YNL126W,YDR363W,0,-2.4318178,0.10373152047395706,0.8840000033378601,0.7638000249862671
YGL225W,YBR036C,0,-2.4318378,0.10371934622526169,0.8840000033378601,0.7638999819755554
YBR255W,YOR319W,0,-2.4321291,0.10370717942714691,0.8840000033378601,0.7639999985694885
YPR026W,YHR096C,1,-2.4322774,0.1038123145699501,0.8849999904632568,0.7639999985694885
YIL110W,YDL061C,0,-2.4323308,0.10380014032125473,0.8849999904632568,0.7641000151634216
YPR160W,YGR262C,0,-2.432385,0.10378796607255936,0.8849999904632568,0.76419997215271
YFL037W,YGR109C,0,-2.4323914,0.10377579927444458,0.8849999904632568,0.7642999887466431
YOL094C,YGL136C,0,-2.4326136,0.1037636324763298,0.8849999904632568,0.7644000053405762
YGR089W,YMR021C,0,-2.4331553,0.10375146567821503,0.8849999904632568,0.7645000219345093
YGL131C,YGR095C,0,-2.433428,0.10373930633068085,0.8849999904632568,0.7645999789237976
YGL094C,YGR047C,0,-2.4338186,0.10372714698314667,0.8849999904632568,0.7646999955177307
YDL003W,YPL111W,0,-2.433829,0.10371498763561249,0.8849999904632568,0.7648000121116638
YBR110W,YNL135C,0,-2.4341044,0.1037028357386589,0.8849999904632568,0.7649000287055969
YIL138C,YDR520C,0,-2.434453,0.10369068384170532,0.8849999904632568,0.7649999856948853
YJL115W,YGL167C,0,-2.4345734,0.10367853939533234,0.8849999904632568,0.7651000022888184
YAR002W,YIL017C,0,-2.4346068,0.10366639494895935,0.8849999904632568,0.7652000188827515
YHR191C,YLL019C,0,-2.4347386,0.10365425050258636,0.8849999904632568,0.7652999758720398
YNL101W,YLR203C,0,-2.4348147,0.10364211350679398,0.8849999904632568,0.7653999924659729
YBR162W-A,YOR101W,0,-2.4348462,0.10362997651100159,0.8849999904632568,0.765500009059906
YJL094C,YDR105C,0,-2.4348595,0.1036178469657898,0.8849999904632568,0.7656000256538391
YPL258C,YPL001W,0,-2.4349225,0.1036057099699974,0.8849999904632568,0.7656999826431274
YAL029C,YLR357W,0,-2.4351447,0.10359358787536621,0.8849999904632568,0.7657999992370605
YJL061W,YOR288C,0,-2.4351542,0.10358145833015442,0.8849999904632568,0.7659000158309937
YBR162W-A,YLR450W,0,-2.4352722,0.10356933623552322,0.8849999904632568,0.765999972820282
YDL155W,YLL019C,0,-2.43545,0.10355722159147263,0.8849999904632568,0.7660999894142151
YOR261C,YER145C,0,-2.4358788,0.10354510694742203,0.8849999904632568,0.7662000060081482
YKR082W,YGL026C,0,-2.4364753,0.10353299230337143,0.8849999904632568,0.7663000226020813
YIL110W,YLR203C,0,-2.436553,0.10352087765932083,0.8849999904632568,0.7663999795913696
YER115C,YOL115W,0,-2.4367118,0.10350877046585083,0.8849999904632568,0.7664999961853027
YOL102C,YDL222C,0,-2.4367297,0.10349667072296143,0.8849999904632568,0.7666000127792358
YEL012W,YCR086W,0,-2.4367716,0.10348456352949142,0.8849999904632568,0.766700029373169
YER145C,YAL060W,0,-2.4374022,0.10347246378660202,0.8849999904632568,0.7667999863624573
YCL010C,YNL002C,0,-2.4374697,0.10346037149429321,0.8849999904632568,0.7669000029563904
YAL005C,YDL171C,0,-2.4380453,0.1034482792019844,0.8849999904632568,0.7670000195503235
YDL014W,YGL026C,0,-2.43808,0.1034361869096756,0.8849999904632568,0.7670999765396118
YML026C,YNL223W,0,-2.4380941,0.10342409461736679,0.8849999904632568,0.7671999931335449
YLR410W,YER165W,0,-2.4381695,0.10341200977563858,0.8849999904632568,0.767300009727478
YML074C,YGR095C,0,-2.4383404,0.10339993238449097,0.8849999904632568,0.7674000263214111
YMR011W,YFR053C,1,-2.4385338,0.10350467264652252,0.8859999775886536,0.7674000263214111
YLR052W,YBR279W,0,-2.4385478,0.10349258035421371,0.8859999775886536,0.7674999833106995
YGL119W,YDL103C,0,-2.438867,0.1034804955124855,0.8859999775886536,0.7675999999046326
YOL049W,YLR440C,0,-2.4389002,0.1034684106707573,0.8859999775886536,0.7677000164985657
YOR386W,YDR223W,0,-2.4389353,0.10345632582902908,0.8859999775886536,0.767799973487854
YLR203C,YMR019W,0,-2.4389927,0.10344424843788147,0.8859999775886536,0.7678999900817871
YPL051W,YDR315C,0,-2.4390352,0.10343217104673386,0.8859999775886536,0.7680000066757202
YKL185W,YNL118C,0,-2.4392278,0.10342010110616684,0.8859999775886536,0.7681000232696533
YMR246W,YKR021W,0,-2.4393833,0.10340803116559982,0.8859999775886536,0.7681999802589417
YER021W,YBL056W,0,-2.439425,0.1033959612250328,0.8859999775886536,0.7682999968528748
YNL110C,YOR374W,0,-2.4394257,0.10338389873504639,0.8859999775886536,0.7684000134468079
YLL039C,YOR185C,0,-2.439838,0.10337183624505997,0.8859999775886536,0.7684999704360962
YMR070W,YOR124C,0,-2.4399724,0.10335977375507355,0.8859999775886536,0.7685999870300293
YKL006W,YDL046W,0,-2.440029,0.10334771871566772,0.8859999775886536,0.7687000036239624
YNL261W,YFR019W,0,-2.44074,0.1033356636762619,0.8859999775886536,0.7688000202178955
YLL029W,YER083C,0,-2.4407866,0.10332361608743668,0.8859999775886536,0.7688999772071838
YCR067C,YLR404W,0,-2.4413824,0.10331156849861145,0.8859999775886536,0.7689999938011169
YOR095C,YFR043C,0,-2.4415076,0.10329952090978622,0.8859999775886536,0.76910001039505
YBR146W,YGL167C,0,-2.4415956,0.1032874807715416,0.8859999775886536,0.7692000269889832
YHR096C,YCR096C,0,-2.4416277,0.10327544063329697,0.8859999775886536,0.7692999839782715
YBL040C,YPL018W,0,-2.4416354,0.10326340049505234,0.8859999775886536,0.7694000005722046
YDL024C,YDR223W,0,-2.441747,0.1032513678073883,0.8859999775886536,0.7695000171661377
YDR032C,YOL115W,0,-2.4421546,0.10323933511972427,0.8859999775886536,0.769599974155426
YGL094C,YOR317W,0,-2.4421818,0.10322730988264084,0.8859999775886536,0.7696999907493591
YDR477W,YPL196W,0,-2.4422019,0.1032152846455574,0.8859999775886536,0.7698000073432922
YDL222C,YCL050C,0,-2.4426086,0.10320325940847397,0.8859999775886536,0.7699000239372253
YLR418C,YEL006W,0,-2.4434023,0.10319124162197113,0.8859999775886536,0.7699999809265137
YPL026C,YDL194W,1,-2.443453,0.10329567641019821,0.8870000243186951,0.7699999809265137
YHR135C,YLR382C,0,-2.4435165,0.10328365117311478,0.8870000243186951,0.7700999975204468
YGL068W,YDL106C,0,-2.4439056,0.10327162593603134,0.8870000243186951,0.7702000141143799
YMR306W,YOR198C,0,-2.4441226,0.1032596006989479,0.8870000243186951,0.7702999711036682
YGR194C,YDR142C,0,-2.444246,0.10324758291244507,0.8870000243186951,0.7703999876976013
YDR424C,YLR347C,0,-2.444588,0.10323556512594223,0.8870000243186951,0.7705000042915344
YLR219W,YMR012W,0,-2.4448385,0.10322355479001999,0.8870000243186951,0.7706000208854675
YHR118C,YFL028C,0,-2.444989,0.10321154445409775,0.8870000243186951,0.7706999778747559
YDR120C,YHL007C,0,-2.44517,0.1031995341181755,0.8870000243186951,0.770799994468689
YFR037C,YAL060W,0,-2.445288,0.10318753123283386,0.8870000243186951,0.7709000110626221
YNL173C,YBR162W-A,0,-2.4455502,0.10317552834749222,0.8870000243186951,0.7710000276565552
YBR149W,YBR092C,0,-2.4457471,0.10316352546215057,0.8870000243186951,0.7710999846458435
YBR298C,YDR277C,1,-2.4460213,0.10326781868934631,0.8880000114440918,0.7710999846458435
YCR042C,YOR322C,0,-2.4462407,0.10325581580400467,0.8880000114440918,0.7712000012397766
YDR164C,YCL061C,0,-2.4467666,0.10324380546808243,0.8880000114440918,0.7713000178337097
YLL003W,YNL308C,0,-2.4467719,0.10323181003332138,0.8880000114440918,0.771399974822998
YJR125C,YPR052C,0,-2.4468246,0.10321980714797974,0.8880000114440918,0.7714999914169312
YLR350W,YBR189W,0,-2.4469817,0.10320781171321869,0.8880000114440918,0.7716000080108643
YCR105W,YDR392W,0,-2.4471796,0.10319581627845764,0.8880000114440918,0.7717000246047974
YOR386W,YGL091C,0,-2.4473898,0.10318382829427719,0.8880000114440918,0.7717999815940857
YNL151C,YJL029C,0,-2.4480498,0.10317184031009674,0.8880000114440918,0.7718999981880188
YBR255W,YKL167C,0,-2.4482658,0.10315985232591629,0.8880000114440918,0.7720000147819519
YPL004C,YGR155W,0,-2.4486587,0.10314787179231644,0.8880000114440918,0.7720999717712402
YJR065C,YJR048W,0,-2.4488847,0.10313589125871658,0.8880000114440918,0.7721999883651733
YKL119C,YBL037W,0,-2.44933,0.10312391072511673,0.8880000114440918,0.7723000049591064
YOR319W,YGL240W,0,-2.4494414,0.10311193764209747,0.8880000114440918,0.7724000215530396
YIR024C,YKL020C,0,-2.449485,0.10309996455907822,0.8880000114440918,0.7724999785423279
YBR149W,YLR369W,0,-2.4495866,0.10308799892663956,0.8880000114440918,0.772599995136261
YPL003W,YPL010W,0,-2.449622,0.1030760332942009,0.8880000114440918,0.7727000117301941
YDR120C,YJL137C,0,-2.4496334,0.10306406766176224,0.8880000114440918,0.7728000283241272
YDL194W,YIL097W,0,-2.4497323,0.10305210947990417,0.8880000114440918,0.7728999853134155
YNL314W,YKR066C,0,-2.4499063,0.10304015129804611,0.8880000114440918,0.7730000019073486
YBR279W,YJL031C,0,-2.4500415,0.10302819311618805,0.8880000114440918,0.7731000185012817
YGR092W,YGL167C,0,-2.4502394,0.10301624238491058,0.8880000114440918,0.7731999754905701
YJR010C-A,YPR166C,0,-2.4505637,0.10300429165363312,0.8880000114440918,0.7732999920845032
YCR005C,YIL127C,0,-2.4506319,0.10299234837293625,0.8880000114440918,0.7734000086784363
YKR065C,YOR067C,0,-2.4514277,0.10298039764165878,0.8880000114440918,0.7735000252723694
YLR371W,YBR173C,0,-2.451452,0.10296846181154251,0.8880000114440918,0.7735999822616577
YPL172C,YJL097W,0,-2.451521,0.10295651853084564,0.8880000114440918,0.7736999988555908
YOL049W,YEL034W,0,-2.4516041,0.10294458270072937,0.8880000114440918,0.7738000154495239
YPL183W-A,YLR191W,0,-2.4516213,0.1029326543211937,0.8880000114440918,0.7738999724388123
YGL104C,YDR536W,1,-2.451747,0.10303662717342377,0.8889999985694885,0.7738999724388123
YDR299W,YBR050C,0,-2.451871,0.1030246838927269,0.8889999985694885,0.7739999890327454
YEL056W,YNL101W,0,-2.4519486,0.10301274806261063,0.8889999985694885,0.7741000056266785
YMR072W,YJR076C,0,-2.451993,0.10300081223249435,0.8889999985694885,0.7742000222206116
YMR070W,YAR071W,0,-2.4521174,0.10298887640237808,0.8889999985694885,0.7742999792098999
YJL065C,YPL003W,0,-2.452141,0.10297694802284241,0.8889999985694885,0.774399995803833
YJL168C,YKL046C,0,-2.4522426,0.10296501964330673,0.8889999985694885,0.7745000123977661
YMR012W,YPR193C,0,-2.452412,0.10295309871435165,0.8889999985694885,0.7746000289916992
YLR166C,YLR435W,0,-2.4528158,0.10294117778539658,0.8889999985694885,0.7746999859809875
YIL095W,YDL175C,0,-2.4528294,0.1029292568564415,0.8889999985694885,0.7748000025749207
YNL097C,YOL070C,0,-2.4537704,0.10291734337806702,0.8889999985694885,0.7749000191688538
YJL052W,YGR095C,0,-2.4539056,0.10290542989969254,0.8889999985694885,0.7749999761581421
YOL094C,YLR055C,0,-2.4539144,0.10289351642131805,0.8889999985694885,0.7750999927520752
YML070W,YGL008C,0,-2.4541466,0.10288161039352417,0.8889999985694885,0.7752000093460083
YMR113W,YOR185C,0,-2.454499,0.10286970436573029,0.8889999985694885,0.7753000259399414
YER125W,YNL325C,0,-2.454543,0.102857805788517,0.8889999985694885,0.7753999829292297
YMR213W,YCL061C,0,-2.4546034,0.10284590721130371,0.8889999985694885,0.7754999995231628
YOR115C,YHL004W,0,-2.454742,0.10283400863409042,0.8889999985694885,0.775600016117096
YJL023C,YGL136C,0,-2.4550912,0.10282211750745773,0.8889999985694885,0.7756999731063843
YKL058W,YGL099W,0,-2.4552557,0.10281022638082504,0.8889999985694885,0.7757999897003174
YBR129C,YNL273W,0,-2.4553425,0.10279833525419235,0.8889999985694885,0.7759000062942505
YLR023C,YNL308C,0,-2.4554117,0.10278645157814026,0.8889999985694885,0.7760000228881836
YOR063W,YOR247W,0,-2.4554605,0.10277456790208817,0.8889999985694885,0.7760999798774719
YJR005W,YIL009W,0,-2.4556632,0.10276268422603607,0.8889999985694885,0.776199996471405
YDR181C,YNL258C,0,-2.4558852,0.10275080800056458,0.8889999985694885,0.7763000130653381
YGL253W,YGL084C,1,-2.4559681,0.10285449773073196,0.8899999856948853,0.7763000130653381
YBL047C,YOR095C,0,-2.4566858,0.10284261405467987,0.8899999856948853,0.7764000296592712
YDR016C,YER153C,0,-2.4569342,0.10283073037862778,0.8899999856948853,0.7764999866485596
YOR016C,YNL131W,0,-2.4569547,0.10281885415315628,0.8899999856948853,0.7766000032424927
YDR309C,YDL170W,0,-2.4570074,0.10280697792768478,0.8899999856948853,0.7767000198364258
YDL235C,YJR076C,0,-2.4570434,0.10279510170221329,0.8899999856948853,0.7767999768257141
YBR065C,YLL009C,0,-2.4570715,0.10278323292732239,0.8899999856948853,0.7768999934196472
YGL178W,YHL004W,0,-2.4572427,0.10277136415243149,0.8899999856948853,0.7770000100135803
YPR093C,YGR047C,0,-2.4572797,0.10275949537754059,0.8899999856948853,0.7771000266075134
YOR030W,YLL003W,0,-2.4574006,0.10274763405323029,0.8899999856948853,0.7771999835968018
YIL036W,YBR059C,0,-2.4574296,0.10273577272891998,0.8899999856948853,0.7773000001907349
YDR513W,YDR092W,0,-2.4580872,0.10272391140460968,0.8899999856948853,0.777400016784668
YDR181C,YJR007W,0,-2.4581144,0.10271205753087997,0.8899999856948853,0.7774999737739563
YMR097C,YGL017W,0,-2.458363,0.10270021110773087,0.8899999856948853,0.7775999903678894
YPR149W,YDR487C,0,-2.458402,0.10268835723400116,0.8899999856948853,0.7777000069618225
YOL006C,YCR002C,0,-2.4584196,0.10267651081085205,0.8899999856948853,0.7778000235557556
YGR247W,YJL115W,0,-2.458872,0.10266466438770294,0.8899999856948853,0.777899980545044
YLR448W,YGL026C,0,-2.4589446,0.10265282541513443,0.8899999856948853,0.777999997138977
YCL040W,YGR289C,1,-2.4590056,0.1027563139796257,0.890999972820282,0.777999997138977
YJL020C,YPL211W,0,-2.4591038,0.10274446755647659,0.890999972820282,0.7781000137329102
YDR503C,YLR319C,0,-2.459576,0.10273262113332748,0.890999972820282,0.7781999707221985
YML110C,YKL104C,0,-2.4596136,0.10272077471017838,0.890999972820282,0.7782999873161316
YGL106W,YDR487C,0,-2.4602654,0.10270893573760986,0.890999972820282,0.7784000039100647
YIL048W,YIL018W,0,-2.4602745,0.10269709676504135,0.890999972820282,0.7785000205039978
YIL036W,YOR141C,0,-2.4603584,0.10268525779247284,0.890999972820282,0.7785999774932861
YPR107C,YJR041C,0,-2.4604821,0.10267342627048492,0.890999972820282,0.7786999940872192
YDR219C,YLR246W,0,-2.4606853,0.10266159474849701,0.890999972820282,0.7788000106811523
YHR172W,YBR229C,0,-2.4607856,0.10264977067708969,0.890999972820282,0.7789000272750854
YDR143C,YBR162W-A,0,-2.4609425,0.10263794660568237,0.890999972820282,0.7789999842643738
YJR048W,YJR059W,0,-2.461222,0.10262612253427505,0.890999972820282,0.7791000008583069
YOR079C,YBL037W,0,-2.4613898,0.10261430591344833,0.890999972820282,0.77920001745224
YGL191W,YMR119W,0,-2.4615083,0.10260248929262161,0.890999972820282,0.7792999744415283
YKR082W,YBR129C,0,-2.461557,0.10259067267179489,0.890999972820282,0.7793999910354614
YDR226W,YDL015C,0,-2.4617069,0.10257886350154877,0.890999972820282,0.7795000076293945
YGL226C-A,YML010W,0,-2.4620392,0.10256705433130264,0.890999972820282,0.7796000242233276
YLL043W,YHR092C,1,-2.4622366,0.1026703491806984,0.8920000195503235,0.7796000242233276
YPR107C,YPR102C,0,-2.4623067,0.10265853255987167,0.8920000195503235,0.779699981212616
YHR170W,YOR319W,0,-2.4624827,0.10264672338962555,0.8920000195503235,0.7797999978065491
YDL202W,YBL060W,0,-2.4629924,0.10263490676879883,0.8920000195503235,0.7799000144004822
YOR030W,YLR023C,0,-2.4631479,0.1026231050491333,0.8920000195503235,0.7799999713897705
YMR213W,YPR171W,0,-2.4634974,0.10261129587888718,0.8920000195503235,0.7800999879837036
YGR078C,YBL091C,0,-2.4635174,0.10259949415922165,0.8920000195503235,0.7802000045776367
YPL004C,YJL097W,0,-2.4635623,0.10258769243955612,0.8920000195503235,0.7803000211715698
YIL109C,YFR037C,0,-2.4635968,0.10257589817047119,0.8920000195503235,0.7803999781608582
YGR188C,YMR021C,0,-2.4636524,0.10256410390138626,0.8920000195503235,0.7804999947547913
YHR188C,YAL051W,0,-2.4639215,0.10255230963230133,0.8920000195503235,0.7806000113487244
YER092W,YFR019W,0,-2.4641259,0.102540522813797,0.8920000195503235,0.7807000279426575
YJL094C,YHR042W,0,-2.4642231,0.10252873599529266,0.8920000195503235,0.7807999849319458
YDL024C,YGR033C,0,-2.4652016,0.10251694917678833,0.8920000195503235,0.7809000015258789
YGR223C,YKL189W,0,-2.46547,0.1025051698088646,0.8920000195503235,0.781000018119812
YDR282C,YJL158C,0,-2.4655268,0.10249339044094086,0.8920000195503235,0.7810999751091003
YGR212W,YPL046C,0,-2.465648,0.10248161852359772,0.8920000195503235,0.7811999917030334
YJL140W,YBR229C,0,-2.4656544,0.10246984660625458,0.8920000195503235,0.7813000082969666
YOR198C,YBR245C,0,-2.465678,0.10245807468891144,0.8920000195503235,0.7814000248908997
YGR033C,YLL002W,0,-2.4657767,0.1024463102221489,0.8920000195503235,0.781499981880188
YML026C,YDR422C,0,-2.4657815,0.10243454575538635,0.8920000195503235,0.7815999984741211
YJL097W,YGL186C,0,-2.4658234,0.10242278128862381,0.8920000195503235,0.7817000150680542
YGL099W,YPL095C,0,-2.466052,0.10241102427244186,0.8920000195503235,0.7817999720573425
YHR186C,YJL115W,0,-2.4664464,0.10239926725625992,0.8920000195503235,0.7818999886512756
YOL111C,YDR227W,0,-2.4665747,0.10238751024007797,0.8920000195503235,0.7820000052452087
YJL110C,YLR119W,0,-2.4666035,0.10237576067447662,0.8920000195503235,0.7821000218391418
YFL036W,YGR284C,0,-2.467136,0.10236401110887527,0.8920000195503235,0.7821999788284302
YKL180W,YJL031C,0,-2.4675806,0.10235226899385452,0.8920000195503235,0.7822999954223633
YKR087C,YDL223C,0,-2.4679568,0.10234052687883377,0.8920000195503235,0.7824000120162964
YIL078W,YFL049W,0,-2.4679804,0.10232878476381302,0.8920000195503235,0.7825000286102295
YOR101W,YMR305C,0,-2.4679973,0.10231704264879227,0.8920000195503235,0.7825999855995178
YOR058C,YGL200C,0,-2.4681337,0.10230530798435211,0.8920000195503235,0.7827000021934509
YJL161W,YNL103W,0,-2.468609,0.10229358077049255,0.8920000195503235,0.782800018787384
YKL087C,YHL020C,0,-2.468694,0.1022818461060524,0.8920000195503235,0.7828999757766724
YAL048C,YBR060C,0,-2.4687834,0.10227011889219284,0.8920000195503235,0.7829999923706055
YIR006C,YOL122C,0,-2.4689074,0.10225839912891388,0.8920000195503235,0.7831000089645386
YIL027C,YOR141C,0,-2.469347,0.10224667936563492,0.8920000195503235,0.7832000255584717
YLL019C,YEL015W,0,-2.4694555,0.10223495960235596,0.8920000195503235,0.78329998254776
YBL060W,YOR261C,0,-2.4695783,0.102223239839077,0.8920000195503235,0.7833999991416931
YGL153W,YBL027W,0,-2.4696147,0.10221152752637863,0.8920000195503235,0.7835000157356262
YLR442C,YPL195W,0,-2.4696553,0.10219981521368027,0.8920000195503235,0.7835999727249146
YIR024C,YDR142C,0,-2.4698565,0.1021881103515625,0.8920000195503235,0.7836999893188477
YPR155C,YGR282C,0,-2.4699974,0.10217640548944473,0.8920000195503235,0.7838000059127808
YDL174C,YPL210C,0,-2.4701903,0.10216470062732697,0.8920000195503235,0.7839000225067139
YGL084C,YPL189W,1,-2.4702256,0.10226751863956451,0.8930000066757202,0.7839000225067139
YJR072C,YLR357W,0,-2.4702766,0.10225581377744675,0.8930000066757202,0.7839999794960022
YHL001W,YOL154W,0,-2.4708033,0.10224410146474838,0.8930000066757202,0.7840999960899353
YLR293C,YHR111W,0,-2.471018,0.10223239660263062,0.8930000066757202,0.7842000126838684
YOR213C,YOR084W,0,-2.4711854,0.10222069919109344,0.8930000066757202,0.7843000292778015
YGR078C,YNL080C,0,-2.4712589,0.10220899432897568,0.8930000066757202,0.7843999862670898
YKL119C,YMR056C,0,-2.471378,0.10219729691743851,0.8930000066757202,0.784500002861023
YOR371C,YFR021W,0,-2.4715178,0.10218560695648193,0.8930000066757202,0.784600019454956
YNR072W,YEL069C,1,-2.4715922,0.10228832811117172,0.8939999938011169,0.784600019454956
YPL258C,YKL008C,0,-2.4716213,0.10227663069963455,0.8939999938011169,0.7846999764442444
YGL026C,YGL054C,0,-2.4718156,0.10226492583751678,0.8939999938011169,0.7847999930381775
YPL004C,YPL211W,0,-2.4720461,0.10225322842597961,0.8939999938011169,0.7849000096321106
YCR003W,YML010W,0,-2.4722369,0.10224153846502304,0.8939999938011169,0.7850000262260437
YCL061C,YKR086W,0,-2.4727974,0.10222984850406647,0.8939999938011169,0.785099983215332
YDL138W,YDR345C,1,-2.4728124,0.10233249515295029,0.8949999809265137,0.785099983215332
YIL074C,YBR007C,0,-2.473212,0.10232079774141312,0.8949999809265137,0.7851999998092651
YER145C,YCR060W,0,-2.4734113,0.10230910032987595,0.8949999809265137,0.7853000164031982
YPL210C,YBL066C,0,-2.4736176,0.10229740291833878,0.8949999809265137,0.7853999733924866
YMR283C,YJL074C,0,-2.4737678,0.1022857129573822,0.8949999809265137,0.7854999899864197
YPL076W,YOR089C,0,-2.4744873,0.10227402299642563,0.8949999809265137,0.7856000065803528
YOL102C,YGR169C,0,-2.4745934,0.10226234048604965,0.8949999809265137,0.7857000231742859
YER053C,YHR135C,0,-2.4746072,0.10225065797567368,0.8949999809265137,0.7857999801635742
YDL194W,YPL244C,1,-2.474685,0.10235320776700974,0.8960000276565552,0.7857999801635742
YGR278W,YHR042W,0,-2.4747314,0.10234151780605316,0.8960000276565552,0.7858999967575073
YGR078C,YGL073W,0,-2.4747357,0.10232982784509659,0.8960000276565552,0.7860000133514404
YGL166W,YER041W,0,-2.475095,0.10231814533472061,0.8960000276565552,0.7860999703407288
YDR200C,YKL188C,0,-2.4751027,0.10230646282434464,0.8960000276565552,0.7861999869346619
YMR294W,YJL097W,0,-2.4751287,0.10229478031396866,0.8960000276565552,0.786300003528595
YDL222C,YBR189W,0,-2.4752817,0.10228310525417328,0.8960000276565552,0.7864000201225281
YBL066C,YDL215C,0,-2.4753668,0.1022714301943779,0.8960000276565552,0.7864999771118164
YFR009W,YPR041W,0,-2.4754004,0.10225975513458252,0.8960000276565552,0.7865999937057495
YGL213C,YLR375W,0,-2.4754527,0.10224808752536774,0.8960000276565552,0.7867000102996826
YPL026C,YHR092C,1,-2.4756074,0.10235052555799484,0.8970000147819519,0.7867000102996826
YJL161W,YJL140W,0,-2.4756796,0.10233885049819946,0.8970000147819519,0.7868000268936157
YOR239W,YOR141C,0,-2.4765995,0.10232717543840408,0.8970000147819519,0.786899983882904
YHR047C,YDR066C,0,-2.4767954,0.1023155003786087,0.8970000147819519,0.7870000004768372
YDR227W,YML077W,0,-2.4769573,0.10230383276939392,0.8970000147819519,0.7871000170707703
YMR011W,YDR342C,1,-2.4769845,0.10240620374679565,0.8980000019073486,0.7871000170707703
YMR072W,YNL082W,0,-2.477682,0.10239452868700027,0.8980000019073486,0.7871999740600586
YPL026C,YML038C,1,-2.4777138,0.10249686241149902,0.8989999890327454,0.7871999740600586
YMR011W,YDL194W,1,-2.4781914,0.10259918123483658,0.8999999761581421,0.7871999740600586
YGR123C,YCR032W,0,-2.4783895,0.10258748382329941,0.8999999761581421,0.7872999906539917
YLR441C,YGL186C,0,-2.4789114,0.10257579386234283,0.8999999761581421,0.7874000072479248
YDR454C,YBR212W,0,-2.4789233,0.10256410390138626,0.8999999761581421,0.7875000238418579
YLR260W,YFR002W,0,-2.4790258,0.10255241394042969,0.8999999761581421,0.7875999808311462
YKL062W,YDR454C,0,-2.4790661,0.10254073143005371,0.8999999761581421,0.7876999974250793
YOL049W,YLR265C,0,-2.4791858,0.10252904891967773,0.8999999761581421,0.7878000140190125
YCR105W,YGR135W,0,-2.4792125,0.10251737385988235,0.8999999761581421,0.7878999710083008
YGR222W,YDR350C,0,-2.4793332,0.10250569134950638,0.8999999761581421,0.7879999876022339
YGR096W,YDR202C,0,-2.4797058,0.1024940237402916,0.8999999761581421,0.788100004196167
YER157W,YPR111W,0,-2.4798625,0.10248234868049622,0.8999999761581421,0.7882000207901001
YJR014W,YDL065C,0,-2.4799464,0.10247068107128143,0.8999999761581421,0.7882999777793884
YOL102C,YOR288C,0,-2.4800322,0.10245901346206665,0.8999999761581421,0.7883999943733215
YOR347C,YBL023C,0,-2.48021,0.10244735330343246,0.8999999761581421,0.7885000109672546
YGL038C,YDR422C,0,-2.4802425,0.10243569314479828,0.8999999761581421,0.7886000275611877
YDL046W,YMR154C,0,-2.4803696,0.10242403298616409,0.8999999761581421,0.7886999845504761
YDR319C,YKL175W,0,-2.4808044,0.1024123802781105,0.8999999761581421,0.7888000011444092
YLR425W,YOR272W,0,-2.4808123,0.10240072757005692,0.8999999761581421,0.7889000177383423
YOL102C,YPR047W,0,-2.4808283,0.10238907486200333,0.8999999761581421,0.7889999747276306
YAL005C,YNL312W,0,-2.4808974,0.10237742960453033,0.8999999761581421,0.7890999913215637
YML120C,YBR273C,0,-2.4812639,0.10236578434705734,0.8999999761581421,0.7892000079154968
YGL211W,YBL093C,0,-2.482149,0.10235414654016495,0.8999999761581421,0.7893000245094299
YDL247W,YEL015W,0,-2.4830182,0.10234250873327255,0.8999999761581421,0.7893999814987183
YDR229W,YFL028C,0,-2.4833145,0.10233087092638016,0.8999999761581421,0.7894999980926514
YHR062C,YOR247W,0,-2.4834535,0.10231923311948776,0.8999999761581421,0.7896000146865845
YBR255W,YPR140W,0,-2.4839184,0.10230760276317596,0.8999999761581421,0.7896999716758728
YDL175C,YLR246W,0,-2.4841259,0.10229597985744476,0.8999999761581421,0.7897999882698059
YCL040W,YGL225W,1,-2.4841278,0.10239800065755844,0.9010000228881836,0.7897999882698059
YNL125C,YMR233W,0,-2.4842327,0.10238636285066605,0.9010000228881836,0.789900004863739
YGL019W,YPL003W,0,-2.484942,0.10237473249435425,0.9010000228881836,0.7900000214576721
YEL012W,YGR074W,0,-2.485002,0.10236310213804245,0.9010000228881836,0.7900999784469604
YCL061C,YJL047C,0,-2.4850447,0.10235147178173065,0.9010000228881836,0.7901999950408936
YLR203C,YLR188W,0,-2.4853995,0.10233984887599945,0.9010000228881836,0.7903000116348267
YHL030W,YOR374W,0,-2.4855392,0.10232822597026825,0.9010000228881836,0.7904000282287598
YGR084C,YNR067C,0,-2.4858973,0.10231660306453705,0.9010000228881836,0.7904999852180481
YNL101W,YHR158C,0,-2.4859195,0.10230498760938644,0.9010000228881836,0.7906000018119812
YKL180W,YOL083W,0,-2.485948,0.10229337215423584,0.9010000228881836,0.7907000184059143
YJR092W,YER019W,0,-2.486039,0.10228175669908524,0.9010000228881836,0.7907999753952026
YCR067C,YDR261C,0,-2.486286,0.10227014869451523,0.9010000228881836,0.7908999919891357
YIR024C,YAL021C,0,-2.4863718,0.10225854068994522,0.9010000228881836,0.7910000085830688
YKL006W,YGL184C,0,-2.486384,0.10224693268537521,0.9010000228881836,0.791100025177002
YDR345C,YBL020W,1,-2.4866793,0.10234880447387695,0.9020000100135803,0.791100025177002
YPR028W,YDR219C,0,-2.486726,0.10233718901872635,0.9020000100135803,0.7911999821662903
YDR312W,YIL127C,0,-2.4871483,0.10232558101415634,0.9020000100135803,0.7912999987602234
YFR009W,YBR236C,0,-2.4872782,0.10231397300958633,0.9020000100135803,0.7914000153541565
YLR371W,YNL096C,0,-2.4874249,0.10230237245559692,0.9020000100135803,0.7914999723434448
YML120C,YPR102C,0,-2.487462,0.10229077190160751,0.9020000100135803,0.7915999889373779
YJL047C,YIL051C,0,-2.4877498,0.1022791713476181,0.9020000100135803,0.791700005531311
YDR524C,YLR206W,0,-2.4878576,0.10226757079362869,0.9020000100135803,0.7918000221252441
YDR393W,YGL203C,0,-2.487996,0.10225597769021988,0.9020000100135803,0.7918999791145325
YCL032W,YCR002C,0,-2.4880116,0.10224439203739166,0.9020000100135803,0.7919999957084656
YOR276W,YBR036C,0,-2.4881597,0.10223279893398285,0.9020000100135803,0.7921000123023987
YNL223W,YLR320W,0,-2.4884286,0.10222121328115463,0.9020000100135803,0.7922000288963318
YCR038C,YFR024C-A,0,-2.488438,0.10220963507890701,0.9020000100135803,0.7922999858856201
YCL061C,YER115C,0,-2.488592,0.1021980494260788,0.9020000100135803,0.7924000024795532
YBR265W,YAR071W,0,-2.4886823,0.10218647122383118,0.9020000100135803,0.7925000190734863
YER092W,YLR403W,0,-2.488927,0.10217490047216415,0.9020000100135803,0.7925999760627747
YLL003W,YML077W,0,-2.4892313,0.10216332226991653,0.9020000100135803,0.7926999926567078
YNR007C,YMR056C,0,-2.489357,0.10215175896883011,0.9020000100135803,0.7928000092506409
YBL025W,YMR019W,0,-2.4895477,0.10214018821716309,0.9020000100135803,0.792900025844574
YOR096W,YCR091W,0,-2.4897308,0.10212862491607666,0.9020000100135803,0.7929999828338623
YDR372C,YHR079C,0,-2.4899752,0.10211706161499023,0.9020000100135803,0.7930999994277954
YOR016C,YKR101W,0,-2.4901812,0.10210549831390381,0.9020000100135803,0.7932000160217285
YJL053W,YOR141C,0,-2.4901893,0.10209394246339798,0.9020000100135803,0.7932999730110168
YJL090C,YHL019C,0,-2.490679,0.10208238661289215,0.9020000100135803,0.79339998960495
YDR520C,YGR220C,0,-2.4910734,0.10207083821296692,0.9020000100135803,0.7935000061988831
YBR014C,YDL051W,0,-2.4911473,0.10205928981304169,0.9020000100135803,0.7936000227928162
YMR072W,YOR058C,0,-2.49124,0.10204774141311646,0.9020000100135803,0.7936999797821045
YBL025W,YOR047C,0,-2.4913847,0.10203620046377182,0.9020000100135803,0.7937999963760376
YLR191W,YLL003W,0,-2.49163,0.10202465951442719,0.9020000100135803,0.7939000129699707
YBR046C,YBL066C,0,-2.4917662,0.10201311856508255,0.9020000100135803,0.7940000295639038
YPL096W,YHR169W,0,-2.4918356,0.10200158506631851,0.9020000100135803,0.7940999865531921
YMR091C,YBR179C,0,-2.4918873,0.10199005156755447,0.9020000100135803,0.7942000031471252
YLR119W,YMR274C,0,-2.4919655,0.10197851806879044,0.9020000100135803,0.7943000197410583
YGR184C,YBR050C,0,-2.4925225,0.101966992020607,0.9020000100135803,0.7943999767303467
YOL033W,YJL029C,0,-2.492611,0.10195546597242355,0.9020000100135803,0.7944999933242798
YEL063C,YDL051W,0,-2.4926403,0.10194393992424011,0.9020000100135803,0.7946000099182129
YGL025C,YBR092C,0,-2.4927497,0.10193242132663727,0.9020000100135803,0.794700026512146
YHR169W,YER021W,0,-2.4929054,0.10192090272903442,0.9020000100135803,0.7947999835014343
YMR233W,YJR140C,0,-2.4929206,0.10190939158201218,0.9020000100135803,0.7949000000953674
YJL061W,YCL024W,0,-2.49345,0.10189787298440933,0.9020000100135803,0.7950000166893005
YIL109C,YBL034C,0,-2.493556,0.10188636928796768,0.9020000100135803,0.7950999736785889
YOR115C,YPR052C,0,-2.4937246,0.10187485814094543,0.9020000100135803,0.795199990272522
YER074W,YLR369W,0,-2.4940474,0.10186335444450378,0.9020000100135803,0.7953000068664551
YJR031C,YDL048C,0,-2.4941585,0.10185185074806213,0.9020000100135803,0.7954000234603882
YDL222C,YBR162W-A,0,-2.4942203,0.10184035450220108,0.9020000100135803,0.7954999804496765
YGR078C,YGL161C,0,-2.494632,0.10182885825634003,0.9020000100135803,0.7955999970436096
YLR121C,YAR007C,0,-2.4948313,0.10181736201047897,0.9020000100135803,0.7957000136375427
YJL052W,YOR046C,0,-2.4948647,0.10180586576461792,0.9020000100135803,0.795799970626831
YCL032W,YHR079C,0,-2.4950426,0.10179437696933746,0.9020000100135803,0.7958999872207642
YGR002C,YOR094W,0,-2.4951746,0.1017828956246376,0.9020000100135803,0.7960000038146973
YOL102C,YBR212W,0,-2.4951751,0.10177140682935715,0.9020000100135803,0.7961000204086304
YKL119C,YDR350C,0,-2.4951756,0.10175992548465729,0.9020000100135803,0.7961999773979187
YNL047C,YDR312W,0,-2.4952486,0.10174845159053802,0.9020000100135803,0.7962999939918518
YFL057C,YER031C,0,-2.4955518,0.10173697024583817,0.9020000100135803,0.7964000105857849
YGR194C,YOR206W,0,-2.4956381,0.1017254963517189,0.9020000100135803,0.796500027179718
YOR315W,YOR177C,0,-2.495945,0.10171402990818024,0.9020000100135803,0.7965999841690063
YLR002C,YGR057C,0,-2.495984,0.10170255601406097,0.9020000100135803,0.7967000007629395
YOL102C,YGL106W,0,-2.4960086,0.1016910970211029,0.9020000100135803,0.7968000173568726
YMR072W,YBR029C,0,-2.4960134,0.10167963057756424,0.9020000100135803,0.7968999743461609
YDL194W,YDR342C,1,-2.4966285,0.10178088396787643,0.902999997138977,0.7968999743461609
YPL089C,YPL055C,0,-2.4968674,0.10176941007375717,0.902999997138977,0.796999990940094
YIL095W,YHR079C,0,-2.497093,0.1017579436302185,0.902999997138977,0.7971000075340271
YBL056W,YPR181C,0,-2.4975183,0.10174647718667984,0.902999997138977,0.7972000241279602
YBR181C,YPL258C,0,-2.4977696,0.10173501819372177,0.902999997138977,0.7972999811172485
YOR204W,YNR057C,0,-2.4977858,0.1017235517501831,0.902999997138977,0.7973999977111816
YOR063W,YMR119W,0,-2.4978096,0.10171210020780563,0.902999997138977,0.7975000143051147
YPL172C,YDR503C,0,-2.4978573,0.10170064121484756,0.902999997138977,0.7975999712944031
YMR225C,YHR178W,0,-2.4988744,0.10168918967247009,0.902999997138977,0.7976999878883362
YOR288C,YDL178W,0,-2.4990442,0.10167773813009262,0.902999997138977,0.7978000044822693
YCL061C,YOR094W,0,-2.4991858,0.10166629403829575,0.902999997138977,0.7979000210762024
YDL003W,YER001W,0,-2.4992836,0.10165484994649887,0.902999997138977,0.7979999780654907
YNL097C,YJR042W,0,-2.4999342,0.101643405854702,0.902999997138977,0.7980999946594238
YOR330C,YGR101W,0,-2.5000062,0.10163196176290512,0.902999997138977,0.7982000112533569
YKL087C,YPR171W,0,-2.5007067,0.10162052512168884,0.902999997138977,0.79830002784729
YBL060W,YPR111W,0,-2.5007231,0.10160908848047256,0.902999997138977,0.7983999848365784
YER159C,YNL242W,0,-2.5008206,0.10159765928983688,0.902999997138977,0.7985000014305115
YOL102C,YKR066C,0,-2.5008566,0.1015862300992012,0.902999997138977,0.7986000180244446
YGL226C-A,YNL005C,0,-2.501013,0.10157480090856552,0.902999997138977,0.7986999750137329
YNL173C,YOR158W,0,-2.5010293,0.10156337916851044,0.902999997138977,0.798799991607666
YIR006C,YIR009W,0,-2.5011873,0.10155195742845535,0.902999997138977,0.7989000082015991
YCL050C,YLR270W,0,-2.5014453,0.10154053568840027,0.902999997138977,0.7990000247955322
YGR033C,YOL122C,0,-2.50185,0.10152912139892578,0.902999997138977,0.7990999817848206
YHR096C,YPL091W,0,-2.501913,0.1015177071094513,0.902999997138977,0.7991999983787537
YMR225C,YGR262C,0,-2.5019915,0.1015062928199768,0.902999997138977,0.7993000149726868
YER116C,YCR027C,0,-2.502086,0.10149488598108292,0.902999997138977,0.7993999719619751
YPR184W,YJL047C,0,-2.5023606,0.10148347914218903,0.902999997138977,0.7994999885559082
YJR127C,YGR184C,0,-2.502477,0.10147207230329514,0.902999997138977,0.7996000051498413
YLR369W,YGR155W,0,-2.5027974,0.10146067291498184,0.902999997138977,0.7997000217437744
YFR009W,YLR007W,0,-2.5031075,0.10144927352666855,0.902999997138977,0.7997999787330627
YJL012C,YDL159W,0,-2.5031488,0.10143788158893585,0.902999997138977,0.7998999953269958
YLR120C,YBR245C,0,-2.5035577,0.10142648220062256,0.902999997138977,0.800000011920929
YPR028W,YOR371C,0,-2.5036898,0.10141509771347046,0.902999997138977,0.8001000285148621
YOR096W,YGR127W,0,-2.5037732,0.10140370577573776,0.902999997138977,0.8001999855041504
YER053C,YLR371W,0,-2.503854,0.10139232128858566,0.902999997138977,0.8003000020980835
YML026C,YPL169C,0,-2.5045636,0.10138093680143356,0.902999997138977,0.8004000186920166
YBR057C,YPR125W,0,-2.5046837,0.10136955231428146,0.902999997138977,0.8004999756813049
YKL062W,YNL273W,0,-2.504869,0.10135817527770996,0.902999997138977,0.800599992275238
YGL131C,YAR033W,0,-2.5050285,0.10134679824113846,0.902999997138977,0.8007000088691711
YGR246C,YMR109W,0,-2.5051243,0.10133542865514755,0.902999997138977,0.8008000254631042
YLR002C,YCR005C,0,-2.5056663,0.10132405906915665,0.902999997138977,0.8008999824523926
YKR058W,YGL213C,0,-2.5060577,0.10131268948316574,0.902999997138977,0.8009999990463257
YDR454C,YJL013C,0,-2.506131,0.10130132734775543,0.902999997138977,0.8011000156402588
YGR128C,YLR430W,0,-2.5065076,0.10128995776176453,0.902999997138977,0.8011999726295471
YGR128C,YKR084C,0,-2.506643,0.10127860307693481,0.902999997138977,0.8012999892234802
YHL001W,YER053C,0,-2.5066936,0.1012672409415245,0.902999997138977,0.8014000058174133
YGL104C,YNR072W,1,-2.5067222,0.1013680174946785,0.9039999842643738,0.8014000058174133
YOR008C,YJL168C,0,-2.5068905,0.10135665535926819,0.9039999842643738,0.8015000224113464
YIL033C,YBL060W,0,-2.5072346,0.10134529322385788,0.9039999842643738,0.8015999794006348
YDL222C,YOR047C,0,-2.5078888,0.10133393108844757,0.9039999842643738,0.8016999959945679
YLR099C,YLR167W,0,-2.5079248,0.10132257640361786,0.9039999842643738,0.801800012588501
YFR053C,YGL233W,0,-2.5082428,0.10131122171878815,0.9039999842643738,0.8019000291824341
YBR171W,YOR090C,0,-2.508251,0.10129986703395844,0.9039999842643738,0.8019999861717224
YCR095C,YBR279W,0,-2.5083382,0.10128851234912872,0.9039999842643738,0.8021000027656555
YPR184W,YNL118C,0,-2.5085137,0.10127716511487961,0.9039999842643738,0.8022000193595886
YEL020W-A,YFL057C,0,-2.5086324,0.10126582533121109,0.9039999842643738,0.802299976348877
YGR212W,YHL019C,0,-2.5088136,0.10125447809696198,0.9039999842643738,0.8023999929428101
YLR357W,YDR359C,0,-2.5098164,0.10124313831329346,0.9039999842643738,0.8025000095367432
YGL191W,YGR198W,0,-2.5102203,0.10123180598020554,0.9039999842643738,0.8026000261306763
YLR332W,YPL134C,0,-2.510552,0.10122046619653702,0.9039999842643738,0.8026999831199646
YDR512C,YMR097C,0,-2.5110111,0.1012091338634491,0.9039999842643738,0.8027999997138977
YHR118C,YLR320W,0,-2.5110292,0.10119780898094177,0.9039999842643738,0.8029000163078308
YDR342C,YGL054C,0,-2.5110686,0.10118647664785385,0.9039999842643738,0.8029999732971191
YJR007W,YGR198W,0,-2.5114162,0.10117515176534653,0.9039999842643738,0.8030999898910522
YGR184C,YML074C,0,-2.5114672,0.1011638343334198,0.9039999842643738,0.8032000064849854
YNL063W,YGL167C,0,-2.5118244,0.10115250945091248,0.9039999842643738,0.8033000230789185
YJL110C,YOR062C,0,-2.5121162,0.10114119201898575,0.9039999842643738,0.8033999800682068
YGR044C,YNL096C,0,-2.5127814,0.10112988203763962,0.9039999842643738,0.8034999966621399
YJR113C,YDR403W,0,-2.5129144,0.10111856460571289,0.9039999842643738,0.803600013256073
YOR047C,YOR371C,0,-2.5131311,0.10110726207494736,0.9039999842643738,0.8036999702453613
YMR097C,YER059W,0,-2.5132139,0.10109595209360123,0.9039999842643738,0.8037999868392944
YGR206W,YGL200C,0,-2.5132525,0.1010846495628357,0.9039999842643738,0.8039000034332275
YHR062C,YLR007W,0,-2.513871,0.10107334703207016,0.9039999842643738,0.8040000200271606
YHR086W,YHR178W,0,-2.514055,0.10106204450130463,0.9039999842643738,0.804099977016449
YMR032W,YER165W,0,-2.5140598,0.10105074942111969,0.9039999842643738,0.8041999936103821
YKR087C,YBR023C,0,-2.5142949,0.10103945434093475,0.9039999842643738,0.8043000102043152
YKR086W,YFR002W,0,-2.514487,0.10102815926074982,0.9039999842643738,0.8044000267982483
YPR181C,YNL258C,0,-2.5146573,0.10101687163114548,0.9039999842643738,0.8044999837875366
YGR156W,YOR260W,0,-2.5150807,0.10100558400154114,0.9039999842643738,0.8046000003814697
YBR017C,YFL023W,0,-2.5151079,0.1009943038225174,0.9039999842643738,0.8047000169754028
YPL026C,YDL138W,1,-2.5151532,0.10109473019838333,0.9049999713897705,0.8047000169754028
YHR158C,YJL013C,0,-2.5152242,0.1010834351181984,0.9049999713897705,0.8047999739646912
YOL102C,YFR019W,0,-2.5159578,0.10107214748859406,0.9049999713897705,0.8048999905586243
YIL110W,YGL073W,0,-2.516082,0.10106085985898972,0.9049999713897705,0.8050000071525574
YGR009C,YBL103C,0,-2.5162761,0.10104957222938538,0.9049999713897705,0.8051000237464905
YGR096W,YLR262C,0,-2.5163612,0.10103829205036163,0.9049999713897705,0.8051999807357788
YIL136W,YKL072W,0,-2.5164487,0.10102701187133789,0.9049999713897705,0.8052999973297119
YML059C,YJR140C,0,-2.5165308,0.10101573914289474,0.9049999713897705,0.805400013923645
YLR015W,YIL103W,0,-2.516674,0.1010044664144516,0.9049999713897705,0.8054999709129333
YDR103W,YBR279W,0,-2.5168254,0.10099319368600845,0.9049999713897705,0.8055999875068665
YDR477W,YHR069C,0,-2.5169053,0.10098192095756531,0.9049999713897705,0.8057000041007996
YOL055C,YDR182W,0,-2.5169284,0.10097065567970276,0.9049999713897705,0.8058000206947327
YOR239W,YBR143C,0,-2.5170398,0.10095939040184021,0.9049999713897705,0.805899977684021
YNR050C,YGR282C,0,-2.5172756,0.10094813257455826,0.9049999713897705,0.8059999942779541
YDR143C,YPR041W,0,-2.517569,0.1009368747472763,0.9049999713897705,0.8061000108718872
YDR052C,YMR054W,0,-2.5179303,0.10092561691999435,0.9049999713897705,0.8062000274658203
YJL142C,YOR084W,0,-2.5179567,0.1009143590927124,0.9049999713897705,0.8062999844551086
YDL098C,YBR211C,0,-2.5179713,0.10090310871601105,0.9049999713897705,0.8064000010490417
YER125W,YOR239W,0,-2.518338,0.10089185833930969,0.9049999713897705,0.8065000176429749
YPL043W,YNL261W,0,-2.5184276,0.10088061541318893,0.9049999713897705,0.8065999746322632
YGL038C,YLL040C,0,-2.5189478,0.10086937248706818,0.9049999713897705,0.8066999912261963
YPL091W,YGL001C,0,-2.5189712,0.10085812956094742,0.9049999713897705,0.8068000078201294
YDR503C,YPL045W,0,-2.5191805,0.10084689408540726,0.9049999713897705,0.8069000244140625
YHR016C,YHL011C,0,-2.5192513,0.1008356511592865,0.9049999713897705,0.8069999814033508
YLR220W,YGL073W,0,-2.5192883,0.10082442313432693,0.9049999713897705,0.8070999979972839
YGL225W,YDR345C,1,-2.519714,0.10092458873987198,0.906000018119812,0.8070999979972839
YDL155W,YJR059W,0,-2.5198581,0.10091334581375122,0.906000018119812,0.807200014591217
YLR144C,YNR043W,0,-2.5200024,0.10090210288763046,0.906000018119812,0.8072999715805054
YOR115C,YDR524C,0,-2.520316,0.1008908674120903,0.906000018119812,0.8073999881744385
YLR220W,YAL010C,0,-2.5206234,0.10087963193655014,0.906000018119812,0.8075000047683716
YML027W,YOR064C,0,-2.5209112,0.10086840391159058,0.906000018119812,0.8076000213623047
YEL034W,YGR135W,0,-2.5210698,0.10085717588663101,0.906000018119812,0.807699978351593
YGL224C,YNL066W,0,-2.5211875,0.10084594786167145,0.906000018119812,0.8077999949455261
YKR072C,YKL046C,0,-2.5212247,0.10083472728729248,0.906000018119812,0.8079000115394592
YKR082W,YIL104C,0,-2.5215366,0.10082350671291351,0.906000018119812,0.8080000281333923
YGL099W,YOR371C,0,-2.5217316,0.10081228613853455,0.906000018119812,0.8080999851226807
YPL111W,YOR058C,0,-2.5217855,0.10080106556415558,0.906000018119812,0.8082000017166138
YBR143C,YDR261C,0,-2.522009,0.10078985244035721,0.906000018119812,0.8083000183105469
YHL003C,YKR084C,0,-2.522456,0.10077863931655884,0.906000018119812,0.8083999752998352
YEL020W-A,YDR308C,0,-2.522515,0.10076743364334106,0.906000018119812,0.8084999918937683
YPR113W,YDR202C,0,-2.5225208,0.10075622797012329,0.906000018119812,0.8086000084877014
YML001W,YHR155W,0,-2.5228684,0.10074502229690552,0.906000018119812,0.8087000250816345
YDL024C,YDR182W,0,-2.5228817,0.10073382407426834,0.906000018119812,0.8087999820709229
YKL119C,YDR197W,0,-2.5231292,0.10072262585163116,0.906000018119812,0.808899998664856
YMR002W,YKL188C,0,-2.5235507,0.10071142762899399,0.906000018119812,0.8090000152587891
YOR347C,YCR028C-A,0,-2.5238774,0.10070023685693741,0.906000018119812,0.8090999722480774
YBR236C,YOL115W,0,-2.5243857,0.10068903863430023,0.906000018119812,0.8091999888420105
YAR019C,YMR227C,0,-2.5249255,0.10067785531282425,0.906000018119812,0.8093000054359436
YNR076W,YMR032W,0,-2.524999,0.10066666454076767,0.906000018119812,0.8094000220298767
YPL043W,YNL096C,0,-2.525157,0.10065548121929169,0.906000018119812,0.809499979019165
YDR150W,YML088W,0,-2.525177,0.1006442978978157,0.906000018119812,0.8095999956130981
YDR052C,YBR022W,0,-2.5262167,0.10063312202692032,0.906000018119812,0.8097000122070312
YPL001W,YOL008W,0,-2.5265095,0.10062194615602493,0.906000018119812,0.8098000288009644
YER039C,YPL244C,1,-2.5267322,0.1007218211889267,0.9070000052452087,0.8098000288009644
YBL025W,YJL091C,0,-2.5268462,0.10071063786745071,0.9070000052452087,0.8098999857902527
YGR078C,YPL249C-A,0,-2.526852,0.10069945454597473,0.9070000052452087,0.8100000023841858
YGL247W,YNR054C,0,-2.5270102,0.10068827867507935,0.9070000052452087,0.8101000189781189
YIL033C,YER116C,0,-2.5270302,0.10067710280418396,0.9070000052452087,0.8101999759674072
YOR008C,YIL036W,0,-2.5271971,0.10066592693328857,0.9070000052452087,0.8102999925613403
YIL043C,YOR047C,0,-2.5272853,0.10065475851297379,0.9070000052452087,0.8104000091552734
YGL131C,YER180C,0,-2.5273829,0.1006435826420784,0.9070000052452087,0.8105000257492065
YAR002W,YPR166C,0,-2.5281277,0.10063242167234421,0.9070000052452087,0.8105999827384949
YGR059W,YJL186W,0,-2.528138,0.10062125325202942,0.9070000052452087,0.810699999332428
YLR120C,YIL127C,0,-2.5282488,0.10061009228229523,0.9070000052452087,0.8108000159263611
YLR051C,YCL063W,0,-2.5282588,0.10059893876314163,0.9070000052452087,0.8108999729156494
YHL030W,YMR154C,0,-2.528289,0.10058777779340744,0.9070000052452087,0.8109999895095825
YGL184C,YFR037C,0,-2.528395,0.10057662427425385,0.9070000052452087,0.8111000061035156
YNL063W,YJL137C,0,-2.5287256,0.10056547075510025,0.9070000052452087,0.8112000226974487
YJR158W,YPR140W,0,-2.5288892,0.10055432468652725,0.9070000052452087,0.8112999796867371
YDL051W,YMR278W,0,-2.5289145,0.10054317861795425,0.9070000052452087,0.8113999962806702
YOR299W,YOR322C,0,-2.5293038,0.10053203254938126,0.9070000052452087,0.8115000128746033
YJL158C,YGR220C,0,-2.5296595,0.10052089393138885,0.9070000052452087,0.8116000294685364
YDL235C,YOR071C,0,-2.5297315,0.10050975531339645,0.9070000052452087,0.8116999864578247
YOR319W,YPR041W,0,-2.529741,0.10049861669540405,0.9070000052452087,0.8118000030517578
YJR094W-A,YNL081C,0,-2.5297754,0.10048747807741165,0.9070000052452087,0.8119000196456909
YJL158C,YNL282W,0,-2.5301678,0.10047634690999985,0.9070000052452087,0.8119999766349792
YNL118C,YKL059C,0,-2.5304892,0.10046521574258804,0.9070000052452087,0.8120999932289124
YPR029C,YOL117W,0,-2.5312889,0.10045409202575684,0.9070000052452087,0.8122000098228455
YDL028C,YPR140W,0,-2.5313377,0.10044296830892563,0.9070000052452087,0.8123000264167786
YBR072W,YLR015W,0,-2.5314436,0.10043184459209442,0.9070000052452087,0.8123999834060669
YPL172C,YDR439W,0,-2.5315988,0.10042072832584381,0.9070000052452087,0.8125
YDR310C,YMR158W,0,-2.5319636,0.1004096120595932,0.9070000052452087,0.8126000165939331
YMR301C,YER059W,0,-2.5323155,0.10039849579334259,0.9070000052452087,0.8126999735832214
YER039C,YBL020W,1,-2.5324306,0.10049806535243988,0.9079999923706055,0.8126999735832214
YCR104W,YHR191C,0,-2.5326445,0.10048694163560867,0.9079999923706055,0.8127999901771545
YPR029C,YBL069W,0,-2.5326502,0.10047581791877747,0.9079999923706055,0.8129000067710876
YEL068C,YCR012W,0,-2.5327623,0.10046470165252686,0.9079999923706055,0.8130000233650208
YNL125C,YOL041C,0,-2.5327923,0.10045359283685684,0.9079999923706055,0.8130999803543091
YBL054W,YLL019C,0,-2.5328023,0.10044247657060623,0.9079999923706055,0.8131999969482422
YGR238C,YDR279W,0,-2.5329242,0.10043136775493622,0.9079999923706055,0.8133000135421753
YGL084C,YBR298C,1,-2.5329316,0.10053085535764694,0.9089999794960022,0.8133000135421753
YKL189W,YBL091C,0,-2.533272,0.10051973909139633,0.9089999794960022,0.8133999705314636
YJR005W,YBR193C,0,-2.5332932,0.10050862282514572,0.9089999794960022,0.8134999871253967
YJL072C,YLR119W,0,-2.533605,0.10049751400947571,0.9089999794960022,0.8136000037193298
YLR350W,YBR036C,0,-2.533832,0.1004864051938057,0.9089999794960022,0.8137000203132629
YNL088W,YMR021C,0,-2.5341914,0.10047529637813568,0.9089999794960022,0.8137999773025513
YDL003W,YLL019C,0,-2.534921,0.10046418756246567,0.9089999794960022,0.8138999938964844
YMR091C,YPL003W,0,-2.5354226,0.10045308619737625,0.9089999794960022,0.8140000104904175
YAR033W,YIL051C,0,-2.5354683,0.10044199228286743,0.9089999794960022,0.8141000270843506
YHL013C,YMR260C,0,-2.5357745,0.10043089091777802,0.9089999794960022,0.8141999840736389
YOR386W,YJR060W,0,-2.5358064,0.1004197970032692,0.9089999794960022,0.814300000667572
YGL225W,YBL020W,1,-2.5360274,0.10051916539669037,0.9100000262260437,0.814300000667572
YMR077C,YIR009W,0,-2.5368247,0.10050806403160095,0.9100000262260437,0.8144000172615051
YGR238C,YBR167C,0,-2.5368328,0.10049696266651154,0.9100000262260437,0.8144999742507935
YMR053C,YGL250W,0,-2.5368729,0.10048586875200272,0.9100000262260437,0.8145999908447266
YLL019C,YJL168C,0,-2.5374682,0.1004747673869133,0.9100000262260437,0.8147000074386597
YPL128C,YIL099W,0,-2.5374997,0.10046368092298508,0.9100000262260437,0.8148000240325928
YLR403W,YDR375C,0,-2.538281,0.10045258700847626,0.9100000262260437,0.8148999810218811
YAR002W,YGL137W,0,-2.5391977,0.10044150054454803,0.9100000262260437,0.8149999976158142
YHR111W,YDR032C,0,-2.539269,0.10043041408061981,0.9100000262260437,0.8151000142097473
YLL050C,YCR005C,0,-2.5392814,0.10041933506727219,0.9100000262260437,0.8151999711990356
YDR512C,YJR072C,0,-2.5393562,0.10040825605392456,0.9100000262260437,0.8152999877929688
YDR368W,YLR099C,0,-2.5395358,0.10039717704057693,0.9100000262260437,0.8154000043869019
YKL062W,YOR206W,0,-2.5396514,0.10038609802722931,0.9100000262260437,0.815500020980835
YMR091C,YLL015W,0,-2.5396569,0.10037502646446228,0.9100000262260437,0.8155999779701233
YPL243W,YCR104W,0,-2.539715,0.10036395490169525,0.9100000262260437,0.8156999945640564
YJL061W,YMR301C,0,-2.540084,0.10035289078950882,0.9100000262260437,0.8158000111579895
YER116C,YDR373W,0,-2.5402606,0.10034182667732239,0.9100000262260437,0.8159000277519226
YPL076W,YJL031C,0,-2.5403821,0.10033076256513596,0.9100000262260437,0.8159999847412109
YLR325C,YGL225W,0,-2.5405743,0.10031969845294952,0.9100000262260437,0.816100001335144
YOR354C,YNL039W,0,-2.5410235,0.10030864179134369,0.9100000262260437,0.8162000179290771
YGR132C,YNL132W,0,-2.541235,0.10029758512973785,0.9100000262260437,0.8162999749183655
YJR123W,YER012W,0,-2.5416675,0.10028653591871262,0.9100000262260437,0.8163999915122986
YAL020C,YBR179C,0,-2.5418355,0.10027547925710678,0.9100000262260437,0.8165000081062317
YDR229W,YGL019W,0,-2.541992,0.10026443004608154,0.9100000262260437,0.8166000247001648
YIL031W,YFL017C,0,-2.5431445,0.1002533882856369,0.9100000262260437,0.8166999816894531
YBR017C,YNL009W,0,-2.5436196,0.10024234652519226,0.9100000262260437,0.8167999982833862
YNL242W,YFL049W,0,-2.5437686,0.10023130476474762,0.9100000262260437,0.8169000148773193
YHR042W,YLR188W,0,-2.5437763,0.10022026300430298,0.9100000262260437,0.8169999718666077
YBR211C,YIL145C,0,-2.5439916,0.10020922869443893,0.9100000262260437,0.8170999884605408
YMR113W,YDR144C,0,-2.543998,0.10019819438457489,0.9100000262260437,0.8172000050544739
YGL234W,YDL170W,0,-2.5442631,0.10018716007471085,0.9100000262260437,0.817300021648407
YGR194C,YDR198C,0,-2.545168,0.1001761332154274,0.9100000262260437,0.8173999786376953
YEL004W,YBL020W,1,-2.5451684,0.1002751812338829,0.9110000133514404,0.8173999786376953
YLR023C,YLR403W,0,-2.5454729,0.10026413947343826,0.9110000133514404,0.8174999952316284
YJL020C,YDR270W,0,-2.5455945,0.10025310516357422,0.9110000133514404,0.8176000118255615
YNL032W,YGR198W,0,-2.5456154,0.10024207830429077,0.9110000133514404,0.8177000284194946
YIL137C,YKL064W,0,-2.5460432,0.10023105144500732,0.9110000133514404,0.817799985408783
YHR155W,YML088W,0,-2.546189,0.10022002458572388,0.9110000133514404,0.8179000020027161
YDR080W,YDR350C,0,-2.546294,0.10020899772644043,0.9110000133514404,0.8180000185966492
YGR095C,YBR059C,0,-2.5466096,0.10019797831773758,0.9110000133514404,0.8180999755859375
YDL002C,YDR105C,0,-2.5469553,0.10018695890903473,0.9110000133514404,0.8181999921798706
YHR086W,YGL017W,0,-2.546964,0.10017593950033188,0.9110000133514404,0.8183000087738037
YOL055C,YBL069W,0,-2.547075,0.10016492754220963,0.9110000133514404,0.8184000253677368
YDR368W,YOL103W,0,-2.5474794,0.10015391558408737,0.9110000133514404,0.8184999823570251
YHR170W,YNR067C,0,-2.5478268,0.10014290362596512,0.9110000133514404,0.8185999989509583
YJL142C,YDL015C,0,-2.5478976,0.10013189911842346,0.9110000133514404,0.8187000155448914
YEL047C,YGL001C,0,-2.5480635,0.1001208946108818,0.9110000133514404,0.8187999725341797
YOL089C,YOL103W,0,-2.5485868,0.10010989010334015,0.9110000133514404,0.8188999891281128
YPL244C,YDR536W,1,-2.5487378,0.10020876675844193,0.9120000004768372,0.8188999891281128
YNL047C,YCR092C,0,-2.54891,0.10019776225090027,0.9120000004768372,0.8190000057220459
YCR079W,YPL119C,0,-2.5492213,0.10018675029277802,0.9120000004768372,0.819100022315979
YDL102W,YLR332W,0,-2.549322,0.10017574578523636,0.9120000004768372,0.8191999793052673
YGL137W,YGR135W,0,-2.5495105,0.1001647412776947,0.9120000004768372,0.8192999958992004
YDR343C,YMR011W,1,-2.5501752,0.1002635657787323,0.9129999876022339,0.8192999958992004
YDR343C,YML038C,1,-2.5504277,0.10036236047744751,0.9139999747276306,0.8192999958992004
YER015W,YDL014W,0,-2.550799,0.10035134106874466,0.9139999747276306,0.8194000124931335
YER159C,YFL037W,0,-2.551071,0.10034032166004181,0.9139999747276306,0.8195000290870667
YKL149C,YHR042W,0,-2.5519974,0.10032930970191956,0.9139999747276306,0.819599986076355
YCR038C,YHR107C,0,-2.551999,0.1003182977437973,0.9139999747276306,0.8197000026702881
YPL143W,YGL008C,0,-2.5520656,0.10030728578567505,0.9139999747276306,0.8198000192642212
YML127W,YCR067C,0,-2.552199,0.10029628127813339,0.9139999747276306,0.8198999762535095
YBR278W,YDR519W,0,-2.5522425,0.10028527677059174,0.9139999747276306,0.8199999928474426
YDL003W,YIL076W,0,-2.552727,0.10027427226305008,0.9139999747276306,0.8201000094413757
YNL325C,YML026C,0,-2.5527732,0.10026327520608902,0.9139999747276306,0.8202000260353088
YLL003W,YDR092W,0,-2.5534387,0.10025227814912796,0.9139999747276306,0.8202999830245972
YPR131C,YHR178W,0,-2.5540655,0.1002412810921669,0.9139999747276306,0.8203999996185303
YDR084C,YOR007C,0,-2.554355,0.10023029148578644,0.9139999747276306,0.8205000162124634
YBL054W,YOR315W,0,-2.5543675,0.10021930187940598,0.9139999747276306,0.8205999732017517
YDR219C,YLR188W,0,-2.5547776,0.10020831227302551,0.9139999747276306,0.8206999897956848
YHR172W,YOL115W,0,-2.5549808,0.10019732266664505,0.9139999747276306,0.8208000063896179
YDR181C,YPL055C,0,-2.5550735,0.10018634051084518,0.9139999747276306,0.820900022983551
YGR264C,YGL184C,0,-2.555076,0.10017535835504532,0.9139999747276306,0.8209999799728394
YOR039W,YJR117W,0,-2.5553129,0.10016438364982605,0.9139999747276306,0.8210999965667725
YAL051W,YBR173C,0,-2.5554624,0.10015340894460678,0.9139999747276306,0.8212000131607056
YIL043C,YMR065W,0,-2.5554698,0.10014243423938751,0.9139999747276306,0.8213000297546387
YDR289C,YBR095C,0,-2.5562763,0.10013146698474884,0.9139999747276306,0.821399986743927
YDL098C,YIL109C,0,-2.5573156,0.10012049227952957,0.9139999747276306,0.8215000033378601
YJL187C,YMR158W,0,-2.557399,0.1001095324754715,0.9139999747276306,0.8216000199317932
YBR302C,YPL196W,0,-2.5574696,0.10009856522083282,0.9139999747276306,0.8216999769210815
YOR086C,YIL017C,0,-2.557883,0.10008760541677475,0.9139999747276306,0.8217999935150146
YDR393W,YPL045W,0,-2.5579207,0.10007664561271667,0.9139999747276306,0.8219000101089478
YPR131C,YNL009W,0,-2.558441,0.1000656858086586,0.9139999747276306,0.8220000267028809
YJL065C,YOR386W,0,-2.558503,0.10005473345518112,0.9139999747276306,0.8220999836921692
YKR077W,YJR125C,0,-2.5589063,0.10004378110170364,0.9139999747276306,0.8222000002861023
YIL043C,YLR119W,0,-2.5595462,0.10003283619880676,0.9139999747276306,0.8223000168800354
YDR312W,YDR520C,0,-2.5595732,0.10002188384532928,0.9139999747276306,0.8223999738693237
YDR309C,YLR371W,0,-2.5599625,0.1000109389424324,0.9139999747276306,0.8224999904632568
YGR101W,YDR350C,0,-2.560333,0.10000000149011612,0.9139999747276306,0.8226000070571899
YDR277C,YMR011W,1,-2.5605156,0.10009846091270447,0.9150000214576721,0.8226000070571899
YHR005C,YJL025W,0,-2.56063,0.10008750855922699,0.9150000214576721,0.822700023651123
YOL033W,YFL017C,0,-2.5610085,0.10007656365633011,0.9150000214576721,0.8227999806404114
YDR080W,YIL017C,0,-2.5610921,0.10006561875343323,0.9150000214576721,0.8228999972343445
YOL111C,YDL007W,0,-2.561247,0.10005467385053635,0.9150000214576721,0.8230000138282776
YER031C,YLR270W,0,-2.5612948,0.10004373639822006,0.9150000214576721,0.8230999708175659
YMR056C,YOR062C,0,-2.5615249,0.10003279894590378,0.9150000214576721,0.823199987411499
YBL060W,YOR151C,0,-2.5620062,0.1000218614935875,0.9150000214576721,0.8233000040054321
YOL084W,YLR172C,0,-2.5626552,0.1000109314918518,0.9150000214576721,0.8234000205993652
YPR131C,YLR440C,0,-2.5626605,0.10000000149011612,0.9150000214576721,0.8234999775886536
YIL043C,YOR299W,0,-2.564392,0.09998907148838043,0.9150000214576721,0.8235999941825867
YIL104C,YLR399C,0,-2.56441,0.09997814893722534,0.9150000214576721,0.8237000107765198
YDR312W,YBL060W,0,-2.5646214,0.09996722638607025,0.9150000214576721,0.8238000273704529
YLR435W,YBR001C,0,-2.564876,0.09995630383491516,0.9150000214576721,0.8238999843597412
YLR002C,YLR441C,0,-2.565077,0.09994538873434067,0.9150000214576721,0.8240000009536743
YNL039W,YKL167C,0,-2.5651221,0.09993446618318558,0.9150000214576721,0.8241000175476074
YKL175W,YOR067C,0,-2.565286,0.09992355853319168,0.9150000214576721,0.8241999745368958
YDR143C,YNL110C,0,-2.5652936,0.09991264343261719,0.9150000214576721,0.8242999911308289
YPR188C,YDL235C,0,-2.565296,0.09990173578262329,0.9150000214576721,0.824400007724762
YHR062C,YJL209W,0,-2.5655,0.0998908281326294,0.9150000214576721,0.8245000243186951
YER132C,YJL155C,0,-2.56558,0.0998799279332161,0.9150000214576721,0.8245999813079834
YCL038C,YOR137C,0,-2.5658138,0.0998690277338028,0.9150000214576721,0.8246999979019165
YLR116W,YCR002C,0,-2.5665686,0.0998581275343895,0.9150000214576721,0.8248000144958496
YHL013C,YHR107C,0,-2.5665705,0.0998472273349762,0.9150000214576721,0.8248999714851379
YMR109W,YHR069C,0,-2.5666258,0.0998363345861435,0.9150000214576721,0.824999988079071
YJR042W,YDR251W,0,-2.566901,0.09982544183731079,0.9150000214576721,0.8251000046730042
YGL025C,YPL046C,0,-2.5673096,0.09981454908847809,0.9150000214576721,0.8252000212669373
YMR289W,YOR362C,0,-2.568159,0.09980366379022598,0.9150000214576721,0.8252999782562256
YKR065C,YDR308C,0,-2.568267,0.09979277849197388,0.9150000214576721,0.8253999948501587
YCR079W,YNL223W,0,-2.5683463,0.09978190064430237,0.9150000214576721,0.8255000114440918
YMR119W,YFL046W,0,-2.5684555,0.09977101534605026,0.9150000214576721,0.8256000280380249
YNL065W,YMR053C,0,-2.5687206,0.09976013749837875,0.9150000214576721,0.8256999850273132
YJR048W,YOR101W,0,-2.5689142,0.09974926710128784,0.9150000214576721,0.8258000016212463
YDL102W,YNL307C,0,-2.5689232,0.09973838925361633,0.9150000214576721,0.8259000182151794
YFL049W,YBR079C,0,-2.569003,0.09972751885652542,0.9150000214576721,0.8259999752044678
YGR084C,YDR219C,0,-2.569006,0.09971664845943451,0.9150000214576721,0.8260999917984009
YAR019C,YFR002W,0,-2.5691588,0.0997057855129242,0.9150000214576721,0.826200008392334
YGR097W,YPL244C,1,-2.569548,0.0998038798570633,0.9160000085830688,0.826200008392334
YER125W,YLR204W,0,-2.569607,0.09979300945997238,0.9160000085830688,0.8263000249862671
YBR149W,YLR097C,0,-2.5696251,0.09978213161230087,0.9160000085830688,0.8263999819755554
YJL047C,YHR069C,0,-2.5696619,0.09977126866579056,0.9160000085830688,0.8264999985694885
YGR289C,YDR342C,1,-2.5700247,0.09986931085586548,0.9169999957084656,0.8264999985694885
YLR403W,YJL158C,0,-2.5700982,0.09985843300819397,0.9169999957084656,0.8266000151634216
YIL110W,YOL019W,0,-2.5703938,0.09984756261110306,0.9169999957084656,0.82669997215271
YGR033C,YGL250W,0,-2.5705903,0.09983669221401215,0.9169999957084656,0.8267999887466431
YGL200C,YMR158W,0,-2.5705984,0.09982582181692123,0.9169999957084656,0.8269000053405762
YBR302C,YJL031C,0,-2.5711548,0.09981495887041092,0.9169999957084656,0.8270000219345093
YLR099C,YDR519W,0,-2.571388,0.0998040959239006,0.9169999957084656,0.8270999789237976
YLR007W,YLR055C,0,-2.571426,0.09979323297739029,0.9169999957084656,0.8271999955177307
YHR188C,YDR142C,0,-2.57149,0.09978237003087997,0.9169999957084656,0.8273000121116638
YKL062W,YFR042W,0,-2.5714967,0.09977151453495026,0.9169999957084656,0.8274000287055969
YOR301W,YER115C,0,-2.5717776,0.09976065903902054,0.9169999957084656,0.8274999856948853
YJL179W,YBL047C,0,-2.5721173,0.09974981099367142,0.9169999957084656,0.8276000022888184
YLL002W,YDR182W,0,-2.572272,0.0997389629483223,0.9169999957084656,0.8277000188827515
YJL179W,YFL002C,0,-2.5723574,0.09972811490297318,0.9169999957084656,0.8277999758720398
YPR083W,YOR007C,0,-2.5730808,0.09971726685762405,0.9169999957084656,0.8278999924659729
YKL062W,YOR046C,0,-2.573331,0.09970642626285553,0.9169999957084656,0.828000009059906
YHR111W,YOR007C,0,-2.5739014,0.099695585668087,0.9169999957084656,0.8281000256538391
YPR083W,YGR169C,0,-2.57412,0.09968474507331848,0.9169999957084656,0.8281999826431274
YPR110C,YCL052C,0,-2.5746164,0.09967391192913055,0.9169999957084656,0.8282999992370605
YOR213C,YKR066C,0,-2.5746412,0.09966307878494263,0.9169999957084656,0.8284000158309937
YPL003W,YMR225C,0,-2.5747736,0.0996522530913353,0.9169999957084656,0.828499972820282
YGR084C,YBL098W,0,-2.5749547,0.09964141994714737,0.9169999957084656,0.8285999894142151
YDR512C,YDL178W,0,-2.5750477,0.09963059425354004,0.9169999957084656,0.8287000060081482
YER125W,YNL307C,0,-2.5754535,0.09961976855993271,0.9169999957084656,0.8288000226020813
YCL001W,YNL048W,0,-2.5754554,0.09960895031690598,0.9169999957084656,0.8288999795913696
YPL070W,YKL033W,0,-2.575631,0.09959813207387924,0.9169999957084656,0.8289999961853027
YIL033C,YPR023C,0,-2.575715,0.09958731383085251,0.9169999957084656,0.8291000127792358
YCR079W,YBR162W-A,0,-2.5759556,0.09957650303840637,0.9169999957084656,0.829200029373169
YOL111C,YKL104C,0,-2.5759737,0.09956569224596024,0.9169999957084656,0.8292999863624573
YCL043C,YBR189W,0,-2.5763695,0.0995548814535141,0.9169999957084656,0.8294000029563904
YGL153W,YOR158W,0,-2.5770772,0.09954407066106796,0.9169999957084656,0.8295000195503235
YHR111W,YML074C,0,-2.5775962,0.09953326731920242,0.9169999957084656,0.8295999765396118
YIL095W,YDL159W,0,-2.5776236,0.09952246397733688,0.9169999957084656,0.8296999931335449
YDR251W,YNL314W,0,-2.5779426,0.09951166808605194,0.9169999957084656,0.829800009727478
YDL106C,YAL047C,0,-2.5786169,0.0995008647441864,0.9169999957084656,0.8299000263214111
YER015W,YKR072C,0,-2.5786705,0.09949007630348206,0.9169999957084656,0.8299999833106995
YJR075W,YLR095C,0,-2.5787551,0.09947928041219711,0.9169999957084656,0.8300999999046326
YPL043W,YOR347C,0,-2.5788085,0.09946849197149277,0.9169999957084656,0.8302000164985657
YMR077C,YPR111W,0,-2.5791748,0.09945770353078842,0.9169999957084656,0.830299973487854
YBL040C,YLR262C,0,-2.579341,0.09944691509008408,0.9169999957084656,0.8303999900817871
YOR124C,YBL034C,0,-2.5796826,0.09943613409996033,0.9169999957084656,0.8305000066757202
YML110C,YNL160W,0,-2.5797155,0.09942535310983658,0.9169999957084656,0.8306000232696533
YOR319W,YNL088W,0,-2.579961,0.09941457211971283,0.9169999957084656,0.8306999802589417
YHR176W,YBR092C,0,-2.580018,0.09940379112958908,0.9169999957084656,0.8307999968528748
YPL189W,YPL244C,1,-2.5810735,0.09950140863656998,0.9179999828338623,0.8307999968528748
YMR072W,YOL055C,0,-2.5811691,0.09949062764644623,0.9179999828338623,0.8309000134468079
YJR007W,YOR124C,0,-2.5812395,0.09947984665632248,0.9179999828338623,0.8309999704360962
YFR042W,YKL170W,0,-2.5813503,0.09946906566619873,0.9179999828338623,0.8310999870300293
YER019C-A,YLL010C,0,-2.5816853,0.09945828467607498,0.9179999828338623,0.8312000036239624
YDL024C,YML064C,0,-2.5818093,0.09944751113653183,0.9179999828338623,0.8313000202178955
YIL137C,YDL146W,0,-2.582155,0.09943674504756927,0.9179999828338623,0.8313999772071838
YGL067W,YOR141C,0,-2.5822313,0.09942597150802612,0.9179999828338623,0.8314999938011169
YPL043W,YMR023C,0,-2.582241,0.09941520541906357,0.9179999828338623,0.83160001039505
YCR060W,YER014W,0,-2.5825036,0.09940443933010101,0.9179999828338623,0.8317000269889832
YDR449C,YBL069W,0,-2.5832927,0.09939367324113846,0.9179999828338623,0.8317999839782715
YDR219C,YHR183W,0,-2.5834768,0.0993829146027565,0.9179999828338623,0.8319000005722046
YKL144C,YJR092W,0,-2.5841444,0.09937215596437454,0.9179999828338623,0.8320000171661377
YNR007C,YEL029C,0,-2.5843627,0.09936140477657318,0.9179999828338623,0.832099974155426
YER125W,YFR042W,0,-2.584533,0.09935064613819122,0.9179999828338623,0.8321999907493591
YMR246W,YIL124W,0,-2.5849285,0.09933989495038986,0.9179999828338623,0.8323000073432922
YOR319W,YOR158W,0,-2.585235,0.0993291512131691,0.9179999828338623,0.8324000239372253
YDR477W,YNL273W,0,-2.5861194,0.09931840002536774,0.9179999828338623,0.8324999809265137
YBR245C,YLR188W,0,-2.586454,0.09930765628814697,0.9179999828338623,0.8325999975204468
YGL067W,YCL024W,0,-2.5867107,0.0992969200015068,0.9179999828338623,0.8327000141143799
YHR175W,YBR227C,0,-2.5868979,0.09928617626428604,0.9179999828338623,0.8327999711036682
YOL070C,YDR373W,0,-2.5870786,0.09927543997764587,0.9179999828338623,0.8328999876976013
YDR150W,YBR245C,0,-2.5876265,0.0992647036910057,0.9179999828338623,0.8330000042915344
YCL040W,YBR298C,1,-2.5882719,0.0993620902299881,0.9190000295639038,0.8330000042915344
YOL137W,YIL026C,0,-2.5882733,0.09935135394334793,0.9190000295639038,0.8331000208854675
YDR016C,YLL019C,0,-2.5883386,0.09934061020612717,0.9190000295639038,0.8331999778747559
YJR076C,YJL023C,0,-2.5884588,0.099329873919487,0.9190000295639038,0.833299994468689
YGL104C,YER039C,1,-2.5885375,0.09942721575498581,0.9200000166893005,0.833299994468689
YJR042W,YLR262C,0,-2.588641,0.09941647201776505,0.9200000166893005,0.8334000110626221
YDR164C,YCL034W,0,-2.5888498,0.09940572828054428,0.9200000166893005,0.8335000276565552
YBR173C,YLR450W,0,-2.589234,0.09939498454332352,0.9200000166893005,0.8335999846458435
YJL072C,YJR140C,0,-2.5893834,0.09938424825668335,0.9200000166893005,0.8337000012397766
YKL059C,YLR188W,0,-2.589453,0.09937351197004318,0.9200000166893005,0.8338000178337097
YHR172W,YOR047C,0,-2.5896862,0.09936278313398361,0.9200000166893005,0.833899974822998
YLR015W,YLR119W,0,-2.5897427,0.09935205429792404,0.9200000166893005,0.8339999914169312
YNR007C,YBR072W,0,-2.5898159,0.09934132546186447,0.9200000166893005,0.8341000080108643
YKL184W,YGR170W,0,-2.5898564,0.0993305966258049,0.9200000166893005,0.8342000246047974
YER145C,YLR399C,0,-2.5902321,0.09931987524032593,0.9200000166893005,0.8342999815940857
YBL056W,YMR267W,0,-2.590556,0.09930915385484695,0.9200000166893005,0.8343999981880188
YER074W,YKL059C,0,-2.590618,0.09929843246936798,0.9200000166893005,0.8345000147819519
YGR085C,YGL167C,0,-2.59083,0.0992877185344696,0.9200000166893005,0.8345999717712402
YDR181C,YPL040C,0,-2.5908613,0.09927700459957123,0.9200000166893005,0.8346999883651733
YBR046C,YOL117W,0,-2.5912776,0.09926629066467285,0.9200000166893005,0.8348000049591064
YKL006W,YLL057C,0,-2.5915554,0.09925558418035507,0.9200000166893005,0.8349000215530396
YDL061C,YBR079C,0,-2.591739,0.09924487769603729,0.9200000166893005,0.8349999785423279
YIL109C,YOR322C,0,-2.592044,0.09923417121171951,0.9200000166893005,0.835099995136261
YCL024W,YIL017C,0,-2.592161,0.09922347217798233,0.9200000166893005,0.8352000117301941
YNL088W,YIL097W,0,-2.5923378,0.09921276569366455,0.9200000166893005,0.8353000283241272
YGR156W,YGL017W,0,-2.5926971,0.09920206665992737,0.9200000166893005,0.8353999853134155
YHR117W,YIL109C,0,-2.592842,0.09919137507677078,0.9200000166893005,0.8355000019073486
YMR113W,YLR404W,0,-2.5931609,0.0991806834936142,0.9200000166893005,0.8356000185012817
YGR262C,YIL097W,0,-2.5934112,0.09916999191045761,0.9200000166893005,0.8356999754905701
YOL041C,YLR097C,0,-2.594728,0.09915930032730103,0.9200000166893005,0.8357999920845032
YPR110C,YDR198C,0,-2.594812,0.09914861619472504,0.9200000166893005,0.8359000086784363
YLR450W,YNL005C,0,-2.5955646,0.09913793206214905,0.9200000166893005,0.8360000252723694
YJR031C,YGR156W,0,-2.5956523,0.09912724792957306,0.9200000166893005,0.8360999822616577
YIL103W,YJR059W,0,-2.596055,0.09911657124757767,0.9200000166893005,0.8361999988555908
YBR171W,YKL087C,0,-2.5966966,0.09910589456558228,0.9200000166893005,0.8363000154495239
YBR255W,YOR330C,0,-2.5966985,0.09909521788358688,0.9200000166893005,0.8363999724388123
YCR003W,YBR023C,0,-2.5968037,0.09908454865217209,0.9200000166893005,0.8364999890327454
YOL006C,YDL082W,0,-2.5970328,0.0990738719701767,0.9200000166893005,0.8366000056266785
YNL164C,YIR009W,0,-2.5971975,0.0990632101893425,0.9200000166893005,0.8367000222206116
YOR124C,YFR019W,0,-2.5974016,0.0990525409579277,0.9200000166893005,0.8367999792098999
YMR233W,YLR320W,0,-2.5974774,0.0990418791770935,0.9200000166893005,0.836899995803833
YBR129C,YEL015W,0,-2.597555,0.09903121739625931,0.9200000166893005,0.8370000123977661
YGL028C,YMR056C,0,-2.5975978,0.09902055561542511,0.9200000166893005,0.8371000289916992
YDL046W,YPL010W,0,-2.5978281,0.09900990128517151,0.9200000166893005,0.8371999859809875
YNL151C,YCR052W,0,-2.59843,0.09899924695491791,0.9200000166893005,0.8373000025749207
YAL001C,YPR058W,0,-2.5985425,0.0989885926246643,0.9200000166893005,0.8374000191688538
YGL178W,YPL196W,0,-2.598654,0.0989779457449913,0.9200000166893005,0.8374999761581421
YIL138C,YGL094C,0,-2.598747,0.0989672988653183,0.9200000166893005,0.8375999927520752
YJR005W,YGL236C,0,-2.598921,0.0989566519856453,0.9200000166893005,0.8377000093460083
YPL241C,YML070W,0,-2.599302,0.09894601255655289,0.9200000166893005,0.8378000259399414
YOR386W,YBR279W,0,-2.5996304,0.09893536567687988,0.9200000166893005,0.8378999829292297
YAL047C,YIL145C,0,-2.5997744,0.09892473369836807,0.9200000166893005,0.8379999995231628
YGL184C,YIL145C,0,-2.5999274,0.09891409426927567,0.9200000166893005,0.838100016117096
YOR288C,YJL094C,0,-2.600364,0.09890346229076385,0.9200000166893005,0.8381999731063843
YOR239W,YLR007W,0,-2.600489,0.09889283031225204,0.9200000166893005,0.8382999897003174
YPL026C,YCL040W,1,-2.600929,0.09898968040943146,0.9210000038146973,0.8382999897003174
YDR277C,YML038C,1,-2.6010056,0.09908651560544968,0.921999990940094,0.8382999897003174
YDL066W,YJL031C,0,-2.6011472,0.09907586872577667,0.921999990940094,0.8384000062942505
YCR067C,YHR086W,0,-2.601467,0.09906522184610367,0.921999990940094,0.8385000228881836
YJL156C,YBR173C,0,-2.6022756,0.09905457496643066,0.921999990940094,0.8385999798774719
YLR430W,YNL258C,0,-2.6023996,0.09904393553733826,0.921999990940094,0.838699996471405
YBR255W,YNL282W,0,-2.602763,0.09903329610824585,0.921999990940094,0.8388000130653381
YJR076C,YMR216C,0,-2.6028054,0.09902266412973404,0.921999990940094,0.8389000296592712
YGL091C,YPR160W,0,-2.6028714,0.09901202470064163,0.921999990940094,0.8389999866485596
YNL164C,YNL321W,0,-2.6029632,0.09900139272212982,0.921999990940094,0.8391000032424927
YDR144C,YMR305C,0,-2.603092,0.09899076819419861,0.921999990940094,0.8392000198364258
YER012W,YLR265C,0,-2.603099,0.0989801362156868,0.921999990940094,0.8392999768257141
YBL087C,YNL110C,0,-2.6034138,0.09896951168775558,0.921999990940094,0.8393999934196472
YOR039W,YCR096C,0,-2.6034253,0.09895889461040497,0.921999990940094,0.8395000100135803
YNL080C,YLR320W,0,-2.6035411,0.09894827008247375,0.921999990940094,0.8396000266075134
YML127W,YCR095C,0,-2.6036685,0.09893765300512314,0.921999990940094,0.8396999835968018
YOL006C,YKL189W,0,-2.6037216,0.09892703592777252,0.921999990940094,0.8398000001907349
YLL050C,YDL054C,0,-2.6049526,0.0989164263010025,0.921999990940094,0.839900016784668
YNL281W,YML029W,0,-2.6051161,0.09890581667423248,0.921999990940094,0.8399999737739563
YJR044C,YOR221C,0,-2.6054366,0.09889520704746246,0.921999990940094,0.8400999903678894
YJL074C,YGR282C,0,-2.605468,0.09888459742069244,0.921999990940094,0.8402000069618225
YJL023C,YBL106C,0,-2.6059082,0.09887399524450302,0.921999990940094,0.8403000235557556
YGR123C,YDL036C,0,-2.6060915,0.0988633930683136,0.921999990940094,0.840399980545044
YDR226W,YNL135C,0,-2.6063201,0.09885279089212418,0.921999990940094,0.840499997138977
YPL128C,YKL108W,0,-2.6063716,0.09884219616651535,0.921999990940094,0.8406000137329102
YOR030W,YOL012C,0,-2.6064079,0.09883160144090652,0.921999990940094,0.8406999707221985
YMR077C,YKL072W,0,-2.606908,0.0988210067152977,0.921999990940094,0.8407999873161316
YDR454C,YDR520C,0,-2.6070747,0.09881041944026947,0.921999990940094,0.8409000039100647
YCR079W,YNL282W,0,-2.6070926,0.09879983216524124,0.921999990940094,0.8410000205039978
YGL213C,YLR095C,0,-2.6079907,0.09878924489021301,0.921999990940094,0.8410999774932861
YNL063W,YMR225C,0,-2.6081512,0.09877865761518478,0.921999990940094,0.8411999940872192
YGR009C,YCR086W,0,-2.608424,0.09876807779073715,0.921999990940094,0.8413000106811523
YPL040C,YDL146W,0,-2.6085408,0.09875749796628952,0.921999990940094,0.8414000272750854
YOL055C,YKL059C,0,-2.6086695,0.09874691814184189,0.921999990940094,0.8414999842643738
YPL051W,YHL007C,0,-2.6088083,0.09873634576797485,0.921999990940094,0.8416000008583069
YOR243C,YGR058W,0,-2.6093423,0.09872577339410782,0.921999990940094,0.84170001745224
YNR031C,YOR319W,0,-2.6093972,0.09871520102024078,0.921999990940094,0.8417999744415283
YMR113W,YOR213C,0,-2.6094549,0.09870463609695435,0.921999990940094,0.8418999910354614
YOR007C,YNL048W,0,-2.6098027,0.09869407117366791,0.921999990940094,0.8420000076293945
YBR034C,YNL103W,0,-2.6098983,0.09868350625038147,0.921999990940094,0.8421000242233276
YOR239W,YLR450W,0,-2.6100318,0.09867294877767563,0.921999990940094,0.842199981212616
YGR238C,YNL314W,0,-2.6103027,0.09866238385438919,0.921999990940094,0.8422999978065491
YGR222W,YDR052C,0,-2.610634,0.09865182638168335,0.921999990940094,0.8424000144004822
YNL066W,YLR097C,0,-2.6111076,0.0986412763595581,0.921999990940094,0.8424999713897705
YGR284C,YIL112W,0,-2.612334,0.09863072633743286,0.921999990940094,0.8425999879837036
YFR024C-A,YDR200C,0,-2.6125336,0.09862017631530762,0.921999990940094,0.8427000045776367
YDR473C,YOR096W,0,-2.6126573,0.09860962629318237,0.921999990940094,0.8428000211715698
YBR279W,YCL034W,0,-2.6128876,0.09859908372163773,0.921999990940094,0.8428999781608582
YFL002C,YLR357W,0,-2.612962,0.09858853369951248,0.921999990940094,0.8429999947547913
YNL325C,YGR078C,0,-2.6134107,0.09857799857854843,0.921999990940094,0.8431000113487244
YKL144C,YGR074W,0,-2.6134634,0.09856745600700378,0.921999990940094,0.8432000279426575
YMR183C,YER180C,0,-2.613623,0.09855692088603973,0.921999990940094,0.8432999849319458
YGR184C,YJR125C,0,-2.6136882,0.09854638576507568,0.921999990940094,0.8434000015258789
YJR113C,YML088W,0,-2.6146033,0.09853585809469223,0.921999990940094,0.843500018119812
YIL017C,YNL282W,0,-2.615032,0.09852532297372818,0.921999990940094,0.8435999751091003
YOR145C,YLR430W,0,-2.6150792,0.09851479530334473,0.921999990940094,0.8436999917030334
YKL094W,YLL003W,0,-2.615319,0.09850427508354187,0.921999990940094,0.8438000082969666
YOR008C,YJL097W,0,-2.6155064,0.09849374741315842,0.921999990940094,0.8439000248908997
YOL049W,YJR014W,0,-2.6159897,0.09848322719335556,0.921999990940094,0.843999981880188
YIL078W,YOR079C,0,-2.616557,0.0984727144241333,0.921999990940094,0.8440999984741211
YKR065C,YNL118C,0,-2.6167114,0.09846219420433044,0.921999990940094,0.8442000150680542
YCL040W,YHR094C,1,-2.6169746,0.0985584631562233,0.9229999780654907,0.8442000150680542
YJR072C,YDR392W,0,-2.6170285,0.09854794293642044,0.9229999780654907,0.8442999720573425
YGL027C,YLL029W,0,-2.6171916,0.09853741526603699,0.9229999780654907,0.8443999886512756
YLR262C,YKR101W,0,-2.617491,0.09852690249681473,0.9229999780654907,0.8445000052452087
YGL256W,YER059W,0,-2.6175597,0.09851638227701187,0.9229999780654907,0.8446000218391418
YGL225W,YHR092C,1,-2.6180372,0.09861259162425995,0.9240000247955322,0.8446000218391418
YOL049W,YLR262C,0,-2.6181767,0.09860207140445709,0.9240000247955322,0.8446999788284302
YJL029C,YDR251W,0,-2.6185045,0.09859155118465424,0.9240000247955322,0.8447999954223633
YKL140W,YMR274C,0,-2.6185615,0.09858103096485138,0.9240000247955322,0.8449000120162964
YBL018C,YDR373W,0,-2.6190064,0.09857051074504852,0.9240000247955322,0.8450000286102295
YMR239C,YDL051W,0,-2.6190448,0.09855999797582626,0.9240000247955322,0.8450999855995178
YJL097W,YKL175W,0,-2.6194074,0.098549485206604,0.9240000247955322,0.8452000021934509
YGR246C,YJL186W,0,-2.6198192,0.09853897988796234,0.9240000247955322,0.845300018787384
YOR124C,YKL188C,0,-2.6201637,0.09852847456932068,0.9240000247955322,0.8453999757766724
YJL079C,YGR222W,0,-2.6204088,0.09851796925067902,0.9240000247955322,0.8454999923706055
YLR116W,YPL196W,0,-2.620662,0.09850746393203735,0.9240000247955322,0.8456000089645386
YGR262C,YJL111W,0,-2.6206937,0.09849695861339569,0.9240000247955322,0.8457000255584717
YNL045W,YOR310C,0,-2.6207225,0.09848646074533463,0.9240000247955322,0.84579998254776
YOR299W,YOR143C,0,-2.620746,0.09847597032785416,0.9240000247955322,0.8458999991416931
YLR298C,YLR129W,0,-2.6209393,0.09846547245979309,0.9240000247955322,0.8460000157356262
YDR084C,YJL013C,0,-2.621442,0.09845498204231262,0.9240000247955322,0.8460999727249146
YJR005W,YJL094C,0,-2.6216683,0.09844449162483215,0.9240000247955322,0.8461999893188477
YDR437W,YJR140C,0,-2.621943,0.09843400120735168,0.9240000247955322,0.8463000059127808
YGL104C,YHR094C,1,-2.622035,0.09853003919124603,0.925000011920929,0.8463000059127808
YLR099C,YGR058W,0,-2.6221302,0.09851954132318497,0.925000011920929,0.8464000225067139
YOR198C,YDR525W-A,0,-2.6222022,0.0985090509057045,0.925000011920929,0.8464999794960022
YPL001W,YLR129W,0,-2.6224089,0.09849856048822403,0.925000011920929,0.8465999960899353
YDR084C,YHR079C,0,-2.6228957,0.09848807752132416,0.925000011920929,0.8467000126838684
YPR029C,YIL095W,0,-2.6230168,0.09847758710384369,0.925000011920929,0.8468000292778015
YCR104W,YPL010W,0,-2.6236758,0.09846710413694382,0.925000011920929,0.8468999862670898
YGL106W,YIL109C,0,-2.6237853,0.09845662862062454,0.925000011920929,0.847000002861023
YGR033C,YBR202W,0,-2.623855,0.09844614565372467,0.925000011920929,0.847100019454956
YJL168C,YPR139C,0,-2.6246,0.0984356701374054,0.925000011920929,0.8471999764442444
YGR074W,YOL115W,0,-2.6248481,0.09842519462108612,0.925000011920929,0.8472999930381775
YKL140W,YGL106W,0,-2.624997,0.09841472655534744,0.925000011920929,0.8474000096321106
YMR097C,YBL034C,0,-2.6253664,0.09840425848960876,0.925000011920929,0.8475000262260437
YFL036W,YMR278W,0,-2.625882,0.09839379042387009,0.925000011920929,0.847599983215332
YPL043W,YKL134C,0,-2.6260204,0.09838332235813141,0.925000011920929,0.8476999998092651
YDL065C,YGL233W,0,-2.6272485,0.09837286174297333,0.925000011920929,0.8478000164031982
YDR342C,YDL007W,0,-2.6276371,0.09836240112781525,0.925000011920929,0.8478999733924866
YHR031C,YCR104W,0,-2.6276906,0.09835194051265717,0.925000011920929,0.8479999899864197
YGR109C,YGL161C,0,-2.6278389,0.09834148734807968,0.925000011920929,0.8481000065803528
YDR251W,YBR212W,0,-2.6286566,0.0983310267329216,0.925000011920929,0.8482000231742859
YDR393W,YNL267W,0,-2.6287706,0.09832058101892471,0.925000011920929,0.8482999801635742
YLR260W,YGR038W,0,-2.6291053,0.09831012785434723,0.925000011920929,0.8483999967575073
YPL214C,YOR171C,0,-2.6291947,0.09829968214035034,0.925000011920929,0.8485000133514404
YCL061C,YDR099W,0,-2.629295,0.09828923642635345,0.925000011920929,0.8485999703407288
YLL002W,YDL015C,0,-2.6297925,0.09827879071235657,0.925000011920929,0.8486999869346619
YGR198W,YHL003C,0,-2.6301472,0.09826835244894028,0.925000011920929,0.848800003528595
YJR032W,YLR083C,0,-2.631819,0.09825791418552399,0.925000011920929,0.8489000201225281
YIL136W,YGR098C,0,-2.6318877,0.0982474759221077,0.925000011920929,0.8489999771118164
YDR310C,YDR164C,0,-2.631957,0.098237045109272,0.925000011920929,0.8490999937057495
YGL131C,YGL025C,0,-2.632676,0.09822661429643631,0.925000011920929,0.8492000102996826
YOR261C,YJL186W,0,-2.6341674,0.09821618348360062,0.925000011920929,0.8493000268936157
YJL029C,YJR119C,0,-2.63435,0.09820575267076492,0.925000011920929,0.849399983882904
YNL110C,YJL083W,0,-2.6344993,0.09819532930850983,0.925000011920929,0.8495000004768372
YKL099C,YJR119C,0,-2.634721,0.09818490594625473,0.925000011920929,0.8496000170707703
YJL029C,YBR193C,0,-2.634722,0.09817448258399963,0.925000011920929,0.8496999740600586
YMR060C,YLR144C,0,-2.6351883,0.09816406667232513,0.925000011920929,0.8497999906539917
YKL140W,YKR065C,0,-2.6352065,0.09815365076065063,0.925000011920929,0.8499000072479248
YML077W,YMR021C,0,-2.6353583,0.09814323484897614,0.925000011920929,0.8500000238418579
YGL253W,YPL026C,1,-2.6355126,0.09823891520500183,0.9259999990463257,0.8500000238418579
YGR246C,YJL093C,0,-2.6362183,0.09822849184274673,0.9259999990463257,0.8500999808311462
YER020W,YHR155W,0,-2.636336,0.09821807593107224,0.9259999990463257,0.8501999974250793
YGR033C,YPR125W,0,-2.6369145,0.09820766001939774,0.9259999990463257,0.8503000140190125
YJL003W,YPL211W,0,-2.636915,0.09819724410772324,0.9259999990463257,0.8503999710083008
YHR169W,YER180C,0,-2.6369474,0.09818682819604874,0.9259999990463257,0.8504999876022339
YLL040C,YPL271W,0,-2.637022,0.09817641973495483,0.9259999990463257,0.850600004196167
YBR202W,YBR279W,0,-2.6370242,0.09816601127386093,0.9259999990463257,0.8507000207901001
YOR059C,YPR155C,0,-2.6371996,0.09815561026334763,0.9259999990463257,0.8507999777793884
YOL102C,YBR302C,0,-2.6373427,0.09814520180225372,0.9259999990463257,0.8508999943733215
YNL097C,YGL106W,0,-2.6373603,0.09813480079174042,0.9259999990463257,0.8510000109672546
YIL112W,YIR009W,0,-2.6377263,0.09812440723180771,0.9259999990463257,0.8511000275611877
YJL023C,YGR089W,0,-2.6380312,0.0981140062212944,0.9259999990463257,0.8511999845504761
YGR128C,YIL145C,0,-2.6380866,0.0981036126613617,0.9259999990463257,0.8513000011444092
YDR084C,YGL213C,0,-2.6381142,0.09809321910142899,0.9259999990463257,0.8514000177383423
YPR107C,YOL070C,0,-2.638252,0.09808283299207687,0.9259999990463257,0.8514999747276306
YHR172W,YDR202C,0,-2.6382968,0.09807243943214417,0.9259999990463257,0.8515999913215637
YDR016C,YFR019W,0,-2.639395,0.09806205332279205,0.9259999990463257,0.8517000079154968
YHR107C,YGR074W,0,-2.6394217,0.09805167466402054,0.9259999990463257,0.8518000245094299
YDL225W,YBR173C,0,-2.6394815,0.09804128855466843,0.9259999990463257,0.8518999814987183
YNL080C,YNL081C,0,-2.6395574,0.09803090989589691,0.9259999990463257,0.8519999980926514
YHR016C,YMR056C,0,-2.639902,0.098020538687706,0.9259999990463257,0.8521000146865845
YOL049W,YPL001W,0,-2.6401443,0.09801016002893448,0.9259999990463257,0.8521999716758728
YLR270W,YJR092W,0,-2.6402266,0.09799978882074356,0.9259999990463257,0.8522999882698059
YGL067W,YDL098C,0,-2.640382,0.09798941761255264,0.9259999990463257,0.852400004863739
YKL058W,YOL115W,0,-2.6405728,0.09797904640436172,0.9259999990463257,0.8525000214576721
YOR115C,YPL045W,0,-2.6410882,0.0979686826467514,0.9259999990463257,0.8525999784469604
YDR393W,YER018C,0,-2.6412818,0.09795831888914108,0.9259999990463257,0.8526999950408936
YGR044C,YBR079C,0,-2.6413743,0.09794795513153076,0.9259999990463257,0.8528000116348267
YDR354W,YDR014W,0,-2.6414258,0.09793759882450104,0.9259999990463257,0.8529000282287598
YLR350W,YBR227C,0,-2.6419399,0.09792724251747131,0.9259999990463257,0.8529999852180481
YFR053C,YGR101W,0,-2.6423292,0.09791688621044159,0.9259999990463257,0.8531000018119812
YNL026W,YOR090C,0,-2.6423333,0.09790653735399246,0.9259999990463257,0.8532000184059143
YMR220W,YOR059C,0,-2.6423829,0.09789618104696274,0.9259999990463257,0.8532999753952026
YEL020W-A,YBL066C,0,-2.6424315,0.09788583219051361,0.9259999990463257,0.8533999919891357
YBL015W,YHL035C,0,-2.6430178,0.09787549078464508,0.9259999990463257,0.8535000085830688
YDL082W,YDL223C,0,-2.643366,0.09786514192819595,0.9259999990463257,0.853600025177002
YIL112W,YGL099W,0,-2.6435032,0.09785480052232742,0.9259999990463257,0.8536999821662903
YOR070C,YKL189W,0,-2.6436918,0.09784446656703949,0.9259999990463257,0.8537999987602234
YHR096C,YOR143C,0,-2.6439617,0.09783412516117096,0.9259999990463257,0.8539000153541565
YPL096W,YGR036C,0,-2.6440458,0.09782379120588303,0.9259999990463257,0.8539999723434448
YBR278W,YGR284C,0,-2.6441648,0.09781345725059509,0.9259999990463257,0.8540999889373779
YOR007C,YLR450W,0,-2.6442454,0.09780312329530716,0.9259999990463257,0.854200005531311
YNR031C,YJL047C,0,-2.6444209,0.09779279679059982,0.9259999990463257,0.8543000221252441
YCL061C,YDL123W,0,-2.6446242,0.09778247028589249,0.9259999990463257,0.8543999791145325
YBR107C,YGR036C,0,-2.6446702,0.09777214378118515,0.9259999990463257,0.8544999957084656
YIL088C,YLR325C,0,-2.644769,0.09776182472705841,0.9259999990463257,0.8546000123023987
YDR150W,YJL158C,0,-2.6449268,0.09775150567293167,0.9259999990463257,0.8547000288963318
YFL036W,YLR382C,0,-2.6450398,0.09774118661880493,0.9259999990463257,0.8547999858856201
YNL118C,YNR043W,0,-2.6451485,0.09773086756467819,0.9259999990463257,0.8549000024795532
YDR152W,YMR029C,0,-2.6453676,0.09772055596113205,0.9259999990463257,0.8550000190734863
YBR298C,YHR096C,1,-2.6453793,0.09781576693058014,0.9269999861717224,0.8550000190734863
YPR093C,YJL111W,0,-2.6459212,0.0978054478764534,0.9269999861717224,0.8550999760627747
YOR319W,YPR181C,0,-2.6463459,0.09779512882232666,0.9269999861717224,0.8551999926567078
YDL194W,YHR096C,1,-2.646743,0.09789029508829117,0.9279999732971191,0.8551999926567078
YNL281W,YBL057C,0,-2.646794,0.09787996858358383,0.9279999732971191,0.8553000092506409
YOR063W,YIL143C,0,-2.6468167,0.09786964952945709,0.9279999732971191,0.855400025844574
YJL053W,YOL137W,0,-2.6469247,0.09785933047533035,0.9279999732971191,0.8554999828338623
YIL048W,YJL111W,0,-2.6474545,0.09784901142120361,0.9279999732971191,0.8555999994277954
YBR278W,YDL015C,0,-2.6475744,0.09783869236707687,0.9279999732971191,0.8557000160217285
YDL003W,YLR060W,0,-2.6478481,0.09782838076353073,0.9279999732971191,0.8557999730110168
YHR016C,YDL146W,0,-2.6483288,0.09781806915998459,0.9279999732971191,0.85589998960495
YPR149W,YMR023C,0,-2.6484058,0.09780775755643845,0.9279999732971191,0.8560000061988831
YHL013C,YLR007W,0,-2.6488411,0.0977974534034729,0.9279999732971191,0.8561000227928162
YNR076W,YPR171W,0,-2.6495824,0.09778714179992676,0.9279999732971191,0.8561999797821045
YLR265C,YNR043W,0,-2.6500602,0.09777683764696121,0.9279999732971191,0.8562999963760376
YGL178W,YAL029C,0,-2.6504986,0.09776654094457626,0.9279999732971191,0.8564000129699707
YPL134C,YLL040C,0,-2.6506407,0.09775624424219131,0.9279999732971191,0.8565000295639038
YBR021W,YAL022C,0,-2.6516058,0.09774594753980637,0.9279999732971191,0.8565999865531921
YCR052W,YKL185W,0,-2.651951,0.09773565083742142,0.9279999732971191,0.8567000031471252
YNL131W,YDR092W,0,-2.6520262,0.09772536158561707,0.9279999732971191,0.8568000197410583
YGL038C,YPR160W,0,-2.6520615,0.09771506488323212,0.9279999732971191,0.8568999767303467
YML010W,YDR519W,0,-2.6525657,0.09770478308200836,0.9279999732971191,0.8569999933242798
YNR031C,YDR519W,0,-2.6527746,0.09769449383020401,0.9279999732971191,0.8571000099182129
YGR123C,YOR124C,0,-2.6533177,0.09768421202898026,0.9279999732971191,0.857200026512146
YGR170W,YFL046W,0,-2.6536605,0.0976739302277565,0.9279999732971191,0.8572999835014343
YDR342C,YMR097C,0,-2.6537497,0.09766364842653275,0.9279999732971191,0.8574000000953674
YJL079C,YOR261C,0,-2.6538272,0.09765337407588959,0.9279999732971191,0.8575000166893005
YHL030W,YDR007W,0,-2.6539106,0.09764309972524643,0.9279999732971191,0.8575999736785889
YGL001C,YLR266C,0,-2.6540403,0.09763282537460327,0.9279999732971191,0.857699990272522
YGL038C,YNL084C,0,-2.6547067,0.09762255102396011,0.9279999732971191,0.8578000068664551
YHL035C,YPR166C,0,-2.6558769,0.09761228412389755,0.9279999732971191,0.8579000234603882
YCL032W,YGR033C,0,-2.6559327,0.09760201722383499,0.9279999732971191,0.8579999804496765
YLR119W,YGL233W,0,-2.6565807,0.09759175777435303,0.9279999732971191,0.8580999970436096
YAL017W,YLR418C,0,-2.6569831,0.09758149087429047,0.9279999732971191,0.8582000136375427
YLR002C,YBR167C,0,-2.657155,0.0975712314248085,0.9279999732971191,0.858299970626831
YAL060W,YIL053W,0,-2.6573195,0.09756097197532654,0.9279999732971191,0.8583999872207642
YLR121C,YLL021W,0,-2.6574292,0.09755071997642517,0.9279999732971191,0.8585000038146973
YMR301C,YDR392W,0,-2.6581562,0.0975404679775238,0.9279999732971191,0.8586000204086304
YLL043W,YPL244C,1,-2.6583972,0.09763531386852264,0.9290000200271606,0.8586000204086304
YPR009W,YJL083W,0,-2.658673,0.09762505441904068,0.9290000200271606,0.8586999773979187
YCR032W,YOR067C,0,-2.6594956,0.09761479496955872,0.9290000200271606,0.8587999939918518
YHR096C,YDL044C,0,-2.6596053,0.09760453552007675,0.9290000200271606,0.8589000105857849
YBL023C,YGR058W,0,-2.659868,0.09759428352117538,0.9290000200271606,0.859000027179718
YDR251W,YLR055C,0,-2.6601791,0.09758403152227402,0.9290000200271606,0.8590999841690063
YHR084W,YAR033W,0,-2.660244,0.09757378697395325,0.9290000200271606,0.8592000007629395
YGL091C,YGR132C,0,-2.6603796,0.09756353497505188,0.9290000200271606,0.8593000173568726
YGR289C,YFR053C,1,-2.6612866,0.09765829890966415,0.9300000071525574,0.8593000173568726
YCR089W,YLR167W,0,-2.6613245,0.09764804691076279,0.9300000071525574,0.8593999743461609
YMR238W,YIL097W,0,-2.6616776,0.09763779491186142,0.9300000071525574,0.859499990940094
YGL213C,YKL167C,0,-2.6618724,0.09762754291296005,0.9300000071525574,0.8596000075340271
YLR066W,YER180C,0,-2.6619508,0.09761729836463928,0.9300000071525574,0.8597000241279602
YHR183W,YJR076C,0,-2.6622021,0.09760705381631851,0.9300000071525574,0.8597999811172485
YJR032W,YHR064C,0,-2.6625721,0.09759680926799774,0.9300000071525574,0.8598999977111816
YER159C,YER165W,0,-2.6625922,0.09758657217025757,0.9300000071525574,0.8600000143051147
YGL167C,YLR447C,0,-2.6626174,0.0975763276219368,0.9300000071525574,0.8600999712944031
YNL267W,YDR354W,0,-2.6629653,0.09756609052419662,0.9300000071525574,0.8601999878883362
YJL072C,YMR029C,0,-2.6634917,0.09755586087703705,0.9300000071525574,0.8603000044822693
YFR042W,YHR107C,0,-2.664115,0.09754562377929688,0.9300000071525574,0.8604000210762024
YML095C,YJL167W,0,-2.6642044,0.0975353941321373,0.9300000071525574,0.8604999780654907
YPR058W,YOR153W,0,-2.6642125,0.09752516448497772,0.9300000071525574,0.8605999946594238
YLR060W,YAL017W,0,-2.6646006,0.09751494228839874,0.9300000071525574,0.8607000112533569
YDL003W,YKL046C,0,-2.6647947,0.09750472009181976,0.9300000071525574,0.86080002784729
YKL101W,YOL070C,0,-2.664801,0.09749449789524078,0.9300000071525574,0.8608999848365784
YDR512C,YDR182W,0,-2.6651394,0.0974842756986618,0.9300000071525574,0.8610000014305115
YPR107C,YHR183W,0,-2.66524,0.09747406095266342,0.9300000071525574,0.8611000180244446
YPR188C,YLR203C,0,-2.665714,0.09746384620666504,0.9300000071525574,0.8611999750137329
YJL094C,YNL002C,0,-2.6666472,0.09745363146066666,0.9300000071525574,0.861299991607666
YNL032W,YKR086W,0,-2.6671932,0.09744341671466827,0.9300000071525574,0.8614000082015991
YPR029C,YKL054C,0,-2.6672928,0.09743320941925049,0.9300000071525574,0.8615000247955322
YPL003W,YOL093W,0,-2.6674693,0.0974230021238327,0.9300000071525574,0.8615999817848206
YDR120C,YBR007C,0,-2.6676419,0.09741280227899551,0.9300000071525574,0.8616999983787537
YDR520C,YGR098C,0,-2.66768,0.09740259498357773,0.9300000071525574,0.8618000149726868
YAL051W,YGR109C,0,-2.6684568,0.09739239513874054,0.9300000071525574,0.8618999719619751
YLR399C,YCR002C,0,-2.6687043,0.09738219529390335,0.9300000071525574,0.8619999885559082
YJR094W-A,YNL312W,0,-2.66871,0.09737200289964676,0.9300000071525574,0.8621000051498413
YDR083W,YIL120W,0,-2.6688535,0.09736181050539017,0.9300000071525574,0.8622000217437744
YGR084C,YLR418C,0,-2.6689947,0.09735161811113358,0.9300000071525574,0.8622999787330627
YIL027C,YJL156C,0,-2.6690834,0.09734142571687698,0.9300000071525574,0.8623999953269958
YJR123W,YHR064C,0,-2.66912,0.09733124077320099,0.9300000071525574,0.862500011920929
YOR084W,YLR270W,0,-2.6692288,0.097321055829525,0.9300000071525574,0.8626000285148621
YGR059W,YEL016C,0,-2.6695337,0.097310870885849,0.9300000071525574,0.8626999855041504
YDR449C,YMR072W,0,-2.6695404,0.0973006933927536,0.9300000071525574,0.8628000020980835
YIL030C,YDL028C,0,-2.6698105,0.0972905084490776,0.9300000071525574,0.8629000186920166
YIL010W,YDR487C,0,-2.6701438,0.0972803384065628,0.9300000071525574,0.8629999756813049
YER053C,YLR337C,0,-2.6701694,0.09727016091346741,0.9300000071525574,0.863099992275238
YFR042W,YCL052C,0,-2.6702898,0.0972599908709526,0.9300000071525574,0.8632000088691711
YDL003W,YOR064C,0,-2.6703064,0.09724981337785721,0.9300000071525574,0.8633000254631042
YKL119C,YOL084W,0,-2.6710522,0.097239650785923,0.9300000071525574,0.8633999824523926
YDR457W,YKL170W,0,-2.6711483,0.0972294807434082,0.9300000071525574,0.8634999990463257
YJL155C,YPL119C,0,-2.6717932,0.097219318151474,0.9300000071525574,0.8636000156402588
YAL047C,YMR260C,0,-2.6719131,0.0972091555595398,0.9300000071525574,0.8636999726295471
YGR057C,YER116C,0,-2.6719797,0.09719899296760559,0.9300000071525574,0.8637999892234802
YPL143W,YKL072W,0,-2.6724112,0.09718883782625198,0.9300000071525574,0.8639000058174133
YLR265C,YBR273C,0,-2.672438,0.09717868268489838,0.9300000071525574,0.8640000224113464
YPL196W,YHR155W,0,-2.6724737,0.09716852754354477,0.9300000071525574,0.8640999794006348
YFL057C,YAR007C,0,-2.6735885,0.09715837985277176,0.9300000071525574,0.8641999959945679
YPL027W,YCR002C,0,-2.673829,0.09714823216199875,0.9300000071525574,0.864300012588501
YFR041C,YNL308C,0,-2.67396,0.09713808447122574,0.9300000071525574,0.8644000291824341
YAR002W,YDL051W,0,-2.6743448,0.09712793678045273,0.9300000071525574,0.8644999861717224
YLR015W,YDR373W,0,-2.674496,0.09711779654026031,0.9300000071525574,0.8646000027656555
YIL048W,YHR158C,0,-2.6747186,0.0971076563000679,0.9300000071525574,0.8647000193595886
YOR063W,YLR340W,0,-2.6752312,0.09709751605987549,0.9300000071525574,0.864799976348877
YCL050C,YEL049W,0,-2.6753862,0.09708737581968307,0.9300000071525574,0.8648999929428101
YKR058W,YDL044C,0,-2.675525,0.09707724303007126,0.9300000071525574,0.8650000095367432
YOR386W,YPR171W,0,-2.6757169,0.09706711024045944,0.9300000071525574,0.8651000261306763
YOL033W,YAL022C,0,-2.6758776,0.09705698490142822,0.9300000071525574,0.8651999831199646
YOR261C,YLR188W,0,-2.6765294,0.0970468521118164,0.9300000071525574,0.8652999997138977
YJL001W,YNL084C,0,-2.6772444,0.09703672677278519,0.9300000071525574,0.8654000163078308
YGL068W,YBR279W,0,-2.6775858,0.09702660143375397,0.9300000071525574,0.8654999732971191
YGL229C,YKL003C,0,-2.6778862,0.09701648354530334,0.9300000071525574,0.8655999898910522
YDR080W,YBR149W,0,-2.677901,0.09700636565685272,0.9300000071525574,0.8657000064849854
YBR043C,YLL002W,0,-2.6779275,0.0969962477684021,0.9300000071525574,0.8658000230789185
YBR007C,YOL093W,0,-2.6787727,0.09698612987995148,0.9300000071525574,0.8658999800682068
YIL109C,YOL008W,0,-2.6790795,0.09697601944208145,0.9300000071525574,0.8659999966621399
YGR195W,YPL119C,0,-2.6792245,0.09696590900421143,0.9300000071525574,0.866100013256073
YGR002C,YOL089C,0,-2.67991,0.0969557985663414,0.9300000071525574,0.8661999702453613
YER098W,YNL197C,0,-2.6799476,0.09694568812847137,0.9300000071525574,0.8662999868392944
YCL063W,YJL094C,0,-2.6803985,0.09693558514118195,0.9300000071525574,0.8664000034332275
YGL206C,YBR273C,0,-2.6805005,0.09692548215389252,0.9300000071525574,0.8665000200271606
YHR183W,YMR305C,0,-2.6805418,0.09691537916660309,0.9300000071525574,0.866599977016449
YMR012W,YJL158C,0,-2.6808403,0.09690528362989426,0.9300000071525574,0.8666999936103821
YBL060W,YHR047C,0,-2.68098,0.09689518809318542,0.9300000071525574,0.8668000102043152
YPL055C,YNL081C,0,-2.6811001,0.09688509255647659,0.9300000071525574,0.8669000267982483
YJR044C,YGL136C,0,-2.6811402,0.09687499701976776,0.9300000071525574,0.8669999837875366
YER021W,YBR126C,0,-2.6813045,0.09686490893363953,0.9300000071525574,0.8671000003814697
YKL170W,YGR169C,0,-2.6813653,0.09685482084751129,0.9300000071525574,0.8672000169754028
YFL002C,YLR350W,0,-2.68142,0.09684473276138306,0.9300000071525574,0.8672999739646912
YDR229W,YFL049W,0,-2.6821363,0.09683465212583542,0.9300000071525574,0.8673999905586243
YOR261C,YLR375W,0,-2.682799,0.09682457149028778,0.9300000071525574,0.8675000071525574
YMR113W,YDR430C,0,-2.683129,0.09681449085474014,0.9300000071525574,0.8676000237464905
YIL033C,YBR245C,0,-2.6832647,0.0968044102191925,0.9300000071525574,0.8676999807357788
YHR084W,YDR198C,0,-2.6833467,0.09679433703422546,0.9300000071525574,0.8677999973297119
YFL049W,YGR173W,0,-2.6834154,0.09678426384925842,0.9300000071525574,0.867900013923645
YLR220W,YGR223C,0,-2.6837142,0.09677419066429138,0.9300000071525574,0.8679999709129333
YDR144C,YGR089W,0,-2.6840603,0.09676412492990494,0.9300000071525574,0.8680999875068665
YGL025C,YOR247W,0,-2.6842847,0.0967540591955185,0.9300000071525574,0.8682000041007996
YDR454C,YCR005C,0,-2.6846044,0.09674399346113205,0.9300000071525574,0.8683000206947327
YKL167C,YFL046W,0,-2.684726,0.0967339277267456,0.9300000071525574,0.868399977684021
YOR008C,YOR124C,0,-2.684848,0.09672386944293976,0.9300000071525574,0.8684999942779541
YJR044C,YOR062C,0,-2.6850517,0.09671381115913391,0.9300000071525574,0.8686000108718872
YKL062W,YJL029C,0,-2.6855462,0.09670375287532806,0.9300000071525574,0.8687000274658203
YBL084C,YNL132W,0,-2.6858976,0.09669370204210281,0.9300000071525574,0.8687999844551086
YCR060W,YLL019C,0,-2.6860712,0.09668364375829697,0.9300000071525574,0.8689000010490417
YMR011W,YHR096C,1,-2.686361,0.09677754342556,0.9309999942779541,0.8689000010490417
YDL174C,YJL074C,0,-2.6865265,0.09676748514175415,0.9309999942779541,0.8690000176429749
YGL038C,YHR084W,0,-2.6870158,0.0967574343085289,0.9309999942779541,0.8690999746322632
YDL003W,YDL054C,0,-2.687897,0.09674737602472305,0.9309999942779541,0.8691999912261963
YCR092C,YLL021W,0,-2.6880338,0.0967373251914978,0.9309999942779541,0.8693000078201294
YPL037C,YKL020C,0,-2.6885889,0.09672727435827255,0.9309999942779541,0.8694000244140625
YFR053C,YKL189W,0,-2.688605,0.0967172235250473,0.9309999942779541,0.8694999814033508
YAL048C,YJL102W,0,-2.6886113,0.09670718014240265,0.9309999942779541,0.8695999979972839
YDR368W,YDR308C,0,-2.6894758,0.096697136759758,0.9309999942779541,0.869700014591217
YGL084C,YDR343C,1,-2.6895099,0.09679094702005386,0.9319999814033508,0.869700014591217
YBL093C,YLR188W,0,-2.6895185,0.09678089618682861,0.9319999814033508,0.8697999715805054
YLR052W,YDR279W,0,-2.6897,0.09677084535360336,0.9319999814033508,0.8698999881744385
YGR083C,YDR519W,0,-2.6897821,0.09676079452037811,0.9319999814033508,0.8700000047683716
YCR096C,YOL115W,0,-2.6907387,0.09675075113773346,0.9319999814033508,0.8701000213623047
YPL089C,YBL047C,0,-2.6907732,0.0967407077550888,0.9319999814033508,0.870199978351593
YGR128C,YOR371C,0,-2.6909173,0.09673067182302475,0.9319999814033508,0.8702999949455261
YDR354W,YAL060W,0,-2.6909335,0.0967206284403801,0.9319999814033508,0.8704000115394592
YIL120W,YBR001C,0,-2.6911323,0.09671059250831604,0.9319999814033508,0.8705000281333923
YJL011C,YMR227C,0,-2.6913865,0.09670055657625198,0.9319999814033508,0.8705999851226807
YOR148C,YOR322C,0,-2.6914449,0.09669052809476852,0.9319999814033508,0.8707000017166138
YPR025C,YGR217W,0,-2.6915228,0.09668049961328506,0.9319999814033508,0.8708000183105469
YKL132C,YKR029C,0,-2.6927736,0.0966704711318016,0.9319999814033508,0.8708999752998352
YPR141C,YHR042W,0,-2.6929803,0.09666044265031815,0.9319999814033508,0.8709999918937683
YNL101W,YJL168C,0,-2.6937878,0.09665042161941528,0.9319999814033508,0.8711000084877014
YJL209W,YDR473C,0,-2.6938078,0.09664040058851242,0.9319999814033508,0.8712000250816345
YKL140W,YCL034W,0,-2.6943564,0.09663037955760956,0.9319999814033508,0.8712999820709229
YGL206C,YDR519W,0,-2.694517,0.0966203585267067,0.9319999814033508,0.871399998664856
YIL043C,YDL066W,0,-2.6945937,0.09661034494638443,0.9319999814033508,0.8715000152587891
YNL293W,YCR072C,0,-2.6947045,0.09660033136606216,0.9319999814033508,0.8715999722480774
YHL030W,YPR149W,0,-2.6949012,0.0965903177857399,0.9319999814033508,0.8716999888420105
YOL033W,YLR262C,0,-2.695121,0.09658031165599823,0.9319999814033508,0.8718000054359436
YDL146W,YDL054C,0,-2.6953752,0.09657030552625656,0.9319999814033508,0.8719000220298767
YPR184W,YLL002W,0,-2.6955495,0.09656029939651489,0.9319999814033508,0.871999979019165
YHR086W,YDR392W,0,-2.6956306,0.09655029326677322,0.9319999814033508,0.8720999956130981
YCR095C,YOR260W,0,-2.6958299,0.09654029458761215,0.9319999814033508,0.8722000122070312
YLL009C,YBR167C,0,-2.6959102,0.09653029590845108,0.9319999814033508,0.8723000288009644
YOR064C,YJR041C,0,-2.6959808,0.09652029722929001,0.9319999814033508,0.8723999857902527
YGL191W,YLR129W,0,-2.6960282,0.09651030600070953,0.9319999814033508,0.8725000023841858
YOL012C,YOL006C,0,-2.696376,0.09650030732154846,0.9319999814033508,0.8726000189781189
YPL271W,YCL034W,0,-2.6965628,0.09649032354354858,0.9319999814033508,0.8726999759674072
YJR042W,YKR087C,0,-2.696938,0.09648033231496811,0.9319999814033508,0.8727999925613403
YCR067C,YML095C,0,-2.697265,0.09647034108638763,0.9319999814033508,0.8729000091552734
YNL125C,YCR052W,0,-2.6975167,0.09646035730838776,0.9319999814033508,0.8730000257492065
YNL267W,YPR113W,0,-2.697592,0.09645038098096848,0.9319999814033508,0.8730999827384949
YGL104C,YMR011W,1,-2.6986606,0.09654387086629868,0.9330000281333923,0.8730999827384949
YER053C,YMR002W,0,-2.6987789,0.0965338870882988,0.9330000281333923,0.873199999332428
YLR325C,YPL169C,0,-2.6994452,0.09652389585971832,0.9330000281333923,0.8733000159263611
YEL016C,YPR111W,0,-2.6996458,0.09651391208171844,0.9330000281333923,0.8733999729156494
YAL017W,YNL048W,0,-2.7002296,0.09650392830371857,0.9330000281333923,0.8734999895095825
YNL097C,YGL099W,0,-2.7004802,0.09649395197629929,0.9330000281333923,0.8736000061035156
YHR096C,YPR107C,0,-2.700773,0.09648396819829941,0.9330000281333923,0.8737000226974487
YDR144C,YDL214C,0,-2.7015026,0.09647399187088013,0.9330000281333923,0.8737999796867371
YGR002C,YHL007C,0,-2.7017212,0.09646402299404144,0.9330000281333923,0.8738999962806702
YBR278W,YHR079C,0,-2.7021558,0.09645404666662216,0.9330000281333923,0.8740000128746033
YKL064W,YDL082W,0,-2.7026255,0.09644407778978348,0.9330000281333923,0.8741000294685364
YER165W,YBR079C,0,-2.7033656,0.0964341089129448,0.9330000281333923,0.8741999864578247
YBR177C,YBL040C,0,-2.7036974,0.09642414003610611,0.9330000281333923,0.8743000030517578
YAL051W,YLR055C,0,-2.70381,0.09641417860984802,0.9330000281333923,0.8744000196456909
YNL066W,YJR059W,0,-2.7040465,0.09640421718358994,0.9330000281333923,0.8744999766349792
YGL253W,YDR342C,1,-2.70476,0.09649757295846939,0.9340000152587891,0.8744999766349792
YKL101W,YDR452W,0,-2.7056413,0.0964876040816307,0.9340000152587891,0.8745999932289124
YOR063W,YGR085C,0,-2.706329,0.09647763520479202,0.9340000152587891,0.8747000098228455
YBR167C,YDR520C,0,-2.7063987,0.09646767377853394,0.9340000152587891,0.8748000264167786
YAL010C,YOR247W,0,-2.7070458,0.09645771235227585,0.9340000152587891,0.8748999834060669
YDR372C,YGL203C,0,-2.7072084,0.09644775092601776,0.9340000152587891,0.875
YKL134C,YGR181W,0,-2.7072709,0.09643778949975967,0.9340000152587891,0.8751000165939331
YIL109C,YOR014W,0,-2.707739,0.09642783552408218,0.9340000152587891,0.8751999735832214
YLR060W,YOR171C,0,-2.7083747,0.0964178815484047,0.9340000152587891,0.8752999901771545
YGR289C,YHR094C,1,-2.70874,0.09651114791631699,0.9350000023841858,0.8752999901771545
YMR212C,YML010W,0,-2.7092764,0.0965011864900589,0.9350000023841858,0.8754000067710876
YGR206W,YHR109W,0,-2.7096488,0.09649122506380081,0.9350000023841858,0.8755000233650208
YOR030W,YDR350C,0,-2.7096937,0.09648127108812332,0.9350000023841858,0.8755999803543091
YML127W,YOR319W,0,-2.7098372,0.09647131711244583,0.9350000023841858,0.8756999969482422
YIL027C,YGR181W,0,-2.709995,0.09646136313676834,0.9350000023841858,0.8758000135421753
YOR070C,YML086C,0,-2.7101295,0.09645141661167145,0.9350000023841858,0.8758999705314636
YJL142C,YJR065C,0,-2.7101572,0.09644146263599396,0.9350000023841858,0.8759999871253967
YNL173C,YOL151W,0,-2.7101889,0.09643151611089706,0.9350000023841858,0.8761000037193298
YDR150W,YIR009W,0,-2.7102058,0.09642157703638077,0.9350000023841858,0.8762000203132629
YPL003W,YPL196W,0,-2.7106745,0.09641163051128387,0.9350000023841858,0.8762999773025513
YMR065W,YEL029C,0,-2.71082,0.09640169143676758,0.9350000023841858,0.8763999938964844
YGL019W,YBR211C,0,-2.7110536,0.09639175236225128,0.9350000023841858,0.8765000104904175
YHR170W,YHR079C,0,-2.7112138,0.09638181328773499,0.9350000023841858,0.8766000270843506
YOR008C,YGL250W,0,-2.711988,0.09637188166379929,0.9350000023841858,0.8766999840736389
YOR151C,YNL308C,0,-2.7122378,0.09636195003986359,0.9350000023841858,0.876800000667572
YGR246C,YIL051C,0,-2.7123334,0.09635201841592789,0.9350000023841858,0.8769000172615051
YOR028C,YPL172C,0,-2.7123544,0.09634209424257278,0.9350000023841858,0.8769999742507935
YDR152W,YDR182W,0,-2.712433,0.09633216261863708,0.9350000023841858,0.8770999908447266
YDR309C,YER165W,0,-2.712825,0.09632223844528198,0.9350000023841858,0.8772000074386597
YDL014W,YNL223W,0,-2.713352,0.09631232172250748,0.9350000023841858,0.8773000240325928
YBL040C,YDR099W,0,-2.7134774,0.09630239754915237,0.9350000023841858,0.8773999810218811
YPL003W,YMR019W,0,-2.7135017,0.09629248082637787,0.9350000023841858,0.8774999976158142
YKL110C,YGR078C,0,-2.7136228,0.09628256410360336,0.9350000023841858,0.8776000142097473
YPR188C,YBL091C,0,-2.7136292,0.09627265483140945,0.9350000023841858,0.8776999711990356
YIL120W,YOL117W,0,-2.7136724,0.09626273810863495,0.9350000023841858,0.8777999877929688
YJR044C,YOR258W,0,-2.7145238,0.09625282883644104,0.9350000023841858,0.8779000043869019
YDL171C,YDR372C,0,-2.714676,0.09624292701482773,0.9350000023841858,0.878000020980835
YKL134C,YJL074C,0,-2.7146847,0.09623301774263382,0.9350000023841858,0.8780999779701233
YPR075C,YNL267W,0,-2.7147322,0.09622311592102051,0.9350000023841858,0.8781999945640564
YJL065C,YJL023C,0,-2.7148309,0.0962132140994072,0.9350000023841858,0.8783000111579895
YPL026C,YDR345C,1,-2.7148874,0.0963062047958374,0.9359999895095825,0.8783000111579895
YPL211W,YOL083W,0,-2.7149,0.0962962955236435,0.9359999895095825,0.8784000277519226
YLR425W,YDR342C,0,-2.7151074,0.09628639370203018,0.9359999895095825,0.8784999847412109
YGL104C,YHR096C,1,-2.7152202,0.0963793471455574,0.9369999766349792,0.8784999847412109
YLR191W,YGL161C,0,-2.7154639,0.0963694304227829,0.9369999766349792,0.878600001335144
YGL084C,YCL040W,1,-2.7158282,0.09646236151456833,0.9380000233650208,0.878600001335144
YHR031C,YOL094C,0,-2.716058,0.09645244479179382,0.9380000233650208,0.8787000179290771
YPL183W-A,YLR007W,0,-2.7164707,0.09644252806901932,0.9380000233650208,0.8787999749183655
YOL091W,YKR024C,0,-2.7171957,0.09643261134624481,0.9380000233650208,0.8788999915122986
YOR258W,YLR015W,0,-2.717231,0.0964226946234703,0.9380000233650208,0.8790000081062317
YCR052W,YMR152W,0,-2.717282,0.0964127853512764,0.9380000233650208,0.8791000247001648
YBR298C,YDL194W,1,-2.7176836,0.09650564938783646,0.9390000104904175,0.8791000247001648
YNL096C,YLL050C,0,-2.7184765,0.09649573266506195,0.9390000104904175,0.8791999816894531
YAL020C,YGR047C,0,-2.7188742,0.09648582339286804,0.9390000104904175,0.8792999982833862
YHR062C,YJL090C,0,-2.7194793,0.09647590667009354,0.9390000104904175,0.8794000148773193
YOR213C,YOL137W,0,-2.7196524,0.09646599739789963,0.9390000104904175,0.8794999718666077
YGL104C,YHR092C,1,-2.720034,0.09655880928039551,0.9399999976158142,0.8794999718666077
YOR059C,YFR019W,0,-2.7202451,0.096548892557621,0.9399999976158142,0.8795999884605408
YLR418C,YHR178W,0,-2.7203453,0.0965389758348465,0.9399999976158142,0.8797000050544739
YKR056W,YDR142C,0,-2.7206364,0.09652905911207199,0.9399999976158142,0.879800021648407
YMR011W,YER039C,1,-2.7207139,0.09662182629108429,0.9409999847412109,0.879800021648407
YBR021W,YMR065W,0,-2.7214637,0.09661190956830978,0.9409999847412109,0.8798999786376953
YDR449C,YOR299W,0,-2.7216442,0.09660199284553528,0.9409999847412109,0.8799999952316284
YIL137C,YLR262C,0,-2.7216704,0.09659207612276077,0.9409999847412109,0.8801000118255615
YGL028C,YDR487C,0,-2.7217836,0.09658215939998627,0.9409999847412109,0.8802000284194946
YJL155C,YOR089C,0,-2.7218616,0.09657225012779236,0.9409999847412109,0.880299985408783
YMR319C,YGR085C,0,-2.7223392,0.09656234085559845,0.9409999847412109,0.8804000020027161
YLR260W,YEL006W,0,-2.7225826,0.09655243158340454,0.9409999847412109,0.8805000185966492
YPR029C,YCR086W,0,-2.7226353,0.09654252231121063,0.9409999847412109,0.8805999755859375
YIL112W,YDL051W,0,-2.7227633,0.09653262048959732,0.9409999847412109,0.8806999921798706
YDL235C,YLR332W,0,-2.7229674,0.09652271866798401,0.9409999847412109,0.8808000087738037
YDR150W,YPR083W,0,-2.723806,0.0965128168463707,0.9409999847412109,0.8809000253677368
YHR109W,YFR002W,0,-2.7238405,0.09650292247533798,0.9409999847412109,0.8809999823570251
YPL241C,YBR229C,0,-2.7244008,0.09649302810430527,0.9409999847412109,0.8810999989509583
YCL043C,YEL013W,0,-2.724795,0.09648313373327255,0.9409999847412109,0.8812000155448914
YGL191W,YML029W,0,-2.7248454,0.09647323936223984,0.9409999847412109,0.8812999725341797
YGR156W,YNL293W,0,-2.7256567,0.09646335244178772,0.9409999847412109,0.8813999891281128
YIR006C,YLR382C,0,-2.726148,0.0964534655213356,0.9409999847412109,0.8815000057220459
YJR031C,YKR086W,0,-2.7262778,0.09644357860088348,0.9409999847412109,0.881600022315979
YPR188C,YDL174C,0,-2.7270958,0.09643369913101196,0.9409999847412109,0.8816999793052673
YKL046C,YOR247W,0,-2.7271216,0.09642381221055984,0.9409999847412109,0.8817999958992004
YOR198C,YGR262C,0,-2.727259,0.09641393274068832,0.9409999847412109,0.8819000124931335
YLR337C,YNL048W,0,-2.7278929,0.0964040532708168,0.9409999847412109,0.8820000290870667
YER012W,YOR084W,0,-2.7281692,0.09639418125152588,0.9409999847412109,0.882099986076355
YDR343C,YGL104C,1,-2.7283397,0.09648673236370087,0.9419999718666077,0.882099986076355
YPL134C,YPL095C,0,-2.728709,0.09647685289382935,0.9419999718666077,0.8822000026702881
YLR066W,YLR262C,0,-2.7287798,0.09646697342395782,0.9419999718666077,0.8823000192642212
YDR463W,YJL187C,0,-2.7287838,0.0964570939540863,0.9419999718666077,0.8823999762535095
YBL060W,YPL051W,0,-2.729531,0.09644722193479538,0.9419999718666077,0.8824999928474426
YDL024C,YHR135C,0,-2.7298305,0.09643734991550446,0.9419999718666077,0.8826000094413757
YGR085C,YHL011C,0,-2.730126,0.09642747789621353,0.9419999718666077,0.8827000260353088
YMR227C,YJR092W,0,-2.7304637,0.09641760587692261,0.9419999718666077,0.8827999830245972
YJR060W,YKL058W,0,-2.7306688,0.09640773385763168,0.9419999718666077,0.8828999996185303
YKL165C,YNL081C,0,-2.7307045,0.09639786928892136,0.9419999718666077,0.8830000162124634
YJL025W,YPR041W,0,-2.730923,0.09638800472021103,0.9419999718666077,0.8830999732017517
YDL155W,YDL047W,0,-2.7310984,0.0963781476020813,0.9419999718666077,0.8831999897956848
YDR524C,YKR021W,0,-2.7311692,0.09636828303337097,0.9419999718666077,0.8833000063896179
YDR372C,YDR439W,0,-2.7312207,0.09635842591524124,0.9419999718666077,0.883400022983551
YER039C,YCR072C,0,-2.7312214,0.09634857624769211,0.9419999718666077,0.8834999799728394
YOL125W,YEL063C,0,-2.7315686,0.09633871912956238,0.9419999718666077,0.8835999965667725
YDR150W,YBR262C,0,-2.7321236,0.09632886946201324,0.9419999718666077,0.8837000131607056
YGL253W,YPR026W,1,-2.7322042,0.0964212715625763,0.9430000185966492,0.8837000131607056
YOR151C,YOR171C,0,-2.7322295,0.09641140699386597,0.9430000185966492,0.8838000297546387
YLR286C,YLR144C,0,-2.732579,0.09640155732631683,0.9430000185966492,0.883899986743927
YIL136W,YGR155W,0,-2.7327328,0.0963917002081871,0.9430000185966492,0.8840000033378601
YGL211W,YDR363W,0,-2.7329674,0.09638185054063797,0.9430000185966492,0.8841000199317932
YJR014W,YGR112W,0,-2.7330449,0.09637200087308884,0.9430000185966492,0.8841999769210815
YDR092W,YGR098C,0,-2.7336195,0.0963621512055397,0.9430000185966492,0.8842999935150146
YDL138W,YDR342C,1,-2.7337303,0.09645447880029678,0.9440000057220459,0.8842999935150146
YMR246W,YJL103C,0,-2.7339995,0.09644462913274765,0.9440000057220459,0.8844000101089478
YOR124C,YBR022W,0,-2.734042,0.09643477201461792,0.9440000057220459,0.8845000267028809
YPR181C,YDR099W,0,-2.7342951,0.09642492234706879,0.9440000057220459,0.8845999836921692
YDL003W,YER021W,0,-2.7344284,0.09641507267951965,0.9440000057220459,0.8847000002861023
YKL020C,YAL021C,0,-2.7349267,0.09640523046255112,0.9440000057220459,0.8848000168800354
YDR200C,YGL256W,0,-2.7350287,0.09639538079500198,0.9440000057220459,0.8848999738693237
YIL110W,YIL120W,0,-2.7360084,0.09638553857803345,0.9440000057220459,0.8849999904632568
YGR289C,YGL104C,1,-2.7361581,0.09647779166698456,0.9449999928474426,0.8849999904632568
YHR016C,YJR160C,0,-2.7362218,0.09646794945001602,0.9449999928474426,0.8851000070571899
YBR001C,YGL206C,0,-2.7364419,0.09645809978246689,0.9449999928474426,0.885200023651123
YER074W,YJR123W,0,-2.7366803,0.09644825756549835,0.9449999928474426,0.8852999806404114
YDR144C,YKR021W,0,-2.7370389,0.09643841534852982,0.9449999928474426,0.8853999972343445
YOR330C,YDR251W,0,-2.737054,0.09642857313156128,0.9449999928474426,0.8855000138282776
YLL019C,YKL046C,0,-2.7372606,0.09641873091459274,0.9449999928474426,0.8855999708175659
YGL104C,YFR053C,1,-2.7374368,0.09651091694831848,0.9459999799728394,0.8855999708175659
YGR262C,YAL021C,0,-2.7374427,0.09650107473134995,0.9459999799728394,0.885699987411499
YKR021W,YKL046C,0,-2.7387319,0.09649122506380081,0.9459999799728394,0.8858000040054321
YJR042W,YMR093W,0,-2.738805,0.09648139029741287,0.9459999799728394,0.8859000205993652
YGL017W,YBR245C,0,-2.7389543,0.09647154808044434,0.9459999799728394,0.8859999775886536
YJR155W,YLL021W,0,-2.739069,0.0964617133140564,0.9459999799728394,0.8860999941825867
YNL261W,YDR142C,0,-2.7391453,0.09645187854766846,0.9459999799728394,0.8862000107765198
YGL210W,YPL169C,0,-2.7391975,0.09644204378128052,0.9459999799728394,0.8863000273704529
YDR375C,YLR266C,0,-2.7392833,0.09643220901489258,0.9459999799728394,0.8863999843597412
YJR125C,YKL020C,0,-2.73992,0.09642238169908524,0.9459999799728394,0.8865000009536743
YDR153C,YGR221C,0,-2.740215,0.0964125543832779,0.9459999799728394,0.8866000175476074
YMR032W,YDR424C,0,-2.740295,0.09640273451805115,0.9459999799728394,0.8866999745368958
YER053C,YNL148C,0,-2.74048,0.0963929072022438,0.9459999799728394,0.8867999911308289
YNL032W,YKR082W,0,-2.740667,0.09638308733701706,0.9459999799728394,0.886900007724762
YDR152W,YJL111W,0,-2.7411306,0.09637326747179031,0.9459999799728394,0.8870000243186951
YDR270W,YGL068W,0,-2.7413003,0.09636344760656357,0.9459999799728394,0.8870999813079834
YHR094C,YBR273C,0,-2.741717,0.09635363519191742,0.9459999799728394,0.8871999979019165
YPR052C,YPL196W,0,-2.7418082,0.09634382277727127,0.9459999799728394,0.8873000144958496
YHR118C,YIR009W,0,-2.741811,0.09633401036262512,0.9459999799728394,0.8873999714851379
YGR169C,YDR350C,0,-2.7418776,0.09632420539855957,0.9459999799728394,0.887499988079071
YHR005C,YBR265W,0,-2.7421324,0.09631439298391342,0.9459999799728394,0.8876000046730042
YMR060C,YIL017C,0,-2.742519,0.09630458801984787,0.9459999799728394,0.8877000212669373
YCR052W,YLR144C,0,-2.7425258,0.09629479050636292,0.9459999799728394,0.8877999782562256
YAR019C,YLR129W,0,-2.742819,0.09628498554229736,0.9459999799728394,0.8878999948501587
YNL088W,YNL118C,0,-2.7437308,0.09627518802881241,0.9459999799728394,0.8880000114440918
YCL032W,YJR014W,0,-2.7437687,0.09626539051532745,0.9459999799728394,0.8881000280380249
YPL244C,YDR345C,1,-2.7438018,0.09635734558105469,0.9470000267028809,0.8881000280380249
YBR296C,YHR183W,0,-2.7438295,0.09634754061698914,0.9470000267028809,0.8881999850273132
YMR109W,YLR450W,0,-2.7439635,0.09633774310350418,0.9470000267028809,0.8883000016212463
YOR239W,YHR005C,0,-2.7442334,0.09632794559001923,0.9470000267028809,0.8884000182151794
YLR002C,YPL259C,0,-2.7442691,0.09631814807653427,0.9470000267028809,0.8884999752044678
YDR229W,YGL137W,0,-2.7443616,0.09630835056304932,0.9470000267028809,0.8885999917984009
YPR041W,YOL137W,0,-2.7443712,0.09629855304956436,0.9470000267028809,0.888700008392334
YOL006C,YPL208W,0,-2.744929,0.09628876298666,0.9470000267028809,0.8888000249862671
YLR166C,YKL170W,0,-2.745169,0.09627897292375565,0.9470000267028809,0.8888999819755554
YJR044C,YDR350C,0,-2.7453268,0.09626919031143188,0.9470000267028809,0.8889999985694885
YLR293C,YOR371C,0,-2.7455275,0.09625940024852753,0.9470000267028809,0.8891000151634216
YLR220W,YKL104C,0,-2.7463984,0.09624961763620377,0.9470000267028809,0.88919997215271
YIL078W,YLR332W,0,-2.7473204,0.09623983502388,0.9470000267028809,0.8892999887466431
YJR092W,YGL200C,0,-2.747786,0.09623005986213684,0.9470000267028809,0.8894000053405762
YGR092W,YLR052W,0,-2.748461,0.09622027724981308,0.9470000267028809,0.8895000219345093
YJR065C,YHR178W,0,-2.7486017,0.09621050208806992,0.9470000267028809,0.8895999789237976
YLR350W,YOL070C,0,-2.7489178,0.09620073437690735,0.9470000267028809,0.8896999955177307
YJR076C,YPR139C,0,-2.748994,0.09619095921516418,0.9470000267028809,0.8898000121116638
YLR371W,YKL064W,0,-2.7492368,0.09618119150400162,0.9470000267028809,0.8899000287055969
YOR016C,YOL070C,0,-2.7497675,0.09617142379283905,0.9470000267028809,0.8899999856948853
YLR066W,YDL146W,0,-2.7498167,0.09616165608167648,0.9470000267028809,0.8901000022888184
YEL006W,YNR043W,0,-2.750197,0.09615189582109451,0.9470000267028809,0.8902000188827515
YOL084W,YKL017C,0,-2.7502646,0.09614213556051254,0.9470000267028809,0.8902999758720398
YDR084C,YGL203C,0,-2.750414,0.09613237529993057,0.9470000267028809,0.8903999924659729
YPL070W,YDR319C,0,-2.7510793,0.0961226150393486,0.9470000267028809,0.890500009059906
YEL056W,YKL188C,0,-2.7513793,0.09611286222934723,0.9470000267028809,0.8906000256538391
YJR005W,YCR038C,0,-2.7519598,0.09610310196876526,0.9470000267028809,0.8906999826431274
YGR084C,YFR024C-A,0,-2.7523286,0.09609335660934448,0.9470000267028809,0.8907999992370605
YOR330C,YIL010W,0,-2.7524788,0.09608360379934311,0.9470000267028809,0.8909000158309937
YMR113W,YLR260W,0,-2.752895,0.09607385843992233,0.9470000267028809,0.890999972820282
YGR083C,YGL065C,0,-2.7530715,0.09606411308050156,0.9470000267028809,0.8910999894142151
YKR087C,YPL017C,0,-2.7531273,0.09605436772108078,0.9470000267028809,0.8912000060081482
YDR308C,YER029C,0,-2.7532134,0.09604462236166,0.9470000267028809,0.8913000226020813
YKL087C,YML001W,0,-2.75343,0.09603488445281982,0.9470000267028809,0.8913999795913696
YNL185C,YGR038W,0,-2.753641,0.09602514654397964,0.9470000267028809,0.8914999961853027
YFR037C,YJL093C,0,-2.7540584,0.09601540863513947,0.9470000267028809,0.8916000127792358
YMR029C,YPL119C,0,-2.7542326,0.09600567817687988,0.9470000267028809,0.891700029373169
YNL110C,YNL080C,0,-2.7546575,0.0959959477186203,0.9470000267028809,0.8917999863624573
YOR371C,YOR362C,0,-2.755764,0.09598621726036072,0.9470000267028809,0.8919000029563904
YLL050C,YBR227C,0,-2.7562683,0.09597648680210114,0.9470000267028809,0.8920000195503235
YHR096C,YIL138C,0,-2.7563577,0.09596676379442215,0.9470000267028809,0.8920999765396118
YBR255W,YIL109C,0,-2.756989,0.09595704078674316,0.9470000267028809,0.8921999931335449
YER159C,YDR229W,0,-2.7570312,0.09594731777906418,0.9470000267028809,0.892300009727478
YDR512C,YLR055C,0,-2.757102,0.09593759477138519,0.9470000267028809,0.8924000263214111
YLR435W,YNL204C,0,-2.75722,0.0959278792142868,0.9470000267028809,0.8924999833106995
YDL235C,YDR373W,0,-2.7574377,0.09591816365718842,0.9470000267028809,0.8925999999046326
YHR086W,YGL203C,0,-2.7580554,0.09590844810009003,0.9470000267028809,0.8927000164985657
YDR144C,YLR188W,0,-2.7582242,0.09589873254299164,0.9470000267028809,0.892799973487854
YPL045W,YPL208W,0,-2.7584848,0.09588902443647385,0.9470000267028809,0.8928999900817871
YOR330C,YNR076W,0,-2.758657,0.09587931632995605,0.9470000267028809,0.8930000066757202
YER157W,YOR058C,0,-2.758918,0.09586960822343826,0.9470000267028809,0.8931000232696533
YMR097C,YGR165W,0,-2.7589877,0.09585990756750107,0.9470000267028809,0.8931999802589417
YBR072W,YNL197C,0,-2.759074,0.09585019946098328,0.9470000267028809,0.8932999968528748
YIR006C,YPL097W,0,-2.759208,0.09584049880504608,0.9470000267028809,0.8934000134468079
YMR036C,YCR086W,0,-2.7601492,0.09583080559968948,0.9470000267028809,0.8934999704360962
YCR067C,YML001W,0,-2.7611735,0.09582110494375229,0.9470000267028809,0.8935999870300293
YFL002C,YDR105C,0,-2.7612572,0.09581141173839569,0.9470000267028809,0.8937000036239624
YBR296C,YLL050C,0,-2.7615206,0.09580171853303909,0.9470000267028809,0.8938000202178955
YML120C,YNL118C,0,-2.7615635,0.09579203277826309,0.9470000267028809,0.8938999772071838
YPR131C,YLR430W,0,-2.7617238,0.0957823395729065,0.9470000267028809,0.8939999938011169
YOL111C,YGL137W,0,-2.7617452,0.0957726538181305,0.9470000267028809,0.89410001039505
YML127W,YLR191W,0,-2.76209,0.09576296806335449,0.9470000267028809,0.8942000269889832
YOR148C,YMR032W,0,-2.7624025,0.09575328975915909,0.9470000267028809,0.8942999839782715
YKR021W,YPL037C,0,-2.7627149,0.09574360400438309,0.9470000267028809,0.8944000005722046
YLR298C,YHL007C,0,-2.7628577,0.09573392570018768,0.9470000267028809,0.8945000171661377
YGR044C,YBL030C,0,-2.7634027,0.09572424739599228,0.9470000267028809,0.894599974155426
YOR151C,YIL124W,0,-2.7634637,0.09571457654237747,0.9470000267028809,0.8946999907493591
YLR293C,YLR223C,0,-2.7637649,0.09570489823818207,0.9470000267028809,0.8948000073432922
YDL155W,YMR091C,0,-2.7638228,0.09569522738456726,0.9470000267028809,0.8949000239372253
YNL081C,YJL111W,0,-2.7638686,0.09568556398153305,0.9470000267028809,0.8949999809265137
YER166W,YPR166C,0,-2.764169,0.09567589312791824,0.9470000267028809,0.8950999975204468
YOL008W,YDL054C,0,-2.7641761,0.09566622972488403,0.9470000267028809,0.8952000141143799
YJL094C,YMR241W,0,-2.764439,0.09565656632184982,0.9470000267028809,0.8952999711036682
YNL125C,YLR390W,0,-2.7648048,0.09564690291881561,0.9470000267028809,0.8953999876976013
YJR031C,YHR176W,0,-2.7650387,0.095637246966362,0.9470000267028809,0.8955000042915344
YGL025C,YLR188W,0,-2.765991,0.09562759101390839,0.9470000267028809,0.8956000208854675
YJR014W,YPL040C,0,-2.7660332,0.09561793506145477,0.9470000267028809,0.8956999778747559
YEL016C,YJL140W,0,-2.766504,0.09560827910900116,0.9470000267028809,0.895799994468689
YMR238W,YLR270W,0,-2.7667284,0.09559863060712814,0.9470000267028809,0.8959000110626221
YFL036W,YER059W,0,-2.766741,0.09558897465467453,0.9470000267028809,0.8960000276565552
YOR046C,YOL115W,0,-2.7667978,0.09557932615280151,0.9470000267028809,0.8960999846458435
YOR039W,YDR473C,0,-2.7671947,0.0955696851015091,0.9470000267028809,0.8962000012397766
YDL024C,YDL051W,0,-2.7672584,0.09556004405021667,0.9470000267028809,0.8963000178337097
YDR342C,YJL020C,0,-2.7678592,0.09555039554834366,0.9470000267028809,0.896399974822998
YJR158W,YER039C,1,-2.7688887,0.09564164280891418,0.9480000138282776,0.896399974822998
YPR028W,YCR002C,0,-2.7692358,0.09563200175762177,0.9480000138282776,0.8964999914169312
YOR064C,YPL196W,0,-2.7696836,0.09562235325574875,0.9480000138282776,0.8966000080108643
YMR077C,YGR085C,0,-2.7697225,0.09561270475387573,0.9480000138282776,0.8967000246047974
YGL178W,YPR029C,0,-2.7705386,0.09560306370258331,0.9480000138282776,0.8967999815940857
YJR113C,YDR223W,0,-2.7705612,0.0955934226512909,0.9480000138282776,0.8968999981880188
YER012W,YLR369W,0,-2.7706234,0.09558378905057907,0.9480000138282776,0.8970000147819519
YCL032W,YNR054C,0,-2.7707102,0.09557414799928665,0.9480000138282776,0.8970999717712402
YOR124C,YBR279W,0,-2.7707453,0.09556451439857483,0.9480000138282776,0.8971999883651733
YJR010C-A,YPR184W,0,-2.7707627,0.095554880797863,0.9480000138282776,0.8973000049591064
YEL047C,YAR007C,0,-2.7708848,0.09554525464773178,0.9480000138282776,0.8974000215530396
YGL073W,YOR046C,0,-2.7709386,0.09553562104701996,0.9480000138282776,0.8974999785423279
YER012W,YLR357W,0,-2.7710783,0.09552599489688873,0.9480000138282776,0.897599995136261
YOR288C,YLR204W,0,-2.7713778,0.0955163761973381,0.9480000138282776,0.8977000117301941
YHR096C,YDR536W,1,-2.7716844,0.09560749679803848,0.9490000009536743,0.8977000117301941
YDR032C,YDR099W,0,-2.7719655,0.09559786319732666,0.9490000009536743,0.8978000283241272
YNL132W,YDL065C,0,-2.772256,0.09558823704719543,0.9490000009536743,0.8978999853134155
YHR096C,YHR094C,1,-2.773134,0.09567932039499283,0.949999988079071,0.8978999853134155
YEL020W-A,YLR337C,0,-2.7732694,0.095669686794281,0.949999988079071,0.8980000019073486
YFR024C-A,YLR450W,0,-2.77332,0.09566005319356918,0.949999988079071,0.8981000185012817
YML038C,YER039C,1,-2.773846,0.09575110673904419,0.9509999752044678,0.8981000185012817
YBL060W,YEL056W,0,-2.7739694,0.09574146568775177,0.9509999752044678,0.8981999754905701
YPL210C,YLR119W,0,-2.7747424,0.09573183208703995,0.9509999752044678,0.8982999920845032
YDR181C,YDR524C,0,-2.7748182,0.09572219103574753,0.9509999752044678,0.8984000086784363
YOR064C,YGR101W,0,-2.7753098,0.0957125574350357,0.9509999752044678,0.8985000252723694
YLR304C,YOL117W,0,-2.7754018,0.09570293128490448,0.9509999752044678,0.8985999822616577
YNR053C,YOR178C,0,-2.7764475,0.09569329768419266,0.9509999752044678,0.8986999988555908
YPL221W,YGR262C,0,-2.7764513,0.09568367153406143,0.9509999752044678,0.8988000154495239
YEL056W,YJR076C,0,-2.7772167,0.0956740453839302,0.9509999752044678,0.8988999724388123
YOL049W,YPL196W,0,-2.777335,0.09566441923379898,0.9509999752044678,0.8989999890327454
YPR041W,YNR054C,0,-2.7776492,0.09565480053424835,0.9509999752044678,0.8991000056266785
YFL037W,YNL118C,0,-2.7776513,0.09564517438411713,0.9509999752044678,0.8992000222206116
YHR036W,YLR265C,0,-2.777866,0.0956355556845665,0.9509999752044678,0.8992999792098999
YAL051W,YMR301C,0,-2.778001,0.09562594443559647,0.9509999752044678,0.899399995803833
YOR016C,YDR182W,0,-2.7782829,0.09561632573604584,0.9509999752044678,0.8995000123977661
YDR260C,YJR140C,0,-2.7787335,0.0956067144870758,0.9509999752044678,0.8996000289916992
YGL123W,YPR102C,0,-2.7789361,0.09559710323810577,0.9509999752044678,0.8996999859809875
YDL066W,YCL052C,0,-2.7790658,0.09558749943971634,0.9509999752044678,0.8998000025749207
YBR007C,YDL225W,0,-2.7795298,0.09557788819074631,0.9509999752044678,0.8999000191688538
YER012W,YNL101W,0,-2.77964,0.09556828439235687,0.9509999752044678,0.8999999761581421
YPR149W,YDR519W,0,-2.7797663,0.09555868059396744,0.9509999752044678,0.9000999927520752
YDL085W,YNL005C,0,-2.7805684,0.0955490842461586,0.9509999752044678,0.9002000093460083
YHR036W,YMR294W,0,-2.7807186,0.09553948044776917,0.9509999752044678,0.9003000259399414
YDL123W,YGL001C,0,-2.781159,0.09552988409996033,0.9509999752044678,0.9003999829292297
YLR051C,YBR173C,0,-2.7815728,0.09552028775215149,0.9509999752044678,0.9004999995231628
YGR284C,YGL017W,0,-2.7817543,0.09551069885492325,0.9509999752044678,0.900600016117096
YPL241C,YPL196W,0,-2.7821481,0.09550110250711441,0.9509999752044678,0.9006999731063843
YBL054W,YGR058W,0,-2.7825134,0.09549151360988617,0.9509999752044678,0.9007999897003174
YLR015W,YBR060C,0,-2.782875,0.09548192471265793,0.9509999752044678,0.9009000062942505
YKL062W,YLR203C,0,-2.7828915,0.09547234326601028,0.9509999752044678,0.9010000228881836
YKL108W,YNL118C,0,-2.7829828,0.09546276181936264,0.9509999752044678,0.9010999798774719
YGR135W,YJL097W,0,-2.783363,0.095453180372715,0.9509999752044678,0.901199996471405
YDR080W,YPL128C,0,-2.7834828,0.09544359892606735,0.9509999752044678,0.9013000130653381
YDR463W,YER132C,0,-2.7838228,0.09543401747941971,0.9509999752044678,0.9014000296592712
YLR425W,YBR255W,0,-2.7841623,0.09542444348335266,0.9509999752044678,0.9014999866485596
YLR355C,YGL184C,0,-2.7854397,0.09541486948728561,0.9509999752044678,0.9016000032424927
YKL006W,YPR107C,0,-2.7856152,0.09540529549121857,0.9509999752044678,0.9017000198364258
YPL189W,YHR094C,1,-2.786037,0.0954960361123085,0.9520000219345093,0.9017000198364258
YDR342C,YPR139C,0,-2.7861478,0.09548646211624146,0.9520000219345093,0.9017999768257141
YLR097C,YLR095C,0,-2.7871048,0.09547688066959381,0.9520000219345093,0.9018999934196472
YGR169C,YDR363W,0,-2.7879155,0.09546730667352676,0.9520000219345093,0.9020000100135803
YKL170W,YOR362C,0,-2.7888196,0.09545773267745972,0.9520000219345093,0.9021000266075134
YJL161W,YDL229W,0,-2.7891676,0.09544816613197327,0.9520000219345093,0.9021999835968018
YDL159W,YPR145W,0,-2.789528,0.09543859958648682,0.9520000219345093,0.9023000001907349
YDR424C,YJR092W,0,-2.7897108,0.09542903304100037,0.9520000219345093,0.902400016784668
YNL103W,YGR155W,0,-2.789712,0.09541946649551392,0.9520000219345093,0.9024999737739563
YOR115C,YHR096C,0,-2.790116,0.09540989995002747,0.9520000219345093,0.9025999903678894
YDR524C,YJR032W,0,-2.7904255,0.09540034085512161,0.9520000219345093,0.9027000069618225
YJL047C,YDR200C,0,-2.7917602,0.09539078176021576,0.9520000219345093,0.9028000235557556
YER098W,YMR239C,0,-2.7929285,0.0953812226653099,0.9520000219345093,0.902899980545044
YER015W,YJL072C,0,-2.7929804,0.09537167102098465,0.9520000219345093,0.902999997138977
YKL185W,YLR304C,0,-2.7930858,0.0953621119260788,0.9520000219345093,0.9031000137329102
YPL043W,YJL052W,0,-2.7933881,0.09535256773233414,0.9520000219345093,0.9031999707221985
YJR075W,YOL102C,0,-2.7934182,0.09534301608800888,0.9520000219345093,0.9032999873161316
YBR278W,YKL170W,0,-2.7937634,0.09533346444368362,0.9520000219345093,0.9034000039100647
YLR219W,YMR278W,0,-2.7940307,0.09532392024993896,0.9520000219345093,0.9035000205039978
YER125W,YGL119W,0,-2.7943497,0.0953143760561943,0.9520000219345093,0.9035999774932861
YJL030W,YFR037C,0,-2.795451,0.09530483186244965,0.9520000219345093,0.9036999940872192
YHL013C,YNL005C,0,-2.7954905,0.09529529511928558,0.9520000219345093,0.9038000106811523
YBR095C,YGR089W,0,-2.795629,0.09528575837612152,0.9520000219345093,0.9039000272750854
YCL043C,YDR373W,0,-2.7971509,0.09527622163295746,0.9520000219345093,0.9039999842643738
YOR148C,YNL273W,0,-2.7980883,0.0952666848897934,0.9520000219345093,0.9041000008583069
YGL224C,YNL029C,0,-2.7984157,0.09525715559720993,0.9520000219345093,0.90420001745224
YDR524C,YDR473C,0,-2.7989597,0.09524762630462646,0.9520000219345093,0.9042999744415283
YDR016C,YPL161C,0,-2.7990212,0.095238097012043,0.9520000219345093,0.9043999910354614
YPR026W,YPL244C,1,-2.7992368,0.09532859921455383,0.953000009059906,0.9043999910354614
YLR219W,YDR354W,0,-2.7994268,0.09531906247138977,0.953000009059906,0.9045000076293945
YGL166W,YER183C,0,-2.7994373,0.0953095331788063,0.953000009059906,0.9046000242233276
YDL225W,YLR203C,0,-2.799667,0.09529999643564224,0.953000009059906,0.904699981212616
YDR103W,YGL137W,0,-2.7997983,0.09529047459363937,0.953000009059906,0.9047999978065491
YDR343C,YDR345C,1,-2.8000534,0.09538092464208603,0.9539999961853027,0.9047999978065491
YPR171W,YIL145C,0,-2.8003442,0.09537138789892197,0.9539999961853027,0.9049000144004822
YKR094C,YIL017C,0,-2.8004887,0.0953618586063385,0.9539999961853027,0.9049999713897705
YLR242C,YGL213C,0,-2.801142,0.09535232186317444,0.9539999961853027,0.9050999879837036
YJL053W,YOR007C,0,-2.8019106,0.09534279257059097,0.9539999961853027,0.9052000045776367
YGR123C,YDR513W,0,-2.802626,0.09533326327800751,0.9539999961853027,0.9053000211715698
YHR031C,YGL065C,0,-2.802747,0.09532374143600464,0.9539999961853027,0.9053999781608582
YLL039C,YBR059C,0,-2.803043,0.09531421959400177,0.9539999961853027,0.9054999947547913
YBL060W,YEL064C,0,-2.8030894,0.0953046977519989,0.9539999961853027,0.9056000113487244
YDR032C,YGL054C,0,-2.8037415,0.09529517590999603,0.9539999961853027,0.9057000279426575
YOR158W,YPR171W,0,-2.803786,0.09528565406799316,0.9539999961853027,0.9057999849319458
YGR096W,YGL233W,0,-2.805871,0.09527613967657089,0.9539999961853027,0.9059000015258789
YDR342C,YDR345C,1,-2.8061647,0.09536648541688919,0.9549999833106995,0.9059000015258789
YLR220W,YPL196W,0,-2.8062682,0.09535696357488632,0.9549999833106995,0.906000018119812
YGR038W,YNL308C,0,-2.8069725,0.09534744173288345,0.9549999833106995,0.9060999751091003
YGL084C,YGL104C,1,-2.8070157,0.09543775767087936,0.9559999704360962,0.9060999751091003
YJL030W,YGL210W,0,-2.8078375,0.0954282283782959,0.9559999704360962,0.9061999917030334
YKL108W,YDR279W,0,-2.8083239,0.09541870653629303,0.9559999704360962,0.9063000082969666
YOR145C,YBL025W,0,-2.8085647,0.09540918469429016,0.9559999704360962,0.9064000248908997
YJL179W,YKL085W,0,-2.8091686,0.09539966285228729,0.9559999704360962,0.906499981880188
YBR001C,YNL131W,0,-2.8098598,0.09539014101028442,0.9559999704360962,0.9065999984741211
YOL125W,YMR227C,0,-2.8101602,0.09538062661886215,0.9559999704360962,0.9067000150680542
YJL061W,YDL003W,0,-2.8103192,0.09537111222743988,0.9559999704360962,0.9067999720573425
YNL164C,YNL132W,0,-2.8105342,0.09536159783601761,0.9559999704360962,0.9068999886512756
YGL145W,YBR227C,0,-2.8107052,0.09535208344459534,0.9559999704360962,0.9070000052452087
YDL102W,YGR098C,0,-2.810983,0.09534257650375366,0.9559999704360962,0.9071000218391418
YER157W,YAL017W,0,-2.81168,0.09533306956291199,0.9559999704360962,0.9071999788284302
YDR120C,YKL020C,0,-2.811917,0.09532356262207031,0.9559999704360962,0.9072999954223633
YNL039W,YDL159W,0,-2.8119333,0.09531405568122864,0.9559999704360962,0.9074000120162964
YLR191W,YHR043C,0,-2.812812,0.09530455619096756,0.9559999704360962,0.9075000286102295
YKL185W,YDR384C,0,-2.8129213,0.09529505670070648,0.9559999704360962,0.9075999855995178
YKL185W,YMR278W,0,-2.8144283,0.0952855572104454,0.9559999704360962,0.9077000021934509
YMR097C,YBR059C,0,-2.8146598,0.09527605772018433,0.9559999704360962,0.907800018787384
YDR512C,YOR039W,0,-2.8152971,0.09526656568050385,0.9559999704360962,0.9078999757766724
YCL005W,YGR047C,0,-2.8153427,0.09525707364082336,0.9559999704360962,0.9079999923706055
YDR289C,YDL015C,0,-2.8158753,0.09524758160114288,0.9559999704360962,0.9081000089645386
YBL030C,YOR084W,0,-2.8162768,0.095238097012043,0.9559999704360962,0.9082000255584717
YBL057C,YHR042W,0,-2.816313,0.09522860497236252,0.9559999704360962,0.90829998254776
YOR014W,YKL067W,0,-2.8167403,0.09521912038326263,0.9559999704360962,0.9083999991416931
YGR101W,YLR097C,0,-2.8170173,0.09520964324474335,0.9559999704360962,0.9085000157356262
YBR236C,YDL007W,0,-2.818435,0.09520015865564346,0.9559999704360962,0.9085999727249146
YLR220W,YOL122C,0,-2.8197503,0.09519068151712418,0.9559999704360962,0.9086999893188477
YHR036W,YJL110C,0,-2.8200936,0.09518120437860489,0.9559999704360962,0.9088000059127808
YGR264C,YIL048W,0,-2.820366,0.0951717272400856,0.9559999704360962,0.9089000225067139
YDL085W,YPL210C,0,-2.8203902,0.09516225010156631,0.9559999704360962,0.9089999794960022
YDR202C,YBR262C,0,-2.8205574,0.09515278041362762,0.9559999704360962,0.9090999960899353
YJL047C,YDR454C,0,-2.8212223,0.09514331072568893,0.9559999704360962,0.9092000126838684
YLR096W,YLR399C,0,-2.8215663,0.09513384103775024,0.9559999704360962,0.9093000292778015
YBR146W,YGR181W,0,-2.8218656,0.09512437880039215,0.9559999704360962,0.9093999862670898
YJL091C,YDL015C,0,-2.8230617,0.09511491656303406,0.9559999704360962,0.909500002861023
YOR243C,YGL211W,0,-2.8232768,0.09510545432567596,0.9559999704360962,0.909600019454956
YJL155C,YBR202W,0,-2.824639,0.09509599208831787,0.9559999704360962,0.9096999764442444
YGL027C,YIL109C,0,-2.8247907,0.09508652985095978,0.9559999704360962,0.9097999930381775
YFR037C,YJL103C,0,-2.8248417,0.09507707506418228,0.9559999704360962,0.9099000096321106
YBR298C,YDR342C,1,-2.8253613,0.09516706317663193,0.9570000171661377,0.9099000096321106
YGL233W,YOR310C,0,-2.8260624,0.09515760093927383,0.9570000171661377,0.9100000262260437
YPL026C,YPL244C,1,-2.8260806,0.09524756669998169,0.9580000042915344,0.9100000262260437
YBR029C,YNL321W,0,-2.826163,0.095238097012043,0.9580000042915344,0.910099983215332
YML120C,YGR262C,0,-2.8267314,0.09522862732410431,0.9580000042915344,0.9101999998092651
YLR204W,YGL256W,0,-2.8282144,0.09521916508674622,0.9580000042915344,0.9103000164031982
YDR277C,YHR096C,1,-2.8284976,0.09530908614397049,0.9589999914169312,0.9103000164031982
YOR231W,YFR024C-A,0,-2.8286674,0.0952996090054512,0.9589999914169312,0.9103999733924866
YJL020C,YHR109W,0,-2.829064,0.09529014676809311,0.9589999914169312,0.9104999899864197
YKL170W,YAL060W,0,-2.8292463,0.09528067708015442,0.9589999914169312,0.9106000065803528
YDR439W,YJL097W,0,-2.8292825,0.09527120739221573,0.9589999914169312,0.9107000231742859
YOL089C,YGL200C,0,-2.8294644,0.09526174515485764,0.9589999914169312,0.9107999801635742
YOR213C,YDR251W,0,-2.8296983,0.09525228291749954,0.9589999914169312,0.9108999967575073
YKL062W,YLL021W,0,-2.8302014,0.09524282813072205,0.9589999914169312,0.9110000133514404
YCL034W,YPL017C,0,-2.8305373,0.09523336589336395,0.9589999914169312,0.9110999703407288
YLR375W,YDL036C,0,-2.830572,0.09522391110658646,0.9589999914169312,0.9111999869346619
YDR422C,YLR246W,0,-2.830744,0.09521445631980896,0.9589999914169312,0.911300003528595
YHR064C,YKL189W,0,-2.8308122,0.09520500153303146,0.9589999914169312,0.9114000201225281
YLR099C,YLL002W,0,-2.8310084,0.09519555419683456,0.9589999914169312,0.9114999771118164
YJL053W,YKL175W,0,-2.8313148,0.09518610686063766,0.9589999914169312,0.9115999937057495
YMR036C,YGL001C,0,-2.8317726,0.09517665952444077,0.9589999914169312,0.9117000102996826
YFR042W,YBL037W,0,-2.8319952,0.09516721218824387,0.9589999914169312,0.9118000268936157
YDR197W,YFR042W,0,-2.8325336,0.09515777230262756,0.9589999914169312,0.911899983882904
YOR014W,YKL099C,0,-2.8326335,0.09514832496643066,0.9589999914169312,0.9120000004768372
YDR310C,YOL049W,0,-2.8327496,0.09513889253139496,0.9589999914169312,0.9121000170707703
YPL003W,YBR202W,0,-2.8337576,0.09512945264577866,0.9589999914169312,0.9121999740600586
YHR062C,YEL049W,0,-2.83408,0.09512001276016235,0.9589999914169312,0.9122999906539917
YBR171W,YMR294W,0,-2.8347082,0.09511058032512665,0.9589999914169312,0.9124000072479248
YJR059W,YBL018C,0,-2.834738,0.09510114789009094,0.9589999914169312,0.9125000238418579
YPL210C,YNL041C,0,-2.8348956,0.09509172290563583,0.9589999914169312,0.9125999808311462
YPL221W,YOL070C,0,-2.8351943,0.09508229047060013,0.9589999914169312,0.9126999974250793
YPL043W,YDR099W,0,-2.835337,0.09507286548614502,0.9589999914169312,0.9128000140190125
YBR298C,YMR011W,1,-2.8354354,0.09516257047653198,0.9599999785423279,0.9128000140190125
YKL067W,YML088W,0,-2.8355634,0.09515313804149628,0.9599999785423279,0.9128999710083008
YGR002C,YNL112W,0,-2.8358226,0.09514370560646057,0.9599999785423279,0.9129999876022339
YGL084C,YLL043W,1,-2.8358877,0.09523337334394455,0.9610000252723694,0.9129999876022339
YGL106W,YGR098C,0,-2.8359866,0.09522394090890884,0.9610000252723694,0.913100004196167
YBR189W,YPL249C-A,0,-2.8361244,0.09521450847387314,0.9610000252723694,0.9132000207901001
YNL063W,YML086C,0,-2.8366408,0.09520507603883743,0.9610000252723694,0.9132999777793884
YCL043C,YKL054C,0,-2.837336,0.09519564360380173,0.9610000252723694,0.9133999943733215
YGR084C,YHL019C,0,-2.8373537,0.09518621116876602,0.9610000252723694,0.9135000109672546
YML127W,YOL117W,0,-2.8374145,0.09517678618431091,0.9610000252723694,0.9136000275611877
YER166W,YLR369W,0,-2.8383276,0.0951673611998558,0.9610000252723694,0.9136999845504761
YBR302C,YER070W,0,-2.8386886,0.0951579362154007,0.9610000252723694,0.9138000011444092
YOR143C,YDL044C,0,-2.8388364,0.09514851123094559,0.9610000252723694,0.9139000177383423
YBR060C,YNL118C,0,-2.8389733,0.09513909369707108,0.9610000252723694,0.9139999747276306
YKL175W,YNL005C,0,-2.8395278,0.09512967616319656,0.9610000252723694,0.9140999913215637
YDR103W,YKL020C,0,-2.8405497,0.09512025862932205,0.9610000252723694,0.9142000079154968
YIL076W,YCR002C,0,-2.8413794,0.09511084854602814,0.9610000252723694,0.9143000245094299
YLL015W,YHL007C,0,-2.841473,0.09510143846273422,0.9610000252723694,0.9143999814987183
YCL032W,YGR109C,0,-2.8420994,0.09509202092885971,0.9610000252723694,0.9144999980926514
YHR031C,YKL110C,0,-2.8421562,0.09508261829614639,0.9610000252723694,0.9146000146865845
YGR174C,YOL008W,0,-2.8427436,0.09507320821285248,0.9610000252723694,0.9146999716758728
YGR057C,YLR223C,0,-2.8430727,0.09506380558013916,0.9610000252723694,0.9147999882698059
YDR032C,YLR095C,0,-2.8433094,0.09505440294742584,0.9610000252723694,0.914900004863739
YDR422C,YNL258C,0,-2.843724,0.09504500031471252,0.9610000252723694,0.9150000214576721
YDR310C,YIR009W,0,-2.8443563,0.0950355976819992,0.9610000252723694,0.9150999784469604
YAR033W,YGR188C,0,-2.8443642,0.09502620249986649,0.9610000252723694,0.9151999950408936
YML059C,YLR430W,0,-2.8452349,0.09501680731773376,0.9610000252723694,0.9153000116348267
YJR059W,YGR020C,0,-2.8456259,0.09500741213560104,0.9610000252723694,0.9154000282287598
YLR051C,YJL161W,0,-2.8458698,0.09499802440404892,0.9610000252723694,0.9154999852180481
YIL143C,YGL200C,0,-2.8458817,0.0949886366724968,0.9610000252723694,0.9156000018119812
YDL098C,YNL112W,0,-2.8464906,0.09497924149036407,0.9610000252723694,0.9157000184059143
YLR096W,YJL074C,0,-2.846889,0.09496986120939255,0.9610000252723694,0.9157999753952026
YGR132C,YMR260C,0,-2.8474944,0.09496047347784042,0.9610000252723694,0.9158999919891357
YPL244C,YHR092C,1,-2.8477514,0.0950498953461647,0.9620000123977661,0.9158999919891357
YDL102W,YBR007C,0,-2.8481233,0.09504050761461258,0.9620000123977661,0.9160000085830688
YKL184W,YOR084W,0,-2.8484206,0.09503111988306046,0.9620000123977661,0.916100025177002
YKL104C,YJR076C,0,-2.8487914,0.09502173215150833,0.9620000123977661,0.9161999821662903
YNL041C,YKL008C,0,-2.8490756,0.09501234441995621,0.9620000123977661,0.9162999987602234
YJL142C,YKL170W,0,-2.8505437,0.09500296413898468,0.9620000123977661,0.9164000153541565
YNL308C,YHR155W,0,-2.8508801,0.09499358385801315,0.9620000123977661,0.9164999723434448
YNL293W,YBL037W,0,-2.851122,0.09498420357704163,0.9620000123977661,0.9165999889373779
YGR002C,YJR041C,0,-2.851211,0.0949748232960701,0.9620000123977661,0.916700005531311
YMR213W,YJL111W,0,-2.8518922,0.09496545046567917,0.9620000123977661,0.9168000221252441
YPR160W,YNL321W,0,-2.8521662,0.09495607763528824,0.9620000123977661,0.9168999791145325
YDR524C,YLR371W,0,-2.8522592,0.09494670480489731,0.9620000123977661,0.9169999957084656
YKL185W,YIL048W,0,-2.8527515,0.09493733197450638,0.9620000123977661,0.9171000123023987
YLR369W,YLR223C,0,-2.8535492,0.09492796659469604,0.9620000123977661,0.9172000288963318
YJL110C,YMR227C,0,-2.8541121,0.09491860121488571,0.9620000123977661,0.9172999858856201
YNL204C,YMR260C,0,-2.8541381,0.09490923583507538,0.9620000123977661,0.9174000024795532
YDR368W,YOR247W,0,-2.854429,0.09489987045526505,0.9620000123977661,0.9175000190734863
YGL137W,YJL153C,0,-2.8545659,0.09489051252603531,0.9620000123977661,0.9175999760627747
YLR403W,YOR014W,0,-2.8561542,0.09488115459680557,0.9620000123977661,0.9176999926567078
YGL206C,YGR038W,0,-2.8563564,0.09487179666757584,0.9620000123977661,0.9178000092506409
YGL091C,YJL053W,0,-2.8563707,0.0948624387383461,0.9620000123977661,0.917900025844574
YEL064C,YLR246W,0,-2.8565028,0.09485308825969696,0.9620000123977661,0.9179999828338623
YJL026W,YMR278W,0,-2.8566344,0.09484373778104782,0.9620000123977661,0.9180999994277954
YJR072C,YJL110C,0,-2.857221,0.09483438730239868,0.9620000123977661,0.9182000160217285
YNL242W,YPL010W,0,-2.8573906,0.09482503682374954,0.9620000123977661,0.9182999730110168
YFL037W,YDR513W,0,-2.85774,0.094815693795681,0.9620000123977661,0.91839998960495
YGL119W,YDR103W,0,-2.8579834,0.09480634331703186,0.9620000123977661,0.9185000061988831
YKR086W,YFL049W,0,-2.8585813,0.09479700773954391,0.9620000123977661,0.9186000227928162
YJL161W,YNL065W,0,-2.8586147,0.09478766471147537,0.9620000123977661,0.9186999797821045
YIL110W,YLR382C,0,-2.8586226,0.09477832168340683,0.9620000123977661,0.9187999963760376
YJR127C,YML001W,0,-2.8589022,0.09476898610591888,0.9620000123977661,0.9189000129699707
YCL008C,YML086C,0,-2.8591917,0.09475965052843094,0.9620000123977661,0.9190000295639038
YML070W,YLR220W,0,-2.859557,0.09475032240152359,0.9620000123977661,0.9190999865531921
YER039C,YDR342C,1,-2.8599741,0.09483946859836578,0.9629999995231628,0.9190999865531921
YJL061W,YBR179C,0,-2.8602989,0.09483013302087784,0.9629999995231628,0.9192000031471252
YNL097C,YBR022W,0,-2.8608644,0.09482079744338989,0.9629999995231628,0.9193000197410583
YKL054C,YLR382C,0,-2.8609776,0.09481146186590195,0.9629999995231628,0.9193999767303467
YGL111W,YBL060W,0,-2.8613646,0.094802126288414,0.9629999995231628,0.9194999933242798
YMR113W,YFR043C,0,-2.8614247,0.09479279816150665,0.9629999995231628,0.9196000099182129
YJR060W,YBR014C,0,-2.8617046,0.09478346258401871,0.9629999995231628,0.919700026512146
YCR096C,YGL094C,0,-2.8627594,0.09477413445711136,0.9629999995231628,0.9197999835014343
YIL120W,YDR315C,0,-2.863014,0.0947648137807846,0.9629999995231628,0.9199000000953674
YDL194W,YPR131C,0,-2.8636086,0.09475548565387726,0.9629999995231628,0.9200000166893005
YDR289C,YKL003C,0,-2.8636525,0.0947461649775505,0.9629999995231628,0.9200999736785889
YGL106W,YGR020C,0,-2.8652637,0.09473684430122375,0.9629999995231628,0.920199990272522
YCR003W,YLR099C,0,-2.8654675,0.094727523624897,0.9629999995231628,0.9203000068664551
YGL025C,YLR120C,0,-2.8658297,0.09471820294857025,0.9629999995231628,0.9204000234603882
YGL019W,YGR206W,0,-2.8658764,0.0947088897228241,0.9629999995231628,0.9204999804496765
YLR404W,YDL225W,0,-2.8666446,0.09469957649707794,0.9629999995231628,0.9205999970436096
YMR233W,YJL133W,0,-2.8668907,0.09469026327133179,0.9629999995231628,0.9207000136375427
YNR001C,YOL101C,0,-2.86745,0.09468095749616623,0.9629999995231628,0.920799970626831
YER020W,YLR188W,0,-2.8678362,0.09467164427042007,0.9629999995231628,0.9208999872207642
YEL015W,YOL137W,0,-2.8684003,0.09466233849525452,0.9629999995231628,0.9210000038146973
YOL151W,YJL167W,0,-2.8685672,0.09465304017066956,0.9629999995231628,0.9211000204086304
YOL151W,YLR204W,0,-2.868747,0.094643734395504,0.9629999995231628,0.9211999773979187
YOL102C,YGR084C,0,-2.8690927,0.09463443607091904,0.9629999995231628,0.9212999939918518
YOR163W,YGR220C,0,-2.8697395,0.09462513774633408,0.9629999995231628,0.9214000105857849
YBL023C,YLL003W,0,-2.8697984,0.09461583942174911,0.9629999995231628,0.921500027179718
YKL140W,YNL066W,0,-2.8700545,0.09460654109716415,0.9629999995231628,0.9215999841690063
YLR002C,YPL166W,0,-2.8701892,0.09459725022315979,0.9629999995231628,0.9217000007629395
YGL084C,YDR342C,1,-2.8706071,0.09468618035316467,0.9639999866485596,0.9217000007629395
YLR425W,YDR392W,0,-2.870796,0.09467688202857971,0.9639999866485596,0.9218000173568726
YKL062W,YKL144C,0,-2.8724148,0.09466758370399475,0.9639999866485596,0.9218999743461609
YOR137C,YNR043W,0,-2.8726935,0.09465828537940979,0.9639999866485596,0.921999990940094
YHR135C,YJR117W,0,-2.8728452,0.09464899450540543,0.9639999866485596,0.9221000075340271
YCR092C,YBR227C,0,-2.873007,0.09463970363140106,0.9639999866485596,0.9222000241279602
YIL033C,YKL170W,0,-2.8740327,0.0946304127573967,0.9639999866485596,0.9222999811172485
YDL103C,YLR337C,0,-2.874047,0.09462112188339233,0.9639999866485596,0.9223999977111816
YOR059C,YCR067C,0,-2.874329,0.09461183845996857,0.9639999866485596,0.9225000143051147
YMR032W,YLR319C,0,-2.874768,0.0946025550365448,0.9639999866485596,0.9225999712944031
YOR260W,YPL055C,0,-2.8749504,0.09459327161312103,0.9639999866485596,0.9226999878883362
YDR477W,YFR053C,0,-2.8752356,0.09458398818969727,0.9639999866485596,0.9228000044822693
YDL100C,YMR305C,0,-2.8762043,0.0945747047662735,0.9639999866485596,0.9229000210762024
YBR110W,YBL064C,0,-2.876303,0.09456542879343033,0.9639999866485596,0.9229999780654907
YPR141C,YEL049W,0,-2.87634,0.09455615282058716,0.9639999866485596,0.9230999946594238
YMR077C,YLR319C,0,-2.8763824,0.09454688429832458,0.9639999866485596,0.9232000112533569
YMR113W,YJL011C,0,-2.8773184,0.09453760832548141,0.9639999866485596,0.92330002784729
YGL178W,YOR047C,0,-2.8774197,0.09452833980321884,0.9639999866485596,0.9233999848365784
YOR039W,YMR021C,0,-2.8788598,0.09451907128095627,0.9639999866485596,0.9235000014305115
YIL103W,YIL112W,0,-2.8792799,0.0945098027586937,0.9639999866485596,0.9236000180244446
YCR038C,YLR418C,0,-2.879304,0.09450054168701172,0.9639999866485596,0.9236999750137329
YKL108W,YHL007C,0,-2.8795607,0.09449127316474915,0.9639999866485596,0.923799991607666
YGR101W,YBR050C,0,-2.8796823,0.09448201209306717,0.9639999866485596,0.9239000082015991
YIL138C,YPR184W,0,-2.880323,0.09447275847196579,0.9639999866485596,0.9240000247955322
YER125W,YNL131W,0,-2.8806725,0.09446349740028381,0.9639999866485596,0.9240999817848206
YMR036C,YLR204W,0,-2.8807495,0.09445424377918243,0.9639999866485596,0.9241999983787537
YKR024C,YNL041C,0,-2.881252,0.09444499015808105,0.9639999866485596,0.9243000149726868
YAL001C,YBL056W,0,-2.881263,0.09443573653697968,0.9639999866485596,0.9243999719619751
YKL059C,YPR113W,0,-2.881268,0.0944264829158783,0.9639999866485596,0.9244999885559082
YNL273W,YML088W,0,-2.8812788,0.09441723674535751,0.9639999866485596,0.9246000051498413
YDR251W,YOR317W,0,-2.8824408,0.09440799057483673,0.9639999866485596,0.9247000217437744
YOR148C,YGR074W,0,-2.8827455,0.09439874440431595,0.9639999866485596,0.9247999787330627
YDL003W,YGR047C,0,-2.8846009,0.09438950568437576,0.9639999866485596,0.9248999953269958
YDR197W,YLR015W,0,-2.8854344,0.09438025951385498,0.9639999866485596,0.925000011920929
YIL010W,YGR038W,0,-2.8855011,0.0943710207939148,0.9639999866485596,0.9251000285148621
YKR029C,YHR148W,0,-2.8856485,0.09436178207397461,0.9639999866485596,0.9251999855041504
YPR166C,YDR315C,0,-2.8861122,0.09435255080461502,0.9639999866485596,0.9253000020980835
YBR167C,YLR404W,0,-2.8862576,0.09434331208467484,0.9639999866485596,0.9254000186920166
YPR110C,YOR101W,0,-2.8863552,0.09433408081531525,0.9639999866485596,0.9254999756813049
YGR128C,YHL013C,0,-2.8864067,0.09432484954595566,0.9639999866485596,0.925599992275238
YJL090C,YOR206W,0,-2.886495,0.09431562572717667,0.9639999866485596,0.9257000088691711
YOR288C,YOR137C,0,-2.8873575,0.09430639445781708,0.9639999866485596,0.9258000254631042
YNL267W,YIL043C,0,-2.8877978,0.09429717063903809,0.9639999866485596,0.9258999824523926
YOR231W,YOR301W,0,-2.8881052,0.0942879468202591,0.9639999866485596,0.9259999990463257
YGR174C,YGR236C,0,-2.8899648,0.0942787304520607,0.9639999866485596,0.9261000156402588
YBR212W,YOL115W,0,-2.8906722,0.09426950663328171,0.9639999866485596,0.9261999726295471
YOR039W,YOL089C,0,-2.8910072,0.09426029026508331,0.9639999866485596,0.9262999892234802
YER015W,YFL028C,0,-2.8911808,0.09425107389688492,0.9639999866485596,0.9264000058174133
YGR195W,YLR116W,0,-2.892299,0.09424186497926712,0.9639999866485596,0.9265000224113464
YPL161C,YGR047C,0,-2.8923535,0.09423264861106873,0.9639999866485596,0.9265999794006348
YJL156C,YDL225W,0,-2.892597,0.09422343969345093,0.9639999866485596,0.9266999959945679
YBR255W,YLR242C,0,-2.8927915,0.09421423077583313,0.9639999866485596,0.926800012588501
YDL015C,YOR163W,0,-2.8927975,0.09420502185821533,0.9639999866485596,0.9269000291824341
YOR299W,YEL017C-A,0,-2.8976376,0.09419582039117813,0.9639999866485596,0.9269999861717224
YBR296C,YPR047W,0,-2.897662,0.09418661147356033,0.9639999866485596,0.9271000027656555
YOL094C,YOR058C,0,-2.897689,0.09417741000652313,0.9639999866485596,0.9272000193595886
YNR007C,YHL032C,0,-2.8987515,0.09416821599006653,0.9639999866485596,0.927299976348877
YDL175C,YDR052C,0,-2.899381,0.09415901452302933,0.9639999866485596,0.9273999929428101
YER053C,YNR053C,0,-2.8998544,0.09414982050657272,0.9639999866485596,0.9275000095367432
YDL100C,YFL036W,0,-2.8999765,0.09414062649011612,0.9639999866485596,0.9276000261306763
YHR042W,YGL200C,0,-2.9009812,0.09413143247365952,0.9639999866485596,0.9276999831199646
YDR503C,YOR070C,0,-2.9011433,0.09412223845720291,0.9639999866485596,0.9277999997138977
YOL033W,YDR373W,0,-2.9016473,0.0941130518913269,0.9639999866485596,0.9279000163078308
YGL084C,YDR277C,1,-2.9016857,0.0942014828324318,0.9649999737739563,0.9279000163078308
YLR219W,YHL004W,0,-2.9018774,0.09419228881597519,0.9649999737739563,0.9279999732971191
YDR153C,YGL225W,0,-2.9025538,0.09418309479951859,0.9649999737739563,0.9280999898910522
YMR070W,YNL258C,0,-2.9028559,0.09417390823364258,0.9649999737739563,0.9282000064849854
YIL078W,YDL170W,0,-2.9029357,0.09416471421718597,0.9649999737739563,0.9283000230789185
YJL030W,YMR211W,0,-2.9035466,0.09415552765130997,0.9649999737739563,0.9283999800682068
YDR343C,YDL138W,1,-2.9037688,0.09424389898777008,0.9660000205039978,0.9283999800682068
YPR023C,YBR265W,0,-2.903777,0.09423471242189407,0.9660000205039978,0.9284999966621399
YIL137C,YBR278W,0,-2.9037817,0.09422551840543747,0.9660000205039978,0.928600013256073
YNL242W,YDR525W-A,0,-2.9038966,0.09421632438898087,0.9660000205039978,0.9286999702453613
YCL040W,YGL104C,1,-2.9041703,0.094304658472538,0.9670000076293945,0.9286999702453613
YOL006C,YLR106C,0,-2.9044805,0.09429546445608139,0.9670000076293945,0.9287999868392944
YML038C,YBL020W,1,-2.9047663,0.09438377618789673,0.9679999947547913,0.9287999868392944
YPL221W,YJL031C,0,-2.9048312,0.09437457472085953,0.9679999947547913,0.9289000034332275
YPL072W,YOR158W,0,-2.9049513,0.09436537325382233,0.9679999947547913,0.9290000200271606
YGL166W,YKL017C,0,-2.9051151,0.09435617178678513,0.9679999947547913,0.929099977016449
YMR060C,YMR097C,0,-2.9051733,0.09434697777032852,0.9679999947547913,0.9291999936103821
YIL109C,YIL145C,0,-2.9059896,0.09433778375387192,0.9679999947547913,0.9293000102043152
YNL325C,YGL211W,0,-2.9060109,0.09432858973741531,0.9679999947547913,0.9294000267982483
YOR347C,YML110C,0,-2.9062226,0.0943194031715393,0.9679999947547913,0.9294999837875366
YGL106W,YDR182W,0,-2.90691,0.0943102091550827,0.9679999947547913,0.9296000003814697
YCL040W,YMR011W,1,-2.9072747,0.09439843893051147,0.968999981880188,0.9296000003814697
YJL061W,YGR074W,0,-2.9085224,0.09438924491405487,0.968999981880188,0.9297000169754028
YKR082W,YLR320W,0,-2.9092796,0.09438005089759827,0.968999981880188,0.9297999739646912
YNL325C,YBR014C,0,-2.9097345,0.09437086433172226,0.968999981880188,0.9298999905586243
YIR006C,YDR350C,0,-2.9101117,0.09436167031526566,0.968999981880188,0.9300000071525574
YFL002C,YLR448W,0,-2.910173,0.09435248374938965,0.968999981880188,0.9301000237464905
YFR053C,YKL134C,0,-2.911014,0.09434329718351364,0.968999981880188,0.9301999807357788
YLR265C,YKL167C,0,-2.9127681,0.09433411061763763,0.968999981880188,0.9302999973297119
YLR371W,YLR450W,0,-2.9138048,0.09432493150234222,0.968999981880188,0.930400013923645
YJR044C,YFL036W,0,-2.9150298,0.09431574493646622,0.968999981880188,0.9304999709129333
YKR066C,YJL050W,0,-2.915673,0.0943065658211708,0.968999981880188,0.9305999875068665
YGL224C,YLR440C,0,-2.9170005,0.094297394156456,0.968999981880188,0.9307000041007996
YPL046C,YBL023C,0,-2.9171674,0.09428821504116058,0.968999981880188,0.9308000206947327
YGR132C,YDL130W,0,-2.9174402,0.09427904337644577,0.968999981880188,0.930899977684021
YKL085W,YPL196W,0,-2.9175766,0.09426987171173096,0.968999981880188,0.9309999942779541
YMR060C,YHR109W,0,-2.917931,0.09426070004701614,0.968999981880188,0.9311000108718872
YCL038C,YGL099W,0,-2.9181082,0.09425152838230133,0.968999981880188,0.9312000274658203
YHR188C,YLR052W,0,-2.9184,0.09424236416816711,0.968999981880188,0.9312999844551086
YOL111C,YNL081C,0,-2.9192977,0.0942331999540329,0.968999981880188,0.9314000010490417
YLR100W,YOR030W,0,-2.9199314,0.09422403573989868,0.968999981880188,0.9315000176429749
YDR503C,YIL124W,0,-2.9199646,0.09421487897634506,0.968999981880188,0.9315999746322632
YKL119C,YCL043C,0,-2.920369,0.09420571476221085,0.968999981880188,0.9316999912261963
YPL043W,YOL115W,0,-2.9219131,0.09419655799865723,0.968999981880188,0.9318000078201294
YGR184C,YDR260C,0,-2.9222677,0.09418740123510361,0.968999981880188,0.9319000244140625
YHR086W,YML086C,0,-2.9224873,0.09417825192213058,0.968999981880188,0.9319999814033508
YDR277C,YPR026W,1,-2.9228275,0.09426628053188324,0.9700000286102295,0.9319999814033508
YGL025C,YCR067C,0,-2.9229102,0.09425711631774902,0.9700000286102295,0.9320999979972839
YPR029C,YPR110C,0,-2.9232302,0.0942479595541954,0.9700000286102295,0.932200014591217
YFL002C,YLR319C,0,-2.923292,0.09423880279064178,0.9700000286102295,0.9322999715805054
YGR246C,YMR032W,0,-2.923335,0.09422964602708817,0.9700000286102295,0.9323999881744385
YNR031C,YER020W,0,-2.9236355,0.09422049671411514,0.9700000286102295,0.9325000047683716
YBR095C,YLR435W,0,-2.9244556,0.09421134740114212,0.9700000286102295,0.9326000213623047
YHR036W,YGR236C,0,-2.9244814,0.0942021980881691,0.9700000286102295,0.932699978351593
YBR298C,YFR053C,1,-2.9245307,0.09429015219211578,0.9710000157356262,0.932699978351593
YDR200C,YBR179C,0,-2.925679,0.09428099542856216,0.9710000157356262,0.9327999949455261
YIL017C,YNL048W,0,-2.9257665,0.09427184611558914,0.9710000157356262,0.9329000115394592
YKL064W,YLL021W,0,-2.9260015,0.09426268935203552,0.9710000157356262,0.9330000281333923
YDR052C,YLR320W,0,-2.926142,0.0942535400390625,0.9710000157356262,0.9330999851226807
YCR002C,YNL101W,0,-2.9275792,0.09424439817667007,0.9710000157356262,0.9332000017166138
YER015W,YLR304C,0,-2.9278824,0.09423524886369705,0.9710000157356262,0.9333000183105469
YHR117W,YDR463W,0,-2.9284205,0.09422610700130463,0.9710000157356262,0.9333999752998352
YMR263W,YGL094C,0,-2.928456,0.0942169576883316,0.9710000157356262,0.9334999918937683
YDR452W,YFL049W,0,-2.929861,0.09420782327651978,0.9710000157356262,0.9336000084877014
YJL094C,YOL008W,0,-2.930206,0.09419868141412735,0.9710000157356262,0.9337000250816345
YMR212C,YFL049W,0,-2.9303071,0.09418953955173492,0.9710000157356262,0.9337999820709229
YHR016C,YMR109W,0,-2.930722,0.0941804051399231,0.9710000157356262,0.933899998664856
YDR372C,YJL053W,0,-2.9335616,0.09417127072811127,0.9710000157356262,0.9340000152587891
YGR238C,YMR203W,0,-2.9337218,0.09416214376688004,0.9710000157356262,0.9340999722480774
YNL282W,YOL115W,0,-2.9345725,0.0941530093550682,0.9710000157356262,0.9341999888420105
YIL079C,YJL137C,0,-2.9347243,0.09414388239383698,0.9710000157356262,0.9343000054359436
YGL119W,YER020W,0,-2.9347832,0.09413475543260574,0.9710000157356262,0.9344000220298767
YGL225W,YPL244C,1,-2.935075,0.09422256797552109,0.972000002861023,0.9344000220298767
YPL040C,YDR503C,0,-2.936263,0.09421343356370926,0.972000002861023,0.934499979019165
YFR042W,YLR095C,0,-2.93698,0.09420430660247803,0.972000002861023,0.9345999956130981
YLR097C,YLR129W,0,-2.9370484,0.0941951721906662,0.972000002861023,0.9347000122070312
YJR113C,YLL040C,0,-2.9374597,0.09418604522943497,0.972000002861023,0.9348000288009644
YGL131C,YBR179C,0,-2.9375165,0.09417691826820374,0.972000002861023,0.9348999857902527
YPL026C,YGL084C,1,-2.938413,0.0942646786570549,0.9729999899864197,0.9348999857902527
YBR193C,YJL026W,0,-2.9385529,0.09425554424524307,0.9729999899864197,0.9350000023841858
YHR188C,YOR163W,0,-2.9391685,0.09424641728401184,0.9729999899864197,0.9351000189781189
YAR019C,YJR092W,0,-2.9392602,0.09423729032278061,0.9729999899864197,0.9351999759674072
YOL049W,YLR382C,0,-2.9399745,0.09422816336154938,0.9729999899864197,0.9352999925613403
YLR369W,YOR067C,0,-2.9406042,0.09421903640031815,0.9729999899864197,0.9354000091552734
YAL001C,YBR021W,0,-2.941293,0.09420991688966751,0.9729999899864197,0.9355000257492065
YCR003W,YAL020C,0,-2.9417293,0.09420079737901688,0.9729999899864197,0.9355999827384949
YLR342W,YDR142C,0,-2.9444783,0.09419167786836624,0.9729999899864197,0.935699999332428
YOR148C,YGR169C,0,-2.9465802,0.0941825583577156,0.9729999899864197,0.9358000159263611
YCR067C,YKR066C,0,-2.9478252,0.09417343884706497,0.9729999899864197,0.9358999729156494
YDR393W,YPR149W,0,-2.9480152,0.09416432678699493,0.9729999899864197,0.9359999895095825
YIL104C,YNL164C,0,-2.9491751,0.0941552147269249,0.9729999899864197,0.9361000061035156
YJL003W,YFL036W,0,-2.949429,0.09414610266685486,0.9729999899864197,0.9362000226974487
YPL195W,YML064C,0,-2.9511054,0.09413699805736542,0.9729999899864197,0.9362999796867371
YNL096C,YMR077C,0,-2.9512978,0.09412789344787598,0.9729999899864197,0.9363999962806702
YBR202W,YOL115W,0,-2.951298,0.09411878138780594,0.9729999899864197,0.9365000128746033
YDR164C,YDL100C,0,-2.9513173,0.0941096842288971,0.9729999899864197,0.9366000294685364
YLR249W,YHL011C,0,-2.9546008,0.09410057961940765,0.9729999899864197,0.9366999864578247
YJL023C,YBL037W,0,-2.955277,0.09409148246049881,0.9729999899864197,0.9368000030517578
YOL008W,YLR246W,0,-2.955811,0.09408238530158997,0.9729999899864197,0.9369000196456909
YJR044C,YOR039W,0,-2.9575639,0.09407328814268112,0.9729999899864197,0.9369999766349792
YKR021W,YKL072W,0,-2.957997,0.09406419098377228,0.9729999899864197,0.9370999932289124
YPR026W,YHR094C,1,-2.9584484,0.09415176510810852,0.9739999771118164,0.9370999932289124
YLR390W,YJL102W,0,-2.9590075,0.09414266049861908,0.9739999771118164,0.9372000098228455
YLL002W,YDR279W,0,-2.9594395,0.09413356333971024,0.9739999771118164,0.9373000264167786
YGL028C,YMR065W,0,-2.9596179,0.09412446618080139,0.9739999771118164,0.9373999834060669
YOL089C,YMR072W,0,-2.9599378,0.09411537647247314,0.9739999771118164,0.9375
YDR368W,YMR012W,0,-2.9611342,0.0941062793135643,0.9739999771118164,0.9376000165939331
YJL161W,YNL081C,0,-2.9611926,0.09409718960523605,0.9739999771118164,0.9376999735832214
YOR258W,YGL094C,0,-2.9612205,0.0940880998969078,0.9739999771118164,0.9377999901771545
YNL118C,YOR322C,0,-2.9616277,0.09407901018857956,0.9739999771118164,0.9379000067710876
YPL004C,YJL050W,0,-2.9621027,0.09406992793083191,0.9739999771118164,0.9380000233650208
YLR425W,YOR362C,0,-2.963636,0.09406083822250366,0.9739999771118164,0.9380999803543091
YMR119W,YAL017W,0,-2.9649017,0.09405175596475601,0.9739999771118164,0.9381999969482422
YOR151C,YDL170W,0,-2.9649208,0.09404267370700836,0.9739999771118164,0.9383000135421753
YKL175W,YHR043C,0,-2.9652493,0.09403359889984131,0.9739999771118164,0.9383999705314636
YAL017W,YOL117W,0,-2.965468,0.09402451664209366,0.9739999771118164,0.9384999871253967
YPR149W,YCL034W,0,-2.965578,0.0940154418349266,0.9739999771118164,0.9386000037193298
YCL063W,YDL065C,0,-2.9661686,0.09400636702775955,0.9739999771118164,0.9387000203132629
YGR132C,YBR193C,0,-2.9664001,0.0939972996711731,0.9739999771118164,0.9387999773025513
YBL015W,YKL149C,0,-2.966575,0.09398822486400604,0.9739999771118164,0.9388999938964844
YGL131C,YPR093C,0,-2.967417,0.09397915750741959,0.9739999771118164,0.9390000104904175
YOR039W,YPR139C,0,-2.967441,0.09397009015083313,0.9739999771118164,0.9391000270843506
YDL085W,YIL110W,0,-2.967471,0.09396102279424667,0.9739999771118164,0.9391999840736389
YJR044C,YLR369W,0,-2.9688098,0.09395196288824081,0.9739999771118164,0.939300000667572
YKR082W,YIL124W,0,-2.969673,0.09394290298223495,0.9739999771118164,0.9394000172615051
YGL131C,YHR175W,0,-2.97065,0.0939338430762291,0.9739999771118164,0.9394999742507935
YCL050C,YER014W,0,-2.971276,0.09392478317022324,0.9739999771118164,0.9395999908447266
YGL233W,YKL046C,0,-2.9718852,0.09391572326421738,0.9739999771118164,0.9397000074386597
YDR457W,YLR447C,0,-2.972055,0.09390667080879211,0.9739999771118164,0.9398000240325928
YPL271W,YNL131W,0,-2.97251,0.09389761835336685,0.9739999771118164,0.9398999810218811
YJR014W,YLR095C,0,-2.974088,0.09388856589794159,0.9739999771118164,0.9399999976158142
YPR029C,YOR094W,0,-2.9758599,0.09387952089309692,0.9739999771118164,0.9401000142097473
YBR107C,YKL189W,0,-2.9759781,0.09387046843767166,0.9739999771118164,0.9401999711990356
YGL091C,YML086C,0,-2.976167,0.093861423432827,0.9739999771118164,0.9402999877929688
YDR342C,YHR135C,0,-2.9770699,0.09385237842798233,0.9739999771118164,0.9404000043869019
YPR093C,YMR260C,0,-2.9772666,0.09384334087371826,0.9739999771118164,0.940500020980835
YML127W,YLL039C,0,-2.9773958,0.0938342958688736,0.9739999771118164,0.9405999779701233
YLR298C,YAL029C,0,-2.9775264,0.09382525831460953,0.9739999771118164,0.9406999945640564
YLR425W,YJL072C,0,-2.9786584,0.09381622076034546,0.9739999771118164,0.9408000111579895
YKL144C,YHL019C,0,-2.979298,0.09380718320608139,0.9739999771118164,0.9409000277519226
YDR270W,YJR158W,0,-2.9796288,0.09379815310239792,0.9739999771118164,0.9409999847412109
YKR072C,YDR392W,0,-2.9800165,0.09378911554813385,0.9739999771118164,0.941100001335144
YHR117W,YFR009W,0,-2.9801939,0.09378008544445038,0.9739999771118164,0.9412000179290771
YLL009C,YOL101C,0,-2.9803245,0.0937710627913475,0.9739999771118164,0.9412999749183655
YJL187C,YJL031C,0,-2.9804332,0.09376203268766403,0.9739999771118164,0.9413999915122986
YCL043C,YKL017C,0,-2.9818156,0.09375301003456116,0.9739999771118164,0.9415000081062317
YDL085W,YAL060W,0,-2.9822018,0.09374398738145828,0.9739999771118164,0.9416000247001648
YCR079W,YDR099W,0,-2.982212,0.09373496472835541,0.9739999771118164,0.9416999816894531
YOR178C,YLR270W,0,-2.983164,0.09372594207525253,0.9739999771118164,0.9417999982833862
YBR149W,YIL053W,0,-2.9833302,0.09371692687273026,0.9739999771118164,0.9419000148773193
YJL030W,YBR149W,0,-2.986326,0.09370791167020798,0.9739999771118164,0.9419999718666077
YBR110W,YGR282C,0,-2.9868429,0.0936988964676857,0.9739999771118164,0.9420999884605408
YPL001W,YKL189W,0,-2.9875271,0.09368988126516342,0.9739999771118164,0.9422000050544739
YMR227C,YFL049W,0,-2.987552,0.09368086606264114,0.9739999771118164,0.942300021648407
YKL017C,YHR155W,0,-2.9891503,0.09367185831069946,0.9739999771118164,0.9423999786376953
YPL046C,YNL039W,0,-2.989269,0.09366285055875778,0.9739999771118164,0.9424999952316284
YLR166C,YDR105C,0,-2.9893713,0.0936538428068161,0.9739999771118164,0.9426000118255615
YGR238C,YMR109W,0,-2.989451,0.09364484250545502,0.9739999771118164,0.9427000284194946
YBR298C,YPR026W,1,-2.98953,0.09373197704553604,0.9750000238418579,0.9427000284194946
YML070W,YOR158W,0,-2.9915373,0.09372296184301376,0.9750000238418579,0.942799985408783
YEL020W-A,YPR005C,0,-2.9923425,0.09371395409107208,0.9750000238418579,0.9429000020027161
YAL005C,YKL058W,0,-2.993758,0.0937049463391304,0.9750000238418579,0.9430000185966492
YNL125C,YPR155C,0,-2.9939594,0.09369594603776932,0.9750000238418579,0.9430999755859375
YML074C,YGR278W,0,-2.9951558,0.09368693828582764,0.9750000238418579,0.9431999921798706
YDL100C,YPR093C,0,-2.9952083,0.09367793798446655,0.9750000238418579,0.9433000087738037
YML029W,YBR126C,0,-2.9953232,0.09366893768310547,0.9750000238418579,0.9434000253677368
YJR042W,YKR021W,0,-2.995669,0.09365994483232498,0.9750000238418579,0.9434999823570251
YGL166W,YDL100C,0,-2.9957726,0.0936509445309639,0.9750000238418579,0.9435999989509583
YKL033W,YDR200C,0,-2.9964395,0.09364195168018341,0.9750000238418579,0.9437000155448914
YBL103C,YGR173W,0,-2.9966233,0.09363295882940292,0.9750000238418579,0.9437999725341797
YGR181W,YPR140W,0,-2.9976845,0.09362396597862244,0.9750000238418579,0.9438999891281128
YKL170W,YMR267W,0,-2.9984953,0.09361498057842255,0.9750000238418579,0.9440000057220459
YBL093C,YJR117W,0,-2.9987688,0.09360598772764206,0.9750000238418579,0.944100022315979
YBR060C,YDR198C,0,-2.9991183,0.09359700232744217,0.9750000238418579,0.9441999793052673
YDL014W,YKR101W,0,-3.001978,0.09358802437782288,0.9750000238418579,0.9442999958992004
YOR016C,YDL123W,0,-3.0021527,0.09357903897762299,0.9750000238418579,0.9444000124931335
YFR009W,YDL235C,0,-3.002476,0.09357006102800369,0.9750000238418579,0.9445000290870667
YGR009C,YGR262C,0,-3.0029972,0.0935610756278038,0.9750000238418579,0.944599986076355
YGR009C,YLR220W,0,-3.005255,0.09355209767818451,0.9750000238418579,0.9447000026702881
YFL002C,YLR206W,0,-3.0063848,0.09354312717914581,0.9750000238418579,0.9448000192642212
YOR090C,YCL034W,0,-3.0070052,0.09353414922952652,0.9750000238418579,0.9448999762535095
YHR117W,YDR473C,0,-3.0079587,0.09352517873048782,0.9750000238418579,0.9449999928474426
YMR203W,YDR032C,0,-3.0084436,0.09351620823144913,0.9750000238418579,0.9451000094413757
YJL161W,YPR102C,0,-3.0086505,0.09350723773241043,0.9750000238418579,0.9452000260353088
YBL103C,YOR340C,0,-3.0089471,0.09349827468395233,0.9750000238418579,0.9452999830245972
YBR072W,YMR267W,0,-3.0097675,0.09348931163549423,0.9750000238418579,0.9453999996185303
YLR100W,YNR043W,0,-3.0099545,0.09348034858703613,0.9750000238418579,0.9455000162124634
YDR270W,YGL073W,0,-3.0101852,0.09347138553857803,0.9750000238418579,0.9455999732017517
YJL110C,YOR143C,0,-3.0115218,0.09346242249011993,0.9750000238418579,0.9456999897956848
YDR277C,YBL020W,1,-3.013276,0.09354931116104126,0.9760000109672546,0.9456999897956848
YMR113W,YBR060C,0,-3.0132868,0.09354034811258316,0.9760000109672546,0.9458000063896179
YOR046C,YDR519W,0,-3.013757,0.09353138506412506,0.9760000109672546,0.945900022983551
YDR181C,YOL012C,0,-3.0140417,0.09352242201566696,0.9760000109672546,0.9459999799728394
YHR175W,YLR450W,0,-3.01479,0.09351345896720886,0.9760000109672546,0.9460999965667725
YIL027C,YOL103W,0,-3.0148902,0.09350450336933136,0.9760000109672546,0.9462000131607056
YBR179C,YDL146W,0,-3.0149596,0.09349554777145386,0.9760000109672546,0.9463000297546387
YGL153W,YBR229C,0,-3.0156345,0.09348659217357635,0.9760000109672546,0.946399986743927
YDR372C,YGR009C,0,-3.0160837,0.09347763657569885,0.9760000109672546,0.9465000033378601
YMR212C,YOL030W,0,-3.0164733,0.09346868097782135,0.9760000109672546,0.9466000199317932
YLR262C,YIL026C,0,-3.0169833,0.09345973283052444,0.9760000109672546,0.9466999769210815
YCL032W,YGL153W,0,-3.019388,0.09345078468322754,0.9760000109672546,0.9467999935150146
YNL097C,YLR319C,0,-3.0197937,0.09344183653593063,0.9760000109672546,0.9469000101089478
YCL038C,YEL056W,0,-3.0201705,0.09343289583921432,0.9760000109672546,0.9470000267028809
YDR181C,YDR392W,0,-3.021835,0.09342394769191742,0.9760000109672546,0.9470999836921692
YER021W,YMR225C,0,-3.0222914,0.09341500699520111,0.9760000109672546,0.9472000002861023
YLL002W,YLR265C,0,-3.0229423,0.0934060662984848,0.9760000109672546,0.9473000168800354
YBL084C,YLR095C,0,-3.023072,0.0933971256017685,0.9760000109672546,0.9473999738693237
YFR024C-A,YMR267W,0,-3.0233195,0.09338819235563278,0.9760000109672546,0.9474999904632568
YNR053C,YJL103C,0,-3.024189,0.09337925910949707,0.9760000109672546,0.9476000070571899
YKR021W,YDR373W,0,-3.0242448,0.09337032586336136,0.9760000109672546,0.947700023651123
YFR042W,YOR089C,0,-3.024612,0.09336139261722565,0.9760000109672546,0.9477999806404114
YDR463W,YER031C,0,-3.0270216,0.09335245937108994,0.9760000109672546,0.9478999972343445
YBR038W,YER180C,0,-3.0270875,0.09334353357553482,0.9760000109672546,0.9480000138282776
YOL122C,YJR117W,0,-3.027538,0.0933346077799797,0.9760000109672546,0.9480999708175659
YML127W,YGR078C,0,-3.0297868,0.09332568198442459,0.9760000109672546,0.948199987411499
YKR087C,YHL003C,0,-3.0299623,0.09331676363945007,0.9760000109672546,0.9483000040054321
YGL111W,YJL013C,0,-3.031164,0.09330783784389496,0.9760000109672546,0.9484000205993652
YER014W,YGL001C,0,-3.0317285,0.09329891949892044,0.9760000109672546,0.9484999775886536
YLR002C,YDL175C,0,-3.0330112,0.09329000115394592,0.9760000109672546,0.9485999941825867
YFL049W,YHR042W,0,-3.0335019,0.0932810828089714,0.9760000109672546,0.9487000107765198
YPR029C,YBR229C,0,-3.033992,0.09327217191457748,0.9760000109672546,0.9488000273704529
YOR115C,YOR151C,0,-3.0345576,0.09326326102018356,0.9760000109672546,0.9488999843597412
YDR080W,YBR060C,0,-3.0349822,0.09325435012578964,0.9760000109672546,0.9490000009536743
YOL006C,YBR017C,0,-3.0356605,0.09324543923139572,0.9760000109672546,0.9491000175476074
YKR077W,YKL003C,0,-3.0357454,0.0932365283370018,0.9760000109672546,0.9491999745368958
YPR184W,YNL082W,0,-3.0358841,0.09322762489318848,0.9760000109672546,0.9492999911308289
YBR298C,YDR343C,1,-3.0377407,0.09331423044204712,0.9769999980926514,0.9492999911308289
YDR373W,YKR084C,0,-3.0378456,0.0933053195476532,0.9769999980926514,0.949400007724762
YGL099W,YGR095C,0,-3.038,0.09329640865325928,0.9769999980926514,0.9495000243186951
YIL048W,YOR046C,0,-3.0386102,0.09328749775886536,0.9769999980926514,0.9495999813079834
YOR243C,YNL132W,0,-3.0388417,0.09327859431505203,0.9769999980926514,0.9496999979019165
YKL104C,YGL213C,0,-3.039069,0.09326969087123871,0.9769999980926514,0.9498000144958496
YGL065C,YML001W,0,-3.040014,0.09326078742742538,0.9769999980926514,0.9498999714851379
YGL203C,YKL175W,0,-3.0400846,0.09325188398361206,0.9769999980926514,0.949999988079071
YDL085W,YPR193C,0,-3.0401025,0.09324298799037933,0.9769999980926514,0.9501000046730042
YJL140W,YER019W,0,-3.0405421,0.09323408454656601,0.9769999980926514,0.9502000212669373
YOR243C,YNL308C,0,-3.0407007,0.09322518855333328,0.9769999980926514,0.9502999782562256
YCR067C,YNL312W,0,-3.040794,0.09321629256010056,0.9769999980926514,0.9503999948501587
YLL002W,YDR200C,0,-3.0411427,0.09320740401744843,0.9769999980926514,0.9505000114440918
YOL094C,YOR141C,0,-3.0419514,0.0931985154747963,0.9769999980926514,0.9506000280380249
YBR095C,YBR079C,0,-3.0422053,0.09318961948156357,0.9769999980926514,0.9506999850273132
YLR058C,YOR096W,0,-3.042454,0.09318073093891144,0.9769999980926514,0.9508000016212463
YDR064W,YDR463W,0,-3.042783,0.0931718498468399,0.9769999980926514,0.9509000182151794
YAR007C,YDR182W,0,-3.0430112,0.09316296130418777,0.9769999980926514,0.9509999752044678
YBR167C,YLR188W,0,-3.0439794,0.09315408021211624,0.9769999980926514,0.9510999917984009
YPL096W,YHR109W,0,-3.0439863,0.09314519912004471,0.9769999980926514,0.951200008392334
YJR032W,YMR294W,0,-3.0440075,0.09313631802797318,0.9769999980926514,0.9513000249862671
YDR449C,YDR142C,0,-3.0462382,0.09312744438648224,0.9769999980926514,0.9513999819755554
YHR117W,YDR052C,0,-3.0463002,0.0931185632944107,0.9769999980926514,0.9514999985694885
YOL084W,YLR203C,0,-3.047214,0.09310968965291977,0.9769999980926514,0.9516000151634216
YJL142C,YAR007C,0,-3.0491073,0.09310081601142883,0.9769999980926514,0.95169997215271
YKL064W,YGR155W,0,-3.0492492,0.0930919498205185,0.9769999980926514,0.9517999887466431
YBR171W,YPL134C,0,-3.0494177,0.09308307617902756,0.9769999980926514,0.9519000053405762
YGR002C,YEL016C,0,-3.0495431,0.09307420998811722,0.9769999980926514,0.9520000219345093
YKL134C,YHR175W,0,-3.0512426,0.09306534379720688,0.9769999980926514,0.9520999789237976
YGR236C,YNL026W,0,-3.0518029,0.09305648505687714,0.9769999980926514,0.9521999955177307
YNL242W,YBR022W,0,-3.0525854,0.0930476188659668,0.9769999980926514,0.9523000121116638
YBR143C,YAL017W,0,-3.052626,0.09303876012563705,0.9769999980926514,0.9524000287055969
YPL046C,YBL040C,0,-3.0526273,0.09302990138530731,0.9769999980926514,0.9524999856948853
YDR343C,YER039C,1,-3.0528553,0.09311625361442566,0.9779999852180481,0.9524999856948853
YCR052W,YNL081C,0,-3.05346,0.09310738742351532,0.9779999852180481,0.9526000022888184
YGR246C,YLR100W,0,-3.0541365,0.09309852123260498,0.9779999852180481,0.9527000188827515
YPL161C,YLR320W,0,-3.0542989,0.09308966249227524,0.9779999852180481,0.9527999758720398
YNL173C,YGL200C,0,-3.0547228,0.0930808037519455,0.9779999852180481,0.9528999924659729
YDL178W,YGL054C,0,-3.0547607,0.09307194501161575,0.9779999852180481,0.953000009059906
YER053C,YGR084C,0,-3.054924,0.09306308627128601,0.9779999852180481,0.9531000256538391
YER015W,YCR072C,0,-3.0551708,0.09305423498153687,0.9779999852180481,0.9531999826431274
YMR093W,YOR310C,0,-3.0553987,0.09304538369178772,0.9779999852180481,0.9532999992370605
YPL055C,YKR084C,0,-3.0567882,0.09303653240203857,0.9779999852180481,0.9534000158309937
YER125W,YJL167W,0,-3.056924,0.09302768111228943,0.9779999852180481,0.953499972820282
YBL023C,YEL029C,0,-3.057017,0.09301882982254028,0.9779999852180481,0.9535999894142151
YJR059W,YOR124C,0,-3.0573728,0.09300998598337173,0.9779999852180481,0.9537000060081482
YDR152W,YFR021W,0,-3.0578501,0.09300114214420319,0.9779999852180481,0.9538000226020813
YMR213W,YGL210W,0,-3.058454,0.09299229830503464,0.9779999852180481,0.9538999795913696
YOL137W,YDL028C,0,-3.0588713,0.09298345446586609,0.9779999852180481,0.9539999961853027
YKL165C,YOR288C,0,-3.0589721,0.09297461807727814,0.9779999852180481,0.9541000127792358
YLR052W,YKR024C,0,-3.0592287,0.09296578168869019,0.9779999852180481,0.954200029373169
YBL015W,YGR181W,0,-3.0597737,0.09295694530010223,0.9779999852180481,0.9542999863624573
YOL089C,YNR053C,0,-3.0598524,0.09294810891151428,0.9779999852180481,0.9544000029563904
YPL096W,YHR178W,0,-3.0601833,0.09293927252292633,0.9779999852180481,0.9545000195503235
YOR347C,YFR041C,0,-3.0603094,0.09293044358491898,0.9779999852180481,0.9545999765396118
YCR095C,YOL093W,0,-3.0603411,0.09292161464691162,0.9779999852180481,0.9546999931335449
YDR343C,YPR026W,1,-3.0611246,0.09300778806209564,0.9789999723434448,0.9546999931335449
YPR025C,YNL110C,0,-3.0621028,0.09299895167350769,0.9789999723434448,0.954800009727478
YPR184W,YHR148W,0,-3.0622604,0.09299012273550034,0.9789999723434448,0.9549000263214111
YJR060W,YIL048W,0,-3.0626016,0.09298128634691238,0.9789999723434448,0.9549999833106995
YKL085W,YDL223C,0,-3.0628266,0.09297245740890503,0.9789999723434448,0.9550999999046326
YJR044C,YNL005C,0,-3.062855,0.09296362847089767,0.9789999723434448,0.9552000164985657
YPL211W,YPR171W,0,-3.0629795,0.09295480698347092,0.9789999723434448,0.955299973487854
YOR047C,YKL149C,0,-3.0631154,0.09294597804546356,0.9789999723434448,0.9553999900817871
YIL079C,YHR118C,0,-3.0637765,0.0929371565580368,0.9789999723434448,0.9555000066757202
YDL098C,YBR021W,0,-3.0638592,0.09292833507061005,0.9789999723434448,0.9556000232696533
YKL064W,YDR093W,0,-3.0640476,0.09291951358318329,0.9789999723434448,0.9556999802589417
YGR174C,YPR140W,0,-3.06412,0.09291069209575653,0.9789999723434448,0.9557999968528748
YDL102W,YDR524C,0,-3.0651646,0.09290187805891037,0.9789999723434448,0.9559000134468079
YDL178W,YPL119C,0,-3.0653381,0.09289306402206421,0.9789999723434448,0.9559999704360962
YGR223C,YDL036C,0,-3.0704687,0.09288424998521805,0.9789999723434448,0.9560999870300293
YPL070W,YOR124C,0,-3.0705101,0.09287543594837189,0.9789999723434448,0.9562000036239624
YGL019W,YBL060W,0,-3.0710266,0.09286662936210632,0.9789999723434448,0.9563000202178955
YKR077W,YLR203C,0,-3.0716317,0.09285782277584076,0.9789999723434448,0.9563999772071838
YNL293W,YMR054W,0,-3.0717518,0.0928490161895752,0.9789999723434448,0.9564999938011169
YBL064C,YML120C,0,-3.0721295,0.09284020960330963,0.9789999723434448,0.95660001039505
YLR435W,YBR273C,0,-3.0721881,0.09283140301704407,0.9789999723434448,0.9567000269889832
YGL229C,YKR024C,0,-3.072786,0.0928226038813591,0.9789999723434448,0.9567999839782715
YDL138W,YFR053C,1,-3.0734527,0.09290860593318939,0.9800000190734863,0.9567999839782715
YFL049W,YKL175W,0,-3.073938,0.09289979934692383,0.9800000190734863,0.9569000005722046
YJL074C,YEL064C,0,-3.0798826,0.09289099276065826,0.9800000190734863,0.9570000171661377
YBR046C,YNL041C,0,-3.0806217,0.0928821936249733,0.9800000190734863,0.957099974155426
YGR289C,YHR096C,1,-3.081725,0.0929681584239006,0.9810000061988831,0.957099974155426
YGL166W,YLR265C,0,-3.0818431,0.09295934438705444,0.9810000061988831,0.9571999907493591
YPL214C,YLR060W,0,-3.0820134,0.09295053780078888,0.9810000061988831,0.9573000073432922
YGL166W,YFL028C,0,-3.0829694,0.09294173121452332,0.9810000061988831,0.9574000239372253
YJR072C,YFR043C,0,-3.0830128,0.09293293207883835,0.9810000061988831,0.9574999809265137
YIL120W,YLR120C,0,-3.0831766,0.09292412549257278,0.9810000061988831,0.9575999975204468
YLR172C,YOR198C,0,-3.0841758,0.09291532635688782,0.9810000061988831,0.9577000141143799
YKL062W,YDR144C,0,-3.0863256,0.09290652722120285,0.9810000061988831,0.9577999711036682
YGR236C,YOL008W,0,-3.087139,0.09289772808551788,0.9810000061988831,0.9578999876976013
YNL242W,YBR212W,0,-3.088777,0.09288892894983292,0.9810000061988831,0.9580000042915344
YLL029W,YOR143C,0,-3.0891013,0.09288013726472855,0.9810000061988831,0.9581000208854675
YGL104C,YPR026W,1,-3.089669,0.09296601265668869,0.9819999933242798,0.9581000208854675
YDL225W,YLR320W,0,-3.0901785,0.09295721352100372,0.9819999933242798,0.9581999778747559
YLR425W,YEL015W,0,-3.0910327,0.09294841438531876,0.9819999933242798,0.958299994468689
YER083C,YCL024W,0,-3.0910761,0.09293961524963379,0.9819999933242798,0.9584000110626221
YMR267W,YPL017C,0,-3.091423,0.09293082356452942,0.9819999933242798,0.9585000276565552
YGR009C,YMR219W,0,-3.0924323,0.09292203187942505,0.9819999933242798,0.9585999846458435
YPR029C,YKR024C,0,-3.0924444,0.09291324019432068,0.9819999933242798,0.9587000012397766
YMR113W,YOL089C,0,-3.0925245,0.09290444850921631,0.9819999933242798,0.9588000178337097
YHR169W,YGL099W,0,-3.0952778,0.09289565682411194,0.9819999933242798,0.958899974822998
YCL032W,YFR024C-A,0,-3.0959737,0.09288687258958817,0.9819999933242798,0.9589999914169312
YLR390W,YKL064W,0,-3.0961778,0.09287808835506439,0.9819999933242798,0.9591000080108643
YER039C,YFR053C,1,-3.0968702,0.09296387434005737,0.9829999804496765,0.9591000080108643
YPR047W,YIL018W,0,-3.0987513,0.092955082654953,0.9829999804496765,0.9592000246047974
YLR357W,YDL044C,0,-3.1000044,0.09294629096984863,0.9829999804496765,0.9592999815940857
YMR212C,YKL067W,0,-3.101308,0.09293750673532486,0.9829999804496765,0.9593999981880188
YDL235C,YPL070W,0,-3.1023548,0.09292872250080109,0.9829999804496765,0.9595000147819519
YMR011W,YPR026W,1,-3.1032884,0.09301446378231049,0.984000027179718,0.9595000147819519
YGR156W,YOR067C,0,-3.1033838,0.09300567209720612,0.984000027179718,0.9595999717712402
YDR463W,YIL043C,0,-3.1036527,0.09299688041210175,0.984000027179718,0.9596999883651733
YMR158W,YHR178W,0,-3.1054003,0.09298809617757797,0.984000027179718,0.9598000049591064
YDR422C,YDR350C,0,-3.10565,0.0929793044924736,0.984000027179718,0.9599000215530396
YKL020C,YBR173C,0,-3.1057975,0.09297052025794983,0.984000027179718,0.9599999785423279
YIL079C,YJR072C,0,-3.1061478,0.09296173602342606,0.984000027179718,0.960099995136261
YNL267W,YLR096W,0,-3.1064887,0.09295295923948288,0.984000027179718,0.9602000117301941
YBL047C,YLR304C,0,-3.1078825,0.0929441750049591,0.984000027179718,0.9603000283241272
YNL110C,YML077W,0,-3.1085956,0.09293539822101593,0.984000027179718,0.9603999853134155
YDR289C,YLR055C,0,-3.110595,0.09292662143707275,0.984000027179718,0.9605000019073486
YJL076W,YOL070C,0,-3.1114037,0.09291784465312958,0.984000027179718,0.9606000185012817
YLR390W,YJR065C,0,-3.1115427,0.092909075319767,0.984000027179718,0.9606999754905701
YGR195W,YDL024C,0,-3.111894,0.09290029853582382,0.984000027179718,0.9607999920845032
YCR002C,YFL049W,0,-3.1126206,0.09289152920246124,0.984000027179718,0.9609000086784363
YGR156W,YNL084C,0,-3.1127179,0.09288276731967926,0.984000027179718,0.9610000252723694
YGL131C,YDR182W,0,-3.1135514,0.09287399798631668,0.984000027179718,0.9610999822616577
YMR113W,YLR304C,0,-3.1137707,0.0928652286529541,0.984000027179718,0.9611999988555908
YGL111W,YKR029C,0,-3.113788,0.09285646677017212,0.984000027179718,0.9613000154495239
YIL009W,YIL143C,0,-3.1145802,0.09284770488739014,0.984000027179718,0.9613999724388123
YIL103W,YOR047C,0,-3.1148493,0.09283895045518875,0.984000027179718,0.9614999890327454
YDR120C,YAR002W,0,-3.1158183,0.09283018857240677,0.984000027179718,0.9616000056266785
YDR229W,YFL017C,0,-3.1166859,0.09282143414020538,0.984000027179718,0.9617000222206116
YLR060W,YDL159W,0,-3.1172152,0.092812679708004,0.984000027179718,0.9617999792098999
YJR014W,YLR430W,0,-3.117872,0.09280392527580261,0.984000027179718,0.961899995803833
YOR064C,YDR083W,0,-3.1201944,0.09279517084360123,0.984000027179718,0.9620000123977661
YPL096W,YJL072C,0,-3.1202042,0.09278642386198044,0.984000027179718,0.9621000289916992
YJL061W,YOR171C,0,-3.1210725,0.09277766942977905,0.984000027179718,0.9621999859809875
YJL020C,YPL204W,0,-3.121487,0.09276892989873886,0.984000027179718,0.9623000025749207
YNR050C,YKL008C,0,-3.1216795,0.09276018291711807,0.984000027179718,0.9624000191688538
YDR310C,YOR261C,0,-3.123017,0.09275143593549728,0.984000027179718,0.9624999761581421
YCR052W,YML070W,0,-3.1238563,0.09274269640445709,0.984000027179718,0.9625999927520752
YGL038C,YJL020C,0,-3.1239007,0.0927339568734169,0.984000027179718,0.9627000093460083
YPL046C,YPR141C,0,-3.125178,0.09272521734237671,0.984000027179718,0.9628000259399414
YOR340C,YOL115W,0,-3.1253183,0.09271647781133652,0.984000027179718,0.9628999829292297
YJR113C,YIL017C,0,-3.1287973,0.09270774573087692,0.984000027179718,0.9629999995231628
YBL047C,YGR184C,0,-3.1295497,0.09269901365041733,0.984000027179718,0.963100016117096
YGL137W,YJL155C,0,-3.1296258,0.09269028156995773,0.984000027179718,0.9631999731063843
YPL046C,YER020W,0,-3.1304579,0.09268154948949814,0.984000027179718,0.9632999897003174
YOL137W,YPR139C,0,-3.1308186,0.09267281740903854,0.984000027179718,0.9634000062942505
YFR009W,YCL038C,0,-3.1326683,0.09266409277915955,0.984000027179718,0.9635000228881836
YOL094C,YGR170W,0,-3.1327646,0.09265536814928055,0.984000027179718,0.9635999798774719
YER020W,YOR079C,0,-3.1363823,0.09264664351940155,0.984000027179718,0.963699996471405
YMR219W,YHL003C,0,-3.1364305,0.09263791888952255,0.984000027179718,0.9638000130653381
YBL087C,YPL169C,0,-3.138767,0.09262920171022415,0.984000027179718,0.9639000296592712
YOL041C,YLR246W,0,-3.138913,0.09262048453092575,0.984000027179718,0.9639999866485596
YGR044C,YMR002W,0,-3.1395996,0.09261176735162735,0.984000027179718,0.9641000032424927
YJL001W,YIL124W,0,-3.141877,0.09260305017232895,0.984000027179718,0.9642000198364258
YMR032W,YJR092W,0,-3.1436956,0.09259433299303055,0.984000027179718,0.9642999768257141
YBL060W,YLR418C,0,-3.1443667,0.09258562326431274,0.984000027179718,0.9643999934196472
YJL061W,YLR166C,0,-3.1446924,0.09257691353559494,0.984000027179718,0.9645000100135803
YLR262C,YDR142C,0,-3.1453273,0.09256820380687714,0.984000027179718,0.9646000266075134
YBR255W,YOR016C,0,-3.1472843,0.09255949407815933,0.984000027179718,0.9646999835968018
YHR086W,YLR382C,0,-3.1475174,0.09255079180002213,0.984000027179718,0.9648000001907349
YPL172C,YCL008C,0,-3.1477458,0.09254208952188492,0.984000027179718,0.964900016784668
YER159C,YLR347C,0,-3.1479366,0.09253337979316711,0.984000027179718,0.9649999737739563
YNL267W,YBL037W,0,-3.1494617,0.0925246849656105,0.984000027179718,0.9650999903678894
YOR272W,YOR089C,0,-3.1498098,0.0925159826874733,0.984000027179718,0.9652000069618225
YHR094C,YDR345C,1,-3.1499782,0.09260129928588867,0.9850000143051147,0.9652000069618225
YOR163W,YGL167C,0,-3.1516252,0.09259258955717087,0.9850000143051147,0.9653000235557556
YKL134C,YKL017C,0,-3.151749,0.09258388727903366,0.9850000143051147,0.965399980545044
YDR310C,YJL061W,0,-3.1531556,0.09257518500089645,0.9850000143051147,0.965499997138977
YFL049W,YJL133W,0,-3.1532176,0.09256649017333984,0.9850000143051147,0.9656000137329102
YGL038C,YML110C,0,-3.1535492,0.09255778789520264,0.9850000143051147,0.9656999707221985
YOR310C,YKR066C,0,-3.1537328,0.09254909306764603,0.9850000143051147,0.9657999873161316
YDL015C,YLR447C,0,-3.1537826,0.09254039824008942,0.9850000143051147,0.9659000039100647
YBR179C,YNL131W,0,-3.1539652,0.0925317034125328,0.9850000143051147,0.9660000205039978
YBR092C,YBR273C,0,-3.1554267,0.0925230160355568,0.9850000143051147,0.9660999774932861
YGR044C,YHR086W,0,-3.155925,0.09251432120800018,0.9850000143051147,0.9661999940872192
YIL036W,YPR139C,0,-3.1570048,0.09250563383102417,0.9850000143051147,0.9663000106811523
YGR084C,YBR050C,0,-3.1576416,0.09249694645404816,0.9850000143051147,0.9664000272750854
YJL102W,YDR384C,0,-3.159668,0.09248826652765274,0.9850000143051147,0.9664999842643738
YPL134C,YDR525W-A,0,-3.1597192,0.09247957915067673,0.9850000143051147,0.9666000008583069
YDL102W,YGL213C,0,-3.1616232,0.09247089922428131,0.9850000143051147,0.96670001745224
YNL032W,YHR118C,0,-3.1622782,0.0924622192978859,0.9850000143051147,0.9667999744415283
YPR023C,YDL215C,0,-3.162526,0.09245353937149048,0.9850000143051147,0.9668999910354614
YKL062W,YBR072W,0,-3.1631649,0.09244485944509506,0.9850000143051147,0.9670000076293945
YJR059W,YIR024C,0,-3.1637745,0.09243618696928024,0.9850000143051147,0.9671000242233276
YBR302C,YOR101W,0,-3.1639473,0.09242751449346542,0.9850000143051147,0.967199981212616
YGL084C,YPR026W,1,-3.164819,0.09251266717910767,0.9860000014305115,0.967199981212616
YHR186C,YKL054C,0,-3.1652994,0.09250398725271225,0.9860000014305115,0.9672999978065491
YHR031C,YLL003W,0,-3.1655793,0.09249530732631683,0.9860000014305115,0.9674000144004822
YML074C,YJL097W,0,-3.1656313,0.09248663485050201,0.9860000014305115,0.9674999713897705
YLR100W,YMR029C,0,-3.165643,0.0924779623746872,0.9860000014305115,0.9675999879837036
YGR170W,YPL259C,0,-3.165993,0.09246928989887238,0.9860000014305115,0.9677000045776367
YDL102W,YDL002C,0,-3.1666996,0.09246061742305756,0.9860000014305115,0.9678000211715698
YGR206W,YLR265C,0,-3.1679108,0.09245194494724274,0.9860000014305115,0.9678999781608582
YIL033C,YGL213C,0,-3.1687036,0.09244327992200851,0.9860000014305115,0.9679999947547913
YKR024C,YIL143C,0,-3.169176,0.09243461489677429,0.9860000014305115,0.9681000113487244
YGL027C,YJL137C,0,-3.1692524,0.09242594987154007,0.9860000014305115,0.9682000279426575
YDR032C,YBR143C,0,-3.1693463,0.09241728484630585,0.9860000014305115,0.9682999849319458
YDR229W,YCL038C,0,-3.171478,0.09240861982107162,0.9860000014305115,0.9684000015258789
YDL065C,YMR158W,0,-3.1715112,0.092399962246418,0.9860000014305115,0.968500018119812
YFR021W,YOR362C,0,-3.1719856,0.09239130467176437,0.9860000014305115,0.9685999751091003
YGL247W,YHR155W,0,-3.172161,0.09238264709711075,0.9860000014305115,0.9686999917030334
YDR393W,YMR119W,0,-3.1727896,0.09237398952245712,0.9860000014305115,0.9688000082969666
YLR293C,YHR096C,0,-3.1731584,0.0923653393983841,0.9860000014305115,0.9689000248908997
YER053C,YKL170W,0,-3.1738384,0.09235668927431107,0.9860000014305115,0.968999981880188
YDR424C,YGL207W,0,-3.173857,0.09234803915023804,0.9860000014305115,0.9690999984741211
YCL032W,YKL149C,0,-3.1743627,0.09233938902616501,0.9860000014305115,0.9692000150680542
YOR299W,YOL070C,0,-3.176493,0.09233073890209198,0.9860000014305115,0.9692999720573425
YJR065C,YBR279W,0,-3.1767428,0.09232209622859955,0.9860000014305115,0.9693999886512756
YDR080W,YNL029C,0,-3.1780148,0.09231345355510712,0.9860000014305115,0.9695000052452087
YKL064W,YGL200C,0,-3.178035,0.09230481088161469,0.9860000014305115,0.9696000218391418
YDR424C,YJR076C,0,-3.1781137,0.09229616820812225,0.9860000014305115,0.9696999788284302
YIL033C,YPR155C,0,-3.1811845,0.09228753298521042,0.9860000014305115,0.9697999954223633
YOL093W,YFL023W,0,-3.1823373,0.09227889776229858,0.9860000014305115,0.9699000120162964
YHL020C,YIL088C,0,-3.1828635,0.09227026253938675,0.9860000014305115,0.9700000286102295
YDL007W,YDL225W,0,-3.1831155,0.09226162731647491,0.9860000014305115,0.9700999855995178
YJL137C,YGR135W,0,-3.1842499,0.09225299209356308,0.9860000014305115,0.9702000021934509
YPR107C,YPR025C,0,-3.1850579,0.09224436432123184,0.9860000014305115,0.970300018787384
YJR032W,YLL015W,0,-3.1872709,0.0922357365489006,0.9860000014305115,0.9703999757766724
YIL033C,YML120C,0,-3.1876667,0.09222710877656937,0.9860000014305115,0.9704999923706055
YDR393W,YJR117W,0,-3.1883135,0.09221848100423813,0.9860000014305115,0.9706000089645386
YDR452W,YKL067W,0,-3.1887076,0.09220985323190689,0.9860000014305115,0.9707000255584717
YHR031C,YIL088C,0,-3.1897893,0.09220123291015625,0.9860000014305115,0.97079998254776
YPL134C,YNL005C,0,-3.1905158,0.09219261258840561,0.9860000014305115,0.9708999991416931
YDR342C,YAL017W,0,-3.1940002,0.09218399226665497,0.9860000014305115,0.9710000157356262
YGL210W,YOR198C,0,-3.1941106,0.09217537939548492,0.9860000014305115,0.9710999727249146
YCR060W,YBL057C,0,-3.1946378,0.09216675907373428,0.9860000014305115,0.9711999893188477
YNL047C,YEL015W,0,-3.1947033,0.09215814620256424,0.9860000014305115,0.9713000059127808
YER159C,YLL029W,0,-3.19794,0.0921495333313942,0.9860000014305115,0.9714000225067139
YJR065C,YDR452W,0,-3.2008083,0.09214092046022415,0.9860000014305115,0.9714999794960022
YPL096W,YJL155C,0,-3.2011802,0.0921323150396347,0.9860000014305115,0.9715999960899353
YOR173W,YBR022W,0,-3.202573,0.09212370216846466,0.9860000014305115,0.9717000126838684
YDL051W,YDL215C,0,-3.2026641,0.09211509674787521,0.9860000014305115,0.9718000292778015
YPL043W,YIL143C,0,-3.203108,0.09210649132728577,0.9860000014305115,0.9718999862670898
YJL137C,YHR109W,0,-3.203984,0.09209788590669632,0.9860000014305115,0.972000002861023
YNL173C,YPL010W,0,-3.204425,0.09208928793668747,0.9860000014305115,0.972100019454956
YDL178W,YOR247W,0,-3.2056758,0.09208068996667862,0.9860000014305115,0.9721999764442444
YGR236C,YOR374W,0,-3.2064152,0.09207209199666977,0.9860000014305115,0.9722999930381775
YER157W,YOR330C,0,-3.2087562,0.09206349402666092,0.9860000014305115,0.9724000096321106
YGR181W,YKL167C,0,-3.2103474,0.09205489605665207,0.9860000014305115,0.9725000262260437
YBR036C,YDR519W,0,-3.2117934,0.09204630553722382,0.9860000014305115,0.972599983215332
YHR064C,YLR060W,0,-3.2132564,0.09203770756721497,0.9860000014305115,0.9726999998092651
YNR027W,YOR371C,0,-3.2146065,0.09202912449836731,0.9860000014305115,0.9728000164031982
YER020W,YDL146W,0,-3.2174394,0.09202053397893906,0.9860000014305115,0.9728999733924866
YPL091W,YMR109W,0,-3.2185633,0.0920119434595108,0.9860000014305115,0.9729999899864197
YOR067C,YIL097W,0,-3.2203462,0.09200336039066315,0.9860000014305115,0.9731000065803528
YDR384C,YBR036C,0,-3.2228134,0.09199477732181549,0.9860000014305115,0.9732000231742859
YBR302C,YDR368W,0,-3.2237906,0.09198619425296783,0.9860000014305115,0.9732999801635742
YKL099C,YHL011C,0,-3.223931,0.09197761118412018,0.9860000014305115,0.9733999967575073
YGL178W,YDR430C,0,-3.2272792,0.09196903556585312,0.9860000014305115,0.9735000133514404
YCR072C,YLR246W,0,-3.2292697,0.09196045249700546,0.9860000014305115,0.9735999703407288
YDL002C,YBR202W,0,-3.2312844,0.0919518768787384,0.9860000014305115,0.9736999869346619
YBL025W,YGL211W,0,-3.2322557,0.09194330126047134,0.9860000014305115,0.973800003528595
YDR200C,YNL002C,0,-3.233268,0.09193473309278488,0.9860000014305115,0.9739000201225281
YBL018C,YNL041C,0,-3.2345328,0.09192615747451782,0.9860000014305115,0.9739999771118164
YJL110C,YDR473C,0,-3.235082,0.09191758930683136,0.9860000014305115,0.9740999937057495
YMR119W,YGR262C,0,-3.239531,0.0919090211391449,0.9860000014305115,0.9742000102996826
YNL097C,YDR016C,0,-3.2400115,0.09190046042203903,0.9860000014305115,0.9743000268936157
YLR219W,YGR165W,0,-3.2401655,0.09189189225435257,0.9860000014305115,0.974399983882904
YGR174C,YPR083W,0,-3.2408636,0.0918833315372467,0.9860000014305115,0.9745000004768372
YJL110C,YMR065W,0,-3.243809,0.09187476336956024,0.9860000014305115,0.9746000170707703
YDR384C,YPR005C,0,-3.2443259,0.09186621010303497,0.9860000014305115,0.9746999740600586
YOL033W,YBR177C,0,-3.2452495,0.09185764938592911,0.9860000014305115,0.9747999906539917
YNL267W,YHL019C,0,-3.2456253,0.09184908866882324,0.9860000014305115,0.9749000072479248
YOR347C,YML088W,0,-3.245809,0.09184053540229797,0.9860000014305115,0.9750000238418579
YPL221W,YFR041C,0,-3.2462523,0.0918319821357727,0.9860000014305115,0.9750999808311462
YJL155C,YDL015C,0,-3.247656,0.09182342886924744,0.9860000014305115,0.9751999974250793
YPL046C,YNL082W,0,-3.2487543,0.09181488305330276,0.9860000014305115,0.9753000140190125
YCR067C,YDR200C,0,-3.2492545,0.0918063297867775,0.9860000014305115,0.9753999710083008
YBR171W,YML029W,0,-3.2499197,0.09179778397083282,0.9860000014305115,0.9754999876022339
YDL222C,YDR083W,0,-3.2505467,0.09178923815488815,0.9860000014305115,0.975600004196167
YDR198C,YLR223C,0,-3.251405,0.09178069233894348,0.9860000014305115,0.9757000207901001
YOR028C,YHL003C,0,-3.253495,0.0917721539735794,0.9860000014305115,0.9757999777793884
YPL211W,YIL143C,0,-3.25395,0.09176360815763474,0.9860000014305115,0.9758999943733215
YBR072W,YIL088C,0,-3.2541292,0.09175506979227066,0.9860000014305115,0.9760000109672546
YIL076W,YJL097W,0,-3.256358,0.09174653142690659,0.9860000014305115,0.9761000275611877
YCL040W,YPR026W,1,-3.258451,0.0918310359120369,0.9869999885559082,0.9761000275611877
YER098W,YLR120C,0,-3.2590091,0.09182249754667282,0.9869999885559082,0.9761999845504761
YBR202W,YOR143C,0,-3.2598007,0.09181395173072815,0.9869999885559082,0.9763000011444092
YJR014W,YBR278W,0,-3.262146,0.09180541336536407,0.9869999885559082,0.9764000177383423
YJR117W,YOR362C,0,-3.2634978,0.091796875,0.9869999885559082,0.9764999747276306
YDL235C,YML029W,0,-3.2640138,0.09178833663463593,0.9869999885559082,0.9765999913215637
YKL064W,YMR029C,0,-3.2645974,0.09177980571985245,0.9869999885559082,0.9767000079154968
YJL020C,YDL007W,0,-3.265696,0.09177126735448837,0.9869999885559082,0.9768000245094299
YBR146W,YBR046C,0,-3.2657464,0.0917627364397049,0.9869999885559082,0.9768999814987183
YBL040C,YGL161C,0,-3.2657902,0.09175420552492142,0.9869999885559082,0.9769999980926514
YGR284C,YNL048W,0,-3.266775,0.09174567461013794,0.9869999885559082,0.9771000146865845
YDR473C,YNL164C,0,-3.2674205,0.09173715114593506,0.9869999885559082,0.9771999716758728
YMR091C,YDR513W,0,-3.2677033,0.09172862768173218,0.9869999885559082,0.9772999882698059
YGR009C,YDR315C,0,-3.2677724,0.0917200967669487,0.9869999885559082,0.977400004863739
YCL032W,YJL187C,0,-3.2717402,0.09171158075332642,0.9869999885559082,0.9775000214576721
YNL185C,YCL010C,0,-3.2728863,0.09170305728912354,0.9869999885559082,0.9775999784469604
YPR025C,YLR197W,0,-3.2748106,0.09169453382492065,0.9869999885559082,0.9776999950408936
YKL020C,YHR043C,0,-3.2765396,0.09168601781129837,0.9869999885559082,0.9778000116348267
YDL202W,YDL024C,0,-3.2767098,0.09167750179767609,0.9869999885559082,0.9779000282287598
YGR092W,YGR038W,0,-3.277176,0.0916689857840538,0.9869999885559082,0.9779999852180481
YIL103W,YNL110C,0,-3.277346,0.09166047722101212,0.9869999885559082,0.9781000018119812
YJL137C,YOL008W,0,-3.277992,0.09165196120738983,0.9869999885559082,0.9782000184059143
YDL046W,YGL250W,0,-3.280084,0.09164345264434814,0.9869999885559082,0.9782999753952026
YBL057C,YJL023C,0,-3.2803636,0.09163494408130646,0.9869999885559082,0.9783999919891357
YAL001C,YOR067C,0,-3.2817376,0.09162643551826477,0.9869999885559082,0.9785000085830688
YNL097C,YCL038C,0,-3.2831156,0.09161793440580368,0.9869999885559082,0.978600025177002
YCR003W,YLR266C,0,-3.2855635,0.09160943329334259,0.9869999885559082,0.9786999821662903
YDR524C,YDR120C,0,-3.2864876,0.0916009247303009,0.9869999885559082,0.9787999987602234
YNL125C,YJR113C,0,-3.2867384,0.09159243106842041,0.9869999885559082,0.9789000153541565
YGL025C,YDL036C,0,-3.2868936,0.09158392995595932,0.9869999885559082,0.9789999723434448
YNL039W,YLR399C,0,-3.2871995,0.09157542884349823,0.9869999885559082,0.9790999889373779
YGR083C,YNR054C,0,-3.2890956,0.09156693518161774,0.9869999885559082,0.979200005531311
YDR153C,YJR014W,0,-3.2892213,0.09155844151973724,0.9869999885559082,0.9793000221252441
YJL074C,YJL140W,0,-3.2894394,0.09154994785785675,0.9869999885559082,0.9793999791145325
YOR347C,YLR120C,0,-3.2911763,0.09154146164655685,0.9869999885559082,0.9794999957084656
YKL101W,YGR284C,0,-3.2913334,0.09153296798467636,0.9869999885559082,0.9796000123023987
YDR477W,YOR354C,0,-3.2928936,0.09152448177337646,0.9869999885559082,0.9797000288963318
YER012W,YPR149W,0,-3.2945614,0.09151599556207657,0.9869999885559082,0.9797999858856201
YGR262C,YNL321W,0,-3.2960875,0.09150750935077667,0.9869999885559082,0.9799000024795532
YLL040C,YPR181C,0,-3.2972448,0.09149902313947678,0.9869999885559082,0.9800000190734863
YBR298C,YGR289C,1,-3.2975113,0.0915832370519638,0.9879999756813049,0.9800000190734863
YDR083W,YNL164C,0,-3.300303,0.09157475084066391,0.9879999756813049,0.9800999760627747
YJR075W,YML077W,0,-3.3003585,0.09156626462936401,0.9879999756813049,0.9801999926567078
YHL030W,YLR404W,0,-3.3027236,0.09155777841806412,0.9879999756813049,0.9803000092506409
YCL040W,YHR096C,1,-3.3027856,0.09164195507764816,0.9890000224113464,0.9803000092506409
YJR065C,YBR173C,0,-3.3042617,0.09163346886634827,0.9890000224113464,0.980400025844574
YIL110W,YKL110C,0,-3.3063967,0.09162497520446777,0.9890000224113464,0.9804999828338623
YER179W,YPR111W,0,-3.3067677,0.09161648899316788,0.9890000224113464,0.9805999994277954
YPR029C,YOL089C,0,-3.312061,0.09160800278186798,0.9890000224113464,0.9807000160217285
YNL084C,YDL146W,0,-3.3121173,0.09159951657056808,0.9890000224113464,0.9807999730110168
YOR148C,YGL213C,0,-3.3124487,0.09159103780984879,0.9890000224113464,0.98089998960495
YCL032W,YLR095C,0,-3.3144717,0.09158255159854889,0.9890000224113464,0.9810000061988831
YPL243W,YKL064W,0,-3.3145266,0.09157407283782959,0.9890000224113464,0.9811000227928162
YPR026W,YFR053C,1,-3.3152988,0.09165818244218826,0.9900000095367432,0.9811000227928162
YGL213C,YJL053W,0,-3.316042,0.09164969623088837,0.9900000095367432,0.9811999797821045
YOL125W,YBL103C,0,-3.3173387,0.09164121001958847,0.9900000095367432,0.9812999963760376
YBR095C,YKL175W,0,-3.31871,0.09163273125886917,0.9900000095367432,0.9814000129699707
YGR194C,YFL046W,0,-3.3216784,0.09162424504756927,0.9900000095367432,0.9815000295639038
YER021W,YNL084C,0,-3.3217356,0.09161576628684998,0.9900000095367432,0.9815999865531921
YHR109W,YGL073W,0,-3.324642,0.09160729497671127,0.9900000095367432,0.9817000031471252
YGL153W,YER021W,0,-3.325928,0.09159881621599197,0.9900000095367432,0.9818000197410583
YBR095C,YMR054W,0,-3.3271928,0.09159034490585327,0.9900000095367432,0.9818999767303467
YMR227C,YGR078C,0,-3.330499,0.09158186614513397,0.9900000095367432,0.9819999933242798
YLR002C,YKR086W,0,-3.3310397,0.09157339483499527,0.9900000095367432,0.9821000099182129
YOR115C,YKR021W,0,-3.3315418,0.09156493097543716,0.9900000095367432,0.982200026512146
YKL099C,YOL093W,0,-3.3339207,0.09155645966529846,0.9900000095367432,0.9822999835014343
YMR119W,YOR206W,0,-3.3351507,0.09154799580574036,0.9900000095367432,0.9824000000953674
YPL055C,YLR265C,0,-3.3351967,0.09153953194618225,0.9900000095367432,0.9825000166893005
YOR247W,YDL044C,0,-3.3359954,0.09153106808662415,0.9900000095367432,0.9825999736785889
YPR058W,YLR206W,0,-3.3391087,0.09152260422706604,0.9900000095367432,0.982699990272522
YPL096W,YBR029C,0,-3.3424027,0.09151414036750793,0.9900000095367432,0.9828000068664551
YJR065C,YBR095C,0,-3.3439286,0.09150568395853043,0.9900000095367432,0.9829000234603882
YNL026W,YCR002C,0,-3.3440783,0.09149722754955292,0.9900000095367432,0.9829999804496765
YGR044C,YGL073W,0,-3.3491826,0.09148877114057541,0.9900000095367432,0.9830999970436096
YJR005W,YJR014W,0,-3.3499565,0.0914803147315979,0.9900000095367432,0.9832000136375427
YOR310C,YNL103W,0,-3.3503234,0.09147186577320099,0.9900000095367432,0.983299970626831
YDR016C,YLR120C,0,-3.3510773,0.09146341681480408,0.9900000095367432,0.9833999872207642
YKR087C,YGR284C,0,-3.3513114,0.09145496785640717,0.9900000095367432,0.9835000038146973
YNL281W,YLR120C,0,-3.3516822,0.09144651889801025,0.9900000095367432,0.9836000204086304
YIL099W,YGR165W,0,-3.3517504,0.09143806993961334,0.9900000095367432,0.9836999773979187
YPL040C,YLR262C,0,-3.3564548,0.09142962843179703,0.9900000095367432,0.9837999939918518
YIL036W,YBR092C,0,-3.3568296,0.09142118692398071,0.9900000095367432,0.9839000105857849
YIL088C,YGR101W,0,-3.3572776,0.0914127454161644,0.9900000095367432,0.984000027179718
YGL025C,YLR066W,0,-3.3595676,0.09140430390834808,0.9900000095367432,0.9840999841690063
YHR084W,YFL049W,0,-3.3618596,0.09139586240053177,0.9900000095367432,0.9842000007629395
YIL079C,YBR034C,0,-3.3624127,0.09138742834329605,0.9900000095367432,0.9843000173568726
YLL009C,YPL017C,0,-3.364237,0.09137899428606033,0.9900000095367432,0.9843999743461609
YGL065C,YBL023C,0,-3.3651679,0.09137056022882462,0.9900000095367432,0.984499990940094
YOL089C,YJL140W,0,-3.367317,0.0913621261715889,0.9900000095367432,0.9846000075340271
YGL207W,YBR245C,0,-3.367796,0.09135369211435318,0.9900000095367432,0.9847000241279602
YPL210C,YNL321W,0,-3.3695014,0.09134526550769806,0.9900000095367432,0.9847999811172485
YGL131C,YGL233W,0,-3.3699586,0.09133683890104294,0.9900000095367432,0.9848999977111816
YBL064C,YMR225C,0,-3.3706744,0.09132841229438782,0.9900000095367432,0.9850000143051147
YOR206W,YPR171W,0,-3.3711812,0.0913199856877327,0.9900000095367432,0.9850999712944031
YJR076C,YKR021W,0,-3.3772936,0.09131156653165817,0.9900000095367432,0.9851999878883362
YPL210C,YPR171W,0,-3.3824823,0.09130314737558365,0.9900000095367432,0.9853000044822693
YJL030W,YGL213C,0,-3.3830483,0.09129472821950912,0.9900000095367432,0.9854000210762024
YBR255W,YCL038C,0,-3.3839836,0.0912863090634346,0.9900000095367432,0.9854999780654907
YPL096W,YAR007C,0,-3.3886738,0.09127788990736008,0.9900000095367432,0.9855999946594238
YMR225C,YJL023C,0,-3.3902562,0.09126947820186615,0.9900000095367432,0.9857000112533569
YGL195W,YBL034C,0,-3.3932765,0.09126105904579163,0.9900000095367432,0.98580002784729
YPL004C,YKL167C,0,-3.3986404,0.0912526473402977,0.9900000095367432,0.9858999848365784
YHR096C,YDR342C,1,-3.4007518,0.09133640676736832,0.9909999966621399,0.9858999848365784
YEL012W,YPL183W-A,0,-3.403396,0.09132798761129379,0.9909999966621399,0.9860000014305115
YOL049W,YDR513W,0,-3.4064848,0.09131957590579987,0.9909999966621399,0.9861000180244446
YJL025W,YDL044C,0,-3.4065778,0.09131115674972534,0.9909999966621399,0.9861999750137329
YEL015W,YLR418C,0,-3.4077344,0.09130274504423141,0.9909999966621399,0.986299991607666
YPR026W,YDR342C,1,-3.4086354,0.09138645976781845,0.9919999837875366,0.986299991607666
YOL070C,YGL167C,0,-3.4110684,0.09137804061174393,0.9919999837875366,0.9864000082015991
YDL007W,YNR043W,0,-3.4117298,0.0913696214556694,0.9919999837875366,0.9865000247955322
YBL030C,YFL036W,0,-3.4137418,0.09136120975017548,0.9919999837875366,0.9865999817848206
YBL015W,YMR267W,0,-3.414582,0.09135279804468155,0.9919999837875366,0.9866999983787537
YGL111W,YIL017C,0,-3.4153063,0.09134438633918762,0.9919999837875366,0.9868000149726868
YHR186C,YFR002W,0,-3.4165065,0.0913359746336937,0.9919999837875366,0.9868999719619751
YIL031W,YIL103W,0,-3.4166546,0.09132756292819977,0.9919999837875366,0.9869999885559082
YKL059C,YJL111W,0,-3.417766,0.09131915867328644,0.9919999837875366,0.9871000051498413
YML110C,YDL215C,0,-3.4195256,0.09131075441837311,0.9919999837875366,0.9872000217437744
YML070W,YML120C,0,-3.4204636,0.09130235016345978,0.9919999837875366,0.9872999787330627
YDR312W,YGL229C,0,-3.420797,0.09129394590854645,0.9919999837875366,0.9873999953269958
YBL015W,YPR047W,0,-3.4248388,0.09128554165363312,0.9919999837875366,0.987500011920929
YJL209W,YLR007W,0,-3.4258716,0.09127714484930038,0.9919999837875366,0.9876000285148621
YOR137C,YJL091C,0,-3.4259439,0.09126874804496765,0.9919999837875366,0.9876999855041504
YLR220W,YLR203C,0,-3.4262908,0.09126035124063492,0.9919999837875366,0.9878000020980835
YLL029W,YDR144C,0,-3.4265463,0.09125195443630219,0.9919999837875366,0.9879000186920166
YOR354C,YGL191W,0,-3.4270382,0.09124356508255005,0.9919999837875366,0.9879999756813049
YPL055C,YOR067C,0,-3.4277,0.09123516827821732,0.9919999837875366,0.988099992275238
YGR222W,YBR059C,0,-3.4285023,0.09122677892446518,0.9919999837875366,0.9882000088691711
YER039C,YLL009C,0,-3.4317496,0.09121838957071304,0.9919999837875366,0.9883000254631042
YDL100C,YLL015W,0,-3.4403336,0.09121000021696091,0.9919999837875366,0.9883999824523926
YPL096W,YDR150W,0,-3.4413393,0.09120161831378937,0.9919999837875366,0.9884999990463257
YNR043W,YBL091C,0,-3.4447243,0.09119323641061783,0.9919999837875366,0.9886000156402588
YJR044C,YLL009C,0,-3.4477966,0.09118485450744629,0.9919999837875366,0.9886999726295471
YGR044C,YJL091C,0,-3.4516013,0.09117647260427475,0.9919999837875366,0.9887999892234802
YDR343C,YHR096C,1,-3.4533002,0.09125999361276627,0.9929999709129333,0.9887999892234802
YER012W,YBR036C,0,-3.4533117,0.09125161170959473,0.9929999709129333,0.9889000058174133
YJR014W,YPL046C,0,-3.454726,0.09124322235584259,0.9929999709129333,0.9890000224113464
YJR010C-A,YLL040C,0,-3.4580157,0.09123484045267105,0.9929999709129333,0.9890999794006348
YCL063W,YOL006C,0,-3.4597075,0.09122645854949951,0.9929999709129333,0.9891999959945679
YBL018C,YPL169C,0,-3.4614494,0.09121807664632797,0.9929999709129333,0.989300012588501
YDR084C,YHR135C,0,-3.4621313,0.09120970219373703,0.9929999709129333,0.9894000291824341
YPR107C,YMR054W,0,-3.4621985,0.09120132029056549,0.9929999709129333,0.9894999861717224
YNL173C,YHR096C,0,-3.4656918,0.09119294583797455,0.9929999709129333,0.9896000027656555
YJR048W,YIL017C,0,-3.4666657,0.0911845713853836,0.9929999709129333,0.9897000193595886
YKL094W,YIL124W,0,-3.469951,0.09117619693279266,0.9929999709129333,0.989799976348877
YGR084C,YOR374W,0,-3.4717336,0.09116782993078232,0.9929999709129333,0.9898999929428101
YDL085W,YMR267W,0,-3.4755113,0.09115946292877197,0.9929999709129333,0.9900000095367432
YBR014C,YOR124C,0,-3.4772394,0.09115109592676163,0.9929999709129333,0.9901000261306763
YNL039W,YPL208W,0,-3.4773102,0.09114272892475128,0.9929999709129333,0.9901999831199646
YPR155C,YIL051C,0,-3.4875813,0.09113436192274094,0.9929999709129333,0.9902999997138977
YIL010W,YLR450W,0,-3.4890885,0.09112599492073059,0.9929999709129333,0.9904000163078308
YJL003W,YBR059C,0,-3.4921858,0.09111763536930084,0.9929999709129333,0.9904999732971191
YKL087C,YDR251W,0,-3.4924567,0.0911092758178711,0.9929999709129333,0.9905999898910522
YLL040C,YPR052C,0,-3.5039008,0.09110091626644135,0.9929999709129333,0.9907000064849854
YLR002C,YBR212W,0,-3.5040627,0.0910925567150116,0.9929999709129333,0.9908000230789185
YLL040C,YOR067C,0,-3.5044749,0.09108420461416245,0.9929999709129333,0.9908999800682068
YLR099C,YPR140W,0,-3.5081558,0.0910758525133133,0.9929999709129333,0.9909999966621399
YIL036W,YBR143C,0,-3.5125878,0.09106750041246414,0.9929999709129333,0.991100013256073
YLR298C,YIL088C,0,-3.513574,0.09105914831161499,0.9929999709129333,0.9911999702453613
YPR107C,YLR095C,0,-3.5139472,0.09105079621076584,0.9929999709129333,0.9912999868392944
YDR368W,YJR117W,0,-3.5218446,0.09104245156049728,0.9929999709129333,0.9914000034332275
YER020W,YKL185W,0,-3.5244603,0.09103410691022873,0.9929999709129333,0.9915000200271606
YBR143C,YLR060W,0,-3.528487,0.09102576225996017,0.9929999709129333,0.991599977016449
YML001W,YCL034W,0,-3.530856,0.09101741760969162,0.9929999709129333,0.9916999936103821
YBL060W,YGR188C,0,-3.5374434,0.09100907295942307,0.9929999709129333,0.9918000102043152
YBR146W,YML120C,0,-3.538366,0.09100073575973511,0.9929999709129333,0.9919000267982483
YBR036C,YNL081C,0,-3.5402324,0.09099239110946655,0.9929999709129333,0.9919999837875366
YPL040C,YLL009C,0,-3.540325,0.0909840539097786,0.9929999709129333,0.9921000003814697
YLR204W,YPR166C,0,-3.5419374,0.09097572416067123,0.9929999709129333,0.9922000169754028
YGR084C,YOR134W,0,-3.5532491,0.09096738696098328,0.9929999709129333,0.9922999739646912
YDL202W,YJR065C,0,-3.5540082,0.09095905721187592,0.9929999709129333,0.9923999905586243
YMR152W,YDL046W,0,-3.5542152,0.09095072001218796,0.9929999709129333,0.9925000071525574
YBR146W,YGR223C,0,-3.556251,0.0909423977136612,0.9929999709129333,0.9926000237464905
YDR152W,YLR246W,0,-3.557422,0.09093406796455383,0.9929999709129333,0.9926999807357788
YPR110C,YFL023W,0,-3.5577197,0.09092573821544647,0.9929999709129333,0.9927999973297119
YIL031W,YHR069C,0,-3.562757,0.09091741591691971,0.9929999709129333,0.992900013923645
YLR304C,YDR513W,0,-3.5659955,0.09090909361839294,0.9929999709129333,0.9929999709129333
YGR195W,YDR463W,0,-3.5683267,0.09090077131986618,0.9929999709129333,0.9930999875068665
YOR347C,YBR001C,0,-3.5698636,0.09089244902133942,0.9929999709129333,0.9932000041007996
YCL038C,YPR047W,0,-3.5914714,0.09088412672281265,0.9929999709129333,0.9933000206947327
YAL017W,YPR139C,0,-3.5918026,0.09087581187486649,0.9929999709129333,0.993399977684021
YPL061W,YBR126C,0,-3.5921023,0.09086749702692032,0.9929999709129333,0.9934999942779541
YNR076W,YDR392W,0,-3.5927875,0.09085918217897415,0.9929999709129333,0.9936000108718872
YPL243W,YOR089C,0,-3.5947936,0.09085086733102798,0.9929999709129333,0.9937000274658203
YPR155C,YDR084C,0,-3.5982873,0.09084255993366241,0.9929999709129333,0.9937999844551086
YBR072W,YPR166C,0,-3.6055915,0.09083424508571625,0.9929999709129333,0.9939000010490417
YGR174C,YKL067W,0,-3.6126769,0.09082593768835068,0.9929999709129333,0.9940000176429749
YOR206W,YLR197W,0,-3.6154082,0.09081763029098511,0.9929999709129333,0.9940999746322632
YGR284C,YGL001C,0,-3.6209953,0.09080933034420013,0.9929999709129333,0.9941999912261963
YIL030C,YGR262C,0,-3.6236312,0.09080102294683456,0.9929999709129333,0.9943000078201294
YDR463W,YKL180W,0,-3.629517,0.09079272300004959,0.9929999709129333,0.9944000244140625
YHL013C,YIL079C,0,-3.6295528,0.09078442305326462,0.9929999709129333,0.9944999814033508
YKL067W,YLR270W,0,-3.6297164,0.09077612310647964,0.9929999709129333,0.9945999979972839
YFR053C,YDR342C,1,-3.630221,0.09085923433303833,0.9940000176429749,0.9945999979972839
YJL102W,YDR099W,0,-3.639723,0.09085092693567276,0.9940000176429749,0.994700014591217
YPR110C,YOR340C,0,-3.64523,0.09084262698888779,0.9940000176429749,0.9947999715805054
YOR340C,YLR197W,0,-3.6528733,0.09083431959152222,0.9940000176429749,0.9948999881744385
YNL185C,YLL040C,0,-3.662433,0.09082602709531784,0.9940000176429749,0.9950000047683716
YJL179W,YJR014W,0,-3.667247,0.09081772714853287,0.9940000176429749,0.9951000213623047
YNL242W,YKL170W,0,-3.6848114,0.0908094272017479,0.9940000176429749,0.995199978351593
YIL136W,YPR166C,0,-3.7043126,0.09080113470554352,0.9940000176429749,0.9952999949455261
YPR155C,YMR002W,0,-3.717393,0.09079284220933914,0.9940000176429749,0.9954000115394592
YDR032C,YAL060W,0,-3.737164,0.09078454971313477,0.9940000176429749,0.9955000281333923
YBR072W,YMR056C,0,-3.749452,0.09077625721693039,0.9940000176429749,0.9955999851226807
YKL087C,YPR184W,0,-3.753058,0.09076796472072601,0.9940000176429749,0.9957000017166138
YCL040W,YDR343C,1,-3.7545714,0.09085098654031754,0.9950000047683716,0.9957000017166138
YDL046W,YDR350C,0,-3.7557764,0.09084269404411316,0.9950000047683716,0.9958000183105469
YOR089C,YJL133W,0,-3.768944,0.09083440154790878,0.9950000047683716,0.9958999752998352
YPL004C,YBR126C,0,-3.788194,0.0908261090517044,0.9950000047683716,0.9959999918937683
YGL111W,YNR054C,0,-3.8020542,0.09081781655550003,0.9950000047683716,0.9961000084877014
YPL043W,YDR473C,0,-3.8057408,0.09080953150987625,0.9950000047683716,0.9962000250816345
YGR084C,YLR204W,0,-3.8088796,0.09080123901367188,0.9950000047683716,0.9962999820709229
YGR236C,YPL097W,0,-3.816356,0.0907929539680481,0.9950000047683716,0.996399998664856
YIL070C,YBR212W,0,-3.8279135,0.09078466892242432,0.9950000047683716,0.9965000152587891
YDR083W,YDR473C,0,-3.842606,0.09077639132738113,0.9950000047683716,0.9965999722480774
YNL081C,YGL161C,0,-3.844004,0.09076810628175735,0.9950000047683716,0.9966999888420105
YPL119C,YGR112W,0,-3.8452961,0.09075982868671417,0.9950000047683716,0.9968000054359436
YOR163W,YJR117W,0,-3.8518188,0.09075155109167099,0.9950000047683716,0.9969000220298767
YIL088C,YOR143C,0,-3.8630974,0.09074327349662781,0.9950000047683716,0.996999979019165
YPL097W,YBR126C,0,-3.871621,0.09073499590158463,0.9950000047683716,0.9970999956130981
YMR109W,YBR001C,0,-3.8848379,0.09072672575712204,0.9950000047683716,0.9972000122070312
YAL010C,YGR047C,0,-3.8850973,0.09071845561265945,0.9950000047683716,0.9973000288009644
YHR169W,YFL023W,0,-3.8896701,0.09071018546819687,0.9950000047683716,0.9973999857902527
YCL040W,YFR053C,1,-3.895394,0.09079307317733765,0.9959999918937683,0.9973999857902527
YOR095C,YBR273C,0,-3.9344199,0.09078479558229446,0.9959999918937683,0.9975000023841858
YCL040W,YDR342C,1,-3.9354913,0.09086766093969345,0.996999979019165,0.9975000023841858
YML110C,YOL122C,0,-3.9371564,0.09085938334465027,0.996999979019165,0.9976000189781189
YNL242W,YPR149W,0,-3.9472928,0.09085110574960709,0.996999979019165,0.9976999759674072
YBL103C,YBR227C,0,-3.947316,0.0908428281545639,0.996999979019165,0.9977999925613403
YNL185C,YJL053W,0,-3.9715998,0.09083455055952072,0.996999979019165,0.9979000091552734
YNR054C,YNL308C,0,-3.9739153,0.09082627296447754,0.996999979019165,0.9980000257492065
YJL020C,YGL068W,0,-3.9869719,0.09081800282001495,0.996999979019165,0.9980999827384949
YML120C,YMR267W,0,-3.9902372,0.09080972522497177,0.996999979019165,0.998199999332428
YBL030C,YNL081C,0,-4.0018196,0.09080145508050919,0.996999979019165,0.9983000159263611
YKL003C,YBR262C,0,-4.008983,0.0907931849360466,0.996999979019165,0.9983999729156494
YFR053C,YDL046W,0,-4.0113325,0.09078492224216461,0.996999979019165,0.9984999895095825
YLR390W,YDR393W,0,-4.0136104,0.09077665209770203,0.996999979019165,0.9986000061035156
YCR003W,YBR110W,0,-4.0165596,0.09076838940382004,0.996999979019165,0.9987000226974487
YOR288C,YBR046C,0,-4.035308,0.09076012670993805,0.996999979019165,0.9987999796867371
YLL009C,YJR048W,0,-4.0478,0.09075186401605606,0.996999979019165,0.9988999962806702
YPR155C,YKR065C,0,-4.1212287,0.09074360877275467,0.996999979019165,0.9990000128746033
YIL088C,YOR008C,0,-4.150155,0.09073534607887268,0.996999979019165,0.9991000294685364
YDR343C,YFR053C,1,-4.2015333,0.09081809222698212,0.9980000257492065,0.9991000294685364
YJL030W,YPL040C,0,-4.235995,0.09080982953310013,0.9980000257492065,0.9991999864578247
YDR083W,YNL002C,0,-4.2428393,0.09080156683921814,0.9980000257492065,0.9993000030517578
YJR044C,YGL206C,0,-4.2587833,0.09079330414533615,0.9980000257492065,0.9994000196456909
YBR181C,YER179W,0,-4.290915,0.09078504145145416,0.9980000257492065,0.9994999766349792
YFR053C,YHR096C,1,-4.306494,0.09086774289608002,0.9990000128746033,0.9994999766349792
YKL094W,YLR203C,0,-4.334406,0.09085948020219803,0.9990000128746033,0.9995999932289124
YPL061W,YBR046C,0,-4.3353543,0.09085121750831604,0.9990000128746033,0.9997000098228455
YJL180C,YHL004W,0,-4.359521,0.09084295481443405,0.9990000128746033,0.9998000264167786
YIL070C,YGR220C,0,-4.3910565,0.09083469957113266,0.9990000128746033,0.9998999834060669
YJL155C,YGR101W,0,-4.473025,0.09082643687725067,0.9990000128746033,1.0
YDR343C,YDR342C,1,-6.0976715,0.09090909361839294,1.0,1.0
