Gene A,Gene B,Label,Score,Precision,Recall,False Positive Rate
YDR205W,YER054C,0,-3.3383064,0.0,0.0,9.999999747378752e-05
YLR361C,YGR248W,0,-3.3699675,0.0,0.0,0.00019999999494757503
YML058W-A,YBL085W,0,-3.4070187,0.0,0.0,0.0003000000142492354
YER180C-A,YDR173C,0,-3.434923,0.0,0.0,0.00039999998989515007
YPR005C,YDR040C,0,-3.4698415,0.0,0.0,0.0005000000237487257
YOR338W,YBR165W,0,-3.4771137,0.0,0.0,0.0006000000284984708
YLL056C,YLR129W,0,-3.4773183,0.0,0.0,0.000699999975040555
YOR240W,YDR353W,0,-3.4919329,0.0,0.0,0.0007999999797903001
YMR097C,YCL062W,0,-3.4935322,0.0,0.0,0.0008999999845400453
YBR258C,YMR087W,0,-3.5096679,0.0,0.0,0.0010000000474974513
YJL113W,YDR213W,0,-3.5185273,0.0,0.0,0.0010999999940395355
YFL002W-A,YPL020C,0,-3.521663,0.0,0.0,0.0012000000569969416
YCL019W,YPL040C,0,-3.5245557,0.0,0.0,0.0013000000035390258
YKL022C,YJR029W,0,-3.5308173,0.0,0.0,0.00139999995008111
YBR012W-A,YKR035W-A,0,-3.5325587,0.0,0.0,0.001500000013038516
YLR035C-A,YLR105C,0,-3.547196,0.0,0.0,0.0015999999595806003
YAL038W,YLR132C,0,-3.562319,0.0,0.0,0.0017000000225380063
YMR275C,YLR035C-A,0,-3.5633712,0.0,0.0,0.0017999999690800905
YLR034C,YKL200C,0,-3.5739696,0.0,0.0,0.0019000000320374966
YPR046W,YBL005W-B,0,-3.5744371,0.0,0.0,0.0020000000949949026
YFL002W-A,YJR155W,0,-3.5745292,0.0,0.0,0.002099999925121665
YNL199C,YJR027W,0,-3.5761826,0.0,0.0,0.002199999988079071
YLR035C-A,YNR002C,0,-3.5865967,0.0,0.0,0.002300000051036477
YPR155C,YLR455W,0,-3.5873027,0.0,0.0,0.002400000113993883
YCL060C,YML021C,0,-3.5891926,0.0,0.0,0.0024999999441206455
YPL049C,YMR050C,0,-3.5918992,0.0,0.0,0.0026000000070780516
YGR122W,YOR110W,0,-3.5929377,0.0,0.0,0.0027000000700354576
YFL002W-A,YGR161C,0,-3.5979002,0.0,0.0,0.00279999990016222
YBL100W-B,YNL261W,0,-3.5979187,0.0,0.0,0.002899999963119626
YBR066C,YDR365C,0,-3.6003866,0.0,0.0,0.003000000026077032
YNR067C,YBL100W-A,0,-3.6009357,0.0,0.0,0.003100000089034438
YCR102C,YGL201C,0,-3.602061,0.0,0.0,0.0031999999191612005
YPL275W,YIR015W,0,-3.6020715,0.0,0.0,0.0032999999821186066
YNL248C,YJR141W,0,-3.608699,0.0,0.0,0.0034000000450760126
YKR054C,YMR050C,0,-3.6136272,0.0,0.0,0.0035000001080334187
YBR253W,YCL062W,0,-3.616393,0.0,0.0,0.003599999938160181
YDR131C,YBR072W,0,-3.627724,0.0,0.0,0.003700000001117587
YDL038C,YDL198C,0,-3.6339965,0.0,0.0,0.003800000064074993
YOR008C-A,YML021C,0,-3.6357567,0.0,0.0,0.0038999998942017555
YLR134W,YMR045C,0,-3.6365151,0.0,0.0,0.004000000189989805
YFL002W-A,YDR516C,0,-3.643019,0.0,0.0,0.004100000020116568
YML039W,YPR181C,0,-3.6430337,0.0,0.0,0.00419999985024333
YCL060C,YBR123C,0,-3.644837,0.0,0.0,0.00430000014603138
YLR035C-A,YGR217W,0,-3.6452572,0.0,0.0,0.004399999976158142
YPL045W,YOR088W,0,-3.645806,0.0,0.0,0.0044999998062849045
YCL060C,YMR301C,0,-3.6477156,0.0,0.0,0.004600000102072954
YHR114W,YCR058C,0,-3.6490598,0.0,0.0,0.004699999932199717
YJL012C-A,YOR157C,0,-3.649438,0.0,0.0,0.004800000227987766
YAL043C,YLR391W,0,-3.649487,0.0,0.0,0.004900000058114529
YBR212W,YOR088W,0,-3.6502597,0.0,0.0,0.004999999888241291
YCL060C,YDR422C,0,-3.6508434,0.0,0.0,0.005100000184029341
YDR170W-A,YDL138W,0,-3.6538417,0.0,0.0,0.005200000014156103
YBR042C,YFL035C-A,0,-3.6543775,0.0,0.0,0.0052999998442828655
YLL040C,YCL060C,0,-3.6556642,0.0,0.0,0.005400000140070915
YBR284W,YPR107C,0,-3.6572611,0.0,0.0,0.005499999970197678
YLR035C-A,YBL045C,0,-3.65889,0.0,0.0,0.00559999980032444
YGR024C,YML033W,0,-3.6600988,0.0,0.0,0.00570000009611249
YCL060C,YLR275W,0,-3.6604865,0.0,0.0,0.005799999926239252
YML033W,YER147C,0,-3.6617606,0.0,0.0,0.005900000222027302
YOR088W,YLR438C-A,0,-3.6628363,0.0,0.0,0.006000000052154064
YKL138C-A,YOL093W,0,-3.663285,0.0,0.0,0.006099999882280827
YGR156W,YBL005W-B,0,-3.6642525,0.0,0.0,0.006200000178068876
YML131W,YLL024C,0,-3.6670282,0.0,0.0,0.006300000008195639
YML012W,YJL018W,0,-3.6728408,0.0,0.0,0.006399999838322401
YHR079C-B,YOR304W,0,-3.6760876,0.0,0.0,0.006500000134110451
YHR015W,YDR170W-A,0,-3.677259,0.0,0.0,0.006599999964237213
YIL017W,YBL017C,0,-3.6802666,0.0,0.0,0.0066999997943639755
YFL035C,YBL056W,0,-3.6821659,0.0,0.0,0.006800000090152025
YJL021C,YLR059C,0,-3.6827536,0.0,0.0,0.006899999920278788
YIL031W,YER108C,0,-3.683541,0.0,0.0,0.007000000216066837
YDR170W-A,YDR270W,0,-3.6848478,0.0,0.0,0.0071000000461936
YCL060C,YJR078W,0,-3.6852057,0.0,0.0,0.007199999876320362
YPL059W,YBR012W-B,0,-3.6853569,0.0,0.0,0.007300000172108412
YGL071W,YIL017W,0,-3.6858685,0.0,0.0,0.007400000002235174
YFL002W-A,YDR002W,0,-3.686847,0.0,0.0,0.007499999832361937
YLL002W,YOR317W,1,-3.6895792,0.01315789483487606,0.0010000000474974513,0.007499999832361937
YBR090C-A,YDR227W,0,-3.6911316,0.012987012974917889,0.0010000000474974513,0.007600000128149986
YBR258C,YHR079C-B,0,-3.6929173,0.012820512987673283,0.0010000000474974513,0.007699999958276749
YGR272C,YPL022W,0,-3.6932788,0.012658228166401386,0.0010000000474974513,0.007799999788403511
YOR008C-A,YIL056W,0,-3.6944363,0.012500000186264515,0.0010000000474974513,0.007899999618530273
YCL060C,YER032W,0,-3.6953032,0.012345679104328156,0.0010000000474974513,0.00800000037997961
YJL021C,YIR017C,0,-3.6955645,0.012195121496915817,0.0010000000474974513,0.008100000210106373
YLR035C-A,YNR072W,0,-3.6965115,0.012048192322254181,0.0010000000474974513,0.008200000040233135
YGR272C,YHR186C,0,-3.6986444,0.011904762126505375,0.0010000000474974513,0.008299999870359898
YKL138C-A,YMR006C,0,-3.6990201,0.0117647061124444,0.0010000000474974513,0.00839999970048666
YPL041C,YKL175W,0,-3.7009795,0.011627906933426857,0.0010000000474974513,0.008500000461935997
YGL046W,YPL065W,0,-3.7029517,0.01149425283074379,0.0010000000474974513,0.00860000029206276
YBR193C,YDR170W-A,0,-3.7029712,0.011363636702299118,0.0010000000474974513,0.008700000122189522
YJL021C,YDR156W,0,-3.7036788,0.01123595517128706,0.0010000000474974513,0.008799999952316284
YCL060C,YJL076W,0,-3.7043319,0.011111111380159855,0.0010000000474974513,0.008899999782443047
YCL060C,YLR248W,0,-3.7044833,0.010989011265337467,0.0010000000474974513,0.008999999612569809
YFR019W,YKR095W-A,0,-3.7064002,0.010869565419852734,0.0010000000474974513,0.009100000374019146
YFL035C,YDR488C,0,-3.7072117,0.01075268816202879,0.0010000000474974513,0.009200000204145908
YJL012C-A,YDR311W,0,-3.707423,0.010638297535479069,0.0010000000474974513,0.00930000003427267
YJL012C-A,YOR140W,0,-3.707988,0.010526316240429878,0.0010000000474974513,0.009399999864399433
YER137C-A,YBR175W,0,-3.708241,0.010416666977107525,0.0010000000474974513,0.009499999694526196
YGL025C,YFL002W-B,0,-3.708247,0.010309278033673763,0.0010000000474974513,0.009600000455975533
YBR048W,YLR410W-B,0,-3.7082927,0.010204081423580647,0.0010000000474974513,0.009700000286102295
YLR157C-B,YPL087W,0,-3.708339,0.010101010091602802,0.0010000000474974513,0.009800000116229057
YLR410W-B,YDR140W,0,-3.7083442,0.009999999776482582,0.0010000000474974513,0.00989999994635582
YJL170C,YLR157C-B,0,-3.7083561,0.009900989942252636,0.0010000000474974513,0.009999999776482582
YHL009W-B,YPL259C,0,-3.7083855,0.009803921915590763,0.0010000000474974513,0.010099999606609344
YDR261C-C,YKR087C,0,-3.7084172,0.009708737954497337,0.0010000000474974513,0.010200000368058681
YDR337W,YLR410W-B,0,-3.7084515,0.009615384973585606,0.0010000000474974513,0.010300000198185444
YDR210C-C,YOR127W,0,-3.7084754,0.009523809887468815,0.0010000000474974513,0.010400000028312206
YPR137C-A,YEL013W,0,-3.7084858,0.009433962404727936,0.0010000000474974513,0.010499999858438969
YOR343W-A,YDL135C,0,-3.7085102,0.009345794096589088,0.0010000000474974513,0.010599999688565731
YER088C,YPR158C-C,0,-3.7085288,0.009259259328246117,0.0010000000474974513,0.010700000450015068
YBR029C,YGR161C-C,0,-3.708543,0.00917431153357029,0.0010000000474974513,0.01080000028014183
YDR210W-B,YDR079W,0,-3.7085748,0.00909090880304575,0.0010000000474974513,0.010900000110268593
YER165W,YDR316W-A,0,-3.7085848,0.009009009227156639,0.0010000000474974513,0.010999999940395355
YGR027W-A,YJR140C,0,-3.7085984,0.008928571827709675,0.0010000000474974513,0.011099999770522118
YBR070C,YDR316W-A,0,-3.7086527,0.008849557489156723,0.0010000000474974513,0.01119999960064888
YDR210W-B,YOR056C,0,-3.708694,0.008771929889917374,0.0010000000474974513,0.011300000362098217
YGR027W-B,YBR297W,0,-3.7087193,0.008695651777088642,0.0010000000474974513,0.01140000019222498
YMR052W,YOR142W-A,0,-3.7087245,0.008620689623057842,0.0010000000474974513,0.011500000022351742
YGL097W,YLR256W-A,0,-3.7087338,0.008547008968889713,0.0010000000474974513,0.011599999852478504
YDR294C,YER159C-A,0,-3.7087443,0.008474576286971569,0.0010000000474974513,0.011699999682605267
YKL166C,YDR034C-C,0,-3.7087538,0.008403361774981022,0.0010000000474974513,0.011800000444054604
YOR343W-A,YIL128W,0,-3.7087767,0.008333333767950535,0.0010000000474974513,0.011900000274181366
YOR343W-B,YCR008W,0,-3.7087975,0.00826446246355772,0.0010000000474974513,0.012000000104308128
YDR261C-C,YBR009C,0,-3.7087986,0.008196720853447914,0.0010000000474974513,0.01209999993443489
YOR343W-B,YGR029W,0,-3.7088158,0.008130080997943878,0.0010000000474974513,0.012199999764561653
YFL035C,YGL033W,0,-3.7088327,0.008064515888690948,0.0010000000474974513,0.012299999594688416
YHL009W-B,YIL036W,0,-3.7088556,0.00800000037997961,0.0010000000474974513,0.012400000356137753
YDR210C-C,YMR095C,0,-3.7089324,0.007936508394777775,0.0010000000474974513,0.012500000186264515
YDL153C,YDR034C-C,0,-3.7089565,0.007874015718698502,0.0010000000474974513,0.012600000016391277
YPR137C-A,YBR009C,0,-3.7090118,0.0078125,0.0010000000474974513,0.01269999984651804
YNL130C,YNL284C-B,0,-3.709039,0.007751937955617905,0.0010000000474974513,0.012799999676644802
YLR147C,YDR316W-A,0,-3.709061,0.007692307699471712,0.0010000000474974513,0.012900000438094139
YPR158W-B,YOR187W,0,-3.7090929,0.007633587811142206,0.0010000000474974513,0.013000000268220901
YHR214C-C,YMR283C,0,-3.7090986,0.007575757801532745,0.0010000000474974513,0.013100000098347664
YIL095W,YNL054W-B,0,-3.7091048,0.007518797181546688,0.0010000000474974513,0.013199999928474426
YDR210W-B,YNL268W,0,-3.7091768,0.007462686393409967,0.0010000000474974513,0.013299999758601189
YGR161C-C,YNL218W,0,-3.7091777,0.007407407276332378,0.0010000000474974513,0.013399999588727951
YPR137C-A,YDR182W,0,-3.7092876,0.007352941203862429,0.0010000000474974513,0.013500000350177288
YMR276W,YDR210W-B,0,-3.7093308,0.007299270015209913,0.0010000000474974513,0.01360000018030405
YHR214C-C,YIL103W,0,-3.7093956,0.007246376946568489,0.0010000000474974513,0.013700000010430813
YDR261C-D,YLR260W,0,-3.7094014,0.007194244768470526,0.0010000000474974513,0.013799999840557575
YPR137C-B,YHR085W,0,-3.7094119,0.0071428571827709675,0.0010000000474974513,0.013899999670684338
YBR221C,YNL284C-B,0,-3.7094226,0.007092198356986046,0.0010000000474974513,0.014000000432133675
YPR137C-B,YER002W,0,-3.7094257,0.007042253389954567,0.0010000000474974513,0.014100000262260437
YDR261C-C,YER070W,0,-3.7094347,0.00699300691485405,0.0010000000474974513,0.0142000000923872
YKR024C,YOL103W-B,0,-3.709439,0.0069444444961845875,0.0010000000474974513,0.014299999922513962
YIL026C,YGR161C-C,0,-3.7094405,0.006896551698446274,0.0010000000474974513,0.014399999752640724
YOR240W,YNL149C,0,-3.709443,0.006849315017461777,0.0010000000474974513,0.014499999582767487
YGL047W,YGR161W-A,0,-3.7095363,0.006802720949053764,0.0010000000474974513,0.014600000344216824
YOR192C-A,YNL253W,0,-3.709566,0.006756756920367479,0.0010000000474974513,0.014700000174343586
YML012W,YLR227W-B,0,-3.7095687,0.00671140942722559,0.0010000000474974513,0.014800000004470348
YER137C-A,YOL065C,0,-3.7095754,0.006666666828095913,0.0010000000474974513,0.01489999983459711
YGL017W,YER137C-A,0,-3.7096155,0.0066225165501236916,0.0010000000474974513,0.014999999664723873
YDR261W-B,YLR467W,0,-3.7096512,0.00657894741743803,0.0010000000474974513,0.01510000042617321
YPR158W-A,YER120W,0,-3.7096767,0.006535947788506746,0.0010000000474974513,0.015200000256299973
YNL054W-A,YHR085W,0,-3.7096908,0.006493506487458944,0.0010000000474974513,0.015300000086426735
YMR235C,YPR158W-B,0,-3.7097037,0.006451612804085016,0.0010000000474974513,0.015399999916553497
YPR158W-A,YDR179C,0,-3.7097628,0.006410256493836641,0.0010000000474974513,0.01549999974668026
YLR256W-A,YMR095C,0,-3.7098217,0.006369426846504211,0.0010000000474974513,0.015599999576807022
YPL041C,YDR151C,0,-3.7099087,0.006329114083200693,0.0010000000474974513,0.015699999406933784
YLR105C,YDR316W-A,0,-3.7099526,0.006289307959377766,0.0010000000474974513,0.015799999237060547
YGR027W-B,YMR041C,0,-3.7100172,0.0062500000931322575,0.0010000000474974513,0.01590000092983246
YDR054C,YDR316W-A,0,-3.710038,0.006211180239915848,0.0010000000474974513,0.01600000075995922
YDR261C-C,YPL061W,0,-3.710107,0.006172839552164078,0.0010000000474974513,0.016100000590085983
YLR227W-A,YNL065W,0,-3.7101178,0.0061349691823124886,0.0010000000474974513,0.016200000420212746
YNL054W-A,YNL074C,0,-3.7101314,0.006097560748457909,0.0010000000474974513,0.016300000250339508
YEL071W,YDR261W-A,0,-3.710174,0.0060606058686971664,0.0010000000474974513,0.01640000008046627
YML124C,YDR316W-A,0,-3.710254,0.0060240961611270905,0.0010000000474974513,0.016499999910593033
YGR027W-B,YOL054W,0,-3.7102606,0.005988024175167084,0.0010000000474974513,0.016599999740719795
YLR248W,YDR261W-A,0,-3.7102914,0.0059523810632526875,0.0010000000474974513,0.016699999570846558
YNL054W-A,YNL015W,0,-3.7102928,0.005917159840464592,0.0010000000474974513,0.01679999940097332
YDL074C,YFL002W-B,0,-3.7103984,0.0058823530562222,0.0010000000474974513,0.016899999231100082
YNL054W-A,YJL122W,0,-3.7104142,0.005847953259944916,0.0010000000474974513,0.017000000923871994
YBR132C,YLR256W-A,0,-3.710433,0.0058139534667134285,0.0010000000474974513,0.017100000753998756
YKR060W,YPL257W-B,0,-3.7104607,0.005780346691608429,0.0010000000474974513,0.01720000058412552
YGR027W-B,YJL060W,0,-3.7105415,0.005747126415371895,0.0010000000474974513,0.01730000041425228
YGR161C-D,YFL023W,0,-3.7106712,0.0057142856530845165,0.0010000000474974513,0.017400000244379044
YGL127C,YPR137C-B,0,-3.7106712,0.005681818351149559,0.0010000000474974513,0.017500000074505806
YLR304C,YDR365W-B,0,-3.7107189,0.005649717524647713,0.0010000000474974513,0.01759999990463257
YML004C,YGR161W-A,0,-3.7107308,0.00561797758564353,0.0010000000474974513,0.01769999973475933
YNL054W-A,YKL175W,0,-3.710736,0.005586592014878988,0.0010000000474974513,0.017799999564886093
YOR343W-A,YMR076C,0,-3.7107375,0.0055555556900799274,0.0010000000474974513,0.017899999395012856
YOR132W,YGR161C-C,0,-3.7107694,0.005524862091988325,0.0010000000474974513,0.017999999225139618
YKL188C,YDR034C-C,0,-3.710775,0.005494505632668734,0.0010000000474974513,0.01810000091791153
YGR038C-B,YOL026C,0,-3.7107775,0.005464480724185705,0.0010000000474974513,0.018200000748038292
YLR410W-B,YDR059C,0,-3.7107775,0.005434782709926367,0.0010000000474974513,0.018300000578165054
YHL009W-B,YJR121W,0,-3.7108333,0.0054054055362939835,0.0010000000474974513,0.018400000408291817
YOR343W-B,YGR109C,0,-3.7108948,0.005376344081014395,0.0010000000474974513,0.01850000023841858
YDR261C-C,YMR316W,0,-3.7109058,0.005347593687474728,0.0010000000474974513,0.01860000006854534
YDR261C-C,YOR239W,0,-3.7109764,0.005319148767739534,0.0010000000474974513,0.018699999898672104
YNL054W-A,YHR004C,0,-3.7110941,0.005291005130857229,0.0010000000474974513,0.018799999728798866
YOR343W-A,YLR423C,0,-3.711096,0.005263158120214939,0.0010000000474974513,0.01889999955892563
YGR161W-A,YGR167W,0,-3.7111285,0.005235602147877216,0.0010000000474974513,0.01899999938905239
YGL130W,YLR256W-A,0,-3.7111366,0.0052083334885537624,0.0010000000474974513,0.019099999219179153
YPR137C-A,YNL331C,0,-3.7111673,0.005181347019970417,0.0010000000474974513,0.019200000911951065
YDR261W-B,YBL057C,0,-3.711276,0.005154639016836882,0.0010000000474974513,0.019300000742077827
YOR343W-B,YOR191W,0,-3.7113445,0.0051282052882015705,0.0010000000474974513,0.01940000057220459
YER159C-A,YOR230W,0,-3.7114398,0.005102040711790323,0.0010000000474974513,0.019500000402331352
YBR085W,YHR214C-C,0,-3.711457,0.005076142027974129,0.0010000000474974513,0.019600000232458115
YLR157C-B,YPR125W,0,-3.711477,0.005050505045801401,0.0010000000474974513,0.019700000062584877
YPL145C,YNL054W-A,0,-3.7115119,0.005025125574320555,0.0010000000474974513,0.01979999989271164
YBR118W,YCL062W,0,-3.71153,0.004999999888241291,0.0010000000474974513,0.019899999722838402
YGR083C,YDR316W-A,0,-3.7115555,0.004975124262273312,0.0010000000474974513,0.019999999552965164
YBR215W,YGR161C-C,0,-3.711579,0.004950494971126318,0.0010000000474974513,0.020099999383091927
YDR261W-B,YOL077W-A,0,-3.7116473,0.004926108289510012,0.0010000000474974513,0.02019999921321869
YOL065C,YPR158C-C,0,-3.7116573,0.0049019609577953815,0.0010000000474974513,0.0203000009059906
YJL036W,YNL054W-B,0,-3.711695,0.004878048785030842,0.0010000000474974513,0.020400000736117363
YPR193C,YEL056W,1,-3.711708,0.009708737954497337,0.0020000000949949026,0.020400000736117363
YFL050C,YGR109W-B,0,-3.7117288,0.009661835618317127,0.0020000000949949026,0.020500000566244125
YGR038C-B,YLR084C,0,-3.7117493,0.009615384973585606,0.0020000000949949026,0.020600000396370888
YGL151W,YJR028W,0,-3.7118478,0.009569377638399601,0.0020000000949949026,0.02070000022649765
YNL284C-B,YLR394W,0,-3.7118652,0.009523809887468815,0.0020000000949949026,0.020800000056624413
YNL113W,YGR109W-A,0,-3.7118714,0.009478673338890076,0.0020000000949949026,0.020899999886751175
YPR137C-A,YPR008W,0,-3.7119026,0.009433962404727936,0.0020000000949949026,0.020999999716877937
YCL020W,YDR322C-A,0,-3.712019,0.009389671497046947,0.0020000000949949026,0.0210999995470047
YHR161C,YPL060C-A,0,-3.7120488,0.009345794096589088,0.0020000000949949026,0.021199999377131462
YBR131W,YDR034C-C,0,-3.7120953,0.009302325546741486,0.0020000000949949026,0.021299999207258224
YKL014C,YOR142W-A,0,-3.7122223,0.009259259328246117,0.0020000000949949026,0.021400000900030136
YLR285W,YPR158W-B,0,-3.712229,0.009216589853167534,0.0020000000949949026,0.0215000007301569
YLR234W,YLR227W-A,0,-3.712242,0.00917431153357029,0.0020000000949949026,0.02160000056028366
YOR343W-A,YPR163C,0,-3.7122838,0.00913241971284151,0.0020000000949949026,0.021700000390410423
YPR137C-A,YHR079C,0,-3.712287,0.00909090880304575,0.0020000000949949026,0.021800000220537186
YGR217W,YGR038C-A,0,-3.7123075,0.009049774147570133,0.0020000000949949026,0.021900000050663948
YHL009W-B,YPR107C,0,-3.7123141,0.009009009227156639,0.0020000000949949026,0.02199999988079071
YOL010W,YDR034C-C,0,-3.7123857,0.008968610316514969,0.0020000000949949026,0.022099999710917473
YPL086C,YFL035C-A,0,-3.7124226,0.008928571827709675,0.0020000000949949026,0.022199999541044235
YDR261C-C,YDR512C,0,-3.712433,0.008888889104127884,0.0020000000949949026,0.022299999371170998
YOL145C,YGR161C-C,0,-3.712462,0.008849557489156723,0.0020000000949949026,0.02239999920129776
YOR192C-B,YIR026C,0,-3.7124708,0.008810572326183319,0.0020000000949949026,0.02250000089406967
YDR386W,YGR161W-A,0,-3.7124946,0.008771929889917374,0.0020000000949949026,0.022600000724196434
YDL047W,YDR261C-C,0,-3.7125208,0.008733624592423439,0.0020000000949949026,0.022700000554323196
YDR261W-B,YML041C,0,-3.7125957,0.008695651777088642,0.0020000000949949026,0.02280000038444996
YDL084W,YDR034C-C,0,-3.7126377,0.008658008649945259,0.0020000000949949026,0.02290000021457672
YNL054W-B,YNL026W,0,-3.712641,0.008620689623057842,0.0020000000949949026,0.023000000044703484
YOR211C,YGR109W-A,0,-3.7127326,0.008583690971136093,0.0020000000949949026,0.023099999874830246
YIL013C,YDR261C-C,0,-3.7127333,0.008547008968889713,0.0020000000949949026,0.02319999970495701
YPL051W,YLR227W-B,0,-3.7127502,0.008510638028383255,0.0020000000949949026,0.02329999953508377
YDL081C,YOR192C-B,0,-3.7127602,0.008474576286971569,0.0020000000949949026,0.023399999365210533
YLR337W,YKR095W-A,0,-3.7127619,0.008438818156719208,0.0020000000949949026,0.023499999195337296
YGR027W-B,YHR091C,0,-3.7127752,0.008403361774981022,0.0020000000949949026,0.023600000888109207
YLR332W,YFL002W-B,0,-3.7127912,0.008368200622498989,0.0020000000949949026,0.02370000071823597
YPL078C,YPL257W-B,0,-3.712883,0.008333333767950535,0.0020000000949949026,0.023800000548362732
YJL208C,YDR365W-B,0,-3.7129233,0.008298755623400211,0.0020000000949949026,0.023900000378489494
YDR261C-D,YJL138C,0,-3.7129338,0.00826446246355772,0.0020000000949949026,0.024000000208616257
YDR238C,YDR261C-D,0,-3.712961,0.008230452425777912,0.0020000000949949026,0.02410000003874302
YOR343W-B,YKR057W,0,-3.7130666,0.008196720853447914,0.0020000000949949026,0.02419999986886978
YDR365W-A,YLR056W,0,-3.713315,0.008163264952600002,0.0020000000949949026,0.024299999698996544
YOR061W,YGR109W-B,0,-3.71339,0.008130080997943878,0.0020000000949949026,0.024399999529123306
YDR365W-A,YIL080W,0,-3.7133973,0.008097166195511818,0.0020000000949949026,0.02449999935925007
YDR040C,YGR038C-B,0,-3.7134793,0.008064515888690948,0.0020000000949949026,0.02459999918937683
YKL081W,YPR137C-B,0,-3.713617,0.00803212821483612,0.0020000000949949026,0.024700000882148743
YLR035C-A,YLR455W,0,-3.7136524,0.00800000037997961,0.0020000000949949026,0.024800000712275505
YHL009W-A,YLR167W,0,-3.7137115,0.007968127727508545,0.0020000000949949026,0.024900000542402267
YHL009W-A,YGL222C,0,-3.7137115,0.007936508394777775,0.0020000000949949026,0.02500000037252903
YDR365W-A,YBR172C,0,-3.7137115,0.007905138656497002,0.0020000000949949026,0.025100000202655792
YCL069W,YML045W-A,0,-3.7137115,0.007874015718698502,0.0020000000949949026,0.025200000032782555
YHL009W-A,YGL216W,0,-3.7137115,0.007843137718737125,0.0020000000949949026,0.025299999862909317
YOR240W,YLR227W-A,0,-3.7137115,0.0078125,0.0020000000949949026,0.02539999969303608
YLR313C,YOR343C-B,0,-3.7137115,0.0077821011655032635,0.0020000000949949026,0.025499999523162842
YPR104C,YPR036W-A,0,-3.7137115,0.007751937955617905,0.0020000000949949026,0.025599999353289604
YHL009W-A,YLL042C,0,-3.7137115,0.0077220075763762,0.0020000000949949026,0.025699999183416367
YFL057C,YGR038C-B,0,-3.7137115,0.007692307699471712,0.0020000000949949026,0.025800000876188278
YIL017W,YJR028W,0,-3.7137115,0.007662835065275431,0.0020000000949949026,0.02590000070631504
YBL101W-A,YJL166W,0,-3.7137115,0.007633587811142206,0.0020000000949949026,0.026000000536441803
YER138C,YER074W-A,0,-3.7137115,0.0076045626774430275,0.0020000000949949026,0.026100000366568565
YDR252W,YML045W-A,0,-3.7137115,0.007575757801532745,0.0020000000949949026,0.026200000196695328
YOR343C-B,YDR184C,0,-3.7137115,0.007547169923782349,0.0020000000949949026,0.02630000002682209
YGL046W,YMR046C,0,-3.7137115,0.007518797181546688,0.0020000000949949026,0.026399999856948853
YJL047C,YPR158C-C,0,-3.7137115,0.00749063678085804,0.0020000000949949026,0.026499999687075615
YDR210C-C,YDR213W,0,-3.7137115,0.007462686393409967,0.0020000000949949026,0.026599999517202377
YBR090C-A,YFL002W-B,0,-3.7137115,0.0074349441565573215,0.0020000000949949026,0.02669999934732914
YDL235C,YDR014W-A,0,-3.7137115,0.007407407276332378,0.0020000000949949026,0.026799999177455902
YOR386W,YDR014W-A,0,-3.7137115,0.007380073890089989,0.0020000000949949026,0.026900000870227814
YBL101W-A,YHR004C,0,-3.7137115,0.007352941203862429,0.0020000000949949026,0.027000000700354576
YGL130W,YOR343C-B,0,-3.7137115,0.007326007355004549,0.0020000000949949026,0.02710000053048134
YLR157C-B,YIL159W,0,-3.7137115,0.007299270015209913,0.0020000000949949026,0.0272000003606081
YDL038C,YJR028W,0,-3.7137115,0.007272727321833372,0.0020000000949949026,0.027300000190734863
YMR015C,YDR014W-A,0,-3.7137115,0.007246376946568489,0.0020000000949949026,0.027400000020861626
YGR272C,YGR042W,0,-3.7137115,0.007220216561108828,0.0020000000949949026,0.027499999850988388
YNL318C,YNL054W-A,0,-3.7137115,0.007194244768470526,0.0020000000949949026,0.02759999968111515
YOR083W,YML045W-A,0,-3.7137115,0.00716845877468586,0.0020000000949949026,0.027699999511241913
YFL035C-A,YGR042W,0,-3.7137115,0.0071428571827709675,0.0020000000949949026,0.027799999341368675
YML033W,YMR210W,0,-3.7137115,0.007117437664419413,0.0020000000949949026,0.027899999171495438
YGR272C,YGR161W-A,0,-3.7137115,0.007092198356986046,0.0020000000949949026,0.02800000086426735
YOR046C,YDR014W-A,0,-3.7137115,0.007067137863487005,0.0020000000949949026,0.02810000069439411
YBL101W-A,YJR158W,0,-3.7137115,0.007042253389954567,0.0020000000949949026,0.028200000524520874
YDL038C,YML131W,0,-3.7137115,0.007017544005066156,0.0020000000949949026,0.028300000354647636
YAR044W,YML040W,0,-3.7137115,0.00699300691485405,0.0020000000949949026,0.0284000001847744
YBL101W-A,YCR083W,0,-3.7137115,0.006968641187995672,0.0020000000949949026,0.02850000001490116
YGR072W,YDR014W-A,0,-3.7137115,0.0069444444961845875,0.0020000000949949026,0.028599999845027924
YBR111W-A,YLR410W-B,0,-3.7137115,0.0069204154424369335,0.0020000000949949026,0.028699999675154686
YHL009W-A,YLR340W,0,-3.7137115,0.006896551698446274,0.0020000000949949026,0.02879999950528145
YCL060C,YBR012W-B,0,-3.7137115,0.006872852332890034,0.0020000000949949026,0.02889999933540821
YDR261C-C,YBR073W,0,-3.7137115,0.006849315017461777,0.0020000000949949026,0.028999999165534973
YJL033W,YPR036W-A,0,-3.7137115,0.006825938355177641,0.0020000000949949026,0.029100000858306885
YDR210W-C,YHR036W,0,-3.7137115,0.006802720949053764,0.0020000000949949026,0.029200000688433647
YCL005W-A,YHR138C,0,-3.7137115,0.006779660936444998,0.0020000000949949026,0.02930000051856041
YPL283C,YCL005W-A,0,-3.7137115,0.006756756920367479,0.0020000000949949026,0.029400000348687172
YDR210W-C,YFL049W,0,-3.7137115,0.006734006572514772,0.0020000000949949026,0.029500000178813934
YFR033C,YPR036W-A,0,-3.7137115,0.00671140942722559,0.0020000000949949026,0.029600000008940697
YBL101W-A,YGR005C,0,-3.7137115,0.006688963156193495,0.0020000000949949026,0.02969999983906746
YDR210W-C,YGL251C,0,-3.7137115,0.006666666828095913,0.0020000000949949026,0.02979999966919422
YFL035C,YGR161C-C,0,-3.7137115,0.006644518114626408,0.0020000000949949026,0.029899999499320984
YGR027W-B,YER074W-A,0,-3.7137115,0.0066225165501236916,0.0020000000949949026,0.029999999329447746
YML045W-A,YPR017C,0,-3.7137115,0.0066006602719426155,0.0020000000949949026,0.03009999915957451
YBL005W,YGR161W-A,0,-3.7137115,0.00657894741743803,0.0020000000949949026,0.03020000085234642
YDR014W-A,YFR037C,0,-3.7137115,0.006557377055287361,0.0020000000949949026,0.030300000682473183
YOR180C,YPR036W-A,0,-3.7137115,0.006535947788506746,0.0020000000949949026,0.030400000512599945
YML045W-A,YNL297C,0,-3.7137115,0.0065146577544510365,0.0020000000949949026,0.030500000342726707
YOR343C-B,YML059C,0,-3.7137115,0.006493506487458944,0.0020000000949949026,0.03060000017285347
YEL022W,YML045W-A,0,-3.7137115,0.006472492124885321,0.0020000000949949026,0.030700000002980232
YDR210W-C,YKL028W,0,-3.7137115,0.006451612804085016,0.0020000000949949026,0.030799999833106995
YEL019C,YDR014W-A,0,-3.7137115,0.006430868059396744,0.0020000000949949026,0.030899999663233757
YOR343C-B,YJL063C,0,-3.7137115,0.006410256493836641,0.0020000000949949026,0.03099999949336052
YLL019C,YPR036W-A,0,-3.7137115,0.00638977624475956,0.0020000000949949026,0.031099999323487282
YKL053C-A,YDR014W-A,0,-3.7137115,0.006369426846504211,0.0020000000949949026,0.031199999153614044
YDR320C,YPR036W-A,0,-3.7137115,0.0063492064364254475,0.0020000000949949026,0.031300000846385956
YER100W,YOR343C-B,0,-3.7137115,0.006329114083200693,0.0020000000949949026,0.03139999881386757
YOR315W,YML045W-A,0,-3.7137115,0.0063091483898460865,0.0020000000949949026,0.03150000050663948
YBL101W-A,YCR044C,0,-3.7137115,0.006289307959377766,0.0020000000949949026,0.031599998474121094
YAR044W,YGR251W,0,-3.7138474,0.006269592326134443,0.0020000000949949026,0.031700000166893005
YBR066C,YBR009C,0,-3.7138774,0.0062500000931322575,0.0020000000949949026,0.03180000185966492
YGR038C-A,YHR015W,0,-3.7138915,0.006230529397726059,0.0020000000949949026,0.03189999982714653
YGR027W-A,YDL080C,0,-3.7141497,0.006211180239915848,0.0020000000949949026,0.03200000151991844
YER116C,YGR109W-A,0,-3.7142332,0.006191950291395187,0.0020000000949949026,0.032099999487400055
YGR038C-B,YGL013C,0,-3.7143142,0.006172839552164078,0.0020000000949949026,0.03220000118017197
YCL019W,YOR209C,0,-3.7144368,0.00615384615957737,0.0020000000949949026,0.03229999914765358
YGR109W-B,YNL074C,0,-3.7146645,0.0061349691823124886,0.0020000000949949026,0.03240000084042549
YJL018W,YOL082W,0,-3.7147672,0.006116208154708147,0.0020000000949949026,0.032499998807907104
YDL038C,YGR108W,0,-3.7150826,0.006097560748457909,0.0020000000949949026,0.032600000500679016
YER159C-A,YLR170C,0,-3.7151906,0.006079027429223061,0.0020000000949949026,0.03269999846816063
YGR161W-A,YML027W,0,-3.7152252,0.0060606058686971664,0.0020000000949949026,0.03280000016093254
YFL035C-A,YGL256W,0,-3.7152612,0.006042296066880226,0.0020000000949949026,0.03290000185370445
YGR109W-B,YCR008W,0,-3.7153704,0.0060240961611270905,0.0020000000949949026,0.032999999821186066
YGR161C-D,YKR037C,0,-3.715405,0.006006006151437759,0.0020000000949949026,0.03310000151395798
YLR227W-A,YBR211C,0,-3.7154667,0.005988024175167084,0.0020000000949949026,0.03319999948143959
YNL045W,YNL054W-B,0,-3.715533,0.005970149300992489,0.0020000000949949026,0.0333000011742115
YER020W,YDR004W,0,-3.7156153,0.0059523810632526875,0.0020000000949949026,0.033399999141693115
YJR091C,YLR391W,0,-3.7156942,0.005934718064963818,0.0020000000949949026,0.03350000083446503
YLR427W,YPL060C-A,0,-3.715717,0.005917159840464592,0.0020000000949949026,0.03359999880194664
YGR104C,YDR316W-A,0,-3.7159762,0.005899704992771149,0.0020000000949949026,0.03370000049471855
YGR245C,YDR034C-C,0,-3.7161777,0.0058823530562222,0.0020000000949949026,0.033799998462200165
YFL035C-A,YDL098C,0,-3.7162235,0.005865102633833885,0.0020000000949949026,0.033900000154972076
YGL106W,YNL054W-B,0,-3.7162654,0.005847953259944916,0.0020000000949949026,0.03400000184774399
YOR192C-A,YPR124W,0,-3.716274,0.0058309040032327175,0.0020000000949949026,0.0340999998152256
YGR251W,YIL135C,0,-3.716288,0.0058139534667134285,0.0020000000949949026,0.03420000150799751
YKL200C,YHL022C,0,-3.7163076,0.005797101650387049,0.0020000000949949026,0.034299999475479126
YPL101W,YNL054W-B,0,-3.7165158,0.005780346691608429,0.0020000000949949026,0.03440000116825104
YOL103W-B,YKR027W,0,-3.716883,0.005763688590377569,0.0020000000949949026,0.03449999913573265
YOR192C-A,YDR054C,0,-3.7171474,0.005747126415371895,0.0020000000949949026,0.03460000082850456
YOL051W,YNL054W-A,0,-3.7171676,0.005730659235268831,0.0020000000949949026,0.034699998795986176
YGR217W,YGR161C-C,0,-3.7172196,0.0057142856530845165,0.0020000000949949026,0.03480000048875809
YGR003W,YDR365W-B,0,-3.717251,0.005698005668818951,0.0020000000949949026,0.0348999984562397
YGR059W,YLR227W-A,0,-3.717254,0.005681818351149559,0.0020000000949949026,0.03500000014901161
YDR449C,YDR316W-A,0,-3.7174582,0.00566572230309248,0.0020000000949949026,0.035100001841783524
YPR082C,YER159C-A,0,-3.7175014,0.005649717524647713,0.0020000000949949026,0.03519999980926514
YER159C-A,YFR030W,0,-3.7176106,0.005633802618831396,0.0020000000949949026,0.03530000150203705
YNL054W-A,YBR171W,0,-3.7176483,0.00561797758564353,0.0020000000949949026,0.03539999946951866
YGR027W-B,YMR227C,0,-3.7176712,0.005602241028100252,0.0020000000949949026,0.03550000116229057
YDR210C-C,YLR418C,0,-3.7177174,0.005586592014878988,0.0020000000949949026,0.035599999129772186
YBR118W,YGR109W-A,0,-3.7178237,0.005571030545979738,0.0020000000949949026,0.0357000008225441
YLR410W-B,YDR320C,0,-3.7178843,0.0055555556900799274,0.0020000000949949026,0.03579999879002571
YJL012C-A,YML055W,0,-3.7181144,0.005540166050195694,0.0020000000949949026,0.03590000048279762
YGR038C-A,YLR354C,0,-3.7182958,0.005524862091988325,0.0020000000949949026,0.035999998450279236
YGL090W,YOR142W-A,0,-3.7185376,0.005509641952812672,0.0020000000949949026,0.03610000014305115
YBL040C,YDR034C-C,0,-3.7185643,0.005494505632668734,0.0020000000949949026,0.03620000183582306
YGR027W-B,YBR257W,0,-3.7187247,0.005479452200233936,0.0020000000949949026,0.03629999980330467
YHR214C-C,YGR108W,0,-3.7189837,0.005464480724185705,0.0020000000949949026,0.036400001496076584
YLR227W-B,YLR298C,0,-3.7189922,0.00544959120452404,0.0020000000949949026,0.0364999994635582
YGR027W-A,YLR260W,0,-3.7192137,0.005434782709926367,0.0020000000949949026,0.03660000115633011
YGR161C-D,YDR160W,0,-3.7192311,0.00542005430907011,0.0020000000949949026,0.03669999912381172
YLR370C,YOR343W-A,0,-3.7192454,0.0054054055362939835,0.0020000000949949026,0.03680000081658363
YHR214C-C,YCL011C,0,-3.7192454,0.005390835460275412,0.0020000000949949026,0.03689999878406525
YNL054W-B,YHR139C,0,-3.7193148,0.005376344081014395,0.0020000000949949026,0.03700000047683716
YKL185W,YGR109W-A,0,-3.7196915,0.005361930467188358,0.0020000000949949026,0.03709999844431877
YKL021C,YKL138C-A,0,-3.7198384,0.005347593687474728,0.0020000000949949026,0.03720000013709068
YDR297W,YLR391W,0,-3.7200224,0.005333333276212215,0.0020000000949949026,0.037300001829862595
YBR245C,YOR343W-A,0,-3.7201693,0.005319148767739534,0.0020000000949949026,0.03739999979734421
YDR261C-C,YBR079C,0,-3.7204688,0.005305039696395397,0.0020000000949949026,0.03750000149011612
YMR005W,YPR158W-A,0,-3.7205434,0.005291005130857229,0.0020000000949949026,0.03759999945759773
YPR158W-B,YHR120W,0,-3.7205894,0.0052770450711250305,0.0020000000949949026,0.037700001150369644
YOR192C-B,YFL041W,0,-3.7207043,0.005263158120214939,0.0020000000949949026,0.03779999911785126
YLL027W,YDR034C-C,0,-3.7207854,0.005249343812465668,0.0020000000949949026,0.03790000081062317
YDR261C-C,YDR238C,0,-3.7211363,0.005235602147877216,0.0020000000949949026,0.03799999877810478
YPR137C-A,YAL005C,0,-3.721257,0.00522193219512701,0.0020000000949949026,0.038100000470876694
YOR192C-A,YLR426W,0,-3.7212741,0.0052083334885537624,0.0020000000949949026,0.03819999843835831
YOR192C-A,YMR183C,0,-3.7213895,0.005194805096834898,0.0020000000949949026,0.03830000013113022
YER160C,YPR167C,0,-3.721421,0.005181347019970417,0.0020000000949949026,0.03840000182390213
YOR192C-B,YDR200C,0,-3.7214239,0.005167958792299032,0.0020000000949949026,0.03849999979138374
YFL035C-A,YGR086C,0,-3.721483,0.005154639016836882,0.0020000000949949026,0.038600001484155655
YLR227W-A,YAR018C,0,-3.7215621,0.005141388159245253,0.0020000000949949026,0.03869999945163727
YDR210C-C,YLR249W,0,-3.7217577,0.0051282052882015705,0.0020000000949949026,0.03880000114440918
YPR137C-A,YJR144W,0,-3.7218096,0.005115089472383261,0.0020000000949949026,0.03889999911189079
YNL054W-B,YDL130W,0,-3.7218444,0.005102040711790323,0.0020000000949949026,0.039000000804662704
YGR161C-C,YLR026C,0,-3.7218497,0.005089058540761471,0.0020000000949949026,0.03909999877214432
YDR261C-D,YOL010W,0,-3.7218816,0.005076142027974129,0.0020000000949949026,0.03920000046491623
YGR027W-B,YLR234W,0,-3.721896,0.005063291173428297,0.0020000000949949026,0.03929999843239784
YDL015C,YNL054W-B,0,-3.7219594,0.005050505045801401,0.0020000000949949026,0.039400000125169754
YPR137C-A,YPR080W,0,-3.7219708,0.005037783179432154,0.0020000000949949026,0.039500001817941666
YBL097W,YNL284C-B,0,-3.7221203,0.005025125574320555,0.0020000000949949026,0.03959999978542328
YDR261C-C,YOR245C,0,-3.7224426,0.00501253129914403,0.0020000000949949026,0.03970000147819519
YOR343W-A,YPR073C,0,-3.7227037,0.004999999888241291,0.0020000000949949026,0.039799999445676804
YOR343W-A,YLR071C,0,-3.7228274,0.004987531341612339,0.0020000000949949026,0.039900001138448715
YOR380W,YOL103W-B,0,-3.7228372,0.004975124262273312,0.0020000000949949026,0.03999999910593033
YDR210C-C,YER126C,0,-3.722862,0.004962779115885496,0.0020000000949949026,0.04010000079870224
YDR365W-B,YDR165W,0,-3.7229311,0.004950494971126318,0.0020000000949949026,0.04019999876618385
YDR159W,YLR227W-A,0,-3.7234848,0.004938271827995777,0.0020000000949949026,0.040300000458955765
YDR398W,YNL054W-A,0,-3.7237813,0.004926108289510012,0.0020000000949949026,0.04039999842643738
YNL054W-B,YJL173C,0,-3.7240927,0.004914004821330309,0.0020000000949949026,0.04050000011920929
YDR261C-C,YGR248W,0,-3.724231,0.0049019609577953815,0.0020000000949949026,0.0406000018119812
YOR192C-A,YMR243C,0,-3.7242804,0.004889975767582655,0.0020000000949949026,0.040699999779462814
YJL114W,YNL054W-B,0,-3.724384,0.004878048785030842,0.0020000000949949026,0.040800001472234726
YLR410W-B,YDR039C,0,-3.7244585,0.004866180010139942,0.0020000000949949026,0.04089999943971634
YOR192C-A,YCR018C,0,-3.7244883,0.004854368977248669,0.0020000000949949026,0.04100000113248825
YOR343W-B,YMR199W,0,-3.725111,0.004842615220695734,0.0020000000949949026,0.041099999099969864
YCR093W,YLR391W,0,-3.7251632,0.004830917809158564,0.0020000000949949026,0.041200000792741776
YOR142W-A,YBR079C,0,-3.7254865,0.004819277208298445,0.0020000000949949026,0.04129999876022339
YDR365W-B,YJL108C,0,-3.7254865,0.004807692486792803,0.0020000000949949026,0.0414000004529953
YGR221C,YGR027W-A,0,-3.725872,0.0047961631789803505,0.0020000000949949026,0.04149999842047691
YNL001W,YLR256W-A,0,-3.7263267,0.0047846888191998005,0.0020000000949949026,0.041600000113248825
YKL141W,YCL062W,0,-3.7264411,0.00477326987311244,0.0020000000949949026,0.04170000180602074
YGR256W,YGR161C-C,0,-3.7266037,0.004761904943734407,0.0020000000949949026,0.04179999977350235
YDR098C-A,YLR172C,0,-3.7268806,0.0047505940310657024,0.0020000000949949026,0.04190000146627426
YFL035C,YER178W,0,-3.726969,0.004739336669445038,0.0020000000949949026,0.041999999433755875
YNL239W,YDR316W-A,0,-3.7270486,0.004728132393211126,0.0020000000949949026,0.042100001126527786
YOR081C,YDR034C-C,0,-3.727513,0.004716981202363968,0.0020000000949949026,0.0421999990940094
YOR188W,YGR109W-A,0,-3.7276714,0.004705882165580988,0.0020000000949949026,0.04230000078678131
YGL137W,YGR161C-C,0,-3.7276814,0.004694835748523474,0.0020000000949949026,0.042399998754262924
YGR038C-A,YBR156C,0,-3.727878,0.004683840554207563,0.0020000000949949026,0.042500000447034836
YPR137C-B,YLR023C,0,-3.7282507,0.004672897048294544,0.0020000000949949026,0.04259999841451645
YDR365W-B,YPR201W,0,-3.728496,0.004662004765123129,0.0020000000949949026,0.04270000010728836
YOR192C-B,YEL022W,0,-3.7285893,0.004651162773370743,0.0020000000949949026,0.04280000180006027
YHR157W,YLR227W-B,0,-3.7287333,0.004640371073037386,0.0020000000949949026,0.042899999767541885
YLR157C-B,YPL167C,0,-3.7290719,0.004629629664123058,0.0020000000949949026,0.0430000014603138
YGL063W,YGR109W-A,0,-3.7292666,0.004618937615305185,0.0020000000949949026,0.04309999942779541
YLR157C-B,YBR126C,0,-3.729275,0.004608294926583767,0.0020000000949949026,0.04320000112056732
YPR137C-B,YOR216C,0,-3.7294447,0.004597701132297516,0.0020000000949949026,0.043299999088048935
YDR210W-B,YHR118C,0,-3.7295291,0.004587155766785145,0.0020000000949949026,0.04340000078082085
YOR371C,YFL002W-B,0,-3.7299187,0.004576658830046654,0.0020000000949949026,0.04349999874830246
YDL046W,YER087C-A,0,-3.7301426,0.004566209856420755,0.0020000000949949026,0.04360000044107437
YHR079C-B,YCR018C,0,-3.7302601,0.00455580884590745,0.0020000000949949026,0.043699998408555984
YOR192C-B,YOR038C,0,-3.7303588,0.004545454401522875,0.0020000000949949026,0.043800000101327896
YER178W,YDR365W-B,0,-3.7305114,0.004535147454589605,0.0020000000949949026,0.04390000179409981
YOR343W-B,YPL240C,0,-3.7305536,0.004524887073785067,0.0020000000949949026,0.04399999976158142
YDR040C,YJL018W,0,-3.7309358,0.004514672793447971,0.0020000000949949026,0.04410000145435333
YDR261W-A,YLL036C,0,-3.7309601,0.0045045046135783195,0.0020000000949949026,0.044199999421834946
YMR128W,YOL103W-B,0,-3.730994,0.004494382068514824,0.0020000000949949026,0.04430000111460686
YGR038C-B,YAR007C,0,-3.7313488,0.0044843051582574844,0.0020000000949949026,0.04439999908208847
YOL012C,YGR161C-C,0,-3.731393,0.0044742729514837265,0.0020000000949949026,0.04450000077486038
YDL153C,YPL060C-A,0,-3.7315342,0.004464285913854837,0.0020000000949949026,0.044599998742341995
YLR410W-B,YJL143W,0,-3.7315595,0.004454343114048243,0.0020000000949949026,0.04470000043511391
YFL002W-A,YMR014W,0,-3.7317443,0.004444444552063942,0.0020000000949949026,0.04479999840259552
YJL012C-A,YDR059C,0,-3.7318714,0.004434589762240648,0.0020000000949949026,0.04490000009536743
YOR004W,YLR410W-B,0,-3.7318714,0.0044247787445783615,0.0020000000949949026,0.04500000178813934
YOR381W,YGR038C-B,0,-3.7321596,0.004415011033415794,0.0020000000949949026,0.045099999755620956
YMR183C,YLR410W-B,0,-3.7322886,0.0044052861630916595,0.0020000000949949026,0.04520000144839287
YOR343W-B,YBL018C,0,-3.7323039,0.004395604599267244,0.0020000000949949026,0.04529999941587448
YDR365W-B,YOR326W,0,-3.7323039,0.004385964944958687,0.0020000000949949026,0.04540000110864639
YLR157C-B,YEL026W,0,-3.7325892,0.004376367665827274,0.0020000000949949026,0.045499999076128006
YER159C-A,YLR228C,0,-3.73266,0.0043668122962117195,0.0020000000949949026,0.04560000076889992
YDR096W,YJL012C-A,0,-3.7327967,0.004357298370450735,0.0020000000949949026,0.04569999873638153
YML078W,YPR158C-C,0,-3.7327967,0.004347825888544321,0.0020000000949949026,0.04580000042915344
YDL038C,YBR110W,0,-3.7329824,0.004338394850492477,0.0020000000949949026,0.045899998396635056
YHL009W-B,YFL041W,0,-3.7330472,0.0043290043249726295,0.0020000000949949026,0.04600000008940697
YJR104C,YCL060C,0,-3.733161,0.0043196543119847775,0.0020000000949949026,0.04610000178217888
YLR227W-B,YGR251W,0,-3.7332366,0.004310344811528921,0.0020000000949949026,0.04619999974966049
YBR117C,YGR161C-C,0,-3.733525,0.004301075357943773,0.0020000000949949026,0.046300001442432404
YBR043C,YOR343W-B,0,-3.7336159,0.004291845485568047,0.0020000000949949026,0.04639999940991402
YOR106W,YGR161W-A,0,-3.7340481,0.004282655194401741,0.0020000000949949026,0.04650000110268593
YBR244W,YGR161C-D,0,-3.7341087,0.004273504484444857,0.0020000000949949026,0.04659999907016754
YOR343W-A,YBR042C,0,-3.7341998,0.004264392424374819,0.0020000000949949026,0.04670000076293945
YHR197W,YDR261W-B,0,-3.7344124,0.0042553190141916275,0.0020000000949949026,0.046799998730421066
YBR164C,YIL029C,0,-3.7344759,0.00424628471955657,0.0020000000949949026,0.04690000042319298
YPR137C-A,YDR086C,0,-3.7345793,0.0042372881434857845,0.0020000000949949026,0.04699999839067459
YPL122C,YDR034C-C,0,-3.7346094,0.004228329751640558,0.0020000000949949026,0.0471000000834465
YDR170W-A,YOR110W,0,-3.7356796,0.004219409078359604,0.0020000000949949026,0.047200001776218414
YDR150W,YPR158C-C,0,-3.735717,0.0042105261236429214,0.0020000000949949026,0.04729999974370003
YGR161C-D,YGR170W,0,-3.7358534,0.004201680887490511,0.0020000000949949026,0.04740000143647194
YFR053C,YLR227W-A,0,-3.7358987,0.0041928719729185104,0.0020000000949949026,0.04749999940395355
YPR158W-A,YJL114W,0,-3.7362022,0.0041841003112494946,0.0020000000949949026,0.047600001096725464
YOR343W-A,YKL054C,0,-3.7366269,0.004175365436822176,0.0020000000949949026,0.04769999906420708
YER159C-A,YPR041W,0,-3.7366726,0.004166666883975267,0.0020000000949949026,0.04780000075697899
YER118C,YLR227W-A,0,-3.736839,0.0041580041870474815,0.0020000000949949026,0.0478999987244606
YGR161C-C,YBR110W,0,-3.7372034,0.004149377811700106,0.0020000000949949026,0.04800000041723251
YGR111W,YGL155W,0,-3.7372987,0.004140786826610565,0.0020000000949949026,0.04809999838471413
YPR158W-A,YKR025W,0,-3.7373097,0.00413223123177886,0.0020000000949949026,0.04820000007748604
YDR365W-B,YKL178C,0,-3.7374766,0.004123711492866278,0.0020000000949949026,0.04830000177025795
YDR261W-A,YMR303C,0,-3.7375524,0.004115226212888956,0.0020000000949949026,0.04839999973773956
YPL069C,YDR034C-C,0,-3.7376435,0.00410677632316947,0.0020000000949949026,0.048500001430511475
YMR042W,YOL103W-B,0,-3.7376435,0.004098360426723957,0.0020000000949949026,0.04859999939799309
YER159C-A,YEL065W,0,-3.737704,0.004089979454874992,0.0020000000949949026,0.048700001090765
YBL100W-B,YDR060W,0,-3.7378643,0.004081632476300001,0.0020000000949949026,0.04879999905824661
YML012W,YER137C-A,0,-3.7384171,0.004073319956660271,0.0020000000949949026,0.048900000751018524
YIL002C,YLR410W-B,0,-3.7386448,0.004065040498971939,0.0020000000949949026,0.04899999871850014
YLR227W-B,YOR313C,0,-3.7386901,0.004056795034557581,0.0020000000949949026,0.04910000041127205
YER160C,YIR041W,0,-3.7387311,0.004048583097755909,0.0020000000949949026,0.04919999837875366
YHR214C-C,YMR309C,0,-3.739145,0.004040404222905636,0.0020000000949949026,0.049300000071525574
YGR027W-B,YDR191W,0,-3.7395394,0.004032257944345474,0.0020000000949949026,0.049400001764297485
YOR192C-B,YAL068C,0,-3.739752,0.0040241447277367115,0.0020000000949949026,0.0494999997317791
YGR161C-D,YIL033C,0,-3.7402525,0.00401606410741806,0.0020000000949949026,0.04960000142455101
YAL033W,YDR365W-B,0,-3.7407382,0.004008016083389521,0.0020000000949949026,0.04969999939203262
YPR158C-C,YBL035C,0,-3.7407684,0.004000000189989805,0.0020000000949949026,0.049800001084804535
YHR214C-C,YDR518W,0,-3.7408745,0.003992015961557627,0.0020000000949949026,0.04989999905228615
YDR210W-B,YAL013W,0,-3.7409503,0.0039840638637542725,0.0020000000949949026,0.05000000074505806
YOL090W,YOL103W-B,0,-3.7409656,0.003976142965257168,0.0020000000949949026,0.05009999871253967
YDR261C-D,YIL077C,0,-3.7410867,0.003968254197388887,0.0020000000949949026,0.050200000405311584
YNL062C,YPR158W-A,0,-3.7412841,0.003960396163165569,0.0020000000949949026,0.0502999983727932
YOR123C,YGR109W-B,0,-3.7414358,0.003952569328248501,0.0020000000949949026,0.05040000006556511
YNL284C-B,YJL128C,0,-3.7416935,0.003944773226976395,0.0020000000949949026,0.05050000175833702
YGR272C,YGL054C,0,-3.7419217,0.003937007859349251,0.0020000000949949026,0.050599999725818634
YOR240W,YLR117C,0,-3.7423623,0.003929273225367069,0.0020000000949949026,0.050700001418590546
YGR027W-B,YAL059W,0,-3.7424371,0.003921568859368563,0.0020000000949949026,0.05079999938607216
YHR214C-C,YDL083C,0,-3.7425277,0.003913894295692444,0.0020000000949949026,0.05090000107884407
YLR103C,YCL062W,0,-3.743202,0.00390625,0.0020000000949949026,0.050999999046325684
YMR033W,YDR261W-A,0,-3.7436354,0.003898635506629944,0.0020000000949949026,0.051100000739097595
YBR090C-A,YBL023C,0,-3.7436736,0.0038910505827516317,0.0020000000949949026,0.05119999870657921
YDR210W-B,YNL004W,0,-3.7437265,0.0038834952283650637,0.0020000000949949026,0.05130000039935112
YPL217C,YOL103W-B,0,-3.7438173,0.0038759689778089523,0.0020000000949949026,0.05139999836683273
YAR044W,YMR016C,0,-3.7439854,0.0038684720639139414,0.0020000000949949026,0.051500000059604645
YGL096W,YOR142W-A,0,-3.7448642,0.0038610037881881,0.0020000000949949026,0.051600001752376556
YPL170W,YOR142W-A,0,-3.7450917,0.003853564616292715,0.0020000000949949026,0.05169999971985817
YBL020W,YPL060C-A,0,-3.7453797,0.003846153849735856,0.0020000000949949026,0.05180000141263008
YPL160W,YGR109W-B,0,-3.7454555,0.003838771488517523,0.0020000000949949026,0.051899999380111694
YDR316W-A,YKR002W,0,-3.7455769,0.0038314175326377153,0.0020000000949949026,0.052000001072883606
YBL100W-B,YAL009W,0,-3.7458103,0.00382409174926579,0.0020000000949949026,0.05209999904036522
YGR296W,YDR316W-A,0,-3.7459257,0.003816793905571103,0.0020000000949949026,0.05220000073313713
YHR194W,YPR158C-C,0,-3.7459867,0.003809523768723011,0.0020000000949949026,0.052299998700618744
YDL038C,YKR002W,0,-3.7469964,0.0038022813387215137,0.0020000000949949026,0.052400000393390656
YAL033W,YDR170W-A,0,-3.7475116,0.0037950663827359676,0.0020000000949949026,0.05249999836087227
YDR043C,YIL082W-A,0,-3.748573,0.0037878789007663727,0.0020000000949949026,0.05260000005364418
YKR028W,YOL103W-B,0,-3.7486272,0.0037807184271514416,0.0020000000949949026,0.05270000174641609
YIL139C,YJL021C,0,-3.75001,0.0037735849618911743,0.0020000000949949026,0.052799999713897705
YJL002C,YER108C,0,-3.750334,0.0037664782721549273,0.0020000000949949026,0.05290000140666962
YNR057C,YLR391W,0,-3.7504673,0.003759398590773344,0.0020000000949949026,0.05299999937415123
YML033W,YBL013W,0,-3.7507794,0.0037523452192544937,0.0020000000949949026,0.05310000106692314
YDR261C-D,YDR034C-C,0,-3.7509649,0.00374531839042902,0.0020000000949949026,0.053199999034404755
YFL035C-A,YHR129C,0,-3.7511432,0.003738317871466279,0.0020000000949949026,0.053300000727176666
YLR135W,YAR044W,0,-3.7534392,0.0037313431967049837,0.0020000000949949026,0.05339999869465828
YLR227W-B,YOR226C,0,-3.75377,0.0037243948318064213,0.0020000000949949026,0.05350000038743019
YGR027W-A,YJL168C,0,-3.7546914,0.0037174720782786608,0.0020000000949949026,0.053599998354911804
YML033W,YMR076C,0,-3.7552557,0.003710575168952346,0.0020000000949949026,0.053700000047683716
YPR075C,YBR090C-A,0,-3.7572625,0.003703703638166189,0.0020000000949949026,0.05380000174045563
YLR035C-A,YDR400W,0,-3.7574415,0.0036968577187508345,0.0020000000949949026,0.05389999970793724
YGR027W-B,YOR193W,0,-3.7583346,0.0036900369450449944,0.0020000000949949026,0.05400000140070915
YOR088W,YER027C,0,-3.758653,0.003683241317048669,0.0020000000949949026,0.054099999368190765
YLR035C-A,YDL100C,0,-3.7602847,0.0036764706019312143,0.0020000000949949026,0.05420000106096268
YOR145C,YDR365W-A,0,-3.760904,0.0036697247996926308,0.0020000000949949026,0.05429999902844429
YGR109W-B,YML027W,0,-3.7624457,0.0036630036775022745,0.0020000000949949026,0.0544000007212162
YIL017W,YMR055C,0,-3.7650805,0.0036563072353601456,0.0020000000949949026,0.054499998688697815
YGR027W-A,YOL093W,0,-3.7659142,0.0036496350076049566,0.0020000000949949026,0.05460000038146973
YIL017W,YGL075C,0,-3.7659242,0.0036429872270673513,0.0020000000949949026,0.05469999834895134
YDR146C,YGR055W,0,-3.7664263,0.003636363660916686,0.0020000000949949026,0.05480000004172325
YLR234W,YCR058C,0,-3.7666533,0.003629764076322317,0.0020000000949949026,0.05490000173449516
YOL082W,YFL002W-B,0,-3.7670705,0.0036231884732842445,0.0020000000949949026,0.054999999701976776
YFL035C,YPL174C,0,-3.7680838,0.0036166366189718246,0.0020000000949949026,0.05510000139474869
YKL075C,YPL138C,0,-3.7692626,0.003610108280554414,0.0020000000949949026,0.0551999993622303
YHR079C-B,YJL012C,0,-3.7711072,0.0036036036908626556,0.0020000000949949026,0.05530000105500221
YDL038C,YDR052C,0,-3.771313,0.003597122384235263,0.0020000000949949026,0.055399999022483826
YIL017W,YOR274W,0,-3.771463,0.0035906643606722355,0.0020000000949949026,0.05550000071525574
YDR173C,YKL042W,0,-3.771517,0.00358422938734293,0.0020000000949949026,0.05559999868273735
YIL017W,YDR322C-A,0,-3.7716048,0.003577817464247346,0.0020000000949949026,0.05570000037550926
YMR039C,YCL062W,0,-3.7718642,0.0035714285913854837,0.0020000000949949026,0.055799998342990875
YLR337W,YOR256C,0,-3.7725708,0.003565062303096056,0.0020000000949949026,0.05590000003576279
YOR348C,YMR167W,0,-3.7726269,0.0035587188322097063,0.0020000000949949026,0.0560000017285347
YER129W,YPR137C-B,0,-3.77465,0.003552397945895791,0.0020000000949949026,0.05609999969601631
YIL017W,YLR043C,0,-3.7751424,0.003546099178493023,0.0020000000949949026,0.05620000138878822
YIL017C,YAL068C,0,-3.7789147,0.003539822995662689,0.0020000000949949026,0.056299999356269836
YOR008C-A,YLL016W,0,-3.7792904,0.0035335689317435026,0.0020000000949949026,0.05640000104904175
YPL212C,YCL060C,0,-3.7796042,0.0035273367539048195,0.0020000000949949026,0.05649999901652336
YLR081W,YNL247W,0,-3.7797263,0.0035211266949772835,0.0020000000949949026,0.05660000070929527
YCL060C,YPR008W,0,-3.7798913,0.003514938522130251,0.0020000000949949026,0.056699998676776886
YBR284W,YOR304W,0,-3.7818406,0.003508772002533078,0.0020000000949949026,0.0568000003695488
YLR337W,YFL017W-A,0,-3.7820716,0.0035026269033551216,0.0020000000949949026,0.05689999833703041
YGL046W,YER119C,0,-3.7823129,0.003496503457427025,0.0020000000949949026,0.05700000002980232
YPL120W,YOR142W-A,0,-3.7827203,0.0034904014319181442,0.0020000000949949026,0.057100001722574234
YDL038C,YIL159W,0,-3.783519,0.003484320593997836,0.0020000000949949026,0.05719999969005585
YNR064C,YDR432W,0,-3.7846358,0.0034782609436661005,0.0020000000949949026,0.05730000138282776
YML086C,YLR391W,0,-3.7851293,0.0034722222480922937,0.0020000000949949026,0.05739999935030937
YAR010C,YJR042W,0,-3.7851965,0.003466204507276416,0.0020000000949949026,0.057500001043081284
YCR102C,YNL230C,0,-3.7866488,0.0034602077212184668,0.0020000000949949026,0.0575999990105629
YIL118W,YML039W,0,-3.7871964,0.0034542314242571592,0.0020000000949949026,0.05770000070333481
YKL125W,YOR088W,0,-3.7877977,0.003448275849223137,0.0020000000949949026,0.05779999867081642
YBR084W,YPR131C,1,-3.7893872,0.005163511261343956,0.003000000026077032,0.05779999867081642
YFL035C-A,YGL183C,0,-3.7899492,0.005154639016836882,0.003000000026077032,0.05790000036358833
YGL046W,YIL144W,0,-3.7905545,0.00514579750597477,0.003000000026077032,0.057999998331069946
YAR010C,YPR139C,0,-3.7909439,0.0051369862630963326,0.003000000026077032,0.05810000002384186
YPL275W,YMR038C,0,-3.7924573,0.0051282052882015705,0.003000000026077032,0.05820000171661377
YDR259C,YHL006C,0,-3.79296,0.005119454115629196,0.003000000026077032,0.05829999968409538
YMR106C,YBR012W-B,0,-3.7937067,0.0051107327453792095,0.003000000026077032,0.058400001376867294
YER120W,YGR122W,0,-3.7937624,0.005102040711790323,0.003000000026077032,0.05849999934434891
YML039W,YLR097C,0,-3.7959683,0.005093378480523825,0.003000000026077032,0.05860000103712082
YGR272C,YBL011W,0,-3.796334,0.0050847455859184265,0.003000000026077032,0.05869999900460243
YFL002W-A,YGL048C,0,-3.7965515,0.005076142027974129,0.003000000026077032,0.058800000697374344
YJR110W,YCL074W,0,-3.7975352,0.005067567341029644,0.003000000026077032,0.05889999866485596
YML131W,YDR168W,0,-3.798289,0.00505902199074626,0.003000000026077032,0.05900000035762787
YGL046W,YGL144C,0,-3.7982907,0.005050505045801401,0.003000000026077032,0.05909999832510948
YPL116W,YDR312W,0,-3.798311,0.005042016971856356,0.003000000026077032,0.05920000001788139
YFL035C-A,YCR024C-A,0,-3.7998588,0.005033556837588549,0.003000000026077032,0.059300001710653305
YAR044W,YIL147C,0,-3.8037663,0.005025125574320555,0.003000000026077032,0.05939999967813492
YBR130C,YKL200C,0,-3.8039627,0.005016722250729799,0.003000000026077032,0.05950000137090683
YJR135C,YJR029W,0,-3.8053901,0.00500834733247757,0.003000000026077032,0.05959999933838844
YKL200C,YHR066W,0,-3.8056648,0.004999999888241291,0.003000000026077032,0.059700001031160355
YBR012W-A,YLL024C,0,-3.8059213,0.004991680383682251,0.003000000026077032,0.05979999899864197
YKL070W,YBR006W,0,-3.806064,0.004983388818800449,0.003000000026077032,0.05990000069141388
YBR015C,YML039W,0,-3.806579,0.004975124262273312,0.003000000026077032,0.05999999865889549
YAL068C,YOR231W,0,-3.8069692,0.004966887645423412,0.003000000026077032,0.060100000351667404
YFR033C,YOR088W,0,-3.8092816,0.00495867757126689,0.003000000026077032,0.06019999831914902
YDR037W,YLR391W,0,-3.810784,0.004950494971126318,0.003000000026077032,0.06030000001192093
YLR347C,YDR065W,0,-3.8122907,0.00494233937934041,0.003000000026077032,0.06040000170469284
YJL214W,YAR010C,0,-3.812593,0.004934210330247879,0.003000000026077032,0.060499999672174454
YDL105W,YLR009W,0,-3.8137672,0.004926108289510012,0.003000000026077032,0.060600001364946365
YGR272C,YMR204C,0,-3.8141992,0.004918032791465521,0.003000000026077032,0.06069999933242798
YLR337C,YBR090C-A,0,-3.8143747,0.004909983836114407,0.003000000026077032,0.06080000102519989
YHR096C,YDL038C,0,-3.8149667,0.0049019609577953815,0.003000000026077032,0.0608999989926815
YCR102C,YPL101W,0,-3.8152535,0.004893964156508446,0.003000000026077032,0.061000000685453415
YDL140C,YPL240C,0,-3.816551,0.004885993432253599,0.003000000026077032,0.06109999865293503
YDR244W,YCR055C,0,-3.8176699,0.004878048785030842,0.003000000026077032,0.06120000034570694
YKL007W,YOR008C-A,0,-3.8185391,0.004870129749178886,0.003000000026077032,0.06129999831318855
YGL046W,YOR140W,0,-3.8192267,0.00486223679035902,0.003000000026077032,0.061400000005960464
YBR132C,YKR095W-A,0,-3.819467,0.004854368977248669,0.003000000026077032,0.061500001698732376
YAR044W,YHR142W,0,-3.8196752,0.004846526775509119,0.003000000026077032,0.06159999966621399
YJL113W,YMR272C,0,-3.819712,0.004838709719479084,0.003000000026077032,0.0617000013589859
YCR102C,YHR019C,0,-3.8201678,0.004830917809158564,0.003000000026077032,0.061799999326467514
YNL339C,YJR141W,0,-3.8214037,0.004823151044547558,0.003000000026077032,0.061900001019239426
YNL313C,YER031C,0,-3.8220446,0.004815409425646067,0.003000000026077032,0.06199999898672104
YHR079C-B,YOL080C,0,-3.8227105,0.004807692486792803,0.003000000026077032,0.06210000067949295
YCR058C,YEL018W,0,-3.823778,0.004800000227987766,0.003000000026077032,0.062199998646974564
YPL155C,YKR081C,0,-3.8238337,0.00479233218356967,0.003000000026077032,0.062300000339746475
YDL022W,YOR305W,0,-3.8243256,0.0047846888191998005,0.003000000026077032,0.06239999830722809
YEL071W,YNL045W,0,-3.825177,0.004777070134878159,0.003000000026077032,0.0625
YNL332W,YCR055C,0,-3.825404,0.004769475199282169,0.003000000026077032,0.06260000169277191
YFL035C,YER100W,0,-3.8262093,0.004761904943734407,0.003000000026077032,0.06270000338554382
YOL010W,YBR090C-A,0,-3.827588,0.004754357971251011,0.003000000026077032,0.06279999762773514
YCR035C,YDL109C,0,-3.8281977,0.004746835213154554,0.003000000026077032,0.06289999932050705
YDL118W,YBL008W,0,-3.829511,0.004739336669445038,0.003000000026077032,0.06300000101327896
YLL026W,YJL114W,0,-3.831393,0.004731861408799887,0.003000000026077032,0.06310000270605087
YFR053C,YDR170W-A,0,-3.8316853,0.004724409431219101,0.003000000026077032,0.06319999694824219
YNL149C,YLR391W,0,-3.8324742,0.004716981202363968,0.003000000026077032,0.0632999986410141
YBL013W,YJR073C,0,-3.8335845,0.0047095762565732,0.003000000026077032,0.06340000033378601
YPR198W,YBR012W-B,0,-3.834769,0.004702194128185511,0.003000000026077032,0.06350000202655792
YNL054W,YLR391W,0,-3.8355033,0.004694835748523474,0.003000000026077032,0.06360000371932983
YAL031C,YBR284W,0,-3.835831,0.004687500186264515,0.003000000026077032,0.06369999796152115
YER103W,YOL067C,0,-3.8367882,0.004680186975747347,0.003000000026077032,0.06379999965429306
YML033W,YGR179C,0,-3.8374908,0.004672897048294544,0.003000000026077032,0.06390000134706497
YBR233W-A,YBR072W,0,-3.837947,0.00466562993824482,0.003000000026077032,0.06400000303983688
YLR254C,YHR079C-B,0,-3.8380125,0.004658385179936886,0.003000000026077032,0.0640999972820282
YML058W-A,YMR319C,0,-3.8390348,0.004651162773370743,0.003000000026077032,0.06419999897480011
YCL019W,YDR170W-A,0,-3.8391497,0.0046439627185463905,0.003000000026077032,0.06430000066757202
YGR112W,YLL056C,0,-3.8395536,0.004636785015463829,0.003000000026077032,0.06440000236034393
YER009W,YGL046W,0,-3.8421755,0.004629629664123058,0.003000000026077032,0.06449999660253525
YIL082W-A,YNL209W,0,-3.843455,0.004622496198862791,0.003000000026077032,0.06459999829530716
YCL060C,YNL248C,0,-3.843667,0.004615384619683027,0.003000000026077032,0.06469999998807907
YOR224C,YJR141W,0,-3.8437617,0.004608294926583767,0.003000000026077032,0.06480000168085098
YDL109C,YPR154W,0,-3.8439386,0.00460122711956501,0.003000000026077032,0.0649000033736229
YML058W-A,YOL115W,0,-3.8462844,0.004594180732965469,0.003000000026077032,0.06499999761581421
YPL283C,YAL032C,0,-3.8469038,0.004587155766785145,0.003000000026077032,0.06509999930858612
YGL046W,YLR016C,0,-3.8477883,0.004580152686685324,0.003000000026077032,0.06520000100135803
YDL130W-A,YKL200C,0,-3.8478713,0.0045731705613434315,0.003000000026077032,0.06530000269412994
YOR192C-B,YGR038C-B,0,-3.8480456,0.004566209856420755,0.003000000026077032,0.06539999693632126
YKR063C,YER108C,0,-3.8481224,0.0045592705719172955,0.003000000026077032,0.06549999862909317
YKL088W,YPR143W,0,-3.8482122,0.004552352242171764,0.003000000026077032,0.06560000032186508
YLR337W,YPR155C,0,-3.8491533,0.004545454401522875,0.003000000026077032,0.065700002014637
YLL017W,YMR238W,0,-3.8515174,0.0045385779812932014,0.003000000026077032,0.0658000037074089
YGR272C,YOR281C,0,-3.8520741,0.00453172205016017,0.003000000026077032,0.06589999794960022
YLR238W,YJL157C,0,-3.8550065,0.004524887073785067,0.003000000026077032,0.06599999964237213
YKR053C,YER108C,0,-3.8564832,0.004518072120845318,0.003000000026077032,0.06610000133514404
YGL006W,YCL062W,0,-3.8574994,0.004511278122663498,0.003000000026077032,0.06620000302791595
YLR337W,YCR018C,0,-3.8578556,0.0045045046135783195,0.003000000026077032,0.06629999727010727
YBL100W-B,YJR064W,0,-3.858937,0.004497751127928495,0.003000000026077032,0.06639999896287918
YOR338W,YJL048C,0,-3.8594708,0.004491018131375313,0.003000000026077032,0.06650000065565109
YJR140C,YIL080W,0,-3.861198,0.0044843051582574844,0.003000000026077032,0.066600002348423
YIL056W,YKR086W,0,-3.8629904,0.004477611742913723,0.003000000026077032,0.06669999659061432
YDL045C,YJR028W,0,-3.8642266,0.004470938816666603,0.003000000026077032,0.06679999828338623
YBL008W,YBL005W-B,0,-3.864651,0.004464285913854837,0.003000000026077032,0.06689999997615814
YER053C,YBR090C-A,0,-3.8658488,0.004457652103155851,0.003000000026077032,0.06700000166893005
YHR163W,YJL018W,0,-3.866981,0.004451038781553507,0.003000000026077032,0.06710000336170197
YAL005C,YAR010C,0,-3.8676493,0.004444444552063942,0.003000000026077032,0.06719999760389328
YNL287W,YCL075W,0,-3.867658,0.004437869880348444,0.003000000026077032,0.06729999929666519
YER106W,YJR028W,0,-3.8677676,0.004431314766407013,0.003000000026077032,0.0674000009894371
YBR152W,YNL046W,0,-3.8678906,0.0044247787445783615,0.003000000026077032,0.06750000268220901
YER001W,YDR283C,0,-3.868226,0.004418262280523777,0.003000000026077032,0.06759999692440033
YCL020W,YJR140C,0,-3.8683026,0.004411764908581972,0.003000000026077032,0.06769999861717224
YPL126W,YJL018W,0,-3.8684444,0.0044052861630916595,0.003000000026077032,0.06780000030994415
YHR197W,YLR391W,0,-3.8689973,0.004398826975375414,0.003000000026077032,0.06790000200271606
YER160C,YNL062C,0,-3.869373,0.0043923864141106606,0.003000000026077032,0.06800000369548798
YIL109C,YHR138C,0,-3.8786497,0.004385964944958687,0.003000000026077032,0.06809999793767929
YPR175W,YLR426W,0,-3.879875,0.004379562102258205,0.003000000026077032,0.0681999996304512
YGR119C,YCR055C,0,-3.8799121,0.004373177886009216,0.003000000026077032,0.06830000132322311
YKL088W,YNL233W,0,-3.880304,0.0043668122962117195,0.003000000026077032,0.06840000301599503
YIL009C-A,YBR090C-A,0,-3.8813732,0.004360465332865715,0.003000000026077032,0.06849999725818634
YHR015W,YBR090C-A,0,-3.8831632,0.0043541365303099155,0.003000000026077032,0.06859999895095825
YML131W,YJL128C,0,-3.8858798,0.004347825888544321,0.003000000026077032,0.06870000064373016
YJR125C,YBR012W-A,0,-3.885965,0.004341533873230219,0.003000000026077032,0.06880000233650208
YOR008C-A,YPR081C,0,-3.886463,0.004335260018706322,0.003000000026077032,0.06889999657869339
YPR188C,YLR391W,0,-3.8875587,0.0043290043249726295,0.003000000026077032,0.0689999982714653
YBL005W-B,YDR460W,0,-3.8891408,0.004322766792029142,0.003000000026077032,0.06909999996423721
YFL035C-A,YHL024W,0,-3.8900945,0.004316546954214573,0.003000000026077032,0.06920000165700912
YLR430W,YHR079C-B,0,-3.8905275,0.004310344811528921,0.003000000026077032,0.06930000334978104
YBL100W-B,YOL165C,0,-3.8918908,0.004304160829633474,0.003000000026077032,0.06939999759197235
YGR272C,YDR122W,0,-3.8924272,0.004297994077205658,0.003000000026077032,0.06949999928474426
YER138C,YMR219W,0,-3.894056,0.004291845485568047,0.003000000026077032,0.06960000097751617
YDL045C,YKL088W,0,-3.8960822,0.004285714123398066,0.003000000026077032,0.06970000267028809
YFL035C,YGR028W,0,-3.8971446,0.004279600456357002,0.003000000026077032,0.0697999969124794
YPL110C,YDL109C,0,-3.8972204,0.004273504484444857,0.003000000026077032,0.06989999860525131
YGR224W,YPL276W,0,-3.898133,0.004267425276339054,0.003000000026077032,0.07000000029802322
YML039W,YGL192W,0,-3.8999312,0.004261363763362169,0.003000000026077032,0.07010000199079514
YBR210W,YLR132C,0,-3.9009407,0.0042553190141916275,0.003000000026077032,0.07020000368356705
YPL275W,YMR277W,0,-3.9027772,0.004249291960150003,0.003000000026077032,0.07029999792575836
YMR290C,YCR020W-B,0,-3.9035165,0.0042432816699147224,0.003000000026077032,0.07039999961853027
YCR102C,YBL020W,0,-3.903745,0.0042372881434857845,0.003000000026077032,0.07050000131130219
YLR329W,YGR042W,0,-3.904411,0.004231311846524477,0.003000000026077032,0.0706000030040741
YBR284W,YDL015C,0,-3.9071066,0.0042253523133695126,0.003000000026077032,0.07069999724626541
YLR035C-A,YPR105C,0,-3.9095411,0.004219409078359604,0.003000000026077032,0.07079999893903732
YLR035C-A,YKR008W,0,-3.9110096,0.004213483072817326,0.003000000026077032,0.07090000063180923
YDL038C,YGL096W,0,-3.9116862,0.00420757383108139,0.003000000026077032,0.07100000232458115
YKL138C-A,YBR297W,0,-3.9119089,0.004201680887490511,0.003000000026077032,0.07109999656677246
YOR240W,YLR286C,0,-3.9120893,0.004195804242044687,0.003000000026077032,0.07119999825954437
YCL074W,YLR376C,0,-3.9124253,0.004189944360405207,0.003000000026077032,0.07129999995231628
YLL017W,YJR046W,0,-3.9127085,0.0041841003112494946,0.003000000026077032,0.0714000016450882
YDR411C,YML040W,0,-3.9134095,0.0041782730259001255,0.003000000026077032,0.07150000333786011
YCR102C,YNL027W,0,-3.9135106,0.004172461573034525,0.003000000026077032,0.07159999758005142
YCR058C,YPL237W,0,-3.9139245,0.004166666883975267,0.003000000026077032,0.07169999927282333
YER160C,YLR260W,0,-3.9140747,0.004160887561738491,0.003000000026077032,0.07180000096559525
YPL283C,YML021C,0,-3.9180658,0.0041551245376467705,0.003000000026077032,0.07190000265836716
YCR083W,YKL200C,0,-3.9204347,0.004149377811700106,0.003000000026077032,0.07199999690055847
YAR010C,YLR023C,0,-3.922427,0.004143646452575922,0.003000000026077032,0.07209999859333038
YOR305W,YHR004C,0,-3.9255822,0.004137930925935507,0.003000000026077032,0.0722000002861023
YLR022C,YDL118W,0,-3.9258978,0.00413223123177886,0.003000000026077032,0.0723000019788742
YKL088W,YLR116W,0,-3.9259932,0.004126547370105982,0.003000000026077032,0.07240000367164612
YJL190C,YBR012W-B,0,-3.9270897,0.004120879340916872,0.003000000026077032,0.07249999791383743
YMR045C,YMR047C,0,-3.9275665,0.004115226212888956,0.003000000026077032,0.07259999960660934
YER138C,YIL135C,0,-3.9284842,0.004109588917344809,0.003000000026077032,0.07270000129938126
YJR093C,YOR338W,0,-3.9289227,0.004103966988623142,0.003000000026077032,0.07280000299215317
YBR182C,YOR267C,0,-3.9292824,0.004098360426723957,0.003000000026077032,0.07289999723434448
YGL043W,YJL113W,0,-3.9315355,0.004092769231647253,0.003000000026077032,0.0729999989271164
YCL019W,YCL061C,0,-3.932248,0.00408719340339303,0.003000000026077032,0.0731000006198883
YIL029C,YOL013C,0,-3.9326813,0.004081632476300001,0.003000000026077032,0.07320000231266022
YDL069C,YLR189C,0,-3.9326885,0.004076086916029453,0.003000000026077032,0.07329999655485153
YOR008C-A,YER062C,0,-3.9346738,0.004070556256920099,0.003000000026077032,0.07339999824762344
YMR134W,YLR350W,0,-3.9350324,0.004065040498971939,0.003000000026077032,0.07349999994039536
YDR419W,YBL005W-B,0,-3.935673,0.00405954010784626,0.003000000026077032,0.07360000163316727
YLR431C,YFR053C,0,-3.937057,0.004054054152220488,0.003000000026077032,0.07370000332593918
YHR193C,YBR012W-B,0,-3.9400477,0.004048583097755909,0.003000000026077032,0.0737999975681305
YOL017W,YJL018W,0,-3.940798,0.004043126478791237,0.003000000026077032,0.0738999992609024
YJR028W,YKL214C,0,-3.9416628,0.004037685226649046,0.003000000026077032,0.07400000095367432
YML127W,YPL041C,0,-3.9426932,0.004032257944345474,0.003000000026077032,0.07410000264644623
YPL276W,YGR192C,0,-3.9433353,0.004026845563203096,0.003000000026077032,0.07419999688863754
YCR040W,YHR085W,0,-3.9448204,0.004021447617560625,0.003000000026077032,0.07429999858140945
YJR029W,YGL245W,0,-3.9449542,0.00401606410741806,0.003000000026077032,0.07440000027418137
YOR240W,YBR050C,0,-3.946775,0.004010695032775402,0.003000000026077032,0.07450000196695328
YCL019W,YBL061C,0,-3.949726,0.00400534039363265,0.003000000026077032,0.07460000365972519
YBR159W,YLR453C,0,-3.9513443,0.004000000189989805,0.003000000026077032,0.0746999979019165
YAL029C,YKL138C-A,0,-3.9517467,0.003994673956185579,0.003000000026077032,0.07479999959468842
YJL113W,YER147C,0,-3.9539814,0.003989361692219973,0.003000000026077032,0.07490000128746033
YOR317W,YJL081C,1,-3.9574344,0.005312085151672363,0.004000000189989805,0.07490000128746033
YNL126W,YPL082C,0,-3.9582407,0.005305039696395397,0.004000000189989805,0.07500000298023224
YER190W,YPL255W,0,-3.960655,0.005298013333231211,0.004000000189989805,0.07509999722242355
YLL056C,YIR037W,0,-3.961062,0.005291005130857229,0.004000000189989805,0.07519999891519547
YMR045C,YLR043C,0,-3.9618304,0.005284016020596027,0.004000000189989805,0.07530000060796738
YCR040W,YLR051C,0,-3.9629855,0.0052770450711250305,0.004000000189989805,0.07540000230073929
YOR338W,YJR083C,0,-3.9644773,0.005270092282444239,0.004000000189989805,0.0754999965429306
YCR040W,YML055W,0,-3.9659796,0.005263158120214939,0.004000000189989805,0.07559999823570251
YLR455W,YMR106C,0,-3.966256,0.005256241653114557,0.004000000189989805,0.07569999992847443
YAL054C,YFL039C,1,-3.9673347,0.006561679765582085,0.004999999888241291,0.07569999992847443
YLR088W,YJR028W,0,-3.9689302,0.006553079932928085,0.004999999888241291,0.07580000162124634
YLR238W,YJR028W,0,-3.974049,0.006544502452015877,0.004999999888241291,0.07590000331401825
YGR296W,YOR328W,0,-3.9763234,0.006535947788506746,0.004999999888241291,0.07599999755620956
YDL198C,YGR161C,0,-3.976658,0.006527415011078119,0.004999999888241291,0.07609999924898148
YDR087C,YKL139W,0,-3.9779139,0.00651890505105257,0.004999999888241291,0.07620000094175339
YBR111W-A,YLR234W,0,-3.9808257,0.0065104165114462376,0.004999999888241291,0.0763000026345253
YML131W,YMR319C,0,-3.981567,0.006501950789242983,0.004999999888241291,0.07639999687671661
YNL014W,YHR094C,0,-3.982277,0.006493506487458944,0.004999999888241291,0.07649999856948853
YGL035C,YAR010C,0,-3.98411,0.0064850845374166965,0.004999999888241291,0.07660000026226044
YPL117C,YDL109C,0,-3.9853506,0.006476684007793665,0.004999999888241291,0.07670000195503235
YGR089W,YJL021C,0,-3.9858713,0.006468305364251137,0.004999999888241291,0.07680000364780426
YBR159W,YMR156C,0,-3.986426,0.006459948141127825,0.004999999888241291,0.07689999788999557
YHR020W,YBL100W-A,0,-3.9869542,0.006451612804085016,0.004999999888241291,0.07699999958276749
YOL026C,YJR027W,0,-3.9872398,0.006443298887461424,0.004999999888241291,0.0771000012755394
YBR260C,YPL276W,0,-3.9881852,0.006435006391257048,0.004999999888241291,0.07720000296831131
YPL127C,YER014C-A,0,-3.9895656,0.006426735315471888,0.004999999888241291,0.07729999721050262
YML033W,YJL101C,0,-3.992724,0.006418485194444656,0.004999999888241291,0.07739999890327454
YCL019W,YGR214W,0,-3.9930007,0.006410256493836641,0.004999999888241291,0.07750000059604645
YNL218W,YLR426W,0,-3.993183,0.006402048747986555,0.004999999888241291,0.07760000228881836
YHL038C,YDR545W,0,-3.9951274,0.006393861956894398,0.004999999888241291,0.07769999653100967
YPL244C,YKL138C-A,0,-3.9959466,0.006385696120560169,0.004999999888241291,0.07779999822378159
YBR284W,YDR516C,0,-3.9962182,0.0063775512389838696,0.004999999888241291,0.0778999999165535
YER054C,YLL003W,0,-3.9967144,0.006369426846504211,0.004999999888241291,0.07800000160932541
YCR102C,YML021C,0,-3.99714,0.006361322943121195,0.004999999888241291,0.07810000330209732
YHR075C,YBR107C,0,-3.9972005,0.006353239994496107,0.004999999888241291,0.07819999754428864
YCR083W,YJR029W,0,-3.9977458,0.006345177534967661,0.004999999888241291,0.07829999923706055
YGL136C,YGL256W,0,-3.9996789,0.006337135564535856,0.004999999888241291,0.07840000092983246
YAR007C,YLR035C,0,-4.000329,0.006329114083200693,0.004999999888241291,0.07850000262260437
YLR045C,YJR027W,0,-4.000964,0.006321112625300884,0.004999999888241291,0.07859999686479568
YER020W,YJL012C-A,0,-4.00126,0.00631313119083643,0.004999999888241291,0.0786999985575676
YGR251W,YCL066W,0,-4.0022464,0.0063051702454686165,0.004999999888241291,0.07880000025033951
YOR193W,YAL068C,0,-4.002462,0.006297229323536158,0.004999999888241291,0.07890000194311142
YPL192C,YBR012W-B,0,-4.002809,0.006289307959377766,0.004999999888241291,0.07900000363588333
YLL017W,YER169W,0,-4.004564,0.006281407084316015,0.004999999888241291,0.07909999787807465
YBR110W,YPL276W,0,-4.006123,0.006273525767028332,0.004999999888241291,0.07919999957084656
YOL069W,YKR089C,0,-4.006325,0.006265664007514715,0.004999999888241291,0.07930000126361847
YKL075C,YPL020C,0,-4.006658,0.006257822271436453,0.004999999888241291,0.07940000295639038
YLR160C,YGR289C,0,-4.0068383,0.0062500000931322575,0.004999999888241291,0.0794999971985817
YKL070W,YER028C,0,-4.007173,0.006242197472602129,0.004999999888241291,0.07959999889135361
YGR113W,YML075C,0,-4.0076885,0.00623441394418478,0.004999999888241291,0.07970000058412552
YDR545W,YOL065C,0,-4.007972,0.006226649973541498,0.004999999888241291,0.07980000227689743
YNL313C,YER089C,0,-4.008154,0.006218905560672283,0.004999999888241291,0.07989999651908875
YOR036W,YGR122W,0,-4.0082555,0.006211180239915848,0.004999999888241291,0.07999999821186066
YML049C,YNL008C,0,-4.0084877,0.006203474011272192,0.004999999888241291,0.08009999990463257
YBL100W-B,YGR005C,0,-4.009006,0.006195786874741316,0.004999999888241291,0.08020000159740448
YEL041W,YML040W,0,-4.009583,0.006188118830323219,0.004999999888241291,0.08030000329017639
YHR157W,YDR098C,0,-4.0103817,0.006180469878017902,0.004999999888241291,0.0803999975323677
YJL021C,YDR451C,0,-4.011465,0.006172839552164078,0.004999999888241291,0.08049999922513962
YFL056C,YAR044W,0,-4.0147276,0.006165228318423033,0.004999999888241291,0.08060000091791153
YNR064C,YLR316C,0,-4.0162263,0.006157635245472193,0.004999999888241291,0.08070000261068344
YPL011C,YJR026W,0,-4.0191526,0.00615006173029542,0.004999999888241291,0.08079999685287476
YMR272C,YBR090C-A,0,-4.019622,0.006142505910247564,0.004999999888241291,0.08089999854564667
YER087C-A,YLL016W,0,-4.019625,0.0061349691823124886,0.004999999888241291,0.08100000023841858
YNL318C,YDL109C,0,-4.0220413,0.006127451080828905,0.004999999888241291,0.08110000193119049
YGR251W,YML112W,0,-4.0227866,0.006119951140135527,0.004999999888241291,0.0812000036239624
YFR008W,YBR012W-B,0,-4.025365,0.006112469360232353,0.004999999888241291,0.08129999786615372
YLR126C,YER054C,0,-4.027121,0.006105006206780672,0.004999999888241291,0.08139999955892563
YOR240W,YJL145W,0,-4.0284095,0.006097560748457909,0.004999999888241291,0.08150000125169754
YJL090C,YLR455W,0,-4.028698,0.0060901339165866375,0.004999999888241291,0.08160000294446945
YJL110C,YER108C,0,-4.0292506,0.006082725245505571,0.004999999888241291,0.08169999718666077
YFL010W-A,YMR136W,0,-4.032381,0.006075334269553423,0.004999999888241291,0.08179999887943268
YOR240W,YBR256C,0,-4.033136,0.006067960988730192,0.004999999888241291,0.08190000057220459
YPL146C,YHL040C,0,-4.0331903,0.0060606058686971664,0.004999999888241291,0.0820000022649765
YCL075W,YBR250W,0,-4.034255,0.006053268909454346,0.004999999888241291,0.08209999650716782
YGL104C,YJR027W,0,-4.036047,0.006045949179679155,0.004999999888241291,0.08219999819993973
YNL327W,YGL039W,0,-4.036662,0.006038647145032883,0.004999999888241291,0.08229999989271164
YLL017W,YOR245C,0,-4.038111,0.006031363271176815,0.004999999888241291,0.08240000158548355
YDR449C,YGL090W,0,-4.0410924,0.0060240961611270905,0.004999999888241291,0.08250000327825546
YER138C,YDR004W,0,-4.0434885,0.006016847211867571,0.004999999888241291,0.08259999752044678
YHR072W-A,YLR116W,0,-4.046583,0.006009615492075682,0.004999999888241291,0.08269999921321869
YDL038C,YOL142W,0,-4.046637,0.006002401001751423,0.004999999888241291,0.0828000009059906
YOR317W,YEL066W,1,-4.0481834,0.007194244768470526,0.006000000052154064,0.0828000009059906
YAL068C,YDR322C-A,0,-4.0496535,0.007185628637671471,0.006000000052154064,0.08290000259876251
YBL100W-B,YDR083W,0,-4.0530653,0.007177033461630344,0.006000000052154064,0.08299999684095383
YPR134W,YJR073C,0,-4.053438,0.00716845877468586,0.006000000052154064,0.08309999853372574
YGR144W,YAR010C,0,-4.0537944,0.0071599045768380165,0.006000000052154064,0.08320000022649765
YER190W,YFL059W,0,-4.055568,0.007151370868086815,0.006000000052154064,0.08330000191926956
YLL017W,YOR033C,0,-4.0558324,0.0071428571827709675,0.006000000052154064,0.08340000361204147
YKL075C,YFL034C-B,0,-4.056003,0.007134363986551762,0.006000000052154064,0.08349999785423279
YML015C,YPL240C,0,-4.0562935,0.00712589081376791,0.006000000052154064,0.0835999995470047
YCL029C,YGR122W,0,-4.059278,0.007117437664419413,0.006000000052154064,0.08370000123977661
YHR157W,YGR202C,0,-4.0601997,0.0071090045385062695,0.006000000052154064,0.08380000293254852
YGR111W,YDL015C,0,-4.061342,0.007100591901689768,0.006000000052154064,0.08389999717473984
YOR008C-A,YHR088W,0,-4.062013,0.007092198356986046,0.006000000052154064,0.08399999886751175
YNR008W,YLL056C,0,-4.0629544,0.007083825301378965,0.006000000052154064,0.08410000056028366
YBR233W-A,YOL158C,0,-4.0639825,0.007075471803545952,0.006000000052154064,0.08420000225305557
YER160C,YHR058C,0,-4.064051,0.007067137863487005,0.006000000052154064,0.08429999649524689
YGR055W,YPL276W,0,-4.0640683,0.0070588234812021255,0.006000000052154064,0.0843999981880188
YER190W,YLR139C,0,-4.0648646,0.007050528656691313,0.006000000052154064,0.08449999988079071
YPL275W,YER111C,0,-4.066383,0.007042253389954567,0.006000000052154064,0.08460000157356262
YOR048C,YER160C,0,-4.0667305,0.007033997680991888,0.006000000052154064,0.08470000326633453
YHR169W,YGR113W,0,-4.0670743,0.007025761064141989,0.006000000052154064,0.08479999750852585
YHR089C,YFL059W,0,-4.0698495,0.007017544005066156,0.006000000052154064,0.08489999920129776
YBR207W,YLR132C,0,-4.070764,0.007009345572441816,0.006000000052154064,0.08500000089406967
YPL275W,YPL175W,0,-4.071298,0.007001166697591543,0.006000000052154064,0.08510000258684158
YDL118W,YGL144C,0,-4.072867,0.00699300691485405,0.006000000052154064,0.0851999968290329
YDR065W,YCR092C,0,-4.073652,0.006984866224229336,0.006000000052154064,0.08529999852180481
YOR145C,YML131W,0,-4.0751653,0.006976744160056114,0.006000000052154064,0.08540000021457672
YER019W,YOR305W,0,-4.0757866,0.006968641187995672,0.006000000052154064,0.08550000190734863
YMR134W,YEL050C,0,-4.076774,0.0069605568423867226,0.006000000052154064,0.08560000360012054
YPL116W,YMR076C,0,-4.076789,0.006952491123229265,0.006000000052154064,0.08569999784231186
YHR197W,YLR453C,0,-4.0769157,0.0069444444961845875,0.006000000052154064,0.08579999953508377
YPR041W,YDR323C,0,-4.0806956,0.006936416029930115,0.006000000052154064,0.08590000122785568
YGR037C,YMR045C,0,-4.0817733,0.006928406655788422,0.006000000052154064,0.0860000029206276
YOR348C,YDR191W,0,-4.0818377,0.0069204154424369335,0.006000000052154064,0.08609999716281891
YBL100W-B,YCL059C,0,-4.082728,0.00691244238987565,0.006000000052154064,0.08619999885559082
YPL041C,YLR448W,0,-4.0839005,0.00690448796376586,0.006000000052154064,0.08630000054836273
YPL192C,YBR156C,0,-4.08439,0.006896551698446274,0.006000000052154064,0.08640000224113464
YPL041C,YJR140C,0,-4.08471,0.006888633593916893,0.006000000052154064,0.08649999648332596
YCL019W,YDL150W,0,-4.0859275,0.0068807341158390045,0.006000000052154064,0.08659999817609787
YBL100W-B,YAL032C,0,-4.0875483,0.006872852332890034,0.006000000052154064,0.08669999986886978
YNL126W,YGR238C,0,-4.087585,0.006864988710731268,0.006000000052154064,0.0868000015616417
YML077W,YJL114W,0,-4.0908117,0.00685714278370142,0.006000000052154064,0.0869000032544136
YDL247W,YKR020W,0,-4.09186,0.006849315017461777,0.006000000052154064,0.08699999749660492
YMR246W,YPL001W,1,-4.0926785,0.007981755770742893,0.007000000216066837,0.08699999749660492
YJL113W,YOR132W,0,-4.093055,0.007972665131092072,0.007000000216066837,0.08709999918937683
YJL143W,YNL046W,0,-4.0931554,0.007963594980537891,0.007000000216066837,0.08720000088214874
YKL138C-A,YFL031W,0,-4.09358,0.007954545319080353,0.007000000216066837,0.08730000257492065
YHR157W,YNL279W,0,-4.09629,0.007945516146719456,0.007000000216066837,0.08739999681711197
YKL070W,YMR188C,0,-4.0993,0.007936508394777775,0.007000000216066837,0.08749999850988388
YGR122W,YPL249C,0,-4.099417,0.00792752020061016,0.007000000216066837,0.08760000020265579
YDR192C,YMR087W,0,-4.101682,0.007918552495539188,0.007000000216066837,0.0877000018954277
YPL061W,YBR284W,0,-4.103925,0.007909604348242283,0.007000000216066837,0.08780000358819962
YDR055W,YDR225W,0,-4.1040325,0.007900677621364594,0.007000000216066837,0.08789999783039093
YBR066C,YJR140C,0,-4.104348,0.007891770452260971,0.007000000216066837,0.08799999952316284
YOR237W,YML040W,0,-4.104889,0.007882882840931416,0.007000000216066837,0.08810000121593475
YPR199C,YGR108W,0,-4.1060853,0.007874015718698502,0.007000000216066837,0.08820000290870667
YHR175W,YPL276W,0,-4.106969,0.007865168154239655,0.007000000216066837,0.08829999715089798
YGL094C,YGL039W,0,-4.107182,0.007856341078877449,0.007000000216066837,0.08839999884366989
YPL015C,YBL100W-A,0,-4.107601,0.00784753356128931,0.007000000216066837,0.0885000005364418
YDR343C,YHR014W,0,-4.10787,0.007838745601475239,0.007000000216066837,0.08860000222921371
YJL113W,YMR078C,0,-4.107969,0.007829977199435234,0.007000000216066837,0.08869999647140503
YAL068C,YGL003C,0,-4.1085525,0.007821229286491871,0.007000000216066837,0.08879999816417694
YBL100W-B,YGL222C,0,-4.1103425,0.0078125,0.007000000216066837,0.08889999985694885
YCR067C,YCR055C,0,-4.1122713,0.007803790271282196,0.007000000216066837,0.08900000154972076
YBR233W-A,YGR010W,0,-4.112447,0.007795100100338459,0.007000000216066837,0.08910000324249268
YDL078C,YIL029C,0,-4.1134834,0.007786429487168789,0.007000000216066837,0.08919999748468399
YOL008W,YBL075C,0,-4.115288,0.007777777966111898,0.007000000216066837,0.0892999991774559
YBR111W-A,YCL004W,0,-4.117567,0.0077691455371677876,0.007000000216066837,0.08940000087022781
YGL137W,YIL029C,0,-4.118419,0.007760532200336456,0.007000000216066837,0.08950000256299973
YHR072W-A,YDR301W,0,-4.118438,0.007751937955617905,0.007000000216066837,0.08959999680519104
YPL275W,YMR156C,0,-4.119031,0.007743362803012133,0.007000000216066837,0.08969999849796295
YDL019C,YBL100W-A,0,-4.1190457,0.00773480674251914,0.007000000216066837,0.08980000019073486
YPL041C,YPR154W,0,-4.1201606,0.00772626930847764,0.007000000216066837,0.08990000188350677
YGR225W,YGR217W,0,-4.1213036,0.00771775096654892,0.007000000216066837,0.09000000357627869
YJL114W,YBL075C,0,-4.1221924,0.0077092512510716915,0.007000000216066837,0.09009999781847
YML034W,YJR028W,0,-4.123151,0.007700770162045956,0.007000000216066837,0.09019999951124191
YLR189C,YHR175W,0,-4.123602,0.007692307699471712,0.007000000216066837,0.09030000120401382
YIL029C,YOR079C,0,-4.1242504,0.007683863863348961,0.007000000216066837,0.09040000289678574
YHR020W,YAL043C,0,-4.125571,0.007675438653677702,0.007000000216066837,0.09049999713897705
YKL070W,YHR034C,0,-4.1282253,0.007667031604796648,0.007000000216066837,0.09059999883174896
YGR192C,YGL209W,0,-4.128306,0.007658643182367086,0.007000000216066837,0.09070000052452087
YKR022C,YDL038C,0,-4.1290064,0.007650273386389017,0.007000000216066837,0.09080000221729279
YOR237W,YOR310C,0,-4.129806,0.0076419212855398655,0.007000000216066837,0.0908999964594841
YBR244W,YML043C,0,-4.130235,0.007633587811142206,0.007000000216066837,0.09099999815225601
YNL066W,YBL005W-B,0,-4.130422,0.007625272497534752,0.007000000216066837,0.09109999984502792
YDL106C,YKL138C-A,0,-4.1313024,0.007616974879056215,0.007000000216066837,0.09120000153779984
YBL100W-B,YGL190C,0,-4.1313033,0.007608695421367884,0.007000000216066837,0.09130000323057175
YDR545W,YFL059W,0,-4.1323442,0.007600434124469757,0.007000000216066837,0.09139999747276306
YER138C,YER001W,0,-4.132899,0.0075921909883618355,0.007000000216066837,0.09149999916553497
YOL067C,YKL029C,0,-4.1331577,0.007583965547382832,0.007000000216066837,0.09160000085830688
YDR247W,YDR173C,0,-4.1336374,0.007575757801532745,0.007000000216066837,0.0917000025510788
YPL123C,YKL203C,0,-4.136173,0.007567567750811577,0.007000000216066837,0.09179999679327011
YJL114W,YER062C,0,-4.137273,0.007559395395219326,0.007000000216066837,0.09189999848604202
YCR005C,YBL005W-B,0,-4.137469,0.007551240734755993,0.007000000216066837,0.09200000017881393
YOR081C,YJL059W,0,-4.1379404,0.00754310330376029,0.007000000216066837,0.09210000187158585
YAR019C,YJL114W,0,-4.1379905,0.007534984033554792,0.007000000216066837,0.09220000356435776
YGL084C,YAL068C,0,-4.1380672,0.007526881527155638,0.007000000216066837,0.09229999780654907
YDL130W-A,YOL105C,0,-4.139023,0.007518797181546688,0.007000000216066837,0.09239999949932098
YDR317W,YBR156C,0,-4.1391883,0.0075107295997440815,0.007000000216066837,0.0925000011920929
YPR029C,YDL118W,0,-4.139637,0.007502679713070393,0.007000000216066837,0.09260000288486481
YCL019W,YCR044C,0,-4.1400485,0.007494646590203047,0.007000000216066837,0.09269999712705612
YJR137C,YGR179C,0,-4.14126,0.007486631162464619,0.007000000216066837,0.09279999881982803
YAR010C,YMR150C,0,-4.1417627,0.007478632498532534,0.007000000216066837,0.09290000051259995
YFR053C,YNL014W,0,-4.143042,0.007470651064068079,0.007000000216066837,0.09300000220537186
YMR046C,YJL166W,0,-4.144199,0.007462686393409967,0.007000000216066837,0.09309999644756317
YOR240W,YDL116W,0,-4.1444745,0.007454738952219486,0.007000000216066837,0.09319999814033508
YCL069W,YBR097W,0,-4.1449394,0.0074468087404966354,0.007000000216066837,0.093299999833107
YNL202W,YLR223C,0,-4.1485343,0.00743889482691884,0.007000000216066837,0.0934000015258789
YNR064C,YMR172W,0,-4.149741,0.0074309976771473885,0.007000000216066837,0.09350000321865082
YNL068C,YCL005W-A,0,-4.1502085,0.007423117756843567,0.007000000216066837,0.09359999746084213
YDR131C,YML110C,0,-4.151708,0.007415254134684801,0.007000000216066837,0.09369999915361404
YIR013C,YHL019C,0,-4.1530766,0.007407407276332378,0.007000000216066837,0.09380000084638596
YBR107C,YGR122W,0,-4.15425,0.007399577181786299,0.007000000216066837,0.09390000253915787
YKL070W,YGL098W,0,-4.1560345,0.007391763385385275,0.007000000216066837,0.09399999678134918
YDR436W,YDR055W,0,-4.157741,0.007383966352790594,0.007000000216066837,0.0940999984741211
YBL071W-A,YHR036W,0,-4.15784,0.007376185618340969,0.007000000216066837,0.094200000166893
YPR055W,YEL051W,0,-4.158021,0.0073684211820364,0.007000000216066837,0.09430000185966492
YKL138C-A,YNL041C,0,-4.158057,0.007360673043876886,0.007000000216066837,0.09440000355243683
YGR054W,YJL117W,0,-4.158636,0.007352941203862429,0.007000000216066837,0.09449999779462814
YER025W,YKR095W-A,0,-4.159356,0.007345225661993027,0.007000000216066837,0.09459999948740005
YIL066C,YER062C,0,-4.1601424,0.007337526418268681,0.007000000216066837,0.09470000118017197
YBR233W-A,YJR078W,0,-4.1619673,0.007329843007028103,0.007000000216066837,0.09480000287294388
YDR437W,YAL017W,0,-4.161969,0.007322175893932581,0.007000000216066837,0.09489999711513519
YJL099W,YDR516C,0,-4.1627994,0.0073145246133208275,0.007000000216066837,0.0949999988079071
YKL149C,YJL114W,0,-4.1632977,0.0073068891651928425,0.007000000216066837,0.09510000050067902
YNL287W,YER087C-A,0,-4.16383,0.007299270015209913,0.007000000216066837,0.09520000219345093
YBR111W-A,YPR189W,0,-4.165076,0.0072916666977107525,0.007000000216066837,0.09529999643564224
YHR052W,YMR087W,0,-4.166311,0.00728407921269536,0.007000000216066837,0.09539999812841415
YDR258C,YMR046C,0,-4.166484,0.007276507094502449,0.007000000216066837,0.09549999982118607
YIL132C,YBL100W-B,0,-4.166723,0.007268951274454594,0.007000000216066837,0.09560000151395798
YJR026W,YLR425W,0,-4.1677303,0.0072614108212292194,0.007000000216066837,0.09570000320672989
YFL014W,YJL047C,0,-4.1697235,0.007253886200487614,0.007000000216066837,0.0957999974489212
YNL339C,YGR098C,0,-4.1700535,0.007246376946568489,0.007000000216066837,0.09589999914169312
YDR122W,YIL077C,0,-4.1703506,0.007238883059471846,0.007000000216066837,0.09600000083446503
YGL046W,YLR172C,0,-4.170382,0.007231405004858971,0.007000000216066837,0.09610000252723694
YKL004W,YKL178C,0,-4.170422,0.007223942317068577,0.007000000216066837,0.09619999676942825
YDR435C,YER062C,0,-4.1704993,0.007216494996100664,0.007000000216066837,0.09629999846220016
YKR061W,YER062C,0,-4.1711497,0.007209063041955233,0.007000000216066837,0.09640000015497208
YLR238W,YLR132C,0,-4.1723795,0.007201645988970995,0.007000000216066837,0.09650000184774399
YNL327W,YJL092W,0,-4.1725683,0.007194244768470526,0.007000000216066837,0.0966000035405159
YGR272C,YPR144C,0,-4.174171,0.00718685844913125,0.007000000216066837,0.09669999778270721
YHL022C,YML040W,0,-4.1778593,0.007179487030953169,0.007000000216066837,0.09679999947547913
YOR317W,YBR081C,1,-4.1785564,0.008196720853447914,0.00800000037997961,0.09679999947547913
YPR083W,YAL068C,0,-4.1802683,0.008188331499695778,0.00800000037997961,0.09690000116825104
YBL100W-B,YDL083C,0,-4.18235,0.008179958909749985,0.00800000037997961,0.09700000286102295
YIR026C,YGR089W,0,-4.1824384,0.00817160401493311,0.00800000037997961,0.09709999710321426
YGR037C,YKL070W,0,-4.184487,0.008163264952600002,0.00800000037997961,0.09719999879598618
YMR015C,YLR228C,0,-4.1867375,0.008154943585395813,0.00800000037997961,0.09730000048875809
YHR061C,YBL005W-B,0,-4.1897297,0.008146639913320541,0.00800000037997961,0.09740000218153
YDR219C,YFR053C,0,-4.1899786,0.008138352073729038,0.00800000037997961,0.09749999642372131
YBR012W-B,YEL065W,0,-4.191854,0.008130080997943878,0.00800000037997961,0.09759999811649323
YLR126C,YBR193C,0,-4.19214,0.008121827617287636,0.00800000037997961,0.09769999980926514
YDR065W,YJL104W,0,-4.1941953,0.008113590069115162,0.00800000037997961,0.09780000150203705
YKL070W,YJR105W,0,-4.194301,0.008105370216071606,0.00800000037997961,0.09790000319480896
YLL056C,YPR199C,0,-4.194321,0.008097166195511818,0.00800000037997961,0.09799999743700027
YIL082W-A,YLL043W,0,-4.194549,0.008088978938758373,0.00800000037997961,0.09809999912977219
YEL029C,YCL020W,0,-4.194655,0.008080808445811272,0.00800000037997961,0.0982000008225441
YOL076W,YBR081C,1,-4.19519,0.009081735275685787,0.008999999612569809,0.0982000008225441
YBR160W,YBR152W,0,-4.195604,0.009072580374777317,0.008999999612569809,0.09830000251531601
YJL114W,YML088W,0,-4.1962295,0.00906344410032034,0.008999999612569809,0.09839999675750732
YPL169C,YGR122W,0,-4.1969304,0.009054325520992279,0.008999999612569809,0.09849999845027924
YDL118W,YJR140C,0,-4.1972294,0.009045226499438286,0.008999999612569809,0.09860000014305115
YMR202W,YNL311C,0,-4.197449,0.009036144241690636,0.008999999612569809,0.09870000183582306
YMR210W,YBR035C,0,-4.197695,0.009027081541717052,0.008999999612569809,0.09880000352859497
YJR007W,YER190W,0,-4.19841,0.009018036536872387,0.008999999612569809,0.09889999777078629
YPR054W,YBL100W-A,0,-4.198472,0.009009009227156639,0.008999999612569809,0.0989999994635582
YBL042C,YIL150C,0,-4.202371,0.008999999612569809,0.008999999612569809,0.09910000115633011
YJL071W,YJL048C,0,-4.2029095,0.008991008624434471,0.008999999612569809,0.09920000284910202
YAL032C,YER111C,0,-4.2034845,0.008982036262750626,0.008999999612569809,0.09929999709129333
YNL130C,YMR210W,0,-4.204261,0.008973080664873123,0.008999999612569809,0.09939999878406525
YIL031W,YLR319C,0,-4.2056427,0.008964143693447113,0.008999999612569809,0.09950000047683716
YJR033C,YBR072W,0,-4.2077394,0.008955223485827446,0.008999999612569809,0.09960000216960907
YOR080W,YJL114W,0,-4.208148,0.008946321904659271,0.008999999612569809,0.09969999641180038
YIR012W,YBR058C-A,0,-4.208659,0.008937438018620014,0.008999999612569809,0.0997999981045723
YMR023C,YNL111C,0,-4.209285,0.008928571827709675,0.008999999612569809,0.09989999979734421
YER044C-A,YKR035W-A,0,-4.209333,0.008919722400605679,0.008999999612569809,0.10000000149011612
YFR053C,YDR323C,0,-4.2110944,0.0089108906686306,0.008999999612569809,0.10010000318288803
YGL035C,YFR053C,0,-4.2129087,0.008902077563107014,0.008999999612569809,0.10019999742507935
YCR048W,YOR095C,0,-4.2136955,0.008893280290067196,0.008999999612569809,0.10029999911785126
YOL165C,YJR027W,0,-4.21491,0.00888450164347887,0.008999999612569809,0.10040000081062317
YJR031C,YPR073C,0,-4.2168765,0.008875739760696888,0.008999999612569809,0.10050000250339508
YBR012W-A,YHR015W,0,-4.2201204,0.008866994641721249,0.008999999612569809,0.1005999967455864
YPL155C,YJR141W,0,-4.220578,0.008858268149197102,0.008999999612569809,0.1006999984383583
YDL160C,YDR069C,0,-4.2221923,0.008849557489156723,0.008999999612569809,0.10080000013113022
YDR065W,YDR312W,0,-4.222268,0.008840864524245262,0.008999999612569809,0.10090000182390213
YOL089C,YGL039W,0,-4.2229924,0.008832188323140144,0.008999999612569809,0.10100000351667404
YBR111W-A,YML126C,0,-4.2243767,0.008823529817163944,0.008999999612569809,0.10109999775886536
YER160C,YER038C,0,-4.227678,0.008814887143671513,0.008999999612569809,0.10119999945163727
YBR136W,YPL188W,0,-4.230129,0.008806262165307999,0.008999999612569809,0.10130000114440918
YEL032W,YLL013C,0,-4.2305484,0.008797653950750828,0.008999999612569809,0.10140000283718109
YMR001C,YDL247W,0,-4.231287,0.0087890625,0.008999999612569809,0.1014999970793724
YOL076W,YHR099W,1,-4.231312,0.009756097570061684,0.009999999776482582,0.1014999970793724
YDL165W,YJR027W,0,-4.2332487,0.00974658876657486,0.009999999776482582,0.10159999877214432
YBR284W,YLR145W,0,-4.2337947,0.009737098589539528,0.009999999776482582,0.10170000046491623
YFL058W,YIL160C,0,-4.23381,0.009727626107633114,0.009999999776482582,0.10180000215768814
YDR256C,YML039W,0,-4.233878,0.009718173183500767,0.009999999776482582,0.10189999639987946
YHR020W,YBR017C,0,-4.235786,0.009708737954497337,0.009999999776482582,0.10199999809265137
YLR009W,YLR098C,0,-4.235866,0.0096993213519454,0.009999999776482582,0.10209999978542328
YJR050W,YLR221C,0,-4.23622,0.00968992244452238,0.009999999776482582,0.10220000147819519
YDR365C,YML040W,0,-4.236305,0.009680542163550854,0.009999999776482582,0.1023000031709671
YKL001C,YLR126C,0,-4.2363644,0.009671179577708244,0.009999999776482582,0.10239999741315842
YGR054W,YJL113W,0,-4.2366395,0.009661835618317127,0.009999999776482582,0.10249999910593033
YKL125W,YBR058C-A,0,-4.2367883,0.009652509354054928,0.009999999776482582,0.10260000079870224
YER180C-A,YKL101W,0,-4.2381105,0.00964320171624422,0.009999999776482582,0.10270000249147415
YGR122W,YBR006W,0,-4.2399426,0.009633911773562431,0.009999999776482582,0.10279999673366547
YBR040W,YCL067C,0,-4.240138,0.00962463952600956,0.009999999776482582,0.10289999842643738
YIR041W,YAR010C,0,-4.241478,0.009615384973585606,0.009999999776482582,0.10300000011920929
YMR033W,YBL100W-A,0,-4.241977,0.00960614811629057,0.009999999776482582,0.1031000018119812
YLL017W,YGR112W,0,-4.2420464,0.00959692895412445,0.009999999776482582,0.10320000350475311
YJL062W,YBR156C,0,-4.242854,0.00958772748708725,0.009999999776482582,0.10329999774694443
YAL047C,YCL020W,0,-4.243257,0.009578543715178967,0.009999999776482582,0.10339999943971634
YOL076W,YCR020C-A,1,-4.243703,0.010526316240429878,0.010999999940395355,0.10339999943971634
YMR046C,YBR294W,0,-4.243786,0.010516252368688583,0.010999999940395355,0.10350000113248825
YER138C,YBR143C,0,-4.243961,0.010506208054721355,0.010999999940395355,0.10360000282526016
YOR237W,YJL222W,0,-4.244256,0.010496183298528194,0.010999999940395355,0.10369999706745148
YBR233W-A,YPL101W,0,-4.244336,0.010486177168786526,0.010999999940395355,0.10379999876022339
YCL019W,YDR086C,0,-4.245416,0.010476190596818924,0.010999999940395355,0.1039000004529953
YGR133W,YGR111W,0,-4.2472963,0.010466222651302814,0.010999999940395355,0.10400000214576721
YGR005C,YPL138C,0,-4.2474713,0.010456273332238197,0.010999999940395355,0.10409999638795853
YIL029C,YGL180W,0,-4.2477846,0.010446343570947647,0.010999999940395355,0.10419999808073044
YER111C,YOR297C,0,-4.247855,0.01043643243610859,0.010999999940395355,0.10429999977350235
YML039W,YGL061C,0,-4.248139,0.010426539927721024,0.010999999940395355,0.10440000146627426
YLR069C,YGR042W,0,-4.2483854,0.010416666977107525,0.010999999940395355,0.10450000315904617
YLR347C,YGL039W,0,-4.2485514,0.010406811721622944,0.010999999940395355,0.10459999740123749
YML043C,YGR192C,0,-4.2502666,0.010396975092589855,0.010999999940395355,0.1046999990940094
YJL145W,YKL057C,0,-4.251182,0.010387158021330833,0.010999999940395355,0.10480000078678131
YER180C-A,YAL056W,0,-4.252262,0.01037735864520073,0.010999999940395355,0.10490000247955322
YER051W,YHR020W,0,-4.2536435,0.010367577895522118,0.010999999940395355,0.10499999672174454
YER180C-A,YBR086C,0,-4.254041,0.010357815772294998,0.010999999940395355,0.10509999841451645
YML039W,YBR123C,0,-4.2549634,0.010348071344196796,0.010999999940395355,0.10520000010728836
YCR067C,YDL022W,0,-4.255378,0.010338345542550087,0.010999999940395355,0.10530000180006027
YDR263C,YNL247W,0,-4.2565317,0.01032863836735487,0.010999999940395355,0.10540000349283218
YMR135C,YHR157W,0,-4.2569537,0.01031894888728857,0.010999999940395355,0.1054999977350235
YDL118W,YHR148W,0,-4.257575,0.010309278033673763,0.010999999940395355,0.10559999942779541
YDR346C,YOR298W,0,-4.258898,0.010299625806510448,0.010999999940395355,0.10570000112056732
YLR260W,YHL012W,0,-4.259754,0.010289990343153477,0.010999999940395355,0.10580000281333923
YDL130W,YLR132C,0,-4.259811,0.010280373506247997,0.010999999940395355,0.10589999705553055
YDR065W,YMR153W,0,-4.260766,0.01027077529579401,0.010999999940395355,0.10599999874830246
YPL249C,YCR107W,0,-4.261329,0.010261193849146366,0.010999999940395355,0.10610000044107437
YLR126C,YBR257W,0,-4.261967,0.010251631028950214,0.010999999940395355,0.10620000213384628
YMR046C,YOR259C,0,-4.2621927,0.01024208590388298,0.010999999940395355,0.1062999963760376
YER160C,YKL074C,0,-4.263483,0.010232558473944664,0.010999999940395355,0.10639999806880951
YBR274W,YJL148W,0,-4.266908,0.010223048739135265,0.010999999940395355,0.10649999976158142
YDL160C,YMR156C,0,-4.267116,0.01021355576813221,0.010999999940395355,0.10660000145435333
YGR214W,YMR059W,0,-4.2673635,0.010204081423580647,0.010999999940395355,0.10670000314712524
YPL130W,YGL206C,0,-4.267718,0.010194624774158001,0.010999999940395355,0.10679999738931656
YER053C,YPL116W,0,-4.2678123,0.010185184888541698,0.010999999940395355,0.10689999908208847
YBR059C,YDR213W,0,-4.272464,0.010175763629376888,0.010999999940395355,0.10700000077486038
YPL121C,YBL058W,0,-4.2737103,0.010166358202695847,0.010999999940395355,0.1071000024676323
YBR159W,YOR297C,0,-4.273905,0.010156971402466297,0.010999999940395355,0.10719999670982361
YLR215C,YOL039W,0,-4.2755327,0.01014760136604309,0.010999999940395355,0.10729999840259552
YMR290C,YLL056C,0,-4.2756367,0.010138249024748802,0.010999999940395355,0.10740000009536743
YJL092W,YBR083W,0,-4.2772946,0.010128913447260857,0.010999999940395355,0.10750000178813934
YKL088W,YLR007W,0,-4.277564,0.010119595564901829,0.010999999940395355,0.10760000348091125
YCR088W,YDR213W,0,-4.277807,0.010110294446349144,0.010999999940395355,0.10769999772310257
YLR126C,YNL116W,0,-4.277835,0.010101010091602802,0.010999999940395355,0.10779999941587448
YKL185W,YNL101W,0,-4.2810388,0.010091743431985378,0.010999999940395355,0.10790000110864639
YLR205C,YNL314W,0,-4.2821245,0.010082493536174297,0.010999999940395355,0.1080000028014183
YKL070W,YDR173C,0,-4.282234,0.01007326040416956,0.010999999940395355,0.10809999704360962
YAR010C,YJR119C,0,-4.282877,0.010064044035971165,0.010999999940395355,0.10819999873638153
YGL183C,YLL031C,0,-4.283735,0.010054844431579113,0.010999999940395355,0.10830000042915344
YGR256W,YIR013C,0,-4.284098,0.010045662522315979,0.010999999940395355,0.10840000212192535
YOR297C,YJL134W,0,-4.2842364,0.010036496445536613,0.010999999940395355,0.10849999636411667
YLR238W,YHL040C,0,-4.2847347,0.010027347132563591,0.010999999940395355,0.10859999805688858
YJL156C,YPL276W,0,-4.2850037,0.010018214583396912,0.010999999940395355,0.10869999974966049
YDL247W,YGR108W,0,-4.2850227,0.010009098798036575,0.010999999940395355,0.1088000014424324
YDR448W,YMR246W,1,-4.2853947,0.010909090749919415,0.012000000104308128,0.1088000014424324
YDR345C,YNL148C,0,-4.2866116,0.01089918240904808,0.012000000104308128,0.10890000313520432
YOR317W,YOL110W,1,-4.286952,0.011796733364462852,0.013000000268220901,0.10890000313520432
YLL018C-A,YLR080W,0,-4.287249,0.011786038056015968,0.013000000268220901,0.10899999737739563
YMR081C,YMR045C,0,-4.289988,0.011775362305343151,0.013000000268220901,0.10909999907016754
YCR040W,YKR053C,0,-4.2905045,0.0117647061124444,0.013000000268220901,0.10920000076293945
YOR317W,YPR131C,1,-4.2945538,0.012658228166401386,0.014000000432133675,0.10920000076293945
YNL274C,YIL120W,0,-4.2948246,0.012646793387830257,0.014000000432133675,0.10930000245571136
YPL146C,YDR386W,0,-4.2951183,0.01263537909835577,0.014000000432133675,0.10939999669790268
YER180C-A,YML109W,0,-4.2959223,0.012623985297977924,0.014000000432133675,0.10949999839067459
YKL029C,YMR008C,0,-4.296175,0.012612612918019295,0.014000000432133675,0.1096000000834465
YBR114W,YJL157C,0,-4.2971964,0.012601260095834732,0.014000000432133675,0.10970000177621841
YMR227C,YPR080W,0,-4.2974253,0.012589927762746811,0.014000000432133675,0.10980000346899033
YMR104C,YMR134W,0,-4.2981424,0.012578615918755531,0.014000000432133675,0.10989999771118164
YER095W,YGL039W,0,-4.2989287,0.012567324563860893,0.014000000432133675,0.10999999940395355
YLL002W,YMR246W,1,-4.298935,0.013452914543449879,0.014999999664723873,0.10999999940395355
YHR020W,YKL057C,0,-4.2997293,0.01344086043536663,0.014999999664723873,0.11010000109672546
YKR090W,YCR028C-A,0,-4.300306,0.013428826816380024,0.014999999664723873,0.11020000278949738
YBR092C,YCR081W,0,-4.300315,0.013416815549135208,0.014999999664723873,0.11029999703168869
YLR190W,YPL276W,0,-4.3006697,0.013404825702309608,0.014999999664723873,0.1103999987244606
YBR072W,YLR298C,0,-4.30072,0.013392857275903225,0.014999999664723873,0.11050000041723251
YOR087W,YJR026W,0,-4.30109,0.013380910269916058,0.014999999664723873,0.11060000211000443
YER120W,YPL130W,0,-4.301141,0.013368983753025532,0.014999999664723873,0.11069999635219574
YOR317W,YPR031W,1,-4.3013673,0.014247551560401917,0.01600000075995922,0.11069999635219574
YER160C,YGR267C,0,-4.3021603,0.014234875328838825,0.01600000075995922,0.11079999804496765
YLR378C,YER087C-A,0,-4.3023996,0.0142222223803401,0.01600000075995922,0.11089999973773956
YNL317W,YOR095C,0,-4.30298,0.014209591783583164,0.01600000075995922,0.11100000143051147
YKR034W,YHR154W,0,-4.304104,0.01419698353856802,0.01600000075995922,0.11110000312328339
YLL017W,YBR159W,0,-4.304859,0.014184396713972092,0.01600000075995922,0.1111999973654747
YDR259C,YHR007C,0,-4.304949,0.014171833172440529,0.01600000075995922,0.11129999905824661
YKL026C,YDR055W,0,-4.3058634,0.014159291982650757,0.01600000075995922,0.11140000075101852
YKL075C,YNL085W,0,-4.308827,0.014146773144602776,0.01600000075995922,0.11150000244379044
YAL054C,YHR099W,1,-4.310348,0.015017667785286903,0.017000000923871994,0.11150000244379044
YPR121W,YGL153W,0,-4.3119583,0.015004413202404976,0.017000000923871994,0.11159999668598175
YPL275W,YKR083C,0,-4.313271,0.014991181902587414,0.017000000923871994,0.11169999837875366
YER173W,YBL100W-A,0,-4.314643,0.014977973885834217,0.017000000923871994,0.11180000007152557
YDR231C,YNR067C,0,-4.316551,0.014964789152145386,0.017000000923871994,0.11190000176429749
YPR193C,YHR090C,1,-4.3189898,0.01583113521337509,0.017999999225139618,0.11190000176429749
YOR305W,YGL049C,0,-4.320114,0.015817223116755486,0.017999999225139618,0.1120000034570694
YNL261W,YBL071W-A,0,-4.3217783,0.01580333709716797,0.017999999225139618,0.11209999769926071
YLR430W,YFR030W,0,-4.322168,0.015789473429322243,0.017999999225139618,0.11219999939203262
YPL086C,YDL069C,0,-4.323107,0.015775635838508606,0.017999999225139618,0.11230000108480453
YDR046C,YDL118W,0,-4.3239007,0.01576182059943676,0.017999999225139618,0.11240000277757645
YAL017W,YHR083W,0,-4.3243856,0.015748031437397003,0.017999999225139618,0.11249999701976776
YER190W,YJR070C,0,-4.3257875,0.015734266489744186,0.017999999225139618,0.11259999871253967
YGL201C,YLR455W,0,-4.326285,0.01572052389383316,0.017999999225139618,0.11270000040531158
YKL086W,YGL039W,0,-4.3281174,0.015706805512309074,0.017999999225139618,0.1128000020980835
YHR012W,YCR014C,0,-4.3281803,0.015693113207817078,0.017999999225139618,0.11289999634027481
YOL076W,YJL115W,1,-4.3286448,0.016550522297620773,0.01899999938905239,0.11289999634027481
YLL040C,YLR272C,0,-4.330639,0.01653611846268177,0.01899999938905239,0.11299999803304672
YDR301W,YKR095W-A,0,-4.330888,0.016521738842129707,0.01899999938905239,0.11309999972581863
YGL104C,YML027W,0,-4.332262,0.016507385298609734,0.01899999938905239,0.11320000141859055
YNR027W,YIL056W,0,-4.3333187,0.0164930559694767,0.01899999938905239,0.11330000311136246
YKL108W,YCR040W,0,-4.334842,0.016478750854730606,0.01899999938905239,0.11339999735355377
YML127W,YFL014W,0,-4.3349957,0.0164644718170166,0.01899999938905239,0.11349999904632568
YLR196W,YCR081W,0,-4.335766,0.016450216993689537,0.01899999938905239,0.1136000007390976
YCL020W,YIR037W,0,-4.336431,0.016435986384749413,0.01899999938905239,0.1137000024318695
YPR200C,YKL145W,0,-4.3364654,0.016421779990196228,0.01899999938905239,0.11379999667406082
YBR040W,YLR451W,0,-4.3373647,0.016407599672675133,0.01899999938905239,0.11389999836683273
YJL099W,YGL240W,0,-4.3379526,0.016393441706895828,0.01899999938905239,0.11400000005960464
YGL183C,YOR310C,0,-4.3381586,0.016379309818148613,0.01899999938905239,0.11410000175237656
YML058W-A,YGL100W,0,-4.3391356,0.016365202143788338,0.01899999938905239,0.11420000344514847
YGR296W,YDR295C,0,-4.3391843,0.016351118683815002,0.01899999938905239,0.11429999768733978
YPL283C,YFR053C,0,-4.3399477,0.016337059438228607,0.01899999938905239,0.1143999993801117
YBR159W,YFL038C,0,-4.3402867,0.016323024407029152,0.01899999938905239,0.1145000010728836
YOL031C,YJL102W,0,-4.3414645,0.016309013590216637,0.01899999938905239,0.11460000276565552
YER180C-A,YMR021C,0,-4.3420258,0.016295025125145912,0.01899999938905239,0.11469999700784683
YGL122C,YBL097W,0,-4.342434,0.016281062737107277,0.01899999938905239,0.11479999870061874
YCR005C,YGR122W,0,-4.343215,0.016267122700810432,0.01899999938905239,0.11490000039339066
YCR020C,YFL014W,0,-4.343397,0.016253208741545677,0.01899999938905239,0.11500000208616257
YLR394W,YGR251W,0,-4.3435693,0.016239317134022713,0.01899999938905239,0.11509999632835388
YJL196C,YJR027W,0,-4.344034,0.01622544787824154,0.01899999938905239,0.1151999980211258
YBR233W-A,YOR136W,0,-4.3470373,0.016211604699492455,0.01899999938905239,0.1152999997138977
YOR245C,YML039W,0,-4.3470716,0.01619778387248516,0.01899999938905239,0.11540000140666962
YFL025C,YOL017W,0,-4.347234,0.016183987259864807,0.01899999938905239,0.11550000309944153
YDR258C,YMR283C,0,-4.347291,0.016170212998986244,0.01899999938905239,0.11559999734163284
YCL033C,YOL122C,0,-4.347438,0.01615646295249462,0.01899999938905239,0.11569999903440475
YLR009W,YKL058W,0,-4.3475,0.01614273525774479,0.01899999938905239,0.11580000072717667
YLR115W,YBR267W,0,-4.347597,0.016129031777381897,0.01899999938905239,0.11590000241994858
YNL202W,YCR002C,0,-4.3505936,0.016115352511405945,0.01899999938905239,0.11599999666213989
YOL095C,YLR467W,0,-4.3506813,0.016101695597171783,0.01899999938905239,0.1160999983549118
YMR316W,YDR055W,0,-4.3512115,0.016088061034679413,0.01899999938905239,0.11620000004768372
YGL187C,YGR075C,0,-4.3516846,0.016074450686573982,0.01899999938905239,0.11630000174045563
YPL258C,YAR010C,0,-4.3526096,0.016060862690210342,0.01899999938905239,0.11640000343322754
YLL036C,YLR455W,0,-4.3530173,0.016047297045588493,0.01899999938905239,0.11649999767541885
YNL247W,YJL173C,0,-4.353266,0.016033755615353584,0.01899999938905239,0.11659999936819077
YKL043W,YDR085C,0,-4.3532944,0.016020236536860466,0.01899999938905239,0.11670000106096268
YER044C-A,YLR347C,0,-4.353569,0.01600673981010914,0.01899999938905239,0.11680000275373459
YJL102W,YDL006W,0,-4.3538785,0.015993265435099602,0.01899999938905239,0.1168999969959259
YPL232W,YKL088W,0,-4.355684,0.015979815274477005,0.01899999938905239,0.11699999868869781
YLR467W,YOR329C,0,-4.3568187,0.0159663874655962,0.01899999938905239,0.11710000038146973
YGL094C,YBL013W,0,-4.3590307,0.015952980145812035,0.01899999938905239,0.11720000207424164
YEL061C,YER108C,0,-4.359464,0.01593959704041481,0.01899999938905239,0.11729999631643295
YAL054C,YOR317W,1,-4.3594723,0.016764460131525993,0.019999999552965164,0.11729999631643295
YNL116W,YDL160C,0,-4.35985,0.01675041951239109,0.019999999552965164,0.11739999800920486
YBR167C,YER038C,0,-4.359933,0.016736401244997978,0.019999999552965164,0.11749999970197678
YBR247C,YHR067W,0,-4.3602996,0.016722407191991806,0.019999999552965164,0.11760000139474869
YIL029C,YBR086C,0,-4.3606157,0.016708437353372574,0.019999999552965164,0.1177000030875206
YMR128W,YOR231W,0,-4.361805,0.01669449172914028,0.019999999552965164,0.11779999732971191
YBL013W,YPL237W,0,-4.362648,0.01668056659400463,0.019999999552965164,0.11789999902248383
YER138C,YPL061W,0,-4.362776,0.01666666753590107,0.019999999552965164,0.11800000071525574
YPL276W,YJR112W,0,-4.3632717,0.01665278896689415,0.019999999552965164,0.11810000240802765
YJR153W,YOL077C,0,-4.363394,0.01663893461227417,0.019999999552965164,0.11819999665021896
YBL097W,YGR238C,0,-4.3650913,0.01662510447204113,0.019999999552965164,0.11829999834299088
YJL145W,YBR289W,0,-4.3665295,0.016611294820904732,0.019999999552965164,0.11840000003576279
YBR213W,YJR135W-A,0,-4.3665447,0.016597511246800423,0.019999999552965164,0.1185000017285347
YOR266W,YJL148W,0,-4.3673754,0.016583748161792755,0.019999999552965164,0.11860000342130661
YOR317W,YDR392W,1,-4.368265,0.01739850826561451,0.020999999716877937,0.11860000342130661
YCR012W,YMR250W,0,-4.3695393,0.017384106293320656,0.020999999716877937,0.11869999766349792
YER103W,YJR121W,0,-4.370143,0.017369726672768593,0.020999999716877937,0.11879999935626984
YPL169C,YBL071W-A,0,-4.371815,0.01735537126660347,0.020999999716877937,0.11890000104904175
YBR098W,YBL002W,0,-4.3734617,0.017341040074825287,0.020999999716877937,0.11900000274181366
YHR072W-A,YLR160C,0,-4.375172,0.017326733097434044,0.020999999716877937,0.11909999698400497
YIL077C,YJR006W,0,-4.3757143,0.01731244847178459,0.020999999716877937,0.11919999867677689
YEL053C,YMR246W,1,-4.376437,0.018121911212801933,0.02199999988079071,0.11919999867677689
YDR046C,YGL016W,0,-4.3778043,0.018106995150446892,0.02199999988079071,0.1193000003695488
YPL086C,YCL020W,0,-4.3779297,0.01809210516512394,0.02199999988079071,0.11940000206232071
YDL030W,YDR038C,0,-4.3786135,0.018077239394187927,0.02199999988079071,0.11949999630451202
YDR131C,YDL130W,0,-4.3800154,0.018062397837638855,0.02199999988079071,0.11959999799728394
YDL098C,YOR297C,0,-4.38041,0.018047580495476723,0.02199999988079071,0.11969999969005585
YER087C-A,YML036W,0,-4.3810906,0.01803278736770153,0.02199999988079071,0.11980000138282776
YMR240C,YIL082W-A,0,-4.381334,0.018018018454313278,0.02199999988079071,0.11990000307559967
YCR042C,YER082C,0,-4.382954,0.018003273755311966,0.02199999988079071,0.11999999731779099
YGR256W,YDR065W,0,-4.3833475,0.017988553270697594,0.02199999988079071,0.1200999990105629
YML132W,YMR030W,0,-4.385306,0.01797385700047016,0.02199999988079071,0.12020000070333481
YFR008W,YKR086W,0,-4.3872046,0.01795918308198452,0.02199999988079071,0.12030000239610672
YNL242W,YNL247W,0,-4.3877172,0.017944535240530968,0.02199999988079071,0.12039999663829803
YDR263C,YOR355W,0,-4.387927,0.017929909750819206,0.02199999988079071,0.12049999833106995
YDR065W,YMR213W,0,-4.388117,0.017915310338139534,0.02199999988079071,0.12060000002384186
YAL068C,YGL063W,0,-4.3887277,0.017900731414556503,0.02199999988079071,0.12070000171661377
YIL029C,YGL171W,0,-4.3887997,0.017886178568005562,0.02199999988079071,0.12080000340938568
YLL017W,YOR085W,0,-4.388823,0.01787164993584156,0.02199999988079071,0.120899997651577
YER190W,YBR022W,0,-4.388937,0.01785714365541935,0.02199999988079071,0.12099999934434891
YOR266W,YPL276W,0,-4.39037,0.01784265972673893,0.02199999988079071,0.12110000103712082
YOR317W,YGR252W,1,-4.3910213,0.018638573586940765,0.023000000044703484,0.12110000103712082
YER179W,YPL082C,0,-4.3912287,0.018623482435941696,0.023000000044703484,0.12120000272989273
YIL066C,YBR143C,0,-4.3913517,0.018608413636684418,0.023000000044703484,0.12129999697208405
YER014C-A,YBR077C,0,-4.3917646,0.01859337091445923,0.023000000044703484,0.12139999866485596
YBR084W,YPR031W,1,-4.3933043,0.019386107102036476,0.024000000208616257,0.12139999866485596
YNL331C,YKL011C,0,-4.3946576,0.019370460882782936,0.024000000208616257,0.12150000035762787
YPR020W,YER062C,0,-4.3956804,0.019354838877916336,0.024000000208616257,0.12160000205039978
YLR423C,YKL138C-A,0,-4.397489,0.019339242950081825,0.024000000208616257,0.1216999962925911
YLR009W,YPL195W,0,-4.398245,0.019323671236634254,0.024000000208616257,0.121799997985363
YOR004W,YDR532C,0,-4.398612,0.019308125600218773,0.024000000208616257,0.12189999967813492
YGL151W,YBR058C-A,0,-4.3987503,0.01929260417819023,0.024000000208616257,0.12200000137090683
YOR261C,YEL041W,0,-4.3987865,0.01927710883319378,0.024000000208616257,0.12210000306367874
YML069W,YER014C-A,0,-4.3990536,0.019261637702584267,0.024000000208616257,0.12219999730587006
YJL113W,YLR005W,0,-4.399128,0.019246190786361694,0.024000000208616257,0.12229999899864197
YNL078W,YDR097C,0,-4.3993483,0.01923076994717121,0.024000000208616257,0.12240000069141388
YPR121W,YFR055W,0,-4.400796,0.01921537145972252,0.024000000208616257,0.12250000238418579
YMR042W,YDR345C,0,-4.4014306,0.019200000911951065,0.024000000208616257,0.1225999966263771
YGL200C,YIL077C,0,-4.4023004,0.019184652715921402,0.024000000208616257,0.12269999831914902
YJR031C,YNL127W,0,-4.403425,0.01916932873427868,0.024000000208616257,0.12280000001192093
YJR135W-A,YIL150C,0,-4.4041333,0.019154030829668045,0.024000000208616257,0.12290000170469284
YBR213W,YJL148W,0,-4.4052567,0.019138755276799202,0.024000000208616257,0.12300000339746475
YPL117C,YGR296W,0,-4.4053197,0.019123505800962448,0.024000000208616257,0.12309999763965607
YHR089C,YBR297W,0,-4.405407,0.019108280539512634,0.024000000208616257,0.12319999933242798
YML011C,YHR148W,0,-4.40611,0.01909307949244976,0.024000000208616257,0.12330000102519989
YHL040C,YJR042W,0,-4.40617,0.019077900797128677,0.024000000208616257,0.1234000027179718
YJR137C,YHR072W-A,0,-4.4063735,0.019062748178839684,0.024000000208616257,0.12349999696016312
YDR131C,YPL176C,0,-4.406896,0.01904761977493763,0.024000000208616257,0.12359999865293503
YML130C,YGL194C,0,-4.407105,0.019032513722777367,0.024000000208616257,0.12370000034570694
YDL019C,YOR351C,0,-4.409174,0.019017431885004044,0.024000000208616257,0.12380000203847885
YDR076W,YLR411W,0,-4.409539,0.01900237612426281,0.024000000208616257,0.12389999628067017
YGL227W,YLR155C,0,-4.4100094,0.018987340852618217,0.024000000208616257,0.12399999797344208
YJR153W,YCL075W,0,-4.410144,0.018972331658005714,0.024000000208616257,0.12409999966621399
YMR005W,YHR072W-A,0,-4.4109807,0.01895734667778015,0.024000000208616257,0.1242000013589859
YDR446W,YJR027W,0,-4.411026,0.01894238404929638,0.024000000208616257,0.12430000305175781
YBR084W,YHR099W,1,-4.4121685,0.019716087728738785,0.02500000037252903,0.12430000305175781
YDR461W,YGR036C,0,-4.413155,0.01970055140554905,0.02500000037252903,0.12439999729394913
YDR131C,YBR077C,0,-4.4137874,0.019685039296746254,0.02500000037252903,0.12449999898672104
YAR002C-A,YML027W,0,-4.4138193,0.0196695514023304,0.02500000037252903,0.12460000067949295
YCR084C,YBL100W-A,0,-4.4141855,0.019654087722301483,0.02500000037252903,0.12470000237226486
YHL047C,YMR234W,0,-4.4143333,0.019638648256659508,0.02500000037252903,0.12479999661445618
YIL039W,YML027W,0,-4.414999,0.019623233005404472,0.02500000037252903,0.12489999830722809
YML076C,YDR131C,0,-4.416586,0.019607843831181526,0.02500000037252903,0.125
YDR337W,YJR029W,0,-4.418365,0.01959247700870037,0.02500000037252903,0.1251000016927719
YPL061W,YKL129C,0,-4.418466,0.019577134400606155,0.02500000037252903,0.12520000338554382
YML113W,YPR107C,0,-4.4184737,0.01956181600689888,0.02500000037252903,0.12530000507831573
YPL086C,YHL009C,0,-4.4187517,0.019546519964933395,0.02500000037252903,0.12540000677108765
YKL086W,YLR455W,0,-4.419779,0.01953125,0.02500000037252903,0.12549999356269836
YJR025C,YHR174W,0,-4.422121,0.019516002386808395,0.02500000037252903,0.12559999525547028
YDL225W,YDL247W,0,-4.422976,0.01950078085064888,0.02500000037252903,0.1256999969482422
YOR305W,YBR145W,0,-4.4231853,0.019485579803586006,0.02500000037252903,0.1257999986410141
YOR317W,YEL056W,1,-4.423552,0.020249221473932266,0.026000000536441803,0.1257999986410141
YMR142C,YKR007W,0,-4.424923,0.020233463495969772,0.026000000536441803,0.125900000333786
YER111C,YGR217W,0,-4.424925,0.02021772973239422,0.026000000536441803,0.12600000202655792
YER014C-A,YHR036W,0,-4.4251785,0.020202020183205605,0.026000000536441803,0.12610000371932983
YNL318C,YPR191W,0,-4.425628,0.02018633484840393,0.026000000536441803,0.12620000541210175
YKL081W,YGR241C,0,-4.426273,0.020170675590634346,0.026000000536441803,0.12630000710487366
YBR030W,YML040W,0,-4.4268565,0.020155038684606552,0.026000000536441803,0.12639999389648438
YBR284W,YJR132W,0,-4.427316,0.020139425992965698,0.026000000536441803,0.1264999955892563
YGR054W,YGR132C,0,-4.428308,0.020123839378356934,0.026000000536441803,0.1265999972820282
YOR008C,YJR026W,0,-4.4290195,0.02010827511548996,0.026000000536441803,0.1266999989748001
YDR085C,YLR132C,0,-4.42945,0.020092735067009926,0.026000000536441803,0.12680000066757202
YDR131C,YGL119W,0,-4.4296503,0.020077219232916832,0.026000000536441803,0.12690000236034393
YGR286C,YOR133W,0,-4.4306717,0.020061727613210678,0.026000000536441803,0.12700000405311584
YOL124C,YKR035W-A,0,-4.4312572,0.020046260207891464,0.026000000536441803,0.12710000574588776
YIL117C,YHR081W,0,-4.431626,0.02003081701695919,0.026000000536441803,0.12720000743865967
YOR061W,YMR210W,0,-4.431736,0.020015396177768707,0.026000000536441803,0.12729999423027039
YNL214W,YJL183W,0,-4.4340944,0.019999999552965164,0.026000000536441803,0.1273999959230423
YAR007C,YLR455W,0,-4.434695,0.01998462714254856,0.026000000536441803,0.1274999976158142
YGR042W,YLR055C,0,-4.43805,0.019969278946518898,0.026000000536441803,0.12759999930858612
YPR081C,YAL021C,0,-4.438057,0.019953953102231026,0.026000000536441803,0.12770000100135803
YOL146W,YDR065W,0,-4.4387383,0.019938649609684944,0.026000000536441803,0.12780000269412994
YAL054C,YEL056W,1,-4.4404984,0.02068965509533882,0.027000000700354576,0.12780000269412994
YDL160C,YDR473C,0,-4.440735,0.020673813298344612,0.027000000700354576,0.12790000438690186
YCL052C,YDR055W,0,-4.44097,0.020657995715737343,0.027000000700354576,0.12800000607967377
YMR033W,YER014C-A,0,-4.442009,0.020642202347517014,0.027000000700354576,0.12809999287128448
YAR042W,YCR084C,0,-4.4428225,0.020626433193683624,0.027000000700354576,0.1281999945640564
YDR479C,YML025C,0,-4.443813,0.020610686391592026,0.027000000700354576,0.1282999962568283
YER015W,YFL039C,1,-4.4441795,0.021357743069529533,0.02800000086426735,0.1282999962568283
YPL160W,YCR081W,0,-4.4443707,0.021341463550925255,0.02800000086426735,0.12839999794960022
YGR132C,YMR046C,0,-4.445572,0.021325210109353065,0.02800000086426735,0.12849999964237213
YER105C,YER062C,0,-4.4461107,0.021308980882167816,0.02800000086426735,0.12860000133514404
YPR193C,YPR131C,1,-4.4464264,0.022053232416510582,0.028999999165534973,0.12860000133514404
YOL076W,YDR264C,1,-4.4475975,0.022796353325247765,0.029999999329447746,0.12860000133514404
YNR001C,YMR303C,0,-4.449301,0.02277904376387596,0.029999999329447746,0.12870000302791595
YER087C-A,YPL084W,0,-4.4506617,0.022761760279536247,0.029999999329447746,0.12880000472068787
YMR210W,YPL020C,0,-4.452435,0.022744502872228622,0.029999999329447746,0.12890000641345978
YER147C,YMR204C,0,-4.4527016,0.022727273404598236,0.029999999329447746,0.1289999932050705
YLR286C,YER074W-A,0,-4.4538107,0.02271006815135479,0.029999999329447746,0.1290999948978424
YFR055W,YHR085W,0,-4.4556136,0.022692888975143433,0.029999999329447746,0.12919999659061432
YFL056C,YKR036C,0,-4.456375,0.022675737738609314,0.029999999329447746,0.12929999828338623
YMR001C,YIL082W-A,0,-4.457181,0.022658610716462135,0.029999999329447746,0.12939999997615814
YER180C-A,YOR030W,0,-4.457695,0.022641509771347046,0.029999999329447746,0.12950000166893005
YHR193C,YDL033C,0,-4.457752,0.022624434903264046,0.029999999329447746,0.12960000336170197
YHL025W,YPL258C,0,-4.4592123,0.022607384249567986,0.029999999329447746,0.12970000505447388
YJL109C,YLR228C,0,-4.459399,0.022590361535549164,0.029999999329447746,0.1298000067472458
YER116C,YHR178W,0,-4.4617662,0.022573363035917282,0.029999999329447746,0.1298999935388565
YAL001C,YHR157W,0,-4.462285,0.02255639061331749,0.029999999329447746,0.12999999523162842
YEL036C,YGL039W,0,-4.462624,0.022539444267749786,0.029999999329447746,0.13009999692440033
YER160C,YOL164W,0,-4.462723,0.022522522136569023,0.029999999329447746,0.13019999861717224
YKR019C,YHR154W,0,-4.4633713,0.02250562608242035,0.029999999329447746,0.13030000030994415
YBR164C,YHR067W,0,-4.463734,0.022488756105303764,0.029999999329447746,0.13040000200271606
YCL020W,YBR155W,0,-4.4649973,0.02247191034257412,0.029999999329447746,0.13050000369548798
YGL253W,YGL033W,0,-4.465373,0.022455090656876564,0.029999999329447746,0.1306000053882599
YKL125W,YBL071W-A,0,-4.4689364,0.02243829518556595,0.029999999329447746,0.1307000070810318
YDL105W,YKL191W,0,-4.46943,0.022421523928642273,0.029999999329447746,0.13079999387264252
YCR048W,YML058W-A,0,-4.4697566,0.022404780611395836,0.029999999329447746,0.13089999556541443
YCR092C,YPR080W,0,-4.470029,0.02238805964589119,0.029999999329447746,0.13099999725818634
YLL017W,YDR518W,0,-4.4704504,0.022371364757418633,0.029999999329447746,0.13109999895095825
YDR384C,YIL061C,0,-4.4711733,0.022354694083333015,0.029999999329447746,0.13120000064373016
YHR069C,YOR328W,0,-4.472273,0.022338049486279488,0.029999999329447746,0.13130000233650208
YNL002C,YPL192C,0,-4.472374,0.0223214291036129,0.029999999329447746,0.131400004029274
YGR272C,YGL111W,0,-4.473157,0.022304832935333252,0.029999999329447746,0.1315000057220459
YOL026C,YKL088W,0,-4.473235,0.022288260981440544,0.029999999329447746,0.1316000074148178
YOR056C,YBR058C-A,0,-4.4737873,0.022271715104579926,0.029999999329447746,0.13169999420642853
YNL148C,YPR002W,0,-4.4744773,0.022255193442106247,0.029999999329447746,0.13179999589920044
YCL005W-A,YML049C,0,-4.4763737,0.02223869599401951,0.029999999329447746,0.13189999759197235
YBR038W,YHL012W,0,-4.476797,0.02222222276031971,0.029999999329447746,0.13199999928474426
YIL084C,YPL043W,0,-4.476881,0.02220577374100685,0.029999999329447746,0.13210000097751617
YDR013W,YKR095W-A,0,-4.47711,0.022189348936080933,0.029999999329447746,0.13220000267028809
YIL139C,YGL238W,0,-4.4772806,0.022172948345541954,0.029999999329447746,0.13230000436306
YJL004C,YLR160C,0,-4.4793572,0.022156573832035065,0.029999999329447746,0.1324000060558319
YDR377W,YKL011C,0,-4.4794483,0.022140221670269966,0.029999999329447746,0.13249999284744263
YHR108W,YML130C,0,-4.4795723,0.022123893722891808,0.029999999329447746,0.13259999454021454
YHR072W-A,YAL047C,0,-4.4805837,0.02210758998990059,0.029999999329447746,0.13269999623298645
YER103W,YDR150W,0,-4.4811153,0.02209131047129631,0.029999999329447746,0.13279999792575836
YBL097W,YHR021C,0,-4.481202,0.022075055167078972,0.029999999329447746,0.13289999961853027
YHL028W,YER038C,0,-4.4836254,0.022058824077248573,0.029999999329447746,0.13300000131130219
YDL069C,YJL059W,0,-4.483921,0.022042615339159966,0.029999999329447746,0.1331000030040741
YGR258C,YPR135W,0,-4.484871,0.022026430815458298,0.029999999329447746,0.133200004696846
YBR083W,YOR348C,0,-4.48582,0.02201027236878872,0.029999999329447746,0.13330000638961792
YAR019C,YBR066C,0,-4.4859033,0.021994134411215782,0.029999999329447746,0.13339999318122864
YDR302W,YKL011C,0,-4.486595,0.021978022530674934,0.029999999329447746,0.13349999487400055
YCL044C,YOL126C,0,-4.4883327,0.021961933001875877,0.029999999329447746,0.13359999656677246
YDR072C,YKL042W,0,-4.488993,0.02194586768746376,0.029999999329447746,0.13369999825954437
YPL086C,YCR058C,0,-4.489106,0.021929824724793434,0.029999999329447746,0.13379999995231628
YER111C,YOL126C,0,-4.4902325,0.021913805976510048,0.029999999329447746,0.1339000016450882
YPR124W,YML130C,0,-4.490565,0.021897809579968452,0.029999999329447746,0.1340000033378601
YJR126C,YNL046W,0,-4.492266,0.021881837397813797,0.029999999329447746,0.13410000503063202
YHR102W,YDL130W-A,0,-4.492724,0.02186588943004608,0.029999999329447746,0.13420000672340393
YLR430W,YHR203C,0,-4.493618,0.021849963814020157,0.029999999329447746,0.13429999351501465
YBL002W,YPL188W,0,-4.494157,0.021834060549736023,0.029999999329447746,0.13439999520778656
YDR113C,YLR035C,0,-4.4950433,0.02181818149983883,0.029999999329447746,0.13449999690055847
YDR264C,YOR253W,1,-4.4964647,0.02252906933426857,0.03099999949336052,0.13449999690055847
YPL091W,YMR210W,0,-4.4967213,0.022512707859277725,0.03099999949336052,0.13459999859333038
YEL004W,YEL020W-A,0,-4.496744,0.02249637246131897,0.03099999949336052,0.1347000002861023
YBL098W,YHR154W,0,-4.4978,0.022480057552456856,0.03099999949336052,0.1348000019788742
YGR092W,YOR259C,0,-4.4980597,0.02246376872062683,0.03099999949336052,0.13490000367164612
YKL011C,YGR247W,0,-4.4983253,0.022447502240538597,0.03099999949336052,0.13500000536441803
YER110C,YGL175C,0,-4.4995337,0.022431259974837303,0.03099999949336052,0.13510000705718994
YDR213W,YDR363W-A,0,-4.499565,0.0224150400608778,0.03099999949336052,0.13519999384880066
YLR426W,YMR153W,0,-4.4998155,0.022398844361305237,0.03099999949336052,0.13529999554157257
YNL126W,YPL175W,0,-4.500374,0.022382671013474464,0.03099999949336052,0.13539999723434448
YER171W,YDL109C,0,-4.5004253,0.022366521880030632,0.03099999949336052,0.1354999989271164
YEL032W,YGL206C,0,-4.500577,0.02235039696097374,0.03099999949336052,0.1356000006198883
YLR145W,YBR012W-B,0,-4.500951,0.022334294393658638,0.03099999949336052,0.13570000231266022
YPL231W,YLR394W,0,-4.5017285,0.022318214178085327,0.03099999949336052,0.13580000400543213
YDR146C,YBL088C,0,-4.5017614,0.022302158176898956,0.03099999949336052,0.13590000569820404
YGR111W,YML088W,0,-4.502041,0.022286124527454376,0.03099999949336052,0.13600000739097595
YDR055W,YKL203C,0,-4.503127,0.022270115092396736,0.03099999949336052,0.13609999418258667
YPL036W,YBR072W,0,-4.503396,0.022254128009080887,0.03099999949336052,0.13619999587535858
YPR121W,YKR024C,0,-4.5038056,0.02223816327750683,0.03099999949336052,0.1362999975681305
YKL089W,YAL056W,0,-4.5048018,0.02222222276031971,0.03099999949336052,0.1363999992609024
YOR048C,YJR042W,0,-4.5049257,0.022206304594874382,0.03099999949336052,0.13650000095367432
YML130C,YMR134W,0,-4.505395,0.022190408781170845,0.03099999949336052,0.13660000264644623
YJL059W,YOL023W,0,-4.5057726,0.0221745353192091,0.03099999949336052,0.13670000433921814
YOR188W,YCL074W,0,-4.5060415,0.022158684208989143,0.03099999949336052,0.13680000603199005
YBR083W,YJR097W,0,-4.5087037,0.022142857313156128,0.03099999949336052,0.13689999282360077
YOR054C,YBR020W,0,-4.5089083,0.022127052769064903,0.03099999949336052,0.13699999451637268
YHL020C,YHL003C,0,-4.510853,0.02211126871407032,0.03099999949336052,0.1370999962091446
YLR010C,YDR225W,0,-4.510872,0.022095508873462677,0.03099999949336052,0.1371999979019165
YGL187C,YGL201C,0,-4.5113277,0.022079771384596825,0.03099999949336052,0.13729999959468842
YOL117W,YOL077W-A,0,-4.5121813,0.022064056247472763,0.03099999949336052,0.13740000128746033
YML052W,YER127W,0,-4.5126514,0.022048363462090492,0.03099999949336052,0.13750000298023224
YML131W,YLR403W,0,-4.5129285,0.022032693028450012,0.03099999949336052,0.13760000467300415
YGR054W,YML071C,0,-4.513113,0.022017044946551323,0.03099999949336052,0.13770000636577606
YLR102C,YDR004W,0,-4.51345,0.022001419216394424,0.03099999949336052,0.13779999315738678
YCL020W,YBR035C,0,-4.514019,0.021985815837979317,0.03099999949336052,0.1378999948501587
YOR237W,YLR399C,0,-4.5140676,0.02197023294866085,0.03099999949336052,0.1379999965429306
YCR102C,YKR072C,0,-4.5155177,0.021954674273729324,0.03099999949336052,0.13809999823570251
YCL008C,YOR178C,0,-4.517643,0.02193913608789444,0.03099999949336052,0.13819999992847443
YCR031C,YHR061C,0,-4.518447,0.021923620253801346,0.03099999949336052,0.13830000162124634
YJR066W,YBR079C,0,-4.5189047,0.021908126771450043,0.03099999949336052,0.13840000331401825
YJR029W,YHR163W,0,-4.519643,0.02189265564084053,0.03099999949336052,0.13850000500679016
YDR479C,YGL071W,0,-4.5212784,0.02187720499932766,0.03099999949336052,0.13860000669956207
YHR167W,YOR209C,0,-4.5215063,0.02186177670955658,0.03099999949336052,0.1386999934911728
YLR263W,YNL251C,0,-4.522312,0.02184637077152729,0.03099999949336052,0.1387999951839447
YGR230W,YGL194C,0,-4.5226307,0.021830985322594643,0.03099999949336052,0.1388999968767166
YIR019C,YIR041W,0,-4.522705,0.021815622225403786,0.03099999949336052,0.13899999856948853
YPL121C,YKL086W,0,-4.5237594,0.02180028147995472,0.03099999949336052,0.13910000026226044
YDL112W,YFR041C,0,-4.5238657,0.021784961223602295,0.03099999949336052,0.13920000195503235
YML128C,YKL057C,0,-4.525115,0.02176966331899166,0.03099999949336052,0.13930000364780426
YGL206C,YGR177C,0,-4.526622,0.02175438590347767,0.03099999949336052,0.13940000534057617
YOR317W,YGR002C,1,-4.527463,0.022440392524003983,0.03200000151991844,0.13940000534057617
YKL130C,YGL063W,0,-4.52749,0.022424666211009026,0.03200000151991844,0.13950000703334808
YMR032W,YAR002W,0,-4.5309772,0.02240896411240101,0.03200000151991844,0.1395999938249588
YPR075C,YML071C,0,-4.531573,0.022393282502889633,0.03200000151991844,0.1396999955177307
YCR102C,YDR046C,0,-4.533078,0.02237762324512005,0.03200000151991844,0.13979999721050262
YOR317W,YOR064C,1,-4.5331593,0.023060796782374382,0.032999999821186066,0.13979999721050262
YDR065W,YGR122W,0,-4.5337887,0.02304469235241413,0.032999999821186066,0.13989999890327454
YGR060W,YCR028C-A,0,-4.5352073,0.02302861213684082,0.032999999821186066,0.14000000059604645
YOR049C,YEL061C,0,-4.5355935,0.02301255241036415,0.032999999821186066,0.14010000228881836
YKL201C,YJR140C,0,-4.5360923,0.022996515035629272,0.032999999821186066,0.14020000398159027
YPL155C,YGR249W,0,-4.5364914,0.022980501875281334,0.032999999821186066,0.14030000567436218
YPL213W,YBL071W-A,0,-4.536651,0.022964509204030037,0.032999999821186066,0.1404000073671341
YDR170W-A,YAR010C,0,-4.5370073,0.02294853888452053,0.032999999821186066,0.1404999941587448
YLR117C,YHR023W,0,-4.5385284,0.022932592779397964,0.032999999821186066,0.14059999585151672
YGL071W,YDL109C,0,-4.538695,0.02291666716337204,0.032999999821186066,0.14069999754428864
YLR014C,YCR028C-A,0,-4.540204,0.022900763899087906,0.032999999821186066,0.14079999923706055
YJL050W,YER109C,0,-4.540511,0.022884882986545563,0.032999999821186066,0.14090000092983246
YIL123W,YNL045W,0,-4.540932,0.02286902256309986,0.032999999821186066,0.14100000262260437
YOL143C,YLR270W,0,-4.540976,0.0228531863540411,0.032999999821186066,0.14110000431537628
YGL127C,YDL140C,0,-4.5417843,0.02283737063407898,0.032999999821186066,0.1412000060081482
YDL105W,YLL040C,0,-4.5436354,0.02282157726585865,0.032999999821186066,0.1412999927997589
YER118C,YDR268W,0,-4.5437427,0.022805804386734962,0.032999999821186066,0.14139999449253082
YGR161C,YMR238W,0,-4.5445423,0.022790055721998215,0.032999999821186066,0.14149999618530273
YPR031W,YHR090C,1,-4.5448794,0.02346445806324482,0.03400000184774399,0.14149999618530273
YHR058C,YLR411W,0,-4.5450315,0.0234482754021883,0.03400000184774399,0.14159999787807465
YGR217W,YCR072C,0,-4.5467906,0.023432115092873573,0.03400000184774399,0.14169999957084656
YER044C-A,YML007W,0,-4.547707,0.023415977135300636,0.03400000184774399,0.14180000126361847
YCL020W,YPL012W,0,-4.5490966,0.02339986152946949,0.03400000184774399,0.14190000295639038
YMR015C,YJL127C,0,-4.549304,0.023383768275380135,0.03400000184774399,0.1420000046491623
YLR263W,YDR283C,0,-4.5493274,0.02336769737303257,0.03400000184774399,0.1421000063419342
YDL102W,YCL020W,0,-4.549417,0.023351648822426796,0.03400000184774399,0.14219999313354492
YGR042W,YLR319C,0,-4.5501814,0.023335620760917664,0.03400000184774399,0.14229999482631683
YDL039C,YBR082C,0,-4.5502634,0.023319615051150322,0.03400000184774399,0.14239999651908875
YMR192W,YBR030W,0,-4.5508122,0.02330363355576992,0.03400000184774399,0.14249999821186066
YPL232W,YLR205C,0,-4.552847,0.02328767068684101,0.03400000184774399,0.14259999990463257
YLR189C,YKL108W,0,-4.553117,0.023271732032299042,0.03400000184774399,0.14270000159740448
YLR385C,YDL185W,0,-4.553152,0.023255813866853714,0.03400000184774399,0.1428000032901764
YNL042W,YOL077C,0,-4.5541286,0.023239918053150177,0.03400000184774399,0.1429000049829483
YOR004W,YBR211C,0,-4.5541596,0.02322404459118843,0.03400000184774399,0.14300000667572021
YNL072W,YBL045C,0,-4.5551424,0.023208191618323326,0.03400000184774399,0.14309999346733093
YBR160W,YGR122W,0,-4.555484,0.023192360997200012,0.03400000184774399,0.14319999516010284
YOL051W,YIL080W,0,-4.555666,0.02317655086517334,0.03400000184774399,0.14329999685287476
YLL002W,YPR131C,1,-4.5572596,0.023841962218284607,0.03500000014901161,0.14329999685287476
YGR179C,YER106W,0,-4.5573635,0.02382573112845421,0.03500000014901161,0.14339999854564667
YGL043W,YIL144W,0,-4.5576243,0.02380952425301075,0.03500000014901161,0.14350000023841858
YKL092C,YNR067C,0,-4.55816,0.023793337866663933,0.03500000014901161,0.1436000019311905
YJL116C,YGL247W,0,-4.5583076,0.023777173832058907,0.03500000014901161,0.1437000036239624
YLR263W,YER030W,0,-4.5583596,0.02376103214919567,0.03500000014901161,0.14380000531673431
YLR126C,YBR165W,0,-4.558647,0.023744910955429077,0.03500000014901161,0.14390000700950623
YGR134W,YNL258C,0,-4.558672,0.023728813976049423,0.03500000014901161,0.14399999380111694
YDR436W,YGR042W,0,-4.5589986,0.02371273748576641,0.03500000014901161,0.14409999549388885
YER015W,YHR099W,1,-4.5596447,0.024373730644583702,0.035999998450279236,0.14409999549388885
YKL125W,YDR213W,0,-4.5596924,0.02435723878443241,0.035999998450279236,0.14419999718666077
YBL097W,YER149C,0,-4.5597196,0.02434077113866806,0.035999998450279236,0.14429999887943268
YOR007C,YDR432W,0,-4.559969,0.02432432398200035,0.035999998450279236,0.1444000005722046
YBR038W,YOR298C-A,0,-4.5600214,0.024307899177074432,0.035999998450279236,0.1445000022649765
YPL124W,YLR264W,0,-4.5614977,0.024291498586535454,0.035999998450279236,0.1446000039577484
YKL166C,YHR165C,0,-4.5618906,0.024275118485093117,0.035999998450279236,0.14470000565052032
YGL001C,YOL017W,0,-4.562854,0.02425876073539257,0.035999998450279236,0.14480000734329224
YML104C,YLR228C,0,-4.5629406,0.024242423474788666,0.035999998450279236,0.14489999413490295
YJL109C,YLR210W,0,-4.5631123,0.0242261104285717,0.035999998450279236,0.14499999582767487
YHR138C,YGL124C,0,-4.563567,0.024209817871451378,0.035999998450279236,0.14509999752044678
YDR472W,YDL020C,0,-4.5643315,0.024193547666072845,0.035999998450279236,0.1451999992132187
YEL020W-A,YHR154W,0,-4.564727,0.024177299812436104,0.035999998450279236,0.1453000009059906
YKL185W,YBR260C,0,-4.565117,0.024161074310541153,0.035999998450279236,0.1454000025987625
YKL190W,YBR162C,0,-4.565163,0.024144869297742844,0.035999998450279236,0.14550000429153442
YJL168C,YPL240C,0,-4.565458,0.024128686636686325,0.035999998450279236,0.14560000598430634
YDL138W,YMR167W,0,-4.5669174,0.024112524464726448,0.035999998450279236,0.14569999277591705
YOR308C,YPR201W,0,-4.5675597,0.024096384644508362,0.035999998450279236,0.14579999446868896
YDR447C,YMR224C,0,-4.5675755,0.024080267176032066,0.035999998450279236,0.14589999616146088
YCR020C,YMR168C,0,-4.5683794,0.024064170196652412,0.035999998450279236,0.1459999978542328
YBR004C,YKR036C,0,-4.5684013,0.02404809556901455,0.035999998450279236,0.1460999995470047
YER174C,YDR228C,0,-4.568813,0.024032043293118477,0.035999998450279236,0.1462000012397766
YHR075C,YDR182W,0,-4.5689406,0.024016011506319046,0.035999998450279236,0.14630000293254852
YNL160W,YJL133W,0,-4.568993,0.024000000208616257,0.035999998450279236,0.14640000462532043
YNL166C,YOR182C,0,-4.5697346,0.023984011262655258,0.035999998450279236,0.14650000631809235
YER044C-A,YJL141C,0,-4.570929,0.0239680428057909,0.035999998450279236,0.14659999310970306
YHR152W,YML132W,0,-4.571994,0.023952096700668335,0.035999998450279236,0.14669999480247498
YLR263W,YEL017C-A,0,-4.5720344,0.02393617108464241,0.035999998450279236,0.1467999964952469
YPR021C,YDL130W-A,0,-4.572362,0.023920265957713127,0.035999998450279236,0.1468999981880188
YDR213W,YKL214C,0,-4.5723763,0.023904383182525635,0.035999998450279236,0.1469999998807907
YNR058W,YML071C,0,-4.5729294,0.023888520896434784,0.035999998450279236,0.14710000157356262
YGL236C,YNL241C,0,-4.573159,0.023872679099440575,0.035999998450279236,0.14720000326633453
YGR059W,YDR028C,0,-4.5733166,0.023856859654188156,0.035999998450279236,0.14730000495910645
YDR277C,YER062C,0,-4.573421,0.02384105883538723,0.035999998450279236,0.14740000665187836
YDL165W,YGR123C,0,-4.574273,0.023825280368328094,0.035999998450279236,0.14749999344348907
YBL051C,YLR442C,0,-4.574308,0.02380952425301075,0.035999998450279236,0.147599995136261
YEL012W,YFL049W,0,-4.5745816,0.023793786764144897,0.035999998450279236,0.1476999968290329
YHR056C,YOR266W,0,-4.57516,0.023778071627020836,0.035999998450279236,0.1477999985218048
YFR053C,YPL125W,0,-4.5755367,0.023762376978993416,0.035999998450279236,0.14790000021457672
YJR090C,YOL091W,0,-4.5761065,0.023746700957417488,0.035999998450279236,0.14800000190734863
YOR046C,YPR065W,0,-4.5762286,0.02373104728758335,0.035999998450279236,0.14810000360012054
YPR131C,YMR246W,1,-4.5769215,0.02437417581677437,0.03700000047683716,0.14810000360012054
YCR026C,YPL097W,0,-4.577078,0.024358130991458893,0.03700000047683716,0.14820000529289246
YBR218C,YIR005W,0,-4.5773153,0.02434210479259491,0.03700000047683716,0.14830000698566437
YDR131C,YMR026C,0,-4.577845,0.024326100945472717,0.03700000047683716,0.14839999377727509
YML039W,YOL028C,0,-4.5786743,0.024310117587447166,0.03700000047683716,0.148499995470047
YDR016C,YBR156C,0,-4.5787253,0.024294156581163406,0.03700000047683716,0.1485999971628189
YKR066C,YDR523C,0,-4.5788403,0.024278216063976288,0.03700000047683716,0.14869999885559082
YIL066C,YML046W,0,-4.579103,0.02426229417324066,0.03700000047683716,0.14880000054836273
YLR107W,YGL219C,0,-4.579605,0.024246396496891975,0.03700000047683716,0.14890000224113464
YKL074C,YPL276W,0,-4.5804777,0.02423051744699478,0.03700000047683716,0.14900000393390656
YPR037C,YOL164W,0,-4.580916,0.02421465888619423,0.03700000047683716,0.14910000562667847
YML113W,YNL008C,0,-4.581532,0.024198822677135468,0.03700000047683716,0.14920000731945038
YJR119C,YOR182C,0,-4.581865,0.024183006957173347,0.03700000047683716,0.1492999941110611
YKL070W,YGR109C,0,-4.582456,0.02416721172630787,0.03700000047683716,0.149399995803833
YDR260C,YMR303C,0,-4.5830755,0.024151435121893883,0.03700000047683716,0.14949999749660492
YGR059W,YDR478W,0,-4.5832224,0.024135680869221687,0.03700000047683716,0.14959999918937683
YAL033W,YLR234W,0,-4.583296,0.024119947105646133,0.03700000047683716,0.14970000088214874
YKL088W,YGL124C,0,-4.5835485,0.02410423383116722,0.03700000047683716,0.14980000257492065
YKL086W,YGL216W,0,-4.5839605,0.02408854104578495,0.03700000047683716,0.14990000426769257
YGR040W,YHR094C,0,-4.584105,0.02407286874949932,0.03700000047683716,0.15000000596046448
YCL033C,YMR224C,0,-4.586092,0.024057216942310333,0.03700000047683716,0.1500999927520752
YPL092W,YOR182C,0,-4.587062,0.024041585624217987,0.03700000047683716,0.1501999944448471
YDL097C,YGR296W,0,-4.5879984,0.024025974795222282,0.03700000047683716,0.15029999613761902
YMR202W,YKR087C,0,-4.589999,0.02401038259267807,0.03700000047683716,0.15039999783039093
YBR233W-A,YOL145C,0,-4.5900235,0.02399481274187565,0.03700000047683716,0.15049999952316284
YCL069W,YJL072C,0,-4.5900984,0.02397926151752472,0.03700000047683716,0.15060000121593475
YML121W,YDR165W,0,-4.5910263,0.02396373078227043,0.03700000047683716,0.15070000290870667
YGL035C,YIL138C,0,-4.591048,0.023948220536112785,0.03700000047683716,0.15080000460147858
YDR448W,YLR195C,1,-4.5918083,0.02457956038415432,0.03799999877810478,0.15080000460147858
YOL095C,YPR065W,0,-4.5921216,0.02456367202103138,0.03799999877810478,0.1509000062942505
YKL070W,YFR051C,0,-4.592428,0.02454780414700508,0.03799999877810478,0.1509999930858612
YNR011C,YHR203C,0,-4.5930567,0.024531956762075424,0.03799999877810478,0.15109999477863312
YFR030W,YAL043C,0,-4.5944066,0.02451612986624241,0.03799999877810478,0.15119999647140503
YMR284W,YDR270W,0,-4.5946817,0.024500321596860886,0.03799999877810478,0.15129999816417694
YCL014W,YJR158W,0,-4.595253,0.024484535679221153,0.03799999877810478,0.15139999985694885
YGR246C,YJR103W,0,-4.595574,0.024468770250678062,0.03799999877810478,0.15150000154972076
YLR313C,YER110C,0,-4.595586,0.024453025311231613,0.03799999877810478,0.15160000324249268
YBR004C,YMR136W,0,-4.5967865,0.024437298998236656,0.03799999877810478,0.1517000049352646
YOR335C,YER109C,0,-4.5971622,0.02442159317433834,0.03799999877810478,0.1518000066280365
YDL081C,YGR239C,0,-4.5973015,0.024405909702181816,0.03799999877810478,0.15189999341964722
YER001W,YOR144C,0,-4.597702,0.024390242993831635,0.03799999877810478,0.15199999511241913
YER190W,YER056C,0,-4.598046,0.024374598637223244,0.03799999877810478,0.15209999680519104
YER111C,YER070W,0,-4.598077,0.024358974769711494,0.03799999877810478,0.15219999849796295
YHR188C,YGL047W,0,-4.6004457,0.024343369528651237,0.03799999877810478,0.15230000019073486
YMR229C,YGR055W,0,-4.6006765,0.024327784776687622,0.03799999877810478,0.15240000188350677
YBR114W,YPL202C,0,-4.6007304,0.024312220513820648,0.03799999877810478,0.1525000035762787
YCR088W,YLR055C,0,-4.6010766,0.024296674877405167,0.03799999877810478,0.1526000052690506
YPL006W,YDL220C,0,-4.6012397,0.024281149730086327,0.03799999877810478,0.1527000069618225
YNL042W,YNL007C,0,-4.6012506,0.024265645071864128,0.03799999877810478,0.15279999375343323
YDR448W,YOR317W,1,-4.6024194,0.02488832175731659,0.039000000804662704,0.15279999375343323
YBR004C,YGR285C,0,-4.6032104,0.024872448295354843,0.039000000804662704,0.15289999544620514
YLL017W,YOR230W,0,-4.6041427,0.024856597185134888,0.039000000804662704,0.15299999713897705
YPL190C,YMR250W,0,-4.6046467,0.024840764701366425,0.039000000804662704,0.15309999883174896
YCR005C,YCR081W,0,-4.6047783,0.024824952706694603,0.039000000804662704,0.15320000052452087
YIL034C,YNL127W,0,-4.605474,0.024809161201119423,0.039000000804662704,0.15330000221729279
YAR003W,YJL191W,0,-4.6060257,0.024793388321995735,0.039000000804662704,0.1534000039100647
YER025W,YFR055W,0,-4.6066732,0.02477763593196869,0.039000000804662704,0.1535000056028366
YLR382C,YHR154W,0,-4.6079245,0.024761904031038284,0.039000000804662704,0.15360000729560852
YGR109C,YPR075C,0,-4.608807,0.02474619261920452,0.039000000804662704,0.15369999408721924
YDL031W,YGL063W,0,-4.6094694,0.0247305016964674,0.039000000804662704,0.15379999577999115
YDR259C,YHR171W,0,-4.609677,0.02471482940018177,0.039000000804662704,0.15389999747276306
YPR131C,YHR013C,1,-4.6097302,0.025332488119602203,0.03999999910593033,0.15389999747276306
YLR214W,YLR051C,0,-4.609775,0.025316456332802773,0.03999999910593033,0.15399999916553497
YCR061W,YDR135C,0,-4.6106863,0.025300443172454834,0.03999999910593033,0.15410000085830688
YKL070W,YOR326W,0,-4.6111717,0.025284450501203537,0.03999999910593033,0.1542000025510788
YDR283C,YIL019W,0,-4.611725,0.02526847831904888,0.03999999910593033,0.1543000042438507
YDR235W,YCL066W,0,-4.6124377,0.02525252476334572,0.03999999910593033,0.15440000593662262
YJR066W,YDR432W,0,-4.6125855,0.025236593559384346,0.03999999910593033,0.15449999272823334
YMR001C,YDR004W,0,-4.6134377,0.025220680981874466,0.03999999910593033,0.15459999442100525
YGR286C,YMR104C,0,-4.6141486,0.025204788893461227,0.03999999910593033,0.15469999611377716
YER015W,YOR317W,1,-4.6145315,0.025818640366196632,0.04100000113248825,0.15469999611377716
YGR246C,YOL077W-A,0,-4.61477,0.02580239064991474,0.04100000113248825,0.15479999780654907
YDR450W,YGL151W,0,-4.61495,0.02578616328537464,0.04100000113248825,0.15489999949932098
YLR431C,YIL139C,0,-4.6163692,0.025769956409931183,0.04100000113248825,0.1550000011920929
YAL054C,YCL010C,1,-4.6173897,0.02638190984725952,0.041999999433755875,0.1550000011920929
YBR244W,YMR129W,0,-4.6174736,0.02636534906923771,0.041999999433755875,0.1551000028848648
YOL069W,YJL166W,0,-4.618106,0.026348808780312538,0.041999999433755875,0.15520000457763672
YMR305C,YOR137C,0,-4.618575,0.02633228898048401,0.041999999433755875,0.15530000627040863
YNL313C,YGL136C,0,-4.6192975,0.02631578966975212,0.041999999433755875,0.15539999306201935
YMR225C,YPL041C,0,-4.6194034,0.026299310848116875,0.041999999433755875,0.15549999475479126
YKR022C,YGR103W,0,-4.619454,0.02628285437822342,0.041999999433755875,0.15559999644756317
YGL205W,YPL125W,0,-4.619619,0.026266416534781456,0.041999999433755875,0.15569999814033508
YKL034W,YML027W,0,-4.619836,0.026249999180436134,0.041999999433755875,0.155799999833107
YBR155W,YOR298W,0,-4.6200247,0.026233604177832603,0.041999999433755875,0.1559000015258789
YBR085W,YOR231W,0,-4.6200924,0.026217227801680565,0.041999999433755875,0.15600000321865082
YJR135W-A,YJR156C,0,-4.6209173,0.026200873777270317,0.041999999433755875,0.15610000491142273
YGR274C,YHR036W,0,-4.6232476,0.02618453837931156,0.041999999433755875,0.15620000660419464
YCR040W,YCR081W,0,-4.623386,0.026168223470449448,0.041999999433755875,0.15629999339580536
YOR266W,YHR190W,0,-4.6246185,0.026151930913329124,0.041999999433755875,0.15639999508857727
YLR286C,YHR023W,0,-4.6275415,0.026135656982660294,0.041999999433755875,0.15649999678134918
YFL010W-A,YDR341C,0,-4.6287365,0.026119403541088104,0.041999999433755875,0.1565999984741211
YEL053C,YEL056W,1,-4.6290364,0.026724673807621002,0.0430000014603138,0.1565999984741211
YMR175W,YHR004C,0,-4.6293163,0.026708073914051056,0.0430000014603138,0.156700000166893
YJL113W,YDR172W,0,-4.6299915,0.0266914963722229,0.0430000014603138,0.15680000185966492
YGL169W,YJL056C,0,-4.6301866,0.026674937456846237,0.0430000014603138,0.15690000355243683
YOL034W,YDR016C,0,-4.630207,0.026658400893211365,0.0430000014603138,0.15700000524520874
YJL133W,YMR145C,0,-4.6306243,0.026641882956027985,0.0430000014603138,0.15710000693798065
YER044C-A,YGL097W,0,-4.630826,0.026625387370586395,0.0430000014603138,0.15719999372959137
YOR308C,YGL054C,0,-4.6313553,0.026608910411596298,0.0430000014603138,0.15729999542236328
YLL040C,YIL007C,0,-4.6313605,0.026592455804347992,0.0430000014603138,0.1573999971151352
YER174C,YGL017W,0,-4.6319265,0.026576019823551178,0.0430000014603138,0.1574999988079071
YPR198W,YPR074C,0,-4.632825,0.026559604331851006,0.0430000014603138,0.15760000050067902
YBR244W,YGR119C,0,-4.63308,0.026543209329247475,0.0430000014603138,0.15770000219345093
YNR053C,YAL058W,0,-4.6333094,0.026526834815740585,0.0430000014603138,0.15780000388622284
YOR078W,YOR226C,0,-4.633465,0.026510480791330338,0.0430000014603138,0.15790000557899475
YBR012W-A,YDL153C,0,-4.63347,0.02649414725601673,0.0430000014603138,0.15800000727176666
YKR056W,YMR073C,0,-4.6339016,0.026477832347154617,0.0430000014603138,0.15809999406337738
YKL043W,YBR162C,0,-4.634374,0.026461537927389145,0.0430000014603138,0.1581999957561493
YLR160C,YHR083W,0,-4.634693,0.026445263996720314,0.0430000014603138,0.1582999974489212
YCL044C,YLR088W,0,-4.6347294,0.026429010555148125,0.0430000014603138,0.15839999914169312
YNL078W,YDL220C,0,-4.635044,0.026412775740027428,0.0430000014603138,0.15850000083446503
YDR244W,YLR051C,0,-4.6352863,0.026396561414003372,0.0430000014603138,0.15860000252723694
YGR055W,YMR207C,0,-4.6355147,0.026380367577075958,0.0430000014603138,0.15870000422000885
YER179W,YPL170W,0,-4.63576,0.026364194229245186,0.0430000014603138,0.15880000591278076
YJR084W,YGL209W,0,-4.637191,0.026348039507865906,0.0430000014603138,0.15889999270439148
YGL078C,YHR079C,0,-4.6389036,0.026331905275583267,0.0430000014603138,0.1589999943971634
YNL294C,YNL314W,0,-4.6394386,0.02631578966975212,0.0430000014603138,0.1590999960899353
YGL001C,YMR139W,0,-4.63955,0.026299694553017616,0.0430000014603138,0.15919999778270721
YGR144W,YNR044W,0,-4.639887,0.026283618062734604,0.0430000014603138,0.15929999947547913
YKR099W,YDR227W,0,-4.640401,0.026267562061548233,0.0430000014603138,0.15940000116825104
YDR299W,YHR067W,0,-4.6409187,0.026251526549458504,0.0430000014603138,0.15950000286102295
YOR162C,YML113W,0,-4.641572,0.026235509663820267,0.0430000014603138,0.15960000455379486
YKL201C,YER165W,0,-4.641736,0.026219511404633522,0.0430000014603138,0.15970000624656677
YIL121W,YMR175W,0,-4.641922,0.02620353363454342,0.0430000014603138,0.1597999930381775
YGL233W,YJL157C,0,-4.642104,0.026187576353549957,0.0430000014603138,0.1598999947309494
YKR056W,YML011C,0,-4.642379,0.026171637699007988,0.0430000014603138,0.1599999964237213
YHL047C,YIL049W,0,-4.642705,0.02615571767091751,0.0430000014603138,0.16009999811649323
YMR089C,YPL196W,0,-4.642958,0.026139818131923676,0.0430000014603138,0.16019999980926514
YHL047C,YNL030W,0,-4.6431546,0.026123937219381332,0.0430000014603138,0.16030000150203705
YLR324W,YMR046C,0,-4.6435337,0.02610807493329048,0.0430000014603138,0.16040000319480896
YFL057C,YMR011W,0,-4.6437826,0.026092233136296272,0.0430000014603138,0.16050000488758087
YBR193C,YNL046W,0,-4.643795,0.026076409965753555,0.0430000014603138,0.16060000658035278
YMR067C,YNL007C,0,-4.644138,0.02606060542166233,0.0430000014603138,0.1606999933719635
YPR037C,YOR056C,0,-4.644648,0.026044821366667747,0.0430000014603138,0.1607999950647354
YER109C,YER117W,0,-4.6456146,0.026029055938124657,0.0430000014603138,0.16089999675750732
YJL214W,YMR008C,0,-4.6460814,0.026013309136033058,0.0430000014603138,0.16099999845027924
YLR095C,YDR122W,0,-4.6464195,0.025997580960392952,0.0430000014603138,0.16110000014305115
YDR545W,YDR341C,0,-4.646767,0.025981873273849487,0.0430000014603138,0.16120000183582306
YML039W,YMR030W,0,-4.647134,0.025966184213757515,0.0430000014603138,0.16130000352859497
YIL048W,YGR090W,0,-4.6472697,0.025950513780117035,0.0430000014603138,0.16140000522136688
YGL028C,YCR092C,0,-4.647621,0.025934861972928047,0.0430000014603138,0.1615000069141388
YNL339C,YDL181W,0,-4.6478405,0.025919228792190552,0.0430000014603138,0.1615999937057495
YOR332W,YCR107W,0,-4.6497393,0.02590361423790455,0.0430000014603138,0.16169999539852142
YDR039C,YMR008C,0,-4.6498647,0.025888020172715187,0.0430000014603138,0.16179999709129333
YJL042W,YBR009C,0,-4.6499805,0.02587244287133217,0.0430000014603138,0.16189999878406525
YOR237W,YPR104C,0,-4.650032,0.02585688605904579,0.0430000014603138,0.16200000047683716
YHR167W,YLR401C,0,-4.650212,0.025841346010565758,0.0430000014603138,0.16210000216960907
YGR113W,YNL334C,0,-4.6502256,0.025825826451182365,0.0430000014603138,0.16220000386238098
YDR501W,YMR011W,0,-4.6504493,0.025810323655605316,0.0430000014603138,0.1623000055551529
YHR075C,YLR376C,0,-4.650675,0.02579484134912491,0.0430000014603138,0.1624000072479248
YPL006W,YLR114C,0,-4.652185,0.025779375806450844,0.0430000014603138,0.16249999403953552
YDR142C,YDR523C,0,-4.652658,0.02576393075287342,0.0430000014603138,0.16259999573230743
YLR195C,YHR090C,1,-4.652805,0.02634730562567711,0.04399999976158142,0.16259999573230743
YIL031W,YJL134W,0,-4.652928,0.02633153833448887,0.04399999976158142,0.16269999742507935
YPR193C,YDR448W,1,-4.6535,0.026913875713944435,0.04500000178813934,0.16269999742507935
YMR314W,YER087C-A,0,-4.653985,0.026897788047790527,0.04500000178813934,0.16279999911785126
YGR161C,YKL178C,0,-4.6544456,0.02688172087073326,0.04500000178813934,0.16290000081062317
YOL095C,YOR004W,0,-4.6544657,0.026865672320127487,0.04500000178813934,0.16300000250339508
YML128C,YJR153W,0,-4.65625,0.026849642395973206,0.04500000178813934,0.163100004196167
YER111C,YNL271C,0,-4.6574593,0.026833631098270416,0.04500000178813934,0.1632000058889389
YLL017W,YDR439W,0,-4.6583138,0.02681764028966427,0.04500000178813934,0.16329999268054962
YJL102W,YGL119W,0,-4.6584024,0.026801668107509613,0.04500000178813934,0.16339999437332153
YML116W,YKR024C,0,-4.6585946,0.02678571455180645,0.04500000178813934,0.16349999606609344
YBL018C,YNL334C,0,-4.660355,0.02676977962255478,0.04500000178813934,0.16359999775886536
YJL183W,YMR035W,0,-4.6604548,0.02675386518239975,0.04500000178813934,0.16369999945163727
YOR386W,YGR059W,0,-4.661491,0.026737967506051064,0.04500000178813934,0.16380000114440918
YHL047C,YFL045C,0,-4.661666,0.02672209031879902,0.04500000178813934,0.1639000028371811
YGL094C,YEL065W,0,-4.661729,0.026706231757998466,0.04500000178813934,0.164000004529953
YDR501W,YHR154W,0,-4.661792,0.026690391823649406,0.04500000178813934,0.16410000622272491
YDL020C,YFL060C,0,-4.662111,0.02667457051575184,0.04500000178813934,0.16419999301433563
YMR001C,YOR147W,0,-4.6623383,0.026658767834305763,0.04500000178813934,0.16429999470710754
YCR093W,YNR067C,0,-4.6624985,0.02664298377931118,0.04500000178813934,0.16439999639987946
YOR317W,YPL001W,1,-4.6627445,0.027218934148550034,0.04600000008940697,0.16439999639987946
YHL022C,YHR154W,0,-4.664326,0.02720283903181553,0.04600000008940697,0.16449999809265137
YER180C-A,YMR025W,0,-4.6643853,0.027186760678887367,0.04600000008940697,0.16459999978542328
YPL110C,YGR059W,0,-4.6644087,0.027170702815055847,0.04600000008940697,0.1647000014781952
YAL054C,YGR252W,1,-4.6649423,0.02774498239159584,0.04699999839067459,0.1647000014781952
YAL068C,YDR113C,0,-4.6664124,0.0277286134660244,0.04699999839067459,0.1648000031709671
YPR019W,YBL098W,0,-4.666421,0.0277122650295496,0.04699999839067459,0.164900004863739
YIR009W,YOR162C,0,-4.66843,0.02769593335688114,0.04699999839067459,0.16500000655651093
YGR111W,YHR148W,0,-4.669204,0.027679622173309326,0.04699999839067459,0.16509999334812164
YHR027C,YPR002W,0,-4.669235,0.027663331478834152,0.04699999839067459,0.16519999504089355
YDR470C,YJL157C,0,-4.669386,0.02764705941081047,0.04699999839067459,0.16529999673366547
YIR018W,YDR156W,0,-4.6695385,0.02763080596923828,0.04699999839067459,0.16539999842643738
YDL160C,YJL024C,0,-4.669754,0.027614571154117584,0.04699999839067459,0.1655000001192093
YHR075C,YGR029W,0,-4.6703753,0.02759835496544838,0.04699999839067459,0.1656000018119812
YDL081C,YCR081W,0,-4.670989,0.027582159265875816,0.04699999839067459,0.1657000035047531
YHR160C,YKR036C,0,-4.671128,0.027565982192754745,0.04699999839067459,0.16580000519752502
YMR303C,YGR077C,0,-4.6711745,0.027549823746085167,0.04699999839067459,0.16590000689029694
YOR346W,YLR453C,0,-4.671468,0.02753368392586708,0.04699999839067459,0.16599999368190765
YBR253W,YER127W,0,-4.671542,0.027517564594745636,0.04699999839067459,0.16609999537467957
YHR072W-A,YDR097C,0,-4.6718693,0.027501462027430534,0.04699999839067459,0.16619999706745148
YNL078W,YER088C,0,-4.671929,0.027485379949212074,0.04699999839067459,0.1662999987602234
YGL222C,YGR077C,0,-4.67211,0.027469316497445107,0.04699999839067459,0.1664000004529953
YDR160W,YOR297C,0,-4.6724834,0.02745327167212963,0.04699999839067459,0.1665000021457672
YER056C,YER087C-A,0,-4.6726127,0.027437245473265648,0.04699999839067459,0.16660000383853912
YNL334C,YNL106C,0,-4.6731133,0.027421236038208008,0.04699999839067459,0.16670000553131104
YIL120W,YGR108W,0,-4.673621,0.02740524709224701,0.04699999839067459,0.16680000722408295
YLR081W,YBL078C,0,-4.6736565,0.027389276772737503,0.04699999839067459,0.16689999401569366
YMR113W,YDL227C,0,-4.674003,0.02737332507967949,0.04699999839067459,0.16699999570846558
YGR165W,YCL061C,0,-4.6741333,0.027357392013072968,0.04699999839067459,0.1670999974012375
YDR228C,YLR451W,0,-4.674391,0.027341477572917938,0.04699999839067459,0.1671999990940094
YEL029C,YMR198W,0,-4.6748095,0.0273255817592144,0.04699999839067459,0.1673000007867813
YDL019C,YPL123C,0,-4.6753016,0.027309704571962357,0.04699999839067459,0.16740000247955322
YOR261C,YPL043W,0,-4.675475,0.027293844148516655,0.04699999839067459,0.16750000417232513
YFR053C,YER147C,0,-4.675684,0.027278004214167595,0.04699999839067459,0.16760000586509705
YLR286C,YGR123C,0,-4.6757636,0.027262181043624878,0.04699999839067459,0.16769999265670776
YLR372W,YIL066C,0,-4.676283,0.027246376499533653,0.04699999839067459,0.16779999434947968
YFL049W,YOR298C-A,0,-4.6764383,0.02723059058189392,0.04699999839067459,0.1678999960422516
YPR046W,YJL026W,0,-4.6765347,0.02721482329070568,0.04699999839067459,0.1679999977350235
YOR317W,YCL010C,1,-4.676951,0.02777777798473835,0.04800000041723251,0.1679999977350235
YGR042W,YCL001W,0,-4.6772833,0.027761712670326233,0.04800000041723251,0.1680999994277954
YDR309C,YDL160C,0,-4.6778994,0.02774566411972046,0.04800000041723251,0.16820000112056732
YNL214W,YLR442C,0,-4.6783576,0.027729636058211327,0.04800000041723251,0.16830000281333923
YNL214W,YMR218C,0,-4.6787252,0.027713626623153687,0.04800000041723251,0.16840000450611115
YGL169W,YJR105W,0,-4.679021,0.02769763395190239,0.04800000041723251,0.16850000619888306
YKL042W,YIR017C,0,-4.679148,0.027681661769747734,0.04800000041723251,0.16859999299049377
YER147C,YGR218W,0,-4.6793146,0.02766570635139942,0.04800000041723251,0.16869999468326569
YBR186W,YKR002W,0,-4.6807756,0.0276497695595026,0.04800000041723251,0.1687999963760376
YJL056C,YPR178W,0,-4.6813145,0.027633851394057274,0.04800000041723251,0.1688999980688095
YLR451W,YPR080W,0,-4.681444,0.02761795185506344,0.04800000041723251,0.16899999976158142
YPR193C,YMR246W,1,-4.681628,0.028177114203572273,0.04899999871850014,0.16899999976158142
YOL128C,YDR449C,0,-4.6819363,0.02816092036664486,0.04899999871850014,0.16910000145435333
YEL004W,YBR243C,0,-4.6820974,0.028144745156168938,0.04899999871850014,0.16920000314712524
YHR072W-A,YJL053W,0,-4.6822586,0.02812858857214451,0.04899999871850014,0.16930000483989716
YEL022W,YNL279W,0,-4.682328,0.02811245061457157,0.04899999871850014,0.16940000653266907
YJL048C,YPR138C,0,-4.6831245,0.028096329420804977,0.04899999871850014,0.16949999332427979
YOR371C,YDR039C,0,-4.6834416,0.028080228716135025,0.04899999871850014,0.1695999950170517
YJL092W,YGL227W,0,-4.6838245,0.028064146637916565,0.04899999871850014,0.1696999967098236
YKR081C,YAR015W,0,-4.6856294,0.028048083186149597,0.04899999871850014,0.16979999840259552
YJR042W,YMR011W,0,-4.686081,0.028032036498188972,0.04899999871850014,0.16990000009536743
YNL042W,YCL066W,0,-4.687041,0.02801600843667984,0.04899999871850014,0.17000000178813934
YGR230W,YBL071W-A,0,-4.687827,0.02800000086426735,0.04899999871850014,0.17010000348091125
YJR102C,YKR050W,0,-4.6884184,0.0279840100556612,0.04899999871850014,0.17020000517368317
YNL008C,YOR001W,0,-4.689027,0.027968036010861397,0.04899999871850014,0.17030000686645508
YPL122C,YGL063W,0,-4.689045,0.027952082455158234,0.04899999871850014,0.1703999936580658
YBR284W,YAR033W,0,-4.68906,0.027936145663261414,0.04899999871850014,0.1704999953508377
YPR052C,YKL139W,0,-4.6895027,0.027920227497816086,0.04899999871850014,0.17059999704360962
YDR322C-A,YNL257C,0,-4.68983,0.02790432795882225,0.04899999871850014,0.17069999873638153
YBR284W,YHR068W,0,-4.689953,0.027888447046279907,0.04899999871850014,0.17080000042915344
YNL331C,YEL041W,0,-4.6903515,0.027872582897543907,0.04899999871850014,0.17090000212192535
YLR353W,YHR203C,0,-4.6908264,0.0278567373752594,0.04899999871850014,0.17100000381469727
YIL013C,YIL139C,0,-4.691663,0.027840908616781235,0.04899999871850014,0.17110000550746918
YML094W,YKL125W,0,-4.6917987,0.027825098484754562,0.04899999871850014,0.1712000072002411
YER103W,YOR329C,0,-4.6922355,0.027809306979179382,0.04899999871850014,0.1712999939918518
YHR108W,YIL017C,0,-4.6929464,0.027793534100055695,0.04899999871850014,0.17139999568462372
YER127W,YER041W,0,-4.6933165,0.02777777798473835,0.04899999871850014,0.17149999737739563
YDL093W,YAR015W,0,-4.693443,0.027762040495872498,0.04899999871850014,0.17159999907016754
YOR140W,YNL209W,0,-4.6938043,0.02774631977081299,0.04899999871850014,0.17170000076293945
YJL184W,YKL011C,0,-4.6938906,0.02773061767220497,0.04899999871850014,0.17180000245571136
YOL101C,YDR085C,0,-4.6944513,0.027714932337403297,0.04899999871850014,0.17190000414848328
YKL068W,YDR011W,0,-4.695183,0.027699265629053116,0.04899999871850014,0.1720000058412552
YNL339C,YPR020W,0,-4.6952906,0.027683615684509277,0.04899999871850014,0.1720999926328659
YDR412W,YHL040C,0,-4.6964083,0.02766798436641693,0.04899999871850014,0.17219999432563782
YNR010W,YHR023W,0,-4.696639,0.027652369812130928,0.04899999871850014,0.17229999601840973
YJL116C,YMR087W,0,-4.6970034,0.027636773884296417,0.04899999871850014,0.17239999771118164
YBL052C,YMR246W,1,-4.69825,0.02818489260971546,0.05000000074505806,0.17239999771118164
YGL001C,YJR010C-A,0,-4.698306,0.028169013559818268,0.05000000074505806,0.17249999940395355
YNL049C,YKL088W,0,-4.6983614,0.028153153136372566,0.05000000074505806,0.17260000109672546
YOR148C,YHR006W,0,-4.698671,0.028137309476733208,0.05000000074505806,0.17270000278949738
YPL116W,YOR094W,0,-4.698774,0.02812148444354534,0.05000000074505806,0.1728000044822693
YDL033C,YGL001C,0,-4.69897,0.028105678036808968,0.05000000074505806,0.1729000061750412
YIL073C,YPL089C,0,-4.699521,0.028089888393878937,0.05000000074505806,0.17299999296665192
YOL034W,YGL171W,0,-4.6996565,0.02807411551475525,0.05000000074505806,0.17309999465942383
YMR246W,YOR253W,1,-4.69998,0.02861952781677246,0.050999999046325684,0.17309999465942383
YPL078C,YOR069W,0,-4.700184,0.028603477403521538,0.050999999046325684,0.17319999635219574
YHR082C,YKL086W,0,-4.7003508,0.028587443754076958,0.050999999046325684,0.17329999804496765
YOR317W,YFL039C,1,-4.7003546,0.029131652787327766,0.052000001072883606,0.17329999804496765
YPR193C,YJL081C,1,-4.7007217,0.029675252735614777,0.05299999937415123,0.17329999804496765
YGR143W,YNL247W,0,-4.7013397,0.029658645391464233,0.05299999937415123,0.17339999973773956
YHR096C,YGR188C,0,-4.701524,0.02964205853641033,0.05299999937415123,0.17350000143051147
YNL070W,YMR078C,0,-4.702644,0.029625488445162773,0.05299999937415123,0.1736000031232834
YIL121W,YMR140W,0,-4.704175,0.029608938843011856,0.05299999937415123,0.1737000048160553
YEL020W-A,YDR172W,0,-4.704359,0.029592406004667282,0.05299999937415123,0.1738000065088272
YLR210W,YHL024W,0,-4.7049646,0.02957589365541935,0.05299999937415123,0.17389999330043793
YJL072C,YDR434W,0,-4.7054167,0.02955939806997776,0.05299999937415123,0.17399999499320984
YEL020W-A,YDL058W,0,-4.706684,0.029542921110987663,0.05299999937415123,0.17409999668598175
YLR430W,YAL017W,0,-4.7074413,0.02952646277844906,0.05299999937415123,0.17419999837875366
YIL037C,YNL101W,0,-4.708705,0.029510023072361946,0.05299999937415123,0.17430000007152557
YHL031C,YKL088W,0,-4.7087274,0.029493600130081177,0.05299999937415123,0.17440000176429749
YEL054C,YGR055W,0,-4.709035,0.02947719767689705,0.05299999937415123,0.1745000034570694
YGR005C,YLR248W,0,-4.709346,0.029460811987519264,0.05299999937415123,0.1746000051498413
YPL097W,YGR218W,0,-4.710139,0.029444444924592972,0.05299999937415123,0.17470000684261322
YNR060W,YPL049C,0,-4.710843,0.029428094625473022,0.05299999937415123,0.17479999363422394
YGR245C,YBR152W,0,-4.7124243,0.029411764815449715,0.05299999937415123,0.17489999532699585
YAL056W,YNL332W,0,-4.712586,0.02939545176923275,0.05299999937415123,0.17499999701976776
YPL007C,YMR136W,0,-4.712632,0.029379157349467278,0.05299999937415123,0.17509999871253967
YOR151C,YAL017W,0,-4.7131147,0.029362881556153297,0.05299999937415123,0.17520000040531158
YOL076W,YHR090C,1,-4.7131944,0.029900332912802696,0.05400000140070915,0.17520000040531158
YIR005W,YFL049W,0,-4.713205,0.02988378517329693,0.05400000140070915,0.1753000020980835
YAL068C,YNL037C,0,-4.7132874,0.029867256060242653,0.05400000140070915,0.1754000037908554
YOR290C,YOL101C,0,-4.713642,0.02985074557363987,0.05400000140070915,0.17550000548362732
YHR027C,YDR065W,0,-4.71411,0.02983425371348858,0.05400000140070915,0.17560000717639923
YNL333W,YFL038C,0,-4.714431,0.02981778047978878,0.05400000140070915,0.17569999396800995
YPL217C,YPL167C,0,-4.714947,0.029801324009895325,0.05400000140070915,0.17579999566078186
YNL036W,YGR077C,0,-4.7152233,0.02978488616645336,0.05400000140070915,0.17589999735355377
YPR131C,YCL010C,1,-4.7155256,0.030319735407829285,0.054999999701976776,0.17589999735355377
YNL156C,YPR001W,0,-4.7156925,0.03030303120613098,0.054999999701976776,0.17599999904632568
YGL222C,YNR038W,0,-4.7158427,0.03028634376823902,0.054999999701976776,0.1761000007390976
YMR218C,YGR103W,0,-4.7167964,0.030269674956798553,0.054999999701976776,0.1762000024318695
YIL009C-A,YCR028C-A,0,-4.716881,0.030253024771809578,0.054999999701976776,0.17630000412464142
YKL081W,YBR068C,0,-4.7171774,0.030236393213272095,0.054999999701976776,0.17640000581741333
YGR279C,YKR068C,0,-4.717533,0.030219780281186104,0.054999999701976776,0.17649999260902405
YML130C,YKL042W,0,-4.7180514,0.030203185975551605,0.054999999701976776,0.17659999430179596
YML081C-A,YBR006W,0,-4.7187743,0.03018660843372345,0.054999999701976776,0.17669999599456787
YPR046W,YDL230W,0,-4.719576,0.030170049518346786,0.054999999701976776,0.17679999768733978
YBR247C,YGR042W,0,-4.7198334,0.030153509229421616,0.054999999701976776,0.1768999993801117
YOR145C,YGR133W,0,-4.7205925,0.030136985704302788,0.054999999701976776,0.1770000010728836
YMR246W,YFL024C,1,-4.723215,0.030668126419186592,0.0560000017285347,0.1770000010728836
YKL081W,YCL004W,0,-4.723702,0.030651340261101723,0.0560000017285347,0.17710000276565552
YBR126C,YGL089C,0,-4.724679,0.030634572729468346,0.0560000017285347,0.17720000445842743
YJL025W,YDL140C,0,-4.7247458,0.03061782382428646,0.0560000017285347,0.17730000615119934
YDL083C,YJL168C,0,-4.7248254,0.03060109354555607,0.0560000017285347,0.17739999294281006
YER070W,YER007W,0,-4.725565,0.03058438003063202,0.0560000017285347,0.17749999463558197
YPL049C,YHR034C,0,-4.7255974,0.030567685142159462,0.0560000017285347,0.17759999632835388
YDR113C,YBR089C-A,0,-4.7259283,0.030551008880138397,0.0560000017285347,0.1776999980211258
YFL025C,YCR093W,0,-4.7261677,0.030534351244568825,0.0560000017285347,0.1777999997138977
YFL017W-A,YDR091C,0,-4.7265472,0.030517710372805595,0.0560000017285347,0.17790000140666962
YLR102C,YOR298W,0,-4.726548,0.030501089990139008,0.0560000017285347,0.17800000309944153
YLL018C-A,YMR302C,0,-4.7268796,0.030484486371278763,0.0560000017285347,0.17810000479221344
YGR059W,YPR200C,0,-4.727254,0.03046789951622486,0.0560000017285347,0.17820000648498535
YIL132C,YHL048W,0,-4.7272625,0.0304513331502676,0.0560000017285347,0.17829999327659607
YHR052W,YBR058C,0,-4.7277155,0.030434781685471535,0.0560000017285347,0.17839999496936798
YML107C,YDR072C,0,-4.727803,0.03041825070977211,0.0560000017285347,0.1784999966621399
YCL034W,YBR085W,0,-4.728165,0.03040173649787903,0.0560000017285347,0.1785999983549118
YDL081C,YKL089W,0,-4.7286954,0.03038524091243744,0.0560000017285347,0.17870000004768372
YDR072C,YPL126W,0,-4.729045,0.030368763953447342,0.0560000017285347,0.17880000174045563
YAL031C,YJL034W,0,-4.7298613,0.030352303758263588,0.0560000017285347,0.17890000343322754
YEL053C,YEL066W,1,-4.7298694,0.030877573415637016,0.05700000002980232,0.17890000343322754
YNR006W,YAL013W,0,-4.72988,0.03086085617542267,0.05700000002980232,0.17900000512599945
YKR019C,YBR244W,0,-4.730961,0.030844155699014664,0.05700000002980232,0.17910000681877136
YMR246W,YGR252W,1,-4.7313867,0.03136830776929855,0.057999998331069946,0.17910000681877136
YBR167C,YHR023W,0,-4.7315903,0.031351350247859955,0.057999998331069946,0.17919999361038208
YAL054C,YPL001W,1,-4.7321386,0.03187466412782669,0.05900000035762787,0.17919999361038208
YEL024W,YGL104C,0,-4.73332,0.0318574495613575,0.05900000035762787,0.179299995303154
YPL043W,YGL254W,0,-4.734096,0.031840257346630096,0.05900000035762787,0.1793999969959259
YPL033C,YML113W,0,-4.736663,0.03182308375835419,0.05900000035762787,0.17949999868869781
YLR231C,YGR055W,0,-4.736722,0.03180592879652977,0.05900000035762787,0.17960000038146973
YMR156C,YCL067C,0,-4.737136,0.031788792461156845,0.05900000035762787,0.17970000207424164
YHR056C,YFL049W,0,-4.737493,0.03177167475223541,0.05900000035762787,0.17980000376701355
YHR099W,YCL010C,1,-4.7378774,0.03229278698563576,0.05999999865889549,0.17980000376701355
YGR090W,YGL048C,0,-4.7398663,0.03227541595697403,0.05999999865889549,0.17990000545978546
YGL151W,YPR189W,0,-4.7412186,0.032258063554763794,0.05999999865889549,0.18000000715255737
YBR084W,YLL002W,1,-4.741554,0.03277807682752609,0.061000000685453415,0.18000000715255737
YFR051C,YNR019W,0,-4.7419386,0.03276047110557556,0.061000000685453415,0.1800999939441681
YJL099W,YLR265C,0,-4.743574,0.03274288773536682,0.061000000685453415,0.18019999563694
YNR060W,YKL053C-A,0,-4.744629,0.03272532299160957,0.061000000685453415,0.18029999732971191
YJR093C,YLL016W,0,-4.7446957,0.03270777314901352,0.061000000685453415,0.18039999902248383
YNR056C,YOL077C,0,-4.745239,0.032690245658159256,0.061000000685453415,0.18050000071525574
YOR237W,YGR007W,0,-4.7453904,0.032672736793756485,0.061000000685453415,0.18060000240802765
YJR031C,YLR155C,0,-4.745823,0.032655246555805206,0.061000000685453415,0.18070000410079956
YJR119C,YBR061C,0,-4.7464867,0.03263777494430542,0.061000000685453415,0.18080000579357147
YEL053C,YHR099W,1,-4.7468576,0.03315507993102074,0.06199999898672104,0.18080000579357147
YDR240C,YJL092W,0,-4.746925,0.03313735872507095,0.06199999898672104,0.1808999925851822
YBR050C,YJR073C,0,-4.746974,0.03311965987086296,0.06199999898672104,0.1809999942779541
YFL056C,YDR472W,0,-4.7470436,0.03310197591781616,0.06199999898672104,0.181099995970726
YLR347C,YGR060W,0,-4.7478137,0.033084310591220856,0.06199999898672104,0.18119999766349792
YIR019C,YLR074C,0,-4.748078,0.03306666761636734,0.06199999898672104,0.18129999935626984
YEL016C,YEL026W,0,-4.7486124,0.03304903954267502,0.06199999898672104,0.18140000104904175
YLR075W,YOR213C,0,-4.7489867,0.03303143382072449,0.06199999898672104,0.18150000274181366
YDR385W,YBL103C,0,-4.7489986,0.03301384299993515,0.06199999898672104,0.18160000443458557
YMR067C,YNL055C,0,-4.751032,0.032996274530887604,0.06199999898672104,0.18170000612735748
YBR243C,YNR038W,0,-4.7511683,0.03297872468829155,0.06199999898672104,0.1817999929189682
YEL020W-A,YDR208W,0,-4.7511954,0.03296118974685669,0.06199999898672104,0.1818999946117401
YKL117W,YJL203W,0,-4.7514086,0.03294367715716362,0.06199999898672104,0.18199999630451202
YDR106W,YBR089C-A,0,-4.7519264,0.03292618319392204,0.06199999898672104,0.18209999799728394
YAL005C,YIL066C,0,-4.75206,0.03290870413184166,0.06199999898672104,0.18219999969005585
YER015W,YHR090C,1,-4.7521048,0.033421751111745834,0.06300000101327896,0.18219999969005585
YLR126C,YML059C,0,-4.752957,0.03340402990579605,0.06300000101327896,0.18230000138282776
YJL139C,YMR210W,0,-4.7530546,0.03338632732629776,0.06300000101327896,0.18240000307559967
YJL062W,YPL126W,0,-4.753151,0.03336864337325096,0.06300000101327896,0.18250000476837158
YLR394W,YDR224C,0,-4.7534733,0.033350978046655655,0.06300000101327896,0.1826000064611435
YDL033C,YOL061W,0,-4.7556667,0.03333333507180214,0.06300000101327896,0.1826999932527542
YNL113W,YOR279C,0,-4.756489,0.03331570699810982,0.06300000101327896,0.18279999494552612
YAL054C,YEL066W,1,-4.7565174,0.033826638013124466,0.06400000303983688,0.18279999494552612
YEL004W,YHL040C,0,-4.7567782,0.033808767795562744,0.06400000303983688,0.18289999663829803
YKL117W,YPL210C,0,-4.7569194,0.03379091992974281,0.06400000303983688,0.18299999833106995
YGL243W,YFL059W,0,-4.757248,0.033773086965084076,0.06400000303983688,0.18310000002384186
YGL017W,YCR092C,0,-4.7582254,0.03375527262687683,0.06400000303983688,0.18320000171661377
YLR160C,YNL166C,0,-4.7583027,0.03373748064041138,0.06400000303983688,0.18330000340938568
YPR181C,YOR206W,0,-4.7583094,0.03371970355510712,0.06400000303983688,0.1834000051021576
YDL087C,YGR165W,0,-4.76044,0.03370194882154465,0.06400000303983688,0.1835000067949295
YIL129C,YGL192W,0,-4.760485,0.03368420898914337,0.06400000303983688,0.18359999358654022
YDR392W,YBR081C,1,-4.760687,0.0341925285756588,0.06499999761581421,0.18359999358654022
YDL083C,YMR301C,0,-4.760957,0.03417455404996872,0.06499999761581421,0.18369999527931213
YDL105W,YBL045C,0,-4.761194,0.034156594425439835,0.06499999761581421,0.18379999697208405
YJR105W,YGL087C,0,-4.762178,0.03413865715265274,0.06499999761581421,0.18389999866485596
YIL129C,YGL115W,0,-4.762398,0.03412073478102684,0.06499999761581421,0.18400000035762787
YLL002W,YBR081C,1,-4.762752,0.03462749347090721,0.06599999964237213,0.18400000035762787
YJL059W,YPR188C,0,-4.7630515,0.03460933268070221,0.06599999964237213,0.18410000205039978
YMR246W,YOR064C,1,-4.763381,0.035115305334329605,0.06700000166893005,0.18410000205039978
YLR114C,YFL059W,0,-4.7637224,0.0350969098508358,0.06700000166893005,0.1842000037431717
YNL068C,YJL059W,0,-4.763897,0.03507853299379349,0.06700000166893005,0.1843000054359436
YFL017W-A,YML023C,0,-4.7639246,0.035060178488492966,0.06700000166893005,0.18440000712871552
YER026C,YOL101C,0,-4.7640963,0.035041842609643936,0.06700000166893005,0.18449999392032623
YJL060W,YLR442C,0,-4.764758,0.0350235216319561,0.06700000166893005,0.18459999561309814
YIR019C,YOR005C,0,-4.7656984,0.035005223006010056,0.06700000166893005,0.18469999730587006
YHR120W,YPR081C,0,-4.7662807,0.0349869467318058,0.06700000166893005,0.18479999899864197
YKL034W,YCL027W,0,-4.7669086,0.03496868535876274,0.06700000166893005,0.18490000069141388
YDR213W,YFR004W,0,-4.7669477,0.03495044261217117,0.06700000166893005,0.1850000023841858
YKR079C,YIL061C,0,-4.767,0.034932222217321396,0.06700000166893005,0.1851000040769577
YOL034W,YKR020W,0,-4.7675443,0.03491401672363281,0.06700000166893005,0.18520000576972961
YPL040C,YMR305C,0,-4.768056,0.03489583358168602,0.06700000166893005,0.18529999256134033
YLR263W,YJL222W,0,-4.7685237,0.03487766906619072,0.06700000166893005,0.18539999425411224
YNR034W,YOR020C,0,-4.7695436,0.03485952317714691,0.06700000166893005,0.18549999594688416
YNR056C,YPL041C,0,-4.770418,0.0348413921892643,0.06700000166893005,0.18559999763965607
YHR084W,YDL138W,0,-4.7705827,0.034823283553123474,0.06700000166893005,0.18569999933242798
YMR067C,YLR411W,0,-4.770746,0.03480519354343414,0.06700000166893005,0.1858000010251999
YDR516C,YCR040W,0,-4.771333,0.034787122160196304,0.06700000166893005,0.1859000027179718
YOR083W,YMR011W,0,-4.77279,0.03476906940340996,0.06700000166893005,0.1860000044107437
YBL014C,YMR067C,0,-4.7728567,0.0347510389983654,0.06700000166893005,0.18610000610351562
YGL226C-A,YJL139C,0,-4.773658,0.03473302349448204,0.06700000166893005,0.18619999289512634
YOR298C-A,YKL143W,0,-4.774523,0.03471502661705017,0.06700000166893005,0.18629999458789825
YOL017W,YJR073C,0,-4.774683,0.034697048366069794,0.06700000166893005,0.18639999628067017
YAL058W,YKR081C,0,-4.774688,0.03467908874154091,0.06700000166893005,0.18649999797344208
YJR013W,YMR032W,0,-4.7758527,0.034661147743463516,0.06700000166893005,0.186599999666214
YIL009C-A,YFL049W,0,-4.776288,0.034643225371837616,0.06700000166893005,0.1867000013589859
YIR022W,YAL068C,0,-4.7763777,0.03462532162666321,0.06700000166893005,0.1868000030517578
YBR132C,YBL040C,0,-4.7764163,0.03460743650794029,0.06700000166893005,0.18690000474452972
YFR019W,YPL055C,0,-4.776745,0.03458957001566887,0.06700000166893005,0.18700000643730164
YMR284W,YHR020W,0,-4.7768326,0.03457172214984894,0.06700000166893005,0.18709999322891235
YMR255W,YCR072C,0,-4.7771907,0.0345538929104805,0.06700000166893005,0.18719999492168427
YLR429W,YEL036C,0,-4.777322,0.03453608229756355,0.06700000166893005,0.18729999661445618
YPR046W,YMR192W,0,-4.7776165,0.0345182903110981,0.06700000166893005,0.1873999983072281
YDR159W,YGR211W,0,-4.7779436,0.03450051322579384,0.06700000166893005,0.1875
YDR106W,YPL061W,0,-4.778201,0.03448275849223137,0.06700000166893005,0.1876000016927719
YER044C-A,YJR083C,0,-4.778282,0.03446502238512039,0.06700000166893005,0.18770000338554382
YGR122W,YDR451C,0,-4.778753,0.03444730117917061,0.06700000166893005,0.18780000507831573
YDR421W,YER111C,0,-4.778913,0.03442959859967232,0.06700000166893005,0.18790000677108765
YER178W,YDR259C,0,-4.778944,0.03441191464662552,0.06700000166893005,0.18799999356269836
YPL149W,YHR052W,0,-4.779716,0.03439424932003021,0.06700000166893005,0.18809999525547028
YDL043C,YPL147W,0,-4.7797937,0.0343766026198864,0.06700000166893005,0.1881999969482422
YCL025C,YGR249W,0,-4.77983,0.03435897454619408,0.06700000166893005,0.1882999986410141
YNL271C,YHR094C,0,-4.780117,0.03434136509895325,0.06700000166893005,0.188400000333786
YER053C,YOR043W,0,-4.780139,0.03432377055287361,0.06700000166893005,0.18850000202655792
YPL012W,YGL089C,0,-4.780428,0.03430619463324547,0.06700000166893005,0.18860000371932983
YDR259C,YNL042W,0,-4.780474,0.03428863734006882,0.06700000166893005,0.18870000541210175
YML081C-A,YPL130W,0,-4.78158,0.03427109867334366,0.06700000166893005,0.18880000710487366
YDR252W,YBR182C,0,-4.7816243,0.03425357863306999,0.06700000166893005,0.18889999389648438
YGR241C,YNL102W,0,-4.781764,0.03423607721924782,0.06700000166893005,0.1889999955892563
YLR068W,YER173W,0,-4.7820644,0.03421859070658684,0.06700000166893005,0.1890999972820282
YCR092C,YCR066W,0,-4.7822313,0.03420112282037735,0.06700000166893005,0.1891999989748001
YER056C,YOR126C,0,-4.7823935,0.034183673560619354,0.06700000166893005,0.18930000066757202
YOR145C,YBR175W,0,-4.782873,0.03416624292731285,0.06700000166893005,0.18940000236034393
YNL045W,YBR030W,0,-4.7830544,0.03414882719516754,0.06700000166893005,0.18950000405311584
YBR160W,YGL016W,0,-4.783181,0.034131430089473724,0.06700000166893005,0.18960000574588776
YBR244W,YBL061C,0,-4.784032,0.0341140516102314,0.06700000166893005,0.18970000743865967
YBL022C,YPL176C,0,-4.785448,0.03409669175744057,0.06700000166893005,0.18979999423027039
YPR164W,YGL006W,0,-4.7855544,0.03407935053110123,0.06700000166893005,0.1898999959230423
YBR084W,YGR252W,1,-4.7862587,0.03457041084766388,0.06800000369548798,0.1898999959230423
YPL218W,YJR029W,0,-4.786296,0.03455284610390663,0.06800000369548798,0.1899999976158142
YCR088W,YOR063W,0,-4.7866907,0.03453529626131058,0.06800000369548798,0.19009999930858612
YNR049C,YML049C,0,-4.7873597,0.034517765045166016,0.06800000369548798,0.19020000100135803
YER145C,YNL232W,0,-4.787792,0.034500252455472946,0.06800000369548798,0.19030000269412994
YLR382C,YDR449C,0,-4.788354,0.03448275849223137,0.06800000369548798,0.19040000438690186
YKR067W,YGR161C,0,-4.788445,0.034465283155441284,0.06800000369548798,0.19050000607967377
YJR082C,YOR253W,1,-4.788877,0.03495440632104874,0.0689999982714653,0.19050000607967377
YCL008C,YGL122C,0,-4.789201,0.034936707466840744,0.0689999982714653,0.19059999287128448
YPR193C,YGR252W,1,-4.789895,0.0354251004755497,0.07000000029802322,0.19059999287128448
YDR087C,YGL039W,0,-4.790515,0.035407181829214096,0.07000000029802322,0.1906999945640564
YHL025W,YNR057C,0,-4.7911725,0.03538928180932999,0.07000000029802322,0.1907999962568283
YPL211W,YDR285W,0,-4.792482,0.03537140041589737,0.07000000029802322,0.19089999794960022
YLR107W,YOL091W,0,-4.79303,0.035353533923625946,0.07000000029802322,0.19099999964237213
YJL020C,YGL136C,0,-4.793096,0.035335689783096313,0.07000000029802322,0.19110000133514404
YDR244W,YPL204W,0,-4.7936487,0.035317860543727875,0.07000000029802322,0.19120000302791595
YGR075C,YDL150W,0,-4.794271,0.03530004993081093,0.07000000029802322,0.19130000472068787
YER116C,YKL009W,0,-4.7944117,0.035282257944345474,0.07000000029802322,0.19140000641345978
YOR321W,YCR005C,0,-4.7945986,0.03526448458433151,0.07000000029802322,0.1914999932050705
YNL274C,YOL005C,0,-4.794611,0.035246726125478745,0.07000000029802322,0.1915999948978424
YMR042W,YJL059W,0,-4.79472,0.03522899001836777,0.07000000029802322,0.19169999659061432
YOR372C,YLR197W,0,-4.795253,0.035211268812417984,0.07000000029802322,0.19179999828338623
YLR010C,YFR034C,0,-4.7957587,0.03519356623291969,0.07000000029802322,0.19189999997615814
YBR276C,YEL054C,0,-4.797076,0.035175878554582596,0.07000000029802322,0.19200000166893005
YMR011W,YHR036W,0,-4.7975616,0.03515821322798729,0.07000000029802322,0.19210000336170197
YNL259C,YDR342C,0,-4.7979374,0.03514056280255318,0.07000000029802322,0.19220000505447388
YOL078W,YBR079C,0,-4.799325,0.03512293100357056,0.07000000029802322,0.1923000067472458
YLL040C,YPR080W,0,-4.799534,0.03510531410574913,0.07000000029802322,0.1923999935388565
YHR157W,YNR016C,0,-4.799716,0.035087719559669495,0.07000000029802322,0.19249999523162842
YCL010C,YEL056W,1,-4.800005,0.0355711430311203,0.07100000232458115,0.19249999523162842
YDR297W,YBL085W,0,-4.800337,0.035553328692913055,0.07100000232458115,0.19259999692440033
YMR077C,YHR169W,0,-4.8004107,0.0355355367064476,0.07100000232458115,0.19269999861717224
YML006C,YKL086W,0,-4.8005133,0.03551775962114334,0.07100000232458115,0.19280000030994415
YKL029C,YMR035W,0,-4.800739,0.03550000116229057,0.07100000232458115,0.19290000200271606
YLR353W,YNL025C,0,-4.8008566,0.035482257604599,0.07100000232458115,0.19300000369548798
YLR126C,YKL141W,0,-4.801511,0.035464536398649216,0.07100000232458115,0.1931000053882599
YKL012W,YJL179W,0,-4.8020043,0.035446830093860626,0.07100000232458115,0.1932000070810318
YER122C,YDL105W,0,-4.8020663,0.03542914241552353,0.07100000232458115,0.19329999387264252
YNL317W,YNL004W,0,-4.8027754,0.035411469638347626,0.07100000232458115,0.19339999556541443
YOL069W,YML052W,0,-4.8039274,0.03539381921291351,0.07100000232458115,0.19349999725818634
YGL127C,YDR472W,0,-4.804105,0.035376183688640594,0.07100000232458115,0.19359999895095825
YLR081W,YDL200C,0,-4.8045497,0.03535856679081917,0.07100000232458115,0.19370000064373016
YFR030W,YGR083C,0,-4.8046875,0.035340964794158936,0.07100000232458115,0.19380000233650208
YJL176C,YER030W,0,-4.805159,0.035323381423950195,0.07100000232458115,0.193900004029274
YPR021C,YNL102W,0,-4.8062344,0.03530581668019295,0.07100000232458115,0.1940000057220459
YJL050W,YDR263C,0,-4.8066597,0.03528827056288719,0.07100000232458115,0.1941000074148178
YHL047C,YOR116C,0,-4.807027,0.03527073934674263,0.07100000232458115,0.19419999420642853
YLR155C,YKL144C,0,-4.807555,0.03525322675704956,0.07100000232458115,0.19429999589920044
YNR058W,YGL247W,0,-4.8076367,0.03523573279380798,0.07100000232458115,0.19439999759197235
YPR193C,YHR099W,1,-4.809046,0.0357142873108387,0.07199999690055847,0.19439999759197235
YOR243C,YOL091W,0,-4.8093076,0.03569657728075981,0.07199999690055847,0.19449999928474426
YNL334C,YBL016W,0,-4.8099537,0.035678889602422714,0.07199999690055847,0.19460000097751617
YMR137C,YBR017C,0,-4.810273,0.03566121682524681,0.07199999690055847,0.19470000267028809
YPL006W,YBR201W,0,-4.810628,0.0356435626745224,0.07199999690055847,0.19480000436306
YHR165C,YAL011W,0,-4.8117948,0.03562592715024948,0.07199999690055847,0.1949000060558319
YHR067W,YKR027W,0,-4.811938,0.035608310252428055,0.07199999690055847,0.19499999284744263
YOL021C,YER117W,0,-4.8121157,0.03559070825576782,0.07199999690055847,0.19509999454021454
YML130C,YGL206C,0,-4.812431,0.035573121160268784,0.07199999690055847,0.19519999623298645
YPR037C,YDR156W,0,-4.81264,0.035555556416511536,0.07199999690055847,0.19529999792575836
YKL011C,YDR460W,0,-4.8126535,0.03553800657391548,0.07199999690055847,0.19539999961853027
YDL039C,YDR235W,0,-4.8127546,0.03552047535777092,0.07199999690055847,0.19550000131130219
YOL080C,YKL042W,0,-4.813219,0.03550295904278755,0.07199999690055847,0.1956000030040741
YML038C,YNR019W,0,-4.813733,0.035485461354255676,0.07199999690055847,0.195700004696846
YGR157W,YPR065W,0,-4.8142543,0.035467978566884995,0.07199999690055847,0.19580000638961792
YDR339C,YOR211C,0,-4.8146334,0.035450518131256104,0.07199999690055847,0.19589999318122864
YOR150W,YBL013W,0,-4.814798,0.035433072596788406,0.07199999690055847,0.19599999487400055
YJL139C,YLR223C,0,-4.814879,0.0354156419634819,0.07199999690055847,0.19609999656677246
YOR008C,YMR011W,0,-4.8164797,0.03539822995662689,0.07199999690055847,0.19619999825954437
YMR246W,YGR002C,1,-4.8166914,0.035872235894203186,0.0729999989271164,0.19619999825954437
YBR267W,YHR091C,0,-4.8171206,0.03585461527109146,0.0729999989271164,0.19629999995231628
YOL076W,YLL002W,1,-4.8175154,0.03632793202996254,0.07400000095367432,0.19629999995231628
YOL117W,YHR142W,0,-4.818241,0.0363101065158844,0.07400000095367432,0.1964000016450882
YLR197W,YGR055W,0,-4.819576,0.03629229962825775,0.07400000095367432,0.1965000033378601
YER001W,YFR019W,0,-4.819899,0.036274511367082596,0.07400000095367432,0.19660000503063202
YNL216W,YOR259C,0,-4.820034,0.036256738007068634,0.07400000095367432,0.19670000672340393
YHR175W,YML008C,0,-4.820259,0.036238979548215866,0.07400000095367432,0.19679999351501465
YDL116W,YGR214W,0,-4.820438,0.03622124344110489,0.07400000095367432,0.19689999520778656
YBR058C-A,YLR380W,0,-4.821102,0.036203522235155106,0.07400000095367432,0.19699999690055847
YDR495C,YMR303C,0,-4.821599,0.036185819655656815,0.07400000095367432,0.19709999859333038
YLR007W,YBL071W-A,0,-4.821695,0.03616813197731972,0.07400000095367432,0.1972000002861023
YHR152W,YHR072W-A,0,-4.8220944,0.03615046292543411,0.07400000095367432,0.1973000019788742
YOR362C,YHR053C,0,-4.822549,0.0361328125,0.07400000095367432,0.19740000367164612
YLR397C,YFL009W,0,-4.82294,0.03611517697572708,0.07400000095367432,0.19750000536441803
YBR057C,YGR091W,0,-4.8242044,0.036097560077905655,0.07400000095367432,0.19760000705718994
YLR084C,YIL139C,0,-4.824315,0.03607996180653572,0.07400000095367432,0.19769999384880066
YOL076W,YOR317W,1,-4.824806,0.036549706012010574,0.07500000298023224,0.19769999384880066
YLR190W,YOR259C,0,-4.8250856,0.036531902849674225,0.07500000298023224,0.19779999554157257
YOL145C,YBR243C,0,-4.8272133,0.03651411831378937,0.07500000298023224,0.19789999723434448
YML086C,YLR002C,0,-4.8272524,0.036496348679065704,0.07500000298023224,0.1979999989271164
YOL148C,YOL076W,1,-4.827289,0.03696497902274132,0.07599999755620956,0.1979999989271164
YCL025C,YEL017C-A,0,-4.827389,0.036947011947631836,0.07599999755620956,0.1981000006198883
YDR183W,YPR143W,0,-4.8282995,0.03692905604839325,0.07599999755620956,0.19820000231266022
YDR345C,YGL028C,0,-4.828897,0.036911122500896454,0.07599999755620956,0.19830000400543213
YAR019C,YKL088W,0,-4.829236,0.03689320385456085,0.07599999755620956,0.19840000569820404
YMR239C,YBR038W,0,-4.8294005,0.03687530383467674,0.07599999755620956,0.19850000739097595
YGR230W,YPR073C,0,-4.8295097,0.03685741871595383,0.07599999755620956,0.19859999418258667
YGL084C,YPR020W,0,-4.831193,0.036839552223682404,0.07599999755620956,0.19869999587535858
YNL331C,YFR031C,0,-4.831805,0.03682170435786247,0.07599999755620956,0.1987999975681305
YOR321W,YBR135W,0,-4.832122,0.036803875118494034,0.07599999755620956,0.1988999992609024
YBL006C,YLR165C,0,-4.832801,0.03678606078028679,0.07599999755620956,0.19900000095367432
YPL155C,YNL127W,0,-4.833188,0.03676826134324074,0.07599999755620956,0.19910000264644623
YLR129W,YIL106W,0,-4.833331,0.03675048425793648,0.07599999755620956,0.19920000433921814
YML103C,YFR019W,0,-4.833691,0.03673272207379341,0.07599999755620956,0.19930000603199005
YBR160W,YBR215W,0,-4.835285,0.03671497479081154,0.07599999755620956,0.19939999282360077
YDR172W,YBR237W,0,-4.83535,0.03669724613428116,0.07599999755620956,0.19949999451637268
YBR145W,YLR086W,0,-4.8353796,0.03667953610420227,0.07599999755620956,0.1995999962091446
YOL151W,YCR008W,0,-4.8357077,0.036661840975284576,0.07599999755620956,0.1996999979019165
YDR052C,YML021C,0,-4.835985,0.036644164472818375,0.07599999755620956,0.19979999959468842
YBL013W,YDR208W,0,-4.8366485,0.036626506596803665,0.07599999755620956,0.19990000128746033
YDL040C,YOR317W,1,-4.8369203,0.03709055855870247,0.07699999958276749,0.19990000128746033
YDR283C,YER022W,0,-4.837063,0.03707269951701164,0.07699999958276749,0.20000000298023224
YMR011W,YLR166C,0,-4.8375654,0.03705485910177231,0.07699999958276749,0.20010000467300415
YJL059W,YOL049W,0,-4.8378406,0.03703703731298447,0.07699999958276749,0.20020000636577606
YJL054W,YDR227W,0,-4.838463,0.03701923042535782,0.07699999958276749,0.20029999315738678
YOL031C,YDR464W,0,-4.838562,0.03700144216418266,0.07699999958276749,0.2003999948501587
YCR048W,YBR186W,0,-4.839307,0.0369836688041687,0.07699999958276749,0.2004999965429306
YPL124W,YAR035W,0,-4.8394537,0.03696591407060623,0.07699999958276749,0.20059999823570251
YOR243C,YIL066C,0,-4.839813,0.036948177963495255,0.07699999958276749,0.20069999992847443
YBR177C,YDR320C,0,-4.8402014,0.03693045675754547,0.07699999958276749,0.20080000162124634
YBR201W,YCR040W,0,-4.8411393,0.03691275045275688,0.07699999958276749,0.20090000331401825
YGL035C,YJL039C,0,-4.841592,0.03689506649971008,0.07699999958276749,0.20100000500679016
YML019W,YOL158C,0,-4.841686,0.03687739372253418,0.07699999958276749,0.20110000669956207
YBR084W,YGR147C,1,-4.842545,0.037338439375162125,0.07800000160932541,0.20110000669956207
YKL122C,YEL020W-A,0,-4.8427787,0.0373205728828907,0.07800000160932541,0.2011999934911728
YGR013W,YGL062W,0,-4.8432093,0.03730272501707077,0.07800000160932541,0.2012999951839447
YKR022C,YOR243C,0,-4.843975,0.03728489577770233,0.07800000160932541,0.2013999968767166
YBL015W,YHR043C,0,-4.84413,0.03726708143949509,0.07800000160932541,0.20149999856948853
YDR495C,YAL059W,0,-4.844277,0.037249282002449036,0.07800000160932541,0.20160000026226044
YBR216C,YDR023W,0,-4.844498,0.037231504917144775,0.07800000160932541,0.20170000195503235
YDR065W,YDR518W,0,-4.8449707,0.03721373900771141,0.07800000160932541,0.20180000364780426
YPL237W,YMR058W,0,-4.8449755,0.037195995450019836,0.07800000160932541,0.20190000534057617
YGR089W,YHR142W,0,-4.8451815,0.037178266793489456,0.07800000160932541,0.20200000703334808
YGL127C,YNL101W,0,-4.845401,0.03716055303812027,0.07800000160932541,0.2020999938249588
YBR199W,YHR203C,0,-4.846165,0.037142857909202576,0.07800000160932541,0.2021999955177307
YBR084W,YBR081C,1,-4.8467283,0.03760114312171936,0.07900000363588333,0.2021999955177307
YGR037C,YPL012W,0,-4.846756,0.037583254277706146,0.07900000363588333,0.20229999721050262
YER074W-A,YGL144C,0,-4.8468394,0.037565384060144424,0.07900000363588333,0.20239999890327454
YNL270C,YMR238W,0,-4.84687,0.037547528743743896,0.07900000363588333,0.20250000059604645
YJL072C,YER119C,0,-4.847045,0.03752969205379486,0.07900000363588333,0.20260000228881836
YLR107W,YKL179C,0,-4.847191,0.03751187026500702,0.07900000363588333,0.20270000398159027
YGR091W,YBR217W,0,-4.847407,0.03749406710267067,0.07900000363588333,0.20280000567436218
YIL037C,YMR125W,0,-4.847722,0.03747628256678581,0.07900000363588333,0.2029000073671341
YKR009C,YJR135W-A,0,-4.847806,0.03745851293206215,0.07900000363588333,0.2029999941587448
YBR118W,YML051W,0,-4.8484426,0.03744075819849968,0.07900000363588333,0.20309999585151672
YIL038C,YCR107W,0,-4.8486986,0.0374230220913887,0.07900000363588333,0.20319999754428864
YMR284W,YMR202W,0,-4.8488016,0.03740530461072922,0.07900000363588333,0.20329999923706055
YJL056C,YOR257W,0,-4.8492312,0.037387602031230927,0.07900000363588333,0.20340000092983246
YDR045C,YPL140C,0,-4.8494573,0.03736991435289383,0.07900000363588333,0.20350000262260437
YOL158C,YDR382W,0,-4.8500843,0.037352245301008224,0.07900000363588333,0.20360000431537628
YIL037C,YPR010C,0,-4.850853,0.03733459487557411,0.07900000363588333,0.2037000060081482
YJL133W,YBR297W,0,-4.8512053,0.03731695935130119,0.07900000363588333,0.2037999927997589
YOR253W,YDR392W,1,-4.8516703,0.03777148202061653,0.07999999821186066,0.2037999927997589
YGL243W,YDL031W,0,-4.8524446,0.03775365650653839,0.07999999821186066,0.20389999449253082
YER126C,YHR061C,0,-4.853037,0.03773584961891174,0.07999999821186066,0.20399999618530273
YDR052C,YDR289C,0,-4.8532186,0.03771805763244629,0.07999999821186066,0.20409999787807465
YCR009C,YOR310C,0,-4.8535104,0.03770028427243233,0.07999999821186066,0.20419999957084656
YHR020W,YBR038W,0,-4.853589,0.03768252581357956,0.07999999821186066,0.20430000126361847
YJL085W,YBL088C,0,-4.854377,0.037664782255887985,0.07999999821186066,0.20440000295639038
YNL242W,YLR467W,0,-4.854541,0.0376470573246479,0.07999999821186066,0.2045000046491623
YJR065C,YAR015W,0,-4.8546553,0.037629351019859314,0.07999999821186066,0.2046000063419342
YAL026C,YDR435C,0,-4.854721,0.03761165961623192,0.07999999821186066,0.20469999313354492
YPL180W,YGL096W,0,-4.85511,0.03759398311376572,0.07999999821186066,0.20479999482631683
YCR024C-A,YGL021W,0,-4.8560386,0.03757632523775101,0.07999999821186066,0.20489999651908875
YDR418W,YOL090W,0,-4.8562484,0.03755868598818779,0.07999999821186066,0.20499999821186066
YGR224W,YGL247W,0,-4.8563795,0.03754106163978577,0.07999999821186066,0.20509999990463257
YGR037C,YMR059W,0,-4.856662,0.03752345219254494,0.07999999821186066,0.20520000159740448
YPR200C,YBL061C,0,-4.856863,0.0375058613717556,0.07999999821186066,0.2053000032901764
YMR246W,YHR090C,1,-4.857093,0.03795688971877098,0.08100000023841858,0.2053000032901764
YLL002W,YAL054C,1,-4.8570976,0.03840749338269234,0.0820000022649765,0.2053000032901764
YDL164C,YDL083C,0,-4.857969,0.03838951140642166,0.0820000022649765,0.2054000049829483
YCR026C,YDR097C,0,-4.8579693,0.03837154805660248,0.0820000022649765,0.20550000667572021
YKL178C,YLR383W,0,-4.858679,0.03835360333323479,0.0820000022649765,0.20559999346733093
YMR046C,YNL097C,0,-4.858959,0.03833566978573799,0.0820000022649765,0.20569999516010284
YDR263C,YNL251C,0,-4.859517,0.038317758589982986,0.0820000022649765,0.20579999685287476
YAL001C,YCR008W,0,-4.8600035,0.03829985857009888,0.0820000022649765,0.20589999854564667
YDR507C,YDR118W,0,-4.8602543,0.03828198090195656,0.0820000022649765,0.20600000023841858
YMR290C,YBL075C,0,-4.861808,0.038264114409685135,0.0820000022649765,0.2061000019311905
YLR337C,YLR228C,0,-4.86255,0.0382462702691555,0.0820000022649765,0.2062000036239624
YDR113C,YBR020W,0,-4.862967,0.038228437304496765,0.0820000022649765,0.20630000531673431
YNL333W,YOR267C,0,-4.863103,0.03821062296628952,0.0820000022649765,0.20640000700950623
YJL125C,YDR039C,0,-4.863205,0.03819282725453377,0.0820000022649765,0.20649999380111694
YPR031W,YMR246W,1,-4.8632774,0.038640595972537994,0.08299999684095383,0.20649999380111694
YDR076W,YGL171W,0,-4.863377,0.03862261399626732,0.08299999684095383,0.20659999549388885
YPL249C,YJR121W,0,-4.8641043,0.038604650646448135,0.08299999684095383,0.20669999718666077
YJL010C,YJL004C,0,-4.8645196,0.038586702197790146,0.08299999684095383,0.20679999887943268
YDR243C,YLL013C,0,-4.8645515,0.03856877237558365,0.08299999684095383,0.2069000005722046
YPL214C,YNL339C,0,-4.86462,0.038550857454538345,0.08299999684095383,0.2070000022649765
YDR416W,YOL164W,0,-4.86469,0.038532961159944534,0.08299999684095383,0.2071000039577484
YHR005C,YLR139C,0,-4.8649282,0.03851507976651192,0.08299999684095383,0.20720000565052032
YHR005C-A,YNL099C,0,-4.865478,0.03849721699953079,0.08299999684095383,0.20730000734329224
YPR031W,YDR392W,1,-4.8657436,0.03894297778606415,0.08399999886751175,0.20730000734329224
YDR270W,YBR217W,0,-4.8659396,0.0389249287545681,0.08399999886751175,0.20739999413490295
YHR013C,YDR392W,1,-4.866045,0.03937007859349251,0.08500000089406967,0.20739999413490295
YOL126C,YDR343C,0,-4.8663282,0.039351850748062134,0.08500000089406967,0.20749999582767487
YOR020C,YER106W,0,-4.8663383,0.03933364152908325,0.08500000089406967,0.20759999752044678
YIL129C,YOR095C,0,-4.8663797,0.039315447211265564,0.08500000089406967,0.2076999992132187
YER174C,YHR175W,0,-4.866526,0.03929727151989937,0.08500000089406967,0.2078000009059906
YGR054W,YNL075W,0,-4.867076,0.039279114454984665,0.08500000089406967,0.2079000025987625
YAR033W,YOR319W,0,-4.868204,0.03926096856594086,0.08500000089406967,0.20800000429153442
YGR054W,YBL082C,0,-4.8692408,0.03924284502863884,0.08500000089406967,0.20810000598430634
YIL131C,YOR297C,0,-4.869524,0.039224736392498016,0.08500000089406967,0.20819999277591705
YJL222W,YDR118W,0,-4.869624,0.03920664265751839,0.08500000089406967,0.20829999446868896
YPR168W,YHR066W,0,-4.8700757,0.03918856754899025,0.08500000089406967,0.20839999616146088
YJR066W,YML081C-A,0,-4.8701334,0.039170507341623306,0.08500000089406967,0.2084999978542328
YOR224C,YPL188W,0,-4.8705807,0.039152465760707855,0.08500000089406967,0.2085999995470047
YGR256W,YCR088W,0,-4.870705,0.0391344390809536,0.08500000089406967,0.2087000012397766
YNL093W,YPR101W,0,-4.8708267,0.039116427302360535,0.08500000089406967,0.20880000293254852
YMR015C,YDR277C,0,-4.870905,0.03909843787550926,0.08500000089406967,0.20890000462532043
YNL259C,YER002W,0,-4.8709574,0.039080459624528885,0.08500000089406967,0.20900000631809235
YEL053C,YBR081C,1,-4.8712873,0.03952205926179886,0.0860000029206276,0.20900000631809235
YDR363W-A,YLR086W,0,-4.8713627,0.039503905922174454,0.0860000029206276,0.20909999310970306
YLR105C,YNL339C,0,-4.871689,0.03948576748371124,0.0860000029206276,0.20919999480247498
YLR233C,YBR123C,0,-4.8718634,0.039467643946409225,0.0860000029206276,0.2092999964952469
YDR046C,YMR106C,0,-4.8722496,0.039449542760849,0.0860000029206276,0.2093999981880188
YGR005C,YLR129W,0,-4.873217,0.03943145275115967,0.0860000029206276,0.2094999998807907
YLR075W,YPL092W,0,-4.873315,0.03941338136792183,0.0860000029206276,0.20960000157356262
YNL259C,YER147C,0,-4.8733406,0.03939532861113548,0.0860000029206276,0.20970000326633453
YBR084W,YPL001W,1,-4.873353,0.039835166186094284,0.08699999749660492,0.20970000326633453
YER051W,YNL248C,0,-4.8743186,0.03981693461537361,0.08699999749660492,0.20980000495910645
YBR186W,YOR353C,0,-4.8747063,0.03979871794581413,0.08699999749660492,0.20990000665187836
YBR213W,YPR094W,0,-4.8749266,0.039780519902706146,0.08699999749660492,0.20999999344348907
YHR005C,YIL009C-A,0,-4.87496,0.03976234048604965,0.08699999749660492,0.210099995136261
YMR015C,YJL076W,0,-4.875245,0.03974417597055435,0.08699999749660492,0.2101999968290329
YLR134W,YBL008W,0,-4.875276,0.039726026356220245,0.08699999749660492,0.2102999985218048
YFR034C,YKL129C,0,-4.8753896,0.03970789536833763,0.08699999749660492,0.21040000021457672
YKL190W,YJL033W,0,-4.8758507,0.03968977928161621,0.08699999749660492,0.21050000190734863
YGL167C,YKL011C,0,-4.875953,0.03967168182134628,0.08699999749660492,0.21060000360012054
YHR106W,YAR018C,0,-4.876321,0.03965359926223755,0.08699999749660492,0.21070000529289246
YNL072W,YPL152W,0,-4.877639,0.03963553532958031,0.08699999749660492,0.21080000698566437
YDR345C,YPL202C,0,-4.87764,0.03961748629808426,0.08699999749660492,0.21089999377727509
YDR439W,YDR245W,0,-4.8777027,0.039599452167749405,0.08699999749660492,0.210999995470047
YGR285C,YBL074C,0,-4.8788505,0.03958143666386604,0.08699999749660492,0.2110999971628189
YDR453C,YNR049C,0,-4.879079,0.039563439786434174,0.08699999749660492,0.21119999885559082
YBR131W,YGR192C,0,-4.8792725,0.0395454540848732,0.08699999749660492,0.21130000054836273
YOR308C,YDR156W,0,-4.880096,0.03952748700976372,0.08699999749660492,0.21140000224113464
YOR245C,YAL047C,0,-4.8803825,0.03950953856110573,0.08699999749660492,0.21150000393390656
YGL016W,YPL195W,0,-4.8806143,0.039491601288318634,0.08699999749660492,0.21160000562667847
YBR084W,YDR392W,1,-4.8806286,0.0399274043738842,0.08799999952316284,0.21160000562667847
YOL076W,YPR131C,1,-4.8806386,0.04036281257867813,0.08900000154972076,0.21160000562667847
YBR152W,YMR146C,0,-4.880822,0.040344513952732086,0.08900000154972076,0.21170000731945038
YHR102W,YBR159W,0,-4.880842,0.040326233953237534,0.08900000154972076,0.2117999941110611
YPL126W,YNL262W,0,-4.881212,0.04030797258019447,0.08900000154972076,0.211899995803833
YPR081C,YGL075C,0,-4.8812447,0.04028972238302231,0.08900000154972076,0.21199999749660492
YGL144C,YMR319C,0,-4.881814,0.040271494537591934,0.08900000154972076,0.21209999918937683
YBR084W,YEL053C,1,-4.88349,0.04070556163787842,0.09000000357627869,0.21209999918937683
YCL061C,YOR298W,0,-4.8844104,0.040687162429094315,0.09000000357627869,0.21220000088214874
YNL311C,YCR075C,0,-4.88474,0.04066877439618111,0.09000000357627869,0.21230000257492065
YLR399C,YBR072W,0,-4.886833,0.04065040498971939,0.09000000357627869,0.21240000426769257
YJL026W,YDL058W,0,-4.8873463,0.04063205420970917,0.09000000357627869,0.21250000596046448
YGL169W,YLR453C,0,-4.8881607,0.04061371833086014,0.09000000357627869,0.2125999927520752
YLR431C,YGL206C,0,-4.888989,0.0405953973531723,0.09000000357627869,0.2126999944448471
YDR472W,YGR247W,0,-4.88906,0.04057709500193596,0.09000000357627869,0.21279999613761902
YLR372W,YOR279C,0,-4.8890915,0.04055881127715111,0.09000000357627869,0.21289999783039093
YNR007C,YHR020W,0,-4.889197,0.04054053872823715,0.09000000357627869,0.21299999952316284
YHR084W,YBL074C,0,-4.889367,0.04052228853106499,0.09000000357627869,0.21310000121593475
YOR274W,YJL012C,0,-4.890039,0.04050404950976372,0.09000000357627869,0.21320000290870667
YDR324C,YLR016C,0,-4.8901696,0.04048582911491394,0.09000000357627869,0.21330000460147858
YDR205W,YEL065W,0,-4.8902187,0.040467627346515656,0.09000000357627869,0.2134000062942505
YGL153W,YDR495C,0,-4.890224,0.040449436753988266,0.09000000357627869,0.2134999930858612
YDR461W,YBR142W,0,-4.8903475,0.04043126851320267,0.09000000357627869,0.21359999477863312
YER054C,YPR167C,0,-4.8904247,0.040413111448287964,0.09000000357627869,0.21369999647140503
YMR078C,YGR055W,0,-4.890465,0.04039497300982475,0.09000000357627869,0.21379999816417694
YDR339C,YOR266W,0,-4.8907576,0.040376849472522736,0.09000000357627869,0.21389999985694885
YDR309C,YML021C,0,-4.8913593,0.04035874456167221,0.09000000357627869,0.21400000154972076
YER026C,YDR247W,0,-4.8918595,0.04034065455198288,0.09000000357627869,0.21410000324249268
YFL057C,YER022W,0,-4.892705,0.04032257944345474,0.09000000357627869,0.2142000049352646
YDR435C,YOR045W,0,-4.8929253,0.0403045229613781,0.09000000357627869,0.2143000066280365
YDR495C,YIL066C,0,-4.8929954,0.040286481380462646,0.09000000357627869,0.21439999341964722
YNR034W,YHR023W,0,-4.8943048,0.04026845470070839,0.09000000357627869,0.21449999511241913
YKR099W,YLR189C,0,-4.895053,0.040250446647405624,0.09000000357627869,0.21459999680519104
YLL002W,YHR090C,1,-4.8951335,0.040679480880498886,0.09099999815225601,0.21459999680519104
YJL208C,YPR176C,0,-4.895749,0.04066130518913269,0.09099999815225601,0.21469999849796295
YGR074W,YBR243C,0,-4.895913,0.04064314439892769,0.09099999815225601,0.21480000019073486
YPR051W,YMR246W,1,-4.89631,0.04107142984867096,0.09200000017881393,0.21480000019073486
YBR245C,YPL097W,0,-4.8973513,0.04105310142040253,0.09200000017881393,0.21490000188350677
YOL125W,YGR247W,0,-4.8975105,0.04103479161858559,0.09200000017881393,0.2150000035762787
YPL160W,YPR189W,0,-4.897818,0.04101649671792984,0.09200000017881393,0.2151000052690506
YMR101C,YGR179C,0,-4.898182,0.04099821671843529,0.09200000017881393,0.2152000069618225
YFL057C,YIL056W,0,-4.8986673,0.04097995534539223,0.09200000017881393,0.21529999375343323
YOL125W,YER031C,0,-4.8988767,0.04096170887351036,0.09200000017881393,0.21539999544620514
YLR167W,YDR478W,0,-4.899002,0.04094348102807999,0.09200000017881393,0.21549999713897705
YPL036W,YML130C,0,-4.899095,0.040925268083810806,0.09200000017881393,0.21559999883174896
YOR025W,YLR035C,0,-4.899246,0.04090707004070282,0.09200000017881393,0.21570000052452087
YGL127C,YKL201C,0,-4.9002333,0.040888890624046326,0.09200000017881393,0.21580000221729279
YIL123W,YAL043C,0,-4.900496,0.04087072238326073,0.09200000017881393,0.2159000039100647
YIR013C,YKR002W,0,-4.900714,0.04085257649421692,0.09200000017881393,0.2160000056028366
YNL102W,YHR059W,0,-4.9007406,0.040834441781044006,0.09200000017881393,0.21610000729560852
YCL069W,YGL006W,0,-4.9008303,0.040816325694322586,0.09200000017881393,0.21619999408721924
YOL142W,YLR455W,0,-4.9019365,0.04079822450876236,0.09200000017881393,0.21629999577999115
YMR239C,YMR055C,0,-4.9019966,0.040780141949653625,0.09200000017881393,0.21639999747276306
YJL156C,YLR107W,0,-4.9020014,0.040762074291706085,0.09200000017881393,0.21649999916553497
YHR188C,YMR275C,0,-4.90265,0.04074402153491974,0.09200000017881393,0.21660000085830688
YJL056C,YKL179C,0,-4.902743,0.040725983679294586,0.09200000017881393,0.2167000025510788
YMR015C,YFR009W,0,-4.902932,0.040707964450120926,0.09200000017881393,0.2168000042438507
YPL169C,YGR246C,0,-4.903268,0.04068996012210846,0.09200000017881393,0.21690000593662262
YDL059C,YOR123C,0,-4.903632,0.04067197069525719,0.09200000017881393,0.21699999272823334
YCR092C,YGL195W,0,-4.903737,0.04065399989485741,0.09200000017881393,0.21709999442100525
YML098W,YOR003W,0,-4.903849,0.04063604399561882,0.09200000017881393,0.21719999611377716
YDL069C,YKL068W,0,-4.9038534,0.04061810299754143,0.09200000017881393,0.21729999780654907
YGL120C,YML076C,0,-4.9044256,0.04060017690062523,0.09200000017881393,0.21739999949932098
YNL113W,YOR321W,0,-4.904451,0.040582265704870224,0.09200000017881393,0.2175000011920929
YFL017W-A,YLL003W,0,-4.9048023,0.04056437313556671,0.09200000017881393,0.2176000028848648
YLR234W,YNL116W,0,-4.9048767,0.04054649546742439,0.09200000017881393,0.21770000457763672
YMR052W,YML071C,0,-4.9049134,0.04052863270044327,0.09200000017881393,0.21780000627040863
YER020W,YDR038C,0,-4.90508,0.040510788559913635,0.09200000017881393,0.21789999306201935
YLR263W,YJR112W,0,-4.9056244,0.0404929593205452,0.09200000017881393,0.21799999475479126
YOR043W,YLR106C,0,-4.9056787,0.04047514125704765,0.09200000017881393,0.21809999644756317
YJR082C,YHR090C,1,-4.9058495,0.04089709743857384,0.09300000220537186,0.21809999644756317
YBR085W,YLR008C,0,-4.905983,0.04087911918759346,0.09300000220537186,0.21819999814033508
YFL024C,YDR392W,1,-4.906557,0.04130052775144577,0.09399999678134918,0.21819999814033508
YAL029C,YHR023W,0,-4.9069824,0.04128238931298256,0.09399999678134918,0.218299999833107
YOL005C,YOR267C,0,-4.907256,0.04126426577568054,0.09399999678134918,0.2184000015258789
YNL225C,YMR145C,0,-4.9073186,0.04124616086483002,0.09399999678134918,0.21850000321865082
YLR455W,YOL021C,0,-4.9074783,0.041228070855140686,0.09399999678134918,0.21860000491142273
YOR064C,YDR392W,1,-4.907533,0.04164839908480644,0.0949999988079071,0.21860000491142273
YDR335W,YLR418C,0,-4.9076533,0.04163014888763428,0.0949999988079071,0.21870000660419464
YMR192W,YDL095W,0,-4.90847,0.041611913591623306,0.0949999988079071,0.21879999339580536
YGL246C,YAL056W,0,-4.908738,0.04159369692206383,0.0949999988079071,0.21889999508857727
YGL187C,YLR370C,0,-4.9093447,0.041575491428375244,0.0949999988079071,0.21899999678134918
YOL101C,YGL045W,0,-4.90985,0.04155730456113815,0.0949999988079071,0.2190999984741211
YCR057C,YML112W,0,-4.910199,0.041539132595062256,0.0949999988079071,0.219200000166893
YOR193W,YMR104C,0,-4.910441,0.04152097925543785,0.0949999988079071,0.21930000185966492
YBR084W,YDR145W,1,-4.9106045,0.041939713060855865,0.09600000083446503,0.21930000185966492
YLR130C,YLR098C,0,-4.910649,0.04192139580845833,0.09600000083446503,0.21940000355243683
YDR345C,YOL028C,0,-4.9107723,0.04190310090780258,0.09600000083446503,0.21950000524520874
YPR193C,YFL039C,1,-4.911188,0.04232111573219299,0.09700000286102295,0.21950000524520874
YHL028W,YGR177C,0,-4.9123144,0.04230266064405441,0.09700000286102295,0.21960000693798065
YIL160C,YGR097W,0,-4.9131513,0.042284220457077026,0.09700000286102295,0.21969999372959137
YJR137C,YJR057W,0,-4.914074,0.042265795171260834,0.09700000286102295,0.21979999542236328
YKL034W,YNL251C,0,-4.9144464,0.04224738851189613,0.09700000286102295,0.2198999971151352
YFL055W,YOL126C,0,-4.9153852,0.04222899302840233,0.09700000286102295,0.2199999988079071
YJL129C,YGL021W,0,-4.915497,0.042210616171360016,0.09700000286102295,0.22010000050067902
YDR085C,YDR173C,0,-4.9162645,0.042192257940769196,0.09700000286102295,0.22020000219345093
YKL173W,YBL042C,0,-4.916275,0.04217391461133957,0.09700000286102295,0.22030000388622284
YLL009C,YLR405W,0,-4.9164734,0.042155586183071136,0.09700000286102295,0.22040000557899475
YGL210W,YNL331C,0,-4.91708,0.0421372726559639,0.09700000286102295,0.22050000727176666
YPL045W,YMR106C,0,-4.917449,0.04211897403001785,0.09700000286102295,0.22059999406337738
YDR479C,YBL061C,0,-4.917694,0.0421006940305233,0.09700000286102295,0.2206999957561493
YPL160W,YPR167C,0,-4.917754,0.04208242893218994,0.09700000286102295,0.2207999974489212
YHR023W,YOR279C,0,-4.91781,0.042064178735017776,0.09700000286102295,0.22089999914169312
YEL020W-A,YNR038W,0,-4.9181066,0.042045947164297104,0.09700000286102295,0.22100000083446503
YDR285W,YKR061W,0,-4.918227,0.042027730494737625,0.09700000286102295,0.22110000252723694
YJL190C,YKR061W,0,-4.918993,0.04200952872633934,0.09700000286102295,0.22120000422000885
YLR429W,YKR050W,0,-4.919033,0.04199134185910225,0.09700000286102295,0.22130000591278076
YBR084W,YCL010C,1,-4.919526,0.042405884712934494,0.09799999743700027,0.22130000591278076
YHR154W,YPR167C,0,-4.920399,0.042387545108795166,0.09799999743700027,0.22139999270439148
YPL124W,YML021C,0,-4.9204216,0.04236921668052673,0.09799999743700027,0.2214999943971634
YBL097W,YDL181W,0,-4.920482,0.04235090687870979,0.09799999743700027,0.2215999960899353
YBL078C,YLR295C,0,-4.920588,0.04233261197805405,0.09799999743700027,0.22169999778270721
YML060W,YFL013C,0,-4.9213285,0.04231433570384979,0.09799999743700027,0.22179999947547913
YBR160W,YKL130C,0,-4.922252,0.04229607433080673,0.09799999743700027,0.22190000116825104
YPL194W,YFR055W,0,-4.922284,0.04227782413363457,0.09799999743700027,0.22200000286102295
YGR230W,YKR095W-A,0,-4.92236,0.04225959628820419,0.09799999743700027,0.22210000455379486
YLR113W,YER074W-A,0,-4.9225893,0.042241379618644714,0.09799999743700027,0.22220000624656677
YEL020W-A,YGL172W,0,-4.9226837,0.04222317785024643,0.09799999743700027,0.2222999930381775
YJL059W,YGR104C,0,-4.923417,0.04220499470829964,0.09799999743700027,0.2223999947309494
YNL311C,YBL003C,0,-4.923589,0.04218682646751404,0.09799999743700027,0.2224999964237213
YDR448W,YHR090C,1,-4.92373,0.042598966509103775,0.0989999994635582,0.2224999964237213
YIL149C,YDR146C,0,-4.9238224,0.04258064553141594,0.0989999994635582,0.22259999811649323
YOL034W,YER032W,0,-4.923834,0.0425623394548893,0.0989999994635582,0.22269999980926514
YPR031W,YPR131C,1,-4.923895,0.04297378659248352,0.10000000149011612,0.22269999980926514
YHL012W,YLR193C,0,-4.924249,0.04295532777905464,0.10000000149011612,0.22280000150203705
YJR125C,YOL126C,0,-4.924515,0.04293688386678696,0.10000000149011612,0.22290000319480896
YGR059W,YGR209C,0,-4.9249496,0.042918454855680466,0.10000000149011612,0.22300000488758087
YDR046C,YBL017C,0,-4.9256387,0.04290004447102547,0.10000000149011612,0.22310000658035278
YNR067C,YGR010W,0,-4.926484,0.042881645262241364,0.10000000149011612,0.2231999933719635
YDR292C,YGL183C,0,-4.9265075,0.04286326467990875,0.10000000149011612,0.2232999950647354
YPL047W,YGL162W,0,-4.9265547,0.042844902724027634,0.10000000149011612,0.22339999675750732
YDR501W,YHR203C,0,-4.9265823,0.04282655194401741,0.10000000149011612,0.22349999845027924
YBR244W,YML042W,0,-4.926958,0.04280821979045868,0.10000000149011612,0.22360000014305115
YGR264C,YBR156C,0,-4.9273677,0.04278990253806114,0.10000000149011612,0.22370000183582306
YFL058W,YNL066W,0,-4.9275117,0.0427716001868248,0.10000000149011612,0.22380000352859497
YGR221C,YIL002C,0,-4.927629,0.04275331273674965,0.10000000149011612,0.22390000522136688
YHR205W,YBR193C,0,-4.92776,0.04273504391312599,0.10000000149011612,0.2240000069141388
YBL005W,YBR030W,0,-4.9278336,0.04271678626537323,0.10000000149011612,0.2240999937057495
YPL174C,YGR144W,0,-4.9281464,0.04269854724407196,0.10000000149011612,0.22419999539852142
YOR151C,YAL013W,0,-4.928371,0.042680323123931885,0.10000000149011612,0.22429999709129333
YOL069W,YHR066W,0,-4.929034,0.0426621176302433,0.10000000149011612,0.22439999878406525
YDR146C,YBL080C,0,-4.929695,0.04264392331242561,0.10000000149011612,0.22450000047683716
YAL032C,YHR142W,0,-4.93014,0.04262574762105942,0.10000000149011612,0.22460000216960907
YIL061C,YBR267W,0,-4.930336,0.04260758310556412,0.10000000149011612,0.22470000386238098
YHR188C,YGL033W,0,-4.930384,0.04258943721652031,0.10000000149011612,0.2248000055551529
YGR288W,YMR059W,0,-4.9303894,0.042571306228637695,0.10000000149011612,0.2249000072479248
YLR449W,YCL032W,0,-4.930805,0.042553190141916275,0.10000000149011612,0.22499999403953552
YKL110C,YGL232W,0,-4.930997,0.04253509268164635,0.10000000149011612,0.22509999573230743
YHR082C,YMR070W,0,-4.930998,0.042517006397247314,0.10000000149011612,0.22519999742507935
YFL056C,YNL261W,0,-4.9313126,0.042498938739299774,0.10000000149011612,0.22529999911785126
YHL020C,YJL074C,0,-4.9315987,0.04248088225722313,0.10000000149011612,0.22540000081062317
YGL226C-A,YDL101C,0,-4.931631,0.04246284440159798,0.10000000149011612,0.22550000250339508
YBR084W,YFL024C,1,-4.9316807,0.04286926984786987,0.10100000351667404,0.22550000250339508
YPR131C,YHR090C,1,-4.9319553,0.04327534884214401,0.10199999809265137,0.22550000250339508
YKL053C-A,YLR342W,0,-4.9321275,0.04325699806213379,0.10199999809265137,0.225600004196167
YOR036W,YBL090W,0,-4.9329767,0.04323866218328476,0.10199999809265137,0.2257000058889389
YFR027W,YDR411C,0,-4.93311,0.043220337480306625,0.10199999809265137,0.22579999268054962
YDR096W,YOL069W,0,-4.933378,0.043202031403779984,0.10199999809265137,0.22589999437332153
YER120W,YAL011W,0,-4.9336686,0.043183743953704834,0.10199999809265137,0.22599999606609344
YEL053C,YCR020C-A,1,-4.9336977,0.043588656932115555,0.10300000011920929,0.22599999606609344
YLR398C,YBR267W,0,-4.9341173,0.04357022047042847,0.10300000011920929,0.22609999775886536
YML064C,YOL082W,0,-4.9341283,0.043551795184612274,0.10300000011920929,0.22619999945163727
YBL013W,YGR033C,0,-4.934366,0.043533388525247574,0.10300000011920929,0.22630000114440918
YPL097W,YLR098C,0,-4.934813,0.04351499676704407,0.10300000011920929,0.2264000028371811
YNR019W,YPR201W,0,-4.9351816,0.043496619910001755,0.10300000011920929,0.226500004529953
YMR168C,YIL026C,0,-4.935271,0.043478261679410934,0.10300000011920929,0.22660000622272491
YER001W,YML021C,0,-4.935688,0.04345991462469101,0.10300000011920929,0.22669999301433563
YDR087C,YNL279W,0,-4.935714,0.04344158619642258,0.10300000011920929,0.22679999470710754
YGL226C-A,YHR165C,0,-4.936038,0.04342327266931534,0.10300000011920929,0.22689999639987946
YDR011W,YLR035C,0,-4.9362173,0.04340497404336929,0.10300000011920929,0.22699999809265137
YML123C,YIL061C,0,-4.936219,0.04338669031858444,0.10300000011920929,0.22709999978542328
YKR019C,YCL027W,0,-4.936451,0.043368421494960785,0.10300000011920929,0.2272000014781952
YFL039C,YEL066W,1,-4.9365816,0.04377104341983795,0.10400000214576721,0.2272000014781952
YBR258C,YAR019C,0,-4.936814,0.043752629309892654,0.10400000214576721,0.2273000031709671
YPR183W,YOL017W,0,-4.9369173,0.04373423010110855,0.10400000214576721,0.227400004863739
YJL115W,YMR246W,1,-4.9369183,0.04413619264960289,0.10499999672174454,0.227400004863739
YGL104C,YCR084C,0,-4.937334,0.04411764815449715,0.10499999672174454,0.22750000655651093
YJL071W,YOR003W,0,-4.937525,0.0440991185605526,0.10499999672174454,0.22759999334812164
YDR256C,YHR186C,0,-4.9388633,0.04408060386776924,0.10499999672174454,0.22769999504089355
YEL012W,YKL108W,0,-4.938947,0.04406210780143738,0.10499999672174454,0.22779999673366547
YLR411W,YOR275C,0,-4.9389815,0.04404362291097641,0.10499999672174454,0.22789999842643738
YOL065C,YDR343C,0,-4.9390597,0.044025156646966934,0.10499999672174454,0.2280000001192093
YJR135C,YJR046W,0,-4.939171,0.04400670528411865,0.10499999672174454,0.2281000018119812
YJR135C,YPR135W,0,-4.939233,0.043988268822431564,0.10499999672174454,0.2282000035047531
YMR270C,YJL214W,0,-4.9396114,0.04396985098719597,0.10499999672174454,0.22830000519752502
YGL071W,YBR021W,0,-4.9402375,0.04395144432783127,0.10499999672174454,0.22840000689029694
YLR431C,YNL006W,0,-4.9406147,0.04393305256962776,0.10499999672174454,0.22849999368190765
YHR090C,YEL056W,1,-4.940671,0.04433291405439377,0.10599999874830246,0.22849999368190765
YBR114W,YGL175C,0,-4.94081,0.04431438073515892,0.10599999874830246,0.22859999537467957
YLR423C,YDR214W,0,-4.940941,0.044295862317085266,0.10599999874830246,0.22869999706745148
YBR126C,YPL065W,0,-4.9410725,0.044277358800172806,0.10599999874830246,0.2287999987602234
YJL054W,YNL257C,0,-4.9411683,0.04425887390971184,0.10599999874830246,0.2289000004529953
YLR361C,YNL332W,0,-4.943513,0.044240400195121765,0.10599999874830246,0.2290000021457672
YDL047W,YGR101W,0,-4.9437537,0.044221945106983185,0.10599999874830246,0.22910000383853912
YLR292C,YIL117C,0,-4.9438667,0.0442035011947155,0.10599999874830246,0.22920000553131104
YFR053C,YAL017W,0,-4.9439983,0.04418507590889931,0.10599999874830246,0.22930000722408295
YPL117C,YDR055W,0,-4.9441576,0.04416666552424431,0.10599999874830246,0.22939999401569366
YKL013C,YDR213W,0,-4.9443197,0.044148270040750504,0.10599999874830246,0.22949999570846558
YPL012W,YGR108W,0,-4.9453216,0.04412989318370819,0.10599999874830246,0.2295999974012375
YLR313C,YDL181W,0,-4.9453855,0.044111527502536774,0.10599999874830246,0.2296999990940094
YLR013W,YGL006W,0,-4.945775,0.04409317672252655,0.10599999874830246,0.2298000007867813
YML012W,YFL059W,0,-4.9458313,0.04407484456896782,0.10599999874830246,0.22990000247955322
YER120W,YOL023W,0,-4.9459777,0.044056523591279984,0.10599999874830246,0.23000000417232513
YOR317W,YGL112C,1,-4.9473667,0.04445367678999901,0.10700000077486038,0.23000000417232513
YPL131W,YDR420W,0,-4.9476266,0.04443521425127983,0.10700000077486038,0.23010000586509705
YEL041W,YCR008W,0,-4.9485593,0.044416770339012146,0.10700000077486038,0.23019999265670776
YMR128W,YOR226C,0,-4.9497743,0.044398341327905655,0.10700000077486038,0.23029999434947968
YPL217C,YDR040C,0,-4.949853,0.04437992349267006,0.10700000077486038,0.2303999960422516
YDR268W,YOR211C,0,-4.9500036,0.044361524283885956,0.10700000077486038,0.2304999977350235
YPL033C,YGR145W,0,-4.950591,0.044343139976263046,0.10700000077486038,0.2305999994277954
YGR180C,YLR309C,0,-4.950864,0.04432477056980133,0.10700000077486038,0.23070000112056732
YDR443C,YPR154W,0,-4.9514513,0.04430641978979111,0.10700000077486038,0.23080000281333923
YGL151W,YML019W,0,-4.9518123,0.04428808018565178,0.10700000077486038,0.23090000450611115
YOL122C,YDR030C,0,-4.952048,0.044269755482673645,0.10700000077486038,0.23100000619888306
YJL094C,YMR303C,0,-4.952606,0.044251445680856705,0.10700000077486038,0.23109999299049377
YBR118W,YML029W,0,-4.952759,0.04423315450549126,0.10700000077486038,0.23119999468326569
YJL178C,YBL097W,0,-4.9529457,0.044214874505996704,0.10700000077486038,0.2312999963760376
YPR021C,YML075C,0,-4.9531937,0.044196613132953644,0.10700000077486038,0.2313999980688095
YJL164C,YPR101W,0,-4.9535303,0.04417836666107178,0.10700000077486038,0.23149999976158142
YBR132C,YGR097W,0,-4.953793,0.044160131365060806,0.10700000077486038,0.23160000145435333
YDL220C,YAL030W,0,-4.9547424,0.04414191469550133,0.10700000077486038,0.23170000314712524
YDL161W,YOR156C,0,-4.955152,0.04412371292710304,0.10700000077486038,0.23180000483989716
YBR132C,YHR102W,0,-4.955342,0.04410552233457565,0.10700000077486038,0.23190000653266907
YDR451C,YDL181W,0,-4.955344,0.044087350368499756,0.10700000077486038,0.23199999332427979
YDR369C,YOR380W,0,-4.9557943,0.04406919330358505,0.10700000077486038,0.2320999950170517
YCR026C,YMR199W,0,-4.955804,0.04405105113983154,0.10700000077486038,0.2321999967098236
YDR075W,YOR063W,0,-4.95582,0.04403292015194893,0.10700000077486038,0.23229999840259552
YCL069W,YDL029W,0,-4.955889,0.04401480779051781,0.10700000077486038,0.23240000009536743
YLR371W,YFR027W,0,-4.956311,0.04399671033024788,0.10700000077486038,0.23250000178813934
YNL126W,YPL042C,0,-4.9568233,0.043978627771139145,0.10700000077486038,0.23260000348091125
YIL160C,YIL056W,0,-4.9568853,0.043960560113191605,0.10700000077486038,0.23270000517368317
YPR082C,YEL041W,0,-4.9569197,0.04394250363111496,0.10700000077486038,0.23280000686645508
YKL014C,YKL092C,0,-4.957247,0.04392446577548981,0.10700000077486038,0.2328999936580658
YMR276W,YJL030W,0,-4.9572678,0.04390644282102585,0.10700000077486038,0.2329999953508377
YHR011W,YFL059W,0,-4.957514,0.043888434767723083,0.10700000077486038,0.23309999704360962
YOL033W,YLR167W,0,-4.9582686,0.043870437890291214,0.10700000077486038,0.23319999873638153
YPR193C,YEL066W,1,-4.9583387,0.044262293726205826,0.1080000028014183,0.23319999873638153
YLR107W,YPR020W,0,-4.9584465,0.04424416273832321,0.1080000028014183,0.23330000042915344
YLR286C,YMR014W,0,-4.958809,0.04422604292631149,0.1080000028014183,0.23340000212192535
YDR143C,YBR177C,0,-4.9588356,0.044207941740751266,0.1080000028014183,0.23350000381469727
YCR027C,YCR028C-A,0,-4.958882,0.044189851731061935,0.1080000028014183,0.23360000550746918
YLR107W,YHR005C,0,-4.9589586,0.0441717803478241,0.1080000028014183,0.2337000072002411
YAL005C,YLR086W,0,-4.9595428,0.04415372014045715,0.1080000028014183,0.2337999939918518
YBR127C,YFL059W,0,-4.959717,0.044135674834251404,0.1080000028014183,0.23389999568462372
YPL061W,YIL131C,0,-4.9597845,0.04411764815449715,0.1080000028014183,0.23399999737739563
YOR317W,YLL022C,1,-4.960185,0.044507961720228195,0.10899999737739563,0.23399999737739563
YIL009C-A,YHR068W,0,-4.9605947,0.044489797204732895,0.10899999737739563,0.23409999907016754
YFR053C,YDL247W,0,-4.9609857,0.04447164386510849,0.10899999737739563,0.23420000076293945
YIL002C,YMR305C,0,-4.9632163,0.04445350915193558,0.10899999737739563,0.23430000245571136
YBR004C,YNL279W,0,-4.963415,0.04443538561463356,0.10899999737739563,0.23440000414848328
YJR042W,YOR076C,0,-4.963444,0.04441727697849274,0.10899999737739563,0.2345000058412552
YKL170W,YDR129C,0,-4.963889,0.044399186968803406,0.10899999737739563,0.2345999926328659
YER015W,YEL056W,1,-4.9644346,0.04478827491402626,0.10999999940395355,0.2345999926328659
YGL232W,YPL138C,0,-4.9644365,0.04477004334330559,0.10999999940395355,0.23469999432563782
YMR225C,YPL019C,0,-4.9650254,0.04475183039903641,0.10999999940395355,0.23479999601840973
YBL082C,YLR233C,0,-4.965562,0.04473363235592842,0.10999999940395355,0.23489999771118164
YJL062W,YJL191W,0,-4.9656105,0.04471544548869133,0.10999999940395355,0.23499999940395355
YDR346C,YDL159W,0,-4.9656515,0.04469727724790573,0.10999999940395355,0.23510000109672546
YML004C,YPL008W,0,-4.965795,0.044679123908281326,0.10999999940395355,0.23520000278949738
YMR008C,YML061C,0,-4.965816,0.04466098174452782,0.10999999940395355,0.2353000044822693
YBL047C,YOR266W,0,-4.9662337,0.0446428582072258,0.10999999940395355,0.2354000061750412
YBR026C,YPL181W,0,-4.967349,0.04462474584579468,0.10999999940395355,0.23549999296665192
YDR096W,YLR442C,0,-4.968013,0.04460665211081505,0.10999999940395355,0.23559999465942383
YDR323C,YDR295C,0,-4.9681683,0.044588569551706314,0.10999999940395355,0.23569999635219574
YGR098C,YER151C,0,-4.9682016,0.044570501893758774,0.10999999940395355,0.23579999804496765
YHR023W,YDR523C,0,-4.968763,0.04455244913697243,0.10999999940395355,0.23589999973773956
YMR073C,YDR191W,0,-4.968902,0.044534411281347275,0.10999999940395355,0.23600000143051147
YNL248C,YPL029W,0,-4.9694686,0.044516388326883316,0.10999999940395355,0.2361000031232834
YGR132C,YKL045W,0,-4.970336,0.04449838027358055,0.10999999940395355,0.2362000048160553
YLR264W,YLR451W,0,-4.9717913,0.04448038712143898,0.10999999940395355,0.2363000065088272
YDL074C,YAL068C,0,-4.971958,0.0444624088704586,0.10999999940395355,0.23639999330043793
YCR020W-B,YPR041W,0,-4.972106,0.04444444552063942,0.10999999940395355,0.23649999499320984
YGR112W,YHL012W,0,-4.972211,0.04442649334669113,0.10999999940395355,0.23659999668598175
YAL029C,YHR072W-A,0,-4.972552,0.044408559799194336,0.10999999940395355,0.23669999837875366
YAL017W,YGL124C,0,-4.9731474,0.044390637427568436,0.10999999940395355,0.23680000007152557
YGL100W,YOR341W,0,-4.973208,0.04437272995710373,0.10999999940395355,0.23690000176429749
YGR165W,YDL115C,0,-4.973237,0.04435483738780022,0.10999999940395355,0.2370000034570694
YDR488C,YJR078W,0,-4.9735537,0.0443369597196579,0.10999999940395355,0.2371000051498413
YAL054C,YLL022C,1,-4.9741216,0.044721998274326324,0.11100000143051147,0.2371000051498413
YMR044W,YHR085W,0,-4.9744415,0.04470398649573326,0.11100000143051147,0.23720000684261322
YOL095C,YGR225W,0,-4.9745836,0.04468598961830139,0.11100000143051147,0.23729999363422394
YNL130C,YPL042C,0,-4.9748893,0.044668007642030716,0.11100000143051147,0.23739999532699585
YLR263W,YAL022C,0,-4.9750338,0.044650040566921234,0.11100000143051147,0.23749999701976776
YDR005C,YBL003C,0,-4.9750786,0.044632088392972946,0.11100000143051147,0.23759999871253967
YER116C,YDR411C,0,-4.9753065,0.044614147394895554,0.11100000143051147,0.23770000040531158
YNL262W,YLR056W,0,-4.9758153,0.04459622502326965,0.11100000143051147,0.2378000020980835
YGR028W,YGR170W,0,-4.976348,0.04457831382751465,0.11100000143051147,0.2379000037908554
YDR481C,YPL202C,0,-4.9770947,0.04456041753292084,0.11100000143051147,0.23800000548362732
YGR090W,YPL095C,0,-4.977291,0.04454253613948822,0.11100000143051147,0.23810000717639923
YJL092W,YBL003C,0,-4.977564,0.0445246696472168,0.11100000143051147,0.23819999396800995
YLR249W,YDR523C,0,-4.977592,0.04450681805610657,0.11100000143051147,0.23829999566078186
YDR384C,YPR132W,0,-4.978273,0.04448897764086723,0.11100000143051147,0.23839999735355377
YLR116W,YBR297W,0,-4.978752,0.04447115212678909,0.11100000143051147,0.23849999904632568
YGR258C,YDL058W,0,-4.97897,0.044453345239162445,0.11100000143051147,0.2386000007390976
YHR163W,YIL106W,0,-4.9789705,0.04443554952740669,0.11100000143051147,0.2387000024318695
YOR327C,YPL043W,0,-4.9790325,0.044417768716812134,0.11100000143051147,0.23880000412464142
YJL071W,YGL227W,0,-4.9790382,0.04439999908208847,0.11100000143051147,0.23890000581741333
YKL193C,YER177W,0,-4.979422,0.0443822480738163,0.11100000143051147,0.23899999260902405
YAL054C,YBR081C,1,-4.9800014,0.044764187186956406,0.1120000034570694,0.23899999260902405
YIL019W,YGL251C,0,-4.9800706,0.04474630579352379,0.1120000034570694,0.23909999430179596
YOL069W,YNL148C,0,-4.9802275,0.04472843557596207,0.1120000034570694,0.23919999599456787
YPL110C,YNR006W,0,-4.980467,0.04471058025956154,0.1120000034570694,0.23929999768733978
YHR204W,YOR003W,0,-4.980809,0.044692736119031906,0.1120000034570694,0.2393999993801117
YNR053C,YJR001W,0,-4.98111,0.044674910604953766,0.1120000034570694,0.2395000010728836
YDR342C,YDL085W,0,-4.9815392,0.04465709626674652,0.1120000034570694,0.23960000276565552
YHR082C,YLR035C,0,-4.98198,0.04463929682970047,0.1120000034570694,0.23970000445842743
YOR308C,YDR323C,0,-4.9822545,0.04462151229381561,0.1120000034570694,0.23980000615119934
YOL076W,YEL066W,1,-4.9827237,0.04500199109315872,0.11299999803304672,0.23980000615119934
YOR317W,YOR253W,1,-4.982988,0.04538216441869736,0.11400000005960464,0.23980000615119934
YDR040C,YOL088C,0,-4.9831867,0.04536410793662071,0.11400000005960464,0.23989999294281006
YGR274C,YGL238W,0,-4.983445,0.04534606263041496,0.11400000005960464,0.23999999463558197
YGL226C-A,YOL146W,0,-4.9838376,0.04532803222537041,0.11400000005960464,0.24009999632835388
YGR083C,YJL203W,0,-4.983859,0.045310016721487045,0.11400000005960464,0.2401999980211258
YER015W,YGR002C,1,-4.9846144,0.045689310878515244,0.11500000208616257,0.2401999980211258
YDR146C,YJR073C,0,-4.9846644,0.045671168714761734,0.11500000208616257,0.2402999997138977
YDR151C,YMR025W,0,-4.984936,0.04565303772687912,0.11500000208616257,0.24040000140666962
YDR258C,YCL044C,0,-4.985441,0.0456349216401577,0.11500000208616257,0.24050000309944153
YOL144W,YLR360W,0,-4.9859667,0.04561682045459747,0.11500000208616257,0.24060000479221344
YPR187W,YOR298C-A,0,-4.986501,0.04559873044490814,0.11500000208616257,0.24070000648498535
YMR044W,YPR075C,0,-4.98684,0.0455806590616703,0.11500000208616257,0.24079999327659607
YDR165W,YDR137W,0,-4.986878,0.04556259885430336,0.11500000208616257,0.24089999496936798
YHR090C,YOR253W,1,-4.9872417,0.045940592885017395,0.11599999666213989,0.24089999496936798
YGR060W,YOR060C,0,-4.987322,0.045922406017780304,0.11599999666213989,0.2409999966621399
YNL247W,YMR049C,0,-4.9875917,0.04590423405170441,0.11599999666213989,0.2410999983549118
YML086C,YPR135W,0,-4.9878798,0.0458860769867897,0.11599999666213989,0.24120000004768372
YEL012W,YAL021C,0,-4.9883537,0.045867931097745895,0.11599999666213989,0.24130000174045563
YPL196W,YJR121W,0,-4.9883776,0.04584980383515358,0.11599999666213989,0.24140000343322754
YDR448W,YAL054C,1,-4.9887023,0.04622678831219673,0.11699999868869781,0.24140000343322754
YDR437W,YLR114C,0,-4.988861,0.04620853066444397,0.11699999868869781,0.24150000512599945
YBL002W,YKL195W,0,-4.9890146,0.0461902879178524,0.11699999868869781,0.24160000681877136
YJL039C,YDL044C,0,-4.989566,0.04617206007242203,0.11699999868869781,0.24169999361038208
YNL312W,YER018C,0,-4.9896383,0.04615384712815285,0.11699999868869781,0.241799995303154
YGL104C,YNL317W,0,-4.989812,0.04613564535975456,0.11699999868869781,0.2418999969959259
YEL016C,YLR264W,0,-4.9898334,0.04611746221780777,0.11699999868869781,0.24199999868869781
YDL112W,YOR087W,0,-4.9904184,0.04609929025173187,0.11699999868869781,0.24210000038146973
YBR159W,YKR085C,0,-4.990512,0.04608113318681717,0.11699999868869781,0.24220000207424164
YLL040C,YEL015W,0,-4.990765,0.04606299102306366,0.11699999868869781,0.24230000376701355
YML130C,YIL154C,0,-4.991797,0.046044863760471344,0.11699999868869781,0.24240000545978546
YNL326C,YOR317W,1,-4.9920435,0.0464201420545578,0.11800000071525574,0.24240000545978546
YLR286C,YOR162C,0,-4.9923563,0.04640188813209534,0.11800000071525574,0.24250000715255737
YFR030W,YFR055W,0,-4.992379,0.04638364911079407,0.11800000071525574,0.2425999939441681
YNL078W,YLR332W,0,-4.993142,0.04636542126536369,0.11800000071525574,0.24269999563694
YML075C,YJL166W,0,-4.9932365,0.04634721204638481,0.11800000071525574,0.24279999732971191
YOL117W,YKL001C,0,-4.993633,0.046329014003276825,0.11800000071525574,0.24289999902248383
YLR223C,YCR081W,0,-4.994071,0.04631083086133003,0.11800000071525574,0.24300000071525574
YPL163C,YDR113C,0,-4.9944882,0.046292662620544434,0.11800000071525574,0.24310000240802765
YMR116C,YBL074C,0,-4.994495,0.04627450928092003,0.11800000071525574,0.24320000410079956
YOR115C,YKR020W,0,-4.996117,0.04625637084245682,0.11800000071525574,0.24330000579357147
YHR099W,YMR246W,1,-4.9961348,0.046630095690488815,0.11900000274181366,0.24330000579357147
YOR036W,YBR250W,0,-4.9962535,0.04661183059215546,0.11900000274181366,0.2433999925851822
YNL036W,YPL008W,0,-4.996255,0.04659358039498329,0.11900000274181366,0.2434999942779541
YHR090C,YDR392W,1,-4.996508,0.046966731548309326,0.11999999731779099,0.2434999942779541
YDR270W,YFR034C,0,-4.9966345,0.04694835841655731,0.11999999731779099,0.243599995970726
YGL094C,YJL034W,0,-4.9968348,0.04692999646067619,0.11999999731779099,0.24369999766349792
YBR136W,YBR040W,0,-4.996868,0.04691164940595627,0.11999999731779099,0.24379999935626984
YDR317W,YPR175W,0,-4.9970746,0.04689331725239754,0.11999999731779099,0.24390000104904175
YOR003W,YDR323C,0,-4.9971023,0.046875,0.11999999731779099,0.24400000274181366
YJL048C,YGR059W,0,-4.9974804,0.04685669764876366,0.11999999731779099,0.24410000443458557
YMR011W,YFL021W,0,-4.9976053,0.04683840647339821,0.11999999731779099,0.24420000612735748
YIL084C,YOL115W,0,-4.997958,0.04682013392448425,0.11999999731779099,0.2442999929189682
YDR478W,YPR002W,0,-4.998663,0.04680187255144119,0.11999999731779099,0.2443999946117401
YBR068C,YNL020C,0,-4.9987516,0.046783626079559326,0.11999999731779099,0.24449999630451202
YBR020W,YNL142W,0,-4.9987545,0.046765394508838654,0.11999999731779099,0.24459999799728394
YOR313C,YKL146W,0,-4.999072,0.046747174113988876,0.11999999731779099,0.24469999969005585
YDR545W,YMR006C,0,-4.9996195,0.04672897234559059,0.11999999731779099,0.24480000138282776
YOR377W,YML064C,0,-4.99997,0.0467107817530632,0.11999999731779099,0.24490000307559967
YDR460W,YGR123C,0,-5.0007086,0.046692606061697006,0.11999999731779099,0.24500000476837158
YEL053C,YGR252W,1,-5.001662,0.047063399106264114,0.12099999934434891,0.24500000476837158
YBL022C,YER088C,0,-5.0016627,0.04704510048031807,0.12099999934434891,0.2451000064611435
YNR053C,YLR228C,0,-5.0017323,0.04702681675553322,0.12099999934434891,0.2451999932527542
YPL006W,YHR060W,0,-5.0018497,0.04700854793190956,0.12099999934434891,0.24529999494552612
YNL139C,YDR432W,0,-5.002296,0.0469902902841568,0.12099999934434891,0.24539999663829803
YNL156C,YPL202C,0,-5.00231,0.04697205126285553,0.12099999934434891,0.24549999833106995
YDR268W,YGR113W,0,-5.0024104,0.046953823417425156,0.12099999934434891,0.24560000002384186
YPR193C,YPL001W,1,-5.0033712,0.04732350632548332,0.12200000137090683,0.24560000002384186
YLR335W,YHR075C,0,-5.0033894,0.0473051555454731,0.12200000137090683,0.24570000171661377
YDR398W,YOL164W,0,-5.0040183,0.04728682339191437,0.12200000137090683,0.24580000340938568
YBL097W,YBR201W,0,-5.0053287,0.04726850241422653,0.12200000137090683,0.2459000051021576
YLR340W,YKL042W,0,-5.005459,0.04725019261240959,0.12200000137090683,0.2460000067949295
YDL087C,YNL216W,0,-5.0059032,0.047231901437044144,0.12200000137090683,0.24609999358654022
YDR040C,YLR148W,0,-5.006177,0.04721362143754959,0.12200000137090683,0.24619999527931213
YGR112W,YHR165C,0,-5.0063343,0.04719535633921623,0.12200000137090683,0.24629999697208405
YBL106C,YFR009W,0,-5.006794,0.04717710614204407,0.12200000137090683,0.24639999866485596
YFL016C,YGL240W,0,-5.0069456,0.047158870846033096,0.12200000137090683,0.24650000035762787
YGR224W,YPR201W,0,-5.0074873,0.04714065045118332,0.12200000137090683,0.24660000205039978
YAL051W,YPR191W,0,-5.0086546,0.04712244123220444,0.12200000137090683,0.2467000037431717
YCR020C-A,YHR090C,1,-5.0087166,0.04749034717679024,0.12300000339746475,0.2467000037431717
YPL047W,YBR097W,0,-5.0087566,0.047472018748521805,0.12300000339746475,0.2468000054359436
YBR276C,YCR020W-B,0,-5.0087767,0.047453705221414566,0.12300000339746475,0.24690000712871552
YBL014C,YDR473C,0,-5.009053,0.04743540287017822,0.12300000339746475,0.24699999392032623
YMR284W,YDR545W,0,-5.009301,0.04741711542010307,0.12300000339746475,0.24709999561309814
YOL006C,YOR226C,0,-5.0094147,0.04739884287118912,0.12300000339746475,0.24719999730587006
YBR048W,YML121W,0,-5.01,0.047380585223436356,0.12300000339746475,0.24729999899864197
YKR067W,YLR155C,0,-5.0101824,0.04736234247684479,0.12300000339746475,0.24740000069141388
YDR255C,YDR318W,0,-5.01034,0.047344110906124115,0.12300000339746475,0.2475000023841858
YJL056C,YAR007C,0,-5.0127206,0.047325894236564636,0.12300000339746475,0.2476000040769577
YML025C,YGL175C,0,-5.0133986,0.04730769246816635,0.12300000339746475,0.24770000576972961
YDR258C,YPL137C,0,-5.0137587,0.04728950560092926,0.12300000339746475,0.24779999256134033
YER053C,YBL040C,0,-5.0139036,0.047271329909563065,0.12300000339746475,0.24789999425411224
YGR075C,YER002W,0,-5.0144205,0.04725316911935806,0.12300000339746475,0.24799999594688416
YLR080W,YNL297C,0,-5.0147543,0.047235023230314255,0.12300000339746475,0.24809999763965607
YNL072W,YJL024C,0,-5.0149355,0.04721689224243164,0.12300000339746475,0.24819999933242798
YIL084C,YDR146C,0,-5.015336,0.04719877243041992,0.12300000339746475,0.2483000010251999
YML107C,YNR043W,0,-5.015481,0.0471806675195694,0.12300000339746475,0.2484000027179718
YPL152W,YOR030W,0,-5.0155163,0.047162577509880066,0.12300000339746475,0.2485000044107437
YBR182C,YBR240C,0,-5.0157433,0.04714449867606163,0.12300000339746475,0.24860000610351562
YOL069W,YLR074C,0,-5.015898,0.04712643846869469,0.12300000339746475,0.24869999289512634
YLR044C,YLR189C,0,-5.0160017,0.04710838943719864,0.12300000339746475,0.24879999458789825
YLR450W,YKR054C,0,-5.016019,0.047090351581573486,0.12300000339746475,0.24889999628067017
YNL197C,YGR247W,0,-5.0160737,0.047072332352399826,0.12300000339746475,0.24899999797344208
YAL051W,YIL117C,0,-5.016305,0.04705432429909706,0.12300000339746475,0.249099999666214
YIL037C,YEL032W,0,-5.016617,0.04703632742166519,0.12300000339746475,0.2492000013589859
YPL174C,YHR068W,0,-5.0168023,0.047018349170684814,0.12300000339746475,0.2493000030517578
YGL115W,YGR109C,0,-5.0168805,0.04700038209557533,0.12300000339746475,0.24940000474452972
YHR099W,YGR252W,1,-5.016885,0.04736439883708954,0.12399999797344208,0.24940000474452972
YFL055W,YBR182C,0,-5.016947,0.047346316277980804,0.12399999797344208,0.24950000643730164
YIL109C,YJL214W,0,-5.017075,0.047328244894742966,0.12399999797344208,0.24959999322891235
YMR284W,YNL334C,0,-5.017564,0.04731018841266632,0.12399999797344208,0.24969999492168427
YMR183C,YCR107W,0,-5.017882,0.04729214310646057,0.12399999797344208,0.24979999661445618
YCL010C,YMR246W,1,-5.017931,0.04765535518527031,0.125,0.24979999661445618
YLR190W,YDL031W,0,-5.0180225,0.04763719439506531,0.125,0.2498999983072281
YKL193C,YPR139C,0,-5.018627,0.0476190485060215,0.125,0.25
YGR218W,YAL038W,0,-5.0188937,0.04760091379284859,0.125,0.2500999867916107
YLR410W,YDR030C,0,-5.0193167,0.04758279398083687,0.125,0.2502000033855438
YLR160C,YLR309C,0,-5.0195627,0.04756468906998634,0.125,0.25029999017715454
YGR218W,YML032C,0,-5.0198364,0.047546595335006714,0.125,0.25040000677108765
YGR245C,YFL059W,0,-5.0200696,0.04752851650118828,0.125,0.25049999356269836
YPR134W,YOL122C,0,-5.0205016,0.047510452568531036,0.125,0.25060001015663147
YPR101W,YKL143W,0,-5.0209227,0.04749239981174469,0.125,0.2506999969482422
YLR075W,YPL121C,0,-5.0214972,0.047474365681409836,0.125,0.2508000135421753
YGR014W,YDR270W,0,-5.0217657,0.04745633900165558,0.125,0.250900000333786
YAR019C,YBR022W,0,-5.0218477,0.047438330948352814,0.125,0.25099998712539673
YOL165C,YBR175W,0,-5.0223727,0.047420334070920944,0.125,0.25110000371932983
YER174C,YGR248W,0,-5.022642,0.04740235209465027,0.125,0.25119999051094055
YPR124W,YML094W,0,-5.023215,0.04738438129425049,0.125,0.25130000710487366
YOR147W,YDR060W,0,-5.0238295,0.0473664253950119,0.125,0.2513999938964844
YOR150W,YJL056C,0,-5.0241547,0.04734848439693451,0.125,0.2515000104904175
YKL205W,YLR363C,0,-5.0250645,0.04733055830001831,0.125,0.2515999972820282
YHL022C,YJR050W,0,-5.0253267,0.04731264337897301,0.125,0.2517000138759613
YPL097W,YMR129W,0,-5.0254374,0.0472947396337986,0.125,0.251800000667572
YML034W,YGR165W,0,-5.025574,0.047276854515075684,0.125,0.25189998745918274
YPR005C,YLR438C-A,0,-5.0261607,0.04725898057222366,0.125,0.25200000405311584
YGR289C,YMR145C,0,-5.028327,0.04724111780524254,0.125,0.25209999084472656
YBR118W,YER032W,0,-5.028329,0.04722326993942261,0.125,0.25220000743865967
YBR136W,YLR011W,0,-5.0283475,0.04720543697476387,0.125,0.2522999942302704
YOR127W,YOR060C,0,-5.0283957,0.04718761891126633,0.125,0.2524000108242035
YBR015C,YHR172W,0,-5.0284424,0.04716981202363968,0.125,0.2524999976158142
YDL232W,YDR283C,0,-5.029065,0.047152016311883926,0.125,0.2526000142097473
YER005W,YOR063W,0,-5.029559,0.047134239226579666,0.125,0.25270000100135803
YFL025C,YLR429W,0,-5.029698,0.0471164733171463,0.125,0.25279998779296875
YLR113W,YKL089W,0,-5.0301304,0.04709871858358383,0.125,0.25290000438690186
YOL110W,YHR090C,1,-5.0301604,0.047457627952098846,0.12600000202655792,0.25290000438690186
YPL047W,YGR224W,0,-5.030393,0.047439757734537125,0.12600000202655792,0.2529999911785126
YMR182C,YJR033C,0,-5.0312834,0.047421906143426895,0.12600000202655792,0.2531000077724457
YML104C,YOL142W,0,-5.0313816,0.04740406200289726,0.12600000202655792,0.2531999945640564
YPL121C,YLR148W,0,-5.0317945,0.04738623648881912,0.12600000202655792,0.2533000111579895
YAL034W-A,YLR008C,0,-5.032232,0.04736842215061188,0.12600000202655792,0.2533999979496002
YAR003W,YEL054C,0,-5.032416,0.04735061898827553,0.12600000202655792,0.2535000145435333
YHR160C,YBR193C,0,-5.0332212,0.04733283072710037,0.12600000202655792,0.25360000133514404
YMR143W,YBR297W,0,-5.0336404,0.04731505736708641,0.12600000202655792,0.25369998812675476
YBL050W,YPR094W,0,-5.034384,0.04729729890823364,0.12600000202655792,0.25380000472068787
YEL053C,YGR002C,1,-5.034425,0.047654785215854645,0.12700000405311584,0.25380000472068787
YPR051W,YHR099W,1,-5.034726,0.04801200330257416,0.12800000607967377,0.25380000472068787
YBR250W,YCR081W,0,-5.0352387,0.04799399897456169,0.12800000607967377,0.2538999915122986
YOL108C,YCL066W,0,-5.035389,0.04797601327300072,0.12800000607967377,0.2540000081062317
YBR136W,YPR108W,0,-5.035861,0.04795803502202034,0.12800000607967377,0.2540999948978424
YMR101C,YDR276C,0,-5.036141,0.047940075397491455,0.12800000607967377,0.2542000114917755
YOL147C,YMR058W,0,-5.0372324,0.047922126948833466,0.12800000607967377,0.25429999828338623
YJL214W,YPL092W,0,-5.0372963,0.04790419340133667,0.12800000607967377,0.25440001487731934
YLR205C,YBR216C,0,-5.037628,0.04788627102971077,0.12800000607967377,0.25450000166893005
YAL001C,YCR035C,0,-5.0376463,0.04786836355924606,0.12800000607967377,0.25459998846054077
YDL033C,YLR102C,0,-5.037663,0.04785046726465225,0.12800000607967377,0.2547000050544739
YGR231C,YCR107W,0,-5.0382266,0.047832585871219635,0.12800000607967377,0.2547999918460846
YFL057C,YGR167W,0,-5.038227,0.04781471937894821,0.12800000607967377,0.2549000084400177
YPL001W,YBR081C,1,-5.038328,0.04817027598619461,0.1289999932050705,0.2549000084400177
YBL106C,YKL064W,0,-5.0388947,0.048152294009923935,0.1289999932050705,0.2549999952316284
YNL333W,YLR268W,0,-5.0390186,0.04813432693481445,0.1289999932050705,0.2551000118255615
YGR211W,YCR107W,0,-5.0391016,0.048116374760866165,0.1289999932050705,0.25519999861717224
YEL020W-A,YGL099W,0,-5.0398703,0.04809843376278877,0.1289999932050705,0.25529998540878296
YDL217C,YNL278W,0,-5.04066,0.048080507665872574,0.1289999932050705,0.25540000200271606
YPR001W,YDR224C,0,-5.0417004,0.04806259274482727,0.1289999932050705,0.2554999887943268
YGL222C,YJR132W,0,-5.0417404,0.04804469272494316,0.1289999932050705,0.2556000053882599
YLL018C-A,YBR274W,0,-5.041834,0.04802680388092995,0.1289999932050705,0.2556999921798706
YMR199W,YIL109C,0,-5.0423727,0.048008933663368225,0.1289999932050705,0.2558000087738037
YPR033C,YAR003W,0,-5.042549,0.0479910708963871,0.1289999932050705,0.25589999556541443
YPR102C,YKL092C,0,-5.042876,0.04797322303056717,0.1289999932050705,0.25600001215934753
YPL086C,YER068W,0,-5.04341,0.04795539006590843,0.1289999932050705,0.25609999895095825
YKL016C,YFR053C,0,-5.0435896,0.04793756827712059,0.1289999932050705,0.25619998574256897
YAL001C,YPR065W,0,-5.0441113,0.04791976138949394,0.1289999932050705,0.2563000023365021
YDR135C,YPL125W,0,-5.044161,0.04790196940302849,0.1289999932050705,0.2563999891281128
YPR137W,YPR054W,0,-5.0443726,0.04788418859243393,0.1289999932050705,0.2565000057220459
YGR274C,YKL009W,0,-5.044406,0.047866418957710266,0.1289999932050705,0.2565999925136566
YLR084C,YOR058C,0,-5.0448837,0.0478486642241478,0.1289999932050705,0.2567000091075897
YPR131C,YBR081C,1,-5.044889,0.048201706260442734,0.12999999523162842,0.2567000091075897
YGL144C,YFL004W,0,-5.0449796,0.04818383976817131,0.12999999523162842,0.25679999589920044
YLR377C,YGR218W,0,-5.045312,0.04816598817706108,0.12999999523162842,0.25690001249313354
YER122C,YDR165W,0,-5.0455475,0.04814814776182175,0.12999999523162842,0.25699999928474426
YNL001W,YBR156C,0,-5.045759,0.04813032224774361,0.12999999523162842,0.257099986076355
YJR125C,YLR045C,0,-5.0459714,0.04811250790953636,0.12999999523162842,0.2572000026702881
YPR193C,YJL115W,1,-5.046069,0.04846466705203056,0.13099999725818634,0.2572000026702881
YLR075W,YEL071W,0,-5.0461226,0.04844674468040466,0.13099999725818634,0.2572999894618988
YDL116W,YBR038W,0,-5.047018,0.04842883720993996,0.13099999725818634,0.2574000060558319
YDR427W,YHR082C,0,-5.047349,0.04841093719005585,0.13099999725818634,0.2574999928474426
YJL099W,YJL164C,0,-5.048181,0.04839305579662323,0.13099999725818634,0.25760000944137573
YOR270C,YDL030W,0,-5.0488935,0.04837518557906151,0.13099999725818634,0.25769999623298645
YGL144C,YKL178C,0,-5.0491014,0.04835732653737068,0.13099999725818634,0.25780001282691956
YCR088W,YMR078C,0,-5.049555,0.04833948239684105,0.13099999725818634,0.2578999996185303
YGR191W,YDR365C,0,-5.0495834,0.04832165315747261,0.13099999725818634,0.257999986410141
YDR342C,YPR138C,0,-5.049841,0.04830383509397507,0.13099999725818634,0.2581000030040741
YNL327W,YJR094C,0,-5.050108,0.04828603193163872,0.13099999725818634,0.2581999897956848
YOL026C,YBR143C,0,-5.0505867,0.048268239945173264,0.13099999725818634,0.2583000063896179
YPL237W,YPR176C,0,-5.050688,0.048250459134578705,0.13099999725818634,0.25839999318122864
YER024W,YHR120W,0,-5.050729,0.04823269695043564,0.13099999725818634,0.25850000977516174
YOR317W,YOR023C,1,-5.0517335,0.04858299717307091,0.13199999928474426,0.25850000977516174
YOL076W,YGR147C,1,-5.052762,0.04893304035067558,0.13300000131130219,0.25850000977516174
YCR061W,YLR113W,0,-5.053135,0.04891504347324371,0.13300000131130219,0.25859999656677246
YNL054W,YOR182C,0,-5.0531874,0.04889705777168274,0.13300000131130219,0.25870001316070557
YIL056W,YPL016W,0,-5.0537877,0.04887908697128296,0.13300000131130219,0.2587999999523163
YPR128C,YKL143W,0,-5.0540223,0.04886113107204437,0.13300000131130219,0.258899986743927
YDL039C,YLR410W,0,-5.054494,0.04884318634867668,0.13300000131130219,0.2590000033378601
YFL058W,YJL090C,0,-5.0545936,0.048825256526470184,0.13300000131130219,0.2590999901294708
YDR436W,YKL117W,0,-5.055072,0.04880733788013458,0.13300000131130219,0.25920000672340393
YLR135W,YGR142W,0,-5.0560684,0.048789434134960175,0.13300000131130219,0.25929999351501465
YBL042C,YOL113W,0,-5.056311,0.04877154529094696,0.13300000131130219,0.25940001010894775
YBL078C,YGL175C,0,-5.056382,0.04875366389751434,0.13300000131130219,0.25949999690055847
YOR344C,YHR060W,0,-5.0566463,0.04873580113053322,0.13300000131130219,0.2596000134944916
YNL242W,YJR094C,0,-5.0567627,0.04871794953942299,0.13300000131130219,0.2597000002861023
YHR160C,YGL021W,0,-5.0569253,0.048700109124183655,0.13300000131130219,0.259799987077713
YPL140C,YKR050W,0,-5.0573936,0.048682283610105515,0.13300000131130219,0.2599000036716461
YOL093W,YLR155C,0,-5.057521,0.04866447299718857,0.13300000131130219,0.25999999046325684
YOL017W,YDR028C,0,-5.057785,0.04864666983485222,0.13300000131130219,0.26010000705718994
YLR452C,YGL256W,0,-5.0578384,0.04862888529896736,0.13300000131130219,0.26019999384880066
YLL018C-A,YPL043W,0,-5.0580735,0.0486111119389534,0.13300000131130219,0.26030001044273376
YLR190W,YGR119C,0,-5.058101,0.04859334975481033,0.13300000131130219,0.2603999972343445
YDR076W,YNL002C,0,-5.058198,0.04857560247182846,0.13300000131130219,0.2605000138282776
YGL180W,YDR363W,0,-5.05834,0.048557866364717484,0.13300000131130219,0.2606000006198883
YGR217W,YLR145W,0,-5.0584946,0.0485401451587677,0.13300000131130219,0.260699987411499
YGR086C,YEL065W,0,-5.058897,0.04852243885397911,0.13300000131130219,0.26080000400543213
YIL036W,YKL092C,0,-5.0589685,0.04850473999977112,0.13300000131130219,0.26089999079704285
YGR288W,YDR057W,0,-5.0594845,0.04848705977201462,0.13300000131130219,0.26100000739097595
YHL038C,YLR028C,0,-5.0596647,0.048469386994838715,0.13300000131130219,0.26109999418258667
YDL138W,YDR359C,0,-5.059869,0.048451729118824005,0.13300000131130219,0.2612000107765198
YFL050C,YML088W,0,-5.060504,0.04843408614397049,0.13300000131130219,0.2612999975681305
YOL089C,YLR275W,0,-5.060773,0.04841645434498787,0.13300000131130219,0.2614000141620636
YBL074C,YPR143W,0,-5.0609565,0.048398833721876144,0.13300000131130219,0.2615000009536743
YNL311C,YMR238W,0,-5.0611563,0.04838122799992561,0.13300000131130219,0.26159998774528503
YNL243W,YEL024W,0,-5.0617156,0.048363637179136276,0.13300000131130219,0.26170000433921814
YCL038C,YBL003C,0,-5.0621877,0.048346057534217834,0.13300000131130219,0.26179999113082886
YHL047C,YGR276C,0,-5.0624175,0.04832848906517029,0.13300000131130219,0.26190000772476196
YIL131C,YPL195W,0,-5.06318,0.04831093177199364,0.13300000131130219,0.2619999945163727
YAL054C,YHR090C,1,-5.0635896,0.04865650087594986,0.1340000033378601,0.2619999945163727
YNL310C,YMR237W,0,-5.0637627,0.04863883927464485,0.1340000033378601,0.2621000111103058
YJR137C,YMR044W,0,-5.0640864,0.04862118884921074,0.1340000033378601,0.2621999979019165
YJR091C,YMR023C,0,-5.0641413,0.04860355332493782,0.1340000033378601,0.2623000144958496
YER190W,YAL002W,0,-5.064803,0.048585932701826096,0.1340000033378601,0.2624000012874603
YML007W,YJR139C,0,-5.0650263,0.048568323254585266,0.1340000033378601,0.26249998807907104
YMR149W,YOR308C,0,-5.065194,0.04855072498321533,0.1340000033378601,0.26260000467300415
YLR452C,YML093W,0,-5.0652676,0.04853314161300659,0.1340000033378601,0.26269999146461487
YGL205W,YCR072C,0,-5.0662823,0.04851556941866875,0.1340000033378601,0.262800008058548
YNL209W,YMR065W,0,-5.0672784,0.0484980084002018,0.1340000033378601,0.2628999948501587
YOR290C,YDR270W,0,-5.067355,0.04848046228289604,0.1340000033378601,0.2630000114440918
YGR186W,YDR449C,0,-5.0674057,0.04846293106675148,0.1340000033378601,0.2630999982357025
YIL128W,YPR175W,0,-5.067421,0.048445407301187515,0.1340000033378601,0.2632000148296356
YOR226C,YOL090W,0,-5.0677404,0.048427898436784744,0.1340000033378601,0.26330000162124634
YDR420W,YJR112W,0,-5.0682077,0.04841040447354317,0.1340000033378601,0.26339998841285706
YNL247W,YPR143W,0,-5.068217,0.048392921686172485,0.1340000033378601,0.26350000500679016
YGL094C,YPL086C,0,-5.0682244,0.0483754500746727,0.1340000033378601,0.2635999917984009
YGL054C,YPL133C,0,-5.0684667,0.048357993364334106,0.1340000033378601,0.263700008392334
YOL148C,YBR084W,1,-5.068641,0.048701297491788864,0.13500000536441803,0.263700008392334
YOR106W,YDL007W,0,-5.068877,0.048683736473321915,0.13500000536441803,0.2637999951839447
YNL243W,YCR005C,0,-5.0696783,0.04866618663072586,0.13500000536441803,0.2639000117778778
YML107C,YGR113W,0,-5.070343,0.0486486479640007,0.13500000536441803,0.2639999985694885
YNR067C,YKR053C,0,-5.0705037,0.04863112419843674,0.13500000536441803,0.26409998536109924
YJL081C,YMR246W,1,-5.0705447,0.04897371307015419,0.13600000739097595,0.26409998536109924
YML123C,YGL257C,0,-5.070691,0.04895608499646187,0.13600000739097595,0.26420000195503235
YGR229C,YPR055W,0,-5.0706997,0.04893846809864044,0.13600000739097595,0.26429998874664307
YIL038C,YHL040C,0,-5.0707245,0.04892086237668991,0.13600000739097595,0.26440000534057617
YOR061W,YOR003W,0,-5.071042,0.048903271555900574,0.13600000739097595,0.2644999921321869
YPR164W,YGR112W,0,-5.0711336,0.04888569191098213,0.13600000739097595,0.26460000872612
YPR083W,YKL193C,0,-5.0713477,0.048868127167224884,0.13600000739097595,0.2646999955177307
YNL247W,YOR056C,0,-5.071457,0.04885057359933853,0.13600000739097595,0.2648000121116638
YOR346W,YGR167W,0,-5.0714674,0.04883303493261337,0.13600000739097595,0.26489999890327454
YKL173W,YAR007C,0,-5.071845,0.04881550744175911,0.13600000739097595,0.26499998569488525
YLR055C,YLR264W,0,-5.072248,0.04879799112677574,0.13600000739097595,0.26510000228881836
YJL061W,YLR135W,0,-5.072741,0.04878048598766327,0.13600000739097595,0.2651999890804291
YDR243C,YDR213W,0,-5.0729027,0.04876299574971199,0.13600000739097595,0.2653000056743622
YDR483W,YLR377C,0,-5.073306,0.048745520412921906,0.13600000739097595,0.2653999924659729
YNL091W,YML113W,0,-5.0733833,0.048728056252002716,0.13600000739097595,0.265500009059906
YCR042C,YPL063W,0,-5.073384,0.04871060326695442,0.13600000739097595,0.2655999958515167
YGL240W,YEL026W,0,-5.0734797,0.04869316145777702,0.13600000739097595,0.26570001244544983
YGR286C,YPR001W,0,-5.0741725,0.04867573454976082,0.13600000739097595,0.26579999923706055
YGL153W,YGL192W,0,-5.074401,0.04865831881761551,0.13600000739097595,0.26589998602867126
YIL115C,YPL181W,0,-5.0746365,0.048640914261341095,0.13600000739097595,0.26600000262260437
YER120W,YDR295C,0,-5.074704,0.048623524606227875,0.13600000739097595,0.2660999894142151
YCL008C,YHL048W,0,-5.0747976,0.04860614612698555,0.13600000739097595,0.2662000060081482
YML058W,YOR298C-A,0,-5.0748935,0.04858878254890442,0.13600000739097595,0.2662999927997589
YKL173W,YOR113W,0,-5.0751314,0.04857143014669418,0.13600000739097595,0.266400009393692
YPL249C,YDR457W,0,-5.0751414,0.04855408892035484,0.13600000739097595,0.26649999618530273
YNL047C,YDR343C,0,-5.075527,0.0485367588698864,0.13600000739097595,0.26660001277923584
YDR182W,YDR394W,0,-5.0762043,0.04851944372057915,0.13600000739097595,0.26669999957084656
YNL218W,YPL176C,0,-5.0762672,0.04850213974714279,0.13600000739097595,0.2667999863624573
YGR037C,YGR179C,0,-5.0763884,0.04848484694957733,0.13600000739097595,0.2669000029563904
YCR061W,YCR071C,0,-5.0767803,0.048467569053173065,0.13600000739097595,0.2669999897480011
YCL025C,YHL022C,0,-5.0774474,0.048450302332639694,0.13600000739097595,0.2671000063419342
YNL258C,YOR003W,0,-5.077651,0.04843304678797722,0.13600000739097595,0.2671999931335449
YBR012W-A,YDL188C,0,-5.077738,0.04841580614447594,0.13600000739097595,0.267300009727478
YHR194W,YDR038C,0,-5.077977,0.04839857667684555,0.13600000739097595,0.26739999651908875
YNR010W,YLR438C-A,0,-5.078218,0.04838135838508606,0.13600000739097595,0.26750001311302185
YPL007C,YDL029W,0,-5.0784206,0.04836415499448776,0.13600000739097595,0.26759999990463257
YOR344C,YBR068C,0,-5.0784893,0.04834695905447006,0.13600000739097595,0.2676999866962433
YPR191W,YDR246W,0,-5.0786304,0.048329778015613556,0.13600000739097595,0.2678000032901764
YLR418C,YOR137C,0,-5.0787296,0.04831261187791824,0.13600000739097595,0.2678999900817871
YDR264C,YPL001W,1,-5.0790806,0.04865056648850441,0.13699999451637268,0.2678999900817871
YGR276C,YGR188C,0,-5.0792446,0.04863329604268074,0.13699999451637268,0.2680000066757202
YFR019W,YLR295C,0,-5.07942,0.048616040498018265,0.13699999451637268,0.26809999346733093
YMR270C,YGL078C,0,-5.079523,0.048598792403936386,0.13699999451637268,0.26820001006126404
YPR107C,YJL117W,0,-5.0796595,0.0485815592110157,0.13699999451637268,0.26829999685287476
YKL178C,YHR186C,0,-5.0797863,0.04856433719396591,0.13699999451637268,0.26840001344680786
YMR055C,YAL013W,0,-5.0798254,0.048547130078077316,0.13699999451637268,0.2685000002384186
YDL047W,YEL065W,0,-5.079937,0.048529934138059616,0.13699999451637268,0.2685999870300293
YDL043C,YDR353W,0,-5.0799437,0.04851274937391281,0.13699999451637268,0.2687000036239624
YNR046W,YER106W,0,-5.080412,0.0484955757856369,0.13699999451637268,0.2687999904155731
YOL040C,YMR288W,0,-5.0806074,0.04847841337323189,0.13699999451637268,0.2689000070095062
YFL017W-A,YOL011W,0,-5.080664,0.04846126586198807,0.13699999451637268,0.26899999380111694
YDR255C,YBL015W,0,-5.080781,0.04844412952661514,0.13699999451637268,0.26910001039505005
YML069W,YPR010C,0,-5.081144,0.04842700436711311,0.13699999451637268,0.26919999718666077
YEL056W,YDR145W,1,-5.081502,0.048763249069452286,0.1379999965429306,0.26919999718666077
YOL055C,YBR156C,0,-5.0815754,0.048746027052402496,0.1379999965429306,0.26930001378059387
YLL003W,YCR028C-A,0,-5.0819483,0.048728812485933304,0.1379999965429306,0.2694000005722046
YKL205W,YER109C,0,-5.0822344,0.048711612820625305,0.1379999965429306,0.2694999873638153
YPL116W,YER008C,0,-5.083378,0.0486944243311882,0.1379999965429306,0.2696000039577484
YPL015C,YGR258C,0,-5.0837207,0.048677247017621994,0.1379999965429306,0.26969999074935913
YJR119C,YMR197C,0,-5.083958,0.04866008460521698,0.1379999965429306,0.26980000734329224
YEL029C,YGL017W,0,-5.084016,0.04864293336868286,0.1379999965429306,0.26989999413490295
YHR099W,YHR090C,1,-5.08494,0.04897815361618996,0.13899999856948853,0.26989999413490295
YHL040C,YGR103W,0,-5.085186,0.04896090179681778,0.13899999856948853,0.27000001072883606
YFL023W,YIL105C,0,-5.0858936,0.0489436611533165,0.13899999856948853,0.2700999975204468
YPR031W,YCR020C-A,1,-5.085982,0.04927842319011688,0.14000000059604645,0.2700999975204468
YJR052W,YHR088W,0,-5.086412,0.04926108196377754,0.14000000059604645,0.2702000141143799
YFL010W-A,YOR094W,0,-5.0865984,0.049243755638599396,0.14000000059604645,0.2703000009059906
YOR081C,YJL183W,0,-5.086767,0.049226440489292145,0.14000000059604645,0.2703999876976013
YBL097W,YGL045W,0,-5.0869083,0.04920914024114609,0.14000000059604645,0.2705000042915344
YPL160W,YNL103W,0,-5.086997,0.04919184744358063,0.14000000059604645,0.27059999108314514
YHL025W,YDL101C,0,-5.087022,0.04917456954717636,0.14000000059604645,0.27070000767707825
YIL017C,YGR089W,0,-5.087099,0.04915730282664299,0.14000000059604645,0.27079999446868896
YPL083C,YPL057C,0,-5.087745,0.049140047281980515,0.14000000059604645,0.27090001106262207
YLR467W,YFR002W,0,-5.0880246,0.04912280663847923,0.14000000059604645,0.2709999978542328
YNR030W,YHL022C,0,-5.088169,0.049105577170848846,0.14000000059604645,0.2711000144481659
YHR005C-A,YDL155W,0,-5.088538,0.049088358879089355,0.14000000059604645,0.2712000012397766
YEL032W,YML032C,0,-5.088885,0.04907115176320076,0.14000000059604645,0.27129998803138733
YDR097C,YLR045C,0,-5.088891,0.04905395954847336,0.14000000059604645,0.27140000462532043
YCL001W,YFR003C,0,-5.0889187,0.04903677850961685,0.14000000059604645,0.27149999141693115
YDR013W,YHR091C,0,-5.0890503,0.04901960864663124,0.14000000059604645,0.27160000801086426
YDR453C,YJL173C,0,-5.089095,0.049002449959516525,0.14000000059604645,0.271699994802475
YER110C,YOR351C,0,-5.0893726,0.048985306173563004,0.14000000059604645,0.2718000113964081
YHR094C,YPR154W,0,-5.089696,0.04896816983819008,0.14000000059604645,0.2718999981880188
YDL161W,YNL102W,0,-5.089842,0.04895104840397835,0.14000000059604645,0.2720000147819519
YDL043C,YDL200C,0,-5.090534,0.04893393814563751,0.14000000059604645,0.2721000015735626
YML086C,YPR055W,0,-5.090953,0.04891684278845787,0.14000000059604645,0.27219998836517334
YJL173C,YOR033C,0,-5.090971,0.048899754881858826,0.14000000059604645,0.27230000495910645
YIL120W,YHR174W,0,-5.0916176,0.048882681876420975,0.14000000059604645,0.27239999175071716
YDL209C,YCL069W,0,-5.091741,0.04886562004685402,0.14000000059604645,0.27250000834465027
YOR272W,YGR098C,0,-5.0919642,0.04884856939315796,0.14000000059604645,0.272599995136261
YBR058C-A,YER018C,0,-5.092196,0.048831529915332794,0.14000000059604645,0.2727000117301941
YCR020W-B,YFL060C,0,-5.0926175,0.04881450533866882,0.14000000059604645,0.2727999985218048
YJR156C,YBR040W,0,-5.0926704,0.04879749193787575,0.14000000059604645,0.2728999853134155
YBR084W,YDR264C,1,-5.0928097,0.04912891983985901,0.14100000262260437,0.2728999853134155
YPL192C,YER168C,0,-5.0930705,0.04911180958151817,0.14100000262260437,0.27300000190734863
YFR024C-A,YJR139C,0,-5.093256,0.049094706773757935,0.14100000262260437,0.27309998869895935
YJL099W,YDR303C,0,-5.0935216,0.04907761886715889,0.14100000262260437,0.27320000529289246
YOR047C,YLR170C,0,-5.093624,0.04906054213643074,0.14100000262260437,0.2732999920845032
YNR053C,YDR039C,0,-5.093815,0.049043476581573486,0.14100000262260437,0.2734000086784363
YML059C,YLR035C,0,-5.0940514,0.049026425927877426,0.14100000262260437,0.273499995470047
YBR102C,YJR097W,0,-5.0941987,0.04900938645005226,0.14100000262260437,0.2736000120639801
YDR159W,YDL190C,0,-5.094613,0.048992354422807693,0.14100000262260437,0.2736999988555908
YFL024C,YGL112C,1,-5.0950413,0.04932267963886261,0.1420000046491623,0.2736999988555908
YAR015W,YGR055W,0,-5.0952883,0.04930555447936058,0.1420000046491623,0.27379998564720154
YHR108W,YDR427W,0,-5.0954385,0.049288440495729446,0.1420000046491623,0.27390000224113464
YHR005C-A,YDR156W,0,-5.0958104,0.04927133768796921,0.1420000046491623,0.27399998903274536
YDL198C,YDR191W,0,-5.0959167,0.04925424978137016,0.1420000046491623,0.27410000562667847
YPR193C,YGR002C,1,-5.096058,0.04958391189575195,0.14300000667572021,0.27410000562667847
YJL063C,YOR136W,0,-5.0962353,0.04956672340631485,0.14300000667572021,0.2741999924182892
YOR308C,YNL102W,0,-5.0964537,0.04954954981803894,0.14300000667572021,0.2743000090122223
YDL007W,YMR167W,0,-5.096547,0.049532387405633926,0.14300000667572021,0.274399995803833
YCR048W,YML073C,0,-5.0970564,0.04951523616909981,0.14300000667572021,0.2745000123977661
YOR178C,YOR348C,0,-5.0972013,0.049498096108436584,0.14300000667572021,0.27459999918937683
YDR398W,YKL220C,0,-5.097228,0.04948096722364426,0.14300000667572021,0.27469998598098755
YBR142W,YBL017C,0,-5.0973196,0.04946385324001312,0.14300000667572021,0.27480000257492065
YOL117W,YBR156C,0,-5.097352,0.049446750432252884,0.14300000667572021,0.27489998936653137
YOL011W,YDR052C,0,-5.0973606,0.04942965880036354,0.14300000667572021,0.2750000059604645
YMR014W,YPL140C,0,-5.0977497,0.04941257834434509,0.14300000667572021,0.2750999927520752
YCR061W,YBR021W,0,-5.0980144,0.04939550906419754,0.14300000667572021,0.2752000093460083
YLR098C,YLR007W,0,-5.09857,0.04937845468521118,0.14300000667572021,0.275299996137619
YIL139C,YPL240C,0,-5.098937,0.04936140775680542,0.14300000667572021,0.2754000127315521
YNL166C,YGL075C,0,-5.099108,0.04934437572956085,0.14300000667572021,0.27549999952316284
YDR096W,YKL129C,0,-5.099847,0.04932735487818718,0.14300000667572021,0.27559998631477356
YER120W,YPR010C,0,-5.1002846,0.0493103452026844,0.14300000667572021,0.27570000290870667
YGR249W,YDL185W,0,-5.1004214,0.04929334670305252,0.14300000667572021,0.2757999897003174
YBL014C,YJR010C-A,0,-5.100447,0.049276359379291534,0.14300000667572021,0.2759000062942505
YMR060C,YOR216C,0,-5.1007586,0.04925938695669174,0.14300000667572021,0.2759999930858612
YOR110W,YPL140C,0,-5.1014137,0.049242425709962845,0.14300000667572021,0.2761000096797943
YAL054C,YPR031W,1,-5.1017594,0.04956970736384392,0.14399999380111694,0.2761000096797943
YPR131C,YDR392W,1,-5.101778,0.04989676550030708,0.14499999582767487,0.2761000096797943
YHR172W,YPL065W,0,-5.1019745,0.04987959936261177,0.14499999582767487,0.27619999647140503
YJL056C,YIL010W,0,-5.102035,0.04986244812607765,0.14499999582767487,0.27630001306533813
YGR006W,YMR014W,0,-5.1024976,0.04984530806541443,0.14499999582767487,0.27639999985694885
YHR099W,YOR253W,1,-5.102518,0.05017182230949402,0.1459999978542328,0.27639999985694885
YOR341W,YNL020C,0,-5.103286,0.050154585391283035,0.1459999978542328,0.27649998664855957
YGL144C,YPL266W,0,-5.1037464,0.050137363374233246,0.1459999978542328,0.2766000032424927
YOR253W,YEL056W,1,-5.1043224,0.05046343803405762,0.1469999998807907,0.2766000032424927
YML123C,YDR523C,0,-5.104733,0.050446122884750366,0.1469999998807907,0.2766999900341034
YKR056W,YHR178W,0,-5.1049223,0.05042881518602371,0.1469999998807907,0.2768000066280365
YNL149C,YLR167W,0,-5.105107,0.05041152238845825,0.1469999998807907,0.2768999934196472
YPL121C,YOR140W,0,-5.105186,0.05039424076676369,0.1469999998807907,0.2770000100135803
YML052W,YPL153C,0,-5.105292,0.05037697032094002,0.1469999998807907,0.27709999680519104
YDL231C,YAL034W-A,0,-5.105812,0.050359711050987244,0.1469999998807907,0.27720001339912415
YGR040W,YNL004W,0,-5.1060085,0.05034246668219566,0.1469999998807907,0.27730000019073486
YNL287W,YGL192W,0,-5.106024,0.05032522976398468,0.1469999998807907,0.2773999869823456
YHL020C,YLR335W,0,-5.106197,0.05030800774693489,0.1469999998807907,0.2775000035762787
YCR061W,YPL195W,0,-5.106272,0.050290796905756,0.1469999998807907,0.2775999903678894
YKL185W,YBL006C,0,-5.1064177,0.050273597240448,0.1469999998807907,0.2777000069618225
YNL229C,YGL256W,0,-5.106635,0.050256408751010895,0.1469999998807907,0.2777999937534332
YGR241C,YER119C,0,-5.1067376,0.050239235162734985,0.1469999998807907,0.27790001034736633
YLR114C,YLR055C,0,-5.1070504,0.05022206902503967,0.1469999998807907,0.27799999713897705
YGR186W,YOL082W,0,-5.1074314,0.050204917788505554,0.1469999998807907,0.27810001373291016
YMR202W,YDR472W,0,-5.107639,0.05018777772784233,0.1469999998807907,0.2782000005245209
YGL016W,YDR363W,0,-5.108127,0.05017064884305,0.1469999998807907,0.2782999873161316
YOR048C,YEL032W,0,-5.1082053,0.05015353113412857,0.1469999998807907,0.2784000039100647
YOR207C,YHL024W,0,-5.108759,0.05013642460107803,0.1469999998807907,0.2784999907016754
YDR277C,YDR295C,0,-5.1089854,0.05011933296918869,0.1469999998807907,0.2786000072956085
YBR185C,YBL078C,0,-5.109084,0.050102248787879944,0.1469999998807907,0.27869999408721924
YOR049C,YHR194W,0,-5.1091146,0.05008517950773239,0.1469999998807907,0.27880001068115234
YLR134W,YHR091C,0,-5.1092987,0.050068121403455734,0.1469999998807907,0.27889999747276306
YLR369W,YOR298C-A,0,-5.1095486,0.050051070749759674,0.1469999998807907,0.27900001406669617
YML099C,YLR286C,0,-5.1100183,0.05003403499722481,0.1469999998807907,0.2791000008583069
YDR337W,YNR072W,0,-5.110239,0.050017014145851135,0.1469999998807907,0.2791999876499176
YML113W,YOR038C,0,-5.1105833,0.05000000074505806,0.1469999998807907,0.2793000042438507
YNL318C,YPL160W,0,-5.1110306,0.04998299852013588,0.1469999998807907,0.2793999910354614
YNL197C,YGL099W,0,-5.1110477,0.04996601119637489,0.1469999998807907,0.27950000762939453
YDL105W,YPR138C,0,-5.1111383,0.049949031323194504,0.1469999998807907,0.27959999442100525
YER169W,YDR523C,0,-5.111384,0.04993206635117531,0.1469999998807907,0.27970001101493835
YGL194C,YLR147C,0,-5.1115117,0.04991510882973671,0.1469999998807907,0.2797999978065491
YER103W,YBR055C,0,-5.111522,0.049898166209459305,0.1469999998807907,0.2799000144004822
YLR068W,YIL138C,0,-5.111539,0.049881234765052795,0.1469999998807907,0.2800000011920929
YOR109W,YDR025W,0,-5.112032,0.04986431449651718,0.1469999998807907,0.2800999879837036
YJR082C,YMR246W,1,-5.112099,0.05018650367856026,0.14800000190734863,0.2800999879837036
YJR090C,YCR092C,0,-5.112137,0.05016949027776718,0.14800000190734863,0.2802000045776367
YBL097W,YBL011W,0,-5.1123457,0.0501524917781353,0.14800000190734863,0.28029999136924744
YKR090W,YER017C,0,-5.1127415,0.050135500729084015,0.14800000190734863,0.28040000796318054
YDR472W,YDR217C,0,-5.112784,0.050118524581193924,0.14800000190734863,0.28049999475479126
YPR033C,YDR235W,0,-5.1128116,0.05010155588388443,0.14800000190734863,0.28060001134872437
YBR055C,YHR005C-A,0,-5.113663,0.05008460208773613,0.14800000190734863,0.2806999981403351
YNL311C,YPL130W,0,-5.1140647,0.050067659467458725,0.14800000190734863,0.2808000147342682
YER110C,YDR038C,0,-5.114171,0.050050728023052216,0.14800000190734863,0.2809000015258789
YMR220W,YDR450W,0,-5.114353,0.0500338077545166,0.14800000190734863,0.2809999883174896
YPL069C,YGR177C,0,-5.1147857,0.05001689866185188,0.14800000190734863,0.28110000491142273
YLR234W,YJL116C,0,-5.1147885,0.05000000074505806,0.14800000190734863,0.28119999170303345
YMR139W,YEL041W,0,-5.11497,0.04998311400413513,0.14800000190734863,0.28130000829696655
YLL018C-A,YJR105W,0,-5.11502,0.0499662384390831,0.14800000190734863,0.28139999508857727
YER122C,YER110C,0,-5.115488,0.04994937404990196,0.14800000190734863,0.2815000116825104
YDL247W,YGR055W,0,-5.1155295,0.04993252456188202,0.14800000190734863,0.2815999984741211
YDR263C,YGR191W,0,-5.115786,0.04991568252444267,0.14800000190734863,0.2816999852657318
YLR394W,YER117W,0,-5.1158504,0.04989885538816452,0.14800000190734863,0.2818000018596649
YIL139C,YLR129W,0,-5.116169,0.049882035702466965,0.14800000190734863,0.28189998865127563
YER089C,YKL143W,0,-5.1161757,0.0498652309179306,0.14800000190734863,0.28200000524520874
YGR056W,YBR237W,0,-5.116209,0.04984843358397484,0.14800000190734863,0.28209999203681946
YER174C,YOL066C,0,-5.116209,0.04983165115118027,0.14800000190734863,0.28220000863075256
YCR083W,YFL016C,0,-5.116418,0.04981487616896629,0.14800000190734863,0.2822999954223633
YLL002W,YOR253W,1,-5.1165304,0.05013458803296089,0.14900000393390656,0.2822999954223633
YJL008C,YIL139C,0,-5.116638,0.05011772736907005,0.14900000393390656,0.2824000120162964
YGR218W,YOL126C,0,-5.1169567,0.05010087415575981,0.14900000393390656,0.2824999988079071
YIL155C,YKL022C,0,-5.1169577,0.050084032118320465,0.14900000393390656,0.2825999855995178
YLR060W,YOR083W,0,-5.1170654,0.05006720498204231,0.14900000393390656,0.2827000021934509
YOL068C,YLR467W,0,-5.1171236,0.05005038529634476,0.14900000393390656,0.28279998898506165
YNL279W,YOR076C,0,-5.1172686,0.050033580511808395,0.14900000393390656,0.28290000557899475
YMR039C,YIL109C,0,-5.1176786,0.05001678317785263,0.14900000393390656,0.28299999237060547
YBR177C,YGL062W,0,-5.1178145,0.05000000074505806,0.14900000393390656,0.2831000089645386
YGL115W,YDR120C,0,-5.117941,0.049983225762844086,0.14900000393390656,0.2831999957561493
YOR095C,YPR135W,0,-5.1182957,0.049966465681791306,0.14900000393390656,0.2833000123500824
YDL116W,YAL040C,0,-5.118536,0.04994971677660942,0.14900000393390656,0.2833999991416931
YAL054C,YOR064C,1,-5.11868,0.05026809498667717,0.15000000596046448,0.2833999991416931
YPL194W,YHR171W,0,-5.118801,0.05025125667452812,0.15000000596046448,0.28349998593330383
YOR080W,YGL035C,0,-5.118951,0.05023442581295967,0.15000000596046448,0.28360000252723694
YJR006W,YLR442C,0,-5.1197195,0.050217609852552414,0.15000000596046448,0.28369998931884766
YGR296W,YDL230W,0,-5.1197267,0.05020080506801605,0.15000000596046448,0.28380000591278076
YPR031W,YHR013C,1,-5.120369,0.050518568605184555,0.1509999930858612,0.28380000591278076
YER100W,YNL292W,0,-5.120564,0.05050167068839073,0.1509999930858612,0.2838999927043915
YOR045W,YGR188C,0,-5.120712,0.0504847876727581,0.1509999930858612,0.2840000092983246
YER151C,YOR207C,0,-5.1207705,0.05046791583299637,0.1509999930858612,0.2840999960899353
YMR234W,YOR341W,0,-5.121003,0.05045105144381523,0.1509999930858612,0.2842000126838684
YDR289C,YJR094C,0,-5.121154,0.05043420195579529,0.1509999930858612,0.2842999994754791
YLR433C,YHR148W,0,-5.121333,0.05041736364364624,0.1509999930858612,0.28439998626708984
YMR276W,YLR433C,0,-5.1213512,0.05040053278207779,0.1509999930858612,0.28450000286102295
YLL002W,YOR034C,1,-5.1213975,0.05071738362312317,0.15199999511241913,0.28450000286102295
YEL019C,YOR315W,0,-5.121806,0.05070046707987785,0.15199999511241913,0.28459998965263367
YLR147C,YGL045W,0,-5.1218176,0.05068356171250343,0.15199999511241913,0.2847000062465668
YHR055C,YIL026C,0,-5.121965,0.05066666752099991,0.15199999511241913,0.2847999930381775
YLR134W,YNL253W,0,-5.1223207,0.05064978450536728,0.15199999511241913,0.2849000096321106
YDL101C,YDR324C,0,-5.122426,0.050632912665605545,0.15199999511241913,0.2849999964237213
YER051W,YLR452C,0,-5.123283,0.050616052001714706,0.15199999511241913,0.2851000130176544
YBR084W,YOR034C,1,-5.1236258,0.05093209072947502,0.15299999713897705,0.2851000130176544
YOR211C,YNL153C,0,-5.1238604,0.05091514065861702,0.15299999713897705,0.28519999980926514
YMR168C,YPL161C,0,-5.123909,0.05089820176362991,0.15299999713897705,0.28529998660087585
YNR035C,YDL085W,0,-5.1239514,0.050881277769804,0.15299999713897705,0.28540000319480896
YPR042C,YCR026C,0,-5.1242433,0.050864361226558685,0.15299999713897705,0.2854999899864197
YMR207C,YOR267C,0,-5.1251907,0.050847455859184265,0.15299999713897705,0.2856000065803528
YLR347C,YLR233C,0,-5.1259103,0.05083056539297104,0.15299999713897705,0.2856999933719635
YOL101C,YBL084C,0,-5.1264415,0.05081368237733841,0.15299999713897705,0.2858000099658966
YKL040C,YHR178W,0,-5.126545,0.050796814262866974,0.15299999713897705,0.2858999967575073
YLL026W,YDR054C,0,-5.1266165,0.050779953598976135,0.15299999713897705,0.28600001335144043
YCL034W,YDR335W,0,-5.1267357,0.05076310411095619,0.15299999713897705,0.28610000014305115
YHR169W,YNR030W,0,-5.1267786,0.05074626952409744,0.15299999713897705,0.28619998693466187
YPL258C,YGL211W,0,-5.1272254,0.05072944238781929,0.15299999713897705,0.28630000352859497
YPR131C,YOR253W,1,-5.127396,0.05104408413171768,0.15399999916553497,0.28630000352859497
YBR245C,YOL117W,0,-5.128146,0.051027171313762665,0.15399999916553497,0.2863999903202057
YCL008C,YMR247C,0,-5.1283016,0.05101026967167854,0.15399999916553497,0.2865000069141388
YGR225W,YMR301C,0,-5.128314,0.05099337920546532,0.15399999916553497,0.2865999937057495
YOR266W,YKL064W,0,-5.1283154,0.05097649618983269,0.15399999916553497,0.2867000102996826
YJL125C,YOR058C,0,-5.128495,0.05095962807536125,0.15399999916553497,0.28679999709129333
YLL026W,YGL137W,0,-5.129837,0.05094277113676071,0.15399999916553497,0.28690001368522644
YGR230W,YNL248C,0,-5.129985,0.05092592537403107,0.15399999916553497,0.28700000047683716
YHR011W,YCR107W,0,-5.130472,0.05090909078717232,0.15399999916553497,0.2870999872684479
YOL148C,YOR317W,1,-5.1304893,0.05122273787856102,0.1550000011920929,0.2870999872684479
YBL093C,YOR095C,0,-5.1307316,0.05120581388473511,0.1550000011920929,0.287200003862381
YOR034C,YGR252W,1,-5.1309285,0.051519155502319336,0.15600000321865082,0.287200003862381
YDL102W,YPL164C,0,-5.1309724,0.05150214582681656,0.15600000321865082,0.2872999906539917
YBL040C,YDR440W,0,-5.1314816,0.05148514732718468,0.15600000321865082,0.2874000072479248
YNL039W,YPL237W,0,-5.1315346,0.05146816372871399,0.15600000321865082,0.2874999940395355
YGR006W,YOL133W,0,-5.131796,0.0514511875808239,0.15600000321865082,0.28760001063346863
YDL106C,YHR186C,0,-5.1323986,0.0514342226088047,0.15600000321865082,0.28769999742507935
YAL029C,YML043C,0,-5.1331697,0.0514172725379467,0.15600000321865082,0.28780001401901245
YDR345C,YKL145W,0,-5.1333494,0.051400329917669296,0.15600000321865082,0.28790000081062317
YGL130W,YDR218C,0,-5.1333976,0.05138339847326279,0.15600000321865082,0.2879999876022339
YLR353W,YPR190C,0,-5.133437,0.05136648193001747,0.15600000321865082,0.288100004196167
YKL194C,YBL017C,0,-5.133477,0.05134957283735275,0.15600000321865082,0.2881999909877777
YLR467W,YDL145C,0,-5.1336374,0.05133267492055893,0.15600000321865082,0.2883000075817108
YGR104C,YJR046W,0,-5.1336813,0.051315788179636,0.15600000321865082,0.28839999437332153
YER027C,YBL074C,0,-5.1337776,0.05129891633987427,0.15600000321865082,0.28850001096725464
YNL116W,YGL033W,0,-5.133971,0.05128205195069313,0.15600000321865082,0.28859999775886536
YPL011C,YMR128W,0,-5.134416,0.05126519873738289,0.15600000321865082,0.28870001435279846
YOR317W,YHR013C,1,-5.1350117,0.051576871424913406,0.15700000524520874,0.28870001435279846
YAL001C,YML023C,0,-5.135186,0.0515599325299263,0.15700000524520874,0.2888000011444092
YKL042W,YMR030W,0,-5.135478,0.05154300853610039,0.15700000524520874,0.2888999879360199
YLR233C,YBL035C,0,-5.135631,0.05152609199285507,0.15700000524520874,0.289000004529953
YNL259C,YDR447C,0,-5.1358356,0.05150918662548065,0.15700000524520874,0.2890999913215637
YBR114W,YDL042C,0,-5.135998,0.05149229243397713,0.15700000524520874,0.2892000079154968
YML095C,YDR172W,0,-5.1360245,0.0514754094183445,0.15700000524520874,0.28929999470710754
YOR346W,YEL050C,0,-5.13614,0.051458537578582764,0.15700000524520874,0.28940001130104065
YPL078C,YPL147W,0,-5.136264,0.051441676914691925,0.15700000524520874,0.28949999809265137
YPR120C,YJR140C,0,-5.136487,0.05142482742667198,0.15700000524520874,0.2896000146865845
YER053C,YFL048C,0,-5.1370745,0.051407989114522934,0.15700000524520874,0.2897000014781952
YML104C,YBR175W,0,-5.1371064,0.05139116197824478,0.15700000524520874,0.2897999882698059
YHR099W,YFL024C,1,-5.1374445,0.05170157179236412,0.15800000727176666,0.2897999882698059
YHR172W,YER173W,0,-5.1375465,0.0516846589744091,0.15800000727176666,0.289900004863739
YBR089C-A,YLR023C,0,-5.1376495,0.05166775733232498,0.15800000727176666,0.28999999165534973
YCR042C,YPL126W,0,-5.1395802,0.051650866866111755,0.15800000727176666,0.29010000824928284
YLR423C,YHL019C,0,-5.1395855,0.051633987575769424,0.15800000727176666,0.29019999504089355
YJR144W,YBL085W,0,-5.139677,0.05161711946129799,0.15800000727176666,0.29030001163482666
YAL032C,YNL062C,0,-5.1397476,0.05160026252269745,0.15800000727176666,0.2903999984264374
YCL027W,YHR142W,0,-5.140053,0.051583416759967804,0.15800000727176666,0.2904999852180481
YFL058W,YOR301W,0,-5.1405425,0.051566578447818756,0.15800000727176666,0.2906000018119812
YPL154C,YPL240C,0,-5.140993,0.0515497550368309,0.15800000727176666,0.2906999886035919
YLR285W,YML088W,0,-5.141097,0.051532942801713943,0.15800000727176666,0.290800005197525
YKL043W,YBR152W,0,-5.1412067,0.05151613801717758,0.15800000727176666,0.29089999198913574
YFL058W,YKL197C,0,-5.1420383,0.051499348133802414,0.15800000727176666,0.29100000858306885
YFL024C,YGR252W,1,-5.142182,0.05180840566754341,0.1589999943971634,0.29100000858306885
YOR346W,YLR231C,0,-5.14219,0.05179153010249138,0.1589999943971634,0.29109999537467957
YHR050W,YMR218C,0,-5.1423283,0.05177466571331024,0.1589999943971634,0.29120001196861267
YCR042C,YGR218W,0,-5.142414,0.0517578125,0.1589999943971634,0.2912999987602234
YHR114W,YHR171W,0,-5.142542,0.051740970462560654,0.1589999943971634,0.2913999855518341
YDR005C,YBR103W,0,-5.1426654,0.0517241396009922,0.1589999943971634,0.2915000021457672
YDR146C,YER173W,0,-5.142871,0.05170731619000435,0.1589999943971634,0.29159998893737793
YFL024C,YBR081C,1,-5.1435633,0.05201560631394386,0.1599999964237213,0.29159998893737793
YOL021C,YCL067C,0,-5.1436357,0.05199870094656944,0.1599999964237213,0.29170000553131104
YIL034C,YBR029C,0,-5.1439877,0.05198180675506592,0.1599999964237213,0.29179999232292175
YIL073C,YGR214W,0,-5.1440897,0.05196492373943329,0.1599999964237213,0.29190000891685486
YOR279C,YOR298W,0,-5.1441364,0.051948051899671555,0.1599999964237213,0.2919999957084656
YPL076W,YJR135C,0,-5.1441865,0.051931191235780716,0.1599999964237213,0.2921000123023987
YDR335W,YCR020C,0,-5.1443043,0.05191434174776077,0.1599999964237213,0.2921999990940094
YJL139C,YPR080W,0,-5.144393,0.051897503435611725,0.1599999964237213,0.2922999858856201
YPR010C,YPR101W,0,-5.14474,0.05188067629933357,0.1599999964237213,0.2924000024795532
YPL121C,YOR119C,0,-5.144801,0.05186385661363602,0.1599999964237213,0.29249998927116394
YIL037C,YOL082W,0,-5.144844,0.051847051829099655,0.1599999964237213,0.29260000586509705
YDR264C,YCL010C,1,-5.1449604,0.05215419456362724,0.16099999845027924,0.29260000586509705
YOR081C,YER109C,0,-5.145296,0.05213730409741402,0.16099999845027924,0.29269999265670776
YOL031C,YNR043W,0,-5.145365,0.052120428532361984,0.16099999845027924,0.29280000925064087
YNL075W,YML041C,0,-5.1456366,0.05210356041789055,0.16099999845027924,0.2928999960422516
YLL002W,YBL052C,1,-5.1456604,0.052410222589969635,0.16200000047683716,0.2928999960422516
YPL241C,YNL025C,0,-5.14567,0.05239327251911163,0.16200000047683716,0.2930000126361847
YBR097W,YCR028C-A,0,-5.146068,0.05237633362412453,0.16200000047683716,0.2930999994277954
YOR317W,YLR195C,1,-5.146125,0.05268261209130287,0.16300000250339508,0.2930999994277954
YBL084C,YBR155W,0,-5.1462517,0.0526655912399292,0.16300000250339508,0.29319998621940613
YJR050W,YOR298C-A,0,-5.146347,0.052648577839136124,0.16300000250339508,0.29330000281333923
YHR096C,YKL135C,0,-5.1467714,0.05263157933950424,0.16300000250339508,0.29339998960494995
YPL174C,YKR090W,0,-5.1473637,0.05261458829045296,0.16300000250339508,0.29350000619888306
YGR218W,YBR155W,0,-5.147365,0.052597612142562866,0.16300000250339508,0.2935999929904938
YDL033C,YGR170W,0,-5.147599,0.05258064344525337,0.16300000250339508,0.2937000095844269
YLR189C,YNL218W,0,-5.147673,0.05256368964910507,0.16300000250339508,0.2937999963760376
YHR096C,YDR182W,0,-5.147791,0.05254674330353737,0.16300000250339508,0.2939000129699707
YBR155W,YPL016W,0,-5.148118,0.05252980813384056,0.16300000250339508,0.2939999997615814
YPL156C,YOR259C,0,-5.1481647,0.05251288786530495,0.16300000250339508,0.29409998655319214
YOL031C,YGR288W,0,-5.1482773,0.05249597504734993,0.16300000250339508,0.29420000314712524
YOL067C,YBL016W,0,-5.1485844,0.05247907340526581,0.16300000250339508,0.29429998993873596
YMR246W,YEL056W,1,-5.1487474,0.052784036844968796,0.164000004529953,0.29429998993873596
YJL178C,YDR285W,0,-5.1498346,0.05276705324649811,0.164000004529953,0.29440000653266907
YOL008W,YPL249C,0,-5.150252,0.052750080823898315,0.164000004529953,0.2944999933242798
YHR066W,YIL138C,0,-5.150341,0.05273311957716942,0.164000004529953,0.2946000099182129
YIL121W,YHR194W,0,-5.1508145,0.05271616950631142,0.164000004529953,0.2946999967098236
YLR286C,YGR177C,0,-5.151143,0.05269923061132431,0.164000004529953,0.2948000133037567
YAR015W,YML113W,0,-5.1512403,0.0526822991669178,0.164000004529953,0.29490000009536743
YOR025W,YOR007C,0,-5.1514983,0.052665382623672485,0.164000004529953,0.29499998688697815
YDL194W,YMR218C,0,-5.1515427,0.05264847353100777,0.164000004529953,0.29510000348091125
YMR296C,YPR167C,0,-5.1515427,0.05263157933950424,0.164000004529953,0.295199990272522
YNL126W,YIL026C,0,-5.1517186,0.052614692598581314,0.164000004529953,0.2953000068664551
YGL127C,YDR079W,0,-5.151813,0.05259782075881958,0.164000004529953,0.2953999936580658
YNR058W,YPL192C,0,-5.151848,0.05258095636963844,0.164000004529953,0.2955000102519989
YHR072W-A,YFL009W,0,-5.152798,0.0525641031563282,0.164000004529953,0.2955999970436096
YJR065C,YNL008C,0,-5.153041,0.052547261118888855,0.164000004529953,0.2957000136375427
YGR134W,YBR168W,0,-5.1531744,0.052530430257320404,0.164000004529953,0.29580000042915344
YML123C,YER088C,0,-5.15337,0.05251361057162285,0.164000004529953,0.29589998722076416
YBR021W,YML073C,0,-5.154018,0.05249679833650589,0.164000004529953,0.29600000381469727
YNL259C,YIL112W,0,-5.154356,0.052480001002550125,0.164000004529953,0.296099990606308
YPR131C,YHR099W,1,-5.15454,0.05278310924768448,0.16500000655651093,0.296099990606308
YEL016C,YGR013W,0,-5.1547217,0.05276622995734215,0.16500000655651093,0.2962000072002411
YER095W,YGL256W,0,-5.155179,0.05274936184287071,0.16500000655651093,0.2962999939918518
YGL227W,YPL127C,0,-5.15534,0.052732501178979874,0.16500000655651093,0.2964000105857849
YFL013C,YBR250W,0,-5.1557436,0.05271565541625023,0.16500000655651093,0.29649999737739563
YDR297W,YHR011W,0,-5.1558704,0.05269881710410118,0.16500000655651093,0.29660001397132874
YMR135C,YGR108W,0,-5.1568623,0.05268199369311333,0.16500000655651093,0.29670000076293945
YLL022C,YHR090C,1,-5.1570363,0.05298436060547829,0.16599999368190765,0.29670000076293945
YDR270W,YFL034C-B,0,-5.157154,0.05296745523810387,0.16599999368190765,0.29679998755455017
YGR108W,YBR023C,0,-5.157583,0.05295055732131004,0.16599999368190765,0.2969000041484833
YML060W,YKL196C,0,-5.1577735,0.052933674305677414,0.16599999368190765,0.296999990940094
YLR304C,YLR189C,0,-5.158329,0.05291679874062538,0.16599999368190765,0.2971000075340271
YGR177C,YHR174W,0,-5.158349,0.05289993807673454,0.16599999368190765,0.2971999943256378
YBR253W,YPR120C,0,-5.1584473,0.0528830848634243,0.16599999368190765,0.2973000109195709
YHR006W,YDR478W,0,-5.158562,0.052866242825984955,0.16599999368190765,0.29739999771118164
YJL048C,YPL029W,0,-5.159746,0.052849411964416504,0.16599999368190765,0.29750001430511475
YDR488C,YGR192C,0,-5.1605105,0.05283259227871895,0.16599999368190765,0.29760000109672546
YBL051C,YDR518W,0,-5.160796,0.05281578004360199,0.16599999368190765,0.2976999878883362
YPL049C,YOR341W,0,-5.1608143,0.052798982709646225,0.16599999368190765,0.2978000044822693
YKL173W,YNL323W,0,-5.16121,0.05278219282627106,0.16599999368190765,0.29789999127388
YDR103W,YHR011W,0,-5.161231,0.05276541784405708,0.16599999368190765,0.2980000078678131
YOR259C,YOR005C,0,-5.161352,0.052748650312423706,0.16599999368190765,0.29809999465942383
YBR186W,YCR091W,0,-5.161619,0.052731893956661224,0.16599999368190765,0.29820001125335693
YNL094W,YDL160C,0,-5.162367,0.05271514877676964,0.16599999368190765,0.29829999804496765
YMR260C,YNR057C,0,-5.162801,0.05269841104745865,0.16599999368190765,0.29840001463890076
YDR238C,YPL051W,0,-5.1630573,0.05268168821930885,0.16599999368190765,0.2985000014305115
YER100W,YOR180C,0,-5.163299,0.052664972841739655,0.16599999368190765,0.2985999882221222
YKL101W,YBR217W,0,-5.163312,0.05264827236533165,0.16599999368190765,0.2987000048160553
YOR386W,YPR176C,0,-5.163908,0.05263157933950424,0.16599999368190765,0.298799991607666
YCR093W,YKR025W,0,-5.1645746,0.05261489748954773,0.16599999368190765,0.2989000082015991
YOL165C,YMR247C,0,-5.1654754,0.05259822681546211,0.16599999368190765,0.29899999499320984
YDR479C,YHR154W,0,-5.1658387,0.05258156359195709,0.16599999368190765,0.29910001158714294
YPR193C,YFL024C,1,-5.1660786,0.052881572395563126,0.16699999570846558,0.29910001158714294
YML006C,YOL064C,0,-5.166127,0.05286483094096184,0.16699999570846558,0.29919999837875366
YPL076W,YEL012W,0,-5.1661386,0.052848100662231445,0.16699999570846558,0.2992999851703644
YDR106W,YPL019C,0,-5.166218,0.05283138155937195,0.16699999570846558,0.2994000017642975
YFL017W-A,YDL088C,0,-5.1667223,0.05281467363238335,0.16699999570846558,0.2994999885559082
YDL106C,YLR335W,0,-5.1668096,0.05279797688126564,0.16699999570846558,0.2996000051498413
YJL076W,YHR060W,0,-5.167453,0.05278129130601883,0.16699999570846558,0.299699991941452
YNL274C,YLR147C,0,-5.1676626,0.052764613181352615,0.16699999570846558,0.29980000853538513
YBR098W,YML104C,0,-5.167965,0.0527479462325573,0.16699999570846558,0.29989999532699585
YCR061W,YML088W,0,-5.1681314,0.052731290459632874,0.16699999570846558,0.30000001192092896
YGR056W,YDR343C,0,-5.168147,0.052714645862579346,0.16699999570846558,0.3000999987125397
YHL020C,YER062C,0,-5.1683545,0.05269801244139671,0.16699999570846558,0.3001999855041504
YOR004W,YHR061C,0,-5.168437,0.05268138647079468,0.16699999570846558,0.3003000020980835
YPR093C,YGR077C,0,-5.1685414,0.052664775401353836,0.16699999570846558,0.3003999888896942
YCL033C,YCR033W,0,-5.168644,0.05264817178249359,0.16699999570846558,0.3005000054836273
YFL025C,YGL075C,0,-5.168663,0.05263157933950424,0.16699999570846558,0.30059999227523804
YOR046C,YHR178W,0,-5.1687703,0.05261499807238579,0.16699999570846558,0.30070000886917114
YIR008C,YKR081C,0,-5.168798,0.05259842425584793,0.16699999570846558,0.30079999566078186
YDR345C,YKL143W,0,-5.1692495,0.05258186534047127,0.16699999570846558,0.30090001225471497
YBL018C,YMR021C,0,-5.170145,0.0525653138756752,0.16699999570846558,0.3009999990463257
YNL278W,YBR127C,0,-5.170283,0.05254877358675003,0.16699999570846558,0.3010999858379364
YDL022W,YLR228C,0,-5.1705046,0.052532244473695755,0.16699999570846558,0.3012000024318695
YNL070W,YOR305W,0,-5.1705265,0.052515722811222076,0.16699999570846558,0.3012999892234802
YMR246W,YDR145W,1,-5.17082,0.0528135821223259,0.1679999977350235,0.3012999892234802
YGL210W,YLR084C,0,-5.17152,0.05279698222875595,0.1679999977350235,0.30140000581741333
YER015W,YOR064C,1,-5.171813,0.053094565868377686,0.16899999976158142,0.30140000581741333
YBR097W,YOR267C,0,-5.1720924,0.05307788774371147,0.16899999976158142,0.30149999260902405
YAR033W,YDR173C,0,-5.1722503,0.05306122452020645,0.16899999976158142,0.30160000920295715
YPR181C,YPL211W,0,-5.1723604,0.05304456874728203,0.16899999976158142,0.30169999599456787
YPR193C,YBR081C,1,-5.1724253,0.05334170162677765,0.17000000178813934,0.30169999599456787
YGR047C,YBR092C,0,-5.172456,0.05332496762275696,0.17000000178813934,0.301800012588501
YMR138W,YDR443C,0,-5.1726637,0.05330824851989746,0.17000000178813934,0.3018999993801117
YIL129C,YBR298C,0,-5.1726837,0.05329153686761856,0.17000000178813934,0.3019999861717224
YOL102C,YDR263C,0,-5.1726894,0.053274836391210556,0.17000000178813934,0.3021000027656555
YKR007W,YER062C,0,-5.1727076,0.05325814709067345,0.17000000178813934,0.30219998955726624
YMR234W,YER116C,0,-5.1727767,0.053241465240716934,0.17000000178813934,0.30230000615119934
YML007W,YIL128W,0,-5.172908,0.053224798291921616,0.17000000178813934,0.30239999294281006
YDL097C,YKL048C,0,-5.173273,0.053208138793706894,0.17000000178813934,0.30250000953674316
YLR363C,YHR083W,0,-5.1734962,0.05319149047136307,0.17000000178813934,0.3025999963283539
YDR258C,YJL134W,0,-5.1737194,0.05317484959959984,0.17000000178813934,0.302700012922287
YDR219C,YMR060C,0,-5.1739063,0.0531582236289978,0.17000000178813934,0.3027999997138977
YNR001C,YGL192W,0,-5.1740503,0.053141605108976364,0.17000000178813934,0.3028999865055084
YJL062W,YMR008C,0,-5.1742764,0.05312500149011612,0.17000000178813934,0.30300000309944153
YDR238C,YBL008W,0,-5.1747684,0.05310840532183647,0.17000000178813934,0.30309998989105225
YGR246C,YBR060C,0,-5.1748476,0.05309181660413742,0.17000000178813934,0.30320000648498535
YDR346C,YJR042W,0,-5.1753635,0.053075242787599564,0.17000000178813934,0.30329999327659607
YMR116C,YDR411C,0,-5.1754923,0.0530586764216423,0.17000000178813934,0.3034000098705292
YML095C,YER179W,0,-5.1758404,0.05304212123155594,0.17000000178813934,0.3034999966621399
YFL045C,YIL073C,0,-5.1760073,0.05302557721734047,0.17000000178813934,0.303600013256073
YGL127C,YMR016C,0,-5.1763544,0.053009044378995895,0.17000000178813934,0.3037000000476837
YPR193C,YOR064C,1,-5.1763606,0.053304240107536316,0.17100000381469727,0.3037000000476837
YDL208W,YER032W,0,-5.1765738,0.053287629038095474,0.17100000381469727,0.30379998683929443
YKL043W,YFL013C,0,-5.1767144,0.05327102914452553,0.17100000381469727,0.30390000343322754
YPL095C,YIL009C-A,0,-5.1767178,0.05325443670153618,0.17100000381469727,0.30399999022483826
YFL056C,YLR228C,0,-5.176926,0.05323785915970802,0.17100000381469727,0.30410000681877136
YNL039W,YER018C,0,-5.176977,0.053221289068460464,0.17100000381469727,0.3041999936103821
YGL016W,YAL034W-A,0,-5.176999,0.0532047301530838,0.17100000381469727,0.3043000102043152
YPL006W,YPR107C,0,-5.1771464,0.053188178688287735,0.17100000381469727,0.3043999969959259
YBL084C,YBR077C,0,-5.177272,0.05317164212465286,0.17100000381469727,0.304500013589859
YGL098W,YPL239W,0,-5.177391,0.05315511301159859,0.17100000381469727,0.3046000003814697
YCR067C,YPL153C,0,-5.1774054,0.05313859507441521,0.17100000381469727,0.30469998717308044
YHR167W,YDR414C,0,-5.1774354,0.05312208831310272,0.17100000381469727,0.30480000376701355
YPR094W,YIL105C,0,-5.1778145,0.053105589002370834,0.17100000381469727,0.30489999055862427
YCR020C-A,YMR246W,1,-5.1780353,0.05339956656098366,0.1720000058412552,0.30489999055862427
YOR317W,YOR034C,1,-5.178301,0.05369335785508156,0.17299999296665192,0.30489999055862427
YLR014C,YPL175W,0,-5.178567,0.05367669835686684,0.17299999296665192,0.3050000071525574
YLR114C,YMR032W,0,-5.1785965,0.05366005003452301,0.17299999296665192,0.3050999939441681
YGL254W,YIL150C,0,-5.178744,0.05364340916275978,0.17299999296665192,0.3052000105381012
YEL018W,YDR382W,0,-5.1787624,0.053626783192157745,0.17299999296665192,0.3052999973297119
YKL034W,YDR259C,0,-5.17909,0.05361016467213631,0.17299999296665192,0.305400013923645
YIL068C,YPR187W,0,-5.1791162,0.053593557327985764,0.17299999296665192,0.30550000071525574
YDR397C,YBR020W,0,-5.179184,0.05357695743441582,0.17299999296665192,0.30559998750686646
YHR108W,YGR239C,0,-5.17925,0.053560372442007065,0.17299999296665192,0.30570000410079956
YLR360W,YOL028C,0,-5.179417,0.05354379490017891,0.17299999296665192,0.3057999908924103
YFR036W,YDR523C,0,-5.18015,0.05352722853422165,0.17299999296665192,0.3059000074863434
YBR165W,YBR243C,0,-5.1804914,0.053510669618844986,0.17299999296665192,0.3059999942779541
YDR247W,YJR121W,0,-5.181034,0.05349412560462952,0.17299999296665192,0.3061000108718872
YMR116C,YKR027W,0,-5.1811814,0.053477589040994644,0.17299999296665192,0.3061999976634979
YHL020C,YGL062W,0,-5.181362,0.05346106365323067,0.17299999296665192,0.30630001425743103
YGR144W,YBR035C,0,-5.181506,0.05344454571604729,0.17299999296665192,0.30640000104904175
YOR180C,YLR221C,0,-5.1817517,0.0534280426800251,0.17299999296665192,0.30649998784065247
YDR214W,YMR068W,0,-5.182334,0.05341154709458351,0.17299999296665192,0.30660000443458557
YIL073C,YDR208W,0,-5.1825514,0.05339506268501282,0.17299999296665192,0.3066999912261963
YDR397C,YNL117W,0,-5.182588,0.05337858572602272,0.17299999296665192,0.3068000078201294
YER129W,YOR348C,0,-5.1829996,0.05336212366819382,0.17299999296665192,0.3068999946117401
YCR027C,YMR308C,0,-5.183076,0.05334566906094551,0.17299999296665192,0.3070000112056732
YDR189W,YLR423C,0,-5.1834593,0.0533292219042778,0.17299999296665192,0.30709999799728394
YOL076W,YLL022C,1,-5.183514,0.05362095683813095,0.17399999499320984,0.30709999799728394
YBR193C,YOL021C,0,-5.183653,0.05360443517565727,0.17399999499320984,0.30720001459121704
YJL108C,YDR038C,0,-5.1841345,0.05358792841434479,0.17399999499320984,0.30730000138282776
YEL053C,YFL039C,1,-5.1843686,0.05387930944561958,0.17499999701976776,0.30730000138282776
YBL090W,YML109W,0,-5.1847706,0.05386272817850113,0.17499999701976776,0.3073999881744385
YDL084W,YLR220W,0,-5.185566,0.05384615436196327,0.17499999701976776,0.3075000047683716
YPR001W,YIL112W,0,-5.1858153,0.05382959172129631,0.17499999701976776,0.3075999915599823
YCL025C,YFL014W,0,-5.1859264,0.053813036531209946,0.17499999701976776,0.3077000081539154
YER118C,YGL127C,0,-5.1860714,0.053796496242284775,0.17499999701976776,0.3077999949455261
YBL090W,YNL007C,0,-5.1861167,0.0537799634039402,0.17499999701976776,0.30790001153945923
YFL024C,YEL056W,1,-5.186499,0.05407065898180008,0.17599999904632568,0.30790001153945923
YAL054C,YJL081C,1,-5.186501,0.05436117947101593,0.1770000010728836,0.30790001153945923
YIR019C,YBR029C,0,-5.1868124,0.05434449017047882,0.1770000010728836,0.30799999833106995
YOR083W,YPR187W,0,-5.187496,0.05432780832052231,0.1770000010728836,0.30809998512268066
YHR169W,YNL271C,0,-5.1877337,0.05431113764643669,0.1770000010728836,0.30820000171661377
YPL241C,YOR308C,0,-5.1884766,0.05429447814822197,0.1770000010728836,0.3082999885082245
YFL055W,YER149C,0,-5.1885242,0.05427782982587814,0.1770000010728836,0.3084000051021576
YJL222W,YGL003C,0,-5.188717,0.054261188954114914,0.1770000010728836,0.3084999918937683
YKR076W,YMR219W,0,-5.1887393,0.05424455925822258,0.1770000010728836,0.3086000084877014
YGR120C,YOR095C,0,-5.189164,0.05422794073820114,0.1770000010728836,0.30869999527931213
YJR001W,YMR139W,0,-5.1892405,0.0542113333940506,0.1770000010728836,0.30880001187324524
YPL110C,YML123C,0,-5.189373,0.05419473350048065,0.1770000010728836,0.30889999866485596
YPL164C,YDL126C,0,-5.189415,0.0541781447827816,0.1770000010728836,0.3089999854564667
YIR012W,YPL106C,0,-5.189604,0.054161567240953445,0.1770000010728836,0.3091000020503998
YHR005C,YDR389W,0,-5.190153,0.05414499714970589,0.1770000010728836,0.3091999888420105
YDL142C,YGR279C,0,-5.1902466,0.05412844195961952,0.1770000010728836,0.3093000054359436
YBR098W,YPR065W,0,-5.190284,0.054111894220113754,0.1770000010728836,0.3093999922275543
YBR165W,YPL200W,0,-5.1902905,0.05409535393118858,0.1770000010728836,0.3095000088214874
YLR438C-A,YNL037C,0,-5.190485,0.054078828543424606,0.1770000010728836,0.30959999561309814
YOR034C,YEL056W,1,-5.190504,0.05436774715781212,0.17800000309944153,0.30959999561309814
YHR139C,YNL253W,0,-5.191552,0.054351143538951874,0.17800000309944153,0.30970001220703125
YBR029C,YOR038C,0,-5.191614,0.05433455482125282,0.17800000309944153,0.30979999899864197
YKL173W,YBR017C,0,-5.193268,0.05431797355413437,0.17800000309944153,0.3098999857902527
YDR143C,YNL206C,0,-5.1935434,0.05430140346288681,0.17800000309944153,0.3100000023841858
YJL115W,YFL024C,1,-5.193821,0.05458981543779373,0.17900000512599945,0.3100000023841858
YPR193C,YLL022C,1,-5.1939545,0.05487804859876633,0.18000000715255737,0.3100000023841858
YPR193C,YOR034C,1,-5.194143,0.055166106671094894,0.1809999942779541,0.3100000023841858
YPL154C,YHR079C,0,-5.1942363,0.055149298161268234,0.1809999942779541,0.3100999891757965
YKL178C,YMR146C,0,-5.194461,0.05513250082731247,0.1809999942779541,0.3102000057697296
YBR244W,YMR283C,0,-5.1947107,0.0551157109439373,0.1809999942779541,0.31029999256134033
YOR054C,YML061C,0,-5.194956,0.05509893596172333,0.1809999942779541,0.31040000915527344
YGL087C,YGL027C,0,-5.1949706,0.05508216843008995,0.1809999942779541,0.31049999594688416
YMR237W,YER109C,0,-5.194998,0.05506540834903717,0.1809999942779541,0.31060001254081726
YGL047W,YMR030W,0,-5.1954317,0.055048663169145584,0.1809999942779541,0.310699999332428
YBR110W,YLR035C,0,-5.1966033,0.055031925439834595,0.1809999942779541,0.3107999861240387
YMR208W,YOR301W,0,-5.1968746,0.0550151988863945,0.1809999942779541,0.3109000027179718
YOR245C,YLR433C,0,-5.1971054,0.054998479783535004,0.1809999942779541,0.3109999895095825
YGR231C,YHR061C,0,-5.1973553,0.0549817755818367,0.1809999942779541,0.3111000061035156
YNL256W,YDR129C,0,-5.1977696,0.054965078830718994,0.1809999942779541,0.31119999289512634
YKL001C,YNL261W,0,-5.1979737,0.054948389530181885,0.1809999942779541,0.31130000948905945
YFL024C,YOR253W,1,-5.1980133,0.055235203355550766,0.18199999630451202,0.31130000948905945
YLR135W,YBR110W,0,-5.198227,0.055218446999788284,0.18199999630451202,0.31139999628067017
YDR283C,YHR008C,0,-5.198274,0.0552016980946064,0.18199999630451202,0.31150001287460327
YOR313C,YMR096W,0,-5.198427,0.05518496036529541,0.18199999630451202,0.311599999666214
YIL009C-A,YMR058W,0,-5.1984453,0.055168233811855316,0.18199999630451202,0.3116999864578247
YDR495C,YDR341C,0,-5.198763,0.05515151470899582,0.18199999630451202,0.3118000030517578
YER122C,YOR226C,0,-5.199248,0.05513480678200722,0.18199999630451202,0.31189998984336853
YPR134W,YER087C-B,0,-5.1993713,0.05511811003088951,0.18199999630451202,0.31200000643730164
YJL208C,YPL082C,0,-5.1999407,0.0551014244556427,0.18199999630451202,0.31209999322891235
YPR144C,YPL161C,0,-5.199988,0.055084746330976486,0.18199999630451202,0.31220000982284546
YDR353W,YDR235W,0,-5.199998,0.05506807938218117,0.18199999630451202,0.3122999966144562
YHR172W,YDR324C,0,-5.2007084,0.055051419883966446,0.18199999630451202,0.3124000132083893
YDR369C,YHR008C,0,-5.2010136,0.05503477528691292,0.18199999630451202,0.3125
YDL098C,YHR023W,0,-5.20102,0.05501813814043999,0.18199999630451202,0.3125999867916107
YNL078W,YFL018C,0,-5.2011466,0.05500151216983795,0.18199999630451202,0.3127000033855438
YNL153C,YOR076C,0,-5.201163,0.05498489364981651,0.18199999630451202,0.31279999017715454
YPL122C,YAR018C,0,-5.20163,0.05496828630566597,0.18199999630451202,0.31290000677108765
YGR246C,YIL139C,0,-5.203121,0.05495169013738632,0.18199999630451202,0.31299999356269836
YPR155C,YGL096W,0,-5.203645,0.05493510514497757,0.18199999630451202,0.31310001015663147
YIL123W,YKR029C,0,-5.2036724,0.054918527603149414,0.18199999630451202,0.3131999969482422
YKL117W,YPR007C,0,-5.2037945,0.054901961237192154,0.18199999630451202,0.3133000135421753
YNL151C,YBL098W,0,-5.203826,0.05488540232181549,0.18199999630451202,0.313400000333786
YAL058W,YPL130W,0,-5.2042546,0.05486885830760002,0.18199999630451202,0.31349998712539673
YJL116C,YLL013C,0,-5.2044964,0.05485232174396515,0.18199999630451202,0.31360000371932983
YBL052C,YLR195C,1,-5.204998,0.055137090384960175,0.18299999833106995,0.31360000371932983
YCL010C,YHR090C,1,-5.2052803,0.05542168766260147,0.18400000035762787,0.31360000371932983
YGL075C,YPR080W,0,-5.2054625,0.05540499836206436,0.18400000035762787,0.31369999051094055
YML043C,YJL134W,0,-5.2056847,0.05538832023739815,0.18400000035762787,0.31380000710487366
YDR235W,YNL051W,0,-5.205744,0.05537165328860283,0.18400000035762787,0.3138999938964844
YDR419W,YLR214W,0,-5.2062426,0.05535499379038811,0.18400000035762787,0.3140000104904175
YKL062W,YDR473C,0,-5.2063017,0.05533834546804428,0.18400000035762787,0.3140999972820282
YPL170W,YFL041W,0,-5.206673,0.05532170832157135,0.18400000035762787,0.3142000138759613
YNL214W,YBL018C,0,-5.2067266,0.055305078625679016,0.18400000035762787,0.314300000667572
YJR137C,YIL147C,0,-5.2069693,0.05528846010565758,0.18400000035762787,0.31439998745918274
YKL148C,YML041C,0,-5.2070503,0.055271852761507034,0.18400000035762787,0.31450000405311584
YDR146C,YAR003W,0,-5.207469,0.055255256593227386,0.18400000035762787,0.31459999084472656
YJL092W,YBL020W,0,-5.2076626,0.055238667875528336,0.18400000035762787,0.31470000743865967
YGL071W,YER151C,0,-5.207737,0.05522209033370018,0.18400000035762787,0.3147999942302704
YDR025W,YPR073C,0,-5.20807,0.05520552024245262,0.18400000035762787,0.3149000108242035
YOR308C,YIL128W,0,-5.2084394,0.05518896132707596,0.18400000035762787,0.3149999976158142
YDR236C,YPL028W,0,-5.20859,0.05517241358757019,0.18400000035762787,0.3151000142097473
YML060W,YFR051C,0,-5.208846,0.05515587702393532,0.18400000035762787,0.31520000100135803
YOR137C,YDR420W,0,-5.2088985,0.05513934791088104,0.18400000035762787,0.31529998779296875
YOR236W,YML064C,0,-5.209055,0.055122826248407364,0.18400000035762787,0.31540000438690186
YFL041W,YLR196W,0,-5.209104,0.05510631948709488,0.18400000035762787,0.3154999911785126
YMR056C,YGR286C,0,-5.2098513,0.05508982017636299,0.18400000035762787,0.3156000077724457
YLR210W,YFL031W,0,-5.2102013,0.055073332041502,0.18400000035762787,0.3156999945640564
YDR256C,YPR198W,0,-5.2111206,0.0550568513572216,0.18400000035762787,0.3158000111579895
YOL034W,YBR207W,0,-5.211256,0.0550403818488121,0.18400000035762787,0.3158999979496002
YEL027W,YML132W,0,-5.211711,0.0550239235162735,0.18400000035762787,0.3160000145435333
YAL032C,YBL006C,0,-5.2117386,0.05500747263431549,0.18400000035762787,0.31610000133514404
YPL283C,YOR213C,0,-5.2120113,0.05499103292822838,0.18400000035762787,0.31619998812675476
YDR378C,YDR297W,0,-5.212333,0.05497460439801216,0.18400000035762787,0.31630000472068787
YGR006W,YGL022W,0,-5.2125216,0.05495818331837654,0.18400000035762787,0.3163999915122986
YNR059W,YBR196C,0,-5.2134204,0.054941773414611816,0.18400000035762787,0.3165000081062317
YIL048W,YJL005W,0,-5.213458,0.05492537468671799,0.18400000035762787,0.3165999948978424
YDR091C,YOL042W,0,-5.2134743,0.054908983409404755,0.18400000035762787,0.3167000114917755
YDL102W,YGR275W,0,-5.2138505,0.05489259958267212,0.18400000035762787,0.31679999828338623
YMR101C,YJR121W,0,-5.214026,0.05487623065710068,0.18400000035762787,0.31690001487731934
YPL045W,YDR447C,0,-5.214208,0.05485986918210983,0.18400000035762787,0.31700000166893005
YNL307C,YPR124W,0,-5.2142277,0.05484351888298988,0.18400000035762787,0.31709998846054077
YHR099W,YLL022C,1,-5.215116,0.055125150829553604,0.1850000023841858,0.31709998846054077
YJL004C,YDR217C,0,-5.2151284,0.055108729749917984,0.1850000023841858,0.3172000050544739
YDR346C,YOR033C,0,-5.215254,0.05509231612086296,0.1850000023841858,0.3172999918460846
YAL054C,YOL110W,1,-5.2153406,0.055373623967170715,0.1860000044107437,0.3172999918460846
YGR147C,YOR253W,1,-5.215515,0.05565476045012474,0.18700000643730164,0.3172999918460846
YNR049C,YPL092W,0,-5.215642,0.05563820153474808,0.18700000643730164,0.3174000084400177
YCL010C,YOR064C,1,-5.2156672,0.0559190958738327,0.18799999356269836,0.3174000084400177
YKL081W,YLR105C,0,-5.2157598,0.05590246617794037,0.18799999356269836,0.3174999952316284
YGL223C,YPL043W,0,-5.2159605,0.05588585138320923,0.18799999356269836,0.3176000118255615
YNR053C,YJL039C,0,-5.2161274,0.055869244039058685,0.18799999356269836,0.31769999861717224
YGR005C,YCR020W-B,0,-5.2161303,0.05585264414548874,0.18799999356269836,0.31779998540878296
YDR244W,YGR229C,0,-5.2165775,0.05583605542778969,0.18799999356269836,0.31790000200271606
YER001W,YMR207C,0,-5.2166567,0.05581947788596153,0.18799999356269836,0.3179999887943268
YKL175W,YNR006W,0,-5.216832,0.055802907794713974,0.18799999356269836,0.3181000053882599
YGR056W,YDL044C,0,-5.217044,0.05578634887933731,0.18799999356269836,0.3181999921798706
YBR040W,YEL009C,0,-5.217514,0.05576980113983154,0.18799999356269836,0.3183000087738037
YOR162C,YBR250W,0,-5.217657,0.05575326085090637,0.18799999356269836,0.31839999556541443
YPR179C,YLR068W,0,-5.217677,0.0557367317378521,0.18799999356269836,0.31850001215934753
YJR078W,YHL028W,0,-5.2180543,0.055720213800668716,0.18799999356269836,0.31859999895095825
YCL008C,YLR268W,0,-5.218157,0.05570370331406593,0.18799999356269836,0.31869998574256897
YEL053C,YDR264C,1,-5.218291,0.05598341301083565,0.1889999955892563,0.31869998574256897
YGL190C,YPL240C,0,-5.218404,0.05596683546900749,0.1889999955892563,0.3188000023365021
YLR263W,YGL075C,0,-5.218786,0.055950265377759933,0.1889999955892563,0.3188999891281128
YOR359W,YML121W,0,-5.2190585,0.05593370646238327,0.1889999955892563,0.3190000057220459
YPR055W,YLR172C,0,-5.2191496,0.0559171587228775,0.1889999955892563,0.3190999925136566
YNL294C,YIL154C,0,-5.2196355,0.05590062215924263,0.1889999955892563,0.3192000091075897
YPL045W,YLR172C,0,-5.2201543,0.055884093046188354,0.1889999955892563,0.31929999589920044
YFL057C,YMR128W,0,-5.2202005,0.055867571383714676,0.1889999955892563,0.31940001249313354
YDR123C,YGL256W,0,-5.2205515,0.05585106462240219,0.1889999955892563,0.31949999928474426
YLR022C,YAL043C,0,-5.2206297,0.0558345653116703,0.1889999955892563,0.319599986076355
YHR099W,YHR013C,1,-5.220886,0.056113407015800476,0.1899999976158142,0.319599986076355
YNL042W,YMR301C,0,-5.220917,0.056096840649843216,0.1899999976158142,0.3197000026702881
YPL200W,YOR326W,0,-5.221237,0.05608028173446655,0.1899999976158142,0.3197999894618988
YDL069C,YOR204W,0,-5.2212715,0.056063733994960785,0.1899999976158142,0.3199000060558319
YFR021W,YIL109C,0,-5.2214074,0.05604719743132591,0.1899999976158142,0.3199999928474426
YMR021C,YNL004W,0,-5.2215734,0.05603066831827164,0.1899999976158142,0.32010000944137573
YBR136W,YGL240W,0,-5.221592,0.05601415038108826,0.1899999976158142,0.32019999623298645
YLR081W,YLR429W,0,-5.221696,0.05599764361977577,0.1899999976158142,0.32030001282691956
YNL054W,YLR197W,0,-5.2219048,0.055981144309043884,0.1899999976158142,0.3203999996185303
YHR115C,YPL240C,0,-5.22217,0.05596465244889259,0.1899999976158142,0.320499986410141
YMR101C,YJL060W,0,-5.222434,0.055948175489902496,0.1899999976158142,0.3206000030040741
YGL006W,YFL021W,0,-5.222435,0.055931705981492996,0.1899999976158142,0.3206999897956848
YJL106W,YLR390W-A,0,-5.2224536,0.05591524392366409,0.1899999976158142,0.3208000063896179
YGL035C,YLR332W,0,-5.2225266,0.055898793041706085,0.1899999976158142,0.32089999318122864
YOR043W,YPL019C,0,-5.2226977,0.05588235333561897,0.1899999976158142,0.32100000977516174
YLR028C,YJL109C,0,-5.2228265,0.05586592108011246,0.1899999976158142,0.32109999656677246
YOR317W,YGL066W,1,-5.222885,0.056143444031476974,0.19099999964237213,0.32109999656677246
YNL248C,YJL117W,0,-5.223035,0.056126948446035385,0.19099999964237213,0.32120001316070557
YIL010W,YER030W,0,-5.2233815,0.056110456585884094,0.19099999964237213,0.3212999999523163
YEL022W,YJL129C,0,-5.2234955,0.056093979626894,0.19099999964237213,0.321399986743927
YLR039C,YMR167W,0,-5.223639,0.0560775101184845,0.19099999964237213,0.3215000033378601
YIL109C,YGL206C,0,-5.2237387,0.05606105178594589,0.19099999964237213,0.3215999901294708
YLR382C,YML036W,0,-5.2238307,0.056044600903987885,0.19099999964237213,0.32170000672340393
YOL148C,YMR246W,1,-5.223941,0.05632150173187256,0.19200000166893005,0.32170000672340393
YGR217W,YOL088C,0,-5.224143,0.05630498379468918,0.19200000166893005,0.32179999351501465
YDL087C,YNL166C,0,-5.224437,0.056288477033376694,0.19200000166893005,0.32190001010894775
YHR014W,YDR363W-A,0,-5.2244463,0.056271981447935104,0.19200000166893005,0.32199999690055847
YGR156W,YOR003W,0,-5.2250996,0.05625549331307411,0.19200000166893005,0.3221000134944916
YJL156C,YCL067C,0,-5.225472,0.056239016354084015,0.19200000166893005,0.3222000002861023
YHR023W,YML110C,0,-5.2256856,0.056222546845674515,0.19200000166893005,0.322299987077713
YPL217C,YDR123C,0,-5.2257457,0.05620608851313591,0.19200000166893005,0.3224000036716461
YJR021C,YDL140C,0,-5.2257614,0.0561896413564682,0.19200000166893005,0.32249999046325684
YNL267W,YLR360W,0,-5.225831,0.05617320165038109,0.19200000166893005,0.32260000705718994
YNL039W,YGL075C,0,-5.2259946,0.05615676939487457,0.19200000166893005,0.32269999384880066
YOR078W,YKR083C,0,-5.226227,0.05614035204052925,0.19200000166893005,0.32280001044273376
YPR193C,YGL066W,1,-5.226275,0.05641625076532364,0.19300000369548798,0.32280001044273376
YPL085W,YIL019W,0,-5.2262783,0.056399766355752945,0.19300000369548798,0.3228999972343445
YJL073W,YGL181W,0,-5.226325,0.05638328939676285,0.19300000369548798,0.3230000138282776
YGR222W,YHR059W,0,-5.2269697,0.056366823613643646,0.19300000369548798,0.3231000006198883
YOR317W,YJL115W,1,-5.2270975,0.056642334908246994,0.1940000057220459,0.3231000006198883
YPL045W,YML098W,0,-5.227126,0.05662580206990242,0.1940000057220459,0.323199987411499
YLR155C,YPR201W,0,-5.2272086,0.05660928040742874,0.1940000057220459,0.32330000400543213
YBR199W,YJR050W,0,-5.2272897,0.05659276619553566,0.1940000057220459,0.32339999079704285
YGR188C,YAL030W,0,-5.2274103,0.056576263159513474,0.1940000057220459,0.32350000739097595
YOR317W,YBL052C,1,-5.2274904,0.05685131251811981,0.19499999284744263,0.32350000739097595
YER119C,YFL049W,0,-5.2275457,0.05683474242687225,0.19499999284744263,0.32359999418258667
YBR103W,YOL090W,0,-5.227948,0.05681818351149559,0.19499999284744263,0.3237000107765198
YLR276C,YJR108W,0,-5.227994,0.056801632046699524,0.19499999284744263,0.3237999975681305
YGL020C,YMR078C,0,-5.2281766,0.05678509175777435,0.19499999284744263,0.3239000141620636
YBR136W,YKR027W,0,-5.228213,0.05676855891942978,0.19499999284744263,0.3240000009536743
YGR108W,YOR267C,0,-5.228642,0.0567520372569561,0.19499999284744263,0.32409998774528503
YDL043C,YDR270W,0,-5.2288103,0.05673552677035332,0.19499999284744263,0.32420000433921814
YNR059W,YBR161W,0,-5.2288265,0.05671902373433113,0.19499999284744263,0.32429999113082886
YKL173W,YPL087W,0,-5.2289467,0.05670252814888954,0.19499999284744263,0.32440000772476196
YGR175C,YFL049W,0,-5.2292643,0.056686047464609146,0.19499999284744263,0.3244999945163727
YNL080C,YNL248C,0,-5.2294617,0.05666957423090935,0.19499999284744263,0.3246000111103058
YER122C,YHR007C,0,-5.2295694,0.056653108447790146,0.19499999284744263,0.3246999979019165
YDL013W,YGL206C,0,-5.2302876,0.05663665384054184,0.19499999284744263,0.3248000144958496
YLR397C,YOL078W,0,-5.231139,0.05662021040916443,0.19499999284744263,0.3249000012874603
YCR091W,YDL130W,0,-5.23126,0.056603774428367615,0.19499999284744263,0.32499998807907104
YPL214C,YDR449C,0,-5.2318826,0.0565873458981514,0.19499999284744263,0.32510000467300415
YKR063C,YPL267W,0,-5.2324667,0.056570932269096375,0.19499999284744263,0.32519999146461487
YBL017C,YMR030W,0,-5.2328258,0.05655452609062195,0.19499999284744263,0.325300008058548
YBL011W,YNR019W,0,-5.2331343,0.05653812736272812,0.19499999284744263,0.3253999948501587
YPL124W,YMR016C,0,-5.2334423,0.056521739810705185,0.19499999284744263,0.3255000114440918
YBR085W,YKL143W,0,-5.2335253,0.05650535970926285,0.19499999284744263,0.3255999982357025
YPR131C,YOR023C,1,-5.233803,0.0567786805331707,0.19599999487400055,0.3255999982357025
YJR084W,YKL175W,0,-5.234525,0.05676223710179329,0.19599999487400055,0.3257000148296356
YHL022C,YML021C,0,-5.2347765,0.056745801120996475,0.19599999487400055,0.32580000162124634
YMR229C,YOL145C,0,-5.2348366,0.05672937631607056,0.19599999487400055,0.32589998841285706
YDR150W,YDR342C,0,-5.2350254,0.05671296268701553,0.19599999487400055,0.32600000500679016
YEL024W,YDR202C,0,-5.235159,0.05669655650854111,0.19599999487400055,0.3260999917984009
YDR448W,YGL112C,1,-5.2352085,0.05696934461593628,0.19699999690055847,0.3260999917984009
YDR188W,YBL061C,0,-5.235285,0.05695287510752678,0.19699999690055847,0.326200008392334
YGL130W,YBL082C,0,-5.235478,0.056936416774988174,0.19699999690055847,0.3262999951839447
YML104C,YBR172C,0,-5.2357483,0.05691996589303017,0.19699999690055847,0.3264000117778778
YOR087W,YDL042C,0,-5.2358046,0.056903522461652756,0.19699999690055847,0.3264999985694885
YNL214W,YPR188C,0,-5.235917,0.05688709393143654,0.19699999690055847,0.32659998536109924
YKR076W,YOL135C,0,-5.236285,0.05687066912651062,0.19699999690055847,0.32670000195503235
YGR147C,YMR246W,1,-5.2369595,0.05714285746216774,0.1979999989271164,0.32670000195503235
YJR110W,YER165W,0,-5.2371817,0.05712636932730675,0.1979999989271164,0.32679998874664307
YDR448W,YBR084W,1,-5.2376566,0.05739832669496536,0.19900000095367432,0.32679998874664307
YIR041W,YIL033C,0,-5.237831,0.057381775230169296,0.19900000095367432,0.32690000534057617
YER177W,YLR260W,0,-5.2381253,0.057365234941244125,0.19900000095367432,0.3269999921321869
YMR246W,YOR034C,1,-5.2381434,0.05763688683509827,0.20000000298023224,0.3269999921321869
YCL066W,YJR108W,0,-5.238329,0.05762028321623802,0.20000000298023224,0.32710000872612
YBR026C,YGL245W,0,-5.2383432,0.057603687047958374,0.20000000298023224,0.3271999955177307
YCL038C,YPL097W,0,-5.2386045,0.05758710205554962,0.20000000298023224,0.3273000121116638
YDR085C,YLR170C,0,-5.2388263,0.057570524513721466,0.20000000298023224,0.32739999890327454
YMR277W,YDR473C,0,-5.2389073,0.057553958147764206,0.20000000298023224,0.32749998569488525
YOR126C,YER082C,0,-5.239044,0.05753739923238754,0.20000000298023224,0.32760000228881836
YNL214W,YNL036W,0,-5.240148,0.057520851492881775,0.20000000298023224,0.3276999890804291
YMR219W,YML041C,0,-5.240309,0.057504311203956604,0.20000000298023224,0.3278000056743622
YPR191W,YGL150C,0,-5.240621,0.05748778209090233,0.20000000298023224,0.3278999924659729
YHR084W,YOL001W,0,-5.2407265,0.05747126415371895,0.20000000298023224,0.328000009059906
YBR160W,YPL164C,0,-5.2410536,0.057454753667116165,0.20000000298023224,0.3280999958515167
YGL130W,YDL059C,0,-5.241432,0.05743825435638428,0.20000000298023224,0.32820001244544983
YPL033C,YOR346W,0,-5.241492,0.057421762496232986,0.20000000298023224,0.32829999923706055
YGR143W,YLR347C,0,-5.2415733,0.05740528181195259,0.20000000298023224,0.32839998602867126
YOR126C,YKR025W,0,-5.2417006,0.05738880857825279,0.20000000298023224,0.32850000262260437
YAR008W,YPL057C,0,-5.2419977,0.05737234652042389,0.20000000298023224,0.3285999894142151
YNL051W,YGL012W,0,-5.242032,0.05735589191317558,0.20000000298023224,0.3287000060081482
YHR106W,YBR021W,0,-5.242044,0.05733944848179817,0.20000000298023224,0.3287999927997589
YBR057C,YKR019C,0,-5.2429285,0.057323016226291656,0.20000000298023224,0.328900009393692
YOL017W,YPR088C,0,-5.242997,0.05730659142136574,0.20000000298023224,0.32899999618530273
YDR439W,YDL201W,0,-5.243059,0.057290174067020416,0.20000000298023224,0.32910001277923584
YLR223C,YCR033W,0,-5.24376,0.05727376788854599,0.20000000298023224,0.32919999957084656
YJL222W,YFL021W,0,-5.2439036,0.05725737288594246,0.20000000298023224,0.3292999863624573
YDR335W,YBR026C,0,-5.2439466,0.057240985333919525,0.20000000298023224,0.3294000029563904
YOR078W,YGL022W,0,-5.2444553,0.05722460523247719,0.20000000298023224,0.3294999897480011
YHR139C,YPR101W,0,-5.2445083,0.057208236306905746,0.20000000298023224,0.3296000063419342
YHR072W-A,YJL191W,0,-5.244531,0.0571918785572052,0.20000000298023224,0.3296999931335449
YBR082C,YGR101W,0,-5.2454076,0.05717552825808525,0.20000000298023224,0.329800009727478
YML065W,YNR057C,0,-5.245476,0.0571591891348362,0.20000000298023224,0.32989999651908875
YOR083W,YJR139C,0,-5.2457824,0.05714285746216774,0.20000000298023224,0.33000001311302185
YIL076W,YPR175W,0,-5.246206,0.05712653696537018,0.20000000298023224,0.33009999990463257
YPR164W,YOR334W,0,-5.246275,0.057110223919153214,0.20000000298023224,0.3301999866962433
YPR082C,YJL076W,0,-5.2469835,0.057093918323516846,0.20000000298023224,0.3303000032901764
YJL074C,YKL201C,0,-5.247101,0.05707762390375137,0.20000000298023224,0.3303999900817871
YOL034W,YFR008W,0,-5.2473555,0.057061340659856796,0.20000000298023224,0.3305000066757202
YCR084C,YPL059W,0,-5.247599,0.057045064866542816,0.20000000298023224,0.33059999346733093
YJR001W,YOL104C,0,-5.2476068,0.05702880024909973,0.20000000298023224,0.33070001006126404
YBL022C,YPL152W,0,-5.2476935,0.057012543082237244,0.20000000298023224,0.33079999685287476
YML095C,YKL056C,0,-5.247738,0.05699629709124565,0.20000000298023224,0.33090001344680786
YKR036C,YHR043C,0,-5.2477956,0.056980058550834656,0.20000000298023224,0.3310000002384186
YGL006W,YBR093C,0,-5.24787,0.05696382746100426,0.20000000298023224,0.3310999870300293
YDR172W,YIR005W,0,-5.247937,0.056947607547044754,0.20000000298023224,0.3312000036239624
YER015W,YLL002W,1,-5.248047,0.05721605569124222,0.20100000500679016,0.3312000036239624
YPR187W,YER109C,0,-5.2480793,0.05719977244734764,0.20100000500679016,0.3312999904155731
YPR134W,YOR353C,0,-5.2482824,0.05718350037932396,0.20100000500679016,0.3314000070095062
YJR091C,YDL134C,0,-5.248437,0.057167235761880875,0.20100000500679016,0.33149999380111694
YOR109W,YGR101W,0,-5.2485266,0.057150982320308685,0.20100000500679016,0.33160001039505005
YDL015C,YPL240C,0,-5.2490034,0.05713473632931709,0.20100000500679016,0.33169999718666077
YBL045C,YBR231C,0,-5.2498045,0.0571184977889061,0.20100000500679016,0.33180001378059387
YOL145C,YEL051W,0,-5.2500143,0.057102274149656296,0.20100000500679016,0.3319000005722046
YGL167C,YIL128W,0,-5.250024,0.05708605423569679,0.20100000500679016,0.3319999873638153
YLR427W,YNL241C,0,-5.250053,0.057069845497608185,0.20100000500679016,0.3321000039577484
YOL125W,YOR348C,0,-5.2500887,0.05705364793539047,0.20100000500679016,0.33219999074935913
YPR164W,YML064C,0,-5.2502565,0.05703745782375336,0.20100000500679016,0.33230000734329224
YPL132W,YDR059C,0,-5.2503023,0.05702127516269684,0.20100000500679016,0.33239999413490295
YKR056W,YKL179C,0,-5.251086,0.057005103677511215,0.20100000500679016,0.33250001072883606
YML127W,YHR085W,0,-5.2511683,0.05698894336819649,0.20100000500679016,0.3325999975204468
YMR011W,YOL021C,0,-5.251775,0.05697279050946236,0.20100000500679016,0.3327000141143799
YDR301W,YPR108W,0,-5.251836,0.05695664510130882,0.20100000500679016,0.3328000009059906
YOR045W,YDR052C,0,-5.2520084,0.056940510869026184,0.20100000500679016,0.3328999876976013
YDR345C,YPR141C,0,-5.252463,0.05692438408732414,0.20100000500679016,0.3330000042915344
YDR247W,YOR211C,0,-5.2527075,0.056908268481492996,0.20100000500679016,0.33309999108314514
YHL031C,YDL112W,0,-5.252734,0.05689216032624245,0.20100000500679016,0.33320000767707825
YJL024C,YOL091W,0,-5.2532067,0.056876059621572495,0.20100000500679016,0.33329999446868896
YJL074C,YDR432W,0,-5.2533307,0.05685997009277344,0.20100000500679016,0.33340001106262207
YGR180C,YKL009W,0,-5.2533903,0.056843891739845276,0.20100000500679016,0.3334999978542328
YDR448W,YOR023C,1,-5.2534995,0.05711054429411888,0.20200000703334808,0.3334999978542328
YPL006W,YKR061W,0,-5.2535744,0.057094402611255646,0.20200000703334808,0.3336000144481659
YDR256C,YJL191W,0,-5.254348,0.057078272104263306,0.20200000703334808,0.3337000012397766
YHL011C,YJR119C,0,-5.2543583,0.057062145322561264,0.20200000703334808,0.33379998803138733
YLR147C,YBR297W,0,-5.254591,0.057046033442020416,0.20200000703334808,0.33390000462532043
YNL075W,YGL232W,0,-5.254598,0.05702992528676987,0.20200000703334808,0.33399999141693115
YGL001C,YNL317W,0,-5.2548213,0.05701382830739021,0.20200000703334808,0.33410000801086426
YAR007C,YJL173C,0,-5.254875,0.056997742503881454,0.20200000703334808,0.334199994802475
YJL008C,YLR228C,0,-5.255657,0.05698166415095329,0.20200000703334808,0.3343000113964081
YJR001W,YIL073C,0,-5.255706,0.05696559324860573,0.20200000703334808,0.3343999981880188
YGR145W,YJR144W,0,-5.2558517,0.05694953352212906,0.20200000703334808,0.3345000147819519
YPL047W,YGR191W,0,-5.25595,0.056933484971523285,0.20200000703334808,0.3346000015735626
YDL105W,YGL054C,0,-5.2560186,0.05691744014620781,0.20200000703334808,0.33469998836517334
YDR378C,YOL164W,0,-5.256216,0.05690141022205353,0.20200000703334808,0.33480000495910645
YGL153W,YPR199C,0,-5.2564363,0.056885384023189545,0.20200000703334808,0.33489999175071716
YMR012W,YER127W,0,-5.2567406,0.05686936900019646,0.20200000703334808,0.33500000834465027
YER082C,YER117W,0,-5.256825,0.056853365153074265,0.20200000703334808,0.335099995136261
YPR016C,YDR228C,0,-5.2570434,0.05683736503124237,0.20200000703334808,0.3352000117301941
YFL017W-A,YBR175W,0,-5.2575693,0.05682137981057167,0.20200000703334808,0.3352999985218048
YDR086C,YLR275W,0,-5.2579803,0.05680539831519127,0.20200000703334808,0.3353999853134155
YKL068W,YPR200C,0,-5.258037,0.05678942799568176,0.20200000703334808,0.33550000190734863
YOR308C,YPR074C,0,-5.2581115,0.05677346885204315,0.20200000703334808,0.33559998869895935
YKR090W,YDR323C,0,-5.2581778,0.05675751715898514,0.20200000703334808,0.33570000529289246
YPR005C,YDR182W,0,-5.2589693,0.05674157291650772,0.20200000703334808,0.3357999920845032
YBL078C,YBR298C,0,-5.259082,0.0567256398499012,0.20200000703334808,0.3359000086784363
YFL056C,YBR102C,0,-5.2597294,0.056709714233875275,0.20200000703334808,0.335999995470047
YFR052W,YML011C,0,-5.259966,0.05669379606842995,0.20200000703334808,0.3361000120639801
YLR383W,YJL034W,0,-5.260233,0.056677889078855515,0.20200000703334808,0.3361999988555908
YOR274W,YHR043C,0,-5.2602553,0.05666199326515198,0.20200000703334808,0.33629998564720154
YPR083W,YBR202W,0,-5.260443,0.05664610117673874,0.20200000703334808,0.33640000224113464
YHL022C,YMR083W,0,-5.260724,0.056630220264196396,0.20200000703334808,0.33649998903274536
YGR144W,YMR204C,0,-5.2610884,0.05661435052752495,0.20200000703334808,0.33660000562667847
YJL102W,YBR106W,0,-5.261386,0.0565984882414341,0.20200000703334808,0.3366999924182892
YJR042W,YKR035W-A,0,-5.261557,0.05658263340592384,0.20200000703334808,0.3368000090122223
YOL110W,YEL066W,1,-5.2617083,0.05684681981801987,0.2029999941587448,0.3368000090122223
YHL038C,YPL092W,0,-5.2619734,0.05683090537786484,0.2029999941587448,0.336899995803833
YGR180C,YDR013W,0,-5.2622375,0.056815002113580704,0.2029999941587448,0.3370000123977661
YOR351C,YBR106W,0,-5.2622404,0.05679910629987717,0.2029999941587448,0.33709999918937683
YCL004W,YLR223C,0,-5.2627077,0.05678321793675423,0.2029999941587448,0.33719998598098755
YLR016C,YHR004C,0,-5.2627325,0.056767337024211884,0.2029999941587448,0.33730000257492065
YFR052W,YDR363W,0,-5.2627325,0.056751467287540436,0.2029999941587448,0.33739998936653137
YCL010C,YLR195C,1,-5.2636023,0.05701509118080139,0.20399999618530273,0.33739998936653137
YBL061C,YLR039C,0,-5.2637844,0.05699916183948517,0.20399999618530273,0.3375000059604645
YKL040C,YFR031C,0,-5.2638226,0.05698323994874954,0.20399999618530273,0.3375999927520752
YJL139C,YPR186C,0,-5.263947,0.05696732923388481,0.20399999618530273,0.3377000093460083
YBR084W,YJL081C,1,-5.264494,0.05723059922456741,0.20499999821186066,0.3377000093460083
YIL095W,YOR001W,0,-5.2646523,0.05721462517976761,0.20499999821186066,0.337799996137619
YMR001C,YML036W,0,-5.2647123,0.0571986623108387,0.20499999821186066,0.3379000127315521
YOL008W,YDR301W,0,-5.2654495,0.05718270689249039,0.20499999821186066,0.33799999952316284
YMR246W,YHR013C,1,-5.2656345,0.057445622980594635,0.20600000023841858,0.33799999952316284
YOR344C,YPL010W,0,-5.2656937,0.05742960795760155,0.20600000023841858,0.33809998631477356
YLR423C,YFL041W,0,-5.2656994,0.057413600385189056,0.20600000023841858,0.33820000290870667
YDR076W,YPL212C,0,-5.2657814,0.05739760398864746,0.20600000023841858,0.3382999897003174
YBR020W,YKL129C,0,-5.265858,0.05738161504268646,0.20600000023841858,0.3384000062942505
YKL053C-A,YGL245W,0,-5.265897,0.05736563727259636,0.20600000023841858,0.3384999930858612
YJL102W,YGR033C,0,-5.265977,0.05734966695308685,0.20600000023841858,0.3386000096797943
YGL127C,YAR015W,0,-5.2662992,0.057333704084157944,0.20600000023841858,0.33869999647140503
YJL085W,YOL125W,0,-5.2663145,0.05731775239109993,0.20600000023841858,0.33880001306533813
YEL053C,YPR131C,1,-5.266616,0.057579971849918365,0.2070000022649765,0.33880001306533813
YLR433C,YNR017W,0,-5.2667165,0.057563960552215576,0.2070000022649765,0.33889999985694885
YOR081C,YGR204W,0,-5.2668104,0.057547956705093384,0.2070000022649765,0.33899998664855957
YNL307C,YKL140W,0,-5.267137,0.05753196403384209,0.2070000022649765,0.3391000032424927
YMR135C,YPR107C,0,-5.2672987,0.05751597508788109,0.2070000022649765,0.3391999900341034
YBL013W,YLR319C,0,-5.267338,0.057500001043081284,0.2070000022649765,0.3393000066280365
YFL031W,YBR131W,0,-5.2675314,0.05748403072357178,0.2070000022649765,0.3393999934196472
YCR031C,YGR238C,0,-5.2679105,0.057468071579933167,0.2070000022649765,0.3395000100135803
YGL200C,YML075C,0,-5.267938,0.05745212361216545,0.2070000022649765,0.33959999680519104
YGL137W,YDL031W,0,-5.2682467,0.05743618309497833,0.2070000022649765,0.33970001339912415
YFR041C,YOL080C,0,-5.268339,0.05742025002837181,0.2070000022649765,0.33980000019073486
YNL307C,YKL058W,0,-5.269044,0.057404324412345886,0.2070000022649765,0.3398999869823456
YOL067C,YHR004C,0,-5.2693386,0.05738840997219086,0.2070000022649765,0.3400000035762787
YDR037W,YPR002W,0,-5.2693477,0.05737250670790672,0.2070000022649765,0.3400999903678894
YDL059C,YNL055C,0,-5.2695026,0.05735660716891289,0.2070000022649765,0.3402000069618225
YGR143W,YGR090W,0,-5.26974,0.05734071880578995,0.2070000022649765,0.3402999937534332
YIL132C,YBR070C,0,-5.2700205,0.0573248416185379,0.2070000022649765,0.34040001034736633
YIR019C,YAR015W,0,-5.270082,0.057308971881866455,0.2070000022649765,0.34049999713897705
YHR114W,YER127W,0,-5.270159,0.057293109595775604,0.2070000022649765,0.34060001373291016
YDR146C,YJL157C,0,-5.2703037,0.05727725476026535,0.2070000022649765,0.3407000005245209
YLR106C,YBR002C,0,-5.2703457,0.05726141110062599,0.2070000022649765,0.3407999873161316
YDR005C,YER031C,0,-5.270402,0.05724557489156723,0.2070000022649765,0.3409000039100647
YOR116C,YPL140C,0,-5.2704496,0.057229749858379364,0.2070000022649765,0.3409999907016754
YGR147C,YOR317W,1,-5.2707434,0.05749032646417618,0.20800000429153442,0.3409999907016754
YEL022W,YKL056C,0,-5.270998,0.057474441826343536,0.20800000429153442,0.3411000072956085
YLL040C,YKR065C,0,-5.271345,0.05745856463909149,0.20800000429153442,0.34119999408721924
YDL232W,YER165W,0,-5.271672,0.057442694902420044,0.20800000429153442,0.34130001068115234
YIL036W,YLL009C,0,-5.2718353,0.05742683634161949,0.20800000429153442,0.34139999747276306
YFR030W,YHR079C,0,-5.271956,0.057410985231399536,0.20800000429153442,0.34150001406669617
YLR195C,YBR081C,1,-5.272254,0.05767108127474785,0.20900000631809235,0.34150001406669617
YGR075C,YPL050C,0,-5.272633,0.05765517055988312,0.20900000631809235,0.3416000008583069
YER118C,YOL165C,0,-5.2726917,0.05763927102088928,0.20900000631809235,0.3416999876499176
YDR419W,YOL028C,0,-5.273231,0.057623378932476044,0.20900000631809235,0.3418000042438507
YDR141C,YML025C,0,-5.273327,0.0576074980199337,0.20900000631809235,0.3418999910354614
YHR161C,YHR098C,0,-5.273335,0.057591624557971954,0.20900000631809235,0.34200000762939453
YFL002C,YHR059W,0,-5.273491,0.057575758546590805,0.20900000631809235,0.34209999442100525
YDR016C,YCR008W,0,-5.2737594,0.05755989998579025,0.20900000631809235,0.34220001101493835
YKL012W,YOR373W,0,-5.2737665,0.057544052600860596,0.20900000631809235,0.3422999978065491
YBR207W,YPL138C,0,-5.274025,0.057528212666511536,0.20900000631809235,0.3424000144004822
YML099C,YDL064W,0,-5.274194,0.05751238390803337,0.20900000631809235,0.3425000011920929
YCL061C,YML073C,0,-5.2741995,0.0574965626001358,0.20900000631809235,0.3425999879837036
YBL011W,YJR094C,0,-5.2742615,0.05748074874281883,0.20900000631809235,0.3427000045776367
YML043C,YOR156C,0,-5.274629,0.05746494233608246,0.20900000631809235,0.34279999136924744
YIL139C,YGR222W,0,-5.274952,0.05744914710521698,0.20900000631809235,0.34290000796318054
YOR353C,YLR014C,0,-5.274991,0.0574333593249321,0.20900000631809235,0.34299999475479126
YNL232W,YPL167C,0,-5.2753673,0.05741758272051811,0.20900000631809235,0.34310001134872437
YPR168W,YPR107C,0,-5.2756405,0.05740181356668472,0.20900000631809235,0.3431999981403351
YHR056C,YGL071W,0,-5.275759,0.05738605186343193,0.20900000631809235,0.3433000147342682
YDR481C,YOL115W,0,-5.2758913,0.057370297610759735,0.20900000631809235,0.3434000015258789
YBR030W,YOR003W,0,-5.2761774,0.057354554533958435,0.20900000631809235,0.3434999883174896
YJL054W,YPL097W,0,-5.27624,0.05733881890773773,0.20900000631809235,0.34360000491142273
YBR193C,YLR383W,0,-5.27641,0.057323094457387924,0.20900000631809235,0.34369999170303345
YMR073C,YGL099W,0,-5.2767134,0.05730737745761871,0.20900000631809235,0.34380000829696655
YOR151C,YFL059W,0,-5.2772264,0.0572916679084301,0.20900000631809235,0.34389999508857727
YKL022C,YDL039C,0,-5.277682,0.05727596580982208,0.20900000631809235,0.3440000116825104
YJR135W-A,YGR029W,0,-5.277807,0.05726027488708496,0.20900000631809235,0.3440999984741211
YPL122C,YBR106W,0,-5.277836,0.057244591414928436,0.20900000631809235,0.3441999852657318
YGR059W,YBL023C,0,-5.2790146,0.05722891539335251,0.20900000631809235,0.3443000018596649
YLR195C,YMR246W,1,-5.279025,0.05748699605464935,0.20999999344348907,0.3443000018596649
YOR274W,YAL013W,0,-5.2790427,0.05747126415371895,0.20999999344348907,0.34439998865127563
YLR098C,YCR082W,0,-5.2794137,0.05745553970336914,0.20999999344348907,0.34450000524520874
YNL333W,YOL066C,0,-5.279415,0.05743982642889023,0.20999999344348907,0.34459999203681946
YML102W,YGR077C,0,-5.27992,0.057424116879701614,0.20999999344348907,0.34470000863075256
YHL020C,YER041W,0,-5.280242,0.057408418506383896,0.20999999344348907,0.3447999954223633
YHL047C,YHR150W,0,-5.2804084,0.05739273130893707,0.20999999344348907,0.3449000120162964
YMR243C,YLL003W,0,-5.2807426,0.05737704783678055,0.20999999344348907,0.3449999988079071
YOR226C,YML071C,0,-5.28122,0.05736137554049492,0.20999999344348907,0.3450999855995178
YBR084W,YGR002C,1,-5.2812576,0.05761878937482834,0.210999995470047,0.3450999855995178
YDL235C,YDR464W,0,-5.281666,0.057603057473897934,0.210999995470047,0.3452000021934509
YDL080C,YPL138C,0,-5.2818494,0.057587336748838425,0.210999995470047,0.34529998898506165
YFR047C,YHR178W,0,-5.2819614,0.05757162347435951,0.210999995470047,0.34540000557899475
YGR239C,YDR363W,0,-5.2823305,0.0575559176504612,0.210999995470047,0.34549999237060547
YLR130C,YHR081W,0,-5.2826633,0.05754022300243378,0.210999995470047,0.3456000089645386
YHR027C,YOR206W,0,-5.282897,0.057524535804986954,0.210999995470047,0.3456999957561493
YDR219C,YFL059W,0,-5.2832127,0.057508859783411026,0.210999995470047,0.3458000123500824
YHR099W,YBL052C,1,-5.283659,0.057765666395425797,0.21199999749660492,0.3458000123500824
YPR124W,YDR140W,0,-5.283663,0.05774993076920509,0.21199999749660492,0.3458999991416931
YJL115W,YBR081C,1,-5.283814,0.05800653621554375,0.21299999952316284,0.3458999991416931
YJL071W,YKL125W,0,-5.283858,0.05799074470996857,0.21299999952316284,0.34599998593330383
YJL054W,YDR083W,0,-5.2840176,0.057974960654973984,0.21299999952316284,0.34610000252723694
YIL084C,YLL024C,0,-5.284061,0.05795918405056,0.21299999952316284,0.34619998931884766
YOL016C,YNL106C,0,-5.2841597,0.05794341489672661,0.21299999952316284,0.34630000591278076
YNR058W,YFR053C,0,-5.284351,0.057927656918764114,0.21299999952316284,0.3463999927043915
YIL048W,YCR066W,0,-5.284471,0.057911910116672516,0.21299999952316284,0.3465000092983246
YPR041W,YAL021C,0,-5.285018,0.057896167039871216,0.21299999952316284,0.3465999960899353
YHL048W,YKR014C,0,-5.285022,0.05788043513894081,0.21299999952316284,0.3467000126838684
YIL159W,YOR058C,0,-5.285305,0.057864710688591,0.21299999952316284,0.3467999994754791
YFL056C,YIR018W,0,-5.2853155,0.05784899368882179,0.21299999952316284,0.34689998626708984
YKL053C-A,YDL185W,0,-5.2853775,0.05783328786492348,0.21299999952316284,0.34700000286102295
YHR099W,YOL110W,1,-5.285763,0.058089032769203186,0.21400000154972076,0.34700000286102295
YCL044C,YKL117W,0,-5.2857947,0.058073271065950394,0.21400000154972076,0.34709998965263367
YKL054C,YOR298C-A,0,-5.286255,0.0580575130879879,0.21400000154972076,0.3472000062465668
YOR217W,YLR039C,0,-5.2862844,0.0580417700111866,0.21400000154972076,0.3472999930381775
YOL109W,YNL004W,0,-5.2863007,0.0580260306596756,0.21400000154972076,0.3474000096321106
YGL035C,YHR073W,0,-5.2863646,0.05801030248403549,0.21400000154972076,0.3474999964237213
YGL047W,YER168C,0,-5.2865896,0.05799458175897598,0.21400000154972076,0.3476000130176544
YAL058W,YGR206W,0,-5.2867837,0.05797886848449707,0.21400000154972076,0.34769999980926514
YLR427W,YEL050C,0,-5.286811,0.057963162660598755,0.21400000154972076,0.34779998660087585
YDR277C,YNL139C,0,-5.2872047,0.057947468012571335,0.21400000154972076,0.34790000319480896
YLR195C,YDR392W,1,-5.287567,0.05820249021053314,0.2150000035762787,0.34790000319480896
YKL092C,YJL047C,0,-5.2876596,0.058186739683151245,0.2150000035762787,0.3479999899864197
YHR175W,YGL209W,0,-5.2877026,0.058170996606349945,0.2150000035762787,0.3481000065803528
YBL052C,YEL056W,1,-5.287956,0.05842575058341026,0.2160000056028366,0.3481000065803528
YOL076W,YFL024C,1,-5.2882175,0.05868036672472954,0.21699999272823334,0.3481000065803528
YHR024C,YGR247W,0,-5.2888126,0.05866450443863869,0.21699999272823334,0.3481999933719635
YHL006C,YBL106C,0,-5.288913,0.05864864960312843,0.21699999272823334,0.3483000099658966
YPL145C,YMR089C,0,-5.289298,0.058632802218198776,0.21699999272823334,0.3483999967575073
YGL219C,YGL236C,0,-5.289356,0.058616962283849716,0.21699999272823334,0.34850001335144043
YBR084W,YOR317W,1,-5.289369,0.05887118726968765,0.21799999475479126,0.34850001335144043
YML013W,YJR010C-A,0,-5.289797,0.058855291455984116,0.21799999475479126,0.34860000014305115
YOR267C,YPR108W,0,-5.2898602,0.058839406818151474,0.21799999475479126,0.34869998693466187
YDL224C,YJL039C,0,-5.290189,0.05882352963089943,0.21799999475479126,0.34880000352859497
YLR342W,YOR137C,0,-5.290414,0.05880765989422798,0.21799999475479126,0.3488999903202057
YKL040C,YLR249W,0,-5.290415,0.05879180133342743,0.21799999475479126,0.3490000069141388
YOR209C,YHR094C,0,-5.290456,0.058775950223207474,0.21799999475479126,0.3490999937057495
YNR072W,YBL014C,0,-5.2906213,0.058760106563568115,0.21799999475479126,0.3492000102996826
YDL178W,YNL015W,0,-5.291103,0.05874427407979965,0.21799999475479126,0.34929999709129333
YLR051C,YJR042W,0,-5.291261,0.058728449046611786,0.21799999475479126,0.34940001368522644
YHR099W,YPL001W,1,-5.2912836,0.05898195505142212,0.21899999678134918,0.34940001368522644
YDL143W,YPR002W,0,-5.291443,0.058966074138879776,0.21899999678134918,0.34950000047683716
YPL116W,YLR371W,0,-5.291632,0.05895020067691803,0.21899999678134918,0.3495999872684479
YBR040W,YJL183W,0,-5.2918067,0.05893433839082718,0.21899999678134918,0.349700003862381
YMR138W,YML042W,0,-5.2919254,0.058918483555316925,0.21899999678134918,0.3497999906539917
YGL084C,YDR270W,0,-5.2919264,0.05890263617038727,0.21899999678134918,0.3499000072479248
YPR183W,YNL099C,0,-5.2927046,0.05888679623603821,0.21899999678134918,0.3499999940395355
YOR317W,YHR090C,1,-5.2927628,0.059139784425497055,0.2199999988079071,0.3499999940395355
YJL115W,YLR195C,1,-5.2929225,0.05939263477921486,0.22100000083446503,0.3499999940395355
YBR118W,YLL013C,0,-5.2929564,0.05937667936086655,0.22100000083446503,0.35010001063346863
YJR086W,YJL061W,0,-5.293111,0.05936073139309883,0.22100000083446503,0.35019999742507935
YER179W,YER027C,0,-5.293207,0.05934479087591171,0.22100000083446503,0.35030001401901245
YAL032C,YGR247W,0,-5.293386,0.05932885780930519,0.22100000083446503,0.35040000081062317
YPL147W,YGR010W,0,-5.2933984,0.059312935918569565,0.22100000083446503,0.3504999876022339
YKR056W,YDR212W,0,-5.2937555,0.059297021478414536,0.22100000083446503,0.350600004196167
YOL076W,YGL066W,1,-5.2938027,0.05954935774207115,0.22200000286102295,0.350600004196167
YNR016C,YIR013C,0,-5.293828,0.059533387422561646,0.22200000286102295,0.3506999909877777
YIL019W,YBR068C,0,-5.293871,0.059517424553632736,0.22200000286102295,0.3508000075817108
YNL090W,YBR182C,0,-5.2941036,0.05950147286057472,0.22200000286102295,0.35089999437332153
YBR243C,YML112W,0,-5.2942605,0.059485532343387604,0.22200000286102295,0.35100001096725464
YPL095C,YNL059C,0,-5.294382,0.059469595551490784,0.22200000286102295,0.35109999775886536
YGL094C,YAR018C,0,-5.294403,0.05945366993546486,0.22200000286102295,0.35120001435279846
YMR183C,YMR104C,0,-5.294626,0.05943775177001953,0.22200000286102295,0.3513000011444092
YNL307C,YDR311W,0,-5.2948008,0.0594218410551548,0.22200000286102295,0.3513999879360199
YNL332W,YLR059C,0,-5.2952957,0.059405941516160965,0.22200000286102295,0.351500004529953
YJL095W,YJL134W,0,-5.2954435,0.059390049427747726,0.22200000286102295,0.3515999913215637
YJL063C,YJL092W,0,-5.2956276,0.059374164789915085,0.22200000286102295,0.3517000079154968
YDR097C,YLR363C,0,-5.2956724,0.05935828760266304,0.22200000286102295,0.35179999470710754
YPR188C,YLR008C,0,-5.2956877,0.05934242159128189,0.22200000286102295,0.35190001130104065
YBL006C,YHR006W,0,-5.2959585,0.05932656303048134,0.22200000286102295,0.35199999809265137
YNL267W,YBR298C,0,-5.2966013,0.05931071192026138,0.22200000286102295,0.3521000146865845
YKR053C,YIL115C,0,-5.297207,0.05929487198591232,0.22200000286102295,0.3522000014781952
YIL123W,YBR170C,0,-5.297374,0.05927903950214386,0.22200000286102295,0.3522999882698059
YOL009C,YPL092W,0,-5.2974186,0.059263214468955994,0.22200000286102295,0.352400004863739
YFR041C,YBL106C,0,-5.297452,0.059247396886348724,0.22200000286102295,0.35249999165534973
YHL022C,YKR008W,0,-5.2975364,0.05923159047961235,0.22200000286102295,0.35260000824928284
YER111C,YCR084C,0,-5.297743,0.059215791523456573,0.22200000286102295,0.35269999504089355
YPL121C,YER032W,0,-5.2980347,0.05920000001788139,0.22200000286102295,0.35280001163482666
YHL027W,YBR267W,0,-5.2984757,0.05918421596288681,0.22200000286102295,0.3528999984264374
YGR040W,YGR197C,0,-5.298813,0.05916844308376312,0.22200000286102295,0.3529999852180481
YLR134W,YBR102C,0,-5.2988997,0.05915267765522003,0.22200000286102295,0.3531000018119812
YPR031W,YEL056W,1,-5.2993784,0.059403304010629654,0.22300000488758087,0.3531000018119812
YFL049W,YNL106C,0,-5.2995515,0.059387482702732086,0.22300000488758087,0.3531999886035919
YNL070W,YNR035C,0,-5.2995806,0.059371672570705414,0.22300000488758087,0.353300005197525
YML062C,YER018C,0,-5.2996154,0.05935586988925934,0.22300000488758087,0.35339999198913574
YCR091W,YPL029W,0,-5.2996254,0.05934007465839386,0.22300000488758087,0.35350000858306885
YHR090C,YBR081C,1,-5.2998266,0.05959031730890274,0.2240000069141388,0.35350000858306885
YDR143C,YBR142W,0,-5.3004723,0.059574469923973083,0.2240000069141388,0.35359999537467957
YDL040C,YMR246W,1,-5.300543,0.059824515134096146,0.22499999403953552,0.35359999537467957
YDL093W,YMR012W,0,-5.3005724,0.05980861186981201,0.22499999403953552,0.35370001196861267
YMR267W,YDL200C,0,-5.3009386,0.05979271978139877,0.22499999403953552,0.3537999987602234
YDR495C,YGR289C,0,-5.301053,0.05977683141827583,0.22499999403953552,0.3538999855518341
YGL233W,YLR163C,0,-5.301194,0.05976095795631409,0.22499999403953552,0.3540000021457672
YPR193C,YOL148C,1,-5.3012395,0.060010623186826706,0.22599999606609344,0.3540000021457672
YGL100W,YOR007C,0,-5.301243,0.059994690120220184,0.22599999606609344,0.35409998893737793
YPL131W,YMR016C,0,-5.302977,0.05997876822948456,0.22599999606609344,0.35420000553131104
YIL013C,YDL185W,0,-5.3030596,0.05996285378932953,0.22599999606609344,0.35429999232292175
YHR013C,YGR002C,1,-5.3031006,0.06021220237016678,0.22699999809265137,0.35429999232292175
YNL197C,YBR072W,0,-5.3035493,0.06019623577594757,0.22699999809265137,0.35440000891685486
YDR369C,YBL078C,0,-5.3035717,0.06018027663230896,0.22699999809265137,0.3544999957084656
YER007W,YER049W,0,-5.304268,0.060164324939250946,0.22699999809265137,0.3546000123023987
YKL034W,YDL029W,0,-5.304428,0.06014838442206383,0.22699999809265137,0.3546999990940094
YDR369C,YDL006W,0,-5.304545,0.060132451355457306,0.22699999809265137,0.3547999858856201
YJL085W,YLR371W,0,-5.3045964,0.06011652573943138,0.22699999809265137,0.3549000024795532
YER020W,YHR075C,0,-5.3046713,0.06010060757398605,0.22699999809265137,0.35499998927116394
YJR121W,YEL030W,0,-5.304677,0.06008470058441162,0.22699999809265137,0.35510000586509705
YGR075C,YBR145W,0,-5.3047266,0.060068801045417786,0.22699999809265137,0.35519999265670776
YNL230C,YML098W,0,-5.304856,0.06005290895700455,0.22699999809265137,0.35530000925064087
YER178W,YMR096W,0,-5.3056917,0.060037028044462204,0.22699999809265137,0.3553999960422516
YJR084W,YAL040C,0,-5.3057737,0.06002115458250046,0.22699999809265137,0.3555000126361847
YHR190W,YMR204C,0,-5.305835,0.06000528857111931,0.22699999809265137,0.3555999994277954
YLR016C,YMR011W,0,-5.306071,0.059989430010318756,0.22699999809265137,0.35569998621940613
YDR448W,YFL024C,1,-5.306553,0.06023778021335602,0.2280000001192093,0.35569998621940613
YLR205C,YPR175W,0,-5.3065815,0.06022186949849129,0.2280000001192093,0.35580000281333923
YMR125W,YAR019C,0,-5.3065834,0.06020596623420715,0.2280000001192093,0.35589998960494995
YIL036W,YGL017W,0,-5.306694,0.060190074145793915,0.2280000001192093,0.35600000619888306
YDL088C,YNL016W,0,-5.3067007,0.06017418950796127,0.2280000001192093,0.3560999929904938
YOR002W,YLR010C,0,-5.306953,0.06015831232070923,0.2280000001192093,0.3562000095844269
YNL093W,YDR469W,0,-5.3078156,0.06014244258403778,0.2280000001192093,0.3562999963760376
YDL209C,YDR451C,0,-5.308115,0.06012658402323723,0.2280000001192093,0.3564000129699707
YJL087C,YCR033W,0,-5.3083777,0.060110729187726974,0.2280000001192093,0.3564999997615814
YNL101W,YDL220C,0,-5.308777,0.060094885528087616,0.2280000001192093,0.35659998655319214
YGR006W,YLR295C,0,-5.3089514,0.06007905304431915,0.2280000001192093,0.35670000314712524
YML081C-A,YGR077C,0,-5.3091373,0.06006322428584099,0.2280000001192093,0.35679998993873596
YHL028W,YLR221C,0,-5.309367,0.06004740670323372,0.2280000001192093,0.35690000653266907
YDR106W,YBR127C,0,-5.309523,0.060031596571207047,0.2280000001192093,0.3569999933242798
YER038C,YNL037C,0,-5.309558,0.06001579388976097,0.2280000001192093,0.3571000099182129
YGR075C,YLR008C,0,-5.31005,0.05999999865889549,0.2280000001192093,0.3571999967098236
YJR052W,YHR007C,0,-5.3100863,0.05998421460390091,0.2280000001192093,0.3573000133037567
YIL118W,YDR288W,0,-5.310101,0.05996843799948692,0.2280000001192093,0.35740000009536743
YNL218W,YBR006W,0,-5.310175,0.059952668845653534,0.2280000001192093,0.35749998688697815
YDR472W,YNL085W,0,-5.3103557,0.05993690714240074,0.2280000001192093,0.35760000348091125
YOL093W,YGL192W,0,-5.310631,0.059921156615018845,0.2280000001192093,0.357699990272522
YDR448W,YDR264C,1,-5.310685,0.060168154537677765,0.2290000021457672,0.357699990272522
YAL047C,YGR092W,0,-5.3106923,0.06015235185623169,0.2290000021457672,0.3578000068664551
YGR165W,YMR021C,0,-5.311026,0.06013655290007591,0.2290000021457672,0.3578999936580658
YPL116W,YDL140C,0,-5.3111715,0.06012076511979103,0.2290000021457672,0.3580000102519989
YPR135W,YDR295C,0,-5.311183,0.060104988515377045,0.2290000021457672,0.3580999970436096
YDL208W,YOR033C,0,-5.3111877,0.06008921563625336,0.2290000021457672,0.3582000136375427
YNL317W,YJR155W,0,-5.311424,0.060073453933000565,0.2290000021457672,0.35830000042915344
YGL251C,YOR231W,0,-5.3116317,0.06005769595503807,0.2290000021457672,0.35839998722076416
YKR099W,YDL154W,0,-5.311636,0.06004194915294647,0.2290000021457672,0.35850000381469727
YNR059W,YBR243C,0,-5.311645,0.06002621352672577,0.2290000021457672,0.358599990606308
YJR102C,YDR054C,0,-5.3119316,0.060010481625795364,0.2290000021457672,0.3587000072002411
YOR087W,YLR144C,0,-5.3120956,0.059994760900735855,0.2290000021457672,0.3587999939918518
YDR473C,YDL042C,0,-5.3124647,0.05997904762625694,0.2290000021457672,0.3589000105857849
YGR286C,YKL148C,0,-5.3126073,0.05996334180235863,0.2290000021457672,0.35899999737739563
YOR047C,YHR094C,0,-5.3126535,0.05994764342904091,0.2290000021457672,0.35910001397132874
YJR066W,YBR002C,0,-5.313078,0.059931956231594086,0.2290000021457672,0.35920000076293945
YKL160W,YEL041W,0,-5.313241,0.05991627275943756,0.2290000021457672,0.35929998755455017
YOR319W,YDR184C,0,-5.3133583,0.05990060046315193,0.2290000021457672,0.3594000041484833
YGR134W,YLR080W,0,-5.313816,0.0598849356174469,0.2290000021457672,0.359499990940094
YOR045W,YML093W,0,-5.31382,0.05986928194761276,0.2290000021457672,0.3596000075340271
YML103C,YCL027W,0,-5.313944,0.059853632003068924,0.2290000021457672,0.3596999943256378
YBR171W,YHR203C,0,-5.314779,0.05983799323439598,0.2290000021457672,0.3598000109195709
YOR064C,YEL056W,1,-5.3154826,0.06008359417319298,0.23000000417232513,0.3598000109195709
YGL084C,YMR202W,0,-5.3156223,0.060067903250455856,0.23000000417232513,0.35989999771118164
YBR084W,YOR023C,1,-5.3157587,0.06031331419944763,0.23100000619888306,0.35989999771118164
YHR096C,YBR196C,0,-5.31595,0.06029757112264633,0.23100000619888306,0.36000001430511475
YPR082C,YML034W,0,-5.3164186,0.06028183549642563,0.23100000619888306,0.36010000109672546
YPL211W,YKR027W,0,-5.316658,0.06026611104607582,0.23100000619888306,0.3601999878883362
YBL051C,YJL167W,0,-5.316661,0.06025039032101631,0.23100000619888306,0.3603000044822693
YDL224C,YNL273W,0,-5.3169084,0.0602346807718277,0.23100000619888306,0.36039999127388
YKL193C,YDR182W,0,-5.3169117,0.06021897867321968,0.23100000619888306,0.3605000078678131
YDR025W,YPR143W,0,-5.3170085,0.06020328402519226,0.23100000619888306,0.36059999465942383
YJL094C,YPR001W,0,-5.318233,0.06018759682774544,0.23100000619888306,0.36070001125335693
YJL208C,YGR007W,0,-5.318398,0.06017192080616951,0.23100000619888306,0.36079999804496765
YDR309C,YBR289W,0,-5.318634,0.06015624850988388,0.23100000619888306,0.36090001463890076
YIR013C,YOR069W,0,-5.3189707,0.06014058738946915,0.23100000619888306,0.3610000014305115
YGL045W,YOL091W,0,-5.319021,0.06012493371963501,0.23100000619888306,0.3610999882221222
YLR329W,YOL115W,0,-5.3190327,0.06010929122567177,0.23100000619888306,0.3612000048160553
YOR239W,YBR030W,0,-5.319415,0.060093652456998825,0.23100000619888306,0.361299991607666
YBR177C,YCR081W,0,-5.3195763,0.06007802486419678,0.23100000619888306,0.3614000082015991
YHR142W,YML088W,0,-5.3197355,0.06006240099668503,0.23100000619888306,0.36149999499320984
YPR094W,YBR040W,0,-5.3198166,0.060046788305044174,0.23100000619888306,0.36160001158714294
YDL154W,YPR037C,0,-5.319906,0.060031186789274216,0.23100000619888306,0.36169999837875366
YPL213W,YKL042W,0,-5.320464,0.060015588998794556,0.23100000619888306,0.3617999851703644
YDR464W,YGL070C,0,-5.3204885,0.05999999865889549,0.23100000619888306,0.3619000017642975
YOR004W,YHR038W,0,-5.3205576,0.059984419494867325,0.23100000619888306,0.3619999885559082
YER129W,YPL115C,0,-5.320612,0.059968847781419754,0.23100000619888306,0.3621000051498413
YPR176C,YOL126C,0,-5.321009,0.05995328351855278,0.23100000619888306,0.362199991941452
YPL132W,YMR004W,0,-5.321745,0.0599377267062664,0.23100000619888306,0.36230000853538513
YEL019C,YHL020C,0,-5.3219433,0.05992217734456062,0.23100000619888306,0.36239999532699585
YMR199W,YML113W,0,-5.3220453,0.05990663915872574,0.23100000619888306,0.36250001192092896
YMR089C,YOL077W-A,0,-5.322457,0.05989110842347145,0.23100000619888306,0.3625999987125397
YDL150W,YGL048C,0,-5.3226905,0.05987558141350746,0.23100000619888306,0.3626999855041504
YAR018C,YDL006W,0,-5.3228917,0.05986006557941437,0.23100000619888306,0.3628000020980835
YNL070W,YKL214C,0,-5.323167,0.05984456092119217,0.23100000619888306,0.3628999888896942
YNL072W,YNL020C,0,-5.3232265,0.05982905998826027,0.23100000619888306,0.3630000054836273
YGR109C,YPL210C,0,-5.323259,0.059813566505908966,0.23100000619888306,0.36309999227523804
YGL187C,YGR010W,0,-5.3236446,0.05979808419942856,0.23100000619888306,0.36320000886917114
YNL326C,YBR081C,1,-5.3237886,0.060041408985853195,0.23199999332427979,0.36320000886917114
YNR057C,YCR081W,0,-5.3239126,0.06002587452530861,0.23199999332427979,0.36329999566078186
YPR187W,YBL025W,0,-5.3241167,0.06001034751534462,0.23199999332427979,0.36340001225471497
YGL171W,YDL138W,0,-5.3244605,0.05999482795596123,0.23199999332427979,0.3634999990463257
YHR114W,YCL061C,0,-5.325065,0.05997931584715843,0.23199999332427979,0.3635999858379364
YLR353W,YKR036C,0,-5.325526,0.05996381491422653,0.23199999332427979,0.3637000024318695
YAL042W,YIL009C-A,0,-5.325582,0.05994832143187523,0.23199999332427979,0.3637999892234802
YOR162C,YFL010W-A,0,-5.3258324,0.05993283540010452,0.23199999332427979,0.36390000581741333
YEL022W,YNL021W,0,-5.3261757,0.05991735681891441,0.23199999332427979,0.36399999260902405
YLR310C,YBL103C,0,-5.32619,0.0599018856883049,0.23199999332427979,0.36410000920295715
YGR239C,YGL245W,0,-5.326377,0.059886422008275986,0.23199999332427979,0.36419999599456787
YDR283C,YJL098W,0,-5.326436,0.059870969504117966,0.23199999332427979,0.364300012588501
YMR246W,YGL112C,1,-5.3264413,0.06011351943016052,0.2329999953508377,0.364300012588501
YMR053C,YDR238C,0,-5.32653,0.060098014771938324,0.2329999953508377,0.3643999993801117
YFL024C,YHR013C,1,-5.3266735,0.060340382158756256,0.23399999737739563,0.3643999993801117
YML104C,YNL007C,0,-5.3271756,0.06032482534646988,0.23399999737739563,0.3644999861717224
YBR057C,YGL061C,0,-5.328109,0.0603092797100544,0.23399999737739563,0.3646000027656555
YOR159C,YGR188C,0,-5.3281107,0.060293737798929214,0.23399999737739563,0.36469998955726624
YKL012W,YGL104C,0,-5.3281198,0.06027820706367493,0.23399999737739563,0.36480000615119934
YER118C,YKL196C,0,-5.3282404,0.060262683779001236,0.23399999737739563,0.36489999294281006
YDR369C,YBR132C,0,-5.3284264,0.06024716794490814,0.23399999737739563,0.36500000953674316
YBR084W,YLR195C,1,-5.32864,0.06048906221985817,0.23499999940395355,0.36500000953674316
YPL241C,YLR011W,0,-5.328719,0.0604734942317009,0.23499999940395355,0.3650999963283539
YDR137W,YOR388C,0,-5.3288536,0.06045793741941452,0.23499999940395355,0.365200012922287
YGR180C,YJL025W,0,-5.329046,0.06044238805770874,0.23499999940395355,0.3652999997138977
YML006C,YDL116W,0,-5.3290815,0.06042684614658356,0.23499999940395355,0.3653999865055084
YKR055W,YHR200W,0,-5.3291345,0.06041131168603897,0.23499999940395355,0.36550000309944153
YHL009C,YHR043C,0,-5.329255,0.06039578467607498,0.23499999940395355,0.36559998989105225
YJR082C,YBR081C,1,-5.3299627,0.060637205839157104,0.23600000143051147,0.36559998989105225
YHL027W,YHR075C,0,-5.3301153,0.060621630400419235,0.23600000143051147,0.36570000648498535
YIR017C,YJL148W,0,-5.3303485,0.06060606241226196,0.23600000143051147,0.36579999327659607
YKR003W,YGR055W,0,-5.330582,0.06059050187468529,0.23600000143051147,0.3659000098705292
YKL086W,YNL154C,0,-5.3308268,0.06057494878768921,0.23600000143051147,0.3659999966621399
YHR012W,YGR078C,0,-5.3308444,0.06055940315127373,0.23600000143051147,0.366100013256073
YMR234W,YBL074C,0,-5.3311825,0.06054386869072914,0.23600000143051147,0.3662000000476837
YOL101C,YLR148W,0,-5.331565,0.06052834168076515,0.23600000143051147,0.36629998683929443
YER122C,YBR211C,0,-5.3317404,0.06051282212138176,0.23600000143051147,0.36640000343322754
YDR299W,YML102W,0,-5.331805,0.060497310012578964,0.23600000143051147,0.36649999022483826
YPR191W,YMR167W,0,-5.331825,0.060481805354356766,0.23600000143051147,0.36660000681877136
YGR165W,YER107C,0,-5.331981,0.060466308146715164,0.23600000143051147,0.3666999936103821
YOR334W,YLR411W,0,-5.3321543,0.06045081838965416,0.23600000143051147,0.3668000102043152
YLR060W,YPL153C,0,-5.332555,0.06043533980846405,0.23600000143051147,0.3668999969959259
YBR084W,YJR082C,1,-5.3328047,0.060675881803035736,0.2370000034570694,0.3668999969959259
YBR160W,YPL015C,0,-5.3331785,0.06066035479307175,0.2370000034570694,0.367000013589859
YDR040C,YMR303C,0,-5.3336267,0.060644831508398056,0.2370000034570694,0.3671000003814697
YKL092C,YPR167C,0,-5.3337946,0.06062931567430496,0.2370000034570694,0.36719998717308044
YGL043W,YCR092C,0,-5.3338566,0.060613811016082764,0.2370000034570694,0.36730000376701355
YOR058C,YML132W,0,-5.33394,0.06059831380844116,0.2370000034570694,0.36739999055862427
YOL034W,YLR401C,0,-5.334215,0.06058282032608986,0.2370000034570694,0.3675000071525574
YMR048W,YIR033W,0,-5.334508,0.06056733801960945,0.2370000034570694,0.3675999939441681
YAL032C,YMR207C,0,-5.334682,0.06055186688899994,0.2370000034570694,0.3677000105381012
YAL054C,YGL112C,1,-5.334911,0.060791827738285065,0.23800000548362732,0.3677000105381012
YCL016C,YJR156C,0,-5.3352156,0.060776300728321075,0.23800000548362732,0.3677999973297119
YNR007C,YLR228C,0,-5.335339,0.06076078489422798,0.23800000548362732,0.367900013923645
YJL166W,YPR138C,0,-5.3354197,0.060745276510715485,0.23800000548362732,0.36800000071525574
YML114C,YIL135C,0,-5.335842,0.06072977930307388,0.23800000548362732,0.36809998750686646
YER008C,YJL183W,0,-5.3360486,0.06071428582072258,0.23800000548362732,0.36820000410079956
YDR162C,YJL122W,0,-5.336087,0.060698799788951874,0.23800000548362732,0.3682999908924103
YDR398W,YJR025C,0,-5.336129,0.06068332493305206,0.23800000548362732,0.3684000074863434
YPR051W,YOR317W,1,-5.33615,0.060922764241695404,0.23899999260902405,0.3684000074863434
YGL053W,YCR071C,0,-5.3362484,0.060907237231731415,0.23899999260902405,0.3684999942779541
YMR246W,YBR081C,1,-5.3364353,0.06114649772644043,0.23999999463558197,0.3684999942779541
YBR216C,YOR243C,0,-5.336485,0.06113092228770256,0.23999999463558197,0.3686000108718872
YER070W,YLR007W,0,-5.3370094,0.06111535429954529,0.23999999463558197,0.3686999976634979
YNR046W,YOR226C,0,-5.337032,0.06109979748725891,0.23999999463558197,0.36880001425743103
YOR230W,YPR138C,0,-5.337084,0.06108424440026283,0.23999999463558197,0.36890000104904175
YAL026C,YER019W,0,-5.337122,0.06106870248913765,0.23999999463558197,0.36899998784065247
YMR109W,YOR147W,0,-5.33747,0.06105316802859306,0.23999999463558197,0.36910000443458557
YER015W,YJL115W,1,-5.3375683,0.06129196286201477,0.2409999966621399,0.36910000443458557
YIL110W,YLR265C,0,-5.3376207,0.061276379972696304,0.2409999966621399,0.3691999912261963
YDL084W,YPL231W,0,-5.3377385,0.061260804533958435,0.2409999966621399,0.3693000078201294
YDL087C,YER114C,0,-5.337816,0.06124523654580116,0.2409999966621399,0.3693999946117401
YBR245C,YGR086C,0,-5.338034,0.06122967600822449,0.2409999966621399,0.3695000112056732
YPR124W,YKR057W,0,-5.3383055,0.06121412292122841,0.2409999966621399,0.36959999799728394
YFL017W-A,YGL124C,0,-5.338408,0.06119857728481293,0.2409999966621399,0.36970001459121704
YLR335W,YMR218C,0,-5.3388433,0.06118304282426834,0.2409999966621399,0.36980000138282776
YML011C,YGR177C,0,-5.3389554,0.06116751208901405,0.2409999966621399,0.3698999881744385
YER103W,YLR069C,0,-5.33924,0.06115199252963066,0.2409999966621399,0.3700000047683716
YJL178C,YOL067C,0,-5.339259,0.061136480420827866,0.2409999966621399,0.3700999915599823
YCR020W-B,YML074C,0,-5.3392944,0.06112097203731537,0.2409999966621399,0.3702000081539154
YGL111W,YKL178C,0,-5.339527,0.06110547482967377,0.2409999966621399,0.3702999949455261
YNL311C,YOR207C,0,-5.3396664,0.06108998879790306,0.2409999966621399,0.37040001153945923
YLR313C,YBR162C,0,-5.3396883,0.06107450649142265,0.2409999966621399,0.37049999833106995
YBR015C,YLR417W,0,-5.3397274,0.06105903163552284,0.2409999966621399,0.37059998512268066
YDR236C,YBR295W,0,-5.340025,0.06104356795549393,0.2409999966621399,0.37070000171661377
YHR099W,YDR392W,1,-5.340304,0.06128133833408356,0.24199999868869781,0.37070000171661377
YLR043C,YCR028C-A,0,-5.340332,0.06126582249999046,0.24199999868869781,0.3707999885082245
YJR013W,YLR221C,0,-5.340408,0.061250317841768265,0.24199999868869781,0.3709000051021576
YER114C,YNL297C,0,-5.3405952,0.061234816908836365,0.24199999868869781,0.3709999918937683
YPR042C,YML052W,0,-5.3406243,0.06121932715177536,0.24199999868869781,0.3711000084877014
YFL017W-A,YLR254C,0,-5.3406467,0.06120384484529495,0.24199999868869781,0.37119999527931213
YJR127C,YDR225W,0,-5.34074,0.06118836998939514,0.24199999868869781,0.37130001187324524
YOL076W,YGR002C,1,-5.3408294,0.06142568215727806,0.24300000071525574,0.37130001187324524
YDL033C,YGR195W,0,-5.3414044,0.06141015887260437,0.24300000071525574,0.37139999866485596
YPL211W,YOR110W,0,-5.3414197,0.061394643038511276,0.24300000071525574,0.3714999854564667
YLR313C,YPR186C,0,-5.341587,0.06137913465499878,0.24300000071525574,0.3716000020503998
YDR231C,YNL294C,0,-5.3418174,0.06136363744735718,0.24300000071525574,0.3716999888420105
YML086C,YMR025W,0,-5.341949,0.061348143965005875,0.24300000071525574,0.3718000054359436
YNR034W,YDL019C,0,-5.34243,0.06133266165852547,0.24300000071525574,0.3718999922275543
YKR034W,YMR014W,0,-5.3424463,0.06131718307733536,0.24300000071525574,0.3720000088214874
YDR448W,YPR031W,1,-5.342678,0.06155398488044739,0.24400000274181366,0.3720000088214874
YLR074C,YNL133C,0,-5.3426795,0.0615384615957737,0.24400000274181366,0.37209999561309814
YPR131C,YGR252W,1,-5.342694,0.0617750883102417,0.24500000476837158,0.37209999561309814
YDR285W,YPR017C,0,-5.3429337,0.06175951659679413,0.24500000476837158,0.37220001220703125
YDL052C,YHL011C,0,-5.343137,0.061743952333927155,0.24500000476837158,0.37229999899864197
YGL071W,YBR004C,0,-5.3436565,0.06172839552164078,0.24500000476837158,0.3723999857902527
YDR464W,YDR449C,0,-5.3439713,0.061712846159935,0.24500000476837158,0.3725000023841858
YLR293C,YPL137C,0,-5.3440285,0.061697304248809814,0.24500000476837158,0.3725999891757965
YLR167W,YMR091C,0,-5.344263,0.06168177351355553,0.24500000476837158,0.3727000057697296
YOR025W,YML114C,0,-5.344305,0.06166624650359154,0.24500000476837158,0.37279999256134033
YGR090W,YDL185W,0,-5.3449907,0.061650730669498444,0.24500000476837158,0.37290000915527344
YML092C,YPR110C,0,-5.3451304,0.06163521856069565,0.24500000476837158,0.37299999594688416
YBL052C,YLL022C,1,-5.345158,0.061871226876974106,0.2460000067949295,0.37299999594688416
YMR137C,YLR106C,0,-5.345298,0.06185567006468773,0.2460000067949295,0.37310001254081726
YGR072W,YOL039W,0,-5.34537,0.06184012070298195,0.2460000067949295,0.373199999332428
YDL225W,YOR266W,0,-5.3455114,0.061824578791856766,0.2460000067949295,0.3732999861240387
YNL042W,YMR041C,0,-5.3456726,0.06180904433131218,0.2460000067949295,0.3734000027179718
YNL117W,YDR363W,0,-5.3458147,0.06179352104663849,0.2460000067949295,0.3734999895095825
YPL255W,YOR056C,0,-5.3461885,0.061778001487255096,0.2460000067949295,0.3736000061035156
YDR255C,YEL030W,0,-5.346806,0.0617624893784523,0.2460000067949295,0.37369999289512634
YGL028C,YBR297W,0,-5.3468513,0.0617469884455204,0.2460000067949295,0.37380000948905945
YJR031C,YGL192W,0,-5.346972,0.0617314912378788,0.2460000067949295,0.37389999628067017
YKR055W,YPR188C,0,-5.3470907,0.06171600520610809,0.2460000067949295,0.37400001287460327
YBR004C,YDL115C,0,-5.347149,0.061700526624917984,0.2460000067949295,0.374099999666214
YDR205W,YPR181C,0,-5.347312,0.06168505549430847,0.2460000067949295,0.3741999864578247
YCL032W,YGR289C,0,-5.347581,0.061669591814279556,0.2460000067949295,0.3743000030517578
YHL006C,YGL067W,0,-5.3477654,0.06165413558483124,0.2460000067949295,0.37439998984336853
YPL087W,YDR434W,0,-5.3478193,0.061638686805963516,0.2460000067949295,0.37450000643730164
YML065W,YCR028C-A,0,-5.347869,0.06162324547767639,0.2460000067949295,0.37459999322891235
YIL048W,YDL130W-A,0,-5.347892,0.06160781532526016,0.2460000067949295,0.37470000982284546
YNL126W,YPR019W,0,-5.3478928,0.06159238889813423,0.2460000067949295,0.3747999966144562
YDR324C,YLR007W,0,-5.3481,0.0615769699215889,0.2460000067949295,0.3749000132083893
YIL017C,YFL041W,0,-5.3481092,0.06156156212091446,0.2460000067949295,0.375
YPL045W,YBR088C,0,-5.348446,0.06154615804553032,0.2460000067949295,0.3750999867916107
YOR033C,YGL150C,0,-5.3488593,0.061530765146017075,0.2460000067949295,0.3752000033855438
YBR095C,YJL214W,0,-5.3493013,0.06151537969708443,0.2460000067949295,0.37529999017715454
YPR082C,YBR058C-A,0,-5.349304,0.061500001698732376,0.2460000067949295,0.37540000677108765
YAL032C,YBL098W,0,-5.3494644,0.061484627425670624,0.2460000067949295,0.37549999356269836
YJL106W,YER018C,0,-5.3497925,0.06146926432847977,0.2460000067949295,0.37560001015663147
YPL179W,YHR096C,0,-5.349985,0.06145390868186951,0.2460000067949295,0.3756999969482422
YNL214W,YCL027W,0,-5.3500443,0.061438560485839844,0.2460000067949295,0.3758000135421753
YBL030C,YDR240C,0,-5.3503304,0.06142321974039078,0.2460000067949295,0.375900000333786
YCL008C,YIR022W,0,-5.350419,0.06140788644552231,0.2460000067949295,0.37599998712539673
YGR204W,YOR274W,0,-5.3504744,0.061392564326524734,0.2460000067949295,0.37610000371932983
YBR103W,YPL137C,0,-5.3512945,0.06137724593281746,0.2460000067949295,0.37619999051094055
YOR319W,YJL148W,0,-5.3522034,0.06136193498969078,0.2460000067949295,0.37630000710487366
YDR384C,YGL150C,0,-5.3525095,0.061346635222435,0.2460000067949295,0.3763999938964844
YPL255W,YOL124C,0,-5.3525987,0.06133133918046951,0.2460000067949295,0.3765000104904175
YDL134C,YKR025W,0,-5.3530455,0.061316050589084625,0.2460000067949295,0.3765999972820282
YMR284W,YLR032W,0,-5.353487,0.06130077317357063,0.2460000067949295,0.3767000138759613
YLR377C,YNL102W,0,-5.3534946,0.06128549948334694,0.2460000067949295,0.376800000667572
YMR041C,YDR432W,0,-5.353684,0.06127023696899414,0.2460000067949295,0.37689998745918274
YNL078W,YPL015C,0,-5.3537846,0.06125498190522194,0.2460000067949295,0.37700000405311584
YDL040C,YHR099W,1,-5.3539953,0.06148867309093475,0.24699999392032623,0.37700000405311584
YDL135C,YJL122W,0,-5.354245,0.06147336959838867,0.24699999392032623,0.37709999084472656
YHL038C,YPL087W,0,-5.3545055,0.06145807355642319,0.24699999392032623,0.37720000743865967
YCR042C,YHR161C,0,-5.3548555,0.0614427849650383,0.24699999392032623,0.3772999942302704
YDR481C,YBL080C,0,-5.354908,0.06142750382423401,0.24699999392032623,0.3774000108242035
YMR032W,YGR092W,0,-5.3549986,0.06141223385930061,0.24699999392032623,0.3774999976158142
YJR066W,YCL061C,0,-5.3554716,0.061396967619657516,0.24699999392032623,0.3776000142097473
YMR006C,YMR204C,0,-5.35567,0.061381708830595016,0.24699999392032623,0.37770000100135803
YNL311C,YKR029C,0,-5.35671,0.06136646121740341,0.24699999392032623,0.37779998779296875
YLR362W,YPR190C,0,-5.3571196,0.061351217329502106,0.24699999392032623,0.37790000438690186
YLR055C,YDR030C,0,-5.35753,0.061335980892181396,0.24699999392032623,0.3779999911785126
YLR425W,YPR104C,0,-5.357716,0.06132075563073158,0.24699999392032623,0.3781000077724457
YDR235W,YFL049W,0,-5.3577647,0.06130553409457207,0.24699999392032623,0.3781999945640564
YER070W,YLL024C,0,-5.3578405,0.06129032373428345,0.24699999392032623,0.3783000111579895
YDL031W,YDR385W,0,-5.358296,0.061275117099285126,0.24699999392032623,0.3783999979496002
YER103W,YCR027C,0,-5.358299,0.0612599216401577,0.24699999392032623,0.3785000145435333
YKR007W,YGL211W,0,-5.3584146,0.06124472990632057,0.24699999392032623,0.37860000133514404
YOR217W,YML126C,0,-5.3586645,0.06122954934835434,0.24699999392032623,0.37869998812675476
YPR134W,YDR093W,0,-5.358717,0.061214372515678406,0.24699999392032623,0.37880000472068787
YEL016C,YGL209W,0,-5.3592463,0.06119920685887337,0.24699999392032623,0.3788999915122986
YKL140W,YCL024W,0,-5.3593206,0.061184048652648926,0.24699999392032623,0.3790000081062317
YPL096W,YDR137W,0,-5.3598423,0.06116889417171478,0.24699999392032623,0.3790999948978424
YDR092W,YDR184C,0,-5.3605537,0.061153750866651535,0.24699999392032623,0.3792000114917755
YNL126W,YDL174C,0,-5.361026,0.061138615012168884,0.24699999392032623,0.37929999828338623
YIL002C,YBR020W,0,-5.3611393,0.06112348288297653,0.24699999392032623,0.37940001487731934
YOL116W,YPR107C,0,-5.3616376,0.061108361929655075,0.24699999392032623,0.37950000166893005
YDL074C,YKL191W,0,-5.361739,0.061093248426914215,0.24699999392032623,0.37959998846054077
YCL010C,YHR013C,1,-5.361823,0.06132541969418526,0.24799999594688416,0.37959998846054077
YML130C,YNL085W,0,-5.361951,0.06131025776267052,0.24799999594688416,0.3797000050544739
YGL181W,YDR228C,0,-5.362112,0.06129510700702667,0.24799999594688416,0.3797999918460846
YDR238C,YOR081C,0,-5.3621774,0.061279959976673126,0.24799999594688416,0.3799000084400177
YBL052C,YHR090C,1,-5.3623166,0.06151185929775238,0.24899999797344208,0.3799000084400177
YKL205W,YDL002C,0,-5.362318,0.06149666756391525,0.24899999797344208,0.3799999952316284
YAL010C,YLR165C,0,-5.36246,0.06148148328065872,0.24899999797344208,0.3801000118255615
YBR210W,YOL126C,0,-5.362684,0.06146630644798279,0.24899999797344208,0.38019999861717224
YPR193C,YJR082C,1,-5.363017,0.06169792637228966,0.25,0.38019999861717224
YML126C,YOR373W,0,-5.3631573,0.06168270483613014,0.25,0.38029998540878296
YJL156C,YFR041C,0,-5.363175,0.061667490750551224,0.25,0.38040000200271606
YBR084W,YOR064C,1,-5.363187,0.061898890882730484,0.25099998712539673,0.38040000200271606
YGR217W,YJL026W,0,-5.3634195,0.061883628368377686,0.25099998712539673,0.3804999887943268
YPL241C,YDR025W,0,-5.3636336,0.06186837702989578,0.25099998712539673,0.3806000053882599
YML107C,YMR014W,0,-5.3640456,0.06185312941670418,0.25099998712539673,0.3806999921798706
YBR004C,YPR178W,0,-5.3641872,0.06183788925409317,0.25099998712539673,0.3808000087738037
YLR134W,YDR072C,0,-5.3643923,0.06182266026735306,0.25099998712539673,0.38089999556541443
YGL200C,YOR113W,0,-5.3644543,0.061807435005903244,0.25099998712539673,0.38100001215934753
YDR252W,YGR029W,0,-5.3645153,0.061792220920324326,0.25099998712539673,0.38109999895095825
YGL115W,YBR123C,0,-5.364584,0.061777010560035706,0.25099998712539673,0.38119998574256897
YJL141C,YLR011W,0,-5.364629,0.06176181137561798,0.25099998712539673,0.3813000023365021
YML012W,YGR175C,0,-5.364795,0.061746615916490555,0.25099998712539673,0.3813999891281128
YGL043W,YEL004W,0,-5.3650475,0.061731431633234024,0.25099998712539673,0.3815000057220459
YDR308C,YDL098C,0,-5.365207,0.06171625107526779,0.25099998712539673,0.3815999925136566
YMR203W,YOL077W-A,0,-5.3653526,0.061701081693172455,0.25099998712539673,0.3817000091075897
YPR128C,YLR165C,0,-5.365492,0.061685919761657715,0.25099998712539673,0.38179999589920044
YNL332W,YDR191W,0,-5.365514,0.06167076155543327,0.25099998712539673,0.38190001249313354
YDR254W,YGL181W,0,-5.3656807,0.06165561452507973,0.25099998712539673,0.38199999928474426
YBL082C,YLR182W,0,-5.365881,0.06164047122001648,0.25099998712539673,0.382099986076355
YKL166C,YMR266W,0,-5.3659267,0.06162533909082413,0.25099998712539673,0.3822000026702881
YLR275W,YAR002W,0,-5.366377,0.06161021068692207,0.25099998712539673,0.3822999894618988
YOL034W,YJL039C,0,-5.366452,0.061595093458890915,0.25099998712539673,0.3824000060558319
YNL310C,YGL063W,0,-5.36681,0.061579979956150055,0.25099998712539673,0.3824999928474426
YNL307C,YGR074W,0,-5.3676085,0.06156487762928009,0.25099998712539673,0.38260000944137573
YPL063W,YOR095C,0,-5.368214,0.061549779027700424,0.25099998712539673,0.38269999623298645
YDR218C,YPR199C,0,-5.3682156,0.06153469160199165,0.25099998712539673,0.38280001282691956
YPL132W,YOR136W,0,-5.368683,0.06151960790157318,0.25099998712539673,0.3828999996185303
YPL127C,YLR360W,0,-5.369174,0.061504531651735306,0.25099998712539673,0.382999986410141
YCR092C,YDR004W,0,-5.369332,0.061489466577768326,0.25099998712539673,0.3831000030040741
YJR093C,YER031C,0,-5.3695593,0.061474405229091644,0.25099998712539673,0.3831999897956848
YNL233W,YJR121W,0,-5.3695793,0.06145935505628586,0.25099998712539673,0.3833000063896179
YPR193C,YDR392W,1,-5.36975,0.0616891048848629,0.25200000405311584,0.3833000063896179
YOR266W,YLL024C,0,-5.369967,0.06167401000857353,0.25200000405311584,0.38339999318122864
YJL178C,YNL279W,0,-5.370039,0.06165891885757446,0.25200000405311584,0.38350000977516174
YKL081W,YOL101C,0,-5.370452,0.06164383515715599,0.25200000405311584,0.38359999656677246
YCR077C,YNL041C,0,-5.370757,0.061628758907318115,0.25200000405311584,0.38370001316070557
YER147C,YNL054W,0,-5.37117,0.06161369010806084,0.25200000405311584,0.3837999999523163
YOR171C,YDR436W,0,-5.371681,0.061598632484674454,0.25200000405311584,0.383899986743927
YAL005C,YGR112W,0,-5.372307,0.06158357858657837,0.25200000405311584,0.3840000033378601
YOR353C,YGL022W,0,-5.372462,0.06156853213906288,0.25200000405311584,0.3840999901294708
YDL115C,YLR275W,0,-5.3725524,0.06155349314212799,0.25200000405311584,0.38420000672340393
YEL004W,YDL101C,0,-5.372563,0.0615384615957737,0.25200000405311584,0.38429999351501465
YKR081C,YDL175C,0,-5.3728924,0.0615234375,0.25200000405311584,0.38440001010894775
YDR392W,YEL056W,1,-5.372924,0.061752501875162125,0.2529999911785126,0.38440001010894775
YEL036C,YGR109C,0,-5.373,0.061737433075904846,0.2529999911785126,0.38449999690055847
YNL014W,YDR227W,0,-5.373088,0.061722371727228165,0.2529999911785126,0.3846000134944916
YDR483W,YDR325W,0,-5.374069,0.06170731782913208,0.2529999911785126,0.3847000002861023
YDR463W,YDR075W,0,-5.3742933,0.06169227138161659,0.2529999911785126,0.384799987077713
YJL071W,YNL106C,0,-5.374611,0.0616772323846817,0.2529999911785126,0.3849000036716461
YIL095W,YJL006C,0,-5.3746796,0.06166219711303711,0.2529999911785126,0.38499999046325684
YLR205C,YOR174W,0,-5.3748617,0.06164717301726341,0.2529999911785126,0.38510000705718994
YDR122W,YGL035C,0,-5.3748775,0.06163215637207031,0.2529999911785126,0.38519999384880066
YOL089C,YOL091W,0,-5.3758144,0.06161714717745781,0.2529999911785126,0.38530001044273376
YLR361C,YGL100W,0,-5.3760743,0.061602141708135605,0.2529999911785126,0.3853999972343445
YOL135C,YAL043C,0,-5.37611,0.061587147414684296,0.2529999911785126,0.3855000138282776
YJL085W,YML052W,0,-5.376134,0.061572156846523285,0.2529999911785126,0.3856000006198883
YJL140W,YOR348C,0,-5.3761406,0.06155717745423317,0.2529999911785126,0.385699987411499
YGL223C,YML114C,0,-5.376235,0.06154220551252365,0.2529999911785126,0.38580000400543213
YML036W,YBR126C,0,-5.376465,0.06152723729610443,0.2529999911785126,0.38589999079704285
YIL149C,YBR070C,0,-5.3768196,0.06151227653026581,0.2529999911785126,0.38600000739097595
YMR095C,YLR368W,0,-5.376903,0.06149732694029808,0.2529999911785126,0.38609999418258667
YMR227C,YGL240W,0,-5.3769197,0.06148238107562065,0.2529999911785126,0.3862000107765198
YJL002C,YGR218W,0,-5.377142,0.06146744266152382,0.2529999911785126,0.3862999975681305
YOR388C,YMR059W,0,-5.377169,0.06145251542329788,0.2529999911785126,0.3864000141620636
YPR168W,YLR285W,0,-5.377453,0.061437591910362244,0.2529999911785126,0.3865000009536743
YDR002W,YGR278W,0,-5.3777027,0.0614226758480072,0.2529999911785126,0.38659998774528503
YLL022C,YOL110W,1,-5.377777,0.061650484800338745,0.2540000081062317,0.38659998774528503
YNL117W,YHR175W,0,-5.377845,0.06163552403450012,0.2540000081062317,0.38670000433921814
YJR091C,YDR258C,0,-5.3780107,0.061620570719242096,0.2540000081062317,0.38679999113082886
YJR084W,YNL102W,0,-5.378227,0.061605628579854965,0.2540000081062317,0.38690000772476196
YLR081W,YHR183W,0,-5.378644,0.06159069016575813,0.2540000081062317,0.3869999945163727
YGL049C,YHR008C,0,-5.37865,0.0615757592022419,0.2540000081062317,0.3871000111103058
YGL233W,YLR418C,0,-5.378748,0.06156083196401596,0.2540000081062317,0.3871999979019165
YDL130W-A,YMR313C,0,-5.3788557,0.06154591590166092,0.2540000081062317,0.3873000144958496
YPR031W,YFL024C,1,-5.379185,0.061773255467414856,0.2549999952316284,0.3873000144958496
YPR183W,YLR103C,0,-5.3792353,0.06175829470157623,0.2549999952316284,0.3874000012874603
YBR102C,YBR072W,0,-5.3796716,0.06174334138631821,0.2549999952316284,0.38749998807907104
YJL139C,YMR008C,0,-5.3799148,0.06172839552164078,0.2549999952316284,0.38760000467300415
YGR119C,YDR191W,0,-5.3799276,0.061713457107543945,0.2549999952316284,0.38769999146461487
YBR256C,YCR052W,0,-5.380206,0.06169852241873741,0.2549999952316284,0.387800008058548
YPR110C,YGR192C,0,-5.3804646,0.06168359890580177,0.2549999952316284,0.3878999948501587
YDR395W,YKL089W,0,-5.3806896,0.06166868284344673,0.2549999952316284,0.3880000114440918
YOL076W,YDR145W,1,-5.3808775,0.06189555302262306,0.25600001215934753,0.3880000114440918
YMR142C,YDL059C,0,-5.381039,0.06188058853149414,0.25600001215934753,0.3880999982357025
YJR052W,YOR329C,0,-5.3817,0.061865635216236115,0.25600001215934753,0.3882000148296356
YOR112W,YDR097C,0,-5.3819146,0.061850689351558685,0.25600001215934753,0.38830000162124634
YBR088C,YGL209W,0,-5.3822556,0.061835747212171555,0.25600001215934753,0.38839998841285706
YML043C,YEL017C-A,0,-5.38242,0.06182081624865532,0.25600001215934753,0.38850000500679016
YNL326C,YHR099W,1,-5.38264,0.0620473213493824,0.25699999928474426,0.38850000500679016
YHR090C,YHR013C,1,-5.3828897,0.06227371469140053,0.257999986410141,0.38850000500679016
YDR335W,YDL029W,0,-5.3829393,0.06225868687033653,0.257999986410141,0.3885999917984009
YMR208W,YBR294W,0,-5.3829803,0.062243666499853134,0.257999986410141,0.388700008392334
YNR030W,YDR156W,0,-5.3833656,0.06222865357995033,0.257999986410141,0.3887999951839447
YOL138C,YDL227C,0,-5.3836403,0.06221364811062813,0.257999986410141,0.3889000117778778
YFR024C-A,YPL008W,0,-5.383982,0.06219865009188652,0.257999986410141,0.3889999985694885
YAL032C,YIL112W,0,-5.384039,0.06218365952372551,0.257999986410141,0.38909998536109924
YMR109W,YDR123C,0,-5.384123,0.062168676406145096,0.257999986410141,0.38920000195503235
YGR005C,YGL192W,0,-5.3842015,0.06215369701385498,0.257999986410141,0.38929998874664307
YPR001W,YDR069C,0,-5.384262,0.06213872879743576,0.257999986410141,0.38940000534057617
YNL216W,YML132W,0,-5.3843756,0.06212376430630684,0.257999986410141,0.3894999921321869
YLR372W,YFL059W,0,-5.384502,0.06210881099104881,0.257999986410141,0.38960000872612
YEL056W,YBR081C,1,-5.384863,0.062334537506103516,0.2590000033378601,0.38960000872612
YDR005C,YOR126C,0,-5.385096,0.06231953948736191,0.2590000033378601,0.3896999955177307
YEL061C,YPR139C,0,-5.3851023,0.0623045451939106,0.2590000033378601,0.3898000121116638
YDL105W,YLR139C,0,-5.3856173,0.062289562076330185,0.2590000033378601,0.38989999890327454
YBR085W,YDL084W,0,-5.3861766,0.06227458640933037,0.2590000033378601,0.38999998569488525
YNL091W,YDL227C,0,-5.3862076,0.06225961446762085,0.2590000033378601,0.39010000228881836
YIL155C,YMR048W,0,-5.386242,0.06224465370178223,0.2590000033378601,0.3901999890804291
YLL042C,YBR267W,0,-5.3866854,0.0622296966612339,0.2590000033378601,0.3903000056743622
YLR264W,YIL106W,0,-5.3868976,0.06221475079655647,0.2590000033378601,0.3903999924659729
YDR153C,YBR020W,0,-5.3870745,0.06219980865716934,0.2590000033378601,0.390500009059906
YGR144W,YPR161C,0,-5.3872247,0.06218487396836281,0.2590000033378601,0.3905999958515167
YGR195W,YFL060C,0,-5.3872747,0.06216994673013687,0.2590000033378601,0.39070001244544983
YOL067C,YMR250W,0,-5.3878775,0.06215502694249153,0.2590000033378601,0.39079999923706055
YPR137W,YDR118W,0,-5.3880033,0.06214011460542679,0.2590000033378601,0.39089998602867126
YHL047C,YGL028C,0,-5.388361,0.06212520971894264,0.2590000033378601,0.39100000262260437
YEL012W,YGR218W,0,-5.3883767,0.06211031228303909,0.2590000033378601,0.3910999894142151
YHR172W,YMR059W,0,-5.388543,0.06209542229771614,0.2590000033378601,0.3912000060081482
YJL156C,YDL029W,0,-5.388856,0.06208053603768349,0.2590000033378601,0.3912999927997589
YGL187C,YGR121C,0,-5.3888607,0.06206566095352173,0.2590000033378601,0.391400009393692
YDL198C,YDR270W,0,-5.389086,0.06205078959465027,0.2590000033378601,0.39149999618530273
YBR048W,YIL061C,0,-5.38931,0.062035929411649704,0.2590000033378601,0.39160001277923584
YLR353W,YJR121W,0,-5.389618,0.06202107295393944,0.2590000033378601,0.39169999957084656
YLR172C,YAL011W,0,-5.3897314,0.06200622394680977,0.2590000033378601,0.3917999863624573
YBR084W,YGL066W,1,-5.3900566,0.062230732291936874,0.25999999046325684,0.3917999863624573
YBR154C,YDR137W,0,-5.390136,0.06221584230661392,0.25999999046325684,0.3919000029563904
YOL067C,YGR144W,0,-5.3904066,0.06220095604658127,0.25999999046325684,0.3919999897480011
YGR221C,YCR018C,0,-5.390449,0.06218608096241951,0.25999999046325684,0.3921000063419342
YKR024C,YDR289C,0,-5.3907533,0.06217120960354805,0.25999999046325684,0.3921999931335449
YML081C-A,YOL013C,0,-5.390991,0.06215634569525719,0.25999999046325684,0.392300009727478
YER110C,YDR414C,0,-5.3910437,0.06214149296283722,0.25999999046325684,0.39239999651908875
YOR237W,YLR155C,0,-5.391611,0.06212664395570755,0.25999999046325684,0.39250001311302185
YNL147W,YEL061C,0,-5.392009,0.06211180239915848,0.25999999046325684,0.39259999990463257
YGL130W,YKL189W,0,-5.3920527,0.06209696829319,0.25999999046325684,0.3926999866962433
YOR151C,YFL034C-B,0,-5.392186,0.062082137912511826,0.25999999046325684,0.3928000032901764
YPL084W,YLR390W-A,0,-5.3924236,0.062067318707704544,0.25999999046325684,0.3928999900817871
YOR256C,YDL178W,0,-5.392514,0.06205250695347786,0.25999999046325684,0.3930000066757202
YDR189W,YHR114W,0,-5.3925996,0.06203769892454147,0.25999999046325684,0.39309999346733093
YDL043C,YDR246W,0,-5.3926973,0.06202290207147598,0.25999999046325684,0.39320001006126404
YIL035C,YOR060C,0,-5.393132,0.06200810894370079,0.25999999046325684,0.39329999685287476
YNL273W,YIR017C,0,-5.393134,0.061993323266506195,0.25999999046325684,0.39340001344680786
YFL048C,YMR319C,0,-5.3932304,0.0619785450398922,0.25999999046325684,0.3935000002384186
YKL043W,YGR275W,0,-5.3932557,0.061963774263858795,0.25999999046325684,0.3935999870300293
YMR202W,YHR052W,0,-5.393257,0.06194901093840599,0.25999999046325684,0.3937000036239624
YOL031C,YML127W,0,-5.3932652,0.06193425506353378,0.25999999046325684,0.3937999904155731
YBL103C,YFL059W,0,-5.3934865,0.061919502913951874,0.25999999046325684,0.3939000070095062
YOL076W,YEL056W,1,-5.3936653,0.062142856419086456,0.26100000739097595,0.3939000070095062
YOR313C,YML059C,0,-5.3940563,0.062128063291311264,0.26100000739097595,0.39399999380111694
YHL022C,YNL004W,0,-5.394151,0.06211327761411667,0.26100000739097595,0.39410001039505005
YER145C,YMR023C,0,-5.394187,0.06209849938750267,0.26100000739097595,0.39419999718666077
YMR168C,YML010W,0,-5.3942585,0.06208372861146927,0.26100000739097595,0.39430001378059387
YDL043C,YPR121W,0,-5.3943024,0.062068965286016464,0.26100000739097595,0.3944000005722046
YOR109W,YDR363W-A,0,-5.394496,0.06205420941114426,0.26100000739097595,0.3944999873638153
YOR113W,YMR016C,0,-5.39479,0.06203945726156235,0.26100000739097595,0.3946000039577484
YJR135C,YMR129W,0,-5.395212,0.062024716287851334,0.26100000739097595,0.39469999074935913
YDL143W,YGR246C,0,-5.395267,0.06200997903943062,0.26100000739097595,0.39480000734329224
YLR060W,YDR422C,0,-5.3953204,0.0619952492415905,0.26100000739097595,0.39489999413490295
YER171W,YJR010C-A,0,-5.3953648,0.06198052689433098,0.26100000739097595,0.39500001072883606
YMR305C,YPR037C,0,-5.3957033,0.061965811997652054,0.26100000739097595,0.3950999975204468
YDR335W,YBR210W,0,-5.3960986,0.061951104551553726,0.26100000739097595,0.3952000141143799
YKL176C,YPL124W,0,-5.396118,0.0619364008307457,0.26100000739097595,0.3953000009059906
YJL099W,YML127W,0,-5.3962307,0.06192170828580856,0.26100000739097595,0.3953999876976013
YBR040W,YNL041C,0,-5.3962774,0.06190701946616173,0.26100000739097595,0.3955000042915344
YDL225W,YMR104C,0,-5.396496,0.06189234182238579,0.26100000739097595,0.39559999108314514
YOL008W,YGR007W,0,-5.396689,0.061877667903900146,0.26100000739097595,0.39570000767707825
YFL013C,YDR277C,0,-5.3968234,0.0618630014359951,0.26100000739097595,0.39579999446868896
YER148W,YNL332W,0,-5.397165,0.061848342418670654,0.26100000739097595,0.39590001106262207
YOR083W,YLR427W,0,-5.397684,0.061833687126636505,0.26100000739097595,0.3959999978542328
YCR061W,YLR248W,0,-5.3977985,0.06181904301047325,0.26100000739097595,0.3961000144481659
YBR231C,YGR092W,0,-5.397832,0.061804402619600296,0.26100000739097595,0.3962000012397766
YNR060W,YHR150W,0,-5.3979883,0.061789773404598236,0.26100000739097595,0.39629998803138733
YAL001C,YLR135W,0,-5.3983517,0.061775147914886475,0.26100000739097595,0.39640000462532043
YGR180C,YIL004C,0,-5.398629,0.06176052987575531,0.26100000739097595,0.39649999141693115
YDR177W,YMR219W,0,-5.3986588,0.06174591928720474,0.26100000739097595,0.39660000801086426
YHR098C,YIL117C,0,-5.3991838,0.06173131614923477,0.26100000739097595,0.396699994802475
YDL112W,YDR238C,0,-5.3999834,0.0617167167365551,0.26100000739097595,0.3968000113964081
YJR091C,YDL085W,0,-5.4002113,0.06170212849974632,0.26100000739097595,0.3968999981880188
YGR005C,YLL027W,0,-5.4002132,0.061687543988227844,0.26100000739097595,0.3970000147819519
YPL204W,YBL106C,0,-5.400314,0.06167296692728996,0.26100000739097595,0.3971000015735626
YGR075C,YDL003W,0,-5.4004307,0.06165839731693268,0.26100000739097595,0.39719998836517334
YMR101C,YHR043C,0,-5.400469,0.06164383515715599,0.26100000739097595,0.39730000495910645
YLR371W,YLR223C,0,-5.400587,0.0616292804479599,0.26100000739097595,0.39739999175071716
YCL017C,YDL174C,0,-5.4007583,0.06161472946405411,0.26100000739097595,0.39750000834465027
YER051W,YOR381W,0,-5.4007683,0.06160018965601921,0.26100000739097595,0.397599995136261
YCL014W,YDR060W,0,-5.400797,0.06158565357327461,0.26100000739097595,0.3977000117301941
YNL001W,YNL148C,0,-5.4010334,0.06157112494111061,0.26100000739097595,0.3977999985218048
YJL178C,YNR072W,0,-5.401535,0.061556603759527206,0.26100000739097595,0.3978999853134155
YLR248W,YDR030C,0,-5.401573,0.0615420900285244,0.26100000739097595,0.39800000190734863
YGL153W,YDL198C,0,-5.401656,0.06152758002281189,0.26100000739097595,0.39809998869895935
YDR046C,YLR350W,0,-5.4017863,0.061513081192970276,0.26100000739097595,0.39820000529289246
YAR007C,YIL101C,0,-5.402133,0.06149858608841896,0.26100000739097595,0.3982999920845032
YCR020C-A,YEL056W,1,-5.402299,0.06171967089176178,0.2619999945163727,0.3982999920845032
YPR193C,YOL076W,1,-5.4024496,0.06194065138697624,0.2630000114440918,0.3982999920845032
YHL024W,YJR155W,0,-5.4026384,0.061926066875457764,0.2630000114440918,0.3984000086784363
YPL258C,YIL139C,0,-5.4027886,0.061911486089229584,0.2630000114440918,0.398499995470047
YPR191W,YDL175C,0,-5.402794,0.0618969164788723,0.2630000114440918,0.3986000120639801
YPL130W,YER169W,0,-5.4031386,0.06188235431909561,0.2630000114440918,0.3986999988555908
YER026C,YDL190C,0,-5.4032288,0.06186779588460922,0.2630000114440918,0.39879998564720154
YDR219C,YMR224C,0,-5.4032335,0.06185324490070343,0.2630000114440918,0.39890000224113464
YGR133W,YOL097C,0,-5.403268,0.061838701367378235,0.2630000114440918,0.39899998903274536
YIR002C,YMR296C,0,-5.4036827,0.061824165284633636,0.2630000114440918,0.39910000562667847
YDL134C,YKR037C,0,-5.403872,0.061809636652469635,0.2630000114440918,0.3991999924182892
YAR042W,YMR036C,0,-5.4043145,0.06179511174559593,0.2630000114440918,0.3993000090122223
YMR290C,YOL066C,0,-5.404344,0.061780598014593124,0.2630000114440918,0.399399995803833
YHR006W,YPL057C,0,-5.404358,0.061766088008880615,0.2630000114440918,0.3995000123977661
YBL005W,YBR145W,0,-5.4046564,0.0617515854537487,0.2630000114440918,0.39959999918937683
YJL085W,YMR292W,0,-5.4047275,0.06173709034919739,0.2630000114440918,0.39969998598098755
YMR214W,YNL233W,0,-5.4050093,0.06172259896993637,0.2630000114440918,0.39980000257492065
YGR181W,YGL206C,0,-5.405142,0.06170811876654625,0.2630000114440918,0.39989998936653137
YER147C,YPL028W,0,-5.4054995,0.061693642288446426,0.2630000114440918,0.4000000059604645
YKL016C,YGL028C,0,-5.4058475,0.0616791732609272,0.2630000114440918,0.4000999927520752
YCL025C,YLR442C,0,-5.4061766,0.06166471168398857,0.2630000114440918,0.4002000093460083
YGR256W,YGR040W,0,-5.4063907,0.06165025755763054,0.2630000114440918,0.400299996137619
YGR252W,YBR081C,1,-5.406509,0.061870165169239044,0.2639999985694885,0.400299996137619
YML012W,YER151C,0,-5.4066396,0.06185567006468773,0.2639999985694885,0.4004000127315521
YPL033C,YPL020C,0,-5.406689,0.06184118241071701,0.2639999985694885,0.40049999952316284
YLR268W,YOR083W,0,-5.4069214,0.06182669848203659,0.2639999985694885,0.40059998631477356
YCR020C-A,YLR195C,1,-5.406927,0.0620463602244854,0.26499998569488525,0.40059998631477356
YPR021C,YPL167C,0,-5.40695,0.062031835317611694,0.26499998569488525,0.40070000290870667
YDR427W,YNR057C,0,-5.407078,0.06201731786131859,0.26499998569488525,0.4007999897003174
YKL040C,YGR244C,0,-5.4071608,0.06200280785560608,0.26499998569488525,0.4009000062942505
YER017C,YDR184C,0,-5.4072704,0.06198830530047417,0.26499998569488525,0.4009999930858612
YGR245C,YOL128C,0,-5.40756,0.06197380647063255,0.26499998569488525,0.4011000096797943
YHR005C,YIL159W,0,-5.407796,0.061959318816661835,0.26499998569488525,0.40119999647140503
YOL143C,YNL214W,0,-5.407846,0.061944834887981415,0.26499998569488525,0.40130001306533813
YOR008C,YGR186W,0,-5.407885,0.06193035840988159,0.26499998569488525,0.40139999985694885
YHR082C,YBR286W,0,-5.4079046,0.061915889382362366,0.26499998569488525,0.40149998664855957
YML130C,YGR249W,0,-5.407919,0.06190142408013344,0.26499998569488525,0.4016000032424927
YCR047C,YOR060C,0,-5.407959,0.061886969953775406,0.26499998569488525,0.4016999900341034
YBL017C,YJL053W,0,-5.408086,0.06187251955270767,0.26499998569488525,0.4018000066280365
YER005W,YBR186W,0,-5.408353,0.061858076602220535,0.26499998569488525,0.4018999934196472
YNL326C,YLR195C,1,-5.408388,0.06207701191306114,0.26600000262260437,0.4018999934196472
YJR090C,YLL024C,0,-5.408567,0.06206252798438072,0.26600000262260437,0.4020000100135803
YBR097W,YEL050C,0,-5.408716,0.0620480515062809,0.26600000262260437,0.40209999680519104
YER145C,YKL143W,0,-5.4089327,0.06203358247876167,0.26600000262260437,0.40220001339912415
YOR237W,YOR020C,0,-5.408984,0.062019117176532745,0.26600000262260437,0.40230000019073486
YNL025C,YGL213C,0,-5.4090815,0.06200466305017471,0.26600000262260437,0.4023999869823456
YBR048W,YPR199C,0,-5.409082,0.06199021264910698,0.26600000262260437,0.4025000035762787
YBR084W,YEL066W,1,-5.409108,0.062208760529756546,0.2669999897480011,0.4025000035762787
YGR245C,YMR247C,0,-5.4091835,0.06219426915049553,0.2669999897480011,0.4025999903678894
YKL014C,YNL059C,0,-5.409418,0.06217978522181511,0.2669999897480011,0.4027000069618225
YER035W,YMR303C,0,-5.4099927,0.062165308743715286,0.2669999897480011,0.4027999937534332
YDL059C,YER041W,0,-5.410285,0.06215083971619606,0.2669999897480011,0.40290001034736633
YMR214W,YFL058W,0,-5.4103136,0.06213637441396713,0.2669999897480011,0.40299999713897705
YJR158W,YBR145W,0,-5.410678,0.0621219165623188,0.2669999897480011,0.40310001373291016
YMR113W,YOR001W,0,-5.410711,0.06210746616125107,0.2669999897480011,0.4032000005245209
YHR090C,YGR252W,1,-5.4108624,0.06232558190822601,0.2680000066757202,0.4032000005245209
YDR434W,YNL262W,0,-5.410903,0.062311090528964996,0.2680000066757202,0.4032999873161316
YOR034C,YEL066W,1,-5.411129,0.062529057264328,0.26899999380111694,0.4032999873161316
YKL101W,YLR411W,0,-5.411139,0.0625145211815834,0.26899999380111694,0.4034000039100647
YOR099W,YCR014C,0,-5.4111443,0.0625,0.26899999380111694,0.4034999907016754
YOR156C,YOR187W,0,-5.4113116,0.062485482543706894,0.26899999380111694,0.4036000072956085
YFR034C,YNL097C,0,-5.4113646,0.062470972537994385,0.26899999380111694,0.40369999408721924
YDL079C,YNL003C,0,-5.4117317,0.062456466257572174,0.26899999380111694,0.40380001068115234
YGR254W,YNL009W,0,-5.412057,0.06244196742773056,0.26899999380111694,0.40389999747276306
YML107C,YNR072W,0,-5.4121847,0.06242747604846954,0.26899999380111694,0.40400001406669617
YER122C,YDR479C,0,-5.4123626,0.062412992119789124,0.26899999380111694,0.4041000008583069
YIR017C,YJL095W,0,-5.4126997,0.0623985156416893,0.26899999380111694,0.4041999876499176
YHR152W,YOL144W,0,-5.4127584,0.062384042888879776,0.26899999380111694,0.4043000042438507
YFL060C,YNL097C,0,-5.4127784,0.06236958131194115,0.26899999380111694,0.4043999910354614
YDR255C,YPL163C,0,-5.412839,0.062355123460292816,0.26899999380111694,0.40450000762939453
YDR301W,YBR217W,0,-5.412861,0.06234067305922508,0.26899999380111694,0.40459999442100525
YJL008C,YHL040C,0,-5.412871,0.06232622638344765,0.26899999380111694,0.40470001101493835
YER028C,YDL020C,0,-5.413253,0.06231179088354111,0.26899999380111694,0.4047999978065491
YDR301W,YER068W,0,-5.413326,0.062297359108924866,0.26899999380111694,0.4049000144004822
YJR094C,YML088W,0,-5.4133673,0.06228293478488922,0.26899999380111694,0.4050000011920929
YDL030W,YML088W,0,-5.413547,0.062268517911434174,0.26899999380111694,0.4050999879837036
YIL013C,YNL113W,0,-5.413694,0.06225410848855972,0.26899999380111694,0.4052000045776367
YML006C,YDR270W,0,-5.4138975,0.06223970279097557,0.26899999380111694,0.40529999136924744
YJL092W,YER022W,0,-5.4141116,0.062225308269262314,0.26899999380111694,0.40540000796318054
YEL015W,YDR342C,0,-5.414246,0.062210917472839355,0.26899999380111694,0.40549999475479126
YLR176C,YOL164W,0,-5.4142685,0.062196530401706696,0.26899999380111694,0.40560001134872437
YLR353W,YHR061C,0,-5.414276,0.06218215450644493,0.26899999380111694,0.4056999981403351
YGL043W,YPL267W,0,-5.4143305,0.062167782336473465,0.26899999380111694,0.4058000147342682
YGL104C,YHR004C,0,-5.4147725,0.062153421342372894,0.26899999380111694,0.4059000015258789
YOL165C,YLR268W,0,-5.4150414,0.062139060348272324,0.26899999380111694,0.4059999883174896
YPR042C,YLR002C,0,-5.415057,0.06212471053004265,0.26899999380111694,0.40610000491142273
YMR081C,YPR083W,0,-5.4151597,0.06211036816239357,0.26899999380111694,0.40619999170303345
YGL113W,YKL185W,0,-5.415319,0.06209602952003479,0.26899999380111694,0.40630000829696655
YDR448W,YCL010C,1,-5.4155865,0.06231248378753662,0.27000001072883606,0.40630000829696655
YDL232W,YDL220C,0,-5.4156036,0.06229810789227486,0.27000001072883606,0.40639999508857727
YLR329W,YKR066C,0,-5.4157124,0.06228373572230339,0.27000001072883606,0.4065000116825104
YBR221C,YGL096W,0,-5.4159665,0.06226937100291252,0.27000001072883606,0.4065999984741211
YKL185W,YGR005C,0,-5.416006,0.06225501373410225,0.27000001072883606,0.4066999852657318
YDR238C,YGL246C,0,-5.41635,0.062240663915872574,0.27000001072883606,0.4068000018596649
YJL003W,YDR324C,0,-5.416576,0.0622263178229332,0.27000001072883606,0.40689998865127563
YLR398C,YPR041W,0,-5.416623,0.062211982905864716,0.27000001072883606,0.40700000524520874
YLR272C,YAL030W,0,-5.416666,0.06219765171408653,0.27000001072883606,0.40709999203681946
YML011C,YLL003W,0,-5.4167747,0.06218332424759865,0.27000001072883606,0.40720000863075256
YGR024C,YPL192C,0,-5.4168143,0.06216900795698166,0.27000001072883606,0.4072999954223633
YGR225W,YBR093C,0,-5.416858,0.06215469539165497,0.27000001072883606,0.4074000120162964
YPR051W,YLR195C,1,-5.4168906,0.06237054243683815,0.2709999978542328,0.4074000120162964
YGL006W,YJL063C,0,-5.417714,0.062356188893318176,0.2709999978542328,0.4074999988079071
YDR113C,YMR097C,0,-5.4180064,0.0623418465256691,0.2709999978542328,0.4075999855995178
YGL013C,YBR172C,0,-5.418033,0.06232750788331032,0.2709999978542328,0.4077000021934509
YGR218W,YPL249C,0,-5.418063,0.062313176691532135,0.2709999978542328,0.40779998898506165
YIL118W,YCR072C,0,-5.4182353,0.06229884922504425,0.2709999978542328,0.40790000557899475
YER001W,YDR422C,0,-5.4184914,0.06228453293442726,0.2709999978542328,0.40799999237060547
YMR073C,YKL092C,0,-5.4185576,0.06227022036910057,0.2709999978542328,0.4081000089645386
YJL115W,YHR013C,1,-5.4187202,0.06248564273118973,0.2720000147819519,0.4081000089645386
YAR002C-A,YNL133C,0,-5.4188232,0.062471289187669754,0.2720000147819519,0.4081999957561493
YMR073C,YPR108W,0,-5.4190044,0.062456946820020676,0.2720000147819519,0.4083000123500824
YJL054W,YOL011W,0,-5.4190083,0.062442608177661896,0.2720000147819519,0.4083999991416931
YDR082W,YEL065W,0,-5.4193506,0.06242827698588371,0.2720000147819519,0.40849998593330383
YDR093W,YGR005C,0,-5.419359,0.06241394951939583,0.2720000147819519,0.40860000252723694
YLR002C,YNL281W,0,-5.419363,0.06239963322877884,0.2720000147819519,0.40869998931884766
YPL130W,YGR091W,0,-5.4198627,0.06238532066345215,0.2720000147819519,0.40880000591278076
YKR054C,YDR322C-A,0,-5.4200907,0.062371015548706055,0.2720000147819519,0.4088999927043915
YKL175W,YBR021W,0,-5.4202247,0.06235671788454056,0.2720000147819519,0.4090000092983246
YMR182C,YLR316C,0,-5.4205513,0.06234242394566536,0.2720000147819519,0.4090999960899353
YMR042W,YNL314W,0,-5.4213767,0.062328141182661057,0.2720000147819519,0.4092000126838684
YLR382C,YML023C,0,-5.421547,0.062313858419656754,0.2720000147819519,0.4092999994754791
YIL160C,YBL084C,0,-5.421753,0.062299586832523346,0.2720000147819519,0.40939998626708984
YDL161W,YIL031W,0,-5.42178,0.062285322695970535,0.2720000147819519,0.40950000286102295
YPL001W,YDR392W,1,-5.421844,0.0625,0.27300000190734863,0.40950000286102295
YNR046W,YNL148C,0,-5.422222,0.062485694885253906,0.27300000190734863,0.40959998965263367
YER015W,YMR246W,1,-5.4223776,0.06270022690296173,0.27399998903274536,0.40959998965263367
YGL062W,YDL145C,0,-5.422522,0.06268588453531265,0.27399998903274536,0.4097000062465668
YER008C,YHR007C,0,-5.4227138,0.06267154961824417,0.27399998903274536,0.4097999930381775
YOR317W,YCR020C-A,1,-5.4229403,0.06288588792085648,0.2750000059604645,0.4097999930381775
YPR031W,YGR252W,1,-5.4230523,0.06310013681650162,0.2759999930858612,0.4097999930381775
YMR042W,YBR228W,0,-5.423109,0.06308571249246597,0.2759999930858612,0.4099000096321106
YNL021W,YMR167W,0,-5.423616,0.06307129561901093,0.2759999930858612,0.4099999964237213
YEL022W,YMR070W,0,-5.423956,0.06305688619613647,0.2759999930858612,0.4101000130176544
YIL150C,YNR057C,0,-5.4241066,0.06304248422384262,0.2759999930858612,0.41019999980926514
YKL212W,YOL124C,0,-5.4241476,0.06302808970212936,0.2759999930858612,0.41029998660087585
YIL002C,YOR095C,0,-5.4242406,0.06301369518041611,0.2759999930858612,0.41040000319480896
YPL217C,YDL106C,0,-5.424316,0.06299931555986404,0.2759999930858612,0.4104999899864197
YHL027W,YHL048W,0,-5.424366,0.06298493593931198,0.2759999930858612,0.4106000065803528
YBR084W,YAL054C,1,-5.4245944,0.06319872289896011,0.2770000100135803,0.4106000065803528
YJL121C,YLR360W,0,-5.4246163,0.06318430602550507,0.2770000100135803,0.4106999933719635
YDR450W,YDR345C,0,-5.4251213,0.06316989660263062,0.2770000100135803,0.4108000099658966
YDR043C,YMR283C,0,-5.4251795,0.06315549463033676,0.2770000100135803,0.4108999967575073
YPR134W,YGL211W,0,-5.425228,0.0631411001086235,0.2770000100135803,0.41100001335144043
YGR217W,YPR010C,0,-5.425317,0.06312670558691025,0.2770000100135803,0.41110000014305115
YGR094W,YOR298C-A,0,-5.4253592,0.06311232596635818,0.2770000100135803,0.41119998693466187
YDR268W,YBR274W,0,-5.425374,0.06309794634580612,0.2770000100135803,0.41130000352859497
YDR472W,YNL267W,0,-5.4256325,0.06308358162641525,0.2770000100135803,0.4113999903202057
YOR004W,YJL201W,0,-5.4268045,0.06306921690702438,0.2770000100135803,0.4115000069141388
YLR044C,YNL054W,0,-5.426834,0.06305485963821411,0.2770000100135803,0.4115999937057495
YOL110W,YOR064C,1,-5.426988,0.06326809525489807,0.27799999713897705,0.4115999937057495
YNL327W,YOR353C,0,-5.4270864,0.06325370073318481,0.27799999713897705,0.4117000102996826
YLL002W,YPL001W,1,-5.4270926,0.06346678733825684,0.27900001406669617,0.4117000102996826
YDR448W,YEL053C,1,-5.4273176,0.0636797845363617,0.2800000011920929,0.4117000102996826
YDL003W,YOL054W,0,-5.427393,0.06366530060768127,0.2800000011920929,0.41179999709129333
YAR008W,YBL042C,0,-5.4274087,0.06365083158016205,0.2800000011920929,0.41190001368522644
YHR139C,YHR138C,0,-5.427478,0.06363636255264282,0.2800000011920929,0.41200000047683716
YNL042W,YDL019C,0,-5.4276047,0.0636219009757042,0.2800000011920929,0.4120999872684479
YPL232W,YIL121W,0,-5.427663,0.06360745429992676,0.2800000011920929,0.412200003862381
YNL177C,YKR024C,0,-5.427737,0.06359300762414932,0.2800000011920929,0.4122999906539917
YOR204W,YNL074C,0,-5.427904,0.06357856839895248,0.2800000011920929,0.4124000072479248
YMR314W,YLR129W,0,-5.4280643,0.06356412917375565,0.2800000011920929,0.4124999940395355
YOL148C,YEL056W,1,-5.428283,0.06377667188644409,0.2809999883174896,0.4124999940395355
YJL039C,YMR013C,0,-5.4283876,0.06376219540834427,0.2809999883174896,0.41260001063346863
YKL016C,YOR237W,0,-5.4289927,0.06374773383140564,0.2809999883174896,0.41269999742507935
YNL197C,YER110C,0,-5.4292703,0.06373327225446701,0.2809999883174896,0.41280001401901245
YHL048W,YPL106C,0,-5.429371,0.06371881812810898,0.2809999883174896,0.41290000081062317
YOR216C,YEL050C,0,-5.4294376,0.06370437890291214,0.2809999883174896,0.4129999876022339
YBR022W,YGR289C,0,-5.4295645,0.0636899396777153,0.2809999883174896,0.413100004196167
YKL022C,YMR136W,0,-5.4296026,0.06367550790309906,0.2809999883174896,0.4131999909877777
YOR145C,YFR033C,0,-5.4297705,0.06366107612848282,0.2809999883174896,0.4133000075817108
YIL007C,YCR020C,0,-5.4297886,0.06364665925502777,0.2809999883174896,0.41339999437332153
YLR268W,YML023C,0,-5.4298697,0.06363224983215332,0.2809999883174896,0.41350001096725464
YLR285W,YBR211C,0,-5.4299326,0.06361784040927887,0.2809999883174896,0.41359999775886536
YOL020W,YDR487C,0,-5.430519,0.06360343843698502,0.2809999883174896,0.41370001435279846
YBR199W,YNL074C,0,-5.4309797,0.06358904391527176,0.2809999883174896,0.4138000011444092
YKL016C,YGL027C,0,-5.431098,0.0635746642947197,0.2809999883174896,0.4138999879360199
YIL123W,YIL101C,0,-5.431142,0.06356027722358704,0.2809999883174896,0.414000004529953
YDR146C,YML057W,0,-5.4314127,0.06354590505361557,0.2809999883174896,0.4140999913215637
YJR033C,YLR088W,0,-5.4317536,0.0635315403342247,0.2809999883174896,0.4142000079154968
YBL093C,YCL067C,0,-5.431924,0.06351717561483383,0.2809999883174896,0.41429999470710754
YLR286C,YOR288C,0,-5.432236,0.06350282579660416,0.2809999883174896,0.41440001130104065
YKL201C,YOR341W,0,-5.4326906,0.06348847597837448,0.2809999883174896,0.41449999809265137
YDR384C,YNL271C,0,-5.432722,0.0634741336107254,0.2809999883174896,0.4146000146865845
YJR127C,YOL077C,0,-5.4330254,0.06345979869365692,0.2809999883174896,0.4147000014781952
YMR268C,YBL074C,0,-5.4330435,0.06344547122716904,0.2809999883174896,0.4147999882698059
YDR258C,YLR145W,0,-5.433137,0.06343115121126175,0.2809999883174896,0.414900004863739
YGL130W,YGR112W,0,-5.4333563,0.06341683864593506,0.2809999883174896,0.41499999165534973
YOR327C,YIL103W,0,-5.4333725,0.06340252608060837,0.2809999883174896,0.41510000824928284
YGL211W,YNR072W,0,-5.4333787,0.06338822096586227,0.2809999883174896,0.41519999504089355
YBR084W,YGL112C,1,-5.4336452,0.06359945982694626,0.28200000524520874,0.41519999504089355
YGR221C,YJR155W,0,-5.433828,0.06358511745929718,0.28200000524520874,0.41530001163482666
YBR020W,YDR295C,0,-5.4339714,0.0635707825422287,0.28200000524520874,0.4153999984264374
YLR195C,YOR253W,1,-5.434105,0.06378183513879776,0.28299999237060547,0.4153999984264374
YBR130C,YJR140C,0,-5.434151,0.0637674629688263,0.28299999237060547,0.4154999852180481
YHR082C,YMR301C,0,-5.434312,0.06375309824943542,0.28299999237060547,0.4156000018119812
YDL085W,YNL008C,0,-5.434442,0.06373874098062515,0.28299999237060547,0.4156999886035919
YDL207W,YDR365C,0,-5.434784,0.06372438371181488,0.28299999237060547,0.415800005197525
YBL006C,YPR041W,0,-5.435103,0.0637100413441658,0.28299999237060547,0.41589999198913574
YPL194W,YPR120C,0,-5.435138,0.06369569897651672,0.28299999237060547,0.41600000858306885
YCL010C,YOR034C,1,-5.4352264,0.06390639394521713,0.2840000092983246,0.41600000858306885
YCR042C,YNL049C,0,-5.4353247,0.06389201432466507,0.2840000092983246,0.41609999537467957
YPL124W,YKL212W,0,-5.4353685,0.0638776421546936,0.2840000092983246,0.41620001196861267
YPL241C,YHR038W,0,-5.435423,0.06386327743530273,0.2840000092983246,0.4162999987602234
YJL138C,YFL009W,0,-5.4354563,0.06384892016649246,0.2840000092983246,0.4163999855518341
YOL061W,YDR025W,0,-5.435836,0.06383457034826279,0.2840000092983246,0.4165000021457672
YKL001C,YBR026C,0,-5.4358425,0.06382022798061371,0.2840000092983246,0.41659998893737793
YPL061W,YIR037W,0,-5.436097,0.06380588561296463,0.2840000092983246,0.41670000553131104
YOR313C,YPR110C,0,-5.436421,0.06379155069589615,0.2840000092983246,0.41679999232292175
YJL109C,YBR017C,0,-5.436429,0.06377723067998886,0.2840000092983246,0.41690000891685486
YPR055W,YLR026C,0,-5.4366646,0.06376291066408157,0.2840000092983246,0.4169999957084656
YGL240W,YPL028W,0,-5.4370527,0.06374859809875488,0.2840000092983246,0.4171000123023987
YGR112W,YGR218W,0,-5.437074,0.06373429298400879,0.2840000092983246,0.4171999990940094
YDR388W,YDL006W,0,-5.437151,0.0637199878692627,0.2840000092983246,0.4172999858856201
YER024W,YBR017C,0,-5.43752,0.0637056976556778,0.2840000092983246,0.4174000024795532
YGL084C,YCR107W,0,-5.4375534,0.0636914074420929,0.2840000092983246,0.41749998927116394
YOR204W,YBR294W,0,-5.437668,0.06367713212966919,0.2840000092983246,0.41760000586509705
YDR163W,YML097C,0,-5.4377785,0.06366285681724548,0.2840000092983246,0.41769999265670776
YCR020C-A,YBR081C,1,-5.4379544,0.06387270241975784,0.2849999964237213,0.41769999265670776
YNR002C,YIL004C,0,-5.4383397,0.06385838985443115,0.2849999964237213,0.41780000925064087
YOL034W,YHR091C,0,-5.4385357,0.06384408473968506,0.2849999964237213,0.4178999960422516
YGR246C,YGL223C,0,-5.4388914,0.06382978707551956,0.2849999964237213,0.4180000126361847
YJL094C,YAR002C-A,0,-5.4389124,0.06381549686193466,0.2849999964237213,0.4180999994277954
YML109W,YIL115C,0,-5.439246,0.06380120664834976,0.2849999964237213,0.41819998621940613
YGR133W,YDR146C,0,-5.4393716,0.06378693133592606,0.2849999964237213,0.41830000281333923
YPL011C,YPL181W,0,-5.439598,0.06377265602350235,0.2849999964237213,0.41839998960494995
YDL178W,YCL043C,0,-5.4396167,0.06375838816165924,0.2849999964237213,0.41850000619888306
YOL102C,YLR014C,0,-5.439768,0.06374412775039673,0.2849999964237213,0.4185999929904938
YML019W,YBL003C,0,-5.440035,0.06372987478971481,0.2849999964237213,0.4187000095844269
YDL088C,YGR089W,0,-5.440096,0.0637156292796135,0.2849999964237213,0.4187999963760376
YBL106C,YEL036C,0,-5.440173,0.06370138376951218,0.2849999964237213,0.4189000129699707
YOR344C,YHR021C,0,-5.4402018,0.06368715316057205,0.2849999964237213,0.4189999997615814
YFL060C,YOR275C,0,-5.440514,0.06367292255163193,0.2849999964237213,0.41909998655319214
YPR016C,YDR477W,0,-5.44053,0.0636586993932724,0.2849999964237213,0.41920000314712524
YNL326C,YOL076W,1,-5.4407334,0.06386779993772507,0.28600001335144043,0.41920000314712524
YNR027W,YOR110W,0,-5.440977,0.06385353952646255,0.28600001335144043,0.41929998993873596
YOR362C,YDL154W,0,-5.441086,0.06383928656578064,0.28600001335144043,0.41940000653266907
YMR136W,YGR177C,0,-5.4411564,0.06382504105567932,0.28600001335144043,0.4194999933242798
YDL153C,YLR362W,0,-5.441169,0.063810795545578,0.28600001335144043,0.4196000099182129
YDR469W,YCL061C,0,-5.4411974,0.06379656493663788,0.28600001335144043,0.4196999967098236
YNR056C,YPR104C,0,-5.4413176,0.06378233432769775,0.28600001335144043,0.4198000133037567
YLR013W,YCR008W,0,-5.4413705,0.06376811861991882,0.28600001335144043,0.41990000009536743
YBR245C,YBR136W,0,-5.4415236,0.06375390291213989,0.28600001335144043,0.41999998688697815
YMR276W,YLR047C,0,-5.4418535,0.06373969465494156,0.28600001335144043,0.42010000348091125
YDR495C,YER177W,0,-5.4419994,0.06372549384832382,0.28600001335144043,0.420199990272522
YDR259C,YJL183W,0,-5.442148,0.06371129304170609,0.28600001335144043,0.4203000068664551
YCR002C,YMR140W,0,-5.4429865,0.06369710713624954,0.28600001335144043,0.4203999936580658
YPR051W,YEL056W,1,-5.4430423,0.06390558928251266,0.28700000047683716,0.4203999936580658
YJL139C,YOR204W,0,-5.443331,0.06389136612415314,0.28700000047683716,0.4205000102519989
YLR206W,YNL225C,0,-5.4435663,0.06387714296579361,0.28700000047683716,0.4205999970436096
YJR091C,YPL019C,0,-5.443691,0.06386292725801468,0.28700000047683716,0.4207000136375427
YAL033W,YHL038C,0,-5.444549,0.06384871900081635,0.28700000047683716,0.42080000042915344
YDR238C,YMR239C,0,-5.4451036,0.06383451819419861,0.28700000047683716,0.42089998722076416
YBR058C,YPL240C,0,-5.4452515,0.06382032483816147,0.28700000047683716,0.42100000381469727
YOR321W,YKR068C,0,-5.445413,0.06380613893270493,0.28700000047683716,0.421099990606308
YJR097W,YPR074C,0,-5.4457893,0.06379195302724838,0.28700000047683716,0.4212000072002411
YAL054C,YGL066W,1,-5.445918,0.06400000303983688,0.2879999876022339,0.4212000072002411
YLR337C,YDL006W,0,-5.446143,0.06398577988147736,0.2879999876022339,0.4212999939918518
YPL047W,YNR044W,0,-5.4462805,0.06397157162427902,0.2879999876022339,0.4214000105857849
YDR302W,YOR157C,0,-5.44655,0.06395736336708069,0.2879999876022339,0.42149999737739563
YNL259C,YFR034C,0,-5.446661,0.06394316256046295,0.2879999876022339,0.42160001397132874
YAR035W,YML098W,0,-5.4467254,0.06392896920442581,0.2879999876022339,0.42170000076293945
YNR032W,YKR053C,0,-5.4467483,0.06391478329896927,0.2879999876022339,0.42179998755455017
YPR051W,YDR392W,1,-5.447386,0.06412247568368912,0.289000004529953,0.42179998755455017
YOR362C,YJL133W,0,-5.447665,0.06410825252532959,0.289000004529953,0.4219000041484833
YBR257W,YJL129C,0,-5.448062,0.06409403681755066,0.289000004529953,0.421999990940094
YCR020C-A,YGL066W,1,-5.4481354,0.06430155038833618,0.28999999165534973,0.421999990940094
YPR102C,YOR313C,0,-5.44857,0.06428729742765427,0.28999999165534973,0.4221000075340271
YDR046C,YLR214W,0,-5.448596,0.06427305191755295,0.28999999165534973,0.4221999943256378
YOL148C,YFL024C,1,-5.448625,0.06448038667440414,0.29100000858306885,0.4221999943256378
YBR098W,YHR178W,0,-5.448765,0.06446610391139984,0.29100000858306885,0.4223000109195709
YER024W,YNL253W,0,-5.448947,0.06445182859897614,0.29100000858306885,0.42239999771118164
YOR198C,YBR142W,0,-5.4492683,0.06443755328655243,0.29100000858306885,0.42250001430511475
YGL090W,YLR170C,0,-5.449315,0.06442329287528992,0.29100000858306885,0.42260000109672546
YGR256W,YDR386W,0,-5.4493184,0.0644090324640274,0.29100000858306885,0.4226999878883362
YJL176C,YDL130W,0,-5.4494305,0.06439477950334549,0.29100000858306885,0.4228000044822693
YNL025C,YER166W,0,-5.449473,0.06438053399324417,0.29100000858306885,0.42289999127388
YDR122W,YPL233W,0,-5.4495993,0.06436628848314285,0.29100000858306885,0.4230000078678131
YPL033C,YIL061C,0,-5.4499187,0.06435205787420273,0.29100000858306885,0.42309999465942383
YBL013W,YOR209C,0,-5.4500012,0.0643378272652626,0.29100000858306885,0.42320001125335693
YBR253W,YMR058W,0,-5.45004,0.06432360410690308,0.29100000858306885,0.42329999804496765
YDR238C,YDL154W,0,-5.4502234,0.06430939584970474,0.29100000858306885,0.42340001463890076
YPR031W,YBR081C,1,-5.4505987,0.06451612710952759,0.2919999957084656,0.42340001463890076
YER001W,YDR151C,0,-5.4508414,0.06450187414884567,0.2919999957084656,0.4235000014305115
YDL209C,YGR142W,0,-5.4512725,0.06448763608932495,0.2919999957084656,0.4235999882221222
YOL148C,YPR131C,1,-5.451353,0.06469419598579407,0.2930000126361847,0.4235999882221222
YMR198W,YHR174W,0,-5.451606,0.06467991322278976,0.2930000126361847,0.4237000048160553
YPR042C,YHR059W,0,-5.451687,0.06466563791036606,0.2930000126361847,0.423799991607666
YKR056W,YNL030W,0,-5.4517612,0.06465137004852295,0.2930000126361847,0.4239000082015991
YBR130C,YKL040C,0,-5.4517965,0.06463710218667984,0.2930000126361847,0.42399999499320984
YLL022C,YFL024C,1,-5.452531,0.06484340876340866,0.2939999997615814,0.42399999499320984
YJR082C,YLR195C,1,-5.452627,0.06504961103200912,0.29499998688697815,0.42399999499320984
YDR236C,YDR036C,0,-5.4526324,0.06503527611494064,0.29499998688697815,0.42410001158714294
YHR012W,YAL011W,0,-5.4528804,0.06502094119787216,0.29499998688697815,0.42419999837875366
YLR052W,YLR107W,0,-5.4529133,0.06500661373138428,0.29499998688697815,0.4242999851703644
YOR030W,YGL162W,0,-5.453013,0.06499228626489639,0.29499998688697815,0.4244000017642975
YMR299C,YMR146C,0,-5.453057,0.0649779736995697,0.29499998688697815,0.4244999885559082
YHL027W,YFL002C,0,-5.4531407,0.06496366113424301,0.29499998688697815,0.4246000051498413
YOL116W,YJL148W,0,-5.4531965,0.06494936347007751,0.29499998688697815,0.424699991941452
YPL160W,YPR200C,0,-5.453237,0.06493506580591202,0.29499998688697815,0.42480000853538513
YPL033C,YKL017C,0,-5.4536138,0.06492077559232712,0.29499998688697815,0.42489999532699585
YKR019C,YJL108C,0,-5.4541893,0.06490649282932281,0.29499998688697815,0.42500001192092896
YHR011W,YJL157C,0,-5.4542456,0.06489221006631851,0.29499998688697815,0.4250999987125397
YCR082W,YBL003C,0,-5.4542723,0.0648779422044754,0.29499998688697815,0.4251999855041504
YPL047W,YDL095W,0,-5.4545283,0.0648636743426323,0.29499998688697815,0.4253000020980835
YNL274C,YFL048C,0,-5.454534,0.06484941393136978,0.29499998688697815,0.4253999888896942
YHR069C,YLR045C,0,-5.4547443,0.06483516842126846,0.29499998688697815,0.4255000054836273
YHL047C,YGR254W,0,-5.4549823,0.06482091546058655,0.29499998688697815,0.42559999227523804
YER068W,YOR267C,0,-5.4549913,0.06480667740106583,0.29499998688697815,0.42570000886917114
YNL116W,YLR010C,0,-5.455929,0.0647924467921257,0.29499998688697815,0.42579999566078186
YDL028C,YLR221C,0,-5.456009,0.06477821618318558,0.29499998688697815,0.42590001225471497
YGR191W,YDR325W,0,-5.456014,0.06476399302482605,0.29499998688697815,0.4259999990463257
YBR020W,YOR355W,0,-5.456062,0.06474977731704712,0.29499998688697815,0.4260999858379364
YPR023C,YMR246W,1,-5.4563437,0.06495501101016998,0.29600000381469727,0.4260999858379364
YOR253W,YDR145W,1,-5.4565105,0.06516015529632568,0.296999990940094,0.4260999858379364
YHR099W,YOR064C,1,-5.4565763,0.06536521017551422,0.2980000078678131,0.4260999858379364
YLR114C,YDL058W,0,-5.456918,0.06535087525844574,0.2980000078678131,0.4262000024318695
YAL054C,YGR147C,1,-5.457054,0.06555579602718353,0.29899999499320984,0.4262000024318695
YKL022C,YMR073C,0,-5.457271,0.06554143130779266,0.29899999499320984,0.4262999892234802
YGR090W,YGR029W,0,-5.45807,0.0655270665884018,0.29899999499320984,0.42640000581741333
YJL056C,YPL194W,0,-5.4581356,0.06551270931959152,0.29899999499320984,0.42649999260902405
YOR081C,YBR283C,0,-5.458564,0.06549835950136185,0.29899999499320984,0.42660000920295715
YNL243W,YGR254W,0,-5.458688,0.06548400968313217,0.29899999499320984,0.42669999599456787
YBR256C,YHR079C,0,-5.4586945,0.06546967476606369,0.29899999499320984,0.426800012588501
YDR448W,YOL076W,1,-5.4586983,0.06567425280809402,0.30000001192092896,0.426800012588501
YCR061W,YPR088C,0,-5.45884,0.06565988063812256,0.30000001192092896,0.4268999993801117
YKL160W,YJL157C,0,-5.459165,0.06564551591873169,0.30000001192092896,0.4269999861717224
YDR449C,YGR010W,0,-5.4596033,0.06563115119934082,0.30000001192092896,0.4271000027656555
YJL099W,YBL090W,0,-5.459745,0.06561680138111115,0.30000001192092896,0.42719998955726624
YHR056C,YJR049C,0,-5.459858,0.06560245156288147,0.30000001192092896,0.42730000615119934
YER089C,YIL112W,0,-5.4599085,0.06558810919523239,0.30000001192092896,0.42739999294281006
YGL027C,YKL099C,0,-5.460211,0.06557376682758331,0.30000001192092896,0.42750000953674316
YPR101W,YLR005W,0,-5.4603643,0.06555943936109543,0.30000001192092896,0.4275999963283539
YBR059C,YPR002W,0,-5.4603662,0.06554511934518814,0.30000001192092896,0.427700012922287
YEL066W,YBR081C,1,-5.460393,0.06574923545122147,0.3009999990463257,0.427700012922287
YAL009W,YPR155C,0,-5.46046,0.0657348781824112,0.3009999990463257,0.4277999997138977
YPL153C,YKL057C,0,-5.4605393,0.06572052091360092,0.3009999990463257,0.4278999865055084
YHR099W,YGL066W,1,-5.4607,0.06592447310686111,0.3019999861717224,0.4278999865055084
YAL054C,YDR392W,1,-5.46078,0.06612832844257355,0.30300000309944153,0.4278999865055084
YGL194C,YDL019C,0,-5.461109,0.0661138966679573,0.30300000309944153,0.42800000309944153
YDR513W,YPR128C,0,-5.4611864,0.06609947979450226,0.30300000309944153,0.42809998989105225
YJR083C,YOR388C,0,-5.4611993,0.06608506292104721,0.30300000309944153,0.42820000648498535
YJL081C,YHR090C,1,-5.4617186,0.06628870218992233,0.30399999022483826,0.42820000648498535
YNL242W,YNL027W,0,-5.4617367,0.0662742555141449,0.30399999022483826,0.42829999327659607
YJR025C,YKL120W,0,-5.4618893,0.06625980883836746,0.30399999022483826,0.4284000098705292
YDL079C,YPL096W,0,-5.462036,0.06624536961317062,0.30399999022483826,0.4284999966621399
YLR044C,YDR507C,0,-5.4621124,0.06623093783855438,0.30399999022483826,0.428600013256073
YDL209C,YGR204W,0,-5.462194,0.06621651351451874,0.30399999022483826,0.4287000000476837
YDL142C,YGR029W,0,-5.462243,0.0662020891904831,0.30399999022483826,0.42879998683929443
YDR436W,YPL083C,0,-5.4622755,0.06618767976760864,0.30399999022483826,0.42890000343322754
YKR019C,YIR002C,0,-5.462284,0.06617327034473419,0.30399999022483826,0.42899999022483826
YOL145C,YDL044C,0,-5.462361,0.06615886837244034,0.30399999022483826,0.42910000681877136
YPL019C,YHR015W,0,-5.4625874,0.06614447385072708,0.30399999022483826,0.4291999936103821
YKL014C,YGL245W,0,-5.4627705,0.06613008677959442,0.30399999022483826,0.4293000102043152
YDR324C,YOL028C,0,-5.462802,0.06611569970846176,0.30399999022483826,0.4293999969959259
YIL129C,YGL017W,0,-5.462817,0.0661013275384903,0.30399999022483826,0.429500013589859
YGL153W,YEL026W,0,-5.4628444,0.06608695536851883,0.30399999022483826,0.4296000003814697
YML041C,YGR258C,0,-5.462846,0.06607259064912796,0.30399999022483826,0.42969998717308044
YDR456W,YGR055W,0,-5.462914,0.06605823338031769,0.30399999022483826,0.42980000376701355
YML006C,YBL013W,0,-5.462928,0.06604388356208801,0.30399999022483826,0.42989999055862427
YML032C,YNL281W,0,-5.463364,0.06602954119443893,0.30399999022483826,0.4300000071525574
YNL318C,YAR002W,0,-5.4636106,0.06601519882678986,0.30399999022483826,0.4300999939441681
YJR135C,YGR274C,0,-5.463749,0.06600087136030197,0.30399999022483826,0.4302000105381012
YPR189W,YLR172C,0,-5.4640794,0.06598654389381409,0.30399999022483826,0.4302999973297119
YIL110W,YDL164C,0,-5.4640875,0.0659722238779068,0.30399999022483826,0.430400013923645
YHR084W,YMR048W,0,-5.4641953,0.06595791131258011,0.30399999022483826,0.43050000071525574
YLR010C,YHR142W,0,-5.4642887,0.06594359874725342,0.30399999022483826,0.43059998750686646
YJL110C,YLR438C-A,0,-5.4644494,0.06592930108308792,0.30399999022483826,0.43070000410079956
YNL070W,YCL004W,0,-5.4645386,0.06591500341892242,0.30399999022483826,0.4307999908924103
YFL017W-A,YJL104W,0,-5.4645944,0.06590071320533752,0.30399999022483826,0.4309000074863434
YMR162C,YML046W,0,-5.4646244,0.06588643044233322,0.30399999022483826,0.4309999942779541
YEL053C,YHR013C,1,-5.4647207,0.06608884036540985,0.3050000071525574,0.4309999942779541
YPL196W,YJL127C,0,-5.4648623,0.06607452034950256,0.3050000071525574,0.4311000108718872
YGR013W,YLR309C,0,-5.4649315,0.06606021523475647,0.3050000071525574,0.4311999976634979
YCL014W,YEL050C,0,-5.465459,0.06604591012001038,0.3050000071525574,0.43130001425743103
YKR028W,YLR337C,0,-5.465782,0.06603160500526428,0.3050000071525574,0.43140000104904175
YGL119W,YJL157C,0,-5.465828,0.06601731479167938,0.3050000071525574,0.43149998784065247
YHR089C,YJL128C,0,-5.4664464,0.06600303202867508,0.3050000071525574,0.43160000443458557
YMR101C,YDR236C,0,-5.4665136,0.06598874926567078,0.3050000071525574,0.4316999912261963
YOL008W,YPL239W,0,-5.4665656,0.06597447395324707,0.3050000071525574,0.4318000078201294
YLL040C,YBR165W,0,-5.466568,0.06596020609140396,0.3050000071525574,0.4318999946117401
YCL024W,YMR235C,0,-5.46661,0.06594594568014145,0.3050000071525574,0.4320000112056732
YMR097C,YPR143W,0,-5.467066,0.06593169271945953,0.3050000071525574,0.43209999799728394
YNL326C,YMR246W,1,-5.467248,0.06613356620073318,0.3059999942779541,0.43209999799728394
YJR110W,YEL061C,0,-5.4673557,0.06611927598714828,0.3059999942779541,0.43220001459121704
YGR156W,YGR162W,0,-5.4674015,0.06610499322414398,0.3059999942779541,0.43230000138282776
YNL273W,YKL029C,0,-5.4675746,0.06609071046113968,0.3059999942779541,0.4323999881744385
YKL110C,YLR056W,0,-5.4675956,0.06607644259929657,0.3059999942779541,0.4325000047683716
YMR081C,YGL013C,0,-5.4678354,0.06606217473745346,0.3059999942779541,0.4325999915599823
YGR241C,YDR440W,0,-5.4678907,0.06604791432619095,0.3059999942779541,0.4327000081539154
YDL150W,YAL043C,0,-5.4679046,0.06603366136550903,0.3059999942779541,0.4327999949455261
YBR084W,YJL115W,1,-5.4679303,0.06623516976833344,0.3070000112056732,0.4327999949455261
YCR002C,YDL188C,0,-5.468025,0.06622087955474854,0.3070000112056732,0.43290001153945923
YNR044W,YBR110W,0,-5.4689837,0.06620659679174423,0.3070000112056732,0.43299999833106995
YLR115W,YML098W,0,-5.4691267,0.06619232147932053,0.3070000112056732,0.43309998512268066
YNR006W,YJL034W,0,-5.4691744,0.06617805361747742,0.3070000112056732,0.43320000171661377
YGR267C,YAL034W-A,0,-5.469364,0.0661637932062149,0.3070000112056732,0.4332999885082245
YPR193C,YGR147C,1,-5.469549,0.06636501103639603,0.30799999833106995,0.4332999885082245
YPR131C,YLR195C,1,-5.4699945,0.06656613200902939,0.3089999854564667,0.4332999885082245
YMR116C,YGL251C,0,-5.470088,0.06655179709196091,0.3089999854564667,0.4334000051021576
YLR190W,YIL142W,0,-5.4703126,0.06653746962547302,0.3089999854564667,0.4334999918937683
YDR106W,YLR086W,0,-5.470376,0.06652314215898514,0.3089999854564667,0.4336000084877014
YER044C-A,YBR276C,0,-5.470656,0.06650882214307785,0.3089999854564667,0.43369999527931213
YPR137W,YPR029C,0,-5.4707828,0.06649450957775116,0.3089999854564667,0.43380001187324524
YLR265C,YBL080C,0,-5.470862,0.06648020446300507,0.3089999854564667,0.43389999866485596
YDR260C,YBR182C,0,-5.4710436,0.06646590679883957,0.3089999854564667,0.4339999854564667
YBR089C-A,YBR217W,0,-5.4715886,0.06645161658525467,0.3089999854564667,0.4341000020503998
YDR488C,YIL033C,0,-5.471835,0.06643732637166977,0.3089999854564667,0.4341999888420105
YOR115C,YIL079C,0,-5.471903,0.06642304360866547,0.3089999854564667,0.4343000054359436
YPL040C,YGL144C,0,-5.4719615,0.06640876829624176,0.3089999854564667,0.4343999922275543
YDR318W,YAR015W,0,-5.4722657,0.06639450043439865,0.3089999854564667,0.4345000088214874
YLL002W,YJL115W,1,-5.4723845,0.06659506261348724,0.3100000023841858,0.4345000088214874
YOL165C,YDR381W,0,-5.4725003,0.06658075749874115,0.3100000023841858,0.43459999561309814
YNL209W,YNL097C,0,-5.472631,0.06656645983457565,0.3100000023841858,0.43470001220703125
YKL005C,YBR095C,0,-5.4727855,0.06655216962099075,0.3100000023841858,0.43479999899864197
YIL110W,YDR236C,0,-5.473463,0.06653788685798645,0.3100000023841858,0.4348999857902527
YLL011W,YPL233W,0,-5.4734907,0.06652360409498215,0.3100000023841858,0.4350000023841858
YNL075W,YNL268W,0,-5.4735584,0.06650933623313904,0.3100000023841858,0.4350999891757965
YGL017W,YNL229C,0,-5.4735966,0.06649506837129593,0.3100000023841858,0.4352000057697296
YLR340W,YBR123C,0,-5.4735966,0.06648080796003342,0.3100000023841858,0.43529999256134033
YMR214W,YDL247W,0,-5.4736257,0.0664665549993515,0.3100000023841858,0.43540000915527344
YOR153W,YBR295W,0,-5.4737053,0.06645230203866959,0.3100000023841858,0.43549999594688416
YNL229C,YJR139C,0,-5.4737196,0.06643806397914886,0.3100000023841858,0.43560001254081726
YML042W,YEL030W,0,-5.4738436,0.06642382591962814,0.3100000023841858,0.435699999332428
YMR011W,YKL120W,0,-5.4739304,0.06640959531068802,0.3100000023841858,0.4357999861240387
YOR109W,YDR091C,0,-5.4739647,0.06639537215232849,0.3100000023841858,0.4359000027179718
YIR009W,YLR405W,0,-5.4740973,0.06638115644454956,0.3100000023841858,0.4359999895095825
YGL187C,YKL203C,0,-5.4743624,0.06636694818735123,0.3100000023841858,0.4361000061035156
YHR024C,YML116W,0,-5.4744463,0.0663527399301529,0.3100000023841858,0.43619999289512634
YOL061W,YDL006W,0,-5.474908,0.06633853912353516,0.3100000023841858,0.43630000948905945
YDR397C,YGR275W,0,-5.4750805,0.06632434576749802,0.3100000023841858,0.43639999628067017
YDR448W,YHR099W,1,-5.4752164,0.06652406603097916,0.3109999895095825,0.43639999628067017
YPR189W,YDL006W,0,-5.4754925,0.06650983542203903,0.3109999895095825,0.43650001287460327
YIL061C,YKR072C,0,-5.475674,0.0664956197142601,0.3109999895095825,0.436599999666214
YDR437W,YJR065C,0,-5.475747,0.06648140400648117,0.3109999895095825,0.4366999864578247
YIL009C-A,YJR057W,0,-5.4757977,0.06646719574928284,0.3109999895095825,0.4368000030517578
YDR513W,YMR225C,0,-5.476226,0.0664529949426651,0.3109999895095825,0.43689998984336853
YGL151W,YBL020W,0,-5.476264,0.06643879413604736,0.3109999895095825,0.43700000643730164
YJR049C,YLR431C,0,-5.4769487,0.06642460823059082,0.3109999895095825,0.43709999322891235
YHR013C,YGL066W,1,-5.4775724,0.06662395596504211,0.31200000643730164,0.43709999322891235
YJL092W,YNL262W,0,-5.4778886,0.06660973280668259,0.31200000643730164,0.43720000982284546
YKL140W,YNL007C,0,-5.477902,0.06659551709890366,0.31200000643730164,0.4372999966144562
YML007W,YDL029W,0,-5.477997,0.06658130884170532,0.31200000643730164,0.4374000132083893
YPR193C,YOL110W,1,-5.4780493,0.0667804554104805,0.31299999356269836,0.4374000132083893
YJR066W,YDR420W,0,-5.4786196,0.06676620990037918,0.31299999356269836,0.4375
YNR027W,YDR463W,0,-5.4788847,0.06675197184085846,0.31299999356269836,0.4375999867916107
YER088C,YER089C,0,-5.4793196,0.06673774123191833,0.31299999356269836,0.4377000033855438
YER073W,YMR091C,0,-5.479426,0.06672351062297821,0.31299999356269836,0.43779999017715454
YOR094W,YOR191W,0,-5.47948,0.06670929491519928,0.31299999356269836,0.43790000677108765
YAR008W,YIL128W,0,-5.4796104,0.06669507920742035,0.31299999356269836,0.43799999356269836
YNL271C,YLR043C,0,-5.479675,0.06668087095022202,0.31299999356269836,0.43810001015663147
YIL076W,YJL003W,0,-5.48017,0.06666667014360428,0.31299999356269836,0.4381999969482422
YHR099W,YGL112C,1,-5.4801836,0.06686541438102722,0.3140000104904175,0.4381999969482422
YBL061C,YLR272C,0,-5.480297,0.0668511837720871,0.3140000104904175,0.4383000135421753
YPL180W,YCR008W,0,-5.480504,0.06683695316314697,0.3140000104904175,0.438400000333786
YGL151W,YDR423C,0,-5.4808865,0.06682273000478745,0.3140000104904175,0.43849998712539673
YBL002W,YAL053W,0,-5.4811935,0.06680851429700851,0.3140000104904175,0.43860000371932983
YEL071W,YHR034C,0,-5.4813724,0.06679429858922958,0.3140000104904175,0.43869999051094055
YHL025W,YFR029W,0,-5.4820232,0.06678009033203125,0.3140000104904175,0.43880000710487366
YOR245C,YMR267W,0,-5.482135,0.06676589697599411,0.3140000104904175,0.4388999938964844
YGL200C,YLR056W,0,-5.4823065,0.06675170361995697,0.3140000104904175,0.4390000104904175
YFR027W,YGL162W,0,-5.4826174,0.06673751026391983,0.3140000104904175,0.4390999972820282
YJR093C,YPR101W,0,-5.482682,0.06672333180904388,0.3140000104904175,0.4392000138759613
YER122C,YGL240W,0,-5.482691,0.06670915335416794,0.3140000104904175,0.439300000667572
YGR112W,YIL026C,0,-5.482796,0.06669498980045319,0.3140000104904175,0.43939998745918274
YBR186W,YMR172W,0,-5.483105,0.06668082624673843,0.3140000104904175,0.43950000405311584
YGL194C,YJR121W,0,-5.483304,0.06666667014360428,0.3140000104904175,0.43959999084472656
YPR186C,YNL232W,0,-5.4834414,0.06665251404047012,0.3140000104904175,0.43970000743865967
YDR192C,YMR238W,0,-5.4835215,0.06663837283849716,0.3140000104904175,0.4397999942302704
YJR103W,YKR035W-A,0,-5.483924,0.0666242316365242,0.3140000104904175,0.4399000108242035
YAL001C,YMR023C,0,-5.4839883,0.06661009788513184,0.3140000104904175,0.4399999976158142
YNR044W,YMR237W,0,-5.4840975,0.06659597158432007,0.3140000104904175,0.4401000142097473
YBR015C,YPL202C,0,-5.4847336,0.0665818527340889,0.3140000104904175,0.44020000100135803
YDR146C,YBR126C,0,-5.484878,0.06656773388385773,0.3140000104904175,0.44029998779296875
YJR153W,YJR102C,0,-5.485213,0.06655362248420715,0.3140000104904175,0.44040000438690186
YBL079W,YPL069C,0,-5.485382,0.06653951853513718,0.3140000104904175,0.4404999911785126
YMR229C,YMR255W,0,-5.4856853,0.0665254220366478,0.3140000104904175,0.4406000077724457
YDL007W,YHR175W,0,-5.4857492,0.06651133298873901,0.3140000104904175,0.4406999945640564
YCR091W,YPL065W,0,-5.4857697,0.06649724394083023,0.3140000104904175,0.4408000111579895
YAR042W,YMR078C,0,-5.4858894,0.06648316979408264,0.3140000104904175,0.4408999979496002
YOL109W,YMR172W,0,-5.4859567,0.06646909564733505,0.3140000104904175,0.4410000145435333
YBR004C,YJL006C,0,-5.4860888,0.06645502895116806,0.3140000104904175,0.44110000133514404
YMR075W,YDR407C,0,-5.486375,0.06644096225500107,0.3140000104904175,0.44119998812675476
YDL188C,YGR108W,0,-5.4864583,0.06642691045999527,0.3140000104904175,0.44130000472068787
YJL063C,YAL002W,0,-5.4867396,0.06641285866498947,0.3140000104904175,0.4413999915122986
YMR270C,YHR004C,0,-5.4868317,0.06639881432056427,0.3140000104904175,0.4415000081062317
YDR501W,YBL008W,0,-5.4868793,0.06638477742671967,0.3140000104904175,0.4415999948978424
YER129W,YHL024W,0,-5.4869213,0.06637074798345566,0.3140000104904175,0.4417000114917755
YGR118W,YKR061W,0,-5.4869595,0.06635671854019165,0.3140000104904175,0.44179999828338623
YMR192W,YHR194W,0,-5.486988,0.06634269654750824,0.3140000104904175,0.44190001487731934
YFR019W,YGR091W,0,-5.4870834,0.06632868945598602,0.3140000104904175,0.44200000166893005
YDR096W,YPL008W,0,-5.4873977,0.06631467491388321,0.3140000104904175,0.44209998846054077
YLL002W,YHR099W,1,-5.487695,0.06651182472705841,0.3149999976158142,0.44209998846054077
YPL037C,YMR299C,0,-5.4882193,0.06649778038263321,0.3149999976158142,0.4422000050544739
YCL024W,YLR148W,0,-5.48847,0.0664837509393692,0.3149999976158142,0.4422999918460846
YJR091C,YOR266W,0,-5.489002,0.0664697214961052,0.3149999976158142,0.4424000084400177
YIL132C,YLR026C,0,-5.489128,0.06645569950342178,0.3149999976158142,0.4424999952316284
YDL040C,YHR090C,1,-5.489146,0.06665260344743729,0.3160000145435333,0.4424999952316284
YBL045C,YLR354C,0,-5.4896374,0.06663855165243149,0.3160000145435333,0.4426000118255615
YDL047W,YMR049C,0,-5.490096,0.06662449985742569,0.3160000145435333,0.44269999861717224
YDR013W,YCL066W,0,-5.4903145,0.06661045551300049,0.3160000145435333,0.44279998540878296
YOR313C,YDR039C,0,-5.4903345,0.06659641861915588,0.3160000145435333,0.44290000200271606
YBR177C,YCR071C,0,-5.491003,0.06658238172531128,0.3160000145435333,0.4429999887943268
YDL097C,YNR059W,0,-5.4910636,0.06656835973262787,0.3160000145435333,0.4431000053882599
YNL070W,YMR322C,0,-5.4912705,0.06655433773994446,0.3160000145435333,0.4431999921798706
YPL194W,YGL175C,0,-5.4914913,0.06654032319784164,0.3160000145435333,0.4433000087738037
YKR003W,YIL117C,0,-5.491683,0.06652631610631943,0.3160000145435333,0.44339999556541443
YPL146C,YKR057W,0,-5.4918737,0.06651231646537781,0.3160000145435333,0.44350001215934753
YJR110W,YLL024C,0,-5.492198,0.06649831682443619,0.3160000145435333,0.44359999895095825
YIL121W,YCR081W,0,-5.492713,0.06648432463407516,0.3160000145435333,0.44369998574256897
YMR172W,YEL065W,0,-5.4931774,0.06647033989429474,0.3160000145435333,0.4438000023365021
YMR042W,YGR036C,0,-5.4932356,0.06645636260509491,0.3160000145435333,0.4438999891281128
YJL115W,YPL001W,1,-5.4933105,0.06665264815092087,0.31700000166893005,0.4438999891281128
YPR134W,YNL220W,0,-5.4933634,0.06663864105939865,0.31700000166893005,0.4440000057220459
YIL062C,YDL181W,0,-5.4934435,0.06662463396787643,0.31700000166893005,0.4440999925136566
YLR196W,YLR007W,0,-5.493463,0.06661063432693481,0.31700000166893005,0.4442000091075897
YBR048W,YNL026W,0,-5.49389,0.06659664213657379,0.31700000166893005,0.44429999589920044
YGL084C,YKR035W-A,0,-5.494647,0.06658264994621277,0.31700000166893005,0.44440001249313354
YDL235C,YGR142W,0,-5.494668,0.06656866520643234,0.31700000166893005,0.44449999928474426
YLR377C,YPR189W,0,-5.494793,0.06655469536781311,0.31700000166893005,0.444599986076355
YMR048W,YDR359C,0,-5.494949,0.06654072552919388,0.31700000166893005,0.4447000026702881
YFR019W,YGR172C,0,-5.495241,0.06652675569057465,0.31700000166893005,0.4447999894618988
YPR164W,YOL072W,0,-5.4954286,0.06651280075311661,0.31700000166893005,0.4449000060558319
YDR511W,YNL334C,0,-5.495667,0.06649884581565857,0.31700000166893005,0.4449999928474426
YDR163W,YBR126C,0,-5.495947,0.06648489832878113,0.31700000166893005,0.44510000944137573
YBR211C,YER016W,0,-5.496109,0.06647095829248428,0.31700000166893005,0.44519999623298645
YHR084W,YNL311C,0,-5.4964275,0.06645702570676804,0.31700000166893005,0.44530001282691956
YHR070W,YLR424W,0,-5.4964733,0.06644309312105179,0.31700000166893005,0.4453999996185303
YEL053C,YAL054C,1,-5.4967146,0.06663872301578522,0.3179999887943268,0.4453999996185303
YOR142W,YDR325W,0,-5.4967346,0.06662476062774658,0.3179999887943268,0.445499986410141
YMR142C,YDR268W,0,-5.4968405,0.06661080569028854,0.3179999887943268,0.4456000030040741
YOR298C-A,YDR382W,0,-5.4970303,0.0665968582034111,0.3179999887943268,0.4456999897956848
YKL166C,YDL031W,0,-5.4970365,0.06658291816711426,0.3179999887943268,0.4458000063896179
YOR171C,YEL051W,0,-5.497115,0.06656897813081741,0.3179999887943268,0.44589999318122864
YER019W,YAR008W,0,-5.4971466,0.06655504554510117,0.3179999887943268,0.44600000977516174
YFL041W,YJL108C,0,-5.4971867,0.06654112040996552,0.3179999887943268,0.44609999656677246
YBR020W,YOR231W,0,-5.497886,0.06652719527482986,0.3179999887943268,0.44620001316070557
YMR109W,YMR078C,0,-5.4979143,0.06651328504085541,0.3179999887943268,0.4462999999523163
YMR208W,YKL021C,0,-5.4980507,0.06649937480688095,0.3179999887943268,0.446399986743927
YBR165W,YJL116C,0,-5.4981136,0.06648547202348709,0.3179999887943268,0.4465000033378601
YLR285W,YGR006W,0,-5.498349,0.06647156924009323,0.3179999887943268,0.4465999901294708
YNL256W,YDR386W,0,-5.498465,0.06645768135786057,0.3179999887943268,0.44670000672340393
YER103W,YER012W,0,-5.4986787,0.0664437934756279,0.3179999887943268,0.44679999351501465
YIL061C,YPL267W,0,-5.499095,0.06642991304397583,0.3179999887943268,0.44690001010894775
YNL242W,YLR163C,0,-5.499116,0.06641604006290436,0.3179999887943268,0.44699999690055847
YER019W,YOR353C,0,-5.499397,0.06640217453241348,0.3179999887943268,0.4471000134944916
YOL147C,YOL151W,0,-5.499711,0.06638830900192261,0.3179999887943268,0.4472000002861023
YML052W,YMR065W,0,-5.499771,0.06637445092201233,0.3179999887943268,0.447299987077713
YBL030C,YGL062W,0,-5.4998293,0.06636060029268265,0.3179999887943268,0.4474000036716461
YOR329C,YNL233W,0,-5.5004416,0.06634675711393356,0.3179999887943268,0.44749999046325684
YDR235W,YML121W,0,-5.5005364,0.06633291393518448,0.3179999887943268,0.44760000705718994
YMR277W,YKL108W,0,-5.5009904,0.06631908565759659,0.3179999887943268,0.44769999384880066
YDL235C,YLR399C,0,-5.501293,0.0663052573800087,0.3179999887943268,0.44780001044273376
YDL101C,YNL070W,0,-5.5013504,0.0662914291024208,0.3179999887943268,0.4478999972343445
YPR121W,YGR092W,0,-5.501599,0.06627761572599411,0.3179999887943268,0.4480000138282776
YDR013W,YDL138W,0,-5.502124,0.06626380234956741,0.3179999887943268,0.4481000006198883
YGR090W,YMR070W,0,-5.50223,0.06624999642372131,0.3179999887943268,0.448199987411499
YMR290C,YJL176C,0,-5.502252,0.06623619794845581,0.3179999887943268,0.44830000400543213
YPR200C,YJR057W,0,-5.502705,0.0662224069237709,0.3179999887943268,0.44839999079704285
YNL093W,YGL062W,0,-5.5027804,0.066208615899086,0.3179999887943268,0.44850000739097595
YIL160C,YGL106W,0,-5.5029135,0.06619483977556229,0.3179999887943268,0.44859999418258667
YMR303C,YPR080W,0,-5.5030246,0.06618106365203857,0.3179999887943268,0.4487000107765198
YHL020C,YOL142W,0,-5.503146,0.06616728752851486,0.3179999887943268,0.4487999975681305
YOR322C,YDR435C,0,-5.5031595,0.06615352630615234,0.3179999887943268,0.4489000141620636
YPL151C,YDL064W,0,-5.503328,0.06613976508378983,0.3179999887943268,0.4490000009536743
YOL095C,YML123C,0,-5.5038586,0.0661260113120079,0.3179999887943268,0.44909998774528503
YJL011C,YPL063W,0,-5.5038605,0.06611226499080658,0.3179999887943268,0.44920000433921814
YGR177C,YMR146C,0,-5.5039577,0.06609852612018585,0.3179999887943268,0.44929999113082886
YOL117W,YOL001W,0,-5.5040684,0.06608478724956512,0.3179999887943268,0.44940000772476196
YPL086C,YML025C,0,-5.5043664,0.066071055829525,0.3179999887943268,0.4494999945163727
YOR362C,YPL127C,0,-5.5044284,0.06605733186006546,0.3179999887943268,0.4496000111103058
YIL002C,YBR231C,0,-5.5047674,0.06604361534118652,0.3179999887943268,0.4496999979019165
YJL036W,YDL039C,0,-5.50506,0.06602989882230759,0.3179999887943268,0.4498000144958496
YOR132W,YOL115W,0,-5.5052423,0.06601618975400925,0.3179999887943268,0.4499000012874603
YPL122C,YCL001W,0,-5.505395,0.0660024881362915,0.3179999887943268,0.44999998807907104
YJR066W,YPR041W,0,-5.505434,0.06598879396915436,0.3179999887943268,0.45010000467300415
YBR272C,YOL147C,0,-5.5058866,0.06597510725259781,0.3179999887943268,0.45019999146461487
YPL043W,YLR260W,0,-5.5059824,0.06596142053604126,0.3179999887943268,0.450300008058548
YLR371W,YLR160C,0,-5.506116,0.06594774127006531,0.3179999887943268,0.4503999948501587
YGR092W,YKL139W,0,-5.506118,0.06593406945466995,0.3179999887943268,0.4505000114440918
YIL095W,YDL085W,0,-5.5062084,0.0659203976392746,0.3179999887943268,0.4505999982357025
YOR346W,YLR014C,0,-5.506218,0.06590673327445984,0.3179999887943268,0.4507000148296356
YER015W,YGR252W,1,-5.506338,0.06610029190778732,0.3190000057220459,0.4507000148296356
YMR172W,YLR410W,0,-5.5063944,0.06608659774065018,0.3190000057220459,0.45080000162124634
YOR362C,YHR007C,0,-5.506561,0.06607291102409363,0.3190000057220459,0.45089998841285706
YMR012W,YGL246C,0,-5.50663,0.06605922430753708,0.3190000057220459,0.45100000500679016
YDL043C,YCR020W-B,0,-5.506675,0.06604554504156113,0.3190000057220459,0.4510999917984009
YNL014W,YGL155W,0,-5.506866,0.06603188067674637,0.3190000057220459,0.451200008392334
YLR405W,YLR424W,0,-5.5069323,0.06601820886135101,0.3190000057220459,0.4512999951839447
YPL040C,YBR009C,0,-5.5070534,0.06600455194711685,0.3190000057220459,0.4514000117778778
YBR240C,YPL028W,0,-5.507202,0.06599089503288269,0.3190000057220459,0.4514999985694885
YML104C,YGR285C,0,-5.5072594,0.06597724556922913,0.3190000057220459,0.45159998536109924
YBR083W,YOR275C,0,-5.5075827,0.06596360355615616,0.3190000057220459,0.45170000195503235
YDR264C,YBL052C,1,-5.5081863,0.06615670770406723,0.3199999928474426,0.45170000195503235
YCL016C,YOR267C,0,-5.5081906,0.06614303588867188,0.3199999928474426,0.45179998874664307
YIL031W,YPR135W,0,-5.508442,0.06612936407327652,0.3199999928474426,0.45190000534057617
YIL034C,YNL004W,0,-5.508511,0.06611569970846176,0.3199999928474426,0.4519999921321869
YOR008C,YDL138W,0,-5.508816,0.0661020427942276,0.3199999928474426,0.45210000872612
YDR085C,YEL013W,0,-5.5090504,0.06608839333057404,0.3199999928474426,0.4521999955177307
YBR057C,YAR003W,0,-5.5090866,0.06607474386692047,0.3199999928474426,0.4523000121116638
YLL019C,YPL133C,0,-5.5091615,0.0660611093044281,0.3199999928474426,0.45239999890327454
YKR083C,YOR110W,0,-5.50931,0.06604747474193573,0.3199999928474426,0.45249998569488525
YLR429W,YLR116W,0,-5.509347,0.06603384017944336,0.3199999928474426,0.45260000228881836
YDR245W,YDR173C,0,-5.510741,0.06602022051811218,0.3199999928474426,0.4526999890804291
YDR082W,YIR017C,0,-5.510822,0.066006600856781,0.3199999928474426,0.4528000056743622
YDR243C,YMR235C,0,-5.5108666,0.06599298864603043,0.3199999928474426,0.4528999924659729
YIL128W,YOR058C,0,-5.510938,0.06597938388586044,0.3199999928474426,0.453000009059906
YPR193C,YBR084W,1,-5.511715,0.06617192178964615,0.32100000977516174,0.453000009059906
YGR241C,YNL030W,0,-5.511737,0.06615828722715378,0.32100000977516174,0.4530999958515167
YJL003W,YDR385W,0,-5.51198,0.06614465266466141,0.32100000977516174,0.45320001244544983
YOL012C,YKR019C,0,-5.5124745,0.06613102555274963,0.32100000977516174,0.45329999923706055
YDR055W,YJR112W,0,-5.5126047,0.06611740589141846,0.32100000977516174,0.45339998602867126
YFR041C,YNL037C,0,-5.5128126,0.06610378623008728,0.32100000977516174,0.45350000262260437
YDL231C,YBR179C,0,-5.5133514,0.0660901814699173,0.32100000977516174,0.4535999894142151
YDR342C,YBR030W,0,-5.5137053,0.06607657670974731,0.32100000977516174,0.4537000060081482
YNL311C,YNL253W,0,-5.513717,0.06606297940015793,0.32100000977516174,0.4537999927997589
YMR109W,YBL017C,0,-5.5139146,0.06604938209056854,0.32100000977516174,0.453900009393692
YKL043W,YLR254C,0,-5.514295,0.06603579223155975,0.32100000977516174,0.45399999618530273
YDL174C,YMR041C,0,-5.514315,0.06602220982313156,0.32100000977516174,0.45410001277923584
YOL108C,YLR166C,0,-5.5145597,0.06600863486528397,0.32100000977516174,0.45419999957084656
YEL053C,YFL024C,1,-5.5146265,0.06620065867900848,0.32199999690055847,0.45419999957084656
YGR286C,YLR192C,0,-5.514875,0.0661870539188385,0.32199999690055847,0.4542999863624573
YML034W,YHR171W,0,-5.5149193,0.06617344915866852,0.32199999690055847,0.4544000029563904
YLR195C,YEL056W,1,-5.5149946,0.0663653165102005,0.3230000138282776,0.4544000029563904
YDL006W,YIL103W,0,-5.5151925,0.06635168194770813,0.3230000138282776,0.4544999897480011
YNL274C,YEL022W,0,-5.5153804,0.06633805483579636,0.3230000138282776,0.4546000063419342
YER179W,YIL049W,0,-5.5154424,0.06632443517446518,0.3230000138282776,0.4546999931335449
YGR246C,YGL213C,0,-5.5158205,0.066310815513134,0.3230000138282776,0.454800009727478
YMR162C,YMR008C,0,-5.5161214,0.06629721075296402,0.3230000138282776,0.45489999651908875
YFR021W,YKR027W,0,-5.51626,0.06628360599279404,0.3230000138282776,0.45500001311302185
YER116C,YML074C,0,-5.5162706,0.06627000123262405,0.3230000138282776,0.45509999990463257
YBR084W,YHR090C,1,-5.51635,0.06646154075860977,0.3240000009536743,0.45509999990463257
YAL001C,YPL020C,0,-5.5163794,0.0664479061961174,0.3240000009536743,0.4551999866962433
YML036W,YMR175W,0,-5.5164633,0.06643428653478622,0.3240000009536743,0.4553000032901764
YPL063W,YOL021C,0,-5.5165224,0.06642066687345505,0.3240000009536743,0.4553999900817871
YGR075C,YLR337C,0,-5.5167127,0.06640704721212387,0.3240000009536743,0.4555000066757202
YER100W,YGR161C,0,-5.5168214,0.06639344245195389,0.3240000009536743,0.45559999346733093
YJL145W,YPR017C,0,-5.5168734,0.0663798376917839,0.3240000009536743,0.45570001006126404
YLL040C,YGL216W,0,-5.517118,0.06636624038219452,0.3240000009536743,0.45579999685287476
YKR072C,YOR297C,0,-5.51715,0.06635265052318573,0.3240000009536743,0.45590001344680786
YER174C,YOR132W,0,-5.5171747,0.06633906811475754,0.3240000009536743,0.4560000002384186
YER056C,YIL004C,0,-5.51727,0.06632548570632935,0.3240000009536743,0.4560999870300293
YOL095C,YER169W,0,-5.5173216,0.06631191074848175,0.3240000009536743,0.4562000036239624
YNL080C,YKL192C,0,-5.5175524,0.06629834324121475,0.3240000009536743,0.4562999904155731
YOL040C,YPL249C,0,-5.5176516,0.06628477573394775,0.3240000009536743,0.4564000070095062
YEL015W,YIR005W,0,-5.517766,0.06627122312784195,0.3240000009536743,0.45649999380111694
YER005W,YGL099W,0,-5.5178013,0.06625767052173615,0.3240000009536743,0.45660001039505005
YBR168W,YNL202W,0,-5.51799,0.06624412536621094,0.3240000009536743,0.45669999718666077
YDR264C,YHR090C,1,-5.518156,0.06643499433994293,0.32499998807907104,0.45669999718666077
YPR168W,YKL141W,0,-5.518178,0.06642141938209534,0.32499998807907104,0.45680001378059387
YDR039C,YCL061C,0,-5.5183578,0.06640784442424774,0.32499998807907104,0.4569000005722046
YER015W,YOL076W,1,-5.5183735,0.0665985718369484,0.32600000500679016,0.4569000005722046
YAL031C,YPL065W,0,-5.5184937,0.06658496707677841,0.32600000500679016,0.4569999873638153
YOL067C,YIL129C,0,-5.5186405,0.06657136976718903,0.32600000500679016,0.4571000039577484
YHL027W,YMR106C,0,-5.5186634,0.06655777990818024,0.32600000500679016,0.45719999074935913
YFR048W,YLR056W,0,-5.518767,0.06654419004917145,0.32600000500679016,0.45730000734329224
YBR162C,YGR217W,0,-5.5189896,0.06653061509132385,0.32600000500679016,0.45739999413490295
YOR187W,YLR390W-A,0,-5.51904,0.06651704013347626,0.32600000500679016,0.45750001072883606
YFL002C,YOR117W,0,-5.519153,0.06650346517562866,0.32600000500679016,0.4575999975204468
YJL187C,YNL314W,0,-5.5194955,0.06648990511894226,0.32600000500679016,0.4577000141143799
YCL044C,YNL131W,0,-5.519576,0.06647634506225586,0.32600000500679016,0.4578000009059906
YKL148C,YBR083W,0,-5.5197597,0.06646279245615005,0.32600000500679016,0.4578999876976013
YOR025W,YGL162W,0,-5.5201283,0.06644924730062485,0.32600000500679016,0.4580000042915344
YCR014C,YER173W,0,-5.520416,0.06643570214509964,0.32600000500679016,0.45809999108314514
YDR021W,YPL089C,0,-5.520423,0.06642216444015503,0.32600000500679016,0.45820000767707825
YOR211C,YER022W,0,-5.520435,0.06640863418579102,0.32600000500679016,0.45829999446868896
YER129W,YJL138C,0,-5.5204577,0.0663951113820076,0.32600000500679016,0.45840001106262207
YGL001C,YKL190W,0,-5.5207195,0.06638159602880478,0.32600000500679016,0.4584999978542328
YCR077C,YHR021C,0,-5.5207443,0.06636808067560196,0.32600000500679016,0.4586000144481659
YNL030W,YGR170W,0,-5.521132,0.06635457277297974,0.32600000500679016,0.4587000012397766
YBR095C,YML027W,0,-5.521232,0.06634106487035751,0.32600000500679016,0.45879998803138733
YLR405W,YLR148W,0,-5.521257,0.06632757186889648,0.32600000500679016,0.45890000462532043
YJR153W,YJR127C,0,-5.5215144,0.06631407886743546,0.32600000500679016,0.45899999141693115
YLR449W,YML061C,0,-5.5215683,0.06630059331655502,0.32600000500679016,0.45910000801086426
YBR294W,YOR030W,0,-5.5216074,0.06628710776567459,0.32600000500679016,0.459199994802475
YBR186W,YCR002C,0,-5.521766,0.06627362966537476,0.32600000500679016,0.4593000113964081
YOR002W,YJL062W,0,-5.522257,0.06626015901565552,0.32600000500679016,0.4593999981880188
YER095W,YGR112W,0,-5.522369,0.06624669581651688,0.32600000500679016,0.4595000147819519
YOR329C,YEL065W,0,-5.5224104,0.06623324006795883,0.32600000500679016,0.4596000015735626
YIL019W,YDR434W,0,-5.5226026,0.06621978431940079,0.32600000500679016,0.45969998836517334
YHR099W,YEL056W,1,-5.522727,0.06640942394733429,0.3269999921321869,0.45969998836517334
YBR118W,YKL001C,0,-5.5234013,0.06639593839645386,0.3269999921321869,0.45980000495910645
YOR198C,YLR233C,0,-5.523876,0.06638246029615402,0.3269999921321869,0.45989999175071716
YCR020C-A,YPL001W,1,-5.523967,0.06657195091247559,0.328000009059906,0.45989999175071716
YLR148W,YOL091W,0,-5.5240784,0.06655844300985336,0.328000009059906,0.46000000834465027
YJL061W,YOR113W,0,-5.524105,0.06654493510723114,0.328000009059906,0.460099995136261
YJL036W,YFR041C,0,-5.524166,0.06653144210577011,0.328000009059906,0.4602000117301941
YLL022C,YEL056W,1,-5.5244303,0.06672074645757675,0.32899999618530273,0.4602000117301941
YGR013W,YGL048C,0,-5.524537,0.06670721620321274,0.32899999618530273,0.4602999985218048
YML095C,YPL153C,0,-5.5247006,0.06669369339942932,0.32899999618530273,0.4603999853134155
YOR245C,YIL085C,0,-5.524745,0.0666801780462265,0.32899999618530273,0.46050000190734863
YLR447C,YGL127C,0,-5.52478,0.06666667014360428,0.32899999618530273,0.46059998869895935
YAL031C,YLR114C,0,-5.5251894,0.06665316224098206,0.32899999618530273,0.46070000529289246
YJR049C,YCR091W,0,-5.5252237,0.06663966178894043,0.32899999618530273,0.4607999920845032
YFL039C,YPR023C,1,-5.5254116,0.06682867556810379,0.33000001311302185,0.4607999920845032
YHR108W,YKR014C,0,-5.525852,0.06681514531373978,0.33000001311302185,0.4609000086784363
YJR007W,YHR067W,0,-5.52597,0.06680162250995636,0.33000001311302185,0.460999995470047
YKR087C,YDR322C-A,0,-5.5261984,0.06678809970617294,0.33000001311302185,0.4611000120639801
YFR019W,YDR071C,0,-5.526495,0.06677458435297012,0.33000001311302185,0.4611999988555908
YAL054C,YPR023C,1,-5.5267663,0.06696338206529617,0.3310000002384186,0.4611999988555908
YLR276C,YOR373W,0,-5.526799,0.06694983690977097,0.3310000002384186,0.46129998564720154
YNL002C,YEL027W,0,-5.526827,0.06693629920482635,0.3310000002384186,0.46140000224113464
YKL110C,YDL033C,0,-5.5273213,0.06692276895046234,0.3310000002384186,0.46149998903274536
YOR078W,YOR231W,0,-5.527338,0.06690923869609833,0.3310000002384186,0.46160000562667847
YDL217C,YGL063W,0,-5.527907,0.06689571589231491,0.3310000002384186,0.4616999924182892
YKR028W,YDL039C,0,-5.5280037,0.06688220053911209,0.3310000002384186,0.4618000090122223
YDR484W,YJL071W,0,-5.5282288,0.06686868518590927,0.3310000002384186,0.461899995803833
YKL220C,YMR091C,0,-5.5282373,0.06685517728328705,0.3310000002384186,0.4620000123977661
YFR055W,YPR198W,0,-5.5283985,0.06684167683124542,0.3310000002384186,0.46209999918937683
YOR043W,YDL195W,0,-5.5287533,0.0668281838297844,0.3310000002384186,0.46219998598098755
YJL010C,YMR276W,0,-5.5288076,0.06681469827890396,0.3310000002384186,0.46230000257492065
YHL020C,YJR077C,0,-5.528925,0.06680121272802353,0.3310000002384186,0.46239998936653137
YEL017C-A,YKR027W,0,-5.5289345,0.0667877346277237,0.3310000002384186,0.4625000059604645
YDR477W,YGR059W,0,-5.5296206,0.06677425652742386,0.3310000002384186,0.4625999927520752
YNL130C,YGR238C,0,-5.529656,0.06676079332828522,0.3310000002384186,0.4627000093460083
YKR022C,YPL153C,0,-5.5296955,0.06674733012914658,0.3310000002384186,0.462799996137619
YOL144W,YPR075C,0,-5.530167,0.06673387438058853,0.3310000002384186,0.4629000127315521
YMR229C,YJR052W,0,-5.5301685,0.06672041863203049,0.3310000002384186,0.46299999952316284
YPR031W,YPL001W,1,-5.530216,0.06690850108861923,0.3319999873638153,0.46299999952316284
YPL241C,YER022W,0,-5.5306234,0.0668950229883194,0.3319999873638153,0.46309998631477356
YOR188W,YGL180W,0,-5.531057,0.06688154488801956,0.3319999873638153,0.46320000290870667
YDR264C,YPR131C,1,-5.5310655,0.06706948578357697,0.3330000042915344,0.46320000290870667
YER030W,YDL181W,0,-5.5312786,0.06705597788095474,0.3330000042915344,0.4632999897003174
YNR060W,YLR342W,0,-5.531323,0.06704247742891312,0.3330000042915344,0.4634000062942505
YNL272C,YER117W,0,-5.5313334,0.06702898442745209,0.3330000042915344,0.4634999930858612
YKL201C,YLR135W,0,-5.531934,0.06701549887657166,0.3330000042915344,0.4636000096797943
YOR085W,YMR250W,0,-5.5319724,0.06700201332569122,0.3330000042915344,0.46369999647140503
YIL076W,YJL184W,0,-5.531975,0.06698853522539139,0.3330000042915344,0.46380001306533813
YNL006W,YPL175W,0,-5.5320005,0.06697505712509155,0.3330000042915344,0.46389999985694885
YDR043C,YJL039C,0,-5.5320263,0.06696159392595291,0.3330000042915344,0.46399998664855957
YPL037C,YER100W,0,-5.532194,0.06694813072681427,0.3330000042915344,0.4641000032424927
YLR453C,YML055W,0,-5.5325494,0.06693467497825623,0.3330000042915344,0.4641999900341034
YHR165C,YMR260C,0,-5.532572,0.06692121922969818,0.3330000042915344,0.4643000066280365
YCR012W,YGL166W,0,-5.532609,0.06690777838230133,0.3330000042915344,0.4643999934196472
YDR143C,YPL045W,0,-5.532611,0.06689433753490448,0.3330000042915344,0.4645000100135803
YGR217W,YDL227C,0,-5.532807,0.06688089668750763,0.3330000042915344,0.46459999680519104
YML086C,YMR136W,0,-5.5329895,0.06686747074127197,0.3330000042915344,0.46470001339912415
YHR084W,YDR472W,0,-5.533061,0.06685404479503632,0.3330000042915344,0.46480000019073486
YDR483W,YPL170W,0,-5.533697,0.06684062629938126,0.3330000042915344,0.4648999869823456
YOR261C,YER114C,0,-5.5340834,0.0668272152543068,0.3330000042915344,0.4650000035762787
YER032W,YOL142W,0,-5.5342455,0.06681380420923233,0.3330000042915344,0.4650999903678894
YAR042W,YLL021W,0,-5.5343924,0.06680040061473846,0.3330000042915344,0.4652000069618225
YPR088C,YOR137C,0,-5.534399,0.0667870044708252,0.3330000042915344,0.4652999937534332
YKL110C,YDL174C,0,-5.534419,0.06677360832691193,0.3330000042915344,0.46540001034736633
YOL026C,YNR057C,0,-5.5344286,0.06676022708415985,0.3330000042915344,0.46549999713897705
YDR098C,YMR234W,0,-5.534606,0.06674684584140778,0.3330000042915344,0.46560001373291016
YOL148C,YPR031W,1,-5.534621,0.06693387031555176,0.33399999141693115,0.46560001373291016
YLR378C,YHL040C,0,-5.5348577,0.0669204592704773,0.33399999141693115,0.4657000005245209
YML075C,YOR136W,0,-5.534901,0.06690704822540283,0.33399999141693115,0.4657999873161316
YOL076W,YBR084W,1,-5.535186,0.06709393113851547,0.33500000834465027,0.4657999873161316
YGL194C,YML015C,0,-5.5353403,0.06708049774169922,0.33500000834465027,0.4659000039100647
YLR206W,YER120W,0,-5.5356317,0.06706706434488297,0.33500000834465027,0.4659999907016754
YOR004W,YNL007C,0,-5.5356407,0.0670536458492279,0.33500000834465027,0.4661000072956085
YPL232W,YLR382C,0,-5.535656,0.06704022735357285,0.33500000834465027,0.46619999408721924
YMR208W,YPR108W,0,-5.535659,0.06702680885791779,0.33500000834465027,0.46630001068115234
YLR335W,YML013W,0,-5.535901,0.06701340526342392,0.33500000834465027,0.46639999747276306
YBR185C,YOL088C,0,-5.5360365,0.06700000166893005,0.33500000834465027,0.46650001406669617
YNL062C,YJL203W,0,-5.536052,0.06698660552501678,0.33500000834465027,0.4666000008583069
YNL160W,YER030W,0,-5.5360556,0.06697320938110352,0.33500000834465027,0.4666999876499176
YDR251W,YLR451W,0,-5.536085,0.06695982068777084,0.33500000834465027,0.4668000042438507
YHR194W,YCR075C,0,-5.5361314,0.06694643944501877,0.33500000834465027,0.4668999910354614
YGR092W,YPL138C,0,-5.536259,0.06693306565284729,0.33500000834465027,0.46700000762939453
YOL094C,YDR225W,0,-5.536565,0.06691969931125641,0.33500000834465027,0.46709999442100525
YOR043W,YJL087C,0,-5.536579,0.06690633296966553,0.33500000834465027,0.46720001101493835
YJL072C,YDR436W,0,-5.536596,0.06689297407865524,0.33500000834465027,0.4672999978065491
YNL147W,YOR025W,0,-5.5366297,0.06687961518764496,0.33500000834465027,0.4674000144004822
YMR200W,YER038C,0,-5.5367537,0.06686626374721527,0.33500000834465027,0.4675000011920929
YMR032W,YNL003C,0,-5.537059,0.06685292720794678,0.33500000834465027,0.4675999879837036
YJL020C,YER095W,0,-5.537156,0.06683958321809769,0.33500000834465027,0.4677000045776367
YGR254W,YLR080W,0,-5.5372114,0.06682625412940979,0.33500000834465027,0.46779999136924744
YJR110W,YML071C,0,-5.5372396,0.0668129250407219,0.33500000834465027,0.46790000796318054
YKR009C,YDR311W,0,-5.537386,0.0667996034026146,0.33500000834465027,0.46799999475479126
YKL042W,YBL057C,0,-5.5376754,0.0667862817645073,0.33500000834465027,0.46810001134872437
YDR146C,YIL126W,0,-5.5377994,0.06677297502756119,0.33500000834465027,0.4681999981403351
YOR232W,YKL189W,0,-5.5380344,0.06675966829061508,0.33500000834465027,0.4683000147342682
YIR018W,YLR363C,0,-5.5382776,0.06674636155366898,0.33500000834465027,0.4684000015258789
YLR368W,YJR155W,0,-5.5386252,0.06673306971788406,0.33500000834465027,0.4684999883174896
YMR012W,YDL130W,0,-5.5390224,0.06671977788209915,0.33500000834465027,0.46860000491142273
YOR245C,YBR102C,0,-5.5390234,0.06670649349689484,0.33500000834465027,0.46869999170303345
YPL037C,YPL036W,0,-5.53928,0.06669320911169052,0.33500000834465027,0.46880000829696655
YNR072W,YGL029W,0,-5.5393553,0.0666799396276474,0.33500000834465027,0.46889999508857727
YCR057C,YGL119W,0,-5.5394554,0.06666667014360428,0.33500000834465027,0.4690000116825104
YLR268W,YPL095C,0,-5.53949,0.06665340065956116,0.33500000834465027,0.4690999984741211
YBR057C,YGL078C,0,-5.5395794,0.06664014607667923,0.33500000834465027,0.4691999852657318
YPL085W,YDR086C,0,-5.54,0.0666268914937973,0.33500000834465027,0.4693000018596649
YOR315W,YIL084C,0,-5.5400114,0.06661364436149597,0.33500000834465027,0.46939998865127563
YDL033C,YIL160C,0,-5.54002,0.06660039722919464,0.33500000834465027,0.46950000524520874
YCL029C,YNL253W,0,-5.5400653,0.06658715754747391,0.33500000834465027,0.46959999203681946
YKR054C,YLR360W,0,-5.540082,0.06657392531633377,0.33500000834465027,0.46970000863075256
YPL258C,YGR007W,0,-5.540345,0.06656070053577423,0.33500000834465027,0.4697999954223633
YBR231C,YAL017W,0,-5.5406427,0.06654747575521469,0.33500000834465027,0.4699000120162964
YLR401C,YEL009C,0,-5.5408516,0.06653425842523575,0.33500000834465027,0.4699999988079071
YLL002W,YDL040C,1,-5.5415883,0.06671962141990662,0.335999995470047,0.4699999988079071
YOR004W,YNL020C,0,-5.541635,0.06670637428760529,0.335999995470047,0.4700999855995178
YDR179C,YDR359C,0,-5.542029,0.06669313460588455,0.335999995470047,0.4702000021934509
YBL018C,YAR018C,0,-5.5424967,0.06667989492416382,0.335999995470047,0.47029998898506165
YHR005C,YOR180C,0,-5.5427284,0.06666667014360428,0.335999995470047,0.47040000557899475
YOR112W,YGL061C,0,-5.5431333,0.06665344536304474,0.335999995470047,0.47049999237060547
YNL008C,YPL133C,0,-5.5432386,0.0666402205824852,0.335999995470047,0.4706000089645386
YPR086W,YPL138C,0,-5.543355,0.06662701070308685,0.335999995470047,0.4706999957561493
YLR114C,YNL003C,0,-5.5433817,0.06661380082368851,0.335999995470047,0.4708000123500824
YML103C,YJR132W,0,-5.543392,0.06660059094429016,0.335999995470047,0.4708999991416931
YDR301W,YGL029W,0,-5.543556,0.06658739596605301,0.335999995470047,0.47099998593330383
YDR021W,YJL133W,0,-5.543618,0.06657420098781586,0.335999995470047,0.47110000252723694
YHR061C,YLR380W,0,-5.5437236,0.0665610134601593,0.335999995470047,0.47119998931884766
YGL137W,YLR098C,0,-5.5440865,0.06654783338308334,0.335999995470047,0.47130000591278076
YPR067W,YEL054C,0,-5.544238,0.06653465330600739,0.335999995470047,0.4713999927043915
YLR423C,YNL068C,0,-5.5443077,0.06652148067951202,0.335999995470047,0.4715000092983246
YIL129C,YHR061C,0,-5.544316,0.06650831550359726,0.335999995470047,0.4715999960899353
YOR113W,YKL130C,0,-5.544432,0.0664951503276825,0.335999995470047,0.4717000126838684
YLR399C,YGR078C,0,-5.544675,0.06648199260234833,0.335999995470047,0.4717999994754791
YNL318C,YDL080C,0,-5.54476,0.06646884232759476,0.335999995470047,0.47189998626708984
YHR108W,YFR003C,0,-5.545457,0.06645569950342178,0.335999995470047,0.47200000286102295
YOR023C,YMR246W,1,-5.5454574,0.06664030253887177,0.3370000123977661,0.47200000286102295
YPR155C,YOL077W-A,0,-5.5460997,0.0666271224617958,0.3370000123977661,0.47209998965263367
YAL033W,YKL196C,0,-5.546384,0.06661395728588104,0.3370000123977661,0.4722000062465668
YNR001C,YMR119W,0,-5.546646,0.06660079210996628,0.3370000123977661,0.4722999930381775
YLR330W,YMR038C,0,-5.547242,0.06658763438463211,0.3370000123977661,0.4724000096321106
YGL171W,YHR007C,0,-5.547244,0.06657447665929794,0.3370000123977661,0.4724999964237213
YHR023W,YBR171W,0,-5.5472736,0.06656132638454437,0.3370000123977661,0.4726000130176544
YNL287W,YDR447C,0,-5.5476093,0.0665481835603714,0.3370000123977661,0.47269999980926514
YHR102W,YPL196W,0,-5.5476923,0.06653504073619843,0.3370000123977661,0.47279998660087585
YGL062W,YKL197C,0,-5.5478206,0.06652191281318665,0.3370000123977661,0.47290000319480896
YER042W,YOR005C,0,-5.5482597,0.06650878489017487,0.3370000123977661,0.4729999899864197
YAL054C,YPR131C,1,-5.548479,0.06669297814369202,0.33799999952316284,0.4729999899864197
YDL164C,YJL121C,0,-5.5486517,0.06667982041835785,0.33799999952316284,0.4731000065803528
YGR244C,YDR017C,0,-5.548753,0.06666667014360428,0.33799999952316284,0.4731999933719635
YOR371C,YLR350W,0,-5.5488605,0.06665351986885071,0.33799999952316284,0.4733000099658966
YER122C,YPL095C,0,-5.5488844,0.06664037704467773,0.33799999952316284,0.4733999967575073
YPR031W,YLR195C,1,-5.548932,0.06682436168193817,0.33899998664855957,0.4733999967575073
YHR070W,YHR059W,0,-5.5491323,0.06681119650602341,0.33899998664855957,0.47350001335144043
YLL002W,YEL056W,1,-5.549323,0.06699507683515549,0.3400000035762787,0.47350001335144043
YPL036W,YNL209W,0,-5.5493965,0.06698187440633774,0.3400000035762787,0.47360000014305115
YBL050W,YJL179W,0,-5.5494537,0.06696867942810059,0.3400000035762787,0.47369998693466187
YDR412W,YKL086W,0,-5.549526,0.06695549190044403,0.3400000035762787,0.47380000352859497
YLR329W,YMR260C,0,-5.549607,0.06694231182336807,0.3400000035762787,0.4738999903202057
YGL130W,YDR451C,0,-5.549608,0.06692913174629211,0.3400000035762787,0.4740000069141388
YLL019C,YPL051W,0,-5.549724,0.06691595911979675,0.3400000035762787,0.4740999937057495
YNL075W,YKL192C,0,-5.5497756,0.06690279394388199,0.3400000035762787,0.4742000102996826
YMR142C,YPL011C,0,-5.5498314,0.06688962876796722,0.3400000035762787,0.47429999709129333
YCR024C-A,YJR057W,0,-5.54993,0.06687647849321365,0.3400000035762787,0.47440001368522644
YNL220W,YMR167W,0,-5.5499887,0.06686332076787949,0.3400000035762787,0.47450000047683716
YHL040C,YLR429W,0,-5.550009,0.06685017794370651,0.3400000035762787,0.4745999872684479
YKL051W,YMR218C,0,-5.550454,0.06683703511953354,0.3400000035762787,0.474700003862381
YIL155C,YDL101C,0,-5.5508614,0.06682389974594116,0.3400000035762787,0.4747999906539917
YLR423C,YBR006W,0,-5.550995,0.06681077182292938,0.3400000035762787,0.4749000072479248
YIL121W,YBR247C,0,-5.55139,0.0667976438999176,0.3400000035762787,0.4749999940395355
YDR513W,YOL031C,0,-5.5514755,0.06678452342748642,0.3400000035762787,0.47510001063346863
YHR073W,YLR214W,0,-5.5517254,0.06677140295505524,0.3400000035762787,0.47519999742507935
YBR212W,YGR056W,0,-5.5519066,0.06675829738378525,0.3400000035762787,0.47530001401901245
YPL097W,YKL009W,0,-5.5520735,0.06674519181251526,0.3400000035762787,0.47540000081062317
YLL009C,YOR095C,0,-5.5521197,0.06673209369182587,0.3400000035762787,0.4754999876022339
YGR225W,YOL144W,0,-5.552374,0.06671899557113647,0.3400000035762787,0.475600004196167
YPL097W,YPL200W,0,-5.5524573,0.06670590490102768,0.3400000035762787,0.4756999909877777
YDL226C,YML093W,0,-5.552655,0.06669282168149948,0.3400000035762787,0.4758000075817108
YDR478W,YGL027C,0,-5.5526953,0.06667973846197128,0.3400000035762787,0.47589999437332153
YGR157W,YHR172W,0,-5.552811,0.06666667014360428,0.3400000035762787,0.47600001096725464
YOR334W,YMR033W,0,-5.552995,0.06665359437465668,0.3400000035762787,0.47609999775886536
YHR188C,YKL179C,0,-5.553097,0.06664053350687027,0.3400000035762787,0.47620001435279846
YMR219W,YOR061W,0,-5.5532637,0.06662747263908386,0.3400000035762787,0.4763000011444092
YOR099W,YPL258C,0,-5.5540867,0.06661441922187805,0.3400000035762787,0.4763999879360199
YJL099W,YGL054C,0,-5.5544076,0.06660137325525284,0.3400000035762787,0.476500004529953
YDL028C,YHR068W,0,-5.554576,0.06658832728862762,0.3400000035762787,0.4765999913215637
YPL122C,YPL051W,0,-5.5547757,0.06657528877258301,0.3400000035762787,0.4767000079154968
YBR192W,YAL056W,0,-5.555111,0.06656225770711899,0.3400000035762787,0.47679999470710754
YOR334W,YBR283C,0,-5.555332,0.06654922664165497,0.3400000035762787,0.47690001130104065
YBR212W,YDL200C,0,-5.555539,0.06653620302677155,0.3400000035762787,0.47699999809265137
YKL014C,YMR026C,0,-5.5556927,0.06652318686246872,0.3400000035762787,0.4771000146865845
YOR047C,YHR034C,0,-5.5556965,0.0665101706981659,0.3400000035762787,0.4772000014781952
YAL033W,YOL151W,0,-5.555838,0.06649716198444366,0.3400000035762787,0.4772999882698059
YIL013C,YJR013W,0,-5.555972,0.06648416072130203,0.3400000035762787,0.477400004863739
YNL331C,YPR161C,0,-5.556073,0.066471166908741,0.3400000035762787,0.47749999165534973
YDR002W,YAL047C,0,-5.5562234,0.06645817309617996,0.3400000035762787,0.47760000824928284
YDR213W,YPL132W,0,-5.5562563,0.06644517928361893,0.3400000035762787,0.47769999504089355
YJL201W,YPR190C,0,-5.556728,0.06643220037221909,0.3400000035762787,0.47780001163482666
YLR191W,YMR068W,0,-5.5567493,0.06641922146081924,0.3400000035762787,0.4778999984264374
YJL003W,YGL192W,0,-5.5569243,0.06640625,0.3400000035762787,0.4779999852180481
YHL031C,YGR170W,0,-5.5571156,0.06639328598976135,0.3400000035762787,0.4781000018119812
YLR452C,YJR010C-A,0,-5.5572276,0.0663803219795227,0.3400000035762787,0.4781999886035919
YLR189C,YCR044C,0,-5.5573297,0.06636736541986465,0.3400000035762787,0.478300005197525
YDL052C,YBR186W,0,-5.5574193,0.0663544088602066,0.3400000035762787,0.47839999198913574
YLR305C,YPL200W,0,-5.557605,0.06634145975112915,0.3400000035762787,0.47850000858306885
YIL062C,YGR258C,0,-5.557784,0.0663285180926323,0.3400000035762787,0.47859999537467957
YDL235C,YMR096W,0,-5.5578485,0.06631558388471603,0.3400000035762787,0.47870001196861267
YNL339C,YKR061W,0,-5.558214,0.06630264967679977,0.3400000035762787,0.4787999987602234
YHR186C,YBL008W,0,-5.5584927,0.06628972291946411,0.3400000035762787,0.4788999855518341
YOR386W,YDL006W,0,-5.5585575,0.06627680361270905,0.3400000035762787,0.4790000021457672
YNR034W,YLR026C,0,-5.5586367,0.06626388430595398,0.3400000035762787,0.47909998893737793
YDR022C,YDL140C,0,-5.558719,0.06625097244977951,0.3400000035762787,0.47920000553131104
YDR005C,YEL002C,0,-5.559141,0.06623806804418564,0.3400000035762787,0.47929999232292175
YML006C,YGR165W,0,-5.5592403,0.06622516363859177,0.3400000035762787,0.47940000891685486
YLR286C,YIL106W,0,-5.5593734,0.06621226668357849,0.3400000035762787,0.4794999957084656
YDR052C,YNL059C,0,-5.559402,0.06619937717914581,0.3400000035762787,0.4796000123023987
YKL122C,YNR043W,0,-5.559662,0.06618648767471313,0.3400000035762787,0.4796999990940094
YHR193C,YMR106C,0,-5.5598354,0.06617360562086105,0.3400000035762787,0.4797999858856201
YEL053C,YCL010C,1,-5.559837,0.06635532528162003,0.3409999907016754,0.4797999858856201
YMR220W,YDR118W,0,-5.5598526,0.06634241342544556,0.3409999907016754,0.4799000024795532
YJR065C,YPL176C,0,-5.5599174,0.06632950901985168,0.3409999907016754,0.47999998927116394
YNL163C,YKR086W,0,-5.5601797,0.06631660461425781,0.3409999907016754,0.48010000586509705
YBR155W,YNL106C,0,-5.560383,0.06630371510982513,0.3409999907016754,0.48019999265670776
YPR019W,YJL063C,0,-5.5605025,0.06629082560539246,0.3409999907016754,0.48030000925064087
YDR028C,YJR033C,0,-5.5605955,0.06627793610095978,0.3409999907016754,0.4803999960422516
YIL131C,YBR048W,0,-5.5606613,0.0662650614976883,0.3409999907016754,0.4805000126361847
YGL113W,YOR193W,0,-5.561553,0.06625218689441681,0.3409999907016754,0.4805999994277954
YNL116W,YNL248C,0,-5.5616455,0.06623931974172592,0.3409999907016754,0.48069998621940613
YFR008W,YER149C,0,-5.561729,0.06622645258903503,0.3409999907016754,0.48080000281333923
YNR056C,YDL185W,0,-5.5618916,0.06621359288692474,0.3409999907016754,0.48089998960494995
YHR163W,YDR440W,0,-5.5621886,0.06620074063539505,0.3409999907016754,0.48100000619888306
YML061C,YDR382W,0,-5.5622926,0.06618788838386536,0.3409999907016754,0.4810999929904938
YGR059W,YGL067W,0,-5.5623426,0.06617504358291626,0.3409999907016754,0.4812000095844269
YPL124W,YLR201C,0,-5.5624924,0.06616220623254776,0.3409999907016754,0.4812999963760376
YMR142C,YKL191W,0,-5.56258,0.06614936888217926,0.3409999907016754,0.4814000129699707
YPL053C,YJR066W,0,-5.5627337,0.06613653898239136,0.3409999907016754,0.4814999997615814
YGL025C,YNL206C,0,-5.5629797,0.06612371653318405,0.3409999907016754,0.48159998655319214
YPR093C,YNL332W,0,-5.5632486,0.06611089408397675,0.3409999907016754,0.48170000314712524
YMR225C,YKR035W-A,0,-5.5633945,0.06609807908535004,0.3409999907016754,0.48179998993873596
YJL005W,YBR172C,0,-5.5634923,0.06608527153730392,0.3409999907016754,0.48190000653266907
YDR448W,YJR082C,1,-5.5637774,0.06626622378826141,0.34200000762939453,0.48190000653266907
YDR479C,YLR023C,0,-5.5637794,0.06625338643789291,0.34200000762939453,0.4819999933242798
YHL038C,YER028C,0,-5.563858,0.06624055653810501,0.34200000762939453,0.4821000099182129
YDR416W,YNR030W,0,-5.5640364,0.0662277340888977,0.34200000762939453,0.4821999967098236
YIL122W,YKR099W,0,-5.564401,0.0662149116396904,0.34200000762939453,0.4823000133037567
YDL052C,YCR072C,0,-5.5647,0.0662020891904831,0.34200000762939453,0.48240000009536743
YBR216C,YJL190C,0,-5.565261,0.06618928164243698,0.34200000762939453,0.48249998688697815
YJL004C,YBL061C,0,-5.565631,0.06617647409439087,0.34200000762939453,0.48260000348091125
YGL181W,YFL041W,0,-5.5656786,0.06616366654634476,0.34200000762939453,0.482699990272522
YJL062W,YPR161C,0,-5.5658174,0.06615087389945984,0.34200000762939453,0.4828000068664551
YPR176C,YKR062W,0,-5.566575,0.06613808125257492,0.34200000762939453,0.4828999936580658
YHR069C,YDR243C,0,-5.566786,0.06612528860569,0.34200000762939453,0.4830000102519989
YNL103W,YOL028C,0,-5.566886,0.06611251085996628,0.34200000762939453,0.4830999970436096
YJR013W,YOR232W,0,-5.5672503,0.06609973311424255,0.34200000762939453,0.4832000136375427
YER021W,YKR009C,0,-5.5678115,0.06608695536851883,0.34200000762939453,0.48330000042915344
YNL026W,YDR523C,0,-5.5678825,0.0660741850733757,0.34200000762939453,0.48339998722076416
YGL049C,YMR004W,0,-5.567891,0.06606142222881317,0.34200000762939453,0.48350000381469727
YDL207W,YKL011C,0,-5.568066,0.06604866683483124,0.34200000762939453,0.483599990606308
YJR044C,YJR010C-A,0,-5.568131,0.0660359114408493,0.34200000762939453,0.4837000072002411
YDR488C,YPR168W,0,-5.568279,0.06602316349744797,0.34200000762939453,0.4837999939918518
YJL214W,YOR288C,0,-5.5683165,0.06601042300462723,0.34200000762939453,0.4839000105857849
YDR397C,YIL084C,0,-5.568648,0.06599768251180649,0.34200000762939453,0.48399999737739563
YGL113W,YLR102C,0,-5.5686846,0.06598494946956635,0.34200000762939453,0.48410001397132874
YGL122C,YHR008C,0,-5.56886,0.0659722238779068,0.34200000762939453,0.48420000076293945
YHR175W,YOR085W,0,-5.569024,0.06595949828624725,0.34200000762939453,0.48429998755455017
YDL224C,YGL061C,0,-5.569066,0.0659467801451683,0.34200000762939453,0.4844000041484833
YGL100W,YOR063W,0,-5.569548,0.06593406945466995,0.34200000762939453,0.484499990940094
YKL201C,YDL115C,0,-5.5696154,0.0659213587641716,0.34200000762939453,0.4846000075340271
YEL053C,YGL066W,1,-5.5698166,0.06610136479139328,0.34299999475479126,0.4846000075340271
YHR099W,YCR020C-A,1,-5.5700827,0.06628131121397018,0.3440000116825104,0.4846000075340271
YPL164C,YKR027W,0,-5.570422,0.06626854091882706,0.3440000116825104,0.4846999943256378
YLR117C,YGR113W,0,-5.570612,0.06625577807426453,0.3440000116825104,0.4848000109195709
YAL033W,YBR021W,0,-5.570732,0.06624302268028259,0.3440000116825104,0.48489999771118164
YGR075C,YJR077C,0,-5.570737,0.06623026728630066,0.3440000116825104,0.48500001430511475
YLR423C,YHL028W,0,-5.5707464,0.06621751934289932,0.3440000116825104,0.48510000109672546
YKL188C,YPR067W,0,-5.570918,0.06620477139949799,0.3440000116825104,0.4851999878883362
YEL022W,YML115C,0,-5.5710363,0.06619203090667725,0.3440000116825104,0.4853000044822693
YMR001C,YNL153C,0,-5.5711293,0.0661792978644371,0.3440000116825104,0.48539999127388
YDR073W,YHR129C,0,-5.5713367,0.06616657227277756,0.3440000116825104,0.4855000078678131
YGL119W,YDR478W,0,-5.571356,0.06615384668111801,0.3440000116825104,0.48559999465942383
YKL122C,YGR218W,0,-5.571597,0.06614112854003906,0.3440000116825104,0.48570001125335693
YAL040C,YDR224C,0,-5.5716934,0.06612841039896011,0.3440000116825104,0.48579999804496765
YIL095W,YOR113W,0,-5.5717163,0.06611569970846176,0.3440000116825104,0.48590001463890076
YPR110C,YPR108W,0,-5.5717773,0.066102996468544,0.3440000116825104,0.4860000014305115
YAL054C,YFL024C,1,-5.5718346,0.06628242135047913,0.3449999988079071,0.4860000014305115
YKL005C,YGR036C,0,-5.572027,0.06626968830823898,0.3449999988079071,0.4860999882221222
YBR114W,YOR236W,0,-5.5722165,0.06625696271657944,0.3449999988079071,0.4862000048160553
YOL076W,YDR392W,1,-5.5722303,0.06643625348806381,0.34599998593330383,0.4862000048160553
YLR340W,YDR311W,0,-5.572344,0.06642349809408188,0.34599998593330383,0.486299991607666
YPL153C,YLR166C,0,-5.5724006,0.06641075015068054,0.34599998593330383,0.4864000082015991
YLL031C,YKR050W,0,-5.57253,0.0663980022072792,0.34599998593330383,0.48649999499320984
YGL153W,YPR073C,0,-5.572647,0.06638526171445847,0.34599998593330383,0.48660001158714294
YHR108W,YMR032W,0,-5.572983,0.06637252867221832,0.34599998593330383,0.48669999837875366
YDL097C,YPR021C,0,-5.57304,0.06635980308055878,0.34599998593330383,0.4867999851703644
YPL100W,YLR353W,0,-5.5731907,0.06634707748889923,0.34599998593330383,0.4869000017642975
YJR044C,YLR249W,0,-5.5733023,0.06633435934782028,0.34599998593330383,0.4869999885559082
YML077W,YGR285C,0,-5.5733237,0.06632164120674133,0.34599998593330383,0.4871000051498413
YER118C,YLR095C,0,-5.5735507,0.06630893051624298,0.34599998593330383,0.487199991941452
YCR035C,YDR451C,0,-5.5735593,0.06629622727632523,0.34599998593330383,0.48730000853538513
YER016W,YBR236C,0,-5.573757,0.06628352403640747,0.34599998593330383,0.48739999532699585
YKL166C,YHR193C,0,-5.5738964,0.06627082824707031,0.34599998593330383,0.48750001192092896
YNL094W,YER030W,0,-5.573904,0.06625813990831375,0.34599998593330383,0.4875999987125397
YFL008W,YPR081C,0,-5.573962,0.06624545156955719,0.34599998593330383,0.4876999855041504
YNL156C,YGL027C,0,-5.5740333,0.06623277068138123,0.34599998593330383,0.4878000020980835
YPR137W,YDR353W,0,-5.5741186,0.06622009724378586,0.34599998593330383,0.4878999888896942
YKL186C,YDL039C,0,-5.574498,0.06620742380619049,0.34599998593330383,0.4880000054836273
YFL025C,YBR022W,0,-5.5746994,0.06619475781917572,0.34599998593330383,0.48809999227523804
YOR261C,YJL056C,0,-5.5748353,0.06618209928274155,0.34599998593330383,0.48820000886917114
YHR082C,YOL013C,0,-5.5749264,0.06616944074630737,0.34599998593330383,0.48829999566078186
YLL043W,YDL085W,0,-5.5749674,0.0661567896604538,0.34599998593330383,0.48840001225471497
YNR002C,YNR057C,0,-5.5749855,0.06614413857460022,0.34599998593330383,0.4884999990463257
YAR033W,YML075C,0,-5.5749974,0.06613149493932724,0.34599998593330383,0.4885999858379364
YGR275W,YGL048C,0,-5.575054,0.06611885875463486,0.34599998593330383,0.4887000024318695
YGL130W,YDR141C,0,-5.5755177,0.06610623002052307,0.34599998593330383,0.4887999892234802
YDR002W,YKL191W,0,-5.575532,0.06609360128641129,0.34599998593330383,0.48890000581741333
YNL030W,YBL088C,0,-5.575632,0.0660809800028801,0.34599998593330383,0.48899999260902405
YPL146C,YLR088W,0,-5.5759134,0.06606835871934891,0.34599998593330383,0.48910000920295715
YKL148C,YHL024W,0,-5.5763206,0.06605574488639832,0.34599998593330383,0.48919999599456787
YGR253C,YER126C,0,-5.5767145,0.06604313850402832,0.34599998593330383,0.489300012588501
YDR013W,YER027C,0,-5.5767775,0.06603053212165833,0.34599998593330383,0.4893999993801117
YDR297W,YLR452C,0,-5.576798,0.06601793318986893,0.34599998593330383,0.4894999861717224
YBL045C,YOL028C,0,-5.5769434,0.06600534170866013,0.34599998593330383,0.4896000027656555
YPR131C,YJL081C,1,-5.577378,0.06618348509073257,0.34700000286102295,0.4896000027656555
YGL035C,YML088W,0,-5.5776258,0.06617086380720139,0.34700000286102295,0.48969998955726624
YNL197C,YAL011W,0,-5.5779257,0.0661582425236702,0.34700000286102295,0.48980000615119934
YMR275C,YOL031C,0,-5.578063,0.0661456361413002,0.34700000286102295,0.48989999294281006
YPL122C,YML060W,0,-5.5782785,0.0661330297589302,0.34700000286102295,0.49000000953674316
YLR052W,YDL153C,0,-5.578315,0.06612042337656021,0.34700000286102295,0.4900999963283539
YKR099W,YKL175W,0,-5.5784526,0.06610783189535141,0.34700000286102295,0.490200012922287
YPR005C,YNL055C,0,-5.578923,0.06609524041414261,0.34700000286102295,0.4902999997138977
YDR394W,YBL061C,0,-5.5791287,0.06608264893293381,0.34700000286102295,0.4903999865055084
YOR322C,YKL022C,0,-5.5798445,0.0660700649023056,0.34700000286102295,0.49050000309944153
YPL126W,YNL027W,0,-5.579858,0.066057488322258,0.34700000286102295,0.49059998989105225
YOR087W,YJL087C,0,-5.580104,0.06604491919279099,0.34700000286102295,0.49070000648498535
YGL070C,YPR101W,0,-5.5802197,0.06603235006332397,0.34700000286102295,0.49079999327659607
YDR429C,YLL004W,0,-5.580333,0.06601978838443756,0.34700000286102295,0.4909000098705292
YHR108W,YJR121W,0,-5.580366,0.06600722670555115,0.34700000286102295,0.4909999966621399
YJL115W,YEL066W,1,-5.580405,0.066184863448143,0.3479999899864197,0.4909999966621399
YML024W,YNL015W,0,-5.580563,0.0661722794175148,0.3479999899864197,0.491100013256073
YDL043C,YCR094W,0,-5.5807676,0.0661596953868866,0.3479999899864197,0.4912000000476837
YMR301C,YLR363C,0,-5.580924,0.06614711880683899,0.3479999899864197,0.49129998683929443
YNL163C,YDR523C,0,-5.581296,0.06613454967737198,0.3479999899864197,0.49140000343322754
YDL045C,YNL026W,0,-5.5813065,0.06612198054790497,0.3479999899864197,0.49149999022483826
YFL039C,YOR023C,1,-5.5818615,0.06629939377307892,0.3490000069141388,0.49149999022483826
YDL033C,YJL179W,0,-5.58273,0.06628680229187012,0.3490000069141388,0.49160000681877136
YNL002C,YOR321W,0,-5.5830474,0.06627421081066132,0.3490000069141388,0.4916999936103821
YNR047W,YDL181W,0,-5.5831604,0.06626162678003311,0.3490000069141388,0.4918000102043152
YOR253W,YGR252W,1,-5.5839343,0.06643887609243393,0.3499999940395355,0.4918000102043152
YNL075W,YDR485C,0,-5.584001,0.06642626971006393,0.3499999940395355,0.4918999969959259
YPL001W,YHR013C,1,-5.5845666,0.0666034147143364,0.35100001096725464,0.4918999969959259
YDR483W,YGR289C,0,-5.58482,0.06659077852964401,0.35100001096725464,0.492000013589859
YGR119C,YIL112W,0,-5.584923,0.06657814979553223,0.35100001096725464,0.4921000003814697
YDR218C,YML055W,0,-5.5852637,0.06656552106142044,0.35100001096725464,0.49219998717308044
YLR276C,YLR260W,0,-5.585401,0.06655289977788925,0.35100001096725464,0.49230000376701355
YJL109C,YLR106C,0,-5.5854177,0.06654028594493866,0.35100001096725464,0.49239999055862427
YFL004W,YPR054W,0,-5.585569,0.06652767211198807,0.35100001096725464,0.4925000071525574
YMR049C,YEL051W,0,-5.5855875,0.06651506572961807,0.35100001096725464,0.4925999939441681
YDR143C,YPL075W,0,-5.5858536,0.06650245934724808,0.35100001096725464,0.4927000105381012
YDR251W,YDR052C,0,-5.5859857,0.06648986786603928,0.35100001096725464,0.4927999973297119
YKL140W,YGR276C,0,-5.5860367,0.06647727638483047,0.35100001096725464,0.492900013923645
YLL002W,YDR392W,1,-5.586482,0.06665404140949249,0.35199999809265137,0.492900013923645
YER012W,YOR123C,0,-5.5865974,0.0666414201259613,0.35199999809265137,0.49300000071525574
YHR205W,YGR195W,0,-5.5868063,0.06662880629301071,0.35199999809265137,0.49309998750686646
YLR075W,YIL044C,0,-5.586963,0.06661619991064072,0.35199999809265137,0.49320000410079956
YPL097W,YMR219W,0,-5.5873647,0.06660359352827072,0.35199999809265137,0.4932999908924103
YER120W,YML032C,0,-5.587562,0.06659099459648132,0.35199999809265137,0.4934000074863434
YNL009W,YPL202C,0,-5.5877595,0.06657840311527252,0.35199999809265137,0.4934999942779541
YBR213W,YBR298C,0,-5.588044,0.06656581163406372,0.35199999809265137,0.4936000108718872
YER149C,YGL162W,0,-5.588166,0.06655322015285492,0.35199999809265137,0.4936999976634979
YGR252W,YEL056W,1,-5.5885544,0.06672967970371246,0.3529999852180481,0.4936999976634979
YPR131C,YEL056W,1,-5.5887923,0.06690606474876404,0.3540000021457672,0.4936999976634979
YDR479C,YMR237W,0,-5.588957,0.06689342111349106,0.3540000021457672,0.49380001425743103
YIL095W,YDR224C,0,-5.589508,0.06688078492879868,0.3540000021457672,0.49390000104904175
YML049C,YMR224C,0,-5.5895467,0.06686815619468689,0.3540000021457672,0.49399998784065247
YER015W,YPR023C,1,-5.5897875,0.06704438477754593,0.35499998927116394,0.49399998784065247
YBR117C,YBR092C,0,-5.5901194,0.06703171879053116,0.35499998927116394,0.49410000443458557
YNL071W,YDR342C,0,-5.590173,0.06701906770467758,0.35499998927116394,0.4941999912261963
YDL232W,YLR425W,0,-5.590352,0.067006416618824,0.35499998927116394,0.4943000078201294
YGR225W,YDL188C,0,-5.5907927,0.06699377298355103,0.35499998927116394,0.4943999946117401
YJL094C,YDR028C,0,-5.590954,0.06698112934827805,0.35499998927116394,0.4945000112056732
YPL097W,YCL004W,0,-5.5911136,0.06696849316358566,0.35499998927116394,0.49459999799728394
YJR013W,YOL122C,0,-5.5911913,0.06695586442947388,0.35499998927116394,0.49470001459121704
YNL312W,YOR204W,0,-5.5912943,0.06694324314594269,0.35499998927116394,0.49480000138282776
YIL109C,YGL100W,0,-5.5913773,0.0669306218624115,0.35499998927116394,0.4948999881744385
YLR397C,YKR057W,0,-5.5923815,0.06691800057888031,0.35499998927116394,0.4950000047683716
YER015W,YHR013C,1,-5.592485,0.0670938566327095,0.35600000619888306,0.4950000047683716
YJL115W,YOR253W,1,-5.5927134,0.06726964563131332,0.3569999933242798,0.4950000047683716
YPL120W,YBL106C,0,-5.5928974,0.06725697219371796,0.3569999933242798,0.4950999915599823
YJR064W,YAL021C,0,-5.5929375,0.06724429875612259,0.3569999933242798,0.4952000081539154
YML051W,YDR440W,0,-5.5929494,0.06723164021968842,0.3569999933242798,0.4952999949455261
YOR381W,YPR143W,0,-5.5931215,0.06721898168325424,0.3569999933242798,0.49540001153945923
YOR008C,YAL051W,0,-5.593212,0.06720632314682007,0.3569999933242798,0.49549999833106995
YPR193C,YHR013C,1,-5.5933094,0.06738189607858658,0.3580000102519989,0.49549999833106995
YDL194W,YJR140C,0,-5.593916,0.06736921519041061,0.3580000102519989,0.49559998512268066
YCL010C,YOL110W,1,-5.5947742,0.06754468381404877,0.35899999737739563,0.49559998512268066
YOL077W-A,YBR023C,0,-5.595064,0.06753198057413101,0.35899999737739563,0.49570000171661377
YDR263C,YNL323W,0,-5.5952334,0.06751927733421326,0.35899999737739563,0.4957999885082245
YLL002W,YHR013C,1,-5.595296,0.06769461929798126,0.36000001430511475,0.4957999885082245
YER015W,YEL053C,1,-5.595371,0.06786990165710449,0.3610000014305115,0.4957999885082245
YER149C,YPR100W,0,-5.595522,0.06785714626312256,0.3610000014305115,0.4959000051021576
YGL206C,YMR188C,0,-5.59576,0.06784439086914062,0.3610000014305115,0.4959999918937683
YJR078W,YPL138C,0,-5.5960093,0.06783164292573929,0.3610000014305115,0.4961000084877014
YKL205W,YPL078C,0,-5.596142,0.06781890243291855,0.3610000014305115,0.49619999527931213
YAR002C-A,YOL105C,0,-5.5964375,0.06780616194009781,0.3610000014305115,0.49630001187324524
YHR005C-A,YMR153W,0,-5.5968575,0.06779342889785767,0.3610000014305115,0.49639999866485596
YDR489W,YDR299W,0,-5.597186,0.06778069585561752,0.3610000014305115,0.4964999854564667
YMR207C,YLR442C,0,-5.5979104,0.06776797771453857,0.3610000014305115,0.4966000020503998
YGL233W,YLR260W,0,-5.5979805,0.06775525212287903,0.3610000014305115,0.4966999888420105
YKR028W,YOR346W,0,-5.59843,0.06774254143238068,0.3610000014305115,0.4968000054359436
YAR003W,YMR016C,0,-5.5987196,0.06772983074188232,0.3610000014305115,0.4968999922275543
YNL256W,YOR181W,0,-5.598773,0.06771712750196457,0.3610000014305115,0.4970000088214874
YMR142C,YLR424W,0,-5.5987873,0.06770442426204681,0.3610000014305115,0.49709999561309814
YOR216C,YER165W,0,-5.599415,0.06769172847270966,0.3610000014305115,0.49720001220703125
YAL022C,YNL054W,0,-5.5994563,0.0676790401339531,0.3610000014305115,0.49729999899864197
YGR274C,YML032C,0,-5.5995398,0.06766635179519653,0.3610000014305115,0.4973999857902527
YDL078C,YJL090C,0,-5.5995865,0.06765367090702057,0.3610000014305115,0.4975000023841858
YNL094W,YNL251C,0,-5.5997753,0.0676409974694252,0.3610000014305115,0.4975999891757965
YER149C,YOR060C,0,-5.5998163,0.06762832403182983,0.3610000014305115,0.4977000057697296
YMR225C,YER120W,0,-5.5998526,0.06761565804481506,0.3610000014305115,0.49779999256134033
YPR193C,YPR023C,1,-5.6002064,0.06779026240110397,0.3619999885559082,0.49779999256134033
YPR031W,YEL066W,1,-5.6002197,0.06796479970216751,0.3630000054836273,0.49779999256134033
YGR005C,YHR059W,0,-5.6004424,0.06795208156108856,0.3630000054836273,0.49790000915527344
YCL033C,YKR066C,0,-5.600608,0.06793936342000961,0.3630000054836273,0.49799999594688416
YMR288W,YLR148W,0,-5.600781,0.06792664527893066,0.3630000054836273,0.49810001254081726
YOR335C,YLR438C-A,0,-5.601042,0.06791393458843231,0.3630000054836273,0.498199999332428
YGR175C,YGR244C,0,-5.6011553,0.06790123134851456,0.3630000054836273,0.4982999861240387
YDR189W,YDR288W,0,-5.6012173,0.0678885355591774,0.3630000054836273,0.4984000027179718
YGR211W,YMR296C,0,-5.6014833,0.06787583976984024,0.3630000054836273,0.4984999895095825
YIL048W,YCR008W,0,-5.601794,0.06786315143108368,0.3630000054836273,0.4986000061035156
YDR381W,YLR011W,0,-5.6020174,0.06785047054290771,0.3630000054836273,0.49869999289512634
YER053C,YDR081C,0,-5.6024294,0.06783778965473175,0.3630000054836273,0.49880000948905945
YMR039C,YMR008C,0,-5.602466,0.06782510876655579,0.3630000054836273,0.49889999628067017
YDR045C,YDR246W,0,-5.6026573,0.06781244277954102,0.3630000054836273,0.49900001287460327
YOR081C,YLR447C,0,-5.6026993,0.06779977679252625,0.3630000054836273,0.499099999666214
YMR234W,YGR278W,0,-5.60272,0.06778711825609207,0.3630000054836273,0.4991999864578247
YBR193C,YDR092W,0,-5.6030946,0.0677744597196579,0.3630000054836273,0.4993000030517578
YOR034C,YBR081C,1,-5.6031866,0.06794847548007965,0.36399999260902405,0.4993000030517578
YHR165C,YLR362W,0,-5.6035185,0.06793579459190369,0.36399999260902405,0.49939998984336853
YER068W,YPL082C,0,-5.6036363,0.06792312115430832,0.36399999260902405,0.49950000643730164
YHR197W,YFL034C-B,0,-5.603751,0.06791044771671295,0.36399999260902405,0.49959999322891235
YDR103W,YPL138C,0,-5.6040583,0.06789778172969818,0.36399999260902405,0.49970000982284546
YOL110W,YEL056W,1,-5.6043787,0.06807161867618561,0.36500000953674316,0.49970000982284546
YLR033W,YML109W,0,-5.604413,0.06805892288684845,0.36500000953674316,0.4997999966144562
YBR250W,YKL057C,0,-5.6046257,0.06804623454809189,0.36500000953674316,0.4999000132083893
YDR377W,YDR202C,0,-5.6046867,0.06803355365991592,0.36500000953674316,0.5
YJR049C,YOL164W,0,-5.6047134,0.06802087277173996,0.36500000953674316,0.5001000165939331
YJR090C,YBR276C,0,-5.605109,0.06800819933414459,0.36500000953674316,0.5001999735832214
YNL072W,YPR021C,0,-5.605249,0.06799552589654922,0.36500000953674316,0.5002999901771545
YCR002C,YKL129C,0,-5.605362,0.06798286736011505,0.36500000953674316,0.5004000067710876
YCR044C,YLR051C,0,-5.605398,0.06797020137310028,0.36500000953674316,0.5005000233650208
YOL059W,YNL051W,0,-5.6059585,0.0679575502872467,0.36500000953674316,0.5005999803543091
YNL068C,YJL024C,0,-5.6060257,0.06794489920139313,0.36500000953674316,0.5006999969482422
YDR077W,YMR004W,0,-5.6064396,0.06793225556612015,0.36500000953674316,0.5008000135421753
YBR272C,YJR105W,0,-5.6066856,0.06791961193084717,0.36500000953674316,0.5008999705314636
YLR069C,YDR214W,0,-5.6067014,0.06790697574615479,0.36500000953674316,0.5009999871253967
YML080W,YHR200W,0,-5.606737,0.067894347012043,0.36500000953674316,0.5011000037193298
YPR179C,YPL239W,0,-5.606885,0.06788171827793121,0.36500000953674316,0.5012000203132629
YBR136W,YNL041C,0,-5.6071157,0.06786909699440002,0.36500000953674316,0.5012999773025513
YOR133W,YJL128C,0,-5.6073475,0.06785647571086884,0.36500000953674316,0.5013999938964844
YEL015W,YBR020W,0,-5.607482,0.06784386932849884,0.36500000953674316,0.5015000104904175
YPR031W,YBL052C,1,-5.6076202,0.06801709532737732,0.3659999966621399,0.5015000104904175
YDR436W,YDR518W,0,-5.6076827,0.06800445914268494,0.3659999966621399,0.5016000270843506
YPL211W,YER022W,0,-5.6078596,0.06799182295799255,0.3659999966621399,0.5016999840736389
YGL226C-A,YNR010W,0,-5.6078663,0.06797919422388077,0.3659999966621399,0.501800000667572
YPR183W,YML021C,0,-5.608007,0.06796657294034958,0.3659999966621399,0.5019000172615051
YDR189W,YLR045C,0,-5.6084366,0.06795395165681839,0.3659999966621399,0.5019999742507935
YLR044C,YGL019W,0,-5.6088705,0.0679413378238678,0.3659999966621399,0.5020999908447266
YPR051W,YHR090C,1,-5.6088862,0.06811432540416718,0.367000013589859,0.5020999908447266
YLR305C,YMR146C,0,-5.609014,0.06810168921947479,0.367000013589859,0.5022000074386597
YDR087C,YJL087C,0,-5.6090565,0.06808905303478241,0.367000013589859,0.5023000240325928
YBR083W,YMR091C,0,-5.60909,0.06807642430067062,0.367000013589859,0.5023999810218811
YDR416W,YOR236W,0,-5.609271,0.06806379556655884,0.367000013589859,0.5024999976158142
YLR022C,YLR105C,0,-5.609322,0.06805117428302765,0.367000013589859,0.5026000142097473
YPR019W,YOR232W,0,-5.60958,0.06803856045007706,0.367000013589859,0.5026999711990356
YDR470C,YMR272C,0,-5.6097436,0.06802594661712646,0.367000013589859,0.5027999877929688
YFR027W,YER017C,0,-5.6102514,0.06801334023475647,0.367000013589859,0.5029000043869019
YPL130W,YNL163C,0,-5.610406,0.06800074130296707,0.367000013589859,0.503000020980835
YPR104C,YDR030C,0,-5.6105633,0.06798814237117767,0.367000013589859,0.5030999779701233
YOR083W,YDR178W,0,-5.6111975,0.06797555088996887,0.367000013589859,0.5031999945640564
YOR180C,YNL026W,0,-5.6113048,0.06796295940876007,0.367000013589859,0.5033000111579895
YBR110W,YNL099C,0,-5.6116867,0.06795038282871246,0.367000013589859,0.5034000277519226
YAL051W,YPL132W,0,-5.6117916,0.06793779879808426,0.367000013589859,0.5034999847412109
YJR001W,YJR083C,0,-5.6124687,0.06792522966861725,0.367000013589859,0.503600001335144
YMR135C,YML115C,0,-5.6125298,0.06791266053915024,0.367000013589859,0.5037000179290771
YER022W,YOR206W,0,-5.613203,0.06790009140968323,0.367000013589859,0.5037999749183655
YDR422C,YMR004W,0,-5.6138535,0.06788752973079681,0.367000013589859,0.5038999915122986
YER019W,YKR065C,0,-5.6138926,0.067874975502491,0.367000013589859,0.5040000081062317
YIL159W,YML008C,0,-5.614129,0.06786242872476578,0.367000013589859,0.5041000247001648
YMR200W,YBR132C,0,-5.614259,0.06784988194704056,0.367000013589859,0.5041999816894531
YNL310C,YJL053W,0,-5.6144457,0.06783733516931534,0.367000013589859,0.5042999982833862
YBR177C,YML097C,0,-5.614661,0.06782480329275131,0.367000013589859,0.5044000148773193
YNR002C,YJR144W,0,-5.615048,0.06781227141618729,0.367000013589859,0.5044999718666077
YPR134W,YDR284C,0,-5.6150494,0.06779973953962326,0.367000013589859,0.5045999884605408
YPR102C,YGR172C,0,-5.6150584,0.06778721511363983,0.367000013589859,0.5047000050544739
YDL201W,YDR295C,0,-5.6153975,0.067774698138237,0.367000013589859,0.504800021648407
YLR028C,YOR274W,0,-5.615473,0.06776218861341476,0.367000013589859,0.5048999786376953
YHR186C,YGL061C,0,-5.615555,0.06774967908859253,0.367000013589859,0.5049999952316284
YLR107W,YGL209W,0,-5.615608,0.0677371695637703,0.367000013589859,0.5051000118255615
YDR277C,YNL229C,0,-5.61569,0.06772467494010925,0.367000013589859,0.5052000284194946
YJL080C,YDL185W,0,-5.6158056,0.06771218031644821,0.367000013589859,0.505299985408783
YNL261W,YGR258C,0,-5.6158066,0.06769968569278717,0.367000013589859,0.5054000020027161
YNL227C,YDR054C,0,-5.615864,0.06768719851970673,0.367000013589859,0.5055000185966492
YJL139C,YGL062W,0,-5.6160903,0.06767471879720688,0.367000013589859,0.5055999755859375
YNR049C,YLR138W,0,-5.616106,0.06766223907470703,0.367000013589859,0.5056999921798706
YML055W,YDR059C,0,-5.616117,0.06764976680278778,0.367000013589859,0.5058000087738037
YLR292C,YOR081C,0,-5.6165,0.06763730198144913,0.367000013589859,0.5059000253677368
YJR090C,YPL092W,0,-5.616639,0.06762483716011047,0.367000013589859,0.5059999823570251
YLR165C,YDR227W,0,-5.6169047,0.06761237978935242,0.367000013589859,0.5060999989509583
YPL259C,YGL245W,0,-5.6170835,0.06759992986917496,0.367000013589859,0.5062000155448914
YKR026C,YHR172W,0,-5.6171923,0.0675874799489975,0.367000013589859,0.5062999725341797
YLR114C,YML062C,0,-5.617251,0.06757503002882004,0.367000013589859,0.5063999891281128
YDR264C,YEL056W,1,-5.6174803,0.06774668395519257,0.36800000071525574,0.5063999891281128
YPR193C,YEL053C,1,-5.61792,0.06791827827692032,0.36899998784065247,0.5063999891281128
YKL013C,YDL140C,0,-5.6180186,0.06790577620267868,0.36899998784065247,0.5065000057220459
YAL054C,YGR002C,1,-5.618186,0.06807727366685867,0.3700000047683716,0.5065000057220459
YOR122C,YGR123C,0,-5.618669,0.06806475669145584,0.3700000047683716,0.506600022315979
YDR238C,YDL006W,0,-5.618933,0.06805223226547241,0.3700000047683716,0.5066999793052673
YMR077C,YER031C,0,-5.6190457,0.06803972274065018,0.3700000047683716,0.5067999958992004
YJR132W,YOR239W,0,-5.619148,0.06802721321582794,0.3700000047683716,0.5069000124931335
YJL201W,YNL253W,0,-5.6191826,0.0680147036910057,0.3700000047683716,0.5070000290870667
YDR511W,YLR080W,0,-5.6192055,0.06800220906734467,0.3700000047683716,0.507099986076355
YNR015W,YOL028C,0,-5.619278,0.06798970699310303,0.3700000047683716,0.5072000026702881
YMR042W,YOL023W,0,-5.619481,0.06797721982002258,0.3700000047683716,0.5073000192642212
YCL010C,YGR252W,1,-5.6195564,0.0681484192609787,0.3709999918937683,0.5073000192642212
YMR026C,YER082C,0,-5.6196613,0.06813590228557587,0.3709999918937683,0.5073999762535095
YEL018W,YCL066W,0,-5.619808,0.06812339276075363,0.3709999918937683,0.5074999928474426
YKL026C,YKR035W-A,0,-5.619824,0.0681108832359314,0.3709999918937683,0.5076000094413757
YOR341W,YOR321W,0,-5.620167,0.06809838116168976,0.3709999918937683,0.5077000260353088
YNL001W,YMR316W,0,-5.6202555,0.06808588653802872,0.3709999918937683,0.5077999830245972
YOL076W,YOR034C,1,-5.620485,0.06825687736272812,0.3720000088214874,0.5077999830245972
YMR247C,YDL108W,0,-5.620813,0.06824436038732529,0.3720000088214874,0.5078999996185303
YLR305C,YLR340W,0,-5.6210876,0.06823184341192245,0.3720000088214874,0.5080000162124634
YMR277W,YML024W,0,-5.6212053,0.06821932643651962,0.3720000088214874,0.5080999732017517
YHR099W,YDR145W,1,-5.621315,0.06839017570018768,0.37299999594688416,0.5080999732017517
YBR274W,YML073C,0,-5.6214523,0.06837763637304306,0.37299999594688416,0.5081999897956848
YFR009W,YGL206C,0,-5.6214876,0.06836510449647903,0.37299999594688416,0.5083000063896179
YFR002W,YDR432W,0,-5.6218667,0.06835257261991501,0.37299999594688416,0.508400022983551
YNL036W,YDR137W,0,-5.621946,0.06834004819393158,0.37299999594688416,0.5084999799728394
YCL010C,YFL024C,1,-5.6219745,0.06851071864366531,0.37400001287460327,0.5084999799728394
YBR213W,YMR119W,0,-5.62208,0.0684981718659401,0.37400001287460327,0.5085999965667725
YJL074C,YDR151C,0,-5.622186,0.06848562508821487,0.37400001287460327,0.5087000131607056
YER088C,YMR032W,0,-5.6224294,0.06847308576107025,0.37400001287460327,0.5088000297546387
YGR204W,YDR135C,0,-5.622575,0.06846055388450623,0.37400001287460327,0.508899986743927
YBR084W,YPR023C,1,-5.6227264,0.06863103806972504,0.375,0.508899986743927
YJR110W,YKL130C,0,-5.6228952,0.06861848384141922,0.375,0.5090000033378601
YFR019W,YFL036W,0,-5.622981,0.0686059296131134,0.375,0.5091000199317932
YEL019C,YPR054W,0,-5.6233864,0.06859337538480759,0.375,0.5091999769210815
YDR098C,YPL057C,0,-5.623388,0.06858083605766296,0.375,0.5092999935150146
YOL012C,YPL022W,0,-5.623976,0.06856829673051834,0.375,0.5094000101089478
YEL041W,YDR460W,0,-5.623995,0.06855575740337372,0.375,0.5095000267028809
YLR060W,YLR182W,0,-5.624844,0.06854322552680969,0.375,0.5095999836921692
YPR137W,YOL054W,0,-5.6251507,0.06853070110082626,0.375,0.5097000002861023
YHR070W,YKL212W,0,-5.625268,0.06851817667484283,0.375,0.5098000168800354
YMR299C,YHR036W,0,-5.6253486,0.06850565969944,0.375,0.5098999738693237
YLL022C,YOR064C,1,-5.6255016,0.06867580115795135,0.37599998712539673,0.5098999738693237
YGR145W,YMR319C,0,-5.625559,0.06866325438022614,0.37599998712539673,0.5099999904632568
YOL148C,YPL001W,1,-5.6255665,0.06883330643177032,0.37700000405311584,0.5099999904632568
YHR161C,YJR127C,0,-5.626043,0.06882073730230331,0.37700000405311584,0.5101000070571899
YCR094W,YKR009C,0,-5.6263843,0.0688081756234169,0.37700000405311584,0.510200023651123
YIL144W,YNL016W,0,-5.626385,0.06879562139511108,0.37700000405311584,0.5102999806404114
YGR142W,YOR321W,0,-5.6263895,0.06878306716680527,0.37700000405311584,0.5103999972343445
YNL020C,YKL143W,0,-5.626678,0.06877052038908005,0.37700000405311584,0.5105000138282776
YDR238C,YBL040C,0,-5.6271305,0.06875798106193542,0.37700000405311584,0.5105999708175659
YDR388W,YDR091C,0,-5.6271315,0.0687454417347908,0.37700000405311584,0.510699987411499
YKR097W,YLL024C,0,-5.62745,0.06873290985822678,0.37700000405311584,0.5108000040054321
YCR092C,YPR198W,0,-5.6276565,0.06872037798166275,0.37700000405311584,0.5109000205993652
YCR018C,YDL166C,0,-5.6276903,0.06870785355567932,0.37700000405311584,0.5109999775886536
YCL017C,YAR035W,0,-5.6277356,0.06869533658027649,0.37700000405311584,0.5110999941825867
YLR275W,YPR074C,0,-5.627757,0.06868281960487366,0.37700000405311584,0.5112000107765198
YPL055C,YIL085C,0,-5.6279945,0.06867031008005142,0.37700000405311584,0.5113000273704529
YDR217C,YML036W,0,-5.6280756,0.06865780055522919,0.37700000405311584,0.5113999843597412
YGR057C,YDR422C,0,-5.6283298,0.06864530593156815,0.37700000405311584,0.5115000009536743
YMR137C,YOR256C,0,-5.6284146,0.06863280385732651,0.37700000405311584,0.5116000175476074
YDL042C,YAL043C,0,-5.628495,0.06862031668424606,0.37700000405311584,0.5116999745368958
YJL072C,YDR310C,0,-5.628603,0.06860782206058502,0.37700000405311584,0.5117999911308289
YPL047W,YML077W,0,-5.628633,0.06859534233808517,0.37700000405311584,0.511900007724762
YOR304W,YOR095C,0,-5.6286383,0.06858286261558533,0.37700000405311584,0.5120000243186951
YNL068C,YJL196C,0,-5.6287713,0.06857039034366608,0.37700000405311584,0.5120999813079834
YGR276C,YFL049W,0,-5.62879,0.06855791807174683,0.37700000405311584,0.5121999979019165
YPR193C,YCR020C-A,1,-5.628822,0.0687272697687149,0.3779999911785126,0.5121999979019165
YLL022C,YDR392W,1,-5.6289463,0.06889656186103821,0.3790000081062317,0.5121999979019165
YDR263C,YDR069C,0,-5.629017,0.06888404488563538,0.3790000081062317,0.5123000144958496
YDL059C,YDL227C,0,-5.6290483,0.06887152791023254,0.3790000081062317,0.5123999714851379
YLR117C,YIL075C,0,-5.629486,0.06885901093482971,0.3790000081062317,0.512499988079071
YPR081C,YOR038C,0,-5.629934,0.06884650141000748,0.3790000081062317,0.5126000046730042
YBL014C,YDL006W,0,-5.630415,0.06883399933576584,0.3790000081062317,0.5127000212669373
YLR026C,YGL089C,0,-5.630449,0.0688214972615242,0.3790000081062317,0.5127999782562256
YOL077C,YLR380W,0,-5.630616,0.06880900263786316,0.3790000081062317,0.5128999948501587
YDL232W,YIL085C,0,-5.6308618,0.06879651546478271,0.3790000081062317,0.5130000114440918
YPR031W,YJR082C,1,-5.6308966,0.06896551698446274,0.3799999952316284,0.5130000114440918
YGL169W,YPL218W,0,-5.6309156,0.0689530000090599,0.3799999952316284,0.5131000280380249
YNL239W,YMR167W,0,-5.631585,0.06894049048423767,0.3799999952316284,0.5131999850273132
YOL143C,YJR031C,0,-5.6316624,0.06892798840999603,0.3799999952316284,0.5133000016212463
YFL041W,YPL042C,0,-5.6321745,0.0689154863357544,0.3799999952316284,0.5134000182151794
YPR081C,YPL075W,0,-5.6327686,0.06890299171209335,0.3799999952316284,0.5134999752044678
YIL110W,YNL310C,0,-5.6334147,0.06889049708843231,0.3799999952316284,0.5135999917984009
YFL016C,YLR354C,0,-5.633997,0.06887800991535187,0.3799999952316284,0.513700008392334
YHL009C,YIL004C,0,-5.6341114,0.06886553019285202,0.3799999952316284,0.5138000249862671
YGR147C,YEL056W,1,-5.634132,0.06903424859046936,0.38100001215934753,0.5138000249862671
YJL010C,YNL259C,0,-5.634323,0.06902173906564713,0.38100001215934753,0.5138999819755554
YER015W,YDR392W,1,-5.634407,0.0691903606057167,0.38199999928474426,0.5138999819755554
YDL013W,YKL057C,0,-5.6346016,0.06917783617973328,0.38199999928474426,0.5139999985694885
YPL061W,YPR178W,0,-5.6346207,0.06916531175374985,0.38199999928474426,0.5141000151634216
YKR063C,YGR230W,0,-5.6348248,0.06915278732776642,0.38199999928474426,0.51419997215271
YDR411C,YDR400W,0,-5.634876,0.06914027035236359,0.38199999928474426,0.5142999887466431
YOR239W,YHR091C,0,-5.6358724,0.06912776082754135,0.38199999928474426,0.5144000053405762
YPR107C,YOR355W,0,-5.6360316,0.06911525130271912,0.38199999928474426,0.5145000219345093
YER117W,YBR061C,0,-5.6360855,0.06910274922847748,0.38199999928474426,0.5145999789237976
YGR218W,YHL003C,0,-5.6361427,0.06909025460481644,0.38199999928474426,0.5146999955177307
YBL082C,YNL257C,0,-5.6362424,0.0690777599811554,0.38199999928474426,0.5148000121116638
YMR137C,YMR314W,0,-5.6363,0.06906526535749435,0.38199999928474426,0.5149000287055969
YOR047C,YJL129C,0,-5.636595,0.0690527856349945,0.38199999928474426,0.5149999856948853
YLR102C,YMR218C,0,-5.636823,0.06904030591249466,0.38199999928474426,0.5151000022888184
YJL168C,YOR136W,0,-5.6370425,0.06902782618999481,0.38199999928474426,0.5152000188827515
YPL218W,YLR310C,0,-5.637186,0.06901535391807556,0.38199999928474426,0.5152999758720398
YJR021C,YNL009W,0,-5.637599,0.06900288909673691,0.38199999928474426,0.5153999924659729
YML025C,YPR138C,0,-5.637883,0.06899043172597885,0.38199999928474426,0.515500009059906
YMR276W,YJL072C,0,-5.638279,0.0689779669046402,0.38199999928474426,0.5156000256538391
YDR532C,YJR112W,0,-5.638546,0.06896551698446274,0.38199999928474426,0.5156999826431274
YER070W,YML071C,0,-5.6386485,0.06895306706428528,0.38199999928474426,0.5157999992370605
YGL205W,YER117W,0,-5.639539,0.06894062459468842,0.38199999928474426,0.5159000158309937
YDR150W,YNR056C,0,-5.639645,0.06892818212509155,0.38199999928474426,0.515999972820282
YFR030W,YDR469W,0,-5.639844,0.06891574710607529,0.38199999928474426,0.5160999894142151
YDR081C,YIR019C,0,-5.6400857,0.06890331953763962,0.38199999928474426,0.5162000060081482
YBR272C,YNL027W,0,-5.640315,0.06889089196920395,0.38199999928474426,0.5163000226020813
YOR159C,YJR158W,0,-5.640545,0.06887847185134888,0.38199999928474426,0.5163999795913696
YER053C,YBL011W,0,-5.6412086,0.0688660517334938,0.38199999928474426,0.5164999961853027
YNL274C,YMR004W,0,-5.64123,0.06885363906621933,0.38199999928474426,0.5166000127792358
YOL076W,YGR252W,1,-5.6412606,0.06902144849300385,0.382999986410141,0.5166000127792358
YER171W,YHR068W,0,-5.6414948,0.06900900602340698,0.382999986410141,0.516700029373169
YDL045C,YOR159C,0,-5.641737,0.06899657845497131,0.382999986410141,0.5167999863624573
YJL115W,YJR082C,1,-5.6417885,0.06916426867246628,0.3840000033378601,0.5167999863624573
YDR141C,YMR021C,0,-5.6418157,0.06915181130170822,0.3840000033378601,0.5169000029563904
YMR113W,YAL040C,0,-5.641911,0.06913936138153076,0.3840000033378601,0.5170000195503235
YPL022W,YDR258C,0,-5.6419764,0.0691269114613533,0.3840000033378601,0.5170999765396118
YBR086C,YNL051W,0,-5.642045,0.06911446899175644,0.3840000033378601,0.5171999931335449
YOR308C,YBR267W,0,-5.642045,0.06910203397274017,0.3840000033378601,0.517300009727478
YGL166W,YBL058W,0,-5.6421046,0.06908959895372391,0.3840000033378601,0.5174000263214111
YPR001W,YMR030W,0,-5.6423826,0.06907717138528824,0.3840000033378601,0.5174999833106995
YKL108W,YKL017C,0,-5.642395,0.06906475126743317,0.3840000033378601,0.5175999999046326
YGR089W,YLR039C,0,-5.6424193,0.0690523311495781,0.3840000033378601,0.5177000164985657
YMR182C,YDR418W,0,-5.6424885,0.06903991103172302,0.3840000033378601,0.517799973487854
YBR212W,YNR011C,0,-5.6425095,0.06902750581502914,0.3840000033378601,0.5178999900817871
YLR335W,YJL154C,0,-5.6425285,0.06901510059833527,0.3840000033378601,0.5180000066757202
YIL004C,YCL066W,0,-5.6426063,0.06900269538164139,0.3840000033378601,0.5181000232696533
YLR195C,YOR064C,1,-5.6428494,0.06916996091604233,0.38499999046325684,0.5181000232696533
YER015W,YCR020C-A,1,-5.6431303,0.06933716684579849,0.38600000739097595,0.5181000232696533
YGR147C,YHR099W,1,-5.643436,0.06950431317090988,0.3869999945163727,0.5181000232696533
YJR050W,YKL042W,0,-5.6434917,0.06949183344841003,0.3869999945163727,0.5181999802589417
YMR055C,YOL023W,0,-5.643572,0.06947935372591019,0.3869999945163727,0.5182999968528748
YDL095W,YDL140C,0,-5.6438637,0.06946688145399094,0.3869999945163727,0.5184000134468079
YNL001W,YMR255W,0,-5.6439505,0.06945441663265228,0.3869999945163727,0.5184999704360962
YMR276W,YGR217W,0,-5.644005,0.06944195181131363,0.3869999945163727,0.5185999870300293
YNL073W,YJL203W,0,-5.644355,0.06942949444055557,0.3869999945163727,0.5187000036239624
YOR243C,YBR050C,0,-5.6447406,0.06941703706979752,0.3869999945163727,0.5188000202178955
YKR003W,YCR093W,0,-5.6447554,0.06940459460020065,0.3869999945163727,0.5188999772071838
YIL128W,YMR250W,0,-5.6452875,0.0693921446800232,0.3869999945163727,0.5189999938011169
YNL233W,YPL028W,0,-5.6454296,0.06937970966100693,0.3869999945163727,0.51910001039505
YNL101W,YER038C,0,-5.645543,0.06936726719141006,0.3869999945163727,0.5192000269889832
YPL194W,YDL201W,0,-5.6459002,0.0693548396229744,0.3869999945163727,0.5192999839782715
YOR023C,YGR252W,1,-5.6460333,0.06952159106731415,0.3880000114440918,0.5192999839782715
YOR123C,YGL192W,0,-5.6461706,0.06950913369655609,0.3880000114440918,0.5194000005722046
YHR090C,YGL112C,1,-5.6467113,0.06967580318450928,0.3889999985694885,0.5194000005722046
YPR083W,YDR062W,0,-5.6467266,0.06966332346200943,0.3889999985694885,0.5195000171661377
YLR105C,YKL188C,0,-5.646824,0.06965085119009018,0.3889999985694885,0.519599974155426
YCR067C,YKL117W,0,-5.6468277,0.06963837891817093,0.3889999985694885,0.5196999907493591
YOL116W,YPL033C,0,-5.6469407,0.06962591409683228,0.3889999985694885,0.5198000073432922
YER005W,YDL095W,0,-5.647086,0.06961345672607422,0.3889999985694885,0.5199000239372253
YMR203W,YGR077C,0,-5.647169,0.06960099935531616,0.3889999985694885,0.5199999809265137
YOR153W,YHL028W,0,-5.647422,0.0695885494351387,0.3889999985694885,0.5200999975204468
YDR005C,YBR210W,0,-5.6475763,0.06957610696554184,0.3889999985694885,0.5202000141143799
YIL121W,YDR295C,0,-5.6476645,0.06956366449594498,0.3889999985694885,0.5202999711036682
YDR252W,YMR013C,0,-5.6477356,0.06955122202634811,0.3889999985694885,0.5203999876976013
YGR060W,YOR187W,0,-5.647808,0.06953879445791245,0.3889999985694885,0.5205000042915344
YJL004C,YGR028W,0,-5.647833,0.06952635943889618,0.3889999985694885,0.5206000208854675
YJL116C,YJR019C,0,-5.6479034,0.06951393932104111,0.3889999985694885,0.5206999778747559
YOR069W,YCL066W,0,-5.6482854,0.06950151920318604,0.3889999985694885,0.520799994468689
YER020W,YJR073C,0,-5.6487913,0.06948910653591156,0.3889999985694885,0.5209000110626221
YER001W,YLR172C,0,-5.6488094,0.06947669386863708,0.3889999985694885,0.5210000276565552
YPL015C,YGL124C,0,-5.6489873,0.0694642886519432,0.3889999985694885,0.5210999846458435
YKR056W,YOR171C,0,-5.649239,0.06945188343524933,0.3889999985694885,0.5212000012397766
YGL113W,YPL170W,0,-5.6492887,0.06943948566913605,0.3889999985694885,0.5213000178337097
YLR075W,YDR464W,0,-5.649763,0.06942709535360336,0.3889999985694885,0.521399974822998
YPL015C,YDR202C,0,-5.6497808,0.06941470503807068,0.3889999985694885,0.5214999914169312
YBR297W,YKR025W,0,-5.6500587,0.06940232217311859,0.3889999985694885,0.5216000080108643
YOL117W,YGL087C,0,-5.65018,0.0693899393081665,0.3889999985694885,0.5217000246047974
YML049C,YBR006W,0,-5.6501985,0.06937756389379501,0.3889999985694885,0.5217999815940857
YKL140W,YPL237W,0,-5.650241,0.06936519593000412,0.3889999985694885,0.5218999981880188
YFL025C,YOR075W,0,-5.6507864,0.06935282796621323,0.3889999985694885,0.5220000147819519
YER015W,YBR081C,1,-5.6509333,0.06951871514320374,0.38999998569488525,0.5220000147819519
YMR139W,YJR057W,0,-5.650975,0.06950632482767105,0.38999998569488525,0.5220999717712402
YPR128C,YDL175C,0,-5.651171,0.06949394196271896,0.38999998569488525,0.5221999883651733
YPR131C,YPL001W,1,-5.651409,0.06965971738100052,0.39100000262260437,0.5221999883651733
YOR359W,YEL018W,0,-5.6517367,0.06964731216430664,0.39100000262260437,0.5223000049591064
YKR014C,YMR145C,0,-5.651761,0.06963490694761276,0.39100000262260437,0.5224000215530396
YJR110W,YPR164W,0,-5.651976,0.06962250918149948,0.39100000262260437,0.5224999785423279
YPR193C,YPR031W,1,-5.6522627,0.0697881430387497,0.3919999897480011,0.5224999785423279
YJR082C,YHR013C,1,-5.6524715,0.06995371729135513,0.3930000066757202,0.5224999785423279
YOR033C,YKR061W,0,-5.6526613,0.06994126737117767,0.3930000066757202,0.522599995136261
YOL110W,YBR081C,1,-5.65279,0.07010675966739655,0.39399999380111694,0.522599995136261
YIL038C,YLR401C,0,-5.6529922,0.0700942873954773,0.39399999380111694,0.5227000117301941
YGR172C,YOL104C,0,-5.653466,0.07008182257413864,0.39399999380111694,0.5228000283241272
YDR464W,YNR038W,0,-5.653473,0.07006935775279999,0.39399999380111694,0.5228999853134155
YFL039C,YFL024C,1,-5.653562,0.07023470848798752,0.39500001072883606,0.5228999853134155
YDL022W,YDR485C,0,-5.65364,0.07022222131490707,0.39500001072883606,0.5230000019073486
YJR156C,YOR213C,0,-5.6537,0.07020974159240723,0.39500001072883606,0.5231000185012817
YPL217C,YNL199C,0,-5.654059,0.07019726186990738,0.39500001072883606,0.5231999754905701
YDR268W,YHR139C,0,-5.65413,0.07018478959798813,0.39500001072883606,0.5232999920845032
YMR116C,YPL267W,0,-5.6541743,0.07017232477664948,0.39500001072883606,0.5234000086784363
YAR019C,YHR120W,0,-5.654359,0.07015985995531082,0.39500001072883606,0.5235000252723694
YGL167C,YGR175C,0,-5.654541,0.07014739513397217,0.39500001072883606,0.5235999822616577
YHR013C,YEL066W,1,-5.6546288,0.0703125,0.3959999978542328,0.5235999822616577
YER148W,YKL176C,0,-5.6551695,0.07030002027750015,0.3959999978542328,0.5236999988555908
YCL016C,YMR035W,0,-5.6552143,0.0702875405550003,0.3959999978542328,0.5238000154495239
YHR106W,YFR036W,0,-5.655514,0.07027506828308105,0.3959999978542328,0.5238999724388123
YJL124C,YGL090W,0,-5.6556196,0.0702625960111618,0.3959999978542328,0.5239999890327454
YDR113C,YGR247W,0,-5.656014,0.07025013118982315,0.3959999978542328,0.5241000056266785
YNL274C,YJL117W,0,-5.6563435,0.0702376738190651,0.3959999978542328,0.5242000222206116
YDR297W,YDR359C,0,-5.656951,0.07022521644830704,0.3959999978542328,0.5242999792098999
YGR157W,YJR097W,0,-5.65714,0.07021276652812958,0.3959999978542328,0.524399995803833
YNL326C,YAL054C,1,-5.657429,0.07037759572267532,0.3970000147819519,0.524399995803833
YDR308C,YCL027W,0,-5.6574783,0.07036511600017548,0.3970000147819519,0.5245000123977661
YIL150C,YNL292W,0,-5.6574974,0.07035265117883682,0.3970000147819519,0.5246000289916992
YBR133C,YAL021C,0,-5.6577806,0.07034018635749817,0.3970000147819519,0.5246999859809875
YHR013C,YBR081C,1,-5.657795,0.07050487399101257,0.39800000190734863,0.5246999859809875
YDL232W,YHL003C,0,-5.657919,0.07049238681793213,0.39800000190734863,0.5248000025749207
YCL010C,YBL052C,1,-5.6580086,0.07065698504447937,0.39899998903274536,0.5248000025749207
YLR075W,YHR081W,0,-5.6580687,0.07064447551965714,0.39899998903274536,0.5249000191688538
YLR195C,YPL001W,1,-5.658168,0.07080899178981781,0.4000000059604645,0.5249000191688538
YIL144W,YAL043C,0,-5.6584234,0.07079645991325378,0.4000000059604645,0.5249999761581421
YER007W,YLR043C,0,-5.6585,0.07078393548727036,0.4000000059604645,0.5250999927520752
YOL069W,YDL134C,0,-5.6589746,0.07077141106128693,0.4000000059604645,0.5252000093460083
YJR110W,YMR220W,0,-5.6591144,0.0707588866353035,0.4000000059604645,0.5253000259399414
YOR180C,YFL018C,0,-5.659163,0.07074637711048126,0.4000000059604645,0.5253999829292297
YLR263W,YPL131W,0,-5.659204,0.07073386013507843,0.4000000059604645,0.5254999995231628
YML095C,YDR270W,0,-5.6592846,0.07072135806083679,0.4000000059604645,0.525600016117096
YOR388C,YHR091C,0,-5.6595197,0.07070885598659515,0.4000000059604645,0.5256999731063843
YFR029W,YHR014W,0,-5.659583,0.07069636136293411,0.4000000059604645,0.5257999897003174
YDR243C,YMR301C,0,-5.6599493,0.07068386673927307,0.4000000059604645,0.5259000062942505
YDR231C,YOR038C,0,-5.660378,0.07067137956619263,0.4000000059604645,0.5260000228881836
YNL068C,YKL114C,0,-5.6605263,0.07065889239311218,0.4000000059604645,0.5260999798774719
YLR292C,YPL122C,0,-5.660578,0.07064641267061234,0.4000000059604645,0.526199996471405
YDR142C,YDL166C,0,-5.6610165,0.07063394039869308,0.4000000059604645,0.5263000130653381
YBR170C,YGL090W,0,-5.6610303,0.07062146812677383,0.4000000059604645,0.5264000296592712
YJR091C,YKL048C,0,-5.6611314,0.07060900330543518,0.4000000059604645,0.5264999866485596
YEL051W,YAL011W,0,-5.6614294,0.07059653848409653,0.4000000059604645,0.5266000032424927
YGL113W,YBL006C,0,-5.661727,0.07058408111333847,0.4000000059604645,0.5267000198364258
YAL047C,YLL024C,0,-5.6617365,0.07057163119316101,0.4000000059604645,0.5267999768257141
YDL106C,YGL162W,0,-5.661823,0.07055918127298355,0.4000000059604645,0.5268999934196472
YGL053W,YBR286W,0,-5.661911,0.07054673880338669,0.4000000059604645,0.5270000100135803
YLL022C,YPL001W,1,-5.6630955,0.07071063667535782,0.4009999930858612,0.5270000100135803
YPL156C,YOR297C,0,-5.6632423,0.07069816440343857,0.4009999930858612,0.5271000266075134
YJR077C,YIL150C,0,-5.6633406,0.07068570703268051,0.4009999930858612,0.5271999835968018
YBL106C,YKL144C,0,-5.6636057,0.07067324966192245,0.4009999930858612,0.5273000001907349
YNL278W,YJL134W,0,-5.66363,0.0706607922911644,0.4009999930858612,0.527400016784668
YKL034W,YGL047W,0,-5.6638594,0.07064834237098694,0.4009999930858612,0.5274999737739563
YDR182W,YHR171W,0,-5.6640162,0.07063589990139008,0.4009999930858612,0.5275999903678894
YMR089C,YGR047C,0,-5.664401,0.07062345743179321,0.4009999930858612,0.5277000069618225
YLR103C,YKL054C,0,-5.6644998,0.07061102241277695,0.4009999930858612,0.5278000235557556
YDR448W,YBL052C,1,-5.665064,0.07077464461326599,0.4020000100135803,0.5278000235557556
YPL086C,YKL135C,0,-5.6652236,0.07076218724250793,0.4020000100135803,0.527899980545044
YML076C,YML010W,0,-5.6654234,0.07074973732233047,0.4020000100135803,0.527999997138977
YNL002C,YBR077C,0,-5.6655045,0.07073728740215302,0.4020000100135803,0.5281000137329102
YPL010W,YGL209W,0,-5.6656446,0.07072484493255615,0.4020000100135803,0.5281999707221985
YDR397C,YDR447C,0,-5.665745,0.07071240246295929,0.4020000100135803,0.5282999873161316
YAL029C,YLR002C,0,-5.6657853,0.07069996744394302,0.4020000100135803,0.5284000039100647
YMR142C,YMR109W,0,-5.6658607,0.07068753242492676,0.4020000100135803,0.5285000205039978
YKL081W,YML021C,0,-5.6658926,0.07067510485649109,0.4020000100135803,0.5285999774932861
YKR026C,YNL297C,0,-5.6659966,0.07066268473863602,0.4020000100135803,0.5286999940872192
YPR193C,YER015W,1,-5.6659985,0.07082600891590118,0.40299999713897705,0.5286999940872192
YOR193W,YER018C,0,-5.6660304,0.07081356644630432,0.40299999713897705,0.5288000106811523
YNL127W,YOR267C,0,-5.6663914,0.07080112397670746,0.40299999713897705,0.5289000272750854
YBR165W,YHR115C,0,-5.6667275,0.07078868895769119,0.40299999713897705,0.5289999842643738
YMR299C,YDR356W,0,-5.6667647,0.07077625393867493,0.40299999713897705,0.5291000008583069
YER035W,YFR047C,0,-5.667017,0.07076382637023926,0.40299999713897705,0.52920001745224
YKL001C,YDL230W,0,-5.667078,0.07075140625238419,0.40299999713897705,0.5292999744415283
YPR131C,YOR034C,1,-5.667344,0.07091451436281204,0.40400001406669617,0.5292999744415283
YDR153C,YER165W,0,-5.667432,0.07090207189321518,0.40400001406669617,0.5293999910354614
YPL206C,YOR110W,0,-5.667437,0.07088962942361832,0.40400001406669617,0.5295000076293945
YOR099W,YDR228C,0,-5.667739,0.07087719440460205,0.40400001406669617,0.5296000242233276
YNL064C,YBL006C,0,-5.6680737,0.07086475938558578,0.40400001406669617,0.529699981212616
YPL001W,YEL066W,1,-5.668465,0.0710277110338211,0.4050000011920929,0.529699981212616
YPL122C,YLR068W,0,-5.668564,0.07101525366306305,0.4050000011920929,0.5297999978065491
YKL022C,YDR289C,0,-5.668654,0.07100280374288559,0.4050000011920929,0.5299000144004822
YKR087C,YLL003W,0,-5.6688046,0.07099036127328873,0.4050000011920929,0.5299999713897705
YLL002W,YPR031W,1,-5.668809,0.0711531713604927,0.4059999883174896,0.5299999713897705
YMR048W,YPR188C,0,-5.6689057,0.07114070653915405,0.4059999883174896,0.5300999879837036
YBR179C,YGL192W,0,-5.668992,0.0711282417178154,0.4059999883174896,0.5302000045776367
YFR052W,YOL094C,0,-5.6691513,0.07111578434705734,0.4059999883174896,0.5303000211715698
YMR042W,YCL059C,0,-5.669468,0.07110332697629929,0.4059999883174896,0.5303999781608582
YPL213W,YAL005C,0,-5.669592,0.07109087705612183,0.4059999883174896,0.5304999947547913
YEL029C,YIR017C,0,-5.6696997,0.07107843458652496,0.4059999883174896,0.5306000113487244
YLR417W,YNR032W,0,-5.6697254,0.0710659921169281,0.4059999883174896,0.5307000279426575
YBR117C,YIL154C,0,-5.6698256,0.07105354964733124,0.4059999883174896,0.5307999849319458
YBR231C,YLR182W,0,-5.670005,0.07104112207889557,0.4059999883174896,0.5309000015258789
YLR293C,YFL034C-B,0,-5.6702113,0.0710286945104599,0.4059999883174896,0.531000018119812
YCL025C,YDR123C,0,-5.670382,0.07101626694202423,0.4059999883174896,0.5310999751091003
YKL205W,YHR011W,0,-5.670865,0.07100384682416916,0.4059999883174896,0.5311999917030334
YBR160W,YIR041W,0,-5.6710315,0.07099143415689468,0.4059999883174896,0.5313000082969666
YPR021C,YDL138W,0,-5.67107,0.07097902148962021,0.4059999883174896,0.5314000248908997
YOR371C,YEL030W,0,-5.6715975,0.07096661627292633,0.4059999883174896,0.531499981880188
YDL135C,YCR020W-B,0,-5.6722846,0.07095421105623245,0.4059999883174896,0.5315999984741211
YML051W,YML008C,0,-5.6726255,0.07094181329011917,0.4059999883174896,0.5317000150680542
YGR024C,YHL020C,0,-5.672635,0.07092942297458649,0.4059999883174896,0.5317999720573425
YCR012W,YFL025C,0,-5.6726546,0.0709170326590538,0.4059999883174896,0.5318999886512756
YDR473C,YNL020C,0,-5.672889,0.07090464234352112,0.4059999883174896,0.5320000052452087
YOL148C,YOR023C,1,-5.6731777,0.07106687873601913,0.40700000524520874,0.5320000052452087
YJL061W,YOR156C,0,-5.6732435,0.07105446606874466,0.40700000524520874,0.5321000218391418
YER103W,YJR046W,0,-5.673463,0.07104206830263138,0.40700000524520874,0.5321999788284302
YLR361C,YOL094C,0,-5.6740394,0.0710296705365181,0.40700000524520874,0.5322999954223633
YHR090C,YEL066W,1,-5.6740675,0.07119176536798477,0.40799999237060547,0.5322999954223633
YHR178W,YEL054C,0,-5.6742344,0.0711793452501297,0.40799999237060547,0.5324000120162964
YLR382C,YER007W,0,-5.6747546,0.07116692513227463,0.40799999237060547,0.5325000286102295
YGR156W,YHR081W,0,-5.6752234,0.07115451991558075,0.40799999237060547,0.5325999855995178
YBR210W,YML064C,0,-5.675297,0.07114210724830627,0.40799999237060547,0.5327000021934509
YOR317W,YJR082C,1,-5.675535,0.07130404561758041,0.4090000092983246,0.5327000021934509
YPR001W,YOR372C,0,-5.676613,0.07129161804914474,0.4090000092983246,0.532800018787384
YNL274C,YDR407C,0,-5.6767616,0.07127919048070908,0.4090000092983246,0.5328999757766724
YDL224C,YGL232W,0,-5.676793,0.071266770362854,0.4090000092983246,0.5329999923706055
YOL089C,YLR074C,0,-5.6770377,0.07125435769557953,0.4090000092983246,0.5331000089645386
YIL121W,YKL057C,0,-5.677182,0.07124194502830505,0.4090000092983246,0.5332000255584717
YML077W,YJR108W,0,-5.677186,0.07122953981161118,0.4090000092983246,0.53329998254776
YNL070W,YNR031C,0,-5.677346,0.0712171345949173,0.4090000092983246,0.5333999991416931
YCR035C,YJR139C,0,-5.677493,0.07120473682880402,0.4090000092983246,0.5335000157356262
YDR440W,YMR156C,0,-5.677846,0.07119233906269073,0.4090000092983246,0.5335999727249146
YBR218C,YOR236W,0,-5.677947,0.07117994874715805,0.4090000092983246,0.5336999893188477
YJL106W,YNR039C,0,-5.6781173,0.07116756588220596,0.4090000092983246,0.5338000059127808
YBR098W,YBR136W,0,-5.6783113,0.07115518301725388,0.4090000092983246,0.5339000225067139
YLR084C,YER017C,0,-5.67858,0.07114280760288239,0.4090000092983246,0.5339999794960022
YLR371W,YLR138W,0,-5.678745,0.0711304321885109,0.4090000092983246,0.5340999960899353
YDR143C,YPR019W,0,-5.6788807,0.07111806422472,0.4090000092983246,0.5342000126838684
YGR180C,YPL120W,0,-5.6789565,0.0711057037115097,0.4090000092983246,0.5343000292778015
YGL171W,YBL079W,0,-5.679055,0.07109334319829941,0.4090000092983246,0.5343999862670898
YLR234W,YNR043W,0,-5.6791677,0.07108099013566971,0.4090000092983246,0.534500002861023
YBR084W,YCR020C-A,1,-5.679314,0.07124239951372147,0.4099999964237213,0.534500002861023
YKR009C,YKL197C,0,-5.6795115,0.07123002409934998,0.4099999964237213,0.534600019454956
YCL029C,YLR172C,0,-5.6796856,0.07121764868497849,0.4099999964237213,0.5346999764442444
YOR045W,YMR023C,0,-5.68025,0.07120528072118759,0.4099999964237213,0.5347999930381775
YPL232W,YGR264C,0,-5.680444,0.0711929127573967,0.4099999964237213,0.5349000096321106
YNL317W,YOR226C,0,-5.6805296,0.0711805522441864,0.4099999964237213,0.5350000262260437
YEL053C,YPL001W,1,-5.6805706,0.07134178280830383,0.41100001335144043,0.5350000262260437
YPL110C,YOR301W,0,-5.680722,0.07132939994335175,0.41100001335144043,0.535099983215332
YLR190W,YGL054C,0,-5.6807394,0.07131702452898026,0.41100001335144043,0.5351999998092651
YKR083C,YJR112W,0,-5.6808634,0.07130464911460876,0.41100001335144043,0.5353000164031982
YJR082C,YFL024C,1,-5.6810527,0.07146573811769485,0.41200000047683716,0.5353000164031982
YKR072C,YNL262W,0,-5.681154,0.07145334780216217,0.41200000047683716,0.5353999733924866
YMR072W,YNL251C,0,-5.6811666,0.07144095748662949,0.41200000047683716,0.5354999899864197
YOR217W,YPL161C,0,-5.68143,0.0714285746216774,0.41200000047683716,0.5356000065803528
YMR129W,YMR078C,0,-5.6817474,0.07141619175672531,0.41200000047683716,0.5357000231742859
YNL239W,YGL124C,0,-5.6819763,0.07140381634235382,0.41200000047683716,0.5357999801635742
YBR084W,YFL039C,1,-5.682129,0.07156471908092499,0.4129999876022339,0.5357999801635742
YKL089W,YMR139W,0,-5.6821775,0.0715523213148117,0.4129999876022339,0.5358999967575073
YOR180C,YFR027W,0,-5.682789,0.07153992354869843,0.4129999876022339,0.5360000133514404
YJL115W,YHR090C,1,-5.683363,0.07170072942972183,0.414000004529953,0.5360000133514404
YDR218C,YLL043W,0,-5.6835003,0.07168830931186676,0.414000004529953,0.5360999703407288
YGR204W,YOL026C,0,-5.6835337,0.07167589664459229,0.414000004529953,0.5361999869346619
YFL055W,YJL128C,0,-5.683736,0.07166349142789841,0.414000004529953,0.536300003528595
YGL137W,YKL074C,0,-5.6838436,0.07165109366178513,0.414000004529953,0.5364000201225281
YBR132C,YBR172C,0,-5.6838856,0.07163868844509125,0.414000004529953,0.5364999771118164
YFL024C,YOR064C,1,-5.68394,0.07179930806159973,0.41499999165534973,0.5364999771118164
YJL090C,YDR298C,0,-5.6842384,0.07178688794374466,0.41499999165534973,0.5365999937057495
YGR037C,YLR190W,0,-5.6843905,0.07177447527647018,0.41499999165534973,0.5367000102996826
YNL326C,YDR264C,1,-5.6846714,0.07193498313426971,0.41600000858306885,0.5367000102996826
YLR145W,YOR003W,0,-5.6853724,0.07192254811525345,0.41600000858306885,0.5368000268936157
YDR483W,YBR097W,0,-5.6854973,0.07191011309623718,0.41600000858306885,0.536899983882904
YPR051W,YBR081C,1,-5.6855044,0.07207051664590836,0.4169999957084656,0.536899983882904
YPR051W,YCL010C,1,-5.6855884,0.07223086059093475,0.4180000126361847,0.536899983882904
YGR227W,YLR139C,0,-5.685636,0.0722183808684349,0.4180000126361847,0.5370000004768372
YDL208W,YDL159W,0,-5.6856956,0.07220590859651566,0.4180000126361847,0.5371000170707703
YGR113W,YJL087C,0,-5.685719,0.0721934363245964,0.4180000126361847,0.5371999740600586
YFR002W,YDR322C-A,0,-5.6858177,0.07218097150325775,0.4180000126361847,0.5372999906539917
YDR443C,YBR061C,0,-5.68613,0.0721685066819191,0.4180000126361847,0.5374000072479248
YMR101C,YMR319C,0,-5.6862884,0.07215604931116104,0.4180000126361847,0.5375000238418579
YLR272C,YHR083W,0,-5.6863413,0.07214359939098358,0.4180000126361847,0.5375999808311462
YAL010C,YOR001W,0,-5.6863976,0.07213114947080612,0.4180000126361847,0.5376999974250793
YGR230W,YJR155W,0,-5.686468,0.07211869955062866,0.4180000126361847,0.5378000140190125
YMR113W,YDL140C,0,-5.6864705,0.0721062645316124,0.4180000126361847,0.5378999710083008
YMR240C,YBL051C,0,-5.686489,0.07209382206201553,0.4180000126361847,0.5379999876022339
YJL115W,YOR034C,1,-5.686711,0.07225383818149567,0.4189999997615814,0.5379999876022339
YGL043W,YGR289C,0,-5.686748,0.07224138081073761,0.4189999997615814,0.538100004196167
YOL148C,YDR392W,1,-5.6868362,0.07240130752325058,0.41999998688697815,0.538100004196167
YDL006W,YHR088W,0,-5.686997,0.07238882780075073,0.41999998688697815,0.5382000207901001
YNL153C,YGL252C,0,-5.6870465,0.07237635552883148,0.41999998688697815,0.5382999777793884
YFL039C,YOR034C,1,-5.6871357,0.07253618538379669,0.42100000381469727,0.5382999777793884
YDR236C,YAR002W,0,-5.687518,0.07252368330955505,0.42100000381469727,0.5383999943733215
YJL059W,YER038C,0,-5.687558,0.07251119613647461,0.42100000381469727,0.5385000109672546
YCR052W,YMR096W,0,-5.687749,0.07249870896339417,0.42100000381469727,0.5386000275611877
YKR087C,YDR179C,0,-5.6878595,0.07248622924089432,0.42100000381469727,0.5386999845504761
YIL031W,YDR276C,0,-5.688089,0.07247374951839447,0.42100000381469727,0.5388000011444092
YHR172W,YOR060C,0,-5.6882334,0.07246127724647522,0.42100000381469727,0.5389000177383423
YCL055W,YLR047C,0,-5.688364,0.07244880497455597,0.42100000381469727,0.5389999747276306
YDR477W,YML088W,0,-5.6883826,0.07243634015321732,0.42100000381469727,0.5390999913215637
YPL258C,YML015C,0,-5.688496,0.07242387533187866,0.42100000381469727,0.5392000079154968
YML086C,YEL002C,0,-5.688569,0.0724114179611206,0.42100000381469727,0.5393000245094299
YML038C,YBR050C,0,-5.6886244,0.07239896804094315,0.42100000381469727,0.5393999814987183
YJL115W,YEL056W,1,-5.6887255,0.0725584626197815,0.421999990940094,0.5393999814987183
YLR141W,YMR129W,0,-5.6887703,0.07254598289728165,0.421999990940094,0.5394999980926514
YLL003W,YDR225W,0,-5.6888146,0.072533518075943,0.421999990940094,0.5396000146865845
YLL022C,YMR246W,1,-5.689043,0.07269290089607239,0.4230000078678131,0.5396000146865845
YCR094W,YNL281W,0,-5.68909,0.07268041372299194,0.4230000078678131,0.5396999716758728
YJL072C,YLR011W,0,-5.6893196,0.0726679265499115,0.4230000078678131,0.5397999882698059
YPR005C,YDL020C,0,-5.689431,0.07265544682741165,0.4230000078678131,0.539900004863739
YEL053C,YOR317W,1,-5.6894345,0.0728147029876709,0.42399999499320984,0.539900004863739
YMR227C,YPL127C,0,-5.689554,0.07280220091342926,0.42399999499320984,0.5400000214576721
YDR060W,YLR442C,0,-5.689575,0.07278969883918762,0.42399999499320984,0.5400999784469604
YGL035C,YDL140C,0,-5.6898746,0.07277720421552658,0.42399999499320984,0.5401999950408936
YBL018C,YGR175C,0,-5.690024,0.07276471704244614,0.42399999499320984,0.5403000116348267
YAL047C,YOL078W,0,-5.690209,0.07275222986936569,0.42399999499320984,0.5404000282287598
YOR061W,YGL048C,0,-5.690626,0.07273975014686584,0.42399999499320984,0.5404999852180481
YCR094W,YBR102C,0,-5.69065,0.072727270424366,0.42399999499320984,0.5406000018119812
YPL086C,YDL100C,0,-5.690731,0.07271479815244675,0.42399999499320984,0.5407000184059143
YOL117W,YJL062W,0,-5.690888,0.0727023333311081,0.42399999499320984,0.5407999753952026
YKR076W,YKL089W,0,-5.6911354,0.07268986850976944,0.42399999499320984,0.5408999919891357
YPL217C,YDR129C,0,-5.6913133,0.07267741113901138,0.42399999499320984,0.5410000085830688
YNL039W,YJR064W,0,-5.691415,0.07266495376825333,0.42399999499320984,0.541100025177002
YOR150W,YNL259C,0,-5.6914682,0.07265250384807587,0.42399999499320984,0.5411999821662903
YOR087W,YKR090W,0,-5.6915445,0.07264005392789841,0.42399999499320984,0.5412999987602234
YJR074W,YCR084C,0,-5.6915836,0.07262761145830154,0.42399999499320984,0.5414000153541565
YER015W,YDL040C,1,-5.6917195,0.07278643548488617,0.42500001192092896,0.5414000153541565
YGL180W,YHR178W,0,-5.6918745,0.07277397066354752,0.42500001192092896,0.5414999723434448
YBR245C,YLR353W,0,-5.6922436,0.07276151329278946,0.42500001192092896,0.5415999889373779
YCL010C,YPL001W,1,-5.692317,0.07292023301124573,0.4259999990463257,0.5415999889373779
YPR021C,YJL129C,0,-5.692404,0.07290775328874588,0.4259999990463257,0.541700005531311
YCL008C,YJR153W,0,-5.692757,0.07289527356624603,0.4259999990463257,0.5418000221252441
YHR015W,YAL034W-A,0,-5.6929436,0.07288280874490738,0.4259999990463257,0.5418999791145325
YJL011C,YGR211W,0,-5.693263,0.07287033647298813,0.4259999990463257,0.5419999957084656
YBL002W,YAL005C,0,-5.6934137,0.07285787910223007,0.4259999990463257,0.5421000123023987
YEL015W,YAR035W,0,-5.6935086,0.07284541428089142,0.4259999990463257,0.5422000288963318
YKL064W,YLR155C,0,-5.6935234,0.07283296436071396,0.4259999990463257,0.5422999858856201
YMR313C,YPR167C,0,-5.693758,0.0728205144405365,0.4259999990463257,0.5424000024795532
YDL166C,YIL056W,0,-5.6941333,0.07280806452035904,0.4259999990463257,0.5425000190734863
YCL029C,YPR065W,0,-5.6942267,0.07279562205076218,0.4259999990463257,0.5425999760627747
YNL271C,YPL055C,0,-5.6943407,0.07278318703174591,0.4259999990463257,0.5426999926567078
YDR484W,YJL072C,0,-5.694403,0.07277075201272964,0.4259999990463257,0.5428000092506409
YLR337C,YDR016C,0,-5.6944523,0.07275832444429398,0.4259999990463257,0.542900025844574
YHR108W,YBR092C,0,-5.694852,0.0727459043264389,0.4259999990463257,0.5429999828338623
YMR237W,YKR027W,0,-5.694871,0.07273348420858383,0.4259999990463257,0.5430999994277954
YLR329W,YKR062W,0,-5.6948757,0.07272106409072876,0.4259999990463257,0.5432000160217285
YCL034W,YPL123C,0,-5.6952114,0.07270865142345428,0.4259999990463257,0.5432999730110168
YFL031W,YDR443C,0,-5.695446,0.0726962462067604,0.4259999990463257,0.54339998960495
YDR142C,YOL013C,0,-5.695496,0.07268384099006653,0.4259999990463257,0.5435000061988831
YDL198C,YIR002C,0,-5.695609,0.07267144322395325,0.4259999990463257,0.5436000227928162
YPR189W,YMR026C,0,-5.6956286,0.07265904545783997,0.4259999990463257,0.5436999797821045
YPL176C,YGR192C,0,-5.695655,0.07264665514230728,0.4259999990463257,0.5437999963760376
YBL084C,YGR241C,0,-5.6960354,0.0726342722773552,0.4259999990463257,0.5439000129699707
YDR297W,YIL085C,0,-5.6960564,0.0726218894124031,0.4259999990463257,0.5440000295639038
YMR225C,YGL127C,0,-5.6961412,0.07260951399803162,0.4259999990463257,0.5440999865531921
YDR135C,YFR047C,0,-5.696179,0.07259713858366013,0.4259999990463257,0.5442000031471252
YOL034W,YOR117W,0,-5.6962624,0.07258477061986923,0.4259999990463257,0.5443000197410583
YDL164C,YGR003W,0,-5.6964936,0.07257240265607834,0.4259999990463257,0.5443999767303467
YOR034C,YHR013C,1,-5.696521,0.07273036986589432,0.4269999861717224,0.5443999767303467
YJL050W,YNL267W,0,-5.696535,0.07271798700094223,0.4269999861717224,0.5444999933242798
YER148W,YDR192C,0,-5.696641,0.07270560413599014,0.4269999861717224,0.5446000099182129
YFR052W,YHR014W,0,-5.696887,0.07269322127103806,0.4269999861717224,0.544700026512146
YER054C,YOL125W,0,-5.6971245,0.07268085330724716,0.4269999861717224,0.5447999835014343
YKL179C,YFL049W,0,-5.69716,0.07266848534345627,0.4269999861717224,0.5449000000953674
YDR113C,YPL266W,0,-5.6971827,0.07265611737966537,0.4269999861717224,0.5450000166893005
YBR170C,YHR008C,0,-5.6972723,0.07264375686645508,0.4269999861717224,0.5450999736785889
YKL108W,YDR386W,0,-5.697397,0.07263139635324478,0.4269999861717224,0.545199990272522
YPL218W,YOR116C,0,-5.697808,0.07261905074119568,0.4269999861717224,0.5453000068664551
YLR105C,YBR030W,0,-5.6980305,0.07260669767856598,0.4269999861717224,0.5454000234603882
YER061C,YPR080W,0,-5.698036,0.07259435206651688,0.4269999861717224,0.5454999804496765
YDR513W,YJR153W,0,-5.698181,0.07258201390504837,0.4269999861717224,0.5455999970436096
YER015W,YLL022C,1,-5.698294,0.0727396309375763,0.42800000309944153,0.5455999970436096
YCR081W,YJR121W,0,-5.6983485,0.072727270424366,0.42800000309944153,0.5457000136375427
YDR318W,YLR165C,0,-5.6987333,0.0727149173617363,0.42800000309944153,0.545799970626831
YNR031C,YOR095C,0,-5.6989093,0.0727025642991066,0.42800000309944153,0.5458999872207642
YDR473C,YDR487C,0,-5.6994543,0.0726902186870575,0.42800000309944153,0.5460000038146973
YGR165W,YNR017W,0,-5.699544,0.07267787307500839,0.42800000309944153,0.5461000204086304
YPR086W,YPR101W,0,-5.699635,0.07266553491353989,0.42800000309944153,0.5461999773979187
YDR422C,YAL024C,0,-5.6996765,0.07265319675207138,0.42800000309944153,0.5462999939918518
YOR145C,YOL135C,0,-5.6998577,0.07264086604118347,0.42800000309944153,0.5464000105857849
YER018C,YAL021C,0,-5.6999,0.07262854278087616,0.42800000309944153,0.546500027179718
YDR183W,YNL051W,0,-5.701269,0.07261621952056885,0.42800000309944153,0.5465999841690063
YOL009C,YGR222W,0,-5.7013397,0.07260390371084213,0.42800000309944153,0.5467000007629395
YGR180C,YDR381W,0,-5.701359,0.07259158790111542,0.42800000309944153,0.5468000173568726
YMR208W,YGL096W,0,-5.701452,0.0725792795419693,0.42800000309944153,0.5468999743461609
YER021W,YKL193C,0,-5.7014637,0.07256697118282318,0.42800000309944153,0.546999990940094
YGL137W,YIL056W,0,-5.7018127,0.07255467027425766,0.42800000309944153,0.5471000075340271
YDR292C,YHR082C,0,-5.702197,0.07254236936569214,0.42800000309944153,0.5472000241279602
YFL008W,YJR156C,0,-5.702252,0.07253008335828781,0.42800000309944153,0.5472999811172485
YLR403W,YJR112W,0,-5.702401,0.07251778990030289,0.42800000309944153,0.5473999977111816
YDR325W,YMR175W,0,-5.702451,0.07250550389289856,0.42800000309944153,0.5475000143051147
YNL025C,YMR013C,0,-5.703007,0.07249322533607483,0.42800000309944153,0.5475999712944031
YIR018W,YCR024C-A,0,-5.7032976,0.0724809467792511,0.42800000309944153,0.5476999878883362
YGL106W,YGL016W,0,-5.703369,0.07246867567300797,0.42800000309944153,0.5478000044822693
YOL031C,YPR198W,0,-5.703483,0.07245640456676483,0.42800000309944153,0.5479000210762024
YCR020C-A,YHR013C,1,-5.7034955,0.07261340320110321,0.42899999022483826,0.5479000210762024
YBR073W,YNR038W,0,-5.7035236,0.07260111719369888,0.42899999022483826,0.5479999780654907
YDL112W,YJR097W,0,-5.704254,0.07258883118629456,0.42899999022483826,0.5480999946594238
YDR073W,YPR104C,0,-5.7042875,0.07257655262947083,0.42899999022483826,0.5482000112533569
YBR040W,YJR019C,0,-5.7046003,0.0725642740726471,0.42899999022483826,0.54830002784729
YPL237W,YDR129C,0,-5.7046933,0.07255200296640396,0.42899999022483826,0.5483999848365784
YHR143W-A,YDR011W,0,-5.7051926,0.07253973931074142,0.42899999022483826,0.5485000014305115
YOR322C,YDR141C,0,-5.705289,0.07252747565507889,0.42899999022483826,0.5486000180244446
YPR187W,YER003C,0,-5.70588,0.07251521199941635,0.42899999022483826,0.5486999750137329
YAL054C,YJL115W,1,-5.7058887,0.07267196476459503,0.4300000071525574,0.5486999750137329
YMR292W,YPL181W,0,-5.706022,0.0726596787571907,0.4300000071525574,0.548799991607666
YPL237W,YOR033C,0,-5.7061152,0.07264740765094757,0.4300000071525574,0.5489000082015991
YPR134W,YLR233C,0,-5.7061434,0.07263513654470444,0.4300000071525574,0.5490000247955322
YNL230C,YMR058W,0,-5.706298,0.0726228654384613,0.4300000071525574,0.5490999817848206
YJR093C,YML098W,0,-5.7067537,0.07261060178279877,0.4300000071525574,0.5491999983787537
YKL016C,YJL030W,0,-5.706757,0.07259834557771683,0.4300000071525574,0.5493000149726868
YDR407C,YOL094C,0,-5.7071247,0.07258608937263489,0.4300000071525574,0.5493999719619751
YLR106C,YJR064W,0,-5.707326,0.07257384061813354,0.4300000071525574,0.5494999885559082
YPL078C,YHR175W,0,-5.708132,0.0725615918636322,0.4300000071525574,0.5496000051498413
YLR435W,YAR002C-A,0,-5.7083125,0.07254935055971146,0.4300000071525574,0.5497000217437744
YDR516C,YGR238C,0,-5.708333,0.07253710925579071,0.4300000071525574,0.5497999787330627
YEL029C,YHR102W,0,-5.7085156,0.07252487540245056,0.4300000071525574,0.5498999953269958
YDL006W,YHR089C,0,-5.708925,0.07251264899969101,0.4300000071525574,0.550000011920929
YER122C,YBR021W,0,-5.7092714,0.07250042259693146,0.4300000071525574,0.5501000285148621
YGR074W,YPL130W,0,-5.709484,0.0724881961941719,0.4300000071525574,0.5501999855041504
YDR469W,YDR214W,0,-5.709778,0.07247598469257355,0.4300000071525574,0.5503000020980835
YLR044C,YKL062W,0,-5.7099013,0.07246376574039459,0.4300000071525574,0.5504000186920166
YMR091C,YDR323C,0,-5.7099843,0.07245156168937683,0.4300000071525574,0.5504999756813049
YGR252W,YEL066W,1,-5.710014,0.07260781526565552,0.4309999942779541,0.5504999756813049
YAL010C,YHR115C,0,-5.7101154,0.07259558886289597,0.4309999942779541,0.550599992275238
YGR113W,YML021C,0,-5.7101746,0.07258336246013641,0.4309999942779541,0.5507000088691711
YLL022C,YLR195C,1,-5.7104435,0.07273951917886734,0.4320000112056732,0.5507000088691711
YLR095C,YJL133W,0,-5.710473,0.072727270424366,0.4320000112056732,0.5508000254631042
YJL020C,YDR046C,0,-5.7107344,0.07271502912044525,0.4320000112056732,0.5508999824523926
YLL002W,YLL022C,1,-5.710898,0.07287108898162842,0.43299999833106995,0.5508999824523926
YER015W,YPR131C,1,-5.7109184,0.07302708923816681,0.4339999854564667,0.5508999824523926
YNR034W,YEL030W,0,-5.711053,0.07301480323076248,0.4339999854564667,0.5509999990463257
YKL176C,YER114C,0,-5.7113786,0.07300252467393875,0.4339999854564667,0.5511000156402588
YDL040C,YPR131C,1,-5.7116337,0.07315842807292938,0.4350000023841858,0.5511000156402588
YGL180W,YLR165C,0,-5.71196,0.07314612716436386,0.4350000023841858,0.5511999726295471
YNL267W,YPL020C,0,-5.711964,0.07313382625579834,0.4350000023841858,0.5512999892234802
YER024W,YML113W,0,-5.712026,0.07312153279781342,0.4350000023841858,0.5514000058174133
YHR089C,YPL082C,0,-5.712038,0.07310924679040909,0.4350000023841858,0.5515000224113464
YPL057C,YFR031C,0,-5.7121496,0.07309696078300476,0.4350000023841858,0.5515999794006348
YBL034C,YCL024W,0,-5.712432,0.07308467477560043,0.4350000023841858,0.5516999959945679
YNR010W,YCL059C,0,-5.712446,0.0730724036693573,0.4350000023841858,0.551800012588501
YBL022C,YEL002C,0,-5.7129345,0.07306012511253357,0.4350000023841858,0.5519000291824341
YPL228W,YOR001W,0,-5.713321,0.07304786145687103,0.4350000023841858,0.5519999861717224
YJL196C,YDR179C,0,-5.7134213,0.0730355978012085,0.4350000023841858,0.5521000027656555
YOL059W,YPL089C,0,-5.7135115,0.07302333414554596,0.4350000023841858,0.5522000193595886
YLR205C,YDR436W,0,-5.713559,0.07301107794046402,0.4350000023841858,0.552299976348877
YNL041C,YMR296C,0,-5.713682,0.07299882173538208,0.4350000023841858,0.5523999929428101
YBR050C,YDL098C,0,-5.714314,0.07298658043146133,0.4350000023841858,0.5525000095367432
YJL003W,YNL059C,0,-5.714489,0.07297433167695999,0.4350000023841858,0.5526000261306763
YPL086C,YMR238W,0,-5.7147684,0.07296209037303925,0.4350000023841858,0.5526999831199646
YOL076W,YJR082C,1,-5.714926,0.07311756163835526,0.4359999895095825,0.5526999831199646
YHR020W,YGR285C,0,-5.714993,0.07310529798269272,0.4359999895095825,0.5527999997138977
YMR175W,YLR380W,0,-5.7151556,0.07309304177761078,0.4359999895095825,0.5529000163078308
YMR039C,YDL175C,0,-5.7154055,0.07308079302310944,0.4359999895095825,0.5529999732971191
YJL062W,YGR258C,0,-5.7156057,0.0730685442686081,0.4359999895095825,0.5530999898910522
YCL032W,YER107C,0,-5.7156477,0.07305630296468735,0.4359999895095825,0.5532000064849854
YPR134W,YDR346C,0,-5.715899,0.0730440616607666,0.4359999895095825,0.5533000230789185
YPR144C,YOR329C,0,-5.7160187,0.07303182780742645,0.4359999895095825,0.5533999800682068
YMR015C,YMR012W,0,-5.7160854,0.0730195939540863,0.4359999895095825,0.5534999966621399
YLR430W,YCR033W,0,-5.716303,0.07300736755132675,0.4359999895095825,0.553600013256073
YOR159C,YGR249W,0,-5.7163877,0.0729951411485672,0.4359999895095825,0.5536999702453613
YDR259C,YPR102C,0,-5.716476,0.07298292964696884,0.4359999895095825,0.5537999868392944
YPL255W,YER173W,0,-5.716608,0.07297071069478989,0.4359999895095825,0.5539000034332275
YPR031W,YDR145W,1,-5.71677,0.07312583923339844,0.43700000643730164,0.5539000034332275
YML059C,YPL115C,0,-5.716798,0.07311360538005829,0.43700000643730164,0.5540000200271606
YDR369C,YBR130C,0,-5.7168326,0.07310137152671814,0.43700000643730164,0.554099977016449
YDR143C,YLR081W,0,-5.7168674,0.07308914512395859,0.43700000643730164,0.5541999936103821
YKL190W,YGL153W,0,-5.717042,0.07307692617177963,0.43700000643730164,0.5543000102043152
YMR044W,YDR289C,0,-5.717061,0.07306470721960068,0.43700000643730164,0.5544000267982483
YBL008W,YNL281W,0,-5.7171745,0.07305248826742172,0.43700000643730164,0.5544999837875366
YML027W,YDR363W,0,-5.717973,0.07304028421640396,0.43700000643730164,0.5546000003814697
YDR311W,YIR017C,0,-5.718059,0.0730280727148056,0.43700000643730164,0.5547000169754028
YCR057C,YOR326W,0,-5.718315,0.07301587611436844,0.43700000643730164,0.5547999739646912
YDR270W,YOR373W,0,-5.7183433,0.07300367206335068,0.43700000643730164,0.5548999905586243
YKL149C,YDR363W-A,0,-5.718519,0.07299148291349411,0.43700000643730164,0.5550000071525574
YGL070C,YML032C,0,-5.7193203,0.07297929376363754,0.43700000643730164,0.5551000237464905
YIL072W,YOL010W,0,-5.719384,0.07296710461378098,0.43700000643730164,0.5551999807357788
YFL039C,YMR246W,1,-5.719387,0.07312186807394028,0.43799999356269836,0.5551999807357788
YOR123C,YGR091W,0,-5.7201233,0.07310966402292252,0.43799999356269836,0.5552999973297119
YAL005C,YIL068C,0,-5.7202826,0.07309745997190475,0.43799999356269836,0.555400013923645
YPL271W,YOL082W,0,-5.7203145,0.07308526337146759,0.43799999356269836,0.5554999709129333
YCL017C,YOR137C,0,-5.7204485,0.07307307422161102,0.43799999356269836,0.5555999875068665
YOR004W,YDL102W,0,-5.7212076,0.07306088507175446,0.43799999356269836,0.5557000041007996
YKL195W,YIR019C,0,-5.721254,0.07304869592189789,0.43799999356269836,0.5558000206947327
YDL231C,YGR077C,0,-5.721491,0.07303652167320251,0.43799999356269836,0.555899977684021
YPL087W,YOR038C,0,-5.7220507,0.07302433997392654,0.43799999356269836,0.5559999942779541
YOR249C,YPR104C,0,-5.7221575,0.07301216572523117,0.43799999356269836,0.5561000108718872
YLR022C,YBR167C,0,-5.7224984,0.0729999989271164,0.43799999356269836,0.5562000274658203
YER038C,YBR023C,0,-5.7227855,0.07298783212900162,0.43799999356269836,0.5562999844551086
YJL115W,YOR023C,1,-5.7228026,0.07314228266477585,0.4390000104904175,0.5562999844551086
YER147C,YKL191W,0,-5.722967,0.07313010096549988,0.4390000104904175,0.5564000010490417
YPL036W,YPR181C,0,-5.7235384,0.07311791926622391,0.4390000104904175,0.5565000176429749
YDL039C,YDR460W,0,-5.7241125,0.07310574501752853,0.4390000104904175,0.5565999746322632
YBR288C,YJR105W,0,-5.7243404,0.07309357076883316,0.4390000104904175,0.5566999912261963
YGR175C,YML075C,0,-5.724387,0.07308140397071838,0.4390000104904175,0.5568000078201294
YNL259C,YLR309C,0,-5.72458,0.0730692446231842,0.4390000104904175,0.5569000244140625
YEL053C,YOR064C,1,-5.7246304,0.07322350144386292,0.4399999976158142,0.5569000244140625
YJL071W,YGR278W,0,-5.724801,0.07321131229400635,0.4399999976158142,0.5569999814033508
YHR013C,YEL056W,1,-5.7250395,0.07336549460887909,0.4410000145435333,0.5569999814033508
YKL110C,YKR053C,0,-5.725848,0.07335329055786133,0.4410000145435333,0.5570999979972839
YPR193C,YLL002W,1,-5.7258644,0.0735073983669281,0.44200000166893005,0.5570999979972839
YAL029C,YLR134W,0,-5.7259784,0.07349517941474915,0.44200000166893005,0.557200014591217
YMR013C,YJL154C,0,-5.726014,0.07348296046257019,0.44200000166893005,0.5572999715805054
YHR099W,YBR081C,1,-5.7265997,0.0736369714140892,0.4429999887943268,0.5572999715805054
YNL064C,YGR241C,0,-5.7267175,0.07362473011016846,0.4429999887943268,0.5573999881744385
YKR009C,YMR004W,0,-5.726749,0.07361249625682831,0.4429999887943268,0.5575000047683716
YPR131C,YGL112C,1,-5.726826,0.07376640290021896,0.4440000057220459,0.5575000047683716
YOR253W,YGR002C,1,-5.7272186,0.07392026484012604,0.4449999928474426,0.5575000047683716
YDR075W,YDL108W,0,-5.727503,0.07390798628330231,0.4449999928474426,0.5576000213623047
YGR147C,YFL039C,1,-5.727844,0.07406177371740341,0.44600000977516174,0.5576000213623047
YLR430W,YER016W,0,-5.728118,0.07404948025941849,0.44600000977516174,0.557699978351593
YPL179W,YNL042W,0,-5.7285604,0.07403718680143356,0.44600000977516174,0.5577999949455261
YLR069C,YDR016C,0,-5.7294526,0.07402489334344864,0.44600000977516174,0.5579000115394592
YJL072C,YGR211W,0,-5.7295985,0.07401261478662491,0.44600000977516174,0.5580000281333923
YPR051W,YPR131C,1,-5.7297063,0.07416625320911407,0.44699999690055847,0.5580000281333923
YPL169C,YGL155W,0,-5.729759,0.07415394484996796,0.44699999690055847,0.5580999851226807
YNL199C,YLR102C,0,-5.729795,0.07414165139198303,0.44699999690055847,0.5582000017166138
YMR129W,YNL099C,0,-5.730172,0.07412935048341751,0.44699999690055847,0.5583000183105469
YNL103W,YJR156C,0,-5.730194,0.07411706447601318,0.44699999690055847,0.5583999752998352
YOL034W,YDR162C,0,-5.730338,0.07410477101802826,0.44699999690055847,0.5584999918937683
YOL060C,YOR157C,0,-5.730728,0.07409249246120453,0.44699999690055847,0.5586000084877014
YEL051W,YNR039C,0,-5.7307854,0.0740802139043808,0.44699999690055847,0.5587000250816345
YOR188W,YJR064W,0,-5.730802,0.07406793534755707,0.44699999690055847,0.5587999820709229
YBR002C,YER169W,0,-5.7308354,0.07405566424131393,0.44699999690055847,0.558899998664856
YCL034W,YPR189W,0,-5.7308903,0.0740434005856514,0.44699999690055847,0.5590000152587891
YDL029W,YJL222W,0,-5.731196,0.07403113692998886,0.44699999690055847,0.5590999722480774
YPR193C,YOR023C,1,-5.7312374,0.07418446987867355,0.4480000138282776,0.5590999722480774
YFR003C,YFR031C,0,-5.731345,0.07417218387126923,0.4480000138282776,0.5591999888420105
YPL122C,YIL084C,0,-5.7319555,0.0741599053144455,0.4480000138282776,0.5593000054359436
YML127W,YPL255W,0,-5.7322173,0.07414763420820236,0.4480000138282776,0.5594000220298767
YDR293C,YOR216C,0,-5.732449,0.07413536310195923,0.4480000138282776,0.559499979019165
YFL013C,YHR200W,0,-5.7325306,0.07412309944629669,0.4480000138282776,0.5595999956130981
YOR301W,YKR024C,0,-5.733061,0.07411083579063416,0.4480000138282776,0.5597000122070312
YDR448W,YPR131C,1,-5.7331324,0.07426397502422333,0.4490000009536743,0.5597000122070312
YJR066W,YLR069C,0,-5.733205,0.0742516964673996,0.4490000009536743,0.5598000288009644
YMR275C,YDR113C,0,-5.7335443,0.07423941791057587,0.4490000009536743,0.5598999857902527
YPR031W,YGL066W,1,-5.7336054,0.07439246028661728,0.44999998807907104,0.5598999857902527
YFL034C-B,YCL059C,0,-5.7336435,0.07438016682863235,0.44999998807907104,0.5600000023841858
YJL116C,YLR023C,0,-5.733718,0.07436787337064743,0.44999998807907104,0.5601000189781189
YGR075C,YOL033W,0,-5.7337265,0.0743555873632431,0.44999998807907104,0.5601999759674072
YJL115W,YDR392W,1,-5.7339263,0.07450851052999496,0.45100000500679016,0.5601999759674072
YBL079W,YDL140C,0,-5.734723,0.07449620217084885,0.45100000500679016,0.5602999925613403
YPL069C,YKL196C,0,-5.735,0.07448390126228333,0.45100000500679016,0.5604000091552734
YIL037C,YER032W,0,-5.7351437,0.0744716003537178,0.45100000500679016,0.5605000257492065
YGR075C,YAL047C,0,-5.735215,0.07445930689573288,0.45100000500679016,0.5605999827384949
YBR186W,YLR155C,0,-5.7353983,0.07444701343774796,0.45100000500679016,0.560699999332428
YDL043C,YFR004W,0,-5.735401,0.07443472743034363,0.45100000500679016,0.5608000159263611
YLR332W,YLR145W,0,-5.7354097,0.0744224414229393,0.45100000500679016,0.5608999729156494
YCR092C,YDR192C,0,-5.7355037,0.07441016286611557,0.45100000500679016,0.5609999895095825
YGR075C,YKL141W,0,-5.735518,0.07439789175987244,0.45100000500679016,0.5611000061035156
YLR425W,YCR020W-B,0,-5.7356534,0.0743856206536293,0.45100000500679016,0.5612000226974487
YJR153W,YMR065W,0,-5.735704,0.07437334954738617,0.45100000500679016,0.5612999796867371
YBR289W,YJL148W,0,-5.736082,0.07436108589172363,0.45100000500679016,0.5613999962806702
YPR082C,YDR419W,0,-5.7361617,0.0743488296866417,0.45100000500679016,0.5615000128746033
YGR227W,YNL317W,0,-5.7364297,0.07433657348155975,0.45100000500679016,0.5616000294685364
YKL086W,YOL144W,0,-5.7368193,0.07432432472705841,0.45100000500679016,0.5616999864578247
YFR047C,YJR042W,0,-5.7370996,0.07431207597255707,0.45100000500679016,0.5618000030517578
YKL149C,YMR023C,0,-5.7372336,0.07429983466863632,0.45100000500679016,0.5619000196456909
YDR302W,YAL009W,0,-5.737253,0.07428759336471558,0.45100000500679016,0.5619999766349792
YMR091C,YMR267W,0,-5.737266,0.07427535951137543,0.45100000500679016,0.5620999932289124
YDL084W,YJL102W,0,-5.737496,0.07426313310861588,0.45100000500679016,0.5622000098228455
YLL022C,YDR145W,1,-5.7376246,0.07441554218530655,0.4519999921321869,0.5622000098228455
YGR075C,YOR216C,0,-5.7376695,0.0744032934308052,0.4519999921321869,0.5623000264167786
YPL255W,YJL104W,0,-5.7379446,0.07439104467630386,0.4519999921321869,0.5623999834060669
YGL130W,YNL230C,0,-5.7379923,0.07437880337238312,0.4519999921321869,0.5625
YLR260W,YML042W,0,-5.738002,0.07436656951904297,0.4519999921321869,0.5626000165939331
YMR277W,YGR029W,0,-5.7385015,0.07435433566570282,0.4519999921321869,0.5626999735832214
YDR244W,YOL144W,0,-5.738908,0.07434210181236267,0.4519999921321869,0.5627999901771545
YML092C,YGL195W,0,-5.739599,0.07432988286018372,0.4519999921321869,0.5629000067710876
YFL024C,YHR090C,1,-5.739837,0.07448207587003708,0.453000009059906,0.5629000067710876
YDL078C,YIL017C,0,-5.739861,0.07446983456611633,0.453000009059906,0.5630000233650208
YGL155W,YNL131W,0,-5.739897,0.07445759326219559,0.453000009059906,0.5630999803543091
YER008C,YMR322C,0,-5.74014,0.07444535940885544,0.453000009059906,0.5631999969482422
YIL118W,YLL042C,0,-5.740293,0.07443312555551529,0.453000009059906,0.5633000135421753
YMR044W,YOL091W,0,-5.7403407,0.07442089915275574,0.453000009059906,0.5633999705314636
YGR147C,YGR252W,1,-5.7405787,0.07457292824983597,0.45399999618530273,0.5633999705314636
YLR014C,YBR289W,0,-5.741328,0.07456067949533463,0.45399999618530273,0.5634999871253967
YNL242W,YGR003W,0,-5.741498,0.07454843819141388,0.45399999618530273,0.5636000037193298
YPL213W,YOR377W,0,-5.7415156,0.07453620433807373,0.45399999618530273,0.5637000203132629
YLR117C,YPR074C,0,-5.741642,0.07452396303415298,0.45399999618530273,0.5637999773025513
YLR215C,YNL113W,0,-5.741685,0.07451173663139343,0.45399999618530273,0.5638999938964844
YAL054C,YOR034C,1,-5.7418175,0.07466360181570053,0.45500001311302185,0.5638999938964844
YOR142W,YPL059W,0,-5.7424626,0.07465135306119919,0.45500001311302185,0.5640000104904175
YPR193C,YDR264C,1,-5.7424965,0.07480315119028091,0.4560000002384186,0.5640000104904175
YJL059W,YLL013C,0,-5.742611,0.07479088008403778,0.4560000002384186,0.5641000270843506
YGL043W,YBR042C,0,-5.7429523,0.07477861642837524,0.4560000002384186,0.5641999840736389
YDL105W,YOL069W,0,-5.74342,0.07476635277271271,0.4560000002384186,0.564300000667572
YJL102W,YGR123C,0,-5.7436166,0.07475409656763077,0.4560000002384186,0.5644000172615051
YOL033W,YIL033C,0,-5.7436504,0.07474184781312943,0.4560000002384186,0.5644999742507935
YML025C,YOR275C,0,-5.743665,0.07472959905862808,0.4560000002384186,0.5645999908447266
YJR078W,YLR448W,0,-5.7436905,0.07471735030412674,0.4560000002384186,0.5647000074386597
YBR152W,YLR360W,0,-5.743697,0.074705109000206,0.4560000002384186,0.5648000240325928
YDL142C,YDR464W,0,-5.743717,0.07469287514686584,0.4560000002384186,0.5648999810218811
YNL326C,YEL053C,1,-5.7439046,0.07484441250562668,0.4569999873638153,0.5648999810218811
YPL087W,YLR214W,0,-5.74393,0.07483215630054474,0.4569999873638153,0.5649999976158142
YOR115C,YBR089C-A,0,-5.744593,0.0748199075460434,0.4569999873638153,0.5651000142097473
YPL188W,YJL201W,0,-5.7446537,0.07480765879154205,0.4569999873638153,0.5651999711990356
YNR044W,YOR226C,0,-5.744686,0.07479541748762131,0.4569999873638153,0.5652999877929688
YKL144C,YIL075C,0,-5.7448416,0.07478317618370056,0.4569999873638153,0.5654000043869019
YDL080C,YML062C,0,-5.7448635,0.07477094233036041,0.4569999873638153,0.565500020980835
YPL087W,YEL013W,0,-5.7454867,0.07475870847702026,0.4569999873638153,0.5655999779701233
YLL013C,YMR035W,0,-5.7457247,0.07474648207426071,0.4569999873638153,0.5656999945640564
YBR154C,YKR008W,0,-5.745762,0.07473426312208176,0.4569999873638153,0.5658000111579895
YLR340W,YHR011W,0,-5.7458553,0.0747220441699028,0.4569999873638153,0.5659000277519226
YMR135C,YBR215W,0,-5.745916,0.07470982521772385,0.4569999873638153,0.5659999847412109
YGL020C,YLR409C,0,-5.7459497,0.07469761371612549,0.4569999873638153,0.566100001335144
YBR043C,YGL153W,0,-5.746294,0.07468540966510773,0.4569999873638153,0.5662000179290771
YHR090C,YPL001W,1,-5.74642,0.0748366042971611,0.4580000042915344,0.5662000179290771
YDL046W,YPL188W,0,-5.746725,0.07482437789440155,0.4580000042915344,0.5662999749183655
YGL106W,YGL027C,0,-5.747098,0.074812151491642,0.4580000042915344,0.5663999915122986
YDL078C,YFR037C,0,-5.7473416,0.07479993253946304,0.4580000042915344,0.5665000081062317
YOR046C,YJL128C,0,-5.747358,0.07478772103786469,0.4580000042915344,0.5666000247001648
YJL072C,YHR043C,0,-5.7474174,0.07477550953626633,0.4580000042915344,0.5666999816894531
YJL047C,YBR217W,0,-5.7475452,0.07476330548524857,0.4580000042915344,0.5667999982833862
YJL196C,YDR308C,0,-5.7478123,0.0747511014342308,0.4580000042915344,0.5669000148773193
YCL029C,YPL258C,0,-5.747953,0.07473890483379364,0.4580000042915344,0.5669999718666077
YJR093C,YOR156C,0,-5.7480116,0.07472670823335648,0.4580000042915344,0.5670999884605408
YML076C,YOR313C,0,-5.7481556,0.07471451908349991,0.4580000042915344,0.5672000050544739
YGR218W,YIL150C,0,-5.7487173,0.07470232993364334,0.4580000042915344,0.567300021648407
YMR006C,YLR275W,0,-5.7489862,0.07469014823436737,0.4580000042915344,0.5673999786376953
YMR058W,YPR139C,0,-5.7498865,0.074677973985672,0.4580000042915344,0.5674999952316284
YPL149W,YPR141C,0,-5.7505007,0.07466579973697662,0.4580000042915344,0.5676000118255615
YOL113W,YBR086C,0,-5.7505374,0.07465362548828125,0.4580000042915344,0.5677000284194946
YLR032W,YDL069C,0,-5.7506466,0.07464145869016647,0.4580000042915344,0.567799985408783
YJL074C,YIL014W,0,-5.7508307,0.0746292993426323,0.4580000042915344,0.5679000020027161
YML102W,YGR013W,0,-5.7508926,0.07461713999509811,0.4580000042915344,0.5680000185966492
YDL040C,YFL024C,1,-5.750968,0.07476788014173508,0.45899999141693115,0.5680000185966492
YOL094C,YIL138C,0,-5.751043,0.0747556984424591,0.45899999141693115,0.5680999755859375
YIL033C,YIL112W,0,-5.751104,0.07474352419376373,0.45899999141693115,0.5681999921798706
YKL012W,YGR179C,0,-5.7511773,0.07473135739564896,0.45899999141693115,0.5683000087738037
YIL034C,YOR193W,0,-5.7514935,0.07471919059753418,0.45899999141693115,0.5684000253677368
YPR031W,YPR023C,1,-5.75159,0.0748697891831398,0.46000000834465027,0.5684000253677368
YDR479C,YKL058W,0,-5.751682,0.07485760748386383,0.46000000834465027,0.5684999823570251
YDR218C,YOL078W,0,-5.7518787,0.07484542578458786,0.46000000834465027,0.5685999989509583
YMR208W,YAR019C,0,-5.7521186,0.07483325153589249,0.46000000834465027,0.5687000155448914
YEL050C,YLR025W,0,-5.75225,0.07482107728719711,0.46000000834465027,0.5687999725341797
YMR218C,YLR182W,0,-5.7523437,0.07480891048908234,0.46000000834465027,0.5688999891281128
YDR264C,YBR081C,1,-5.7524385,0.07495935261249542,0.460999995470047,0.5688999891281128
YDR224C,YER022W,0,-5.7526474,0.07494716346263885,0.460999995470047,0.5690000057220459
YNL326C,YFL024C,1,-5.7528067,0.07509753108024597,0.4620000123977661,0.5690000057220459
YIL037C,YOR147W,0,-5.7530417,0.07508532702922821,0.4620000123977661,0.569100022315979
YDL043C,YPR144C,0,-5.7532187,0.07507312297821045,0.4620000123977661,0.5691999793052673
YEL054C,YGR108W,0,-5.753454,0.07506092637777328,0.4620000123977661,0.5692999958992004
YKR085C,YNL059C,0,-5.7535486,0.07504872977733612,0.4620000123977661,0.5694000124931335
YDR093W,YDL044C,0,-5.7535977,0.07503654062747955,0.4620000123977661,0.5695000290870667
YML077W,YFR003C,0,-5.753639,0.07502435892820358,0.4620000123977661,0.569599986076355
YCL044C,YDL138W,0,-5.7543507,0.07501217722892761,0.4620000123977661,0.5697000026702881
YLR032W,YPR186C,0,-5.754534,0.07500000298023224,0.4620000123977661,0.5698000192642212
YKL089W,YCR033W,0,-5.7548466,0.07498782873153687,0.4620000123977661,0.5698999762535095
YGL167C,YBL079W,0,-5.7549744,0.07497565448284149,0.4620000123977661,0.5699999928474426
YBR083W,YFR034C,0,-5.7550097,0.07496349513530731,0.4620000123977661,0.5701000094413757
YPR083W,YLR069C,0,-5.7552576,0.07495132833719254,0.4620000123977661,0.5702000260353088
YGR231C,YOR038C,0,-5.7552934,0.07493917644023895,0.4620000123977661,0.5702999830245972
YOL133W,YBR127C,0,-5.7554507,0.07492701709270477,0.4620000123977661,0.5703999996185303
YHR001W,YGR005C,0,-5.7557354,0.07491487264633179,0.4620000123977661,0.5705000162124634
YHR060W,YMR227C,0,-5.7557497,0.0749027207493782,0.4620000123977661,0.5705999732017517
YLR032W,YJL080C,0,-5.7557993,0.07489058375358582,0.4620000123977661,0.5706999897956848
YDR143C,YBR077C,0,-5.7560163,0.07487844675779343,0.4620000123977661,0.5708000063896179
YDR388W,YDL217C,0,-5.7561674,0.07486630976200104,0.4620000123977661,0.570900022983551
YOL012C,YJL008C,0,-5.7564,0.07485418021678925,0.4620000123977661,0.5709999799728394
YOL138C,YPL196W,0,-5.7565684,0.07484205067157745,0.4620000123977661,0.5710999965667725
YHR052W,YBR088C,0,-5.7566714,0.07482992857694626,0.4620000123977661,0.5712000131607056
YOR226C,YAL002W,0,-5.7566824,0.07481781393289566,0.4620000123977661,0.5713000297546387
YLR431C,YMR065W,0,-5.756803,0.07480569928884506,0.4620000123977661,0.571399986743927
YOL148C,YJR082C,1,-5.7569723,0.07495547831058502,0.46299999952316284,0.571399986743927
YML012W,YMR229C,0,-5.757064,0.07494334876537323,0.46299999952316284,0.5715000033378601
YOL076W,YCL010C,1,-5.757141,0.07509306073188782,0.46399998664855957,0.5715000033378601
YDR021W,YAL002W,0,-5.757207,0.07508090883493423,0.46399998664855957,0.5716000199317932
YMR208W,YHR167W,0,-5.7572217,0.07506875693798065,0.46399998664855957,0.5716999769210815
YML008C,YGR081C,0,-5.7573185,0.07505661249160767,0.46399998664855957,0.5717999935150146
YOL146W,YHL022C,0,-5.757379,0.07504447549581528,0.46399998664855957,0.5719000101089478
YBL052C,YDR392W,1,-5.7574368,0.07519404590129852,0.4650000035762787,0.5719000101089478
YIR022W,YOR211C,0,-5.757454,0.07518189400434494,0.4650000035762787,0.5720000267028809
YPR023C,YGR252W,1,-5.757458,0.07533138990402222,0.4659999907016754,0.5720000267028809
YAL016W,YNL016W,0,-5.7576942,0.07531921565532684,0.4659999907016754,0.5720999836921692
YDR040C,YLL011W,0,-5.757935,0.07530704885721207,0.4659999907016754,0.5722000002861023
YGL048C,YCR075C,0,-5.757968,0.0752948746085167,0.4659999907016754,0.5723000168800354
YGR133W,YGL180W,0,-5.7581377,0.07528271526098251,0.4659999907016754,0.5723999738693237
YDR182W,YOR157C,0,-5.758293,0.07527055591344833,0.4659999907016754,0.5724999904632568
YGL045W,YBR267W,0,-5.7587986,0.07525839656591415,0.4659999907016754,0.5726000070571899
YLR427W,YGL233W,0,-5.7588677,0.07524624466896057,0.4659999907016754,0.572700023651123
YGL236C,YFL031W,0,-5.7591043,0.07523410022258759,0.4659999907016754,0.5727999806404114
YIR008C,YHL003C,0,-5.759165,0.0752219557762146,0.4659999907016754,0.5728999972343445
YDL208W,YPL083C,0,-5.7593637,0.07520981132984161,0.4659999907016754,0.5730000138282776
YCR083W,YDL188C,0,-5.759371,0.07519767433404922,0.4659999907016754,0.5730999708175659
YOL089C,YAL002W,0,-5.7595425,0.07518554478883743,0.4659999907016754,0.573199987411499
YPR010C,YAR002W,0,-5.7598157,0.07517341524362564,0.4659999907016754,0.5733000040054321
YLR372W,YLR043C,0,-5.7600274,0.07516129314899445,0.4659999907016754,0.5734000205993652
YER166W,YMR272C,0,-5.760147,0.07514917105436325,0.4659999907016754,0.5734999775886536
YPL051W,YEL051W,0,-5.760157,0.07513704895973206,0.4659999907016754,0.5735999941825867
YIL105C,YKL175W,0,-5.760195,0.07512494176626205,0.4659999907016754,0.5737000107765198
YPR016C,YPL110C,0,-5.760424,0.07511282712221146,0.4659999907016754,0.5738000273704529
YDL232W,YDL006W,0,-5.760833,0.07510072737932205,0.4659999907016754,0.5738999843597412
YGR218W,YOR351C,0,-5.7609262,0.07508862763643265,0.4659999907016754,0.5740000009536743
YER088C,YJR108W,0,-5.761204,0.07507652789354324,0.4659999907016754,0.5741000175476074
YPR041W,YAL043C,0,-5.7614512,0.07506443560123444,0.4659999907016754,0.5741999745368958
YBR247C,YJL003W,0,-5.761559,0.07505234330892563,0.4659999907016754,0.5742999911308289
YDL102W,YPR005C,0,-5.761689,0.07504025846719742,0.4659999907016754,0.574400007724762
YOR249C,YKL146W,0,-5.7619166,0.07502817362546921,0.4659999907016754,0.5745000243186951
YJL115W,YOR064C,1,-5.7621117,0.07517707347869873,0.46700000762939453,0.5745000243186951
YMR275C,YJL013C,0,-5.7621317,0.07516497373580933,0.46700000762939453,0.5745999813079834
YAL016W,YNR031C,0,-5.7621393,0.07515288144350052,0.46700000762939453,0.5746999979019165
YOR144C,YER017C,0,-5.762341,0.07514078915119171,0.46700000762939453,0.5748000144958496
YHR160C,YGR086C,0,-5.762644,0.0751286968588829,0.46700000762939453,0.5748999714851379
YGL200C,YKR034W,0,-5.762746,0.0751166120171547,0.46700000762939453,0.574999988079071
YDR318W,YIL144W,0,-5.762915,0.07510453462600708,0.46700000762939453,0.5751000046730042
YKR099W,YBL040C,0,-5.7630997,0.07509245723485947,0.46700000762939453,0.5752000212669373
YKL135C,YGL061C,0,-5.763291,0.07508038729429245,0.46700000762939453,0.5752999782562256
YOR193W,YGR029W,0,-5.7634077,0.07506831735372543,0.46700000762939453,0.5753999948501587
YDL081C,YPR139C,0,-5.763571,0.07505625486373901,0.46700000762939453,0.5755000114440918
YJL208C,YAR035W,0,-5.7639427,0.0750441923737526,0.46700000762939453,0.5756000280380249
YCR048W,YNL008C,0,-5.763976,0.07503213733434677,0.46700000762939453,0.5756999850273132
YBL058W,YOR001W,0,-5.7641506,0.07502008229494095,0.46700000762939453,0.5758000016212463
YBL006C,YKR046C,0,-5.7644053,0.07500802725553513,0.46700000762939453,0.5759000182151794
YFL024C,YGL066W,1,-5.7647743,0.07515657693147659,0.46799999475479126,0.5759000182151794
YGL044C,YDR075W,0,-5.764855,0.07514450699090958,0.46799999475479126,0.5759999752044678
YMR047C,YPL239W,0,-5.7658405,0.07513244450092316,0.46799999475479126,0.5760999917984009
YBR021W,YNL007C,0,-5.766065,0.07512038201093674,0.46799999475479126,0.576200008392334
YBR142W,YBR201W,0,-5.766121,0.07510832697153091,0.46799999475479126,0.5763000249862671
YPR110C,YNL262W,0,-5.7664795,0.07509627938270569,0.46799999475479126,0.5763999819755554
YER068W,YDL044C,0,-5.766537,0.07508423179388046,0.46799999475479126,0.5764999985694885
YOR064C,YHR013C,1,-5.7673526,0.075232595205307,0.4690000116825104,0.5764999985694885
YMR208W,YFL031W,0,-5.768034,0.07522053271532059,0.4690000116825104,0.5766000151634216
YLR418C,YBR145W,0,-5.768182,0.07520847022533417,0.4690000116825104,0.57669997215271
YIL110W,YCR075C,0,-5.7685356,0.07519640773534775,0.4690000116825104,0.5767999887466431
YOR023C,YHR013C,1,-5.76861,0.07534465938806534,0.4699999988079071,0.5767999887466431
YMR142C,YBR068C,0,-5.768755,0.07533258199691772,0.4699999988079071,0.5769000053405762
YBR170C,YNL309W,0,-5.76919,0.07532051205635071,0.4699999988079071,0.5770000219345093
YDR448W,YOR064C,1,-5.7693763,0.07546867430210114,0.47099998593330383,0.5770000219345093
YNL274C,YJR093C,0,-5.7701864,0.07545658200979233,0.47099998593330383,0.5770999789237976
YEL056W,YGL112C,1,-5.7702,0.07560467720031738,0.47200000286102295,0.5770999789237976
YMR137C,YBR211C,0,-5.770238,0.07559257000684738,0.47200000286102295,0.5771999955177307
YEL053C,YDR145W,1,-5.7702484,0.07574059069156647,0.4729999899864197,0.5771999955177307
YGL097W,YGL119W,0,-5.77086,0.07572846859693527,0.4729999899864197,0.5773000121116638
YGL257C,YPL175W,0,-5.770938,0.07571634650230408,0.4729999899864197,0.5774000287055969
YMR268C,YNL147W,0,-5.7714405,0.07570422440767288,0.4729999899864197,0.5774999856948853
YER017C,YKL197C,0,-5.7714686,0.07569210976362228,0.4729999899864197,0.5776000022888184
YOR322C,YDR254W,0,-5.7715225,0.07568000257015228,0.4729999899864197,0.5777000188827515
YHR163W,YHR008C,0,-5.7715507,0.07566789537668228,0.4729999899864197,0.5777999758720398
YOR078W,YNL111C,0,-5.771704,0.07565578818321228,0.4729999899864197,0.5778999924659729
YDR516C,YHR194W,0,-5.7717285,0.07564368844032288,0.4729999899864197,0.578000009059906
YPL036W,YBL025W,0,-5.7718086,0.07563159614801407,0.4729999899864197,0.5781000256538391
YDR182W,YML041C,0,-5.771956,0.07561950385570526,0.4729999899864197,0.5781999826431274
YOL076W,YHR013C,1,-5.7723446,0.07576726377010345,0.4740000069141388,0.5781999826431274
YPL151C,YMR313C,0,-5.7724237,0.07575515657663345,0.4740000069141388,0.5782999992370605
YCL004W,YPL243W,0,-5.7724338,0.07574304938316345,0.4740000069141388,0.5784000158309937
YCR020C-A,YGL112C,1,-5.7724867,0.07589071989059448,0.4749999940395355,0.5784000158309937
YLR155C,YLR442C,0,-5.772545,0.07587859779596329,0.4749999940395355,0.578499972820282
YOL148C,YHR099W,1,-5.772872,0.07602619379758835,0.47600001096725464,0.578499972820282
YNL278W,YHR091C,0,-5.773231,0.07601404935121536,0.47600001096725464,0.5785999894142151
YER015W,YCL010C,1,-5.773279,0.07616158574819565,0.47699999809265137,0.5785999894142151
YPL255W,YIL103W,0,-5.773281,0.07614942640066147,0.47699999809265137,0.5787000060081482
YNR034W,YMR095C,0,-5.7740073,0.07613726705312729,0.47699999809265137,0.5788000226020813
YKR072C,YLR088W,0,-5.7740088,0.0761251226067543,0.47699999809265137,0.5788999795913696
YFL039C,YDR392W,1,-5.7740464,0.07627253979444504,0.4779999852180481,0.5788999795913696
YJL094C,YNR072W,0,-5.77424,0.07626037299633026,0.4779999852180481,0.5789999961853027
YOR180C,YBR029C,0,-5.7742662,0.07624820619821548,0.4779999852180481,0.5791000127792358
YGR083C,YJL047C,0,-5.7745523,0.0762360468506813,0.4779999852180481,0.579200029373169
YER042W,YER117W,0,-5.774574,0.07622388750314713,0.4779999852180481,0.5792999863624573
YBR210W,YBL025W,0,-5.7748995,0.07621173560619354,0.4779999852180481,0.5794000029563904
YBR260C,YMR145C,0,-5.77493,0.07619958370923996,0.4779999852180481,0.5795000195503235
YBR245C,YMR266W,0,-5.7750206,0.07618743926286697,0.4779999852180481,0.5795999765396118
YPR193C,YDR145W,1,-5.7751245,0.07633466273546219,0.4790000021457672,0.5795999765396118
YDL115C,YDL064W,0,-5.7751517,0.07632249593734741,0.4790000021457672,0.5796999931335449
YJR127C,YGL022W,0,-5.7752037,0.07631033658981323,0.4790000021457672,0.579800009727478
YDL084W,YLR431C,0,-5.775401,0.07629818469285965,0.4790000021457672,0.5799000263214111
YGL205W,YMR220W,0,-5.7758226,0.07628603279590607,0.4790000021457672,0.5799999833106995
YJL073W,YNL102W,0,-5.7758875,0.07627388834953308,0.4790000021457672,0.5800999999046326
YGL144C,YLR155C,0,-5.776067,0.0762617439031601,0.4790000021457672,0.5802000164985657
YCR048W,YOR174W,0,-5.7761784,0.07624959945678711,0.4790000021457672,0.580299973487854
YGR036C,YLR394W,0,-5.7763615,0.07623746246099472,0.4790000021457672,0.5803999900817871
YNL294C,YML061C,0,-5.7764807,0.07622533291578293,0.4790000021457672,0.5805000066757202
YDL097C,YJR033C,0,-5.7767406,0.07621320337057114,0.4790000021457672,0.5806000232696533
YGR133W,YFL021W,0,-5.7774734,0.07620108127593994,0.4790000021457672,0.5806999802589417
YGL136C,YGL124C,0,-5.7776814,0.07618895918130875,0.4790000021457672,0.5807999968528748
YBR231C,YOR117W,0,-5.777686,0.07617684453725815,0.4790000021457672,0.5809000134468079
YJL081C,YOR064C,1,-5.7777834,0.0763237401843071,0.47999998927116394,0.5809000134468079
YIL109C,YML112W,0,-5.7781363,0.07631160318851471,0.47999998927116394,0.5809999704360962
YDR335W,YBL005W,0,-5.7782106,0.07629947364330292,0.47999998927116394,0.5810999870300293
YDR113C,YDR317W,0,-5.7783985,0.07628735154867172,0.47999998927116394,0.5812000036239624
YKL190W,YMR266W,0,-5.7785983,0.07627522945404053,0.47999998927116394,0.5813000202178955
YOR109W,YNL007C,0,-5.7788796,0.07626310735940933,0.47999998927116394,0.5813999772071838
YNL021W,YNR039C,0,-5.779475,0.07625099271535873,0.47999998927116394,0.5814999938011169
YLL011W,YPR075C,0,-5.779578,0.07623888552188873,0.47999998927116394,0.58160001039505
YKR079C,YBR170C,0,-5.779668,0.07622677832841873,0.47999998927116394,0.5817000269889832
YEL053C,YOR253W,1,-5.779753,0.07637345045804977,0.48100000619888306,0.5817000269889832
YNL272C,YPR107C,0,-5.7797556,0.07636132836341858,0.48100000619888306,0.5817999839782715
YJL164C,YLR399C,0,-5.7798448,0.07634920626878738,0.48100000619888306,0.5819000005722046
YML104C,YMR068W,0,-5.7798557,0.07633709162473679,0.48100000619888306,0.5820000171661377
YBL079W,YDR212W,0,-5.7798853,0.07632497698068619,0.48100000619888306,0.582099974155426
YOR317W,YDR145W,1,-5.779891,0.07647152245044708,0.4819999933242798,0.582099974155426
YPL076W,YNL042W,0,-5.7799535,0.07645939290523529,0.4819999933242798,0.5821999907493591
YBR168W,YGR202C,0,-5.7799597,0.0764472633600235,0.4819999933242798,0.5823000073432922
YOL059W,YFR051C,0,-5.7800016,0.0764351412653923,0.4819999933242798,0.5824000239372253
YIL009C-A,YDR487C,0,-5.78002,0.07642301917076111,0.4819999933242798,0.5824999809265137
YKL045W,YJR033C,0,-5.780055,0.07641090452671051,0.4819999933242798,0.5825999975204468
YDR369C,YBL011W,0,-5.7802143,0.07639879733324051,0.4819999933242798,0.5827000141143799
YOR332W,YBR117C,0,-5.78056,0.07638669013977051,0.4819999933242798,0.5827999711036682
YOL017W,YNR044W,0,-5.7807293,0.0763745829463005,0.4819999933242798,0.5828999876976013
YPR051W,YOL110W,1,-5.7810926,0.07652091234922409,0.4830000102519989,0.5828999876976013
YOR386W,YDR263C,0,-5.7812467,0.0765087902545929,0.4830000102519989,0.5830000042915344
YOL117W,YLR052W,0,-5.781413,0.0764966756105423,0.4830000102519989,0.5831000208854675
YOL147C,YAL056W,0,-5.7817163,0.0764845609664917,0.4830000102519989,0.5831999778747559
YER126C,YPL016W,0,-5.7817354,0.0764724537730217,0.4830000102519989,0.583299994468689
YDL079C,YDR359C,0,-5.7818685,0.0764603465795517,0.4830000102519989,0.5834000110626221
YER026C,YOL097C,0,-5.782149,0.07644824683666229,0.4830000102519989,0.5835000276565552
YDR087C,YLL040C,0,-5.7821636,0.07643614709377289,0.4830000102519989,0.5835999846458435
YDR461W,YMR268C,0,-5.7821727,0.07642404735088348,0.4830000102519989,0.5837000012397766
YER073W,YMR322C,0,-5.7822466,0.07641196250915527,0.4830000102519989,0.5838000178337097
YOR048C,YBR135W,0,-5.782735,0.07639987021684647,0.4830000102519989,0.583899974822998
YLL002W,YJR082C,1,-5.78293,0.07654594630002975,0.48399999737739563,0.583899974822998
YDR422C,YOR266W,0,-5.783003,0.07653383910655975,0.48399999737739563,0.5839999914169312
YPL122C,YML071C,0,-5.783085,0.07652173936367035,0.48399999737739563,0.5841000080108643
YNL147W,YOR332W,0,-5.783125,0.07650963962078094,0.48399999737739563,0.5842000246047974
YPR073C,YBR017C,0,-5.783793,0.07649754732847214,0.48399999737739563,0.5842999815940857
YBR276C,YEL065W,0,-5.78386,0.07648546248674393,0.48399999737739563,0.5843999981880188
YGR181W,YNL232W,0,-5.784424,0.07647337764501572,0.48399999737739563,0.5845000147819519
YGL111W,YOR174W,0,-5.7849503,0.0764612928032875,0.48399999737739563,0.5845999717712402
YPL053C,YBL034C,0,-5.785607,0.07644921541213989,0.48399999737739563,0.5846999883651733
YOL113W,YDR228C,0,-5.785884,0.07643714547157288,0.48399999737739563,0.5848000049591064
YML123C,YPR081C,0,-5.786219,0.07642507553100586,0.48399999737739563,0.5849000215530396
YEL053C,YBL052C,1,-5.7864,0.07657089084386826,0.48500001430511475,0.5849000215530396
YAR019C,YJR102C,0,-5.786988,0.07655879855155945,0.48500001430511475,0.5849999785423279
YBR211C,YOR110W,0,-5.787048,0.07654671370983124,0.48500001430511475,0.585099995136261
YPR141C,YBR135W,0,-5.7879987,0.07653463631868362,0.48500001430511475,0.5852000117301941
YLR195C,YFL024C,1,-5.788055,0.07668033987283707,0.4860000014305115,0.5852000117301941
YNR035C,YBR020W,0,-5.7882223,0.07666824758052826,0.4860000014305115,0.5853000283241272
YGL233W,YMR212C,0,-5.788229,0.07665614783763885,0.4860000014305115,0.5853999853134155
YNR001C,YBL011W,0,-5.788481,0.07664406299591064,0.4860000014305115,0.5855000019073486
YNL294C,YBL078C,0,-5.7887144,0.07663197815418243,0.4860000014305115,0.5856000185012817
YIL017C,YOR267C,0,-5.7889204,0.07661989331245422,0.4860000014305115,0.5856999754905701
YJL063C,YJL108C,0,-5.788975,0.07660781592130661,0.4860000014305115,0.5857999920845032
YKR099W,YOL028C,0,-5.789343,0.0765957459807396,0.4860000014305115,0.5859000086784363
YPR131C,YEL066W,1,-5.7895308,0.07674125581979752,0.4869999885559082,0.5859000086784363
YOL076W,YJL081C,1,-5.7895803,0.07688672095537186,0.4880000054836273,0.5859000086784363
YDL145C,YOR191W,0,-5.789863,0.07687460631132126,0.4880000054836273,0.5860000252723694
YJR103W,YKR068C,0,-5.7901106,0.07686249911785126,0.4880000054836273,0.5860999822616577
YAL009W,YER111C,0,-5.7901907,0.07685039192438126,0.4880000054836273,0.5861999988555908
YDR081C,YJR019C,0,-5.790455,0.07683829218149185,0.4880000054836273,0.5863000154495239
YML078W,YBL026W,0,-5.7904897,0.07682619988918304,0.4880000054836273,0.5863999724388123
YML127W,YBR083W,0,-5.7905655,0.07681410014629364,0.4880000054836273,0.5864999890327454
YOL148C,YLL002W,1,-5.790893,0.07695939391851425,0.48899999260902405,0.5864999890327454
YPR005C,YHR070W,0,-5.7910924,0.07694728672504425,0.48899999260902405,0.5866000056266785
YJR125C,YNL230C,0,-5.7911158,0.07693517953157425,0.48899999260902405,0.5867000222206116
YAL047C,YGL070C,0,-5.7913365,0.07692307978868484,0.48899999260902405,0.5867999792098999
YHR194W,YLR172C,0,-5.7913413,0.07691098004579544,0.48899999260902405,0.586899995803833
YNL307C,YKR065C,0,-5.7920256,0.07689888030290604,0.48899999260902405,0.5870000123977661
YPL214C,YML023C,0,-5.7921166,0.07688679546117783,0.48899999260902405,0.5871000289916992
YDR218C,YLR309C,0,-5.792495,0.07687470316886902,0.48899999260902405,0.5871999859809875
YOR109W,YPR108W,0,-5.7926326,0.07686261832714081,0.48899999260902405,0.5873000025749207
YIL037C,YNL003C,0,-5.793068,0.0768505409359932,0.48899999260902405,0.5874000191688538
YOR106W,YIL142W,0,-5.7931223,0.07683846354484558,0.48899999260902405,0.5874999761581421
YER129W,YLR285W,0,-5.7933226,0.07682639360427856,0.48899999260902405,0.5875999927520752
YBR060C,YFL060C,0,-5.793671,0.07681432366371155,0.48899999260902405,0.5877000093460083
YNL274C,YDR043C,0,-5.7942266,0.07680226117372513,0.48899999260902405,0.5878000259399414
YDR259C,YBR210W,0,-5.794347,0.07679019868373871,0.48899999260902405,0.5878999829292297
YPL241C,YFR037C,0,-5.7944555,0.07677814364433289,0.48899999260902405,0.5879999995231628
YGR221C,YOL113W,0,-5.794462,0.07676608860492706,0.48899999260902405,0.588100016117096
YKL194C,YKL179C,0,-5.7946467,0.07675404101610184,0.48899999260902405,0.5881999731063843
YPR023C,YEL056W,1,-5.7948055,0.07689893245697021,0.49000000953674316,0.5881999731063843
YNL009W,YPL195W,0,-5.7949257,0.0768868699669838,0.49000000953674316,0.5882999897003174
YHR015W,YNL037C,0,-5.794957,0.07687480747699738,0.49000000953674316,0.5884000062942505
YDR422C,YEL030W,0,-5.795346,0.07686274498701096,0.49000000953674316,0.5885000228881836
YLR206W,YLR084C,0,-5.7955885,0.07685068994760513,0.49000000953674316,0.5885999798774719
YPL214C,YOL128C,0,-5.7957153,0.07683864235877991,0.49000000953674316,0.588699996471405
YER120W,YLR424W,0,-5.7957754,0.07682659476995468,0.49000000953674316,0.5888000130653381
YIL079C,YLR117C,0,-5.795916,0.07681454718112946,0.49000000953674316,0.5889000296592712
YFR024C-A,YML118W,0,-5.7959595,0.07680250704288483,0.49000000953674316,0.5889999866485596
YDR143C,YEL034W,0,-5.795964,0.0767904743552208,0.49000000953674316,0.5891000032424927
YPL011C,YIL014W,0,-5.7960577,0.07677844166755676,0.49000000953674316,0.5892000198364258
YDR435C,YBR133C,0,-5.796099,0.07676640897989273,0.49000000953674316,0.5892999768257141
YKL016C,YIR017C,0,-5.796186,0.0767543837428093,0.49000000953674316,0.5893999934196472
YMR001C,YGR264C,0,-5.7962885,0.07674236595630646,0.49000000953674316,0.5895000100135803
YJL173C,YCL059C,0,-5.796755,0.07673034816980362,0.49000000953674316,0.5896000266075134
YHL019C,YBR030W,0,-5.7973537,0.07671833783388138,0.49000000953674316,0.5896999835968018
YGL246C,YHR120W,0,-5.797365,0.07670632749795914,0.49000000953674316,0.5898000001907349
YJL004C,YJL125C,0,-5.7976103,0.0766943171620369,0.49000000953674316,0.589900016784668
YNL116W,YMR055C,0,-5.7977858,0.07668231427669525,0.49000000953674316,0.5899999737739563
YIL021W,YIL160C,0,-5.798061,0.0766703188419342,0.49000000953674316,0.5900999903678894
YCR020C-A,YBL052C,1,-5.798195,0.07681477069854736,0.4909999966621399,0.5900999903678894
YJR086W,YKL029C,0,-5.7983418,0.07680275291204453,0.4909999966621399,0.5902000069618225
YPR128C,YCR082W,0,-5.7985067,0.07679074257612228,0.4909999966621399,0.5903000235557556
YDR258C,YKL029C,0,-5.7985125,0.07677873224020004,0.4909999966621399,0.590399980545044
YGL130W,YDL085W,0,-5.7987227,0.0767667293548584,0.4909999966621399,0.590499997138977
YMR016C,YHR030C,0,-5.79879,0.07675472646951675,0.4909999966621399,0.5906000137329102
YDR264C,YEL066W,1,-5.798813,0.07689902931451797,0.492000013589859,0.5906000137329102
YMR234W,YPR138C,0,-5.7989335,0.07688701152801514,0.492000013589859,0.5906999707221985
YLR052W,YNR010W,0,-5.7993617,0.0768750011920929,0.492000013589859,0.5907999873161316
YGL098W,YPL175W,0,-5.799716,0.07686299085617065,0.492000013589859,0.5909000039100647
YBL082C,YLR423C,0,-5.8001695,0.07685098052024841,0.492000013589859,0.5910000205039978
YDR448W,YGR002C,1,-5.800248,0.07699515670537949,0.49300000071525574,0.5910000205039978
YGL120C,YMR095C,0,-5.8006134,0.07698313891887665,0.49300000071525574,0.5910999774932861
YBR164C,YBR221C,0,-5.800651,0.07697111368179321,0.49300000071525574,0.5911999940872192
YJR082C,YBL052C,1,-5.800991,0.07711520791053772,0.49399998784065247,0.5911999940872192
YOL122C,YML118W,0,-5.801061,0.07710316777229309,0.49399998784065247,0.5913000106811523
YPR134W,YLR115W,0,-5.801168,0.07709113508462906,0.49399998784065247,0.5914000272750854
YHR188C,YKL048C,0,-5.8012033,0.07707910984754562,0.49399998784065247,0.5914999842643738
YNL311C,YGR121C,0,-5.801591,0.07706708461046219,0.49399998784065247,0.5916000008583069
YBL051C,YKR061W,0,-5.8017917,0.07705505937337875,0.49399998784065247,0.59170001745224
YML102W,YDR235W,0,-5.8021936,0.07704304158687592,0.49399998784065247,0.5917999744415283
YDL201W,YMR319C,0,-5.8024354,0.07703103125095367,0.49399998784065247,0.5918999910354614
YLL003W,YOR191W,0,-5.802818,0.07701902091503143,0.49399998784065247,0.5920000076293945
YBR059C,YPR107C,0,-5.8030124,0.07700701802968979,0.49399998784065247,0.5921000242233276
YJL085W,YGL067W,0,-5.803029,0.07699501514434814,0.49399998784065247,0.592199981212616
YLR167W,YAL056W,0,-5.803858,0.0769830122590065,0.49399998784065247,0.5922999978065491
YCL034W,YBR196C,0,-5.803928,0.07697101682424545,0.49399998784065247,0.5924000144004822
YAL047C,YJL006C,0,-5.8040853,0.076959028840065,0.49399998784065247,0.5924999713897705
YML024W,YNR032W,0,-5.804118,0.07694704085588455,0.49399998784065247,0.5925999879837036
YMR204C,YJR155W,0,-5.8041315,0.0769350603222847,0.49399998784065247,0.5927000045776367
YAL043C,YPR017C,0,-5.8043165,0.07692307978868484,0.49399998784065247,0.5928000211715698
YJL115W,YGR002C,1,-5.804346,0.07706679403781891,0.4950000047683716,0.5928000211715698
YKR099W,YGR033C,0,-5.804452,0.07705479115247726,0.4950000047683716,0.5928999781608582
YDL134C,YKR027W,0,-5.804797,0.07704280316829681,0.4950000047683716,0.5929999947547913
YMR309C,YER003C,0,-5.805024,0.07703081518411636,0.4950000047683716,0.5931000113487244
YGR188C,YHL009C,0,-5.8051934,0.07701882719993591,0.4950000047683716,0.5932000279426575
YDR303C,YLR319C,0,-5.805541,0.07700684666633606,0.4950000047683716,0.5932999849319458
YOR081C,YDR075W,0,-5.805619,0.0769948661327362,0.4950000047683716,0.5934000015258789
YGR010W,YLR350W,0,-5.805895,0.07698289304971695,0.4950000047683716,0.593500018119812
YKL185W,YOR180C,0,-5.8062654,0.07697091996669769,0.4950000047683716,0.5935999751091003
YPL040C,YMR060C,0,-5.806281,0.07695895433425903,0.4950000047683716,0.5936999917030334
YBL034C,YPL008W,0,-5.806405,0.07694698870182037,0.4950000047683716,0.5938000082969666
YDR418W,YDR420W,0,-5.806752,0.07693503051996231,0.4950000047683716,0.5939000248908997
YOR281C,YOL104C,0,-5.807065,0.07692307978868484,0.4950000047683716,0.593999981880188
YPR046W,YOR257W,0,-5.807316,0.07691112160682678,0.4950000047683716,0.5940999984741211
YPL091W,YGL104C,0,-5.807353,0.07689917832612991,0.4950000047683716,0.5942000150680542
YOL102C,YPL020C,0,-5.8074837,0.07688723504543304,0.4950000047683716,0.5942999720573425
YDR146C,YMR013C,0,-5.807503,0.07687529176473618,0.4950000047683716,0.5943999886512756
YIL036W,YER068W,0,-5.8077717,0.0768633559346199,0.4950000047683716,0.5945000052452087
YBR110W,YPR161C,0,-5.807849,0.07685142010450363,0.4950000047683716,0.5946000218391418
YOL122C,YGL232W,0,-5.8079233,0.07683949172496796,0.4950000047683716,0.5946999788284302
YDL235C,YJL071W,0,-5.807929,0.07682756334543228,0.4950000047683716,0.5947999954223633
YGL219C,YFL002C,0,-5.808282,0.0768156424164772,0.4950000047683716,0.5949000120162964
YDR162C,YLR316C,0,-5.8082943,0.07680372148752213,0.4950000047683716,0.5950000286102295
YKL026C,YGR161C,0,-5.80884,0.07679180800914764,0.4950000047683716,0.5950999855995178
YJR082C,YEL056W,1,-5.809244,0.07693500816822052,0.4959999918937683,0.5950999855995178
YER122C,YLL042C,0,-5.8093524,0.07692307978868484,0.4959999918937683,0.5952000021934509
YOR099W,YOR156C,0,-5.809594,0.07691115140914917,0.4959999918937683,0.595300018787384
YDR046C,YJL184W,0,-5.809702,0.0768992230296135,0.4959999918937683,0.5953999757766724
YOL101C,YMR288W,0,-5.8099613,0.07688730210065842,0.4959999918937683,0.5954999923706055
YDR264C,YGL112C,1,-5.810055,0.07703037559986115,0.4970000088214874,0.5954999923706055
YDR461W,YGR239C,0,-5.8101783,0.07701843976974487,0.4970000088214874,0.5956000089645386
YPR020W,YDR118W,0,-5.81097,0.0770065039396286,0.4970000088214874,0.5957000255584717
YKL149C,YBL079W,0,-5.811014,0.07699457556009293,0.4970000088214874,0.59579998254776
YOR153W,YDR485C,0,-5.811121,0.07698265463113785,0.4970000088214874,0.5958999991416931
YDL188C,YGR013W,0,-5.811425,0.07697072625160217,0.4970000088214874,0.5960000157356262
YMR135C,YPR178W,0,-5.811673,0.07695881277322769,0.4970000088214874,0.5960999727249146
YDL040C,YOR034C,1,-5.811829,0.07710171490907669,0.49799999594688416,0.5960999727249146
YOR270C,YMR128W,0,-5.8118763,0.07708978652954102,0.49799999594688416,0.5961999893188477
YLR075W,YGR289C,0,-5.812162,0.07707785069942474,0.49799999594688416,0.5963000059127808
YGL254W,YLR221C,0,-5.8123493,0.07706592231988907,0.49799999594688416,0.5964000225067139
YGR147C,YBL052C,1,-5.812714,0.07720872759819031,0.49900001287460327,0.5964000225067139
YHR167W,YJL006C,0,-5.8127995,0.07719678431749344,0.49900001287460327,0.5964999794960022
YMR296C,YGL027C,0,-5.812931,0.07718484103679657,0.49900001287460327,0.5965999960899353
YML062C,YPL175W,0,-5.8129315,0.0771729052066803,0.49900001287460327,0.5967000126838684
YML069W,YHR120W,0,-5.8133,0.07716096937656403,0.49900001287460327,0.5968000292778015
YMR192W,YPR074C,0,-5.813463,0.07714904099702835,0.49900001287460327,0.5968999862670898
YKR026C,YDR472W,0,-5.8138094,0.07713711261749268,0.49900001287460327,0.597000002861023
YKL040C,YLR170C,0,-5.8139305,0.0771251916885376,0.49900001287460327,0.597100019454956
YGR147C,YDR392W,1,-5.8144064,0.07726781070232391,0.5,0.597100019454956
YPL007C,YMR067C,0,-5.8148007,0.07725587487220764,0.5,0.5971999764442444
YKL001C,YOR332W,0,-5.8148265,0.07724393904209137,0.5,0.5972999930381775
YHR114W,YDR088C,0,-5.8149548,0.0772320032119751,0.5,0.5974000096321106
YHR098C,YLR115W,0,-5.815181,0.07722007483243942,0.5,0.5975000262260437
YJR001W,YCR047C,0,-5.815426,0.07720815390348434,0.5,0.597599983215332
YJL094C,YFR005C,0,-5.815765,0.07719623297452927,0.5,0.5976999998092651
YJL141C,YPL117C,0,-5.815849,0.07718431949615479,0.5,0.5978000164031982
YFR002W,YER173W,0,-5.815851,0.0771724060177803,0.5,0.5978999733924866
YGR175C,YPR041W,0,-5.815951,0.07716049253940582,0.5,0.5979999899864197
YNL049C,YML097C,0,-5.816017,0.07714858651161194,0.5,0.5981000065803528
YLL002W,YGR252W,1,-5.816393,0.07729095965623856,0.5009999871253967,0.5981000065803528
YPR020W,YGL025C,0,-5.816558,0.07727903872728348,0.5009999871253967,0.5982000231742859
YAR018C,YHR004C,0,-5.8169594,0.0772671177983284,0.5009999871253967,0.5982999801635742
YDR045C,YLR376C,0,-5.817033,0.07725520431995392,0.5009999871253967,0.5983999967575073
YPL179W,YMR014W,0,-5.8172226,0.07724329084157944,0.5009999871253967,0.5985000133514404
YFR009W,YER049W,0,-5.8174067,0.07723138481378555,0.5009999871253967,0.5985999703407288
YGR072W,YKR025W,0,-5.8179245,0.07721947878599167,0.5009999871253967,0.5986999869346619
YJR102C,YOL145C,0,-5.8181667,0.07720758020877838,0.5009999871253967,0.598800003528595
YKL190W,YJL005W,0,-5.818802,0.07719568908214569,0.5009999871253967,0.5989000201225281
YBR133C,YHR120W,0,-5.8188443,0.0771837905049324,0.5009999871253967,0.5989999771118164
YPR193C,YBL052C,1,-5.819085,0.07732594013214111,0.5019999742507935,0.5989999771118164
YLR220W,YML027W,0,-5.819417,0.07731403410434723,0.5019999742507935,0.5990999937057495
YCR042C,YDR469W,0,-5.819501,0.07730212807655334,0.5019999742507935,0.5992000102996826
YJR021C,YML024W,0,-5.8195815,0.07729022204875946,0.5019999742507935,0.5993000268936157
YBR081C,YGR002C,1,-5.819932,0.07743226736783981,0.503000020980835,0.5993000268936157
YIL009C-A,YLR088W,0,-5.8199906,0.07742034643888474,0.503000020980835,0.599399983882904
YDR464W,YLR316C,0,-5.820052,0.07740843296051025,0.503000020980835,0.5995000004768372
YDR088C,YER173W,0,-5.820138,0.07739651948213577,0.503000020980835,0.5996000170707703
YNL147W,YER127W,0,-5.8201427,0.07738461345434189,0.503000020980835,0.5996999740600586
YER177W,YPL233W,0,-5.820237,0.0773727148771286,0.503000020980835,0.5997999906539917
YGR202C,YDR473C,0,-5.82024,0.07736080884933472,0.503000020980835,0.5999000072479248
YGR229C,YNL327W,0,-5.8203006,0.07734891772270203,0.503000020980835,0.6000000238418579
YOL128C,YLR265C,0,-5.8204517,0.07733702659606934,0.503000020980835,0.6000999808311462
YMR137C,YIL150C,0,-5.8204894,0.07732513546943665,0.503000020980835,0.6001999974250793
YER116C,YIL056W,0,-5.8207283,0.07731325179338455,0.503000020980835,0.6003000140190125
YPL045W,YGR056W,0,-5.820751,0.07730136811733246,0.503000020980835,0.6003999710083008
YJL008C,YGL003C,0,-5.8208714,0.07728949189186096,0.503000020980835,0.6004999876022339
YGL233W,YOR355W,0,-5.8208866,0.07727761566638947,0.503000020980835,0.600600004196167
YGL210W,YNL025C,0,-5.8210115,0.07726574689149857,0.503000020980835,0.6007000207901001
YOR025W,YAL016W,0,-5.8210697,0.07725387811660767,0.503000020980835,0.6007999777793884
YBR167C,YKL188C,0,-5.8211036,0.07724201679229736,0.503000020980835,0.6008999943733215
YIL128W,YJR052W,0,-5.821216,0.07723015546798706,0.503000020980835,0.6010000109672546
YMR238W,YNR057C,0,-5.82136,0.07721830159425735,0.503000020980835,0.6011000275611877
YHR014W,YLR403W,0,-5.8217387,0.07720644772052765,0.503000020980835,0.6011999845504761
YFR008W,YJL110C,0,-5.822278,0.07719460129737854,0.503000020980835,0.6013000011444092
YDR255C,YNL129W,0,-5.82248,0.07718275487422943,0.503000020980835,0.6014000177383423
YOR079C,YNL292W,0,-5.822824,0.07717090845108032,0.503000020980835,0.6014999747276306
YLL002W,YLR195C,1,-5.8229637,0.07731246948242188,0.5040000081062317,0.6014999747276306
YBL002W,YPL258C,0,-5.822973,0.07730061560869217,0.5040000081062317,0.6015999913215637
YPR144C,YNL006W,0,-5.8230762,0.07728876173496246,0.5040000081062317,0.6017000079154968
YFR036W,YDR389W,0,-5.8230953,0.07727690786123276,0.5040000081062317,0.6018000245094299
YDR288W,YJR013W,0,-5.8231564,0.07726506143808365,0.5040000081062317,0.6018999814987183
YGR142W,YGR089W,0,-5.823362,0.07725322246551514,0.5040000081062317,0.6019999980926514
YKL125W,YPL042C,0,-5.8236423,0.07724137604236603,0.5040000081062317,0.6021000146865845
YDR483W,YDL028C,0,-5.823744,0.07722954452037811,0.5040000081062317,0.6021999716758728
YOR193W,YBL078C,0,-5.8240576,0.0772177129983902,0.5040000081062317,0.6022999882698059
YPL086C,YER168C,0,-5.824356,0.07720588147640228,0.5040000081062317,0.602400004863739
YDL150W,YBR240C,0,-5.8243985,0.07719405740499496,0.5040000081062317,0.6025000214576721
YDR511W,YER114C,0,-5.8244724,0.07718223333358765,0.5040000081062317,0.6025999784469604
YML052W,YER168C,0,-5.8244886,0.07717041671276093,0.5040000081062317,0.6026999950408936
YGL181W,YPL231W,0,-5.8245926,0.0771586000919342,0.5040000081062317,0.6028000116348267
YFR002W,YPL180W,0,-5.8251886,0.07714679092168808,0.5040000081062317,0.6029000282287598
YCL052C,YMR203W,0,-5.825194,0.07713498920202255,0.5040000081062317,0.6029999852180481
YPR031W,YGR002C,1,-5.825291,0.07727620750665665,0.5049999952316284,0.6029999852180481
YJL050W,YGR109C,0,-5.8253193,0.07726438343524933,0.5049999952316284,0.6031000018119812
YGR165W,YKL129C,0,-5.8254156,0.07725255936384201,0.5049999952316284,0.6032000184059143
YHR118C,YOR236W,0,-5.825624,0.07724074274301529,0.5049999952316284,0.6032999753952026
YGR165W,YDR311W,0,-5.825719,0.07722893357276917,0.5049999952316284,0.6033999919891357
YCL017C,YEL016C,0,-5.8259172,0.07721712440252304,0.5049999952316284,0.6035000085830688
YOR133W,YLR376C,0,-5.8262396,0.07720532268285751,0.5049999952316284,0.603600025177002
YNL271C,YML102W,0,-5.826474,0.07719352096319199,0.5049999952316284,0.6036999821662903
YGR252W,YGR002C,1,-5.826512,0.07733455300331116,0.5059999823570251,0.6036999821662903
YML060W,YLR105C,0,-5.826524,0.07732273638248444,0.5059999823570251,0.6037999987602234
YDR028C,YGL227W,0,-5.8265295,0.07731092721223831,0.5059999823570251,0.6039000153541565
YDR495C,YGL012W,0,-5.826622,0.07729911059141159,0.5059999823570251,0.6039999723434448
YOR171C,YDL085W,0,-5.8268824,0.07728730887174606,0.5059999823570251,0.6040999889373779
YGR036C,YLR023C,0,-5.827285,0.07727550715208054,0.5059999823570251,0.604200005531311
YAL032C,YGL017W,0,-5.8273554,0.07726370543241501,0.5059999823570251,0.6043000221252441
YBR084W,YPR051W,1,-5.827569,0.07740458101034164,0.5070000290870667,0.6043000221252441
YOL076W,YBL052C,1,-5.827622,0.0775454118847847,0.5080000162124634,0.6043000221252441
YLR304C,YPL161C,0,-5.8276863,0.07753358036279678,0.5080000162124634,0.6043999791145325
YDR448W,YBR081C,1,-5.8279505,0.07767434418201447,0.5090000033378601,0.6043999791145325
YJL048C,YJL168C,0,-5.828294,0.07766249775886536,0.5090000033378601,0.6044999957084656
YER053C,YKR003W,0,-5.828327,0.07765065133571625,0.5090000033378601,0.6046000123023987
YDL140C,YML001W,0,-5.828598,0.07763880491256714,0.5090000033378601,0.6047000288963318
YPR102C,YJR153W,0,-5.828617,0.07762696593999863,0.5090000033378601,0.6047999858856201
YOR344C,YNR011C,0,-5.828659,0.07761512696743011,0.5090000033378601,0.6049000024795532
YMR305C,YDL230W,0,-5.8294435,0.0776032954454422,0.5090000033378601,0.6050000190734863
YNL025C,YBR002C,0,-5.829842,0.07759146392345428,0.5090000033378601,0.6050999760627747
YJL184W,YBR297W,0,-5.8301706,0.07757963985204697,0.5090000033378601,0.6051999926567078
YDR002W,YFL055W,0,-5.8301754,0.07756781578063965,0.5090000033378601,0.6053000092506409
YDR448W,YGR252W,1,-5.830187,0.07770836353302002,0.5099999904632568,0.6053000092506409
YLR447C,YBL047C,0,-5.8305163,0.07769652456045151,0.5099999904632568,0.605400025844574
YPL045W,YCR020W-B,0,-5.830617,0.07768469303846359,0.5099999904632568,0.6054999828338623
YBR165W,YML113W,0,-5.830621,0.07767286151647568,0.5099999904632568,0.6055999994277954
YER173W,YMR150C,0,-5.8307104,0.07766102999448776,0.5099999904632568,0.6057000160217285
YMR202W,YGL172W,0,-5.8307323,0.07764920592308044,0.5099999904632568,0.6057999730110168
YDR297W,YJL191W,0,-5.830766,0.07763738930225372,0.5099999904632568,0.60589998960495
YMR202W,YHR070W,0,-5.8308315,0.077625572681427,0.5099999904632568,0.6060000061988831
YDL208W,YKL212W,0,-5.831153,0.07761375606060028,0.5099999904632568,0.6061000227928162
YCR091W,YJL128C,0,-5.831174,0.07760194689035416,0.5099999904632568,0.6061999797821045
YGL043W,YNR046W,0,-5.8315897,0.07759014517068863,0.5099999904632568,0.6062999963760376
YHR088W,YDL178W,0,-5.831625,0.0775783360004425,0.5099999904632568,0.6064000129699707
YNL094W,YOR119C,0,-5.83167,0.07756654173135757,0.5099999904632568,0.6065000295639038
YJR007W,YPR200C,0,-5.8319883,0.07755474746227264,0.5099999904632568,0.6065999865531921
YBL034C,YDR423C,0,-5.8322496,0.07754295319318771,0.5099999904632568,0.6067000031471252
YNL326C,YPR031W,1,-5.8322735,0.07768318802118301,0.5109999775886536,0.6067000031471252
YPL085W,YKR089C,0,-5.8323197,0.07767137885093689,0.5109999775886536,0.6068000197410583
YJL005W,YOR346W,0,-5.832908,0.07765957713127136,0.5109999775886536,0.6068999767303467
YOL055C,YBR172C,0,-5.832914,0.07764777541160583,0.5109999775886536,0.6069999933242798
YNR002C,YER119C,0,-5.8329487,0.07763597369194031,0.5109999775886536,0.6071000099182129
YMR060C,YIR037W,0,-5.83331,0.07762418687343597,0.5109999775886536,0.607200026512146
YER095W,YGR077C,0,-5.8333883,0.07761239260435104,0.5109999775886536,0.6072999835014343
YML103C,YOL005C,0,-5.8334684,0.07760060578584671,0.5109999775886536,0.6074000000953674
YOL076W,YPR051W,1,-5.8337417,0.07774066179990768,0.5120000243186951,0.6074000000953674
YMR208W,YGL022W,0,-5.8337626,0.07772886008024216,0.5120000243186951,0.6075000166893005
YMR128W,YDR456W,0,-5.833871,0.07771705836057663,0.5120000243186951,0.6075999736785889
YKL007W,YNR056C,0,-5.8339252,0.0777052640914917,0.5120000243186951,0.607699990272522
YER028C,YLR272C,0,-5.8342323,0.07769347727298737,0.5120000243186951,0.6078000068664551
YIL159W,YEL012W,0,-5.834553,0.07768169045448303,0.5120000243186951,0.6079000234603882
YGL111W,YFR005C,0,-5.83456,0.0776699036359787,0.5120000243186951,0.6079999804496765
YER053C,YGL238W,0,-5.834605,0.07765812426805496,0.5120000243186951,0.6080999970436096
YGR147C,YLR195C,1,-5.834693,0.07779800146818161,0.5130000114440918,0.6080999970436096
YAL001C,YDR159W,0,-5.835261,0.07778619974851608,0.5130000114440918,0.6082000136375427
YJR091C,YBR256C,0,-5.8356066,0.07777440547943115,0.5130000114440918,0.608299970626831
YJR049C,YNL259C,0,-5.8356085,0.07776261866092682,0.5130000114440918,0.6083999872207642
YOL122C,YPR201W,0,-5.835923,0.07775083184242249,0.5130000114440918,0.6085000038146973
YGL251C,YJR033C,0,-5.8360023,0.07773905247449875,0.5130000114440918,0.6086000204086304
YBR060C,YDR473C,0,-5.8360534,0.07772727310657501,0.5130000114440918,0.6086999773979187
YGL257C,YAL034W-A,0,-5.836296,0.07771550118923187,0.5130000114440918,0.6087999939918518
YMR109W,YKL178C,0,-5.836423,0.07770372927188873,0.5130000114440918,0.6089000105857849
YLR115W,YFL049W,0,-5.8364315,0.0776919573545456,0.5130000114440918,0.609000027179718
YFR008W,YOL001W,0,-5.836458,0.07768019288778305,0.5130000114440918,0.6090999841690063
YHR183W,YMR314W,0,-5.8365974,0.0776684358716011,0.5130000114440918,0.6092000007629395
YKL170W,YML092C,0,-5.836628,0.07765667885541916,0.5130000114440918,0.6093000173568726
YGL181W,YBR086C,0,-5.8366585,0.07764492183923721,0.5130000114440918,0.6093999743461609
YCL017C,YOR079C,0,-5.8369484,0.07763317227363586,0.5130000114440918,0.609499990940094
YIR019C,YKR085C,0,-5.83696,0.07762142270803452,0.5130000114440918,0.6096000075340271
YLR337C,YNL153C,0,-5.8370275,0.07760968059301376,0.5130000114440918,0.6097000241279602
YDR264C,YPR031W,1,-5.8375826,0.07774920761585236,0.5139999985694885,0.6097000241279602
YDR346C,YMR080C,0,-5.8378205,0.07773745059967041,0.5139999985694885,0.6097999811172485
YML059C,YPL082C,0,-5.838259,0.07772569358348846,0.5139999985694885,0.6098999977111816
YJL115W,YPR023C,1,-5.8382673,0.0778651311993599,0.5149999856948853,0.6098999977111816
YMR214W,YML001W,0,-5.83841,0.07785336673259735,0.5149999856948853,0.6100000143051147
YIL154C,YML001W,0,-5.838441,0.07784159481525421,0.5149999856948853,0.6100999712944031
YHR013C,YGR252W,1,-5.8384733,0.07798095792531967,0.515999972820282,0.6100999712944031
YGL222C,YIR037W,0,-5.8385468,0.07796917855739594,0.515999972820282,0.6101999878883362
YDL232W,YBR006W,0,-5.838584,0.0779573917388916,0.515999972820282,0.6103000044822693
YBR258C,YPR088C,0,-5.8386197,0.07794561982154846,0.515999972820282,0.6104000210762024
YOL051W,YNL331C,0,-5.8386517,0.07793384790420532,0.515999972820282,0.6104999780654907
YJL179W,YPR075C,0,-5.8390265,0.07792207598686218,0.515999972820282,0.6105999946594238
YNL197C,YML008C,0,-5.8394623,0.07791031152009964,0.515999972820282,0.6107000112533569
YPR041W,YDR486C,0,-5.839478,0.0778985470533371,0.515999972820282,0.61080002784729
YJR033C,YML055W,0,-5.8397446,0.07788679003715515,0.515999972820282,0.6108999848365784
YPR131C,YOR064C,1,-5.8399696,0.07802595943212509,0.5170000195503235,0.6108999848365784
YIL132C,YNL312W,0,-5.8403993,0.07801418751478195,0.5170000195503235,0.6110000014305115
YJL140W,YMR285C,0,-5.8406773,0.07800241559743881,0.5170000195503235,0.6111000180244446
YGR229C,YDR004W,0,-5.8407087,0.07799064368009567,0.5170000195503235,0.6111999750137329
YMR038C,YER147C,0,-5.840953,0.07797888666391373,0.5170000195503235,0.611299991607666
YOR057W,YOL143C,0,-5.841091,0.07796712219715118,0.5170000195503235,0.6114000082015991
YPL155C,YDL015C,0,-5.841263,0.07795536518096924,0.5170000195503235,0.6115000247955322
YOR193W,YBL014C,0,-5.8413515,0.07794361561536789,0.5170000195503235,0.6115999817848206
YIL123W,YNL001W,0,-5.841656,0.07793186604976654,0.5170000195503235,0.6116999983787537
YPL228W,YDR235W,0,-5.841835,0.07792012393474579,0.5170000195503235,0.6118000149726868
YPL255W,YBL074C,0,-5.8423843,0.07790838181972504,0.5170000195503235,0.6118999719619751
YPL231W,YLR342W,0,-5.842481,0.07789663970470428,0.5170000195503235,0.6119999885559082
YOR386W,YLR298C,0,-5.842666,0.07788490504026413,0.5170000195503235,0.6121000051498413
YML036W,YMR293C,0,-5.8427906,0.07787317037582397,0.5170000195503235,0.6122000217437744
YDR489W,YGR077C,0,-5.842932,0.07786144316196442,0.5170000195503235,0.6122999787330627
YBR095C,YOR245C,0,-5.8430605,0.07784972339868546,0.5170000195503235,0.6123999953269958
YGL137W,YOR126C,0,-5.84326,0.0778380036354065,0.5170000195503235,0.612500011920929
YNL177C,YJL208C,0,-5.8432827,0.07782628387212753,0.5170000195503235,0.6126000285148621
YFR036W,YJL025W,0,-5.8432856,0.07781457155942917,0.5170000195503235,0.6126999855041504
YLL002W,YCR020C-A,1,-5.8433323,0.07795334607362747,0.5180000066757202,0.6126999855041504
YOL016C,YPL164C,0,-5.8437886,0.07794161885976791,0.5180000066757202,0.6128000020980835
YKL149C,YCR014C,0,-5.8440304,0.07792989164590836,0.5180000066757202,0.6129000186920166
YOL066C,YOR377W,0,-5.8443127,0.0779181718826294,0.5180000066757202,0.6129999756813049
YIL159W,YPL133C,0,-5.8446536,0.07790645211935043,0.5180000066757202,0.613099992275238
YGR278W,YMR004W,0,-5.8448043,0.07789473980665207,0.5180000066757202,0.6132000088691711
YPR088C,YJL187C,0,-5.8451443,0.0778830274939537,0.5180000066757202,0.6133000254631042
YIL095W,YLR172C,0,-5.845563,0.07787131518125534,0.5180000066757202,0.6133999824523926
YOL109W,YHR115C,0,-5.8459706,0.07785961031913757,0.5180000066757202,0.6134999990463257
YPL091W,YKR083C,0,-5.8460083,0.0778479129076004,0.5180000066757202,0.6136000156402588
YGL019W,YDR469W,0,-5.8460298,0.07783621549606323,0.5180000066757202,0.6136999726295471
YDL161W,YDL188C,0,-5.846148,0.07782451808452606,0.5180000066757202,0.6137999892234802
YLR220W,YDR135C,0,-5.846655,0.07781282812356949,0.5180000066757202,0.6139000058174133
YAL042W,YNL206C,0,-5.847471,0.07780113816261292,0.5180000066757202,0.6140000224113464
YOL076W,YAL054C,1,-5.847489,0.07793962955474854,0.5189999938011169,0.6140000224113464
YOR198C,YOR117W,0,-5.847499,0.07792792469263077,0.5189999938011169,0.6140999794006348
YPL047W,YCL044C,0,-5.847678,0.0779162272810936,0.5189999938011169,0.6141999959945679
YDR448W,YLL022C,1,-5.8477397,0.07805463671684265,0.5199999809265137,0.6141999959945679
YDR448W,YPL001W,1,-5.848029,0.07819300889968872,0.5210000276565552,0.6141999959945679
YDR490C,YKL214C,0,-5.848258,0.07818127423524857,0.5210000276565552,0.614300012588501
YOR083W,YPL206C,0,-5.848344,0.07816953957080841,0.5210000276565552,0.6144000291824341
YNR017W,YOR328W,0,-5.8483505,0.07815781235694885,0.5210000276565552,0.6144999861717224
YLR113W,YKR056W,0,-5.848482,0.07814609259366989,0.5210000276565552,0.6146000027656555
YNL219C,YDR123C,0,-5.8488503,0.07813437283039093,0.5210000276565552,0.6147000193595886
YAL026C,YDR487C,0,-5.8490043,0.07812266051769257,0.5210000276565552,0.614799976348877
YNL016W,YHL009C,0,-5.849286,0.0781109482049942,0.5210000276565552,0.6148999929428101
YAL047C,YPL029W,0,-5.849555,0.07809923589229584,0.5210000276565552,0.6150000095367432
YPR131C,YLL022C,1,-5.8495865,0.07823740690946579,0.5220000147819519,0.6150000095367432
YER021W,YNL025C,0,-5.8497434,0.07822568714618683,0.5220000147819519,0.6151000261306763
YJR082C,YLL022C,1,-5.84984,0.078363798558712,0.5230000019073486,0.6151000261306763
YDR182W,YOR076C,0,-5.8500233,0.07835205644369125,0.5230000019073486,0.6151999831199646
YGL047W,YGL252C,0,-5.850223,0.0783403217792511,0.5230000019073486,0.6152999997138977
YKL022C,YDR177W,0,-5.850356,0.07832858711481094,0.5230000019073486,0.6154000163078308
YPL083C,YML092C,0,-5.8508415,0.07831685990095139,0.5230000019073486,0.6154999732971191
YDL130W-A,YDR178W,0,-5.850934,0.07830513268709183,0.5230000019073486,0.6155999898910522
YMR246W,YGL066W,1,-5.851179,0.07844311743974686,0.5239999890327454,0.6155999898910522
YER061C,YHR059W,0,-5.8512564,0.0784313753247261,0.5239999890327454,0.6157000064849854
YJL173C,YOR153W,0,-5.8515387,0.07841963320970535,0.5239999890327454,0.6158000230789185
YDR113C,YBR026C,0,-5.851567,0.0784078985452652,0.5239999890327454,0.6158999800682068
YCR061W,YMR006C,0,-5.8517737,0.07839617133140564,0.5239999890327454,0.6159999966621399
YPL214C,YBR179C,0,-5.851795,0.07838444411754608,0.5239999890327454,0.616100013256073
YDR378C,YGR264C,0,-5.8518367,0.07837271690368652,0.5239999890327454,0.6161999702453613
YDR256C,YFR048W,0,-5.8521013,0.07836099714040756,0.5239999890327454,0.6162999868392944
YGL205W,YIL110W,0,-5.852109,0.0783492848277092,0.5239999890327454,0.6164000034332275
YOL116W,YDR097C,0,-5.8528137,0.07833757251501083,0.5239999890327454,0.6165000200271606
YKL092C,YMR097C,0,-5.853069,0.07832586020231247,0.5239999890327454,0.616599977016449
YIL014W,YOR001W,0,-5.8532305,0.0783141553401947,0.5239999890327454,0.6166999936103821
YJL098W,YDR440W,0,-5.853278,0.07830245047807693,0.5239999890327454,0.6168000102043152
YHR067W,YML124C,0,-5.8532896,0.07829075306653976,0.5239999890327454,0.6169000267982483
YGR230W,YKR025W,0,-5.8533826,0.0782790556550026,0.5239999890327454,0.6169999837875366
YKL051W,YKL179C,0,-5.853438,0.07826736569404602,0.5239999890327454,0.6171000003814697
YMR055C,YLL027W,0,-5.853646,0.07825567573308945,0.5239999890327454,0.6172000169754028
YJL080C,YKL117W,0,-5.853798,0.07824399322271347,0.5239999890327454,0.6172999739646912
YDR264C,YGR252W,1,-5.8539004,0.07838160544633865,0.5249999761581421,0.6172999739646912
YIL037C,YNL230C,0,-5.853902,0.07836990803480148,0.5249999761581421,0.6173999905586243
YMR137C,YHR067W,0,-5.854333,0.07835821062326431,0.5249999761581421,0.6175000071525574
YGR147C,YPR031W,1,-5.855561,0.07849574834108353,0.5260000228881836,0.6175000071525574
YCL038C,YFL041W,0,-5.855601,0.07848403602838516,0.5260000228881836,0.6176000237464905
YNL216W,YKR053C,0,-5.8556523,0.0784723237156868,0.5260000228881836,0.6176999807357788
YDL029W,YOL042W,0,-5.855669,0.07846061885356903,0.5260000228881836,0.6177999973297119
YIR009W,YPR191W,0,-5.855945,0.07844892144203186,0.5260000228881836,0.617900013923645
YDR172W,YDR224C,0,-5.8560324,0.07843722403049469,0.5260000228881836,0.6179999709129333
YLR305C,YGL213C,0,-5.856062,0.07842552661895752,0.5260000228881836,0.6180999875068665
YBR142W,YBR236C,0,-5.856188,0.07841383665800095,0.5260000228881836,0.6182000041007996
YKL015W,YMR204C,0,-5.856299,0.07840214669704437,0.5260000228881836,0.6183000206947327
YER042W,YMR106C,0,-5.8563337,0.0783904641866684,0.5260000228881836,0.618399977684021
YNL332W,YJL117W,0,-5.856393,0.07837878167629242,0.5260000228881836,0.6184999942779541
YBR102C,YLR275W,0,-5.8568106,0.07836710661649704,0.5260000228881836,0.6186000108718872
YGR224W,YOR058C,0,-5.856982,0.07835543155670166,0.5260000228881836,0.6187000274658203
YPL020C,YEL065W,0,-5.8571253,0.07834375649690628,0.5260000228881836,0.6187999844551086
YBR199W,YGL098W,0,-5.857136,0.0783320888876915,0.5260000228881836,0.6189000010490417
YOR008C,YOL164W,0,-5.8575244,0.07832042872905731,0.5260000228881836,0.6190000176429749
YGL001C,YKL051W,0,-5.857531,0.07830876857042313,0.5260000228881836,0.6190999746322632
YDL207W,YEL012W,0,-5.8575726,0.07829711586236954,0.5260000228881836,0.6191999912261963
YAL053W,YNL278W,0,-5.8578854,0.07828545570373535,0.5260000228881836,0.6193000078201294
YOL028C,YML097C,0,-5.857898,0.07827381044626236,0.5260000228881836,0.6194000244140625
YEL016C,YLR069C,0,-5.8580747,0.07826216518878937,0.5260000228881836,0.6194999814033508
YDR118W,YBR123C,0,-5.858489,0.07825051993131638,0.5260000228881836,0.6195999979972839
YJR031C,YBL056W,0,-5.8585544,0.07823888212442398,0.5260000228881836,0.619700014591217
YMR284W,YKR089C,0,-5.858567,0.07822724431753159,0.5260000228881836,0.6197999715805054
YDR214W,YHR091C,0,-5.85885,0.07821561396121979,0.5260000228881836,0.6198999881744385
YOR047C,YMR013C,0,-5.859338,0.07820398360490799,0.5260000228881836,0.6200000047683716
YPL174C,YFR009W,0,-5.8593726,0.07819236069917679,0.5260000228881836,0.6201000213623047
YJR021C,YOR266W,0,-5.8595123,0.07818073779344559,0.5260000228881836,0.620199978351593
YEL071W,YLR220W,0,-5.85988,0.07816912233829498,0.5260000228881836,0.6202999949455261
YDR488C,YMR302C,0,-5.8599033,0.07815750688314438,0.5260000228881836,0.6204000115394592
YOR147W,YOR191W,0,-5.859933,0.07814589142799377,0.5260000228881836,0.6205000281333923
YNR049C,YGL252C,0,-5.860016,0.07813428342342377,0.5260000228881836,0.6205999851226807
YPL119C,YPR154W,0,-5.860136,0.07812268286943436,0.5260000228881836,0.6207000017166138
YGR222W,YPL140C,0,-5.8602514,0.07811107486486435,0.5260000228881836,0.6208000183105469
YNL225C,YDR243C,0,-5.8605366,0.07809948176145554,0.5260000228881836,0.6208999752998352
YDL235C,YPR020W,0,-5.860938,0.07808788865804672,0.5260000228881836,0.6209999918937683
YPR001W,YOL145C,0,-5.86171,0.07807629555463791,0.5260000228881836,0.6211000084877014
YIL073C,YDR113C,0,-5.8621273,0.07806470990180969,0.5260000228881836,0.6212000250816345
YNR034W,YIL154C,0,-5.863043,0.07805312424898148,0.5260000228881836,0.6212999820709229
YGL144C,YCL067C,0,-5.8631334,0.07804154604673386,0.5260000228881836,0.621399998664856
YGR006W,YLR332W,0,-5.8632936,0.07802996784448624,0.5260000228881836,0.6215000152587891
YLR044C,YDR054C,0,-5.8633137,0.07801838964223862,0.5260000228881836,0.6215999722480774
YER029C,YPL196W,0,-5.863413,0.0780068188905716,0.5260000228881836,0.6216999888420105
YNL227C,YPL231W,0,-5.8634653,0.07799525558948517,0.5260000228881836,0.6218000054359436
YGR004W,YLR045C,0,-5.8636403,0.07798369228839874,0.5260000228881836,0.6219000220298767
YBL006C,YDL126C,0,-5.8638363,0.07797212898731232,0.5260000228881836,0.621999979019165
YOR359W,YML099C,0,-5.864049,0.07796057313680649,0.5260000228881836,0.6220999956130981
YLL009C,YBL023C,0,-5.8641,0.07794902473688126,0.5260000228881836,0.6222000122070312
YNL267W,YKL099C,0,-5.8641243,0.07793746888637543,0.5260000228881836,0.6223000288009644
YGL172W,YLR270W,0,-5.864196,0.07792592793703079,0.5260000228881836,0.6223999857902527
YOR008C,YER007W,0,-5.864252,0.07791437953710556,0.5260000228881836,0.6225000023841858
YPR051W,YJR082C,1,-5.864359,0.07805094867944717,0.5270000100135803,0.6225000023841858
YAR018C,YFL018C,0,-5.864557,0.07803939282894135,0.5270000100135803,0.6226000189781189
YEL061C,YPR081C,0,-5.864683,0.07802783697843552,0.5270000100135803,0.6226999759674072
YHR152W,YCL024W,0,-5.864727,0.07801628112792969,0.5270000100135803,0.6227999925613403
YKL143W,YDR382W,0,-5.864989,0.07800474017858505,0.5270000100135803,0.6229000091552734
YJL094C,YCL016C,0,-5.8653293,0.07799319177865982,0.5270000100135803,0.6230000257492065
YOL060C,YNL021W,0,-5.8654428,0.07798165082931519,0.5270000100135803,0.6230999827384949
YDR495C,YDL120W,0,-5.8655624,0.07797011733055115,0.5270000100135803,0.623199999332428
YDR122W,YGL162W,0,-5.865677,0.07795857638120651,0.5270000100135803,0.6233000159263611
YJL073W,YBR135W,0,-5.865947,0.07794705033302307,0.5270000100135803,0.6233999729156494
YPR082C,YBR042C,0,-5.8662386,0.07793552428483963,0.5270000100135803,0.6234999895095825
YDL102W,YLR145W,0,-5.8663464,0.07792399823665619,0.5270000100135803,0.6236000061035156
YGL019W,YJL128C,0,-5.866529,0.07791247963905334,0.5270000100135803,0.6237000226974487
YNL001W,YPL231W,0,-5.866577,0.0779009610414505,0.5270000100135803,0.6237999796867371
YLR034C,YBL056W,0,-5.866786,0.07788944989442825,0.5270000100135803,0.6238999962806702
YNL230C,YOR085W,0,-5.866927,0.077877938747406,0.5270000100135803,0.6240000128746033
YKR029C,YIL039W,0,-5.8669653,0.07786642760038376,0.5270000100135803,0.6241000294685364
YGL211W,YLR231C,0,-5.8670197,0.07785492390394211,0.5270000100135803,0.6241999864578247
YGR147C,YHR013C,1,-5.8670335,0.07799113541841507,0.527999997138977,0.6241999864578247
YER015W,YOL148C,1,-5.8670464,0.07812730967998505,0.5289999842643738,0.6241999864578247
YBL026W,YJR083C,0,-5.8670955,0.07811576873064041,0.5289999842643738,0.6243000030517578
YDR190C,YMR038C,0,-5.867174,0.07810423523187637,0.5289999842643738,0.6244000196456909
YJL139C,YIL061C,0,-5.867181,0.07809270918369293,0.5289999842643738,0.6244999766349792
YIR033W,YDR137W,0,-5.8672075,0.07808118313550949,0.5289999842643738,0.6245999932289124
YNL225C,YIL153W,0,-5.867341,0.07806965708732605,0.5289999842643738,0.6247000098228455
YGR244C,YGL003C,0,-5.8673487,0.0780581384897232,0.5289999842643738,0.6248000264167786
YNL272C,YKL099C,0,-5.867817,0.07804661989212036,0.5289999842643738,0.6248999834060669
YKL196C,YAL059W,0,-5.8683968,0.07803510874509811,0.5289999842643738,0.625
YJL115W,YDR145W,1,-5.868414,0.07817108929157257,0.5299999713897705,0.625
YDL161W,YDR046C,0,-5.868427,0.07815956324338913,0.5299999713897705,0.6251000165939331
YPR193C,YDL040C,1,-5.8685007,0.07829549163579941,0.531000018119812,0.6251000165939331
YML012W,YNL267W,0,-5.8686547,0.07828394323587418,0.531000018119812,0.6251999735832214
YBR084W,YMR246W,1,-5.8702054,0.07841981202363968,0.5320000052452087,0.6251999735832214
YOL148C,YDR448W,1,-5.8702393,0.0785556361079216,0.5329999923706055,0.6251999735832214
YIL135C,YIL085C,0,-5.8702507,0.07854405790567398,0.5329999923706055,0.6252999901771545
YOR142W,YNL091W,0,-5.870836,0.07853248715400696,0.5329999923706055,0.6254000067710876
YGL119W,YGL028C,0,-5.870866,0.07852091640233994,0.5329999923706055,0.6255000233650208
YGR239C,YDR079W,0,-5.871026,0.07850935310125351,0.5329999923706055,0.6255999803543091
YEL051W,YPR041W,0,-5.8713865,0.07849778980016708,0.5329999923706055,0.6256999969482422
YBR172C,YHR174W,0,-5.8713946,0.07848623394966125,0.5329999923706055,0.6258000135421753
YPL091W,YOR076C,0,-5.8714056,0.07847467809915543,0.5329999923706055,0.6258999705314636
YER151C,YJR010C-A,0,-5.87162,0.0784631222486496,0.5329999923706055,0.6259999871253967
YMR314W,YLR310C,0,-5.872816,0.07845157384872437,0.5329999923706055,0.6261000037193298
YJL011C,YJL087C,0,-5.87331,0.07844003289937973,0.5329999923706055,0.6262000203132629
YMR072W,YJL059W,0,-5.8733325,0.0784284844994545,0.5329999923706055,0.6262999773025513
YOL116W,YDL178W,0,-5.8733463,0.07841695100069046,0.5329999923706055,0.6263999938964844
YDL115C,YOL093W,0,-5.8733788,0.07840541005134583,0.5329999923706055,0.6265000104904175
YDR339C,YBR048W,0,-5.8734484,0.07839388400316238,0.5329999923706055,0.6266000270843506
YJR077C,YOL164W,0,-5.8741035,0.07838235050439835,0.5329999923706055,0.6266999840736389
YNR034W,YKL048C,0,-5.874201,0.0783708244562149,0.5329999923706055,0.626800000667572
YPR005C,YGR005C,0,-5.874408,0.07835930585861206,0.5329999923706055,0.6269000172615051
YDR308C,YFR009W,0,-5.874422,0.07834778726100922,0.5329999923706055,0.6269999742507935
YHR053C,YLR025W,0,-5.874691,0.07833627611398697,0.5329999923706055,0.6270999908447266
YLR335W,YBR215W,0,-5.87481,0.07832475751638412,0.5329999923706055,0.6272000074386597
YNL216W,YIL033C,0,-5.8749914,0.07831325381994247,0.5329999923706055,0.6273000240325928
YKL173W,YOR298C-A,0,-5.875001,0.07830175012350082,0.5329999923706055,0.6273999810218811
YHR167W,YOL145C,0,-5.8750362,0.07829024642705917,0.5329999923706055,0.6274999976158142
YHR027C,YJR044C,0,-5.8753915,0.07827875018119812,0.5329999923706055,0.6276000142097473
YGR014W,YER089C,0,-5.8758674,0.07826725393533707,0.5329999923706055,0.6276999711990356
YDR217C,YMR080C,0,-5.876069,0.07825576514005661,0.5329999923706055,0.6277999877929688
YLR272C,YNR031C,0,-5.876197,0.07824427634477615,0.5329999923706055,0.6279000043869019
YDR218C,YNR038W,0,-5.876217,0.0782327875494957,0.5329999923706055,0.628000020980835
YBR273C,YML126C,0,-5.876635,0.07822130620479584,0.5329999923706055,0.6280999779701233
YHR190W,YDR507C,0,-5.8768563,0.07820983231067657,0.5329999923706055,0.6281999945640564
YLR009W,YEL034W,0,-5.877094,0.07819835841655731,0.5329999923706055,0.6283000111579895
YOR315W,YJL005W,0,-5.877446,0.07818688452243805,0.5329999923706055,0.6284000277519226
YJL094C,YCR026C,0,-5.877563,0.07817541807889938,0.5329999923706055,0.6284999847412109
YLR394W,YOL005C,0,-5.8777637,0.07816395163536072,0.5329999923706055,0.628600001335144
YPL124W,YJR050W,0,-5.8779287,0.07815249264240265,0.5329999923706055,0.6287000179290771
YPR051W,YOR064C,1,-5.8781524,0.07828763872385025,0.5339999794960022,0.6287000179290771
YOR327C,YOR076C,0,-5.8786364,0.07827616482973099,0.5339999794960022,0.6287999749183655
YNL072W,YLR449W,0,-5.8788757,0.07826469093561172,0.5339999794960022,0.6288999915122986
YNL041C,YOL142W,0,-5.878887,0.07825322449207306,0.5339999794960022,0.6290000081062317
YJR082C,YEL066W,1,-5.8791966,0.0783882811665535,0.5350000262260437,0.6290000081062317
YJL201W,YKR025W,0,-5.8792396,0.07837679237127304,0.5350000262260437,0.6291000247001648
YKL058W,YMR008C,0,-5.8797555,0.07836531102657318,0.5350000262260437,0.6291999816894531
YCR091W,YBR286W,0,-5.879891,0.07835383713245392,0.5350000262260437,0.6292999982833862
YGR197C,YFL008W,0,-5.8798957,0.07834236323833466,0.5350000262260437,0.6294000148773193
YBR110W,YLR116W,0,-5.8799186,0.07833089679479599,0.5350000262260437,0.6294999718666077
YGR040W,YMR076C,0,-5.880187,0.07831942290067673,0.5350000262260437,0.6295999884605408
YKL189W,YJR121W,0,-5.8806267,0.07830796390771866,0.5350000262260437,0.6297000050544739
YKL212W,YNL009W,0,-5.880886,0.07829650491476059,0.5350000262260437,0.629800021648407
YDR513W,YFL038C,0,-5.8809757,0.07828504592180252,0.5350000262260437,0.6298999786376953
YKL195W,YHR066W,0,-5.881181,0.07827359437942505,0.5350000262260437,0.6299999952316284
YKL012W,YAL021C,0,-5.8812037,0.07826214283704758,0.5350000262260437,0.6301000118255615
YPR188C,YOL054W,0,-5.881213,0.0782506912946701,0.5350000262260437,0.6302000284194946
YHR073W,YBL023C,0,-5.881304,0.07823925465345383,0.5350000262260437,0.630299985408783
YOL078W,YGR092W,0,-5.881507,0.07822781056165695,0.5350000262260437,0.6304000020027161
YBR029C,YGR056W,0,-5.8819537,0.07821637392044067,0.5350000262260437,0.6305000185966492
YER051W,YOR081C,0,-5.882245,0.0782049372792244,0.5350000262260437,0.6305999755859375
YGL211W,YBL003C,0,-5.8824034,0.07819350808858871,0.5350000262260437,0.6306999921798706
YPL214C,YPR046W,0,-5.882492,0.07818208634853363,0.5350000262260437,0.6308000087738037
YML102W,YDR295C,0,-5.8826303,0.07817065715789795,0.5350000262260437,0.6309000253677368
YPR046W,YGR075C,0,-5.882965,0.07815924286842346,0.5350000262260437,0.6309999823570251
YML029W,YGL209W,0,-5.882984,0.07814782112836838,0.5350000262260437,0.6310999989509583
YPL125W,YBR093C,0,-5.8831363,0.07813640683889389,0.5350000262260437,0.6312000155448914
YAL032C,YDL217C,0,-5.883187,0.078125,0.5350000262260437,0.6312999725341797
YOL012C,YEL026W,0,-5.8833,0.07811359316110611,0.5350000262260437,0.6313999891281128
YLR045C,YGL099W,0,-5.8834324,0.07810218632221222,0.5350000262260437,0.6315000057220459
YGR040W,YLR023C,0,-5.883691,0.07809078693389893,0.5350000262260437,0.631600022315979
YBL030C,YPL180W,0,-5.883829,0.07807939499616623,0.5350000262260437,0.6316999793052673
YEL053C,YPR023C,1,-5.8838873,0.07821392267942429,0.5360000133514404,0.6316999793052673
YDL224C,YOL097C,0,-5.884204,0.0782025083899498,0.5360000133514404,0.6317999958992004
YKL117W,YKR002W,0,-5.884564,0.07819110155105591,0.5360000133514404,0.6319000124931335
YCR012W,YOR213C,0,-5.8847203,0.07817969471216202,0.5360000133514404,0.6320000290870667
YBR196C,YER041W,0,-5.884841,0.07816829532384872,0.5360000133514404,0.632099986076355
YPL101W,YGL155W,0,-5.884927,0.07815689593553543,0.5360000133514404,0.6322000026702881
YAL033W,YPL131W,0,-5.8850765,0.07814550399780273,0.5360000133514404,0.6323000192642212
YNL166C,YMR283C,0,-5.8851876,0.07813411206007004,0.5360000133514404,0.6323999762535095
YEL022W,YMR250W,0,-5.8852534,0.07812272012233734,0.5360000133514404,0.6324999928474426
YJL052W,YJL148W,0,-5.885629,0.07811133563518524,0.5360000133514404,0.6326000094413757
YHR106W,YKL135C,0,-5.885762,0.07809995859861374,0.5360000133514404,0.6327000260353088
YDR486C,YPL028W,0,-5.885968,0.07808858156204224,0.5360000133514404,0.6327999830245972
YPR051W,YGL066W,1,-5.886101,0.07822287082672119,0.5370000004768372,0.6327999830245972
YOR076C,YBL057C,0,-5.886389,0.0782114788889885,0.5370000004768372,0.6328999996185303
YOL108C,YER169W,0,-5.8864923,0.0782000869512558,0.5370000004768372,0.6330000162124634
YGL020C,YGR072W,0,-5.886711,0.0781887024641037,0.5370000004768372,0.6330999732017517
YKR022C,YAL030W,0,-5.8869247,0.0781773179769516,0.5370000004768372,0.6331999897956848
YOL055C,YCL055W,0,-5.887069,0.0781659409403801,0.5370000004768372,0.6333000063896179
YKL110C,YIL123W,0,-5.887129,0.0781545639038086,0.5370000004768372,0.633400022983551
YER122C,YGL180W,0,-5.887366,0.07814318686723709,0.5370000004768372,0.6334999799728394
YKR022C,YOR123C,0,-5.8876843,0.07813181728124619,0.5370000004768372,0.6335999965667725
YML049C,YGL172W,0,-5.8880444,0.07812045514583588,0.5370000004768372,0.6337000131607056
YLL002W,YFL024C,1,-5.8883696,0.07825454324483871,0.5379999876022339,0.6337000131607056
YDL226C,YBR201W,0,-5.8884416,0.07824316620826721,0.5379999876022339,0.6338000297546387
YGR145W,YKR028W,0,-5.8887672,0.07823178917169571,0.5379999876022339,0.633899986743927
YJL026W,YAL038W,0,-5.888797,0.0782204121351242,0.5379999876022339,0.6340000033378601
YNR016C,YHR008C,0,-5.8889947,0.0782090425491333,0.5379999876022339,0.6341000199317932
YCR075C,YLR360W,0,-5.889352,0.0781976729631424,0.5379999876022339,0.6341999769210815
YKL004W,YJL062W,0,-5.8893857,0.07818631082773209,0.5379999876022339,0.6342999935150146
YMR125W,YDR005C,0,-5.889447,0.07817494869232178,0.5379999876022339,0.6344000101089478
YNL268W,YEL065W,0,-5.8895907,0.07816359400749207,0.5379999876022339,0.6345000267028809
YPR083W,YHR143W-A,0,-5.8896832,0.07815223932266235,0.5379999876022339,0.6345999836921692
YGR057C,YBR211C,0,-5.8897376,0.07814088463783264,0.5379999876022339,0.6347000002861023
YPR037C,YBL008W,0,-5.8898087,0.07812953740358353,0.5379999876022339,0.6348000168800354
YLR378C,YBR207W,0,-5.890051,0.07811819016933441,0.5379999876022339,0.6348999738693237
YGL062W,YDR382W,0,-5.890188,0.0781068503856659,0.5379999876022339,0.6349999904632568
YPL212C,YDR212W,0,-5.890217,0.07809551805257797,0.5379999876022339,0.6351000070571899
YER051W,YPL155C,0,-5.8902264,0.07808417826890945,0.5379999876022339,0.635200023651123
YKL166C,YGL166W,0,-5.8902893,0.07807284593582153,0.5379999876022339,0.6352999806404114
YNR059W,YHR068W,0,-5.8903875,0.07806152105331421,0.5379999876022339,0.6353999972343445
YMR036C,YGR077C,0,-5.8907595,0.07805019617080688,0.5379999876022339,0.6355000138282776
YJL081C,YPL001W,1,-5.8910375,0.07818392664194107,0.5389999747276306,0.6355000138282776
YDR046C,YLR248W,0,-5.891213,0.07817258685827255,0.5389999747276306,0.6355999708175659
YPL092W,YMR153W,0,-5.891391,0.07816125452518463,0.5389999747276306,0.635699987411499
YMR308C,YOL054W,0,-5.891688,0.07814992219209671,0.5389999747276306,0.6358000040054321
YPR042C,YOR002W,0,-5.892297,0.07813858985900879,0.5389999747276306,0.6359000205993652
YER070W,YBR106W,0,-5.892326,0.07812726497650146,0.5389999747276306,0.6359999775886536
YLR182W,YDR060W,0,-5.8928623,0.07811594009399414,0.5389999747276306,0.6360999941825867
YDR190C,YNL271C,0,-5.893162,0.07810462266206741,0.5389999747276306,0.6362000107765198
YGR113W,YIL106W,0,-5.8932734,0.07809330523014069,0.5389999747276306,0.6363000273704529
YPL022W,YBR048W,0,-5.893725,0.07808199524879456,0.5389999747276306,0.6363999843597412
YKL012W,YLR427W,0,-5.89385,0.07807068526744843,0.5389999747276306,0.6365000009536743
YIL142W,YOR140W,0,-5.893967,0.0780593752861023,0.5389999747276306,0.6366000175476074
YGR057C,YJL008C,0,-5.8941154,0.07804807275533676,0.5389999747276306,0.6366999745368958
YOR288C,YOR213C,0,-5.8942614,0.07803677767515182,0.5389999747276306,0.6367999911308289
YEL051W,YBR243C,0,-5.8946342,0.07802547514438629,0.5389999747276306,0.636900007724762
YLR431C,YAL043C,0,-5.8948603,0.07801418751478195,0.5389999747276306,0.6370000243186951
YNR010W,YLR275W,0,-5.8951006,0.07800289243459702,0.5389999747276306,0.6370999813079834
YLR135W,YNL160W,0,-5.8953137,0.07799160480499268,0.5389999747276306,0.6371999979019165
YLR429W,YPR108W,0,-5.8953753,0.07798032462596893,0.5389999747276306,0.6373000144958496
YML036W,YBR089C-A,0,-5.8957143,0.07796904444694519,0.5389999747276306,0.6373999714851379
YOL110W,YFL024C,1,-5.895933,0.07810240238904953,0.5400000214576721,0.6373999714851379
YMR201C,YFL016C,0,-5.8961334,0.0780911073088646,0.5400000214576721,0.637499988079071
YML069W,YPL086C,0,-5.8964076,0.07807981222867966,0.5400000214576721,0.6376000046730042
YDR163W,YDR228C,0,-5.896476,0.07806852459907532,0.5400000214576721,0.6377000212669373
YGL071W,YFR003C,0,-5.8969965,0.07805724442005157,0.5400000214576721,0.6377999782562256
YGR221C,YPR168W,0,-5.8970757,0.07804595679044724,0.5400000214576721,0.6378999948501587
YDR191W,YDR363W,0,-5.897202,0.07803468406200409,0.5400000214576721,0.6380000114440918
YDR284C,YOR213C,0,-5.8976593,0.07802340388298035,0.5400000214576721,0.6381000280380249
YCL029C,YMR272C,0,-5.8979473,0.0780121386051178,0.5400000214576721,0.6381999850273132
YBR167C,YBL088C,0,-5.897984,0.07800086587667465,0.5400000214576721,0.6383000016212463
YFL024C,YPL001W,1,-5.898003,0.07813403010368347,0.5410000085830688,0.6383000016212463
YNR046W,YDR320C,0,-5.898183,0.07812274247407913,0.5410000085830688,0.6384000182151794
YMR213W,YBR240C,0,-5.898243,0.07811146229505539,0.5410000085830688,0.6384999752044678
YHL047C,YNL085W,0,-5.898263,0.07810018956661224,0.5410000085830688,0.6385999917984009
YGL066W,YEL056W,1,-5.8982825,0.0782332569360733,0.5419999957084656,0.6385999917984009
YIL132C,YLR234W,0,-5.898341,0.07822196930646896,0.5419999957084656,0.638700008392334
YFL018C,YBR156C,0,-5.898737,0.07821068167686462,0.5419999957084656,0.6388000249862671
YML086C,YDL045C,0,-5.898903,0.07819939404726028,0.5419999957084656,0.6388999819755554
YDR040C,YJL148W,0,-5.8989515,0.07818811386823654,0.5419999957084656,0.6389999985694885
YER177W,YBL014C,0,-5.899858,0.0781768336892128,0.5419999957084656,0.6391000151634216
YNL310C,YJR025C,0,-5.899861,0.07816556096076965,0.5419999957084656,0.63919997215271
YAL035W,YNL267W,0,-5.900354,0.07815428823232651,0.5419999957084656,0.6392999887466431
YGR036C,YGL016W,0,-5.900453,0.07814302295446396,0.5419999957084656,0.6394000053405762
YGR206W,YMR044W,0,-5.9005537,0.07813175767660141,0.5419999957084656,0.6395000219345093
YMR240C,YNR031C,0,-5.9007154,0.07812049239873886,0.5419999957084656,0.6395999789237976
YDR479C,YDR069C,0,-5.9007406,0.07810923457145691,0.5419999957084656,0.6396999955177307
YMR097C,YIL049W,0,-5.900847,0.07809798419475555,0.5419999957084656,0.6398000121116638
YDL161W,YNL106C,0,-5.900858,0.0780867338180542,0.5419999957084656,0.6399000287055969
YMR023C,YLR417W,0,-5.9008613,0.07807548344135284,0.5419999957084656,0.6399999856948853
YJR090C,YPL202C,0,-5.9008675,0.07806424051523209,0.5419999957084656,0.6401000022888184
YBR088C,YKL197C,0,-5.9009867,0.07805299758911133,0.5419999957084656,0.6402000188827515
YML074C,YCR084C,0,-5.9013395,0.07804175466299057,0.5419999957084656,0.6402999758720398
YLR228C,YML015C,0,-5.9014587,0.07803051918745041,0.5419999957084656,0.6403999924659729
YNL054W,YHR014W,0,-5.901511,0.07801929116249084,0.5419999957084656,0.640500009059906
YOL095C,YNL273W,0,-5.9017105,0.07800806313753128,0.5419999957084656,0.6406000256538391
YLR332W,YMR013C,0,-5.901839,0.07799683511257172,0.5419999957084656,0.6406999826431274
YFL024C,YEL066W,1,-5.9018993,0.07812949270009995,0.5429999828338623,0.6406999826431274
YJL036W,YNL309W,0,-5.902419,0.07811825722455978,0.5429999828338623,0.6407999992370605
YDR437W,YNL117W,0,-5.9025307,0.07810702174901962,0.5429999828338623,0.6409000158309937
YDR384C,YML073C,0,-5.9029117,0.07809578627347946,0.5429999828338623,0.640999972820282
YOL008W,YPL153C,0,-5.90294,0.0780845582485199,0.5429999828338623,0.6410999894142151
YOR317W,YHR099W,1,-5.903219,0.07821711152791977,0.5440000295639038,0.6410999894142151
YIR041W,YBR077C,0,-5.9034753,0.07820586860179901,0.5440000295639038,0.6412000060081482
YBR097W,YMR025W,0,-5.903564,0.07819462567567825,0.5440000295639038,0.6413000226020813
YCL010C,YEL066W,1,-5.9035764,0.07832710444927216,0.5450000166893005,0.6413000226020813
YOL072W,YER168C,0,-5.9039683,0.0783158466219902,0.5450000166893005,0.6413999795913696
YDR288W,YPL161C,0,-5.9040985,0.07830459624528885,0.5450000166893005,0.6414999961853027
YER148W,YNL099C,0,-5.904377,0.0782933458685875,0.5450000166893005,0.6416000127792358
YOR174W,YNL037C,0,-5.9046946,0.07828210294246674,0.5450000166893005,0.641700029373169
YCR012W,YNL002C,0,-5.9047174,0.07827086001634598,0.5450000166893005,0.6417999863624573
YER015W,YOR023C,1,-5.9048576,0.07840321958065033,0.5460000038146973,0.6417999863624573
YCL034W,YOR069W,0,-5.904937,0.07839196175336838,0.5460000038146973,0.6419000029563904
YNL070W,YEL034W,0,-5.9050264,0.07838070392608643,0.5460000038146973,0.6420000195503235
YBR212W,YPL097W,0,-5.905381,0.07836945354938507,0.5460000038146973,0.6420999765396118
YER015W,YPL001W,1,-5.905409,0.07850172370672226,0.546999990940094,0.6420999765396118
YNL177C,YFR002W,0,-5.9055157,0.07849045842885971,0.546999990940094,0.6421999931335449
YOR023C,YHR090C,1,-5.905581,0.07862266898155212,0.5479999780654907,0.6421999931335449
YPL065W,YPL059W,0,-5.9057913,0.07861138880252838,0.5479999780654907,0.642300009727478
YCL004W,YFL055W,0,-5.9059067,0.07860011607408524,0.5479999780654907,0.6424000263214111
YDL007W,YLL013C,0,-5.9060726,0.07858884334564209,0.5479999780654907,0.6424999833106995
YAR018C,YNL085W,0,-5.9061737,0.07857757061719894,0.5479999780654907,0.6425999999046326
YFL045C,YNL262W,0,-5.90636,0.0785663053393364,0.5479999780654907,0.6427000164985657
YPL130W,YOR209C,0,-5.9070473,0.07855504751205444,0.5479999780654907,0.642799973487854
YER073W,YNL272C,0,-5.907143,0.07854378968477249,0.5479999780654907,0.6428999900817871
YDL022W,YNL154C,0,-5.9073105,0.07853253185749054,0.5479999780654907,0.6430000066757202
YMR247C,YGL048C,0,-5.9076247,0.07852128148078918,0.5479999780654907,0.6431000232696533
YIL118W,YMR199W,0,-5.908188,0.07851003110408783,0.5479999780654907,0.6431999802589417
YJL080C,YDR460W,0,-5.90839,0.07849878072738647,0.5479999780654907,0.6432999968528748
YJL004C,YBR107C,0,-5.908571,0.07848753780126572,0.5479999780654907,0.6434000134468079
YER005W,YOL109W,0,-5.9087467,0.07847630232572556,0.5479999780654907,0.6434999704360962
YDR484W,YDL235C,0,-5.9087667,0.0784650593996048,0.5479999780654907,0.6435999870300293
YJR082C,YGR252W,1,-5.9089584,0.07859699428081512,0.5490000247955322,0.6435999870300293
YOR117W,YIR002C,0,-5.9092436,0.07858574390411377,0.5490000247955322,0.6437000036239624
YER042W,YIL138C,0,-5.9094305,0.07857449352741241,0.5490000247955322,0.6438000202178955
YOL051W,YGR289C,0,-5.909734,0.07856325060129166,0.5490000247955322,0.6438999772071838
YNL073W,YDR228C,0,-5.9099245,0.0785520076751709,0.5490000247955322,0.6439999938011169
YNR046W,YCR077C,0,-5.9111385,0.07854077219963074,0.5490000247955322,0.64410001039505
YOL008W,YPL224C,0,-5.9114285,0.07852953672409058,0.5490000247955322,0.6442000269889832
YPL022W,YOL135C,0,-5.91174,0.07851830869913101,0.5490000247955322,0.6442999839782715
YKL017C,YBR089C-A,0,-5.9117785,0.07850708067417145,0.5490000247955322,0.6444000005722046
YNL147W,YIL106W,0,-5.9118237,0.07849585264921188,0.5490000247955322,0.6445000171661377
YBR260C,YMR058W,0,-5.912222,0.07848463207483292,0.5490000247955322,0.644599974155426
YLL042C,YOR288C,0,-5.912258,0.07847341150045395,0.5490000247955322,0.6446999907493591
YAL054C,YDR264C,1,-5.9122624,0.07860511541366577,0.550000011920929,0.6446999907493591
YDR201W,YNL099C,0,-5.9123373,0.07859388738870621,0.550000011920929,0.6448000073432922
YPL061W,YDL126C,0,-5.9124184,0.07858265191316605,0.550000011920929,0.6449000239372253
YBR083W,YDL181W,0,-5.9126663,0.07857143133878708,0.550000011920929,0.6449999809265137
YOR224C,YDR443C,0,-5.9127827,0.07856020331382751,0.550000011920929,0.6450999975204468
YGR227W,YER119C,0,-5.912921,0.07854898273944855,0.550000011920929,0.6452000141143799
YIL013C,YGL151W,0,-5.9130363,0.07853776961565018,0.550000011920929,0.6452999711036682
YFL024C,YGR002C,1,-5.913126,0.07866933196783066,0.5509999990463257,0.6452999711036682
YNL068C,YBL003C,0,-5.9135065,0.0786581039428711,0.5509999990463257,0.6453999876976013
YJL008C,YIL150C,0,-5.9135857,0.07864687591791153,0.5509999990463257,0.6455000042915344
YKL149C,YLR316C,0,-5.913739,0.07863564789295197,0.5509999990463257,0.6456000208854675
YBR084W,YEL056W,1,-5.913827,0.07876712083816528,0.5519999861717224,0.6456000208854675
YGR179C,YDL108W,0,-5.9138756,0.07875588536262512,0.5519999861717224,0.6456999778747559
YGL200C,YLL011W,0,-5.9140434,0.07874464988708496,0.5519999861717224,0.645799994468689
YER095W,YKL214C,0,-5.914048,0.0787334218621254,0.5519999861717224,0.6459000110626221
YHR171W,YGR077C,0,-5.9143124,0.07872219383716583,0.5519999861717224,0.6460000276565552
YDR448W,YDR145W,1,-5.9145236,0.0788535550236702,0.5529999732971191,0.6460000276565552
YDR507C,YBR009C,0,-5.9145765,0.07884231209754944,0.5529999732971191,0.6460999846458435
YGR134W,YOR148C,0,-5.914798,0.07883107662200928,0.5529999732971191,0.6462000012397766
YDL095W,YPL137C,0,-5.9148536,0.07881984114646912,0.5529999732971191,0.6463000178337097
YNR007C,YCL029C,0,-5.915366,0.07880860567092896,0.5529999732971191,0.646399974822998
YNL227C,YOL088C,0,-5.91538,0.07879737764596939,0.5529999732971191,0.6464999914169312
YMR272C,YMR146C,0,-5.91544,0.07878614962100983,0.5529999732971191,0.6466000080108643
YBR168W,YJL090C,0,-5.9159193,0.07877492904663086,0.5529999732971191,0.6467000246047974
YML034W,YDR432W,0,-5.9162693,0.07876370847225189,0.5529999732971191,0.6467999815940857
YFL050C,YMR175W,0,-5.916406,0.07875249534845352,0.5529999732971191,0.6468999981880188
YAR008W,YBR207W,0,-5.916582,0.07874128222465515,0.5529999732971191,0.6470000147819519
YLR080W,YDL200C,0,-5.9166536,0.07873006910085678,0.5529999732971191,0.6470999717712402
YJL010C,YCL025C,0,-5.916787,0.07871886342763901,0.5529999732971191,0.6471999883651733
YBR164C,YER008C,0,-5.916793,0.07870765775442123,0.5529999732971191,0.6473000049591064
YDL056W,YOR151C,0,-5.916848,0.07869645953178406,0.5529999732971191,0.6474000215530396
YLR295C,YPL195W,0,-5.916891,0.07868526130914688,0.5529999732971191,0.6474999785423279
YIL115C,YOR257W,0,-5.917058,0.0786740630865097,0.5529999732971191,0.647599995136261
YOR081C,YMR060C,0,-5.917087,0.07866287231445312,0.5529999732971191,0.6477000117301941
YPR082C,YPR190C,0,-5.9174886,0.07865168899297714,0.5529999732971191,0.6478000283241272
YDL043C,YGR005C,0,-5.917618,0.07864049822092056,0.5529999732971191,0.6478999853134155
YDR448W,YGR147C,1,-5.9176464,0.07877150923013687,0.5540000200271606,0.6478999853134155
YLR370C,YGL119W,0,-5.9176702,0.0787603035569191,0.5540000200271606,0.6480000019073486
YAL054C,YOR023C,1,-5.9177,0.07889125496149063,0.5550000071525574,0.6480000019073486
YOL076W,YLR195C,1,-5.9177012,0.07902216911315918,0.5559999942779541,0.6480000019073486
YJR091C,YKR022C,0,-5.917831,0.07901094108819962,0.5559999942779541,0.6481000185012817
YPR031W,YJL081C,1,-5.9179764,0.07914180308580399,0.5569999814033508,0.6481000185012817
YPL155C,YPL022W,0,-5.918284,0.07913056015968323,0.5569999814033508,0.6481999754905701
YGL032C,YDR076W,0,-5.9183826,0.07911931723356247,0.5569999814033508,0.6482999920845032
YBR022W,YNL197C,0,-5.918667,0.07910808175802231,0.5569999814033508,0.6484000086784363
YEL029C,YHR036W,0,-5.918989,0.07909684628248215,0.5569999814033508,0.6485000252723694
YNL287W,YNL072W,0,-5.9191256,0.07908561825752258,0.5569999814033508,0.6485999822616577
YNR016C,YGR059W,0,-5.919195,0.07907439023256302,0.5569999814033508,0.6486999988555908
YOL011W,YOL104C,0,-5.919243,0.07906316220760345,0.5569999814033508,0.6488000154495239
YGL219C,YGR258C,0,-5.919737,0.07905194163322449,0.5569999814033508,0.6488999724388123
YNL156C,YPL092W,0,-5.9198093,0.07904072850942612,0.5569999814033508,0.6489999890327454
YOL031C,YML057W,0,-5.920088,0.07902951538562775,0.5569999814033508,0.6491000056266785
YOL011W,YLR172C,0,-5.9200897,0.07901830226182938,0.5569999814033508,0.6492000222206116
YCR005C,YDR460W,0,-5.9202504,0.079007089138031,0.5569999814033508,0.6492999792098999
YNR015W,YBL047C,0,-5.9211144,0.07899588346481323,0.5569999814033508,0.649399995803833
YBR034C,YML059C,0,-5.9211693,0.07898468524217606,0.5569999814033508,0.6495000123977661
YLR369W,YOR206W,0,-5.9212546,0.07897348701953888,0.5569999814033508,0.6496000289916992
YDR137W,YJL184W,0,-5.9214315,0.0789622887969017,0.5569999814033508,0.6496999859809875
YNR058W,YNR060W,0,-5.9214525,0.07895109802484512,0.5569999814033508,0.6498000025749207
YKL140W,YGL192W,0,-5.921912,0.07893990725278854,0.5569999814033508,0.6499000191688538
YOR023C,YOR253W,1,-5.9219294,0.07907042652368546,0.5580000281333923,0.6499000191688538
YMR053C,YKR066C,0,-5.9221697,0.07905922085046768,0.5580000281333923,0.6499999761581421
YCR026C,YOR148C,0,-5.9221716,0.0790480226278305,0.5580000281333923,0.6500999927520752
YBR038W,YBR089C-A,0,-5.9226093,0.07903682440519333,0.5580000281333923,0.6502000093460083
YBR212W,YNL049C,0,-5.9227552,0.07902563363313675,0.5580000281333923,0.6503000259399414
YCR012W,YMR268C,0,-5.922759,0.07901444286108017,0.5580000281333923,0.6503999829292297
YLR378C,YDR478W,0,-5.922801,0.07900325953960419,0.5580000281333923,0.6504999995231628
YGR074W,YBR228W,0,-5.923045,0.07899206876754761,0.5580000281333923,0.650600016117096
YNL117W,YML008C,0,-5.9235163,0.07898089289665222,0.5580000281333923,0.6506999731063843
YGL087C,YGL100W,0,-5.9235864,0.07896971702575684,0.5580000281333923,0.6507999897003174
YBL026W,YCR092C,0,-5.923607,0.07895854115486145,0.5580000281333923,0.6509000062942505
YFL024C,YDR145W,1,-5.923635,0.07908885180950165,0.5590000152587891,0.6509000062942505
YJL085W,YPL156C,0,-5.923854,0.07907766103744507,0.5590000152587891,0.6510000228881836
YDL084W,YJL134W,0,-5.9241996,0.07906647771596909,0.5590000152587891,0.6510999798774719
YKR057W,YBL080C,0,-5.9246616,0.0790552943944931,0.5590000152587891,0.651199996471405
YPR134W,YKR034W,0,-5.9248137,0.07904411852359772,0.5590000152587891,0.6513000130653381
YGL119W,YDR276C,0,-5.925339,0.07903294265270233,0.5590000152587891,0.6514000296592712
YOL102C,YNL197C,0,-5.9253407,0.07902176678180695,0.5590000152587891,0.6514999866485596
YOR133W,YHR034C,0,-5.9256206,0.07901059836149216,0.5590000152587891,0.6516000032424927
YGL071W,YIL039W,0,-5.925666,0.07899943739175797,0.5590000152587891,0.6517000198364258
YIL061C,YJL203W,0,-5.925729,0.07898826897144318,0.5590000152587891,0.6517999768257141
YGL006W,YLR014C,0,-5.9257555,0.07897711545228958,0.5590000152587891,0.6518999934196472
YER118C,YPL258C,0,-5.9258504,0.07896595448255539,0.5590000152587891,0.6520000100135803
YLR354C,YMR293C,0,-5.925928,0.0789548009634018,0.5590000152587891,0.6521000266075134
YJR021C,YMR285C,0,-5.9259644,0.0789436548948288,0.5590000152587891,0.6521999835968018
YDR389W,YDL200C,0,-5.926187,0.0789325013756752,0.5590000152587891,0.6523000001907349
YMR058W,YLR376C,0,-5.9266863,0.0789213627576828,0.5590000152587891,0.652400016784668
YLR044C,YDR297W,0,-5.9268475,0.0789102166891098,0.5590000152587891,0.6524999737739563
YDL102W,YOL066C,0,-5.9269657,0.078899085521698,0.5590000152587891,0.6525999903678894
YDR055W,YLR398C,0,-5.9270344,0.0788879469037056,0.5590000152587891,0.6527000069618225
YDR448W,YEL056W,1,-5.927328,0.07901792228221893,0.5600000023841858,0.6527000069618225
YDL207W,YNL281W,0,-5.927394,0.07900676876306534,0.5600000023841858,0.6528000235557556
YPL179W,YGR239C,0,-5.927555,0.07899563014507294,0.5600000023841858,0.652899980545044
YFL016C,YGL136C,0,-5.9277983,0.07898448407649994,0.5600000023841858,0.652999997138977
YEL061C,YDL226C,0,-5.927862,0.07897334545850754,0.5600000023841858,0.6531000137329102
YDL030W,YDR088C,0,-5.9279823,0.07896221429109573,0.5600000023841858,0.6531999707221985
YKL021C,YMR272C,0,-5.928065,0.07895107567310333,0.5600000023841858,0.6532999873161316
YLL002W,YEL053C,1,-5.928074,0.07908091694116592,0.5609999895095825,0.6532999873161316
YOL009C,YBL006C,0,-5.9283733,0.07906977087259293,0.5609999895095825,0.6534000039100647
YOR034C,YFL024C,1,-5.928396,0.07919955253601074,0.5619999766349792,0.6534000039100647
YHR157W,YNL121C,0,-5.92893,0.07918839156627655,0.5619999766349792,0.6535000205039978
YJR140C,YPL266W,0,-5.9290214,0.07917723059654236,0.5619999766349792,0.6535999774932861
YLR423C,YKR097W,0,-5.9290285,0.07916607707738876,0.5619999766349792,0.6536999940872192
YCR027C,YLR144C,0,-5.9290533,0.07915493100881577,0.5619999766349792,0.6538000106811523
YLR385C,YBR260C,0,-5.9290857,0.07914378494024277,0.5619999766349792,0.6539000272750854
YNL054W,YGL206C,0,-5.929193,0.07913263887166977,0.5619999766349792,0.6539999842643738
YLR330W,YOR209C,0,-5.9292707,0.07912150025367737,0.5619999766349792,0.6541000008583069
YMR041C,YPR020W,0,-5.9301786,0.07911036163568497,0.5619999766349792,0.65420001745224
YIL122W,YOL138C,0,-5.9305124,0.07909922301769257,0.5619999766349792,0.6542999744415283
YIL110W,YAL043C,0,-5.9308915,0.07908809185028076,0.5619999766349792,0.6543999910354614
YJL187C,YKR008W,0,-5.9313364,0.07907696813344955,0.5619999766349792,0.6545000076293945
YMR260C,YIL112W,0,-5.931576,0.07906584441661835,0.5619999766349792,0.6546000242233276
YDR308C,YIL019W,0,-5.9321427,0.07905472069978714,0.5619999766349792,0.654699981212616
YCL010C,YOR253W,1,-5.932187,0.07918424904346466,0.5630000233650208,0.654699981212616
YCL010C,YGL066W,1,-5.9326267,0.0793137401342392,0.5640000104904175,0.654699981212616
YOR045W,YNL297C,0,-5.9326444,0.0793025866150856,0.5640000104904175,0.6547999978065491
YKR007W,YPL063W,0,-5.9326644,0.0792914405465126,0.5640000104904175,0.6549000144004822
YMR036C,YNL026W,0,-5.9327583,0.0792802944779396,0.5640000104904175,0.6549999713897705
YKL166C,YOR281C,0,-5.9327965,0.07926914840936661,0.5640000104904175,0.6550999879837036
YIL066C,YNR043W,0,-5.9329014,0.0792580097913742,0.5640000104904175,0.6552000045776367
YHR090C,YGR002C,1,-5.9330454,0.07938738167285919,0.5649999976158142,0.6552000045776367
YGR197C,YIL112W,0,-5.9333024,0.0793762281537056,0.5649999976158142,0.6553000211715698
YOL148C,YHR090C,1,-5.933323,0.0795055478811264,0.5659999847412109,0.6553000211715698
YOL076W,YOL110W,1,-5.933325,0.07963483035564423,0.5669999718666077,0.6553000211715698
YOR142W,YMR322C,0,-5.93336,0.07962364703416824,0.5669999718666077,0.6553999781608582
YIR009W,YML118W,0,-5.9340744,0.07961247116327286,0.5669999718666077,0.6554999947547913
YHR099W,YLR195C,1,-5.9342246,0.07974167913198471,0.5680000185966492,0.6554999947547913
YJL011C,YHR084W,0,-5.9342947,0.07973048835992813,0.5680000185966492,0.6556000113487244
YHL006C,YOR206W,0,-5.934557,0.07971929758787155,0.5680000185966492,0.6557000279426575
YDR292C,YHL024W,0,-5.934617,0.07970811426639557,0.5680000185966492,0.6557999849319458
YNL274C,YFR037C,0,-5.9347897,0.07969692349433899,0.5680000185966492,0.6559000015258789
YNR032W,YML041C,0,-5.934883,0.0796857476234436,0.5680000185966492,0.656000018119812
YIL014W,YGL209W,0,-5.934906,0.07967457175254822,0.5680000185966492,0.6560999751091003
YBR042C,YMR234W,0,-5.935085,0.07966339588165283,0.5680000185966492,0.6561999917030334
YOR113W,YOR180C,0,-5.935159,0.07965222001075745,0.5680000185966492,0.6563000082969666
YBL040C,YDR247W,0,-5.9357095,0.07964105159044266,0.5680000185966492,0.6564000248908997
YOL165C,YBR077C,0,-5.9368286,0.07962989062070847,0.5680000185966492,0.656499981880188
YPL163C,YPR132W,0,-5.937008,0.07961872965097427,0.5680000185966492,0.6565999984741211
YML116W,YNL129W,0,-5.9370174,0.07960756868124008,0.5680000185966492,0.6567000150680542
YOL135C,YMR016C,0,-5.937028,0.07959641516208649,0.5680000185966492,0.6567999720573425
YBR186W,YPL097W,0,-5.937067,0.07958526164293289,0.5680000185966492,0.6568999886512756
YMR150C,YOR267C,0,-5.937278,0.0795741081237793,0.5680000185966492,0.6570000052452087
YPL076W,YIL038C,0,-5.937409,0.0795629620552063,0.5680000185966492,0.6571000218391418
YOR023C,YEL066W,1,-5.9374933,0.07969187945127487,0.5690000057220459,0.6571000218391418
YOR116C,YKL214C,0,-5.9376335,0.07968071848154068,0.5690000057220459,0.6571999788284302
YKL007W,YOR232W,0,-5.937747,0.07966955751180649,0.5690000057220459,0.6572999954223633
YNL219C,YER088C,0,-5.9377604,0.0796584039926529,0.5690000057220459,0.6574000120162964
YER005W,YOL023W,0,-5.9379187,0.0796472579240799,0.5690000057220459,0.6575000286102295
YLR305C,YLR362W,0,-5.9380217,0.0796361118555069,0.5690000057220459,0.6575999855995178
YFL022C,YKR065C,0,-5.9381638,0.0796249657869339,0.5690000057220459,0.6577000021934509
YPL057C,YJL128C,0,-5.938215,0.0796138271689415,0.5690000057220459,0.657800018787384
YPL001W,YGR252W,1,-5.938381,0.07974258810281754,0.5699999928474426,0.657800018787384
YGL094C,YDR177W,0,-5.9384427,0.07973143458366394,0.5699999928474426,0.6578999757766724
YJL143W,YDR235W,0,-5.938449,0.07972028106451035,0.5699999928474426,0.6579999923706055
YNL270C,YDR464W,0,-5.938505,0.07970913499593735,0.5699999928474426,0.6581000089645386
YER095W,YDR394W,0,-5.938733,0.07969798892736435,0.5699999928474426,0.6582000255584717
YOR334W,YOR301W,0,-5.9392214,0.07968684285879135,0.5699999928474426,0.65829998254776
YNL101W,YHR163W,0,-5.9395638,0.07967570424079895,0.5699999928474426,0.6583999991416931
YJR153W,YIL121W,0,-5.939739,0.07966457307338715,0.5699999928474426,0.6585000157356262
YLL002W,YOR023C,1,-5.939768,0.07979317754507065,0.5709999799728394,0.6585000157356262
YKL005C,YOL143C,0,-5.9398856,0.07978203147649765,0.5709999799728394,0.6585999727249146
YKR026C,YBR068C,0,-5.939907,0.07977088540792465,0.5709999799728394,0.6586999893188477
YDR156W,YNL099C,0,-5.939972,0.07975973933935165,0.5709999799728394,0.6588000059127808
YHR204W,YGR175C,0,-5.9409623,0.07974860072135925,0.5709999799728394,0.6589000225067139
YOR346W,YDR322C-A,0,-5.9409866,0.07973746955394745,0.5709999799728394,0.6589999794960022
YLR176C,YER003C,0,-5.941122,0.07972633093595505,0.5709999799728394,0.6590999960899353
YML095C,YDR113C,0,-5.9413347,0.07971519976854324,0.5709999799728394,0.6592000126838684
YAL042W,YGR074W,0,-5.941528,0.07970407605171204,0.5709999799728394,0.6593000292778015
YNL232W,YLR369W,0,-5.9416046,0.07969295233488083,0.5709999799728394,0.6593999862670898
YAR015W,YPL019C,0,-5.9418187,0.07968182861804962,0.5709999799728394,0.659500002861023
YNL071W,YOR085W,0,-5.9418335,0.07967071235179901,0.5709999799728394,0.659600019454956
YDR345C,YGL256W,0,-5.9418335,0.0796595960855484,0.5709999799728394,0.6596999764442444
YOL102C,YNL312W,0,-5.9419823,0.07964848726987839,0.5709999799728394,0.6597999930381775
YDR218C,YPR010C,0,-5.9420266,0.07963737845420837,0.5709999799728394,0.6599000096321106
YIL160C,YKR007W,0,-5.9421086,0.07962626963853836,0.5709999799728394,0.6600000262260437
YDL102W,YFR004W,0,-5.94238,0.07961516827344894,0.5709999799728394,0.660099983215332
YMR284W,YNL225C,0,-5.942977,0.07960407435894012,0.5709999799728394,0.6601999998092651
YGR165W,YBR040W,0,-5.9432755,0.07959297299385071,0.5709999799728394,0.6603000164031982
YOL126C,YBL103C,0,-5.943423,0.07958187907934189,0.5709999799728394,0.6603999733924866
YFR048W,YLR399C,0,-5.943588,0.07957079261541367,0.5709999799728394,0.6604999899864197
YPL258C,YNL153C,0,-5.9436464,0.07955970615148544,0.5709999799728394,0.6606000065803528
YER016W,YLR410W,0,-5.9449625,0.07954861968755722,0.5709999799728394,0.6607000231742859
YKR055W,YBR295W,0,-5.9452133,0.0795375406742096,0.5709999799728394,0.6607999801635742
YJL081C,YFL024C,1,-5.945408,0.07966573536396027,0.5720000267028809,0.6607999801635742
YIL073C,YDL159W,0,-5.945448,0.07965464144945145,0.5720000267028809,0.6608999967575073
YBR294W,YPR100W,0,-5.9455066,0.07964355498552322,0.5720000267028809,0.6610000133514404
YHR102W,YOR127W,0,-5.945689,0.079632468521595,0.5720000267028809,0.6610999703407288
YBR084W,YLL022C,1,-5.945694,0.0797605812549591,0.5730000138282776,0.6610999703407288
YML011C,YKR053C,0,-5.945741,0.07974947988986969,0.5730000138282776,0.6611999869346619
YER007W,YDR160W,0,-5.945775,0.07973837852478027,0.5730000138282776,0.661300003528595
YER021W,YML008C,0,-5.9462895,0.07972728461027145,0.5730000138282776,0.6614000201225281
YOR064C,YEL066W,1,-5.9463997,0.07985531538724899,0.5740000009536743,0.6614000201225281
YER005W,YJR094C,0,-5.9467697,0.07984420657157898,0.5740000009536743,0.6614999771118164
YHR084W,YGL155W,0,-5.946848,0.07983310520648956,0.5740000009536743,0.6615999937057495
YDL043C,YMR272C,0,-5.946966,0.07982199639081955,0.5740000009536743,0.6617000102996826
YNR049C,YER075C,0,-5.94704,0.07981090247631073,0.5740000009536743,0.6618000268936157
YKL110C,YDR362C,0,-5.9470553,0.07979980856180191,0.5740000009536743,0.661899983882904
YOR069W,YML124C,0,-5.9477115,0.07978871464729309,0.5740000009536743,0.6620000004768372
YLR032W,YIR017C,0,-5.947732,0.07977762073278427,0.5740000009536743,0.6621000170707703
YMR039C,YKL178C,0,-5.948307,0.07976653426885605,0.5740000009536743,0.6621999740600586
YOL138C,YPR094W,0,-5.9485226,0.07975545525550842,0.5740000009536743,0.6622999906539917
YLR337C,YDL188C,0,-5.948571,0.0797443762421608,0.5740000009536743,0.6624000072479248
YPR020W,YBR298C,0,-5.9487443,0.07973329722881317,0.5740000009536743,0.6625000238418579
YBR102C,YDR284C,0,-5.9487896,0.07972222566604614,0.5740000009536743,0.6625999808311462
YDR159W,YIL135C,0,-5.948928,0.07971115410327911,0.5740000009536743,0.6626999974250793
YOL060C,YKL186C,0,-5.948988,0.07970008254051208,0.5740000009536743,0.6628000140190125
YLR102C,YHR129C,0,-5.948993,0.07968901842832565,0.5740000009536743,0.6628999710083008
YJL139C,YBL030C,0,-5.949102,0.07967795431613922,0.5740000009536743,0.6629999876022339
YJL081C,YDR392W,1,-5.949127,0.07980568706989288,0.574999988079071,0.6629999876022339
YBR081C,YGL112C,1,-5.949537,0.07993339002132416,0.5759999752044678,0.6629999876022339
YJL065C,YHR186C,0,-5.949661,0.07992229610681534,0.5759999752044678,0.663100004196167
YOR116C,YHR043C,0,-5.949807,0.07991120964288712,0.5759999752044678,0.6632000207901001
YFR034C,YDL042C,0,-5.9499164,0.07990012317895889,0.5759999752044678,0.6632999777793884
YMR101C,YDL165W,0,-5.9500594,0.07988904416561127,0.5759999752044678,0.6633999943733215
YGL025C,YDL058W,0,-5.9500694,0.07987796515226364,0.5759999752044678,0.6635000109672546
YKL081W,YML019W,0,-5.950162,0.07986688613891602,0.5759999752044678,0.6636000275611877
YNL333W,YJR127C,0,-5.950205,0.07985581457614899,0.5759999752044678,0.6636999845504761
YBR015C,YPL040C,0,-5.950279,0.07984474301338196,0.5759999752044678,0.6638000011444092
YKR003W,YOR063W,0,-5.9504757,0.07983367890119553,0.5759999752044678,0.6639000177383423
YBL026W,YHR079C,0,-5.950507,0.0798226147890091,0.5759999752044678,0.6639999747276306
YDL081C,YLR228C,0,-5.9511747,0.07981155812740326,0.5759999752044678,0.6640999913215637
YDR023W,YDR469W,0,-5.9514647,0.07980050146579742,0.5759999752044678,0.6642000079154968
YKR036C,YPR141C,0,-5.951708,0.07978944480419159,0.5759999752044678,0.6643000245094299
YOR113W,YGL003C,0,-5.951895,0.07977839559316635,0.5759999752044678,0.6643999814987183
YDL150W,YPL241C,0,-5.952471,0.07976734638214111,0.5759999752044678,0.6644999980926514
YBL022C,YDR443C,0,-5.95269,0.07975629717111588,0.5759999752044678,0.6646000146865845
YER053C,YGL016W,0,-5.953038,0.07974525541067123,0.5759999752044678,0.6646999716758728
YHR061C,YBR172C,0,-5.9534035,0.07973422110080719,0.5759999752044678,0.6647999882698059
YGL028C,YOR156C,0,-5.953407,0.07972318679094315,0.5759999752044678,0.664900004863739
YGR224W,YDR054C,0,-5.953457,0.0797121524810791,0.5759999752044678,0.6650000214576721
YHR160C,YOL144W,0,-5.9535546,0.07970111817121506,0.5759999752044678,0.6650999784469604
YPR031W,YOR023C,1,-5.9538627,0.07982844859361649,0.5770000219345093,0.6650999784469604
YMR214W,YOR147W,0,-5.9540076,0.07981739938259125,0.5770000219345093,0.6651999950408936
YDL040C,YEL056W,1,-5.954294,0.0799446776509285,0.578000009059906,0.6651999950408936
YNR008W,YHR027C,0,-5.9543447,0.07993362098932266,0.578000009059906,0.6653000116348267
YDR483W,YML031W,0,-5.954486,0.07992256432771683,0.578000009059906,0.6654000282287598
YBR212W,YOR267C,0,-5.9547615,0.07991151511669159,0.578000009059906,0.6654999852180481
YJL201W,YPL233W,0,-5.9548616,0.07990047335624695,0.578000009059906,0.6656000018119812
YKR022C,YER120W,0,-5.9549556,0.07988942414522171,0.578000009059906,0.6657000184059143
YBR237W,YMR207C,0,-5.9550476,0.07987838238477707,0.578000009059906,0.6657999753952026
YER021W,YLR147C,0,-5.9556484,0.07986734807491302,0.578000009059906,0.6658999919891357
YPL049C,YLR010C,0,-5.9556584,0.07985631376504898,0.578000009059906,0.6660000085830688
YDL093W,YJL127C,0,-5.9557943,0.07984527945518494,0.578000009059906,0.666100025177002
YJR031C,YGR191W,0,-5.956244,0.07983425259590149,0.578000009059906,0.6661999821662903
YBR170C,YHR053C,0,-5.9564896,0.07982322573661804,0.578000009059906,0.6662999987602234
YGR256W,YBL061C,0,-5.9565372,0.07981220632791519,0.578000009059906,0.6664000153541565
YJL141C,YJR090C,0,-5.956545,0.07980118691921234,0.578000009059906,0.6664999723434448
YJR102C,YIL128W,0,-5.956797,0.07979016751050949,0.578000009059906,0.6665999889373779
YJL178C,YLR254C,0,-5.9568214,0.07977915555238724,0.578000009059906,0.666700005531311
YJL020C,YOR144C,0,-5.956955,0.07976815104484558,0.578000009059906,0.6668000221252441
YDR137W,YLR249W,0,-5.957461,0.07975713908672333,0.578000009059906,0.6668999791145325
YJL085W,YLR340W,0,-5.9575443,0.07974613457918167,0.578000009059906,0.6669999957084656
YER053C,YBL079W,0,-5.957552,0.07973513752222061,0.578000009059906,0.6671000123023987
YDL040C,YPR051W,1,-5.9578304,0.0798620656132698,0.5789999961853027,0.6671000123023987
YFL039C,YEL056W,1,-5.957944,0.07998896390199661,0.5799999833106995,0.6671000123023987
YHR205W,YOR005C,0,-5.958192,0.07997793704271317,0.5799999833106995,0.6672000288963318
YNL287W,YER173W,0,-5.9582195,0.07996691018342972,0.5799999833106995,0.6672999858856201
YGR013W,YDR011W,0,-5.958624,0.07995588332414627,0.5799999833106995,0.6674000024795532
YDL106C,YFR008W,0,-5.958691,0.07994486391544342,0.5799999833106995,0.6675000190734863
YOL076W,YOR064C,1,-5.958819,0.08007166534662247,0.5809999704360962,0.6675000190734863
YPL146C,YOR279C,0,-5.9589877,0.08006063103675842,0.5809999704360962,0.6675999760627747
YIL038C,YJL047C,0,-5.959374,0.08004959672689438,0.5809999704360962,0.6676999926567078
YDR412W,YIL106W,0,-5.959527,0.08003856986761093,0.5809999704360962,0.6678000092506409
YPL006W,YNL042W,0,-5.9597883,0.08002755045890808,0.5809999704360962,0.667900025844574
YOR313C,YOL001W,0,-5.9600635,0.08001652359962463,0.5809999704360962,0.6679999828338623
YBR107C,YLR155C,0,-5.960188,0.08000551164150238,0.5809999704360962,0.6680999994277954
YNL177C,YBR050C,0,-5.9603176,0.07999449223279953,0.5809999704360962,0.6682000160217285
YNL239W,YLR383W,0,-5.9603715,0.07998348027467728,0.5809999704360962,0.6682999730110168
YKL179C,YBR193C,0,-5.9604106,0.07997246831655502,0.5809999704360962,0.66839998960495
YJL110C,YPL249C,0,-5.960601,0.07996146380901337,0.5809999704360962,0.6685000061988831
YER015W,YJR082C,1,-5.9608445,0.0800880715250969,0.5820000171661377,0.6685000061988831
YKR019C,YHR174W,0,-5.960984,0.08007705211639404,0.5820000171661377,0.6686000227928162
YGR270W,YJL134W,0,-5.961032,0.08006603270769119,0.5820000171661377,0.6686999797821045
YCR057C,YDR343C,0,-5.961179,0.08005502074956894,0.5820000171661377,0.6687999963760376
YJL196C,YEL026W,0,-5.961254,0.08004400879144669,0.5820000171661377,0.6689000129699707
YKL191W,YGL172W,0,-5.961364,0.08003300428390503,0.5820000171661377,0.6690000295639038
YMR078C,YDR423C,0,-5.9614058,0.08002199977636337,0.5820000171661377,0.6690999865531921
YDR183W,YLR390W-A,0,-5.961454,0.08001099526882172,0.5820000171661377,0.6692000031471252
YGL112C,YDR145W,1,-5.961973,0.0801374539732933,0.5830000042915344,0.6692000031471252
YGR134W,YOR344C,0,-5.96227,0.08012644201517105,0.5830000042915344,0.6693000197410583
YOL142W,YDR359C,0,-5.962312,0.0801154300570488,0.5830000042915344,0.6693999767303467
YOL033W,YKR097W,0,-5.962346,0.08010442554950714,0.5830000042915344,0.6694999933242798
YIL044C,YKR027W,0,-5.962389,0.08009342104196548,0.5830000042915344,0.6696000099182129
YKR003W,YBR029C,0,-5.9626026,0.08008241653442383,0.5830000042915344,0.669700026512146
YDL159W,YLR023C,0,-5.9626927,0.08007141947746277,0.5830000042915344,0.6697999835014343
YDR088C,YBL020W,0,-5.9627767,0.08006042242050171,0.5830000042915344,0.6699000000953674
YAR019C,YOR126C,0,-5.9630203,0.08004943281412125,0.5830000042915344,0.6700000166893005
YJL094C,YDR247W,0,-5.9630237,0.08003844320774078,0.5830000042915344,0.6700999736785889
YIL076W,YPL115C,0,-5.963192,0.08002745360136032,0.5830000042915344,0.670199990272522
YPR054W,YKL114C,0,-5.963478,0.08001647144556046,0.5830000042915344,0.6703000068664551
YNL042W,YAL034W-A,0,-5.9640164,0.08000548928976059,0.5830000042915344,0.6704000234603882
YDL185W,YBR217W,0,-5.964017,0.07999451458454132,0.5830000042915344,0.6704999804496765
YOR377W,YGR206W,0,-5.9641414,0.07998353987932205,0.5830000042915344,0.6705999970436096
YDL143W,YFR008W,0,-5.964331,0.07997256517410278,0.5830000042915344,0.6707000136375427
YKL186C,YML065W,0,-5.9644065,0.07996159791946411,0.5830000042915344,0.670799970626831
YJR119C,YDR432W,0,-5.964714,0.07995063066482544,0.5830000042915344,0.6708999872207642
YGR094W,YNL037C,0,-5.9647307,0.07993967086076736,0.5830000042915344,0.6710000038146973
YGR036C,YKL170W,0,-5.964748,0.07992871105670929,0.5830000042915344,0.6711000204086304
YNL309W,YOR335C,0,-5.964848,0.07991775125265121,0.5830000042915344,0.6711999773979187
YIL021W,YPL212C,0,-5.964918,0.07990679889917374,0.5830000042915344,0.6712999939918518
YPR137W,YJR132W,0,-5.9651675,0.07989584654569626,0.5830000042915344,0.6714000105857849
YGL210W,YOR329C,0,-5.9653955,0.07988490164279938,0.5830000042915344,0.671500027179718
YFL004W,YBR294W,0,-5.9656935,0.0798739567399025,0.5830000042915344,0.6715999841690063
YPL231W,YDL226C,0,-5.96624,0.07986301183700562,0.5830000042915344,0.6717000007629395
YOR372C,YPR200C,0,-5.9663677,0.07985207438468933,0.5830000042915344,0.6718000173568726
YOR023C,YCR020C-A,1,-5.966409,0.0799780860543251,0.5839999914169312,0.6718000173568726
YPL091W,YGL166W,0,-5.966631,0.07996713370084763,0.5839999914169312,0.6718999743461609
YCL014W,YKR057W,0,-5.966749,0.07995618879795074,0.5839999914169312,0.671999990940094
YIL149C,YDR382W,0,-5.966852,0.07994524389505386,0.5839999914169312,0.6721000075340271
YMR277W,YPR017C,0,-5.966947,0.07993429899215698,0.5839999914169312,0.6722000241279602
YHR088W,YNL009W,0,-5.966971,0.0799233615398407,0.5839999914169312,0.6722999811172485
YLR228C,YOL054W,0,-5.967658,0.07991242408752441,0.5839999914169312,0.6723999977111816
YJL054W,YBR260C,0,-5.967831,0.07990149408578873,0.5839999914169312,0.6725000143051147
YKL028W,YBR097W,0,-5.9679127,0.07989056408405304,0.5839999914169312,0.6725999712944031
YOL102C,YPL053C,0,-5.968021,0.07987963408231735,0.5839999914169312,0.6726999878883362
YML051W,YPL211W,0,-5.9682026,0.07986871153116226,0.5839999914169312,0.6728000044822693
YER179W,YML038C,0,-5.968269,0.07985778898000717,0.5839999914169312,0.6729000210762024
YKR019C,YDR501W,0,-5.9683475,0.07984686642885208,0.5839999914169312,0.6729999780654907
YDR043C,YKL197C,0,-5.968729,0.07983595132827759,0.5839999914169312,0.6730999946594238
YDR464W,YOR153W,0,-5.9689283,0.07982504367828369,0.5839999914169312,0.6732000112533569
YGL195W,YPR065W,0,-5.969197,0.0798141285777092,0.5839999914169312,0.67330002784729
YMR137C,YML008C,0,-5.9692316,0.0798032283782959,0.5839999914169312,0.6733999848365784
YPL097W,YGL098W,0,-5.9699087,0.079792320728302,0.5839999914169312,0.6735000014305115
YDL056W,YHR129C,0,-5.9699554,0.0797814205288887,0.5839999914169312,0.6736000180244446
YCR020C-A,YOR034C,1,-5.96999,0.0799071192741394,0.5849999785423279,0.6736000180244446
YFR036W,YGR192C,0,-5.9701395,0.07989620417356491,0.5849999785423279,0.6736999750137329
YDL043C,YLL011W,0,-5.970558,0.07988529652357101,0.5849999785423279,0.673799991607666
YIR018W,YNL026W,0,-5.970706,0.07987438887357712,0.5849999785423279,0.6739000082015991
YDR427W,YNR032W,0,-5.9711103,0.07986348122358322,0.5849999785423279,0.6740000247955322
YKL012W,YFR047C,0,-5.9712467,0.07985258102416992,0.5849999785423279,0.6740999817848206
YIL044C,YDL150W,0,-5.971251,0.07984168082475662,0.5849999785423279,0.6741999983787537
YNL071W,YOR182C,0,-5.9714637,0.07983078807592392,0.5849999785423279,0.6743000149726868
YBR170C,YDR120C,0,-5.9716673,0.07981989532709122,0.5849999785423279,0.6743999719619751
YAR003W,YGR218W,0,-5.9717255,0.07980900257825851,0.5849999785423279,0.6744999885559082
YBR084W,YOL110W,1,-5.971876,0.07993452250957489,0.5860000252723694,0.6744999885559082
YMR225C,YHR015W,0,-5.9726133,0.07992362231016159,0.5860000252723694,0.6746000051498413
YJR090C,YGL049C,0,-5.972642,0.07991272211074829,0.5860000252723694,0.6747000217437744
YDL030W,YBR050C,0,-5.972925,0.07990182936191559,0.5860000252723694,0.6747999787330627
YBL052C,YBR081C,1,-5.9738903,0.0800272673368454,0.5870000123977661,0.6747999787330627
YLR074C,YCR052W,0,-5.973977,0.0800163596868515,0.5870000123977661,0.6748999953269958
YKR089C,YHR004C,0,-5.974009,0.0800054520368576,0.5870000123977661,0.675000011920929
YDL040C,YEL066W,1,-5.9741387,0.08013082295656204,0.5879999995231628,0.675000011920929
YDR093W,YLR193C,0,-5.9743023,0.08011990785598755,0.5879999995231628,0.6751000285148621
YAL054C,YOR253W,1,-5.974401,0.0802452340722084,0.5889999866485596,0.6751000285148621
YJL196C,YDL195W,0,-5.9744973,0.08023430407047272,0.5889999866485596,0.6751999855041504
YJR052W,YCR081W,0,-5.974515,0.08022337406873703,0.5889999866485596,0.6753000020980835
YOR057W,YGR132C,0,-5.974555,0.08021244406700134,0.5889999866485596,0.6754000186920166
YGR132C,YJR077C,0,-5.9747257,0.08020152151584625,0.5889999866485596,0.6754999756813049
YDR113C,YML092C,0,-5.9755306,0.08019060641527176,0.5889999866485596,0.675599992275238
YMR284W,YLR340W,0,-5.9756737,0.08017969131469727,0.5889999866485596,0.6757000088691711
YOL148C,YBL052C,1,-5.9757233,0.08030488342046738,0.5899999737739563,0.6757000088691711
YDR060W,YOR319W,0,-5.975744,0.08029396086931229,0.5899999737739563,0.6758000254631042
YHR114W,YBR082C,0,-5.975746,0.0802830308675766,0.5899999737739563,0.6758999824523926
YGR036C,YDR320C,0,-5.976056,0.08027210831642151,0.5899999737739563,0.6759999990463257
YMR077C,YMR104C,0,-5.9763393,0.08026118576526642,0.5899999737739563,0.6761000156402588
YBR177C,YMR065W,0,-5.9767904,0.08025027066469193,0.5899999737739563,0.6761999726295471
YGR286C,YML013W,0,-5.9768724,0.08023935556411743,0.5899999737739563,0.6762999892234802
YER114C,YPR187W,0,-5.976973,0.08022844791412354,0.5899999737739563,0.6764000058174133
YBL052C,YEL066W,1,-5.9770193,0.0803534984588623,0.5910000205039978,0.6764000058174133
YHR175W,YJR103W,0,-5.977396,0.08034257590770721,0.5910000205039978,0.6765000224113464
YMR246W,YDR392W,1,-5.9781265,0.0804675817489624,0.5920000076293945,0.6765000224113464
YGL226C-A,YNL074C,0,-5.978364,0.08045664429664612,0.5920000076293945,0.6765999794006348
YNR049C,YKL141W,0,-5.9788218,0.08044571429491043,0.5920000076293945,0.6766999959945679
YOR061W,YDR235W,0,-5.9789476,0.08043478429317474,0.5920000076293945,0.676800012588501
YJR127C,YNL219C,0,-5.9789762,0.08042385429143906,0.5920000076293945,0.6769000291824341
YEL013W,YGR113W,0,-5.9789896,0.08041293174028397,0.5920000076293945,0.6769999861717224
YKR083C,YMR150C,0,-5.9790926,0.08040200918912888,0.5920000076293945,0.6771000027656555
YNL243W,YMR044W,0,-5.9792585,0.08039109408855438,0.5920000076293945,0.6772000193595886
YJL196C,YKR089C,0,-5.979379,0.08038017898797989,0.5920000076293945,0.677299976348877
YMR288W,YLR354C,0,-5.98026,0.0803692638874054,0.5920000076293945,0.6773999929428101
YOR023C,YLL022C,1,-5.980313,0.08049409836530685,0.5929999947547913,0.6773999929428101
YJL081C,YBR081C,1,-5.9804897,0.08061889559030533,0.593999981880188,0.6773999929428101
YML092C,YOR110W,0,-5.9805126,0.08060795068740845,0.593999981880188,0.6775000095367432
YCR042C,YGL019W,0,-5.980649,0.08059701323509216,0.593999981880188,0.6776000261306763
YJL062W,YGL071W,0,-5.980686,0.08058608323335648,0.593999981880188,0.6776999831199646
YGR104C,YML046W,0,-5.9809036,0.08057514578104019,0.593999981880188,0.6777999997138977
YFL031W,YNL153C,0,-5.981032,0.0805642232298851,0.593999981880188,0.6779000163078308
YBL052C,YGL112C,1,-5.981344,0.08068890869617462,0.5950000286102295,0.6779000163078308
YDR103W,YMR025W,0,-5.9815617,0.08067796379327774,0.5950000286102295,0.6779999732971191
YMR091C,YDL126C,0,-5.9816685,0.08066702634096146,0.5950000286102295,0.6780999898910522
YFL039C,YCL010C,1,-5.982354,0.0807916522026062,0.5960000157356262,0.6780999898910522
YAL053W,YOL122C,0,-5.9828186,0.08078069984912872,0.5960000157356262,0.6782000064849854
YER015W,YAL054C,1,-5.9829,0.08090527355670929,0.597000002861023,0.6782000064849854
YNL273W,YER017C,0,-5.9829435,0.08089430630207062,0.597000002861023,0.6783000230789185
YOR182C,YCR082W,0,-5.9833035,0.08088334649801254,0.597000002861023,0.6783999800682068
YIL123W,YIL109C,0,-5.9833946,0.08087239414453506,0.597000002861023,0.6784999966621399
YPR051W,YEL066W,1,-5.983531,0.08099688589572906,0.5979999899864197,0.6784999966621399
YBR050C,YOL080C,0,-5.9835415,0.0809859186410904,0.5979999899864197,0.678600013256073
YCR009C,YDL201W,0,-5.9836226,0.08097495138645172,0.5979999899864197,0.6786999702453613
YDR483W,YNL206C,0,-5.9837694,0.08096398413181305,0.5979999899864197,0.6787999868392944
YKL028W,YFL041W,0,-5.983773,0.08095302432775497,0.5979999899864197,0.6789000034332275
YKR063C,YDR082W,0,-5.9838243,0.0809420645236969,0.5979999899864197,0.6790000200271606
YDL225W,YBR026C,0,-5.9841185,0.08093111217021942,0.5979999899864197,0.679099977016449
YEL061C,YPL055C,0,-5.984217,0.08092015981674194,0.5979999899864197,0.6791999936103821
YHR193C,YNL220W,0,-5.984276,0.08090921491384506,0.5979999899864197,0.6793000102043152
YDR148C,YGR274C,0,-5.9845204,0.08089827001094818,0.5979999899864197,0.6794000267982483
YOR148C,YGL206C,0,-5.984612,0.0808873251080513,0.5979999899864197,0.6794999837875366
YNL142W,YDR083W,0,-5.9849663,0.08087638765573502,0.5979999899864197,0.6796000003814697
YML080W,YFR034C,0,-5.9849877,0.08086545020341873,0.5979999899864197,0.6797000169754028
YOL066C,YBR216C,0,-5.98518,0.08085451275110245,0.5979999899864197,0.6797999739646912
YDL084W,YGL232W,0,-5.9852877,0.08084358274936676,0.5979999899864197,0.6798999905586243
YMR033W,YBR240C,0,-5.9856133,0.08083266019821167,0.5979999899864197,0.6800000071525574
YNL287W,YPL192C,0,-5.9857283,0.08082173019647598,0.5979999899864197,0.6801000237464905
YDL198C,YBR133C,0,-5.9857802,0.08081080764532089,0.5979999899864197,0.6801999807357788
YNL326C,YPR131C,1,-5.9859304,0.08093500882387161,0.5989999771118164,0.6801999807357788
YER021W,YNL075W,0,-5.986208,0.08092407137155533,0.5989999771118164,0.6802999973297119
YDL115C,YPL042C,0,-5.9864445,0.08091314136981964,0.5989999771118164,0.680400013923645
YDR189W,YJL214W,0,-5.9865465,0.08090221136808395,0.5989999771118164,0.6804999709129333
YLR276C,YMR129W,0,-5.9867754,0.08089128881692886,0.5989999771118164,0.6805999875068665
YIL044C,YPR124W,0,-5.9871492,0.08088036626577377,0.5989999771118164,0.6807000041007996
YOR057W,YOR043W,0,-5.987275,0.08086945116519928,0.5989999771118164,0.6808000206947327
YOL138C,YDL081C,0,-5.987366,0.08085852861404419,0.5989999771118164,0.680899977684021
YGL048C,YGL012W,0,-5.987749,0.08084762096405029,0.5989999771118164,0.6809999942779541
YPR189W,YGL254W,0,-5.987753,0.0808367058634758,0.5989999771118164,0.6811000108718872
YDR141C,YNL103W,0,-5.98806,0.0808257982134819,0.5989999771118164,0.6812000274658203
YJL176C,YIR041W,0,-5.9884768,0.0808148980140686,0.5989999771118164,0.6812999844551086
YGL032C,YML038C,0,-5.988803,0.08080399036407471,0.5989999771118164,0.6814000010490417
YBR216C,YMR172W,0,-5.9888697,0.080793097615242,0.5989999771118164,0.6815000176429749
YBR130C,YCR084C,0,-5.988914,0.0807821974158287,0.5989999771118164,0.6815999746322632
YDR254W,YML031W,0,-5.9889174,0.080771304666996,0.5989999771118164,0.6816999912261963
YMR044W,YPR007C,0,-5.988979,0.0807604119181633,0.5989999771118164,0.6818000078201294
YBR098W,YDR236C,0,-5.988982,0.0807495266199112,0.5989999771118164,0.6819000244140625
YDR162C,YAL013W,0,-5.9892797,0.08073864132165909,0.5989999771118164,0.6819999814033508
YPL096W,YOR157C,0,-5.9893217,0.08072776347398758,0.5989999771118164,0.6820999979972839
YNL232W,YGR191W,0,-5.9894414,0.08071688562631607,0.5989999771118164,0.682200014591217
YER024W,YPL045W,0,-5.98995,0.08070600777864456,0.5989999771118164,0.6822999715805054
YAL029C,YDR179C,0,-5.989956,0.08069513738155365,0.5989999771118164,0.6823999881744385
YGR077C,YML029W,0,-5.9901295,0.08068426698446274,0.5989999771118164,0.6825000047683716
YOL012C,YNL206C,0,-5.9905276,0.08067340403795242,0.5989999771118164,0.6826000213623047
YLR305C,YFL018C,0,-5.990539,0.08066253364086151,0.5989999771118164,0.682699978351593
YHR019C,YML092C,0,-5.9905586,0.0806516781449318,0.5989999771118164,0.6827999949455261
YBR015C,YBR179C,0,-5.990646,0.08064081519842148,0.5989999771118164,0.6829000115394592
YLR147C,YLR231C,0,-5.990691,0.08062996715307236,0.5989999771118164,0.6830000281333923
YOL049W,YLL041C,0,-5.9908714,0.08061911165714264,0.5989999771118164,0.6830999851226807
YGL210W,YDR289C,0,-5.991027,0.08060826361179352,0.5989999771118164,0.6832000017166138
YHR090C,YGL066W,1,-5.9912367,0.08073197305202484,0.6000000238418579,0.6832000017166138
YGL032C,YDL230W,0,-5.9912605,0.08072111010551453,0.6000000238418579,0.6833000183105469
YMR239C,YDR225W,0,-5.9913387,0.08071024715900421,0.6000000238418579,0.6833999752998352
YMR302C,YPR176C,0,-5.9914455,0.0806993916630745,0.6000000238418579,0.6834999918937683
YLR022C,YKL045W,0,-5.9915524,0.08068854361772537,0.6000000238418579,0.6836000084877014
YOR047C,YNL075W,0,-5.9916997,0.08067769557237625,0.6000000238418579,0.6837000250816345
YNL049C,YLR106C,0,-5.991933,0.08066684752702713,0.6000000238418579,0.6837999820709229
YNL229C,YKR085C,0,-5.992018,0.08065599948167801,0.6000000238418579,0.683899998664856
YKL166C,YGR248W,0,-5.9924226,0.08064515888690948,0.6000000238418579,0.6840000152587891
YAL054C,YCR020C-A,1,-5.9925127,0.08076871186494827,0.6010000109672546,0.6840000152587891
YCR091W,YER166W,0,-5.9927893,0.08075786381959915,0.6010000109672546,0.6840999722480774
YDR106W,YLR176C,0,-5.99284,0.08074700832366943,0.6010000109672546,0.6841999888420105
YML081C-A,YOR236W,0,-5.992844,0.08073616027832031,0.6010000109672546,0.6843000054359436
YFL039C,YJR082C,1,-5.992873,0.08085963875055313,0.6019999980926514,0.6843000054359436
YDR143C,YCL055W,0,-5.993185,0.08084877580404282,0.6019999980926514,0.6844000220298767
YLR163C,YCR072C,0,-5.993638,0.0808379203081131,0.6019999980926514,0.684499979019165
YNL227C,YGL175C,0,-5.993741,0.08082706481218338,0.6019999980926514,0.6845999956130981
YAR008W,YHR019C,0,-5.9938717,0.08081621676683426,0.6019999980926514,0.6847000122070312
YJR125C,YPL164C,0,-5.9941273,0.08080536872148514,0.6019999980926514,0.6848000288009644
YKR061W,YML010W,0,-5.994403,0.08079452067613602,0.6019999980926514,0.6848999857902527
YBL052C,YHR013C,1,-5.994902,0.08091787248849869,0.6029999852180481,0.6848999857902527
YHR050W,YNR011C,0,-5.99498,0.08090701699256897,0.6029999852180481,0.6850000023841858
YGL013C,YPL180W,0,-5.9952774,0.08089616149663925,0.6029999852180481,0.6851000189781189
YPL190C,YOL115W,0,-5.995384,0.08088531345129013,0.6029999852180481,0.6851999759674072
YJL143W,YIR017C,0,-5.9957433,0.08087446540594101,0.6029999852180481,0.6852999925613403
YBL080C,YJL134W,0,-5.995849,0.08086361736059189,0.6029999852180481,0.6854000091552734
YBR186W,YPL045W,0,-5.9962387,0.08085277676582336,0.6029999852180481,0.6855000257492065
YPR193C,YAL054C,1,-5.996916,0.08097600191831589,0.6039999723434448,0.6855000257492065
YMR075W,YDR337W,0,-5.9969964,0.08096514642238617,0.6039999723434448,0.6855999827384949
YIL062C,YPR075C,0,-5.9974017,0.08095429837703705,0.6039999723434448,0.685699999332428
YKL190W,YDL042C,0,-5.9974585,0.08094345033168793,0.6039999723434448,0.6858000159263611
YKL012W,YNL309W,0,-5.998075,0.0809326022863388,0.6039999723434448,0.6858999729156494
YOR023C,YOR064C,1,-5.9982176,0.08105573058128357,0.6050000190734863,0.6858999729156494
YOL051W,YLR051C,0,-5.9983597,0.08104487508535385,0.6050000190734863,0.6859999895095825
YKR076W,YKR027W,0,-5.9983697,0.08103401958942413,0.6050000190734863,0.6861000061035156
YOR057W,YDR369C,0,-5.998477,0.08102317154407501,0.6050000190734863,0.6862000226974487
YLR022C,YMR006C,0,-5.998501,0.0810123160481453,0.6050000190734863,0.6862999796867371
YPL095C,YDR322C-A,0,-5.998805,0.08100147545337677,0.6050000190734863,0.6863999962806702
YKL004W,YGL090W,0,-5.9988585,0.08099062740802765,0.6050000190734863,0.6865000128746033
YNL323W,YIL150C,0,-5.9989142,0.08097978681325912,0.6050000190734863,0.6866000294685364
YDL084W,YDL225W,0,-5.998972,0.0809689536690712,0.6050000190734863,0.6866999864578247
YGL017W,YDR151C,0,-5.999028,0.08095811307430267,0.6050000190734863,0.6868000030517578
YAL005C,YPL131W,0,-5.999401,0.08094728738069534,0.6050000190734863,0.6869000196456909
YMR285C,YBL003C,0,-5.999405,0.08093645423650742,0.6050000190734863,0.6869999766349792
YBR127C,YLR193C,0,-5.9998226,0.08092562854290009,0.6050000190734863,0.6870999932289124
YMR208W,YIL026C,0,-5.999963,0.08091480284929276,0.6050000190734863,0.6872000098228455
YLR340W,YPL045W,0,-6.000228,0.08090398460626602,0.6050000190734863,0.6873000264167786
YMR270C,YCR033W,0,-6.000293,0.08089316636323929,0.6050000190734863,0.6873999834060669
YML116W,YMR313C,0,-6.0004597,0.08088235557079315,0.6050000190734863,0.6875
YOR359W,YGL180W,0,-6.0006266,0.08087154477834702,0.6050000190734863,0.6876000165939331
YEL056W,YGR002C,1,-6.0010405,0.0809943899512291,0.6060000061988831,0.6876000165939331
YBR073W,YML004C,0,-6.0014057,0.08098356425762177,0.6060000061988831,0.6876999735832214
YKL110C,YGL136C,0,-6.001506,0.08097273856401443,0.6060000061988831,0.6877999901771545
YOL051W,YOL093W,0,-6.0018287,0.0809619203209877,0.6060000061988831,0.6879000067710876
YIL073C,YML065W,0,-6.001837,0.08095110952854156,0.6060000061988831,0.6880000233650208
YDR378C,YDL178W,0,-6.0018797,0.08094029873609543,0.6060000061988831,0.6880999803543091
YER012W,YBR103W,0,-6.0023756,0.08092948794364929,0.6060000061988831,0.6881999969482422
YOR332W,YLR007W,0,-6.0023937,0.08091867715120316,0.6060000061988831,0.6883000135421753
YFR029W,YMR235C,0,-6.002514,0.08090787380933762,0.6060000061988831,0.6883999705314636
YNR056C,YOL005C,0,-6.0025716,0.08089707791805267,0.6060000061988831,0.6884999871253967
YBR022W,YNR011C,0,-6.002846,0.08088628202676773,0.6060000061988831,0.6886000037193298
YGR005C,YDR120C,0,-6.002966,0.08087548613548279,0.6060000061988831,0.6887000203132629
YKL004W,YJR155W,0,-6.003272,0.08086469024419785,0.6060000061988831,0.6887999773025513
YFL039C,YJL115W,1,-6.00405,0.08098732680082321,0.6069999933242798,0.6887999773025513
YDR484W,YNL129W,0,-6.0049367,0.08097652345895767,0.6069999933242798,0.6888999938964844
YER015W,YOL110W,1,-6.005185,0.08109910786151886,0.6079999804496765,0.6888999938964844
YMR225C,YBL051C,0,-6.005227,0.08108828961849213,0.6079999804496765,0.6890000104904175
YLL043W,YPL133C,0,-6.005512,0.08107747882604599,0.6079999804496765,0.6891000270843506
YPR009W,YNL233W,0,-6.005613,0.08106666803359985,0.6079999804496765,0.6891999840736389
YJL011C,YMR296C,0,-6.005872,0.08105585724115372,0.6079999804496765,0.689300000667572
YGL166W,YGL209W,0,-6.0065613,0.08104505389928818,0.6079999804496765,0.6894000172615051
YDL235C,YGL243W,0,-6.0074587,0.08103425055742264,0.6079999804496765,0.6894999742507935
YJL062W,YER035W,0,-6.007741,0.0810234546661377,0.6079999804496765,0.6895999908447266
YHR167W,YML052W,0,-6.0078273,0.08101265877485275,0.6079999804496765,0.6897000074386597
YNR017W,YHR194W,0,-6.0079,0.08100186288356781,0.6079999804496765,0.6898000240325928
YKL191W,YDL155W,0,-6.007923,0.08099107444286346,0.6079999804496765,0.6898999810218811
YOL051W,YDR386W,0,-6.0079985,0.08098028600215912,0.6079999804496765,0.6899999976158142
YNL256W,YNL281W,0,-6.0080013,0.08096950501203537,0.6079999804496765,0.6901000142097473
YLR382C,YMR311C,0,-6.0080442,0.08095872402191162,0.6079999804496765,0.6901999711990356
YIL034C,YLR321C,0,-6.0082164,0.08094794303178787,0.6079999804496765,0.6902999877929688
YCL025C,YPL029W,0,-6.0082545,0.08093716949224472,0.6079999804496765,0.6904000043869019
YPL036W,YOR304W,0,-6.008302,0.08092639595270157,0.6079999804496765,0.690500020980835
YBR170C,YIL049W,0,-6.0084267,0.08091562241315842,0.6079999804496765,0.6905999779701233
YDR414C,YLR380W,0,-6.008518,0.08090485632419586,0.6079999804496765,0.6906999945640564
YDL056W,YOR207C,0,-6.0085716,0.0808940902352333,0.6079999804496765,0.6908000111579895
YMR285C,YDR341C,0,-6.008705,0.08088333159685135,0.6079999804496765,0.6909000277519226
YKL135C,YNL027W,0,-6.0089636,0.08087257295846939,0.6079999804496765,0.6909999847412109
YGR218W,YNL103W,0,-6.0090585,0.08086181432008743,0.6079999804496765,0.691100001335144
YOR162C,YAL016W,0,-6.0091047,0.08085106313228607,0.6079999804496765,0.6912000179290771
YDR168W,YGR121C,0,-6.009165,0.08084031194448471,0.6079999804496765,0.6912999749183655
YNL218W,YLR362W,0,-6.009695,0.08082956820726395,0.6079999804496765,0.6913999915122986
YPL212C,YLR138W,0,-6.010009,0.08081882447004318,0.6079999804496765,0.6915000081062317
YLL002W,YDR145W,1,-6.01038,0.08094099164009094,0.609000027179718,0.6915000081062317
YAL026C,YMR225C,0,-6.010453,0.08093023300170898,0.609000027179718,0.6916000247001648
YLR377C,YMR172W,0,-6.0105224,0.08091948181390762,0.609000027179718,0.6916999816894531
YPR183W,YIL039W,0,-6.0107074,0.08090873062610626,0.609000027179718,0.6917999982833862
YPR124W,YOR094W,0,-6.010827,0.0808979794383049,0.609000027179718,0.6919000148773193
YPR016C,YBL040C,0,-6.011074,0.08088723570108414,0.609000027179718,0.6919999718666077
YPL087W,YOR060C,0,-6.011526,0.08087649196386337,0.609000027179718,0.6920999884605408
YAL058W,YER116C,0,-6.0120144,0.0808657556772232,0.609000027179718,0.6922000050544739
YML061C,YGR209C,0,-6.0120935,0.08085501939058304,0.609000027179718,0.692300021648407
YER114C,YLR182W,0,-6.0120993,0.08084428310394287,0.609000027179718,0.6923999786376953
YOR148C,YIL142W,0,-6.0121922,0.0808335542678833,0.609000027179718,0.6924999952316284
YNL091W,YOR298C-A,0,-6.0126457,0.08082282543182373,0.609000027179718,0.6926000118255615
YGR024C,YPR187W,0,-6.0126925,0.08081210404634476,0.609000027179718,0.6927000284194946
YPL155C,YJR108W,0,-6.0130987,0.08080138266086578,0.609000027179718,0.692799985408783
YOR078W,YOL054W,0,-6.0131273,0.08079066127538681,0.609000027179718,0.6929000020027161
YLR399C,YPL042C,0,-6.0133524,0.08077994734048843,0.609000027179718,0.6930000185966492
YDR421W,YML062C,0,-6.0135984,0.08076923340559006,0.609000027179718,0.6930999755859375
YDL045C,YPR073C,0,-6.0137653,0.08075851947069168,0.609000027179718,0.6931999921798706
YEL015W,YDR023W,0,-6.0142136,0.0807478129863739,0.609000027179718,0.6933000087738037
YOR142W,YNL273W,0,-6.0145283,0.08073710650205612,0.609000027179718,0.6934000253677368
YNL039W,YDR419W,0,-6.0147104,0.08072640746831894,0.609000027179718,0.6934999823570251
YDR236C,YIL038C,0,-6.015459,0.08071570843458176,0.609000027179718,0.6935999989509583
YIL132C,YNR031C,0,-6.0156565,0.08070500940084457,0.609000027179718,0.6937000155448914
YMR214W,YDL207W,0,-6.015786,0.08069431781768799,0.609000027179718,0.6937999725341797
YDR022C,YBR103W,0,-6.01616,0.0806836262345314,0.609000027179718,0.6938999891281128
YNL073W,YDR057W,0,-6.016244,0.08067293465137482,0.609000027179718,0.6940000057220459
YLR371W,YPL204W,0,-6.0164084,0.08066225051879883,0.609000027179718,0.694100022315979
YPL115C,YKR057W,0,-6.0164375,0.08065156638622284,0.609000027179718,0.6941999793052673
YLR321C,YLR197W,0,-6.016832,0.08064088970422745,0.609000027179718,0.6942999958992004
YDR244W,YOR236W,0,-6.01687,0.08063021302223206,0.609000027179718,0.6944000124931335
YGL155W,YAL011W,0,-6.0173225,0.08061953634023666,0.609000027179718,0.6945000290870667
YMR302C,YLR056W,0,-6.0174217,0.08060886710882187,0.609000027179718,0.694599986076355
YIL095W,YOR230W,0,-6.017427,0.08059819787740707,0.609000027179718,0.6947000026702881
YAL031C,YGR227W,0,-6.017449,0.08058753609657288,0.609000027179718,0.6948000192642212
YBR059C,YOR030W,0,-6.017555,0.08057687431573868,0.609000027179718,0.6948999762535095
YML051W,YPL020C,0,-6.017605,0.08056621253490448,0.609000027179718,0.6949999928474426
YBR216C,YBR250W,0,-6.0177407,0.08055555820465088,0.609000027179718,0.6951000094413757
YCR092C,YJL063C,0,-6.0179815,0.08054490387439728,0.609000027179718,0.6952000260353088
YBR247C,YOR007C,0,-6.0181727,0.08053424954414368,0.609000027179718,0.6952999830245972
YNL121C,YPL202C,0,-6.018201,0.08052360266447067,0.609000027179718,0.6953999996185303
YJL076W,YBR131W,0,-6.0183687,0.08051295578479767,0.609000027179718,0.6955000162124634
YDR073W,YGR028W,0,-6.018731,0.08050231635570526,0.609000027179718,0.6955999732017517
YFR052W,YBL025W,0,-6.018978,0.08049167692661285,0.609000027179718,0.6956999897956848
YDL108W,YGR077C,0,-6.019263,0.08048103749752045,0.609000027179718,0.6958000063896179
YGR143W,YJL026W,0,-6.0196667,0.08047039806842804,0.609000027179718,0.695900022983551
YJR104C,YER031C,0,-6.019828,0.08045977354049683,0.609000027179718,0.6959999799728394
YLR010C,YIL068C,0,-6.01996,0.08044914156198502,0.609000027179718,0.6960999965667725
YGR181W,YMR049C,0,-6.0207973,0.0804385170340538,0.609000027179718,0.6962000131607056
YMR128W,YBR236C,0,-6.021428,0.08042789250612259,0.609000027179718,0.6963000297546387
YPL228W,YDR440W,0,-6.021551,0.08041727542877197,0.609000027179718,0.696399986743927
YOL148C,YAL054C,1,-6.021963,0.08053868263959885,0.6100000143051147,0.696399986743927
YOL051W,YGL062W,0,-6.0219727,0.08052805066108704,0.6100000143051147,0.6965000033378601
YIL038C,YJR132W,0,-6.022021,0.08051742613315582,0.6100000143051147,0.6966000199317932
YGR238C,YLR350W,0,-6.022492,0.08050679415464401,0.6100000143051147,0.6966999769210815
YGR037C,YJR139C,0,-6.0225163,0.0804961696267128,0.6100000143051147,0.6967999935150146
YAL029C,YPL040C,0,-6.0225296,0.08048555254936218,0.6100000143051147,0.6969000101089478
YGL190C,YBR175W,0,-6.02273,0.08047493547201157,0.6100000143051147,0.6970000267028809
YER015W,YBR084W,1,-6.0229645,0.08059623092412949,0.6110000014305115,0.6970000267028809
YJR144W,YOL104C,0,-6.023039,0.08058559894561768,0.6110000014305115,0.6970999836921692
YBR213W,YLR097C,0,-6.0232644,0.08057496696710587,0.6110000014305115,0.6972000002861023
YML074C,YDR201W,0,-6.023513,0.08056434243917465,0.6110000014305115,0.6973000168800354
YNL006W,YER169W,0,-6.0239162,0.08055372536182404,0.6110000014305115,0.6973999738693237
YLR102C,YGL063W,0,-6.0245786,0.08054310828447342,0.6110000014305115,0.6974999904632568
YDR082W,YPR100W,0,-6.0246506,0.0805324912071228,0.6110000014305115,0.6976000070571899
YGR083C,YBR097W,0,-6.0246553,0.08052187412977219,0.6110000014305115,0.697700023651123
YLR095C,YOR353C,0,-6.0247345,0.08051126450300217,0.6110000014305115,0.6977999806404114
YKR003W,YDR270W,0,-6.02482,0.08050066232681274,0.6110000014305115,0.6978999972343445
YPR033C,YGR244C,0,-6.0250607,0.08049005270004272,0.6110000014305115,0.6980000138282776
YDL190C,YOR187W,0,-6.025074,0.0804794505238533,0.6110000014305115,0.6980999708175659
YDL150W,YOR075W,0,-6.025152,0.08046885579824448,0.6110000014305115,0.698199987411499
YDL225W,YGL253W,0,-6.025524,0.08045825362205505,0.6110000014305115,0.6983000040054321
YER154W,YDR004W,0,-6.025585,0.08044766634702682,0.6110000014305115,0.6984000205993652
YDR076W,YDL195W,0,-6.026161,0.080437071621418,0.6110000014305115,0.6984999775886536
YPR042C,YMR042W,0,-6.0262423,0.08042648434638977,0.6110000014305115,0.6985999941825867
YAL032C,YOR115C,0,-6.0264144,0.08041589707136154,0.6110000014305115,0.6987000107765198
YKL016C,YMR311C,0,-6.026499,0.08040531724691391,0.6110000014305115,0.6988000273704529
YKR087C,YOR127W,0,-6.0265007,0.08039473742246628,0.6110000014305115,0.6988999843597412
YKL166C,YPR161C,0,-6.0265703,0.08038415759801865,0.6110000014305115,0.6990000009536743
YDR448W,YOR253W,1,-6.0268316,0.0805051326751709,0.6119999885559082,0.6990000009536743
YNR006W,YEL030W,0,-6.0273123,0.08049453794956207,0.6119999885559082,0.6991000175476074
YGR059W,YGL213C,0,-6.0279007,0.08048395812511444,0.6119999885559082,0.6991999745368958
YPL214C,YOR341W,0,-6.027978,0.08047337085008621,0.6119999885559082,0.6992999911308289
YMR101C,YLR368W,0,-6.0279903,0.08046279102563858,0.6119999885559082,0.699400007724762
YNR032W,YML062C,0,-6.0281496,0.08045221865177155,0.6119999885559082,0.6995000243186951
YBR102C,YDL083C,0,-6.0282946,0.08044163882732391,0.6119999885559082,0.6995999813079834
YOR122C,YER031C,0,-6.028845,0.08043106645345688,0.6119999885559082,0.6996999979019165
YPL244C,YML109W,0,-6.0290556,0.08042050153017044,0.6119999885559082,0.6998000144958496
YIL072W,YBR213W,0,-6.02921,0.080409936606884,0.6119999885559082,0.6998999714851379
YDR022C,YDR168W,0,-6.029214,0.08039937168359756,0.6119999885559082,0.699999988079071
YBR004C,YPL057C,0,-6.029518,0.08038880676031113,0.6119999885559082,0.7001000046730042
YOL151W,YMR078C,0,-6.03009,0.08037824928760529,0.6119999885559082,0.7002000212669373
YBR057C,YML032C,0,-6.0301185,0.08036769181489944,0.6119999885559082,0.7002999782562256
YJL013C,YFL016C,0,-6.03022,0.0803571417927742,0.6119999885559082,0.7003999948501587
YNL272C,YJL196C,0,-6.0304556,0.08034659177064896,0.6119999885559082,0.7005000114440918
YGR133W,YDR160W,0,-6.0307484,0.08033604919910431,0.6119999885559082,0.7006000280380249
YOR034C,YPL001W,1,-6.0309362,0.08045675605535507,0.6129999756813049,0.7006000280380249
YGL205W,YIL076W,0,-6.0314054,0.08044619113206863,0.6129999756813049,0.7006999850273132
YGL216W,YDR322C-A,0,-6.031423,0.08043564110994339,0.6129999756813049,0.7008000016212463
YDR057W,YJR050W,0,-6.031483,0.08042508363723755,0.6129999756813049,0.7009000182151794
YBL011W,YMR167W,0,-6.03152,0.0804145336151123,0.6129999756813049,0.7009999752044678
YCL001W,YBR086C,0,-6.032269,0.08040399104356766,0.6129999756813049,0.7010999917984009
YER009W,YOR206W,0,-6.0324173,0.08039344102144241,0.6129999756813049,0.701200008392334
YJL050W,YLR138W,0,-6.0328364,0.08038289844989777,0.6129999756813049,0.7013000249862671
YEL019C,YAL043C,0,-6.033086,0.08037236332893372,0.6129999756813049,0.7013999819755554
YBR098W,YEL071W,0,-6.033135,0.08036182820796967,0.6129999756813049,0.7014999985694885
YDR309C,YGL119W,0,-6.033302,0.08035129308700562,0.6129999756813049,0.7016000151634216
YKL001C,YBR175W,0,-6.0335264,0.08034075796604156,0.6129999756813049,0.70169997215271
YOR334W,YLR238W,0,-6.034218,0.08033023029565811,0.6129999756813049,0.7017999887466431
YML115C,YML043C,0,-6.034429,0.08031971007585526,0.6129999756813049,0.7019000053405762
YJL081C,YEL056W,1,-6.0345984,0.08044019341468811,0.6140000224113464,0.7019000053405762
YPL029W,YER017C,0,-6.0350513,0.08042965829372406,0.6140000224113464,0.7020000219345093
YLR369W,YDR071C,0,-6.0351925,0.08041912317276001,0.6140000224113464,0.7020999789237976
YJL063C,YBL061C,0,-6.035473,0.08040858805179596,0.6140000224113464,0.7021999955177307
YDL116W,YGL150C,0,-6.035702,0.0803980603814125,0.6140000224113464,0.7023000121116638
YLR103C,YML011C,0,-6.0360565,0.08038753271102905,0.6140000224113464,0.7024000287055969
YCR075C,YIL138C,0,-6.036212,0.0803770124912262,0.6140000224113464,0.7024999856948853
YOL165C,YOL147C,0,-6.0362206,0.08036649227142334,0.6140000224113464,0.7026000022888184
YPL213W,YER019W,0,-6.0363812,0.08035597205162048,0.6140000224113464,0.7027000188827515
YER073W,YLR138W,0,-6.036783,0.08034545928239822,0.6140000224113464,0.7027999758720398
YPL120W,YNL309W,0,-6.0368867,0.08033494651317596,0.6140000224113464,0.7028999924659729
YDL080C,YOR075W,0,-6.037056,0.0803244337439537,0.6140000224113464,0.703000009059906
YOR362C,YDR247W,0,-6.0373716,0.08031392842531204,0.6140000224113464,0.7031000256538391
YOR122C,YNR056C,0,-6.037423,0.08030342310667038,0.6140000224113464,0.7031999826431274
YEL053C,YPR031W,1,-6.0376253,0.08042369782924652,0.6150000095367432,0.7031999826431274
YLR370C,YBL106C,0,-6.037798,0.08041317760944366,0.6150000095367432,0.7032999992370605
YJR110W,YPL095C,0,-6.0383286,0.0804026648402214,0.6150000095367432,0.7034000158309937
YOL061W,YDR159W,0,-6.0387015,0.08039215952157974,0.6150000095367432,0.703499972820282
YBR042C,YGR197C,0,-6.038714,0.08038164675235748,0.6150000095367432,0.7035999894142151
YPL049C,YNL273W,0,-6.039001,0.08037114143371582,0.6150000095367432,0.7037000060081482
YBR168W,YJL125C,0,-6.0393295,0.08036064356565475,0.6150000095367432,0.7038000226020813
YBR168W,YOL128C,0,-6.039649,0.08035014569759369,0.6150000095367432,0.7038999795913696
YIL095W,YPR017C,0,-6.040208,0.08033964782953262,0.6150000095367432,0.7039999961853027
YOR133W,YJL102W,0,-6.040564,0.08032914996147156,0.6150000095367432,0.7041000127792358
YDR308C,YDR460W,0,-6.0410347,0.08031865954399109,0.6150000095367432,0.704200029373169
YNL070W,YFR051C,0,-6.041136,0.08030817657709122,0.6150000095367432,0.7042999863624573
YJL071W,YKL114C,0,-6.0412416,0.08029768615961075,0.6150000095367432,0.7044000029563904
YBR243C,YPL106C,0,-6.0412807,0.08028720319271088,0.6150000095367432,0.7045000195503235
YLR215C,YPL008W,0,-6.042164,0.0802767276763916,0.6150000095367432,0.7045999765396118
YOR080W,YCL038C,0,-6.0421886,0.08026625216007233,0.6150000095367432,0.7046999931335449
YIR018W,YML074C,0,-6.042246,0.08025577664375305,0.6150000095367432,0.704800009727478
YDL047W,YGR090W,0,-6.0424833,0.08024530112743378,0.6150000095367432,0.7049000263214111
YOL001W,YNL292W,0,-6.042528,0.0802348330616951,0.6150000095367432,0.7049999833106995
YJL048C,YOR204W,0,-6.0427494,0.08022436499595642,0.6150000095367432,0.7050999999046326
YEL053C,YPR051W,1,-6.0428495,0.08034433424472809,0.6159999966621399,0.7050999999046326
YIL037C,YHR129C,0,-6.0431557,0.08033385127782822,0.6159999966621399,0.7052000164985657
YIR015W,YPR067W,0,-6.0432134,0.08032338321208954,0.6159999966621399,0.705299973487854
YOR004W,YKL114C,0,-6.0433893,0.08031290769577026,0.6159999966621399,0.7053999900817871
YMR225C,YPL010W,0,-6.04393,0.08030243963003159,0.6159999966621399,0.7055000066757202
YMR081C,YNL139C,0,-6.0439844,0.08029197156429291,0.6159999966621399,0.7056000232696533
YDR435C,YNL239W,0,-6.044658,0.08028150349855423,0.6159999966621399,0.7056999802589417
YDR372C,YML015C,0,-6.044949,0.08027104288339615,0.6159999966621399,0.7057999968528748
YBR097W,YOL028C,0,-6.0453796,0.08026058971881866,0.6159999966621399,0.7059000134468079
YER120W,YIR017C,0,-6.045716,0.08025012910366058,0.6159999966621399,0.7059999704360962
YGL035C,YJR074W,0,-6.046028,0.0802396759390831,0.6159999966621399,0.7060999870300293
YDL224C,YGR209C,0,-6.0461817,0.08022922277450562,0.6159999966621399,0.7062000036239624
YNR058W,YJL073W,0,-6.0463305,0.08021877706050873,0.6159999966621399,0.7063000202178955
YOR209C,YBL075C,0,-6.0466146,0.08020833134651184,0.6159999966621399,0.7063999772071838
YGL013C,YJL100W,0,-6.0466356,0.08019789308309555,0.6159999966621399,0.7064999938011169
YML077W,YCR008W,0,-6.0468063,0.08018745481967926,0.6159999966621399,0.70660001039505
YBR170C,YCR031C,0,-6.0468884,0.08017701655626297,0.6159999966621399,0.7067000269889832
YNL243W,YKL064W,0,-6.0469146,0.08016657829284668,0.6159999966621399,0.7067999839782715
YOR069W,YLR298C,0,-6.0470076,0.08015614748001099,0.6159999966621399,0.7069000005722046
YCR057C,YBR072W,0,-6.0471973,0.08014571666717529,0.6159999966621399,0.7070000171661377
YBR050C,YML001W,0,-6.0474453,0.0801352933049202,0.6159999966621399,0.707099974155426
YFR051C,YLR397C,0,-6.0478306,0.0801248699426651,0.6159999966621399,0.7071999907493591
YOL148C,YLL022C,1,-6.048105,0.0802445039153099,0.6169999837875366,0.7071999907493591
YDL007W,YNL261W,0,-6.0481052,0.08023407310247421,0.6169999837875366,0.7073000073432922
YFR033C,YPR105C,0,-6.048154,0.08022363483905792,0.6169999837875366,0.7074000239372253
YOR025W,YJR132W,0,-6.0485344,0.08021321147680283,0.6169999837875366,0.7074999809265137
YHR012W,YAR015W,0,-6.0487194,0.08020278066396713,0.6169999837875366,0.7075999975204468
YJL124C,YIL131C,0,-6.0492916,0.08019235730171204,0.6169999837875366,0.7077000141143799
YGL243W,YNL199C,0,-6.0494204,0.08018193393945694,0.6169999837875366,0.7077999711036682
YFR036W,YPR017C,0,-6.049482,0.08017151802778244,0.6169999837875366,0.7078999876976013
YMR316W,YOL090W,0,-6.0495586,0.08016110211610794,0.6169999837875366,0.7080000042915344
YMR043W,YDR150W,0,-6.04974,0.08015068620443344,0.6169999837875366,0.7081000208854675
YMR309C,YDR201W,0,-6.050029,0.08014027774333954,0.6169999837875366,0.7081999778747559
YPL212C,YNL163C,0,-6.0503817,0.08012986928224564,0.6169999837875366,0.708299994468689
YGL211W,YBL078C,0,-6.050731,0.08011946827173233,0.6169999837875366,0.7084000110626221
YBR102C,YJL184W,0,-6.051207,0.08010905981063843,0.6169999837875366,0.7085000276565552
YDR214W,YJL122W,0,-6.0512304,0.08009866625070572,0.6169999837875366,0.7085999846458435
YJR158W,YNR043W,0,-6.051714,0.08008826524019241,0.6169999837875366,0.7087000012397766
YLR102C,YKR037C,0,-6.051734,0.0800778716802597,0.6169999837875366,0.7088000178337097
YGL200C,YNL248C,0,-6.0517745,0.080067478120327,0.6169999837875366,0.708899974822998
YBR050C,YDR083W,0,-6.0519085,0.08005709201097488,0.6169999837875366,0.7089999914169312
YDL159W,YDR245W,0,-6.0519447,0.08004670590162277,0.6169999837875366,0.7091000080108643
YJL061W,YBR068C,0,-6.052074,0.08003631979227066,0.6169999837875366,0.7092000246047974
YLR195C,YHR013C,1,-6.052446,0.0801556408405304,0.6179999709129333,0.7092000246047974
YOR075W,YLR100W,0,-6.0524635,0.08014524728059769,0.6179999709129333,0.7092999815940857
YJL115W,YOL110W,1,-6.052752,0.08026452362537384,0.6190000176429749,0.7092999815940857
YOR344C,YNL085W,0,-6.052763,0.08025411516427994,0.6190000176429749,0.7093999981880188
YIR008C,YLR165C,0,-6.0527706,0.08024371415376663,0.6190000176429749,0.7095000147819519
YJR006W,YNL139C,0,-6.052851,0.08023331314325333,0.6190000176429749,0.7095999717712402
YGL190C,YGL054C,0,-6.053117,0.08022291213274002,0.6190000176429749,0.7096999883651733
YML123C,YJL048C,0,-6.0536013,0.08021251857280731,0.6190000176429749,0.7098000049591064
YDL231C,YOR256C,0,-6.053755,0.0802021250128746,0.6190000176429749,0.7099000215530396
YEL018W,YBR297W,0,-6.054203,0.0801917314529419,0.6190000176429749,0.7099999785423279
YGR224W,YDL178W,0,-6.0542135,0.08018134534358978,0.6190000176429749,0.710099995136261
YPL153C,YBL103C,0,-6.055197,0.08017095923423767,0.6190000176429749,0.7102000117301941
YPL169C,YGL111W,0,-6.055888,0.08016058057546616,0.6190000176429749,0.7103000283241272
YGL253W,YPL180W,0,-6.0561943,0.08015020191669464,0.6190000176429749,0.7103999853134155
YML121W,YDR423C,0,-6.0564165,0.08013982325792313,0.6190000176429749,0.7105000019073486
YJL042W,YMR023C,0,-6.0564346,0.08012945204973221,0.6190000176429749,0.7106000185012817
YLL021W,YOR308C,0,-6.0570602,0.08011908084154129,0.6190000176429749,0.7106999754905701
YMR316W,YFL016C,0,-6.0572157,0.08010870963335037,0.6190000176429749,0.7107999920845032
YIL076W,YDR118W,0,-6.0574374,0.08009834587574005,0.6190000176429749,0.7109000086784363
YOR224C,YDR236C,0,-6.057481,0.08008798211812973,0.6190000176429749,0.7110000252723694
YBR274W,YBR050C,0,-6.057597,0.08007761836051941,0.6190000176429749,0.7110999822616577
YDR096W,YNL218W,0,-6.057787,0.08006726205348969,0.6190000176429749,0.7111999988555908
YJR001W,YPR067W,0,-6.057969,0.08005690574645996,0.6190000176429749,0.7113000154495239
YPL042C,YLR008C,0,-6.058099,0.08004655689001083,0.6190000176429749,0.7113999724388123
YJR052W,YFL048C,0,-6.0581856,0.08003620058298111,0.6190000176429749,0.7114999890327454
YGL033W,YOL005C,0,-6.0587187,0.08002585917711258,0.6190000176429749,0.7116000056266785
YMR301C,YMR319C,0,-6.0588093,0.08001551032066345,0.6190000176429749,0.7117000222206116
YBR212W,YMR109W,0,-6.0589037,0.08000516891479492,0.6190000176429749,0.7117999792098999
YMR268C,YPR125W,0,-6.0596914,0.07999482750892639,0.6190000176429749,0.711899995803833
YGL066W,YDR392W,1,-6.05982,0.08011370897293091,0.6200000047683716,0.711899995803833
YDR392W,YGL112C,1,-6.059848,0.08023256063461304,0.6209999918937683,0.711899995803833
YHR152W,YLR310C,0,-6.060027,0.08022219687700272,0.6209999918937683,0.7120000123977661
YMR075W,YDR183W,0,-6.060247,0.0802118331193924,0.6209999918937683,0.7121000289916992
YOR080W,YOL145C,0,-6.0602875,0.08020146936178207,0.6209999918937683,0.7121999859809875
YPL053C,YOR126C,0,-6.0603323,0.08019111305475235,0.6209999918937683,0.7123000025749207
YMR047C,YKL196C,0,-6.0604315,0.08018076419830322,0.6209999918937683,0.7124000191688538
YOR344C,YMR255W,0,-6.060498,0.0801704078912735,0.6209999918937683,0.7124999761581421
YPR029C,YOL021C,0,-6.0607786,0.08016005903482437,0.6209999918937683,0.7125999927520752
YBR165W,YOL109W,0,-6.0608063,0.08014971762895584,0.6209999918937683,0.7127000093460083
YJL125C,YBR048W,0,-6.061262,0.08013937622308731,0.6209999918937683,0.7128000259399414
YBR256C,YML112W,0,-6.06141,0.08012903481721878,0.6209999918937683,0.7128999829292297
YPL145C,YML041C,0,-6.0617285,0.08011869341135025,0.6209999918937683,0.7129999995231628
YDL188C,YIL150C,0,-6.0617986,0.08010835945606232,0.6209999918937683,0.713100016117096
YHR178W,YKR008W,0,-6.062092,0.08009802550077438,0.6209999918937683,0.7131999731063843
YPR005C,YPR139C,0,-6.062173,0.08008769899606705,0.6209999918937683,0.7132999897003174
YBL050W,YEL030W,0,-6.0624366,0.08007737249135971,0.6209999918937683,0.7134000062942505
YML069W,YMR058W,0,-6.0624657,0.08006704598665237,0.6209999918937683,0.7135000228881836
YFR041C,YDR173C,0,-6.0626698,0.08005671948194504,0.6209999918937683,0.7135999798774719
YML023C,YHR085W,0,-6.062786,0.0800464004278183,0.6209999918937683,0.713699996471405
YDR375C,YKL017C,0,-6.0629945,0.08003608882427216,0.6209999918937683,0.7138000130653381
YBR247C,YML024W,0,-6.063142,0.08002576977014542,0.6209999918937683,0.7139000296592712
YOR036W,YER088C,0,-6.063157,0.08001546561717987,0.6209999918937683,0.7139999866485596
YDR148C,YJR103W,0,-6.063219,0.08000515401363373,0.6209999918937683,0.7141000032424927
YJR019C,YBR298C,0,-6.0632334,0.07999484986066818,0.6209999918937683,0.7142000198364258
YAL022C,YAL024C,0,-6.0632896,0.07998454570770264,0.6209999918937683,0.7142999768257141
YDR143C,YER177W,0,-6.0636225,0.07997424155473709,0.6209999918937683,0.7143999934196472
YGL071W,YGR204W,0,-6.0638022,0.07996394485235214,0.6209999918937683,0.7145000100135803
YPL075W,YLR088W,0,-6.0638876,0.0799536481499672,0.6209999918937683,0.7146000266075134
YDL235C,YDR208W,0,-6.064045,0.07994335889816284,0.6209999918937683,0.7146999835968018
YLL002W,YDR264C,1,-6.064068,0.08006178587675095,0.621999979019165,0.7146999835968018
YHR186C,YDR311W,0,-6.0642905,0.0800514817237854,0.621999979019165,0.7148000001907349
YDR160W,YER030W,0,-6.064472,0.08004117757081985,0.621999979019165,0.714900016784668
YMR316W,YJL063C,0,-6.064657,0.0800308808684349,0.621999979019165,0.7149999737739563
YPL110C,YGR256W,0,-6.0647883,0.08002058416604996,0.621999979019165,0.7150999903678894
YER031C,YDL140C,0,-6.064849,0.08001028746366501,0.621999979019165,0.7152000069618225
YCR027C,YDR251W,0,-6.06485,0.07999999821186066,0.621999979019165,0.7153000235557556
YPR023C,YOR064C,1,-6.065089,0.08011831343173981,0.6230000257492065,0.7153000235557556
YOL147C,YML065W,0,-6.066018,0.08010800927877426,0.6230000257492065,0.715399980545044
YCR057C,YDR397C,0,-6.0661035,0.08009771257638931,0.6230000257492065,0.715499997138977
YOR317W,YFL024C,1,-6.066288,0.08021596819162369,0.6240000128746033,0.715499997138977
YOR162C,YER029C,0,-6.0663705,0.08020565658807755,0.6240000128746033,0.7156000137329102
YLL040C,YIR012W,0,-6.066476,0.0801953449845314,0.6240000128746033,0.7156999707221985
YKR055W,YPL086C,0,-6.0665884,0.08018504083156586,0.6240000128746033,0.7157999873161316
YKR076W,YDR288W,0,-6.066827,0.08017473667860031,0.6240000128746033,0.7159000039100647
YJL008C,YDR060W,0,-6.066842,0.08016443997621536,0.6240000128746033,0.7160000205039978
YJL110C,YHR059W,0,-6.067108,0.08015414327383041,0.6240000128746033,0.7160999774932861
YLL002W,YFL039C,1,-6.0671396,0.08027228713035583,0.625,0.7160999774932861
YHR070W,YHR021C,0,-6.0671473,0.08026197552680969,0.625,0.7161999940872192
YPL190C,YEL012W,0,-6.067257,0.08025167137384415,0.625,0.7163000106811523
YPR189W,YLR319C,0,-6.0673027,0.0802413672208786,0.625,0.7164000272750854
YGR162W,YDR297W,0,-6.0673356,0.08023106306791306,0.625,0.7164999842643738
YPR021C,YPL228W,0,-6.0679054,0.0802207663655281,0.625,0.7166000008583069
YHR165C,YOL039W,0,-6.068112,0.08021046966314316,0.625,0.71670001745224
YJL140W,YGL049C,0,-6.068512,0.0802001804113388,0.625,0.7167999744415283
YDL106C,YJL124C,0,-6.0687866,0.08018989115953445,0.625,0.7168999910354614
YHR120W,YOR351C,0,-6.0687943,0.0801796019077301,0.625,0.7170000076293945
YDL232W,YPR110C,0,-6.0688553,0.08016932010650635,0.625,0.7171000242233276
YKR007W,YGR004W,0,-6.0692353,0.08015903830528259,0.625,0.717199981212616
YLR032W,YLR228C,0,-6.06933,0.08014875650405884,0.625,0.7172999978065491
YLL022C,YOR253W,1,-6.0695496,0.08026669919490814,0.6259999871253967,0.7172999978065491
YGR276C,YMR139W,0,-6.0695677,0.08025640994310379,0.6259999871253967,0.7174000144004822
YFL039C,YOL110W,1,-6.0696373,0.08037430793046951,0.6269999742507935,0.7174000144004822
YLR220W,YPR198W,0,-6.0698137,0.08036401122808456,0.6269999742507935,0.7174999713897705
YLL042C,YML029W,0,-6.0702515,0.08035370707511902,0.6269999742507935,0.7175999879837036
YKL001C,YDR224C,0,-6.0703306,0.08034341037273407,0.6269999742507935,0.7177000045776367
YGL048C,YOL039W,0,-6.070813,0.08033312112092972,0.6269999742507935,0.7178000211715698
YBL022C,YCR083W,0,-6.070892,0.08032283186912537,0.6269999742507935,0.7178999781608582
YGL208W,YJL196C,0,-6.0711036,0.08031254261732101,0.6269999742507935,0.7179999947547913
YNL001W,YLL043W,0,-6.071435,0.08030225336551666,0.6269999742507935,0.7181000113487244
YGL238W,YML046W,0,-6.0714407,0.08029197156429291,0.6269999742507935,0.7182000279426575
YNL242W,YGR270W,0,-6.0715885,0.08028168976306915,0.6269999742507935,0.7182999849319458
YLR304C,YBL008W,0,-6.0716977,0.080271415412426,0.6269999742507935,0.7184000015258789
YOL009C,YML013W,0,-6.0718603,0.08026113361120224,0.6269999742507935,0.718500018119812
YGL208W,YDL100C,0,-6.072258,0.08025086671113968,0.6269999742507935,0.7185999751091003
YMR052W,YPL153C,0,-6.0722804,0.08024059236049652,0.6269999742507935,0.7186999917030334
YPR009W,YGL054C,0,-6.072468,0.08023032546043396,0.6269999742507935,0.7188000082969666
YJR108W,YPL028W,0,-6.073017,0.0802200585603714,0.6269999742507935,0.7189000248908997
YPL224C,YPL195W,0,-6.073251,0.08020979911088943,0.6269999742507935,0.718999981880188
YIL014W,YPL161C,0,-6.0733457,0.08019953966140747,0.6269999742507935,0.7190999984741211
YDR490C,YER027C,0,-6.0735836,0.0801892802119255,0.6269999742507935,0.7192000150680542
YEL013W,YPL176C,0,-6.073705,0.08017902821302414,0.6269999742507935,0.7192999720573425
YER110C,YML008C,0,-6.073853,0.08016877621412277,0.6269999742507935,0.7193999886512756
YLR045C,YML061C,0,-6.074233,0.0801585242152214,0.6269999742507935,0.7195000052452087
YNR007C,YOR058C,0,-6.074335,0.08014827966690063,0.6269999742507935,0.7196000218391418
YBR256C,YGL122C,0,-6.0743833,0.08013803511857986,0.6269999742507935,0.7196999788284302
YPR163C,YNL220W,0,-6.074549,0.08012779802083969,0.6269999742507935,0.7197999954223633
YNR056C,YIL075C,0,-6.0752807,0.08011755347251892,0.6269999742507935,0.7199000120162964
YGR142W,YML098W,0,-6.076064,0.08010732382535934,0.6269999742507935,0.7200000286102295
YPL037C,YOR256C,0,-6.076869,0.08009708672761917,0.6269999742507935,0.7200999855995178
YPL169C,YLR059C,0,-6.0774455,0.0800868570804596,0.6269999742507935,0.7202000021934509
YCL034W,YIL150C,0,-6.0779867,0.08007662743330002,0.6269999742507935,0.720300018787384
YGL210W,YMR260C,0,-6.0780025,0.08006640523672104,0.6269999742507935,0.7203999757766724
YPR193C,YGL112C,1,-6.0786247,0.08018386363983154,0.628000020980835,0.7203999757766724
YDR037W,YOR087W,0,-6.0788174,0.08017362654209137,0.628000020980835,0.7204999923706055
YGR181W,YPL214C,0,-6.0790596,0.0801633894443512,0.628000020980835,0.7206000089645386
YDR479C,YML032C,0,-6.0791264,0.08015315979719162,0.628000020980835,0.7207000255584717
YPR051W,YOR253W,1,-6.0791316,0.08027054369449615,0.6290000081062317,0.7207000255584717
YML080W,YNL003C,0,-6.0791607,0.08026030659675598,0.6290000081062317,0.72079998254776
YPR042C,YHR060W,0,-6.0791855,0.08025006204843521,0.6290000081062317,0.7208999991416931
YOL010W,YOL055C,0,-6.079615,0.08023982495069504,0.6290000081062317,0.7210000157356262
YGR252W,YGL112C,1,-6.0797606,0.0803571417927742,0.6299999952316284,0.7210000157356262
YOR198C,YBL014C,0,-6.0802436,0.08034689724445343,0.6299999952316284,0.7210999727249146
YNR017W,YJR094C,0,-6.080303,0.08033664524555206,0.6299999952316284,0.7211999893188477
YOR023C,YPL001W,1,-6.080311,0.08045390993356705,0.6309999823570251,0.7211999893188477
YLR013W,YPL051W,0,-6.080578,0.08044365048408508,0.6309999823570251,0.7213000059127808
YKL125W,YJL167W,0,-6.081126,0.08043339848518372,0.6309999823570251,0.7214000225067139
YOR112W,YNL066W,0,-6.0812044,0.08042314648628235,0.6309999823570251,0.7214999794960022
YKL205W,YNL153C,0,-6.081309,0.08041289448738098,0.6309999823570251,0.7215999960899353
YEL029C,YOR329C,0,-6.081813,0.08040264993906021,0.6309999823570251,0.7217000126838684
YEL066W,YDR392W,1,-6.0818214,0.08051981031894684,0.6320000290870667,0.7217000126838684
YIL035C,YMR260C,0,-6.0822167,0.08050955086946487,0.6320000290870667,0.7218000292778015
YBR050C,YOL093W,0,-6.082504,0.08049929887056351,0.6320000290870667,0.7218999862670898
YKL005C,YML019W,0,-6.082712,0.08048904687166214,0.6320000290870667,0.722000002861023
YER095W,YMR012W,0,-6.082967,0.08047879487276077,0.6320000290870667,0.722100019454956
YDR264C,YHR013C,1,-6.0830703,0.08059587329626083,0.6330000162124634,0.722100019454956
YER178W,YFL002C,0,-6.0835733,0.08058561384677887,0.6330000162124634,0.7221999764442444
YDR293C,YLR197W,0,-6.0838327,0.0805753543972969,0.6330000162124634,0.7222999930381775
YJL061W,YOR239W,0,-6.0838957,0.08056510239839554,0.6330000162124634,0.7224000096321106
YDR258C,YER024W,0,-6.083937,0.08055485039949417,0.6330000162124634,0.7225000262260437
YIL007C,YDR478W,0,-6.084086,0.0805445984005928,0.6330000162124634,0.722599983215332
YPL195W,YHR083W,0,-6.0842247,0.08053435385227203,0.6330000162124634,0.7226999998092651
YHR183W,YKR085C,0,-6.0845437,0.08052410930395126,0.6330000162124634,0.7228000164031982
YOL026C,YDL095W,0,-6.0848303,0.0805138647556305,0.6330000162124634,0.7228999733924866
YPR051W,YGR252W,1,-6.0848656,0.08063080161809921,0.6340000033378601,0.7228999733924866
YAL035W,YDR460W,0,-6.0851903,0.08062054961919785,0.6340000033378601,0.7229999899864197
YPR005C,YDL006W,0,-6.0854697,0.08061029762029648,0.6340000033378601,0.7231000065803528
YGL087C,YDR325W,0,-6.085577,0.08060005307197571,0.6340000033378601,0.7232000231742859
YCL025C,YLR163C,0,-6.0857534,0.08058980852365494,0.6340000033378601,0.7232999801635742
YDL224C,YKL129C,0,-6.08613,0.08057956397533417,0.6340000033378601,0.7233999967575073
YMR200W,YPR081C,0,-6.086334,0.0805693194270134,0.6340000033378601,0.7235000133514404
YMR284W,YLR371W,0,-6.08676,0.08055908232927322,0.6340000033378601,0.7235999703407288
YLR013W,YKR038C,0,-6.087096,0.08054885268211365,0.6340000033378601,0.7236999869346619
YHL038C,YPL028W,0,-6.087098,0.08053861558437347,0.6340000033378601,0.723800003528595
YJL115W,YHR099W,1,-6.0872426,0.08065540343523026,0.6349999904632568,0.723800003528595
YNL039W,YGR288W,0,-6.0879383,0.08064515888690948,0.6349999904632568,0.7239000201225281
YJR125C,YLR197W,0,-6.0880103,0.08063492178916931,0.6349999904632568,0.7239999771118164
YCR067C,YGL111W,0,-6.0884795,0.08062468469142914,0.6349999904632568,0.7240999937057495
YER015W,YDR145W,1,-6.088618,0.08074139803647995,0.6359999775886536,0.7240999937057495
YPR131C,YJR082C,1,-6.088752,0.08085808902978897,0.6370000243186951,0.7240999937057495
YGL208W,YDR011W,0,-6.088995,0.08084782212972641,0.6370000243186951,0.7242000102996826
YJR093C,YPR189W,0,-6.089175,0.08083756268024445,0.6370000243186951,0.7243000268936157
YJR031C,YPR154W,0,-6.089296,0.08082730323076248,0.6370000243186951,0.724399983882904
YNL062C,YCR031C,0,-6.089325,0.08081705123186111,0.6370000243186951,0.7245000004768372
YPL130W,YPR074C,0,-6.0896196,0.08080679923295975,0.6370000243186951,0.7246000170707703
YLR286C,YHR200W,0,-6.089924,0.08079654723405838,0.6370000243186951,0.7246999740600586
YCR020C-A,YOR253W,1,-6.090148,0.08091312646865845,0.6380000114440918,0.7246999740600586
YKL201C,YNL312W,0,-6.0901556,0.08090286701917648,0.6380000114440918,0.7247999906539917
YKL081W,YIL117C,0,-6.090393,0.08089260756969452,0.6380000114440918,0.7249000072479248
YNL147W,YOL089C,0,-6.090908,0.08088235557079315,0.6380000114440918,0.7250000238418579
YOR115C,YLR265C,0,-6.0914125,0.08087210357189178,0.6380000114440918,0.7250999808311462
YJR001W,YPL224C,0,-6.0916014,0.08086185157299042,0.6380000114440918,0.7251999974250793
YHR172W,YBR021W,0,-6.092015,0.08085159957408905,0.6380000114440918,0.7253000140190125
YGL001C,YNL278W,0,-6.09214,0.08084135502576828,0.6380000114440918,0.7253999710083008
YKL016C,YLR383W,0,-6.0921707,0.0808311179280281,0.6380000114440918,0.7254999876022339
YDR028C,YOR020C,0,-6.0923347,0.08082087337970734,0.6380000114440918,0.725600004196167
YNR007C,YGR188C,0,-6.0925245,0.08081063628196716,0.6380000114440918,0.7257000207901001
YJR144W,YMR311C,0,-6.0925555,0.08080040663480759,0.6380000114440918,0.7257999777793884
YDL102W,YGL061C,0,-6.0926476,0.08079017698764801,0.6380000114440918,0.7258999943733215
YLL002W,YOR064C,1,-6.093294,0.08090655505657196,0.6389999985694885,0.7258999943733215
YDR529C,YNL085W,0,-6.093439,0.08089631795883179,0.6389999985694885,0.7260000109672546
YDL135C,YHR021C,0,-6.093456,0.08088607341051102,0.6389999985694885,0.7261000275611877
YDL161W,YBR022W,0,-6.093526,0.08087583631277084,0.6389999985694885,0.7261999845504761
YOR106W,YDR512C,0,-6.0935354,0.08086560666561127,0.6389999985694885,0.7263000011444092
YJR001W,YIL153W,0,-6.0939617,0.0808553695678711,0.6389999985694885,0.7264000177383423
YGR013W,YIL153W,0,-6.094516,0.08084513992071152,0.6389999985694885,0.7264999747276306
YDR005C,YDL145C,0,-6.0945168,0.08083491772413254,0.6389999985694885,0.7265999913215637
YNL099C,YML031W,0,-6.094561,0.08082468807697296,0.6389999985694885,0.7267000079154968
YML013W,YBR123C,0,-6.0946245,0.08081446588039398,0.6389999985694885,0.7268000245094299
YNL015W,YPR054W,0,-6.0951805,0.0808042511343956,0.6389999985694885,0.7268999814987183
YBR253W,YOR157C,0,-6.096737,0.08079402893781662,0.6389999985694885,0.7269999980926514
YOL006C,YBR038W,0,-6.096876,0.08078382164239883,0.6389999985694885,0.7271000146865845
YDL045C,YJR001W,0,-6.097033,0.08077360689640045,0.6389999985694885,0.7271999716758728
YAL033W,YHR161C,0,-6.097104,0.08076339960098267,0.6389999985694885,0.7272999882698059
YGL045W,YHR043C,0,-6.0971966,0.08075319230556488,0.6389999985694885,0.727400004863739
YBR055C,YPR191W,0,-6.097763,0.0807429850101471,0.6389999985694885,0.7275000214576721
YPR031W,YOR253W,1,-6.098312,0.08085912466049194,0.6399999856948853,0.7275000214576721
YDR255C,YCL025C,0,-6.0991316,0.08084890991449356,0.6399999856948853,0.7275999784469604
YOR270C,YLR340W,0,-6.0993576,0.08083870261907578,0.6399999856948853,0.7276999950408936
YOR207C,YGL166W,0,-6.0995026,0.08082849532365799,0.6399999856948853,0.7278000116348267
YAL054C,YPR051W,1,-6.0995893,0.08094456046819687,0.640999972820282,0.7278000116348267
YOR099W,YNL259C,0,-6.0996304,0.08093434572219849,0.640999972820282,0.7279000282287598
YER020W,YOR279C,0,-6.099636,0.0809241235256195,0.640999972820282,0.7279999852180481
YOL122C,YDR082W,0,-6.099929,0.08091390877962112,0.640999972820282,0.7281000018119812
YAL053W,YKL186C,0,-6.1000967,0.08090370148420334,0.640999972820282,0.7282000184059143
YOR371C,YML034W,0,-6.10026,0.08089348673820496,0.640999972820282,0.7282999753952026
YDR378C,YNL113W,0,-6.100739,0.08088327944278717,0.640999972820282,0.7283999919891357
YML112W,YNR019W,0,-6.1008606,0.08087307959794998,0.640999972820282,0.7285000085830688
YOL133W,YLR055C,0,-6.101575,0.0808628723025322,0.640999972820282,0.728600025177002
YOR217W,YBR172C,0,-6.101598,0.08085267245769501,0.640999972820282,0.7286999821662903
YMR200W,YGL232W,0,-6.1018925,0.08084248006343842,0.640999972820282,0.7287999987602234
YDL084W,YKR087C,0,-6.10213,0.08083228021860123,0.640999972820282,0.7289000153541565
YNL287W,YJL187C,0,-6.1029615,0.08082208782434464,0.640999972820282,0.7289999723434448
YEL051W,YOR239W,0,-6.1031504,0.08081190288066864,0.640999972820282,0.7290999889373779
YDR456W,YBR093C,0,-6.1033583,0.08080171793699265,0.640999972820282,0.729200005531311
YIL036W,YGR191W,0,-6.1033754,0.08079153299331665,0.640999972820282,0.7293000221252441
YER087C-B,YMR260C,0,-6.1033955,0.08078134804964066,0.640999972820282,0.7293999791145325
YDL040C,YCL010C,1,-6.103814,0.08089717477560043,0.6420000195503235,0.7293999791145325
YBR297W,YMR083W,0,-6.104098,0.08088698238134384,0.6420000195503235,0.7294999957084656
YOR004W,YML024W,0,-6.1042604,0.08087679743766785,0.6420000195503235,0.7296000123023987
YER053C,YDL235C,0,-6.1043253,0.08086660504341125,0.6420000195503235,0.7297000288963318
YMR109W,YML110C,0,-6.104393,0.08085642009973526,0.6420000195503235,0.7297999858856201
YOR036W,YHR200W,0,-6.1044946,0.08084624260663986,0.6420000195503235,0.7299000024795532
YHR099W,YOR034C,1,-6.1052966,0.08096197247505188,0.6430000066757202,0.7299000024795532
YNL047C,YML124C,0,-6.1054363,0.08095178008079529,0.6430000066757202,0.7300000190734863
YMR055C,YBR228W,0,-6.1054955,0.0809415876865387,0.6430000066757202,0.7300999760627747
YMR149W,YML107C,0,-6.1059294,0.0809314027428627,0.6430000066757202,0.7301999926567078
YHR012W,YER022W,0,-6.1059465,0.0809212177991867,0.6430000066757202,0.7303000092506409
YBL082C,YJL167W,0,-6.106179,0.08091103285551071,0.6430000066757202,0.730400025844574
YPL101W,YBL058W,0,-6.106182,0.08090085536241531,0.6430000066757202,0.7304999828338623
YDR490C,YDR069C,0,-6.1064243,0.08089067786931992,0.6430000066757202,0.7305999994277954
YPR163C,YML113W,0,-6.106478,0.08088050037622452,0.6430000066757202,0.7307000160217285
YBR273C,YML098W,0,-6.1065674,0.08087033033370972,0.6430000066757202,0.7307999730110168
YIL120W,YBR171W,0,-6.1071744,0.08086016029119492,0.6430000066757202,0.73089998960495
YER179W,YGR118W,0,-6.10739,0.08084999024868011,0.6430000066757202,0.7310000061988831
YJL081C,YEL066W,1,-6.107704,0.0809655487537384,0.6439999938011169,0.7310000061988831
YNL073W,YKL108W,0,-6.10775,0.080955371260643,0.6439999938011169,0.7311000227928162
YHR160C,YPL156C,0,-6.1078176,0.0809452012181282,0.6439999938011169,0.7311999797821045
YML102W,YGL061C,0,-6.1080017,0.0809350237250328,0.6439999938011169,0.7312999963760376
YPL214C,YIL049W,0,-6.108035,0.080924853682518,0.6439999938011169,0.7314000129699707
YBL026W,YER031C,0,-6.1084948,0.0809146910905838,0.6439999938011169,0.7315000295639038
YPR021C,YBR171W,0,-6.1085067,0.080904521048069,0.6439999938011169,0.7315999865531921
YLR313C,YMR044W,0,-6.108815,0.0808943584561348,0.6439999938011169,0.7317000031471252
YOL012C,YPR100W,0,-6.109272,0.08088420331478119,0.6439999938011169,0.7318000197410583
YER118C,YLR316C,0,-6.109275,0.08087404072284698,0.6439999938011169,0.7318999767303467
YGR285C,YNR038W,0,-6.109474,0.08086388558149338,0.6439999938011169,0.7319999933242798
YLR272C,YGR007W,0,-6.1096997,0.08085373789072037,0.6439999938011169,0.7321000099182129
YML006C,YIL039W,0,-6.109744,0.08084358274936676,0.6439999938011169,0.732200026512146
YJL080C,YGL213C,0,-6.109802,0.08083343505859375,0.6439999938011169,0.7322999835014343
YIR022W,YDL093W,0,-6.1098137,0.08082329481840134,0.6439999938011169,0.7324000000953674
YNL078W,YGL172W,0,-6.1099854,0.08081315457820892,0.6439999938011169,0.7325000166893005
YDR309C,YLR215C,0,-6.110216,0.08080301433801651,0.6439999938011169,0.7325999736785889
YLR135W,YPL089C,0,-6.1105413,0.0807928740978241,0.6439999938011169,0.732699990272522
YML080W,YNR010W,0,-6.1106176,0.08078274130821228,0.6439999938011169,0.7328000068664551
YJL063C,YGL098W,0,-6.110704,0.08077260851860046,0.6439999938011169,0.7329000234603882
YIL048W,YGR081C,0,-6.111169,0.08076247572898865,0.6439999938011169,0.7329999804496765
YGL071W,YOR094W,0,-6.1111736,0.08075235038995743,0.6439999938011169,0.7330999970436096
YJL208C,YDR247W,0,-6.1113043,0.08074222505092621,0.6439999938011169,0.7332000136375427
YCR002C,YHR205W,0,-6.111372,0.08073210716247559,0.6439999938011169,0.733299970626831
YOR113W,YPL126W,0,-6.111697,0.08072198182344437,0.6439999938011169,0.7333999872207642
YDR106W,YMR095C,0,-6.112728,0.08071187138557434,0.6439999938011169,0.7335000038146973
YCL017C,YDR381W,0,-6.1127424,0.08070175349712372,0.6439999938011169,0.7336000204086304
YJL008C,YDL080C,0,-6.1128454,0.08069164305925369,0.6439999938011169,0.7336999773979187
YML099C,YNL080C,0,-6.1132684,0.08068153262138367,0.6439999938011169,0.7337999939918518
YNR046W,YDR345C,0,-6.1133103,0.08067142963409424,0.6439999938011169,0.7339000105857849
YER008C,YML031W,0,-6.1133776,0.08066131919622421,0.6439999938011169,0.734000027179718
YCL038C,YGL012W,0,-6.1138744,0.08065122365951538,0.6439999938011169,0.7340999841690063
YAL056W,YBR070C,0,-6.1142893,0.08064112067222595,0.6439999938011169,0.7342000007629395
YHR188C,YDL150W,0,-6.114644,0.08063102513551712,0.6439999938011169,0.7343000173568726
YBR109C,YIL095W,0,-6.1147823,0.08062092959880829,0.6439999938011169,0.7343999743461609
YDR264C,YPR051W,1,-6.1149054,0.08073601126670837,0.6449999809265137,0.7343999743461609
YDR487C,YLR170C,0,-6.115083,0.08072590827941895,0.6449999809265137,0.734499990940094
YCR026C,YNL270C,0,-6.1152973,0.08071580529212952,0.6449999809265137,0.7346000075340271
YMR076C,YJR084W,0,-6.11553,0.08070570230484009,0.6449999809265137,0.7347000241279602
YLR195C,YGR252W,1,-6.115755,0.0808207169175148,0.6460000276565552,0.7347000241279602
YLR210W,YPL059W,0,-6.115804,0.08081060647964478,0.6460000276565552,0.7347999811172485
YBR297W,YJL167W,0,-6.1159735,0.08080050349235535,0.6460000276565552,0.7348999977111816
YFR037C,YMR311C,0,-6.116463,0.08079039305448532,0.6460000276565552,0.7350000143051147
YBR202W,YMR213W,0,-6.1166143,0.08078029006719589,0.6460000276565552,0.7350999712944031
YDR419W,YLR023C,0,-6.1166644,0.08077019453048706,0.6460000276565552,0.7351999878883362
YPR008W,YAL038W,0,-6.1167994,0.08076009154319763,0.6460000276565552,0.7353000044822693
YOR036W,YBR127C,0,-6.116888,0.0807500034570694,0.6460000276565552,0.7354000210762024
YAL029C,YMR068W,0,-6.116968,0.08073990792036057,0.6460000276565552,0.7354999780654907
YDR302W,YOL049W,0,-6.117067,0.08072981983423233,0.6460000276565552,0.7355999946594238
YML114C,YPR161C,0,-6.117099,0.0807197317481041,0.6460000276565552,0.7357000112533569
YDR345C,YKL117W,0,-6.117333,0.08070964366197586,0.6460000276565552,0.73580002784729
YDR511W,YGR118W,0,-6.1173973,0.08069956302642822,0.6460000276565552,0.7358999848365784
YCL011C,YOR038C,0,-6.1174307,0.08068948239088058,0.6460000276565552,0.7360000014305115
YML123C,YDR486C,0,-6.117551,0.08067940920591354,0.6460000276565552,0.7361000180244446
YLR335W,YGL252C,0,-6.117736,0.0806693285703659,0.6460000276565552,0.7361999750137329
YLR362W,YFL059W,0,-6.1182103,0.08065925538539886,0.6460000276565552,0.736299991607666
YOL148C,YOR253W,1,-6.118233,0.08077403157949448,0.6470000147819519,0.736299991607666
YDR182W,YER171W,0,-6.1182356,0.08076395094394684,0.6470000147819519,0.7364000082015991
YPL106C,YPR198W,0,-6.118675,0.0807538703083992,0.6470000147819519,0.7365000247955322
YOR034C,YDR392W,1,-6.118697,0.08086858689785004,0.6480000019073486,0.7365000247955322
YJR093C,YGR075C,0,-6.1192083,0.0808584988117218,0.6480000019073486,0.7365999817848206
YPR193C,YPR051W,1,-6.1193166,0.08097317814826965,0.6489999890327454,0.7365999817848206
YFR052W,YLL019C,0,-6.1197896,0.08096307516098022,0.6489999890327454,0.7366999983787537
YLR103C,YJL128C,0,-6.1198015,0.0809529721736908,0.6489999890327454,0.7368000149726868
YLL027W,YDL188C,0,-6.120008,0.08094287663698196,0.6489999890327454,0.7368999719619751
YJL065C,YOL128C,0,-6.120204,0.08093278110027313,0.6489999890327454,0.7369999885559082
YJR077C,YLR166C,0,-6.120207,0.0809226930141449,0.6489999890327454,0.7371000051498413
YDR264C,YFL024C,1,-6.1203413,0.08103727549314499,0.6499999761581421,0.7371000051498413
YBR172C,YIR017C,0,-6.1204863,0.08102717250585556,0.6499999761581421,0.7372000217437744
YGL119W,YPL151C,0,-6.121665,0.08101707696914673,0.6499999761581421,0.7372999787330627
YHR193C,YBL006C,0,-6.1216707,0.0810069814324379,0.6499999761581421,0.7373999953269958
YNL142W,YCR066W,0,-6.1218805,0.08099688589572906,0.6499999761581421,0.737500011920929
YHR098C,YPR067W,0,-6.121902,0.08098679035902023,0.6499999761581421,0.7376000285148621
YBR202W,YLR056W,0,-6.1219106,0.080976702272892,0.6499999761581421,0.7376999855041504
YJR144W,YMR197C,0,-6.122101,0.08096661418676376,0.6499999761581421,0.7378000020980835
YLR405W,YFR047C,0,-6.122272,0.08095653355121613,0.6499999761581421,0.7379000186920166
YDR123C,YOR060C,0,-6.1223173,0.08094645291566849,0.6499999761581421,0.7379999756813049
YPL097W,YPR008W,0,-6.122416,0.08093637228012085,0.6499999761581421,0.738099992275238
YOL016C,YKR056W,0,-6.1224775,0.08092629164457321,0.6499999761581421,0.7382000088691711
YDR175C,YJL098W,0,-6.122504,0.08091621845960617,0.6499999761581421,0.7383000254631042
YJL201W,YHR067W,0,-6.122808,0.08090614527463913,0.6499999761581421,0.7383999824523926
YOL059W,YBR130C,0,-6.1234684,0.08089607954025269,0.6499999761581421,0.7384999990463257
YPR001W,YHR015W,0,-6.1237164,0.08088601380586624,0.6499999761581421,0.7386000156402588
YLR332W,YOR272W,0,-6.123885,0.0808759480714798,0.6499999761581421,0.7386999726295471
YDR416W,YHR081W,0,-6.1244316,0.08086588978767395,0.6499999761581421,0.7387999892234802
YAR008W,YOR095C,0,-6.124502,0.0808558315038681,0.6499999761581421,0.7389000058174133
YGR024C,YML109W,0,-6.12473,0.08084577322006226,0.6499999761581421,0.7390000224113464
YLR268W,YGR112W,0,-6.124827,0.08083571493625641,0.6499999761581421,0.7390999794006348
YPR193C,YCL010C,1,-6.1248765,0.08095001429319382,0.6510000228881836,0.7390999794006348
YDL224C,YIL105C,0,-6.124891,0.08093994855880737,0.6510000228881836,0.7391999959945679
YOL016C,YIL142W,0,-6.1254153,0.08092988282442093,0.6510000228881836,0.739300012588501
YDR362C,YOR180C,0,-6.125468,0.08091982454061508,0.6510000228881836,0.7394000291824341
YPR137W,YMR083W,0,-6.1256537,0.08090976625680923,0.6510000228881836,0.7394999861717224
YOR046C,YMR091C,0,-6.126048,0.08089971542358398,0.6510000228881836,0.7396000027656555
YLR008C,YDR400W,0,-6.126116,0.08088966459035873,0.6510000228881836,0.7397000193595886
YFR002W,YHR118C,0,-6.1272645,0.08087961375713348,0.6510000228881836,0.739799976348877
YLL002W,YPR051W,1,-6.127289,0.08099378645420074,0.6520000100135803,0.739799976348877
YHR188C,YML019W,0,-6.127334,0.0809837281703949,0.6520000100135803,0.7398999929428101
YLR145W,YPR054W,0,-6.127694,0.08097366988658905,0.6520000100135803,0.7400000095367432
YKL175W,YDR208W,0,-6.128024,0.0809636190533638,0.6520000100135803,0.7401000261306763
YLR144C,YLL036C,0,-6.128324,0.08095356076955795,0.6520000100135803,0.7401999831199646
YDR318W,YGL195W,0,-6.128415,0.0809435099363327,0.6520000100135803,0.7402999997138977
YPL214C,YGR256W,0,-6.128484,0.08093346655368805,0.6520000100135803,0.7404000163078308
YDR238C,YGL172W,0,-6.1286983,0.0809234231710434,0.6520000100135803,0.7404999732971191
YCL008C,YDL004W,0,-6.12901,0.08091337978839874,0.6520000100135803,0.7405999898910522
YJR007W,YKL057C,0,-6.1291275,0.08090333640575409,0.6520000100135803,0.7407000064849854
YER015W,YGR147C,1,-6.1296854,0.08101736754179001,0.652999997138977,0.7407000064849854
YNL004W,YDL003W,0,-6.130349,0.08100731670856476,0.652999997138977,0.7408000230789185
YJR105W,YFR029W,0,-6.130658,0.0809972733259201,0.652999997138977,0.7408999800682068
YGL209W,YOR275C,0,-6.1306868,0.08098722249269485,0.652999997138977,0.7409999966621399
YML080W,YOL094C,0,-6.1311903,0.0809771791100502,0.652999997138977,0.741100013256073
YLR268W,YDL002C,0,-6.1312795,0.08096714317798615,0.652999997138977,0.7411999702453613
YLR340W,YLR035C,0,-6.131456,0.08095710724592209,0.652999997138977,0.7412999868392944
YGR156W,YGR256W,0,-6.131547,0.08094707131385803,0.652999997138977,0.7414000034332275
YGL210W,YGR192C,0,-6.131606,0.08093703538179398,0.652999997138977,0.7415000200271606
YDR023W,YGL016W,0,-6.1316404,0.08092700690031052,0.652999997138977,0.741599977016449
YKR026C,YAR015W,0,-6.132687,0.08091697841882706,0.652999997138977,0.7416999936103821
YJL164C,YLR100W,0,-6.1327233,0.0809069499373436,0.652999997138977,0.7418000102043152
YNL066W,YPL082C,0,-6.132843,0.08089692890644073,0.652999997138977,0.7419000267982483
YPR088C,YDR135C,0,-6.133313,0.08088690787553787,0.652999997138977,0.7419999837875366
YJL053W,YOR063W,0,-6.1333294,0.08087688684463501,0.652999997138977,0.7421000003814697
YOL113W,YNL248C,0,-6.1336384,0.08086687326431274,0.652999997138977,0.7422000169754028
YLL021W,YCL043C,0,-6.1337605,0.08085685968399048,0.652999997138977,0.7422999739646912
YOL061W,YPR161C,0,-6.134001,0.08084684610366821,0.652999997138977,0.7423999905586243
YDR103W,YCR081W,0,-6.1340337,0.08083683997392654,0.652999997138977,0.7425000071525574
YKL089W,YOR156C,0,-6.134185,0.08082683384418488,0.652999997138977,0.7426000237464905
YPL195W,YPR108W,0,-6.134329,0.0808168351650238,0.652999997138977,0.7426999807357788
YLR304C,YJL060W,0,-6.1343775,0.08080682903528214,0.652999997138977,0.7427999973297119
YDR448W,YJL115W,1,-6.1345043,0.08092056214809418,0.6539999842643738,0.7427999973297119
YGR147C,YBR081C,1,-6.1345863,0.08103427290916443,0.6549999713897705,0.7427999973297119
YLR191W,YHR102W,0,-6.1345973,0.08102424442768097,0.6549999713897705,0.742900013923645
YLR011W,YNL059C,0,-6.135195,0.0810142233967781,0.6549999713897705,0.7429999709129333
YDR384C,YPR187W,0,-6.1354914,0.08100420236587524,0.6549999713897705,0.7430999875068665
YLR378C,YGR157W,0,-6.1354923,0.08099418878555298,0.6549999713897705,0.7432000041007996
YBL058W,YPL133C,0,-6.135827,0.08098417520523071,0.6549999713897705,0.7433000206947327
YDL040C,YAL054C,1,-6.1361284,0.0810977891087532,0.656000018119812,0.7433000206947327
YPR093C,YPL147W,0,-6.136837,0.08108776062726974,0.656000018119812,0.743399977684021
YEL053C,YOR023C,1,-6.13686,0.08120133727788925,0.6570000052452087,0.743399977684021
YKL141W,YDR179C,0,-6.137223,0.0811913013458252,0.6570000052452087,0.7434999942779541
YGR119C,YJR019C,0,-6.13739,0.08118126541376114,0.6570000052452087,0.7436000108718872
YER178W,YKL212W,0,-6.137591,0.08117123693227768,0.6570000052452087,0.7437000274658203
YKR054C,YLR350W,0,-6.137931,0.08116120845079422,0.6570000052452087,0.7437999844551086
YLR369W,YJL101C,0,-6.1379385,0.08115118741989136,0.6570000052452087,0.7439000010490417
YMR076C,YDR097C,0,-6.1379395,0.0811411663889885,0.6570000052452087,0.7440000176429749
YOR112W,YGR167W,0,-6.1382017,0.08113114535808563,0.6570000052452087,0.7440999746322632
YBR030W,YOL054W,0,-6.138282,0.08112112432718277,0.6570000052452087,0.7441999912261963
YCL029C,YGR289C,0,-6.1382833,0.0811111107468605,0.6570000052452087,0.7443000078201294
YDR288W,YFL038C,0,-6.139514,0.08110109716653824,0.6570000052452087,0.7444000244140625
YGR086C,YIL079C,0,-6.139553,0.08109109103679657,0.6570000052452087,0.7444999814033508
YJL173C,YJR126C,0,-6.1395993,0.0810810774564743,0.6570000052452087,0.7445999979972839
YKL130C,YBL017C,0,-6.1396236,0.08107107877731323,0.6570000052452087,0.744700014591217
YKR046C,YMR311C,0,-6.139777,0.08106107264757156,0.6570000052452087,0.7447999715805054
YER015W,YGL112C,1,-6.140477,0.08117444068193436,0.6579999923706055,0.7447999715805054
YBR283C,YJR050W,0,-6.1407566,0.08116442710161209,0.6579999923706055,0.7448999881744385
YGL094C,YKL205W,0,-6.14106,0.08115441352128983,0.6579999923706055,0.7450000047683716
YPL008W,YML031W,0,-6.141121,0.08114440739154816,0.6579999923706055,0.7451000213623047
YGL106W,YPR143W,0,-6.14143,0.08113440126180649,0.6579999923706055,0.745199978351593
YDL052C,YLR080W,0,-6.141493,0.08112440258264542,0.6579999923706055,0.7452999949455261
YBL022C,YNL026W,0,-6.1415815,0.08111439645290375,0.6579999923706055,0.7454000115394592
YOL147C,YNL117W,0,-6.141715,0.08110439777374268,0.6579999923706055,0.7455000281333923
YNL071W,YPL069C,0,-6.1418796,0.0810944065451622,0.6579999923706055,0.7455999851226807
YDL040C,YDR392W,1,-6.1421666,0.08120764046907425,0.6589999794960022,0.7455999851226807
YDR160W,YPL271W,0,-6.142179,0.08119763433933258,0.6589999794960022,0.7457000017166138
YEL061C,YKL175W,0,-6.142206,0.08118762820959091,0.6589999794960022,0.7458000183105469
YIL144W,YMR106C,0,-6.1422296,0.08117762953042984,0.6589999794960022,0.7458999752998352
YOR213C,YCR066W,0,-6.142248,0.08116763085126877,0.6589999794960022,0.7459999918937683
YFL039C,YHR099W,1,-6.142268,0.08128079026937485,0.6600000262260437,0.7459999918937683
YIL044C,YBR207W,0,-6.142832,0.08127077668905258,0.6600000262260437,0.7461000084877014
YMR128W,YDL130W-A,0,-6.142995,0.08126077055931091,0.6600000262260437,0.7462000250816345
YDR189W,YLR196W,0,-6.143029,0.08125077188014984,0.6600000262260437,0.7462999820709229
YPL188W,YPL120W,0,-6.143237,0.08124076575040817,0.6600000262260437,0.746399998664856
YMR284W,YIL142W,0,-6.1433144,0.0812307670712471,0.6600000262260437,0.7465000152587891
YLR095C,YDR463W,0,-6.143549,0.08122077584266663,0.6600000262260437,0.7465999722480774
YHR193C,YOR075W,0,-6.143624,0.08121077716350555,0.6600000262260437,0.7466999888420105
YER051W,YGR104C,0,-6.143941,0.08120078593492508,0.6600000262260437,0.7468000054359436
YOL059W,YGR253C,0,-6.144039,0.0811907947063446,0.6600000262260437,0.7469000220298767
YGL236C,YDR451C,0,-6.144085,0.08118081092834473,0.6600000262260437,0.746999979019165
YHL019C,YNL278W,0,-6.144342,0.08117082715034485,0.6600000262260437,0.7470999956130981
YHR058C,YML097C,0,-6.14477,0.08116084337234497,0.6600000262260437,0.7472000122070312
YDR448W,YDR392W,1,-6.1448092,0.08127382397651672,0.6610000133514404,0.7472000122070312
YFL017W-A,YGR121C,0,-6.1451797,0.08126383274793625,0.6610000133514404,0.7473000288009644
YDR529C,YBR196C,0,-6.1455517,0.08125384151935577,0.6610000133514404,0.7473999857902527
YGR147C,YHR090C,1,-6.146258,0.08136676251888275,0.6620000004768372,0.7473999857902527
YPL085W,YOR254C,0,-6.1467466,0.08135676383972168,0.6620000004768372,0.7475000023841858
YER145C,YKL203C,0,-6.1469965,0.08134676516056061,0.6620000004768372,0.7476000189781189
YGR083C,YNR006W,0,-6.1473455,0.08133677393198013,0.6620000004768372,0.7476999759674072
YHR001W,YHR118C,0,-6.147361,0.08132678270339966,0.6620000004768372,0.7477999925613403
YGL115W,YCR072C,0,-6.1474094,0.08131679147481918,0.6620000004768372,0.7479000091552734
YFR029W,YNL075W,0,-6.147763,0.0813068076968193,0.6620000004768372,0.7480000257492065
YPL146C,YHR068W,0,-6.1478605,0.08129681646823883,0.6620000004768372,0.7480999827384949
YER015W,YEL066W,1,-6.148063,0.08140962570905685,0.6629999876022339,0.7480999827384949
YHR099W,YGR002C,1,-6.1481886,0.08152240514755249,0.6639999747276306,0.7480999827384949
YIR009W,YIL120W,0,-6.148256,0.08151239901781082,0.6639999747276306,0.748199999332428
YDR256C,YMR311C,0,-6.148593,0.08150239288806915,0.6639999747276306,0.7483000159263611
YKL048C,YLR272C,0,-6.1487794,0.08149239420890808,0.6639999747276306,0.7483999729156494
YOL133W,YOR267C,0,-6.148838,0.08148238807916641,0.6639999747276306,0.7484999895095825
YER154W,YAL011W,0,-6.149343,0.08147238940000534,0.6639999747276306,0.7486000061035156
YPR131C,YBL052C,1,-6.149761,0.08158507943153381,0.6650000214576721,0.7486000061035156
YGR262C,YHR120W,0,-6.149951,0.08157507330179214,0.6650000214576721,0.7487000226974487
YML069W,YJL013C,0,-6.1500664,0.08156506717205048,0.6650000214576721,0.7487999796867371
YEL016C,YML062C,0,-6.150159,0.0815550684928894,0.6650000214576721,0.7488999962806702
YDL175C,YNL153C,0,-6.1503305,0.08154506236314774,0.6650000214576721,0.7490000128746033
YDL052C,YDR443C,0,-6.150595,0.08153506368398666,0.6650000214576721,0.7491000294685364
YLL027W,YNL278W,0,-6.1510887,0.08152507245540619,0.6650000214576721,0.7491999864578247
YJL005W,YDR085C,0,-6.1518803,0.08151507377624512,0.6650000214576721,0.7493000030517578
YBR228W,YDL064W,0,-6.1518946,0.08150508999824524,0.6650000214576721,0.7494000196456909
YNL261W,YLR293C,0,-6.1521616,0.08149509876966476,0.6650000214576721,0.7494999766349792
YNL270C,YOR191W,0,-6.1521835,0.08148511499166489,0.6650000214576721,0.7495999932289124
YER028C,YGR222W,0,-6.152236,0.08147513121366501,0.6650000214576721,0.7497000098228455
YLL002W,YEL066W,1,-6.1524534,0.08158764988183975,0.6660000085830688,0.7497000098228455
YOL001W,YHR194W,0,-6.152547,0.08157765865325928,0.6660000085830688,0.7498000264167786
YLR398C,YDR158W,0,-6.1525493,0.0815676674246788,0.6660000085830688,0.7498999834060669
YLR292C,YBL061C,0,-6.152563,0.08155767619609833,0.6660000085830688,0.75
YPR131C,YGR002C,1,-6.152871,0.0816701352596283,0.6669999957084656,0.75
YML004C,YLR045C,0,-6.1528983,0.08166013658046722,0.6669999957084656,0.7501000165939331
YMR006C,YBL080C,0,-6.1531262,0.08165013790130615,0.6669999957084656,0.7501999735832214
YCL001W,YDR485C,0,-6.15361,0.08164014667272568,0.6669999957084656,0.7502999901771545
YGL137W,YGL253W,0,-6.153769,0.0816301554441452,0.6669999957084656,0.7504000067710876
YDR377W,YMR106C,0,-6.153818,0.08162016421556473,0.6669999957084656,0.7505000233650208
YKL001C,YGR209C,0,-6.154254,0.08161018043756485,0.6669999957084656,0.7505999803543091
YDL040C,YPR031W,1,-6.154271,0.08172253519296646,0.6679999828338623,0.7505999803543091
YER027C,YOR259C,0,-6.1543207,0.08171253651380539,0.6679999828338623,0.7506999969482422
YEL053C,YGR147C,1,-6.1546297,0.08182485401630402,0.6690000295639038,0.7506999969482422
YER021W,YLR228C,0,-6.1550665,0.08181484788656235,0.6690000295639038,0.7508000135421753
YOR036W,YPL040C,0,-6.1552587,0.08180484175682068,0.6690000295639038,0.7508999705314636
YGL245W,YBR030W,0,-6.155424,0.0817948430776596,0.6690000295639038,0.7509999871253967
YLR430W,YPL175W,0,-6.155571,0.08178484439849854,0.6690000295639038,0.7511000037193298
YPL232W,YDR473C,0,-6.15559,0.08177484571933746,0.6690000295639038,0.7512000203132629
YDR251W,YCL016C,0,-6.155697,0.08176484704017639,0.6690000295639038,0.7512999773025513
YMR137C,YHR082C,0,-6.155906,0.08175485581159592,0.6690000295639038,0.7513999938964844
YPL119C,YMR267W,0,-6.1561203,0.08174486458301544,0.6690000295639038,0.7515000104904175
YKL192C,YLR424W,0,-6.156678,0.08173488080501556,0.6690000295639038,0.7516000270843506
YDR285W,YKL139W,0,-6.156852,0.08172489702701569,0.6690000295639038,0.7516999840736389
YGR285C,YDR511W,0,-6.1569433,0.08171491324901581,0.6690000295639038,0.751800000667572
YLR330W,YBR086C,0,-6.1571946,0.08170493692159653,0.6690000295639038,0.7519000172615051
YMR214W,YML008C,0,-6.1572146,0.08169495314359665,0.6690000295639038,0.7519999742507935
YLR144C,YPL029W,0,-6.1576605,0.08168498426675797,0.6690000295639038,0.7520999908447266
YGL200C,YMR207C,0,-6.1581707,0.08167500793933868,0.6690000295639038,0.7522000074386597
YPR131C,YDR145W,1,-6.1583257,0.081787109375,0.6700000166893005,0.7522000074386597
YKL045W,YOR226C,0,-6.1583414,0.08177712559700012,0.6700000166893005,0.7523000240325928
YDR005C,YBR179C,0,-6.158588,0.08176714926958084,0.6700000166893005,0.7523999810218811
YFR002W,YJL168C,0,-6.158717,0.08175716549158096,0.6700000166893005,0.7524999976158142
YBR182C,YGL172W,0,-6.1590815,0.08174719661474228,0.6700000166893005,0.7526000142097473
YBR068C,YLR148W,0,-6.1591663,0.081737220287323,0.6700000166893005,0.7526999711990356
YPR042C,YGL067W,0,-6.1597624,0.08172725141048431,0.6700000166893005,0.7527999877929688
YJL036W,YJR097W,0,-6.159972,0.08171728253364563,0.6700000166893005,0.7529000043869019
YDR439W,YNL154C,0,-6.160504,0.08170731365680695,0.6700000166893005,0.753000020980835
YOL078W,YHR043C,0,-6.1605062,0.08169735223054886,0.6700000166893005,0.7530999779701233
YIR008C,YLR390W-A,0,-6.160672,0.08168739080429077,0.6700000166893005,0.7531999945640564
YLR354C,YMR301C,0,-6.1607294,0.08167743682861328,0.6700000166893005,0.7533000111579895
YPL083C,YIL075C,0,-6.1611238,0.08166748285293579,0.6700000166893005,0.7534000277519226
YJR102C,YEL065W,0,-6.1614475,0.0816575288772583,0.6700000166893005,0.7534999847412109
YOL033W,YPR067W,0,-6.161727,0.08164757490158081,0.6700000166893005,0.753600001335144
YJR104C,YNL297C,0,-6.162038,0.08163762837648392,0.6700000166893005,0.7537000179290771
YDR414C,YGL029W,0,-6.162051,0.08162768185138702,0.6700000166893005,0.7537999749183655
YPR031W,YGL112C,1,-6.1623554,0.08173955231904984,0.6710000038146973,0.7537999749183655
YML127W,YMR113W,0,-6.1623626,0.08172959834337234,0.6710000038146973,0.7538999915122986
YPR051W,YPR023C,1,-6.162514,0.08184143155813217,0.671999990940094,0.7538999915122986
YER126C,YDL095W,0,-6.162532,0.08183146268129349,0.671999990940094,0.7540000081062317
YPL214C,YDR158W,0,-6.1626635,0.0818215012550354,0.671999990940094,0.7541000247001648
YIL034C,YNL065W,0,-6.1633606,0.08181153982877731,0.671999990940094,0.7541999816894531
YDR513W,YDR160W,0,-6.163514,0.08180158585309982,0.671999990940094,0.7542999982833862
YPL100W,YOL088C,0,-6.163823,0.08179162442684174,0.671999990940094,0.7544000148773193
YGL097W,YLR403W,0,-6.164059,0.08178167045116425,0.671999990940094,0.7544999718666077
YLL004W,YGL254W,0,-6.164071,0.08177172392606735,0.671999990940094,0.7545999884605408
YGL100W,YKL062W,0,-6.164102,0.08176176995038986,0.671999990940094,0.7547000050544739
YFL022C,YIL033C,0,-6.1641927,0.08175182342529297,0.671999990940094,0.754800021648407
YCR042C,YNL309W,0,-6.164211,0.08174187690019608,0.671999990940094,0.7548999786376953
YGR094W,YMR243C,0,-6.164311,0.08173193782567978,0.671999990940094,0.7549999952316284
YDR435C,YOL049W,0,-6.1644354,0.08172199875116348,0.671999990940094,0.7551000118255615
YLR435W,YBR068C,0,-6.164613,0.08171205967664719,0.671999990940094,0.7552000284194946
YLR098C,YLL043W,0,-6.1649427,0.08170212805271149,0.671999990940094,0.755299985408783
YJL110C,YKR037C,0,-6.165063,0.08169219642877579,0.671999990940094,0.7554000020027161
YCR048W,YJL184W,0,-6.1652217,0.08168226480484009,0.671999990940094,0.7555000185966492
YOR377W,YOR078W,0,-6.1653733,0.08167234063148499,0.671999990940094,0.7555999755859375
YKR038C,YNR019W,0,-6.165753,0.08166241645812988,0.671999990940094,0.7556999921798706
YPL169C,YJR057W,0,-6.165946,0.08165249228477478,0.671999990940094,0.7558000087738037
YLR254C,YDR123C,0,-6.166174,0.08164256811141968,0.671999990940094,0.7559000253677368
YDR481C,YLR172C,0,-6.16656,0.08163265138864517,0.671999990940094,0.7559999823570251
YDR375C,YAL051W,0,-6.1665964,0.08162273466587067,0.671999990940094,0.7560999989509583
YAL051W,YLR098C,0,-6.166666,0.08161282539367676,0.671999990940094,0.7562000155448914
YOL088C,YML114C,0,-6.1670704,0.08160291612148285,0.671999990940094,0.7562999725341797
YKL195W,YBR267W,0,-6.1672993,0.08159300684928894,0.671999990940094,0.7563999891281128
YDR389W,YGR170W,0,-6.1673326,0.08158309757709503,0.671999990940094,0.7565000057220459
YOR023C,YHR099W,1,-6.167509,0.0816945880651474,0.6729999780654907,0.7565000057220459
YLL003W,YPR075C,0,-6.1676846,0.0816846713423729,0.6729999780654907,0.756600022315979
YDR036C,YMR047C,0,-6.167789,0.08167475461959839,0.6729999780654907,0.7566999793052673
YFL014W,YLR409C,0,-6.167794,0.08166484534740448,0.6729999780654907,0.7567999958992004
YJR084W,YKR089C,0,-6.1678514,0.08165493607521057,0.6729999780654907,0.7569000124931335
YDR277C,YMR153W,0,-6.168274,0.08164503425359726,0.6729999780654907,0.7570000290870667
YMR203W,YDR295C,0,-6.168459,0.08163512498140335,0.6729999780654907,0.757099986076355
YHR069C,YMR091C,0,-6.1685,0.08162523061037064,0.6729999780654907,0.7572000026702881
YOR126C,YLR385C,0,-6.168827,0.08161532878875732,0.6729999780654907,0.7573000192642212
YAR002C-A,YLR011W,0,-6.168994,0.08160543441772461,0.6729999780654907,0.7573999762535095
YCR052W,YOR279C,0,-6.1690073,0.0815955400466919,0.6729999780654907,0.7574999928474426
YOR327C,YGR074W,0,-6.169979,0.08158564567565918,0.6729999780654907,0.7576000094413757
YMR202W,YER018C,0,-6.170179,0.08157575875520706,0.6729999780654907,0.7577000260353088
YPR187W,YNL262W,0,-6.1708355,0.08156587183475494,0.6729999780654907,0.7577999830245972
YPL145C,YMR091C,0,-6.171053,0.08155598491430283,0.6729999780654907,0.7578999996185303
YOL049W,YHR060W,0,-6.1712356,0.0815461054444313,0.6729999780654907,0.7580000162124634
YOL076W,YPR031W,1,-6.1716776,0.08165737986564636,0.6740000247955322,0.7580000162124634
YML036W,YKL191W,0,-6.1719007,0.08164748549461365,0.6740000247955322,0.7580999732017517
YML077W,YOL142W,0,-6.172324,0.08163759857416153,0.6740000247955322,0.7581999897956848
YCR047C,YGR167W,0,-6.172491,0.08162771165370941,0.6740000247955322,0.7583000063896179
YMR219W,YLR043C,0,-6.172818,0.0816178247332573,0.6740000247955322,0.758400022983551
YKL089W,YLR410W,0,-6.1728754,0.08160794526338577,0.6740000247955322,0.7584999799728394
YOR002W,YBR073W,0,-6.17306,0.08159806579351425,0.6740000247955322,0.7585999965667725
YOR245C,YOR256C,0,-6.1739902,0.08158818632364273,0.6740000247955322,0.7587000131607056
YJL081C,YOR253W,1,-6.1743937,0.08169934898614883,0.675000011920929,0.7587000131607056
YJL042W,YLR163C,0,-6.1744328,0.08168946206569672,0.675000011920929,0.7588000297546387
YDR318W,YDL155W,0,-6.1744394,0.0816795751452446,0.675000011920929,0.758899986743927
YOR290C,YBR288C,0,-6.17448,0.08166968822479248,0.675000011920929,0.7590000033378601
YFL055W,YNR017W,0,-6.1761518,0.08165980875492096,0.675000011920929,0.7591000199317932
YBR193C,YPL153C,0,-6.1766157,0.08164993673563004,0.675000011920929,0.7591999769210815
YDL207W,YDR083W,0,-6.1767793,0.08164005726575851,0.675000011920929,0.7592999935150146
YBL016W,YOR001W,0,-6.1769323,0.08163018524646759,0.675000011920929,0.7594000101089478
YOR085W,YDR038C,0,-6.177041,0.08162031322717667,0.675000011920929,0.7595000267028809
YDL100C,YGL238W,0,-6.177465,0.08161044865846634,0.675000011920929,0.7595999836921692
YJL081C,YHR013C,1,-6.1778173,0.0817214697599411,0.6759999990463257,0.7595999836921692
YBR213W,YDR240C,0,-6.1779003,0.08171159029006958,0.6759999990463257,0.7597000002861023
YJL115W,YBL052C,1,-6.1779404,0.08182257413864136,0.6769999861717224,0.7597000002861023
YDR165W,YDR440W,0,-6.1780186,0.08181268721818924,0.6769999861717224,0.7598000168800354
YDL188C,YDR420W,0,-6.1782074,0.08180280029773712,0.6769999861717224,0.7598999738693237
YFR036W,YGR029W,0,-6.178379,0.0817929208278656,0.6769999861717224,0.7599999904632568
YGL251C,YOL055C,0,-6.178934,0.08178304135799408,0.6769999861717224,0.7601000070571899
YER008C,YER035W,0,-6.17917,0.08177316188812256,0.6769999861717224,0.760200023651123
YBR142W,YER171W,0,-6.1794653,0.08176328241825104,0.6769999861717224,0.7602999806404114
YDR483W,YMR068W,0,-6.1797657,0.08175341039896011,0.6769999861717224,0.7603999972343445
YBL079W,YLR155C,0,-6.179965,0.08174353837966919,0.6769999861717224,0.7605000138282776
YLR215C,YPR125W,0,-6.1800056,0.08173367381095886,0.6769999861717224,0.7605999708175659
YGR028W,YDR052C,0,-6.180599,0.08172380179166794,0.6769999861717224,0.760699987411499
YML115C,YPR154W,0,-6.1806316,0.08171393722295761,0.6769999861717224,0.7608000040054321
YGR278W,YNL097C,0,-6.1807184,0.08170408010482788,0.6769999861717224,0.7609000205993652
YAL022C,YLR074C,0,-6.180749,0.08169422298669815,0.6769999861717224,0.7609999775886536
YNL326C,YHR013C,1,-6.180774,0.081805020570755,0.6779999732971191,0.7609999775886536
YDR341C,YDL058W,0,-6.1811986,0.08179514855146408,0.6779999732971191,0.7610999941825867
YPL011C,YNL117W,0,-6.181223,0.08178528398275375,0.6779999732971191,0.7612000107765198
YLR130C,YHR186C,0,-6.181235,0.08177541941404343,0.6779999732971191,0.7613000273704529
YLR095C,YLL004W,0,-6.1815143,0.0817655548453331,0.6779999732971191,0.7613999843597412
YLR033W,YOL080C,0,-6.1815166,0.08175569772720337,0.6779999732971191,0.7615000009536743
YMR277W,YDR083W,0,-6.1815786,0.08174584060907364,0.6779999732971191,0.7616000175476074
YML094W,YGR101W,0,-6.1816006,0.08173598349094391,0.6779999732971191,0.7616999745368958
YDR469W,YFL002C,0,-6.1816597,0.08172613382339478,0.6779999732971191,0.7617999911308289
YER028C,YBL058W,0,-6.181756,0.08171628415584564,0.6779999732971191,0.761900007724762
YAL033W,YDR092W,0,-6.1820803,0.08170643448829651,0.6779999732971191,0.7620000243186951
YDR091C,YJL006C,0,-6.1823387,0.08169659227132797,0.6779999732971191,0.7620999813079834
YNR044W,YNL267W,0,-6.1827445,0.08168675005435944,0.6779999732971191,0.7621999979019165
YJL063C,YOL091W,0,-6.182821,0.0816769078373909,0.6779999732971191,0.7623000144958496
YLR377C,YBR231C,0,-6.183166,0.08166706562042236,0.6779999732971191,0.7623999714851379
YNR008W,YMR119W,0,-6.183172,0.08165723085403442,0.6779999732971191,0.762499988079071
YDR378C,YBR043C,0,-6.1833973,0.08164739608764648,0.6779999732971191,0.7626000046730042
YIR012W,YGL195W,0,-6.1837263,0.08163756877183914,0.6779999732971191,0.7627000212669373
YHR160C,YPL243W,0,-6.1842504,0.0816277414560318,0.6779999732971191,0.7627999782562256
YCR008W,YJR121W,0,-6.184655,0.08161791414022446,0.6779999732971191,0.7628999948501587
YER177W,YGL016W,0,-6.1848164,0.08160808682441711,0.6779999732971191,0.7630000114440918
YGL016W,YHR019C,0,-6.1849318,0.08159826695919037,0.6779999732971191,0.7631000280380249
YPR088C,YNL258C,0,-6.185712,0.08158844709396362,0.6779999732971191,0.7631999850273132
YEL018W,YDR092W,0,-6.185884,0.08157862722873688,0.6779999732971191,0.7633000016212463
YOL051W,YDL195W,0,-6.1859,0.08156881481409073,0.6779999732971191,0.7634000182151794
YLL022C,YEL066W,1,-6.186142,0.08167929947376251,0.6790000200271606,0.7634000182151794
YKR022C,YIL135C,0,-6.186204,0.08166947215795517,0.6790000200271606,0.7634999752044678
YGL236C,YNL262W,0,-6.186302,0.08165965229272842,0.6790000200271606,0.7635999917984009
YOR069W,YLR201C,0,-6.1865544,0.08164983242750168,0.6790000200271606,0.763700008392334
YGL048C,YER027C,0,-6.186787,0.08164001256227493,0.6790000200271606,0.7638000249862671
YLR032W,YGR167W,0,-6.1872597,0.08163020014762878,0.6790000200271606,0.7638999819755554
YOL020W,YOR153W,0,-6.1878705,0.08162038773298264,0.6790000200271606,0.7639999985694885
YNL027W,YAL034W-A,0,-6.1879625,0.08161057531833649,0.6790000200271606,0.7641000151634216
YBR050C,YDR247W,0,-6.1880093,0.08160077035427094,0.6790000200271606,0.76419997215271
YFR008W,YJL125C,0,-6.1880693,0.08159096539020538,0.6790000200271606,0.7642999887466431
YDR479C,YOL072W,0,-6.188198,0.08158116042613983,0.6790000200271606,0.7644000053405762
YGR254W,YGL049C,0,-6.188425,0.08157136291265488,0.6790000200271606,0.7645000219345093
YOL148C,YDR264C,1,-6.1884346,0.08168168365955353,0.6800000071525574,0.7645000219345093
YJL201W,YER107C,0,-6.1888275,0.08167187124490738,0.6800000071525574,0.7645999789237976
YER088C,YPL159C,0,-6.1890774,0.08166206628084183,0.6800000071525574,0.7646999955177307
YKR054C,YDR436W,0,-6.1894894,0.08165225386619568,0.6800000071525574,0.7648000121116638
YOR344C,YIL149C,0,-6.1898313,0.08164245635271072,0.6800000071525574,0.7649000287055969
YPR178W,YJL154C,0,-6.1899548,0.08163265138864517,0.6800000071525574,0.7649999856948853
YDL153C,YMR143W,0,-6.190004,0.08162285387516022,0.6800000071525574,0.7651000022888184
YFL039C,YBR081C,1,-6.1900625,0.08173307776451111,0.6809999942779541,0.7651000022888184
YJL061W,YPL237W,0,-6.190794,0.08172326534986496,0.6809999942779541,0.7652000188827515
YKL125W,YPL211W,0,-6.1913137,0.08171346038579941,0.6809999942779541,0.7652999758720398
YKR028W,YHR027C,0,-6.1916094,0.08170366287231445,0.6809999942779541,0.7653999924659729
YPL241C,YHR190W,0,-6.1917334,0.0816938579082489,0.6809999942779541,0.765500009059906
YDL116W,YHR053C,0,-6.191779,0.08168406039476395,0.6809999942779541,0.7656000256538391
YBR216C,YNL015W,0,-6.191792,0.08167426288127899,0.6809999942779541,0.7656999826431274
YOR193W,YKR057W,0,-6.191916,0.08166446536779404,0.6809999942779541,0.7657999992370605
YDR072C,YPL065W,0,-6.1919384,0.08165467530488968,0.6809999942779541,0.7659000158309937
YLR201C,YPL133C,0,-6.191947,0.08164488524198532,0.6809999942779541,0.765999972820282
YOR249C,YLR424W,0,-6.1925454,0.08163510262966156,0.6809999942779541,0.7660999894142151
YBR283C,YPL101W,0,-6.192691,0.0816253125667572,0.6809999942779541,0.7662000060081482
YML086C,YDL047W,0,-6.1931267,0.08161552995443344,0.6809999942779541,0.7663000226020813
YKL179C,YNL042W,0,-6.1934566,0.08160575479269028,0.6809999942779541,0.7663999795913696
YGR229C,YNL106C,0,-6.1935205,0.08159597218036652,0.6809999942779541,0.7664999961853027
YLR220W,YBR297W,0,-6.1935716,0.08158619701862335,0.6809999942779541,0.7666000127792358
YNL073W,YFL004W,0,-6.193594,0.08157642185688019,0.6809999942779541,0.766700029373169
YOL065C,YGR109C,0,-6.1937046,0.08156665414571762,0.6809999942779541,0.7667999863624573
YJL115W,YGL066W,1,-6.193748,0.08167664706707001,0.6819999814033508,0.7667999863624573
YFL038C,YER022W,0,-6.1945276,0.08166686445474625,0.6819999814033508,0.7669000029563904
YBL103C,YKR038C,0,-6.1948066,0.08165708929300308,0.6819999814033508,0.7670000195503235
YBL011W,YLR275W,0,-6.194993,0.08164731413125992,0.6819999814033508,0.7670999765396118
YDR335W,YHR056C,0,-6.195114,0.08163753896951675,0.6819999814033508,0.7671999931335449
YMR218C,YML061C,0,-6.1952343,0.08162777125835419,0.6819999814033508,0.767300009727478
YGL253W,YOR372C,0,-6.1952915,0.08161799609661102,0.6819999814033508,0.7674000263214111
YMR089C,YJL127C,0,-6.1956944,0.08160823583602905,0.6819999814033508,0.7674999833106995
YJL063C,YML024W,0,-6.1963177,0.08159846812486649,0.6819999814033508,0.7675999999046326
YML121W,YDL166C,0,-6.19633,0.08158870786428452,0.6819999814033508,0.7677000164985657
YMR142C,YDL112W,0,-6.1963944,0.08157894760370255,0.6819999814033508,0.767799973487854
YOR288C,YEL030W,0,-6.196503,0.08156918734312057,0.6819999814033508,0.7678999900817871
YMR247C,YMR068W,0,-6.1968594,0.0815594345331192,0.6819999814033508,0.7680000066757202
YDL040C,YGR147C,1,-6.1970468,0.08166925609111786,0.6830000281333923,0.7680000066757202
YJR082C,YPR023C,1,-6.1972027,0.08177905529737473,0.6840000152587891,0.7680000066757202
YGR090W,YDL085W,0,-6.197212,0.08176928013563156,0.6840000152587891,0.7681000232696533
YOL115W,YBR127C,0,-6.1972423,0.0817595049738884,0.6840000152587891,0.7681999802589417
YDR395W,YLR016C,0,-6.1974516,0.08174972981214523,0.6840000152587891,0.7682999968528748
YJR049C,YMR240C,0,-6.197983,0.08173996210098267,0.6840000152587891,0.7684000134468079
YLR130C,YLR431C,0,-6.198022,0.0817301943898201,0.6840000152587891,0.7684999704360962
YLR059C,YOL082W,0,-6.1981983,0.08172042667865753,0.6840000152587891,0.7685999870300293
YNL130C,YDR086C,0,-6.1982183,0.08171066641807556,0.6840000152587891,0.7687000036239624
YOR047C,YOR078W,0,-6.1983356,0.08170090615749359,0.6840000152587891,0.7688000202178955
YNL072W,YLR190W,0,-6.1988363,0.08169115334749222,0.6840000152587891,0.7688999772071838
YDL031W,YLR264W,0,-6.1989784,0.08168139308691025,0.6840000152587891,0.7689999938011169
YIL144W,YER030W,0,-6.1991124,0.08167164027690887,0.6840000152587891,0.76910001039505
YPR131C,YOL110W,1,-6.199376,0.0817812830209732,0.6850000023841858,0.76910001039505
YEL016C,YDR192C,0,-6.1995277,0.08177151530981064,0.6850000023841858,0.7692000269889832
YNR006W,YBL103C,0,-6.199848,0.08176175504922867,0.6850000023841858,0.7692999839782715
YJR006W,YDL028C,0,-6.1998653,0.0817520022392273,0.6850000023841858,0.7694000005722046
YBR102C,YNR010W,0,-6.200183,0.08174224197864532,0.6850000023841858,0.7695000171661377
YLR304C,YKL048C,0,-6.2003517,0.08173248916864395,0.6850000023841858,0.769599974155426
YNL227C,YDR320C,0,-6.200715,0.08172273635864258,0.6850000023841858,0.7696999907493591
YNL216W,YLR438C-A,0,-6.200925,0.0817129909992218,0.6850000023841858,0.7698000073432922
YER015W,YOR034C,1,-6.2009945,0.08182252198457718,0.6859999895095825,0.7698000073432922
YPL006W,YKL190W,0,-6.20109,0.08181276172399521,0.6859999895095825,0.7699000239372253
YOR236W,YMR078C,0,-6.201821,0.08180300146341324,0.6859999895095825,0.7699999809265137
YIL095W,YJL134W,0,-6.2018347,0.08179324865341187,0.6859999895095825,0.7700999975204468
YBL085W,YPL233W,0,-6.2020664,0.08178350329399109,0.6859999895095825,0.7702000141143799
YNL117W,YGL022W,0,-6.2021265,0.08177375048398972,0.6859999895095825,0.7702999711036682
YAL009W,YPR198W,0,-6.20288,0.08176400512456894,0.6859999895095825,0.7703999876976013
YMR142C,YKL015W,0,-6.2030573,0.08175425976514816,0.6859999895095825,0.7705000042915344
YDR247W,YPL050C,0,-6.203138,0.08174452185630798,0.6859999895095825,0.7706000208854675
YKR063C,YIL033C,0,-6.203435,0.08173477649688721,0.6859999895095825,0.7706999778747559
YIR022W,YNL309W,0,-6.203985,0.08172503858804703,0.6859999895095825,0.770799994468689
YPR102C,YKL017C,0,-6.2040663,0.08171530812978745,0.6859999895095825,0.7709000110626221
YGR252W,YDR392W,1,-6.204229,0.08182467520236969,0.6869999766349792,0.7709000110626221
YNL080C,YNR072W,0,-6.2044,0.08181493729352951,0.6869999766349792,0.7710000276565552
YLR249W,YPL249C,0,-6.2045975,0.08180519193410873,0.6869999766349792,0.7710999846458435
YIL002C,YCR047C,0,-6.2046776,0.08179545402526855,0.6869999766349792,0.7712000012397766
YFL038C,YML008C,0,-6.204747,0.08178571611642838,0.6869999766349792,0.7713000178337097
YJL196C,YJR140C,0,-6.2048845,0.0817759782075882,0.6869999766349792,0.771399974822998
YDR083W,YGR177C,0,-6.2049665,0.08176624774932861,0.6869999766349792,0.7714999914169312
YDR103W,YML021C,0,-6.2051163,0.08175651729106903,0.6869999766349792,0.7716000080108643
YGR230W,YKR008W,0,-6.205386,0.08174678683280945,0.6869999766349792,0.7717000246047974
YLL002W,YPR023C,1,-6.2059245,0.08185603469610214,0.6880000233650208,0.7717000246047974
YEL029C,YER061C,0,-6.206476,0.08184629678726196,0.6880000233650208,0.7717999815940857
YMR129W,YLR165C,0,-6.2066746,0.08183656632900238,0.6880000233650208,0.7718999981880188
YBL093C,YMR116C,0,-6.206812,0.0818268284201622,0.6880000233650208,0.7720000147819519
YDR490C,YDR299W,0,-6.206823,0.08181709796190262,0.6880000233650208,0.7720999717712402
YDR228C,YGL025C,0,-6.2069902,0.08180737495422363,0.6880000233650208,0.7721999883651733
YPL160W,YML132W,0,-6.207078,0.08179764449596405,0.6880000233650208,0.7723000049591064
YLR181C,YDR507C,0,-6.2073374,0.08178792148828506,0.6880000233650208,0.7724000215530396
YFR008W,YLR023C,0,-6.2076874,0.08177819848060608,0.6880000233650208,0.7724999785423279
YLL042C,YER088C,0,-6.207912,0.08176848292350769,0.6880000233650208,0.772599995136261
YDL093W,YFR051C,0,-6.207984,0.0817587673664093,0.6880000233650208,0.7727000117301941
YKL114C,YKL214C,0,-6.2082505,0.08174905180931091,0.6880000233650208,0.7728000283241272
YOL147C,YNL232W,0,-6.2082777,0.08173933625221252,0.6880000233650208,0.7728999853134155
YOL148C,YLR195C,1,-6.208299,0.08184842020273209,0.6890000104904175,0.7728999853134155
YDR362C,YBR221C,0,-6.208676,0.0818386971950531,0.6890000104904175,0.7730000019073486
YCR083W,YER017C,0,-6.2087026,0.08182898163795471,0.6890000104904175,0.7731000185012817
YBR059C,YLR399C,0,-6.2087455,0.08181925863027573,0.6890000104904175,0.7731999754905701
YPL033C,YEL050C,0,-6.209058,0.08180954307317734,0.6890000104904175,0.7732999920845032
YML074C,YBR127C,0,-6.2091045,0.08179983496665955,0.6890000104904175,0.7734000086784363
YHR161C,YDR388W,0,-6.209697,0.08179012686014175,0.6890000104904175,0.7735000252723694
YOR191W,YOR038C,0,-6.2099953,0.08178041875362396,0.6890000104904175,0.7735999822616577
YER026C,YMR095C,0,-6.210023,0.08177071064710617,0.6890000104904175,0.7736999988555908
YNL273W,YJR155W,0,-6.2101536,0.08176100999116898,0.6890000104904175,0.7738000154495239
YMR250W,YOL055C,0,-6.2102795,0.08175130188465118,0.6890000104904175,0.7738999724388123
YNL272C,YNL220W,0,-6.2104588,0.08174160867929459,0.6890000104904175,0.7739999890327454
YGR274C,YKL135C,0,-6.210758,0.08173190802335739,0.6890000104904175,0.7741000056266785
YPL101W,YML113W,0,-6.2109413,0.0817222148180008,0.6890000104904175,0.7742000222206116
YDR162C,YOL144W,0,-6.2112846,0.0817125216126442,0.6890000104904175,0.7742999792098999
YGL071W,YPL057C,0,-6.2115955,0.0817028358578682,0.6890000104904175,0.774399995803833
YKL015W,YNR031C,0,-6.2117715,0.0816931501030922,0.6890000104904175,0.7745000123977661
YNL326C,YEL056W,1,-6.2120934,0.08180201798677444,0.6899999976158142,0.7745000123977661
YJL073W,YIL109C,0,-6.212384,0.08179231733083725,0.6899999976158142,0.7746000289916992
YDR419W,YGR278W,0,-6.2126126,0.08178262412548065,0.6899999976158142,0.7746999859809875
YFL039C,YJL081C,1,-6.212687,0.08189143985509872,0.6909999847412109,0.7746999859809875
YER015W,YJL081C,1,-6.2128067,0.0820002406835556,0.6919999718666077,0.7746999859809875
YIR009W,YNL142W,0,-6.212888,0.08199051767587662,0.6919999718666077,0.7748000025749207
YHL027W,YDL088C,0,-6.212978,0.08198080956935883,0.6919999718666077,0.7749000191688538
YER051W,YGL180W,0,-6.213012,0.08197109401226044,0.6919999718666077,0.7749999761581421
YLL022C,YGL066W,1,-6.213417,0.08207982778549194,0.6930000185966492,0.7749999761581421
YHR099W,YJL081C,1,-6.213437,0.08218853920698166,0.6940000057220459,0.7749999761581421
YFR005C,YLR008C,0,-6.213917,0.08217880129814148,0.6940000057220459,0.7750999927520752
YDR073W,YBR185C,0,-6.2140875,0.0821690708398819,0.6940000057220459,0.7752000093460083
YFL018C,YBR297W,0,-6.2145734,0.08215934783220291,0.6940000057220459,0.7753000259399414
YHR024C,YDR247W,0,-6.214877,0.08214962482452393,0.6940000057220459,0.7753999829292297
YLR342W,YBR030W,0,-6.2148933,0.08213990181684494,0.6940000057220459,0.7754999995231628
YPR051W,YPR031W,1,-6.215087,0.08224852383136749,0.6949999928474426,0.7754999995231628
YLR429W,YBR035C,0,-6.215558,0.08223878592252731,0.6949999928474426,0.775600016117096
YOL068C,YDR163W,0,-6.2159443,0.08222905546426773,0.6949999928474426,0.7756999731063843
YER178W,YBR135W,0,-6.2162066,0.08221933245658875,0.6949999928474426,0.7757999897003174
YER021W,YLR007W,0,-6.2172236,0.08220960199832916,0.6949999928474426,0.7759000062942505
YDR353W,YLR442C,0,-6.217563,0.08219987899065018,0.6949999928474426,0.7760000228881836
YPL110C,YJL125C,0,-6.217713,0.08219016343355179,0.6949999928474426,0.7760999798774719
YMR322C,YHR120W,0,-6.217886,0.0821804404258728,0.6949999928474426,0.776199996471405
YMR070W,YDL145C,0,-6.217958,0.08217072486877441,0.6949999928474426,0.7763000130653381
YOR064C,YGR252W,1,-6.218105,0.08227922767400742,0.6959999799728394,0.7763000130653381
YHR001W,YGL090W,0,-6.218147,0.08226950466632843,0.6959999799728394,0.7764000296592712
YPL001W,YEL056W,1,-6.218159,0.08237797021865845,0.6970000267028809,0.7764000296592712
YDR448W,YPR051W,1,-6.2184,0.08248641341924667,0.6980000138282776,0.7764000296592712
YPL085W,YLR155C,0,-6.2186623,0.0824766606092453,0.6980000138282776,0.7764999866485596
YHR061C,YMR311C,0,-6.218705,0.08246691524982452,0.6980000138282776,0.7766000032424927
YNL039W,YPL271W,0,-6.218796,0.08245717734098434,0.6980000138282776,0.7767000198364258
YER003C,YDR359C,0,-6.219282,0.08244743943214417,0.6980000138282776,0.7767999768257141
YOR023C,YJR082C,1,-6.219492,0.08255580812692642,0.6990000009536743,0.7767999768257141
YDR087C,YHR084W,0,-6.219673,0.08254605531692505,0.6990000009536743,0.7768999934196472
YOL060C,YDR005C,0,-6.2196817,0.08253630995750427,0.6990000009536743,0.7770000100135803
YPR051W,YDR145W,1,-6.219961,0.08264462649822235,0.699999988079071,0.7770000100135803
YDR421W,YJR108W,0,-6.220024,0.08263487368822098,0.699999988079071,0.7771000266075134
YJL178C,YGL087C,0,-6.220108,0.0826251208782196,0.699999988079071,0.7771999835968018
YLR069C,YIL149C,0,-6.2202034,0.08261536806821823,0.699999988079071,0.7773000001907349
YLR138W,YJR155W,0,-6.220377,0.08260561525821686,0.699999988079071,0.777400016784668
YBR286W,YPR104C,0,-6.2213564,0.08259586989879608,0.699999988079071,0.7774999737739563
YDR073W,YER073W,0,-6.221711,0.0825861245393753,0.699999988079071,0.7775999903678894
YOL148C,YGR002C,1,-6.22177,0.08269435167312622,0.7009999752044678,0.7775999903678894
YMR316W,YLR360W,0,-6.2220287,0.08268459886312485,0.7009999752044678,0.7777000069618225
YLR195C,YGL066W,1,-6.2228527,0.08279278129339218,0.7020000219345093,0.7777000069618225
YPL122C,YCL066W,0,-6.2230234,0.08278302103281021,0.7020000219345093,0.7778000235557556
YKL195W,YIL106W,0,-6.2236443,0.08277326077222824,0.7020000219345093,0.777899980545044
YGR256W,YJL033W,0,-6.2238345,0.08276350051164627,0.7020000219345093,0.777999997138977
YFR033C,YDR092W,0,-6.224141,0.0827537402510643,0.7020000219345093,0.7781000137329102
YLR181C,YBR131W,0,-6.2242646,0.08274398744106293,0.7020000219345093,0.7781999707221985
YKL176C,YGR249W,0,-6.224296,0.08273423463106155,0.7020000219345093,0.7782999873161316
YGR147C,YPL001W,1,-6.224344,0.08284232765436172,0.703000009059906,0.7782999873161316
YMR308C,YDL200C,0,-6.2244115,0.08283256739377975,0.703000009059906,0.7784000039100647
YOR362C,YAR002W,0,-6.2246294,0.08282280713319778,0.703000009059906,0.7785000205039978
YDL224C,YOR075W,0,-6.225159,0.08281305432319641,0.703000009059906,0.7785999774932861
YCR033W,YDR400W,0,-6.225197,0.08280330151319504,0.703000009059906,0.7786999940872192
YHR163W,YER041W,0,-6.2252626,0.08279354870319366,0.703000009059906,0.7788000106811523
YGL223C,YMR260C,0,-6.22544,0.08278379589319229,0.703000009059906,0.7789000272750854
YOL065C,YOR127W,0,-6.2260985,0.08277405053377151,0.703000009059906,0.7789999842643738
YJR155W,YBR030W,0,-6.2261086,0.08276430517435074,0.703000009059906,0.7791000008583069
YAL051W,YJL208C,0,-6.226457,0.08275455981492996,0.703000009059906,0.77920001745224
YJL061W,YJR155W,0,-6.2267346,0.08274482190608978,0.703000009059906,0.7792999744415283
YMR314W,YOR321W,0,-6.227131,0.0827350839972496,0.703000009059906,0.7793999910354614
YDR264C,YMR246W,1,-6.227548,0.08284302055835724,0.7039999961853027,0.7793999910354614
YLL019C,YHL028W,0,-6.227634,0.08283327519893646,0.7039999961853027,0.7795000076293945
YJL133W,YLR172C,0,-6.227659,0.08282352983951569,0.7039999961853027,0.7796000242233276
YJR093C,YML127W,0,-6.2276745,0.08281378448009491,0.7039999961853027,0.779699981212616
YOR198C,YOL020W,0,-6.2277336,0.08280404657125473,0.7039999961853027,0.7797999978065491
YKL140W,YBL058W,0,-6.228037,0.08279430866241455,0.7039999961853027,0.7799000144004822
YDR479C,YBL018C,0,-6.2283444,0.08278457075357437,0.7039999961853027,0.7799999713897705
YNL127W,YNL248C,0,-6.228346,0.08277484029531479,0.7039999961853027,0.7800999879837036
YMR268C,YLR233C,0,-6.2286305,0.0827651098370552,0.7039999961853027,0.7802000045776367
YER024W,YER119C,0,-6.228702,0.08275537937879562,0.7039999961853027,0.7803000211715698
YCL029C,YKL129C,0,-6.228751,0.08274564892053604,0.7039999961853027,0.7803999781608582
YHR084W,YPL117C,0,-6.2288303,0.08273592591285706,0.7039999961853027,0.7804999947547913
YPR033C,YER030W,0,-6.2288327,0.08272620290517807,0.7039999961853027,0.7806000113487244
YCR077C,YPL233W,0,-6.228924,0.08271648734807968,0.7039999961853027,0.7807000279426575
YOL051W,YHR021C,0,-6.230047,0.0827067643404007,0.7039999961853027,0.7807999849319458
YOR151C,YKL196C,0,-6.2300825,0.08269704878330231,0.7039999961853027,0.7809000015258789
YLR248W,YJL127C,0,-6.2302504,0.08268734067678452,0.7039999961853027,0.781000018119812
YMR240C,YDR258C,0,-6.2303762,0.08267762511968613,0.7039999961853027,0.7810999751091003
YLR353W,YOR061W,0,-6.2308826,0.08266791701316833,0.7039999961853027,0.7811999917030334
YBR103W,YNL097C,0,-6.2309537,0.08265821635723114,0.7039999961853027,0.7813000082969666
YFR008W,YDR168W,0,-6.2315826,0.08264850825071335,0.7039999961853027,0.7814000248908997
YIL154C,YDR436W,0,-6.232116,0.08263880759477615,0.7039999961853027,0.781499981880188
YOR236W,YEL017C-A,0,-6.232175,0.08262910693883896,0.7039999961853027,0.7815999984741211
YOR069W,YGR081C,0,-6.2323637,0.08261941373348236,0.7039999961853027,0.7817000150680542
YKL194C,YER127W,0,-6.2326097,0.08260971307754517,0.7039999961853027,0.7817999720573425
YGL094C,YLR447C,0,-6.232944,0.08260001987218857,0.7039999961853027,0.7818999886512756
YDL052C,YDL084W,0,-6.233265,0.08259033411741257,0.7039999961853027,0.7820000052452087
YER051W,YPL037C,0,-6.2336354,0.08258064836263657,0.7039999961853027,0.7821000218391418
YKL054C,YOR213C,0,-6.2338066,0.08257096260786057,0.7039999961853027,0.7821999788284302
YPR031W,YCL010C,1,-6.2340603,0.08267854899168015,0.7049999833106995,0.7821999788284302
YBR034C,YCR033W,0,-6.2346206,0.08266885578632355,0.7049999833106995,0.7822999954223633
YJL081C,YJR082C,1,-6.2351894,0.08277641236782074,0.7059999704360962,0.7822999954223633
YBL015W,YIL160C,0,-6.2352915,0.08276670426130295,0.7059999704360962,0.7824000120162964
YPR073C,YDL220C,0,-6.2353315,0.08275700360536575,0.7059999704360962,0.7825000286102295
YBR212W,YDR072C,0,-6.2357593,0.08274730294942856,0.7059999704360962,0.7825999855995178
YOR085W,YMR272C,0,-6.235896,0.08273760974407196,0.7059999704360962,0.7827000021934509
YDL040C,YBR081C,1,-6.2360263,0.08284509181976318,0.7070000171661377,0.7827000021934509
YDR163W,YHR067W,0,-6.236104,0.08283538371324539,0.7070000171661377,0.782800018787384
YDR148C,YNL036W,0,-6.236169,0.0828256830573082,0.7070000171661377,0.7828999757766724
YLR134W,YBR006W,0,-6.2362604,0.0828159749507904,0.7070000171661377,0.7829999923706055
YOR159C,YJL127C,0,-6.2362947,0.08280627429485321,0.7070000171661377,0.7831000089645386
YBR177C,YJL154C,0,-6.236397,0.08279658108949661,0.7070000171661377,0.7832000255584717
YOL125W,YLR309C,0,-6.2365417,0.08278688788414001,0.7070000171661377,0.78329998254776
YHR013C,YDR145W,1,-6.2366533,0.08289427310228348,0.7080000042915344,0.78329998254776
YOR334W,YDR179C,0,-6.2367706,0.08288457244634628,0.7080000042915344,0.7833999991416931
YLR206W,YPL057C,0,-6.237171,0.08287487179040909,0.7080000042915344,0.7835000157356262
YER148W,YJL168C,0,-6.2373962,0.0828651711344719,0.7080000042915344,0.7835999727249146
YEL053C,YGL112C,1,-6.2374215,0.08297249674797058,0.7089999914169312,0.7835999727249146
YPR023C,YEL066W,1,-6.237466,0.08307980000972748,0.7099999785423279,0.7835999727249146
YDL040C,YGR252W,1,-6.237646,0.08318708091974258,0.7110000252723694,0.7835999727249146
YNL243W,YGL130W,0,-6.237896,0.083177350461483,0.7110000252723694,0.7836999893188477
YPL086C,YBR257W,0,-6.2379823,0.08316762000322342,0.7110000252723694,0.7838000059127808
YGL047W,YJL222W,0,-6.238322,0.08315789699554443,0.7110000252723694,0.7839000225067139
YKR066C,YCL001W,0,-6.238409,0.08314816653728485,0.7110000252723694,0.7839999794960022
YPL100W,YIR015W,0,-6.2386255,0.08313844352960587,0.7110000252723694,0.7840999960899353
YOL051W,YPL210C,0,-6.239126,0.08312872797250748,0.7110000252723694,0.7842000126838684
YCL052C,YLR418C,0,-6.239178,0.08311900496482849,0.7110000252723694,0.7843000292778015
YJR104C,YDR225W,0,-6.2392597,0.0831092894077301,0.7110000252723694,0.7843999862670898
YKR028W,YGR195W,0,-6.2393513,0.08309958130121231,0.7110000252723694,0.784500002861023
YNL248C,YOR232W,0,-6.2394676,0.08308986574411392,0.7110000252723694,0.784600019454956
YER021W,YPL078C,0,-6.2397113,0.08308015763759613,0.7110000252723694,0.7846999764442444
YIL009C-A,YBR077C,0,-6.2401543,0.08307044953107834,0.7110000252723694,0.7847999930381775
YDR529C,YLR254C,0,-6.2409954,0.08306074887514114,0.7110000252723694,0.7849000096321106
YCR088W,YDR472W,0,-6.2410717,0.08305104821920395,0.7110000252723694,0.7850000262260437
YIL036W,YPL119C,0,-6.241826,0.08304134756326675,0.7110000252723694,0.785099983215332
YIL021W,YBR068C,0,-6.2418294,0.08303164690732956,0.7110000252723694,0.7851999998092651
YOR136W,YGL022W,0,-6.242161,0.08302195370197296,0.7110000252723694,0.7853000164031982
YHR204W,YML055W,0,-6.242191,0.08301226049661636,0.7110000252723694,0.7853999733924866
YOR362C,YDR118W,0,-6.242293,0.08300256729125977,0.7110000252723694,0.7854999899864197
YLL009C,YGL016W,0,-6.2428474,0.08299288153648376,0.7110000252723694,0.7856000065803528
YLR329W,YIL159W,0,-6.2429047,0.08298319578170776,0.7110000252723694,0.7857000231742859
YNR038W,YMR296C,0,-6.2429357,0.08297351002693176,0.7110000252723694,0.7857999801635742
YFL050C,YPR105C,0,-6.2430077,0.08296382427215576,0.7110000252723694,0.7858999967575073
YPL241C,YOL088C,0,-6.2434063,0.08295414596796036,0.7110000252723694,0.7860000133514404
YMR135C,YMR023C,0,-6.243561,0.08294446766376495,0.7110000252723694,0.7860999703407288
YJL115W,YCL010C,1,-6.243724,0.08305144309997559,0.7120000123977661,0.7860999703407288
YOR106W,YBL014C,0,-6.2437825,0.08304175734519958,0.7120000123977661,0.7861999869346619
YOR008C,YPR073C,0,-6.244009,0.08303207159042358,0.7120000123977661,0.786300003528595
YLR033W,YAL043C,0,-6.2442255,0.08302238583564758,0.7120000123977661,0.7864000201225281
YDR177W,YOL021C,0,-6.244723,0.08301270753145218,0.7120000123977661,0.7864999771118164
YFL039C,YLR195C,1,-6.244897,0.08311960846185684,0.7129999995231628,0.7864999771118164
YOR334W,YAR033W,0,-6.2449045,0.08310992270708084,0.7129999995231628,0.7865999937057495
YJR046W,YBR265W,0,-6.245585,0.08310022950172424,0.7129999995231628,0.7867000102996826
YHR098C,YGL035C,0,-6.2470474,0.08309055119752884,0.7129999995231628,0.7868000268936157
YGR253C,YMR036C,0,-6.2470756,0.08308086544275284,0.7129999995231628,0.786899983882904
YAL051W,YOL080C,0,-6.247287,0.08307118713855743,0.7129999995231628,0.7870000004768372
YBL002W,YDL112W,0,-6.247574,0.08306150883436203,0.7129999995231628,0.7871000170707703
YNL049C,YKL139W,0,-6.247709,0.08305183798074722,0.7129999995231628,0.7871999740600586
YPL164C,YKL074C,0,-6.247945,0.08304215967655182,0.7129999995231628,0.7872999906539917
YCR027C,YPR155C,0,-6.24825,0.08303248882293701,0.7129999995231628,0.7874000072479248
YAR007C,YPR074C,0,-6.2483463,0.0830228254199028,0.7129999995231628,0.7875000238418579
YDR464W,YBR196C,0,-6.2483487,0.083013154566288,0.7129999995231628,0.7875999808311462
YOR346W,YPL204W,0,-6.248541,0.08300349116325378,0.7129999995231628,0.7876999974250793
YOR005C,YML029W,0,-6.24887,0.08299382776021957,0.7129999995231628,0.7878000140190125
YER009W,YGL236C,0,-6.2491455,0.08298417180776596,0.7129999995231628,0.7878999710083008
YBR215W,YJR084W,0,-6.249416,0.08297451585531235,0.7129999995231628,0.7879999876022339
YBR089C-A,YGL195W,0,-6.2495737,0.08296485990285873,0.7129999995231628,0.788100004196167
YKL145W,YBL035C,0,-6.25014,0.08295520395040512,0.7129999995231628,0.7882000207901001
YMR036C,YLR176C,0,-6.2508135,0.0829455554485321,0.7129999995231628,0.7882999777793884
YBR109C,YGR224W,0,-6.2509003,0.08293590694665909,0.7129999995231628,0.7883999943733215
YDR362C,YLR097C,0,-6.251071,0.08292625844478607,0.7129999995231628,0.7885000109672546
YNR015W,YOR351C,0,-6.251457,0.08291661739349365,0.7129999995231628,0.7886000275611877
YPR033C,YOR191W,0,-6.2514887,0.08290697634220123,0.7129999995231628,0.7886999845504761
YOR359W,YBR143C,0,-6.2515144,0.08289733529090881,0.7129999995231628,0.7888000011444092
YNL197C,YPL159C,0,-6.2518244,0.08288770169019699,0.7129999995231628,0.7889000177383423
YNL326C,YLL002W,1,-6.2518854,0.08299430459737778,0.7139999866485596,0.7889000177383423
YOL148C,YOR064C,1,-6.2519035,0.08310088515281677,0.7149999737739563,0.7889000177383423
YOR034C,YOR253W,1,-6.2519045,0.08320743590593338,0.7160000205039978,0.7889000177383423
YDR353W,YLR380W,0,-6.251935,0.08319777250289917,0.7160000205039978,0.7889999747276306
YOL097C,YBL085W,0,-6.2524185,0.08318810164928436,0.7160000205039978,0.7890999913215637
YGR156W,YJR084W,0,-6.2526126,0.08317843824625015,0.7160000205039978,0.7892000079154968
YMR056C,YKR009C,0,-6.252679,0.08316877484321594,0.7160000205039978,0.7893000245094299
YOR245C,YPL218W,0,-6.2527275,0.08315911889076233,0.7160000205039978,0.7893999814987183
YDL235C,YMR270C,0,-6.252877,0.08314946293830872,0.7160000205039978,0.7894999980926514
YDR264C,YGR002C,1,-6.2532454,0.08325592428445816,0.7170000076293945,0.7894999980926514
YHR073W,YGR204W,0,-6.253529,0.08324625343084335,0.7170000076293945,0.7896000146865845
YNL148C,YIL153W,0,-6.254002,0.08323659002780914,0.7170000076293945,0.7896999716758728
YPL214C,YOL125W,0,-6.254056,0.08322692662477493,0.7170000076293945,0.7897999882698059
YOL148C,YBR081C,1,-6.254096,0.0833333358168602,0.7179999947547913,0.7897999882698059
YDR335W,YOR142W,0,-6.254214,0.08332366496324539,0.7179999947547913,0.789900004863739
YDR129C,YOR206W,0,-6.254605,0.08331399410963058,0.7179999947547913,0.7900000214576721
YDR362C,YDR062W,0,-6.2548184,0.08330433070659637,0.7179999947547913,0.7900999784469604
YJR007W,YIL038C,0,-6.254858,0.08329465985298157,0.7179999947547913,0.7901999950408936
YOL095C,YHR079C,0,-6.255273,0.08328500390052795,0.7179999947547913,0.7903000116348267
YPR105C,YPR189W,0,-6.255956,0.08327534049749374,0.7179999947547913,0.7904000282287598
YKL016C,YER087C-B,0,-6.2559843,0.08326568454504013,0.7179999947547913,0.7904999852180481
YPR088C,YER024W,0,-6.2562943,0.08325602859258652,0.7179999947547913,0.7906000018119812
YKL005C,YOL013C,0,-6.2563,0.0832463800907135,0.7179999947547913,0.7907000184059143
YPR023C,YFL024C,1,-6.25663,0.08335265517234802,0.718999981880188,0.7907000184059143
YPR124W,YPL164C,0,-6.2567525,0.08334299176931381,0.718999981880188,0.7907999753952026
YOL006C,YOL040C,0,-6.2572894,0.0833333358168602,0.718999981880188,0.7908999919891357
YHR058C,YKL040C,0,-6.2577877,0.08332367241382599,0.718999981880188,0.7910000085830688
YNL160W,YHR043C,0,-6.2578077,0.08331402391195297,0.718999981880188,0.791100025177002
YKL195W,YBL074C,0,-6.258358,0.08330436795949936,0.718999981880188,0.7911999821662903
YOL147C,YEL051W,0,-6.258371,0.08329471945762634,0.718999981880188,0.7912999987602234
YOR023C,YGL066W,1,-6.2586083,0.0834009051322937,0.7200000286102295,0.7912999987602234
YNL049C,YGR081C,0,-6.2587175,0.08339124172925949,0.7200000286102295,0.7914000153541565
YCL010C,YJL081C,1,-6.2589636,0.08349739760160446,0.7210000157356262,0.7914000153541565
YOL006C,YBR133C,0,-6.259207,0.08348772674798965,0.7210000157356262,0.7914999723434448
YOR008C,YJR135C,0,-6.2595234,0.08347805589437485,0.7210000157356262,0.7915999889373779
YNL261W,YOR033C,0,-6.259656,0.08346839249134064,0.7210000157356262,0.791700005531311
YML093W,YBR077C,0,-6.2597365,0.08345873653888702,0.7210000157356262,0.7918000221252441
YGL130W,YPR037C,0,-6.2597938,0.08344907313585281,0.7210000157356262,0.7918999791145325
YGR262C,YNL003C,0,-6.259815,0.0834394171833992,0.7210000157356262,0.7919999957084656
YPR031W,YOL110W,1,-6.259863,0.08354547619819641,0.722000002861023,0.7919999957084656
YBR170C,YKR089C,0,-6.259914,0.0835358127951622,0.722000002861023,0.7921000123023987
YPL036W,YDR423C,0,-6.2600145,0.0835261419415474,0.722000002861023,0.7922000288963318
YOL148C,YOL110W,1,-6.260144,0.08363215625286102,0.7229999899864197,0.7922000288963318
YER103W,YPR033C,0,-6.261139,0.08362248539924622,0.7229999899864197,0.7922999858856201
YKL016C,YCR018C,0,-6.261322,0.08361281454563141,0.7229999899864197,0.7924000024795532
YKL141W,YDR420W,0,-6.2615066,0.0836031436920166,0.7229999899864197,0.7925000190734863
YDR189W,YOR140W,0,-6.2618313,0.08359348028898239,0.7229999899864197,0.7925999760627747
YEL066W,YDR145W,1,-6.2622914,0.08369942009449005,0.7239999771118164,0.7925999760627747
YNL156C,YLL031C,0,-6.2625566,0.08368974924087524,0.7239999771118164,0.7926999926567078
YER088C,YLR360W,0,-6.262579,0.08368007093667984,0.7239999771118164,0.7928000092506409
YHR114W,YER168C,0,-6.262619,0.08367040008306503,0.7239999771118164,0.792900025844574
YDL138W,YJL154C,0,-6.2626724,0.08366073668003082,0.7239999771118164,0.7929999828338623
YOR281C,YLR170C,0,-6.263499,0.08365106582641602,0.7239999771118164,0.7930999994277954
YLR206W,YKL064W,0,-6.2640977,0.0836414024233818,0.7239999771118164,0.7932000160217285
YIL031W,YPR037C,0,-6.264129,0.08363174647092819,0.7239999771118164,0.7932999730110168
YKL192C,YNL054W,0,-6.2641926,0.08362208306789398,0.7239999771118164,0.79339998960495
YPL169C,YPR168W,0,-6.2642245,0.08361242711544037,0.7239999771118164,0.7935000061988831
YLR135W,YIL039W,0,-6.2644777,0.08360277116298676,0.7239999771118164,0.7936000227928162
YOL115W,YML073C,0,-6.2645044,0.08359311521053314,0.7239999771118164,0.7936999797821045
YOL060C,YIL007C,0,-6.2647533,0.08358346670866013,0.7239999771118164,0.7937999963760376
YDL198C,YDR372C,0,-6.264826,0.08357381820678711,0.7239999771118164,0.7939000129699707
YJL036W,YGL222C,0,-6.2648497,0.08356417715549469,0.7239999771118164,0.7940000295639038
YMR043W,YOL128C,0,-6.265279,0.08355452865362167,0.7239999771118164,0.7940999865531921
YDL040C,YBL052C,1,-6.2654924,0.08366028219461441,0.7250000238418579,0.7940999865531921
YHR073W,YBR002C,0,-6.2657485,0.0836506262421608,0.7250000238418579,0.7942000031471252
YBR272C,YDR091C,0,-6.2658763,0.08364097774028778,0.7250000238418579,0.7943000197410583
YOR145C,YIL002C,0,-6.2659893,0.08363132923841476,0.7250000238418579,0.7943999767303467
YBR212W,YIL144W,0,-6.2660365,0.08362168073654175,0.7250000238418579,0.7944999933242798
YJR082C,YPL001W,1,-6.266246,0.08372736722230911,0.7260000109672546,0.7944999933242798
YMR212C,YGL227W,0,-6.266575,0.0837177112698555,0.7260000109672546,0.7946000099182129
YDR418W,YPR075C,0,-6.2666216,0.08370806276798248,0.7260000109672546,0.794700026512146
YBR086C,YER031C,0,-6.2666817,0.08369840681552887,0.7260000109672546,0.7947999835014343
YDR318W,YMR213W,0,-6.266732,0.08368875831365585,0.7260000109672546,0.7949000000953674
YER019W,YML059C,0,-6.266781,0.08367911726236343,0.7260000109672546,0.7950000166893005
YHL031C,YDR325W,0,-6.2679143,0.08366946876049042,0.7260000109672546,0.7950999736785889
YPL083C,YNL281W,0,-6.268332,0.083659827709198,0.7260000109672546,0.795199990272522
YMR255W,YPR175W,0,-6.268588,0.08365018665790558,0.7260000109672546,0.7953000068664551
YHR204W,YML093W,0,-6.26859,0.08364055305719376,0.7260000109672546,0.7954000234603882
YCL014W,YJR126C,0,-6.268771,0.08363091945648193,0.7260000109672546,0.7954999804496765
YHR085W,YMR293C,0,-6.2689195,0.08362128585577011,0.7260000109672546,0.7955999970436096
YOR150W,YLR228C,0,-6.2690964,0.08361165225505829,0.7260000109672546,0.7957000136375427
YGL053W,YHR174W,0,-6.269128,0.08360202610492706,0.7260000109672546,0.795799970626831
YCL010C,YGR002C,1,-6.269514,0.0837075412273407,0.7269999980926514,0.795799970626831
YDL097C,YDL046W,0,-6.269698,0.08369790762662888,0.7269999980926514,0.7958999872207642
YBR288C,YLR335W,0,-6.2700825,0.08368826657533646,0.7269999980926514,0.7960000038146973
YOL143C,YNL268W,0,-6.270405,0.08367864042520523,0.7269999980926514,0.7961000204086304
YBR196C,YML113W,0,-6.270415,0.08366900682449341,0.7269999980926514,0.7961999773979187
YNR016C,YDR083W,0,-6.270776,0.08365938067436218,0.7269999980926514,0.7962999939918518
YJL034W,YDR322C-A,0,-6.270921,0.08364975452423096,0.7269999980926514,0.7964000105857849
YBL052C,YPL001W,1,-6.271518,0.08375518023967743,0.7279999852180481,0.7964000105857849
YNL272C,YPR108W,0,-6.2721195,0.08374553918838501,0.7279999852180481,0.796500027179718
YNL116W,YDL080C,0,-6.272251,0.08373591303825378,0.7279999852180481,0.7965999841690063
YBR171W,YPR132W,0,-6.27233,0.08372627943754196,0.7279999852180481,0.7967000007629395
YOL148C,YCR020C-A,1,-6.272468,0.08383164554834366,0.7289999723434448,0.7967000007629395
YCR020C-A,YFL024C,1,-6.2730722,0.08393698930740356,0.7300000190734863,0.7967000007629395
YGL201C,YHR079C,0,-6.2733088,0.08392734080553055,0.7300000190734863,0.7968000173568726
YML115C,YPL249C,0,-6.2733884,0.08391769230365753,0.7300000190734863,0.7968999743461609
YOR119C,YDR069C,0,-6.273923,0.08390804380178452,0.7300000190734863,0.796999990940094
YKR063C,YGL246C,0,-6.2741714,0.0838984027504921,0.7300000190734863,0.7971000075340271
YOL116W,YPL149W,0,-6.274209,0.08388876169919968,0.7300000190734863,0.7972000241279602
YOR274W,YGL166W,0,-6.274456,0.08387912064790726,0.7300000190734863,0.7972999811172485
YOR099W,YLR069C,0,-6.2746797,0.08386948704719543,0.7300000190734863,0.7973999977111816
YMR288W,YBR250W,0,-6.274789,0.08385985344648361,0.7300000190734863,0.7975000143051147
YER009W,YKL170W,0,-6.2748003,0.08385021984577179,0.7300000190734863,0.7975999712944031
YPR010C,YNL006W,0,-6.275447,0.08384058624505997,0.7300000190734863,0.7976999878883362
YHR090C,YDR145W,1,-6.2756205,0.08394579589366913,0.7310000061988831,0.7976999878883362
YNL131W,YOL105C,0,-6.2756615,0.08393615484237671,0.7310000061988831,0.7978000044822693
YNL270C,YDR423C,0,-6.276049,0.08392652124166489,0.7310000061988831,0.7979000210762024
YPL049C,YDL201W,0,-6.276162,0.08391688764095306,0.7310000061988831,0.7979999780654907
YGR145W,YJL183W,0,-6.276164,0.08390725404024124,0.7310000061988831,0.7980999946594238
YLR074C,YFR009W,0,-6.276207,0.08389762789011002,0.7310000061988831,0.7982000112533569
YIL118W,YDR382W,0,-6.2764087,0.0838879942893982,0.7310000061988831,0.79830002784729
YJL054W,YOR085W,0,-6.276412,0.08387836813926697,0.7310000061988831,0.7983999848365784
YJL125C,YDR308C,0,-6.276414,0.08386874943971634,0.7310000061988831,0.7985000014305115
YGL043W,YOL055C,0,-6.276762,0.08385912328958511,0.7310000061988831,0.7986000180244446
YOR253W,YGL066W,1,-6.2769327,0.08396421372890472,0.7319999933242798,0.7986000180244446
YML099C,YER068W,0,-6.27717,0.0839545801281929,0.7319999933242798,0.7986999750137329
YMR056C,YLR193C,0,-6.277297,0.08394495397806168,0.7319999933242798,0.798799991607666
YKR034W,YPL210C,0,-6.2775116,0.08393532782793045,0.7319999933242798,0.7989000082015991
YMR129W,YBR072W,0,-6.2775702,0.08392570167779922,0.7319999933242798,0.7990000247955322
YMR201C,YKL148C,0,-6.277825,0.0839160829782486,0.7319999933242798,0.7990999817848206
YDR046C,YIL010W,0,-6.2778788,0.08390646427869797,0.7319999933242798,0.7991999983787537
YOR332W,YDR079W,0,-6.2782764,0.08389684557914734,0.7319999933242798,0.7993000149726868
YAL001C,YJR065C,0,-6.278416,0.08388723433017731,0.7319999933242798,0.7993999719619751
YDR470C,YJL168C,0,-6.2791853,0.08387762308120728,0.7319999933242798,0.7994999885559082
YPL213W,YMR073C,0,-6.27948,0.08386801183223724,0.7319999933242798,0.7996000051498413
YIL112W,YML001W,0,-6.279557,0.08385840058326721,0.7319999933242798,0.7997000217437744
YOR178C,YJR019C,0,-6.279606,0.08384879678487778,0.7319999933242798,0.7997999787330627
YGL257C,YOR362C,0,-6.279758,0.08383919298648834,0.7319999933242798,0.7998999953269958
YGR162W,YBR202W,0,-6.2804585,0.08382958918809891,0.7319999933242798,0.800000011920929
YER111C,YOL128C,0,-6.280673,0.08381999284029007,0.7319999933242798,0.8001000285148621
YGL187C,YGL245W,0,-6.281042,0.08381039649248123,0.7319999933242798,0.8001999855041504
YLR191W,YNL091W,0,-6.281062,0.0838008001446724,0.7319999933242798,0.8003000020980835
YJL179W,YJL004C,0,-6.282199,0.08379121124744415,0.7319999933242798,0.8004000186920166
YHR193C,YLR210W,0,-6.282544,0.08378161489963531,0.7319999933242798,0.8004999756813049
YFL055W,YBR265W,0,-6.282695,0.08377203345298767,0.7319999933242798,0.800599992275238
YEL015W,YBR155W,0,-6.2827034,0.08376244455575943,0.7319999933242798,0.8007000088691711
YDL207W,YNL041C,0,-6.2832317,0.08375286310911179,0.7319999933242798,0.8008000254631042
YGR143W,YOR060C,0,-6.2833586,0.08374328166246414,0.7319999933242798,0.8008999824523926
YML127W,YGR276C,0,-6.283763,0.0837337002158165,0.7319999933242798,0.8009999990463257
YBR114W,YAR002C-A,0,-6.283912,0.08372411876916885,0.7319999933242798,0.8011000156402588
YOR023C,YOL110W,1,-6.2839556,0.08382891118526459,0.7329999804496765,0.8011000156402588
YDR205W,YDL217C,0,-6.2839603,0.08381932228803635,0.7329999804496765,0.8011999726295471
YJR082C,YOL110W,1,-6.284218,0.0839240774512291,0.734000027179718,0.8011999726295471
YGL028C,YDR486C,0,-6.2854,0.08391448855400085,0.734000027179718,0.8012999892234802
YBR165W,YLR023C,0,-6.286341,0.08390489220619202,0.734000027179718,0.8014000058174133
YJL020C,YMR095C,0,-6.287276,0.08389530330896378,0.734000027179718,0.8015000224113464
YPR125W,YNL139C,0,-6.2876453,0.08388571441173553,0.734000027179718,0.8015999794006348
YJL011C,YDR469W,0,-6.2877274,0.0838761255145073,0.734000027179718,0.8016999959945679
YML126C,YPL106C,0,-6.287855,0.08386654406785965,0.734000027179718,0.801800012588501
YKR014C,YNL085W,0,-6.2878714,0.083856962621212,0.734000027179718,0.8019000291824341
YIL007C,YDR023W,0,-6.2879763,0.08384738117456436,0.734000027179718,0.8019999861717224
YKR026C,YMR137C,0,-6.288027,0.08383780717849731,0.734000027179718,0.8021000027656555
YMR275C,YGR007W,0,-6.2882175,0.08382823318243027,0.734000027179718,0.8022000193595886
YNL326C,YCL010C,1,-6.2886124,0.08393285423517227,0.7350000143051147,0.8022000193595886
YDL143W,YLR032W,0,-6.288699,0.08392327278852463,0.7350000143051147,0.802299976348877
YHR102W,YDR082W,0,-6.2888985,0.08391369134187698,0.7350000143051147,0.8023999929428101
YJL190C,YCL011C,0,-6.289019,0.08390410989522934,0.7350000143051147,0.8025000095367432
YKR089C,YKL064W,0,-6.2892666,0.08389453589916229,0.7350000143051147,0.8026000261306763
YDL084W,YIL131C,0,-6.2893395,0.08388495445251465,0.7350000143051147,0.8026999831199646
YOR151C,YDR398W,0,-6.2894135,0.0838753879070282,0.7350000143051147,0.8027999997138977
YHR118C,YPL050C,0,-6.2896767,0.08386581391096115,0.7350000143051147,0.8029000163078308
YHR183W,YPR073C,0,-6.2896996,0.0838562473654747,0.7350000143051147,0.8029999732971191
YLR032W,YKL160W,0,-6.2900553,0.08384668081998825,0.7350000143051147,0.8030999898910522
YLR447C,YJR078W,0,-6.290141,0.0838371142745018,0.7350000143051147,0.8032000064849854
YEL027W,YOR085W,0,-6.290532,0.08382755517959595,0.7350000143051147,0.8033000230789185
YDR477W,YML031W,0,-6.2905817,0.0838179960846901,0.7350000143051147,0.8033999800682068
YJL052W,YML075C,0,-6.2914724,0.08380843698978424,0.7350000143051147,0.8034999966621399
YGR121C,YOR020C,0,-6.291632,0.08379888534545898,0.7350000143051147,0.803600013256073
YER073W,YKR067W,0,-6.292222,0.08378932625055313,0.7350000143051147,0.8036999702453613
YDR264C,YOR034C,1,-6.2924447,0.08389376848936081,0.7360000014305115,0.8036999702453613
YDR448W,YOL110W,1,-6.2928257,0.0839981734752655,0.7369999885559082,0.8036999702453613
YMR021C,YJL173C,0,-6.2931404,0.08398860692977905,0.7369999885559082,0.8037999868392944
YKL092C,YDR512C,0,-6.293399,0.083979032933712,0.7369999885559082,0.8039000034332275
YMR225C,YDR159W,0,-6.2935324,0.08396946638822556,0.7369999885559082,0.8040000200271606
YGR037C,YJR064W,0,-6.293604,0.0839598998427391,0.7369999885559082,0.804099977016449
YOR388C,YER003C,0,-6.293799,0.08395033329725266,0.7369999885559082,0.8041999936103821
YPL001W,YGL112C,1,-6.293966,0.08405467122793198,0.7379999756813049,0.8041999936103821
YDR395W,YOL088C,0,-6.2941885,0.08404509723186493,0.7379999756813049,0.8043000102043152
YKL056C,YNL273W,0,-6.2943907,0.08403553068637848,0.7379999756813049,0.8044000267982483
YBL014C,YEL009C,0,-6.2949295,0.08402595669031143,0.7379999756813049,0.8044999837875366
YJL062W,YFR003C,0,-6.294961,0.08401639014482498,0.7379999756813049,0.8046000003814697
YML132W,YDL064W,0,-6.295306,0.08400683104991913,0.7379999756813049,0.8047000169754028
YMR240C,YER166W,0,-6.2955265,0.08399727195501328,0.7379999756813049,0.8047999739646912
YOR332W,YIL106W,0,-6.2955656,0.08398770540952682,0.7379999756813049,0.8048999905586243
YBR167C,YDL188C,0,-6.295597,0.08397815376520157,0.7379999756813049,0.8050000071525574
YBR177C,YGL219C,0,-6.295771,0.08396859467029572,0.7379999756813049,0.8051000237464905
YJL003W,YGR195W,0,-6.296473,0.08395904302597046,0.7379999756813049,0.8051999807357788
YOL011W,YIL106W,0,-6.2965937,0.0839494913816452,0.7379999756813049,0.8052999973297119
YLL002W,YJL081C,1,-6.2967653,0.08405368775129318,0.7390000224113464,0.8052999973297119
YDR483W,YOL102C,0,-6.296793,0.08404412865638733,0.7390000224113464,0.805400013923645
YKR087C,YJL168C,0,-6.2977533,0.08403456956148148,0.7390000224113464,0.8054999709129333
YKR055W,YKL068W,0,-6.2985697,0.08402501791715622,0.7390000224113464,0.8055999875068665
YMR113W,YIR033W,0,-6.2991066,0.08401545882225037,0.7390000224113464,0.8057000041007996
YHR183W,YJR046W,0,-6.2992105,0.0840059146285057,0.7390000224113464,0.8058000206947327
YHR183W,YEL027W,0,-6.2993045,0.08399636298418045,0.7390000224113464,0.805899977684021
YGR143W,YDR419W,0,-6.299381,0.08398681879043579,0.7390000224113464,0.8059999942779541
YMR070W,YPL019C,0,-6.299569,0.08397727459669113,0.7390000224113464,0.8061000108718872
YLL002W,YGL066W,1,-6.299758,0.08408135175704956,0.7400000095367432,0.8061000108718872
YAL035W,YLR429W,0,-6.3001194,0.0840718001127243,0.7400000095367432,0.8062000274658203
YNL133C,YOL105C,0,-6.300335,0.08406224846839905,0.7400000095367432,0.8062999844551086
YMR068W,YFR005C,0,-6.3004785,0.08405270427465439,0.7400000095367432,0.8064000010490417
YGL200C,YDR030C,0,-6.3008423,0.08404316008090973,0.7400000095367432,0.8065000176429749
YPL100W,YDR469W,0,-6.3012724,0.08403361588716507,0.7400000095367432,0.8065999746322632
YMR270C,YGL257C,0,-6.3012857,0.08402407169342041,0.7400000095367432,0.8066999912261963
YML062C,YPL055C,0,-6.3013763,0.08401453495025635,0.7400000095367432,0.8068000078201294
YML012W,YNR034W,0,-6.3015184,0.08400499820709229,0.7400000095367432,0.8069000244140625
YGL045W,YNL027W,0,-6.301546,0.08399546146392822,0.7400000095367432,0.8069999814033508
YBL015W,YEL018W,0,-6.302003,0.08398592472076416,0.7400000095367432,0.8070999979972839
YHR084W,YKL054C,0,-6.302225,0.0839763954281807,0.7400000095367432,0.807200014591217
YOL059W,YDR137W,0,-6.302241,0.08396686613559723,0.7400000095367432,0.8072999715805054
YPR131C,YFL024C,1,-6.302577,0.08407079428434372,0.7409999966621399,0.8072999715805054
YJR013W,YNR044W,0,-6.3026276,0.08406125754117966,0.7409999966621399,0.8073999881744385
YPL036W,YNL106C,0,-6.302863,0.0840517207980156,0.7409999966621399,0.8075000047683716
YML007W,YNL278W,0,-6.30311,0.08404219150543213,0.7409999966621399,0.8076000213623047
YML078W,YDL058W,0,-6.3033843,0.08403266221284866,0.7409999966621399,0.807699978351593
YGR229C,YMR070W,0,-6.3036313,0.0840231329202652,0.7409999966621399,0.8077999949455261
YJR001W,YPL084W,0,-6.303895,0.08401360362768173,0.7409999966621399,0.8079000115394592
YER146W,YDR365C,0,-6.304058,0.08400408178567886,0.7409999966621399,0.8080000281333923
YLR090W,YEL009C,0,-6.3041286,0.083994559943676,0.7409999966621399,0.8080999851226807
YKR025W,YNL131W,0,-6.3042445,0.08398503810167313,0.7409999966621399,0.8082000017166138
YER126C,YOR063W,0,-6.304739,0.08397552371025085,0.7409999966621399,0.8083000183105469
YMR125W,YBR103W,0,-6.3048916,0.08396600931882858,0.7409999966621399,0.8083999752998352
YMR135C,YOL072W,0,-6.305169,0.08395649492740631,0.7409999966621399,0.8084999918937683
YDL201W,YDL100C,0,-6.3052373,0.08394698053598404,0.7409999966621399,0.8086000084877014
YLR026C,YMR156C,0,-6.305415,0.08393747359514236,0.7409999966621399,0.8087000250816345
YIL072W,YOL061W,0,-6.3054476,0.08392796665430069,0.7409999966621399,0.8087999820709229
YGR086C,YKL117W,0,-6.305569,0.08391845971345901,0.7409999966621399,0.808899998664856
YDR077W,YPR100W,0,-6.305662,0.08390896022319794,0.7409999966621399,0.8090000152587891
YDR421W,YFR047C,0,-6.306082,0.08389945328235626,0.7409999966621399,0.8090999722480774
YBL061C,YER168C,0,-6.306108,0.08388996124267578,0.7409999966621399,0.8091999888420105
YMR137C,YMR288W,0,-6.3068132,0.0838804617524147,0.7409999966621399,0.8093000054359436
YAL016W,YML109W,0,-6.306836,0.08387096971273422,0.7409999966621399,0.8094000220298767
YIL112W,YLR166C,0,-6.3073483,0.08386147767305374,0.7409999966621399,0.809499979019165
YOL148C,YOR034C,1,-6.3075876,0.08396514505147934,0.7419999837875366,0.809499979019165
YFL050C,YOR386W,0,-6.307928,0.08395564556121826,0.7419999837875366,0.8095999956130981
YLR088W,YER049W,0,-6.30794,0.08394614607095718,0.7419999837875366,0.8097000122070312
YLL002W,YGR002C,1,-6.307947,0.0840497761964798,0.7429999709129333,0.8097000122070312
YJR135C,YDR148C,0,-6.308025,0.08404026925563812,0.7429999709129333,0.8098000288009644
YLR431C,YMR311C,0,-6.308061,0.08403076231479645,0.7429999709129333,0.8098999857902527
YOL148C,YGR147C,1,-6.30814,0.08413434028625488,0.7440000176429749,0.8098999857902527
YJL073W,YEL009C,0,-6.308232,0.08412483334541321,0.7440000176429749,0.8100000023841858
YJL104W,YDL140C,0,-6.3084497,0.08411531895399094,0.7440000176429749,0.8101000189781189
YMR260C,YJR073C,0,-6.3086224,0.08410581201314926,0.7440000176429749,0.8101999759674072
YLR324W,YAL017W,0,-6.309136,0.08409630507230759,0.7440000176429749,0.8102999925613403
YDL235C,YLR394W,0,-6.309388,0.08408679813146591,0.7440000176429749,0.8104000091552734
YKR067W,YER075C,0,-6.3099155,0.08407729864120483,0.7440000176429749,0.8105000257492065
YDR264C,YJL081C,1,-6.311019,0.0841807946562767,0.7450000047683716,0.8105000257492065
YLL004W,YPR141C,0,-6.311302,0.08417128026485443,0.7450000047683716,0.8105999827384949
YLR427W,YDR486C,0,-6.311533,0.08416177332401276,0.7450000047683716,0.810699999332428
YBL030C,YGL155W,0,-6.3117495,0.08415226638317108,0.7450000047683716,0.8108000159263611
YGL200C,YJR046W,0,-6.3118744,0.0841427594423294,0.7450000047683716,0.8108999729156494
YKL004W,YKL045W,0,-6.3125525,0.08413325995206833,0.7450000047683716,0.8109999895095825
YJL125C,YCL011C,0,-6.313056,0.08412376046180725,0.7450000047683716,0.8111000061035156
YOR159C,YMR023C,0,-6.3139524,0.08411426097154617,0.7450000047683716,0.8112000226974487
YGL251C,YNR057C,0,-6.314151,0.0841047614812851,0.7450000047683716,0.8112999796867371
YJR086W,YDR045C,0,-6.3141747,0.08409526944160461,0.7450000047683716,0.8113999962806702
YHL031C,YLR417W,0,-6.3144617,0.08408577740192413,0.7450000047683716,0.8115000128746033
YBR245C,YPL033C,0,-6.314721,0.08407629281282425,0.7450000047683716,0.8116000294685364
YML107C,YER007W,0,-6.3150253,0.08406680077314377,0.7450000047683716,0.8116999864578247
YIL035C,YEL017C-A,0,-6.3155956,0.08405731618404388,0.7450000047683716,0.8118000030517578
YER005W,YJL073W,0,-6.316153,0.084047831594944,0.7450000047683716,0.8119000196456909
YAR019C,YGL180W,0,-6.31631,0.08403835445642471,0.7450000047683716,0.8119999766349792
YEL053C,YJR082C,1,-6.3171225,0.08414166420698166,0.7459999918937683,0.8119999766349792
YHR160C,YER146W,0,-6.3172326,0.08413217216730118,0.7459999918937683,0.8120999932289124
YNL326C,YJR082C,1,-6.3172917,0.08423545211553574,0.746999979019165,0.8120999932289124
YNL326C,YGL112C,1,-6.317842,0.0843387097120285,0.7480000257492065,0.8120999932289124
YPL190C,YPL106C,0,-6.318452,0.08432920277118683,0.7480000257492065,0.8122000098228455
YDR057W,YKR002W,0,-6.318818,0.08431969583034515,0.7480000257492065,0.8123000264167786
YIL035C,YMR005W,0,-6.3189125,0.08431018888950348,0.7480000257492065,0.8123999834060669
YBR154C,YNL166C,0,-6.319093,0.0843006893992424,0.7480000257492065,0.8125
YML034W,YHR024C,0,-6.319288,0.08429118990898132,0.7480000257492065,0.8126000165939331
YNL270C,YOR157C,0,-6.31936,0.08428169041872025,0.7480000257492065,0.8126999735832214
YMR243C,YNL273W,0,-6.3195047,0.08427219837903976,0.7480000257492065,0.8127999901771545
YHR090C,YOR064C,1,-6.3195744,0.08437535166740417,0.7490000128746033,0.8127999901771545
YEL024W,YOR232W,0,-6.3197193,0.0843658447265625,0.7490000128746033,0.8129000067710876
YPL149W,YKL170W,0,-6.3205442,0.08435634523630142,0.7490000128746033,0.8130000233650208
YMR268C,YBL008W,0,-6.3205595,0.08434684574604034,0.7490000128746033,0.8130999803543091
YGL227W,YLR170C,0,-6.3209777,0.08433734625577927,0.7490000128746033,0.8131999969482422
YJR144W,YLR005W,0,-6.321041,0.08432785421609879,0.7490000128746033,0.8133000135421753
YJR082C,YDR145W,1,-6.321125,0.08443093299865723,0.75,0.8133000135421753
YMR060C,YGR101W,0,-6.32125,0.08442143350839615,0.75,0.8133999705314636
YLR023C,YKL139W,0,-6.3213825,0.08441192656755447,0.75,0.8134999871253967
YGR047C,YDL188C,0,-6.321658,0.0844024270772934,0.75,0.8136000037193298
YBL082C,YHR015W,0,-6.32191,0.08439293503761292,0.75,0.8137000203132629
YGL211W,YDL031W,0,-6.3220215,0.08438343554735184,0.75,0.8137999773025513
YOL006C,YDL058W,0,-6.3222322,0.08437394350767136,0.75,0.8138999938964844
YCR018C,YCL001W,0,-6.322645,0.08436445146799088,0.75,0.8140000104904175
YPL193W,YER173W,0,-6.3226757,0.08435496687889099,0.75,0.8141000270843506
YNL070W,YDR177W,0,-6.3229723,0.08434548228979111,0.75,0.8141999840736389
YIR033W,YOR069W,0,-6.323033,0.08433599770069122,0.75,0.814300000667572
YDR299W,YGL053W,0,-6.323547,0.08432651311159134,0.75,0.8144000172615051
YDL078C,YMR255W,0,-6.3236537,0.08431702852249146,0.75,0.8144999742507935
YMR056C,YDL052C,0,-6.3238306,0.08430755138397217,0.75,0.8145999908447266
YJL178C,YNL227C,0,-6.3239775,0.08429808169603348,0.75,0.8147000074386597
YBR211C,YMR311C,0,-6.324095,0.08428860455751419,0.75,0.8148000240325928
YJR105W,YMR011W,0,-6.3241377,0.0842791348695755,0.75,0.8148999810218811
YDR463W,YIL010W,0,-6.3241773,0.08426966518163681,0.75,0.8149999976158142
YIL144W,YER061C,0,-6.3244333,0.08426019549369812,0.75,0.8151000142097473
YBL047C,YJL140W,0,-6.3249383,0.08425073325634003,0.75,0.8151999711990356
YMR021C,YLL036C,0,-6.3249817,0.08424126356840134,0.75,0.8152999877929688
YPR051W,YGR147C,1,-6.326478,0.08434411138296127,0.7509999871253967,0.8152999877929688
YPR031W,YOR064C,1,-6.327006,0.08444693684577942,0.7519999742507935,0.8152999877929688
YDR103W,YKL179C,0,-6.3275366,0.08443745970726013,0.7519999742507935,0.8154000043869019
YOR359W,YBR061C,0,-6.327959,0.08442797511816025,0.7519999742507935,0.815500020980835
YIL035C,YGL115W,0,-6.328233,0.08441849797964096,0.7519999742507935,0.8155999779701233
YMR229C,YML031W,0,-6.3283815,0.08440902829170227,0.7519999742507935,0.8156999945640564
YBR212W,YEL009C,0,-6.3284616,0.08439955115318298,0.7519999742507935,0.8158000111579895
YCL032W,YPL181W,0,-6.3286734,0.0843900814652443,0.7519999742507935,0.8159000277519226
YJL087C,YML046W,0,-6.3294687,0.0843806117773056,0.7519999742507935,0.8159999847412109
YMR149W,YNL153C,0,-6.329816,0.08437114208936691,0.7519999742507935,0.816100001335144
YOR386W,YBR231C,0,-6.3302355,0.08436167985200882,0.7519999742507935,0.8162000179290771
YFL055W,YOR187W,0,-6.3303676,0.08435221761465073,0.7519999742507935,0.8162999749183655
YNL093W,YDL002C,0,-6.330467,0.08434275537729263,0.7519999742507935,0.8163999915122986
YHR060W,YBR126C,0,-6.3304834,0.08433329313993454,0.7519999742507935,0.8165000081062317
YJR082C,YDR392W,1,-6.330486,0.08443596959114075,0.753000020980835,0.8165000081062317
YER122C,YGL210W,0,-6.330488,0.08442650735378265,0.753000020980835,0.8166000247001648
YFL045C,YNL331C,0,-6.331062,0.08441703766584396,0.753000020980835,0.8166999816894531
YNL333W,YMR319C,0,-6.331207,0.08440757542848587,0.753000020980835,0.8167999982833862
YML032C,YIL117C,0,-6.3314457,0.08439812064170837,0.753000020980835,0.8169000148773193
YOR112W,YBR061C,0,-6.3317738,0.08438865840435028,0.753000020980835,0.8169999718666077
YER129W,YMR070W,0,-6.331941,0.08437920361757278,0.753000020980835,0.8170999884605408
YDR075W,YDR120C,0,-6.332014,0.08436974883079529,0.753000020980835,0.8172000050544739
YOL061W,YER070W,0,-6.332306,0.08436029404401779,0.753000020980835,0.817300021648407
YDL235C,YER114C,0,-6.3323193,0.08435084670782089,0.753000020980835,0.8173999786376953
YJL081C,YDR145W,1,-6.3327875,0.08445340394973755,0.7540000081062317,0.8173999786376953
YGL236C,YPL164C,0,-6.3330827,0.08444394916296005,0.7540000081062317,0.8174999952316284
YIL155C,YNL049C,0,-6.333313,0.08443448692560196,0.7540000081062317,0.8176000118255615
YDR088C,YOR388C,0,-6.3333173,0.08442503958940506,0.7540000081062317,0.8177000284194946
YJL011C,YLR135W,0,-6.3334465,0.08441558480262756,0.7540000081062317,0.817799985408783
YDR489W,YPL262W,0,-6.3334475,0.08440613746643066,0.7540000081062317,0.8179000020027161
YLR075W,YGR143W,0,-6.3336935,0.08439669013023376,0.7540000081062317,0.8180000185966492
YPR031W,YJL115W,1,-6.333831,0.08449915796518326,0.7549999952316284,0.8180000185966492
YLL004W,YPL224C,0,-6.3341455,0.08448970317840576,0.7549999952316284,0.8180999755859375
YER027C,YLR005W,0,-6.3342857,0.08448024839162827,0.7549999952316284,0.8181999921798706
YBR114W,YGR075C,0,-6.335299,0.08447080105543137,0.7549999952316284,0.8183000087738037
YNL243W,YML051W,0,-6.335371,0.08446134626865387,0.7549999952316284,0.8184000253677368
YOL148C,YFL039C,1,-6.335635,0.08456376194953918,0.7559999823570251,0.8184000253677368
YNL243W,YOR193W,0,-6.335804,0.08455429971218109,0.7559999823570251,0.8184999823570251
YBR171W,YPL065W,0,-6.337166,0.0845448449254036,0.7559999823570251,0.8185999989509583
YOL076W,YOR023C,1,-6.337182,0.08464720845222473,0.7570000290870667,0.8185999989509583
YMR275C,YCL052C,0,-6.337535,0.08463774621486664,0.7570000290870667,0.8187000155448914
YGL106W,YNL006W,0,-6.337631,0.08462828397750854,0.7570000290870667,0.8187999725341797
YPL001W,YGR002C,1,-6.3379984,0.0847306028008461,0.7580000162124634,0.8187999725341797
YOR253W,YGL112C,1,-6.33809,0.08483290672302246,0.7590000033378601,0.8187999725341797
YDR529C,YPR125W,0,-6.3381305,0.08482342213392258,0.7590000033378601,0.8188999891281128
YGL084C,YMR296C,0,-6.338317,0.08481394499540329,0.7590000033378601,0.8190000057220459
YPL084W,YPL181W,0,-6.3386297,0.084804467856884,0.7590000033378601,0.819100022315979
YHR183W,YDR423C,0,-6.338726,0.08479499816894531,0.7590000033378601,0.8191999793052673
YDR339C,YDL220C,0,-6.338758,0.08478552103042603,0.7590000033378601,0.8192999958992004
YML130C,YKR008W,0,-6.338944,0.08477605134248734,0.7590000033378601,0.8194000124931335
YPL037C,YBR038W,0,-6.3392277,0.08476658165454865,0.7590000033378601,0.8195000290870667
YMR234W,YGL087C,0,-6.339346,0.08475711941719055,0.7590000033378601,0.819599986076355
YOR064C,YOR253W,1,-6.339368,0.08485931158065796,0.7599999904632568,0.819599986076355
YHR099W,YJR082C,1,-6.3394747,0.08496148139238358,0.7609999775886536,0.819599986076355
YLR181C,YLR453C,0,-6.3395743,0.08495199680328369,0.7609999775886536,0.8197000026702881
YPL228W,YOR038C,0,-6.340269,0.08494251221418381,0.7609999775886536,0.8198000192642212
YDL235C,YML097C,0,-6.340308,0.08493303507566452,0.7609999775886536,0.8198999762535095
YGR252W,YGL066W,1,-6.341545,0.08503515273332596,0.7620000243186951,0.8198999762535095
YHR205W,YDR400W,0,-6.34163,0.08502566069364548,0.7620000243186951,0.8199999928474426
YMR125W,YDL153C,0,-6.3418627,0.0850161761045456,0.7620000243186951,0.8201000094413757
YOR281C,YLR417W,0,-6.342058,0.08500669151544571,0.7620000243186951,0.8202000260353088
YOL148C,YEL053C,1,-6.3422565,0.08510875701904297,0.7630000114440918,0.8202000260353088
YDR218C,YDR478W,0,-6.3425035,0.08509926497936249,0.7630000114440918,0.8202999830245972
YDR264C,YDR392W,1,-6.3425646,0.08520129323005676,0.7639999985694885,0.8202999830245972
YDL231C,YKL129C,0,-6.342699,0.08519179373979568,0.7639999985694885,0.8203999996185303
YPL206C,YKL056C,0,-6.343158,0.0851822942495346,0.7639999985694885,0.8205000162124634
YER100W,YMR172W,0,-6.343177,0.08517279475927353,0.7639999985694885,0.8205999732017517
YLR052W,YGL219C,0,-6.344158,0.08516330271959305,0.7639999985694885,0.8206999897956848
YLR409C,YOR319W,0,-6.344452,0.08515381067991257,0.7639999985694885,0.8208000063896179
YMR139W,YGL100W,0,-6.3445,0.08514431864023209,0.7639999985694885,0.820900022983551
YPR105C,YGL144C,0,-6.344967,0.0851348340511322,0.7639999985694885,0.8209999799728394
YDR362C,YML077W,0,-6.3452272,0.08512534946203232,0.7639999985694885,0.8210999965667725
YLL027W,YDL200C,0,-6.345248,0.08511586487293243,0.7639999985694885,0.8212000131607056
YPR052C,YKL017C,0,-6.3460736,0.08510638028383255,0.7639999985694885,0.8213000297546387
YKR089C,YOL054W,0,-6.346714,0.08509690314531326,0.7639999985694885,0.821399986743927
YDL080C,YLL003W,0,-6.346749,0.08508742600679398,0.7639999985694885,0.8215000033378601
YLR304C,YBR165W,0,-6.347687,0.08507794886827469,0.7639999985694885,0.8216000199317932
YGR256W,YNR017W,0,-6.3477964,0.085068479180336,0.7639999985694885,0.8216999769210815
YFL039C,YPR131C,1,-6.348137,0.08517034351825714,0.7649999856948853,0.8216999769210815
YDR088C,YPL120W,0,-6.3483233,0.08516085892915726,0.7649999856948853,0.8217999935150146
YNR032W,YDL175C,0,-6.3487444,0.08515138179063797,0.7649999856948853,0.8219000101089478
YDL079C,YMR044W,0,-6.3488708,0.08514190465211868,0.7649999856948853,0.8220000267028809
YGL019W,YGL003C,0,-6.348893,0.0851324275135994,0.7649999856948853,0.8220999836921692
YDR264C,YHR099W,1,-6.34912,0.08523422479629517,0.765999972820282,0.8220999836921692
YMR182C,YDR372C,0,-6.349283,0.08522474765777588,0.765999972820282,0.8222000002861023
YKR028W,YDR277C,0,-6.349556,0.085215263068676,0.765999972820282,0.8223000168800354
YBR215W,YOR127W,0,-6.3496246,0.08520578593015671,0.765999972820282,0.8223999738693237
YGR267C,YPL193W,0,-6.3498335,0.08519630879163742,0.765999972820282,0.8224999904632568
YER012W,YML126C,0,-6.3499393,0.08518683165311813,0.765999972820282,0.8226000070571899
YPR042C,YPL232W,0,-6.349959,0.08517736196517944,0.765999972820282,0.822700023651123
YDR448W,YLL002W,1,-6.3504653,0.08527907729148865,0.7670000195503235,0.822700023651123
YCL032W,YKR085C,0,-6.35051,0.08526959270238876,0.7670000195503235,0.8227999806404114
YCR002C,YDR341C,0,-6.350541,0.08526011556386948,0.7670000195503235,0.8228999972343445
YNL326C,YDR392W,1,-6.3508587,0.0853617861866951,0.7680000066757202,0.8228999972343445
YER015W,YLR195C,1,-6.3512864,0.08546343445777893,0.7689999938011169,0.8228999972343445
YHR084W,YPR125W,0,-6.3516717,0.08545394241809845,0.7689999938011169,0.8230000138282776
YAL054C,YLR195C,1,-6.3517675,0.0855555534362793,0.7699999809265137,0.8230000138282776
YMR250W,YGR119C,0,-6.3520765,0.08554605394601822,0.7699999809265137,0.8230999708175659
YOL115W,YDR440W,0,-6.3526917,0.08553654700517654,0.7699999809265137,0.823199987411499
YHR024C,YJL127C,0,-6.3531013,0.08552704751491547,0.7699999809265137,0.8233000040054321
YOR007C,YOL104C,0,-6.353636,0.08551754802465439,0.7699999809265137,0.8234000205993652
YBR215W,YOL094C,0,-6.353674,0.08550804853439331,0.7699999809265137,0.8234999775886536
YGL208W,YJL139C,0,-6.3538356,0.08549855649471283,0.7699999809265137,0.8235999941825867
YDR037W,YPL063W,0,-6.3548603,0.08548906445503235,0.7699999809265137,0.8237000107765198
YJL047C,YER166W,0,-6.3556995,0.08547957241535187,0.7699999809265137,0.8238000273704529
YNL064C,YLR196W,0,-6.3557663,0.08547008782625198,0.7699999809265137,0.8238999843597412
YBL046W,YOR254C,0,-6.3561916,0.0854605957865715,0.7699999809265137,0.8240000009536743
YLL022C,YBR081C,1,-6.356296,0.0855620875954628,0.7710000276565552,0.8240000009536743
YER015W,YBL052C,1,-6.356639,0.0856635570526123,0.7720000147819519,0.8240000009536743
YLR044C,YEL026W,0,-6.3567247,0.08565405756235123,0.7720000147819519,0.8241000175476074
YMR292W,YOR078W,0,-6.3571496,0.08564455062150955,0.7720000147819519,0.8241999745368958
YDR395W,YGL136C,0,-6.3571787,0.08563505113124847,0.7720000147819519,0.8242999911308289
YDL040C,YDR264C,1,-6.3578186,0.0857364684343338,0.7730000019073486,0.8242999911308289
YDR123C,YDR276C,0,-6.3581667,0.08572696149349213,0.7730000019073486,0.824400007724762
YBR060C,YDL022W,0,-6.3582873,0.08571745455265045,0.7730000019073486,0.8245000243186951
YPL160W,YIL109C,0,-6.3583055,0.08570794761180878,0.7730000019073486,0.8245999813079834
YDR175C,YPR094W,0,-6.359067,0.0856984481215477,0.7730000019073486,0.8246999979019165
YDR518W,YPL137C,0,-6.359193,0.08568894863128662,0.7730000019073486,0.8248000144958496
YKL205W,YIL033C,0,-6.359568,0.08567944914102554,0.7730000019073486,0.8248999714851379
YOL110W,YGR252W,1,-6.3595905,0.0857807844877243,0.7739999890327454,0.8248999714851379
YIL004C,YNR057C,0,-6.3599787,0.08577127754688263,0.7739999890327454,0.824999988079071
YJR132W,YMR026C,0,-6.36004,0.08576177060604095,0.7739999890327454,0.8251000046730042
YDR439W,YOR174W,0,-6.3611307,0.08575227111577988,0.7739999890327454,0.8252000212669373
YOR254C,YOR001W,0,-6.3616633,0.0857427716255188,0.7739999890327454,0.8252999782562256
YLR068W,YMR243C,0,-6.3623385,0.08573327213525772,0.7739999890327454,0.8253999948501587
YGL111W,YDL145C,0,-6.3626075,0.08572378009557724,0.7739999890327454,0.8255000114440918
YDL083C,YJL026W,0,-6.362775,0.08571428805589676,0.7739999890327454,0.8256000280380249
YDR023W,YOR239W,0,-6.362823,0.08570479601621628,0.7739999890327454,0.8256999850273132
YOL117W,YPR086W,0,-6.362876,0.0856953039765358,0.7739999890327454,0.8258000016212463
YNL133C,YDL138W,0,-6.36347,0.08568581938743591,0.7739999890327454,0.8259000182151794
YJL125C,YML015C,0,-6.3636374,0.08567633479833603,0.7739999890327454,0.8259999752044678
YGR037C,YHR034C,0,-6.36405,0.08566685020923615,0.7739999890327454,0.8260999917984009
YMR268C,YBR286W,0,-6.364224,0.08565737307071686,0.7739999890327454,0.826200008392334
YKR055W,YOR187W,0,-6.365569,0.08564788848161697,0.7739999890327454,0.8263000249862671
YLR022C,YPR120C,0,-6.3663645,0.08563841879367828,0.7739999890327454,0.8263999819755554
YGL043W,YCR091W,0,-6.36678,0.085628941655159,0.7739999890327454,0.8264999985694885
YGR191W,YKL192C,0,-6.36695,0.0856194719672203,0.7739999890327454,0.8266000151634216
YGL122C,YJL004C,0,-6.3671007,0.08561000227928162,0.7739999890327454,0.82669997215271
YBR109C,YBR250W,0,-6.3672023,0.08560053259134293,0.7739999890327454,0.8267999887466431
YER105C,YGR276C,0,-6.3685513,0.08559106290340424,0.7739999890327454,0.8269000053405762
YLR022C,YLR231C,0,-6.369554,0.08558160066604614,0.7739999890327454,0.8270000219345093
YPL045W,YDR057W,0,-6.3695793,0.08557213842868805,0.7739999890327454,0.8270999789237976
YIL123W,YJL080C,0,-6.36958,0.08556267619132996,0.7739999890327454,0.8271999955177307
YGL032C,YNL116W,0,-6.369751,0.08555322140455246,0.7739999890327454,0.8273000121116638
YER147C,YBR077C,0,-6.369851,0.08554376661777496,0.7739999890327454,0.8274000287055969
YMR016C,YMR091C,0,-6.3699694,0.08553431183099747,0.7739999890327454,0.8274999856948853
YDR318W,YOR081C,0,-6.370051,0.08552486449480057,0.7739999890327454,0.8276000022888184
YHR188C,YBR286W,0,-6.3706846,0.08551540970802307,0.7739999890327454,0.8277000188827515
YMR235C,YKL175W,0,-6.370701,0.08550596237182617,0.7739999890327454,0.8277999758720398
YLR210W,YGR195W,0,-6.371094,0.08549652248620987,0.7739999890327454,0.8278999924659729
YMR302C,YLR145W,0,-6.371629,0.08548707515001297,0.7739999890327454,0.828000009059906
YHR205W,YPL028W,0,-6.371808,0.08547763526439667,0.7739999890327454,0.8281000256538391
YKR060W,YPL115C,0,-6.3719244,0.08546819537878036,0.7739999890327454,0.8281999826431274
YPL059W,YMR096W,0,-6.372061,0.08545876294374466,0.7739999890327454,0.8282999992370605
YBR168W,YMR288W,0,-6.3721313,0.08544932305812836,0.7739999890327454,0.8284000158309937
YNR031C,YJL117W,0,-6.372733,0.08543989062309265,0.7739999890327454,0.828499972820282
YIL101C,YJL033W,0,-6.373213,0.08543046563863754,0.7739999890327454,0.8285999894142151
YHR194W,YDR434W,0,-6.3735466,0.08542103320360184,0.7739999890327454,0.8287000060081482
YBL030C,YLR043C,0,-6.3735685,0.08541160821914673,0.7739999890327454,0.8288000226020813
YGR186W,YKR061W,0,-6.3736906,0.08540218323469162,0.7739999890327454,0.8288999795913696
YIL048W,YDR463W,0,-6.3741603,0.08539276570081711,0.7739999890327454,0.8289999961853027
YPL100W,YDR303C,0,-6.3747797,0.085383340716362,0.7739999890327454,0.8291000127792358
YGL190C,YJL190C,0,-6.3748555,0.08537392318248749,0.7739999890327454,0.829200029373169
YPR137W,YLL009C,0,-6.3751,0.08536450564861298,0.7739999890327454,0.8292999863624573
YJL179W,YNL278W,0,-6.375839,0.08535509556531906,0.7739999890327454,0.8294000029563904
YLR195C,YOR034C,1,-6.3764744,0.08545594662427902,0.7749999761581421,0.8294000029563904
YPR141C,YIL033C,0,-6.377367,0.08544652909040451,0.7749999761581421,0.8295000195503235
YPR141C,YDL198C,0,-6.377424,0.0854371041059494,0.7749999761581421,0.8295999765396118
YHR190W,YFL036W,0,-6.3777056,0.08542768657207489,0.7749999761581421,0.8296999931335449
YDL040C,YOR023C,1,-6.378365,0.08552849292755127,0.7760000228881836,0.8296999931335449
YNR016C,YML051W,0,-6.3785934,0.08551906794309616,0.7760000228881836,0.829800009727478
YIL132C,YMR197C,0,-6.378936,0.08550964295864105,0.7760000228881836,0.8299000263214111
YGR221C,YNL129W,0,-6.3790417,0.08550021797418594,0.7760000228881836,0.8299999833106995
YGR014W,YBR283C,0,-6.3792014,0.08549080044031143,0.7760000228881836,0.8300999999046326
YKL099C,YJR121W,0,-6.37972,0.08548138290643692,0.7760000228881836,0.8302000164985657
YBR167C,YML126C,0,-6.379733,0.08547196537256241,0.7760000228881836,0.830299973487854
YKL012W,YDR473C,0,-6.380142,0.0854625552892685,0.7760000228881836,0.8303999900817871
YOR256C,YHR194W,0,-6.3804007,0.08545314520597458,0.7760000228881836,0.8305000066757202
YOR085W,YOR095C,0,-6.3808517,0.08544373512268066,0.7760000228881836,0.8306000232696533
YHR084W,YHR194W,0,-6.3811417,0.08543432503938675,0.7760000228881836,0.8306999802589417
YDR098C,YIR002C,0,-6.3811665,0.08542492240667343,0.7760000228881836,0.8307999968528748
YDL088C,YBL017C,0,-6.381282,0.08541551977396011,0.7760000228881836,0.8309000134468079
YNL259C,YKL062W,0,-6.38144,0.0854061171412468,0.7760000228881836,0.8309999704360962
YGL246C,YNL160W,0,-6.381933,0.08539672195911407,0.7760000228881836,0.8310999870300293
YDR045C,YBR247C,0,-6.3819356,0.08538732677698135,0.7760000228881836,0.8312000036239624
YGL200C,YKR067W,0,-6.3826666,0.08537793159484863,0.7760000228881836,0.8313000202178955
YNL002C,YNL085W,0,-6.382822,0.08536853641271591,0.7760000228881836,0.8313999772071838
YMR199W,YBR058C,0,-6.382989,0.08535914868116379,0.7760000228881836,0.8314999938011169
YOR080W,YFL002C,0,-6.383547,0.08534976094961166,0.7760000228881836,0.83160001039505
YEL019C,YJR001W,0,-6.3836737,0.08534037321805954,0.7760000228881836,0.8317000269889832
YDR513W,YEL015W,0,-6.383686,0.08533098548650742,0.7760000228881836,0.8317999839782715
YBL047C,YKL197C,0,-6.383762,0.08532160520553589,0.7760000228881836,0.8319000005722046
YOR023C,YOR034C,1,-6.384094,0.08542216569185257,0.7770000100135803,0.8319000005722046
YDR188W,YER068W,0,-6.384286,0.08541277050971985,0.7770000100135803,0.8320000171661377
YKL016C,YGL200C,0,-6.3844137,0.08540338277816772,0.7770000100135803,0.832099974155426
YDR188W,YDR057W,0,-6.3853116,0.0853940024971962,0.7770000100135803,0.8321999907493591
YFL050C,YJL036W,0,-6.3866324,0.08538461476564407,0.7770000100135803,0.8323000073432922
YMR243C,YHR091C,0,-6.3868847,0.08537523448467255,0.7770000100135803,0.8324000239372253
YIL021W,YBR167C,0,-6.3871574,0.08536585420370102,0.7770000100135803,0.8324999809265137
YDR153C,YDL165W,0,-6.3873215,0.08535647392272949,0.7770000100135803,0.8325999975204468
YLR025W,YKL203C,0,-6.387627,0.08534710109233856,0.7770000100135803,0.8327000141143799
YOL110W,YOR253W,1,-6.3883696,0.08544755727052689,0.777999997138977,0.8327000141143799
YJL081C,YCR020C-A,1,-6.388589,0.08554799109697342,0.7789999842643738,0.8327000141143799
YCL044C,YMR065W,0,-6.3887343,0.0855385959148407,0.7789999842643738,0.8327999711036682
YOL165C,YPL087W,0,-6.388941,0.08552920818328857,0.7789999842643738,0.8328999876976013
YHR175W,YMR083W,0,-6.3892927,0.08551981300115585,0.7789999842643738,0.8330000042915344
YJL190C,YEL024W,0,-6.3896055,0.08551042526960373,0.7789999842643738,0.8331000208854675
YOL110W,YLR195C,1,-6.3898716,0.08561079949140549,0.7799999713897705,0.8331000208854675
YBR216C,YDR284C,0,-6.3900137,0.08560140430927277,0.7799999713897705,0.8331999778747559
YOR036W,YOR257W,0,-6.390031,0.08559200912714005,0.7799999713897705,0.833299994468689
YLR417W,YLR248W,0,-6.390316,0.08558262139558792,0.7799999713897705,0.8334000110626221
YML004C,YLR394W,0,-6.3906045,0.0855732336640358,0.7799999713897705,0.8335000276565552
YCR024C-A,YDL188C,0,-6.3908005,0.08556384593248367,0.7799999713897705,0.8335999846458435
YBR265W,YOR319W,0,-6.3911505,0.08555445820093155,0.7799999713897705,0.8337000012397766
YNL039W,YDR071C,0,-6.391556,0.08554507791996002,0.7799999713897705,0.8338000178337097
YDR168W,YDR184C,0,-6.392004,0.0855356976389885,0.7799999713897705,0.833899974822998
YBR048W,YER120W,0,-6.392527,0.08552631735801697,0.7799999713897705,0.8339999914169312
YKL110C,YJL013C,0,-6.393023,0.08551693707704544,0.7799999713897705,0.8341000080108643
YCR020C-A,YEL066W,1,-6.393241,0.08561719208955765,0.781000018119812,0.8341000080108643
YNL214W,YFR029W,0,-6.394741,0.08560780435800552,0.781000018119812,0.8342000246047974
YPL047W,YDR298C,0,-6.3948174,0.085598424077034,0.781000018119812,0.8342999815940857
YHR106W,YER070W,0,-6.395587,0.08558904379606247,0.781000018119812,0.8343999981880188
YNL049C,YNL262W,0,-6.395757,0.08557966351509094,0.781000018119812,0.8345000147819519
YGR211W,YJL128C,0,-6.3958597,0.08557028323411942,0.781000018119812,0.8345999717712402
YBL002W,YBL011W,0,-6.396008,0.08556091040372849,0.781000018119812,0.8346999883651733
YLR285W,YOR193W,0,-6.3964157,0.08555153757333755,0.781000018119812,0.8348000049591064
YLR105C,YAL030W,0,-6.396495,0.08554217219352722,0.781000018119812,0.8349000215530396
YKL195W,YKR097W,0,-6.396539,0.08553279936313629,0.781000018119812,0.8349999785423279
YJR144W,YAL043C,0,-6.3967543,0.08552343398332596,0.781000018119812,0.835099995136261
YDR264C,YOL110W,1,-6.3971996,0.08562356233596802,0.7820000052452087,0.835099995136261
YGL172W,YFR031C,0,-6.3975253,0.08561418950557709,0.7820000052452087,0.8352000117301941
YNR016C,YPR017C,0,-6.397924,0.08560481667518616,0.7820000052452087,0.8353000283241272
YOL006C,YNL160W,0,-6.397992,0.08559544384479523,0.7820000052452087,0.8353999853134155
YJL115W,YGR252W,1,-6.3982954,0.08569552004337311,0.7829999923706055,0.8353999853134155
YBR048W,YDR071C,0,-6.3985333,0.08568614721298218,0.7829999923706055,0.8355000019073486
YER019W,YJR108W,0,-6.39867,0.08567676693201065,0.7829999923706055,0.8356000185012817
YDL045C,YPL137C,0,-6.399072,0.08566739410161972,0.7829999923706055,0.8356999754905701
YDR073W,YJL061W,0,-6.399416,0.08565802127122879,0.7829999923706055,0.8357999920845032
YBL051C,YML042W,0,-6.399439,0.08564865589141846,0.7829999923706055,0.8359000086784363
YDR422C,YBR086C,0,-6.3995066,0.08563929051160812,0.7829999923706055,0.8360000252723694
YOL067C,YKR028W,0,-6.399517,0.0856299176812172,0.7829999923706055,0.8360999822616577
YHR120W,YLR043C,0,-6.399591,0.08562055975198746,0.7829999923706055,0.8361999988555908
YBR160W,YDR518W,0,-6.400224,0.08561119437217712,0.7829999923706055,0.8363000154495239
YLR254C,YJL047C,0,-6.400647,0.08560183644294739,0.7829999923706055,0.8363999724388123
YPL087W,YKL175W,0,-6.4006863,0.08559247851371765,0.7829999923706055,0.8364999890327454
YKL110C,YLR022C,0,-6.4006996,0.08558312058448792,0.7829999923706055,0.8366000056266785
YCR027C,YNL059C,0,-6.4017086,0.08557377010583878,0.7829999923706055,0.8367000222206116
YOR301W,YER030W,0,-6.4027095,0.08556441962718964,0.7829999923706055,0.8367999792098999
YBR114W,YNL016W,0,-6.403076,0.0855550691485405,0.7829999923706055,0.836899995803833
YJL030W,YAL002W,0,-6.403306,0.08554572612047195,0.7829999923706055,0.8370000123977661
YKL166C,YIL101C,0,-6.4038043,0.08553637564182281,0.7829999923706055,0.8371000289916992
YDR214W,YMR058W,0,-6.4039397,0.08552703261375427,0.7829999923706055,0.8371999859809875
YDR088C,YCR044C,0,-6.40419,0.08551769703626633,0.7829999923706055,0.8373000025749207
YEL013W,YMR041C,0,-6.4045463,0.08550835400819778,0.7829999923706055,0.8374000191688538
YHR079C,YAL043C,0,-6.404667,0.08549901843070984,0.7829999923706055,0.8374999761581421
YNL117W,YNL097C,0,-6.404848,0.0854896828532219,0.7829999923706055,0.8375999927520752
YOR064C,YDR145W,1,-6.4057956,0.08558952063322067,0.7839999794960022,0.8375999927520752
YKR024C,YDR423C,0,-6.4061365,0.08558017760515213,0.7839999794960022,0.8377000093460083
YJR077C,YNL253W,0,-6.406955,0.08557083457708359,0.7839999794960022,0.8378000259399414
YKR060W,YMR225C,0,-6.407533,0.08556149899959564,0.7839999794960022,0.8378999829292297
YMR314W,YMR153W,0,-6.408001,0.0855521634221077,0.7839999794960022,0.8379999995231628
YNL261W,YOR207C,0,-6.4080415,0.08554282784461975,0.7839999794960022,0.838100016117096
YDR303C,YNL261W,0,-6.4082456,0.0855334922671318,0.7839999794960022,0.8381999731063843
YHR001W,YPL007C,0,-6.4086833,0.08552416414022446,0.7839999794960022,0.8382999897003174
YBR048W,YHR066W,0,-6.409232,0.08551483601331711,0.7839999794960022,0.8384000062942505
YCL038C,YGL087C,0,-6.4097347,0.08550550788640976,0.7839999794960022,0.8385000228881836
YKL056C,YBR086C,0,-6.409878,0.08549617975950241,0.7839999794960022,0.8385999798774719
YAL016W,YLR047C,0,-6.409907,0.08548685908317566,0.7839999794960022,0.838699996471405
YCR020C-A,YJR082C,1,-6.410078,0.08558657020330429,0.7850000262260437,0.838699996471405
YOL110W,YGL066W,1,-6.410278,0.08568625152111053,0.7860000133514404,0.838699996471405
YER015W,YOR253W,1,-6.4103174,0.08578591793775558,0.7870000004768372,0.838699996471405
YNL070W,YDR091C,0,-6.410695,0.08577656745910645,0.7870000004768372,0.8388000130653381
YAL053W,YBR199W,0,-6.411894,0.0857672169804573,0.7870000004768372,0.8389000296592712
YNL072W,YNL047C,0,-6.4120226,0.08575787395238876,0.7870000004768372,0.8389999866485596
YBR215W,YDR377W,0,-6.412236,0.08574853092432022,0.7870000004768372,0.8391000032424927
YJL050W,YJL121C,0,-6.412422,0.08573918789625168,0.7870000004768372,0.8392000198364258
YGR225W,YDL044C,0,-6.4126225,0.08572984486818314,0.7870000004768372,0.8392999768257141
YLL002W,YCL010C,1,-6.4126368,0.08582942932844162,0.7879999876022339,0.8392999768257141
YGR227W,YBR273C,0,-6.4129367,0.08582008630037308,0.7879999876022339,0.8393999934196472
YDR377W,YBR086C,0,-6.413093,0.08581073582172394,0.7879999876022339,0.8395000100135803
YJL115W,YCR020C-A,1,-6.413848,0.08591027557849884,0.7889999747276306,0.8395000100135803
YOR034C,YGR002C,1,-6.4141006,0.08600980043411255,0.7900000214576721,0.8395000100135803
YPR164W,YKR007W,0,-6.414263,0.08600043505430222,0.7900000214576721,0.8396000266075134
YMR247C,YPL151C,0,-6.414276,0.08599107712507248,0.7900000214576721,0.8396999835968018
YGR230W,YML031W,0,-6.4148936,0.08598171174526215,0.7900000214576721,0.8398000001907349
YLR405W,YGR119C,0,-6.414954,0.085972361266613,0.7900000214576721,0.839900016784668
YER068W,YCL067C,0,-6.4151444,0.08596300333738327,0.7900000214576721,0.8399999737739563
YML051W,YML031W,0,-6.415324,0.08595365285873413,0.7900000214576721,0.8400999903678894
YDR489W,YOR116C,0,-6.41539,0.08594430238008499,0.7900000214576721,0.8402000069618225
YDR175C,YJR097W,0,-6.4158196,0.08593495190143585,0.7900000214576721,0.8403000235557556
YLR176C,YDR359C,0,-6.415944,0.08592560142278671,0.7900000214576721,0.840399980545044
YEL013W,YIR002C,0,-6.4161,0.08591625839471817,0.7900000214576721,0.840499997138977
YOR034C,YDR145W,1,-6.4161963,0.08601565659046173,0.7910000085830688,0.840499997138977
YOR008C,YDR422C,0,-6.416198,0.08600630611181259,0.7910000085830688,0.8406000137329102
YLR028C,YDL207W,0,-6.4162626,0.08599695563316345,0.7910000085830688,0.8406999707221985
YER021W,YHR142W,0,-6.4166965,0.08598760515451431,0.7910000085830688,0.8407999873161316
YDR448W,YCR020C-A,1,-6.4178433,0.08608695864677429,0.7919999957084656,0.8407999873161316
YPL069C,YOR094W,0,-6.4188066,0.08607760071754456,0.7919999957084656,0.8409000039100647
YKR053C,YBR023C,0,-6.419447,0.08606824278831482,0.7919999957084656,0.8410000205039978
YJL053W,YFL059W,0,-6.4194617,0.08605889230966568,0.7919999957084656,0.8410999774932861
YNL209W,YLR100W,0,-6.419713,0.08604954183101654,0.7919999957084656,0.8411999940872192
YDR419W,YJL034W,0,-6.420959,0.086040198802948,0.7919999957084656,0.8413000106811523
YGL054C,YKL189W,0,-6.4215527,0.08603084832429886,0.7919999957084656,0.8414000272750854
YJR110W,YOL055C,0,-6.423072,0.08602150529623032,0.7919999957084656,0.8414999842643738
YKR009C,YER171W,0,-6.4232173,0.08601216226816177,0.7919999957084656,0.8416000008583069
YDR259C,YJL006C,0,-6.423587,0.08600282669067383,0.7919999957084656,0.84170001745224
YAL035W,YDR447C,0,-6.423745,0.08599348366260529,0.7919999957084656,0.8417999744415283
YCL044C,YDR151C,0,-6.42391,0.08598414808511734,0.7919999957084656,0.8418999910354614
YPL244C,YHR085W,0,-6.424101,0.0859748125076294,0.7919999957084656,0.8420000076293945
YIL044C,YPL193W,0,-6.4243183,0.08596548438072205,0.7919999957084656,0.8421000242233276
YHR161C,YDR162C,0,-6.424369,0.0859561562538147,0.7919999957084656,0.842199981212616
YIR041W,YKL196C,0,-6.4244723,0.08594682812690735,0.7919999957084656,0.8422999978065491
YIL122W,YNL216W,0,-6.425281,0.0859375,0.7919999957084656,0.8424000144004822
YCR020C-A,YOL110W,1,-6.4268246,0.08603667467832565,0.7929999828338623,0.8424000144004822
YER061C,YJL060W,0,-6.4270515,0.08602733910083771,0.7929999828338623,0.8424999713897705
YJL179W,YGR162W,0,-6.427078,0.08601800352334976,0.7929999828338623,0.8425999879837036
YDR172W,YGL195W,0,-6.427272,0.08600867539644241,0.7929999828338623,0.8427000045776367
YKL005C,YER154W,0,-6.4278936,0.08599934726953506,0.7929999828338623,0.8428000211715698
YDR251W,YDR276C,0,-6.428299,0.08599002659320831,0.7929999828338623,0.8428999781608582
YJL081C,YOR034C,1,-6.429243,0.086089126765728,0.7940000295639038,0.8428999781608582
YNL103W,YJL110C,0,-6.4296484,0.08607979118824005,0.7940000295639038,0.8429999947547913
YOL110W,YGR002C,1,-6.430195,0.08617886155843735,0.7950000166893005,0.8429999947547913
YFL050C,YML102W,0,-6.430209,0.0861695185303688,0.7950000166893005,0.8431000113487244
YGL254W,YDR298C,0,-6.430599,0.08616018295288086,0.7950000166893005,0.8432000279426575
YBR253W,YKR065C,0,-6.4306345,0.08615084737539291,0.7950000166893005,0.8432999849319458
YMR104C,YDL145C,0,-6.430663,0.08614151179790497,0.7950000166893005,0.8434000015258789
YLR130C,YJL164C,0,-6.430866,0.08613217622041702,0.7950000166893005,0.843500018119812
YNR034W,YEL018W,0,-6.430949,0.08612284809350967,0.7950000166893005,0.8435999751091003
YMR267W,YLR298C,0,-6.4311285,0.08611351996660233,0.7950000166893005,0.8436999917030334
YLR304C,YJL034W,0,-6.431317,0.08610419183969498,0.7950000166893005,0.8438000082969666
YIL147C,YML110C,0,-6.4317026,0.08609486371278763,0.7950000166893005,0.8439000248908997
YGL096W,YLR008C,0,-6.4318147,0.08608554303646088,0.7950000166893005,0.843999981880188
YMR302C,YLR453C,0,-6.431817,0.08607622236013412,0.7950000166893005,0.8440999984741211
YER100W,YLR330W,0,-6.432125,0.08606690168380737,0.7950000166893005,0.8442000150680542
YGR227W,YNL233W,0,-6.4326963,0.08605758845806122,0.7950000166893005,0.8442999720573425
YBR081C,YDR145W,1,-6.4327617,0.08615650981664658,0.7960000038146973,0.8442999720573425
YPR051W,YJL115W,1,-6.4328938,0.08625540882349014,0.796999990940094,0.8442999720573425
YGL084C,YLR005W,0,-6.433097,0.0862460806965828,0.796999990940094,0.8443999886512756
YGR014W,YOR008C,0,-6.4332967,0.08623674511909485,0.796999990940094,0.8445000052452087
YGL187C,YBR273C,0,-6.4337497,0.0862274169921875,0.796999990940094,0.8446000218391418
YBL050W,YNL262W,0,-6.433809,0.08621808886528015,0.796999990940094,0.8446999788284302
YDL093W,YML057W,0,-6.4338737,0.0862087607383728,0.796999990940094,0.8447999954223633
YMR314W,YMR083W,0,-6.4341836,0.08619944006204605,0.796999990940094,0.8449000120162964
YKL135C,YLR409C,0,-6.434657,0.0861901193857193,0.796999990940094,0.8450000286102295
YJL062W,YDL225W,0,-6.434942,0.08618079870939255,0.796999990940094,0.8450999855995178
YNL326C,YOR253W,1,-6.435109,0.08627960085868835,0.7979999780654907,0.8450999855995178
YPL190C,YJR010C-A,0,-6.4352207,0.086270272731781,0.7979999780654907,0.8452000021934509
YOR123C,YDR320C,0,-6.435226,0.08626094460487366,0.7979999780654907,0.845300018787384
YBR228W,YLR275W,0,-6.4354343,0.0862516239285469,0.7979999780654907,0.8453999757766724
YGR238C,YKL040C,0,-6.436474,0.08624230325222015,0.7979999780654907,0.8454999923706055
YLR330W,YLR398C,0,-6.4367037,0.0862329825758934,0.7979999780654907,0.8456000089645386
YIL076W,YOR301W,0,-6.4368486,0.08622366189956665,0.7979999780654907,0.8457000255584717
YBL006C,YPL178W,0,-6.4371367,0.0862143486738205,0.7979999780654907,0.84579998254776
YOR207C,YHR194W,0,-6.43717,0.08620503544807434,0.7979999780654907,0.8458999991416931
YDR411C,YHR081W,0,-6.437447,0.08619572222232819,0.7979999780654907,0.8460000157356262
YGL187C,YGL003C,0,-6.4379587,0.08618641644716263,0.7979999780654907,0.8460999727249146
YFL039C,YPL001W,1,-6.4382396,0.08628509938716888,0.7990000247955322,0.8460999727249146
YLR028C,YBL042C,0,-6.438647,0.08627577871084213,0.7990000247955322,0.8461999893188477
YPL213W,YLR043C,0,-6.4392242,0.08626646548509598,0.7990000247955322,0.8463000059127808
YPL145C,YOR259C,0,-6.4393826,0.08625715225934982,0.7990000247955322,0.8464000225067139
YCR091W,YLR117C,0,-6.4395676,0.08624783903360367,0.7990000247955322,0.8464999794960022
YBR253W,YMR203W,0,-6.4403553,0.08623853325843811,0.7990000247955322,0.8465999960899353
YHL048W,YIL103W,0,-6.440464,0.08622922748327255,0.7990000247955322,0.8467000126838684
YBL052C,YGR252W,1,-6.4405847,0.08632782846689224,0.800000011920929,0.8467000126838684
YOR023C,YGL112C,1,-6.4406953,0.08642641454935074,0.8009999990463257,0.8467000126838684
YDL006W,YPL161C,0,-6.4417734,0.08641708642244339,0.8009999990463257,0.8468000292778015
YER008C,YOR085W,0,-6.4420977,0.08640776574611664,0.8009999990463257,0.8468999862670898
YNL116W,YPL063W,0,-6.4421353,0.08639844506978989,0.8009999990463257,0.847000002861023
YNL101W,YBR077C,0,-6.442233,0.08638913184404373,0.8009999990463257,0.847100019454956
YKL007W,YJL004C,0,-6.4423776,0.08637981116771698,0.8009999990463257,0.8471999764442444
YPR019W,YNL041C,0,-6.4425507,0.08637049794197083,0.8009999990463257,0.8472999930381775
YNL073W,YGR247W,0,-6.442569,0.08636118471622467,0.8009999990463257,0.8474000096321106
YMR208W,YNL030W,0,-6.442663,0.08635187894105911,0.8009999990463257,0.8475000262260437
YLR167W,YJR103W,0,-6.442766,0.08634256571531296,0.8009999990463257,0.847599983215332
YGR024C,YDR214W,0,-6.443112,0.0863332599401474,0.8009999990463257,0.8476999998092651
YMR268C,YDR148C,0,-6.4434967,0.08632395416498184,0.8009999990463257,0.8478000164031982
YGL044C,YDR172W,0,-6.4435534,0.08631465584039688,0.8009999990463257,0.8478999733924866
YGR239C,YHL019C,0,-6.4435873,0.08630535751581192,0.8009999990463257,0.8479999899864197
YDR016C,YIL019W,0,-6.443635,0.08629605919122696,0.8009999990463257,0.8481000065803528
YHR190W,YEL034W,0,-6.4440346,0.086286760866642,0.8009999990463257,0.8482000231742859
YKL149C,YPL204W,0,-6.444576,0.08627746999263763,0.8009999990463257,0.8482999801635742
YAL031C,YMR116C,0,-6.445153,0.08626817166805267,0.8009999990463257,0.8483999967575073
YLR231C,YPL075W,0,-6.4453173,0.08625888079404831,0.8009999990463257,0.8485000133514404
YOR094W,YGL098W,0,-6.445395,0.08624959737062454,0.8009999990463257,0.8485999703407288
YDL013W,YDR028C,0,-6.4454036,0.08624030649662018,0.8009999990463257,0.8486999869346619
YGL254W,YLR025W,0,-6.445405,0.08623102307319641,0.8009999990463257,0.848800003528595
YBR221C,YPR105C,0,-6.44552,0.08622174710035324,0.8009999990463257,0.8489000201225281
YPL259C,YMR096W,0,-6.4457664,0.08621246367692947,0.8009999990463257,0.8489999771118164
YPL036W,YLR022C,0,-6.4461203,0.0862031877040863,0.8009999990463257,0.8490999937057495
YHR021C,YLR221C,0,-6.4461565,0.08619391173124313,0.8009999990463257,0.8492000102996826
YIL149C,YGR192C,0,-6.4463596,0.08618463575839996,0.8009999990463257,0.8493000268936157
YLR304C,YPR167C,0,-6.4466295,0.0861753597855568,0.8009999990463257,0.849399983882904
YCL029C,YJR001W,0,-6.4468374,0.08616609126329422,0.8009999990463257,0.8495000004768372
YNL160W,YNL099C,0,-6.4475203,0.08615682274103165,0.8009999990463257,0.8496000170707703
YPL010W,YKL058W,0,-6.44759,0.08614756166934967,0.8009999990463257,0.8496999740600586
YBR273C,YDR062W,0,-6.447632,0.0861382931470871,0.8009999990463257,0.8497999906539917
YAR008W,YCR083W,0,-6.4476886,0.08612903207540512,0.8009999990463257,0.8499000072479248
YCR020C-A,YGR002C,1,-6.4479733,0.08622729033231735,0.8019999861717224,0.8499000072479248
YOL051W,YPL140C,0,-6.4480934,0.08621801435947418,0.8019999861717224,0.8500000238418579
YFR048W,YOR182C,0,-6.4486146,0.0862087532877922,0.8019999861717224,0.8500999808311462
YGR156W,YKL170W,0,-6.4486413,0.08619948476552963,0.8019999861717224,0.8501999974250793
YDR439W,YDR440W,0,-6.4487743,0.08619022369384766,0.8019999861717224,0.8503000140190125
YLR431C,YJL127C,0,-6.44904,0.08618095517158508,0.8019999861717224,0.8503999710083008
YDR435C,YNL248C,0,-6.4504013,0.0861717015504837,0.8019999861717224,0.8504999876022339
YOL088C,YIR002C,0,-6.4505167,0.08616244047880173,0.8019999861717224,0.850600004196167
YBL040C,YNL139C,0,-6.450539,0.08615318685770035,0.8019999861717224,0.8507000207901001
YOL109W,YML004C,0,-6.4508324,0.08614393323659897,0.8019999861717224,0.8507999777793884
YMR026C,YMR283C,0,-6.4508533,0.08613467961549759,0.8019999861717224,0.8508999943733215
YLR117C,YNL258C,0,-6.4508724,0.08612542599439621,0.8019999861717224,0.8510000109672546
YGR156W,YGR086C,0,-6.4514656,0.08611617982387543,0.8019999861717224,0.8511000275611877
YMR237W,YLR362W,0,-6.4516535,0.08610693365335464,0.8019999861717224,0.8511999845504761
YDL033C,YBL040C,0,-6.451949,0.08609769493341446,0.8019999861717224,0.8513000011444092
YDR297W,YDR246W,0,-6.4525547,0.08608844876289368,0.8019999861717224,0.8514000177383423
YER017C,YML114C,0,-6.4533615,0.08607921004295349,0.8019999861717224,0.8514999747276306
YOR123C,YDR443C,0,-6.453721,0.0860699713230133,0.8019999861717224,0.8515999913215637
YDR436W,YOR095C,0,-6.4538507,0.08606073260307312,0.8019999861717224,0.8517000079154968
YPR093C,YIL068C,0,-6.4541035,0.08605150133371353,0.8019999861717224,0.8518000245094299
YLR313C,YNR016C,0,-6.454173,0.08604227006435394,0.8019999861717224,0.8518999814987183
YMR035W,YEL017C-A,0,-6.454852,0.08603303879499435,0.8019999861717224,0.8519999980926514
YOR034C,YGL066W,1,-6.4549274,0.08613107353448868,0.8029999732971191,0.8519999980926514
YPR094W,YMR255W,0,-6.4558253,0.08612183481454849,0.8029999732971191,0.8521000146865845
YLR028C,YNR006W,0,-6.4558816,0.0861126035451889,0.8029999732971191,0.8521999716758728
YMR183C,YDL188C,0,-6.456071,0.08610336482524872,0.8029999732971191,0.8522999882698059
YLR134W,YMR081C,0,-6.4561553,0.08609413355588913,0.8029999732971191,0.852400004863739
YDR037W,YDR238C,0,-6.4563427,0.08608490228652954,0.8029999732971191,0.8525000214576721
YLR165C,YFL021W,0,-6.45704,0.08607567846775055,0.8029999732971191,0.8525999784469604
YER027C,YOR388C,0,-6.457499,0.08606645464897156,0.8029999732971191,0.8526999950408936
YCL025C,YLR431C,0,-6.457699,0.08605723083019257,0.8029999732971191,0.8528000116348267
YNL230C,YBL040C,0,-6.458238,0.08604800701141357,0.8029999732971191,0.8529000282287598
YPL083C,YOR355W,0,-6.4583664,0.08603879064321518,0.8029999732971191,0.8529999852180481
YPR083W,YLL027W,0,-6.4585114,0.08602956682443619,0.8029999732971191,0.8531000018119812
YHR060W,YFR047C,0,-6.458535,0.08602035045623779,0.8029999732971191,0.8532000184059143
YCL010C,YDR392W,1,-6.4587994,0.08611825108528137,0.8040000200271606,0.8532000184059143
YJR110W,YPR105C,0,-6.4591455,0.08610902726650238,0.8040000200271606,0.8532999753952026
YGR221C,YML129C,0,-6.459298,0.08609981089830399,0.8040000200271606,0.8533999919891357
YMR255W,YNL218W,0,-6.459572,0.086090587079525,0.8040000200271606,0.8535000085830688
YIL122W,YKR057W,0,-6.459863,0.0860813707113266,0.8040000200271606,0.853600025177002
YKL016C,YBR293W,0,-6.4599695,0.0860721543431282,0.8040000200271606,0.8536999821662903
YPL053C,YGR192C,0,-6.460199,0.08606293797492981,0.8040000200271606,0.8537999987602234
YBR245C,YBL005W,0,-6.460293,0.08605372905731201,0.8040000200271606,0.8539000153541565
YMR284W,YJL154C,0,-6.460397,0.08604452013969421,0.8040000200271606,0.8539999723434448
YJR105W,YJL157C,0,-6.4608335,0.08603531122207642,0.8040000200271606,0.8540999889373779
YOR256C,YJL121C,0,-6.4610248,0.08602610975503922,0.8040000200271606,0.854200005531311
YKL191W,YOR275C,0,-6.461334,0.08601690083742142,0.8040000200271606,0.8543000221252441
YPL155C,YGL087C,0,-6.4616466,0.08600769937038422,0.8040000200271606,0.8543999791145325
YLR453C,YCL043C,0,-6.461744,0.08599850535392761,0.8040000200271606,0.8544999957084656
YPL083C,YKL042W,0,-6.4620805,0.08598930388689041,0.8040000200271606,0.8546000123023987
YGR253C,YKR026C,0,-6.462409,0.08598010987043381,0.8040000200271606,0.8547000288963318
YMR322C,YBR171W,0,-6.4627595,0.0859709158539772,0.8040000200271606,0.8547999858856201
YJR044C,YGL216W,0,-6.4633427,0.0859617218375206,0.8040000200271606,0.8549000024795532
YOR150W,YMR229C,0,-6.4642735,0.08595253527164459,0.8040000200271606,0.8550000190734863
YNL272C,YGR209C,0,-6.4648266,0.08594334870576859,0.8040000200271606,0.8550999760627747
YDR529C,YGL012W,0,-6.4649057,0.08593416213989258,0.8040000200271606,0.8551999926567078
YDL097C,YLR023C,0,-6.464933,0.08592497557401657,0.8040000200271606,0.8553000092506409
YNL206C,YIL085C,0,-6.465002,0.08591579645872116,0.8040000200271606,0.855400025844574
YDR490C,YDL126C,0,-6.465166,0.08590661734342575,0.8040000200271606,0.8554999828338623
YJR102C,YOR126C,0,-6.465454,0.08589743822813034,0.8040000200271606,0.8555999994277954
YIL153W,YBL024W,0,-6.4670696,0.08588825911283493,0.8040000200271606,0.8557000160217285
YHL027W,YNL054W,0,-6.4687757,0.08587908744812012,0.8040000200271606,0.8557999730110168
YJL110C,YMR106C,0,-6.4687986,0.0858699157834053,0.8040000200271606,0.85589998960495
YGR157W,YCR018C,0,-6.469684,0.08586074411869049,0.8040000200271606,0.8560000061988831
YIL037C,YOL135C,0,-6.469936,0.08585157245397568,0.8040000200271606,0.8561000227928162
YLL002W,YGL112C,1,-6.470769,0.08594917505979538,0.8050000071525574,0.8561000227928162
YPL096W,YBR202W,0,-6.4718294,0.08594000339508057,0.8050000071525574,0.8561999797821045
YLR451W,YGR123C,0,-6.4718766,0.08593083173036575,0.8050000071525574,0.8562999963760376
YGL257C,YML058W,0,-6.4720974,0.08592166006565094,0.8050000071525574,0.8564000129699707
YLL022C,YOR034C,1,-6.472312,0.08601921051740646,0.8059999942779541,0.8564000129699707
YPL212C,YLR347C,0,-6.4723625,0.08601003140211105,0.8059999942779541,0.8565000295639038
YDL084W,YJL071W,0,-6.4724073,0.08600085228681564,0.8059999942779541,0.8565999865531921
YJR127C,YJL145W,0,-6.472728,0.08599168062210083,0.8059999942779541,0.8567000031471252
YLR371W,YMR311C,0,-6.472807,0.08598250150680542,0.8059999942779541,0.8568000197410583
YGL130W,YJL187C,0,-6.4728208,0.0859733298420906,0.8059999942779541,0.8568999767303467
YKL043W,YDR434W,0,-6.4733353,0.08596416562795639,0.8059999942779541,0.8569999933242798
YML121W,YNL009W,0,-6.4738326,0.08595499396324158,0.8059999942779541,0.8571000099182129
YJR086W,YGR077C,0,-6.474108,0.08594582974910736,0.8059999942779541,0.857200026512146
YDR437W,YDR386W,0,-6.4742823,0.08593666553497314,0.8059999942779541,0.8572999835014343
YOL066C,YKL043W,0,-6.4747753,0.08592750877141953,0.8059999942779541,0.8574000000953674
YNL256W,YNL068C,0,-6.47486,0.08591834455728531,0.8059999942779541,0.8575000166893005
YOL012C,YJL121C,0,-6.475018,0.08590918779373169,0.8059999942779541,0.8575999736785889
YMR225C,YDL190C,0,-6.4753485,0.08590003103017807,0.8059999942779541,0.857699990272522
YMR314W,YGR047C,0,-6.4754934,0.08589088171720505,0.8059999942779541,0.8578000068664551
YKR007W,YPR155C,0,-6.4757185,0.08588172495365143,0.8059999942779541,0.8579000234603882
YMR137C,YLR007W,0,-6.4759564,0.0858725756406784,0.8059999942779541,0.8579999804496765
YDR448W,YDL040C,1,-6.47658,0.0859699547290802,0.8069999814033508,0.8579999804496765
YBL082C,YLR354C,0,-6.476655,0.08596079796552658,0.8069999814033508,0.8580999970436096
YJL081C,YGL066W,1,-6.477003,0.08605815470218658,0.8080000281333923,0.8580999970436096
YMR128W,YJL104W,0,-6.477032,0.08604899048805237,0.8080000281333923,0.8582000136375427
YNL259C,YPL106C,0,-6.477148,0.08603982627391815,0.8080000281333923,0.858299970626831
YMR013C,YGL003C,0,-6.4773645,0.08603066205978394,0.8080000281333923,0.8583999872207642
YPL087W,YPL164C,0,-6.4773936,0.08602150529623032,0.8080000281333923,0.8585000038146973
YLL026W,YJL104W,0,-6.47752,0.0860123485326767,0.8080000281333923,0.8586000204086304
YNL326C,YOL148C,1,-6.4778547,0.08610963076353073,0.8090000152587891,0.8586000204086304
YDR270W,YPL063W,0,-6.478092,0.08610046654939651,0.8090000152587891,0.8586999773979187
YDR055W,YGL162W,0,-6.4783716,0.0860913023352623,0.8090000152587891,0.8587999939918518
YCR048W,YPR009W,0,-6.478487,0.08608214557170868,0.8090000152587891,0.8589000105857849
YBR015C,YNL055C,0,-6.47859,0.08607298880815506,0.8090000152587891,0.859000027179718
YDR021W,YLL036C,0,-6.4787254,0.08606383204460144,0.8090000152587891,0.8590999841690063
YDL022W,YGL223C,0,-6.4792957,0.08605467528104782,0.8090000152587891,0.8592000007629395
YDL007W,YMR150C,0,-6.479537,0.0860455185174942,0.8090000152587891,0.8593000173568726
YLL036C,YJL033W,0,-6.4798007,0.08603636920452118,0.8090000152587891,0.8593999743461609
YMR056C,YKR022C,0,-6.4798994,0.08602721989154816,0.8090000152587891,0.859499990940094
YDL225W,YML124C,0,-6.480779,0.08601807802915573,0.8090000152587891,0.8596000075340271
YAR002C-A,YLR172C,0,-6.481033,0.08600892871618271,0.8090000152587891,0.8597000241279602
YDL116W,YJL117W,0,-6.481443,0.08599978685379028,0.8090000152587891,0.8597999811172485
YDR311W,YLR298C,0,-6.4816794,0.08599064499139786,0.8090000152587891,0.8598999977111816
YBR084W,YDL040C,1,-6.4818316,0.08608778566122055,0.8100000023841858,0.8598999977111816
YJL062W,YOL113W,0,-6.481862,0.08607863634824753,0.8100000023841858,0.8600000143051147
YER019W,YMR146C,0,-6.4819202,0.0860694944858551,0.8100000023841858,0.8600999712944031
YCR088W,YGR003W,0,-6.4820056,0.08606034517288208,0.8100000023841858,0.8601999878883362
YGL084C,YPL266W,0,-6.4820733,0.08605120331048965,0.8100000023841858,0.8603000044822693
YAL042W,YDR028C,0,-6.4832163,0.08604206144809723,0.8100000023841858,0.8604000210762024
YLR033W,YKR083C,0,-6.483572,0.0860329270362854,0.8100000023841858,0.8604999780654907
YDL231C,YKR020W,0,-6.4836836,0.08602379262447357,0.8100000023841858,0.8605999946594238
YKR060W,YJR021C,0,-6.484352,0.08601465076208115,0.8100000023841858,0.8607000112533569
YBR059C,YMR267W,0,-6.4847355,0.08600552380084991,0.8100000023841858,0.86080002784729
YLR382C,YFR003C,0,-6.4859114,0.08599638938903809,0.8100000023841858,0.8608999848365784
YER116C,YKL040C,0,-6.4862165,0.08598726242780685,0.8100000023841858,0.8610000014305115
YJL178C,YDR372C,0,-6.486759,0.08597813546657562,0.8100000023841858,0.8611000180244446
YDR264C,YCR020C-A,1,-6.488466,0.08607514202594757,0.8109999895095825,0.8611000180244446
YKL014C,YPL239W,0,-6.4889054,0.08606600761413574,0.8109999895095825,0.8611999750137329
YPL053C,YDL195W,0,-6.489051,0.08605687320232391,0.8109999895095825,0.861299991607666
YPR033C,YCR082W,0,-6.4891176,0.08604774624109268,0.8109999895095825,0.8614000082015991
YNR044W,YJL166W,0,-6.4897413,0.08603861927986145,0.8109999895095825,0.8615000247955322
YPR083W,YGR104C,0,-6.4897947,0.08602949231863022,0.8109999895095825,0.8615999817848206
YOR249C,YOR115C,0,-6.4906225,0.08602036535739899,0.8109999895095825,0.8616999983787537
YJR102C,YOR377W,0,-6.4909344,0.08601123839616776,0.8109999895095825,0.8618000149726868
YFR008W,YJL208C,0,-6.4919963,0.08600211888551712,0.8109999895095825,0.8618999719619751
YGL054C,YMR044W,0,-6.492901,0.08599299937486649,0.8109999895095825,0.8619999885559082
YML004C,YDR485C,0,-6.4935584,0.08598388731479645,0.8109999895095825,0.8621000051498413
YLR342W,YML126C,0,-6.493866,0.08597476780414581,0.8109999895095825,0.8622000217437744
YMR068W,YLR293C,0,-6.4944534,0.08596565574407578,0.8109999895095825,0.8622999787330627
YPL149W,YNL218W,0,-6.4946246,0.08595654368400574,0.8109999895095825,0.8623999953269958
YLL009C,YDR400W,0,-6.4947557,0.0859474390745163,0.8109999895095825,0.862500011920929
YNL121C,YLR409C,0,-6.4952903,0.08593832701444626,0.8109999895095825,0.8626000285148621
YPL100W,YLL021W,0,-6.4953575,0.08592922240495682,0.8109999895095825,0.8626999855041504
YBR073W,YGR003W,0,-6.4955816,0.08592011779546738,0.8109999895095825,0.8628000020980835
YCR094W,YOR136W,0,-6.4958363,0.08591102063655853,0.8109999895095825,0.8629000186920166
YDL235C,YDR205W,0,-6.495871,0.08590191602706909,0.8109999895095825,0.8629999756813049
YLR372W,YPL240C,0,-6.4958806,0.08589281886816025,0.8109999895095825,0.863099992275238
YIL142W,YPL119C,0,-6.4960785,0.0858837217092514,0.8109999895095825,0.8632000088691711
YOR315W,YBR035C,0,-6.496151,0.08587463200092316,0.8109999895095825,0.8633000254631042
YBR055C,YOL094C,0,-6.4963956,0.08586553484201431,0.8109999895095825,0.8633999824523926
YML129C,YCR044C,0,-6.496875,0.08585644513368607,0.8109999895095825,0.8634999990463257
YEL066W,YGL066W,1,-6.4969225,0.08595321327447891,0.8119999766349792,0.8634999990463257
YOR249C,YDR129C,0,-6.49712,0.08594411611557007,0.8119999766349792,0.8636000156402588
YJL170C,YPL078C,0,-6.4972544,0.08593501895666122,0.8119999766349792,0.8636999726295471
YMR322C,YCR031C,0,-6.4976788,0.08592592924833298,0.8119999766349792,0.8637999892234802
YFR051C,YMR156C,0,-6.497694,0.08591683208942413,0.8119999766349792,0.8639000058174133
YGR229C,YBL090W,0,-6.497838,0.08590774238109589,0.8119999766349792,0.8640000224113464
YOR057W,YPL065W,0,-6.498046,0.08589866012334824,0.8119999766349792,0.8640999794006348
YJL208C,YGL136C,0,-6.4982395,0.08588957041501999,0.8119999766349792,0.8641999959945679
YDR077W,YOL142W,0,-6.498316,0.08588048815727234,0.8119999766349792,0.864300012588501
YER009W,YPL085W,0,-6.498607,0.08587140589952469,0.8119999766349792,0.8644000291824341
YNL232W,YBR142W,0,-6.499034,0.08586232364177704,0.8119999766349792,0.8644999861717224
YPL212C,YOR085W,0,-6.4993925,0.08585324883460999,0.8119999766349792,0.8646000027656555
YBR192W,YGR083C,0,-6.499511,0.08584416657686234,0.8119999766349792,0.8647000193595886
YPL155C,YNL270C,0,-6.4996386,0.08583509176969528,0.8119999766349792,0.864799976348877
YOL146W,YGR248W,0,-6.4998484,0.08582602441310883,0.8119999766349792,0.8648999929428101
YLR397C,YNR032W,0,-6.5003533,0.08581694960594177,0.8119999766349792,0.8650000095367432
YEL053C,YLL022C,1,-6.5005965,0.08591356128454208,0.8130000233650208,0.8650000095367432
YPL262W,YML010W,0,-6.5009947,0.08590447902679443,0.8130000233650208,0.8651000261306763
YKL022C,YER027C,0,-6.501105,0.08589540421962738,0.8130000233650208,0.8651999831199646
YGR003W,YFL034C-B,0,-6.5011654,0.08588632941246033,0.8130000233650208,0.8652999997138977
YOR145C,YMR089C,0,-6.5019464,0.08587725460529327,0.8130000233650208,0.8654000163078308
YCR020C-A,YGR252W,1,-6.5026937,0.08597380667924881,0.8140000104904175,0.8654000163078308
YDR353W,YBL090W,0,-6.502796,0.08596472442150116,0.8140000104904175,0.8654999732971191
YDR463W,YPL255W,0,-6.5032988,0.0859556496143341,0.8140000104904175,0.8655999898910522
YNR039C,YPL137C,0,-6.5035143,0.08594657480716705,0.8140000104904175,0.8657000064849854
YOL066C,YKL188C,0,-6.5048027,0.0859375,0.8140000104904175,0.8658000230789185
YOL144W,YML023C,0,-6.50481,0.08592842519283295,0.8140000104904175,0.8658999800682068
YOR079C,YGR195W,0,-6.50494,0.08591935783624649,0.8140000104904175,0.8659999966621399
YHR068W,YBR077C,0,-6.505607,0.08591029047966003,0.8140000104904175,0.866100013256073
YMR077C,YBL047C,0,-6.5056925,0.08590122312307358,0.8140000104904175,0.8661999702453613
YKL005C,YGL084C,0,-6.50574,0.08589216321706772,0.8140000104904175,0.8662999868392944
YHR050W,YHR148W,0,-6.5058026,0.08588309586048126,0.8140000104904175,0.8664000034332275
YJL140W,YOR117W,0,-6.5058737,0.0858740359544754,0.8140000104904175,0.8665000200271606
YDR365C,YJR073C,0,-6.506437,0.08586497604846954,0.8140000104904175,0.866599977016449
YER089C,YER016W,0,-6.5074573,0.08585592359304428,0.8140000104904175,0.8666999936103821
YHR169W,YMR260C,0,-6.5076423,0.08584687113761902,0.8140000104904175,0.8668000102043152
YAL022C,YDR158W,0,-6.5076523,0.08583781868219376,0.8140000104904175,0.8669000267982483
YPL214C,YBR167C,0,-6.5078893,0.0858287662267685,0.8140000104904175,0.8669999837875366
YML006C,YHR096C,0,-6.5080914,0.08581971377134323,0.8140000104904175,0.8671000003814697
YOR064C,YGL066W,1,-6.508114,0.08591608703136444,0.8149999976158142,0.8671000003814697
YGL054C,YPR104C,0,-6.5084,0.08590702712535858,0.8149999976158142,0.8672000169754028
YOL001W,YFL048C,0,-6.5085526,0.08589797466993332,0.8149999976158142,0.8672999739646912
YBL030C,YBR082C,0,-6.5085745,0.08588892221450806,0.8149999976158142,0.8673999905586243
YJL164C,YNR006W,0,-6.5087657,0.08587987720966339,0.8149999976158142,0.8675000071525574
YKL040C,YFR005C,0,-6.509138,0.08587082475423813,0.8149999976158142,0.8676000237464905
YGL012W,YLR380W,0,-6.5100536,0.08586177974939346,0.8149999976158142,0.8676999807357788
YGR094W,YFR037C,0,-6.510114,0.0858527347445488,0.8149999976158142,0.8677999973297119
YDR264C,YLL022C,1,-6.5106163,0.08594901859760284,0.8159999847412109,0.8677999973297119
YPL213W,YDL100C,0,-6.5111647,0.08593996614217758,0.8159999847412109,0.867900013923645
YKL021C,YIL142W,0,-6.5112906,0.08593092113733292,0.8159999847412109,0.8679999709129333
YIL118W,YMR156C,0,-6.511382,0.08592186868190765,0.8159999847412109,0.8680999875068665
YDR264C,YLR195C,1,-6.512369,0.08601810783147812,0.8169999718666077,0.8680999875068665
YMR056C,YGR267C,0,-6.5127325,0.08600905537605286,0.8169999718666077,0.8682000041007996
YLL003W,YML097C,0,-6.512842,0.0860000029206276,0.8169999718666077,0.8683000206947327
YJR013W,YPL010W,0,-6.513036,0.08599095046520233,0.8169999718666077,0.868399977684021
YDL190C,YDR054C,0,-6.5133777,0.08598189800977707,0.8169999718666077,0.8684999942779541
YER009W,YOL093W,0,-6.513547,0.0859728530049324,0.8169999718666077,0.8686000108718872
YAL031C,YJL173C,0,-6.5137353,0.08596380800008774,0.8169999718666077,0.8687000274658203
YDL052C,YJL166W,0,-6.5139203,0.08595476299524307,0.8169999718666077,0.8687999844551086
YLL022C,YHR013C,1,-6.5145645,0.08605091273784637,0.8180000185966492,0.8687999844551086
YCR071C,YHR142W,0,-6.5146704,0.08604186028242111,0.8180000185966492,0.8689000010490417
YDR260C,YBR102C,0,-6.514821,0.08603281527757645,0.8180000185966492,0.8690000176429749
YGR231C,YNL251C,0,-6.514969,0.08602377027273178,0.8180000185966492,0.8690999746322632
YOR020C,YGR029W,0,-6.515195,0.08601471781730652,0.8180000185966492,0.8691999912261963
YLR398C,YHR174W,0,-6.515521,0.08600568026304245,0.8180000185966492,0.8693000078201294
YHR204W,YGR191W,0,-6.5159197,0.08599663525819778,0.8180000185966492,0.8694000244140625
YDL097C,YGL045W,0,-6.516178,0.08598759770393372,0.8180000185966492,0.8694999814033508
YOR270C,YBR023C,0,-6.516259,0.08597856014966965,0.8180000185966492,0.8695999979972839
YKL026C,YNR047W,0,-6.51639,0.08596952259540558,0.8180000185966492,0.869700014591217
YJL081C,YGR002C,1,-6.5167565,0.08606557548046112,0.8190000057220459,0.869700014591217
YOL076W,YOR253W,1,-6.5167885,0.08616160601377487,0.8199999928474426,0.869700014591217
YMR284W,YDR156W,0,-6.5171194,0.08615255355834961,0.8199999928474426,0.8697999715805054
YER024W,YDR451C,0,-6.517542,0.08614350110292435,0.8199999928474426,0.8698999881744385
YOL020W,YGL017W,0,-6.517617,0.08613445609807968,0.8199999928474426,0.8700000047683716
YMR026C,YGR078C,0,-6.5176773,0.08612540364265442,0.8199999928474426,0.8701000213623047
YBR221C,YNL309W,0,-6.517693,0.08611635863780975,0.8199999928474426,0.870199978351593
YER021W,YBR213W,0,-6.5177183,0.08610732108354568,0.8199999928474426,0.8702999949455261
YER116C,YPR188C,0,-6.5184937,0.08609827607870102,0.8199999928474426,0.8704000115394592
YAL024C,YNL099C,0,-6.518628,0.08608923852443695,0.8199999928474426,0.8705000281333923
YDR490C,YPL120W,0,-6.51863,0.08608020097017288,0.8199999928474426,0.8705999851226807
YMR224C,YNR057C,0,-6.518693,0.08607116341590881,0.8199999928474426,0.8707000017166138
YPR023C,YHR090C,1,-6.51935,0.08616708964109421,0.8209999799728394,0.8707000017166138
YPL214C,YNL068C,0,-6.5195627,0.08615804463624954,0.8209999799728394,0.8708000183105469
YLL022C,YGL112C,1,-6.519893,0.08625393360853195,0.8220000267028809,0.8708000183105469
YMR309C,YNR057C,0,-6.520091,0.08624488860368729,0.8220000267028809,0.8708999752998352
YGR104C,YPL057C,0,-6.5203404,0.08623583614826202,0.8220000267028809,0.8709999918937683
YML057W,YGR123C,0,-6.520699,0.08622679114341736,0.8220000267028809,0.8711000084877014
YMR208W,YMR083W,0,-6.521145,0.08621774613857269,0.8220000267028809,0.8712000250816345
YER148W,YAL009W,0,-6.5217104,0.08620870113372803,0.8220000267028809,0.8712999820709229
YML038C,YML124C,0,-6.522395,0.08619966357946396,0.8220000267028809,0.871399998664856
YIL021W,YPL084W,0,-6.5230227,0.08619062602519989,0.8220000267028809,0.8715000152587891
YFR037C,YPL271W,0,-6.523132,0.08618158847093582,0.8220000267028809,0.8715999722480774
YKL141W,YER169W,0,-6.5233192,0.08617255836725235,0.8220000267028809,0.8716999888420105
YDR093W,YDR177W,0,-6.5234056,0.08616352081298828,0.8220000267028809,0.8718000054359436
YHR024C,YBL047C,0,-6.5239325,0.08615449070930481,0.8220000267028809,0.8719000220298767
YDR264C,YOR317W,1,-6.52497,0.08625026047229767,0.8230000138282776,0.8719000220298767
YFR041C,YNL166C,0,-6.5253506,0.0862412229180336,0.8230000138282776,0.871999979019165
YAR035W,YJR108W,0,-6.5254908,0.08623218536376953,0.8230000138282776,0.8720999956130981
YLL026W,YHR150W,0,-6.5256157,0.08622315526008606,0.8230000138282776,0.8722000122070312
YGL112C,YGR002C,1,-6.5256395,0.08631888031959534,0.8240000009536743,0.8722000122070312
YJR044C,YOR254C,0,-6.5262604,0.08630983531475067,0.8240000009536743,0.8723000288009644
YKL043W,YNL113W,0,-6.526395,0.0863007977604866,0.8240000009536743,0.8723999857902527
YNL326C,YGR147C,1,-6.526885,0.0863964781165123,0.824999988079071,0.8723999857902527
YPR031W,YLL022C,1,-6.5269356,0.0864921435713768,0.8259999752044678,0.8723999857902527
YJL139C,YBR059C,0,-6.5270576,0.08648309111595154,0.8259999752044678,0.8725000023841858
YPL152W,YKL191W,0,-6.5273514,0.08647403866052628,0.8259999752044678,0.8726000189781189
YDR045C,YNL229C,0,-6.528217,0.08646498620510101,0.8259999752044678,0.8726999759674072
YCR020C-A,YOR064C,1,-6.528329,0.08656059950590134,0.8270000219345093,0.8726999759674072
YGR147C,YLL022C,1,-6.5283737,0.08665619790554047,0.828000009059906,0.8726999759674072
YKL034W,YNR015W,0,-6.528897,0.08664713054895401,0.828000009059906,0.8727999925613403
YJL125C,YFL034C-B,0,-6.5291357,0.08663806319236755,0.828000009059906,0.8729000091552734
YJL178C,YLR449W,0,-6.5296645,0.0866290032863617,0.828000009059906,0.8730000257492065
YER015W,YNL326C,1,-6.530705,0.08672454953193665,0.8289999961853027,0.8730000257492065
YKR028W,YLR016C,0,-6.5310736,0.08671548217535019,0.8289999961853027,0.8730999827384949
YER100W,YHR006W,0,-6.531501,0.08670641481876373,0.8289999961853027,0.873199999332428
YPL001W,YDR145W,1,-6.532352,0.0868019238114357,0.8299999833106995,0.873199999332428
YGL025C,YNL097C,0,-6.532833,0.08679284900426865,0.8299999833106995,0.8733000159263611
YPL085W,YCL004W,0,-6.5329056,0.08678377419710159,0.8299999833106995,0.8733999729156494
YBR257W,YJR019C,0,-6.5331783,0.08677469938993454,0.8299999833106995,0.8734999895095825
YPR067W,YOL097C,0,-6.5343466,0.08676562458276749,0.8299999833106995,0.8736000061035156
YPL218W,YER117W,0,-6.5344563,0.08675655722618103,0.8299999833106995,0.8737000226974487
YPL154C,YDL200C,0,-6.535481,0.08674748986959457,0.8299999833106995,0.8737999796867371
YDL078C,YLL019C,0,-6.5359077,0.08673842251300812,0.8299999833106995,0.8738999962806702
YDR513W,YLR206W,0,-6.5366907,0.08672936260700226,0.8299999833106995,0.8740000128746033
YKL013C,YGL151W,0,-6.536702,0.0867203027009964,0.8299999833106995,0.8741000294685364
YPR041W,YJL012C,0,-6.5367837,0.08671124279499054,0.8299999833106995,0.8741999864578247
YIL021W,YDR228C,0,-6.5367928,0.08670218288898468,0.8299999833106995,0.8743000030517578
YDR096W,YCL029C,0,-6.536811,0.08669313043355942,0.8299999833106995,0.8744000196456909
YDR484W,YDR486C,0,-6.5371203,0.08668407052755356,0.8299999833106995,0.8744999766349792
YBL106C,YDL004W,0,-6.537652,0.0866750180721283,0.8299999833106995,0.8745999932289124
YNL307C,YHR024C,0,-6.5377016,0.08666597306728363,0.8299999833106995,0.8747000098228455
YNL326C,YCR020C-A,1,-6.538011,0.08676132559776306,0.8309999704360962,0.8747000098228455
YCR091W,YPL233W,0,-6.5386333,0.0867522731423378,0.8309999704360962,0.8748000264167786
YHR172W,YNL133C,0,-6.538905,0.08674321323633194,0.8309999704360962,0.8748999834060669
YKL043W,YDR377W,0,-6.539095,0.08673416078090668,0.8309999704360962,0.875
YJL060W,YBR295W,0,-6.539512,0.08672510832548141,0.8309999704360962,0.8751000165939331
YIL120W,YOR178C,0,-6.540472,0.08671606332063675,0.8309999704360962,0.8751999735832214
YEL024W,YLR321C,0,-6.5405664,0.08670701086521149,0.8309999704360962,0.8752999901771545
YDR081C,YDR477W,0,-6.5407124,0.08669796586036682,0.8309999704360962,0.8754000067710876
YLR013W,YIR008C,0,-6.542241,0.08668892085552216,0.8309999704360962,0.8755000233650208
YFL021W,YDR184C,0,-6.5423336,0.08667987585067749,0.8309999704360962,0.8755999803543091
YLL042C,YNL197C,0,-6.5425954,0.08667083829641342,0.8309999704360962,0.8756999969482422
YPL110C,YGR024C,0,-6.542713,0.08666180074214935,0.8309999704360962,0.8758000135421753
YLR033W,YKR087C,0,-6.5430546,0.08665276318788528,0.8309999704360962,0.8758999705314636
YPL218W,YLL003W,0,-6.543212,0.08664372563362122,0.8309999704360962,0.8759999871253967
YCR082W,YKR057W,0,-6.5434484,0.08663469552993774,0.8309999704360962,0.8761000037193298
YMR192W,YOL068C,0,-6.5435963,0.08662566542625427,0.8309999704360962,0.8762000203132629
YCL010C,YCR020C-A,1,-6.5442204,0.08672086894512177,0.8320000171661377,0.8762000203132629
YDR091C,YNR010W,0,-6.544572,0.0867118313908577,0.8320000171661377,0.8762999773025513
YKL004W,YDR202C,0,-6.5446324,0.08670279383659363,0.8320000171661377,0.8763999938964844
YCR012W,YJL025W,0,-6.544838,0.08669375628232956,0.8320000171661377,0.8765000104904175
YMR322C,YOR351C,0,-6.544916,0.08668472617864609,0.8320000171661377,0.8766000270843506
YIL118W,YOL093W,0,-6.545332,0.08667569607496262,0.8320000171661377,0.8766999840736389
YDR022C,YCR027C,0,-6.5453405,0.08666666597127914,0.8320000171661377,0.876800000667572
YJL187C,YGR028W,0,-6.5457916,0.08665764331817627,0.8320000171661377,0.8769000172615051
YML078W,YDL087C,0,-6.5459657,0.0866486132144928,0.8320000171661377,0.8769999742507935
YDR085C,YMR068W,0,-6.546232,0.08663959056138992,0.8320000171661377,0.8770999908447266
YJL042W,YKL017C,0,-6.5465145,0.08663056790828705,0.8320000171661377,0.8772000074386597
YJR127C,YNR034W,0,-6.5465326,0.08662155270576477,0.8320000171661377,0.8773000240325928
YER002W,YDR059C,0,-6.546997,0.08661253750324249,0.8320000171661377,0.8773999810218811
YNR038W,YBR030W,0,-6.5471735,0.08660351485013962,0.8320000171661377,0.8774999976158142
YOL148C,YGR252W,1,-6.5473657,0.08669858425855637,0.8330000042915344,0.8774999976158142
YIL120W,YLR330W,0,-6.5475063,0.08668956160545349,0.8330000042915344,0.8776000142097473
YBR283C,YDR004W,0,-6.5475655,0.08668053895235062,0.8330000042915344,0.8776999711990356
YHR108W,YHR204W,0,-6.550109,0.08667152374982834,0.8330000042915344,0.8777999877929688
YIL021W,YOR327C,0,-6.55015,0.08666250854730606,0.8330000042915344,0.8779000043869019
YMR247C,YAL022C,0,-6.550905,0.08665349334478378,0.8330000042915344,0.878000020980835
YLL022C,YGR252W,1,-6.5515094,0.08674848824739456,0.8339999914169312,0.878000020980835
YMR284W,YML073C,0,-6.5527234,0.08673947304487228,0.8339999914169312,0.8780999779701233
YLL004W,YDR420W,0,-6.552964,0.08673045039176941,0.8339999914169312,0.8781999945640564
YNL016W,YGR123C,0,-6.5533085,0.08672142773866653,0.8339999914169312,0.8783000111579895
YOR322C,YER009W,0,-6.5534124,0.08671241253614426,0.8339999914169312,0.8784000277519226
YLR208W,YML126C,0,-6.5539293,0.08670339733362198,0.8339999914169312,0.8784999847412109
YDR529C,YDL039C,0,-6.5539856,0.0866943895816803,0.8339999914169312,0.878600001335144
YOR245C,YDR451C,0,-6.553999,0.08668537437915802,0.8339999914169312,0.8787000179290771
YOL076W,YDL040C,1,-6.554101,0.08678029477596283,0.8349999785423279,0.8787000179290771
YOR249C,YCR009C,0,-6.5543957,0.08677127957344055,0.8349999785423279,0.8787999749183655
YDR022C,YLL013C,0,-6.555245,0.08676226437091827,0.8349999785423279,0.8788999915122986
YHR001W,YJR001W,0,-6.555461,0.086753249168396,0.8349999785423279,0.8790000081062317
YER009W,YKL007W,0,-6.5555773,0.08674423396587372,0.8349999785423279,0.8791000247001648
YAL022C,YPL266W,0,-6.555583,0.08673522621393204,0.8349999785423279,0.8791999816894531
YPR104C,YOL072W,0,-6.556009,0.08672621846199036,0.8349999785423279,0.8792999982833862
YOR109W,YOL105C,0,-6.5562897,0.08671721071004868,0.8349999785423279,0.8794000148773193
YKL015W,YKL146W,0,-6.5567746,0.086708202958107,0.8349999785423279,0.8794999718666077
YAR008W,YLR409C,0,-6.5570574,0.08669920265674591,0.8349999785423279,0.8795999884605408
YFR008W,YER154W,0,-6.5571103,0.08669020235538483,0.8349999785423279,0.8797000050544739
YKL190W,YJR102C,0,-6.557514,0.08668120205402374,0.8349999785423279,0.879800021648407
YPL174C,YDR062W,0,-6.557886,0.08667220175266266,0.8349999785423279,0.8798999786376953
YBL040C,YBR023C,0,-6.5582166,0.08666320890188217,0.8349999785423279,0.8799999952316284
YDR453C,YDR419W,0,-6.558605,0.08665421605110168,0.8349999785423279,0.8801000118255615
YGR089W,YNL103W,0,-6.558641,0.0866452232003212,0.8349999785423279,0.8802000284194946
YDR463W,YBR106W,0,-6.559678,0.08663623034954071,0.8349999785423279,0.880299985408783
YJR155W,YPR138C,0,-6.560379,0.08662724494934082,0.8349999785423279,0.8804000020027161
YLR449W,YGR229C,0,-6.560852,0.08661825954914093,0.8349999785423279,0.8805000185966492
YBR043C,YGL054C,0,-6.561062,0.08660927414894104,0.8349999785423279,0.8805999755859375
YDR309C,YOR257W,0,-6.561716,0.08660028874874115,0.8349999785423279,0.8806999921798706
YDR142C,YGL223C,0,-6.561905,0.08659131079912186,0.8349999785423279,0.8808000087738037
YAR019C,YPL237W,0,-6.5620522,0.08658233284950256,0.8349999785423279,0.8809000253677368
YFL039C,YOR253W,1,-6.562317,0.08667703717947006,0.8360000252723694,0.8809000253677368
YGR156W,YHR190W,0,-6.562685,0.08666805177927017,0.8360000252723694,0.8809999823570251
YPR088C,YOL144W,0,-6.5628138,0.08665906637907028,0.8360000252723694,0.8810999989509583
YNL241C,YGR217W,0,-6.563611,0.08665008097887039,0.8360000252723694,0.8812000155448914
YLR060W,YDR224C,0,-6.5646567,0.0866411030292511,0.8360000252723694,0.8812999725341797
YER012W,YLR363C,0,-6.5660105,0.0866321250796318,0.8360000252723694,0.8813999891281128
YGR231C,YLR340W,0,-6.566322,0.08662314713001251,0.8360000252723694,0.8815000057220459
YOR056C,YDR341C,0,-6.5666995,0.08661417663097382,0.8360000252723694,0.881600022315979
YLR248W,YER169W,0,-6.56705,0.08660519868135452,0.8360000252723694,0.8816999793052673
YBR260C,YOR275C,0,-6.567442,0.08659622818231583,0.8360000252723694,0.8817999958992004
YNL274C,YMR302C,0,-6.567809,0.08658725768327713,0.8360000252723694,0.8819000124931335
YKL045W,YLR051C,0,-6.5680356,0.08657829463481903,0.8360000252723694,0.8820000290870667
YGL106W,YCR075C,0,-6.5683513,0.08656933158636093,0.8360000252723694,0.882099986076355
YLR409C,YML010W,0,-6.5686316,0.08656036108732224,0.8360000252723694,0.8822000026702881
YDR236C,YMR255W,0,-6.570014,0.08655140548944473,0.8360000252723694,0.8823000192642212
YLR427W,YPR181C,0,-6.571006,0.08654244244098663,0.8360000252723694,0.8823999762535095
YLR181C,YNL142W,0,-6.5712996,0.08653348684310913,0.8360000252723694,0.8824999928474426
YOL110W,YPL001W,1,-6.571393,0.0866280272603035,0.8370000123977661,0.8824999928474426
YPL193W,YDR400W,0,-6.5716095,0.0866190642118454,0.8370000123977661,0.8826000094413757
YDR091C,YOL125W,0,-6.571718,0.0866101011633873,0.8370000123977661,0.8827000260353088
YJL140W,YGR101W,0,-6.57197,0.0866011381149292,0.8370000123977661,0.8827999830245972
YGR262C,YDR400W,0,-6.5725017,0.0865921750664711,0.8370000123977661,0.8828999996185303
YDL100C,YOR275C,0,-6.573169,0.0865832194685936,0.8370000123977661,0.8830000162124634
YDR448W,YOR034C,1,-6.5737514,0.08667770028114319,0.8379999995231628,0.8830000162124634
YPR051W,YBL052C,1,-6.57407,0.08677215874195099,0.8389999866485596,0.8830000162124634
YFL009W,YMR091C,0,-6.574116,0.08676318824291229,0.8389999866485596,0.8830999732017517
YJL080C,YDR423C,0,-6.5751314,0.086754210293293,0.8389999866485596,0.8831999897956848
YDR077W,YML041C,0,-6.575452,0.0867452472448349,0.8389999866485596,0.8833000063896179
YGR090W,YJR065C,0,-6.5763583,0.0867362767457962,0.8389999866485596,0.883400022983551
YDR201W,YOR094W,0,-6.576618,0.0867273136973381,0.8389999866485596,0.8834999799728394
YOL005C,YPL140C,0,-6.5767536,0.08671834319829941,0.8389999866485596,0.8835999965667725
YGL054C,YOL054W,0,-6.577013,0.0867093876004219,0.8389999866485596,0.8837000131607056
YLR052W,YJL201W,0,-6.5770845,0.0867004245519638,0.8389999866485596,0.8838000297546387
YNL071W,YER166W,0,-6.577208,0.0866914615035057,0.8389999866485596,0.883899986743927
YPL119C,YBR210W,0,-6.578291,0.0866825059056282,0.8389999866485596,0.8840000033378601
YGL066W,YBR081C,1,-6.578687,0.08677686005830765,0.8399999737739563,0.8840000033378601
YGL136C,YDR311W,0,-6.5801144,0.08676789700984955,0.8399999737739563,0.8841000199317932
YMR075W,YKL195W,0,-6.5803275,0.08675893396139145,0.8399999737739563,0.8841999769210815
YDR490C,YDR085C,0,-6.580818,0.08674997091293335,0.8399999737739563,0.8842999935150146
YOL148C,YJL081C,1,-6.5810575,0.08684428036212921,0.8410000205039978,0.8842999935150146
YKR083C,YBR175W,0,-6.581545,0.08683530986309052,0.8410000205039978,0.8844000101089478
YNR015W,YLR285W,0,-6.582382,0.08682634681463242,0.8410000205039978,0.8845000267028809
YDR086C,YDR158W,0,-6.5823894,0.08681738376617432,0.8410000205039978,0.8845999836921692
YOR211C,YMR197C,0,-6.5833597,0.08680842071771622,0.8410000205039978,0.8847000002861023
YIL121W,YDL175C,0,-6.584072,0.08679946511983871,0.8410000205039978,0.8848000168800354
YNL326C,YGR252W,1,-6.5841417,0.0868937075138092,0.8420000076293945,0.8848000168800354
YPL249C,YOR275C,0,-6.5854254,0.08688473701477051,0.8420000076293945,0.8848999738693237
YGR119C,YPL059W,0,-6.586271,0.08687577396631241,0.8420000076293945,0.8849999904632568
YOR083W,YFL041W,0,-6.5873113,0.08686681091785431,0.8420000076293945,0.8851000070571899
YGL219C,YBR236C,0,-6.587371,0.08685784786939621,0.8420000076293945,0.885200023651123
YLR033W,YDR276C,0,-6.587466,0.08684889227151871,0.8420000076293945,0.8852999806404114
YMR043W,YER149C,0,-6.588336,0.0868399366736412,0.8420000076293945,0.8853999972343445
YLR329W,YMR188C,0,-6.588583,0.0868309810757637,0.8420000076293945,0.8855000138282776
YDR159W,YDR059C,0,-6.5886316,0.0868220254778862,0.8420000076293945,0.8855999708175659
YMR288W,YNL097C,0,-6.5899324,0.0868130698800087,0.8420000076293945,0.885699987411499
YJL178C,YPL029W,0,-6.590357,0.08680412173271179,0.8420000076293945,0.8858000040054321
YLR033W,YDR177W,0,-6.5906043,0.08679517358541489,0.8420000076293945,0.8859000205993652
YMR081C,YDR191W,0,-6.590863,0.08678623288869858,0.8420000076293945,0.8859999775886536
YOR064C,YGL112C,1,-6.59142,0.08688034862279892,0.8429999947547913,0.8859999775886536
YBR077C,YDR069C,0,-6.591608,0.08687139302492142,0.8429999947547913,0.8860999941825867
YOR023C,YCL010C,1,-6.5918417,0.08696547895669937,0.843999981880188,0.8860999941825867
YJL069C,YBL030C,0,-6.592774,0.08695652335882187,0.843999981880188,0.8862000107765198
YNL307C,YKR072C,0,-6.5927744,0.08694756031036377,0.843999981880188,0.8863000273704529
YLR206W,YJL005W,0,-6.5938854,0.08693860471248627,0.843999981880188,0.8863999843597412
YPR008W,YBL008W,0,-6.5940394,0.08692965656518936,0.843999981880188,0.8865000009536743
YIL070C,YJR126C,0,-6.5944443,0.08692070096731186,0.843999981880188,0.8866000175476074
YKL013C,YJL122W,0,-6.595704,0.08691175282001495,0.843999981880188,0.8866999745368958
YIL118W,YLL024C,0,-6.5959263,0.08690279722213745,0.843999981880188,0.8867999911308289
YKR054C,YNR039C,0,-6.5959897,0.08689385652542114,0.843999981880188,0.886900007724762
YPR051W,YFL039C,1,-6.5969152,0.08698785305023193,0.8450000286102295,0.886900007724762
YDR311W,YMR153W,0,-6.597277,0.08697889745235443,0.8450000286102295,0.8870000243186951
YDR190C,YLR043C,0,-6.5974674,0.08696994930505753,0.8450000286102295,0.8870999813079834
YNL326C,YBL052C,1,-6.5977936,0.08706390857696533,0.8460000157356262,0.8870999813079834
YKL160W,YGL222C,0,-6.5983834,0.08705495297908783,0.8460000157356262,0.8871999979019165
YLR447C,YPL117C,0,-6.5987005,0.08704598993062973,0.8460000157356262,0.8873000144958496
YLL011W,YHR043C,0,-6.599058,0.08703703433275223,0.8460000157356262,0.8873999714851379
YLR172C,YPL271W,0,-6.5991006,0.08702808618545532,0.8460000157356262,0.887499988079071
YMR113W,YPL119C,0,-6.5991335,0.08701913058757782,0.8460000157356262,0.8876000046730042
YFR024C-A,YMR146C,0,-6.5994782,0.08701018244028091,0.8460000157356262,0.8877000212669373
YOL009C,YLR380W,0,-6.599494,0.08700123429298401,0.8460000157356262,0.8877999782562256
YOR256C,YKR061W,0,-6.599683,0.0869922861456871,0.8460000157356262,0.8878999948501587
YGL180W,YDR224C,0,-6.5998306,0.0869833454489708,0.8460000157356262,0.8880000114440918
YNL256W,YNL153C,0,-6.599944,0.08697440475225449,0.8460000157356262,0.8881000280380249
YGL045W,YJR103W,0,-6.6002164,0.08696546405553818,0.8460000157356262,0.8881999850273132
YGR072W,YGR119C,0,-6.6002398,0.08695652335882187,0.8460000157356262,0.8883000016212463
YJR006W,YNR057C,0,-6.600456,0.08694758266210556,0.8460000157356262,0.8884000182151794
YJL054W,YLR409C,0,-6.6007137,0.08693864941596985,0.8460000157356262,0.8884999752044678
YMR183C,YPR125W,0,-6.600982,0.08692971616983414,0.8460000157356262,0.8885999917984009
YGR227W,YDR004W,0,-6.601306,0.08692078292369843,0.8460000157356262,0.888700008392334
YJL052W,YLR025W,0,-6.601557,0.08691185712814331,0.8460000157356262,0.8888000249862671
YAL005C,YFL009W,0,-6.603412,0.0869029238820076,0.8460000157356262,0.8888999819755554
YFR037C,YIR037W,0,-6.604761,0.08689399808645248,0.8460000157356262,0.8889999985694885
YIL122W,YPR008W,0,-6.605571,0.08688507974147797,0.8460000157356262,0.8891000151634216
YOL146W,YJL110C,0,-6.60578,0.08687615394592285,0.8460000157356262,0.88919997215271
YER119C,YOR182C,0,-6.607051,0.08686723560094833,0.8460000157356262,0.8892999887466431
YMR005W,YKL195W,0,-6.607509,0.08685831725597382,0.8460000157356262,0.8894000053405762
YBR154C,YPL010W,0,-6.607523,0.0868493989109993,0.8460000157356262,0.8895000219345093
YML057W,YNL099C,0,-6.6075463,0.08684048801660538,0.8460000157356262,0.8895999789237976
YFL039C,YGL066W,1,-6.6094604,0.08693420886993408,0.847000002861023,0.8895999789237976
YPR187W,YDL130W,0,-6.6096873,0.08692529052495956,0.847000002861023,0.8896999955177307
YNL117W,YFR037C,0,-6.6101046,0.08691636472940445,0.847000002861023,0.8898000121116638
YOR270C,YLR448W,0,-6.6105933,0.08690744638442993,0.847000002861023,0.8899000287055969
YJR082C,YOR034C,1,-6.6110115,0.08700112998485565,0.8479999899864197,0.8899000287055969
YOR057W,YDR069C,0,-6.611903,0.08699220418930054,0.8479999899864197,0.8899999856948853
YJL052W,YMR302C,0,-6.6121664,0.08698327839374542,0.8479999899864197,0.8901000022888184
YPR093C,YMR021C,0,-6.6126266,0.0869743600487709,0.8479999899864197,0.8902000188827515
YPL156C,YML112W,0,-6.613081,0.08696544170379639,0.8479999899864197,0.8902999758720398
YGL054C,YKR057W,0,-6.613563,0.08695652335882187,0.8479999899864197,0.8903999924659729
YDR177W,YJL110C,0,-6.613821,0.08694760501384735,0.8479999899864197,0.890500009059906
YMR089C,YGL111W,0,-6.61438,0.08693869411945343,0.8479999899864197,0.8906000256538391
YNL287W,YOR322C,0,-6.6145277,0.08692978322505951,0.8479999899864197,0.8906999826431274
YNR058W,YOL059W,0,-6.6152477,0.08692087233066559,0.8479999899864197,0.8907999992370605
YAL035W,YPL055C,0,-6.615383,0.08691196143627167,0.8479999899864197,0.8909000158309937
YLR342W,YBR154C,0,-6.615404,0.08690305054187775,0.8479999899864197,0.890999972820282
YOL051W,YCR084C,0,-6.6160345,0.08689414709806442,0.8479999899864197,0.8910999894142151
YJR082C,YGL066W,1,-6.616206,0.08698770403862,0.8489999771118164,0.8910999894142151
YMR068W,YMR311C,0,-6.6168,0.08697879314422607,0.8489999771118164,0.8912000060081482
YLR292C,YLR398C,0,-6.61703,0.08696988224983215,0.8489999771118164,0.8913000226020813
YNL091W,YBR077C,0,-6.6173553,0.08696097880601883,0.8489999771118164,0.8913999795913696
YJL062W,YHR008C,0,-6.617532,0.08695206791162491,0.8489999771118164,0.8914999961853027
YBR201W,YNL142W,0,-6.618148,0.08694316446781158,0.8489999771118164,0.8916000127792358
YOR232W,YGL172W,0,-6.6181965,0.08693426102399826,0.8489999771118164,0.891700029373169
YAL054C,YBL052C,1,-6.618325,0.08702774345874786,0.8500000238418579,0.891700029373169
YDR122W,YNR006W,0,-6.6186113,0.08701884001493454,0.8500000238418579,0.8917999863624573
YDL165W,YKR068C,0,-6.61897,0.08700992912054062,0.8500000238418579,0.8919000029563904
YIL017C,YHR069C,0,-6.619035,0.0870010256767273,0.8500000238418579,0.8920000195503235
YKL110C,YPL042C,0,-6.6190853,0.08699212223291397,0.8500000238418579,0.8920999765396118
YKR066C,YBR286W,0,-6.61971,0.08698321878910065,0.8500000238418579,0.8921999931335449
YMR200W,YGL097W,0,-6.6203756,0.08697431534528732,0.8500000238418579,0.892300009727478
YJL124C,YBR250W,0,-6.621516,0.0869654193520546,0.8500000238418579,0.8924000263214111
YLR069C,YIL075C,0,-6.62152,0.08695652335882187,0.8500000238418579,0.8924999833106995
YKR014C,YER030W,0,-6.621787,0.08694762736558914,0.8500000238418579,0.8925999999046326
YNL062C,YDR284C,0,-6.622265,0.08693873137235641,0.8500000238418579,0.8927000164985657
YLL024C,YPL059W,0,-6.6226244,0.08692984282970428,0.8500000238418579,0.892799973487854
YGR231C,YKR008W,0,-6.623204,0.08692095428705215,0.8500000238418579,0.8928999900817871
YGR036C,YDL100C,0,-6.6232996,0.08691206574440002,0.8500000238418579,0.8930000066757202
YPL029W,YMR188C,0,-6.623369,0.0869031772017479,0.8500000238418579,0.8931000232696533
YDL101C,YMR083W,0,-6.6235247,0.08689429610967636,0.8500000238418579,0.8931999802589417
YAL054C,YDR145W,1,-6.623707,0.08698762953281403,0.8510000109672546,0.8931999802589417
YJL052W,YMR296C,0,-6.624458,0.0869787409901619,0.8510000109672546,0.8932999968528748
YJL141C,YOL026C,0,-6.624539,0.08696985244750977,0.8510000109672546,0.8934000134468079
YGL243W,YPL180W,0,-6.6246696,0.08696096390485764,0.8510000109672546,0.8934999704360962
YJR013W,YDR421W,0,-6.624686,0.0869520828127861,0.8510000109672546,0.8935999870300293
YOR243C,YMR203W,0,-6.624714,0.08694319427013397,0.8510000109672546,0.8937000036239624
YLR347C,YGR167W,0,-6.6262636,0.08693431317806244,0.8510000109672546,0.8938000202178955
YCL010C,YLL022C,1,-6.6263366,0.08702757954597473,0.8519999980926514,0.8938000202178955
YPL156C,YFR048W,0,-6.626357,0.0870186910033226,0.8519999980926514,0.8938999772071838
YNL326C,YLL022C,1,-6.626753,0.0871119275689125,0.8529999852180481,0.8938999772071838
YIL084C,YNL278W,0,-6.6275396,0.08710303157567978,0.8529999852180481,0.8939999938011169
YBL042C,YKL191W,0,-6.628525,0.08709413558244705,0.8529999852180481,0.89410001039505
YKL062W,YMR293C,0,-6.6290026,0.08708524703979492,0.8529999852180481,0.8942000269889832
YML099C,YOL135C,0,-6.6290655,0.08707635849714279,0.8529999852180481,0.8942999839782715
YGL137W,YOL055C,0,-6.629879,0.08706746995449066,0.8529999852180481,0.8944000005722046
YHR015W,YNL015W,0,-6.630043,0.08705858141183853,0.8529999852180481,0.8945000171661377
YMR149W,YHR038W,0,-6.6300535,0.087049700319767,0.8529999852180481,0.894599974155426
YDL231C,YNR043W,0,-6.630289,0.08704081922769547,0.8529999852180481,0.8946999907493591
YPL160W,YER012W,0,-6.630304,0.08703193813562393,0.8529999852180481,0.8948000073432922
YGR036C,YDR159W,0,-6.6304874,0.0870230570435524,0.8529999852180481,0.8949000239372253
YFL008W,YDR276C,0,-6.6305175,0.08701417595148087,0.8529999852180481,0.8949999809265137
YGL219C,YDR386W,0,-6.6312466,0.08700530230998993,0.8529999852180481,0.8950999975204468
YPL145C,YOR099W,0,-6.6320148,0.08699642866849899,0.8529999852180481,0.8952000141143799
YNL326C,YOR034C,1,-6.632044,0.08708953857421875,0.8539999723434448,0.8952000141143799
YHR188C,YHR084W,0,-6.632372,0.08708065748214722,0.8539999723434448,0.8952999711036682
YDL040C,YOR253W,1,-6.632533,0.08717373758554459,0.8550000190734863,0.8952999711036682
YDR079W,YJL129C,0,-6.6329236,0.08716484904289246,0.8550000190734863,0.8953999876976013
YDR013W,YLR337C,0,-6.6337447,0.08715596050024033,0.8550000190734863,0.8955000042915344
YER025W,YBR077C,0,-6.6343126,0.08714707940816879,0.8550000190734863,0.8956000208854675
YBL017C,YDR224C,0,-6.634365,0.08713819831609726,0.8550000190734863,0.8956999778747559
YPR051W,YGL112C,1,-6.6356487,0.08723122626543045,0.8560000061988831,0.8956999778747559
YOR033C,YOR236W,0,-6.635889,0.08722233772277832,0.8560000061988831,0.895799994468689
YDR436W,YOR236W,0,-6.6360817,0.08721344918012619,0.8560000061988831,0.8959000110626221
YKL179C,YDR092W,0,-6.637192,0.08720456063747406,0.8560000061988831,0.8960000276565552
YIL075C,YJR155W,0,-6.6374865,0.08719567954540253,0.8560000061988831,0.8960999846458435
YPR009W,YNL273W,0,-6.6390743,0.087186798453331,0.8560000061988831,0.8962000012397766
YOL117W,YBR293W,0,-6.639139,0.08717791736125946,0.8560000061988831,0.8963000178337097
YMR001C,YMR156C,0,-6.640309,0.08716904371976852,0.8560000061988831,0.896399974822998
YKL051W,YLR100W,0,-6.641135,0.08716017007827759,0.8560000061988831,0.8964999914169312
YOR372C,YDR182W,0,-6.641247,0.08715129643678665,0.8560000061988831,0.8966000080108643
YOR023C,YDR392W,1,-6.64128,0.08724422007799149,0.8569999933242798,0.8966000080108643
YDL040C,YPL001W,1,-6.6414165,0.08733713626861572,0.8579999804496765,0.8966000080108643
YKL028W,YFR003C,0,-6.641519,0.08732824772596359,0.8579999804496765,0.8967000246047974
YBR245C,YGL211W,0,-6.64155,0.08731935918331146,0.8579999804496765,0.8967999815940857
YDL190C,YPR020W,0,-6.6420765,0.08731047064065933,0.8579999804496765,0.8968999981880188
YPL086C,YPL096W,0,-6.642114,0.0873015895485878,0.8579999804496765,0.8970000147819519
YNL219C,YHR006W,0,-6.642329,0.08729270845651627,0.8579999804496765,0.8970999717712402
YDR427W,YHR008C,0,-6.642949,0.08728382736444473,0.8579999804496765,0.8971999883651733
YNR058W,YDR362C,0,-6.6430745,0.0872749462723732,0.8579999804496765,0.8973000049591064
YMR081C,YIL118W,0,-6.6437693,0.08726607263088226,0.8579999804496765,0.8974000215530396
YOR301W,YNL041C,0,-6.64379,0.08725719153881073,0.8579999804496765,0.8974999785423279
YLR305C,YLR130C,0,-6.644078,0.08724832534790039,0.8579999804496765,0.897599995136261
YIL014W,YJL127C,0,-6.644231,0.08723945170640945,0.8579999804496765,0.8977000117301941
YGL032C,YKL048C,0,-6.6449976,0.08723057806491852,0.8579999804496765,0.8978000283241272
YDR141C,YNL199C,0,-6.6466923,0.08722171187400818,0.8579999804496765,0.8978999853134155
YDR485C,YMR293C,0,-6.647181,0.08721284568309784,0.8579999804496765,0.8980000019073486
YBR073W,YLR023C,0,-6.6476035,0.0872039869427681,0.8579999804496765,0.8981000185012817
YDR453C,YJL063C,0,-6.647897,0.08719512075185776,0.8579999804496765,0.8981999754905701
YBL052C,YPR023C,1,-6.648605,0.08728788048028946,0.859000027179718,0.8981999754905701
YNL272C,YOR020C,0,-6.648777,0.08727900683879852,0.859000027179718,0.8982999920845032
YGL019W,YBL020W,0,-6.6496096,0.08727014064788818,0.859000027179718,0.8984000086784363
YGL032C,YDR518W,0,-6.6499596,0.08726127445697784,0.859000027179718,0.8985000252723694
YLR304C,YOR178C,0,-6.650074,0.0872524157166481,0.859000027179718,0.8985999822616577
YMR039C,YLR268W,0,-6.65018,0.08724354952573776,0.859000027179718,0.8986999988555908
YER024W,YPL101W,0,-6.6511173,0.08723469078540802,0.859000027179718,0.8988000154495239
YNL326C,YFL039C,1,-6.651624,0.08732737600803375,0.8600000143051147,0.8988000154495239
YER026C,YMR214W,0,-6.6518593,0.08731850981712341,0.8600000143051147,0.8988999724388123
YPL055C,YOL055C,0,-6.6519136,0.08730964362621307,0.8600000143051147,0.8989999890327454
YMR021C,YLR103C,0,-6.652692,0.08730078488588333,0.8600000143051147,0.8991000056266785
YOL109W,YAL021C,0,-6.653388,0.08729191869497299,0.8600000143051147,0.8992000222206116
YER021W,YLR116W,0,-6.654366,0.08728305995464325,0.8600000143051147,0.8992999792098999
YPL086C,YLL036C,0,-6.654679,0.08727420121431351,0.8600000143051147,0.899399995803833
YOL148C,YPR051W,1,-6.654771,0.08736681938171387,0.8610000014305115,0.899399995803833
YPR179C,YNL099C,0,-6.655241,0.08735795319080353,0.8610000014305115,0.8995000123977661
YBL052C,YOL110W,1,-6.6576595,0.0874505415558815,0.8619999885559082,0.8995000123977661
YDL078C,YHR167W,0,-6.6593676,0.08744167536497116,0.8619999885559082,0.8996000289916992
YGR147C,YOR064C,1,-6.6601934,0.08753423392772675,0.8629999756813049,0.8996000289916992
YPL151C,YLR043C,0,-6.660843,0.08752535283565521,0.8629999756813049,0.8996999859809875
YIR022W,YNL206C,0,-6.6609845,0.08751647919416428,0.8629999756813049,0.8998000025749207
YPL007C,YHR174W,0,-6.6610985,0.08750760555267334,0.8629999756813049,0.8999000191688538
YDR381W,YBR110W,0,-6.661548,0.0874987319111824,0.8629999756813049,0.8999999761581421
YOL148C,YCL010C,1,-6.6617713,0.08759123831987381,0.8640000224113464,0.8999999761581421
YNL121C,YDL064W,0,-6.662302,0.08758236467838287,0.8640000224113464,0.9000999927520752
YLR397C,YLR172C,0,-6.662647,0.08757348358631134,0.8640000224113464,0.9002000093460083
YNL326C,YDR448W,1,-6.662904,0.08766596019268036,0.8650000095367432,0.9002000093460083
YOR002W,YFL008W,0,-6.663105,0.08765707165002823,0.8650000095367432,0.9003000259399414
YMR125W,YML124C,0,-6.6633773,0.0876481905579567,0.8650000095367432,0.9003999829292297
YGL187C,YMR004W,0,-6.66339,0.08763930946588516,0.8650000095367432,0.9004999995231628
YIL034C,YDR224C,0,-6.6634636,0.08763043582439423,0.8650000095367432,0.900600016117096
YPL126W,YMR097C,0,-6.663734,0.08762155473232269,0.8650000095367432,0.9006999731063843
YOR036W,YGR177C,0,-6.6640706,0.08761268109083176,0.8650000095367432,0.9007999897003174
YOR245C,YNL248C,0,-6.665165,0.08760380744934082,0.8650000095367432,0.9009000062942505
YDL052C,YKR089C,0,-6.6653385,0.08759493380784988,0.8650000095367432,0.9010000228881836
YBR022W,YGR241C,0,-6.665863,0.08758606761693954,0.8650000095367432,0.9010999798774719
YKL110C,YML036W,0,-6.667076,0.0875772014260292,0.8650000095367432,0.901199996471405
YGR147C,YCR020C-A,1,-6.6675124,0.08766956627368927,0.8659999966621399,0.901199996471405
YGL226C-A,YER009W,0,-6.6675687,0.08766069263219833,0.8659999966621399,0.9013000130653381
YDR258C,YDL155W,0,-6.668102,0.0876518189907074,0.8659999966621399,0.9014000296592712
YLL040C,YOR256C,0,-6.6681166,0.08764295279979706,0.8659999966621399,0.9014999866485596
YJL005W,YPL193W,0,-6.6681633,0.08763407915830612,0.8659999966621399,0.9016000032424927
YDR392W,YGR002C,1,-6.6682286,0.0877263993024826,0.8669999837875366,0.9016000032424927
YNL121C,YOR239W,0,-6.6694946,0.08771752566099167,0.8669999837875366,0.9017000198364258
YPL213W,YKR034W,0,-6.669546,0.08770865201950073,0.8669999837875366,0.9017999768257141
YDR448W,YHR013C,1,-6.669613,0.08780092746019363,0.8679999709129333,0.9017999768257141
YBR084W,YOR253W,1,-6.671476,0.08789319545030594,0.8690000176429749,0.9017999768257141
YGR147C,YCL010C,1,-6.6720595,0.08798543363809586,0.8700000047683716,0.9017999768257141
YCR033W,YHR083W,0,-6.6722307,0.08797653764486313,0.8700000047683716,0.9018999934196472
YIL014W,YNL131W,0,-6.673088,0.0879676416516304,0.8700000047683716,0.9020000100135803
YOR249C,YLR378C,0,-6.673169,0.08795875310897827,0.8700000047683716,0.9021000266075134
YNR035C,YMR234W,0,-6.6733503,0.08794985711574554,0.8700000047683716,0.9021999835968018
YCL010C,YPR023C,1,-6.673354,0.08804205060005188,0.8709999918937683,0.9021999835968018
YPL149W,YJL024C,0,-6.6739435,0.08803315460681915,0.8709999918937683,0.9023000001907349
YPR051W,YOR023C,1,-6.6741066,0.0881253182888031,0.871999979019165,0.9023000001907349
YPL147W,YJL121C,0,-6.674463,0.08811640739440918,0.871999979019165,0.902400016784668
YPR067W,YAL034W-A,0,-6.67447,0.08810750395059586,0.871999979019165,0.9024999737739563
YDR022C,YLR192C,0,-6.675054,0.08809860795736313,0.871999979019165,0.9025999903678894
YDR285W,YJR103W,0,-6.676712,0.0880897045135498,0.871999979019165,0.9027000069618225
YBL093C,YNR034W,0,-6.676903,0.08808080852031708,0.871999979019165,0.9028000235557556
YNL116W,YBR048W,0,-6.679064,0.08807191252708435,0.871999979019165,0.902899980545044
YMR322C,YPL243W,0,-6.68007,0.08806301653385162,0.871999979019165,0.902999997138977
YNL219C,YPR007C,0,-6.6807847,0.0880541279911995,0.871999979019165,0.9031000137329102
YOR036W,YHR143W-A,0,-6.6813693,0.08804523199796677,0.871999979019165,0.9031999707221985
YCL038C,YOR272W,0,-6.681418,0.08803634345531464,0.871999979019165,0.9032999873161316
YBL078C,YOL094C,0,-6.6816063,0.0880274549126625,0.871999979019165,0.9034000039100647
YLR330W,YGR224W,0,-6.68163,0.08801857382059097,0.871999979019165,0.9035000205039978
YNL225C,YCL004W,0,-6.6826887,0.08800969272851944,0.871999979019165,0.9035999774932861
YBR286W,YAL024C,0,-6.6828184,0.08800080418586731,0.871999979019165,0.9036999940872192
YBR114W,YEL002C,0,-6.683043,0.08799193054437637,0.871999979019165,0.9038000106811523
YGL236C,YJR077C,0,-6.683322,0.08798304945230484,0.871999979019165,0.9039000272750854
YNL219C,YKR036C,0,-6.683547,0.0879741758108139,0.871999979019165,0.9039999842643738
YER019W,YLR208W,0,-6.6841435,0.08796529471874237,0.871999979019165,0.9041000008583069
YDR481C,YHR021C,0,-6.684415,0.08795642852783203,0.871999979019165,0.90420001745224
YGL044C,YHR024C,0,-6.6851635,0.0879475548863411,0.871999979019165,0.9042999744415283
YHR069C,YJL133W,0,-6.6858826,0.08793868124485016,0.871999979019165,0.9043999910354614
YMR200W,YBR182C,0,-6.6867027,0.08792981505393982,0.871999979019165,0.9045000076293945
YDR346C,YLR342W,0,-6.6869297,0.08792094886302948,0.871999979019165,0.9046000242233276
YOR112W,YIR018W,0,-6.6875567,0.08791209012269974,0.871999979019165,0.904699981212616
YOR270C,YDR532C,0,-6.6876726,0.0879032239317894,0.871999979019165,0.9047999978065491
YDL052C,YDR201W,0,-6.688714,0.08789436519145966,0.871999979019165,0.9049000144004822
YDR079W,YMR296C,0,-6.6888466,0.08788550645112991,0.871999979019165,0.9049999713897705
YGR185C,YOL040C,0,-6.689019,0.08787664771080017,0.871999979019165,0.9050999879837036
YPR105C,YPR154W,0,-6.6891265,0.08786779642105103,0.871999979019165,0.9052000045776367
YJL081C,YBL052C,1,-6.6892595,0.08795969933271408,0.8730000257492065,0.9052000045776367
YDL112W,YDR529C,0,-6.6893215,0.08795083314180374,0.8730000257492065,0.9053000211715698
YNL094W,YNR027W,0,-6.6896687,0.087941974401474,0.8730000257492065,0.9053999781608582
YOL055C,YDR486C,0,-6.6903067,0.08793311566114426,0.8730000257492065,0.9054999947547913
YMR128W,YBR202W,0,-6.691119,0.08792426437139511,0.8730000257492065,0.9056000113487244
YCR094W,YDR054C,0,-6.6911564,0.08791540563106537,0.8730000257492065,0.9057000279426575
YER007W,YGL003C,0,-6.691201,0.08790655434131622,0.8730000257492065,0.9057999849319458
YER018C,YOR127W,0,-6.69159,0.08789770305156708,0.8730000257492065,0.9059000015258789
YGL053W,YGL012W,0,-6.6918817,0.08788885176181793,0.8730000257492065,0.906000018119812
YHL031C,YDR182W,0,-6.6920414,0.08788000792264938,0.8730000257492065,0.9060999751091003
YML115C,YGL162W,0,-6.692533,0.08787116408348083,0.8730000257492065,0.9061999917030334
YOL012C,YLR342W,0,-6.6925583,0.08786232024431229,0.8730000257492065,0.9063000082969666
YDR218C,YPR128C,0,-6.6929684,0.08785347640514374,0.8730000257492065,0.9064000248908997
YPL169C,YPL076W,0,-6.693139,0.08784464001655579,0.8730000257492065,0.906499981880188
YAL029C,YGL153W,0,-6.6933393,0.08783579617738724,0.8730000257492065,0.9065999984741211
YDR145W,YGR002C,1,-6.6935177,0.08792756497859955,0.8740000128746033,0.9065999984741211
YDR054C,YJL101C,0,-6.6935897,0.087918721139431,0.8740000128746033,0.9067000150680542
YMR225C,YJL184W,0,-6.694659,0.08790987730026245,0.8740000128746033,0.9067999720573425
YMR039C,YCR027C,0,-6.6948667,0.0879010334610939,0.8740000128746033,0.9068999886512756
YAL053W,YOR085W,0,-6.695259,0.08789219707250595,0.8740000128746033,0.9070000052452087
YOL110W,YHR013C,1,-6.6953063,0.08798391371965408,0.875,0.9070000052452087
YJR065C,YDL080C,0,-6.695492,0.08797506242990494,0.875,0.9071000218391418
YER030W,YEL002C,0,-6.695981,0.08796621859073639,0.875,0.9071999788284302
YER012W,YKR014C,0,-6.6962414,0.08795737475156784,0.875,0.9072999954223633
YGR253C,YCL025C,0,-6.6969633,0.08794853836297989,0.875,0.9074000120162964
YDR422C,YDL019C,0,-6.698502,0.08793970197439194,0.875,0.9075000286102295
YBR107C,YGL192W,0,-6.6993093,0.08793085813522339,0.875,0.9075999855995178
YBR022W,YMR026C,0,-6.6998916,0.08792202919721603,0.875,0.9077000021934509
YOR036W,YLR238W,0,-6.7012978,0.08791319280862808,0.875,0.907800018787384
YAL010C,YGL162W,0,-6.7016892,0.08790435642004013,0.875,0.9078999757766724
YLR238W,YDR422C,0,-6.701998,0.08789552748203278,0.875,0.9079999923706055
YNL214W,YGL124C,0,-6.702419,0.08788669854402542,0.875,0.9081000089645386
YDR092W,YDR400W,0,-6.703699,0.08787787705659866,0.875,0.9082000255584717
YPL131W,YPR187W,0,-6.7038994,0.08786904811859131,0.875,0.90829998254776
YNR008W,YDR311W,0,-6.7041435,0.08786022663116455,0.875,0.9083999991416931
YPL122C,YPL086C,0,-6.7042217,0.08785140514373779,0.875,0.9085000157356262
YDR264C,YJL115W,1,-6.705352,0.08794298022985458,0.8759999871253967,0.9085000157356262
YPR051W,YGR002C,1,-6.7054586,0.08803453296422958,0.8769999742507935,0.9085000157356262
YOR272W,YDR016C,0,-6.708009,0.08802569657564163,0.8769999742507935,0.9085999727249146
YFR051C,YMR113W,0,-6.708059,0.08801686018705368,0.8769999742507935,0.9086999893188477
YOR193W,YNL230C,0,-6.708144,0.08800803124904633,0.8769999742507935,0.9088000059127808
YLR163C,YKL203C,0,-6.708831,0.08799919486045837,0.8769999742507935,0.9089000225067139
YOR112W,YHL031C,0,-6.709339,0.08799036592245102,0.8769999742507935,0.9089999794960022
YJL124C,YGR104C,0,-6.7097454,0.08798154443502426,0.8769999742507935,0.9090999960899353
YOR315W,YPL152W,0,-6.709856,0.0879727154970169,0.8769999742507935,0.9092000126838684
YGR094W,YDR079W,0,-6.7104497,0.08796389400959015,0.8769999742507935,0.9093000292778015
YMR119W,YML011C,0,-6.7107244,0.08795507252216339,0.8769999742507935,0.9093999862670898
YHR160C,YMR175W,0,-6.7122135,0.08794625103473663,0.8769999742507935,0.909500002861023
YOR122C,YNL075W,0,-6.7124386,0.08793742954730988,0.8769999742507935,0.909600019454956
YNL243W,YOR060C,0,-6.71323,0.08792861551046371,0.8769999742507935,0.9096999764442444
YLR399C,YDR071C,0,-6.713708,0.08791980147361755,0.8769999742507935,0.9097999930381775
YOR301W,YNL311C,0,-6.7145677,0.08791098743677139,0.8769999742507935,0.9099000096321106
YLR285W,YDR140W,0,-6.714671,0.08790217339992523,0.8769999742507935,0.9100000262260437
YPL178W,YLR170C,0,-6.7152915,0.08789336681365967,0.8769999742507935,0.910099983215332
YNL326C,YPL001W,1,-6.715352,0.08798477053642273,0.878000020980835,0.910099983215332
YOL146W,YDR231C,0,-6.7157574,0.08797594904899597,0.878000020980835,0.9101999998092651
YER015W,YPR031W,1,-6.7165885,0.08806733042001724,0.8790000081062317,0.9101999998092651
YPL237W,YLR100W,0,-6.717046,0.08805850893259048,0.8790000081062317,0.9103000164031982
YMR149W,YNL030W,0,-6.7174773,0.08804968744516373,0.8790000081062317,0.9103999733924866
YDL235C,YOR239W,0,-6.7176256,0.08804086595773697,0.8790000081062317,0.9104999899864197
YJR077C,YHR053C,0,-6.718173,0.08803204447031021,0.8790000081062317,0.9106000065803528
YFL039C,YPR031W,1,-6.7182016,0.0881233736872673,0.8799999952316284,0.9106000065803528
YBR083W,YHR053C,0,-6.718549,0.08811455219984055,0.8799999952316284,0.9107000231742859
YDR443C,YJL157C,0,-6.7203407,0.08810572326183319,0.8799999952316284,0.9107999801635742
YJR078W,YAL059W,0,-6.721138,0.08809690922498703,0.8799999952316284,0.9108999967575073
YDR077W,YBR199W,0,-6.7213593,0.08808808773756027,0.8799999952316284,0.9110000133514404
YDL047W,YOR007C,0,-6.7225447,0.08807927370071411,0.8799999952316284,0.9110999703407288
YMR044W,YNL009W,0,-6.722738,0.08807045966386795,0.8799999952316284,0.9111999869346619
YFR052W,YHR083W,0,-6.722782,0.08806164562702179,0.8799999952316284,0.911300003528595
YLR447C,YDR200C,0,-6.7230444,0.08805283159017563,0.8799999952316284,0.9114000201225281
YNR007C,YDR246W,0,-6.723163,0.08804402500391006,0.8799999952316284,0.9114999771118164
YHR011W,YHR030C,0,-6.7260523,0.0880352109670639,0.8799999952316284,0.9115999937057495
YDR190C,YOR008C,0,-6.7261534,0.08802640438079834,0.8799999952316284,0.9117000102996826
YFL023W,YLR405W,0,-6.72726,0.08801760524511337,0.8799999952316284,0.9118000268936157
YLR372W,YDR473C,0,-6.7275662,0.08800879865884781,0.8799999952316284,0.911899983882904
YPR191W,YOL072W,0,-6.7284436,0.08799999952316284,0.8799999952316284,0.9120000004768372
YOL110W,YDR145W,1,-6.728652,0.08809118717908859,0.8809999823570251,0.9120000004768372
YPL204W,YBR207W,0,-6.7286925,0.08808238059282303,0.8809999823570251,0.9121000170707703
YDR113C,YMR267W,0,-6.730196,0.08807358145713806,0.8809999823570251,0.9121999740600586
YMR225C,YKL028W,0,-6.7304125,0.0880647748708725,0.8809999823570251,0.9122999906539917
YLR371W,YOL013C,0,-6.730417,0.08805597573518753,0.8809999823570251,0.9124000072479248
YMR182C,YER177W,0,-6.730671,0.08804716914892197,0.8809999823570251,0.9125000238418579
YBR055C,YJL100W,0,-6.731328,0.088038370013237,0.8809999823570251,0.9125999808311462
YDL153C,YLR008C,0,-6.7315454,0.08802957832813263,0.8809999823570251,0.9126999974250793
YPR051W,YPL001W,1,-6.7317,0.08812069147825241,0.8820000290870667,0.9126999974250793
YPR102C,YML042W,0,-6.7322793,0.08811188489198685,0.8820000290870667,0.9128000140190125
YGL113W,YCL016C,0,-6.73365,0.08810308575630188,0.8820000290870667,0.9128999710083008
YHR050W,YGR167W,0,-6.733686,0.08809428662061691,0.8820000290870667,0.9129999876022339
YLR135W,YFR048W,0,-6.73373,0.08808548748493195,0.8820000290870667,0.913100004196167
YJL190C,YGR244C,0,-6.7339115,0.08807669579982758,0.8820000290870667,0.9132000207901001
YGL171W,YDR202C,0,-6.734089,0.08806789666414261,0.8820000290870667,0.9132999777793884
YBR245C,YLR102C,0,-6.734169,0.08805910497903824,0.8820000290870667,0.9133999943733215
YDR168W,YDR200C,0,-6.735126,0.08805031329393387,0.8820000290870667,0.9135000109672546
YOR274W,YLR321C,0,-6.7354097,0.0880415216088295,0.8820000290870667,0.9136000275611877
YPR023C,YHR013C,1,-6.7360363,0.08813254535198212,0.8830000162124634,0.9136000275611877
YPL015C,YGR103W,0,-6.7364197,0.08812375366687775,0.8830000162124634,0.9136999845504761
YFR048W,YOR232W,0,-6.7370954,0.08811496198177338,0.8830000162124634,0.9138000011444092
YDR529C,YML113W,0,-6.738393,0.08810616284608841,0.8830000162124634,0.9139000177383423
YMR043W,YPL057C,0,-6.7386246,0.08809737861156464,0.8830000162124634,0.9139999747276306
YML123C,YOR119C,0,-6.7397823,0.08808858692646027,0.8830000162124634,0.9140999913215637
YOL117W,YLR026C,0,-6.73998,0.08807980269193649,0.8830000162124634,0.9142000079154968
YLR084C,YHR190W,0,-6.7400293,0.08807101845741272,0.8830000162124634,0.9143000245094299
YIL121W,YMR113W,0,-6.7411814,0.08806223422288895,0.8830000162124634,0.9143999814987183
YER061C,YPL193W,0,-6.741231,0.08805344998836517,0.8830000162124634,0.9144999980926514
YNL103W,YCR084C,0,-6.741349,0.088044673204422,0.8830000162124634,0.9146000146865845
YPL042C,YBR298C,0,-6.7416215,0.08803588896989822,0.8830000162124634,0.9146999716758728
YDR437W,YKR007W,0,-6.7416477,0.08802711963653564,0.8830000162124634,0.9147999882698059
YMR302C,YLL003W,0,-6.7419043,0.08801834285259247,0.8830000162124634,0.914900004863739
YLR447C,YDR485C,0,-6.7419934,0.08800956606864929,0.8830000162124634,0.9150000214576721
YOR181W,YNL047C,0,-6.742094,0.08800079673528671,0.8830000162124634,0.9150999784469604
YKR003W,YLR285W,0,-6.742158,0.08799202740192413,0.8830000162124634,0.9151999950408936
YDR484W,YIL150C,0,-6.7422833,0.08798325806856155,0.8830000162124634,0.9153000116348267
YHL011C,YOR020C,0,-6.7423058,0.08797449618577957,0.8830000162124634,0.9154000282287598
YDR362C,YDR092W,0,-6.7425866,0.08796572685241699,0.8830000162124634,0.9154999852180481
YGL200C,YKL148C,0,-6.7433424,0.08795696496963501,0.8830000162124634,0.9156000018119812
YMR021C,YBR211C,0,-6.744172,0.08794821053743362,0.8830000162124634,0.9157000184059143
YDL019C,YER022W,0,-6.744734,0.08793944865465164,0.8830000162124634,0.9157999753952026
YOR142W,YLR380W,0,-6.746043,0.08793069422245026,0.8830000162124634,0.9158999919891357
YKR046C,YFR009W,0,-6.747077,0.08792193233966827,0.8830000162124634,0.9160000085830688
YHR102W,YOR279C,0,-6.747374,0.08791318535804749,0.8830000162124634,0.916100025177002
YLR028C,YGR081C,0,-6.747939,0.0879044309258461,0.8830000162124634,0.9161999821662903
YBR165W,YJL201W,0,-6.74848,0.08789567649364471,0.8830000162124634,0.9162999987602234
YKL013C,YLR409C,0,-6.7485323,0.08788692951202393,0.8830000162124634,0.9164000153541565
YMR314W,YBL057C,0,-6.749836,0.08787818253040314,0.8830000162124634,0.9164999723434448
YCR048W,YML025C,0,-6.751079,0.08786944299936295,0.8830000162124634,0.9165999889373779
YLL027W,YDR423C,0,-6.75119,0.08786069601774216,0.8830000162124634,0.916700005531311
YKR007W,YLR360W,0,-6.7512274,0.08785195648670197,0.8830000162124634,0.9168000221252441
YOL006C,YOR030W,0,-6.75176,0.08784321695566177,0.8830000162124634,0.9168999791145325
YCR091W,YDR075W,0,-6.7520924,0.08783447742462158,0.8830000162124634,0.9169999957084656
YNL326C,YDR145W,1,-6.7525454,0.08792520314455032,0.8840000033378601,0.9169999957084656
YBR130C,YDR214W,0,-6.7529225,0.08791645616292953,0.8840000033378601,0.9171000123023987
YKL017C,YKR002W,0,-6.7534137,0.08790771663188934,0.8840000033378601,0.9172000288963318
YFL039C,YOR064C,1,-6.7537074,0.0879984125494957,0.8849999904632568,0.9172000288963318
YEL015W,YNL273W,0,-6.7547817,0.08798965811729431,0.8849999904632568,0.9172999858856201
YMR005W,YNL039W,0,-6.754898,0.08798091113567352,0.8849999904632568,0.9174000024795532
YNL071W,YMR272C,0,-6.7560234,0.08797216415405273,0.8849999904632568,0.9175000190734863
YML036W,YBR079C,0,-6.7563605,0.08796342462301254,0.8849999904632568,0.9175999760627747
YML032C,YNL106C,0,-6.756539,0.08795467764139175,0.8849999904632568,0.9176999926567078
YGR276C,YBR106W,0,-6.756831,0.08794593811035156,0.8849999904632568,0.9178000092506409
YBR177C,YCR044C,0,-6.7573595,0.08793719857931137,0.8849999904632568,0.917900025844574
YGR147C,YJL081C,1,-6.7582273,0.08802781999111176,0.8859999775886536,0.917900025844574
YDR231C,YLR074C,0,-6.758502,0.08801907300949097,0.8859999775886536,0.9179999828338623
YDL013W,YKL145W,0,-6.7590065,0.08801033347845078,0.8859999775886536,0.9180999994277954
YDR260C,YCL055W,0,-6.7591276,0.08800158649682999,0.8859999775886536,0.9182000160217285
YBR168W,YDR486C,0,-6.759343,0.0879928469657898,0.8859999775886536,0.9182999730110168
YDR377W,YPR008W,0,-6.759697,0.0879841148853302,0.8859999775886536,0.91839998960495
YGL084C,YML024W,0,-6.760358,0.08797537535429001,0.8859999775886536,0.9185000061988831
YKL140W,YDR481C,0,-6.761573,0.08796664327383041,0.8859999775886536,0.9186000227928162
YPR176C,YLR011W,0,-6.762007,0.08795790374279022,0.8859999775886536,0.9186999797821045
YDR251W,YNR053C,0,-6.762979,0.08794917911291122,0.8859999775886536,0.9187999963760376
YHR102W,YGL061C,0,-6.7638865,0.08794044703245163,0.8859999775886536,0.9189000129699707
YOL148C,YGL112C,1,-6.7648287,0.08803096413612366,0.8870000243186951,0.9189000129699707
YCR071C,YHL003C,0,-6.7656946,0.08802223205566406,0.8870000243186951,0.9190000295639038
YJL036W,YGR241C,0,-6.76674,0.08801349252462387,0.8870000243186951,0.9190999865531921
YPR031W,YOR034C,1,-6.766891,0.08810397982597351,0.8880000114440918,0.9190999865531921
YMR200W,YLR231C,0,-6.7671003,0.08809524029493332,0.8880000114440918,0.9192000031471252
YMR200W,YBR127C,0,-6.767945,0.08808650076389313,0.8880000114440918,0.9193000197410583
YDR177W,YHR006W,0,-6.768306,0.08807776123285294,0.8880000114440918,0.9193999767303467
YLR238W,YDL093W,0,-6.76982,0.08806902915239334,0.8880000114440918,0.9194999933242798
YLR068W,YOL133W,0,-6.7698784,0.08806029707193375,0.8880000114440918,0.9196000099182129
YBR029C,YER165W,0,-6.770301,0.08805156499147415,0.8880000114440918,0.919700026512146
YFR027W,YDR320C,0,-6.7706265,0.08804283291101456,0.8880000114440918,0.9197999835014343
YDL074C,YLR163C,0,-6.771063,0.08803410083055496,0.8880000114440918,0.9199000000953674
YJL115W,YLL022C,1,-6.77125,0.08812450617551804,0.8889999985694885,0.9199000000953674
YGL150C,YFR037C,0,-6.77324,0.08811576664447784,0.8889999985694885,0.9200000166893005
YJR103W,YBR106W,0,-6.7735524,0.08810703456401825,0.8889999985694885,0.9200999736785889
YLR401C,YML113W,0,-6.774357,0.08809830248355865,0.8889999985694885,0.920199990272522
YML074C,YOR136W,0,-6.7744193,0.08808957785367966,0.8889999985694885,0.9203000068664551
YDL040C,YLL022C,1,-6.7748866,0.08817992359399796,0.8899999856948853,0.9203000068664551
YGL190C,YDL150W,0,-6.7751074,0.08817119151353836,0.8899999856948853,0.9204000234603882
YHR204W,YLR321C,0,-6.7752495,0.08816245943307877,0.8899999856948853,0.9204999804496765
YLL022C,YGR002C,1,-6.7755895,0.08825277537107468,0.890999972820282,0.9204999804496765
YJL081C,YLL022C,1,-6.775641,0.0883430689573288,0.8920000195503235,0.9204999804496765
YGL032C,YIL103W,0,-6.776266,0.08833432197570801,0.8920000195503235,0.9205999970436096
YKL196C,YDL190C,0,-6.776471,0.08832557499408722,0.8920000195503235,0.9207000136375427
YHR056C,YNL008C,0,-6.777504,0.08831682801246643,0.8920000195503235,0.920799970626831
YOR142W,YPL271W,0,-6.778331,0.08830808848142624,0.8920000195503235,0.9208999872207642
YFL022C,YHR190W,0,-6.778475,0.08829934895038605,0.8920000195503235,0.9210000038146973
YBR002C,YML113W,0,-6.779423,0.08829060941934586,0.8920000195503235,0.9211000204086304
YDL143W,YPL057C,0,-6.7795324,0.08828186988830566,0.8920000195503235,0.9211999773979187
YDR236C,YLL031C,0,-6.7821374,0.08827313035726547,0.8920000195503235,0.9212999939918518
YML058W,YNL059C,0,-6.7823725,0.08826439827680588,0.8920000195503235,0.9214000105857849
YNR032W,YDR478W,0,-6.782831,0.08825566619634628,0.8920000195503235,0.921500027179718
YDR251W,YIL048W,0,-6.7833424,0.08824693411588669,0.8920000195503235,0.9215999841690063
YGR262C,YBR210W,0,-6.7835426,0.0882382020354271,0.8920000195503235,0.9217000007629395
YOR372C,YGR028W,0,-6.7835984,0.0882294774055481,0.8920000195503235,0.9218000173568726
YJL139C,YDR511W,0,-6.7841163,0.0882207527756691,0.8920000195503235,0.9218999743461609
YIL048W,YLR368W,0,-6.784875,0.0882120281457901,0.8920000195503235,0.921999990940094
YKL170W,YMR060C,0,-6.7852845,0.0882033035159111,0.8920000195503235,0.9221000075340271
YJL201W,YHR102W,0,-6.7857566,0.0881945788860321,0.8920000195503235,0.9222000241279602
YMR285C,YGR209C,0,-6.785795,0.0881858617067337,0.8920000195503235,0.9222999811172485
YOR078W,YKL029C,0,-6.786003,0.0881771445274353,0.8920000195503235,0.9223999977111816
YDL208W,YNL073W,0,-6.7861576,0.0881684273481369,0.8920000195503235,0.9225000143051147
YMR276W,YOR187W,0,-6.7867107,0.0881597176194191,0.8920000195503235,0.9225999712944031
YOR115C,YGR244C,0,-6.7876406,0.0881510004401207,0.8920000195503235,0.9226999878883362
YAL042W,YFR048W,0,-6.7878256,0.0881422907114029,0.8920000195503235,0.9228000044822693
YMR200W,YDR214W,0,-6.787831,0.08813358098268509,0.8920000195503235,0.9229000210762024
YJL081C,YLR195C,1,-6.788378,0.08822367340326309,0.8930000066757202,0.9229000210762024
YHR152W,YDR135C,0,-6.789899,0.08821495622396469,0.8930000066757202,0.9229999780654907
YGR231C,YIL150C,0,-6.790267,0.08820623904466629,0.8930000066757202,0.9230999946594238
YKL056C,YNR006W,0,-6.7908964,0.08819752931594849,0.8930000066757202,0.9232000112533569
YKL197C,YOR005C,0,-6.7911253,0.08818881958723068,0.8930000066757202,0.92330002784729
YNR007C,YNR011C,0,-6.7913465,0.08818010985851288,0.8930000066757202,0.9233999848365784
YIR037W,YPL210C,0,-6.7916946,0.08817140758037567,0.8930000066757202,0.9235000014305115
YFR008W,YJL190C,0,-6.7925773,0.08816269785165787,0.8930000066757202,0.9236000180244446
YMR039C,YOR209C,0,-6.7926483,0.08815399557352066,0.8930000066757202,0.9236999750137329
YNL151C,YMR097C,0,-6.792825,0.08814529329538345,0.8930000066757202,0.923799991607666
YHR160C,YLR368W,0,-6.793359,0.08813659846782684,0.8930000066757202,0.9239000082015991
YOR272W,YPL241C,0,-6.7937083,0.08812789618968964,0.8930000066757202,0.9240000247955322
YMR276W,YJR052W,0,-6.7937574,0.08811920136213303,0.8930000066757202,0.9240999817848206
YNL272C,YOR157C,0,-6.7958393,0.08811050653457642,0.8930000066757202,0.9241999983787537
YJL052W,YGR241C,0,-6.797057,0.0881018117070198,0.8930000066757202,0.9243000149726868
YNL015W,YML124C,0,-6.797222,0.08809312433004379,0.8930000066757202,0.9243999719619751
YLR022C,YPR155C,0,-6.7989554,0.08808443695306778,0.8930000066757202,0.9244999885559082
YOL122C,YDR208W,0,-6.798988,0.08807574957609177,0.8930000066757202,0.9246000051498413
YKL160W,YIL004C,0,-6.7991314,0.08806706219911575,0.8930000066757202,0.9247000217437744
YGR186W,YHR115C,0,-6.80037,0.08805837482213974,0.8930000066757202,0.9247999787330627
YIR026C,YNL102W,0,-6.8009505,0.08804969489574432,0.8930000066757202,0.9248999953269958
YDR511W,YLR316C,0,-6.801215,0.08804101496934891,0.8930000066757202,0.925000011920929
YNL129W,YCR033W,0,-6.801534,0.08803233504295349,0.8930000066757202,0.9251000285148621
YFL039C,YDR145W,1,-6.8017263,0.08812222629785538,0.8939999938011169,0.9251000285148621
YDR160W,YIR037W,0,-6.80271,0.08811353892087936,0.8939999938011169,0.9251999855041504
YBL052C,YOR064C,1,-6.803767,0.08820340782403946,0.8949999809265137,0.9251999855041504
YLR208W,YHR165C,0,-6.8039017,0.08819472044706345,0.8949999809265137,0.9253000020980835
YIL153W,YLR403W,0,-6.8043423,0.08818602561950684,0.8949999809265137,0.9254000186920166
YFR048W,YER018C,0,-6.8046365,0.08817733824253082,0.8949999809265137,0.9254999756813049
YPL149W,YKR002W,0,-6.805714,0.08816865086555481,0.8949999809265137,0.925599992275238
YML113W,YDR083W,0,-6.8066053,0.0881599709391594,0.8949999809265137,0.9257000088691711
YPR001W,YDR418W,0,-6.806796,0.08815128356218338,0.8949999809265137,0.9258000254631042
YLR342W,YNL268W,0,-6.80741,0.08814260363578796,0.8949999809265137,0.9258999824523926
YGR253C,YLR130C,0,-6.807665,0.08813392370939255,0.8949999809265137,0.9259999990463257
YLL009C,YGR191W,0,-6.8083763,0.08812524378299713,0.8949999809265137,0.9261000156402588
YGL180W,YAL035W,0,-6.808481,0.08811657130718231,0.8949999809265137,0.9261999726295471
YER008C,YOR122C,0,-6.8085403,0.08810789883136749,0.8949999809265137,0.9262999892234802
YER051W,YOL026C,0,-6.8089914,0.08809921890497208,0.8949999809265137,0.9264000058174133
YHR027C,YIL038C,0,-6.809351,0.08809055387973785,0.8949999809265137,0.9265000224113464
YNL071W,YNL229C,0,-6.8100395,0.08808188140392303,0.8949999809265137,0.9265999794006348
YKL193C,YBL020W,0,-6.810988,0.08807321637868881,0.8949999809265137,0.9266999959945679
YOL110W,YGL112C,1,-6.8111386,0.08816294372081757,0.8960000276565552,0.9266999959945679
YBR068C,YPR067W,0,-6.8111577,0.08815427124500275,0.8960000276565552,0.926800012588501
YIR012W,YKR057W,0,-6.812171,0.08814559876918793,0.8960000276565552,0.9269000291824341
YKR079C,YOR116C,0,-6.8130503,0.08813692629337311,0.8960000276565552,0.9269999861717224
YKL190W,YLR347C,0,-6.8131175,0.08812826126813889,0.8960000276565552,0.9271000027656555
YML012W,YDL002C,0,-6.8133745,0.08811958879232407,0.8960000276565552,0.9272000193595886
YCR044C,YER168C,0,-6.8140254,0.08811092376708984,0.8960000276565552,0.927299976348877
YOL076W,YGL112C,1,-6.8140974,0.08820059150457382,0.8970000147819519,0.927299976348877
YMR041C,YML032C,0,-6.8143616,0.088191919028759,0.8970000147819519,0.9273999929428101
YDR096W,YKR089C,0,-6.8145394,0.08818324655294418,0.8970000147819519,0.9275000095367432
YGR254W,YDL145C,0,-6.8153267,0.08817458152770996,0.8970000147819519,0.9276000261306763
YDL047W,YNL030W,0,-6.8154774,0.08816591650247574,0.8970000147819519,0.9276999831199646
YPR023C,YBR081C,1,-6.8157806,0.08825552463531494,0.8980000019073486,0.9276999831199646
YNL103W,YDR382W,0,-6.81622,0.08824685215950012,0.8980000019073486,0.9277999997138977
YNR010W,YOR187W,0,-6.8163805,0.0882381871342659,0.8980000019073486,0.9279000163078308
YGL171W,YCR075C,0,-6.8169255,0.08822951465845108,0.8980000019073486,0.9279999732971191
YML061C,YML010W,0,-6.8169518,0.08822084963321686,0.8980000019073486,0.9280999898910522
YDR284C,YBL057C,0,-6.817338,0.08821217715740204,0.8980000019073486,0.9282000064849854
YLR181C,YOR377W,0,-6.8175435,0.08820351958274841,0.8980000019073486,0.9283000230789185
YMR309C,YLR059C,0,-6.817615,0.08819485455751419,0.8980000019073486,0.9283999800682068
YPL179W,YOR224C,0,-6.818348,0.08818618953227997,0.8980000019073486,0.9284999966621399
YIL110W,YBR029C,0,-6.8184223,0.08817753195762634,0.8980000019073486,0.928600013256073
YBR109C,YAL035W,0,-6.819106,0.08816887438297272,0.8980000019073486,0.9286999702453613
YOL061W,YLL036C,0,-6.81933,0.08816021680831909,0.8980000019073486,0.9287999868392944
YFL039C,YHR013C,1,-6.8218336,0.08824972808361053,0.8989999890327454,0.9287999868392944
YMR182C,YGL115W,0,-6.822054,0.08824107050895691,0.8989999890327454,0.9289000034332275
YML074C,YJL128C,0,-6.822074,0.08823240548372269,0.8989999890327454,0.9290000200271606
YPL243W,YPL140C,0,-6.822658,0.08822374790906906,0.8989999890327454,0.929099977016449
YMR052W,YPL084W,0,-6.8228436,0.08821509033441544,0.8989999890327454,0.9291999936103821
YNL197C,YDL004W,0,-6.8232584,0.08820643275976181,0.8989999890327454,0.9293000102043152
YMR056C,YDR153C,0,-6.824011,0.08819778263568878,0.8989999890327454,0.9294000267982483
YBL050W,YBL079W,0,-6.8246765,0.08818913251161575,0.8989999890327454,0.9294999837875366
YDR153C,YGR191W,0,-6.824854,0.08818048238754272,0.8989999890327454,0.9296000003814697
YBL093C,YFR004W,0,-6.825035,0.0881718322634697,0.8989999890327454,0.9297000169754028
YNL002C,YPL243W,0,-6.8268676,0.08816318213939667,0.8989999890327454,0.9297999739646912
YPR193C,YLR195C,1,-6.8269067,0.08825259655714035,0.8999999761581421,0.9297999739646912
YMR234W,YBR185C,0,-6.827399,0.08824394643306732,0.8999999761581421,0.9298999905586243
YHR165C,YJL117W,0,-6.82917,0.0882352963089943,0.8999999761581421,0.9300000071525574
YDL046W,YEL017C-A,0,-6.829442,0.08822664618492126,0.8999999761581421,0.9301000237464905
YHL031C,YKL007W,0,-6.829767,0.08821799606084824,0.8999999761581421,0.9301999807357788
YGL066W,YGR002C,1,-6.8304644,0.08830735832452774,0.9010000228881836,0.9301999807357788
YJL002C,YMR302C,0,-6.8304806,0.08829870820045471,0.9010000228881836,0.9302999973297119
YPL193W,YPR110C,0,-6.8317146,0.08829005062580109,0.9010000228881836,0.930400013923645
YER025W,YLR059C,0,-6.832745,0.08828140050172806,0.9010000228881836,0.9304999709129333
YFR009W,YDL064W,0,-6.833022,0.08827275037765503,0.9010000228881836,0.9305999875068665
YGR191W,YJL117W,0,-6.8335238,0.0882641077041626,0.9010000228881836,0.9307000041007996
YML078W,YGR186W,0,-6.834159,0.08825545758008957,0.9010000228881836,0.9308000206947327
YKL186C,YDR507C,0,-6.834259,0.08824681490659714,0.9010000228881836,0.930899977684021
YJL081C,YGR252W,1,-6.8343635,0.08833611011505127,0.9020000100135803,0.930899977684021
YFR036W,YPR008W,0,-6.8350067,0.08832745999097824,0.9020000100135803,0.9309999942779541
YER129W,YDR464W,0,-6.8356876,0.08831880986690521,0.9020000100135803,0.9311000108718872
YOR150W,YMR049C,0,-6.8360476,0.08831015974283218,0.9020000100135803,0.9312000274658203
YNL219C,YCL001W,0,-6.836055,0.08830151706933975,0.9020000100135803,0.9312999844551086
YLR330W,YMR128W,0,-6.8363385,0.08829287439584732,0.9020000100135803,0.9314000010490417
YPR051W,YJL081C,1,-6.8368206,0.08838210999965668,0.902999997138977,0.9314000010490417
YMR314W,YMR038C,0,-6.837662,0.08837345987558365,0.902999997138977,0.9315000176429749
YDR483W,YGR119C,0,-6.837781,0.08836480975151062,0.902999997138977,0.9315999746322632
YLR206W,YDR096W,0,-6.8380136,0.08835616707801819,0.902999997138977,0.9316999912261963
YNR027W,YPL224C,0,-6.838027,0.08834751695394516,0.902999997138977,0.9318000078201294
YHR161C,YNR006W,0,-6.838378,0.08833887428045273,0.902999997138977,0.9319000244140625
YJR082C,YGR002C,1,-6.838562,0.0884280577301979,0.9039999842643738,0.9319000244140625
YJR086W,YML001W,0,-6.8396435,0.08841940760612488,0.9039999842643738,0.9319999814033508
YDR022C,YKL004W,0,-6.8396907,0.08841075748205185,0.9039999842643738,0.9320999979972839
YBR103W,YMR080C,0,-6.839867,0.08840211480855942,0.9039999842643738,0.932200014591217
YML034W,YDL015C,0,-6.840373,0.08839346468448639,0.9039999842643738,0.9322999715805054
YER009W,YHR183W,0,-6.840756,0.08838482946157455,0.9039999842643738,0.9323999881744385
YPL232W,YMR006C,0,-6.8413143,0.08837618678808212,0.9039999842643738,0.9325000047683716
YDL040C,YDR145W,1,-6.841884,0.08846529573202133,0.9049999713897705,0.9325000047683716
YDR178W,YER038C,0,-6.8429565,0.0884566530585289,0.9049999713897705,0.9326000213623047
YKR083C,YKL186C,0,-6.843092,0.08844800293445587,0.9049999713897705,0.932699978351593
YBR035C,YOL072W,0,-6.8434205,0.08843936026096344,0.9049999713897705,0.9327999949455261
YJL156C,YPL228W,0,-6.843464,0.08843071758747101,0.9049999713897705,0.9329000115394592
YHL031C,YMR005W,0,-6.843874,0.08842208236455917,0.9049999713897705,0.9330000281333923
YDR175C,YNL271C,0,-6.8443356,0.08841343969106674,0.9049999713897705,0.9330999851226807
YHR027C,YPL042C,0,-6.8445697,0.08840480446815491,0.9049999713897705,0.9332000017166138
YIL035C,YOR372C,0,-6.84483,0.08839616924524307,0.9049999713897705,0.9333000183105469
YLR144C,YBL058W,0,-6.847478,0.08838754147291183,0.9049999713897705,0.9333999752998352
YNL090W,YIL085C,0,-6.8484077,0.08837890625,0.9049999713897705,0.9334999918937683
YBL052C,YDR145W,1,-6.848526,0.08846792578697205,0.906000018119812,0.9334999918937683
YDR016C,YGR195W,0,-6.848527,0.08845928311347961,0.906000018119812,0.9336000084877014
YLR276C,YJR132W,0,-6.8496027,0.08845064789056778,0.906000018119812,0.9337000250816345
YIR012W,YKL197C,0,-6.8499804,0.08844201266765594,0.906000018119812,0.9337999820709229
YDR264C,YJR082C,1,-6.850394,0.08853098750114441,0.9070000052452087,0.9337999820709229
YDR301W,YPL180W,0,-6.8507347,0.08852235227823257,0.9070000052452087,0.933899998664856
YER015W,YDR264C,1,-6.8518043,0.08861129730939865,0.9079999923706055,0.933899998664856
YLR285W,YLR293C,0,-6.851944,0.08860265463590622,0.9079999923706055,0.9340000152587891
YJL166W,YCR072C,0,-6.8520365,0.08859401196241379,0.9079999923706055,0.9340999722480774
YLR071C,YOL164W,0,-6.852541,0.08858536928892136,0.9079999923706055,0.9341999888420105
YER008C,YKL160W,0,-6.852556,0.08857672661542892,0.9079999923706055,0.9343000054359436
YDR448W,YFL039C,1,-6.8530602,0.08866562694311142,0.9089999794960022,0.9343000054359436
YLL026W,YOL010W,0,-6.8537273,0.08865697681903839,0.9089999794960022,0.9344000220298767
YBR256C,YGR037C,0,-6.853797,0.08864833414554596,0.9089999794960022,0.934499979019165
YJL190C,YOL013C,0,-6.854059,0.08863969147205353,0.9089999794960022,0.9345999956130981
YOL013C,YOL142W,0,-6.8571453,0.0886310487985611,0.9089999794960022,0.9347000122070312
YJR126C,YDL064W,0,-6.857206,0.08862240612506866,0.9089999794960022,0.9348000288009644
YDL040C,YJR082C,1,-6.858188,0.08871124684810638,0.9100000262260437,0.9348000288009644
YDL224C,YPL204W,0,-6.858197,0.08870260417461395,0.9100000262260437,0.9348999857902527
YMR255W,YMR172W,0,-6.860694,0.08869395405054092,0.9100000262260437,0.9350000023841858
YPL244C,YML032C,0,-6.860899,0.08868531137704849,0.9100000262260437,0.9351000189781189
YDR294C,YDR309C,0,-6.8619595,0.08867666870355606,0.9100000262260437,0.9351999759674072
YJL052W,YDR075W,0,-6.8626137,0.08866803348064423,0.9100000262260437,0.9352999925613403
YDR190C,YNL121C,0,-6.8627486,0.0886593908071518,0.9100000262260437,0.9354000091552734
YOL148C,YEL066W,1,-6.862752,0.08874817192554474,0.9110000133514404,0.9354000091552734
YOR142W,YDR011W,0,-6.8630066,0.08873952925205231,0.9110000133514404,0.9355000257492065
YPL262W,YMR091C,0,-6.863618,0.08873088657855988,0.9110000133514404,0.9355999827384949
YJL127C,YML088W,0,-6.8644595,0.08872224390506744,0.9110000133514404,0.935699999332428
YEL002C,YER003C,0,-6.86563,0.08871360123157501,0.9110000133514404,0.9358000159263611
YPL123C,YML113W,0,-6.8657627,0.08870496600866318,0.9110000133514404,0.9358999729156494
YJL036W,YHR088W,0,-6.8658953,0.08869633078575134,0.9110000133514404,0.9359999895095825
YLR130C,YKL193C,0,-6.866212,0.08868769556283951,0.9110000133514404,0.9361000061035156
YGL167C,YIL109C,0,-6.866591,0.08867906033992767,0.9110000133514404,0.9362000226974487
YPR005C,YOL124C,0,-6.867008,0.08867043256759644,0.9110000133514404,0.9362999796867371
YOL061W,YOL055C,0,-6.867847,0.0886617973446846,0.9110000133514404,0.9363999962806702
YGL115W,YNL142W,0,-6.869952,0.08865316957235336,0.9110000133514404,0.9365000128746033
YFR052W,YMR255W,0,-6.8701334,0.08864454925060272,0.9110000133514404,0.9366000294685364
YKR067W,YDR062W,0,-6.870219,0.08863592147827148,0.9110000133514404,0.9366999864578247
YGR185C,YNL131W,0,-6.870683,0.08862730115652084,0.9110000133514404,0.9368000030517578
YHR167W,YBR006W,0,-6.8715057,0.0886186733841896,0.9110000133514404,0.9369000196456909
YBR171W,YDL217C,0,-6.872098,0.08861006051301956,0.9110000133514404,0.9369999766349792
YOL064C,YPR125W,0,-6.872919,0.08860144019126892,0.9110000133514404,0.9370999932289124
YJL048C,YOL144W,0,-6.8730745,0.08859281986951828,0.9110000133514404,0.9372000098228455
YLR292C,YER009W,0,-6.874275,0.08858420699834824,0.9110000133514404,0.9373000264167786
YCL010C,YBR081C,1,-6.87465,0.08867282420396805,0.9120000004768372,0.9373000264167786
YJL110C,YDR178W,0,-6.875016,0.08866420388221741,0.9120000004768372,0.9373999834060669
YLR034C,YLR028C,0,-6.8765316,0.08865558356046677,0.9120000004768372,0.9375
YJL074C,YJL098W,0,-6.877696,0.08864697068929672,0.9120000004768372,0.9376000165939331
YCR020C-A,YLL022C,1,-6.878152,0.08873554319143295,0.9129999876022339,0.9376000165939331
YOR020C,YER022W,0,-6.8788276,0.08872692286968231,0.9129999876022339,0.9376999735832214
YIL079C,YOR001W,0,-6.8798428,0.08871829509735107,0.9129999876022339,0.9377999901771545
YCR083W,YMR140W,0,-6.880169,0.08870967477560043,0.9129999876022339,0.9379000067710876
YDL013W,YMR219W,0,-6.88048,0.08870106190443039,0.9129999876022339,0.9380000233650208
YHR013C,YGL112C,1,-6.8805203,0.08878958970308304,0.9139999747276306,0.9380000233650208
YDL120W,YIL061C,0,-6.881563,0.0887809619307518,0.9139999747276306,0.9380999803543091
YHR013C,YOR253W,1,-6.8828692,0.08886946737766266,0.9150000214576721,0.9380999803543091
YPL244C,YGL222C,0,-6.8840637,0.08886083215475082,0.9150000214576721,0.9381999969482422
YOR145C,YBR202W,0,-6.8841667,0.08885220438241959,0.9150000214576721,0.9383000135421753
YBR109C,YOL109W,0,-6.8844776,0.08884357661008835,0.9150000214576721,0.9383999705314636
YBR167C,YNL131W,0,-6.884961,0.08883494883775711,0.9150000214576721,0.9384999871253967
YHR143W-A,YHR068W,0,-6.885194,0.08882632851600647,0.9150000214576721,0.9386000037193298
YOL146W,YBR135W,0,-6.885783,0.08881770819425583,0.9150000214576721,0.9387000203132629
YPR016C,YOL117W,0,-6.8880215,0.08880908787250519,0.9150000214576721,0.9387999773025513
YPL149W,YJR077C,0,-6.888309,0.08880046755075455,0.9150000214576721,0.9388999938964844
YPL214C,YFL016C,0,-6.888501,0.0887918472290039,0.9150000214576721,0.9390000104904175
YKR060W,YOR380W,0,-6.8890696,0.08878323435783386,0.9150000214576721,0.9391000270843506
YGR253C,YDR447C,0,-6.8894415,0.08877462148666382,0.9150000214576721,0.9391999840736389
YDR429C,YER107C,0,-6.8899794,0.08876600861549377,0.9150000214576721,0.939300000667572
YKL196C,YER169W,0,-6.89023,0.08875739574432373,0.9150000214576721,0.9394000172615051
YJL201W,YHR150W,0,-6.890441,0.08874879032373428,0.9150000214576721,0.9394999742507935
YPR093C,YDR423C,0,-6.8907847,0.08874017745256424,0.9150000214576721,0.9395999908447266
YBR258C,YHR102W,0,-6.890929,0.08873157203197479,0.9150000214576721,0.9397000074386597
YBR026C,YPR190C,0,-6.8920164,0.08872297406196594,0.9150000214576721,0.9398000240325928
YJL127C,YML061C,0,-6.892932,0.0887143686413765,0.9150000214576721,0.9398999810218811
YHL025W,YOR261C,0,-6.8936453,0.08870577067136765,0.9150000214576721,0.9399999976158142
YLL042C,YMR203W,0,-6.8936577,0.0886971727013588,0.9150000214576721,0.9401000142097473
YBR215W,YMR065W,0,-6.894063,0.08868857473134995,0.9150000214576721,0.9401999711990356
YCR009C,YMR150C,0,-6.895075,0.0886799767613411,0.9150000214576721,0.9402999877929688
YLR362W,YBR196C,0,-6.895996,0.08867138624191284,0.9150000214576721,0.9404000043869019
YMR225C,YPR029C,0,-6.8963995,0.08866278827190399,0.9150000214576721,0.940500020980835
YJL042W,YPL043W,0,-6.8971252,0.08865419775247574,0.9150000214576721,0.9405999779701233
YMR035W,YFR004W,0,-6.89887,0.08864561468362808,0.9150000214576721,0.9406999945640564
YJR091C,YML094W,0,-6.900553,0.08863702416419983,0.9150000214576721,0.9408000111579895
YCL011C,YBR110W,0,-6.901162,0.08862844109535217,0.9150000214576721,0.9409000277519226
YJL076W,YKR036C,0,-6.902094,0.08861985802650452,0.9150000214576721,0.9409999847412109
YDL115C,YLR163C,0,-6.90259,0.08861127495765686,0.9150000214576721,0.941100001335144
YOL110W,YPR023C,1,-6.902716,0.08869952708482742,0.9160000085830688,0.941100001335144
YBR050C,YOR144C,0,-6.904146,0.08869093656539917,0.9160000085830688,0.9412000179290771
YMR135C,YOL082W,0,-6.904167,0.08868235349655151,0.9160000085830688,0.9412999749183655
YLR371W,YJR084W,0,-6.904517,0.08867376297712326,0.9160000085830688,0.9413999915122986
YLR013W,YLR097C,0,-6.9046535,0.0886651799082756,0.9160000085830688,0.9415000081062317
YKL160W,YBR295W,0,-6.904767,0.08865660429000854,0.9160000085830688,0.9416000247001648
YMR101C,YGL245W,0,-6.9053745,0.08864802122116089,0.9160000085830688,0.9416999816894531
YOL031C,YOR085W,0,-6.9054193,0.08863944560289383,0.9160000085830688,0.9417999982833862
YPL001W,YGL066W,1,-6.905427,0.08872762322425842,0.9169999957084656,0.9417999982833862
YDL047W,YER008C,0,-6.905512,0.08871904015541077,0.9169999957084656,0.9419000148773193
YGR037C,YOR033C,0,-6.9056387,0.08871045708656311,0.9169999957084656,0.9419999718666077
YKL110C,YKL017C,0,-6.9064727,0.08870187401771545,0.9169999957084656,0.9420999884605408
YBR114W,YBR265W,0,-6.906677,0.0886932983994484,0.9169999957084656,0.9422000050544739
YNL064C,YEL002C,0,-6.9082828,0.08868472278118134,0.9169999957084656,0.942300021648407
YGR092W,YMR267W,0,-6.9083085,0.08867614716291428,0.9169999957084656,0.9423999786376953
YPL154C,YIL126W,0,-6.908457,0.08866757154464722,0.9169999957084656,0.9424999952316284
YNL331C,YPR017C,0,-6.9088707,0.08865899592638016,0.9169999957084656,0.9426000118255615
YPL194W,YOL001W,0,-6.909836,0.0886504277586937,0.9169999957084656,0.9427000284194946
YDR294C,YLR324W,0,-6.909985,0.08864185959100723,0.9169999957084656,0.942799985408783
YHR197W,YIL007C,0,-6.9104857,0.08863329142332077,0.9169999957084656,0.9429000020027161
YGR147C,YDR145W,1,-6.912021,0.0887213721871376,0.9179999828338623,0.9429000020027161
YDR043C,YJL143W,0,-6.912733,0.08871279656887054,0.9179999828338623,0.9430000185966492
YIL072W,YBR168W,0,-6.9135666,0.08870422095060349,0.9179999828338623,0.9430999755859375
YDR318W,YJR126C,0,-6.9136677,0.08869565278291702,0.9179999828338623,0.9431999921798706
YLR332W,YJL196C,0,-6.913807,0.08868708461523056,0.9179999828338623,0.9433000087738037
YDR264C,YOR023C,1,-6.9150257,0.08877511322498322,0.9190000295639038,0.9433000087738037
YJR077C,YAR002W,0,-6.91662,0.08876653760671616,0.9190000295639038,0.9434000253677368
YJL098W,YOR308C,0,-6.916957,0.0887579694390297,0.9190000295639038,0.9434999823570251
YBR256C,YMR072W,0,-6.9174466,0.08874939382076263,0.9190000295639038,0.9435999989509583
YNL326C,YOL110W,1,-6.918087,0.0888373926281929,0.9200000166893005,0.9435999989509583
YGR225W,YGL033W,0,-6.918135,0.08882880955934525,0.9200000166893005,0.9437000155448914
YMR023C,YBR185C,0,-6.9193068,0.08882023394107819,0.9200000166893005,0.9437999725341797
YGL070C,YLR264W,0,-6.9196377,0.08881165832281113,0.9200000166893005,0.9438999891281128
YBR068C,YDL042C,0,-6.921114,0.08880309015512466,0.9200000166893005,0.9440000057220459
YNL326C,YEL066W,1,-6.921571,0.08889103680849075,0.9210000038146973,0.9440000057220459
YLL043W,YGR209C,0,-6.9228497,0.0888824537396431,0.9210000038146973,0.944100022315979
YPL159C,YJL154C,0,-6.923344,0.08887387812137604,0.9210000038146973,0.9441999793052673
YOR359W,YDR412W,0,-6.9234343,0.08886530250310898,0.9210000038146973,0.9442999958992004
YKR019C,YMR255W,0,-6.9240537,0.08885672688484192,0.9210000038146973,0.9444000124931335
YLR192C,YOR335C,0,-6.9240675,0.08884815871715546,0.9210000038146973,0.9445000290870667
YJL002C,YPL159C,0,-6.9243836,0.088839590549469,0.9210000038146973,0.944599986076355
YMR305C,YMR313C,0,-6.924548,0.08883101493120193,0.9210000038146973,0.9447000026702881
YLR305C,YML012W,0,-6.924999,0.08882245421409607,0.9210000038146973,0.9448000192642212
YDL208W,YFR033C,0,-6.9253745,0.0888138860464096,0.9210000038146973,0.9448999762535095
YML115C,YFL018C,0,-6.9260945,0.08880532532930374,0.9210000038146973,0.9449999928474426
YOR023C,YDR145W,1,-6.92702,0.08889317512512207,0.921999990940094,0.9449999928474426
YMR302C,YLR429W,0,-6.927852,0.08888460695743561,0.921999990940094,0.9451000094413757
YDR175C,YPL091W,0,-6.928908,0.08887603878974915,0.921999990940094,0.9452000260353088
YHL027W,YJL008C,0,-6.929612,0.08886747062206268,0.921999990940094,0.9452999830245972
YGR094W,YKL192C,0,-6.930994,0.08885890245437622,0.921999990940094,0.9453999996185303
YDR339C,YNR016C,0,-6.931058,0.08885034173727036,0.921999990940094,0.9455000162124634
YIL004C,YCL043C,0,-6.9312577,0.08884178102016449,0.921999990940094,0.9455999732017517
YOR150W,YDR201W,0,-6.9316816,0.08883322030305862,0.921999990940094,0.9456999897956848
YOR243C,YMR140W,0,-6.931736,0.08882465958595276,0.921999990940094,0.9458000063896179
YGL120C,YDR529C,0,-6.9317594,0.08881610631942749,0.921999990940094,0.945900022983551
YLR292C,YML001W,0,-6.932213,0.08880755305290222,0.921999990940094,0.9459999799728394
YCL011C,YDR298C,0,-6.9338903,0.08879899978637695,0.921999990940094,0.9460999965667725
YKL015W,YBR201W,0,-6.934335,0.08879044651985168,0.921999990940094,0.9462000131607056
YOR054C,YOR095C,0,-6.9349375,0.08878189325332642,0.921999990940094,0.9463000297546387
YCL029C,YEL009C,0,-6.93541,0.08877334743738174,0.921999990940094,0.946399986743927
YBL052C,YGR002C,1,-6.9393225,0.08886107802391052,0.9229999780654907,0.946399986743927
YIL033C,YOR231W,0,-6.9395804,0.08885252475738525,0.9229999780654907,0.9465000033378601
YNL049C,YKL074C,0,-6.9398103,0.08884397149085999,0.9229999780654907,0.9466000199317932
YLL009C,YPR094W,0,-6.9400578,0.08883541822433472,0.9229999780654907,0.9466999769210815
YJL006C,YPR188C,0,-6.940478,0.08882687240839005,0.9229999780654907,0.9467999935150146
YJR052W,YJL173C,0,-6.941926,0.08881831914186478,0.9229999780654907,0.9469000101089478
YIL014W,YGR202C,0,-6.9420033,0.0888097733259201,0.9229999780654907,0.9470000267028809
YPR178W,YNL015W,0,-6.942435,0.08880123496055603,0.9229999780654907,0.9470999836921692
YBR050C,YML114C,0,-6.9426146,0.08879268914461136,0.9229999780654907,0.9472000002861023
YIL118W,YDR077W,0,-6.944377,0.08878415077924728,0.9229999780654907,0.9473000168800354
YJL115W,YJL081C,1,-6.9457293,0.0888717919588089,0.9240000247955322,0.9473000168800354
YOR023C,YPR023C,1,-6.94577,0.08895941823720932,0.925000011920929,0.9473000168800354
YGR195W,YBL020W,0,-6.946636,0.08895085752010345,0.925000011920929,0.9473999738693237
YAR003W,YDR298C,0,-6.9480677,0.08894230425357819,0.925000011920929,0.9474999904632568
YLL031C,YBR293W,0,-6.9487123,0.08893375843763351,0.925000011920929,0.9476000070571899
YOR106W,YML013W,0,-6.948825,0.08892520517110825,0.925000011920929,0.947700023651123
YGR262C,YEL018W,0,-6.949158,0.08891665935516357,0.925000011920929,0.9477999806404114
YGL020C,YBR006W,0,-6.950369,0.0889081135392189,0.925000011920929,0.9478999972343445
YNR002C,YNL015W,0,-6.951233,0.08889956772327423,0.925000011920929,0.9480000138282776
YDR260C,YPL029W,0,-6.952762,0.08889102190732956,0.925000011920929,0.9480999708175659
YHR114W,YMR301C,0,-6.9529953,0.08888248354196548,0.925000011920929,0.948199987411499
YDR098C,YNL064C,0,-6.953045,0.08887394517660141,0.925000011920929,0.9483000040054321
YPR029C,YOR069W,0,-6.953495,0.08886540681123734,0.925000011920929,0.9484000205993652
YGR147C,YOL110W,1,-6.9538016,0.0889529287815094,0.9259999990463257,0.9484000205993652
YMR056C,YDR339C,0,-6.9540844,0.08894438296556473,0.9259999990463257,0.9484999775886536
YOR171C,YBL020W,0,-6.9548855,0.08893584460020065,0.9259999990463257,0.9485999941825867
YJL010C,YMR284W,0,-6.955839,0.08892729878425598,0.9259999990463257,0.9487000107765198
YBR212W,YMR308C,0,-6.9566627,0.0889187604188919,0.9259999990463257,0.9488000273704529
YJL042W,YOR069W,0,-6.957645,0.08891022205352783,0.9259999990463257,0.9488999843597412
YMR044W,YJR050W,0,-6.9595537,0.08890169113874435,0.9259999990463257,0.9490000009536743
YPR086W,YGR077C,0,-6.9596868,0.08889315277338028,0.9259999990463257,0.9491000175476074
YGR104C,YIL070C,0,-6.9613304,0.0888846218585968,0.9259999990463257,0.9491999745368958
YLR097C,YJL117W,0,-6.961589,0.08887609094381332,0.9259999990463257,0.9492999911308289
YML062C,YKL139W,0,-6.9619613,0.08886756002902985,0.9259999990463257,0.949400007724762
YPL218W,YNL049C,0,-6.962577,0.08885903656482697,0.9259999990463257,0.9495000243186951
YBR210W,YDR212W,0,-6.964833,0.08885050565004349,0.9259999990463257,0.9495999813079834
YDL040C,YFL039C,1,-6.965704,0.0889379233121872,0.9269999861717224,0.9495999813079834
YDR153C,YBL080C,0,-6.9663496,0.08892939239740372,0.9269999861717224,0.9496999979019165
YDR231C,YJR046W,0,-6.966361,0.08892086148262024,0.9269999861717224,0.9498000144958496
YML080W,YKR002W,0,-6.967161,0.08891233801841736,0.9269999861717224,0.9498999714851379
YGL017W,YFL038C,0,-6.969548,0.08890380710363388,0.9269999861717224,0.949999988079071
YAL051W,YLR362W,0,-6.971986,0.088895283639431,0.9269999861717224,0.9501000046730042
YMR290C,YMR235C,0,-6.9748707,0.08888676017522812,0.9269999861717224,0.9502000212669373
YPL049C,YFR037C,0,-6.975104,0.08887823671102524,0.9269999861717224,0.9502999782562256
YOL122C,YOR033C,0,-6.975319,0.08886971324682236,0.9269999861717224,0.9503999948501587
YBL008W,YHR150W,0,-6.9781013,0.08886119723320007,0.9269999861717224,0.9505000114440918
YMR156C,YOR310C,0,-6.978598,0.08885268121957779,0.9269999861717224,0.9506000280380249
YGR147C,YGL112C,1,-6.97935,0.08894000202417374,0.9279999732971191,0.9506000280380249
YGR147C,YJR082C,1,-6.980127,0.08902731537818909,0.9290000200271606,0.9506000280380249
YDL115C,YHR019C,0,-6.9805107,0.08901878446340561,0.9290000200271606,0.9506999850273132
YNR008W,YER024W,0,-6.9806104,0.08901025354862213,0.9290000200271606,0.9508000016212463
YNL147W,YLR304C,0,-6.9812045,0.08900172263383865,0.9290000200271606,0.9509000182151794
YKR046C,YIL135C,0,-6.9822397,0.08899319916963577,0.9290000200271606,0.9509999752044678
YOR023C,YLR195C,1,-6.9829125,0.08908046036958694,0.9300000071525574,0.9509999752044678
YHR070W,YPR033C,0,-6.9829693,0.08907192945480347,0.9300000071525574,0.9510999917984009
YPR163C,YPL224C,0,-6.983119,0.08906339854001999,0.9300000071525574,0.951200008392334
YLL002W,YGR147C,1,-6.9840994,0.08915062993764877,0.9309999942779541,0.951200008392334
YHL027W,YPR033C,0,-6.9852695,0.0891420915722847,0.9309999942779541,0.9513000249862671
YPR163C,YJR121W,0,-6.985781,0.08913355320692062,0.9309999942779541,0.9513999819755554
YDR160W,YKL146W,0,-6.985831,0.08912502229213715,0.9309999942779541,0.9514999985694885
YHR050W,YBR082C,0,-6.986567,0.08911649137735367,0.9309999942779541,0.9516000151634216
YPL076W,YMR026C,0,-6.9869204,0.08910796046257019,0.9309999942779541,0.95169997215271
YIL142W,YLR008C,0,-6.987693,0.08909943699836731,0.9309999942779541,0.9517999887466431
YJR093C,YBR179C,0,-6.989177,0.08909090608358383,0.9309999942779541,0.9519000053405762
YGR104C,YNL148C,0,-6.9902887,0.08908238261938095,0.9309999942779541,0.9520000219345093
YDL046W,YHR085W,0,-6.9907513,0.08907385915517807,0.9309999942779541,0.9520999789237976
YDR085C,YDR059C,0,-6.9920197,0.08906534314155579,0.9309999942779541,0.9521999955177307
YOR023C,YFL024C,1,-6.992244,0.08915247768163681,0.9319999814033508,0.9521999955177307
YPL069C,YPL008W,0,-6.9923143,0.08914394676685333,0.9319999814033508,0.9523000121116638
YDR148C,YJL033W,0,-6.992613,0.08913542330265045,0.9319999814033508,0.9524000287055969
YOR046C,YKL188C,0,-6.9940343,0.08912689983844757,0.9319999814033508,0.9524999856948853
YDR448W,YPR023C,1,-6.994815,0.08921399712562561,0.9330000281333923,0.9524999856948853
YDR264C,YOR064C,1,-6.9950294,0.08930107951164246,0.9340000152587891,0.9524999856948853
YER015W,YGL066W,1,-6.995676,0.08938814699649811,0.9350000023841858,0.9524999856948853
YGR147C,YGR002C,1,-6.995686,0.08947519212961197,0.9359999895095825,0.9524999856948853
YOL143C,YDR017C,0,-6.997485,0.0894666388630867,0.9359999895095825,0.9526000022888184
YIL147C,YDR120C,0,-6.9975147,0.08945809304714203,0.9359999895095825,0.9527000188827515
YMR077C,YGR270W,0,-6.997813,0.08944953978061676,0.9359999895095825,0.9527999758720398
YDR258C,YFR004W,0,-6.9980555,0.08944099396467209,0.9359999895095825,0.9528999924659729
YOR245C,YDR297W,0,-6.999793,0.08943244814872742,0.9359999895095825,0.953000009059906
YDL040C,YJL081C,1,-6.9999766,0.0895194411277771,0.9369999766349792,0.953000009059906
YER178W,YCR009C,0,-7.000606,0.08951088786125183,0.9369999766349792,0.9531000256538391
YDL046W,YGR086C,0,-7.001676,0.08950234204530716,0.9369999766349792,0.9531999826431274
YMR109W,YKR002W,0,-7.0018244,0.08949378877878189,0.9369999766349792,0.9532999992370605
YMR109W,YNL103W,0,-7.0034904,0.08948524296283722,0.9369999766349792,0.9534000158309937
YDR163W,YDL126C,0,-7.00354,0.08947669714689255,0.9369999766349792,0.953499972820282
YPR155C,YNL103W,0,-7.0044184,0.08946815878152847,0.9369999766349792,0.9535999894142151
YIL112W,YDL200C,0,-7.0066137,0.0894596129655838,0.9369999766349792,0.9537000060081482
YCR044C,YLL003W,0,-7.0069475,0.08945107460021973,0.9369999766349792,0.9538000226020813
YDR448W,YGL066W,1,-7.007037,0.08953799307346344,0.9380000233650208,0.9538000226020813
YGR276C,YJR019C,0,-7.008003,0.08952944725751877,0.9380000233650208,0.9538999795913696
YMR285C,YGL098W,0,-7.0091176,0.0895209014415741,0.9380000233650208,0.9539999961853027
YDL028C,YDR485C,0,-7.009159,0.08951235562562943,0.9380000233650208,0.9541000127792358
YOL148C,YHR013C,1,-7.0095525,0.08959923684597015,0.9390000104904175,0.9541000127792358
YLL031C,YFR037C,0,-7.0105114,0.08959069103002548,0.9390000104904175,0.954200029373169
YOL055C,YPR075C,0,-7.010545,0.08958213776350021,0.9390000104904175,0.9542999863624573
YNR007C,YLR075W,0,-7.0107174,0.08957359194755554,0.9390000104904175,0.9544000029563904
YOR048C,YFL022C,0,-7.0111423,0.08956505358219147,0.9390000104904175,0.9545000195503235
YER061C,YPL153C,0,-7.011714,0.0895565077662468,0.9390000104904175,0.9545999765396118
YNL326C,YOR023C,1,-7.011731,0.08964333683252335,0.9399999976158142,0.9545999765396118
YBL102W,YGL025C,0,-7.011826,0.08963478356599808,0.9399999976158142,0.9546999931335449
YPR051W,YHR013C,1,-7.011945,0.08972159028053284,0.9409999847412109,0.9546999931335449
YDR294C,YKL120W,0,-7.0126114,0.08971302956342697,0.9409999847412109,0.954800009727478
YNL248C,YKL064W,0,-7.012761,0.0897044837474823,0.9409999847412109,0.9549000263214111
YLR034C,YPR037C,0,-7.0137815,0.08969593048095703,0.9409999847412109,0.9549999833106995
YPL204W,YMR188C,0,-7.0145226,0.08968737721443176,0.9409999847412109,0.9550999999046326
YDR453C,YGL253W,0,-7.0173006,0.08967883139848709,0.9409999847412109,0.9552000164985657
YLR090W,YLR192C,0,-7.0175085,0.08967028558254242,0.9409999847412109,0.955299973487854
YIL076W,YDR310C,0,-7.017935,0.08966174721717834,0.9409999847412109,0.9553999900817871
YOL109W,YPR100W,0,-7.0190954,0.08965320140123367,0.9409999847412109,0.9555000066757202
YKL013C,YHR118C,0,-7.019827,0.0896446630358696,0.9409999847412109,0.9556000232696533
YJL141C,YDR062W,0,-7.0201755,0.08963612467050552,0.9409999847412109,0.9556999802589417
YDL195W,YML010W,0,-7.0216007,0.08962758630514145,0.9409999847412109,0.9557999968528748
YNL219C,YPR086W,0,-7.021776,0.08961904793977737,0.9409999847412109,0.9559000134468079
YGL025C,YMR065W,0,-7.0218163,0.0896105095744133,0.9409999847412109,0.9559999704360962
YHL028W,YPR008W,0,-7.0221376,0.08960197865962982,0.9409999847412109,0.9560999870300293
YPL196W,YLR080W,0,-7.022954,0.08959344774484634,0.9409999847412109,0.9562000036239624
YDR294C,YCL011C,0,-7.0232754,0.08958491683006287,0.9409999847412109,0.9563000202178955
YER100W,YJR057W,0,-7.0245914,0.08957639336585999,0.9409999847412109,0.9563999772071838
YMR135C,YGL253W,0,-7.024955,0.08956786245107651,0.9409999847412109,0.9564999938011169
YJR065C,YIL106W,0,-7.0250683,0.08955933898687363,0.9409999847412109,0.95660001039505
YKL148C,YDR228C,0,-7.0266213,0.08955081552267075,0.9409999847412109,0.9567000269889832
YPR023C,YOR034C,1,-7.026796,0.08963745087385178,0.9419999718666077,0.9567000269889832
YER005W,YOR171C,0,-7.026991,0.0896289274096489,0.9419999718666077,0.9567999839782715
YPL115C,YLR170C,0,-7.027204,0.08962039649486542,0.9419999718666077,0.9569000005722046
YOR341W,YDR059C,0,-7.0287323,0.08961187303066254,0.9419999718666077,0.9570000171661377
YGR267C,YOR187W,0,-7.0290556,0.08960334956645966,0.9419999718666077,0.957099974155426
YLL019C,YGL172W,0,-7.029274,0.08959482610225677,0.9419999718666077,0.9571999907493591
YOL148C,YDL040C,1,-7.029426,0.08968140929937363,0.9430000185966492,0.9571999907493591
YMR313C,YML114C,0,-7.0297236,0.08967287838459015,0.9430000185966492,0.9573000073432922
YPL160W,YPL127C,0,-7.0311813,0.08966435492038727,0.9430000185966492,0.9574000239372253
YDL207W,YMR083W,0,-7.031332,0.08965583145618439,0.9430000185966492,0.9574999809265137
YJR105W,YEL002C,0,-7.033123,0.0896473079919815,0.9430000185966492,0.9575999975204468
YBR055C,YDR071C,0,-7.0332227,0.08963878452777863,0.9430000185966492,0.9577000141143799
YOR245C,YPL262W,0,-7.0347395,0.08963026106357574,0.9430000185966492,0.9577999711036682
YPL015C,YBR068C,0,-7.0347433,0.08962174504995346,0.9430000185966492,0.9578999876976013
YNR027W,YDR284C,0,-7.035171,0.08961322903633118,0.9430000185966492,0.9580000042915344
YPL179W,YAL042W,0,-7.0357533,0.08960471302270889,0.9430000185966492,0.9581000208854675
YOR377W,YDL002C,0,-7.0361385,0.08959619700908661,0.9430000185966492,0.9581999778747559
YOR261C,YJL053W,0,-7.036167,0.08958768844604492,0.9430000185966492,0.958299994468689
YIL105C,YLR363C,0,-7.037053,0.08957917988300323,0.9430000185966492,0.9584000110626221
YEL061C,YNL117W,0,-7.0387278,0.08957067131996155,0.9430000185966492,0.9585000276565552
YGR004W,YOR257W,0,-7.039526,0.08956216275691986,0.9430000185966492,0.9585999846458435
YDR294C,YMR033W,0,-7.0397463,0.08955365419387817,0.9430000185966492,0.9587000012397766
YPR051W,YOR034C,1,-7.0405836,0.08964011073112488,0.9440000057220459,0.9587000012397766
YMR302C,YOR007C,0,-7.0409527,0.08963160216808319,0.9440000057220459,0.9588000178337097
YDR309C,YBR077C,0,-7.041899,0.08962308615446091,0.9440000057220459,0.958899974822998
YEL018W,YGL025C,0,-7.042542,0.08961458504199982,0.9440000057220459,0.9589999914169312
YDR310C,YPL050C,0,-7.0437293,0.08960607647895813,0.9440000057220459,0.9591000080108643
YGL087C,YIL049W,0,-7.0462666,0.08959756791591644,0.9440000057220459,0.9592000246047974
YJL156C,YOL051W,0,-7.0463576,0.08958906680345535,0.9440000057220459,0.9592999815940857
YOR150W,YPL149W,0,-7.0464897,0.08958056569099426,0.9440000057220459,0.9593999981880188
YPL174C,YDL015C,0,-7.048889,0.08957206457853317,0.9440000057220459,0.9595000147819519
YPL006W,YBL024W,0,-7.049603,0.08956357091665268,0.9440000057220459,0.9595999717712402
YJR007W,YGR074W,0,-7.0540724,0.08955506980419159,0.9440000057220459,0.9596999883651733
YCR083W,YDR449C,0,-7.0541687,0.0895465761423111,0.9440000057220459,0.9598000049591064
YOR272W,YDR214W,0,-7.0543675,0.0895380824804306,0.9440000057220459,0.9599000215530396
YMR203W,YML071C,0,-7.0545335,0.08952958881855011,0.9440000057220459,0.9599999785423279
YMR212C,YHR068W,0,-7.0561976,0.08952110260725021,0.9440000057220459,0.960099995136261
YNR046W,YHR019C,0,-7.057104,0.08951260894536972,0.9440000057220459,0.9602000117301941
YGL113W,YNL015W,0,-7.057531,0.08950412273406982,0.9440000057220459,0.9603000283241272
YNL326C,YDL040C,1,-7.058282,0.08959044516086578,0.9449999928474426,0.9603000283241272
YIL013C,YDR416W,0,-7.058936,0.08958195149898529,0.9449999928474426,0.9603999853134155
YCR044C,YMR025W,0,-7.0593834,0.0895734578371048,0.9449999928474426,0.9605000019073486
YKL110C,YDL145C,0,-7.0599365,0.0895649716258049,0.9449999928474426,0.9606000185012817
YNL131W,YBL088C,0,-7.061184,0.089556485414505,0.9449999928474426,0.9606999754905701
YKR060W,YPL059W,0,-7.062767,0.08954799920320511,0.9449999928474426,0.9607999920845032
YDR251W,YJL143W,0,-7.064478,0.08953951299190521,0.9449999928474426,0.9609000086784363
YNL256W,YKL064W,0,-7.0647254,0.08953102678060532,0.9449999928474426,0.9610000252723694
YGR147C,YOR023C,1,-7.0661826,0.0896172821521759,0.9459999799728394,0.9610000252723694
YPR051W,YLL022C,1,-7.066185,0.0897035151720047,0.9470000267028809,0.9610000252723694
YDL042C,YLR380W,0,-7.069821,0.0896950215101242,0.9470000267028809,0.9610999822616577
YOR327C,YDL164C,0,-7.070295,0.08968652039766312,0.9470000267028809,0.9611999988555908
YNL326C,YJL081C,1,-7.0710363,0.08977272361516953,0.9480000138282776,0.9611999988555908
YJL081C,YOL110W,1,-7.072667,0.08985891193151474,0.9490000009536743,0.9611999988555908
YDL226C,YBR006W,0,-7.072826,0.08985041081905365,0.9490000009536743,0.9613000154495239
YER105C,YEL013W,0,-7.0728817,0.08984190225601196,0.9490000009536743,0.9613999724388123
YGR224W,YBR201W,0,-7.0732775,0.08983339369297028,0.9490000009536743,0.9614999890327454
YOR007C,YNL103W,0,-7.0745945,0.08982489258050919,0.9490000009536743,0.9616000056266785
YMR041C,YDR389W,0,-7.0756173,0.0898163914680481,0.9490000009536743,0.9617000222206116
YLR195C,YGL112C,1,-7.0757103,0.08990252763032913,0.949999988079071,0.9617000222206116
YMR072W,YKR072C,0,-7.0758295,0.08989401906728745,0.949999988079071,0.9617999792098999
YDR190C,YPR155C,0,-7.077404,0.08988551795482635,0.949999988079071,0.961899995803833
YER177W,YEL002C,0,-7.0794096,0.08987700939178467,0.949999988079071,0.9620000123977661
YJL036W,YNL085W,0,-7.0804257,0.08986850827932358,0.949999988079071,0.9621000289916992
YLL003W,YBL025W,0,-7.0819845,0.08986000716686249,0.949999988079071,0.9621999859809875
YLR335W,YOR239W,0,-7.083707,0.0898515060544014,0.949999988079071,0.9623000025749207
YOR054C,YML094W,0,-7.08475,0.0898430123925209,0.949999988079071,0.9624000191688538
YBR055C,YML069W,0,-7.085329,0.08983451873064041,0.949999988079071,0.9624999761581421
YIR022W,YLR309C,0,-7.0856485,0.08982601761817932,0.949999988079071,0.9625999927520752
YDL031W,YGR209C,0,-7.0877247,0.08981753140687943,0.949999988079071,0.9627000093460083
YLR195C,YDR145W,1,-7.0906873,0.0899035707116127,0.9509999752044678,0.9627000093460083
YNL156C,YBL026W,0,-7.092458,0.08989507704973221,0.9509999752044678,0.9628000259399414
YPR023C,YDR392W,1,-7.0950766,0.0899810940027237,0.9520000219345093,0.9628000259399414
YGR147C,YPR023C,1,-7.1015987,0.09006710350513458,0.953000009059906,0.9628000259399414
YPR033C,YLR340W,0,-7.1034875,0.0900585874915123,0.953000009059906,0.9628999829292297
YBR245C,YDR178W,0,-7.104825,0.09005007892847061,0.953000009059906,0.9629999995231628
YER178W,YBR215W,0,-7.1050096,0.09004157036542892,0.953000009059906,0.963100016117096
YML004C,YLR197W,0,-7.1055775,0.09003306925296783,0.953000009059906,0.9631999731063843
YLR304C,YAL038W,0,-7.106358,0.09002456068992615,0.953000009059906,0.9632999897003174
YNL156C,YOR036W,0,-7.106985,0.09001605957746506,0.953000009059906,0.9634000062942505
YLR427W,YNL091W,0,-7.1103683,0.09000755846500397,0.953000009059906,0.9635000228881836
YGR147C,YJL115W,1,-7.1109004,0.09009349346160889,0.9539999961853027,0.9635000228881836
YMR201C,YDR311W,0,-7.1110187,0.0900849848985672,0.9539999961853027,0.9635999798774719
YDR489W,YJL052W,0,-7.112405,0.09007647633552551,0.9539999961853027,0.963699996471405
YKR060W,YDR293C,0,-7.112861,0.09006797522306442,0.9539999961853027,0.9638000130653381
YGR156W,YPL262W,0,-7.1130075,0.09005947411060333,0.9539999961853027,0.9639000296592712
YOR322C,YPR120C,0,-7.1147676,0.09005097299814224,0.9539999961853027,0.9639999866485596
YKL016C,YPL154C,0,-7.117633,0.09004247188568115,0.9539999961853027,0.9641000032424927
YPR093C,YNL166C,0,-7.1177874,0.09003397822380066,0.9539999961853027,0.9642000198364258
YDR385W,YDR276C,0,-7.119465,0.09002547711133957,0.9539999961853027,0.9642999768257141
YGL106W,YPR086W,0,-7.119605,0.09001698344945908,0.9539999961853027,0.9643999934196472
YDR513W,YPR161C,0,-7.120536,0.09000848978757858,0.9539999961853027,0.9645000100135803
YOR087W,YCR052W,0,-7.122011,0.09000000357627869,0.9539999961853027,0.9646000266075134
YOR142W,YLR068W,0,-7.1227217,0.0899915099143982,0.9539999961853027,0.9646999835968018
YPR023C,YGL066W,1,-7.122793,0.09007734060287476,0.9549999833106995,0.9646999835968018
YKR003W,YKL016C,0,-7.1250467,0.09006884694099426,0.9549999833106995,0.9648000001907349
YJL003W,YCL059C,0,-7.1258664,0.09006035327911377,0.9549999833106995,0.964900016784668
YDR022C,YMR290C,0,-7.127111,0.09005185961723328,0.9549999833106995,0.9649999737739563
YGL136C,YMR188C,0,-7.132489,0.09004337340593338,0.9549999833106995,0.9650999903678894
YBR167C,YLR231C,0,-7.132544,0.09003487974405289,0.9549999833106995,0.9652000069618225
YNR007C,YMR012W,0,-7.1336184,0.09002639353275299,0.9549999833106995,0.9653000235557556
YML006C,YHR050W,0,-7.1341615,0.0900179073214531,0.9549999833106995,0.965399980545044
YAL031C,YNR017W,0,-7.134925,0.0900094285607338,0.9549999833106995,0.965499997138977
YOR142W,YDR021W,0,-7.136368,0.0900009423494339,0.9549999833106995,0.9656000137329102
YCL010C,YDR145W,1,-7.13896,0.0900866910815239,0.9559999704360962,0.9656000137329102
YMR044W,YPL151C,0,-7.140933,0.090078204870224,0.9559999704360962,0.9656999707221985
YGR227W,YJL072C,0,-7.1410747,0.0900697186589241,0.9559999704360962,0.9657999873161316
YML128C,YBR283C,0,-7.1414137,0.0900612324476242,0.9559999704360962,0.9659000039100647
YOR362C,YBL006C,0,-7.141796,0.09005275368690491,0.9559999704360962,0.9660000205039978
YLR033W,YOR123C,0,-7.142763,0.09004426747560501,0.9559999704360962,0.9660999774932861
YGR278W,YDR311W,0,-7.144099,0.09003578871488571,0.9559999704360962,0.9661999940872192
YGR147C,YGL066W,1,-7.1450095,0.09012147784233093,0.9570000171661377,0.9661999940872192
YMR142C,YIL154C,0,-7.1459723,0.09011299163103104,0.9570000171661377,0.9663000106811523
YDR189W,YLR147C,0,-7.1461883,0.09010451287031174,0.9570000171661377,0.9664000272750854
YOR064C,YPL001W,1,-7.1467304,0.09019017219543457,0.9580000042915344,0.9664000272750854
YPL204W,YPL243W,0,-7.1481895,0.09018167853355408,0.9580000042915344,0.9664999842643738
YPL122C,YJR093C,0,-7.153063,0.09017319232225418,0.9580000042915344,0.9666000008583069
YDL040C,YCR020C-A,1,-7.154199,0.09025882184505463,0.9589999914169312,0.9666000008583069
YKR066C,YJR010C-A,0,-7.155832,0.09025032818317413,0.9589999914169312,0.96670001745224
YFL039C,YHR090C,1,-7.157543,0.09033593535423279,0.9599999785423279,0.96670001745224
YJR082C,YOR064C,1,-7.158666,0.09042152762413025,0.9610000252723694,0.96670001745224
YOL148C,YGL066W,1,-7.162496,0.09050710499286652,0.9620000123977661,0.96670001745224
YDR260C,YNL036W,0,-7.1628036,0.09049858897924423,0.9620000123977661,0.9667999744415283
YDL115C,YPR155C,0,-7.163724,0.09049007296562195,0.9620000123977661,0.9668999910354614
YOL124C,YPR187W,0,-7.1656475,0.09048156440258026,0.9620000123977661,0.9670000076293945
YML006C,YMR277W,0,-7.1658525,0.09047305583953857,0.9620000123977661,0.9671000242233276
YHR143W-A,YBR103W,0,-7.167921,0.09046454727649689,0.9620000123977661,0.967199981212616
YOR023C,YGR002C,1,-7.168354,0.09055007249116898,0.9629999995231628,0.967199981212616
YMR091C,YBR265W,0,-7.168548,0.09054155647754669,0.9629999995231628,0.9672999978065491
YDL074C,YCR012W,0,-7.169784,0.090533047914505,0.9629999995231628,0.9674000144004822
YBR084W,YHR013C,1,-7.172018,0.09061853587627411,0.9639999866485596,0.9674000144004822
YFL039C,YGR002C,1,-7.1737604,0.09070401638746262,0.9649999737739563,0.9674000144004822
YEL051W,YML124C,0,-7.177341,0.09069548547267914,0.9649999737739563,0.9674999713897705
YBR043C,YPL243W,0,-7.1775274,0.09068696200847626,0.9649999737739563,0.9675999879837036
YGL025C,YKL189W,0,-7.1789217,0.09067844599485397,0.9649999737739563,0.9677000045776367
YDL015C,YGR206W,0,-7.1794214,0.09066992253065109,0.9649999737739563,0.9678000211715698
YHR205W,YBL016W,0,-7.1806498,0.09066140651702881,0.9649999737739563,0.9678999781608582
YLR075W,YHR150W,0,-7.1806564,0.09065289050340652,0.9649999737739563,0.9679999947547913
YDL083C,YPR074C,0,-7.181724,0.09064437448978424,0.9649999737739563,0.9681000113487244
YJL124C,YDR400W,0,-7.181773,0.09063585847616196,0.9649999737739563,0.9682000279426575
YJR082C,YGL112C,1,-7.1819186,0.0907212644815445,0.9660000205039978,0.9682000279426575
YDR148C,YMR065W,0,-7.1820917,0.09071274101734161,0.9660000205039978,0.9682999849319458
YKL160W,YPL224C,0,-7.18312,0.09070422500371933,0.9660000205039978,0.9684000015258789
YAL035W,YOR206W,0,-7.1833506,0.09069570899009705,0.9660000205039978,0.968500018119812
YJL133W,YDR456W,0,-7.184461,0.09068719297647476,0.9660000205039978,0.9685999751091003
YPL106C,YKR057W,0,-7.1851273,0.09067868441343307,0.9660000205039978,0.9686999917030334
YML012W,YLR016C,0,-7.185701,0.09067016839981079,0.9660000205039978,0.9688000082969666
YAL022C,YDL145C,0,-7.188241,0.0906616598367691,0.9660000205039978,0.9689000248908997
YDL142C,YKR081C,0,-7.1884565,0.09065315127372742,0.9660000205039978,0.968999981880188
YNL326C,YPR051W,1,-7.189987,0.09073848277330399,0.9670000076293945,0.968999981880188
YFL002C,YCR072C,0,-7.1903343,0.0907299667596817,0.9670000076293945,0.9690999984741211
YLR370C,YDL031W,0,-7.191743,0.09072145819664001,0.9670000076293945,0.9692000150680542
YNR015W,YGL236C,0,-7.1920705,0.09071294218301773,0.9670000076293945,0.9692999720573425
YPL218W,YMR041C,0,-7.194949,0.09070443361997604,0.9670000076293945,0.9693999886512756
YER168C,YPR100W,0,-7.196226,0.09069593250751495,0.9670000076293945,0.9695000052452087
YER012W,YMR038C,0,-7.1987677,0.09068742394447327,0.9670000076293945,0.9696000218391418
YMR290C,YAL035W,0,-7.1990623,0.09067892283201218,0.9670000076293945,0.9696999788284302
YGR103W,YPL050C,0,-7.202137,0.09067041426897049,0.9670000076293945,0.9697999954223633
YNL326C,YGR002C,1,-7.2043037,0.09075567126274109,0.9679999947547913,0.9697999954223633
YHR190W,YMR116C,0,-7.204501,0.0907471626996994,0.9679999947547913,0.9699000120162964
YNL326C,YJL115W,1,-7.2045364,0.09083239734172821,0.968999981880188,0.9699000120162964
YGL066W,YGL112C,1,-7.2076254,0.09091760963201523,0.9700000286102295,0.9699000120162964
YPL190C,YJL128C,0,-7.208805,0.09090909361839294,0.9700000286102295,0.9700000286102295
YDR096W,YGL099W,0,-7.209715,0.09090057015419006,0.9700000286102295,0.9700999855995178
YGL097W,YOR187W,0,-7.21087,0.09089205414056778,0.9700000286102295,0.9702000021934509
YMR277W,YJL047C,0,-7.2160773,0.0908835381269455,0.9700000286102295,0.970300018787384
YGL236C,YMR197C,0,-7.2172165,0.09087502211332321,0.9700000286102295,0.9703999757766724
YNL326C,YPR023C,1,-7.217408,0.09096018970012665,0.9710000157356262,0.9703999757766724
YCR057C,YBR143C,0,-7.218973,0.09095166623592377,0.9710000157356262,0.9704999923706055
YKR014C,YNL062C,0,-7.219071,0.09094315022230148,0.9710000157356262,0.9706000089645386
YMR183C,YGL253W,0,-7.2213063,0.0909346342086792,0.9710000157356262,0.9707000255584717
YLL019C,YMR006C,0,-7.223486,0.09092611819505692,0.9710000157356262,0.97079998254776
YOR023C,YJL081C,1,-7.2252145,0.09101123362779617,0.972000002861023,0.97079998254776
YAL054C,YHR013C,1,-7.226192,0.09109634160995483,0.9729999899864197,0.97079998254776
YDR096W,YBR086C,0,-7.226567,0.09108781069517136,0.9729999899864197,0.9708999991416931
YPL086C,YER165W,0,-7.2268076,0.09107928723096848,0.9729999899864197,0.9710000157356262
YDR168W,YML051W,0,-7.226948,0.091070756316185,0.9729999899864197,0.9710999727249146
YNR032W,YCR024C-A,0,-7.22839,0.09106224030256271,0.9729999899864197,0.9711999893188477
YJL048C,YER082C,0,-7.2286325,0.09105371683835983,0.9729999899864197,0.9713000059127808
YDR085C,YKR081C,0,-7.229047,0.09104519337415695,0.9729999899864197,0.9714000225067139
YGR264C,YHR085W,0,-7.2292356,0.09103667736053467,0.9729999899864197,0.9714999794960022
YPL196W,YOL093W,0,-7.230399,0.09102816134691238,0.9729999899864197,0.9715999960899353
YER031C,YER003C,0,-7.2305994,0.0910196453332901,0.9729999899864197,0.9717000126838684
YGR270W,YNR039C,0,-7.232005,0.09101112931966782,0.9729999899864197,0.9718000292778015
YER178W,YLR399C,0,-7.2324333,0.09100262075662613,0.9729999899864197,0.9718999862670898
YJL124C,YHR006W,0,-7.235258,0.09099410474300385,0.9729999899864197,0.972000002861023
YDR284C,YPL180W,0,-7.2391863,0.09098559617996216,0.9729999899864197,0.972100019454956
YPR137W,YLR335W,0,-7.241325,0.09097709506750107,0.9729999899864197,0.9721999764442444
YJL050W,YBL015W,0,-7.2427387,0.09096858650445938,0.9729999899864197,0.9722999930381775
YBR058C,YIL153W,0,-7.2453966,0.09096008539199829,0.9729999899864197,0.9724000096321106
YER029C,YJL154C,0,-7.2488985,0.0909515768289566,0.9729999899864197,0.9725000262260437
YJL010C,YNL163C,0,-7.2489715,0.09094307571649551,0.9729999899864197,0.972599983215332
YEL015W,YKL016C,0,-7.252224,0.09093458205461502,0.9729999899864197,0.9726999998092651
YLR405W,YNL113W,0,-7.253132,0.09092608094215393,0.9729999899864197,0.9728000164031982
YNL219C,YKL135C,0,-7.253271,0.09091758728027344,0.9729999899864197,0.9728999733924866
YLR097C,YDR208W,0,-7.2535872,0.09090909361839294,0.9729999899864197,0.9729999899864197
YIL101C,YGL061C,0,-7.25406,0.09090059995651245,0.9729999899864197,0.9731000065803528
YOR224C,YKR026C,0,-7.2594333,0.09089210629463196,0.9729999899864197,0.9732000231742859
YKR079C,YOR243C,0,-7.263087,0.09088362008333206,0.9729999899864197,0.9732999801635742
YPL037C,YPR110C,0,-7.264448,0.09087512642145157,0.9729999899864197,0.9733999967575073
YOR249C,YPL218W,0,-7.2715573,0.09086664021015167,0.9729999899864197,0.9735000133514404
YLR448W,YOR095C,0,-7.2774453,0.09085815399885178,0.9729999899864197,0.9735999703407288
YMR225C,YBR201W,0,-7.2788115,0.09084967523813248,0.9729999899864197,0.9736999869346619
YER148W,YPL152W,0,-7.280005,0.09084118902683258,0.9729999899864197,0.973800003528595
YCL010C,YJR082C,1,-7.281315,0.09092606604099274,0.9739999771118164,0.973800003528595
YNL219C,YPL178W,0,-7.282872,0.09091757982969284,0.9739999771118164,0.9739000201225281
YPR023C,YGL112C,1,-7.2836394,0.09100242704153061,0.9750000238418579,0.9739000201225281
YPL089C,YNL099C,0,-7.285101,0.09099393337965012,0.9750000238418579,0.9739999771118164
YHR019C,YDL020C,0,-7.2873507,0.09098543971776962,0.9750000238418579,0.9740999937057495
YER148W,YJL053W,0,-7.287704,0.09097695350646973,0.9750000238418579,0.9742000102996826
YJL011C,YLR350W,0,-7.289341,0.09096846729516983,0.9750000238418579,0.9743000268936157
YDR477W,YHR115C,0,-7.2901754,0.09095998108386993,0.9750000238418579,0.974399983882904
YDL019C,YHR068W,0,-7.2902966,0.09095149487257004,0.9750000238418579,0.9745000004768372
YHR193C,YCL043C,0,-7.2925615,0.09094300866127014,0.9750000238418579,0.9746000170707703
YGL219C,YMR049C,0,-7.2932005,0.09093452990055084,0.9750000238418579,0.9746999740600586
YNL294C,YPR067W,0,-7.2963657,0.09092604368925095,0.9750000238418579,0.9747999906539917
YCR048W,YER035W,0,-7.2976866,0.09091756492853165,0.9750000238418579,0.9749000072479248
YBR288C,YDR477W,0,-7.2979584,0.09090909361839294,0.9750000238418579,0.9750000238418579
YLR052W,YJR093C,0,-7.300366,0.09090061485767365,0.9750000238418579,0.9750999808311462
YGR112W,YHR066W,0,-7.30085,0.09089214354753494,0.9750000238418579,0.9751999974250793
YLR103C,YPL096W,0,-7.301088,0.09088367223739624,0.9750000238418579,0.9753000140190125
YGR229C,YMR068W,0,-7.302911,0.09087520092725754,0.9750000238418579,0.9753999710083008
YJL081C,YGL112C,1,-7.3061275,0.09095992892980576,0.9760000109672546,0.9753999710083008
YKL195W,YDR039C,0,-7.3111143,0.09095145016908646,0.9760000109672546,0.9754999876022339
YLR268W,YGR254W,0,-7.31184,0.09094297140836716,0.9760000109672546,0.975600004196167
YOR150W,YHR142W,0,-7.3133993,0.09093450009822845,0.9760000109672546,0.9757000207901001
YDR246W,YMR212C,0,-7.3151617,0.09092602878808975,0.9760000109672546,0.9757999777793884
YPR023C,YOR253W,1,-7.315318,0.09101071208715439,0.9769999980926514,0.9757999777793884
YEL027W,YGR121C,0,-7.315427,0.09100223332643509,0.9769999980926514,0.9758999943733215
YDL097C,YAL016W,0,-7.31684,0.09099376201629639,0.9769999980926514,0.9760000109672546
YPR088C,YBR002C,0,-7.321045,0.09098528325557709,0.9769999980926514,0.9761000275611877
YIL048W,YGL223C,0,-7.321528,0.09097681194543839,0.9769999980926514,0.9761999845504761
YDR264C,YGL066W,1,-7.3253174,0.09106145054101944,0.9779999852180481,0.9761999845504761
YBR165W,YIL062C,0,-7.327795,0.09105297178030014,0.9779999852180481,0.9763000011444092
YPL119C,YML046W,0,-7.3279276,0.09104450047016144,0.9779999852180481,0.9764000177383423
YKL120W,YGR167W,0,-7.3282557,0.09103602170944214,0.9779999852180481,0.9764999747276306
YGL175C,YNL041C,0,-7.328635,0.09102755039930344,0.9779999852180481,0.9765999913215637
YBR059C,YOL125W,0,-7.3286505,0.09101907908916473,0.9779999852180481,0.9767000079154968
YGR285C,YHR150W,0,-7.32901,0.09101060777902603,0.9779999852180481,0.9768000245094299
YKL081W,YGR123C,0,-7.3324804,0.09100213646888733,0.9779999852180481,0.9768999814987183
YGR024C,YLR295C,0,-7.3336735,0.09099367260932922,0.9779999852180481,0.9769999980926514
YDL040C,YLR195C,1,-7.3347244,0.09107823669910431,0.9789999723434448,0.9769999980926514
YNL326C,YGL066W,1,-7.335131,0.0911627933382988,0.9800000190734863,0.9769999980926514
YDR096W,YIL044C,0,-7.3418083,0.0911543145775795,0.9800000190734863,0.9771000146865845
YGL111W,YOL125W,0,-7.343318,0.0911458358168602,0.9800000190734863,0.9771999716758728
YOR036W,YDR246W,0,-7.344301,0.0911373570561409,0.9800000190734863,0.9772999882698059
YOR142W,YBL093C,0,-7.3447437,0.0911288857460022,0.9800000190734863,0.977400004863739
YJL042W,YOL013C,0,-7.345131,0.0911204069852829,0.9800000190734863,0.9775000214576721
YLR068W,YDR324C,0,-7.346352,0.0911119356751442,0.9800000190734863,0.9775999784469604
YLR069C,YLR362W,0,-7.3497677,0.0911034643650055,0.9800000190734863,0.9776999950408936
YDR310C,YDR062W,0,-7.35155,0.09109500050544739,0.9800000190734863,0.9778000116348267
YER088C,YLR429W,0,-7.3540945,0.09108652919530869,0.9800000190734863,0.9779000282287598
YDL135C,YDL220C,0,-7.354218,0.09107806533575058,0.9800000190734863,0.9779999852180481
YLR377C,YHR068W,0,-7.3542414,0.09106960147619247,0.9800000190734863,0.9781000018119812
YBR288C,YPR154W,0,-7.355293,0.09106113761663437,0.9800000190734863,0.9782000184059143
YML069W,YDL108W,0,-7.3563185,0.09105268120765686,0.9800000190734863,0.9782999753952026
YKL186C,YMR156C,0,-7.361028,0.09104422479867935,0.9800000190734863,0.9783999919891357
YIL118W,YMR203W,0,-7.362256,0.09103576093912125,0.9800000190734863,0.9785000085830688
YFL048C,YJL100W,0,-7.3632984,0.09102730453014374,0.9800000190734863,0.978600025177002
YOL126C,YDL085W,0,-7.3633556,0.09101885557174683,0.9800000190734863,0.9786999821662903
YDR096W,YGL106W,0,-7.363842,0.09101039916276932,0.9800000190734863,0.9787999987602234
YBR026C,YER171W,0,-7.365465,0.0910019502043724,0.9800000190734863,0.9789000153541565
YGL187C,YGL256W,0,-7.365822,0.0909935012459755,0.9800000190734863,0.9789999723434448
YJR078W,YDR075W,0,-7.369909,0.09098505228757858,0.9800000190734863,0.9790999889373779
YNL085W,YOR005C,0,-7.3699207,0.09097660332918167,0.9800000190734863,0.979200005531311
YKR024C,YPL154C,0,-7.3717303,0.09096816182136536,0.9800000190734863,0.9793000221252441
YDL052C,YML118W,0,-7.3726807,0.09095972031354904,0.9800000190734863,0.9793999791145325
YGL227W,YLR172C,0,-7.373253,0.09095127880573273,0.9800000190734863,0.9794999957084656
YGL253W,YDR341C,0,-7.3751154,0.09094283729791641,0.9800000190734863,0.9796000123023987
YMR183C,YKL148C,0,-7.376176,0.0909343957901001,0.9800000190734863,0.9797000288963318
YGR078C,YDR449C,0,-7.3783755,0.09092596173286438,0.9800000190734863,0.9797999858856201
YNL121C,YJL063C,0,-7.3798594,0.09091752767562866,0.9800000190734863,0.9799000024795532
YIL044C,YPL120W,0,-7.3810635,0.09090909361839294,0.9800000190734863,0.9800000190734863
YDR264C,YPR023C,1,-7.3948755,0.09099341183900833,0.9810000061988831,0.9800000190734863
YGR285C,YJL164C,0,-7.3968487,0.09098497778177261,0.9810000061988831,0.9800999760627747
YOR034C,YGL112C,1,-7.3990207,0.09106927365064621,0.9819999933242798,0.9800999760627747
YGL020C,YLL021W,0,-7.3992023,0.0910608321428299,0.9819999933242798,0.9801999926567078
YLR449W,YBL078C,0,-7.3995314,0.09105239063501358,0.9819999933242798,0.9803000092506409
YDR292C,YDR421W,0,-7.4001265,0.09104394912719727,0.9819999933242798,0.980400025844574
YOR245C,YJR064W,0,-7.4012876,0.09103550761938095,0.9819999933242798,0.9804999828338623
YGL246C,YOL080C,0,-7.4024515,0.09102706611156464,0.9819999933242798,0.9805999994277954
YER035W,YHR021C,0,-7.406085,0.09101863205432892,0.9819999933242798,0.9807000160217285
YJL110C,YKR068C,0,-7.4078794,0.0910101979970932,0.9819999933242798,0.9807999730110168
YNL147W,YKL148C,0,-7.4117546,0.09100176393985748,0.9819999933242798,0.98089998960495
YFR029W,YNL099C,0,-7.4120483,0.09099332988262177,0.9819999933242798,0.9810000061988831
YLR130C,YPR155C,0,-7.412652,0.09098489582538605,0.9819999933242798,0.9811000227928162
YDL056W,YNR010W,0,-7.412733,0.09097646921873093,0.9819999933242798,0.9811999797821045
YKR079C,YAL059W,0,-7.4128437,0.0909680426120758,0.9819999933242798,0.9812999963760376
YPL211W,YMR260C,0,-7.4149904,0.09095961600542068,0.9819999933242798,0.9814000129699707
YGL066W,YDR145W,1,-7.4168897,0.09104380756616592,0.9829999804496765,0.9814000129699707
YNL075W,YPL224C,0,-7.4191456,0.0910353735089302,0.9829999804496765,0.9815000295639038
YFL022C,YBL078C,0,-7.419219,0.09102694690227509,0.9829999804496765,0.9815999865531921
YGR231C,YKL114C,0,-7.42028,0.09101852029561996,0.9829999804496765,0.9817000031471252
YBL102W,YER002W,0,-7.4213424,0.09101009368896484,0.9829999804496765,0.9818000197410583
YLR074C,YHR004C,0,-7.423716,0.09100166708230972,0.9829999804496765,0.9818999767303467
YML093W,YPR154W,0,-7.4310474,0.0909932404756546,0.9829999804496765,0.9819999933242798
YGR185C,YBR061C,0,-7.4315844,0.09098482131958008,0.9829999804496765,0.9821000099182129
YDR150W,YGL223C,0,-7.4322915,0.09097640216350555,0.9829999804496765,0.982200026512146
YOL093W,YNL055C,0,-7.4327774,0.09096798300743103,0.9829999804496765,0.9822999835014343
YPR187W,YGR123C,0,-7.4332914,0.0909595638513565,0.9829999804496765,0.9824000000953674
YNL062C,YEL012W,0,-7.4414873,0.09095114469528198,0.9829999804496765,0.9825000166893005
YGR033C,YGR029W,0,-7.4420958,0.09094273298978806,0.9829999804496765,0.9825999736785889
YHR001W,YHR008C,0,-7.442521,0.09093432128429413,0.9829999804496765,0.982699990272522
YER145C,YOR261C,0,-7.4447284,0.0909259095788002,0.9829999804496765,0.9828000068664551
YAL016W,YPL243W,0,-7.4450016,0.09091749787330627,0.9829999804496765,0.9829000234603882
YNR001C,YGL097W,0,-7.446083,0.09090909361839294,0.9829999804496765,0.9829999804496765
YOL033W,YMR023C,0,-7.449228,0.09090068191289902,0.9829999804496765,0.9830999970436096
YPR023C,YDR145W,1,-7.4494476,0.09098474681377411,0.984000027179718,0.9830999970436096
YHR142W,YDL004W,0,-7.4495306,0.09097632765769958,0.984000027179718,0.9832000136375427
YFL041W,YEL017C-A,0,-7.4530625,0.09096792340278625,0.984000027179718,0.983299970626831
YCR057C,YKL034W,0,-7.459145,0.09095951169729233,0.984000027179718,0.9833999872207642
YLR380W,YHR150W,0,-7.4598885,0.090951107442379,0.984000027179718,0.9835000038146973
YJR070C,YDR069C,0,-7.4612455,0.09094269573688507,0.984000027179718,0.9836000204086304
YKL013C,YJR044C,0,-7.464143,0.09093429148197174,0.984000027179718,0.9836999773979187
YFL039C,YGL112C,1,-7.4650927,0.09101829677820206,0.9850000143051147,0.9836999773979187
YFL008W,YBR077C,0,-7.468181,0.09100988507270813,0.9850000143051147,0.9837999939918518
YMR250W,YGR103W,0,-7.4712405,0.0910014808177948,0.9850000143051147,0.9839000105857849
YLR016C,YPR100W,0,-7.474477,0.09099306911230087,0.9850000143051147,0.984000027179718
YPR041W,YPL266W,0,-7.474539,0.09098466485738754,0.9850000143051147,0.9840999841690063
YOR008C,YKL120W,0,-7.478014,0.09097626060247421,0.9850000143051147,0.9842000007629395
YJR090C,YKL188C,0,-7.479207,0.09096786379814148,0.9850000143051147,0.9843000173568726
YER051W,YJR050W,0,-7.479767,0.09095945954322815,0.9850000143051147,0.9843999743461609
YDL040C,YHR013C,1,-7.483692,0.0910433977842331,0.9860000014305115,0.9843999743461609
YGR143W,YOR327C,0,-7.485114,0.09103499352931976,0.9860000014305115,0.984499990940094
YBL015W,YDR091C,0,-7.490683,0.09102658927440643,0.9860000014305115,0.9846000075340271
YBR107C,YMR197C,0,-7.4935527,0.0910181850194931,0.9860000014305115,0.9847000241279602
YPL100W,YLR340W,0,-7.4961767,0.09100978076457977,0.9860000014305115,0.9847999811172485
YER009W,YDR150W,0,-7.4977946,0.09100138396024704,0.9860000014305115,0.9848999977111816
YGL208W,YLR172C,0,-7.498975,0.0909929871559143,0.9860000014305115,0.9850000143051147
YGR147C,YOR034C,1,-7.5011697,0.09107686579227448,0.9869999885559082,0.9850000143051147
YMR033W,YDR148C,0,-7.5025034,0.09106846153736115,0.9869999885559082,0.9850999712944031
YIL021W,YGL097W,0,-7.5039806,0.09106005728244781,0.9869999885559082,0.9851999878883362
YMR068W,YOR206W,0,-7.5067124,0.09105166047811508,0.9869999885559082,0.9853000044822693
YGR147C,YEL066W,1,-7.5134974,0.09113550186157227,0.9879999756813049,0.9853000044822693
YDR339C,YDR021W,0,-7.5166397,0.09112709760665894,0.9879999756813049,0.9854000210762024
YOR132W,YNL066W,0,-7.526259,0.0911186933517456,0.9879999756813049,0.9854999780654907
YLL026W,YNR038W,0,-7.5268865,0.09111028909683228,0.9879999756813049,0.9855999946594238
YJL081C,YPR023C,1,-7.5289993,0.09119410067796707,0.9890000224113464,0.9855999946594238
YDL006W,YGR121C,0,-7.53132,0.09118568897247314,0.9890000224113464,0.9857000112533569
YOL076W,YPR023C,1,-7.534732,0.09126947820186615,0.9900000095367432,0.9857000112533569
YOR034C,YOR064C,1,-7.552355,0.09135324507951736,0.9909999966621399,0.9857000112533569
YGL187C,YBR155W,0,-7.557395,0.09134482592344284,0.9909999966621399,0.98580002784729
YPL232W,YBR002C,0,-7.561189,0.09133640676736832,0.9909999966621399,0.9858999848365784
YJL178C,YBR165W,0,-7.5619802,0.09132798761129379,0.9909999966621399,0.9860000014305115
YOR142W,YAR033W,0,-7.5730543,0.09131957590579987,0.9909999966621399,0.9861000180244446
YNL268W,YFR004W,0,-7.578014,0.09131115674972534,0.9909999966621399,0.9861999750137329
YPR016C,YMR049C,0,-7.581019,0.09130274504423141,0.9909999966621399,0.986299991607666
YFL039C,YCR020C-A,1,-7.5814257,0.09138645976781845,0.9919999837875366,0.986299991607666
YER129W,YDR511W,0,-7.583493,0.09137804061174393,0.9919999837875366,0.9864000082015991
YPR023C,YLR195C,1,-7.585684,0.09146173298358917,0.9929999709129333,0.9864000082015991
YPL086C,YOL013C,0,-7.5863442,0.09145330637693405,0.9929999709129333,0.9865000247955322
YOR036W,YNL199C,0,-7.5868073,0.09144488722085953,0.9929999709129333,0.9865999817848206
YPR132W,YMR146C,0,-7.5910587,0.0914364606142044,0.9929999709129333,0.9866999983787537
YLR377C,YER100W,0,-7.5912094,0.09142804890871048,0.9929999709129333,0.9868000149726868
YHR167W,YAL016W,0,-7.594636,0.09141962975263596,0.9929999709129333,0.9868999719619751
YGR267C,YMR302C,0,-7.6001763,0.09141121059656143,0.9929999709129333,0.9869999885559082
YMR214W,YIL062C,0,-7.608739,0.0914027988910675,0.9929999709129333,0.9871000051498413
YOL060C,YPL211W,0,-7.6108427,0.09139438718557358,0.9929999709129333,0.9872000217437744
YGR143W,YLR335W,0,-7.611485,0.09138597548007965,0.9929999709129333,0.9872999787330627
YNR007C,YDR436W,0,-7.6135135,0.09137756377458572,0.9929999709129333,0.9873999953269958
YLR206W,YIR026C,0,-7.6147757,0.0913691595196724,0.9929999709129333,0.987500011920929
YGL097W,YFL002C,0,-7.6164074,0.09136074781417847,0.9929999709129333,0.9876000285148621
YOR322C,YLL009C,0,-7.618761,0.09135234355926514,0.9929999709129333,0.9876999855041504
YOL148C,YPR023C,1,-7.636422,0.09143593162298203,0.9940000176429749,0.9876999855041504
YMR039C,YGR197C,0,-7.6439605,0.0914275199174881,0.9940000176429749,0.9878000020980835
YPL037C,YKL146W,0,-7.644931,0.09141910821199417,0.9940000176429749,0.9879000186920166
YGR185C,YOR004W,0,-7.645123,0.09141070395708084,0.9940000176429749,0.9879999756813049
YLR181C,YCL004W,0,-7.6495333,0.09140229970216751,0.9940000176429749,0.988099992275238
YHR148W,YPR190C,0,-7.6523056,0.09139389544725418,0.9940000176429749,0.9882000088691711
YDL040C,YPR023C,1,-7.6523256,0.09147743135690689,0.9950000047683716,0.9882000088691711
YBR055C,YML036W,0,-7.654559,0.09146901965141296,0.9950000047683716,0.9883000254631042
YKL014C,YPR163C,0,-7.6603355,0.09146061539649963,0.9950000047683716,0.9883999824523926
YBR142W,YGR244C,0,-7.6639233,0.0914522036910057,0.9950000047683716,0.9884999990463257
YCR048W,YLR163C,0,-7.6646914,0.09144379943609238,0.9950000047683716,0.9886000156402588
YJL036W,YDR398W,0,-7.6732693,0.09143539518117905,0.9950000047683716,0.9886999726295471
YDL078C,YPR017C,0,-7.674595,0.09142699837684631,0.9950000047683716,0.9887999892234802
YNL310C,YBR216C,0,-7.675172,0.09141859412193298,0.9950000047683716,0.9889000058174133
YER107C,YNL036W,0,-7.6752386,0.09141019731760025,0.9950000047683716,0.9890000224113464
YIL070C,YEL050C,0,-7.6779766,0.09140180051326752,0.9950000047683716,0.9890999794006348
YMR128W,YJL164C,0,-7.68147,0.09139340370893478,0.9950000047683716,0.9891999959945679
YKL016C,YER082C,0,-7.681858,0.09138501435518265,0.9950000047683716,0.989300012588501
YGL097W,YPL043W,0,-7.6834993,0.09137661755084991,0.9950000047683716,0.9894000291824341
YNL090W,YPL010W,0,-7.6836395,0.09136822819709778,0.9950000047683716,0.9894999861717224
YIL070C,YKL145W,0,-7.6940064,0.09135983884334564,0.9950000047683716,0.9896000027656555
YHR012W,YMR197C,0,-7.6946526,0.0913514494895935,0.9950000047683716,0.9897000193595886
YLR033W,YPL243W,0,-7.6998153,0.09134306758642197,0.9950000047683716,0.989799976348877
YER114C,YER068W,0,-7.7012663,0.09133467823266983,0.9950000047683716,0.9898999929428101
YNL156C,YGL016W,0,-7.714612,0.09132629632949829,0.9950000047683716,0.9900000095367432
YGR083C,YHR143W-A,0,-7.7152333,0.09131791442632675,0.9950000047683716,0.9901000261306763
YDR513W,YPL160W,0,-7.716976,0.09130953252315521,0.9950000047683716,0.9901999831199646
YPR083W,YGL251C,0,-7.71765,0.09130115807056427,0.9950000047683716,0.9902999997138977
YMR072W,YDR098C,0,-7.7244225,0.09129277616739273,0.9950000047683716,0.9904000163078308
YJR064W,YLR100W,0,-7.727581,0.09128440171480179,0.9950000047683716,0.9904999732971191
YJR065C,YHR085W,0,-7.7333646,0.09127602726221085,0.9950000047683716,0.9905999898910522
YMR036C,YHR079C,0,-7.7475963,0.0912676602602005,0.9950000047683716,0.9907000064849854
YDR022C,YOL061W,0,-7.748363,0.09125928580760956,0.9950000047683716,0.9908000230789185
YLR068W,YNL232W,0,-7.7640915,0.09125091880559921,0.9950000047683716,0.9908999800682068
YOR332W,YFL041W,0,-7.7871537,0.09124255180358887,0.9950000047683716,0.9909999966621399
YBR265W,YDR030C,0,-7.7909727,0.09123418480157852,0.9950000047683716,0.991100013256073
YJL139C,YLR090W,0,-7.8015246,0.09122581779956818,0.9950000047683716,0.9911999702453613
YAL059W,YDL126C,0,-7.802181,0.09121745824813843,0.9950000047683716,0.9912999868392944
YJL141C,YGL099W,0,-7.805829,0.09120909124612808,0.9950000047683716,0.9914000034332275
YGR227W,YNL199C,0,-7.8070936,0.09120073169469833,0.9950000047683716,0.9915000200271606
YKL148C,YOR206W,0,-7.807915,0.09119237214326859,0.9950000047683716,0.991599977016449
YKL034W,YGL029W,0,-7.808461,0.09118402004241943,0.9950000047683716,0.9916999936103821
YBR215W,YMR313C,0,-7.820424,0.09117566049098969,0.9950000047683716,0.9918000102043152
YPL006W,YOR004W,0,-7.822566,0.09116730839014053,0.9950000047683716,0.9919000267982483
YCR020C-A,YPR023C,1,-7.824001,0.09125057607889175,0.9959999918937683,0.9919000267982483
YPL152W,YOR063W,0,-7.8273506,0.091242216527462,0.9959999918937683,0.9919999837875366
YNL085W,YOL097C,0,-7.8346653,0.09123385697603226,0.9959999918937683,0.9921000003814697
YCL052C,YNR017W,0,-7.83696,0.09122549742460251,0.9959999918937683,0.9922000169754028
YLR060W,YDR059C,0,-7.8413925,0.09121714532375336,0.9959999918937683,0.9922999739646912
YGR285C,YGL097W,0,-7.852645,0.0912087932229042,0.9959999918937683,0.9923999905586243
YDL046W,YFL009W,0,-7.8870735,0.09120044112205505,0.9959999918937683,0.9925000071525574
YKL026C,YMR129W,0,-7.8888555,0.0911920890212059,0.9959999918937683,0.9926000237464905
YKL026C,YPR175W,0,-7.8971467,0.09118374437093735,0.9959999918937683,0.9926999807357788
YJL050W,YML080W,0,-7.9064307,0.0911753922700882,0.9959999918937683,0.9927999973297119
YPR016C,YBR026C,0,-7.9066043,0.09116704761981964,0.9959999918937683,0.992900013923645
YPL015C,YAL059W,0,-7.9111013,0.09115870296955109,0.9959999918937683,0.9929999709129333
YJL048C,YBR265W,0,-7.9150176,0.09115035831928253,0.9959999918937683,0.9930999875068665
YDR264C,YDR145W,1,-7.921017,0.09123352915048599,0.996999979019165,0.9930999875068665
YNL274C,YOR310C,0,-7.9255533,0.09122517704963684,0.996999979019165,0.9932000041007996
YDL120W,YDR137W,0,-7.943058,0.09121683239936829,0.996999979019165,0.9933000206947327
YER177W,YAL038W,0,-7.956991,0.09120848774909973,0.996999979019165,0.993399977684021
YPR023C,YGR002C,1,-7.9624133,0.09129162132740021,0.9980000257492065,0.993399977684021
YEL012W,YLR197W,0,-7.9656034,0.09128326922655106,0.9980000257492065,0.9934999942779541
YGR162W,YFR053C,0,-7.9688945,0.0912749245762825,0.9980000257492065,0.9936000108718872
YFL039C,YBL052C,1,-7.976734,0.09135802835226059,0.9990000128746033,0.9936000108718872
YDR511W,YLR380W,0,-7.9826765,0.09134966880083084,0.9990000128746033,0.9937000274658203
YPL131W,YMR311C,0,-7.9883814,0.09134131669998169,0.9990000128746033,0.9937999844551086
YDR264C,YGR147C,1,-7.9914565,0.09142439067363739,1.0,0.9937999844551086
YPR033C,YMR309C,0,-7.9946313,0.09141603112220764,1.0,0.9939000010490417
YOR272W,YOL093W,0,-8.007797,0.09140767902135849,1.0,0.9940000176429749
YKR076W,YIL138C,0,-8.022786,0.09139932692050934,1.0,0.9940999746322632
YKL016C,YGR262C,0,-8.045368,0.09139096736907959,1.0,0.9941999912261963
YOR106W,YEL018W,0,-8.046822,0.09138262271881104,1.0,0.9943000078201294
YDR398W,YER002W,0,-8.047826,0.09137427061796188,1.0,0.9944000244140625
YOL060C,YFR004W,0,-8.053187,0.09136591851711273,1.0,0.9944999814033508
YBR283C,YNL055C,0,-8.05321,0.09135757386684418,1.0,0.9945999979972839
YGL045W,YPL050C,0,-8.085972,0.09134922921657562,1.0,0.994700014591217
YGL111W,YNL151C,0,-8.092861,0.09134088456630707,1.0,0.9947999715805054
YER120W,YNL142W,0,-8.096536,0.09133253991603851,1.0,0.9948999881744385
YPL086C,YLR060W,0,-8.10172,0.09132420271635056,1.0,0.9950000047683716
YHR148W,YOL142W,0,-8.112215,0.091315858066082,1.0,0.9951000213623047
YHR171W,YKL099C,0,-8.123218,0.09130752086639404,1.0,0.995199978351593
YPL160W,YGL099W,0,-8.1294775,0.09129919111728668,1.0,0.9952999949455261
YKL081W,YBR079C,0,-8.131814,0.09129085391759872,1.0,0.9954000115394592
YDR087C,YDR429C,0,-8.135177,0.09128251671791077,1.0,0.9955000281333923
YKR085C,YNL131W,0,-8.136295,0.0912741869688034,1.0,0.9955999851226807
YKL110C,YGR195W,0,-8.142051,0.09126585721969604,1.0,0.9957000017166138
YLR449W,YMR139W,0,-8.144563,0.09125752747058868,1.0,0.9958000183105469
YDR398W,YLR270W,0,-8.150612,0.09124920517206192,1.0,0.9958999752998352
YDL046W,YMR172W,0,-8.154637,0.09124087542295456,1.0,0.9959999918937683
YAL016W,YNL099C,0,-8.183573,0.0912325531244278,1.0,0.9961000084877014
YLR435W,YHR069C,0,-8.1917,0.09122423082590103,1.0,0.9962000250816345
YIL019W,YNL113W,0,-8.203678,0.09121590852737427,1.0,0.9962999820709229
YDR075W,YHR008C,0,-8.205066,0.0912075862288475,1.0,0.996399998664856
YPR017C,YDR069C,0,-8.209708,0.09119927138090134,1.0,0.9965000152587891
YLR304C,YDR276C,0,-8.212306,0.09119095653295517,1.0,0.9965999722480774
YBR143C,YOR310C,0,-8.216964,0.091182641685009,1.0,0.9966999888420105
YPR016C,YHL011C,0,-8.241874,0.09117432683706284,1.0,0.9968000054359436
YMR260C,YEL054C,0,-8.257052,0.09116601198911667,1.0,0.9969000220298767
YDR148C,YER127W,0,-8.263068,0.0911577045917511,1.0,0.996999979019165
YDL143W,YJL124C,0,-8.28833,0.09114939719438553,1.0,0.9970999956130981
YJR070C,YGL029W,0,-8.3335905,0.09114108979701996,1.0,0.9972000122070312
YJR070C,YDR083W,0,-8.3578415,0.09113278239965439,1.0,0.9973000288009644
YBL050W,YBL058W,0,-8.393484,0.09112447500228882,1.0,0.9973999857902527
YML129C,YOR257W,0,-8.415812,0.09111617505550385,1.0,0.9975000023841858
YJL125C,YKL191W,0,-8.472498,0.09110787510871887,1.0,0.9976000189781189
YJR064W,YDL004W,0,-8.503155,0.0910995751619339,1.0,0.9976999759674072
YCR057C,YHR069C,0,-8.559811,0.09109127521514893,1.0,0.9977999925613403
YOR145C,YLL011W,0,-8.685343,0.09108297526836395,1.0,0.9979000091552734
YKL009W,YPR010C,0,-8.689735,0.09107468277215958,1.0,0.9980000257492065
YOR078W,YGL099W,0,-8.739733,0.0910663902759552,1.0,0.9980999827384949
YNL062C,YOL124C,0,-8.773763,0.09105809777975082,1.0,0.998199999332428
YLR074C,YKL099C,0,-8.789087,0.09104980528354645,1.0,0.9983000159263611
YNL287W,YNL085W,0,-8.799438,0.09104151278734207,1.0,0.9983999729156494
YOR145C,YHR088W,0,-8.932259,0.09103322774171829,1.0,0.9984999895095825
YOR004W,YER126C,0,-8.971405,0.09102494269609451,1.0,0.9986000061035156
YIR026C,YLR276C,0,-9.032173,0.09101665765047073,1.0,0.9987000226974487
YDR087C,YHR052W,0,-9.049665,0.09100837260484695,1.0,0.9987999796867371
YLR009W,YJL164C,0,-9.070991,0.09100008755922318,1.0,0.9988999962806702
YNL113W,YLR276C,0,-9.084309,0.09099180996417999,1.0,0.9990000128746033
YGR118W,YLR249W,0,-9.112192,0.09098353236913681,1.0,0.9991000294685364
YDR087C,YLR197W,0,-9.151652,0.09097525477409363,1.0,0.9991999864578247
YGR145W,YBR155W,0,-9.153891,0.09096697717905045,1.0,0.9993000030517578
YJL138C,YOR063W,0,-9.163336,0.09095870703458786,1.0,0.9994000196456909
YLR009W,YDL031W,0,-9.199584,0.09095042943954468,1.0,0.9994999766349792
YHR197W,YDR299W,0,-9.258827,0.09094215929508209,1.0,0.9995999932289124
YGL171W,YGR123C,0,-9.286042,0.0909338891506195,1.0,0.9997000098228455
YHR052W,YOR056C,0,-9.303323,0.09092562645673752,1.0,0.9998000264167786
YLR060W,YPR033C,0,-9.332219,0.09091735631227493,1.0,0.9998999834060669
YGR214W,YDR382W,0,-10.190143,0.09090909361839294,1.0,1.0
