Gene A,Gene B,Label,Score,Precision,Recall,False Positive Rate
YGR179C,YDR113C,1,-1.1638699,1.0,0.0010000000474974513,0.0
YOR249C,YHR166C,1,-1.2086146,1.0,0.0020000000949949026,0.0
YOR073W,YML034W,1,-1.3058809,1.0,0.003000000026077032,0.0
YGL116W,YHR166C,1,-1.3819108,1.0,0.004000000189989805,0.0
YNL172W,YDR118W,1,-1.6119117,1.0,0.004999999888241291,0.0
YPL124W,YLR045C,0,-1.6234821,0.8333333134651184,0.004999999888241291,9.999999747378752e-05
YDR318W,YAL034W-A,1,-1.7114166,0.8571428656578064,0.006000000052154064,9.999999747378752e-05
YLR127C,YDR325W,1,-1.7189585,0.875,0.007000000216066837,9.999999747378752e-05
YNL218W,YDR389W,0,-1.7234176,0.7777777910232544,0.007000000216066837,0.00019999999494757503
YOR249C,YPR141C,1,-1.7400331,0.800000011920929,0.00800000037997961,0.00019999999494757503
YIL159W,YDR081C,0,-1.770603,0.7272727489471436,0.00800000037997961,0.0003000000142492354
YHR166C,YOL069W,1,-1.8852676,0.75,0.008999999612569809,0.0003000000142492354
YNL172W,YOR249C,1,-1.9135194,0.7692307829856873,0.009999999776482582,0.0003000000142492354
YAR018C,YAL034W-A,1,-1.9518036,0.7857142686843872,0.010999999940395355,0.0003000000142492354
YLR127C,YGL003C,1,-2.0150757,0.800000011920929,0.012000000104308128,0.0003000000142492354
YJR089W,YGR140W,1,-2.0288568,0.8125,0.013000000268220901,0.0003000000142492354
YNL172W,YJR089W,1,-2.0297732,0.8235294222831726,0.014000000432133675,0.0003000000142492354
YCR086W,YCL016C,1,-2.0453086,0.8333333134651184,0.014999999664723873,0.0003000000142492354
YMR078C,YOL006C,1,-2.0467205,0.8421052694320679,0.01600000075995922,0.0003000000142492354
YBR211C,YOR156C,1,-2.07675,0.8500000238418579,0.017000000923871994,0.0003000000142492354
YCL029C,YML011C,0,-2.0774226,0.8095238208770752,0.017000000923871994,0.00039999998989515007
YLR321C,YMR117C,1,-2.0791311,0.8181818127632141,0.017999999225139618,0.00039999998989515007
YJL201W,YNL082W,0,-2.0826337,0.782608687877655,0.017999999225139618,0.0005000000237487257
YLR127C,YJR089W,1,-2.0941207,0.7916666865348816,0.01899999938905239,0.0005000000237487257
YFR027W,YJR135C,1,-2.114071,0.800000011920929,0.019999999552965164,0.0005000000237487257
YLR320W,YJL187C,0,-2.1188266,0.7692307829856873,0.019999999552965164,0.0006000000284984708
YAL034W-A,YMR117C,1,-2.1271176,0.7777777910232544,0.020999999716877937,0.0006000000284984708
YAL034W-A,YGR179C,1,-2.144701,0.7857142686843872,0.02199999988079071,0.0006000000284984708
YDR113C,YOL006C,1,-2.1554904,0.7931034564971924,0.023000000044703484,0.0006000000284984708
YGL240W,YMR117C,1,-2.1863873,0.800000011920929,0.024000000208616257,0.0006000000284984708
YBL097W,YEL061C,1,-2.18888,0.8064516186714172,0.02500000037252903,0.0006000000284984708
YGR003W,YML109W,0,-2.238614,0.78125,0.02500000037252903,0.000699999975040555
YMR055C,YKL092C,0,-2.2421775,0.7575757503509521,0.02500000037252903,0.0007999999797903001
YOL069W,YFL037W,1,-2.2462542,0.7647058963775635,0.026000000536441803,0.0007999999797903001
YPL155C,YOR274W,0,-2.262293,0.7428571581840515,0.026000000536441803,0.0008999999845400453
YHR166C,YDR113C,1,-2.265512,0.75,0.027000000700354576,0.0008999999845400453
YEL061C,YOR073W,1,-2.2783232,0.7567567825317383,0.02800000086426735,0.0008999999845400453
YIL132C,YMR078C,1,-2.2911944,0.7631579041481018,0.028999999165534973,0.0008999999845400453
YPR046W,YOL094C,1,-2.2956364,0.7692307829856873,0.029999999329447746,0.0008999999845400453
YLR381W,YDR113C,1,-2.3007023,0.7749999761581421,0.03099999949336052,0.0008999999845400453
YNL172W,YNR010W,1,-2.3059368,0.7804877758026123,0.03200000151991844,0.0008999999845400453
YDR113C,YMR190C,1,-2.3067505,0.7857142686843872,0.032999999821186066,0.0008999999845400453
YKR054C,YDR180W,1,-2.3096342,0.7906976938247681,0.03400000184774399,0.0008999999845400453
YMR198W,YAL034W-A,1,-2.3136034,0.7954545617103577,0.03500000014901161,0.0008999999845400453
YHR166C,YCL016C,1,-2.314087,0.800000011920929,0.035999998450279236,0.0008999999845400453
YAR018C,YDR439W,1,-2.324909,0.804347813129425,0.03700000047683716,0.0008999999845400453
YJR089W,YCR086W,1,-2.3535857,0.8085106611251831,0.03799999877810478,0.0008999999845400453
YLR234W,YLR212C,0,-2.3538597,0.7916666865348816,0.03799999877810478,0.0010000000474974513
YMR048W,YIL026C,1,-2.3569937,0.795918345451355,0.039000000804662704,0.0010000000474974513
YNL172W,YBR073W,1,-2.3583398,0.800000011920929,0.03999999910593033,0.0010000000474974513
YDL030W,YKR029C,0,-2.3620791,0.7843137383460999,0.03999999910593033,0.0010999999940395355
YPR046W,YDR325W,1,-2.3806798,0.7884615659713745,0.04100000113248825,0.0010999999940395355
YFR036W,YCR086W,1,-2.3843482,0.7924528121948242,0.041999999433755875,0.0010999999940395355
YPL008W,YPR046W,1,-2.3848147,0.7962962985038757,0.0430000014603138,0.0010999999940395355
YLR127C,YOL069W,1,-2.385118,0.800000011920929,0.04399999976158142,0.0010999999940395355
YKL049C,YPR141C,1,-2.3937907,0.8035714030265808,0.04500000178813934,0.0010999999940395355
YCR092C,YOR127W,0,-2.3983555,0.7894737124443054,0.04500000178813934,0.0012000000569969416
YDL008W,YGR275W,1,-2.400701,0.7931034564971924,0.04600000008940697,0.0012000000569969416
YNL225C,YJR090C,0,-2.4073744,0.7796609997749329,0.04600000008940697,0.0013000000035390258
YGL201C,YJL168C,0,-2.4077692,0.7666666507720947,0.04600000008940697,0.00139999995008111
YHR166C,YAR018C,1,-2.420603,0.7704917788505554,0.04699999839067459,0.00139999995008111
YOL069W,YOR073W,1,-2.4207363,0.774193525314331,0.04800000041723251,0.00139999995008111
YLR127C,YPR046W,1,-2.421257,0.7777777910232544,0.04899999871850014,0.00139999995008111
YMR198W,YLR321C,1,-2.428351,0.78125,0.05000000074505806,0.00139999995008111
YPR141C,YOL069W,1,-2.4308114,0.7846153974533081,0.050999999046325684,0.00139999995008111
YDR147W,YCR092C,0,-2.4694815,0.7727272510528564,0.050999999046325684,0.001500000013038516
YOL069W,YML034W,1,-2.473978,0.7761194109916687,0.052000001072883606,0.001500000013038516
YKL017C,YHR090C,0,-2.4798274,0.7647058963775635,0.052000001072883606,0.0015999999595806003
YNR023W,YHR152W,0,-2.4809537,0.7536231875419617,0.052000001072883606,0.0017000000225380063
YNL172W,YMR198W,1,-2.4910932,0.7571428418159485,0.05299999937415123,0.0017000000225380063
YMR078C,YFL008W,1,-2.4926944,0.7605633735656738,0.05400000140070915,0.0017000000225380063
YMR078C,YJL019W,1,-2.495913,0.7638888955116272,0.054999999701976776,0.0017000000225380063
YCL016C,YOL094C,1,-2.504847,0.767123281955719,0.0560000017285347,0.0017000000225380063
YJL019W,YOL069W,1,-2.5082366,0.7702702879905701,0.05700000002980232,0.0017000000225380063
YLR127C,YGL116W,1,-2.5140865,0.7733333110809326,0.057999998331069946,0.0017000000225380063
YBL097W,YOR073W,1,-2.5157366,0.7763158082962036,0.05900000035762787,0.0017000000225380063
YOR249C,YPR046W,1,-2.5178525,0.7792207598686218,0.05999999865889549,0.0017000000225380063
YDR439W,YMR117C,1,-2.5178971,0.7820512652397156,0.061000000685453415,0.0017000000225380063
YOR249C,YGR179C,1,-2.5236106,0.7848101258277893,0.06199999898672104,0.0017000000225380063
YJR057W,YDL090C,0,-2.5354521,0.7749999761581421,0.06199999898672104,0.0017999999690800905
YER016W,YPR141C,1,-2.5411224,0.7777777910232544,0.06300000101327896,0.0017999999690800905
YOR368W,YKR037C,0,-2.5411582,0.7682926654815674,0.06300000101327896,0.0019000000320374966
YMR078C,YBR087W,1,-2.5421052,0.7710843086242676,0.06400000303983688,0.0019000000320374966
YMR095C,YNL012W,0,-2.542261,0.761904776096344,0.06400000303983688,0.0020000000949949026
YMR198W,YDR325W,1,-2.5526395,0.7647058963775635,0.06499999761581421,0.0020000000949949026
YDR439W,YGR179C,1,-2.555711,0.7674418687820435,0.06599999964237213,0.0020000000949949026
YNL172W,YOR073W,1,-2.5626025,0.7701149582862854,0.06700000166893005,0.0020000000949949026
YNL172W,YGL003C,1,-2.5796065,0.7727272510528564,0.06800000369548798,0.0020000000949949026
YMR055C,YLR442C,0,-2.5816407,0.7640449404716492,0.06800000369548798,0.002099999925121665
YJR089W,YPR046W,1,-2.583437,0.7666666507720947,0.0689999982714653,0.002099999925121665
YMR168C,YER007W,0,-2.5856037,0.7582417726516724,0.0689999982714653,0.002199999988079071
YBR133C,YLR320W,0,-2.5891519,0.75,0.0689999982714653,0.002300000051036477
YDR118W,YGR179C,1,-2.5893805,0.7526881694793701,0.07000000029802322,0.002300000051036477
YKL022C,YGL116W,1,-2.5925655,0.7553191781044006,0.07100000232458115,0.002300000051036477
YBR258C,YGL243W,0,-2.5961845,0.7473683953285217,0.07100000232458115,0.002400000113993883
YEL061C,YGL240W,1,-2.6011856,0.75,0.07199999690055847,0.002400000113993883
YGL116W,YGL003C,1,-2.6054926,0.7525773048400879,0.0729999989271164,0.002400000113993883
YOL078W,YER075C,0,-2.608021,0.7448979616165161,0.0729999989271164,0.0024999999441206455
YDR130C,YML034W,1,-2.6087184,0.747474730014801,0.07400000095367432,0.0024999999441206455
YPR141C,YML034W,1,-2.6102018,0.75,0.07500000298023224,0.0024999999441206455
YMR198W,YOL069W,1,-2.6118035,0.7524752616882324,0.07599999755620956,0.0024999999441206455
YKL018W,YMR156C,0,-2.6136098,0.7450980544090271,0.07599999755620956,0.0026000000070780516
YIL139C,YJL139C,0,-2.6145644,0.737864077091217,0.07599999755620956,0.0027000000700354576
YCL016C,YNL273W,1,-2.6149025,0.7403846383094788,0.07699999958276749,0.0027000000700354576
YJR035W,YDR195W,0,-2.619558,0.7333333492279053,0.07699999958276749,0.00279999990016222
YNL172W,YDR439W,1,-2.6214204,0.7358490824699402,0.07800000160932541,0.00279999990016222
YJR060W,YMR078C,1,-2.6235278,0.7383177280426025,0.07900000363588333,0.00279999990016222
YCR086W,YMR117C,1,-2.6286378,0.7407407164573669,0.07999999821186066,0.00279999990016222
YLR319C,YMR164C,0,-2.6315796,0.7339449524879456,0.07999999821186066,0.002899999963119626
YOR073W,YDR325W,1,-2.6330552,0.7363636493682861,0.08100000023841858,0.002899999963119626
YML034W,YNL273W,1,-2.6331148,0.7387387156486511,0.0820000022649765,0.002899999963119626
YKL022C,YCL016C,1,-2.6336422,0.7410714030265808,0.08299999684095383,0.002899999963119626
YDR118W,YOR249C,1,-2.6340184,0.7433628439903259,0.08399999886751175,0.002899999963119626
YAR018C,YOL069W,1,-2.634077,0.7456140518188477,0.08500000089406967,0.002899999963119626
YLR381W,YIL026C,1,-2.639624,0.747826099395752,0.0860000029206276,0.002899999963119626
YMR127C,YDR082W,0,-2.6409009,0.7413793206214905,0.0860000029206276,0.003000000026077032
YLR226W,YAR018C,1,-2.6409836,0.7435897588729858,0.08699999749660492,0.003000000026077032
YDR118W,YPL008W,1,-2.6418471,0.7457627058029175,0.08799999952316284,0.003000000026077032
YGL240W,YHR014W,1,-2.6428273,0.7478991746902466,0.08900000154972076,0.003000000026077032
YMR198W,YCR086W,1,-2.6481695,0.75,0.09000000357627869,0.003000000026077032
YJL041W,YER111C,0,-2.648655,0.7438016533851624,0.09000000357627869,0.003100000089034438
YGL116W,YMR078C,1,-2.6509311,0.7459016442298889,0.09099999815225601,0.003100000089034438
YKL092C,YBL052C,0,-2.6545558,0.7398374080657959,0.09099999815225601,0.0031999999191612005
YNL172W,YCR086W,1,-2.6546216,0.7419354915618896,0.09200000017881393,0.0031999999191612005
YDR004W,YDR240C,0,-2.6550045,0.7360000014305115,0.09200000017881393,0.0032999999821186066
YCR086W,YGR179C,1,-2.6599638,0.738095223903656,0.09300000220537186,0.0032999999821186066
YDL069C,YMR224C,0,-2.6617188,0.7322834730148315,0.09300000220537186,0.0034000000450760126
YMR117C,YNL273W,1,-2.6626182,0.734375,0.09399999678134918,0.0034000000450760126
YDR118W,YCL016C,1,-2.6666446,0.7364341020584106,0.0949999988079071,0.0034000000450760126
YAR018C,YDR325W,1,-2.6789298,0.7384615540504456,0.09600000083446503,0.0034000000450760126
YKR034W,YBR186W,0,-2.6815085,0.732824444770813,0.09600000083446503,0.0035000001080334187
YPL167C,YBL103C,0,-2.686449,0.7272727489471436,0.09600000083446503,0.003599999938160181
YDR424C,YDR484W,0,-2.6935334,0.7218044996261597,0.09600000083446503,0.003700000001117587
YMR078C,YDR180W,1,-2.694633,0.7238805890083313,0.09700000286102295,0.003700000001117587
YMR117C,YFL037W,1,-2.7034001,0.7259259223937988,0.09799999743700027,0.003700000001117587
YBL085W,YKR008W,0,-2.7068229,0.720588207244873,0.09799999743700027,0.003800000064074993
YAR018C,YBR073W,1,-2.707224,0.7226277589797974,0.0989999994635582,0.003800000064074993
YLR102C,YHR166C,1,-2.7114646,0.7246376872062683,0.10000000149011612,0.003800000064074993
YAL013W,YJL203W,0,-2.7160516,0.7194244861602783,0.10000000149011612,0.0038999998942017555
YDL069C,YAL010C,0,-2.721449,0.7142857313156128,0.10000000149011612,0.004000000189989805
YNR011C,YJR110W,0,-2.7229915,0.7092198729515076,0.10000000149011612,0.004100000020116568
YIL026C,YGR179C,1,-2.7238276,0.7112675905227661,0.10100000351667404,0.004100000020116568
YLR383W,YIL138C,0,-2.7303169,0.7062937021255493,0.10100000351667404,0.00419999985024333
YBR211C,YFR036W,1,-2.7326179,0.7083333134651184,0.10199999809265137,0.00419999985024333
YKL002W,YLL003W,0,-2.7377586,0.7034482955932617,0.10199999809265137,0.00430000014603138
YKL049C,YMR311C,1,-2.7397714,0.7054794430732727,0.10300000011920929,0.00430000014603138
YMR078C,YLR321C,1,-2.7431183,0.7074829936027527,0.10400000214576721,0.00430000014603138
YGL061C,YNL082W,0,-2.7434456,0.7027027010917664,0.10400000214576721,0.004399999976158142
YGR179C,YML034W,1,-2.746473,0.7046979665756226,0.10499999672174454,0.004399999976158142
YCL016C,YDR325W,1,-2.746941,0.7066666483879089,0.10599999874830246,0.004399999976158142
YDR301W,YPR189W,0,-2.747592,0.7019867300987244,0.10599999874830246,0.0044999998062849045
YCR014C,YHR178W,0,-2.7610056,0.6973684430122375,0.10599999874830246,0.004600000102072954
YCL016C,YJL019W,1,-2.7629957,0.6993464231491089,0.10700000077486038,0.004600000102072954
YCL016C,YDR113C,1,-2.7651463,0.701298713684082,0.1080000028014183,0.004600000102072954
YLR381W,YFR027W,1,-2.7658572,0.7032257914543152,0.10899999737739563,0.004600000102072954
YDR236C,YDR503C,0,-2.766017,0.6987179517745972,0.10899999737739563,0.004699999932199717
YBL097W,YAL034W-A,1,-2.7662086,0.7006369233131409,0.10999999940395355,0.004699999932199717
YMR117C,YHR014W,1,-2.7708955,0.702531635761261,0.11100000143051147,0.004699999932199717
YBL097W,YAR018C,1,-2.7735066,0.704402506351471,0.1120000034570694,0.004699999932199717
YNL172W,YBL079W,1,-2.7758896,0.706250011920929,0.11299999803304672,0.004699999932199717
YPR179C,YML011C,0,-2.7760696,0.7018633484840393,0.11299999803304672,0.004800000227987766
YKL134C,YLR234W,0,-2.7798142,0.6975308656692505,0.11299999803304672,0.004900000058114529
YMR283C,YDL159W,0,-2.7818499,0.6932515501976013,0.11299999803304672,0.004999999888241291
YOR249C,YKL049C,1,-2.7910438,0.6951219439506531,0.11400000005960464,0.004999999888241291
YPL008W,YPR141C,1,-2.7942235,0.6969696879386902,0.11500000208616257,0.004999999888241291
YGR206W,YBR216C,0,-2.7982838,0.6927710771560669,0.11500000208616257,0.005100000184029341
YOR330C,YKL108W,0,-2.8002386,0.688622772693634,0.11500000208616257,0.005200000014156103
YBR278W,YLR207W,0,-2.8035123,0.6845238208770752,0.11500000208616257,0.0052999998442828655
YDL003W,YMR117C,1,-2.8047452,0.6863905191421509,0.11599999666213989,0.0052999998442828655
YFR036W,YDR180W,1,-2.8096428,0.6882352828979492,0.11699999868869781,0.0052999998442828655
YGR120C,YIL138C,0,-2.810515,0.6842105388641357,0.11699999868869781,0.005400000140070915
YGR140W,YOR073W,1,-2.814833,0.6860465407371521,0.11800000071525574,0.005400000140070915
YEL061C,YMR048W,1,-2.816211,0.6878612637519836,0.11900000274181366,0.005400000140070915
YPL008W,YFR027W,1,-2.8173037,0.6896551847457886,0.11999999731779099,0.005400000140070915
YCR038C,YPL029W,0,-2.8309712,0.6857143044471741,0.11999999731779099,0.005499999970197678
YOR279C,YOR075W,0,-2.8319669,0.6818181872367859,0.11999999731779099,0.00559999980032444
YFR027W,YPR141C,1,-2.8327675,0.6836158037185669,0.12099999934434891,0.00559999980032444
YPL119C,YJR010C-A,0,-2.8340125,0.6797752976417542,0.12099999934434891,0.00570000009611249
YLR011W,YLR376C,0,-2.8371348,0.6759776473045349,0.12099999934434891,0.005799999926239252
YNL188W,YDL005C,0,-2.837748,0.6722221970558167,0.12099999934434891,0.005900000222027302
YCR093W,YAL056W,0,-2.8383925,0.6685082912445068,0.12099999934434891,0.006000000052154064
YDR439W,YNL273W,1,-2.8437371,0.6703296899795532,0.12200000137090683,0.006000000052154064
YMR023C,YJR010C-A,0,-2.8449154,0.6666666865348816,0.12200000137090683,0.006099999882280827
YPR141C,YGR275W,1,-2.8474245,0.66847825050354,0.12300000339746475,0.006099999882280827
YBR060C,YDR464W,0,-2.8499231,0.6648648381233215,0.12300000339746475,0.006200000178068876
YNR026C,YDL235C,0,-2.8506212,0.6612903475761414,0.12300000339746475,0.006300000008195639
YJL047C,YLR045C,0,-2.8511648,0.6577540040016174,0.12300000339746475,0.006399999838322401
YJR089W,YGR179C,1,-2.8548024,0.6595744490623474,0.12399999797344208,0.006399999838322401
YLR127C,YDR180W,1,-2.8571212,0.6613756418228149,0.125,0.006399999838322401
YBR211C,YGL003C,1,-2.8574634,0.6631578803062439,0.12600000202655792,0.006399999838322401
YKL049C,YDR180W,1,-2.8585818,0.6649214625358582,0.12700000405311584,0.006399999838322401
YGR134W,YMR172W,0,-2.8601434,0.6614583134651184,0.12700000405311584,0.006500000134110451
YER040W,YML103C,0,-2.860365,0.6580311059951782,0.12700000405311584,0.006599999964237213
YNL172W,YMR190C,1,-2.8617802,0.6597937941551208,0.12800000607967377,0.006599999964237213
YDR108W,YHR135C,0,-2.8620365,0.656410276889801,0.12800000607967377,0.0066999997943639755
YIL026C,YMR117C,1,-2.862265,0.6581632494926453,0.1289999932050705,0.0066999997943639755
YNR010W,YGR179C,1,-2.8667755,0.6598984599113464,0.12999999523162842,0.0066999997943639755
YER032W,YPL082C,0,-2.86911,0.6565656661987305,0.12999999523162842,0.006800000090152025
YMR117C,YML034W,1,-2.8701515,0.6582914590835571,0.13099999725818634,0.006800000090152025
YIL132C,YLR381W,1,-2.871907,0.6600000262260437,0.13199999928474426,0.006800000090152025
YPR046W,YJR068W,1,-2.8726277,0.6616915464401245,0.13300000131130219,0.006800000090152025
YBR160W,YPL254W,0,-2.8726778,0.6584158539772034,0.13300000131130219,0.006899999920278788
YAR018C,YDR318W,1,-2.8758683,0.6600984930992126,0.1340000033378601,0.006899999920278788
YDR113C,YLR321C,1,-2.87696,0.6617646813392639,0.13500000536441803,0.006899999920278788
YBR081C,YJL087C,0,-2.8782916,0.6585366129875183,0.13500000536441803,0.007000000216066837
YJR089W,YHR166C,1,-2.8823047,0.6601941585540771,0.13600000739097595,0.007000000216066837
YCL016C,YPR141C,1,-2.882432,0.6618357300758362,0.13699999451637268,0.007000000216066837
YJR092W,YBL034C,0,-2.8868787,0.6586538553237915,0.13699999451637268,0.0071000000461936
YKL042W,YBR081C,0,-2.8926046,0.6555023789405823,0.13699999451637268,0.007199999876320362
YFR027W,YBR107C,1,-2.89743,0.6571428775787354,0.1379999965429306,0.007199999876320362
YLR127C,YKL049C,1,-2.8976302,0.6587677597999573,0.13899999856948853,0.007199999876320362
YPR046W,YNL273W,1,-2.8986506,0.6603773832321167,0.14000000059604645,0.007199999876320362
YCR038C,YDR295C,0,-2.898831,0.65727698802948,0.14000000059604645,0.007300000172108412
YGL003C,YMR198W,1,-2.9010105,0.65887850522995,0.14100000262260437,0.007300000172108412
YHR166C,YDR439W,1,-2.904464,0.6604651212692261,0.1420000046491623,0.007300000172108412
YPL200W,YMR117C,1,-2.906021,0.6620370149612427,0.14300000667572021,0.007300000172108412
YBR245C,YIL068C,0,-2.9087942,0.6589861512184143,0.14300000667572021,0.007400000002235174
YGR179C,YOL094C,1,-2.9089065,0.6605504751205444,0.14399999380111694,0.007400000002235174
YJR057W,YLR288C,0,-2.9129715,0.6575342416763306,0.14399999380111694,0.007499999832361937
YNL317W,YHR178W,0,-2.918204,0.6545454263687134,0.14399999380111694,0.007600000128149986
YKL092C,YML103C,0,-2.9241886,0.651583731174469,0.14399999380111694,0.007699999958276749
YBL097W,YGL240W,1,-2.9297798,0.6531531810760498,0.14499999582767487,0.007699999958276749
YNR008W,YLR045C,0,-2.931023,0.6502242088317871,0.14499999582767487,0.007799999788403511
YAR018C,YNL273W,1,-2.931338,0.6517857313156128,0.1459999978542328,0.007799999788403511
YNL188W,YGL175C,0,-2.935256,0.648888885974884,0.1459999978542328,0.007899999618530273
YKR027W,YDR301W,0,-2.93568,0.6460176706314087,0.1459999978542328,0.00800000037997961
YDR437W,YPL042C,0,-2.9362342,0.6431717872619629,0.1459999978542328,0.008100000210106373
YLR381W,YFR031C,1,-2.9363844,0.6447368264198303,0.1469999998807907,0.008100000210106373
YJL061W,YOR018W,0,-2.9373438,0.6419214010238647,0.1469999998807907,0.008200000040233135
YCR086W,YJR135C,1,-2.9378693,0.643478274345398,0.14800000190734863,0.008200000040233135
YPL255W,YHR150W,0,-2.9379826,0.6406926512718201,0.14800000190734863,0.008299999870359898
YLR210W,YIL106W,0,-2.9401922,0.6379310488700867,0.14800000190734863,0.00839999970048666
YDR147W,YMR277W,0,-2.9405146,0.6351931095123291,0.14800000190734863,0.008500000461935997
YCL016C,YDR439W,1,-2.9533167,0.6367521286010742,0.14900000393390656,0.008500000461935997
YML061C,YJL187C,0,-2.9536667,0.6340425610542297,0.14900000393390656,0.00860000029206276
YPL254W,YCR092C,0,-2.9542346,0.6313559412956238,0.14900000393390656,0.008700000122189522
YGL240W,YKR054C,1,-2.9544044,0.6329113841056824,0.15000000596046448,0.008700000122189522
YEL061C,YIL132C,1,-2.9563062,0.6344537734985352,0.1509999930858612,0.008700000122189522
YGL240W,YPR046W,1,-2.9573746,0.6359832882881165,0.15199999511241913,0.008700000122189522
YOR249C,YDR439W,1,-2.9611487,0.637499988079071,0.15299999713897705,0.008700000122189522
YDL087C,YIL073C,0,-2.9620626,0.634854793548584,0.15299999713897705,0.008799999952316284
YPL016W,YHR090C,0,-2.9631057,0.6322314143180847,0.15299999713897705,0.008899999782443047
YNL094W,YOL078W,0,-2.96772,0.6296296119689941,0.15299999713897705,0.008999999612569809
YDL087C,YIL061C,0,-2.9682267,0.6270492076873779,0.15299999713897705,0.009100000374019146
YCR086W,YOL069W,1,-2.9684267,0.6285714507102966,0.15399999916553497,0.009100000374019146
YBR164C,YNL323W,0,-2.971099,0.6260162591934204,0.15399999916553497,0.009200000204145908
YJR060W,YAR018C,1,-2.9737167,0.6275303363800049,0.1550000011920929,0.009200000204145908
YGL240W,YDR325W,1,-2.9737737,0.6290322542190552,0.15600000321865082,0.009200000204145908
YBR200W,YLR320W,0,-2.9741683,0.6265060305595398,0.15600000321865082,0.00930000003427267
YIL132C,YDR318W,1,-2.9749067,0.628000020980835,0.15700000524520874,0.00930000003427267
YBR278W,YLR329W,0,-2.976622,0.6254979968070984,0.15700000524520874,0.009399999864399433
YHR166C,YFR027W,1,-2.9774668,0.6269841194152832,0.15800000727176666,0.009399999864399433
YDR439W,YOR073W,1,-2.981142,0.6284584999084473,0.1589999943971634,0.009399999864399433
YFR027W,YOL069W,1,-2.982273,0.6299212574958801,0.1599999964237213,0.009399999864399433
YGL240W,YOR156C,1,-2.9832425,0.6313725709915161,0.16099999845027924,0.009399999864399433
YHR059W,YBR228W,0,-2.9882374,0.62890625,0.16099999845027924,0.009499999694526196
YDL008W,YMR048W,1,-2.988408,0.6303501725196838,0.16200000047683716,0.009499999694526196
YDR317W,YIL139C,0,-2.993401,0.6279069781303406,0.16200000047683716,0.009600000455975533
YER174C,YNL177C,0,-2.9942079,0.6254826188087463,0.16200000047683716,0.009700000286102295
YGL251C,YIL030C,0,-2.9943953,0.6230769157409668,0.16200000047683716,0.009800000116229057
YOR320C,YDR279W,0,-2.9950068,0.6206896305084229,0.16200000047683716,0.00989999994635582
YLR368W,YDL105W,0,-3.000578,0.6183205842971802,0.16200000047683716,0.009999999776482582
YER075C,YLR033W,0,-3.0013611,0.6159695982933044,0.16200000047683716,0.010099999606609344
YGL061C,YBL034C,0,-3.0019622,0.6136363744735718,0.16200000047683716,0.010200000368058681
YEL061C,YLR357W,1,-3.0021052,0.6150943636894226,0.16300000250339508,0.010200000368058681
YGL116W,YBR087W,1,-3.0030708,0.61654132604599,0.164000004529953,0.010200000368058681
YPR070W,YJL025W,0,-3.0031505,0.6142321825027466,0.164000004529953,0.010300000198185444
YJR089W,YFR027W,1,-3.0032868,0.6156716346740723,0.16500000655651093,0.010300000198185444
YBL097W,YMR078C,1,-3.003336,0.6171003580093384,0.16599999368190765,0.010300000198185444
YCL016C,YFR031C,1,-3.006454,0.6185185313224792,0.16699999570846558,0.010300000198185444
YOR174W,YPR178W,0,-3.0082428,0.61623615026474,0.16699999570846558,0.010400000028312206
YAR018C,YML034W,1,-3.0090585,0.6176470518112183,0.1679999977350235,0.010400000028312206
YGR179C,YML124C,1,-3.0103192,0.6190476417541504,0.16899999976158142,0.010400000028312206
YLR226W,YEL061C,1,-3.0103807,0.6204379796981812,0.17000000178813934,0.010400000028312206
YLR381W,YFL037W,1,-3.0144653,0.6218181848526001,0.17100000381469727,0.010400000028312206
YMR078C,YDR318W,1,-3.020433,0.6231883764266968,0.1720000058412552,0.010400000028312206
YIL026C,YGR275W,1,-3.0227244,0.6245487332344055,0.17299999296665192,0.010400000028312206
YLR127C,YFR036W,1,-3.023632,0.6258992552757263,0.17399999499320984,0.010400000028312206
YIL026C,YBR156C,1,-3.023747,0.6272401213645935,0.17499999701976776,0.010400000028312206
YPR141C,YDL003W,1,-3.0248213,0.6285714507102966,0.17599999904632568,0.010400000028312206
YOL104C,YJR010C-A,0,-3.0298214,0.626334547996521,0.17599999904632568,0.010499999858438969
YGR108W,YKL189W,0,-3.0306854,0.6241135001182556,0.17599999904632568,0.010599999688565731
YER016W,YAL034W-A,1,-3.0318146,0.6254416704177856,0.1770000010728836,0.010599999688565731
YLR381W,YBR087W,1,-3.03342,0.6267605423927307,0.17800000309944153,0.010599999688565731
YCL016C,YDR130C,1,-3.0353816,0.6280701756477356,0.17900000512599945,0.010599999688565731
YDR118W,YFR031C,1,-3.0363567,0.6293706297874451,0.18000000715255737,0.010599999688565731
YAR018C,YFL008W,1,-3.036469,0.6306620240211487,0.1809999942779541,0.010599999688565731
YOL017W,YEL019C,0,-3.0382974,0.6284722089767456,0.1809999942779541,0.010700000450015068
YML102W,YPR031W,0,-3.0402703,0.6262975931167603,0.1809999942779541,0.01080000028014183
YMR198W,YOR014W,1,-3.042762,0.6275861859321594,0.18199999630451202,0.01080000028014183
YPR178W,YDR389W,0,-3.0451257,0.6254295706748962,0.18199999630451202,0.010900000110268593
YDL008W,YGL003C,1,-3.0465188,0.6267123222351074,0.18299999833106995,0.010900000110268593
YNL133C,YBR188C,0,-3.0491033,0.6245733499526978,0.18299999833106995,0.010999999940395355
YLL002W,YOR194C,0,-3.0499792,0.6224489808082581,0.18299999833106995,0.011099999770522118
YPL008W,YDR180W,1,-3.0502496,0.6237288117408752,0.18400000035762787,0.011099999770522118
YNL020C,YNL078W,0,-3.0535278,0.6216216087341309,0.18400000035762787,0.01119999960064888
YEL061C,YGR089W,1,-3.0569086,0.6228955984115601,0.1850000023841858,0.01119999960064888
YKL049C,YOR073W,1,-3.0577016,0.6241610646247864,0.1860000044107437,0.01119999960064888
YER111C,YDR460W,0,-3.060041,0.6220735907554626,0.1860000044107437,0.011300000362098217
YGL240W,YIL026C,1,-3.062096,0.6233333349227905,0.18700000643730164,0.011300000362098217
YFL055W,YDR314C,0,-3.0632274,0.6212624311447144,0.18700000643730164,0.01140000019222498
YMR055C,YGL251C,0,-3.0635405,0.6192052960395813,0.18700000643730164,0.011500000022351742
YEL061C,YNL299W,1,-3.0641327,0.6204620599746704,0.18799999356269836,0.011500000022351742
YPR164W,YNL326C,0,-3.0660987,0.6184210777282715,0.18799999356269836,0.011599999852478504
YBR136W,YKR095W,0,-3.069231,0.6163934469223022,0.18799999356269836,0.011699999682605267
YKL049C,YPR046W,1,-3.0715942,0.6176470518112183,0.1889999955892563,0.011699999682605267
YFR027W,YHR014W,1,-3.072641,0.6188924908638,0.1899999976158142,0.011699999682605267
YNL172W,YJR060W,1,-3.0733767,0.6201298832893372,0.19099999964237213,0.011699999682605267
YDR113C,YFL008W,1,-3.074717,0.6213592290878296,0.19200000166893005,0.011699999682605267
YLR381W,YDR439W,1,-3.0766726,0.6225806474685669,0.19300000369548798,0.011699999682605267
YAL031C,YOL069W,1,-3.0770392,0.6237941980361938,0.1940000057220459,0.011699999682605267
YLL001W,YIL173W,0,-3.0787573,0.6217948794364929,0.1940000057220459,0.011800000444054604
YHR191C,YPR046W,1,-3.0811129,0.6230031847953796,0.19499999284744263,0.011800000444054604
YBL097W,YML034W,1,-3.0830529,0.6242038011550903,0.19599999487400055,0.011800000444054604
YOR330C,YMR218C,0,-3.0854707,0.6222222447395325,0.19599999487400055,0.011900000274181366
YOR216C,YDR240C,0,-3.087369,0.6202531456947327,0.19599999487400055,0.012000000104308128
YDR195W,YKL203C,0,-3.0890331,0.6182965040206909,0.19599999487400055,0.01209999993443489
YMR001C,YFL024C,0,-3.0908208,0.6163522005081177,0.19599999487400055,0.012199999764561653
YLR329W,YML005W,0,-3.0946534,0.6144200563430786,0.19599999487400055,0.012299999594688416
YPR199C,YBR038W,0,-3.095954,0.612500011920929,0.19599999487400055,0.012400000356137753
YLR319C,YPL029W,0,-3.0974884,0.6105918884277344,0.19599999487400055,0.012500000186264515
YOL063C,YDR334W,0,-3.0980954,0.6086956262588501,0.19599999487400055,0.012600000016391277
YKR019C,YOR068C,0,-3.0981998,0.6068111658096313,0.19599999487400055,0.01269999984651804
YMR033W,YJL201W,0,-3.0988832,0.604938268661499,0.19599999487400055,0.012799999676644802
YJL008C,YOR368W,0,-3.101865,0.6030769348144531,0.19599999487400055,0.012900000438094139
YGL013C,YDR159W,0,-3.1019855,0.6012269854545593,0.19599999487400055,0.013000000268220901
YMR164C,YPR168W,0,-3.1029434,0.5993883609771729,0.19599999487400055,0.013100000098347664
YDL029W,YDR004W,0,-3.104515,0.5975610017776489,0.19599999487400055,0.013199999928474426
YLR394W,YMR179W,0,-3.1072521,0.5957446694374084,0.19599999487400055,0.013299999758601189
YIL132C,YAL034W-A,1,-3.1099486,0.596969723701477,0.19699999690055847,0.013299999758601189
YJR089W,YLR226W,1,-3.1138544,0.5981873273849487,0.1979999989271164,0.013299999758601189
YGL240W,YPR141C,1,-3.1161256,0.599397599697113,0.19900000095367432,0.013299999758601189
YEL061C,YOL006C,1,-3.1163673,0.6006006002426147,0.20000000298023224,0.013299999758601189
YNL272C,YDL159W,0,-3.1203845,0.598802387714386,0.20000000298023224,0.013399999588727951
YPL167C,YDL098C,0,-3.122395,0.5970149040222168,0.20000000298023224,0.013500000350177288
YOR180C,YOL091W,0,-3.123417,0.5952380895614624,0.20000000298023224,0.01360000018030405
YLR117C,YKR055W,0,-3.1242104,0.5934718251228333,0.20000000298023224,0.013700000010430813
YJR089W,YDR318W,1,-3.1257255,0.5946745276451111,0.20100000500679016,0.013700000010430813
YIL132C,YDL003W,1,-3.1259956,0.5958701968193054,0.20200000703334808,0.013700000010430813
YGR089W,YMR117C,1,-3.1268907,0.5970588326454163,0.2029999941587448,0.013700000010430813
YCL016C,YOL069W,1,-3.130096,0.5982404947280884,0.20399999618530273,0.013700000010430813
YNL272C,YER111C,0,-3.1311495,0.5964912176132202,0.20399999618530273,0.013799999840557575
YOR073W,YNL273W,1,-3.1315114,0.5976676344871521,0.20499999821186066,0.013799999840557575
YAL058W,YJR153W,0,-3.1319404,0.5959302186965942,0.20499999821186066,0.013899999670684338
YMR167W,YER075C,0,-3.1347988,0.5942028760910034,0.20499999821186066,0.014000000432133675
YGR261C,YJL041W,0,-3.1386888,0.5924855470657349,0.20499999821186066,0.014100000262260437
YDR180W,YDR325W,1,-3.1441455,0.5936599373817444,0.20600000023841858,0.014100000262260437
YCR014C,YLR045C,0,-3.1442444,0.5919540524482727,0.20600000023841858,0.0142000000923872
YJR089W,YFL008W,1,-3.1502905,0.593123197555542,0.2070000022649765,0.0142000000923872
YKL092C,YBL008W,0,-3.1510003,0.5914285778999329,0.2070000022649765,0.014299999922513962
YLR357W,YDR180W,1,-3.152937,0.5925925970077515,0.20800000429153442,0.014299999922513962
YGR089W,YDR180W,1,-3.1554832,0.59375,0.20900000631809235,0.014299999922513962
YPL132W,YKL006C-A,0,-3.1566212,0.5920680165290833,0.20900000631809235,0.014399999752640724
YAL024C,YHR167W,0,-3.1597161,0.590395450592041,0.20900000631809235,0.014499999582767487
YBL008W,YDR515W,0,-3.161017,0.5887324213981628,0.20900000631809235,0.014600000344216824
YBR186W,YOR069W,0,-3.163645,0.5870786309242249,0.20900000631809235,0.014700000174343586
YFR031C,YNL273W,1,-3.1652274,0.5882353186607361,0.20999999344348907,0.014700000174343586
YPR176C,YPL218W,0,-3.1652586,0.5865921974182129,0.20999999344348907,0.014800000004470348
YPL008W,YLR381W,1,-3.1652732,0.5877437591552734,0.210999995470047,0.014800000004470348
YLR383W,YDL194W,0,-3.1657317,0.5861111283302307,0.210999995470047,0.01489999983459711
YPR141C,YOL006C,1,-3.1669898,0.5872576236724854,0.21199999749660492,0.01489999983459711
YKL022C,YMR198W,1,-3.1687832,0.5883978009223938,0.21299999952316284,0.01489999983459711
YJR043C,YML049C,0,-3.1691308,0.586776852607727,0.21299999952316284,0.014999999664723873
YFR027W,YPR007C,1,-3.171472,0.5879120826721191,0.21400000154972076,0.014999999664723873
YGL116W,YIL026C,1,-3.1718867,0.5890411138534546,0.2150000035762787,0.014999999664723873
YKR054C,YNL273W,1,-3.1754034,0.5901639461517334,0.2160000056028366,0.014999999664723873
YMR036C,YPL167C,0,-3.1788437,0.5885558724403381,0.2160000056028366,0.01510000042617321
YGL116W,YEL061C,1,-3.1790411,0.5896739363670349,0.21699999272823334,0.01510000042617321
YOL065C,YGL241W,0,-3.1891303,0.5880758762359619,0.21699999272823334,0.015200000256299973
YEL061C,YIL026C,1,-3.190107,0.5891891717910767,0.21799999475479126,0.015200000256299973
YOR156C,YMR117C,1,-3.19111,0.5902965068817139,0.21899999678134918,0.015200000256299973
YDR141C,YDL058W,0,-3.1923704,0.5887096524238586,0.21899999678134918,0.015300000086426735
YJR147W,YJL056C,0,-3.2004557,0.5871313810348511,0.21899999678134918,0.015399999916553497
YFR031C,YDR325W,1,-3.2026074,0.5882353186607361,0.2199999988079071,0.015399999916553497
YLR268W,YHR152W,0,-3.206335,0.5866666436195374,0.2199999988079071,0.01549999974668026
YCR086W,YGL240W,1,-3.207047,0.5877659320831299,0.22100000083446503,0.01549999974668026
YGL241W,YOR259C,0,-3.2091045,0.5862069129943848,0.22100000083446503,0.015599999576807022
YGR179C,YBR087W,1,-3.210576,0.5873016119003296,0.22200000286102295,0.015599999576807022
YNL172W,YMR076C,1,-3.212461,0.5883905291557312,0.22300000488758087,0.015599999576807022
YMR167W,YML015C,0,-3.2136497,0.5868421196937561,0.22300000488758087,0.015699999406933784
YNL042W,YDR198C,0,-3.2143414,0.5853018164634705,0.22300000488758087,0.015799999237060547
YNL279W,YML015C,0,-3.2145123,0.5837696194648743,0.22300000488758087,0.01590000092983246
YLR319C,YDR437W,0,-3.2169352,0.582245409488678,0.22300000488758087,0.01600000075995922
YHR160C,YJR153W,0,-3.2180398,0.5807291865348816,0.22300000488758087,0.016100000590085983
YIL004C,YGL183C,0,-3.219818,0.5792207717895508,0.22300000488758087,0.016200000420212746
YPL008W,YNL273W,1,-3.2206779,0.5803108811378479,0.2240000069141388,0.016200000420212746
YDR524C,YLR242C,0,-3.2226138,0.5788113474845886,0.2240000069141388,0.016300000250339508
YGL168W,YGL094C,0,-3.222659,0.5773195624351501,0.2240000069141388,0.01640000008046627
YKR054C,YMR190C,1,-3.2251592,0.5784061551094055,0.22499999403953552,0.01640000008046627
YDL008W,YKL022C,1,-3.2254863,0.5794872045516968,0.22599999606609344,0.01640000008046627
YLR135W,YDR369C,0,-3.23164,0.5780051350593567,0.22599999606609344,0.016499999910593033
YDR168W,YHR082C,0,-3.2316427,0.5765306353569031,0.22599999606609344,0.016599999740719795
YCR107W,YOL008W,0,-3.2333257,0.5750635862350464,0.22599999606609344,0.016699999570846558
YNR008W,YPL121C,0,-3.234211,0.5736040472984314,0.22599999606609344,0.01679999940097332
YIL131C,YJL013C,0,-3.2362006,0.5721518993377686,0.22599999606609344,0.016899999231100082
YEL062W,YIL061C,0,-3.2363677,0.5707070827484131,0.22599999606609344,0.017000000923871994
YHR031C,YLR383W,0,-3.2390666,0.5692695379257202,0.22599999606609344,0.017100000753998756
YDR118W,YJR089W,1,-3.2411447,0.570351779460907,0.22699999809265137,0.017100000753998756
YLR210W,YJL219W,0,-3.2414966,0.5689222812652588,0.22699999809265137,0.01720000058412552
YBR211C,YMR078C,1,-3.2419333,0.5699999928474426,0.2280000001192093,0.01720000058412552
YML049C,YPL218W,0,-3.2434576,0.5685785412788391,0.2280000001192093,0.01730000041425228
YLR182W,YDR484W,0,-3.2455077,0.5671641826629639,0.2280000001192093,0.017400000244379044
YNL328C,YGL175C,0,-3.2465887,0.5657567977905273,0.2280000001192093,0.017500000074505806
YGL201C,YBR258C,0,-3.2488775,0.5643564462661743,0.2280000001192093,0.01759999990463257
YKL048C,YER075C,0,-3.2490084,0.5629629492759705,0.2280000001192093,0.01769999973475933
YER149C,YOR327C,0,-3.2503648,0.5615763664245605,0.2280000001192093,0.017799999564886093
YJR089W,YFR036W,1,-3.251003,0.5626535415649414,0.2290000021457672,0.017799999564886093
YDR180W,YOL006C,1,-3.251564,0.563725471496582,0.23000000417232513,0.017799999564886093
YDR118W,YMR117C,1,-3.2521663,0.5647921562194824,0.23100000619888306,0.017799999564886093
YIR019C,YLR005W,0,-3.2522507,0.5634146332740784,0.23100000619888306,0.017899999395012856
YJR089W,YPL204W,1,-3.2535353,0.5644769072532654,0.23199999332427979,0.017899999395012856
YER016W,YOR073W,1,-3.2542162,0.5655339956283569,0.2329999953508377,0.017899999395012856
YGR140W,YEL061C,1,-3.2543378,0.5665859580039978,0.23399999737739563,0.017899999395012856
YGR075C,YDR369C,0,-3.2548954,0.5652173757553101,0.23399999737739563,0.017999999225139618
YBL097W,YDR325W,1,-3.2584543,0.5662650465965271,0.23499999940395355,0.017999999225139618
YDL247W,YLR382C,0,-3.2589304,0.5649038553237915,0.23499999940395355,0.01810000091791153
YPR128C,YDR369C,0,-3.2596393,0.5635491609573364,0.23499999940395355,0.018200000748038292
YFR036W,YMR117C,1,-3.2642734,0.5645933151245117,0.23600000143051147,0.018200000748038292
YPL269W,YJR086W,0,-3.2644215,0.5632458329200745,0.23600000143051147,0.018300000578165054
YCR086W,YFR027W,1,-3.2648778,0.5642856955528259,0.2370000034570694,0.018300000578165054
YNL147W,YJR035W,0,-3.2649405,0.5629453659057617,0.2370000034570694,0.018400000408291817
YNR010W,YDR439W,1,-3.2651653,0.5639810562133789,0.23800000548362732,0.018400000408291817
YNL156C,YHR027C,0,-3.267625,0.5626477599143982,0.23800000548362732,0.01850000023841858
YGR002C,YFL049W,0,-3.2690458,0.5613207817077637,0.23800000548362732,0.01860000006854534
YDL105W,YKL166C,0,-3.2690492,0.5600000023841858,0.23800000548362732,0.018699999898672104
YDR515W,YML109W,0,-3.2698655,0.5586854219436646,0.23800000548362732,0.018799999728798866
YER157W,YLR033W,0,-3.271793,0.5573770403862,0.23800000548362732,0.01889999955892563
YLR357W,YMR117C,1,-3.272993,0.5584112405776978,0.23899999260902405,0.01889999955892563
YFR036W,YAR018C,1,-3.273554,0.559440553188324,0.23999999463558197,0.01889999955892563
YBL097W,YBR107C,1,-3.275127,0.5604650974273682,0.2409999966621399,0.01889999955892563
YCR092C,YDL135C,0,-3.2793143,0.5591647624969482,0.2409999966621399,0.01899999938905239
YHR166C,YIL132C,1,-3.279683,0.5601851940155029,0.24199999868869781,0.01899999938905239
YDL069C,YLR330W,0,-3.281661,0.5588914752006531,0.24199999868869781,0.019099999219179153
YCR066W,YER104W,0,-3.2839432,0.557603657245636,0.24199999868869781,0.019200000911951065
YLR116W,YKL130C,0,-3.2875228,0.5563218593597412,0.24199999868869781,0.019300000742077827
YPL204W,YMR117C,1,-3.2897575,0.5573394298553467,0.24300000071525574,0.019300000742077827
YDL178W,YDR217C,0,-3.2899039,0.5560640692710876,0.24300000071525574,0.01940000057220459
YDL135C,YHL009C,0,-3.2906842,0.5547945499420166,0.24300000071525574,0.019500000402331352
YJL090C,YPR095C,0,-3.2908878,0.553530752658844,0.24300000071525574,0.019600000232458115
YDR118W,YNL273W,1,-3.2909827,0.5545454621315002,0.24400000274181366,0.019600000232458115
YHR166C,YPR007C,1,-3.2911286,0.5555555820465088,0.24500000476837158,0.019600000232458115
YGR230W,YLR394W,0,-3.2920532,0.5542986392974854,0.24500000476837158,0.019700000062584877
YDR081C,YFR034C,0,-3.2929046,0.5530474185943604,0.24500000476837158,0.01979999989271164
YDR113C,YHR014W,1,-3.293147,0.5540540814399719,0.2460000067949295,0.01979999989271164
YGR193C,YLR045C,0,-3.2934775,0.5528090000152588,0.2460000067949295,0.019899999722838402
YFR036W,YPR046W,1,-3.2942991,0.5538116693496704,0.24699999392032623,0.019899999722838402
YNL325C,YDR159W,0,-3.2961075,0.5525727272033691,0.24699999392032623,0.019999999552965164
YGL065C,YJL062W,0,-3.2964168,0.5513392686843872,0.24699999392032623,0.020099999383091927
YCL016C,YFR027W,1,-3.2964196,0.5523385405540466,0.24799999594688416,0.020099999383091927
YJL115W,YLR377C,0,-3.300723,0.551111102104187,0.24799999594688416,0.02019999921321869
YLR226W,YLR381W,1,-3.3019006,0.5521064400672913,0.24899999797344208,0.02019999921321869
YNR010W,YKR054C,1,-3.3047433,0.5530973672866821,0.25,0.02019999921321869
YBL047C,YNL250W,0,-3.3052425,0.5518763661384583,0.25,0.0203000009059906
YGR003W,YDR013W,0,-3.3065124,0.5506607890129089,0.25,0.020400000736117363
YPL268W,YOL031C,0,-3.3090107,0.5494505763053894,0.25,0.020500000566244125
YGL116W,YOL094C,1,-3.3100314,0.5504385828971863,0.25099998712539673,0.020500000566244125
YDR244W,YDR177W,0,-3.3103907,0.54923415184021,0.25099998712539673,0.020600000396370888
YLR166C,YOR162C,0,-3.3109205,0.5480349063873291,0.25099998712539673,0.02070000022649765
YBR279W,YPR189W,0,-3.3122716,0.5468409657478333,0.25099998712539673,0.020800000056624413
YNL199C,YHR061C,0,-3.3128877,0.5456521511077881,0.25099998712539673,0.020899999886751175
YML067C,YMR133W,0,-3.3129084,0.5444685220718384,0.25099998712539673,0.020999999716877937
YOR249C,YAL034W-A,1,-3.313448,0.5454545617103577,0.25200000405311584,0.020999999716877937
YNR010W,YPR046W,1,-3.3167753,0.5464363098144531,0.2529999911785126,0.020999999716877937
YBR136W,YMR167W,0,-3.3191652,0.545258641242981,0.2529999911785126,0.0210999995470047
YDR515W,YKR062W,0,-3.3192906,0.5440860390663147,0.2529999911785126,0.021199999377131462
YLR386W,YCL069W,0,-3.3196354,0.5429184436798096,0.2529999911785126,0.021299999207258224
YPR171W,YKR036C,0,-3.3198404,0.5417559146881104,0.2529999911785126,0.021400000900030136
YHR023W,YKL134C,0,-3.3210173,0.5405982732772827,0.2529999911785126,0.0215000007301569
YPR046W,YGR275W,1,-3.3216186,0.5415778160095215,0.2540000081062317,0.0215000007301569
YKR009C,YCR106W,0,-3.3240685,0.5404255390167236,0.2540000081062317,0.02160000056028366
YLR212C,YCL063W,0,-3.325539,0.5392781496047974,0.2540000081062317,0.021700000390410423
YPL008W,YAR018C,1,-3.325566,0.5402542352676392,0.2549999952316284,0.021700000390410423
YPL008W,YDR439W,1,-3.3259819,0.5412262082099915,0.25600001215934753,0.021700000390410423
YDR108W,YOL146W,0,-3.326454,0.5400843620300293,0.25600001215934753,0.021800000220537186
YMR311C,YGR275W,1,-3.3284285,0.5410526394844055,0.25699999928474426,0.021800000220537186
YCR086W,YNL273W,1,-3.330068,0.5420168042182922,0.257999986410141,0.021800000220537186
YNL082W,YLR212C,0,-3.3330922,0.5408805012702942,0.257999986410141,0.021900000050663948
YLR145W,YDR311W,0,-3.3340607,0.5397489666938782,0.257999986410141,0.02199999988079071
YPL124W,YGR144W,0,-3.3347945,0.5386221408843994,0.257999986410141,0.022099999710917473
YPL069C,YNL282W,0,-3.3356068,0.5375000238418579,0.257999986410141,0.022199999541044235
YMR070W,YDR392W,0,-3.336162,0.5363825559616089,0.257999986410141,0.022299999371170998
YCL016C,YOR073W,1,-3.339338,0.5373443961143494,0.2590000033378601,0.022299999371170998
YOR159C,YPR095C,0,-3.3424506,0.5362318754196167,0.2590000033378601,0.02239999920129776
YNL148C,YPL097W,0,-3.3432372,0.5351239442825317,0.2590000033378601,0.02250000089406967
YDL008W,YOL069W,1,-3.3435292,0.5360824465751648,0.25999999046325684,0.02250000089406967
YKR099W,YLR288C,0,-3.3455522,0.5349794030189514,0.25999999046325684,0.022600000724196434
YER133W,YPR141C,1,-3.3464892,0.5359342694282532,0.26100000739097595,0.022600000724196434
YMR167W,YHL009C,0,-3.3500147,0.5348360538482666,0.26100000739097595,0.022700000554323196
YGR089W,YOL006C,1,-3.3510265,0.5357873439788818,0.2619999945163727,0.022700000554323196
YNR056C,YDR446W,0,-3.3512921,0.5346938967704773,0.2619999945163727,0.02280000038444996
YIL026C,YFL037W,1,-3.3522139,0.5356415510177612,0.2630000114440918,0.02280000038444996
YGL158W,YBR228W,0,-3.3527014,0.5345528721809387,0.2630000114440918,0.02290000021457672
YLR081W,YKL189W,0,-3.355103,0.5334685444831848,0.2630000114440918,0.023000000044703484
YMR172W,YML065W,0,-3.3551197,0.5323886871337891,0.2630000114440918,0.023099999874830246
YBR202W,YDR301W,0,-3.3551311,0.5313131213188171,0.2630000114440918,0.02319999970495701
YJR153W,YAL011W,0,-3.356269,0.5302419066429138,0.2630000114440918,0.02329999953508377
YHR108W,YBL103C,0,-3.3609433,0.5291750431060791,0.2630000114440918,0.023399999365210533
YPR019W,YJR022W,0,-3.3610897,0.5281124711036682,0.2630000114440918,0.023499999195337296
YCL016C,YOL006C,1,-3.3629289,0.5290580987930298,0.2639999985694885,0.023499999195337296
YDL008W,YPR046W,1,-3.363499,0.5299999713897705,0.26499998569488525,0.023499999195337296
YPL008W,YKL049C,1,-3.364531,0.5309381484985352,0.26600000262260437,0.023499999195337296
YLR119W,YPR095C,0,-3.3656068,0.5298804640769958,0.26600000262260437,0.023600000888109207
YDR314C,YMR133W,0,-3.3680658,0.5288270115852356,0.26600000262260437,0.02370000071823597
YHR166C,YOL006C,1,-3.3702743,0.5297619104385376,0.2669999897480011,0.02370000071823597
YJL196C,YMR172W,0,-3.3713944,0.5287128686904907,0.2669999897480011,0.023800000548362732
YDR420W,YOR068C,0,-3.3723888,0.5276679992675781,0.2669999897480011,0.023900000378489494
YOR058C,YPL208W,0,-3.372474,0.526627242565155,0.2669999897480011,0.024000000208616257
YEL061C,YBR073W,1,-3.3736486,0.5275590419769287,0.2680000066757202,0.024000000208616257
YLR226W,YGL240W,1,-3.375466,0.5284872055053711,0.26899999380111694,0.024000000208616257
YCR092C,YOR279C,0,-3.375936,0.5274509787559509,0.26899999380111694,0.02410000003874302
YBL097W,YGR179C,1,-3.3760192,0.5283757448196411,0.27000001072883606,0.02410000003874302
YLR394W,YMR204C,0,-3.3771834,0.52734375,0.27000001072883606,0.02419999986886978
YGR089W,YIR011C,1,-3.3772914,0.528265118598938,0.2709999978542328,0.02419999986886978
YER169W,YDL216C,0,-3.3782187,0.5272373557090759,0.2709999978542328,0.024299999698996544
YCR086W,YDR325W,1,-3.3789492,0.5281553268432617,0.2720000147819519,0.024299999698996544
YFL049W,YDR369C,0,-3.3789837,0.5271317958831787,0.2720000147819519,0.024399999529123306
YHR036W,YHR120W,0,-3.379156,0.5261121988296509,0.2720000147819519,0.02449999935925007
YML008C,YOR174W,0,-3.3806944,0.5250965356826782,0.2720000147819519,0.02459999918937683
YAL058W,YLR135W,0,-3.381691,0.5240848064422607,0.2720000147819519,0.024700000882148743
YKL015W,YOR368W,0,-3.382474,0.5230769515037537,0.2720000147819519,0.024800000712275505
YOL069W,YDR180W,1,-3.385139,0.5239923000335693,0.27300000190734863,0.024800000712275505
YNL172W,YJR068W,1,-3.3852208,0.524904191493988,0.27399998903274536,0.024800000712275505
YOR113W,YDR499W,0,-3.385445,0.52390056848526,0.27399998903274536,0.024900000542402267
YGR252W,YGL153W,0,-3.3855402,0.5229007601737976,0.27399998903274536,0.02500000037252903
YOR381W,YPL254W,0,-3.3859663,0.5219047665596008,0.27399998903274536,0.025100000202655792
YER183C,YKL134C,0,-3.387373,0.5209125280380249,0.27399998903274536,0.025200000032782555
YOL069W,YBR087W,1,-3.3878164,0.5218216180801392,0.2750000059604645,0.025200000032782555
YJR052W,YFL060C,0,-3.3881474,0.5208333134651184,0.2750000059604645,0.025299999862909317
YOR290C,YJL154C,0,-3.3897758,0.5198487639427185,0.2750000059604645,0.02539999969303608
YDL030W,YJL035C,0,-3.3901525,0.5188679099082947,0.2750000059604645,0.025499999523162842
YAR002C-A,YDR108W,0,-3.3907142,0.5178907513618469,0.2750000059604645,0.025599999353289604
YLR106C,YGR129W,0,-3.3915248,0.5169172883033752,0.2750000059604645,0.025699999183416367
YNL094W,YLR417W,0,-3.391551,0.5159474611282349,0.2750000059604645,0.025800000876188278
YML019W,YJL203W,0,-3.3916855,0.5149812698364258,0.2750000059604645,0.02590000070631504
YER149C,YNR011C,0,-3.3948169,0.514018714427948,0.2750000059604645,0.026000000536441803
YNL188W,YGL144C,0,-3.3953133,0.513059675693512,0.2750000059604645,0.026100000366568565
YOL069W,YFL008W,1,-3.3959117,0.5139665007591248,0.2759999930858612,0.026100000366568565
YNL127W,YLR383W,0,-3.3973117,0.5130111575126648,0.2759999930858612,0.026200000196695328
YML114C,YML097C,0,-3.398725,0.5120593905448914,0.2759999930858612,0.02630000002682209
YER149C,YPR178W,0,-3.398788,0.5111111402511597,0.2759999930858612,0.026399999856948853
YBR136W,YER007W,0,-3.3990092,0.510166347026825,0.2759999930858612,0.026499999687075615
YGL116W,YNL299W,1,-3.3990726,0.5110701322555542,0.2770000100135803,0.026499999687075615
YLR226W,YDR113C,1,-3.3999903,0.5119705200195312,0.27799999713897705,0.026499999687075615
YCR086W,YOR156C,1,-3.400001,0.5128676295280457,0.27900001406669617,0.026499999687075615
YLR067C,YOR069W,0,-3.4001808,0.5119265913963318,0.27900001406669617,0.026599999517202377
YKL022C,YDR113C,1,-3.4022884,0.5128205418586731,0.2800000011920929,0.026599999517202377
YGL116W,YDL003W,1,-3.403673,0.513711154460907,0.2809999883174896,0.026599999517202377
YPR141C,YMR190C,1,-3.4042342,0.514598548412323,0.28200000524520874,0.026599999517202377
YBR073W,YOL006C,1,-3.4050834,0.5154827237129211,0.28299999237060547,0.026599999517202377
YMR213W,YGL033W,0,-3.4065752,0.5145454406738281,0.28299999237060547,0.02669999934732914
YOL117W,YLR010C,0,-3.4069295,0.5136116147041321,0.28299999237060547,0.026799999177455902
YFR028C,YBR186W,0,-3.4102254,0.5126811861991882,0.28299999237060547,0.026900000870227814
YPR070W,YKL095W,0,-3.41148,0.5117540955543518,0.28299999237060547,0.027000000700354576
YER157W,YGR206W,0,-3.4122264,0.5108303427696228,0.28299999237060547,0.02710000053048134
YLL003W,YER123W,0,-3.412941,0.5099099278450012,0.28299999237060547,0.0272000003606081
YDR052C,YNR048W,0,-3.4136386,0.5089927911758423,0.28299999237060547,0.027300000190734863
YGR140W,YGR089W,1,-3.4150908,0.5098743438720703,0.2840000092983246,0.027300000190734863
YNL020C,YKL134C,0,-3.415125,0.5089605450630188,0.2840000092983246,0.027400000020861626
YBR131W,YML060W,0,-3.4165082,0.5080500841140747,0.2840000092983246,0.027499999850988388
YIL132C,YML034W,1,-3.4168653,0.5089285969734192,0.2849999964237213,0.027499999850988388
YKR083C,YML103C,0,-3.417117,0.5080214142799377,0.2849999964237213,0.02759999968111515
YML102W,YIR023W,0,-3.4181643,0.5071174502372742,0.2849999964237213,0.027699999511241913
YER133W,YMR117C,1,-3.4206357,0.5079929232597351,0.28600001335144043,0.027699999511241913
YAL024C,YER075C,0,-3.428889,0.5070921778678894,0.28600001335144043,0.027799999341368675
YHR115C,YDR146C,0,-3.429024,0.5061947107315063,0.28600001335144043,0.027899999171495438
YIL140W,YOL067C,0,-3.430891,0.5053003430366516,0.28600001335144043,0.02800000086426735
YLR226W,YAL034W-A,1,-3.4311237,0.5061728358268738,0.28700000047683716,0.02800000086426735
YMR052W,YGR220C,0,-3.4317565,0.5052816867828369,0.28700000047683716,0.02810000069439411
YCR014C,YKL041W,0,-3.4321175,0.5043936967849731,0.28700000047683716,0.028200000524520874
YDR318W,YOL094C,1,-3.4325514,0.5052631497383118,0.2879999876022339,0.028200000524520874
YDL164C,YGL201C,0,-3.4329467,0.5043782591819763,0.2879999876022339,0.028300000354647636
YOL069W,YJR068W,1,-3.4333003,0.5052447319030762,0.289000004529953,0.028300000354647636
YER111C,YOR295W,0,-3.4339404,0.5043630003929138,0.289000004529953,0.0284000001847744
YNL223W,YDR392W,0,-3.4349277,0.503484308719635,0.289000004529953,0.02850000001490116
YLR376C,YBR173C,0,-3.4358597,0.5026087164878845,0.289000004529953,0.028599999845027924
YKL046C,YNL328C,0,-3.4362671,0.5017361044883728,0.289000004529953,0.028699999675154686
YDR113C,YMR076C,1,-3.4364836,0.5025996565818787,0.28999999165534973,0.028699999675154686
YOR156C,YFR031C,1,-3.4380827,0.5034602284431458,0.29100000858306885,0.028699999675154686
YMR198W,YLR381W,1,-3.438626,0.5043177604675293,0.2919999957084656,0.028699999675154686
YLR095C,YDL006W,0,-3.4395912,0.5034482479095459,0.2919999957084656,0.02879999950528145
YCL016C,YKR054C,1,-3.4403763,0.5043029189109802,0.2930000126361847,0.02879999950528145
YGR129W,YKR062W,0,-3.4408774,0.5034364461898804,0.2930000126361847,0.02889999933540821
YFL055W,YLR370C,0,-3.4434652,0.5025728940963745,0.2930000126361847,0.028999999165534973
YNR056C,YPR008W,0,-3.445098,0.5017123222351074,0.2930000126361847,0.029100000858306885
YPR093C,YHL038C,0,-3.445847,0.5008547306060791,0.2930000126361847,0.029200000688433647
YML103C,YGL095C,0,-3.4460745,0.5,0.2930000126361847,0.02930000051856041
YPR046W,YML034W,1,-3.4474595,0.5008518099784851,0.2939999997615814,0.02930000051856041
YGL086W,YIL173W,0,-3.447801,0.5,0.2939999997615814,0.029400000348687172
YNL323W,YLR195C,0,-3.4478588,0.4991511106491089,0.2939999997615814,0.029500000178813934
YLR383W,YDR213W,0,-3.4481049,0.498305082321167,0.2939999997615814,0.029600000008940697
YNR010W,YPR007C,1,-3.448797,0.4991539716720581,0.29499998688697815,0.029600000008940697
YLR039C,YDR289C,0,-3.4504044,0.49831080436706543,0.29499998688697815,0.02969999983906746
YPR185W,YMR052W,0,-3.450614,0.497470498085022,0.29499998688697815,0.02979999966919422
YMR172W,YGL095C,0,-3.4507098,0.49663299322128296,0.29499998688697815,0.029899999499320984
YGR113W,YLR139C,0,-3.4507928,0.4957983195781708,0.29499998688697815,0.029999999329447746
YIL132C,YML085C,1,-3.4512634,0.4966442883014679,0.29600000381469727,0.029999999329447746
YML095C,YPL020C,0,-3.4521685,0.49581238627433777,0.29600000381469727,0.03009999915957451
YKL179C,YGL254W,0,-3.452498,0.4949832856655121,0.29600000381469727,0.03020000085234642
YPR007C,YDR325W,1,-3.4531236,0.4958263635635376,0.296999990940094,0.03020000085234642
YFR027W,YJL019W,1,-3.454043,0.49666666984558105,0.2980000078678131,0.03020000085234642
YMR198W,YAL031C,1,-3.4545536,0.4975041449069977,0.29899999499320984,0.03020000085234642
YJR001W,YPL115C,0,-3.4558208,0.4966777265071869,0.29899999499320984,0.030300000682473183
YKL017C,YGR144W,0,-3.455824,0.49585404992103577,0.29899999499320984,0.030400000512599945
YPR120C,YJL106W,0,-3.4567723,0.4950331151485443,0.29899999499320984,0.030500000342726707
YLR263W,YGL112C,0,-3.4587946,0.49421486258506775,0.29899999499320984,0.03060000017285347
YPL227C,YNL090W,0,-3.4610033,0.49339935183525085,0.29899999499320984,0.030700000002980232
YLR131C,YOR212W,0,-3.4611,0.49258649349212646,0.29899999499320984,0.030799999833106995
YCL016C,YML034W,1,-3.4645271,0.4934210479259491,0.30000001192092896,0.030799999833106995
YDL207W,YMR164C,0,-3.46484,0.4926108419895172,0.30000001192092896,0.030899999663233757
YEL015W,YDR201W,0,-3.466978,0.49180328845977783,0.30000001192092896,0.03099999949336052
YCR092C,YBR130C,0,-3.4715466,0.49099835753440857,0.30000001192092896,0.031099999323487282
YGR003W,YDR515W,0,-3.4728923,0.4901960790157318,0.30000001192092896,0.031199999153614044
YCL061C,YER149C,0,-3.4739838,0.48939642310142517,0.30000001192092896,0.031300000846385956
YBL097W,YGL003C,1,-3.474381,0.4902280271053314,0.3009999990463257,0.031300000846385956
YIL140W,YML109W,0,-3.4758425,0.48943090438842773,0.3009999990463257,0.03139999881386757
YLR207W,YML029W,0,-3.4767323,0.4886363744735718,0.3009999990463257,0.03150000050663948
YNL172W,YFR036W,1,-3.4779592,0.4894651472568512,0.3019999861717224,0.03150000050663948
YBL097W,YDR130C,1,-3.4788103,0.4902912676334381,0.30300000309944153,0.03150000050663948
YPR120C,YPL242C,0,-3.4790125,0.48949918150901794,0.30300000309944153,0.031599998474121094
YMR167W,YER123W,0,-3.4792767,0.4887096881866455,0.30300000309944153,0.031700000166893005
YPL008W,YCR086W,1,-3.480434,0.489533007144928,0.30399999022483826,0.031700000166893005
YGR193C,YDR285W,0,-3.4832213,0.4887459874153137,0.30399999022483826,0.03180000185966492
YGR092W,YJL201W,0,-3.4849732,0.48796147108078003,0.30399999022483826,0.03189999982714653
YBR133C,YDR359C,0,-3.4850445,0.4871794879436493,0.30399999022483826,0.03200000151991844
YOL069W,YIL144W,1,-3.4850497,0.4880000054836273,0.3050000071525574,0.03200000151991844
YOR156C,YLR321C,1,-3.485138,0.48881790041923523,0.3059999942779541,0.03200000151991844
YBL097W,YLR321C,1,-3.4863203,0.489633172750473,0.3070000112056732,0.03200000151991844
YNL172W,YOL069W,1,-3.486443,0.4904458522796631,0.30799999833106995,0.03200000151991844
YHR129C,YMR313C,0,-3.489622,0.4896661341190338,0.30799999833106995,0.032099999487400055
YLR259C,YLR385C,0,-3.4896526,0.4888888895511627,0.30799999833106995,0.03220000118017197
YLR381W,YHR014W,1,-3.4906259,0.4896988868713379,0.3089999854564667,0.03220000118017197
YDL087C,YDR362C,0,-3.4912105,0.4889240562915802,0.3089999854564667,0.03229999914765358
YJR089W,YKL193C,1,-3.4923763,0.48973143100738525,0.3100000023841858,0.03229999914765358
YDL207W,YKL045W,0,-3.4926195,0.4889589846134186,0.3100000023841858,0.03240000084042549
YPR141C,YBR073W,1,-3.4941318,0.4897637665271759,0.3109999895095825,0.03240000084042549
YOR180C,YPL127C,0,-3.4944015,0.48899370431900024,0.3109999895095825,0.032499998807907104
YPL167C,YHL025W,0,-3.4968534,0.488226056098938,0.3109999895095825,0.032600000500679016
YNL172W,YFR027W,1,-3.4976232,0.4890282154083252,0.31200000643730164,0.032600000500679016
YBR211C,YMR311C,1,-3.4980226,0.48982784152030945,0.31299999356269836,0.032600000500679016
YKL022C,YMR190C,1,-3.4989648,0.4906249940395355,0.3140000104904175,0.032600000500679016
YLR381W,YOR014W,1,-3.5028324,0.49141964316368103,0.3149999976158142,0.032600000500679016
YNL027W,YAL009W,0,-3.5047307,0.49065420031547546,0.3149999976158142,0.03269999846816063
YJL196C,YPL096W,0,-3.505551,0.4898911416530609,0.3149999976158142,0.03280000016093254
YCL061C,YGR253C,0,-3.5066206,0.489130437374115,0.3149999976158142,0.03290000185370445
YHR114W,YJL203W,0,-3.508728,0.4883720874786377,0.3149999976158142,0.032999999821186066
YNL236W,YHR172W,0,-3.5099108,0.48761609196662903,0.3149999976158142,0.03310000151395798
YAR035W,YBR216C,0,-3.511504,0.486862450838089,0.3149999976158142,0.03319999948143959
YJL024C,YDL216C,0,-3.5129237,0.4861111044883728,0.3149999976158142,0.0333000011742115
YDR507C,YOL104C,0,-3.5137625,0.48536208271980286,0.3149999976158142,0.033399999141693115
YAR002C-A,YCL005W-A,0,-3.514464,0.48461538553237915,0.3149999976158142,0.03350000083446503
YPL254W,YLR417W,0,-3.5144782,0.4838709533214569,0.3149999976158142,0.03359999880194664
YGL065C,YLR011W,0,-3.5146644,0.4831288456916809,0.3149999976158142,0.03370000049471855
YNL326C,YOL067C,0,-3.5155194,0.482388973236084,0.3149999976158142,0.033799998462200165
YCL016C,YBR107C,1,-3.5166728,0.483180433511734,0.3160000145435333,0.033799998462200165
YFL060C,YOR129C,0,-3.516823,0.4824427366256714,0.3160000145435333,0.033900000154972076
YBR081C,YLR360W,0,-3.5173788,0.48170730471611023,0.3160000145435333,0.03400000184774399
YLR170C,YNL021W,0,-3.52391,0.48097413778305054,0.3160000145435333,0.0340999998152256
YOR058C,YDR359C,0,-3.5242329,0.48024314641952515,0.3160000145435333,0.03420000150799751
YLR067C,YGL115W,0,-3.5244665,0.4795144200325012,0.3160000145435333,0.034299999475479126
YMR216C,YHR178W,0,-3.5246356,0.4787878692150116,0.3160000145435333,0.03440000116825104
YMR199W,YOR321W,0,-3.5246425,0.47806355357170105,0.3160000145435333,0.03449999913573265
YJL031C,YLR135W,0,-3.5303512,0.4773413836956024,0.3160000145435333,0.03460000082850456
YKR054C,YPR007C,1,-3.5311608,0.47812971472740173,0.31700000166893005,0.03460000082850456
YPR141C,YDR318W,1,-3.5319147,0.47891566157341003,0.3179999887943268,0.03460000082850456
YKL092C,YJL061W,0,-3.5325751,0.4781954884529114,0.3179999887943268,0.034699998795986176
YDL087C,YNL119W,0,-3.5340414,0.477477490901947,0.3179999887943268,0.03480000048875809
YOL117W,YMR293C,0,-3.5354414,0.4767616093158722,0.3179999887943268,0.0348999984562397
YNL051W,YJR052W,0,-3.5388255,0.47604790329933167,0.3179999887943268,0.03500000014901161
YER133W,YDR325W,1,-3.5393105,0.4768310785293579,0.3190000057220459,0.03500000014901161
YLR206W,YLR183C,0,-3.5395346,0.47611939907073975,0.3190000057220459,0.035100001841783524
YOR249C,YDR130C,1,-3.539655,0.4769001603126526,0.3199999928474426,0.035100001841783524
YMR311C,YAL034W-A,1,-3.5420082,0.4776785671710968,0.32100000977516174,0.035100001841783524
YIL140W,YAL058W,0,-3.5427585,0.47696879506111145,0.32100000977516174,0.03519999980926514
YGL073W,YDR159W,0,-3.543085,0.4762611389160156,0.32100000977516174,0.03530000150203705
YHR191C,YDR439W,1,-3.5435567,0.4770370423793793,0.32199999690055847,0.03530000150203705
YGL003C,YBR107C,1,-3.5441277,0.47781065106391907,0.3230000138282776,0.03530000150203705
YLR226W,YKR054C,1,-3.5445201,0.478581964969635,0.3240000009536743,0.03530000150203705
YDR279W,YMR156C,0,-3.5451388,0.47787609696388245,0.3240000009536743,0.03539999946951866
YOR274W,YKR022C,0,-3.5453374,0.477172315120697,0.3240000009536743,0.03550000116229057
YCR066W,YHR178W,0,-3.5454845,0.47647058963775635,0.3240000009536743,0.035599999129772186
YBR081C,YIL063C,0,-3.5455303,0.4757709205150604,0.3240000009536743,0.0357000008225441
YGL143C,YNL073W,0,-3.5455968,0.47507330775260925,0.3240000009536743,0.03579999879002571
YMR048W,YDL003W,1,-3.5458236,0.4758418798446655,0.32499998807907104,0.03579999879002571
YJR010C-A,YGL249W,0,-3.5505438,0.47514620423316956,0.32499998807907104,0.03590000048279762
YJR089W,YML034W,1,-3.551083,0.4759124219417572,0.32600000500679016,0.03590000048279762
YGL016W,YJL187C,0,-3.5513988,0.47521865367889404,0.32600000500679016,0.035999998450279236
YNL259C,YKR019C,0,-3.551817,0.47452694177627563,0.32600000500679016,0.03610000014305115
YMR048W,YIL144W,1,-3.5524464,0.4752906858921051,0.3269999921321869,0.03610000014305115
YGL116W,YDR130C,1,-3.5554233,0.47605225443840027,0.328000009059906,0.03610000014305115
YBR038W,YDL007W,0,-3.5556002,0.4753623306751251,0.328000009059906,0.03620000183582306
YDR118W,YFR027W,1,-3.5561929,0.47612157464027405,0.32899999618530273,0.03620000183582306
YNL148C,YNL025C,0,-3.556695,0.4754335284233093,0.32899999618530273,0.03629999980330467
YEL069C,YGL143C,0,-3.5571756,0.4747474789619446,0.32899999618530273,0.036400001496076584
YOR188W,YBL004W,0,-3.55784,0.4740633964538574,0.32899999618530273,0.0364999994635582
YEL061C,YLR381W,1,-3.5603414,0.4748201370239258,0.33000001311302185,0.0364999994635582
YOR156C,YCR077C,1,-3.5618315,0.47557470202445984,0.3310000002384186,0.0364999994635582
YMR025W,YLR266C,0,-3.562337,0.47489240765571594,0.3310000002384186,0.03660000115633011
YGR140W,YAL034W-A,1,-3.5625086,0.47564470767974854,0.3319999873638153,0.03660000115633011
YCL029C,YGL216W,0,-3.5638885,0.4749642312526703,0.3319999873638153,0.03669999912381172
YDR052C,YKL079W,0,-3.5656824,0.47428572177886963,0.3319999873638153,0.03680000081658363
YMR199W,YAR003W,0,-3.5683663,0.4736091196537018,0.3319999873638153,0.03689999878406525
YKL092C,YLR214W,0,-3.5703921,0.4729344844818115,0.3319999873638153,0.03700000047683716
YOL104C,YGR077C,0,-3.5705547,0.4722617268562317,0.3319999873638153,0.03709999844431877
YEL061C,YER133W,1,-3.5720148,0.4730113744735718,0.3330000042915344,0.03709999844431877
YDL207W,YPL155C,0,-3.572681,0.4723404347896576,0.3330000042915344,0.03720000013709068
YMR075W,YNR026C,0,-3.5741823,0.4716714024543762,0.3330000042915344,0.037300001829862595
YML060W,YDR217C,0,-3.5744052,0.4710042476654053,0.3330000042915344,0.03739999979734421
YOR014W,YDR180W,1,-3.5744257,0.4717514216899872,0.33399999141693115,0.03739999979734421
YDL209C,YBL103C,0,-3.5758553,0.4710860252380371,0.33399999141693115,0.03750000149011612
YPL137C,YOL094C,1,-3.5768237,0.47183099389076233,0.33500000834465027,0.03750000149011612
YFR036W,YML034W,1,-3.5775714,0.472573846578598,0.335999995470047,0.03750000149011612
YLR319C,YML052W,0,-3.579731,0.47191011905670166,0.335999995470047,0.03759999945759773
YOL078W,YER029C,0,-3.5847106,0.47124823927879333,0.335999995470047,0.037700001150369644
YJR083C,YOL108C,0,-3.584855,0.47058823704719543,0.335999995470047,0.03779999911785126
YIL132C,YLR357W,1,-3.585608,0.4713286757469177,0.3370000123977661,0.03779999911785126
YOR113W,YDR218C,0,-3.5863886,0.4706704020500183,0.3370000123977661,0.03790000081062317
YDR507C,YML092C,0,-3.5893703,0.47001394629478455,0.3370000123977661,0.03799999877810478
YDR524C,YML011C,0,-3.5896537,0.4693593382835388,0.3370000123977661,0.038100000470876694
YBR087W,YDR325W,1,-3.5898905,0.4700973629951477,0.33799999952316284,0.038100000470876694
YPR120C,YBR195C,0,-3.5900993,0.4694444537162781,0.33799999952316284,0.03819999843835831
YJR089W,YMR311C,1,-3.5909538,0.47018030285835266,0.33899998664855957,0.03819999843835831
YJL058C,YLR368W,0,-3.5916853,0.46952909231185913,0.33899998664855957,0.03830000013113022
YGL241W,YOR313C,0,-3.592184,0.46887966990470886,0.33899998664855957,0.03840000182390213
YPL084W,YPL167C,0,-3.592702,0.46823203563690186,0.33899998664855957,0.03849999979138374
YDR110W,YKL068W,0,-3.5937586,0.4675862193107605,0.33899998664855957,0.038600001484155655
YLR381W,YBR107C,1,-3.5947285,0.4683195650577545,0.3400000035762787,0.038600001484155655
YNL325C,YNL326C,0,-3.5950418,0.4676753878593445,0.3400000035762787,0.03869999945163727
YBR200W,YDL064W,0,-3.5966253,0.4670329689979553,0.3400000035762787,0.03880000114440918
YBR211C,YOL069W,1,-3.5967076,0.4677640497684479,0.3409999907016754,0.03880000114440918
YMR283C,YLR275W,0,-3.5970147,0.4671232998371124,0.3409999907016754,0.03889999911189079
YBR211C,YNL273W,1,-3.598569,0.46785226464271545,0.34200000762939453,0.03889999911189079
YGL213C,YHL022C,0,-3.5996194,0.46721312403678894,0.34200000762939453,0.039000000804662704
YPL008W,YJL019W,1,-3.6002612,0.46793997287750244,0.34299999475479126,0.039000000804662704
YKR063C,YLR084C,0,-3.602243,0.46730244159698486,0.34299999475479126,0.03909999877214432
YCL016C,YJR135C,1,-3.6050653,0.4680272042751312,0.3440000116825104,0.03909999877214432
YLR417W,YKL095W,0,-3.6057434,0.46739131212234497,0.3440000116825104,0.03920000046491623
YGL017W,YGR109C,0,-3.6057687,0.4667571187019348,0.3440000116825104,0.03929999843239784
YOR249C,YER016W,1,-3.6079164,0.4674796760082245,0.3449999988079071,0.03929999843239784
YMR311C,YPR141C,1,-3.6087167,0.4682002663612366,0.34599998593330383,0.03929999843239784
YBR298C,YIR019C,0,-3.608908,0.4675675630569458,0.34599998593330383,0.039400000125169754
YJL187C,YGR047C,0,-3.6092923,0.46693655848503113,0.34599998593330383,0.039500001817941666
YLR266C,YPL139C,0,-3.609607,0.46630728244781494,0.34599998593330383,0.03959999978542328
YGR140W,YDR439W,1,-3.6098351,0.4670255780220032,0.34700000286102295,0.03959999978542328
YHR082C,YDR103W,0,-3.6107454,0.46639785170555115,0.34700000286102295,0.03970000147819519
YKR054C,YMR117C,1,-3.6109524,0.46711409091949463,0.3479999899864197,0.03970000147819519
YOR388C,YHR059W,0,-3.611395,0.46648794412612915,0.3479999899864197,0.039799999445676804
YHR183W,YIL173W,0,-3.6141043,0.4658634662628174,0.3479999899864197,0.039900001138448715
YGL175C,YDR498C,0,-3.6149077,0.46524062752723694,0.3479999899864197,0.03999999910593033
YPR141C,YPR007C,1,-3.615088,0.46595460176467896,0.3490000069141388,0.03999999910593033
YNL068C,YGL044C,0,-3.6163583,0.46533334255218506,0.3490000069141388,0.04010000079870224
YJL209W,YGL016W,0,-3.6167161,0.4647137224674225,0.3490000069141388,0.04019999876618385
YNL218W,YDL232W,0,-3.6169996,0.46409574151039124,0.3490000069141388,0.040300000458955765
YPR111W,YIL039W,0,-3.6170535,0.4634794294834137,0.3490000069141388,0.04039999842643738
YCL016C,YDR318W,1,-3.6177747,0.4641909897327423,0.3499999940395355,0.04039999842643738
YJR060W,YGR179C,1,-3.6194422,0.4649006724357605,0.35100001096725464,0.04039999842643738
YMR281W,YMR164C,0,-3.6255147,0.4642857015132904,0.35100001096725464,0.04050000011920929
YMR058W,YOR193W,0,-3.6257358,0.463672399520874,0.35100001096725464,0.0406000018119812
YAR018C,YBL079W,1,-3.6271443,0.4643799364566803,0.35199999809265137,0.0406000018119812
YMR224C,YHR152W,0,-3.6274452,0.4637681245803833,0.35199999809265137,0.040699999779462814
YAL034W-A,YML124C,1,-3.6285813,0.464473694562912,0.3529999852180481,0.040699999779462814
YER016W,YMR311C,1,-3.6286194,0.46517738699913025,0.3540000021457672,0.040699999779462814
YLR116W,YLR032W,0,-3.631175,0.4645669162273407,0.3540000021457672,0.040800001472234726
YGL180W,YGL094C,0,-3.6312647,0.4639580547809601,0.3540000021457672,0.04089999943971634
YFR036W,YJR135C,1,-3.631506,0.4646596908569336,0.35499998927116394,0.04089999943971634
YPL255W,YFL013C,0,-3.6335335,0.46405228972435,0.35499998927116394,0.04100000113248825
YKL112W,YOR113W,0,-3.6353042,0.4634464681148529,0.35499998927116394,0.041099999099969864
YCL016C,YAR018C,1,-3.6363487,0.4641460180282593,0.35600000619888306,0.041099999099969864
YDR110W,YNL053W,0,-3.6371784,0.4635416567325592,0.35600000619888306,0.041200000792741776
YBL097W,YCR077C,1,-3.6388855,0.4642392694950104,0.3569999933242798,0.041200000792741776
YML077W,YJL139C,0,-3.6391692,0.4636363685131073,0.3569999933242798,0.04129999876022339
YLR116W,YDL235C,0,-3.6393614,0.4630350172519684,0.3569999933242798,0.0414000004529953
YNL084C,YKR020W,0,-3.6401103,0.462435245513916,0.3569999933242798,0.04149999842047691
YCR092C,YER008C,0,-3.6408544,0.4618369936943054,0.3569999933242798,0.041600000113248825
YDR446W,YNL133C,0,-3.6433234,0.46124032139778137,0.3569999933242798,0.04170000180602074
YKL049C,YMR076C,1,-3.6439419,0.46193549036979675,0.3580000102519989,0.04170000180602074
YBR170C,YER095W,0,-3.6443224,0.4613402187824249,0.3580000102519989,0.04179999977350235
YML102W,YDR004W,0,-3.6454372,0.4607464671134949,0.3580000102519989,0.04190000146627426
YAL058W,YAL010C,0,-3.6462352,0.4601542353630066,0.3580000102519989,0.041999999433755875
YLR127C,YER016W,1,-3.6466746,0.46084722876548767,0.35899999737739563,0.041999999433755875
YLR266C,YDR394W,0,-3.6467876,0.4602563977241516,0.35899999737739563,0.042100001126527786
YNR023W,YGL232W,0,-3.647855,0.4596670866012573,0.35899999737739563,0.0421999990940094
YDR118W,YDR439W,1,-3.6480856,0.46035805344581604,0.36000001430511475,0.0421999990940094
YER016W,YLR357W,1,-3.6507726,0.4610472619533539,0.3610000014305115,0.0421999990940094
YMR167W,YDL036C,0,-3.6516447,0.4604591727256775,0.3610000014305115,0.04230000078678131
YDL164C,YDR217C,0,-3.6517406,0.45987260341644287,0.3610000014305115,0.042399998754262924
YNR010W,YAL034W-A,1,-3.6529818,0.46055978536605835,0.3619999885559082,0.042399998754262924
YJL003W,YNR023W,0,-3.654573,0.45997458696365356,0.3619999885559082,0.042500000447034836
YLR210W,YGR206W,0,-3.654799,0.4593908488750458,0.3619999885559082,0.04259999841451645
YAL031C,YMR117C,1,-3.6550555,0.4600760340690613,0.3630000054836273,0.04259999841451645
YFR028C,YIL048W,0,-3.6559608,0.4594936668872833,0.3630000054836273,0.04270000010728836
YLR117C,YNL279W,0,-3.656179,0.45891276001930237,0.3630000054836273,0.04280000180006027
YDR069C,YMR023C,0,-3.6598792,0.4583333432674408,0.3630000054836273,0.042899999767541885
YGL094C,YDR334W,0,-3.660215,0.45775535702705383,0.3630000054836273,0.0430000014603138
YHL006C,YMR293C,0,-3.6603127,0.45717883110046387,0.3630000054836273,0.04309999942779541
YGR113W,YPL140C,0,-3.661098,0.4566037654876709,0.3630000054836273,0.04320000112056732
YGR140W,YNL299W,1,-3.6611562,0.45728641748428345,0.36399999260902405,0.04320000112056732
YKR019C,YLR386W,0,-3.6624982,0.45671266317367554,0.36399999260902405,0.043299999088048935
YLR321C,YNL273W,1,-3.664289,0.45739349722862244,0.36500000953674316,0.043299999088048935
YBR070C,YJR119C,0,-3.664907,0.4568210244178772,0.36500000953674316,0.04340000078082085
YLR394W,YLL043W,0,-3.6649227,0.45625001192092896,0.36500000953674316,0.04349999874830246
YDL033C,YPL020C,0,-3.6671462,0.45568040013313293,0.36500000953674316,0.04360000044107437
YML006C,YBL052C,0,-3.6674407,0.4551122188568115,0.36500000953674316,0.043699998408555984
YGL065C,YDR499W,0,-3.667645,0.4545454680919647,0.36500000953674316,0.043800000101327896
YPR134W,YOR179C,0,-3.6680107,0.45398008823394775,0.36500000953674316,0.04390000179409981
YNL275W,YGL033W,0,-3.6691022,0.4534161388874054,0.36500000953674316,0.04399999976158142
YGL251C,YDR201W,0,-3.6693196,0.45285359025001526,0.36500000953674316,0.04410000145435333
YDL008W,YDR130C,1,-3.6705613,0.4535315930843353,0.3659999966621399,0.04410000145435333
YBR164C,YGR075C,0,-3.6725507,0.4529702961444855,0.3659999966621399,0.044199999421834946
YKL049C,YDR325W,1,-3.6739564,0.4536464810371399,0.367000013589859,0.044199999421834946
YGL167C,YBL052C,0,-3.6742144,0.45308640599250793,0.367000013589859,0.04430000111460686
YBR008C,YHL003C,0,-3.6742206,0.4525277316570282,0.367000013589859,0.04439999908208847
YOR249C,YFR027W,1,-3.6745083,0.4532019793987274,0.36800000071525574,0.04439999908208847
YGL051W,YHR004C,0,-3.6747336,0.4526445269584656,0.36800000071525574,0.04450000077486038
YDR303C,YHR119W,0,-3.6755378,0.45208844542503357,0.36800000071525574,0.044599998742341995
YPR175W,YDR488C,0,-3.6759028,0.4515337347984314,0.36800000071525574,0.04470000043511391
YHR166C,YGL240W,1,-3.6773813,0.4522058963775635,0.36899998784065247,0.04470000043511391
YPR128C,YPL124W,0,-3.6776643,0.4516523778438568,0.36899998784065247,0.04479999840259552
YKR054C,YFR027W,1,-3.6782422,0.45232275128364563,0.3700000047683716,0.04479999840259552
YML036W,YIL048W,0,-3.6810737,0.45177045464515686,0.3700000047683716,0.04490000009536743
YDL087C,YGR075C,0,-3.6812067,0.45121949911117554,0.3700000047683716,0.04500000178813934
YDR512C,YKL108W,0,-3.6832726,0.45066991448402405,0.3700000047683716,0.045099999755620956
YOL003C,YLR032W,0,-3.6835706,0.4501216411590576,0.3700000047683716,0.04520000144839287
YLR329W,YGR221C,0,-3.6837475,0.449574738740921,0.3700000047683716,0.04529999941587448
YDR118W,YDR325W,1,-3.6838946,0.4502427279949188,0.3709999918937683,0.04529999941587448
YNL148C,YBL050W,0,-3.6843126,0.44969695806503296,0.3709999918937683,0.04540000110864639
YFR008W,YML095C,0,-3.6845882,0.44915252923965454,0.3709999918937683,0.045499999076128006
YLR381W,YDL003W,1,-3.6849551,0.44981861114501953,0.3720000088214874,0.045499999076128006
YCL016C,YGL240W,1,-3.6850638,0.4504830837249756,0.37299999594688416,0.045499999076128006
YLR288C,YKL034W,0,-3.6865692,0.44993969798088074,0.37299999594688416,0.04560000076889992
YIR023W,YDL170W,0,-3.6870103,0.44939759373664856,0.37299999594688416,0.04569999873638153
YLL031C,YOL009C,0,-3.6874762,0.44885680079460144,0.37299999594688416,0.04580000042915344
YDR498C,YER072W,0,-3.687635,0.4483173191547394,0.37299999594688416,0.045899998396635056
YOR188W,YDL030W,0,-3.690538,0.44777911901474,0.37299999594688416,0.04600000008940697
YHR102W,YHR120W,0,-3.6916604,0.44724220037460327,0.37299999594688416,0.04610000178217888
YCL016C,YIR011C,1,-3.692036,0.44790419936180115,0.37400001287460327,0.04610000178217888
YMR113W,YGL033W,0,-3.6921391,0.44736841320991516,0.37400001287460327,0.04619999974966049
YDR518W,YMR079W,0,-3.6939137,0.44683393836021423,0.37400001287460327,0.046300001442432404
YCR077C,YMR117C,1,-3.6946194,0.4474940299987793,0.375,0.046300001442432404
YLR098C,YLR368W,0,-3.695322,0.4469606578350067,0.375,0.04639999940991402
YLR131C,YJL104W,0,-3.6970525,0.4464285671710968,0.375,0.04650000110268593
YMR076C,YBR073W,1,-3.6972327,0.44708681106567383,0.37599998712539673,0.04650000110268593
YFL029C,YHR172W,0,-3.6974463,0.44655582308769226,0.37599998712539673,0.04659999907016754
YHR129C,YDR002W,0,-3.69913,0.446026086807251,0.37599998712539673,0.04670000076293945
YAL034W-A,YML034W,1,-3.6996522,0.4466824531555176,0.37700000405311584,0.04670000076293945
YNL172W,YJR135C,1,-3.7007935,0.44733726978302,0.3779999911785126,0.04670000076293945
YPL268W,YER111C,0,-3.7012901,0.44680851697921753,0.3779999911785126,0.046799998730421066
YPR120C,YER149C,0,-3.7023344,0.44628098607063293,0.3779999911785126,0.04690000042319298
YPR105C,YGL232W,0,-3.7025623,0.4457547068595886,0.3779999911785126,0.04699999839067459
YGL094C,YMR075W,0,-3.7032995,0.4452296793460846,0.3779999911785126,0.0471000000834465
YCL055W,YOR254C,0,-3.704897,0.44470587372779846,0.3779999911785126,0.047200001776218414
YNL026W,YER093C,0,-3.7051282,0.4441833198070526,0.3779999911785126,0.04729999974370003
YPR072W,YHR119W,0,-3.7055979,0.44366195797920227,0.3779999911785126,0.04740000143647194
YGL090W,YLL006W,0,-3.706101,0.4431418478488922,0.3779999911785126,0.04749999940395355
YPR107C,YOR129C,0,-3.7061272,0.44262295961380005,0.3779999911785126,0.047600001096725464
YMR275C,YJR090C,0,-3.7069387,0.4421052634716034,0.3779999911785126,0.04769999906420708
YCR077C,YFR031C,1,-3.7075157,0.4427570104598999,0.3790000081062317,0.04769999906420708
YHR091C,YHR031C,0,-3.7083797,0.4422403872013092,0.3790000081062317,0.04780000075697899
YDR130C,YIL144W,1,-3.7093365,0.4428904354572296,0.3799999952316284,0.04780000075697899
YBR278W,YIL009C-A,0,-3.7100935,0.4423748552799225,0.3799999952316284,0.0478999987244606
YJR089W,YOR014W,1,-3.7113466,0.4430232644081116,0.38100001215934753,0.0478999987244606
YKL049C,YNL273W,1,-3.7118306,0.4436701536178589,0.38199999928474426,0.0478999987244606
YJR160C,YJR086W,0,-3.7121212,0.443155437707901,0.38199999928474426,0.04800000041723251
YEL061C,YMR311C,1,-3.7138987,0.443800687789917,0.382999986410141,0.04800000041723251
YER032W,YJL030W,0,-3.714872,0.44328704476356506,0.382999986410141,0.04809999838471413
YLR088W,YNR008W,0,-3.7151933,0.44277456402778625,0.382999986410141,0.04820000007748604
YDR276C,YNL262W,0,-3.7160163,0.44226327538490295,0.382999986410141,0.04830000177025795
YDL227C,YHR187W,0,-3.71639,0.44175317883491516,0.382999986410141,0.04839999973773956
YFL036W,YGL048C,0,-3.7169604,0.4412442445755005,0.382999986410141,0.048500001430511475
YLR321C,YML034W,1,-3.7198722,0.441887229681015,0.3840000033378601,0.048500001430511475
YLR361C,YLR166C,0,-3.7201948,0.4413793087005615,0.3840000033378601,0.04859999939799309
YER016W,YFL008W,1,-3.720714,0.4420206546783447,0.38499999046325684,0.04859999939799309
YMR283C,YDL064W,0,-3.720748,0.4415137469768524,0.38499999046325684,0.048700001090765
YMR198W,YCL016C,1,-3.721603,0.4421534836292267,0.38600000739097595,0.048700001090765
YGR188C,YDR459C,0,-3.721606,0.44164758920669556,0.38600000739097595,0.04879999905824661
YLR081W,YDR317W,0,-3.7241192,0.44114285707473755,0.38600000739097595,0.048900000751018524
YHR129C,YNL161W,0,-3.7267303,0.4406392574310303,0.38600000739097595,0.04899999871850014
YPR009W,YDR213W,0,-3.7280517,0.4401368200778961,0.38600000739097595,0.04910000041127205
YJR150C,YER111C,0,-3.7292442,0.4396355450153351,0.38600000739097595,0.04919999837875366
YDL102W,YDL058W,0,-3.7307339,0.4391353726387024,0.38600000739097595,0.049300000071525574
YKL049C,YDR439W,1,-3.7313867,0.43977272510528564,0.3869999945163727,0.049300000071525574
YMR127C,YBR130C,0,-3.7322383,0.43927356600761414,0.3869999945163727,0.049400001764297485
YOL133W,YPL147W,0,-3.7325711,0.43877550959587097,0.3869999945163727,0.0494999997317791
YDR118W,YCR086W,1,-3.7325988,0.43941110372543335,0.3880000114440918,0.0494999997317791
YML012W,YGR075C,0,-3.7335,0.438914030790329,0.3880000114440918,0.04960000142455101
YJR092W,YDL170W,0,-3.7337852,0.43841809034347534,0.3880000114440918,0.04969999939203262
YPL200W,YDR439W,1,-3.735268,0.43905192613601685,0.3889999985694885,0.04969999939203262
YKR008W,YFR040W,0,-3.7378137,0.4385569393634796,0.3889999985694885,0.049800001084804535
YLR106C,YOR327C,0,-3.7383375,0.4380630552768707,0.3889999985694885,0.04989999905228615
YPL125W,YPR031W,0,-3.7394428,0.4375703036785126,0.3889999985694885,0.05000000074505806
YGR140W,YIL132C,1,-3.7401404,0.43820226192474365,0.38999998569488525,0.05000000074505806
YIL044C,YKL154W,0,-3.740879,0.4377104341983795,0.38999998569488525,0.05009999871253967
YIR005W,YOR150W,0,-3.7410815,0.4372197389602661,0.38999998569488525,0.050200000405311584
YJL124C,YLR084C,0,-3.741717,0.43673011660575867,0.38999998569488525,0.0502999983727932
YJR083C,YPL016W,0,-3.744447,0.43624159693717957,0.38999998569488525,0.05040000006556511
YGL240W,YLR321C,1,-3.7454696,0.4368714988231659,0.39100000262260437,0.05040000006556511
YMR048W,YGL240W,1,-3.7465415,0.4375,0.3919999897480011,0.05040000006556511
YMR183C,YPL011C,0,-3.7467163,0.437012255191803,0.3919999897480011,0.05050000175833702
YDL197C,YDR195W,0,-3.7473245,0.4365256130695343,0.3919999897480011,0.050599999725818634
YGL005C,YKR029C,0,-3.7489893,0.4360400438308716,0.3919999897480011,0.050700001418590546
YOL069W,YNL273W,1,-3.7493505,0.43666666746139526,0.3930000066757202,0.050700001418590546
YIL009C-A,YGL006W,0,-3.7497435,0.43618202209472656,0.3930000066757202,0.05079999938607216
YGL003C,YDR113C,1,-3.7498183,0.4368070960044861,0.39399999380111694,0.05079999938607216
YLR131C,YLR010C,0,-3.7515888,0.4363233745098114,0.39399999380111694,0.05090000107884407
YLR314C,YOR089C,0,-3.7523513,0.4358406960964203,0.39399999380111694,0.050999999046325684
YOL117W,YOL113W,0,-3.7525167,0.4353591203689575,0.39399999380111694,0.051100000739097595
YMR190C,YNL299W,1,-3.7546737,0.435982346534729,0.39500001072883606,0.051100000739097595
YIL139C,YMR218C,0,-3.75523,0.43550166487693787,0.39500001072883606,0.05119999870657921
YDR512C,YHR079C-A,0,-3.7552931,0.4350220263004303,0.39500001072883606,0.05130000039935112
YOL091W,YJR086W,0,-3.7553139,0.4345434606075287,0.39500001072883606,0.05139999836683273
YBR237W,YGR241C,0,-3.755519,0.43406593799591064,0.39500001072883606,0.051500000059604645
YGL216W,YFL060C,0,-3.756881,0.43358945846557617,0.39500001072883606,0.051600001752376556
YMR065W,YHR160C,0,-3.7573557,0.43311402201652527,0.39500001072883606,0.05169999971985817
YHL006C,YPL007C,0,-3.7575402,0.4326396584510803,0.39500001072883606,0.05180000141263008
YER159C,YDR464W,0,-3.7590933,0.43216630816459656,0.39500001072883606,0.051899999380111694
YOL017W,YKR028W,0,-3.7611966,0.43169400095939636,0.39500001072883606,0.052000001072883606
YGR216C,YDR369C,0,-3.7614136,0.43122270703315735,0.39500001072883606,0.05209999904036522
YML065W,YPL144W,0,-3.76159,0.4307524561882019,0.39500001072883606,0.05220000073313713
YBR088C,YPL139C,0,-3.7615943,0.43028321862220764,0.39500001072883606,0.052299998700618744
YOR039W,YDR473C,0,-3.7623508,0.42981502413749695,0.39500001072883606,0.052400000393390656
YMR021C,YLR442C,0,-3.762708,0.42934781312942505,0.39500001072883606,0.05249999836087227
YDL159W,YPL144W,0,-3.7627554,0.4288816452026367,0.39500001072883606,0.05260000005364418
YJR089W,YJR068W,1,-3.7658334,0.42950108647346497,0.3959999978542328,0.05260000005364418
YNR030W,YKL190W,0,-3.7659888,0.4290357530117035,0.3959999978542328,0.05270000174641609
YBR202W,YMR065W,0,-3.7671316,0.4285714328289032,0.3959999978542328,0.052799999713897705
YKL046C,YLL031C,0,-3.768608,0.4281080961227417,0.3959999978542328,0.05290000140666962
YBR188C,YML011C,0,-3.7688184,0.42764580249786377,0.3959999978542328,0.05299999937415123
YHR034C,YER111C,0,-3.7697132,0.42718446254730225,0.3959999978542328,0.05310000106692314
YHL038C,YOL135C,0,-3.7698028,0.4267241358757019,0.3959999978542328,0.053199999034404755
YDL117W,YNL218W,0,-3.7710886,0.42626479268074036,0.3959999978542328,0.053300000727176666
YPL155C,YBR080C,0,-3.7722478,0.42580646276474,0.3959999978542328,0.05339999869465828
YJR089W,YMR076C,1,-3.7727814,0.42642319202423096,0.3970000147819519,0.05339999869465828
YKR054C,YML085C,1,-3.7734542,0.42703863978385925,0.39800000190734863,0.05339999869465828
YFR036W,YMR078C,1,-3.774098,0.4276527464389801,0.39899998903274536,0.05339999869465828
YLR330W,YPL010W,0,-3.7756562,0.42719486355781555,0.39899998903274536,0.05350000038743019
YER183C,YKR087C,0,-3.778525,0.4267379641532898,0.39899998903274536,0.053599998354911804
YGL094C,YCL001W,0,-3.7788122,0.42628204822540283,0.39899998903274536,0.053700000047683716
YOR216C,YCR018C,0,-3.7815337,0.42582711577415466,0.39899998903274536,0.05380000174045563
YJL219W,YDR166C,0,-3.7819772,0.4253731369972229,0.39899998903274536,0.05389999970793724
YKL045W,YLR275W,0,-3.7820554,0.42492014169692993,0.39899998903274536,0.05400000140070915
YBL041W,YNL283C,0,-3.7824085,0.424468070268631,0.39899998903274536,0.054099999368190765
YDL245C,YOR290C,0,-3.7831085,0.4240170121192932,0.39899998903274536,0.05420000106096268
YHR058C,YOL146W,0,-3.7831688,0.42356687784194946,0.39899998903274536,0.05429999902844429
YHR034C,YKL173W,0,-3.783835,0.4231176972389221,0.39899998903274536,0.0544000007212162
YLR127C,YLR226W,1,-3.7838528,0.4237288236618042,0.4000000059604645,0.0544000007212162
YBR211C,YAR018C,1,-3.784735,0.4243386387825012,0.4009999930858612,0.0544000007212162
YDR244W,YBR258C,0,-3.7847648,0.42389005422592163,0.4009999930858612,0.054499998688697815
YDR159W,YLR105C,0,-3.7848787,0.42344245314598083,0.4009999930858612,0.05460000038146973
YGR179C,YIL144W,1,-3.7853339,0.42405062913894653,0.4020000100135803,0.05460000038146973
YHL006C,YMR179W,0,-3.7862673,0.4236038029193878,0.4020000100135803,0.05469999834895134
YGR179C,YIR011C,1,-3.7880406,0.4242105185985565,0.40299999713897705,0.05469999834895134
YDL008W,YMR078C,1,-3.7888925,0.42481598258018494,0.40400001406669617,0.05469999834895134
YDR448W,YOR153W,0,-3.788978,0.424369752407074,0.40400001406669617,0.05480000004172325
YCL055W,YNL099C,0,-3.7891471,0.42392444610595703,0.40400001406669617,0.05490000173449516
YDR118W,YER133W,1,-3.7892213,0.4245283007621765,0.4050000011920929,0.05490000173449516
YNL082W,YBL058W,0,-3.7911549,0.42408376932144165,0.4050000011920929,0.054999999701976776
YNL080C,YIL114C,0,-3.7924986,0.4236401617527008,0.4050000011920929,0.05510000139474869
YFR036W,YMR190C,1,-3.7940645,0.42424243688583374,0.4059999883174896,0.05510000139474869
YOL063C,YNR059W,0,-3.7947416,0.4237995743751526,0.4059999883174896,0.0551999993622303
YGR140W,YOL069W,1,-3.795792,0.4244004189968109,0.40700000524520874,0.0551999993622303
YFL003C,YPL002C,0,-3.7958243,0.42395833134651184,0.40700000524520874,0.05530000105500221
YER028C,YNR011C,0,-3.7961588,0.4235171675682068,0.40700000524520874,0.055399999022483826
YDR499W,YLR363C,0,-3.7969542,0.42307692766189575,0.40700000524520874,0.05550000071525574
YBR211C,YLR381W,1,-3.7970958,0.4236760139465332,0.40799999237060547,0.05550000071525574
YKR036C,YKR072C,0,-3.7972813,0.42323651909828186,0.40799999237060547,0.05559999868273735
YOR299W,YGL066W,0,-3.7974892,0.42279791831970215,0.40799999237060547,0.05570000037550926
YGL086W,YDR484W,0,-3.798329,0.42236024141311646,0.40799999237060547,0.055799998342990875
YDR480W,YNL328C,0,-3.7985873,0.4219234883785248,0.40799999237060547,0.05590000003576279
YPR057W,YKL214C,0,-3.7989185,0.42148759961128235,0.40799999237060547,0.0560000017285347
YPL133C,YFR040W,0,-3.7989988,0.42105263471603394,0.40799999237060547,0.05609999969601631
YOR156C,YOL094C,1,-3.7994585,0.4216494858264923,0.4090000092983246,0.05609999969601631
YNL080C,YKL203C,0,-3.799733,0.4212152361869812,0.4090000092983246,0.05620000138878822
YMR058W,YBR253W,0,-3.8013654,0.4207818806171417,0.4090000092983246,0.056299999356269836
YPR175W,YMR013C,0,-3.8016872,0.42034944891929626,0.4090000092983246,0.05640000104904175
YOL008W,YMR283C,0,-3.8018808,0.41991785168647766,0.4090000092983246,0.05649999901652336
YMR021C,YPR155C,0,-3.8025165,0.4194871783256531,0.4090000092983246,0.05660000070929527
YHR200W,YGL127C,0,-3.8026547,0.41905736923217773,0.4090000092983246,0.056699998676776886
YOL044W,YOR368W,0,-3.8030088,0.418628454208374,0.4090000092983246,0.0568000003695488
YBR278W,YAL009W,0,-3.8034065,0.41820040345191956,0.4090000092983246,0.05689999833703041
YHR041C,YBR175W,0,-3.8037715,0.4177732467651367,0.4090000092983246,0.05700000002980232
YPR046W,YNL299W,1,-3.804317,0.4183673560619354,0.4099999964237213,0.05700000002980232
YIL126W,YNL273W,1,-3.8055482,0.41896024346351624,0.41100001335144043,0.05700000002980232
YIL026C,YIL126W,1,-3.8066592,0.41955193877220154,0.41200000047683716,0.05700000002980232
YCR086W,YGR089W,1,-3.8074965,0.42014241218566895,0.4129999876022339,0.05700000002980232
YLR226W,YOL094C,1,-3.808309,0.42073169350624084,0.414000004529953,0.05700000002980232
YEL015W,YPR031W,0,-3.8094206,0.4203045666217804,0.414000004529953,0.057100001722574234
YOR250C,YBR179C,0,-3.809678,0.4198783040046692,0.414000004529953,0.05719999969005585
YER095W,YML064C,0,-3.8107944,0.41945287585258484,0.414000004529953,0.05730000138282776
YHR061C,YLR285W,0,-3.811633,0.4190283417701721,0.414000004529953,0.05739999935030937
YOR249C,YHR014W,1,-3.811779,0.419615775346756,0.41499999165534973,0.05739999935030937
YKR007W,YDL120W,0,-3.812683,0.4191919267177582,0.41499999165534973,0.057500001043081284
YBR098W,YOR266W,0,-3.8128567,0.41876891255378723,0.41499999165534973,0.0575999990105629
YPR030W,YDR285W,0,-3.8129501,0.4183467626571655,0.41499999165534973,0.05770000070333481
YDL003W,YML085C,1,-3.8162537,0.4189325273036957,0.41600000858306885,0.05770000070333481
YPL194W,YJL186W,0,-3.8170066,0.4185110628604889,0.41600000858306885,0.05779999867081642
YJL047C,YDR472W,0,-3.8171709,0.41809046268463135,0.41600000858306885,0.05790000036358833
YPL132W,YPR189W,0,-3.8173375,0.41767069697380066,0.41600000858306885,0.057999998331069946
YGL011C,YPL124W,0,-3.817391,0.4172517657279968,0.41600000858306885,0.05810000002384186
YLR131C,YBL080C,0,-3.8178186,0.41683366894721985,0.41600000858306885,0.05820000171661377
YFL029C,YML095C,0,-3.8181376,0.4164164066314697,0.41600000858306885,0.05829999968409538
YCL055W,YOR194C,0,-3.8182182,0.41600000858306885,0.41600000858306885,0.058400001376867294
YML011C,YIL138C,0,-3.81837,0.41558441519737244,0.41600000858306885,0.05849999934434891
YHR191C,YML034W,1,-3.8193355,0.416167676448822,0.4169999957084656,0.05849999934434891
YOL069W,YOL006C,1,-3.8193994,0.4167497456073761,0.4180000126361847,0.05849999934434891
YPL234C,YMR156C,0,-3.819717,0.4163346588611603,0.4180000126361847,0.05860000103712082
YOR067C,YLR098C,0,-3.8221617,0.4159204065799713,0.4180000126361847,0.05869999900460243
YBL080C,YPL268W,0,-3.8231604,0.4155069589614868,0.4180000126361847,0.058800000697374344
YDR424C,YNL107W,0,-3.8263083,0.4150943458080292,0.4180000126361847,0.05889999866485596
YKR009C,YOR157C,0,-3.8266428,0.414682537317276,0.4180000126361847,0.05900000035762787
YIL119C,YHR031C,0,-3.8270772,0.4142715632915497,0.4180000126361847,0.05909999832510948
YFR036W,YIL026C,1,-3.8270974,0.41485148668289185,0.4189999997615814,0.05909999832510948
YKL166C,YLR298C,0,-3.8275604,0.41444113850593567,0.4189999997615814,0.05920000001788139
YPR070W,YML064C,0,-3.8275719,0.41403162479400635,0.4189999997615814,0.059300001710653305
YJR135C,YBR087W,1,-3.827592,0.4146100580692291,0.41999998688697815,0.059300001710653305
YFR021W,YNR011C,0,-3.8279858,0.41420117020606995,0.41999998688697815,0.05939999967813492
YLR032W,YNR048W,0,-3.8280518,0.4137931168079376,0.41999998688697815,0.05950000137090683
YER133W,YAR018C,1,-3.828669,0.4143700897693634,0.42100000381469727,0.05950000137090683
YJL024C,YDR414C,0,-3.8289146,0.41396263241767883,0.42100000381469727,0.05959999933838844
YJR060W,YPR141C,1,-3.8291407,0.41453832387924194,0.421999990940094,0.05959999933838844
YER168C,YDR238C,0,-3.830013,0.4141314923763275,0.421999990940094,0.059700001031160355
YJR135C,YJL019W,1,-3.8310533,0.41470587253570557,0.4230000078678131,0.059700001031160355
YMR052W,YBR240C,0,-3.8311129,0.41429969668388367,0.4230000078678131,0.05979999899864197
YNL317W,YGL205W,0,-3.831131,0.41389432549476624,0.4230000078678131,0.05990000069141388
YBR160W,YML107C,0,-3.831276,0.4134897291660309,0.4230000078678131,0.05999999865889549
YJR144W,YNL129W,0,-3.831594,0.4130859375,0.4230000078678131,0.060100000351667404
YNR030W,YDL015C,0,-3.832849,0.4126829206943512,0.4230000078678131,0.06019999831914902
YOL003C,YDR334W,0,-3.8330445,0.41228070855140686,0.4230000078678131,0.06030000001192093
YHR129C,YKL165C,0,-3.833725,0.4118792712688446,0.4230000078678131,0.06040000170469284
YGL251C,YPL010W,0,-3.8338747,0.41147860884666443,0.4230000078678131,0.060499999672174454
YMR198W,YGL240W,1,-3.8343534,0.4120505452156067,0.42399999499320984,0.060499999672174454
YGL240W,YPL204W,1,-3.8352451,0.4126213490962982,0.42500001192092896,0.060499999672174454
YJL209W,YOR266W,0,-3.8355188,0.41222113370895386,0.42500001192092896,0.060600001364946365
YMR133W,YJL045W,0,-3.8356175,0.4118216931819916,0.42500001192092896,0.06069999933242798
YGR004W,YPR018W,0,-3.8376455,0.4114230275154114,0.42500001192092896,0.06080000102519989
YNL261W,YDL042C,0,-3.838416,0.41102513670921326,0.42500001192092896,0.0608999989926815
YBR274W,YOL067C,0,-3.8387144,0.4106280207633972,0.42500001192092896,0.061000000685453415
YAL010C,YBR165W,0,-3.8398266,0.41023164987564087,0.42500001192092896,0.06109999865293503
YPL135W,YDR472W,0,-3.8404875,0.4098360538482666,0.42500001192092896,0.06120000034570694
YKR054C,YBR087W,1,-3.841083,0.41040462255477905,0.4259999990463257,0.06120000034570694
YGR227W,YNL253W,0,-3.8411322,0.41000962257385254,0.4259999990463257,0.06129999831318855
YEL019C,YOR149C,0,-3.843402,0.4096153974533081,0.4259999990463257,0.061400000005960464
YPL242C,YBL050W,0,-3.8434129,0.409221887588501,0.4259999990463257,0.061500001698732376
YJL104W,YML061C,0,-3.8437812,0.4088291823863983,0.4259999990463257,0.06159999966621399
YMR033W,YGR004W,0,-3.8459003,0.40843719244003296,0.4259999990463257,0.0617000013589859
YER155C,YKL014C,0,-3.8462124,0.4080459773540497,0.4259999990463257,0.061799999326467514
YGL240W,YAR018C,1,-3.8465004,0.4086124300956726,0.4269999861717224,0.061799999326467514
YNL110C,YOR064C,0,-3.8470988,0.4082218110561371,0.4269999861717224,0.061900001019239426
YKL040C,YOR216C,0,-3.847364,0.40783190727233887,0.4269999861717224,0.06199999898672104
YDR179C,YFL033C,0,-3.8474302,0.40744274854660034,0.4269999861717224,0.06210000067949295
YHR015W,YKL108W,0,-3.8474755,0.4070543348789215,0.4269999861717224,0.062199998646974564
YLR207W,YNL177C,0,-3.8482175,0.40666666626930237,0.4269999861717224,0.062300000339746475
YML006C,YMR013C,0,-3.8498874,0.4062797427177429,0.4269999861717224,0.06239999830722809
YDR009W,YDR532C,0,-3.8499775,0.4058935344219208,0.4269999861717224,0.0625
YFR013W,YLR442C,0,-3.8505473,0.4055080711841583,0.4269999861717224,0.06260000169277191
YKR060W,YHR090C,0,-3.8510861,0.40512335300445557,0.4269999861717224,0.06270000338554382
YOR313C,YNL246W,0,-3.8513503,0.4047393500804901,0.4269999861717224,0.06279999762773514
YNL291C,YNL025C,0,-3.8520045,0.40435606241226196,0.4269999861717224,0.06289999932050705
YML104C,YIL122W,0,-3.8522084,0.4039735198020935,0.4269999861717224,0.06300000101327896
YEL061C,YBR087W,1,-3.8523574,0.4045368731021881,0.42800000309944153,0.06300000101327896
YBR010W,YLR275W,0,-3.8526325,0.40415486693382263,0.42800000309944153,0.06310000270605087
YJR013W,YBL080C,0,-3.85275,0.40377357602119446,0.42800000309944153,0.06319999694824219
YBR211C,YIL132C,1,-3.8538966,0.40433552861213684,0.42899999022483826,0.06319999694824219
YER028C,YLR263W,0,-3.8540492,0.40395480394363403,0.42899999022483826,0.0632999986410141
YNL199C,YER169W,0,-3.8549843,0.40357479453086853,0.42899999022483826,0.06340000033378601
YHR166C,YDR180W,1,-3.8550723,0.4041353464126587,0.4300000071525574,0.06340000033378601
YLL031C,YGR144W,0,-3.8555646,0.40375587344169617,0.4300000071525574,0.06350000202655792
YAR018C,YHR014W,1,-3.855759,0.40431520342826843,0.4309999942779541,0.06350000202655792
YIR028W,YKL041W,0,-3.8578677,0.4039362668991089,0.4309999942779541,0.06360000371932983
YBR042C,YDR503C,0,-3.857968,0.40355804562568665,0.4309999942779541,0.06369999796152115
YDL003W,YDR325W,1,-3.8581204,0.4041160047054291,0.4320000112056732,0.06369999796152115
YMR052W,YNL032W,0,-3.858673,0.4037383198738098,0.4320000112056732,0.06379999965429306
YGL173C,YKR095W,0,-3.8589306,0.40336135029792786,0.4320000112056732,0.06390000134706497
YPL193W,YDR523C,0,-3.8590903,0.4029850661754608,0.4320000112056732,0.06400000303983688
YPR083W,YIL022W,0,-3.8593245,0.4026094973087311,0.4320000112056732,0.0640999972820282
YGL174W,YLR368W,0,-3.8613129,0.40223464369773865,0.4320000112056732,0.06419999897480011
YMR076C,YIL144W,1,-3.862563,0.40279069542884827,0.43299999833106995,0.06419999897480011
YMR198W,YFR031C,1,-3.8629081,0.4033457338809967,0.4339999854564667,0.06419999897480011
YMR101C,YPR095C,0,-3.8636074,0.40297120809555054,0.4339999854564667,0.06430000066757202
YFR021W,YLR114C,0,-3.8643346,0.4025973975658417,0.4339999854564667,0.06440000236034393
YDR052C,YKR055W,0,-3.8649826,0.40222427248954773,0.4339999854564667,0.06449999660253525
YLL004W,YJL087C,0,-3.8655095,0.4018518626689911,0.4339999854564667,0.06459999829530716
YBL046W,YFR048W,0,-3.8664963,0.401480108499527,0.4339999854564667,0.06469999998807907
YNL020C,YBR050C,0,-3.8665428,0.40110906958580017,0.4339999854564667,0.06480000168085098
YNL250W,YOR117W,0,-3.867454,0.4007386863231659,0.4339999854564667,0.0649000033736229
YGL240W,YFL008W,1,-3.86799,0.40129151940345764,0.4350000023841858,0.0649000033736229
YLL042C,YOR106W,0,-3.8680916,0.40092167258262634,0.4350000023841858,0.06499999761581421
YBR136W,YDL170W,0,-3.8681536,0.4005524814128876,0.4350000023841858,0.06509999930858612
YKR054C,YOR014W,1,-3.8694768,0.4011039435863495,0.4359999895095825,0.06509999930858612
YPR046W,YMR076C,1,-3.870373,0.4016544222831726,0.43700000643730164,0.06509999930858612
YHR191C,YMR311C,1,-3.8707314,0.40220385789871216,0.43799999356269836,0.06509999930858612
YBR256C,YMR156C,0,-3.8709192,0.4018348753452301,0.43799999356269836,0.06520000100135803
YPR164W,YOR266W,0,-3.8711786,0.4014665484428406,0.43799999356269836,0.06530000269412994
YNR058W,YPL159C,0,-3.8712134,0.40109890699386597,0.43799999356269836,0.06539999693632126
YAL020C,YOR035C,0,-3.8715742,0.4007319211959839,0.43799999356269836,0.06549999862909317
YIL159W,YML130C,0,-3.8725433,0.4003656208515167,0.43799999356269836,0.06560000032186508
YJR060W,YDR113C,1,-3.8730962,0.4009132385253906,0.4390000104904175,0.06560000032186508
YPL175W,YML109W,0,-3.8735986,0.40054744482040405,0.4390000104904175,0.065700002014637
YAL015C,YLR200W,0,-3.8742266,0.40018230676651,0.4390000104904175,0.0658000037074089
YJR150C,YGR092W,0,-3.8747487,0.3998178541660309,0.4390000104904175,0.06589999794960022
YNL003C,YMR293C,0,-3.874856,0.3994540572166443,0.4390000104904175,0.06599999964237213
YGR284C,YPR032W,0,-3.8754048,0.3990909159183502,0.4390000104904175,0.06610000133514404
YML102W,YDL059C,0,-3.876992,0.3987284302711487,0.4390000104904175,0.06620000302791595
YIR013C,YLR011W,0,-3.8771193,0.3983666002750397,0.4390000104904175,0.06629999727010727
YLR430W,YKL173W,0,-3.8772635,0.3980054259300232,0.4390000104904175,0.06639999896287918
YKL052C,YEL003W,0,-3.8775039,0.39764493703842163,0.4390000104904175,0.06650000065565109
YLR260W,YCR014C,0,-3.8776898,0.3972850739955902,0.4390000104904175,0.066600002348423
YPR176C,YDR301W,0,-3.8779173,0.3969258666038513,0.4390000104904175,0.06669999659061432
YOR032C,YOR129C,0,-3.87818,0.39656728506088257,0.4390000104904175,0.06679999828338623
YKR054C,YHR014W,1,-3.8794427,0.3971119225025177,0.4399999976158142,0.06679999828338623
YGL073W,YIL173W,0,-3.8803654,0.39675381779670715,0.4399999976158142,0.06689999997615814
YMR199W,YBL052C,0,-3.8808472,0.3963963985443115,0.4399999976158142,0.06700000166893005
YBR087W,YML034W,1,-3.8808513,0.3969396948814392,0.4410000145435333,0.06700000166893005
YKL165C,YOL104C,0,-3.8809948,0.3965827226638794,0.4410000145435333,0.06710000336170197
YPL007C,YER123W,0,-3.8832595,0.3962264060974121,0.4410000145435333,0.06719999760389328
YAR007C,YDR279W,0,-3.883265,0.39587074518203735,0.4410000145435333,0.06729999929666519
YBL023C,YPL224C,0,-3.8845172,0.39551568031311035,0.4410000145435333,0.0674000009894371
YNL021W,YLR026C,0,-3.8853927,0.39516130089759827,0.4410000145435333,0.06750000268220901
YGL071W,YDL059C,0,-3.8872032,0.39480751752853394,0.4410000145435333,0.06759999692440033
YMR292W,YKR052C,0,-3.8875608,0.39445438981056213,0.4410000145435333,0.06769999861717224
YKR037C,YDR058C,0,-3.8878064,0.3941018879413605,0.4410000145435333,0.06780000030994415
YLR135W,YIL138C,0,-3.8903623,0.39375001192092896,0.4410000145435333,0.06790000200271606
YOR058C,YGR119C,0,-3.890748,0.3933987617492676,0.4410000145435333,0.06800000369548798
YGL049C,YPL020C,0,-3.8920972,0.39304813742637634,0.4410000145435333,0.06809999793767929
YGR213C,YDR260C,0,-3.893799,0.39269813895225525,0.4410000145435333,0.0681999996304512
YKR083C,YLL006W,0,-3.8939023,0.3923487663269043,0.4410000145435333,0.06830000132322311
YLL031C,YJL219W,0,-3.894699,0.3919999897480011,0.4410000145435333,0.06840000301599503
YBR065C,YCR044C,0,-3.894835,0.39165186882019043,0.4410000145435333,0.06849999725818634
YDR118W,YOL006C,1,-3.8948686,0.39219164848327637,0.44200000166893005,0.06849999725818634
YDR439W,YJL019W,1,-3.8950803,0.3927305042743683,0.4429999887943268,0.06849999725818634
YDL059C,YER093C,0,-3.8958917,0.3923826515674591,0.4429999887943268,0.06859999895095825
YBR008C,YKL140W,0,-3.8959184,0.3920353949069977,0.4429999887943268,0.06870000064373016
YFR019W,YOR328W,0,-3.8962343,0.3916887640953064,0.4429999887943268,0.06880000233650208
YGR225W,YBR278W,0,-3.89645,0.39134275913238525,0.4429999887943268,0.06889999657869339
YOR156C,YLR357W,1,-3.8972597,0.39187997579574585,0.4440000057220459,0.06889999657869339
YKL022C,YMR117C,1,-3.8974464,0.39241623878479004,0.4449999928474426,0.06889999657869339
YOR005C,YDL076C,0,-3.8981369,0.392070472240448,0.4449999928474426,0.0689999982714653
YPL008W,YDL003W,1,-3.898629,0.39260563254356384,0.44600000977516174,0.0689999982714653
YFR027W,YDR130C,1,-3.9001422,0.3931398391723633,0.44699999690055847,0.0689999982714653
YOR073W,YOL006C,1,-3.9008136,0.3936731219291687,0.4480000138282776,0.0689999982714653
YMR179W,YDR484W,0,-3.9020083,0.3933274745941162,0.4480000138282776,0.06909999996423721
YOR079C,YJL035C,0,-3.9030695,0.39298245310783386,0.4480000138282776,0.06920000165700912
YER016W,YDL003W,1,-3.9031281,0.3935144543647766,0.4490000009536743,0.06920000165700912
YBR211C,YKL022C,1,-3.9034245,0.39404553174972534,0.44999998807907104,0.06920000165700912
YPR049C,YKL113C,0,-3.903522,0.3937007784843445,0.44999998807907104,0.06930000334978104
YPL133C,YPL235W,0,-3.90446,0.39335665106773376,0.44999998807907104,0.06939999759197235
YML074C,YHR090C,0,-3.905017,0.3930130898952484,0.44999998807907104,0.06949999928474426
YBR043C,YDR285W,0,-3.9054055,0.3926701545715332,0.44999998807907104,0.06960000097751617
YNL145W,YDR217C,0,-3.9058824,0.39232781529426575,0.44999998807907104,0.06970000267028809
YFR002W,YNL154C,0,-3.9065218,0.39198607206344604,0.44999998807907104,0.0697999969124794
YHR191C,YGR179C,1,-3.9068933,0.39251524209976196,0.45100000500679016,0.0697999969124794
YAL015C,YPL218W,0,-3.9075623,0.3921739161014557,0.45100000500679016,0.06989999860525131
YAL007C,YGR199W,0,-3.90763,0.39183318614959717,0.45100000500679016,0.07000000029802322
YLR078C,YMR032W,0,-3.9082217,0.3914930522441864,0.45100000500679016,0.07010000199079514
YMR052W,YLR095C,0,-3.9082365,0.3911535143852234,0.45100000500679016,0.07020000368356705
YMR270C,YOR313C,0,-3.9092324,0.39081457257270813,0.45100000500679016,0.07029999792575836
YOL094C,YFR031C,1,-3.90945,0.3913419842720032,0.4519999921321869,0.07029999792575836
YHR036W,YOR274W,0,-3.9101534,0.39100345969200134,0.4519999921321869,0.07039999961853027
YHR158C,YCR014C,0,-3.9102192,0.3906655013561249,0.4519999921321869,0.07050000131130219
YIL079C,YBL057C,0,-3.9107597,0.39032813906669617,0.4519999921321869,0.0706000030040741
YMR287C,YKL020C,0,-3.9108849,0.3899913728237152,0.4519999921321869,0.07069999724626541
YKL022C,YPL008W,1,-3.9111838,0.3905172348022461,0.453000009059906,0.07069999724626541
YGR029W,YBR258C,0,-3.9119651,0.39018088579177856,0.453000009059906,0.07079999893903732
YPL069C,YPR019W,0,-3.912164,0.3898451030254364,0.453000009059906,0.07090000063180923
YER169W,YLR005W,0,-3.9122329,0.3895098865032196,0.453000009059906,0.07100000232458115
YNL264C,YOR127W,0,-3.9132853,0.38917526602745056,0.453000009059906,0.07109999656677246
YOR126C,YGL175C,0,-3.9151287,0.3888412117958069,0.453000009059906,0.07119999825954437
YOR137C,YPR182W,0,-3.91546,0.3885077238082886,0.453000009059906,0.07129999995231628
YML061C,YBR280C,0,-3.9155784,0.38817480206489563,0.453000009059906,0.0714000016450882
YEL061C,YFR031C,1,-3.9162183,0.38869863748550415,0.45399999618530273,0.0714000016450882
YNL078W,YGR221C,0,-3.9164948,0.38836613297462463,0.45399999618530273,0.07150000333786011
YKL165C,YAR003W,0,-3.9171908,0.3880341947078705,0.45399999618530273,0.07159999758005142
YER087C-B,YNL054W,0,-3.9173293,0.3877028226852417,0.45399999618530273,0.07169999927282333
YLR084C,YBR077C,0,-3.917509,0.3873720169067383,0.45399999618530273,0.07180000096559525
YJR143C,YBR175W,0,-3.9183097,0.38704177737236023,0.45399999618530273,0.07190000265836716
YIR028W,YOR178C,0,-3.9186225,0.38671210408210754,0.45399999618530273,0.07199999690055847
YHR166C,YMR076C,1,-3.9221182,0.38723403215408325,0.45500001311302185,0.07199999690055847
YKR038C,YMR167W,0,-3.922647,0.386904776096344,0.45500001311302185,0.07209999859333038
YKL048C,YOR127W,0,-3.9228425,0.3865760266780853,0.45500001311302185,0.0722000002861023
YOR036W,YML038C,0,-3.9228997,0.3862478733062744,0.45500001311302185,0.0723000019788742
YFL024C,YML049C,0,-3.923034,0.38592028617858887,0.45500001311302185,0.07240000367164612
YMR216C,YOR064C,0,-3.9235754,0.3855932056903839,0.45500001311302185,0.07249999791383743
YDR150W,YPL167C,0,-3.9246325,0.3852667212486267,0.45500001311302185,0.07259999960660934
YBL050W,YMR313C,0,-3.9250717,0.3849407732486725,0.45500001311302185,0.07270000129938126
YBR210W,YMR095C,0,-3.9251485,0.38461539149284363,0.45500001311302185,0.07280000299215317
YPR057W,YDL079C,0,-3.9252954,0.38429054617881775,0.45500001311302185,0.07289999723434448
YFR008W,YMR255W,0,-3.9263573,0.38396623730659485,0.45500001311302185,0.0729999989271164
YNR010W,YCR086W,1,-3.9263673,0.38448566198349,0.4560000002384186,0.0729999989271164
YJL110C,YOR083W,0,-3.926882,0.38416174054145813,0.4560000002384186,0.0731000006198883
YJR135C,YLR357W,1,-3.9271297,0.3846801221370697,0.4569999873638153,0.0731000006198883
YPR065W,YMR060C,0,-3.9273493,0.3843565881252289,0.4569999873638153,0.07320000231266022
YHR079C-A,YNL107W,0,-3.927456,0.3840336203575134,0.4569999873638153,0.07329999655485153
YPR005C,YLR207W,0,-3.927503,0.38371115922927856,0.4569999873638153,0.07339999824762344
YDR439W,YOR156C,1,-3.9283967,0.3842281997203827,0.4580000042915344,0.07339999824762344
YGR140W,YLR357W,1,-3.9285617,0.3847443461418152,0.45899999141693115,0.07339999824762344
YIL131C,YGL194C,0,-3.9289057,0.3844221234321594,0.45899999141693115,0.07349999994039536
YER133W,YPR046W,1,-3.9301958,0.38493722677230835,0.46000000834465027,0.07349999994039536
YLR260W,YJR086W,0,-3.930943,0.38461539149284363,0.46000000834465027,0.07360000163316727
YAR042W,YKL203C,0,-3.9318447,0.3842940628528595,0.46000000834465027,0.07370000332593918
YIR009W,YMR156C,0,-3.9324102,0.38397330045700073,0.46000000834465027,0.0737999975681305
YOR232W,YPL042C,0,-3.9344976,0.38365304470062256,0.46000000834465027,0.0738999992609024
YPR082C,YPL269W,0,-3.9356518,0.38333332538604736,0.46000000834465027,0.07400000095367432
YFR008W,YHR027C,0,-3.9364076,0.38301414251327515,0.46000000834465027,0.07410000264644623
YDL090C,YPR108W,0,-3.9367557,0.3826954960823059,0.46000000834465027,0.07419999688863754
YPL133C,YGR221C,0,-3.9367774,0.38237738609313965,0.46000000834465027,0.07429999858140945
YDR263C,YER123W,0,-3.9368696,0.38205981254577637,0.46000000834465027,0.07440000027418137
YBR080C,YDR170C,0,-3.938189,0.3817427456378937,0.46000000834465027,0.07450000196695328
YCR086W,YOL094C,1,-3.9388041,0.3822553753852844,0.460999995470047,0.07450000196695328
YJR089W,YPL200W,1,-3.9388266,0.3827672004699707,0.4620000123977661,0.07450000196695328
YDR318W,YJL019W,1,-3.9391775,0.38327813148498535,0.46299999952316284,0.07450000196695328
YKR054C,YBR073W,1,-3.9399862,0.38378825783729553,0.46399998664855957,0.07450000196695328
YPL006W,YOR290C,0,-3.9404647,0.3834710717201233,0.46399998664855957,0.07460000365972519
YPR134W,YDL105W,0,-3.9410002,0.38315442204475403,0.46399998664855957,0.0746999979019165
YMR167W,YPL042C,0,-3.9427938,0.38283827900886536,0.46399998664855957,0.07479999959468842
YJL003W,YGR075C,0,-3.9429572,0.38252267241477966,0.46399998664855957,0.07490000128746033
YDR208W,YOL146W,0,-3.9431205,0.38220757246017456,0.46399998664855957,0.07500000298023224
YGR120C,YBR129C,0,-3.9438212,0.38189300894737244,0.46399998664855957,0.07509999722242355
YLL009C,YEL069C,0,-3.9441748,0.3815789520740509,0.46399998664855957,0.07519999891519547
YMR172W,YDL188C,0,-3.9449077,0.38126540184020996,0.46399998664855957,0.07530000060796738
YPL174C,YNL044W,0,-3.9450805,0.380952388048172,0.46399998664855957,0.07540000230073929
YAL034W-A,YER147C,1,-3.9451594,0.3814602196216583,0.4650000035762787,0.07540000230073929
YGL065C,YDL165W,0,-3.9454007,0.3811475336551666,0.4650000035762787,0.0754999965429306
YFR028C,YHR152W,0,-3.9454656,0.3808353841304779,0.4650000035762787,0.07559999823570251
YPL061W,YBR008C,0,-3.9459925,0.3805237412452698,0.4650000035762787,0.07569999992847443
YNR031C,YGL049C,0,-3.9462895,0.38021260499954224,0.4650000035762787,0.07580000162124634
YAL013W,YBR253W,0,-3.947249,0.3799019753932953,0.4650000035762787,0.07590000331401825
YDR414C,YDR058C,0,-3.9474678,0.37959182262420654,0.4650000035762787,0.07599999755620956
YFR008W,YJL203W,0,-3.947686,0.3792822062969208,0.4650000035762787,0.07609999924898148
YNR030W,YLR069C,0,-3.9479055,0.3789730966091156,0.4650000035762787,0.07620000094175339
YGL167C,YKR089C,0,-3.94791,0.378664493560791,0.4650000035762787,0.0763000026345253
YMR032W,YML061C,0,-3.9479876,0.378356397151947,0.4650000035762787,0.07639999687671661
YNR010W,YML034W,1,-3.9480605,0.37886178493499756,0.4659999907016754,0.07639999687671661
YOL063C,YJL047C,0,-3.9488378,0.37855401635169983,0.4659999907016754,0.07649999856948853
YPL046C,YPL193W,0,-3.9494119,0.3782467544078827,0.4659999907016754,0.07660000026226044
YPR199C,YLR329W,0,-3.9500322,0.37793996930122375,0.4659999907016754,0.07670000195503235
YCL031C,YOR295W,0,-3.9507465,0.3776337206363678,0.4659999907016754,0.07680000364780426
YHR166C,YBR087W,1,-3.9522915,0.37813764810562134,0.46700000762939453,0.07680000364780426
YCR107W,YKL001C,0,-3.954607,0.37783172726631165,0.46700000762939453,0.07689999788999557
YJR060W,YJR135C,1,-3.9554176,0.3783346712589264,0.46799999475479126,0.07689999788999557
YMR220W,YOL133W,0,-3.9565434,0.37802907824516296,0.46799999475479126,0.07699999958276749
YMR042W,YLR417W,0,-3.9575028,0.37772396206855774,0.46799999475479126,0.0771000012755394
YFR036W,YBR087W,1,-3.9576626,0.37822580337524414,0.4690000116825104,0.0771000012755394
YPL008W,YHR014W,1,-3.9584866,0.3787268400192261,0.4699999988079071,0.0771000012755394
YER174C,YDR142C,0,-3.9590726,0.3784219026565552,0.4699999988079071,0.07720000296831131
YGR275W,YER147C,1,-3.959175,0.3789219558238983,0.47099998593330383,0.07720000296831131
YLR207W,YMR109W,0,-3.9594002,0.37861737608909607,0.47099998593330383,0.07729999721050262
YMR186W,YMR060C,0,-3.960257,0.37831324338912964,0.47099998593330383,0.07739999890327454
YGR075C,YBL046W,0,-3.9617405,0.3780096173286438,0.47099998593330383,0.07750000059604645
YHR166C,YPL204W,1,-3.9625936,0.37850841879844666,0.47200000286102295,0.07750000059604645
YPR046W,YIL144W,1,-3.9634738,0.37900641560554504,0.4729999899864197,0.07750000059604645
YOR330C,YPL097W,0,-3.9635077,0.37870296835899353,0.4729999899864197,0.07760000228881836
YJL209W,YKR019C,0,-3.963595,0.3783999979496002,0.4729999899864197,0.07769999653100967
YIL106W,YLR145W,0,-3.9640799,0.3780975341796875,0.4729999899864197,0.07779999822378159
YFR013W,YML049C,0,-3.964961,0.3777955174446106,0.4729999899864197,0.0778999999165535
YDL102W,YGR144W,0,-3.9656515,0.3774940073490143,0.4729999899864197,0.07800000160932541
YER172C,YJL156C,0,-3.9668593,0.37719297409057617,0.4729999899864197,0.07810000330209732
YAL020C,YNR026C,0,-3.9669762,0.37689241766929626,0.4729999899864197,0.07819999754428864
YER040W,YNL106C,0,-3.9672718,0.37659236788749695,0.4729999899864197,0.07829999923706055
YKL042W,YJL127C,0,-3.9683962,0.37629276514053345,0.4729999899864197,0.07840000092983246
YIR033W,YKL042W,0,-3.968584,0.37599363923072815,0.4729999899864197,0.07850000262260437
YGR140W,YOR156C,1,-3.9690385,0.3764892816543579,0.4740000069141388,0.07850000262260437
YPR100W,YOL067C,0,-3.9696064,0.3761904835700989,0.4740000069141388,0.07859999686479568
YLR248W,YDL195W,0,-3.9698586,0.37589216232299805,0.4740000069141388,0.0786999985575676
YER183C,YPL192C,0,-3.969874,0.37559428811073303,0.4740000069141388,0.07880000025033951
YLR176C,YBR216C,0,-3.969924,0.3752969205379486,0.4740000069141388,0.07890000194311142
YNL270C,YMR255W,0,-3.9702091,0.375,0.4740000069141388,0.07900000363588333
YCR040W,YCL069W,0,-3.9715242,0.3747035562992096,0.4740000069141388,0.07909999787807465
YML092C,YMR060C,0,-3.9720497,0.3744075894355774,0.4740000069141388,0.07919999957084656
YLR350W,YLR329W,0,-3.9731112,0.374112069606781,0.4740000069141388,0.07930000126361847
YHR099W,YDR369C,0,-3.9733205,0.3738170266151428,0.4740000069141388,0.07940000295639038
YPL008W,YKL193C,1,-3.9739904,0.3743104934692383,0.4749999940395355,0.07940000295639038
YHR061C,YDR164C,0,-3.974234,0.374015748500824,0.4749999940395355,0.0794999971985817
YER075C,YMR214W,0,-3.9744081,0.37372148036956787,0.4749999940395355,0.07959999889135361
YPL008W,YOL006C,1,-3.9744577,0.374213844537735,0.47600001096725464,0.07959999889135361
YGR140W,YDR130C,1,-3.9751854,0.37470543384552,0.47699999809265137,0.07959999889135361
YMR167W,YHR160C,0,-3.9759035,0.37441131472587585,0.47699999809265137,0.07970000058412552
YGL222C,YDR461W,0,-3.9765854,0.3741176426410675,0.47699999809265137,0.07980000227689743
YJL201W,YDR176W,0,-3.976632,0.37382444739341736,0.47699999809265137,0.07989999651908875
YGL130W,YHR091C,0,-3.9767303,0.3735317289829254,0.47699999809265137,0.07999999821186066
YBL097W,YIL132C,1,-3.9775677,0.3740219175815582,0.4779999852180481,0.07999999821186066
YAL031C,YJL019W,1,-3.9781847,0.37451133131980896,0.4790000021457672,0.07999999821186066
YER014C-A,YLR183C,0,-3.9785838,0.37421876192092896,0.4790000021457672,0.08009999990463257
YLR314C,YDL098C,0,-3.9787803,0.3739266097545624,0.4790000021457672,0.08020000159740448
YGR257C,YER075C,0,-3.9788332,0.373634934425354,0.4790000021457672,0.08030000329017639
YMR048W,YPL204W,1,-3.9797087,0.37412315607070923,0.47999998927116394,0.08030000329017639
YDR524C,YNL330C,0,-3.9797807,0.37383177876472473,0.47999998927116394,0.0803999975323677
YPL137C,YGR089W,1,-3.9811506,0.37431907653808594,0.48100000619888306,0.0803999975323677
YJL183W,YPL151C,0,-3.981892,0.3740279972553253,0.48100000619888306,0.08049999922513962
YIL153W,YOL031C,0,-3.9824543,0.3737373650074005,0.48100000619888306,0.08060000091791153
YAL024C,YDR369C,0,-3.9856277,0.3734472095966339,0.48100000619888306,0.08070000261068344
YDR318W,YBR156C,1,-3.9862614,0.3739332854747772,0.4819999933242798,0.08070000261068344
YPL155C,YIL061C,0,-3.986785,0.3736433982849121,0.4819999933242798,0.08079999685287476
YBR070C,YFL060C,0,-3.9879913,0.3733539879322052,0.4819999933242798,0.08089999854564667
YNR023W,YPR088C,0,-3.9880352,0.3730650246143341,0.4819999933242798,0.08100000023841858
YBR274W,YKL130C,0,-3.9881644,0.37277647852897644,0.4819999933242798,0.08110000193119049
YIL138C,YCL069W,0,-3.9882135,0.372488409280777,0.4819999933242798,0.0812000036239624
YIL144W,YDR325W,1,-3.9886198,0.3729729652404785,0.4830000102519989,0.0812000036239624
YPR083W,YKR062W,0,-3.9894152,0.37268519401550293,0.4830000102519989,0.08129999786615372
YKL108W,YBR294W,0,-3.9896584,0.37239784002304077,0.4830000102519989,0.08139999955892563
YKL114C,YPR134W,0,-3.9905615,0.37211093306541443,0.4830000102519989,0.08150000125169754
YGL155W,YNR059W,0,-3.9908767,0.3718244731426239,0.4830000102519989,0.08160000294446945
YPR021C,YOR068C,0,-3.9909773,0.3715384602546692,0.4830000102519989,0.08169999718666077
YDR118W,YKR054C,1,-3.9915752,0.37202152609825134,0.48399999737739563,0.08169999718666077
YOR279C,YPR032W,0,-3.9925709,0.3717357814311981,0.48399999737739563,0.08179999887943268
YER061C,YOR237W,0,-3.9938235,0.3714505136013031,0.48399999737739563,0.08190000057220459
YOL117W,YMR060C,0,-3.9946547,0.3711656332015991,0.48399999737739563,0.0820000022649765
YMR081C,YHR152W,0,-3.9949808,0.37088122963905334,0.48399999737739563,0.08209999650716782
YLL035W,YPR031W,0,-3.9951305,0.370597243309021,0.48399999737739563,0.08219999819993973
YGL018C,YLR116W,0,-3.9965687,0.37031370401382446,0.48399999737739563,0.08229999989271164
YNL139C,YOR256C,0,-3.9973478,0.37003058195114136,0.48399999737739563,0.08240000158548355
YIL140W,YEL037C,0,-4.0004435,0.36974790692329407,0.48399999737739563,0.08250000327825546
YDL165W,YJR057W,0,-4.001587,0.3694656491279602,0.48399999737739563,0.08259999752044678
YPR171W,YIL173W,0,-4.00422,0.36918383836746216,0.48399999737739563,0.08269999921321869
YKR087C,YGR231C,0,-4.0048776,0.36890244483947754,0.48399999737739563,0.0828000009059906
YKL022C,YFR031C,1,-4.005571,0.3693830966949463,0.48500001430511475,0.0828000009059906
YDR082W,YEL051W,0,-4.008141,0.36910197138786316,0.48500001430511475,0.08290000259876251
YGR140W,YGL116W,1,-4.008296,0.36958175897598267,0.4860000014305115,0.08290000259876251
YDR270W,YKR095W,0,-4.0089064,0.369300901889801,0.4860000014305115,0.08299999684095383
YDR076W,YOR129C,0,-4.0099354,0.3690204918384552,0.4860000014305115,0.08309999853372574
YER157W,YDL007W,0,-4.010552,0.3687405288219452,0.4860000014305115,0.08320000022649765
YML110C,YMR101C,0,-4.0108423,0.3684609532356262,0.4860000014305115,0.08330000191926956
YIR028W,YOR354C,0,-4.011776,0.36818182468414307,0.4860000014305115,0.08340000361204147
YPL008W,YLR357W,1,-4.0125594,0.3686600923538208,0.4869999885559082,0.08340000361204147
YHR191C,YFR027W,1,-4.0135994,0.3691376745700836,0.4880000054836273,0.08340000361204147
YJR135C,YIR011C,1,-4.0136304,0.36961451172828674,0.48899999260902405,0.08340000361204147
YOR279C,YER087C-B,0,-4.0139523,0.3693353533744812,0.48899999260902405,0.08349999785423279
YKL022C,YIL132C,1,-4.013953,0.3698113262653351,0.49000000953674316,0.08349999785423279
YKL015W,YOR308C,0,-4.014146,0.36953243613243103,0.49000000953674316,0.0835999995470047
YMR311C,YJR068W,1,-4.0152097,0.37000754475593567,0.4909999966621399,0.0835999995470047
YKL189W,YDR145W,0,-4.015704,0.3697289228439331,0.4909999966621399,0.08370000123977661
YBL026W,YHR178W,0,-4.016226,0.36945071816444397,0.4909999966621399,0.08380000293254852
YHL019C,YBR215W,0,-4.016573,0.36917293071746826,0.4909999966621399,0.08389999717473984
YJR076C,YOR261C,0,-4.016736,0.368895560503006,0.4909999966621399,0.08399999886751175
YDR317W,YGL044C,0,-4.0168653,0.36861860752105713,0.4909999966621399,0.08410000056028366
YGL090W,YHR090C,0,-4.017014,0.3683420717716217,0.4909999966621399,0.08420000225305557
YDR362C,YKL166C,0,-4.0178523,0.3680659532546997,0.4909999966621399,0.08429999649524689
YDR488C,YIL153W,0,-4.020088,0.36779025197029114,0.4909999966621399,0.0843999981880188
YGR275W,YNL273W,1,-4.020772,0.36826348304748535,0.492000013589859,0.0843999981880188
YHR166C,YOR014W,1,-4.020845,0.3687359690666199,0.49300000071525574,0.0843999981880188
YOR216C,YIL138C,0,-4.0208554,0.36846038699150085,0.49300000071525574,0.08449999988079071
YDL003W,YOL094C,1,-4.021954,0.3689320385456085,0.49399998784065247,0.08449999988079071
YKL208W,YBR037C,0,-4.022108,0.368656724691391,0.49399998784065247,0.08460000157356262
YPL115C,YNL116W,0,-4.022188,0.3683817982673645,0.49399998784065247,0.08470000326633453
YOL069W,YBL079W,1,-4.024247,0.3688524663448334,0.4950000047683716,0.08470000326633453
YGL019W,YGL129C,0,-4.0265574,0.3685778081417084,0.4950000047683716,0.08479999750852585
YHR194W,YDR314C,0,-4.0265846,0.3683035671710968,0.4950000047683716,0.08489999920129776
YNL020C,YOL063C,0,-4.027408,0.36802974343299866,0.4950000047683716,0.08500000089406967
YCR002C,YNL330C,0,-4.027433,0.36775630712509155,0.4950000047683716,0.08510000258684158
YNR043W,YKR062W,0,-4.0274477,0.3674832880496979,0.4950000047683716,0.0851999968290329
YLR314C,YLR212C,0,-4.0278935,0.3672106862068176,0.4950000047683716,0.08529999852180481
YBR085W,YMR055C,0,-4.028241,0.3669384717941284,0.4950000047683716,0.08540000021457672
YIL037C,YLR025W,0,-4.02872,0.36666667461395264,0.4950000047683716,0.08550000190734863
YNL281W,YJL187C,0,-4.031568,0.3663952648639679,0.4950000047683716,0.08560000360012054
YHR163W,YMR089C,0,-4.031666,0.3661242723464966,0.4950000047683716,0.08569999784231186
YNL225C,YAL009W,0,-4.0326385,0.3658536672592163,0.4950000047683716,0.08579999953508377
YGR140W,YLR321C,1,-4.032813,0.36632201075553894,0.4959999918937683,0.08579999953508377
YGL061C,YOR381W,0,-4.033096,0.36605167388916016,0.4959999918937683,0.08590000122785568
YGR286C,YER093C,0,-4.033173,0.3657817244529724,0.4959999918937683,0.0860000029206276
YPL051W,YLR233C,0,-4.0340767,0.3655121624469757,0.4959999918937683,0.08609999716281891
YBR195C,YBR168W,0,-4.03409,0.36524301767349243,0.4959999918937683,0.08619999885559082
YGL093W,YDR320C,0,-4.0342803,0.3649742603302002,0.4959999918937683,0.08630000054836273
YOL023W,YDL087C,0,-4.0348988,0.364705890417099,0.4959999918937683,0.08640000224113464
YAL034W-A,YML085C,1,-4.034985,0.3651726543903351,0.4970000088214874,0.08640000224113464
YIL007C,YGL175C,0,-4.0355425,0.3649045526981354,0.4970000088214874,0.08649999648332596
YNL216W,YJL025W,0,-4.0362234,0.3646368384361267,0.4970000088214874,0.08659999817609787
YEL069C,YFR040W,0,-4.037743,0.3643695116043091,0.4970000088214874,0.08669999986886978
YKL135C,YNL280C,0,-4.038416,0.3641025722026825,0.4970000088214874,0.0868000015616417
YJR031C,YDL056W,0,-4.0384436,0.36383602023124695,0.4970000088214874,0.0869000032544136
YOR257W,YDR363W,0,-4.038853,0.36356985569000244,0.4970000088214874,0.08699999749660492
YML060W,YHR152W,0,-4.03918,0.36330410838127136,0.4970000088214874,0.08709999918937683
YDR331W,YOR172W,0,-4.03952,0.36303871870040894,0.4970000088214874,0.08720000088214874
YOR216C,YBR254C,0,-4.0406647,0.36277371644973755,0.4970000088214874,0.08730000257492065
YKL045W,YOR076C,0,-4.040798,0.3625091314315796,0.4970000088214874,0.08739999681711197
YLR011W,YKR055W,0,-4.041617,0.3622449040412903,0.4970000088214874,0.08749999850988388
YIL068C,YPL163C,0,-4.0429688,0.361981064081192,0.4970000088214874,0.08760000020265579
YLL001W,YNL053W,0,-4.0431976,0.3617176115512848,0.4970000088214874,0.0877000018954277
YPL036W,YMR175W,0,-4.043446,0.3614545464515686,0.4970000088214874,0.08780000358819962
YOL063C,YNL088W,0,-4.044791,0.36119186878204346,0.4970000088214874,0.08789999783039093
YLR381W,YOL006C,1,-4.0453873,0.3616557717323303,0.49799999594688416,0.08789999783039093
YNL116W,YDR146C,0,-4.045727,0.3613933324813843,0.49799999594688416,0.08799999952316284
YOR321W,YOR083W,0,-4.046237,0.3611312508583069,0.49799999594688416,0.08810000121593475
YKL092C,YDL190C,0,-4.047463,0.36086955666542053,0.49799999594688416,0.08820000290870667
YMR035W,YOL033W,0,-4.047872,0.3606082499027252,0.49799999594688416,0.08829999715089798
YLR329W,YDR477W,0,-4.0481787,0.36034733057022095,0.49799999594688416,0.08839999884366989
YMR048W,YFR031C,1,-4.048617,0.3608098328113556,0.49900001287460327,0.08839999884366989
YLR102C,YFR027W,1,-4.0489197,0.3612716794013977,0.5,0.08839999884366989
YEL061C,YFL008W,1,-4.0492663,0.3617328405380249,0.5009999871253967,0.08839999884366989
YPL082C,YBR060C,0,-4.050186,0.36147186160087585,0.5009999871253967,0.0885000005364418
YPL181W,YPL125W,0,-4.0515437,0.36121124029159546,0.5009999871253967,0.08860000222921371
YDR252W,YDR163W,0,-4.0518117,0.3609510064125061,0.5009999871253967,0.08869999647140503
YPL119C,YCL069W,0,-4.0518594,0.3606911301612854,0.5009999871253967,0.08879999816417694
YAL031C,YPR141C,1,-4.0520306,0.3611510694026947,0.5019999742507935,0.08879999816417694
YGR014W,YGR056W,0,-4.05206,0.3608914315700531,0.5019999742507935,0.08889999985694885
YGR275W,YHR014W,1,-4.0521674,0.36135056614875793,0.503000020980835,0.08889999985694885
YDR437W,YBL041W,0,-4.0522985,0.36109116673469543,0.503000020980835,0.08900000154972076
YIL026C,YER147C,1,-4.0536156,0.3615494966506958,0.5040000081062317,0.08900000154972076
YLL006W,YCR018C,0,-4.0540466,0.3612903356552124,0.5040000081062317,0.08910000324249268
YOL067C,YIL039W,0,-4.05554,0.36103153228759766,0.5040000081062317,0.08919999748468399
YNR044W,YBR131W,0,-4.0556192,0.36077308654785156,0.5040000081062317,0.0892999991774559
YGR158C,YHR154W,0,-4.0558214,0.3605150282382965,0.5040000081062317,0.08940000087022781
YHR191C,YGR089W,1,-4.056414,0.360972136259079,0.5049999952316284,0.08940000087022781
YKR095W,YKL025C,0,-4.0565906,0.36071428656578064,0.5049999952316284,0.08950000256299973
YJL198W,YPL192C,0,-4.059119,0.36045682430267334,0.5049999952316284,0.08959999680519104
YLL031C,YIL109C,0,-4.061409,0.3601997196674347,0.5049999952316284,0.08969999849796295
YIR023W,YLR233C,0,-4.0621448,0.3599429726600647,0.5049999952316284,0.08980000019073486
YMR065W,YDL033C,0,-4.0624886,0.35968661308288574,0.5049999952316284,0.08990000188350677
YFL055W,YNR043W,0,-4.0634475,0.35943061113357544,0.5049999952316284,0.09000000357627869
YGL021W,YPR019W,0,-4.064066,0.3591749668121338,0.5049999952316284,0.09009999781847
YBR107C,YAR018C,1,-4.0643935,0.35963040590286255,0.5059999823570251,0.09009999781847
YNR010W,YMR048W,1,-4.064799,0.36008521914482117,0.5070000290870667,0.09009999781847
YLL001W,YNL197C,0,-4.0649667,0.3598296642303467,0.5070000290870667,0.09019999951124191
YOR058C,YOR001W,0,-4.065251,0.35957446694374084,0.5070000290870667,0.09030000120401382
YLR361C,YMR218C,0,-4.065416,0.35931962728500366,0.5070000290870667,0.09040000289678574
YHR119W,YOL125W,0,-4.0654335,0.35906514525413513,0.5070000290870667,0.09049999713897705
YML104C,YDL116W,0,-4.0666237,0.35881105065345764,0.5070000290870667,0.09059999883174896
YCR014C,YJL036W,0,-4.0683827,0.3585572838783264,0.5070000290870667,0.09070000052452087
YOL077W-A,YNL142W,0,-4.0683975,0.35830387473106384,0.5070000290870667,0.09080000221729279
YKL048C,YOR320C,0,-4.06847,0.3580508530139923,0.5070000290870667,0.0908999964594841
YMR145C,YOR266W,0,-4.069813,0.35779815912246704,0.5070000290870667,0.09099999815225601
YAL022C,YPR081C,0,-4.071287,0.3575458526611328,0.5070000290870667,0.09109999984502792
YGL168W,YPR178W,0,-4.073106,0.35729387402534485,0.5070000290870667,0.09120000153779984
YDR295C,YML011C,0,-4.074239,0.35704225301742554,0.5070000290870667,0.09130000323057175
YJL024C,YGR072W,0,-4.074342,0.3567909896373749,0.5070000290870667,0.09139999747276306
YPL242C,YNR048W,0,-4.0761757,0.35654008388519287,0.5070000290870667,0.09149999916553497
YDR276C,YOR313C,0,-4.0765457,0.3562895357608795,0.5070000290870667,0.09160000085830688
YOR232W,YHR167W,0,-4.0766582,0.3560393154621124,0.5070000290870667,0.0917000025510788
YDL115C,YCL001W,0,-4.077832,0.3557894825935364,0.5070000290870667,0.09179999679327011
YGR029W,YHR059W,0,-4.0780473,0.3555399775505066,0.5070000290870667,0.09189999848604202
YOL063C,YDR394W,0,-4.0785694,0.35529083013534546,0.5070000290870667,0.09200000017881393
YDR017C,YBL034C,0,-4.0790653,0.3550420105457306,0.5070000290870667,0.09210000187158585
YMR125W,YGL169W,0,-4.0806513,0.3547935485839844,0.5070000290870667,0.09220000356435776
YOL060C,YDR460W,0,-4.0814176,0.3545454442501068,0.5070000290870667,0.09229999780654907
YLR314C,YOR195W,0,-4.081505,0.3542976975440979,0.5070000290870667,0.09239999949932098
YMR255W,YDR240C,0,-4.0815516,0.35405027866363525,0.5070000290870667,0.0925000011920929
YPR046W,YBL079W,1,-4.083598,0.35450103878974915,0.5080000162124634,0.0925000011920929
YJR089W,YOL006C,1,-4.0838485,0.3549511730670929,0.5090000033378601,0.0925000011920929
YHR107C,YPR072W,0,-4.086377,0.3547038435935974,0.5090000033378601,0.09260000288486481
YER016W,YIL026C,1,-4.0870504,0.3551532030105591,0.5099999904632568,0.09260000288486481
YBR038W,YDR486C,0,-4.087656,0.3549060523509979,0.5099999904632568,0.09269999712705612
YLR314C,YPL036W,0,-4.0881796,0.3546592593193054,0.5099999904632568,0.09279999881982803
YNL323W,YBL025W,0,-4.0884075,0.3544127941131592,0.5099999904632568,0.09290000051259995
YOL069W,YMR076C,1,-4.0890093,0.3548611104488373,0.5109999775886536,0.09290000051259995
YBR168W,YNL334C,0,-4.089017,0.35461485385894775,0.5109999775886536,0.09300000220537186
YDL115C,YHR150W,0,-4.089201,0.3543689250946045,0.5109999775886536,0.09309999644756317
YNL172W,YBL097W,1,-4.0898647,0.35481634736061096,0.5120000243186951,0.09309999644756317
YBL026W,YHR167W,0,-4.0904284,0.3545706272125244,0.5120000243186951,0.09319999814033508
YLR127C,YPL200W,1,-4.0911555,0.3550173044204712,0.5130000114440918,0.09319999814033508
YKL220C,YKR050W,0,-4.0918345,0.35477179288864136,0.5130000114440918,0.093299999833107
YML062C,YER104W,0,-4.0923963,0.3545266091823578,0.5130000114440918,0.0934000015258789
YBR073W,YBR156C,1,-4.092616,0.35497236251831055,0.5139999985694885,0.0934000015258789
YLR067C,YLR141W,0,-4.0937266,0.3547273874282837,0.5139999985694885,0.09350000321865082
YPL047W,YOL125W,0,-4.0946293,0.3544827699661255,0.5139999985694885,0.09359999746084213
YMR220W,YNL333W,0,-4.0954924,0.35423845052719116,0.5139999985694885,0.09369999915361404
YNL225C,YEL020W-A,0,-4.0959406,0.3539944887161255,0.5139999985694885,0.09380000084638596
YNL259C,YPL159C,0,-4.096062,0.3537508547306061,0.5139999985694885,0.09390000253915787
YJL073W,YMR165C,0,-4.0976195,0.3535075783729553,0.5139999985694885,0.09399999678134918
YBL015W,YGL090W,0,-4.0978255,0.35326460003852844,0.5139999985694885,0.0940999984741211
YDR174W,YBR022W,0,-4.097904,0.3530219793319702,0.5139999985694885,0.094200000166893
YLR288C,YJR044C,0,-4.0980453,0.35277968645095825,0.5139999985694885,0.09430000185966492
YML008C,YNL323W,0,-4.098602,0.35253772139549255,0.5139999985694885,0.09440000355243683
YAL058W,YDR145W,0,-4.099119,0.3522960841655731,0.5139999985694885,0.09449999779462814
YGL116W,YIL132C,1,-4.0996146,0.35273972153663635,0.5149999856948853,0.09449999779462814
YGL061C,YOL003C,0,-4.100323,0.35249829292297363,0.5149999856948853,0.09459999948740005
YAL009W,YBR240C,0,-4.1014028,0.3522571921348572,0.5149999856948853,0.09470000118017197
YJL076W,YBL034C,0,-4.101407,0.352016419172287,0.5149999856948853,0.09480000287294388
YJL011C,YLR313C,0,-4.101716,0.3517759442329407,0.5149999856948853,0.09489999711513519
YPL051W,YLR423C,0,-4.1025457,0.351535826921463,0.5149999856948853,0.0949999988079071
YPR082C,YOL108C,0,-4.103618,0.3512960374355316,0.5149999856948853,0.09510000050067902
YNL261W,YPR086W,0,-4.103772,0.3510565757751465,0.5149999856948853,0.09520000219345093
YPL082C,YDL036C,0,-4.104219,0.3508174419403076,0.5149999856948853,0.09529999643564224
YBR211C,YLR321C,1,-4.1045885,0.35125935077667236,0.515999972820282,0.09529999643564224
YNL082W,YEL012W,0,-4.104943,0.3510203957557678,0.515999972820282,0.09539999812841415
YPL145C,YFL034C-B,0,-4.105127,0.35078176856040955,0.515999972820282,0.09549999982118607
YJL008C,YNL227C,0,-4.1051674,0.35054346919059753,0.515999972820282,0.09560000151395798
YGL240W,YBR073W,1,-4.1053944,0.3509843945503235,0.5170000195503235,0.09560000151395798
YHR129C,YNR059W,0,-4.105604,0.3507462739944458,0.5170000195503235,0.09570000320672989
YBR129C,YLR135W,0,-4.106366,0.3505084812641144,0.5170000195503235,0.0957999974489212
YKL130C,YDR407C,0,-4.106748,0.3502710163593292,0.5170000195503235,0.09589999914169312
YBL085W,YGL208W,0,-4.1092653,0.35003384947776794,0.5170000195503235,0.09600000083446503
YCL029C,YHR178W,0,-4.1095724,0.34979701042175293,0.5170000195503235,0.09610000252723694
YNL118C,YDL138W,0,-4.1104527,0.3495604991912842,0.5170000195503235,0.09619999676942825
YFR027W,YJR068W,1,-4.110977,0.3499999940395355,0.5180000066757202,0.09619999676942825
YMR026C,YPL133C,0,-4.112361,0.3497636616230011,0.5180000066757202,0.09629999846220016
YJL184W,YLR383W,0,-4.1125784,0.34952765703201294,0.5180000066757202,0.09640000015497208
YMR048W,YMR311C,1,-4.1127195,0.34996628761291504,0.5189999938011169,0.09640000015497208
YIL009C-A,YGL048C,0,-4.118368,0.3497304618358612,0.5189999938011169,0.09650000184774399
YNL051W,YMR005W,0,-4.118798,0.34949496388435364,0.5189999938011169,0.0966000035405159
YPL040C,YPR031W,0,-4.1190605,0.34925976395606995,0.5189999938011169,0.09669999778270721
YPR019W,YGL163C,0,-4.1192203,0.3490248918533325,0.5189999938011169,0.09679999947547913
YDR244W,YPR107C,0,-4.119256,0.34879031777381897,0.5189999938011169,0.09690000116825104
YEL061C,YHR191C,1,-4.1195555,0.3492276668548584,0.5199999809265137,0.09690000116825104
YNR026C,YLR372W,0,-4.119691,0.34899330139160156,0.5199999809265137,0.09700000286102295
YGL116W,YLR357W,1,-4.1206894,0.3494299054145813,0.5210000276565552,0.09700000286102295
YNL129W,YOR115C,0,-4.1207757,0.3491957187652588,0.5210000276565552,0.09709999710321426
YDR118W,YPR007C,1,-4.121168,0.3496316075325012,0.5220000147819519,0.09709999710321426
YBR133C,YHR077C,0,-4.1215324,0.34939759969711304,0.5220000147819519,0.09719999879598618
YER148W,YKR062W,0,-4.121575,0.34916388988494873,0.5220000147819519,0.09730000048875809
YJR131W,YNL317W,0,-4.121668,0.3489304780960083,0.5220000147819519,0.09740000218153
YLR088W,YMR112C,0,-4.1221476,0.34869739413261414,0.5220000147819519,0.09749999642372131
YOL063C,YPL193W,0,-4.123647,0.34846460819244385,0.5220000147819519,0.09759999811649323
YGL240W,YFR031C,1,-4.124026,0.3488992750644684,0.5230000019073486,0.09759999811649323
YPR005C,YMR101C,0,-4.124624,0.3486666679382324,0.5230000019073486,0.09769999980926514
YPR200C,YGR109C,0,-4.124674,0.3484343886375427,0.5230000019073486,0.09780000150203705
YBL097W,YAL031C,1,-4.125426,0.34886816143989563,0.5239999890327454,0.09780000150203705
YOR275C,YDR484W,0,-4.1254473,0.34863606095314026,0.5239999890327454,0.09790000319480896
YJR084W,YOL012C,0,-4.126258,0.34840425848960876,0.5239999890327454,0.09799999743700027
YKL007W,YMR172W,0,-4.1295238,0.34817275404930115,0.5239999890327454,0.09809999912977219
YOL094C,YIL144W,1,-4.1295347,0.34860557317733765,0.5249999761581421,0.09809999912977219
YLR100W,YGR213C,0,-4.129613,0.34837424755096436,0.5249999761581421,0.0982000008225441
YLR005W,YER031C,0,-4.1297503,0.34814324975013733,0.5249999761581421,0.09830000251531601
YLR098C,YOR233W,0,-4.130683,0.3479125201702118,0.5249999761581421,0.09839999675750732
YGL216W,YOR372C,0,-4.131444,0.3476821184158325,0.5249999761581421,0.09849999845027924
YLR127C,YGR140W,1,-4.1322985,0.3481138348579407,0.5260000228881836,0.09849999845027924
YLR310C,YLR417W,0,-4.1324234,0.3478836119174957,0.5260000228881836,0.09860000014305115
YGL027C,YDL079C,0,-4.1329956,0.34765365719795227,0.5260000228881836,0.09870000183582306
YBR087W,YOL006C,1,-4.1331244,0.34808453917503357,0.5270000100135803,0.09870000183582306
YHR058C,YGR133W,0,-4.133162,0.3478547930717468,0.5270000100135803,0.09880000352859497
YBL046W,YDR189W,0,-4.133308,0.3476253151893616,0.5270000100135803,0.09889999777078629
YGR135W,YIL030C,0,-4.133341,0.3473961651325226,0.5270000100135803,0.0989999994635582
YGL135W,YER120W,0,-4.1335936,0.34716731309890747,0.5270000100135803,0.09910000115633011
YLR288C,YIL122W,0,-4.1338162,0.3469387888908386,0.5270000100135803,0.09920000284910202
YBR161W,YKL095W,0,-4.134411,0.34671053290367126,0.5270000100135803,0.09929999709129333
YIR011C,YOL006C,1,-4.136007,0.34714004397392273,0.527999997138977,0.09929999709129333
YNL291C,YOR081C,0,-4.136819,0.3469119668006897,0.527999997138977,0.09939999878406525
YJR089W,YBR156C,1,-4.136979,0.34734076261520386,0.5289999842643738,0.09939999878406525
YFL056C,YMR080C,0,-4.1377115,0.34711286425590515,0.5289999842643738,0.09950000047683716
YBR200W,YGL054C,0,-4.137819,0.34688523411750793,0.5289999842643738,0.09960000216960907
YOR250C,YPL139C,0,-4.138047,0.346657931804657,0.5289999842643738,0.09969999641180038
YPL096C-A,YIL008W,0,-4.138774,0.3464308977127075,0.5289999842643738,0.0997999981045723
YNR058W,YOR003W,0,-4.138903,0.3462041914463043,0.5289999842643738,0.09989999979734421
YDR191W,YLR447C,0,-4.1390095,0.3459777534008026,0.5289999842643738,0.10000000149011612
YNL288W,YPR189W,0,-4.139077,0.34575164318084717,0.5289999842643738,0.10010000318288803
YAL031C,YPR046W,1,-4.13912,0.34617897868156433,0.5299999713897705,0.10010000318288803
YAL042W,YAR031W,0,-4.139449,0.3459530174732208,0.5299999713897705,0.10019999742507935
YGR108W,YDL224C,0,-4.139688,0.3457273244857788,0.5299999713897705,0.10029999911785126
YGR109C,YOL128C,0,-4.139713,0.34550195932388306,0.5299999713897705,0.10040000081062317
YOR149C,YNL093W,0,-4.140765,0.3452768623828888,0.5299999713897705,0.10050000250339508
YFR008W,YLR385C,0,-4.140814,0.3450520932674408,0.5299999713897705,0.1005999967455864
YMR198W,YHR191C,1,-4.1415505,0.34547820687294006,0.531000018119812,0.1005999967455864
YBR278W,YGR002C,0,-4.141571,0.345253586769104,0.531000018119812,0.1006999984383583
YOR316C,YDR072C,0,-4.141965,0.34502923488616943,0.531000018119812,0.10080000013113022
YCR028C,YDL006W,0,-4.143074,0.34480518102645874,0.531000018119812,0.10090000182390213
YKR035W-A,YDR446W,0,-4.14328,0.3445814549922943,0.531000018119812,0.10100000351667404
YNL257C,YDL194W,0,-4.146186,0.344357967376709,0.531000018119812,0.10109999775886536
YFR031C,YIL126W,1,-4.1466093,0.34478288888931274,0.5320000052452087,0.10109999775886536
YLR381W,YJL019W,1,-4.14685,0.34520724415779114,0.5329999923706055,0.10109999775886536
YHL038C,YKR020W,0,-4.146906,0.3449838161468506,0.5329999923706055,0.10119999945163727
YKL205W,YDR311W,0,-4.147526,0.3447606861591339,0.5329999923706055,0.10130000114440918
YOR130C,YDR159W,0,-4.1477294,0.3445378243923187,0.5329999923706055,0.10140000283718109
YDR150W,YCR014C,0,-4.1479926,0.34431523084640503,0.5329999923706055,0.1014999970793724
YDR301W,YER174C,0,-4.148797,0.3440929651260376,0.5329999923706055,0.10159999877214432
YDL008W,YMR117C,1,-4.148847,0.3445161283016205,0.5339999794960022,0.10159999877214432
YCL016C,YER133W,1,-4.1493664,0.3449387550354004,0.5350000262260437,0.10159999877214432
YGR089W,YGR275W,1,-4.1494355,0.34536081552505493,0.5360000133514404,0.10159999877214432
YFR036W,YKR054C,1,-4.1505136,0.3457823693752289,0.5370000004768372,0.10159999877214432
YKR054C,YAL031C,1,-4.1509514,0.34620335698127747,0.5379999876022339,0.10159999877214432
YLL042C,YNL085W,0,-4.153504,0.345980703830719,0.5379999876022339,0.10170000046491623
YDR062W,YMR079W,0,-4.1535234,0.3457583487033844,0.5379999876022339,0.10180000215768814
YOR250C,YDR174W,0,-4.1536713,0.3455362915992737,0.5379999876022339,0.10189999639987946
YNL133C,YPR186C,0,-4.1558914,0.34531450271606445,0.5379999876022339,0.10199999809265137
YDL003W,YOR156C,1,-4.1562586,0.34573444724082947,0.5389999747276306,0.10199999809265137
YLR320W,YPR018W,0,-4.1564655,0.3455128073692322,0.5389999747276306,0.10209999978542328
YKR087C,YOR308C,0,-4.156534,0.34529146552085876,0.5389999747276306,0.10220000147819519
YOR032C,YDR359C,0,-4.1565714,0.34507042169570923,0.5389999747276306,0.1023000031709671
YPL200W,YDR180W,1,-4.156616,0.3454894423484802,0.5400000214576721,0.1023000031709671
YDR183W,YDR059C,0,-4.1566863,0.3452685475349426,0.5400000214576721,0.10239999741315842
YPR120C,YOR353C,0,-4.156823,0.3450479209423065,0.5400000214576721,0.10249999910593033
YPL115C,YJR147W,0,-4.1574974,0.3448275923728943,0.5400000214576721,0.10260000079870224
YDR317W,YHR150W,0,-4.1580725,0.34460753202438354,0.5400000214576721,0.10270000249147415
YGR002C,YIL138C,0,-4.1583347,0.3443877696990967,0.5400000214576721,0.10279999673366547
YPR093C,YER111C,0,-4.159307,0.3441682457923889,0.5400000214576721,0.10289999842643738
YDR118W,YLR321C,1,-4.1594033,0.34458598494529724,0.5410000085830688,0.10289999842643738
YMR145C,YOL125W,0,-4.159535,0.3443666398525238,0.5410000085830688,0.10300000011920929
YDR030C,YLR313C,0,-4.1606493,0.34414759278297424,0.5410000085830688,0.1031000018119812
YOL108C,YHR158C,0,-4.161375,0.3439287841320038,0.5410000085830688,0.10320000350475311
YBR211C,YNL299W,1,-4.161455,0.3443456292152405,0.5419999957084656,0.10320000350475311
YOR037W,YBL041W,0,-4.1614885,0.34412696957588196,0.5419999957084656,0.10329999774694443
YMR013C,YMR236W,0,-4.162326,0.3439086377620697,0.5419999957084656,0.10339999943971634
YNL251C,YDR004W,0,-4.1638026,0.34369054436683655,0.5419999957084656,0.10350000113248825
YOL017W,YIL139C,0,-4.163869,0.34347274899482727,0.5419999957084656,0.10360000282526016
YFR028C,YER065C,0,-4.164609,0.3432552218437195,0.5419999957084656,0.10369999706745148
YBR087W,YIR011C,1,-4.1656756,0.34367087483406067,0.5429999828338623,0.10369999706745148
YMR021C,YER005W,0,-4.165789,0.3434534966945648,0.5429999828338623,0.10379999876022339
YIL026C,YJR068W,1,-4.16661,0.34386852383613586,0.5440000295639038,0.10379999876022339
YMR238W,YFR013W,0,-4.166899,0.34365129470825195,0.5440000295639038,0.1039000004529953
YNL218W,YBL025W,0,-4.167081,0.34343433380126953,0.5440000295639038,0.10400000214576721
YFL008W,YHR014W,1,-4.167576,0.3438485860824585,0.5450000166893005,0.10400000214576721
YBL103C,YGL175C,0,-4.1686177,0.343631774187088,0.5450000166893005,0.10409999638795853
YOR018W,YBR254C,0,-4.1687655,0.3434152603149414,0.5450000166893005,0.10419999808073044
YDL120W,YKR053C,0,-4.1693387,0.3431989848613739,0.5450000166893005,0.10429999977350235
YOR330C,YIL042C,0,-4.1705723,0.3429830074310303,0.5450000166893005,0.10440000146627426
YPR046W,YML085C,1,-4.1708226,0.34339621663093567,0.5460000038146973,0.10440000146627426
YGR253C,YER173W,0,-4.170969,0.343180388212204,0.5460000038146973,0.10450000315904617
YDR279W,YNL236W,0,-4.171053,0.3429648280143738,0.5460000038146973,0.10459999740123749
YDR439W,YJR068W,1,-4.171604,0.3433772623538971,0.546999990940094,0.10459999740123749
YLR357W,YOL006C,1,-4.172347,0.3437892198562622,0.5479999780654907,0.10459999740123749
YJL053W,YOL044W,0,-4.172969,0.343573659658432,0.5479999780654907,0.1046999990940094
YMR078C,YCR077C,1,-4.173025,0.3439849615097046,0.5490000247955322,0.1046999990940094
YER133W,YDR439W,1,-4.1730514,0.3443957567214966,0.550000011920929,0.1046999990940094
YBR188C,YBL018C,0,-4.1740866,0.34418022632598877,0.550000011920929,0.10480000078678131
YNL080C,YLR138W,0,-4.1751223,0.34396496415138245,0.550000011920929,0.10490000247955322
YKL007W,YLR141W,0,-4.175264,0.34375,0.550000011920929,0.10499999672174454
YNL261W,YKR062W,0,-4.175747,0.34353530406951904,0.550000011920929,0.10509999841451645
YER030W,YKL220C,0,-4.1767683,0.3433208465576172,0.550000011920929,0.10520000010728836
YDL174C,YHR058C,0,-4.1769943,0.3431066870689392,0.550000011920929,0.10530000180006027
YOR298W,YOR327C,0,-4.1771207,0.34289276599884033,0.550000011920929,0.10540000349283218
YIL132C,YCR077C,1,-4.177186,0.3433021903038025,0.5509999990463257,0.10540000349283218
YIL132C,YPL137C,1,-4.177986,0.34371107816696167,0.5519999861717224,0.10540000349283218
YML103C,YLR430W,0,-4.178511,0.3434971868991852,0.5519999861717224,0.1054999977350235
YLR275W,YJL156C,0,-4.178854,0.34328359365463257,0.5519999861717224,0.10559999942779541
YGL119W,YOL063C,0,-4.17938,0.34307023882865906,0.5519999861717224,0.10570000112056732
YGR140W,YHR191C,1,-4.17976,0.343478262424469,0.5529999732971191,0.10570000112056732
YOR049C,YDL052C,0,-4.180053,0.3432650566101074,0.5529999732971191,0.10580000281333923
YPR057W,YJL127C,0,-4.181018,0.34305211901664734,0.5529999732971191,0.10589999705553055
YDR414C,YLR045C,0,-4.1819983,0.34283941984176636,0.5529999732971191,0.10599999874830246
YNR010W,YBR087W,1,-4.18245,0.34324657917022705,0.5540000200271606,0.10599999874830246
YNL236W,YGR047C,0,-4.183829,0.3430340588092804,0.5540000200271606,0.10610000044107437
YOR025W,YLR382C,0,-4.1840124,0.34282177686691284,0.5540000200271606,0.10620000213384628
YLR183C,YIL173W,0,-4.1847095,0.3426097631454468,0.5540000200271606,0.1062999963760376
YFR005C,YGL115W,0,-4.18498,0.3423980176448822,0.5540000200271606,0.10639999806880951
YDR512C,YMR255W,0,-4.1855917,0.3421865403652191,0.5540000200271606,0.10649999976158142
YPR081C,YDR082W,0,-4.186154,0.34197530150413513,0.5540000200271606,0.10660000145435333
YLL018C-A,YJR119C,0,-4.1876493,0.34176433086395264,0.5540000200271606,0.10670000314712524
YAL058W,YPR009W,0,-4.1877975,0.34155362844467163,0.5540000200271606,0.10679999738931656
YBR211C,YGR063C,1,-4.1901536,0.3419593274593353,0.5550000071525574,0.10679999738931656
YMR172W,YMR089C,0,-4.19022,0.34174877405166626,0.5550000071525574,0.10689999908208847
YDR004W,YPL057C,0,-4.1904078,0.3415384590625763,0.5550000071525574,0.10700000077486038
YCL032W,YLR262C,0,-4.1905136,0.3413284122943878,0.5550000071525574,0.1071000024676323
YPL235W,YDR346C,0,-4.191387,0.34111863374710083,0.5550000071525574,0.10719999670982361
YJR001W,YJR084W,0,-4.191412,0.34090909361839294,0.5550000071525574,0.10729999840259552
YAL007C,YNL117W,0,-4.192754,0.34069982171058655,0.5550000071525574,0.10740000009536743
YML085C,YDR325W,1,-4.192766,0.34110429883003235,0.5559999942779541,0.10740000009536743
YJL194W,YHR116W,0,-4.1934977,0.3408951461315155,0.5559999942779541,0.10750000178813934
YNL172W,YJL080C,1,-4.1938353,0.34129902720451355,0.5569999814033508,0.10750000178813934
YFL008W,YFL037W,1,-4.1939826,0.341702401638031,0.5580000281333923,0.10750000178813934
YIR033W,YOR321W,0,-4.19448,0.34149327874183655,0.5580000281333923,0.10760000348091125
YER008C,YLR442C,0,-4.196038,0.3412843942642212,0.5580000281333923,0.10769999772310257
YER146W,YCR092C,0,-4.1967173,0.3410758078098297,0.5580000281333923,0.10779999941587448
YIL132C,YNL299W,1,-4.196766,0.3414783179759979,0.5590000152587891,0.10779999941587448
YML092C,YOR068C,0,-4.1979923,0.341269850730896,0.5590000152587891,0.10790000110864639
YBR055C,YHR031C,0,-4.1981754,0.34106162190437317,0.5590000152587891,0.1080000028014183
YLR148W,YDR247W,0,-4.1986885,0.34085366129875183,0.5590000152587891,0.10809999704360962
YDR030C,YPR032W,0,-4.198991,0.3406459391117096,0.5590000152587891,0.10819999873638153
YPR111W,YOR359W,0,-4.1999655,0.34043848514556885,0.5590000152587891,0.10830000042915344
YPL010W,YPR165W,0,-4.201523,0.3402312695980072,0.5590000152587891,0.10840000212192535
YER009W,YLR378C,0,-4.201774,0.34002432227134705,0.5590000152587891,0.10849999636411667
YDR179C,YBR130C,0,-4.2018814,0.3398176431655884,0.5590000152587891,0.10859999805688858
YGL130W,YGL061C,0,-4.203034,0.3396111726760864,0.5590000152587891,0.10869999974966049
YAL051W,YOR308C,0,-4.204458,0.33940497040748596,0.5590000152587891,0.1088000014424324
YML059C,YDL230W,0,-4.2059994,0.339199036359787,0.5590000152587891,0.10890000313520432
YMR285C,YLR417W,0,-4.206243,0.3389933407306671,0.5590000152587891,0.10899999737739563
YPR175W,YPL053C,0,-4.2073708,0.33878788352012634,0.5590000152587891,0.10909999907016754
YOR112W,YKL064W,0,-4.2074285,0.3385826647281647,0.5590000152587891,0.10920000076293945
YOR005C,YGL095C,0,-4.208171,0.3383777141571045,0.5590000152587891,0.10930000245571136
YMR161W,YML058W,0,-4.208456,0.3381730318069458,0.5590000152587891,0.10939999669790268
YCR077C,YLR357W,1,-4.20965,0.338573157787323,0.5600000023841858,0.10939999669790268
YBL074C,YBL082C,0,-4.2106924,0.33836859464645386,0.5600000023841858,0.10949999839067459
YER183C,YLR183C,0,-4.2120495,0.33816424012184143,0.5600000023841858,0.1096000000834465
YNL029C,YBR195C,0,-4.2124643,0.3379601836204529,0.5600000023841858,0.10970000177621841
YKL179C,YKL079W,0,-4.2124767,0.33775633573532104,0.5600000023841858,0.10980000346899033
YPR185W,YOR195W,0,-4.2124777,0.3375527560710907,0.5600000023841858,0.10989999771118164
YDL069C,YGL246C,0,-4.2140656,0.33734938502311707,0.5600000023841858,0.10999999940395355
YFR021W,YAL022C,0,-4.2141194,0.3371463119983673,0.5600000023841858,0.11010000109672546
YJR052W,YOR213C,0,-4.2150235,0.33694344758987427,0.5600000023841858,0.11020000278949738
YFL060C,YBR081C,0,-4.2157736,0.3367408215999603,0.5600000023841858,0.11029999703168869
YJR013W,YGR213C,0,-4.2168603,0.3365384638309479,0.5600000023841858,0.1103999987244606
YGL116W,YDR318W,1,-4.217458,0.33693695068359375,0.5609999895095825,0.1103999987244606
YJL063C,YGR028W,0,-4.2174716,0.33673468232154846,0.5609999895095825,0.11050000041723251
YKR026C,YPR086W,0,-4.218952,0.33653268218040466,0.5609999895095825,0.11060000211000443
YPL255W,YER014C-A,0,-4.219267,0.33633092045783997,0.5609999895095825,0.11069999635219574
YOR249C,YBL097W,1,-4.2198315,0.336728572845459,0.5619999766349792,0.11069999635219574
YKL022C,YPL204W,1,-4.2201653,0.3371257483959198,0.5630000233650208,0.11069999635219574
YJL098W,YPL047W,0,-4.2202134,0.3369239866733551,0.5630000233650208,0.11079999804496765
YBR133C,YFR005C,0,-4.221339,0.3367224931716919,0.5630000233650208,0.11089999973773956
YER016W,YIL126W,1,-4.22139,0.3371189534664154,0.5640000104904175,0.11089999973773956
YKL049C,YJR135C,1,-4.222699,0.3375149369239807,0.5649999976158142,0.11089999973773956
YHR183W,YOR115C,0,-4.2230616,0.3373134434223175,0.5649999976158142,0.11100000143051147
YNL021W,YLR382C,0,-4.2242584,0.337112158536911,0.5649999976158142,0.11110000312328339
YBL097W,YIR011C,1,-4.2249613,0.3375074565410614,0.5659999847412109,0.11110000312328339
YEL003W,YLR107W,0,-4.225067,0.33730632066726685,0.5659999847412109,0.1111999973654747
YLR268W,YML001W,0,-4.2256045,0.3371054232120514,0.5659999847412109,0.11129999905824661
YOR074C,YMR204C,0,-4.2261715,0.33690476417541504,0.5659999847412109,0.11140000075101852
YOR123C,YJR004C,0,-4.226873,0.3367043435573578,0.5659999847412109,0.11150000244379044
YHL038C,YOR117W,0,-4.2272196,0.33650416135787964,0.5659999847412109,0.11159999668598175
YJR094C,YJR052W,0,-4.2279253,0.3363042175769806,0.5659999847412109,0.11169999837875366
YJR135C,YML124C,1,-4.2295914,0.3366983234882355,0.5669999718666077,0.11169999837875366
YOL135C,YKL064W,0,-4.231244,0.33649852871894836,0.5669999718666077,0.11180000007152557
YNR067C,YHR172W,0,-4.231911,0.33629894256591797,0.5669999718666077,0.11190000176429749
YDR208W,YDR323C,0,-4.2321606,0.3360995948314667,0.5669999718666077,0.1120000034570694
YDR295C,YER154W,0,-4.2330403,0.3359004855155945,0.5669999718666077,0.11209999769926071
YJL090C,YLL004W,0,-4.2338543,0.335701584815979,0.5669999718666077,0.11219999939203262
YKL046C,YMR052W,0,-4.2341175,0.335502952337265,0.5669999718666077,0.11230000108480453
YNL148C,YLR148W,0,-4.2343225,0.3353045582771301,0.5669999718666077,0.11240000277757645
YNR074C,YPR199C,0,-4.235423,0.33510637283325195,0.5669999718666077,0.11249999701976776
YIR022W,YHL009C,0,-4.236863,0.33490845561027527,0.5669999718666077,0.11259999871253967
YJR160C,YHR172W,0,-4.237649,0.3347107470035553,0.5669999718666077,0.11270000040531158
YDR481C,YPL214C,0,-4.238556,0.33451327681541443,0.5669999718666077,0.1128000020980835
YPR168W,YHR041C,0,-4.238696,0.33431604504585266,0.5669999718666077,0.11289999634027481
YJL062W,YOL143C,0,-4.2394223,0.3341190218925476,0.5669999718666077,0.11299999803304672
YEL061C,YIL126W,1,-4.2398415,0.3345111906528473,0.5680000185966492,0.11299999803304672
YDR490C,YMR179W,0,-4.240436,0.3343143165111542,0.5680000185966492,0.11309999972581863
YGL115W,YCL005W-A,0,-4.2407484,0.3341176509857178,0.5680000185966492,0.11320000141859055
YFL024C,YNL325C,0,-4.241332,0.3339212238788605,0.5680000185966492,0.11330000311136246
YCR038C,YNL093W,0,-4.2417717,0.3337250351905823,0.5680000185966492,0.11339999735355377
YJR089W,YJR060W,1,-4.2422156,0.33411628007888794,0.5690000057220459,0.11339999735355377
YOL078W,YDR295C,0,-4.243376,0.3339201807975769,0.5690000057220459,0.11349999904632568
YPL137C,YOR156C,1,-4.2447596,0.3343108594417572,0.5699999928474426,0.11349999904632568
YGL094C,YLR105C,0,-4.245138,0.3341148793697357,0.5699999928474426,0.1136000007390976
YOR290C,YGR047C,0,-4.2464595,0.3339191675186157,0.5699999928474426,0.1137000024318695
YNL219C,YKR027W,0,-4.246956,0.33372366428375244,0.5699999928474426,0.11379999667406082
YGL192W,YAL010C,0,-4.2473392,0.3335283696651459,0.5699999928474426,0.11389999836683273
YGL130W,YLR045C,0,-4.2473803,0.3333333432674408,0.5699999928474426,0.11400000005960464
YNL225C,YGR229C,0,-4.2479954,0.33313852548599243,0.5699999928474426,0.11410000175237656
YPL204W,YAR018C,1,-4.2480288,0.3335280418395996,0.5709999799728394,0.11410000175237656
YNL116W,YKL166C,0,-4.248243,0.3333333432674408,0.5709999799728394,0.11420000344514847
YGL212W,YLR130C,0,-4.248722,0.3331388533115387,0.5709999799728394,0.11429999768733978
YML121W,YDR285W,0,-4.2488713,0.3329446017742157,0.5709999799728394,0.1143999993801117
YIL079C,YGL243W,0,-4.2495255,0.3327505886554718,0.5709999799728394,0.1145000010728836
YLL031C,YOR308C,0,-4.2502675,0.3325567841529846,0.5709999799728394,0.11460000276565552
YFR013W,YNR043W,0,-4.250853,0.33236321806907654,0.5709999799728394,0.11469999700784683
YJR135C,YBR073W,1,-4.2517,0.332751601934433,0.5720000267028809,0.11469999700784683
YER007W,YOR327C,0,-4.251975,0.33255812525749207,0.5720000267028809,0.11479999870061874
YNL328C,YHR012W,0,-4.2523766,0.33236491680145264,0.5720000267028809,0.11490000039339066
YHR023W,YOR359W,0,-4.2526355,0.33217188715934753,0.5720000267028809,0.11500000208616257
YBR233W-A,YOL101C,0,-4.252927,0.33197909593582153,0.5720000267028809,0.11509999632835388
YBR065C,YNL068C,0,-4.253051,0.33178654313087463,0.5720000267028809,0.1151999980211258
YOR315W,YLR262C,0,-4.2532682,0.33159419894218445,0.5720000267028809,0.1152999997138977
YLR067C,YOL003C,0,-4.254034,0.33140209317207336,0.5720000267028809,0.11540000140666962
YJL080C,YML085C,1,-4.254663,0.3317892253398895,0.5730000138282776,0.11540000140666962
YJL006C,YKL095W,0,-4.2551107,0.3315972089767456,0.5730000138282776,0.11550000309944153
YPR193C,YGL073W,0,-4.255446,0.3314054310321808,0.5730000138282776,0.11559999734163284
YBR042C,YBL052C,0,-4.2565026,0.3312138617038727,0.5730000138282776,0.11569999903440475
YPR128C,YGL180W,0,-4.256673,0.3310225307941437,0.5730000138282776,0.11580000072717667
YDR309C,YCL061C,0,-4.2572308,0.3308314085006714,0.5730000138282776,0.11590000241994858
YMR021C,YJL112W,0,-4.2577286,0.3306404948234558,0.5730000138282776,0.11599999666213989
YMR168C,YKL148C,0,-4.2581797,0.33044981956481934,0.5730000138282776,0.1160999983549118
YGL033W,YOR025W,0,-4.2584777,0.3302593529224396,0.5730000138282776,0.11620000004768372
YOL065C,YER162C,0,-4.25884,0.3300691246986389,0.5730000138282776,0.11630000174045563
YDR527W,YLR275W,0,-4.258856,0.32987910509109497,0.5730000138282776,0.11640000343322754
YFR027W,YBR087W,1,-4.259322,0.3302646577358246,0.5740000009536743,0.11640000343322754
YPL048W,YOR068C,0,-4.259451,0.3300747573375702,0.5740000009536743,0.11649999767541885
YDR009W,YLR148W,0,-4.260433,0.3298850655555725,0.5740000009536743,0.11659999936819077
YLL009C,YCR020C-A,0,-4.260686,0.32969558238983154,0.5740000009536743,0.11670000106096268
YPL174C,YGR059W,0,-4.260723,0.3295063078403473,0.5740000009536743,0.11680000275373459
YGR179C,YMR076C,1,-4.261579,0.32989099621772766,0.574999988079071,0.11680000275373459
YGL190C,YBL052C,0,-4.261693,0.32970184087753296,0.574999988079071,0.1168999969959259
YDR118W,YJL019W,1,-4.2623506,0.33008596301078796,0.5759999752044678,0.1168999969959259
YOR249C,YMR311C,1,-4.2623525,0.33046963810920715,0.5770000219345093,0.1168999969959259
YJL178C,YNL053W,0,-4.2625813,0.33028048276901245,0.5770000219345093,0.11699999868869781
YGR101W,YHR172W,0,-4.2631783,0.33009153604507446,0.5770000219345093,0.11710000038146973
YMR168C,YHR158C,0,-4.263665,0.3299027979373932,0.5770000219345093,0.11720000207424164
YDR459C,YDR460W,0,-4.2637506,0.329714298248291,0.5770000219345093,0.11729999631643295
YBL020W,YML097C,0,-4.2639256,0.32952597737312317,0.5770000219345093,0.11739999800920486
YOL051W,YJL036W,0,-4.265126,0.3293378949165344,0.5770000219345093,0.11749999970197678
YJR060W,YFL008W,1,-4.2662883,0.32972046732902527,0.578000009059906,0.11749999970197678
YGR188C,YJR040W,0,-4.2667804,0.3295325040817261,0.578000009059906,0.11760000139474869
YPL032C,YMR218C,0,-4.266913,0.3293447196483612,0.578000009059906,0.1177000030875206
YDR289C,YDR486C,0,-4.268034,0.32915717363357544,0.578000009059906,0.11779999732971191
YGL168W,YIL110W,0,-4.268898,0.3289698362350464,0.578000009059906,0.11789999902248383
YFL055W,YFL059W,0,-4.2689137,0.32878270745277405,0.578000009059906,0.11800000071525574
YMR275C,YDR146C,0,-4.2690554,0.3285957872867584,0.578000009059906,0.11810000240802765
YDR147W,YMR013C,0,-4.2691307,0.3284091055393219,0.578000009059906,0.11819999665021896
YDR517W,YKR085C,0,-4.269233,0.3282226026058197,0.578000009059906,0.11829999834299088
YNR074C,YOL001W,0,-4.270192,0.3280363082885742,0.578000009059906,0.11840000003576279
YDL194W,YJL192C,0,-4.270526,0.32785025238990784,0.578000009059906,0.1185000017285347
YPL076W,YMR013C,0,-4.2707033,0.32766440510749817,0.578000009059906,0.11860000342130661
YMR277W,YCL066W,0,-4.2708826,0.3274787664413452,0.578000009059906,0.11869999766349792
YOR147W,YGR156W,0,-4.271577,0.3272933065891266,0.578000009059906,0.11879999935626984
YJL091C,YGR094W,0,-4.272156,0.32710808515548706,0.578000009059906,0.11890000104904175
YDL102W,YDR437W,0,-4.272313,0.32692307233810425,0.578000009059906,0.11900000274181366
YDL190C,YJL154C,0,-4.272366,0.32673826813697815,0.578000009059906,0.11909999698400497
YHR086W,YEL050C,0,-4.2726593,0.32655367255210876,0.578000009059906,0.11919999867677689
YCR086W,YJR068W,1,-4.273641,0.32693395018577576,0.5789999961853027,0.11919999867677689
YFR051C,YMR214W,0,-4.273937,0.32674944400787354,0.5789999961853027,0.1193000003695488
YJL050W,YDR159W,0,-4.274033,0.326565146446228,0.5789999961853027,0.11940000206232071
YPL204W,YAL034W-A,1,-4.274708,0.3269447684288025,0.5799999833106995,0.11940000206232071
YDL245C,YNL261W,0,-4.274768,0.32676056027412415,0.5799999833106995,0.11949999630451202
YMR190C,YFR031C,1,-4.275171,0.32713964581489563,0.5809999704360962,0.11949999630451202
YPR055W,YBR077C,0,-4.275504,0.32695555686950684,0.5809999704360962,0.11959999799728394
YNL039W,YNL023C,0,-4.2755647,0.32677164673805237,0.5809999704360962,0.11969999969005585
YDR141C,YJL112W,0,-4.276067,0.326587975025177,0.5809999704360962,0.11980000138282776
YBR237W,YKL125W,0,-4.276363,0.32640448212623596,0.5809999704360962,0.11990000307559967
YGL066W,YKR072C,0,-4.276702,0.326221227645874,0.5809999704360962,0.11999999731779099
YDR176W,YGL006W,0,-4.276725,0.3260381519794464,0.5809999704360962,0.1200999990105629
YGL183C,YOR117W,0,-4.2770915,0.3258553147315979,0.5809999704360962,0.12020000070333481
YJR132W,YML064C,0,-4.277316,0.3256726562976837,0.5809999704360962,0.12030000239610672
YGR275W,YML124C,1,-4.277605,0.32605043053627014,0.5820000171661377,0.12030000239610672
YLR163C,YML109W,0,-4.277623,0.3258678615093231,0.5820000171661377,0.12039999663829803
YFL034C-B,YMR137C,0,-4.2776475,0.3256855010986328,0.5820000171661377,0.12049999833106995
YOR067C,YNL090W,0,-4.277917,0.3255033493041992,0.5820000171661377,0.12060000002384186
YJL019W,YNL273W,1,-4.278517,0.32588037848472595,0.5830000042915344,0.12060000002384186
YDR141C,YJR031C,0,-4.2794456,0.3256983160972595,0.5830000042915344,0.12070000171661377
YKR022C,YPL122C,0,-4.2800083,0.3255164623260498,0.5830000042915344,0.12080000340938568
YFR036W,YJR068W,1,-4.281116,0.3258928656578064,0.5839999914169312,0.12080000340938568
YPR112C,YOR195W,0,-4.2823067,0.32571110129356384,0.5839999914169312,0.120899997651577
YLR310C,YKL048C,0,-4.2823305,0.325529545545578,0.5839999914169312,0.12099999934434891
YOL077W-A,YGR227W,0,-4.282704,0.3253481984138489,0.5839999914169312,0.12110000103712082
YDR524C,YMR016C,0,-4.282754,0.3251670300960541,0.5839999914169312,0.12120000272989273
YJL076W,YNL287W,0,-4.2829213,0.3249861001968384,0.5839999914169312,0.12129999697208405
YPL194W,YKR009C,0,-4.284176,0.324805349111557,0.5839999914169312,0.12139999866485596
YDL115C,YOR194C,0,-4.284478,0.32462477684020996,0.5839999914169312,0.12150000035762787
YDR478W,YDR260C,0,-4.2847433,0.324444442987442,0.5839999914169312,0.12160000205039978
YBR109C,YDR141C,0,-4.285239,0.3242642879486084,0.5839999914169312,0.1216999962925911
YDR419W,YMR125W,0,-4.2858257,0.3240843415260315,0.5839999914169312,0.121799997985363
YPL051W,YCR089W,0,-4.2859583,0.3239046037197113,0.5839999914169312,0.12189999967813492
YJL186W,YMR026C,0,-4.286772,0.32372504472732544,0.5839999914169312,0.12200000137090683
YIL132C,YDR439W,1,-4.286891,0.32409971952438354,0.5849999785423279,0.12200000137090683
YLR133W,YOL009C,0,-4.286916,0.32392027974128723,0.5849999785423279,0.12210000306367874
YPR023C,YKL017C,0,-4.2877526,0.32374101877212524,0.5849999785423279,0.12219999730587006
YDR524C,YPR055W,0,-4.288002,0.3235619366168976,0.5849999785423279,0.12229999899864197
YLR069C,YGR028W,0,-4.288536,0.323383092880249,0.5849999785423279,0.12240000069141388
YIL004C,YAL017W,0,-4.2903976,0.3232044279575348,0.5849999785423279,0.12250000238418579
YHR058C,YJR102C,0,-4.2907515,0.3230259418487549,0.5849999785423279,0.1225999966263771
YDR488C,YDL033C,0,-4.291605,0.3228476941585541,0.5849999785423279,0.12269999831914902
YDR162C,YJL047C,0,-4.291643,0.3226695954799652,0.5849999785423279,0.12280000001192093
YBR211C,YDR318W,1,-4.2918243,0.32304298877716064,0.5860000252723694,0.12280000001192093
YOR188W,YMR218C,0,-4.2918844,0.32286500930786133,0.5860000252723694,0.12290000170469284
YJL024C,YCR002C,0,-4.292718,0.3226872384548187,0.5860000252723694,0.12300000339746475
YNL020C,YMR052W,0,-4.2930193,0.32250961661338806,0.5860000252723694,0.12309999763965607
YLR079W,YLR385C,0,-4.2930346,0.3223322331905365,0.5860000252723694,0.12319999933242798
YDL106C,YDR166C,0,-4.2937202,0.32215502858161926,0.5860000252723694,0.12330000102519989
YOR150W,YKR022C,0,-4.2938514,0.32197803258895874,0.5860000252723694,0.1234000027179718
YIL131C,YGL025C,0,-4.294116,0.32180121541023254,0.5860000252723694,0.12349999696016312
YKR095W-A,YHR012W,0,-4.2944603,0.3216245770454407,0.5860000252723694,0.12359999865293503
YBR243C,YPL096C-A,0,-4.294549,0.3214481770992279,0.5860000252723694,0.12370000034570694
YDR420W,YPL235W,0,-4.294642,0.3212719261646271,0.5860000252723694,0.12380000203847885
YLR106C,YOR308C,0,-4.2955184,0.32109588384628296,0.5860000252723694,0.12389999628067017
YMR168C,YDR135C,0,-4.2957883,0.32092005014419556,0.5860000252723694,0.12399999797344208
YDR179C,YCR098C,0,-4.2962313,0.3207443952560425,0.5860000252723694,0.12409999966621399
YPR171W,YDR459C,0,-4.298159,0.32056891918182373,0.5860000252723694,0.1242000013589859
YPL204W,YOR073W,1,-4.2991133,0.32094040513038635,0.5870000123977661,0.1242000013589859
YNL328C,YIL149C,0,-4.3003163,0.32076501846313477,0.5870000123977661,0.12430000305175781
YBL056W,YGL049C,0,-4.300892,0.3205898404121399,0.5870000123977661,0.12439999729394913
YLR102C,YER016W,1,-4.3013425,0.3209607005119324,0.5879999995231628,0.12439999729394913
YNR074C,YNL330C,0,-4.3016047,0.32078561186790466,0.5879999995231628,0.12449999898672104
YOR381W,YJL179W,0,-4.3024583,0.3206106722354889,0.5879999995231628,0.12460000067949295
YCL016C,YKL193C,1,-4.302763,0.3209809362888336,0.5889999866485596,0.12460000067949295
YFR036W,YBR107C,1,-4.303093,0.32135075330734253,0.5899999737739563,0.12460000067949295
YDR264C,YDR323C,0,-4.3035107,0.32117584347724915,0.5899999737739563,0.12470000237226486
YER109C,YJL117W,0,-4.3045254,0.3210010826587677,0.5899999737739563,0.12479999661445618
YGL129C,YDR218C,0,-4.30497,0.32082653045654297,0.5899999737739563,0.12489999830722809
YOR388C,YKR001C,0,-4.305147,0.32065218687057495,0.5899999737739563,0.125
YDR301W,YBR088C,0,-4.3055134,0.32047799229621887,0.5899999737739563,0.1251000016927719
YDR303C,YNL246W,0,-4.305563,0.3203040063381195,0.5899999737739563,0.12520000338554382
YFR036W,YJL019W,1,-4.3076873,0.32067281007766724,0.5910000205039978,0.12520000338554382
YNR043W,YHR070W,0,-4.308143,0.32049891352653503,0.5910000205039978,0.12530000507831573
YNR010W,YGL240W,1,-4.3082266,0.3208672106266022,0.5920000076293945,0.12530000507831573
YNR074C,YKR020W,0,-4.308354,0.32069340348243713,0.5920000076293945,0.12540000677108765
YJL196C,YOR162C,0,-4.3086567,0.3205197751522064,0.5920000076293945,0.12549999356269836
YPL255W,YJL146W,0,-4.308893,0.32034632563591003,0.5920000076293945,0.12559999525547028
YPL174C,YLR447C,0,-4.309249,0.320173054933548,0.5920000076293945,0.1256999969482422
YKL135C,YGL143C,0,-4.309808,0.3199999928474426,0.5920000076293945,0.1257999986410141
YBR211C,YDR180W,1,-4.3099375,0.32036736607551575,0.5929999947547913,0.1257999986410141
YOR014W,YML085C,1,-4.310193,0.3207343518733978,0.593999981880188,0.1257999986410141
YML011C,YIL147C,0,-4.3106165,0.3205612599849701,0.593999981880188,0.125900000333786
YLL042C,YOL008W,0,-4.311697,0.3203883469104767,0.593999981880188,0.12600000202655792
YGR036C,YDR150W,0,-4.3117886,0.32021564245224,0.593999981880188,0.12610000371932983
YAL011W,YGR274C,0,-4.3124228,0.3200431168079376,0.593999981880188,0.12620000541210175
YBR168W,YNL330C,0,-4.3130026,0.3198707699775696,0.593999981880188,0.12630000710487366
YER016W,YGR275W,1,-4.31351,0.32023680210113525,0.5950000286102295,0.12630000710487366
YKL017C,YOR232W,0,-4.314416,0.3200645446777344,0.5950000286102295,0.12639999389648438
YOR381W,YMR293C,0,-4.314502,0.3198924660682678,0.5950000286102295,0.1264999955892563
YNL003C,YBR081C,0,-4.3145823,0.3197205662727356,0.5950000286102295,0.1265999972820282
YBL047C,YGR048W,0,-4.314827,0.3195488750934601,0.5950000286102295,0.1266999989748001
YGL044C,YML052W,0,-4.3150997,0.3193773627281189,0.5950000286102295,0.12680000066757202
YHR191C,YNL273W,1,-4.315226,0.31974250078201294,0.5960000157356262,0.12680000066757202
YOR249C,YKL193C,1,-4.3160496,0.32010725140571594,0.597000002861023,0.12680000066757202
YLR088W,YJR043C,0,-4.316248,0.31993567943573,0.597000002861023,0.12690000236034393
YDR113C,YIL144W,1,-4.3163295,0.3202999532222748,0.5979999899864197,0.12690000236034393
YPR083W,YGR004W,0,-4.3166428,0.320128470659256,0.5979999899864197,0.12700000405311584
YKL042W,YPL032C,0,-4.316645,0.3199571967124939,0.5979999899864197,0.12710000574588776
YNL227C,YKL122C,0,-4.3176274,0.31978610157966614,0.5979999899864197,0.12720000743865967
YDR424C,YJR019C,0,-4.318462,0.3196151852607727,0.5979999899864197,0.12729999423027039
YGL155W,YGR099W,0,-4.3190637,0.3194444477558136,0.5979999899864197,0.1273999959230423
YAL020C,YPL096C-A,0,-4.3202925,0.3192738890647888,0.5979999899864197,0.1274999976158142
YKL179C,YGL249W,0,-4.3203487,0.31910350918769836,0.5979999899864197,0.12759999930858612
YDL008W,YJL019W,1,-4.320973,0.3194666802883148,0.5989999771118164,0.12759999930858612
YBR215W,YPL029W,0,-4.3209863,0.31929638981819153,0.5989999771118164,0.12770000100135803
YDR130C,YOL006C,1,-4.321216,0.319659024477005,0.6000000238418579,0.12770000100135803
YDL245C,YDR359C,0,-4.322128,0.3194888234138489,0.6000000238418579,0.12780000269412994
YBR211C,YJL019W,1,-4.323226,0.31985098123550415,0.6010000109672546,0.12780000269412994
YPL096W,YER087C-B,0,-4.323439,0.3196808397769928,0.6010000109672546,0.12790000438690186
YGR010W,YKL095W,0,-4.3238006,0.31951090693473816,0.6010000109672546,0.12800000607967377
YJL110C,YOL072W,0,-4.324811,0.31934112310409546,0.6010000109672546,0.12809999287128448
YGR179C,YPR007C,1,-4.3249855,0.3197025954723358,0.6019999980926514,0.12809999287128448
YKL112W,YHR023W,0,-4.3258543,0.3195329010486603,0.6019999980926514,0.1281999945640564
YIL150C,YGL213C,0,-4.325893,0.31936338543891907,0.6019999980926514,0.1282999962568283
YDR524C,YDR499W,0,-4.3259377,0.3191940486431122,0.6019999980926514,0.12839999794960022
YIL016W,YGR144W,0,-4.326118,0.319024920463562,0.6019999980926514,0.12849999964237213
YLR081W,YBR195C,0,-4.326464,0.3188559412956238,0.6019999980926514,0.12860000133514404
YGR275W,YLR321C,1,-4.3272243,0.3192165195941925,0.6029999852180481,0.12860000133514404
YDL074C,YOR171C,0,-4.327691,0.31904762983322144,0.6029999852180481,0.12870000302791595
YNL271C,YAR019C,0,-4.3278537,0.3188788890838623,0.6029999852180481,0.12880000472068787
YBR102C,YPL156C,0,-4.328393,0.3187103569507599,0.6029999852180481,0.12890000641345978
YNR027W,YKL042W,0,-4.328452,0.3185420036315918,0.6029999852180481,0.1289999932050705
YKL001C,YGR133W,0,-4.328577,0.31837379932403564,0.6029999852180481,0.1290999948978424
YBR210W,YLR263W,0,-4.328781,0.3182058036327362,0.6029999852180481,0.12919999659061432
YMR043W,YMR036C,0,-4.329025,0.3180379867553711,0.6029999852180481,0.12929999828338623
YFR036W,YNR010W,1,-4.3300524,0.3183974623680115,0.6039999723434448,0.12929999828338623
YDL197C,YJR082C,0,-4.3308053,0.31822970509529114,0.6039999723434448,0.12939999997615814
YIL125W,YPL020C,0,-4.331853,0.3180621266365051,0.6039999723434448,0.12950000166893005
YKR029C,YMR101C,0,-4.3322906,0.31789472699165344,0.6039999723434448,0.12960000336170197
YDR363W,YHR082C,0,-4.3325715,0.3177275061607361,0.6039999723434448,0.12970000505447388
YDR236C,YOL013C,0,-4.3331842,0.31756046414375305,0.6039999723434448,0.1298000067472458
YJR121W,YDR437W,0,-4.333493,0.31739360094070435,0.6039999723434448,0.1298999935388565
YDR036C,YKL032C,0,-4.3337812,0.3172268867492676,0.6039999723434448,0.12999999523162842
YOL104C,YGR002C,0,-4.3354893,0.3170603811740875,0.6039999723434448,0.13009999692440033
YCR052W,YNL079C,0,-4.33675,0.3168940246105194,0.6039999723434448,0.13019999861717224
YOR254C,YPR139C,0,-4.337022,0.3167278468608856,0.6039999723434448,0.13030000030994415
YBR244W,YPR108W,0,-4.3371425,0.31656184792518616,0.6039999723434448,0.13040000200271606
YOL023W,YOR117W,0,-4.337154,0.316396027803421,0.6039999723434448,0.13050000369548798
YDR524C,YLR166C,0,-4.3372626,0.3162303566932678,0.6039999723434448,0.1306000053882599
YHR084W,YLR182W,0,-4.337289,0.31606489419937134,0.6039999723434448,0.1307000070810318
YPR017C,YMR026C,0,-4.337737,0.3158995807170868,0.6039999723434448,0.13079999387264252
YOR002W,YKR097W,0,-4.338723,0.3157344460487366,0.6039999723434448,0.13089999556541443
YDR080W,YMR302C,0,-4.3395333,0.3155694901943207,0.6039999723434448,0.13099999725818634
YDR176W,YLR275W,0,-4.3397837,0.3154047131538391,0.6039999723434448,0.13109999895095825
YAL034W-A,YJR068W,1,-4.340069,0.3157620131969452,0.6050000190734863,0.13109999895095825
YMR043W,YBL025W,0,-4.3403254,0.3155972957611084,0.6050000190734863,0.13120000064373016
YNL147W,YPL121C,0,-4.340331,0.31543275713920593,0.6050000190734863,0.13130000233650208
YDR461W,YMR127C,0,-4.340406,0.3152683675289154,0.6050000190734863,0.131400004029274
YNL084C,YOR259C,0,-4.341463,0.3151041567325592,0.6050000190734863,0.1315000057220459
YBR193C,YLR212C,0,-4.341572,0.31494012475013733,0.6050000190734863,0.1316000074148178
YBL004W,YPL144W,0,-4.3422127,0.3147762715816498,0.6050000190734863,0.13169999420642853
YDR166C,YOR089C,0,-4.343002,0.31461259722709656,0.6050000190734863,0.13179999589920044
YPR199C,YBR023C,0,-4.343666,0.3144490718841553,0.6050000190734863,0.13189999759197235
YCR086W,YMR311C,1,-4.343921,0.31480520963668823,0.6060000061988831,0.13189999759197235
YDR179C,YGL142C,0,-4.344309,0.3146417438983917,0.6060000061988831,0.13199999928474426
YNL080C,YLR403W,0,-4.344659,0.31447845697402954,0.6060000061988831,0.13210000097751617
YDL074C,YPR055W,0,-4.345301,0.3143153488636017,0.6060000061988831,0.13220000267028809
YIL110W,YML107C,0,-4.345593,0.31415241956710815,0.6060000061988831,0.13230000436306
YBR023C,YBR043C,0,-4.345976,0.31398963928222656,0.6060000061988831,0.1324000060558319
YDR159W,YJR004C,0,-4.3461018,0.3138270378112793,0.6060000061988831,0.13249999284744263
YBR107C,YDR439W,1,-4.346132,0.31418219208717346,0.6069999933242798,0.13249999284744263
YMR138W,YGR258C,0,-4.3463726,0.31401965022087097,0.6069999933242798,0.13259999454021454
YJR092W,YLR010C,0,-4.3466063,0.3138572871685028,0.6069999933242798,0.13269999623298645
YPL200W,YGR179C,1,-4.346962,0.3142118752002716,0.6079999804496765,0.13269999623298645
YKR099W,YER109C,0,-4.3475704,0.3140496015548706,0.6079999804496765,0.13279999792575836
YIL049W,YGL249W,0,-4.347645,0.31388744711875916,0.6079999804496765,0.13289999961853027
YMR033W,YAL009W,0,-4.3477187,0.3137255012989044,0.6079999804496765,0.13300000131130219
YBR211C,YLR226W,1,-4.348162,0.3140794336795807,0.609000027179718,0.13300000131130219
YNL051W,YHL009C,0,-4.348586,0.31391751766204834,0.609000027179718,0.1331000030040741
YCL066W,YIL106W,0,-4.349748,0.3137558102607727,0.609000027179718,0.133200004696846
YNR032W,YPL133C,0,-4.3501134,0.3135942220687866,0.609000027179718,0.13330000638961792
YML059C,YBL103C,0,-4.3506384,0.31343284249305725,0.609000027179718,0.13339999318122864
YJR022W,YPL167C,0,-4.35072,0.3132716119289398,0.609000027179718,0.13349999487400055
YPR070W,YPR088C,0,-4.35095,0.3131105303764343,0.609000027179718,0.13359999656677246
YGR004W,YDR459C,0,-4.3509927,0.31294962763786316,0.609000027179718,0.13369999825954437
YJR068W,YBR087W,1,-4.351243,0.31330251693725586,0.6100000143051147,0.13369999825954437
YIR002C,YDR460W,0,-4.3517103,0.31314167380332947,0.6100000143051147,0.13379999995231628
YDL029W,YGL180W,0,-4.3518534,0.3129810094833374,0.6100000143051147,0.1339000016450882
YKR027W,YDR279W,0,-4.351943,0.31282052397727966,0.6100000143051147,0.1340000033378601
YOR237W,YOR216C,0,-4.351959,0.31266018748283386,0.6100000143051147,0.13410000503063202
YML098W,YNL283C,0,-4.3520193,0.3125,0.6100000143051147,0.13420000672340393
YNL148C,YER005W,0,-4.3529334,0.31233999133110046,0.6100000143051147,0.13429999351501465
YCL016C,YGR089W,1,-4.353562,0.31269192695617676,0.6110000014305115,0.13429999351501465
YJR160C,YDR397C,0,-4.3555894,0.312531977891922,0.6110000014305115,0.13439999520778656
YML103C,YDR175C,0,-4.3558803,0.3123721778392792,0.6110000014305115,0.13449999690055847
YER016W,YBR087W,1,-4.3563814,0.3127235472202301,0.6119999885559082,0.13449999690055847
YOR249C,YBR073W,1,-4.3570232,0.3130745589733124,0.6129999756813049,0.13449999690055847
YOR254C,YOR115C,0,-4.3571396,0.31291475892066956,0.6129999756813049,0.13459999859333038
YAR002W,YIL030C,0,-4.3577104,0.31275510787963867,0.6129999756813049,0.1347000002861023
YNL323W,YJR004C,0,-4.357745,0.3125956058502197,0.6129999756813049,0.1348000019788742
YDR529C,YHR031C,0,-4.3579054,0.3124362826347351,0.6129999756813049,0.13490000367164612
YKL186C,YNL279W,0,-4.3579373,0.3122771382331848,0.6129999756813049,0.13500000536441803
YIR023W,YDR323C,0,-4.3582067,0.3121181130409241,0.6129999756813049,0.13510000705718994
YMR161W,YPL147W,0,-4.3583126,0.31195929646492004,0.6129999756813049,0.13519999384880066
YML092C,YKR029C,0,-4.3583565,0.31180059909820557,0.6129999756813049,0.13529999554157257
YOR319W,YPR107C,0,-4.358385,0.3116420805454254,0.6129999756813049,0.13539999723434448
YFL055W,YGR175C,0,-4.3586187,0.3114837408065796,0.6129999756813049,0.1354999989271164
YMR175W,YPL139C,0,-4.361184,0.3113255500793457,0.6129999756813049,0.1356000006198883
YNL041C,YIL009W,0,-4.3612285,0.31116750836372375,0.6129999756813049,0.13570000231266022
YKL205W,YDR515W,0,-4.361349,0.31100964546203613,0.6129999756813049,0.13580000400543213
YHR115C,YIL149C,0,-4.3617015,0.31085193157196045,0.6129999756813049,0.13590000569820404
YBR010W,YHR090C,0,-4.361942,0.3106943666934967,0.6129999756813049,0.13600000739097595
YMR198W,YBR156C,1,-4.362162,0.31104356050491333,0.6140000224113464,0.13600000739097595
YLR226W,YCL016C,1,-4.3625956,0.3113923966884613,0.6150000095367432,0.13600000739097595
YDL058W,YLR447C,0,-4.362885,0.31123483180999756,0.6150000095367432,0.13609999418258667
YGL094C,YDL236W,0,-4.3637667,0.31107738614082336,0.6150000095367432,0.13619999587535858
YMR001C,YNL118C,0,-4.364651,0.3109201192855835,0.6150000095367432,0.1362999975681305
YHR039C,YHR077C,0,-4.365554,0.31076300144195557,0.6150000095367432,0.1363999992609024
YBL097W,YNR010W,1,-4.366348,0.31111112236976624,0.6159999966621399,0.1363999992609024
YLR102C,YMR117C,1,-4.36671,0.31145885586738586,0.6169999837875366,0.1363999992609024
YDR163W,YML121W,0,-4.366976,0.31130170822143555,0.6169999837875366,0.13650000095367432
YCR048W,YBR213W,0,-4.367844,0.31114473938941956,0.6169999837875366,0.13660000264644623
YAL058W,YLR266C,0,-4.368064,0.3109878897666931,0.6169999837875366,0.13670000433921814
YML078W,YDR437W,0,-4.3681536,0.3108312487602234,0.6169999837875366,0.13680000603199005
YJR092W,YJR132W,0,-4.3686233,0.3106747269630432,0.6169999837875366,0.13689999282360077
YIL159W,YJL035C,0,-4.369708,0.31051838397979736,0.6169999837875366,0.13699999451637268
YMR292W,YJR119C,0,-4.3697686,0.31036216020584106,0.6169999837875366,0.1370999962091446
YGL168W,YGL213C,0,-4.3697896,0.3102061450481415,0.6169999837875366,0.1371999979019165
YBR234C,YMR273C,0,-4.3697963,0.31005024909973145,0.6169999837875366,0.13729999959468842
YHR120W,YLR176C,0,-4.37001,0.30989453196525574,0.6169999837875366,0.13740000128746033
YGR230W,YLR330W,0,-4.3706965,0.30973896384239197,0.6169999837875366,0.13750000298023224
YNR032W,YDR359C,0,-4.371039,0.30958354473114014,0.6169999837875366,0.13760000467300415
YLR008C,YOR212W,0,-4.3710756,0.30942827463150024,0.6169999837875366,0.13770000636577606
YOR180C,YOR122C,0,-4.371136,0.3092731833457947,0.6169999837875366,0.13779999315738678
YPR031W,YOR259C,0,-4.3711452,0.30911824107170105,0.6169999837875366,0.1378999948501587
YOR074C,YNR008W,0,-4.37124,0.30896344780921936,0.6169999837875366,0.1379999965429306
YIL009W,YOR322C,0,-4.371399,0.3088088035583496,0.6169999837875366,0.13809999823570251
YIL098C,YDR295C,0,-4.3726025,0.3086543381214142,0.6169999837875366,0.13819999992847443
YJR017C,YOL012C,0,-4.3731003,0.3084999918937683,0.6169999837875366,0.13830000162124634
YFR036W,YLR357W,1,-4.3731127,0.308845579624176,0.6179999709129333,0.13830000162124634
YBL008W,YDL098C,0,-4.3741713,0.3086913228034973,0.6179999709129333,0.13840000331401825
YMR145C,YDR279W,0,-4.3749433,0.30853718519210815,0.6179999709129333,0.13850000500679016
YDL106C,YDR183W,0,-4.3750877,0.3083832263946533,0.6179999709129333,0.13860000669956207
YOR249C,YPL200W,1,-4.3753414,0.3087281882762909,0.6190000176429749,0.13860000669956207
YDR108W,YBR086C,0,-4.3754687,0.30857428908348083,0.6190000176429749,0.1386999934911728
YIL128W,YDR238C,0,-4.375903,0.3084205389022827,0.6190000176429749,0.1387999951839447
YDL115C,YJL168C,0,-4.3769093,0.30826693773269653,0.6190000176429749,0.1388999968767166
YLR011W,YNL053W,0,-4.377381,0.3081134855747223,0.6190000176429749,0.13899999856948853
YNL225C,YPR086W,0,-4.3777766,0.3079602122306824,0.6190000176429749,0.13910000026226044
YPL101W,YER109C,0,-4.3803625,0.307807058095932,0.6190000176429749,0.13920000195503235
YGR288W,YDR238C,0,-4.380501,0.30765408277511597,0.6190000176429749,0.13930000364780426
YJR089W,YFL037W,1,-4.380575,0.30799800157546997,0.6200000047683716,0.13930000364780426
YLR127C,YMR076C,1,-4.381849,0.3083416223526001,0.6209999918937683,0.13930000364780426
YKL130C,YJR086W,0,-4.3818665,0.3081885874271393,0.6209999918937683,0.13940000534057617
YPL194W,YDR176W,0,-4.382902,0.3080357015132904,0.6209999918937683,0.13950000703334808
YMR048W,YMR076C,1,-4.383175,0.30837878584861755,0.621999979019165,0.13950000703334808
YJL173C,YPR055W,0,-4.383299,0.30822595953941345,0.621999979019165,0.1395999938249588
YMR145C,YKL095W,0,-4.38335,0.3080733120441437,0.621999979019165,0.1396999955177307
YPR122W,YLR385C,0,-4.383598,0.30792078375816345,0.621999979019165,0.13979999721050262
YKL059C,YLR010C,0,-4.384699,0.30776843428611755,0.621999979019165,0.13989999890327454
YOR025W,YER100W,0,-4.3855133,0.3076162338256836,0.621999979019165,0.14000000059604645
YBR296C,YLR039C,0,-4.3856783,0.3074641525745392,0.621999979019165,0.14010000228881836
YDR081C,YKR053C,0,-4.3862824,0.3073122501373291,0.621999979019165,0.14020000398159027
YPR141C,YBL079W,1,-4.3863325,0.30765432119369507,0.6230000257492065,0.14020000398159027
YGL120C,YGR129W,0,-4.3882504,0.30750247836112976,0.6230000257492065,0.14030000567436218
YNL267W,YOL031C,0,-4.3885517,0.307350754737854,0.6230000257492065,0.1404000073671341
YBL025W,YKL014C,0,-4.3885846,0.3071992099285126,0.6230000257492065,0.1404999941587448
YLR207W,YBR060C,0,-4.389413,0.3070478141307831,0.6230000257492065,0.14059999585151672
YIL018W,YKL203C,0,-4.389556,0.30689653754234314,0.6230000257492065,0.14069999754428864
YNL275W,YBL102W,0,-4.390197,0.3067454397678375,0.6230000257492065,0.14079999923706055
YAL023C,YKR055W,0,-4.390268,0.30659449100494385,0.6230000257492065,0.14090000092983246
YLR377C,YLR088W,0,-4.39081,0.3064436912536621,0.6230000257492065,0.14100000262260437
YOL133W,YML019W,0,-4.391963,0.3062930107116699,0.6230000257492065,0.14110000431537628
YGR030C,YPL193W,0,-4.392064,0.30614250898361206,0.6230000257492065,0.1412000060081482
YNL291C,YLR166C,0,-4.3921843,0.30599215626716614,0.6230000257492065,0.1412999927997589
YOL133W,YPL269W,0,-4.392766,0.30584192276000977,0.6230000257492065,0.14139999449253082
YAL034W-A,YIR011C,1,-4.39569,0.30618253350257874,0.6240000128746033,0.14139999449253082
YPL241C,YHR119W,0,-4.3963504,0.30603235960006714,0.6240000128746033,0.14149999618530273
YNL225C,YHR006W,0,-4.396419,0.30588236451148987,0.6240000128746033,0.14159999787807465
YMR036C,YGR169C,0,-4.39689,0.30573248863220215,0.6240000128746033,0.14169999957084656
YNR058W,YBR279W,0,-4.3975086,0.30558276176452637,0.6240000128746033,0.14180000126361847
YBL079W,YDR325W,1,-4.3975673,0.30592265725135803,0.625,0.14180000126361847
YLL001W,YJL134W,0,-4.3976955,0.305772989988327,0.625,0.14190000295639038
YJR040W,YML097C,0,-4.397868,0.30562347173690796,0.625,0.1420000046491623
YDR180W,YIL126W,1,-4.3978815,0.30596286058425903,0.6259999871253967,0.1420000046491623
YLR127C,YML124C,1,-4.3979883,0.30630189180374146,0.6269999742507935,0.1420000046491623
YPL036W,YKL140W,0,-4.398169,0.30615234375,0.6269999742507935,0.1421000063419342
YPL200W,YDR318W,1,-4.3994274,0.306490957736969,0.628000020980835,0.1421000063419342
YMR068W,YHR023W,0,-4.3998537,0.3063414692878723,0.628000020980835,0.14219999313354492
YDR036C,YOR266W,0,-4.399911,0.3061921000480652,0.628000020980835,0.14229999482631683
YNR043W,YDR477W,0,-4.4003944,0.30604287981987,0.628000020980835,0.14239999651908875
YGL003C,YPR046W,1,-4.4011497,0.30638089776039124,0.6290000081062317,0.14239999651908875
YDR499W,YDL140C,0,-4.401727,0.3062317371368408,0.6290000081062317,0.14249999821186066
YLR138W,YKL203C,0,-4.4017797,0.30608272552490234,0.6290000081062317,0.14259999990463257
YLR098C,YKR062W,0,-4.401885,0.3059338629245758,0.6290000081062317,0.14270000159740448
YPR111W,YPL234C,0,-4.4032936,0.3057851195335388,0.6290000081062317,0.1428000032901764
YPL040C,YKR062W,0,-4.4037666,0.30563655495643616,0.6290000081062317,0.1429000049829483
YMR213W,YPL117C,0,-4.403881,0.30548810958862305,0.6290000081062317,0.14300000667572021
YGL205W,YKR008W,0,-4.403968,0.3053398132324219,0.6290000081062317,0.14309999346733093
YLR102C,YBL097W,1,-4.4045444,0.3056768476963043,0.6299999952316284,0.14309999346733093
YPL037C,YDR473C,0,-4.4049687,0.3055286109447479,0.6299999952316284,0.14319999516010284
YMR006C,YPL192C,0,-4.4060698,0.30538052320480347,0.6299999952316284,0.14329999685287476
YJL201W,YLR350W,0,-4.4062934,0.30523255467414856,0.6299999952316284,0.14339999854564667
YDL029W,YJR086W,0,-4.406745,0.3050847351551056,0.6299999952316284,0.14350000023841858
YNL188W,YML001W,0,-4.4075074,0.30493706464767456,0.6299999952316284,0.1436000019311905
YAL012W,YGL150C,0,-4.407592,0.30478954315185547,0.6299999952316284,0.1437000036239624
YHR187W,YFL003C,0,-4.4077134,0.3046421706676483,0.6299999952316284,0.14380000531673431
YJR010C-A,YIL039W,0,-4.4094434,0.3044949173927307,0.6299999952316284,0.14390000700950623
YMR021C,YBL020W,0,-4.4097342,0.30434781312942505,0.6299999952316284,0.14399999380111694
YMR213W,YPL140C,0,-4.409782,0.3042008578777313,0.6299999952316284,0.14409999549388885
YHR107C,YGR003W,0,-4.409996,0.30405405163764954,0.6299999952316284,0.14419999718666077
YNR013C,YBR175W,0,-4.4110446,0.3039073944091797,0.6299999952316284,0.14429999887943268
YLR357W,YNL273W,1,-4.4120464,0.3042429983615875,0.6309999823570251,0.14429999887943268
YBR236C,YOL002C,0,-4.4121037,0.30409637093544006,0.6309999823570251,0.1444000005722046
YGL086W,YNL197C,0,-4.412427,0.30394989252090454,0.6309999823570251,0.1445000022649765
YEL069C,YLR363C,0,-4.4129505,0.30380356311798096,0.6309999823570251,0.1446000039577484
YLL043W,YOL023W,0,-4.413095,0.3036573529243469,0.6309999823570251,0.14470000565052032
YKR063C,YKL006C-A,0,-4.413437,0.30351129174232483,0.6309999823570251,0.14480000734329224
YLR399C,YPL242C,0,-4.4142413,0.3033653795719147,0.6309999823570251,0.14489999413490295
YLR141W,YJR110W,0,-4.41512,0.30321961641311646,0.6309999823570251,0.14499999582767487
YMR032W,YDR490C,0,-4.4157133,0.3030739724636078,0.6309999823570251,0.14509999752044678
YGR167W,YLR025W,0,-4.4158354,0.30292847752571106,0.6309999823570251,0.1451999992132187
YBL050W,YOL113W,0,-4.4165163,0.3027831017971039,0.6309999823570251,0.1453000009059906
YKL042W,YJR102C,0,-4.416545,0.30263787508010864,0.6309999823570251,0.1454000025987625
YOR354C,YPL112C,0,-4.416914,0.30249279737472534,0.6309999823570251,0.14550000429153442
YPL051W,YHR111W,0,-4.4171786,0.302347868680954,0.6309999823570251,0.14560000598430634
YDL166C,YNL272C,0,-4.417775,0.30220305919647217,0.6309999823570251,0.14569999277591705
YJL094C,YCL005W-A,0,-4.418179,0.3020583987236023,0.6309999823570251,0.14579999446868896
YER172C,YIL066C,0,-4.418554,0.30191388726234436,0.6309999823570251,0.14589999616146088
YAL031C,YGR179C,1,-4.4187555,0.3022477328777313,0.6320000290870667,0.14589999616146088
YDR524C,YGR155W,0,-4.4192896,0.3021032512187958,0.6320000290870667,0.1459999978542328
YMR001C,YHR005C,0,-4.419909,0.30195891857147217,0.6320000290870667,0.1460999995470047
YBR245C,YPR088C,0,-4.4203153,0.3018147051334381,0.6320000290870667,0.1462000012397766
YJR082C,YCR098C,0,-4.4208055,0.301670640707016,0.6320000290870667,0.14630000293254852
YAL032C,YCL005W-A,0,-4.422162,0.3015267252922058,0.6320000290870667,0.14640000462532043
YOL100W,YHR172W,0,-4.4225044,0.3013829290866852,0.6320000290870667,0.14650000631809235
YJL134W,YJL036W,0,-4.4239206,0.3012392818927765,0.6320000290870667,0.14659999310970306
YMR109W,YMR273C,0,-4.4252253,0.30109575390815735,0.6320000290870667,0.14669999480247498
YDL216C,YLR183C,0,-4.4257584,0.30095237493515015,0.6320000290870667,0.1467999964952469
YGR261C,YMR021C,0,-4.4260364,0.3008091449737549,0.6320000290870667,0.1468999981880188
YDR108W,YER072W,0,-4.426465,0.30066603422164917,0.6320000290870667,0.1469999998807907
YPL010W,YLR212C,0,-4.4265976,0.3005230724811554,0.6320000290870667,0.14710000157356262
YER032W,YPL218W,0,-4.4272275,0.30038022994995117,0.6320000290870667,0.14720000326633453
YCR067C,YOR172W,0,-4.4274883,0.3002375364303589,0.6320000290870667,0.14730000495910645
YNL051W,YGR003W,0,-4.4276023,0.30009496212005615,0.6320000290870667,0.14740000665187836
YOL113W,YLR277C,0,-4.4277754,0.29995253682136536,0.6320000290870667,0.14749999344348907
YBL082C,YOL012C,0,-4.4279327,0.2998102605342865,0.6320000290870667,0.147599995136261
YDL008W,YJR068W,1,-4.4282274,0.3001422584056854,0.6330000162124634,0.147599995136261
YJL058C,YGR213C,0,-4.4295216,0.30000001192092896,0.6330000162124634,0.1476999968290329
YJL005W,YBR272C,0,-4.4295855,0.29985788464546204,0.6330000162124634,0.1477999985218048
YBR098W,YKR050W,0,-4.429824,0.29971590638160706,0.6330000162124634,0.14790000021457672
YHR191C,YDR180W,1,-4.4304056,0.3000473380088806,0.6340000033378601,0.14790000021457672
YBR193C,YJR052W,0,-4.4315186,0.299905389547348,0.6340000033378601,0.14800000190734863
YIR028W,YDR177W,0,-4.431824,0.29976359009742737,0.6340000033378601,0.14810000360012054
YPL002C,YNR031C,0,-4.431837,0.29962193965911865,0.6340000033378601,0.14820000529289246
YPL153C,YOR035C,0,-4.4324603,0.2994804084300995,0.6340000033378601,0.14830000698566437
YGR134W,YNL280C,0,-4.4325128,0.2993389964103699,0.6340000033378601,0.14839999377727509
YNL279W,YPL124W,0,-4.4326553,0.2991977334022522,0.6340000033378601,0.148499995470047
YBL058W,YDL225W,0,-4.4329896,0.2990565896034241,0.6340000033378601,0.1485999971628189
YDR118W,YIL126W,1,-4.433207,0.2993870675563812,0.6349999904632568,0.1485999971628189
YMR197C,YPR107C,0,-4.433422,0.2992459833621979,0.6349999904632568,0.14869999885559082
YOL133W,YLR119W,0,-4.4337077,0.29910504817962646,0.6349999904632568,0.14880000054836273
YJL115W,YPR182W,0,-4.433917,0.2989642322063446,0.6349999904632568,0.14890000224113464
YPL270W,YGL158W,0,-4.4340324,0.2988235354423523,0.6349999904632568,0.14900000393390656
YLR226W,YOR073W,1,-4.434078,0.29915332794189453,0.6359999775886536,0.14900000393390656
YJL198W,YPR095C,0,-4.4344893,0.299012690782547,0.6359999775886536,0.14910000562667847
YOR320C,YGL213C,0,-4.434581,0.298872172832489,0.6359999775886536,0.14920000731945038
YFR008W,YPL270W,0,-4.4348516,0.29873180389404297,0.6359999775886536,0.1492999941110611
YMR213W,YER125W,0,-4.436562,0.2985915541648865,0.6359999775886536,0.149399995803833
YOR245C,YMR030W,0,-4.4367733,0.29845142364501953,0.6359999775886536,0.14949999749660492
YNL106C,YBR055C,0,-4.437574,0.2983114421367645,0.6359999775886536,0.14959999918937683
YMR311C,YAR018C,1,-4.437734,0.2986404001712799,0.6370000243186951,0.14959999918937683
YPL121C,YDR389W,0,-4.4380226,0.2985004782676697,0.6370000243186951,0.14970000088214874
YDR446W,YMR032W,0,-4.4383497,0.2983606457710266,0.6370000243186951,0.14980000257492065
YKL114C,YMR213W,0,-4.438595,0.2982209622859955,0.6370000243186951,0.14990000426769257
YMR117C,YIL144W,1,-4.4389324,0.2985493540763855,0.6380000114440918,0.14990000426769257
YPL046C,YBR237W,0,-4.4389353,0.29840973019599915,0.6380000114440918,0.15000000596046448
YBR279W,YBR118W,0,-4.440486,0.29827022552490234,0.6380000114440918,0.1500999927520752
YGL003C,YNL299W,1,-4.44121,0.29859814047813416,0.6389999985694885,0.1500999927520752
YDR361C,YML105C,0,-4.441557,0.29845866560935974,0.6389999985694885,0.1501999944448471
YJL091C,YKL119C,0,-4.442024,0.29831933975219727,0.6389999985694885,0.15029999613761902
YJL019W,YML085C,1,-4.443892,0.2986467480659485,0.6399999856948853,0.15029999613761902
YPR128C,YLR363C,0,-4.444463,0.2985074520111084,0.6399999856948853,0.15039999783039093
YFR050C,YGR047C,0,-4.4445925,0.29836830496788025,0.6399999856948853,0.15049999952316284
YBL097W,YOL094C,1,-4.4449644,0.29869523644447327,0.640999972820282,0.15049999952316284
YKR027W,YNL311C,0,-4.4450088,0.2985561192035675,0.640999972820282,0.15060000121593475
YCR002C,YHR200W,0,-4.445037,0.2984171211719513,0.640999972820282,0.15070000290870667
YCL017C,YLR385C,0,-4.4452543,0.298278272151947,0.640999972820282,0.15080000460147858
YPL269W,YIL128W,0,-4.4457703,0.2981395423412323,0.640999972820282,0.1509000062942505
YGR167W,YHR067W,0,-4.446316,0.29800093173980713,0.640999972820282,0.1509999930858612
YDR295C,YER169W,0,-4.4464917,0.2978624403476715,0.640999972820282,0.15109999477863312
YPL132W,YDL195W,0,-4.4469547,0.2977240979671478,0.640999972820282,0.15119999647140503
YMR264W,YHR041C,0,-4.4469867,0.2975858747959137,0.640999972820282,0.15129999816417694
YHR166C,YHR191C,1,-4.4474077,0.2979118227958679,0.6420000195503235,0.15129999816417694
YER026C,YDR022C,0,-4.4474735,0.29777365922927856,0.6420000195503235,0.15139999985694885
YLR210W,YOR060C,0,-4.4478817,0.29763561487197876,0.6420000195503235,0.15150000154972076
YKL002W,YBR173C,0,-4.4486322,0.2974976897239685,0.6420000195503235,0.15160000324249268
YBR175W,YOR068C,0,-4.448759,0.2973598837852478,0.6420000195503235,0.1517000049352646
YCR060W,YMR218C,0,-4.4497824,0.29722222685813904,0.6420000195503235,0.1518000066280365
YGL240W,YDL003W,1,-4.4501996,0.29754742980003357,0.6430000066757202,0.1518000066280365
YGR179C,YFL037W,1,-4.4506345,0.2978723347187042,0.6439999938011169,0.1518000066280365
YPR008W,YOL033W,0,-4.450838,0.2977346181869507,0.6439999938011169,0.15189999341964722
YGL003C,YKR054C,1,-4.4512486,0.2980591356754303,0.6449999809265137,0.15189999341964722
YJR153W,YHR200W,0,-4.451253,0.29792147874832153,0.6449999809265137,0.15199999511241913
YMR109W,YNL272C,0,-4.451526,0.2977839410305023,0.6449999809265137,0.15209999680519104
YBL057C,YML105C,0,-4.4516673,0.29764652252197266,0.6449999809265137,0.15219999849796295
YGL061C,YDL247W,0,-4.452051,0.29750922322273254,0.6449999809265137,0.15230000019073486
YNR056C,YKR087C,0,-4.452378,0.29737207293510437,0.6449999809265137,0.15240000188350677
YMR292W,YCR024C-A,0,-4.452508,0.29723501205444336,0.6449999809265137,0.1525000035762787
YKL135C,YKL185W,0,-4.452717,0.2970981001853943,0.6449999809265137,0.1526000052690506
YLR403W,YGL049C,0,-4.4528265,0.29696133732795715,0.6449999809265137,0.1527000069618225
YBL097W,YKR054C,1,-4.453212,0.297284871339798,0.6460000276565552,0.1527000069618225
YDR072C,YPL174C,0,-4.453363,0.29714810848236084,0.6460000276565552,0.15279999375343323
YGR275W,YML034W,1,-4.4538975,0.2974712550640106,0.6470000147819519,0.15279999375343323
YHR077C,YLR298C,0,-4.4546194,0.29733455181121826,0.6470000147819519,0.15289999544620514
YJR155W,YOL138C,0,-4.4552007,0.29719796776771545,0.6470000147819519,0.15299999713897705
YBR055C,YJL204C,0,-4.455634,0.2970615327358246,0.6470000147819519,0.15309999883174896
YGL116W,YBR107C,1,-4.4560204,0.297384113073349,0.6480000019073486,0.15309999883174896
YJL134W,YOR075W,0,-4.456671,0.2972477078437805,0.6480000019073486,0.15320000052452087
YPL200W,YIR011C,1,-4.456814,0.2975699305534363,0.6489999890327454,0.15320000052452087
YGR257C,YCR066W,0,-4.456873,0.2974335551261902,0.6489999890327454,0.15330000221729279
YGR288W,YOL146W,0,-4.4569674,0.29729729890823364,0.6489999890327454,0.1534000039100647
YML049C,YNL138W,0,-4.4575357,0.29716116189956665,0.6489999890327454,0.1535000056028366
YGR109C,YLR361C,0,-4.4585547,0.2970251739025116,0.6489999890327454,0.15360000729560852
YIR019C,YBR129C,0,-4.4610023,0.2968893051147461,0.6489999890327454,0.15369999408721924
YDR009W,YBR037C,0,-4.461615,0.29675355553627014,0.6489999890327454,0.15379999577999115
YDL079C,YDR407C,0,-4.4621816,0.29661792516708374,0.6489999890327454,0.15389999747276306
YDR334W,YMR293C,0,-4.4624033,0.2964824140071869,0.6489999890327454,0.15399999916553497
YPR189W,YMR273C,0,-4.4624567,0.2963470220565796,0.6489999890327454,0.15410000085830688
YFR019W,YKL041W,0,-4.4636335,0.29621177911758423,0.6489999890327454,0.1542000025510788
YOR249C,YGR275W,1,-4.4637723,0.29653283953666687,0.6499999761581421,0.1542000025510788
YAL007C,YDL058W,0,-4.465184,0.2963976263999939,0.6499999761581421,0.1543000042438507
YKL179C,YJR094C,0,-4.465867,0.2962625324726105,0.6499999761581421,0.15440000593662262
YJL190C,YMR013C,0,-4.466196,0.2961275577545166,0.6499999761581421,0.15449999272823334
YMR060C,YNL334C,0,-4.4672885,0.2959927022457123,0.6499999761581421,0.15459999442100525
YDR301W,YMR023C,0,-4.4673405,0.2958579957485199,0.6499999761581421,0.15469999611377716
YNL042W,YDR045C,0,-4.467712,0.2957233786582947,0.6499999761581421,0.15479999780654907
YGR036C,YAR035W,0,-4.4678106,0.2955889105796814,0.6499999761581421,0.15489999949932098
YNL219C,YNL192W,0,-4.4691286,0.2954545319080353,0.6499999761581421,0.1550000011920929
YOR259C,YHR163W,0,-4.469136,0.2953203022480011,0.6499999761581421,0.1551000028848648
YPR068C,YDL128W,0,-4.4694824,0.29518619179725647,0.6499999761581421,0.15520000457763672
YNL323W,YDL235C,0,-4.469819,0.2950522005558014,0.6499999761581421,0.15530000627040863
YNL094W,YDR255C,0,-4.47023,0.29491832852363586,0.6499999761581421,0.15539999306201935
YHR166C,YBL079W,1,-4.4712977,0.29523810744285583,0.6510000228881836,0.15539999306201935
YGL006W,YIL073C,0,-4.471597,0.2951042652130127,0.6510000228881836,0.15549999475479126
YAL038W,YGR004W,0,-4.4721045,0.2949705421924591,0.6510000228881836,0.15559999644756317
YPL101W,YHR073W,0,-4.472451,0.29483696818351746,0.6510000228881836,0.15569999814033508
YNL230C,YBR186W,0,-4.473239,0.29470348358154297,0.6510000228881836,0.155799999833107
YKL022C,YBR087W,1,-4.473427,0.2950226366519928,0.6520000100135803,0.155799999833107
YDR499W,YGL006W,0,-4.4740963,0.2948891818523407,0.6520000100135803,0.1559000015258789
YBR201W,YIL114C,0,-4.4744434,0.29475587606430054,0.6520000100135803,0.15600000321865082
YKR019C,YIL105C,0,-4.4746103,0.2946226894855499,0.6520000100135803,0.15610000491142273
YKR036C,YIL068C,0,-4.4747486,0.29448962211608887,0.6520000100135803,0.15620000660419464
YIL061C,YEL031W,0,-4.4748335,0.29435667395591736,0.6520000100135803,0.15629999339580536
YJR031C,YJL013C,0,-4.4752026,0.294223815202713,0.6520000100135803,0.15639999508857727
YLR008C,YER149C,0,-4.47521,0.2940911054611206,0.6520000100135803,0.15649999678134918
YHR142W,YAL058W,0,-4.4759836,0.29395851492881775,0.6520000100135803,0.1565999984741211
YML092C,YPR125W,0,-4.476039,0.29382604360580444,0.6520000100135803,0.156700000166893
YJL204C,YDR334W,0,-4.4771757,0.2936936914920807,0.6520000100135803,0.15680000185966492
YDL174C,YMR179W,0,-4.477849,0.2935614585876465,0.6520000100135803,0.15690000355243683
YPR168W,YKR042W,0,-4.4778786,0.29342934489250183,0.6520000100135803,0.15700000524520874
YKL013C,YPL218W,0,-4.4782743,0.29329735040664673,0.6520000100135803,0.15710000693798065
YKL165C,YML107C,0,-4.478341,0.2931654751300812,0.6520000100135803,0.15719999372959137
YMR005W,YJR110W,0,-4.478568,0.2930337190628052,0.6520000100135803,0.15729999542236328
YIL009C-A,YOR117W,0,-4.479119,0.29290205240249634,0.6520000100135803,0.1573999971151352
YFL024C,YOR168W,0,-4.479375,0.29277053475379944,0.6520000100135803,0.1574999988079071
YOR194C,YLR212C,0,-4.479672,0.2926391363143921,0.6520000100135803,0.15760000050067902
YLL060C,YHR027C,0,-4.4809346,0.2925078570842743,0.6520000100135803,0.15770000219345093
YOR039W,YKL179C,0,-4.482214,0.29237666726112366,0.6520000100135803,0.15780000388622284
YJR094C,YPR056W,0,-4.482313,0.29224562644958496,0.6520000100135803,0.15790000557899475
YBR179C,YDL036C,0,-4.4823313,0.2921147048473358,0.6520000100135803,0.15800000727176666
YMR068W,YLR425W,0,-4.4826193,0.29198387265205383,0.6520000100135803,0.15809999406337738
YLR266C,YKL041W,0,-4.483036,0.2918531894683838,0.6520000100135803,0.1581999957561493
YER147C,YIR011C,1,-4.483923,0.2921700179576874,0.652999997138977,0.1581999957561493
YPL132W,YOR106W,0,-4.4851837,0.2920393645763397,0.652999997138977,0.1582999974489212
YKR055W,YKL173W,0,-4.485771,0.29190880060195923,0.652999997138977,0.15839999914169312
YKR019C,YGR004W,0,-4.4873104,0.2917783856391907,0.652999997138977,0.15850000083446503
YKR019C,YOR347C,0,-4.4891405,0.2916480600833893,0.652999997138977,0.15860000252723694
YOR313C,YLR010C,0,-4.489485,0.29151785373687744,0.652999997138977,0.15870000422000885
YOR156C,YGR275W,1,-4.489638,0.2918339967727661,0.6539999842643738,0.15870000422000885
YKL013C,YMR060C,0,-4.4897194,0.29170385003089905,0.6539999842643738,0.15880000591278076
YGL093W,YOR068C,0,-4.4899225,0.29157379269599915,0.6539999842643738,0.15889999270439148
YHR166C,YNR010W,1,-4.4903927,0.291889488697052,0.6549999713897705,0.15889999270439148
YIL149C,YHL025W,0,-4.4924335,0.2917594611644745,0.6549999713897705,0.1589999943971634
YOR290C,YGR048W,0,-4.492849,0.2916295528411865,0.6549999713897705,0.1590999960899353
YOL068C,YDR389W,0,-4.493475,0.2914997637271881,0.6549999713897705,0.15919999778270721
YKL022C,YBL079W,1,-4.493874,0.2918149530887604,0.656000018119812,0.15919999778270721
YNL330C,YNL253W,0,-4.4939966,0.29168519377708435,0.656000018119812,0.15929999947547913
YBL099W,YOR308C,0,-4.4943695,0.2915555536746979,0.656000018119812,0.15940000116825104
YGR036C,YCL032W,0,-4.494469,0.29142603278160095,0.656000018119812,0.15950000286102295
YGL005C,YDR162C,0,-4.494584,0.2912966310977936,0.656000018119812,0.15960000455379486
YOL051W,YAL051W,0,-4.4950433,0.29116731882095337,0.656000018119812,0.15970000624656677
YKL125W,YFL060C,0,-4.4951463,0.2910381555557251,0.656000018119812,0.1597999930381775
YDR375C,YBR240C,0,-4.495982,0.290909081697464,0.656000018119812,0.1598999947309494
YBR109C,YAL058W,0,-4.4965854,0.29078012704849243,0.656000018119812,0.1599999964237213
YOR372C,YMR283C,0,-4.496672,0.2906513214111328,0.656000018119812,0.16009999811649323
YOR171C,YDR142C,0,-4.4970245,0.29052257537841797,0.656000018119812,0.16019999980926514
YDR376W,YER180C-A,0,-4.4982443,0.29039397835731506,0.656000018119812,0.16030000150203705
YPR001W,YJR119C,0,-4.498905,0.2902655005455017,0.656000018119812,0.16040000319480896
YPL271W,YOL117W,0,-4.4998655,0.2901371121406555,0.656000018119812,0.16050000488758087
YPL082C,YDR011W,0,-4.5005546,0.2900088429450989,0.656000018119812,0.16060000658035278
YHR011W,YOL033W,0,-4.5015836,0.2898806929588318,0.656000018119812,0.1606999933719635
YDR118W,YOR014W,1,-4.5016317,0.2901943325996399,0.6570000052452087,0.1606999933719635
YLR233C,YLR119W,0,-4.5022655,0.2900662124156952,0.6570000052452087,0.1607999950647354
YLR102C,YLR226W,1,-4.502388,0.29037952423095703,0.6579999923706055,0.1607999950647354
YIL125W,YDR460W,0,-4.5028477,0.2902514338493347,0.6579999923706055,0.16089999675750732
YDL064W,YGR072W,0,-4.502865,0.29012346267700195,0.6579999923706055,0.16099999845027924
YLR127C,YIL126W,1,-4.504057,0.290436327457428,0.6589999794960022,0.16099999845027924
YAR002W,YNL311C,0,-4.5041766,0.2903083562850952,0.6589999794960022,0.16110000014305115
YNL251C,YGL127C,0,-4.50492,0.2901805341243744,0.6589999794960022,0.16120000183582306
YDR052C,YKL020C,0,-4.505077,0.2900528311729431,0.6589999794960022,0.16130000352859497
YLR114C,YIL076W,0,-4.50534,0.289925217628479,0.6589999794960022,0.16140000522136688
YJR118C,YNR059W,0,-4.505624,0.28979772329330444,0.6589999794960022,0.1615000069141388
YHR107C,YNL267W,0,-4.5057116,0.28967031836509705,0.6589999794960022,0.1615999937057495
YMR135C,YKL214C,0,-4.5067163,0.2895430624485016,0.6589999794960022,0.16169999539852142
YNR026C,YML114C,0,-4.506907,0.2894158959388733,0.6589999794960022,0.16179999709129333
YPL046C,YGR145W,0,-4.5079746,0.28928884863853455,0.6589999794960022,0.16189999878406525
YOR193W,YGR033C,0,-4.508755,0.28916192054748535,0.6589999794960022,0.16200000047683716
YMR283C,YPL193W,0,-4.5090537,0.2890350818634033,0.6589999794960022,0.16210000216960907
YJL076W,YCR012W,0,-4.509106,0.28890836238861084,0.6589999794960022,0.16220000386238098
YKL206C,YNR056C,0,-4.510103,0.2887817621231079,0.6589999794960022,0.1623000055551529
YPR141C,YJL019W,1,-4.510504,0.2890932857990265,0.6600000262260437,0.1623000055551529
YOR074C,YCL011C,0,-4.51098,0.28896671533584595,0.6600000262260437,0.1624000072479248
YLR329W,YOR060C,0,-4.511098,0.28884026408195496,0.6600000262260437,0.16249999403953552
YLR381W,YGR063C,1,-4.511247,0.2891513705253601,0.6610000133514404,0.16249999403953552
YBR228W,YHR152W,0,-4.512052,0.2890249192714691,0.6610000133514404,0.16259999573230743
YBR070C,YLR067C,0,-4.5121174,0.2888985872268677,0.6610000133514404,0.16269999742507935
YDR512C,YPL140C,0,-4.512744,0.2887724041938782,0.6610000133514404,0.16279999911785126
YJL112W,YFL005W,0,-4.512789,0.28864628076553345,0.6610000133514404,0.16290000081062317
YLR206W,YKL020C,0,-4.513585,0.28852030634880066,0.6610000133514404,0.16300000250339508
YDR130C,YOL094C,1,-4.513983,0.2888307273387909,0.6620000004768372,0.16300000250339508
YML077W,YGL061C,0,-4.514072,0.2887047529220581,0.6620000004768372,0.163100004196167
YDL039C,YBR130C,0,-4.5150447,0.28857889771461487,0.6620000004768372,0.1632000058889389
YAR019C,YML032C,0,-4.5150986,0.2884531617164612,0.6620000004768372,0.16329999268054962
YDL065C,YCL063W,0,-4.51519,0.28832751512527466,0.6620000004768372,0.16339999437332153
YML067C,YKR052C,0,-4.515312,0.2882019877433777,0.6620000004768372,0.16349999606609344
YDR118W,YFL037W,1,-4.5156183,0.2885117530822754,0.6629999876022339,0.16349999606609344
YMR275C,YGR112W,0,-4.515637,0.2883862555027008,0.6629999876022339,0.16359999775886536
YMR025W,YEL051W,0,-4.5158367,0.28826087713241577,0.6629999876022339,0.16369999945163727
YLR266C,YBR198C,0,-4.516464,0.2881355881690979,0.6629999876022339,0.16380000114440918
YJR057W,YLR298C,0,-4.516491,0.2880104184150696,0.6629999876022339,0.1639000028371811
YML128C,YIL066C,0,-4.5165277,0.2878853678703308,0.6629999876022339,0.164000004529953
YBR213W,YLR316C,0,-4.5166435,0.2877604067325592,0.6629999876022339,0.16410000622272491
YLR226W,YKL049C,1,-4.517118,0.2880694270133972,0.6639999747276306,0.16410000622272491
YJR119C,YOR159C,0,-4.5178614,0.287944495677948,0.6639999747276306,0.16419999301433563
YLL003W,YML010W,0,-4.5182095,0.28781968355178833,0.6639999747276306,0.16429999470710754
YMR287C,YGL020C,0,-4.518366,0.2876949608325958,0.6639999747276306,0.16439999639987946
YGR188C,YDR182W,0,-4.5185165,0.28757038712501526,0.6639999747276306,0.16449999809265137
YMR065W,YIL051C,0,-4.519457,0.28744587302207947,0.6639999747276306,0.16459999978542328
YIR023W,YEL051W,0,-4.5200257,0.2873215079307556,0.6639999747276306,0.1647000014781952
YJL058C,YBR215W,0,-4.520969,0.2871972322463989,0.6639999747276306,0.1648000031709671
YOL078W,YBR093C,0,-4.52169,0.2870730757713318,0.6639999747276306,0.164900004863739
YKR038C,YFL049W,0,-4.5222025,0.2869490087032318,0.6639999747276306,0.16500000655651093
YMR025W,YPR186C,0,-4.523096,0.2868250608444214,0.6639999747276306,0.16509999334812164
YIL144W,YNL299W,1,-4.5237885,0.28713297843933105,0.6650000214576721,0.16509999334812164
YFR040W,YPL206C,0,-4.524169,0.287009060382843,0.6650000214576721,0.16519999504089355
YGL251C,YMR088C,0,-4.524275,0.28688523173332214,0.6650000214576721,0.16529999673366547
YKR026C,YGR172C,0,-4.5242805,0.2867615222930908,0.6650000214576721,0.16539999842643738
YBR278W,YCL032W,0,-4.5251465,0.28663793206214905,0.6650000214576721,0.1655000001192093
YJR118C,YGL153W,0,-4.5252457,0.28651443123817444,0.6650000214576721,0.1656000018119812
YFR036W,YPL008W,1,-4.52582,0.2868216931819916,0.6660000085830688,0.1656000018119812
YAL013W,YNL227C,0,-4.525873,0.28669822216033936,0.6660000085830688,0.1657000035047531
YLR127C,YOL006C,1,-4.5259976,0.28700515627861023,0.6669999957084656,0.1657000035047531
YJL201W,YFR008W,0,-4.5261765,0.2868817150592804,0.6669999957084656,0.16580000519752502
YIL042C,YJL187C,0,-4.52625,0.2867583930492401,0.6669999957084656,0.16590000689029694
YOR354C,YMR293C,0,-4.5263577,0.286635160446167,0.6669999957084656,0.16599999368190765
YBR086C,YMR106C,0,-4.526514,0.28651201725006104,0.6669999957084656,0.16609999537467957
YML052W,YBR061C,0,-4.5269375,0.28638899326324463,0.6669999957084656,0.16619999706745148
YPL269W,YPR165W,0,-4.527928,0.2862660884857178,0.6669999957084656,0.1662999987602234
YHR059W,YPR056W,0,-4.528494,0.2861432731151581,0.6669999957084656,0.1664000004529953
YDL245C,YCR008W,0,-4.529193,0.28602057695388794,0.6669999957084656,0.1665000021457672
YLR212C,YLR090W,0,-4.529491,0.28589800000190735,0.6669999957084656,0.16660000383853912
YDR118W,YIR011C,1,-4.5306215,0.28620395064353943,0.6679999828338623,0.16660000383853912
YBR008C,YHR027C,0,-4.5314054,0.28608137369155884,0.6679999828338623,0.16670000553131104
YGR230W,YNL079C,0,-4.5317125,0.2859589159488678,0.6679999828338623,0.16680000722408295
YIR009W,YIL048W,0,-4.5327253,0.2858365476131439,0.6679999828338623,0.16689999401569366
YPL008W,YJR068W,1,-4.533,0.2861419916152954,0.6690000295639038,0.16689999401569366
YFL024C,YPR121W,0,-4.5333557,0.2860196530818939,0.6690000295639038,0.16699999570846558
YKR055W,YGL011C,0,-4.5336237,0.285897433757782,0.6690000295639038,0.1670999974012375
YGL247W,YML032C,0,-4.5349884,0.2857753038406372,0.6690000295639038,0.1671999990940094
YPR140W,YNL088W,0,-4.5358214,0.285653293132782,0.6690000295639038,0.1673000007867813
YLR170C,YER159C,0,-4.536004,0.2855313718318939,0.6690000295639038,0.16740000247955322
YKL203C,YBR061C,0,-4.5362787,0.2854095697402954,0.6690000295639038,0.16750000417232513
YHR204W,YOL104C,0,-4.5364094,0.28528785705566406,0.6690000295639038,0.16760000586509705
YHR015W,YJL025W,0,-4.536716,0.2851662337779999,0.6690000295639038,0.16769999265670776
YJL128C,YNR039C,0,-4.536909,0.28504472970962524,0.6690000295639038,0.16779999434947968
YBR211C,YOR014W,1,-4.537833,0.2853492200374603,0.6700000166893005,0.16779999434947968
YDR130C,YMR076C,1,-4.5386696,0.2856534719467163,0.6710000038146973,0.16779999434947968
YFR036W,YDL003W,1,-4.538899,0.2859574556350708,0.671999990940094,0.16779999434947968
YLR226W,YBL079W,1,-4.539147,0.2862611711025238,0.6729999780654907,0.16779999434947968
YML008C,YAL024C,0,-4.540958,0.28613945841789246,0.6729999780654907,0.1678999960422516
YIR005W,YMR022W,0,-4.5409613,0.28601783514022827,0.6729999780654907,0.1679999977350235
YDR524C,YLR105C,0,-4.5410166,0.285896360874176,0.6729999780654907,0.1680999994277954
YDL140C,YPR088C,0,-4.541806,0.28577494621276855,0.6729999780654907,0.16820000112056732
YBR073W,YMR190C,1,-4.542025,0.2860780954360962,0.6740000247955322,0.16820000112056732
YDR329C,YDL120W,0,-4.5423455,0.2859567105770111,0.6740000247955322,0.16830000281333923
YLR214W,YPL133C,0,-4.542444,0.2858354449272156,0.6740000247955322,0.16840000450611115
YDL212W,YOR075W,0,-4.5434437,0.2857142984867096,0.6740000247955322,0.16850000619888306
YBL057C,YMR227C,0,-4.544569,0.2855932116508484,0.6740000247955322,0.16859999299049377
YNL330C,YMR127C,0,-4.546967,0.28547224402427673,0.6740000247955322,0.16869999468326569
YOL001W,YGR033C,0,-4.547934,0.28535139560699463,0.6740000247955322,0.1687999963760376
YDR113C,YFL037W,1,-4.548313,0.28565382957458496,0.675000011920929,0.1687999963760376
YLR246W,YBR129C,0,-4.5483627,0.28553298115730286,0.675000011920929,0.1688999980688095
YLR102C,YMR190C,1,-4.5491276,0.2858350872993469,0.6759999990463257,0.1688999980688095
YGR120C,YNL027W,0,-4.5494447,0.2857142984867096,0.6759999990463257,0.16899999976158142
YOR269W,YDR238C,0,-4.5496387,0.28559356927871704,0.6759999990463257,0.16910000145435333
YKL129C,YDR407C,0,-4.5509744,0.28547295928001404,0.6759999990463257,0.16920000314712524
YKR095W-A,YMR302C,0,-4.5510764,0.2853524684906006,0.6759999990463257,0.16930000483989716
YDL079C,YOL031C,0,-4.5511665,0.2852320671081543,0.6759999990463257,0.16940000653266907
YDL245C,YMR127C,0,-4.551351,0.28511175513267517,0.6759999990463257,0.16949999332427979
YDR477W,YJR110W,0,-4.5514174,0.2849915623664856,0.6759999990463257,0.1695999950170517
YLR330W,YMR109W,0,-4.5530806,0.2848714590072632,0.6759999990463257,0.1696999967098236
YBR170C,YOR353C,0,-4.553561,0.2847514748573303,0.6759999990463257,0.16979999840259552
YNL311C,YMR125W,0,-4.554362,0.2846315801143646,0.6759999990463257,0.16990000009536743
YPL204W,YOR156C,1,-4.554892,0.2849326729774475,0.6769999861717224,0.16990000009536743
YJL019W,YDR113C,1,-4.5549126,0.2852334976196289,0.6779999732971191,0.16990000009536743
YAL058W,YNL090W,0,-4.5549645,0.28511354327201843,0.6779999732971191,0.17000000178813934
YHR030C,YDR213W,0,-4.555355,0.2849937081336975,0.6779999732971191,0.17010000348091125
YDL008W,YML124C,1,-4.555793,0.2852941155433655,0.6790000200271606,0.17010000348091125
YOR074C,YGL093W,0,-4.5562873,0.28517431020736694,0.6790000200271606,0.17020000517368317
YDR376W,YGR113W,0,-4.5575113,0.2850545644760132,0.6790000200271606,0.17030000686645508
YER016W,YHR191C,1,-4.5576916,0.2853545844554901,0.6800000071525574,0.17030000686645508
YOL164W,YPR031W,0,-4.557723,0.28523489832878113,0.6800000071525574,0.1703999936580658
YDL003W,YMR190C,1,-4.558836,0.2855345904827118,0.6809999942779541,0.1703999936580658
YJL024C,YNL068C,0,-4.559348,0.2854149341583252,0.6809999942779541,0.1704999953508377
YIR023W,YHR042W,0,-4.5600576,0.2852953374385834,0.6809999942779541,0.17059999704360962
YMR095C,YLR313C,0,-4.5606923,0.2851758897304535,0.6809999942779541,0.17069999873638153
YDR457W,YIL039W,0,-4.560978,0.2850565016269684,0.6809999942779541,0.17080000042915344
YDL013W,YPL125W,0,-4.5616117,0.2849372327327728,0.6809999942779541,0.17090000212192535
YMR275C,YGL112C,0,-4.5616913,0.28481805324554443,0.6809999942779541,0.17100000381469727
YGR275W,YFL008W,1,-4.562232,0.2851170599460602,0.6819999814033508,0.17100000381469727
YPL097W,YML103C,0,-4.562773,0.2849979102611542,0.6819999814033508,0.17110000550746918
YGL241W,YPL043W,0,-4.562788,0.28487884998321533,0.6819999814033508,0.1712000072002411
YKL048C,YKL062W,0,-4.5630217,0.28475990891456604,0.6819999814033508,0.1712999939918518
YGR216C,YNL257C,0,-4.5632963,0.2846410572528839,0.6819999814033508,0.17139999568462372
YER157W,YGL254W,0,-4.564621,0.28452232480049133,0.6819999814033508,0.17149999737739563
YDR479C,YHR099W,0,-4.564766,0.2844036817550659,0.6819999814033508,0.17159999907016754
YKL016C,YPL153C,0,-4.5649376,0.28428512811660767,0.6819999814033508,0.17170000076293945
YFR031C,YNL299W,1,-4.565242,0.28458333015441895,0.6830000281333923,0.17170000076293945
YBR211C,YLR357W,1,-4.565307,0.2848812937736511,0.6840000152587891,0.17170000076293945
YHR191C,YDR325W,1,-4.5655956,0.2851790189743042,0.6850000023841858,0.17170000076293945
YDL154W,YIL063C,0,-4.5658345,0.2850603461265564,0.6850000023841858,0.17180000245571136
YJR010C-A,YER093C,0,-4.5662746,0.28494176268577576,0.6850000023841858,0.17190000414848328
YJR097W,YDR208W,0,-4.5665874,0.28482329845428467,0.6850000023841858,0.1720000058412552
YDL160C,YHR074W,0,-4.5667686,0.28470489382743835,0.6850000023841858,0.1720999926328659
YBL069W,YLR430W,0,-4.567356,0.2845866084098816,0.6850000023841858,0.17219999432563782
YBR243C,YNR032C-A,0,-4.5676785,0.2844684422016144,0.6850000023841858,0.17229999601840973
YJR069C,YKR087C,0,-4.568811,0.28435036540031433,0.6850000023841858,0.17239999771118164
YJL011C,YKL041W,0,-4.5688124,0.28423237800598145,0.6850000023841858,0.17249999940395355
YBL047C,YBR114W,0,-4.569132,0.2841144800186157,0.6850000023841858,0.17260000109672546
YPL115C,YDR192C,0,-4.5698376,0.28399667143821716,0.6850000023841858,0.17270000278949738
YAL056W,YOL055C,0,-4.5698624,0.28387898206710815,0.6850000023841858,0.1728000044822693
YAL015C,YLR266C,0,-4.570406,0.2837613821029663,0.6850000023841858,0.1729000061750412
YIL007C,YOR137C,0,-4.57084,0.283643901348114,0.6850000023841858,0.17299999296665192
YKL112W,YDR437W,0,-4.570858,0.2835264801979065,0.6850000023841858,0.17309999465942383
YOR058C,YJL056C,0,-4.571495,0.2834091782569885,0.6850000023841858,0.17319999635219574
YHR031C,YKL020C,0,-4.5716705,0.2832919657230377,0.6850000023841858,0.17329999804496765
YGR030C,YDR198C,0,-4.571676,0.28317487239837646,0.6850000023841858,0.17339999973773956
YBR298C,YPR075C,0,-4.572318,0.28305783867836,0.6850000023841858,0.17350000143051147
YKL135C,YNL311C,0,-4.573267,0.28294092416763306,0.6850000023841858,0.1736000031232834
YKR007W,YPR161C,0,-4.5737085,0.2828240990638733,0.6850000023841858,0.1737000048160553
YDR168W,YLR135W,0,-4.5739594,0.2827073931694031,0.6850000023841858,0.1738000065088272
YPR037C,YBR294W,0,-4.57408,0.28259074687957764,0.6850000023841858,0.17389999330043793
YKL122C,YOR075W,0,-4.574451,0.28247421979904175,0.6850000023841858,0.17399999499320984
YLR131C,YKL135C,0,-4.5754943,0.282357782125473,0.6850000023841858,0.17409999668598175
YNL239W,YMR036C,0,-4.5755534,0.28224146366119385,0.6850000023841858,0.17419999837875366
YOR237W,YLL002W,0,-4.575703,0.28212520480155945,0.6850000023841858,0.17430000007152557
YPL112C,YOR179C,0,-4.575847,0.2820090651512146,0.6850000023841858,0.17440000176429749
YFR027W,YIR011C,1,-4.576437,0.2823045253753662,0.6859999895095825,0.17440000176429749
YGR028W,YJL156C,0,-4.5768433,0.28218838572502136,0.6859999895095825,0.1745000034570694
YGR166W,YKR089C,0,-4.577201,0.28207236528396606,0.6859999895095825,0.1746000051498413
YER051W,YHL006C,0,-4.577711,0.28195643424987793,0.6859999895095825,0.17470000684261322
YGL240W,YOL006C,1,-4.5780306,0.2822514474391937,0.6869999766349792,0.17470000684261322
YCR010C,YLR135W,0,-4.5781245,0.2821355164051056,0.6869999766349792,0.17479999363422394
YNL153C,YMR112C,0,-4.5784564,0.282019704580307,0.6869999766349792,0.17489999532699585
YOL013C,YMR065W,0,-4.5794163,0.2819039821624756,0.6869999766349792,0.17499999701976776
YMR198W,YKL193C,1,-4.5795126,0.2821985185146332,0.6880000233650208,0.17499999701976776
YHL031C,YPL218W,0,-4.5797853,0.28208282589912415,0.6880000233650208,0.17509999871253967
YMR211W,YOR241W,0,-4.5799475,0.2819672226905823,0.6880000233650208,0.17520000040531158
YDR118W,YBL079W,1,-4.58104,0.28226137161254883,0.6890000104904175,0.17520000040531158
YPL204W,YFL008W,1,-4.581606,0.2825552821159363,0.6899999976158142,0.17520000040531158
YNL242W,YMR224C,0,-4.582157,0.28243961930274963,0.6899999976158142,0.1753000020980835
YOL094C,YOL006C,1,-4.5829477,0.2827332317829132,0.6909999847412109,0.1753000020980835
YHL038C,YJR160C,0,-4.5832286,0.28261759877204895,0.6909999847412109,0.1754000037908554
YGR089W,YMR076C,1,-4.5841494,0.28291088342666626,0.6919999718666077,0.1754000037908554
YDL004W,YDR473C,0,-4.5844913,0.282795250415802,0.6919999718666077,0.17550000548362732
YDR162C,YDR456W,0,-4.584502,0.2826797366142273,0.6919999718666077,0.17560000717639923
YPL242C,YDR122W,0,-4.584527,0.28256431221961975,0.6919999718666077,0.17569999396800995
YFL031W,YGL243W,0,-4.5845494,0.28244897723197937,0.6919999718666077,0.17579999566078186
YNL270C,YLL042C,0,-4.585207,0.28233373165130615,0.6919999718666077,0.17589999735355377
YCL055W,YOL055C,0,-4.5852537,0.2822186052799225,0.6919999718666077,0.17599999904632568
YGL070C,YGR229C,0,-4.586421,0.2821035385131836,0.6919999718666077,0.1761000007390976
YNL078W,YGR258C,0,-4.586786,0.28198859095573425,0.6919999718666077,0.1762000024318695
YML102W,YER125W,0,-4.5872474,0.2818737328052521,0.6919999718666077,0.17630000412464142
YHR059W,YJL112W,0,-4.5881,0.28175896406173706,0.6919999718666077,0.17640000581741333
YGL190C,YAL010C,0,-4.588111,0.2816442847251892,0.6919999718666077,0.17649999260902405
YIL042C,YHR074W,0,-4.588127,0.2815296947956085,0.6919999718666077,0.17659999430179596
YNL073W,YGL062W,0,-4.588269,0.2814152240753174,0.6919999718666077,0.17669999599456787
YAL042W,YKL059C,0,-4.5890703,0.281300812959671,0.6919999718666077,0.17679999768733978
YER116C,YER005W,0,-4.589208,0.2811865210533142,0.6919999718666077,0.1768999993801117
YIL131C,YDR285W,0,-4.58953,0.2810722887516022,0.6919999718666077,0.1770000010728836
YLR220W,YLR195C,0,-4.5908337,0.2809581756591797,0.6919999718666077,0.17710000276565552
YLR382C,YPR056W,0,-4.591254,0.28084415197372437,0.6919999718666077,0.17720000445842743
YAL041W,YGL066W,0,-4.5922227,0.2807302176952362,0.6919999718666077,0.17730000615119934
YFL008W,YNL299W,1,-4.5953536,0.2810218930244446,0.6930000185966492,0.17730000615119934
YER040W,YGR143W,0,-4.5954065,0.2809079885482788,0.6930000185966492,0.17739999294281006
YHR116W,YGL051W,0,-4.5954323,0.2807941734790802,0.6930000185966492,0.17749999463558197
YPL082C,YOR327C,0,-4.595865,0.28068044781684875,0.6930000185966492,0.17759999632835388
YHR011W,YMR236W,0,-4.5958805,0.2805668115615845,0.6930000185966492,0.1776999980211258
YHL031C,YNL088W,0,-4.596734,0.28045326471328735,0.6930000185966492,0.1777999997138977
YHR200W,YLR020C,0,-4.5970936,0.2803398072719574,0.6930000185966492,0.17790000140666962
YCL029C,YMR101C,0,-4.5979834,0.2802264392375946,0.6930000185966492,0.17800000309944153
YLR304C,YNR058W,0,-4.5983067,0.28011319041252136,0.6930000185966492,0.17810000479221344
YJR060W,YEL061C,1,-4.5985947,0.2804040312767029,0.6940000057220459,0.17810000479221344
YOL101C,YOR117W,0,-4.600057,0.28029078245162964,0.6940000057220459,0.17820000648498535
YOR284W,YLR034C,0,-4.600095,0.28017762303352356,0.6940000057220459,0.17829999327659607
YJL106W,YCR073C,0,-4.6005745,0.28006458282470703,0.6940000057220459,0.17839999496936798
YNL225C,YJR013W,0,-4.600802,0.2799516022205353,0.6940000057220459,0.1784999966621399
YPR021C,YBR193C,0,-4.6029177,0.2798387110233307,0.6940000057220459,0.1785999983549118
YNR056C,YOL063C,0,-4.6031303,0.27972590923309326,0.6940000057220459,0.17870000004768372
YJR083C,YOL110W,0,-4.6032662,0.2796132266521454,0.6940000057220459,0.17880000174045563
YML080W,YDL092W,0,-4.6046786,0.2795006036758423,0.6940000057220459,0.17890000343322754
YPR082C,YFR003C,0,-4.604954,0.27938807010650635,0.6940000057220459,0.17900000512599945
YNL042W,YMR096W,0,-4.605068,0.27927565574645996,0.6940000057220459,0.17910000681877136
YGL070C,YLL003W,0,-4.6052527,0.27916330099105835,0.6940000057220459,0.17919999361038208
YJL209W,YBR198C,0,-4.606226,0.2790510654449463,0.6940000057220459,0.179299995303154
YNL053W,YPL218W,0,-4.606279,0.2789389193058014,0.6940000057220459,0.1793999969959259
YJL019W,YDR180W,1,-4.606286,0.2792285978794098,0.6949999928474426,0.1793999969959259
YDL003W,YGR063C,1,-4.6068583,0.2795180678367615,0.6959999799728394,0.1793999969959259
YMR220W,YGR101W,0,-4.6077895,0.2794058620929718,0.6959999799728394,0.17949999868869781
YDR323C,YDR259C,0,-4.6081767,0.2792937457561493,0.6959999799728394,0.17960000038146973
YJL061W,YLR200W,0,-4.60874,0.27918171882629395,0.6959999799728394,0.17970000207424164
YER125W,YDR498C,0,-4.6089344,0.27906978130340576,0.6959999799728394,0.17980000376701355
YOL067C,YGL213C,0,-4.6092815,0.27895790338516235,0.6959999799728394,0.17990000545978546
YBR087W,YIL144W,1,-4.610341,0.27924680709838867,0.6970000267028809,0.17990000545978546
YLR096W,YDL225W,0,-4.6105824,0.27913495898246765,0.6970000267028809,0.18000000715255737
YIR005W,YKL148C,0,-4.611349,0.2790232300758362,0.6970000267028809,0.1800999939441681
YOR249C,YDR318W,1,-4.6115503,0.2793117165565491,0.6980000138282776,0.1800999939441681
YOL063C,YLR360W,0,-4.6116705,0.2791999876499176,0.6980000138282776,0.18019999563694
YGR057C,YFR050C,0,-4.6139016,0.2790883779525757,0.6980000138282776,0.18029999732971191
YIL128W,YDR142C,0,-4.6139774,0.27897682785987854,0.6980000138282776,0.18039999902248383
YBL079W,YMR117C,1,-4.6147876,0.2792648673057556,0.6990000009536743,0.18039999902248383
YER157W,YIL167W,0,-4.6148014,0.27915334701538086,0.6990000009536743,0.18050000071525574
YER157W,YJL157C,0,-4.615458,0.27904191613197327,0.6990000009536743,0.18060000240802765
YDL149W,YDL132W,0,-4.615727,0.27893057465553284,0.6990000009536743,0.18070000410079956
YCR048W,YBL023C,0,-4.615841,0.2788192927837372,0.6990000009536743,0.18080000579357147
YMR112C,YBR098W,0,-4.6161547,0.2787081301212311,0.6990000009536743,0.1808999925851822
YDR183W,YMR239C,0,-4.6164,0.27859705686569214,0.6990000009536743,0.1809999942779541
YKL165C,YFR034C,0,-4.6178627,0.278486043214798,0.6990000009536743,0.181099995970726
YLR067C,YLR193C,0,-4.6183176,0.27837514877319336,0.6990000009536743,0.18119999766349792
YJR094C,YNL025C,0,-4.619226,0.2782643437385559,0.6990000009536743,0.18129999935626984
YPL006W,YHL006C,0,-4.620308,0.27815359830856323,0.6990000009536743,0.18140000104904175
YDL164C,YPL125W,0,-4.6214113,0.2780429720878601,0.6990000009536743,0.18150000274181366
YKR089C,YKL058W,0,-4.6217384,0.27793240547180176,0.6990000009536743,0.18160000443458557
YCR107W,YBR279W,0,-4.6217747,0.27782192826271057,0.6990000009536743,0.18170000612735748
YKL022C,YDR318W,1,-4.6218834,0.2781088650226593,0.699999988079071,0.18170000612735748
YDR318W,YML085C,1,-4.6222954,0.27839556336402893,0.7009999752044678,0.18170000612735748
YOR126C,YKL108W,0,-4.6229763,0.27828502655029297,0.7009999752044678,0.1817999929189682
YBL057C,YCL032W,0,-4.6230383,0.27817460894584656,0.7009999752044678,0.1818999946117401
YIL035C,YJR082C,0,-4.6233463,0.2780642509460449,0.7009999752044678,0.18199999630451202
YLR260W,YHR079C-A,0,-4.6236343,0.27795401215553284,0.7009999752044678,0.18209999799728394
YDL117W,YOL065C,0,-4.623844,0.2778438329696655,0.7009999752044678,0.18219999969005585
YEL029C,YOL044W,0,-4.624675,0.2777337431907654,0.7009999752044678,0.18230000138282776
YJL094C,YCR067C,0,-4.6247654,0.2776237726211548,0.7009999752044678,0.18240000307559967
YOR354C,YDR201W,0,-4.625184,0.27751386165618896,0.7009999752044678,0.18250000476837158
YGL247W,YMR055C,0,-4.6253405,0.2774040400981903,0.7009999752044678,0.1826000064611435
YER032W,YIL135C,0,-4.6260576,0.2772943079471588,0.7009999752044678,0.1826999932527542
YAL035W,YBR279W,0,-4.626141,0.2771846652030945,0.7009999752044678,0.18279999494552612
YGL240W,YJR068W,1,-4.626162,0.27747035026550293,0.7020000219345093,0.18279999494552612
YNR030W,YOR069W,0,-4.6279154,0.277360737323761,0.7020000219345093,0.18289999663829803
YMR192W,YGR059W,0,-4.628124,0.2772511839866638,0.7020000219345093,0.18299999833106995
YOL117W,YAR042W,0,-4.628476,0.2771417200565338,0.7020000219345093,0.18310000002384186
YPR122W,YGR188C,0,-4.629698,0.27703234553337097,0.7020000219345093,0.18320000171661377
YPL084W,YAL032C,0,-4.6298943,0.2769230902194977,0.7020000219345093,0.18330000340938568
YLR231C,YBL064C,0,-4.630003,0.27681389451026917,0.7020000219345093,0.1834000051021576
YLR176C,YGL175C,0,-4.6300526,0.2767047584056854,0.7020000219345093,0.1835000067949295
YKL186C,YDR464W,0,-4.6303153,0.27659574151039124,0.7020000219345093,0.18359999358654022
YIL035C,YHR200W,0,-4.6305637,0.2764868140220642,0.7020000219345093,0.18369999527931213
YMR213W,YGR112W,0,-4.6306214,0.27637794613838196,0.7020000219345093,0.18379999697208405
YOL117W,YOL031C,0,-4.6314745,0.27626919746398926,0.7020000219345093,0.18389999866485596
YHL027W,YLR298C,0,-4.632896,0.27616050839424133,0.7020000219345093,0.18400000035762787
YGL229C,YMR101C,0,-4.633074,0.27605190873146057,0.7020000219345093,0.18410000205039978
YLR314C,YHR011W,0,-4.6337266,0.275943398475647,0.7020000219345093,0.1842000037431717
YHR024C,YPL097W,0,-4.633877,0.27583497762680054,0.7020000219345093,0.1843000054359436
YDL105W,YFL059W,0,-4.6351705,0.2757266163825989,0.7020000219345093,0.18440000712871552
YLR386W,YOR087W,0,-4.635459,0.27561837434768677,0.7020000219345093,0.18449999392032623
YDL174C,YPR139C,0,-4.6356277,0.27551019191741943,0.7020000219345093,0.18459999561309814
YIL044C,YPR018W,0,-4.6362686,0.27540212869644165,0.7020000219345093,0.18469999730587006
YFR013W,YGR014W,0,-4.636307,0.27529412508010864,0.7020000219345093,0.18479999899864197
YOR032C,YBR215W,0,-4.6373615,0.2751862108707428,0.7020000219345093,0.18490000069141388
YKR024C,YKR008W,0,-4.6374393,0.27507835626602173,0.7020000219345093,0.1850000023841858
YPL084W,YOR250C,0,-4.63749,0.2749706208705902,0.7020000219345093,0.1851000040769577
YNL282W,YOR115C,0,-4.6376195,0.27486297488212585,0.7020000219345093,0.18520000576972961
YPR046W,YER147C,1,-4.6378384,0.2751467823982239,0.703000009059906,0.18520000576972961
YHR099W,YER100W,0,-4.6379395,0.2750391364097595,0.703000009059906,0.18529999256134033
YEL029C,YGL254W,0,-4.638169,0.27493155002593994,0.703000009059906,0.18539999425411224
YER172C,YOR074C,0,-4.6383896,0.2748240828514099,0.703000009059906,0.18549999594688416
YPL115C,YBR279W,0,-4.6384068,0.27471667528152466,0.703000009059906,0.18559999763965607
YER162C,YPR139C,0,-4.6391425,0.27460938692092896,0.703000009059906,0.18569999933242798
YOR233W,YEL019C,0,-4.6391773,0.274502158164978,0.703000009059906,0.1858000010251999
YIL007C,YNL251C,0,-4.640463,0.2743949890136719,0.703000009059906,0.1859000027179718
YML077W,YCR052W,0,-4.6405034,0.2742879390716553,0.703000009059906,0.1860000044107437
YJR083C,YPR070W,0,-4.640899,0.27418097853660583,0.703000009059906,0.18610000610351562
YJL080C,YFR031C,1,-4.641299,0.274463951587677,0.7039999961853027,0.18610000610351562
YNL103W,YPR032W,0,-4.6413264,0.2743569612503052,0.7039999961853027,0.18619999289512634
YIL159W,YNL292W,0,-4.6422358,0.2742500901222229,0.7039999961853027,0.18629999458789825
YBR112C,YIL014W,0,-4.6422844,0.2741433084011078,0.7039999961853027,0.18639999628067017
YJL198W,YMR125W,0,-4.6426973,0.27403658628463745,0.7039999961853027,0.18649999797344208
YPR029C,YGL011C,0,-4.6434393,0.2739299535751343,0.7039999961853027,0.186599999666214
YIL153W,YJL154C,0,-4.643902,0.27382341027259827,0.7039999961853027,0.1867000013589859
YMR198W,YGR063C,1,-4.6440883,0.2741057574748993,0.7049999833106995,0.1867000013589859
YIL140W,YJL011C,0,-4.6445913,0.2739992141723633,0.7049999833106995,0.1868000030517578
YOR026W,YDR153C,0,-4.6446576,0.27389276027679443,0.7049999833106995,0.18690000474452972
YMR081C,YPL187W,0,-4.644691,0.27378639578819275,0.7049999833106995,0.18700000643730164
YOL108C,YHR091C,0,-4.6447244,0.2736801207065582,0.7049999833106995,0.18709999322891235
YPR046W,YJL019W,1,-4.6448956,0.27396196126937866,0.7059999704360962,0.18709999322891235
YER172C,YJL061W,0,-4.645092,0.27385571599006653,0.7059999704360962,0.18719999492168427
YDR052C,YKR014C,0,-4.645512,0.2737495005130768,0.7059999704360962,0.18729999661445618
YAL059W,YNR039C,0,-4.645877,0.2736434042453766,0.7059999704360962,0.1873999983072281
YLL022C,YDR478W,0,-4.6462536,0.27353739738464355,0.7059999704360962,0.1875
YMR238W,YKR028W,0,-4.6470776,0.2734314501285553,0.7059999704360962,0.1876000016927719
YGL169W,YER123W,0,-4.647187,0.2733255922794342,0.7059999704360962,0.18770000338554382
YER032W,YGL044C,0,-4.6473713,0.2732198238372803,0.7059999704360962,0.18780000507831573
YDL105W,YNR052C,0,-4.6478148,0.2731141149997711,0.7059999704360962,0.18790000677108765
YGL092W,YDR362C,0,-4.6486874,0.2730084955692291,0.7059999704360962,0.18799999356269836
YPL076W,YCL061C,0,-4.648827,0.2729029655456543,0.7059999704360962,0.18809999525547028
YBL052C,YHR012W,0,-4.649166,0.27279752492904663,0.7059999704360962,0.1881999969482422
YDL138W,YHR172W,0,-4.649419,0.27269217371940613,0.7059999704360962,0.1882999986410141
YPR199C,YLR097C,0,-4.6496544,0.2725868821144104,0.7059999704360962,0.188400000333786
YNL199C,YOR032C,0,-4.6500387,0.27248167991638184,0.7059999704360962,0.18850000202655792
YDR469W,YDR189W,0,-4.6506557,0.27237653732299805,0.7059999704360962,0.18860000371932983
YMR311C,YOR073W,1,-4.651025,0.2726571559906006,0.7070000171661377,0.18860000371932983
YEL002C,YJR110W,0,-4.651334,0.2725520431995392,0.7070000171661377,0.18870000541210175
YOL135C,YBR216C,0,-4.6514645,0.27244701981544495,0.7070000171661377,0.18880000710487366
YKL101W,YGL086W,0,-4.6522317,0.2723420560359955,0.7070000171661377,0.18889999389648438
YLR098C,YBR297W,0,-4.652261,0.27223721146583557,0.7070000171661377,0.1889999955892563
YMR072W,YGL249W,0,-4.6525087,0.27213239669799805,0.7070000171661377,0.1890999972820282
YIL128W,YNL074C,0,-4.652726,0.2720277011394501,0.7070000171661377,0.1891999989748001
YKR034W,YGR028W,0,-4.6527853,0.2719230651855469,0.7070000171661377,0.18930000066757202
YHR115C,YML059C,0,-4.652854,0.27181851863861084,0.7070000171661377,0.18940000236034393
YNR056C,YLR403W,0,-4.653163,0.27171406149864197,0.7070000171661377,0.18950000405311584
YHR027C,YBR283C,0,-4.6542654,0.27160969376564026,0.7070000171661377,0.18960000574588776
YDL102W,YJR052W,0,-4.6551895,0.2715053856372833,0.7070000171661377,0.18970000743865967
YLR119W,YLR386W,0,-4.655236,0.27140113711357117,0.7070000171661377,0.18979999423027039
YLR170C,YIL014W,0,-4.6552815,0.27129700779914856,0.7070000171661377,0.1898999959230423
YKR035W-A,YCL063W,0,-4.655449,0.2711929380893707,0.7070000171661377,0.1899999976158142
YLR394W,YBL058W,0,-4.65575,0.27108895778656006,0.7070000171661377,0.19009999930858612
YDR317W,YMR156C,0,-4.6558805,0.27098503708839417,0.7070000171661377,0.19020000100135803
YOL135C,YOL038W,0,-4.6559916,0.2708812355995178,0.7070000171661377,0.19030000269412994
YPL254W,YBR009C,0,-4.6562133,0.27077749371528625,0.7070000171661377,0.19040000438690186
YJL194W,YKR053C,0,-4.6562557,0.27067381143569946,0.7070000171661377,0.19050000607967377
YNL242W,YKL046C,0,-4.6569014,0.27057021856307983,0.7070000171661377,0.19059999287128448
YOL013C,YFL060C,0,-4.657794,0.27046671509742737,0.7070000171661377,0.1906999945640564
YKR034W,YOL005C,0,-4.66144,0.27036330103874207,0.7070000171661377,0.1907999962568283
YIR008C,YOR049C,0,-4.66149,0.27025994658470154,0.7070000171661377,0.19089999794960022
YGL229C,YLR386W,0,-4.6622057,0.2701566815376282,0.7070000171661377,0.19099999964237213
YPL193W,YGL066W,0,-4.662266,0.2700534760951996,0.7070000171661377,0.19110000133514404
YOR259C,YGR033C,0,-4.66232,0.26995036005973816,0.7070000171661377,0.19120000302791595
YLL042C,YOR320C,0,-4.6629844,0.2698473334312439,0.7070000171661377,0.19130000472068787
YOR335C,YPL047W,0,-4.6635504,0.2697443664073944,0.7070000171661377,0.19140000641345978
YGL167C,YJR049C,0,-4.663612,0.2696414887905121,0.7070000171661377,0.1914999932050705
YDR448W,YIL085C,0,-4.664735,0.2695387005805969,0.7070000171661377,0.1915999948978424
YBR087W,YIL126W,1,-4.6651926,0.2698170840740204,0.7080000042915344,0.1915999948978424
YOR284W,YBR106W,0,-4.665777,0.2697142958641052,0.7080000042915344,0.19169999659061432
YJL140W,YDR460W,0,-4.6663623,0.26961156725883484,0.7080000042915344,0.19179999828338623
YOR261C,YKL018W,0,-4.6668644,0.269508957862854,0.7080000042915344,0.19189999997615814
YKR054C,YML124C,1,-4.6675825,0.26978692412376404,0.7089999914169312,0.19189999997615814
YIL131C,YDR490C,0,-4.667925,0.2696842849254608,0.7089999914169312,0.19200000166893005
YLR176C,YGL112C,0,-4.668444,0.26958173513412476,0.7089999914169312,0.19210000336170197
YBR131W,YDR515W,0,-4.6687284,0.26947927474975586,0.7089999914169312,0.19220000505447388
YMR081C,YER100W,0,-4.66881,0.2693769037723541,0.7089999914169312,0.1923000067472458
YBR179C,YDR420W,0,-4.669018,0.26927459239959717,0.7089999914169312,0.1923999935388565
YAL026C,YMR197C,0,-4.669381,0.2691723704338074,0.7089999914169312,0.19249999523162842
YPR017C,YER031C,0,-4.669605,0.26907020807266235,0.7089999914169312,0.19259999692440033
YJL146W,YDL138W,0,-4.669828,0.2689681351184845,0.7089999914169312,0.19269999861717224
YNL261W,YKL014C,0,-4.6704955,0.2688661217689514,0.7089999914169312,0.19280000030994415
YAL024C,YIR009W,0,-4.670695,0.2687642276287079,0.7089999914169312,0.19290000200271606
YER169W,YPR140W,0,-4.670945,0.26866236329078674,0.7089999914169312,0.19300000369548798
YMR038C,YML019W,0,-4.671487,0.26856061816215515,0.7089999914169312,0.1931000053882599
YHR169W,YDR446W,0,-4.671504,0.26845890283584595,0.7089999914169312,0.1932000070810318
YIR022W,YPR182W,0,-4.6715183,0.2683573067188263,0.7089999914169312,0.19329999387264252
YKR022C,YDR195W,0,-4.6728544,0.2682557702064514,0.7089999914169312,0.19339999556541443
YKL017C,YML031W,0,-4.6736326,0.2681543231010437,0.7089999914169312,0.19349999725818634
YPL231W,YBR168W,0,-4.6738033,0.26805293560028076,0.7089999914169312,0.19359999895095825
YKL049C,YBR087W,1,-4.6740646,0.26832956075668335,0.7099999785423279,0.19359999895095825
YGR140W,YMR076C,1,-4.674133,0.2686059772968292,0.7110000252723694,0.19359999895095825
YLR361C,YHR204W,0,-4.674184,0.2685045301914215,0.7110000252723694,0.19370000064373016
YLR399C,YCR094W,0,-4.6747713,0.26840317249298096,0.7110000252723694,0.19380000233650208
YMR138W,YPR072W,0,-4.6753364,0.2683018743991852,0.7110000252723694,0.193900004029274
YGR231C,YPR107C,0,-4.675645,0.26820066571235657,0.7110000252723694,0.1940000057220459
YJL024C,YAR007C,0,-4.675988,0.2680995464324951,0.7110000252723694,0.1941000074148178
YER112W,YPL206C,0,-4.6760197,0.26799848675727844,0.7110000252723694,0.19419999420642853
YJR040W,YOR172W,0,-4.676277,0.26789751648902893,0.7110000252723694,0.19429999589920044
YFR024C-A,YLR385C,0,-4.6763515,0.2677966058254242,0.7110000252723694,0.19439999759197235
YLR074C,YDL098C,0,-4.6772003,0.2676957845687866,0.7110000252723694,0.19449999928474426
YGR077C,YLR248W,0,-4.6772366,0.2675950229167938,0.7110000252723694,0.19460000097751617
YBR039W,YPR179C,0,-4.6772733,0.2674943506717682,0.7110000252723694,0.19470000267028809
YPL270W,YHR160C,0,-4.6798716,0.2673937678337097,0.7110000252723694,0.19480000436306
YNR030W,YJL071W,0,-4.68033,0.267293244600296,0.7110000252723694,0.1949000060558319
YDR379W,YDL128W,0,-4.6804047,0.2671927809715271,0.7110000252723694,0.19499999284744263
YBR290W,YDL076C,0,-4.6805296,0.26709240674972534,0.7110000252723694,0.19509999454021454
YIL061C,YGL097W,0,-4.680561,0.26699212193489075,0.7110000252723694,0.19519999623298645
YGR036C,YGL112C,0,-4.680757,0.2668918967247009,0.7110000252723694,0.19529999792575836
YDR270W,YJL110C,0,-4.6817226,0.2667917311191559,0.7110000252723694,0.19539999961853027
YGR014W,YBL041W,0,-4.6826477,0.2666916847229004,0.7110000252723694,0.19550000131130219
YOR193W,YBR080C,0,-4.68303,0.2665916681289673,0.7110000252723694,0.1956000030040741
YGL005C,YML092C,0,-4.68331,0.26649174094200134,0.7110000252723694,0.195700004696846
YBR170C,YDR082W,0,-4.683322,0.26639190316200256,0.7110000252723694,0.19580000638961792
YPL053C,YNL025C,0,-4.6839113,0.26629212498664856,0.7110000252723694,0.19589999318122864
YBR245C,YCR106W,0,-4.6841583,0.2661924362182617,0.7110000252723694,0.19599999487400055
YOR322C,YDR240C,0,-4.6844535,0.26609280705451965,0.7110000252723694,0.19609999656677246
YOR159C,YML115C,0,-4.6846848,0.26599326729774475,0.7110000252723694,0.19619999825954437
YNL273W,YML085C,1,-4.6848087,0.2662677764892578,0.7120000123977661,0.19619999825954437
YKL049C,YJL019W,1,-4.6857615,0.2665420472621918,0.7129999995231628,0.19619999825954437
YER008C,YDR285W,0,-4.6876335,0.2664424479007721,0.7129999995231628,0.19629999995231628
YLR314C,YBR244W,0,-4.687706,0.2663429081439972,0.7129999995231628,0.1964000016450882
YOR213C,YIL039W,0,-4.687768,0.26624345779418945,0.7129999995231628,0.1965000033378601
YPR001W,YKL042W,0,-4.6878304,0.2661440968513489,0.7129999995231628,0.19660000503063202
YNL048W,YIR033W,0,-4.687868,0.2660447657108307,0.7129999995231628,0.19670000672340393
YKR063C,YPR018W,0,-4.6879587,0.26594555377960205,0.7129999995231628,0.19679999351501465
YPR049C,YMR192W,0,-4.6879773,0.2658463716506958,0.7129999995231628,0.19689999520778656
YBR102C,YKL079W,0,-4.688116,0.2657473087310791,0.7129999995231628,0.19699999690055847
YPL112C,YMR061W,0,-4.6886,0.2656482756137848,0.7129999995231628,0.19709999859333038
YBR070C,YMR236W,0,-4.689085,0.26554936170578003,0.7129999995231628,0.1972000002861023
YPR179C,YBL004W,0,-4.6893635,0.26545047760009766,0.7129999995231628,0.1973000019788742
YOR156C,YGR063C,1,-4.689439,0.26572385430336,0.7139999866485596,0.1973000019788742
YOR025W,YDR142C,0,-4.6901503,0.265625,0.7139999866485596,0.19740000367164612
YPL127C,YPL128C,0,-4.690153,0.2655262053012848,0.7139999866485596,0.19750000536441803
YMR112C,YDR469W,0,-4.690377,0.26542750000953674,0.7139999866485596,0.19760000705718994
YLR102C,YGR275W,1,-4.6904726,0.26570048928260803,0.7149999737739563,0.19760000705718994
YGR179C,YKL193C,1,-4.6905413,0.2659732401371002,0.7160000205039978,0.19760000705718994
YAL040C,YNL317W,0,-4.690708,0.2658744752407074,0.7160000205039978,0.19769999384880066
YML078W,YNL272C,0,-4.6910067,0.26577579975128174,0.7160000205039978,0.19779999554157257
YLR363C,YBL007C,0,-4.691342,0.26567718386650085,0.7160000205039978,0.19789999723434448
YDL149W,YPL042C,0,-4.6928525,0.26557862758636475,0.7160000205039978,0.1979999989271164
YDL164C,YPR193C,0,-4.6930733,0.2654801607131958,0.7160000205039978,0.1981000006198883
YKL068W,YGL113W,0,-4.6933165,0.26538175344467163,0.7160000205039978,0.19820000231266022
YOR201C,YOR057W,0,-4.6935825,0.2652834355831146,0.7160000205039978,0.19830000400543213
YCR094W,YER116C,0,-4.6942215,0.2651851773262024,0.7160000205039978,0.19840000569820404
YJL210W,YHR206W,0,-4.694732,0.2650870084762573,0.7160000205039978,0.19850000739097595
YJL039C,YPR074C,0,-4.694835,0.26498889923095703,0.7160000205039978,0.19859999418258667
YPL096C-A,YMR021C,0,-4.694943,0.2648908495903015,0.7160000205039978,0.19869999587535858
YKL042W,YIL030C,0,-4.695147,0.26479288935661316,0.7160000205039978,0.1987999975681305
YGR155W,YLR145W,0,-4.6955285,0.26469501852989197,0.7160000205039978,0.1988999992609024
YNL148C,YOR321W,0,-4.6960897,0.26459717750549316,0.7160000205039978,0.19900000095367432
YHR086W,YML032C,0,-4.6970015,0.2644994556903839,0.7160000205039978,0.19910000264644623
YKR057W,YMR013C,0,-4.6970425,0.26440176367759705,0.7160000205039978,0.19920000433921814
YMR021C,YOR137C,0,-4.6970572,0.26430416107177734,0.7160000205039978,0.19930000603199005
YGL247W,YDR379W,0,-4.6975493,0.2642066478729248,0.7160000205039978,0.19939999282360077
YOR180C,YPL221W,0,-4.698127,0.26410919427871704,0.7160000205039978,0.19949999451637268
YFR001W,YLR275W,0,-4.6982346,0.26401180028915405,0.7160000205039978,0.1995999962091446
YPR018W,YDL058W,0,-4.6988325,0.2639144957065582,0.7160000205039978,0.1996999979019165
YPL126W,YLR383W,0,-4.7003846,0.2638172507286072,0.7160000205039978,0.19979999959468842
YGR275W,YIL126W,1,-4.7010045,0.26408839225769043,0.7170000076293945,0.19979999959468842
YLR246W,YKL119C,0,-4.7015676,0.26399117708206177,0.7170000076293945,0.19990000128746033
YHR194W,YOL026C,0,-4.7033772,0.2638939917087555,0.7170000076293945,0.20000000298023224
YPL069C,YDL207W,0,-4.7038755,0.2637968957424164,0.7170000076293945,0.20010000467300415
YOR098C,YNR026C,0,-4.7047477,0.26369988918304443,0.7170000076293945,0.20020000636577606
YBR211C,YHR014W,1,-4.7049937,0.26397058367729187,0.7179999947547913,0.20020000636577606
YIL009C-A,YDR238C,0,-4.705819,0.2638735771179199,0.7179999947547913,0.20029999315738678
YMR167W,YER042W,0,-4.7063317,0.26377663016319275,0.7179999947547913,0.2003999948501587
YPL010W,YML038C,0,-4.7066765,0.26367977261543274,0.7179999947547913,0.2004999965429306
YIL070C,YNL218W,0,-4.706908,0.2635829746723175,0.7179999947547913,0.20059999823570251
YBR213W,YHR074W,0,-4.7070518,0.26348623633384705,0.7179999947547913,0.20069999992847443
YFR008W,YLR090W,0,-4.707905,0.26338958740234375,0.7179999947547913,0.20080000162124634
YJR097W,YLR176C,0,-4.708558,0.26329299807548523,0.7179999947547913,0.20090000331401825
YOR371C,YOL108C,0,-4.708562,0.2631964683532715,0.7179999947547913,0.20100000500679016
YIL035C,YOR213C,0,-4.7088714,0.2631000280380249,0.7179999947547913,0.20110000669956207
YBR112C,YBR213W,0,-4.7097836,0.2630036771297455,0.7179999947547913,0.2011999934911728
YOR011W,YLR316C,0,-4.709816,0.26290735602378845,0.7179999947547913,0.2012999951839447
YBR114W,YHR031C,0,-4.7101183,0.2628111243247986,0.7179999947547913,0.2013999968767166
YGL130W,YGL013C,0,-4.7113795,0.2627149522304535,0.7179999947547913,0.20149999856948853
YNL021W,YDL111C,0,-4.712762,0.26261886954307556,0.7179999947547913,0.20160000026226044
YJL058C,YOR048C,0,-4.713342,0.2625228464603424,0.7179999947547913,0.20170000195503235
YJL058C,YPL118W,0,-4.7136106,0.2624269127845764,0.7179999947547913,0.20180000364780426
YNL021W,YJR074W,0,-4.7137456,0.2623310089111328,0.7179999947547913,0.20190000534057617
YGR262C,YMR127C,0,-4.714145,0.26223519444465637,0.7179999947547913,0.20200000703334808
YNL020C,YJL219W,0,-4.7141547,0.2621394693851471,0.7179999947547913,0.2020999938249588
YJL034W,YML064C,0,-4.7155633,0.2620438039302826,0.7179999947547913,0.2021999955177307
YHL020C,YJL087C,0,-4.7158184,0.26194819808006287,0.7179999947547913,0.20229999721050262
YLL001W,YMR299C,0,-4.716563,0.2618526518344879,0.7179999947547913,0.20239999890327454
YHR191C,YIL026C,1,-4.7166057,0.2621217668056488,0.718999981880188,0.20239999890327454
YIL132C,YKL193C,1,-4.716668,0.262390673160553,0.7200000286102295,0.20239999890327454
YGR227W,YIL121W,0,-4.7170405,0.26229506731033325,0.7200000286102295,0.20250000059604645
YAL041W,YML029W,0,-4.717404,0.2621995508670807,0.7200000286102295,0.20260000228881836
YLR377C,YCL001W,0,-4.7179728,0.2621041238307953,0.7200000286102295,0.20270000398159027
YGL028C,YLR090W,0,-4.7192054,0.2620087265968323,0.7200000286102295,0.20280000567436218
YJR069C,YBR245C,0,-4.719688,0.2619134187698364,0.7200000286102295,0.2029000073671341
YOR316C,YPR070W,0,-4.7197213,0.26181817054748535,0.7200000286102295,0.2029999941587448
YAL042W,YCL034W,0,-4.7198114,0.26172301173210144,0.7200000286102295,0.20309999585151672
YNL099C,YDL112W,0,-4.720021,0.2616279125213623,0.7200000286102295,0.20319999754428864
YPR082C,YNL093W,0,-4.720236,0.26153287291526794,0.7200000286102295,0.20329999923706055
YPR093C,YCR060W,0,-4.720742,0.26143792271614075,0.7200000286102295,0.20340000092983246
YDR130C,YGR179C,1,-4.7212887,0.26170599460601807,0.7210000157356262,0.20340000092983246
YJL184W,YCR014C,0,-4.7219315,0.26161104440689087,0.7210000157356262,0.20350000262260437
YFR051C,YLR105C,0,-4.7223253,0.26151615381240845,0.7210000157356262,0.20360000431537628
YOR018W,YCR018C,0,-4.722458,0.2614213228225708,0.7210000157356262,0.2037000060081482
YMR038C,YHR021C,0,-4.7229195,0.2613265812397003,0.7210000157356262,0.2037999927997589
YDR052C,YOR087W,0,-4.722976,0.2612318694591522,0.7210000157356262,0.20389999449253082
YLR394W,YCL001W,0,-4.7238626,0.2611372768878937,0.7210000157356262,0.20399999618530273
YIR021W,YML115C,0,-4.7243495,0.2610427141189575,0.7210000157356262,0.20409999787807465
YOR130C,YDL120W,0,-4.725332,0.2609482407569885,0.7210000157356262,0.20419999957084656
YML095C,YGR081C,0,-4.725677,0.2608538269996643,0.7210000157356262,0.20430000126361847
YMR277W,YHR082C,0,-4.7260046,0.26075950264930725,0.7210000157356262,0.20440000295639038
YPL137C,YNL273W,1,-4.726137,0.2610267400741577,0.722000002861023,0.20440000295639038
YJL124C,YDR464W,0,-4.7270784,0.26093241572380066,0.722000002861023,0.2045000046491623
YDR179C,YJL001W,0,-4.7272854,0.2608381509780884,0.722000002861023,0.2046000063419342
YBR135W,YPL125W,0,-4.727454,0.2607439458370209,0.722000002861023,0.20469999313354492
YOR075W,YOR003W,0,-4.7281528,0.26064983010292053,0.722000002861023,0.20479999482631683
YGR140W,YHR014W,1,-4.72931,0.26091665029525757,0.7229999899864197,0.20479999482631683
YNL264C,YHL009C,0,-4.7296166,0.26082250475883484,0.7229999899864197,0.20489999651908875
YBL041W,YBL046W,0,-4.7298565,0.2607284486293793,0.7229999899864197,0.20499999821186066
YMR212C,YJL035C,0,-4.7301555,0.2606344521045685,0.7229999899864197,0.20509999990463257
YDR339C,YML107C,0,-4.7309065,0.26054054498672485,0.7229999899864197,0.20520000159740448
YHR204W,YKL045W,0,-4.7319283,0.260446697473526,0.7229999899864197,0.2053000032901764
YOR372C,YGR072W,0,-4.7322893,0.2603529095649719,0.7229999899864197,0.2054000049829483
YGL019W,YKL042W,0,-4.7324395,0.2602591812610626,0.7229999899864197,0.20550000667572021
YPR081C,YOR069W,0,-4.7331457,0.2601655125617981,0.7229999899864197,0.20559999346733093
YKL049C,YER147C,1,-4.7335434,0.2604316473007202,0.7239999771118164,0.20559999346733093
YIL066C,YAL016W,0,-4.7335787,0.2603380084037781,0.7239999771118164,0.20569999516010284
YNR043W,YDR481C,0,-4.7338233,0.2602444291114807,0.7239999771118164,0.20579999685287476
YDR140W,YDR276C,0,-4.7338934,0.2601509094238281,0.7239999771118164,0.20589999854564667
YPL270W,YHR056C,0,-4.733941,0.2600574791431427,0.7239999771118164,0.20600000023841858
YJR090C,YLR166C,0,-4.734021,0.25996407866477966,0.7239999771118164,0.2061000019311905
YAL007C,YBL105C,0,-4.734151,0.2598707675933838,0.7239999771118164,0.2062000036239624
YNL172W,YPL200W,1,-4.7343855,0.26013633608818054,0.7250000238418579,0.2062000036239624
YGR140W,YCR077C,1,-4.7344494,0.26040172576904297,0.7260000109672546,0.2062000036239624
YER007W,YJL129C,0,-4.7346587,0.2603083550930023,0.7260000109672546,0.20630000531673431
YPR105C,YEL050C,0,-4.734829,0.26021504402160645,0.7260000109672546,0.20640000700950623
YGL187C,YER111C,0,-4.7356777,0.26012182235717773,0.7260000109672546,0.20649999380111694
YER030W,YNL107W,0,-4.7356806,0.2600286602973938,0.7260000109672546,0.20659999549388885
YPR176C,YBR289W,0,-4.736657,0.25993555784225464,0.7260000109672546,0.20669999718666077
YLR102C,YML124C,1,-4.7369523,0.2602004408836365,0.7269999980926514,0.20669999718666077
YBR279W,YDL212W,0,-4.737383,0.2601073384284973,0.7269999980926514,0.20679999887943268
YLR242C,YER025W,0,-4.7389274,0.26001429557800293,0.7269999980926514,0.2069000005722046
YDR211W,YDR183W,0,-4.7391324,0.2599213421344757,0.7269999980926514,0.2070000022649765
YFL034C-B,YIR021W,0,-4.7397084,0.25982844829559326,0.7269999980926514,0.2071000039577484
YML098W,YHL009C,0,-4.739728,0.2597356140613556,0.7269999980926514,0.20720000565052032
YLR221C,YBL034C,0,-4.7402787,0.2596428692340851,0.7269999980926514,0.20730000734329224
YJR160C,YLR032W,0,-4.7403173,0.25955015420913696,0.7269999980926514,0.20739999413490295
YNR032W,YDR004W,0,-4.740945,0.259457528591156,0.7269999980926514,0.20749999582767487
YDR404C,YDL076C,0,-4.741483,0.2593649625778198,0.7269999980926514,0.20759999752044678
YBR199W,YDL058W,0,-4.7416224,0.2592724561691284,0.7269999980926514,0.2076999992132187
YBR213W,YGL115W,0,-4.7427406,0.2591800391674042,0.7269999980926514,0.2078000009059906
YLR368W,YHR203C,0,-4.7428713,0.2590876817703247,0.7269999980926514,0.2079000025987625
YBR059C,YEL002C,0,-4.74345,0.2589953541755676,0.7269999980926514,0.20800000429153442
YDL069C,YIR023W,0,-4.7438726,0.2589031457901001,0.7269999980926514,0.20810000598430634
YCL029C,YKL190W,0,-4.7445555,0.25881096720695496,0.7269999980926514,0.20819999277591705
YDL116W,YLR385C,0,-4.744996,0.2587188482284546,0.7269999980926514,0.20829999446868896
YNR032W,YGL249W,0,-4.745371,0.2586268186569214,0.7269999980926514,0.20839999616146088
YPL192C,YEL050C,0,-4.745659,0.25853484869003296,0.7269999980926514,0.2084999978542328
YIL128W,YDL224C,0,-4.7457647,0.2584429383277893,0.7269999980926514,0.2085999995470047
YOR036W,YIL066C,0,-4.745843,0.25835108757019043,0.7269999980926514,0.2087000012397766
YHL025W,YGR221C,0,-4.7462473,0.2582593262195587,0.7269999980926514,0.20880000293254852
YCL027W,YMR037C,0,-4.7462597,0.2581676244735718,0.7269999980926514,0.20890000462532043
YJR017C,YBR199W,0,-4.7464,0.2580759525299072,0.7269999980926514,0.20900000631809235
YFL005W,YIL147C,0,-4.7467136,0.2579843997955322,0.7269999980926514,0.20909999310970306
YJR093C,YMR080C,0,-4.747612,0.2578928768634796,0.7269999980926514,0.20919999480247498
YDL178W,YGR014W,0,-4.7476416,0.2578014135360718,0.7269999980926514,0.2092999964952469
YOL126C,YOR008C,0,-4.7482247,0.2577100396156311,0.7269999980926514,0.2093999981880188
YOL012C,YMR167W,0,-4.7483635,0.2576186954975128,0.7269999980926514,0.2094999998807907
YJL192C,YML097C,0,-4.7489514,0.2575274407863617,0.7269999980926514,0.20960000157356262
YGR217W,YMR211W,0,-4.749707,0.25743627548217773,0.7269999980926514,0.20970000326633453
YCL055W,YDL056W,0,-4.749975,0.25734513998031616,0.7269999980926514,0.20980000495910645
YER014C-A,YDR217C,0,-4.750023,0.25725406408309937,0.7269999980926514,0.20990000665187836
YMR299C,YDL181W,0,-4.750625,0.25716307759284973,0.7269999980926514,0.20999999344348907
YAL021C,YPL037C,0,-4.7521715,0.2570721209049225,0.7269999980926514,0.210099995136261
YBL040C,YJL013C,0,-4.7521935,0.2569812536239624,0.7269999980926514,0.2101999968290329
YDR190C,YML005W,0,-4.75252,0.2568904459476471,0.7269999980926514,0.2102999985218048
YHR015W,YKR001C,0,-4.752542,0.25679972767829895,0.7269999980926514,0.21040000021457672
YNL218W,YDR086C,0,-4.752874,0.2567090392112732,0.7269999980926514,0.21050000190734863
YLR069C,YDR057W,0,-4.7539024,0.2566184401512146,0.7269999980926514,0.21060000360012054
YPL133C,YDL185W,0,-4.7541404,0.2565278708934784,0.7269999980926514,0.21070000529289246
YOR275C,YOR367W,0,-4.7548285,0.25643739104270935,0.7269999980926514,0.21080000698566437
YBR193C,YNL293W,0,-4.7552004,0.2563469707965851,0.7269999980926514,0.21089999377727509
YDL197C,YGR002C,0,-4.7557,0.2562566101551056,0.7269999980926514,0.210999995470047
YOR320C,YER093C,0,-4.7558885,0.2561663091182709,0.7269999980926514,0.2110999971628189
YLR097C,YHR012W,0,-4.7560935,0.2560760974884033,0.7269999980926514,0.21119999885559082
YDR270W,YGR288W,0,-4.7565074,0.25598591566085815,0.7269999980926514,0.21130000054836273
YPL137C,YER133W,1,-4.756922,0.25624778866767883,0.7279999852180481,0.21130000054836273
YJL156C,YCR084C,0,-4.7569594,0.25615763664245605,0.7279999852180481,0.21140000224113464
YGR133W,YJR049C,0,-4.7570686,0.25606754422187805,0.7279999852180481,0.21150000393390656
YFL041W,YDR072C,0,-4.757492,0.25597748160362244,0.7279999852180481,0.21160000562667847
YLR229C,YKL108W,0,-4.7575035,0.255887508392334,0.7279999852180481,0.21170000731945038
YDL207W,YDL140C,0,-4.7585554,0.2557976245880127,0.7279999852180481,0.2117999941110611
YOL044W,YJL192C,0,-4.758833,0.2557077705860138,0.7279999852180481,0.211899995803833
YLR011W,YDR303C,0,-4.759107,0.25561797618865967,0.7279999852180481,0.21199999749660492
YOL067C,YJR049C,0,-4.7595415,0.2555282413959503,0.7279999852180481,0.21209999918937683
YPL046C,YHR012W,0,-4.7595444,0.25543859601020813,0.7279999852180481,0.21220000088214874
YPL237W,YGR129W,0,-4.759713,0.2553490102291107,0.7279999852180481,0.21230000257492065
YGR218W,YHR079C-A,0,-4.759771,0.2552594542503357,0.7279999852180481,0.21240000426769257
YOR085W,YMR270C,0,-4.7601357,0.25516998767852783,0.7279999852180481,0.21250000596046448
YER154W,YLR329W,0,-4.7601776,0.25508058071136475,0.7279999852180481,0.2125999927520752
YOL094C,YML124C,1,-4.760562,0.255341500043869,0.7289999723434448,0.2125999927520752
YKL073W,YNL147W,0,-4.760807,0.25525209307670593,0.7289999723434448,0.2126999944448471
YML047C,YOR368W,0,-4.7610836,0.2551627457141876,0.7289999723434448,0.21279999613761902
YHR120W,YKL034W,0,-4.7611413,0.2550734877586365,0.7289999723434448,0.21289999783039093
YOR250C,YDR009W,0,-4.7614436,0.2549842596054077,0.7289999723434448,0.21299999952316284
YLR357W,YER147C,1,-4.7644453,0.25524476170539856,0.7300000190734863,0.21299999952316284
YOL094C,YOR014W,1,-4.765127,0.2555050551891327,0.7310000061988831,0.21299999952316284
YKL208W,YML059C,0,-4.7654796,0.25541579723358154,0.7310000061988831,0.21310000121593475
YFR036W,YGR063C,1,-4.7656193,0.2556758522987366,0.7319999933242798,0.21310000121593475
YBR296C,YKR053C,0,-4.765675,0.2555865943431854,0.7319999933242798,0.21320000290870667
YKR028W,YJL139C,0,-4.7660837,0.25549739599227905,0.7319999933242798,0.21330000460147858
YJL100W,YKR028W,0,-4.766261,0.25540822744369507,0.7319999933242798,0.2134000062942505
YGR014W,YDR481C,0,-4.766677,0.25531914830207825,0.7319999933242798,0.2134999930858612
YLR368W,YNR034W,0,-4.7668753,0.2552301287651062,0.7319999933242798,0.21359999477863312
YPL011C,YKL095W,0,-4.767055,0.25514116883277893,0.7319999933242798,0.21369999647140503
YGR216C,YBR170C,0,-4.769088,0.25505226850509644,0.7319999933242798,0.21379999816417694
YDR292C,YPR139C,0,-4.769123,0.2549634277820587,0.7319999933242798,0.21389999985694885
YLL042C,YFL049W,0,-4.7693167,0.25487464666366577,0.7319999933242798,0.21400000154972076
YDR439W,YFL037W,1,-4.769665,0.2551340162754059,0.7329999804496765,0.21400000154972076
YLR320W,YDR479C,0,-4.770247,0.25504523515701294,0.7329999804496765,0.21410000324249268
YPL231W,YLR417W,0,-4.770863,0.25495651364326477,0.7329999804496765,0.2142000049352646
YDL178W,YMR202W,0,-4.771002,0.25486788153648376,0.7329999804496765,0.2143000066280365
YLR399C,YKL220C,0,-4.7713785,0.25477927923202515,0.7329999804496765,0.21439999341964722
YOL133W,YPR031W,0,-4.771647,0.2546907663345337,0.7329999804496765,0.21449999511241913
YOR236W,YPR082C,0,-4.7716494,0.2546022832393646,0.7329999804496765,0.21459999680519104
YHR073W,YOL128C,0,-4.7721763,0.2545138895511627,0.7329999804496765,0.21469999849796295
YKR007W,YOR069W,0,-4.773083,0.2544255554676056,0.7329999804496765,0.21480000019073486
YDR363W,YGR289C,0,-4.7735987,0.25433725118637085,0.7329999804496765,0.21490000188350677
YLL002W,YGR197C,0,-4.7737594,0.25424903631210327,0.7329999804496765,0.2150000035762787
YKR085C,YDR323C,0,-4.774046,0.25416088104248047,0.7329999804496765,0.2151000052690506
YIL040W,YAR007C,0,-4.7743626,0.25407278537750244,0.7329999804496765,0.2152000069618225
YDR419W,YBR118W,0,-4.774659,0.2539847493171692,0.7329999804496765,0.21529999375343323
YDR513W,YBR228W,0,-4.774777,0.2538967728614807,0.7329999804496765,0.21539999544620514
YBL097W,YMR311C,1,-4.7753243,0.25415512919425964,0.734000027179718,0.21539999544620514
YAL029C,YPL167C,0,-4.775423,0.25406715273857117,0.734000027179718,0.21549999713897705
YOR011W,YMR088C,0,-4.775553,0.25397923588752747,0.734000027179718,0.21559999883174896
YCR093W,YLR145W,0,-4.775711,0.25389137864112854,0.734000027179718,0.21570000052452087
YKR054C,YJR068W,1,-4.77578,0.2541493773460388,0.7350000143051147,0.21570000052452087
YGL155W,YBR210W,0,-4.7759776,0.2540615200996399,0.7350000143051147,0.21580000221729279
YJL194W,YLR195C,0,-4.776654,0.25397375226020813,0.7350000143051147,0.2159000039100647
YNL288W,YOR328W,0,-4.7767353,0.25388601422309875,0.7350000143051147,0.2160000056028366
YHR013C,YBR164C,0,-4.776766,0.25379833579063416,0.7350000143051147,0.21610000729560852
YBR073W,YIL126W,1,-4.7771096,0.254055917263031,0.7360000014305115,0.21610000729560852
YJL058C,YNL025C,0,-4.777624,0.2539682686328888,0.7360000014305115,0.21619999408721924
YPL160W,YBR175W,0,-4.7778893,0.25388064980506897,0.7360000014305115,0.21629999577999115
YLR304C,YCL069W,0,-4.7787066,0.2537930905818939,0.7360000014305115,0.21639999747276306
YGR165W,YGL063W,0,-4.779058,0.25370562076568604,0.7360000014305115,0.21649999916553497
YFR021W,YGL073W,0,-4.7791615,0.25361818075180054,0.7360000014305115,0.21660000085830688
YNR026C,YNL283C,0,-4.7791896,0.2535308301448822,0.7360000014305115,0.2167000025510788
YLR226W,YFR031C,1,-4.7803507,0.2537878751754761,0.7369999885559082,0.2167000025510788
YML031W,YMR227C,0,-4.7806716,0.25370052456855774,0.7369999885559082,0.2168000042438507
YGL116W,YCR077C,1,-4.7810383,0.2539573311805725,0.7379999756813049,0.2168000042438507
YOR371C,YIL017C,0,-4.7812166,0.2538699805736542,0.7379999756813049,0.21690000593662262
YPR178W,YIL031W,0,-4.782478,0.2537826597690582,0.7379999756813049,0.21699999272823334
YIL085C,YBR237W,0,-4.7826405,0.25369542837142944,0.7379999756813049,0.21709999442100525
YPL032C,YGL112C,0,-4.782751,0.25360825657844543,0.7379999756813049,0.21719999611377716
YLR330W,YLR313C,0,-4.782809,0.2535211145877838,0.7379999756813049,0.21729999780654907
YHR191C,YML124C,1,-4.7828298,0.25377747416496277,0.7390000224113464,0.21729999780654907
YMR043W,YOR308C,0,-4.783025,0.25369036197662354,0.7390000224113464,0.21739999949932098
YKL220C,YDR176W,0,-4.7830515,0.2536032795906067,0.7390000224113464,0.2175000011920929
YDR420W,YJL124C,0,-4.7842884,0.253516286611557,0.7390000224113464,0.2176000028848648
YML120C,YPR032W,0,-4.784346,0.2534293532371521,0.7390000224113464,0.21770000457763672
YJL033W,YPL232W,0,-4.784641,0.25334247946739197,0.7390000224113464,0.21780000627040863
YMR238W,YDL095W,0,-4.7846518,0.2532556653022766,0.7390000224113464,0.21789999306201935
YJL031C,YMR227C,0,-4.786415,0.25316888093948364,0.7390000224113464,0.21799999475479126
YJR068W,YFR031C,1,-4.7867575,0.25342464447021484,0.7400000095367432,0.21799999475479126
YOR274W,YOR069W,0,-4.786769,0.25333788990974426,0.7400000095367432,0.21809999644756317
YER133W,YOL094C,1,-4.787127,0.25359341502189636,0.7409999966621399,0.21809999644756317
YPL121C,YGL044C,0,-4.7873363,0.2535066604614258,0.7409999966621399,0.21819999814033508
YKR066C,YIL068C,0,-4.787385,0.2534199655056,0.7409999966621399,0.218299999833107
YOL094C,YNL299W,1,-4.787476,0.2536752223968506,0.7419999837875366,0.218299999833107
YLR170C,YJL129C,0,-4.787922,0.2535885274410248,0.7419999837875366,0.2184000015258789
YLR080W,YDR335W,0,-4.788,0.25350189208984375,0.7419999837875366,0.21850000321865082
YNR031C,YLR005W,0,-4.7880936,0.2534152865409851,0.7419999837875366,0.21860000491142273
YJR013W,YJL117W,0,-4.7883506,0.25332877039909363,0.7419999837875366,0.21870000660419464
YJL013C,YGL229C,0,-4.7886267,0.2532423138618469,0.7419999837875366,0.21879999339580536
YHR114W,YHR178W,0,-4.7891297,0.253155916929245,0.7419999837875366,0.21889999508857727
YJL183W,YOR129C,0,-4.7899046,0.25306957960128784,0.7419999837875366,0.21899999678134918
YJR019C,YNR048W,0,-4.790091,0.25298330187797546,0.7419999837875366,0.2190999984741211
YKL017C,YGL044C,0,-4.790855,0.2528970539569855,0.7419999837875366,0.219200000166893
YBR298C,YDL195W,0,-4.790904,0.25281089544296265,0.7419999837875366,0.21930000185966492
YFR050C,YLR386W,0,-4.791217,0.2527247965335846,0.7419999837875366,0.21940000355243683
YOR002W,YDR479C,0,-4.7914543,0.2526387572288513,0.7419999837875366,0.21950000524520874
YER133W,YMR311C,1,-4.792231,0.2528931200504303,0.7429999709129333,0.21950000524520874
YMR068W,YHR107C,0,-4.792241,0.252807080745697,0.7429999709129333,0.21960000693798065
YMR129W,YPR189W,0,-4.792671,0.2527211010456085,0.7429999709129333,0.21969999372959137
YLR145W,YMR239C,0,-4.793442,0.2526351511478424,0.7429999709129333,0.21979999542236328
YLR163C,YML031W,0,-4.793459,0.25254929065704346,0.7429999709129333,0.2198999971151352
YPL098C,YDL098C,0,-4.793464,0.2524634599685669,0.7429999709129333,0.2199999988079071
YLR399C,YPR018W,0,-4.794302,0.2523777186870575,0.7429999709129333,0.22010000050067902
YMR213W,YCL031C,0,-4.7943335,0.2522920072078705,0.7429999709129333,0.22020000219345093
YGL206C,YML023C,0,-4.794343,0.25220638513565063,0.7429999709129333,0.22030000388622284
YBR160W,YDL247W,0,-4.794776,0.2521207928657532,0.7429999709129333,0.22040000557899475
YPL097W,YGL095C,0,-4.795173,0.2520352900028229,0.7429999709129333,0.22050000727176666
YPL137C,YOR014W,1,-4.79544,0.25228890776634216,0.7440000176429749,0.22050000727176666
YOL077W-A,YHR178W,0,-4.79604,0.2522033751010895,0.7440000176429749,0.22059999406337738
YOR032C,YMR172W,0,-4.7961426,0.25211793184280396,0.7440000176429749,0.2206999957561493
YNL099C,YDR260C,0,-4.7962112,0.2520325183868408,0.7440000176429749,0.2207999974489212
YHR091C,YIL016W,0,-4.7962947,0.25194716453552246,0.7440000176429749,0.22089999914169312
YLR033W,YKL119C,0,-4.7966385,0.2518618702888489,0.7440000176429749,0.22100000083446503
YOR284W,YDL079C,0,-4.798078,0.25177663564682007,0.7440000176429749,0.22110000252723694
YCL016C,YFL037W,1,-4.7981606,0.25202977657318115,0.7450000047683716,0.22110000252723694
YDL116W,YGL048C,0,-4.7986436,0.25194454193115234,0.7450000047683716,0.22120000422000885
YPL095C,YMR179W,0,-4.798981,0.2518593668937683,0.7450000047683716,0.22130000591278076
YOL135C,YGL006W,0,-4.799404,0.25177425146102905,0.7450000047683716,0.22139999270439148
YJL071W,YMR032W,0,-4.800558,0.25168919563293457,0.7450000047683716,0.2214999943971634
YLR231C,YLL031C,0,-4.8018117,0.25160419940948486,0.7450000047683716,0.2215999960899353
YLR229C,YNR011C,0,-4.8021,0.25151923298835754,0.7450000047683716,0.22169999778270721
YDR435C,YML038C,0,-4.802944,0.2514343559741974,0.7450000047683716,0.22179999947547913
YGL180W,YBR136W,0,-4.8033338,0.251349538564682,0.7450000047683716,0.22190000116825104
YOL117W,YMR089C,0,-4.804791,0.251264750957489,0.7450000047683716,0.22200000286102295
YPL242C,YLR022C,0,-4.805435,0.2511800527572632,0.7450000047683716,0.22210000455379486
YOR049C,YDR201W,0,-4.8060265,0.25109538435935974,0.7450000047683716,0.22220000624656677
YMR204C,YDR481C,0,-4.8062525,0.2510107755661011,0.7450000047683716,0.2222999930381775
YDR163W,YKL204W,0,-4.8064137,0.2509262263774872,0.7450000047683716,0.2223999947309494
YNL085W,YKL064W,0,-4.807718,0.25084173679351807,0.7450000047683716,0.2224999964237213
YOR026W,YKL117W,0,-4.8078866,0.2507573068141937,0.7450000047683716,0.22259999811649323
YGR284C,YGR241C,0,-4.8082247,0.25067293643951416,0.7450000047683716,0.22269999980926514
YMR153W,YMR236W,0,-4.808279,0.25058862566947937,0.7450000047683716,0.22280000150203705
YNL042W,YGL086W,0,-4.8088293,0.25050437450408936,0.7450000047683716,0.22290000319480896
YOL139C,YBL020W,0,-4.808953,0.2504201829433441,0.7450000047683716,0.22300000488758087
YHR072W,YHR023W,0,-4.8089705,0.25033602118492126,0.7450000047683716,0.22310000658035278
YGR216C,YMR133W,0,-4.8096876,0.2502519190311432,0.7450000047683716,0.2231999933719635
YKL013C,YDR150W,0,-4.809896,0.2501679062843323,0.7450000047683716,0.2232999950647354
YKL025C,YDR529C,0,-4.8101625,0.25008392333984375,0.7450000047683716,0.22339999675750732
YLR127C,YBR156C,1,-4.8109765,0.25033557415008545,0.7459999918937683,0.22339999675750732
YHR001W,YGL063W,0,-4.811346,0.2502515912055969,0.7459999918937683,0.22349999845027924
YLR438C-A,YPR083W,0,-4.8113832,0.2501676678657532,0.7459999918937683,0.22360000014305115
YDR140W,YLR105C,0,-4.8119583,0.2500838041305542,0.7459999918937683,0.22370000183582306
YIR013C,YOR148C,0,-4.8124866,0.25,0.7459999918937683,0.22380000352859497
YGR252W,YJR131W,0,-4.8138084,0.24991624057292938,0.7459999918937683,0.22390000522136688
YJR076C,YDL064W,0,-4.8138323,0.24983255565166473,0.7459999918937683,0.2240000069141388
YNL103W,YPR088C,0,-4.814079,0.24974891543388367,0.7459999918937683,0.2240999937057495
YCR092C,YHR200W,0,-4.815163,0.24966533482074738,0.7459999918937683,0.22419999539852142
YBR245C,YDR314C,0,-4.8152657,0.24958179891109467,0.7459999918937683,0.22429999709129333
YKL059C,YDL138W,0,-4.8157053,0.24949832260608673,0.7459999918937683,0.22439999878406525
YAR018C,YCR077C,1,-4.8160977,0.24974924325942993,0.746999979019165,0.22439999878406525
YNL027W,YML011C,0,-4.816551,0.2496657818555832,0.746999979019165,0.22450000047683716
YER122C,YGL115W,0,-4.8166,0.24958236515522003,0.746999979019165,0.22460000216960907
YPL132W,YPL175W,0,-4.817131,0.24949899315834045,0.746999979019165,0.22470000386238098
YDL164C,YKL144C,0,-4.817252,0.24941569566726685,0.746999979019165,0.2248000055551529
YNL051W,YLR383W,0,-4.817751,0.24933244287967682,0.746999979019165,0.2249000072479248
YKL113C,YGL232W,0,-4.817935,0.24924924969673157,0.746999979019165,0.22499999403953552
YLR153C,YER111C,0,-4.817993,0.2491661161184311,0.746999979019165,0.22509999573230743
YDR292C,YNL044W,0,-4.8181424,0.2490830272436142,0.746999979019165,0.22519999742507935
YKL186C,YHR031C,0,-4.8185215,0.24899999797344208,0.746999979019165,0.22529999911785126
YPL204W,YNL299W,1,-4.8189697,0.24925024807453156,0.7480000257492065,0.22529999911785126
YNL159C,YNL078W,0,-4.820305,0.24916721880435944,0.7480000257492065,0.22540000081062317
YKL048C,YJL183W,0,-4.820526,0.2490842491388321,0.7480000257492065,0.22550000250339508
YGL021W,YOR295W,0,-4.821516,0.24900132417678833,0.7480000257492065,0.225600004196167
YJL035C,YMR313C,0,-4.822463,0.24891847372055054,0.7480000257492065,0.2257000058889389
YNL021W,YCL043C,0,-4.8226366,0.24883566796779633,0.7480000257492065,0.22579999268054962
YBL063W,YHR111W,0,-4.822884,0.2487529069185257,0.7480000257492065,0.22589999437332153
YJL041W,YGR253C,0,-4.8232045,0.24867020547389984,0.7480000257492065,0.22599999606609344
YDL143W,YGR166W,0,-4.8233757,0.24858756363391876,0.7480000257492065,0.22609999775886536
YLR131C,YKL122C,0,-4.8237453,0.24850498139858246,0.7480000257492065,0.22619999945163727
YIL124W,YGL013C,0,-4.8242416,0.24842244386672974,0.7480000257492065,0.22630000114440918
YLR002C,YMR270C,0,-4.8250437,0.24833998084068298,0.7480000257492065,0.2264000028371811
YGR261C,YCR018C,0,-4.8255014,0.24825754761695862,0.7480000257492065,0.226500004529953
YKL002W,YKL045W,0,-4.8265553,0.24817518889904022,0.7480000257492065,0.22660000622272491
YNR043W,YOR372C,0,-4.8267756,0.2480928748846054,0.7480000257492065,0.22669999301433563
YBR179C,YBR010W,0,-4.827004,0.24801060557365417,0.7480000257492065,0.22679999470710754
YBR258C,YDL212W,0,-4.8270063,0.2479284107685089,0.7480000257492065,0.22689999639987946
YCL026C-A,YGL194C,0,-4.827121,0.24784626066684723,0.7480000257492065,0.22699999809265137
YNL271C,YML032C,0,-4.8274755,0.24776415526866913,0.7480000257492065,0.22709999978542328
YOL013C,YDR457W,0,-4.82769,0.247682124376297,0.7480000257492065,0.2272000014781952
YJL030W,YEL031W,0,-4.827986,0.24760013818740845,0.7480000257492065,0.2273000031709671
YMR056C,YLR170C,0,-4.8282356,0.24751819670200348,0.7480000257492065,0.227400004863739
YBR161W,YJR074W,0,-4.8284492,0.2474363148212433,0.7480000257492065,0.22750000655651093
YKR034W,YDR213W,0,-4.8294644,0.24735449254512787,0.7480000257492065,0.22759999334812164
YFL003C,YDR419W,0,-4.8297033,0.24727272987365723,0.7480000257492065,0.22769999504089355
YGL168W,YDR328C,0,-4.8297577,0.24719101190567017,0.7480000257492065,0.22779999673366547
YLL050C,YCR044C,0,-4.829995,0.24710935354232788,0.7480000257492065,0.22789999842643738
YOR025W,YER009W,0,-4.8302193,0.24702773988246918,0.7480000257492065,0.2280000001192093
YDR153C,YJR004C,0,-4.8303556,0.24694618582725525,0.7480000257492065,0.2281000018119812
YHR011W,YHR200W,0,-4.8305087,0.2468646913766861,0.7480000257492065,0.2282000035047531
YBR188C,YPR108W,0,-4.830537,0.24678324162960052,0.7480000257492065,0.22830000519752502
YGL086W,YOL147C,0,-4.8313365,0.24670185148715973,0.7480000257492065,0.22840000689029694
YNL292W,YHL022C,0,-4.831439,0.24662050604820251,0.7480000257492065,0.22849999368190765
YGR252W,YOR213C,0,-4.8317137,0.24653922021389008,0.7480000257492065,0.22859999537467957
YNR031C,YJL093C,0,-4.832079,0.2464579939842224,0.7480000257492065,0.22869999706745148
YPL061W,YGL094C,0,-4.832554,0.24637681245803833,0.7480000257492065,0.2287999987602234
YJL110C,YBL093C,0,-4.8328414,0.24629569053649902,0.7480000257492065,0.2289000004529953
YOL110W,YOR076C,0,-4.8332424,0.2462146133184433,0.7480000257492065,0.2290000021457672
YNR032C-A,YOL031C,0,-4.8345175,0.24613359570503235,0.7480000257492065,0.22910000383853912
YLL060C,YDL007W,0,-4.835438,0.24605263769626617,0.7480000257492065,0.22920000553131104
YOR232W,YHR077C,0,-4.836032,0.24597172439098358,0.7480000257492065,0.22930000722408295
YNL153C,YBR237W,0,-4.8363047,0.24589085578918457,0.7480000257492065,0.22939999401569366
YER016W,YMR076C,1,-4.8366237,0.24613867700099945,0.7490000128746033,0.22939999401569366
YBR008C,YPL234C,0,-4.836806,0.24605782330036163,0.7490000128746033,0.22949999570846558
YLL015W,YMR179W,0,-4.837174,0.2459770143032074,0.7490000128746033,0.2295999974012375
YLR335W,YML061C,0,-4.837193,0.24589625000953674,0.7490000128746033,0.2296999990940094
YMR072W,YMR299C,0,-4.8377266,0.24581556022167206,0.7490000128746033,0.2298000007867813
YLR210W,YBR102C,0,-4.83778,0.24573491513729095,0.7490000128746033,0.22990000247955322
YKL026C,YPL127C,0,-4.8379774,0.24565431475639343,0.7490000128746033,0.23000000417232513
YDL045C,YBL025W,0,-4.8381643,0.24557377398014069,0.7490000128746033,0.23010000586509705
YML092C,YGR095C,0,-4.838746,0.24549327790737152,0.7490000128746033,0.23019999265670776
YBR211C,YOL094C,1,-4.8390794,0.24574050307273865,0.75,0.23019999265670776
YIL132C,YIL126W,1,-4.8396406,0.24598754942417145,0.7509999871253967,0.23019999265670776
YDL209C,YFL059W,0,-4.840087,0.2459070086479187,0.7509999871253967,0.23029999434947968
YPR141C,YGR063C,1,-4.841028,0.2461538463830948,0.7519999742507935,0.23029999434947968
YDR101C,YGL178W,0,-4.841221,0.24607330560684204,0.7519999742507935,0.2303999960422516
YFR019W,YCL032W,0,-4.841619,0.24599280953407288,0.7519999742507935,0.2304999977350235
YDL004W,YDR011W,0,-4.842881,0.2459123581647873,0.7519999742507935,0.2305999994277954
YGL130W,YKL122C,0,-4.8428965,0.24583196640014648,0.7519999742507935,0.23070000112056732
YGL222C,YNL239W,0,-4.842958,0.24575163424015045,0.7519999742507935,0.23080000281333923
YNL016W,YML049C,0,-4.843439,0.245671346783638,0.7519999742507935,0.23090000450611115
YNL068C,YIR021W,0,-4.8435717,0.24559111893177032,0.7519999742507935,0.23100000619888306
YER087C-B,YLR006C,0,-4.843832,0.24551093578338623,0.7519999742507935,0.23109999299049377
YMR081C,YER068W,0,-4.844308,0.2454308122396469,0.7519999742507935,0.23119999468326569
YOL082W,YKL203C,0,-4.844461,0.24535073339939117,0.7519999742507935,0.2312999963760376
YNL288W,YKR065C,0,-4.844564,0.2452707141637802,0.7519999742507935,0.2313999980688095
YPR128C,YPR070W,0,-4.844692,0.24519073963165283,0.7519999742507935,0.23149999976158142
YOR284W,YOL001W,0,-4.8448544,0.24511082470417023,0.7519999742507935,0.23160000145435333
YLR382C,YOR347C,0,-4.8450007,0.2450309544801712,0.7519999742507935,0.23170000314712524
YJR022W,YDL036C,0,-4.845075,0.24495114386081696,0.7519999742507935,0.23180000483989716
YOR288C,YNL251C,0,-4.845297,0.2448713779449463,0.7519999742507935,0.23190000653266907
YKL007W,YNL261W,0,-4.846339,0.2447916716337204,0.7519999742507935,0.23199999332427979
YGL251C,YLR467W,0,-4.8466825,0.2447120100259781,0.7519999742507935,0.2320999950170517
YGL086W,YLR425W,0,-4.8468075,0.24463240802288055,0.7519999742507935,0.2321999967098236
YGL044C,YBR143C,0,-4.84723,0.2445528507232666,0.7519999742507935,0.23229999840259552
YPL029W,YGL049C,0,-4.847276,0.24447333812713623,0.7519999742507935,0.23240000009536743
YFL036W,YDR103W,0,-4.847283,0.24439388513565063,0.7519999742507935,0.23250000178813934
YPL145C,YBR136W,0,-4.847985,0.24431449174880981,0.7519999742507935,0.23260000348091125
YPR164W,YDR329C,0,-4.8480306,0.24423514306545258,0.7519999742507935,0.23270000517368317
YLR450W,YOR174W,0,-4.84922,0.24415583908557892,0.7519999742507935,0.23280000686645508
YCR038C,YGR078C,0,-4.849454,0.24407659471035004,0.7519999742507935,0.2328999936580658
YPL008W,YPL204W,1,-4.8504043,0.24432186782360077,0.753000020980835,0.2328999936580658
YDR460W,YPL234C,0,-4.8510866,0.2442426234483719,0.753000020980835,0.2329999953508377
YGR216C,YNL139C,0,-4.8512163,0.2441634237766266,0.753000020980835,0.23309999704360962
YGR158C,YJR042W,0,-4.851568,0.24408428370952606,0.753000020980835,0.23319999873638153
YJR160C,YHL025W,0,-4.851703,0.24400518834590912,0.753000020980835,0.23330000042915344
YNL051W,YDR189W,0,-4.8528237,0.24392613768577576,0.753000020980835,0.23340000212192535
YKR034W,YPR009W,0,-4.854007,0.24384714663028717,0.753000020980835,0.23350000381469727
YPR199C,YML092C,0,-4.854368,0.24376821517944336,0.753000020980835,0.23360000550746918
YML078W,YPR018W,0,-4.855895,0.24368931353092194,0.753000020980835,0.2337000072002411
YBR202W,YPR121W,0,-4.8559093,0.24361048638820648,0.753000020980835,0.2337999939918518
YDL227C,YNL131W,0,-4.8562384,0.24353168904781342,0.753000020980835,0.23389999568462372
YKL112W,YJL184W,0,-4.8569646,0.24345295131206512,0.753000020980835,0.23399999737739563
YPR171W,YKR060W,0,-4.8570743,0.2433742731809616,0.753000020980835,0.23409999907016754
YDL013W,YJR021C,0,-4.8576174,0.24329563975334167,0.753000020980835,0.23420000076293945
YPR093C,YKL025C,0,-4.857922,0.24321705102920532,0.753000020980835,0.23430000245571136
YPL204W,YDR318W,1,-4.8579664,0.24346141517162323,0.7540000081062317,0.23430000245571136
YGR109C,YJR150C,0,-4.8585987,0.24338282644748688,0.7540000081062317,0.23440000414848328
YHR043C,YDL058W,0,-4.859514,0.2433042973279953,0.7540000081062317,0.2345000058412552
YPL242C,YOR362C,0,-4.859578,0.2432258129119873,0.7540000081062317,0.2345999926328659
YDR439W,YFR031C,1,-4.859613,0.24346984922885895,0.7549999952316284,0.2345999926328659
YNL271C,YKL017C,0,-4.8599205,0.24339136481285095,0.7549999952316284,0.23469999432563782
YPL008W,YML085C,1,-4.860136,0.24363519251346588,0.7559999823570251,0.23469999432563782
YOL164W,YGL016W,0,-4.8605795,0.24355670809745789,0.7559999823570251,0.23479999601840973
YMR113W,YNL123W,0,-4.860626,0.24347825348377228,0.7559999823570251,0.23489999771118164
YDL140C,YLR410W,0,-4.8606358,0.24339987337589264,0.7559999823570251,0.23499999940395355
YMR211W,YMR216C,0,-4.860653,0.24332153797149658,0.7559999823570251,0.23510000109672546
YNL192W,YLR376C,0,-4.8611803,0.2432432472705841,0.7559999823570251,0.23520000278949738
YNL099C,YDL212W,0,-4.8613195,0.2431650012731552,0.7559999823570251,0.2353000044822693
YPL213W,YNR052C,0,-4.862133,0.2430868148803711,0.7559999823570251,0.2354000061750412
YOR313C,YIL101C,0,-4.8624725,0.24300867319107056,0.7559999823570251,0.23549999296665192
YOR249C,YPL137C,1,-4.862509,0.24325193464756012,0.7570000290870667,0.23549999296665192
YFL003C,YOR194C,0,-4.862625,0.24317379295825958,0.7570000290870667,0.23559999465942383
YBR164C,YHR188C,0,-4.862859,0.24309569597244263,0.7570000290870667,0.23569999635219574
YJR093C,YIL128W,0,-4.863023,0.24301765859127045,0.7570000290870667,0.23579999804496765
YNR030W,YJL041W,0,-4.863509,0.24293966591358185,0.7570000290870667,0.23589999973773956
YGR262C,YAL058W,0,-4.8639097,0.24286173284053802,0.7570000290870667,0.23600000143051147
YPR017C,YDR303C,0,-4.863932,0.2427838295698166,0.7570000290870667,0.2361000031232834
YOR377W,YJL168C,0,-4.8649235,0.24270600080490112,0.7570000290870667,0.2362000048160553
YDL212W,YJL156C,0,-4.8650794,0.24262820184230804,0.7570000290870667,0.2363000065088272
YML015C,YGL210W,0,-4.865712,0.24255046248435974,0.7570000290870667,0.23639999330043793
YGR092W,YML031W,0,-4.866099,0.24247276782989502,0.7570000290870667,0.23649999499320984
YDR022C,YOR174W,0,-4.866296,0.24239513278007507,0.7570000290870667,0.23659999668598175
YPL042C,YCL069W,0,-4.8679886,0.2423175424337387,0.7570000290870667,0.23669999837875366
YOL088C,YPL020C,0,-4.8683796,0.24223999679088593,0.7570000290870667,0.23680000007152557
YOL012C,YIL147C,0,-4.868564,0.24216251075267792,0.7570000290870667,0.23690000176429749
YMR311C,YCR077C,1,-4.86885,0.24240486323833466,0.7580000162124634,0.23690000176429749
YDL069C,YGL168W,0,-4.869277,0.24232736229896545,0.7580000162124634,0.2370000034570694
YNL133C,YDR002W,0,-4.869329,0.24224992096424103,0.7580000162124634,0.2371000051498413
YLR114C,YMR139W,0,-4.8698936,0.24217252433300018,0.7580000162124634,0.23720000684261322
YLR394W,YIL153W,0,-4.8700094,0.24209517240524292,0.7580000162124634,0.23729999363422394
YPL204W,YBL079W,1,-4.8712893,0.242337167263031,0.7590000033378601,0.23729999363422394
YPR193C,YOR274W,0,-4.87164,0.24225981533527374,0.7590000033378601,0.23739999532699585
YLR100W,YOL031C,0,-4.872052,0.24218250811100006,0.7590000033378601,0.23749999701976776
YML110C,YGR075C,0,-4.8723125,0.24210526049137115,0.7590000033378601,0.23759999871253967
YER159C,YKR035W-A,0,-4.872897,0.24202805757522583,0.7590000033378601,0.23770000040531158
YBR244W,YNL099C,0,-4.8734703,0.24195091426372528,0.7590000033378601,0.2378000020980835
YNL236W,YLR090W,0,-4.8736362,0.24187380075454712,0.7590000033378601,0.2379000037908554
YJR040W,YPL192C,0,-4.8738956,0.24179674685001373,0.7590000033378601,0.23800000548362732
YML061C,YGR112W,0,-4.8741884,0.24171975255012512,0.7590000033378601,0.23810000717639923
YGL158W,YEL012W,0,-4.8744044,0.2416427880525589,0.7590000033378601,0.23819999396800995
YKR065C,YDR281C,0,-4.874527,0.24156588315963745,0.7590000033378601,0.23829999566078186
YBR084W,YML064C,0,-4.8756456,0.24148902297019958,0.7590000033378601,0.23839999735355377
YOL104C,YPL274W,0,-4.876543,0.2414122074842453,0.7590000033378601,0.23849999904632568
YGR216C,YGR090W,0,-4.8774276,0.2413354516029358,0.7590000033378601,0.2386000007390976
YHR166C,YPL137C,1,-4.8778906,0.24157661199569702,0.7599999904632568,0.2386000007390976
YJR090C,YNL239W,0,-4.878158,0.24149984121322632,0.7599999904632568,0.2387000024318695
YPR029C,YLR005W,0,-4.8782425,0.2414231300354004,0.7599999904632568,0.23880000412464142
YFL050C,YPL075W,0,-4.8783736,0.24134646356105804,0.7599999904632568,0.23890000581741333
YEL029C,YLR088W,0,-4.879252,0.24126984179019928,0.7599999904632568,0.23899999260902405
YDR511W,YBR114W,0,-4.8798347,0.2411932647228241,0.7599999904632568,0.23909999430179596
YDR080W,YKR014C,0,-4.879918,0.2411167472600937,0.7599999904632568,0.23919999599456787
YBR073W,YGR275W,1,-4.880372,0.24135743081569672,0.7609999775886536,0.23919999599456787
YPR018W,YJL154C,0,-4.8805146,0.2412809133529663,0.7609999775886536,0.23929999768733978
YNL287W,YKL108W,0,-4.8807673,0.24120444059371948,0.7609999775886536,0.2393999993801117
YCR092C,YDL128W,0,-4.8822393,0.24112801253795624,0.7609999775886536,0.2395000010728836
YML110C,YIL037C,0,-4.882528,0.24105162918567657,0.7609999775886536,0.23960000276565552
YAL032C,YGL229C,0,-4.8825955,0.2409753054380417,0.7609999775886536,0.23970000445842743
YPR034W,YGR213C,0,-4.8829737,0.2408990114927292,0.7609999775886536,0.23980000615119934
YMR112C,YPL235W,0,-4.88355,0.24082279205322266,0.7609999775886536,0.23989999294281006
YJL203W,YBR114W,0,-4.8836,0.2407466024160385,0.7609999775886536,0.23999999463558197
YPL181W,YML069W,0,-4.8839707,0.24067045748233795,0.7609999775886536,0.24009999632835388
YOR239W,YGL048C,0,-4.88398,0.24059437215328217,0.7609999775886536,0.2401999980211258
YOR171C,YLR105C,0,-4.8839884,0.24051833152770996,0.7609999775886536,0.2402999997138977
YHL047C,YHR150W,0,-4.884412,0.24044233560562134,0.7609999775886536,0.24040000140666962
YNL199C,YML104C,0,-4.884624,0.2403663992881775,0.7609999775886536,0.24050000309944153
YDR221W,YIL042C,0,-4.8850245,0.24029049277305603,0.7609999775886536,0.24060000479221344
YJL019W,YCR077C,1,-4.8852634,0.24053029716014862,0.7620000243186951,0.24060000479221344
YLR078C,YAL016W,0,-4.8860655,0.24045440554618835,0.7620000243186951,0.24070000648498535
YBR060C,YLR410W,0,-4.886066,0.24037854373455048,0.7620000243186951,0.24079999327659607
YML120C,YOR137C,0,-4.88611,0.24030274152755737,0.7620000243186951,0.24089999496936798
YML078W,YBR237W,0,-4.8862653,0.24022698402404785,0.7620000243186951,0.2409999966621399
YPL137C,YAL034W-A,1,-4.887431,0.2404664307832718,0.7630000114440918,0.2409999966621399
YIL004C,YNR013C,0,-4.8885593,0.24039067327976227,0.7630000114440918,0.2410999983549118
YMR172W,YFR024C-A,0,-4.889107,0.24031496047973633,0.7630000114440918,0.24120000004768372
YML015C,YMR313C,0,-4.8894234,0.24023929238319397,0.7630000114440918,0.24130000174045563
YLR319C,YDR527W,0,-4.8903656,0.2401636689901352,0.7630000114440918,0.24140000343322754
YPL139C,YPL144W,0,-4.8905067,0.2400881052017212,0.7630000114440918,0.24150000512599945
YIL142W,YPR175W,0,-4.8906593,0.24001258611679077,0.7630000114440918,0.24160000681877136
YLR438C-A,YDL170W,0,-4.89071,0.23993711173534393,0.7630000114440918,0.24169999361038208
YNL231C,YJR010C-A,0,-4.890852,0.23986168205738068,0.7630000114440918,0.241799995303154
YJR052W,YDR103W,0,-4.891578,0.239786297082901,0.7630000114440918,0.2418999969959259
YKL193C,YFR031C,1,-4.891604,0.240025132894516,0.7639999985694885,0.2418999969959259
YGL174W,YGL049C,0,-4.8917346,0.23994974792003632,0.7639999985694885,0.24199999868869781
YHR116W,YNL025C,0,-4.8920345,0.23987440764904022,0.7639999985694885,0.24210000038146973
YDL188C,YPL011C,0,-4.892517,0.2397991269826889,0.7639999985694885,0.24220000207424164
YLR357W,YIL126W,1,-4.8927026,0.24003764986991882,0.7649999856948853,0.24220000207424164
YGR077C,YPR055W,0,-4.8929796,0.2399623543024063,0.7649999856948853,0.24230000376701355
YBL034C,YDL185W,0,-4.893282,0.23988711833953857,0.7649999856948853,0.24240000545978546
YGL240W,YLR357W,1,-4.8942223,0.2401253879070282,0.765999972820282,0.24240000545978546
YLR330W,YHR167W,0,-4.89452,0.24005013704299927,0.765999972820282,0.24250000715255737
YIR023W,YJL072C,0,-4.8951807,0.23997493088245392,0.765999972820282,0.2425999939441681
YLR226W,YHR191C,1,-4.8954597,0.24021296203136444,0.7670000195503235,0.2425999939441681
YPR093C,YJL101C,0,-4.895526,0.2401377558708191,0.7670000195503235,0.24269999563694
YMR224C,YGL006W,0,-4.895574,0.24006259441375732,0.7670000195503235,0.24279999732971191
YNL223W,YLR417W,0,-4.8970156,0.23998747766017914,0.7670000195503235,0.24289999902248383
YPL084W,YGR075C,0,-4.897518,0.23991242051124573,0.7670000195503235,0.24300000071525574
YPL271W,YLR382C,0,-4.8977194,0.2398373931646347,0.7670000195503235,0.24310000240802765
YHR014W,YNL299W,1,-4.8984203,0.240075021982193,0.7680000066757202,0.24310000240802765
YBR196C,YER180C-A,0,-4.8985004,0.23999999463558197,0.7680000066757202,0.24320000410079956
YLR098C,YER095W,0,-4.898531,0.23992502689361572,0.7680000066757202,0.24330000579357147
YJL060W,YGL212W,0,-4.8986435,0.23985008895397186,0.7680000066757202,0.2433999925851822
YLR102C,YHR191C,1,-4.899683,0.24008741974830627,0.7689999938011169,0.2433999925851822
YDR529C,YDL190C,0,-4.900052,0.24001248180866241,0.7689999938011169,0.2434999942779541
YIL109C,YOR008C,0,-4.900675,0.23993760347366333,0.7689999938011169,0.243599995970726
YHR036W,YDR270W,0,-4.9017553,0.23986275494098663,0.7689999938011169,0.24369999766349792
YLR321C,YGR063C,1,-4.901882,0.24009978771209717,0.7699999809265137,0.24369999766349792
YIR004W,YLR195C,0,-4.9025264,0.24002493917942047,0.7699999809265137,0.24379999935626984
YDL178W,YPL153C,0,-4.9028234,0.23995013535022736,0.7699999809265137,0.24390000104904175
YHR191C,YDL003W,1,-4.9030695,0.2401869148015976,0.7710000276565552,0.24390000104904175
YER016W,YPR007C,1,-4.903165,0.2404235452413559,0.7720000147819519,0.24390000104904175
YDR477W,YEL012W,0,-4.9035935,0.2403486967086792,0.7720000147819519,0.24400000274181366
YFR031C,YOL006C,1,-4.903598,0.2405851185321808,0.7730000019073486,0.24400000274181366
YLL061W,YGL127C,0,-4.9041414,0.2405102699995041,0.7730000019073486,0.24410000443458557
YLR011W,YOR117W,0,-4.9042993,0.24043546617031097,0.7730000019073486,0.24420000612735748
YOR058C,YOL126C,0,-4.9052258,0.24036069214344025,0.7730000019073486,0.2442999929189682
YJL050W,YDL235C,0,-4.905977,0.2402859777212143,0.7730000019073486,0.2443999946117401
YPL127C,YHR079C,0,-4.906009,0.24021130800247192,0.7730000019073486,0.24449999630451202
YPL137C,YAL031C,1,-4.906026,0.24044734239578247,0.7739999890327454,0.24449999630451202
YOL006C,YML124C,1,-4.9068575,0.24068322777748108,0.7749999761581421,0.24449999630451202
YBR211C,YJR135C,1,-4.907262,0.24091896414756775,0.7760000228881836,0.24449999630451202
YPR046W,YCR077C,1,-4.908206,0.24115456640720367,0.7770000100135803,0.24449999630451202
YGL003C,YPR007C,1,-4.908227,0.24139000475406647,0.777999997138977,0.24449999630451202
YLR127C,YHR191C,1,-4.908309,0.24162530899047852,0.7789999842643738,0.24449999630451202
YOR023C,YNL042W,0,-4.9083285,0.24155038595199585,0.7789999842643738,0.24459999799728394
YFL050C,YML046W,0,-4.9091787,0.24147550761699677,0.7789999842643738,0.24469999969005585
YLL018C-A,YKR029C,0,-4.909664,0.24140068888664246,0.7789999842643738,0.24480000138282776
YML120C,YIL173W,0,-4.9099526,0.24132589995861053,0.7789999842643738,0.24490000307559967
YBR008C,YJL059W,0,-4.9105835,0.2412511557340622,0.7789999842643738,0.24500000476837158
YJR076C,YKL079W,0,-4.911736,0.24117647111415863,0.7789999842643738,0.2451000064611435
YLR321C,YML124C,1,-4.912118,0.24141132831573486,0.7799999713897705,0.2451000064611435
YGL183C,YLR136C,0,-4.9131374,0.2413366287946701,0.7799999713897705,0.2451999932527542
YML061C,YJL056C,0,-4.9138956,0.24126198887825012,0.7799999713897705,0.24529999494552612
YLR286C,YLR452C,0,-4.9141197,0.24118737876415253,0.7799999713897705,0.24539999663829803
YKL182W,YPL053C,0,-4.9144683,0.2411128282546997,0.7799999713897705,0.24549999833106995
YNR032W,YML029W,0,-4.9155807,0.24103832244873047,0.7799999713897705,0.24560000002384186
YMR068W,YBR010W,0,-4.9155855,0.2409638613462448,0.7799999713897705,0.24570000171661377
YER109C,YGL183C,0,-4.9159155,0.24088944494724274,0.7799999713897705,0.24580000340938568
YPL256C,YCL055W,0,-4.9162292,0.24081507325172424,0.7799999713897705,0.2459000051021576
YIL142W,YER109C,0,-4.9164643,0.24074074625968933,0.7799999713897705,0.2460000067949295
YAL040C,YPL194W,0,-4.916609,0.240666463971138,0.7799999713897705,0.24609999358654022
YDR021W,YOR217W,0,-4.9167366,0.24059222638607025,0.7799999713897705,0.24619999527931213
YLR285W,YML001W,0,-4.917041,0.24051803350448608,0.7799999713897705,0.24629999697208405
YGL174W,YMR312W,0,-4.9170794,0.2404439002275467,0.7799999713897705,0.24639999866485596
YCR038C,YER029C,0,-4.917614,0.2403697967529297,0.7799999713897705,0.24650000035762787
YDR488C,YPR032W,0,-4.918174,0.24029575288295746,0.7799999713897705,0.24660000205039978
YGL254W,YJR040W,0,-4.918374,0.24022173881530762,0.7799999713897705,0.2467000037431717
YHR190W,YBR008C,0,-4.918667,0.24014778435230255,0.7799999713897705,0.2468000054359436
YMR058W,YPL121C,0,-4.918675,0.24007387459278107,0.7799999713897705,0.24690000712871552
YCR107W,YJL087C,0,-4.9189024,0.23999999463558197,0.7799999713897705,0.24699999392032623
YDL143W,YOR295W,0,-4.9192963,0.23992617428302765,0.7799999713897705,0.24709999561309814
YNL288W,YJL129C,0,-4.919662,0.2398523986339569,0.7799999713897705,0.24719999730587006
YGL158W,YAL011W,0,-4.919897,0.23977866768836975,0.7799999713897705,0.24729999899864197
YGR155W,YOL067C,0,-4.9203596,0.23970498144626617,0.7799999713897705,0.24740000069141388
YJL209W,YKL058W,0,-4.9207163,0.23963133990764618,0.7799999713897705,0.2475000023841858
YKL205W,YPL235W,0,-4.921334,0.23955774307250977,0.7799999713897705,0.2476000040769577
YLR288C,YHR206W,0,-4.921465,0.23948419094085693,0.7799999713897705,0.24770000576972961
YJL112W,YOR048C,0,-4.921991,0.23941068351268768,0.7799999713897705,0.24779999256134033
YOR372C,YKL020C,0,-4.9222217,0.23933722078800201,0.7799999713897705,0.24789999425411224
YJR144W,YLR200W,0,-4.922299,0.23926380276679993,0.7799999713897705,0.24799999594688416
YJR035W,YML105C,0,-4.9228773,0.23919042944908142,0.7799999713897705,0.24809999763965607
YOR257W,YDL150W,0,-4.9231286,0.2391171008348465,0.7799999713897705,0.24819999933242798
YIL114C,YEL037C,0,-4.9231367,0.23904383182525635,0.7799999713897705,0.2483000010251999
YBR073W,YER147C,1,-4.9232016,0.2392769604921341,0.781000018119812,0.2483000010251999
YMR052W,YDR135C,0,-4.9233704,0.23920367658138275,0.781000018119812,0.2484000027179718
YLR229C,YDL212W,0,-4.923891,0.239130437374115,0.781000018119812,0.2485000044107437
YHR142W,YOL135C,0,-4.9240665,0.2390572428703308,0.781000018119812,0.24860000610351562
YCL055W,YOL010W,0,-4.924342,0.2389840930700302,0.781000018119812,0.24869999289512634
YGL129C,YPR189W,0,-4.924489,0.2389109879732132,0.781000018119812,0.24879999458789825
YIL122W,YOR089C,0,-4.9247713,0.23883792757987976,0.781000018119812,0.24889999628067017
YPL181W,YMR216C,0,-4.9251976,0.2387648969888687,0.781000018119812,0.24899999797344208
YDR414C,YBR228W,0,-4.9257636,0.23869192600250244,0.781000018119812,0.249099999666214
YKL046C,YGL044C,0,-4.9258738,0.23861899971961975,0.781000018119812,0.2492000013589859
YDR376W,YCL011C,0,-4.926025,0.23854611814022064,0.781000018119812,0.2493000030517578
YPR031W,YIL167W,0,-4.9260697,0.23847328126430511,0.781000018119812,0.24940000474452972
YOR245C,YIR005W,0,-4.9262323,0.23840048909187317,0.781000018119812,0.24950000643730164
YNL202W,YBL106C,0,-4.9276204,0.2383277416229248,0.781000018119812,0.24959999322891235
YPL200W,YDR130C,1,-4.9277887,0.23856009542942047,0.7820000052452087,0.24959999322891235
YGL044C,YLR043C,0,-4.9281387,0.2384873479604721,0.7820000052452087,0.24969999492168427
YER016W,YFL037W,1,-4.928212,0.23871950805187225,0.7829999923706055,0.24969999492168427
YLR074C,YAL021C,0,-4.928604,0.2386467605829239,0.7829999923706055,0.24979999661445618
YJL209W,YKL130C,0,-4.9290304,0.2385740429162979,0.7829999923706055,0.2498999983072281
YML008C,YPL221W,0,-4.929098,0.23850136995315552,0.7829999923706055,0.25
YBR131W,YGL049C,0,-4.929308,0.2384287416934967,0.7829999923706055,0.2500999867916107
YNL041C,YCL005W-A,0,-4.929439,0.23835615813732147,0.7829999923706055,0.2502000033855438
YKR083C,YML038C,0,-4.9302397,0.23828363418579102,0.7829999923706055,0.25029999017715454
YGL222C,YMR127C,0,-4.9302673,0.23821114003658295,0.7829999923706055,0.25040000677108765
YLL022C,YER173W,0,-4.9306846,0.23813869059085846,0.7829999923706055,0.25049999356269836
YJR092W,YJR118C,0,-4.9310308,0.23806628584861755,0.7829999923706055,0.25060001015663147
YFR047C,YJL203W,0,-4.9310503,0.23799392580986023,0.7829999923706055,0.2506999969482422
YOR362C,YPL002C,0,-4.931829,0.2379216104745865,0.7829999923706055,0.2508000135421753
YGL061C,YAL009W,0,-4.9325027,0.23784932494163513,0.7829999923706055,0.250900000333786
YDR017C,YML005W,0,-4.9330854,0.23777709901332855,0.7829999923706055,0.25099998712539673
YKL022C,YMR311C,1,-4.9332523,0.2380084991455078,0.7839999794960022,0.25099998712539673
YER007W,YDR490C,0,-4.9333353,0.23793627321720123,0.7839999794960022,0.25110000371932983
YPL270W,YGR229C,0,-4.9334245,0.23786407709121704,0.7839999794960022,0.25119999051094055
YER143W,YDR011W,0,-4.934431,0.23779192566871643,0.7839999794960022,0.25130000710487366
YNR052C,YER169W,0,-4.934545,0.2377198338508606,0.7839999794960022,0.2513999938964844
YOR171C,YNR031C,0,-4.9347997,0.23764777183532715,0.7839999794960022,0.2515000104904175
YPR001W,YNL041C,0,-4.9354343,0.23757575452327728,0.7839999794960022,0.2515999972820282
YPL046C,YNL093W,0,-4.935496,0.237503781914711,0.7839999794960022,0.2517000138759613
YDL079C,YIL008W,0,-4.935542,0.2374318540096283,0.7839999794960022,0.251800000667572
YMR270C,YER100W,0,-4.935602,0.23735997080802917,0.7839999794960022,0.25189998745918274
YER168C,YGR155W,0,-4.9357433,0.23728813230991364,0.7839999794960022,0.25200000405311584
YDL090C,YMR016C,0,-4.936653,0.23721633851528168,0.7839999794960022,0.25209999084472656
YGR289C,YLR010C,0,-4.936715,0.2371445894241333,0.7839999794960022,0.25220000743865967
YDR420W,YLR005W,0,-4.9369054,0.2370728701353073,0.7839999794960022,0.2522999942302704
YBR143C,YHR090C,0,-4.937671,0.2370012104511261,0.7839999794960022,0.2524000108242035
YER159C,YJL072C,0,-4.938066,0.23692958056926727,0.7839999794960022,0.2524999976158142
YDL008W,YLR226W,1,-4.939598,0.2371601164340973,0.7850000262260437,0.2524999976158142
YDR375C,YJR092W,0,-4.939723,0.23708848655223846,0.7850000262260437,0.2526000142097473
YAL031C,YIL026C,1,-4.9401774,0.23731884360313416,0.7860000133514404,0.2526000142097473
YBR186W,YNR034W,0,-4.9402533,0.23724721372127533,0.7860000133514404,0.25270000100135803
YBR107C,YJR135C,1,-4.9403424,0.2374773621559143,0.7870000004768372,0.25270000100135803
YHR172W,YML029W,0,-4.9409714,0.23740573227405548,0.7870000004768372,0.25279998779296875
YLR078C,YBR213W,0,-4.941656,0.23733413219451904,0.7870000004768372,0.25290000438690186
YIL072W,YOL002C,0,-4.9419584,0.23726259171962738,0.7870000004768372,0.2529999911785126
YPR093C,YDL092W,0,-4.942088,0.2371910810470581,0.7870000004768372,0.2531000077724457
YDR477W,YKL214C,0,-4.9431496,0.2371196150779724,0.7870000004768372,0.2531999945640564
YOL077W-A,YEL019C,0,-4.9436054,0.2370481938123703,0.7870000004768372,0.2533000111579895
YGL016W,YDR503C,0,-4.944402,0.23697681725025177,0.7870000004768372,0.2533999979496002
YGL073W,YNL085W,0,-4.9448433,0.23690548539161682,0.7870000004768372,0.2535000145435333
YGL194C,YGL048C,0,-4.9455986,0.23683418333530426,0.7870000004768372,0.25360000133514404
YJR097W,YPL235W,0,-4.9457827,0.23676294088363647,0.7870000004768372,0.25369998812675476
YCL026C-A,YGL016W,0,-4.9459486,0.23669172823429108,0.7870000004768372,0.25380000472068787
YDR318W,YIL126W,1,-4.946468,0.23692122101783752,0.7879999876022339,0.25380000472068787
YOL026C,YDR244W,0,-4.9465103,0.23685000836849213,0.7879999876022339,0.2538999915122986
YGR258C,YML064C,0,-4.947571,0.2367788404226303,0.7879999876022339,0.2540000081062317
YPR121W,YMR156C,0,-4.9481263,0.23670771718025208,0.7879999876022339,0.2540999948978424
YLR210W,YLR350W,0,-4.9482737,0.23663663864135742,0.7879999876022339,0.2542000114917755
YNL172W,YHR014W,1,-4.948672,0.2368658035993576,0.7889999747276306,0.2542000114917755
YMR021C,YGL183C,0,-4.9490185,0.23679472506046295,0.7889999747276306,0.25429999828338623
YBR179C,YJR013W,0,-4.949398,0.23672367632389069,0.7889999747276306,0.25440001487731934
YER149C,YIL118W,0,-4.9494715,0.236652672290802,0.7889999747276306,0.25450000166893005
YOL017W,YDL097C,0,-4.9500966,0.2365817129611969,0.7889999747276306,0.25459998846054077
YBL085W,YLR214W,0,-4.9503975,0.23651079833507538,0.7889999747276306,0.2547000050544739
YPR105C,YHR188C,0,-4.9509654,0.23643991351127625,0.7889999747276306,0.2547999918460846
YPL112C,YOR290C,0,-4.9511266,0.2363690882921219,0.7889999747276306,0.2549000084400177
YGR092W,YLL035W,0,-4.9513607,0.23629829287528992,0.7889999747276306,0.2549999952316284
YOR069W,YML001W,0,-4.951863,0.23622754216194153,0.7889999747276306,0.2551000118255615
YPL200W,YPR141C,1,-4.9519672,0.23645615577697754,0.7900000214576721,0.2551000118255615
YBR233W-A,YAL009W,0,-4.952443,0.23638540506362915,0.7900000214576721,0.25519999861717224
YKL138C-A,YIL150C,0,-4.9525805,0.23631468415260315,0.7900000214576721,0.25529998540878296
YLR067C,YDR464W,0,-4.952593,0.23624402284622192,0.7900000214576721,0.25540000200271606
YDR480W,YMR167W,0,-4.9525933,0.23617339134216309,0.7900000214576721,0.2554999887943268
YDR252W,YBR037C,0,-4.9532256,0.23610280454158783,0.7900000214576721,0.2556000053882599
YKL154W,YLR010C,0,-4.953486,0.23603226244449615,0.7900000214576721,0.2556999921798706
YGL005C,YDR247W,0,-4.954166,0.23596176505088806,0.7900000214576721,0.2558000087738037
YAL026C,YJL173C,0,-4.9541693,0.23589131236076355,0.7900000214576721,0.25589999556541443
YPL076W,YJL035C,0,-4.955333,0.23582088947296143,0.7900000214576721,0.25600001215934753
YER143W,YPR055W,0,-4.955344,0.23575052618980408,0.7900000214576721,0.25609999895095825
YDR276C,YDR260C,0,-4.9556656,0.23568019270896912,0.7900000214576721,0.25619998574256897
YDR317W,YNL253W,0,-4.9557204,0.23560990393161774,0.7900000214576721,0.2563000023365021
YPR200C,YPR100W,0,-4.956216,0.23553965985774994,0.7900000214576721,0.2563999891281128
YER183C,YJL002C,0,-4.9563146,0.23546944558620453,0.7900000214576721,0.2565000057220459
YNL116W,YBR129C,0,-4.956629,0.2353992909193039,0.7900000214576721,0.2565999925136566
YOL091W,YPL057C,0,-4.95681,0.23532916605472565,0.7900000214576721,0.2567000091075897
YDR295C,YIR033W,0,-4.956914,0.23525908589363098,0.7900000214576721,0.25679999589920044
YGR179C,YER147C,1,-4.9577127,0.23548674583435059,0.7910000085830688,0.25679999589920044
YAL020C,YMR299C,0,-4.9580812,0.23541666567325592,0.7910000085830688,0.25690001249313354
YDL197C,YIL016W,0,-4.9584513,0.23534663021564484,0.7910000085830688,0.25699999928474426
YIL138C,YIL173W,0,-4.958455,0.23527662456035614,0.7910000085830688,0.257099986076355
YDR421W,YBL058W,0,-4.9584846,0.23520666360855103,0.7910000085830688,0.2572000026702881
YNL090W,YDR334W,0,-4.958524,0.2351367473602295,0.7910000085830688,0.2572999894618988
YOR023C,YHR118C,0,-4.9596786,0.23506686091423035,0.7910000085830688,0.2574000060558319
YBR136W,YOR151C,0,-4.9602017,0.23499703407287598,0.7910000085830688,0.2574999928474426
YLR210W,YNL003C,0,-4.961505,0.234927237033844,0.7910000085830688,0.25760000944137573
YGL065C,YER146W,0,-4.961506,0.2348574846982956,0.7910000085830688,0.25769999623298645
YLR166C,YLR298C,0,-4.96212,0.23478777706623077,0.7910000085830688,0.25780001282691956
YMR311C,YIR011C,1,-4.962373,0.23501484096050262,0.7919999957084656,0.25780001282691956
YOR147W,YKL034W,0,-4.963052,0.2349451184272766,0.7919999957084656,0.2578999996185303
YMR080C,YGR002C,0,-4.9640646,0.23487544059753418,0.7919999957084656,0.257999986410141
YDR151C,YPR055W,0,-4.964265,0.23480580747127533,0.7919999957084656,0.2581000030040741
YBR213W,YBR170C,0,-4.964673,0.23473621904850006,0.7919999957084656,0.2581999897956848
YMR076C,YNL299W,1,-4.965205,0.23496297001838684,0.7929999828338623,0.2581999897956848
YJR082C,YCR071C,0,-4.96542,0.23489336669445038,0.7929999828338623,0.2583000063896179
YDR439W,YIL144W,1,-4.9657817,0.23511992394924164,0.7940000295639038,0.2583000063896179
YMR076C,YGR275W,1,-4.9660487,0.23534636199474335,0.7950000166893005,0.2583000063896179
YKL190W,YKR065C,0,-4.966201,0.2352767139673233,0.7950000166893005,0.25839999318122864
YNL027W,YPR133W-A,0,-4.966714,0.23520709574222565,0.7950000166893005,0.25850000977516174
YDR017C,YER029C,0,-4.9673114,0.23513753712177277,0.7950000166893005,0.25859999656677246
YGL003C,YER147C,1,-4.9673376,0.2353636920452118,0.7960000038146973,0.25859999656677246
YNR008W,YPL270W,0,-4.967575,0.23529411852359772,0.7960000038146973,0.25870001316070557
YBL040C,YBR237W,0,-4.9681215,0.23522458970546722,0.7960000038146973,0.2587999999523163
YBL093C,YMR005W,0,-4.968707,0.23515509068965912,0.7960000038146973,0.258899986743927
YGL054C,YEL065W,0,-4.969194,0.2350856512784958,0.7960000038146973,0.2590000033378601
YJR001W,YER154W,0,-4.969414,0.23501624166965485,0.7960000038146973,0.2590999901294708
YBL079W,YER147C,1,-4.970109,0.23524202406406403,0.796999990940094,0.2590999901294708
YPL127C,YHR005C-A,0,-4.9701624,0.23517261445522308,0.796999990940094,0.25920000672340393
YNL106C,YFR013W,0,-4.970356,0.23510324954986572,0.796999990940094,0.25929999351501465
YLR102C,YBR073W,1,-4.9714184,0.235328808426857,0.7979999780654907,0.25929999351501465
YOR008C,YOR081C,0,-4.971633,0.23525942862033844,0.7979999780654907,0.25940001010894775
YJL124C,YBR136W,0,-4.9718847,0.23519009351730347,0.7979999780654907,0.25949999690055847
YGR213C,YLR182W,0,-4.971922,0.23512080311775208,0.7979999780654907,0.2596000134944916
YPR068C,YBL026W,0,-4.972416,0.23505154252052307,0.7979999780654907,0.2597000002861023
YJR150C,YOR315W,0,-4.972999,0.23498232662677765,0.7979999780654907,0.259799987077713
YPL194W,YML012W,0,-4.973124,0.2349131554365158,0.7979999780654907,0.2599000036716461
YGR252W,YGR010W,0,-4.97369,0.23484402894973755,0.7979999780654907,0.25999999046325684
YCR042C,YMR197C,0,-4.9740148,0.23477493226528168,0.7979999780654907,0.26010000705718994
YBL079W,YNL273W,1,-4.974358,0.23499999940395355,0.7990000247955322,0.26010000705718994
YIL072W,YCL032W,0,-4.9757104,0.23493090271949768,0.7990000247955322,0.26019999384880066
YMR168C,YBR171W,0,-4.9757442,0.2348618507385254,0.7990000247955322,0.26030001044273376
YDR081C,YPL274W,0,-4.976345,0.2347928285598755,0.7990000247955322,0.2603999972343445
YDR081C,YDR285W,0,-4.9763727,0.23472385108470917,0.7990000247955322,0.2605000138282776
YGR188C,YGL084C,0,-4.976555,0.23465491831302643,0.7990000247955322,0.2606000006198883
YJL005W,YKR037C,0,-4.977177,0.23458603024482727,0.7990000247955322,0.260699987411499
YLR226W,YJR068W,1,-4.978034,0.23481068015098572,0.800000011920929,0.260699987411499
YIL033C,YNL325C,0,-4.978279,0.23474177718162537,0.800000011920929,0.26080000400543213
YOR073W,YGR063C,1,-4.97865,0.23496626317501068,0.8009999990463257,0.26080000400543213
YKL113C,YIL167W,0,-4.9786835,0.23489736020565033,0.8009999990463257,0.26089999079704285
YDR375C,YDR162C,0,-4.979038,0.23482850193977356,0.8009999990463257,0.26100000739097595
YAR033W,YGR253C,0,-4.9791083,0.23475967347621918,0.8009999990463257,0.26109999418258667
YOR073W,YIR011C,1,-4.9791737,0.234983891248703,0.8019999861717224,0.26109999418258667
YNR007C,YBR057C,0,-4.9802136,0.23491506278514862,0.8019999861717224,0.2612000107765198
YPL145C,YOR322C,0,-4.9802756,0.23484626412391663,0.8019999861717224,0.2612999975681305
YLR403W,YCL005W-A,0,-4.9811616,0.2347775101661682,0.8019999861717224,0.2614000141620636
YER040W,YCR084C,0,-4.9813266,0.23470881581306458,0.8019999861717224,0.2615000009536743
YIR028W,YCL034W,0,-4.9814553,0.23464013636112213,0.8019999861717224,0.26159998774528503
YBR223C,YOR115C,0,-4.9815445,0.23457151651382446,0.8019999861717224,0.26170000433921814
YFL016C,YDL076C,0,-4.9816046,0.23450292646884918,0.8019999861717224,0.26179999113082886
YLR109W,YNL003C,0,-4.982485,0.23443438112735748,0.8019999861717224,0.26190000772476196
YBR087W,YKL193C,1,-4.9827065,0.23465809226036072,0.8029999732971191,0.26190000772476196
YNL148C,YJL110C,0,-4.983106,0.23458954691886902,0.8029999732971191,0.2619999945163727
YJL050W,YLR263W,0,-4.983342,0.2345210313796997,0.8029999732971191,0.2621000111103058
YBR131W,YDR484W,0,-4.983978,0.23445256054401398,0.8029999732971191,0.2621999979019165
YER112W,YJR010C-A,0,-4.98407,0.23438411951065063,0.8029999732971191,0.2623000144958496
YDL033C,YOR230W,0,-4.9842386,0.23431572318077087,0.8029999732971191,0.2624000012874603
YIL002C,YJL139C,0,-4.9846992,0.2342473715543747,0.8029999732971191,0.26249998807907104
YLR363C,YDR081C,0,-4.98516,0.2341790646314621,0.8029999732971191,0.26260000467300415
YDR122W,YNL287W,0,-4.9853864,0.2341107875108719,0.8029999732971191,0.26269999146461487
YJL099W,YNL323W,0,-4.985387,0.23404255509376526,0.8029999732971191,0.262800008058548
YDR480W,YJR082C,0,-4.985665,0.23397435247898102,0.8029999732971191,0.2628999948501587
YKL011C,YMR287C,0,-4.985885,0.23390620946884155,0.8029999732971191,0.2630000114440918
YGL065C,YBR039W,0,-4.9861293,0.23383809626102448,0.8029999732971191,0.2630999982357025
YJL165C,YKL021C,0,-4.9865074,0.23377001285552979,0.8029999732971191,0.2632000148296356
YDR082W,YPL234C,0,-4.9867315,0.23370197415351868,0.8029999732971191,0.26330000162124634
YJL140W,YJL047C,0,-4.9872684,0.23363398015499115,0.8029999732971191,0.26339998841285706
YBR136W,YGR199W,0,-4.9876337,0.2335660308599472,0.8029999732971191,0.26350000500679016
YKL092C,YKL186C,0,-4.988078,0.23349811136722565,0.8029999732971191,0.2635999917984009
YPL069C,YPR183W,0,-4.9882426,0.23343023657798767,0.8029999732971191,0.263700008392334
YDL197C,YLL036C,0,-4.9892125,0.23336239159107208,0.8029999732971191,0.2637999951839447
YCL035C,YPL187W,0,-4.989546,0.23329459130764008,0.8029999732971191,0.2639000117778778
YER172C,YPR120C,0,-4.989666,0.23322683572769165,0.8029999732971191,0.2639999985694885
YCR094W,YJR097W,0,-4.990013,0.2331591099500656,0.8029999732971191,0.26409998536109924
YBR073W,YFL037W,1,-4.990045,0.2333817183971405,0.8040000200271606,0.26409998536109924
YDL003W,YGR179C,1,-4.9901505,0.23360417783260345,0.8050000071525574,0.26409998536109924
YLR025W,YGR129W,0,-4.9903316,0.23353640735149384,0.8050000071525574,0.26420000195503235
YDL216C,YJR156C,0,-4.990636,0.2334686815738678,0.8050000071525574,0.26429998874664307
YER155C,YHR015W,0,-4.990696,0.23340098559856415,0.8050000071525574,0.26440000534057617
YLR394W,YOR259C,0,-4.9907618,0.23333333432674408,0.8050000071525574,0.2644999921321869
YJL071W,YJL209W,0,-4.9915113,0.2332657128572464,0.8050000071525574,0.26460000872612
YBR022W,YOL055C,0,-4.991687,0.2331981509923935,0.8050000071525574,0.2646999955177307
YCL039W,YKR008W,0,-4.991744,0.23313060402870178,0.8050000071525574,0.2648000121116638
YDR164C,YDR077W,0,-4.9927692,0.23306311666965485,0.8050000071525574,0.26489999890327454
YOR033C,YDR346C,0,-4.993792,0.2329956591129303,0.8050000071525574,0.26499998569488525
YNL161W,YGL063W,0,-4.9942226,0.23292824625968933,0.8050000071525574,0.26510000228881836
YKL022C,YBR107C,1,-4.994705,0.23315012454986572,0.8059999942779541,0.26510000228881836
YER114C,YBR283C,0,-4.9962435,0.23308271169662476,0.8059999942779541,0.2651999890804291
YDL007W,YIL123W,0,-4.996267,0.23301532864570618,0.8059999942779541,0.2653000056743622
YKL146W,YBR233W-A,0,-4.996861,0.23294797539710999,0.8059999942779541,0.2653999924659729
YOR136W,YPR032W,0,-4.9968967,0.23288066685199738,0.8059999942779541,0.265500009059906
YGR029W,YDL064W,0,-4.9969664,0.23281340301036835,0.8059999942779541,0.2655999958515167
YJL194W,YDR341C,0,-4.9979157,0.2327461689710617,0.8059999942779541,0.26570001244544983
YJR002W,YFR002W,0,-4.9981103,0.23267897963523865,0.8059999942779541,0.26579999923706055
YJL061W,YIL121W,0,-4.9984765,0.23261183500289917,0.8059999942779541,0.26589998602867126
YDR085C,YIL004C,0,-4.998535,0.23254472017288208,0.8059999942779541,0.26600000262260437
YFR013W,YOR001W,0,-4.9986515,0.23247765004634857,0.8059999942779541,0.2660999894142151
YPR122W,YGR108W,0,-4.998963,0.23241060972213745,0.8059999942779541,0.2662000060081482
YHR204W,YKR086W,0,-4.9996996,0.2323436141014099,0.8059999942779541,0.2662999927997589
YHL036W,YER169W,0,-4.999959,0.23227666318416595,0.8059999942779541,0.266400009393692
YBR041W,YKL138C-A,0,-5.0002985,0.23220974206924438,0.8059999942779541,0.26649999618530273
YNL330C,YBR165W,0,-5.0004263,0.2321428507566452,0.8059999942779541,0.26660001277923584
YLR138W,YDL194W,0,-5.0005627,0.2320760190486908,0.8059999942779541,0.26669999957084656
YDL227C,YGR220C,0,-5.0011067,0.23200921714305878,0.8059999942779541,0.2667999863624573
YNL021W,YPL213W,0,-5.002341,0.23194244503974915,0.8059999942779541,0.2669000029563904
YGR262C,YKR095W,0,-5.0024753,0.2318757176399231,0.8059999942779541,0.2669999897480011
YCR094W,YIL007C,0,-5.002632,0.23180903494358063,0.8059999942779541,0.2671000063419342
YNR043W,YHR079C-A,0,-5.0027723,0.23174238204956055,0.8059999942779541,0.2671999931335449
YMR068W,YDL087C,0,-5.0036926,0.23167577385902405,0.8059999942779541,0.267300009727478
YOR076C,YKL108W,0,-5.004953,0.23160919547080994,0.8059999942779541,0.26739999651908875
YMR313C,YDR092W,0,-5.006422,0.2315426617860794,0.8059999942779541,0.26750001311302185
YNL273W,YFL037W,1,-5.0066357,0.2317633479833603,0.8069999814033508,0.26750001311302185
YNL118C,YPR100W,0,-5.0067234,0.23169681429862976,0.8069999814033508,0.26759999990463257
YJL100W,YLR138W,0,-5.0072284,0.23163031041622162,0.8069999814033508,0.2676999866962433
YCR098C,YNR026C,0,-5.007289,0.23156385123729706,0.8069999814033508,0.2678000032901764
YPL241C,YPL155C,0,-5.0077233,0.23149742186069489,0.8069999814033508,0.2678999900817871
YGR288W,YDL097C,0,-5.0091343,0.2314310222864151,0.8069999814033508,0.2680000066757202
YIL106W,YLR200W,0,-5.0093083,0.2313646823167801,0.8069999814033508,0.26809999346733093
YOR039W,YPL015C,0,-5.010023,0.23129837214946747,0.8069999814033508,0.26820001006126404
YGL021W,YJL106W,0,-5.010681,0.23123209178447723,0.8069999814033508,0.26829999685287476
YER051W,YPL154C,0,-5.01146,0.23116585612297058,0.8069999814033508,0.26840001344680786
YPR120C,YHR021C,0,-5.0117855,0.23109965026378632,0.8069999814033508,0.2685000002384186
YMR135C,YJL059W,0,-5.0124087,0.23103348910808563,0.8069999814033508,0.2685999870300293
YKL049C,YOL006C,1,-5.0132017,0.23125357925891876,0.8080000281333923,0.2685999870300293
YJL184W,YOR290C,0,-5.013793,0.23118740320205688,0.8080000281333923,0.2687000036239624
YHR074W,YDL225W,0,-5.014209,0.23112128674983978,0.8080000281333923,0.2687999904155731
YDR163W,YGR200C,0,-5.014833,0.23105518519878387,0.8080000281333923,0.2689000070095062
YCL038C,YCR098C,0,-5.015615,0.23098914325237274,0.8080000281333923,0.26899999380111694
YOR079C,YER075C,0,-5.015665,0.2309231162071228,0.8080000281333923,0.26910001039505005
YLR231C,YER180C-A,0,-5.016067,0.23085714876651764,0.8080000281333923,0.26919999718666077
YNL291C,YBL050W,0,-5.016325,0.23079119622707367,0.8080000281333923,0.26930001378059387
YKR072C,YMR039C,0,-5.01661,0.23072530329227448,0.8080000281333923,0.2694000005722046
YPL084W,YGL019W,0,-5.0166583,0.23065944015979767,0.8080000281333923,0.2694999873638153
YBR210W,YGR020C,0,-5.016938,0.23059360682964325,0.8080000281333923,0.2696000039577484
YOR208W,YOR087W,0,-5.0174646,0.2305278182029724,0.8080000281333923,0.26969999074935913
YBR160W,YLL001W,0,-5.017644,0.23046205937862396,0.8080000281333923,0.26980000734329224
YLL001W,YPR018W,0,-5.017848,0.2303963452577591,0.8080000281333923,0.26989999413490295
YJL001W,YCR042C,0,-5.018282,0.2303306758403778,0.8080000281333923,0.27000001072883606
YNL326C,YKL122C,0,-5.0184426,0.2302650362253189,0.8080000281333923,0.2700999975204468
YPL115C,YGL018C,0,-5.018634,0.2301994264125824,0.8080000281333923,0.2702000141143799
YDR017C,YNL268W,0,-5.0189323,0.23013386130332947,0.8080000281333923,0.2703000009059906
YPR133C,YKL014C,0,-5.019355,0.23006834089756012,0.8080000281333923,0.2703999876976013
YPR019W,YFR003C,0,-5.020418,0.23000285029411316,0.8080000281333923,0.2705000042915344
YMR219W,YDR110W,0,-5.020728,0.2299373894929886,0.8080000281333923,0.27059999108314514
YLR127C,YGR275W,1,-5.020729,0.23015646636486053,0.8090000152587891,0.27059999108314514
YAL051W,YNL261W,0,-5.0210085,0.23009100556373596,0.8090000152587891,0.27070000767707825
YGL168W,YIL138C,0,-5.021703,0.23002558946609497,0.8090000152587891,0.27079999446868896
YLR295C,YBR077C,0,-5.022648,0.22996020317077637,0.8090000152587891,0.27090001106262207
YMR001C,YOR068C,0,-5.023025,0.22989486157894135,0.8090000152587891,0.2709999978542328
YMR078C,YBR156C,1,-5.023286,0.23011364042758942,0.8100000023841858,0.2709999978542328
YOR157C,YDR170C,0,-5.0239673,0.2300482839345932,0.8100000023841858,0.2711000144481659
YKL007W,YGL194C,0,-5.024545,0.22998295724391937,0.8100000023841858,0.2712000012397766
YGR056W,YOL097C,0,-5.025132,0.22991769015789032,0.8100000023841858,0.27129998803138733
YHR005C,YBR279W,0,-5.025997,0.22985243797302246,0.8100000023841858,0.27140000462532043
YNL219C,YHR108W,0,-5.0260243,0.22978723049163818,0.8100000023841858,0.27149999141693115
YMR255W,YJL001W,0,-5.0267878,0.2297220677137375,0.8100000023841858,0.27160000801086426
YER030W,YKR053C,0,-5.0274644,0.22965693473815918,0.8100000023841858,0.271699994802475
YBR130C,YPL032C,0,-5.028105,0.22959183156490326,0.8100000023841858,0.2718000113964081
YNL326C,YML016C,0,-5.028255,0.22952677309513092,0.8100000023841858,0.2718999981880188
YLR080W,YHR031C,0,-5.0282893,0.22946175932884216,0.8100000023841858,0.2720000147819519
YGL017W,YOR257W,0,-5.0283384,0.2293967753648758,0.8100000023841858,0.2721000015735626
YEL042W,YIL068C,0,-5.028433,0.2293318212032318,0.8100000023841858,0.27219998836517334
YIL159W,YNL103W,0,-5.0287547,0.2292669117450714,0.8100000023841858,0.27230000495910645
YFR019W,YCR044C,0,-5.0288353,0.2292020320892334,0.8100000023841858,0.27239999175071716
YPR144C,YBR175W,0,-5.030057,0.22913719713687897,0.8100000023841858,0.27250000834465027
YJL002C,YLR141W,0,-5.0302095,0.22907239198684692,0.8100000023841858,0.272599995136261
YNL173C,YOR279C,0,-5.030437,0.22900763154029846,0.8100000023841858,0.2727000117301941
YCR028C,YBR055C,0,-5.030471,0.2289429008960724,0.8100000023841858,0.2727999985218048
YGL173C,YDR404C,0,-5.030473,0.2288782149553299,0.8100000023841858,0.2728999853134155
YPL248C,YER154W,0,-5.0306864,0.2288135588169098,0.8100000023841858,0.27300000190734863
YDR378C,YNL149C,0,-5.0306873,0.22874894738197327,0.8100000023841858,0.27309998869895935
YNL227C,YBR055C,0,-5.0308514,0.22868436574935913,0.8100000023841858,0.27320000529289246
YGL150C,YGR274C,0,-5.031496,0.22861981391906738,0.8100000023841858,0.2732999920845032
YMR143W,YPR189W,0,-5.0320683,0.22855530679225922,0.8100000023841858,0.2734000086784363
YER180C-A,YPR121W,0,-5.032138,0.22849082946777344,0.8100000023841858,0.273499995470047
YMR212C,YHR099W,0,-5.0322466,0.22842639684677124,0.8100000023841858,0.2736000120639801
YNL291C,YDR189W,0,-5.0322948,0.22836199402809143,0.8100000023841858,0.2736999988555908
YMR292W,YHR102W,0,-5.032984,0.2282976359128952,0.8100000023841858,0.27379998564720154
YCL063W,YGR241C,0,-5.033227,0.22823330760002136,0.8100000023841858,0.27390000224113464
YEL032W,YDR436W,0,-5.035439,0.2281690090894699,0.8100000023841858,0.27399998903274536
YNL106C,YDR217C,0,-5.036602,0.22810475528240204,0.8100000023841858,0.27410000562667847
YER061C,YKL028W,0,-5.036728,0.22804054617881775,0.8100000023841858,0.2741999924182892
YNL042W,YBR289W,0,-5.0372796,0.22797635197639465,0.8100000023841858,0.2743000090122223
YPL160W,YBR081C,0,-5.037327,0.22791221737861633,0.8100000023841858,0.274399995803833
YCR010C,YCL043C,0,-5.038106,0.2278480976819992,0.8100000023841858,0.2745000123977661
YLR114C,YER042W,0,-5.0383515,0.22778402268886566,0.8100000023841858,0.27459999918937683
YPR121W,YKL034W,0,-5.0390882,0.2277199923992157,0.8100000023841858,0.27469998598098755
YOR064C,YOR060C,0,-5.039112,0.22765599191188812,0.8100000023841858,0.27480000257492065
YMR014W,YDL087C,0,-5.0391226,0.22759202122688293,0.8100000023841858,0.27489998936653137
YHR191C,YPL137C,1,-5.039144,0.22780898213386536,0.8109999895095825,0.27489998936653137
YLR011W,YDR059C,0,-5.0393763,0.22774501144886017,0.8109999895095825,0.2750000059604645
YDL036C,YLR136C,0,-5.0395103,0.22768108546733856,0.8109999895095825,0.2750999927520752
YJL020C,YAL040C,0,-5.03963,0.22761717438697815,0.8109999895095825,0.2752000093460083
YML016C,YGL175C,0,-5.0406733,0.22755330801010132,0.8109999895095825,0.275299996137619
YAL042W,YNL127W,0,-5.0407085,0.22748948633670807,0.8109999895095825,0.2754000127315521
YPL202C,YIL109C,0,-5.041028,0.2274256944656372,0.8109999895095825,0.27549999952316284
YBR050C,YDR145W,0,-5.0413733,0.22736193239688873,0.8109999895095825,0.27559998631477356
YJR068W,YMR190C,1,-5.041629,0.22757847607135773,0.8119999766349792,0.27559998631477356
YNL239W,YIL039W,0,-5.041765,0.22751471400260925,0.8119999766349792,0.27570000290870667
YIL144W,YOL006C,1,-5.0421076,0.22773109376430511,0.8130000233650208,0.27570000290870667
YOL026C,YFR005C,0,-5.043168,0.22766731679439545,0.8130000233650208,0.2757999897003174
YOR048C,YGL213C,0,-5.043261,0.22760358452796936,0.8130000233650208,0.2759000062942505
YJL081C,YKL154W,0,-5.0442286,0.22753988206386566,0.8130000233650208,0.2759999930858612
YNR054C,YMR192W,0,-5.044871,0.22747622430324554,0.8130000233650208,0.2761000096797943
YKL013C,YPL155C,0,-5.044997,0.22741258144378662,0.8130000233650208,0.27619999647140503
YDR397C,YML032C,0,-5.047111,0.22734899818897247,0.8130000233650208,0.27630001306533813
YGR193C,YNL139C,0,-5.047411,0.22728542983531952,0.8130000233650208,0.27639999985694885
YPR042C,YNL138W,0,-5.047587,0.22722190618515015,0.8130000233650208,0.27649998664855957
YPL204W,YJR068W,1,-5.0476303,0.2274378389120102,0.8140000104904175,0.27649998664855957
YPR082C,YGR152C,0,-5.047635,0.22737430036067963,0.8140000104904175,0.2766000032424927
YGL143C,YMR096W,0,-5.0479565,0.22731080651283264,0.8140000104904175,0.2766999900341034
YMR037C,YOR187W,0,-5.0480804,0.22724734246730804,0.8140000104904175,0.2768000066280365
YJR084W,YDR221W,0,-5.0483246,0.22718392312526703,0.8140000104904175,0.2768999934196472
YNR058W,YPR108W,0,-5.048628,0.2271205335855484,0.8140000104904175,0.2770000100135803
YGR109C,YBR295W,0,-5.04953,0.22705718874931335,0.8140000104904175,0.27709999680519104
YHR191C,YER133W,1,-5.050101,0.22727273404598236,0.8149999976158142,0.27709999680519104
YBL079W,YJR068W,1,-5.0502796,0.22748814523220062,0.8159999847412109,0.27709999680519104
YNL159C,YLR176C,0,-5.050381,0.227424755692482,0.8159999847412109,0.27720001339912415
YEL042W,YHR118C,0,-5.050415,0.22736138105392456,0.8159999847412109,0.27730000019073486
YOR349W,YHR005C,0,-5.0505233,0.2272980511188507,0.8159999847412109,0.2773999869823456
YGL216W,YGL233W,0,-5.0507593,0.22723475098609924,0.8159999847412109,0.2775000035762787
YLR266C,YPR101W,0,-5.0513744,0.22717149555683136,0.8159999847412109,0.2775999903678894
YLR368W,YKR079C,0,-5.051579,0.22710826992988586,0.8159999847412109,0.2777000069618225
YGR095C,YGL212W,0,-5.0516148,0.22704507410526276,0.8159999847412109,0.2777999937534332
YNL055C,YOR308C,0,-5.052436,0.22698192298412323,0.8159999847412109,0.27790001034736633
YGR047C,YLR298C,0,-5.0524683,0.2269188016653061,0.8159999847412109,0.27799999713897705
YOL123W,YDR303C,0,-5.0525513,0.22685571014881134,0.8159999847412109,0.27810001373291016
YGL070C,YML010W,0,-5.053182,0.22679266333580017,0.8159999847412109,0.2782000005245209
YKR046C,YDL190C,0,-5.053864,0.2267296463251114,0.8159999847412109,0.2782999873161316
YOR232W,YDR175C,0,-5.054303,0.2266666740179062,0.8159999847412109,0.2784000039100647
YAL042W,YJR013W,0,-5.0544434,0.22660371661186218,0.8159999847412109,0.2784999907016754
YMR021C,YGR213C,0,-5.057176,0.22654080390930176,0.8159999847412109,0.2786000072956085
YGR165W,YNL293W,0,-5.0580964,0.22647793591022491,0.8159999847412109,0.27869999408721924
YNR058W,YBL106C,0,-5.0581303,0.22641509771347046,0.8159999847412109,0.27880001068115234
YBL069W,YGL169W,0,-5.0584974,0.2263522893190384,0.8159999847412109,0.27889999747276306
YIR023W,YCR073C,0,-5.059272,0.2262895107269287,0.8159999847412109,0.27900001406669617
YKL193C,YML124C,1,-5.0593066,0.22650401294231415,0.8169999718666077,0.27900001406669617
YBR086C,YLR219W,0,-5.0596995,0.22644123435020447,0.8169999718666077,0.2791000008583069
YKR065C,YGR156W,0,-5.060049,0.22637850046157837,0.8169999718666077,0.2791999876499176
YIL062C,YMR058W,0,-5.0603046,0.22631579637527466,0.8169999718666077,0.2793000042438507
YGR036C,YHR152W,0,-5.0605307,0.22625312209129333,0.8169999718666077,0.2793999910354614
YEL042W,YOR319W,0,-5.0610924,0.2261904776096344,0.8169999718666077,0.27950000762939453
YGR081C,YCL032W,0,-5.0612526,0.22612787783145905,0.8169999718666077,0.27959999442100525
YLR098C,YPR086W,0,-5.0614743,0.22606530785560608,0.8169999718666077,0.27970001101493835
YBR077C,YDR002W,0,-5.0615067,0.2260027676820755,0.8169999718666077,0.2797999978065491
YER054C,YGL163C,0,-5.061721,0.2259402722120285,0.8169999718666077,0.2799000144004822
YFL034C-B,YBR186W,0,-5.062234,0.2258778065443039,0.8169999718666077,0.2800000011920929
YML010W,YGL169W,0,-5.0623274,0.22581537067890167,0.8169999718666077,0.2800999879837036
YLL022C,YDR162C,0,-5.06297,0.22575296461582184,0.8169999718666077,0.2802000045776367
YDR389W,YPL033C,0,-5.063391,0.22569060325622559,0.8169999718666077,0.28029999136924744
YOR058C,YDR011W,0,-5.063736,0.22562828660011292,0.8169999718666077,0.28040000796318054
YCR094W,YOR354C,0,-5.0638957,0.22556598484516144,0.8169999718666077,0.28049999475479126
YFL009W,YNL044W,0,-5.064278,0.22550372779369354,0.8169999718666077,0.28060001134872437
YDR301W,YNL107W,0,-5.0645795,0.22544150054454803,0.8169999718666077,0.2806999981403351
YJL031C,YKL101W,0,-5.06473,0.22537930309772491,0.8169999718666077,0.2808000147342682
YPL096W,YBL102W,0,-5.065468,0.22531715035438538,0.8169999718666077,0.2809000015258789
YBL079W,YLR357W,1,-5.0655336,0.225530743598938,0.8180000185966492,0.2809000015258789
YHL031C,YBR215W,0,-5.065895,0.22546857595443726,0.8180000185966492,0.2809999883174896
YIL159W,YJR094C,0,-5.0662413,0.2254064530134201,0.8180000185966492,0.28110000491142273
YPL040C,YHR119W,0,-5.0664434,0.22534435987472534,0.8180000185966492,0.28119999170303345
YMR270C,YOL138C,0,-5.0665793,0.22528229653835297,0.8180000185966492,0.28130000829696655
YOR116C,YJL127C,0,-5.0671177,0.22522026300430298,0.8180000185966492,0.28139999508857727
YGR286C,YER104W,0,-5.0671186,0.22515827417373657,0.8180000185966492,0.2815000116825104
YPR007C,YFL037W,1,-5.0672073,0.22537149488925934,0.8190000057220459,0.2815000116825104
YPR112C,YDR011W,0,-5.067411,0.22530949115753174,0.8190000057220459,0.2815999984741211
YHR058C,YHR027C,0,-5.0674734,0.22524753212928772,0.8190000057220459,0.2816999852657318
YGL084C,YMR293C,0,-5.067929,0.2251855880022049,0.8190000057220459,0.2818000018596649
YGL219C,YGL175C,0,-5.0679965,0.22512368857860565,0.8190000057220459,0.28189998865127563
YCR089W,YML013W,0,-5.0681877,0.22506183385849,0.8190000057220459,0.28200000524520874
YPR056W,YPL234C,0,-5.0683584,0.22499999403953552,0.8190000057220459,0.28209999203681946
YOL077W-A,YPL235W,0,-5.0698185,0.22493819892406464,0.8190000057220459,0.28220000863075256
YAL021C,YLR090W,0,-5.0711765,0.22487644851207733,0.8190000057220459,0.2822999954223633
YBR298C,YCL033C,0,-5.0719943,0.22481471300125122,0.8190000057220459,0.2824000120162964
YGR101W,YLR183C,0,-5.0720453,0.2247530221939087,0.8190000057220459,0.2824999988079071
YJL112W,YCL033C,0,-5.072306,0.22469136118888855,0.8190000057220459,0.2825999855995178
YGR041W,YIL114C,0,-5.0724134,0.2246297299861908,0.8190000057220459,0.2827000021934509
YBR295W,YML097C,0,-5.0724525,0.22456814348697662,0.8190000057220459,0.28279998898506165
YLR330W,YJL059W,0,-5.072475,0.22450657188892365,0.8190000057220459,0.28290000557899475
YNR054C,YKL006C-A,0,-5.0728636,0.22444505989551544,0.8190000057220459,0.28299999237060547
YLR361C,YCR009C,0,-5.07306,0.22438356280326843,0.8190000057220459,0.2831000089645386
YPR108W,YOR261C,0,-5.0736094,0.224322110414505,0.8190000057220459,0.2831999957561493
YNL142W,YER180C-A,0,-5.073965,0.22426067292690277,0.8190000057220459,0.2833000123500824
YDR446W,YBR093C,0,-5.0743465,0.2241992950439453,0.8190000057220459,0.2833999991416931
YHR188C,YMR035W,0,-5.07458,0.22413793206214905,0.8190000057220459,0.28349998593330383
YMR311C,YER147C,1,-5.0762734,0.2243501991033554,0.8199999928474426,0.28349998593330383
YJL019W,YML124C,1,-5.0764155,0.2245623618364334,0.8209999799728394,0.28349998593330383
YOL051W,YPL098C,0,-5.077223,0.22450095415115356,0.8209999799728394,0.28360000252723694
YOR123C,YJL154C,0,-5.0773115,0.2244395911693573,0.8209999799728394,0.28369998931884766
YCR107W,YLR008C,0,-5.077507,0.22437824308872223,0.8209999799728394,0.28380000591278076
YLR288C,YJL121C,0,-5.0775576,0.22431693971157074,0.8209999799728394,0.2838999927043915
YKL025C,YBL103C,0,-5.0780573,0.22425566613674164,0.8209999799728394,0.2840000092983246
YPL061W,YMR112C,0,-5.0789194,0.22419442236423492,0.8209999799728394,0.2840999960899353
YKL141W,YKL140W,0,-5.0791407,0.2241332232952118,0.8209999799728394,0.2842000126838684
YNL118C,YGR075C,0,-5.0793247,0.22407205402851105,0.8209999799728394,0.2842999994754791
YDR211W,YNR011C,0,-5.079694,0.2240109145641327,0.8209999799728394,0.28439998626708984
YAR033W,YBR171W,0,-5.079915,0.22394980490207672,0.8209999799728394,0.28450000286102295
YJR074W,YKL145W,0,-5.0799403,0.22388873994350433,0.8209999799728394,0.28459998965263367
YJL073W,YDR477W,0,-5.08051,0.22382770478725433,0.8209999799728394,0.2847000062465668
YPR056W,YDL224C,0,-5.081093,0.22376669943332672,0.8209999799728394,0.2847999930381775
YDL099W,YMR109W,0,-5.0816545,0.2237057238817215,0.8209999799728394,0.2849000096321106
YKR036C,YBR093C,0,-5.081873,0.22364477813243866,0.8209999799728394,0.2849999964237213
YGL013C,YGR221C,0,-5.081906,0.2235838770866394,0.8209999799728394,0.2851000130176544
YGR241C,YLR200W,0,-5.081931,0.22352300584316254,0.8209999799728394,0.28519999980926514
YIL122W,YMR127C,0,-5.0827146,0.22346216440200806,0.8209999799728394,0.28529998660087585
YAL017W,YHL009C,0,-5.0829453,0.22340136766433716,0.8209999799728394,0.28540000319480896
YDR255C,YDR392W,0,-5.083152,0.22334058582782745,0.8209999799728394,0.2854999899864197
YKL046C,YCR020C-A,0,-5.083241,0.22327984869480133,0.8209999799728394,0.2856000065803528
YDR122W,YLR288C,0,-5.083417,0.2232191413640976,0.8209999799728394,0.2856999933719635
YJL201W,YFR040W,0,-5.084156,0.22315846383571625,0.8209999799728394,0.2858000099658966
YBR167C,YJL059W,0,-5.084728,0.22309783101081848,0.8209999799728394,0.2858999967575073
YML107C,YIL153W,0,-5.0847993,0.2230372130870819,0.8209999799728394,0.28600001335144043
YDR113C,YER147C,1,-5.0848117,0.22324822843074799,0.8220000267028809,0.28600001335144043
YER020W,YPL187W,0,-5.0848384,0.2231876254081726,0.8220000267028809,0.28610000014305115
YBL023C,YIL105C,0,-5.085206,0.22312703728675842,0.8220000267028809,0.28619998693466187
YOR367W,YMR227C,0,-5.0854077,0.22306647896766663,0.8220000267028809,0.28630000352859497
YNL161W,YOL061W,0,-5.0854244,0.2230059653520584,0.8220000267028809,0.2863999903202057
YKL101W,YJR021C,0,-5.0860043,0.22294548153877258,0.8220000267028809,0.2865000069141388
YJR144W,YDR166C,0,-5.0863633,0.22288502752780914,0.8220000267028809,0.2865999937057495
YKR022C,YJL166W,0,-5.086755,0.22282461822032928,0.8220000267028809,0.2867000102996826
YHR174W,YPR181C,0,-5.087231,0.22276422381401062,0.8220000267028809,0.28679999709129333
YKR095W-A,YGR241C,0,-5.088909,0.22270387411117554,0.8220000267028809,0.28690001368522644
YMR112C,YKL141W,0,-5.0893493,0.22264355421066284,0.8220000267028809,0.28700000047683716
YER133W,YGR275W,1,-5.089369,0.22285404801368713,0.8230000138282776,0.28700000047683716
YNL027W,YPL015C,0,-5.090006,0.22279371321201324,0.8230000138282776,0.2870999872684479
YIL070C,YER180C-A,0,-5.0903673,0.22273342311382294,0.8230000138282776,0.287200003862381
YDR216W,YMR213W,0,-5.0909233,0.22267316281795502,0.8230000138282776,0.2872999906539917
YJL196C,YML069W,0,-5.0912085,0.22261293232440948,0.8230000138282776,0.2874000072479248
YHR072W,YOR256C,0,-5.091256,0.22255273163318634,0.8230000138282776,0.2874999940395355
YPL255W,YIR004W,0,-5.0916204,0.22249256074428558,0.8230000138282776,0.28760001063346863
YDL209C,YIL016W,0,-5.0916553,0.2224324345588684,0.8230000138282776,0.28769999742507935
YOL017W,YDL150W,0,-5.0918956,0.22237233817577362,0.8230000138282776,0.28780001401901245
YMR056C,YOR362C,0,-5.092201,0.22231225669384003,0.8230000138282776,0.28790000081062317
YPR200C,YHR119W,0,-5.092537,0.2222522348165512,0.8230000138282776,0.2879999876022339
YOR308C,YJL056C,0,-5.093432,0.22219222784042358,0.8230000138282776,0.288100004196167
YJR060W,YNR010W,1,-5.0936165,0.2224021553993225,0.8240000009536743,0.288100004196167
YFL031W,YPL011C,0,-5.0938444,0.22234214842319489,0.8240000009536743,0.2881999909877777
YBR081C,YLR354C,0,-5.094074,0.22228217124938965,0.8240000009536743,0.2883000075817108
YMR224C,YGL028C,0,-5.094652,0.2222222238779068,0.8240000009536743,0.28839999437332153
YDR314C,YFR005C,0,-5.09467,0.22216230630874634,0.8240000009536743,0.28850001096725464
YMR167W,YHR001W,0,-5.0948796,0.22210241854190826,0.8240000009536743,0.28859999775886536
YCR107W,YAR007C,0,-5.095728,0.22204257547855377,0.8240000009536743,0.28870001435279846
YPR020W,YER093C,0,-5.095914,0.22198276221752167,0.8240000009536743,0.2888000011444092
YKL022C,YIL126W,1,-5.0962873,0.22219230234622955,0.824999988079071,0.2888000011444092
YJL062W,YGL044C,0,-5.096411,0.22213247418403625,0.824999988079071,0.2888999879360199
YBL079W,YOL094C,1,-5.096413,0.222341850399971,0.8259999752044678,0.2888999879360199
YDR076W,YIL016W,0,-5.0968237,0.2222820222377777,0.8259999752044678,0.289000004529953
YER035W,YKR089C,0,-5.096842,0.2222222238779068,0.8259999752044678,0.2890999913215637
YBR050C,YDR238C,0,-5.096915,0.22216245532035828,0.8259999752044678,0.2892000079154968
YLR060W,YGR172C,0,-5.0977035,0.22210271656513214,0.8259999752044678,0.28929999470710754
YGL018C,YOL009C,0,-5.0981627,0.2220430076122284,0.8259999752044678,0.28940001130104065
YBR008C,YPL175W,0,-5.0982156,0.22198334336280823,0.8259999752044678,0.28949999809265137
YHR158C,YOR329C,0,-5.098551,0.22192369401454926,0.8259999752044678,0.2896000146865845
YKL015W,YCL001W,0,-5.0990267,0.22186408936977386,0.8259999752044678,0.2897000014781952
YAL042W,YER116C,0,-5.0992923,0.22180451452732086,0.8259999752044678,0.2897999882698059
YPR005C,YKL117W,0,-5.0994434,0.22174496948719025,0.8259999752044678,0.289900004863739
YBR112C,YLR176C,0,-5.100136,0.22168545424938202,0.8259999752044678,0.28999999165534973
YLR102C,YFL037W,1,-5.100149,0.2218942791223526,0.8270000219345093,0.28999999165534973
YHR158C,YIL139C,0,-5.1005363,0.22183476388454437,0.8270000219345093,0.29010000824928284
YKL114C,YJR094C,0,-5.1017714,0.22177527844905853,0.8270000219345093,0.29019999504089355
YIR013C,YPL089C,0,-5.1022687,0.22171582281589508,0.8270000219345093,0.29030001163482666
YJR105W,YKL130C,0,-5.10242,0.22165639698505402,0.8270000219345093,0.2903999984264374
YGL116W,YML124C,1,-5.1025395,0.2218649536371231,0.828000009059906,0.2903999984264374
YLR246W,YGR253C,0,-5.102884,0.22180551290512085,0.828000009059906,0.2904999852180481
YFL057C,YDR279W,0,-5.1033196,0.22174611687660217,0.828000009059906,0.2906000018119812
YDL188C,YHR181W,0,-5.10349,0.22168675065040588,0.828000009059906,0.2906999886035919
YCR086W,YML124C,1,-5.1036396,0.22189506888389587,0.8289999961853027,0.2906999886035919
YKR035W-A,YDR484W,0,-5.1038494,0.22183570265769958,0.8289999961853027,0.290800005197525
YER143W,YBL041W,0,-5.104446,0.2217763513326645,0.8289999961853027,0.29089999198913574
YLL060C,YPR070W,0,-5.1045446,0.22171702980995178,0.8289999961853027,0.29100000858306885
YGL130W,YPR086W,0,-5.104744,0.22165775299072266,0.8289999961853027,0.29109999537467957
YIR021W,YDL140C,0,-5.1061525,0.22159850597381592,0.8289999961853027,0.29120001196861267
YLL004W,YLR107W,0,-5.1062775,0.22153928875923157,0.8289999961853027,0.2912999987602234
YJR068W,YML034W,1,-5.1063566,0.2217472642660141,0.8299999833106995,0.2912999987602234
YIL114C,YMR243C,0,-5.1068287,0.22168803215026855,0.8299999833106995,0.2913999855518341
YPL221W,YOR174W,0,-5.1069145,0.2216288447380066,0.8299999833106995,0.2915000021457672
YCL038C,YAL032C,0,-5.107107,0.22156967222690582,0.8299999833106995,0.29159998893737793
YLR080W,YEL041W,0,-5.1071815,0.22151054441928864,0.8299999833106995,0.29170000553131104
YOL158C,YAR003W,0,-5.107646,0.22145144641399384,0.8299999833106995,0.29179999232292175
YPL268W,YOR018W,0,-5.1078734,0.22139237821102142,0.8299999833106995,0.29190000891685486
YDR175C,YML052W,0,-5.108002,0.2213333398103714,0.8299999833106995,0.2919999957084656
YBR002C,YKR008W,0,-5.1080236,0.22127433121204376,0.8299999833106995,0.2921000123023987
YPR006C,YLR376C,0,-5.1087937,0.2212153524160385,0.8299999833106995,0.2921999990940094
YHR036W,YBL004W,0,-5.1089764,0.22115640342235565,0.8299999833106995,0.2922999858856201
YPL133C,YPR182W,0,-5.1092563,0.22109749913215637,0.8299999833106995,0.2924000024795532
YJL196C,YOR328W,0,-5.109401,0.2210386097431183,0.8299999833106995,0.29249998927116394
YDR151C,YGR252W,0,-5.1100926,0.22097976505756378,0.8299999833106995,0.29260000586509705
YJL003W,YNL078W,0,-5.1104,0.22092095017433167,0.8299999833106995,0.29269999265670776
YNR011C,YBR030W,0,-5.1108294,0.22086216509342194,0.8299999833106995,0.29280000925064087
YOR005C,YLR452C,0,-5.1108956,0.2208034098148346,0.8299999833106995,0.2928999960422516
YBL015W,YGL143C,0,-5.1116285,0.22074468433856964,0.8299999833106995,0.2930000126361847
YHL038C,YBR256C,0,-5.112395,0.22068598866462708,0.8299999833106995,0.2930999994277954
YPR029C,YOL077W-A,0,-5.112707,0.2206273227930069,0.8299999833106995,0.29319998621940613
YFL003C,YGL048C,0,-5.112893,0.2205687016248703,0.8299999833106995,0.29330000281333923
YGL003C,YMR076C,1,-5.1129446,0.22077576816082,0.8309999704360962,0.29330000281333923
YIL035C,YJL073W,0,-5.1129723,0.22071713209152222,0.8309999704360962,0.29339998960494995
YPL204W,YLR357W,1,-5.1136465,0.22092406451702118,0.8320000171661377,0.29339998960494995
YBR179C,YPL020C,0,-5.1144133,0.2208654135465622,0.8320000171661377,0.29350000619888306
YNL261W,YDL120W,0,-5.1145444,0.2208067923784256,0.8320000171661377,0.2935999929904938
YPL084W,YBL047C,0,-5.114925,0.22074821591377258,0.8320000171661377,0.2937000095844269
YKR063C,YDL224C,0,-5.115072,0.22068965435028076,0.8320000171661377,0.2937999963760376
YER040W,YKL034W,0,-5.115334,0.22063113749027252,0.8320000171661377,0.2939000129699707
YDL095W,YLR136C,0,-5.115411,0.22057263553142548,0.8320000171661377,0.2939999997615814
YDR077W,YBR173C,0,-5.1160564,0.220514178276062,0.8320000171661377,0.29409998655319214
YLR060W,YGR040W,0,-5.116107,0.22045575082302094,0.8320000171661377,0.29420000314712524
YFR019W,YIL039W,0,-5.1161394,0.22039735317230225,0.8320000171661377,0.29429998993873596
YDR260C,YML038C,0,-5.116546,0.22033898532390594,0.8320000171661377,0.29440000653266907
YBR022W,YMR096W,0,-5.1166835,0.22028064727783203,0.8320000171661377,0.2944999933242798
YLR363C,YEL024W,0,-5.1168127,0.2202223390340805,0.8320000171661377,0.2946000099182129
YGL062W,YER173W,0,-5.1169806,0.22016406059265137,0.8320000171661377,0.2946999967098236
YBR038W,YIL035C,0,-5.1170425,0.2201058268547058,0.8320000171661377,0.2948000133037567
YBR057C,YHR027C,0,-5.1175466,0.22004760801792145,0.8320000171661377,0.29490000009536743
YOR037W,YKR028W,0,-5.1186647,0.21998941898345947,0.8320000171661377,0.29499998688697815
YLL036C,YOR076C,0,-5.118717,0.21993127465248108,0.8320000171661377,0.29510000348091125
YNL117W,YDL224C,0,-5.1188574,0.21987314522266388,0.8320000171661377,0.295199990272522
YMR299C,YKL141W,0,-5.119382,0.21981506049633026,0.8320000171661377,0.2953000068664551
YOL012C,YMR129W,0,-5.1202726,0.21975700557231903,0.8320000171661377,0.2953999936580658
YGL019W,YOR057W,0,-5.1203785,0.219698965549469,0.8320000171661377,0.2955000102519989
YHR055C,YOR313C,0,-5.121049,0.21964097023010254,0.8320000171661377,0.2955999970436096
YLR226W,YNL299W,1,-5.121301,0.2198469191789627,0.8330000042915344,0.2955999970436096
YMR039C,YHR012W,0,-5.121339,0.21978892385959625,0.8330000042915344,0.2957000136375427
YGL071W,YOR002W,0,-5.1218634,0.219730943441391,0.8330000042915344,0.29580000042915344
YPL227C,YGL018C,0,-5.1222334,0.21967299282550812,0.8330000042915344,0.29589998722076416
YFR031C,YIR011C,1,-5.1222343,0.21987871825695038,0.8339999914169312,0.29589998722076416
YOL009C,YER021W,0,-5.123235,0.2198207676410675,0.8339999914169312,0.29600000381469727
YJL081C,YLR010C,0,-5.1237216,0.21976284682750702,0.8339999914169312,0.296099990606308
YCR077C,YML034W,1,-5.124378,0.21996839344501495,0.8349999785423279,0.296099990606308
YBR065C,YER021W,0,-5.124483,0.21991045773029327,0.8349999785423279,0.2962000072002411
YNL270C,YPL203W,0,-5.1248846,0.21985255181789398,0.8349999785423279,0.2962999939918518
YDR195W,YLR020C,0,-5.1249604,0.21979467570781708,0.8349999785423279,0.2964000105857849
YFR008W,YMR149W,0,-5.125327,0.21973684430122375,0.8349999785423279,0.29649999737739563
YPL221W,YLR214W,0,-5.1253424,0.21967902779579163,0.8349999785423279,0.29660001397132874
YPR068C,YDL095W,0,-5.1254044,0.21962125599384308,0.8349999785423279,0.29670000076293945
YGL238W,YMR239C,0,-5.125739,0.21956349909305573,0.8349999785423279,0.29679998755455017
YDL099W,YCR034W,0,-5.1257486,0.21950578689575195,0.8349999785423279,0.2969000041484833
YDR435C,YDL216C,0,-5.1267366,0.21944808959960938,0.8349999785423279,0.296999990940094
YDR076W,YIL119C,0,-5.127407,0.21939043700695038,0.8349999785423279,0.2971000075340271
YPR175W,YNL253W,0,-5.1275797,0.21933281421661377,0.8349999785423279,0.2971999943256378
YMR255W,YLL022C,0,-5.1284504,0.21927520632743835,0.8349999785423279,0.2973000109195709
YGL119W,YML092C,0,-5.128539,0.21921764314174652,0.8349999785423279,0.29739999771118164
YPL204W,YIR011C,1,-5.1290164,0.2194225788116455,0.8360000252723694,0.29739999771118164
YIL123W,YAL011W,0,-5.129756,0.21936500072479248,0.8360000252723694,0.29750001430511475
YGL119W,YNL026W,0,-5.129959,0.21930745244026184,0.8360000252723694,0.29760000109672546
YCR086W,YFL037W,1,-5.1300426,0.2195121943950653,0.8370000123977661,0.29760000109672546
YIR002C,YDL224C,0,-5.1308355,0.21945464611053467,0.8370000123977661,0.2976999878883362
YNL071W,YMR156C,0,-5.1308517,0.21939711272716522,0.8370000123977661,0.2978000044822693
YOR074C,YBL050W,0,-5.1310005,0.21933962404727936,0.8370000123977661,0.29789999127388
YJR150C,YDL064W,0,-5.131228,0.21928216516971588,0.8370000123977661,0.2980000078678131
YDR148C,YNL082W,0,-5.131447,0.2192247211933136,0.8370000123977661,0.29809999465942383
YER159C,YPL096W,0,-5.13146,0.2191673219203949,0.8370000123977661,0.29820001125335693
YGL062W,YMR273C,0,-5.1316676,0.21910995244979858,0.8370000123977661,0.29829999804496765
YBR060C,YER180C-A,0,-5.133184,0.21905259788036346,0.8370000123977661,0.29840001463890076
YOR099W,YDR170C,0,-5.1335106,0.21899528801441193,0.8370000123977661,0.2985000014305115
YFR019W,YGR180C,0,-5.1339045,0.21893800795078278,0.8370000123977661,0.2985999882221222
YMR081C,YOR148C,0,-5.1344395,0.218880757689476,0.8370000123977661,0.2987000048160553
YCR092C,YCR012W,0,-5.1350684,0.21882352232933044,0.8370000123977661,0.298799991607666
YAL031C,YML034W,1,-5.135144,0.21902769804000854,0.8379999995231628,0.298799991607666
YLR368W,YDR397C,0,-5.1356697,0.21897047758102417,0.8379999995231628,0.2989000082015991
YDR085C,YNL242W,0,-5.135857,0.218913272023201,0.8379999995231628,0.29899999499320984
YGR029W,YLR095C,0,-5.136041,0.2188560962677002,0.8379999995231628,0.29910001158714294
YMR022W,YIL016W,0,-5.136188,0.2187989503145218,0.8379999995231628,0.29919999837875366
YPR002W,YJL053W,0,-5.1365128,0.21874184906482697,0.8379999995231628,0.2992999851703644
YGR253C,YJL059W,0,-5.1376514,0.21868476271629333,0.8379999995231628,0.2994000017642975
YOR388C,YNL138W,0,-5.137878,0.2186277061700821,0.8379999995231628,0.2994999885559082
YPL171C,YOR075W,0,-5.138066,0.21857067942619324,0.8379999995231628,0.2996000051498413
YMR281W,YHR163W,0,-5.1383123,0.21851368248462677,0.8379999995231628,0.299699991941452
YDR208W,YDR328C,0,-5.138624,0.21845673024654388,0.8379999995231628,0.29980000853538513
YLR102C,YMR076C,1,-5.1386395,0.2186604142189026,0.8389999866485596,0.29980000853538513
YDR512C,YDL232W,0,-5.138694,0.21860343217849731,0.8389999866485596,0.29989999532699585
YNL094W,YOR193W,0,-5.138953,0.21854649484157562,0.8389999866485596,0.30000001192092896
YGL011C,YPL175W,0,-5.1395025,0.21848958730697632,0.8389999866485596,0.3000999987125397
YBR211C,YER147C,1,-5.1396513,0.21869304776191711,0.8399999737739563,0.3000999987125397
YJL019W,YOL094C,1,-5.1398478,0.21889640390872955,0.8410000205039978,0.3000999987125397
YGR092W,YDL095W,0,-5.1399446,0.21883945167064667,0.8410000205039978,0.3001999855041504
YOR119C,YGR072W,0,-5.140829,0.21878251433372498,0.8410000205039978,0.3003000020980835
YDR394W,YKL020C,0,-5.141445,0.21872562170028687,0.8410000205039978,0.3003999888896942
YGL166W,YBR057C,0,-5.141844,0.21866874396800995,0.8410000205039978,0.3005000054836273
YPL200W,YER133W,1,-5.142462,0.2188718467950821,0.8420000076293945,0.3005000054836273
YGL238W,YER009W,0,-5.1425323,0.21881496906280518,0.8420000076293945,0.30059999227523804
YDL197C,YDR489W,0,-5.1431394,0.21875812113285065,0.8420000076293945,0.30070000886917114
YJL106W,YMR149W,0,-5.1432986,0.2187013030052185,0.8420000076293945,0.30079999566078186
YJL099W,YGL013C,0,-5.14375,0.21864451467990875,0.8420000076293945,0.30090001225471497
YGL061C,YER028C,0,-5.143798,0.2185877412557602,0.8420000076293945,0.3009999990463257
YER089C,YBR162C,0,-5.14384,0.21853101253509521,0.8420000076293945,0.3010999858379364
YPL202C,YGR020C,0,-5.1439757,0.21847431361675262,0.8420000076293945,0.3012000024318695
YEL061C,YKL193C,1,-5.145274,0.21867704391479492,0.8429999947547913,0.3012000024318695
YKL015W,YFL005W,0,-5.1456122,0.21862033009529114,0.8429999947547913,0.3012999892234802
YDL031W,YCR037C,0,-5.14563,0.21856364607810974,0.8429999947547913,0.30140000581741333
YDL174C,YML032C,0,-5.14585,0.21850699186325073,0.8429999947547913,0.30149999260902405
YPL121C,YCL043C,0,-5.145955,0.2184503823518753,0.8429999947547913,0.30160000920295715
YDR328C,YNL197C,0,-5.145957,0.21839378774166107,0.8429999947547913,0.30169999599456787
YDR195W,YKR008W,0,-5.1464753,0.21833722293376923,0.8429999947547913,0.301800012588501
YJR060W,YMR076C,1,-5.146489,0.21853961050510406,0.843999981880188,0.301800012588501
YNL153C,YGL213C,0,-5.146534,0.21848304569721222,0.843999981880188,0.3018999993801117
YDR231C,YDR320C,0,-5.1481905,0.21842649579048157,0.843999981880188,0.3019999861717224
YGR003W,YAL030W,0,-5.1494126,0.2183699905872345,0.843999981880188,0.3021000027656555
YOR187W,YDR135C,0,-5.1495347,0.21831350028514862,0.843999981880188,0.30219998955726624
YEL029C,YKR020W,0,-5.150628,0.21825703978538513,0.843999981880188,0.30230000615119934
YPL193W,YAR042W,0,-5.1509547,0.21820062398910522,0.843999981880188,0.30239999294281006
YDR439W,YML085C,1,-5.1510286,0.2184026837348938,0.8450000286102295,0.30239999294281006
YLR405W,YGR241C,0,-5.1512413,0.2183462530374527,0.8450000286102295,0.30250000953674316
YKR035W-A,YHR183W,0,-5.1527805,0.21828985214233398,0.8450000286102295,0.3025999963283539
YLR357W,YML034W,1,-5.1531453,0.21849173307418823,0.8460000157356262,0.3025999963283539
YPL048W,YDR499W,0,-5.1532006,0.21843531727790833,0.8460000157356262,0.302700012922287
YER014C-A,YOL143C,0,-5.153345,0.2183789312839508,0.8460000157356262,0.3027999997138977
YJR092W,YCR039C,0,-5.154148,0.21832257509231567,0.8460000157356262,0.3028999865055084
YJL030W,YGR082W,0,-5.154876,0.21826624870300293,0.8460000157356262,0.30300000309944153
YJR057W,YDR062W,0,-5.1549997,0.21820995211601257,0.8460000157356262,0.30309998989105225
YFR034C,YGL144C,0,-5.1551695,0.2181536853313446,0.8460000157356262,0.30320000648498535
YDR013W,YHR074W,0,-5.155596,0.21809744834899902,0.8460000157356262,0.30329999327659607
YDR251W,YPL163C,0,-5.1558175,0.21804124116897583,0.8460000157356262,0.3034000098705292
YMR211W,YDR311W,0,-5.155862,0.21798504889011383,0.8460000157356262,0.3034999966621399
YDR512C,YHR073W,0,-5.155875,0.2179289013147354,0.8460000157356262,0.303600013256073
YDL105W,YDL019C,0,-5.156204,0.21787278354167938,0.8460000157356262,0.3037000000476837
YLR153C,YOR195W,0,-5.1564093,0.21781668066978455,0.8460000157356262,0.30379998683929443
YBR234C,YPL020C,0,-5.156824,0.2177606225013733,0.8460000157356262,0.30390000343322754
YGL025C,YBL007C,0,-5.1568804,0.21770457923412323,0.8460000157356262,0.30399999022483826
YIR004W,YJL025W,0,-5.1574655,0.21764856576919556,0.8460000157356262,0.30410000681877136
YOR173W,YBR215W,0,-5.158183,0.21759259700775146,0.8460000157356262,0.3041999936103821
YER180C-A,YKR089C,0,-5.159869,0.21753664314746857,0.8460000157356262,0.3043000102043152
YPL202C,YOR085W,0,-5.160815,0.21748071908950806,0.8460000157356262,0.3043999969959259
YDR377W,YOR069W,0,-5.1610827,0.21742482483386993,0.8460000157356262,0.304500013589859
YMR270C,YJR049C,0,-5.161564,0.2173689603805542,0.8460000157356262,0.3046000003814697
YDR436W,YDR073W,0,-5.1617584,0.21731312572956085,0.8460000157356262,0.30469998717308044
YIL072W,YOR217W,0,-5.1626034,0.2172573208808899,0.8460000157356262,0.30480000376701355
YPR120C,YDR164C,0,-5.16359,0.21720154583454132,0.8460000157356262,0.30489999055862427
YOR201C,YOL147C,0,-5.16394,0.21714578568935394,0.8460000157356262,0.3050000071525574
YOL012C,YNL149C,0,-5.164379,0.21709007024765015,0.8460000157356262,0.3050999939441681
YKL022C,YGL240W,1,-5.16516,0.21729092299938202,0.847000002861023,0.3050999939441681
YGR036C,YKL148C,0,-5.1656494,0.21723519265651703,0.847000002861023,0.3052000105381012
YKL206C,YOL138C,0,-5.167006,0.21717949211597443,0.847000002861023,0.3052999973297119
YDR052C,YER154W,0,-5.1676183,0.2171238213777542,0.847000002861023,0.305400013923645
YJR035W,YHR135C,0,-5.1685762,0.2170681655406952,0.847000002861023,0.30550000071525574
YLR106C,YKL186C,0,-5.168846,0.21701255440711975,0.847000002861023,0.30559998750686646
YDL039C,YOR064C,0,-5.16965,0.2169569730758667,0.847000002861023,0.30570000410079956
YDL178W,YPL006W,0,-5.1703606,0.21690140664577484,0.847000002861023,0.3057999908924103
YGL090W,YOR148C,0,-5.1705527,0.21684588491916656,0.847000002861023,0.3059000074863434
YGR261C,YFR024C-A,0,-5.1710925,0.21679037809371948,0.847000002861023,0.3059999942779541
YAL007C,YNL257C,0,-5.171409,0.2167349010705948,0.847000002861023,0.3061000108718872
YKL101W,YOL146W,0,-5.172183,0.21667945384979248,0.847000002861023,0.3061999976634979
YBR160W,YKR095W-A,0,-5.1727276,0.21662403643131256,0.847000002861023,0.30630001425743103
YJR045C,YJL139C,0,-5.175584,0.21656864881515503,0.847000002861023,0.30640000104904175
YMR072W,YKL108W,0,-5.1755934,0.21651329100131989,0.847000002861023,0.30649998784065247
YPL048W,YGL013C,0,-5.1757226,0.21645796298980713,0.847000002861023,0.30660000443458557
YOR039W,YIL119C,0,-5.176521,0.21640264987945557,0.847000002861023,0.3066999912261963
YMR305C,YIL173W,0,-5.1765833,0.21634738147258759,0.847000002861023,0.3068000078201294
YLR131C,YLR276C,0,-5.1766415,0.2162921279668808,0.847000002861023,0.3068999946117401
YJR084W,YJL034W,0,-5.1774645,0.2162369191646576,0.847000002861023,0.3070000112056732
YFL008W,YIR011C,1,-5.17776,0.2164369523525238,0.8479999899864197,0.3070000112056732
YPL154C,YPR133W-A,0,-5.1779194,0.2163817286491394,0.8479999899864197,0.30709999799728394
YPR034W,YKL084W,0,-5.178551,0.2163265347480774,0.8479999899864197,0.30720001459121704
YAL032C,YMR053C,0,-5.1787157,0.21627135574817657,0.8479999899864197,0.30730000138282776
YNL088W,YDR247W,0,-5.179182,0.21621622145175934,0.8479999899864197,0.3073999881744385
YPR082C,YJL134W,0,-5.179435,0.2161611020565033,0.8479999899864197,0.3075000047683716
YBR254C,YPR125W,0,-5.1795444,0.21610601246356964,0.8479999899864197,0.3075999915599823
YEL050C,YGL095C,0,-5.1798115,0.21605095267295837,0.8479999899864197,0.3077000081539154
YLR330W,YBL058W,0,-5.180056,0.2159959226846695,0.8479999899864197,0.3077999949455261
YCL038C,YDL194W,0,-5.180563,0.215940922498703,0.8479999899864197,0.30790001153945923
YOL060C,YDR076W,0,-5.1810246,0.2158859521150589,0.8479999899864197,0.30799999833106995
YLR096W,YOR083W,0,-5.181753,0.215830996632576,0.8479999899864197,0.30809998512268066
YKL208W,YDR005C,0,-5.181945,0.21577608585357666,0.8479999899864197,0.30820000171661377
YBR073W,YML124C,1,-5.1826606,0.2159755825996399,0.8489999771118164,0.30820000171661377
YDR076W,YOR261C,0,-5.183151,0.21592065691947937,0.8489999771118164,0.3082999885082245
YKL189W,YDL185W,0,-5.1832523,0.21586574614048004,0.8489999771118164,0.3084000051021576
YHR190W,YOR018W,0,-5.1838055,0.2158108800649643,0.8489999771118164,0.3084999918937683
YNL251C,YBR168W,0,-5.183983,0.21575602889060974,0.8489999771118164,0.3086000084877014
YOR319W,YBL041W,0,-5.184514,0.21570122241973877,0.8489999771118164,0.30869999527931213
YLL008W,YIL080W,0,-5.184627,0.215646430850029,0.8489999771118164,0.30880001187324524
YGL021W,YOR129C,0,-5.1846275,0.2155916690826416,0.8489999771118164,0.30889999866485596
YCR052W,YOR106W,0,-5.184786,0.2155369371175766,0.8489999771118164,0.3089999854564667
YPR189W,YML001W,0,-5.185006,0.21548223495483398,0.8489999771118164,0.3091000020503998
YDR511W,YNL223W,0,-5.18521,0.21542756259441376,0.8489999771118164,0.3091999888420105
YGL191W,YOR320C,0,-5.1868677,0.21537290513515472,0.8489999771118164,0.3093000054359436
YGL173C,YHR041C,0,-5.18695,0.21531829237937927,0.8489999771118164,0.3093999922275543
YCR088W,YPR138C,0,-5.187817,0.21526369452476501,0.8489999771118164,0.3095000088214874
YLR007W,YDR404C,0,-5.187916,0.21520912647247314,0.8489999771118164,0.30959999561309814
YNL192W,YGR133W,0,-5.1881075,0.21515458822250366,0.8489999771118164,0.30970001220703125
YLR423C,YAL029C,0,-5.1881323,0.21510007977485657,0.8489999771118164,0.30979999899864197
YHL031C,YBR098W,0,-5.1883063,0.21504558622837067,0.8489999771118164,0.3098999857902527
YHR007C,YOL038W,0,-5.188427,0.21499113738536835,0.8489999771118164,0.3100000023841858
YAL056W,YGR241C,0,-5.188673,0.21493670344352722,0.8489999771118164,0.3100999891757965
YOR099W,YER042W,0,-5.18892,0.21488231420516968,0.8489999771118164,0.3102000057697296
YOL091W,YPL087W,0,-5.1890264,0.21482793986797333,0.8489999771118164,0.31029999256134033
YMR219W,YKL144C,0,-5.1895742,0.21477359533309937,0.8489999771118164,0.31040000915527344
YDL085W,YNL272C,0,-5.1897855,0.2147192656993866,0.8489999771118164,0.31049999594688416
YBR010W,YNL154C,0,-5.19008,0.2146649807691574,0.8489999771118164,0.31060001254081726
YOL021C,YPR181C,0,-5.1908875,0.21461071074008942,0.8489999771118164,0.310699999332428
YJR147W,YKR001C,0,-5.1913266,0.214556485414505,0.8489999771118164,0.3107999861240387
YJL071W,YKL172W,0,-5.1913466,0.2145022749900818,0.8489999771118164,0.3109000027179718
YOR327C,YPL033C,0,-5.1916842,0.21444809436798096,0.8489999771118164,0.3109999895095825
YMR042W,YDR141C,0,-5.191868,0.21439394354820251,0.8489999771118164,0.3111000061035156
YML078W,YNL333W,0,-5.1919394,0.21433980762958527,0.8489999771118164,0.31119999289512634
YNL275W,YBL052C,0,-5.192111,0.2142857164144516,0.8489999771118164,0.31130000948905945
YLR394W,YFL005W,0,-5.1922436,0.21423164010047913,0.8489999771118164,0.31139999628067017
YNL119W,YHR099W,0,-5.192324,0.21417759358882904,0.8489999771118164,0.31150001287460327
YKL001C,YPL010W,0,-5.1927023,0.21412357687950134,0.8489999771118164,0.311599999666214
YBR160W,YOR119C,0,-5.1927648,0.21406958997249603,0.8489999771118164,0.3116999864578247
YPL118W,YCR044C,0,-5.193331,0.2140156328678131,0.8489999771118164,0.3118000030517578
YOL065C,YOR123C,0,-5.193918,0.21396169066429138,0.8489999771118164,0.31189998984336853
YNL032W,YPR009W,0,-5.195374,0.21390777826309204,0.8489999771118164,0.31200000643730164
YBL056W,YBR043C,0,-5.195439,0.21385391056537628,0.8489999771118164,0.31209999322891235
YGR033C,YDL120W,0,-5.1955395,0.21380005776882172,0.8489999771118164,0.31220000982284546
YBR234C,YCL005W-A,0,-5.195928,0.21374621987342834,0.8489999771118164,0.3122999966144562
YOL038W,YOR087W,0,-5.196347,0.21369242668151855,0.8489999771118164,0.3124000132083893
YKL032C,YNL006W,0,-5.1964154,0.21363864839076996,0.8489999771118164,0.3125
YML058W,YDL170W,0,-5.196671,0.21358489990234375,0.8489999771118164,0.3125999867916107
YDL015C,YJL048C,0,-5.1971416,0.21353118121623993,0.8489999771118164,0.3127000033855438
YJR057W,YML058W,0,-5.1972933,0.2134774923324585,0.8489999771118164,0.31279999017715454
YKL064W,YER095W,0,-5.1974154,0.21342383325099945,0.8489999771118164,0.31290000677108765
YOL002C,YBL022C,0,-5.197447,0.2133701890707016,0.8489999771118164,0.31299999356269836
YBR135W,YDL065C,0,-5.197544,0.21331658959388733,0.8489999771118164,0.31310001015663147
YHR067W,YKL214C,0,-5.198366,0.21326300501823425,0.8489999771118164,0.3131999969482422
YJL140W,YMR106C,0,-5.1987486,0.21320943534374237,0.8489999771118164,0.3133000135421753
YKL196C,YMR284W,0,-5.199426,0.21315591037273407,0.8489999771118164,0.313400000333786
YOR299W,YBR130C,0,-5.199973,0.21310241520404816,0.8489999771118164,0.31349998712539673
YLR329W,YGL096W,0,-5.200274,0.21304893493652344,0.8489999771118164,0.31360000371932983
YDR195W,YPR101W,0,-5.2008095,0.2129954844713211,0.8489999771118164,0.31369999051094055
YHR114W,YGL153W,0,-5.201193,0.21294206380844116,0.8489999771118164,0.31380000710487366
YJR002W,YJL156C,0,-5.201227,0.2128886729478836,0.8489999771118164,0.3138999938964844
YJR092W,YPR041W,0,-5.2014184,0.21283529698848724,0.8489999771118164,0.3140000104904175
YJR147W,YBR081C,0,-5.2014627,0.21278195083141327,0.8489999771118164,0.3140999972820282
YHR074W,YMR106C,0,-5.202075,0.21272863447666168,0.8489999771118164,0.3142000138759613
YDL007W,YDL194W,0,-5.2022705,0.21267534792423248,0.8489999771118164,0.314300000667572
YMR076C,YLR357W,1,-5.202565,0.21287252008914948,0.8500000238418579,0.314300000667572
YER133W,YJL080C,1,-5.2033396,0.2130696028470993,0.8510000109672546,0.314300000667572
YOR067C,YNL027W,0,-5.2041845,0.21301627159118652,0.8510000109672546,0.31439998745918274
YFR014C,YDL117W,0,-5.2048893,0.21296297013759613,0.8510000109672546,0.31450000405311584
YNL256W,YDR145W,0,-5.2056475,0.21290968358516693,0.8510000109672546,0.31459999084472656
YJL094C,YKR065C,0,-5.2068686,0.21285642683506012,0.8510000109672546,0.31470000743865967
YER147C,YML085C,1,-5.2070665,0.21305325627326965,0.8519999980926514,0.31470000743865967
YHL036W,YDR436W,0,-5.2072573,0.21299999952316284,0.8519999980926514,0.3147999942302704
YGR288W,YML005W,0,-5.207569,0.21294675767421722,0.8519999980926514,0.3149000108242035
YNL287W,YDR460W,0,-5.2081165,0.2128935605287552,0.8519999980926514,0.3149999976158142
YLR133W,YOR388C,0,-5.2081757,0.21284036338329315,0.8519999980926514,0.3151000142097473
YBL008W,YBR037C,0,-5.2082396,0.2127872109413147,0.8519999980926514,0.31520000100135803
YBR073W,YOR014W,1,-5.208464,0.21298377215862274,0.8529999852180481,0.31520000100135803
YMR138W,YGL233W,0,-5.2093887,0.2129306048154831,0.8529999852180481,0.31529998779296875
YOR032C,YDR334W,0,-5.209578,0.21287746727466583,0.8529999852180481,0.31540000438690186
YBR233W-A,YFL003C,0,-5.2097325,0.21282434463500977,0.8529999852180481,0.3154999911785126
YKL045W,YEL037C,0,-5.2101183,0.21277126669883728,0.8529999852180481,0.3156000077724457
YOR322C,YGR077C,0,-5.2104893,0.212718203663826,0.8529999852180481,0.3156999945640564
YKL011C,YOR149C,0,-5.210685,0.21266517043113708,0.8529999852180481,0.3158000111579895
YNR044W,YPR104C,0,-5.212017,0.21261216700077057,0.8529999852180481,0.3158999979496002
YDR309C,YPL214C,0,-5.212084,0.21255917847156525,0.8529999852180481,0.3160000145435333
YMR037C,YAL015C,0,-5.212186,0.2125062346458435,0.8529999852180481,0.31610000133514404
YJR017C,YHL031C,0,-5.21238,0.21245330572128296,0.8529999852180481,0.31619998812675476
YJL173C,YGR059W,0,-5.2124925,0.2124003916978836,0.8529999852180481,0.31630000472068787
YOR260W,YBR093C,0,-5.2131963,0.21234752237796783,0.8529999852180481,0.3163999915122986
YLR170C,YBR130C,0,-5.2132163,0.21229466795921326,0.8529999852180481,0.3165000081062317
YLR100W,YIL030C,0,-5.2137823,0.21224185824394226,0.8529999852180481,0.3165999948978424
YBR234C,YOR259C,0,-5.2141695,0.21218904852867126,0.8529999852180481,0.3167000114917755
YIL040W,YDL007W,0,-5.2143507,0.21213628351688385,0.8529999852180481,0.31679999828338623
YKL145W,YDL225W,0,-5.214545,0.21208353340625763,0.8529999852180481,0.31690001487731934
YPL181W,YBL064C,0,-5.2147856,0.212030827999115,0.8529999852180481,0.31700000166893005
YDL013W,YPR074C,0,-5.2156,0.21197813749313354,0.8529999852180481,0.31709998846054077
YGR120C,YDR341C,0,-5.215819,0.2119254618883133,0.8529999852180481,0.3172000050544739
YMR021C,YHR119W,0,-5.2158823,0.21187283098697662,0.8529999852180481,0.3172999918460846
YCR075C,YNL093W,0,-5.215987,0.21182021498680115,0.8529999852180481,0.3174000084400177
YHR056C,YJR010C-A,0,-5.2165728,0.21176762878894806,0.8529999852180481,0.3174999952316284
YPR019W,YGL049C,0,-5.216711,0.21171507239341736,0.8529999852180481,0.3176000118255615
YLR246W,YJL036W,0,-5.217142,0.21166253089904785,0.8529999852180481,0.31769999861717224
YMR277W,YJR059W,0,-5.217381,0.21161001920700073,0.8529999852180481,0.31779998540878296
YJL019W,YOL006C,1,-5.2181287,0.2118055522441864,0.8539999723434448,0.31779998540878296
YOL108C,YJL186W,0,-5.218857,0.21175304055213928,0.8539999723434448,0.31790000200271606
YJR017C,YCR012W,0,-5.219076,0.21170054376125336,0.8539999723434448,0.3179999887943268
YDL033C,YJR044C,0,-5.2191095,0.21164807677268982,0.8539999723434448,0.3181000053882599
YOL158C,YGL013C,0,-5.2192664,0.21159563958644867,0.8539999723434448,0.3181999921798706
YEL069C,YER125W,0,-5.219622,0.2115432322025299,0.8539999723434448,0.3183000087738037
YAL058W,YBR195C,0,-5.2214317,0.21149083971977234,0.8539999723434448,0.31839999556541443
YNL103W,YOR259C,0,-5.221773,0.21143847703933716,0.8539999723434448,0.31850001215934753
YNL026W,YDR238C,0,-5.2219944,0.21138614416122437,0.8539999723434448,0.31859999895095825
YPL098C,YDR389W,0,-5.222891,0.21133382618427277,0.8539999723434448,0.31869998574256897
YNR052C,YPL175W,0,-5.2232885,0.21128153800964355,0.8539999723434448,0.3188000023365021
YGL150C,YKR059W,0,-5.223504,0.21122927963733673,0.8539999723434448,0.3188999891281128
YDL216C,YIL039W,0,-5.2237277,0.2111770510673523,0.8539999723434448,0.3190000057220459
YIL070C,YMR037C,0,-5.223768,0.21112485229969025,0.8539999723434448,0.3190999925136566
YPL010W,YLR386W,0,-5.223891,0.2110726684331894,0.8539999723434448,0.3192000091075897
YLR342W,YCR018C,0,-5.2239513,0.21102051436901093,0.8539999723434448,0.31929999589920044
YHR005C,YDR314C,0,-5.224648,0.21096837520599365,0.8539999723434448,0.31940001249313354
YDR335W,YDR285W,0,-5.2246685,0.21091628074645996,0.8539999723434448,0.31949999928474426
YPL204W,YBR073W,1,-5.225567,0.21111111342906952,0.8550000190734863,0.31949999928474426
YLR100W,YDR434W,0,-5.226164,0.21105900406837463,0.8550000190734863,0.319599986076355
YGR036C,YLR201C,0,-5.2263603,0.21100690960884094,0.8550000190734863,0.3197000026702881
YML031W,YOR329C,0,-5.2268076,0.21095484495162964,0.8550000190734863,0.3197999894618988
YIL150C,YHR165C,0,-5.22698,0.21090281009674072,0.8550000190734863,0.3199000060558319
YER112W,YKL119C,0,-5.2271833,0.2108508050441742,0.8550000190734863,0.3199999928474426
YPL179W,YMR293C,0,-5.2273836,0.21079881489276886,0.8550000190734863,0.32010000944137573
YGL065C,YML118W,0,-5.2274456,0.2107468545436859,0.8550000190734863,0.32019999623298645
YHR172W,YOL091W,0,-5.2284923,0.21069492399692535,0.8550000190734863,0.32030001282691956
YCR020C-A,YDR322C-A,0,-5.228859,0.210643008351326,0.8550000190734863,0.3203999996185303
YLR403W,YPR139C,0,-5.228862,0.2105911374092102,0.8550000190734863,0.320499986410141
YDL045C,YFL034C-B,0,-5.2296443,0.21053928136825562,0.8550000190734863,0.3206000030040741
YFL005W,YDR027C,0,-5.230371,0.21048744022846222,0.8550000190734863,0.3206999897956848
YPL155C,YNL239W,0,-5.230872,0.2104356437921524,0.8550000190734863,0.3208000063896179
YDR153C,YPR005C,0,-5.231126,0.21038386225700378,0.8550000190734863,0.32089999318122864
YCL026C-A,YCL027W,0,-5.231661,0.21033211052417755,0.8550000190734863,0.32100000977516174
YFL009W,YPL206C,0,-5.2318945,0.2102803736925125,0.8550000190734863,0.32109999656677246
YDR378C,YDR170C,0,-5.231924,0.21022866666316986,0.8550000190734863,0.32120001316070557
YGR258C,YOR115C,0,-5.231991,0.2101769894361496,0.8550000190734863,0.3212999999523163
YDR263C,YOR380W,0,-5.232203,0.21012534201145172,0.8550000190734863,0.321399986743927
YEL003W,YIL030C,0,-5.2325907,0.21007370948791504,0.8550000190734863,0.3215000033378601
YCR098C,YHR205W,0,-5.232754,0.21002210676670074,0.8550000190734863,0.3215999901294708
YDL111C,YPL029W,0,-5.233022,0.20997053384780884,0.8550000190734863,0.32170000672340393
YKL032C,YLR438C-A,0,-5.2331195,0.20991897583007812,0.8550000190734863,0.32179999351501465
YKR025W,YKR053C,0,-5.2331977,0.2098674476146698,0.8550000190734863,0.32190001010894775
YML091C,YDR218C,0,-5.233314,0.20981594920158386,0.8550000190734863,0.32199999690055847
YLR153C,YDL097C,0,-5.233314,0.2097644805908203,0.8550000190734863,0.3221000134944916
YIR023W,YLR405W,0,-5.233888,0.20971302688121796,0.8550000190734863,0.3222000002861023
YOR195W,YER116C,0,-5.2350535,0.209661602973938,0.8550000190734863,0.322299987077713
YIL048W,YIL129C,0,-5.235244,0.2096101939678192,0.8550000190734863,0.3224000036716461
YOL117W,YMR197C,0,-5.235267,0.20955882966518402,0.8550000190734863,0.32249999046325684
YOL020W,YGR172C,0,-5.2353935,0.20950748026371002,0.8550000190734863,0.32260000705718994
YFL056C,YPR105C,0,-5.236737,0.20945614576339722,0.8550000190734863,0.32269999384880066
YPL192C,YJR127C,0,-5.236913,0.209404855966568,0.8550000190734863,0.32280001044273376
YOR153W,YPL153C,0,-5.2374063,0.20935358107089996,0.8550000190734863,0.3228999972343445
YDL076C,YFL059W,0,-5.237752,0.20930232107639313,0.8550000190734863,0.3230000138282776
YKL152C,YPR070W,0,-5.238267,0.20925110578536987,0.8550000190734863,0.3231000006198883
YDR145W,YJL045W,0,-5.2390413,0.2091999053955078,0.8550000190734863,0.323199987411499
YAL041W,YGL208W,0,-5.239314,0.20914873480796814,0.8550000190734863,0.32330000400543213
YIL002C,YDL095W,0,-5.239914,0.20909757912158966,0.8550000190734863,0.32339999079704285
YNL250W,YPL087W,0,-5.2400613,0.20904645323753357,0.8550000190734863,0.32350000739097595
YHR114W,YPL029W,0,-5.240587,0.20899535715579987,0.8550000190734863,0.32359999418258667
YER155C,YIL070C,0,-5.240749,0.20894427597522736,0.8550000190734863,0.3237000107765198
YDL226C,YLR378C,0,-5.2429247,0.20889323949813843,0.8550000190734863,0.3237999975681305
YOR298W,YDL030W,0,-5.2436666,0.2088422030210495,0.8550000190734863,0.3239000141620636
YMR184W,YKR014C,0,-5.2438154,0.20879121124744415,0.8550000190734863,0.3240000009536743
YNR027W,YJL210W,0,-5.245012,0.208740234375,0.8550000190734863,0.32409998774528503
YPL170W,YJR082C,0,-5.245409,0.20868928730487823,0.8550000190734863,0.32420000433921814
YNL163C,YDL076C,0,-5.2456064,0.20863835513591766,0.8550000190734863,0.32429999113082886
YKR055W,YNL093W,0,-5.2456074,0.20858746767044067,0.8550000190734863,0.32440000772476196
YMR109W,YLR032W,0,-5.246528,0.20853658020496368,0.8550000190734863,0.3244999945163727
YLR382C,YDL120W,0,-5.2467313,0.20848573744297028,0.8550000190734863,0.3246000111103058
YNR075W,YPR168W,0,-5.246941,0.20843490958213806,0.8550000190734863,0.3246999979019165
YGR261C,YPL041C,0,-5.2472773,0.20838411152362823,0.8550000190734863,0.3248000144958496
YLR170C,YDL227C,0,-5.2478,0.2083333283662796,0.8550000190734863,0.3249000012874603
YKR028W,YMR243C,0,-5.2480454,0.20828257501125336,0.8550000190734863,0.32499998807907104
YOR112W,YKL041W,0,-5.2480726,0.2082318514585495,0.8550000190734863,0.32510000467300415
YJL025W,YHR152W,0,-5.2482285,0.20818115770816803,0.8550000190734863,0.32519999146461487
YNL080C,YBL022C,0,-5.248892,0.20813047885894775,0.8550000190734863,0.325300008058548
YGR003W,YPR088C,0,-5.24901,0.20807982981204987,0.8550000190734863,0.3253999948501587
YAL021C,YPR100W,0,-5.2494164,0.20802919566631317,0.8550000190734863,0.3255000114440918
YPL145C,YPL175W,0,-5.249566,0.20797859132289886,0.8550000190734863,0.3255999982357025
YJL094C,YJL104W,0,-5.2509623,0.20792801678180695,0.8550000190734863,0.3257000148296356
YPR049C,YGL092W,0,-5.2510037,0.20787745714187622,0.8550000190734863,0.32580000162124634
YGR029W,YLR328W,0,-5.2511835,0.20782692730426788,0.8550000190734863,0.32589998841285706
YPL049C,YKR086W,0,-5.2512126,0.20777642726898193,0.8550000190734863,0.32600000500679016
YDR192C,YDL190C,0,-5.25126,0.20772594213485718,0.8550000190734863,0.3260999917984009
YDL106C,YAL030W,0,-5.251541,0.2076754868030548,0.8550000190734863,0.326200008392334
YIL030C,YIL063C,0,-5.2520466,0.20762506127357483,0.8550000190734863,0.3262999951839447
YJR043C,YMR129W,0,-5.2523065,0.20757465064525604,0.8550000190734863,0.3264000117778778
YLR133W,YHR023W,0,-5.253257,0.20752426981925964,0.8550000190734863,0.3264999985694885
YOL108C,YNL142W,0,-5.2534027,0.20747391879558563,0.8550000190734863,0.32659998536109924
YHR027C,YDR260C,0,-5.2534657,0.20742358267307281,0.8550000190734863,0.32670000195503235
YJR121W,YER008C,0,-5.2537985,0.20737327635288239,0.8550000190734863,0.32679998874664307
YMR048W,YER147C,1,-5.254349,0.20756547152996063,0.8560000061988831,0.32679998874664307
YKL032C,YGL063W,0,-5.254512,0.207515150308609,0.8560000061988831,0.32690000534057617
YKL059C,YPL032C,0,-5.254788,0.20746485888957977,0.8560000061988831,0.3269999921321869
YMR173W,YNL088W,0,-5.255,0.20741458237171173,0.8560000061988831,0.32710000872612
YJL094C,YPR165W,0,-5.2551246,0.20736433565616608,0.8560000061988831,0.3271999955177307
YMR153W,YNL282W,0,-5.255131,0.2073141187429428,0.8560000061988831,0.3273000121116638
YPL266W,YCL069W,0,-5.2558627,0.20726391673088074,0.8560000061988831,0.32739999890327454
YCL029C,YOL139C,0,-5.257149,0.20721374452114105,0.8560000061988831,0.32749998569488525
YGR140W,YOR014W,1,-5.257534,0.20740561187267303,0.8569999933242798,0.32749998569488525
YPL135W,YNL218W,0,-5.257624,0.20735542476177216,0.8569999933242798,0.32760000228881836
YGR123C,YLR032W,0,-5.25777,0.20730526745319366,0.8569999933242798,0.3276999890804291
YKL135C,YPL171C,0,-5.2578263,0.20725513994693756,0.8569999933242798,0.3278000056743622
YBR164C,YPL208W,0,-5.2581844,0.20720502734184265,0.8569999933242798,0.3278999924659729
YGL206C,YNL080C,0,-5.2585373,0.20715494453907013,0.8569999933242798,0.328000009059906
YMR316W,YCL043C,0,-5.259624,0.2071048766374588,0.8569999933242798,0.3280999958515167
YDR021W,YBR198C,0,-5.259917,0.20705483853816986,0.8569999933242798,0.32820001244544983
YLR098C,YDL100C,0,-5.2617183,0.2070048302412033,0.8569999933242798,0.32829999923706055
YIL124W,YKL057C,0,-5.2620554,0.20695483684539795,0.8569999933242798,0.32839998602867126
YJL053W,YPR189W,0,-5.262516,0.20690487325191498,0.8569999933242798,0.32850000262260437
YFL033C,YMR283C,0,-5.2625585,0.2068549394607544,0.8569999933242798,0.3285999894142151
YBL047C,YKL073W,0,-5.2626348,0.206805020570755,0.8569999933242798,0.3287000060081482
YBR278W,YKL032C,0,-5.262667,0.206755131483078,0.8569999933242798,0.3287999927997589
YDR488C,YBL046W,0,-5.2628117,0.2067052572965622,0.8569999933242798,0.328900009393692
YMR135C,YML121W,0,-5.2639565,0.20665541291236877,0.8569999933242798,0.32899999618530273
YGL021W,YPL176C,0,-5.2640104,0.20660559833049774,0.8569999933242798,0.32910001277923584
YDR069C,YCR028C,0,-5.2649794,0.2065557986497879,0.8569999933242798,0.32919999957084656
YPL140C,YOL044W,0,-5.265132,0.20650602877140045,0.8569999933242798,0.3292999863624573
YPL048W,YOR362C,0,-5.2652187,0.2064562737941742,0.8569999933242798,0.3294000029563904
YDR113C,YGR063C,1,-5.2653317,0.20664739608764648,0.8579999804496765,0.3294000029563904
YPL221W,YLR193C,0,-5.2658873,0.20659764111042023,0.8579999804496765,0.3294999897480011
YKL185W,YDL033C,0,-5.2663946,0.20654790103435516,0.8579999804496765,0.3296000063419342
YDR263C,YNL138W,0,-5.2669673,0.2064981907606125,0.8579999804496765,0.3296999931335449
YNL275W,YKL042W,0,-5.267214,0.2064485102891922,0.8579999804496765,0.329800009727478
YDL056W,YJR021C,0,-5.270943,0.2063988447189331,0.8579999804496765,0.32989999651908875
YLR319C,YHR072W,0,-5.271904,0.2063492089509964,0.8579999804496765,0.33000001311302185
YER133W,YPL204W,1,-5.272601,0.2065400332212448,0.859000027179718,0.33000001311302185
YFL009W,YIL128W,0,-5.2727714,0.2064903825521469,0.859000027179718,0.33009999990463257
YGR229C,YKL214C,0,-5.2731586,0.2064407616853714,0.859000027179718,0.3301999866962433
YBL041W,YJR110W,0,-5.2736173,0.20639115571975708,0.859000027179718,0.3303000032901764
YCL034W,YPL096W,0,-5.273692,0.20634157955646515,0.859000027179718,0.3303999900817871
YGR077C,YDR281C,0,-5.275334,0.2062920331954956,0.859000027179718,0.3305000066757202
YKL007W,YAL009W,0,-5.276314,0.20624250173568726,0.859000027179718,0.33059999346733093
YGR200C,YFR013W,0,-5.2763467,0.2061929851770401,0.859000027179718,0.33070001006126404
YNL074C,YER042W,0,-5.276718,0.20614351332187653,0.859000027179718,0.33079999685287476
YDR303C,YMR030W,0,-5.2770576,0.20609405636787415,0.859000027179718,0.33090001344680786
YOR099W,YPL011C,0,-5.277066,0.20604461431503296,0.859000027179718,0.3310000002384186
YHR183W,YDR279W,0,-5.2771187,0.20599520206451416,0.859000027179718,0.3310999870300293
YHR042W,YNL123W,0,-5.2776537,0.20594581961631775,0.859000027179718,0.3312000036239624
YKL146W,YDR478W,0,-5.277808,0.20589645206928253,0.859000027179718,0.3312999904155731
YGR169C,YOL125W,0,-5.2782745,0.2058471143245697,0.859000027179718,0.3314000070095062
YFL023W,YML114C,0,-5.278332,0.20579779148101807,0.859000027179718,0.33149999380111694
YGR029W,YAR007C,0,-5.2787952,0.20574849843978882,0.859000027179718,0.33160001039505005
YFL024C,YPL218W,0,-5.2789536,0.20569923520088196,0.859000027179718,0.33169999718666077
YMR168C,YKR026C,0,-5.2794795,0.2056499868631363,0.859000027179718,0.33180001378059387
YKL101W,YMR145C,0,-5.279656,0.205600768327713,0.859000027179718,0.3319000005722046
YGL054C,YNR023W,0,-5.280152,0.20555156469345093,0.859000027179718,0.3319999873638153
YJL121C,YDR080W,0,-5.2802496,0.20550239086151123,0.859000027179718,0.3321000039577484
YDL106C,YDL135C,0,-5.2802777,0.20545324683189392,0.859000027179718,0.33219999074935913
YOR033C,YIL123W,0,-5.280532,0.2054041177034378,0.859000027179718,0.33230000734329224
YJR160C,YJL045W,0,-5.2806063,0.20535500347614288,0.859000027179718,0.33239999413490295
YGR077C,YPL047W,0,-5.2812824,0.20530593395233154,0.859000027179718,0.33250001072883606
YGR257C,YEL041W,0,-5.282042,0.2052568644285202,0.859000027179718,0.3325999975204468
YIL030C,YEL051W,0,-5.282359,0.20520783960819244,0.859000027179718,0.3327000141143799
YDR434W,YMR022W,0,-5.2825727,0.20515882968902588,0.859000027179718,0.3328000009059906
YIL070C,YIR019C,0,-5.282695,0.2051098346710205,0.859000027179718,0.3328999876976013
YPL149W,YDR217C,0,-5.283265,0.20506086945533752,0.859000027179718,0.3330000042915344
YPL135W,YBR188C,0,-5.2835584,0.20501193404197693,0.859000027179718,0.33309999108314514
YNL085W,YJL036W,0,-5.283982,0.20496301352977753,0.859000027179718,0.33320000767707825
YJL112W,YGL093W,0,-5.284177,0.2049141228199005,0.859000027179718,0.33329999446868896
YBR133C,YGR033C,0,-5.28511,0.2048652470111847,0.859000027179718,0.33340001106262207
YHR102W,YMR080C,0,-5.28565,0.20481640100479126,0.859000027179718,0.3334999978542328
YPR185W,YLR007W,0,-5.2861166,0.20476758480072021,0.859000027179718,0.3336000144481659
YOR328W,YBL041W,0,-5.286517,0.20471878349781036,0.859000027179718,0.3337000012397766
YOR145C,YJL072C,0,-5.2866745,0.2046699970960617,0.859000027179718,0.33379998803138733
YKL046C,YDR435C,0,-5.2869453,0.20462125539779663,0.859000027179718,0.33390000462532043
YCL043C,YER005W,0,-5.2869573,0.20457251369953156,0.859000027179718,0.33399999141693115
YGL178W,YLR045C,0,-5.287072,0.20452381670475006,0.859000027179718,0.33410000801086426
YML016C,YBR171W,0,-5.287328,0.20447511970996857,0.859000027179718,0.334199994802475
YBR009C,YLR409C,0,-5.2873325,0.20442646741867065,0.859000027179718,0.3343000113964081
YCR010C,YJL141C,0,-5.2885284,0.20437783002853394,0.859000027179718,0.3343999981880188
YAL034W-A,YBL079W,1,-5.288943,0.2045670747756958,0.8600000143051147,0.3343999981880188
YPR108W,YMR005W,0,-5.289012,0.20451843738555908,0.8600000143051147,0.3345000147819519
YER149C,YDL020C,0,-5.289122,0.20446979999542236,0.8600000143051147,0.3346000015735626
YOL078W,YPL237W,0,-5.2893276,0.20442120730876923,0.8600000143051147,0.33469998836517334
YDL013W,YJL011C,0,-5.2895203,0.20437262952327728,0.8600000143051147,0.33480000495910645
YMR264W,YGL216W,0,-5.289938,0.20432406663894653,0.8600000143051147,0.33489999175071716
YNL127W,YOR237W,0,-5.2901945,0.20427553355693817,0.8600000143051147,0.33500000834465027
YKL049C,YOR014W,1,-5.2903433,0.20446449518203735,0.8610000014305115,0.33500000834465027
YGL068W,YER075C,0,-5.2903714,0.2044159471988678,0.8610000014305115,0.335099995136261
YJL002C,YOR208W,0,-5.2910237,0.20436742901802063,0.8610000014305115,0.3352000117301941
YOR079C,YNL323W,0,-5.291216,0.20431894063949585,0.8610000014305115,0.3352999985218048
YER042W,YMR293C,0,-5.291911,0.20427046716213226,0.8610000014305115,0.3353999853134155
YDR216W,YNL230C,0,-5.292302,0.20422200858592987,0.8610000014305115,0.33550000190734863
YIL126W,YNL299W,1,-5.2923346,0.20441071689128876,0.8619999885559082,0.33550000190734863
YHR129C,YOL038W,0,-5.2930517,0.20436225831508636,0.8619999885559082,0.33559998869895935
YGL011C,YPL163C,0,-5.293133,0.20431381464004517,0.8619999885559082,0.33570000529289246
YIR019C,YER009W,0,-5.293289,0.20426540076732635,0.8619999885559082,0.3357999920845032
YHL019C,YGR143W,0,-5.2934065,0.20421701669692993,0.8619999885559082,0.3359000086784363
YMR216C,YGL093W,0,-5.2936325,0.2041686475276947,0.8619999885559082,0.335999995470047
YLR163C,YPL274W,0,-5.2936707,0.20412029325962067,0.8619999885559082,0.3361000120639801
YJL117W,YAR007C,0,-5.294132,0.20407196879386902,0.8619999885559082,0.3361999988555908
YBR109C,YDR498C,0,-5.294181,0.20402367413043976,0.8619999885559082,0.33629998564720154
YFL056C,YGL090W,0,-5.2942696,0.2039753943681717,0.8619999885559082,0.33640000224113464
YKL129C,YCR008W,0,-5.294341,0.20392712950706482,0.8619999885559082,0.33649998903274536
YGL092W,YPR074C,0,-5.294562,0.20387890934944153,0.8619999885559082,0.33660000562667847
YNL192W,YOR005C,0,-5.294631,0.20383068919181824,0.8619999885559082,0.3366999924182892
YMR079W,YHR084W,0,-5.295671,0.20378249883651733,0.8619999885559082,0.3368000090122223
YOL123W,YJR043C,0,-5.2961736,0.20373433828353882,0.8619999885559082,0.336899995803833
YBR136W,YHR163W,0,-5.296688,0.2036862075328827,0.8619999885559082,0.3370000123977661
YMR005W,YNL079C,0,-5.297103,0.20363807678222656,0.8619999885559082,0.33709999918937683
YDL209C,YGL205W,0,-5.297232,0.20358999073505402,0.8619999885559082,0.33719998598098755
YDR218C,YHR012W,0,-5.297302,0.20354191958904266,0.8619999885559082,0.33730000257492065
YMR129W,YDR059C,0,-5.2981653,0.2034938633441925,0.8619999885559082,0.33739998936653137
YBR161W,YJR090C,0,-5.298211,0.20344583690166473,0.8619999885559082,0.3375000059604645
YHR031C,YHR016C,0,-5.2990556,0.20339782536029816,0.8619999885559082,0.3375999927520752
YLR095C,YJR144W,0,-5.299117,0.20334984362125397,0.8619999885559082,0.3377000093460083
YLR347C,YAL024C,0,-5.299131,0.20330189168453217,0.8619999885559082,0.337799996137619
YNL272C,YLR430W,0,-5.299589,0.20325395464897156,0.8619999885559082,0.3379000127315521
YGR134W,YER052C,0,-5.299765,0.20320603251457214,0.8619999885559082,0.33799999952316284
YLL009C,YPR165W,0,-5.3001623,0.20315814018249512,0.8619999885559082,0.33809998631477356
YGL238W,YLR376C,0,-5.3018875,0.20311027765274048,0.8619999885559082,0.33820000290870667
YFL023W,YGL190C,0,-5.3025284,0.20306243002414703,0.8619999885559082,0.3382999897003174
YER167W,YGR274C,0,-5.3026958,0.20301459729671478,0.8619999885559082,0.3384000062942505
YMR138W,YER127W,0,-5.3028994,0.20296679437160492,0.8619999885559082,0.3384999930858612
YNL147W,YGL049C,0,-5.3046637,0.20291902124881744,0.8619999885559082,0.3386000096797943
YDR211W,YKL017C,0,-5.3046894,0.20287126302719116,0.8619999885559082,0.33869999647140503
YER148W,YGR047C,0,-5.305148,0.20282353460788727,0.8619999885559082,0.33880001306533813
YMR219W,YPL146C,0,-5.3052645,0.20277582108974457,0.8619999885559082,0.33889999985694885
YOR178C,YLR095C,0,-5.305881,0.20272812247276306,0.8619999885559082,0.33899998664855957
YOL100W,YKR062W,0,-5.3058968,0.20268045365810394,0.8619999885559082,0.3391000032424927
YER155C,YBR042C,0,-5.306056,0.2026328146457672,0.8619999885559082,0.3391999900341034
YFL041W,YJL154C,0,-5.3063455,0.20258519053459167,0.8619999885559082,0.3393000066280365
YJR001W,YLR010C,0,-5.3065352,0.20253759622573853,0.8619999885559082,0.3393999934196472
YFR041C,YIL042C,0,-5.3072357,0.20249001681804657,0.8619999885559082,0.3395000100135803
YMR268C,YMR284W,0,-5.308651,0.202442467212677,0.8619999885559082,0.33959999680519104
YFR047C,YDL087C,0,-5.3086796,0.20239493250846863,0.8619999885559082,0.33970001339912415
YNR011C,YDL201W,0,-5.308706,0.20234741270542145,0.8619999885559082,0.33980000019073486
YLR382C,YMR080C,0,-5.3089447,0.20229992270469666,0.8619999885559082,0.3398999869823456
YNL153C,YPR164W,0,-5.309202,0.20225246250629425,0.8619999885559082,0.3400000035762787
YBL063W,YDR293C,0,-5.309268,0.20220501720905304,0.8619999885559082,0.3400999903678894
YOR150W,YBR279W,0,-5.3095107,0.20215760171413422,0.8619999885559082,0.3402000069618225
YOR288C,YDR208W,0,-5.309695,0.2021102011203766,0.8619999885559082,0.3402999937534332
YPR001W,YGR092W,0,-5.3097553,0.20206281542778015,0.8619999885559082,0.34040001034736633
YMR281W,YLR090W,0,-5.3098087,0.2020154744386673,0.8619999885559082,0.34049999713897705
YJL003W,YOR162C,0,-5.3098326,0.20196813344955444,0.8619999885559082,0.34060001373291016
YML074C,YDL092W,0,-5.3098545,0.20192082226276398,0.8619999885559082,0.3407000005245209
YPL048W,YER031C,0,-5.310432,0.2018735408782959,0.8619999885559082,0.3407999873161316
YBR280C,YKL006C-A,0,-5.310534,0.201826274394989,0.8619999885559082,0.3409000039100647
YGL051W,YBR002C,0,-5.310692,0.20177902281284332,0.8619999885559082,0.3409999907016754
YJL091C,YJL124C,0,-5.310877,0.20173180103302002,0.8619999885559082,0.3411000072956085
YBR202W,YOR178C,0,-5.310973,0.2016846090555191,0.8619999885559082,0.34119999408721924
YNL003C,YJL117W,0,-5.3111744,0.20163743197917938,0.8619999885559082,0.34130001068115234
YPL204W,YFL037W,1,-5.312471,0.2018241286277771,0.8629999756813049,0.34130001068115234
YNL161W,YIL098C,0,-5.312975,0.20177695155143738,0.8629999756813049,0.34139999747276306
YJR017C,YDL224C,0,-5.3130302,0.20172977447509766,0.8629999756813049,0.34150001406669617
YJL005W,YFR041C,0,-5.313282,0.20168264210224152,0.8629999756813049,0.3416000008583069
YDR295C,YPR065W,0,-5.313341,0.20163550972938538,0.8629999756813049,0.3416999876499176
YHR024C,YBR060C,0,-5.3142757,0.20158840715885162,0.8629999756813049,0.3418000042438507
YOR260W,YOR201C,0,-5.3143153,0.20154133439064026,0.8629999756813049,0.3418999910354614
YNL287W,YGR172C,0,-5.315099,0.2014942765235901,0.8629999756813049,0.34200000762939453
YGR113W,YBR093C,0,-5.3153095,0.2014472484588623,0.8629999756813049,0.34209999442100525
YDR192C,YMR139W,0,-5.3156834,0.20140023529529572,0.8629999756813049,0.34220001101493835
YDR465C,YKL095W,0,-5.315942,0.20135323703289032,0.8629999756813049,0.3422999978065491
YPR021C,YOR159C,0,-5.31736,0.2013062685728073,0.8629999756813049,0.3424000144004822
YKR027W,YJL186W,0,-5.317719,0.2012593299150467,0.8629999756813049,0.3425000011920929
YCR034W,YBL057C,0,-5.317754,0.20121240615844727,0.8629999756813049,0.3425999879837036
YNL009W,YGR135W,0,-5.317943,0.20116549730300903,0.8629999756813049,0.3427000045776367
YDR153C,YDR341C,0,-5.318757,0.2011186182498932,0.8629999756813049,0.34279999136924744
YGL001C,YPR121W,0,-5.318964,0.20107175409793854,0.8629999756813049,0.34290000796318054
YPL140C,YML091C,0,-5.318981,0.20102491974830627,0.8629999756813049,0.34299999475479126
YER173W,YDL112W,0,-5.3190327,0.2009781152009964,0.8629999756813049,0.34310001134872437
YMR161W,YMR284W,0,-5.319545,0.20093131065368652,0.8629999756813049,0.3431999981403351
YJR155W,YKL059C,0,-5.3198156,0.20088455080986023,0.8629999756813049,0.3433000147342682
YNL016W,YFL049W,0,-5.3201942,0.20083779096603394,0.8629999756813049,0.3434000015258789
YIL062C,YDL216C,0,-5.320499,0.20079106092453003,0.8629999756813049,0.3434999883174896
YOL146W,YFL033C,0,-5.3205853,0.2007443606853485,0.8629999756813049,0.34360000491142273
YLR329W,YBL050W,0,-5.3207827,0.20069767534732819,0.8629999756813049,0.34369999170303345
YGR275W,YFR031C,1,-5.320963,0.20088352262973785,0.8640000224113464,0.34369999170303345
YOR354C,YPR121W,0,-5.3217273,0.20083682239055634,0.8640000224113464,0.34380000829696655
YMR214W,YGL066W,0,-5.3221374,0.2007901519536972,0.8640000224113464,0.34389999508857727
YPL125W,YNL029C,0,-5.3225975,0.20074349641799927,0.8640000224113464,0.3440000116825104
YCR037C,YLR447C,0,-5.3227215,0.20069687068462372,0.8640000224113464,0.3440999984741211
YMR165C,YCR073C,0,-5.3230143,0.20065025985240936,0.8640000224113464,0.3441999852657318
YPL100W,YDR479C,0,-5.323213,0.2006036639213562,0.8640000224113464,0.3443000018596649
YGR175C,YML049C,0,-5.324169,0.20055709779262543,0.8640000224113464,0.34439998865127563
YGL005C,YBR233W-A,0,-5.3249054,0.20051056146621704,0.8640000224113464,0.34450000524520874
YDR168W,YPR139C,0,-5.324976,0.20046404004096985,0.8640000224113464,0.34459999203681946
YOL088C,YNR039C,0,-5.3251643,0.20041753351688385,0.8640000224113464,0.34470000863075256
YMR055C,YML008C,0,-5.3254313,0.20037105679512024,0.8640000224113464,0.3447999954223633
YLR335W,YBL025W,0,-5.325703,0.20032459497451782,0.8640000224113464,0.3449000120162964
YJR017C,YDL170W,0,-5.3260555,0.2002781629562378,0.8640000224113464,0.3449999988079071
YLR286C,YDR017C,0,-5.3260627,0.20023174583911896,0.8640000224113464,0.3450999855995178
YER133W,YML085C,1,-5.3264713,0.20041705667972565,0.8650000095367432,0.3450999855995178
YDR376W,YBR029C,0,-5.3279095,0.20037062466144562,0.8650000095367432,0.3452000021934509
YCR042C,YDL190C,0,-5.3289886,0.20032422244548798,0.8650000095367432,0.34529998898506165
YKL208W,YKL165C,0,-5.329133,0.20027783513069153,0.8650000095367432,0.34540000557899475
YMR311C,YFL008W,1,-5.329692,0.2004629671573639,0.8659999966621399,0.34540000557899475
YBR109C,YIL042C,0,-5.3299313,0.20041656494140625,0.8659999966621399,0.34549999237060547
YIL159W,YJL145W,0,-5.3305798,0.200370192527771,0.8659999966621399,0.3456000089645386
YDL020C,YNL197C,0,-5.3307056,0.20032384991645813,0.8659999966621399,0.3456999957561493
YAL030W,YHL022C,0,-5.330887,0.20027752220630646,0.8659999966621399,0.3458000123500824
YDL030W,YJL045W,0,-5.3313727,0.20023120939731598,0.8659999966621399,0.3458999991416931
YDL226C,YNL291C,0,-5.3317604,0.2001849263906479,0.8659999966621399,0.34599998593330383
YIL142W,YLR025W,0,-5.3320665,0.200138658285141,0.8659999966621399,0.34610000252723694
YCR048W,YDR419W,0,-5.3327913,0.20009241998195648,0.8659999966621399,0.34619998931884766
YNL173C,YMR037C,0,-5.3336105,0.20004619657993317,0.8659999966621399,0.34630000591278076
YLR220W,YPR018W,0,-5.3336396,0.20000000298023224,0.8659999966621399,0.3463999927043915
YMR070W,YJL089W,0,-5.3344345,0.1999538242816925,0.8659999966621399,0.3465000092983246
YKL192C,YDL033C,0,-5.3346944,0.19990766048431396,0.8659999966621399,0.3465999960899353
YDR489W,YDL185W,0,-5.334966,0.1998615264892578,0.8659999966621399,0.3467000126838684
YFL009W,YOR157C,0,-5.3350973,0.19981540739536285,0.8659999966621399,0.3467999994754791
YDL069C,YHR204W,0,-5.3359733,0.19976931810379028,0.8659999966621399,0.34689998626708984
YDR419W,YFL005W,0,-5.3360133,0.1997232437133789,0.8659999966621399,0.34700000286102295
YLR330W,YJL061W,0,-5.336632,0.19967719912528992,0.8659999966621399,0.34709998965263367
YPR049C,YNL085W,0,-5.3367195,0.19963116943836212,0.8659999966621399,0.3472000062465668
YDR224C,YBR167C,0,-5.336808,0.19958515465259552,0.8659999966621399,0.3472999930381775
YPL053C,YDR208W,0,-5.3372684,0.1995391696691513,0.8659999966621399,0.3474000096321106
YIL085C,YCR009C,0,-5.337474,0.1994931995868683,0.8659999966621399,0.3474999964237213
YGR004W,YDL084W,0,-5.3376684,0.19944725930690765,0.8659999966621399,0.3476000130176544
YIL068C,YJR141W,0,-5.3380613,0.19940133392810822,0.8659999966621399,0.34769999980926514
YPR141C,YBR156C,1,-5.338214,0.19958563148975372,0.8669999837875366,0.34769999980926514
YKL134C,YGR086C,0,-5.3382826,0.19953970611095428,0.8669999837875366,0.34779998660087585
YPL059W,YOR195W,0,-5.339837,0.19949378073215485,0.8669999837875366,0.34790000319480896
YBR023C,YER117W,0,-5.340773,0.199447900056839,0.8669999837875366,0.3479999899864197
YNL023C,YOL123W,0,-5.3417635,0.19940201938152313,0.8669999837875366,0.3481000065803528
YDL008W,YER147C,1,-5.3425503,0.19958610832691193,0.8679999709129333,0.3481000065803528
YER036C,YDR478W,0,-5.343358,0.19954022765159607,0.8679999709129333,0.3481999933719635
YHR086W,YIL122W,0,-5.343363,0.1994943618774414,0.8679999709129333,0.3483000099658966
YPR008W,YBR172C,0,-5.343749,0.19944852590560913,0.8679999709129333,0.3483999967575073
YLR060W,YDR420W,0,-5.3438597,0.19940270483493805,0.8679999709129333,0.34850001335144043
YML006C,YPR088C,0,-5.3446465,0.19935691356658936,0.8679999709129333,0.34860000014305115
YMR048W,YFL037W,1,-5.3451996,0.19954076409339905,0.8690000176429749,0.34860000014305115
YBR087W,YML085C,1,-5.3455787,0.19972452521324158,0.8700000047683716,0.34860000014305115
YDR331W,YKR022C,0,-5.3455954,0.1996786743402481,0.8700000047683716,0.34869998693466187
YOR100C,YJL173C,0,-5.346116,0.19963285326957703,0.8700000047683716,0.34880000352859497
YLL061W,YOR295W,0,-5.346424,0.19958706200122833,0.8700000047683716,0.3488999903202057
YDL164C,YDL130W,0,-5.3465385,0.19954128563404083,0.8700000047683716,0.3490000069141388
YJR155W,YNR008W,0,-5.3465858,0.19949552416801453,0.8700000047683716,0.3490999937057495
YGL003C,YBR073W,1,-5.3471746,0.19967904686927795,0.8709999918937683,0.3490999937057495
YOL021C,YBR065C,0,-5.347498,0.19963328540325165,0.8709999918937683,0.3492000102996826
YGL065C,YBR199W,0,-5.350177,0.19958753883838654,0.8709999918937683,0.34929999709129333
YDL113C,YHR041C,0,-5.3511925,0.19954180717468262,0.8709999918937683,0.34940001368522644
YPL194W,YER003C,0,-5.3518877,0.1994961053133011,0.8709999918937683,0.34950000047683716
YDR317W,YNL257C,0,-5.3524237,0.19945041835308075,0.8709999918937683,0.3495999872684479
YAL012W,YLR139C,0,-5.353771,0.1994047611951828,0.8709999918937683,0.349700003862381
YML081C-A,YKR037C,0,-5.3538666,0.19935911893844604,0.8709999918937683,0.3497999906539917
YJR064W,YEL071W,0,-5.3545246,0.19931350648403168,0.8709999918937683,0.3499000072479248
YPL125W,YIL066C,0,-5.3545604,0.1992679089307785,0.8709999918937683,0.3499999940395355
YPL089C,YPL029W,0,-5.3546333,0.19922232627868652,0.8709999918937683,0.35010001063346863
YBL080C,YML029W,0,-5.3550363,0.19917677342891693,0.8709999918937683,0.35019999742507935
YMR287C,YPL006W,0,-5.3550816,0.19913123548030853,0.8709999918937683,0.35030001401901245
YMR021C,YJL222W,0,-5.3555045,0.19908571243286133,0.8709999918937683,0.35040000081062317
YNL094W,YBR186W,0,-5.355576,0.1990402191877365,0.8709999918937683,0.3504999876022339
YCL034W,YPL147W,0,-5.355751,0.1989947408437729,0.8709999918937683,0.350600004196167
YKL040C,YDR176W,0,-5.355774,0.19894929230213165,0.8709999918937683,0.3506999909877777
YDR488C,YML038C,0,-5.3559856,0.1989038586616516,0.8709999918937683,0.3508000075817108
YKL040C,YDL212W,0,-5.3560066,0.19885845482349396,0.8709999918937683,0.35089999437332153
YDR069C,YIL131C,0,-5.3563027,0.1988130509853363,0.8709999918937683,0.35100001096725464
YMR125W,YLR425W,0,-5.3574395,0.19876769185066223,0.8709999918937683,0.35109999775886536
YDR309C,YHR091C,0,-5.357463,0.19872233271598816,0.8709999918937683,0.35120001435279846
YHR200W,YER100W,0,-5.358311,0.19867700338363647,0.8709999918937683,0.3513000011444092
YDL247W,YFR050C,0,-5.358338,0.19863170385360718,0.8709999918937683,0.3513999879360199
YNL084C,YBR114W,0,-5.358481,0.19858640432357788,0.8709999918937683,0.351500004529953
YOL091W,YHR006W,0,-5.359085,0.19854114949703217,0.8709999918937683,0.3515999913215637
YDL090C,YFR051C,0,-5.3595395,0.19849589467048645,0.8709999918937683,0.3517000079154968
YGR060W,YGR199W,0,-5.3597536,0.19845066964626312,0.8709999918937683,0.35179999470710754
YGL032C,YIL149C,0,-5.3598022,0.198405459523201,0.8709999918937683,0.35190001130104065
YDL024C,YMR113W,0,-5.3599567,0.19836027920246124,0.8709999918937683,0.35199999809265137
YBR175W,YAL016W,0,-5.361023,0.1983151137828827,0.8709999918937683,0.3521000146865845
YCR071C,YGL095C,0,-5.361644,0.19826997816562653,0.8709999918937683,0.3522000014781952
YLR170C,YNL192W,0,-5.361676,0.19822485744953156,0.8709999918937683,0.3522999882698059
YPL049C,YJL196C,0,-5.3617144,0.19817975163459778,0.8709999918937683,0.352400004863739
YJR021C,YPL063W,0,-5.3617926,0.1981346607208252,0.8709999918937683,0.35249999165534973
YPR021C,YOR083W,0,-5.3620625,0.198089599609375,0.8709999918937683,0.35260000824928284
YMR030W,YDR082W,0,-5.3629866,0.1980445683002472,0.8709999918937683,0.35269999504089355
YOR014W,YFL008W,1,-5.3630238,0.19822686910629272,0.871999979019165,0.35269999504089355
YGR288W,YJL061W,0,-5.363161,0.19818182289600372,0.871999979019165,0.35280001163482666
YOR067C,YDR231C,0,-5.363315,0.19813679158687592,0.871999979019165,0.3528999984264374
YNL080C,YDL039C,0,-5.364913,0.1980917751789093,0.871999979019165,0.3529999852180481
YNL088W,YBR061C,0,-5.3654127,0.19804678857326508,0.871999979019165,0.3531000018119812
YDR295C,YER008C,0,-5.365612,0.19800181686878204,0.871999979019165,0.3531999886035919
YNL142W,YPR009W,0,-5.3660917,0.1979568600654602,0.871999979019165,0.353300005197525
YDL165W,YER143W,0,-5.366134,0.19791193306446075,0.871999979019165,0.35339999198913574
YGR020C,YKR053C,0,-5.3664737,0.1978670358657837,0.871999979019165,0.35350000858306885
YGL243W,YBR284W,0,-5.3666716,0.19782213866710663,0.871999979019165,0.35359999537467957
YLR081W,YGL232W,0,-5.3669987,0.19777727127075195,0.871999979019165,0.35370001196861267
YMR116C,YDR062W,0,-5.367093,0.19773243367671967,0.871999979019165,0.3537999987602234
YER133W,YHR014W,1,-5.3672194,0.19791430234909058,0.8730000257492065,0.3537999987602234
YNL299W,YML085C,1,-5.3693027,0.19809609651565552,0.8740000128746033,0.3537999987602234
YHR013C,YOR231W,0,-5.369528,0.19805121421813965,0.8740000128746033,0.3538999855518341
YMR041C,YDL102W,0,-5.36967,0.19800634682178497,0.8740000128746033,0.3540000021457672
YLR007W,YPL129W,0,-5.3696785,0.1979614943265915,0.8740000128746033,0.35409998893737793
YML016C,YCR042C,0,-5.369753,0.1979166716337204,0.8740000128746033,0.35420000553131104
YGR082W,YML115C,0,-5.36994,0.1978718638420105,0.8740000128746033,0.35429999232292175
YBR278W,YNL053W,0,-5.3704495,0.1978270709514618,0.8740000128746033,0.35440000891685486
YDL045C,YFL041W,0,-5.37052,0.19778230786323547,0.8740000128746033,0.3544999957084656
YKL086W,YLR262C,0,-5.3705454,0.19773755967617035,0.8740000128746033,0.3546000123023987
YML074C,YKL059C,0,-5.3709397,0.19769282639026642,0.8740000128746033,0.3546999990940094
YGR183C,YBL103C,0,-5.3709598,0.19764812290668488,0.8740000128746033,0.3547999858856201
YPL152W,YLR386W,0,-5.3710017,0.19760343432426453,0.8740000128746033,0.3549000024795532
YDR167W,YGR020C,0,-5.3710756,0.19755877554416656,0.8740000128746033,0.35499998927116394
YPL096C-A,YFL036W,0,-5.371724,0.1975141316652298,0.8740000128746033,0.35510000586509705
YJR092W,YLR044C,0,-5.3718724,0.19746950268745422,0.8740000128746033,0.35519999265670776
YKL022C,YMR076C,1,-5.372088,0.19765077531337738,0.875,0.35519999265670776
YDL013W,YIL106W,0,-5.372614,0.1976061463356018,0.875,0.35530000925064087
YJR001W,YNR052C,0,-5.373046,0.19756153225898743,0.875,0.3553999960422516
YOL123W,YGR206W,0,-5.37336,0.19751693308353424,0.875,0.3555000126361847
YDR434W,YNL287W,0,-5.3733854,0.19747234880924225,0.875,0.3555999994277954
YOR298W,YGL028C,0,-5.373407,0.19742779433727264,0.875,0.35569998621940613
YFR028C,YKL073W,0,-5.3734603,0.19738325476646423,0.875,0.35580000281333923
YPL137C,YCR077C,1,-5.3739696,0.1975642740726471,0.8759999871253967,0.35580000281333923
YLR009W,YJL168C,0,-5.374383,0.19751973450183868,0.8759999871253967,0.35589998960494995
YDR221W,YEL056W,0,-5.3756166,0.19747520983219147,0.8759999871253967,0.35600000619888306
YLL015W,YOL044W,0,-5.376923,0.19743070006370544,0.8759999871253967,0.3560999929904938
YMR008C,YKL145W,0,-5.3784127,0.19738620519638062,0.8759999871253967,0.3562000095844269
YBR155W,YHR178W,0,-5.3786564,0.19734174013137817,0.8759999871253967,0.3562999963760376
YGL174W,YHR161C,0,-5.378891,0.19729728996753693,0.8759999871253967,0.3564000129699707
YLR097C,YOL101C,0,-5.378995,0.19725286960601807,0.8759999871253967,0.3564999997615814
YJL124C,YNL099C,0,-5.379078,0.1972084641456604,0.8759999871253967,0.35659998655319214
YDR353W,YJL154C,0,-5.3792844,0.19716407358646393,0.8759999871253967,0.35670000314712524
YHL048W,YBR065C,0,-5.3793583,0.19711971282958984,0.8759999871253967,0.35679998993873596
YDR038C,YML013W,0,-5.379715,0.19707536697387695,0.8759999871253967,0.35690000653266907
YMR281W,YDL019C,0,-5.3798714,0.19703103601932526,0.8759999871253967,0.3569999933242798
YBL064C,YPL124W,0,-5.3803444,0.19698673486709595,0.8759999871253967,0.3571000099182129
YBR298C,YNL032W,0,-5.3810544,0.19694244861602783,0.8759999871253967,0.3571999967098236
YJL053W,YDR489W,0,-5.3811197,0.1968981772661209,0.8759999871253967,0.3573000133037567
YGR129W,YLR090W,0,-5.3817086,0.19685393571853638,0.8759999871253967,0.35740000009536743
YIL079C,YBL046W,0,-5.382179,0.19680970907211304,0.8759999871253967,0.35749998688697815
YBL069W,YHR102W,0,-5.382721,0.1967654973268509,0.8759999871253967,0.35760000348091125
YDR507C,YNL282W,0,-5.3828936,0.19672131538391113,0.8759999871253967,0.357699990272522
YLR242C,YPL160W,0,-5.3834987,0.19667714834213257,0.8759999871253967,0.3578000068664551
YNL029C,YBR088C,0,-5.385251,0.1966329962015152,0.8759999871253967,0.3578999936580658
YNL127W,YLR006C,0,-5.3852754,0.19658887386322021,0.8759999871253967,0.3580000102519989
YIR028W,YOR008C,0,-5.3858886,0.19654476642608643,0.8759999871253967,0.3580999970436096
YBR202W,YDL185W,0,-5.3859324,0.19650067389011383,0.8759999871253967,0.3582000136375427
YFL005W,YMR101C,0,-5.3863792,0.19645661115646362,0.8759999871253967,0.35830000042915344
YNL053W,YDR213W,0,-5.386647,0.1964125633239746,0.8759999871253967,0.35839998722076416
YGR230W,YDR328C,0,-5.3869,0.1963685303926468,0.8759999871253967,0.35850000381469727
YDL209C,YBR041W,0,-5.3871284,0.19632451236248016,0.8759999871253967,0.358599990606308
YNR058W,YNL138W,0,-5.3874435,0.19628052413463593,0.8759999871253967,0.3587000072002411
YER114C,YBL026W,0,-5.3876133,0.19623656570911407,0.8759999871253967,0.3587999939918518
YCR067C,YKL130C,0,-5.3877134,0.19619260728359222,0.8759999871253967,0.3589000105857849
YLR381W,YKL193C,1,-5.38777,0.1963725984096527,0.8769999742507935,0.3589000105857849
YKL190W,YGR169C,0,-5.387932,0.19632862508296967,0.8769999742507935,0.35899999737739563
YML067C,YOR159C,0,-5.3883343,0.1962846964597702,0.8769999742507935,0.35910001397132874
YFR013W,YBR172C,0,-5.3902864,0.19624076783657074,0.8769999742507935,0.35920000076293945
YLR100W,YER095W,0,-5.3903723,0.19619686901569366,0.8769999742507935,0.35929998755455017
YNL042W,YOR151C,0,-5.390587,0.19615298509597778,0.8769999742507935,0.3594000041484833
YGL173C,YMR243C,0,-5.390943,0.1961091160774231,0.8769999742507935,0.359499990940094
YCR008W,YBR030W,0,-5.3912144,0.1960652768611908,0.8769999742507935,0.3596000075340271
YOR172W,YDR065W,0,-5.391708,0.1960214525461197,0.8769999742507935,0.3596999943256378
YNL048W,YOR181W,0,-5.392045,0.19597765803337097,0.8769999742507935,0.3598000109195709
YKL068W,YAR035W,0,-5.3921494,0.19593386352062225,0.8769999742507935,0.35989999771118164
YLR007W,YER021W,0,-5.392481,0.19589009881019592,0.8769999742507935,0.36000001430511475
YFL024C,YNL250W,0,-5.393174,0.19584636390209198,0.8769999742507935,0.36010000109672546
YJR105W,YKR027W,0,-5.393338,0.19580262899398804,0.8769999742507935,0.3601999878883362
YPL274W,YPL020C,0,-5.393779,0.19575892388820648,0.8769999742507935,0.3603000044822693
YPR181C,YML114C,0,-5.3940988,0.19571524858474731,0.8769999742507935,0.36039999127388
YGL247W,YOR089C,0,-5.394444,0.19567157328128815,0.8769999742507935,0.3605000078678131
YDL084W,YNL244C,0,-5.3950663,0.19562792778015137,0.8769999742507935,0.36059999465942383
YER061C,YER169W,0,-5.395486,0.19558429718017578,0.8769999742507935,0.36070001125335693
YAL031C,YIL144W,1,-5.39623,0.19576366245746613,0.878000020980835,0.36070001125335693
YER119C,YOR008C,0,-5.3962545,0.19572001695632935,0.878000020980835,0.36079999804496765
YDL033C,YJL036W,0,-5.396578,0.19567640125751495,0.878000020980835,0.36090001463890076
YOR079C,YKR063C,0,-5.3966055,0.19563280045986176,0.878000020980835,0.3610000014305115
YHL034C,YJL129C,0,-5.3967924,0.19558921456336975,0.878000020980835,0.3610999882221222
YOR098C,YGL025C,0,-5.3973074,0.19554565846920013,0.878000020980835,0.3612000048160553
YLR353W,YLL061W,0,-5.397322,0.1955021172761917,0.878000020980835,0.361299991607666
YDL135C,YDR484W,0,-5.39738,0.19545859098434448,0.878000020980835,0.3614000082015991
YMR204C,YCR072C,0,-5.397608,0.19541509449481964,0.878000020980835,0.36149999499320984
YLR117C,YMR043W,0,-5.3977785,0.195371612906456,0.878000020980835,0.36160001158714294
YCR002C,YKL045W,0,-5.3981028,0.19532814621925354,0.878000020980835,0.36169999837875366
YJL006C,YGR257C,0,-5.3981457,0.19528469443321228,0.878000020980835,0.3617999851703644
YHR042W,YOL128C,0,-5.398421,0.1952412724494934,0.878000020980835,0.3619000017642975
YKL152C,YEL069C,0,-5.398533,0.19519786536693573,0.878000020980835,0.3619999885559082
YKL026C,YGL212W,0,-5.398664,0.19515447318553925,0.878000020980835,0.3621000051498413
YKL001C,YBR198C,0,-5.3993006,0.19511111080646515,0.878000020980835,0.362199991941452
YER009W,YDL195W,0,-5.399951,0.19506776332855225,0.878000020980835,0.36230000853538513
YMR060C,YEL013W,0,-5.399959,0.19502443075180054,0.878000020980835,0.36239999532699585
YDR361C,YDR224C,0,-5.4001102,0.19498112797737122,0.878000020980835,0.36250001192092896
YKL002W,YHR077C,0,-5.400195,0.1949378401041031,0.878000020980835,0.3625999987125397
YLR195C,YBR080C,0,-5.400248,0.19489456713199615,0.878000020980835,0.3626999855041504
YOR249C,YCR077C,1,-5.4006634,0.1950732320547104,0.8790000081062317,0.3626999855041504
YDR382W,YIL123W,0,-5.400805,0.19502995908260345,0.8790000081062317,0.3628000020980835
YKR085C,YBR240C,0,-5.400814,0.19498668611049652,0.8790000081062317,0.3628999888896942
YDR168W,YMR030W,0,-5.400865,0.19494344294071198,0.8790000081062317,0.3630000054836273
YFL041W,YHR194W,0,-5.4009566,0.19490021467208862,0.8790000081062317,0.36309999227523804
YHR015W,YBR117C,0,-5.40163,0.19485701620578766,0.8790000081062317,0.36320000886917114
YDR183W,YHR098C,0,-5.4018273,0.1948138326406479,0.8790000081062317,0.36329999566078186
YHR200W,YNR046W,0,-5.4029226,0.1947706639766693,0.8790000081062317,0.36340001225471497
YPL194W,YPR088C,0,-5.403148,0.19472751021385193,0.8790000081062317,0.3634999990463257
YGR030C,YDR027C,0,-5.4033012,0.19468438625335693,0.8790000081062317,0.3635999858379364
YKL085W,YLR045C,0,-5.4038568,0.19464127719402313,0.8790000081062317,0.3637000024318695
YGL100W,YER031C,0,-5.403885,0.19459818303585052,0.8790000081062317,0.3637999892234802
YMR079W,YHL006C,0,-5.404549,0.1945551186800003,0.8790000081062317,0.36390000581741333
YPL224C,YOR064C,0,-5.404579,0.19451205432415009,0.8790000081062317,0.36399999260902405
YHL031C,YOR115C,0,-5.404969,0.19446901977062225,0.8790000081062317,0.36410000920295715
YDL117W,YBR256C,0,-5.405139,0.1944260150194168,0.8790000081062317,0.36419999599456787
YJL087C,YPR036W,0,-5.4051414,0.19438301026821136,0.8790000081062317,0.364300012588501
YPR112C,YGR095C,0,-5.405211,0.1943400353193283,0.8790000081062317,0.3643999993801117
YDR295C,YGL115W,0,-5.4056706,0.19429707527160645,0.8790000081062317,0.3644999861717224
YLL009C,YJL186W,0,-5.40655,0.19425414502620697,0.8790000081062317,0.3646000027656555
YOR372C,YGR129W,0,-5.406804,0.1942112296819687,0.8790000081062317,0.36469998955726624
YOR320C,YHR163W,0,-5.406888,0.1941683292388916,0.8790000081062317,0.36480000615119934
YLL060C,YOR347C,0,-5.4072547,0.1941254436969757,0.8790000081062317,0.36489999294281006
YDL164C,YGL151W,0,-5.4073834,0.194082573056221,0.8790000081062317,0.36500000953674316
YPL015C,YPL020C,0,-5.4075356,0.1940397322177887,0.8790000081062317,0.3650999963283539
YJR060W,YNL299W,1,-5.4078197,0.19421760737895966,0.8799999952316284,0.3650999963283539
YML069W,YDR422C,0,-5.4081674,0.19417475163936615,0.8799999952316284,0.365200012922287
YBR143C,YPL011C,0,-5.408627,0.19413192570209503,0.8799999952316284,0.3652999997138977
YIL142W,YER180C-A,0,-5.4089985,0.1940890997648239,0.8799999952316284,0.3653999865055084
YDR465C,YMR039C,0,-5.409037,0.19404630362987518,0.8799999952316284,0.36550000309944153
YLR268W,YGR197C,0,-5.4091997,0.19400352239608765,0.8799999952316284,0.36559998989105225
YER173W,YMR061W,0,-5.409459,0.1939607709646225,0.8799999952316284,0.36570000648498535
YMR212C,YDR394W,0,-5.4098663,0.19391801953315735,0.8799999952316284,0.36579999327659607
YLR163C,YML103C,0,-5.410174,0.1938752979040146,0.8799999952316284,0.3659000098705292
YFR027W,YER133W,1,-5.4105577,0.19405286014080048,0.8809999823570251,0.3659000098705292
YMR219W,YDR303C,0,-5.4110537,0.19401012361049652,0.8809999823570251,0.3659999966621399
YNL074C,YGR030C,0,-5.4112473,0.19396741688251495,0.8809999823570251,0.366100013256073
YGR253C,YBR223C,0,-5.4113326,0.19392472505569458,0.8809999823570251,0.3662000000476837
YGR009C,YPR125W,0,-5.411664,0.1938820481300354,0.8809999823570251,0.36629998683929443
YLR330W,YFL059W,0,-5.411741,0.19383938610553741,0.8809999823570251,0.36640000343322754
YOL088C,YNR049C,0,-5.4119177,0.19379673898220062,0.8809999823570251,0.36649999022483826
YPL124W,YBR118W,0,-5.412312,0.19375412166118622,0.8809999823570251,0.36660000681877136
YCR071C,YBR195C,0,-5.4125233,0.193711519241333,0.8809999823570251,0.3666999936103821
YMR022W,YJL059W,0,-5.413026,0.193668931722641,0.8809999823570251,0.3668000102043152
YGR286C,YDR515W,0,-5.413264,0.19362637400627136,0.8809999823570251,0.3668999969959259
YGR072W,YDR486C,0,-5.413287,0.19358383119106293,0.8809999823570251,0.367000013589859
YNL099C,YER029C,0,-5.413311,0.19354130327701569,0.8809999823570251,0.3671000003814697
YMR184W,YGR113W,0,-5.4135284,0.19349879026412964,0.8809999823570251,0.36719998717308044
YHR152W,YML005W,0,-5.413555,0.19345630705356598,0.8809999823570251,0.36730000376701355
YEL065W,YJL192C,0,-5.4143248,0.19341382384300232,0.8809999823570251,0.36739999055862427
YNL268W,YHR090C,0,-5.41481,0.19337138533592224,0.8809999823570251,0.3675000071525574
YBR010W,YKR089C,0,-5.4151726,0.19332894682884216,0.8809999823570251,0.3675999939441681
YPL075W,YLR145W,0,-5.415617,0.19328652322292328,0.8809999823570251,0.3677000105381012
YMR299C,YBR295W,0,-5.415701,0.19324412941932678,0.8809999823570251,0.3677999973297119
YMR161W,YMR036C,0,-5.4164495,0.19320175051689148,0.8809999823570251,0.367900013923645
YOR284W,YPR140W,0,-5.4168453,0.19315940141677856,0.8809999823570251,0.36800000071525574
YNL029C,YMR129W,0,-5.4169683,0.19311705231666565,0.8809999823570251,0.36809998750686646
YAR033W,YBL022C,0,-5.417015,0.19307473301887512,0.8809999823570251,0.36820000410079956
YDR397C,YOR172W,0,-5.4170227,0.1930324286222458,0.8809999823570251,0.3682999908924103
YPL224C,YAR031W,0,-5.4173617,0.19299013912677765,0.8809999823570251,0.3684000074863434
YDR378C,YGL213C,0,-5.4177113,0.1929478794336319,0.8809999823570251,0.3684999942779541
YJL201W,YBR079C,0,-5.4178267,0.19290563464164734,0.8809999823570251,0.3686000108718872
YBR093C,YFR050C,0,-5.4181757,0.19286340475082397,0.8809999823570251,0.3686999976634979
YPR042C,YKL145W,0,-5.418206,0.1928211897611618,0.8809999823570251,0.36880001425743103
YBR283C,YPL128C,0,-5.41839,0.19277898967266083,0.8809999823570251,0.36890000104904175
YBR088C,YJL154C,0,-5.418481,0.19273681938648224,0.8809999823570251,0.36899998784065247
YPL218W,YDL190C,0,-5.418483,0.19269466400146484,0.8809999823570251,0.36910000443458557
YDL024C,YHR163W,0,-5.419319,0.19265252351760864,0.8809999823570251,0.3691999912261963
YJL134W,YHR091C,0,-5.4193563,0.19261041283607483,0.8809999823570251,0.3693000078201294
YGR003W,YPL059W,0,-5.4196477,0.19256830215454102,0.8809999823570251,0.3693999946117401
YOL133W,YMR035W,0,-5.419936,0.1925262212753296,0.8809999823570251,0.3695000112056732
YKL101W,YCL017C,0,-5.4200277,0.19248415529727936,0.8809999823570251,0.36959999799728394
YDR432W,YBR093C,0,-5.421259,0.1924421191215515,0.8809999823570251,0.36970001459121704
YPL271W,YDR072C,0,-5.421283,0.19240008294582367,0.8809999823570251,0.36980000138282776
YOR005C,YKL073W,0,-5.4214325,0.1923580765724182,0.8809999823570251,0.3698999881744385
YNL270C,YFL033C,0,-5.422488,0.19231608510017395,0.8809999823570251,0.3700000047683716
YNL268W,YLR430W,0,-5.4226985,0.19227412343025208,0.8809999823570251,0.3700999915599823
YKR097W,YER148W,0,-5.422795,0.1922321617603302,0.8809999823570251,0.3702000081539154
YML057W,YJR144W,0,-5.4240384,0.1921902298927307,0.8809999823570251,0.3702999949455261
YPL231W,YOR371C,0,-5.4264207,0.19214831292629242,0.8809999823570251,0.37040001153945923
YLR081W,YDR498C,0,-5.4267874,0.19210641086101532,0.8809999823570251,0.37049999833106995
YMR319C,YBR030W,0,-5.4269657,0.19206452369689941,0.8809999823570251,0.37059998512268066
YDL074C,YLR039C,0,-5.42702,0.1920226663351059,0.8809999823570251,0.37070000171661377
YML057W,YNL041C,0,-5.42735,0.19198082387447357,0.8809999823570251,0.3707999885082245
YNL118C,YBR061C,0,-5.427643,0.19193899631500244,0.8809999823570251,0.3709000051021576
YLR005W,YDR334W,0,-5.4278755,0.1918971836566925,0.8809999823570251,0.3709999918937683
YMR275C,YLL008W,0,-5.428088,0.19185540080070496,0.8809999823570251,0.3711000084877014
YJR001W,YBR030W,0,-5.4281325,0.1918136328458786,0.8809999823570251,0.37119999527931213
YJR082C,YNR043W,0,-5.42825,0.19177187979221344,0.8809999823570251,0.37130001187324524
YBR107C,YOL006C,1,-5.42882,0.19194777309894562,0.8820000290870667,0.37130001187324524
YDL100C,YIL042C,0,-5.4295735,0.19190600514411926,0.8820000290870667,0.37139999866485596
YLR226W,YML124C,1,-5.4295797,0.19208179414272308,0.8830000162124634,0.37139999866485596
YDR263C,YMR260C,0,-5.4297967,0.19204001128673553,0.8830000162124634,0.3714999854564667
YFL003C,YLR079W,0,-5.4298687,0.19199825823307037,0.8830000162124634,0.3716000020503998
YDL092W,YBR198C,0,-5.430768,0.1919565200805664,0.8830000162124634,0.3716999888420105
YIL144W,YFL037W,1,-5.4308314,0.1921321451663971,0.8840000033378601,0.3716999888420105
YDR188W,YPL218W,0,-5.43104,0.19209039211273193,0.8840000033378601,0.3718000054359436
YAR033W,YAL005C,0,-5.4310613,0.19204866886138916,0.8840000033378601,0.3718999922275543
YML006C,YDR221W,0,-5.431279,0.1920069456100464,0.8840000033378601,0.3720000088214874
YLR105C,YLR467W,0,-5.431326,0.191965252161026,0.8840000033378601,0.37209999561309814
YDR414C,YER112W,0,-5.4315224,0.1919235736131668,0.8840000033378601,0.37220001220703125
YDR318W,YLR357W,1,-5.4335237,0.1920989751815796,0.8849999904632568,0.37220001220703125
YKL007W,YDL190C,0,-5.433657,0.1920572966337204,0.8849999904632568,0.37229999899864197
YLR295C,YDL230W,0,-5.433697,0.1920156180858612,0.8849999904632568,0.3723999857902527
YLR080W,YAR003W,0,-5.4338713,0.1919739693403244,0.8849999904632568,0.3725000023841858
YKL205W,YBL105C,0,-5.4343395,0.1919323354959488,0.8849999904632568,0.3725999891757965
YKR022C,YOR008C,0,-5.4344654,0.19189071655273438,0.8849999904632568,0.3727000057697296
YJR045C,YEL013W,0,-5.435385,0.19184912741184235,0.8849999904632568,0.37279999256134033
YKR079C,YLR262C,0,-5.435585,0.19180753827095032,0.8849999904632568,0.37290000915527344
YER147C,YOL006C,1,-5.4357567,0.1919826716184616,0.8859999775886536,0.37290000915527344
YPL082C,YDL150W,0,-5.4358673,0.1919410675764084,0.8859999775886536,0.37299999594688416
YCR098C,YDR503C,0,-5.436231,0.19189950823783875,0.8859999775886536,0.37310001254081726
YLR246W,YGR009C,0,-5.436265,0.1918579488992691,0.8859999775886536,0.373199999332428
YFL034C-B,YDR311W,0,-5.4363647,0.19181640446186066,0.8859999775886536,0.3732999861240387
YPR017C,YMR192W,0,-5.4365315,0.1917748898267746,0.8859999775886536,0.3734000027179718
YBR136W,YGL037C,0,-5.4366956,0.19173339009284973,0.8859999775886536,0.3734999895095825
YOR257W,YPR125W,0,-5.436716,0.19169190526008606,0.8859999775886536,0.3736000061035156
YDR174W,YJR035W,0,-5.4367595,0.19165045022964478,0.8859999775886536,0.37369999289512634
YER168C,YHR170W,0,-5.437928,0.1916089951992035,0.8859999775886536,0.37380000948905945
YGL018C,YCR024C-A,0,-5.439297,0.1915675699710846,0.8859999775886536,0.37389999628067017
YOR054C,YKL095W,0,-5.4395056,0.1915261596441269,0.8859999775886536,0.37400001287460327
YOL164W,YML029W,0,-5.439648,0.19148476421833038,0.8859999775886536,0.374099999666214
YJR083C,YOR032C,0,-5.439863,0.19144338369369507,0.8859999775886536,0.3741999864578247
YFL013C,YML058W,0,-5.4399004,0.19140203297138214,0.8859999775886536,0.3743000030517578
YBR297W,YOR279C,0,-5.4413342,0.1913606971502304,0.8859999775886536,0.37439998984336853
YMR056C,YHR150W,0,-5.44146,0.19131937623023987,0.8859999775886536,0.37450000643730164
YKR035W-A,YHR066W,0,-5.441475,0.19127807021141052,0.8859999775886536,0.37459999322891235
YMR042W,YJL111W,0,-5.4416547,0.19123677909374237,0.8859999775886536,0.37470000982284546
YOR388C,YKL196C,0,-5.4416885,0.1911955177783966,0.8859999775886536,0.3747999966144562
YDR022C,YMR058W,0,-5.441905,0.19115425646305084,0.8859999775886536,0.3749000132083893
YDR424C,YML029W,0,-5.442086,0.19111302495002747,0.8859999775886536,0.375
YNL153C,YDR459C,0,-5.4423237,0.19107180833816528,0.8859999775886536,0.3750999867916107
YDL135C,YDL170W,0,-5.442336,0.1910306215286255,0.8859999775886536,0.3752000033855438
YDR030C,YDR464W,0,-5.4429646,0.1909894347190857,0.8859999775886536,0.37529999017715454
YAL044C,YML105C,0,-5.4431453,0.1909482777118683,0.8859999775886536,0.37540000677108765
YLL001W,YGL011C,0,-5.4432483,0.19090713560581207,0.8859999775886536,0.37549999356269836
YDL174C,YJR094C,0,-5.443331,0.19086600840091705,0.8859999775886536,0.37560001015663147
YML105C,YLR020C,0,-5.443373,0.19082489609718323,0.8859999775886536,0.3756999969482422
YNL039W,YGL246C,0,-5.4435816,0.1907838135957718,0.8859999775886536,0.3758000135421753
YGL005C,YMR096W,0,-5.4436426,0.19074273109436035,0.8859999775886536,0.375900000333786
YDR524C,YDR320C,0,-5.4436574,0.1907016783952713,0.8859999775886536,0.37599998712539673
YOR256C,YNL044W,0,-5.4438367,0.19066064059734344,0.8859999775886536,0.37610000371932983
YOR284W,YGL143C,0,-5.444375,0.19061961770057678,0.8859999775886536,0.37619999051094055
YOR002W,YKR063C,0,-5.4454713,0.1905786246061325,0.8859999775886536,0.37630000710487366
YER172C,YOR075W,0,-5.4455543,0.19053763151168823,0.8859999775886536,0.3763999938964844
YMR058W,YML069W,0,-5.4465613,0.19049666821956635,0.8859999775886536,0.3765000104904175
YNL078W,YDR488C,0,-5.446767,0.19045571982860565,0.8859999775886536,0.3765999972820282
YDR335W,YAL011W,0,-5.446824,0.19041478633880615,0.8859999775886536,0.3767000138759613
YML057W,YPL174C,0,-5.448092,0.19037386775016785,0.8859999775886536,0.376800000667572
YPR167C,YLR039C,0,-5.448371,0.19033297896385193,0.8859999775886536,0.37689998745918274
YLR425W,YGR296W,0,-5.4486074,0.190292090177536,0.8859999775886536,0.37700000405311584
YOR321W,YLR193C,0,-5.4504213,0.19025123119354248,0.8859999775886536,0.37709999084472656
YJL063C,YDL007W,0,-5.4516096,0.19021038711071014,0.8859999775886536,0.37720000743865967
YNL090W,YNL138W,0,-5.451729,0.190169557929039,0.8859999775886536,0.3772999942302704
YOR381W,YJL039C,0,-5.451778,0.19012875854969025,0.8859999775886536,0.3774000108242035
YNL148C,YNL267W,0,-5.451822,0.1900879591703415,0.8859999775886536,0.3774999976158142
YGL178W,YGR077C,0,-5.452123,0.19004718959331512,0.8859999775886536,0.3776000142097473
YML114C,YHR070W,0,-5.4540715,0.19000643491744995,0.8859999775886536,0.37770000100135803
YKL092C,YDL031W,0,-5.454963,0.18996569514274597,0.8859999775886536,0.37779998779296875
YIR011C,YFL037W,1,-5.4557266,0.19013933837413788,0.8870000243186951,0.37779998779296875
YBR068C,YCL061C,0,-5.4557505,0.1900985836982727,0.8870000243186951,0.37790000438690186
YOR371C,YPL010W,0,-5.455888,0.19005785882472992,0.8870000243186951,0.3779999911785126
YDR110W,YDR083W,0,-5.4558992,0.19001713395118713,0.8870000243186951,0.3781000077724457
YPL192C,YOR117W,0,-5.4559283,0.18997643887996674,0.8870000243186951,0.3781999945640564
YGR218W,YLR450W,0,-5.456118,0.18993575870990753,0.8870000243186951,0.3783000111579895
YGR193C,YNL093W,0,-5.4563675,0.18989509344100952,0.8870000243186951,0.3783999979496002
YJR040W,YDR322C-A,0,-5.4567842,0.1898544579744339,0.8870000243186951,0.3785000145435333
YDR419W,YGR094W,0,-5.4571743,0.18981382250785828,0.8870000243186951,0.37860000133514404
YIL135C,YER005W,0,-5.4573355,0.18977321684360504,0.8870000243186951,0.37869998812675476
YER167W,YBL061C,0,-5.4573603,0.189732626080513,0.8870000243186951,0.37880000472068787
YPL121C,YMR149W,0,-5.4578114,0.18969205021858215,0.8870000243186951,0.3788999915122986
YKL011C,YNL090W,0,-5.458204,0.1896514892578125,0.8870000243186951,0.3790000081062317
YDL135C,YLR105C,0,-5.4586954,0.18961094319820404,0.8870000243186951,0.3790999948978424
YGL151W,YOR122C,0,-5.45913,0.18957042694091797,0.8870000243186951,0.3792000114917755
YDR173C,YBR165W,0,-5.4591875,0.1895299106836319,0.8870000243186951,0.37929999828338623
YKL179C,YKL144C,0,-5.459582,0.1894894242286682,0.8870000243186951,0.37940001487731934
YIL118W,YDR170C,0,-5.4598646,0.18944895267486572,0.8870000243186951,0.37950000166893005
YGL094C,YOR353C,0,-5.45993,0.18940849602222443,0.8870000243186951,0.37959998846054077
YGR165W,YDR422C,0,-5.460081,0.18936805427074432,0.8870000243186951,0.3797000050544739
YPR021C,YOR115C,0,-5.461152,0.1893276423215866,0.8870000243186951,0.3797999918460846
YKR038C,YNL085W,0,-5.461742,0.1892872452735901,0.8870000243186951,0.3799000084400177
YPR179C,YIL051C,0,-5.462102,0.18924684822559357,0.8870000243186951,0.3799999952316284
YJL112W,YGR257C,0,-5.4622335,0.18920648097991943,0.8870000243186951,0.3801000118255615
YLR259C,YOR288C,0,-5.462483,0.1891661286354065,0.8870000243186951,0.38019999861717224
YPR120C,YML013W,0,-5.4630184,0.18912580609321594,0.8870000243186951,0.38029998540878296
YER007W,YCR008W,0,-5.4632916,0.1890854835510254,0.8870000243186951,0.38040000200271606
YER025W,YPL011C,0,-5.463353,0.18904517590999603,0.8870000243186951,0.3804999887943268
YLR368W,YLR126C,0,-5.4652348,0.18900489807128906,0.8870000243186951,0.3806000053882599
YLR350W,YPR088C,0,-5.4652557,0.1889646351337433,0.8870000243186951,0.3806999921798706
YLR246W,YDR166C,0,-5.465417,0.1889243870973587,0.8870000243186951,0.3808000087738037
YMR043W,YOL044W,0,-5.466224,0.18888415396213531,0.8870000243186951,0.38089999556541443
YAR002W,YIL135C,0,-5.466664,0.18884393572807312,0.8870000243186951,0.38100001215934753
YMR311C,YDL003W,1,-5.4666777,0.18901659548282623,0.8880000114440918,0.38100001215934753
YLR285W,YDR045C,0,-5.467001,0.18897637724876404,0.8880000114440918,0.38109999895095825
YBR200W,YHR098C,0,-5.4670973,0.18893617391586304,0.8880000114440918,0.38119998574256897
YLR233C,YKL165C,0,-5.4677525,0.18889598548412323,0.8880000114440918,0.3813000023365021
YPR176C,YHR041C,0,-5.4677954,0.18885581195354462,0.8880000114440918,0.3813999891281128
YLL009C,YOL072W,0,-5.467828,0.1888156533241272,0.8880000114440918,0.3815000057220459
YML019W,YOR269W,0,-5.467904,0.18877550959587097,0.8880000114440918,0.3815999925136566
YKL034W,YDR213W,0,-5.4683027,0.18873538076877594,0.8880000114440918,0.3817000091075897
YJL134W,YPR072W,0,-5.4683123,0.1886952817440033,0.8880000114440918,0.38179999589920044
YNR052C,YDR359C,0,-5.469367,0.18865519762039185,0.8880000114440918,0.38190001249313354
YPL187W,YGR274C,0,-5.469785,0.1886151283979416,0.8880000114440918,0.38199999928474426
YKL049C,YIL144W,1,-5.4697933,0.18878743052482605,0.8889999985694885,0.38199999928474426
YOR039W,YER005W,0,-5.470194,0.1887473464012146,0.8889999985694885,0.382099986076355
YDR456W,YFL005W,0,-5.4705014,0.18870727717876434,0.8889999985694885,0.3822000026702881
YJL020C,YJL089W,0,-5.4705286,0.18866723775863647,0.8889999985694885,0.3822999894618988
YDR037W,YKR063C,0,-5.471354,0.1886271983385086,0.8889999985694885,0.3824000060558319
YPL149W,YDR110W,0,-5.4724636,0.18858718872070312,0.8889999985694885,0.3824999928474426
YLR210W,YHR143W-A,0,-5.473715,0.18854719400405884,0.8889999985694885,0.38260000944137573
YBR109C,YER040W,0,-5.473809,0.18850721418857574,0.8889999985694885,0.38269999623298645
YKR007W,YAR003W,0,-5.4739113,0.18846724927425385,0.8889999985694885,0.38280001282691956
YNL268W,YOL110W,0,-5.474039,0.18842729926109314,0.8889999985694885,0.3828999996185303
YKR099W,YBR002C,0,-5.474243,0.18838736414909363,0.8889999985694885,0.382999986410141
YBL099W,YDR080W,0,-5.4744673,0.1883474588394165,0.8889999985694885,0.3831000030040741
YLR220W,YDR303C,0,-5.47468,0.18830756843090057,0.8889999985694885,0.3831999897956848
YPR075C,YDR292C,0,-5.475539,0.18826767802238464,0.8889999985694885,0.3833000063896179
YGL054C,YCL008C,0,-5.475889,0.1882278174161911,0.8889999985694885,0.38339999318122864
YAL007C,YFR033C,0,-5.4764333,0.18818797171115875,0.8889999985694885,0.38350000977516174
YKR067W,YPR133W-A,0,-5.4777746,0.1881481409072876,0.8889999985694885,0.38359999656677246
YPL221W,YOR362C,0,-5.477814,0.18810833990573883,0.8889999985694885,0.38370001316070557
YDR022C,YMR039C,0,-5.4779053,0.18806853890419006,0.8889999985694885,0.3837999999523163
YBL063W,YPR086W,0,-5.4779215,0.18802876770496368,0.8889999985694885,0.383899986743927
YML019W,YDL106C,0,-5.4781475,0.1879890114068985,0.8889999985694885,0.3840000033378601
YFR019W,YDR057W,0,-5.4781523,0.1879492551088333,0.8889999985694885,0.3840999901294708
YML078W,YGL166W,0,-5.479069,0.18790952861309052,0.8889999985694885,0.38420000672340393
YLL003W,YIL147C,0,-5.4795947,0.1878698170185089,0.8889999985694885,0.38429999351501465
YGR134W,YKL182W,0,-5.4796,0.1878301352262497,0.8889999985694885,0.38440001010894775
YCL039W,YNL253W,0,-5.4796124,0.18779045343399048,0.8889999985694885,0.38449999690055847
YHR191C,YMR190C,1,-5.4803534,0.18796198070049286,0.8899999856948853,0.38449999690055847
YOR261C,YBL007C,0,-5.4810643,0.18792229890823364,0.8899999856948853,0.3846000134944916
YGL063W,YOR162C,0,-5.4811664,0.18788263201713562,0.8899999856948853,0.3847000002861023
YKL074C,YDL232W,0,-5.48336,0.1878429651260376,0.8899999856948853,0.384799987077713
YAL020C,YLR130C,0,-5.4834,0.18780332803726196,0.8899999856948853,0.3849000036716461
YBR136W,YHR119W,0,-5.483554,0.18776370584964752,0.8899999856948853,0.38499999046325684
YDR103W,YDR395W,0,-5.4837174,0.18772411346435547,0.8899999856948853,0.38510000705718994
YGL222C,YOR221C,0,-5.4845905,0.18768452107906342,0.8899999856948853,0.38519999384880066
YPR093C,YMR001C,0,-5.48462,0.18764494359493256,0.8899999856948853,0.38530001044273376
YER053C,YKL015W,0,-5.484838,0.18760539591312408,0.8899999856948853,0.3853999972343445
YKL045W,YNL244C,0,-5.4851484,0.1875658631324768,0.8899999856948853,0.3855000138282776
YOR275C,YPL020C,0,-5.485997,0.18752634525299072,0.8899999856948853,0.3856000006198883
YGL236C,YPL144W,0,-5.486305,0.18748682737350464,0.8899999856948853,0.385699987411499
YLR328W,YDL039C,0,-5.4864593,0.18744733929634094,0.8899999856948853,0.38580000400543213
YOR349W,YPR168W,0,-5.4864845,0.18740788102149963,0.8899999856948853,0.38589999079704285
YJR076C,YOL002C,0,-5.486658,0.18736842274665833,0.8899999856948853,0.38600000739097595
YCR048W,YOR011W,0,-5.4871426,0.1873289793729782,0.8899999856948853,0.38609999418258667
YER016W,YOR014W,1,-5.4873834,0.1875,0.890999972820282,0.38609999418258667
YNL090W,YER008C,0,-5.487502,0.18746055662631989,0.890999972820282,0.3862000107765198
YDR195W,YGR245C,0,-5.487671,0.18742111325263977,0.890999972820282,0.3862999975681305
YOR284W,YNR052C,0,-5.4878078,0.18738169968128204,0.890999972820282,0.3864000141620636
YHR092C,YNL032W,0,-5.4880037,0.1873423010110855,0.890999972820282,0.3865000009536743
YBR196C,YNL292W,0,-5.488335,0.18730291724205017,0.890999972820282,0.38659998774528503
YBR029C,YJR046W,0,-5.488657,0.18726356327533722,0.890999972820282,0.38670000433921814
YOL135C,YOR036W,0,-5.489252,0.18722420930862427,0.890999972820282,0.38679999113082886
YNL218W,YIL042C,0,-5.489486,0.1871848702430725,0.890999972820282,0.38690000772476196
YGR214W,YDR086C,0,-5.4895387,0.18714556097984314,0.890999972820282,0.3869999945163727
YOL104C,YKR079C,0,-5.4897223,0.18710625171661377,0.890999972820282,0.3871000111103058
YCR088W,YCR073C,0,-5.4898615,0.1870669722557068,0.890999972820282,0.3871999979019165
YDR314C,YNL253W,0,-5.4899974,0.187027707695961,0.890999972820282,0.3873000144958496
YJR057W,YEL041W,0,-5.4901004,0.1869884580373764,0.890999972820282,0.3874000012874603
YBR167C,YJL036W,0,-5.490898,0.186949223279953,0.890999972820282,0.38749998807907104
YIR021W,YDR422C,0,-5.491038,0.1869100034236908,0.890999972820282,0.38760000467300415
YMR211W,YNL029C,0,-5.4910545,0.18687079846858978,0.890999972820282,0.38769999146461487
YDL092W,YMR183C,0,-5.4912505,0.18683162331581116,0.890999972820282,0.387800008058548
YOR298W,YNR023W,0,-5.491778,0.18679244816303253,0.890999972820282,0.3878999948501587
YMR319C,YHR006W,0,-5.4917984,0.1867533028125763,0.890999972820282,0.3880000114440918
YJL168C,YCR083W,0,-5.492311,0.18671417236328125,0.890999972820282,0.3880999982357025
YFR002W,YGL093W,0,-5.4931,0.1866750419139862,0.890999972820282,0.3882000148296356
YOR260W,YKR019C,0,-5.493641,0.18663594126701355,0.890999972820282,0.38830000162124634
YHR154W,YDR059C,0,-5.4945374,0.1865968555212021,0.890999972820282,0.38839998841285706
YJR090C,YOR087W,0,-5.4947042,0.18655778467655182,0.890999972820282,0.38850000500679016
YNL268W,YCR014C,0,-5.495422,0.18651872873306274,0.890999972820282,0.3885999917984009
YBR109C,YER125W,0,-5.4954624,0.18647970259189606,0.890999972820282,0.388700008392334
YJL063C,YDR320C,0,-5.495632,0.18644067645072937,0.890999972820282,0.3887999951839447
YNL264C,YOL125W,0,-5.496871,0.18640168011188507,0.890999972820282,0.3889000117778778
YGL153W,YOL143C,0,-5.49752,0.18636268377304077,0.890999972820282,0.3889999985694885
YNL202W,YEL041W,0,-5.4976006,0.18632371723651886,0.890999972820282,0.38909998536109924
YOL051W,YGR118W,0,-5.4984255,0.18628476560115814,0.890999972820282,0.38920000195503235
YML008C,YPL057C,0,-5.4987383,0.18624581396579742,0.890999972820282,0.38929998874664307
YBR240C,YPL214C,0,-5.498787,0.1862068921327591,0.890999972820282,0.38940000534057617
YNL225C,YGL100W,0,-5.498967,0.18616798520088196,0.890999972820282,0.3894999921321869
YPL192C,YNL079C,0,-5.499196,0.18612909317016602,0.890999972820282,0.38960000872612
YMR033W,YPL239W,0,-5.4993877,0.18609023094177246,0.890999972820282,0.3896999955177307
YOL086C,YGL163C,0,-5.500286,0.1860513687133789,0.890999972820282,0.3898000121116638
YPL137C,YNL299W,1,-5.500346,0.18622130155563354,0.8920000195503235,0.3898000121116638
YNL006W,YAL015C,0,-5.501406,0.1861824244260788,0.8920000195503235,0.38989999890327454
YER016W,YML085C,1,-5.5017233,0.18635225296020508,0.8930000066757202,0.38989999890327454
YGL238W,YAL035W,0,-5.502789,0.18631337583065033,0.8930000066757202,0.38999998569488525
YCR088W,YNL251C,0,-5.503069,0.18627451360225677,0.8930000066757202,0.39010000228881836
YOL113W,YLR410W,0,-5.503129,0.18623566627502441,0.8930000066757202,0.3901999890804291
YML110C,YHR158C,0,-5.5032015,0.18619683384895325,0.8930000066757202,0.3903000056743622
YDR208W,YMR095C,0,-5.50368,0.18615801632404327,0.8930000066757202,0.3903999924659729
YJL041W,YPL152W,0,-5.5044665,0.1861192137002945,0.8930000066757202,0.390500009059906
YOR279C,YKR057W,0,-5.5056925,0.1860804259777069,0.8930000066757202,0.3905999958515167
YMR043W,YKL020C,0,-5.5066166,0.1860416680574417,0.8930000066757202,0.39070001244544983
YDL192W,YJL178C,0,-5.5072503,0.1860029101371765,0.8930000066757202,0.39079999923706055
YBR039W,YJL101C,0,-5.50923,0.1859641820192337,0.8930000066757202,0.39089998602867126
YLR363C,YPL133C,0,-5.50946,0.1859254688024521,0.8930000066757202,0.39100000262260437
YOR257W,YFR003C,0,-5.510058,0.18588675558567047,0.8930000066757202,0.3910999894142151
YPL270W,YPL057C,0,-5.5100713,0.18584807217121124,0.8930000066757202,0.3912000060081482
YKL134C,YMR273C,0,-5.5102386,0.1858094036579132,0.8930000066757202,0.3912999927997589
YPR055W,YNL044W,0,-5.5111504,0.18577075004577637,0.8930000066757202,0.391400009393692
YMR156C,YMR089C,0,-5.5112333,0.18573211133480072,0.8930000066757202,0.39149999618530273
YBR198C,YPR133W-A,0,-5.5114756,0.18569348752498627,0.8930000066757202,0.39160001277923584
YOR362C,YBR283C,0,-5.51195,0.185654878616333,0.8930000066757202,0.39169999957084656
YKL001C,YGL063W,0,-5.5119553,0.18561629951000214,0.8930000066757202,0.3917999863624573
YLR133W,YBL052C,0,-5.5120873,0.18557772040367126,0.8930000066757202,0.3919000029563904
YJL010C,YPL033C,0,-5.512234,0.18553917109966278,0.8930000066757202,0.3919999897480011
YLR131C,YDR486C,0,-5.512611,0.1855006217956543,0.8930000066757202,0.3921000063419342
YGR252W,YMR088C,0,-5.513178,0.1854621022939682,0.8930000066757202,0.3921999931335449
YBL099W,YML103C,0,-5.513285,0.1854235827922821,0.8930000066757202,0.392300009727478
YER088C,YGL127C,0,-5.5133653,0.1853850930929184,0.8930000066757202,0.39239999651908875
YOL044W,YML114C,0,-5.51375,0.18534661829471588,0.8930000066757202,0.39250001311302185
YML069W,YOL038W,0,-5.514271,0.18530815839767456,0.8930000066757202,0.39259999990463257
YNL280C,YNL093W,0,-5.51522,0.18526971340179443,0.8930000066757202,0.3926999866962433
YDR005C,YGR229C,0,-5.5153165,0.1852312833070755,0.8930000066757202,0.3928000032901764
YPR176C,YPL040C,0,-5.516514,0.18519286811351776,0.8930000066757202,0.3928999900817871
YDR062W,YIL106W,0,-5.516636,0.18515446782112122,0.8930000066757202,0.3930000066757202
YHR165C,YLR403W,0,-5.516863,0.18511608242988586,0.8930000066757202,0.39309999346733093
YGL194C,YHR158C,0,-5.517296,0.1850777268409729,0.8930000066757202,0.39320001006126404
YFR047C,YGR009C,0,-5.518862,0.18503937125205994,0.8930000066757202,0.39329999685287476
YER061C,YOR341W,0,-5.5189056,0.18500103056430817,0.8930000066757202,0.39340001344680786
YBR272C,YOL026C,0,-5.5200787,0.18496271967887878,0.8930000066757202,0.3935000002384186
YKL113C,YOR254C,0,-5.520273,0.1849244087934494,0.8930000066757202,0.3935999870300293
YKL016C,YNL225C,0,-5.52135,0.1848861277103424,0.8930000066757202,0.3937000036239624
YGL206C,YKL017C,0,-5.521652,0.1848478615283966,0.8930000066757202,0.3937999904155731
YJL134W,YJL210W,0,-5.5217943,0.1848095953464508,0.8930000066757202,0.3939000070095062
YPR068C,YDR138W,0,-5.521814,0.1847713589668274,0.8930000066757202,0.39399999380111694
YPR167C,YOL147C,0,-5.5220146,0.18473313748836517,0.8930000066757202,0.39410001039505005
YKL057C,YBR284W,0,-5.5221195,0.18469493091106415,0.8930000066757202,0.39419999718666077
YJL060W,YPR181C,0,-5.5229073,0.18465673923492432,0.8930000066757202,0.39430001378059387
YGL247W,YNR052C,0,-5.523003,0.18461856245994568,0.8930000066757202,0.3944000005722046
YPL149W,YOL026C,0,-5.52346,0.18458040058612823,0.8930000066757202,0.3944999873638153
YMR192W,YNL147W,0,-5.525652,0.18454225361347198,0.8930000066757202,0.3946000039577484
YHL036W,YDR394W,0,-5.526098,0.18450413644313812,0.8930000066757202,0.39469999074935913
YMR006C,YBR130C,0,-5.526122,0.18446601927280426,0.8930000066757202,0.39480000734329224
YDR301W,YKR085C,0,-5.5263834,0.1844279170036316,0.8930000066757202,0.39489999413490295
YOL104C,YOR243C,0,-5.5268135,0.1843898445367813,0.8930000066757202,0.39500001072883606
YDR085C,YDL106C,0,-5.5268974,0.18435177206993103,0.8930000066757202,0.3950999975204468
YKL129C,YHR200W,0,-5.527151,0.18431372940540314,0.8930000066757202,0.3952000141143799
YJL071W,YPL037C,0,-5.527266,0.18427568674087524,0.8930000066757202,0.3953000009059906
YPL049C,YOR069W,0,-5.5276723,0.18423767387866974,0.8930000066757202,0.3953999876976013
YBR179C,YML038C,0,-5.52775,0.18419967591762543,0.8930000066757202,0.3955000042915344
YOR231W,YNL250W,0,-5.5280256,0.18416167795658112,0.8930000066757202,0.39559999108314514
YEL015W,YCR071C,0,-5.528303,0.1841237097978592,0.8930000066757202,0.39570000767707825
YJL073W,YBR294W,0,-5.528383,0.18408575654029846,0.8930000066757202,0.39579999446868896
YLR007W,YDR285W,0,-5.528491,0.18404781818389893,0.8930000066757202,0.39590001106262207
YNR010W,YNL299W,1,-5.5286984,0.1842159479856491,0.8939999938011169,0.39590001106262207
YIL061C,YLR409C,0,-5.5287075,0.18417799472808838,0.8939999938011169,0.3959999978542328
YKL190W,YGL016W,0,-5.529393,0.18414005637168884,0.8939999938011169,0.3961000144481659
YGL209W,YOL128C,0,-5.529579,0.1841021478176117,0.8939999938011169,0.3962000012397766
YOR269W,YBL105C,0,-5.529993,0.18406423926353455,0.8939999938011169,0.39629998803138733
YPR057W,YLR260W,0,-5.531051,0.1840263456106186,0.8939999938011169,0.39640000462532043
YDR184C,YNL261W,0,-5.531397,0.18398848176002502,0.8939999938011169,0.39649999141693115
YPL110C,YKL108W,0,-5.5318966,0.18395061790943146,0.8939999938011169,0.39660000801086426
YNR075W,YDR151C,0,-5.5319166,0.18391276895999908,0.8939999938011169,0.396699994802475
YER089C,YOR035C,0,-5.531947,0.1838749498128891,0.8939999938011169,0.3968000113964081
YBL082C,YOR168W,0,-5.533428,0.1838371306657791,0.8939999938011169,0.3968999981880188
YJL020C,YDR022C,0,-5.534142,0.18379934132099152,0.8939999938011169,0.3970000147819519
YIL004C,YKL026C,0,-5.534154,0.1837615668773651,0.8939999938011169,0.3971000015735626
YDL024C,YBR043C,0,-5.5342846,0.1837237924337387,0.8939999938011169,0.39719998836517334
YMR032W,YMR053C,0,-5.535644,0.1836860477924347,0.8939999938011169,0.39730000495910645
YDR378C,YGR014W,0,-5.535768,0.18364831805229187,0.8939999938011169,0.39739999175071716
YGR225W,YMR001C,0,-5.5358753,0.18361060321331024,0.8939999938011169,0.39750000834465027
YLL060C,YDR419W,0,-5.535948,0.1835728883743286,0.8939999938011169,0.397599995136261
YJR147W,YDR005C,0,-5.5366197,0.18353520333766937,0.8939999938011169,0.3977000117301941
YGL119W,YMR293C,0,-5.537572,0.18349753320217133,0.8939999938011169,0.3977999985218048
YDR017C,YNR043W,0,-5.5398674,0.18345987796783447,0.8939999938011169,0.3978999853134155
YML086C,YHR181W,0,-5.5401764,0.1834222376346588,0.8939999938011169,0.39800000190734863
YHR001W-A,YLR005W,0,-5.5403786,0.18338461220264435,0.8939999938011169,0.39809998869895935
YNR074C,YDL059C,0,-5.5404806,0.18334700167179108,0.8939999938011169,0.39820000529289246
YLR207W,YKL035W,0,-5.540592,0.183309406042099,0.8939999938011169,0.3982999920845032
YJR017C,YPL129W,0,-5.5421095,0.18327182531356812,0.8939999938011169,0.3984000086784363
YIL131C,YBL102W,0,-5.542371,0.18323427438735962,0.8939999938011169,0.398499995470047
YBR029C,YPR068C,0,-5.5424957,0.18319672346115112,0.8939999938011169,0.3986000120639801
YPL061W,YOR080W,0,-5.542789,0.18315918743610382,0.8939999938011169,0.3986999988555908
YCR077C,YGR275W,1,-5.542806,0.18332651257514954,0.8949999809265137,0.3986999988555908
YPL008W,YBR156C,1,-5.5430746,0.1834937483072281,0.8960000276565552,0.3986999988555908
YBR236C,YLR298C,0,-5.543561,0.1834561824798584,0.8960000276565552,0.39879998564720154
YKL220C,YMR016C,0,-5.5442195,0.1834186315536499,0.8960000276565552,0.39890000224113464
YOR236W,YGR002C,0,-5.544258,0.1833810955286026,0.8960000276565552,0.39899998903274536
YGR284C,YDR236C,0,-5.544756,0.1833435595035553,0.8960000276565552,0.39910000562667847
YKL026C,YBL026W,0,-5.5451016,0.18330605328083038,0.8960000276565552,0.3991999924182892
YML032C,YGL246C,0,-5.545271,0.18326856195926666,0.8960000276565552,0.3993000090122223
YPR093C,YBR061C,0,-5.545435,0.18323108553886414,0.8960000276565552,0.399399995803833
YOR224C,YBL004W,0,-5.5468493,0.1831936240196228,0.8960000276565552,0.3995000123977661
YGR218W,YGR082W,0,-5.5471015,0.18315617740154266,0.8960000276565552,0.39959999918937683
YBR233W-A,YER020W,0,-5.5478306,0.18311874568462372,0.8960000276565552,0.39969998598098755
YPL138C,YNR039C,0,-5.5479765,0.18308132886886597,0.8960000276565552,0.39980000257492065
YDR480W,YML052W,0,-5.5483503,0.1830439269542694,0.8960000276565552,0.39989998936653137
YNL078W,YDR329C,0,-5.548481,0.18300653994083405,0.8960000276565552,0.4000000059604645
YJL060W,YCR028C,0,-5.548675,0.18296916782855988,0.8960000276565552,0.4000999927520752
YKL043W,YML011C,0,-5.5486913,0.1829318106174469,0.8960000276565552,0.4002000093460083
YNL242W,YMR039C,0,-5.5488267,0.18289446830749512,0.8960000276565552,0.400299996137619
YGR109C,YPL224C,0,-5.548999,0.18285714089870453,0.8960000276565552,0.4004000127315521
YOR122C,YNL272C,0,-5.5497923,0.18281982839107513,0.8960000276565552,0.40049999952316284
YML129C,YCL005W-A,0,-5.5501375,0.18278253078460693,0.8960000276565552,0.40059998631477356
YAL058W,YNL074C,0,-5.550214,0.18274526298046112,0.8960000276565552,0.40070000290870667
YOL104C,YKR025W,0,-5.550269,0.1827079951763153,0.8960000276565552,0.4007999897003174
YEL042W,YDR208W,0,-5.5506177,0.1826707422733307,0.8960000276565552,0.4009000062942505
YDR083W,YNL272C,0,-5.550898,0.18263350427150726,0.8960000276565552,0.4009999930858612
YDR085C,YGR059W,0,-5.5516315,0.18259629607200623,0.8960000276565552,0.4011000096797943
YNL071W,YPR107C,0,-5.55296,0.1825590878725052,0.8960000276565552,0.40119999647140503
YOR181W,YEL050C,0,-5.5532537,0.18252189457416534,0.8960000276565552,0.40130001306533813
YPR187W,YIL056W,0,-5.5533094,0.1824847310781479,0.8960000276565552,0.40139999985694885
YNL073W,YGL243W,0,-5.554366,0.18244756758213043,0.8960000276565552,0.40149998664855957
YJL034W,YHR015W,0,-5.554857,0.18241041898727417,0.8960000276565552,0.4016000032424927
YLR321C,YMR190C,1,-5.556378,0.18257683515548706,0.8970000147819519,0.4016000032424927
YPR182W,YDR486C,0,-5.5569,0.1825396865606308,0.8970000147819519,0.4016999900341034
YDL099W,YGL212W,0,-5.557575,0.18250253796577454,0.8970000147819519,0.4018000066280365
YKL204W,YBR193C,0,-5.557617,0.18246541917324066,0.8970000147819519,0.4018999934196472
YDL100C,YDL190C,0,-5.557879,0.18242831528186798,0.8970000147819519,0.4020000100135803
YEL061C,YBR156C,1,-5.558072,0.18259455263614655,0.8980000019073486,0.4020000100135803
YNL239W,YLR360W,0,-5.558188,0.18255743384361267,0.8980000019073486,0.40209999680519104
YBR185C,YHR074W,0,-5.5582495,0.18252032995224,0.8980000019073486,0.40220001339912415
YBL002W,YML024W,0,-5.5587316,0.1824832409620285,0.8980000019073486,0.40230000019073486
YPL110C,YNL281W,0,-5.5589995,0.1824461668729782,0.8980000019073486,0.4023999869823456
YHR171W,YPL248C,0,-5.55949,0.18240909278392792,0.8980000019073486,0.4025000035762787
YDR021W,YHR012W,0,-5.559923,0.1823720484972,0.8980000019073486,0.4025999903678894
YFL050C,YNL079C,0,-5.5600533,0.1823350191116333,0.8980000019073486,0.4027000069618225
YDR188W,YGL175C,0,-5.560856,0.18229800462722778,0.8980000019073486,0.4027999937534332
YOR014W,YHR014W,1,-5.5608983,0.18246397376060486,0.8989999890327454,0.4027999937534332
YBR201W,YFL005W,0,-5.5611277,0.18242694437503815,0.8989999890327454,0.40290001034736633
YKL190W,YOR380W,0,-5.561347,0.18238992989063263,0.8989999890327454,0.40299999713897705
YER065C,YHR077C,0,-5.5614967,0.1823529452085495,0.8989999890327454,0.40310001373291016
YNL006W,YER148W,0,-5.5617733,0.18231596052646637,0.8989999890327454,0.4032000005245209
YDL138W,YML001W,0,-5.5619526,0.18227899074554443,0.8989999890327454,0.4032999873161316
YLR138W,YDL064W,0,-5.5619955,0.18224205076694489,0.8989999890327454,0.4034000039100647
YML024W,YNL272C,0,-5.5623674,0.18220511078834534,0.8989999890327454,0.4034999907016754
YNL330C,YDL224C,0,-5.562752,0.18216818571090698,0.8989999890327454,0.4036000072956085
YGR262C,YFL005W,0,-5.5632377,0.18213127553462982,0.8989999890327454,0.40369999408721924
YBL069W,YLL002W,0,-5.563295,0.18209439516067505,0.8989999890327454,0.40380001068115234
YLR438C-A,YKR055W,0,-5.5641284,0.18205751478672028,0.8989999890327454,0.40389999747276306
YJR105W,YMR260C,0,-5.565835,0.1820206493139267,0.8989999890327454,0.40400001406669617
YLR026C,YFL059W,0,-5.566044,0.1819837987422943,0.8989999890327454,0.4041000008583069
YPL151C,YOR367W,0,-5.5665894,0.18194697797298431,0.8989999890327454,0.4041999876499176
YLR176C,YOR327C,0,-5.5671196,0.18191015720367432,0.8989999890327454,0.4043000042438507
YMR026C,YDR166C,0,-5.5673294,0.1818733513355255,0.8989999890327454,0.4043999910354614
YOR074C,YML129C,0,-5.5678997,0.1818365752696991,0.8989999890327454,0.40450000762939453
YKR066C,YDR289C,0,-5.5679617,0.18179979920387268,0.8989999890327454,0.40459999442100525
YDR036C,YOR147W,0,-5.5679946,0.18176303803920746,0.8989999890327454,0.40470001101493835
YGL017W,YHR142W,0,-5.5679965,0.18172629177570343,0.8989999890327454,0.4047999978065491
YOR320C,YLR130C,0,-5.568025,0.1816895753145218,0.8989999890327454,0.4049000144004822
YIL009W,YOL020W,0,-5.568779,0.18165285885334015,0.8989999890327454,0.4050000011920929
YOL158C,YDR461W,0,-5.5688686,0.1816161572933197,0.8989999890327454,0.4050999879837036
YDL130W,YGL212W,0,-5.56968,0.18157948553562164,0.8989999890327454,0.4052000045776367
YOR269W,YML029W,0,-5.5700846,0.18154281377792358,0.8989999890327454,0.40529999136924744
YNR030W,YER007W,0,-5.5712867,0.18150615692138672,0.8989999890327454,0.40540000796318054
YDL007W,YMR106C,0,-5.5718036,0.18146951496601105,0.8989999890327454,0.40549999475479126
YNL262W,YMR260C,0,-5.5720596,0.18143290281295776,0.8989999890327454,0.40560001134872437
YGL027C,YBR098W,0,-5.5722623,0.18139629065990448,0.8989999890327454,0.4056999981403351
YLR109W,YNL042W,0,-5.5726213,0.1813596934080124,0.8989999890327454,0.4058000147342682
YHR043C,YLR268W,0,-5.572669,0.1813231110572815,0.8989999890327454,0.4059000015258789
YKL129C,YHL025W,0,-5.572917,0.1812865436077118,0.8989999890327454,0.4059999883174896
YJR084W,YCR024C-A,0,-5.5729904,0.18125000596046448,0.8989999890327454,0.40610000491142273
YHR013C,YKL165C,0,-5.573633,0.18121346831321716,0.8989999890327454,0.40619999170303345
YPL204W,YMR190C,1,-5.574154,0.18137848377227783,0.8999999761581421,0.40619999170303345
YIL044C,YGL020C,0,-5.5741663,0.18134193122386932,0.8999999761581421,0.40630000829696655
YNL071W,YHL020C,0,-5.5743723,0.181305393576622,0.8999999761581421,0.40639999508857727
YBR065C,YJR019C,0,-5.574379,0.18126888573169708,0.8999999761581421,0.4065000116825104
YBL015W,YGR252W,0,-5.575412,0.18123237788677216,0.8999999761581421,0.4065999984741211
YLR205C,YHR205W,0,-5.575632,0.18119589984416962,0.8999999761581421,0.4066999852657318
YNL192W,YGL127C,0,-5.5757003,0.18115942180156708,0.8999999761581421,0.4068000018596649
YGR135W,YOR212W,0,-5.576451,0.18112295866012573,0.8999999761581421,0.40689998865127563
YEL012W,YIL173W,0,-5.5774755,0.18108652532100677,0.8999999761581421,0.40700000524520874
YMR311C,YJL019W,1,-5.577712,0.18125125765800476,0.9010000228881836,0.40700000524520874
YLR399C,YBR159W,0,-5.5783257,0.1812148094177246,0.9010000228881836,0.40709999203681946
YAL031C,YDL003W,1,-5.5785384,0.18137945234775543,0.9020000100135803,0.40709999203681946
YGL206C,YKL045W,0,-5.579269,0.1813429892063141,0.9020000100135803,0.40720000863075256
YKL146W,YHR077C,0,-5.579473,0.18130652606487274,0.9020000100135803,0.4072999954223633
YJR105W,YOL033W,0,-5.5797987,0.18127009272575378,0.9020000100135803,0.4074000120162964
YER030W,YIL122W,0,-5.580126,0.18123367428779602,0.9020000100135803,0.4074999988079071
YLR310C,YKR007W,0,-5.5807543,0.18119727075099945,0.9020000100135803,0.4075999855995178
YOL044W,YGR082W,0,-5.5808744,0.18116088211536407,0.9020000100135803,0.4077000021934509
YOL051W,YMR005W,0,-5.5810847,0.1811244934797287,0.9020000100135803,0.40779998898506165
YKL220C,YGL208W,0,-5.5812483,0.1810881346464157,0.9020000100135803,0.40790000557899475
YDR236C,YPL214C,0,-5.581628,0.18105179071426392,0.9020000100135803,0.40799999237060547
YDR216W,YKR001C,0,-5.5817213,0.18101544678211212,0.9020000100135803,0.4081000089645386
YBR039W,YGR134W,0,-5.581781,0.18097913265228271,0.9020000100135803,0.4081999957561493
YJL031C,YNL280C,0,-5.5821676,0.1809428334236145,0.9020000100135803,0.4083000123500824
YMR033W,YDR189W,0,-5.5829105,0.1809065341949463,0.9020000100135803,0.4083999991416931
YPL175W,YHR084W,0,-5.5831637,0.18087026476860046,0.9020000100135803,0.40849998593330383
YGR206W,YDR422C,0,-5.5835466,0.18083399534225464,0.9020000100135803,0.40860000252723694
YJL081C,YFR048W,0,-5.583643,0.1807977557182312,0.9020000100135803,0.40869998931884766
YMR033W,YDL052C,0,-5.583805,0.18076151609420776,0.9020000100135803,0.40880000591278076
YOL033W,YIL042C,0,-5.58405,0.1807253062725067,0.9020000100135803,0.4088999927043915
YNL192W,YJL025W,0,-5.5841885,0.18068909645080566,0.9020000100135803,0.4090000092983246
YOR130C,YDR320C,0,-5.5856953,0.180652916431427,0.9020000100135803,0.4090999960899353
YKR034W,YNL079C,0,-5.5857778,0.18061673641204834,0.9020000100135803,0.4092000126838684
YDR448W,YCR060W,0,-5.5859575,0.18058058619499207,0.9020000100135803,0.4092999994754791
YDR434W,YOL009C,0,-5.586321,0.1805444359779358,0.9020000100135803,0.40939998626708984
YLR114C,YGL028C,0,-5.58675,0.1805083006620407,0.9020000100135803,0.40950000286102295
YER112W,YER160C,0,-5.586769,0.18047219514846802,0.9020000100135803,0.40959998965263367
YCL038C,YGL158W,0,-5.586793,0.18043608963489532,0.9020000100135803,0.4097000062465668
YMR079W,YBR030W,0,-5.5871925,0.18039999902248383,0.9020000100135803,0.4097999930381775
YDR130C,YBL079W,1,-5.587264,0.18056388199329376,0.902999997138977,0.4097999930381775
YDR346C,YLR200W,0,-5.5876927,0.18052779138088226,0.902999997138977,0.4099000096321106
YHR013C,YHR123W,0,-5.587879,0.18049170076847076,0.902999997138977,0.4099999964237213
YML059C,YCL032W,0,-5.587899,0.18045563995838165,0.902999997138977,0.4101000130176544
YJL124C,YNL330C,0,-5.5881276,0.18041957914829254,0.902999997138977,0.41019999980926514
YDR153C,YJR002W,0,-5.588132,0.18038353323936462,0.902999997138977,0.41029998660087585
YBR107C,YJR068W,1,-5.588706,0.18054723739624023,0.9039999842643738,0.41029998660087585
YAL054C,YCL038C,0,-5.5887294,0.18051117658615112,0.9039999842643738,0.41040000319480896
YHR067W,YOR313C,0,-5.58883,0.1804751455783844,0.9039999842643738,0.4104999899864197
YOL038W,YOL097C,0,-5.5889306,0.18043911457061768,0.9039999842643738,0.4106000065803528
YOR159C,YDR065W,0,-5.5890107,0.18040311336517334,0.9039999842643738,0.4106999933719635
YPR111W,YDR060W,0,-5.589183,0.180367112159729,0.9039999842643738,0.4108000099658966
YGL205W,YKL079W,0,-5.58972,0.18033114075660706,0.9039999842643738,0.4108999967575073
YBR210W,YGL208W,0,-5.5902576,0.1802951693534851,0.9039999842643738,0.41100001335144043
YMR184W,YPL028W,0,-5.59046,0.18025922775268555,0.9039999842643738,0.41110000014305115
YJL192C,YMR313C,0,-5.590797,0.180223286151886,0.9039999842643738,0.41119998693466187
YDR195W,YDR175C,0,-5.59101,0.18018735945224762,0.9039999842643738,0.41130000352859497
YAR002W,YDL224C,0,-5.591054,0.18015144765377045,0.9039999842643738,0.4113999903202057
YOR002W,YNR039C,0,-5.5918717,0.18011556565761566,0.9039999842643738,0.4115000069141388
YOR147W,YBR089C-A,0,-5.59198,0.18007968366146088,0.9039999842643738,0.4115999937057495
YOR033C,YMR197C,0,-5.5923095,0.18004381656646729,0.9039999842643738,0.4117000102996826
YIL044C,YOR256C,0,-5.592955,0.1800079643726349,0.9039999842643738,0.41179999709129333
YLR226W,YER147C,1,-5.5931864,0.1801712065935135,0.9049999713897705,0.41179999709129333
YDR264C,YDR335W,0,-5.5933366,0.1801353543996811,0.9049999713897705,0.41190001368522644
YDR182W,YLR200W,0,-5.5939207,0.1800995022058487,0.9049999713897705,0.41200000047683716
YER095W,YCR028C-A,0,-5.5939913,0.1800636649131775,0.9049999713897705,0.4120999872684479
YOR078W,YMR101C,0,-5.59402,0.18002784252166748,0.9049999713897705,0.412200003862381
YIR013C,YMR125W,0,-5.594858,0.17999204993247986,0.9049999713897705,0.4122999906539917
YHR191C,YJL080C,1,-5.5957065,0.18015509843826294,0.906000018119812,0.4122999906539917
YNL153C,YKR055W,0,-5.595885,0.18011929094791412,0.906000018119812,0.4124000072479248
YMR081C,YHR031C,0,-5.5966153,0.1800834834575653,0.906000018119812,0.4124999940395355
YDR174W,YNL291C,0,-5.597398,0.18004769086837769,0.906000018119812,0.41260001063346863
YBR243C,YMR080C,0,-5.5992823,0.18001192808151245,0.906000018119812,0.41269999742507935
YMR032W,YEL062W,0,-5.5994577,0.17997616529464722,0.906000018119812,0.41280001401901245
YER122C,YCL001W,0,-5.5999336,0.17994041740894318,0.906000018119812,0.41290000081062317
YML042W,YOL146W,0,-5.6000376,0.17990468442440033,0.906000018119812,0.4129999876022339
YDR397C,YPR182W,0,-5.6004744,0.17986896634101868,0.906000018119812,0.413100004196167
YHR056C,YMR197C,0,-5.601253,0.17983326315879822,0.906000018119812,0.4131999909877777
YPL012W,YNR048W,0,-5.6025968,0.17979757487773895,0.906000018119812,0.4133000075817108
YDR036C,YNL229C,0,-5.60393,0.17976190149784088,0.906000018119812,0.41339999437332153
YFL023W,YOR260W,0,-5.604129,0.179726243019104,0.906000018119812,0.41350001096725464
YPR187W,YIL082W-A,0,-5.6048403,0.17969059944152832,0.906000018119812,0.41359999775886536
YIL044C,YOR113W,0,-5.604951,0.17965497076511383,0.906000018119812,0.41370001435279846
YPR037C,YOR320C,0,-5.6055584,0.17961935698986053,0.906000018119812,0.4138000011444092
YGR165W,YOR297C,0,-5.606077,0.17958374321460724,0.906000018119812,0.4138999879360199
YJL186W,YPL152W,0,-5.60647,0.17954815924167633,0.906000018119812,0.414000004529953
YNR030W,YKL025C,0,-5.60683,0.17951257526874542,0.906000018119812,0.4140999913215637
YMR232W,YFR005C,0,-5.6070204,0.1794770210981369,0.906000018119812,0.4142000079154968
YGL173C,YPL094C,0,-5.6075416,0.17944146692752838,0.906000018119812,0.41429999470710754
YJL025W,YBR080C,0,-5.6076593,0.17940594255924225,0.906000018119812,0.41440001130104065
YHR143W,YLL004W,0,-5.607669,0.17937041819095612,0.906000018119812,0.41449999809265137
YKL002W,YOR025W,0,-5.6077833,0.17933492362499237,0.906000018119812,0.4146000146865845
YDR022C,YOL068C,0,-5.608039,0.17929942905902863,0.906000018119812,0.4147000014781952
YGR288W,YPL129W,0,-5.608488,0.17926394939422607,0.906000018119812,0.4147999882698059
YPR034W,YFR041C,0,-5.6087656,0.17922848463058472,0.906000018119812,0.414900004863739
YOL100W,YDR435C,0,-5.60909,0.17919303476810455,0.906000018119812,0.41499999165534973
YDL052C,YDR011W,0,-5.609976,0.17915759980678558,0.906000018119812,0.41510000824928284
YPL048W,YPR120C,0,-5.610201,0.1791221797466278,0.906000018119812,0.41519999504089355
YMR312W,YPL171C,0,-5.6106987,0.17908677458763123,0.906000018119812,0.41530001163482666
YKL192C,YPL208W,0,-5.610983,0.17905138432979584,0.906000018119812,0.4153999984264374
YNR052C,YPL033C,0,-5.611556,0.17901600897312164,0.906000018119812,0.4154999852180481
YGL169W,YER100W,0,-5.61172,0.17898063361644745,0.906000018119812,0.4156000018119812
YKR089C,YDR065W,0,-5.61179,0.17894528806209564,0.906000018119812,0.4156999886035919
YNL119W,YER123W,0,-5.611804,0.17890995740890503,0.906000018119812,0.415800005197525
YDR036C,YNL218W,0,-5.6119227,0.17887462675571442,0.906000018119812,0.41589999198913574
YHR200W,YGR081C,0,-5.612053,0.1788393259048462,0.906000018119812,0.41600000858306885
YFL041W,YDR477W,0,-5.612107,0.17880402505397797,0.906000018119812,0.41609999537467957
YBL046W,YBL020W,0,-5.612267,0.17876873910427094,0.906000018119812,0.41620001196861267
YOL139C,YDL116W,0,-5.612532,0.1787334829568863,0.906000018119812,0.4162999987602234
YGL206C,YJL056C,0,-5.6128306,0.17869822680950165,0.906000018119812,0.4163999855518341
YML129C,YPL140C,0,-5.6132083,0.1786629855632782,0.906000018119812,0.4165000021457672
YGL021W,YPL051W,0,-5.613285,0.17862775921821594,0.906000018119812,0.41659998893737793
YOR299W,YOR243C,0,-5.6143966,0.17859254777431488,0.906000018119812,0.41670000553131104
YER061C,YPR017C,0,-5.6145554,0.178557351231575,0.906000018119812,0.41679999232292175
YNL118C,YHR066W,0,-5.6149564,0.17852216958999634,0.906000018119812,0.41690000891685486
YIL114C,YJR086W,0,-5.6153164,0.17848700284957886,0.906000018119812,0.4169999957084656
YLL050C,YJL047C,0,-5.61588,0.17845183610916138,0.906000018119812,0.4171000123023987
YLL042C,YHR067W,0,-5.6167965,0.17841669917106628,0.906000018119812,0.4171999990940094
YCR002C,YJL090C,0,-5.6170564,0.17838157713413239,0.906000018119812,0.4172999858856201
YCL025C,YPR017C,0,-5.6172957,0.1783464550971985,0.906000018119812,0.4174000024795532
YKL092C,YDR002W,0,-5.6175623,0.17831136286258698,0.906000018119812,0.41749998927116394
YNL116W,YGL100W,0,-5.618021,0.17827627062797546,0.906000018119812,0.41760000586509705
YMR145C,YOL091W,0,-5.618428,0.17824119329452515,0.906000018119812,0.41769999265670776
YDR461W,YAR007C,0,-5.6198606,0.17820613086223602,0.906000018119812,0.41780000925064087
YKL016C,YPL138C,0,-5.619876,0.1781710982322693,0.906000018119812,0.4178999960422516
YOL012C,YLR277C,0,-5.6205206,0.17813606560230255,0.906000018119812,0.4180000126361847
YPL051W,YGL173C,0,-5.6208262,0.178101047873497,0.906000018119812,0.4180999994277954
YNL127W,YML062C,0,-5.620956,0.17806604504585266,0.906000018119812,0.41819998621940613
YML067C,YPL196W,0,-5.6211452,0.1780310422182083,0.906000018119812,0.41830000281333923
YCR088W,YDR191W,0,-5.621357,0.17799606919288635,0.906000018119812,0.41839998960494995
YDR422C,YDR464W,0,-5.621542,0.17796111106872559,0.906000018119812,0.41850000619888306
YJR045C,YDL190C,0,-5.6223702,0.17792615294456482,0.906000018119812,0.4185999929904938
YER088C,YAL022C,0,-5.622634,0.17789122462272644,0.906000018119812,0.4187000095844269
YIR009W,YGR172C,0,-5.623432,0.17785629630088806,0.906000018119812,0.4187999963760376
YFL039C,YMR219W,0,-5.6237793,0.17782139778137207,0.906000018119812,0.4189000129699707
YDR151C,YER154W,0,-5.623909,0.17778649926185608,0.906000018119812,0.4189999997615814
YOL117W,YMR305C,0,-5.6240296,0.17775161564350128,0.906000018119812,0.41909998655319214
YNL020C,YPR183W,0,-5.624467,0.17771674692630768,0.906000018119812,0.41920000314712524
YER068W,YLL002W,0,-5.625968,0.17768189311027527,0.906000018119812,0.41929998993873596
YPR006C,YBL056W,0,-5.6263843,0.17764705419540405,0.906000018119812,0.41940000653266907
YDR524C,YMR139W,0,-5.626719,0.17761223018169403,0.906000018119812,0.4194999933242798
YJL076W,YIL008W,0,-5.6271715,0.1775774210691452,0.906000018119812,0.4196000099182129
YCR028C,YOL003C,0,-5.627773,0.17754262685775757,0.906000018119812,0.4196999967098236
YLR080W,YEL056W,0,-5.6285634,0.17750783264636993,0.906000018119812,0.4198000133037567
YOR073W,YBR156C,1,-5.6290073,0.177668958902359,0.9070000052452087,0.4198000133037567
YMR081C,YGR101W,0,-5.6294827,0.17763414978981018,0.9070000052452087,0.41990000009536743
YBL046W,YPR088C,0,-5.6303406,0.17759937047958374,0.9070000052452087,0.41999998688697815
YJL104W,YHR084W,0,-5.6310353,0.1775646060705185,0.9070000052452087,0.42010000348091125
YNL220W,YKL041W,0,-5.632296,0.17752985656261444,0.9070000052452087,0.420199990272522
YNL230C,YDR432W,0,-5.6323667,0.1774951070547104,0.9070000052452087,0.4203000068664551
YPL084W,YIL138C,0,-5.6326604,0.17746037244796753,0.9070000052452087,0.4203999936580658
YJR083C,YMR013C,0,-5.632948,0.17742566764354706,0.9070000052452087,0.4205000102519989
YIL150C,YGL178W,0,-5.633726,0.1773909628391266,0.9070000052452087,0.4205999970436096
YPL095C,YLR275W,0,-5.633745,0.1773562729358673,0.9070000052452087,0.4207000136375427
YOL112W,YPR002W,0,-5.633874,0.17732159793376923,0.9070000052452087,0.42080000042915344
YNL080C,YFR008W,0,-5.63396,0.17728693783283234,0.9070000052452087,0.42089998722076416
YIL085C,YGR158C,0,-5.6339645,0.17725229263305664,0.9070000052452087,0.42100000381469727
YPL118W,YER125W,0,-5.634052,0.17721766233444214,0.9070000052452087,0.421099990606308
YCR047C,YOL067C,0,-5.6341553,0.17718304693698883,0.9070000052452087,0.4212000072002411
YJR074W,YHR027C,0,-5.634754,0.17714843153953552,0.9070000052452087,0.4212999939918518
YLR069C,YMR045C,0,-5.635343,0.1771138459444046,0.9070000052452087,0.4214000105857849
YGR217W,YNL099C,0,-5.6353545,0.17707926034927368,0.9070000052452087,0.42149999737739563
YER147C,YLR321C,1,-5.635949,0.17723989486694336,0.9079999923706055,0.42149999737739563
YPR190C,YML015C,0,-5.6361046,0.17720530927181244,0.9079999923706055,0.42160001397132874
YJL184W,YBR295W,0,-5.6372614,0.1771707385778427,0.9079999923706055,0.42170000076293945
YLR238W,YHR158C,0,-5.63758,0.17713616788387299,0.9079999923706055,0.42179998755455017
YOR014W,YGR275W,1,-5.637704,0.17729666829109192,0.9089999794960022,0.42179998755455017
YGR081C,YML115C,0,-5.6378403,0.1772620975971222,0.9089999794960022,0.4219000041484833
YJL041W,YGR101W,0,-5.6380095,0.17722752690315247,0.9089999794960022,0.421999990940094
YLR013W,YCR055C,0,-5.638214,0.17719298601150513,0.9089999794960022,0.4221000075340271
YOR241W,YDR135C,0,-5.638928,0.1771584451198578,0.9089999794960022,0.4221999943256378
YKL144C,YDR058C,0,-5.639009,0.17712393403053284,0.9089999794960022,0.4223000109195709
YOL077W-A,YMR112C,0,-5.639145,0.17708942294120789,0.9089999794960022,0.42239999771118164
YER014C-A,YPR100W,0,-5.6392164,0.17705492675304413,0.9089999794960022,0.42250001430511475
YDR072C,YLR139C,0,-5.640311,0.17702044546604156,0.9089999794960022,0.42260000109672546
YOL147C,YKR037C,0,-5.6407886,0.1769859790802002,0.9089999794960022,0.4226999878883362
YPL231W,YDL007W,0,-5.6408205,0.17695152759552002,0.9089999794960022,0.4228000044822693
YLL042C,YER026C,0,-5.641054,0.17691709101200104,0.9089999794960022,0.42289999127388
YOR002W,YEL051W,0,-5.6412506,0.17688266932964325,0.9089999794960022,0.4230000078678131
YPR046W,YKL193C,1,-5.641426,0.17704279720783234,0.9100000262260437,0.4230000078678131
YDL019C,YGL100W,0,-5.6414623,0.17700836062431335,0.9100000262260437,0.42309999465942383
YKL134C,YKR097W,0,-5.641797,0.17697393894195557,0.9100000262260437,0.42320001125335693
YPR165W,YFL049W,0,-5.6421666,0.17693953216075897,0.9100000262260437,0.42329999804496765
YOR321W,YMR305C,0,-5.642438,0.17690512537956238,0.9100000262260437,0.42340001463890076
YCL027W,YGL232W,0,-5.642459,0.17687074840068817,0.9100000262260437,0.4235000014305115
YNR007C,YKL204W,0,-5.642711,0.17683637142181396,0.9100000262260437,0.4235999882221222
YOR335C,YKR027W,0,-5.6428823,0.17680202424526215,0.9100000262260437,0.4237000048160553
YGR113W,YPL262W,0,-5.642928,0.17676767706871033,0.9100000262260437,0.423799991607666
YCR057C,YPR056W,0,-5.643354,0.1767333447933197,0.9100000262260437,0.4239000082015991
YDR490C,YGR129W,0,-5.6442823,0.17669902741909027,0.9100000262260437,0.42399999499320984
YDR392W,YIL031W,0,-5.6443844,0.17666472494602203,0.9100000262260437,0.42410001158714294
YHR160C,YMR089C,0,-5.644864,0.176630437374115,0.9100000262260437,0.42419999837875366
YIL065C,YDR460W,0,-5.6452017,0.17659616470336914,0.9100000262260437,0.4242999851703644
YER172C,YDR201W,0,-5.64524,0.1765618920326233,0.9100000262260437,0.4244000017642975
YOL111C,YDR435C,0,-5.645445,0.17652764916419983,0.9100000262260437,0.4244999885559082
YMR316W,YML105C,0,-5.645848,0.17649340629577637,0.9100000262260437,0.4246000051498413
YBR023C,YDR165W,0,-5.646063,0.1764591783285141,0.9100000262260437,0.424699991941452
YPL160W,YMR112C,0,-5.646322,0.17642496526241302,0.9100000262260437,0.42480000853538513
YPR132W,YDR369C,0,-5.64666,0.17639076709747314,0.9100000262260437,0.42489999532699585
YFR036W,YNL299W,1,-5.646674,0.17655038833618164,0.9110000133514404,0.42489999532699585
YCR020C-A,YBR289W,0,-5.646704,0.17651617527008057,0.9110000133514404,0.42500001192092896
YBR131W,YBR037C,0,-5.6471252,0.17648197710514069,0.9110000133514404,0.4250999987125397
YIL033C,YHR152W,0,-5.6473246,0.1764478087425232,0.9110000133514404,0.4251999855041504
YOR011W,YPR086W,0,-5.648347,0.1764136254787445,0.9110000133514404,0.4253000020980835
YOR330C,YDL092W,0,-5.6490097,0.1763794720172882,0.9110000133514404,0.4253999888896942
YBR068C,YOL072W,0,-5.6494436,0.1763453334569931,0.9110000133514404,0.4255000054836273
YIL033C,YDR240C,0,-5.6515427,0.1763112097978592,0.9110000133514404,0.42559999227523804
YDL003W,YOR014W,1,-5.6516867,0.1764705926179886,0.9120000004768372,0.42559999227523804
YGR156W,YPL129W,0,-5.6518574,0.17643645405769348,0.9120000004768372,0.42570000886917114
YLR145W,YBR079C,0,-5.6520243,0.17640231549739838,0.9120000004768372,0.42579999566078186
YML077W,YHR203C,0,-5.6520615,0.17636820673942566,0.9120000004768372,0.42590001225471497
YNL242W,YOR126C,0,-5.652429,0.17633411288261414,0.9120000004768372,0.4259999990463257
YDR038C,YPL231W,0,-5.652629,0.1763000190258026,0.9120000004768372,0.4260999858379364
YBR042C,YGR220C,0,-5.6528273,0.17626594007015228,0.9120000004768372,0.4262000024318695
YDL226C,YDR092W,0,-5.653253,0.17623189091682434,0.9120000004768372,0.4262999892234802
YNL219C,YPL156C,0,-5.6533165,0.1761978417634964,0.9120000004768372,0.42640000581741333
YKL101W,YDL235C,0,-5.6534586,0.17616380751132965,0.9120000004768372,0.42649999260902405
YMR033W,YPR144C,0,-5.654779,0.1761297732591629,0.9120000004768372,0.42660000920295715
YFL031W,YDL140C,0,-5.655037,0.17609576880931854,0.9120000004768372,0.42669999599456787
YKL189W,YLR285W,0,-5.655291,0.17606177926063538,0.9120000004768372,0.426800012588501
YGR252W,YPL234C,0,-5.655498,0.1760277897119522,0.9120000004768372,0.4268999993801117
YNL250W,YPL032C,0,-5.65557,0.17599382996559143,0.9120000004768372,0.4269999861717224
YPL181W,YNL111C,0,-5.6557083,0.17595987021923065,0.9120000004768372,0.4271000027656555
YLR117C,YDL227C,0,-5.656146,0.17592592537403107,0.9120000004768372,0.42719998955726624
YOL008W,YER125W,0,-5.6562366,0.17589199542999268,0.9120000004768372,0.42730000615119934
YIL124W,YDR017C,0,-5.6567717,0.17585808038711548,0.9120000004768372,0.42739999294281006
YKL144C,YDL150W,0,-5.6575565,0.17582418024539948,0.9120000004768372,0.42750000953674316
YCR028C,YDR167W,0,-5.6576996,0.17579028010368347,0.9120000004768372,0.4275999963283539
YOL123W,YMR183C,0,-5.658399,0.17575640976428986,0.9120000004768372,0.427700012922287
YJL006C,YLR044C,0,-5.658646,0.17572253942489624,0.9120000004768372,0.4277999997138977
YDL245C,YLR002C,0,-5.659256,0.175688698887825,0.9120000004768372,0.4278999865055084
YPL117C,YBR294W,0,-5.660168,0.17565485835075378,0.9120000004768372,0.42800000309944153
YGR123C,YIL139C,0,-5.660285,0.17562103271484375,0.9120000004768372,0.42809998989105225
YGL032C,YPR006C,0,-5.6604915,0.1755872219800949,0.9120000004768372,0.42820000648498535
YOR194C,YML029W,0,-5.6605916,0.17555341124534607,0.9120000004768372,0.42829999327659607
YJL165C,YBR240C,0,-5.661704,0.17551963031291962,0.9120000004768372,0.4284000098705292
YPL119C,YDR059C,0,-5.662277,0.17548586428165436,0.9120000004768372,0.4284999966621399
YLR205C,YMR036C,0,-5.6624827,0.1754520982503891,0.9120000004768372,0.428600013256073
YJR021C,YJR103W,0,-5.662795,0.17541834712028503,0.9120000004768372,0.4287000000476837
YPL255W,YLR163C,0,-5.6628046,0.17538461089134216,0.9120000004768372,0.42879998683929443
YPL271W,YPL151C,0,-5.6628323,0.17535088956356049,0.9120000004768372,0.42890000343322754
YNR058W,YPL270W,0,-5.6629167,0.17531718313694,0.9120000004768372,0.42899999022483826
YOL130W,YBR097W,0,-5.662917,0.1752834916114807,0.9120000004768372,0.42910000681877136
YFL050C,YML130C,0,-5.664139,0.17524981498718262,0.9120000004768372,0.4291999936103821
YDL029W,YNL103W,0,-5.664201,0.17521613836288452,0.9120000004768372,0.4293000102043152
YGR231C,YLL016W,0,-5.664766,0.17518247663974762,0.9120000004768372,0.4293999969959259
YER025W,YNR043W,0,-5.665051,0.1751488447189331,0.9120000004768372,0.429500013589859
YOR232W,YER104W,0,-5.665925,0.1751152127981186,0.9120000004768372,0.4296000003814697
YPR018W,YGL229C,0,-5.6669726,0.17508159577846527,0.9120000004768372,0.42969998717308044
YFL039C,YKL034W,0,-5.66745,0.17504797875881195,0.9120000004768372,0.42980000376701355
YDR323C,YDL150W,0,-5.669275,0.17501439154148102,0.9120000004768372,0.42989999055862427
YFL034C-B,YCL032W,0,-5.669558,0.17498081922531128,0.9120000004768372,0.4300000071525574
YOR023C,YMR089C,0,-5.6703324,0.17494724690914154,0.9120000004768372,0.4300999939441681
YOR031W,YLR010C,0,-5.6707144,0.174913689494133,0.9120000004768372,0.4302000105381012
YEL032W,YOR212W,0,-5.6708307,0.17488014698028564,0.9120000004768372,0.4302999973297119
YFL023W,YML107C,0,-5.6711226,0.1748466193675995,0.9120000004768372,0.430400013923645
YDR244W,YLR452C,0,-5.6717277,0.17481310665607452,0.9120000004768372,0.43050000071525574
YFL003C,YDR190C,0,-5.672699,0.17477960884571075,0.9120000004768372,0.43059998750686646
YDL197C,YOR046C,0,-5.672901,0.17474612593650818,0.9120000004768372,0.43070000410079956
YDL165W,YOR261C,0,-5.6738997,0.1747126430273056,0.9120000004768372,0.4307999908924103
YDR073W,YDR322C-A,0,-5.675581,0.17467917501926422,0.9120000004768372,0.4309000074863434
YJR143C,YLL017W,0,-5.675669,0.17464573681354523,0.9120000004768372,0.4309999942779541
YDL149W,YPL053C,0,-5.675866,0.17461229860782623,0.9120000004768372,0.4311000108718872
YBR161W,YOR147W,0,-5.6771154,0.17457886040210724,0.9120000004768372,0.4311999976634979
YGL222C,YOR328W,0,-5.677164,0.17454545199871063,0.9120000004768372,0.43130001425743103
YNL066W,YGR072W,0,-5.6774797,0.17451205849647522,0.9120000004768372,0.43140000104904175
YMR037C,YCR028C-A,0,-5.677571,0.1744786649942398,0.9120000004768372,0.43149998784065247
YOR231W,YIL073C,0,-5.677827,0.17444530129432678,0.9120000004768372,0.43160000443458557
YCL055W,YHR098C,0,-5.6780896,0.17441193759441376,0.9120000004768372,0.4316999912261963
YIL033C,YMR043W,0,-5.678536,0.17437858879566193,0.9120000004768372,0.4318000078201294
YDL097C,YDR086C,0,-5.678858,0.1743452548980713,0.9120000004768372,0.4318999946117401
YML130C,YBL080C,0,-5.6790457,0.17431192100048065,0.9120000004768372,0.4320000112056732
YNL220W,YER005W,0,-5.679085,0.1742786169052124,0.9120000004768372,0.43209999799728394
YIL121W,YNL287W,0,-5.67933,0.17424531280994415,0.9120000004768372,0.43220001459121704
YBR155W,YOR157C,0,-5.680013,0.1742120385169983,0.9120000004768372,0.43230000138282776
YJR092W,YIL105C,0,-5.680546,0.17417876422405243,0.9120000004768372,0.4323999881744385
YNL323W,YLR426W,0,-5.681111,0.17414550483226776,0.9120000004768372,0.4325000047683716
YJR060W,YKL193C,1,-5.681286,0.17430317401885986,0.9129999876022339,0.4325000047683716
YFL016C,YDL236W,0,-5.6813803,0.174269899725914,0.9129999876022339,0.4325999915599823
YLL022C,YHR163W,0,-5.6830444,0.17423664033412933,0.9129999876022339,0.4327000081539154
YBR010W,YGR046W,0,-5.6832333,0.17420339584350586,0.9129999876022339,0.4327999949455261
YOL143C,YMR283C,0,-5.683631,0.17417016625404358,0.9129999876022339,0.43290001153945923
YDR148C,YDR195W,0,-5.683901,0.1741369515657425,0.9129999876022339,0.43299999833106995
YIL037C,YLR452C,0,-5.684767,0.1741037368774414,0.9129999876022339,0.43309998512268066
YPL200W,YGR063C,1,-5.6849837,0.1742611974477768,0.9139999747276306,0.43309998512268066
YGL068W,YDR419W,0,-5.686182,0.1742279827594757,0.9139999747276306,0.43320000171661377
YDR309C,YNL281W,0,-5.6867805,0.17419478297233582,0.9139999747276306,0.4332999885082245
YDR245W,YIL138C,0,-5.6872125,0.17416158318519592,0.9139999747276306,0.4334000051021576
YGL142C,YNL016W,0,-5.6873794,0.17412839829921722,0.9139999747276306,0.4334999918937683
YDL108W,YBR171W,0,-5.688135,0.1740952432155609,0.9139999747276306,0.4336000084877014
YER035W,YOR388C,0,-5.688506,0.1740620881319046,0.9139999747276306,0.43369999527931213
YCR086W,YGR063C,1,-5.688532,0.17421934008598328,0.9150000214576721,0.43369999527931213
YOR319W,YMR236W,0,-5.688796,0.17418618500232697,0.9150000214576721,0.43380001187324524
YCR040W,YLR403W,0,-5.689718,0.17415302991867065,0.9150000214576721,0.43389999866485596
YDL064W,YMR050C,0,-5.6900296,0.17411988973617554,0.9150000214576721,0.4339999854564667
YBR059C,YJR125C,0,-5.690294,0.1740867644548416,0.9150000214576721,0.4341000020503998
YCR086W,YKL193C,1,-5.6906366,0.17424386739730835,0.9160000085830688,0.4341000020503998
YNR002C,YHR061C,0,-5.6909633,0.17421072721481323,0.9160000085830688,0.4341999888420105
YIL066C,YIL119C,0,-5.691066,0.1741776019334793,0.9160000085830688,0.4343000054359436
YMR133W,YNL154C,0,-5.691308,0.17414449155330658,0.9160000085830688,0.4343999922275543
YPL227C,YDL170W,0,-5.69184,0.17411138117313385,0.9160000085830688,0.4345000088214874
YBR059C,YLR081W,0,-5.6924176,0.1740783005952835,0.9160000085830688,0.43459999561309814
YMR138W,YOR213C,0,-5.692594,0.17404522001743317,0.9160000085830688,0.43470001220703125
YOR236W,YBR010W,0,-5.692901,0.17401215434074402,0.9160000085830688,0.43479999899864197
YDR298C,YKR034W,0,-5.693135,0.17397910356521606,0.9160000085830688,0.4348999857902527
YNL251C,YDL098C,0,-5.693541,0.1739460676908493,0.9160000085830688,0.4350000023841858
YKL212W,YMR210W,0,-5.693696,0.17391304671764374,0.9160000085830688,0.4350999891757965
YJL030W,YGL167C,0,-5.693758,0.17388002574443817,0.9160000085830688,0.4352000057697296
YGL030W,YPL094C,0,-5.693799,0.173847034573555,0.9160000085830688,0.43529999256134033
YML118W,YLR105C,0,-5.6945157,0.17381404340267181,0.9160000085830688,0.43540000915527344
YDR289C,YPL203W,0,-5.6945963,0.17378106713294983,0.9160000085830688,0.43549999594688416
YHR114W,YGL019W,0,-5.6946,0.17374810576438904,0.9160000085830688,0.43560001254081726
YPL069C,YPL048W,0,-5.695332,0.17371515929698944,0.9160000085830688,0.435699999332428
YJL187C,YJL069C,0,-5.695762,0.17368221282958984,0.9160000085830688,0.4357999861240387
YGL144C,YIL016W,0,-5.6960163,0.17364929616451263,0.9160000085830688,0.4359000027179718
YIL085C,YMR165C,0,-5.6961617,0.17361637949943542,0.9160000085830688,0.4359999895095825
YNL001W,YLR079W,0,-5.6964545,0.1735834777355194,0.9160000085830688,0.4361000061035156
YJL081C,YJL138C,0,-5.6965694,0.1735505908727646,0.9160000085830688,0.43619999289512634
YBR093C,YBR165W,0,-5.6968594,0.17351771891117096,0.9160000085830688,0.43630000948905945
YLR347C,YLR005W,0,-5.696989,0.17348484694957733,0.9160000085830688,0.43639999628067017
YPL163C,YOR295W,0,-5.6980495,0.1734520047903061,0.9160000085830688,0.43650001287460327
YNR038W,YBL004W,0,-5.698392,0.17341916263103485,0.9160000085830688,0.436599999666214
YPL110C,YOR362C,0,-5.698431,0.1733863353729248,0.9160000085830688,0.4366999864578247
YOR322C,YOR085W,0,-5.6993837,0.17335352301597595,0.9160000085830688,0.4368000030517578
YDR363W,YDL212W,0,-5.6994114,0.1733207255601883,0.9160000085830688,0.43689998984336853
YNL001W,YBR196C,0,-5.6998444,0.17328792810440063,0.9160000085830688,0.43700000643730164
YOL165C,YLR135W,0,-5.7003756,0.17325516045093536,0.9160000085830688,0.43709999322891235
YFL055W,YER172C,0,-5.700443,0.1732223927974701,0.9160000085830688,0.43720000982284546
YDL178W,YGR251W,0,-5.702072,0.17318964004516602,0.9160000085830688,0.4372999966144562
YOL051W,YKL212W,0,-5.7027597,0.17315690219402313,0.9160000085830688,0.4374000132083893
YNR058W,YIR004W,0,-5.7031164,0.17312417924404144,0.9160000085830688,0.4375
YGL216W,YML120C,0,-5.70365,0.17309145629405975,0.9160000085830688,0.4375999867916107
YIL121W,YGL048C,0,-5.704891,0.17305876314640045,0.9160000085830688,0.4377000033855438
YGR029W,YKL058W,0,-5.705158,0.17302606999874115,0.9160000085830688,0.43779999017715454
YPR122W,YGR227W,0,-5.7053843,0.17299339175224304,0.9160000085830688,0.43790000677108765
YOL135C,YOL061W,0,-5.7057385,0.17296072840690613,0.9160000085830688,0.43799999356269836
YDL106C,YDR486C,0,-5.70591,0.1729280650615692,0.9160000085830688,0.43810001015663147
YAL020C,YOL012C,0,-5.707039,0.1728954315185547,0.9160000085830688,0.4381999969482422
YGL005C,YML006C,0,-5.7072554,0.17286279797554016,0.9160000085830688,0.4383000135421753
YER056C,YFL034C-B,0,-5.708742,0.17283019423484802,0.9160000085830688,0.438400000333786
YHR077C,YOL117W,0,-5.7097588,0.17279759049415588,0.9160000085830688,0.43849998712539673
YPL135W,YOR157C,0,-5.7100773,0.17276500165462494,0.9160000085830688,0.43860000371932983
YIL049W,YMR236W,0,-5.7102013,0.172732412815094,0.9160000085830688,0.43869999051094055
YDR331W,YOL121C,0,-5.7110314,0.17269985377788544,0.9160000085830688,0.43880000710487366
YOR322C,YIL070C,0,-5.7117825,0.17266729474067688,0.9160000085830688,0.4388999938964844
YPL061W,YDR208W,0,-5.711808,0.17263475060462952,0.9160000085830688,0.4390000104904175
YPR167C,YOR212W,0,-5.7118444,0.17260222136974335,0.9160000085830688,0.4390999972820282
YLR370C,YGR257C,0,-5.7118936,0.17256970703601837,0.9160000085830688,0.4392000138759613
YHL047C,YGL066W,0,-5.7121243,0.1725372076034546,0.9160000085830688,0.439300000667572
YOR322C,YIL056W,0,-5.7127647,0.1725047081708908,0.9160000085830688,0.43939998745918274
YPR049C,YNL074C,0,-5.71297,0.17247222363948822,0.9160000085830688,0.43950000405311584
YGR033C,YMR050C,0,-5.713652,0.17243975400924683,0.9160000085830688,0.43959999084472656
YNL142W,YGR009C,0,-5.71397,0.17240729928016663,0.9160000085830688,0.43970000743865967
YPL204W,YGR063C,1,-5.71399,0.17256304621696472,0.9169999957084656,0.43970000743865967
YLR353W,YDR507C,0,-5.7140026,0.17253057658672333,0.9169999957084656,0.4397999942302704
YGL021W,YKL145W,0,-5.7145715,0.17249812185764313,0.9169999957084656,0.4399000108242035
YIL114C,YDR120C,0,-5.714577,0.17246568202972412,0.9169999957084656,0.4399999976158142
YPL119C,YNL119W,0,-5.7147436,0.17243324220180511,0.9169999957084656,0.4401000142097473
YOR201C,YLR224W,0,-5.7153177,0.1724008321762085,0.9169999957084656,0.44020000100135803
YJL203W,YPL089C,0,-5.715652,0.17236842215061188,0.9169999957084656,0.44029998779296875
YIL062C,YMR021C,0,-5.7159033,0.17233602702617645,0.9169999957084656,0.44040000438690186
YKR066C,YAL026C,0,-5.716938,0.17230364680290222,0.9169999957084656,0.4404999911785126
YER159C,YMR058W,0,-5.7172604,0.17227128148078918,0.9169999957084656,0.4406000077724457
YPL089C,YFR005C,0,-5.7176094,0.17223891615867615,0.9169999957084656,0.4406999945640564
YHL020C,YML010W,0,-5.7177796,0.1722065657377243,0.9169999957084656,0.4408000111579895
YPL171C,YIL122W,0,-5.7184453,0.17217424511909485,0.9169999957084656,0.4408999979496002
YHR187W,YLR008C,0,-5.718687,0.1721419245004654,0.9169999957084656,0.4410000145435333
YOR046C,YDL030W,0,-5.7199187,0.17210960388183594,0.9169999957084656,0.44110000133514404
YDL160C,YLR033W,0,-5.7199316,0.17207731306552887,0.9169999957084656,0.44119998812675476
YKR034W,YGL216W,0,-5.7201905,0.1720450222492218,0.9169999957084656,0.44130000472068787
YDL192W,YLR105C,0,-5.720434,0.17201276123523712,0.9169999957084656,0.4413999915122986
YBL063W,YBR196C,0,-5.7207527,0.17198050022125244,0.9169999957084656,0.4415000081062317
YHR086W,YML019W,0,-5.7207775,0.17194825410842896,0.9169999957084656,0.4415999948978424
YPL200W,YML124C,1,-5.7209167,0.17210349440574646,0.9179999828338623,0.4415999948978424
YNL323W,YDR322C-A,0,-5.721445,0.17207123339176178,0.9179999828338623,0.4417000114917755
YKR052C,YOL143C,0,-5.7216477,0.1720389872789383,0.9179999828338623,0.44179999828338623
YNL223W,YOR079C,0,-5.7216806,0.1720067411661148,0.9179999828338623,0.44190001487731934
YHR170W,YBL005W-B,0,-5.722054,0.1719745248556137,0.9179999828338623,0.44200000166893005
YMR316W,YJR045C,0,-5.722682,0.1719423085451126,0.9179999828338623,0.44209998846054077
YLR448W,YOR159C,0,-5.7228227,0.1719101071357727,0.9179999828338623,0.4422000050544739
YNL029C,YOR209C,0,-5.723068,0.171877920627594,0.9179999828338623,0.4422999918460846
YOR098C,YDL042C,0,-5.723303,0.17184574902057648,0.9179999828338623,0.4424000084400177
YDR515W,YJR141W,0,-5.723349,0.17181359231472015,0.9179999828338623,0.4424999952316284
YAR018C,YJL080C,1,-5.723565,0.17196856439113617,0.9190000295639038,0.4424999952316284
YKR038C,YPR134W,0,-5.724387,0.17193639278411865,0.9190000295639038,0.4426000118255615
YER125W,YKL140W,0,-5.724401,0.17190422117710114,0.9190000295639038,0.44269999861717224
YOR367W,YLR020C,0,-5.7244635,0.171872079372406,0.9190000295639038,0.44279998540878296
YOR249C,YPL204W,1,-5.7254257,0.17202693223953247,0.9200000166893005,0.44279998540878296
YNR074C,YOR193W,0,-5.7259607,0.17199476063251495,0.9200000166893005,0.44290000200271606
YPL129W,YPL276W,0,-5.7261524,0.17196261882781982,0.9200000166893005,0.4429999887943268
YGR033C,YBR012W-B,0,-5.726364,0.1719304770231247,0.9200000166893005,0.4431000053882599
YBR008C,YOR259C,0,-5.726397,0.17189835011959076,0.9200000166893005,0.4431999921798706
YNL293W,YJR127C,0,-5.7264614,0.17186623811721802,0.9200000166893005,0.4433000087738037
YGR158C,YPR009W,0,-5.7275243,0.17183414101600647,0.9200000166893005,0.44339999556541443
YPR198W,YIL123W,0,-5.727562,0.17180205881595612,0.9200000166893005,0.44350001215934753
YPL007C,YNL241C,0,-5.728117,0.17176997661590576,0.9200000166893005,0.44359999895095825
YNR043W,YJL059W,0,-5.7281833,0.1717379093170166,0.9200000166893005,0.44369998574256897
YFR041C,YIL077C,0,-5.728803,0.17170585691928864,0.9200000166893005,0.4438000023365021
YHR191C,YOL006C,1,-5.7293997,0.17186042666435242,0.9210000038146973,0.4438000023365021
YER035W,YAL015C,0,-5.729887,0.17182835936546326,0.9210000038146973,0.4438999891281128
YDR141C,YHR056C,0,-5.73002,0.1717963069677353,0.9210000038146973,0.4440000057220459
YNL139C,YDL084W,0,-5.7302017,0.17176426947116852,0.9210000038146973,0.4440999925136566
YDR022C,YPR183W,0,-5.730806,0.17173223197460175,0.9210000038146973,0.4442000091075897
YER133W,YIL126W,1,-5.731029,0.1718866527080536,0.921999990940094,0.4442000091075897
YPR100W,YLR141W,0,-5.7313285,0.17185461521148682,0.921999990940094,0.44429999589920044
YER146W,YDL087C,0,-5.7315874,0.17182259261608124,0.921999990940094,0.44440001249313354
YGR029W,YMR008C,0,-5.732765,0.17179057002067566,0.921999990940094,0.44449999928474426
YNL161W,YGR213C,0,-5.7328186,0.17175856232643127,0.921999990940094,0.444599986076355
YCL066W,YPL274W,0,-5.7337203,0.17172658443450928,0.921999990940094,0.4447000026702881
YDR507C,YBR182C,0,-5.733818,0.17169460654258728,0.921999990940094,0.4447999894618988
YNL061W,YDR303C,0,-5.7339935,0.17166262865066528,0.921999990940094,0.4449000060558319
YDL232W,YJR143C,0,-5.7340217,0.17163068056106567,0.921999990940094,0.4449999928474426
YLR233C,YLR337W,0,-5.734125,0.17159873247146606,0.921999990940094,0.44510000944137573
YOR079C,YMR319C,0,-5.734365,0.17156679928302765,0.921999990940094,0.44519999623298645
YER183C,YDR517W,0,-5.7344813,0.17153488099575043,0.921999990940094,0.44530001282691956
YOL016C,YKL073W,0,-5.734497,0.1715029776096344,0.921999990940094,0.4453999996185303
YDR298C,YOR217W,0,-5.73457,0.17147107422351837,0.921999990940094,0.445499986410141
YPL095C,YHR102W,0,-5.735864,0.17143920063972473,0.921999990940094,0.4456000030040741
YJR119C,YGL169W,0,-5.736324,0.1714073270559311,0.921999990940094,0.4456999897956848
YOL164W,YPR005C,0,-5.7366414,0.17137546837329865,0.921999990940094,0.4458000063896179
YJL100W,YJL093C,0,-5.7376537,0.1713436096906662,0.921999990940094,0.44589999318122864
YER089C,YKR060W,0,-5.7379036,0.17131178081035614,0.921999990940094,0.44600000977516174
YAL031C,YJR068W,1,-5.7380843,0.17146572470664978,0.9229999780654907,0.44600000977516174
YBR041W,YJR021C,0,-5.7383356,0.17143388092517853,0.9229999780654907,0.44609999656677246
YDL099W,YOR049C,0,-5.738713,0.17140203714370728,0.9229999780654907,0.44620001316070557
YIL153W,YHR012W,0,-5.739073,0.1713702231645584,0.9229999780654907,0.4462999999523163
YHR013C,YDL095W,0,-5.739231,0.17133840918540955,0.9229999780654907,0.446399986743927
YKL028W,YDR457W,0,-5.739667,0.17130661010742188,0.9229999780654907,0.4465000033378601
YPL051W,YDR213W,0,-5.740012,0.1712748259305954,0.9229999780654907,0.4465999901294708
YGR033C,YML097C,0,-5.740532,0.17124304175376892,0.9229999780654907,0.44670000672340393
YDR298C,YDR279W,0,-5.7408056,0.17121127247810364,0.9229999780654907,0.44679999351501465
YDR140W,YGR183C,0,-5.741063,0.17117951810359955,0.9229999780654907,0.44690001010894775
YMR199W,YDR378C,0,-5.7410703,0.17114777863025665,0.9229999780654907,0.44699999690055847
YCR028C,YOL110W,0,-5.7413754,0.17111605405807495,0.9229999780654907,0.4471000134944916
YJL076W,YGL062W,0,-5.7417884,0.17108434438705444,0.9229999780654907,0.4472000002861023
YJL209W,YNL139C,0,-5.742955,0.17105263471603394,0.9229999780654907,0.447299987077713
YDR163W,YEL042W,0,-5.7431817,0.17102093994617462,0.9229999780654907,0.4474000036716461
YFL039C,YDR244W,0,-5.743451,0.1709892600774765,0.9229999780654907,0.44749999046325684
YBR042C,YHR169W,0,-5.7435417,0.17095758020877838,0.9229999780654907,0.44760000705718994
YCR002C,YPL154C,0,-5.74373,0.17092593014240265,0.9229999780654907,0.44769999384880066
YBR043C,YDR394W,0,-5.743931,0.17089428007602692,0.9229999780654907,0.44780001044273376
YGL190C,YAL035W,0,-5.744585,0.17086264491081238,0.9229999780654907,0.4478999972343445
YPL132W,YGR020C,0,-5.7449746,0.17083102464675903,0.9229999780654907,0.4480000138282776
YER143W,YDR150W,0,-5.7452793,0.1707994043827057,0.9229999780654907,0.4481000006198883
YNL281W,YJL173C,0,-5.745349,0.17076781392097473,0.9229999780654907,0.448199987411499
YKL146W,YJR042W,0,-5.745666,0.17073622345924377,0.9229999780654907,0.44830000400543213
YPL012W,YPR078C,0,-5.745677,0.170704647898674,0.9229999780654907,0.44839999079704285
YLL060C,YGL006W,0,-5.7459245,0.17067307233810425,0.9229999780654907,0.44850000739097595
YNL326C,YOR380W,0,-5.746002,0.17064152657985687,0.9229999780654907,0.44859999418258667
YPL254W,YOL117W,0,-5.746725,0.1706099808216095,0.9229999780654907,0.4487000107765198
YLR011W,YIL042C,0,-5.7473607,0.17057844996452332,0.9229999780654907,0.4487999975681305
YOR122C,YNL139C,0,-5.7475786,0.17054693400859833,0.9229999780654907,0.4489000141620636
YKL007W,YGR169C,0,-5.7475877,0.17051543295383453,0.9229999780654907,0.4490000009536743
YPR183W,YJR147W,0,-5.7480803,0.17048393189907074,0.9229999780654907,0.44909998774528503
YKR046C,YDR436W,0,-5.748881,0.17045244574546814,0.9229999780654907,0.44920000433921814
YER009W,YMR050C,0,-5.7491584,0.17042097449302673,0.9229999780654907,0.44929999113082886
YML006C,YOL133W,0,-5.74929,0.17038951814174652,0.9229999780654907,0.44940000772476196
YLR189C,YLR201C,0,-5.74971,0.1703580617904663,0.9229999780654907,0.4494999945163727
YIR019C,YNR046W,0,-5.750014,0.17032663524150848,0.9229999780654907,0.4496000111103058
YBL098W,YGL033W,0,-5.7501945,0.17029520869255066,0.9229999780654907,0.4496999979019165
YHR129C,YBR039W,0,-5.7503605,0.17026378214359283,0.9229999780654907,0.4498000144958496
YAL025C,YBL005W-B,0,-5.750642,0.1702323853969574,0.9229999780654907,0.4499000012874603
YMR081C,YML097C,0,-5.7512703,0.17020098865032196,0.9229999780654907,0.44999998807907104
YLR220W,YHR077C,0,-5.752883,0.1701696217060089,0.9229999780654907,0.45010000467300415
YIL018W,YFL002W-A,0,-5.753428,0.17013825476169586,0.9229999780654907,0.45019999146461487
YPL155C,YDL085W,0,-5.75428,0.1701068878173828,0.9229999780654907,0.450300008058548
YKL013C,YGR003W,0,-5.7550197,0.17007555067539215,0.9229999780654907,0.4503999948501587
YJR119C,YIR022W,0,-5.7557335,0.1700442135334015,0.9229999780654907,0.4505000114440918
YPL119C,YDL226C,0,-5.755859,0.17001289129257202,0.9229999780654907,0.4505999982357025
YML130C,YGL213C,0,-5.7564397,0.16998158395290375,0.9229999780654907,0.4507000148296356
YPR183W,YCR020W-B,0,-5.757487,0.16995029151439667,0.9229999780654907,0.45080000162124634
YML115C,YDR341C,0,-5.757826,0.1699189990758896,0.9229999780654907,0.45089998841285706
YLR139C,YPR182W,0,-5.75786,0.1698877215385437,0.9229999780654907,0.45100000500679016
YOR275C,YPL193W,0,-5.757991,0.169856458902359,0.9229999780654907,0.4510999917984009
YDR183W,YHR139C,0,-5.7582693,0.1698252111673355,0.9229999780654907,0.451200008392334
YLR110C,YJL036W,0,-5.7583113,0.169793963432312,0.9229999780654907,0.4512999951839447
YHR171W,YML114C,0,-5.758672,0.1697627305984497,0.9229999780654907,0.4514000117778778
YDR397C,YHR039C-B,0,-5.758927,0.1697315126657486,0.9229999780654907,0.4514999985694885
YOR236W,YLR430W,0,-5.759488,0.16970030963420868,0.9229999780654907,0.45159998536109924
YGR077C,YIL122W,0,-5.7612524,0.16966912150382996,0.9229999780654907,0.45170000195503235
YML042W,YDR195W,0,-5.761271,0.16963793337345123,0.9229999780654907,0.45179998874664307
YEL015W,YKL028W,0,-5.7612753,0.1696067601442337,0.9229999780654907,0.45190000534057617
YBL069W,YOR236W,0,-5.762121,0.16957560181617737,0.9229999780654907,0.4519999921321869
YDR224C,YMR139W,0,-5.762208,0.16954445838928223,0.9229999780654907,0.45210000872612
YBR092C,YDR080W,0,-5.762904,0.16951331496238708,0.9229999780654907,0.4521999955177307
YLR370C,YDR404C,0,-5.7631593,0.16948218643665314,0.9229999780654907,0.4523000121116638
YKL059C,YJR127C,0,-5.763483,0.16945107281208038,0.9229999780654907,0.45239999890327454
YLR394W,YPR017C,0,-5.7641425,0.16941997408866882,0.9229999780654907,0.45249998569488525
YLR095C,YOL044W,0,-5.7642713,0.16938887536525726,0.9229999780654907,0.45260000228881836
YJL157C,YDL227C,0,-5.764445,0.1693577915430069,0.9229999780654907,0.4526999890804291
YML078W,YDR414C,0,-5.764827,0.16932672262191772,0.9229999780654907,0.4528000056743622
YJL117W,YBR030W,0,-5.7649627,0.16929566860198975,0.9229999780654907,0.4528999924659729
YOR005C,YPL248C,0,-5.764985,0.16926462948322296,0.9229999780654907,0.453000009059906
YOL064C,YOL072W,0,-5.765214,0.16923359036445618,0.9229999780654907,0.4530999958515167
YLR102C,YPL200W,1,-5.7654657,0.1693858802318573,0.9240000247955322,0.4530999958515167
YLR347C,YLR007W,0,-5.766075,0.16935484111309052,0.9240000247955322,0.45320001244544983
YBL069W,YHR148W,0,-5.7661524,0.16932380199432373,0.9240000247955322,0.45329999923706055
YLL002W,YCR073C,0,-5.7669907,0.16929277777671814,0.9240000247955322,0.45339998602867126
YHR072W,YIL153W,0,-5.767187,0.16926176846027374,0.9240000247955322,0.45350000262260437
YAL022C,YPR198W,0,-5.767289,0.16923077404499054,0.9240000247955322,0.4535999894142151
YDR337W,YGL093W,0,-5.7676992,0.16919977962970734,0.9240000247955322,0.4537000060081482
YPL200W,YLR357W,1,-5.768236,0.16935189068317413,0.925000011920929,0.4537000060081482
YOL055C,YML038C,0,-5.768634,0.16932088136672974,0.925000011920929,0.4537999927997589
YCR037C,YML014W,0,-5.7696524,0.16928990185260773,0.925000011920929,0.453900009393692
YDR252W,YNR059W,0,-5.7698755,0.16925892233848572,0.925000011920929,0.45399999618530273
YML116W,YJL035C,0,-5.770336,0.1692279577255249,0.925000011920929,0.45410001277923584
YJR076C,YPL188W,0,-5.7709055,0.1691969931125641,0.925000011920929,0.45419999957084656
YPL255W,YPL041C,0,-5.771231,0.16916605830192566,0.925000011920929,0.4542999863624573
YNL291C,YCL074W,0,-5.7712626,0.16913512349128723,0.925000011920929,0.4544000029563904
YNL048W,YOL113W,0,-5.77142,0.16910420358181,0.925000011920929,0.4544999897480011
YML013W,YDR260C,0,-5.7719183,0.16907329857349396,0.925000011920929,0.4546000063419342
YGL065C,YEL009C,0,-5.7720118,0.16904239356517792,0.925000011920929,0.4546999931335449
YAL023C,YHR119W,0,-5.772877,0.16901151835918427,0.925000011920929,0.454800009727478
YNL192W,YPR113W,0,-5.7733045,0.1689806431531906,0.925000011920929,0.45489999651908875
YBR043C,YGL229C,0,-5.773425,0.16894976794719696,0.925000011920929,0.45500001311302185
YNL218W,YIL052C,0,-5.773467,0.1689189225435257,0.925000011920929,0.45509999990463257
YDR040C,YBR280C,0,-5.7736735,0.16888807713985443,0.925000011920929,0.4551999866962433
YDR165W,YMR045C,0,-5.773748,0.16885724663734436,0.925000011920929,0.4553000032901764
YJL106W,YHR157W,0,-5.7741585,0.16882643103599548,0.925000011920929,0.4553999900817871
YDR456W,YJR044C,0,-5.774376,0.1687956154346466,0.925000011920929,0.4555000066757202
YOR028C,YOR117W,0,-5.7745857,0.16876482963562012,0.925000011920929,0.45559999346733093
YML086C,YKR046C,0,-5.7756815,0.16873404383659363,0.925000011920929,0.45570001006126404
YDR264C,YOL068C,0,-5.775916,0.16870325803756714,0.925000011920929,0.45579999685287476
YBR070C,YLL017W,0,-5.775997,0.16867250204086304,0.925000011920929,0.45590001344680786
YBR297W,YOR057W,0,-5.776389,0.16864174604415894,0.925000011920929,0.4560000002384186
YDR301W,YKR046C,0,-5.7765083,0.16861100494861603,0.925000011920929,0.4560999870300293
YJL184W,YOR188W,0,-5.776537,0.16858027875423431,0.925000011920929,0.4562000036239624
YOL123W,YBL005W-B,0,-5.7771454,0.1685495674610138,0.925000011920929,0.4562999904155731
YNR059W,YJL140W,0,-5.7772417,0.16851885616779327,0.925000011920929,0.4564000070095062
YKR087C,YGR245C,0,-5.7780743,0.16848815977573395,0.925000011920929,0.45649999380111694
YBR210W,YMR008C,0,-5.7784767,0.16845747828483582,0.925000011920929,0.45660001039505005
YDR424C,YDR489W,0,-5.778633,0.16842679679393768,0.925000011920929,0.45669999718666077
YLR109W,YMR219W,0,-5.7788234,0.16839614510536194,0.925000011920929,0.45680001378059387
YPL163C,YIL129C,0,-5.779435,0.1683654934167862,0.925000011920929,0.4569000005722046
YJL101C,YLR260W,0,-5.77967,0.16833485662937164,0.925000011920929,0.4569999873638153
YER088C,YML045W,0,-5.780079,0.1683042198419571,0.925000011920929,0.4571000039577484
YLR207W,YIL125W,0,-5.780406,0.16827359795570374,0.925000011920929,0.45719999074935913
YGL191W,YOR188W,0,-5.780733,0.16824299097061157,0.925000011920929,0.45730000734329224
YGL238W,YML046W,0,-5.7815275,0.1682123988866806,0.925000011920929,0.45739999413490295
YGL178W,YOL020W,0,-5.7819395,0.16818182170391083,0.925000011920929,0.45750001072883606
YPL028W,YPL221W,0,-5.781945,0.16815124452114105,0.925000011920929,0.4575999975204468
YOR046C,YOL135C,0,-5.782032,0.16812068223953247,0.925000011920929,0.4577000141143799
YGL054C,YLR378C,0,-5.7821226,0.16809013485908508,0.925000011920929,0.4578000009059906
YMR038C,YDL059C,0,-5.782886,0.1680595874786377,0.925000011920929,0.4578999876976013
YER026C,YKL002W,0,-5.7831216,0.1680290699005127,0.925000011920929,0.4580000042915344
YPR111W,YFL021W,0,-5.783395,0.1679985523223877,0.925000011920929,0.45809999108314514
YBL022C,YPL094C,0,-5.783429,0.1679680347442627,0.925000011920929,0.45820000767707825
YFL011W-A,YLR097C,0,-5.7835402,0.16793754696846008,0.925000011920929,0.45829999446868896
YBR059C,YGL233W,0,-5.783791,0.16790705919265747,0.925000011920929,0.45840001106262207
YER109C,YNL156C,0,-5.7841673,0.16787658631801605,0.925000011920929,0.4584999978542328
YBR107C,YKL193C,1,-5.784211,0.1680275797843933,0.9259999990463257,0.4584999978542328
YOL164W,YBR195C,0,-5.7842855,0.1679970920085907,0.9259999990463257,0.4586000144481659
YNL036W,YGR059W,0,-5.7846336,0.16796661913394928,0.9259999990463257,0.4587000012397766
YBL026W,YDR488C,0,-5.7854457,0.16793616116046906,0.9259999990463257,0.45879998803138733
YOR168W,YNL016W,0,-5.7854586,0.16790571808815002,0.9259999990463257,0.45890000462532043
YML129C,YLR200W,0,-5.786513,0.167875275015831,0.9259999990463257,0.45899999141693115
YBR109C,YGL195W,0,-5.787247,0.16784484684467316,0.9259999990463257,0.45910000801086426
YJR155W,YDR166C,0,-5.7877464,0.16781441867351532,0.9259999990463257,0.459199994802475
YNL102W,YGR059W,0,-5.7883377,0.16778402030467987,0.9259999990463257,0.4593000113964081
YER003C,YHL034C,0,-5.7892537,0.16775362193584442,0.9259999990463257,0.4593999981880188
YPL059W,YPR042C,0,-5.7897043,0.16772323846817017,0.9259999990463257,0.4595000147819519
YFL039C,YNL177C,0,-5.790539,0.1676928699016571,0.9259999990463257,0.4596000015735626
YLR384C,YKR089C,0,-5.7907124,0.16766250133514404,0.9259999990463257,0.45969998836517334
YLR102C,YOL006C,1,-5.79288,0.16781318187713623,0.9269999861717224,0.45969998836517334
YJR025C,YPR167C,0,-5.7929106,0.16778279840946198,0.9269999861717224,0.45980000495910645
YNR056C,YLR126C,0,-5.792945,0.1677524447441101,0.9269999861717224,0.45989999175071716
YJL090C,YKR065C,0,-5.7931447,0.16772209107875824,0.9269999861717224,0.46000000834465027
YDR375C,YHR181W,0,-5.7932515,0.16769175231456757,0.9269999861717224,0.460099995136261
YOL020W,YOL072W,0,-5.7935114,0.16766142845153809,0.9269999861717224,0.4602000117301941
YKR076W,YJR022W,0,-5.793866,0.1676311045885086,0.9269999861717224,0.4602999985218048
YMR175W,YLR354C,0,-5.794569,0.16760079562664032,0.9269999861717224,0.4603999853134155
YOR188W,YBR223C,0,-5.7949157,0.16757050156593323,0.9269999861717224,0.46050000190734863
YCR028C,YPR113W,0,-5.795913,0.16754020750522614,0.9269999861717224,0.46059998869895935
YIL033C,YGL144C,0,-5.796281,0.16750994324684143,0.9269999861717224,0.46070000529289246
YPL192C,YOL129W,0,-5.796958,0.16747967898845673,0.9269999861717224,0.4607999920845032
YDR062W,YJR002W,0,-5.7969847,0.16744941473007202,0.9269999861717224,0.4609000086784363
YKL110C,YBL105C,0,-5.7970653,0.1674191802740097,0.9269999861717224,0.460999995470047
YOR388C,YJL124C,0,-5.797815,0.1673889458179474,0.9269999861717224,0.4611000120639801
YOR349W,YJL124C,0,-5.797943,0.16735872626304626,0.9269999861717224,0.4611999988555908
YIL002C,YML058W,0,-5.797958,0.16732852160930634,0.9269999861717224,0.46129998564720154
YOR147W,YJL087C,0,-5.7982244,0.1672983169555664,0.9269999861717224,0.46140000224113464
YKL085W,YLR298C,0,-5.798377,0.16726812720298767,0.9269999861717224,0.46149998903274536
YHR102W,YOR150W,0,-5.7984014,0.16723795235157013,0.9269999861717224,0.46160000562667847
YBR057C,YDR073W,0,-5.7987604,0.16720779240131378,0.9269999861717224,0.4616999924182892
YGL135W,YNR048W,0,-5.799076,0.16717763245105743,0.9269999861717224,0.4618000090122223
YOL113W,YCR060W,0,-5.799242,0.16714748740196228,0.9269999861717224,0.461899995803833
YLR088W,YOL068C,0,-5.8002105,0.16711735725402832,0.9269999861717224,0.4620000123977661
YLR238W,YNL332W,0,-5.800226,0.16708724200725555,0.9269999861717224,0.46209999918937683
YOR213C,YDR341C,0,-5.8005495,0.1670571267604828,0.9269999861717224,0.46219998598098755
YNL334C,YIL022W,0,-5.8007884,0.16702702641487122,0.9269999861717224,0.46230000257492065
YGR089W,YGR179C,1,-5.801138,0.16717708110809326,0.9279999732971191,0.46230000257492065
YCR094W,YMR022W,0,-5.801922,0.1671469807624817,0.9279999732971191,0.46239998936653137
YML086C,YBR233W-A,0,-5.802096,0.16711688041687012,0.9279999732971191,0.4625000059604645
YGL071W,YDR328C,0,-5.8030624,0.16708678007125854,0.9279999732971191,0.4625999927520752
YGL155W,YDR314C,0,-5.8036356,0.16705670952796936,0.9279999732971191,0.4627000093460083
YML129C,YKL032C,0,-5.8037057,0.16702663898468018,0.9279999732971191,0.462799996137619
YPR199C,YBL004W,0,-5.803915,0.16699658334255219,0.9279999732971191,0.4629000127315521
YKL206C,YDL085W,0,-5.8040752,0.1669665277004242,0.9279999732971191,0.46299999952316284
YLR238W,YCR058C,0,-5.804755,0.1669365018606186,0.9279999732971191,0.46309998631477356
YDR487C,YNL138W,0,-5.8052707,0.166906476020813,0.9279999732971191,0.46320000290870667
YHR023W,YIL167W,0,-5.805422,0.16687646508216858,0.9279999732971191,0.4632999897003174
YLR448W,YNL079C,0,-5.8055396,0.16684645414352417,0.9279999732971191,0.4634000062942505
YMR026C,YKR008W,0,-5.806088,0.16681647300720215,0.9279999732971191,0.4634999930858612
YDR298C,YCL019W,0,-5.806492,0.16678649187088013,0.9279999732971191,0.4636000096797943
YER072W,YDL224C,0,-5.8072634,0.1667565107345581,0.9279999732971191,0.46369999647140503
YDR432W,YBR080C,0,-5.8073583,0.16672655940055847,0.9279999732971191,0.46380001306533813
YMR213W,YBL050W,0,-5.807905,0.16669660806655884,0.9279999732971191,0.46389999985694885
YOR274W,YLR409C,0,-5.8082547,0.1666666716337204,0.9279999732971191,0.46399998664855957
YLR102C,YGR089W,1,-5.8084564,0.16681630909442902,0.9290000200271606,0.46399998664855957
YER174C,YOL144W,0,-5.8085527,0.16678635776042938,0.9290000200271606,0.4641000032424927
YDL226C,YOR221C,0,-5.8093567,0.16675642132759094,0.9290000200271606,0.4641999900341034
YDR404C,YBR030W,0,-5.8094664,0.1667264848947525,0.9290000200271606,0.4643000066280365
YDR434W,YOR209C,0,-5.8096237,0.16669657826423645,0.9290000200271606,0.4643999934196472
YJL173C,YLR020C,0,-5.809817,0.1666666716337204,0.9290000200271606,0.4645000100135803
YPR199C,YHR205W,0,-5.8100147,0.16663676500320435,0.9290000200271606,0.46459999680519104
YOL123W,YML095C,0,-5.8100505,0.16660688817501068,0.9290000200271606,0.46470001339912415
YDR434W,YKL001C,0,-5.810952,0.16657701134681702,0.9290000200271606,0.46480000019073486
YDR182W,YGR119C,0,-5.812018,0.16654714941978455,0.9290000200271606,0.4648999869823456
YPL256C,YDR369C,0,-5.812153,0.16651730239391327,0.9290000200271606,0.4650000035762787
YNL330C,YNR046W,0,-5.812201,0.166487455368042,0.9290000200271606,0.4650999903678894
YKL146W,YGR251W,0,-5.812408,0.1664576232433319,0.9290000200271606,0.4652000069618225
YDR398W,YMR087W,0,-5.81254,0.16642780601978302,0.9290000200271606,0.4652999937534332
YPL101W,YML104C,0,-5.81258,0.16639798879623413,0.9290000200271606,0.46540001034736633
YER119C,YLR277C,0,-5.8126135,0.16636820137500763,0.9290000200271606,0.46549999713897705
YBR272C,YGR183C,0,-5.812826,0.16633839905261993,0.9290000200271606,0.46560001373291016
YOR116C,YDR170C,0,-5.812889,0.16630862653255463,0.9290000200271606,0.4657000005245209
YER133W,YJL019W,1,-5.813436,0.16645784676074982,0.9300000071525574,0.4657000005245209
YHR042W,YNL044W,0,-5.81407,0.16642805933952332,0.9300000071525574,0.4657999873161316
YNR054C,YHR073W,0,-5.8145022,0.166398286819458,0.9300000071525574,0.4659000039100647
YMR165C,YOR057W,0,-5.8148394,0.1663685142993927,0.9300000071525574,0.4659999907016754
YDR515W,YKL080W,0,-5.8152804,0.1663387566804886,0.9300000071525574,0.4661000072956085
YNL008C,YNL079C,0,-5.8155637,0.16630901396274567,0.9300000071525574,0.46619999408721924
YPL242C,YGL169W,0,-5.8157883,0.16627927124500275,0.9300000071525574,0.46630001068115234
YMR068W,YBL018C,0,-5.815853,0.16624955832958221,0.9300000071525574,0.46639999747276306
YJL157C,YNR011C,0,-5.816167,0.16621984541416168,0.9300000071525574,0.46650001406669617
YBL102W,YHR135C,0,-5.8167086,0.16619013249874115,0.9300000071525574,0.4666000008583069
YPR005C,YNL282W,0,-5.8170466,0.166160449385643,0.9300000071525574,0.4666999876499176
YCL043C,YDL235C,0,-5.8170815,0.16613076627254486,0.9300000071525574,0.4668000042438507
YPL029W,YIL023C,0,-5.8172774,0.16610108315944672,0.9300000071525574,0.4668999910354614
YCL026C-A,YCR057C,0,-5.817375,0.16607142984867096,0.9300000071525574,0.46700000762939453
YPL053C,YJL127C,0,-5.818062,0.1660417765378952,0.9300000071525574,0.46709999442100525
YBL034C,YMR045C,0,-5.8180804,0.16601213812828064,0.9300000071525574,0.46720001101493835
YOR126C,YPR042C,0,-5.818084,0.16598251461982727,0.9300000071525574,0.4672999978065491
YGL178W,YMR197C,0,-5.8182297,0.1659528911113739,0.9300000071525574,0.4674000144004822
YHL027W,YPL176C,0,-5.8186016,0.16592328250408173,0.9300000071525574,0.4675000011920929
YKL026C,YKL113C,0,-5.8192306,0.16589368879795074,0.9300000071525574,0.4675999879837036
YML116W,YPL274W,0,-5.8193026,0.16586409509181976,0.9300000071525574,0.4677000045776367
YGL044C,YPR101W,0,-5.819342,0.16583451628684998,0.9300000071525574,0.46779999136924744
YLR229C,YLR138W,0,-5.819662,0.16580495238304138,0.9300000071525574,0.46790000796318054
YPL002C,YBR283C,0,-5.819908,0.16577540338039398,0.9300000071525574,0.46799999475479126
YKL059C,YNL186W,0,-5.819971,0.16574585437774658,0.9300000071525574,0.46810001134872437
YLR170C,YHR181W,0,-5.8200207,0.16571632027626038,0.9300000071525574,0.4681999981403351
YPL042C,YML007W,0,-5.8207245,0.16568680107593536,0.9300000071525574,0.4683000147342682
YPL117C,YJL098W,0,-5.8211794,0.16565728187561035,0.9300000071525574,0.4684000015258789
YLR376C,YJR103W,0,-5.821505,0.16562777757644653,0.9300000071525574,0.4684999883174896
YMR311C,YIL126W,1,-5.8217483,0.1657763570547104,0.9309999942779541,0.4684999883174896
YMR199W,YIL051C,0,-5.8219914,0.16574683785438538,0.9309999942779541,0.46860000491142273
YNL256W,YHL027W,0,-5.822671,0.16571733355522156,0.9309999942779541,0.46869999170303345
YGR132C,YPL002C,0,-5.8240113,0.16568784415721893,0.9309999942779541,0.46880000829696655
YDR188W,YPL131W,0,-5.824482,0.1656583696603775,0.9309999942779541,0.46889999508857727
YDR277C,YKR065C,0,-5.8246694,0.16562889516353607,0.9309999942779541,0.4690000116825104
YDR435C,YLR006C,0,-5.825538,0.16559943556785583,0.9309999942779541,0.4690999984741211
YMR109W,YCR037C,0,-5.825609,0.1655699759721756,0.9309999942779541,0.4691999852657318
YGR275W,YGR063C,1,-5.825651,0.16571834683418274,0.9319999814033508,0.4691999852657318
YDR529C,YEL002C,0,-5.82619,0.1656888872385025,0.9319999814033508,0.4693000018596649
YLR078C,YPL076W,0,-5.826356,0.16565944254398346,0.9319999814033508,0.46939998865127563
YLR229C,YCL032W,0,-5.826866,0.16562999784946442,0.9319999814033508,0.46950000524520874
YLR078C,YKL141W,0,-5.827062,0.16560056805610657,0.9319999814033508,0.46959999203681946
YDR377W,YNL227C,0,-5.827097,0.1655711531639099,0.9319999814033508,0.46970000863075256
YML120C,YDL015C,0,-5.82714,0.16554173827171326,0.9319999814033508,0.4697999954223633
YJR155W,YOR356W,0,-5.827196,0.1655123382806778,0.9319999814033508,0.4699000120162964
YNR016C,YOL013C,0,-5.8273234,0.16548295319080353,0.9319999814033508,0.4699999988079071
YHR183W,YMR100W,0,-5.828726,0.16545358300209045,0.9319999814033508,0.4700999855995178
YNR067C,YOR274W,0,-5.829193,0.16542421281337738,0.9319999814033508,0.4702000021934509
YJR118C,YPL036W,0,-5.829258,0.1653948575258255,0.9319999814033508,0.47029998898506165
YBR290W,YOR001W,0,-5.8297873,0.16536550223827362,0.9319999814033508,0.47040000557899475
YJR155W,YHR194W,0,-5.8299603,0.16533617675304413,0.9319999814033508,0.47049999237060547
YPL234C,YDR353W,0,-5.830077,0.16530685126781464,0.9319999814033508,0.4706000089645386
YMR219W,YPL176C,0,-5.8302913,0.16527752578258514,0.9319999814033508,0.4706999957561493
YBR039W,YOL146W,0,-5.831045,0.16524823009967804,0.9319999814033508,0.4708000123500824
YJL063C,YKL122C,0,-5.831174,0.16521893441677094,0.9319999814033508,0.4708999991416931
YPR034W,YLR342W,0,-5.831517,0.16518965363502502,0.9319999814033508,0.47099998593330383
YDR036C,YFL034C-B,0,-5.8317566,0.1651603728532791,0.9319999814033508,0.47110000252723694
YBR211C,YCR077C,1,-5.831834,0.16530829668045044,0.9330000281333923,0.47110000252723694
YNL001W,YPR009W,0,-5.8323975,0.16527900099754333,0.9330000281333923,0.47119998931884766
YBR036C,YNL287W,0,-5.8331113,0.16524973511695862,0.9330000281333923,0.47130000591278076
YGL178W,YPL029W,0,-5.8335676,0.1652204692363739,0.9330000281333923,0.4713999927043915
YPL149W,YBL007C,0,-5.8336287,0.16519121825695038,0.9330000281333923,0.4715000092983246
YHR188C,YGR112W,0,-5.833703,0.16516198217868805,0.9330000281333923,0.4715999960899353
YBR142W,YML023C,0,-5.834076,0.16513274610042572,0.9330000281333923,0.4717000126838684
YFR034C,YPL094C,0,-5.834323,0.16510352492332458,0.9330000281333923,0.4717999994754791
YGR244C,YDR335W,0,-5.8344064,0.16507430374622345,0.9330000281333923,0.47189998626708984
YDR339C,YPL175W,0,-5.834451,0.1650451123714447,0.9330000281333923,0.47200000286102295
YBR057C,YLR346C,0,-5.835451,0.16501592099666595,0.9330000281333923,0.47209998965263367
YDL003W,YJL080C,1,-5.8356028,0.1651635766029358,0.9340000152587891,0.47209998965263367
YDL076C,YKR079C,0,-5.835857,0.16513437032699585,0.9340000152587891,0.4722000062465668
YGL063W,YEL050C,0,-5.8359594,0.1651051789522171,0.9340000152587891,0.4722999930381775
YIL049W,YJR049C,0,-5.836013,0.16507600247859955,0.9340000152587891,0.4724000096321106
YLR382C,YCL019W,0,-5.8360276,0.165046826004982,0.9340000152587891,0.4724999964237213
YLR229C,YLL050C,0,-5.8362436,0.16501766443252563,0.9340000152587891,0.4726000130176544
YBR026C,YHR090C,0,-5.836254,0.16498851776123047,0.9340000152587891,0.47269999980926514
YMR319C,YDR103W,0,-5.836758,0.1649593710899353,0.9340000152587891,0.47279998660087585
YIL118W,YDR394W,0,-5.8378134,0.16493025422096252,0.9340000152587891,0.47290000319480896
YGL062W,YBR228W,0,-5.8386006,0.16490113735198975,0.9340000152587891,0.4729999899864197
YBR055C,YCL074W,0,-5.838852,0.16487202048301697,0.9340000152587891,0.4731000065803528
YBL080C,YKR086W,0,-5.8390284,0.16484291851520538,0.9340000152587891,0.4731999933719635
YIL098C,YDL198C,0,-5.839426,0.164813831448555,0.9340000152587891,0.4733000099658966
YPL137C,YKL193C,1,-5.83943,0.16496118903160095,0.9350000023841858,0.4733000099658966
YML004C,YHR024C,0,-5.840035,0.16493208706378937,0.9350000023841858,0.4733999967575073
YOL077W-A,YGR088W,0,-5.8405175,0.16490299999713898,0.9350000023841858,0.47350001335144043
YDR162C,YHR161C,0,-5.840538,0.1648739129304886,0.9350000023841858,0.47360000014305115
YNR074C,YOR329C,0,-5.840966,0.16484485566616058,0.9350000023841858,0.47369998693466187
YDR456W,YKR008W,0,-5.8410516,0.16481579840183258,0.9350000023841858,0.47380000352859497
YIL131C,YKR057W,0,-5.8416505,0.16478674113750458,0.9350000023841858,0.4738999903202057
YKL165C,YNL032W,0,-5.841878,0.16475771367549896,0.9350000023841858,0.4740000069141388
YBL015W,YBR244W,0,-5.842525,0.16472868621349335,0.9350000023841858,0.4740999937057495
YEL065W,YIL016W,0,-5.84297,0.16469965875148773,0.9350000023841858,0.4742000102996826
YPL174C,YJL011C,0,-5.843406,0.1646706610918045,0.9350000023841858,0.47429999709129333
YDR376W,YMR053C,0,-5.8437457,0.16464166343212128,0.9350000023841858,0.47440001368522644
YKL086W,YGR241C,0,-5.843872,0.16461268067359924,0.9350000023841858,0.47450000047683716
YGR088W,YNR034W,0,-5.8438845,0.1645836979150772,0.9350000023841858,0.4745999872684479
YCR089W,YGR206W,0,-5.844094,0.16455473005771637,0.9350000023841858,0.474700003862381
YDR511W,YGL243W,0,-5.844545,0.16452577710151672,0.9350000023841858,0.4747999906539917
YDR221W,YOR254C,0,-5.844821,0.16449683904647827,0.9350000023841858,0.4749000072479248
YNL256W,YPR041W,0,-5.8454394,0.16446790099143982,0.9350000023841858,0.4749999940395355
YHR165C,YLR378C,0,-5.8456645,0.16443897783756256,0.9350000023841858,0.47510001063346863
YFL013C,YFR033C,0,-5.845759,0.1644100546836853,0.9350000023841858,0.47519999742507935
YKR008W,YOR256C,0,-5.8458076,0.16438114643096924,0.9350000023841858,0.47530001401901245
YKL110C,YBR294W,0,-5.8458185,0.16435225307941437,0.9350000023841858,0.47540000081062317
YIL049W,YNR043W,0,-5.8469806,0.1643233746290207,0.9350000023841858,0.4754999876022339
YKL192C,YOR188W,0,-5.847294,0.16429449617862701,0.9350000023841858,0.475600004196167
YDR141C,YLR405W,0,-5.8476048,0.16426563262939453,0.9350000023841858,0.4756999909877777
YOR233W,YHR073W,0,-5.847773,0.16423678398132324,0.9350000023841858,0.4758000075817108
YNL001W,YOR117W,0,-5.8489,0.16420793533325195,0.9350000023841858,0.47589999437332153
YDL106C,YDR394W,0,-5.8494816,0.16417910158634186,0.9350000023841858,0.47600001096725464
YMR138W,YMR045C,0,-5.850252,0.16415028274059296,0.9350000023841858,0.47609999775886536
YOR294W,YIL080W,0,-5.8504295,0.16412146389484406,0.9350000023841858,0.47620001435279846
YGL073W,YDR492W,0,-5.850558,0.16409265995025635,0.9350000023841858,0.4763000011444092
YLR100W,YJR017C,0,-5.8516216,0.16406387090682983,0.9350000023841858,0.4763999879360199
YMR076C,YJL080C,1,-5.852381,0.16421052813529968,0.9359999895095825,0.4763999879360199
YER044C,YDR166C,0,-5.8525515,0.16418172419071198,0.9359999895095825,0.476500004529953
YGR155W,YML105C,0,-5.852639,0.16415293514728546,0.9359999895095825,0.4765999913215637
YIL167W,YKR001C,0,-5.852912,0.16412414610385895,0.9359999895095825,0.4767000079154968
YDL065C,YBL056W,0,-5.854128,0.16409537196159363,0.9359999895095825,0.47679999470710754
YNL088W,YDR120C,0,-5.8541384,0.1640666127204895,0.9359999895095825,0.47690001130104065
YCL055W,YPR002W,0,-5.85462,0.16403785347938538,0.9359999895095825,0.47699999809265137
YDL165W,YHL027W,0,-5.854737,0.16400910913944244,0.9359999895095825,0.4771000146865845
YDR005C,YDR080W,0,-5.8557677,0.1639803797006607,0.9359999895095825,0.4772000014781952
YBR070C,YGL229C,0,-5.8560033,0.16395165026187897,0.9359999895095825,0.4772999882698059
YNL147W,YPR190C,0,-5.8560104,0.16392293572425842,0.9359999895095825,0.477400004863739
YJR121W,YOL091W,0,-5.8562098,0.16389423608779907,0.9359999895095825,0.47749999165534973
YPR023C,YDR456W,0,-5.856378,0.16386555135250092,0.9359999895095825,0.47760000824928284
YBR159W,YNL311C,0,-5.8566465,0.16383686661720276,0.9359999895095825,0.47769999504089355
YKL138C-A,YPL203W,0,-5.856732,0.1638081967830658,0.9359999895095825,0.47780001163482666
YGL119W,YLR195C,0,-5.856883,0.16377952694892883,0.9359999895095825,0.4778999984264374
YPL241C,YDR022C,0,-5.8573356,0.16375087201595306,0.9359999895095825,0.4779999852180481
YPL119C,YBL102W,0,-5.857456,0.1637222319841385,0.9359999895095825,0.4781000018119812
YIL023C,YJL114W,0,-5.858805,0.1636935919523239,0.9359999895095825,0.4781999886035919
YBL082C,YOR372C,0,-5.859087,0.16366498172283173,0.9359999895095825,0.478300005197525
YIL118W,YOR261C,0,-5.859832,0.16363635659217834,0.9359999895095825,0.47839999198913574
YKL052C,YLR201C,0,-5.860342,0.16360776126384735,0.9359999895095825,0.47850000858306885
YML010W,YCR053W,0,-5.8607454,0.16357916593551636,0.9359999895095825,0.47859999537467957
YDR301W,YHR111W,0,-5.8611374,0.16355058550834656,0.9359999895095825,0.47870001196861267
YEL003W,YGL093W,0,-5.861898,0.16352201998233795,0.9359999895095825,0.4787999987602234
YCL035C,YHR004C,0,-5.862294,0.16349345445632935,0.9359999895095825,0.4788999855518341
YDL208W,YBR186W,0,-5.862442,0.16346490383148193,0.9359999895095825,0.4790000021457672
YOR371C,YMR039C,0,-5.8629494,0.16343635320663452,0.9359999895095825,0.47909998893737793
YMR311C,YBR156C,1,-5.863841,0.16358239948749542,0.9369999766349792,0.47909998893737793
YGL001C,YEL012W,0,-5.863962,0.163553848862648,0.9369999766349792,0.47920000553131104
YNL264C,YDL052C,0,-5.864369,0.1635252982378006,0.9369999766349792,0.47929999232292175
YLR195C,YLR466W,0,-5.864404,0.16349677741527557,0.9369999766349792,0.47940000891685486
YER174C,YHR165C,0,-5.8644667,0.16346824169158936,0.9369999766349792,0.4794999957084656
YBR244W,YML069W,0,-5.8653746,0.16343973577022552,0.9369999766349792,0.4796000123023987
YPL100W,YDR221W,0,-5.865618,0.1634112298488617,0.9369999766349792,0.4796999990940094
YGL256W,YOR025W,0,-5.8659906,0.16338273882865906,0.9369999766349792,0.4797999858856201
YOR033C,YGL008C,0,-5.8660097,0.16335424780845642,0.9369999766349792,0.4799000024795532
YDR489W,YER190W,0,-5.8673263,0.16332578659057617,0.9369999766349792,0.47999998927116394
YFL021W,YBL063W,0,-5.8678293,0.16329731047153473,0.9369999766349792,0.48010000586509705
YGR286C,YDR477W,0,-5.8678446,0.16326886415481567,0.9369999766349792,0.48019999265670776
YJL210W,YMR239C,0,-5.8679094,0.16324041783809662,0.9369999766349792,0.48030000925064087
YIL007C,YHR154W,0,-5.8680296,0.16321198642253876,0.9369999766349792,0.4803999960422516
YHR183W,YMR032W,0,-5.8689704,0.1631835550069809,0.9369999766349792,0.4805000126361847
YKL015W,YNR047W,0,-5.86909,0.16315513849258423,0.9369999766349792,0.4805999994277954
YMR184W,YDR421W,0,-5.869615,0.16312673687934875,0.9369999766349792,0.48069998621940613
YBR068C,YMR011W,0,-5.870452,0.16309835016727448,0.9369999766349792,0.48080000281333923
YIL070C,YDR080W,0,-5.8719687,0.1630699634552002,0.9369999766349792,0.48089998960494995
YML036W,YGL084C,0,-5.872364,0.1630415916442871,0.9369999766349792,0.48100000619888306
YKR087C,YDL224C,0,-5.8726616,0.16301321983337402,0.9369999766349792,0.4810999929904938
YDL013W,YGL093W,0,-5.873139,0.16298486292362213,0.9369999766349792,0.4812000095844269
YMR049C,YML045W,0,-5.8734055,0.16295652091503143,0.9369999766349792,0.4812999963760376
YKR076W,YIR013C,0,-5.8745317,0.16292819380760193,0.9369999766349792,0.4814000129699707
YOL051W,YMR175W,0,-5.875259,0.16289986670017242,0.9369999766349792,0.4814999997615814
YBR210W,YDR490C,0,-5.8754096,0.16287153959274292,0.9369999766349792,0.48159998655319214
YKL053C-A,YDR195W,0,-5.8754854,0.1628432422876358,0.9369999766349792,0.48170000314712524
YHL031C,YJL039C,0,-5.8755574,0.1628149449825287,0.9369999766349792,0.48179998993873596
YKL032C,YJL113W,0,-5.876899,0.16278666257858276,0.9369999766349792,0.48190000653266907
YPL127C,YKL075C,0,-5.8774157,0.16275838017463684,0.9369999766349792,0.4819999933242798
YBR279W,YDR465C,0,-5.8778687,0.1627301126718521,0.9369999766349792,0.4821000099182129
YPL006W,YKL057C,0,-5.8781624,0.16270186007022858,0.9369999766349792,0.4821999967098236
YAL012W,YGL090W,0,-5.8789144,0.16267360746860504,0.9369999766349792,0.4823000133037567
YBR087W,YFL037W,1,-5.879016,0.16281895339488983,0.9380000233650208,0.4823000133037567
YHR086W,YML097C,0,-5.8794274,0.1627907007932663,0.9380000233650208,0.48240000009536743
YGR177C,YAR009C,0,-5.8805285,0.16276244819164276,0.9380000233650208,0.48249998688697815
YGL151W,YBR012W-B,0,-5.8808417,0.16273421049118042,0.9380000233650208,0.48260000348091125
YDL209C,YML010W,0,-5.881726,0.16270598769187927,0.9380000233650208,0.482699990272522
YDR511W,YFL034C-B,0,-5.882125,0.16267776489257812,0.9380000233650208,0.4828000068664551
YGL236C,YIL029C,0,-5.8824234,0.16264955699443817,0.9380000233650208,0.4828999936580658
YGL006W,YDL185W,0,-5.883085,0.1626213639974594,0.9380000233650208,0.4830000102519989
YGL078C,YGL163C,0,-5.8831363,0.16259317100048065,0.9380000233650208,0.4830999970436096
YHR059W,YDR322C-A,0,-5.883228,0.16256499290466309,0.9380000233650208,0.4832000136375427
YNR010W,YOL006C,1,-5.8833246,0.16271010041236877,0.9390000104904175,0.4832000136375427
YCL031C,YMR079W,0,-5.883477,0.16268190741539001,0.9390000104904175,0.48330000042915344
YDR021W,YGL183C,0,-5.8845577,0.16265372931957245,0.9390000104904175,0.48339998722076416
YAL059W,YDL227C,0,-5.8846397,0.16262556612491608,0.9390000104904175,0.48350000381469727
YDR263C,YNR052C,0,-5.8851614,0.1625974029302597,0.9390000104904175,0.483599990606308
YKL001C,YER149C,0,-5.8864317,0.16256925463676453,0.9390000104904175,0.4837000072002411
YCR067C,YNL202W,0,-5.8870173,0.16254110634326935,0.9390000104904175,0.4837999939918518
YNL325C,YBR055C,0,-5.887563,0.16251297295093536,0.9390000104904175,0.4839000105857849
YGL166W,YGL232W,0,-5.8880825,0.16248485445976257,0.9390000104904175,0.48399999737739563
YEL029C,YKL186C,0,-5.8882017,0.16245675086975098,0.9390000104904175,0.48410001397132874
YKL048C,YPL231W,0,-5.888686,0.16242864727973938,0.9390000104904175,0.48420000076293945
YHR036W,YIL023C,0,-5.8892717,0.16240055859088898,0.9390000104904175,0.48429998755455017
YGL084C,YOL146W,0,-5.8893814,0.16237246990203857,0.9390000104904175,0.4844000041484833
YJR074W,YKR025W,0,-5.889754,0.16234439611434937,0.9390000104904175,0.484499990940094
YNR059W,YHR001W-A,0,-5.8897715,0.16231633722782135,0.9390000104904175,0.4846000075340271
YMR016C,YBR284W,0,-5.8898993,0.16228827834129333,0.9390000104904175,0.4846999943256378
YER122C,YKL125W,0,-5.889917,0.1622602343559265,0.9390000104904175,0.4848000109195709
YFL033C,YCL074W,0,-5.89135,0.1622322052717209,0.9390000104904175,0.48489999771118164
YOR046C,YDR004W,0,-5.8913565,0.16220417618751526,0.9390000104904175,0.48500001430511475
YNL156C,YMR125W,0,-5.8919435,0.16217616200447083,0.9390000104904175,0.48510000109672546
YPL028W,YLR382C,0,-5.8927083,0.16214816272258759,0.9390000104904175,0.4851999878883362
YKL028W,YHR161C,0,-5.894126,0.16212016344070435,0.9390000104904175,0.4853000044822693
YDR108W,YBR296C,0,-5.894877,0.1620921790599823,0.9390000104904175,0.48539999127388
YMR212C,YJL011C,0,-5.89489,0.16206420958042145,0.9390000104904175,0.4855000078678131
YPR120C,YDL153C,0,-5.895911,0.1620362401008606,0.9390000104904175,0.48559999465942383
YPR186C,YJL166W,0,-5.895933,0.16200828552246094,0.9390000104904175,0.48570001125335693
YLR397C,YIL048W,0,-5.896053,0.16198033094406128,0.9390000104904175,0.48579999804496765
YKR086W,YFR051C,0,-5.8961325,0.16195239126682281,0.9390000104904175,0.48590001463890076
YLR008C,YLR135W,0,-5.896283,0.16192446649074554,0.9390000104904175,0.4860000014305115
YGL120C,YMR045C,0,-5.896844,0.16189655661582947,0.9390000104904175,0.4860999882221222
YJL003W,YHL020C,0,-5.8974285,0.1618686467409134,0.9390000104904175,0.4862000048160553
YOR322C,YOR361C,0,-5.8986397,0.1618407517671585,0.9390000104904175,0.486299991607666
YGR216C,YCL054W,0,-5.8991346,0.16181285679340363,0.9390000104904175,0.4864000082015991
YKR085C,YDL020C,0,-5.8995714,0.16178497672080994,0.9390000104904175,0.48649999499320984
YFR048W,YOR116C,0,-5.8999243,0.16175711154937744,0.9390000104904175,0.48660001158714294
YGR262C,YFL013C,0,-5.9000516,0.16172924637794495,0.9390000104904175,0.48669999837875366
YOR116C,YPR055W,0,-5.9009924,0.16170139610767365,0.9390000104904175,0.4867999851703644
YIL002C,YDR175C,0,-5.9014077,0.16167356073856354,0.9390000104904175,0.4869000017642975
YBR073W,YML085C,1,-5.90155,0.16181786358356476,0.9399999976158142,0.4869000017642975
YBR243C,YMR106C,0,-5.9018264,0.16179001331329346,0.9399999976158142,0.4869999885559082
YBL002W,YCR020W-B,0,-5.902758,0.16176217794418335,0.9399999976158142,0.4871000051498413
YIR013C,YEL060C,0,-5.903098,0.16173434257507324,0.9399999976158142,0.487199991941452
YOL005C,YPR108W,0,-5.903419,0.16170652210712433,0.9399999976158142,0.48730000853538513
YPR020W,YCL055W,0,-5.904108,0.16167870163917542,0.9399999976158142,0.48739999532699585
YBL041W,YDR395W,0,-5.904257,0.1616508960723877,0.9399999976158142,0.48750001192092896
YPR122W,YFL024C,0,-5.9042873,0.16162310540676117,0.9399999976158142,0.4875999987125397
YKL062W,YLR212C,0,-5.904564,0.16159532964229584,0.9399999976158142,0.4876999855041504
YPR007C,YNL299W,1,-5.90547,0.16173942387104034,0.9409999847412109,0.4876999855041504
YHL034C,YLR079W,0,-5.906625,0.16171163320541382,0.9409999847412109,0.4878000020980835
YBR130C,YEL013W,0,-5.906823,0.1616838425397873,0.9409999847412109,0.4878999888896942
YDL092W,YKR001C,0,-5.9070587,0.16165606677532196,0.9409999847412109,0.4880000054836273
YOL158C,YGR284C,0,-5.907355,0.16162830591201782,0.9409999847412109,0.48809999227523804
YDR091C,YPL175W,0,-5.907367,0.16160054504871368,0.9409999847412109,0.48820000886917114
YGR258C,YJL035C,0,-5.9077578,0.16157279908657074,0.9409999847412109,0.48829999566078186
YNR074C,YOL061W,0,-5.9081435,0.161545068025589,0.9409999847412109,0.48840001225471497
YHR142W,YDR177W,0,-5.908144,0.16151733696460724,0.9409999847412109,0.4884999990463257
YHR142W,YNL250W,0,-5.908732,0.16148962080478668,0.9409999847412109,0.4885999858379364
YNR052C,YPL167C,0,-5.9088287,0.16146190464496613,0.9409999847412109,0.4887000024318695
YPL235W,YOR359W,0,-5.9092574,0.16143420338630676,0.9409999847412109,0.4887999892234802
YKR067W,YHR187W,0,-5.9102597,0.1614065170288086,0.9409999847412109,0.48890000581741333
YHR013C,YML057W,0,-5.910674,0.16137883067131042,0.9409999847412109,0.48899999260902405
YGR280C,YHR152W,0,-5.910944,0.16135115921497345,0.9409999847412109,0.48910000920295715
YOR237W,YML031W,0,-5.9110937,0.16132350265979767,0.9409999847412109,0.48919999599456787
YGR221C,YCL074W,0,-5.9111466,0.1612958461046219,0.9409999847412109,0.489300012588501
YAL030W,YIL129C,0,-5.9112406,0.1612682044506073,0.9409999847412109,0.4893999993801117
YFL034C-B,YGR044C,0,-5.912504,0.1612405776977539,0.9409999847412109,0.4894999861717224
YGR078C,YCR008W,0,-5.9125824,0.1612129509449005,0.9409999847412109,0.4896000027656555
YKL120W,YKR086W,0,-5.9126763,0.1611853390932083,0.9409999847412109,0.48969998955726624
YLL043W,YIL167W,0,-5.913368,0.1611577272415161,0.9409999847412109,0.48980000615119934
YPL069C,YDR083W,0,-5.913721,0.1611301302909851,0.9409999847412109,0.48989999294281006
YJL110C,YDL224C,0,-5.913783,0.1611025482416153,0.9409999847412109,0.49000000953674316
YDR407C,YBL005W-A,0,-5.914179,0.16107498109340668,0.9409999847412109,0.4900999963283539
YOL143C,YLR141W,0,-5.914625,0.16104741394519806,0.9409999847412109,0.490200012922287
YIL035C,YER160C,0,-5.9147577,0.16101984679698944,0.9409999847412109,0.4902999997138977
YCR042C,YDR059C,0,-5.9148493,0.16099229454994202,0.9409999847412109,0.4903999865055084
YER146W,YNL246W,0,-5.9149857,0.1609647572040558,0.9409999847412109,0.49050000309944153
YPL125W,YLR026C,0,-5.9150186,0.16093723475933075,0.9409999847412109,0.49059998989105225
YCR089W,YLR008C,0,-5.9150915,0.1609097123146057,0.9409999847412109,0.49070000648498535
YCR047C,YMR299C,0,-5.915346,0.16088220477104187,0.9409999847412109,0.49079999327659607
YLR330W,YDR147W,0,-5.915467,0.16085469722747803,0.9409999847412109,0.4909000098705292
YDR529C,YMR273C,0,-5.915729,0.16082720458507538,0.9409999847412109,0.4909999966621399
YMR128W,YOR212W,0,-5.9159174,0.16079972684383392,0.9409999847412109,0.491100013256073
YEL015W,YER160C,0,-5.9160666,0.16077224910259247,0.9409999847412109,0.4912000000476837
YKL205W,YMR214W,0,-5.916193,0.1607447862625122,0.9409999847412109,0.49129998683929443
YHR114W,YPL181W,0,-5.9164596,0.16071733832359314,0.9409999847412109,0.49140000343322754
YJR103W,YKL119C,0,-5.916649,0.16068989038467407,0.9409999847412109,0.49149999022483826
YLR011W,YDR335W,0,-5.9167676,0.1606624573469162,0.9409999847412109,0.49160000681877136
YLR133W,YPR002W,0,-5.9167967,0.16063502430915833,0.9409999847412109,0.4916999936103821
YKL204W,YMR216C,0,-5.9171863,0.16060760617256165,0.9409999847412109,0.4918000102043152
YPL051W,YLR354C,0,-5.917197,0.16058020293712616,0.9409999847412109,0.4918999969959259
YDR188W,YMR050C,0,-5.9173822,0.16055279970169067,0.9409999847412109,0.492000013589859
YBR274W,YNL268W,0,-5.9174657,0.16052541136741638,0.9409999847412109,0.4921000003814697
YGR254W,YGR009C,0,-5.9175096,0.16049803793430328,0.9409999847412109,0.49219998717308044
YJR069C,YMR045C,0,-5.918585,0.16047066450119019,0.9409999847412109,0.49230000376701355
YIL129C,YER190W,0,-5.9186125,0.16044330596923828,0.9409999847412109,0.49239999055862427
YNL156C,YAL005C,0,-5.9188585,0.16041596233844757,0.9409999847412109,0.4925000071525574
YMR041C,YKR097W,0,-5.918977,0.16038861870765686,0.9409999847412109,0.4925999939441681
YDR345C,YGL183C,0,-5.9190083,0.16036127507686615,0.9409999847412109,0.4927000105381012
YER183C,YPL089C,0,-5.919186,0.16033396124839783,0.9409999847412109,0.4927999973297119
YDL029W,YDL076C,0,-5.919465,0.1603066474199295,0.9409999847412109,0.492900013923645
YLR260W,YHR072W-A,0,-5.9201283,0.16027933359146118,0.9409999847412109,0.49300000071525574
YHR191C,YIL144W,1,-5.920432,0.16042234003543854,0.9419999718666077,0.49300000071525574
YPL051W,YDL111C,0,-5.9206924,0.16039502620697021,0.9419999718666077,0.49309998750686646
YML081C-A,YMR013C,0,-5.920967,0.16036772727966309,0.9419999718666077,0.49320000410079956
YGL115W,YPL032C,0,-5.9213743,0.16034042835235596,0.9419999718666077,0.4932999908924103
YMR239C,YLR141W,0,-5.921627,0.16031314432621002,0.9419999718666077,0.4934000074863434
YFL021W,YMR164C,0,-5.921742,0.1602858603000641,0.9419999718666077,0.4934999942779541
YNL030W,YGL070C,0,-5.9218564,0.16025859117507935,0.9419999718666077,0.4936000108718872
YGL246C,YMR060C,0,-5.922305,0.1602313369512558,0.9419999718666077,0.4936999976634979
YPL224C,YGL115W,0,-5.9223485,0.16020408272743225,0.9419999718666077,0.49380001425743103
YNR013C,YDL224C,0,-5.9225144,0.1601768434047699,0.9419999718666077,0.49390000104904175
YNL173C,YBL057C,0,-5.922776,0.16014960408210754,0.9419999718666077,0.49399998784065247
YOL064C,YMR270C,0,-5.922852,0.16012237966060638,0.9419999718666077,0.49410000443458557
YNL334C,YHR181W,0,-5.923187,0.16009517014026642,0.9419999718666077,0.4941999912261963
YKL150W,YOR290C,0,-5.9269757,0.16006797552108765,0.9419999718666077,0.4943000078201294
YBR107C,YJL080C,1,-5.9275064,0.16021066904067993,0.9430000185966492,0.4943000078201294
YKR038C,YAL009W,0,-5.927638,0.16018345952033997,0.9430000185966492,0.4943999946117401
YKR024C,YOR217W,0,-5.9285254,0.16015625,0.9430000185966492,0.4945000112056732
YMR218C,YJL048C,0,-5.9287167,0.16012905538082123,0.9430000185966492,0.49459999799728394
YLR342W,YDR195W,0,-5.928774,0.16010186076164246,0.9430000185966492,0.49470001459121704
YLL031C,YMR239C,0,-5.9289274,0.16007469594478607,0.9430000185966492,0.49480000138282776
YNL023C,YPL248C,0,-5.9291096,0.1600475162267685,0.9430000185966492,0.4948999881744385
YNR074C,YBL056W,0,-5.929851,0.1600203663110733,0.9430000185966492,0.4950000047683716
YGL045W,YBR173C,0,-5.929893,0.1599932163953781,0.9430000185966492,0.4950999915599823
YLR259C,YHR135C,0,-5.9302073,0.15996606647968292,0.9430000185966492,0.4952000081539154
YCR010C,YPL097W,0,-5.930394,0.15993894636631012,0.9430000185966492,0.4952999949455261
YMR042W,YKR035W-A,0,-5.931926,0.15991182625293732,0.9430000185966492,0.49540001153945923
YDR277C,YPL042C,0,-5.9320693,0.15988470613956451,0.9430000185966492,0.49549999833106995
YDL236W,YPL179W,0,-5.9320703,0.1598576009273529,0.9430000185966492,0.49559998512268066
YPL140C,YOR151C,0,-5.933182,0.1598305106163025,0.9430000185966492,0.49570000171661377
YPR133C,YDR322C-A,0,-5.9339137,0.15980342030525208,0.9430000185966492,0.4957999885082245
YCR077C,YML085C,1,-5.934988,0.1599457859992981,0.9440000057220459,0.4957999885082245
YBR038W,YBR009C,0,-5.935809,0.1599186807870865,0.9440000057220459,0.4959000051021576
YOL156W,YBL056W,0,-5.9366097,0.15989160537719727,0.9440000057220459,0.4959999918937683
YGL092W,YLR221C,0,-5.936634,0.15986451506614685,0.9440000057220459,0.4961000084877014
YIL009C-A,YGL133W,0,-5.9367857,0.15983745455741882,0.9440000057220459,0.49619999527931213
YPL262W,YMR284W,0,-5.9369583,0.1598103940486908,0.9440000057220459,0.49630001187324524
YJL184W,YDR145W,0,-5.9374022,0.15978334844112396,0.9440000057220459,0.49639999866485596
YGR244C,YNL107W,0,-5.9376187,0.15975630283355713,0.9440000057220459,0.4964999854564667
YMR065W,YKL200C,0,-5.9382586,0.1597292721271515,0.9440000057220459,0.4966000020503998
YLR391W-A,YPL188W,0,-5.938422,0.15970225632190704,0.9440000057220459,0.4966999888420105
YGL084C,YOR142W,0,-5.938463,0.1596752405166626,0.9440000057220459,0.4968000054359436
YLR163C,YDR515W,0,-5.9385796,0.15964823961257935,0.9440000057220459,0.4968999922275543
YGR089W,YJL080C,1,-5.9388485,0.15979032218456268,0.9449999928474426,0.4968999922275543
YLR330W,YBL093C,0,-5.9391203,0.15976330637931824,0.9449999928474426,0.4970000088214874
YER075C,YML045W,0,-5.9399137,0.15973630547523499,0.9449999928474426,0.49709999561309814
YIL150C,YOR353C,0,-5.9402943,0.15970931947231293,0.9449999928474426,0.49720001220703125
YDR037W,YGR172C,0,-5.9403563,0.15968231856822968,0.9449999928474426,0.49729999899864197
YDR062W,YGL011C,0,-5.940842,0.1596553474664688,0.9449999928474426,0.4973999857902527
YPL175W,YOR047C,0,-5.940868,0.15962837636470795,0.9449999928474426,0.4975000023841858
YHR163W,YDR201W,0,-5.941645,0.15960142016410828,0.9449999928474426,0.4975999891757965
YOR327C,YHR006W,0,-5.9418507,0.1595744639635086,0.9449999928474426,0.4977000057697296
YOL164W,YBR273C,0,-5.9419813,0.15954752266407013,0.9449999928474426,0.49779999256134033
YDL113C,YBR167C,0,-5.9422665,0.15952059626579285,0.9449999928474426,0.49790000915527344
YGR123C,YBR228W,0,-5.942429,0.15949366986751556,0.9449999928474426,0.49799999594688416
YHL020C,YDL095W,0,-5.942441,0.15946675837039948,0.9449999928474426,0.49810001254081726
YIR002C,YDL232W,0,-5.9427795,0.1594398468732834,0.9449999928474426,0.498199999332428
YPL110C,YER162C,0,-5.942912,0.1594129502773285,0.9449999928474426,0.4982999861240387
YMR192W,YDR150W,0,-5.94338,0.1593860685825348,0.9449999928474426,0.4984000027179718
YNL275W,YFL059W,0,-5.943529,0.1593591868877411,0.9449999928474426,0.4984999895095825
YCR039C,YOR274W,0,-5.9438696,0.15933232009410858,0.9449999928474426,0.4986000061035156
YKL058W,YJL114W,0,-5.944126,0.15930546820163727,0.9449999928474426,0.49869999289512634
YOL126C,YLR106C,0,-5.944342,0.15927861630916595,0.9449999928474426,0.49880000948905945
YJR060W,YMR190C,1,-5.945158,0.15942029654979706,0.9459999799728394,0.49880000948905945
YCR012W,YEL037C,0,-5.9464693,0.15939342975616455,0.9459999799728394,0.49889999628067017
YIL085C,YDR057W,0,-5.946475,0.15936657786369324,0.9459999799728394,0.49900001287460327
YDL029W,YBL025W,0,-5.946479,0.15933974087238312,0.9459999799728394,0.499099999666214
YLR079W,YOR162C,0,-5.947397,0.159312903881073,0.9459999799728394,0.4991999864578247
YLR242C,YBR039W,0,-5.9476905,0.15928608179092407,0.9459999799728394,0.4993000030517578
YOR079C,YHR006W,0,-5.948343,0.15925925970077515,0.9459999799728394,0.49939998984336853
YJL209W,YOR027W,0,-5.949355,0.15923245251178741,0.9459999799728394,0.49950000643730164
YBR029C,YLL035W,0,-5.949365,0.15920566022396088,0.9459999799728394,0.49959999322891235
YMR052W,YLR452C,0,-5.9494853,0.15917886793613434,0.9459999799728394,0.49970000982284546
YHR108W,YKL214C,0,-5.9502077,0.159152090549469,0.9459999799728394,0.4997999966144562
YDL113C,YCL011C,0,-5.9509296,0.15912531316280365,0.9459999799728394,0.4999000132083893
YDL236W,YOR148C,0,-5.9511776,0.1590985506772995,0.9459999799728394,0.5
YKL152C,YLR138W,0,-5.951289,0.15907180309295654,0.9459999799728394,0.5001000165939331
YMR179W,YLR224W,0,-5.9512997,0.1590450555086136,0.9459999799728394,0.5001999735832214
YGL001C,YOR208W,0,-5.9515476,0.15901832282543182,0.9459999799728394,0.5002999901771545
YBR234C,YLR346C,0,-5.9515586,0.15899159014225006,0.9459999799728394,0.5004000067710876
YIL040W,YEL002C,0,-5.95182,0.15896488726139069,0.9459999799728394,0.5005000233650208
YGL180W,YHR079C-B,0,-5.9518633,0.15893816947937012,0.9459999799728394,0.5005999803543091
YJL184W,YJR042W,0,-5.95213,0.15891146659851074,0.9459999799728394,0.5006999969482422
YDL223C,YJR120W,0,-5.952497,0.15888477861881256,0.9459999799728394,0.5008000135421753
YOR349W,YNL287W,0,-5.9525027,0.15885810554027557,0.9459999799728394,0.5008999705314636
YDR036C,YDR329C,0,-5.952642,0.1588314324617386,0.9459999799728394,0.5009999871253967
YBR164C,YOL129W,0,-5.952792,0.1588047742843628,0.9459999799728394,0.5011000037193298
YER120W,YMR197C,0,-5.953342,0.158778116106987,0.9459999799728394,0.5012000203132629
YHR187W,YER008C,0,-5.9534383,0.1587514728307724,0.9459999799728394,0.5012999773025513
YMR058W,YML045W,0,-5.953479,0.1587248295545578,0.9459999799728394,0.5013999938964844
YBR202W,YER035W,0,-5.9538193,0.1586982011795044,0.9459999799728394,0.5015000104904175
YBR183W,YLR277C,0,-5.954228,0.15867158770561218,0.9459999799728394,0.5016000270843506
YNL071W,YER028C,0,-5.954333,0.15864497423171997,0.9459999799728394,0.5016999840736389
YNR044W,YOR321W,0,-5.9547496,0.15861837565898895,0.9459999799728394,0.501800000667572
YDL095W,YGL097W,0,-5.9550853,0.15859179198741913,0.9459999799728394,0.5019000172615051
YLR035C-A,YPL276W,0,-5.9555225,0.1585652083158493,0.9459999799728394,0.5019999742507935
YOR078W,YJR119C,0,-5.955983,0.15853862464427948,0.9459999799728394,0.5020999908447266
YKL045W,YEL050C,0,-5.9566536,0.15851207077503204,0.9459999799728394,0.5022000074386597
YCR052W,YGL028C,0,-5.9566765,0.1584855020046234,0.9459999799728394,0.5023000240325928
YNL006W,YJL166W,0,-5.9573402,0.15845896303653717,0.9459999799728394,0.5023999810218811
YEL069C,YPL224C,0,-5.957471,0.15843242406845093,0.9459999799728394,0.5024999976158142
YLR276C,YMR016C,0,-5.958454,0.15840590000152588,0.9459999799728394,0.5026000142097473
YOR039W,YKL058W,0,-5.95884,0.15837937593460083,0.9459999799728394,0.5026999711990356
YKL113C,YER138C,0,-5.9594874,0.15835286676883698,0.9459999799728394,0.5027999877929688
YER016W,YGR063C,1,-5.960376,0.15849372744560242,0.9470000267028809,0.5027999877929688
YIL008W,YGL210W,0,-5.960519,0.15846720337867737,0.9470000267028809,0.5029000043869019
YNL053W,YKL075C,0,-5.9610133,0.1584406942129135,0.9470000267028809,0.503000020980835
YPL010W,YKL020C,0,-5.961154,0.15841418504714966,0.9470000267028809,0.5030999779701233
YGL209W,YKL108W,0,-5.9616265,0.158387690782547,0.9470000267028809,0.5031999945640564
YCL039W,YER190W,0,-5.9627867,0.15836121141910553,0.9470000267028809,0.5033000111579895
YCL029C,YDR236C,0,-5.9627895,0.15833473205566406,0.9470000267028809,0.5034000277519226
YMR277W,YKL014C,0,-5.962873,0.1583082526922226,0.9470000267028809,0.5034999847412109
YNL239W,YKR095W,0,-5.962901,0.15828180313110352,0.9470000267028809,0.503600001335144
YLR183C,YMR050C,0,-5.9631257,0.15825535356998444,0.9470000267028809,0.5037000179290771
YJL090C,YLR219W,0,-5.9632564,0.15822890400886536,0.9470000267028809,0.5037999749183655
YDR279W,YCL074W,0,-5.963447,0.15820246934890747,0.9470000267028809,0.5038999915122986
YLR330W,YHR118C,0,-5.963495,0.15817604959011078,0.9470000267028809,0.5040000081062317
YFL021W,YDR183W,0,-5.964244,0.1581496298313141,0.9470000267028809,0.5041000247001648
YOR239W,YPR036W,0,-5.9645047,0.1581232249736786,0.9470000267028809,0.5041999816894531
YOL082W,YMR070W,0,-5.964548,0.15809683501720428,0.9470000267028809,0.5042999982833862
YER051W,YML060W,0,-5.9646516,0.15807044506072998,0.9470000267028809,0.5044000148773193
YJL134W,YBR088C,0,-5.9649787,0.15804405510425568,0.9470000267028809,0.5044999718666077
YJL125C,YCR037C,0,-5.965088,0.15801768004894257,0.9470000267028809,0.5045999884605408
YNL133C,YOL123W,0,-5.9660554,0.15799131989479065,0.9470000267028809,0.5047000050544739
YHR108W,YBR129C,0,-5.9675245,0.15796497464179993,0.9470000267028809,0.504800021648407
YFL013C,YBR296C,0,-5.96756,0.1579386293888092,0.9470000267028809,0.5048999786376953
YML006C,YHR138C,0,-5.968206,0.15791228413581848,0.9470000267028809,0.5049999952316284
YOR028C,YNL139C,0,-5.968293,0.15788596868515015,0.9470000267028809,0.5051000118255615
YJR143C,YHR099W,0,-5.9683475,0.15785963833332062,0.9470000267028809,0.5052000284194946
YKR066C,YMR179W,0,-5.96945,0.15783333778381348,0.9470000267028809,0.505299985408783
YNL094W,YDR057W,0,-5.969769,0.15780703723430634,0.9470000267028809,0.5054000020027161
YPL049C,YER087C-A,0,-5.969858,0.1577807366847992,0.9470000267028809,0.5055000185966492
YNR038W,YOR127W,0,-5.9699306,0.15775445103645325,0.9470000267028809,0.5055999755859375
YKL022C,YJL080C,1,-5.9705477,0.15789473056793213,0.9480000138282776,0.5055999755859375
YHR190W,YDL115C,0,-5.970723,0.15786844491958618,0.9480000138282776,0.5056999921798706
YPL266W,YAR010C,0,-5.97096,0.15784215927124023,0.9480000138282776,0.5058000087738037
YBR243C,YML015C,0,-5.9723034,0.15781588852405548,0.9480000138282776,0.5059000253677368
YLR102C,YER147C,1,-5.9723034,0.157956063747406,0.9490000009536743,0.5059000253677368
YGL222C,YGR214W,0,-5.972798,0.15792977809906006,0.9490000009536743,0.5059999823570251
YOR240W,YHL027W,0,-5.973345,0.1579034924507141,0.9490000009536743,0.5060999989509583
YIL105C,YJL036W,0,-5.973448,0.15787722170352936,0.9490000009536743,0.5062000155448914
YBR129C,YCL043C,0,-5.9743104,0.1578509658575058,0.9490000009536743,0.5062999725341797
YDL140C,YNL079C,0,-5.975271,0.15782471001148224,0.9490000009536743,0.5063999891281128
YIL037C,YLR467W,0,-5.9754953,0.15779846906661987,0.9490000009536743,0.5065000057220459
YBR218C,YDR394W,0,-5.97603,0.1577722430229187,0.9490000009536743,0.506600022315979
YHR148W,YDR389W,0,-5.9762836,0.15774601697921753,0.9490000009536743,0.5066999793052673
YNL117W,YDL033C,0,-5.9766364,0.15771979093551636,0.9490000009536743,0.5067999958992004
YOL017W,YGL178W,0,-5.976884,0.15769357979297638,0.9490000009536743,0.5069000124931335
YIL065C,YNL053W,0,-5.9769726,0.1576673835515976,0.9490000009536743,0.5070000290870667
YKR007W,YKL122C,0,-5.9773245,0.15764120221138,0.9490000009536743,0.507099986076355
YER174C,YCL067C,0,-5.9778643,0.15761502087116241,0.9490000009536743,0.5072000026702881
YDR450W,YAR010C,0,-5.9782934,0.15758883953094482,0.9490000009536743,0.5073000192642212
YGL096W,YKL041W,0,-5.978555,0.15756267309188843,0.9490000009536743,0.5073999762535095
YML074C,YCL019W,0,-5.9786873,0.15753652155399323,0.9490000009536743,0.5074999928474426
YLR167W,YPL234C,0,-5.9791403,0.15751037001609802,0.9490000009536743,0.5076000094413757
YBL064C,YER190W,0,-5.979515,0.157484233379364,0.9490000009536743,0.5077000260353088
YDR174W,YPL129W,0,-5.9798717,0.1574581116437912,0.9490000009536743,0.5077999830245972
YML038C,YIL082W-A,0,-5.9801126,0.15743198990821838,0.9490000009536743,0.5078999996185303
YER045C,YKL034W,0,-5.9801636,0.15740586817264557,0.9490000009536743,0.5080000162124634
YGL071W,YNR052C,0,-5.980259,0.15737976133823395,0.9490000009536743,0.5080999732017517
YNL071W,YML098W,0,-5.980335,0.15735366940498352,0.9490000009536743,0.5081999897956848
YJR057W,YLR286C,0,-5.980397,0.1573275923728943,0.9490000009536743,0.5083000063896179
YDL055C,YIL052C,0,-5.980715,0.15730151534080505,0.9490000009536743,0.508400022983551
YGL001C,YJR029W,0,-5.98073,0.15727543830871582,0.9490000009536743,0.5084999799728394
YOR194C,YIL056W,0,-5.980826,0.15724937617778778,0.9490000009536743,0.5085999965667725
YBR106W,YOR162C,0,-5.98088,0.15722332894802094,0.9490000009536743,0.5087000131607056
YLL024C,YML064C,0,-5.981033,0.1571972817182541,0.9490000009536743,0.5088000297546387
YHR072W-A,YBL020W,0,-5.9815016,0.15717124938964844,0.9490000009536743,0.508899986743927
YBR286W,YOL146W,0,-5.9824085,0.15714521706104279,0.9490000009536743,0.5090000033378601
YOR112W,YHR203C,0,-5.9827137,0.15711919963359833,0.9490000009536743,0.5091000199317932
YPR133C,YAL016W,0,-5.983077,0.15709319710731506,0.9490000009536743,0.5091999769210815
YDR045C,YER180C-A,0,-5.98326,0.1570671945810318,0.9490000009536743,0.5092999935150146
YGL073W,YNL227C,0,-5.983345,0.15704120695590973,0.9490000009536743,0.5094000101089478
YOR123C,YDL015C,0,-5.983816,0.15701521933078766,0.9490000009536743,0.5095000267028809
YJL112W,YOR027W,0,-5.984051,0.15698924660682678,0.9490000009536743,0.5095999836921692
YGR162W,YBR284W,0,-5.984099,0.1569632887840271,0.9490000009536743,0.5097000002861023
YGR123C,YML058W,0,-5.984288,0.15693733096122742,0.9490000009536743,0.5098000168800354
YOR340C,YNL272C,0,-5.9846115,0.15691137313842773,0.9490000009536743,0.5098999738693237
YCL008C,YBR097W,0,-5.9846745,0.15688543021678925,0.9490000009536743,0.5099999904632568
YDR511W,YNL003C,0,-5.9849863,0.15685950219631195,0.9490000009536743,0.5101000070571899
YKR085C,YBL005W-A,0,-5.9853463,0.15683357417583466,0.9490000009536743,0.510200023651123
YMR042W,YBR247C,0,-5.9855328,0.15680766105651855,0.9490000009536743,0.5102999806404114
YLR410W,YCL033C,0,-5.98567,0.15678176283836365,0.9490000009536743,0.5103999972343445
YOR266W,YLR447C,0,-5.985765,0.15675586462020874,0.9490000009536743,0.5105000138282776
YJR076C,YHR005C,0,-5.9866843,0.15672998130321503,0.9490000009536743,0.5105999708175659
YIL010W,YML001W,0,-5.9867344,0.1567040979862213,0.9490000009536743,0.510699987411499
YGL133W,YNL007C,0,-5.986819,0.1566782295703888,0.9490000009536743,0.5108000040054321
YPR200C,YDL113C,0,-5.9871273,0.15665236115455627,0.9490000009536743,0.5109000205993652
YGL062W,YOR356W,0,-5.987925,0.15662650763988495,0.9490000009536743,0.5109999775886536
YMR021C,YJL089W,0,-5.988195,0.15660065412521362,0.9490000009536743,0.5110999941825867
YGR227W,YOR353C,0,-5.98836,0.1565748155117035,0.9490000009536743,0.5112000107765198
YNL267W,YDL230W,0,-5.9884863,0.15654899179935455,0.9490000009536743,0.5113000273704529
YGR227W,YEL071W,0,-5.9891167,0.15652316808700562,0.9490000009536743,0.5113999843597412
YBR070C,YLR224W,0,-5.989172,0.15649735927581787,0.9490000009536743,0.5115000009536743
YJL034W,YOL111C,0,-5.9895134,0.15647156536579132,0.9490000009536743,0.5116000175476074
YLR391W,YDR039C,0,-5.9895506,0.15644575655460358,0.9490000009536743,0.5116999745368958
YHR005C,YDL154W,0,-5.9896917,0.15641997754573822,0.9490000009536743,0.5117999911308289
YOR208W,YIL135C,0,-5.989939,0.15639419853687286,0.9490000009536743,0.511900007724762
YML074C,YHL003C,0,-5.9900427,0.1563684344291687,0.9490000009536743,0.5120000243186951
YOL013C,YDR115W,0,-5.990115,0.15634267032146454,0.9490000009536743,0.5120999813079834
YDR456W,YNL007C,0,-5.990801,0.15631692111492157,0.9490000009536743,0.5121999979019165
YER049W,YDL190C,0,-5.9910235,0.1562911719083786,0.9490000009536743,0.5123000144958496
YPL196W,YER008C,0,-5.9910655,0.15626543760299683,0.9490000009536743,0.5123999714851379
YKL016C,YAR042W,0,-5.9910984,0.15623970329761505,0.9490000009536743,0.512499988079071
YFL050C,YGR220C,0,-5.9916143,0.15621399879455566,0.9490000009536743,0.5126000046730042
YBL040C,YMR039C,0,-5.991893,0.15618827939033508,0.9490000009536743,0.5127000212669373
YNL042W,YDR518W,0,-5.9922543,0.1561625748872757,0.9490000009536743,0.5127999782562256
YBR106W,YJL012C,0,-5.992489,0.1561368852853775,0.9490000009536743,0.5128999948501587
YER116C,YOR356W,0,-5.9926457,0.1561111956834793,0.9490000009536743,0.5130000114440918
YJR025C,YCL061C,0,-5.99442,0.1560855209827423,0.9490000009536743,0.5131000280380249
YMR032W,YOR338W,0,-5.995869,0.1560598611831665,0.9490000009536743,0.5131999850273132
YDR224C,YEL024W,0,-5.9960294,0.1560342013835907,0.9490000009536743,0.5133000016212463
YGR055W,YDR083W,0,-5.9963245,0.1560085415840149,0.9490000009536743,0.5134000182151794
YLR266C,YOL097C,0,-5.9963675,0.15598291158676147,0.9490000009536743,0.5134999752044678
YJL111W,YDL190C,0,-5.996525,0.15595726668834686,0.9490000009536743,0.5135999917984009
YNR016C,YPL002C,0,-5.996614,0.15593165159225464,0.9490000009536743,0.513700008392334
YDL213C,YER007W,0,-5.9982452,0.15590603649616241,0.9490000009536743,0.5138000249862671
YEL009C,YPL016W,0,-5.999373,0.1558804214000702,0.9490000009536743,0.5138999819755554
YLR399C,YBR022W,0,-6.0005546,0.15585482120513916,0.9490000009536743,0.5139999985694885
YJR137C,YBL061C,0,-6.0011597,0.15582922101020813,0.9490000009536743,0.5141000151634216
YGR178C,YKL095W,0,-6.0011973,0.1558036506175995,0.9490000009536743,0.51419997215271
YOL064C,YML038C,0,-6.001504,0.15577806532382965,0.9490000009536743,0.5142999887466431
YDR270W,YBR041W,0,-6.001589,0.1557525098323822,0.9490000009536743,0.5144000053405762
YOR233W,YLR107W,0,-6.0015926,0.15572693943977356,0.9490000009536743,0.5145000219345093
YNL041C,YOR031W,0,-6.0016007,0.1557013988494873,0.9490000009536743,0.5145999789237976
YGR252W,YGR178C,0,-6.001666,0.15567585825920105,0.9490000009536743,0.5146999955177307
YCR002C,YNL311C,0,-6.001711,0.1556503176689148,0.9490000009536743,0.5148000121116638
YJL219W,YHL003C,0,-6.002018,0.15562479197978973,0.9490000009536743,0.5149000287055969
YBL102W,YJL089W,0,-6.0021157,0.15559928119182587,0.9490000009536743,0.5149999856948853
YNL071W,YBR216C,0,-6.002554,0.155573770403862,0.9490000009536743,0.5151000022888184
YHR023W,YBL106C,0,-6.0029025,0.15554827451705933,0.9490000009536743,0.5152000188827515
YLR394W,YCR058C,0,-6.003011,0.15552277863025665,0.9490000009536743,0.5152999758720398
YNL256W,YIL029C,0,-6.003139,0.15549729764461517,0.9490000009536743,0.5153999924659729
YMR106C,YDR002W,0,-6.004306,0.1554718166589737,0.9490000009536743,0.515500009059906
YPL126W,YJR141W,0,-6.0048676,0.1554463505744934,0.9490000009536743,0.5156000256538391
YGL086W,YOR137C,0,-6.0049744,0.15542089939117432,0.9490000009536743,0.5156999826431274
YKL185W,YOR344C,0,-6.005104,0.15539544820785522,0.9490000009536743,0.5157999992370605
YDR174W,YDR436W,0,-6.005886,0.15537001192569733,0.9490000009536743,0.5159000158309937
YNL048W,YPL235W,0,-6.0063534,0.15534457564353943,0.9490000009536743,0.515999972820282
YGL020C,YMR313C,0,-6.007453,0.15531915426254272,0.9490000009536743,0.5160999894142151
YDR487C,YGR082W,0,-6.008085,0.15529373288154602,0.9490000009536743,0.5162000060081482
YDR153C,YGL163C,0,-6.008473,0.1552683264017105,0.9490000009536743,0.5163000226020813
YER014C-A,YGL205W,0,-6.008543,0.155242919921875,0.9490000009536743,0.5163999795913696
YIL052C,YBR118W,0,-6.0089593,0.15521752834320068,0.9490000009536743,0.5164999961853027
YBL079W,YML034W,1,-6.0095243,0.15535567700862885,0.949999988079071,0.5164999961853027
YPL227C,YDL236W,0,-6.0095634,0.15533028542995453,0.949999988079071,0.5166000127792358
YOR239W,YPR198W,0,-6.01023,0.1553048938512802,0.949999988079071,0.516700029373169
YPR111W,YDL201W,0,-6.010353,0.1552795022726059,0.949999988079071,0.5167999863624573
YJL061W,YLR126C,0,-6.0113606,0.15525412559509277,0.949999988079071,0.5169000029563904
YKL165C,YOL100W,0,-6.011376,0.15522876381874084,0.949999988079071,0.5170000195503235
YIL014W,YGR197C,0,-6.0116615,0.15520340204238892,0.949999988079071,0.5170999765396118
YFR040W,YHR161C,0,-6.013397,0.155178040266037,0.949999988079071,0.5171999931335449
YGR029W,YDR045C,0,-6.013556,0.15515270829200745,0.949999988079071,0.517300009727478
YHR123W,YFR002W,0,-6.014841,0.1551273614168167,0.949999988079071,0.5174000263214111
YPR122W,YNL090W,0,-6.014924,0.15510204434394836,0.949999988079071,0.5174999833106995
YAR019C,YPL063W,0,-6.0163097,0.15507672727108002,0.949999988079071,0.5175999999046326
YPR176C,YOR048C,0,-6.016445,0.15505141019821167,0.949999988079071,0.5177000164985657
YFL034C-B,YLL017W,0,-6.0166864,0.15502610802650452,0.949999988079071,0.517799973487854
YOR226C,YMR096W,0,-6.017048,0.15500082075595856,0.949999988079071,0.5178999900817871
YPL110C,YJL121C,0,-6.0177593,0.1549755334854126,0.949999988079071,0.5180000066757202
YJR147W,YDL130W,0,-6.018298,0.15495024621486664,0.949999988079071,0.5181000232696533
YOL060C,YNR049C,0,-6.0192842,0.15492498874664307,0.949999988079071,0.5181999802589417
YDR503C,YBR284W,0,-6.019552,0.1548997163772583,0.949999988079071,0.5182999968528748
YOR239W,YJR153W,0,-6.0198708,0.15487447381019592,0.949999988079071,0.5184000134468079
YKR037C,YJL012C,0,-6.0202446,0.15484923124313354,0.949999988079071,0.5184999704360962
YMR281W,YBR171W,0,-6.0205812,0.15482398867607117,0.949999988079071,0.5185999870300293
YMR068W,YOR287C,0,-6.020891,0.15479876101016998,0.949999988079071,0.5187000036239624
YIL035C,YAL016W,0,-6.0215282,0.15477354824543,0.949999988079071,0.5188000202178955
YGL213C,YER049W,0,-6.0230255,0.15474833548069,0.949999988079071,0.5188999772071838
YJL166W,YPR189W,0,-6.0237927,0.15472312271595,0.949999988079071,0.5189999938011169
YDL085W,YLR193C,0,-6.0239687,0.15469792485237122,0.949999988079071,0.51910001039505
YPR138C,YPL146C,0,-6.0242095,0.1546727418899536,0.949999988079071,0.5192000269889832
YNL145W,YDR065W,0,-6.0246534,0.154647558927536,0.949999988079071,0.5192999839782715
YFR036W,YKL193C,1,-6.025301,0.15478515625,0.9509999752044678,0.5192999839782715
YOL139C,YLL043W,0,-6.0261755,0.1547599732875824,0.9509999752044678,0.5194000005722046
YDR168W,YOL017W,0,-6.0276337,0.1547347903251648,0.9509999752044678,0.5195000171661377
YPL145C,YER146W,0,-6.028294,0.1547096073627472,0.9509999752044678,0.519599974155426
YGL129C,YDR213W,0,-6.0284266,0.15468445420265198,0.9509999752044678,0.5196999907493591
YDL004W,YLR007W,0,-6.0287266,0.15465930104255676,0.9509999752044678,0.5198000073432922
YJL207C,YJL039C,0,-6.0287595,0.15463414788246155,0.9509999752044678,0.5199000239372253
YMR041C,YDL230W,0,-6.0295873,0.15460900962352753,0.9509999752044678,0.5199999809265137
YGL070C,YOR353C,0,-6.0302157,0.1545838713645935,0.9509999752044678,0.5200999975204468
YOR081C,YDR027C,0,-6.0302243,0.15455874800682068,0.9509999752044678,0.5202000141143799
YPL194W,YDR065W,0,-6.0302753,0.15453363955020905,0.9509999752044678,0.5202999711036682
YDR487C,YOR018W,0,-6.030586,0.1545085310935974,0.9509999752044678,0.5203999876976013
YOR245C,YNL003C,0,-6.0309153,0.15448343753814697,0.9509999752044678,0.5205000042915344
YNL110C,YLR467W,0,-6.031941,0.15445834398269653,0.9509999752044678,0.5206000208854675
YOR208W,YDL194W,0,-6.0320067,0.1544332504272461,0.9509999752044678,0.5206999778747559
YKL032C,YLR010C,0,-6.0328875,0.15440818667411804,0.9509999752044678,0.520799994468689
YBL047C,YLR107W,0,-6.032918,0.15438312292099,0.9509999752044678,0.5209000110626221
YDR480W,YBR089C-A,0,-6.0332336,0.15435805916786194,0.9509999752044678,0.5210000276565552
YDL013W,YOL013C,0,-6.0338817,0.15433301031589508,0.9509999752044678,0.5210999846458435
YDR113C,YJL080C,1,-6.034093,0.15447022020816803,0.9520000219345093,0.5210999846458435
YER007W,YMR165C,0,-6.034307,0.15444517135620117,0.9520000219345093,0.5212000012397766
YHR098C,YLR447C,0,-6.035478,0.15442010760307312,0.9520000219345093,0.5213000178337097
YHL038C,YCL054W,0,-6.036502,0.15439507365226746,0.9520000219345093,0.521399974822998
YPL221W,YBL018C,0,-6.0366454,0.1543700397014618,0.9520000219345093,0.5214999914169312
YKR009C,YGR197C,0,-6.0366974,0.15434500575065613,0.9520000219345093,0.5216000080108643
YMR316W,YMR101C,0,-6.036769,0.15431998670101166,0.9520000219345093,0.5217000246047974
YOR335C,YFR030W,0,-6.037052,0.15429498255252838,0.9520000219345093,0.5217999815940857
YOR327C,YNL241C,0,-6.037782,0.1542699784040451,0.9520000219345093,0.5218999981880188
YHR055C,YDR146C,0,-6.0380516,0.15424497425556183,0.9520000219345093,0.5220000147819519
YNL031C,YDL033C,0,-6.0382957,0.15421998500823975,0.9520000219345093,0.5220999717712402
YOR256C,YML093W,0,-6.0390882,0.15419501066207886,0.9520000219345093,0.5221999883651733
YKL182W,YGR099W,0,-6.0391216,0.15417003631591797,0.9520000219345093,0.5223000049591064
YBR039W,YNL032W,0,-6.0391364,0.15414507687091827,0.9520000219345093,0.5224000215530396
YLR219W,YOR328W,0,-6.0396223,0.15412011742591858,0.9520000219345093,0.5224999785423279
YHR194W,YDR337W,0,-6.039632,0.15409517288208008,0.9520000219345093,0.522599995136261
YMR001C,YDR011W,0,-6.0397925,0.15407024323940277,0.9520000219345093,0.5227000117301941
YLR377C,YKL021C,0,-6.0404377,0.15404531359672546,0.9520000219345093,0.5228000283241272
YNL002C,YIL147C,0,-6.0407515,0.15402038395404816,0.9520000219345093,0.5228999853134155
YNR058W,YPR113W,0,-6.041204,0.15399546921253204,0.9520000219345093,0.5230000019073486
YDR224C,YDR145W,0,-6.041549,0.15397056937217712,0.9520000219345093,0.5231000185012817
YPR183W,YMR313C,0,-6.041869,0.1539456695318222,0.9520000219345093,0.5231999754905701
YKL048C,YPL224C,0,-6.0423474,0.15392076969146729,0.9520000219345093,0.5232999920845032
YBR010W,YIL150C,0,-6.0437365,0.15389589965343475,0.9520000219345093,0.5234000086784363
YDL236W,YNL332W,0,-6.0439405,0.15387101471424103,0.9520000219345093,0.5235000252723694
YIL010W,YOL072W,0,-6.044501,0.1538461595773697,0.9520000219345093,0.5235999822616577
YJR143C,YBR240C,0,-6.0447083,0.15382128953933716,0.9520000219345093,0.5236999988555908
YKL046C,YOR327C,0,-6.0449057,0.15379644930362701,0.9520000219345093,0.5238000154495239
YJL091C,YOR201C,0,-6.0454426,0.15377160906791687,0.9520000219345093,0.5238999724388123
YOR112W,YJR074W,0,-6.045734,0.15374676883220673,0.9520000219345093,0.5239999890327454
YOL069W,YBR156C,1,-6.046151,0.1538834124803543,0.953000009059906,0.5239999890327454
YKL064W,YDR213W,0,-6.046278,0.15385857224464417,0.953000009059906,0.5241000056266785
YCR009C,YAR044W,0,-6.046527,0.15383373200893402,0.953000009059906,0.5242000222206116
YCR034W,YJL203W,0,-6.0476246,0.15380890667438507,0.953000009059906,0.5242999792098999
YDR176W,YHR066W,0,-6.0476255,0.15378409624099731,0.953000009059906,0.524399995803833
YBR079C,YJR028W,0,-6.047975,0.15375927090644836,0.953000009059906,0.5245000123977661
YOR099W,YJR029W,0,-6.0483675,0.1537344753742218,0.953000009059906,0.5246000289916992
YIL125W,YJR028W,0,-6.04841,0.15370967984199524,0.953000009059906,0.5246999859809875
YMR058W,YBR002C,0,-6.0488605,0.15368488430976868,0.953000009059906,0.5248000025749207
YDL227C,YHL006C,0,-6.0495753,0.1536601036787033,0.953000009059906,0.5249000191688538
YGL061C,YKL008C,0,-6.049746,0.15363533794879913,0.953000009059906,0.5249999761581421
YGR218W,YIL065C,0,-6.0501986,0.15361057221889496,0.953000009059906,0.5250999927520752
YPL149W,YCR020C-A,0,-6.05077,0.15358582139015198,0.953000009059906,0.5252000093460083
YER032W,YNL244C,0,-6.050794,0.153561070561409,0.953000009059906,0.5253000259399414
YDR087C,YBR253W,0,-6.0509067,0.1535363346338272,0.953000009059906,0.5253999829292297
YGR175C,YOL135C,0,-6.051222,0.15351159870624542,0.953000009059906,0.5254999995231628
YKL186C,YOR212W,0,-6.051651,0.15348687767982483,0.953000009059906,0.525600016117096
YKR034W,YPL196W,0,-6.051933,0.15346215665340424,0.953000009059906,0.5256999731063843
YJL094C,YHR167W,0,-6.052278,0.15343745052814484,0.953000009059906,0.5257999897003174
YMR164C,YCR083W,0,-6.0523567,0.15341274440288544,0.953000009059906,0.5259000062942505
YNL084C,YPL002C,0,-6.052477,0.15338805317878723,0.953000009059906,0.5260000228881836
YER073W,YPR189W,0,-6.052639,0.15336337685585022,0.953000009059906,0.5260999798774719
YGL030W,YKL130C,0,-6.0527296,0.1533387005329132,0.953000009059906,0.526199996471405
YDL192W,YPL076W,0,-6.0530434,0.1533140242099762,0.953000009059906,0.5263000130653381
YPL101W,YGL051W,0,-6.053115,0.15328936278820038,0.953000009059906,0.5264000296592712
YNL242W,YFR003C,0,-6.0531836,0.15326471626758575,0.953000009059906,0.5264999866485596
YIL149C,YGL213C,0,-6.053399,0.15324006974697113,0.953000009059906,0.5266000032424927
YNR049C,YLL003W,0,-6.054095,0.1532154381275177,0.953000009059906,0.5267000198364258
YDR432W,YKL203C,0,-6.054185,0.15319080650806427,0.953000009059906,0.5267999768257141
YIR023W,YOL071W,0,-6.0548334,0.15316618978977203,0.953000009059906,0.5268999934196472
YER044C,YGR135W,0,-6.0548453,0.1531415730714798,0.953000009059906,0.5270000100135803
YBR008C,YLR167W,0,-6.0551224,0.15311697125434875,0.953000009059906,0.5271000266075134
YKL112W,YMR079W,0,-6.05558,0.1530923694372177,0.953000009059906,0.5271999835968018
YBR093C,YML058W,0,-6.055716,0.15306778252124786,0.953000009059906,0.5273000001907349
YER133W,YML124C,1,-6.055748,0.1532037854194641,0.9539999961853027,0.5273000001907349
YFR002W,YLR354C,0,-6.0563736,0.15317918360233307,0.9539999961853027,0.527400016784668
YDR028C,YLR105C,0,-6.0564184,0.15315459668636322,0.9539999961853027,0.5274999737739563
YDR120C,YDR065W,0,-6.0565257,0.15313000977039337,0.9539999961853027,0.5275999903678894
YDR376W,YCR020W-B,0,-6.0566583,0.15310543775558472,0.9539999961853027,0.5277000069618225
YOL044W,YIL076W,0,-6.05672,0.15308086574077606,0.9539999961853027,0.5278000235557556
YOR233W,YKL043W,0,-6.0569406,0.1530563086271286,0.9539999961853027,0.527899980545044
YBL093C,YNR031C,0,-6.0570264,0.15303176641464233,0.9539999961853027,0.527999997138977
YDR461W,YCL005W-A,0,-6.0572453,0.15300722420215607,0.9539999961853027,0.5281000137329102
YJL100W,YMR305C,0,-6.057479,0.1529826819896698,0.9539999961853027,0.5281999707221985
YNR008W,YGR129W,0,-6.057554,0.15295815467834473,0.9539999961853027,0.5282999873161316
YMR224C,YER117W,0,-6.0579424,0.15293362736701965,0.9539999961853027,0.5284000039100647
YLR304C,YCL005W-A,0,-6.0582633,0.15290911495685577,0.9539999961853027,0.5285000205039978
YJL104W,YHR138C,0,-6.0584016,0.1528846174478531,0.9539999961853027,0.5285999774932861
YLR196W,YHR152W,0,-6.0586357,0.1528601199388504,0.9539999961853027,0.5286999940872192
YER155C,YLR034C,0,-6.0591803,0.15283562242984772,0.9539999961853027,0.5288000106811523
YPL012W,YKR042W,0,-6.0593195,0.15281115472316742,0.9539999961853027,0.5289000272750854
YMR145C,YOR035C,0,-6.0606294,0.15278667211532593,0.9539999961853027,0.5289999842643738
YOR377W,YHR012W,0,-6.06138,0.15276220440864563,0.9539999961853027,0.5291000008583069
YAL022C,YLR426W,0,-6.061778,0.15273775160312653,0.9539999961853027,0.52920001745224
YFR028C,YHR041C,0,-6.062006,0.15271329879760742,0.9539999961853027,0.5292999744415283
YOR377W,YOR287C,0,-6.0623903,0.1526888608932495,0.9539999961853027,0.5293999910354614
YDR028C,YPR074C,0,-6.0626163,0.1526644229888916,0.9539999961853027,0.5295000076293945
YLR304C,YDL116W,0,-6.062665,0.15263999998569489,0.9539999961853027,0.5296000242233276
YML014W,YDL235C,0,-6.0632234,0.15261557698249817,0.9539999961853027,0.529699981212616
YML102W,YML042W,0,-6.063352,0.15259116888046265,0.9539999961853027,0.5297999978065491
YKR038C,YGR288W,0,-6.0639343,0.15256676077842712,0.9539999961853027,0.5299000144004822
YPL241C,YHR030C,0,-6.064071,0.1525423675775528,0.9539999961853027,0.5299999713897705
YFL041W,YGR213C,0,-6.0640817,0.15251798927783966,0.9539999961853027,0.5300999879837036
YPL200W,YOL006C,1,-6.0641594,0.15265345573425293,0.9549999833106995,0.5300999879837036
YBR272C,YGR077C,0,-6.064533,0.1526290625333786,0.9549999833106995,0.5302000045776367
YGR155W,YOL021C,0,-6.0647197,0.15260466933250427,0.9549999833106995,0.5303000211715698
YJR127C,YOR057W,0,-6.064753,0.15258029103279114,0.9549999833106995,0.5303999781608582
YMR192W,YMR079W,0,-6.0650144,0.152555912733078,0.9549999833106995,0.5304999947547913
YJL148W,YBR171W,0,-6.0651217,0.15253154933452606,0.9549999833106995,0.5306000113487244
YOR032C,YDL128W,0,-6.0652304,0.15250718593597412,0.9549999833106995,0.5307000279426575
YIL009C-A,YHR039C,0,-6.066027,0.15248283743858337,0.9549999833106995,0.5307999849319458
YBL046W,YIL080W,0,-6.066059,0.15245848894119263,0.9549999833106995,0.5309000015258789
YER009W,YLR020C,0,-6.066164,0.15243415534496307,0.9549999833106995,0.531000018119812
YDR323C,YLR426W,0,-6.0666714,0.15240983664989471,0.9549999833106995,0.5310999751091003
YHL047C,YHR001W,0,-6.066903,0.15238551795482635,0.9549999833106995,0.5311999917030334
YOR377W,YAL003W,0,-6.0671806,0.152361199259758,0.9549999833106995,0.5313000082969666
YKL016C,YPL232W,0,-6.067312,0.15233689546585083,0.9549999833106995,0.5314000248908997
YMR312W,YGL183C,0,-6.067442,0.15231260657310486,0.9549999833106995,0.531499981880188
YJL047C,YGR251W,0,-6.0685277,0.1522883176803589,0.9549999833106995,0.5315999984741211
YLR201C,YJL002C,0,-6.069294,0.15226402878761292,0.9549999833106995,0.5317000150680542
YJR057W,YHR077C,0,-6.069714,0.15223975479602814,0.9549999833106995,0.5317999720573425
YDR231C,YGR193C,0,-6.069837,0.15221549570560455,0.9549999833106995,0.5318999886512756
YBR164C,YPL138C,0,-6.070305,0.15219123661518097,0.9549999833106995,0.5320000052452087
YBR088C,YLR045C,0,-6.07071,0.15216699242591858,0.9549999833106995,0.5321000218391418
YOR057W,YLR312C-B,0,-6.071237,0.1521427482366562,0.9549999833106995,0.5321999788284302
YAL003W,YGR014W,0,-6.0719843,0.1521185040473938,0.9549999833106995,0.5322999954223633
YOR025W,YNL241C,0,-6.072153,0.1520942896604538,0.9549999833106995,0.5324000120162964
YNL088W,YER138C,0,-6.072222,0.1520700603723526,0.9549999833106995,0.5325000286102295
YNL219C,YMR087W,0,-6.0742254,0.1520458459854126,0.9549999833106995,0.5325999855995178
YJL010C,YFL002W-A,0,-6.0746274,0.1520216464996338,0.9549999833106995,0.5327000021934509
YLL043W,YIL123W,0,-6.0755806,0.15199744701385498,0.9549999833106995,0.532800018787384
YOL077W-A,YDR456W,0,-6.075644,0.15197326242923737,0.9549999833106995,0.5328999757766724
YOR288C,YDL007W,0,-6.0758657,0.15194907784461975,0.9549999833106995,0.5329999923706055
YER051W,YER149C,0,-6.077133,0.15192490816116333,0.9549999833106995,0.5331000089645386
YPL137C,YFL037W,1,-6.0776463,0.15205980837345123,0.9559999704360962,0.5331000089645386
YNL236W,YIL077C,0,-6.079538,0.15203562378883362,0.9559999704360962,0.5332000255584717
YHR086W,YPL128C,0,-6.0797906,0.1520114541053772,0.9559999704360962,0.53329998254776
YAL032C,YHR138C,0,-6.0805626,0.15198728442192078,0.9559999704360962,0.5333999991416931
YML042W,YLR320W,0,-6.0807433,0.15196311473846436,0.9559999704360962,0.5335000157356262
YBR084W,YGR009C,0,-6.080851,0.15193897485733032,0.9559999704360962,0.5335999727249146
YOR322C,YOR340C,0,-6.0814524,0.1519148200750351,0.9559999704360962,0.5336999893188477
YOL001W,YER190W,0,-6.08169,0.15189069509506226,0.9559999704360962,0.5338000059127808
YBR296C,YAR042W,0,-6.0817437,0.15186655521392822,0.9559999704360962,0.5339000225067139
YDR153C,YKR059W,0,-6.0819445,0.15184244513511658,0.9559999704360962,0.5339999794960022
YKL119C,YML045W,0,-6.08296,0.15181832015514374,0.9559999704360962,0.5340999960899353
YPR175W,YER190W,0,-6.082974,0.1517942249774933,0.9559999704360962,0.5342000126838684
YDL140C,YLR466W,0,-6.083103,0.15177011489868164,0.9559999704360962,0.5343000292778015
YIL009C-A,YPR154W,0,-6.083641,0.15174603462219238,0.9559999704360962,0.5343999862670898
YKL112W,YKL086W,0,-6.0838337,0.15172195434570312,0.9559999704360962,0.534500002861023
YDL019C,YDL095W,0,-6.084091,0.15169787406921387,0.9559999704360962,0.534600019454956
YOR380W,YDL020C,0,-6.084508,0.1516738086938858,0.9559999704360962,0.5346999764442444
YGR083C,YMR204C,0,-6.0845757,0.15164974331855774,0.9559999704360962,0.5347999930381775
YDR490C,YCL075W,0,-6.085716,0.15162569284439087,0.9559999704360962,0.5349000096321106
YJL196C,YLR193C,0,-6.085721,0.151601642370224,0.9559999704360962,0.5350000262260437
YNL116W,YHR027C,0,-6.0865808,0.15157760679721832,0.9559999704360962,0.535099983215332
YJR155W,YGR262C,0,-6.0874844,0.15155358612537384,0.9559999704360962,0.5351999998092651
YKL004W,YNL197C,0,-6.088118,0.15152956545352936,0.9559999704360962,0.5353000164031982
YIL124W,YFL059W,0,-6.0884814,0.15150554478168488,0.9559999704360962,0.5353999733924866
YGL143C,YLR033W,0,-6.0890083,0.1514815390110016,0.9559999704360962,0.5354999899864197
YJL089W,YCL032W,0,-6.0904,0.1514575481414795,0.9559999704360962,0.5356000065803528
YGL084C,YPL019C,0,-6.0905094,0.1514335423707962,0.9559999704360962,0.5357000231742859
YBR039W,YOR299W,0,-6.0913143,0.1514095664024353,0.9559999704360962,0.5357999801635742
YOR377W,YGL044C,0,-6.0924363,0.1513855904340744,0.9559999704360962,0.5358999967575073
YDR162C,YLR075W,0,-6.093029,0.1513616144657135,0.9559999704360962,0.5360000133514404
YHR092C,YOR221C,0,-6.0931835,0.1513376533985138,0.9559999704360962,0.5360999703407288
YML007W,YJR141W,0,-6.0932775,0.15131370723247528,0.9559999704360962,0.5361999869346619
YJL020C,YDR469W,0,-6.093484,0.15128976106643677,0.9559999704360962,0.536300003528595
YJL076W,YBR077C,0,-6.093522,0.15126582980155945,0.9559999704360962,0.5364000201225281
YPL239W,YNL093W,0,-6.093634,0.15124189853668213,0.9559999704360962,0.5364999771118164
YLL015W,YMR013C,0,-6.0940714,0.1512179672718048,0.9559999704360962,0.5365999937057495
YBL093C,YDL052C,0,-6.094267,0.15119405090808868,0.9559999704360962,0.5367000102996826
YCL001W,YKL086W,0,-6.0948143,0.15117014944553375,0.9559999704360962,0.5368000268936157
YPL098C,YNR039C,0,-6.094824,0.15114624798297882,0.9559999704360962,0.536899983882904
YOR335C,YNR011C,0,-6.0948935,0.1511223465204239,0.9559999704360962,0.5370000004768372
YHR073W,YOR224C,0,-6.0963945,0.15109845995903015,0.9559999704360962,0.5371000170707703
YLR109W,YNL311C,0,-6.096824,0.1510745882987976,0.9559999704360962,0.5371999740600586
YDL005C,YMR087W,0,-6.098047,0.15105071663856506,0.9559999704360962,0.5372999906539917
YER040W,YGL255W,0,-6.0985603,0.1510268598794937,0.9559999704360962,0.5374000072479248
YBL050W,YCR080W,0,-6.098814,0.15100300312042236,0.9559999704360962,0.5375000238418579
YDR518W,YCR008W,0,-6.10014,0.150979146361351,0.9559999704360962,0.5375999808311462
YKR034W,YJL204C,0,-6.1010356,0.15095531940460205,0.9559999704360962,0.5376999974250793
YER133W,YMR190C,1,-6.101202,0.1510893553495407,0.9570000171661377,0.5376999974250793
YHL031C,YDR432W,0,-6.1016645,0.15106551349163055,0.9570000171661377,0.5378000140190125
YBR286W,YDL149W,0,-6.1018476,0.1510416716337204,0.9570000171661377,0.5378999710083008
YER133W,YOL006C,1,-6.101911,0.1511756330728531,0.9580000042915344,0.5378999710083008
YDR264C,YPR125W,0,-6.1022677,0.15115177631378174,0.9580000042915344,0.5379999876022339
YMR212C,YNL291C,0,-6.10227,0.15112793445587158,0.9580000042915344,0.538100004196167
YPL154C,YMR197C,0,-6.102455,0.15110410749912262,0.9580000042915344,0.5382000207901001
YNL259C,YNL313C,0,-6.102579,0.15108026564121246,0.9580000042915344,0.5382999777793884
YNL103W,YDL076C,0,-6.1033683,0.1510564535856247,0.9580000042915344,0.5383999943733215
YDL188C,YBR037C,0,-6.1037636,0.15103264153003693,0.9580000042915344,0.5385000109672546
YDL013W,YPL063W,0,-6.1043596,0.15100882947444916,0.9580000042915344,0.5386000275611877
YOR011W,YMR165C,0,-6.105861,0.15098503232002258,0.9580000042915344,0.5386999845504761
YLL008W,YCR089W,0,-6.1060963,0.150961235165596,0.9580000042915344,0.5388000011444092
YJL062W,YBR012W-A,0,-6.106748,0.15093745291233063,0.9580000042915344,0.5389000177383423
YML110C,YJR027W,0,-6.107583,0.15091367065906525,0.9580000042915344,0.5389999747276306
YHR072W-A,YDR464W,0,-6.107752,0.15088990330696106,0.9580000042915344,0.5390999913215637
YOL124C,YIL082W-A,0,-6.1077814,0.15086613595485687,0.9580000042915344,0.5392000079154968
YPL112C,YLR312C-B,0,-6.108013,0.15084238350391388,0.9580000042915344,0.5393000245094299
YNL123W,YMR087W,0,-6.108693,0.15081864595413208,0.9580000042915344,0.5393999814987183
YMR035W,YML007W,0,-6.1089897,0.1507948935031891,0.9580000042915344,0.5394999980926514
YGR216C,YOL068C,0,-6.109572,0.15077117085456848,0.9580000042915344,0.5396000146865845
YPR200C,YOR195W,0,-6.109867,0.15074744820594788,0.9580000042915344,0.5396999716758728
YML104C,YBR100W,0,-6.1102114,0.15072372555732727,0.9580000042915344,0.5397999882698059
YLR376C,YJL145W,0,-6.1107473,0.15070001780986786,0.9580000042915344,0.539900004863739
YDR331W,YPL270W,0,-6.1109548,0.15067631006240845,0.9580000042915344,0.5400000214576721
YDR195W,YCR083W,0,-6.111045,0.15065261721611023,0.9580000042915344,0.5400999784469604
YPL159C,YIL122W,0,-6.111354,0.150628924369812,0.9580000042915344,0.5401999950408936
YKL129C,YNR052C,0,-6.111984,0.150605246424675,0.9580000042915344,0.5403000116348267
YKL085W,YHR041C,0,-6.112011,0.15058158338069916,0.9580000042915344,0.5404000282287598
YER036C,YDR238C,0,-6.1123586,0.15055792033672333,0.9580000042915344,0.5404999852180481
YKR050W,YPR036W,0,-6.112459,0.1505342572927475,0.9580000042915344,0.5406000018119812
YIL004C,YFL021W,0,-6.1136365,0.15051060914993286,0.9580000042915344,0.5407000184059143
YOR122C,YKR025W,0,-6.1141453,0.15048696100711823,0.9580000042915344,0.5407999753952026
YER159C,YLR201C,0,-6.114739,0.15046332776546478,0.9580000042915344,0.5408999919891357
YER172C,YDR453C,0,-6.114921,0.15043969452381134,0.9580000042915344,0.5410000085830688
YDR258C,YPL020C,0,-6.1150684,0.1504160761833191,0.9580000042915344,0.541100025177002
YKL220C,YDR059C,0,-6.1165075,0.15039245784282684,0.9580000042915344,0.5411999821662903
YBL023C,YOR338W,0,-6.116803,0.1503688544034958,0.9580000042915344,0.5412999987602234
YBR085W,YBR012W-A,0,-6.1168957,0.15034526586532593,0.9580000042915344,0.5414000153541565
YPR190C,YMR039C,0,-6.118219,0.15032166242599487,0.9580000042915344,0.5414999723434448
YOR148C,YLR354C,0,-6.1195364,0.1502980887889862,0.9580000042915344,0.5415999889373779
YPR030W,YDL015C,0,-6.1199465,0.15027451515197754,0.9580000042915344,0.541700005531311
YNR007C,YJL091C,0,-6.1202745,0.15025094151496887,0.9580000042915344,0.5418000221252441
YNL099C,YNL332W,0,-6.120723,0.1502273827791214,0.9580000042915344,0.5418999791145325
YDR434W,YFL035C,0,-6.1226563,0.15020382404327393,0.9580000042915344,0.5419999957084656
YDR179C,YLL061W,0,-6.1227965,0.15018028020858765,0.9580000042915344,0.5421000123023987
YJR125C,YDR459C,0,-6.1231127,0.15015673637390137,0.9580000042915344,0.5422000288963318
YLR129W,YPR036W,0,-6.1238055,0.15013320744037628,0.9580000042915344,0.5422999858856201
YOR348C,YDL216C,0,-6.1241035,0.1501096785068512,0.9580000042915344,0.5424000024795532
YGR289C,YPL174C,0,-6.12498,0.1500861644744873,0.9580000042915344,0.5425000190734863
YNL161W,YGR099W,0,-6.1251273,0.1500626504421234,0.9580000042915344,0.5425999760627747
YPR167C,YDL090C,0,-6.1260366,0.15003915131092072,0.9580000042915344,0.5426999926567078
YDR073W,YIL077C,0,-6.1262608,0.15001565217971802,0.9580000042915344,0.5428000092506409
YAL056W,YDR322C-A,0,-6.126516,0.1499921679496765,0.9580000042915344,0.542900025844574
YFR001W,YKL154W,0,-6.1267405,0.1499686986207962,0.9580000042915344,0.5429999828338623
YLR110C,YOR298C-A,0,-6.126844,0.1499452143907547,0.9580000042915344,0.5430999994277954
YLL008W,YOL104C,0,-6.127705,0.14992175996303558,0.9580000042915344,0.5432000160217285
YKL015W,YGL104C,0,-6.127736,0.14989829063415527,0.9580000042915344,0.5432999730110168
YHR042W,YHR090C,0,-6.127777,0.14987483620643616,0.9580000042915344,0.54339998960495
YHR067W,YIL023C,0,-6.1282043,0.14985139667987823,0.9580000042915344,0.5435000061988831
YKL220C,YLR312C-B,0,-6.129018,0.1498279571533203,0.9580000042915344,0.5436000227928162
YML095C,YKL212W,0,-6.129368,0.14980453252792358,0.9580000042915344,0.5436999797821045
YNL029C,YER138C,0,-6.129428,0.14978110790252686,0.9580000042915344,0.5437999963760376
YHL038C,YER110C,0,-6.1297307,0.14975769817829132,0.9580000042915344,0.5439000129699707
YAR015W,YCR024C-A,0,-6.129736,0.1497342884540558,0.9580000042915344,0.5440000295639038
YHR034C,YMR051C,0,-6.1301956,0.14971089363098145,0.9580000042915344,0.5440999865531921
YFR001W,YDR028C,0,-6.130247,0.1496874988079071,0.9580000042915344,0.5442000031471252
YPL101W,YML047C,0,-6.1311083,0.14966411888599396,0.9580000042915344,0.5443000197410583
YOL021C,YMR273C,0,-6.131518,0.1496407389640808,0.9580000042915344,0.5443999767303467
YKL002W,YPL041C,0,-6.1324706,0.14961737394332886,0.9580000042915344,0.5444999933242798
YGR261C,YMR014W,0,-6.1329026,0.1495940089225769,0.9580000042915344,0.5446000099182129
YDR083W,YJR046W,0,-6.133906,0.14957064390182495,0.9580000042915344,0.544700026512146
YCR039C,YHR150W,0,-6.134047,0.1495472937822342,0.9580000042915344,0.5447999835014343
YML057W,YPR155C,0,-6.1343045,0.14952395856380463,0.9580000042915344,0.5449000000953674
YGL173C,YMR026C,0,-6.134696,0.14950062334537506,0.9580000042915344,0.5450000166893005
YNL161W,YLR328W,0,-6.1347756,0.1494773030281067,0.9580000042915344,0.5450999736785889
YGR264C,YHR042W,0,-6.1348567,0.14945398271083832,0.9580000042915344,0.545199990272522
YBR065C,YMR292W,0,-6.1350336,0.14943066239356995,0.9580000042915344,0.5453000068664551
YKL042W,YLL017W,0,-6.1356683,0.14940735697746277,0.9580000042915344,0.5454000234603882
YMR216C,YOR287C,0,-6.1357126,0.14938406646251678,0.9580000042915344,0.5454999804496765
YER028C,YDR479C,0,-6.135723,0.1493607759475708,0.9580000042915344,0.5455999970436096
YBL106C,YDL092W,0,-6.136033,0.14933748543262482,0.9580000042915344,0.5457000136375427
YIR005W,YER120W,0,-6.13624,0.14931420981884003,0.9580000042915344,0.545799970626831
YNL323W,YNL313C,0,-6.1369658,0.14929094910621643,0.9580000042915344,0.5458999872207642
YAL042W,YMR022W,0,-6.1382513,0.14926768839359283,0.9580000042915344,0.5460000038146973
YGL065C,YML132W,0,-6.138348,0.14924442768096924,0.9580000042915344,0.5461000204086304
YHL009C,YDL038C,0,-6.1386886,0.14922118186950684,0.9580000042915344,0.5461999773979187
YDL174C,YBR117C,0,-6.1387978,0.14919795095920563,0.9580000042915344,0.5462999939918518
YHR052W,YKR079C,0,-6.138839,0.14917470514774323,0.9580000042915344,0.5464000105857849
YGR199W,YDR523C,0,-6.1388955,0.1491514891386032,0.9580000042915344,0.546500027179718
YOR120W,YPL276W,0,-6.1395774,0.1491282731294632,0.9580000042915344,0.5465999841690063
YHR072W,YMR165C,0,-6.1400366,0.14910505712032318,0.9580000042915344,0.5467000007629395
YHL025W,YKL099C,0,-6.1400614,0.14908185601234436,0.9580000042915344,0.5468000173568726
YBR084W,YGL163C,0,-6.1403112,0.14905865490436554,0.9580000042915344,0.5468999743461609
YPL151C,YDR293C,0,-6.1409407,0.1490354686975479,0.9580000042915344,0.546999990940094
YAL054C,YOL012C,0,-6.144246,0.14901228249073029,0.9580000042915344,0.5471000075340271
YLL018C-A,YHR030C,0,-6.1452255,0.14898911118507385,0.9580000042915344,0.5472000241279602
YOR033C,YCL033C,0,-6.145296,0.14896593987941742,0.9580000042915344,0.5472999811172485
YER030W,YBR065C,0,-6.1454353,0.14894278347492218,0.9580000042915344,0.5473999977111816
YML004C,YGL049C,0,-6.145546,0.14891962707042694,0.9580000042915344,0.5475000143051147
YDL003W,YBR156C,1,-6.145739,0.14905190467834473,0.9589999914169312,0.5475000143051147
YML107C,YOR297C,0,-6.1468596,0.1490287482738495,0.9589999914169312,0.5475999712944031
YOL110W,YLR005W,0,-6.1471577,0.14900559186935425,0.9589999914169312,0.5476999878883362
YAL041W,YHR174W,0,-6.147601,0.1489824503660202,0.9589999914169312,0.5478000044822693
YBL015W,YOR356W,0,-6.148753,0.14895930886268616,0.9589999914169312,0.5479000210762024
YDR318W,YJL080C,1,-6.149049,0.1490914672613144,0.9599999785423279,0.5479000210762024
YPL037C,YML019W,0,-6.150136,0.14906832575798035,0.9599999785423279,0.5479999780654907
YDR138W,YOR081C,0,-6.1503806,0.1490451842546463,0.9599999785423279,0.5480999946594238
YPL029W,YFL002W-A,0,-6.15065,0.14902204275131226,0.9599999785423279,0.5482000112533569
YKR039W,YDR320C,0,-6.1509995,0.1489989161491394,0.9599999785423279,0.54830002784729
YCL066W,YIL077C,0,-6.1514225,0.14897578954696655,0.9599999785423279,0.5483999848365784
YPL084W,YNL016W,0,-6.1531296,0.1489526778459549,0.9599999785423279,0.5485000014305115
YCL035C,YGL127C,0,-6.153185,0.14892956614494324,0.9599999785423279,0.5486000180244446
YJR143C,YPL203W,0,-6.15323,0.14890646934509277,0.9599999785423279,0.5486999750137329
YCR044C,YGL062W,0,-6.1532516,0.1488833725452423,0.9599999785423279,0.548799991607666
YGR286C,YCR080W,0,-6.1533747,0.14886029064655304,0.9599999785423279,0.5489000082015991
YCR098C,YCL075W,0,-6.1540174,0.14883720874786377,0.9599999785423279,0.5490000247955322
YOR002W,YDL013W,0,-6.154119,0.1488141417503357,0.9599999785423279,0.5490999817848206
YCL025C,YJL076W,0,-6.15427,0.14879107475280762,0.9599999785423279,0.5491999983787537
YJL140W,YBR030W,0,-6.154338,0.14876800775527954,0.9599999785423279,0.5493000149726868
YMR133W,YGR111W,0,-6.1543884,0.14874497056007385,0.9599999785423279,0.5493999719619751
YJR002W,YCR062W,0,-6.155398,0.14872191846370697,0.9599999785423279,0.5494999885559082
YDL112W,YMR045C,0,-6.1557965,0.14869888126850128,0.9599999785423279,0.5496000051498413
YOR171C,YML093W,0,-6.1568794,0.1486758589744568,0.9599999785423279,0.5497000217437744
YKL165C,YBR012W-A,0,-6.1569014,0.1486528366804123,0.9599999785423279,0.5497999787330627
YBR243C,YLL043W,0,-6.157214,0.1486298143863678,0.9599999785423279,0.5498999953269958
YLR223C,YDL225W,0,-6.158009,0.1486068069934845,0.9599999785423279,0.550000011920929
YKL079W,YDL190C,0,-6.1583633,0.1485838145017624,0.9599999785423279,0.5501000285148621
YPL160W,YOR080W,0,-6.158665,0.14856082201004028,0.9599999785423279,0.5501999855041504
YNL085W,YML060W,0,-6.1592703,0.14853782951831818,0.9599999785423279,0.5503000020980835
YLR223C,YPL274W,0,-6.160691,0.14851485192775726,0.9599999785423279,0.5504000186920166
YPL132W,YDR103W,0,-6.1613684,0.14849187433719635,0.9599999785423279,0.5504999756813049
YDR527W,YJL069C,0,-6.161668,0.14846891164779663,0.9599999785423279,0.550599992275238
YGL112C,YBR126C,0,-6.1619253,0.1484459489583969,0.9599999785423279,0.5507000088691711
YJR064W,YMR137C,0,-6.162675,0.1484230011701584,0.9599999785423279,0.5508000254631042
YNL016W,YPL206C,0,-6.163292,0.14840006828308105,0.9599999785423279,0.5508999824523926
YGL065C,YMR104C,0,-6.1642394,0.14837712049484253,0.9599999785423279,0.5509999990463257
YKL052C,YMR051C,0,-6.1649523,0.1483542025089264,0.9599999785423279,0.5511000156402588
YLR117C,YOR230W,0,-6.1654778,0.14833126962184906,0.9599999785423279,0.5511999726295471
YGR135W,YNL287W,0,-6.166396,0.14830835163593292,0.9599999785423279,0.5512999892234802
YBL007C,YDR478W,0,-6.1672287,0.14828544855117798,0.9599999785423279,0.5514000058174133
YDL190C,YJR141W,0,-6.1673245,0.14826254546642303,0.9599999785423279,0.5515000224113464
YHR006W,YDR453C,0,-6.1673646,0.14823965728282928,0.9599999785423279,0.5515999794006348
YPL221W,YHR023W,0,-6.1674705,0.14821676909923553,0.9599999785423279,0.5516999959945679
YBL020W,YML052W,0,-6.1677804,0.14819388091564178,0.9599999785423279,0.551800012588501
YHR142W,YGR014W,0,-6.167924,0.14817100763320923,0.9599999785423279,0.5519000291824341
YHR143W-A,YPL124W,0,-6.1683893,0.14814814925193787,0.9599999785423279,0.5519999861717224
YPL094C,YBR289W,0,-6.169478,0.1481252908706665,0.9599999785423279,0.5521000027656555
YBR039W,YKR028W,0,-6.170084,0.14810243248939514,0.9599999785423279,0.5522000193595886
YKL057C,YDL092W,0,-6.1701717,0.14807958900928497,0.9599999785423279,0.552299976348877
YLR401C,YDR532C,0,-6.1706944,0.148056760430336,0.9599999785423279,0.5523999929428101
YAL035W,YHR163W,0,-6.171343,0.14803393185138702,0.9599999785423279,0.5525000095367432
YGL119W,YJL133W,0,-6.171689,0.14801110327243805,0.9599999785423279,0.5526000261306763
YLL004W,YDL224C,0,-6.1722975,0.14798828959465027,0.9599999785423279,0.5526999831199646
YPL171C,YDR247W,0,-6.1724377,0.1479654759168625,0.9599999785423279,0.5527999997138977
YER087C-A,YOR367W,0,-6.1726947,0.1479426771402359,0.9599999785423279,0.5529000163078308
YNL227C,YGR183C,0,-6.1727996,0.14791987836360931,0.9599999785423279,0.5529999732971191
YAL012W,YLR084C,0,-6.173379,0.14789709448814392,0.9599999785423279,0.5530999898910522
YNL048W,YER138C,0,-6.173515,0.14787431061267853,0.9599999785423279,0.5532000064849854
YLR390W-A,YJL010C,0,-6.174583,0.14785152673721313,0.9599999785423279,0.5533000230789185
YNR030W,YDR206W,0,-6.174641,0.14782875776290894,0.9599999785423279,0.5533999800682068
YCR077C,YMR190C,1,-6.1764245,0.14795996248722076,0.9610000252723694,0.5533999800682068
YKL060C,YMR268C,0,-6.1765304,0.14793719351291656,0.9610000252723694,0.5534999966621399
YIL142W,YDR145W,0,-6.176567,0.14791442453861237,0.9610000252723694,0.553600013256073
YBR060C,YMR165C,0,-6.176996,0.14789165556430817,0.9610000252723694,0.5536999702453613
YGR113W,YGR197C,0,-6.177009,0.14786890149116516,0.9610000252723694,0.5537999868392944
YBR298C,YGR101W,0,-6.17801,0.14784614741802216,0.9610000252723694,0.5539000034332275
YBR296C,YER138C,0,-6.179077,0.14782340824604034,0.9610000252723694,0.5540000200271606
YER061C,YBR256C,0,-6.17964,0.14780068397521973,0.9610000252723694,0.554099977016449
YPL170W,YML029W,0,-6.1798854,0.14777794480323792,0.9610000252723694,0.5541999936103821
YMR006C,YIL080W,0,-6.180162,0.1477552205324173,0.9610000252723694,0.5543000102043152
YNL328C,YGR251W,0,-6.1802254,0.14773251116275787,0.9610000252723694,0.5544000267982483
YMR048W,YBR156C,1,-6.1802354,0.147863507270813,0.9620000123977661,0.5544000267982483
YOL121C,YGR020C,0,-6.1806135,0.14784078299999237,0.9620000123977661,0.5544999837875366
YPL037C,YGL192W,0,-6.1810746,0.14781807363033295,0.9620000123977661,0.5546000003814697
YGR155W,YCR044C,0,-6.1811867,0.14779536426067352,0.9620000123977661,0.5547000169754028
YDR153C,YCL026C-A,0,-6.1816444,0.1477726548910141,0.9620000123977661,0.5547999739646912
YDR512C,YBR273C,0,-6.1819124,0.14774996042251587,0.9620000123977661,0.5548999905586243
YMR292W,YBR126C,0,-6.1819735,0.14772726595401764,0.9620000123977661,0.5550000071525574
YPR049C,YGR178C,0,-6.182125,0.1477045863866806,0.9620000123977661,0.5551000237464905
YML081C-A,YPL063W,0,-6.182332,0.14768192172050476,0.9620000123977661,0.5551999807357788
YJL101C,YLR262C,0,-6.1824827,0.14765924215316772,0.9620000123977661,0.5552999973297119
YER040W,YGR081C,0,-6.1825013,0.14763659238815308,0.9620000123977661,0.555400013923645
YCL029C,YMR022W,0,-6.1825495,0.14761392772197723,0.9620000123977661,0.5554999709129333
YOL077W-A,YJL184W,0,-6.18272,0.14759129285812378,0.9620000123977661,0.5555999875068665
YFL011W-A,YLR167W,0,-6.183611,0.14756864309310913,0.9620000123977661,0.5557000041007996
YBR010W,YPL089C,0,-6.185691,0.14754600822925568,0.9620000123977661,0.5558000206947327
YMR179W,YJR027W,0,-6.1860714,0.14752338826656342,0.9620000123977661,0.555899977684021
YBR059C,YPL268W,0,-6.186125,0.14750076830387115,0.9620000123977661,0.5559999942779541
YOL123W,YPL006W,0,-6.1863747,0.1474781483411789,0.9620000123977661,0.5561000108718872
YOL086C,YBR201W,0,-6.186675,0.14745554327964783,0.9620000123977661,0.5562000274658203
YHR021C,YFL002W-A,0,-6.1868515,0.14743295311927795,0.9620000123977661,0.5562999844551086
YER114C,YGL097W,0,-6.1869297,0.14741036295890808,0.9620000123977661,0.5564000010490417
YJL030W,YHR048W,0,-6.1871204,0.1473877727985382,0.9620000123977661,0.5565000176429749
YBR171W,YDR034C-C,0,-6.1872454,0.14736519753932953,0.9620000123977661,0.5565999746322632
YOL039W,YGR161C-D,0,-6.1876287,0.14734262228012085,0.9620000123977661,0.5566999912261963
YBR085W,YLL017W,0,-6.188718,0.14732006192207336,0.9620000123977661,0.5568000078201294
YMR319C,YER108C,0,-6.189068,0.14729750156402588,0.9620000123977661,0.5569000244140625
YIL106W,YGR272C,0,-6.1902294,0.1472749561071396,0.9620000123977661,0.5569999814033508
YBL082C,YGR161C-D,0,-6.190501,0.1472524106502533,0.9620000123977661,0.5570999979972839
YPL048W,YOL156W,0,-6.1910267,0.1472298800945282,0.9620000123977661,0.557200014591217
YER020W,YKR087C,0,-6.1912813,0.1472073495388031,0.9620000123977661,0.5572999715805054
YNL142W,YDR164C,0,-6.191297,0.147184818983078,0.9620000123977661,0.5573999881744385
YKL185W,YLR426W,0,-6.1926417,0.1471623033285141,0.9620000123977661,0.5575000047683716
YML104C,YLR337W,0,-6.1932836,0.1471398025751114,0.9620000123977661,0.5576000213623047
YBR233W-A,YMR175W,0,-6.193441,0.14711730182170868,0.9620000123977661,0.557699978351593
YBR118W,YKR053C,0,-6.193733,0.14709480106830597,0.9620000123977661,0.5577999949455261
YFL031W,YGL168W,0,-6.1939588,0.14707231521606445,0.9620000123977661,0.5579000115394592
YGR188C,YOR078W,0,-6.1940403,0.14704982936382294,0.9620000123977661,0.5580000281333923
YNL139C,YGR245C,0,-6.194494,0.14702735841274261,0.9620000123977661,0.5580999851226807
YMR072W,YKL170W,0,-6.194729,0.1470048874616623,0.9620000123977661,0.5582000017166138
YLR342W,YLR262C,0,-6.19508,0.14698243141174316,0.9620000123977661,0.5583000183105469
YPL127C,YMR100W,0,-6.1955676,0.14695997536182404,0.9620000123977661,0.5583999752998352
YCL035C,YPL208W,0,-6.196193,0.1469375342130661,0.9620000123977661,0.5584999918937683
YDR151C,YJR120W,0,-6.196679,0.14691509306430817,0.9620000123977661,0.5586000084877014
YHR067W,YHL003C,0,-6.1972013,0.14689265191555023,0.9620000123977661,0.5587000250816345
YNL192W,YDL207W,0,-6.1972666,0.1468702256679535,0.9620000123977661,0.5587999820709229
YOL104C,YHR075C,0,-6.197296,0.14684781432151794,0.9620000123977661,0.558899998664856
YNL116W,YGR152C,0,-6.1981463,0.1468254029750824,0.9620000123977661,0.5590000152587891
YMR041C,YDR320C,0,-6.1982317,0.14680299162864685,0.9620000123977661,0.5590999722480774
YPL006W,YJL173C,0,-6.1993194,0.1467805951833725,0.9620000123977661,0.5591999888420105
YGL195W,YDR122W,0,-6.199528,0.14675819873809814,0.9620000123977661,0.5593000054359436
YIL062C,YCL074W,0,-6.1997204,0.14673581719398499,0.9620000123977661,0.5594000220298767
YDR039C,YIL048W,0,-6.1999917,0.14671343564987183,0.9620000123977661,0.559499979019165
YNL149C,YGL100W,0,-6.200267,0.14669106900691986,0.9620000123977661,0.5595999956130981
YDR231C,YOL100W,0,-6.200453,0.1466687023639679,0.9620000123977661,0.5597000122070312
YOR119C,YPR055W,0,-6.2005625,0.14664633572101593,0.9620000123977661,0.5598000288009644
YGR200C,YOR209C,0,-6.200891,0.14662398397922516,0.9620000123977661,0.5598999857902527
YER035W,YMR313C,0,-6.20137,0.14660164713859558,0.9620000123977661,0.5600000023841858
YCR020W-B,YOR231W,0,-6.2014437,0.146579310297966,0.9620000123977661,0.5601000189781189
YDR523C,YMR051C,0,-6.2022905,0.14655697345733643,0.9620000123977661,0.5601999759674072
YOL077W-A,YCR093W,0,-6.2025437,0.14653465151786804,0.9620000123977661,0.5602999925613403
YDR184C,YPL149W,0,-6.202719,0.14651232957839966,0.9620000123977661,0.5604000091552734
YPL270W,YFL018W-A,0,-6.2027817,0.14649002254009247,0.9620000123977661,0.5605000257492065
YDR060W,YOR327C,0,-6.202912,0.14646771550178528,0.9620000123977661,0.5605999827384949
YLR361C,YGR009C,0,-6.2031803,0.14644542336463928,0.9620000123977661,0.560699999332428
YIR005W,YOR224C,0,-6.2042794,0.1464231312274933,0.9620000123977661,0.5608000159263611
YDL188C,YDR418W,0,-6.204289,0.14640085399150848,0.9620000123977661,0.5608999729156494
YOR028C,YDR481C,0,-6.2043037,0.14637857675552368,0.9620000123977661,0.5609999895095825
YFL035C-A,YDR150W,0,-6.2056093,0.14635629951953888,0.9620000123977661,0.5611000061035156
YHR150W,YGR044C,0,-6.2057695,0.14633403718471527,0.9620000123977661,0.5612000226974487
YKL064W,YBR182C,0,-6.2059536,0.14631178975105286,0.9620000123977661,0.5612999796867371
YPL266W,YLR045C,0,-6.2064643,0.14628954231739044,0.9620000123977661,0.5613999962806702
YOL130W,YIL040W,0,-6.2068796,0.14626729488372803,0.9620000123977661,0.5615000128746033
YBL015W,YDR414C,0,-6.207133,0.1462450623512268,0.9620000123977661,0.5616000294685364
YLR186W,YJL114W,0,-6.207508,0.14622282981872559,0.9620000123977661,0.5616999864578247
YOR018W,YOR356W,0,-6.2075806,0.14620061218738556,0.9620000123977661,0.5618000030517578
YGR036C,YJL198W,0,-6.207719,0.14617839455604553,0.9620000123977661,0.5619000196456909
YNR058W,YGR169C,0,-6.207788,0.1461561769247055,0.9620000123977661,0.5619999766349792
YOR123C,YER095W,0,-6.2078514,0.14613397419452667,0.9620000123977661,0.5620999932289124
YPR023C,YOR157C,0,-6.208028,0.14611178636550903,0.9620000123977661,0.5622000098228455
YOR074C,YBR173C,0,-6.2085133,0.1460895985364914,0.9620000123977661,0.5623000264167786
YAL007C,YDR210W-B,0,-6.2100434,0.14606741070747375,0.9620000123977661,0.5623999834060669
YCR028C,YDR276C,0,-6.210057,0.1460452377796173,0.9620000123977661,0.5625
YDL201W,YNL093W,0,-6.210896,0.14602306485176086,0.9620000123977661,0.5626000165939331
YGR040W,YDR487C,0,-6.2110558,0.1460009068250656,0.9620000123977661,0.5626999735832214
YCL029C,YGL205W,0,-6.2113466,0.14597874879837036,0.9620000123977661,0.5627999901771545
YGL008C,YHL009C,0,-6.2125735,0.1459566056728363,0.9620000123977661,0.5629000067710876
YDL213C,YKL173W,0,-6.2126226,0.14593446254730225,0.9620000123977661,0.5630000233650208
YPL248C,YKL058W,0,-6.2129774,0.14591233432292938,0.9620000123977661,0.5630999803543091
YDR361C,YNL250W,0,-6.2132463,0.14589020609855652,0.9620000123977661,0.5631999969482422
YPR113W,YKR025W,0,-6.213811,0.14586807787418365,0.9620000123977661,0.5633000135421753
YJR121W,YMR284W,0,-6.214082,0.14584596455097198,0.9620000123977661,0.5633999705314636
YJR094C,YLR022C,0,-6.2147236,0.1458238661289215,0.9620000123977661,0.5634999871253967
YKR037C,YJL012C-A,0,-6.2148294,0.14580175280570984,0.9620000123977661,0.5636000037193298
YFR047C,YGL163C,0,-6.215211,0.14577966928482056,0.9620000123977661,0.5637000203132629
YNR002C,YKL095W,0,-6.2153544,0.14575757086277008,0.9620000123977661,0.5637999773025513
YPL016W,YOL020W,0,-6.2153654,0.1457354873418808,0.9620000123977661,0.5638999938964844
YDL117W,YLL016W,0,-6.217267,0.1457134187221527,0.9620000123977661,0.5640000104904175
YLR186W,YBL093C,0,-6.2175183,0.14569135010242462,0.9620000123977661,0.5641000270843506
YDL192W,YDR034C-C,0,-6.2177067,0.14566929638385773,0.9620000123977661,0.5641999840736389
YGR262C,YNR038W,0,-6.2177963,0.14564724266529083,0.9620000123977661,0.564300000667572
YBL047C,YCL075W,0,-6.217969,0.14562518894672394,0.9620000123977661,0.5644000172615051
YCR037C,YDR379W,0,-6.2181854,0.14560315012931824,0.9620000123977661,0.5644999742507935
YHR116W,YNR026C,0,-6.218255,0.14558111131191254,0.9620000123977661,0.5645999908447266
YCR037C,YCL001W,0,-6.2197137,0.14555908739566803,0.9620000123977661,0.5647000074386597
YDL150W,YFL002W-A,0,-6.2205887,0.14553706347942352,0.9620000123977661,0.5648000240325928
YIL040W,YER061C,0,-6.2207026,0.1455150544643402,0.9620000123977661,0.5648999810218811
YNR067C,YMR220W,0,-6.220852,0.1454930454492569,0.9620000123977661,0.5649999976158142
YOL082W,YPR072W,0,-6.220954,0.14547103643417358,0.9620000123977661,0.5651000142097473
YBR244W,YML120C,0,-6.221149,0.14544904232025146,0.9620000123977661,0.5651999711990356
YGR155W,YAL015C,0,-6.221482,0.14542706310749054,0.9620000123977661,0.5652999877929688
YJR105W,YJR063W,0,-6.2217607,0.14540508389472961,0.9620000123977661,0.5654000043869019
YDR511W,YLR138W,0,-6.2221375,0.1453831046819687,0.9620000123977661,0.565500020980835
YCL033C,YMR293C,0,-6.2226095,0.14536114037036896,0.9620000123977661,0.5655999779701233
YKL204W,YPL057C,0,-6.2229347,0.14533917605876923,0.9620000123977661,0.5656999945640564
YAL030W,YBR117C,0,-6.223257,0.1453172266483307,0.9620000123977661,0.5658000111579895
YGR206W,YGR185C,0,-6.224562,0.14529527723789215,0.9620000123977661,0.5659000277519226
YOR100C,YOL023W,0,-6.224592,0.1452733278274536,0.9620000123977661,0.5659999847412109
YPR155C,YGL093W,0,-6.2251453,0.14525139331817627,0.9620000123977661,0.566100001335144
YJL165C,YGR152C,0,-6.2254553,0.14522947371006012,0.9620000123977661,0.5662000179290771
YJR155W,YDR335W,0,-6.225704,0.14520755410194397,0.9620000123977661,0.5662999749183655
YOL003C,YDR450W,0,-6.225873,0.14518563449382782,0.9620000123977661,0.5663999915122986
YER108C,YKL196C,0,-6.2269278,0.14516372978687286,0.9620000123977661,0.5665000081062317
YAL040C,YHR031C,0,-6.227165,0.1451418250799179,0.9620000123977661,0.5666000247001648
YJR137C,YDL005C,0,-6.2272906,0.14511992037296295,0.9620000123977661,0.5666999816894531
YHL047C,YJL090C,0,-6.2279954,0.14509804546833038,0.9620000123977661,0.5667999982833862
YJL072C,YJL141C,0,-6.228166,0.14507615566253662,0.9620000123977661,0.5669000148773193
YNL123W,YJL114W,0,-6.2282186,0.14505428075790405,0.9620000123977661,0.5669999718666077
YOL130W,YKL084W,0,-6.22857,0.14503242075443268,0.9620000123977661,0.5670999884605408
YPL159C,YPR198W,0,-6.228918,0.1450105458498001,0.9620000123977661,0.5672000050544739
YLR060W,YHR205W,0,-6.2292447,0.14498870074748993,0.9620000123977661,0.567300021648407
YAL020C,YDR087C,0,-6.2293324,0.14496684074401855,0.9620000123977661,0.5673999786376953
YPL271W,YLR078C,0,-6.2295265,0.14494501054286957,0.9620000123977661,0.5674999952316284
YNL199C,YDR027C,0,-6.230685,0.1449231654405594,0.9620000123977661,0.5676000118255615
YMR083W,YDR092W,0,-6.2310286,0.1449013352394104,0.9620000123977661,0.5677000284194946
YIL142W,YER008C,0,-6.231128,0.1448795199394226,0.9620000123977661,0.567799985408783
YBR283C,YDR472W,0,-6.2324123,0.14485770463943481,0.9620000123977661,0.5679000020027161
YKL129C,YJL087C,0,-6.2325916,0.14483588933944702,0.9620000123977661,0.5680000185966492
YBR038W,YDR507C,0,-6.233898,0.14481408894062042,0.9620000123977661,0.5680999755859375
YNL094W,YGR177C,0,-6.2341695,0.14479228854179382,0.9620000123977661,0.5681999921798706
YCL043C,YPL192C,0,-6.2342834,0.14477050304412842,0.9620000123977661,0.5683000087738037
YLR403W,YNL257C,0,-6.2342954,0.144748717546463,0.9620000123977661,0.5684000253677368
YDR122W,YHR084W,0,-6.2343163,0.1447269469499588,0.9620000123977661,0.5684999823570251
YJL089W,YMR218C,0,-6.2344637,0.1447051763534546,0.9620000123977661,0.5685999989509583
YGR177C,YLR442C,0,-6.234662,0.14468340575695038,0.9620000123977661,0.5687000155448914
YLR229C,YCL075W,0,-6.2349176,0.14466165006160736,0.9620000123977661,0.5687999725341797
YDR392W,YDL084W,0,-6.2349825,0.14463990926742554,0.9620000123977661,0.5688999891281128
YIL159W,YPL075W,0,-6.2353096,0.14461815357208252,0.9620000123977661,0.5690000057220459
YPR107C,YPL276W,0,-6.2357616,0.1445964276790619,0.9620000123977661,0.569100022315979
YIL140W,YHR143W-A,0,-6.236055,0.14457468688488007,0.9620000123977661,0.5691999793052673
YDL174C,YBR179C,0,-6.236108,0.14455296099185944,0.9620000123977661,0.5692999958992004
YLR391W-A,YEL051W,0,-6.2361403,0.14453125,0.9620000123977661,0.5694000124931335
YHR001W,YMR239C,0,-6.2363386,0.14450953900814056,0.9620000123977661,0.5695000290870667
YMR011W,YJL117W,0,-6.236556,0.14448782801628113,0.9620000123977661,0.569599986076355
YCR040W,YMR087W,0,-6.2371225,0.14446613192558289,0.9620000123977661,0.5697000026702881
YNR058W,YBR159W,0,-6.23753,0.14444445073604584,0.9620000123977661,0.5698000192642212
YOR087W,YDR261W-A,0,-6.238111,0.1444227546453476,0.9620000123977661,0.5698999762535095
YGR109C,YGR083C,0,-6.2383394,0.14440107345581055,0.9620000123977661,0.5699999928474426
YMR165C,YIL119C,0,-6.2385535,0.1443794071674347,0.9620000123977661,0.5701000094413757
YFL035C,YFR033C,0,-6.239268,0.14435774087905884,0.9620000123977661,0.5702000260353088
YMR011W,YHL003C,0,-6.2397413,0.14433608949184418,0.9620000123977661,0.5702999830245972
YOR026W,YNL186W,0,-6.2397594,0.14431443810462952,0.9620000123977661,0.5703999996185303
YER172C,YBR280C,0,-6.2399797,0.14429278671741486,0.9620000123977661,0.5705000162124634
YNL071W,YJL035C,0,-6.2400975,0.1442711502313614,0.9620000123977661,0.5705999732017517
YGR188C,YMR046C,0,-6.240464,0.14424951374530792,0.9620000123977661,0.5706999897956848
YHR020W,YOR343W-B,0,-6.241656,0.14422789216041565,0.9620000123977661,0.5708000063896179
YOL031C,YDR098C-B,0,-6.2418475,0.14420627057552338,0.9620000123977661,0.570900022983551
YJR090C,YJL034W,0,-6.241909,0.1441846489906311,0.9620000123977661,0.5709999799728394
YBL015W,YDR515W,0,-6.242625,0.14416304230690002,0.9620000123977661,0.5710999965667725
YOR329C,YLR193C,0,-6.242939,0.14414145052433014,0.9620000123977661,0.5712000131607056
YKL046C,YCL074W,0,-6.243242,0.14411984384059906,0.9620000123977661,0.5713000297546387
YBR202W,YDR178W,0,-6.243456,0.14409826695919037,0.9620000123977661,0.571399986743927
YBR188C,YPR187W,0,-6.243464,0.14407667517662048,0.9620000123977661,0.5715000033378601
YNL156C,YBL058W,0,-6.244293,0.14405511319637299,0.9620000123977661,0.5716000199317932
YDL117W,YPL028W,0,-6.2443027,0.1440335363149643,0.9620000123977661,0.5716999769210815
YDL076C,YML029W,0,-6.2449417,0.1440119743347168,0.9620000123977661,0.5717999935150146
YDR329C,YNL054W-A,0,-6.2451043,0.1439904272556305,0.9620000123977661,0.5719000101089478
YPL048W,YBL026W,0,-6.245594,0.143968865275383,0.9620000123977661,0.5720000267028809
YLR321C,YNL299W,1,-6.2456446,0.1440969556570053,0.9629999995231628,0.5720000267028809
YGL084C,YPL235W,0,-6.2456594,0.144075408577919,0.9629999995231628,0.5720999836921692
YDR429C,YCL019W,0,-6.246516,0.1440538465976715,0.9629999995231628,0.5722000002861023
YCL060C,YLR067C,0,-6.246766,0.1440322995185852,0.9629999995231628,0.5723000168800354
YDL143W,YOL001W,0,-6.2470202,0.1440107673406601,0.9629999995231628,0.5723999738693237
YLR330W,YBL020W,0,-6.247376,0.14398923516273499,0.9629999995231628,0.5724999904632568
YLR438C-A,YOR232W,0,-6.247569,0.14396770298480988,0.9629999995231628,0.5726000070571899
YOR025W,YOL055C,0,-6.2475896,0.14394618570804596,0.9629999995231628,0.572700023651123
YBR039W,YAL013W,0,-6.2481356,0.14392466843128204,0.9629999995231628,0.5727999806404114
YMR143W,YDR170W-A,0,-6.248388,0.14390316605567932,0.9629999995231628,0.5728999972343445
YKL152C,YBL103C,0,-6.2486296,0.1438816636800766,0.9629999995231628,0.5730000138282776
YIL037C,YDL055C,0,-6.2488837,0.14386017620563507,0.9629999995231628,0.5730999708175659
YBR218C,YDR092W,0,-6.249517,0.14383868873119354,0.9629999995231628,0.573199987411499
YPR023C,YGL246C,0,-6.2499833,0.14381720125675201,0.9629999995231628,0.5733000040054321
YPL037C,YBL041W,0,-6.2501965,0.14379572868347168,0.9629999995231628,0.5734000205993652
YDL105W,YNL284C-B,0,-6.250277,0.14377425611019135,0.9629999995231628,0.5734999775886536
YDL170W,YPR137C-A,0,-6.250372,0.1437527984380722,0.9629999995231628,0.5735999941825867
YDR057W,YGR161W-A,0,-6.250372,0.14373134076595306,0.9629999995231628,0.5737000107765198
YER112W,YLR410W,0,-6.2508936,0.14370989799499512,0.9629999995231628,0.5738000273704529
YOR316C,YLL017W,0,-6.250971,0.14368845522403717,0.9629999995231628,0.5738999843597412
YOL111C,YCR055C,0,-6.2520866,0.14366701245307922,0.9629999995231628,0.5740000009536743
YJL080C,YLR321C,1,-6.252256,0.14379474520683289,0.9639999866485596,0.5740000009536743
YPL135W,YLR346C,0,-6.2523165,0.14377330243587494,0.9639999866485596,0.5741000175476074
YJR069C,YCL019W,0,-6.2523985,0.143751859664917,0.9639999866485596,0.5741999745368958
YLR403W,YLR090W,0,-6.2527313,0.14373043179512024,0.9639999866485596,0.5742999911308289
YNL016W,YCR055C,0,-6.2530384,0.1437090039253235,0.9639999866485596,0.574400007724762
YOL009C,YJL011C,0,-6.253044,0.14368759095668793,0.9639999866485596,0.5745000243186951
YBL080C,YJR046W,0,-6.253413,0.14366616308689117,0.9639999866485596,0.5745999813079834
YGR120C,YDL038C,0,-6.2536407,0.1436447650194168,0.9639999866485596,0.5746999979019165
YJR063W,YPR158W-B,0,-6.2539167,0.14362336695194244,0.9639999866485596,0.5748000144958496
YKL165C,YGL097W,0,-6.2539816,0.14360196888446808,0.9639999866485596,0.5748999714851379
YDR329C,YKL122C,0,-6.255012,0.1435805708169937,0.9639999866485596,0.574999988079071
YGR248W,YHL009W-B,0,-6.2550664,0.14355920255184174,0.9639999866485596,0.5751000046730042
YHR163W,YLR157C-B,0,-6.2551622,0.14353781938552856,0.9639999866485596,0.5752000212669373
YBR195C,YCL033C,0,-6.2557917,0.1435164511203766,0.9639999866485596,0.5752999782562256
YCL019W,YCL074W,0,-6.2566237,0.1434950828552246,0.9639999866485596,0.5753999948501587
YPR049C,YHR203C,0,-6.2567787,0.14347372949123383,0.9639999866485596,0.5755000114440918
YPL248C,YIL106W,0,-6.2567806,0.14345237612724304,0.9639999866485596,0.5756000280380249
YBR267W,YKL130C,0,-6.257059,0.14343103766441345,0.9639999866485596,0.5756999850273132
YER108C,YBR213W,0,-6.2572374,0.14340969920158386,0.9639999866485596,0.5758000016212463
YJL076W,YJL156C,0,-6.257375,0.14338837563991547,0.9639999866485596,0.5759000182151794
YDL232W,YLR410W,0,-6.257672,0.14336703717708588,0.9639999866485596,0.5759999752044678
YDL181W,YML010W,0,-6.2578278,0.14334572851657867,0.9639999866485596,0.5760999917984009
YPR055W,YPR125W,0,-6.2580175,0.14332441985607147,0.9639999866485596,0.576200008392334
YML104C,YLR410W-B,0,-6.258131,0.14330311119556427,0.9639999866485596,0.5763000249862671
YCR107W,YKL084W,0,-6.2583046,0.14328180253505707,0.9639999866485596,0.5763999819755554
YGR140W,YJL080C,1,-6.2584376,0.1434091180562973,0.9649999737739563,0.5763999819755554
YDL074C,YLR377C,0,-6.258596,0.1433878093957901,0.9649999737739563,0.5764999985694885
YKL185W,YGR113W,0,-6.2587357,0.1433665156364441,0.9649999737739563,0.5766000151634216
YJL207C,YOR224C,0,-6.2588916,0.14334522187709808,0.9649999737739563,0.57669997215271
YPL255W,YGR211W,0,-6.258979,0.14332392811775208,0.9649999737739563,0.5767999887466431
YER110C,YGR161C-D,0,-6.25909,0.14330264925956726,0.9649999737739563,0.5769000053405762
YDL020C,YKL145W,0,-6.2592134,0.14328137040138245,0.9649999737739563,0.5770000219345093
YNL103W,YOR279C,0,-6.259557,0.14326009154319763,0.9649999737739563,0.5770999789237976
YKL007W,YLR410W-B,0,-6.2599525,0.143238827586174,0.9649999737739563,0.5771999955177307
YPR111W,YER137C-A,0,-6.2599525,0.14321757853031158,0.9649999737739563,0.5773000121116638
YJL098W,YJL114W,0,-6.2608776,0.14319631457328796,0.9649999737739563,0.5774000287055969
YDL148C,YMR079W,0,-6.2610455,0.14317508041858673,0.9649999737739563,0.5774999856948853
YNR058W,YOL064C,0,-6.2611346,0.1431538313627243,0.9649999737739563,0.5776000022888184
YKL125W,YJL059W,0,-6.262552,0.14313259720802307,0.9649999737739563,0.5777000188827515
YPL156C,YHL027W,0,-6.26276,0.14311137795448303,0.9649999737739563,0.5777999758720398
YOL077W-A,YGR038C-A,0,-6.263593,0.143090158700943,0.9649999737739563,0.5778999924659729
YDR297W,YDR365W-B,0,-6.264263,0.14306893944740295,0.9649999737739563,0.578000009059906
YDR434W,YDR195W,0,-6.264365,0.1430477350950241,0.9649999737739563,0.5781000256538391
YOR328W,YDR115W,0,-6.2645693,0.14302653074264526,0.9649999737739563,0.5781999826431274
YOR033C,YDR030C,0,-6.264932,0.1430053412914276,0.9649999737739563,0.5782999992370605
YNL270C,YPR075C,0,-6.265136,0.14298415184020996,0.9649999737739563,0.5784000158309937
YNL275W,YPL156C,0,-6.2659974,0.1429629623889923,0.9649999737739563,0.578499972820282
YGR244C,YGR027W-A,0,-6.266658,0.14294178783893585,0.9649999737739563,0.5785999894142151
YGR231C,YPR137C-A,0,-6.266946,0.1429206132888794,0.9649999737739563,0.5787000060081482
YGL151W,YDL038C,0,-6.2671795,0.14289945363998413,0.9649999737739563,0.5788000226020813
YDR224C,YMR070W,0,-6.2672796,0.14287829399108887,0.9649999737739563,0.5788999795913696
YDL098C,YDR115W,0,-6.2675505,0.1428571492433548,0.9649999737739563,0.5789999961853027
YOR048C,YDR450W,0,-6.2676115,0.14283600449562073,0.9649999737739563,0.5791000127792358
YGL005C,YJL113W,0,-6.267864,0.14281485974788666,0.9649999737739563,0.579200029373169
YJL013C,YDL213C,0,-6.2678714,0.14279372990131378,0.9649999737739563,0.5792999863624573
YAR035W,YER137C-A,0,-6.2684774,0.1427726000547409,0.9649999737739563,0.5794000029563904
YBR068C,YAL032C,0,-6.2685175,0.14275148510932922,0.9649999737739563,0.5795000195503235
YHR191C,YBR156C,1,-6.2687,0.14287827908992767,0.9660000205039978,0.5795000195503235
YEL071W,YLR340W,0,-6.268921,0.1428571492433548,0.9660000205039978,0.5795999765396118
YBR237W,YER087C-A,0,-6.268959,0.14283601939678192,0.9660000205039978,0.5796999931335449
YLR183C,YLR410W-A,0,-6.2692432,0.14281490445137024,0.9660000205039978,0.579800009727478
YKL060C,YCR020C-A,0,-6.26931,0.14279378950595856,0.9660000205039978,0.5799000263214111
YDR376W,YHR072W,0,-6.269432,0.14277268946170807,0.9660000205039978,0.5799999833106995
YKL025C,YJR029W,0,-6.2697573,0.14275158941745758,0.9660000205039978,0.5800999999046326
YHR174W,YMR137C,0,-6.2699013,0.1427304893732071,0.9660000205039978,0.5802000164985657
YDR173C,YPL033C,0,-6.270198,0.1427094042301178,0.9660000205039978,0.580299973487854
YDL143W,YFL002W-B,0,-6.270789,0.1426883339881897,0.9660000205039978,0.5803999900817871
YDR379W,YBL100W-A,0,-6.270833,0.1426672637462616,0.9660000205039978,0.5805000066757202
YMR016C,YDR210C-C,0,-6.271659,0.1426461935043335,0.9660000205039978,0.5806000232696533
YMR319C,YGL216W,0,-6.271723,0.1426251232624054,0.9660000205039978,0.5806999802589417
YGR191W,YNL251C,0,-6.272071,0.1426040679216385,0.9660000205039978,0.5807999968528748
YOL113W,YHL009W-B,0,-6.2730117,0.14258302748203278,0.9660000205039978,0.5809000134468079
YGL062W,YOR117W,0,-6.273038,0.14256198704242706,0.9660000205039978,0.5809999704360962
YJR091C,YDR473C,0,-6.273465,0.14254094660282135,0.9660000205039978,0.5810999870300293
YBR088C,YLR410W-B,0,-6.273784,0.14251992106437683,0.9660000205039978,0.5812000036239624
YDL225W,YIL029C,0,-6.2741456,0.1424988955259323,0.9660000205039978,0.5813000202178955
YOR159C,YKL028W,0,-6.274524,0.1424778699874878,0.9660000205039978,0.5813999772071838
YIL121W,YNL313C,0,-6.274645,0.14245685935020447,0.9660000205039978,0.5814999938011169
YNL197C,YBR012W-A,0,-6.2760105,0.14243586361408234,0.9660000205039978,0.58160001039505
YJL166W,YNL054W-A,0,-6.276875,0.1424148678779602,0.9660000205039978,0.5817000269889832
YPL174C,YCL075W,0,-6.277174,0.14239387214183807,0.9660000205039978,0.5817999839782715
YAL038W,YLR197W,0,-6.277592,0.14237287640571594,0.9660000205039978,0.5819000005722046
YJL121C,YDL128W,0,-6.2777457,0.142351895570755,0.9660000205039978,0.5820000171661377
YPL179W,YJL011C,0,-6.2781186,0.14233092963695526,0.9660000205039978,0.582099974155426
YJL013C,YPR137C-A,0,-6.2781315,0.14230996370315552,0.9660000205039978,0.5821999907493591
YJL012C-A,YDR135C,0,-6.279283,0.14228899776935577,0.9660000205039978,0.5823000073432922
YAL035W,YOR142W-B,0,-6.2793875,0.14226804673671722,0.9660000205039978,0.5824000239372253
YPL204W,YBR107C,1,-6.2801404,0.14239434897899628,0.9670000076293945,0.5824000239372253
YHR007C,YNL332W,0,-6.2803483,0.14237338304519653,0.9670000076293945,0.5824999809265137
YMR167W,YOL010W,0,-6.281751,0.1423524171113968,0.9670000076293945,0.5825999975204468
YGL166W,YGL233W,0,-6.2817674,0.14233146607875824,0.9670000076293945,0.5827000141143799
YHR091C,YHR214C-C,0,-6.2819963,0.1423105150461197,0.9670000076293945,0.5827999711036682
YKL200C,YMR129W,0,-6.282298,0.14228957891464233,0.9670000076293945,0.5828999876976013
YLR205C,YPL179W,0,-6.2832274,0.14226864278316498,0.9670000076293945,0.5830000042915344
YPR082C,YOL026C,0,-6.283255,0.14224772155284882,0.9670000076293945,0.5831000208854675
YFL059W,YLR043C,0,-6.2832723,0.14222680032253265,0.9670000076293945,0.5831999778747559
YDL192W,YNL186W,0,-6.2833953,0.1422058790922165,0.9670000076293945,0.583299994468689
YMR065W,YDL213C,0,-6.2835426,0.14218497276306152,0.9670000076293945,0.5834000110626221
YBR086C,YGR002C,0,-6.283639,0.14216406643390656,0.9670000076293945,0.5835000276565552
YMR135C,YBR057C,0,-6.2840023,0.14214317500591278,0.9670000076293945,0.5835999846458435
YHL047C,YDL019C,0,-6.2843018,0.142122283577919,0.9670000076293945,0.5837000012397766
YBR234C,YOR362C,0,-6.285858,0.14210139214992523,0.9670000076293945,0.5838000178337097
YOR267C,YLR069C,0,-6.286027,0.14208051562309265,0.9670000076293945,0.583899974822998
YDL247W,YDR034C-D,0,-6.287503,0.14205963909626007,0.9670000076293945,0.5839999914169312
YGR230W,YDR040C,0,-6.288029,0.14203877747058868,0.9670000076293945,0.5841000080108643
YML120C,YOL003C,0,-6.288406,0.1420179158449173,0.9670000076293945,0.5842000246047974
YMR264W,YDL039C,0,-6.2887764,0.1419970691204071,0.9670000076293945,0.5842999815940857
YBL023C,YGR038C-A,0,-6.2895317,0.1419762223958969,0.9670000076293945,0.5843999981880188
YNL280C,YGL054C,0,-6.289592,0.14195537567138672,0.9670000076293945,0.5845000147819519
YGR257C,YLR256W-A,0,-6.289629,0.14193454384803772,0.9670000076293945,0.5845999717712402
YBR086C,YLR262C,0,-6.289976,0.14191371202468872,0.9670000076293945,0.5846999883651733
YBL080C,YDR365W-B,0,-6.2902074,0.14189288020133972,0.9670000076293945,0.5848000049591064
YGL236C,YHR086W,0,-6.2904625,0.14187206327915192,0.9670000076293945,0.5849000215530396
YDR395W,YIL077C,0,-6.2909455,0.1418512612581253,0.9670000076293945,0.5849999785423279
YOR250C,YJR120W,0,-6.290965,0.1418304443359375,0.9670000076293945,0.585099995136261
YDL117W,YGR132C,0,-6.2912292,0.1418096423149109,0.9670000076293945,0.5852000117301941
YML047C,YBR012W-B,0,-6.2912493,0.14178885519504547,0.9670000076293945,0.5853000283241272
YLL056C,YLR410W-A,0,-6.2912707,0.14176806807518005,0.9670000076293945,0.5853999853134155
YHR148W,YGL049C,0,-6.291864,0.14174728095531464,0.9670000076293945,0.5855000019073486
YAL020C,YBR012W-A,0,-6.291993,0.1417265087366104,0.9670000076293945,0.5856000185012817
YIL007C,YGR161C-C,0,-6.29214,0.14170575141906738,0.9670000076293945,0.5856999754905701
YLR449W,YCR062W,0,-6.292489,0.14168497920036316,0.9670000076293945,0.5857999920845032
YLR131C,YDR065W,0,-6.293139,0.14166422188282013,0.9670000076293945,0.5859000086784363
YMR161W,YGR161W-A,0,-6.293203,0.1416434794664383,0.9670000076293945,0.5860000252723694
YDL031W,YNL326C,0,-6.293518,0.14162273705005646,0.9670000076293945,0.5860999822616577
YLR214W,YJL204C,0,-6.294577,0.14160199463367462,0.9670000076293945,0.5861999988555908
YDL213C,YDR407C,0,-6.294584,0.14158125221729279,0.9670000076293945,0.5863000154495239
YMR011W,YPR086W,0,-6.2947035,0.14156053960323334,0.9670000076293945,0.5863999724388123
YOR372C,YDR395W,0,-6.29481,0.1415398120880127,0.9670000076293945,0.5864999890327454
YFL035C,YGL006W,0,-6.2952423,0.14151909947395325,0.9670000076293945,0.5866000056266785
YML130C,YGR048W,0,-6.295883,0.1414983868598938,0.9670000076293945,0.5867000222206116
YGL167C,YJL113W,0,-6.2963047,0.14147768914699554,0.9670000076293945,0.5867999792098999
YCL063W,YDR365W-A,0,-6.296488,0.1414569914340973,0.9670000076293945,0.586899995803833
YIL155C,YML045W,0,-6.296586,0.14143630862236023,0.9670000076293945,0.5870000123977661
YJL192C,YBL005W-A,0,-6.296865,0.14141562581062317,0.9670000076293945,0.5871000289916992
YDR301W,YKL085W,0,-6.2970614,0.1413949429988861,0.9670000076293945,0.5871999859809875
YLR397C,YDL005C,0,-6.2971435,0.14137427508831024,0.9670000076293945,0.5873000025749207
YGR003W,YER154W,0,-6.2975273,0.14135360717773438,0.9670000076293945,0.5874000191688538
YNL262W,YDR034C-C,0,-6.2980328,0.1413329392671585,0.9670000076293945,0.5874999761581421
YKL110C,YEL032W,0,-6.2982807,0.14131228625774384,0.9670000076293945,0.5875999927520752
YPR171W,YKL075C,0,-6.2986,0.14129164814949036,0.9670000076293945,0.5877000093460083
YLR363C,YGR038C-A,0,-6.2995787,0.14127099514007568,0.9670000076293945,0.5878000259399414
YBR167C,YPL163C,0,-6.300015,0.1412503719329834,0.9670000076293945,0.5878999829292297
YKL040C,YNR052C,0,-6.3001547,0.14122973382472992,0.9670000076293945,0.5879999995231628
YDR040C,YDR167W,0,-6.3004513,0.14120911061763763,0.9670000076293945,0.588100016117096
YPR019W,YKL144C,0,-6.3006,0.14118848741054535,0.9670000076293945,0.5881999731063843
YHR061C,YGR027W-A,0,-6.3006415,0.14116787910461426,0.9670000076293945,0.5882999897003174
YMR033W,YKL085W,0,-6.301069,0.14114727079868317,0.9670000076293945,0.5884000062942505
YLL022C,YBR080C,0,-6.301195,0.14112667739391327,0.9670000076293945,0.5885000228881836
YKL220C,YGR251W,0,-6.3015623,0.14110608398914337,0.9670000076293945,0.5885999798774719
YOR372C,YER148W,0,-6.3016353,0.14108549058437347,0.9670000076293945,0.588699996471405
YJR144W,YMR095C,0,-6.301757,0.14106491208076477,0.9670000076293945,0.5888000130653381
YGR262C,YHR043C,0,-6.3027873,0.14104433357715607,0.9670000076293945,0.5889000296592712
YCL059C,YDR365W-A,0,-6.302864,0.14102376997470856,0.9670000076293945,0.5889999866485596
YGL222C,YGL039W,0,-6.3028965,0.14100320637226105,0.9670000076293945,0.5891000032424927
YNL173C,YOR137C,0,-6.303444,0.14098265767097473,0.9670000076293945,0.5892000198364258
YGR135W,YBL093C,0,-6.3035145,0.14096209406852722,0.9670000076293945,0.5892999768257141
YNL268W,YBR143C,0,-6.3035507,0.1409415602684021,0.9670000076293945,0.5893999934196472
YJR093C,YGL150C,0,-6.3040323,0.14092101156711578,0.9670000076293945,0.5895000100135803
YER093C,YLR410W-A,0,-6.30412,0.14090047776699066,0.9670000076293945,0.5896000266075134
YER108C,YEL020W-A,0,-6.3042893,0.14087995886802673,0.9670000076293945,0.5896999835968018
YER159C,YJR094C,0,-6.304348,0.1408594250679016,0.9670000076293945,0.5898000001907349
YLL018C-A,YJL219W,0,-6.3043604,0.14083892107009888,0.9670000076293945,0.589900016784668
YML086C,YPL048W,0,-6.304392,0.14081840217113495,0.9670000076293945,0.5899999737739563
YGL256W,YDR261W-A,0,-6.3045063,0.14079789817333221,0.9670000076293945,0.5900999903678894
YGL190C,YBR182C,0,-6.304676,0.14077740907669067,0.9670000076293945,0.5902000069618225
YKL129C,YGR272C,0,-6.3046975,0.14075691998004913,0.9670000076293945,0.5903000235557556
YDL042C,YFL002W-B,0,-6.304989,0.1407364308834076,0.9670000076293945,0.590399980545044
YCR093W,YFL002W-A,0,-6.3049994,0.14071594178676605,0.9670000076293945,0.590499997138977
YDR335W,YDR276C,0,-6.3054614,0.1406954824924469,0.9670000076293945,0.5906000137329102
YPR108W,YDR449C,0,-6.305473,0.14067500829696655,0.9670000076293945,0.5906999707221985
YBL099W,YDR115W,0,-6.3057137,0.1406545490026474,0.9670000076293945,0.5907999873161316
YAL031C,YPL204W,1,-6.3060737,0.1407795250415802,0.9679999947547913,0.5907999873161316
YOL156W,YDR395W,0,-6.30613,0.14075905084609985,0.9679999947547913,0.5909000039100647
YAL017W,YHL009W-B,0,-6.3065352,0.1407385915517807,0.9679999947547913,0.5910000205039978
YDL227C,YDR083W,0,-6.306863,0.14071813225746155,0.9679999947547913,0.5910999774932861
YGR003W,YBR244W,0,-6.306989,0.1406976729631424,0.9679999947547913,0.5911999940872192
YGR191W,YBR218C,0,-6.3077893,0.14067722856998444,0.9679999947547913,0.5913000106811523
YDL095W,YNL244C,0,-6.308016,0.14065678417682648,0.9679999947547913,0.5914000272750854
YNR067C,YKL140W,0,-6.308638,0.1406363546848297,0.9679999947547913,0.5914999842643738
YAL040C,YCR080W,0,-6.3088517,0.14061592519283295,0.9679999947547913,0.5916000008583069
YLR246W,YCR028C-A,0,-6.3094597,0.14059549570083618,0.9679999947547913,0.59170001745224
YPL135W,YGR161C-D,0,-6.309723,0.1405750811100006,0.9679999947547913,0.5917999744415283
YCR088W,YDR210C-D,0,-6.310013,0.14055466651916504,0.9679999947547913,0.5918999910354614
YOR381W,YGR027W-A,0,-6.310109,0.14053426682949066,0.9679999947547913,0.5920000076293945
YCR086W,YCR077C,1,-6.310212,0.14065901935100555,0.968999981880188,0.5920000076293945
YDL033C,YJL012C,0,-6.3108473,0.14063860476016998,0.968999981880188,0.5921000242233276
YAL059W,YOR142W-A,0,-6.310882,0.1406182050704956,0.968999981880188,0.592199981212616
YPR037C,YGR161W-A,0,-6.311656,0.14059779047966003,0.968999981880188,0.5922999978065491
YFL035C,YBR289W,0,-6.3116755,0.14057739078998566,0.968999981880188,0.5924000144004822
YMR312W,YNL025C,0,-6.312004,0.14055700600147247,0.968999981880188,0.5924999713897705
YHR206W,YER160C,0,-6.312137,0.1405366212129593,0.968999981880188,0.5925999879837036
YGR088W,YIL063C,0,-6.3133626,0.1405162364244461,0.968999981880188,0.5927000045776367
YBR112C,YAL007C,0,-6.3135033,0.14049586653709412,0.968999981880188,0.5928000211715698
YMR065W,YDL118W,0,-6.313697,0.14047549664974213,0.968999981880188,0.5928999781608582
YOR266W,YFR003C,0,-6.3137007,0.14045514166355133,0.968999981880188,0.5929999947547913
YJL071W,YLL017W,0,-6.3138914,0.14043478667736053,0.968999981880188,0.5931000113487244
YCL011C,YMR197C,0,-6.3139887,0.14041443169116974,0.968999981880188,0.5932000279426575
YER065C,YCR071C,0,-6.314418,0.14039409160614014,0.968999981880188,0.5932999849319458
YLR074C,YDR191W,0,-6.314451,0.14037375152111053,0.968999981880188,0.5934000015258789
YLR397C,YDL042C,0,-6.3146906,0.14035341143608093,0.968999981880188,0.593500018119812
YPR122W,YOL065C,0,-6.3156824,0.14033308625221252,0.968999981880188,0.5935999751091003
YER045C,YML042W,0,-6.3161006,0.1403127759695053,0.968999981880188,0.5936999917030334
YOR319W,YPR010C,0,-6.3162317,0.1402924507856369,0.968999981880188,0.5938000082969666
YHL011C,YAR010C,0,-6.3163238,0.14027215540409088,0.968999981880188,0.5939000248908997
YDL008W,YJL080C,1,-6.3170366,0.1403965801000595,0.9700000286102295,0.5939000248908997
YCR088W,YPL098C,0,-6.3174753,0.1403762698173523,0.9700000286102295,0.593999981880188
YGR060W,YJR093C,0,-6.3177037,0.14035595953464508,0.9700000286102295,0.5940999984741211
YPL187W,YKL064W,0,-6.3178687,0.14033564925193787,0.9700000286102295,0.5942000150680542
YLR088W,YKR050W,0,-6.3179197,0.14031535387039185,0.9700000286102295,0.5942999720573425
YMR173W,YNL280C,0,-6.318049,0.14029505848884583,0.9700000286102295,0.5943999886512756
YMR229C,YPR137C-B,0,-6.318516,0.1402747631072998,0.9700000286102295,0.5945000052452087
YGL003C,YKL193C,1,-6.318661,0.14039906859397888,0.9710000157356262,0.5945000052452087
YCL035C,YER087C-A,0,-6.318816,0.14037877321243286,0.9710000157356262,0.5946000218391418
YKR001C,YGR272C,0,-6.3190804,0.14035847783088684,0.9710000157356262,0.5946999788284302
YHR143W-A,YGR161W-B,0,-6.319191,0.14033819735050201,0.9710000157356262,0.5947999954223633
YGL194C,YDR210C-C,0,-6.3192883,0.1403179168701172,0.9710000157356262,0.5949000120162964
YKL014C,YLR410W-B,0,-6.319674,0.14029765129089355,0.9710000157356262,0.5950000286102295
YDR214W,YBR216C,0,-6.320868,0.14027737081050873,0.9710000157356262,0.5950999855995178
YDR511W,YLR210W,0,-6.320876,0.1402571201324463,0.9710000157356262,0.5952000021934509
YDR122W,YNL003C,0,-6.321005,0.14023685455322266,0.9710000157356262,0.595300018787384
YGR204W,YGL039W,0,-6.321287,0.14021660387516022,0.9710000157356262,0.5953999757766724
YJL090C,YDR365W-A,0,-6.3216543,0.14019636809825897,0.9710000157356262,0.5954999923706055
YPR186C,YOR142W-A,0,-6.3217998,0.14017611742019653,0.9710000157356262,0.5956000089645386
YJL124C,YBL105C,0,-6.3219366,0.14015589654445648,0.9710000157356262,0.5957000255584717
YFL034C-B,YIL123W,0,-6.322432,0.14013566076755524,0.9710000157356262,0.59579998254776
YFL029C,YBR042C,0,-6.322574,0.14011543989181519,0.9710000157356262,0.5958999991416931
YIL121W,YBR284W,0,-6.32321,0.14009521901607513,0.9710000157356262,0.5960000157356262
YOR213C,YGR251W,0,-6.3236437,0.14007501304149628,0.9710000157356262,0.5960999727249146
YKL016C,YNL197C,0,-6.3242025,0.14005480706691742,0.9710000157356262,0.5961999893188477
YKL220C,YMR241W,0,-6.324618,0.14003461599349976,0.9710000157356262,0.5963000059127808
YGR083C,YDR334W,0,-6.324625,0.1400144249200821,0.9710000157356262,0.5964000225067139
YJR125C,YBR060C,0,-6.3246775,0.13999423384666443,0.9710000157356262,0.5964999794960022
YBR286W,YLR256W-A,0,-6.3247943,0.13997405767440796,0.9710000157356262,0.5965999960899353
YJL186W,YLR410W-B,0,-6.325906,0.1399538815021515,0.9710000157356262,0.5967000126838684
YMR015C,YDR092W,0,-6.3259687,0.13993370532989502,0.9710000157356262,0.5968000292778015
YLR129W,YFR051C,0,-6.326335,0.13991354405879974,0.9710000157356262,0.5968999862670898
YDR277C,YDR098C-A,0,-6.3264365,0.13989338278770447,0.9710000157356262,0.597000002861023
YML069W,YPR137C-B,0,-6.3265815,0.13987323641777039,0.9710000157356262,0.597100019454956
YLL018C-A,YOR033C,0,-6.326797,0.1398530900478363,0.9710000157356262,0.5971999764442444
YFL039C,YHR187W,0,-6.327357,0.13983294367790222,0.9710000157356262,0.5972999930381775
YKL185W,YPR164W,0,-6.327455,0.13981281220912933,0.9710000157356262,0.5974000096321106
YKR027W,YDL188C,0,-6.3276567,0.13979268074035645,0.9710000157356262,0.5975000262260437
YNL280C,YMR051C,0,-6.3284435,0.13977256417274475,0.9710000157356262,0.597599983215332
YMR056C,YLR056W,0,-6.328638,0.13975244760513306,0.9710000157356262,0.5976999998092651
YOR188W,YMR229C,0,-6.3286657,0.13973233103752136,0.9710000157356262,0.5978000164031982
YJR144W,YPL041C,0,-6.329444,0.13971222937107086,0.9710000157356262,0.5978999733924866
YHR094C,YDR365W-B,0,-6.3296256,0.13969212770462036,0.9710000157356262,0.5979999899864197
YOR330C,YOL061W,0,-6.330139,0.13967204093933105,0.9710000157356262,0.5981000065803528
YLR172C,YDL116W,0,-6.33081,0.13965195417404175,0.9710000157356262,0.5982000231742859
YPR037C,YOR136W,0,-6.3308187,0.13963186740875244,0.9710000157356262,0.5982999801635742
YER155C,YLR035C-A,0,-6.3308845,0.13961179554462433,0.9710000157356262,0.5983999967575073
YNR046W,YER005W,0,-6.331356,0.13959172368049622,0.9710000157356262,0.5985000133514404
YJL101C,YOR126C,0,-6.3313622,0.1395716518163681,0.9710000157356262,0.5985999703407288
YPL127C,YDR210W-A,0,-6.3313637,0.13955159485340118,0.9710000157356262,0.5986999869346619
YKL043W,YDL076C,0,-6.3318167,0.13953153789043427,0.9710000157356262,0.598800003528595
YPR167C,YER137C-A,0,-6.331895,0.13951149582862854,0.9710000157356262,0.5989000201225281
YJR127C,YLR035C-A,0,-6.33212,0.13949145376682281,0.9710000157356262,0.5989999771118164
YCR058C,YDR334W,0,-6.332258,0.1394714117050171,0.9710000157356262,0.5990999937057495
YKL205W,YEL051W,0,-6.333006,0.13945138454437256,0.9710000157356262,0.5992000102996826
YDL212W,YJL036W,0,-6.333233,0.13943135738372803,0.9710000157356262,0.5993000268936157
YOR201C,YLL016W,0,-6.333248,0.1394113451242447,0.9710000157356262,0.599399983882904
YPL019C,YOL103W-B,0,-6.3338275,0.13939133286476135,0.9710000157356262,0.5995000004768372
YML060W,YOR380W,0,-6.33453,0.13937132060527802,0.9710000157356262,0.5996000170707703
YDR480W,YPL257W-B,0,-6.3366776,0.13935132324695587,0.9710000157356262,0.5996999740600586
YGR134W,YGR161W-A,0,-6.337306,0.13933132588863373,0.9710000157356262,0.5997999906539917
YDR244W,YBR172C,0,-6.3376684,0.13931132853031158,0.9710000157356262,0.5999000072479248
YJL050W,YOR192C-B,0,-6.337692,0.13929134607315063,0.9710000157356262,0.6000000238418579
YPR171W,YEL071W,0,-6.338169,0.13927137851715088,0.9710000157356262,0.6000999808311462
YIL051C,YGL030W,0,-6.3384743,0.13925139605998993,0.9710000157356262,0.6001999974250793
YPL174C,YPR144C,0,-6.3385286,0.13923142850399017,0.9710000157356262,0.6003000140190125
YDL132W,YPL193W,0,-6.338548,0.1392114758491516,0.9710000157356262,0.6003999710083008
YEL009C,YGR185C,0,-6.339041,0.13919150829315186,0.9710000157356262,0.6004999876022339
YJR097W,YKR055W,0,-6.339122,0.1391715705394745,0.9710000157356262,0.600600004196167
YKL049C,YML085C,1,-6.3394723,0.13929492235183716,0.972000002861023,0.600600004196167
YBR081C,YHL009W-B,0,-6.3399143,0.1392749696969986,0.972000002861023,0.6007000207901001
YDR217C,YPL010W,0,-6.33998,0.13925501704216003,0.972000002861023,0.6007999777793884
YGR280C,YDR076W,0,-6.340277,0.13923506438732147,0.972000002861023,0.6008999943733215
YNL001W,YLR312C-B,0,-6.340618,0.1392151266336441,0.972000002861023,0.6010000109672546
YJR091C,YGR027W-A,0,-6.341363,0.13919518887996674,0.972000002861023,0.6011000275611877
YBL002W,YGR161W-A,0,-6.3419433,0.13917525112628937,0.972000002861023,0.6011999845504761
YPL036W,YNL154C,0,-6.342816,0.1391553282737732,0.972000002861023,0.6013000011444092
YGR113W,YNL294C,0,-6.3428283,0.1391354203224182,0.972000002861023,0.6014000177383423
YML019W,YGR161W-B,0,-6.3431993,0.13911549746990204,0.972000002861023,0.6014999747276306
YKR050W,YOR343W-B,0,-6.34344,0.13909558951854706,0.972000002861023,0.6015999913215637
YIR037W,YKR055W,0,-6.34351,0.13907569646835327,0.972000002861023,0.6017000079154968
YMR238W,YOL026C,0,-6.343772,0.1390557885169983,0.972000002861023,0.6018000245094299
YMR275C,YNL054W-A,0,-6.3437786,0.1390359103679657,0.972000002861023,0.6018999814987183
YOR178C,YNL163C,0,-6.344622,0.1390160173177719,0.972000002861023,0.6019999980926514
YBL046W,YFL005W,0,-6.344672,0.13899613916873932,0.972000002861023,0.6021000146865845
YKR079C,YJL056C,0,-6.345641,0.13897626101970673,0.972000002861023,0.6021999716758728
YCR020W-B,YLR337W,0,-6.3458185,0.13895639777183533,0.972000002861023,0.6022999882698059
YJL011C,YBR182C,0,-6.346246,0.13893653452396393,0.972000002861023,0.602400004863739
YGL073W,YNL093W,0,-6.3466716,0.13891667127609253,0.972000002861023,0.6025000214576721
YBR135W,YPL276W,0,-6.3466883,0.13889682292938232,0.972000002861023,0.6025999784469604
YLR417W,YLR157C-B,0,-6.347546,0.1388769894838333,0.972000002861023,0.6026999950408936
YHR190W,YAL042W,0,-6.347747,0.1388571411371231,0.972000002861023,0.6028000116348267
YOR126C,YGR264C,0,-6.347863,0.1388373076915741,0.972000002861023,0.6029000282287598
YLR423C,YMR202W,0,-6.349708,0.13881747424602509,0.972000002861023,0.6029999852180481
YHR015W,YBL005W-A,0,-6.3497496,0.13879765570163727,0.972000002861023,0.6031000018119812
YNL283C,YPR158W-B,0,-6.3499126,0.13877783715724945,0.972000002861023,0.6032000184059143
YDR179C,YPL094C,0,-6.3500237,0.13875803351402283,0.972000002861023,0.6032999753952026
YMR164C,YEL026W,0,-6.350127,0.1387382298707962,0.972000002861023,0.6033999919891357
YMR008C,YIL039W,0,-6.3502493,0.13871842622756958,0.972000002861023,0.6035000085830688
YKL021C,YPR158C-C,0,-6.350251,0.13869863748550415,0.972000002861023,0.603600025177002
YKL192C,YKL064W,0,-6.3502874,0.13867884874343872,0.972000002861023,0.6036999821662903
YMR268C,YMR050C,0,-6.3502913,0.1386590600013733,0.972000002861023,0.6037999987602234
YMR088C,YNL054W-B,0,-6.350348,0.13863928616046906,0.972000002861023,0.6039000153541565
YGR028W,YLR410W-B,0,-6.3509755,0.13861951231956482,0.972000002861023,0.6039999723434448
YNL147W,YDR261W-A,0,-6.3514585,0.13859973847866058,0.972000002861023,0.6040999889373779
YDR377W,YIL082W-A,0,-6.3515034,0.13857997953891754,0.972000002861023,0.604200005531311
YBR036C,YHL009W-B,0,-6.3516035,0.1385602355003357,0.972000002861023,0.6043000221252441
YJL196C,YOL039W,0,-6.3521338,0.13854047656059265,0.972000002861023,0.6043999791145325
YDR083W,YHL025W,0,-6.352521,0.1385207325220108,0.972000002861023,0.6044999957084656
YPL036W,YOR142W-A,0,-6.352667,0.13850100338459015,0.972000002861023,0.6046000123023987
YMR270C,YOR343W-B,0,-6.353004,0.1384812593460083,0.972000002861023,0.6047000288963318
YDR392W,YHR048W,0,-6.353035,0.13846154510974884,0.972000002861023,0.6047999858856201
YOR213C,YPL087W,0,-6.353449,0.13844181597232819,0.972000002861023,0.6049000024795532
YMR033W,YDR065W,0,-6.3537536,0.13842210173606873,0.972000002861023,0.6050000190734863
YGR047C,YLR346C,0,-6.3537865,0.13840238749980927,0.972000002861023,0.6050999760627747
YBR155W,YOR224C,0,-6.3538027,0.138382688164711,0.972000002861023,0.6051999926567078
YGR041W,YGL233W,0,-6.3538084,0.13836298882961273,0.972000002861023,0.6053000092506409
YNR038W,YJR102C,0,-6.3548794,0.13834328949451447,0.972000002861023,0.605400025844574
YIL008W,YGR296W,0,-6.3549423,0.1383236050605774,0.972000002861023,0.6054999828338623
YNR043W,YLR035C-A,0,-6.3549805,0.13830392062664032,0.972000002861023,0.6055999994277954
YNL275W,YDR261C-C,0,-6.3550334,0.13828425109386444,0.972000002861023,0.6057000160217285
YHR086W,YLR157C-B,0,-6.355082,0.13826458156108856,0.972000002861023,0.6057999730110168
YDR459C,YPR181C,0,-6.3554907,0.13824491202831268,0.972000002861023,0.60589998960495
YIL023C,YNL054W-B,0,-6.355806,0.138225257396698,0.972000002861023,0.6060000061988831
YFL011W-A,YLR043C,0,-6.3562036,0.1382056027650833,0.972000002861023,0.6061000227928162
YOR316C,YDL185W,0,-6.3567495,0.13818594813346863,0.972000002861023,0.6061999797821045
YJL033W,YOL126C,0,-6.356906,0.13816630840301514,0.972000002861023,0.6062999963760376
YPR113W,YIL029C,0,-6.357148,0.13814666867256165,0.972000002861023,0.6064000129699707
YKR095W,YOR343W-B,0,-6.3572555,0.13812704384326935,0.972000002861023,0.6065000295639038
YOL088C,YJR027W,0,-6.3581586,0.13810741901397705,0.972000002861023,0.6065999865531921
YJR084W,YDR365W-A,0,-6.358319,0.13808779418468475,0.972000002861023,0.6067000031471252
YDR258C,YOR126C,0,-6.358491,0.13806818425655365,0.972000002861023,0.6068000197410583
YKL213C,YDR335W,0,-6.3588834,0.13804857432842255,0.972000002861023,0.6068999767303467
YCR009C,YFL002W-A,0,-6.3590984,0.13802896440029144,0.972000002861023,0.6069999933242798
YDR295C,YGR111W,0,-6.3595796,0.13800936937332153,0.972000002861023,0.6071000099182129
YDR170C,YGR081C,0,-6.3595877,0.13798977434635162,0.972000002861023,0.607200026512146
YOL001W,YBR256C,0,-6.3595924,0.1379701942205429,0.972000002861023,0.6072999835014343
YGR072W,YDR261C-D,0,-6.3596225,0.1379506140947342,0.972000002861023,0.6074000000953674
YIL044C,YOR054C,0,-6.3596463,0.13793103396892548,0.972000002861023,0.6075000166893005
YGR161C-D,YLL017W,0,-6.359816,0.13791146874427795,0.972000002861023,0.6075999736785889
YLR397C,YGR109W-A,0,-6.359912,0.13789190351963043,0.972000002861023,0.607699990272522
YNR056C,YDL153C,0,-6.35996,0.1378723382949829,0.972000002861023,0.6078000068664551
YDR518W,YGR197C,0,-6.3603754,0.13785278797149658,0.972000002861023,0.6079000234603882
YML047C,YCR055C,0,-6.3604193,0.13783323764801025,0.972000002861023,0.6079999804496765
YMR093W,YOR068C,0,-6.3611584,0.13781370222568512,0.972000002861023,0.6080999970436096
YHR067W,YLR410W-A,0,-6.361506,0.1377941519021988,0.972000002861023,0.6082000136375427
YLR114C,YNL054W-B,0,-6.36228,0.13777463138103485,0.972000002861023,0.608299970626831
YNL281W,YLR410W-B,0,-6.3626895,0.13775509595870972,0.972000002861023,0.6083999872207642
YNL268W,YCL019W,0,-6.3629704,0.13773557543754578,0.972000002861023,0.6085000038146973
YGR289C,YDR489W,0,-6.3630543,0.13771606981754303,0.972000002861023,0.6086000204086304
YKR097W,YDR365W-A,0,-6.36327,0.13769656419754028,0.972000002861023,0.6086999773979187
YNL032W,YGR161W-A,0,-6.3633423,0.13767705857753754,0.972000002861023,0.6087999939918518
YDR013W,YDR210W-A,0,-6.3633904,0.1376575529575348,0.972000002861023,0.6089000105857849
YDR030C,YDR449C,0,-6.363636,0.13763806223869324,0.972000002861023,0.609000027179718
YPL119C,YNL054W-A,0,-6.3644047,0.13761857151985168,0.972000002861023,0.6090999841690063
YER036C,YPR049C,0,-6.364805,0.13759909570217133,0.972000002861023,0.6092000007629395
YIL121W,YPR137C-B,0,-6.3648157,0.13757961988449097,0.972000002861023,0.6093000173568726
YMR041C,YPL171C,0,-6.3648233,0.1375601440668106,0.972000002861023,0.6093999743461609
YKL049C,YJL080C,1,-6.3666363,0.13768218457698822,0.9729999899864197,0.6093999743461609
YDL022W,YGL093W,0,-6.3669,0.13766270875930786,0.9729999899864197,0.609499990940094
YMR023C,YNL054W-A,0,-6.367038,0.1376432329416275,0.9729999899864197,0.6096000075340271
YGR057C,YPL257W-B,0,-6.3671823,0.13762375712394714,0.9729999899864197,0.6097000241279602
YGL062W,YLR337W,0,-6.3673196,0.13760429620742798,0.9729999899864197,0.6097999811172485
YDR478W,YAR035W,0,-6.367718,0.1375848352909088,0.9729999899864197,0.6098999977111816
YGR218W,YER019W,0,-6.367867,0.13756538927555084,0.9729999899864197,0.6100000143051147
YCR005C,YOR261C,0,-6.368067,0.13754594326019287,0.9729999899864197,0.6100999712944031
YPL213W,YGL151W,0,-6.368672,0.1375264972448349,0.9729999899864197,0.6101999878883362
YPL175W,YER137C-A,0,-6.3690906,0.13750706613063812,0.9729999899864197,0.6103000044822693
YML067C,YER089C,0,-6.3699756,0.13748763501644135,0.9729999899864197,0.6104000210762024
YDL235C,YDR098C-B,0,-6.3701043,0.13746821880340576,0.9729999899864197,0.6104999780654907
YLR329W,YGL135W,0,-6.370119,0.13744878768920898,0.9729999899864197,0.6105999946594238
YOL121C,YCR062W,0,-6.3704553,0.1374293714761734,0.9729999899864197,0.6107000112533569
YNL044W,YDR365W-B,0,-6.370515,0.137409970164299,0.9729999899864197,0.61080002784729
YDL154W,YDR365W-A,0,-6.370636,0.13739056885242462,0.9729999899864197,0.6108999848365784
YOR212W,YLR410W-B,0,-6.3707323,0.13737116754055023,0.9729999899864197,0.6110000014305115
YBR100W,YER149C,0,-6.371113,0.13735178112983704,0.9729999899864197,0.6111000180244446
YPL126W,YPR178W,0,-6.371239,0.13733239471912384,0.9729999899864197,0.6111999750137329
YIL051C,YNL284C-B,0,-6.371361,0.13731300830841064,0.9729999899864197,0.611299991607666
YGR252W,YPR137C-A,0,-6.3713846,0.13729363679885864,0.9729999899864197,0.6114000082015991
YLR449W,YGL090W,0,-6.3715057,0.13727426528930664,0.9729999899864197,0.6115000247955322
YLR133W,YBR089C-A,0,-6.3716693,0.13725490868091583,0.9729999899864197,0.6115999817848206
YER127W,YLL003W,0,-6.371877,0.13723553717136383,0.9729999899864197,0.6116999983787537
YDR511W,YHR143W-A,0,-6.372674,0.13721619546413422,0.9729999899864197,0.6118000149726868
YFR024C-A,YNL251C,0,-6.372754,0.1371968388557434,0.9729999899864197,0.6118999719619751
YPR187W,YGR161C-C,0,-6.372931,0.1371774971485138,0.9729999899864197,0.6119999885559082
YGR213C,YLR410W-B,0,-6.3731003,0.13715815544128418,0.9729999899864197,0.6121000051498413
YER143W,YEL051W,0,-6.373124,0.13713882863521576,0.9729999899864197,0.6122000217437744
YDR511W,YHR041C,0,-6.3734097,0.13711950182914734,0.9729999899864197,0.6122999787330627
YER149C,YGR109W-A,0,-6.3736305,0.1371001899242401,0.9729999899864197,0.6123999953269958
YIL098C,YLR035C-A,0,-6.373995,0.1370808631181717,0.9729999899864197,0.612500011920929
YER042W,YHR004C,0,-6.374145,0.13706155121326447,0.9729999899864197,0.6126000285148621
YER110C,YNL044W,0,-6.3741636,0.13704225420951843,0.9729999899864197,0.6126999855041504
YDL247W,YDR210C-C,0,-6.3744287,0.1370229572057724,0.9729999899864197,0.6128000020980835
YGL028C,YKL130C,0,-6.37492,0.13700366020202637,0.9729999899864197,0.6129000186920166
YLR417W,YDR098C-B,0,-6.3754187,0.13698437809944153,0.9729999899864197,0.6129999756813049
YDR377W,YER008C,0,-6.3754406,0.1369650959968567,0.9729999899864197,0.613099992275238
YDR378C,YOR343W-B,0,-6.375587,0.13694581389427185,0.9729999899864197,0.6132000088691711
YER108C,YOR076C,0,-6.3764086,0.1369265466928482,0.9729999899864197,0.6133000254631042
YOR206W,YLR410W-B,0,-6.3764567,0.13690727949142456,0.9729999899864197,0.6133999824523926
YBR098W,YDR365W-A,0,-6.3764815,0.13688801229000092,0.9729999899864197,0.6134999990463257
YBL050W,YNL332W,0,-6.376579,0.13686875998973846,0.9729999899864197,0.6136000156402588
YLL043W,YPL041C,0,-6.3766184,0.136849507689476,0.9729999899864197,0.6136999726295471
YER126C,YDR170C,0,-6.376651,0.13683027029037476,0.9729999899864197,0.6137999892234802
YOR335C,YPR078C,0,-6.3770747,0.1368110179901123,0.9729999899864197,0.6139000058174133
YCL059C,YDR261C-C,0,-6.377157,0.13679179549217224,0.9729999899864197,0.6140000224113464
YFL057C,YOL151W,0,-6.3771954,0.13677255809307098,0.9729999899864197,0.6140999794006348
YMR311C,YGR063C,1,-6.377217,0.1368938833475113,0.9739999771118164,0.6140999794006348
YNR058W,YLR410W-A,0,-6.37723,0.13687464594841003,0.9739999771118164,0.6141999959945679
YKR020W,YLR227W-B,0,-6.3776164,0.13685542345046997,0.9739999771118164,0.614300012588501
YML015C,YFL002W-B,0,-6.3776164,0.1368361860513687,0.9739999771118164,0.6144000291824341
YGL019W,YGL001C,0,-6.377673,0.13681696355342865,0.9739999771118164,0.6144999861717224
YHR004C,YDR261C-C,0,-6.377737,0.13679775595664978,0.9739999771118164,0.6146000027656555
YMR135C,YGR161W-B,0,-6.37781,0.1367785483598709,0.9739999771118164,0.6147000193595886
YKR060W,YLR410W-B,0,-6.3778334,0.13675934076309204,0.9739999771118164,0.614799976348877
YIL153W,YGL252C,0,-6.3780994,0.13674013316631317,0.9739999771118164,0.6148999929428101
YPR200C,YGR109W-A,0,-6.3784127,0.1367209404706955,0.9739999771118164,0.6150000095367432
YOR098C,YHL009W-B,0,-6.378462,0.13670174777507782,0.9739999771118164,0.6151000261306763
YPL140C,YDR073W,0,-6.3785205,0.13668256998062134,0.9739999771118164,0.6151999831199646
YDR168W,YPR158C-C,0,-6.3785825,0.13666339218616486,0.9739999771118164,0.6152999997138977
YHL038C,YHL048W,0,-6.37886,0.13664421439170837,0.9739999771118164,0.6154000163078308
YFL056C,YDR034C-D,0,-6.379476,0.13662505149841309,0.9739999771118164,0.6154999732971191
YFL011W-A,YPR075C,0,-6.379647,0.1366058886051178,0.9739999771118164,0.6155999898910522
YGR090W,YNR047W,0,-6.3797584,0.1365867406129837,0.9739999771118164,0.6157000064849854
YNL149C,YOR256C,0,-6.379779,0.13656757771968842,0.9739999771118164,0.6158000230789185
YBL047C,YFL035C,0,-6.3799944,0.13654842972755432,0.9739999771118164,0.6158999800682068
YNL079C,YPR158W-B,0,-6.3800073,0.13652929663658142,0.9739999771118164,0.6159999966621399
YKL040C,YDR276C,0,-6.380298,0.13651016354560852,0.9739999771118164,0.616100013256073
YNR008W,YHR008C,0,-6.380453,0.13649103045463562,0.9739999771118164,0.6161999702453613
YPR057W,YLR107W,0,-6.380507,0.1364719122648239,0.9739999771118164,0.6162999868392944
YLR153C,YHR214C-C,0,-6.3805394,0.1364527940750122,0.9739999771118164,0.6164000034332275
YGR004W,YOR192C-B,0,-6.3806367,0.1364336758852005,0.9739999771118164,0.6165000200271606
YNR016C,YLR426W,0,-6.380994,0.13641457259655,0.9739999771118164,0.616599977016449
YIL048W,YLR409C,0,-6.38146,0.13639546930789948,0.9739999771118164,0.6166999936103821
YDR138W,YGR038C-A,0,-6.3818207,0.13637636601924896,0.9739999771118164,0.6168000102043152
YPR176C,YOR046C,0,-6.381873,0.13635727763175964,0.9739999771118164,0.6169000267982483
YCL067C,YHR027C,0,-6.3820677,0.13633818924427032,0.9739999771118164,0.6169999837875366
YBR155W,YJL192C,0,-6.382165,0.136319100856781,0.9739999771118164,0.6171000003814697
YPL135W,YIL022W,0,-6.3826013,0.13630002737045288,0.9739999771118164,0.6172000169754028
YAL029C,YGL233W,0,-6.3835154,0.13628095388412476,0.9739999771118164,0.6172999739646912
YGL008C,YOL103W-B,0,-6.3837075,0.13626189529895782,0.9739999771118164,0.6173999905586243
YBL046W,YDR034C-D,0,-6.383877,0.1362428367137909,0.9739999771118164,0.6175000071525574
YOR241W,YIL105C,0,-6.3839126,0.13622377812862396,0.9739999771118164,0.6176000237464905
YHR111W,YPR158C-C,0,-6.3841667,0.13620471954345703,0.9739999771118164,0.6176999807357788
YIR009W,YDR034C-C,0,-6.3844566,0.1361856758594513,0.9739999771118164,0.6177999973297119
YJR025C,YGR161C-C,0,-6.384529,0.13616664707660675,0.9739999771118164,0.617900013923645
YFL014W,YFL002W-B,0,-6.38465,0.136147603392601,0.9739999771118164,0.6179999709129333
YMR072W,YBL064C,0,-6.384847,0.13612857460975647,0.9739999771118164,0.6180999875068665
YDR309C,YHL009W-B,0,-6.3850856,0.13610956072807312,0.9739999771118164,0.6182000041007996
YDR040C,YGL008C,0,-6.3851924,0.13609054684638977,0.9739999771118164,0.6183000206947327
YLR097C,YBR060C,0,-6.385203,0.13607153296470642,0.9739999771118164,0.618399977684021
YOL111C,YGR038C-A,0,-6.3854246,0.13605251908302307,0.9739999771118164,0.6184999942779541
YMR072W,YDL055C,0,-6.386683,0.13603352010250092,0.9739999771118164,0.6186000108718872
YCR080W,YDR165W,0,-6.386834,0.13601452112197876,0.9739999771118164,0.6187000274658203
YHR119W,YGR109W-A,0,-6.3869476,0.1359955370426178,0.9739999771118164,0.6187999844551086
YCR024C-A,YOR343W-A,0,-6.3870687,0.13597655296325684,0.9739999771118164,0.6189000010490417
YBR195C,YKR056W,0,-6.387542,0.13595756888389587,0.9739999771118164,0.6190000176429749
YIL135C,YGR109W-A,0,-6.387588,0.1359385848045349,0.9739999771118164,0.6190999746322632
YCL029C,YPL234C,0,-6.38789,0.13591961562633514,0.9739999771118164,0.6191999912261963
YOR127W,YLR410W-A,0,-6.388289,0.13590066134929657,0.9739999771118164,0.6193000078201294
YJR082C,YPR016C,0,-6.388984,0.1358816921710968,0.9739999771118164,0.6194000244140625
YHR059W,YJR118C,0,-6.3890753,0.13586273789405823,0.9739999771118164,0.6194999814033508
YNL145W,YPR158C-C,0,-6.390321,0.13584379851818085,0.9739999771118164,0.6195999979972839
YKL059C,YPL138C,0,-6.390844,0.13582484424114227,0.9739999771118164,0.619700014591217
YPL112C,YPR137C-A,0,-6.39124,0.1358059048652649,0.9739999771118164,0.6197999715805054
YBL056W,YGR072W,0,-6.3916254,0.1357869803905487,0.9739999771118164,0.6198999881744385
YPR200C,YDR465C,0,-6.3921356,0.13576805591583252,0.9739999771118164,0.6200000047683716
YLR032W,YOR340C,0,-6.3922486,0.13574913144111633,0.9739999771118164,0.6201000213623047
YHR072W-A,YMR101C,0,-6.3923726,0.13573020696640015,0.9739999771118164,0.620199978351593
YCR047C,YKR029C,0,-6.3929896,0.13571129739284515,0.9739999771118164,0.6202999949455261
YDR498C,YCL075W,0,-6.393047,0.13569238781929016,0.9739999771118164,0.6204000115394592
YGL112C,YDL060W,0,-6.3930774,0.13567349314689636,0.9739999771118164,0.6205000281333923
YOR335C,YDR261C-C,0,-6.3941174,0.13565459847450256,0.9739999771118164,0.6205999851226807
YHR001W-A,YDR523C,0,-6.394429,0.13563570380210876,0.9739999771118164,0.6207000017166138
YNL118C,YHL009W-B,0,-6.3947096,0.13561682403087616,0.9739999771118164,0.6208000183105469
YEL031W,YHR006W,0,-6.3948317,0.13559794425964355,0.9739999771118164,0.6208999752998352
YDL185W,YBR012W-B,0,-6.3948836,0.13557906448841095,0.9739999771118164,0.6209999918937683
YBL026W,YML120C,0,-6.3951187,0.13556019961833954,0.9739999771118164,0.6211000084877014
YLR399C,YDR365W-B,0,-6.395447,0.13554133474826813,0.9739999771118164,0.6212000250816345
YBL022C,YMR061W,0,-6.395474,0.13552246987819672,0.9739999771118164,0.6212999820709229
YDR211W,YAR033W,0,-6.3955283,0.1355036199092865,0.9739999771118164,0.621399998664856
YFR024C,YPR100W,0,-6.395642,0.13548476994037628,0.9739999771118164,0.6215000152587891
YEL031W,YDR098C-A,0,-6.395786,0.13546591997146606,0.9739999771118164,0.6215999722480774
YER006W,YPR178W,0,-6.395858,0.13544708490371704,0.9739999771118164,0.6216999888420105
YDL006W,YOR142W-B,0,-6.396512,0.13542824983596802,0.9739999771118164,0.6218000054359436
YDR498C,YBL100W-A,0,-6.396948,0.1354094296693802,0.9739999771118164,0.6219000220298767
YBR297W,YGR027W-A,0,-6.3970914,0.13539060950279236,0.9739999771118164,0.621999979019165
YAL054C,YOR192C-A,0,-6.39772,0.13537178933620453,0.9739999771118164,0.6220999956130981
YER168C,YOR338W,0,-6.3982058,0.1353529691696167,0.9739999771118164,0.6222000122070312
YPR057W,YOR116C,0,-6.3993587,0.13533416390419006,0.9739999771118164,0.6223000288009644
YPR111W,YPR158C-C,0,-6.3994737,0.13531535863876343,0.9739999771118164,0.6223999857902527
YDR115W,YPR137C-A,0,-6.3996,0.13529656827449799,0.9739999771118164,0.6225000023841858
YPR191W,YDL007W,0,-6.399808,0.13527777791023254,0.9739999771118164,0.6226000189781189
YBR037C,YOR343W-B,0,-6.3998604,0.1352589875459671,0.9739999771118164,0.6226999759674072
YKL192C,YOL103W-A,0,-6.3999386,0.13524021208286285,0.9739999771118164,0.6227999925613403
YBR186W,YPL257W-B,0,-6.399951,0.1352214366197586,0.9739999771118164,0.6229000091552734
YPL265W,YHR039C-B,0,-6.399989,0.13520266115665436,0.9739999771118164,0.6230000257492065
YOR320C,YFL018W-A,0,-6.4001703,0.1351839005947113,0.9739999771118164,0.6230999827384949
YDR038C,YJL001W,0,-6.4001737,0.13516514003276825,0.9739999771118164,0.623199999332428
YPL015C,YGR109W-A,0,-6.4005737,0.1351463794708252,0.9739999771118164,0.6233000159263611
YNL281W,YDR277C,0,-6.401615,0.13512763381004333,0.9739999771118164,0.6233999729156494
YIR022W,YGR161C-C,0,-6.401619,0.13510888814926147,0.9739999771118164,0.6234999895095825
YDR038C,YPR137C-B,0,-6.40171,0.1350901573896408,0.9739999771118164,0.6236000061035156
YHR041C,YDR098C-A,0,-6.40255,0.13507141172885895,0.9739999771118164,0.6237000226974487
YFR024C,YGR251W,0,-6.402935,0.13505269587039948,0.9739999771118164,0.6237999796867371
YEL009C,YHR200W,0,-6.4029546,0.1350339651107788,0.9739999771118164,0.6238999962806702
YBL008W,YKL120W,0,-6.4030943,0.13501524925231934,0.9739999771118164,0.6240000128746033
YDR270W,YNL227C,0,-6.4031034,0.13499653339385986,0.9739999771118164,0.6241000294685364
YPL208W,YLR157C-B,0,-6.403463,0.13497783243656158,0.9739999771118164,0.6241999864578247
YIL009C-A,YIR026C,0,-6.4038525,0.1349591314792633,0.9739999771118164,0.6243000030517578
YBL020W,YDR365W-B,0,-6.40402,0.13494043052196503,0.9739999771118164,0.6244000196456909
YER149C,YDR261C-C,0,-6.404582,0.13492172956466675,0.9739999771118164,0.6244999766349792
YIR022W,YDR077W,0,-6.4050055,0.13490304350852966,0.9739999771118164,0.6245999932289124
YMR001C,YDR034C-D,0,-6.405246,0.13488437235355377,0.9739999771118164,0.6247000098228455
YDR210C-D,YJR120W,0,-6.405295,0.1348656862974167,0.9739999771118164,0.6248000264167786
YPL231W,YDL083C,0,-6.405387,0.1348470151424408,0.9739999771118164,0.6248999834060669
YBR289W,YOL103W-B,0,-6.405537,0.1348283439874649,0.9739999771118164,0.625
YIL110W,YBR022W,0,-6.4056606,0.1348096877336502,0.9739999771118164,0.6251000165939331
YIL155C,YAR010C,0,-6.4061937,0.1347910314798355,0.9739999771118164,0.6251999735832214
YDR141C,YJL012C-A,0,-6.406355,0.1347723752260208,0.9739999771118164,0.6252999901771545
YOR069W,YPR137C-B,0,-6.4065104,0.1347537338733673,0.9739999771118164,0.6254000067710876
YJR119C,YKL205W,0,-6.4074206,0.1347350925207138,0.9739999771118164,0.6255000233650208
YHR108W,YFL002W-B,0,-6.407855,0.1347164660692215,0.9739999771118164,0.6255999803543091
YGL183C,YER137C-A,0,-6.408218,0.134697824716568,0.9739999771118164,0.6256999969482422
YGR014W,YKL006C-A,0,-6.408435,0.13467919826507568,0.9739999771118164,0.6258000135421753
YPL122C,YHR214C-C,0,-6.408668,0.13466058671474457,0.9739999771118164,0.6258999705314636
YBR142W,YBR167C,0,-6.409251,0.13464197516441345,0.9739999771118164,0.6259999871253967
YDR424C,YAL023C,0,-6.4094186,0.13462336361408234,0.9739999771118164,0.6261000037193298
YAL016W,YKL196C,0,-6.409856,0.13460475206375122,0.9739999771118164,0.6262000203132629
YMR285C,YBR089C-A,0,-6.410136,0.1345861554145813,0.9739999771118164,0.6262999773025513
YBR068C,YBR114W,0,-6.4105806,0.13456755876541138,0.9739999771118164,0.6263999938964844
YDR392W,YDR293C,0,-6.41092,0.13454897701740265,0.9739999771118164,0.6265000104904175
YOR231W,YGL233W,0,-6.410966,0.13453038036823273,0.9739999771118164,0.6266000270843506
YAL041W,YOR209C,0,-6.4110537,0.1345118135213852,0.9739999771118164,0.6266999840736389
YHR058C,YGR027W-A,0,-6.411457,0.13449323177337646,0.9739999771118164,0.626800000667572
YNR032C-A,YJL012C-A,0,-6.411559,0.13447466492652893,0.9739999771118164,0.6269000172615051
YPR133W-A,YOR192C-A,0,-6.4118404,0.1344560980796814,0.9739999771118164,0.6269999742507935
YDR014W-A,YPR042C,0,-6.4118776,0.13443754613399506,0.9739999771118164,0.6270999908447266
YHR107C,YBL101W-B,0,-6.4118776,0.13441899418830872,0.9739999771118164,0.6272000074386597
YNL102W,YHL009W-A,0,-6.4118776,0.13440044224262238,0.9739999771118164,0.6273000240325928
YHR172W,YGR109W-A,0,-6.4118776,0.13438190519809723,0.9739999771118164,0.6273999810218811
YGR245C,YML045W-A,0,-6.4118776,0.1343633532524109,0.9739999771118164,0.6274999976158142
YMR030W,YHR214C-C,0,-6.4118776,0.13434483110904694,0.9739999771118164,0.6276000142097473
YKL186C,YDR210W-D,0,-6.4118776,0.1343262940645218,0.9739999771118164,0.6276999711990356
YML045W-A,YNL054W-B,0,-6.4118776,0.13430777192115784,0.9739999771118164,0.6277999877929688
YKL004W,YOL103W-A,0,-6.4118776,0.13428926467895508,0.9739999771118164,0.6279000043869019
YOR319W,YDR210W-D,0,-6.4118776,0.13427074253559113,0.9739999771118164,0.628000020980835
YDL042C,YDR210W-D,0,-6.4118776,0.13425223529338837,0.9739999771118164,0.6280999779701233
YDR210W-D,YDR261W-A,0,-6.4118776,0.1342337429523468,0.9739999771118164,0.6281999945640564
YBR164C,YBL101W-B,0,-6.4118776,0.13421523571014404,0.9739999771118164,0.6283000111579895
YFR003C,YPR036W-A,0,-6.4118776,0.13419674336910248,0.9739999771118164,0.6284000277519226
YOR181W,YHL009W-A,0,-6.4118776,0.1341782659292221,0.9739999771118164,0.6284999847412109
YDR524C,YDR014W-A,0,-6.4118776,0.13415977358818054,0.9739999771118164,0.628600001335144
YOR226C,YBL101W-A,0,-6.4118776,0.13414129614830017,0.9739999771118164,0.6287000179290771
YGL249W,YOL103W-A,0,-6.4118776,0.134122833609581,0.9739999771118164,0.6287999749183655
YCL029C,YOR142W-B,0,-6.4118776,0.13410437107086182,0.9739999771118164,0.6288999915122986
YDR527W,YNL284C-A,0,-6.4118776,0.13408590853214264,0.9739999771118164,0.6290000081062317
YFL018W-A,YLL017W,0,-6.4118776,0.13406744599342346,0.9739999771118164,0.6291000247001648
YDR421W,YDR365W-B,0,-6.4118776,0.13404899835586548,0.9739999771118164,0.6291999816894531
YGL119W,YDR210W-C,0,-6.4118776,0.1340305507183075,0.9739999771118164,0.6292999982833862
YDR175C,YHL009W-A,0,-6.4118776,0.1340121030807495,0.9739999771118164,0.6294000148773193
YLR233C,YDR014W-A,0,-6.4118776,0.13399367034435272,0.9739999771118164,0.6294999718666077
YDR014W-A,YHR119W,0,-6.4118776,0.13397523760795593,0.9739999771118164,0.6295999884605408
YDL105W,YBL101W-B,0,-6.4118776,0.13395681977272034,0.9739999771118164,0.6297000050544739
YFR024C-A,YLR157C-A,0,-6.4118776,0.13393838703632355,0.9739999771118164,0.629800021648407
YGL027C,YDR210W-C,0,-6.4118776,0.13391998410224915,0.9739999771118164,0.6298999786376953
YDR210C-D,YNL284C-A,0,-6.4118776,0.13390156626701355,0.9739999771118164,0.6299999952316284
YER155C,YDR261W-A,0,-6.4118776,0.13388316333293915,0.9739999771118164,0.6301000118255615
YMR129W,YNL284C-A,0,-6.4118776,0.13386476039886475,0.9739999771118164,0.6302000284194946
YHR161C,YLR157C-A,0,-6.4118776,0.13384637236595154,0.9739999771118164,0.630299985408783
YLR346C,YNL284C-A,0,-6.4118776,0.13382796943187714,0.9739999771118164,0.6304000020027161
YBL101W-A,YGR109W-A,0,-6.4118776,0.13380959630012512,0.9739999771118164,0.6305000185966492
YML010W,YNL284C-A,0,-6.4118776,0.13379120826721191,0.9739999771118164,0.6305999755859375
YBR118W,YNL284C-A,0,-6.4118776,0.1337728351354599,0.9739999771118164,0.6306999921798706
YDL029W,YDR014W-A,0,-6.4118776,0.13375446200370789,0.9739999771118164,0.6308000087738037
YOL013C,YDR210W-C,0,-6.4118776,0.13373610377311707,0.9739999771118164,0.6309000253677368
YLR337W,YNR048W,0,-6.4118776,0.13371773064136505,0.9739999771118164,0.6309999823570251
YDR014W-A,YNL154C,0,-6.4118776,0.13369938731193542,0.9739999771118164,0.6310999989509583
YGR239C,YHL009W-A,0,-6.4118776,0.1336810290813446,0.9739999771118164,0.6312000155448914
YJL073W,YNL284C-A,0,-6.4118776,0.13366268575191498,0.9739999771118164,0.6312999725341797
YGR192C,YLR157C-A,0,-6.4118776,0.13364434242248535,0.9739999771118164,0.6313999891281128
YGR055W,YDR210W-C,0,-6.4118776,0.13362601399421692,0.9739999771118164,0.6315000057220459
YLR195C,YLR157C-A,0,-6.4118776,0.1336076855659485,0.9739999771118164,0.631600022315979
YOL044W,YGR161W-B,0,-6.4118776,0.13358935713768005,0.9739999771118164,0.6316999793052673
YGR272C,YLR227W-B,0,-6.4118776,0.13357104361057281,0.9739999771118164,0.6317999958992004
YJR031C,YDR210W-C,0,-6.4118776,0.13355271518230438,0.9739999771118164,0.6319000124931335
YBR022W,YBL101W-B,0,-6.4118776,0.13353441655635834,0.9739999771118164,0.6320000290870667
YDR039C,YBL101W-B,0,-6.4118776,0.1335161030292511,0.9739999771118164,0.632099986076355
YBR236C,YML045W-A,0,-6.4118776,0.13349780440330505,0.9739999771118164,0.6322000026702881
YMR030W,YOL103W-B,0,-6.4118776,0.133479505777359,0.9739999771118164,0.6323000192642212
YPL096C-A,YFL002W-A,0,-6.4118776,0.13346122205257416,0.9739999771118164,0.6323999762535095
YKL138C-A,YMR050C,0,-6.4118776,0.1334429383277893,0.9739999771118164,0.6324999928474426
YCR062W,YLR410W-A,0,-6.4118776,0.13342465460300446,0.9739999771118164,0.6326000094413757
YKL015W,YOL103W-B,0,-6.4118776,0.1334063857793808,0.9739999771118164,0.6327000260353088
YKL001C,YPR036W-A,0,-6.4118776,0.13338811695575714,0.9739999771118164,0.6327999830245972
YDR014W-A,YPR158W-B,0,-6.4118776,0.13336984813213348,0.9739999771118164,0.6328999996185303
YPL240C,YNL284C-A,0,-6.4118776,0.13335159420967102,0.9739999771118164,0.6330000162124634
YLR376C,YNL284C-A,0,-6.4118776,0.13333334028720856,0.9739999771118164,0.6330999732017517
YER093C,YBL101W-A,0,-6.4118776,0.1333150863647461,0.9739999771118164,0.6331999897956848
YJL005W,YLR157C-A,0,-6.4118776,0.13329683244228363,0.9739999771118164,0.6333000063896179
YLR044C,YML045W-A,0,-6.4118776,0.13327859342098236,0.9739999771118164,0.633400022983551
YHL027W,YBL101W-A,0,-6.4118776,0.13326036930084229,0.9739999771118164,0.6334999799728394
YIL128W,YBL101W-A,0,-6.4118776,0.13324213027954102,0.9739999771118164,0.6335999965667725
YDR009W,YML045W-A,0,-6.4118776,0.13322390615940094,0.9739999771118164,0.6337000131607056
YBR159W,YNL284C-A,0,-6.4118776,0.13320568203926086,0.9739999771118164,0.6338000297546387
YER044C,YDR014W-A,0,-6.4118776,0.13318747282028198,0.9739999771118164,0.633899986743927
YGL054C,YDR014W-A,0,-6.4118776,0.1331692636013031,0.9739999771118164,0.6340000033378601
YOR145C,YDR210W-C,0,-6.4118776,0.13315105438232422,0.9739999771118164,0.6341000199317932
YER087C-B,YOR192C-B,0,-6.4118776,0.13313286006450653,0.9739999771118164,0.6341999769210815
YDR173C,YHL009W-A,0,-6.4118776,0.13311466574668884,0.9739999771118164,0.6342999935150146
YBL025W,YPR036W-A,0,-6.4118776,0.13309647142887115,0.9739999771118164,0.6344000101089478
YOL086C,YLR157C-A,0,-6.4118776,0.13307829201221466,0.9739999771118164,0.6345000267028809
YFL011W-A,YDR365W-A,0,-6.4118776,0.13306011259555817,0.9739999771118164,0.6345999836921692
YPL010W,YLR157C-A,0,-6.4118776,0.13304193317890167,0.9739999771118164,0.6347000002861023
YPL075W,YBL101W-B,0,-6.4118776,0.13302376866340637,0.9739999771118164,0.6348000168800354
YCR062W,YMR046C,0,-6.4118776,0.13300560414791107,0.9739999771118164,0.6348999738693237
YOR231W,YPR036W-A,0,-6.4118776,0.13298743963241577,0.9739999771118164,0.6349999904632568
YLR363C,YDR210W-D,0,-6.4118776,0.13296929001808167,0.9739999771118164,0.6351000070571899
YBR010W,YML045W-A,0,-6.4118776,0.13295112550258636,0.9739999771118164,0.635200023651123
YLR160C,YBL101W-A,0,-6.4118776,0.13293299078941345,0.9739999771118164,0.6352999806404114
YDL135C,YNL284C-A,0,-6.4118776,0.13291484117507935,0.9739999771118164,0.6353999972343445
YBR290W,YHL009W-A,0,-6.4118776,0.13289670646190643,0.9739999771118164,0.6355000138282776
YIL124W,YNL284C-A,0,-6.4118776,0.13287858664989471,0.9739999771118164,0.6355999708175659
YNL239W,YDR210W-D,0,-6.4118776,0.1328604519367218,0.9739999771118164,0.635699987411499
YOR069W,YML045W-A,0,-6.4118776,0.13284233212471008,0.9739999771118164,0.6358000040054321
YHR079C-A,YLR157C-B,0,-6.4118776,0.13282421231269836,0.9739999771118164,0.6359000205993652
YKR025W,YNL284C-A,0,-6.4118776,0.13280610740184784,0.9739999771118164,0.6359999775886536
YPR068C,YCL075W,0,-6.4120874,0.13278800249099731,0.9739999771118164,0.6360999941825867
YAR015W,YOL103W-B,0,-6.41228,0.1327698975801468,0.9739999771118164,0.6362000107765198
YAR044W,YNL339C,0,-6.41251,0.13275180757045746,0.9739999771118164,0.6363000273704529
YDL008W,YPL204W,1,-6.4126415,0.13286998867988586,0.9750000238418579,0.6363000273704529
YIL106W,YLR312C-B,0,-6.412716,0.13285188376903534,0.9750000238418579,0.6363999843597412
YMR212C,YPR158W-B,0,-6.4130263,0.132833793759346,0.9750000238418579,0.6365000009536743
YNR043W,YFL002W-B,0,-6.413123,0.13281568884849548,0.9750000238418579,0.6366000175476074
YIL106W,YBR012W-B,0,-6.413378,0.13279759883880615,0.9750000238418579,0.6366999745368958
YGL054C,YHR030C,0,-6.4135017,0.13277952373027802,0.9750000238418579,0.6367999911308289
YER003C,YGR152C,0,-6.4135985,0.13276143372058868,0.9750000238418579,0.636900007724762
YPR081C,YAR010C,0,-6.4142857,0.13274335861206055,0.9750000238418579,0.6370000243186951
YMR173W,YDR261C-C,0,-6.4145684,0.1327252984046936,0.9750000238418579,0.6370999813079834
YNL192W,YDR261W-A,0,-6.4146237,0.13270722329616547,0.9750000238418579,0.6371999979019165
YOL003C,YLR107W,0,-6.4148417,0.13268916308879852,0.9750000238418579,0.6373000144958496
YNL084C,YLR035C-A,0,-6.414921,0.13267111778259277,0.9750000238418579,0.6373999714851379
YPL049C,YPL257W-A,0,-6.415288,0.13265305757522583,0.9750000238418579,0.637499988079071
YJL101C,YMR032W,0,-6.4156904,0.13263501226902008,0.9750000238418579,0.6376000046730042
YDR036C,YJL114W,0,-6.416009,0.13261698186397552,0.9750000238418579,0.6377000212669373
YNR008W,YPR158W-B,0,-6.4163127,0.13259893655776978,0.9750000238418579,0.6377999782562256
YDR210W-A,YGR027W-A,0,-6.416751,0.13258090615272522,0.9750000238418579,0.6378999948501587
YPR176C,YDR418W,0,-6.4170637,0.13256287574768066,0.9750000238418579,0.6380000114440918
YJL090C,YNL332W,0,-6.417097,0.1325448602437973,0.9750000238418579,0.6381000280380249
YDR091C,YHR090C,0,-6.4171305,0.13252684473991394,0.9750000238418579,0.6381999850273132
YLR011W,YNL054W-B,0,-6.4172792,0.13250882923603058,0.9750000238418579,0.6383000016212463
YMR168C,YOR192C-B,0,-6.4173064,0.1324908286333084,0.9750000238418579,0.6384000182151794
YMR149W,YKL035W,0,-6.4173565,0.13247282803058624,0.9750000238418579,0.6384999752044678
YBR068C,YDR098C-A,0,-6.4175034,0.13245482742786407,0.9750000238418579,0.6385999917984009
YOR298C-A,YDR329C,0,-6.417637,0.1324368417263031,0.9750000238418579,0.638700008392334
YPR020W,YGL210W-A,0,-6.417672,0.13241885602474213,0.9750000238418579,0.6388000249862671
YIL035C,YAL040C,0,-6.417899,0.13240087032318115,0.9750000238418579,0.6388999819755554
YOR087W,YLR256W-A,0,-6.4181232,0.13238288462162018,0.9750000238418579,0.6389999985694885
YNR038W,YGR289C,0,-6.4182444,0.1323649138212204,0.9750000238418579,0.6391000151634216
YFR002W,YPL257W-B,0,-6.4186907,0.1323469579219818,0.9750000238418579,0.63919997215271
YPR112C,YDR058C,0,-6.4193,0.13232898712158203,0.9750000238418579,0.6392999887466431
YKR067W,YIL037C,0,-6.4200335,0.13231103122234344,0.9750000238418579,0.6394000053405762
YLR189C,YLR447C,0,-6.4205112,0.13229307532310486,0.9750000238418579,0.6395000219345093
YDL154W,YDR098C-B,0,-6.420849,0.13227513432502747,0.9750000238418579,0.6395999789237976
YPR083W,YFL035C,0,-6.420932,0.13225719332695007,0.9750000238418579,0.6396999955177307
YMR014W,YGL155W,0,-6.420952,0.13223925232887268,0.9750000238418579,0.6398000121116638
YIR028W,YPR158W-B,0,-6.4212785,0.1322213113307953,0.9750000238418579,0.6399000287055969
YBR100W,YNL066W,0,-6.4213314,0.1322033852338791,0.9750000238418579,0.6399999856948853
YGL135W,YLR221C,0,-6.4214506,0.1321854591369629,0.9750000238418579,0.6401000022888184
YBR290W,YPR112C,0,-6.4215074,0.13216754794120789,0.9750000238418579,0.6402000188827515
YHR043C,YGL252C,0,-6.421637,0.13214963674545288,0.9750000238418579,0.6402999758720398
YDR492W,YDR365W-B,0,-6.4217434,0.13213172554969788,0.9750000238418579,0.6403999924659729
YLL056C,YOR129C,0,-6.422272,0.13211381435394287,0.9750000238418579,0.640500009059906
YNR027W,YOR028C,0,-6.422322,0.13209591805934906,0.9750000238418579,0.6406000256538391
YPR074C,YPR137C-A,0,-6.422742,0.13207802176475525,0.9750000238418579,0.6406999826431274
YBR233W-A,YKL101W,0,-6.422809,0.13206014037132263,0.9750000238418579,0.6407999992370605
YMR173W,YDL098C,0,-6.423579,0.13204225897789001,0.9750000238418579,0.6409000158309937
YJR144W,YML131W,0,-6.4240704,0.1320243775844574,0.9750000238418579,0.640999972820282
YDR077W,YNL079C,0,-6.4241257,0.13200649619102478,0.9750000238418579,0.6410999894142151
YPL053C,YLR410W-A,0,-6.424126,0.13198862969875336,0.9750000238418579,0.6412000060081482
YKR052C,YLR426W,0,-6.4244194,0.13197076320648193,0.9750000238418579,0.6413000226020813
YMR022W,YPR158C-C,0,-6.425032,0.1319528967142105,0.9750000238418579,0.6413999795913696
YPL097W,YCR084C,0,-6.425256,0.13193504512310028,0.9750000238418579,0.6414999961853027
YKL002W,YOR233W,0,-6.425582,0.13191719353199005,0.9750000238418579,0.6416000127792358
YLR116W,YOR142W-A,0,-6.425698,0.13189935684204102,0.9750000238418579,0.641700029373169
YPL129W,YGR161W-A,0,-6.426448,0.1318815052509308,0.9750000238418579,0.6417999863624573
YER174C,YML005W,0,-6.426685,0.13186366856098175,0.9750000238418579,0.6419000029563904
YGR220C,YBR296C,0,-6.42698,0.1318458467721939,0.9750000238418579,0.6420000195503235
YLR354C,YDR261W-A,0,-6.4270515,0.13182801008224487,0.9750000238418579,0.6420999765396118
YLR378C,YDR210W-A,0,-6.427547,0.13181018829345703,0.9750000238418579,0.6421999931335449
YOR236W,YMR005W,0,-6.427553,0.13179238140583038,0.9750000238418579,0.642300009727478
YCR010C,YIL079C,0,-6.4276,0.13177455961704254,0.9750000238418579,0.6424000263214111
YLR246W,YHL009W-B,0,-6.4277525,0.1317567527294159,0.9750000238418579,0.6424999833106995
YNL133C,YPL087W,0,-6.4278092,0.13173896074295044,0.9750000238418579,0.6425999999046326
YIL036W,YGR161W-A,0,-6.427874,0.1317211538553238,0.9750000238418579,0.6427000164985657
YDR527W,YKR042W,0,-6.42791,0.13170336186885834,0.9750000238418579,0.642799973487854
YGL133W,YHR160C,0,-6.4280977,0.13168556988239288,0.9750000238418579,0.6428999900817871
YMR041C,YJR027W,0,-6.429056,0.13166779279708862,0.9750000238418579,0.6430000066757202
YPL028W,YGR161C-C,0,-6.4291315,0.13165001571178436,0.9750000238418579,0.6431000232696533
YCR080W,YJL154C,0,-6.4296865,0.1316322386264801,0.9750000238418579,0.6431999802589417
YMR313C,YDR261W-A,0,-6.4299054,0.13161447644233704,0.9750000238418579,0.6432999968528748
YKL028W,YNL044W,0,-6.429927,0.13159669935703278,0.9750000238418579,0.6434000134468079
YGR113W,YJR156C,0,-6.429929,0.1315789520740509,0.9750000238418579,0.6434999704360962
YBR026C,YOR284W,0,-6.430028,0.13156118988990784,0.9750000238418579,0.6435999870300293
YJL203W,YDR210C-D,0,-6.4306426,0.13154344260692596,0.9750000238418579,0.6437000036239624
YFL023W,YOR174W,0,-6.4306498,0.1315256953239441,0.9750000238418579,0.6438000202178955
YKL049C,YBR107C,1,-6.4309645,0.13164283335208893,0.9760000109672546,0.6438000202178955
YNL009W,YKL154W,0,-6.4313993,0.13162508606910706,0.9760000109672546,0.6438999772071838
YPL242C,YCR062W,0,-6.4315877,0.13160733878612518,0.9760000109672546,0.6439999938011169
YOR039W,YGR178C,0,-6.4318686,0.1315895915031433,0.9760000109672546,0.64410001039505
YOR180C,YOR343W-A,0,-6.432299,0.13157185912132263,0.9760000109672546,0.6442000269889832
YGL252C,YOL103W-B,0,-6.432807,0.13155411183834076,0.9760000109672546,0.6442999839782715
YAL024C,YBR100W,0,-6.4328847,0.13153639435768127,0.9760000109672546,0.6444000005722046
YLR231C,YPR137C-B,0,-6.4329033,0.1315186619758606,0.9760000109672546,0.6445000171661377
YGL073W,YER087C-A,0,-6.4341416,0.1315009444952011,0.9760000109672546,0.644599974155426
YDR517W,YGR056W,0,-6.4349413,0.13148322701454163,0.9760000109672546,0.6446999907493591
YLR032W,YLR227W-B,0,-6.4353223,0.13146552443504333,0.9760000109672546,0.6448000073432922
YHR102W,YDR378C,0,-6.4357615,0.13144780695438385,0.9760000109672546,0.6449000239372253
YJR031C,YFL002W-B,0,-6.436421,0.13143010437488556,0.9760000109672546,0.6449999809265137
YDR141C,YKL053C-A,0,-6.4370046,0.13141241669654846,0.9760000109672546,0.6450999975204468
YML019W,YCR062W,0,-6.4377236,0.13139472901821136,0.9760000109672546,0.6452000141143799
YMR218C,YDR210W-A,0,-6.437776,0.13137704133987427,0.9760000109672546,0.6452999711036682
YDR103W,YGR161C-D,0,-6.437873,0.13135935366153717,0.9760000109672546,0.6453999876976013
YGR252W,YDR261C-C,0,-6.438888,0.13134168088436127,0.9760000109672546,0.6455000042915344
YBL005W-A,YDR098C-B,0,-6.439178,0.13132400810718536,0.9760000109672546,0.6456000208854675
YLL015W,YCL005W-A,0,-6.4394135,0.13130633533000946,0.9760000109672546,0.6456999778747559
YNL020C,YKL001C,0,-6.439497,0.13128867745399475,0.9760000109672546,0.645799994468689
YER073W,YCR094W,0,-6.4396067,0.13127101957798004,0.9760000109672546,0.6459000110626221
YMR033W,YML073C,0,-6.439701,0.13125336170196533,0.9760000109672546,0.6460000276565552
YDR329C,YHR039C-B,0,-6.4397964,0.13123571872711182,0.9760000109672546,0.6460999846458435
YGL086W,YNL054W-A,0,-6.440074,0.1312180757522583,0.9760000109672546,0.6462000012397766
YNR023W,YAR044W,0,-6.4401016,0.13120043277740479,0.9760000109672546,0.6463000178337097
YDR208W,YNL090W,0,-6.4405346,0.13118278980255127,0.9760000109672546,0.646399974822998
YDL195W,YBL004W,0,-6.441263,0.13116516172885895,0.9760000109672546,0.6464999914169312
YFR014C,YKL079W,0,-6.4413066,0.13114753365516663,0.9760000109672546,0.6466000080108643
YDR150W,YOR036W,0,-6.4422784,0.1311299204826355,0.9760000109672546,0.6467000246047974
YHR183W,YGR027W-A,0,-6.4423466,0.13111230731010437,0.9760000109672546,0.6467999815940857
YDR281C,YDR261C-C,0,-6.442612,0.13109469413757324,0.9760000109672546,0.6468999981880188
YML118W,YMR051C,0,-6.4426584,0.13107708096504211,0.9760000109672546,0.6470000147819519
YBR102C,YNL054W-A,0,-6.4427567,0.13105948269367218,0.9760000109672546,0.6470999717712402
YML097C,YER137C-A,0,-6.4433136,0.13104188442230225,0.9760000109672546,0.6471999883651733
YFL023W,YGR161C-C,0,-6.4433136,0.1310243010520935,0.9760000109672546,0.6473000049591064
YNL071W,YER160C,0,-6.4435663,0.13100671768188477,0.9760000109672546,0.6474000215530396
YGR109C,YJR063W,0,-6.444406,0.13098913431167603,0.9760000109672546,0.6474999785423279
YNL272C,YPL257W-A,0,-6.4444246,0.13097155094146729,0.9760000109672546,0.647599995136261
YPR068C,YMR216C,0,-6.4444532,0.13095398247241974,0.9760000109672546,0.6477000117301941
YBR198C,YGR161C-C,0,-6.4448366,0.1309364140033722,0.9760000109672546,0.6478000283241272
YDR414C,YLR097C,0,-6.4449167,0.13091884553432465,0.9760000109672546,0.6478999853134155
YER009W,YGR027W-A,0,-6.4453926,0.1309012919664383,0.9760000109672546,0.6480000019073486
YGR075C,YJR156C,0,-6.4457793,0.13088373839855194,0.9760000109672546,0.6481000185012817
YLR384C,YJL012C-A,0,-6.446227,0.1308661848306656,0.9760000109672546,0.6481999754905701
YPL181W,YCR062W,0,-6.4466186,0.13084864616394043,0.9760000109672546,0.6482999920845032
YFL039C,YOR142W-A,0,-6.4466743,0.13083109259605408,0.9760000109672546,0.6484000086784363
YBL015W,YKL119C,0,-6.446946,0.1308135688304901,0.9760000109672546,0.6485000252723694
YDR028C,YHR203C,0,-6.4470143,0.13079603016376495,0.9760000109672546,0.6485999822616577
YPL153C,YLR430W,0,-6.447177,0.130778506398201,0.9760000109672546,0.6486999988555908
YAR002W,YPR158W-B,0,-6.4472547,0.13076098263263702,0.9760000109672546,0.6488000154495239
YKL025C,YBR167C,0,-6.447453,0.13074347376823425,0.9760000109672546,0.6488999724388123
YIL132C,YJL080C,1,-6.448177,0.13085989654064178,0.9769999980926514,0.6488999724388123
YPL051W,YLR452C,0,-6.4482884,0.13084237277507782,0.9769999980926514,0.6489999890327454
YHR016C,YLR410W-A,0,-6.448416,0.13082484900951385,0.9769999980926514,0.6491000056266785
YKR050W,YLR227W-B,0,-6.4485607,0.13080734014511108,0.9769999980926514,0.6492000222206116
YCR057C,YHR143W-A,0,-6.448908,0.1307898312807083,0.9769999980926514,0.6492999792098999
YBR098W,YJR141W,0,-6.4490213,0.13077232241630554,0.9769999980926514,0.649399995803833
YOR269W,YHR039C-B,0,-6.4490433,0.13075481355190277,0.9769999980926514,0.6495000123977661
YDR259C,YOR343W-B,0,-6.449359,0.1307373195886612,0.9769999980926514,0.6496000289916992
YJL035C,YLR126C,0,-6.449556,0.13071982562541962,0.9769999980926514,0.6496999859809875
YJL148W,YOR172W,0,-6.450034,0.13070234656333923,0.9769999980926514,0.6498000025749207
YOR032C,YBR143C,0,-6.450122,0.13068485260009766,0.9769999980926514,0.6499000191688538
YEL042W,YMR227C,0,-6.4501266,0.13066737353801727,0.9769999980926514,0.6499999761581421
YMR080C,YER021W,0,-6.4502506,0.13064990937709808,0.9769999980926514,0.6500999927520752
YLR056W,YOR018W,0,-6.4507804,0.1306324303150177,0.9769999980926514,0.6502000093460083
YLR138W,YNL138W,0,-6.4510403,0.1306149661540985,0.9769999980926514,0.6503000259399414
YJL128C,YLR035C-A,0,-6.4513273,0.13059751689434052,0.9769999980926514,0.6503999829292297
YNL281W,YGR161C-D,0,-6.4516068,0.13058005273342133,0.9769999980926514,0.6504999995231628
YDL230W,YDR057W,0,-6.4519796,0.13056260347366333,0.9769999980926514,0.650600016117096
YDR091C,YDR404C,0,-6.4524713,0.13054516911506653,0.9769999980926514,0.6506999731063843
YLL035W,YNL054W-A,0,-6.452478,0.13052771985530853,0.9769999980926514,0.6507999897003174
YJL024C,YDR210W-A,0,-6.4527435,0.13051028549671173,0.9769999980926514,0.6509000062942505
YJL121C,YDR034C-C,0,-6.453107,0.13049285113811493,0.9769999980926514,0.6510000228881836
YDR030C,YOL129W,0,-6.4532065,0.13047543168067932,0.9769999980926514,0.6510999798774719
YMR049C,YOR159C,0,-6.4537373,0.1304580122232437,0.9769999980926514,0.651199996471405
YLR102C,YNL299W,1,-6.4537783,0.1305740922689438,0.9779999852180481,0.651199996471405
YAL059W,YFR034C,0,-6.4537964,0.13055667281150818,0.9779999852180481,0.6513000130653381
YDR168W,YOL103W-A,0,-6.4538074,0.13053923845291138,0.9779999852180481,0.6514000296592712
YCL060C,YPR041W,0,-6.454525,0.13052181899547577,0.9779999852180481,0.6514999866485596
YMR042W,YOL031C,0,-6.4547815,0.13050439953804016,0.9779999852180481,0.6516000032424927
YER036C,YMR042W,0,-6.4548254,0.13048699498176575,0.9779999852180481,0.6517000198364258
YBR039W,YDR545W,0,-6.4550486,0.13046959042549133,0.9779999852180481,0.6517999768257141
YPR137W,YLL003W,0,-6.455375,0.13045218586921692,0.9779999852180481,0.6518999934196472
YBR236C,YDR210W-B,0,-6.4553795,0.1304347813129425,0.9779999852180481,0.6520000100135803
YDL232W,YGR109W-A,0,-6.455525,0.13041739165782928,0.9779999852180481,0.6521000266075134
YOL082W,YLR229C,0,-6.4558063,0.13040000200271606,0.9779999852180481,0.6521999835968018
YGL178W,YHR066W,0,-6.455888,0.13038261234760284,0.9779999852180481,0.6523000001907349
YPR190C,YDR261W-A,0,-6.4561043,0.13036523759365082,0.9779999852180481,0.652400016784668
YOR201C,YOL144W,0,-6.4568615,0.1303478628396988,0.9779999852180481,0.6524999737739563
YPR175W,YOR343W-A,0,-6.4570484,0.13033048808574677,0.9779999852180481,0.6525999903678894
YGL055W,YDR034C-C,0,-6.457145,0.13031312823295593,0.9779999852180481,0.6527000069618225
YER155C,YNL107W,0,-6.4576235,0.1302957683801651,0.9779999852180481,0.6528000235557556
YCR047C,YAR044W,0,-6.457777,0.13027840852737427,0.9779999852180481,0.652899980545044
YLR224W,YOR343W-A,0,-6.4579916,0.13026104867458344,0.9779999852180481,0.652999997138977
YBL039C,YAR009C,0,-6.458244,0.1302437037229538,0.9779999852180481,0.6531000137329102
YPL101W,YLR227W-B,0,-6.4583297,0.13022635877132416,0.9779999852180481,0.6531999707221985
YBR129C,YAR010C,0,-6.4586225,0.1302090287208557,0.9779999852180481,0.6532999873161316
YDL092W,YER137C-A,0,-6.458837,0.13019169867038727,0.9779999852180481,0.6534000039100647
YKL026C,YBL018C,0,-6.4592276,0.13017436861991882,0.9779999852180481,0.6535000205039978
YGR221C,YER137C-A,0,-6.4596605,0.13015703856945038,0.9779999852180481,0.6535999774932861
YNL199C,YDR059C,0,-6.4596825,0.13013972342014313,0.9779999852180481,0.6536999940872192
YLL050C,YFR024C,0,-6.4597073,0.13012240827083588,0.9779999852180481,0.6538000106811523
YML007W,YLR467W,0,-6.4600773,0.13010509312152863,0.9779999852180481,0.6539000272750854
YPL196W,YLL017W,0,-6.4603357,0.13008779287338257,0.9779999852180481,0.6539999842643738
YJR092W,YAR035W,0,-6.4605384,0.1300704926252365,0.9779999852180481,0.6541000008583069
YIL076W,YBL100W-A,0,-6.460712,0.13005319237709045,0.9779999852180481,0.65420001745224
YIL022W,YDR261W-A,0,-6.460869,0.1300358921289444,0.9779999852180481,0.6542999744415283
YNL088W,YHR214C-C,0,-6.461401,0.13001860678195953,0.9779999852180481,0.6543999910354614
YNL227C,YJL036W,0,-6.461891,0.13000133633613586,0.9779999852180481,0.6545000076293945
YIL117C,YGR161W-B,0,-6.4620295,0.129984050989151,0.9779999852180481,0.6546000242233276
YER020W,YDR365W-A,0,-6.4620776,0.12996678054332733,0.9779999852180481,0.654699981212616
YLR013W,YML131W,0,-6.462202,0.12994951009750366,0.9779999852180481,0.6547999978065491
YDL064W,YFR003C,0,-6.4622483,0.12993223965168,0.9779999852180481,0.6549000144004822
YFR024C-A,YOL128C,0,-6.4623327,0.12991498410701752,0.9779999852180481,0.6549999713897705
YER072W,YDR210C-D,0,-6.4624643,0.12989772856235504,0.9779999852180481,0.6550999879837036
YDR294C,YOR343W-B,0,-6.462561,0.12988047301769257,0.9779999852180481,0.6552000045776367
YHR092C,YGL044C,0,-6.463701,0.12986323237419128,0.9779999852180481,0.6553000211715698
YCL027W,YNL177C,0,-6.463793,0.12984599173069,0.9779999852180481,0.6553999781608582
YPR001W,YJL012C-A,0,-6.4640303,0.12982875108718872,0.9779999852180481,0.6554999947547913
YEL015W,YOR142W-A,0,-6.464061,0.12981152534484863,0.9779999852180481,0.6556000113487244
YOR224C,YOR057W,0,-6.464099,0.12979429960250854,0.9779999852180481,0.6557000279426575
YLR397C,YML058W,0,-6.4641685,0.12977707386016846,0.9779999852180481,0.6557999849319458
YPR175W,YNL313C,0,-6.464176,0.12975984811782837,0.9779999852180481,0.6559000015258789
YBR159W,YHR143W-A,0,-6.464989,0.12974263727664948,0.9779999852180481,0.656000018119812
YML110C,YDL013W,0,-6.465123,0.12972542643547058,0.9779999852180481,0.6560999751091003
YDR363W,YDR365W-A,0,-6.4654145,0.1297082155942917,0.9779999852180481,0.6561999917030334
YJR074W,YGR038C-A,0,-6.4658012,0.129691019654274,0.9779999852180481,0.6563000082969666
YGR010W,YDR353W,0,-6.466222,0.1296738237142563,0.9779999852180481,0.6564000248908997
YJL073W,YEL026W,0,-6.4662895,0.12965664267539978,0.9779999852180481,0.656499981880188
YPR020W,YMR135C,0,-6.466304,0.12963944673538208,0.9779999852180481,0.6565999984741211
YGL168W,YOR047C,0,-6.4664454,0.12962226569652557,0.9779999852180481,0.6567000150680542
YPR075C,YDL060W,0,-6.466504,0.12960508465766907,0.9779999852180481,0.6567999720573425
YDR221W,YOR343W-B,0,-6.4668655,0.12958791851997375,0.9779999852180481,0.6568999886512756
YDR057W,YDR034C-C,0,-6.4673004,0.12957075238227844,0.9779999852180481,0.6570000052452087
YBR093C,YDL212W,0,-6.467325,0.12955358624458313,0.9779999852180481,0.6571000218391418
YCR038C,YLR410W-A,0,-6.467349,0.12953642010688782,0.9779999852180481,0.6571999788284302
YEL024W,YBL050W,0,-6.4673495,0.1295192688703537,0.9779999852180481,0.6572999954223633
YLR131C,YHR197W,0,-6.467367,0.12950211763381958,0.9779999852180481,0.6574000120162964
YGR220C,YDL038C,0,-6.4675064,0.12948496639728546,0.9779999852180481,0.6575000286102295
YBR286W,YHR123W,0,-6.4681797,0.12946783006191254,0.9779999852180481,0.6575999855995178
YBR022W,YDR346C,0,-6.469431,0.1294506937265396,0.9779999852180481,0.6577000021934509
YKL140W,YLR410W-A,0,-6.469622,0.1294335573911667,0.9779999852180481,0.657800018787384
YOR187W,YDR034C-D,0,-6.4697676,0.12941643595695496,0.9779999852180481,0.6578999757766724
YML092C,YDR261C-D,0,-6.4699125,0.12939931452274323,0.9779999852180481,0.6579999923706055
YJL203W,YMR050C,0,-6.4700365,0.1293821930885315,0.9779999852180481,0.6581000089645386
YGR180C,YCL075W,0,-6.4702644,0.12936508655548096,0.9779999852180481,0.6582000255584717
YBR186W,YOL103W-B,0,-6.4704447,0.12934796512126923,0.9779999852180481,0.65829998254776
YHR148W,YCL075W,0,-6.4706,0.1293308585882187,0.9779999852180481,0.6583999991416931
YMR319C,YOR290C,0,-6.470693,0.12931376695632935,0.9779999852180481,0.6585000157356262
YIL009C-A,YOL101C,0,-6.4708486,0.12929667532444,0.9779999852180481,0.6585999727249146
YGL246C,YGR272C,0,-6.47089,0.12927958369255066,0.9779999852180481,0.6586999893188477
YDR394W,YDR098C-B,0,-6.4710245,0.12926249206066132,0.9779999852180481,0.6588000059127808
YGR123C,YNL250W,0,-6.4711447,0.12924540042877197,0.9779999852180481,0.6589000225067139
YGL225W,YGL249W,0,-6.471562,0.12922832369804382,0.9779999852180481,0.6589999794960022
YOR243C,YGR161W-A,0,-6.4716053,0.12921126186847687,0.9779999852180481,0.6590999960899353
YPR190C,YHR214C-C,0,-6.471653,0.12919418513774872,0.9779999852180481,0.6592000126838684
YPL121C,YCL075W,0,-6.472177,0.12917712330818176,0.9779999852180481,0.6593000292778015
YIL085C,YLR337W,0,-6.472556,0.1291600614786148,0.9779999852180481,0.6593999862670898
YPL043W,YLR410W-B,0,-6.4726205,0.12914301455020905,0.9779999852180481,0.659500002861023
YOR388C,YBR012W-B,0,-6.4727507,0.1291259527206421,0.9779999852180481,0.659600019454956
YJL204C,YIL153W,0,-6.472866,0.12910890579223633,0.9779999852180481,0.6596999764442444
YDR092W,YOL103W-B,0,-6.473442,0.12909187376499176,0.9779999852180481,0.6597999930381775
YIL123W,YBL007C,0,-6.4744864,0.129074826836586,0.9779999852180481,0.6599000096321106
YBL098W,YGL210W,0,-6.474582,0.12905779480934143,0.9779999852180481,0.6600000262260437
YDL005C,YDR261C-D,0,-6.4748464,0.12904077768325806,0.9779999852180481,0.660099983215332
YEL071W,YBL100W-A,0,-6.475333,0.1290237456560135,0.9779999852180481,0.6601999998092651
YER172C,YDR312W,0,-6.475504,0.12900672852993011,0.9779999852180481,0.6603000164031982
YNL264C,YDR098C-A,0,-6.475764,0.12898971140384674,0.9779999852180481,0.6603999733924866
YCL038C,YDR057W,0,-6.475829,0.12897270917892456,0.9779999852180481,0.6604999899864197
YMR060C,YGR038C-A,0,-6.476151,0.1289556920528412,0.9779999852180481,0.6606000065803528
YDL174C,YJL192C,0,-6.4761724,0.128938689827919,0.9779999852180481,0.6607000231742859
YNL029C,YNL066W,0,-6.476342,0.12892170250415802,0.9779999852180481,0.6607999801635742
YIL009W,YCL019W,0,-6.4763947,0.12890470027923584,0.9779999852180481,0.6608999967575073
YGL173C,YBR037C,0,-6.476467,0.12888771295547485,0.9779999852180481,0.6610000133514404
YMR299C,YOR343W-B,0,-6.4765377,0.12887074053287506,0.9779999852180481,0.6610999703407288
YDR285W,YPL257W-B,0,-6.4766345,0.12885375320911407,0.9779999852180481,0.6611999869346619
YJR064W,YNL253W,0,-6.476988,0.12883678078651428,0.9779999852180481,0.661300003528595
YCR053W,YOR115C,0,-6.4771457,0.1288198083639145,0.9779999852180481,0.6614000201225281
YER053C,YGR161C-D,0,-6.478182,0.1288028508424759,0.9779999852180481,0.6614999771118164
YNL029C,YGR090W,0,-6.4782085,0.1287858784198761,0.9779999852180481,0.6615999937057495
YIL098C,YPL015C,0,-6.4783597,0.1287689208984375,0.9779999852180481,0.6617000102996826
YLR158C,YDR261C-D,0,-6.478666,0.1287519782781601,0.9779999852180481,0.6618000268936157
YLL036C,YMR143W,0,-6.4787016,0.1287350207567215,0.9779999852180481,0.661899983882904
YNL250W,YAR010C,0,-6.479168,0.1287180781364441,0.9779999852180481,0.6620000004768372
YMR290C,YML058W,0,-6.479225,0.12870115041732788,0.9779999852180481,0.6621000170707703
YLR242C,YDR210C-D,0,-6.47944,0.12868420779705048,0.9779999852180481,0.6621999740600586
YML064C,YNL313C,0,-6.4802127,0.12866728007793427,0.9779999852180481,0.6622999906539917
YMR238W,YML130C,0,-6.4805164,0.12865035235881805,0.9779999852180481,0.6624000072479248
YHR027C,YMR210W,0,-6.4807854,0.12863343954086304,0.9779999852180481,0.6625000238418579
YLR196W,YDR082W,0,-6.481024,0.12861651182174683,0.9779999852180481,0.6625999808311462
YOR257W,YIL125W,0,-6.48202,0.1285995990037918,0.9779999852180481,0.6626999974250793
YER053C,YCR009C,0,-6.482214,0.12858270108699799,0.9779999852180481,0.6628000140190125
YJR019C,YGR109W-A,0,-6.482391,0.12856578826904297,0.9779999852180481,0.6628999710083008
YMR165C,YGL163C,0,-6.4827743,0.12854889035224915,0.9779999852180481,0.6629999876022339
YDL084W,YOL103W-A,0,-6.4831147,0.12853200733661652,0.9779999852180481,0.663100004196167
YJL198W,YOR069W,0,-6.483117,0.1285151094198227,0.9779999852180481,0.6632000207901001
YHR129C,YPR158W-B,0,-6.483164,0.12849822640419006,0.9779999852180481,0.6632999777793884
YJL111W,YOL123W,0,-6.483775,0.12848134338855743,0.9779999852180481,0.6633999943733215
YBR297W,YHR135C,0,-6.4842353,0.128464475274086,0.9779999852180481,0.6635000109672546
YLR286C,YGL168W,0,-6.4847445,0.12844759225845337,0.9779999852180481,0.6636000275611877
YML091C,YCR062W,0,-6.48496,0.12843072414398193,0.9779999852180481,0.6636999845504761
YLR242C,YCR080W,0,-6.4854975,0.1284138709306717,0.9779999852180481,0.6638000011444092
YCR080W,YPL042C,0,-6.4856477,0.12839700281620026,0.9779999852180481,0.6639000177383423
YCR083W,YJR028W,0,-6.486159,0.12838014960289001,0.9779999852180481,0.6639999747276306
YPR021C,YNR056C,0,-6.486717,0.12836329638957977,0.9779999852180481,0.6640999913215637
YFR030W,YJL012C-A,0,-6.486782,0.12834645807743073,0.9779999852180481,0.6642000079154968
YDR216W,YDL181W,0,-6.486825,0.12832961976528168,0.9779999852180481,0.6643000245094299
YDR512C,YNL280C,0,-6.486977,0.12831278145313263,0.9779999852180481,0.6643999814987183
YDR361C,YGR030C,0,-6.487501,0.12829594314098358,0.9779999852180481,0.6644999980926514
YBR145W,YBR136W,0,-6.4879217,0.12827911972999573,0.9779999852180481,0.6646000146865845
YNR008W,YOL020W,0,-6.4881897,0.12826229631900787,0.9779999852180481,0.6646999716758728
YHL031C,YKR050W,0,-6.4885044,0.12824547290802002,0.9779999852180481,0.6647999882698059
YJL060W,YNL236W,0,-6.4889097,0.12822866439819336,0.9779999852180481,0.664900004863739
YGL127C,YER137C-A,0,-6.4895473,0.1282118558883667,0.9779999852180481,0.6650000214576721
YFL009W,YDL060W,0,-6.4895577,0.12819504737854004,0.9779999852180481,0.6650999784469604
YMR001C,YHR004C,0,-6.489692,0.12817823886871338,0.9779999852180481,0.6651999950408936
YMR070W,YDR034C-D,0,-6.489789,0.1281614452600479,0.9779999852180481,0.6653000116348267
YMR219W,YLR337W,0,-6.4898643,0.12814465165138245,0.9779999852180481,0.6654000282287598
YNL218W,YOR343W-B,0,-6.489983,0.12812787294387817,0.9779999852180481,0.6654999852180481
YDR365W-A,YLR157C-B,0,-6.4901757,0.1281110793352127,0.9779999852180481,0.6656000018119812
YML007W,YPR158W-B,0,-6.490224,0.12809430062770844,0.9779999852180481,0.6657000184059143
YKL064W,YBL100W-A,0,-6.4902782,0.12807752192020416,0.9779999852180481,0.6657999753952026
YOL061W,YER137C-A,0,-6.49037,0.12806075811386108,0.9779999852180481,0.6658999919891357
YHR004C,YKL125W,0,-6.490493,0.128043994307518,0.9779999852180481,0.6660000085830688
YBR243C,YJL047C,0,-6.4905534,0.12802723050117493,0.9779999852180481,0.666100025177002
YOL088C,YMR241W,0,-6.4905586,0.12801046669483185,0.9779999852180481,0.6661999821662903
YOR315W,YEL020W-A,0,-6.490694,0.12799371778964996,0.9779999852180481,0.6662999987602234
YPR031W,YBR175W,0,-6.4911695,0.12797696888446808,0.9779999852180481,0.6664000153541565
YOL104C,YOR343W-B,0,-6.4912395,0.1279602199792862,0.9779999852180481,0.6664999723434448
YCL060C,YLR196W,0,-6.4912724,0.1279434859752655,0.9779999852180481,0.6665999889373779
YGL084C,YEL012W,0,-6.491375,0.1279267519712448,0.9779999852180481,0.666700005531311
YLR312C-B,YLR360W,0,-6.491984,0.12791001796722412,0.9779999852180481,0.6668000221252441
YML132W,YKR001C,0,-6.492166,0.12789329886436462,0.9779999852180481,0.6668999791145325
YHR169W,YNL103W,0,-6.4921713,0.12787656486034393,0.9779999852180481,0.6669999957084656
YGL032C,YFR024C-A,0,-6.49231,0.12785984575748444,0.9779999852180481,0.6671000123023987
YOR257W,YLR130C,0,-6.4925766,0.12784314155578613,0.9779999852180481,0.6672000288963318
YJR147W,YDR034C-C,0,-6.4928365,0.12782642245292664,0.9779999852180481,0.6672999858856201
YJL010C,YER123W,0,-6.4931784,0.12780971825122833,0.9779999852180481,0.6674000024795532
YHR200W,YDR103W,0,-6.493268,0.12779302895069122,0.9779999852180481,0.6675000190734863
YGR175C,YJR156C,0,-6.493395,0.12777632474899292,0.9779999852180481,0.6675999760627747
YNL106C,YNL054W-A,0,-6.4937544,0.1277596354484558,0.9779999852180481,0.6676999926567078
YFR019W,YJR147W,0,-6.4940395,0.1277429461479187,0.9779999852180481,0.6678000092506409
YER183C,YGR109W-A,0,-6.4940453,0.1277262568473816,0.9779999852180481,0.667900025844574
YGL037C,YOR142W-A,0,-6.4941897,0.12770958244800568,0.9779999852180481,0.6679999828338623
YMR025W,YGR172C,0,-6.49524,0.12769290804862976,0.9779999852180481,0.6680999994277954
YER036C,YGL150C,0,-6.495976,0.12767623364925385,0.9779999852180481,0.6682000160217285
YJL165C,YKL041W,0,-6.4977016,0.12765957415103912,0.9779999852180481,0.6682999730110168
YGR166W,YGR161C-D,0,-6.4983006,0.1276429146528244,0.9779999852180481,0.66839998960495
YPR191W,YDL111C,0,-6.4983807,0.12762625515460968,0.9779999852180481,0.6685000061988831
YOL021C,YHR181W,0,-6.4987645,0.12760961055755615,0.9779999852180481,0.6686000227928162
YPL006W,YPL138C,0,-6.498783,0.12759295105934143,0.9779999852180481,0.6686999797821045
YPR113W,YIL118W,0,-6.498828,0.1275763064622879,0.9779999852180481,0.6687999963760376
YPL037C,YPR068C,0,-6.499156,0.12755967676639557,0.9779999852180481,0.6689000129699707
YCR052W,YHL009W-B,0,-6.49922,0.12754303216934204,0.9779999852180481,0.6690000295639038
YLR320W,YML131W,0,-6.4994154,0.1275264024734497,0.9779999852180481,0.6690999865531921
YBR182C,YOR256C,0,-6.499629,0.12750977277755737,0.9779999852180481,0.6692000031471252
YBR026C,YOL012C,0,-6.499717,0.12749315798282623,0.9779999852180481,0.6693000197410583
YDR214W,YOR171C,0,-6.5001554,0.1274765431880951,0.9779999852180481,0.6693999767303467
YNL339C,YOR343W-A,0,-6.5002356,0.12745992839336395,0.9779999852180481,0.6694999933242798
YFR001W,YER100W,0,-6.5007124,0.1274433135986328,0.9779999852180481,0.6696000099182129
YDR488C,YOL103W-B,0,-6.5007677,0.12742671370506287,0.9779999852180481,0.669700026512146
YDR211W,YFL035C,0,-6.500781,0.12741011381149292,0.9779999852180481,0.6697999835014343
YJL194W,YOL010W,0,-6.5007906,0.12739351391792297,0.9779999852180481,0.6699000000953674
YLR116W,YLR227W-B,0,-6.501395,0.12737691402435303,0.9779999852180481,0.6700000166893005
YPL089C,YCL005W-A,0,-6.502021,0.12736032903194427,0.9779999852180481,0.6700999736785889
YMR161W,YCR062W,0,-6.5020313,0.12734374403953552,0.9779999852180481,0.670199990272522
YOL013C,YNR023W,0,-6.5021524,0.12732717394828796,0.9779999852180481,0.6703000068664551
YBR240C,YLR227W-B,0,-6.5021696,0.1273105889558792,0.9779999852180481,0.6704000234603882
YOR085W,YOL061W,0,-6.5023737,0.12729401886463165,0.9779999852180481,0.6704999804496765
YNR030W,YHR021C,0,-6.5026555,0.1272774636745453,0.9779999852180481,0.6705999970436096
YOL013C,YDL232W,0,-6.503346,0.12726089358329773,0.9779999852180481,0.6707000136375427
YLR370C,YDR292C,0,-6.5033784,0.12724433839321136,0.9779999852180481,0.670799970626831
YOR377W,YFL035C-A,0,-6.503612,0.127227783203125,0.9779999852180481,0.6708999872207642
YER014C-A,YDL031W,0,-6.5040755,0.12721124291419983,0.9779999852180481,0.6710000038146973
YJL099W,YLL022C,0,-6.5044656,0.12719468772411346,0.9779999852180481,0.6711000204086304
YPL231W,YDR365W-A,0,-6.504684,0.1271781474351883,0.9779999852180481,0.6711999773979187
YLR312C-B,YHR084W,0,-6.504686,0.12716162204742432,0.9779999852180481,0.6712999939918518
YDR512C,YDR261C-D,0,-6.5048785,0.12714508175849915,0.9779999852180481,0.6714000105857849
YBL079W,YML085C,1,-6.5050945,0.1272585541009903,0.9789999723434448,0.6714000105857849
YKL173W,YDR098C-B,0,-6.50512,0.12724201381206512,0.9789999723434448,0.671500027179718
YKL190W,YDL185W,0,-6.5055146,0.12722547352313995,0.9789999723434448,0.6715999841690063
YHL031C,YBR117C,0,-6.5056953,0.12720893323421478,0.9789999723434448,0.6717000007629395
YNL009W,YKL200C,0,-6.5065746,0.1271924078464508,0.9789999723434448,0.6718000173568726
YNL159C,YMR053C,0,-6.5069366,0.12717588245868683,0.9789999723434448,0.6718999743461609
YHR142W,YPL101W,0,-6.50814,0.12715937197208405,0.9789999723434448,0.671999990940094
YIR037W,YLR275W,0,-6.508793,0.12714286148548126,0.9789999723434448,0.6721000075340271
YGL238W,YKR007W,0,-6.5089703,0.12712635099887848,0.9789999723434448,0.6722000241279602
YOL165C,YPR093C,0,-6.509386,0.1271098405122757,0.9789999723434448,0.6722999811172485
YIL072W,YDR065W,0,-6.5095744,0.1270933449268341,0.9789999723434448,0.6723999977111816
YGR092W,YKR079C,0,-6.509604,0.12707684934139252,0.9789999723434448,0.6725000143051147
YHR188C,YDL084W,0,-6.50967,0.12706035375595093,0.9789999723434448,0.6725999712944031
YPL235W,YCR073C,0,-6.510957,0.12704385817050934,0.9789999723434448,0.6726999878883362
YLR376C,YDR210C-D,0,-6.511214,0.12702737748622894,0.9789999723434448,0.6728000044822693
YMR001C,YOR130C,0,-6.5112286,0.12701089680194855,0.9789999723434448,0.6729000210762024
YBR162C,YBR254C,0,-6.5113716,0.12699441611766815,0.9789999723434448,0.6729999780654907
YGL163C,YGR192C,0,-6.511562,0.12697795033454895,0.9789999723434448,0.6730999946594238
YOR033C,YFL035C-A,0,-6.511649,0.12696148455142975,0.9789999723434448,0.6732000112533569
YJL134W,YMR061W,0,-6.51178,0.12694501876831055,0.9789999723434448,0.67330002784729
YLR131C,YPL275W,0,-6.511949,0.12692856788635254,0.9789999723434448,0.6733999848365784
YPL115C,YDR098C-A,0,-6.5124707,0.12691210210323334,0.9789999723434448,0.6735000014305115
YMR183C,YMR088C,0,-6.512734,0.12689565122127533,0.9789999723434448,0.6736000180244446
YDL105W,YIL077C,0,-6.5128145,0.12687921524047852,0.9789999723434448,0.6736999750137329
YJL122W,YNL039W,0,-6.5130033,0.1268627643585205,0.9789999723434448,0.673799991607666
YNR008W,YDL111C,0,-6.5131645,0.1268463283777237,0.9789999723434448,0.6739000082015991
YAL007C,YBR106W,0,-6.5131683,0.12682990729808807,0.9789999723434448,0.6740000247955322
YOR249C,YBL079W,1,-6.513262,0.12694300711154938,0.9800000190734863,0.6740000247955322
YGR009C,YOR343W-A,0,-6.5143085,0.12692657113075256,0.9800000190734863,0.6740999817848206
YBR199W,YHL034C,0,-6.514486,0.12691012024879456,0.9800000190734863,0.6741999983787537
YLR330W,YOR338W,0,-6.51493,0.12689369916915894,0.9800000190734863,0.6743000149726868
YNL268W,YJL104W,0,-6.5151334,0.12687726318836212,0.9800000190734863,0.6743999719619751
YLR259C,YIL114C,0,-6.51656,0.1268608421087265,0.9800000190734863,0.6744999885559082
YOR371C,YML047C,0,-6.516819,0.12684442102909088,0.9800000190734863,0.6746000051498413
YPL255W,YNL054W-A,0,-6.5177903,0.12682799994945526,0.9800000190734863,0.6747000217437744
YDL100C,YDR178W,0,-6.517827,0.12681159377098083,0.9800000190734863,0.6747999787330627
YDR377W,YNL036W,0,-6.518128,0.1267951875925064,0.9800000190734863,0.6748999953269958
YPR144C,YJR042W,0,-6.518206,0.12677878141403198,0.9800000190734863,0.675000011920929
YLR105C,YOL110W,0,-6.5186334,0.12676239013671875,0.9800000190734863,0.6751000285148621
YGL143C,YPL041C,0,-6.5187063,0.12674598395824432,0.9800000190734863,0.6751999855041504
YDR378C,YDL085W,0,-6.5187616,0.12672960758209229,0.9800000190734863,0.6753000020980835
YOR150W,YIL121W,0,-6.518979,0.12671321630477905,0.9800000190734863,0.6754000186920166
YBR142W,YGR027W-A,0,-6.5190487,0.12669683992862701,0.9800000190734863,0.6754999756813049
YNL199C,YDR037W,0,-6.5195274,0.12668044865131378,0.9800000190734863,0.675599992275238
YHR148W,YNL054W-B,0,-6.519628,0.12666408717632294,0.9800000190734863,0.6757000088691711
YLR259C,YKL117W,0,-6.5197215,0.1266477108001709,0.9800000190734863,0.6758000254631042
YIL119C,YJR135W-A,0,-6.519946,0.12663134932518005,0.9800000190734863,0.6758999824523926
YDL207W,YLR337W,0,-6.520613,0.1266149878501892,0.9800000190734863,0.6759999990463257
YGR094W,YJR141W,0,-6.5208592,0.12659862637519836,0.9800000190734863,0.6761000156402588
YGL163C,YNR034W,0,-6.5210686,0.1265822798013687,0.9800000190734863,0.6761999726295471
YGR134W,YDR151C,0,-6.5220275,0.12656593322753906,0.9800000190734863,0.6762999892234802
YNL253W,YPR078C,0,-6.5223536,0.1265495866537094,0.9800000190734863,0.6764000058174133
YJL209W,YHR143W,0,-6.5225306,0.12653324007987976,0.9800000190734863,0.6765000224113464
YOL165C,YHR152W,0,-6.522568,0.1265169084072113,0.9800000190734863,0.6765999794006348
YLR214W,YFL035C-A,0,-6.5228095,0.12650057673454285,0.9800000190734863,0.6766999959945679
YHL027W,YGR229C,0,-6.5229044,0.12648425996303558,0.9800000190734863,0.676800012588501
YCL031C,YBL050W,0,-6.522974,0.12646792829036713,0.9800000190734863,0.6769000291824341
YMR104C,YGR296W,0,-6.5230274,0.12645161151885986,0.9800000190734863,0.6769999861717224
YBR002C,YHR027C,0,-6.523594,0.1264352947473526,0.9800000190734863,0.6771000027656555
YLR196W,YML097C,0,-6.5238333,0.12641899287700653,0.9800000190734863,0.6772000193595886
YGR038C-A,YJR141W,0,-6.5244646,0.12640267610549927,0.9800000190734863,0.677299976348877
YOR079C,YDR346C,0,-6.5245085,0.1263863742351532,0.9800000190734863,0.6773999929428101
YIL002C,YIL128W,0,-6.524598,0.12637008726596832,0.9800000190734863,0.6775000095367432
YDR512C,YDR122W,0,-6.5258822,0.12635378539562225,0.9800000190734863,0.6776000261306763
YBR009C,YBR089C-A,0,-6.5259523,0.12633749842643738,0.9800000190734863,0.6776999831199646
YOR353C,YDR365W-A,0,-6.526012,0.1263212114572525,0.9800000190734863,0.6777999997138977
YLR105C,YGR272C,0,-6.5261173,0.12630493938922882,0.9800000190734863,0.6779000163078308
YOR221C,YHR099W,0,-6.526199,0.12628865242004395,0.9800000190734863,0.6779999732971191
YNL001W,YKL152C,0,-6.526448,0.12627238035202026,0.9800000190734863,0.6780999898910522
YMR006C,YLR386W,0,-6.526449,0.12625612318515778,0.9800000190734863,0.6782000064849854
YFL018W-A,YOR054C,0,-6.5265503,0.1262398511171341,0.9800000190734863,0.6783000230789185
YLR357W,YBR156C,1,-6.5274997,0.12635239958763123,0.9810000061988831,0.6783000230789185
YAL051W,YDL120W,0,-6.527773,0.12633612751960754,0.9810000061988831,0.6783999800682068
YJL101C,YGR272C,0,-6.52779,0.12631985545158386,0.9810000061988831,0.6784999966621399
YBR182C,YJR019C,0,-6.528015,0.12630359828472137,0.9810000061988831,0.678600013256073
YDR214W,YHR181W,0,-6.5284986,0.1262873262166977,0.9810000061988831,0.6786999702453613
YLL018C-A,YJL005W,0,-6.5285025,0.1262710839509964,0.9810000061988831,0.6787999868392944
YKL185W,YPR002W,0,-6.528595,0.1262548267841339,0.9810000061988831,0.6789000034332275
YHR107C,YHR214C-C,0,-6.5287204,0.12623858451843262,0.9810000061988831,0.6790000200271606
YPR185W,YPL011C,0,-6.5292935,0.12622234225273132,0.9810000061988831,0.679099977016449
YBL061C,YDR260C,0,-6.5301447,0.12620609998703003,0.9810000061988831,0.6791999936103821
YAL010C,YOR142W-B,0,-6.530558,0.12618985772132874,0.9810000061988831,0.6793000102043152
YMR008C,YLR376C,0,-6.530922,0.12617363035678864,0.9810000061988831,0.6794000267982483
YAL009W,YML014W,0,-6.5310173,0.12615740299224854,0.9810000061988831,0.6794999837875366
YFR024C,YLR167W,0,-6.53185,0.12614119052886963,0.9810000061988831,0.6796000003814697
YDR361C,YJL156C,0,-6.532148,0.12612496316432953,0.9810000061988831,0.6797000169754028
YFL011W-A,YGR167W,0,-6.5327644,0.12610875070095062,0.9810000061988831,0.6797999739646912
YMR212C,YOL091W,0,-6.5330963,0.12609253823757172,0.9810000061988831,0.6798999905586243
YGR175C,YDL052C,0,-6.5336194,0.126076340675354,0.9810000061988831,0.6800000071525574
YML016C,YJR027W,0,-6.534185,0.1260601431131363,0.9810000061988831,0.6801000237464905
YBL015W,YGL191W,0,-6.5347977,0.12604394555091858,0.9810000061988831,0.6801999807357788
YAL025C,YCL060C,0,-6.5352683,0.12602774798870087,0.9810000061988831,0.6802999973297119
YJR090C,YJL101C,0,-6.5355835,0.12601156532764435,0.9810000061988831,0.680400013923645
YOL151W,YOR142W-A,0,-6.5364585,0.12599538266658783,0.9810000061988831,0.6804999709129333
YDR120C,YEL051W,0,-6.536478,0.1259792000055313,0.9810000061988831,0.6805999875068665
YGR200C,YJL192C,0,-6.5371594,0.1259630173444748,0.9810000061988831,0.6807000041007996
YGL096W,YEL041W,0,-6.5372,0.12594684958457947,0.9810000061988831,0.6808000206947327
YPR041W,YLR090W,0,-6.538033,0.12593068182468414,0.9810000061988831,0.680899977684021
YHR007C,YDR034C-C,0,-6.5382957,0.12591451406478882,0.9810000061988831,0.6809999942779541
YKL084W,YJR141W,0,-6.539449,0.1258983612060547,0.9810000061988831,0.6811000108718872
YDR110W,YPL163C,0,-6.5395536,0.12588220834732056,0.9810000061988831,0.6812000274658203
YJR147W,YPL041C,0,-6.5401535,0.12586605548858643,0.9810000061988831,0.6812999844551086
YEL009C,YJR143C,0,-6.540531,0.1258499026298523,0.9810000061988831,0.6814000010490417
YLR221C,YBR162C,0,-6.540661,0.12583376467227936,0.9810000061988831,0.6815000176429749
YGL150C,YGR111W,0,-6.541213,0.12581762671470642,0.9810000061988831,0.6815999746322632
YKL135C,YMR051C,0,-6.542004,0.12580148875713348,0.9810000061988831,0.6816999912261963
YNR038W,YHL022C,0,-6.542024,0.12578535079956055,0.9810000061988831,0.6818000078201294
YPR189W,YDR210W-A,0,-6.542165,0.1257692277431488,0.9810000061988831,0.6819000244140625
YGR230W,YAR044W,0,-6.5422997,0.12575310468673706,0.9810000061988831,0.6819999814033508
YMR303C,YLL056C,0,-6.542509,0.1257369965314865,0.9810000061988831,0.6820999979972839
YCR058C,YHR012W,0,-6.542761,0.12572087347507477,0.9810000061988831,0.682200014591217
YDR188W,YKL186C,0,-6.5428743,0.12570476531982422,0.9810000061988831,0.6822999715805054
YBR145W,YOL017W,0,-6.543455,0.12568865716457367,0.9810000061988831,0.6823999881744385
YHR142W,YDL166C,0,-6.5443134,0.12567256391048431,0.9810000061988831,0.6825000047683716
YHL036W,YDR486C,0,-6.5445194,0.12565645575523376,0.9810000061988831,0.6826000213623047
YMR070W,YLR035C-A,0,-6.545121,0.1256403625011444,0.9810000061988831,0.682699978351593
YDR146C,YOL097C,0,-6.545205,0.12562428414821625,0.9810000061988831,0.6827999949455261
YJL178C,YJR045C,0,-6.54541,0.1256081908941269,0.9810000061988831,0.6829000115394592
YIL079C,YCL019W,0,-6.5454254,0.12559211254119873,0.9810000061988831,0.6830000281333923
YML091C,YBR097W,0,-6.546034,0.12557603418827057,0.9810000061988831,0.6830999851226807
YDR457W,YPR158C-C,0,-6.546711,0.1255599707365036,0.9810000061988831,0.6832000017166138
YNL239W,YBL018C,0,-6.5469775,0.12554389238357544,0.9810000061988831,0.6833000183105469
YJL115W,YIL117C,0,-6.5473084,0.12552782893180847,0.9810000061988831,0.6833999752998352
YER174C,YMR139W,0,-6.5476036,0.1255117654800415,0.9810000061988831,0.6834999918937683
YMR072W,YDR375C,0,-6.547611,0.12549571692943573,0.9810000061988831,0.6836000084877014
YFL013C,YLR410W-A,0,-6.548355,0.12547966837882996,0.9810000061988831,0.6837000250816345
YER073W,YIR028W,0,-6.548627,0.12546361982822418,0.9810000061988831,0.6837999820709229
YMR109W,YPR086W,0,-6.5497704,0.1254475712776184,0.9810000061988831,0.683899998664856
YPL156C,YDR098C-A,0,-6.5499024,0.12543153762817383,0.9810000061988831,0.6840000152587891
YML047C,YBR097W,0,-6.550037,0.12541548907756805,0.9810000061988831,0.6840999722480774
YJL145W,YOL122C,0,-6.550208,0.12539947032928467,0.9810000061988831,0.6841999888420105
YOL001W,YMR051C,0,-6.550228,0.1253834366798401,0.9810000061988831,0.6843000054359436
YKL152C,YNL078W,0,-6.5503244,0.1253674179315567,0.9810000061988831,0.6844000220298767
YAL020C,YML024W,0,-6.5503836,0.12535139918327332,0.9810000061988831,0.684499979019165
YMR015C,YBR077C,0,-6.5509686,0.12533538043498993,0.9810000061988831,0.6845999956130981
YHR161C,YOR142W-A,0,-6.5510635,0.12531936168670654,0.9810000061988831,0.6847000122070312
YGR075C,YGR161W-A,0,-6.5514507,0.12530335783958435,0.9810000061988831,0.6848000288009644
YPR187W,YJL129C,0,-6.552103,0.12528735399246216,0.9810000061988831,0.6848999857902527
YML081C-A,YCL063W,0,-6.5532293,0.12527135014533997,0.9810000061988831,0.6850000023841858
YDR473C,YLL017W,0,-6.5540223,0.12525536119937897,0.9810000061988831,0.6851000189781189
YDR503C,YJL025W,0,-6.5542197,0.12523937225341797,0.9810000061988831,0.6851999759674072
YOR240W,YNL129W,0,-6.554771,0.12522338330745697,0.9810000061988831,0.6852999925613403
YOR231W,YBL005W-A,0,-6.5548368,0.12520740926265717,0.9810000061988831,0.6854000091552734
YOR320C,YMR210W,0,-6.5553603,0.12519142031669617,0.9810000061988831,0.6855000257492065
YNL074C,YOR142W-A,0,-6.5554166,0.12517544627189636,0.9810000061988831,0.6855999827384949
YFL039C,YGR033C,0,-6.5555024,0.12515947222709656,0.9810000061988831,0.685699999332428
YCL035C,YIL048W,0,-6.555588,0.12514351308345795,0.9810000061988831,0.6858000159263611
YOR106W,YDL038C,0,-6.5565844,0.12512755393981934,0.9810000061988831,0.6858999729156494
YLR110C,YBL002W,0,-6.5568204,0.12511159479618073,0.9810000061988831,0.6859999895095825
YPR134W,YLR410W-A,0,-6.557447,0.12509563565254211,0.9810000061988831,0.6861000061035156
YKL004W,YBR102C,0,-6.557557,0.1250796914100647,0.9810000061988831,0.6862000226974487
YHR120W,YNL054W-B,0,-6.5578337,0.12506374716758728,0.9810000061988831,0.6862999796867371
YGL174W,YPR191W,0,-6.5580816,0.12504780292510986,0.9810000061988831,0.6863999962806702
YPR017C,YLR410W-B,0,-6.558608,0.12503185868263245,0.9810000061988831,0.6865000128746033
YDL164C,YLL018C-A,0,-6.558924,0.12501592934131622,0.9810000061988831,0.6866000294685364
YPR083W,YNL264C,0,-6.559108,0.125,0.9810000061988831,0.6866999864578247
YKR086W,YKL035W,0,-6.559454,0.12498407810926437,0.9810000061988831,0.6868000030517578
YGR030C,YOL020W,0,-6.559803,0.12496815621852875,0.9810000061988831,0.6869000196456909
YOR049C,YLR200W,0,-6.5598125,0.12495223432779312,0.9810000061988831,0.6869999766349792
YGL233W,YER190W,0,-6.5598965,0.12493631988763809,0.9810000061988831,0.6870999932289124
YMR061W,YNL044W,0,-6.559898,0.12492041289806366,0.9810000061988831,0.6872000098228455
YLR382C,YFR050C,0,-6.560221,0.12490450590848923,0.9810000061988831,0.6873000264167786
YNL093W,YDR261C-D,0,-6.5605416,0.12488860636949539,0.9810000061988831,0.6873999834060669
YDL069C,YML130C,0,-6.560916,0.12487270683050156,0.9810000061988831,0.6875
YDR145W,YDR034C-D,0,-6.5619926,0.12485681474208832,0.9810000061988831,0.6876000165939331
YER109C,YOR338W,0,-6.5620723,0.12484093010425568,0.9810000061988831,0.6876999735832214
YLR157C-B,YLR346C,0,-6.562477,0.12482503801584244,0.9810000061988831,0.6877999901771545
YGR286C,YDL042C,0,-6.5625715,0.1248091608285904,0.9810000061988831,0.6879000067710876
YMR219W,YML059C,0,-6.562583,0.12479328364133835,0.9810000061988831,0.6880000233650208
YGR008C,YOR295W,0,-6.56321,0.1247774139046669,0.9810000061988831,0.6880999803543091
YCL025C,YGR217W,0,-6.56385,0.12476154416799545,0.9810000061988831,0.6881999969482422
YDR062W,YNL282W,0,-6.563877,0.124745674431324,0.9810000061988831,0.6883000135421753
YNL112W,YPR189W,0,-6.5642595,0.12472981214523315,0.9810000061988831,0.6883999705314636
YLR231C,YER068W,0,-6.5642676,0.1247139573097229,0.9810000061988831,0.6884999871253967
YER045C,YGL090W,0,-6.5645657,0.12469810247421265,0.9810000061988831,0.6886000037193298
YPL234C,YGR185C,0,-6.5646877,0.12468225508928299,0.9810000061988831,0.6887000203132629
YPR112C,YGR055W,0,-6.564847,0.12466641515493393,0.9810000061988831,0.6887999773025513
YBR200W,YKL008C,0,-6.5653944,0.12465057522058487,0.9810000061988831,0.6888999938964844
YDR281C,YGR048W,0,-6.5662193,0.12463473528623581,0.9810000061988831,0.6890000104904175
YOR130C,YER093C,0,-6.5668354,0.12461890280246735,0.9810000061988831,0.6891000270843506
YHR005C,YNL332W,0,-6.5674567,0.12460307031869888,0.9810000061988831,0.6891999840736389
YMR072W,YHR020W,0,-6.5676956,0.12458725273609161,0.9810000061988831,0.689300000667572
YBR079C,YKL075C,0,-6.5684495,0.12457142770290375,0.9810000061988831,0.6894000172615051
YKR027W,YBR012W-B,0,-6.568674,0.12455561012029648,0.9810000061988831,0.6894999742507935
YMR061W,YOL121C,0,-6.568741,0.1245397999882698,0.9810000061988831,0.6895999908447266
YBL026W,YBR154C,0,-6.5688376,0.12452398985624313,0.9810000061988831,0.6897000074386597
YDR523C,YDR261C-D,0,-6.5698285,0.12450818717479706,0.9810000061988831,0.6898000240325928
YDR499W,YBR100W,0,-6.5699463,0.12449238449335098,0.9810000061988831,0.6898999810218811
YNL251C,YPR165W,0,-6.5704727,0.1244765892624855,0.9810000061988831,0.6899999976158142
YJL090C,YHR143W-A,0,-6.570673,0.12446079403162003,0.9810000061988831,0.6901000142097473
YCL026C-A,YKR050W,0,-6.5713377,0.12444500625133514,0.9810000061988831,0.6901999711990356
YDL004W,YEL009C,0,-6.5713797,0.12442922592163086,0.9810000061988831,0.6902999877929688
YDR481C,YGL045W,0,-6.5717325,0.12441344559192657,0.9810000061988831,0.6904000043869019
YBR297W,YHR072W-A,0,-6.5717425,0.12439766526222229,0.9810000061988831,0.690500020980835
YGL190C,YLR384C,0,-6.5722957,0.1243818923830986,0.9810000061988831,0.6905999779701233
YMR227C,YBL100W-A,0,-6.5725093,0.12436612695455551,0.9810000061988831,0.6906999945640564
YKL049C,YFL037W,1,-6.5725107,0.12447711825370789,0.9819999933242798,0.6906999945640564
YDL181W,YLR275W,0,-6.572535,0.1244613453745842,0.9819999933242798,0.6908000111579895
YBL015W,YDL038C,0,-6.5725646,0.12444557249546051,0.9819999933242798,0.6909000277519226
YBR145W,YLR268W,0,-6.57275,0.12442979961633682,0.9819999933242798,0.6909999847412109
YFR024C,YHR004C,0,-6.573104,0.12441403418779373,0.9819999933242798,0.691100001335144
YPL037C,YJR002W,0,-6.576225,0.12439827620983124,0.9819999933242798,0.6912000179290771
YBL079W,YGR275W,1,-6.57631,0.12450918555259705,0.9829999804496765,0.6912000179290771
YFL011W-A,YNL313C,0,-6.5768304,0.12449341267347336,0.9829999804496765,0.6912999749183655
YGR063C,YFL037W,1,-6.5769587,0.12460427731275558,0.984000027179718,0.6912999749183655
YHR074W,YNL160W,0,-6.5771885,0.1245885044336319,0.984000027179718,0.6913999915122986
YFL035C,YJL025W,0,-6.5772533,0.12457273155450821,0.984000027179718,0.6915000081062317
YOR031W,YKR063C,0,-6.577676,0.12455695867538452,0.984000027179718,0.6916000247001648
YDR263C,YLR259C,0,-6.577856,0.12454120069742203,0.984000027179718,0.6916999816894531
YOR361C,YLL003W,0,-6.5779295,0.12452543526887894,0.984000027179718,0.6917999982833862
YGL222C,YFL002W-A,0,-6.5794783,0.12450967729091644,0.984000027179718,0.6919000148773193
YGL112C,YGR038C-A,0,-6.579581,0.12449392676353455,0.984000027179718,0.6919999718666077
YNL039W,YNL209W,0,-6.57965,0.12447817623615265,0.984000027179718,0.6920999884605408
YLR390W-A,YKL074C,0,-6.5797434,0.12446243315935135,0.984000027179718,0.6922000050544739
YMR319C,YJR013W,0,-6.57979,0.12444669008255005,0.984000027179718,0.692300021648407
YER173W,YPL257W-A,0,-6.5799665,0.12443095445632935,0.984000027179718,0.6923999786376953
YML129C,YJL025W,0,-6.5799694,0.12441522628068924,0.984000027179718,0.6924999952316284
YJL125C,YFL035C-A,0,-6.580252,0.12439949065446854,0.984000027179718,0.6926000118255615
YPR138C,YOL103W-B,0,-6.580547,0.12438376992940903,0.984000027179718,0.6927000284194946
YCL038C,YKR046C,0,-6.581189,0.12436804920434952,0.984000027179718,0.692799985408783
YPL127C,YGR085C,0,-6.5812397,0.12435232847929001,0.984000027179718,0.6929000020027161
YNL110C,YIL173W,0,-6.582013,0.1243366152048111,0.984000027179718,0.6930000185966492
YOR231W,YOR142W-B,0,-6.582091,0.12432090938091278,0.984000027179718,0.6930999755859375
YBL075C,YER103W,0,-6.582181,0.12430520355701447,0.984000027179718,0.6931999921798706
YLL009C,YOR298C-A,0,-6.582954,0.12428950518369675,0.984000027179718,0.6933000087738037
YGL113W,YGR272C,0,-6.5834546,0.12427380681037903,0.984000027179718,0.6934000253677368
YPR072W,YER126C,0,-6.5838757,0.1242581158876419,0.984000027179718,0.6934999823570251
YOR079C,YLL009C,0,-6.584174,0.12424242496490479,0.984000027179718,0.6935999989509583
YKL086W,YCR062W,0,-6.5842195,0.12422674149274826,0.984000027179718,0.6937000155448914
YHR036W,YJR029W,0,-6.58432,0.12421105802059174,0.984000027179718,0.6937999725341797
YAR015W,YLR234W,0,-6.584991,0.12419538199901581,0.984000027179718,0.6938999891281128
YOL122C,YDR213W,0,-6.585953,0.12417970597743988,0.984000027179718,0.6940000057220459
YDR069C,YGR272C,0,-6.586157,0.12416403740644455,0.984000027179718,0.694100022315979
YNR008W,YKL154W,0,-6.5863905,0.12414836883544922,0.984000027179718,0.6941999793052673
YJL198W,YGR027W-A,0,-6.58846,0.12413270771503448,0.984000027179718,0.6942999958992004
YDR138W,YCR060W,0,-6.5887375,0.12411705404520035,0.984000027179718,0.6944000124931335
YAL016W,YBR273C,0,-6.58875,0.12410140037536621,0.984000027179718,0.6945000290870667
YPR068C,YKL068W,0,-6.588908,0.12408574670553207,0.984000027179718,0.694599986076355
YCR071C,YPL196W,0,-6.5889187,0.12407010793685913,0.984000027179718,0.6947000026702881
YPL275W,YIL138C,0,-6.589403,0.12405446171760559,0.984000027179718,0.6948000192642212
YGR092W,YLR157C-B,0,-6.5898113,0.12403882294893265,0.984000027179718,0.6948999762535095
YGR156W,YBR012W-A,0,-6.5900974,0.1240231916308403,0.984000027179718,0.6949999928474426
YDR361C,YMR313C,0,-6.5901365,0.12400756031274796,0.984000027179718,0.6951000094413757
YNL274C,YMR292W,0,-6.5901904,0.1239919364452362,0.984000027179718,0.6952000260353088
YGL003C,YIR011C,1,-6.5903797,0.12410230934619904,0.9850000143051147,0.6952000260353088
YML086C,YPL221W,0,-6.5923877,0.12408667057752609,0.9850000143051147,0.6952999830245972
YML057W,YBR165W,0,-6.592889,0.12407103925943375,0.9850000143051147,0.6953999996185303
YDR214W,YKL134C,0,-6.594363,0.124055415391922,0.9850000143051147,0.6955000162124634
YDR298C,YOR299W,0,-6.59437,0.12403979152441025,0.9850000143051147,0.6955999732017517
YLR438C-A,YFL035C-A,0,-6.5945396,0.1240241751074791,0.9850000143051147,0.6956999897956848
YDR211W,YGL011C,0,-6.594733,0.12400855869054794,0.9850000143051147,0.6958000063896179
YKL113C,YPR036W,0,-6.594921,0.12399294972419739,0.9850000143051147,0.695900022983551
YOL064C,YGL070C,0,-6.59547,0.12397734075784683,0.9850000143051147,0.6959999799728394
YDR270W,YJL089W,0,-6.595857,0.12396173924207687,0.9850000143051147,0.6960999965667725
YEL050C,YJR103W,0,-6.597618,0.12394614517688751,0.9850000143051147,0.6962000131607056
YCR058C,YAL030W,0,-6.59765,0.12393055111169815,0.9850000143051147,0.6963000297546387
YIL153W,YDR077W,0,-6.597683,0.12391495704650879,0.9850000143051147,0.696399986743927
YGR191W,YML092C,0,-6.597892,0.12389937043190002,0.9850000143051147,0.6965000033378601
YDL198C,YPR068C,0,-6.5985684,0.12388379126787186,0.9850000143051147,0.6966000199317932
YOL031C,YDR261W-A,0,-6.5988827,0.12386821210384369,0.9850000143051147,0.6966999769210815
YIL042C,YLR346C,0,-6.5993433,0.12385263293981552,0.9850000143051147,0.6967999935150146
YGL254W,YER127W,0,-6.600378,0.12383706122636795,0.9850000143051147,0.6969000101089478
YLR106C,YKR014C,0,-6.600501,0.12382149696350098,0.9850000143051147,0.6970000267028809
YIL142W,YHR206W,0,-6.600864,0.123805932700634,0.9850000143051147,0.6970999836921692
YOR209C,YJL198W,0,-6.6014543,0.12379037588834763,0.9850000143051147,0.6972000002861023
YEL050C,YIL109C,0,-6.6015153,0.12377481907606125,0.9850000143051147,0.6973000168800354
YGR014W,YJR045C,0,-6.6019053,0.12375926971435547,0.9850000143051147,0.6973999738693237
YMR153W,YBL100W-A,0,-6.6019344,0.12374372035264969,0.9850000143051147,0.6974999904632568
YKR076W,YDR260C,0,-6.6035423,0.1237281784415245,0.9850000143051147,0.6976000070571899
YAL044C,YLR212C,0,-6.6041603,0.12371263653039932,0.9850000143051147,0.697700023651123
YEL019C,YOR298W,0,-6.605324,0.12369710206985474,0.9850000143051147,0.6977999806404114
YPL274W,YDR261C-D,0,-6.6057334,0.12368156760931015,0.9850000143051147,0.6978999972343445
YFR024C,YNL197C,0,-6.605819,0.12366604059934616,0.9850000143051147,0.6980000138282776
YJL168C,YLR337W,0,-6.6058245,0.12365051358938217,0.9850000143051147,0.6980999708175659
YEL060C,YBL052C,0,-6.605947,0.12363499402999878,0.9850000143051147,0.698199987411499
YGR280C,YLL003W,0,-6.6064043,0.12361947447061539,0.9850000143051147,0.6983000040054321
YHR042W,YLR067C,0,-6.607067,0.12360396236181259,0.9850000143051147,0.6984000205993652
YMR135C,YBL041W,0,-6.6077433,0.1235884577035904,0.9850000143051147,0.6984999775886536
YPR075C,YBL005W-A,0,-6.608559,0.1235729530453682,0.9850000143051147,0.6985999941825867
YGL005C,YHR111W,0,-6.6088605,0.123557448387146,0.9850000143051147,0.6987000107765198
YNL325C,YPL235W,0,-6.6096587,0.1235419511795044,0.9850000143051147,0.6988000273704529
YHR142W,YBR008C,0,-6.6101274,0.12352646142244339,0.9850000143051147,0.6988999843597412
YMR011W,YOR327C,0,-6.6102676,0.12351097166538239,0.9850000143051147,0.6990000009536743
YMR275C,YBR297W,0,-6.6103096,0.12349548935890198,0.9850000143051147,0.6991000175476074
YGL201C,YMR305C,0,-6.6104026,0.12348000705242157,0.9850000143051147,0.6991999745368958
YJR097W,YOR116C,0,-6.611788,0.12346452474594116,0.9850000143051147,0.6992999911308289
YJL194W,YML131W,0,-6.6122155,0.12344905734062195,0.9850000143051147,0.699400007724762
YJR093C,YNR034W,0,-6.612217,0.12343358248472214,0.9850000143051147,0.6995000243186951
YPR055W,YKR059W,0,-6.6124735,0.12341811507940292,0.9850000143051147,0.6995999813079834
YCR077C,YPR007C,1,-6.6135097,0.12352793663740158,0.9860000014305115,0.6995999813079834
YOR126C,YJR132W,0,-6.613637,0.12351246178150177,0.9860000014305115,0.6996999979019165
YBR041W,YDR472W,0,-6.613752,0.12349699437618256,0.9860000014305115,0.6998000144958496
YDL143W,YNR032C-A,0,-6.614146,0.12348152697086334,0.9860000014305115,0.6998999714851379
YNL159C,YCL074W,0,-6.6142654,0.12346606701612473,0.9860000014305115,0.699999988079071
YDL209C,YCR062W,0,-6.614346,0.12345060706138611,0.9860000014305115,0.7001000046730042
YAL029C,YDL038C,0,-6.614411,0.12343515455722809,0.9860000014305115,0.7002000212669373
YHR187W,YCL034W,0,-6.615117,0.12341970205307007,0.9860000014305115,0.7002999782562256
YFL013C,YNL110C,0,-6.615474,0.12340425699949265,0.9860000014305115,0.7003999948501587
YNL020C,YML080W,0,-6.615895,0.12338881194591522,0.9860000014305115,0.7005000114440918
YJL198W,YCR024C-A,0,-6.616271,0.1233733743429184,0.9860000014305115,0.7006000280380249
YHL031C,YDR138W,0,-6.616539,0.12335793673992157,0.9860000014305115,0.7006999850273132
YER112W,YDR083W,0,-6.6169214,0.12334250658750534,0.9860000014305115,0.7008000016212463
YER035W,YLR316C,0,-6.617011,0.12332707643508911,0.9860000014305115,0.7009000182151794
YGL120C,YDL059C,0,-6.617156,0.12331165373325348,0.9860000014305115,0.7009999752044678
YGR178C,YGL210W,0,-6.617564,0.12329623848199844,0.9860000014305115,0.7010999917984009
YMR281W,YPL151C,0,-6.617588,0.12328082323074341,0.9860000014305115,0.701200008392334
YKL200C,YEL060C,0,-6.617692,0.12326540797948837,0.9860000014305115,0.7013000249862671
YDL245C,YDL208W,0,-6.61798,0.12325000017881393,0.9860000014305115,0.7013999819755554
YDR163W,YKR059W,0,-6.618185,0.1232345923781395,0.9860000014305115,0.7014999985694885
YDR448W,YNL044W,0,-6.620161,0.12321919202804565,0.9860000014305115,0.7016000151634216
YDR206W,YGR199W,0,-6.6223397,0.12320379912853241,0.9860000014305115,0.70169997215271
YDR021W,YJL145W,0,-6.6225023,0.12318840622901917,0.9860000014305115,0.7017999887466431
YMR056C,YBL007C,0,-6.6230865,0.12317301332950592,0.9860000014305115,0.7019000053405762
YLR259C,YMR046C,0,-6.6237335,0.12315763533115387,0.9860000014305115,0.7020000219345093
YGR191W,YHR118C,0,-6.6240935,0.12314224988222122,0.9860000014305115,0.7020999789237976
YHR031C,YGR090W,0,-6.6248655,0.12312687188386917,0.9860000014305115,0.7021999955177307
YHR030C,YDR082W,0,-6.6249714,0.12311150133609772,0.9860000014305115,0.7023000121116638
YDR175C,YGR161W-A,0,-6.625123,0.12309613078832626,0.9860000014305115,0.7024000287055969
YKL200C,YJL041W,0,-6.6270504,0.12308076024055481,0.9860000014305115,0.7024999856948853
YML113W,YKL043W,0,-6.627056,0.12306540459394455,0.9860000014305115,0.7026000022888184
YKR066C,YHR200W,0,-6.627451,0.12305004149675369,0.9860000014305115,0.7027000188827515
YLR107W,YDL120W,0,-6.627554,0.12303468585014343,0.9860000014305115,0.7027999758720398
YKL046C,YBR012W-B,0,-6.6285443,0.12301933765411377,0.9860000014305115,0.7028999924659729
YFR034C,YBL039C,0,-6.628728,0.1230039894580841,0.9860000014305115,0.703000009059906
YOR023C,YJR029W,0,-6.628842,0.12298864871263504,0.9860000014305115,0.7031000256538391
YLR401C,YOL103W-A,0,-6.6297507,0.12297330796718597,0.9860000014305115,0.7031999826431274
YNL242W,YMR268C,0,-6.630101,0.1229579746723175,0.9860000014305115,0.7032999992370605
YKL002W,YJL089W,0,-6.630885,0.12294264137744904,0.9860000014305115,0.7034000158309937
YOL060C,YDL085W,0,-6.631033,0.12292731553316116,0.9860000014305115,0.703499972820282
YKL152C,YOR129C,0,-6.631225,0.12291198968887329,0.9860000014305115,0.7035999894142151
YJL020C,YOR356W,0,-6.6314106,0.12289667129516602,0.9860000014305115,0.7037000060081482
YER157W,YGR289C,0,-6.6330695,0.12288135290145874,0.9860000014305115,0.7038000226020813
YMR061W,YGL100W,0,-6.633171,0.12286604195833206,0.9860000014305115,0.7038999795913696
YMR250W,YHR157W,0,-6.633505,0.12285073846578598,0.9860000014305115,0.7039999961853027
YJL020C,YOR027W,0,-6.6338286,0.1228354275226593,0.9860000014305115,0.7041000127792358
YFR033C,YDR028C,0,-6.6341534,0.12282013148069382,0.9860000014305115,0.704200029373169
YGL192W,YLR150W,0,-6.635056,0.12280483543872833,0.9860000014305115,0.7042999863624573
YNL006W,YOR241W,0,-6.635345,0.12278953939676285,0.9860000014305115,0.7044000029563904
YNL154C,YML001W,0,-6.6362715,0.12277425080537796,0.9860000014305115,0.7045000195503235
YGR178C,YHR163W,0,-6.638535,0.12275896221399307,0.9860000014305115,0.7045999765396118
YER051W,YHR039C,0,-6.6386976,0.12274368107318878,0.9860000014305115,0.7046999931335449
YNL251C,YDL128W,0,-6.6387763,0.12272840738296509,0.9860000014305115,0.704800009727478
YCL029C,YLL041C,0,-6.6393075,0.1227131336927414,0.9860000014305115,0.7049000263214111
YJL179W,YNL186W,0,-6.6394496,0.1226978600025177,0.9860000014305115,0.7049999833106995
YPL048W,YLR119W,0,-6.6399918,0.1226825937628746,0.9860000014305115,0.7050999999046326
YOL063C,YHR214C-C,0,-6.640163,0.1226673275232315,0.9860000014305115,0.7052000164985657
YLR097C,YBR061C,0,-6.6416407,0.122652068734169,0.9860000014305115,0.705299973487854
YOR316C,YDL232W,0,-6.6420326,0.1226368173956871,0.9860000014305115,0.7053999900817871
YLR153C,YML131W,0,-6.6422267,0.1226215660572052,0.9860000014305115,0.7055000066757202
YML104C,YDR353W,0,-6.6423364,0.1226063147187233,0.9860000014305115,0.7056000232696533
YGR225W,YFR024C,0,-6.64257,0.12259107083082199,0.9860000014305115,0.7056999802589417
YKR085C,YHR143W-A,0,-6.6427255,0.12257583439350128,0.9860000014305115,0.7057999968528748
YLR044C,YOL125W,0,-6.643112,0.12256059795618057,0.9860000014305115,0.7059000134468079
YKL150W,YLR360W,0,-6.6432343,0.12254536151885986,0.9860000014305115,0.7059999704360962
YDR168W,YPR086W,0,-6.644036,0.12253013253211975,0.9860000014305115,0.7060999870300293
YNL116W,YAL059W,0,-6.6442156,0.12251491099596024,0.9860000014305115,0.7062000036239624
YPR120C,YBR169C,0,-6.6449385,0.12249968945980072,0.9860000014305115,0.7063000202178955
YNL112W,YDR092W,0,-6.6453276,0.1224844753742218,0.9860000014305115,0.7063999772071838
YJR147W,YMR008C,0,-6.645932,0.12246926128864288,0.9860000014305115,0.7064999938011169
YGL113W,YBR169C,0,-6.6463423,0.12245404720306396,0.9860000014305115,0.70660001039505
YGL001C,YNR011C,0,-6.6476145,0.12243884056806564,0.9860000014305115,0.7067000269889832
YIL049W,YBR195C,0,-6.6481915,0.12242364138364792,0.9860000014305115,0.7067999839782715
YNL292W,YHR079C-B,0,-6.6483054,0.1224084421992302,0.9860000014305115,0.7069000005722046
YGR002C,YKR014C,0,-6.6485834,0.12239325046539307,0.9860000014305115,0.7070000171661377
YGL116W,YMR190C,1,-6.6490088,0.1225021705031395,0.9869999885559082,0.7070000171661377
YKL073W,YFL035C,0,-6.6491823,0.12248697131872177,0.9869999885559082,0.707099974155426
YNL027W,YLR002C,0,-6.649428,0.12247177213430405,0.9869999885559082,0.7071999907493591
YJR147W,YCR080W,0,-6.64987,0.12245657294988632,0.9869999885559082,0.7073000073432922
YGL113W,YDR120C,0,-6.651445,0.1224413812160492,0.9869999885559082,0.7074000239372253
YPL262W,YBR100W,0,-6.6516175,0.12242619693279266,0.9869999885559082,0.7074999809265137
YJR063W,YLR337W,0,-6.6518755,0.12241101264953613,0.9869999885559082,0.7075999975204468
YBR245C,YEL054C,0,-6.6522427,0.1223958358168602,0.9869999885559082,0.7077000141143799
YNL153C,YBR086C,0,-6.6524677,0.12238065898418427,0.9869999885559082,0.7077999711036682
YGL100W,YDR545W,0,-6.6530747,0.12236548215150833,0.9869999885559082,0.7078999876976013
YFL031W,YBR057C,0,-6.653288,0.122350312769413,0.9869999885559082,0.7080000042915344
YPR104C,YJR091C,0,-6.6538525,0.12233515083789825,0.9869999885559082,0.7081000208854675
YDR147W,YKL026C,0,-6.656039,0.12231998890638351,0.9869999885559082,0.7081999778747559
YHR171W,YPL128C,0,-6.6564016,0.12230483442544937,0.9869999885559082,0.708299994468689
YJR069C,YGR272C,0,-6.656528,0.12228967994451523,0.9869999885559082,0.7084000110626221
YOR120W,YPL006W,0,-6.6569405,0.12227453291416168,0.9869999885559082,0.7085000276565552
YOR100C,YHR135C,0,-6.6584764,0.12225938588380814,0.9869999885559082,0.7085999846458435
YKR099W,YEL056W,0,-6.6592417,0.12224423885345459,0.9869999885559082,0.7087000012397766
YNR043W,YPL131W,0,-6.659375,0.12222909927368164,0.9869999885559082,0.7088000178337097
YDR009W,YJR028W,0,-6.6594048,0.12221396714448929,0.9869999885559082,0.708899974822998
YLR286C,YPR088C,0,-6.660154,0.12219883501529694,0.9869999885559082,0.7089999914169312
YDL074C,YEL062W,0,-6.6601906,0.12218371033668518,0.9869999885559082,0.7091000080108643
YJL209W,YPL266W,0,-6.6605854,0.12216858565807343,0.9869999885559082,0.7092000246047974
YGL033W,YOL126C,0,-6.660695,0.12215346843004227,0.9869999885559082,0.7092999815940857
YGL252C,YHR030C,0,-6.661592,0.12213835120201111,0.9869999885559082,0.7093999981880188
YHR142W,YDR517W,0,-6.6619267,0.12212323397397995,0.9869999885559082,0.7095000147819519
YCR005C,YNL085W,0,-6.6619754,0.12210813164710999,0.9869999885559082,0.7095999717712402
YPL040C,YPL257W-B,0,-6.6621532,0.12209302186965942,0.9869999885559082,0.7096999883651733
YIL129C,YMR087W,0,-6.6624184,0.12207791954278946,0.9869999885559082,0.7098000049591064
YGL062W,YMR051C,0,-6.6625075,0.12206282466650009,0.9869999885559082,0.7099000215530396
YNR027W,YDR059C,0,-6.66273,0.12204772979021072,0.9869999885559082,0.7099999785423279
YPR001W,YDR487C,0,-6.662846,0.12203264236450195,0.9869999885559082,0.710099995136261
YOL010W,YBR097W,0,-6.6631536,0.12201755493879318,0.9869999885559082,0.7102000117301941
YDL245C,YGL039W,0,-6.6631894,0.12200247496366501,0.9869999885559082,0.7103000283241272
YLR074C,YNL127W,0,-6.663411,0.12198739498853683,0.9869999885559082,0.7103999853134155
YMR186W,YDR362C,0,-6.6636534,0.12197231501340866,0.9869999885559082,0.7105000019073486
YOR377W,YML080W,0,-6.6640162,0.12195724993944168,0.9869999885559082,0.7106000185012817
YOL031C,YHR039C-B,0,-6.6640544,0.1219421774148941,0.9869999885559082,0.7106999754905701
YNR074C,YOR172W,0,-6.664297,0.12192711234092712,0.9869999885559082,0.7107999920845032
YPL112C,YCL008C,0,-6.6654997,0.12191205471754074,0.9869999885559082,0.7109000086784363
YPL221W,YCR060W,0,-6.667531,0.12189699709415436,0.9869999885559082,0.7110000252723694
YGR262C,YDR167W,0,-6.667614,0.12188194692134857,0.9869999885559082,0.7110999822616577
YAL041W,YMR046C,0,-6.6677127,0.12186689674854279,0.9869999885559082,0.7111999988555908
YDL140C,YGL129C,0,-6.667758,0.1218518540263176,0.9869999885559082,0.7113000154495239
YPL275W,YER160C,0,-6.667817,0.12183681130409241,0.9869999885559082,0.7113999724388123
YIL159W,YGR118W,0,-6.6685762,0.12182177603244781,0.9869999885559082,0.7114999890327454
YDR183W,YIL029C,0,-6.6688924,0.12180674076080322,0.9869999885559082,0.7116000056266785
YHR171W,YGL016W,0,-6.668914,0.12179170548915863,0.9869999885559082,0.7117000222206116
YBR088C,YMR229C,0,-6.669027,0.12177667766809464,0.9869999885559082,0.7117999792098999
YPL257W-A,YPR137C-B,0,-6.6698694,0.12176165729761124,0.9869999885559082,0.711899995803833
YOR126C,YGR231C,0,-6.6699953,0.12174663692712784,0.9869999885559082,0.7120000123977661
YKL206C,YJL138C,0,-6.6707,0.12173162400722504,0.9869999885559082,0.7121000289916992
YDL143W,YMR260C,0,-6.671648,0.12171661108732224,0.9869999885559082,0.7121999859809875
YPL155C,YDR465C,0,-6.6717014,0.12170160561800003,0.9869999885559082,0.7123000025749207
YER119C,YNL044W,0,-6.6726193,0.12168660014867783,0.9869999885559082,0.7124000191688538
YBR142W,YJL192C,0,-6.6736813,0.12167159467935562,0.9869999885559082,0.7124999761581421
YER138C,YOR142W-B,0,-6.673727,0.12165660411119461,0.9869999885559082,0.7125999927520752
YFL036W,YBR012W-A,0,-6.674706,0.121641606092453,0.9869999885559082,0.7127000093460083
YML042W,YDL117W,0,-6.675025,0.12162661552429199,0.9869999885559082,0.7128000259399414
YJL127C,YAR010C,0,-6.675799,0.12161163240671158,0.9869999885559082,0.7128999829292297
YHR096C,YNL284C-B,0,-6.6775866,0.12159664928913116,0.9869999885559082,0.7129999995231628
YKL084W,YCL055W,0,-6.6777115,0.12158167362213135,0.9869999885559082,0.713100016117096
YNR038W,YHR079C-A,0,-6.6781044,0.12156669795513153,0.9869999885559082,0.7131999731063843
YDR448W,YHR052W,0,-6.678673,0.12155172228813171,0.9869999885559082,0.7132999897003174
YDR138W,YIL070C,0,-6.678838,0.1215367540717125,0.9869999885559082,0.7134000062942505
YOL144W,YLR376C,0,-6.67939,0.12152179330587387,0.9869999885559082,0.7135000228881836
YER007W,YNL016W,0,-6.679836,0.12150683254003525,0.9869999885559082,0.7135999798774719
YLL060C,YDR224C,0,-6.6798587,0.12149187922477722,0.9869999885559082,0.713699996471405
YOR377W,YPL232W,0,-6.6802583,0.1214769259095192,0.9869999885559082,0.7138000130653381
YBR247C,YGR296W,0,-6.680507,0.12146197259426117,0.9869999885559082,0.7139000296592712
YBL098W,YGR156W,0,-6.6805964,0.12144702672958374,0.9869999885559082,0.7139999866485596
YGR180C,YJR120W,0,-6.6825304,0.12143208831548691,0.9869999885559082,0.7141000032424927
YFL039C,YER169W,0,-6.6825376,0.12141714990139008,0.9869999885559082,0.7142000198364258
YOL088C,YGR090W,0,-6.6830215,0.12140221148729324,0.9869999885559082,0.7142999768257141
YJL198W,YGR002C,0,-6.683259,0.12138728052377701,0.9869999885559082,0.7143999934196472
YNR067C,YMR236W,0,-6.6840744,0.12137235701084137,0.9869999885559082,0.7145000100135803
YDR429C,YJR029W,0,-6.6840763,0.12135743349790573,0.9869999885559082,0.7146000266075134
YMR186W,YDR353W,0,-6.684247,0.12134250998497009,0.9869999885559082,0.7146999835968018
YHR096C,YML032C,0,-6.684281,0.12132759392261505,0.9869999885559082,0.7148000001907349
YDR295C,YGL255W,0,-6.6846876,0.1213126853108406,0.9869999885559082,0.714900016784668
YNR054C,YHR099W,0,-6.684871,0.12129777669906616,0.9869999885559082,0.7149999737739563
YML132W,YML038C,0,-6.685296,0.12128286808729172,0.9869999885559082,0.7150999903678894
YBL040C,YDR337W,0,-6.6861086,0.12126796692609787,0.9869999885559082,0.7152000069618225
YMR218C,YBL039C,0,-6.6864967,0.12125307321548462,0.9869999885559082,0.7153000235557556
YCR048W,YHR079C-B,0,-6.686933,0.12123817950487137,0.9869999885559082,0.715399980545044
YCL067C,YCL032W,0,-6.6875896,0.12122328579425812,0.9869999885559082,0.715499997138977
YIR009W,YGR085C,0,-6.6881423,0.12120839953422546,0.9869999885559082,0.7156000137329102
YPL100W,YEL060C,0,-6.6883173,0.12119351327419281,0.9869999885559082,0.7156999707221985
YGR119C,YJR059W,0,-6.6890755,0.12117863446474075,0.9869999885559082,0.7157999873161316
YFL018W-A,YBR117C,0,-6.690011,0.1211637631058693,0.9869999885559082,0.7159000039100647
YBL103C,YDR034C-C,0,-6.6903176,0.12114889174699783,0.9869999885559082,0.7160000205039978
YHR030C,YOR089C,0,-6.6903915,0.12113402038812637,0.9869999885559082,0.7160999774932861
YNL055C,YER169W,0,-6.691251,0.12111915647983551,0.9869999885559082,0.7161999940872192
YER108C,YAL051W,0,-6.6918507,0.12110429257154465,0.9869999885559082,0.7163000106811523
YIR008C,YIL077C,0,-6.6922593,0.12108943611383438,0.9869999885559082,0.7164000272750854
YBR159W,YDR018C,0,-6.692709,0.12107457965612411,0.9869999885559082,0.7164999842643738
YER044C,YIL109C,0,-6.6929917,0.12105973064899445,0.9869999885559082,0.7166000008583069
YCR005C,YDR170C,0,-6.6930366,0.12104488909244537,0.9869999885559082,0.71670001745224
YPR021C,YAR009C,0,-6.693263,0.1210300400853157,0.9869999885559082,0.7167999744415283
YDR055W,YER169W,0,-6.6933937,0.12101520597934723,0.9869999885559082,0.7168999910354614
YFR003C,YJL113W,0,-6.694099,0.12100036442279816,0.9869999885559082,0.7170000076293945
YOL135C,YOR338W,0,-6.6947155,0.12098553776741028,0.9869999885559082,0.7171000242233276
YBR160W,YPR065W,0,-6.6950316,0.1209707036614418,0.9869999885559082,0.717199981212616
YLR312C-B,YBL004W,0,-6.695801,0.12095588445663452,0.9869999885559082,0.7172999978065491
YHR107C,YLR008C,0,-6.695919,0.12094105780124664,0.9869999885559082,0.7174000144004822
YGL073W,YKL200C,0,-6.6961923,0.12092624604701996,0.9869999885559082,0.7174999713897705
YJL112W,YJL114W,0,-6.6964016,0.12091142684221268,0.9869999885559082,0.7175999879837036
YOR388C,YOL064C,0,-6.6964736,0.12089662253856659,0.9869999885559082,0.7177000045776367
YGR048W,YNL154C,0,-6.697359,0.1208818107843399,0.9869999885559082,0.7178000211715698
YKL022C,YHR014W,1,-6.697572,0.12098947167396545,0.9879999756813049,0.7178000211715698
YGR103W,YCL075W,0,-6.698143,0.12097465246915817,0.9879999756813049,0.7178999781608582
YER089C,YDR170W-A,0,-6.698162,0.12095984071493149,0.9879999756813049,0.7179999947547913
YOR335C,YOL101C,0,-6.698414,0.1209450364112854,0.9879999756813049,0.7181000113487244
YJR057W,YBR162C,0,-6.698447,0.12093023210763931,0.9879999756813049,0.7182000279426575
YOR120W,YBL102W,0,-6.699089,0.12091543525457382,0.9879999756813049,0.7182999849319458
YDL137W,YBR131W,0,-6.6993203,0.12090063840150833,0.9879999756813049,0.7184000015258789
YGL155W,YCR028C-A,0,-6.6998124,0.12088584154844284,0.9879999756813049,0.718500018119812
YKL206C,YOR119C,0,-6.699829,0.12087105214595795,0.9879999756813049,0.7185999751091003
YMR165C,YDR312W,0,-6.700534,0.12085627019405365,0.9879999756813049,0.7186999917030334
YPL048W,YMR175W,0,-6.701653,0.12084148824214935,0.9879999756813049,0.7188000082969666
YFL011W-A,YDR120C,0,-6.7016783,0.12082670629024506,0.9879999756813049,0.7189000248908997
YLR186W,YER049W,0,-6.7027183,0.12081193178892136,0.9879999756813049,0.718999981880188
YJL145W,YJR141W,0,-6.70382,0.12079716473817825,0.9879999756813049,0.7190999984741211
YLR310C,YGR244C,0,-6.703912,0.12078239768743515,0.9879999756813049,0.7192000150680542
YNL085W,YJR063W,0,-6.705302,0.12076763063669205,0.9879999756813049,0.7192999720573425
YMR021C,YOR328W,0,-6.705473,0.12075287103652954,0.9879999756813049,0.7193999886512756
YKR065C,YDR435C,0,-6.705496,0.12073811888694763,0.9879999756813049,0.7195000052452087
YKL152C,YLR014C,0,-6.705634,0.12072335928678513,0.9879999756813049,0.7196000218391418
YGL005C,YER049W,0,-6.7057486,0.12070861458778381,0.9879999756813049,0.7196999788284302
YIL131C,YPR081C,0,-6.705871,0.1206938698887825,0.9879999756813049,0.7197999954223633
YOR172W,YJR028W,0,-6.7063017,0.12067912518978119,0.9879999756813049,0.7199000120162964
YKL043W,YBR182C,0,-6.7070837,0.12066438794136047,0.9879999756813049,0.7200000286102295
YPL275W,YAL035W,0,-6.7073336,0.12064965069293976,0.9879999756813049,0.7200999855995178
YGR060W,YOR315W,0,-6.7076626,0.12063492089509964,0.9879999756813049,0.7202000021934509
YML047C,YML013W,0,-6.7078195,0.12062019109725952,0.9879999756813049,0.720300018787384
YMR220W,YPL093W,0,-6.7080374,0.12060546875,0.9879999756813049,0.7203999757766724
YMR011W,YHR167W,0,-6.7099147,0.12059074640274048,0.9879999756813049,0.7204999923706055
YLR096W,YMR214W,0,-6.7100716,0.12057603150606155,0.9879999756813049,0.7206000089645386
YLR223C,YML123C,0,-6.7116003,0.12056131660938263,0.9879999756813049,0.7207000255584717
YIL131C,YLL061W,0,-6.7120485,0.1205466091632843,0.9879999756813049,0.72079998254776
YGR254W,YDR110W,0,-6.7122626,0.12053190171718597,0.9879999756813049,0.7208999991416931
YKL146W,YJR019C,0,-6.7133107,0.12051720172166824,0.9879999756813049,0.7210000157356262
YOL002C,YJR143C,0,-6.7136145,0.12050250172615051,0.9879999756813049,0.7210999727249146
YJL198W,YOL128C,0,-6.7141523,0.12048780173063278,0.9879999756813049,0.7211999893188477
YJR091C,YBR294W,0,-6.715005,0.12047311663627625,0.9879999756813049,0.7213000059127808
YNL282W,YGR185C,0,-6.7159214,0.12045842409133911,0.9879999756813049,0.7214000225067139
YGR155W,YAR044W,0,-6.7172074,0.12044373899698257,0.9879999756813049,0.7214999794960022
YMR161W,YGL150C,0,-6.7188287,0.12042906135320663,0.9879999756813049,0.7215999960899353
YGR028W,YNL216W,0,-6.7189674,0.1204143837094307,0.9879999756813049,0.7217000126838684
YMR211W,YKL120W,0,-6.7190557,0.12039970606565475,0.9879999756813049,0.7218000292778015
YCR088W,YLR007W,0,-6.719496,0.12038503587245941,0.9879999756813049,0.7218999862670898
YKL008C,YOR047C,0,-6.7200117,0.12037037312984467,0.9879999756813049,0.722000002861023
YGR109C,YOL124C,0,-6.720189,0.12035571038722992,0.9879999756813049,0.722100019454956
YLL042C,YBR284W,0,-6.7208033,0.12034104764461517,0.9879999756813049,0.7221999764442444
YDL029W,YBL022C,0,-6.721096,0.12032639235258102,0.9879999756813049,0.7222999930381775
YDL019C,YGL028C,0,-6.721245,0.12031173706054688,0.9879999756813049,0.7224000096321106
YER054C,YBR057C,0,-6.7221365,0.12029708921909332,0.9879999756813049,0.7225000262260437
YIL035C,YML131W,0,-6.7227,0.12028244137763977,0.9879999756813049,0.722599983215332
YGR239C,YEL051W,0,-6.7231007,0.12026780098676682,0.9879999756813049,0.7226999998092651
YDR037W,YAR009C,0,-6.7238708,0.12025316804647446,0.9879999756813049,0.7228000164031982
YKL166C,YMR051C,0,-6.7243285,0.1202385276556015,0.9879999756813049,0.7228999733924866
YPL221W,YBR218C,0,-6.7247066,0.12022390216588974,0.9879999756813049,0.7229999899864197
YGL150C,YPL093W,0,-6.724833,0.12020926922559738,0.9879999756813049,0.7231000065803528
YML042W,YOL156W,0,-6.7248697,0.12019464373588562,0.9879999756813049,0.7232000231742859
YGL113W,YLR372W,0,-6.725035,0.12018002569675446,0.9879999756813049,0.7232999801635742
YPL265W,YNL029C,0,-6.7251005,0.12016540765762329,0.9879999756813049,0.7233999967575073
YCR039C,YGR185C,0,-6.725872,0.12015079706907272,0.9879999756813049,0.7235000133514404
YGR060W,YHR073W,0,-6.726436,0.12013618648052216,0.9879999756813049,0.7235999703407288
YLR401C,YCL061C,0,-6.726596,0.12012158334255219,0.9879999756813049,0.7236999869346619
YPR006C,YJR042W,0,-6.7269077,0.12010698020458221,0.9879999756813049,0.723800003528595
YDR309C,YER149C,0,-6.7269306,0.12009237706661224,0.9879999756813049,0.7239000201225281
YOL165C,YMR145C,0,-6.726984,0.12007778137922287,0.9879999756813049,0.7239999771118164
YLR153C,YMR183C,0,-6.727832,0.12006319314241409,0.9879999756813049,0.7240999937057495
YJR153W,YBR079C,0,-6.7289577,0.12004860490560532,0.9879999756813049,0.7242000102996826
YDR036C,YJL093C,0,-6.7299476,0.12003401666879654,0.9879999756813049,0.7243000268936157
YLR106C,YPL010W,0,-6.730152,0.12001943588256836,0.9879999756813049,0.724399983882904
YMR092C,YCL038C,0,-6.731024,0.12000485509634018,0.9879999756813049,0.7245000004768372
YER028C,YOL129W,0,-6.732455,0.1199902817606926,0.9879999756813049,0.7246000170707703
YKR066C,YIL022W,0,-6.7327294,0.11997571587562561,0.9879999756813049,0.7246999740600586
YOL117W,YMR210W,0,-6.732995,0.11996114253997803,0.9879999756813049,0.7247999906539917
YDL160C,YCR034W,0,-6.7331934,0.11994658410549164,0.9879999756813049,0.7249000072479248
YGL115W,YBR118W,0,-6.733276,0.11993202567100525,0.9879999756813049,0.7250000238418579
YKR052C,YAR035W,0,-6.7344737,0.11991746723651886,0.9879999756813049,0.7250999808311462
YER036C,YJR086W,0,-6.7356844,0.11990291625261307,0.9879999756813049,0.7251999974250793
YOR321W,YJL138C,0,-6.735754,0.11988836526870728,0.9879999756813049,0.7253000140190125
YHR115C,YLR448W,0,-6.7358966,0.11987381428480148,0.9879999756813049,0.7253999710083008
YOL033W,YDL038C,0,-6.7363586,0.11985927820205688,0.9879999756813049,0.7254999876022339
YJL157C,YDL226C,0,-6.736669,0.11984473466873169,0.9879999756813049,0.725600004196167
YGL187C,YFR005C,0,-6.7367387,0.11983019858598709,0.9879999756813049,0.7257000207901001
YOL077W-A,YCR060W,0,-6.7378435,0.11981566995382309,0.9879999756813049,0.7257999777793884
YJL166W,YHR020W,0,-6.738465,0.11980114132165909,0.9879999756813049,0.7258999943733215
YAR015W,YJR121W,0,-6.7400503,0.11978661268949509,0.9879999756813049,0.7260000109672546
YDL153C,YNL246W,0,-6.740166,0.11977209150791168,0.9879999756813049,0.7261000275611877
YIL126W,YML085C,1,-6.7407684,0.11987879127264023,0.9890000224113464,0.7261000275611877
YJR153W,YPL239W,0,-6.7416835,0.11986425518989563,0.9890000224113464,0.7261999845504761
YPR030W,YNR052C,0,-6.7422724,0.11984973400831223,0.9890000224113464,0.7263000011444092
YGR199W,YCR060W,0,-6.742321,0.11983521282672882,0.9890000224113464,0.7264000177383423
YNL281W,YHR206W,0,-6.742573,0.11982069164514542,0.9890000224113464,0.7264999747276306
YOR120W,YLR182W,0,-6.743648,0.11980617791414261,0.9890000224113464,0.7265999913215637
YGR227W,YGR111W,0,-6.7439966,0.1197916641831398,0.9890000224113464,0.7267000079154968
YOR340C,YPL193W,0,-6.7443485,0.11977715790271759,0.9890000224113464,0.7268000245094299
YER087C-A,YLL012W,0,-6.7446103,0.11976265162229538,0.9890000224113464,0.7268999814987183
YBL069W,YNL113W,0,-6.745085,0.11974815279245377,0.9890000224113464,0.7269999980926514
YPL096W,YIL017C,0,-6.7452517,0.11973365396261215,0.9890000224113464,0.7271000146865845
YDR375C,YGL167C,0,-6.7453165,0.11971916258335114,0.9890000224113464,0.7271999716758728
YPL268W,YGL030W,0,-6.7462673,0.11970467120409012,0.9890000224113464,0.7272999882698059
YIL142W,YNL084C,0,-6.747973,0.1196901872754097,0.9890000224113464,0.727400004863739
YAL029C,YBL056W,0,-6.7482443,0.11967570334672928,0.9890000224113464,0.7275000214576721
YOR120W,YLR205C,0,-6.749064,0.11966121941804886,0.9890000224113464,0.7275999784469604
YPL040C,YJL117W,0,-6.749298,0.11964674293994904,0.9890000224113464,0.7276999950408936
YDR245W,YOR310C,0,-6.7496605,0.11963227391242981,0.9890000224113464,0.7278000116348267
YPL075W,YNR047W,0,-6.7501545,0.11961780488491058,0.9890000224113464,0.7279000282287598
YGL175C,YBR069C,0,-6.7503786,0.11960333585739136,0.9890000224113464,0.7279999852180481
YFR001W,YCR052W,0,-6.750991,0.11958887428045273,0.9890000224113464,0.7281000018119812
YFR024C,YPL089C,0,-6.751619,0.1195744201540947,0.9890000224113464,0.7282000184059143
YJL033W,YGR169C,0,-6.751652,0.11955995857715607,0.9890000224113464,0.7282999753952026
YJL127C,YBR012W-A,0,-6.7518725,0.11954551190137863,0.9890000224113464,0.7283999919891357
YNR054C,YHR015W,0,-6.7526417,0.1195310577750206,0.9890000224113464,0.7285000085830688
YDL115C,YML052W,0,-6.7528706,0.11951661854982376,0.9890000224113464,0.728600025177002
YBR161W,YKL182W,0,-6.752881,0.11950217187404633,0.9890000224113464,0.7286999821662903
YKL004W,YER120W,0,-6.752997,0.11948774009943008,0.9890000224113464,0.7287999987602234
YGL120C,YFR040W,0,-6.7539434,0.11947330087423325,0.9890000224113464,0.7289000153541565
YBR100W,YOR213C,0,-6.7539806,0.119458869099617,0.9890000224113464,0.7289999723434448
YBR236C,YJL111W,0,-6.754038,0.11944444477558136,0.9890000224113464,0.7290999889373779
YOL009C,YLR452C,0,-6.756069,0.11943002045154572,0.9890000224113464,0.729200005531311
YCR028C,YMR232W,0,-6.7565017,0.11941560357809067,0.9890000224113464,0.7293000221252441
YAL005C,YHR099W,0,-6.757148,0.11940118670463562,0.9890000224113464,0.7293999791145325
YPL265W,YPL276W,0,-6.757637,0.11938676983118057,0.9890000224113464,0.7294999957084656
YHR007C,YER019W,0,-6.758037,0.11937236040830612,0.9890000224113464,0.7296000123023987
YGR167W,YKL186C,0,-6.758215,0.11935795098543167,0.9890000224113464,0.7297000288963318
YGR143W,YAR009C,0,-6.758217,0.11934354901313782,0.9890000224113464,0.7297999858856201
YBR272C,YHR148W,0,-6.7591305,0.11932914704084396,0.9890000224113464,0.7299000024795532
YJR017C,YGR178C,0,-6.759614,0.1193147525191307,0.9890000224113464,0.7300000190734863
YNR049C,YGR072W,0,-6.760529,0.11930036544799805,0.9890000224113464,0.7300999760627747
YLR100W,YOR119C,0,-6.7605925,0.11928597092628479,0.9890000224113464,0.7301999926567078
YHR043C,YDR036C,0,-6.760867,0.11927158385515213,0.9890000224113464,0.7303000092506409
YML042W,YGR251W,0,-6.7614036,0.11925720423460007,0.9890000224113464,0.730400025844574
YDL192W,YKL086W,0,-6.762871,0.119242824614048,0.9890000224113464,0.7304999828338623
YLR391W-A,YKR008W,0,-6.763191,0.11922845244407654,0.9890000224113464,0.7305999994277954
YGL119W,YOL013C,0,-6.764085,0.11921408027410507,0.9890000224113464,0.7307000160217285
YCL054W,YHR039C-B,0,-6.764495,0.1191997081041336,0.9890000224113464,0.7307999730110168
YJL020C,YGL039W,0,-6.7646437,0.11918534338474274,0.9890000224113464,0.73089998960495
YGR244C,YJL168C,0,-6.7647676,0.11917098611593246,0.9890000224113464,0.7310000061988831
YLR370C,YAL010C,0,-6.7669415,0.11915662884712219,0.9890000224113464,0.7311000227928162
YHR086W,YLR277C,0,-6.767906,0.11914227157831192,0.9890000224113464,0.7311999797821045
YOL013C,YJR091C,0,-6.768738,0.11912792176008224,0.9890000224113464,0.7312999963760376
YJL003W,YMR061W,0,-6.769027,0.11911357194185257,0.9890000224113464,0.7314000129699707
YDR337W,YHR161C,0,-6.769387,0.11909922957420349,0.9890000224113464,0.7315000295639038
YPL135W,YNL268W,0,-6.769665,0.11908488720655441,0.9890000224113464,0.7315999865531921
YFR041C,YMR229C,0,-6.770034,0.11907055228948593,0.9890000224113464,0.7317000031471252
YNL111C,YKL042W,0,-6.7703276,0.11905621737241745,0.9890000224113464,0.7318000197410583
YKL144C,YER072W,0,-6.77038,0.11904188990592957,0.9890000224113464,0.7318999767303467
YER007W,YGR128C,0,-6.771277,0.11902756243944168,0.9890000224113464,0.7319999933242798
YOR237W,YDR397C,0,-6.771476,0.1190132349729538,0.9890000224113464,0.7321000099182129
YHR089C,YLR166C,0,-6.771949,0.11899891495704651,0.9890000224113464,0.732200026512146
YPL051W,YGR191W,0,-6.772159,0.11898460239171982,0.9890000224113464,0.7322999835014343
YER054C,YIL167W,0,-6.772644,0.11897028982639313,0.9890000224113464,0.7324000000953674
YPL232W,YHR138C,0,-6.7735047,0.11895597726106644,0.9890000224113464,0.7325000166893005
YAL020C,YGL078C,0,-6.7737346,0.11894167214632034,0.9890000224113464,0.7325999736785889
YER167W,YOR243C,0,-6.773795,0.11892736703157425,0.9890000224113464,0.732699990272522
YIL037C,YDR065W,0,-6.7738824,0.11891306936740875,0.9890000224113464,0.7328000068664551
YGR040W,YBR267W,0,-6.775731,0.11889877170324326,0.9890000224113464,0.7329000234603882
YPL049C,YJR044C,0,-6.7758455,0.11888448148965836,0.9890000224113464,0.7329999804496765
YMR092C,YHR077C,0,-6.775877,0.11887019127607346,0.9890000224113464,0.7330999970436096
YDR518W,YBR240C,0,-6.777202,0.11885590851306915,0.9890000224113464,0.7332000136375427
YDL116W,YDR545W,0,-6.777519,0.11884162575006485,0.9890000224113464,0.733299970626831
YJL124C,YEL012W,0,-6.777593,0.11882734298706055,0.9890000224113464,0.7333999872207642
YKL059C,YBR037C,0,-6.777678,0.11881306767463684,0.9890000224113464,0.7335000038146973
YLR110C,YJL192C,0,-6.7777176,0.11879879981279373,0.9890000224113464,0.7336000204086304
YDR148C,YPL224C,0,-6.7779083,0.11878453195095062,0.9890000224113464,0.7336999773979187
YLR114C,YIL065C,0,-6.7779136,0.11877026408910751,0.9890000224113464,0.7337999939918518
YIL051C,YBR283C,0,-6.7782087,0.118756003677845,0.9890000224113464,0.7339000105857849
YKR063C,YDR418W,0,-6.778492,0.11874174326658249,0.9890000224113464,0.734000027179718
YMR116C,YLR346C,0,-6.779188,0.11872749030590057,0.9890000224113464,0.7340999841690063
YOL130W,YOR180C,0,-6.7794952,0.11871323734521866,0.9890000224113464,0.7342000007629395
YPL127C,YER028C,0,-6.780155,0.11869899183511734,0.9890000224113464,0.7343000173568726
YML057W,YGR253C,0,-6.780485,0.11868474632501602,0.9890000224113464,0.7343999743461609
YDR055W,YHR172W,0,-6.781183,0.1186705082654953,0.9890000224113464,0.734499990940094
YLL015W,YPR006C,0,-6.782279,0.11865627020597458,0.9890000224113464,0.7346000075340271
YCR055C,YNL339C,0,-6.783356,0.11864203214645386,0.9890000224113464,0.7347000241279602
YGL208W,YAL030W,0,-6.7834234,0.11862780153751373,0.9890000224113464,0.7347999811172485
YOR371C,YDR487C,0,-6.783532,0.1186135783791542,0.9890000224113464,0.7348999977111816
YLR114C,YNR032C-A,0,-6.7837486,0.11859935522079468,0.9890000224113464,0.7350000143051147
YMR128W,YIL039W,0,-6.783956,0.11858513206243515,0.9890000224113464,0.7350999712944031
YKL172W,YBR129C,0,-6.7841663,0.11857091635465622,0.9890000224113464,0.7351999878883362
YLR013W,YAR044W,0,-6.7854667,0.11855670064687729,0.9890000224113464,0.7353000044822693
YPL127C,YIR021W,0,-6.785802,0.11854249238967896,0.9890000224113464,0.7354000210762024
YDR086C,YJR019C,0,-6.787255,0.11852828413248062,0.9890000224113464,0.7354999780654907
YLR347C,YJR102C,0,-6.7888713,0.11851408332586288,0.9890000224113464,0.7355999946594238
YBL082C,YBR256C,0,-6.789416,0.11849988251924515,0.9890000224113464,0.7357000112533569
YER146W,YPR155C,0,-6.7900953,0.11848568171262741,0.9890000224113464,0.73580002784729
YMR316W,YCR008W,0,-6.790407,0.11847148835659027,0.9890000224113464,0.7358999848365784
YCR005C,YOL133W,0,-6.790492,0.11845730245113373,0.9890000224113464,0.7360000014305115
YJR137C,YDR238C,0,-6.7907395,0.11844311654567719,0.9890000224113464,0.7361000180244446
YMR285C,YPR182W,0,-6.7908463,0.11842893064022064,0.9890000224113464,0.7361999750137329
YOR171C,YAR044W,0,-6.7909184,0.1184147521853447,0.9890000224113464,0.736299991607666
YNL225C,YCR057C,0,-6.791386,0.11840057373046875,0.9890000224113464,0.7364000082015991
YER073W,YOR341W,0,-6.791565,0.1183864027261734,0.9890000224113464,0.7365000247955322
YBR145W,YPR112C,0,-6.792684,0.11837223172187805,0.9890000224113464,0.7365999817848206
YPL117C,YGR289C,0,-6.7928047,0.1183580681681633,0.9890000224113464,0.7366999983787537
YOR120W,YDR166C,0,-6.7936964,0.11834390461444855,0.9890000224113464,0.7368000149726868
YDL166C,YJL059W,0,-6.7940884,0.1183297410607338,0.9890000224113464,0.7368999719619751
YKR095W,YPR016C,0,-6.79418,0.11831558495759964,0.9890000224113464,0.7369999885559082
YCL008C,YDR145W,0,-6.795188,0.11830143630504608,0.9890000224113464,0.7371000051498413
YKL134C,YGL055W,0,-6.79534,0.11828728765249252,0.9890000224113464,0.7372000217437744
YOR039W,YDR322C-A,0,-6.7960625,0.11827313899993896,0.9890000224113464,0.7372999787330627
YLR370C,YIL039W,0,-6.796134,0.118258997797966,0.9890000224113464,0.7373999953269958
YER052C,YLL006W,0,-6.7964816,0.11824485659599304,0.9890000224113464,0.737500011920929
YOL130W,YOL023W,0,-6.7966056,0.11823072284460068,0.9890000224113464,0.7376000285148621
YER040W,YDR353W,0,-6.79728,0.11821658909320831,0.9890000224113464,0.7376999855041504
YHR114W,YNL313C,0,-6.7973013,0.11820246279239655,0.9890000224113464,0.7378000020980835
YOR098C,YPL124W,0,-6.7984333,0.11818833649158478,0.9890000224113464,0.7379000186920166
YLR157C-B,YOL103W-B,0,-6.799036,0.11817421764135361,0.9890000224113464,0.7379999756813049
YIR037W,YKL196C,0,-6.7993402,0.11816009879112244,0.9890000224113464,0.738099992275238
YER020W,YER029C,0,-6.799508,0.11814597994089127,0.9890000224113464,0.7382000088691711
YOR123C,YOL064C,0,-6.7995796,0.11813186854124069,0.9890000224113464,0.7383000254631042
YPL049C,YER190W,0,-6.8000064,0.11811775714159012,0.9890000224113464,0.7383999824523926
YER087C-A,YMR016C,0,-6.800105,0.11810365319252014,0.9890000224113464,0.7384999990463257
YJR150C,YOR361C,0,-6.800664,0.11808954924345016,0.9890000224113464,0.7386000156402588
YHR077C,YPL026C,0,-6.800745,0.11807545274496078,0.9890000224113464,0.7386999726295471
YML081C-A,YLR097C,0,-6.8007593,0.1180613562464714,0.9890000224113464,0.7387999892234802
YER007W,YJL148W,0,-6.8009276,0.11804726719856262,0.9890000224113464,0.7389000058174133
YDL192W,YKL117W,0,-6.801074,0.11803317815065384,0.9890000224113464,0.7390000224113464
YGR099W,YIL077C,0,-6.8012543,0.11801909655332565,0.9890000224113464,0.7390999794006348
YMR039C,YMR210W,0,-6.8015113,0.11800501495599747,0.9890000224113464,0.7391999959945679
YMR143W,YHR056C,0,-6.8021035,0.11799093335866928,0.9890000224113464,0.739300012588501
YML103C,YKR059W,0,-6.802925,0.11797685921192169,0.9890000224113464,0.7394000291824341
YKL016C,YDR208W,0,-6.8039603,0.1179627850651741,0.9890000224113464,0.7394999861717224
YJL034W,YLR378C,0,-6.804476,0.11794871836900711,0.9890000224113464,0.7396000027656555
YIL167W,YMR236W,0,-6.8053145,0.11793465167284012,0.9890000224113464,0.7397000193595886
YER155C,YLR328W,0,-6.8055778,0.11792059242725372,0.9890000224113464,0.739799976348877
YPR138C,YPR078C,0,-6.806214,0.11790653318166733,0.9890000224113464,0.7398999929428101
YJL003W,YOR187W,0,-6.806301,0.11789248138666153,0.9890000224113464,0.7400000095367432
YER108C,YCL032W,0,-6.806446,0.11787842959165573,0.9890000224113464,0.7401000261306763
YOR001W,YML029W,0,-6.806713,0.11786437779664993,0.9890000224113464,0.7401999831199646
YMR053C,YPL128C,0,-6.8080063,0.11785033345222473,0.9890000224113464,0.7402999997138977
YLR148W,YHR030C,0,-6.8084764,0.11783628910779953,0.9890000224113464,0.7404000163078308
YCR034W,YGL135W,0,-6.808912,0.11782225221395493,0.9890000224113464,0.7404999732971191
YAL012W,YHR082C,0,-6.8092833,0.11780822277069092,0.9890000224113464,0.7405999898910522
YCR034W,YLR141W,0,-6.8103094,0.11779418587684631,0.9890000224113464,0.7407000064849854
YIL159W,YLR196W,0,-6.8106933,0.1177801564335823,0.9890000224113464,0.7408000230789185
YDR206W,YIL022W,0,-6.811126,0.1177661344408989,0.9890000224113464,0.7408999800682068
YFL023W,YGL150C,0,-6.8113256,0.11775211244821548,0.9890000224113464,0.7409999966621399
YDR378C,YMR216C,0,-6.8115025,0.11773809790611267,0.9890000224113464,0.741100013256073
YDL081C,YDR359C,0,-6.8121777,0.11772408336400986,0.9890000224113464,0.7411999702453613
YDR436W,YGR296W,0,-6.8124285,0.11771006882190704,0.9890000224113464,0.7412999868392944
YJR150C,YDR450W,0,-6.812524,0.11769606173038483,0.9890000224113464,0.7414000034332275
YHR030C,YOR230W,0,-6.8127403,0.11768205463886261,0.9890000224113464,0.7415000200271606
YMR037C,YJR027W,0,-6.8129096,0.11766805499792099,0.9890000224113464,0.741599977016449
YLR320W,YPR154W,0,-6.8130727,0.11765405535697937,0.9890000224113464,0.7416999936103821
YER159C,YNL333W,0,-6.8139224,0.11764006316661835,0.9890000224113464,0.7418000102043152
YPL059W,YMR026C,0,-6.8142624,0.11762607097625732,0.9890000224113464,0.7419000267982483
YNL116W,YAL042W,0,-6.814268,0.1176120787858963,0.9890000224113464,0.7419999837875366
YGR109C,YLL008W,0,-6.8143024,0.11759809404611588,0.9890000224113464,0.7421000003814697
YDR221W,YHR096C,0,-6.814551,0.11758411675691605,0.9890000224113464,0.7422000169754028
YMR212C,YHR111W,0,-6.8148603,0.11757013946771622,0.9890000224113464,0.7422999739646912
YPL171C,YHR119W,0,-6.8150115,0.11755616217851639,0.9890000224113464,0.7423999905586243
YNL030W,YOR319W,0,-6.815622,0.11754219233989716,0.9890000224113464,0.7425000071525574
YDR447C,YPL020C,0,-6.8156404,0.11752822250127792,0.9890000224113464,0.7426000237464905
YOR067C,YGR258C,0,-6.815654,0.11751426011323929,0.9890000224113464,0.7426999807357788
YER190W,YER160C,0,-6.816039,0.11750029772520065,0.9890000224113464,0.7427999973297119
YCR014C,YIL082W-A,0,-6.816197,0.11748633533716202,0.9890000224113464,0.742900013923645
YLR266C,YMR305C,0,-6.8167048,0.11747238039970398,0.9890000224113464,0.7429999709129333
YBR193C,YBR126C,0,-6.81695,0.11745843291282654,0.9890000224113464,0.7430999875068665
YBR135W,YDL198C,0,-6.8169866,0.1174444854259491,0.9890000224113464,0.7432000041007996
YNL149C,YBL005W-A,0,-6.817115,0.11743053793907166,0.9890000224113464,0.7433000206947327
YHR108W,YCR060W,0,-6.8181353,0.11741659790277481,0.9890000224113464,0.743399977684021
YIL033C,YEL037C,0,-6.818474,0.11740265786647797,0.9890000224113464,0.7434999942779541
YMR173W,YPR005C,0,-6.8184805,0.11738872528076172,0.9890000224113464,0.7436000108718872
YKL048C,YDR450W,0,-6.8189425,0.11737479269504547,0.9890000224113464,0.7437000274658203
YOR119C,YAR042W,0,-6.819102,0.11736086755990982,0.9890000224113464,0.7437999844551086
YNL199C,YOR122C,0,-6.819135,0.11734694242477417,0.9890000224113464,0.7439000010490417
YDR038C,YNL131W,0,-6.819337,0.11733301728963852,0.9890000224113464,0.7440000176429749
YBR106W,YKL113C,0,-6.8201156,0.11731909960508347,0.9890000224113464,0.7440999746322632
YHR039C,YPR125W,0,-6.821597,0.11730518192052841,0.9890000224113464,0.7441999912261963
YLR160C,YKR034W,0,-6.822192,0.11729127168655396,0.9890000224113464,0.7443000078201294
YDR335W,YOR254C,0,-6.8228025,0.1172773614525795,0.9890000224113464,0.7444000244140625
YIL036W,YFL013C,0,-6.823303,0.11726345866918564,0.9890000224113464,0.7444999814033508
YBR050C,YOL125W,0,-6.8257885,0.11724955588579178,0.9890000224113464,0.7445999979972839
YAL010C,YPL188W,0,-6.8258348,0.11723565310239792,0.9890000224113464,0.744700014591217
YGL130W,YJR019C,0,-6.8259783,0.11722175776958466,0.9890000224113464,0.7447999715805054
YDL052C,YGL104C,0,-6.826055,0.11720786988735199,0.9890000224113464,0.7448999881744385
YPR005C,YOR254C,0,-6.8262653,0.11719398200511932,0.9890000224113464,0.7450000047683716
YHL047C,YDR190C,0,-6.8263054,0.11718009412288666,0.9890000224113464,0.7451000213623047
YCR089W,YDR517W,0,-6.8266153,0.11716621369123459,0.9890000224113464,0.745199978351593
YLR221C,YDL076C,0,-6.8277054,0.11715233325958252,0.9890000224113464,0.7452999949455261
YJL061W,YLR197W,0,-6.828762,0.11713846027851105,0.9890000224113464,0.7454000115394592
YKL085W,YJR141W,0,-6.8292007,0.11712458729743958,0.9890000224113464,0.7455000281333923
YNL292W,YFL059W,0,-6.829279,0.1171107143163681,0.9890000224113464,0.7455999851226807
YIL079C,YPR020W,0,-6.829544,0.11709684878587723,0.9890000224113464,0.7457000017166138
YBR055C,YOR187W,0,-6.8315864,0.11708299070596695,0.9890000224113464,0.7458000183105469
YGL120C,YPR036W,0,-6.831765,0.11706912517547607,0.9890000224113464,0.7458999752998352
YGR095C,YDL212W,0,-6.8323593,0.11705527454614639,0.9890000224113464,0.7459999918937683
YDR038C,YFL018W-A,0,-6.83285,0.11704141646623611,0.9890000224113464,0.7461000084877014
YER137C-A,YOL103W-A,0,-6.832961,0.11702757328748703,0.9890000224113464,0.7462000250816345
YGL001C,YIL017C,0,-6.8333254,0.11701372265815735,0.9890000224113464,0.7462999820709229
YPR181C,YAL005C,0,-6.8346295,0.11699987947940826,0.9890000224113464,0.746399998664856
YGR245C,YDR486C,0,-6.836341,0.11698604375123978,0.9890000224113464,0.7465000152587891
YER172C,YDL130W,0,-6.836696,0.11697220802307129,0.9890000224113464,0.7465999722480774
YIL051C,YFL059W,0,-6.837176,0.1169583722949028,0.9890000224113464,0.7466999888420105
YHR102W,YGR158C,0,-6.8372145,0.11694454401731491,0.9890000224113464,0.7468000054359436
YMR211W,YGL120C,0,-6.8373194,0.11693071573972702,0.9890000224113464,0.7469000220298767
YJL101C,YEL032W,0,-6.837693,0.11691689491271973,0.9890000224113464,0.746999979019165
YPR187W,YER008C,0,-6.8376966,0.11690307408571243,0.9890000224113464,0.7470999956130981
YGL219C,YOR208W,0,-6.8378305,0.11688925325870514,0.9890000224113464,0.7472000122070312
YML067C,YOR372C,0,-6.8378468,0.11687543988227844,0.9890000224113464,0.7473000288009644
YLL043W,YGL062W,0,-6.8390107,0.11686163395643234,0.9890000224113464,0.7473999857902527
YDR418W,YJL035C,0,-6.8394046,0.11684782803058624,0.9890000224113464,0.7475000023841858
YOR240W,YIL121W,0,-6.8411827,0.11683402210474014,0.9890000224113464,0.7476000189781189
YBR009C,YIL066C,0,-6.8414063,0.11682022362947464,0.9890000224113464,0.7476999759674072
YGR180C,YIL080W,0,-6.841649,0.11680642515420914,0.9890000224113464,0.7477999925613403
YLR391W,YBR114W,0,-6.841843,0.11679263412952423,0.9890000224113464,0.7479000091552734
YJR082C,YLR060W,0,-6.84237,0.11677884310483932,0.9890000224113464,0.7480000257492065
YPL167C,YDR077W,0,-6.8426156,0.11676505208015442,0.9890000224113464,0.7480999827384949
YMR211W,YJR141W,0,-6.8429418,0.11675126850605011,0.9890000224113464,0.748199999332428
YOR377W,YOR327C,0,-6.8431926,0.1167374849319458,0.9890000224113464,0.7483000159263611
YDR216W,YBL093C,0,-6.8434944,0.11672370880842209,0.9890000224113464,0.7483999729156494
YPR138C,YDL247W,0,-6.8439946,0.11670993268489838,0.9890000224113464,0.7484999895095825
YDL106C,YKL144C,0,-6.844635,0.11669616401195526,0.9890000224113464,0.7486000061035156
YGL135W,YPL235W,0,-6.8449535,0.11668239533901215,0.9890000224113464,0.7487000226974487
YMR199W,YKR025W,0,-6.845739,0.11666863411664963,0.9890000224113464,0.7487999796867371
YPR108W,YAL005C,0,-6.8470626,0.11665487289428711,0.9890000224113464,0.7488999962806702
YKR024C,YOR330C,0,-6.8473573,0.11664111167192459,0.9890000224113464,0.7490000128746033
YCR107W,YLR129W,0,-6.8474097,0.11662735790014267,0.9890000224113464,0.7491000294685364
YGR191W,YGL039W,0,-6.8478246,0.11661360412836075,0.9890000224113464,0.7491999864578247
YHR004C,YLR075W,0,-6.8481655,0.11659985780715942,0.9890000224113464,0.7493000030517578
YLR008C,YNL250W,0,-6.8499417,0.1165861114859581,0.9890000224113464,0.7494000196456909
YDR122W,YPL098C,0,-6.8502536,0.11657237261533737,0.9890000224113464,0.7494999766349792
YML109W,YLR426W,0,-6.8512034,0.11655863374471664,0.9890000224113464,0.7495999932289124
YNL270C,YJL222W,0,-6.8523707,0.11654489487409592,0.9890000224113464,0.7497000098228455
YMR165C,YGL232W,0,-6.8525186,0.11653116345405579,0.9890000224113464,0.7498000264167786
YLR391W-A,YGL014W,0,-6.852646,0.11651743948459625,0.9890000224113464,0.7498999834060669
YJL203W,YJL048C,0,-6.8533664,0.11650370806455612,0.9890000224113464,0.75
YDR011W,YPL033C,0,-6.8542438,0.11648999154567719,0.9890000224113464,0.7501000165939331
YML006C,YBR126C,0,-6.85448,0.11647626757621765,0.9890000224113464,0.7501999735832214
YDR481C,YPL047W,0,-6.8546486,0.11646255105733871,0.9890000224113464,0.7502999901771545
YBR036C,YGL232W,0,-6.8551083,0.11644884198904037,0.9890000224113464,0.7504000067710876
YIL079C,YKR063C,0,-6.855659,0.11643513292074203,0.9890000224113464,0.7505000233650208
YKL150W,YAL011W,0,-6.8559904,0.1164214238524437,0.9890000224113464,0.7505999803543091
YDR480W,YMR051C,0,-6.8564835,0.11640772223472595,0.9890000224113464,0.7506999969482422
YCR047C,YPL174C,0,-6.8569136,0.11639402061700821,0.9890000224113464,0.7508000135421753
YMR173W,YDL005C,0,-6.856963,0.11638032644987106,0.9890000224113464,0.7508999705314636
YHR091C,YNL129W,0,-6.85765,0.11636663228273392,0.9890000224113464,0.7509999871253967
YBL079W,YPR007C,1,-6.857903,0.1164705902338028,0.9900000095367432,0.7509999871253967
YMR041C,YBR114W,0,-6.858238,0.11645688861608505,0.9900000095367432,0.7511000037193298
YIL070C,YPL128C,0,-6.8583965,0.11644318699836731,0.9900000095367432,0.7512000203132629
YFL009W,YLL024C,0,-6.8588104,0.11642949283123016,0.9900000095367432,0.7512999773025513
YLR304C,YGR262C,0,-6.8589773,0.11641580611467361,0.9900000095367432,0.7513999938964844
YGL256W,YKL017C,0,-6.85919,0.11640211939811707,0.9900000095367432,0.7515000104904175
YOL113W,YML045W,0,-6.8593206,0.11638843268156052,0.9900000095367432,0.7516000270843506
YJR035W,YGR082W,0,-6.859544,0.11637475341558456,0.9900000095367432,0.7516999840736389
YGL018C,YGL225W,0,-6.859598,0.11636107414960861,0.9900000095367432,0.751800000667572
YDR214W,YIR009W,0,-6.85986,0.11634739488363266,0.9900000095367432,0.7519000172615051
YDL223C,YDR369C,0,-6.8599815,0.1163337230682373,0.9900000095367432,0.7519999742507935
YHR096C,YBL005W-A,0,-6.8601484,0.11632005870342255,0.9900000095367432,0.7520999908447266
YLR095C,YPL156C,0,-6.8615394,0.11630639433860779,0.9900000095367432,0.7522000074386597
YHR165C,YBL057C,0,-6.8622046,0.11629272997379303,0.9900000095367432,0.7523000240325928
YPL170W,YJL113W,0,-6.862208,0.11627907305955887,0.9900000095367432,0.7523999810218811
YNL283C,YNL339C,0,-6.8622837,0.11626541614532471,0.9900000095367432,0.7524999976158142
YOR298W,YKL014C,0,-6.862305,0.11625175923109055,0.9900000095367432,0.7526000142097473
YGR113W,YMR290C,0,-6.8623247,0.11623810976743698,0.9900000095367432,0.7526999711990356
YOR037W,YMR246W,0,-6.8625913,0.11622446775436401,0.9900000095367432,0.7527999877929688
YHR092C,YDL036C,0,-6.862896,0.11621082574129105,0.9900000095367432,0.7529000043869019
YGR193C,YKL144C,0,-6.864656,0.11619718372821808,0.9900000095367432,0.753000020980835
YFL011W-A,YJL138C,0,-6.864976,0.11618354916572571,0.9900000095367432,0.7530999779701233
YKL062W,YNL026W,0,-6.865183,0.11616991460323334,0.9900000095367432,0.7531999945640564
YJR143C,YDR086C,0,-6.8654613,0.11615628004074097,0.9900000095367432,0.7533000111579895
YBR037C,YBR162C,0,-6.865997,0.1161426529288292,0.9900000095367432,0.7534000277519226
YKR007W,YPR110C,0,-6.866163,0.11612903326749802,0.9900000095367432,0.7534999847412109
YDR221W,YLR335W,0,-6.867004,0.11611541360616684,0.9900000095367432,0.753600001335144
YKL040C,YPR144C,0,-6.8674765,0.11610179394483566,0.9900000095367432,0.7537000179290771
YNL053W,YDL083C,0,-6.869063,0.11608818173408508,0.9900000095367432,0.7537999749183655
YBR059C,YKL053C-A,0,-6.869221,0.1160745695233345,0.9900000095367432,0.7538999915122986
YLR223C,YML032C,0,-6.870171,0.11606096476316452,0.9900000095367432,0.7540000081062317
YBR057C,YJR049C,0,-6.8702984,0.11604736000299454,0.9900000095367432,0.7541000247001648
YNL294C,YOR356W,0,-6.8726106,0.11603375524282455,0.9900000095367432,0.7541999816894531
YGR230W,YDR306C,0,-6.873946,0.11602015793323517,0.9900000095367432,0.7542999982833862
YOR078W,YML015C,0,-6.8739834,0.11600656062364578,0.9900000095367432,0.7544000148773193
YMR190C,YIR011C,1,-6.875531,0.11611013114452362,0.9909999966621399,0.7544000148773193
YMR089C,YJR120W,0,-6.8769956,0.11609653383493423,0.9909999966621399,0.7544999718666077
YMR319C,YMR043W,0,-6.877228,0.11608293652534485,0.9909999966621399,0.7545999884605408
YPR105C,YLR221C,0,-6.8790064,0.11606933921575546,0.9909999966621399,0.7547000050544739
YML008C,YLR466W,0,-6.8791275,0.11605574190616608,0.9909999966621399,0.754800021648407
YOR371C,YDR346C,0,-6.8797398,0.11604215204715729,0.9909999966621399,0.7548999786376953
YHR012W,YAR009C,0,-6.8816543,0.1160285696387291,0.9909999966621399,0.7549999952316284
YPL046C,YJR045C,0,-6.8823404,0.1160149872303009,0.9909999966621399,0.7551000118255615
YOL130W,YGL062W,0,-6.8828154,0.11600140482187271,0.9909999966621399,0.7552000284194946
YDR224C,YLR069C,0,-6.8839684,0.11598782986402512,0.9909999966621399,0.755299985408783
YBR234C,YCL031C,0,-6.884141,0.11597425490617752,0.9909999966621399,0.7554000020027161
YKL193C,YIL144W,1,-6.8843646,0.11607769876718521,0.9919999837875366,0.7554000020027161
YIL035C,YLR347C,0,-6.884985,0.11606411635875702,0.9919999837875366,0.7555000185966492
YOR349W,YJL069C,0,-6.8850107,0.11605054140090942,0.9919999837875366,0.7555999755859375
YOL064C,YDL230W,0,-6.885042,0.11603696644306183,0.9919999837875366,0.7556999921798706
YNL288W,YGL104C,0,-6.886627,0.11602339148521423,0.9919999837875366,0.7558000087738037
YFL050C,YBR012W-B,0,-6.8870344,0.11600982397794724,0.9919999837875366,0.7559000253677368
YGR206W,YJR028W,0,-6.88713,0.11599625647068024,0.9919999837875366,0.7559999823570251
YIL115C,YGR192C,0,-6.8873296,0.11598269641399384,0.9919999837875366,0.7560999989509583
YER052C,YLR200W,0,-6.88758,0.11596913635730743,0.9919999837875366,0.7562000155448914
YLR196W,YLR263W,0,-6.887582,0.11595558375120163,0.9919999837875366,0.7562999725341797
YNL111C,YHR157W,0,-6.887857,0.11594203114509583,0.9919999837875366,0.7563999891281128
YCR086W,YJL080C,1,-6.888298,0.11604534089565277,0.9929999709129333,0.7563999891281128
YDR079W,YDR276C,0,-6.8887215,0.11603178083896637,0.9929999709129333,0.7565000057220459
YNL287W,YFL059W,0,-6.8894053,0.11601822823286057,0.9929999709129333,0.756600022315979
YPL084W,YDR147W,0,-6.889897,0.11600467562675476,0.9929999709129333,0.7566999793052673
YJL117W,YGL208W,0,-6.8924847,0.11599112302064896,0.9929999709129333,0.7567999958992004
YPL213W,YIR002C,0,-6.8934855,0.11597757786512375,0.9929999709129333,0.7569000124931335
YNR075W,YDR306C,0,-6.8935947,0.11596403270959854,0.9929999709129333,0.7570000290870667
YPR154W,YDR167W,0,-6.8943787,0.11595048755407333,0.9929999709129333,0.757099986076355
YNL123W,YDR170W-A,0,-6.894479,0.11593694984912872,0.9929999709129333,0.7572000026702881
YKL185W,YDR382W,0,-6.8947196,0.11592341959476471,0.9929999709129333,0.7573000192642212
YDR069C,YOL002C,0,-6.8949223,0.1159098893404007,0.9929999709129333,0.7573999762535095
YLR170C,YCR040W,0,-6.8950777,0.11589635908603668,0.9929999709129333,0.7574999928474426
YPL135W,YBR130C,0,-6.8951263,0.11588283628225327,0.9929999709129333,0.7576000094413757
YPR155C,YOR287C,0,-6.895306,0.11586931347846985,0.9929999709129333,0.7577000260353088
YDR329C,YMR008C,0,-6.895576,0.11585579067468643,0.9929999709129333,0.7577999830245972
YDR511W,YNR058W,0,-6.896308,0.11584227532148361,0.9929999709129333,0.7578999996185303
YMR143W,YML109W,0,-6.896448,0.11582876741886139,0.9929999709129333,0.7580000162124634
YLL060C,YGL209W,0,-6.8964853,0.11581525206565857,0.9929999709129333,0.7580999732017517
YFL031W,YCL017C,0,-6.897693,0.11580175161361694,0.9929999709129333,0.7581999897956848
YBL047C,YDR177W,0,-6.898166,0.11578824371099472,0.9929999709129333,0.7583000063896179
YJR074W,YCL075W,0,-6.899432,0.1157747432589531,0.9929999709129333,0.758400022983551
YMR229C,YGR172C,0,-6.8998947,0.11576125025749207,0.9929999709129333,0.7584999799728394
YLR186W,YGR111W,0,-6.9006834,0.11574775725603104,0.9929999709129333,0.7585999965667725
YOR100C,YML131W,0,-6.901142,0.11573426425457001,0.9929999709129333,0.7587000131607056
YJL034W,YDL111C,0,-6.901541,0.11572077870368958,0.9929999709129333,0.7588000297546387
YBR295W,YIL018W,0,-6.901598,0.11570729315280914,0.9929999709129333,0.758899986743927
YNL113W,YKL028W,0,-6.901825,0.11569381505250931,0.9929999709129333,0.7590000033378601
YML023C,YCR083W,0,-6.9021506,0.11568033695220947,0.9929999709129333,0.7591000199317932
YLR044C,YJL210W,0,-6.902293,0.11566685885190964,0.9929999709129333,0.7591999769210815
YMR229C,YDL235C,0,-6.902686,0.1156533882021904,0.9929999709129333,0.7592999935150146
YML077W,YPL170W,0,-6.902961,0.11563991755247116,0.9929999709129333,0.7594000101089478
YBL002W,YPL269W,0,-6.9034324,0.11562645435333252,0.9929999709129333,0.7595000267028809
YNL149C,YNL079C,0,-6.90406,0.11561299115419388,0.9929999709129333,0.7595999836921692
YBR145W,YBR022W,0,-6.9047527,0.11559953540563583,0.9929999709129333,0.7597000002861023
YGL247W,YER138C,0,-6.905673,0.11558607965707779,0.9929999709129333,0.7598000168800354
YKR065C,YHR039C-B,0,-6.906166,0.11557262390851974,0.9929999709129333,0.7598999738693237
YIL010W,YDR247W,0,-6.9066544,0.1155591756105423,0.9929999709129333,0.7599999904632568
YBL098W,YMR104C,0,-6.9074135,0.11554572731256485,0.9929999709129333,0.7601000070571899
YLR425W,YDR115W,0,-6.9075737,0.115532286465168,0.9929999709129333,0.760200023651123
YLL050C,YLR346C,0,-6.9083567,0.11551884561777115,0.9929999709129333,0.7602999806404114
YEL042W,YBR283C,0,-6.9089165,0.1155054122209549,0.9929999709129333,0.7603999972343445
YJL101C,YKL154W,0,-6.909505,0.11549197137355804,0.9929999709129333,0.7605000138282776
YER040W,YJR063W,0,-6.9108534,0.11547854542732239,0.9929999709129333,0.7605999708175659
YDL149W,YER001W,0,-6.9113746,0.11546511948108673,0.9929999709129333,0.760699987411499
YNL227C,YBR022W,0,-6.9120593,0.11545169353485107,0.9929999709129333,0.7608000040054321
YIL121W,YOL091W,0,-6.912855,0.11543826758861542,0.9929999709129333,0.7609000205993652
YMR058W,YKL064W,0,-6.913255,0.11542484909296036,0.9929999709129333,0.7609999775886536
YGR133W,YGL014W,0,-6.913499,0.1154114380478859,0.9929999709129333,0.7610999941825867
YJL101C,YIL149C,0,-6.9150257,0.11539802700281143,0.9929999709129333,0.7612000107765198
YPL265W,YCL039W,0,-6.915514,0.11538461595773697,0.9929999709129333,0.7613000273704529
YBR234C,YBR162C,0,-6.9160643,0.1153712123632431,0.9929999709129333,0.7613999843597412
YMR212C,YJL063C,0,-6.9161525,0.11535780876874924,0.9929999709129333,0.7615000009536743
YLR002C,YOR254C,0,-6.9164805,0.11534440517425537,0.9929999709129333,0.7616000175476074
YPL241C,YPL131W,0,-6.91718,0.1153310090303421,0.9929999709129333,0.7616999745368958
YBL082C,YCL031C,0,-6.9173074,0.11531762033700943,0.9929999709129333,0.7617999911308289
YMR311C,YMR190C,1,-6.9174576,0.11542034149169922,0.9940000176429749,0.7617999911308289
YGL210W-A,YCL008C,0,-6.9178076,0.11540694534778595,0.9940000176429749,0.761900007724762
YOL010W,YLR360W,0,-6.9194546,0.11539354175329208,0.9940000176429749,0.7620000243186951
YNL133C,YHR073W,0,-6.919591,0.11538015305995941,0.9940000176429749,0.7620999813079834
YCR107W,YLR186W,0,-6.920006,0.11536675691604614,0.9940000176429749,0.7621999979019165
YIL010W,YIL030C,0,-6.9208016,0.11535336822271347,0.9940000176429749,0.7623000144958496
YMR092C,YHR171W,0,-6.9211626,0.1153399869799614,0.9940000176429749,0.7623999714851379
YER035W,YGR009C,0,-6.922429,0.11532660573720932,0.9940000176429749,0.762499988079071
YNL071W,YKL166C,0,-6.926193,0.11531322449445724,0.9940000176429749,0.7626000046730042
YLL018C-A,YHR161C,0,-6.9263744,0.11529985070228577,0.9940000176429749,0.7627000212669373
YAL035W,YKR025W,0,-6.926692,0.11528647691011429,0.9940000176429749,0.7627999782562256
YJL005W,YOR098C,0,-6.926956,0.11527310311794281,0.9940000176429749,0.7628999948501587
YGR180C,YMR087W,0,-6.9273295,0.11525973677635193,0.9940000176429749,0.7630000114440918
YGR289C,YLR467W,0,-6.928097,0.11524637788534164,0.9940000176429749,0.7631000280380249
YFL023W,YMR106C,0,-6.9284525,0.11523301899433136,0.9940000176429749,0.7631999850273132
YPL112C,YOR035C,0,-6.9284964,0.11521966010332108,0.9940000176429749,0.7633000016212463
YDL115C,YMR051C,0,-6.929167,0.11520630866289139,0.9940000176429749,0.7634000182151794
YDR293C,YKL196C,0,-6.929433,0.1151929572224617,0.9940000176429749,0.7634999752044678
YBR039W,YKL034W,0,-6.9297996,0.11517960578203201,0.9940000176429749,0.7635999917984009
YDL052C,YMR260C,0,-6.930285,0.11516626179218292,0.9940000176429749,0.763700008392334
YHR019C,YNL031C,0,-6.930795,0.11515291780233383,0.9940000176429749,0.7638000249862671
YGL021W,YLR346C,0,-6.9310393,0.11513958126306534,0.9940000176429749,0.7638999819755554
YEL042W,YPL117C,0,-6.931413,0.11512624472379684,0.9940000176429749,0.7639999985694885
YGL180W,YER044C,0,-6.931805,0.11511291563510895,0.9940000176429749,0.7641000151634216
YIL018W,YDL081C,0,-6.932134,0.11509958654642105,0.9940000176429749,0.76419997215271
YER052C,YGR082W,0,-6.932339,0.11508625745773315,0.9940000176429749,0.7642999887466431
YBR234C,YBL005W-B,0,-6.9335246,0.11507293581962585,0.9940000176429749,0.7644000053405762
YOR341W,YHR138C,0,-6.9345818,0.11505961418151855,0.9940000176429749,0.7645000219345093
YDL039C,YDR167W,0,-6.934789,0.11504629999399185,0.9940000176429749,0.7645999789237976
YPR023C,YBR283C,0,-6.935383,0.11503298580646515,0.9940000176429749,0.7646999955177307
YNR007C,YMR081C,0,-6.9360123,0.11501967161893845,0.9940000176429749,0.7648000121116638
YHR059W,YDL118W,0,-6.9371586,0.11500636488199234,0.9940000176429749,0.7649000287055969
YER036C,YPR125W,0,-6.937852,0.11499305814504623,0.9940000176429749,0.7649999856948853
YKL046C,YLR401C,0,-6.9380465,0.11497975885868073,0.9940000176429749,0.7651000022888184
YBR098W,YMR104C,0,-6.9382753,0.11496645957231522,0.9940000176429749,0.7652000188827515
YNL111C,YCL066W,0,-6.938829,0.11495316028594971,0.9940000176429749,0.7652999758720398
YBL015W,YNL053W,0,-6.9399757,0.1149398684501648,0.9940000176429749,0.7653999924659729
YJR068W,YBR156C,1,-6.940152,0.11504220217466354,0.9950000047683716,0.7653999924659729
YGR230W,YGR175C,0,-6.9411573,0.11502890288829803,0.9950000047683716,0.765500009059906
YNL079C,YNL339C,0,-6.941309,0.11501560360193253,0.9950000047683716,0.7656000256538391
YDR214W,YDR434W,0,-6.9413815,0.11500231176614761,0.9950000047683716,0.7656999826431274
YOL126C,YGR159C,0,-6.9415274,0.1149890199303627,0.9950000047683716,0.7657999992370605
YGL178W,YPL203W,0,-6.9419622,0.11497573554515839,0.9950000047683716,0.7659000158309937
YBR023C,YNL241C,0,-6.943083,0.11496245115995407,0.9950000047683716,0.765999972820282
YKL008C,YOL088C,0,-6.943823,0.11494916677474976,0.9950000047683716,0.7660999894142151
YML013W,YOL129W,0,-6.9440145,0.11493588984012604,0.9950000047683716,0.7662000060081482
YGR254W,YLR039C,0,-6.944456,0.11492261290550232,0.9950000047683716,0.7663000226020813
YIL159W,YMR305C,0,-6.9446316,0.1149093434214592,0.9950000047683716,0.7663999795913696
YDR293C,YMR156C,0,-6.944725,0.11489607393741608,0.9950000047683716,0.7664999961853027
YKL011C,YER126C,0,-6.945089,0.11488280445337296,0.9950000047683716,0.7666000127792358
YHR170W,YNL229C,0,-6.9454374,0.11486954241991043,0.9950000047683716,0.766700029373169
YEL009C,YER087C-B,0,-6.945768,0.1148562878370285,0.9950000047683716,0.7667999863624573
YNL271C,YBL039C,0,-6.947113,0.11484302580356598,0.9950000047683716,0.7669000029563904
YGL027C,YIR028W,0,-6.9479475,0.11482977867126465,0.9950000047683716,0.7670000195503235
YNL054W,YMR051C,0,-6.9481483,0.11481652408838272,0.9950000047683716,0.7670999765396118
YDL150W,YDR484W,0,-6.9488845,0.11480327695608139,0.9950000047683716,0.7671999931335449
YER162C,YOR212W,0,-6.950055,0.11479002982378006,0.9950000047683716,0.767300009727478
YKL004W,YPL139C,0,-6.9501066,0.11477679014205933,0.9950000047683716,0.7674000263214111
YDL150W,YGL100W,0,-6.950405,0.11476355046033859,0.9950000047683716,0.7674999833106995
YKL060C,YOR327C,0,-6.9507785,0.11475031822919846,0.9950000047683716,0.7675999999046326
YMR319C,YIL076W,0,-6.9511385,0.11473708599805832,0.9950000047683716,0.7677000164985657
YBL052C,YNR064C,0,-6.9513855,0.11472385376691818,0.9950000047683716,0.767799973487854
YJL198W,YER125W,0,-6.9516163,0.11471062898635864,0.9950000047683716,0.7678999900817871
YPL011C,YBR012W-A,0,-6.9517765,0.1146974042057991,0.9950000047683716,0.7680000066757202
YAR002C-A,YKL085W,0,-6.95196,0.11468418687582016,0.9950000047683716,0.7681000232696533
YGR177C,YGL178W,0,-6.9522686,0.11467096954584122,0.9950000047683716,0.7681999802589417
YIL044C,YJR137C,0,-6.9527516,0.11465775221586227,0.9950000047683716,0.7682999968528748
YDL074C,YOL121C,0,-6.952965,0.11464454233646393,0.9950000047683716,0.7684000134468079
YMR281W,YAL023C,0,-6.9531217,0.11463133990764618,0.9950000047683716,0.7684999704360962
YML057W,YEL012W,0,-6.9534507,0.11461813002824783,0.9950000047683716,0.7685999870300293
YJL209W,YGL030W,0,-6.953701,0.11460492759943008,0.9950000047683716,0.7687000036239624
YOL039W,YHR056C,0,-6.9538035,0.11459173262119293,0.9950000047683716,0.7688000202178955
YDL230W,YMR241W,0,-6.9542627,0.11457853764295578,0.9950000047683716,0.7688999772071838
YJR046W,YJL113W,0,-6.95506,0.11456534266471863,0.9950000047683716,0.7689999938011169
YCR055C,YBL039C,0,-6.956231,0.11455215513706207,0.9950000047683716,0.76910001039505
YKR024C,YDL090C,0,-6.956338,0.11453896760940552,0.9950000047683716,0.7692000269889832
YNR038W,YMR095C,0,-6.9569874,0.11452578008174896,0.9950000047683716,0.7692999839782715
YOL151W,YPL232W,0,-6.95718,0.114512600004673,0.9950000047683716,0.7694000005722046
YDL160C,YHR001W-A,0,-6.9579372,0.11449942737817764,0.9950000047683716,0.7695000171661377
YNL106C,YOR230W,0,-6.958229,0.11448624730110168,0.9950000047683716,0.769599974155426
YNL261W,YLL024C,0,-6.9582834,0.11447308212518692,0.9950000047683716,0.7696999907493591
YBR247C,YLR260W,0,-6.9583163,0.11445990949869156,0.9950000047683716,0.7698000073432922
YJL035C,YKL035W,0,-6.9583197,0.1144467443227768,0.9950000047683716,0.7699000239372253
YCL026C-A,YJL186W,0,-6.9585676,0.11443357914686203,0.9950000047683716,0.7699999809265137
YLR051C,YHR163W,0,-6.9591575,0.11442042142152786,0.9950000047683716,0.7700999975204468
YOL016C,YDL140C,0,-6.9607735,0.1144072636961937,0.9950000047683716,0.7702000141143799
YBR036C,YLR056W,0,-6.9612293,0.11439411342144012,0.9950000047683716,0.7702999711036682
YHR102W,YOR075W,0,-6.9613996,0.11438096314668655,0.9950000047683716,0.7703999876976013
YHR187W,YAL023C,0,-6.9615784,0.11436781287193298,0.9950000047683716,0.7705000042915344
YMR116C,YMR127C,0,-6.9618483,0.11435467004776001,0.9950000047683716,0.7706000208854675
YKL101W,YML014W,0,-6.9624777,0.11434152722358704,0.9950000047683716,0.7706999778747559
YPR185W,YDR507C,0,-6.9631352,0.11432839184999466,0.9950000047683716,0.770799994468689
YBR185C,YNR043W,0,-6.963222,0.11431525647640228,0.9950000047683716,0.7709000110626221
YNL094W,YAL044C,0,-6.9634438,0.1143021285533905,0.9950000047683716,0.7710000276565552
YIL073C,YMR093W,0,-6.9639463,0.11428899317979813,0.9950000047683716,0.7710999846458435
YKL046C,YBR126C,0,-6.9648285,0.11427587270736694,0.9950000047683716,0.7712000012397766
YOR079C,YMR210W,0,-6.9658012,0.11426274478435516,0.9950000047683716,0.7713000178337097
YNL142W,YLR346C,0,-6.9660177,0.11424962431192398,0.9950000047683716,0.771399974822998
YGL209W,YPR139C,0,-6.9675517,0.1142365112900734,0.9950000047683716,0.7714999914169312
YOL001W,YDR120C,0,-6.967657,0.11422339826822281,0.9950000047683716,0.7716000080108643
YBL098W,YDL208W,0,-6.968349,0.11421028524637222,0.9950000047683716,0.7717000246047974
YHL019C,YOR119C,0,-6.9693294,0.11419717967510223,0.9950000047683716,0.7717999815940857
YOR380W,YLR224W,0,-6.969818,0.11418407410383224,0.9950000047683716,0.7718999981880188
YNL001W,YNL264C,0,-6.9708343,0.11417096853256226,0.9950000047683716,0.7720000147819519
YFL056C,YFR040W,0,-6.971265,0.11415787041187286,0.9950000047683716,0.7720999717712402
YML092C,YGR214W,0,-6.971738,0.11414477229118347,0.9950000047683716,0.7721999883651733
YEL050C,YNR026C,0,-6.9718227,0.11413168162107468,0.9950000047683716,0.7723000049591064
YJR144W,YPL188W,0,-6.972117,0.11411859095096588,0.9950000047683716,0.7724000215530396
YGL187C,YDR146C,0,-6.9722557,0.11410550773143768,0.9950000047683716,0.7724999785423279
YPL051W,YHR007C,0,-6.9722643,0.11409241706132889,0.9950000047683716,0.772599995136261
YLR347C,YLL061W,0,-6.973014,0.11407934129238129,0.9950000047683716,0.7727000117301941
YGR103W,YCR008W,0,-6.9730554,0.11406625807285309,0.9950000047683716,0.7728000283241272
YMR125W,YDR115W,0,-6.973304,0.11405318975448608,0.9950000047683716,0.7728999853134155
YAL022C,YJR063W,0,-6.973569,0.11404011398553848,0.9950000047683716,0.7730000019073486
YJL033W,YGR152C,0,-6.973711,0.11402704566717148,0.9950000047683716,0.7731000185012817
YJL122W,YDR040C,0,-6.9737186,0.11401397734880447,0.9950000047683716,0.7731999754905701
YAL044C,YOR322C,0,-6.97392,0.11400091648101807,0.9950000047683716,0.7732999920845032
YPL213W,YER148W,0,-6.974587,0.11398785561323166,0.9950000047683716,0.7734000086784363
YGR284C,YML114C,0,-6.9748535,0.11397480219602585,0.9950000047683716,0.7735000252723694
YCL040W,YGR199W,0,-6.975096,0.11396174877882004,0.9950000047683716,0.7735999822616577
YGR152C,YPL138C,0,-6.9761972,0.11394869536161423,0.9950000047683716,0.7736999988555908
YDR221W,YLR044C,0,-6.9763646,0.11393564939498901,0.9950000047683716,0.7738000154495239
YGL180W,YPL171C,0,-6.9775085,0.1139226034283638,0.9950000047683716,0.7738999724388123
YCR020C-A,YPR133C,0,-6.9781346,0.11390955746173859,0.9950000047683716,0.7739999890327454
YOL123W,YJR074W,0,-6.978475,0.11389651894569397,0.9950000047683716,0.7741000056266785
YER122C,YML016C,0,-6.9787707,0.11388348042964935,0.9950000047683716,0.7742000222206116
YHL011C,YBR182C,0,-6.981494,0.11387044936418533,0.9950000047683716,0.7742999792098999
YDL181W,YNL227C,0,-6.9815717,0.11385741829872131,0.9950000047683716,0.774399995803833
YJL111W,YOR208W,0,-6.983508,0.11384439468383789,0.9950000047683716,0.7745000123977661
YDR058C,YML007W,0,-6.984667,0.11383137106895447,0.9950000047683716,0.7746000289916992
YHL031C,YKL165C,0,-6.984992,0.11381834745407104,0.9950000047683716,0.7746999859809875
YHL003C,YDL138W,0,-6.9853086,0.11380533128976822,0.9950000047683716,0.7748000025749207
YER026C,YOR027W,0,-6.9875946,0.1137923151254654,0.9950000047683716,0.7749000191688538
YML109W,YER160C,0,-6.9918437,0.11377929896116257,0.9950000047683716,0.7749999761581421
YPL202C,YDL137W,0,-6.9926214,0.11376629024744034,0.9950000047683716,0.7750999927520752
YNL220W,YGL054C,0,-6.9927588,0.1137532889842987,0.9950000047683716,0.7752000093460083
YGR175C,YKL093W,0,-6.9933815,0.11374028027057648,0.9950000047683716,0.7753000259399414
YER073W,YDR346C,0,-6.9935055,0.11372728645801544,0.9950000047683716,0.7753999829292297
YDR298C,YDL092W,0,-6.995019,0.11371428519487381,0.9950000047683716,0.7754999995231628
YNL051W,YLR448W,0,-6.9951587,0.11370129138231277,0.9950000047683716,0.775600016117096
YNL053W,YMR045C,0,-6.9961333,0.11368829756975174,0.9950000047683716,0.7756999731063843
YHR205W,YPR078C,0,-6.997123,0.1136753112077713,0.9950000047683716,0.7757999897003174
YIL079C,YOR049C,0,-6.9972324,0.11366232484579086,0.9950000047683716,0.7759000062942505
YEL024W,YCL031C,0,-6.9974904,0.11364934593439102,0.9950000047683716,0.7760000228881836
YOR185C,YKL101W,0,-6.9982157,0.11363636702299118,0.9950000047683716,0.7760999798774719
YPL096W,YOR338W,0,-6.9995914,0.11362338811159134,0.9950000047683716,0.776199996471405
YKL172W,YGL048C,0,-6.9999022,0.1136104166507721,0.9950000047683716,0.7763000130653381
YMR092C,YMR264W,0,-7.000461,0.11359744518995285,0.9950000047683716,0.7764000296592712
YDR190C,YGR111W,0,-7.000531,0.1135844737291336,0.9950000047683716,0.7764999866485596
YML036W,YLR048W,0,-7.0026326,0.11357150971889496,0.9950000047683716,0.7766000032424927
YLR150W,YNL131W,0,-7.0045133,0.11355854570865631,0.9950000047683716,0.7767000198364258
YJR044C,YDR306C,0,-7.0049906,0.11354558914899826,0.9950000047683716,0.7767999768257141
YML031W,YIL101C,0,-7.0054665,0.11353263258934021,0.9950000047683716,0.7768999934196472
YHR086W,YLR221C,0,-7.006901,0.11351968348026276,0.9950000047683716,0.7770000100135803
YER028C,YNR047W,0,-7.007738,0.1135067269206047,0.9950000047683716,0.7771000266075134
YDR361C,YMR210W,0,-7.0082493,0.11349378526210785,0.9950000047683716,0.7771999835968018
YER030W,YLL024C,0,-7.009842,0.1134808361530304,0.9950000047683716,0.7773000001907349
YHR148W,YNL188W,0,-7.010312,0.11346790194511414,0.9950000047683716,0.777400016784668
YBR085W,YER025W,0,-7.0108175,0.11345496028661728,0.9950000047683716,0.7774999737739563
YMR277W,YKL141W,0,-7.011189,0.11344202607870102,0.9950000047683716,0.7775999903678894
YPR010C,YJL156C,0,-7.0116224,0.11342909187078476,0.9950000047683716,0.7777000069618225
YML081C-A,YIL139C,0,-7.0117464,0.1134161651134491,0.9950000047683716,0.7778000235557556
YMR011W,YML019W,0,-7.01245,0.11340323835611343,0.9950000047683716,0.777899980545044
YJL157C,YBR168W,0,-7.012705,0.11339031159877777,0.9950000047683716,0.777999997138977
YMR092C,YLR346C,0,-7.013074,0.1133773922920227,0.9950000047683716,0.7781000137329102
YMR184W,YBL005W-A,0,-7.0146575,0.11336447298526764,0.9950000047683716,0.7781999707221985
YOR120W,YMR109W,0,-7.015031,0.11335156112909317,0.9950000047683716,0.7782999873161316
YNL003C,YMR053C,0,-7.016601,0.1133386492729187,0.9950000047683716,0.7784000039100647
YNR074C,YMR186W,0,-7.0174465,0.11332573741674423,0.9950000047683716,0.7785000205039978
YML004C,YIL022W,0,-7.0179195,0.11331283301115036,0.9950000047683716,0.7785999774932861
YOR078W,YDL007W,0,-7.0193295,0.11329992860555649,0.9950000047683716,0.7786999940872192
YDR009W,YNL216W,0,-7.0196767,0.11328703165054321,0.9950000047683716,0.7788000106811523
YOR269W,YGR008C,0,-7.0199766,0.11327413469552994,0.9950000047683716,0.7789000272750854
YCL059C,YNL082W,0,-7.0200925,0.11326123774051666,0.9950000047683716,0.7789999842643738
YIR023W,YLR051C,0,-7.0216136,0.11324834823608398,0.9950000047683716,0.7791000008583069
YPL125W,YJL034W,0,-7.023502,0.1132354587316513,0.9950000047683716,0.77920001745224
YOL086C,YDR091C,0,-7.023582,0.11322257667779922,0.9950000047683716,0.7792999744415283
YOR076C,YIL029C,0,-7.023944,0.11320969462394714,0.9950000047683716,0.7793999910354614
YML073C,YDR189W,0,-7.024682,0.11319681257009506,0.9950000047683716,0.7795000076293945
YDR339C,YKL086W,0,-7.0251074,0.11318393796682358,0.9950000047683716,0.7796000242233276
YGR144W,YBL100W-A,0,-7.0260077,0.1131710633635521,0.9950000047683716,0.779699981212616
YML121W,YJL138C,0,-7.026766,0.1131581962108612,0.9950000047683716,0.7797999978065491
YNL223W,YLR346C,0,-7.026874,0.11314532905817032,0.9950000047683716,0.7799000144004822
YOL108C,YPR191W,0,-7.027139,0.11313246190547943,0.9950000047683716,0.7799999713897705
YDR492W,YIL077C,0,-7.0275965,0.11311960220336914,0.9950000047683716,0.7800999879837036
YJL003W,YOR233W,0,-7.027708,0.11310674250125885,0.9950000047683716,0.7802000045776367
YLR026C,YPL138C,0,-7.028022,0.11309388279914856,0.9950000047683716,0.7803000211715698
YLR430W,YNL044W,0,-7.028967,0.11308103054761887,0.9950000047683716,0.7803999781608582
YGR180C,YGL070C,0,-7.029341,0.11306817829608917,0.9950000047683716,0.7804999947547913
YLR391W-A,YHR061C,0,-7.0308123,0.11305533349514008,0.9950000047683716,0.7806000113487244
YDR492W,YIL030C,0,-7.0339203,0.11304248869419098,0.9950000047683716,0.7807000279426575
YJL125C,YNL292W,0,-7.034216,0.11302965134382248,0.9950000047683716,0.7807999849319458
YGR177C,YGL130W,0,-7.0348244,0.11301681399345398,0.9950000047683716,0.7809000015258789
YDR382W,YBL034C,0,-7.0351267,0.11300397664308548,0.9950000047683716,0.781000018119812
YLR166C,YBR126C,0,-7.0352564,0.11299113929271698,0.9950000047683716,0.7810999751091003
YLL018C-A,YPR167C,0,-7.03568,0.11297830939292908,0.9950000047683716,0.7811999917030334
YHR102W,YDR297W,0,-7.036029,0.11296548694372177,0.9950000047683716,0.7813000082969666
YGL233W,YCL008C,0,-7.036298,0.11295266449451447,0.9950000047683716,0.7814000248908997
YGL254W,YLR048W,0,-7.036619,0.11293984204530716,0.9950000047683716,0.781499981880188
YLL004W,YBR280C,0,-7.0369086,0.11292701959609985,0.9950000047683716,0.7815999984741211
YPR171W,YJR137C,0,-7.0369463,0.11291420459747314,0.9950000047683716,0.7817000150680542
YER110C,YLR034C,0,-7.0375705,0.11290139704942703,0.9950000047683716,0.7817999720573425
YKL035W,YLR277C,0,-7.037807,0.11288858950138092,0.9950000047683716,0.7818999886512756
YNL220W,YJL157C,0,-7.0386014,0.11287578195333481,0.9950000047683716,0.7820000052452087
YNL264C,YDR115W,0,-7.038834,0.1128629744052887,0.9950000047683716,0.7821000218391418
YCL034W,YLR224W,0,-7.0395637,0.11285017430782318,0.9950000047683716,0.7821999788284302
YBL064C,YLR166C,0,-7.0398192,0.11283738166093826,0.9950000047683716,0.7822999954223633
YLL002W,YOR356W,0,-7.039954,0.11282458156347275,0.9950000047683716,0.7824000120162964
YHR055C,YNL257C,0,-7.0404816,0.11281178891658783,0.9950000047683716,0.7825000286102295
YOR274W,YOR208W,0,-7.042219,0.11279900372028351,0.9950000047683716,0.7825999855995178
YOL031C,YOL125W,0,-7.042266,0.11278621852397919,0.9950000047683716,0.7827000021934509
YDR480W,YDR040C,0,-7.0434437,0.11277343332767487,0.9950000047683716,0.782800018787384
YNR067C,YLR080W,0,-7.0434465,0.11276065558195114,0.9950000047683716,0.7828999757766724
YDR345C,YDL060W,0,-7.043702,0.11274787783622742,0.9950000047683716,0.7829999923706055
YOL164W,YMR112C,0,-7.043711,0.11273510009050369,0.9950000047683716,0.7831000089645386
YPR104C,YOR137C,0,-7.0438175,0.11272232979536057,0.9950000047683716,0.7832000255584717
YGR264C,YJL056C,0,-7.044627,0.11270955950021744,0.9950000047683716,0.78329998254776
YIL121W,YBR280C,0,-7.0469184,0.11269679665565491,0.9950000047683716,0.7833999991416931
YJL117W,YML052W,0,-7.049054,0.11268403381109238,0.9950000047683716,0.7835000157356262
YML052W,YOR287C,0,-7.04939,0.11267127096652985,0.9950000047683716,0.7835999727249146
YGL233W,YJL045W,0,-7.0499735,0.11265851557254791,0.9950000047683716,0.7836999893188477
YGL209W,YER162C,0,-7.0500937,0.11264576017856598,0.9950000047683716,0.7838000059127808
YFL014W,YGR296W,0,-7.051339,0.11263301223516464,0.9950000047683716,0.7839000225067139
YOR157C,YDL130W,0,-7.0524406,0.11262025684118271,0.9950000047683716,0.7839999794960022
YKL011C,YBR294W,0,-7.0535865,0.11260751634836197,0.9950000047683716,0.7840999960899353
YOL130W,YDL188C,0,-7.0574636,0.11259476840496063,0.9950000047683716,0.7842000126838684
YDR069C,YML004C,0,-7.0592136,0.11258203536272049,0.9950000047683716,0.7843000292778015
YDL148C,YDR429C,0,-7.059396,0.11256929486989975,0.9950000047683716,0.7843999862670898
YNL287W,YDR073W,0,-7.0607715,0.1125565618276596,0.9950000047683716,0.784500002861023
YER002W,YDR018C,0,-7.060822,0.11254382878541946,0.9950000047683716,0.784600019454956
YDL137W,YOL064C,0,-7.060828,0.11253110319375992,0.9950000047683716,0.7846999764442444
YDR353W,YKL214C,0,-7.06272,0.11251837760210037,0.9950000047683716,0.7847999930381775
YGL195W,YDL083C,0,-7.063639,0.11250565201044083,0.9950000047683716,0.7849000096321106
YBL040C,YHR206W,0,-7.063877,0.11249293386936188,0.9950000047683716,0.7850000262260437
YDR345C,YJR063W,0,-7.063966,0.11248021572828293,0.9950000047683716,0.785099983215332
YGL180W,YIL070C,0,-7.065276,0.11246750503778458,0.9950000047683716,0.7851999998092651
YBR112C,YLR346C,0,-7.0655465,0.11245479434728622,0.9950000047683716,0.7853000164031982
YDL235C,YOR003W,0,-7.065811,0.11244208365678787,0.9950000047683716,0.7853999733924866
YKL204W,YFL016C,0,-7.0659323,0.11242938041687012,0.9950000047683716,0.7854999899864197
YGL084C,YBR280C,0,-7.0665436,0.11241667717695236,0.9950000047683716,0.7856000065803528
YLR079W,YFL018W-A,0,-7.0666113,0.1124039739370346,0.9950000047683716,0.7857000231742859
YNR002C,YJR040W,0,-7.0668206,0.11239127814769745,0.9950000047683716,0.7857999801635742
YNL186W,YDR213W,0,-7.0668592,0.11237858235836029,0.9950000047683716,0.7858999967575073
YLR229C,YGL208W,0,-7.0684943,0.11236589401960373,0.9950000047683716,0.7860000133514404
YDR040C,YBL100W-A,0,-7.068612,0.11235320568084717,0.9950000047683716,0.7860999703407288
YDR178W,YDR464W,0,-7.069082,0.1123405247926712,0.9950000047683716,0.7861999869346619
YBR008C,YER001W,0,-7.0702143,0.11232783645391464,0.9950000047683716,0.786300003528595
YOR120W,YKL020C,0,-7.070517,0.11231516301631927,0.9950000047683716,0.7864000201225281
YNL268W,YLL024C,0,-7.070869,0.11230248212814331,0.9950000047683716,0.7864999771118164
YGR155W,YBR143C,0,-7.0719013,0.11228980869054794,0.9950000047683716,0.7865999937057495
YBR164C,YMR173W,0,-7.0719213,0.11227713525295258,0.9950000047683716,0.7867000102996826
YPL061W,YJR091C,0,-7.0722175,0.1122644692659378,0.9950000047683716,0.7868000268936157
YKL068W,YOR356W,0,-7.072754,0.11225180327892303,0.9950000047683716,0.786899983882904
YPL213W,YGL045W,0,-7.0732327,0.11223914474248886,0.9950000047683716,0.7870000004768372
YLR189C,YDL074C,0,-7.0732493,0.11222648620605469,0.9950000047683716,0.7871000170707703
YLL043W,YDL153C,0,-7.0746136,0.11221382766962051,0.9950000047683716,0.7871999740600586
YMR015C,YDR030C,0,-7.0752487,0.11220116913318634,0.9950000047683716,0.7872999906539917
YMR083W,YDL097C,0,-7.075429,0.11218852549791336,0.9950000047683716,0.7874000072479248
YLR002C,YOR367W,0,-7.0761614,0.11217587441205978,0.9950000047683716,0.7875000238418579
YOR349W,YDR487C,0,-7.0784273,0.1121632307767868,0.9950000047683716,0.7875999808311462
YBR059C,YBR037C,0,-7.078492,0.11215058714151382,0.9950000047683716,0.7876999974250793
YOL104C,YOR054C,0,-7.081131,0.11213794350624084,0.9950000047683716,0.7878000140190125
YJL104W,YKL141W,0,-7.0828757,0.11212530732154846,0.9950000047683716,0.7878999710083008
YMR136W,YAR009C,0,-7.08296,0.11211267858743668,0.9950000047683716,0.7879999876022339
YNL027W,YDR516C,0,-7.083072,0.1121000424027443,0.9950000047683716,0.788100004196167
YLR110C,YDR182W,0,-7.083108,0.11208741366863251,0.9950000047683716,0.7882000207901001
YGL133W,YOL001W,0,-7.083334,0.11207479238510132,0.9950000047683716,0.7882999777793884
YPL047W,YLL012W,0,-7.0846734,0.11206217110157013,0.9950000047683716,0.7883999943733215
YCR005C,YOR147W,0,-7.0848703,0.11204954981803894,0.9950000047683716,0.7885000109672546
YGR284C,YMR127C,0,-7.0850086,0.11203693598508835,0.9950000047683716,0.7886000275611877
YHR143W,YLR214W,0,-7.085873,0.11202432215213776,0.9950000047683716,0.7886999845504761
YLR304C,YKR014C,0,-7.087759,0.11201170831918716,0.9950000047683716,0.7888000011444092
YMR008C,YPL192C,0,-7.0879917,0.11199910193681717,0.9950000047683716,0.7889000177383423
YLR148W,YCL054W,0,-7.088176,0.11198649555444717,0.9950000047683716,0.7889999747276306
YOR372C,YOL129W,0,-7.089614,0.11197388917207718,0.9950000047683716,0.7890999913215637
YGR057C,YBR296C,0,-7.0905914,0.11196129024028778,0.9950000047683716,0.7892000079154968
YPR183W,YKR060W,0,-7.0912576,0.11194869130849838,0.9950000047683716,0.7893000245094299
YML081C-A,YER117W,0,-7.0914526,0.11193609982728958,0.9950000047683716,0.7893999814987183
YKL129C,YDR489W,0,-7.091609,0.11192350834608078,0.9950000047683716,0.7894999980926514
YOR064C,YIL077C,0,-7.0917325,0.11191092431545258,0.9950000047683716,0.7896000146865845
YPR023C,YEL042W,0,-7.094037,0.11189833283424377,0.9950000047683716,0.7896999716758728
YHR119W,YOL129W,0,-7.09476,0.11188575625419617,0.9950000047683716,0.7897999882698059
YKL053C-A,YBR162C,0,-7.0947647,0.11187317222356796,0.9950000047683716,0.789900004863739
YDR264C,YJL190C,0,-7.0949984,0.11186059564352036,0.9950000047683716,0.7900000214576721
YDL099W,YCR083W,0,-7.0960364,0.11184801906347275,0.9950000047683716,0.7900999784469604
YLR150W,YER123W,0,-7.0968585,0.11183544993400574,0.9950000047683716,0.7901999950408936
YDL148C,YJL117W,0,-7.098697,0.11182288080453873,0.9950000047683716,0.7903000116348267
YCL001W,YBL061C,0,-7.0996842,0.11181031912565231,0.9950000047683716,0.7904000282287598
YKR066C,YLR316C,0,-7.1008224,0.1117977499961853,0.9950000047683716,0.7904999852180481
YGL055W,YBR022W,0,-7.1013765,0.11178519576787949,0.9950000047683716,0.7906000018119812
YLL008W,YOR115C,0,-7.101488,0.11177263408899307,0.9950000047683716,0.7907000184059143
YPR111W,YJL148W,0,-7.102985,0.11176007986068726,0.9950000047683716,0.7907999753952026
YPL133C,YDR447C,0,-7.1046557,0.11174752563238144,0.9950000047683716,0.7908999919891357
YAL007C,YFL018W-A,0,-7.1053305,0.11173497885465622,0.9950000047683716,0.7910000085830688
YKL004W,YPL032C,0,-7.106714,0.111722432076931,0.9950000047683716,0.791100025177002
YPL171C,YAR003W,0,-7.107895,0.11170989274978638,0.9950000047683716,0.7911999821662903
YPL101W,YKL026C,0,-7.10935,0.11169735342264175,0.9950000047683716,0.7912999987602234
YLR056W,YKL186C,0,-7.109873,0.11168481409549713,0.9950000047683716,0.7914000153541565
YGR075C,YLR426W,0,-7.11007,0.11167227476835251,0.9950000047683716,0.7914999723434448
YPL131W,YHR056C,0,-7.1101923,0.11165974289178848,0.9950000047683716,0.7915999889373779
YMR080C,YKL141W,0,-7.1115956,0.11164721846580505,0.9950000047683716,0.791700005531311
YJR084W,YGL039W,0,-7.1117544,0.11163469403982162,0.9950000047683716,0.7918000221252441
YGR010W,YKR072C,0,-7.113571,0.1116221696138382,0.9950000047683716,0.7918999791145325
YDL132W,YLR150W,0,-7.113947,0.11160964518785477,0.9950000047683716,0.7919999957084656
YOR237W,YJL100W,0,-7.1143913,0.11159712821245193,0.9950000047683716,0.7921000123023987
YPL179W,YLR298C,0,-7.1152186,0.1115846112370491,0.9950000047683716,0.7922000288963318
YML080W,YOR089C,0,-7.1157107,0.11157210171222687,0.9950000047683716,0.7922999858856201
YHR052W,YBR133C,0,-7.1161737,0.11155959218740463,0.9950000047683716,0.7924000024795532
YIR022W,YBR061C,0,-7.116896,0.1115470826625824,0.9950000047683716,0.7925000190734863
YHR077C,YML131W,0,-7.1179647,0.11153458058834076,0.9950000047683716,0.7925999760627747
YBR210W,YKL099C,0,-7.1182632,0.11152207851409912,0.9950000047683716,0.7926999926567078
YPL137C,YBR156C,1,-7.118845,0.11162165552377701,0.9959999918937683,0.7926999926567078
YER159C,YGR251W,0,-7.119054,0.11160914599895477,0.9959999918937683,0.7928000092506409
YML042W,YML120C,0,-7.119628,0.11159663647413254,0.9959999918937683,0.792900025844574
YDR083W,YOL091W,0,-7.120635,0.1115841343998909,0.9959999918937683,0.7929999828338623
YIL014W,YNL119W,0,-7.121459,0.11157163977622986,0.9959999918937683,0.7930999994277954
YPL170W,YMR285C,0,-7.1215124,0.11155913770198822,0.9959999918937683,0.7932000160217285
YLR391W,YPL232W,0,-7.1216373,0.11154664307832718,0.9959999918937683,0.7932999730110168
YDL201W,YJR141W,0,-7.1258535,0.11153415590524673,0.9959999918937683,0.79339998960495
YKL120W,YBR043C,0,-7.1265583,0.11152166873216629,0.9959999918937683,0.7935000061988831
YPL075W,YNL239W,0,-7.127508,0.11150918155908585,0.9959999918937683,0.7936000227928162
YLR172C,YLR081W,0,-7.128018,0.1114966943860054,0.9959999918937683,0.7936999797821045
YGR289C,YFR034C,0,-7.1280704,0.11148421466350555,0.9959999918937683,0.7937999963760376
YJL127C,YHR138C,0,-7.1282854,0.1114717423915863,0.9959999918937683,0.7939000129699707
YGR108W,YLL006W,0,-7.128291,0.11145926266908646,0.9959999918937683,0.7940000295639038
YBR279W,YHL011C,0,-7.129108,0.1114467978477478,0.9959999918937683,0.7940999865531921
YPR023C,YOR025W,0,-7.1302915,0.11143432557582855,0.9959999918937683,0.7942000031471252
YGL254W,YCR058C,0,-7.1317735,0.1114218607544899,0.9959999918937683,0.7943000197410583
YBR296C,YKL130C,0,-7.132252,0.11140939593315125,0.9959999918937683,0.7943999767303467
YPR144C,YDL090C,0,-7.1332765,0.11139693856239319,0.9959999918937683,0.7944999933242798
YNL023C,YLR378C,0,-7.133797,0.11138448119163513,0.9959999918937683,0.7946000099182129
YGR055W,YLR166C,0,-7.1339145,0.11137202382087708,0.9959999918937683,0.794700026512146
YGL153W,YMR051C,0,-7.134059,0.11135957390069962,0.9959999918937683,0.7947999835014343
YBR256C,YJR141W,0,-7.1345696,0.11134712398052216,0.9959999918937683,0.7949000000953674
YCR040W,YML058W,0,-7.135019,0.1113346740603447,0.9959999918937683,0.7950000166893005
YKL120W,YDL138W,0,-7.1352196,0.11132223159074783,0.9959999918937683,0.7950999736785889
YPR020W,YPR134W,0,-7.135534,0.11130978912115097,0.9959999918937683,0.795199990272522
YNL270C,YIL155C,0,-7.1357813,0.1112973541021347,0.9959999918937683,0.7953000068664551
YNL009W,YAR010C,0,-7.136316,0.11128491908311844,0.9959999918937683,0.7954000234603882
YIL153W,YBR169C,0,-7.1372004,0.11127248406410217,0.9959999918937683,0.7954999804496765
YDR264C,YDL181W,0,-7.1382704,0.1112600564956665,0.9959999918937683,0.7955999970436096
YLR051C,YBL106C,0,-7.138791,0.11124762892723083,0.9959999918937683,0.7957000136375427
YOR267C,YMR087W,0,-7.1394453,0.11123520135879517,0.9959999918937683,0.795799970626831
YER103W,YPL232W,0,-7.1398153,0.1112227812409401,0.9959999918937683,0.7958999872207642
YGR119C,YGR180C,0,-7.1398916,0.11121036112308502,0.9959999918937683,0.7960000038146973
YGL206C,YGL008C,0,-7.1402407,0.11119794845581055,0.9959999918937683,0.7961000204086304
YNL256W,YCR073C,0,-7.141634,0.11118553578853607,0.9959999918937683,0.7961999773979187
YDR211W,YCR055C,0,-7.141747,0.1111731231212616,0.9959999918937683,0.7962999939918518
YOR231W,YCR057C,0,-7.14283,0.11116071790456772,0.9959999918937683,0.7964000105857849
YGR060W,YGR008C,0,-7.143903,0.11114831268787384,0.9959999918937683,0.796500027179718
YCL059C,YIL023C,0,-7.145382,0.11113590747117996,0.9959999918937683,0.7965999841690063
YDR460W,YBL039C,0,-7.147423,0.11112350970506668,0.9959999918937683,0.7967000007629395
YNL066W,YDR369C,0,-7.1491647,0.1111111119389534,0.9959999918937683,0.7968000173568726
YHR148W,YGL095C,0,-7.149769,0.11109871417284012,0.9959999918937683,0.7968999743461609
YHL036W,YCR058C,0,-7.150138,0.11108632385730743,0.9959999918937683,0.796999990940094
YKL206C,YDR120C,0,-7.1504145,0.11107394099235535,0.9959999918937683,0.7971000075340271
YGL045W,YPL274W,0,-7.1514654,0.11106155067682266,0.9959999918937683,0.7972000241279602
YPR030W,YNL333W,0,-7.152281,0.11104916781187057,0.9959999918937683,0.7972999811172485
YLR074C,YMR106C,0,-7.153557,0.11103679239749908,0.9959999918937683,0.7973999977111816
YOR310C,YGL243W,0,-7.1538982,0.111024409532547,0.9959999918937683,0.7975000143051147
YLR138W,YDR398W,0,-7.1544,0.1110120341181755,0.9959999918937683,0.7975999712944031
YHR143W,YLR372W,0,-7.1548815,0.11099966615438461,0.9959999918937683,0.7976999878883362
YNL159C,YGL048C,0,-7.1550937,0.11098729819059372,0.9959999918937683,0.7978000044822693
YLR201C,YBL018C,0,-7.1555,0.11097493022680283,0.9959999918937683,0.7979000210762024
YBR294W,YAR010C,0,-7.156191,0.11096256971359253,0.9959999918937683,0.7979999780654907
YDL153C,YBL061C,0,-7.1573644,0.11095020920038223,0.9959999918937683,0.7980999946594238
YGR108W,YNL332W,0,-7.1574006,0.11093784868717194,0.9959999918937683,0.7982000112533569
YML061C,YLR075W,0,-7.1583214,0.11092549562454224,0.9959999918937683,0.79830002784729
YML008C,YKL017C,0,-7.15892,0.11091314256191254,0.9959999918937683,0.7983999848365784
YLR110C,YDR422C,0,-7.160924,0.11090078949928284,0.9959999918937683,0.7985000014305115
YAL012W,YNL153C,0,-7.1614037,0.11088844388723373,0.9959999918937683,0.7986000180244446
YPR154W,YDL020C,0,-7.1618795,0.11087609827518463,0.9959999918937683,0.7986999750137329
YJL101C,YGR183C,0,-7.1620216,0.11086376011371613,0.9959999918937683,0.798799991607666
YDR339C,YDL095W,0,-7.162544,0.11085142195224762,0.9959999918937683,0.7989000082015991
YKL073W,YNL123W,0,-7.165144,0.11083908379077911,0.9959999918937683,0.7990000247955322
YOR145C,YPL139C,0,-7.1651726,0.1108267530798912,0.9959999918937683,0.7990999817848206
YJL183W,YER117W,0,-7.165972,0.1108144223690033,0.9959999918937683,0.7991999983787537
YNL142W,YDR002W,0,-7.1669836,0.11080209165811539,0.9959999918937683,0.7993000149726868
YGR289C,YDR165W,0,-7.167249,0.11078976839780807,0.9959999918937683,0.7993999719619751
YIL140W,YKL001C,0,-7.1676316,0.11077744513750076,0.9959999918937683,0.7994999885559082
YMR129W,YKR081C,0,-7.168317,0.11076512187719345,0.9959999918937683,0.7996000051498413
YHR004C,YDR346C,0,-7.1684113,0.11075280606746674,0.9959999918937683,0.7997000217437744
YHR114W,YDR040C,0,-7.1692367,0.11074049025774002,0.9959999918937683,0.7997999787330627
YGL090W,YIL080W,0,-7.169404,0.1107281818985939,0.9959999918937683,0.7998999953269958
YLR370C,YEL012W,0,-7.1698546,0.11071587353944778,0.9959999918937683,0.800000011920929
YER073W,YDR421W,0,-7.169979,0.11070356518030167,0.9959999918937683,0.8001000285148621
YNR002C,YPR005C,0,-7.1702404,0.11069126427173615,0.9959999918937683,0.8001999855041504
YGL016W,YPR138C,0,-7.1703753,0.11067896336317062,0.9959999918937683,0.8003000020980835
YBR039W,YDR189W,0,-7.1718416,0.1106666699051857,0.9959999918937683,0.8004000186920166
YGL027C,YGR094W,0,-7.172431,0.11065436899662018,0.9959999918937683,0.8004999756813049
YPR093C,YKR097W,0,-7.1739597,0.11064208298921585,0.9959999918937683,0.800599992275238
YER002W,YDR394W,0,-7.174012,0.11062978953123093,0.9959999918937683,0.8007000088691711
YFL039C,YLR409C,0,-7.17651,0.1106175035238266,0.9959999918937683,0.8008000254631042
YBR155W,YPR002W,0,-7.1773043,0.11060521751642227,0.9959999918937683,0.8008999824523926
YGR165W,YJL121C,0,-7.1778364,0.11059293895959854,0.9959999918937683,0.8009999990463257
YNL293W,YPL276W,0,-7.178345,0.11058066040277481,0.9959999918937683,0.8011000156402588
YGR177C,YBR290W,0,-7.1788692,0.11056838184595108,0.9959999918937683,0.8011999726295471
YIL167W,YJR044C,0,-7.1795006,0.11055611073970795,0.9959999918937683,0.8012999892234802
YOR039W,YDL160C,0,-7.1795335,0.11054383963346481,0.9959999918937683,0.8014000058174133
YML060W,YCR057C,0,-7.1796765,0.11053157597780228,0.9959999918937683,0.8015000224113464
YER110C,YGR033C,0,-7.1800685,0.11051930487155914,0.9959999918937683,0.8015999794006348
YBR059C,YGL187C,0,-7.1803856,0.1105070486664772,0.9959999918937683,0.8016999959945679
YOL023W,YIL110W,0,-7.180625,0.11049478501081467,0.9959999918937683,0.801800012588501
YOL156W,YLR008C,0,-7.1808767,0.11048252880573273,0.9959999918937683,0.8019000291824341
YHL003C,YBL039C,0,-7.181308,0.11047027260065079,0.9959999918937683,0.8019999861717224
YNL292W,YIL105C,0,-7.181419,0.11045802384614944,0.9959999918937683,0.8021000027656555
YLR394W,YOR340C,0,-7.1816416,0.1104457750916481,0.9959999918937683,0.8022000193595886
YBR161W,YMR125W,0,-7.182017,0.11043352633714676,0.9959999918937683,0.802299976348877
YPR122W,YGR135W,0,-7.184145,0.11042128503322601,0.9959999918937683,0.8023999929428101
YJR063W,YOR151C,0,-7.1845007,0.11040904372930527,0.9959999918937683,0.8025000095367432
YML073C,YDR477W,0,-7.184586,0.11039680987596512,0.9959999918937683,0.8026000261306763
YMR092C,YBR233W-A,0,-7.185325,0.11038457602262497,0.9959999918937683,0.8026999831199646
YJL010C,YDL007W,0,-7.1857533,0.11037234216928482,0.9959999918937683,0.8027999997138977
YGR145W,YPR006C,0,-7.1860805,0.11036010831594467,0.9959999918937683,0.8029000163078308
YKL059C,YIL117C,0,-7.1865964,0.11034788191318512,0.9959999918937683,0.8029999732971191
YJR132W,YBL080C,0,-7.1871996,0.11033566296100616,0.9959999918937683,0.8030999898910522
YHR116W,YJR031C,0,-7.1887813,0.11032343655824661,0.9959999918937683,0.8032000064849854
YJL210W,YPL234C,0,-7.188816,0.11031121760606766,0.9959999918937683,0.8033000230789185
YBL098W,YJL121C,0,-7.188885,0.1102990061044693,0.9959999918937683,0.8033999800682068
YMR055C,YMR011W,0,-7.189046,0.11028678715229034,0.9959999918937683,0.8034999966621399
YLL018C-A,YGR288W,0,-7.190197,0.11027457565069199,0.9959999918937683,0.803600013256073
YDL201W,YJL059W,0,-7.1913934,0.11026237159967422,0.9959999918937683,0.8036999702453613
YMR011W,YNR008W,0,-7.1915183,0.11025016754865646,0.9959999918937683,0.8037999868392944
YNR059W,YBR167C,0,-7.1917887,0.1102379634976387,0.9959999918937683,0.8039000034332275
YLR233C,YKL152C,0,-7.1918526,0.11022576689720154,0.9959999918937683,0.8040000200271606
YOR142W,YOR048C,0,-7.1930714,0.11021356284618378,0.9959999918937683,0.804099977016449
YDR511W,YPL188W,0,-7.1939735,0.11020137369632721,0.9959999918937683,0.8041999936103821
YPL194W,YGL255W,0,-7.1941767,0.11018917709589005,0.9959999918937683,0.8043000102043152
YGL178W,YDR392W,0,-7.1950135,0.11017698794603348,0.9959999918937683,0.8044000267982483
YDR138W,YPR182W,0,-7.195171,0.11016480624675751,0.9959999918937683,0.8044999837875366
YML113W,YOR075W,0,-7.195938,0.11015262454748154,0.9959999918937683,0.8046000003814697
YDR198C,YPL163C,0,-7.1962147,0.11014044284820557,0.9959999918937683,0.8047000169754028
YLR363C,YDR447C,0,-7.1964245,0.1101282611489296,0.9959999918937683,0.8047999739646912
YEL060C,YCL008C,0,-7.1979957,0.11011608690023422,0.9959999918937683,0.8048999905586243
YPR176C,YOL144W,0,-7.1983643,0.11010391265153885,0.9959999918937683,0.8050000071525574
YGR145W,YDL095W,0,-7.2007265,0.11009174585342407,0.9959999918937683,0.8051000237464905
YHR001W-A,YDL092W,0,-7.2013316,0.1100795790553093,0.9959999918937683,0.8051999807357788
YLR231C,YDR479C,0,-7.2023673,0.11006741225719452,0.9959999918937683,0.8052999973297119
YOR001W,YOR003W,0,-7.2038755,0.11005524545907974,0.9959999918937683,0.805400013923645
YCL027W,YHR094C,0,-7.2040644,0.11004308611154556,0.9959999918937683,0.8054999709129333
YAL012W,YKL084W,0,-7.204755,0.11003093421459198,0.9959999918937683,0.8055999875068665
YJR160C,YIL080W,0,-7.205087,0.1100187748670578,0.9959999918937683,0.8057000041007996
YGR075C,YGR180C,0,-7.206872,0.11000663042068481,0.9959999918937683,0.8058000206947327
YCR005C,YOL097C,0,-7.2091255,0.10999447852373123,0.9959999918937683,0.805899977684021
YOR031W,YIL010W,0,-7.210411,0.10998233407735825,0.9959999918937683,0.8059999942779541
YER155C,YDL014W,0,-7.2109575,0.10997018963098526,0.9959999918937683,0.8061000108718872
YIL110W,YDR487C,0,-7.211583,0.10995804518461227,0.9959999918937683,0.8062000274658203
YIR005W,YLL012W,0,-7.213093,0.10994590818881989,0.9959999918937683,0.8062999844551086
YAR015W,YBR084W,0,-7.2135367,0.1099337711930275,0.9959999918937683,0.8064000010490417
YOL071W,YER005W,0,-7.2141953,0.1099216416478157,0.9959999918937683,0.8065000176429749
YKR065C,YOR001W,0,-7.2150025,0.10990951210260391,0.9959999918937683,0.8065999746322632
YGL084C,YOL147C,0,-7.2156277,0.10989738255739212,0.9959999918937683,0.8066999912261963
YER073W,YLR360W,0,-7.216897,0.10988526046276093,0.9959999918937683,0.8068000078201294
YPL075W,YAR010C,0,-7.2170973,0.10987313836812973,0.9959999918937683,0.8069000244140625
YDL099W,YDR309C,0,-7.2175,0.10986101627349854,0.9959999918937683,0.8069999814033508
YDL207W,YNR034W,0,-7.21815,0.10984890162944794,0.9959999918937683,0.8070999979972839
YBR039W,YNR075W,0,-7.218838,0.10983678698539734,0.9959999918937683,0.807200014591217
YDL132W,YDR079W,0,-7.21947,0.10982467979192734,0.9959999918937683,0.8072999715805054
YMR168C,YHR052W,0,-7.220253,0.10981257259845734,0.9959999918937683,0.8073999881744385
YJR025C,YBL041W,0,-7.222746,0.10980046540498734,0.9959999918937683,0.8075000047683716
YGL192W,YPR110C,0,-7.2228994,0.10978835821151733,0.9959999918937683,0.8076000213623047
YDL160C,YDR297W,0,-7.222962,0.10977625846862793,0.9959999918937683,0.807699978351593
YPL121C,YOR297C,0,-7.2233934,0.10976415872573853,0.9959999918937683,0.8077999949455261
YLR008C,YPR042C,0,-7.225816,0.10975206643342972,0.9959999918937683,0.8079000115394592
YPR001W,YBR162C,0,-7.22591,0.10973997414112091,0.9959999918937683,0.8080000281333923
YNL118C,YDR453C,0,-7.2275476,0.1097278818488121,0.9959999918937683,0.8080999851226807
YJL148W,YPL029W,0,-7.2289243,0.10971579700708389,0.9959999918937683,0.8082000017166138
YGL008C,YOR035C,0,-7.231971,0.10970371216535568,0.9959999918937683,0.8083000183105469
YGL178W,YGL135W,0,-7.2326345,0.10969162732362747,0.9959999918937683,0.8083999752998352
YLR172C,YJL179W,0,-7.232964,0.10967954993247986,0.9959999918937683,0.8084999918937683
YLR340W,YLR275W,0,-7.233183,0.10966747254133224,0.9959999918937683,0.8086000084877014
YOR233W,YAR009C,0,-7.235365,0.10965540260076523,0.9959999918937683,0.8087000250816345
YLR285W,YMR197C,0,-7.236104,0.10964332520961761,0.9959999918937683,0.8087999820709229
YML130C,YJR063W,0,-7.236273,0.1096312627196312,0.9959999918937683,0.808899998664856
YDR153C,YMR008C,0,-7.237135,0.10961919277906418,0.9959999918937683,0.8090000152587891
YFL029C,YMR136W,0,-7.237677,0.10960713028907776,0.9959999918937683,0.8090999722480774
YEL062W,YNL016W,0,-7.238691,0.10959506779909134,0.9959999918937683,0.8091999888420105
YLR069C,YGL006W,0,-7.2402234,0.10958301275968552,0.9959999918937683,0.8093000054359436
YGR155W,YGL249W,0,-7.2421455,0.1095709577202797,0.9959999918937683,0.8094000220298767
YDL207W,YGL039W,0,-7.242749,0.10955890268087387,0.9959999918937683,0.809499979019165
YCR040W,YKL148C,0,-7.242832,0.10954685509204865,0.9959999918937683,0.8095999956130981
YHR183W,YKL086W,0,-7.24389,0.10953480750322342,0.9959999918937683,0.8097000122070312
YDR432W,YGR086C,0,-7.2440834,0.1095227599143982,0.9959999918937683,0.8098000288009644
YKL182W,YDR545W,0,-7.244521,0.10951071977615356,0.9959999918937683,0.8098999857902527
YNL117W,YLL041C,0,-7.2449703,0.10949867963790894,0.9959999918937683,0.8100000023841858
YIL035C,YGR165W,0,-7.2459984,0.1094866469502449,0.9959999918937683,0.8101000189781189
YHR092C,YOR327C,0,-7.246086,0.10947460681200027,0.9959999918937683,0.8101999759674072
YLR449W,YGL044C,0,-7.2471333,0.10946258157491684,0.9959999918937683,0.8102999925613403
YKL011C,YIL017C,0,-7.247588,0.10945054888725281,0.9959999918937683,0.8104000091552734
YKL004W,YNR013C,0,-7.247649,0.10943852365016937,0.9959999918937683,0.8105000257492065
YNL112W,YMR167W,0,-7.2477407,0.10942649841308594,0.9959999918937683,0.8105999827384949
YMR083W,YNL055C,0,-7.249213,0.1094144806265831,0.9959999918937683,0.810699999332428
YIL040W,YLR006C,0,-7.249937,0.10940246284008026,0.9959999918937683,0.8108000159263611
YOL086C,YCL059C,0,-7.2500715,0.10939044505357742,0.9959999918937683,0.8108999729156494
YHL048W,YOR341W,0,-7.250614,0.10937843471765518,0.9959999918937683,0.8109999895095825
YLR109W,YOR209C,0,-7.251125,0.10936642438173294,0.9959999918937683,0.8111000061035156
YLR158C,YPL110C,0,-7.251447,0.1093544140458107,0.9959999918937683,0.8112000226974487
YOR033C,YNL334C,0,-7.25199,0.10934241116046906,0.9959999918937683,0.8112999796867371
YKL009W,YGR272C,0,-7.25448,0.10933040827512741,0.9959999918937683,0.8113999962806702
YOR335C,YOL016C,0,-7.2557535,0.10931840538978577,0.9959999918937683,0.8115000128746033
YPL084W,YGR111W,0,-7.2558074,0.10930640995502472,0.9959999918937683,0.8116000294685364
YDR153C,YKR081C,0,-7.255928,0.10929441452026367,0.9959999918937683,0.8116999864578247
YNL023C,YKL009W,0,-7.256125,0.10928241908550262,0.9959999918937683,0.8118000030517578
YFL034C-B,YGR128C,0,-7.256817,0.10927043110132217,0.9959999918937683,0.8119000196456909
YMR273C,YHR138C,0,-7.256968,0.10925844311714172,0.9959999918937683,0.8119999766349792
YIL117C,YGR128C,0,-7.2576814,0.10924646258354187,0.9959999918937683,0.8120999932289124
YDL165W,YBR118W,0,-7.257867,0.10923448204994202,0.9959999918937683,0.8122000098228455
YHR107C,YML130C,0,-7.2583776,0.10922250151634216,0.9959999918937683,0.8123000264167786
YHR089C,YBL039C,0,-7.2595263,0.1092105284333229,0.9959999918937683,0.8123999834060669
YOR380W,YJL087C,0,-7.2602386,0.10919855535030365,0.9959999918937683,0.8125
YPR112C,YKL025C,0,-7.260697,0.1091865822672844,0.9959999918937683,0.8126000165939331
YGR113W,YGR103W,0,-7.261092,0.10917461663484573,0.9959999918937683,0.8126999735832214
YPL170W,YBR010W,0,-7.263434,0.10916265100240707,0.9959999918937683,0.8127999901771545
YMR001C,YEL026W,0,-7.2641287,0.10915068536996841,0.9959999918937683,0.8129000067710876
YBR159W,YAL030W,0,-7.266582,0.10913872718811035,0.9959999918937683,0.8130000233650208
YNL163C,YOR261C,0,-7.266716,0.10912676900625229,0.9959999918937683,0.8130999803543091
YPR110C,YJR027W,0,-7.266721,0.10911481082439423,0.9959999918937683,0.8131999969482422
YGL078C,YER087C-A,0,-7.269202,0.10910286009311676,0.9959999918937683,0.8133000135421753
YDR151C,YMR045C,0,-7.2693033,0.1090909093618393,0.9959999918937683,0.8133999705314636
YPL075W,YKR079C,0,-7.2695847,0.10907895863056183,0.9959999918937683,0.8134999871253967
YCR028C-A,YJL093C,0,-7.2701826,0.10906701534986496,0.9959999918937683,0.8136000037193298
YML052W,YOR359W,0,-7.270485,0.10905507206916809,0.9959999918937683,0.8137000203132629
YDL132W,YDR429C,0,-7.270851,0.10904313623905182,0.9959999918937683,0.8137999773025513
YGL180W,YER002W,0,-7.2711306,0.10903120040893555,0.9959999918937683,0.8138999938964844
YPL119C,YBR026C,0,-7.272373,0.10901926457881927,0.9959999918937683,0.8140000104904175
YKL130C,YIL022W,0,-7.2728357,0.1090073361992836,0.9959999918937683,0.8141000270843506
YOR130C,YHR203C,0,-7.273182,0.10899540036916733,0.9959999918937683,0.8141999840736389
YDR174W,YGR090W,0,-7.2734065,0.10898347944021225,0.9959999918937683,0.814300000667572
YNL008C,YBR171W,0,-7.2745357,0.10897155106067657,0.9959999918937683,0.8144000172615051
YEL042W,YOL060C,0,-7.274662,0.1089596301317215,0.9959999918937683,0.8144999742507935
YKL060C,YKR079C,0,-7.2759814,0.10894771665334702,0.9959999918937683,0.8145999908447266
YPR200C,YOR095C,0,-7.275982,0.10893579572439194,0.9959999918937683,0.8147000074386597
YFL009W,YER053C,0,-7.2765265,0.10892388224601746,0.9959999918937683,0.8148000240325928
YBL020W,YJL069C,0,-7.276922,0.10891197621822357,0.9959999918937683,0.8148999810218811
YGR193C,YAL016W,0,-7.277454,0.10890006273984909,0.9959999918937683,0.8149999976158142
YKL165C,YKL043W,0,-7.2784667,0.1088881567120552,0.9959999918937683,0.8151000142097473
YDL236W,YCL054W,0,-7.279703,0.10887625813484192,0.9959999918937683,0.8151999711990356
YKL013C,YHR066W,0,-7.2811213,0.10886435955762863,0.9959999918937683,0.8152999877929688
YHR034C,YMR087W,0,-7.281365,0.10885246098041534,0.9959999918937683,0.8154000043869019
YNL274C,YGL066W,0,-7.284046,0.10884056240320206,0.9959999918937683,0.815500020980835
YBR042C,YDR481C,0,-7.284152,0.10882867127656937,0.9959999918937683,0.8155999779701233
YNL220W,YNL116W,0,-7.2875133,0.10881678014993668,0.9959999918937683,0.8156999945640564
YMR316W,YOL112W,0,-7.2881236,0.10880489647388458,0.9959999918937683,0.8158000111579895
YOR078W,YMR204C,0,-7.288314,0.10879301279783249,0.9959999918937683,0.8159000277519226
YMR100W,YHR048W,0,-7.288774,0.1087811291217804,0.9959999918937683,0.8159999847412109
YKL004W,YGR220C,0,-7.288814,0.1087692454457283,0.9959999918937683,0.816100001335144
YJR094C,YDL081C,0,-7.2893047,0.1087573692202568,0.9959999918937683,0.8162000179290771
YIL009W,YLR363C,0,-7.2895045,0.10874549299478531,0.9959999918937683,0.8162999749183655
YDR258C,YCR055C,0,-7.290427,0.10873362421989441,0.9959999918937683,0.8163999915122986
YKL208W,YJR137C,0,-7.29119,0.10872175544500351,0.9959999918937683,0.8165000081062317
YMR211W,YCR053W,0,-7.2925396,0.10870988667011261,0.9959999918937683,0.8166000247001648
YJL060W,YMR079W,0,-7.2928953,0.10869802534580231,0.9959999918937683,0.8166999816894531
YER061C,YMR093W,0,-7.2934275,0.108686164021492,0.9959999918937683,0.8167999982833862
YPR017C,YHR138C,0,-7.293936,0.1086743026971817,0.9959999918937683,0.8169000148773193
YDL004W,YNL123W,0,-7.2943926,0.108662448823452,0.9959999918937683,0.8169999718666077
YHR043C,YLR172C,0,-7.2958813,0.10865059494972229,0.9959999918937683,0.8170999884605408
YPL095C,YFR030W,0,-7.295894,0.10863874107599258,0.9959999918937683,0.8172000050544739
YGR185C,YNL313C,0,-7.29599,0.10862689465284348,0.9959999918937683,0.817300021648407
YOL051W,YOR221C,0,-7.296539,0.10861504822969437,0.9959999918937683,0.8173999786376953
YGR155W,YDR086C,0,-7.2971907,0.10860320925712585,0.9959999918937683,0.8174999952316284
YML013W,YDR086C,0,-7.2975235,0.10859136283397675,0.9959999918937683,0.8176000118255615
YMR072W,YKR072C,0,-7.297578,0.10857952386140823,0.9959999918937683,0.8177000284194946
YLR384C,YMR043W,0,-7.2986064,0.10856769233942032,0.9959999918937683,0.817799985408783
YHR075C,YKL125W,0,-7.3002105,0.1085558608174324,0.9959999918937683,0.8179000020027161
YOR136W,YHR005C-A,0,-7.301626,0.10854402929544449,0.9959999918937683,0.8180000185966492
YHR067W,YML014W,0,-7.3026037,0.10853219777345657,0.9959999918937683,0.8180999755859375
YKL035W,YLR346C,0,-7.3028,0.10852037370204926,0.9959999918937683,0.8181999921798706
YDL140C,YLL024C,0,-7.303384,0.10850854963064194,0.9959999918937683,0.8183000087738037
YGR200C,YPR112C,0,-7.305708,0.10849673300981522,0.9959999918937683,0.8184000253677368
YMR184W,YMR116C,0,-7.305851,0.1084849163889885,0.9959999918937683,0.8184999823570251
YMR096W,YMR210W,0,-7.308387,0.10847309976816177,0.9959999918937683,0.8185999989509583
YPL093W,YFL049W,0,-7.308608,0.10846129059791565,0.9959999918937683,0.8187000155448914
YLR361C,YPL276W,0,-7.3087587,0.10844947397708893,0.9959999918937683,0.8187999725341797
YKL004W,YLR207W,0,-7.3087974,0.1084376722574234,0.9959999918937683,0.8188999891281128
YNL023C,YHR001W,0,-7.3090396,0.10842586308717728,0.9959999918937683,0.8190000057220459
YLR384C,YBR167C,0,-7.3094454,0.10841406136751175,0.9959999918937683,0.819100022315979
YFR034C,YJL166W,0,-7.3116755,0.10840226709842682,0.9959999918937683,0.8191999793052673
YCR067C,YDR120C,0,-7.3119006,0.10839046537876129,0.9959999918937683,0.8192999958992004
YJL112W,YDR432W,0,-7.3135366,0.10837867110967636,0.9959999918937683,0.8194000124931335
YOR232W,YLR196W,0,-7.31475,0.10836688429117203,0.9959999918937683,0.8195000290870667
YBR296C,YIL121W,0,-7.3157964,0.1083550900220871,0.9959999918937683,0.819599986076355
YNR049C,YDR091C,0,-7.317056,0.10834330320358276,0.9959999918937683,0.8197000026702881
YKR009C,YPL235W,0,-7.3179865,0.10833152383565903,0.9959999918937683,0.8198000192642212
YJR137C,YOR279C,0,-7.3182354,0.1083197370171547,0.9959999918937683,0.8198999762535095
YBL082C,YOR028C,0,-7.321587,0.10830795764923096,0.9959999918937683,0.8199999928474426
YNL153C,YNL293W,0,-7.32263,0.10829618573188782,0.9959999918937683,0.8201000094413757
YMR303C,YDR122W,0,-7.3230453,0.10828440636396408,0.9959999918937683,0.8202000260353088
YJL005W,YDR255C,0,-7.323414,0.10827264189720154,0.9959999918937683,0.8202999830245972
YGR083C,YER005W,0,-7.3244057,0.1082608699798584,0.9959999918937683,0.8203999996185303
YBR070C,YLL041C,0,-7.324938,0.10824910551309586,0.9959999918937683,0.8205000162124634
YMR319C,YOR119C,0,-7.325099,0.10823734104633331,0.9959999918937683,0.8205999732017517
YDR335W,YKL186C,0,-7.325755,0.10822557657957077,0.9959999918937683,0.8206999897956848
YIL035C,YGR044C,0,-7.3265924,0.10821381956338882,0.9959999918937683,0.8208000063896179
YBR084W,YJL036W,0,-7.326934,0.10820206254720688,0.9959999918937683,0.820900022983551
YOL126C,YPL019C,0,-7.329128,0.10819031298160553,0.9959999918937683,0.8209999799728394
YDR091C,YOR075W,0,-7.329976,0.10817856341600418,0.9959999918937683,0.8210999965667725
YNL219C,YML132W,0,-7.332343,0.10816681385040283,0.9959999918937683,0.8212000131607056
YOR260W,YKL009W,0,-7.3329177,0.10815506428480148,0.9959999918937683,0.8213000297546387
YER143W,YBR183W,0,-7.3335123,0.10814332216978073,0.9959999918937683,0.821399986743927
YNL218W,YGR248W,0,-7.3347616,0.10813158005475998,0.9959999918937683,0.8215000033378601
YNR016C,YJR002W,0,-7.3349056,0.10811984539031982,0.9959999918937683,0.8216000199317932
YLL009C,YNL123W,0,-7.335394,0.10810811072587967,0.9959999918937683,0.8216999769210815
YPL188W,YIL118W,0,-7.3354516,0.10809637606143951,0.9959999918937683,0.8217999935150146
YGL166W,YDR055W,0,-7.335861,0.10808464139699936,0.9959999918937683,0.8219000101089478
YJL134W,YDL083C,0,-7.335939,0.1080729141831398,0.9959999918937683,0.8220000267028809
YER030W,YHR203C,0,-7.337182,0.10806119441986084,0.9959999918937683,0.8220999836921692
YOL021C,YPL089C,0,-7.337221,0.10804946720600128,0.9959999918937683,0.8222000002861023
YBL047C,YFL016C,0,-7.337634,0.10803774744272232,0.9959999918937683,0.8223000168800354
YNL294C,YLR467W,0,-7.33904,0.10802602767944336,0.9959999918937683,0.8223999738693237
YHR188C,YGL104C,0,-7.3394237,0.108014315366745,0.9959999918937683,0.8224999904632568
YNL156C,YJL166W,0,-7.339679,0.10800260305404663,0.9959999918937683,0.8226000070571899
YPL265W,YER089C,0,-7.3399777,0.10799089074134827,0.9959999918937683,0.822700023651123
YPL131W,YIL073C,0,-7.3401804,0.1079791858792305,0.9959999918937683,0.8227999806404114
YNL317W,YMR045C,0,-7.3403163,0.10796748101711273,0.9959999918937683,0.8228999972343445
YHR042W,YPL033C,0,-7.3408785,0.10795577615499496,0.9959999918937683,0.8230000138282776
YGL032C,YOR145C,0,-7.341374,0.1079440787434578,0.9959999918937683,0.8230999708175659
YKL043W,YPL033C,0,-7.3416405,0.10793238133192062,0.9959999918937683,0.823199987411499
YBR029C,YIL007C,0,-7.342613,0.10792068392038345,0.9959999918937683,0.8233000040054321
YNL330C,YAL016W,0,-7.3445015,0.10790899395942688,0.9959999918937683,0.8234000205993652
YOL086C,YPL237W,0,-7.346125,0.1078973039984703,0.9959999918937683,0.8234999775886536
YBR068C,YGL201C,0,-7.346302,0.10788561403751373,0.9959999918937683,0.8235999941825867
YHR052W,YJL156C,0,-7.3476505,0.10787393152713776,0.9959999918937683,0.8237000107765198
YDL033C,YNL339C,0,-7.3489666,0.10786224901676178,0.9959999918937683,0.8238000273704529
YIL004C,YJL109C,0,-7.3489757,0.1078505665063858,0.9959999918937683,0.8238999843597412
YDL097C,YHL025W,0,-7.3510065,0.10783889144659042,0.9959999918937683,0.8240000009536743
YDR518W,YKL144C,0,-7.3512006,0.10782721638679504,0.9959999918937683,0.8241000175476074
YMR006C,YOR347C,0,-7.351308,0.10781554132699966,0.9959999918937683,0.8241999745368958
YJL198W,YAR007C,0,-7.3514223,0.10780387371778488,0.9959999918937683,0.8242999911308289
YGR204W,YGL054C,0,-7.3514442,0.1077922061085701,0.9959999918937683,0.824400007724762
YJR093C,YKL026C,0,-7.3520775,0.10778054594993591,0.9959999918937683,0.8245000243186951
YGR288W,YOL144W,0,-7.3524704,0.10776887834072113,0.9959999918937683,0.8245999813079834
YLR259C,YKR060W,0,-7.352713,0.10775721818208694,0.9959999918937683,0.8246999979019165
YBR036C,YJL140W,0,-7.3533335,0.10774556547403336,0.9959999918937683,0.8248000144958496
YHR007C,YHR163W,0,-7.355583,0.10773391276597977,0.9959999918937683,0.8248999714851379
YLR201C,YGR197C,0,-7.355724,0.10772226005792618,0.9959999918937683,0.824999988079071
YLR114C,YOR267C,0,-7.356261,0.10771060734987259,0.9959999918937683,0.8251000046730042
YDL148C,YOL005C,0,-7.3573966,0.1076989620923996,0.9959999918937683,0.8252000212669373
YLR153C,YPR100W,0,-7.357534,0.1076873168349266,0.9959999918937683,0.8252999782562256
YNL220W,YJL133W,0,-7.358688,0.10767567902803421,0.9959999918937683,0.8253999948501587
YPL231W,YKL001C,0,-7.3594017,0.10766403377056122,0.9959999918937683,0.8255000114440918
YGL233W,YER138C,0,-7.3598394,0.10765239596366882,0.9959999918937683,0.8256000280380249
YGL166W,YKR056W,0,-7.3606997,0.10764076560735703,0.9959999918937683,0.8256999850273132
YGR055W,YGR002C,0,-7.3614626,0.10762913525104523,0.9959999918937683,0.8258000016212463
YDR060W,YMR013C,0,-7.362028,0.10761750489473343,0.9959999918937683,0.8259000182151794
YGR108W,YDR005C,0,-7.363016,0.10760587453842163,0.9959999918937683,0.8259999752044678
YLR014C,YLR193C,0,-7.363227,0.10759425163269043,0.9959999918937683,0.8260999917984009
YLR347C,YDR167W,0,-7.363229,0.10758262872695923,0.9959999918937683,0.826200008392334
YKR046C,YNL241C,0,-7.3636003,0.10757101327180862,0.9959999918937683,0.8263000249862671
YPL082C,YOR137C,0,-7.3641915,0.10755939781665802,0.9959999918937683,0.8263999819755554
YDR211W,YLR011W,0,-7.364477,0.10754778236150742,0.9959999918937683,0.8264999985694885
YER117W,YDL170W,0,-7.364522,0.10753616690635681,0.9959999918937683,0.8266000151634216
YPL265W,YHR099W,0,-7.3645763,0.1075245589017868,0.9959999918937683,0.82669997215271
YBL098W,YDR224C,0,-7.368967,0.1075129508972168,0.9959999918937683,0.8267999887466431
YOR335C,YKR065C,0,-7.370943,0.10750135034322739,0.9959999918937683,0.8269000053405762
YPR016C,YNR047W,0,-7.371525,0.10748974978923798,0.9959999918937683,0.8270000219345093
YAR007C,YLR130C,0,-7.3716273,0.10747814923524857,0.9959999918937683,0.8270999789237976
YDR052C,YHR139C,0,-7.372115,0.10746654868125916,0.9959999918937683,0.8271999955177307
YBL098W,YDR434W,0,-7.372403,0.10745495557785034,0.9959999918937683,0.8273000121116638
YMR136W,YBR183W,0,-7.373869,0.10744336247444153,0.9959999918937683,0.8274000287055969
YKL165C,YDL111C,0,-7.3760242,0.10743177682161331,0.9959999918937683,0.8274999856948853
YDL181W,YPR072W,0,-7.376829,0.1074201911687851,0.9959999918937683,0.8276000022888184
YHR190W,YKR025W,0,-7.377389,0.10740860551595688,0.9959999918937683,0.8277000188827515
YHL038C,YLR044C,0,-7.3776283,0.10739702731370926,0.9959999918937683,0.8277999758720398
YLR304C,YER120W,0,-7.3778915,0.10738544166088104,0.9959999918937683,0.8278999924659729
YGR230W,YGR055W,0,-7.3782616,0.10737387090921402,0.9959999918937683,0.828000009059906
YOR100C,YLL061W,0,-7.3784337,0.1073622927069664,0.9959999918937683,0.8281000256538391
YBR077C,YIL080W,0,-7.378831,0.10735072195529938,0.9959999918937683,0.8281999826431274
YBR068C,YFL024C,0,-7.3789372,0.10733915120363235,0.9959999918937683,0.8282999992370605
YDR039C,YMR232W,0,-7.379639,0.10732758790254593,0.9959999918937683,0.8284000158309937
YDL022W,YDL005C,0,-7.3800116,0.1073160246014595,0.9959999918937683,0.828499972820282
YDR173C,YNL071W,0,-7.3806095,0.10730446130037308,0.9959999918937683,0.8285999894142151
YLL009C,YLL043W,0,-7.3817325,0.10729289799928665,0.9959999918937683,0.8287000060081482
YGR284C,YEL050C,0,-7.384432,0.10728134214878082,0.9959999918937683,0.8288000226020813
YDR481C,YPR186C,0,-7.3848495,0.107269786298275,0.9959999918937683,0.8288999795913696
YPR068C,YHR098C,0,-7.3870316,0.10725823789834976,0.9959999918937683,0.8289999961853027
YOR294W,YGL096W,0,-7.38741,0.10724668949842453,0.9959999918937683,0.8291000127792358
YGL065C,YLL018C-A,0,-7.3888426,0.1072351410984993,0.9959999918937683,0.829200029373169
YGR191W,YBL039C,0,-7.390849,0.10722360014915466,0.9959999918937683,0.8292999863624573
YJL005W,YOL124C,0,-7.39099,0.10721205919981003,0.9959999918937683,0.8294000029563904
YLR276C,YIL009W,0,-7.391367,0.1072005182504654,0.9959999918937683,0.8295000195503235
YLR438C-A,YPR190C,0,-7.391457,0.10718897730112076,0.9959999918937683,0.8295999765396118
YNL145W,YIL077C,0,-7.3924346,0.10717744380235672,0.9959999918937683,0.8296999931335449
YOL113W,YGR090W,0,-7.3925824,0.10716591030359268,0.9959999918937683,0.829800009727478
YOL039W,YMR016C,0,-7.3930745,0.10715438425540924,0.9959999918937683,0.8299000263214111
YOR033C,YCR028C-A,0,-7.3935184,0.1071428582072258,0.9959999918937683,0.8299999833106995
YNL280C,YIL076W,0,-7.3946543,0.10713133215904236,0.9959999918937683,0.8300999999046326
YPL135W,YPL128C,0,-7.3949027,0.10711981356143951,0.9959999918937683,0.8302000164985657
YOL071W,YPL032C,0,-7.3949347,0.10710828751325607,0.9959999918937683,0.830299973487854
YBL100W-A,YER138C,0,-7.3982806,0.10709677636623383,0.9959999918937683,0.8303999900817871
YBR036C,YPL203W,0,-7.3987474,0.10708525776863098,0.9959999918937683,0.8305000066757202
YIL118W,YDR259C,0,-7.40057,0.10707374662160873,0.9959999918937683,0.8306000232696533
YDL074C,YGL055W,0,-7.4013696,0.10706223547458649,0.9959999918937683,0.8306999802589417
YLR214W,YKL080W,0,-7.402021,0.10705073177814484,0.9959999918937683,0.8307999968528748
YOL130W,YGL174W,0,-7.403018,0.10703922808170319,0.9959999918937683,0.8309000134468079
YIL121W,YLR107W,0,-7.403094,0.10702772438526154,0.9959999918937683,0.8309999704360962
YFR034C,YJL191W,0,-7.404369,0.10701622068881989,0.9959999918937683,0.8310999870300293
YFL029C,YCL011C,0,-7.406896,0.10700472444295883,0.9959999918937683,0.8312000036239624
YDL115C,YHR021C,0,-7.407837,0.10699323564767838,0.9959999918937683,0.8313000202178955
YPL043W,YPL163C,0,-7.409284,0.10698173940181732,0.9959999918937683,0.8313999772071838
YNL009W,YLL024C,0,-7.410222,0.10697025060653687,0.9959999918937683,0.8314999938011169
YJR125C,YJL106W,0,-7.4108896,0.10695876181125641,0.9959999918937683,0.83160001039505
YDR435C,YML058W,0,-7.4112034,0.10694728046655655,0.9959999918937683,0.8317000269889832
YPL059W,YPL135W,0,-7.411411,0.10693579912185669,0.9959999918937683,0.8317999839782715
YIL042C,YIL029C,0,-7.4122524,0.10692431777715683,0.9959999918937683,0.8319000005722046
YGL256W,YNL311C,0,-7.4137154,0.10691283643245697,0.9959999918937683,0.8320000171661377
YBL002W,YHR067W,0,-7.4142103,0.10690136253833771,0.9959999918937683,0.832099974155426
YGR152C,YNL025C,0,-7.4154987,0.10688988864421844,0.9959999918937683,0.8321999907493591
YGL027C,YEL020W-A,0,-7.4155254,0.10687842220067978,0.9959999918937683,0.8323000073432922
YKL165C,YJL045W,0,-7.416401,0.10686695575714111,0.9959999918937683,0.8324000239372253
YBL082C,YLR276C,0,-7.4164557,0.10685548931360245,0.9959999918937683,0.8324999809265137
YNL023C,YIL129C,0,-7.4173517,0.10684402287006378,0.9959999918937683,0.8325999975204468
YER052C,YCL032W,0,-7.4181833,0.10683256387710571,0.9959999918937683,0.8327000141143799
YBL080C,YLL012W,0,-7.419849,0.10682110488414764,0.9959999918937683,0.8327999711036682
YCR005C,YMR045C,0,-7.4205823,0.10680965334177017,0.9959999918937683,0.8328999876976013
YDR150W,YOR344C,0,-7.420608,0.1067982017993927,0.9959999918937683,0.8330000042915344
YBR154C,YDR498C,0,-7.4209013,0.10678675025701523,0.9959999918937683,0.8331000208854675
YPR171W,YJL101C,0,-7.4227533,0.10677529871463776,0.9959999918937683,0.8331999778747559
YBR145W,YDL102W,0,-7.4232645,0.10676385462284088,0.9959999918937683,0.833299994468689
YKL192C,YBR159W,0,-7.4237714,0.106752410531044,0.9959999918937683,0.8334000110626221
YOR117W,YLR221C,0,-7.4240246,0.10674097388982773,0.9959999918937683,0.8335000276565552
YAL056W,YBL093C,0,-7.424394,0.10672952979803085,0.9959999918937683,0.8335999846458435
YJR153W,YGR280C,0,-7.4249425,0.10671810060739517,0.9959999918937683,0.8337000012397766
YPL037C,YNL012W,0,-7.4252605,0.1067066639661789,0.9959999918937683,0.8338000178337097
YIL098C,YEL024W,0,-7.4257154,0.10669523477554321,0.9959999918937683,0.833899974822998
YML130C,YGL099W,0,-7.4258623,0.10668380558490753,0.9959999918937683,0.8339999914169312
YGL190C,YHR075C,0,-7.426903,0.10667237639427185,0.9959999918937683,0.8341000080108643
YJR121W,YCR075C,0,-7.428839,0.10666095465421677,0.9959999918937683,0.8342000246047974
YGR200C,YLR166C,0,-7.4290247,0.10664953291416168,0.9959999918937683,0.8342999815940857
YIL149C,YGL236C,0,-7.4296093,0.1066381186246872,0.9959999918937683,0.8343999981880188
YJL050W,YLR008C,0,-7.4312716,0.10662669688463211,0.9959999918937683,0.8345000147819519
YLR384C,YBR080C,0,-7.431744,0.10661528259515762,0.9959999918937683,0.8345999717712402
YNR011C,YOR027W,0,-7.431779,0.10660387575626373,0.9959999918937683,0.8346999883651733
YHR170W,YJL109C,0,-7.432303,0.10659246891736984,0.9959999918937683,0.8348000049591064
YLR141W,YPL026C,0,-7.4328103,0.10658106207847595,0.9959999918937683,0.8349000215530396
YKR076W,YLR206W,0,-7.4331055,0.10656965523958206,0.9959999918937683,0.8349999785423279
YOR267C,YPR075C,0,-7.4333305,0.10655825585126877,0.9959999918937683,0.835099995136261
YER020W,YHR181W,0,-7.4340878,0.10654685646295547,0.9959999918937683,0.8352000117301941
YJL157C,YDR449C,0,-7.4353456,0.10653545707464218,0.9959999918937683,0.8353000283241272
YML046W,YGR296W,0,-7.4354467,0.10652406513690948,0.9959999918937683,0.8353999853134155
YGR254W,YNL323W,0,-7.4360085,0.10651267319917679,0.9959999918937683,0.8355000019073486
YHR143W-A,YGL039W,0,-7.4363074,0.10650128126144409,0.9959999918937683,0.8356000185012817
YIL010W,YNL131W,0,-7.4389496,0.10648989677429199,0.9959999918937683,0.8356999754905701
YOR288C,YMR229C,0,-7.439159,0.10647851228713989,0.9959999918937683,0.8357999920845032
YPL127C,YIL125W,0,-7.4409623,0.10646712779998779,0.9959999918937683,0.8359000086784363
YML120C,YBR055C,0,-7.443465,0.10645575076341629,0.9959999918937683,0.8360000252723694
YEL071W,YMR032W,0,-7.443963,0.10644437372684479,0.9959999918937683,0.8360999822616577
YGR200C,YBR298C,0,-7.4447575,0.10643299669027328,0.9959999918937683,0.8361999988555908
YLR205C,YGR197C,0,-7.4459143,0.10642162710428238,0.9959999918937683,0.8363000154495239
YOL088C,YGR185C,0,-7.446072,0.10641025751829147,0.9959999918937683,0.8363999724388123
YGR280C,YJL140W,0,-7.447402,0.10639888793230057,0.9959999918937683,0.8364999890327454
YGL073W,YDR077W,0,-7.4475,0.10638752579689026,0.9959999918937683,0.8366000056266785
YJL020C,YKR059W,0,-7.448557,0.10637616366147995,0.9959999918937683,0.8367000222206116
YOR047C,YGR082W,0,-7.4492683,0.10636480152606964,0.9959999918937683,0.8367999792098999
YLR153C,YHR021C,0,-7.451487,0.10635344684123993,0.9959999918937683,0.836899995803833
YML081C-A,YMR079W,0,-7.4518485,0.10634208470582962,0.9959999918937683,0.8370000123977661
YDR174W,YCR039C,0,-7.4526663,0.1063307374715805,0.9959999918937683,0.8371000289916992
YGL099W,YKL001C,0,-7.4544473,0.1063193827867508,0.9959999918937683,0.8371999859809875
YML042W,YKR065C,0,-7.455032,0.10630803555250168,0.9959999918937683,0.8373000025749207
YPR007C,YGR063C,1,-7.455817,0.1064034178853035,0.996999979019165,0.8373000025749207
YOR023C,YNR054C,0,-7.456094,0.10639206320047379,0.996999979019165,0.8374000191688538
YNL220W,YGR211W,0,-7.4567122,0.10638070851564407,0.996999979019165,0.8374999761581421
YFL050C,YLR197W,0,-7.456917,0.10636936128139496,0.996999979019165,0.8375999927520752
YOL165C,YGL014W,0,-7.458165,0.10635801404714584,0.996999979019165,0.8377000093460083
YHR170W,YML060W,0,-7.4603605,0.10634666681289673,0.996999979019165,0.8378000259399414
YOL111C,YLR426W,0,-7.46166,0.10633532702922821,0.996999979019165,0.8378999829292297
YMR246W,YLR313C,0,-7.462394,0.10632398724555969,0.996999979019165,0.8379999995231628
YGL233W,YCL054W,0,-7.462413,0.10631264746189117,0.996999979019165,0.838100016117096
YBR154C,YMR106C,0,-7.462539,0.10630131512880325,0.996999979019165,0.8381999731063843
YER127W,YDR489W,0,-7.4628916,0.10628997534513474,0.996999979019165,0.8382999897003174
YNL036W,YOR294W,0,-7.4629526,0.10627865046262741,0.996999979019165,0.8384000062942505
YDR331W,YNL030W,0,-7.463158,0.10626731812953949,0.996999979019165,0.8385000228881836
YLR377C,YNL156C,0,-7.4645624,0.10625599324703217,0.996999979019165,0.8385999798774719
YOR298W,YGL225W,0,-7.465005,0.10624466836452484,0.996999979019165,0.838699996471405
YER110C,YKR053C,0,-7.4654226,0.10623335093259811,0.996999979019165,0.8388000130653381
YJR153W,YLL017W,0,-7.4681153,0.10622203350067139,0.996999979019165,0.8389000296592712
YML057W,YPL235W,0,-7.468321,0.10621071606874466,0.996999979019165,0.8389999866485596
YLL018C-A,YNL241C,0,-7.4684105,0.10619940608739853,0.996999979019165,0.8391000032424927
YOR173W,YBL025W,0,-7.4704914,0.1061880961060524,0.996999979019165,0.8392000198364258
YDR517W,YLL022C,0,-7.470661,0.10617678612470627,0.996999979019165,0.8392999768257141
YJR013W,YIL053W,0,-7.4712415,0.10616547614336014,0.996999979019165,0.8393999934196472
YML095C,YPR041W,0,-7.4712844,0.1061541736125946,0.996999979019165,0.8395000100135803
YHR019C,YKL154W,0,-7.4726906,0.10614287108182907,0.996999979019165,0.8396000266075134
YBR199W,YOR201C,0,-7.4733067,0.10613157600164413,0.996999979019165,0.8396999835968018
YPL160W,YFR030W,0,-7.4742737,0.1061202734708786,0.996999979019165,0.8398000001907349
YKR050W,YPL276W,0,-7.4760447,0.10610898584127426,0.996999979019165,0.839900016784668
YFL021W,YHR075C,0,-7.477206,0.10609769076108932,0.996999979019165,0.8399999737739563
YML081C-A,YAL012W,0,-7.477294,0.10608640313148499,0.996999979019165,0.8400999903678894
YMR192W,YCR053W,0,-7.478404,0.10607511550188065,0.996999979019165,0.8402000069618225
YPR113W,YOL113W,0,-7.4789734,0.1060638278722763,0.996999979019165,0.8403000235557556
YGL180W,YMR081C,0,-7.4796658,0.10605254769325256,0.996999979019165,0.840399980545044
YNR049C,YLR002C,0,-7.4799414,0.10604126751422882,0.996999979019165,0.840499997138977
YBL069W,YIL033C,0,-7.4799705,0.10602998733520508,0.996999979019165,0.8406000137329102
YDR147W,YER006W,0,-7.481333,0.10601871460676193,0.996999979019165,0.8406999707221985
YAL026C,YCL067C,0,-7.4813643,0.10600744187831879,0.996999979019165,0.8407999873161316
YPL057C,YKR059W,0,-7.4818926,0.10599616914987564,0.996999979019165,0.8409000039100647
YDR122W,YMR241W,0,-7.483643,0.10598490387201309,0.996999979019165,0.8410000205039978
YDL074C,YOR310C,0,-7.484619,0.10597363859415054,0.996999979019165,0.8410999774932861
YKL170W,YLR354C,0,-7.484638,0.105962373316288,0.996999979019165,0.8411999940872192
YJR009C,YLR126C,0,-7.4853754,0.10595111548900604,0.996999979019165,0.8413000106811523
YGL206C,YER028C,0,-7.4863663,0.10593985766172409,0.996999979019165,0.8414000272750854
YOL126C,YHR086W,0,-7.4872923,0.10592859983444214,0.996999979019165,0.8414999842643738
YLL018C-A,YKL025C,0,-7.4873734,0.10591734945774078,0.996999979019165,0.8416000008583069
YLR304C,YER119C,0,-7.487432,0.10590609908103943,0.996999979019165,0.84170001745224
YJR105W,YPL196W,0,-7.49048,0.10589484870433807,0.996999979019165,0.8417999744415283
YDR206W,YLR438C-A,0,-7.491392,0.10588360577821732,0.996999979019165,0.8418999910354614
YOR046C,YLR167W,0,-7.4931307,0.10587235540151596,0.996999979019165,0.8420000076293945
YNL156C,YJR141W,0,-7.4933844,0.1058611199259758,0.996999979019165,0.8421000242233276
YDR518W,YIL017C,0,-7.494375,0.10584987699985504,0.996999979019165,0.842199981212616
YDR449C,YLR426W,0,-7.495254,0.10583864152431488,0.996999979019165,0.8422999978065491
YDR141C,YML091C,0,-7.495617,0.10582740604877472,0.996999979019165,0.8424000144004822
YJR137C,YGR055W,0,-7.497324,0.10581617802381516,0.996999979019165,0.8424999713897705
YGL096W,YAR009C,0,-7.4988194,0.105804942548275,0.996999979019165,0.8425999879837036
YJL125C,YOL038W,0,-7.500366,0.10579371452331543,0.996999979019165,0.8427000045776367
YJR063W,YIL123W,0,-7.5005655,0.10578249394893646,0.996999979019165,0.8428000211715698
YCR005C,YLR206W,0,-7.500607,0.1057712733745575,0.996999979019165,0.8428999781608582
YNL113W,YDL038C,0,-7.500836,0.10576005280017853,0.996999979019165,0.8429999947547913
YCR075C,YDR517W,0,-7.5011663,0.10574883222579956,0.996999979019165,0.8431000113487244
YMR128W,YLR002C,0,-7.50139,0.10573761910200119,0.996999979019165,0.8432000279426575
YDR255C,YPR036W,0,-7.5024605,0.10572640597820282,0.996999979019165,0.8432999849319458
YLR370C,YHR205W,0,-7.502597,0.10571519285440445,0.996999979019165,0.8434000015258789
YCR047C,YBR188C,0,-7.502866,0.10570398718118668,0.996999979019165,0.843500018119812
YCR047C,YLR135W,0,-7.5030212,0.1056927815079689,0.996999979019165,0.8435999751091003
YJL099W,YBR118W,0,-7.5033474,0.10568157583475113,0.996999979019165,0.8436999917030334
YBR169C,YDR145W,0,-7.5036745,0.10567037761211395,0.996999979019165,0.8438000082969666
YHL027W,YJL069C,0,-7.5045986,0.10565917938947678,0.996999979019165,0.8439000248908997
YOL158C,YPR155C,0,-7.5052905,0.1056479811668396,0.996999979019165,0.843999981880188
YOL100W,YDR087C,0,-7.506388,0.10563679039478302,0.996999979019165,0.8440999984741211
YKL099C,YDL120W,0,-7.506715,0.10562559962272644,0.996999979019165,0.8442000150680542
YNL147W,YGR103W,0,-7.5077767,0.10561440885066986,0.996999979019165,0.8442999720573425
YNL023C,YBL058W,0,-7.5095005,0.10560321807861328,0.996999979019165,0.8443999886512756
YLR074C,YGR257C,0,-7.510118,0.1055920347571373,0.996999979019165,0.8445000052452087
YOL121C,YJR135W-A,0,-7.5103555,0.10558085143566132,0.996999979019165,0.8446000218391418
YGR188C,YML128C,0,-7.510374,0.10556967556476593,0.996999979019165,0.8446999788284302
YER052C,YHR163W,0,-7.512211,0.10555849969387054,0.996999979019165,0.8447999954223633
YER073W,YFR008W,0,-7.512247,0.10554732382297516,0.996999979019165,0.8449000120162964
YLL036C,YHL011C,0,-7.5132103,0.10553614795207977,0.996999979019165,0.8450000286102295
YMR299C,YDL083C,0,-7.513763,0.10552497953176498,0.996999979019165,0.8450999855995178
YOR275C,YKR042W,0,-7.5139585,0.1055138111114502,0.996999979019165,0.8452000021934509
YOR027W,YER049W,0,-7.514117,0.1055026426911354,0.996999979019165,0.845300018787384
YDL084W,YIL056W,0,-7.5182843,0.10549148172140121,0.996999979019165,0.8453999757766724
YER040W,YMR229C,0,-7.5185018,0.10548032075166702,0.996999979019165,0.8454999923706055
YDR252W,YOR359W,0,-7.5190554,0.10546915978193283,0.996999979019165,0.8456000089645386
YBR202W,YLR448W,0,-7.5201735,0.10545800626277924,0.996999979019165,0.8457000255584717
YNL055C,YEL051W,0,-7.5209513,0.10544685274362564,0.996999979019165,0.84579998254776
YLR109W,YML046W,0,-7.523476,0.10543569922447205,0.996999979019165,0.8458999991416931
YOR295W,YHR020W,0,-7.523639,0.10542455315589905,0.996999979019165,0.8460000157356262
YDL014W,YDL112W,0,-7.5240974,0.10541340708732605,0.996999979019165,0.8460999727249146
YOL088C,YGR123C,0,-7.525015,0.10540226101875305,0.996999979019165,0.8461999893188477
YLR206W,YNL241C,0,-7.525045,0.10539112240076065,0.996999979019165,0.8463000059127808
YDR038C,YDL130W,0,-7.526491,0.10537998378276825,0.996999979019165,0.8464000225067139
YJL183W,YML120C,0,-7.5275598,0.10536884516477585,0.996999979019165,0.8464999794960022
YDR490C,YER072W,0,-7.52826,0.10535770654678345,0.996999979019165,0.8465999960899353
YGR175C,YDL115C,0,-7.5292444,0.10534657537937164,0.996999979019165,0.8467000126838684
YOL063C,YBR247C,0,-7.529615,0.10533544421195984,0.996999979019165,0.8468000292778015
YNL199C,YMR088C,0,-7.5297465,0.10532432049512863,0.996999979019165,0.8468999862670898
YBR244W,YER005W,0,-7.529868,0.10531319677829742,0.996999979019165,0.847000002861023
YDR173C,YER183C,0,-7.531403,0.10530207306146622,0.996999979019165,0.847100019454956
YDR087C,YGL233W,0,-7.531422,0.10529094934463501,0.996999979019165,0.8471999764442444
YGL183C,YBR169C,0,-7.5317116,0.1052798330783844,0.996999979019165,0.8472999930381775
YOR267C,YBR089C-A,0,-7.5335774,0.10526871681213379,0.996999979019165,0.8474000096321106
YGR175C,YDR135C,0,-7.5347595,0.10525760054588318,0.996999979019165,0.8475000262260437
YHR019C,YCR008W,0,-7.537879,0.10524649173021317,0.996999979019165,0.847599983215332
YML121W,YHR203C,0,-7.538567,0.10523538291454315,0.996999979019165,0.8476999998092651
YBR267W,YPL274W,0,-7.5388317,0.10522427409887314,0.996999979019165,0.8478000164031982
YER053C,YEL013W,0,-7.539287,0.10521317273378372,0.996999979019165,0.8478999733924866
YOR112W,YNL248C,0,-7.54185,0.1052020713686943,0.996999979019165,0.8479999899864197
YER110C,YGL129C,0,-7.543005,0.10519097000360489,0.996999979019165,0.8481000065803528
YGL129C,YNL287W,0,-7.5446653,0.10517986863851547,0.996999979019165,0.8482000231742859
YIL125W,YNR013C,0,-7.5462027,0.10516877472400665,0.996999979019165,0.8482999801635742
YOL064C,YNL093W,0,-7.5470743,0.10515768080949783,0.996999979019165,0.8483999967575073
YMR049C,YMR133W,0,-7.5471525,0.10514659434556961,0.996999979019165,0.8485000133514404
YCR088W,YHR072W-A,0,-7.5492916,0.10513550788164139,0.996999979019165,0.8485999703407288
YJR074W,YBL061C,0,-7.5497923,0.10512442141771317,0.996999979019165,0.8486999869346619
YLR080W,YLR467W,0,-7.5503006,0.10511333495378494,0.996999979019165,0.848800003528595
YDR436W,YHR070W,0,-7.5512533,0.10510225594043732,0.996999979019165,0.8489000201225281
YLR320W,YLR340W,0,-7.551399,0.10509117692708969,0.996999979019165,0.8489999771118164
YIL079C,YLR346C,0,-7.551735,0.10508009791374207,0.996999979019165,0.8490999937057495
YOR182C,YLR043C,0,-7.554041,0.10506902635097504,0.996999979019165,0.8492000102996826
YLR409C,YGR211W,0,-7.555369,0.10505795478820801,0.996999979019165,0.8493000268936157
YOR048C,YMR101C,0,-7.555425,0.10504688322544098,0.996999979019165,0.849399983882904
YJL157C,YPL274W,0,-7.5565553,0.10503581911325455,0.996999979019165,0.8495000004768372
YFR021W,YDR395W,0,-7.557016,0.10502475500106812,0.996999979019165,0.8496000170707703
YKR036C,YJL148W,0,-7.557102,0.10501369088888168,0.996999979019165,0.8496999740600586
YOL139C,YDR424C,0,-7.55905,0.10500263422727585,0.996999979019165,0.8497999906539917
YMR116C,YLL050C,0,-7.5616264,0.10499157756567001,0.996999979019165,0.8499000072479248
YNL153C,YKL034W,0,-7.5650473,0.10498052090406418,0.996999979019165,0.8500000238418579
YHR055C,YJR063W,0,-7.567789,0.10496946424245834,0.996999979019165,0.8500999808311462
YHR070W,YMR302C,0,-7.5682635,0.1049584150314331,0.996999979019165,0.8501999974250793
YPL084W,YCR020W-B,0,-7.5682745,0.10494736582040787,0.996999979019165,0.8503000140190125
YKL011C,YML091C,0,-7.5685225,0.10493632405996323,0.996999979019165,0.8503999710083008
YJL101C,YOR171C,0,-7.5697784,0.10492528229951859,0.996999979019165,0.8504999876022339
YBR196C,YLR346C,0,-7.57073,0.10491424053907394,0.996999979019165,0.850600004196167
YBR009C,YER006W,0,-7.5711694,0.1049031987786293,0.996999979019165,0.8507000207901001
YPL061W,YMR087W,0,-7.5738373,0.10489216446876526,0.996999979019165,0.8507999777793884
YFL024C,YOR182C,0,-7.5742598,0.10488113015890121,0.996999979019165,0.8508999943733215
YGL142C,YNL186W,0,-7.5745153,0.10487009584903717,0.996999979019165,0.8510000109672546
YPL048W,YCR098C,0,-7.5754557,0.10485906898975372,0.996999979019165,0.8511000275611877
YMR186W,YPL126W,0,-7.5757236,0.10484804213047028,0.996999979019165,0.8511999845504761
YGR180C,YOR027W,0,-7.577399,0.10483701527118683,0.996999979019165,0.8513000011444092
YDR492W,YIL017C,0,-7.577481,0.10482598841190338,0.996999979019165,0.8514000177383423
YML128C,YLR025W,0,-7.577669,0.10481496900320053,0.996999979019165,0.8514999747276306
YOR224C,YOR261C,0,-7.5783615,0.10480394959449768,0.996999979019165,0.8515999913215637
YKR066C,YNL192W,0,-7.57838,0.10479293763637543,0.996999979019165,0.8517000079154968
YCR020W-B,YOR344C,0,-7.5793133,0.10478192567825317,0.996999979019165,0.8518000245094299
YGR178C,YKL099C,0,-7.581867,0.10477091372013092,0.996999979019165,0.8518999814987183
YDL130W,YHR021C,0,-7.582803,0.10475990176200867,0.996999979019165,0.8519999980926514
YML024W,YNL313C,0,-7.58399,0.10474889725446701,0.996999979019165,0.8521000146865845
YDL132W,YDR224C,0,-7.584673,0.10473789274692535,0.996999979019165,0.8521999716758728
YPL015C,YGL037C,0,-7.5849533,0.1047268882393837,0.996999979019165,0.8522999882698059
YOR098C,YER148W,0,-7.58531,0.10471589118242264,0.996999979019165,0.852400004863739
YHR116W,YPL075W,0,-7.585741,0.10470489412546158,0.996999979019165,0.8525000214576721
YLR133W,YNL292W,0,-7.5862026,0.10469389706850052,0.996999979019165,0.8525999784469604
YMR092C,YCL029C,0,-7.586645,0.10468290746212006,0.996999979019165,0.8526999950408936
YKL026C,YOR338W,0,-7.5869875,0.1046719178557396,0.996999979019165,0.8528000116348267
YJL002C,YDL150W,0,-7.592039,0.10466092824935913,0.996999979019165,0.8529000282287598
YJR097W,YIL007C,0,-7.5921364,0.10464993864297867,0.996999979019165,0.8529999852180481
YBR247C,YOR151C,0,-7.5937295,0.1046389564871788,0.996999979019165,0.8531000018119812
YGL209W,YKR052C,0,-7.5948105,0.10462797433137894,0.996999979019165,0.8532000184059143
YHR019C,YGR264C,0,-7.5956774,0.10461699962615967,0.996999979019165,0.8532999753952026
YOR377W,YDL213C,0,-7.596159,0.1046060249209404,0.996999979019165,0.8533999919891357
YCR005C,YGR003W,0,-7.596575,0.10459505021572113,0.996999979019165,0.8535000085830688
YBR286W,YBR106W,0,-7.59778,0.10458407551050186,0.996999979019165,0.853600025177002
YDR255C,YPL152W,0,-7.5983377,0.10457310825586319,0.996999979019165,0.8536999821662903
YHR021C,YBL039C,0,-7.6013427,0.10456214100122452,0.996999979019165,0.8537999987602234
YGL018C,YDR346C,0,-7.601775,0.10455117374658585,0.996999979019165,0.8539000153541565
YGR289C,YDR065W,0,-7.6018972,0.10454021394252777,0.996999979019165,0.8539999723434448
YDR189W,YKL014C,0,-7.6021385,0.1045292541384697,0.996999979019165,0.8540999889373779
YPL145C,YGL068W,0,-7.603299,0.10451829433441162,0.996999979019165,0.854200005531311
YHR169W,YLR347C,0,-7.6068215,0.10450733453035355,0.996999979019165,0.8543000221252441
YLL018C-A,YAL056W,0,-7.6123047,0.10449638217687607,0.996999979019165,0.8543999791145325
YDR101C,YDR221W,0,-7.6133223,0.10448542982339859,0.996999979019165,0.8544999957084656
YHR092C,YGL225W,0,-7.613514,0.10447448492050171,0.996999979019165,0.8546000123023987
YHL038C,YFL031W,0,-7.613767,0.10446354001760483,0.996999979019165,0.8547000288963318
YCR077C,YKL193C,1,-7.6146107,0.10455735772848129,0.9980000257492065,0.8547000288963318
YOR036W,YIL022W,0,-7.6157184,0.10454640537500381,0.9980000257492065,0.8547999858856201
YFR001W,YGR090W,0,-7.6159725,0.10453545302152634,0.9980000257492065,0.8549000024795532
YER110C,YIR009W,0,-7.617283,0.10452450811862946,0.9980000257492065,0.8550000190734863
YOL123W,YER072W,0,-7.6192255,0.10451356321573257,0.9980000257492065,0.8550999760627747
YIL018W,YPL144W,0,-7.6200657,0.1045026183128357,0.9980000257492065,0.8551999926567078
YKL114C,YDR255C,0,-7.6217346,0.10449167340993881,0.9980000257492065,0.8553000092506409
YIL008W,YDR398W,0,-7.622404,0.10448073595762253,0.9980000257492065,0.855400025844574
YAL026C,YLR002C,0,-7.6225405,0.10446979850530624,0.9980000257492065,0.8554999828338623
YDL223C,YJR052W,0,-7.62403,0.10445886850357056,0.9980000257492065,0.8555999994277954
YCR018C,YIL080W,0,-7.6246543,0.10444793105125427,0.9980000257492065,0.8557000160217285
YML073C,YDR115W,0,-7.6258345,0.10443700104951859,0.9980000257492065,0.8557999730110168
YGL054C,YER127W,0,-7.6258407,0.1044260784983635,0.9980000257492065,0.85589998960495
YNL220W,YGR162W,0,-7.6264386,0.10441514849662781,0.9980000257492065,0.8560000061988831
YLR295C,YER005W,0,-7.627285,0.10440422594547272,0.9980000257492065,0.8561000227928162
YLR221C,YPL019C,0,-7.6279607,0.10439330339431763,0.9980000257492065,0.8561999797821045
YBR233W-A,YEL012W,0,-7.629756,0.10438238829374313,0.9980000257492065,0.8562999963760376
YLR384C,YIR022W,0,-7.6300554,0.10437147319316864,0.9980000257492065,0.8564000129699707
YNL008C,YPR134W,0,-7.6309323,0.10436055809259415,0.9980000257492065,0.8565000295639038
YJR132W,YDR328C,0,-7.6318073,0.10434964299201965,0.9980000257492065,0.8565999865531921
YLR060W,YLR268W,0,-7.63181,0.10433873534202576,0.9980000257492065,0.8567000031471252
YIL142W,YMR104C,0,-7.6320333,0.10432782769203186,0.9980000257492065,0.8568000197410583
YNL275W,YGR200C,0,-7.6328,0.10431692004203796,0.9980000257492065,0.8568999767303467
YOR031W,YBL005W-A,0,-7.633037,0.10430601984262466,0.9980000257492065,0.8569999933242798
YLR304C,YMR192W,0,-7.6331506,0.10429511964321136,0.9980000257492065,0.8571000099182129
YBR179C,YJL198W,0,-7.633339,0.10428421944379807,0.9980000257492065,0.857200026512146
YHR001W-A,YPL203W,0,-7.6337743,0.10427332669496536,0.9980000257492065,0.8572999835014343
YCR098C,YKR025W,0,-7.6338863,0.10426243394613266,0.9980000257492065,0.8574000000953674
YDL132W,YHL006C,0,-7.633896,0.10425154119729996,0.9980000257492065,0.8575000166893005
YGR230W,YPR137W,0,-7.6339965,0.10424064844846725,0.9980000257492065,0.8575999736785889
YBR085W,YNL007C,0,-7.6341677,0.10422976315021515,0.9980000257492065,0.857699990272522
YGL099W,YJL222W,0,-7.6343603,0.10421887785196304,0.9980000257492065,0.8578000068664551
YOR095C,YOR315W,0,-7.6354465,0.10420800000429153,0.9980000257492065,0.8579000234603882
YKR057W,YIL022W,0,-7.6368666,0.10419711470603943,0.9980000257492065,0.8579999804496765
YHR148W,YHL003C,0,-7.6386623,0.10418624430894852,0.9980000257492065,0.8580999970436096
YHR072W,YML047C,0,-7.6389084,0.10417536646127701,0.9980000257492065,0.8582000136375427
YPR186C,YLR221C,0,-7.6421084,0.1041644886136055,0.9980000257492065,0.858299970626831
YPL266W,YKL119C,0,-7.6421432,0.10415361821651459,0.9980000257492065,0.8583999872207642
YMR128W,YPR081C,0,-7.644704,0.10414275527000427,0.9980000257492065,0.8585000038146973
YOR208W,YBR256C,0,-7.644885,0.10413188487291336,0.9980000257492065,0.8586000204086304
YMR021C,YBR169C,0,-7.645504,0.10412102192640305,0.9980000257492065,0.8586999773979187
YDR038C,YHR204W,0,-7.64682,0.10411015897989273,0.9980000257492065,0.8587999939918518
YOR349W,YJL076W,0,-7.6470246,0.10409930348396301,0.9980000257492065,0.8589000105857849
YNL029C,YHR157W,0,-7.6471086,0.1040884405374527,0.9980000257492065,0.859000027179718
YDR446W,YLR430W,0,-7.647436,0.10407759249210358,0.9980000257492065,0.8590999841690063
YDR378C,YPL036W,0,-7.648573,0.10406673699617386,0.9980000257492065,0.8592000007629395
YPR137W,YDL042C,0,-7.649316,0.10405588895082474,0.9980000257492065,0.8593000173568726
YOR078W,YBR216C,0,-7.6493278,0.10404504090547562,0.9980000257492065,0.8593999743461609
YKL206C,YJR073C,0,-7.650208,0.1040341928601265,0.9980000257492065,0.859499990940094
YPL266W,YPL139C,0,-7.6517353,0.10402334481477737,0.9980000257492065,0.8596000075340271
YER126C,YMR129W,0,-7.6525497,0.10401250422000885,0.9980000257492065,0.8597000241279602
YKR024C,YMR112C,0,-7.655014,0.10400167107582092,0.9980000257492065,0.8597999811172485
YOR257W,YHR170W,0,-7.655703,0.1039908304810524,0.9980000257492065,0.8598999977111816
YOR233W,YER003C,0,-7.6566496,0.10397999733686447,0.9980000257492065,0.8600000143051147
YLR110C,YOL055C,0,-7.6570463,0.10396916419267654,0.9980000257492065,0.8600999712944031
YHR089C,YJL203W,0,-7.657923,0.10395833104848862,0.9980000257492065,0.8601999878883362
YLR186W,YJL134W,0,-7.66002,0.10394750535488129,0.9980000257492065,0.8603000044822693
YNL292W,YNL002C,0,-7.6608095,0.10393667966127396,0.9980000257492065,0.8604000210762024
YNL274C,YOR290C,0,-7.660914,0.10392585396766663,0.9980000257492065,0.8604999780654907
YNL159C,YLR346C,0,-7.662271,0.10391503572463989,0.9980000257492065,0.8605999946594238
YBL004W,YGL225W,0,-7.6622753,0.10390421748161316,0.9980000257492065,0.8607000112533569
YCL017C,YJL190C,0,-7.664845,0.10389339923858643,0.9980000257492065,0.86080002784729
YHR190W,YIL118W,0,-7.665597,0.10388258844614029,0.9980000257492065,0.8608999848365784
YGR145W,YAR007C,0,-7.6658907,0.10387177020311356,0.9980000257492065,0.8610000014305115
YER127W,YJL050W,0,-7.6686,0.10386096686124802,0.9980000257492065,0.8611000180244446
YBL079W,YKL193C,1,-7.67019,0.10395421087741852,0.9990000128746033,0.8611000180244446
YHR007C,YKL043W,0,-7.670372,0.10394340008497238,0.9990000128746033,0.8611999750137329
YJL203W,YLR196W,0,-7.670846,0.10393258184194565,0.9990000128746033,0.861299991607666
YLR276C,YLR316C,0,-7.6717844,0.10392177104949951,0.9990000128746033,0.8614000082015991
YNL007C,YBR294W,0,-7.672377,0.10391096025705338,0.9990000128746033,0.8615000247955322
YNL130C,YOR089C,0,-7.6727824,0.10390015691518784,0.9990000128746033,0.8615999817848206
YJR147W,YOR027W,0,-7.673051,0.1038893535733223,0.9990000128746033,0.8616999983787537
YPL241C,YJL148W,0,-7.674182,0.10387855023145676,0.9990000128746033,0.8618000149726868
YOR340C,YOL124C,0,-7.6750517,0.10386774688959122,0.9990000128746033,0.8618999719619751
YGR159C,YOR076C,0,-7.676022,0.10385695099830627,0.9990000128746033,0.8619999885559082
YCR034W,YDL039C,0,-7.6779413,0.10384615510702133,0.9990000128746033,0.8621000051498413
YHR096C,YNL009W,0,-7.6794505,0.10383535921573639,0.9990000128746033,0.8622000217437744
YPL126W,YMR156C,0,-7.681243,0.10382457077503204,0.9990000128746033,0.8622999787330627
YPL231W,YDR490C,0,-7.681509,0.1038137823343277,0.9990000128746033,0.8623999953269958
YOL082W,YHR204W,0,-7.681646,0.10380299389362335,0.9990000128746033,0.862500011920929
YDR420W,YER053C,0,-7.681775,0.103792205452919,0.9990000128746033,0.8626000285148621
YBR234C,YBR126C,0,-7.6834226,0.10378142446279526,0.9990000128746033,0.8626999855041504
YOR188W,YER162C,0,-7.6839237,0.10377064347267151,0.9990000128746033,0.8628000020980835
YLR189C,YLR026C,0,-7.684178,0.10375986993312836,0.9990000128746033,0.8629000186920166
YOL164W,YPR144C,0,-7.684894,0.10374908894300461,0.9990000128746033,0.8629999756813049
YCR048W,YOL077C,0,-7.685087,0.10373831540346146,0.9990000128746033,0.863099992275238
YLR286C,YDR527W,0,-7.6861916,0.1037275493144989,0.9990000128746033,0.8632000088691711
YGR109C,YPL171C,0,-7.686366,0.10371677577495575,0.9990000128746033,0.8633000254631042
YJL196C,YNL145W,0,-7.6885552,0.1037060096859932,0.9990000128746033,0.8633999824523926
YMR135C,YPR005C,0,-7.68895,0.10369524359703064,0.9990000128746033,0.8634999990463257
YDR103W,YHR196W,0,-7.68904,0.10368448495864868,0.9990000128746033,0.8636000156402588
YDL192W,YOL010W,0,-7.6890492,0.10367372632026672,0.9990000128746033,0.8636999726295471
YER045C,YDR376W,0,-7.6896915,0.10366296768188477,0.9990000128746033,0.8637999892234802
YNR016C,YAL029C,0,-7.690646,0.10365220904350281,0.9990000128746033,0.8639000058174133
YDR258C,YJL139C,0,-7.693039,0.10364145785570145,0.9990000128746033,0.8640000224113464
YNL030W,YKL170W,0,-7.6933413,0.10363070666790009,0.9990000128746033,0.8640999794006348
YPR006C,YNL294C,0,-7.6936216,0.10361995548009872,0.9990000128746033,0.8641999959945679
YPL128C,YBR126C,0,-7.694783,0.10360921174287796,0.9990000128746033,0.864300012588501
YOL086C,YGL078C,0,-7.697104,0.1035984680056572,0.9990000128746033,0.8644000291824341
YDL036C,YML024W,0,-7.697467,0.10358772426843643,0.9990000128746033,0.8644999861717224
YAL054C,YEL015W,0,-7.6977205,0.10357698053121567,0.9990000128746033,0.8646000027656555
YDL236W,YOL097C,0,-7.6993966,0.1035662442445755,0.9990000128746033,0.8647000193595886
YKL053C-A,YMR149W,0,-7.702051,0.10355550795793533,0.9990000128746033,0.864799976348877
YLR175W,YDL039C,0,-7.7047496,0.10354477912187576,0.9990000128746033,0.8648999929428101
YER054C,YIL068C,0,-7.7053237,0.1035340428352356,0.9990000128746033,0.8650000095367432
YLR342W,YAL016W,0,-7.706194,0.10352331399917603,0.9990000128746033,0.8651000261306763
YDR244W,YOR095C,0,-7.706707,0.10351259261369705,0.9990000128746033,0.8651999831199646
YDL213C,YNL292W,0,-7.7083874,0.10350186377763748,0.9990000128746033,0.8652999997138977
YDR432W,YLR176C,0,-7.708577,0.10349114239215851,0.9990000128746033,0.8654000163078308
YMR290C,YKL017C,0,-7.7108593,0.10348042100667953,0.9990000128746033,0.8654999732971191
YMR116C,YMR312W,0,-7.71149,0.10346970707178116,0.9990000128746033,0.8655999898910522
YNL001W,YMR023C,0,-7.712582,0.10345898568630219,0.9990000128746033,0.8657000064849854
YHR072W,YPR101W,0,-7.7128024,0.1034482792019844,0.9990000128746033,0.8658000230789185
YMR143W,YNL007C,0,-7.7128673,0.10343756526708603,0.9990000128746033,0.8658999800682068
YNR016C,YPL026C,0,-7.7132277,0.10342685878276825,0.9990000128746033,0.8659999966621399
YOR209C,YIL042C,0,-7.7135973,0.10341615229845047,0.9990000128746033,0.866100013256073
YNL031C,YER103W,0,-7.7159915,0.10340544581413269,0.9990000128746033,0.8661999702453613
YLR353W,YOR340C,0,-7.7166767,0.10339473932981491,0.9990000128746033,0.8662999868392944
YGL070C,YLR448W,0,-7.716695,0.10338404029607773,0.9990000128746033,0.8664000034332275
YDR331W,YDR449C,0,-7.7169876,0.10337334126234055,0.9990000128746033,0.8665000200271606
YIL167W,YHR139C,0,-7.717574,0.10336264967918396,0.9990000128746033,0.866599977016449
YOR298C-A,YHR070W,0,-7.717945,0.10335195809602737,0.9990000128746033,0.8666999936103821
YBR256C,YIL109C,0,-7.7218637,0.10334126651287079,0.9990000128746033,0.8668000102043152
YPL061W,YJR042W,0,-7.722724,0.1033305749297142,0.9990000128746033,0.8669000267982483
YPL262W,YHR139C,0,-7.7237377,0.10331989079713821,0.9990000128746033,0.8669999837875366
YLR347C,YJR063W,0,-7.724148,0.10330920666456223,0.9990000128746033,0.8671000003814697
YLR449W,YOL010W,0,-7.7243395,0.10329852253198624,0.9990000128746033,0.8672000169754028
YLR390W-A,YIL016W,0,-7.724979,0.10328783839941025,0.9990000128746033,0.8672999739646912
YOL165C,YMR303C,0,-7.7251463,0.10327716171741486,0.9990000128746033,0.8673999905586243
YGR145W,YCR073C,0,-7.7252026,0.10326648503541946,0.9990000128746033,0.8675000071525574
YDR517W,YBR168W,0,-7.725791,0.10325581580400467,0.9990000128746033,0.8676000237464905
YOR340C,YBR030W,0,-7.7264132,0.10324513912200928,0.9990000128746033,0.8676999807357788
YMR014W,YDR503C,0,-7.7270646,0.10323446989059448,0.9990000128746033,0.8677999973297119
YPL265W,YOL158C,0,-7.7278295,0.10322380810976028,0.9990000128746033,0.867900013923645
YLR157C,YJR045C,0,-7.728347,0.10321313887834549,0.9990000128746033,0.8679999709129333
YJL111W,YKL084W,0,-7.729599,0.10320247709751129,0.9990000128746033,0.8680999875068665
YDR150W,YGR253C,0,-7.7296667,0.1031918153166771,0.9990000128746033,0.8682000041007996
YER051W,YKR081C,0,-7.730578,0.10318116098642349,0.9990000128746033,0.8683000206947327
YLR051C,YJR132W,0,-7.7313685,0.10317050665616989,0.9990000128746033,0.868399977684021
YDR036C,YBR117C,0,-7.7323327,0.10315985232591629,0.9990000128746033,0.8684999942779541
YGL135W,YOR083W,0,-7.733927,0.10314919799566269,0.9990000128746033,0.8686000108718872
YJR097W,YBR162C,0,-7.7348638,0.10313855111598969,0.9990000128746033,0.8687000274658203
YLL018C-A,YMR049C,0,-7.7352643,0.10312790423631668,0.9990000128746033,0.8687999844551086
YMR037C,YER006W,0,-7.7358465,0.10311725735664368,0.9990000128746033,0.8689000010490417
YGL027C,YGR254W,0,-7.736167,0.10310661792755127,0.9990000128746033,0.8690000176429749
YDR379W,YOR095C,0,-7.7378216,0.10309597849845886,0.9990000128746033,0.8690999746322632
YNL274C,YJL186W,0,-7.738078,0.10308533906936646,0.9990000128746033,0.8691999912261963
YER103W,YMR053C,0,-7.739027,0.10307469964027405,0.9990000128746033,0.8693000078201294
YER143W,YBR267W,0,-7.7395263,0.10306406766176224,0.9990000128746033,0.8694000244140625
YGR120C,YGR103W,0,-7.740579,0.10305343568325043,0.9990000128746033,0.8694999814033508
YJL050W,YOR089C,0,-7.7410555,0.10304280370473862,0.9990000128746033,0.8695999979972839
YLR231C,YMR192W,0,-7.7437406,0.1030321791768074,0.9990000128746033,0.869700014591217
YDR511W,YPL076W,0,-7.746149,0.10302155464887619,0.9990000128746033,0.8697999715805054
YLR175W,YOL158C,0,-7.7479324,0.10301093012094498,0.9990000128746033,0.8698999881744385
YHR143W,YNL156C,0,-7.749221,0.10300030559301376,0.9990000128746033,0.8700000047683716
YBL106C,YMR243C,0,-7.749508,0.10298968851566315,0.9990000128746033,0.8701000213623047
YNL027W,YPR190C,0,-7.749514,0.10297907143831253,0.9990000128746033,0.870199978351593
YOR180C,YGL055W,0,-7.750825,0.10296846181154251,0.9990000128746033,0.8702999949455261
YER126C,YHR048W,0,-7.7509184,0.1029578447341919,0.9990000128746033,0.8704000115394592
YGR086C,YBR182C,0,-7.752378,0.10294723510742188,0.9990000128746033,0.8705000281333923
YJL001W,YLR150W,0,-7.7547846,0.10293663293123245,0.9990000128746033,0.8705999851226807
YGR055W,YDR167W,0,-7.7548075,0.10292602330446243,0.9990000128746033,0.8707000017166138
YGL065C,YOR173W,0,-7.754875,0.10291542112827301,0.9990000128746033,0.8708000183105469
YLR110C,YER148W,0,-7.7550173,0.10290481895208359,0.9990000128746033,0.8708999752998352
YPL160W,YAL011W,0,-7.7550664,0.10289422422647476,0.9990000128746033,0.8709999918937683
YOR347C,YMR210W,0,-7.755116,0.10288362205028534,0.9990000128746033,0.8711000084877014
YML132W,YJL094C,0,-7.756973,0.10287302732467651,0.9990000128746033,0.8712000250816345
YPR154W,YLR466W,0,-7.75721,0.10286244004964828,0.9990000128746033,0.8712999820709229
YOL013C,YKL120W,0,-7.7612457,0.10285184532403946,0.9990000128746033,0.871399998664856
YOR335C,YHR021C,0,-7.762002,0.10284125804901123,0.9990000128746033,0.8715000152587891
YLR141W,YBR172C,0,-7.762532,0.102830670773983,0.9990000128746033,0.8715999722480774
YLL031C,YMR290C,0,-7.762842,0.10282009094953537,0.9990000128746033,0.8716999888420105
YLR160C,YDL209C,0,-7.7651014,0.10280951112508774,0.9990000128746033,0.8718000054359436
YGR088W,YNL031C,0,-7.7658825,0.1027989313006401,0.9990000128746033,0.8719000220298767
YHL047C,YLR449W,0,-7.7665644,0.10278835147619247,0.9990000128746033,0.871999979019165
YIL079C,YLR002C,0,-7.767618,0.10277777910232544,0.9990000128746033,0.8720999956130981
YLR172C,YDR009W,0,-7.7690353,0.1027672067284584,0.9990000128746033,0.8722000122070312
YDR465C,YIL076W,0,-7.769251,0.10275663435459137,0.9990000128746033,0.8723000288009644
YMR136W,YPL015C,0,-7.7709293,0.10274606943130493,0.9990000128746033,0.8723999857902527
YKL040C,YOL143C,0,-7.771079,0.1027354970574379,0.9990000128746033,0.8725000023841858
YMR281W,YOR048C,0,-7.7722836,0.10272493213415146,0.9990000128746033,0.8726000189781189
YLR347C,YJL198W,0,-7.7748103,0.10271437466144562,0.9990000128746033,0.8726999759674072
YJR009C,YEL051W,0,-7.7762785,0.10270381718873978,0.9990000128746033,0.8727999925613403
YHR082C,YBR162C,0,-7.7771573,0.10269325971603394,0.9990000128746033,0.8729000091552734
YLR276C,YKL046C,0,-7.777158,0.1026827022433281,0.9990000128746033,0.8730000257492065
YLR448W,YOR068C,0,-7.7779846,0.10267214477062225,0.9990000128746033,0.8730999827384949
YGR262C,YOR122C,0,-7.778205,0.10266159474849701,0.9990000128746033,0.873199999332428
YPL256C,YPR110C,0,-7.780287,0.10265104472637177,0.9990000128746033,0.8733000159263611
YDL014W,YOR159C,0,-7.7804213,0.10264050215482712,0.9990000128746033,0.8733999729156494
YBR036C,YDR312W,0,-7.782276,0.10262995958328247,0.9990000128746033,0.8734999895095825
YJL001W,YGL120C,0,-7.782634,0.10261941701173782,0.9990000128746033,0.8736000061035156
YHR148W,YMR023C,0,-7.783103,0.10260887444019318,0.9990000128746033,0.8737000226974487
YDR162C,YDR297W,0,-7.7831945,0.10259833931922913,0.9990000128746033,0.8737999796867371
YDR298C,YMR175W,0,-7.78353,0.10258779674768448,0.9990000128746033,0.8738999962806702
YDL014W,YJR046W,0,-7.7851257,0.10257726907730103,0.9990000128746033,0.8740000128746033
YJL210W,YPL010W,0,-7.7857246,0.10256673395633698,0.9990000128746033,0.8741000294685364
YJR069C,YEL020W-A,0,-7.7868204,0.10255620628595352,0.9990000128746033,0.8741999864578247
YOR168W,YGL093W,0,-7.787457,0.10254567861557007,0.9990000128746033,0.8743000030517578
YBR237W,YPR010C,0,-7.787707,0.10253515094518661,0.9990000128746033,0.8744000196456909
YMR212C,YMR145C,0,-7.790674,0.10252463072538376,0.9990000128746033,0.8744999766349792
YHL048W,YDR397C,0,-7.790909,0.1025141105055809,0.9990000128746033,0.8745999932289124
YCL027W,YLR163C,0,-7.791066,0.10250359028577805,0.9990000128746033,0.8747000098228455
YGL135W,YDL060W,0,-7.7916856,0.10249307751655579,0.9990000128746033,0.8748000264167786
YDR085C,YJL087C,0,-7.7935953,0.10248255729675293,0.9990000128746033,0.8748999834060669
YLR157C,YOR026W,0,-7.798285,0.10247205197811127,0.9990000128746033,0.875
YER003C,YOR341W,0,-7.801014,0.10246153920888901,0.9990000128746033,0.8751000165939331
YNL159C,YNL156C,0,-7.803672,0.10245103389024734,0.9990000128746033,0.8751999735832214
YPL221W,YJL145W,0,-7.80392,0.10244052857160568,0.9990000128746033,0.8752999901771545
YLR129W,YKL140W,0,-7.8043184,0.10243002325296402,0.9990000128746033,0.8754000067710876
YCL040W,YNL339C,0,-7.8048887,0.10241951793432236,0.9990000128746033,0.8755000233650208
YOL071W,YMR088C,0,-7.8086653,0.10240902006626129,0.9990000128746033,0.8755999803543091
YDR101C,YPR018W,0,-7.808999,0.10239852219820023,0.9990000128746033,0.8756999969482422
YML113W,YAR010C,0,-7.810467,0.10238803178071976,0.9990000128746033,0.8758000135421753
YPL188W,YIL008W,0,-7.8107505,0.10237753391265869,0.9990000128746033,0.8758999705314636
YNL106C,YOR361C,0,-7.8123474,0.10236704349517822,0.9990000128746033,0.8759999871253967
YKL192C,YNL241C,0,-7.8138666,0.10235656052827835,0.9990000128746033,0.8761000037193298
YKL192C,YNL032W,0,-7.816593,0.10234607011079788,0.9990000128746033,0.8762000203132629
YLR056W,YDR170C,0,-7.8192444,0.10233558714389801,0.9990000128746033,0.8762999773025513
YJL191W,YHR020W,0,-7.819439,0.10232510417699814,0.9990000128746033,0.8763999938964844
YJR143C,YKR057W,0,-7.8197803,0.10231462866067886,0.9990000128746033,0.8765000104904175
YGR183C,YPR165W,0,-7.820236,0.10230414569377899,0.9990000128746033,0.8766000270843506
YGL062W,YLR084C,0,-7.822458,0.10229367017745972,0.9990000128746033,0.8766999840736389
YML042W,YER056C,0,-7.8224897,0.10228320211172104,0.9990000128746033,0.876800000667572
YDR503C,YDL208W,0,-7.82411,0.10227272659540176,0.9990000128746033,0.8769000172615051
YPL202C,YKR076W,0,-7.8242006,0.10226225852966309,0.9990000128746033,0.8769999742507935
YNR043W,YEL026W,0,-7.825242,0.10225179046392441,0.9990000128746033,0.8770999908447266
YFR001W,YGL070C,0,-7.8260007,0.10224132984876633,0.9990000128746033,0.8772000074386597
YNL111C,YER009W,0,-7.826275,0.10223086178302765,0.9990000128746033,0.8773000240325928
YOR173W,YDR529C,0,-7.8266473,0.10222040116786957,0.9990000128746033,0.8773999810218811
YMR038C,YPL119C,0,-7.828847,0.10220994800329208,0.9990000128746033,0.8774999976158142
YLR449W,YJL204C,0,-7.828889,0.102199487388134,0.9990000128746033,0.8776000142097473
YDL004W,YMR104C,0,-7.829733,0.10218903422355652,0.9990000128746033,0.8776999711990356
YAL054C,YPL119C,0,-7.830022,0.10217858105897903,0.9990000128746033,0.8777999877929688
YGL187C,YMR285C,0,-7.830428,0.10216813534498215,0.9990000128746033,0.8779000043869019
YHR143W,YDR087C,0,-7.831684,0.10215768218040466,0.9990000128746033,0.878000020980835
YOL016C,YLR403W,0,-7.8327684,0.10214723646640778,0.9990000128746033,0.8780999779701233
YNL156C,YJR156C,0,-7.8328905,0.10213679820299149,0.9990000128746033,0.8781999945640564
YGR244C,YGL219C,0,-7.8331747,0.1021263524889946,0.9990000128746033,0.8783000111579895
YHL011C,YDR353W,0,-7.833296,0.10211591422557831,0.9990000128746033,0.8784000277519226
YLR133W,YKR038C,0,-7.83391,0.10210547596216202,0.9990000128746033,0.8784999847412109
YMR192W,YBR294W,0,-7.834519,0.10209504514932632,0.9990000128746033,0.878600001335144
YGL256W,YDR009W,0,-7.835234,0.10208461433649063,0.9990000128746033,0.8787000179290771
YNR002C,YPL118W,0,-7.8356075,0.10207418352365494,0.9990000128746033,0.8787999749183655
YBR080C,YDR523C,0,-7.836892,0.10206375271081924,0.9990000128746033,0.8788999915122986
YFR047C,YDR240C,0,-7.837243,0.10205332189798355,0.9990000128746033,0.8790000081062317
YGR109C,YML131W,0,-7.83947,0.10204289853572845,0.9990000128746033,0.8791000247001648
YMR275C,YJR073C,0,-7.840376,0.10203247517347336,0.9990000128746033,0.8791999816894531
YLR160C,YBR086C,0,-7.8423796,0.10202205926179886,0.9990000128746033,0.8792999982833862
YGL256W,YCR040W,0,-7.8442736,0.10201164335012436,0.9990000128746033,0.8794000148773193
YPR132W,YDL076C,0,-7.844642,0.10200122743844986,0.9990000128746033,0.8794999718666077
YKL208W,YDR060W,0,-7.8446493,0.10199081152677536,0.9990000128746033,0.8795999884605408
YNL116W,YNL274C,0,-7.8463974,0.10198040306568146,0.9990000128746033,0.8797000050544739
YOL051W,YGR296W,0,-7.8478785,0.10196998715400696,0.9990000128746033,0.879800021648407
YKL025C,YKR056W,0,-7.8479085,0.10195958614349365,0.9990000128746033,0.8798999786376953
YFR001W,YOR256C,0,-7.8497458,0.10194917768239975,0.9990000128746033,0.8799999952316284
YDL132W,YBR055C,0,-7.849868,0.10193877667188644,0.9990000128746033,0.8801000118255615
YBR237W,YHR139C,0,-7.850032,0.10192837566137314,0.9990000128746033,0.8802000284194946
YLL050C,YKL053C-A,0,-7.8502927,0.10191797465085983,0.9990000128746033,0.880299985408783
YLR160C,YOR381W,0,-7.8503017,0.10190758109092712,0.9990000128746033,0.8804000020027161
YAL029C,YKL035W,0,-7.850342,0.10189718753099442,0.9990000128746033,0.8805000185966492
YDL174C,YLR056W,0,-7.8503675,0.1018867939710617,0.9990000128746033,0.8805999755859375
YIL053W,YDR394W,0,-7.8516297,0.101876400411129,0.9990000128746033,0.8806999921798706
YIL004C,YPR137W,0,-7.852968,0.10186601430177689,0.9990000128746033,0.8808000087738037
YOR329C,YDR018C,0,-7.8549175,0.10185562819242477,0.9990000128746033,0.8809000253677368
YER119C,YIL022W,0,-7.855764,0.10184524208307266,0.9990000128746033,0.8809999823570251
YNL111C,YGL100W,0,-7.8575478,0.10183486342430115,0.9990000128746033,0.8810999989509583
YOR120W,YML062C,0,-7.8618264,0.10182448476552963,0.9990000128746033,0.8812000155448914
YLR157C,YCR066W,0,-7.8624153,0.10181410610675812,0.9990000128746033,0.8812999725341797
YOR243C,YDL138W,0,-7.8627863,0.1018037274479866,0.9990000128746033,0.8813999891281128
YLR216C,YDR472W,0,-7.863135,0.10179335623979568,0.9990000128746033,0.8815000057220459
YOL064C,YJL141C,0,-7.8632307,0.10178298503160477,0.9990000128746033,0.881600022315979
YNR067C,YGR244C,0,-7.865624,0.10177261382341385,0.9990000128746033,0.8816999793052673
YOL123W,YBL050W,0,-7.866065,0.10176225006580353,0.9990000128746033,0.8817999958992004
YAL003W,YDR345C,0,-7.866618,0.1017518863081932,0.9990000128746033,0.8819000124931335
YKR099W,YDL014W,0,-7.8671765,0.10174152255058289,0.9990000128746033,0.8820000290870667
YER054C,YIL077C,0,-7.867832,0.10173115879297256,0.9990000128746033,0.882099986076355
YDL153C,YDR312W,0,-7.8703275,0.10172080248594284,0.9990000128746033,0.8822000026702881
YOL002C,YJR059W,0,-7.8705626,0.10171044617891312,0.9990000128746033,0.8823000192642212
YLR370C,YOL110W,0,-7.870889,0.10170008987188339,0.9990000128746033,0.8823999762535095
YDR513W,YNR049C,0,-7.874861,0.10168974101543427,0.9990000128746033,0.8824999928474426
YMR250W,YLR045C,0,-7.8762965,0.10167939215898514,0.9990000128746033,0.8826000094413757
YBR179C,YJR145C,0,-7.876378,0.10166904330253601,0.9990000128746033,0.8827000260353088
YPR021C,YDR432W,0,-7.8769407,0.10165869444608688,0.9990000128746033,0.8827999830245972
YOL165C,YOR151C,0,-7.877101,0.10164835304021835,0.9990000128746033,0.8828999996185303
YOL139C,YGR284C,0,-7.8784347,0.10163801163434982,0.9990000128746033,0.8830000162124634
YJL031C,YBL075C,0,-7.879284,0.10162767022848129,0.9990000128746033,0.8830999732017517
YOL151W,YPR198W,0,-7.881008,0.10161733627319336,0.9990000128746033,0.8831999897956848
YGR044C,YLR466W,0,-7.8819227,0.10160699486732483,0.9990000128746033,0.8833000063896179
YPL196W,YOR329C,0,-7.8821735,0.1015966609120369,0.9990000128746033,0.883400022983551
YOL113W,YDL060W,0,-7.882932,0.10158633440732956,0.9990000128746033,0.8834999799728394
YDR147W,YHR096C,0,-7.88476,0.10157600045204163,0.9990000128746033,0.8835999965667725
YJL198W,YEL065W,0,-7.8860717,0.10156567394733429,0.9990000128746033,0.8837000131607056
YLR423C,YJL076W,0,-7.886245,0.10155535489320755,0.9990000128746033,0.8838000297546387
YKL080W,YIL101C,0,-7.886833,0.10154502838850021,0.9990000128746033,0.883899986743927
YMR021C,YGR128C,0,-7.8873177,0.10153470933437347,0.9990000128746033,0.8840000033378601
YGL099W,YLR372W,0,-7.8878117,0.10152439028024673,0.9990000128746033,0.8841000199317932
YKR067W,YBL080C,0,-7.889294,0.10151407122612,0.9990000128746033,0.8841999769210815
YER044C,YDR472W,0,-7.889885,0.10150375962257385,0.9990000128746033,0.8842999935150146
YNL220W,YBR167C,0,-7.8905473,0.10149344801902771,0.9990000128746033,0.8844000101089478
YNR011C,YLR009W,0,-7.8917646,0.10148313641548157,0.9990000128746033,0.8845000267028809
YFR021W,YPL126W,0,-7.8932233,0.10147283226251602,0.9990000128746033,0.8845999836921692
YDR073W,YLR372W,0,-7.894597,0.10146252065896988,0.9990000128746033,0.8847000002861023
YBR093C,YMR053C,0,-7.8950024,0.10145221650600433,0.9990000128746033,0.8848000168800354
YFL055W,YHR170W,0,-7.895339,0.10144191980361938,0.9990000128746033,0.8848999738693237
YER087C-A,YPL094C,0,-7.8973694,0.10143161565065384,0.9990000128746033,0.8849999904632568
YER125W,YNL093W,0,-7.903419,0.10142131894826889,0.9990000128746033,0.8851000070571899
YOR298W,YIL029C,0,-7.9037023,0.10141102224588394,0.9990000128746033,0.885200023651123
YGL115W,YOL124C,0,-7.9038177,0.10140073299407959,0.9990000128746033,0.8852999806404114
YEL056W,YFL016C,0,-7.90491,0.10139043629169464,0.9990000128746033,0.8853999972343445
YDR377W,YBR117C,0,-7.907736,0.10138014703989029,0.9990000128746033,0.8855000138282776
YOR298W,YPL274W,0,-7.9089723,0.10136986523866653,0.9990000128746033,0.8855999708175659
YER019W,YER126C,0,-7.910188,0.10135957598686218,0.9990000128746033,0.885699987411499
YGR206W,YNL066W,0,-7.9110084,0.10134929418563843,0.9990000128746033,0.8858000040054321
YKR095W,YGL055W,0,-7.914394,0.10133901238441467,0.9990000128746033,0.8859000205993652
YKL114C,YHR008C,0,-7.918475,0.10132873803377151,0.9990000128746033,0.8859999775886536
YML110C,YNL256W,0,-7.9200377,0.10131845623254776,0.9990000128746033,0.8860999941825867
YPR081C,YER103W,0,-7.920811,0.1013081818819046,0.9990000128746033,0.8862000107765198
YDR273W,YHR188C,0,-7.921902,0.10129790753126144,0.9990000128746033,0.8863000273704529
YBL099W,YNL111C,0,-7.92241,0.10128764063119888,0.9990000128746033,0.8863999843597412
YHR204W,YCR028C-A,0,-7.9225917,0.10127737373113632,0.9990000128746033,0.8865000009536743
YKL112W,YPL061W,0,-7.9226685,0.10126710683107376,0.9990000128746033,0.8866000175476074
YDR258C,YJL106W,0,-7.9251485,0.1012568399310112,0.9990000128746033,0.8866999745368958
YLR210W,YIL155C,0,-7.9254465,0.10124658048152924,0.9990000128746033,0.8867999911308289
YGR254W,YBR258C,0,-7.926469,0.10123632103204727,0.9990000128746033,0.886900007724762
YER002W,YNL294C,0,-7.927062,0.10122606158256531,0.9990000128746033,0.8870000243186951
YLR201C,YNL274C,0,-7.927552,0.10121580213308334,0.9990000128746033,0.8870999813079834
YGR200C,YPL097W,0,-7.928192,0.10120555013418198,0.9990000128746033,0.8871999979019165
YOR267C,YDL201W,0,-7.92845,0.10119529813528061,0.9990000128746033,0.8873000144958496
YMR303C,YGR178C,0,-7.930741,0.10118505358695984,0.9990000128746033,0.8873999714851379
YMR204C,YDL081C,0,-7.9313126,0.10117480158805847,0.9990000128746033,0.887499988079071
YGL020C,YDR037W,0,-7.9337277,0.1011645570397377,0.9990000128746033,0.8876000046730042
YBR143C,YNL332W,0,-7.9348025,0.10115431249141693,0.9990000128746033,0.8877000212669373
YMR184W,YHL011C,0,-7.934951,0.10114407539367676,0.9990000128746033,0.8877999782562256
YLR205C,YDR469W,0,-7.9364586,0.10113383084535599,0.9990000128746033,0.8878999948501587
YDR038C,YJL059W,0,-7.937517,0.10112359374761581,0.9990000128746033,0.8880000114440918
YDR418W,YLR079W,0,-7.9393015,0.10111335664987564,0.9990000128746033,0.8881000280380249
YHR030C,YML045W,0,-7.9411335,0.10110312700271606,0.9990000128746033,0.8881999850273132
YLR430W,YJL109C,0,-7.9478893,0.10109289735555649,0.9990000128746033,0.8883000016212463
YHR170W,YML098W,0,-7.949444,0.10108266770839691,0.9990000128746033,0.8884000182151794
YFR008W,YJL125C,0,-7.9507217,0.10107243806123734,0.9990000128746033,0.8884999752044678
YHL038C,YOR344C,0,-7.9518433,0.10106221586465836,0.9990000128746033,0.8885999917984009
YDR101C,YFL041W,0,-7.952306,0.10105199366807938,0.9990000128746033,0.888700008392334
YFL029C,YML128C,0,-7.9528894,0.1010417714715004,0.9990000128746033,0.8888000249862671
YJL192C,YJL048C,0,-7.9537544,0.10103155672550201,0.9990000128746033,0.8888999819755554
YNL008C,YGL037C,0,-7.955496,0.10102133452892303,0.9990000128746033,0.8889999985694885
YPR005C,YMR229C,0,-7.958645,0.10101111978292465,0.9990000128746033,0.8891000151634216
YMR061W,YNL241C,0,-7.959009,0.10100091248750687,0.9990000128746033,0.88919997215271
YMR264W,YDR060W,0,-7.9592094,0.10099069774150848,0.9990000128746033,0.8892999887466431
YJR063W,YDL120W,0,-7.9620132,0.1009804904460907,0.9990000128746033,0.8894000053405762
YIL079C,YJL141C,0,-7.9664593,0.10097028315067291,0.9990000128746033,0.8895000219345093
YDR087C,YPR139C,0,-7.966648,0.10096008330583572,0.9990000128746033,0.8895999789237976
YKL046C,YOR185C,0,-7.9691095,0.10094987601041794,0.9990000128746033,0.8896999955177307
YMR116C,YKL122C,0,-7.971344,0.10093967616558075,0.9990000128746033,0.8898000121116638
YBR213W,YEL054C,0,-7.971594,0.10092948377132416,0.9990000128746033,0.8899000287055969
YHR011W,YKL009W,0,-7.971674,0.10091928392648697,0.9990000128746033,0.8899999856948853
YIL117C,YPL139C,0,-7.972046,0.10090909153223038,0.9990000128746033,0.8901000022888184
YML130C,YOR230W,0,-7.973345,0.10089889913797379,0.9990000128746033,0.8902000188827515
YPL036W,YBL018C,0,-7.973913,0.1008887067437172,0.9990000128746033,0.8902999758720398
YCL059C,YBL004W,0,-7.976593,0.1008785218000412,0.9990000128746033,0.8903999924659729
YMR058W,YDL224C,0,-7.976947,0.1008683368563652,0.9990000128746033,0.890500009059906
YDR101C,YGL063W,0,-7.977084,0.10085815191268921,0.9990000128746033,0.8906000256538391
YGR108W,YCL039W,0,-7.9781,0.10084797441959381,0.9990000128746033,0.8906999826431274
YML123C,YOR116C,0,-7.978324,0.10083778947591782,0.9990000128746033,0.8907999992370605
YOR241W,YDR435C,0,-7.9793653,0.10082761198282242,0.9990000128746033,0.8909000158309937
YOR236W,YMR015C,0,-7.9802732,0.10081744194030762,0.9990000128746033,0.890999972820282
YJL005W,YER053C,0,-7.9803467,0.10080726444721222,0.9990000128746033,0.8910999894142151
YGR183C,YOL121C,0,-7.980565,0.10079709440469742,0.9990000128746033,0.8912000060081482
YOR231W,YGL153W,0,-7.9806957,0.10078692436218262,0.9990000128746033,0.8913000226020813
YFR001W,YJL117W,0,-7.981552,0.10077675431966782,0.9990000128746033,0.8913999795913696
YBL026W,YHR020W,0,-7.981763,0.10076659172773361,0.9990000128746033,0.8914999961853027
YDR153C,YOR267C,0,-7.9818964,0.10075642913579941,0.9990000128746033,0.8916000127792358
YML128C,YDL188C,0,-7.9830847,0.1007462665438652,0.9990000128746033,0.891700029373169
YDL020C,YBR126C,0,-7.9831467,0.1007361114025116,0.9990000128746033,0.8917999863624573
YOR354C,YDR115W,0,-7.9836082,0.10072595626115799,0.9990000128746033,0.8919000029563904
YOL135C,YOR310C,0,-7.986164,0.10071580111980438,0.9990000128746033,0.8920000195503235
YFR024C-A,YHR001W,0,-7.9862833,0.10070564597845078,0.9990000128746033,0.8920999765396118
YNL112W,YLR212C,0,-7.98738,0.10069549083709717,0.9990000128746033,0.8921999931335449
YMR229C,YPL175W,0,-7.988037,0.10068534314632416,0.9990000128746033,0.892300009727478
YJL098W,YNL202W,0,-7.9881754,0.10067519545555115,0.9990000128746033,0.8924000263214111
YDL022W,YLR007W,0,-7.9921236,0.10066505521535873,0.9990000128746033,0.8924999833106995
YDL116W,YGR197C,0,-7.9922457,0.10065491497516632,0.9990000128746033,0.8925999999046326
YKL146W,YLR133W,0,-7.9930706,0.10064477473497391,0.9990000128746033,0.8927000164985657
YML114C,YHR196W,0,-7.993783,0.1006346344947815,0.9990000128746033,0.892799973487854
YGR143W,YDR312W,0,-7.9959173,0.10062449425458908,0.9990000128746033,0.8928999900817871
YOL133W,YHR197W,0,-7.9963017,0.10061436146497726,0.9990000128746033,0.8930000066757202
YDR281C,YML024W,0,-8.002872,0.10060422867536545,0.9990000128746033,0.8931000232696533
YDR516C,YNR047W,0,-8.003106,0.10059409588575363,0.9990000128746033,0.8931999802589417
YNR052C,YCR028C-A,0,-8.003807,0.10058397054672241,0.9990000128746033,0.8932999968528748
YDR361C,YDR120C,0,-8.003985,0.10057384520769119,0.9990000128746033,0.8934000134468079
YDR317W,YDL014W,0,-8.005789,0.10056371986865997,0.9990000128746033,0.8934999704360962
YOR039W,YMR093W,0,-8.01325,0.10055360198020935,0.9990000128746033,0.8935999870300293
YMR116C,YCR028C,0,-8.016958,0.10054347664117813,0.9990000128746033,0.8937000036239624
YGL142C,YHR148W,0,-8.020828,0.10053335875272751,0.9990000128746033,0.8938000202178955
YBR008C,YPL213W,0,-8.025613,0.10052324086427689,0.9990000128746033,0.8938999772071838
YGL020C,YDR297W,0,-8.025677,0.10051313042640686,0.9990000128746033,0.8939999938011169
YNL264C,YBL039C,0,-8.026918,0.10050301998853683,0.9990000128746033,0.89410001039505
YAL054C,YHR188C,0,-8.028443,0.10049290955066681,0.9990000128746033,0.8942000269889832
YBR029C,YMR281W,0,-8.031228,0.10048279911279678,0.9990000128746033,0.8942999839782715
YML113W,YDL052C,0,-8.031234,0.10047269612550735,0.9990000128746033,0.8944000005722046
YPR155C,YMR241W,0,-8.031317,0.10046259313821793,0.9990000128746033,0.8945000171661377
YER126C,YPL063W,0,-8.032244,0.1004524901509285,0.9990000128746033,0.894599974155426
YKR066C,YJL198W,0,-8.033065,0.10044238716363907,0.9990000128746033,0.8946999907493591
YER073W,YLR200W,0,-8.0341,0.10043229162693024,0.9990000128746033,0.8948000073432922
YPR016C,YJL059W,0,-8.035592,0.1004221960902214,0.9990000128746033,0.8949000239372253
YGL051W,YLR197W,0,-8.036395,0.10041210055351257,0.9990000128746033,0.8949999809265137
YGR178C,YLR197W,0,-8.037711,0.10040201246738434,0.9990000128746033,0.8950999975204468
YKR066C,YGR008C,0,-8.038124,0.1003919169306755,0.9990000128746033,0.8952000141143799
YPL043W,YOL125W,0,-8.038222,0.10038183629512787,0.9990000128746033,0.8952999711036682
YLR384C,YBR267W,0,-8.038857,0.10037174820899963,0.9990000128746033,0.8953999876976013
YMR168C,YGR128C,0,-8.041426,0.1003616601228714,0.9990000128746033,0.8955000042915344
YNR002C,YPR072W,0,-8.042327,0.10035157948732376,0.9990000128746033,0.8956000208854675
YML013W,YGL104C,0,-8.042461,0.10034150630235672,0.9990000128746033,0.8956999778747559
YOL060C,YIL077C,0,-8.042559,0.10033142566680908,0.9990000128746033,0.895799994468689
YKR042W,YOR230W,0,-8.043195,0.10032135248184204,0.9990000128746033,0.8959000110626221
YOR058C,YJR145C,0,-8.0446415,0.100311279296875,0.9990000128746033,0.8960000276565552
YJR069C,YDR435C,0,-8.045351,0.10030120611190796,0.9990000128746033,0.8960999846458435
YBR145W,YCL017C,0,-8.045366,0.10029113292694092,0.9990000128746033,0.8962000012397766
YMR021C,YJL148W,0,-8.045807,0.10028106719255447,0.9990000128746033,0.8963000178337097
YLR196W,YDL212W,0,-8.046037,0.10027100145816803,0.9990000128746033,0.896399974822998
YPL171C,YBR267W,0,-8.047784,0.10026093572378159,0.9990000128746033,0.8964999914169312
YPR120C,YHR007C,0,-8.048466,0.10025087743997574,0.9990000128746033,0.8966000080108643
YNL259C,YGL255W,0,-8.050861,0.10024081915616989,0.9990000128746033,0.8967000246047974
YLR347C,YNL142W,0,-8.051545,0.10023076087236404,0.9990000128746033,0.8967999815940857
YER003C,YGL169W,0,-8.051962,0.1002207025885582,0.9990000128746033,0.8968999981880188
YFR030W,YCL017C,0,-8.054179,0.10021065175533295,0.9990000128746033,0.8970000147819519
YIL155C,YOR315W,0,-8.05916,0.1002006009221077,0.9990000128746033,0.8970999717712402
YBR162C,YIL008W,0,-8.059226,0.10019055008888245,0.9990000128746033,0.8971999883651733
YDR490C,YGL097W,0,-8.060295,0.10018050670623779,0.9990000128746033,0.8973000049591064
YCR005C,YML016C,0,-8.061083,0.10017046332359314,0.9990000128746033,0.8974000215530396
YFL034C-B,YMR143W,0,-8.061205,0.10016041994094849,0.9990000128746033,0.8974999785423279
YGR178C,YIL123W,0,-8.063033,0.10015037655830383,0.9990000128746033,0.897599995136261
YPL140C,YNL061W,0,-8.063254,0.10014033317565918,0.9990000128746033,0.8977000117301941
YHR011W,YLR186W,0,-8.063832,0.10013029724359512,0.9990000128746033,0.8978000283241272
YHR019C,YDR512C,0,-8.065321,0.10012026131153107,0.9990000128746033,0.8978999853134155
YLR370C,YLR467W,0,-8.065493,0.10011023283004761,0.9990000128746033,0.8980000019073486
YDR418W,YBR173C,0,-8.067085,0.10010019689798355,0.9990000128746033,0.8981000185012817
YDL024C,YDR060W,0,-8.0688305,0.10009016841650009,0.9990000128746033,0.8981999754905701
YCR047C,YLR034C,0,-8.069337,0.10008014738559723,0.9990000128746033,0.8982999920845032
YMR173W,YAR002W,0,-8.070763,0.10007011890411377,0.9990000128746033,0.8984000086784363
YJR004C,YLR197W,0,-8.071435,0.10006009787321091,0.9990000128746033,0.8985000252723694
YER020W,YDR517W,0,-8.072556,0.10005007684230804,0.9990000128746033,0.8985999822616577
YLR205C,YML016C,0,-8.074254,0.10004005581140518,0.9990000128746033,0.8986999988555908
YNL292W,YAL030W,0,-8.075035,0.10003004223108292,0.9990000128746033,0.8988000154495239
YDR030C,YDL112W,0,-8.077189,0.10002002120018005,0.9990000128746033,0.8988999724388123
YAL044C,YER087C-B,0,-8.077609,0.10001000761985779,0.9990000128746033,0.8989999890327454
YGL183C,YDL081C,0,-8.07888,0.10000000149011612,0.9990000128746033,0.8991000056266785
YBR117C,YGR020C,0,-8.078967,0.09998998790979385,0.9990000128746033,0.8992000222206116
YLR014C,YCR028C-A,0,-8.08148,0.09997998178005219,0.9990000128746033,0.8992999792098999
YDL150W,YEL013W,0,-8.082498,0.09996997565031052,0.9990000128746033,0.899399995803833
YJR063W,YGL096W,0,-8.082975,0.09995997697114944,0.9990000128746033,0.8995000123977661
YGL055W,YDR429C,0,-8.088176,0.09994997829198837,0.9990000128746033,0.8996000289916992
YLR221C,YMR088C,0,-8.090059,0.0999399796128273,0.9990000128746033,0.8996999859809875
YJL122W,YKL014C,0,-8.0911045,0.09992998093366623,0.9990000128746033,0.8998000025749207
YDR513W,YOR098C,0,-8.091338,0.09991998225450516,0.9990000128746033,0.8999000191688538
YAL012W,YHR143W-A,0,-8.093497,0.09990999102592468,0.9990000128746033,0.8999999761581421
YLR009W,YMR016C,0,-8.09458,0.09989999979734421,0.9990000128746033,0.9000999927520752
YIL062C,YHR070W,0,-8.094697,0.09989000856876373,0.9990000128746033,0.9002000093460083
YGR288W,YOL010W,0,-8.094705,0.09988002479076385,0.9990000128746033,0.9003000259399414
YCL027W,YLR448W,0,-8.0993,0.09987004101276398,0.9990000128746033,0.9003999829292297
YLR158C,YDR477W,0,-8.100345,0.0998600572347641,0.9990000128746033,0.9004999995231628
YNR002C,YAR035W,0,-8.10197,0.09985007345676422,0.9990000128746033,0.900600016117096
YOL086C,YGL027C,0,-8.102734,0.09984009712934494,0.9990000128746033,0.9006999731063843
YBR247C,YBR168W,0,-8.102762,0.09983012080192566,0.9990000128746033,0.9007999897003174
YLR304C,YPR030W,0,-8.104537,0.09982014447450638,0.9990000128746033,0.9009000062942505
YNL119W,YDL188C,0,-8.104783,0.0998101681470871,0.9990000128746033,0.9010000228881836
YHR016C,YJL045W,0,-8.106852,0.09980019927024841,0.9990000128746033,0.9010999798774719
YGR239C,YKR086W,0,-8.108375,0.09979023039340973,0.9990000128746033,0.901199996471405
YIL007C,YER103W,0,-8.108537,0.09978026151657104,0.9990000128746033,0.9013000130653381
YCL035C,YOL013C,0,-8.109146,0.09977030009031296,0.9990000128746033,0.9014000296592712
YKL068W,YPR137W,0,-8.1096115,0.09976033866405487,0.9990000128746033,0.9014999866485596
YDR173C,YDR055W,0,-8.11174,0.09975037723779678,0.9990000128746033,0.9016000032424927
YDR515W,YHR016C,0,-8.111896,0.0997404158115387,0.9990000128746033,0.9017000198364258
YML116W,YBR244W,0,-8.113221,0.0997304618358612,0.9990000128746033,0.9017999768257141
YLR080W,YPR078C,0,-8.116335,0.09972050040960312,0.9990000128746033,0.9018999934196472
YHR072W-A,YGL062W,0,-8.116853,0.09971054643392563,0.9990000128746033,0.9020000100135803
YDR346C,YFR003C,0,-8.123661,0.09970059990882874,0.9990000128746033,0.9021000266075134
YOR368W,YEL026W,0,-8.124169,0.09969064593315125,0.9990000128746033,0.9021999835968018
YBL098W,YNL071W,0,-8.125589,0.09968069940805435,0.9990000128746033,0.9023000001907349
YKL146W,YDR513W,0,-8.127905,0.09967076033353806,0.9990000128746033,0.902400016784668
YFL031W,YPL093W,0,-8.12973,0.09966081380844116,0.9990000128746033,0.9024999737739563
YAL012W,YGR095C,0,-8.1305685,0.09965087473392487,0.9990000128746033,0.9025999903678894
YPL128C,YOL129W,0,-8.13115,0.09964093565940857,0.9990000128746033,0.9027000069618225
YGL084C,YBR069C,0,-8.131348,0.09963099658489227,0.9990000128746033,0.9028000235557556
YBL099W,YPL118W,0,-8.131516,0.09962105751037598,0.9990000128746033,0.902899980545044
YNR038W,YGR257C,0,-8.132405,0.09961112588644028,0.9990000128746033,0.902999997138977
YKR076W,YLR034C,0,-8.134166,0.09960119426250458,0.9990000128746033,0.9031000137329102
YDL031W,YPL057C,0,-8.142359,0.09959127008914948,0.9990000128746033,0.9031999707221985
YLL050C,YLR002C,0,-8.143674,0.09958133846521378,0.9990000128746033,0.9032999873161316
YMR049C,YDL015C,0,-8.145101,0.09957141429185867,0.9990000128746033,0.9034000039100647
YDL148C,YOR187W,0,-8.149501,0.09956149011850357,0.9990000128746033,0.9035000205039978
YKR079C,YJL141C,0,-8.15045,0.09955156594514847,0.9990000128746033,0.9035999774932861
YJL184W,YPL019C,0,-8.150579,0.09954164922237396,0.9990000128746033,0.9036999940872192
YKL172W,YDR292C,0,-8.152191,0.09953173249959946,0.9990000128746033,0.9038000106811523
YHR108W,YDR492W,0,-8.153446,0.09952181577682495,0.9990000128746033,0.9039000272750854
YGR254W,YGL225W,0,-8.154275,0.09951190650463104,0.9990000128746033,0.9039999842643738
YEL024W,YGR044C,0,-8.154967,0.09950198978185654,0.9990000128746033,0.9041000008583069
YOR185C,YIR005W,0,-8.15539,0.09949208050966263,0.9990000128746033,0.90420001745224
YJL133W,YNL231C,0,-8.155842,0.09948217123746872,0.9990000128746033,0.9042999744415283
YMR264W,YDR165W,0,-8.156988,0.09947226941585541,0.9990000128746033,0.9043999910354614
YNL103W,YLL016W,0,-8.162118,0.0994623675942421,0.9990000128746033,0.9045000076293945
YFL055W,YMR319C,0,-8.162681,0.09945246577262878,0.9990000128746033,0.9046000242233276
YDR382W,YMR088C,0,-8.165558,0.09944256395101547,0.9990000128746033,0.904699981212616
YGR083C,YDL148C,0,-8.165774,0.09943266957998276,0.9990000128746033,0.9047999978065491
YJL033W,YNL156C,0,-8.165981,0.09942276775836945,0.9990000128746033,0.9049000144004822
YMR116C,YDR484W,0,-8.166499,0.09941287338733673,0.9990000128746033,0.9049999713897705
YEL050C,YDR115W,0,-8.166582,0.09940298646688461,0.9990000128746033,0.9050999879837036
YHL024W,YDL170W,0,-8.174299,0.0993930920958519,0.9990000128746033,0.9052000045776367
YOR298C-A,YGR094W,0,-8.174778,0.09938320517539978,0.9990000128746033,0.9053000211715698
YML081C-A,YNL112W,0,-8.176889,0.09937331825494766,0.9990000128746033,0.9053999781608582
YGL256W,YNL223W,0,-8.177248,0.09936343878507614,0.9990000128746033,0.9054999947547913
YGR159C,YLR403W,0,-8.177477,0.09935355186462402,0.9990000128746033,0.9056000113487244
YOR145C,YDL052C,0,-8.18068,0.0993436723947525,0.9990000128746033,0.9057000279426575
YDR270W,YNL248C,0,-8.185979,0.09933380037546158,0.9990000128746033,0.9057999849319458
YDR101C,YGL247W,0,-8.186466,0.09932392090559006,0.9990000128746033,0.9059000015258789
YOR267C,YDL076C,0,-8.18723,0.09931404888629913,0.9990000128746033,0.906000018119812
YIL035C,YHR096C,0,-8.188192,0.09930417686700821,0.9990000128746033,0.9060999751091003
YDR184C,YML077W,0,-8.189486,0.09929430484771729,0.9990000128746033,0.9061999917030334
YEL060C,YBR228W,0,-8.190447,0.09928443282842636,0.9990000128746033,0.9063000082969666
YNR032C-A,YDR091C,0,-8.191555,0.09927456825971603,0.9990000128746033,0.9064000248908997
YCL017C,YKR079C,0,-8.192554,0.0992647036910057,0.9990000128746033,0.906499981880188
YGR167W,YOL061W,0,-8.195161,0.09925484657287598,0.9990000128746033,0.9065999984741211
YAL025C,YDR297W,0,-8.196067,0.09924498200416565,0.9990000128746033,0.9067000150680542
YMR250W,YCL011C,0,-8.196596,0.09923512488603592,0.9990000128746033,0.9067999720573425
YNL111C,YPL221W,0,-8.197685,0.09922526776790619,0.9990000128746033,0.9068999886512756
YGR175C,YDR174W,0,-8.198231,0.09921541064977646,0.9990000128746033,0.9070000052452087
YGR204W,YDR486C,0,-8.198816,0.09920556098222733,0.9990000128746033,0.9071000218391418
YJL191W,YJR009C,0,-8.199489,0.09919571131467819,0.9990000128746033,0.9071999788284302
YPR010C,YDR289C,0,-8.2041855,0.09918586164712906,0.9990000128746033,0.9072999954223633
YDR142C,YKL212W,0,-8.20479,0.09917601197957993,0.9990000128746033,0.9074000120162964
YGL061C,YBR142W,0,-8.205409,0.09916616976261139,0.9990000128746033,0.9075000286102295
YBL098W,YKL060C,0,-8.206945,0.09915632754564285,0.9990000128746033,0.9075999855995178
YPR132W,YHR178W,0,-8.207828,0.09914648532867432,0.9990000128746033,0.9077000021934509
YHR148W,YGR048W,0,-8.208165,0.09913665056228638,0.9990000128746033,0.907800018787384
YJL157C,YGL229C,0,-8.2090435,0.09912680834531784,0.9990000128746033,0.9078999757766724
YDL031W,YKL099C,0,-8.212096,0.0991169735789299,0.9990000128746033,0.9079999923706055
YDL137W,YAL044C,0,-8.212731,0.09910714626312256,0.9990000128746033,0.9081000089645386
YOR206W,YMR060C,0,-8.215371,0.09909731149673462,0.9990000128746033,0.9082000255584717
YPR010C,YKR057W,0,-8.215851,0.09908748418092728,0.9990000128746033,0.90829998254776
YIL118W,YPR041W,0,-8.216655,0.09907765686511993,0.9990000128746033,0.9083999991416931
YLR285W,YLR197W,0,-8.216763,0.09906782954931259,0.9990000128746033,0.9085000157356262
YKR024C,YDL223C,0,-8.217011,0.09905800968408585,0.9990000128746033,0.9085999727249146
YGR225W,YNL061W,0,-8.218077,0.0990481823682785,0.9990000128746033,0.9086999893188477
YPR128C,YOR297C,0,-8.220194,0.09903836250305176,0.9990000128746033,0.9088000059127808
YNL239W,YDR062W,0,-8.222106,0.09902855008840561,0.9990000128746033,0.9089000225067139
YLR370C,YDR432W,0,-8.2228,0.09901873022317886,0.9990000128746033,0.9089999794960022
YLR163C,YCR053W,0,-8.223437,0.09900891780853271,0.9990000128746033,0.9090999960899353
YGL205W,YOR047C,0,-8.227423,0.09899910539388657,0.9990000128746033,0.9092000126838684
YLR078C,YKR039W,0,-8.22809,0.09898930042982101,0.9990000128746033,0.9093000292778015
YHR114W,YBR084W,0,-8.22927,0.09897948801517487,0.9990000128746033,0.9093999862670898
YMR319C,YOL038W,0,-8.230827,0.09896968305110931,0.9990000128746033,0.909500002861023
YDL083C,YHL025W,0,-8.235079,0.09895987808704376,0.9990000128746033,0.909600019454956
YER025W,YHL022C,0,-8.236755,0.09895008057355881,0.9990000128746033,0.9096999764442444
YFR021W,YEL056W,0,-8.237335,0.09894027560949326,0.9990000128746033,0.9097999930381775
YGL247W,YLR276C,0,-8.237865,0.0989304780960083,0.9990000128746033,0.9099000096321106
YGR200C,YGL028C,0,-8.238189,0.09892068803310394,0.9990000128746033,0.9100000262260437
YAL054C,YHR091C,0,-8.2391615,0.09891089051961899,0.9990000128746033,0.910099983215332
YDR294C,YBL061C,0,-8.239587,0.09890110045671463,0.9990000128746033,0.9101999998092651
YOR168W,YHR161C,0,-8.242172,0.09889131039381027,0.9990000128746033,0.9103000164031982
YDR148C,YHR027C,0,-8.246019,0.09888152033090591,0.9990000128746033,0.9103999733924866
YDL117W,YML073C,0,-8.246578,0.09887173026800156,0.9990000128746033,0.9104999899864197
YPL194W,YKL186C,0,-8.247402,0.0988619476556778,0.9990000128746033,0.9106000065803528
YDR188W,YHR116W,0,-8.247704,0.09885216504335403,0.9990000128746033,0.9107000231742859
YDR518W,YDL201W,0,-8.248995,0.09884238988161087,0.9990000128746033,0.9107999801635742
YHR092C,YOR063W,0,-8.251085,0.09883260726928711,0.9990000128746033,0.9108999967575073
YBL050W,YML058W,0,-8.252355,0.09882283210754395,0.9990000128746033,0.9110000133514404
YGR092W,YBL075C,0,-8.252754,0.09881305694580078,0.9990000128746033,0.9110999703407288
YDR420W,YDL055C,0,-8.255149,0.09880328178405762,0.9990000128746033,0.9111999869346619
YGR030C,YJR045C,0,-8.256461,0.09879351407289505,0.9990000128746033,0.911300003528595
YDR513W,YDR083W,0,-8.257027,0.09878374636173248,0.9990000128746033,0.9114000201225281
YMR055C,YBL039C,0,-8.257325,0.09877397865056992,0.9990000128746033,0.9114999771118164
YBL098W,YKR009C,0,-8.259163,0.09876421093940735,0.9990000128746033,0.9115999937057495
YEL050C,YJL098W,0,-8.259731,0.09875445067882538,0.9990000128746033,0.9117000102996826
YMR290C,YNL227C,0,-8.260187,0.09874469041824341,0.9990000128746033,0.9118000268936157
YDR258C,YML062C,0,-8.262489,0.09873493015766144,0.9990000128746033,0.911899983882904
YOR239W,YML120C,0,-8.26566,0.09872516989707947,0.9990000128746033,0.9120000004768372
YHR070W,YJL045W,0,-8.267895,0.0987154170870781,0.9990000128746033,0.9121000170707703
YHR075C,YCR106W,0,-8.268336,0.09870566427707672,0.9990000128746033,0.9121999740600586
YOL165C,YER122C,0,-8.2702675,0.09869591146707535,0.9990000128746033,0.9122999906539917
YGL055W,YNL267W,0,-8.272484,0.09868615865707397,0.9990000128746033,0.9124000072479248
YPL117C,YIL121W,0,-8.273878,0.0986764132976532,0.9990000128746033,0.9125000238418579
YDR214W,YDL029W,0,-8.275381,0.09866666793823242,0.9990000128746033,0.9125999808311462
YHR143W,YOR354C,0,-8.276084,0.09865692257881165,0.9990000128746033,0.9126999974250793
YIL121W,YDL112W,0,-8.276112,0.09864717721939087,0.9990000128746033,0.9128000140190125
YHR089C,YGR252W,0,-8.2768545,0.09863743931055069,0.9990000128746033,0.9128999710083008
YDR513W,YDR346C,0,-8.279306,0.09862770140171051,0.9990000128746033,0.9129999876022339
YMR239C,YCR083W,0,-8.279668,0.09861796349287033,0.9990000128746033,0.913100004196167
YDR184C,YJR118C,0,-8.2803335,0.09860823303461075,0.9990000128746033,0.9132000207901001
YJL101C,YHL006C,0,-8.280979,0.09859850257635117,0.9990000128746033,0.9132999777793884
YER009W,YGL208W,0,-8.281296,0.09858877211809158,0.9990000128746033,0.9133999943733215
YOR173W,YLR200W,0,-8.283847,0.098579041659832,0.9990000128746033,0.9135000109672546
YOR298W,YGL062W,0,-8.283966,0.09856931120157242,0.9990000128746033,0.9136000275611877
YLR449W,YPL254W,0,-8.28521,0.09855958819389343,0.9990000128746033,0.9136999845504761
YBR145W,YHR170W,0,-8.287575,0.09854986518621445,0.9990000128746033,0.9138000011444092
YNL268W,YDR392W,0,-8.28863,0.09854014962911606,0.9990000128746033,0.9139000177383423
YIR002C,YML024W,0,-8.2891035,0.09853042662143707,0.9990000128746033,0.9139999747276306
YBL015W,YPR074C,0,-8.291034,0.09852071106433868,0.9990000128746033,0.9140999913215637
YNL161W,YDR273W,0,-8.292593,0.0985109955072403,0.9990000128746033,0.9142000079154968
YHR042W,YPR182W,0,-8.293504,0.0985012799501419,0.9990000128746033,0.9143000245094299
YBL015W,YLR378C,0,-8.295074,0.09849157184362411,0.9990000128746033,0.9143999814987183
YLR397C,YEL062W,0,-8.296503,0.09848186373710632,0.9990000128746033,0.9144999980926514
YKL093W,YBR198C,0,-8.298629,0.09847215563058853,0.9990000128746033,0.9146000146865845
YJL003W,YPR154W,0,-8.299192,0.09846244752407074,0.9990000128746033,0.9146999716758728
YJL196C,YHR075C,0,-8.300741,0.09845274686813354,0.9990000128746033,0.9147999882698059
YIL079C,YBR193C,0,-8.30416,0.09844304621219635,0.9990000128746033,0.914900004863739
YDL055C,YOL125W,0,-8.304223,0.09843334555625916,0.9990000128746033,0.9150000214576721
YGR257C,YCR057C,0,-8.306545,0.09842364490032196,0.9990000128746033,0.9150999784469604
YER045C,YGL044C,0,-8.308359,0.09841395169496536,0.9990000128746033,0.9151999950408936
YOR310C,YNL248C,0,-8.308967,0.09840425848960876,0.9990000128746033,0.9153000116348267
YJL166W,YPR041W,0,-8.309145,0.09839456528425217,0.9990000128746033,0.9154000282287598
YDR414C,YLL041C,0,-8.310507,0.09838487207889557,0.9990000128746033,0.9154999852180481
YLR160C,YDR517W,0,-8.31079,0.09837518632411957,0.9990000128746033,0.9156000018119812
YIL110W,YBR089C-A,0,-8.3114395,0.09836550056934357,0.9990000128746033,0.9157000184059143
YDR258C,YJL124C,0,-8.311836,0.09835581481456757,0.9990000128746033,0.9157999753952026
YHL019C,YGL120C,0,-8.312057,0.09834612905979156,0.9990000128746033,0.9158999919891357
YKL004W,YKL190W,0,-8.315816,0.09833645075559616,0.9990000128746033,0.9160000085830688
YMR229C,YPL139C,0,-8.316664,0.09832677245140076,0.9990000128746033,0.916100025177002
YPR122W,YOL038W,0,-8.318604,0.09831709414720535,0.9990000128746033,0.9161999821662903
YLR330W,YBL039C,0,-8.318727,0.09830742329359055,0.9990000128746033,0.9162999987602234
YMR070W,YCR012W,0,-8.319109,0.09829774498939514,0.9990000128746033,0.9164000153541565
YAL051W,YDR469W,0,-8.320029,0.09828807413578033,0.9990000128746033,0.9164999723434448
YBR168W,YDL060W,0,-8.320157,0.09827840328216553,0.9990000128746033,0.9165999889373779
YJL061W,YKL148C,0,-8.320739,0.09826873987913132,0.9990000128746033,0.916700005531311
YOR267C,YDR397C,0,-8.323317,0.0982590764760971,0.9990000128746033,0.9168000221252441
YFL016C,YKL099C,0,-8.3238735,0.0982494130730629,0.9990000128746033,0.9168999791145325
YHR197W,YGR213C,0,-8.328363,0.09823974967002869,0.9990000128746033,0.9169999957084656
YBR145W,YJL093C,0,-8.33177,0.09823008626699448,0.9990000128746033,0.9171000123023987
YLR390W-A,YGL096W,0,-8.332217,0.09822043031454086,0.9990000128746033,0.9172000288963318
YFL016C,YIL031W,0,-8.333143,0.09821077436208725,0.9990000128746033,0.9172999858856201
YER167W,YGR162W,0,-8.3332615,0.09820111840963364,0.9990000128746033,0.9174000024795532
YKL085W,YCR084C,0,-8.33411,0.09819146990776062,0.9990000128746033,0.9175000190734863
YKR039W,YIL110W,0,-8.3363085,0.0981818214058876,0.9990000128746033,0.9175999760627747
YJR076C,YGR248W,0,-8.337421,0.09817217290401459,0.9990000128746033,0.9176999926567078
YDR040C,YER044C,0,-8.338586,0.09816252440214157,0.9990000128746033,0.9178000092506409
YBR296C,YKL099C,0,-8.339676,0.09815287590026855,0.9990000128746033,0.917900025844574
YHR194W,YPR016C,0,-8.340735,0.09814323484897614,0.9990000128746033,0.9179999828338623
YIL131C,YOR185C,0,-8.342495,0.09813359379768372,0.9990000128746033,0.9180999994277954
YOR002W,YPL239W,0,-8.344166,0.0981239527463913,0.9990000128746033,0.9182000160217285
YKL182W,YOR298W,0,-8.3455515,0.09811431914567947,0.9990000128746033,0.9182999730110168
YLR167W,YOR027W,0,-8.3456545,0.09810468554496765,0.9990000128746033,0.91839998960495
YBR036C,YNL153C,0,-8.346418,0.09809505194425583,0.9990000128746033,0.9185000061988831
YOR232W,YGR192C,0,-8.3514595,0.098085418343544,0.9990000128746033,0.9186000227928162
YNL223W,YKL014C,0,-8.353031,0.09807579219341278,0.9990000128746033,0.9186999797821045
YMR246W,YPL167C,0,-8.3574,0.09806616604328156,0.9990000128746033,0.9187999963760376
YLL001W,YPL087W,0,-8.362106,0.09805653989315033,0.9990000128746033,0.9189000129699707
YOR168W,YPR198W,0,-8.367884,0.0980469137430191,0.9990000128746033,0.9190000295639038
YER155C,YER127W,0,-8.367987,0.09803729504346848,0.9990000128746033,0.9190999865531921
YGL055W,YPR074C,0,-8.370389,0.09802766889333725,0.9990000128746033,0.9192000031471252
YDR436W,YKR056W,0,-8.37327,0.09801805019378662,0.9990000128746033,0.9193000197410583
YDR018C,YIL029C,0,-8.373308,0.09800843894481659,0.9990000128746033,0.9193999767303467
YCR005C,YJL001W,0,-8.373556,0.09799882024526596,0.9990000128746033,0.9194999933242798
YNR013C,YPR137W,0,-8.373964,0.09798920899629593,0.9990000128746033,0.9196000099182129
YLR205C,YOR254C,0,-8.377632,0.0979795977473259,0.9990000128746033,0.919700026512146
YIL101C,YMR241W,0,-8.378006,0.09796999394893646,0.9990000128746033,0.9197999835014343
YBR256C,YIL119C,0,-8.378292,0.09796038269996643,0.9990000128746033,0.9199000000953674
YOR275C,YHR021C,0,-8.38424,0.097950778901577,0.9990000128746033,0.9200000166893005
YLR129W,YJR022W,0,-8.387016,0.09794117510318756,0.9990000128746033,0.9200999736785889
YOR250C,YPL026C,0,-8.38919,0.09793157875537872,0.9990000128746033,0.920199990272522
YMR136W,YJL166W,0,-8.389757,0.09792197495698929,0.9990000128746033,0.9203000068664551
YNL073W,YBR169C,0,-8.391451,0.09791237860918045,0.9990000128746033,0.9204000234603882
YNL055C,YBR280C,0,-8.39469,0.09790278226137161,0.9990000128746033,0.9204999804496765
YLR110C,YGR132C,0,-8.395517,0.09789318591356277,0.9990000128746033,0.9205999970436096
YER073W,YIL117C,0,-8.396365,0.09788359701633453,0.9990000128746033,0.9207000136375427
YNL225C,YLR448W,0,-8.400278,0.09787400811910629,0.9990000128746033,0.920799970626831
YMR212C,YBR089C-A,0,-8.401775,0.09786441922187805,0.9990000128746033,0.9208999872207642
YJL168C,YGR248W,0,-8.402429,0.09785483032464981,0.9990000128746033,0.9210000038146973
YPL160W,YJR145C,0,-8.406826,0.09784524887800217,0.9990000128746033,0.9211000204086304
YKL043W,YDL055C,0,-8.406908,0.09783566743135452,0.9990000128746033,0.9211999773979187
YCR084C,YPL087W,0,-8.407944,0.09782608598470688,0.9990000128746033,0.9212999939918518
YPR110C,YGL129C,0,-8.411547,0.09781651198863983,0.9990000128746033,0.9214000105857849
YDR294C,YOR151C,0,-8.417032,0.09780693054199219,0.9990000128746033,0.921500027179718
YLR051C,YDL224C,0,-8.419143,0.09779735654592514,0.9990000128746033,0.9215999841690063
YLL035W,YPL196W,0,-8.419717,0.0977877825498581,0.9990000128746033,0.9217000007629395
YAL025C,YOR288C,0,-8.420096,0.09777821600437164,0.9990000128746033,0.9218000173568726
YNL173C,YNL160W,0,-8.421671,0.0977686420083046,0.9990000128746033,0.9218999743461609
YJL219W,YJL148W,0,-8.423147,0.09775907546281815,0.9990000128746033,0.921999990940094
YIR023W,YNL202W,0,-8.423469,0.0977495089173317,0.9990000128746033,0.9221000075340271
YMR038C,YNL294C,0,-8.424343,0.09773994982242584,0.9990000128746033,0.9222000241279602
YML069W,YLL024C,0,-8.426315,0.09773038327693939,0.9990000128746033,0.9222999811172485
YGR055W,YDR397C,0,-8.427606,0.09772082418203354,0.9990000128746033,0.9223999977111816
YGR244C,YPR101W,0,-8.429023,0.09771126508712769,0.9990000128746033,0.9225000143051147
YMR303C,YNR056C,0,-8.429336,0.09770171344280243,0.9990000128746033,0.9225999712944031
YPL119C,YLR150W,0,-8.431815,0.09769215434789658,0.9990000128746033,0.9226999878883362
YGR088W,YGR056W,0,-8.433975,0.09768260270357132,0.9990000128746033,0.9228000044822693
YOR099W,YDR045C,0,-8.435944,0.09767305105924606,0.9990000128746033,0.9229000210762024
YNL051W,YLR197W,0,-8.437601,0.0976635068655014,0.9990000128746033,0.9229999780654907
YDR353W,YJR103W,0,-8.438282,0.09765395522117615,0.9990000128746033,0.9230999946594238
YJL191W,YDR165W,0,-8.438856,0.09764441102743149,0.9990000128746033,0.9232000112533569
YDR461W,YLR009W,0,-8.4405575,0.09763487428426743,0.9990000128746033,0.92330002784729
YIL051C,YGR095C,0,-8.441967,0.09762533009052277,0.9990000128746033,0.9233999848365784
YHR086W,YNL002C,0,-8.442617,0.0976157933473587,0.9990000128746033,0.9235000014305115
YKR042W,YML131W,0,-8.443544,0.09760625660419464,0.9990000128746033,0.9236000180244446
YGR103W,YBR022W,0,-8.4443445,0.09759671986103058,0.9990000128746033,0.9236999750137329
YDR206W,YJL047C,0,-8.445929,0.09758718311786652,0.9990000128746033,0.923799991607666
YLL018C-A,YPR183W,0,-8.44877,0.09757765382528305,0.9990000128746033,0.9239000082015991
YDR345C,YJL121C,0,-8.450073,0.09756812453269958,0.9990000128746033,0.9240000247955322
YDR022C,YHR197W,0,-8.451413,0.09755859524011612,0.9990000128746033,0.9240999817848206
YDR236C,YBL004W,0,-8.451547,0.09754906594753265,0.9990000128746033,0.9241999983787537
YJR137C,YDL039C,0,-8.4522915,0.09753954410552979,0.9990000128746033,0.9243000149726868
YOR361C,YNL339C,0,-8.4553385,0.09753002226352692,0.9990000128746033,0.9243999719619751
YMR083W,YHR016C,0,-8.455749,0.09752050042152405,0.9990000128746033,0.9244999885559082
YNL020C,YHR055C,0,-8.456439,0.09751097857952118,0.9990000128746033,0.9246000051498413
YER045C,YGL166W,0,-8.45731,0.09750146418809891,0.9990000128746033,0.9247000217437744
YER042W,YKL148C,0,-8.45776,0.09749194979667664,0.9990000128746033,0.9247999787330627
YBR089C-A,YJR046W,0,-8.457776,0.09748243540525436,0.9990000128746033,0.9248999953269958
YOR206W,YOR380W,0,-8.459974,0.09747292101383209,0.9990000128746033,0.925000011920929
YAL009W,YDL201W,0,-8.462283,0.09746341407299042,0.9990000128746033,0.9251000285148621
YHR169W,YBL007C,0,-8.462309,0.09745390713214874,0.9990000128746033,0.9251999855041504
YIL085C,YLR197W,0,-8.465859,0.09744440019130707,0.9990000128746033,0.9253000020980835
YOR168W,YPL131W,0,-8.46646,0.09743490070104599,0.9990000128746033,0.9254000186920166
YNL209W,YNL244C,0,-8.467069,0.09742539376020432,0.9990000128746033,0.9254999756813049
YLR138W,YBR154C,0,-8.4679365,0.09741589426994324,0.9990000128746033,0.925599992275238
YLR219W,YHR048W,0,-8.469051,0.09740639477968216,0.9990000128746033,0.9257000088691711
YGL099W,YJL093C,0,-8.474033,0.09739690274000168,0.9990000128746033,0.9258000254631042
YOR026W,YGR248W,0,-8.475861,0.0973874032497406,0.9990000128746033,0.9258999824523926
YDL223C,YKR065C,0,-8.476589,0.09737791121006012,0.9990000128746033,0.9259999990463257
YCR093W,YNL113W,0,-8.476862,0.09736841917037964,0.9990000128746033,0.9261000156402588
YML113W,YMR058W,0,-8.478336,0.09735893458127975,0.9990000128746033,0.9261999726295471
YIL125W,YJR103W,0,-8.482014,0.09734944254159927,0.9990000128746033,0.9262999892234802
YER167W,YLR196W,0,-8.482326,0.09733995795249939,0.9990000128746033,0.9264000058174133
YDL166C,YOR206W,0,-8.485103,0.0973304733633995,0.9990000128746033,0.9265000224113464
YGR081C,YHR066W,0,-8.485203,0.09732099622488022,0.9990000128746033,0.9265999794006348
YNL130C,YNR038W,0,-8.486235,0.09731151163578033,0.9990000128746033,0.9266999959945679
YMR049C,YOR047C,0,-8.486763,0.09730203449726105,0.9990000128746033,0.926800012588501
YBR195C,YLR009W,0,-8.487448,0.09729255735874176,0.9990000128746033,0.9269000291824341
YML081C-A,YDL112W,0,-8.487671,0.09728308767080307,0.9990000128746033,0.9269999861717224
YKL026C,YOR036W,0,-8.493107,0.09727361053228378,0.9990000128746033,0.9271000027656555
YOR003W,YGL255W,0,-8.49534,0.09726414084434509,0.9990000128746033,0.9272000193595886
YER117W,YOR182C,0,-8.502212,0.0972546711564064,0.9990000128746033,0.927299976348877
YLR163C,YOR206W,0,-8.5070915,0.09724520891904831,0.9990000128746033,0.9273999929428101
YDR148C,YER154W,0,-8.508085,0.09723573923110962,0.9990000128746033,0.9275000095367432
YDL031W,YPR068C,0,-8.510051,0.09722627699375153,0.9990000128746033,0.9276000261306763
YGR204W,YBR240C,0,-8.511427,0.09721681475639343,0.9990000128746033,0.9276999831199646
YOR260W,YHR091C,0,-8.511902,0.09720735251903534,0.9990000128746033,0.9277999997138977
YAR015W,YKR059W,0,-8.51651,0.09719789773225784,0.9990000128746033,0.9279000163078308
YML128C,YDR251W,0,-8.519065,0.09718844294548035,0.9990000128746033,0.9279999732971191
YOR028C,YGL078C,0,-8.520477,0.09717898815870285,0.9990000128746033,0.9280999898910522
YGR029W,YJR132W,0,-8.520988,0.09716953337192535,0.9990000128746033,0.9282000064849854
YMR238W,YHR005C,0,-8.527166,0.09716008603572845,0.9990000128746033,0.9283000230789185
YGR280C,YOR256C,0,-8.527885,0.09715063869953156,0.9990000128746033,0.9283999800682068
YHR013C,YGR183C,0,-8.530676,0.09714119136333466,0.9990000128746033,0.9284999966621399
YKL179C,YHR075C,0,-8.532921,0.09713174402713776,0.9990000128746033,0.928600013256073
YDL029W,YNL241C,0,-8.533063,0.09712230414152145,0.9990000128746033,0.9286999702453613
YLR074C,YMR030W,0,-8.533933,0.09711286425590515,0.9990000128746033,0.9287999868392944
YPR110C,YFR003C,0,-8.535245,0.09710342437028885,0.9990000128746033,0.9289000034332275
YOR142W,YMR016C,0,-8.5366335,0.09709398448467255,0.9990000128746033,0.9290000200271606
YDL148C,YPL171C,0,-8.53706,0.09708454459905624,0.9990000128746033,0.929099977016449
YOR028C,YLR409C,0,-8.538025,0.09707511216402054,0.9990000128746033,0.9291999936103821
YGL092W,YGL030W,0,-8.546239,0.09706567972898483,0.9990000128746033,0.9293000102043152
YOR267C,YNL339C,0,-8.547626,0.09705625474452972,0.9990000128746033,0.9294000267982483
YGL167C,YDR297W,0,-8.548581,0.09704682230949402,0.9990000128746033,0.9294999837875366
YPL098C,YHR157W,0,-8.557241,0.09703739732503891,0.9990000128746033,0.9296000003814697
YNL292W,YLR150W,0,-8.55725,0.0970279723405838,0.9990000128746033,0.9297000169754028
YGR289C,YDR487C,0,-8.5614395,0.09701854735612869,0.9990000128746033,0.9297999739646912
YIL072W,YJL109C,0,-8.563569,0.09700912982225418,0.9990000128746033,0.9298999905586243
YHR019C,YMR229C,0,-8.563676,0.09699971228837967,0.9990000128746033,0.9300000071525574
YGL155W,YJR145C,0,-8.564394,0.09699029475450516,0.9990000128746033,0.9301000237464905
YJL198W,YPR041W,0,-8.566539,0.09698087722063065,0.9990000128746033,0.9301999807357788
YHR052W,YLR011W,0,-8.567282,0.09697145968675613,0.9990000128746033,0.9302999973297119
YDR039C,YJR009C,0,-8.569607,0.09696204960346222,0.9990000128746033,0.930400013923645
YPL160W,YDL224C,0,-8.57221,0.0969526395201683,0.9990000128746033,0.9304999709129333
YOR226C,YPL131W,0,-8.579215,0.09694322943687439,0.9990000128746033,0.9305999875068665
YKL021C,YLR382C,0,-8.581875,0.09693382680416107,0.9990000128746033,0.9307000041007996
YHL019C,YJL109C,0,-8.583685,0.09692441672086716,0.9990000128746033,0.9308000206947327
YJL125C,YJL148W,0,-8.584045,0.09691501408815384,0.9990000128746033,0.930899977684021
YKL060C,YMR135C,0,-8.58423,0.09690561890602112,0.9990000128746033,0.9309999942779541
YLR384C,YOR288C,0,-8.585329,0.0968962162733078,0.9990000128746033,0.9311000108718872
YMR042W,YBR126C,0,-8.585961,0.09688682109117508,0.9990000128746033,0.9312000274658203
YDR270W,YNL110C,0,-8.587113,0.09687742590904236,0.9990000128746033,0.9312999844551086
YDR329C,YJR063W,0,-8.587303,0.09686803072690964,0.9990000128746033,0.9314000010490417
YNR032C-A,YLR466W,0,-8.591805,0.09685863554477692,0.9990000128746033,0.9315000176429749
YHR096C,YHR005C-A,0,-8.59462,0.09684924781322479,0.9990000128746033,0.9315999746322632
YOR233W,YPL131W,0,-8.602188,0.09683986008167267,0.9990000128746033,0.9316999912261963
YIL037C,YIL029C,0,-8.603699,0.09683047235012054,0.9990000128746033,0.9318000078201294
YDL160C,YHR139C,0,-8.607914,0.09682109206914902,0.9990000128746033,0.9319000244140625
YOL082W,YJR019C,0,-8.607994,0.0968117043375969,0.9990000128746033,0.9319999814033508
YOL002C,YJL098W,0,-8.6081295,0.09680232405662537,0.9990000128746033,0.9320999979972839
YHR169W,YLR097C,0,-8.608257,0.09679294377565384,0.9990000128746033,0.932200014591217
YDL130W,YPL057C,0,-8.609718,0.09678357094526291,0.9990000128746033,0.9322999715805054
YIL118W,YOR230W,0,-8.610266,0.09677419066429138,0.9990000128746033,0.9323999881744385
YGR145W,YGL099W,0,-8.611009,0.09676481783390045,0.9990000128746033,0.9325000047683716
YOR185C,YPL016W,0,-8.611341,0.09675544500350952,0.9990000128746033,0.9326000213623047
YGR156W,YLR009W,0,-8.612492,0.09674607962369919,0.9990000128746033,0.932699978351593
YNL008C,YPR190C,0,-8.61278,0.09673670679330826,0.9990000128746033,0.9327999949455261
YGL020C,YCR028C-A,0,-8.612848,0.09672734141349792,0.9990000128746033,0.9329000115394592
YBR085W,YPL119C,0,-8.61358,0.09671797603368759,0.9990000128746033,0.9330000281333923
YOR313C,YDL060W,0,-8.616356,0.09670861810445786,0.9990000128746033,0.9330999851226807
YBR142W,YDL106C,0,-8.617324,0.09669925272464752,0.9990000128746033,0.9332000017166138
YJR143C,YPR190C,0,-8.618073,0.09668989479541779,0.9990000128746033,0.9333000183105469
YDR298C,YDL084W,0,-8.620756,0.09668053686618805,0.9990000128746033,0.9333999752998352
YJR121W,YHR005C,0,-8.621483,0.09667117893695831,0.9990000128746033,0.9334999918937683
YER119C,YHR005C,0,-8.62578,0.09666182845830917,0.9990000128746033,0.9336000084877014
YKL204W,YGR200C,0,-8.630352,0.09665247797966003,0.9990000128746033,0.9337000250816345
YLR205C,YLR335W,0,-8.630941,0.0966431275010109,0.9990000128746033,0.9337999820709229
YER159C,YCR044C,0,-8.631245,0.09663377702236176,0.9990000128746033,0.933899998664856
YCL025C,YNL209W,0,-8.632913,0.09662443399429321,0.9990000128746033,0.9340000152587891
YMR136W,YEL031W,0,-8.633707,0.09661508351564407,0.9990000128746033,0.9340999722480774
YKL182W,YNL030W,0,-8.634905,0.09660574048757553,0.9990000128746033,0.9341999888420105
YHR158C,YDR025W,0,-8.635542,0.09659640491008759,0.9990000128746033,0.9343000054359436
YPL170W,YJR097W,0,-8.635929,0.09658706188201904,0.9990000128746033,0.9344000220298767
YGR010W,YJL198W,0,-8.637947,0.0965777263045311,0.9990000128746033,0.934499979019165
YMR184W,YML113W,0,-8.639476,0.09656839072704315,0.9990000128746033,0.9345999956130981
YDL132W,YER019W,0,-8.64036,0.0965590551495552,0.9990000128746033,0.9347000122070312
YMR214W,YGL096W,0,-8.641592,0.09654972702264786,0.9990000128746033,0.9348000288009644
YBL022C,YGR085C,0,-8.6422205,0.09654039144515991,0.9990000128746033,0.9348999857902527
YPR001W,YPR112C,0,-8.6433525,0.09653106331825256,0.9990000128746033,0.9350000023841858
YOR274W,YBR069C,0,-8.64913,0.09652174264192581,0.9990000128746033,0.9351000189781189
YIL098C,YKL150W,0,-8.651106,0.09651241451501846,0.9990000128746033,0.9351999759674072
YNR054C,YOL009C,0,-8.653236,0.09650309383869171,0.9990000128746033,0.9352999925613403
YCL025C,YDR294C,0,-8.653427,0.09649377316236496,0.9990000128746033,0.9354000091552734
YOL001W,YNL113W,0,-8.657419,0.09648445248603821,0.9990000128746033,0.9355000257492065
YMR083W,YDR101C,0,-8.6580105,0.09647513180971146,0.9990000128746033,0.9355999827384949
YGL084C,YPL126W,0,-8.660203,0.0964658185839653,0.9990000128746033,0.935699999332428
YPL160W,YBR143C,0,-8.661132,0.09645650535821915,0.9990000128746033,0.9358000159263611
YDL031W,YNR047W,0,-8.661797,0.09644719213247299,0.9990000128746033,0.9358999729156494
YLR129W,YAL025C,0,-8.662521,0.09643787890672684,0.9990000128746033,0.9359999895095825
YHR092C,YGL018C,0,-8.663851,0.09642857313156128,0.9990000128746033,0.9361000061035156
YOR120W,YGL158W,0,-8.668752,0.09641926735639572,0.9990000128746033,0.9362000226974487
YPL179W,YJL148W,0,-8.671239,0.09640996158123016,0.9990000128746033,0.9362999796867371
YLR110C,YER002W,0,-8.671537,0.0964006558060646,0.9990000128746033,0.9363999962806702
YLR157C,YBR143C,0,-8.67173,0.09639135748147964,0.9990000128746033,0.9365000128746033
YER056C,YER089C,0,-8.673454,0.09638205170631409,0.9990000128746033,0.9366000294685364
YGR245C,YMR088C,0,-8.673768,0.09637275338172913,0.9990000128746033,0.9366999864578247
YDR005C,YLR009W,0,-8.677392,0.09636346250772476,0.9990000128746033,0.9368000030517578
YKL093W,YIL110W,0,-8.677559,0.0963541641831398,0.9990000128746033,0.9369000196456909
YOR099W,YKR056W,0,-8.679655,0.09634487330913544,0.9990000128746033,0.9369999766349792
YIL051C,YDR120C,0,-8.685472,0.09633558243513107,0.9990000128746033,0.9370999932289124
YOL151W,YDR404C,0,-8.687212,0.09632629156112671,0.9990000128746033,0.9372000098228455
YOR112W,YJR073C,0,-8.689112,0.09631700813770294,0.9990000128746033,0.9373000264167786
YOR145C,YIL105C,0,-8.692798,0.09630772471427917,0.9990000128746033,0.9373999834060669
YBL018C,YOR347C,0,-8.69294,0.09629844129085541,0.9990000128746033,0.9375
YJR069C,YKL009W,0,-8.695468,0.09628915786743164,0.9990000128746033,0.9376000165939331
YOR120W,YJL110C,0,-8.704125,0.09627987444400787,0.9990000128746033,0.9376999735832214
YNL256W,YMR197C,0,-8.705788,0.0962705984711647,0.9990000128746033,0.9377999901771545
YML080W,YDL230W,0,-8.706559,0.09626132249832153,0.9990000128746033,0.9379000067710876
YIL155C,YJR103W,0,-8.707499,0.09625204652547836,0.9990000128746033,0.9380000233650208
YAL007C,YNL202W,0,-8.712477,0.09624277800321579,0.9990000128746033,0.9380999803543091
YDL223C,YLR207W,0,-8.713823,0.09623350203037262,0.9990000128746033,0.9381999969482422
YHR001W-A,YHR084W,0,-8.714599,0.09622423350811005,0.9990000128746033,0.9383000135421753
YDR377W,YBR126C,0,-8.717286,0.09621496498584747,0.9990000128746033,0.9383999705314636
YGR254W,YDR297W,0,-8.71817,0.0962057039141655,0.9990000128746033,0.9384999871253967
YNR007C,YCL043C,0,-8.718908,0.09619643539190292,0.9990000128746033,0.9386000037193298
YER044C,YER001W,0,-8.720501,0.09618717432022095,0.9990000128746033,0.9387000203132629
YGR132C,YJL048C,0,-8.721247,0.09617791324853897,0.9990000128746033,0.9387999773025513
YLR276C,YDL100C,0,-8.722452,0.09616865962743759,0.9990000128746033,0.9388999938964844
YBL099W,YFL023W,0,-8.724018,0.09615939855575562,0.9990000128746033,0.9390000104904175
YDL007W,YOL020W,0,-8.724138,0.09615014493465424,0.9990000128746033,0.9391000270843506
YJL125C,YGL104C,0,-8.725679,0.09614089131355286,0.9990000128746033,0.9391999840736389
YER056C,YHR041C,0,-8.725891,0.09613163769245148,0.9990000128746033,0.939300000667572
YDR331W,YHR072W-A,0,-8.7286625,0.0961223915219307,0.9990000128746033,0.9394000172615051
YJR025C,YJR042W,0,-8.732166,0.09611314535140991,0.9990000128746033,0.9394999742507935
YGL006W,YPR187W,0,-8.733486,0.09610389918088913,0.9990000128746033,0.9395999908447266
YKL205W,YJR135W-A,0,-8.73406,0.09609465301036835,0.9990000128746033,0.9397000074386597
YGR254W,YNL119W,0,-8.736881,0.09608540683984756,0.9990000128746033,0.9398000240325928
YDR339C,YER006W,0,-8.741412,0.09607616811990738,0.9990000128746033,0.9398999810218811
YLR129W,YNL007C,0,-8.747622,0.0960669293999672,0.9990000128746033,0.9399999976158142
YBL023C,YBL039C,0,-8.748634,0.09605769068002701,0.9990000128746033,0.9401000142097473
YOR321W,YJL109C,0,-8.748767,0.09604845941066742,0.9990000128746033,0.9401999711990356
YER065C,YNL117W,0,-8.754702,0.09603922069072723,0.9990000128746033,0.9402999877929688
YKL172W,YMR229C,0,-8.754866,0.09602998942136765,0.9990000128746033,0.9404000043869019
YHR167W,YBR126C,0,-8.7680025,0.09602075815200806,0.9990000128746033,0.940500020980835
YAL040C,YER117W,0,-8.781208,0.09601153433322906,0.9990000128746033,0.9405999779701233
YKR024C,YDR456W,0,-8.781494,0.09600230306386948,0.9990000128746033,0.9406999945640564
YML110C,YOL071W,0,-8.784599,0.09599307924509048,0.9990000128746033,0.9408000111579895
YJL122W,YJL047C,0,-8.793118,0.09598385542631149,0.9990000128746033,0.9409000277519226
YIL079C,YBL039C,0,-8.79524,0.0959746390581131,0.9990000128746033,0.9409999847412109
YJL025W,YPL012W,0,-8.798405,0.0959654152393341,0.9990000128746033,0.941100001335144
YJL165C,YHR138C,0,-8.809336,0.09595619887113571,0.9990000128746033,0.9412000179290771
YIL149C,YOR098C,0,-8.809601,0.09594698250293732,0.9990000128746033,0.9412999749183655
YER127W,YKL212W,0,-8.811366,0.09593777358531952,0.9990000128746033,0.9413999915122986
YNL281W,YCR028C-A,0,-8.814668,0.09592855721712112,0.9990000128746033,0.9415000081062317
YLR129W,YHR041C,0,-8.822547,0.09591934829950333,0.9990000128746033,0.9416000247001648
YCR098C,YGR103W,0,-8.823083,0.09591013938188553,0.9990000128746033,0.9416999816894531
YML004C,YIR037W,0,-8.826091,0.09590093046426773,0.9990000128746033,0.9417999982833862
YER030W,YGL030W,0,-8.83135,0.09589172899723053,0.9990000128746033,0.9419000148773193
YLR074C,YIL098C,0,-8.832546,0.09588252007961273,0.9990000128746033,0.9419999718666077
YBL015W,YKR026C,0,-8.839377,0.09587331861257553,0.9990000128746033,0.9420999884605408
YIL121W,YDR087C,0,-8.841711,0.09586411714553833,0.9990000128746033,0.9422000050544739
YNL051W,YER006W,0,-8.842049,0.09585492312908173,0.9990000128746033,0.942300021648407
YML128C,YJR009C,0,-8.842904,0.09584572911262512,0.9990000128746033,0.9423999786376953
YGL180W,YPR110C,0,-8.846313,0.09583652764558792,0.9990000128746033,0.9424999952316284
YDR516C,YFL033C,0,-8.857042,0.09582734107971191,0.9990000128746033,0.9426000118255615
YDR518W,YDL148C,0,-8.8603325,0.09581814706325531,0.9990000128746033,0.9427000284194946
YKR079C,YMR104C,0,-8.86184,0.0958089604973793,0.9990000128746033,0.942799985408783
YPL270W,YML093W,0,-8.86221,0.0957997664809227,0.9990000128746033,0.9429000020027161
YDL085W,YGL037C,0,-8.862804,0.09579058736562729,0.9990000128746033,0.9430000185966492
YNL071W,YHR170W,0,-8.863699,0.09578140079975128,0.9990000128746033,0.9430999755859375
YOR261C,YBL004W,0,-8.863979,0.09577221423387527,0.9990000128746033,0.9431999921798706
YNL294C,YNL002C,0,-8.866287,0.09576303511857986,0.9990000128746033,0.9433000087738037
YPR190C,YKR081C,0,-8.872806,0.09575385600328445,0.9990000128746033,0.9434000253677368
YER036C,YFR008W,0,-8.873771,0.09574468433856964,0.9990000128746033,0.9434999823570251
YER025W,YNR049C,0,-8.880613,0.09573550522327423,0.9990000128746033,0.9435999989509583
YML008C,YPR010C,0,-8.88178,0.09572633355855942,0.9990000128746033,0.9437000155448914
YFL050C,YJR073C,0,-8.881948,0.0957171618938446,0.9990000128746033,0.9437999725341797
YPL100W,YMR136W,0,-8.88257,0.09570799022912979,0.9990000128746033,0.9438999891281128
YDR011W,YOR297C,0,-8.883294,0.09569881856441498,0.9990000128746033,0.9440000057220459
YDL148C,YOR063W,0,-8.883357,0.09568965435028076,0.9990000128746033,0.944100022315979
YCL059C,YGR077C,0,-8.884222,0.09568049013614655,0.9990000128746033,0.9441999793052673
YMR292W,YBR069C,0,-8.885027,0.09567132592201233,0.9990000128746033,0.9442999958992004
YDR216W,YGL187C,0,-8.886865,0.09566216915845871,0.9990000128746033,0.9444000124931335
YNR007C,YGL195W,0,-8.891086,0.0956530049443245,0.9990000128746033,0.9445000290870667
YPL262W,YDR148C,0,-8.893938,0.09564384818077087,0.9990000128746033,0.944599986076355
YLR002C,YBR294W,0,-8.898067,0.09563469141721725,0.9990000128746033,0.9447000026702881
YPL093W,YPL094C,0,-8.9011135,0.09562554210424423,0.9990000128746033,0.9448000192642212
YFR047C,YAL025C,0,-8.901205,0.09561638534069061,0.9990000128746033,0.9448999762535095
YPL075W,YEL020W-A,0,-8.90145,0.09560723602771759,0.9990000128746033,0.9449999928474426
YDL166C,YJR145C,0,-8.903215,0.09559808671474457,0.9990000128746033,0.9451000094413757
YEL054C,YDR447C,0,-8.907411,0.09558893740177155,0.9990000128746033,0.9452000260353088
YJL033W,YHR161C,0,-8.908649,0.09557979553937912,0.9990000128746033,0.9452999830245972
YML067C,YDL081C,0,-8.908941,0.0955706462264061,0.9990000128746033,0.9453999996185303
YLL009C,YPR112C,0,-8.915003,0.09556150436401367,0.9990000128746033,0.9455000162124634
YBR294W,YHR196W,0,-8.916458,0.09555236995220184,0.9990000128746033,0.9455999732017517
YHR072W,YMR281W,0,-8.921027,0.09554322808980942,0.9990000128746033,0.9456999897956848
YOR224C,YEL054C,0,-8.921665,0.09553409367799759,0.9990000128746033,0.9458000063896179
YKL150W,YBR030W,0,-8.922525,0.09552495926618576,0.9990000128746033,0.945900022983551
YJL060W,YBL064C,0,-8.925858,0.09551582485437393,0.9990000128746033,0.9459999799728394
YHR158C,YEL026W,0,-8.929553,0.0955066904425621,0.9990000128746033,0.9460999965667725
YLR207W,YBR169C,0,-8.931828,0.09549756348133087,0.9990000128746033,0.9462000131607056
YNL153C,YML091C,0,-8.932713,0.09548843652009964,0.9990000128746033,0.9463000297546387
YML042W,YLR286C,0,-8.933415,0.09547930955886841,0.9990000128746033,0.946399986743927
YDR297W,YMR260C,0,-8.93354,0.09547018259763718,0.9990000128746033,0.9465000033378601
YBR142W,YPR191W,0,-8.93503,0.09546106308698654,0.9990000128746033,0.9466000199317932
YBR247C,YAL023C,0,-8.9351,0.09545193612575531,0.9990000128746033,0.9466999769210815
YPR083W,YBR196C,0,-8.935138,0.09544281661510468,0.9990000128746033,0.9467999935150146
YDR151C,YNL036W,0,-8.937795,0.09543370455503464,0.9990000128746033,0.9469000101089478
YAL023C,YPR110C,0,-8.939543,0.095424585044384,0.9990000128746033,0.9470000267028809
YKL192C,YNL209W,0,-8.941012,0.09541547298431396,0.9990000128746033,0.9470999836921692
YPL240C,YKR097W,0,-8.944365,0.09540636092424393,0.9990000128746033,0.9472000002861023
YPL118W,YBR079C,0,-8.948753,0.09539724886417389,0.9990000128746033,0.9473000168800354
YPL265W,YER126C,0,-8.948891,0.09538814425468445,0.9990000128746033,0.9473999738693237
YDR382W,YJR049C,0,-8.950605,0.09537903219461441,0.9990000128746033,0.9474999904632568
YPL059W,YDR345C,0,-8.951242,0.09536992758512497,0.9990000128746033,0.9476000070571899
YMR173W,YJL157C,0,-8.954313,0.09536082297563553,0.9990000128746033,0.947700023651123
YCL001W,YHR196W,0,-8.955326,0.09535172581672668,0.9990000128746033,0.9477999806404114
YER020W,YLR275W,0,-8.956429,0.09534262120723724,0.9990000128746033,0.9478999972343445
YNL250W,YGR214W,0,-8.956949,0.0953335240483284,0.9990000128746033,0.9480000138282776
YPR132W,YDR394W,0,-8.957535,0.09532442688941956,0.9990000128746033,0.9480999708175659
YKL016C,YMR015C,0,-8.959736,0.09531532973051071,0.9990000128746033,0.948199987411499
YOL026C,YLR009W,0,-8.962032,0.09530624002218246,0.9990000128746033,0.9483000040054321
YPL266W,YER002W,0,-8.963015,0.09529715031385422,0.9990000128746033,0.9484000205993652
YNL111C,YGL094C,0,-8.963232,0.09528806060552597,0.9990000128746033,0.9484999775886536
YER003C,YDL039C,0,-8.966469,0.09527897089719772,0.9990000128746033,0.9485999941825867
YOR098C,YOR230W,0,-8.967212,0.09526988118886948,0.9990000128746033,0.9487000107765198
YGL062W,YGR095C,0,-8.9692745,0.09526079893112183,0.9990000128746033,0.9488000273704529
YDR294C,YER103W,0,-8.972589,0.09525171667337418,0.9990000128746033,0.9488999843597412
YPL170W,YKR056W,0,-8.972822,0.09524263441562653,0.9990000128746033,0.9490000009536743
YKL192C,YPR144C,0,-8.974524,0.09523355215787888,0.9990000128746033,0.9491000175476074
YBR068C,YOL138C,0,-8.975883,0.09522447735071182,0.9990000128746033,0.9491999745368958
YDR101C,YLR172C,0,-8.976076,0.09521540254354477,0.9990000128746033,0.9492999911308289
YNL156C,YOR095C,0,-8.979359,0.09520632773637772,0.9990000128746033,0.949400007724762
YEL012W,YOR359W,0,-8.979542,0.09519725292921066,0.9990000128746033,0.9495000243186951
YDR216W,YCL031C,0,-8.983523,0.0951881855726242,0.9990000128746033,0.9495999813079834
YPL221W,YBR089C-A,0,-8.983625,0.09517911821603775,0.9990000128746033,0.9496999979019165
YCR098C,YOR340C,0,-8.983631,0.0951700508594513,0.9990000128746033,0.9498000144958496
YOL016C,YNL119W,0,-8.985673,0.09516098350286484,0.9990000128746033,0.9498999714851379
YKR034W,YKR057W,0,-8.987984,0.09515191614627838,0.9990000128746033,0.949999988079071
YOL063C,YDL081C,0,-8.990911,0.09514285624027252,0.9990000128746033,0.9501000046730042
YMR136W,YDL013W,0,-8.991295,0.09513379633426666,0.9990000128746033,0.9502000212669373
YOL026C,YHR196W,0,-8.99182,0.0951247364282608,0.9990000128746033,0.9502999782562256
YDL178W,YBR142W,0,-8.993647,0.09511568397283554,0.9990000128746033,0.9503999948501587
YOR267C,YKL079W,0,-8.999437,0.09510662406682968,0.9990000128746033,0.9505000114440918
YEL012W,YLR020C,0,-8.999493,0.09509757161140442,0.9990000128746033,0.9506000280380249
YIL018W,YKL141W,0,-9.00046,0.09508851915597916,0.9990000128746033,0.9506999850273132
YKL152C,YOR137C,0,-9.00174,0.09507947415113449,0.9990000128746033,0.9508000016212463
YCR028C-A,YDL130W,0,-9.005184,0.09507042169570923,0.9990000128746033,0.9509000182151794
YPL093W,YMR197C,0,-9.005566,0.09506137669086456,0.9990000128746033,0.9509999752044678
YJL099W,YMR049C,0,-9.006438,0.0950523316860199,0.9990000128746033,0.9510999917984009
YPL266W,YLR219W,0,-9.008612,0.09504328668117523,0.9990000128746033,0.951200008392334
YHR204W,YDL153C,0,-9.017553,0.09503424912691116,0.9990000128746033,0.9513000249862671
YGL078C,YGR239C,0,-9.019027,0.0950252041220665,0.9990000128746033,0.9513999819755554
YDL097C,YLL041C,0,-9.019077,0.09501616656780243,0.9990000128746033,0.9514999985694885
YJL179W,YDL083C,0,-9.027494,0.09500712901353836,0.9990000128746033,0.9516000151634216
YDR184C,YOR354C,0,-9.035507,0.09499809890985489,0.9990000128746033,0.95169997215271
YOL064C,YLR466W,0,-9.039402,0.09498906880617142,0.9990000128746033,0.9517999887466431
YOR031W,YCR072C,0,-9.041671,0.09498003125190735,0.9990000128746033,0.9519000053405762
YMR014W,YGR128C,0,-9.042377,0.09497100114822388,0.9990000128746033,0.9520000219345093
YJL020C,YKR024C,0,-9.0424795,0.094961978495121,0.9990000128746033,0.9520999789237976
YOR209C,YAL051W,0,-9.045083,0.09495294839143753,0.9990000128746033,0.9521999955177307
YJR121W,YER049W,0,-9.047618,0.09494392573833466,0.9990000128746033,0.9523000121116638
YMR049C,YIL018W,0,-9.051989,0.09493490308523178,0.9990000128746033,0.9524000287055969
YER035W,YHR066W,0,-9.052311,0.0949258804321289,0.9990000128746033,0.9524999856948853
YDR516C,YGR178C,0,-9.052906,0.09491686522960663,0.9990000128746033,0.9526000022888184
YPL240C,YLR105C,0,-9.057161,0.09490785002708435,0.9990000128746033,0.9527000188827515
YJL122W,YJL166W,0,-9.058889,0.09489883482456207,0.9990000128746033,0.9527999758720398
YHR187W,YNL110C,0,-9.059304,0.0948898196220398,0.9990000128746033,0.9528999924659729
YER062C,YNL026W,0,-9.066375,0.09488080441951752,0.9990000128746033,0.953000009059906
YOL165C,YLR048W,0,-9.067563,0.09487179666757584,0.9990000128746033,0.9531000256538391
YMR128W,YLR205C,0,-9.068334,0.09486278891563416,0.9990000128746033,0.9531999826431274
YDR022C,YDR395W,0,-9.069628,0.09485378116369247,0.9990000128746033,0.9532999992370605
YFL059W,YGR094W,0,-9.086847,0.0948447734117508,0.9990000128746033,0.9534000158309937
YBR106W,YDR293C,0,-9.086998,0.09483577311038971,0.9990000128746033,0.953499972820282
YPR144C,YLR354C,0,-9.089401,0.09482676535844803,0.9990000128746033,0.9535999894142151
YGL078C,YMR243C,0,-9.091223,0.09481776505708694,0.9990000128746033,0.9537000060081482
YLR219W,YDR077W,0,-9.096395,0.09480877220630646,0.9990000128746033,0.9538000226020813
YDR424C,YKR081C,0,-9.096994,0.09479977190494537,0.9990000128746033,0.9538999795913696
YDL022W,YJL039C,0,-9.103043,0.09479077905416489,0.9990000128746033,0.9539999961853027
YFR030W,YKL145W,0,-9.105378,0.0947817862033844,0.9990000128746033,0.9541000127792358
YIL079C,YIL125W,0,-9.107702,0.09477279335260391,0.9990000128746033,0.954200029373169
YNL270C,YGR280C,0,-9.116129,0.09476380050182343,0.9990000128746033,0.9542999863624573
YDL192W,YKR076W,0,-9.120746,0.09475481510162354,0.9990000128746033,0.9544000029563904
YMR135C,YGR103W,0,-9.121111,0.09474582970142365,0.9990000128746033,0.9545000195503235
YPR183W,YPL026C,0,-9.121305,0.09473684430122375,0.9990000128746033,0.9545999765396118
YEL069C,YJL191W,0,-9.122441,0.09472785890102386,0.9990000128746033,0.9546999931335449
YLR060W,YKR046C,0,-9.12694,0.09471888095140457,0.9990000128746033,0.954800009727478
YOR185C,YJR035W,0,-9.127077,0.09470989555120468,0.9990000128746033,0.9549000263214111
YPL135W,YMR229C,0,-9.127396,0.09470091760158539,0.9990000128746033,0.9549999833106995
YER054C,YKL014C,0,-9.128994,0.0946919396519661,0.9990000128746033,0.9550999999046326
YER126C,YOR122C,0,-9.13677,0.0946829691529274,0.9990000128746033,0.9552000164985657
YNL112W,YOR359W,0,-9.1382,0.0946739986538887,0.9990000128746033,0.955299973487854
YMR128W,YIL098C,0,-9.141733,0.09466502070426941,0.9990000128746033,0.9553999900817871
YPL266W,YDR059C,0,-9.144233,0.09465605765581131,0.9990000128746033,0.9555000066757202
YPR002W,YDR346C,0,-9.144683,0.09464708715677261,0.9990000128746033,0.9556000232696533
YDL083C,YIL022W,0,-9.144911,0.09463812410831451,0.9990000128746033,0.9556999802589417
YAL003W,YER025W,0,-9.148209,0.09462915360927582,0.9990000128746033,0.9557999968528748
YMR303C,YNL244C,0,-9.150774,0.09462019056081772,0.9990000128746033,0.9559000134468079
YMR136W,YOR036W,0,-9.15288,0.09461123496294022,0.9990000128746033,0.9559999704360962
YDR182W,YGR103W,0,-9.15303,0.09460227191448212,0.9990000128746033,0.9560999870300293
YDR492W,YOR313C,0,-9.153679,0.09459331631660461,0.9990000128746033,0.9562000036239624
YOR078W,YDL181W,0,-9.15764,0.09458436071872711,0.9990000128746033,0.9563000202178955
YOR123C,YBR169C,0,-9.159676,0.09457540512084961,0.9990000128746033,0.9563999772071838
YLL008W,YNL280C,0,-9.161542,0.0945664495229721,0.9990000128746033,0.9564999938011169
YPL171C,YHL024W,0,-9.161915,0.0945575013756752,0.9990000128746033,0.95660001039505
YNL274C,YGL129C,0,-9.165581,0.0945485532283783,0.9990000128746033,0.9567000269889832
YBL050W,YDR120C,0,-9.167889,0.09453960508108139,0.9990000128746033,0.9567999839782715
YJR073C,YLR442C,0,-9.171479,0.09453065693378448,0.9990000128746033,0.9569000005722046
YOL077C,YNL253W,0,-9.172188,0.09452171623706818,0.9990000128746033,0.9570000171661377
YMR092C,YIL052C,0,-9.175609,0.09451277554035187,0.9990000128746033,0.957099974155426
YMR290C,YJL219W,0,-9.18114,0.09450383484363556,0.9990000128746033,0.9571999907493591
YFR030W,YBR088C,0,-9.184936,0.09449489414691925,0.9990000128746033,0.9573000073432922
YBR142W,YIL070C,0,-9.185693,0.09448595345020294,0.9990000128746033,0.9574000239372253
YOR208W,YEL054C,0,-9.187268,0.09447702020406723,0.9990000128746033,0.9574999809265137
YJR063W,YMR260C,0,-9.188125,0.09446808695793152,0.9990000128746033,0.9575999975204468
YLR006C,YMR093W,0,-9.189426,0.0944591537117958,0.9990000128746033,0.9577000141143799
YLR186W,YHR161C,0,-9.190632,0.0944502204656601,0.9990000128746033,0.9577999711036682
YPL146C,YLR372W,0,-9.192636,0.09444129467010498,0.9990000128746033,0.9578999876976013
YAL054C,YJL124C,0,-9.192888,0.09443236887454987,0.9990000128746033,0.9580000042915344
YFR053C,YDL170W,0,-9.193373,0.09442344307899475,0.9990000128746033,0.9581000208854675
YDR490C,YDR083W,0,-9.197331,0.09441451728343964,0.9990000128746033,0.9581999778747559
YDL029W,YNL244C,0,-9.200983,0.09440559148788452,0.9990000128746033,0.958299994468689
YFL033C,YBR079C,0,-9.206976,0.09439667314291,0.9990000128746033,0.9584000110626221
YPR193C,YBR196C,0,-9.21169,0.09438775479793549,0.9990000128746033,0.9585000276565552
YJR042W,YPL026C,0,-9.213473,0.09437883645296097,0.9990000128746033,0.9585999846458435
YIR037W,YBR118W,0,-9.2186165,0.09436992555856705,0.9990000128746033,0.9587000012397766
YHR034C,YBL039C,0,-9.22023,0.09436100721359253,0.9990000128746033,0.9588000178337097
YBR026C,YDR394W,0,-9.223689,0.09435209631919861,0.9990000128746033,0.958899974822998
YDR346C,YJR009C,0,-9.227296,0.09434318542480469,0.9990000128746033,0.9589999914169312
YOL060C,YNL113W,0,-9.228109,0.09433427453041077,0.9990000128746033,0.9591000080108643
YCR047C,YOR329C,0,-9.229361,0.09432537108659744,0.9990000128746033,0.9592000246047974
YOR005C,YER062C,0,-9.232138,0.09431646764278412,0.9990000128746033,0.9592999815940857
YHR094C,YDR086C,0,-9.235852,0.0943075641989708,0.9990000128746033,0.9593999981880188
YDR206W,YAL030W,0,-9.243945,0.09429866075515747,0.9990000128746033,0.9595000147819519
YFL039C,YKL035W,0,-9.245437,0.09428975731134415,0.9990000128746033,0.9595999717712402
YMR049C,YMR302C,0,-9.252132,0.09428086131811142,0.9990000128746033,0.9596999883651733
YML004C,YGL255W,0,-9.252664,0.09427196532487869,0.9990000128746033,0.9598000049591064
YDR517W,YNL239W,0,-9.254543,0.09426306933164597,0.9990000128746033,0.9599000215530396
YNL111C,YOR224C,0,-9.258226,0.09425417333841324,0.9990000128746033,0.9599999785423279
YNR043W,YEL024W,0,-9.263205,0.09424528479576111,0.9990000128746033,0.960099995136261
YDR273W,YJL109C,0,-9.264111,0.09423639625310898,0.9990000128746033,0.9602000117301941
YIL044C,YLR158C,0,-9.265661,0.09422750771045685,0.9990000128746033,0.9603000283241272
YER143W,YLR130C,0,-9.266827,0.09421861916780472,0.9990000128746033,0.9603999853134155
YLR390W-A,YKL170W,0,-9.268068,0.09420973062515259,0.9990000128746033,0.9605000019073486
YJR155W,YHR021C,0,-9.271367,0.09420084953308105,0.9990000128746033,0.9606000185012817
YLR160C,YBR050C,0,-9.276584,0.09419196844100952,0.9990000128746033,0.9606999754905701
YHR052W,YGR165W,0,-9.278296,0.09418308734893799,0.9990000128746033,0.9607999920845032
YNR002C,YDL198C,0,-9.27893,0.09417420625686646,0.9990000128746033,0.9609000086784363
YML013W,YDR165W,0,-9.28237,0.09416533261537552,0.9990000128746033,0.9610000252723694
YBR029C,YNL112W,0,-9.287366,0.09415645897388458,0.9990000128746033,0.9610999822616577
YLR158C,YML004C,0,-9.292294,0.09414758533239365,0.9990000128746033,0.9611999988555908
YLR157C,YMR212C,0,-9.293624,0.09413871169090271,0.9990000128746033,0.9613000154495239
YML123C,YDR404C,0,-9.306006,0.09412983804941177,0.9990000128746033,0.9613999724388123
YML007W,YDR259C,0,-9.306271,0.09412097185850143,0.9990000128746033,0.9614999890327454
YDL113C,YLR048W,0,-9.30882,0.0941121056675911,0.9990000128746033,0.9616000056266785
YHR194W,YJR009C,0,-9.312954,0.09410323947668076,0.9990000128746033,0.9617000222206116
YKL068W,YHR075C,0,-9.31338,0.09409437328577042,0.9990000128746033,0.9617999792098999
YHR089C,YOL060C,0,-9.313663,0.09408551454544067,0.9990000128746033,0.961899995803833
YAL054C,YPL224C,0,-9.316015,0.09407665580511093,0.9990000128746033,0.9620000123977661
YCR088W,YDR120C,0,-9.319342,0.09406779706478119,0.9990000128746033,0.9621000289916992
YHR075C,YPR125W,0,-9.319765,0.09405893832445145,0.9990000128746033,0.9621999859809875
YMR116C,YMR021C,0,-9.322081,0.0940500870347023,0.9990000128746033,0.9623000025749207
YGL011C,YMR093W,0,-9.328116,0.09404122829437256,0.9990000128746033,0.9624000191688538
YLR377C,YPL146C,0,-9.328329,0.09403237700462341,0.9990000128746033,0.9624999761581421
YJL003W,YAL012W,0,-9.335424,0.09402352571487427,0.9990000128746033,0.9625999927520752
YOR078W,YLR216C,0,-9.335437,0.09401468187570572,0.9990000128746033,0.9627000093460083
YNR044W,YOR100C,0,-9.340092,0.09400583058595657,0.9990000128746033,0.9628000259399414
YMR015C,YPL121C,0,-9.340124,0.09399698674678802,0.9990000128746033,0.9628999829292297
YCL017C,YBR079C,0,-9.340638,0.09398814290761948,0.9990000128746033,0.9629999995231628
YPL160W,YMR025W,0,-9.341106,0.09397930651903152,0.9990000128746033,0.963100016117096
YAL007C,YKL043W,0,-9.348131,0.09397046267986298,0.9990000128746033,0.9631999731063843
YER119C,YLR263W,0,-9.34877,0.09396162629127502,0.9990000128746033,0.9632999897003174
YJL125C,YGR183C,0,-9.349478,0.09395278990268707,0.9990000128746033,0.9634000062942505
YGL180W,YER110C,0,-9.349613,0.09394395351409912,0.9990000128746033,0.9635000228881836
YBR244W,YEL060C,0,-9.357531,0.09393511712551117,0.9990000128746033,0.9635999798774719
YOR209C,YBR169C,0,-9.35763,0.09392628818750381,0.9990000128746033,0.963699996471405
YDR492W,YER146W,0,-9.359016,0.09391745924949646,0.9990000128746033,0.9638000130653381
YHR058C,YGR248W,0,-9.360716,0.0939086303114891,0.9990000128746033,0.9639000296592712
YGL209W,YLR350W,0,-9.361313,0.09389980137348175,0.9990000128746033,0.9639999866485596
YLR372W,YKR056W,0,-9.376822,0.09389097988605499,0.9990000128746033,0.9641000032424927
YMR025W,YPL093W,0,-9.382277,0.09388215094804764,0.9990000128746033,0.9642000198364258
YGL065C,YBL075C,0,-9.383228,0.09387332946062088,0.9990000128746033,0.9642999768257141
YDL014W,YIL008W,0,-9.384309,0.09386451542377472,0.9990000128746033,0.9643999934196472
YMR290C,YJL001W,0,-9.389543,0.09385569393634796,0.9990000128746033,0.9645000100135803
YAL025C,YAL030W,0,-9.391551,0.0938468798995018,0.9990000128746033,0.9646000266075134
YHL048W,YLL012W,0,-9.3925705,0.09383805841207504,0.9990000128746033,0.9646999835968018
YGR204W,YLR377C,0,-9.397314,0.09382924437522888,0.9990000128746033,0.9648000001907349
YPL075W,YDR059C,0,-9.398701,0.09382043778896332,0.9990000128746033,0.964900016784668
YML078W,YKL148C,0,-9.400392,0.09381162375211716,0.9990000128746033,0.9649999737739563
YDR517W,YGL236C,0,-9.411995,0.09380281716585159,0.9990000128746033,0.9650999903678894
YLR158C,YNL123W,0,-9.413788,0.09379401057958603,0.9990000128746033,0.9652000069618225
YOL147C,YGR020C,0,-9.418009,0.09378520399332047,0.9990000128746033,0.9653000235557556
YML078W,YHR196W,0,-9.418733,0.0937763974070549,0.9990000128746033,0.965399980545044
YKL186C,YIL007C,0,-9.419685,0.09376759827136993,0.9990000128746033,0.965499997138977
YGL068W,YAL023C,0,-9.422298,0.09375879913568497,0.9990000128746033,0.9656000137329102
YKR066C,YGR245C,0,-9.423985,0.09375,0.9990000128746033,0.9656999707221985
YMR250W,YKL006C-A,0,-9.426173,0.09374120086431503,0.9990000128746033,0.9657999873161316
YML092C,YEL012W,0,-9.42859,0.09373240917921066,0.9990000128746033,0.9659000039100647
YNL061W,YDL130W,0,-9.43433,0.09372361749410629,0.9990000128746033,0.9660000205039978
YPR128C,YJR073C,0,-9.4347725,0.09371481835842133,0.9990000128746033,0.9660999774932861
YFL023W,YDR178W,0,-9.435836,0.09370603412389755,0.9990000128746033,0.9661999940872192
YLR074C,YML073C,0,-9.4387245,0.09369724243879318,0.9990000128746033,0.9663000106811523
YER054C,YJL063C,0,-9.441851,0.09368845820426941,0.9990000128746033,0.9664000272750854
YDR060W,YDR055W,0,-9.444743,0.09367966651916504,0.9990000128746033,0.9664999842643738
YCR088W,YDL014W,0,-9.447704,0.09367088973522186,0.9990000128746033,0.9666000008583069
YIL125W,YPL087W,0,-9.447887,0.09366210550069809,0.9990000128746033,0.96670001745224
YNR054C,YLR167W,0,-9.454993,0.09365332126617432,0.9990000128746033,0.9667999744415283
YGR108W,YGL209W,0,-9.45609,0.09364454448223114,0.9990000128746033,0.9668999910354614
YPL043W,YKR065C,0,-9.464166,0.09363576769828796,0.9990000128746033,0.9670000076293945
YGR083C,YDL198C,0,-9.47707,0.09362699091434479,0.9990000128746033,0.9671000242233276
YCR005C,YJL141C,0,-9.477953,0.09361821413040161,0.9990000128746033,0.967199981212616
YKL062W,YDL213C,0,-9.479078,0.09360944479703903,0.9990000128746033,0.9672999978065491
YFR024C-A,YOR182C,0,-9.47947,0.09360067546367645,0.9990000128746033,0.9674000144004822
YAL003W,YLR186W,0,-9.479774,0.09359190613031387,0.9990000128746033,0.9674999713897705
YJL191W,YKL130C,0,-9.482125,0.0935831367969513,0.9990000128746033,0.9675999879837036
YAL010C,YPR010C,0,-9.483805,0.09357437491416931,0.9990000128746033,0.9677000045776367
YGR103W,YDL083C,0,-9.485604,0.09356560558080673,0.9990000128746033,0.9678000211715698
YGR254W,YDR529C,0,-9.493222,0.09355684369802475,0.9990000128746033,0.9678999781608582
YHR194W,YJL069C,0,-9.497165,0.09354808181524277,0.9990000128746033,0.9679999947547913
YKL185W,YGR159C,0,-9.501286,0.09353932738304138,0.9990000128746033,0.9681000113487244
YCR005C,YOL117W,0,-9.502632,0.0935305655002594,0.9990000128746033,0.9682000279426575
YLR157C,YFL024C,0,-9.502657,0.09352181106805801,0.9990000128746033,0.9682999849319458
YLR110C,YHR170W,0,-9.505566,0.09351305663585663,0.9990000128746033,0.9684000015258789
YLR205C,YPR110C,0,-9.5096245,0.09350430220365524,0.9990000128746033,0.968500018119812
YNL142W,YML016C,0,-9.511469,0.09349555522203445,0.9990000128746033,0.9685999751091003
YLR133W,YPL237W,0,-9.512567,0.09348680824041367,0.9990000128746033,0.9686999917030334
YMR049C,YDL135C,0,-9.513094,0.09347805380821228,0.9990000128746033,0.9688000082969666
YNL242W,YKR057W,0,-9.514243,0.09346931427717209,0.9990000128746033,0.9689000248908997
YPR190C,YBR143C,0,-9.514305,0.0934605672955513,0.9990000128746033,0.968999981880188
YGL068W,YDL148C,0,-9.515959,0.09345182776451111,0.9990000128746033,0.9690999984741211
YFL014W,YMR224C,0,-9.516292,0.09344308078289032,0.9990000128746033,0.9692000150680542
YGR239C,YGR085C,0,-9.517255,0.09343434125185013,0.9990000128746033,0.9692999720573425
YGR044C,YJL190C,0,-9.5192585,0.09342560917139053,0.9990000128746033,0.9693999886512756
YAL059W,YPR191W,0,-9.525984,0.09341686964035034,0.9990000128746033,0.9695000052452087
YOR001W,YMR104C,0,-9.530126,0.09340813755989075,0.9990000128746033,0.9696000218391418
YOR206W,YPR198W,0,-9.53326,0.09339939802885056,0.9990000128746033,0.9696999788284302
YPL006W,YOL097C,0,-9.533762,0.09339067339897156,0.9990000128746033,0.9697999954223633
YNL268W,YBR126C,0,-9.537779,0.09338194131851196,0.9990000128746033,0.9699000120162964
YOL002C,YDR087C,0,-9.540254,0.09337320923805237,0.9990000128746033,0.9700000286102295
YHL024W,YNL138W,0,-9.541616,0.09336448460817337,0.9990000128746033,0.9700999855995178
YOR099W,YDL060W,0,-9.548687,0.09335575997829437,0.9990000128746033,0.9702000021934509
YEL071W,YIR037W,0,-9.554939,0.09334703534841537,0.9990000128746033,0.970300018787384
YOR335C,YDR259C,0,-9.557113,0.09333831816911697,0.9990000128746033,0.9703999757766724
YPR008W,YOR182C,0,-9.557592,0.09332959353923798,0.9990000128746033,0.9704999923706055
YLR060W,YDL120W,0,-9.558621,0.09332087635993958,0.9990000128746033,0.9706000089645386
YKL085W,YJR103W,0,-9.559527,0.09331215918064117,0.9990000128746033,0.9707000255584717
YCL038C,YGR155W,0,-9.561775,0.09330344945192337,0.9990000128746033,0.97079998254776
YGL030W,YDL060W,0,-9.5757,0.09329473227262497,0.9990000128746033,0.9708999991416931
YDR077W,YOR089C,0,-9.576811,0.09328602254390717,0.9990000128746033,0.9710000157356262
YPR086W,YBR183W,0,-9.576833,0.09327731281518936,0.9990000128746033,0.9710999727249146
YLR372W,YNL241C,0,-9.581008,0.09326860308647156,0.9990000128746033,0.9711999893188477
YFR024C-A,YNR046W,0,-9.581258,0.09325989335775375,0.9990000128746033,0.9713000059127808
YER143W,YKR059W,0,-9.5813465,0.09325119107961655,0.9990000128746033,0.9714000225067139
YDL223C,YGR178C,0,-9.58156,0.09324248880147934,0.9990000128746033,0.9714999794960022
YKL141W,YDL201W,0,-9.582563,0.09323378652334213,0.9990000128746033,0.9715999960899353
YDR516C,YBR088C,0,-9.587906,0.09322508424520493,0.9990000128746033,0.9717000126838684
YNL112W,YHL034C,0,-9.600952,0.09321638196706772,0.9990000128746033,0.9718000292778015
YML006C,YDL014W,0,-9.601354,0.09320768713951111,0.9990000128746033,0.9718999862670898
YER056C,YDL090C,0,-9.60417,0.0931989923119545,0.9990000128746033,0.972000002861023
YDR517W,YPL146C,0,-9.605713,0.09319029748439789,0.9990000128746033,0.972100019454956
YLL060C,YPL146C,0,-9.606782,0.09318160265684128,0.9990000128746033,0.9721999764442444
YNL071W,YNL248C,0,-9.611654,0.09317291527986526,0.9990000128746033,0.9722999930381775
YKR076W,YML007W,0,-9.616702,0.09316422790288925,0.9990000128746033,0.9724000096321106
YHR027C,YBR169C,0,-9.62602,0.09315554052591324,0.9990000128746033,0.9725000262260437
YNR038W,YMR136W,0,-9.626208,0.09314685314893723,0.9990000128746033,0.972599983215332
YPL149W,YBR169C,0,-9.628754,0.09313816577196121,0.9990000128746033,0.9726999998092651
YDR236C,YOR182C,0,-9.630701,0.0931294858455658,0.9990000128746033,0.9728000164031982
YMR049C,YER162C,0,-9.631113,0.09312080591917038,0.9990000128746033,0.9728999733924866
YBR256C,YPL019C,0,-9.632381,0.09311212599277496,0.9990000128746033,0.9729999899864197
YNL248C,YDR247W,0,-9.633719,0.09310344606637955,0.9990000128746033,0.9731000065803528
YAL040C,YDL208W,0,-9.643389,0.09309477359056473,0.9990000128746033,0.9732000231742859
YLR196W,YCR067C,0,-9.644114,0.09308610111474991,0.9990000128746033,0.9732999801635742
YOR168W,YPR005C,0,-9.647383,0.09307742118835449,0.9990000128746033,0.9733999967575073
YPL154C,YDR418W,0,-9.6485195,0.09306875616312027,0.9990000128746033,0.9735000133514404
YPR020W,YPL265W,0,-9.652901,0.09306008368730545,0.9990000128746033,0.9735999703407288
YDR174W,YPL240C,0,-9.652969,0.09305141866207123,0.9990000128746033,0.9736999869346619
YGL097W,YPR140W,0,-9.6566725,0.09304274618625641,0.9990000128746033,0.973800003528595
YBR085W,YKL150W,0,-9.664127,0.09303408116102219,0.9990000128746033,0.9739000201225281
YBR272C,YJL191W,0,-9.665754,0.09302542358636856,0.9990000128746033,0.9739999771118164
YHR116W,YER006W,0,-9.6681185,0.09301675856113434,0.9990000128746033,0.9740999937057495
YNR038W,YDR211W,0,-9.669792,0.09300810098648071,0.9990000128746033,0.9742000102996826
YLR129W,YGR048W,0,-9.670971,0.09299944341182709,0.9990000128746033,0.9743000268936157
YOR371C,YER062C,0,-9.672022,0.09299078583717346,0.9990000128746033,0.974399983882904
YGR204W,YDR177W,0,-9.673017,0.09298212826251984,0.9990000128746033,0.9745000004768372
YMR303C,YKL148C,0,-9.675475,0.09297347813844681,0.9990000128746033,0.9746000170707703
YDR297W,YOL129W,0,-9.678687,0.09296482056379318,0.9990000128746033,0.9746999740600586
YGL120C,YDL083C,0,-9.679213,0.09295617043972015,0.9990000128746033,0.9747999906539917
YLL001W,YNL248C,0,-9.681606,0.09294752776622772,0.9990000128746033,0.9749000072479248
YCL027W,YGR248W,0,-9.682697,0.0929388776421547,0.9990000128746033,0.9750000238418579
YOL077C,YLR201C,0,-9.686945,0.09293023496866226,0.9990000128746033,0.9750999808311462
YML123C,YJR045C,0,-9.68803,0.09292159229516983,0.9990000128746033,0.9751999974250793
YKL185W,YPL093W,0,-9.70289,0.0929129496216774,0.9990000128746033,0.9753000140190125
YLR158C,YHR021C,0,-9.707785,0.09290430694818497,0.9990000128746033,0.9753999710083008
YDR085C,YLR221C,0,-9.710966,0.09289566427469254,0.9990000128746033,0.9754999876022339
YER159C,YOR095C,0,-9.711903,0.0928870290517807,0.9990000128746033,0.975600004196167
YJR121W,YOL097C,0,-9.715624,0.09287839382886887,0.9990000128746033,0.9757000207901001
YJL080C,YKL193C,1,-9.720125,0.09296271950006485,1.0,0.9757000207901001
YKL085W,YJR063W,0,-9.720442,0.09295408427715302,1.0,0.9757999777793884
YPR068C,YHR197W,0,-9.731603,0.09294544160366058,1.0,0.9758999943733215
YPR100W,YOR182C,0,-9.733454,0.09293680638074875,1.0,0.9760000109672546
YLR401C,YEL013W,0,-9.739144,0.09292816370725632,1.0,0.9761000275611877
YPL093W,YGL037C,0,-9.744444,0.09291952848434448,1.0,0.9761999845504761
YJL122W,YKR014C,0,-9.7560625,0.09291090071201324,1.0,0.9763000011444092
YDR335W,YLR002C,0,-9.761184,0.09290226548910141,1.0,0.9764000177383423
YOR046C,YBR280C,0,-9.764113,0.09289363771677017,1.0,0.9764999747276306
YGR044C,YDR398W,0,-9.767816,0.09288500994443893,1.0,0.9765999913215637
YJL033W,YAL016W,0,-9.768458,0.0928763821721077,1.0,0.9767000079154968
YMR246W,YLL012W,0,-9.7692375,0.09286775439977646,1.0,0.9768000245094299
YHR170W,YML123C,0,-9.771875,0.09285913407802582,1.0,0.9768999814987183
YBR036C,YER126C,0,-9.77561,0.09285051375627518,1.0,0.9769999980926514
YNL036W,YNL160W,0,-9.776373,0.09284189343452454,1.0,0.9771000146865845
YDR492W,YER117W,0,-9.777671,0.0928332731127739,1.0,0.9771999716758728
YOR142W,YDR297W,0,-9.784524,0.09282465279102325,1.0,0.9772999882698059
YLL008W,YGR193C,0,-9.786803,0.09281603991985321,1.0,0.977400004863739
YER002W,YMR093W,0,-9.78841,0.09280742704868317,1.0,0.9775000214576721
YBL041W,YGR248W,0,-9.79503,0.09279881417751312,1.0,0.9775999784469604
YMR083W,YHR075C,0,-9.801598,0.09279020130634308,1.0,0.9776999950408936
YGL104C,YER072W,0,-9.8034525,0.09278158843517303,1.0,0.9778000116348267
YGR254W,YHR139C,0,-9.803752,0.09277298301458359,1.0,0.9779000282287598
YKL152C,YGR077C,0,-9.810951,0.09276437759399414,1.0,0.9779999852180481
YKR034W,YML024W,0,-9.818104,0.0927557721734047,1.0,0.9781000018119812
YPL265W,YCL059C,0,-9.822921,0.09274717420339584,1.0,0.9782000184059143
YGR088W,YCR073C,0,-9.823668,0.0927385687828064,1.0,0.9782999753952026
YKR067W,YOL039W,0,-9.830986,0.09272997081279755,1.0,0.9783999919891357
YGR088W,YGL006W,0,-9.833868,0.0927213728427887,1.0,0.9785000085830688
YJR025C,YGL246C,0,-9.835063,0.09271277487277985,1.0,0.978600025177002
YNL127W,YMR290C,0,-9.841369,0.09270418435335159,1.0,0.9786999821662903
YNL112W,YGR028W,0,-9.843533,0.09269558638334274,1.0,0.9787999987602234
YOL144W,YML123C,0,-9.846232,0.09268699586391449,1.0,0.9789000153541565
YDL174C,YLR060W,0,-9.851582,0.09267840534448624,1.0,0.9789999723434448
YEL012W,YNL241C,0,-9.853314,0.09266981482505798,1.0,0.9790999889373779
YMR246W,YLR163C,0,-9.864673,0.09266123175621033,1.0,0.979200005531311
YER062C,YLR430W,0,-9.8683,0.09265264868736267,1.0,0.9793000221252441
YOR335C,YDR079W,0,-9.869998,0.09264405816793442,1.0,0.9793999791145325
YML128C,YER120W,0,-9.876125,0.09263548254966736,1.0,0.9794999957084656
YPL059W,YEL026W,0,-9.892018,0.0926268994808197,1.0,0.9796000123023987
YGL078C,YPL098C,0,-9.897833,0.09261831641197205,1.0,0.9797000288963318
YHR096C,YLR452C,0,-9.900165,0.09260974079370499,1.0,0.9797999858856201
YDL164C,YNL111C,0,-9.900472,0.09260116517543793,1.0,0.9799000024795532
YKL152C,YLL012W,0,-9.900736,0.09259258955717087,1.0,0.9800000190734863
YBR298C,YDL081C,0,-9.901499,0.0925840213894844,1.0,0.9800999760627747
YGL187C,YOR173W,0,-9.904124,0.09257544577121735,1.0,0.9801999926567078
YCL040W,YGR044C,0,-9.906059,0.09256687760353088,1.0,0.9803000092506409
YLR056W,YML047C,0,-9.914719,0.09255830943584442,1.0,0.980400025844574
YLR216C,YBR247C,0,-9.916791,0.09254974871873856,1.0,0.9804999828338623
YDR492W,YGL255W,0,-9.91767,0.0925411805510521,1.0,0.9805999994277954
YML128C,YNR032W,0,-9.918776,0.09253261983394623,1.0,0.9807000160217285
YLR175W,YPR105C,0,-9.919541,0.09252405911684036,1.0,0.9807999730110168
YLR304C,YBR039W,0,-9.921603,0.0925154983997345,1.0,0.98089998960495
YPL196W,YJL012C,0,-9.937151,0.09250693768262863,1.0,0.9810000061988831
YOL064C,YOR344C,0,-9.939245,0.09249838441610336,1.0,0.9811000227928162
YGR206W,YOR348C,0,-9.942695,0.0924898236989975,1.0,0.9811999797821045
YGL208W,YKR042W,0,-9.951543,0.09248127043247223,1.0,0.9812999963760376
YCR088W,YPL043W,0,-9.961369,0.09247271716594696,1.0,0.9814000129699707
YDR429C,YGL096W,0,-9.975355,0.09246417135000229,1.0,0.9815000295639038
YPR020W,YNL061W,0,-9.975872,0.09245561808347702,1.0,0.9815999865531921
YDR022C,YJR145C,0,-9.981422,0.09244707226753235,1.0,0.9817000031471252
YGL078C,YBL058W,0,-9.988771,0.09243852645158768,1.0,0.9818000197410583
YDR513W,YJL045W,0,-10.004129,0.092429980635643,1.0,0.9818999767303467
YHL048W,YBL039C,0,-10.005548,0.09242144227027893,1.0,0.9819999933242798
YOL082W,YNL153C,0,-10.021648,0.09241290390491486,1.0,0.9821000099182129
YBR089C-A,YPL087W,0,-10.031464,0.09240435808897018,1.0,0.982200026512146
YOL071W,YNL256W,0,-10.045571,0.0923958271741867,1.0,0.9822999835014343
YDL100C,YHR075C,0,-10.050433,0.09238728880882263,1.0,0.9824000000953674
YLR158C,YBL056W,0,-10.061387,0.09237875044345856,1.0,0.9825000166893005
YKL213C,YOR340C,0,-10.072405,0.09237021952867508,1.0,0.9825999736785889
YGR156W,YHR157W,0,-10.077346,0.0923616886138916,1.0,0.982699990272522
YKR039W,YFR053C,0,-10.077772,0.09235315769910812,1.0,0.9828000068664551
YFR014C,YGR264C,0,-10.082148,0.09234462678432465,1.0,0.9829000234603882
YOR127W,YER103W,0,-10.084391,0.09233610332012177,1.0,0.9829999804496765
YLR370C,YFR053C,0,-10.088109,0.09232757985591888,1.0,0.9830999970436096
YDR148C,YDR190C,0,-10.090227,0.092319056391716,1.0,0.9832000136375427
YOL111C,YMR093W,0,-10.094736,0.09231053292751312,1.0,0.983299970626831
YOR341W,YER103W,0,-10.109973,0.09230200946331024,1.0,0.9833999872207642
YNL113W,YOR148C,0,-10.112047,0.09229349344968796,1.0,0.9835000038146973
YPR191W,YJL138C,0,-10.117066,0.09228497743606567,1.0,0.9836000204086304
YFR053C,YBR280C,0,-10.123841,0.09227646142244339,1.0,0.9836999773979187
YBR089C-A,YIL052C,0,-10.12537,0.0922679454088211,1.0,0.9837999939918518
YGR004W,YGR248W,0,-10.126234,0.09225943684577942,1.0,0.9839000105857849
YKR055W,YDL083C,0,-10.132405,0.09225092083215714,1.0,0.984000027179718
YJL128C,YHL011C,0,-10.13576,0.09224241226911545,1.0,0.9840999841690063
YER110C,YFR003C,0,-10.139469,0.09223390370607376,1.0,0.9842000007629395
YML129C,YMR319C,0,-10.145722,0.09222540259361267,1.0,0.9843000173568726
YNL009W,YHR196W,0,-10.150045,0.09221689403057098,1.0,0.9843999743461609
YLR409C,YOL129W,0,-10.15338,0.0922083929181099,1.0,0.984499990940094
YDR273W,YPL043W,0,-10.159248,0.0921998918056488,1.0,0.9846000075340271
YDR216W,YNL066W,0,-10.166998,0.09219139069318771,1.0,0.9847000241279602
YLR172C,YER025W,0,-10.167123,0.09218288958072662,1.0,0.9847999811172485
YER062C,YBR215W,0,-10.1981,0.09217439591884613,1.0,0.9848999977111816
YGR010W,YPR110C,0,-10.202318,0.09216590225696564,1.0,0.9850000143051147
YLR048W,YHR178W,0,-10.205715,0.09215740114450455,1.0,0.9850999712944031
YML123C,YOR027W,0,-10.209045,0.09214891493320465,1.0,0.9851999878883362
YLL041C,YBL061C,0,-10.217949,0.09214042127132416,1.0,0.9853000044822693
YGL256W,YEL026W,0,-10.234603,0.09213193506002426,1.0,0.9854000210762024
YER002W,YGL030W,0,-10.236982,0.09212344884872437,1.0,0.9854999780654907
YJR059W,YLR009W,0,-10.241527,0.09211496263742447,1.0,0.9855999946594238
YGR103W,YMR165C,0,-10.248181,0.09210647642612457,1.0,0.9857000112533569
YDR492W,YOR347C,0,-10.268675,0.09209799021482468,1.0,0.98580002784729
YDL081C,YEL026W,0,-10.269707,0.09208951145410538,1.0,0.9858999848365784
YIL124W,YJL198W,0,-10.276798,0.09208103269338608,1.0,0.9860000014305115
YNL274C,YMR096W,0,-10.288673,0.09207255393266678,1.0,0.9861000180244446
YBL015W,YER110C,0,-10.29963,0.09206407517194748,1.0,0.9861999750137329
YDR216W,YDR432W,0,-10.302559,0.09205560386180878,1.0,0.986299991607666
YDR060W,YKL148C,0,-10.323641,0.09204712510108948,1.0,0.9864000082015991
YPL154C,YOL020W,0,-10.32416,0.09203865379095078,1.0,0.9865000247955322
YNL177C,YDL208W,0,-10.331876,0.09203018248081207,1.0,0.9865999817848206
YPL118W,YDL081C,0,-10.333091,0.09202171862125397,1.0,0.9866999983787537
YHR096C,YBR130C,0,-10.33322,0.09201324731111526,1.0,0.9868000149726868
YGR280C,YBR267W,0,-10.333396,0.09200478345155716,1.0,0.9868999719619751
YHR170W,YER002W,0,-10.334579,0.09199631959199905,1.0,0.9869999885559082
YGR214W,YNR046W,0,-10.339105,0.09198785573244095,1.0,0.9871000051498413
YMR303C,YEL065W,0,-10.340136,0.09197939932346344,1.0,0.9872000217437744
YCL025C,YNL030W,0,-10.345636,0.09197093546390533,1.0,0.9872999787330627
YDR216W,YHR174W,0,-10.35354,0.09196247905492783,1.0,0.9873999953269958
YOL082W,YKL004W,0,-10.358305,0.09195402264595032,1.0,0.987500011920929
YER143W,YGL070C,0,-10.359828,0.09194556623697281,1.0,0.9876000285148621
YDL223C,YLR447C,0,-10.360695,0.0919371172785759,1.0,0.9876999855041504
YPR112C,YHL024W,0,-10.36507,0.09192866086959839,1.0,0.9878000020980835
YPL240C,YFL036W,0,-10.3683605,0.09192021191120148,1.0,0.9879000186920166
YOR316C,YDR382W,0,-10.368984,0.09191176295280457,1.0,0.9879999756813049
YGL099W,YOR087W,0,-10.369069,0.09190331399440765,1.0,0.988099992275238
YNL001W,YOR145C,0,-10.370127,0.09189487248659134,1.0,0.9882000088691711
YIL010W,YGR200C,0,-10.37866,0.09188643097877502,1.0,0.9883000254631042
YNL023C,YNL274C,0,-10.394675,0.09187798947095871,1.0,0.9883999824523926
YOR037W,YHR094C,0,-10.39897,0.0918695479631424,1.0,0.9884999990463257
YGL055W,YPL154C,0,-10.401241,0.09186110645532608,1.0,0.9886000156402588
YER045C,YOR377W,0,-10.404219,0.09185266494750977,1.0,0.9886999726295471
YCR034W,YGL037C,0,-10.40602,0.09184423089027405,1.0,0.9887999892234802
YDR190C,YBR183W,0,-10.414239,0.09183579683303833,1.0,0.9889000058174133
YBR089C-A,YOR182C,0,-10.420486,0.09182736277580261,1.0,0.9890000224113464
YHL048W,YOR361C,0,-10.4226,0.09181893616914749,1.0,0.9890999794006348
YOR348C,YDL098C,0,-10.450648,0.09181050211191177,1.0,0.9891999959945679
YAL054C,YPR187W,0,-10.464312,0.09180207550525665,1.0,0.989300012588501
YCL040W,YDR345C,0,-10.472503,0.09179364889860153,1.0,0.9894000291824341
YER062C,YPL125W,0,-10.488324,0.09178522229194641,1.0,0.9894999861717224
YJR132W,YNL202W,0,-10.522833,0.09177679568529129,1.0,0.9896000027656555
YKL021C,YPL154C,0,-10.529978,0.09176837652921677,1.0,0.9897000193595886
YLR133W,YNL113W,0,-10.530315,0.09175995737314224,1.0,0.989799976348877
YPR155C,YPR010C,0,-10.541161,0.09175153821706772,1.0,0.9898999929428101
YGR088W,YOL124C,0,-10.541363,0.0917431190609932,1.0,0.9900000095367432
YNL112W,YIL125W,0,-10.555592,0.09173469990491867,1.0,0.9901000261306763
YCL040W,YBL041W,0,-10.564715,0.09172628819942474,1.0,0.9901999831199646
YAL040C,YLR197W,0,-10.565086,0.09171787649393082,1.0,0.9902999997138977
YOR245C,YHR170W,0,-10.590157,0.09170946478843689,1.0,0.9904000163078308
YCL059C,YPR132W,0,-10.616798,0.09170105308294296,1.0,0.9904999732971191
YHR094C,YMR165C,0,-10.632942,0.09169264882802963,1.0,0.9905999898910522
YNL142W,YGR214W,0,-10.633337,0.0916842371225357,1.0,0.9907000064849854
YLR009W,YDR083W,0,-10.638107,0.09167583286762238,1.0,0.9908000230789185
YKR039W,YPR113W,0,-10.639581,0.09166742861270905,1.0,0.9908999800682068
YDL213C,YGL169W,0,-10.642199,0.09165903180837631,1.0,0.9909999966621399
YNL239W,YMR093W,0,-10.646521,0.09165062755346298,1.0,0.991100013256073
YLL006W,YJR145C,0,-10.669796,0.09164223074913025,1.0,0.9911999702453613
YMR303C,YOR001W,0,-10.693921,0.09163383394479752,1.0,0.9912999868392944
YLR002C,YER053C,0,-10.694957,0.09162543714046478,1.0,0.9914000034332275
YMR049C,YNL173C,0,-10.697178,0.09161704033613205,1.0,0.9915000200271606
YER062C,YKL059C,0,-10.715244,0.09160865098237991,1.0,0.991599977016449
YBR026C,YDR447C,0,-10.716333,0.09160025417804718,1.0,0.9916999936103821
YLR080W,YOR310C,0,-10.727688,0.09159186482429504,1.0,0.9918000102043152
YER006W,YDR077W,0,-10.752167,0.09158347547054291,1.0,0.9919000267982483
YFL016C,YGL030W,0,-10.771868,0.09157509356737137,1.0,0.9919999837875366
YHR096C,YLR384C,0,-10.80062,0.09156670421361923,1.0,0.9921000003814697
YDR339C,YML128C,0,-10.827994,0.09155832231044769,1.0,0.9922000169754028
YPR193C,YLR048W,0,-10.88732,0.09154994040727615,1.0,0.9922999739646912
YLR002C,YJR073C,0,-10.887551,0.09154155850410461,1.0,0.9923999905586243
YDR085C,YJR063W,0,-10.898637,0.09153318405151367,1.0,0.9925000071525574
YIL010W,YER126C,0,-10.90613,0.09152480214834213,1.0,0.9926000237464905
YFR024C-A,YLR009W,0,-10.910377,0.09151642769575119,1.0,0.9926999807357788
YBL064C,YPR137W,0,-10.925512,0.09150805324316025,1.0,0.9927999973297119
YNL223W,YGR280C,0,-10.942258,0.0914996787905693,1.0,0.992900013923645
YDR447C,YOR297C,0,-10.956718,0.09149131178855896,1.0,0.9929999709129333
YBL099W,YBR026C,0,-10.969439,0.09148293733596802,1.0,0.9930999875068665
YOR347C,YEL024W,0,-10.982687,0.09147457033395767,1.0,0.9932000041007996
YPR190C,YML073C,0,-10.991009,0.09146620333194733,1.0,0.9933000206947327
YLR175W,YER162C,0,-11.006557,0.09145783632993698,1.0,0.993399977684021
YHL011C,YER103W,0,-11.017966,0.09144947677850723,1.0,0.9934999942779541
YMR015C,YLR060W,0,-11.029568,0.09144110977649689,1.0,0.9936000108718872
YKR039W,YGL120C,0,-11.042546,0.09143275022506714,1.0,0.9937000274658203
YIL033C,YHR170W,0,-11.050661,0.09142439067363739,1.0,0.9937999844551086
YGR159C,YGL252C,0,-11.102251,0.09141603112220764,1.0,0.9939000010490417
YHR001W-A,YDR418W,0,-11.17971,0.09140767902135849,1.0,0.9940000176429749
YOR185C,YJR009C,0,-11.220076,0.09139932692050934,1.0,0.9940999746322632
YNL002C,YBR183W,0,-11.25406,0.09139096736907959,1.0,0.9941999912261963
YDR414C,YFR053C,0,-11.259228,0.09138262271881104,1.0,0.9943000078201294
YPL154C,YHL024W,0,-11.26609,0.09137427061796188,1.0,0.9944000244140625
YFR053C,YBL018C,0,-11.266643,0.09136591851711273,1.0,0.9944999814033508
YHR171W,YNL113W,0,-11.296802,0.09135757386684418,1.0,0.9945999979972839
YMR081C,YGR162W,0,-11.310037,0.09134922921657562,1.0,0.994700014591217
YHR174W,YMR145C,0,-11.31115,0.09134088456630707,1.0,0.9947999715805054
YPL170W,YDL014W,0,-11.31394,0.09133253991603851,1.0,0.9948999881744385
YKL150W,YLR022C,0,-11.334469,0.09132420271635056,1.0,0.9950000047683716
YNL061W,YDL135C,0,-11.337086,0.091315858066082,1.0,0.9951000213623047
YOR260W,YKL085W,0,-11.384999,0.09130752086639404,1.0,0.995199978351593
YDL223C,YLL024C,0,-11.406259,0.09129919111728668,1.0,0.9952999949455261
YDL150W,YDR178W,0,-11.496882,0.09129085391759872,1.0,0.9954000115394592
YER062C,YOR018W,0,-11.504512,0.09128251671791077,1.0,0.9955000281333923
YFL014W,YPR088C,0,-11.548479,0.0912741869688034,1.0,0.9955999851226807
YHR169W,YOR173W,0,-11.571043,0.09126585721969604,1.0,0.9957000017166138
YMR250W,YML058W,0,-11.585817,0.09125752747058868,1.0,0.9958000183105469
YMR250W,YCL059C,0,-11.60714,0.09124920517206192,1.0,0.9958999752998352
YNR002C,YDL055C,0,-11.642628,0.09124087542295456,1.0,0.9959999918937683
YMR260C,YBR183W,0,-11.645672,0.0912325531244278,1.0,0.9961000084877014
YFL014W,YEL050C,0,-11.657217,0.09122423082590103,1.0,0.9962000250816345
YOL082W,YGR159C,0,-11.672443,0.09121590852737427,1.0,0.9962999820709229
YDL192W,YFL014W,0,-11.678361,0.0912075862288475,1.0,0.996399998664856
YER035W,YOL039W,0,-11.682001,0.09119927138090134,1.0,0.9965000152587891
YDL029W,YNL113W,0,-11.703026,0.09119095653295517,1.0,0.9965999722480774
YHR116W,YHR092C,0,-11.747027,0.091182641685009,1.0,0.9966999888420105
YBR169C,YEL012W,0,-11.801148,0.09117432683706284,1.0,0.9968000054359436
YBR079C,YDR178W,0,-11.827208,0.09116601198911667,1.0,0.9969000220298767
YDL022W,YLL041C,0,-11.832489,0.0911577045917511,1.0,0.996999979019165
YJR073C,YDR213W,0,-11.8519,0.09114939719438553,1.0,0.9970999956130981
YDR258C,YER127W,0,-11.860474,0.09114108979701996,1.0,0.9972000122070312
YFR053C,YML024W,0,-11.899521,0.09113278239965439,1.0,0.9973000288009644
YGL078C,YDL120W,0,-11.909151,0.09112447500228882,1.0,0.9973999857902527
YDL148C,YOR347C,0,-11.9216585,0.09111617505550385,1.0,0.9975000023841858
YGR162W,YGL104C,0,-11.92392,0.09110787510871887,1.0,0.9976000189781189
YGR085C,YHR139C,0,-11.930394,0.0910995751619339,1.0,0.9976999759674072
YBR036C,YJR073C,0,-11.942712,0.09109127521514893,1.0,0.9977999925613403
YDR479C,YBR169C,0,-11.952812,0.09108297526836395,1.0,0.9979000091552734
YMR173W,YBL075C,0,-11.966017,0.09107468277215958,1.0,0.9980000257492065
YOR173W,YPR113W,0,-11.984812,0.0910663902759552,1.0,0.9980999827384949
YIL155C,YAL005C,0,-11.995934,0.09105809777975082,1.0,0.998199999332428
YKL172W,YOL071W,0,-12.011684,0.09104980528354645,1.0,0.9983000159263611
YLR175W,YDR009W,0,-12.031885,0.09104151278734207,1.0,0.9983999729156494
YDL223C,YDR297W,0,-12.185921,0.09103322774171829,1.0,0.9984999895095825
YOL126C,YOR348C,0,-12.259469,0.09102494269609451,1.0,0.9986000061035156
YML120C,YDL014W,0,-12.276403,0.09101665765047073,1.0,0.9987000226974487
YJL157C,YLL041C,0,-12.347754,0.09100837260484695,1.0,0.9987999796867371
YGR254W,YEL024W,0,-12.431078,0.09100008755922318,1.0,0.9988999962806702
YMR116C,YPL087W,0,-12.433121,0.09099180996417999,1.0,0.9990000128746033
YMR143W,YEL012W,0,-12.483946,0.09098353236913681,1.0,0.9991000294685364
YLR074C,YMR093W,0,-12.4912815,0.09097525477409363,1.0,0.9991999864578247
YDL223C,YDR346C,0,-12.574717,0.09096697717905045,1.0,0.9993000030517578
YLR110C,YJR073C,0,-12.672238,0.09095870703458786,1.0,0.9994000196456909
YDL223C,YHR197W,0,-12.904605,0.09095042943954468,1.0,0.9994999766349792
YER054C,YOR063W,0,-12.92783,0.09094215929508209,1.0,0.9995999932289124
YGL099W,YDR178W,0,-13.021099,0.0909338891506195,1.0,0.9997000098228455
YOR136W,YDL081C,0,-13.073019,0.09092562645673752,1.0,0.9998000264167786
YNL239W,YLR196W,0,-13.267911,0.09091735631227493,1.0,0.9998999834060669
YER053C,YEL026W,0,-14.200296,0.09090909361839294,1.0,1.0
