Gene A,Gene B,Label,Score,Precision,Recall,False Positive Rate
YPL098C,YGR181W,1,-3.7639592,1.0,0.0010000000474974513,0.0
YGL219C,YPL098C,1,-3.9004533,1.0,0.0020000000949949026,0.0
YKL053C-A,YJR135W-A,1,-3.929126,1.0,0.003000000026077032,0.0
YBR234C,YIL051C,1,-3.9308681,1.0,0.004000000189989805,0.0
YCR028C-A,YJR135W-A,1,-3.9890265,1.0,0.004999999888241291,0.0
YDL004W,YPL078C,0,-4.035827,0.8333333134651184,0.004999999888241291,9.999999747378752e-05
YIL062C,YKL053C-A,1,-4.0719676,0.8571428656578064,0.006000000052154064,9.999999747378752e-05
YJL054W,YNL079C,1,-4.079848,0.875,0.007000000216066837,9.999999747378752e-05
YDR283C,YIL129C,0,-4.0898423,0.7777777910232544,0.007000000216066837,0.00019999999494757503
YMR150C,YMR267W,0,-4.089895,0.699999988079071,0.007000000216066837,0.0003000000142492354
YMR012W,YPR024W,1,-4.0937614,0.7272727489471436,0.00800000037997961,0.0003000000142492354
YOR266W,YJR135W-A,1,-4.1056447,0.75,0.008999999612569809,0.0003000000142492354
YGL191W,YNL037C,0,-4.1068497,0.692307710647583,0.008999999612569809,0.00039999998989515007
YCR002C,YGL181W,0,-4.12007,0.6428571343421936,0.008999999612569809,0.0005000000237487257
YMR188C,YGR038W,0,-4.123672,0.6000000238418579,0.008999999612569809,0.0006000000284984708
YBR185C,YGR181W,1,-4.126142,0.625,0.009999999776482582,0.0006000000284984708
YDR310C,YDR311W,0,-4.1306567,0.5882353186607361,0.009999999776482582,0.000699999975040555
YER017C,YDR325W,0,-4.1424565,0.5555555820465088,0.009999999776482582,0.0007999999797903001
YOL027C,YDR393W,1,-4.1460834,0.5789473652839661,0.010999999940395355,0.0007999999797903001
YDL004W,YMR280C,0,-4.1528506,0.550000011920929,0.010999999940395355,0.0008999999845400453
YOL027C,YJR135W-A,1,-4.1532583,0.5714285969734192,0.012000000104308128,0.0008999999845400453
YAL056W,YNR031C,0,-4.1587887,0.5454545617103577,0.012000000104308128,0.0010000000474974513
YPL098C,YBL080C,1,-4.1717362,0.5652173757553101,0.013000000268220901,0.0010000000474974513
YGL252C,YFL004W,0,-4.173599,0.5416666865348816,0.013000000268220901,0.0010999999940395355
YLR370C,YOL027C,1,-4.1801095,0.5600000023841858,0.014000000432133675,0.0010999999940395355
YDL078C,YGL062W,0,-4.1905665,0.5384615659713745,0.014000000432133675,0.0012000000569969416
YOR117W,YNL167C,0,-4.1941056,0.5185185074806213,0.014000000432133675,0.0013000000035390258
YDL088C,YJL076W,0,-4.1943974,0.5,0.014000000432133675,0.00139999995008111
YMR264W,YPL002C,0,-4.196753,0.48275861144065857,0.014000000432133675,0.001500000013038516
YJL085W,YKR028W,0,-4.2074656,0.46666666865348816,0.014000000432133675,0.0015999999595806003
YOR266W,YMR060C,1,-4.209516,0.4838709533214569,0.014999999664723873,0.0015999999595806003
YGL219C,YGR181W,1,-4.222816,0.5,0.01600000075995922,0.0015999999595806003
YPL270W,YBR168W,0,-4.224179,0.4848484992980957,0.01600000075995922,0.0017000000225380063
YNL317W,YER018C,0,-4.230978,0.47058823704719543,0.01600000075995922,0.0017999999690800905
YPL119C,YMR175W,0,-4.23214,0.4571428596973419,0.01600000075995922,0.0019000000320374966
YDR393W,YGR181W,1,-4.235316,0.4722222089767456,0.017000000923871994,0.0019000000320374966
YOR147W,YJR135W-A,1,-4.236158,0.4864864945411682,0.017999999225139618,0.0019000000320374966
YPL160W,YLR403W,0,-4.239963,0.4736842215061188,0.017999999225139618,0.0020000000949949026
YNL121C,YMR302C,1,-4.241468,0.4871794879436493,0.01899999938905239,0.0020000000949949026
YDL135C,YFL038C,0,-4.2423835,0.4749999940395355,0.01899999938905239,0.002099999925121665
YPR133W-A,YOR187W,0,-4.2471266,0.46341463923454285,0.01899999938905239,0.002199999988079071
YPL029W,YPL007C,0,-4.2527695,0.4523809552192688,0.01899999938905239,0.002300000051036477
YML048W,YNL317W,0,-4.2534013,0.44186046719551086,0.01899999938905239,0.002400000113993883
YBR234C,YOL009C,1,-4.253719,0.4545454680919647,0.019999999552965164,0.002400000113993883
YEL022W,YGL067W,0,-4.2635355,0.4444444477558136,0.019999999552965164,0.0024999999441206455
YBR185C,YMR302C,1,-4.263679,0.45652174949645996,0.020999999716877937,0.0024999999441206455
YNL055C,YFL036W,1,-4.263797,0.4680851101875305,0.02199999988079071,0.0024999999441206455
YPL059W,YER003C,0,-4.2661657,0.4583333432674408,0.02199999988079071,0.0026000000070780516
YMR225C,YDR337W,0,-4.2686677,0.44897958636283875,0.02199999988079071,0.0027000000700354576
YCL044C,YBR212W,1,-4.271749,0.46000000834465027,0.023000000044703484,0.0027000000700354576
YPR006C,YJL047C,0,-4.2734303,0.45098039507865906,0.023000000044703484,0.00279999990016222
YBR211C,YDL076C,0,-4.2801414,0.4423076808452606,0.023000000044703484,0.002899999963119626
YLR100W,YOR232W,0,-4.2915907,0.43396225571632385,0.023000000044703484,0.003000000026077032
YNL031C,YBR265W,0,-4.2965026,0.42592594027519226,0.023000000044703484,0.003100000089034438
YIL051C,YJR135W-A,1,-4.297937,0.4363636374473572,0.024000000208616257,0.003100000089034438
YIL051C,YNL121C,1,-4.29851,0.4464285671710968,0.02500000037252903,0.003100000089034438
YOR099W,YIL048W,0,-4.299874,0.4385964870452881,0.02500000037252903,0.0031999999191612005
YGR101W,YFL036W,1,-4.303923,0.4482758641242981,0.026000000536441803,0.0031999999191612005
YKL002W,YBR207W,0,-4.3052773,0.4406779706478119,0.026000000536441803,0.0032999999821186066
YHR038W,YOR187W,0,-4.3080096,0.4333333373069763,0.026000000536441803,0.0034000000450760126
YDL008W,YDR331W,0,-4.3082743,0.4262295067310333,0.026000000536441803,0.0035000001080334187
YOR094W,YOR257W,0,-4.309054,0.4193548262119293,0.026000000536441803,0.003599999938160181
YER107C,YJL168C,0,-4.30922,0.4126984179019928,0.026000000536441803,0.003700000001117587
YPL098C,YMR060C,1,-4.311786,0.421875,0.027000000700354576,0.003700000001117587
YNL055C,YDR393W,1,-4.314238,0.4307692348957062,0.02800000086426735,0.003700000001117587
YIL124W,YKR037C,0,-4.3161054,0.42424243688583374,0.02800000086426735,0.003800000064074993
YGR101W,YJR135W-A,1,-4.3165827,0.43283581733703613,0.028999999165534973,0.003800000064074993
YDR296W,YCR028C-A,1,-4.3179317,0.44117647409439087,0.029999999329447746,0.003800000064074993
YNR013C,YLR277C,0,-4.3185387,0.43478259444236755,0.029999999329447746,0.0038999998942017555
YFR047C,YGR247W,0,-4.3232884,0.4285714328289032,0.029999999329447746,0.004000000189989805
YHR060W,YJR102C,0,-4.3234215,0.4225352108478546,0.029999999329447746,0.004100000020116568
YMR012W,YBL080C,1,-4.3238378,0.4305555522441864,0.03099999949336052,0.004100000020116568
YIL062C,YMR060C,1,-4.3247266,0.4383561611175537,0.03200000151991844,0.004100000020116568
YBR086C,YLR066W,0,-4.326779,0.4324324429035187,0.03200000151991844,0.00419999985024333
YBR112C,YPL127C,0,-4.3276916,0.4266666769981384,0.03200000151991844,0.00430000014603138
YGL219C,YPR140W,1,-4.3287077,0.43421053886413574,0.032999999821186066,0.00430000014603138
YHR011W,YMR150C,0,-4.3353343,0.4285714328289032,0.032999999821186066,0.004399999976158142
YOL004W,YKR089C,0,-4.339165,0.42307692766189575,0.032999999821186066,0.0044999998062849045
YMR012W,YPR140W,1,-4.3448286,0.4303797483444214,0.03400000184774399,0.0044999998062849045
YNL121C,YPR125W,1,-4.3475423,0.4375,0.03500000014901161,0.0044999998062849045
YBR185C,YJL063C,1,-4.348003,0.4444444477558136,0.035999998450279236,0.0044999998062849045
YJL179W,YOR265W,0,-4.3486743,0.4390243887901306,0.035999998450279236,0.004600000102072954
YNL288W,YNL307C,0,-4.350304,0.4337349534034729,0.035999998450279236,0.004699999932199717
YNR035C,YOL009C,1,-4.350993,0.4404761791229248,0.03700000047683716,0.004699999932199717
YNL314W,YGL098W,0,-4.3553157,0.43529412150382996,0.03700000047683716,0.004800000227987766
YBR039W,YNL160W,0,-4.3567624,0.43023255467414856,0.03700000047683716,0.004900000058114529
YDR432W,YLR249W,0,-4.361462,0.4252873659133911,0.03700000047683716,0.004999999888241291
YDL232W,YCL001W,0,-4.36149,0.4204545319080353,0.03700000047683716,0.005100000184029341
YMR225C,YOR187W,0,-4.362076,0.4157303273677826,0.03700000047683716,0.005200000014156103
YKL053C-A,YDR393W,1,-4.363597,0.42222222685813904,0.03799999877810478,0.005200000014156103
YJR140C,YOR187W,0,-4.364644,0.4175824224948883,0.03799999877810478,0.0052999998442828655
YIL062C,YLL001W,1,-4.3694444,0.42391303181648254,0.039000000804662704,0.0052999998442828655
YDR081C,YDR145W,0,-4.371095,0.4193548262119293,0.039000000804662704,0.005400000140070915
YML049C,YPR095C,0,-4.3719254,0.41489362716674805,0.039000000804662704,0.005499999970197678
YLR016C,YLL011W,0,-4.3726697,0.410526305437088,0.039000000804662704,0.00559999980032444
YLR394W,YMR203W,0,-4.375711,0.40625,0.039000000804662704,0.00570000009611249
YGL105W,YCR002C,0,-4.3786335,0.4020618498325348,0.039000000804662704,0.005799999926239252
YNL055C,YGR181W,1,-4.379684,0.40816327929496765,0.03999999910593033,0.005799999926239252
YMR012W,YMR302C,1,-4.380147,0.4141414165496826,0.04100000113248825,0.005799999926239252
YPL098C,YDR470C,1,-4.3823133,0.41999998688697815,0.041999999433755875,0.005799999926239252
YJL178C,YDL095W,0,-4.385155,0.41584157943725586,0.041999999433755875,0.005900000222027302
YGL173C,YDR208W,0,-4.3854628,0.4117647111415863,0.041999999433755875,0.006000000052154064
YDR296W,YLR190W,1,-4.386448,0.41747573018074036,0.0430000014603138,0.006000000052154064
YNL099C,YKL014C,0,-4.3866906,0.4134615361690521,0.0430000014603138,0.006099999882280827
YKL053C-A,YBR091C,1,-4.3876605,0.41904762387275696,0.04399999976158142,0.006099999882280827
YLR350W,YPR182W,0,-4.3905015,0.4150943458080292,0.04399999976158142,0.006200000178068876
YBL052C,YLR383W,0,-4.390941,0.4112149477005005,0.04399999976158142,0.006300000008195639
YHR194W,YPL098C,1,-4.392173,0.4166666567325592,0.04500000178813934,0.006300000008195639
YMR012W,YMR060C,1,-4.394277,0.4220183491706848,0.04600000008940697,0.006300000008195639
YGR007W,YGR020C,0,-4.394483,0.41818180680274963,0.04600000008940697,0.006399999838322401
YFR052W,YPR181C,0,-4.3945565,0.4144144058227539,0.04600000008940697,0.006500000134110451
YDL029W,YGL219C,1,-4.395139,0.4196428656578064,0.04699999839067459,0.006500000134110451
YDR296W,YJL063C,1,-4.3954988,0.4247787594795227,0.04800000041723251,0.006500000134110451
YPL098C,YMR302C,1,-4.4021907,0.429824560880661,0.04899999871850014,0.006500000134110451
YAL042W,YKR048C,0,-4.4031973,0.426086962223053,0.04899999871850014,0.006599999964237213
YPR171W,YDR028C,0,-4.403432,0.42241379618644714,0.04899999871850014,0.0066999997943639755
YLR314C,YPL124W,0,-4.405008,0.4188034236431122,0.04899999871850014,0.006800000090152025
YOL121C,YDR167W,0,-4.409619,0.41525423526763916,0.04899999871850014,0.006899999920278788
YJL085W,YLR285W,0,-4.4096823,0.4117647111415863,0.04899999871850014,0.007000000216066837
YEL009C,YLR097C,0,-4.412313,0.40833333134651184,0.04899999871850014,0.0071000000461936
YLR451W,YOR241W,0,-4.413065,0.40495866537094116,0.04899999871850014,0.007199999876320362
YPR181C,YDR212W,0,-4.4131083,0.40163934230804443,0.04899999871850014,0.007300000172108412
YPL059W,YOR020C,0,-4.415751,0.3983739912509918,0.04899999871850014,0.007400000002235174
YBR129C,YBR279W,0,-4.41616,0.39516130089759827,0.04899999871850014,0.007499999832361937
YPL155C,YLR410W,0,-4.4163547,0.3919999897480011,0.04899999871850014,0.007600000128149986
YOL012C,YLL019C,0,-4.4163857,0.3888888955116272,0.04899999871850014,0.007699999958276749
YDL080C,YJL141C,0,-4.4164605,0.3858267664909363,0.04899999871850014,0.007799999788403511
YNL304W,YNL310C,1,-4.4177923,0.390625,0.05000000074505806,0.007799999788403511
YMR184W,YBR173C,0,-4.417957,0.38759690523147583,0.05000000074505806,0.007899999618530273
YPL110C,YKL129C,0,-4.418477,0.38461539149284363,0.05000000074505806,0.00800000037997961
YHR108W,YNL263C,0,-4.4192796,0.38167938590049744,0.05000000074505806,0.008100000210106373
YOL009C,YDR219C,1,-4.4205785,0.3863636255264282,0.050999999046325684,0.008100000210106373
YOR373W,YDR451C,0,-4.4206386,0.3834586441516876,0.050999999046325684,0.008200000040233135
YOR160W,YFL002C,0,-4.420876,0.3805970251560211,0.050999999046325684,0.008299999870359898
YPR083W,YMR302C,1,-4.4226995,0.385185182094574,0.052000001072883606,0.008299999870359898
YNL297C,YLR396C,0,-4.4244866,0.38235294818878174,0.052000001072883606,0.00839999970048666
YFL039C,YNL055C,1,-4.42534,0.38686132431030273,0.05299999937415123,0.00839999970048666
YAL055W,YCR009C,0,-4.427061,0.3840579688549042,0.05299999937415123,0.008500000461935997
YPR189W,YJL074C,0,-4.430877,0.38129496574401855,0.05299999937415123,0.00860000029206276
YDR328C,YKL035W,0,-4.431523,0.37857142090797424,0.05299999937415123,0.008700000122189522
YIL026C,YBR081C,0,-4.433354,0.3758865296840668,0.05299999937415123,0.008799999952316284
YNR035C,YPR024W,1,-4.4349284,0.3802816867828369,0.05400000140070915,0.008799999952316284
YBR080C,YNL263C,0,-4.4352984,0.3776223659515381,0.05400000140070915,0.008899999782443047
YHR083W,YJL054W,1,-4.4358006,0.3819444477558136,0.054999999701976776,0.008899999782443047
YMR061W,YDR429C,0,-4.43879,0.37931033968925476,0.054999999701976776,0.008999999612569809
YDL077C,YOR069W,0,-4.44173,0.3767123222351074,0.054999999701976776,0.009100000374019146
YBR135W,YKL089W,0,-4.4420257,0.3741496503353119,0.054999999701976776,0.009200000204145908
YJR135W-A,YMR302C,1,-4.442067,0.37837839126586914,0.0560000017285347,0.009200000204145908
YOL121C,YLR026C,0,-4.4440274,0.3758389353752136,0.0560000017285347,0.00930000003427267
YJR013W,YJL042W,0,-4.4454646,0.3733333349227905,0.0560000017285347,0.009399999864399433
YPR135W,YJR019C,0,-4.445494,0.3708609342575073,0.0560000017285347,0.009499999694526196
YIL034C,YER083C,0,-4.4466615,0.3684210479259491,0.0560000017285347,0.009600000455975533
YGR134W,YJR140C,0,-4.4495606,0.3660130798816681,0.0560000017285347,0.009700000286102295
YML105C,YGR082W,0,-4.4513974,0.3636363744735718,0.0560000017285347,0.009800000116229057
YOL089C,YHL025W,0,-4.4517913,0.3612903356552124,0.0560000017285347,0.00989999994635582
YBR234C,YDL142C,1,-4.4536557,0.36538460850715637,0.05700000002980232,0.00989999994635582
YMR052W,YOR191W,0,-4.453689,0.36305731534957886,0.05700000002980232,0.009999999776482582
YMR264W,YOL133W,0,-4.454047,0.3607594966888428,0.05700000002980232,0.010099999606609344
YNR033W,YGR147C,0,-4.4550815,0.35849055647850037,0.05700000002980232,0.010200000368058681
YFR051C,YIL153W,0,-4.4556565,0.35624998807907104,0.05700000002980232,0.010300000198185444
YGR252W,YMR125W,0,-4.456646,0.35403725504875183,0.05700000002980232,0.010400000028312206
YDR296W,YHR005C-A,1,-4.4570966,0.3580246865749359,0.057999998331069946,0.010400000028312206
YCR026C,YBR077C,0,-4.459435,0.3558282256126404,0.057999998331069946,0.010499999858438969
YAL056W,YGR070W,0,-4.459536,0.353658527135849,0.057999998331069946,0.010599999688565731
YAL041W,YPL120W,0,-4.461174,0.35151514410972595,0.057999998331069946,0.010700000450015068
YML128C,YDL046W,0,-4.4618354,0.34939759969711304,0.057999998331069946,0.01080000028014183
YOL064C,YEL060C,0,-4.4623427,0.34730538725852966,0.057999998331069946,0.010900000110268593
YLR096W,YNL139C,0,-4.463363,0.3452380895614624,0.057999998331069946,0.010999999940395355
YHR174W,YNL154C,0,-4.4635034,0.34319525957107544,0.057999998331069946,0.011099999770522118
YLR447C,YPL206C,0,-4.464074,0.34117648005485535,0.057999998331069946,0.01119999960064888
YLR006C,YDR027C,0,-4.4640775,0.3391812741756439,0.057999998331069946,0.011300000362098217
YML004C,YOR193W,0,-4.46699,0.3372093141078949,0.057999998331069946,0.01140000019222498
YBR185C,YDR393W,1,-4.4674544,0.3410404622554779,0.05900000035762787,0.01140000019222498
YDR335W,YMR039C,0,-4.468161,0.33908045291900635,0.05900000035762787,0.011500000022351742
YPL098C,YPR024W,1,-4.468693,0.34285715222358704,0.05999999865889549,0.011500000022351742
YPL115C,YPL208W,0,-4.4692345,0.34090909361839294,0.05999999865889549,0.011599999852478504
YOR211C,YBR212W,1,-4.4692736,0.3446327745914459,0.061000000685453415,0.011599999852478504
YDR517W,YLR066W,0,-4.4696536,0.3426966369152069,0.061000000685453415,0.011699999682605267
YBR020W,YAL051W,0,-4.4698167,0.34078213572502136,0.061000000685453415,0.011800000444054604
YDL220C,YJR021C,0,-4.470285,0.33888888359069824,0.061000000685453415,0.011900000274181366
YBL080C,YOR266W,1,-4.4703736,0.3425414264202118,0.06199999898672104,0.011900000274181366
YJR090C,YGR059W,0,-4.4704204,0.34065935015678406,0.06199999898672104,0.012000000104308128
YOL051W,YNL071W,0,-4.471078,0.33879780769348145,0.06199999898672104,0.01209999993443489
YBR192W,YJR135W-A,1,-4.4743056,0.34239131212234497,0.06300000101327896,0.01209999993443489
YML059C,YKL042W,0,-4.4756937,0.3405405282974243,0.06300000101327896,0.012199999764561653
YMR163C,YML013W,0,-4.4760747,0.33870968222618103,0.06300000101327896,0.012299999594688416
YLR429W,YIL153W,0,-4.477098,0.3368983864784241,0.06300000101327896,0.012400000356137753
YBR234C,YGL219C,1,-4.478354,0.3404255211353302,0.06400000303983688,0.012400000356137753
YPL115C,YBR095C,0,-4.478597,0.33862432837486267,0.06400000303983688,0.012500000186264515
YNR033W,YDL046W,0,-4.4795766,0.3368421196937561,0.06400000303983688,0.012600000016391277
YDL029W,YKL053C-A,1,-4.4803123,0.3403141498565674,0.06499999761581421,0.012600000016391277
YKR002W,YIL105C,0,-4.481812,0.3385416567325592,0.06499999761581421,0.01269999984651804
YDR309C,YDR517W,0,-4.48185,0.33678755164146423,0.06499999761581421,0.012799999676644802
YGL043W,YBR171W,0,-4.4819136,0.3350515365600586,0.06499999761581421,0.012900000438094139
YPR070W,YCR037C,0,-4.482839,0.3333333432674408,0.06499999761581421,0.013000000268220901
YDR296W,YNL121C,1,-4.483233,0.33673468232154846,0.06599999964237213,0.013000000268220901
YGL135W,YML055W,0,-4.484094,0.3350253701210022,0.06599999964237213,0.013100000098347664
YJL178C,YMR276W,0,-4.4842386,0.3333333432674408,0.06599999964237213,0.013199999928474426
YDL200C,YBR006W,0,-4.4850698,0.3316583037376404,0.06599999964237213,0.013299999758601189
YGR101W,YMR060C,1,-4.485519,0.33500000834465027,0.06700000166893005,0.013299999758601189
YIR025W,YPR173C,0,-4.4875546,0.3333333432674408,0.06700000166893005,0.013399999588727951
YGR119C,YOR159C,0,-4.4877667,0.3316831588745117,0.06700000166893005,0.013500000350177288
YDR296W,YOR266W,1,-4.4892225,0.33497536182403564,0.06800000369548798,0.013500000350177288
YBR279W,YHR090C,0,-4.4893017,0.3333333432674408,0.06800000369548798,0.01360000018030405
YOL023W,YGL172W,0,-4.490602,0.33170732855796814,0.06800000369548798,0.013700000010430813
YIL040W,YOL003C,0,-4.4909062,0.3300970792770386,0.06800000369548798,0.013799999840557575
YFL005W,YBL058W,0,-4.4911475,0.3285024166107178,0.06800000369548798,0.013899999670684338
YGR024C,YPL045W,0,-4.4921327,0.32692307233810425,0.06800000369548798,0.014000000432133675
YDR424C,YDR513W,0,-4.492329,0.3253588378429413,0.06800000369548798,0.014100000262260437
YBR274W,YIL009C-A,0,-4.492642,0.32380953431129456,0.06800000369548798,0.0142000000923872
YBL003C,YNL131W,0,-4.4944835,0.3222748935222626,0.06800000369548798,0.014299999922513962
YPR083W,YDR296W,1,-4.495144,0.3254716992378235,0.0689999982714653,0.014299999922513962
YLR080W,YBL102W,0,-4.4952936,0.3239436745643616,0.0689999982714653,0.014399999752640724
YLR115W,YMR263W,0,-4.497686,0.322429895401001,0.0689999982714653,0.014499999582767487
YPR140W,YMR302C,1,-4.4981647,0.3255814015865326,0.07000000029802322,0.014499999582767487
YJL196C,YFL048C,0,-4.498956,0.32407405972480774,0.07000000029802322,0.014600000344216824
YBR185C,YNL070W,1,-4.4993334,0.3271889388561249,0.07100000232458115,0.014600000344216824
YIL062C,YJR135W-A,1,-4.4996595,0.3302752375602722,0.07199999690055847,0.014600000344216824
YAL053W,YFL018C,0,-4.4998612,0.3287671208381653,0.07199999690055847,0.014700000174343586
YDR225W,YGR147C,0,-4.500961,0.3272727131843567,0.07199999690055847,0.014800000004470348
YPL145C,YMR006C,0,-4.501572,0.3257918655872345,0.07199999690055847,0.01489999983459711
YJR118C,YOL076W,1,-4.5035377,0.3288288414478302,0.0729999989271164,0.01489999983459711
YDL113C,YDL076C,0,-4.503698,0.3273542523384094,0.0729999989271164,0.014999999664723873
YER183C,YLR285W,0,-4.505231,0.3258928656578064,0.0729999989271164,0.01510000042617321
YDR258C,YOR147W,1,-4.505243,0.3288888931274414,0.07400000095367432,0.01510000042617321
YPR178W,YML064C,0,-4.5054708,0.32743361592292786,0.07400000095367432,0.015200000256299973
YFL039C,YLR370C,1,-4.5058217,0.33039647340774536,0.07500000298023224,0.015200000256299973
YLR403W,YGL022W,0,-4.506926,0.32894736528396606,0.07500000298023224,0.015300000086426735
YDL145C,YBR048W,0,-4.5072007,0.32751092314720154,0.07500000298023224,0.015399999916553497
YLR370C,YPL098C,1,-4.507401,0.33043476939201355,0.07599999755620956,0.015399999916553497
YCL014W,YGR024C,0,-4.5083404,0.32900431752204895,0.07599999755620956,0.01549999974668026
YBR186W,YML024W,0,-4.508897,0.32758620381355286,0.07599999755620956,0.015599999576807022
YGR178C,YMR061W,0,-4.509202,0.32618024945259094,0.07599999755620956,0.015699999406933784
YDR377W,YDR320C-A,0,-4.509595,0.32478633522987366,0.07599999755620956,0.015799999237060547
YOR149C,YPR173C,0,-4.511082,0.3234042525291443,0.07599999755620956,0.01590000092983246
YMR060C,YJR135W-A,1,-4.5115976,0.3262711763381958,0.07699999958276749,0.01590000092983246
YNL047C,YAL016W,0,-4.5117326,0.324894517660141,0.07699999958276749,0.01600000075995922
YJL210W,YOR301W,0,-4.512095,0.3235294222831726,0.07699999958276749,0.016100000590085983
YCR082W,YGR222W,0,-4.5120983,0.3221757411956787,0.07699999958276749,0.016200000420212746
YER017C,YPL029W,0,-4.5129366,0.32083332538604736,0.07699999958276749,0.016300000250339508
YMR012W,YOR037W,1,-4.5129585,0.3236514627933502,0.07800000160932541,0.016300000250339508
YDR377W,YGL129C,0,-4.5132737,0.32231405377388,0.07800000160932541,0.01640000008046627
YKR003W,YNL262W,0,-4.513818,0.32098764181137085,0.07800000160932541,0.016499999910593033
YNR053C,YML024W,0,-4.515048,0.3196721374988556,0.07800000160932541,0.016599999740719795
YDL101C,YER111C,0,-4.515524,0.3183673322200775,0.07800000160932541,0.016699999570846558
YGR120C,YHR001W,0,-4.51769,0.31707316637039185,0.07800000160932541,0.01679999940097332
YBR234C,YNL079C,1,-4.518086,0.3198380470275879,0.07900000363588333,0.01679999940097332
YLR304C,YHR005C-A,1,-4.5181284,0.32258063554763794,0.07999999821186066,0.01679999940097332
YGR261C,YLR425W,0,-4.5183854,0.3212851285934448,0.07999999821186066,0.016899999231100082
YBR234C,YOL076W,1,-4.518471,0.3240000009536743,0.08100000023841858,0.016899999231100082
YER016W,YGL086W,0,-4.518636,0.32270917296409607,0.08100000023841858,0.017000000923871994
YBR091C,YJR135W-A,1,-4.5206146,0.3253968358039856,0.0820000022649765,0.017000000923871994
YDL161W,YER042W,0,-4.5208693,0.3241106867790222,0.0820000022649765,0.017100000753998756
YGR101W,YNL070W,1,-4.521437,0.32677164673805237,0.08299999684095383,0.017100000753998756
YLL001W,YDR470C,1,-4.522595,0.3294117748737335,0.08399999886751175,0.017100000753998756
YPL174C,YML029W,0,-4.52282,0.328125,0.08399999886751175,0.01720000058412552
YMR025W,YOR380W,0,-4.5235076,0.32684823870658875,0.08399999886751175,0.01730000041425228
YMR054W,YLR212C,0,-4.524544,0.3255814015865326,0.08399999886751175,0.017400000244379044
YLL038C,YIR015W,0,-4.5250363,0.3243243098258972,0.08399999886751175,0.017500000074505806
YGR040W,YOL011W,0,-4.525249,0.32307693362236023,0.08399999886751175,0.01759999990463257
YPL127C,YPL007C,0,-4.5254607,0.3218390941619873,0.08399999886751175,0.01769999973475933
YHR039C-A,YOR270C,0,-4.52568,0.3206106722354889,0.08399999886751175,0.017799999564886093
YLR418C,YOL127W,0,-4.525809,0.3193916380405426,0.08399999886751175,0.017899999395012856
YDL002C,YML021C,0,-4.525944,0.3181818127632141,0.08399999886751175,0.017999999225139618
YLR370C,YLL001W,1,-4.52622,0.3207547068595886,0.08500000089406967,0.017999999225139618
YFL039C,YIL051C,1,-4.526734,0.3233082592487335,0.0860000029206276,0.017999999225139618
YHR083W,YPR140W,1,-4.526896,0.3258427083492279,0.08699999749660492,0.017999999225139618
YOR103C,YBL057C,0,-4.5275702,0.3246268630027771,0.08699999749660492,0.01810000091791153
YJR090C,YMR247C,0,-4.5280023,0.32342007756233215,0.08699999749660492,0.018200000748038292
YPL101W,YNL099C,0,-4.5295234,0.3222222328186035,0.08699999749660492,0.018300000578165054
YLR284C,YHR050W,0,-4.530682,0.32103320956230164,0.08699999749660492,0.018400000408291817
YDR296W,YGR181W,1,-4.530953,0.3235294222831726,0.08799999952316284,0.018400000408291817
YIL062C,YNL079C,1,-4.5313287,0.32600733637809753,0.08900000154972076,0.018400000408291817
YKL053C-A,YHR083W,1,-4.5317473,0.32846716046333313,0.09000000357627869,0.018400000408291817
YPL208W,YDL080C,0,-4.5323215,0.3272727131843567,0.09000000357627869,0.01850000023841858
YPL078C,YLL021W,0,-4.532683,0.32608696818351746,0.09000000357627869,0.01860000006854534
YHR083W,YNL070W,1,-4.5327477,0.3285198509693146,0.09099999815225601,0.01860000006854534
YNL307C,YBL041W,0,-4.533538,0.3273381292819977,0.09099999815225601,0.018699999898672104
YOR249C,YOR216C,0,-4.533636,0.3261648714542389,0.09099999815225601,0.018799999728798866
YER017C,YER027C,0,-4.534051,0.32499998807907104,0.09099999815225601,0.01889999955892563
YNR057C,YDR529C,0,-4.5342655,0.32384341955184937,0.09099999815225601,0.01899999938905239
YOR094W,YGL067W,0,-4.535474,0.3226950466632843,0.09099999815225601,0.019099999219179153
YLR088W,YNL102W,0,-4.535476,0.3215547800064087,0.09099999815225601,0.019200000911951065
YJR118C,YCR028C-A,1,-4.5361886,0.3239436745643616,0.09200000017881393,0.019200000911951065
YLR153C,YLR028C,0,-4.5364304,0.3228070139884949,0.09200000017881393,0.019300000742077827
YIL149C,YOR076C,0,-4.536681,0.3216783106327057,0.09200000017881393,0.01940000057220459
YML112W,YEL019C,0,-4.5368843,0.32055750489234924,0.09200000017881393,0.019500000402331352
YLR115W,YDR425W,0,-4.5370493,0.3194444477558136,0.09200000017881393,0.019600000232458115
YDR296W,YMR302C,1,-4.5374255,0.32179930806159973,0.09300000220537186,0.019600000232458115
YGL219C,YNL121C,1,-4.5378284,0.32413792610168457,0.09399999678134918,0.019600000232458115
YMR208W,YPR198W,0,-4.5379734,0.32302406430244446,0.09399999678134918,0.019700000062584877
YHR011W,YPL218W,0,-4.537999,0.3219178020954132,0.09399999678134918,0.01979999989271164
YLL001W,YHR083W,1,-4.5382075,0.3242320716381073,0.0949999988079071,0.01979999989271164
YMR012W,YJR135W-A,1,-4.538811,0.3265306055545807,0.09600000083446503,0.01979999989271164
YGR202C,YCR018C,0,-4.539928,0.3254237174987793,0.09600000083446503,0.019899999722838402
YDR062W,YGR020C,0,-4.5400004,0.3243243098258972,0.09600000083446503,0.019999999552965164
YGL219C,YOL027C,1,-4.540969,0.3265993297100067,0.09700000286102295,0.019999999552965164
YGR261C,YLR321C,0,-4.5423474,0.3255033493041992,0.09700000286102295,0.020099999383091927
YOR265W,YBR095C,0,-4.542557,0.3244147300720215,0.09700000286102295,0.02019999921321869
YJL112W,YDR296W,1,-4.5427127,0.3266666531562805,0.09799999743700027,0.02019999921321869
YGL191W,YGR077C,0,-4.542725,0.3255814015865326,0.09799999743700027,0.0203000009059906
YNL307C,YBR081C,0,-4.542755,0.3245033025741577,0.09799999743700027,0.020400000736117363
YDR052C,YOL148C,0,-4.543952,0.3234323561191559,0.09799999743700027,0.020500000566244125
YCL034W,YPL006W,0,-4.5443406,0.32236841320991516,0.09799999743700027,0.020600000396370888
YNL094W,YGR178C,0,-4.544346,0.32131147384643555,0.09799999743700027,0.02070000022649765
YGR216C,YBR283C,0,-4.544536,0.3202614486217499,0.09799999743700027,0.020800000056624413
YHR005C-A,YNL055C,1,-4.544644,0.3224755823612213,0.0989999994635582,0.020800000056624413
YMR247C,YDR240C,0,-4.545795,0.3214285671710968,0.0989999994635582,0.020899999886751175
YOL094C,YDR145W,0,-4.546364,0.3203883469104767,0.0989999994635582,0.020999999716877937
YBR212W,YDR393W,1,-4.5469093,0.32258063554763794,0.10000000149011612,0.020999999716877937
YMR060C,YGR181W,1,-4.547713,0.3247588276863098,0.10100000351667404,0.020999999716877937
YNL082W,YHR039C-A,0,-4.547789,0.32371795177459717,0.10100000351667404,0.0210999995470047
YOR249C,YJR021C,0,-4.5493655,0.3226836919784546,0.10100000351667404,0.021199999377131462
YOR304W,YFL038C,0,-4.549538,0.3216560482978821,0.10100000351667404,0.021299999207258224
YGL025C,YKR014C,0,-4.549678,0.3206349313259125,0.10100000351667404,0.021400000900030136
YOR002W,YKL126W,0,-4.5500994,0.3196202516555786,0.10100000351667404,0.0215000007301569
YMR025W,YER149C,0,-4.550613,0.3186119794845581,0.10100000351667404,0.02160000056028366
YOL051W,YLR033W,0,-4.55074,0.3176100552082062,0.10100000351667404,0.021700000390410423
YPL240C,YGL192W,0,-4.5509152,0.31661441922187805,0.10100000351667404,0.021800000220537186
YOR253W,YKL041W,0,-4.5526214,0.31562501192092896,0.10100000351667404,0.021900000050663948
YFL039C,YPR140W,1,-4.553364,0.3177570104598999,0.10199999809265137,0.021900000050663948
YMR164C,YLR329W,0,-4.554542,0.31677019596099854,0.10199999809265137,0.02199999988079071
YDL040C,YDR300C,0,-4.5547376,0.31578946113586426,0.10199999809265137,0.022099999710917473
YJR135C,YPL174C,0,-4.554778,0.31481480598449707,0.10199999809265137,0.022199999541044235
YJL207C,YLR067C,0,-4.555156,0.3138461410999298,0.10199999809265137,0.022299999371170998
YOL076W,YML061C,1,-4.556293,0.3159509301185608,0.10300000011920929,0.022299999371170998
YDR320C-A,YMR039C,0,-4.558965,0.3149847090244293,0.10300000011920929,0.02239999920129776
YCL011C,YHR024C,0,-4.559391,0.3140243887901306,0.10300000011920929,0.02250000089406967
YHR005C-A,YNL070W,1,-4.5602355,0.31610941886901855,0.10400000214576721,0.02250000089406967
YGL223C,YML065W,0,-4.561202,0.31515151262283325,0.10400000214576721,0.022600000724196434
YOR160W,YJL087C,0,-4.561891,0.31419938802719116,0.10400000214576721,0.022700000554323196
YOR209C,YKL119C,0,-4.562324,0.3132530152797699,0.10400000214576721,0.02280000038444996
YGR119C,YGL011C,0,-4.5632143,0.3123123049736023,0.10400000214576721,0.02290000021457672
YIL062C,YNL070W,1,-4.5647078,0.314371258020401,0.10499999672174454,0.02290000021457672
YNL326C,YPR181C,0,-4.565127,0.31343284249305725,0.10499999672174454,0.023000000044703484
YLR228C,YDL226C,0,-4.5651326,0.3125,0.10499999672174454,0.023099999874830246
YNL236W,YLR362W,0,-4.5653076,0.31157270073890686,0.10499999672174454,0.02319999970495701
YOL027C,YNL055C,1,-4.5654674,0.3136094808578491,0.10599999874830246,0.02319999970495701
YPR133W-A,YDR451C,0,-4.5656114,0.3126843571662903,0.10599999874830246,0.02329999953508377
YOR195W,YNL309W,0,-4.565804,0.3117647171020508,0.10599999874830246,0.023399999365210533
YLR342W,YER125W,0,-4.566159,0.31085044145584106,0.10599999874830246,0.023499999195337296
YGL027C,YGR147C,0,-4.5668426,0.30994153022766113,0.10599999874830246,0.023600000888109207
YNL030W,YMR183C,0,-4.5669374,0.3090378940105438,0.10599999874830246,0.02370000071823597
YLR314C,YLR249W,0,-4.567511,0.30813953280448914,0.10599999874830246,0.023800000548362732
YLL013C,YCR028C-A,1,-4.5677752,0.31014493107795715,0.10700000077486038,0.023800000548362732
YOR150W,YBR035C,0,-4.567819,0.30924856662750244,0.10700000077486038,0.023900000378489494
YDR512C,YOR171C,0,-4.568008,0.3083573579788208,0.10700000077486038,0.024000000208616257
YDR219C,YGR101W,1,-4.5680127,0.3103448152542114,0.1080000028014183,0.024000000208616257
YGL133W,YGR063C,0,-4.5683293,0.3094555735588074,0.1080000028014183,0.02410000003874302
YPL228W,YML012W,0,-4.568558,0.3085714280605316,0.1080000028014183,0.02419999986886978
YDR052C,YLR288C,0,-4.569268,0.3076923191547394,0.1080000028014183,0.024299999698996544
YLR304C,YCR028C-A,1,-4.5695796,0.30965909361839294,0.10899999737739563,0.024299999698996544
YLR390W-A,YFL018C,0,-4.569673,0.30878186225891113,0.10899999737739563,0.024399999529123306
YNL149C,YNL304W,1,-4.569901,0.31073445081710815,0.10999999940395355,0.024399999529123306
YLR361C,YDL076C,0,-4.569943,0.30985915660858154,0.10999999940395355,0.02449999935925007
YBL063W,YKR007W,0,-4.570952,0.3089887499809265,0.10999999940395355,0.02459999918937683
YAL056W,YPL022W,0,-4.5710254,0.30812326073646545,0.10999999940395355,0.024700000882148743
YOR266W,YFL036W,1,-4.57233,0.31005585193634033,0.11100000143051147,0.024700000882148743
YLR086W,YML085C,0,-4.572363,0.3091922104358673,0.11100000143051147,0.024800000712275505
YPL228W,YEL056W,0,-4.5725417,0.3083333373069763,0.11100000143051147,0.024900000542402267
YGR132C,YFL060C,0,-4.5726333,0.30747923254966736,0.11100000143051147,0.02500000037252903
YJR064W,YDL161W,0,-4.5726686,0.30662983655929565,0.11100000143051147,0.025100000202655792
YLR418C,YDL003W,0,-4.5745983,0.3057851195335388,0.11100000143051147,0.025200000032782555
YDR205W,YLR396C,0,-4.5751247,0.30494505167007446,0.11100000143051147,0.025299999862909317
YGL206C,YDR116C,0,-4.5752006,0.3041096031665802,0.11100000143051147,0.02539999969303608
YKL028W,YML124C,0,-4.575301,0.30327868461608887,0.11100000143051147,0.025499999523162842
YER177W,YGL210W,0,-4.575325,0.30245232582092285,0.11100000143051147,0.025599999353289604
YOR211C,YGR181W,1,-4.575506,0.30434781312942505,0.1120000034570694,0.025599999353289604
YDR296W,YDL217C,1,-4.575565,0.3062330484390259,0.11299999803304672,0.025599999353289604
YOR160W,YCR031C,0,-4.5756702,0.3054054081439972,0.11299999803304672,0.025699999183416367
YCR094W,YNL047C,0,-4.575733,0.3045822083950043,0.11299999803304672,0.025800000876188278
YDL142C,YOL027C,1,-4.576408,0.30645161867141724,0.11400000005960464,0.025800000876188278
YGL142C,YER178W,0,-4.5771737,0.30563002824783325,0.11400000005960464,0.02590000070631504
YCR028C-A,YHR083W,1,-4.578216,0.3074866235256195,0.11500000208616257,0.02590000070631504
YLR361C,YGL004C,0,-4.5785413,0.30666667222976685,0.11500000208616257,0.026000000536441803
YLR110C,YML132W,0,-4.578777,0.3058510720729828,0.11500000208616257,0.026100000366568565
YMR208W,YOR230W,0,-4.578831,0.30503979325294495,0.11500000208616257,0.026200000196695328
YLR313C,YML034W,0,-4.579161,0.30423280596733093,0.11500000208616257,0.02630000002682209
YAL020C,YOR061W,0,-4.5798917,0.30343008041381836,0.11500000208616257,0.026399999856948853
YPL259C,YOL121C,0,-4.579902,0.30263158679008484,0.11500000208616257,0.026499999687075615
YIL062C,YOR037W,1,-4.5805316,0.3044619560241699,0.11599999666213989,0.026499999687075615
YDL142C,YPR024W,1,-4.580997,0.30628272891044617,0.11699999868869781,0.026499999687075615
YJL065C,YHR085W,0,-4.581364,0.30548304319381714,0.11699999868869781,0.026599999517202377
YJL063C,YPR024W,1,-4.581489,0.3072916567325592,0.11800000071525574,0.026599999517202377
YGL105W,YDL166C,0,-4.581901,0.30649352073669434,0.11800000071525574,0.02669999934732914
YOR304W,YMR234W,0,-4.58273,0.3056994676589966,0.11800000071525574,0.026799999177455902
YKL055C,YMR200W,0,-4.58275,0.3049095571041107,0.11800000071525574,0.026900000870227814
YFR027W,YBR035C,0,-4.582808,0.3041236996650696,0.11800000071525574,0.027000000700354576
YKR036C,YNL079C,1,-4.5828643,0.305912584066391,0.11900000274181366,0.027000000700354576
YKL160W,YDR378C,0,-4.582878,0.30512821674346924,0.11900000274181366,0.02710000053048134
YHL034C,YPL283C,0,-4.5836873,0.30434781312942505,0.11900000274181366,0.0272000003606081
YDL108W,YDR183W,0,-4.5843377,0.3035714328289032,0.11900000274181366,0.027300000190734863
YML071C,YLR130C,0,-4.5845003,0.3027989864349365,0.11900000274181366,0.027400000020861626
YJL063C,YJL054W,1,-4.584769,0.3045685291290283,0.11999999731779099,0.027400000020861626
YDR393W,YPR140W,1,-4.585193,0.3063291013240814,0.12099999934434891,0.027400000020861626
YOL063C,YNL072W,0,-4.5857205,0.3055555522441864,0.12099999934434891,0.027499999850988388
YER027C,YDR096W,0,-4.587313,0.30478590726852417,0.12099999934434891,0.02759999968111515
YBR195C,YCR035C,0,-4.588445,0.30402010679244995,0.12099999934434891,0.027699999511241913
YLR370C,YFL036W,1,-4.588778,0.30576440691947937,0.12200000137090683,0.027699999511241913
YJR057W,YDR337W,0,-4.589875,0.3050000071525574,0.12200000137090683,0.027799999341368675
YDL100C,YKL025C,0,-4.59062,0.3042393922805786,0.12200000137090683,0.027899999171495438
YNL135C,YER083C,0,-4.5909195,0.3034825921058655,0.12200000137090683,0.02800000086426735
YLR459W,YPR046W,0,-4.591423,0.3027295172214508,0.12200000137090683,0.02810000069439411
YPR131C,YBR192W,1,-4.5917935,0.3044554591178894,0.12300000339746475,0.02810000069439411
YPR133C,YGL207W,0,-4.5920014,0.3037036955356598,0.12300000339746475,0.028200000524520874
YCR082W,YKR009C,0,-4.5924277,0.30295565724372864,0.12300000339746475,0.028300000354647636
YDR296W,YLL013C,1,-4.592544,0.3046683073043823,0.12399999797344208,0.028300000354647636
YDR208W,YML092C,0,-4.592562,0.30392158031463623,0.12399999797344208,0.0284000001847744
YKL022C,YNL314W,0,-4.5931163,0.30317848920822144,0.12399999797344208,0.02850000001490116
YNL259C,YNL131W,0,-4.593391,0.30243903398513794,0.12399999797344208,0.028599999845027924
YMR012W,YOR147W,1,-4.593761,0.3041362464427948,0.125,0.028599999845027924
YIR013C,YDR142C,0,-4.5940046,0.303398072719574,0.125,0.028699999675154686
YGL173C,YGR020C,0,-4.594287,0.3026634454727173,0.125,0.02879999950528145
YPR094W,YOR045W,0,-4.594356,0.30193236470222473,0.125,0.02889999933540821
YNR027W,YDL185W,0,-4.5954037,0.3012048304080963,0.125,0.028999999165534973
YBR133C,YPL016W,0,-4.595575,0.30048078298568726,0.125,0.029100000858306885
YDR376W,YBR245C,0,-4.5957727,0.29976019263267517,0.125,0.029200000688433647
YFR002W,YDR311W,0,-4.596725,0.29904305934906006,0.125,0.02930000051856041
YOL088C,YPL203W,0,-4.596846,0.29832935333251953,0.125,0.029400000348687172
YBL058W,YJL004C,0,-4.597052,0.2976190447807312,0.125,0.029500000178813934
YOL100W,YJL127C,0,-4.597121,0.2969121038913727,0.125,0.029600000008940697
YOR362C,YML028W,0,-4.5978975,0.29620853066444397,0.125,0.02969999983906746
YIL115C,YGR085C,0,-4.597902,0.2955082654953003,0.125,0.02979999966919422
YCR082W,YJL139C,0,-4.598152,0.29481130838394165,0.125,0.029899999499320984
YOR117W,YLR396C,0,-4.5983014,0.29411765933036804,0.125,0.029999999329447746
YOR244W,YER074W-A,0,-4.5993905,0.2934272289276123,0.125,0.03009999915957451
YNL258C,YMR247C,0,-4.599735,0.2927400469779968,0.125,0.03020000085234642
YLR418C,YMR177W,0,-4.5997834,0.2920560836791992,0.125,0.030300000682473183
YNL004W,YDR489W,0,-4.600409,0.2913752794265747,0.125,0.030400000512599945
YOL043C,YMR201C,0,-4.6010118,0.2906976640224457,0.125,0.030500000342726707
YIL062C,YOR211C,1,-4.6011558,0.2923433780670166,0.12600000202655792,0.030500000342726707
YEL013W,YGL095C,0,-4.6014385,0.2916666567325592,0.12600000202655792,0.03060000017285347
YPL267W,YLR234W,0,-4.601546,0.2909930646419525,0.12600000202655792,0.030700000002980232
YFR009W,YER089C,0,-4.6016593,0.29032257199287415,0.12600000202655792,0.030799999833106995
YEL017C-A,YDR489W,0,-4.6019483,0.2896551787853241,0.12600000202655792,0.030899999663233757
YLR028C,YLR314C,0,-4.6025233,0.2889908254146576,0.12600000202655792,0.03099999949336052
YLR144C,YDR272W,0,-4.602849,0.28832951188087463,0.12600000202655792,0.031099999323487282
YER125W,YDL190C,0,-4.6036077,0.2876712381839752,0.12600000202655792,0.031199999153614044
YPL271W,YCL017C,0,-4.604505,0.2870159447193146,0.12600000202655792,0.031300000846385956
YLR097C,YFR031C,0,-4.604539,0.2863636314868927,0.12600000202655792,0.03139999881386757
YIR015W,YDR484W,0,-4.6046157,0.2857142984867096,0.12600000202655792,0.03150000050663948
YGL054C,YHR154W,0,-4.604743,0.2850678861141205,0.12600000202655792,0.031599998474121094
YOR211C,YJL063C,1,-4.6051393,0.2866817116737366,0.12700000405311584,0.031599998474121094
YNL031C,YMR272C,0,-4.6055617,0.28603604435920715,0.12700000405311584,0.031700000166893005
YNR035C,YOL027C,1,-4.605882,0.28764045238494873,0.12800000607967377,0.031700000166893005
YBL016W,YPL033C,0,-4.606787,0.286995530128479,0.12800000607967377,0.03180000185966492
YIL004C,YGL173C,0,-4.606983,0.2863534688949585,0.12800000607967377,0.03189999982714653
YML048W,YOL012C,0,-4.6075683,0.2857142984867096,0.12800000607967377,0.03200000151991844
YMR164C,YPL138C,0,-4.6078267,0.2850779592990875,0.12800000607967377,0.032099999487400055
YLR219W,YDL128W,0,-4.608272,0.2844444513320923,0.12800000607967377,0.03220000118017197
YPL195W,YDR363W-A,0,-4.6084433,0.2838137447834015,0.12800000607967377,0.03229999914765358
YMR078C,YAR008W,0,-4.6091533,0.28318583965301514,0.12800000607967377,0.03240000084042549
YDL020C,YAR003W,0,-4.6094384,0.28256070613861084,0.12800000607967377,0.032499998807907104
YJL111W,YER129W,0,-4.609477,0.2819383144378662,0.12800000607967377,0.032600000500679016
YER038C,YMR234W,0,-4.609603,0.28131869435310364,0.12800000607967377,0.03269999846816063
YMR305C,YMR203W,0,-4.609741,0.28070175647735596,0.12800000607967377,0.03280000016093254
YJL129C,YOL138C,0,-4.6099257,0.28008753061294556,0.12800000607967377,0.03290000185370445
YLR201C,YDR320C-A,0,-4.6099906,0.27947598695755005,0.12800000607967377,0.032999999821186066
YOR113W,YER035W,0,-4.6100764,0.27886709570884705,0.12800000607967377,0.03310000151395798
YDR188W,YLR086W,0,-4.6101336,0.27826085686683655,0.12800000607967377,0.03319999948143959
YOL156W,YDR142C,0,-4.6105113,0.27765727043151855,0.12800000607967377,0.0333000011742115
YFL036W,YDR470C,1,-4.610704,0.2792207896709442,0.1289999932050705,0.0333000011742115
YCR048W,YPR008W,0,-4.610832,0.2786177098751068,0.1289999932050705,0.033399999141693115
YJL008C,YDR294C,0,-4.61104,0.2780172526836395,0.1289999932050705,0.03350000083446503
YPL059W,YDL200C,0,-4.6111627,0.2774193584918976,0.1289999932050705,0.03359999880194664
YGL238W,YFL037W,0,-4.611214,0.276824027299881,0.1289999932050705,0.03370000049471855
YOL027C,YNL121C,1,-4.6119986,0.278372585773468,0.12999999523162842,0.03370000049471855
YKL045W,YLR033W,0,-4.61226,0.2777777910232544,0.12999999523162842,0.033799998462200165
YIL154C,YDL195W,0,-4.612478,0.27718549966812134,0.12999999523162842,0.033900000154972076
YNL079C,YMR241W,1,-4.6124883,0.27872341871261597,0.13099999725818634,0.033900000154972076
YJR022W,YNL293W,0,-4.612526,0.2781316339969635,0.13099999725818634,0.03400000184774399
YPL002C,YLR006C,0,-4.613667,0.277542382478714,0.13099999725818634,0.0340999998152256
YJL146W,YPL010W,0,-4.614965,0.27695560455322266,0.13099999725818634,0.03420000150799751
YDR279W,YDL140C,0,-4.6150494,0.2763713002204895,0.13099999725818634,0.034299999475479126
YDR363W-A,YER031C,0,-4.6153235,0.2757894694805145,0.13099999725818634,0.03440000116825104
YCR038C,YKL134C,0,-4.6153283,0.27521008253097534,0.13099999725818634,0.03449999913573265
YHR166C,YDR103W,0,-4.6153345,0.27463310956954956,0.13099999725818634,0.03460000082850456
YDR432W,YKR059W,0,-4.6155763,0.27405858039855957,0.13099999725818634,0.034699998795986176
YLR088W,YGL181W,0,-4.6162353,0.2734864354133606,0.13099999725818634,0.03480000048875809
YJL124C,YCR027C,0,-4.6167903,0.27291667461395264,0.13099999725818634,0.0348999984562397
YBL080C,YPR024W,1,-4.6168685,0.27442827820777893,0.13199999928474426,0.0348999984562397
YOR048C,YMR263W,0,-4.6168804,0.2738589346408844,0.13199999928474426,0.03500000014901161
YBR158W,YNL199C,0,-4.6171975,0.2732919156551361,0.13199999928474426,0.035100001841783524
YLR324W,YBR173C,0,-4.617847,0.27272728085517883,0.13199999928474426,0.03519999980926514
YGL124C,YNL222W,0,-4.618053,0.2721649408340454,0.13199999928474426,0.03530000150203705
YDR148C,YGR082W,0,-4.618557,0.2716049253940582,0.13199999928474426,0.03539999946951866
YMR044W,YEL017C-A,0,-4.619222,0.2710472345352173,0.13199999928474426,0.03550000116229057
YDR265W,YMR263W,0,-4.6193466,0.2704918086528778,0.13199999928474426,0.035599999129772186
YJL128C,YDR308C,0,-4.6194024,0.2699386477470398,0.13199999928474426,0.0357000008225441
YBL006C,YER123W,0,-4.6199074,0.26938775181770325,0.13199999928474426,0.03579999879002571
YDR320C-A,YAL009W,0,-4.6202674,0.2688390910625458,0.13199999928474426,0.03590000048279762
YPR104C,YBR121C,0,-4.6208434,0.26829269528388977,0.13199999928474426,0.035999998450279236
YDR311W,YPR016C,0,-4.6212506,0.26774847507476807,0.13199999928474426,0.03610000014305115
YKL045W,YJL173C,0,-4.6217175,0.26720649003982544,0.13199999928474426,0.03620000183582306
YIL004C,YJL141C,0,-4.6218653,0.2666666805744171,0.13199999928474426,0.03629999980330467
YGL219C,YMR302C,1,-4.6224637,0.2681451737880707,0.13300000131130219,0.03629999980330467
YGR199W,YJL004C,0,-4.623241,0.26760563254356384,0.13300000131130219,0.036400001496076584
YGR120C,YJR040W,0,-4.6235085,0.2670682668685913,0.13300000131130219,0.0364999994635582
YMR012W,YNL121C,1,-4.6240144,0.26853707432746887,0.1340000033378601,0.0364999994635582
YGR101W,YNL149C,1,-4.624245,0.27000001072883606,0.13500000536441803,0.0364999994635582
YJL001W,YML028W,0,-4.6248164,0.269461065530777,0.13500000536441803,0.03660000115633011
YCR020W-B,YGR158C,0,-4.6249466,0.2689242959022522,0.13500000536441803,0.03669999912381172
YPL178W,YDR208W,0,-4.624996,0.26838967204093933,0.13500000536441803,0.03680000081658363
YGL173C,YPR155C,0,-4.6252036,0.2678571343421936,0.13500000536441803,0.03689999878406525
YPR073C,YOR150W,0,-4.625686,0.2673267424106598,0.13500000536441803,0.03700000047683716
YOL051W,YGR252W,0,-4.626257,0.2667984068393707,0.13500000536441803,0.03709999844431877
YOR002W,YKL054C,0,-4.6266937,0.2662721872329712,0.13500000536441803,0.03720000013709068
YJR006W,YJR160C,0,-4.6268497,0.2657480239868164,0.13500000536441803,0.037300001829862595
YOR147W,YJL112W,1,-4.6274633,0.2671905755996704,0.13600000739097595,0.037300001829862595
YGL252C,YOL028C,0,-4.627501,0.2666666805744171,0.13600000739097595,0.03739999979734421
YDR296W,YMR241W,1,-4.6275125,0.2681017518043518,0.13699999451637268,0.03739999979734421
YJL006C,YOL115W,0,-4.6276917,0.267578125,0.13699999451637268,0.03750000149011612
YPL152W,YBL058W,0,-4.62776,0.26705652475357056,0.13699999451637268,0.03759999945759773
YIR009W,YPL096W,0,-4.6282525,0.2665369510650635,0.13699999451637268,0.037700001150369644
YDL069C,YDR320C-A,0,-4.628318,0.26601940393447876,0.13699999451637268,0.03779999911785126
YGL219C,YGL055W,1,-4.628518,0.26744186878204346,0.1379999965429306,0.03779999911785126
YOR174W,YDR129C,0,-4.629053,0.26692456007003784,0.1379999965429306,0.03790000081062317
YPR176C,YIR025W,0,-4.6290765,0.2664092779159546,0.1379999965429306,0.03799999877810478
YPL181W,YOR143C,0,-4.629618,0.2658959627151489,0.1379999965429306,0.038100000470876694
YDR023W,YDL185W,0,-4.629626,0.26538461446762085,0.1379999965429306,0.03819999843835831
YPR046W,YNL098C,0,-4.629791,0.26487523317337036,0.1379999965429306,0.03830000013113022
YBR260C,YDR227W,0,-4.629923,0.26436781883239746,0.1379999965429306,0.03840000182390213
YLR376C,YPR189W,0,-4.630092,0.26386234164237976,0.1379999965429306,0.03849999979138374
YHR108W,YNL244C,0,-4.6301956,0.2633587718009949,0.1379999965429306,0.038600001484155655
YDR182W,YGL104C,0,-4.630223,0.2628571391105652,0.1379999965429306,0.03869999945163727
YHR019C,YDR086C,0,-4.630512,0.2623574137687683,0.1379999965429306,0.03880000114440918
YNL225C,YDL030W,0,-4.630879,0.26185959577560425,0.1379999965429306,0.03889999911189079
YIR037W,YBR173C,0,-4.6310663,0.2613636255264282,0.1379999965429306,0.039000000804662704
YML058W,YNL304W,1,-4.631243,0.2627599239349365,0.13899999856948853,0.039000000804662704
YIL062C,YIL051C,1,-4.6313496,0.2641509473323822,0.14000000059604645,0.039000000804662704
YBR136W,YJR059W,0,-4.631385,0.2636534869670868,0.14000000059604645,0.03909999877214432
YBL080C,YPR140W,1,-4.631594,0.2650375962257385,0.14100000262260437,0.03909999877214432
YKR087C,YIL063C,0,-4.6321373,0.26454034447669983,0.14100000262260437,0.03920000046491623
YMR237W,YLL040C,0,-4.6321807,0.26404494047164917,0.14100000262260437,0.03929999843239784
YPL040C,YKL195W,0,-4.632399,0.26355141401290894,0.14100000262260437,0.039400000125169754
YBR043C,YER161C,0,-4.6324573,0.26305970549583435,0.14100000262260437,0.039500001817941666
YOR113W,YLL060C,0,-4.6325526,0.2625698447227478,0.14100000262260437,0.03959999978542328
YDL076C,YDR167W,0,-4.632776,0.2620817720890045,0.14100000262260437,0.03970000147819519
YGL061C,YDR227W,0,-4.6328998,0.26159554719924927,0.14100000262260437,0.039799999445676804
YDL029W,YJR135W-A,1,-4.6337028,0.2629629671573639,0.1420000046491623,0.039799999445676804
YHR024C,YKR090W,0,-4.633751,0.2624768912792206,0.1420000046491623,0.039900001138448715
YBR234C,YPR125W,1,-4.6341987,0.26383763551712036,0.14300000667572021,0.039900001138448715
YPR101W,YML064C,0,-4.6347566,0.2633517384529114,0.14300000667572021,0.03999999910593033
YNL030W,YOL146W,0,-4.6349387,0.26286765933036804,0.14300000667572021,0.04010000079870224
YOR244W,YHR034C,0,-4.6352015,0.2623853087425232,0.14300000667572021,0.04019999876618385
YAL058W,YDR461W,0,-4.6353226,0.261904776096344,0.14300000667572021,0.040300000458955765
YLL001W,YOR266W,1,-4.6354346,0.2632541060447693,0.14399999380111694,0.040300000458955765
YNR035C,YDL029W,1,-4.635826,0.264598548412323,0.14499999582767487,0.040300000458955765
YNR002C,YDL046W,0,-4.636669,0.2641165852546692,0.14499999582767487,0.04039999842643738
YPR125W,YPR024W,1,-4.637134,0.2654545307159424,0.1459999978542328,0.04039999842643738
YLR394W,YJL104W,0,-4.6373487,0.2649727761745453,0.1459999978542328,0.04050000011920929
YMR012W,YDR393W,1,-4.6374283,0.2663043439388275,0.1469999998807907,0.04050000011920929
YPR020W,YDL200C,0,-4.6375337,0.26582279801368713,0.1469999998807907,0.0406000018119812
YKL012W,YCR035C,0,-4.6375856,0.26534295082092285,0.1469999998807907,0.040699999779462814
YLR304C,YBR185C,1,-4.638249,0.2666666805744171,0.14800000190734863,0.040699999779462814
YDR376W,YOR367W,0,-4.6383295,0.26618704199790955,0.14800000190734863,0.040800001472234726
YJL054W,YNL070W,1,-4.6384654,0.26750448346138,0.14900000393390656,0.040800001472234726
YCR039C,YDR281C,0,-4.641018,0.26702508330345154,0.14900000393390656,0.04089999943971634
YOR148C,YIL144W,0,-4.6413436,0.26654741168022156,0.14900000393390656,0.04100000113248825
YKL064W,YBL017C,0,-4.641414,0.2660714387893677,0.14900000393390656,0.041099999099969864
YPL190C,YPR181C,0,-4.641536,0.2655971348285675,0.14900000393390656,0.041200000792741776
YBL099W,YLR139C,0,-4.6425242,0.2651245594024658,0.14900000393390656,0.04129999876022339
YBR020W,YPR121W,0,-4.6426373,0.26465365290641785,0.14900000393390656,0.0414000004529953
YGL252C,YKL154W,0,-4.644478,0.2641843855381012,0.14900000393390656,0.04149999842047691
YOR133W,YGR063C,0,-4.6444993,0.26371681690216064,0.14900000393390656,0.041600000113248825
YMR240C,YJR147W,0,-4.6451902,0.2632508873939514,0.14900000393390656,0.04170000180602074
YGR169C,YOR045W,0,-4.645907,0.2627865970134735,0.14900000393390656,0.04179999977350235
YHR005C-A,YDR470C,1,-4.6460967,0.26408451795578003,0.15000000596046448,0.04179999977350235
YOR334W,YOR159C,0,-4.646196,0.26362037658691406,0.15000000596046448,0.04190000146627426
YER155C,YMR129W,0,-4.6463237,0.2631579041481018,0.15000000596046448,0.041999999433755875
YIL062C,YGR101W,1,-4.6463857,0.264448344707489,0.1509999930858612,0.041999999433755875
YOR037W,YGR101W,1,-4.646944,0.2657342553138733,0.15199999511241913,0.041999999433755875
YDL226C,YIR009W,0,-4.647078,0.26527050137519836,0.15199999511241913,0.042100001126527786
YMR183C,YPL139C,0,-4.6487603,0.2648083567619324,0.15199999511241913,0.0421999990940094
YDR364C,YML094W,0,-4.649176,0.2643478214740753,0.15199999511241913,0.04230000078678131
YDL029W,YBR212W,1,-4.6492577,0.265625,0.15299999713897705,0.04230000078678131
YLR242C,YPL122C,0,-4.6493278,0.26516464352607727,0.15299999713897705,0.042399998754262924
YOL068C,YOL094C,0,-4.6494412,0.2647058963775635,0.15299999713897705,0.042500000447034836
YPL271W,YHR175W,0,-4.6495047,0.26424869894981384,0.15299999713897705,0.04259999841451645
YLR110C,YHR041C,0,-4.6495233,0.26379311084747314,0.15299999713897705,0.04270000010728836
YMR091C,YDR279W,0,-4.6495366,0.2633390724658966,0.15299999713897705,0.04280000180006027
YKL113C,YNL243W,0,-4.649648,0.26288658380508423,0.15299999713897705,0.042899999767541885
YOR367W,YER116C,0,-4.6499686,0.2624356746673584,0.15299999713897705,0.0430000014603138
YKL053C-A,YNL070W,1,-4.6506624,0.26369863748550415,0.15399999916553497,0.0430000014603138
YFL029C,YMR299C,0,-4.650831,0.26324787735939026,0.15399999916553497,0.04309999942779541
YGL173C,YLR166C,0,-4.651212,0.26279863715171814,0.15399999916553497,0.04320000112056732
YMR264W,YCL017C,0,-4.6517205,0.2623509466648102,0.15399999916553497,0.043299999088048935
YGR135W,YIL076W,0,-4.6518517,0.261904776096344,0.15399999916553497,0.04340000078082085
YLR028C,YJR060W,0,-4.6518893,0.2614600956439972,0.15399999916553497,0.04349999874830246
YHR079C,YFL004W,0,-4.652498,0.26101693511009216,0.15399999916553497,0.04360000044107437
YNL059C,YLR272C,0,-4.6525474,0.2605752944946289,0.15399999916553497,0.043699998408555984
YDR258C,YBL080C,1,-4.653144,0.2618243098258972,0.1550000011920929,0.043699998408555984
YJL210W,YKL045W,0,-4.653248,0.2613827884197235,0.1550000011920929,0.043800000101327896
YNL243W,YAL002W,0,-4.653255,0.2609427571296692,0.1550000011920929,0.04390000179409981
YLR370C,YGR181W,1,-4.653581,0.26218488812446594,0.15600000321865082,0.04390000179409981
YOR098C,YKL025C,0,-4.653602,0.26174497604370117,0.15600000321865082,0.04399999976158142
YIR025W,YDR071C,0,-4.653758,0.2613065242767334,0.15600000321865082,0.04410000145435333
YCR052W,YER087C-B,0,-4.6547647,0.260869562625885,0.15600000321865082,0.044199999421834946
YOL133W,YPR101W,0,-4.6550126,0.2604340612888336,0.15600000321865082,0.04430000111460686
YER094C,YGL232W,0,-4.655028,0.25999999046325684,0.15600000321865082,0.04439999908208847
YOL100W,YDL216C,0,-4.6553273,0.25956737995147705,0.15600000321865082,0.04450000077486038
YNL070W,YPR125W,1,-4.655783,0.2607973515987396,0.15700000524520874,0.04450000077486038
YNL006W,YPL218W,0,-4.657999,0.260364830493927,0.15700000524520874,0.044599998742341995
YPL241C,YPL002C,0,-4.658623,0.2599337697029114,0.15700000524520874,0.04470000043511391
YNR017W,YLR448W,0,-4.658814,0.25950413942337036,0.15700000524520874,0.04479999840259552
YIL062C,YDL217C,1,-4.658861,0.26072606444358826,0.15800000727176666,0.04479999840259552
YNL233W,YDR498C,0,-4.6589885,0.2602965533733368,0.15800000727176666,0.04490000009536743
YGL004C,YOR045W,0,-4.6598263,0.25986841320991516,0.15800000727176666,0.04500000178813934
YHR186C,YNL287W,0,-4.6603594,0.25944170355796814,0.15800000727176666,0.045099999755620956
YLR059C,YDR443C,0,-4.660402,0.25901639461517334,0.15800000727176666,0.04520000144839287
YEL056W,YNL177C,0,-4.6604643,0.2585924565792084,0.15800000727176666,0.04529999941587448
YNR035C,YNL055C,1,-4.6607122,0.2598039209842682,0.1589999943971634,0.04529999941587448
YNR027W,YJL138C,0,-4.6607685,0.2593801021575928,0.1589999943971634,0.04540000110864639
YDR337W,YOL121C,0,-4.660826,0.2589576542377472,0.1589999943971634,0.045499999076128006
YKR002W,YML034W,0,-4.6622653,0.25853657722473145,0.1589999943971634,0.04560000076889992
YOR160W,YPL128C,0,-4.6623263,0.25811687111854553,0.1589999943971634,0.04569999873638153
YGR202C,YKL012W,0,-4.662479,0.25769853591918945,0.1589999943971634,0.04580000042915344
YGR220C,YKR001C,0,-4.663422,0.2572815418243408,0.1589999943971634,0.045899998396635056
YDL200C,YML049C,0,-4.664025,0.256865918636322,0.1589999943971634,0.04600000008940697
YJR065C,YPR024W,1,-4.664037,0.25806450843811035,0.1599999964237213,0.04600000008940697
YDL108W,YBR095C,0,-4.664199,0.25764894485473633,0.1599999964237213,0.04610000178217888
YDR294C,YHL024W,0,-4.664367,0.25723472237586975,0.1599999964237213,0.04619999974966049
YDR479C,YIL129C,0,-4.664675,0.2568218410015106,0.1599999964237213,0.046300001442432404
YNL262W,YOR368W,0,-4.6647077,0.25641027092933655,0.1599999964237213,0.04639999940991402
YGL021W,YOL090W,0,-4.6650896,0.25600001215934753,0.1599999964237213,0.04650000110268593
YOR064C,YER074W-A,0,-4.6651473,0.2555910646915436,0.1599999964237213,0.04659999907016754
YPL106C,YPL203W,0,-4.665174,0.2551833987236023,0.1599999964237213,0.04670000076293945
YML129C,YGR116W,0,-4.6652217,0.25477707386016846,0.1599999964237213,0.046799998730421066
YPL217C,YDR432W,0,-4.6659937,0.2543720304965973,0.1599999964237213,0.04690000042319298
YPL155C,YOR140W,0,-4.666321,0.2539682686328888,0.1599999964237213,0.04699999839067459
YOR020C,YGR212W,0,-4.6665587,0.2535657584667206,0.1599999964237213,0.0471000000834465
YGL061C,YOR201C,0,-4.66657,0.2531645596027374,0.1599999964237213,0.047200001776218414
YBR202W,YGR030C,0,-4.6667104,0.25276461243629456,0.1599999964237213,0.04729999974370003
YBR278W,YDR485C,0,-4.6667933,0.25236591696739197,0.1599999964237213,0.04740000143647194
YOR147W,YPR083W,1,-4.666981,0.25354331731796265,0.16099999845027924,0.04740000143647194
YHR005C-A,YMR302C,1,-4.6672015,0.25471699237823486,0.16200000047683716,0.04740000143647194
YDR054C,YMR004W,0,-4.667315,0.25431710481643677,0.16200000047683716,0.04749999940395355
YDR130C,YJL004C,0,-4.6677847,0.25391849875450134,0.16200000047683716,0.047600001096725464
YJR013W,YER147C,0,-4.667897,0.2535211145877838,0.16200000047683716,0.04769999906420708
YLR286C,YIL048W,0,-4.668208,0.25312501192092896,0.16200000047683716,0.04780000075697899
YLR384C,YPR070W,0,-4.6683984,0.2527301013469696,0.16200000047683716,0.0478999987244606
YDR122W,YMR053C,0,-4.6684175,0.25233644247055054,0.16200000047683716,0.04800000041723251
YMR224C,YDR477W,0,-4.6692357,0.25194400548934937,0.16200000047683716,0.04809999838471413
YHR099W,YDR485C,0,-4.66924,0.2515527904033661,0.16200000047683716,0.04820000007748604
YJR139C,YKR003W,0,-4.6698794,0.2511627972126007,0.16200000047683716,0.04830000177025795
YHR194W,YIL051C,1,-4.6700892,0.2523219883441925,0.16300000250339508,0.04830000177025795
YJR127C,YCR018C,0,-4.670341,0.2519319951534271,0.16300000250339508,0.04839999973773956
YPR111W,YDL147W,0,-4.6709714,0.25154322385787964,0.16300000250339508,0.048500001430511475
YIL010W,YOL031C,0,-4.6718574,0.2511556148529053,0.16300000250339508,0.04859999939799309
YBR289W,YPL253C,0,-4.671917,0.2507692277431488,0.16300000250339508,0.048700001090765
YFR019W,YCR083W,0,-4.671941,0.25038403272628784,0.16300000250339508,0.04879999905824661
YKL052C,YAR008W,0,-4.672342,0.25,0.16300000250339508,0.048900000751018524
YER051W,YML007W,0,-4.672542,0.24961714446544647,0.16300000250339508,0.04899999871850014
YGR181W,YMR241W,1,-4.6726947,0.25076451897621155,0.164000004529953,0.04899999871850014
YBR211C,YGL181W,0,-4.673184,0.2503816783428192,0.164000004529953,0.04910000041127205
YBL008W,YGR116W,0,-4.673291,0.25,0.164000004529953,0.04919999837875366
YPL115C,YCL016C,0,-4.673899,0.2496194839477539,0.164000004529953,0.049300000071525574
YHR069C,YBL055C,0,-4.6742773,0.24924011528491974,0.164000004529953,0.049400001764297485
YBR267W,YIL053W,0,-4.6744046,0.2488619089126587,0.164000004529953,0.0494999997317791
YHR178W,YGR281W,0,-4.6746764,0.24848484992980957,0.164000004529953,0.04960000142455101
YDR279W,YOR132W,0,-4.674884,0.24810892343521118,0.164000004529953,0.04969999939203262
YAL020C,YMR207C,0,-4.6751,0.24773414433002472,0.164000004529953,0.049800001084804535
YNL225C,YML032C,0,-4.6753135,0.2473604828119278,0.164000004529953,0.04989999905228615
YOR076C,YOL138C,0,-4.6757927,0.2469879537820816,0.164000004529953,0.05000000074505806
YOR266W,YDR470C,1,-4.676681,0.24812030792236328,0.16500000655651093,0.05000000074505806
YLR145W,YBR103W,0,-4.6767573,0.2477477490901947,0.16500000655651093,0.05009999871253967
YHR194W,YOL027C,1,-4.6768103,0.24887555837631226,0.16599999368190765,0.05009999871253967
YKR065C,YGR135W,0,-4.6768527,0.24850299954414368,0.16599999368190765,0.050200000405311584
YDR463W,YIL063C,0,-4.676869,0.24813154339790344,0.16599999368190765,0.0502999983727932
YOR100C,YDL181W,0,-4.676974,0.24776118993759155,0.16599999368190765,0.05040000006556511
YML024W,YPR137W,0,-4.6775203,0.2473919540643692,0.16599999368190765,0.05050000175833702
YJL030W,YDL005C,0,-4.6775966,0.247023805975914,0.16599999368190765,0.050599999725818634
YNL082W,YML025C,0,-4.6781263,0.24665676057338715,0.16599999368190765,0.050700001418590546
YGL046W,YBR182C,0,-4.6792665,0.24629080295562744,0.16599999368190765,0.05079999938607216
YPL181W,YDR129C,0,-4.6794906,0.2459259331226349,0.16599999368190765,0.05090000107884407
YGL043W,YGR082W,0,-4.67979,0.2455621361732483,0.16599999368190765,0.050999999046325684
YDR137W,YOR290C,0,-4.6798825,0.24519941210746765,0.16599999368190765,0.051100000739097595
YKL079W,YDR213W,0,-4.6803946,0.24483776092529297,0.16599999368190765,0.05119999870657921
YBL057C,YER161C,0,-4.680425,0.24447716772556305,0.16599999368190765,0.05130000039935112
YHL002W,YOR142W,0,-4.6805964,0.2441176474094391,0.16599999368190765,0.05139999836683273
YMR100W,YOR290C,0,-4.6806264,0.2437591850757599,0.16599999368190765,0.051500000059604645
YJL179W,YDR137W,0,-4.682167,0.24340176582336426,0.16599999368190765,0.051600001752376556
YLR368W,YML061C,1,-4.682204,0.2445095181465149,0.16699999570846558,0.051600001752376556
YNL020C,YLR023C,0,-4.682458,0.24415205419063568,0.16699999570846558,0.05169999971985817
YLL013C,YNL310C,1,-4.6825128,0.2452554702758789,0.1679999977350235,0.05169999971985817
YJL076W,YGR013W,0,-4.682837,0.2448979616165161,0.1679999977350235,0.05180000141263008
YBR233W-A,YAL043C,0,-4.683225,0.2445414811372757,0.1679999977350235,0.051899999380111694
YJL014W,YKL040C,0,-4.68331,0.24418604373931885,0.1679999977350235,0.052000001072883606
YKL114C,YOR297C,0,-4.683347,0.24383163452148438,0.1679999977350235,0.05209999904036522
YDL232W,YGR112W,0,-4.6835785,0.24347825348377228,0.1679999977350235,0.05220000073313713
YLR195C,YOL038W,0,-4.6835923,0.24312590062618256,0.1679999977350235,0.052299998700618744
YDR153C,YIR015W,0,-4.6845098,0.24277456104755402,0.1679999977350235,0.052400000393390656
YGL013C,YOR069W,0,-4.6846375,0.24242424964904785,0.1679999977350235,0.05249999836087227
YPL140C,YOR127W,0,-4.6846776,0.24207492172718048,0.1679999977350235,0.05260000005364418
YMR225C,YGL252C,0,-4.6855216,0.24172662198543549,0.1679999977350235,0.05270000174641609
YAL038W,YMR079W,0,-4.6855993,0.24137930572032928,0.1679999977350235,0.052799999713897705
YML012W,YNL097C,0,-4.6861205,0.24103300273418427,0.1679999977350235,0.05290000140666962
YMR137C,YGL163C,0,-4.6861625,0.24068768322467804,0.1679999977350235,0.05299999937415123
YPL049C,YDL043C,0,-4.686216,0.2403433471918106,0.1679999977350235,0.05310000106692314
YFL039C,YDL142C,1,-4.6865788,0.24142856895923615,0.16899999976158142,0.05310000106692314
YDR375C,YGR086C,0,-4.6869974,0.24108415842056274,0.16899999976158142,0.053199999034404755
YDR296W,YHR083W,1,-4.6871247,0.2421652376651764,0.17000000178813934,0.053199999034404755
YBR185C,YNL079C,1,-4.687221,0.2432432472705841,0.17100000381469727,0.053199999034404755
YDR205W,YOR368W,0,-4.687512,0.24289773404598236,0.17100000381469727,0.053300000727176666
YDR515W,YKL203C,0,-4.6879697,0.24255318939685822,0.17100000381469727,0.05339999869465828
YML059C,YFR051C,0,-4.6882014,0.24220962822437286,0.17100000381469727,0.05350000038743019
YKL007W,YMR073C,0,-4.688648,0.2418670505285263,0.17100000381469727,0.053599998354911804
YPL006W,YPL147W,0,-4.6888356,0.24152542650699615,0.17100000381469727,0.053700000047683716
YAL043C,YKR028W,0,-4.6889625,0.2411847710609436,0.17100000381469727,0.05380000174045563
YHR194W,YLL013C,1,-4.6890035,0.24225352704524994,0.1720000058412552,0.05380000174045563
YOL027C,YDR219C,1,-4.6890726,0.24331927299499512,0.17299999296665192,0.05380000174045563
YGL055W,YMR302C,1,-4.689119,0.24438202381134033,0.17399999499320984,0.05380000174045563
YFL034C-B,YNR048W,0,-4.689316,0.24403926730155945,0.17399999499320984,0.05389999970793724
YLR452C,YNL263C,0,-4.6895947,0.24369747936725616,0.17399999499320984,0.05400000140070915
YGL013C,YPL243W,0,-4.689631,0.2433566451072693,0.17399999499320984,0.054099999368190765
YGL086W,YLR335W,0,-4.6899724,0.24301676452159882,0.17399999499320984,0.05420000106096268
YNL094W,YOL051W,0,-4.689993,0.24267782270908356,0.17399999499320984,0.05429999902844429
YBR186W,YJL001W,0,-4.6901712,0.2423398345708847,0.17399999499320984,0.0544000007212162
YLR370C,YOR211C,1,-4.6902018,0.24339359998703003,0.17499999701976776,0.0544000007212162
YLR013W,YFL011W,0,-4.6904373,0.2430555522441864,0.17499999701976776,0.054499998688697815
YER094C,YDR529C,0,-4.6904516,0.24271844327449799,0.17499999701976776,0.05460000038146973
YLR205C,YCL051W,0,-4.6907153,0.24238227307796478,0.17499999701976776,0.05469999834895134
YOR008C,YML115C,0,-4.69083,0.2420470267534256,0.17499999701976776,0.05480000004172325
YMR060C,YNL304W,1,-4.691029,0.24309392273426056,0.17599999904632568,0.05480000004172325
YDR106W,YLR324W,0,-4.6912885,0.2427586168050766,0.17599999904632568,0.05490000173449516
YNL091W,YLR277C,0,-4.691408,0.24242424964904785,0.17599999904632568,0.054999999701976776
YBR035C,YGL025C,0,-4.6914573,0.24209079146385193,0.17599999904632568,0.05510000139474869
YBR133C,YBL022C,0,-4.6914935,0.24175824224948883,0.17599999904632568,0.0551999993622303
YGR120C,YGR200C,0,-4.691847,0.24142661690711975,0.17599999904632568,0.05530000105500221
YER017C,YKR065C,0,-4.6919665,0.2410958856344223,0.17599999904632568,0.055399999022483826
YLR220W,YLR079W,0,-4.6919694,0.24076607823371887,0.17599999904632568,0.05550000071525574
YPL091W,YDR148C,0,-4.692856,0.24043716490268707,0.17599999904632568,0.05559999868273735
YDR098C,YDR427W,0,-4.692885,0.2401091456413269,0.17599999904632568,0.05570000037550926
YNL118C,YLR452C,0,-4.6932387,0.23978202044963837,0.17599999904632568,0.055799998342990875
YPL132W,YML029W,0,-4.694094,0.23945578932762146,0.17599999904632568,0.05590000003576279
YFL029C,YNL099C,0,-4.694198,0.239130437374115,0.17599999904632568,0.0560000017285347
YJR118C,YNL304W,1,-4.694593,0.24016281962394714,0.1770000010728836,0.0560000017285347
YLR450W,YDR456W,0,-4.6946406,0.2398373931646347,0.1770000010728836,0.05609999969601631
YDR358W,YFR052W,0,-4.695272,0.2395128607749939,0.1770000010728836,0.05620000138878822
YJR064W,YKR037C,0,-4.6957974,0.23918919265270233,0.1770000010728836,0.056299999356269836
YNL032W,YGR020C,0,-4.6958776,0.2388664036989212,0.1770000010728836,0.05640000104904175
YOL027C,YLL013C,1,-4.6961026,0.23989218473434448,0.17800000309944153,0.05640000104904175
YJL124C,YBL026W,0,-4.696263,0.2395693063735962,0.17800000309944153,0.05649999901652336
YDL088C,YNL102W,0,-4.696391,0.23924730718135834,0.17800000309944153,0.05660000070929527
YHL031C,YCL043C,0,-4.696446,0.23892617225646973,0.17800000309944153,0.056699998676776886
YIR025W,YLR006C,0,-4.6965213,0.23860590159893036,0.17800000309944153,0.0568000003695488
YGL094C,YLR045C,0,-4.6967616,0.23828648030757904,0.17800000309944153,0.05689999833703041
YDR272W,YDL216C,0,-4.697066,0.23796790838241577,0.17800000309944153,0.05700000002980232
YGL055W,YPR024W,1,-4.697216,0.2389853149652481,0.17900000512599945,0.05700000002980232
YDR093W,YER122C,0,-4.6972895,0.23866666853427887,0.17900000512599945,0.057100001722574234
YDR201W,YKR062W,0,-4.6973705,0.23834887146949768,0.17900000512599945,0.05719999969005585
YKR083C,YPL022W,0,-4.6978583,0.23803190886974335,0.17900000512599945,0.05730000138282776
YMR044W,YHR186C,0,-4.6981735,0.23771581053733826,0.17900000512599945,0.05739999935030937
YML058W,YNL121C,1,-4.698616,0.23872679471969604,0.18000000715255737,0.05739999935030937
YDL100C,YOR221C,0,-4.698732,0.2384105920791626,0.18000000715255737,0.057500001043081284
YBR091C,YNL149C,1,-4.6991067,0.23941798508167267,0.1809999942779541,0.057500001043081284
YIL106W,YBR216C,0,-4.6992183,0.23910172283649445,0.1809999942779541,0.0575999990105629
YIR004W,YCR073W-A,0,-4.6994324,0.23878628015518188,0.1809999942779541,0.05770000070333481
YOL045W,YGL210W,0,-4.700573,0.23847167193889618,0.1809999942779541,0.05779999867081642
YJL054W,YMR241W,1,-4.7007585,0.23947368562221527,0.18199999630451202,0.05779999867081642
YER178W,YDR308C,0,-4.7007694,0.2391590029001236,0.18199999630451202,0.05790000036358833
YGL047W,YER162C,0,-4.700826,0.23884513974189758,0.18199999630451202,0.057999998331069946
YDR071C,YPL218W,0,-4.7011905,0.23853211104869843,0.18199999630451202,0.05810000002384186
YBR274W,YBL007C,0,-4.701246,0.23821990191936493,0.18199999630451202,0.05820000171661377
YMR025W,YJR102C,0,-4.701469,0.2379084974527359,0.18199999630451202,0.05829999968409538
YKR061W,YJL141C,0,-4.701622,0.23759791254997253,0.18199999630451202,0.058400001376867294
YBR185C,YOR266W,1,-4.7019553,0.23859190940856934,0.18299999833106995,0.058400001376867294
YDR182W,YLR459W,0,-4.70198,0.23828125,0.18299999833106995,0.05849999934434891
YDR480W,YDR137W,0,-4.7020288,0.23797139525413513,0.18299999833106995,0.05860000103712082
YMR264W,YJL165C,0,-4.702542,0.23766233026981354,0.18299999833106995,0.05869999900460243
YNL127W,YBL006C,0,-4.7027183,0.2373540848493576,0.18299999833106995,0.058800000697374344
YDR219C,YHR083W,1,-4.7028165,0.23834197223186493,0.18400000035762787,0.058800000697374344
YNL136W,YHR094C,0,-4.7032905,0.23803363740444183,0.18400000035762787,0.05889999866485596
YBR038W,YNL116W,0,-4.703376,0.237726092338562,0.18400000035762787,0.05900000035762787
YCL044C,YNL079C,1,-4.70371,0.23870967328548431,0.1850000023841858,0.05900000035762787
YPL270W,YAL017W,0,-4.704125,0.23840206861495972,0.1850000023841858,0.05909999832510948
YLL006W,YNL055C,1,-4.7044864,0.23938223719596863,0.1860000044107437,0.05909999832510948
YML077W,YOL139C,0,-4.704664,0.23907454311847687,0.1860000044107437,0.05920000001788139
YIR004W,YDR265W,0,-4.704709,0.23876765370368958,0.1860000044107437,0.059300001710653305
YGR181W,YMR302C,1,-4.7047324,0.23974359035491943,0.18700000643730164,0.059300001710653305
YBL019W,YPL085W,0,-4.705375,0.23943662643432617,0.18700000643730164,0.05939999967813492
YKR090W,YDR207C,0,-4.705986,0.239130437374115,0.18700000643730164,0.05950000137090683
YNL328C,YPL002C,0,-4.7061744,0.23882503807544708,0.18700000643730164,0.05959999933838844
YLR304C,YNL121C,1,-4.7067046,0.23979592323303223,0.18799999356269836,0.05959999933838844
YMR037C,YPL133C,0,-4.7072415,0.23949044942855835,0.18799999356269836,0.059700001031160355
YBR185C,YDR296W,1,-4.7074227,0.24045801162719727,0.1889999955892563,0.059700001031160355
YKR065C,YOR127W,0,-4.7074637,0.2401524782180786,0.1889999955892563,0.05979999899864197
YDL130W,YHR039C-A,0,-4.7075205,0.23984771966934204,0.1889999955892563,0.05990000069141388
YPR131C,YOR266W,1,-4.707549,0.24081115424633026,0.1899999976158142,0.05990000069141388
YJL128C,YDR170C,0,-4.7076316,0.2405063360929489,0.1899999976158142,0.05999999865889549
YMR119W,YJL187C,0,-4.7083116,0.24020227789878845,0.1899999976158142,0.060100000351667404
YCR039C,YGR063C,0,-4.7083535,0.23989899456501007,0.1899999976158142,0.06019999831914902
YMR112C,YGR112W,0,-4.7087746,0.23959647119045258,0.1899999976158142,0.06030000001192093
YLR368W,YDR219C,1,-4.7088037,0.24055415391921997,0.19099999964237213,0.06030000001192093
YDL115C,YPR167C,0,-4.70932,0.2402515709400177,0.19099999964237213,0.06040000170469284
YAL012W,YBR118W,0,-4.709391,0.23994974792003632,0.19099999964237213,0.060499999672174454
YMR047C,YOR308C,0,-4.709674,0.23964868485927582,0.19099999964237213,0.060600001364946365
YMR073C,YOL038W,0,-4.7098923,0.239348366856575,0.19099999964237213,0.06069999933242798
YNL288W,YKL149C,0,-4.7098975,0.2390488088130951,0.19099999964237213,0.06080000102519989
YOL027C,YNL310C,1,-4.7102027,0.23999999463558197,0.19200000166893005,0.06080000102519989
YPL129W,YOR045W,0,-4.710328,0.23970037698745728,0.19200000166893005,0.0608999989926815
YHL038C,YDR301W,0,-4.7103705,0.23940148949623108,0.19200000166893005,0.061000000685453415
YBL057C,YKR037C,0,-4.7105727,0.23910336196422577,0.19200000166893005,0.06109999865293503
YDR293C,YMR053C,0,-4.7112727,0.23880596458911896,0.19200000166893005,0.06120000034570694
YNL020C,YMR177W,0,-4.7120957,0.23850931227207184,0.19200000166893005,0.06129999831318855
YPL259C,YGR252W,0,-4.7126527,0.2382134050130844,0.19200000166893005,0.061400000005960464
YPL048W,YGR275W,0,-4.7132254,0.2379182130098343,0.19200000166893005,0.061500001698732376
YGR220C,YAL001C,0,-4.7132936,0.23762376606464386,0.19200000166893005,0.06159999966621399
YJL001W,YER087C-B,0,-4.7136917,0.23733003437519073,0.19200000166893005,0.0617000013589859
YMR168C,YNR031C,0,-4.7137275,0.2370370328426361,0.19200000166893005,0.061799999326467514
YOL010W,YNL222W,0,-4.7137723,0.23674476146697998,0.19200000166893005,0.061900001019239426
YLR355C,YLL013C,1,-4.713993,0.2376847267150879,0.19300000369548798,0.061900001019239426
YIL142W,YPR168W,0,-4.714599,0.2373923808336258,0.19300000369548798,0.06199999898672104
YML029W,YNR039C,0,-4.7148166,0.2371007353067398,0.19300000369548798,0.06210000067949295
YDL017W,YMR077C,0,-4.7151294,0.23680981993675232,0.19300000369548798,0.062199998646974564
YOL059W,YBR058C-A,0,-4.715289,0.23651960492134094,0.19300000369548798,0.062300000339746475
YIL149C,YGR132C,0,-4.715297,0.23623010516166687,0.19300000369548798,0.06239999830722809
YMR097C,YDR243C,0,-4.71533,0.2359413206577301,0.19300000369548798,0.0625
YJR006W,YDR200C,0,-4.7153683,0.23565323650836945,0.19300000369548798,0.06260000169277191
YER013W,YDR086C,0,-4.715388,0.2353658527135849,0.19300000369548798,0.06270000338554382
YGL003C,YGL113W,0,-4.7155247,0.23507916927337646,0.19300000369548798,0.06279999762773514
YPL192C,YCR009C,0,-4.715982,0.23479318618774414,0.19300000369548798,0.06289999932050705
YBR080C,YJL012C,0,-4.7160187,0.23450790345668793,0.19300000369548798,0.06300000101327896
YER166W,YOR153W,0,-4.7160335,0.23422330617904663,0.19300000369548798,0.06310000270605087
YBR192W,YNL070W,1,-4.7160544,0.2351515144109726,0.1940000057220459,0.06310000270605087
YNL225C,YBR118W,0,-4.7162695,0.23486682772636414,0.1940000057220459,0.06319999694824219
YPL091W,YKR046C,0,-4.717164,0.2345828264951706,0.1940000057220459,0.0632999986410141
YJL115W,YMR004W,0,-4.7172904,0.23429951071739197,0.1940000057220459,0.06340000033378601
YBL071W-A,YDR198C,0,-4.717405,0.23401688039302826,0.1940000057220459,0.06350000202655792
YJL146W,YKL062W,0,-4.7176127,0.23373493552207947,0.1940000057220459,0.06360000371932983
YMR299C,YML004C,0,-4.7177806,0.2334536761045456,0.1940000057220459,0.06369999796152115
YJL117W,YBL050W,0,-4.7178025,0.23317307233810425,0.1940000057220459,0.06379999965429306
YOR290C,YDR201W,0,-4.7178993,0.23289315402507782,0.1940000057220459,0.06390000134706497
YJL058C,YHR039C-A,0,-4.718556,0.23261390626430511,0.1940000057220459,0.06400000303983688
YKR002W,YJL004C,0,-4.718802,0.23233532905578613,0.1940000057220459,0.0640999972820282
YLR028C,YMR284W,0,-4.718964,0.23205742239952087,0.1940000057220459,0.06419999897480011
YPR072W,YCR018C,0,-4.719173,0.23178017139434814,0.1940000057220459,0.06430000066757202
YPL096W,YNL054W,0,-4.7194757,0.23150357604026794,0.1940000057220459,0.06440000236034393
YPL178W,YLL027W,0,-4.7197366,0.23122765123844147,0.1940000057220459,0.06449999660253525
YOL027C,YOR211C,1,-4.7197733,0.2321428507566452,0.19499999284744263,0.06449999660253525
YOR147W,YDR296W,1,-4.719922,0.23305588960647583,0.19599999487400055,0.06449999660253525
YGL119W,YBL079W,0,-4.7204175,0.2327791005373001,0.19599999487400055,0.06459999829530716
YJR135W-A,YMR241W,1,-4.7205253,0.23368920385837555,0.19699999690055847,0.06459999829530716
YPR019W,YDL005C,0,-4.7207136,0.23341232538223267,0.19699999690055847,0.06469999998807907
YIL051C,YBR192W,1,-4.7213597,0.2343195229768753,0.1979999989271164,0.06469999998807907
YBR070C,YHL031C,0,-4.7214446,0.23404255509376526,0.1979999989271164,0.06480000168085098
YJL124C,YML010W,0,-4.7219625,0.23376622796058655,0.1979999989271164,0.0649000033736229
YOL088C,YGL038C,0,-4.721974,0.23349057137966156,0.1979999989271164,0.06499999761581421
YLR131C,YKL185W,0,-4.7227364,0.2332155406475067,0.1979999989271164,0.06509999930858612
YDL174C,YFL013C,0,-4.7231584,0.2329411804676056,0.1979999989271164,0.06520000100135803
YGL061C,YHR062C,0,-4.723569,0.2326674461364746,0.1979999989271164,0.06530000269412994
YNL021W,YPL233W,0,-4.7236905,0.23239436745643616,0.1979999989271164,0.06539999693632126
YER161C,YKL095W,0,-4.7240243,0.23212192952632904,0.1979999989271164,0.06549999862909317
YNL079C,YPR125W,1,-4.7242537,0.233021080493927,0.19900000095367432,0.06549999862909317
YOR074C,YKL045W,0,-4.7251544,0.23274853825569153,0.19900000095367432,0.06560000032186508
YJL143W,YNL154C,0,-4.725177,0.2324766367673874,0.19900000095367432,0.065700002014637
YIL070C,YLR191W,0,-4.7252364,0.2322053611278534,0.19900000095367432,0.0658000037074089
YJR057W,YKL018W,0,-4.725267,0.23193472623825073,0.19900000095367432,0.06589999794960022
YJR135W-A,YPR024W,1,-4.7254753,0.23282887041568756,0.20000000298023224,0.06589999794960022
YAL038W,YPR103W,0,-4.725763,0.23255814611911774,0.20000000298023224,0.06599999964237213
YPL161C,YLR195C,0,-4.7259707,0.23228803277015686,0.20000000298023224,0.06610000133514404
YFL041W,YKL079W,0,-4.7261305,0.23201856017112732,0.20000000298023224,0.06620000302791595
YGL047W,YDR477W,0,-4.726197,0.23174971342086792,0.20000000298023224,0.06629999727010727
YLR207W,YGR040W,0,-4.726738,0.23148147761821747,0.20000000298023224,0.06639999896287918
YNL098C,YGR020C,0,-4.726755,0.23121386766433716,0.20000000298023224,0.06650000065565109
YDR363W,YHR039C-A,0,-4.7268295,0.230946883559227,0.20000000298023224,0.066600002348423
YNL156C,YAL016W,0,-4.727027,0.23068051040172577,0.20000000298023224,0.06669999659061432
YML036W,YML069W,0,-4.7273,0.2304147481918335,0.20000000298023224,0.06679999828338623
YGL216W,YJR103W,0,-4.7273984,0.23014959692955017,0.20000000298023224,0.06689999997615814
YJR046W,YDR079C-A,0,-4.7276473,0.2298850566148758,0.20000000298023224,0.06700000166893005
YDR219C,YJL054W,1,-4.7277155,0.23076923191547394,0.20100000500679016,0.06700000166893005
YML067C,YAL030W,0,-4.7282,0.2305045872926712,0.20100000500679016,0.06710000336170197
YDR219C,YDR470C,1,-4.728391,0.23138602077960968,0.20200000703334808,0.06710000336170197
YCR094W,YOR320C,0,-4.728409,0.23112128674983978,0.20200000703334808,0.06719999760389328
YDL161W,YNL227C,0,-4.728801,0.23085714876651764,0.20200000703334808,0.06729999929666519
YMR237W,YOR371C,0,-4.729116,0.23059360682964325,0.20200000703334808,0.0674000009894371
YEL017C-A,YNL032W,0,-4.7291827,0.2303306758403778,0.20200000703334808,0.06750000268220901
YBR004C,YOL127W,0,-4.7292604,0.23006834089756012,0.20200000703334808,0.06759999692440033
YBR185C,YLL013C,1,-4.7294574,0.23094426095485687,0.2029999941587448,0.06759999692440033
YDR099W,YMR043W,0,-4.7298474,0.23068182170391083,0.2029999941587448,0.06769999861717224
YKL052C,YOR274W,0,-4.730143,0.23041997849941254,0.2029999941587448,0.06780000030994415
YAL012W,YBR017C,0,-4.730702,0.230158731341362,0.2029999941587448,0.06790000200271606
YPL145C,YOR332W,0,-4.730819,0.22989808022975922,0.2029999941587448,0.06800000369548798
YGL051W,YGR104C,0,-4.7312098,0.229638010263443,0.2029999941587448,0.06809999793767929
YIL070C,YML120C,0,-4.731409,0.22937853634357452,0.2029999941587448,0.0681999996304512
YGL044C,YER031C,0,-4.73166,0.22911964356899261,0.2029999941587448,0.06830000132322311
YBL022C,YDL212W,0,-4.7320395,0.22886133193969727,0.2029999941587448,0.06840000301599503
YLL036C,YPR009W,0,-4.732101,0.22860360145568848,0.2029999941587448,0.06849999725818634
YFL003C,YDR255C,0,-4.732139,0.22834645211696625,0.2029999941587448,0.06859999895095825
YKR099W,YCR092C,0,-4.73257,0.22808988392353058,0.2029999941587448,0.06870000064373016
YDL100C,YDL005C,0,-4.733144,0.22783389687538147,0.2029999941587448,0.06880000233650208
YDL161W,YGL253W,0,-4.7332687,0.22757847607135773,0.2029999941587448,0.06889999657869339
YML031W,YKL086W,0,-4.7333474,0.22732362151145935,0.2029999941587448,0.0689999982714653
YDL226C,YMR125W,0,-4.733591,0.22706934809684753,0.2029999941587448,0.06909999996423721
YNL071W,YNL169C,0,-4.7337594,0.22681564092636108,0.2029999941587448,0.06920000165700912
YNR027W,YDR213W,0,-4.7342534,0.2265625,0.2029999941587448,0.06930000334978104
YER068W,YNL311C,0,-4.7351136,0.22630992531776428,0.2029999941587448,0.06939999759197235
YGR098C,YFR002W,0,-4.735188,0.22605790197849274,0.2029999941587448,0.06949999928474426
YLR195C,YIL038C,0,-4.735208,0.22580644488334656,0.2029999941587448,0.06960000097751617
YDR181C,YDR416W,0,-4.735244,0.22555555403232574,0.2029999941587448,0.06970000267028809
YOR211C,YJL054W,1,-4.735315,0.22641509771347046,0.20399999618530273,0.06970000267028809
YDR174W,YLR447C,0,-4.7357183,0.2261640727519989,0.20399999618530273,0.0697999969124794
YBR133C,YML076C,0,-4.735928,0.2259136140346527,0.20399999618530273,0.06989999860525131
YGR163W,YDR177W,0,-4.7359576,0.22566372156143188,0.20399999618530273,0.07000000029802322
YLR390W-A,YLR277C,0,-4.736434,0.22541436553001404,0.20399999618530273,0.07010000199079514
YDL008W,YDR317W,0,-4.7368646,0.22516556084156036,0.20399999618530273,0.07020000368356705
YBR257W,YJL059W,0,-4.737269,0.22491730749607086,0.20399999618530273,0.07029999792575836
YBR211C,YGR276C,0,-4.73733,0.22466960549354553,0.20399999618530273,0.07039999961853027
YBR118W,YBR058C,0,-4.737619,0.22442243993282318,0.20399999618530273,0.07050000131130219
YBR110W,YGL206C,0,-4.7376966,0.224175825715065,0.20399999618530273,0.0706000030040741
YLR242C,YNL288W,0,-4.7377276,0.2239297479391098,0.20399999618530273,0.07069999724626541
YDR258C,YMR302C,1,-4.738316,0.22478070855140686,0.20499999821186066,0.07069999724626541
YOL090W,YLR066W,0,-4.7384,0.22453449666500092,0.20499999821186066,0.07079999893903732
YJL065C,YPR141C,0,-4.7385173,0.22428883612155914,0.20499999821186066,0.07090000063180923
YBR135W,YNL154C,0,-4.7387066,0.22404371201992035,0.20499999821186066,0.07100000232458115
YOR265W,YDR427W,0,-4.7390122,0.22379912436008453,0.20499999821186066,0.07109999656677246
YJL006C,YER104W,0,-4.739467,0.2235550731420517,0.20499999821186066,0.07119999825954437
YML112W,YDL225W,0,-4.739739,0.22331154346466064,0.20499999821186066,0.07129999995231628
YOR147W,YNL079C,1,-4.739823,0.2241566926240921,0.20600000023841858,0.07129999995231628
YLR370C,YML058W,1,-4.7399163,0.22499999403953552,0.2070000022649765,0.07129999995231628
YOR213C,YER005W,0,-4.7399387,0.22475570440292358,0.2070000022649765,0.0714000016450882
YDR320C-A,YJR077C,0,-4.739961,0.22451193630695343,0.2070000022649765,0.07150000333786011
YML004C,YGL038C,0,-4.740525,0.22426868975162506,0.2070000022649765,0.07159999758005142
YBR233W-A,YHL034C,0,-4.7406964,0.22402597963809967,0.2070000022649765,0.07169999927282333
YGL245W,YGL086W,0,-4.740847,0.22378379106521606,0.2070000022649765,0.07180000096559525
YDL004W,YBL022C,0,-4.7409587,0.22354212403297424,0.2070000022649765,0.07190000265836716
YGL090W,YBR081C,0,-4.741565,0.223300963640213,0.2070000022649765,0.07199999690055847
YDR174W,YDR450W,0,-4.742029,0.22306033968925476,0.2070000022649765,0.07209999859333038
YGL194C,YER105C,0,-4.7421117,0.2228202372789383,0.2070000022649765,0.0722000002861023
YHR027C,YLR383W,0,-4.7421956,0.22258064150810242,0.2070000022649765,0.0723000019788742
YMR119W,YOR149C,0,-4.742358,0.22234156727790833,0.2070000022649765,0.07240000367164612
YNL287W,YJL029C,0,-4.7426095,0.22210299968719482,0.2070000022649765,0.07249999791383743
YLR085C,YOL133W,0,-4.742619,0.2218649536371231,0.2070000022649765,0.07259999960660934
YDL004W,YBR081C,0,-4.7426867,0.22162741422653198,0.2070000022649765,0.07270000129938126
YGL223C,YNL268W,0,-4.7427897,0.22139038145542145,0.2070000022649765,0.07280000299215317
YNL106C,YJR022W,0,-4.742791,0.2211538404226303,0.2070000022649765,0.07289999723434448
YGR092W,YBR260C,0,-4.7428536,0.22091782093048096,0.2070000022649765,0.0729999989271164
YKL149C,YDL135C,0,-4.7431445,0.2206823080778122,0.2070000022649765,0.0731000006198883
YDR039C,YDL195W,0,-4.743149,0.22044728696346283,0.2070000022649765,0.07320000231266022
YGL223C,YJL087C,0,-4.7433853,0.22021277248859406,0.2070000022649765,0.07329999655485153
YDL226C,YHR150W,0,-4.7435265,0.21997874975204468,0.2070000022649765,0.07339999824762344
YGL058W,YCR060W,0,-4.743661,0.2197452187538147,0.2070000022649765,0.07349999994039536
YPL120W,YJL154C,0,-4.743966,0.2195121943950653,0.2070000022649765,0.07360000163316727
YJR006W,YIL063C,0,-4.7440305,0.21927966177463531,0.2070000022649765,0.07370000332593918
YAL024C,YBR156C,0,-4.7441583,0.21904762089252472,0.2070000022649765,0.0737999975681305
YOL027C,YBR192W,1,-4.7442102,0.21987314522266388,0.20800000429153442,0.0737999975681305
YKL060C,YDR174W,0,-4.744572,0.21964097023010254,0.20800000429153442,0.0738999992609024
YNL145W,YGR063C,0,-4.74469,0.2194092869758606,0.20800000429153442,0.07400000095367432
YLR035C,YHR139C,0,-4.744763,0.21917808055877686,0.20800000429153442,0.07410000264644623
YLR332W,YPL218W,0,-4.7450304,0.2189473658800125,0.20800000429153442,0.07419999688863754
YNL166C,YIL132C,0,-4.745383,0.21871714293956757,0.20800000429153442,0.07429999858140945
YMR068W,YDL216C,0,-4.745541,0.21848739683628082,0.20800000429153442,0.07440000027418137
YLR361C,YCR039C,0,-4.745833,0.21825812757015228,0.20800000429153442,0.07450000196695328
YPL096C-A,YGL011C,0,-4.7458563,0.21802935004234314,0.20800000429153442,0.07460000365972519
YLR220W,YOR344C,0,-4.745896,0.2178010493516922,0.20800000429153442,0.0746999979019165
YNL021W,YGR143W,0,-4.746182,0.21757322549819946,0.20800000429153442,0.07479999959468842
YOL045W,YML105C,0,-4.746282,0.21734587848186493,0.20800000429153442,0.07490000128746033
YGL019W,YDL236W,0,-4.746767,0.2171189934015274,0.20800000429153442,0.07500000298023224
YJL111W,YGL136C,0,-4.7468085,0.21689260005950928,0.20800000429153442,0.07509999722242355
YDR110W,YBL063W,0,-4.7469273,0.21666666865348816,0.20800000429153442,0.07519999891519547
YEL053C,YER087C-B,0,-4.746989,0.21644121408462524,0.20800000429153442,0.07530000060796738
YIL106W,YPL218W,0,-4.7470527,0.21621622145175934,0.20800000429153442,0.07540000230073929
YMR012W,YPR083W,1,-4.747469,0.2170301079750061,0.20900000631809235,0.07540000230073929
YPR083W,YPL098C,1,-4.7475576,0.21784232556819916,0.20999999344348907,0.07540000230073929
YGL194C,YOR208W,0,-4.7476535,0.21761657297611237,0.20999999344348907,0.0754999965429306
YAL033W,YBL020W,0,-4.7477813,0.21739129722118378,0.20999999344348907,0.07559999823570251
YDR296W,YML061C,1,-4.7478538,0.21820062398910522,0.210999995470047,0.07559999823570251
YER061C,YJL139C,0,-4.7483463,0.2179751992225647,0.210999995470047,0.07569999992847443
YCL011C,YML010W,0,-4.7484236,0.21775025129318237,0.210999995470047,0.07580000162124634
YLR166C,YKR059W,0,-4.748944,0.21752578020095825,0.210999995470047,0.07590000331401825
YBR276C,YIL129C,0,-4.7490344,0.21730175614356995,0.210999995470047,0.07599999755620956
YBL006C,YJL124C,0,-4.7491193,0.21707819402217865,0.210999995470047,0.07609999924898148
YDR141C,YFR052W,0,-4.7495446,0.21685509383678436,0.210999995470047,0.07620000094175339
YJR064W,YLR016C,0,-4.749871,0.2166324406862259,0.210999995470047,0.0763000026345253
YOL071W,YIL009C-A,0,-4.749967,0.21641024947166443,0.210999995470047,0.07639999687671661
YBR164C,YLR277C,0,-4.7504973,0.21618852019309998,0.210999995470047,0.07649999856948853
YLR424W,YML021C,0,-4.7506537,0.21596725285053253,0.210999995470047,0.07660000026226044
YDR361C,YML006C,0,-4.75084,0.2157464176416397,0.210999995470047,0.07670000195503235
YGL194C,YIL147C,0,-4.7508435,0.2155260443687439,0.210999995470047,0.07680000364780426
YFR046C,YML025C,0,-4.7508845,0.2153061181306839,0.210999995470047,0.07689999788999557
YIL026C,YPL016W,0,-4.751043,0.21508663892745972,0.210999995470047,0.07699999958276749
YOR265W,YOR367W,0,-4.7511635,0.21486762166023254,0.210999995470047,0.0771000012755394
YLL043W,YCR084C,0,-4.7512946,0.21464903652668,0.210999995470047,0.07720000296831131
YHL031C,YLR240W,0,-4.751417,0.21443089842796326,0.210999995470047,0.07729999721050262
YBR133C,YGR141W,0,-4.7514606,0.21421319246292114,0.210999995470047,0.07739999890327454
YGL174W,YBR289W,0,-4.751494,0.21399594843387604,0.210999995470047,0.07750000059604645
YNL287W,YNL054W,0,-4.7515197,0.21377912163734436,0.210999995470047,0.07760000228881836
YGL172W,YKR029C,0,-4.751654,0.2135627567768097,0.210999995470047,0.07769999653100967
YHR005C-A,YBR192W,1,-4.751867,0.21435794234275818,0.21199999749660492,0.07769999653100967
YOR320C,YLR292C,0,-4.7525296,0.21414141356945038,0.21199999749660492,0.07779999822378159
YOR241W,YMR008C,0,-4.752661,0.2139253318309784,0.21199999749660492,0.0778999999165535
YBR112C,YHR079C,0,-4.75273,0.21370968222618103,0.21199999749660492,0.07800000160932541
YER166W,YDR409W,0,-4.7530236,0.2134944647550583,0.21199999749660492,0.07810000330209732
YLR219W,YOL148C,0,-4.753285,0.21327967941761017,0.21199999749660492,0.07819999754428864
YGL122C,YIL143C,0,-4.753295,0.21306532621383667,0.21199999749660492,0.07829999923706055
YHR005C-A,YCR028C-A,1,-4.7536077,0.21385541558265686,0.21299999952316284,0.07829999923706055
YHL048W,YPL116W,0,-4.7545156,0.21364092826843262,0.21299999952316284,0.07840000092983246
YDR480W,YDL225W,0,-4.754605,0.2134268581867218,0.21299999952316284,0.07850000262260437
YBR112C,YFL013C,0,-4.7547174,0.2132132202386856,0.21299999952316284,0.07859999686479568
YPL078C,YGL150C,0,-4.754806,0.21299999952316284,0.21299999952316284,0.0786999985575676
YML129C,YNL131W,0,-4.7548223,0.2127872109413147,0.21299999952316284,0.07880000025033951
YIL046W,YHR042W,0,-4.7548423,0.21257485449314117,0.21299999952316284,0.07890000194311142
YDL106C,YIL017C,0,-4.7548985,0.21236291527748108,0.21299999952316284,0.07900000363588333
YPL042C,YER024W,0,-4.7552767,0.2121513932943344,0.21299999952316284,0.07909999787807465
YGL033W,YML064C,0,-4.7553573,0.21194030344486237,0.21299999952316284,0.07919999957084656
YDL069C,YBR156C,0,-4.755381,0.21172961592674255,0.21299999952316284,0.07930000126361847
YOR147W,YBR192W,1,-4.7553916,0.21251241862773895,0.21400000154972076,0.07930000126361847
YML120C,YML028W,0,-4.7554803,0.2123015820980072,0.21400000154972076,0.07940000295639038
YGL020C,YDL217C,1,-4.75563,0.21308225393295288,0.2150000035762787,0.07940000295639038
YPL195W,YGR284C,0,-4.7557425,0.21287128329277039,0.2150000035762787,0.0794999971985817
YGL200C,YNL302C,0,-4.7558274,0.21266072988510132,0.2150000035762787,0.07959999889135361
YLR028C,YDR463W,0,-4.755882,0.21245059370994568,0.2150000035762787,0.07970000058412552
YCR002C,YLR371W,0,-4.7559547,0.21224087476730347,0.2150000035762787,0.07980000227689743
YMR292W,YIL056W,0,-4.756233,0.2120315581560135,0.2150000035762787,0.07989999651908875
YHR176W,YML025C,0,-4.7564955,0.21182265877723694,0.2150000035762787,0.07999999821186066
YKR095W-A,YBR106W,0,-4.756596,0.21161417663097382,0.2150000035762787,0.08009999990463257
YML110C,YGR220C,0,-4.7569804,0.21140609681606293,0.2150000035762787,0.08020000159740448
YOR328W,YDR011W,0,-4.7576222,0.21119843423366547,0.2150000035762787,0.08030000329017639
YDR296W,YNL310C,1,-4.757667,0.21197251975536346,0.2160000056028366,0.08030000329017639
YHL027W,YOR308C,0,-4.7585273,0.21176470816135406,0.2160000056028366,0.0803999975323677
YNL117W,YBR221C,0,-4.75853,0.2115572988986969,0.2160000056028366,0.08049999922513962
YGR163W,YBL052C,0,-4.758918,0.21135029196739197,0.2160000056028366,0.08060000091791153
YNL116W,YMR039C,0,-4.7589283,0.21114370226860046,0.2160000056028366,0.08070000261068344
YDR099W,YML032C,0,-4.759107,0.2109375,0.2160000056028366,0.08079999685287476
YDL029W,YOR211C,1,-4.759421,0.21170732378959656,0.21699999272823334,0.08079999685287476
YNL136W,YPR133W-A,0,-4.75955,0.21150097250938416,0.21699999272823334,0.08089999854564667
YNL059C,YJL011C,0,-4.7596107,0.21129503846168518,0.21699999272823334,0.08100000023841858
YJL124C,YIL048W,0,-4.7596297,0.21108949184417725,0.21699999272823334,0.08110000193119049
YLL036C,YDR418W,0,-4.7597194,0.21088434755802155,0.21699999272823334,0.0812000036239624
YFL024C,YBR118W,0,-4.760102,0.21067960560321808,0.21699999272823334,0.08129999786615372
YJR060W,YMR311C,0,-4.760265,0.21047526597976685,0.21699999272823334,0.08139999955892563
YDL093W,YPL007C,0,-4.760325,0.21027131378650665,0.21699999272823334,0.08150000125169754
YNL219C,YNL288W,0,-4.7614083,0.2100677639245987,0.21699999272823334,0.08160000294446945
YDL138W,YBL058W,0,-4.7622213,0.20986460149288177,0.21699999272823334,0.08169999718666077
YMR299C,YOR290C,0,-4.7622476,0.2096618413925171,0.21699999272823334,0.08179999887943268
YJR140C,YLR138W,0,-4.7623935,0.20945945382118225,0.21699999272823334,0.08190000057220459
YGL086W,YNL290W,0,-4.7629685,0.20925746858119965,0.21699999272823334,0.0820000022649765
YGR238C,YGR275W,0,-4.7636423,0.20905587077140808,0.21699999272823334,0.08209999650716782
YNL014W,YDL230W,0,-4.7639627,0.20885467529296875,0.21699999272823334,0.08219999819993973
YLR015W,YNL082W,0,-4.7640343,0.20865385234355927,0.21699999272823334,0.08229999989271164
YGR097W,YGL226C-A,0,-4.764214,0.20845341682434082,0.21699999272823334,0.08240000158548355
YBL080C,YDR393W,1,-4.764402,0.2092130482196808,0.21799999475479126,0.08240000158548355
YGL252C,YBR095C,0,-4.7644944,0.2090124636888504,0.21799999475479126,0.08250000327825546
YHR001W,YPL089C,0,-4.7646747,0.20881226658821106,0.21799999475479126,0.08259999752044678
YBR290W,YNL167C,0,-4.764861,0.20861244201660156,0.21799999475479126,0.08269999921321869
YPL195W,YKL016C,0,-4.76507,0.2084130048751831,0.21799999475479126,0.0828000009059906
YDR106W,YDR096W,0,-4.765307,0.2082139402627945,0.21799999475479126,0.08290000259876251
YCL038C,YJL026W,0,-4.765319,0.20801526308059692,0.21799999475479126,0.08299999684095383
YER172C,YPL169C,0,-4.7654686,0.2078169733285904,0.21799999475479126,0.08309999853372574
YKL007W,YPL138C,0,-4.7654834,0.20761904120445251,0.21799999475479126,0.08320000022649765
YML099C,YHR129C,0,-4.7654977,0.20742149651050568,0.21799999475479126,0.08330000191926956
YDL006W,YJR135W-A,1,-4.7656293,0.2081748992204666,0.21899999678134918,0.08330000191926956
YPR025C,YPR046W,0,-4.7657313,0.20797720551490784,0.21899999678134918,0.08340000361204147
YPR046W,YJL128C,0,-4.7658353,0.2077798843383789,0.21899999678134918,0.08349999785423279
YJL196C,YCL017C,0,-4.7660794,0.20758293569087982,0.21899999678134918,0.0835999995470047
YDR211W,YGR169C,0,-4.7662387,0.20738635957241058,0.21899999678134918,0.08370000123977661
YPR168W,YGR038W,0,-4.766532,0.2071901559829712,0.21899999678134918,0.08380000293254852
YDR375C,YKR037C,0,-4.767399,0.20699432492256165,0.21899999678134918,0.08389999717473984
YMR119W,YMR139W,0,-4.767408,0.20679886639118195,0.21899999678134918,0.08399999886751175
YDL078C,YOL044W,0,-4.767731,0.2066037803888321,0.21899999678134918,0.08410000056028366
YMR038C,YLL021W,0,-4.7677503,0.2064090520143509,0.21899999678134918,0.08420000225305557
YBR161W,YGL006W,0,-4.7678146,0.20621469616889954,0.21899999678134918,0.08429999649524689
YOR368W,YDR137W,0,-4.7682614,0.20602069795131683,0.21899999678134918,0.0843999981880188
YOL051W,YDR129C,0,-4.7683253,0.20582707226276398,0.21899999678134918,0.08449999988079071
YJL194W,YOL011W,0,-4.7683587,0.20563380420207977,0.21899999678134918,0.08460000157356262
YPL256C,YCR018C,0,-4.7686477,0.20544089376926422,0.21899999678134918,0.08470000326633453
YDR385W,YGR086C,0,-4.7688007,0.20524835586547852,0.21899999678134918,0.08479999750852585
YOL142W,YGR172C,0,-4.769116,0.20505617558956146,0.21899999678134918,0.08489999920129776
YKR068C,YBL008W,0,-4.7692637,0.20486435294151306,0.21899999678134918,0.08500000089406967
YLR220W,YGR098C,0,-4.7693834,0.2046729028224945,0.21899999678134918,0.08510000258684158
YHR027C,YJR046W,0,-4.76971,0.2044817954301834,0.21899999678134918,0.0851999968290329
YJR017C,YDR011W,0,-4.769932,0.20429104566574097,0.21899999678134918,0.08529999852180481
YBR275C,YGL048C,0,-4.7699513,0.20410065352916718,0.21899999678134918,0.08540000021457672
YGL181W,YDL138W,0,-4.769954,0.20391061902046204,0.21899999678134918,0.08550000190734863
YOL012C,YCR018C,0,-4.7702074,0.20372092723846436,0.21899999678134918,0.08560000360012054
YBL071W-A,YNL177C,0,-4.7703166,0.20353159308433533,0.21899999678134918,0.08569999784231186
YNL059C,YIL018W,0,-4.7706485,0.20334261655807495,0.21899999678134918,0.08579999953508377
YLR449W,YGL122C,0,-4.7707286,0.20315398275852203,0.21899999678134918,0.08590000122785568
YML048W,YNL004W,0,-4.7707486,0.20296570658683777,0.21899999678134918,0.0860000029206276
YOR211C,YOR266W,1,-4.770763,0.20370370149612427,0.2199999988079071,0.0860000029206276
YDL069C,YLR246W,0,-4.7710147,0.20351526141166687,0.2199999988079071,0.08609999716281891
YBL063W,YGL136C,0,-4.7710514,0.20332717895507812,0.2199999988079071,0.08619999885559082
YDL044C,YGR119C,0,-4.771402,0.20313942432403564,0.2199999988079071,0.08630000054836273
YGL219C,YJL063C,1,-4.771552,0.20387454330921173,0.22100000083446503,0.08630000054836273
YBR186W,YCL004W,0,-4.772834,0.2036866396665573,0.22100000083446503,0.08640000224113464
YDL142C,YGR101W,1,-4.7731566,0.20441989600658417,0.22200000286102295,0.08640000224113464
YML110C,YMR008C,0,-4.774077,0.20423182845115662,0.22200000286102295,0.08649999648332596
YGR135W,YPL139C,0,-4.774935,0.20404411852359772,0.22200000286102295,0.08659999817609787
YKL052C,YIL132C,0,-4.7749734,0.20385675132274628,0.22200000286102295,0.08669999986886978
YMR043W,YGL210W,0,-4.775034,0.2036697268486023,0.22200000286102295,0.0868000015616417
YPR112C,YHR034C,0,-4.775099,0.20348304510116577,0.22200000286102295,0.0869000032544136
YOR316C,YBL063W,0,-4.7753825,0.2032967060804367,0.22200000286102295,0.08699999749660492
YGL238W,YOR038C,0,-4.7755685,0.2031107097864151,0.22200000286102295,0.08709999918937683
YOL095C,YGR181W,1,-4.775761,0.20383912324905396,0.22300000488758087,0.08709999918937683
YDR292C,YBR283C,0,-4.776071,0.20365296304225922,0.22300000488758087,0.08720000088214874
YCL051W,YGL075C,0,-4.7761893,0.20346716046333313,0.22300000488758087,0.08730000257492065
YBR185C,YOL076W,1,-4.7762833,0.20419324934482574,0.2240000069141388,0.08730000257492065
YNL290W,YLR141W,0,-4.777477,0.20400728285312653,0.2240000069141388,0.08739999681711197
YPL190C,YOR054C,0,-4.777647,0.20382165908813477,0.2240000069141388,0.08749999850988388
YGR163W,YDR523C,0,-4.777781,0.20363636314868927,0.2240000069141388,0.08760000020265579
YKL114C,YKL119C,0,-4.7782264,0.20345140993595123,0.2240000069141388,0.0877000018954277
YER107C,YJL124C,0,-4.7782426,0.20326678454875946,0.2240000069141388,0.08780000358819962
YKL084W,YOR221C,0,-4.778671,0.20308250188827515,0.2240000069141388,0.08789999783039093
YNL078W,YDR126W,0,-4.7789845,0.2028985470533371,0.2240000069141388,0.08799999952316284
YJR104C,YLR181C,0,-4.779197,0.2027149349451065,0.2240000069141388,0.08810000121593475
YJR094C,YDR545W,0,-4.779279,0.20253165066242218,0.2240000069141388,0.08820000290870667
YBR095C,YDL080C,0,-4.7795587,0.20234869420528412,0.2240000069141388,0.08829999715089798
YLR342W,YLR084C,0,-4.7798276,0.20216606557369232,0.2240000069141388,0.08839999884366989
YKL054C,YDR294C,0,-4.779889,0.2019837647676468,0.2240000069141388,0.0885000005364418
YJL085W,YPL002C,0,-4.7799544,0.20180180668830872,0.2240000069141388,0.08860000222921371
YJR047C,YMR177W,0,-4.780086,0.2016201615333557,0.2240000069141388,0.08869999647140503
YPR140W,YNL310C,1,-4.7803473,0.20233812928199768,0.22499999403953552,0.08869999647140503
YBR129C,YLR043C,0,-4.780606,0.20215633511543274,0.22499999403953552,0.08879999816417694
YFR027W,YJL073W,0,-4.7806325,0.20197486877441406,0.22499999403953552,0.08889999985694885
YLR304C,YOL027C,1,-4.780754,0.20269058644771576,0.22599999606609344,0.08889999985694885
YBR118W,YKL175W,0,-4.7807755,0.20250895619392395,0.22599999606609344,0.08900000154972076
YFL036W,YNL304W,1,-4.781092,0.20322291553020477,0.22699999809265137,0.08900000154972076
YPL110C,YML038C,0,-4.781194,0.20304115116596222,0.22699999809265137,0.08910000324249268
YDL164C,YDL005C,0,-4.7812004,0.20285969972610474,0.22699999809265137,0.08919999748468399
YDL095W,YIL129C,0,-4.781238,0.20267857611179352,0.22699999809265137,0.0892999991774559
YMR224C,YBL057C,0,-4.7814937,0.20249776542186737,0.22699999809265137,0.08940000087022781
YDR116C,YPL112C,0,-4.7817125,0.20231729745864868,0.22699999809265137,0.08950000256299973
YDR205W,YDR097C,0,-4.7817764,0.20213712751865387,0.22699999809265137,0.08959999680519104
YGR276C,YIL105C,0,-4.781972,0.20195730030536652,0.22699999809265137,0.08969999849796295
YKR090W,YBR152W,0,-4.7821145,0.20177777111530304,0.22699999809265137,0.08980000019073486
YDL145C,YPL031C,0,-4.782121,0.20159858465194702,0.22699999809265137,0.08990000188350677
YNL280C,YDR416W,0,-4.782185,0.20141969621181488,0.22699999809265137,0.09000000357627869
YLR190W,YNL070W,1,-4.7824693,0.20212766528129578,0.2280000001192093,0.09000000357627869
YGR276C,YOL034W,0,-4.782869,0.2019486278295517,0.2280000001192093,0.09009999781847
YAL009W,YMR125W,0,-4.78332,0.20176991820335388,0.2280000001192093,0.09019999951124191
YDR153C,YDR183W,0,-4.7837667,0.20159150660037994,0.2280000001192093,0.09030000120401382
YFR036W,YLR117C,0,-4.784145,0.20141342282295227,0.2280000001192093,0.09040000289678574
YLR190W,YNL310C,1,-4.7841516,0.20211826264858246,0.2290000021457672,0.09040000289678574
YER038C,YGL211W,0,-4.7843904,0.20194002985954285,0.2290000021457672,0.09049999713897705
YCL011C,YOL059W,0,-4.78443,0.2017621099948883,0.2290000021457672,0.09059999883174896
YNL329C,YKR029C,0,-4.7846913,0.20158450305461884,0.2290000021457672,0.09070000052452087
YDL030W,YMR229C,0,-4.784695,0.20140720903873444,0.2290000021457672,0.09080000221729279
YHR190W,YNL032W,0,-4.7850604,0.2012302279472351,0.2290000021457672,0.0908999964594841
YHR193C,YJL125C,0,-4.7852464,0.20105355978012085,0.2290000021457672,0.09099999815225601
YDL008W,YGL206C,0,-4.785453,0.20087718963623047,0.2290000021457672,0.09109999984502792
YOR002W,YPL253C,0,-4.7855387,0.20070113241672516,0.2290000021457672,0.09120000153779984
YMR048W,YDR427W,0,-4.7860904,0.20052538812160492,0.2290000021457672,0.09130000323057175
YGR010W,YDL033C,0,-4.7860913,0.20034995675086975,0.2290000021457672,0.09139999747276306
YOR020C,YDL007W,0,-4.786449,0.20017482340335846,0.2290000021457672,0.09149999916553497
YAL012W,YBL055C,0,-4.786487,0.20000000298023224,0.2290000021457672,0.09160000085830688
YIL051C,YPR140W,1,-4.786587,0.20069807767868042,0.23000000417232513,0.09160000085830688
YPR187W,YOL039W,0,-4.786792,0.20052310824394226,0.23000000417232513,0.0917000025510788
YCR094W,YOR174W,0,-4.7868433,0.20034843683242798,0.23000000417232513,0.09179999679327011
YNL055C,YLL013C,1,-4.787007,0.20104438066482544,0.23100000619888306,0.09179999679327011
YKR031C,YDL128W,0,-4.787229,0.20086956024169922,0.23100000619888306,0.09189999848604202
YDR503C,YFL008W,0,-4.787301,0.20069505274295807,0.23100000619888306,0.09200000017881393
YPL145C,YNL283C,0,-4.7875752,0.2005208283662796,0.23100000619888306,0.09210000187158585
YJR025C,YKR076W,0,-4.787736,0.2003469169139862,0.23100000619888306,0.09220000356435776
YNL049C,YOR069W,0,-4.787823,0.2001733034849167,0.23100000619888306,0.09229999780654907
YNR019W,YPR188C,0,-4.7881894,0.20000000298023224,0.23100000619888306,0.09239999949932098
YLL042C,YBR098W,0,-4.788758,0.19982698559761047,0.23100000619888306,0.0925000011920929
YER122C,YER123W,0,-4.7889514,0.19965428113937378,0.23100000619888306,0.09260000288486481
YER026C,YNR043W,0,-4.7889876,0.19948185980319977,0.23100000619888306,0.09269999712705612
YOR249C,YLR324W,0,-4.7890606,0.19930975139141083,0.23100000619888306,0.09279999881982803
YLR450W,YDR200C,0,-4.789644,0.19913792610168457,0.23100000619888306,0.09290000051259995
YBR004C,YMR146C,0,-4.78997,0.19896641373634338,0.23100000619888306,0.09300000220537186
YNL177C,YNR052C,0,-4.7904797,0.19879518449306488,0.23100000619888306,0.09309999644756317
YPL127C,YPR052C,0,-4.7905736,0.19862425327301025,0.23100000619888306,0.09319999814033508
YBR029C,YML007W,0,-4.7910094,0.1984536051750183,0.23100000619888306,0.093299999833107
YDR363W,YLL019C,0,-4.791261,0.19828325510025024,0.23100000619888306,0.0934000015258789
YJL014W,YIL049W,0,-4.791299,0.19811320304870605,0.23100000619888306,0.09350000321865082
YPL181W,YGL122C,0,-4.7915144,0.19794344902038574,0.23100000619888306,0.09359999746084213
YGR212W,YGL104C,0,-4.7915473,0.1977739781141281,0.23100000619888306,0.09369999915361404
YJR118C,YOR266W,1,-4.791611,0.19846022129058838,0.23199999332427979,0.09369999915361404
YDR258C,YJR135W-A,1,-4.791864,0.19914530217647552,0.2329999953508377,0.09369999915361404
YKL203C,YEL013W,0,-4.7919073,0.19897523522377014,0.2329999953508377,0.09380000084638596
YER168C,YMR177W,0,-4.791949,0.19880546629428864,0.2329999953508377,0.09390000253915787
YLR304C,YMR302C,1,-4.7923207,0.19948849081993103,0.23399999737739563,0.09390000253915787
YPR029C,YER019W,0,-4.7924237,0.19931857287883759,0.23399999737739563,0.09399999678134918
YBR098W,YOR159C,0,-4.7925816,0.19914893805980682,0.23399999737739563,0.0940999984741211
YAL058W,YGR288W,0,-4.7926054,0.19897958636283875,0.23399999737739563,0.094200000166893
YGL206C,YLR424W,0,-4.7926483,0.19881053268909454,0.23399999737739563,0.09430000185966492
YIL007C,YNL243W,0,-4.7931156,0.19864176213741302,0.23399999737739563,0.09440000355243683
YHR086W,YDR501W,0,-4.7931685,0.19847328960895538,0.23399999737739563,0.09449999779462814
YKL176C,YPR112C,0,-4.7932553,0.19830508530139923,0.23399999737739563,0.09459999948740005
YFR046C,YKR031C,0,-4.793323,0.19813717901706696,0.23399999737739563,0.09470000118017197
YBL090W,YML032C,0,-4.793436,0.19796954095363617,0.23399999737739563,0.09480000287294388
YNL068C,YMR182C,0,-4.793442,0.19780220091342926,0.23399999737739563,0.09489999711513519
YNL239W,YGR074W,0,-4.793551,0.19763512909412384,0.23399999737739563,0.0949999988079071
YLR304C,YMR012W,1,-4.793714,0.19831223785877228,0.23499999940395355,0.0949999988079071
YFL039C,YOL095C,1,-4.79388,0.1989881992340088,0.23600000143051147,0.0949999988079071
YJR040W,YFL005W,0,-4.7940974,0.198820561170578,0.23600000143051147,0.09510000050067902
YNL167C,YLR240W,0,-4.794121,0.1986531913280487,0.23600000143051147,0.09520000219345093
YNL251C,YDL212W,0,-4.7942615,0.1984861195087433,0.23600000143051147,0.09529999643564224
YDR308C,YKL041W,0,-4.7945676,0.19831933081150055,0.23600000143051147,0.09539999812841415
YLR256W,YGL201C,0,-4.7947454,0.1981528103351593,0.23600000143051147,0.09549999982118607
YDR272W,YDR043C,0,-4.794841,0.19798657298088074,0.23600000143051147,0.09560000151395798
YDR183W,YHR039C-A,0,-4.794852,0.19782061874866486,0.23600000143051147,0.09570000320672989
YDR439W,YOR129C,0,-4.7950087,0.19765494763851166,0.23600000143051147,0.0957999974489212
YJR108W,YPR068C,0,-4.7952394,0.19748954474925995,0.23600000143051147,0.09589999914169312
YPL195W,YPL106C,0,-4.7952895,0.19732441008090973,0.23600000143051147,0.09600000083446503
YBR234C,YLR355C,1,-4.795346,0.19799499213695526,0.2370000034570694,0.09600000083446503
YJL196C,YPL214C,0,-4.795404,0.1978297233581543,0.2370000034570694,0.09610000252723694
YIL062C,YNL304W,1,-4.795491,0.19849875569343567,0.23800000548362732,0.09610000252723694
YDR174W,YHR154W,0,-4.795563,0.19833333790302277,0.23800000548362732,0.09619999676942825
YDL142C,YBR185C,1,-4.795645,0.19900083541870117,0.23899999260902405,0.09619999676942825
YOL076W,YDR219C,1,-4.7957387,0.19966721534729004,0.23999999463558197,0.09619999676942825
YNL091W,YDR330W,0,-4.7958994,0.19950124621391296,0.23999999463558197,0.09629999846220016
YMR214W,YNL197C,0,-4.795955,0.19933554530143738,0.23999999463558197,0.09640000015497208
YOR079C,YCR002C,0,-4.795979,0.19917012751102448,0.23999999463558197,0.09650000184774399
YOL013C,YNL142W,0,-4.796039,0.19900497794151306,0.23999999463558197,0.0966000035405159
YOR147W,YNL055C,1,-4.796064,0.19966860115528107,0.2409999966621399,0.0966000035405159
YMR240C,YNL054W,0,-4.796084,0.1995033174753189,0.2409999966621399,0.09669999778270721
YHR083W,YGR181W,1,-4.796201,0.20016542077064514,0.24199999868869781,0.09669999778270721
YGL020C,YDR296W,1,-4.7965865,0.20082645118236542,0.24300000071525574,0.09669999778270721
YOL090W,YGR119C,0,-4.796927,0.2006606161594391,0.24300000071525574,0.09679999947547913
YER107C,YHR058C,0,-4.797079,0.20049504935741425,0.24300000071525574,0.09690000116825104
YGL174W,YML048W,0,-4.7971463,0.2003297656774521,0.24300000071525574,0.09700000286102295
YGL257C,YBR087W,0,-4.7975183,0.20016475021839142,0.24300000071525574,0.09709999710321426
YJL065C,YMR229C,0,-4.797521,0.20000000298023224,0.24300000071525574,0.09719999879598618
YLL050C,YBL090W,0,-4.797999,0.19983552396297455,0.24300000071525574,0.09730000048875809
YJR065C,YCR028C-A,1,-4.7980905,0.20049302279949188,0.24400000274181366,0.09730000048875809
YIL112W,YMR165C,0,-4.7981772,0.20032840967178345,0.24400000274181366,0.09740000218153
YDR263C,YKL113C,0,-4.7983174,0.2001640647649765,0.24400000274181366,0.09749999642372131
YCR082W,YDR425W,0,-4.798318,0.20000000298023224,0.24400000274181366,0.09759999811649323
YNL167C,YDL229W,0,-4.7985063,0.19983619451522827,0.24400000274181366,0.09769999980926514
YOR099W,YPR133C,0,-4.798573,0.199672669172287,0.24400000274181366,0.09780000150203705
YDR439W,YGL244W,0,-4.798721,0.199509397149086,0.24400000274181366,0.09790000319480896
YPL085W,YBR082C,0,-4.7987647,0.1993464082479477,0.24400000274181366,0.09799999743700027
YLR329W,YLR234W,0,-4.7991595,0.19918367266654968,0.24400000274181366,0.09809999912977219
YPR189W,YLR006C,0,-4.799192,0.19902120530605316,0.24400000274181366,0.0982000008225441
YJR060W,YOL005C,0,-4.7995796,0.19885900616645813,0.24400000274181366,0.09830000251531601
YLR220W,YJR035W,0,-4.7995877,0.1986970752477646,0.24400000274181366,0.09839999675750732
YDL101C,YDR268W,0,-4.799723,0.19853539764881134,0.24400000274181366,0.09849999845027924
YCL029C,YHR058C,0,-4.799817,0.19837398827075958,0.24400000274181366,0.09860000014305115
YDR017C,YER161C,0,-4.799831,0.19821283221244812,0.24400000274181366,0.09870000183582306
YIL106W,YDL130W-A,0,-4.799848,0.19805194437503815,0.24400000274181366,0.09880000352859497
YNR027W,YDL130W,0,-4.799953,0.19789132475852966,0.24400000274181366,0.09889999777078629
YDR043C,YKL025C,0,-4.800212,0.19773095846176147,0.24400000274181366,0.0989999994635582
YAL042W,YPR182W,0,-4.8003635,0.19757084548473358,0.24400000274181366,0.09910000115633011
YMR207C,YNL037C,0,-4.800585,0.19741100072860718,0.24400000274181366,0.09920000284910202
YPL059W,YER117W,0,-4.8010283,0.19725140929222107,0.24400000274181366,0.09929999709129333
YDL044C,YML073C,0,-4.801121,0.19709208607673645,0.24400000274181366,0.09939999878406525
YDR503C,YBL050W,0,-4.801612,0.19693301618099213,0.24400000274181366,0.09950000047683716
YMR283C,YBR030W,0,-4.80176,0.1967741996049881,0.24400000274181366,0.09960000216960907
YLR015W,YDR191W,0,-4.8019156,0.19661563634872437,0.24400000274181366,0.09969999641180038
YDR098C,YFL017W-A,0,-4.8020816,0.19645732641220093,0.24400000274181366,0.0997999981045723
YBR135W,YPR113W,0,-4.8022876,0.19629926979541779,0.24400000274181366,0.09989999979734421
YOL115W,YBR058C,0,-4.8026195,0.19614148139953613,0.24400000274181366,0.10000000149011612
YJR053W,YOR221C,0,-4.8028383,0.19598393142223358,0.24400000274181366,0.10010000318288803
YOL003C,YBR276C,0,-4.802914,0.19582664966583252,0.24400000274181366,0.10019999742507935
YNL133C,YPL146C,0,-4.8031716,0.19566960632801056,0.24400000274181366,0.10029999911785126
YDR279W,YDR325W,0,-4.803176,0.1955128163099289,0.24400000274181366,0.10040000081062317
YER007W,YBR165W,0,-4.8034525,0.19535627961158752,0.24400000274181366,0.10050000250339508
YJR139C,YNL091W,0,-4.8035235,0.19519999623298645,0.24400000274181366,0.1005999967455864
YBR068C,YGR276C,0,-4.8035917,0.19504396617412567,0.24400000274181366,0.1006999984383583
YDR088C,YGR094W,0,-4.803823,0.194888174533844,0.24400000274181366,0.10080000013113022
YBR193C,YPR178W,0,-4.804287,0.1947326362133026,0.24400000274181366,0.10090000182390213
YOR112W,YGR214W,0,-4.804293,0.19457735121250153,0.24400000274181366,0.10100000351667404
YAL033W,YDL225W,0,-4.804333,0.19442230463027954,0.24400000274181366,0.10109999775886536
YER108C,YER149C,0,-4.8044868,0.19426751136779785,0.24400000274181366,0.10119999945163727
YDR296W,YML058W,1,-4.804539,0.1949085146188736,0.24500000476837158,0.10119999945163727
YGR238C,YKL134C,0,-4.804746,0.19475357234477997,0.24500000476837158,0.10130000114440918
YDR364C,YOR212W,0,-4.805439,0.19459888339042664,0.24500000476837158,0.10140000283718109
YJR090C,YJL141C,0,-4.8055944,0.1944444477558136,0.24500000476837158,0.1014999970793724
YNL094W,YOL089C,0,-4.8057275,0.19429025053977966,0.24500000476837158,0.10159999877214432
YCR094W,YML055W,0,-4.8057895,0.19413629174232483,0.24500000476837158,0.10170000046491623
YNL006W,YER074W-A,0,-4.8058095,0.1939825862646103,0.24500000476837158,0.10180000215768814
YBR129C,YDL076C,0,-4.805834,0.19382911920547485,0.24500000476837158,0.10189999639987946
YOR265W,YMR263W,0,-4.8061233,0.19367589056491852,0.24500000476837158,0.10199999809265137
YBR088C,YLR272C,0,-4.806251,0.19352290034294128,0.24500000476837158,0.10209999978542328
YIL159W,YHR176W,0,-4.806339,0.19337016344070435,0.24500000476837158,0.10220000147819519
YMR165C,YMR182C,0,-4.806365,0.1932176649570465,0.24500000476837158,0.1023000031709671
YBR112C,YIR028W,0,-4.8068237,0.19306540489196777,0.24500000476837158,0.10239999741315842
YBL003C,YBR216C,0,-4.8069396,0.19291338324546814,0.24500000476837158,0.10249999910593033
YKL053C-A,YNL079C,1,-4.807035,0.19354838132858276,0.2460000067949295,0.10249999910593033
YNL055C,YMR060C,1,-4.807206,0.1941823959350586,0.24699999392032623,0.10249999910593033
YDR175C,YGR074W,0,-4.807393,0.19402985274791718,0.24699999392032623,0.10260000079870224
YBL084C,YMR266W,0,-4.8074317,0.19387754797935486,0.24699999392032623,0.10270000249147415
YNR035C,YOR147W,1,-4.8075585,0.19450980424880981,0.24799999594688416,0.10270000249147415
YLR117C,YFR031C,0,-4.807589,0.19435736536979675,0.24799999594688416,0.10279999673366547
YOR371C,YGL210W,0,-4.8077846,0.1942051649093628,0.24799999594688416,0.10289999842643738
YDR192C,YKL018W,0,-4.808046,0.19405320286750793,0.24799999594688416,0.10300000011920929
YNL270C,YER095W,0,-4.808101,0.19390147924423218,0.24799999594688416,0.1031000018119812
YDR106W,YDR512C,0,-4.8082757,0.19374999403953552,0.24799999594688416,0.10320000350475311
YOR290C,YGR002C,0,-4.8084044,0.19359874725341797,0.24799999594688416,0.10329999774694443
YGL246C,YNL032W,0,-4.808513,0.19344773888587952,0.24799999594688416,0.10339999943971634
YLR381W,YLR335W,0,-4.8086047,0.19329695403575897,0.24799999594688416,0.10350000113248825
YDL115C,YCR073W-A,0,-4.8087015,0.19314642250537872,0.24799999594688416,0.10360000282526016
YLR246W,YLR135W,0,-4.8087616,0.19299611449241638,0.24799999594688416,0.10369999706745148
YOL009C,YNL055C,1,-4.808813,0.1936236321926117,0.24899999797344208,0.10369999706745148
YDR174W,YGR094W,0,-4.8089657,0.1934731900691986,0.24899999797344208,0.10379999876022339
YPR049C,YDR423C,0,-4.809042,0.19332298636436462,0.24899999797344208,0.1039000004529953
YMR012W,YLR190W,1,-4.809134,0.19394879043102264,0.25,0.1039000004529953
YOL009C,YMR302C,1,-4.8092227,0.19457364082336426,0.25099998712539673,0.1039000004529953
YCL051W,YGL226C-A,0,-4.809286,0.19442293047904968,0.25099998712539673,0.10400000214576721
YLL009C,YGL241W,0,-4.8094697,0.19427244365215302,0.25099998712539673,0.10409999638795853
YHR166C,YBL022C,0,-4.8095193,0.19412219524383545,0.25099998712539673,0.10419999808073044
YGR092W,YFL048C,0,-4.809589,0.19397218525409698,0.25099998712539673,0.10429999977350235
YKL135C,YGL122C,0,-4.8097377,0.19382239878177643,0.25099998712539673,0.10440000146627426
YKL051W,YDR472W,0,-4.8097568,0.19367283582687378,0.25099998712539673,0.10450000315904617
YPL151C,YLR409C,0,-4.8102555,0.19352351129055023,0.25099998712539673,0.10459999740123749
YLR228C,YGL097W,0,-4.8103676,0.1933744251728058,0.25099998712539673,0.1046999990940094
YJR139C,YIL014W,0,-4.8103986,0.19322556257247925,0.25099998712539673,0.10480000078678131
YMR172W,YFL049W,0,-4.810465,0.19307692348957062,0.25099998712539673,0.10490000247955322
YJR064W,YKR081C,0,-4.8105893,0.1929285228252411,0.25099998712539673,0.10499999672174454
YGL216W,YIR022W,0,-4.8106008,0.19278033077716827,0.25099998712539673,0.10509999841451645
YFR002W,YBR170C,0,-4.810775,0.19263239204883575,0.25099998712539673,0.10520000010728836
YGR206W,YAL043C,0,-4.810778,0.19248466193675995,0.25099998712539673,0.10530000180006027
YIL112W,YGR147C,0,-4.8111577,0.19233717024326324,0.25099998712539673,0.10540000349283218
YHR058C,YBR095C,0,-4.811585,0.19218988716602325,0.25099998712539673,0.1054999977350235
YKL011C,YDR480W,0,-4.8119774,0.19204284250736237,0.25099998712539673,0.10559999942779541
YJL065C,YNR017W,0,-4.8122754,0.19189602136611938,0.25099998712539673,0.10570000112056732
YHL038C,YOR172W,0,-4.8123584,0.1917494237422943,0.25099998712539673,0.10580000281333923
YDR393W,YPR024W,1,-4.8125353,0.19236640632152557,0.25200000405311584,0.10580000281333923
YIL036W,YMR214W,0,-4.8127313,0.19221967458724976,0.25200000405311584,0.10589999705553055
YDR483W,YOR043W,0,-4.812733,0.19207316637039185,0.25200000405311584,0.10599999874830246
YJL069C,YCL062W,0,-4.8128085,0.19192688167095184,0.25200000405311584,0.10610000044107437
YKR027W,YGR119C,0,-4.8128743,0.19178082048892975,0.25200000405311584,0.10620000213384628
YDR450W,YOL020W,0,-4.8129225,0.19163498282432556,0.25200000405311584,0.1062999963760376
YNL145W,YOR150W,0,-4.813169,0.19148936867713928,0.25200000405311584,0.10639999806880951
YCR098C,YNR031C,0,-4.8133492,0.19134396314620972,0.25200000405311584,0.10649999976158142
YDL101C,YGR020C,0,-4.8133626,0.19119878113269806,0.25200000405311584,0.10660000145435333
YGL113W,YJL129C,0,-4.8135114,0.1910538226366043,0.25200000405311584,0.10670000314712524
YPL037C,YKL175W,0,-4.8136764,0.19090908765792847,0.25200000405311584,0.10679999738931656
YPL181W,YDR071C,0,-4.813761,0.19076457619667053,0.25200000405311584,0.10689999908208847
YOR110W,YDL080C,0,-4.8138947,0.1906202733516693,0.25200000405311584,0.10700000077486038
YJL196C,YMR225C,0,-4.8142896,0.190476194024086,0.25200000405311584,0.1071000024676323
YIL072W,YDR416W,0,-4.8143272,0.1903323233127594,0.25200000405311584,0.10719999670982361
YDR339C,YCR020C,1,-4.814351,0.1909433901309967,0.2529999911785126,0.10719999670982361
YML036W,YNL082W,0,-4.8146234,0.19079940021038055,0.2529999911785126,0.10729999840259552
YBR068C,YOL059W,0,-4.814731,0.19065561890602112,0.2529999911785126,0.10740000009536743
YOR249C,YDL035C,0,-4.814815,0.1905120462179184,0.2529999911785126,0.10750000178813934
YNL161W,YLR363C,0,-4.8150992,0.19036869704723358,0.2529999911785126,0.10760000348091125
YOR147W,YGL219C,1,-4.815225,0.19097743928432465,0.2540000081062317,0.10760000348091125
YHR053C,YGR212W,0,-4.81533,0.1908339560031891,0.2540000081062317,0.10769999772310257
YLR131C,YCR012W,0,-4.8153467,0.19069069623947144,0.2540000081062317,0.10779999941587448
YOR037W,YJL063C,1,-4.8154373,0.19129782915115356,0.2549999952316284,0.10779999941587448
YNL071W,YOR363C,0,-4.8156657,0.19115442037582397,0.2549999952316284,0.10790000110864639
YNL079C,YNL310C,1,-4.8160486,0.19176030158996582,0.25600001215934753,0.10790000110864639
YPL195W,YKL208W,0,-4.8162675,0.19161677360534668,0.25600001215934753,0.1080000028014183
YMR229C,YDR495C,0,-4.81631,0.19147345423698425,0.25600001215934753,0.10809999704360962
YLR314C,YHR191C,0,-4.8163953,0.19133034348487854,0.25600001215934753,0.10819999873638153
YER061C,YOL089C,0,-4.81652,0.19118745625019073,0.25600001215934753,0.10830000042915344
YOR133W,YBL042C,0,-4.816583,0.19104477763175964,0.25600001215934753,0.10840000212192535
YHR019C,YOR063W,0,-4.8168216,0.19090230762958527,0.25600001215934753,0.10849999636411667
YDR110W,YCR060W,0,-4.8168435,0.1907600611448288,0.25600001215934753,0.10859999805688858
YLR138W,YBR296C,0,-4.816901,0.19061802327632904,0.25600001215934753,0.10869999974966049
YOL031C,YBR162C,0,-4.817307,0.190476194024086,0.25600001215934753,0.1088000014424324
YAL021C,YNL291C,0,-4.8173537,0.19033457338809967,0.25600001215934753,0.10890000313520432
YDL116W,YHR090C,0,-4.8174763,0.19019316136837006,0.25600001215934753,0.10899999737739563
YMR029C,YGR010W,0,-4.817537,0.19005197286605835,0.25600001215934753,0.10909999907016754
YGL238W,YOR073W,0,-4.817678,0.18991097807884216,0.25600001215934753,0.10920000076293945
YNL225C,YNL297C,0,-4.8183856,0.18977020680904388,0.25600001215934753,0.10930000245571136
YKL060C,YDL040C,0,-4.81852,0.18962962925434113,0.25600001215934753,0.10939999669790268
YOR147W,YLL013C,1,-4.818703,0.19022946059703827,0.25699999928474426,0.10939999669790268
YMR237W,YLR396C,0,-4.818769,0.19008876383304596,0.25699999928474426,0.10949999839067459
YBR168W,YER074W-A,0,-4.8189287,0.18994826078414917,0.25699999928474426,0.1096000000834465
YDR424C,YDR292C,0,-4.819178,0.1898079812526703,0.25699999928474426,0.10970000177621841
YIL147C,YPL120W,0,-4.8194456,0.18966789543628693,0.25699999928474426,0.10980000346899033
YGR155W,YOR209C,0,-4.819453,0.18952801823616028,0.25699999928474426,0.10989999771118164
YGR247W,YPL055C,0,-4.819528,0.18938834965229034,0.25699999928474426,0.10999999940395355
YPL188W,YLR248W,0,-4.819589,0.18924888968467712,0.25699999928474426,0.11010000109672546
YDR081C,YKL108W,0,-4.819664,0.18910963833332062,0.25699999928474426,0.11020000278949738
YHR120W,YJR135W-A,1,-4.8199167,0.18970587849617004,0.257999986410141,0.11020000278949738
YBR161W,YFR009W,0,-4.820015,0.1895664930343628,0.257999986410141,0.11029999703168869
YOR079C,YOR129C,0,-4.8201647,0.18942731618881226,0.257999986410141,0.1103999987244606
YJL054W,YNL213C,1,-4.8203444,0.19002200663089752,0.2590000033378601,0.1103999987244606
YLR328W,YJL047C,0,-4.820539,0.18988269567489624,0.2590000033378601,0.11050000041723251
YMR298W,YLR166C,0,-4.820603,0.18974359333515167,0.2590000033378601,0.11060000211000443
YLR033W,YOR014W,0,-4.820634,0.18960468471050262,0.2590000033378601,0.11069999635219574
YKL012W,YMR272C,0,-4.820707,0.1894659847021103,0.2590000033378601,0.11079999804496765
YOR317W,YMR091C,0,-4.820961,0.18932747840881348,0.2590000033378601,0.11089999973773956
YER177W,YLR313C,0,-4.821508,0.18918919563293457,0.2590000033378601,0.11100000143051147
YGL241W,YPL085W,0,-4.8219495,0.18905109167099,0.2590000033378601,0.11110000312328339
YKL108W,YDR177W,0,-4.8220053,0.18891319632530212,0.2590000033378601,0.1111999973654747
YPL031C,YLR410W,0,-4.8222528,0.18877550959587097,0.2590000033378601,0.11129999905824661
YMR298W,YDL090C,0,-4.8226833,0.18863801658153534,0.2590000033378601,0.11140000075101852
YCL044C,YLL013C,1,-4.8228326,0.18922853469848633,0.25999999046325684,0.11140000075101852
YGL021W,YDR263C,0,-4.822954,0.18909090757369995,0.25999999046325684,0.11150000244379044
YKL176C,YLR447C,0,-4.82307,0.1889534890651703,0.25999999046325684,0.11159999668598175
YFL024C,YER107C,0,-4.8230968,0.18881626427173615,0.25999999046325684,0.11169999837875366
YJL190C,YIL022W,0,-4.8231683,0.18867924809455872,0.25999999046325684,0.11180000007152557
YDR219C,YNL310C,1,-4.8233685,0.1892675906419754,0.26100000739097595,0.11180000007152557
YGL054C,YKL034W,0,-4.823504,0.18913044035434723,0.26100000739097595,0.11190000176429749
YAL021C,YNL098C,0,-4.823521,0.18899348378181458,0.26100000739097595,0.1120000034570694
YAL022C,YDL190C,0,-4.823843,0.18885673582553864,0.26100000739097595,0.11209999769926071
YKR099W,YEL063C,0,-4.823855,0.18872016668319702,0.26100000739097595,0.11219999939203262
YDR424C,YGR013W,0,-4.8241396,0.18858382105827332,0.26100000739097595,0.11230000108480453
YNL094W,YER116C,0,-4.8241515,0.18844765424728394,0.26100000739097595,0.11240000277757645
YER149C,YKL042W,0,-4.8241754,0.18831168115139008,0.26100000739097595,0.11249999701976776
YIL062C,YHR083W,1,-4.82426,0.18889689445495605,0.2619999945163727,0.11249999701976776
YAL056W,YEL031W,0,-4.8246517,0.18876080214977264,0.2619999945163727,0.11259999871253967
YBR095C,YOL034W,0,-4.824668,0.18862490355968475,0.2619999945163727,0.11270000040531158
YDL046W,YOR332W,0,-4.824862,0.18848921358585358,0.2619999945163727,0.1128000020980835
YGR041W,YGL241W,0,-4.824862,0.18835370242595673,0.2619999945163727,0.11289999634027481
YKL008C,YOR322C,0,-4.8251624,0.1882183849811554,0.2619999945163727,0.11299999803304672
YDL115C,YGR206W,0,-4.8257804,0.18808327615261078,0.2619999945163727,0.11309999972581863
YLR319C,YAL047C,0,-4.825832,0.1879483461380005,0.2619999945163727,0.11320000141859055
YPR104C,YPR141C,0,-4.82611,0.1878136247396469,0.2619999945163727,0.11330000311136246
YDL161W,YPR139C,0,-4.826527,0.18767908215522766,0.2619999945163727,0.11339999735355377
YKL134C,YPR055W,0,-4.8265476,0.18754473328590393,0.2619999945163727,0.11349999904632568
YOL027C,YBR091C,1,-4.8267436,0.18812589347362518,0.2630000114440918,0.11349999904632568
YOR284W,YNL126W,0,-4.8268065,0.1879914253950119,0.2630000114440918,0.1136000007390976
YDR456W,YDL212W,0,-4.826876,0.18785713613033295,0.2630000114440918,0.1137000024318695
YNL219C,YNL138W,0,-4.826917,0.1877230554819107,0.2630000114440918,0.11379999667406082
YIL062C,YJR065C,1,-4.827728,0.1883024275302887,0.2639999985694885,0.11379999667406082
YDR480W,YOR231W,0,-4.827815,0.1881682127714157,0.2639999985694885,0.11389999836683273
YOR002W,YDR188W,0,-4.827948,0.18803419172763824,0.2639999985694885,0.11400000005960464
YLR370C,YPR024W,1,-4.8281293,0.18861210346221924,0.26499998569488525,0.11400000005960464
YDL101C,YER012W,0,-4.8283057,0.18847794830799103,0.26499998569488525,0.11410000175237656
YLR246W,YHR030C,0,-4.828323,0.18834398686885834,0.26499998569488525,0.11420000344514847
YNL288W,YBR118W,0,-4.8283553,0.18821023404598236,0.26499998569488525,0.11429999768733978
YIL112W,YAL016W,0,-4.828611,0.18807664513587952,0.26499998569488525,0.1143999993801117
YMR060C,YDR470C,1,-4.8288136,0.18865248560905457,0.26600000262260437,0.1143999993801117
YPL178W,YOR307C,0,-4.828838,0.18851877748966217,0.26600000262260437,0.1145000010728836
YPL091W,YDR337W,0,-4.8290744,0.1883852630853653,0.26600000262260437,0.11460000276565552
YML031W,YPL239W,0,-4.8292108,0.18825194239616394,0.26600000262260437,0.11469999700784683
YGL019W,YPL125W,0,-4.829317,0.1881188154220581,0.26600000262260437,0.11479999870061874
YAL038W,YPR133W-A,0,-4.8293757,0.1879858672618866,0.26600000262260437,0.11490000039339066
YPR025C,YIL038C,0,-4.8293896,0.1878531128168106,0.26600000262260437,0.11500000208616257
YGL173C,YKL150W,0,-4.8294463,0.18772053718566895,0.26600000262260437,0.11509999632835388
YJR055W,YOR301W,0,-4.829514,0.1875881552696228,0.26600000262260437,0.1151999980211258
YGL053W,YJR066W,0,-4.829632,0.187455952167511,0.26600000262260437,0.1152999997138977
YDL029W,YOL027C,1,-4.8298397,0.18802817165851593,0.2669999897480011,0.1152999997138977
YML129C,YBR221C,0,-4.8304253,0.18789584934711456,0.2669999897480011,0.11540000140666962
YPL059W,YJL145W,0,-4.8306556,0.18776370584964752,0.2669999897480011,0.11550000309944153
YIL046W,YGR006W,0,-4.8307424,0.1876317709684372,0.2669999897480011,0.11559999734163284
YBR177C,YIL154C,0,-4.8307505,0.1875,0.2669999897480011,0.11569999903440475
YMR060C,YPR024W,1,-4.8312783,0.1880701780319214,0.2680000066757202,0.11569999903440475
YPR068C,YCL051W,0,-4.831291,0.18793828785419464,0.2680000066757202,0.11580000072717667
YGL226C-A,YMR165C,0,-4.831293,0.18780659139156342,0.2680000066757202,0.11590000241994858
YOR204W,YKR007W,0,-4.831555,0.18767507374286652,0.2680000066757202,0.11599999666213989
YBR039W,YBR275C,0,-4.831563,0.18754373490810394,0.2680000066757202,0.1160999983549118
YFR036W,YNR072W,0,-4.8317585,0.1874125897884369,0.2680000066757202,0.11620000004768372
YIL051C,YDR470C,1,-4.8318725,0.18798042833805084,0.26899999380111694,0.11620000004768372
YDR283C,YML029W,0,-4.831888,0.18784916400909424,0.26899999380111694,0.11630000174045563
YGL106W,YDR386W,0,-4.8318896,0.18771807849407196,0.26899999380111694,0.11640000343322754
YNR035C,YOL076W,1,-4.8319197,0.1882845163345337,0.27000001072883606,0.11640000343322754
YPR033C,YER038C,0,-4.8322453,0.18815331161022186,0.27000001072883606,0.11649999767541885
YDR004W,YER018C,0,-4.8323607,0.18802228569984436,0.27000001072883606,0.11659999936819077
YLR117C,YEL009C,0,-4.832427,0.18789143860340118,0.27000001072883606,0.11670000106096268
YOR038C,YLR023C,0,-4.832561,0.18776078522205353,0.27000001072883606,0.11680000275373459
YPR019W,YOR109W,0,-4.8328223,0.187630295753479,0.27000001072883606,0.1168999969959259
YOL095C,YJL112W,1,-4.8328996,0.18819443881511688,0.2709999978542328,0.1168999969959259
YER167W,YDL209C,0,-4.832907,0.188063845038414,0.2709999978542328,0.11699999868869781
YOR037W,YML058W,1,-4.8330283,0.18862690031528473,0.2720000147819519,0.11699999868869781
YML058W,YMR241W,1,-4.8330464,0.18918919563293457,0.27300000190734863,0.11699999868869781
YOR160W,YBR250W,0,-4.8332076,0.18905816972255707,0.27300000190734863,0.11710000038146973
YIR009W,YAL002W,0,-4.833295,0.18892733752727509,0.27300000190734863,0.11720000207424164
YNL118C,YGR216C,0,-4.833372,0.18879668414592743,0.27300000190734863,0.11729999631643295
YER007W,YDL106C,0,-4.833443,0.1886662095785141,0.27300000190734863,0.11739999800920486
YOR322C,YDR320C,0,-4.8339295,0.1885359138250351,0.27300000190734863,0.11749999970197678
YLR113W,YJL056C,0,-4.8339963,0.18840579688549042,0.27300000190734863,0.11760000139474869
YNL220W,YJL060W,0,-4.8340373,0.18827585875988007,0.27300000190734863,0.1177000030875206
YGL252C,YNL222W,0,-4.8341427,0.18814609944820404,0.27300000190734863,0.11779999732971191
YDR263C,YIL046W,0,-4.8342066,0.18801653385162354,0.27300000190734863,0.11789999902248383
YJR065C,YMR302C,1,-4.8343296,0.1885753571987152,0.27399998903274536,0.11789999902248383
YHR086W,YGR231C,0,-4.8349023,0.18844567239284515,0.27399998903274536,0.11800000071525574
YBL099W,YHR186C,0,-4.8353996,0.18831615149974823,0.27399998903274536,0.11810000240802765
YDR243C,YKL214C,0,-4.835699,0.18818680942058563,0.27399998903274536,0.11819999665021896
YHR041C,YDR532C,0,-4.8359303,0.18805764615535736,0.27399998903274536,0.11829999834299088
YOR381W,YDR435C,0,-4.836121,0.1879286766052246,0.27399998903274536,0.11840000003576279
YDL138W,YDR027C,0,-4.836221,0.1877998560667038,0.27399998903274536,0.1185000017285347
YDL217C,YDR470C,1,-4.836339,0.1883561611175537,0.2750000059604645,0.1185000017285347
YNR008W,YJL087C,0,-4.8367143,0.18822723627090454,0.2750000059604645,0.11860000342130661
YPR019W,YER032W,0,-4.8370166,0.1880984902381897,0.2750000059604645,0.11869999766349792
YMR219W,YGR281W,0,-4.8370485,0.18796992301940918,0.2750000059604645,0.11879999935626984
YLR368W,YJL054W,1,-4.837227,0.18852458894252777,0.2759999930858612,0.11879999935626984
YDL108W,YLR292C,0,-4.837239,0.1883959025144577,0.2759999930858612,0.11890000104904175
YNL225C,YAL023C,0,-4.8375354,0.18826739490032196,0.2759999930858612,0.11900000274181366
YIL062C,YHR194W,1,-4.8376822,0.1888207197189331,0.2770000100135803,0.11900000274181366
YML012W,YFL008W,0,-4.8377595,0.1886920928955078,0.2770000100135803,0.11909999698400497
YJL208C,YPL047W,0,-4.8377767,0.18856364488601685,0.2770000100135803,0.11919999867677689
YCR020C-A,YNL273W,0,-4.8378115,0.1884353756904602,0.2770000100135803,0.1193000003695488
YBR136W,YKL201C,0,-4.837978,0.1883072704076767,0.2770000100135803,0.11940000206232071
YPR021C,YGL207W,0,-4.8381824,0.18817934393882751,0.2770000100135803,0.11949999630451202
YMR097C,YPL123C,0,-4.838289,0.18805159628391266,0.2770000100135803,0.11959999799728394
YFR046C,YJL104W,0,-4.838343,0.18792401254177094,0.2770000100135803,0.11969999969005585
YKL016C,YOR099W,0,-4.838395,0.18779660761356354,0.2770000100135803,0.11980000138282776
YDR188W,YCL017C,0,-4.8384786,0.18766938149929047,0.2770000100135803,0.11990000307559967
YML071C,YNL272C,0,-4.839212,0.18754231929779053,0.2770000100135803,0.11999999731779099
YLR208W,YDR170C,0,-4.8392587,0.18741542100906372,0.2770000100135803,0.1200999990105629
YBR015C,YDR388W,0,-4.839301,0.18728870153427124,0.2770000100135803,0.12020000070333481
YER164W,YFL002C,0,-4.8393283,0.18716216087341309,0.2770000100135803,0.12030000239610672
YER025W,YHR026W,0,-4.8393326,0.18703578412532806,0.2770000100135803,0.12039999663829803
YJR055W,YOL010W,0,-4.839518,0.18690958619117737,0.2770000100135803,0.12049999833106995
YHR108W,YOR098C,0,-4.8397245,0.1867835521697998,0.2770000100135803,0.12060000002384186
YCR075C,YBL090W,0,-4.839871,0.18665768206119537,0.2770000100135803,0.12070000171661377
YDR156W,YPR133C,0,-4.8400173,0.18653199076652527,0.2770000100135803,0.12080000340938568
YHR026W,YLR264W,0,-4.8401318,0.1864064633846283,0.2770000100135803,0.120899997651577
YGL055W,YGR181W,1,-4.840147,0.186953604221344,0.27799999713897705,0.120899997651577
YJR065C,YML058W,1,-4.840283,0.1875,0.27900001406669617,0.120899997651577
YDL226C,YCR052W,0,-4.840469,0.1873740702867508,0.27900001406669617,0.12099999934434891
YJR042W,YBL014C,0,-4.840523,0.1872483193874359,0.27900001406669617,0.12110000103712082
YJR125C,YDR205W,0,-4.840632,0.18712273240089417,0.27900001406669617,0.12120000272989273
YOR198C,YBL061C,0,-4.8406935,0.18699732422828674,0.27900001406669617,0.12129999697208405
YDR106W,YDL209C,0,-4.8407373,0.18687206506729126,0.27900001406669617,0.12139999866485596
YNL225C,YGL137W,0,-4.8407555,0.1867469847202301,0.27900001406669617,0.12150000035762787
YDR385W,YKR082W,0,-4.8409157,0.18662206828594208,0.27900001406669617,0.12160000205039978
YOL145C,YLR332W,0,-4.8410916,0.18649733066558838,0.27900001406669617,0.1216999962925911
YMR319C,YMR047C,0,-4.841637,0.18637274205684662,0.27900001406669617,0.121799997985363
YDR054C,YGL058W,0,-4.8416677,0.18624833226203918,0.27900001406669617,0.12189999967813492
YHR194W,YNL121C,1,-4.841926,0.18679119646549225,0.2800000011920929,0.12189999967813492
YER122C,YLL035W,0,-4.8419557,0.18666666746139526,0.2800000011920929,0.12200000137090683
YLR381W,YOL123W,0,-4.842036,0.1865423023700714,0.2800000011920929,0.12210000306367874
YPR020W,YPL139C,0,-4.8421264,0.18641811609268188,0.2800000011920929,0.12219999730587006
YNL004W,YOR265W,0,-4.842259,0.1862940788269043,0.2800000011920929,0.12229999899864197
YLR316C,YLR277C,0,-4.842298,0.18617020547389984,0.2800000011920929,0.12240000069141388
YIL026C,YGL045W,0,-4.842723,0.1860465109348297,0.2800000011920929,0.12250000238418579
YGR037C,YEL031W,0,-4.842995,0.18592298030853271,0.2800000011920929,0.1225999966263771
YJL146W,YPL174C,0,-4.8431406,0.18579959869384766,0.2800000011920929,0.12269999831914902
YBR202W,YLR288C,0,-4.843144,0.18567639589309692,0.2800000011920929,0.12280000001192093
YLR256W,YKR061W,0,-4.843159,0.18555334210395813,0.2800000011920929,0.12290000170469284
YOR074C,YNL047C,0,-4.8434377,0.18543046712875366,0.2800000011920929,0.12300000339746475
YOR147W,YPR131C,1,-4.843486,0.18596956133842468,0.2809999883174896,0.12300000339746475
YLR207W,YNR031C,0,-4.8436112,0.18584656715393066,0.2809999883174896,0.12309999763965607
YFL017W-A,YGR185C,0,-4.8437734,0.18572372198104858,0.2809999883174896,0.12319999933242798
YIL051C,YJL054W,1,-4.844113,0.18626156449317932,0.28200000524520874,0.12319999933242798
YJL087C,YNR048W,0,-4.844213,0.18613861501216888,0.28200000524520874,0.12330000102519989
YMR043W,YER089C,0,-4.8444133,0.18601582944393158,0.28200000524520874,0.1234000027179718
YDL005C,YNL263C,0,-4.8444133,0.1858932077884674,0.28200000524520874,0.12349999696016312
YDL069C,YMR025W,0,-4.8444343,0.18577075004577637,0.28200000524520874,0.12359999865293503
YCL029C,YDR388W,0,-4.844459,0.18564845621585846,0.28200000524520874,0.12370000034570694
YIL040W,YAL016W,0,-4.8446636,0.1855263113975525,0.28200000524520874,0.12380000203847885
YGL241W,YLR265C,0,-4.8449464,0.18540434539318085,0.28200000524520874,0.12389999628067017
YMR172W,YNL072W,0,-4.845397,0.18528252840042114,0.28200000524520874,0.12399999797344208
YER183C,YOL089C,0,-4.8454127,0.18516086041927338,0.28200000524520874,0.12409999966621399
YJL001W,YER147C,0,-4.8454404,0.18503937125205994,0.28200000524520874,0.1242000013589859
YPL161C,YOR270C,0,-4.845445,0.18491803109645844,0.28200000524520874,0.12430000305175781
YKL054C,YHR008C,0,-4.8454833,0.18479685485363007,0.28200000524520874,0.12439999729394913
YDR142C,YEL031W,0,-4.845493,0.18467582762241364,0.28200000524520874,0.12449999898672104
YLR242C,YMR153W,0,-4.8456306,0.18455497920513153,0.28200000524520874,0.12460000067949295
YGL219C,YPR131C,1,-4.8460917,0.18508829176425934,0.28299999237060547,0.12460000067949295
YDR494W,YGR063C,0,-4.8463783,0.18496732413768768,0.28299999237060547,0.12470000237226486
YPR104C,YDR225W,0,-4.8467083,0.18484650552272797,0.28299999237060547,0.12479999661445618
YGR177C,YGL095C,0,-4.847075,0.18472585082054138,0.28299999237060547,0.12489999830722809
YGR059W,YMR077C,0,-4.847205,0.18460534512996674,0.28299999237060547,0.125
YFL037W,YBR082C,0,-4.8472915,0.18448500335216522,0.28299999237060547,0.1251000016927719
YNL138W,YDR463W,0,-4.847368,0.18436482548713684,0.28299999237060547,0.12520000338554382
YBR288C,YDR498C,0,-4.847553,0.1842447966337204,0.28299999237060547,0.12530000507831573
YFR036W,YNL072W,0,-4.8476467,0.1841249167919159,0.28299999237060547,0.12540000677108765
YDR377W,YGL106W,0,-4.84782,0.18400520086288452,0.28299999237060547,0.12549999356269836
YML077W,YMR048W,0,-4.8479257,0.1838856339454651,0.28299999237060547,0.12559999525547028
YMR237W,YER105C,0,-4.8486547,0.1837662309408188,0.28299999237060547,0.1256999969482422
YOL078W,YMR053C,0,-4.848821,0.18364697694778442,0.28299999237060547,0.1257999986410141
YIL142W,YGL106W,0,-4.8488975,0.1835278868675232,0.28299999237060547,0.125900000333786
YKL135C,YDL100C,0,-4.8489194,0.1834089457988739,0.28299999237060547,0.12600000202655792
YKL053C-A,YPR083W,1,-4.848928,0.18393781781196594,0.2840000092983246,0.12600000202655792
YJR065C,YJR135W-A,1,-4.8494797,0.18446601927280426,0.2849999964237213,0.12600000202655792
YDR192C,YLR329W,0,-4.849595,0.18434670567512512,0.2849999964237213,0.12610000371932983
YKL165C,YJL121C,0,-4.8496356,0.18422754108905792,0.2849999964237213,0.12620000541210175
YIL149C,YBR294W,0,-4.8496356,0.18410852551460266,0.2849999964237213,0.12630000710487366
YHR059W,YCR073W-A,0,-4.849674,0.18398967385292053,0.2849999964237213,0.12639999389648438
YNL312W,YKR089C,0,-4.8496795,0.18387097120285034,0.2849999964237213,0.1264999955892563
YBR132C,YBR207W,0,-4.849795,0.1837524175643921,0.2849999964237213,0.1265999972820282
YKL028W,YJL109C,0,-4.850141,0.18363402783870697,0.2849999964237213,0.1266999989748001
YMR312W,YAL009W,0,-4.850171,0.1835157722234726,0.2849999964237213,0.12680000066757202
YMR069W,YOR213C,0,-4.8502884,0.18339768052101135,0.2849999964237213,0.12690000236034393
YJR131W,YOR014W,0,-4.8503256,0.18327973783016205,0.2849999964237213,0.12700000405311584
YOR174W,YBL105C,0,-4.850615,0.18316195905208588,0.2849999964237213,0.12710000574588776
YPL098C,YMR241W,1,-4.8510213,0.18368656933307648,0.28600001335144043,0.12710000574588776
YHR194W,YCR028C-A,1,-4.8511224,0.18421052396297455,0.28700000047683716,0.12710000574588776
YPL194W,YBR024W,0,-4.8514915,0.18409237265586853,0.28700000047683716,0.12720000743865967
YGL021W,YGL142C,0,-4.8515153,0.18397435545921326,0.28700000047683716,0.12729999423027039
YNL161W,YFR051C,0,-4.8516984,0.18385650217533112,0.28700000047683716,0.1273999959230423
YNL153C,YBR114W,0,-4.8519287,0.1837387979030609,0.28700000047683716,0.1274999976158142
YER070W,YIL147C,0,-4.851998,0.18362124264240265,0.28700000047683716,0.12759999930858612
YLR154C,YPL002C,0,-4.852004,0.18350383639335632,0.28700000047683716,0.12770000100135803
YDL047W,YER074W-A,0,-4.8520637,0.18338657915592194,0.28700000047683716,0.12780000269412994
YGL240W,YHR058C,0,-4.8527865,0.1832694709300995,0.28700000047683716,0.12790000438690186
YDR195W,YJL074C,0,-4.852993,0.18315252661705017,0.28700000047683716,0.12800000607967377
YLR304C,YKL053C-A,1,-4.852993,0.18367347121238708,0.2879999876022339,0.12800000607967377
YNL307C,YNL025C,0,-4.8530354,0.18355640769004822,0.2879999876022339,0.12809999287128448
YLR329W,YBR153W,0,-4.853049,0.1834394931793213,0.2879999876022339,0.1281999945640564
YPR093C,YLR431C,0,-4.853085,0.1833227276802063,0.2879999876022339,0.1282999962568283
YJL170C,YDR490C,0,-4.85311,0.18320611119270325,0.2879999876022339,0.12839999794960022
YER147C,YBR024W,0,-4.853137,0.18308964371681213,0.2879999876022339,0.12849999964237213
YKR036C,YHR031C,1,-4.8532605,0.18360863626003265,0.289000004529953,0.12849999964237213
YMR119W,YBR060C,0,-4.853347,0.18349206447601318,0.289000004529953,0.12860000133514404
YLR190W,YNL079C,1,-4.8533654,0.18401014804840088,0.28999999165534973,0.12860000133514404
YPR162C,YDR449C,0,-4.8534093,0.18389347195625305,0.28999999165534973,0.12870000302791595
YBR135W,YBR073W,0,-4.8535476,0.18377692997455597,0.28999999165534973,0.12880000472068787
YLR148W,YNL287W,0,-4.8535566,0.18366055190563202,0.28999999165534973,0.12890000641345978
YDR062W,YLR410W,0,-4.8536224,0.1835443079471588,0.28999999165534973,0.1289999932050705
YOR241W,YHL007C,0,-4.8537955,0.18342821300029755,0.28999999165534973,0.1290999948978424
YBR086C,YKR029C,0,-4.8538976,0.18331226706504822,0.28999999165534973,0.12919999659061432
YDR078C,YLR466W,0,-4.8541293,0.18319645524024963,0.28999999165534973,0.12929999828338623
YMR199W,YDR453C,0,-4.8541365,0.18308080732822418,0.28999999165534973,0.12939999997615814
YCR020W-B,YKL214C,0,-4.854144,0.18296529352664948,0.28999999165534973,0.12950000166893005
YLR459W,YDL225W,0,-4.8542547,0.1828499436378479,0.28999999165534973,0.12960000336170197
YCR002C,YGL216W,0,-4.8543673,0.18273471295833588,0.28999999165534973,0.12970000505447388
YOL121C,YDR175C,0,-4.854407,0.18261964619159698,0.28999999165534973,0.1298000067472458
YPL211W,YGL232W,0,-4.8545165,0.18250471353530884,0.28999999165534973,0.1298999935388565
YLR361C,YHR039C-A,0,-4.8545794,0.18238992989063263,0.28999999165534973,0.12999999523162842
YBR217W,YLR429W,0,-4.8547683,0.18227529525756836,0.28999999165534973,0.13009999692440033
YDL216C,YJL154C,0,-4.8548512,0.18216080963611603,0.28999999165534973,0.13019999861717224
YEL019C,YBR293W,0,-4.8555074,0.18204645812511444,0.28999999165534973,0.13030000030994415
YGL150C,YHL011C,0,-4.8560185,0.1819322407245636,0.28999999165534973,0.13040000200271606
YDR110W,YMR183C,0,-4.8560686,0.1818181872367859,0.28999999165534973,0.13050000369548798
YGL124C,YGL053W,0,-4.8563304,0.18170426785945892,0.28999999165534973,0.1306000053882599
YDL195W,YCR081W,0,-4.856583,0.1815904825925827,0.28999999165534973,0.1307000070810318
YNR035C,YJL112W,1,-4.856687,0.18210263550281525,0.29100000858306885,0.1307000070810318
YNL262W,YBR024W,0,-4.8568077,0.18198874592781067,0.29100000858306885,0.13079999387264252
YDR384C,YNR060W,0,-4.857039,0.18187500536441803,0.29100000858306885,0.13089999556541443
YHR194W,YMR060C,1,-4.8570476,0.18238601088523865,0.2919999957084656,0.13089999556541443
YGL119W,YFL017W-A,0,-4.8573976,0.18227216601371765,0.2919999957084656,0.13099999725818634
YBR297W,YDL005C,0,-4.857407,0.1821584552526474,0.2919999957084656,0.13109999895095825
YLL013C,YFL036W,1,-4.8574467,0.18266832828521729,0.2930000126361847,0.13109999895095825
YDR516C,YGL038C,0,-4.8575325,0.18255451321601868,0.2930000126361847,0.13120000064373016
YMR232W,YDR183W,0,-4.857535,0.182440847158432,0.2930000126361847,0.13130000233650208
YOL027C,YPR125W,1,-4.85755,0.18294960260391235,0.2939999997615814,0.13130000233650208
YPR093C,YFL041W,0,-4.8576503,0.18283581733703613,0.2939999997615814,0.131400004029274
YER027C,YOR181W,0,-4.8577094,0.18272218108177185,0.2939999997615814,0.1315000057220459
YCR094W,YKR083C,0,-4.857956,0.1826086938381195,0.2939999997615814,0.1316000074148178
YGL106W,YGL011C,0,-4.8580365,0.1824953407049179,0.2939999997615814,0.13169999420642853
YPL021W,YOL100W,0,-4.858406,0.18238213658332825,0.2939999997615814,0.13179999589920044
YPL178W,YJR050W,0,-4.8584914,0.18226906657218933,0.2939999997615814,0.13189999759197235
YOR240W,YML065W,0,-4.858731,0.18215613067150116,0.2939999997615814,0.13199999928474426
YDR176W,YPR168W,0,-4.85886,0.18204334378242493,0.2939999997615814,0.13210000097751617
YBR035C,YOR256C,0,-4.8591614,0.18193069100379944,0.2939999997615814,0.13220000267028809
YPL228W,YBR118W,0,-4.8591924,0.1818181872367859,0.2939999997615814,0.13230000436306
YDR213W,YNL064C,0,-4.8593187,0.1817058026790619,0.2939999997615814,0.1324000060558319
YNL263C,YOR172W,0,-4.859418,0.18159358203411102,0.2939999997615814,0.13249999284744263
YKR061W,YHR081W,0,-4.859431,0.1814814805984497,0.2939999997615814,0.13259999454021454
YBR009C,YPR100W,0,-4.85947,0.18136952817440033,0.2939999997615814,0.13269999623298645
YPL059W,YBR170C,0,-4.859681,0.1812577098608017,0.2939999997615814,0.13279999792575836
YBR244W,YJR046W,0,-4.8599133,0.1811460256576538,0.2939999997615814,0.13289999961853027
YKL081W,YGR285C,0,-4.860079,0.18103447556495667,0.2939999997615814,0.13300000131130219
YGL105W,YIL143C,0,-4.8601213,0.18092307448387146,0.2939999997615814,0.1331000030040741
YHL048W,YMR183C,0,-4.8602905,0.180811807513237,0.2939999997615814,0.133200004696846
YPL242C,YLR453C,0,-4.8603168,0.18070067465305328,0.2939999997615814,0.13330000638961792
YDL029W,YNL310C,1,-4.860479,0.1812039315700531,0.29499998688697815,0.13330000638961792
YMR068W,YHL002W,0,-4.8606772,0.18109269440174103,0.29499998688697815,0.13339999318122864
YGL174W,YCR093W,0,-4.8607106,0.1809815913438797,0.29499998688697815,0.13349999487400055
YOR281C,YLR410W,0,-4.860749,0.1808706372976303,0.29499998688697815,0.13359999656677246
YOL009C,YLL006W,1,-4.8608747,0.18137255311012268,0.29600000381469727,0.13359999656677246
YDL040C,YBR279W,0,-4.8610244,0.18126147985458374,0.29600000381469727,0.13369999825954437
YMR056C,YER142C,0,-4.8610463,0.18115055561065674,0.29600000381469727,0.13379999995231628
YHR053C,YKL193C,0,-4.861086,0.1810397505760193,0.29600000381469727,0.1339000016450882
YNL068C,YJL187C,0,-4.861206,0.18092909455299377,0.29600000381469727,0.1340000033378601
YNL251C,YNL072W,0,-4.8612313,0.180818572640419,0.29600000381469727,0.13410000503063202
YOR037W,YHR005C-A,1,-4.8612347,0.18131868541240692,0.296999990940094,0.13410000503063202
YDR098C,YLR277C,0,-4.8614497,0.1812080591917038,0.296999990940094,0.13420000672340393
YML099C,YJL127C,0,-4.8616166,0.18109756708145142,0.296999990940094,0.13429999351501465
YJL186W,YDR145W,0,-4.861684,0.18098720908164978,0.296999990940094,0.13439999520778656
YMR112C,YGR206W,0,-4.8617854,0.1808769851922989,0.296999990940094,0.13449999690055847
YDR028C,YBR260C,0,-4.8618684,0.18076689541339874,0.296999990940094,0.13459999859333038
YJL060W,YMR202W,0,-4.8620534,0.18065693974494934,0.296999990940094,0.1347000002861023
YMR012W,YDR219C,1,-4.8621125,0.1811550110578537,0.2980000078678131,0.1347000002861023
YHR026W,YOR297C,0,-4.862312,0.18104495108127594,0.2980000078678131,0.1348000019788742
YLL001W,YDR258C,1,-4.862515,0.18154220283031464,0.29899999499320984,0.1348000019788742
YNL293W,YNL097C,0,-4.86254,0.18143203854560852,0.29899999499320984,0.13490000367164612
YLR246W,YIL105C,0,-4.8626037,0.18132200837135315,0.29899999499320984,0.13500000536441803
YDR052C,YMR137C,0,-4.8628078,0.18121212720870972,0.29899999499320984,0.13510000705718994
YOR368W,YML027W,0,-4.8628693,0.18110236525535583,0.29899999499320984,0.13519999384880066
YNR035C,YLL013C,1,-4.863249,0.18159806728363037,0.30000001192092896,0.13519999384880066
YMR231W,YPR036W,0,-4.8632736,0.18148820102214813,0.30000001192092896,0.13529999554157257
YFR027W,YNL287W,0,-4.863379,0.18137848377227783,0.30000001192092896,0.13539999723434448
YGR098C,YMR136W,0,-4.8633795,0.18126888573169708,0.30000001192092896,0.1354999989271164
YGR040W,YOR322C,0,-4.8633804,0.18115942180156708,0.30000001192092896,0.1356000006198883
YPR029C,YPR017C,0,-4.8634305,0.18105009198188782,0.30000001192092896,0.13570000231266022
YER109C,YNL138W,0,-4.86377,0.1809408962726593,0.30000001192092896,0.13580000400543213
YNR044W,YBR153W,0,-4.863934,0.18083181977272034,0.30000001192092896,0.13590000569820404
YML058W-A,YLR285W,0,-4.8639927,0.1807228922843933,0.30000001192092896,0.13600000739097595
YOL090W,YLR141W,0,-4.8642225,0.18061408400535583,0.30000001192092896,0.13609999418258667
YGL090W,YBR260C,0,-4.864343,0.1805054098367691,0.30000001192092896,0.13619999587535858
YDL140C,YPR173C,0,-4.864351,0.18039686977863312,0.30000001192092896,0.1362999975681305
YGR060W,YDR473C,0,-4.864539,0.18028846383094788,0.30000001192092896,0.1363999992609024
YJL186W,YGR095C,0,-4.864568,0.18018017709255219,0.30000001192092896,0.13650000095367432
YBR133C,YLR447C,0,-4.8646336,0.18007202446460724,0.30000001192092896,0.13660000264644623
YLR451W,YML069W,0,-4.8647037,0.17996400594711304,0.30000001192092896,0.13670000433921814
YDL069C,YGR080W,0,-4.86473,0.17985612154006958,0.30000001192092896,0.13680000603199005
YNL326C,YDR145W,0,-4.8647437,0.17974835634231567,0.30000001192092896,0.13689999282360077
YGL055W,YDR393W,1,-4.8648686,0.1802395135164261,0.3009999990463257,0.13689999282360077
YDL004W,YDR484W,0,-4.864901,0.18013165891170502,0.3009999990463257,0.13699999451637268
YLR139C,YNL126W,0,-4.865029,0.1800239235162735,0.3009999990463257,0.1370999962091446
YKL022C,YPR017C,0,-4.8650355,0.17991632223129272,0.3009999990463257,0.1371999979019165
YMR214W,YPL106C,0,-4.8650527,0.1798088401556015,0.3009999990463257,0.13729999959468842
YOR028C,YPL001W,0,-4.865075,0.17970149219036102,0.3009999990463257,0.13740000128746033
YKL108W,YML015C,0,-4.865175,0.1795942783355713,0.3009999990463257,0.13750000298023224
YHR079C-B,YHR014W,0,-4.865252,0.1794871836900711,0.3009999990463257,0.13760000467300415
YJL063C,YMR302C,1,-4.8653507,0.17997616529464722,0.3019999861717224,0.13760000467300415
YOR048C,YOL034W,0,-4.865351,0.17986896634101868,0.3019999861717224,0.13770000636577606
YPL078C,YJL006C,0,-4.8654246,0.17976190149784088,0.3019999861717224,0.13779999315738678
YLR096W,YGR229C,0,-4.8654485,0.17965497076511383,0.3019999861717224,0.1378999948501587
YGL226C-A,YNL167C,0,-4.8656516,0.17954815924167633,0.3019999861717224,0.1379999965429306
YGR199W,YHL034C,0,-4.8656707,0.17944146692752838,0.3019999861717224,0.13809999823570251
YJL101C,YKR052C,0,-4.8657546,0.17933492362499237,0.3019999861717224,0.13819999992847443
YPR008W,YGR199W,0,-4.865808,0.17922848463058472,0.3019999861717224,0.13830000162124634
YJL014W,YOR014W,0,-4.865916,0.1791221797466278,0.3019999861717224,0.13840000331401825
YDR181C,YCR073W-A,0,-4.865926,0.17901600897312164,0.3019999861717224,0.13850000500679016
YPR037C,YML032C,0,-4.8660517,0.17890995740890503,0.3019999861717224,0.13860000669956207
YDR188W,YNR023W,0,-4.866143,0.17880402505397797,0.3019999861717224,0.1386999934911728
YDR081C,YDR180W,0,-4.8667064,0.17869822680950165,0.3019999861717224,0.1387999951839447
YIL049W,YOR334W,0,-4.866853,0.17859254777431488,0.3019999861717224,0.1388999968767166
YLR144C,YCL051W,0,-4.8669505,0.17848700284957886,0.3019999861717224,0.13899999856948853
YOR328W,YDL065C,0,-4.8671317,0.17838157713413239,0.3019999861717224,0.13910000026226044
YPL194W,YDR335W,0,-4.867132,0.17827627062797546,0.3019999861717224,0.13920000195503235
YOR256C,YCL005W-A,0,-4.867498,0.1781710982322693,0.3019999861717224,0.13930000364780426
YPL048W,YAL029C,0,-4.8677297,0.17806604504585266,0.3019999861717224,0.13940000534057617
YGL020C,YKL053C-A,1,-4.8678126,0.1785503774881363,0.30300000309944153,0.13940000534057617
YOL076W,YOR326W,1,-4.867951,0.17903415858745575,0.30399999022483826,0.13940000534057617
YBR037C,YML055W,0,-4.8679824,0.17892877757549286,0.30399999022483826,0.13950000703334808
YPL125W,YDR495C,0,-4.868049,0.1788235306739807,0.30399999022483826,0.1395999938249588
YOR112W,YLR347C,0,-4.8685517,0.17871840298175812,0.30399999022483826,0.1396999955177307
YAL024C,YDL135C,0,-4.8688245,0.17861339449882507,0.30399999022483826,0.13979999721050262
YDL142C,YLL001W,1,-4.869012,0.17909571528434753,0.3050000071525574,0.13979999721050262
YBR288C,YDR279W,0,-4.8691525,0.17899061739444733,0.3050000071525574,0.13989999890327454
YML023C,YJR068W,0,-4.8692374,0.17888562381267548,0.3050000071525574,0.14000000059604645
YBR288C,YPL049C,0,-4.869329,0.17878077924251556,0.3050000071525574,0.14010000228881836
YEL019C,YML047C,0,-4.86937,0.178676038980484,0.3050000071525574,0.14020000398159027
YOR307C,YBR069C,0,-4.8693986,0.1785714328289032,0.3050000071525574,0.14030000567436218
YDR480W,YFR008W,0,-4.869415,0.17846694588661194,0.3050000071525574,0.1404000073671341
YJR065C,YOL076W,1,-4.869421,0.17894737422466278,0.3059999942779541,0.1404000073671341
YGL150C,YDR027C,0,-4.869652,0.17884278297424316,0.3059999942779541,0.1404999941587448
YBL006C,YIR021W,0,-4.86975,0.1787383109331131,0.3059999942779541,0.14059999585151672
YML099C,YDL038C,0,-4.86982,0.17863397300243378,0.3059999942779541,0.14069999754428864
YPL268W,YCR081W,0,-4.8698406,0.178529754281044,0.3059999942779541,0.14079999923706055
YGR268C,YIR022W,0,-4.870744,0.1784256547689438,0.3059999942779541,0.14090000092983246
YBR186W,YNL244C,0,-4.8708434,0.17832167446613312,0.3059999942779541,0.14100000262260437
YJL208C,YHR034C,0,-4.871011,0.1782178282737732,0.3059999942779541,0.14110000431537628
YKL146W,YPL028W,0,-4.871042,0.17811408638954163,0.3059999942779541,0.1412000060081482
YOR034C,YBR004C,0,-4.8710823,0.1780104786157608,0.3059999942779541,0.1412999927997589
YGL219C,YDR470C,1,-4.8711276,0.1784883737564087,0.3070000112056732,0.1412999927997589
YIL026C,YDR092W,0,-4.8713994,0.1783846616744995,0.3070000112056732,0.14139999449253082
YBL024W,YER005W,0,-4.8718495,0.17828106880187988,0.3070000112056732,0.14149999618530273
YJL060W,YJL117W,0,-4.871995,0.1781775951385498,0.3070000112056732,0.14159999787807465
YIL142W,YBL063W,0,-4.872372,0.17807424068450928,0.3070000112056732,0.14169999957084656
YMR292W,YML034W,0,-4.8724117,0.1779710203409195,0.3070000112056732,0.14180000126361847
YPL271W,YNL036W,0,-4.87259,0.17786790430545807,0.3070000112056732,0.14190000295639038
YDL035C,YCR009C,0,-4.873023,0.1777649074792862,0.3070000112056732,0.1420000046491623
YKL140W,YER031C,0,-4.873027,0.17766202986240387,0.3070000112056732,0.1421000063419342
YMR054W,YDR532C,0,-4.8731585,0.1775592863559723,0.3070000112056732,0.14219999313354492
YPL195W,YBR289W,0,-4.8731737,0.17745664715766907,0.3070000112056732,0.14229999482631683
YGL073W,YGR119C,0,-4.8732824,0.1773541271686554,0.3070000112056732,0.14239999651908875
YGR264C,YBR002C,0,-4.8734694,0.17725172638893127,0.3070000112056732,0.14249999821186066
YLR228C,YJR042W,0,-4.873527,0.1771494448184967,0.3070000112056732,0.14259999990463257
YBR098W,YNL049C,0,-4.8735285,0.17704728245735168,0.3070000112056732,0.14270000159740448
YKR062W,YNR006W,0,-4.8740883,0.17694523930549622,0.3070000112056732,0.1428000032901764
YBL002W,YGL013C,0,-4.8745127,0.1768433153629303,0.3070000112056732,0.1429000049829483
YOR023C,YNL025C,0,-4.8745794,0.17674151062965393,0.3070000112056732,0.14300000667572021
YLR370C,YLR190W,1,-4.8748674,0.17721518874168396,0.30799999833106995,0.14300000667572021
YOL088C,YKR014C,0,-4.8749533,0.17711327970027924,0.30799999833106995,0.14309999346733093
YOR048C,YKL088W,0,-4.87519,0.17701148986816406,0.30799999833106995,0.14319999516010284
YLR233C,YBL052C,0,-4.8753543,0.17690981924533844,0.30799999833106995,0.14329999685287476
YJL071W,YOR241W,0,-4.8754015,0.17680826783180237,0.30799999833106995,0.14339999854564667
YDR363W,YDR160W,0,-4.8754787,0.17670682072639465,0.30799999833106995,0.14350000023841858
YGR181W,YNL304W,1,-4.875785,0.17717890441417694,0.3089999854564667,0.14350000023841858
YFL057C,YEL004W,0,-4.875926,0.17707736790180206,0.3089999854564667,0.1436000019311905
YDR071C,YBR114W,0,-4.876038,0.17697595059871674,0.3089999854564667,0.1437000036239624
YCL052C,YNL138W,0,-4.8761477,0.17687463760375977,0.3089999854564667,0.14380000531673431
YBL071W-A,YLR154C,0,-4.8762865,0.17677345871925354,0.3089999854564667,0.14390000700950623
YNR035C,YFL036W,1,-4.8763056,0.1772441416978836,0.3100000023841858,0.14390000700950623
YNL258C,YOR110W,0,-4.876696,0.17714285850524902,0.3100000023841858,0.14399999380111694
YGL241W,YCR027C,0,-4.876758,0.177041694521904,0.3100000023841858,0.14409999549388885
YOR327C,YDR079C-A,0,-4.8768225,0.17694063484668732,0.3100000023841858,0.14419999718666077
YPR034W,YIL114C,0,-4.8768907,0.1768397092819214,0.3100000023841858,0.14429999887943268
YMR200W,YNL025C,0,-4.8771877,0.1767388880252838,0.3100000023841858,0.1444000005722046
YJR035W,YDR180W,0,-4.877251,0.1766381710767746,0.3100000023841858,0.1445000022649765
YKR055W,YGL137W,0,-4.8772836,0.17653758823871613,0.3100000023841858,0.1446000039577484
YOR063W,YDR412W,0,-4.8772964,0.176437109708786,0.3100000023841858,0.14470000565052032
YGL012W,YNL153C,0,-4.8773384,0.17633675038814545,0.3100000023841858,0.14480000734329224
YDR480W,YDR158W,0,-4.877379,0.17623649537563324,0.3100000023841858,0.14489999413490295
YGR286C,YJR140C,0,-4.87758,0.17613635957241058,0.3100000023841858,0.14499999582767487
YOR328W,YDR255C,0,-4.8776016,0.17603634297847748,0.3100000023841858,0.14509999752044678
YDR421W,YKR076W,0,-4.8776116,0.17593643069267273,0.3100000023841858,0.1451999992132187
YMR025W,YBL071W-A,0,-4.877963,0.17583663761615753,0.3100000023841858,0.1453000009059906
YIL115C,YER074W-A,0,-4.878096,0.17573696374893188,0.3100000023841858,0.1454000025987625
YLL034C,YPR056W,0,-4.8782735,0.1756373941898346,0.3100000023841858,0.14550000429153442
YOR334W,YER087C-B,0,-4.87859,0.17553794384002686,0.3100000023841858,0.14560000598430634
YHR174W,YOL104C,0,-4.8787208,0.17543859779834747,0.3100000023841858,0.14569999277591705
YFL036W,YNL310C,1,-4.878742,0.17590497434139252,0.3109999895095825,0.14569999277591705
YGR030C,YML131W,0,-4.878756,0.17580553889274597,0.3109999895095825,0.14579999446868896
YML132W,YAL056W,0,-4.8792295,0.17570620775222778,0.3109999895095825,0.14589999616146088
YDR328C,YGR172C,0,-4.8794274,0.17560699582099915,0.3109999895095825,0.1459999978542328
YNL027W,YJL139C,0,-4.879446,0.17550790309906006,0.3109999895095825,0.1460999995470047
YGL071W,YPL022W,0,-4.8795333,0.17540891468524933,0.3109999895095825,0.1462000012397766
YGR214W,YBR058C-A,0,-4.8795705,0.17531003057956696,0.3109999895095825,0.14630000293254852
YFR019W,YBR105C,0,-4.879586,0.17521126568317413,0.3109999895095825,0.14640000462532043
YCL024W,YDL200C,0,-4.8796053,0.17511261999607086,0.3109999895095825,0.14650000631809235
YLR319C,YOL109W,0,-4.879867,0.17501406371593475,0.3109999895095825,0.14659999310970306
YIL062C,YMR302C,1,-4.8799663,0.17547807097434998,0.31200000643730164,0.14659999310970306
YNL311C,YLR425W,0,-4.880077,0.1753794252872467,0.31200000643730164,0.14669999480247498
YDR388W,YPL019C,0,-4.8802238,0.17528089880943298,0.31200000643730164,0.1467999964952469
YLR433C,YKL028W,0,-4.880298,0.17518247663974762,0.31200000643730164,0.1468999981880188
YLL001W,YNL066W,1,-4.88054,0.17564533650875092,0.31299999356269836,0.1468999981880188
YMR015C,YOL055C,0,-4.880856,0.1755468249320984,0.31299999356269836,0.1469999998807907
YAL041W,YNL167C,0,-4.880875,0.1754484325647354,0.31299999356269836,0.14710000157356262
YDR309C,YMR236W,0,-4.881279,0.1753501445055008,0.31299999356269836,0.14720000326633453
YDR435C,YER024W,0,-4.881309,0.17525196075439453,0.31299999356269836,0.14730000495910645
YOL027C,YBR212W,1,-4.881309,0.17571347951889038,0.3140000104904175,0.14730000495910645
YGR222W,YGL210W,0,-4.881313,0.17561520636081696,0.3140000104904175,0.14740000665187836
YGL086W,YPR080W,0,-4.8813157,0.17551705241203308,0.3140000104904175,0.14749999344348907
YDR517W,YOR329C,0,-4.881403,0.17541898787021637,0.3140000104904175,0.147599995136261
YGR246C,YGR157W,0,-4.881406,0.1753210425376892,0.3140000104904175,0.1476999968290329
YMR052W,YOL001W,0,-4.881747,0.1752232164144516,0.3140000104904175,0.1477999985218048
YGR227W,YDR489W,0,-4.8817964,0.17512549459934235,0.3140000104904175,0.14790000021457672
YGL180W,YDL046W,0,-4.8818913,0.17502787709236145,0.3140000104904175,0.14800000190734863
YPL098C,YNL310C,1,-4.881893,0.1754874587059021,0.3149999976158142,0.14800000190734863
YGL175C,YNL272C,0,-4.882509,0.17538975179195404,0.3149999976158142,0.14810000360012054
YLL006W,YLL013C,1,-4.882543,0.17584863305091858,0.3160000145435333,0.14810000360012054
YCR031C,YDR395W,0,-4.8826814,0.17575083673000336,0.3160000145435333,0.14820000529289246
YOL038W,YJL156C,0,-4.8829126,0.1756531447172165,0.3160000145435333,0.14830000698566437
YBR205W,YBR216C,0,-4.88292,0.17555555701255798,0.3160000145435333,0.14839999377727509
YGR120C,YBR100W,0,-4.8831234,0.17545807361602783,0.3160000145435333,0.148499995470047
YHR079C,YNL239W,0,-4.8831487,0.17536070942878723,0.3160000145435333,0.1485999971628189
YDL220C,YGL145W,0,-4.8831887,0.175263449549675,0.3160000145435333,0.14869999885559082
YPR083W,YIL051C,1,-4.8832207,0.17572061717510223,0.31700000166893005,0.14869999885559082
YOR180C,YBR223C,0,-4.8832603,0.17562326788902283,0.31700000166893005,0.14880000054836273
YDR483W,YKR101W,0,-4.883387,0.17552602291107178,0.31700000166893005,0.14890000224113464
YLL013C,YNL070W,1,-4.883724,0.1759822964668274,0.3179999887943268,0.14890000224113464
YBR079C,YOR081C,0,-4.8839993,0.17588496208190918,0.3179999887943268,0.14900000393390656
YGL119W,YNL153C,0,-4.8842006,0.17578773200511932,0.3179999887943268,0.14910000562667847
YBL099W,YPL112C,0,-4.884525,0.17569060623645782,0.3179999887943268,0.14920000731945038
YML104C,YDR393W,1,-4.884539,0.1761457771062851,0.3190000057220459,0.14920000731945038
YMR015C,YPR198W,0,-4.884804,0.17604856193065643,0.3190000057220459,0.1492999941110611
YBL026W,YLR285W,0,-4.8849225,0.17595146596431732,0.3190000057220459,0.149399995803833
YDR254W,YBR276C,0,-4.885284,0.17585445940494537,0.3190000057220459,0.14949999749660492
YNL161W,YBL006C,0,-4.8855214,0.17575757205486298,0.3190000057220459,0.14959999918937683
YDR093W,YDR484W,0,-4.885813,0.17566078901290894,0.3190000057220459,0.14970000088214874
YKL028W,YOR069W,0,-4.8859434,0.17556411027908325,0.3190000057220459,0.14980000257492065
YIL112W,YPL033C,0,-4.886131,0.17546755075454712,0.3190000057220459,0.14990000426769257
YGL136C,YNL139C,0,-4.8863626,0.17537108063697815,0.3190000057220459,0.15000000596046448
YNR035C,YOR266W,1,-4.886533,0.17582418024539948,0.3199999928474426,0.15000000596046448
YAL055W,YHR012W,0,-4.886563,0.17572762072086334,0.3199999928474426,0.1500999927520752
YDL042C,YHL007C,0,-4.8866553,0.17563118040561676,0.3199999928474426,0.1501999944448471
YDR219C,YLL013C,1,-4.886667,0.17608338594436646,0.32100000977516174,0.1501999944448471
YMR048W,YDR473C,0,-4.88671,0.17598684132099152,0.32100000977516174,0.15029999613761902
YMR091C,YDR260C,0,-4.8867803,0.17589041590690613,0.32100000977516174,0.15039999783039093
YOL095C,YOL027C,1,-4.8868012,0.1763417273759842,0.32199999690055847,0.15039999783039093
YGR224W,YPL040C,0,-4.886893,0.17624521255493164,0.32199999690055847,0.15049999952316284
YCL044C,YCR028C-A,1,-4.886895,0.1766958385705948,0.3230000138282776,0.15049999952316284
YMR037C,YBR073W,0,-4.88694,0.17659923434257507,0.3230000138282776,0.15060000121593475
YIL062C,YNL310C,1,-4.8872013,0.1770491749048233,0.3240000009536743,0.15060000121593475
YLL001W,YJR135W-A,1,-4.887566,0.17749863862991333,0.32499998807907104,0.15060000121593475
YGL106W,YML031W,0,-4.8879995,0.17740175127983093,0.32499998807907104,0.15070000290870667
YIL140W,YLR318W,0,-4.888065,0.1773049682378769,0.32499998807907104,0.15080000460147858
YBR170C,YGL244W,0,-4.888101,0.1772082895040512,0.32499998807907104,0.1509000062942505
YMR283C,YDR310C,0,-4.8882017,0.17711171507835388,0.32499998807907104,0.1509999930858612
YMR119W,YER012W,0,-4.8884544,0.1770152449607849,0.32499998807907104,0.15109999477863312
YLR207W,YGL137W,0,-4.8886456,0.1769188940525055,0.32499998807907104,0.15119999647140503
YBR167C,YOR132W,0,-4.8887467,0.17682263255119324,0.32499998807907104,0.15129999816417694
YDR498C,YPL128C,0,-4.8887815,0.17672647535800934,0.32499998807907104,0.15139999985694885
YDR265W,YKR101W,0,-4.8888063,0.176630437374115,0.32499998807907104,0.15150000154972076
YML105C,YNL044W,0,-4.8890214,0.1765344887971878,0.32499998807907104,0.15160000324249268
YNR035C,YBR192W,1,-4.8893065,0.17698153853416443,0.32600000500679016,0.15160000324249268
YGL020C,YPR125W,1,-4.889372,0.17742811143398285,0.3269999921321869,0.15160000324249268
YPL275W,YPL089C,0,-4.889439,0.17733189463615417,0.3269999921321869,0.1517000049352646
YLL001W,YOL027C,1,-4.8894644,0.17777778208255768,0.328000009059906,0.1517000049352646
YDR106W,YPL255W,0,-4.889476,0.17768147587776184,0.328000009059906,0.1518000066280365
YJL005W,YBR119W,0,-4.88993,0.17758527398109436,0.328000009059906,0.15189999341964722
YER108C,YEL066W,0,-4.8900275,0.17748917639255524,0.328000009059906,0.15199999511241913
YNL233W,YMR162C,0,-4.8904796,0.17739318311214447,0.328000009059906,0.15209999680519104
YPL051W,YJL047C,0,-4.8905563,0.17729729413986206,0.328000009059906,0.15219999849796295
YGR119C,YML041C,0,-4.890611,0.177201509475708,0.328000009059906,0.15230000019073486
YOR079C,YGR199W,0,-4.890745,0.1771058291196823,0.328000009059906,0.15240000188350677
YLL009C,YDL229W,0,-4.8912888,0.17701025307178497,0.328000009059906,0.1525000035762787
YGR088W,YML076C,0,-4.8914485,0.176914781332016,0.328000009059906,0.1526000052690506
YNL166C,YMR025W,0,-4.8914776,0.17681941390037537,0.328000009059906,0.1527000069618225
YNL268W,YBR006W,0,-4.8915987,0.1767241358757019,0.328000009059906,0.15279999375343323
YER027C,YGL124C,0,-4.891728,0.176628977060318,0.328000009059906,0.15289999544620514
YGL116W,YNL106C,0,-4.8918805,0.17653390765190125,0.328000009059906,0.15299999713897705
YJL071W,YLR384C,0,-4.8920693,0.17643894255161285,0.328000009059906,0.15309999883174896
YFR008W,YER111C,0,-4.892213,0.17634408175945282,0.328000009059906,0.15320000052452087
YJL170C,YPR055W,0,-4.8922257,0.17624932527542114,0.328000009059906,0.15330000221729279
YDL226C,YIR006C,0,-4.892361,0.17615467309951782,0.328000009059906,0.1534000039100647
YNL219C,YPR119W,0,-4.8925657,0.17606012523174286,0.328000009059906,0.1535000056028366
YDR375C,YDR142C,0,-4.8925734,0.17596566677093506,0.328000009059906,0.15360000729560852
YLR321C,YJL138C,0,-4.892683,0.17587131261825562,0.328000009059906,0.15369999408721924
YMR153W,YDL116W,0,-4.8926897,0.17577706277370453,0.328000009059906,0.15379999577999115
YCR026C,YFL037W,0,-4.892765,0.1756829172372818,0.328000009059906,0.15389999747276306
YHR056C,YLR305C,0,-4.892877,0.17558886110782623,0.328000009059906,0.15399999916553497
YPL036W,YFL033C,0,-4.8931603,0.17549492418766022,0.328000009059906,0.15410000085830688
YDL155W,YIL114C,0,-4.893169,0.17540107667446136,0.328000009059906,0.1542000025510788
YIL051C,YNL079C,1,-4.89318,0.1758417934179306,0.32899999618530273,0.1542000025510788
YLR368W,YBR091C,1,-4.8933425,0.17628204822540283,0.33000001311302185,0.1542000025510788
YLL001W,YDR219C,1,-4.8933625,0.17672184109687805,0.3310000002384186,0.1542000025510788
YJL124C,YGL127C,0,-4.8935895,0.1766275316476822,0.3310000002384186,0.1543000042438507
YIL062C,YCR028C-A,1,-4.894078,0.17706666886806488,0.3319999873638153,0.1543000042438507
YKR089C,YLR455W,0,-4.894086,0.17697228491306305,0.3319999873638153,0.15440000593662262
YPL037C,YPR070W,0,-4.894161,0.17687799036502838,0.3319999873638153,0.15449999272823334
YLR113W,YDL081C,0,-4.894172,0.17678381502628326,0.3319999873638153,0.15459999442100525
YDL197C,YOR179C,0,-4.894182,0.1766897290945053,0.3319999873638153,0.15469999611377716
YLR138W,YOR256C,0,-4.894567,0.1765957474708557,0.3319999873638153,0.15479999780654907
YAL021C,YGL022W,0,-4.894988,0.17650185525417328,0.3319999873638153,0.15489999949932098
YGR037C,YER172C,0,-4.895281,0.1764080822467804,0.3319999873638153,0.1550000011920929
YPR033C,YOR073W,0,-4.8953724,0.17631439864635468,0.3319999873638153,0.1551000028848648
YEL030W,YMR140W,0,-4.895392,0.17622080445289612,0.3319999873638153,0.15520000457763672
YPL076W,YNL297C,0,-4.8956075,0.17612731456756592,0.3319999873638153,0.15530000627040863
YLR335W,YGL244W,0,-4.895889,0.17603392899036407,0.3319999873638153,0.15539999306201935
YJL173C,YGR112W,0,-4.895891,0.1759406477212906,0.3319999873638153,0.15549999475479126
YER166W,YOR132W,0,-4.8960967,0.17584745585918427,0.3319999873638153,0.15559999644756317
YJR118C,YPR140W,1,-4.8961425,0.17628374695777893,0.3330000042915344,0.15559999644756317
YNL142W,YBR240C,0,-4.89665,0.17619048058986664,0.3330000042915344,0.15569999814033508
YDL093W,YDL118W,0,-4.896669,0.1760973036289215,0.3330000042915344,0.155799999833107
YAL022C,YNL154C,0,-4.8967395,0.17600423097610474,0.3330000042915344,0.1559000015258789
YBR080C,YDR328C,0,-4.8969502,0.17591124773025513,0.3330000042915344,0.15600000321865082
YNL068C,YPR137W,0,-4.897,0.17581836879253387,0.3330000042915344,0.15610000491142273
YDR320C-A,YBR100W,0,-4.8971953,0.17572559416294098,0.3330000042915344,0.15620000660419464
YJL019W,YAL016W,0,-4.8972745,0.17563290894031525,0.3330000042915344,0.15629999339580536
YIL070C,YBR090C-A,0,-4.8974285,0.17554032802581787,0.3330000042915344,0.15639999508857727
YJR017C,YBR153W,0,-4.897551,0.17544783651828766,0.3330000042915344,0.15649999678134918
YLR147C,YGL098W,0,-4.897824,0.1753554493188858,0.3330000042915344,0.1565999984741211
YDL225W,YLR249W,0,-4.897925,0.1752631515264511,0.3330000042915344,0.156700000166893
YKR036C,YGL020C,1,-4.89805,0.17569699883460999,0.33399999141693115,0.156700000166893
YFL024C,YHR079C,0,-4.8980637,0.17560462653636932,0.33399999141693115,0.15680000185966492
YJR040W,YNL082W,0,-4.8981194,0.17551234364509583,0.33399999141693115,0.15690000355243683
YOR243C,YGR186W,0,-4.8989086,0.17542016506195068,0.33399999141693115,0.15700000524520874
YKL192C,YDR362C,0,-4.8991337,0.1753280907869339,0.33399999141693115,0.15710000693798065
YHR067W,YDR201W,0,-4.899134,0.17523609101772308,0.33399999141693115,0.15719999372959137
YOL102C,YNL197C,0,-4.899162,0.17514421045780182,0.33399999141693115,0.15729999542236328
YJR108W,YGL142C,0,-4.899219,0.17505240440368652,0.33399999141693115,0.1573999971151352
YDR418W,YIL084C,0,-4.899258,0.17496071755886078,0.33399999141693115,0.1574999988079071
YLR144C,YNL054W,0,-4.8993564,0.174869105219841,0.33399999141693115,0.15760000050067902
YLR318W,YJR021C,0,-4.899589,0.17477759718894958,0.33399999141693115,0.15770000219345093
YER026C,YLR166C,0,-4.899717,0.17468619346618652,0.33399999141693115,0.15780000388622284
YPL069C,YJR057W,0,-4.899895,0.17459487915039062,0.33399999141693115,0.15790000557899475
YNR067C,YKR055W,0,-4.9000697,0.1745036542415619,0.33399999141693115,0.15800000727176666
YBR211C,YJR104C,0,-4.9001513,0.1744125336408615,0.33399999141693115,0.15809999406337738
YLR023C,YBR275C,0,-4.9002285,0.1743215024471283,0.33399999141693115,0.1581999957561493
YMR054W,YDR246W,0,-4.9003177,0.17423057556152344,0.33399999141693115,0.1582999974489212
YGR276C,YOL109W,0,-4.9003587,0.17413972318172455,0.33399999141693115,0.15839999914169312
YDL243C,YGL084C,0,-4.901072,0.1740489900112152,0.33399999141693115,0.15850000083446503
YJR155W,YGR247W,0,-4.901361,0.17395833134651184,0.33399999141693115,0.15860000252723694
YDR092W,YDR325W,0,-4.901422,0.17386777698993683,0.33399999141693115,0.15870000422000885
YBR234C,YHR194W,1,-4.901597,0.17429760098457336,0.33500000834465027,0.15870000422000885
YIL048W,YPL010W,0,-4.90164,0.17420697212219238,0.33500000834465027,0.15880000591278076
YBR111W-A,YER074W-A,0,-4.9019146,0.17411641776561737,0.33500000834465027,0.15889999270439148
YBL002W,YJL210W,0,-4.901958,0.17402596771717072,0.33500000834465027,0.1589999943971634
YNR033W,YBR036C,0,-4.902244,0.17393562197685242,0.33500000834465027,0.1590999960899353
YDL029W,YNL079C,1,-4.902255,0.17436429858207703,0.335999995470047,0.1590999960899353
YLR431C,YIL009C-A,0,-4.9029384,0.17427386343479156,0.335999995470047,0.15919999778270721
YDL226C,YDR328C,0,-4.902942,0.17418351769447327,0.335999995470047,0.15929999947547913
YJR131W,YML007W,0,-4.903293,0.17409326136112213,0.335999995470047,0.15940000116825104
YNL270C,YDR183W,0,-4.903439,0.17400310933589935,0.335999995470047,0.15950000286102295
YKR036C,YLR368W,1,-4.9036536,0.17443063855171204,0.3370000123977661,0.15950000286102295
YPR193C,YMR164C,0,-4.9036574,0.1743403971195221,0.3370000123977661,0.15960000455379486
YER083C,YER042W,0,-4.903746,0.1742502599954605,0.3370000123977661,0.15970000624656677
YDL220C,YHL024W,0,-4.9038925,0.1741602122783661,0.3370000123977661,0.1597999930381775
YIL110W,YFL026W,0,-4.9039416,0.17407025396823883,0.3370000123977661,0.1598999947309494
YMR298W,YJR112W,0,-4.90405,0.17398038506507874,0.3370000123977661,0.1599999964237213
YJR042W,YOL066C,0,-4.9041867,0.1738906055688858,0.3370000123977661,0.16009999811649323
YGL035C,YAL055W,0,-4.904695,0.17380093038082123,0.3370000123977661,0.16019999980926514
YDL147W,YOR027W,0,-4.9048476,0.17371134459972382,0.3370000123977661,0.16030000150203705
YFL029C,YKL042W,0,-4.9050837,0.17362184822559357,0.3370000123977661,0.16040000319480896
YDR206W,YIL128W,0,-4.9051433,0.17353244125843048,0.3370000123977661,0.16050000488758087
YLR285W,YBR095C,0,-4.9053273,0.17344312369823456,0.3370000123977661,0.16060000658035278
YCL034W,YLR376C,0,-4.905347,0.173353910446167,0.3370000123977661,0.1606999933719635
YGR238C,YDR503C,0,-4.905674,0.1732647866010666,0.3370000123977661,0.1607999950647354
YKL117W,YGR009C,0,-4.905743,0.17317575216293335,0.3370000123977661,0.16089999675750732
YOR232W,YNL015W,0,-4.9057918,0.17308680713176727,0.3370000123977661,0.16099999845027924
YBR217W,YNR056C,0,-4.905823,0.17299795150756836,0.3370000123977661,0.16110000014305115
YLR361C,YKL119C,0,-4.906198,0.1729091852903366,0.3370000123977661,0.16120000183582306
YMR264W,YML088W,0,-4.9062676,0.17282050848007202,0.3370000123977661,0.16130000352859497
YNL071W,YOR367W,0,-4.9064775,0.1727319359779358,0.3370000123977661,0.16140000522136688
YDL076C,YOR230W,0,-4.906508,0.17264343798160553,0.3370000123977661,0.1615000069141388
YDR192C,YML064C,0,-4.9065185,0.17255504429340363,0.3370000123977661,0.1615999937057495
YJL073W,YDR320C,0,-4.906657,0.17246674001216888,0.3370000123977661,0.16169999539852142
YDL155W,YCL011C,0,-4.9068418,0.1723785102367401,0.3370000123977661,0.16179999709129333
YPL233W,YPL268W,0,-4.906842,0.1722903847694397,0.3370000123977661,0.16189999878406525
YOR373W,YDR207C,0,-4.9069185,0.17220234870910645,0.3370000123977661,0.16200000047683716
YOR037W,YGR181W,1,-4.9070835,0.1726251244544983,0.33799999952316284,0.16200000047683716
YGR101W,YNL121C,1,-4.9074235,0.17304746806621552,0.33899998664855957,0.16200000047683716
YJR060W,YPR168W,0,-4.9075227,0.17295917868614197,0.33899998664855957,0.16210000216960907
YNL138W,YPL283C,0,-4.907719,0.17287097871303558,0.33899998664855957,0.16220000386238098
YPL160W,YDL190C,0,-4.908031,0.17278286814689636,0.33899998664855957,0.1623000055551529
YJL173C,YJR066W,0,-4.908087,0.1726948618888855,0.33899998664855957,0.1624000072479248
YGL222C,YKL055C,0,-4.9082046,0.1726069301366806,0.33899998664855957,0.16249999403953552
YGR267C,YPL242C,0,-4.9082065,0.17251908779144287,0.33899998664855957,0.16259999573230743
YLR256W,YAR003W,0,-4.9082184,0.1724313348531723,0.33899998664855957,0.16269999742507935
YPR070W,YBL105C,0,-4.908729,0.1723436713218689,0.33899998664855957,0.16279999911785126
YDR499W,YOR116C,0,-4.9088864,0.17225609719753265,0.33899998664855957,0.16290000081062317
YER166W,YAL042W,0,-4.9091,0.17216861248016357,0.33899998664855957,0.16300000250339508
YAL024C,YGL035C,0,-4.909224,0.17208121716976166,0.33899998664855957,0.163100004196167
YGR278W,YOL116W,0,-4.9092636,0.1719939112663269,0.33899998664855957,0.1632000058889389
YCL001W,YML049C,0,-4.9092956,0.17190669476985931,0.33899998664855957,0.16329999268054962
YIL062C,YPR140W,1,-4.909412,0.17232640087604523,0.3400000035762787,0.16329999268054962
YBR210W,YDR381W,0,-4.90947,0.17223910987377167,0.3400000035762787,0.16339999437332153
YML059C,YBR123C,0,-4.9097743,0.17215189337730408,0.3400000035762787,0.16349999606609344
YPL224C,YFR004W,0,-4.909921,0.17206478118896484,0.3400000035762787,0.16359999775886536
YOL077W-A,YER105C,0,-4.910151,0.17197774350643158,0.3400000035762787,0.16369999945163727
YAL059W,YDR432W,0,-4.910191,0.17189079523086548,0.3400000035762787,0.16380000114440918
YDL020C,YLR066W,0,-4.91028,0.17180393636226654,0.3400000035762787,0.1639000028371811
YJL111W,YMR208W,0,-4.910442,0.17171716690063477,0.3400000035762787,0.164000004529953
YPR049C,YPR134W,0,-4.9105134,0.17163048684597015,0.3400000035762787,0.16410000622272491
YOL082W,YGR170W,0,-4.9110575,0.1715438961982727,0.3400000035762787,0.16419999301433563
YAL022C,YGR082W,0,-4.911201,0.17145739495754242,0.3400000035762787,0.16429999470710754
YGL019W,YGR003W,0,-4.911436,0.1713709682226181,0.3400000035762787,0.16439999639987946
YBR081C,YML028W,0,-4.9118123,0.17128463089466095,0.3400000035762787,0.16449999809265137
YOR028C,YKR055W,0,-4.911879,0.17119838297367096,0.3400000035762787,0.16459999978542328
YIL034C,YGR006W,0,-4.9119287,0.17111222445964813,0.3400000035762787,0.1647000014781952
YNL225C,YPR046W,0,-4.912085,0.17102615535259247,0.3400000035762787,0.1648000031709671
YGR014W,YGL095C,0,-4.9120994,0.17094017565250397,0.3400000035762787,0.164900004863739
YER107C,YML076C,0,-4.9122467,0.17085427045822144,0.3400000035762787,0.16500000655651093
YML069W,YOL113W,0,-4.9123,0.17076845467090607,0.3400000035762787,0.16509999334812164
YBR295W,YER095W,0,-4.912452,0.17068272829055786,0.3400000035762787,0.16519999504089355
YBR029C,YFL034C-B,0,-4.9124794,0.17059709131717682,0.3400000035762787,0.16529999673366547
YPR141C,YMR067C,0,-4.912671,0.17051152884960175,0.3400000035762787,0.16539999842643738
YER166W,YLR324W,0,-4.912698,0.17042607069015503,0.3400000035762787,0.1655000001192093
YOR211C,YCR028C-A,1,-4.912768,0.17084167897701263,0.3409999907016754,0.1655000001192093
YJL030W,YCR073C,0,-4.9129434,0.17075613141059875,0.3409999907016754,0.1656000018119812
YCL034W,YCL003W,0,-4.91325,0.17067067325115204,0.3409999907016754,0.1657000035047531
YOR372C,YOR151C,0,-4.913511,0.1705852895975113,0.3409999907016754,0.16580000519752502
YIL105C,YKR062W,0,-4.9135356,0.1704999953508377,0.3409999907016754,0.16590000689029694
YMR008C,YDR356W,0,-4.913801,0.1704147905111313,0.3409999907016754,0.16599999368190765
YNL148C,YDR432W,0,-4.9138165,0.17032967507839203,0.3409999907016754,0.16609999537467957
YJL074C,YLR130C,0,-4.913897,0.17024463415145874,0.3409999907016754,0.16619999706745148
YJR082C,YGL087C,0,-4.9139924,0.17015968263149261,0.3409999907016754,0.1662999987602234
YNL164C,YKL140W,0,-4.914159,0.17007480561733246,0.3409999907016754,0.1664000004529953
YGR267C,YNL290W,0,-4.9141855,0.16999003291130066,0.3409999907016754,0.1665000021457672
YOL068C,YKL056C,0,-4.9143367,0.16990533471107483,0.3409999907016754,0.16660000383853912
YOR363C,YER094C,0,-4.9144554,0.16982071101665497,0.3409999907016754,0.16670000553131104
YBL026W,YLR208W,0,-4.914592,0.16973619163036346,0.3409999907016754,0.16680000722408295
YHR194W,YPR024W,1,-4.9148693,0.17014925181865692,0.34200000762939453,0.16680000722408295
YDR188W,YJL203W,0,-4.914927,0.17006464302539825,0.34200000762939453,0.16689999401569366
YIL142W,YGL127C,0,-4.914948,0.16998012363910675,0.34200000762939453,0.16699999570846558
YJR125C,YBR117C,0,-4.9150467,0.16989567875862122,0.34200000762939453,0.1670999974012375
YDL005C,YAL002W,0,-4.9151063,0.16981132328510284,0.34200000762939453,0.1671999990940094
YDR301W,YML006C,0,-4.915117,0.16972704231739044,0.34200000762939453,0.1673000007867813
YGR147C,YFR051C,0,-4.91515,0.1696428507566452,0.34200000762939453,0.16740000247955322
YPL098C,YPR131C,1,-4.91524,0.17005454003810883,0.34299999475479126,0.16740000247955322
YOR204W,YPR103W,0,-4.9153705,0.16997027397155762,0.34299999475479126,0.16750000417232513
YLR285W,YDR131C,0,-4.9154224,0.16988608241081238,0.34299999475479126,0.16760000586509705
YER109C,YGL070C,0,-4.9154987,0.1698019802570343,0.34299999475479126,0.16769999265670776
YAL042W,YNL091W,0,-4.9155707,0.1697179675102234,0.34299999475479126,0.16779999434947968
YHR120W,YJL054W,1,-4.9157267,0.17012858390808105,0.3440000116825104,0.16779999434947968
YLR201C,YJR110W,0,-4.9157653,0.17004448175430298,0.3440000116825104,0.1678999960422516
YLR274W,YOL045W,0,-4.9158263,0.16996046900749207,0.3440000116825104,0.1679999977350235
YER045C,YER038C,0,-4.916025,0.16987654566764832,0.3440000116825104,0.1680999994277954
YOR142W,YER022W,0,-4.9160423,0.16979269683361053,0.3440000116825104,0.16820000112056732
YGR231C,YML088W,0,-4.9161515,0.16970892250537872,0.3440000116825104,0.16830000281333923
YDL017W,YGL192W,0,-4.9161887,0.16962525248527527,0.3440000116825104,0.16840000450611115
YKL150W,YKL025C,0,-4.9162164,0.1695416420698166,0.3440000116825104,0.16850000619888306
YNL329C,YPL007C,0,-4.9163947,0.16945812106132507,0.3440000116825104,0.16859999299049377
YNL329C,YLR005W,0,-4.916409,0.16937468945980072,0.3440000116825104,0.16869999468326569
YNR035C,YNL070W,1,-4.9164686,0.16978345811367035,0.3449999988079071,0.16869999468326569
YML061C,YDL006W,1,-4.9164853,0.17019183933734894,0.34599998593330383,0.16869999468326569
YGL174W,YER095W,0,-4.9165626,0.1701081544160843,0.34599998593330383,0.1687999963760376
YNL288W,YLR129W,0,-4.9166617,0.170024573802948,0.34599998593330383,0.1688999980688095
YER019W,YOL148C,0,-4.9166684,0.16994106769561768,0.34599998593330383,0.16899999976158142
YDR273W,YLL043W,0,-4.9167275,0.16985763609409332,0.34599998593330383,0.16910000145435333
YGL054C,YER116C,0,-4.9167285,0.16977429389953613,0.34599998593330383,0.16920000314712524
YLR115W,YJL012C,0,-4.916907,0.1696910262107849,0.34599998593330383,0.16930000483989716
YPL190C,YFR051C,0,-4.9169316,0.16960784792900085,0.34599998593330383,0.16940000653266907
YLR067C,YFR040W,0,-4.917019,0.16952474415302277,0.34599998593330383,0.16949999332427979
YML104C,YDR470C,1,-4.9171953,0.16993144154548645,0.34700000286102295,0.16949999332427979
YBR202W,YFL013C,0,-4.917244,0.1698482632637024,0.34700000286102295,0.1695999950170517
YGR097W,YOR132W,0,-4.9172626,0.1697651594877243,0.34700000286102295,0.1696999967098236
YOR037W,YLR368W,1,-4.9173365,0.17017115652561188,0.3479999899864197,0.1696999967098236
YBR048W,YPR036W,0,-4.917447,0.17008797824382782,0.3479999899864197,0.16979999840259552
YCL010C,YGL225W,0,-4.917546,0.17000488936901093,0.3479999899864197,0.16990000009536743
YJL110C,YBL088C,0,-4.9181314,0.169921875,0.3479999899864197,0.17000000178813934
YER018C,YGL249W,0,-4.9181485,0.16983895003795624,0.3479999899864197,0.17010000348091125
YJR047C,YJL111W,0,-4.918218,0.16975609958171844,0.3479999899864197,0.17020000517368317
YAL021C,YBR114W,0,-4.9182625,0.16967332363128662,0.3479999899864197,0.17030000686645508
YDR039C,YKL038W,0,-4.918366,0.16959063708782196,0.3479999899864197,0.1703999936580658
YPL028W,YGR220C,0,-4.918735,0.16950803995132446,0.3479999899864197,0.1704999953508377
YPL096C-A,YBR123C,0,-4.9188843,0.16942551732063293,0.3479999899864197,0.17059999704360962
YJL112W,YCR028C-A,1,-4.919024,0.16982968151569366,0.3490000069141388,0.17059999704360962
YJR068W,YCL005W-A,0,-4.919127,0.16974708437919617,0.3490000069141388,0.17069999873638153
YDR358W,YPL249C,0,-4.9191527,0.16966456174850464,0.3490000069141388,0.17080000042915344
YLR148W,YDR418W,0,-4.9191747,0.16958211362361908,0.3490000069141388,0.17090000212192535
YMR280C,YMR025W,0,-4.9192944,0.16949975490570068,0.3490000069141388,0.17100000381469727
YML006C,YOR265W,0,-4.9193993,0.16941747069358826,0.3490000069141388,0.17110000550746918
YBR257W,YMR146C,0,-4.9194317,0.169335275888443,0.3490000069141388,0.1712000072002411
YJL128C,YDR303C,0,-4.9194436,0.1692531555891037,0.3490000069141388,0.1712999939918518
YLR355C,YHR083W,1,-4.919564,0.16965584456920624,0.3499999940395355,0.1712999939918518
YKL029C,YIL038C,0,-4.919578,0.16957364976406097,0.3499999940395355,0.17139999568462372
YNL126W,YEL013W,0,-4.9198604,0.16949152946472168,0.3499999940395355,0.17149999737739563
YJL146W,YDR532C,0,-4.9199023,0.16940948367118835,0.3499999940395355,0.17159999907016754
YGL223C,YNL264C,0,-4.9201384,0.1693275272846222,0.3499999940395355,0.17170000076293945
YGR080W,YNR048W,0,-4.9201903,0.169245645403862,0.3499999940395355,0.17180000245571136
YGL122C,YML049C,0,-4.9202003,0.16916385293006897,0.3499999940395355,0.17190000414848328
YOR371C,YPR046W,0,-4.9205003,0.16908212006092072,0.3499999940395355,0.1720000058412552
YPR181C,YPL063W,0,-4.920569,0.16900047659873962,0.3499999940395355,0.1720999926328659
YEL022W,YOL049W,0,-4.9206595,0.1689189225435257,0.3499999940395355,0.17219999432563782
YOR127W,YOR151C,0,-4.9207196,0.16883742809295654,0.3499999940395355,0.17229999601840973
YPL195W,YDR060W,0,-4.9208164,0.16875602304935455,0.3499999940395355,0.17239999771118164
YJR065C,YDL142C,1,-4.9208946,0.16915662586688995,0.35100001096725464,0.17239999771118164
YJR057W,YGR178C,0,-4.9209905,0.169075146317482,0.35100001096725464,0.17249999940395355
YDR176W,YNL126W,0,-4.921184,0.16899374127388,0.35100001096725464,0.17260000109672546
YOR226C,YJR022W,0,-4.9212146,0.16891241073608398,0.35100001096725464,0.17270000278949738
YPL049C,YEL050C,0,-4.92124,0.16883116960525513,0.35100001096725464,0.1728000044822693
YLR208W,YKL079W,0,-4.921298,0.16875000298023224,0.35100001096725464,0.1729000061750412
YGL055W,YJR120W,1,-4.9214168,0.16914944350719452,0.35199999809265137,0.1729000061750412
YOR147W,YOR266W,1,-4.921721,0.16954851150512695,0.3529999852180481,0.1729000061750412
YBR035C,YPR182W,0,-4.921743,0.16946712136268616,0.3529999852180481,0.17299999296665192
YJL124C,YNL099C,0,-4.921823,0.16938579082489014,0.3529999852180481,0.17309999465942383
YOL088C,YDR432W,0,-4.9218388,0.16930454969406128,0.3529999852180481,0.17319999635219574
YNL297C,YOL147C,0,-4.9220443,0.16922339797019958,0.3529999852180481,0.17329999804496765
YLR303W,YJR127C,0,-4.922066,0.16914230585098267,0.3529999852180481,0.17339999973773956
YGL017W,YLR183C,0,-4.922096,0.1690613031387329,0.3529999852180481,0.17350000143051147
YPL200W,YJL093C,0,-4.9223475,0.16898037493228912,0.3529999852180481,0.1736000031232834
YER014C-A,YPL156C,0,-4.9224844,0.1688995212316513,0.3529999852180481,0.1737000048160553
YDR512C,YPR055W,0,-4.9227853,0.16881874203681946,0.3529999852180481,0.1738000065088272
YHR059W,YMR200W,0,-4.9227853,0.16873805224895477,0.3529999852180481,0.17389999330043793
YNL166C,YAR033W,0,-4.923174,0.16865743696689606,0.3529999852180481,0.17399999499320984
YNL270C,YDR057W,0,-4.923364,0.16857688128948212,0.3529999852180481,0.17409999668598175
YNL288W,YDR142C,0,-4.9242053,0.16849641501903534,0.3529999852180481,0.17419999837875366
YBR161W,YHR034C,0,-4.924442,0.16841602325439453,0.3529999852180481,0.17430000007152557
YIL010W,YPL095C,0,-4.924484,0.1683357208967209,0.3529999852180481,0.17440000176429749
YPL006W,YCL043C,0,-4.924499,0.16825547814369202,0.3529999852180481,0.1745000034570694
YDL166C,YER116C,0,-4.924537,0.1681753247976303,0.3529999852180481,0.1746000051498413
YDL007W,YCR052W,0,-4.924724,0.16809523105621338,0.3529999852180481,0.17470000684261322
YLR219W,YNL329C,0,-4.9254575,0.1680152267217636,0.3529999852180481,0.17479999363422394
YLL038C,YLR166C,0,-4.9256744,0.1679352968931198,0.3529999852180481,0.17489999532699585
YML019W,YDR279W,0,-4.9258075,0.16785544157028198,0.3529999852180481,0.17499999701976776
YNR003C,YPL180W,0,-4.9258704,0.16777566075325012,0.3529999852180481,0.17509999871253967
YNR013C,YCR052W,0,-4.9265304,0.16769596934318542,0.3529999852180481,0.17520000040531158
YPR007C,YBR105C,0,-4.9265695,0.1676163375377655,0.3529999852180481,0.1753000020980835
YLR189C,YPL096W,0,-4.926579,0.16753678023815155,0.3529999852180481,0.1754000037908554
YDR219C,YBL080C,1,-4.9266257,0.1679316908121109,0.3540000021457672,0.1754000037908554
YIL053W,YER074W-A,0,-4.9268928,0.16785205900669098,0.3540000021457672,0.17550000548362732
YMR287C,YNL214W,0,-4.9270053,0.16777251660823822,0.3540000021457672,0.17560000717639923
YJL112W,YLL013C,1,-4.9272227,0.16816674172878265,0.35499998927116394,0.17560000717639923
YIL026C,YHL027W,0,-4.9272285,0.16808712482452393,0.35499998927116394,0.17569999396800995
YDL006W,YHR083W,1,-4.927486,0.16848082840442657,0.35600000619888306,0.17569999396800995
YDL005C,YDL116W,0,-4.9279237,0.16840113699436188,0.35600000619888306,0.17579999566078186
YLL013C,YDR470C,1,-4.927974,0.16879431903362274,0.3569999933242798,0.17579999566078186
YGL027C,YDR272W,0,-4.9280987,0.16871455311775208,0.3569999933242798,0.17589999735355377
YLR028C,YGL135W,0,-4.928187,0.16863486170768738,0.3569999933242798,0.17599999904632568
YOR098C,YDR207C,0,-4.928392,0.16855524480342865,0.3569999933242798,0.1761000007390976
YDL175C,YER123W,0,-4.928449,0.1684757024049759,0.3569999933242798,0.1762000024318695
YGR222W,YJL001W,0,-4.928803,0.1683962196111679,0.3569999933242798,0.17630000412464142
YIR009W,YHR001W,0,-4.9288373,0.1683168262243271,0.3569999933242798,0.17640000581741333
YDL044C,YDR200C,0,-4.9289474,0.16823750734329224,0.3569999933242798,0.17649999260902405
YHL019C,YDL002C,0,-4.9292517,0.16815826296806335,0.3569999933242798,0.17659999430179596
YLR144C,YLR383W,0,-4.9293666,0.16807909309864044,0.3569999933242798,0.17669999599456787
YHR083W,YNL213C,1,-4.929496,0.1684705913066864,0.3580000102519989,0.17669999599456787
YNL101W,YOR088W,0,-4.929597,0.16839134693145752,0.3580000102519989,0.17679999768733978
YPL180W,YML028W,0,-4.929665,0.1683121770620346,0.3580000102519989,0.1768999993801117
YKL053C-A,YBL080C,1,-4.9298906,0.16870300471782684,0.35899999737739563,0.1768999993801117
YPL046C,YHR150W,0,-4.9299517,0.16862376034259796,0.35899999737739563,0.1770000010728836
YOL063C,YBR081C,0,-4.929986,0.16854460537433624,0.35899999737739563,0.17710000276565552
YBR132C,YDR494W,0,-4.930131,0.1684655100107193,0.35899999737739563,0.17720000445842743
YGR095C,YDR523C,0,-4.930367,0.16838648915290833,0.35899999737739563,0.17730000615119934
YPR188C,YAL016W,0,-4.930405,0.16830754280090332,0.35899999737739563,0.17739999294281006
YPL169C,YPL093W,0,-4.9305434,0.16822868585586548,0.35899999737739563,0.17749999463558197
YGR247W,YNL054W,0,-4.930598,0.1681498885154724,0.35899999737739563,0.17759999632835388
YDL160C,YBR254C,0,-4.9308887,0.16807116568088531,0.35899999737739563,0.1776999980211258
YER166W,YPR100W,0,-4.9309187,0.1679925173521042,0.35899999737739563,0.1777999997138977
YAL023C,YMR263W,0,-4.9309754,0.16791394352912903,0.35899999737739563,0.17790000140666962
YJL073W,YOR073W,0,-4.9311156,0.16783544421195984,0.35899999737739563,0.17800000309944153
YLR045C,YOR143C,0,-4.93121,0.16775700449943542,0.35899999737739563,0.17810000479221344
YLR096W,YDR388W,0,-4.931261,0.16767865419387817,0.35899999737739563,0.17820000648498535
YGR003W,YML038C,0,-4.931398,0.1676003783941269,0.35899999737739563,0.17829999327659607
YAL051W,YFR051C,0,-4.931417,0.16752216219902039,0.35899999737739563,0.17839999496936798
YGR134W,YPR173C,0,-4.9315166,0.16744403541088104,0.35899999737739563,0.1784999966621399
YDR503C,YHR181W,0,-4.9316535,0.16736596822738647,0.35899999737739563,0.1785999983549118
YER120W,YBL050W,0,-4.931746,0.16728797554969788,0.35899999737739563,0.17870000004768372
YBL019W,YIL017C,0,-4.9318557,0.16721005737781525,0.35899999737739563,0.17880000174045563
YIL128W,YMR210W,0,-4.9319086,0.1671322137117386,0.35899999737739563,0.17890000343322754
YEL016C,YDL080C,0,-4.9319406,0.1670544445514679,0.35899999737739563,0.17900000512599945
YPL100W,YPL085W,0,-4.932072,0.16697674989700317,0.35899999737739563,0.17910000681877136
YGL244W,YKR029C,0,-4.932158,0.16689911484718323,0.35899999737739563,0.17919999361038208
YDR363W,YML127W,0,-4.9323344,0.16682155430316925,0.35899999737739563,0.179299995303154
YMR167W,YPL233W,0,-4.9323583,0.16674408316612244,0.35899999737739563,0.1793999969959259
YGL051W,YPL085W,0,-4.9323688,0.1666666716337204,0.35899999737739563,0.17949999868869781
YFL039C,YHR005C-A,1,-4.932409,0.16705337166786194,0.36000001430511475,0.17949999868869781
YKR036C,YBR091C,1,-4.9324183,0.16743969917297363,0.3610000014305115,0.17949999868869781
YML036W,YDR191W,0,-4.9325,0.16736207902431488,0.3610000014305115,0.17960000038146973
YJL081C,YJL039C,0,-4.932646,0.1672845184803009,0.3610000014305115,0.17970000207424164
YOL082W,YNL169C,0,-4.9327683,0.1672070473432541,0.3610000014305115,0.17980000376701355
YGL035C,YJL056C,0,-4.9328256,0.16712963581085205,0.3610000014305115,0.17990000545978546
YBL022C,YIL084C,0,-4.9328513,0.1670522838830948,0.3610000014305115,0.18000000715255737
YLR103C,YLR318W,0,-4.9329185,0.1669750213623047,0.3610000014305115,0.1800999939441681
YNL116W,YOR003W,0,-4.932981,0.16689783334732056,0.3610000014305115,0.18019999563694
YLR429W,YGL045W,0,-4.9333386,0.1668207049369812,0.3610000014305115,0.18029999732971191
YGL150C,YDR265W,0,-4.933557,0.16674365103244781,0.3610000014305115,0.18039999902248383
YOL012C,YIL038C,0,-4.9337525,0.1666666716337204,0.3610000014305115,0.18050000071525574
YFL039C,YCR028C-A,1,-4.9339814,0.16705122590065002,0.3619999885559082,0.18050000071525574
YMR016C,YDR310C,0,-4.934101,0.16697417199611664,0.3619999885559082,0.18060000240802765
YDR378C,YNR006W,0,-4.934108,0.16689719259738922,0.3619999885559082,0.18070000410079956
YMR012W,YML061C,1,-4.934694,0.1672811061143875,0.3630000054836273,0.18070000410079956
YMR299C,YDR078C,0,-4.9347267,0.16720405220985413,0.3630000054836273,0.18080000579357147
YMR301C,YPR173C,0,-4.93479,0.1671270728111267,0.3630000054836273,0.1808999925851822
YLR228C,YOR171C,0,-4.934908,0.16705016791820526,0.3630000054836273,0.1809999942779541
YDL008W,YDR330W,0,-4.934937,0.1669733226299286,0.3630000054836273,0.181099995970726
YML112W,YGR222W,0,-4.934995,0.16689655184745789,0.3630000054836273,0.18119999766349792
YPR102C,YPL129W,0,-4.935104,0.16681985557079315,0.3630000054836273,0.18129999935626984
YJR042W,YGL008C,0,-4.9353786,0.1667432188987732,0.3630000054836273,0.18140000104904175
YKR003W,YOR103C,0,-4.9353805,0.1666666716337204,0.3630000054836273,0.18150000274181366
YDR501W,YLR362W,0,-4.9356637,0.16659018397331238,0.3630000054836273,0.18160000443458557
YOR147W,YNL310C,1,-4.9358096,0.16697247326374054,0.36399999260902405,0.18160000443458557
YOL095C,YNL121C,1,-4.935895,0.16735441982746124,0.36500000953674316,0.18160000443458557
YLR074C,YIL084C,0,-4.9360285,0.1672777235507965,0.36500000953674316,0.18170000612735748
YGR183C,YIL118W,0,-4.936098,0.16720110177993774,0.36500000953674316,0.1817999929189682
YMR112C,YAL016W,0,-4.9361563,0.16712453961372375,0.36500000953674316,0.1818999946117401
YDL142C,YPL098C,1,-4.936159,0.16750572621822357,0.3659999966621399,0.1818999946117401
YKR028W,YPL085W,0,-4.9361606,0.1674290895462036,0.3659999966621399,0.18199999630451202
YHR108W,YHR058C,0,-4.936302,0.16735254228115082,0.3659999966621399,0.18209999799728394
YER122C,YKR028W,0,-4.936456,0.1672760546207428,0.3659999966621399,0.18219999969005585
YHR186C,YLR208W,0,-4.936483,0.16719964146614075,0.3659999966621399,0.18230000138282776
YNL153C,YDR192C,0,-4.9365306,0.16712328791618347,0.3659999966621399,0.18240000307559967
YBR244W,YJL001W,0,-4.9365664,0.16704700887203217,0.3659999966621399,0.18250000476837158
YDL065C,YCR102C,0,-4.9366455,0.16697080433368683,0.3659999966621399,0.1826000064611435
YBR192W,YNL310C,1,-4.9366755,0.1673506647348404,0.367000013589859,0.1826000064611435
YDR099W,YLR039C,0,-4.936877,0.1672743856906891,0.367000013589859,0.1826999932527542
YOR112W,YOR150W,0,-4.936957,0.16719818115234375,0.367000013589859,0.18279999494552612
YJR053W,YMR039C,0,-4.937182,0.1671220362186432,0.367000013589859,0.18289999663829803
YER019W,YML092C,0,-4.9375834,0.1670459657907486,0.367000013589859,0.18299999833106995
YHR114W,YLR103C,0,-4.9376554,0.16696996986865997,0.367000013589859,0.18310000002384186
YGR145W,YDR212W,0,-4.93773,0.16689404845237732,0.367000013589859,0.18320000171661377
YBR233W-A,YPL152W,0,-4.9377813,0.16681818664073944,0.367000013589859,0.18330000340938568
YLR095C,YEL017C-A,0,-4.9378343,0.16674238443374634,0.367000013589859,0.1834000051021576
YBL042C,YMR087W,0,-4.9378667,0.1666666716337204,0.367000013589859,0.1835000067949295
YOR002W,YDR421W,0,-4.9380145,0.16659101843833923,0.367000013589859,0.18359999358654022
YCR094W,YHL027W,0,-4.93802,0.16651542484760284,0.367000013589859,0.18369999527931213
YMR037C,YDR092W,0,-4.9381986,0.16643990576267242,0.367000013589859,0.18379999697208405
YJL006C,YJL074C,0,-4.9382014,0.16636446118354797,0.367000013589859,0.18389999866485596
YML110C,YGL045W,0,-4.938209,0.1662890762090683,0.367000013589859,0.18400000035762787
YGL027C,YBR086C,0,-4.93823,0.1662137657403946,0.367000013589859,0.18410000205039978
YGR167W,YJL167W,0,-4.9382834,0.16613852977752686,0.367000013589859,0.1842000037431717
YJR057W,YJL121C,0,-4.938372,0.1660633534193039,0.367000013589859,0.1843000054359436
YPL007C,YHR039C-A,0,-4.938534,0.1659882366657257,0.367000013589859,0.18440000712871552
YNL280C,YIL139C,0,-4.938691,0.1659131944179535,0.367000013589859,0.18449999392032623
YOR025W,YGR170W,0,-4.9387126,0.16583822667598724,0.367000013589859,0.18459999561309814
YOR266W,YDR393W,1,-4.9387197,0.16621500253677368,0.36800000071525574,0.18459999561309814
YHR108W,YIL128W,0,-4.938722,0.16613996028900146,0.36800000071525574,0.18469999730587006
YOL088C,YDR381W,0,-4.93881,0.16606497764587402,0.36800000071525574,0.18479999899864197
YER042W,YKL193C,0,-4.9389696,0.16599006950855255,0.36800000071525574,0.18490000069141388
YML012W,YFL060C,0,-4.9392657,0.16591523587703705,0.36800000071525574,0.1850000023841858
YLL013C,YHR083W,1,-4.93947,0.16629111766815186,0.36899998784065247,0.1850000023841858
YOR181W,YNL283C,0,-4.9395204,0.16621620953083038,0.36899998784065247,0.1851000040769577
YNL116W,YGR241C,0,-4.939564,0.16614137589931488,0.36899998784065247,0.18520000576972961
YOR267C,YIL109C,0,-4.9397454,0.16606660187244415,0.36899998784065247,0.18529999256134033
YDR096W,YDR272W,0,-4.940185,0.1659919023513794,0.36899998784065247,0.18539999425411224
YDR288W,YOR229W,0,-4.9404564,0.1659172624349594,0.36899998784065247,0.18549999594688416
YDR456W,YPR036W,0,-4.940493,0.1658426970243454,0.36899998784065247,0.18559999763965607
YDR398W,YCL062W,0,-4.940599,0.16576819121837616,0.36899998784065247,0.18569999933242798
YIL142W,YGR202C,0,-4.940603,0.1656937599182129,0.36899998784065247,0.1858000010251999
YBR233W-A,YLR410W,0,-4.9412913,0.1656193882226944,0.36899998784065247,0.1859000027179718
YPL190C,YGL249W,0,-4.9413495,0.16554509103298187,0.36899998784065247,0.1860000044107437
YPL078C,YPL241C,0,-4.941466,0.16547085344791412,0.36899998784065247,0.18610000610351562
YDR385W,YDL022W,0,-4.9416313,0.16539669036865234,0.36899998784065247,0.18619999289512634
YIL122W,YPL283C,0,-4.941654,0.16532258689403534,0.36899998784065247,0.18629999458789825
YGL073W,YBR240C,0,-4.9416947,0.1652485430240631,0.36899998784065247,0.18639999628067017
YOL027C,YNL149C,1,-4.9418073,0.16562220454216003,0.3700000047683716,0.18639999628067017
YJL104W,YPL106C,0,-4.9418464,0.16554810106754303,0.3700000047683716,0.18649999797344208
YOR011W,YDL134C,0,-4.941949,0.1654740571975708,0.3700000047683716,0.186599999666214
YOR253W,YNL243W,0,-4.9420695,0.16540008783340454,0.3700000047683716,0.1867000013589859
YNL061W,YDR192C,0,-4.942104,0.16532617807388306,0.3700000047683716,0.1868000030517578
YJL069C,YNL064C,0,-4.9422154,0.16525234282016754,0.3700000047683716,0.18690000474452972
YHR008C,YOR297C,0,-4.9426947,0.1651785671710968,0.3700000047683716,0.18700000643730164
YBR297W,YDR356W,0,-4.942877,0.16510486602783203,0.3700000047683716,0.18709999322891235
YLR084C,YCL010C,0,-4.943124,0.16503122448921204,0.3700000047683716,0.18719999492168427
YMR037C,YPL188W,0,-4.943423,0.16495764255523682,0.3700000047683716,0.18729999661445618
YIL046W,YHR039C-A,0,-4.9435086,0.16488413512706757,0.3700000047683716,0.1873999983072281
YKL201C,YDR092W,0,-4.94357,0.1648106873035431,0.3700000047683716,0.1875
YLR127C,YCL027W,0,-4.943685,0.16473731398582458,0.3700000047683716,0.1876000016927719
YGL020C,YBR185C,1,-4.9437184,0.1651090383529663,0.3709999918937683,0.1876000016927719
YCR065W,YOL042W,0,-4.9438205,0.16503559052944183,0.3709999918937683,0.18770000338554382
YBR234C,YJR065C,1,-4.9439054,0.16540685296058655,0.3720000088214874,0.18770000338554382
YLR355C,YIL051C,1,-4.943956,0.1657777726650238,0.37299999594688416,0.18770000338554382
YJL104W,YDR320C,0,-4.944093,0.1657041311264038,0.37299999594688416,0.18780000507831573
YDR376W,YHR166C,0,-4.944103,0.1656305491924286,0.37299999594688416,0.18790000677108765
YLR147C,YGL145W,0,-4.9441047,0.16555704176425934,0.37299999594688416,0.18799999356269836
YDL154W,YDR485C,0,-4.94411,0.16548357903957367,0.37299999594688416,0.18809999525547028
YOR074C,YFR003C,0,-4.9441648,0.16541020572185516,0.37299999594688416,0.1881999969482422
YBL097W,YDR176W,0,-4.944341,0.16533687710762024,0.37299999594688416,0.1882999986410141
YGL046W,YKR053C,0,-4.9444566,0.16526362299919128,0.37299999594688416,0.188400000333786
YMR296C,YPL169C,0,-4.9446692,0.1651904284954071,0.37299999594688416,0.18850000202655792
YFL013C,YNL053W,0,-4.944735,0.1651173084974289,0.37299999594688416,0.18860000371932983
YOR211C,YNL304W,1,-4.944778,0.16548672318458557,0.37400001287460327,0.18860000371932983
YGR041W,YOR320C,0,-4.9448524,0.1654135286808014,0.37400001287460327,0.18870000541210175
YLR370C,YJR065C,1,-4.944939,0.16578249633312225,0.375,0.18870000541210175
YGL178W,YJR127C,0,-4.9450183,0.1657092422246933,0.375,0.18880000710487366
YLR238W,YER041W,0,-4.9450183,0.16563604772090912,0.375,0.18889999389648438
YMR021C,YDR202C,0,-4.9450393,0.16556291282176971,0.375,0.1889999955892563
YIR041W,YNL253W,0,-4.945064,0.16548985242843628,0.375,0.1890999972820282
YDR483W,YNL131W,0,-4.9451256,0.16541685163974762,0.375,0.1891999989748001
YDL069C,YFR027W,0,-4.9451823,0.16534391045570374,0.375,0.18930000066757202
YCL055W,YGL095C,0,-4.9452367,0.16527104377746582,0.375,0.18940000236034393
YLR189C,YLR319C,0,-4.945399,0.16519823670387268,0.375,0.18950000405311584
YKL146W,YER116C,0,-4.945544,0.16512548923492432,0.375,0.18960000574588776
YOR151C,YML055W,0,-4.9456906,0.16505281627178192,0.375,0.18970000743865967
YBR213W,YDR192C,0,-4.9457436,0.1649802029132843,0.375,0.18979999423027039
YIL115C,YDR240C,0,-4.9458284,0.16490764915943146,0.375,0.1898999959230423
YBR192W,YNL304W,1,-4.945953,0.1652747243642807,0.37599998712539673,0.1898999959230423
YDR137W,YOR148C,0,-4.945961,0.16520211100578308,0.37599998712539673,0.1899999976158142
YGR284C,YKR101W,0,-4.946043,0.16512955725193024,0.37599998712539673,0.19009999930858612
YPL051W,YNL245C,0,-4.946194,0.16505706310272217,0.37599998712539673,0.19020000100135803
YGR145W,YEL053C,0,-4.9463153,0.16498464345932007,0.37599998712539673,0.19030000269412994
YLR015W,YLR103C,0,-4.946699,0.16491228342056274,0.37599998712539673,0.19040000438690186
YKL025C,YMR088C,0,-4.94675,0.1648399829864502,0.37599998712539673,0.19050000607967377
YBL058W,YGL022W,0,-4.946876,0.16476774215698242,0.37599998712539673,0.19059999287128448
YNL049C,YDR422C,0,-4.947126,0.16469557583332062,0.37599998712539673,0.1906999945640564
YGR097W,YGR216C,0,-4.947392,0.1646234691143036,0.37599998712539673,0.1907999962568283
YMR012W,YCL044C,1,-4.9474063,0.16498905420303345,0.37700000405311584,0.1907999962568283
YDR529C,YKL126W,0,-4.9474244,0.16491688787937164,0.37700000405311584,0.19089999794960022
YDR252W,YGL048C,0,-4.947561,0.16484478116035461,0.37700000405311584,0.19099999964237213
YOL009C,YPR125W,1,-4.9476666,0.1652097851037979,0.3779999911785126,0.19099999964237213
YIL034C,YLR447C,0,-4.9478106,0.1651376187801361,0.3779999911785126,0.19110000133514404
YLR190W,YDR393W,1,-4.9481244,0.16550219058990479,0.3790000081062317,0.19110000133514404
YNL106C,YER087C-B,0,-4.948317,0.165429949760437,0.3790000081062317,0.19120000302791595
YBL011W,YKL018W,0,-4.9483247,0.165357768535614,0.3790000081062317,0.19130000472068787
YDR439W,YJL203W,0,-4.9483447,0.1652856469154358,0.3790000081062317,0.19140000641345978
YDR450W,YDR312W,0,-4.9483743,0.16521359980106354,0.3790000081062317,0.1914999932050705
YBR100W,YLR219W,0,-4.948421,0.16514161229133606,0.3790000081062317,0.1915999948978424
YLR342W,YDL236W,0,-4.94852,0.16506968438625336,0.3790000081062317,0.19169999659061432
YDL029W,YDR470C,1,-4.948546,0.16543316841125488,0.3799999952316284,0.19169999659061432
YJR040W,YPR073C,0,-4.9489427,0.1653611809015274,0.3799999952316284,0.19179999828338623
YLR370C,YOR147W,1,-4.949036,0.1657242327928543,0.38100001215934753,0.19179999828338623
YOR034C,YPR032W,0,-4.9491205,0.16565217077732086,0.38100001215934753,0.19189999997615814
YOR326W,YDR470C,1,-4.9493804,0.16601477563381195,0.38199999928474426,0.19189999997615814
YKL054C,YDL035C,0,-4.949476,0.16594265401363373,0.38199999928474426,0.19200000166893005
YEL018W,YER018C,0,-4.9495487,0.16587060689926147,0.38199999928474426,0.19210000336170197
YMR240C,YDR485C,0,-4.949699,0.1657986044883728,0.38199999928474426,0.19220000505447388
YHL019C,YKR065C,0,-4.9497695,0.1657266765832901,0.38199999928474426,0.1923000067472458
YOR150W,YDR356W,0,-4.94981,0.16565480828285217,0.38199999928474426,0.1923999935388565
YOL077W-A,YJR091C,0,-4.9499073,0.16558301448822021,0.38199999928474426,0.19249999523162842
YLL019C,YGL045W,0,-4.950066,0.16551126539707184,0.38199999928474426,0.19259999692440033
YNR033W,YBR090C-A,0,-4.950292,0.16543959081172943,0.38199999928474426,0.19269999861717224
YEL031W,YOL129W,0,-4.9507155,0.1653679609298706,0.38199999928474426,0.19280000030994415
YJL026W,YPR054W,0,-4.950764,0.16529640555381775,0.38199999928474426,0.19290000200271606
YGL032C,YDL207W,0,-4.950808,0.16522490978240967,0.38199999928474426,0.19300000369548798
YER026C,YFL045C,0,-4.9512057,0.16515347361564636,0.38199999928474426,0.1931000053882599
YNL312W,YJL156C,0,-4.9512615,0.16508211195468903,0.38199999928474426,0.1932000070810318
YFL034C-B,YJL019W,0,-4.9513364,0.16501079499721527,0.38199999928474426,0.19329999387264252
YOL117W,YGL127C,0,-4.95147,0.16493955254554749,0.38199999928474426,0.19339999556541443
YCR028C-A,YMR241W,1,-4.9514995,0.16529995203018188,0.382999986410141,0.19339999556541443
YOR326W,YML061C,1,-4.951513,0.1656600534915924,0.3840000033378601,0.19339999556541443
YDR017C,YMR079W,0,-4.9516835,0.1655886173248291,0.3840000033378601,0.19349999725818634
YPR033C,YJL035C,0,-4.951695,0.16551724076271057,0.3840000033378601,0.19359999895095825
YIR015W,YER087C-B,0,-4.951712,0.16544592380523682,0.3840000033378601,0.19370000064373016
YMR235C,YMR214W,0,-4.9517293,0.16537468135356903,0.3840000033378601,0.19380000233650208
YIL142W,YLR154C,0,-4.951803,0.16530348360538483,0.3840000033378601,0.193900004029274
YPL195W,YBL100W-A,0,-4.952058,0.1652323603630066,0.3840000033378601,0.1940000057220459
YPR008W,YBL002W,0,-4.9521947,0.16516129672527313,0.3840000033378601,0.1941000074148178
YBL011W,YBL106C,0,-4.9522095,0.16509027779102325,0.3840000033378601,0.19419999420642853
YGR101W,YNL304W,1,-4.952245,0.1654490828514099,0.38499999046325684,0.19419999420642853
YNR072W,YNL045W,0,-4.9522667,0.16537800431251526,0.38499999046325684,0.19429999589920044
YBR085W,YBR049C,0,-4.9522705,0.16530700027942657,0.38499999046325684,0.19439999759197235
YJR042W,YAL043C,0,-4.952427,0.16523605585098267,0.38499999046325684,0.19449999928474426
YGL071W,YGL113W,0,-4.9525747,0.16516517102718353,0.38499999046325684,0.19460000097751617
YPR176C,YJL179W,0,-4.9526515,0.16509434580802917,0.38499999046325684,0.19470000267028809
YER027C,YMR270C,0,-4.952663,0.1650235801935196,0.38499999046325684,0.19480000436306
YMR173W,YMR314W,0,-4.952718,0.16495287418365479,0.38499999046325684,0.1949000060558319
YIL034C,YOR110W,0,-4.952782,0.16488222777843475,0.38499999046325684,0.19499999284744263
YBR234C,YOR211C,1,-4.952824,0.16523972153663635,0.38600000739097595,0.19499999284744263
YCR002C,YOL051W,0,-4.9528937,0.16516901552677155,0.38600000739097595,0.19509999454021454
YBL026W,YER089C,0,-4.95306,0.1650983691215515,0.38600000739097595,0.19519999623298645
YNL135C,YMR008C,0,-4.9530807,0.16502778232097626,0.38600000739097595,0.19529999792575836
YER019W,YGL136C,0,-4.953495,0.16495727002620697,0.38600000739097595,0.19539999961853027
YNL139C,YIL017C,0,-4.95356,0.16488680243492126,0.38600000739097595,0.19550000131130219
YLR095C,YBR195C,0,-4.953813,0.16481639444828033,0.38600000739097595,0.1956000030040741
YGL011C,YOR230W,0,-4.953819,0.16474604606628418,0.38600000739097595,0.195700004696846
YOL009C,YPR083W,1,-4.9539266,0.16510239243507385,0.3869999945163727,0.195700004696846
YOR147W,YJL116C,1,-4.9540277,0.16545842587947845,0.3880000114440918,0.195700004696846
YLL004W,YOR207C,0,-4.954088,0.16538789868354797,0.3880000114440918,0.19580000638961792
YOR079C,YJL034W,0,-4.9542212,0.16531743109226227,0.3880000114440918,0.19589999318122864
YAR014C,YDR098C,0,-4.9543056,0.16524702310562134,0.3880000114440918,0.19599999487400055
YBL005W,YMR106C,0,-4.954311,0.16517667472362518,0.3880000114440918,0.19609999656677246
YNL038W,YDL090C,0,-4.954653,0.1651063859462738,0.3880000114440918,0.19619999825954437
YMR096W,YDR201W,0,-4.9546795,0.1650361567735672,0.3880000114440918,0.19629999995231628
YBR098W,YHR139C,0,-4.9547224,0.16496598720550537,0.3880000114440918,0.1964000016450882
YNL220W,YDR378C,0,-4.954807,0.16489587724208832,0.3880000114440918,0.1965000033378601
YLR376C,YBR058C-A,0,-4.9548593,0.16482582688331604,0.3880000114440918,0.19660000503063202
YMR012W,YDL006W,1,-4.954951,0.16518047451972961,0.3889999985694885,0.19660000503063202
YGL020C,YDR219C,1,-4.954954,0.16553480923175812,0.38999998569488525,0.19660000503063202
YNL136W,YKL043W,0,-4.954987,0.1654645800590515,0.38999998569488525,0.19670000672340393
YHR183W,YMR283C,0,-4.9553137,0.1653943955898285,0.38999998569488525,0.19679999351501465
YOR034C,YLR337W,0,-4.9553914,0.16532428562641144,0.38999998569488525,0.19689999520778656
YLR096W,YMR224C,0,-4.955421,0.16525423526763916,0.38999998569488525,0.19699999690055847
YER019C-A,YDR498C,0,-4.955509,0.16518424451351166,0.38999998569488525,0.19709999859333038
YBR121C,YJL127C,0,-4.955547,0.16511431336402893,0.38999998569488525,0.1972000002861023
YLR380W,YPL140C,0,-4.955567,0.16504444181919098,0.38999998569488525,0.1973000019788742
YML051W,YIL115C,0,-4.955812,0.1649746149778366,0.38999998569488525,0.19740000367164612
YOR326W,YBR192W,1,-4.95606,0.16532769799232483,0.39100000262260437,0.19740000367164612
YDL126C,YFL024C,0,-4.956198,0.16525782644748688,0.39100000262260437,0.19750000536441803
YGR097W,YNL291C,0,-4.956208,0.1651879996061325,0.39100000262260437,0.19760000705718994
YIL033C,YDR490C,0,-4.956221,0.1651182472705841,0.39100000262260437,0.19769999384880066
YDR432W,YOR027W,0,-4.9562755,0.1650485396385193,0.39100000262260437,0.19779999554157257
YCL066W,YBL061C,0,-4.9562964,0.16497890651226044,0.39100000262260437,0.19789999723434448
YOR079C,YJR043C,0,-4.9563518,0.16490931808948517,0.39100000262260437,0.1979999989271164
YKR007W,YJR042W,0,-4.95651,0.16483980417251587,0.39100000262260437,0.1981000006198883
YDR358W,YAL047C,0,-4.956554,0.16477033495903015,0.39100000262260437,0.19820000231266022
YOL156W,YFR051C,0,-4.9565806,0.1647009253501892,0.39100000262260437,0.19830000400543213
YNL231C,YDR515W,0,-4.9566965,0.16463157534599304,0.39100000262260437,0.19840000569820404
YIL009C-A,YGR202C,0,-4.956782,0.16456228494644165,0.39100000262260437,0.19850000739097595
YEL015W,YJL186W,0,-4.9567995,0.16449305415153503,0.39100000262260437,0.19859999418258667
YKL170W,YBR289W,0,-4.9568124,0.1644238829612732,0.39100000262260437,0.19869999587535858
YOR386W,YLR141W,0,-4.957002,0.16435477137565613,0.39100000262260437,0.1987999975681305
YOR063W,YMR210W,0,-4.9571624,0.16428571939468384,0.39100000262260437,0.1988999992609024
YDR309C,YNL218W,0,-4.9572206,0.16421671211719513,0.39100000262260437,0.19900000095367432
YOR208W,YGL207W,0,-4.9573674,0.1641477793455124,0.39100000262260437,0.19910000264644623
YLL006W,YMR241W,1,-4.957381,0.16449853777885437,0.3919999897480011,0.19910000264644623
YDL166C,YKL042W,0,-4.9574475,0.16442953050136566,0.3919999897480011,0.19920000433921814
YMR246W,YGR249W,0,-4.957749,0.16436058282852173,0.3919999897480011,0.19930000603199005
YDL217C,YNL070W,1,-4.957781,0.16471081972122192,0.3930000066757202,0.19930000603199005
YBL090W,YDR238C,0,-4.957804,0.16464181244373322,0.3930000066757202,0.19939999282360077
YBR279W,YMR272C,0,-4.957808,0.16457286477088928,0.3930000066757202,0.19949999451637268
YGL038C,YGL127C,0,-4.9578643,0.16450397670269012,0.3930000066757202,0.1995999962091446
YBR265W,YML025C,0,-4.9580035,0.16443514823913574,0.3930000066757202,0.1996999979019165
YHR114W,YMR270C,0,-4.9580035,0.16436637938022614,0.3930000066757202,0.19979999959468842
YCR063W,YER166W,0,-4.958055,0.1642976552248001,0.3930000066757202,0.19990000128746033
YHL034C,YGL207W,0,-4.958071,0.16422900557518005,0.3930000066757202,0.20000000298023224
YAL053W,YNL302C,0,-4.958083,0.16416040062904358,0.3930000066757202,0.20010000467300415
YER178W,YDR030C,0,-4.958136,0.16409185528755188,0.3930000066757202,0.20020000636577606
YGR003W,YDR489W,0,-4.958155,0.16402336955070496,0.3930000066757202,0.20029999315738678
YJL058C,YIR012W,0,-4.958191,0.1639549434185028,0.3930000066757202,0.2003999948501587
YGL172W,YBR221C,0,-4.9582243,0.16388657689094543,0.3930000066757202,0.2004999965429306
YIL114C,YDR238C,0,-4.958329,0.16381825506687164,0.3930000066757202,0.20059999823570251
YJR004C,YER005W,0,-4.9583917,0.16374999284744263,0.3930000066757202,0.20069999992847443
YHR030C,YBR165W,0,-4.958632,0.16368180513381958,0.3930000066757202,0.20080000162124634
YCL014W,YMR140W,0,-4.958749,0.16361366212368011,0.3930000066757202,0.20090000331401825
YPR017C,YCR106W,0,-4.9589734,0.16354556381702423,0.3930000066757202,0.20100000500679016
YMR201C,YOR035C,0,-4.9591656,0.16347754001617432,0.3930000066757202,0.20110000669956207
YBR245C,YJR102C,0,-4.9595103,0.16340956091880798,0.3930000066757202,0.2011999934911728
YDL220C,YOL102C,0,-4.959618,0.16334164142608643,0.3930000066757202,0.2012999951839447
YMR162C,YBL090W,0,-4.959632,0.16327378153800964,0.3930000066757202,0.2013999968767166
YNL297C,YBR106W,0,-4.9598813,0.16320598125457764,0.3930000066757202,0.20149999856948853
YGL098W,YGL095C,0,-4.960115,0.1631382256746292,0.3930000066757202,0.20160000026226044
YJL093C,YJL164C,0,-4.9602513,0.16307054460048676,0.3930000066757202,0.20170000195503235
YFL060C,YOR256C,0,-4.9604726,0.16300290822982788,0.3930000066757202,0.20180000364780426
YOR250C,YML069W,0,-4.9605436,0.1629353165626526,0.3930000066757202,0.20190000534057617
YML023C,YDR300C,0,-4.960604,0.16286779940128326,0.3930000066757202,0.20200000703334808
YLR265C,YOR368W,0,-4.960653,0.16280032694339752,0.3930000066757202,0.2020999938249588
YER162C,YJL093C,0,-4.960748,0.16273291409015656,0.3930000066757202,0.2021999955177307
YBR205W,YLR006C,0,-4.9608245,0.16266556084156036,0.3930000066757202,0.20229999721050262
YML048W,YCL043C,0,-4.9608583,0.16259826719760895,0.3930000066757202,0.20239999890327454
YPL031C,YHR039C-A,0,-4.9610147,0.1625310182571411,0.3930000066757202,0.20250000059604645
YNL053W,YML029W,0,-4.961459,0.16246382892131805,0.3930000066757202,0.20260000228881836
YNL059C,YJR006W,0,-4.9614925,0.16239669919013977,0.3930000066757202,0.20270000398159027
YOL078W,YNL326C,0,-4.9615183,0.16232961416244507,0.3930000066757202,0.20280000567436218
YKL007W,YNL287W,0,-4.96168,0.16226258873939514,0.3930000066757202,0.2029000073671341
YBR217W,YDL225W,0,-4.9618,0.16219562292099,0.3930000066757202,0.2029999941587448
YDL047W,YOR308C,0,-4.961834,0.16212871670722961,0.3930000066757202,0.20309999585151672
YDL236W,YEL050C,0,-4.961842,0.16206185519695282,0.3930000066757202,0.20319999754428864
YBL019W,YLR016C,0,-4.961929,0.1619950532913208,0.3930000066757202,0.20329999923706055
YBR010W,YLR263W,0,-4.961948,0.16192831099033356,0.3930000066757202,0.20340000092983246
YDL044C,YER147C,0,-4.962025,0.1618616133928299,0.3930000066757202,0.20350000262260437
YDL155W,YMR283C,0,-4.962148,0.161794975399971,0.3930000066757202,0.20360000431537628
YOL012C,YBR017C,0,-4.9623084,0.1617283970117569,0.3930000066757202,0.2037000060081482
YMR091C,YDR195W,0,-4.962523,0.16166186332702637,0.3930000066757202,0.2037999927997589
YJL090C,YOL045W,0,-4.9626827,0.1615953892469406,0.3930000066757202,0.20389999449253082
YDR258C,YDL217C,1,-4.963013,0.16193999350070953,0.39399999380111694,0.20389999449253082
YAL020C,YKL220C,0,-4.963424,0.161873459815979,0.39399999380111694,0.20399999618530273
YEL063C,YOR344C,0,-4.9635854,0.16180698573589325,0.39399999380111694,0.20409999787807465
YHR120W,YMR060C,1,-4.9637465,0.16215106844902039,0.39500001072883606,0.20409999787807465
YPL096W,YLR165C,0,-4.9638333,0.16208453476428986,0.39500001072883606,0.20419999957084656
YJR118C,YLL006W,1,-4.9639063,0.16242821514606476,0.3959999978542328,0.20419999957084656
YNL126W,YER005W,0,-4.963915,0.16236162185668945,0.3959999978542328,0.20430000126361847
YKR002W,YJL093C,0,-4.963962,0.16229508817195892,0.3959999978542328,0.20440000295639038
YCR020C-A,YJL156C,0,-4.963968,0.16222859919071198,0.3959999978542328,0.2045000046491623
YMR200W,YJL047C,0,-4.964064,0.1621621549129486,0.3959999978542328,0.2046000063419342
YBR214W,YAR009C,0,-4.9640718,0.1620957851409912,0.3959999978542328,0.20469999313354492
YPL161C,YDR545W,0,-4.964416,0.1620294600725174,0.3959999978542328,0.20479999482631683
YIR006C,YCL005W-A,0,-4.964522,0.16196319460868835,0.3959999978542328,0.20489999651908875
YJR119C,YOR212W,0,-4.964547,0.1618969738483429,0.3959999978542328,0.20499999821186066
YNL261W,YDR363W-A,0,-4.9645686,0.1618308126926422,0.3959999978542328,0.20509999990463257
YDR320C-A,YNR006W,0,-4.964607,0.1617647111415863,0.3959999978542328,0.20520000159740448
YJL112W,YNL213C,1,-4.964744,0.1621069759130478,0.3970000147819519,0.20520000159740448
YNL151C,YPL029W,0,-4.965011,0.1620408147573471,0.3970000147819519,0.2053000032901764
YOL076W,YLL006W,1,-4.9650536,0.16238270699977875,0.39800000190734863,0.2053000032901764
YCR083W,YGL249W,0,-4.9650784,0.1623164713382721,0.39800000190734863,0.2054000049829483
YPL098C,YJR120W,1,-4.965162,0.1626579761505127,0.39899998903274536,0.2054000049829483
YBR135W,YLR363C,0,-4.9655633,0.16259168088436127,0.39899998903274536,0.20550000667572021
YMR162C,YMR091C,0,-4.9656944,0.1625254601240158,0.39899998903274536,0.20559999346733093
YIL160C,YBR058C,0,-4.9657774,0.16245928406715393,0.39899998903274536,0.20569999516010284
YOL145C,YDL212W,0,-4.9657993,0.16239316761493683,0.39899998903274536,0.20579999685287476
YLR320W,YNL015W,0,-4.9658256,0.1623270958662033,0.39899998903274536,0.20589999854564667
YPR049C,YKR061W,0,-4.965928,0.16226108372211456,0.39899998903274536,0.20600000023841858
YOR256C,YPL065W,0,-4.9659314,0.1621951162815094,0.39899998903274536,0.2061000019311905
YOR198C,YJL058C,0,-4.965981,0.162129208445549,0.39899998903274536,0.2062000036239624
YIL007C,YBR171W,0,-4.966075,0.1620633602142334,0.39899998903274536,0.20630000531673431
YNR035C,YNL149C,1,-4.966266,0.16240356862545013,0.4000000059604645,0.20630000531673431
YMR287C,YDR028C,0,-4.9664097,0.16233766078948975,0.4000000059604645,0.20640000700950623
YBR233W-A,YPR080W,0,-4.9664187,0.16227181255817413,0.4000000059604645,0.20649999380111694
YOL089C,YEL056W,0,-4.9665303,0.1622060090303421,0.4000000059604645,0.20659999549388885
YFL039C,YLR190W,1,-4.9665775,0.1625456064939499,0.4009999930858612,0.20659999549388885
YJR091C,YIL053W,0,-4.9666114,0.16247974336147308,0.4009999930858612,0.20669999718666077
YFR027W,YDR515W,0,-4.9667797,0.16241393983364105,0.4009999930858612,0.20679999887943268
YLR183C,YBR058C,0,-4.966908,0.1623481810092926,0.4009999930858612,0.2069000005722046
YGL017W,YAL020C,0,-4.966939,0.16228248178958893,0.4009999930858612,0.2070000022649765
YLR450W,YOR253W,0,-4.9670568,0.16221682727336884,0.4009999930858612,0.2071000039577484
YER155C,YJR040W,0,-4.967486,0.16215123236179352,0.4009999930858612,0.20720000565052032
YDL008W,YBR114W,0,-4.967744,0.16208569705486298,0.4009999930858612,0.20730000734329224
YOR373W,YAR035W,0,-4.967871,0.16202020645141602,0.4009999930858612,0.20739999413490295
YIL042C,YBR077C,0,-4.967918,0.16195476055145264,0.4009999930858612,0.20749999582767487
YMR012W,YOL076W,1,-4.9679384,0.16229309141635895,0.4020000100135803,0.20749999582767487
YPR010C,YPL106C,0,-4.968187,0.162227600812912,0.4020000100135803,0.20759999752044678
YER104W,YDR011W,0,-4.9682994,0.1621621549129486,0.4020000100135803,0.2076999992132187
YMR219W,YHR086W,0,-4.968484,0.16209676861763,0.4020000100135803,0.2078000009059906
YLR368W,YHR120W,1,-4.9685235,0.16243450343608856,0.40299999713897705,0.2078000009059906
YNR027W,YML010W,0,-4.968596,0.16236905753612518,0.40299999713897705,0.2079000025987625
YNL219C,YMR037C,0,-4.968621,0.16230367124080658,0.40299999713897705,0.20800000429153442
YLR433C,YHR039C-A,0,-4.9687004,0.16223832964897156,0.40299999713897705,0.20810000598430634
YGL075C,YNL262W,0,-4.968852,0.16217303276062012,0.40299999713897705,0.20819999277591705
YLR131C,YHR190W,0,-4.969192,0.16210781037807465,0.40299999713897705,0.20829999446868896
YPR176C,YMR200W,0,-4.969234,0.16204261779785156,0.40299999713897705,0.20839999616146088
YDL076C,YDR018C,0,-4.969312,0.16197748482227325,0.40299999713897705,0.2084999978542328
YLR459W,YMR153W,0,-4.9694266,0.16191241145133972,0.40299999713897705,0.2085999995470047
YGR278W,YMR095C,0,-4.9694276,0.16184738278388977,0.40299999713897705,0.2087000012397766
YMR288W,YGR122W,0,-4.9695525,0.1617824137210846,0.40299999713897705,0.20880000293254852
YDL113C,YCR002C,0,-4.969582,0.161717489361763,0.40299999713897705,0.20890000462532043
YOR198C,YGL025C,0,-4.96981,0.16165262460708618,0.40299999713897705,0.20900000631809235
YJR013W,YBR092C,0,-4.9699883,0.16158780455589294,0.40299999713897705,0.20909999310970306
YLR047C,YHR084W,0,-4.970135,0.16152304410934448,0.40299999713897705,0.20919999480247498
YBR049C,YER118C,0,-4.970165,0.1614583283662796,0.40299999713897705,0.2092999964952469
YOR355W,YLR183C,0,-4.9701653,0.1613936722278595,0.40299999713897705,0.2093999981880188
YKL016C,YJR019C,0,-4.97017,0.16132906079292297,0.40299999713897705,0.2094999998807907
YNL148C,YDL065C,0,-4.9702797,0.16126450896263123,0.40299999713897705,0.20960000157356262
YOR351C,YDR279W,0,-4.9703665,0.16120000183582306,0.40299999713897705,0.20970000326633453
YML128C,YDR027C,0,-4.97057,0.16113553941249847,0.40299999713897705,0.20980000495910645
YAL003W,YLR059C,0,-4.9705863,0.16107113659381866,0.40299999713897705,0.20990000665187836
YKL059C,YDR103W,0,-4.970593,0.16100679337978363,0.40299999713897705,0.20999999344348907
YGL071W,YPL274W,0,-4.971086,0.16094249486923218,0.40299999713897705,0.210099995136261
YGL257C,YOR043W,0,-4.9711046,0.1608782410621643,0.40299999713897705,0.2101999968290329
YJL112W,YJR120W,1,-4.971128,0.16121308505535126,0.40400001406669617,0.2101999968290329
YDL223C,YIL017C,0,-4.9711986,0.1611487865447998,0.40400001406669617,0.2102999985218048
YFL031W,YLR130C,0,-4.971255,0.16108453273773193,0.40400001406669617,0.21040000021457672
YKL084W,YFL003C,0,-4.9714246,0.16102032363414764,0.40400001406669617,0.21050000190734863
YMR246W,YGR020C,0,-4.9716315,0.16095617413520813,0.40400001406669617,0.21060000360012054
YPL125W,YDR079C-A,0,-4.9716964,0.1608920693397522,0.40400001406669617,0.21070000529289246
YNR052C,YKR001C,0,-4.971789,0.16082802414894104,0.40400001406669617,0.21080000698566437
YBR288C,YBR129C,0,-4.97222,0.16076402366161346,0.40400001406669617,0.21089999377727509
YJR017C,YOR036W,0,-4.972264,0.16070008277893066,0.40400001406669617,0.210999995470047
YHR166C,YOR180C,0,-4.9723735,0.16063618659973145,0.40400001406669617,0.2110999971628189
YDR141C,YPL016W,0,-4.9724355,0.1605723351240158,0.40400001406669617,0.21119999885559082
YJL081C,YDR324C,0,-4.972537,0.16050854325294495,0.40400001406669617,0.21130000054836273
YOR099W,YMR175W,0,-4.972717,0.16044479608535767,0.40400001406669617,0.21140000224113464
YBR152W,YJL187C,0,-4.9727416,0.16038110852241516,0.40400001406669617,0.21150000393390656
YLR127C,YDR004W,0,-4.9729314,0.16031746566295624,0.40400001406669617,0.21160000562667847
YJL210W,YPR101W,0,-4.972944,0.1602538675069809,0.40400001406669617,0.21170000731945038
YLR427W,YER012W,0,-4.973014,0.16019032895565033,0.40400001406669617,0.2117999941110611
YCR038C,YPR007C,0,-4.9731526,0.16012683510780334,0.40400001406669617,0.211899995803833
YLR418C,YNL023C,0,-4.9735107,0.16006338596343994,0.40400001406669617,0.21199999749660492
YKL054C,YGL094C,0,-4.9735446,0.1599999964237213,0.40400001406669617,0.21209999918937683
YNL070W,YMR302C,1,-4.973553,0.1603325456380844,0.4050000011920929,0.21209999918937683
YGL236C,YJL176C,0,-4.97364,0.160269096493721,0.4050000011920929,0.21220000088214874
YDL029W,YPR140W,1,-4.9737,0.16060127317905426,0.4059999883174896,0.21220000088214874
YCR047C,YBR055C,0,-4.97376,0.16053776443004608,0.4059999883174896,0.21230000257492065
YLR427W,YFL003C,0,-4.9738584,0.16047431528568268,0.4059999883174896,0.21240000426769257
YNL307C,YJR103W,0,-4.9738994,0.16041091084480286,0.4059999883174896,0.21250000596046448
YIL051C,YGR101W,1,-4.974218,0.16074249148368835,0.40700000524520874,0.21250000596046448
YEL019C,YGL137W,0,-4.974515,0.16067904233932495,0.40700000524520874,0.2125999927520752
YPR073C,YNL090W,0,-4.9747562,0.16061562299728394,0.40700000524520874,0.2126999944448471
YNL298W,YCR092C,0,-4.9748755,0.1605522632598877,0.40700000524520874,0.21279999613761902
YNL015W,YPL007C,0,-4.9750643,0.16048896312713623,0.40700000524520874,0.21289999783039093
YNL233W,YLR427W,0,-4.975068,0.16042569279670715,0.40700000524520874,0.21299999952316284
YIL160C,YIL066C,0,-4.9751754,0.16036249697208405,0.40700000524520874,0.21310000121593475
YOR231W,YKL074C,0,-4.9752154,0.16029933094978333,0.40700000524520874,0.21320000290870667
YFL017W-A,YJL138C,0,-4.9752345,0.16023622453212738,0.40700000524520874,0.21330000460147858
YFR051C,YBR289W,0,-4.9752727,0.16017316281795502,0.40700000524520874,0.2134000062942505
YKL208W,YNL268W,0,-4.9753633,0.16011014580726624,0.40700000524520874,0.2134999930858612
YBL017C,YJR028W,0,-4.9753966,0.16004718840122223,0.40700000524520874,0.21359999477863312
YDR480W,YHR039C-A,0,-4.975532,0.1599842756986618,0.40700000524520874,0.21369999647140503
YPL078C,YOR244W,0,-4.975538,0.15992140769958496,0.40700000524520874,0.21379999816417694
YBR112C,YER072W,0,-4.9759774,0.1598585993051529,0.40700000524520874,0.21389999985694885
YMR119W,YPL174C,0,-4.976172,0.1597958356142044,0.40700000524520874,0.21400000154972076
YDL035C,YLR166C,0,-4.9763236,0.1597331166267395,0.40700000524520874,0.21410000324249268
YOR213C,YOL124C,0,-4.9765143,0.15967045724391937,0.40700000524520874,0.2142000049352646
YNL160W,YIL063C,0,-4.9765525,0.15960784256458282,0.40700000524520874,0.2143000066280365
YML048W,YGL210W,0,-4.9765573,0.15954527258872986,0.40700000524520874,0.21439999341964722
YCR082W,YGR055W,0,-4.9766016,0.15948276221752167,0.40700000524520874,0.21449999511241913
YER166W,YBR171W,0,-4.9766917,0.15942029654979706,0.40700000524520874,0.21459999680519104
YML006C,YKR056W,0,-4.976925,0.15935787558555603,0.40700000524520874,0.21469999849796295
YBR020W,YFL058W,0,-4.9771123,0.15929549932479858,0.40700000524520874,0.21480000019073486
YNL288W,YDR358W,0,-4.977155,0.1592331826686859,0.40700000524520874,0.21490000188350677
YCR082W,YOR355W,0,-4.9771843,0.15917091071605682,0.40700000524520874,0.2150000035762787
YMR186W,YOR018W,0,-4.977263,0.15910868346691132,0.40700000524520874,0.2151000052690506
YDL232W,YDR545W,0,-4.9773026,0.1590465009212494,0.40700000524520874,0.2152000069618225
YGL211W,YHR090C,0,-4.9775662,0.15898437798023224,0.40700000524520874,0.21529999375343323
YBR107C,YOR122C,0,-4.977632,0.15892229974269867,0.40700000524520874,0.21539999544620514
YJR065C,YLR355C,1,-4.977754,0.15925058722496033,0.40799999237060547,0.21539999544620514
YDR121W,YGR063C,0,-4.977773,0.15918844938278198,0.40799999237060547,0.21549999713897705
YHR194W,YPR083W,1,-4.9778156,0.159516379237175,0.4090000092983246,0.21549999713897705
YBL017C,YMR061W,0,-4.977819,0.15945419669151306,0.4090000092983246,0.21559999883174896
YOR079C,YBR118W,0,-4.9778433,0.15939204394817352,0.4090000092983246,0.21570000052452087
YOL094C,YIL008W,0,-4.9779353,0.15932995080947876,0.4090000092983246,0.21580000221729279
YJL019W,YDR386W,0,-4.978028,0.15926791727542877,0.4090000092983246,0.2159000039100647
YOR266W,YMR134W,1,-4.9781113,0.15959517657756805,0.4099999964237213,0.2159000039100647
YNL280C,YBR260C,0,-4.978205,0.1595330685377121,0.4099999964237213,0.2160000056028366
YFR028C,YHR039C-A,0,-4.978225,0.15947102010250092,0.4099999964237213,0.21610000729560852
YKL192C,YGR040W,0,-4.9782815,0.15940901637077332,0.4099999964237213,0.21619999408721924
YLR153C,YIL115C,0,-4.978398,0.1593470722436905,0.4099999964237213,0.21629999577999115
YHL048W,YGL200C,0,-4.9784036,0.15928515791893005,0.4099999964237213,0.21639999747276306
YLL019C,YJL047C,0,-4.9784617,0.1592233031988144,0.4099999964237213,0.21649999916553497
YOL090W,YOR110W,0,-4.978463,0.1591614931821823,0.4099999964237213,0.21660000085830688
YPL242C,YGL046W,0,-4.978539,0.1590997278690338,0.4099999964237213,0.2167000025510788
YBR129C,YDR175C,0,-4.9785457,0.1590380072593689,0.4099999964237213,0.2168000042438507
YKL062W,YOL100W,0,-4.9786253,0.15897634625434875,0.4099999964237213,0.21690000593662262
YDR176W,YJL187C,0,-4.9786644,0.1589147299528122,0.4099999964237213,0.21699999272823334
YGR167W,YOR212W,0,-4.978695,0.15885315835475922,0.4099999964237213,0.21709999442100525
YBR070C,YDL188C,0,-4.9787326,0.15879163146018982,0.4099999964237213,0.21719999611377716
YER118C,YHR039C-A,0,-4.9787354,0.1587301641702652,0.4099999964237213,0.21729999780654907
YIR037W,YDL230W,0,-4.978872,0.15866872668266296,0.4099999964237213,0.21739999949932098
YDR301W,YGL039W,0,-4.9789395,0.1586073487997055,0.4099999964237213,0.2175000011920929
YEL030W,YER094C,0,-4.9790225,0.15854601562023163,0.4099999964237213,0.2176000028848648
YDR363W,YPL138C,0,-4.9790273,0.15848472714424133,0.4099999964237213,0.21770000457763672
YDL243C,YER074W-A,0,-4.979371,0.1584234982728958,0.4099999964237213,0.21780000627040863
YCR063W,YGR163W,0,-4.9794307,0.15836229920387268,0.4099999964237213,0.21789999306201935
YLL006W,YBR212W,1,-4.9795165,0.1586872637271881,0.41100001335144043,0.21789999306201935
YAL022C,YML131W,0,-4.97952,0.1586260199546814,0.41100001335144043,0.21799999475479126
YOR033C,YDR192C,0,-4.9795947,0.15856482088565826,0.41100001335144043,0.21809999644756317
YPR102C,YDL112W,0,-4.9795995,0.1585036665201187,0.41100001335144043,0.21819999814033508
YJR105W,YKL079W,0,-4.979655,0.15844255685806274,0.41100001335144043,0.218299999833107
YOR079C,YLR026C,0,-4.9799213,0.15838150680065155,0.41100001335144043,0.2184000015258789
YNL009W,YGR112W,0,-4.979993,0.15832048654556274,0.41100001335144043,0.21850000321865082
YOL116W,YLR067C,0,-4.9801497,0.1582595258951187,0.41100001335144043,0.21860000491142273
YEL032W,YHL027W,0,-4.980178,0.15819860994815826,0.41100001335144043,0.21870000660419464
YHR108W,YBR152W,0,-4.9802165,0.1581377387046814,0.41100001335144043,0.21879999339580536
YGR171C,YMR268C,0,-4.9802527,0.1580769270658493,0.41100001335144043,0.21889999508857727
YLR368W,YGR144W,1,-4.9803724,0.15840061008930206,0.41200000047683716,0.21889999508857727
YPL221W,YLR309C,0,-4.980494,0.1583397388458252,0.41200000047683716,0.21899999678134918
YHR114W,YBR156C,0,-4.980515,0.1582789123058319,0.41200000047683716,0.2190999984741211
YOR130C,YNL287W,0,-4.9805236,0.1582181304693222,0.41200000047683716,0.219200000166893
YIL004C,YPL218W,0,-4.9805713,0.15815739333629608,0.41200000047683716,0.21930000185966492
YIR004W,YDR451C,0,-4.980905,0.15809670090675354,0.41200000047683716,0.21940000355243683
YKR090W,YLR313C,0,-4.9809318,0.15803605318069458,0.41200000047683716,0.21950000524520874
YJL018W,YJL121C,0,-4.9813046,0.1579754650592804,0.41200000047683716,0.21960000693798065
YAL029C,YMR088C,0,-4.981415,0.1579149067401886,0.41200000047683716,0.21969999372959137
YLR459W,YDR265W,0,-4.981463,0.15785440802574158,0.41200000047683716,0.21979999542236328
YOL049W,YNL053W,0,-4.981464,0.15779395401477814,0.41200000047683716,0.2198999971151352
YOL121C,YFL038C,0,-4.981561,0.15773354470729828,0.41200000047683716,0.2199999988079071
YFL033C,YMR140W,0,-4.9816737,0.1576731652021408,0.41200000047683716,0.22010000050067902
YCR028C-A,YBR192W,1,-4.9819007,0.15799540281295776,0.4129999876022339,0.22010000050067902
YLR381W,YKL060C,0,-4.9820886,0.1579349935054779,0.4129999876022339,0.22020000219345093
YMR299C,YGL033W,0,-4.982293,0.15787461400032043,0.4129999876022339,0.22030000388622284
YCL012W,YDR449C,0,-4.982433,0.15781429409980774,0.4129999876022339,0.22040000557899475
YNL015W,YPR198W,0,-4.982492,0.15775400400161743,0.4129999876022339,0.22050000727176666
YBR156C,YMR106C,0,-4.9825025,0.1576937735080719,0.4129999876022339,0.22059999406337738
YOL039W,YHR039C-B,0,-4.982662,0.15763358771800995,0.4129999876022339,0.2206999957561493
YBR211C,YJR021C,0,-4.9827313,0.15757344663143158,0.4129999876022339,0.2207999974489212
YPL098C,YJL063C,1,-4.98274,0.15789473056793213,0.414000004529953,0.2207999974489212
YJL054W,YDR470C,1,-4.982921,0.15821577608585358,0.41499999165534973,0.2207999974489212
YOR030W,YPL083C,0,-4.9829397,0.15815548598766327,0.41499999165534973,0.22089999914169312
YIL053W,YGR082W,0,-4.983052,0.15809524059295654,0.41499999165534973,0.22100000083446503
YAL041W,YER171W,0,-4.98307,0.1580350399017334,0.41499999165534973,0.22110000252723694
YCR094W,YKL205W,0,-4.983082,0.15797486901283264,0.41499999165534973,0.22120000422000885
YJL054W,YMR302C,1,-4.983142,0.15829528868198395,0.41600000858306885,0.22120000422000885
YBR177C,YML049C,0,-4.9832125,0.1582350730895996,0.41600000858306885,0.22130000591278076
YDL099W,YGL127C,0,-4.98336,0.15817490220069885,0.41600000858306885,0.22139999270439148
YNL021W,YDL190C,0,-4.9834437,0.15811479091644287,0.41600000858306885,0.2214999943971634
YDR054C,YMR149W,0,-4.9836507,0.15805470943450928,0.41600000858306885,0.2215999960899353
YJR065C,YCL044C,1,-4.98375,0.15837447345256805,0.4169999957084656,0.2215999960899353
YLR405W,YNL049C,0,-4.983784,0.15831434726715088,0.4169999957084656,0.22169999778270721
YOR180C,YFR053C,0,-4.9839454,0.15825426578521729,0.4169999957084656,0.22179999947547913
YDR118W,YDL046W,0,-4.983952,0.15819422900676727,0.4169999957084656,0.22190000116825104
YMR125W,YNR048W,0,-4.984006,0.15813423693180084,0.4169999957084656,0.22200000286102295
YPL049C,YJL141C,0,-4.9841223,0.1580743044614792,0.4169999957084656,0.22210000455379486
YJL053W,YHR098C,0,-4.9843025,0.15801440179347992,0.4169999957084656,0.22220000624656677
YOL088C,YLR039C,0,-4.984309,0.15795454382896423,0.4169999957084656,0.2222999930381775
YOR211C,YBR091C,1,-4.9843802,0.158273383975029,0.4180000126361847,0.2222999930381775
YJL167W,YPL239W,0,-4.9844937,0.15821348130702972,0.4180000126361847,0.2223999947309494
YJL102W,YPL123C,0,-4.9845376,0.15815360844135284,0.4180000126361847,0.2224999964237213
YMR247C,YER082C,0,-4.984572,0.15809379518032074,0.4180000126361847,0.22259999811649323
YCL014W,YMR270C,0,-4.9846034,0.15803402662277222,0.4180000126361847,0.22269999980926514
YDR088C,YLR212C,0,-4.9846106,0.15797430276870728,0.4180000126361847,0.22280000150203705
YDL004W,YMR284W,0,-4.9847474,0.15791462361812592,0.4180000126361847,0.22290000319480896
YHR120W,YNL070W,1,-4.984783,0.15823262929916382,0.4189999997615814,0.22290000319480896
YNL004W,YKR037C,0,-4.98494,0.15817289054393768,0.4189999997615814,0.22300000488758087
YGL106W,YBL035C,0,-4.9849825,0.15811321139335632,0.4189999997615814,0.22310000658035278
YNL219C,YOR216C,0,-4.985102,0.15805356204509735,0.4189999997615814,0.2231999933719635
YFL039C,YDR219C,1,-4.9851213,0.15837104618549347,0.41999998688697815,0.2231999933719635
YBL051C,YER005W,0,-4.985236,0.15831135213375092,0.41999998688697815,0.2232999950647354
YDL005C,YBL017C,0,-4.9852815,0.15825170278549194,0.41999998688697815,0.22339999675750732
YDR160W,YPL139C,0,-4.9853616,0.15819208323955536,0.41999998688697815,0.22349999845027924
YPR029C,YIL105C,0,-4.9854364,0.15813252329826355,0.41999998688697815,0.22360000014305115
YDR309C,YOR363C,0,-4.985494,0.15807300806045532,0.41999998688697815,0.22370000183582306
YNL281W,YGL124C,0,-4.9855485,0.15801353752613068,0.41999998688697815,0.22380000352859497
YDR272W,YMR284W,0,-4.985745,0.1579541116952896,0.41999998688697815,0.22390000522136688
YLR115W,YGR220C,0,-4.9857683,0.15789473056793213,0.41999998688697815,0.2240000069141388
YNL037C,YNL333W,0,-4.9859385,0.15783539414405823,0.41999998688697815,0.2240999937057495
YKL170W,YOR143C,0,-4.9860373,0.1577761024236679,0.41999998688697815,0.22419999539852142
YLR319C,YMR183C,0,-4.9860435,0.15771685540676117,0.41999998688697815,0.22429999709129333
YJL065C,YKR063C,0,-4.9860473,0.157657653093338,0.41999998688697815,0.22439999878406525
YDR263C,YDL033C,0,-4.9861937,0.15759849548339844,0.41999998688697815,0.22450000047683716
YMR048W,YBR153W,0,-4.9862456,0.15753938257694244,0.41999998688697815,0.22460000216960907
YKR076W,YLR248W,0,-4.986314,0.15748031437397003,0.41999998688697815,0.22470000386238098
YOR207C,YJR046W,0,-4.9864,0.1574212908744812,0.41999998688697815,0.2248000055551529
YHL019C,YDL090C,0,-4.9867363,0.15736231207847595,0.41999998688697815,0.2249000072479248
YBL002W,YJR160C,0,-4.9868016,0.15730337798595428,0.41999998688697815,0.22499999403953552
YER018C,YDR027C,0,-4.986831,0.157244473695755,0.41999998688697815,0.22509999573230743
YDR252W,YML013W,0,-4.987066,0.1571856290102005,0.41999998688697815,0.22519999742507935
YLR233C,YGL033W,0,-4.987139,0.15712682902812958,0.41999998688697815,0.22529999911785126
YPL194W,YBR153W,0,-4.987222,0.15706805884838104,0.41999998688697815,0.22540000081062317
YGL032C,YCL014W,0,-4.987263,0.15700934827327728,0.41999998688697815,0.22550000250339508
YOL115W,YDR527W,0,-4.987484,0.1569506675004959,0.41999998688697815,0.225600004196167
YIR010W,YDR436W,0,-4.987494,0.15689204633235931,0.41999998688697815,0.2257000058889389
YDR153C,YML048W,0,-4.987776,0.1568334549665451,0.41999998688697815,0.22579999268054962
YLR059C,YOR329C,0,-4.988004,0.15677492320537567,0.41999998688697815,0.22589999437332153
YBL017C,YJL176C,0,-4.9880905,0.15671642124652863,0.41999998688697815,0.22599999606609344
YJR090C,YER007W,0,-4.9881105,0.15665796399116516,0.41999998688697815,0.22609999775886536
YOR209C,YLR426W,0,-4.9881964,0.15659955143928528,0.41999998688697815,0.22619999945163727
YOR026W,YGL004C,0,-4.9882874,0.15654118359088898,0.41999998688697815,0.22630000114440918
YEL066W,YBR057C,0,-4.988328,0.15648286044597626,0.41999998688697815,0.2264000028371811
YEL036C,YKL149C,0,-4.9883494,0.15642458200454712,0.41999998688697815,0.226500004529953
YLR293C,YMR153W,0,-4.988356,0.15636634826660156,0.41999998688697815,0.22660000622272491
YOR112W,YJR046W,0,-4.988487,0.1563081443309784,0.41999998688697815,0.22669999301433563
YNL127W,YML007W,0,-4.9885874,0.15625,0.41999998688697815,0.22679999470710754
YPL181W,YBL017C,0,-4.988705,0.156191885471344,0.41999998688697815,0.22689999639987946
YGL240W,YHR086W,0,-4.989215,0.15613383054733276,0.41999998688697815,0.22699999809265137
YLR028C,YHL024W,0,-4.9892325,0.15607580542564392,0.41999998688697815,0.22709999978542328
YGL027C,YDR463W,0,-4.98924,0.15601782500743866,0.41999998688697815,0.2272000014781952
YDR054C,YGR098C,0,-4.9894223,0.15595988929271698,0.41999998688697815,0.2273000031709671
YHR171W,YMR172W,0,-4.9895663,0.15590199828147888,0.41999998688697815,0.227400004863739
YDR156W,YNL243W,0,-4.9896474,0.15584415197372437,0.41999998688697815,0.22750000655651093
YPL270W,YOR308C,0,-4.989918,0.15578635036945343,0.41999998688697815,0.22759999334812164
YGR142W,YLR383W,0,-4.9899282,0.15572859346866608,0.41999998688697815,0.22769999504089355
YML104C,YDR219C,1,-4.9900284,0.15604151785373688,0.42100000381469727,0.22769999504089355
YDL111C,YFL037W,0,-4.990041,0.15598370134830475,0.42100000381469727,0.22779999673366547
YNL117W,YJR004C,0,-4.9902883,0.1559259295463562,0.42100000381469727,0.22789999842643738
YDL022W,YJR158W,0,-4.9903436,0.15586820244789124,0.42100000381469727,0.2280000001192093
YMR052W,YHL012W,0,-4.9903464,0.15581050515174866,0.42100000381469727,0.2281000018119812
YFR051C,YFL008W,0,-4.990462,0.15575286746025085,0.42100000381469727,0.2282000035047531
YNR074C,YDR320C-A,0,-4.9907694,0.15569525957107544,0.42100000381469727,0.22830000519752502
YOR298W,YAL043C,0,-4.990772,0.1556377112865448,0.42100000381469727,0.22840000689029694
YDL130W,YDR159W,0,-4.9909115,0.15558019280433655,0.42100000381469727,0.22849999368190765
YLR275W,YAL011W,0,-4.9909782,0.15552271902561188,0.42100000381469727,0.22859999537467957
YBR091C,YPR125W,1,-4.991168,0.15583457052707672,0.421999990940094,0.22859999537467957
YOL076W,YLR368W,1,-4.9912257,0.15614618360996246,0.4230000078678131,0.22859999537467957
YGR055W,YJL139C,0,-4.991609,0.15608856081962585,0.4230000078678131,0.22869999706745148
YDL164C,YOL088C,0,-4.991764,0.15603098273277283,0.4230000078678131,0.2287999987602234
YOL115W,YKL081W,0,-4.99179,0.15597344934940338,0.4230000078678131,0.2289000004529953
YML104C,YLR190W,1,-4.991801,0.15628455579280853,0.42399999499320984,0.2289000004529953
YDR142C,YPR055W,0,-4.991818,0.1562269777059555,0.42399999499320984,0.2290000021457672
YCL034W,YKL043W,0,-4.9920316,0.15616942942142487,0.42399999499320984,0.22910000383853912
YLR190W,YHR120W,1,-4.992216,0.1564801186323166,0.42500001192092896,0.22910000383853912
YOL023W,YBR289W,0,-4.9923167,0.15642252564430237,0.42500001192092896,0.22920000553131104
YGL206C,YMR270C,0,-4.9924364,0.15636497735977173,0.42500001192092896,0.22930000722408295
YDR301W,YBR265W,0,-4.99245,0.15630745887756348,0.42500001192092896,0.22939999401569366
YJL065C,YJR007W,0,-4.992465,0.15625,0.42500001192092896,0.22949999570846558
YPL267W,YHR206W,0,-4.992536,0.1561925709247589,0.42500001192092896,0.2295999974012375
YDR422C,YAL001C,0,-4.992724,0.1561352014541626,0.42500001192092896,0.2296999990940094
YMR081C,YGL163C,0,-4.992768,0.15607786178588867,0.42500001192092896,0.2298000007867813
YJL039C,YJL074C,0,-4.9929266,0.15602055191993713,0.42500001192092896,0.22990000247955322
YGL019W,YJR059W,0,-4.9930058,0.15596330165863037,0.42500001192092896,0.23000000417232513
YDL207W,YGL006W,0,-4.993087,0.1559060961008072,0.42500001192092896,0.23010000586509705
YML099C,YHR171W,0,-4.9930882,0.1558489203453064,0.42500001192092896,0.23019999265670776
YPL195W,YER183C,0,-4.9931064,0.15579178929328918,0.42500001192092896,0.23029999434947968
YFL024C,YDR088C,0,-4.9931545,0.15573470294475555,0.42500001192092896,0.2303999960422516
YKL007W,YDR103W,0,-4.9933796,0.1556776612997055,0.42500001192092896,0.2304999977350235
YOR028C,YBL026W,0,-4.993563,0.15562064945697784,0.42500001192092896,0.2305999994277954
YMR037C,YER129W,0,-4.9937124,0.15556368231773376,0.42500001192092896,0.23070000112056732
YNL135C,YDR023W,0,-4.993733,0.15550677478313446,0.42500001192092896,0.23080000281333923
YDR483W,YGR195W,0,-4.9937854,0.15544989705085754,0.42500001192092896,0.23090000450611115
YJL081C,YGL098W,0,-4.993839,0.15539304912090302,0.42500001192092896,0.23100000619888306
YJL179W,YGL225W,0,-4.994119,0.15533626079559326,0.42500001192092896,0.23109999299049377
YIL009C-A,YER019W,0,-4.994311,0.1552795022726059,0.42500001192092896,0.23119999468326569
YDR527W,YLR403W,0,-4.9945354,0.1552227884531021,0.42500001192092896,0.2312999963760376
YDR443C,YML038C,0,-4.994806,0.1551661193370819,0.42500001192092896,0.2313999980688095
YKR031C,YBR216C,0,-4.9948373,0.1551094949245453,0.42500001192092896,0.23149999976158142
YER017C,YGL153W,0,-4.994904,0.15505290031433105,0.42500001192092896,0.23160000145435333
YLR418C,YJL146W,0,-4.994921,0.1549963504076004,0.42500001192092896,0.23170000314712524
YGL033W,YLR427W,0,-4.9949803,0.15493984520435333,0.42500001192092896,0.23180000483989716
YIL053W,YGR276C,0,-4.995056,0.15488338470458984,0.42500001192092896,0.23190000653266907
YER183C,YKL214C,0,-4.9951825,0.15482695400714874,0.42500001192092896,0.23199999332427979
YER171W,YHR056C,0,-4.995315,0.15477056801319122,0.42500001192092896,0.2320999950170517
YJR158W,YFL038C,0,-4.995344,0.15471422672271729,0.42500001192092896,0.2321999967098236
YLR256W,YML049C,0,-4.9956,0.15465793013572693,0.42500001192092896,0.23229999840259552
YLR355C,YOR266W,1,-4.9956455,0.15496544539928436,0.4259999990463257,0.23229999840259552
YDR378C,YNL128W,0,-4.995747,0.15490908920764923,0.4259999990463257,0.23240000009536743
YLR370C,YHR083W,1,-4.995811,0.1552162915468216,0.4269999861717224,0.23240000009536743
YNR035C,YDL142C,1,-4.995904,0.15552325546741486,0.42800000309944153,0.23240000009536743
YLR370C,YMR012W,1,-4.995994,0.1558300107717514,0.42899999022483826,0.23240000009536743
YLR023C,YCR061W,0,-4.996225,0.15577341616153717,0.42899999022483826,0.23250000178813934
YLR106C,YBR162C,0,-4.9962444,0.1557168811559677,0.42899999022483826,0.23260000348091125
YPR171W,YDL098C,0,-4.9962735,0.15566037595272064,0.42899999022483826,0.23270000517368317
YLR190W,YCR028C-A,1,-4.99631,0.1559666246175766,0.4300000071525574,0.23270000517368317
YDL002C,YOR281C,0,-4.996451,0.15591007471084595,0.4300000071525574,0.23280000686645508
YNL145W,YIL122W,0,-4.9965043,0.15585356950759888,0.4300000071525574,0.2328999936580658
YBL017C,YGR135W,0,-4.996539,0.1557970941066742,0.4300000071525574,0.2329999953508377
YJL085W,YML093W,0,-4.9965825,0.1557406783103943,0.4300000071525574,0.23309999704360962
YNL070W,YMR241W,1,-4.996633,0.15604634582996368,0.4309999942779541,0.23309999704360962
YGL238W,YBR069C,0,-4.9968886,0.155989870429039,0.4309999942779541,0.23319999873638153
YOR145C,YLR033W,0,-4.9968944,0.1559334248304367,0.4309999942779541,0.23330000042915344
YMR280C,YJL104W,0,-4.996976,0.1558770388364792,0.4309999942779541,0.23340000212192535
YBL097W,YMR199W,0,-4.9969873,0.15582068264484406,0.4309999942779541,0.23350000381469727
YML069W,YDR494W,0,-4.997125,0.1557643711566925,0.4309999942779541,0.23360000550746918
YGR120C,YLR183C,0,-4.997127,0.15570808947086334,0.4309999942779541,0.2337000072002411
YDL008W,YKR059W,0,-4.9971485,0.15565185248851776,0.4309999942779541,0.2337999939918518
YPL129W,YLR043C,0,-4.997175,0.15559567511081696,0.4309999942779541,0.23389999568462372
YGR047C,YJR028W,0,-4.997206,0.15553951263427734,0.4309999942779541,0.23399999737739563
YJL186W,YJL143W,0,-4.997298,0.1554834097623825,0.4309999942779541,0.23409999907016754
YLR115W,YGL238W,0,-4.997576,0.15542733669281006,0.4309999942779541,0.23420000076293945
YDL160C,YPR055W,0,-4.997618,0.1553713083267212,0.4309999942779541,0.23430000245571136
YMR036C,YPL164C,0,-4.9977374,0.1553153097629547,0.4309999942779541,0.23440000414848328
YGL240W,YPL096C-A,0,-4.9979377,0.155259370803833,0.4309999942779541,0.2345000058412552
YJR060W,YLR263W,0,-4.9981823,0.1552034616470337,0.4309999942779541,0.2345999926328659
YLR115W,YPL163C,0,-4.9984694,0.15514758229255676,0.4309999942779541,0.23469999432563782
YDL155W,YOL031C,0,-4.9984846,0.1550917625427246,0.4309999942779541,0.23479999601840973
YMR048W,YER087C-A,0,-4.9985595,0.15503597259521484,0.4309999942779541,0.23489999771118164
YGL135W,YKR056W,0,-4.9986224,0.15498022735118866,0.4309999942779541,0.23499999940395355
YBL080C,YMR060C,1,-4.998722,0.15528397262096405,0.4320000112056732,0.23499999940395355
YDR302W,YCR037C,0,-4.998731,0.1552281677722931,0.4320000112056732,0.23510000109672546
YOR038C,YCL032W,0,-4.998929,0.1551724076271057,0.4320000112056732,0.23520000278949738
YOL090W,YLR034C,0,-4.9989824,0.15511669218540192,0.4320000112056732,0.2353000044822693
YDR030C,YGL045W,0,-4.999033,0.1550610214471817,0.4320000112056732,0.2354000061750412
YOL077C,YMR232W,0,-4.999071,0.15500538051128387,0.4320000112056732,0.23549999296665192
YMR225C,YOR084W,0,-4.9991117,0.15494978427886963,0.4320000112056732,0.23559999465942383
YNL121C,YNL213C,1,-4.9992003,0.15525278449058533,0.43299999833106995,0.23559999465942383
YCR082W,YBL078C,0,-4.9992824,0.1551971286535263,0.43299999833106995,0.23569999635219574
YDR054C,YGL095C,0,-4.9993467,0.15514153242111206,0.43299999833106995,0.23579999804496765
YMR268C,YDR057W,0,-4.999805,0.1550859659910202,0.43299999833106995,0.23589999973773956
YNR060W,YNL216W,0,-5.000406,0.15503042936325073,0.43299999833106995,0.23600000143051147
YKL025C,YEL031W,0,-5.000491,0.15497495234012604,0.43299999833106995,0.2361000031232834
YJR065C,YOR266W,1,-5.0005736,0.155277281999588,0.4339999854564667,0.2361000031232834
YPR135W,YJR126C,0,-5.0006356,0.15522174537181854,0.4339999854564667,0.2362000048160553
YCR092C,YLR086W,0,-5.0006495,0.15516625344753265,0.4339999854564667,0.2363000065088272
YBL006C,YMR096W,0,-5.0007005,0.15511079132556915,0.4339999854564667,0.23639999330043793
YAL055W,YBL102W,0,-5.0007844,0.15505537390708923,0.4339999854564667,0.23649999499320984
YDR503C,YHR034C,0,-5.0008736,0.1550000011920929,0.4339999854564667,0.23659999668598175
YJL115W,YHL028W,0,-5.000956,0.15494465827941895,0.4339999854564667,0.23669999837875366
YEL034W,YJL192C,0,-5.00105,0.15488936007022858,0.4339999854564667,0.23680000007152557
YLR035C,YOL004W,0,-5.0011106,0.1548341065645218,0.4339999854564667,0.23690000176429749
YOR216C,YMR016C,0,-5.0011244,0.1547788828611374,0.4339999854564667,0.2370000034570694
YDL111C,YLR033W,0,-5.0011735,0.15472370386123657,0.4339999854564667,0.2371000051498413
YML126C,YDL195W,0,-5.001188,0.15466856956481934,0.4339999854564667,0.23720000684261322
YDR480W,YKR014C,0,-5.0013385,0.1546134650707245,0.4339999854564667,0.23729999363422394
YOR074C,YGL028C,0,-5.0013795,0.15455840528011322,0.4339999854564667,0.23739999532699585
YLR303W,YPL258C,0,-5.0016217,0.15450337529182434,0.4339999854564667,0.23749999701976776
YJR089W,YOL013C,0,-5.0017514,0.15444840490818024,0.4339999854564667,0.23759999871253967
YOL001W,YNL047C,0,-5.0018506,0.15439344942569733,0.4339999854564667,0.23770000040531158
YDR461W,YBR100W,0,-5.0020037,0.1543385535478592,0.4339999854564667,0.2378000020980835
YPL042C,YGR209C,0,-5.002068,0.15428368747234344,0.4339999854564667,0.2379000037908554
YOR002W,YJL071W,0,-5.002076,0.15422885119915009,0.4339999854564667,0.23800000548362732
YGR202C,YNR048W,0,-5.0022388,0.1541740745306015,0.4339999854564667,0.23810000717639923
YJR053W,YMR016C,0,-5.002254,0.1541193127632141,0.4339999854564667,0.23819999396800995
YJR118C,YHR194W,1,-5.002405,0.15441960096359253,0.4350000023841858,0.23819999396800995
YKL005C,YDR498C,0,-5.002407,0.15436479449272156,0.4350000023841858,0.23829999566078186
YOR367W,YBR173C,0,-5.0024724,0.15431003272533417,0.4350000023841858,0.23839999735355377
YMR235C,YDR325W,0,-5.002912,0.15425531566143036,0.4350000023841858,0.23849999904632568
YLR106C,YGR063C,0,-5.002958,0.15420064330101013,0.4350000023841858,0.2386000007390976
YLR035C,YNL049C,0,-5.003056,0.1541460007429123,0.4350000023841858,0.2387000024318695
YOL009C,YLL013C,1,-5.0031176,0.154445618391037,0.4359999895095825,0.2387000024318695
YBR257W,YNL248C,0,-5.003262,0.15439093112945557,0.4359999895095825,0.23880000412464142
YOL145C,YIL014W,0,-5.0033126,0.15433628857135773,0.4359999895095825,0.23890000581741333
YJL095W,YER122C,0,-5.003345,0.15428167581558228,0.4359999895095825,0.23899999260902405
YNL220W,YDR023W,0,-5.0034375,0.1542270928621292,0.4359999895095825,0.23909999430179596
YGR060W,YOR319W,0,-5.003645,0.15417255461215973,0.4359999895095825,0.23919999599456787
YOL111C,YER072W,0,-5.0036807,0.15411806106567383,0.4359999895095825,0.23929999768733978
YMR240C,YJR066W,0,-5.003721,0.15406359732151031,0.4359999895095825,0.2393999993801117
YMR100W,YFR003C,0,-5.003731,0.15400917828083038,0.4359999895095825,0.2395000010728836
YKL079W,YLR452C,0,-5.003918,0.15395480394363403,0.4359999895095825,0.23960000276565552
YPL259C,YOL004W,0,-5.0039296,0.15390045940876007,0.4359999895095825,0.23970000445842743
YLR215C,YPR181C,0,-5.004001,0.1538461595773697,0.4359999895095825,0.23980000615119934
YMR199W,YNL272C,0,-5.0040607,0.1537918895483017,0.4359999895095825,0.23989999294281006
YCR020C-A,YKL040C,0,-5.0040765,0.15373766422271729,0.4359999895095825,0.23999999463558197
YDL017W,YGL003C,0,-5.0041857,0.15368346869945526,0.4359999895095825,0.24009999632835388
YOL034W,YGL249W,0,-5.004246,0.15362931787967682,0.4359999895095825,0.2401999980211258
YGL219C,YFL036W,1,-5.004407,0.15392744541168213,0.43700000643730164,0.2401999980211258
YDR434W,YNR049C,0,-5.004556,0.1538732349872589,0.43700000643730164,0.2402999997138977
YKL208W,YPL110C,0,-5.004848,0.15381908416748047,0.43700000643730164,0.24040000140666962
YNL270C,YER155C,0,-5.004885,0.15376494824886322,0.43700000643730164,0.24050000309944153
YCR037C,YPR080W,0,-5.004997,0.15371087193489075,0.43700000643730164,0.24060000479221344
YJL196C,YOR127W,0,-5.005053,0.15365682542324066,0.43700000643730164,0.24070000648498535
YHR021C,YLL017W,0,-5.005386,0.15360280871391296,0.43700000643730164,0.24079999327659607
YKL054C,YLL043W,0,-5.0054135,0.15354883670806885,0.43700000643730164,0.24089999496936798
YOL012C,YGR047C,0,-5.005414,0.1534949094057083,0.43700000643730164,0.2409999966621399
YGR005C,YOR270C,0,-5.005448,0.15344101190567017,0.43700000643730164,0.2410999983549118
YHR034C,YPL089C,0,-5.0055504,0.1533871591091156,0.43700000643730164,0.24120000004768372
YDL164C,YDR325W,0,-5.0057325,0.15333333611488342,0.43700000643730164,0.24130000174045563
YGR286C,YER104W,0,-5.0060334,0.15327955782413483,0.43700000643730164,0.24140000343322754
YLL050C,YBR265W,0,-5.0061603,0.15322580933570862,0.43700000643730164,0.24150000512599945
YEL017C-A,YPL139C,0,-5.0063224,0.153172105550766,0.43700000643730164,0.24160000681877136
YNL250W,YDL033C,0,-5.0063453,0.15311843156814575,0.43700000643730164,0.24169999361038208
YGR221C,YGL095C,0,-5.006373,0.1530648022890091,0.43700000643730164,0.241799995303154
YJL106W,YCL005W-A,0,-5.0065026,0.15301120281219482,0.43700000643730164,0.2418999969959259
YMR164C,YBR012W-A,0,-5.0066466,0.15295764803886414,0.43700000643730164,0.24199999868869781
YPL259C,YGR275W,0,-5.006648,0.15290412306785583,0.43700000643730164,0.24210000038146973
YKR020W,YFL004W,0,-5.0070405,0.15285064280033112,0.43700000643730164,0.24220000207424164
YOR037W,YHR194W,1,-5.007042,0.15314684808254242,0.43799999356269836,0.24220000207424164
YOL149W,YDR137W,0,-5.007146,0.15309332311153412,0.43799999356269836,0.24230000376701355
YKL093W,YFL058W,0,-5.007236,0.1530398279428482,0.43799999356269836,0.24240000545978546
YNL116W,YDL134C,0,-5.0072703,0.15298637747764587,0.43799999356269836,0.24250000715255737
YLR304C,YDL142C,1,-5.007335,0.15328212082386017,0.4390000104904175,0.24250000715255737
YJR065C,YMR241W,1,-5.0074368,0.15357765555381775,0.4399999976158142,0.24250000715255737
YLL043W,YDR494W,0,-5.007455,0.15352407097816467,0.4399999976158142,0.2425999939441681
YLR068W,YMR210W,0,-5.007461,0.15347053110599518,0.4399999976158142,0.24269999563694
YDL231C,YPR095C,0,-5.0074854,0.15341702103614807,0.4399999976158142,0.24279999732971191
YBL102W,YOR230W,0,-5.0076194,0.15336354076862335,0.4399999976158142,0.24289999902248383
YGR216C,YJL011C,0,-5.0077214,0.15331010520458221,0.4399999976158142,0.24300000071525574
YBR170C,YMR140W,0,-5.007754,0.15325669944286346,0.4399999976158142,0.24310000240802765
YDR045C,YDR545W,0,-5.007919,0.1532033383846283,0.4399999976158142,0.24320000410079956
YMR163C,YDR176W,0,-5.0079894,0.1531500220298767,0.4399999976158142,0.24330000579357147
YGL151W,YMR129W,0,-5.008262,0.1530967354774475,0.4399999976158142,0.2433999925851822
YHR001W,YER104W,0,-5.0083704,0.1530434787273407,0.4399999976158142,0.2434999942779541
YER089C,YML025C,0,-5.008475,0.15299026668071747,0.4399999976158142,0.243599995970726
YJL112W,YLR190W,1,-5.0085263,0.15328466892242432,0.4410000145435333,0.243599995970726
YNR035C,YJR135W-A,1,-5.0088544,0.15357887744903564,0.44200000166893005,0.243599995970726
YPL046C,YLR100W,0,-5.0088553,0.15352553129196167,0.44200000166893005,0.24369999766349792
YCR038C,YGR268C,0,-5.0089087,0.15347221493721008,0.44200000166893005,0.24379999935626984
YGR134W,YLR346C,0,-5.0089393,0.15341895818710327,0.44200000166893005,0.24390000104904175
YPL091W,YPR054W,0,-5.0090604,0.15336571633815765,0.44200000166893005,0.24400000274181366
YGR249W,YHR030C,0,-5.0090957,0.15331251919269562,0.44200000166893005,0.24410000443458557
YKL134C,YFL017W-A,0,-5.0091777,0.15325936675071716,0.44200000166893005,0.24420000612735748
YMR035W,YBR037C,0,-5.009251,0.1532062441110611,0.44200000166893005,0.2442999929189682
YOL051W,YMR298W,0,-5.009273,0.15315315127372742,0.44200000166893005,0.2443999946117401
YPR070W,YLR425W,0,-5.009414,0.15310010313987732,0.44200000166893005,0.24449999630451202
YDR153C,YIR021W,0,-5.0095506,0.1530470848083496,0.44200000166893005,0.24459999799728394
YFL018C,YCR033W,0,-5.009684,0.15299411118030548,0.44200000166893005,0.24469999969005585
YMR192W,YDR113C,0,-5.009749,0.15294118225574493,0.44200000166893005,0.24480000138282776
YPL178W,YLR133W,0,-5.00975,0.15288826823234558,0.44200000166893005,0.24490000307559967
YML081C-A,YGL150C,0,-5.009829,0.152835413813591,0.44200000166893005,0.24500000476837158
YGR172C,YNL045W,0,-5.009848,0.15278257429599762,0.44200000166893005,0.2451000064611435
YHR139C,YBR293W,0,-5.009917,0.15272977948188782,0.44200000166893005,0.2451999932527542
YJR105W,YGL027C,0,-5.009953,0.1526770293712616,0.44200000166893005,0.24529999494552612
YAL042W,YER161C,0,-5.0100455,0.15262430906295776,0.44200000166893005,0.24539999663829803
YPL036W,YKL042W,0,-5.0101047,0.15257161855697632,0.44200000166893005,0.24549999833106995
YNL047C,YOR110W,0,-5.01043,0.15251897275447845,0.44200000166893005,0.24560000002384186
YDR393W,YJL054W,1,-5.010486,0.15281131863594055,0.4429999887943268,0.24560000002384186
YKL146W,YER109C,0,-5.0107026,0.1527586281299591,0.4429999887943268,0.24570000171661377
YDL069C,YJL121C,0,-5.0107083,0.15270596742630005,0.4429999887943268,0.24580000340938568
YMR012W,YDL142C,1,-5.010862,0.1529979258775711,0.4440000057220459,0.24580000340938568
YDR317W,YGL244W,0,-5.010885,0.15294523537158966,0.4440000057220459,0.2459000051021576
YAL053W,YML005W,0,-5.0109425,0.1528925597667694,0.4440000057220459,0.2460000067949295
YOR174W,YDR285W,0,-5.0110755,0.15283992886543274,0.4440000057220459,0.24609999358654022
YKL129C,YNL036W,0,-5.011296,0.15278734266757965,0.4440000057220459,0.24619999527931213
YML042W,YJR077C,0,-5.0116596,0.15273477137088776,0.4440000057220459,0.24629999697208405
YFL039C,YPL098C,1,-5.0116763,0.15302613377571106,0.4449999928474426,0.24629999697208405
YGR252W,YNL216W,0,-5.0116854,0.15297353267669678,0.4449999928474426,0.24639999866485596
YDL197C,YNL282W,0,-5.0117655,0.15292096138000488,0.4449999928474426,0.24650000035762787
YMR288W,YCR037C,0,-5.0118136,0.15286843478679657,0.4449999928474426,0.24660000205039978
YDR258C,YHR005C-A,1,-5.011841,0.15315933525562286,0.44600000977516174,0.24660000205039978
YHR194W,YBL080C,1,-5.0118484,0.15345005691051483,0.44699999690055847,0.24660000205039978
YBR234C,YHR083W,1,-5.0118833,0.15374056994915009,0.4480000138282776,0.24660000205039978
YDR490C,YJR110W,0,-5.012222,0.15368781983852386,0.4480000138282776,0.2467000037431717
YOR226C,YDR265W,0,-5.0122867,0.15363511443138123,0.4480000138282776,0.2468000054359436
YIL051C,YNL310C,1,-5.012303,0.15392526984214783,0.4490000009536743,0.2468000054359436
YNL145W,YOL088C,0,-5.012303,0.1538725197315216,0.4490000009536743,0.24690000712871552
YDR214W,YJL178C,0,-5.012451,0.15381979942321777,0.4490000009536743,0.24699999392032623
YLR256W,YGR004W,0,-5.0124884,0.15376712381839752,0.4490000009536743,0.24709999561309814
YNR035C,YHR005C-A,1,-5.0125003,0.1540568321943283,0.44999998807907104,0.24709999561309814
YBL088C,YLR136C,0,-5.0125065,0.15400411188602448,0.44999998807907104,0.24719999730587006
YCL051W,YJR022W,0,-5.01273,0.15395142138004303,0.44999998807907104,0.24729999899864197
YHR108W,YBR106W,0,-5.0128965,0.15389877557754517,0.44999998807907104,0.24740000069141388
YOR266W,YDL006W,1,-5.012911,0.15418803691864014,0.45100000500679016,0.24740000069141388
YBR205W,YDL095W,0,-5.0130005,0.1541353315114975,0.45100000500679016,0.2475000023841858
YFL016C,YDR145W,0,-5.013008,0.15408268570899963,0.45100000500679016,0.2476000040769577
YLR074C,YBR245C,0,-5.0130134,0.15403005480766296,0.45100000500679016,0.24770000576972961
YIR025W,YBR257W,0,-5.013266,0.15397746860980988,0.45100000500679016,0.24779999256134033
YCR092C,YPL016W,0,-5.013397,0.15392491221427917,0.45100000500679016,0.24789999425411224
YKL139W,YMR239C,0,-5.01343,0.15387240052223206,0.45100000500679016,0.24799999594688416
YKL139W,YLR106C,0,-5.0135026,0.15381991863250732,0.45100000500679016,0.24809999763965607
YML061C,YJL054W,1,-5.013661,0.1541084200143814,0.4519999921321869,0.24809999763965607
YMR237W,YAL017W,0,-5.0137753,0.1540558934211731,0.4519999921321869,0.24819999933242798
YMR014W,YKL012W,0,-5.013889,0.15400341153144836,0.4519999921321869,0.2483000010251999
YML010W,YJR102C,0,-5.0139513,0.15395095944404602,0.4519999921321869,0.2484000027179718
YJR017C,YKL188C,0,-5.014068,0.15389853715896606,0.4519999921321869,0.2485000044107437
YDL188C,YMR203W,0,-5.014233,0.1538461595773697,0.4519999921321869,0.24860000610351562
YDR046C,YNL290W,0,-5.0144167,0.1537938117980957,0.4519999921321869,0.24869999289512634
YMR247C,YGR241C,0,-5.014436,0.1537414938211441,0.4519999921321869,0.24879999458789825
YDR219C,YOR266W,1,-5.0145583,0.1540292352437973,0.453000009059906,0.24879999458789825
YNL314W,YLR141W,0,-5.014559,0.15397688746452332,0.453000009059906,0.24889999628067017
YDR158W,YKL074C,0,-5.014577,0.15392456948757172,0.453000009059906,0.24899999797344208
YAL040C,YLR092W,0,-5.0147514,0.1538722813129425,0.453000009059906,0.249099999666214
YGL127C,YEL031W,0,-5.01481,0.15382003784179688,0.453000009059906,0.2492000013589859
YLR028C,YER104W,0,-5.01481,0.15376782417297363,0.453000009059906,0.2493000030517578
YKR087C,YPR103W,0,-5.0148244,0.15371564030647278,0.453000009059906,0.24940000474452972
YOR260W,YDR113C,0,-5.0148416,0.1536635011434555,0.453000009059906,0.24950000643730164
YMR078C,YGL244W,0,-5.0149255,0.15361139178276062,0.453000009059906,0.24959999322891235
YOR256C,YDR495C,0,-5.0150223,0.15355932712554932,0.453000009059906,0.24969999492168427
YLR084C,YPR095C,0,-5.0150695,0.1535072922706604,0.453000009059906,0.24979999661445618
YCR107W,YNL273W,0,-5.0153947,0.15345528721809387,0.453000009059906,0.2498999983072281
YLR355C,YNL079C,1,-5.015508,0.1537419557571411,0.45399999618530273,0.2498999983072281
YEL019C,YDR028C,0,-5.0157223,0.153689906001091,0.45399999618530273,0.25
YMR224C,YPL112C,0,-5.015787,0.15363790094852448,0.45399999618530273,0.2500999867916107
YGL067W,YGR276C,0,-5.01589,0.15358592569828033,0.45399999618530273,0.2502000033855438
YKL052C,YLR212C,0,-5.015967,0.15353398025035858,0.45399999618530273,0.25029999017715454
YOL002C,YGR116W,0,-5.0161147,0.1534820795059204,0.45399999618530273,0.25040000677108765
YDL135C,YFL049W,0,-5.0162616,0.15343020856380463,0.45399999618530273,0.25049999356269836
YDL029W,YMR060C,1,-5.0165486,0.15371622145175934,0.45500001311302185,0.25049999356269836
YDL236W,YJL121C,0,-5.016553,0.15366430580615997,0.45500001311302185,0.25060001015663147
YNR052C,YMR142C,0,-5.0166516,0.153612419962883,0.45500001311302185,0.2506999969482422
YCR073C,YIL029C,0,-5.0166802,0.1535605788230896,0.45500001311302185,0.2508000135421753
YLR115W,YPL209C,0,-5.016816,0.1535087674856186,0.45500001311302185,0.250900000333786
YBL085W,YIL110W,0,-5.016846,0.15345700085163116,0.45500001311302185,0.25099998712539673
YOL040C,YJL139C,0,-5.016848,0.15340526401996613,0.45500001311302185,0.25110000371932983
YDR339C,YLR355C,1,-5.016891,0.15369059145450592,0.4560000002384186,0.25110000371932983
YDR086C,YKL140W,0,-5.0169067,0.1536388099193573,0.4560000002384186,0.25119999051094055
YLL038C,YAL016W,0,-5.017015,0.15358707308769226,0.4560000002384186,0.25130000710487366
YJL112W,YNL121C,1,-5.017028,0.1538720577955246,0.4569999873638153,0.25130000710487366
YHR004C,YEL004W,0,-5.017061,0.15382026135921478,0.4569999873638153,0.2513999938964844
YBR029C,YLR335W,0,-5.017069,0.15376850962638855,0.4569999873638153,0.2515000104904175
YNL272C,YGR002C,0,-5.017073,0.1537167876958847,0.4569999873638153,0.2515999972820282
YNL014W,YCL017C,0,-5.0171595,0.15366509556770325,0.4569999873638153,0.2517000138759613
YNL148C,YPL010W,0,-5.0172343,0.15361344814300537,0.4569999873638153,0.251800000667572
YOR341W,YMR183C,0,-5.0176244,0.15356183052062988,0.4569999873638153,0.25189998745918274
YDR016C,YNL072W,0,-5.017638,0.15351024270057678,0.4569999873638153,0.25200000405311584
YLR405W,YDL112W,0,-5.017692,0.15345869958400726,0.4569999873638153,0.25209999084472656
YPR131C,YGR181W,1,-5.0177426,0.15374286472797394,0.4580000042915344,0.25209999084472656
YOR061W,YOL148C,0,-5.0181513,0.15369127690792084,0.4580000042915344,0.25220000743865967
YLR133W,YGR040W,0,-5.0181875,0.15363971889019012,0.4580000042915344,0.2522999942302704
YCR048W,YHR068W,0,-5.0181994,0.1535881906747818,0.4580000042915344,0.2524000108242035
YDL029W,YDL142C,1,-5.0182066,0.15387193858623505,0.45899999141693115,0.2524000108242035
YDL130W,YNL222W,0,-5.0182333,0.15382038056850433,0.45899999141693115,0.2524999976158142
YDL040C,YOR265W,0,-5.018275,0.15376883745193481,0.45899999141693115,0.2526000142097473
YMR052W,YBL061C,0,-5.0182805,0.15371735394001007,0.45899999141693115,0.25270000100135803
YMR208W,YGL175C,0,-5.018435,0.15366588532924652,0.45899999141693115,0.25279998779296875
YLR429W,YMR240C,0,-5.018494,0.15361446142196655,0.45899999141693115,0.25290000438690186
YEL018W,YBR107C,0,-5.0185494,0.15356306731700897,0.45899999141693115,0.2529999911785126
YDR205W,YBL033C,0,-5.0185533,0.15351170301437378,0.45899999141693115,0.2531000077724457
YGL257C,YBR152W,0,-5.0187936,0.15346038341522217,0.45899999141693115,0.2531999945640564
YLR190W,YMR060C,1,-5.019007,0.15374331176280975,0.46000000834465027,0.2531999945640564
YOR026W,YEL050C,0,-5.0190673,0.15369194746017456,0.46000000834465027,0.2533000111579895
YJL121C,YKL119C,0,-5.0191836,0.15364061295986176,0.46000000834465027,0.2533999979496002
YPR034W,YLR086W,0,-5.0191965,0.15358930826187134,0.46000000834465027,0.2535000145435333
YOR018W,YCL020W,0,-5.0192175,0.1535380482673645,0.46000000834465027,0.25360000133514404
YDR320C-A,YPR111W,0,-5.01937,0.15348681807518005,0.46000000834465027,0.25369998812675476
YDR331W,YPL192C,0,-5.0196385,0.153435617685318,0.46000000834465027,0.25380000472068787
YHR194W,YBR212W,1,-5.0197,0.15371790528297424,0.460999995470047,0.25380000472068787
YLR431C,YOR351C,0,-5.0199294,0.1536666601896286,0.460999995470047,0.2538999915122986
YPR083W,YJR120W,1,-5.0200057,0.15394867956638336,0.4620000123977661,0.2538999915122986
YLR045C,YMR077C,0,-5.020044,0.15389740467071533,0.4620000123977661,0.2540000081062317
YMR069W,YPR173C,0,-5.0200715,0.1538461595773697,0.4620000123977661,0.2540999948978424
YOR147W,YNL066W,1,-5.020123,0.154127836227417,0.46299999952316284,0.2540999948978424
YPR093C,YJL021C,0,-5.0201297,0.15407654643058777,0.46299999952316284,0.2542000114917755
YPL048W,YOR386W,0,-5.0202665,0.15402528643608093,0.46299999952316284,0.25429999828338623
YBR221C,YMR087W,0,-5.0203037,0.15397405624389648,0.46299999952316284,0.25440001487731934
YOR023C,YBR058C-A,0,-5.0203967,0.15392287075519562,0.46299999952316284,0.25450000166893005
YHR120W,YCR020C,1,-5.02041,0.15420405566692352,0.46399998664855957,0.25450000166893005
YJL011C,YMR270C,0,-5.0204334,0.15415282547473907,0.46399998664855957,0.25459998846054077
YPR093C,YJR040W,0,-5.0204425,0.15410162508487701,0.46399998664855957,0.2547000050544739
YMR052W,YDL216C,0,-5.0205374,0.15405046939849854,0.46399998664855957,0.2547999918460846
YNL210W,YDR501W,0,-5.020545,0.15399934351444244,0.46399998664855957,0.2549000084400177
YGL174W,YLR039C,0,-5.02056,0.15394824743270874,0.46399998664855957,0.2549999952316284
YCR094W,YPR138C,0,-5.020662,0.15389718115329742,0.46399998664855957,0.2551000118255615
YDL047W,YPL139C,0,-5.020824,0.1538461595773697,0.46399998664855957,0.25519999861717224
YDL028C,YAL001C,0,-5.021004,0.15379516780376434,0.46399998664855957,0.25529998540878296
YDL134C,YDL081C,0,-5.021087,0.15374420583248138,0.46399998664855957,0.25540000200271606
YDL008W,YPR033C,0,-5.02109,0.1536932736635208,0.46399998664855957,0.2554999887943268
YNL177C,YGL227W,0,-5.021252,0.15364238619804382,0.46399998664855957,0.2556000053882599
YIR025W,YBR055C,0,-5.0213346,0.15359152853488922,0.46399998664855957,0.2556999921798706
YGL236C,YKL034W,0,-5.0213785,0.153540700674057,0.46399998664855957,0.2558000087738037
YDL217C,YMR134W,1,-5.021545,0.1538207083940506,0.4650000035762787,0.2558000087738037
YJL196C,YOR371C,0,-5.0217047,0.1537698358297348,0.4650000035762787,0.25589999556541443
YDR062W,YJR110W,0,-5.021804,0.1537190079689026,0.4650000035762787,0.25600001215934753
YMR119W,YGR006W,0,-5.021818,0.15366820991039276,0.4650000035762787,0.25609999895095825
YGL172W,YAL001C,0,-5.021888,0.15361744165420532,0.4650000035762787,0.25619998574256897
YPL133C,YDR180W,0,-5.021969,0.15356671810150146,0.4650000035762787,0.2563000023365021
YJR025C,YLR220W,0,-5.022079,0.1535160094499588,0.4650000035762787,0.2563999891281128
YDR483W,YBR173C,0,-5.0224614,0.15346534550189972,0.4650000035762787,0.2565000057220459
YMR184W,YNR048W,0,-5.0225163,0.15341471135616302,0.4650000035762787,0.2565999925136566
YLL006W,YHR031C,1,-5.0225863,0.15369392931461334,0.4659999907016754,0.2565999925136566
YNR002C,YNL097C,0,-5.0225916,0.15364325046539307,0.4659999907016754,0.2567000091075897
YHL047C,YHR030C,0,-5.0226035,0.15359261631965637,0.4659999907016754,0.25679999589920044
YJL140W,YPR163C,0,-5.0226464,0.15354201197624207,0.4659999907016754,0.25690001249313354
YDR456W,YML088W,0,-5.0226793,0.15349143743515015,0.4659999907016754,0.25699999928474426
YJR145C,YFR037C,0,-5.022689,0.15344089269638062,0.4659999907016754,0.257099986076355
YMR162C,YNL133C,0,-5.0227976,0.15339039266109467,0.4659999907016754,0.2572000026702881
YNL233W,YHR203C,0,-5.0228014,0.1533399075269699,0.4659999907016754,0.2572999894618988
YIL053W,YML085C,0,-5.0228844,0.15328946709632874,0.4659999907016754,0.2574000060558319
YLR459W,YOL011W,0,-5.0229087,0.15323907136917114,0.4659999907016754,0.2574999928474426
YER177W,YOR380W,0,-5.0229115,0.15318869054317474,0.4659999907016754,0.25760000944137573
YEL032W,YGL151W,0,-5.0229278,0.15313835442066193,0.4659999907016754,0.25769999623298645
YKL001C,YLR006C,0,-5.0229306,0.1530880481004715,0.4659999907016754,0.25780001282691956
YEL056W,YML055W,0,-5.0229526,0.15303777158260345,0.4659999907016754,0.2578999996185303
YHR058C,YKL086W,0,-5.0230203,0.1529875248670578,0.4659999907016754,0.257999986410141
YPL036W,YOR356W,0,-5.023067,0.15293730795383453,0.4659999907016754,0.2581000030040741
YCR039C,YJR026W,0,-5.023106,0.15288713574409485,0.4659999907016754,0.2581999897956848
YNL153C,YKR101W,0,-5.023115,0.15283699333667755,0.4659999907016754,0.2583000063896179
YML116W,YNL001W,0,-5.023243,0.15278688073158264,0.4659999907016754,0.25839999318122864
YMR264W,YNL280C,0,-5.023255,0.1527368128299713,0.4659999907016754,0.25850000977516174
YNL166C,YLR405W,0,-5.023256,0.15268675982952118,0.4659999907016754,0.25859999656677246
YCR038C,YPL151C,0,-5.023302,0.15263675153255463,0.4659999907016754,0.25870001316070557
YPL265W,YBL055C,0,-5.0234075,0.15258677303791046,0.4659999907016754,0.2587999999523163
YJR035W,YML015C,0,-5.023732,0.15253682434558868,0.4659999907016754,0.258899986743927
YGL043W,YML088W,0,-5.0237885,0.1524869054555893,0.4659999907016754,0.2590000033378601
YPR134W,YDR490C,0,-5.023911,0.1524370312690735,0.4659999907016754,0.2590999901294708
YJR053W,YDL118W,0,-5.023932,0.15238718688488007,0.4659999907016754,0.25920000672340393
YHR062C,YOR216C,0,-5.024244,0.15233737230300903,0.4659999907016754,0.25929999351501465
YDR182W,YGR247W,0,-5.024255,0.1522875875234604,0.4659999907016754,0.25940001010894775
YGR267C,YJL059W,0,-5.0243487,0.15223783254623413,0.4659999907016754,0.25949999690055847
YNR008W,YPL274W,0,-5.024429,0.15218810737133026,0.4659999907016754,0.2596000134944916
YDR062W,YHR099W,0,-5.0246115,0.15213842689990997,0.4659999907016754,0.2597000002861023
YDR236C,YDR342C,0,-5.0246997,0.15208877623081207,0.4659999907016754,0.259799987077713
YML028W,YLR425W,0,-5.024712,0.15203915536403656,0.4659999907016754,0.2599000036716461
YJL019W,YOR372C,0,-5.0249715,0.15198956429958344,0.4659999907016754,0.25999999046325684
YGR171C,YMR008C,0,-5.025118,0.1519400030374527,0.4659999907016754,0.26010000705718994
YFL041W,YKL064W,0,-5.0252547,0.15189048647880554,0.4659999907016754,0.26019999384880066
YIL159W,YJR026W,0,-5.0252824,0.15184098482131958,0.4659999907016754,0.26030001044273376
YOR381W,YLR337W,0,-5.0255165,0.1517915278673172,0.4659999907016754,0.2603999972343445
YLR141W,YNL332W,0,-5.02576,0.1517421007156372,0.4659999907016754,0.2605000138282776
YBR107C,YBL052C,0,-5.025874,0.1516927033662796,0.4659999907016754,0.2606000006198883
YOR095C,YHR088W,0,-5.025933,0.15164335072040558,0.4659999907016754,0.260699987411499
YBL026W,YPL214C,0,-5.025935,0.15159401297569275,0.4659999907016754,0.26080000400543213
YDR513W,YMR087W,0,-5.026096,0.1515447199344635,0.4659999907016754,0.26089999079704285
YPR017C,YMR129W,0,-5.026113,0.15149544179439545,0.4659999907016754,0.26100000739097595
YIL149C,YHR163W,0,-5.0261326,0.15144620835781097,0.4659999907016754,0.26109999418258667
YPL060W,YGR010W,0,-5.0261927,0.1513970047235489,0.4659999907016754,0.2612000107765198
YNL112W,YLR398C,0,-5.026219,0.15134784579277039,0.4659999907016754,0.2612999975681305
YGL241W,YER007W,0,-5.026306,0.15129870176315308,0.4659999907016754,0.2614000141620636
YLR332W,YLR059C,0,-5.0264225,0.15124958753585815,0.4659999907016754,0.2615000009536743
YOR232W,YBL103C,0,-5.026533,0.15120051801204681,0.4659999907016754,0.26159998774528503
YER017C,YDR385W,0,-5.0265718,0.15115147829055786,0.4659999907016754,0.26170000433921814
YGR247W,YOR025W,0,-5.0267615,0.1511024683713913,0.4659999907016754,0.26179999113082886
YGL119W,YBR082C,0,-5.0269356,0.15105348825454712,0.4659999907016754,0.26190000772476196
YCL038C,YHR050W,0,-5.0269976,0.15100453794002533,0.4659999907016754,0.2619999945163727
YPL116W,YKL062W,0,-5.027018,0.15095561742782593,0.4659999907016754,0.2621000111103058
YCL043C,YNL126W,0,-5.027091,0.1509067416191101,0.4659999907016754,0.2621999979019165
YGL219C,YPR125W,1,-5.0271244,0.15118160843849182,0.46700000762939453,0.2621999979019165
YER089C,YMR061W,0,-5.0271287,0.15113268792629242,0.46700000762939453,0.2623000144958496
YGL211W,YDR489W,0,-5.027143,0.1510837972164154,0.46700000762939453,0.2624000012874603
YKL054C,YBL011W,0,-5.027145,0.15103492140769958,0.46700000762939453,0.26249998807907104
YNR057C,YMR036C,0,-5.027186,0.15098609030246735,0.46700000762939453,0.26260000467300415
YNL006W,YDR532C,0,-5.0271926,0.1509373039007187,0.46700000762939453,0.26269999146461487
YDL074C,YMR046C,0,-5.027488,0.15088853240013123,0.46700000762939453,0.262800008058548
YLR288C,YBR111W-A,0,-5.0276213,0.15083979070186615,0.46700000762939453,0.2628999948501587
YPL069C,YMR087W,0,-5.0276456,0.15079109370708466,0.46700000762939453,0.2630000114440918
YIL009C-A,YAL033W,0,-5.0276604,0.15074241161346436,0.46700000762939453,0.2630999982357025
YJL006C,YER147C,0,-5.0277534,0.15069377422332764,0.46700000762939453,0.2632000148296356
YBL032W,YDR148C,0,-5.027821,0.1506451666355133,0.46700000762939453,0.26330000162124634
YER020W,YBR077C,0,-5.0281734,0.15059658885002136,0.46700000762939453,0.26339998841285706
YIR010W,YDR088C,0,-5.028183,0.1505480408668518,0.46700000762939453,0.26350000500679016
YLR384C,YML098W,0,-5.02821,0.15049952268600464,0.46700000762939453,0.2635999917984009
YLR363C,YGR085C,0,-5.028253,0.15045103430747986,0.46700000762939453,0.263700008392334
YLR368W,YLR190W,1,-5.0283103,0.1507246345281601,0.46799999475479126,0.263700008392334
YBL022C,YPR036W,0,-5.0285926,0.15067611634731293,0.46799999475479126,0.2637999951839447
YOR156C,YHR014W,0,-5.0287385,0.15062761306762695,0.46799999475479126,0.2639000117778778
YNL101W,YDR498C,0,-5.028789,0.15057915449142456,0.46799999475479126,0.2639999985694885
YNL275W,YLL011W,0,-5.0288157,0.15053071081638336,0.46799999475479126,0.26409998536109924
YHR194W,YNL070W,1,-5.0288167,0.15080386400222778,0.4690000116825104,0.26409998536109924
YHR129C,YMR073C,0,-5.028829,0.1507553905248642,0.4690000116825104,0.26420000195503235
YNL309W,YBR265W,0,-5.0289445,0.150706946849823,0.4690000116825104,0.26429998874664307
YIL095W,YFR051C,0,-5.0291715,0.1506585329771042,0.4690000116825104,0.26440000534057617
YDR206W,YDR159W,0,-5.0292974,0.15061014890670776,0.4690000116825104,0.2644999921321869
YJL062W,YJL133W,0,-5.029383,0.15056179463863373,0.4690000116825104,0.26460000872612
YKL194C,YDR011W,0,-5.0293884,0.15051348507404327,0.4690000116825104,0.2646999955177307
YBL033C,YDR328C,0,-5.0294595,0.150465190410614,0.4690000116825104,0.2648000121116638
YNL262W,YJR028W,0,-5.0295014,0.15041694045066833,0.4690000116825104,0.26489999890327454
YJR090C,YGR163W,0,-5.0295715,0.15036870539188385,0.4690000116825104,0.26499998569488525
YNL232W,YAL011W,0,-5.0296216,0.15032051503658295,0.4690000116825104,0.26510000228881836
YOR002W,YNL264C,0,-5.0296597,0.15027235448360443,0.4690000116825104,0.2651999890804291
YGL162W,YDR177W,0,-5.0296974,0.1502242088317871,0.4690000116825104,0.2653000056743622
YNL059C,YPR094W,0,-5.029776,0.15017610788345337,0.4690000116825104,0.2653999924659729
YDR524C,YNL225C,0,-5.0298276,0.15012803673744202,0.4690000116825104,0.265500009059906
YGR181W,YDL217C,1,-5.029901,0.15039999783039093,0.4699999988079071,0.265500009059906
YLR394W,YHR108W,0,-5.029992,0.150351881980896,0.4699999988079071,0.2655999958515167
YMR097C,YNR006W,0,-5.030042,0.15030381083488464,0.4699999988079071,0.26570001244544983
YMR319C,YDL109C,0,-5.0301676,0.15025575459003448,0.4699999988079071,0.26579999923706055
YBR274W,YMR268C,0,-5.030223,0.1502077281475067,0.4699999988079071,0.26589998602867126
YIL007C,YNR006W,0,-5.0302386,0.15015974640846252,0.4699999988079071,0.26600000262260437
YPL010W,YJR104C,0,-5.0305295,0.15011177957057953,0.4699999988079071,0.2660999894142151
YOL012C,YHR027C,0,-5.030536,0.15006385743618011,0.4699999988079071,0.2662000060081482
YDR178W,YDL229W,0,-5.0306277,0.1500159651041031,0.4699999988079071,0.2662999927997589
YJR057W,YBR123C,0,-5.03065,0.14996808767318726,0.4699999988079071,0.266400009393692
YKL149C,YLR165C,0,-5.030653,0.149920254945755,0.4699999988079071,0.26649999618530273
YJR158W,YBR006W,0,-5.0308595,0.14987245202064514,0.4699999988079071,0.26660001277923584
YOR074C,YJL173C,0,-5.030962,0.14982467889785767,0.4699999988079071,0.26669999957084656
YIL038C,YGR280C,0,-5.031052,0.14977692067623138,0.4699999988079071,0.2667999863624573
YPL268W,YOR256C,0,-5.0310793,0.14972920715808868,0.4699999988079071,0.2669000029563904
YHR041C,YNL244C,0,-5.0310864,0.14968152344226837,0.4699999988079071,0.2669999897480011
YNL275W,YBR257W,0,-5.0311723,0.14963386952877045,0.4699999988079071,0.2671000063419342
YKR036C,YNL304W,1,-5.031213,0.1499045193195343,0.47099998593330383,0.2671000063419342
YNL261W,YDR087C,0,-5.0313067,0.1498568207025528,0.47099998593330383,0.2671999931335449
YPR200C,YKL119C,0,-5.0314484,0.14980916678905487,0.47099998593330383,0.267300009727478
YOL095C,YLR190W,1,-5.0314527,0.15007948875427246,0.47200000286102295,0.267300009727478
YEL036C,YIL026C,0,-5.031526,0.15003179013729095,0.47200000286102295,0.26739999651908875
YHR194W,YNL304W,1,-5.0318685,0.15030187368392944,0.4729999899864197,0.26739999651908875
YNL133C,YPL002C,0,-5.0318937,0.15025413036346436,0.4729999899864197,0.26750001311302185
YJL063C,YNL149C,1,-5.0320754,0.15052397549152374,0.4740000069141388,0.26750001311302185
YFL031W,YBR265W,0,-5.0322633,0.15047618746757507,0.4740000069141388,0.26759999990463257
YMR202W,YKR055W,0,-5.0322948,0.1504284292459488,0.4740000069141388,0.2676999866962433
YNL248C,YGL135W,0,-5.032387,0.1503807157278061,0.4740000069141388,0.2678000032901764
YBR091C,YDL217C,1,-5.0326,0.15065017342567444,0.4749999940395355,0.2678000032901764
YDR078C,YDR227W,0,-5.032684,0.15060241520404816,0.4749999940395355,0.2678999900817871
YDL080C,YLR234W,0,-5.0327396,0.15055467188358307,0.4749999940395355,0.2680000066757202
YHR059W,YPL129W,0,-5.032754,0.15050697326660156,0.4749999940395355,0.26809999346733093
YIR028W,YAL024C,0,-5.0328264,0.15045928955078125,0.4749999940395355,0.26820001006126404
YDL130W-A,YML041C,0,-5.0328717,0.15041165053844452,0.4749999940395355,0.26829999685287476
YOL027C,YNL070W,1,-5.032916,0.15068060159683228,0.47600001096725464,0.26829999685287476
YPR104C,YAR003W,0,-5.033241,0.15063291788101196,0.47600001096725464,0.26840001344680786
YAL041W,YIL147C,0,-5.033281,0.15058526396751404,0.47600001096725464,0.2685000002384186
YDL212W,YER005W,0,-5.033357,0.1505376398563385,0.47600001096725464,0.2685999870300293
YPR143W,YDR303C,0,-5.0333867,0.15049004554748535,0.47600001096725464,0.2687000036239624
YIL049W,YER052C,0,-5.0334496,0.1504424810409546,0.47600001096725464,0.2687999904155731
YMR029C,YIL120W,0,-5.0334706,0.15039494633674622,0.47600001096725464,0.2689000070095062
YOL040C,YPL218W,0,-5.033483,0.15034744143486023,0.47600001096725464,0.26899999380111694
YJR077C,YBR167C,0,-5.033518,0.15029996633529663,0.47600001096725464,0.26910001039505005
YHR077C,YNL236W,0,-5.0335345,0.15025252103805542,0.47600001096725464,0.26919999718666077
YNL290W,YAR003W,0,-5.033709,0.1502051055431366,0.47600001096725464,0.26930001378059387
YOL054W,YML049C,0,-5.0337434,0.15015773475170135,0.47600001096725464,0.2694000005722046
YER183C,YER009W,0,-5.0337644,0.1501103788614273,0.47600001096725464,0.2694999873638153
YBR185C,YDR219C,1,-5.033792,0.15037831664085388,0.47699999809265137,0.2694999873638153
YGR030C,YDR240C,0,-5.0338874,0.15033091604709625,0.47699999809265137,0.2696000039577484
YAL054C,YGR143W,0,-5.033918,0.1502835601568222,0.47699999809265137,0.26969999074935913
YML081C-A,YOR356W,0,-5.0339284,0.15023621916770935,0.47699999809265137,0.26980000734329224
YFL039C,YBR185C,1,-5.0340514,0.15050378441810608,0.4779999852180481,0.26980000734329224
YLR015W,YPR133W-A,0,-5.0340695,0.15045639872550964,0.4779999852180481,0.26989999413490295
YPL161C,YLR110C,0,-5.0343227,0.1504090577363968,0.4779999852180481,0.27000001072883606
YDL132W,YER142C,0,-5.034397,0.15036174654960632,0.4779999852180481,0.2700999975204468
YGR077C,YLR055C,0,-5.0344243,0.15031446516513824,0.4779999852180481,0.2702000141143799
YEL009C,YGR281W,0,-5.034437,0.15026721358299255,0.4779999852180481,0.2703000009059906
YDR171W,YKR089C,0,-5.03446,0.15021999180316925,0.4779999852180481,0.2703999876976013
YPL048W,YIR037W,0,-5.0344615,0.15017279982566833,0.4779999852180481,0.2705000042915344
YOL033W,YDR489W,0,-5.034478,0.1501256227493286,0.4779999852180481,0.27059999108314514
YBR038W,YKL059C,0,-5.034507,0.15007849037647247,0.4779999852180481,0.27070000767707825
YOR112W,YJL128C,0,-5.034519,0.15003138780593872,0.4779999852180481,0.27079999446868896
YJL165C,YBL063W,0,-5.0346227,0.14998431503772736,0.4779999852180481,0.27090001106262207
YLR288C,YGR009C,0,-5.034648,0.14993727207183838,0.4779999852180481,0.2709999978542328
YMR298W,YDR060W,0,-5.034654,0.1498902440071106,0.4779999852180481,0.2711000144481659
YER020W,YCL069W,0,-5.034769,0.1498432606458664,0.4779999852180481,0.2712000012397766
YDL132W,YMR004W,0,-5.0349216,0.14979630708694458,0.4779999852180481,0.27129998803138733
YNL009W,YDR131C,0,-5.035273,0.14974936842918396,0.4779999852180481,0.27140000462532043
YER129W,YPL130W,0,-5.035376,0.14970247447490692,0.4779999852180481,0.27149999141693115
YDR140W,YJL108C,0,-5.0353794,0.14965561032295227,0.4779999852180481,0.27160000801086426
YJL133W,YOR088W,0,-5.035462,0.1496087610721588,0.4779999852180481,0.271699994802475
YMR015C,YDL020C,0,-5.035475,0.14956195652484894,0.4779999852180481,0.2718000113964081
YBR100W,YKL178C,0,-5.035505,0.14951516687870026,0.4779999852180481,0.2718999981880188
YPR162C,YOR003W,0,-5.0356035,0.14946842193603516,0.4779999852180481,0.2720000147819519
YKR036C,YOR211C,1,-5.035712,0.1497342884540558,0.4790000021457672,0.2720000147819519
YMR011W,YGR264C,0,-5.035863,0.1496874988079071,0.4790000021457672,0.2721000015735626
YJR060W,YGL033W,0,-5.0360513,0.1496407389640808,0.4790000021457672,0.27219998836517334
YJR155W,YOL045W,0,-5.036098,0.1495940089225769,0.4790000021457672,0.27230000495910645
YGR121C,YOR027W,0,-5.0361557,0.1495472937822342,0.4790000021457672,0.27239999175071716
YOL090W,YMR079W,0,-5.0362487,0.14950062334537506,0.4790000021457672,0.27250000834465027
YDR284C,YMR236W,0,-5.0363626,0.14945398271083832,0.4790000021457672,0.272599995136261
YOL063C,YMR214W,0,-5.0363684,0.14940735697746277,0.4790000021457672,0.2727000117301941
YOR100C,YMR292W,0,-5.0364184,0.1493607759475708,0.4790000021457672,0.2727999985218048
YHL025W,YDR011W,0,-5.036457,0.14931420981884003,0.4790000021457672,0.2728999853134155
YLR381W,YLR034C,0,-5.036481,0.14926768839359283,0.4790000021457672,0.27300000190734863
YHR050W,YBR183W,0,-5.036515,0.14922118186950684,0.4790000021457672,0.27309998869895935
YJL100W,YDR146C,0,-5.0365405,0.14917470514774323,0.4790000021457672,0.27320000529289246
YHR005C-A,YBR091C,1,-5.0365896,0.14943960309028625,0.47999998927116394,0.27320000529289246
YIL118W,YBR165W,0,-5.036699,0.14939309656620026,0.47999998927116394,0.2732999920845032
YML112W,YOL021C,0,-5.0367026,0.14934660494327545,0.47999998927116394,0.2734000086784363
YLR131C,YGR229C,0,-5.036791,0.14930015802383423,0.47999998927116394,0.273499995470047
YNL286W,YML131W,0,-5.036804,0.1492537260055542,0.47999998927116394,0.2736000120639801
YOL100W,YMR067C,0,-5.0368457,0.14920733869075775,0.47999998927116394,0.2736999988555908
YKR061W,YNL221C,0,-5.036919,0.1491609662771225,0.47999998927116394,0.27379998564720154
YMR225C,YBL057C,0,-5.0370235,0.14911463856697083,0.47999998927116394,0.27390000224113464
YNL227C,YMR112C,0,-5.037177,0.14906832575798035,0.47999998927116394,0.27399998903274536
YJL090C,YBR216C,0,-5.037207,0.14902204275131226,0.47999998927116394,0.27410000562667847
YDL002C,YKR101W,0,-5.0372458,0.14897578954696655,0.47999998927116394,0.2741999924182892
YPL253C,YDR002W,0,-5.0373034,0.14892956614494324,0.47999998927116394,0.2743000090122223
YPR104C,YFR003C,0,-5.0373535,0.1488833725452423,0.47999998927116394,0.274399995803833
YOL076W,YJL054W,1,-5.0374494,0.14914728701114655,0.48100000619888306,0.274399995803833
YJL201W,YML023C,0,-5.037555,0.14910104870796204,0.48100000619888306,0.2745000123977661
YOL003C,YIL018W,0,-5.037763,0.1490548551082611,0.48100000619888306,0.27459999918937683
YDL029W,YCR020C,1,-5.0379643,0.14931845664978027,0.4819999933242798,0.27459999918937683
YJR089W,YML075C,0,-5.0380187,0.14927221834659576,0.4819999933242798,0.27469998598098755
YDL140C,YNL012W,0,-5.038021,0.14922600984573364,0.4819999933242798,0.27480000257492065
YOR211C,YNL079C,1,-5.0381374,0.14948932826519012,0.4830000102519989,0.27480000257492065
YDL006W,YPR140W,1,-5.038225,0.14975246787071228,0.48399999737739563,0.27480000257492065
YHR164C,YGL095C,0,-5.038478,0.1497061550617218,0.48399999737739563,0.27489998936653137
YHL031C,YDR235W,0,-5.0384827,0.14965985715389252,0.48399999737739563,0.2750000059604645
YLL031C,YJR043C,0,-5.03854,0.14961360394954681,0.48399999737739563,0.2750999927520752
YCR107W,YGL142C,0,-5.038605,0.1495673656463623,0.48399999737739563,0.2752000093460083
YDR296W,YDR470C,1,-5.038625,0.14983008801937103,0.48500001430511475,0.2752000093460083
YOR332W,YJR110W,0,-5.038719,0.14978381991386414,0.48500001430511475,0.275299996137619
YLR223C,YOR151C,0,-5.0387278,0.14973756670951843,0.48500001430511475,0.2754000127315521
YJR040W,YPL065W,0,-5.038756,0.1496913582086563,0.48500001430511475,0.27549999952316284
YLR288C,YGL011C,0,-5.038761,0.14964516460895538,0.48500001430511475,0.27559998631477356
YGR224W,YDR075W,0,-5.0388083,0.14959901571273804,0.48500001430511475,0.27570000290870667
YBL051C,YJL004C,0,-5.0389457,0.14955288171768188,0.48500001430511475,0.2757999897003174
YML004C,YDR337W,0,-5.0391674,0.14950677752494812,0.48500001430511475,0.2759000062942505
YJR158W,YBR098W,0,-5.0392814,0.14946070313453674,0.48500001430511475,0.2759999930858612
YNL166C,YNR013C,0,-5.039284,0.14941465854644775,0.48500001430511475,0.2761000096797943
YBR245C,YDL065C,0,-5.0393653,0.14936864376068115,0.48500001430511475,0.27619999647140503
YNL116W,YLR342W,0,-5.039431,0.14932265877723694,0.48500001430511475,0.27630001306533813
YHR174W,YLR332W,0,-5.0395913,0.1492767035961151,0.48500001430511475,0.27639999985694885
YNR033W,YKL016C,0,-5.039656,0.14923076331615448,0.48500001430511475,0.27649998664855957
YAR019C,YIL010W,0,-5.0398736,0.14918486773967743,0.48500001430511475,0.2766000032424927
YMR288W,YOL104C,0,-5.039995,0.14913898706436157,0.48500001430511475,0.2766999900341034
YBL098W,YPL048W,0,-5.0400095,0.1490931510925293,0.48500001430511475,0.2768000066280365
YMR172W,YJR160C,0,-5.040162,0.14904733002185822,0.48500001430511475,0.2768999934196472
YOL146W,YMR053C,0,-5.0402,0.14900153875350952,0.48500001430511475,0.2770000100135803
YLR033W,YGR042W,0,-5.040259,0.14895577728748322,0.48500001430511475,0.27709999680519104
YJR013W,YNL053W,0,-5.040302,0.1489100456237793,0.48500001430511475,0.27720001339912415
YLR190W,YNL055C,1,-5.0403056,0.14917127788066864,0.4860000014305115,0.27720001339912415
YNL288W,YLR191W,0,-5.0403686,0.14912550151348114,0.4860000014305115,0.27730000019073486
YJR153W,YMR077C,0,-5.0404773,0.14907975494861603,0.4860000014305115,0.2773999869823456
YER089C,YML021C,0,-5.0404873,0.1490340381860733,0.4860000014305115,0.2775000035762787
YPL115C,YKR057W,0,-5.0406613,0.14898835122585297,0.4860000014305115,0.2775999903678894
YLL009C,YIL029C,0,-5.0408416,0.14894269406795502,0.4860000014305115,0.2777000069618225
YOR341W,YHR079C-B,0,-5.0408864,0.14889705181121826,0.4860000014305115,0.2777999937534332
YBR070C,YBL017C,0,-5.040927,0.1488514542579651,0.4860000014305115,0.27790001034736633
YJR047C,YDR060W,0,-5.0409303,0.1488058716058731,0.4860000014305115,0.27799999713897705
YMR308C,YGR285C,0,-5.041132,0.1487603336572647,0.4860000014305115,0.27810001373291016
YDR174W,YBR289W,0,-5.041203,0.1487148106098175,0.4860000014305115,0.2782000005245209
YLR368W,YNL079C,1,-5.0412564,0.1489752233028412,0.4869999885559082,0.2782000005245209
YPL243W,YOR106W,0,-5.0413184,0.1489296704530716,0.4869999885559082,0.2782999873161316
YBL045C,YAL016W,0,-5.041327,0.1488841325044632,0.4869999885559082,0.2784000039100647
YIR002C,YIL056W,0,-5.0417147,0.14883862435817719,0.4869999885559082,0.2784999907016754
YLR190W,YMR241W,1,-5.0418334,0.14909867942333221,0.4880000054836273,0.2784999907016754
YPR131C,YMR134W,1,-5.0419803,0.1493585854768753,0.48899999260902405,0.2784999907016754
YMR167W,YGR281W,0,-5.042073,0.14931297302246094,0.48899999260902405,0.2786000072956085
YOL123W,YGR172C,0,-5.042276,0.14926740527153015,0.48899999260902405,0.27869999408721924
YOR147W,YNL149C,1,-5.0423245,0.14952701330184937,0.49000000953674316,0.27869999408721924
YKL189W,YPL283C,0,-5.042433,0.1494813859462738,0.49000000953674316,0.27880001068115234
YDL003W,YPR046W,0,-5.04249,0.14943580329418182,0.49000000953674316,0.27889999747276306
YMR146C,YBR127C,0,-5.042497,0.14939025044441223,0.49000000953674316,0.27900001406669617
YBL033C,YGR270W,0,-5.0426016,0.14934471249580383,0.49000000953674316,0.2791000008583069
YJR091C,YKR028W,0,-5.042611,0.14929920434951782,0.49000000953674316,0.2791999876499176
YJR077C,YER007W,0,-5.042845,0.1492537260055542,0.49000000953674316,0.2793000042438507
YGL105W,YMR219W,0,-5.043223,0.14920827746391296,0.49000000953674316,0.2793999910354614
YJL210W,YGR183C,0,-5.04324,0.14916285872459412,0.49000000953674316,0.27950000762939453
YBL058W,YLR277C,0,-5.043386,0.14911746978759766,0.49000000953674316,0.27959999442100525
YCL010C,YKL126W,0,-5.0434585,0.1490720957517624,0.49000000953674316,0.27970001101493835
YJL115W,YDR490C,0,-5.0436144,0.1490267664194107,0.49000000953674316,0.2797999978065491
YCL044C,YJL116C,1,-5.043632,0.14928549528121948,0.4909999966621399,0.2797999978065491
YDR375C,YGL070C,0,-5.0436826,0.14924012124538422,0.4909999966621399,0.2799000144004822
YOR063W,YLR043C,0,-5.0437517,0.14919477701187134,0.4909999966621399,0.2800000011920929
YDL014W,YGR002C,0,-5.0437927,0.14914944767951965,0.4909999966621399,0.2800999879837036
YLL006W,YNL121C,1,-5.0438466,0.14940783381462097,0.492000013589859,0.2800999879837036
YGL206C,YIL084C,0,-5.043894,0.1493624746799469,0.492000013589859,0.2802000045776367
YKL064W,YML092C,0,-5.043977,0.14931714534759521,0.492000013589859,0.28029999136924744
YBL032W,YKR089C,0,-5.043983,0.14927184581756592,0.492000013589859,0.28040000796318054
YOL042W,YDL081C,0,-5.0440283,0.149226576089859,0.492000013589859,0.28049999475479126
YPL209C,YLR166C,0,-5.044056,0.1491813212633133,0.492000013589859,0.28060001134872437
YER083C,YOL045W,0,-5.0441556,0.14913609623908997,0.492000013589859,0.2806999981403351
YLR008C,YGL097W,0,-5.0443254,0.14909091591835022,0.492000013589859,0.2808000147342682
YBR098W,YAR033W,0,-5.044392,0.14904575049877167,0.492000013589859,0.2809000015258789
YDR243C,YMR283C,0,-5.0444913,0.1490005999803543,0.492000013589859,0.2809999883174896
YNL225C,YCL062W,0,-5.0445404,0.14895549416542053,0.492000013589859,0.28110000491142273
YLL027W,YDL232W,0,-5.0451045,0.14891041815280914,0.492000013589859,0.28119999170303345
YBL009W,YBL035C,0,-5.0451612,0.14886535704135895,0.492000013589859,0.28130000829696655
YMR298W,YHR050W,0,-5.045164,0.14882032573223114,0.492000013589859,0.28139999508857727
YLR131C,YLR390W-A,0,-5.0453444,0.14877532422542572,0.492000013589859,0.2815000116825104
YFL024C,YBR082C,0,-5.045424,0.1487303525209427,0.492000013589859,0.2815999984741211
YGL181W,YPL040C,0,-5.045498,0.14868541061878204,0.492000013589859,0.2816999852657318
YER032W,YKL062W,0,-5.0455103,0.1486404836177826,0.492000013589859,0.2818000018596649
YPR008W,YDR228C,0,-5.0456223,0.14859558641910553,0.492000013589859,0.28189998865127563
YJR059W,YBL100W-B,0,-5.0456624,0.14855071902275085,0.492000013589859,0.28200000524520874
YLL060C,YGR075C,0,-5.0456815,0.14850588142871857,0.492000013589859,0.28209999203681946
YLR429W,YOR098C,0,-5.0457006,0.14846107363700867,0.492000013589859,0.28220000863075256
YER014C-A,YIL128W,0,-5.045902,0.14841629564762115,0.492000013589859,0.2822999954223633
YPR034W,YBL033C,0,-5.045938,0.14837153255939484,0.492000013589859,0.2824000120162964
YOR144C,YMR129W,0,-5.046025,0.1483267992734909,0.492000013589859,0.2824999988079071
YKL053C-A,YML058W,1,-5.046046,0.14858348667621613,0.49300000071525574,0.2824999988079071
YCR002C,YKL051W,0,-5.046077,0.1485387235879898,0.49300000071525574,0.2825999855995178
YLR153C,YPL160W,0,-5.0463285,0.14849397540092468,0.49300000071525574,0.2827000021934509
YMR225C,YIL048W,0,-5.046404,0.14844925701618195,0.49300000071525574,0.28279998898506165
YGR080W,YDR177W,0,-5.046452,0.1484045684337616,0.49300000071525574,0.28290000557899475
YER146W,YAL055W,0,-5.046454,0.14835990965366364,0.49300000071525574,0.28299999237060547
YIL062C,YPR083W,1,-5.0466084,0.14861612021923065,0.49399998784065247,0.28299999237060547
YGL174W,YBR173C,0,-5.0466113,0.1485714316368103,0.49399998784065247,0.2831000089645386
YOL009C,YML058W,1,-5.046635,0.1488274186849594,0.4950000047683716,0.2831000089645386
YGL053W,YNL012W,0,-5.046757,0.14878268539905548,0.4950000047683716,0.2831999957561493
YDL226C,YJL011C,0,-5.0468316,0.14873798191547394,0.4950000047683716,0.2833000123500824
YGR120C,YMR287C,0,-5.046964,0.14869330823421478,0.4950000047683716,0.2833999991416931
YFR055W,YDL047W,0,-5.046977,0.14864864945411682,0.4950000047683716,0.28349998593330383
YDR188W,YJL210W,0,-5.0470214,0.14860402047634125,0.4950000047683716,0.28360000252723694
YAR014C,YER051W,0,-5.0470366,0.14855942130088806,0.4950000047683716,0.28369998931884766
YOR038C,YMR087W,0,-5.047067,0.14851485192775726,0.4950000047683716,0.28380000591278076
YNR035C,YJL063C,1,-5.0472026,0.14877024292945862,0.4959999918937683,0.28380000591278076
YNL149C,YCR028C-A,1,-5.0473094,0.14902548491954803,0.4970000088214874,0.28380000591278076
YDL065C,YIL018W,0,-5.047548,0.14898081123828888,0.4970000088214874,0.2838999927043915
YLR383W,YGR074W,0,-5.0475483,0.1489361673593521,0.4970000088214874,0.2840000092983246
YNL059C,YLR363C,0,-5.04779,0.14889155328273773,0.4970000088214874,0.2840999960899353
YNL138W,YGL104C,0,-5.047793,0.14884695410728455,0.4970000088214874,0.2842000126838684
YDR021W,YPR189W,0,-5.047891,0.14880239963531494,0.4970000088214874,0.2842999994754791
YGR261C,YMR167W,0,-5.047904,0.14875786006450653,0.4970000088214874,0.28439998626708984
YGL223C,YML124C,0,-5.0481477,0.1487133502960205,0.4970000088214874,0.28450000286102295
YLR190W,YMR302C,1,-5.048237,0.14896799623966217,0.49799999594688416,0.28450000286102295
YGR121C,YOR307C,0,-5.0488977,0.14892344176769257,0.49799999594688416,0.28459998965263367
YLR286C,YKL075C,0,-5.04899,0.14887891709804535,0.49799999594688416,0.2847000062465668
YDR235W,YPL120W,0,-5.049547,0.14883442223072052,0.49799999594688416,0.2847999930381775
YAL020C,YIL118W,0,-5.0495825,0.14878995716571808,0.49799999594688416,0.2849000096321106
YPL096C-A,YKL045W,0,-5.0497003,0.14874552190303802,0.49799999594688416,0.2849999964237213
YDL207W,YGL111W,0,-5.0500937,0.14870110154151917,0.49799999594688416,0.2851000130176544
YKL135C,YOL066C,0,-5.050165,0.1486567109823227,0.49799999594688416,0.28519999980926514
YPL161C,YPL249C,0,-5.0502005,0.1486123502254486,0.49799999594688416,0.28529998660087585
YMR119W,YPR100W,0,-5.0502067,0.1485680192708969,0.49799999594688416,0.28540000319480896
YLR067C,YOL001W,0,-5.0506024,0.1485237032175064,0.49799999594688416,0.2854999899864197
YGL223C,YCL032W,0,-5.050675,0.1484794318675995,0.49799999594688416,0.2856000065803528
YDR420W,YOR201C,0,-5.050793,0.14843517541885376,0.49799999594688416,0.2856999933719635
YCR038C,YOR129C,0,-5.050842,0.14839094877243042,0.49799999594688416,0.2858000099658966
YMR201C,YDR092W,0,-5.050842,0.14834673702716827,0.49799999594688416,0.2858999967575073
YGR101W,YJR120W,1,-5.0509505,0.14860035479068756,0.49900001287460327,0.2858999967575073
YER018C,YMR045C,0,-5.051128,0.14855611324310303,0.49900001287460327,0.28600001335144043
YBR211C,YOR232W,0,-5.0512195,0.14851190149784088,0.49900001287460327,0.28610000014305115
YOL064C,YLR350W,0,-5.051336,0.14846771955490112,0.49900001287460327,0.28619998693466187
YDR130C,YKL041W,0,-5.0513434,0.14842355251312256,0.49900001287460327,0.28630000352859497
YIL004C,YNL206C,0,-5.0516877,0.14837943017482758,0.49900001287460327,0.2863999903202057
YOL078W,YNL047C,0,-5.0517917,0.1483353078365326,0.49900001287460327,0.2865000069141388
YLR157C,YBR072W,0,-5.0519137,0.1482912302017212,0.49900001287460327,0.2865999937057495
YDR378C,YDR427W,0,-5.052093,0.14824718236923218,0.49900001287460327,0.2867000102996826
YLR313C,YDR285W,0,-5.0521083,0.14820314943790436,0.49900001287460327,0.28679999709129333
YMR060C,YML058W,1,-5.0521455,0.14845605194568634,0.5,0.28679999709129333
YDL030W,YKL144C,0,-5.052276,0.14841198921203613,0.5,0.28690001368522644
YEL030W,YJL101C,0,-5.052338,0.1483679562807083,0.5,0.28700000047683716
YMR078C,YJR102C,0,-5.0524964,0.1483239382505417,0.5,0.2870999872684479
YGL219C,YLR190W,1,-5.05251,0.1485765129327774,0.5009999871253967,0.2870999872684479
YIR004W,YDL118W,0,-5.0528264,0.1485324651002884,0.5009999871253967,0.287200003862381
YGR097W,YPL139C,0,-5.0529537,0.14848844707012177,0.5009999871253967,0.2872999906539917
YLR215C,YHR098C,0,-5.0531144,0.14844444394111633,0.5009999871253967,0.2874000072479248
YPL241C,YDL159W,0,-5.053163,0.1484004706144333,0.5009999871253967,0.2874999940395355
YKL048C,YJL141C,0,-5.0533004,0.14835652709007263,0.5009999871253967,0.28760001063346863
YBR106W,YLR026C,0,-5.053348,0.14831261336803436,0.5009999871253967,0.28769999742507935
YGL207W,YLR337C,0,-5.053374,0.1482687145471573,0.5009999871253967,0.28780001401901245
YGL087C,YLR067C,0,-5.0533977,0.1482248455286026,0.5009999871253967,0.28790000081062317
YER162C,YDL130W-A,0,-5.053403,0.1481810063123703,0.5009999871253967,0.2879999876022339
YKL197C,YNL214W,0,-5.0534644,0.1481371968984604,0.5009999871253967,0.288100004196167
YKL150W,YJL156C,0,-5.0534906,0.14809340238571167,0.5009999871253967,0.2881999909877777
YMR068W,YDL115C,0,-5.053601,0.14804965257644653,0.5009999871253967,0.2883000075817108
YOL033W,YHR001W,0,-5.0536156,0.1480059027671814,0.5009999871253967,0.28839999437332153
YGL045W,YDL170W,0,-5.053756,0.14796219766139984,0.5009999871253967,0.28850001096725464
YBR192W,YMR134W,1,-5.0538707,0.14821375906467438,0.5019999742507935,0.28850001096725464
YMR172W,YAL011W,0,-5.053896,0.14817000925540924,0.5019999742507935,0.28859999775886536
YOL082W,YDL138W,0,-5.0540433,0.1481262892484665,0.5019999742507935,0.28870001435279846
YNL239W,YGR141W,0,-5.054214,0.14808259904384613,0.5019999742507935,0.2888000011444092
YPL055C,YBR073W,0,-5.0542216,0.14803892374038696,0.5019999742507935,0.2888999879360199
YMR125W,YGR128C,0,-5.054383,0.14799527823925018,0.5019999742507935,0.289000004529953
YCR082W,YJL030W,0,-5.054602,0.1479516625404358,0.5019999742507935,0.2890999913215637
YKL025C,YOR116C,0,-5.0546255,0.1479080766439438,0.5019999742507935,0.2892000079154968
YDR071C,YOR208W,0,-5.0546494,0.14786450564861298,0.5019999742507935,0.28929999470710754
YAL058W,YLR426W,0,-5.0546846,0.14782096445560455,0.5019999742507935,0.28940001130104065
YCR063W,YDR503C,0,-5.054767,0.14777745306491852,0.5019999742507935,0.28949999809265137
YBR095C,YML093W,0,-5.0548973,0.14773395657539368,0.5019999742507935,0.2896000146865845
YDR427W,YJL056C,0,-5.0549016,0.14769048988819122,0.5019999742507935,0.2897000014781952
YLR370C,YOR326W,1,-5.0549026,0.14794117212295532,0.503000020980835,0.2897000014781952
YLR265C,YML115C,0,-5.0549207,0.14789767563343048,0.503000020980835,0.2897999882698059
YKR046C,YDL170W,0,-5.0549254,0.14785420894622803,0.503000020980835,0.289900004863739
YGL047W,YLR466W,0,-5.0552406,0.14781075716018677,0.503000020980835,0.28999999165534973
YKR076W,YPL268W,0,-5.055527,0.1477673351764679,0.503000020980835,0.29010000824928284
YBR288C,YGR147C,0,-5.055593,0.14772392809391022,0.503000020980835,0.29019999504089355
YIL009C-A,YER087C-A,0,-5.055596,0.14768056571483612,0.503000020980835,0.29030001163482666
YPR017C,YEL018W,0,-5.0556855,0.14763721823692322,0.503000020980835,0.2903999984264374
YNR001C,YCR037C,0,-5.055867,0.1475939005613327,0.503000020980835,0.2904999852180481
YCL012W,YDR490C,0,-5.055941,0.14755059778690338,0.503000020980835,0.2906000018119812
YGL105W,YDR418W,0,-5.05609,0.14750732481479645,0.503000020980835,0.2906999886035919
YOR240W,YOL066C,0,-5.0561595,0.1474640816450119,0.503000020980835,0.290800005197525
YCR002C,YBL052C,0,-5.056165,0.14742086827754974,0.503000020980835,0.29089999198913574
YJL146W,YIL101C,0,-5.0563297,0.14737766981124878,0.503000020980835,0.29100000858306885
YFL048C,YPR016C,0,-5.056395,0.1473345011472702,0.503000020980835,0.29109999537467957
YIL062C,YBR192W,1,-5.056402,0.14758418500423431,0.5040000081062317,0.29109999537467957
YOR076C,YBR240C,0,-5.056502,0.14754098653793335,0.5040000081062317,0.29120001196861267
YNL138W,YBL100W-B,0,-5.0565557,0.14749780297279358,0.5040000081062317,0.2912999987602234
YML077W,YML069W,0,-5.0567017,0.1474546492099762,0.5040000081062317,0.2913999855518341
YAL020C,YLR274W,0,-5.0567293,0.1474115252494812,0.5040000081062317,0.2915000021457672
YPL195W,YHL038C,0,-5.0567374,0.1473684161901474,0.5040000081062317,0.29159998893737793
YDL069C,YOR305W,0,-5.056808,0.147325336933136,0.5040000081062317,0.29170000553131104
YBL017C,YKR020W,0,-5.0572066,0.14728228747844696,0.5040000081062317,0.29179999232292175
YGR121C,YNL156C,0,-5.0574393,0.14723926782608032,0.5040000081062317,0.29190000891685486
YNL164C,YDR145W,0,-5.0574946,0.14719626307487488,0.5040000081062317,0.2919999957084656
YKL025C,YOL091W,0,-5.057841,0.14715328812599182,0.5040000081062317,0.2921000123023987
YER038C,YGR183C,0,-5.0578675,0.14711032807826996,0.5040000081062317,0.2921999990940094
YDR377W,YHL028W,0,-5.057964,0.14706741273403168,0.5040000081062317,0.2922999858856201
YHL038C,YIR025W,0,-5.0579896,0.1470244973897934,0.5040000081062317,0.2924000024795532
YBL097W,YGL210W-A,0,-5.058013,0.1469816267490387,0.5040000081062317,0.29249998927116394
YMR165C,YDL080C,0,-5.0580688,0.1469387710094452,0.5040000081062317,0.29260000586509705
YDR219C,YNL149C,1,-5.0581756,0.14718741178512573,0.5049999952316284,0.29260000586509705
YHL025W,YNL046W,0,-5.05818,0.14714452624320984,0.5049999952316284,0.29269999265670776
YPL127C,YGL067W,0,-5.0581937,0.14710165560245514,0.5049999952316284,0.29280000925064087
YNL291C,YER087C-B,0,-5.0582757,0.14705882966518402,0.5049999952316284,0.2928999960422516
YJL196C,YKR019C,0,-5.05833,0.1470160186290741,0.5049999952316284,0.2930000126361847
YDL145C,YLR056W,0,-5.058541,0.14697322249412537,0.5049999952316284,0.2930999994277954
YOR145C,YJR145C,0,-5.0586047,0.14693045616149902,0.5049999952316284,0.29319998621940613
YFL033C,YDR463W,0,-5.058637,0.14688771963119507,0.5049999952316284,0.29330000281333923
YGL105W,YLR009W,0,-5.0586677,0.1468450129032135,0.5049999952316284,0.29339998960494995
YER007W,YDR436W,0,-5.0586796,0.14680232107639313,0.5049999952316284,0.29350000619888306
YPL161C,YGL127C,0,-5.058789,0.14675965905189514,0.5049999952316284,0.2935999929904938
YDR303C,YDR160W,0,-5.0588975,0.14671702682971954,0.5049999952316284,0.2937000095844269
YFR036W,YFR008W,0,-5.0590224,0.14667440950870514,0.5049999952316284,0.2937999963760376
YDL029W,YDR219C,1,-5.0590267,0.14692218601703644,0.5059999823570251,0.2937999963760376
YOR362C,YPL214C,0,-5.059116,0.14687953889369965,0.5059999823570251,0.2939000129699707
YCR081W,YNL025C,0,-5.059159,0.14683690667152405,0.5059999823570251,0.2939999997615814
YGL245W,YGL232W,0,-5.0595,0.14679431915283203,0.5059999823570251,0.29409998655319214
YPL046C,YJL165C,0,-5.0596447,0.1467517465353012,0.5059999823570251,0.29420000314712524
YNL270C,YBL103C,0,-5.059683,0.14670918881893158,0.5059999823570251,0.29429998993873596
YER122C,YGL162W,0,-5.0597243,0.14666666090488434,0.5059999823570251,0.29440000653266907
YPR198W,YBL088C,0,-5.0598207,0.14662416279315948,0.5059999823570251,0.2944999933242798
YGL008C,YBR171W,0,-5.0598803,0.14658169448375702,0.5059999823570251,0.2946000099182129
YAR008W,YDR306C,0,-5.0600886,0.14653924107551575,0.5059999823570251,0.2946999967098236
YGL116W,YER038C,0,-5.06035,0.14649681746959686,0.5059999823570251,0.2948000133037567
YGR170W,YMR053C,0,-5.0606427,0.14645440876483917,0.5059999823570251,0.29490000009536743
YKR039W,YPR155C,0,-5.0607057,0.14641202986240387,0.5059999823570251,0.29499998688697815
YOR320C,YGL210W-A,0,-5.060769,0.14636968076229095,0.5059999823570251,0.29510000348091125
YGL174W,YNL283C,0,-5.0607934,0.14632736146450043,0.5059999823570251,0.295199990272522
YIL062C,YOR266W,1,-5.060886,0.14657415449619293,0.5070000290870667,0.295199990272522
YJL178C,YOL010W,0,-5.0609784,0.14653179049491882,0.5070000290870667,0.2953000068664551
YDR283C,YDR409W,0,-5.0609875,0.1464894562959671,0.5070000290870667,0.2953999936580658
YOL089C,YLR435W,0,-5.0610147,0.14644713699817657,0.5070000290870667,0.2955000102519989
YDR263C,YOR231W,0,-5.061086,0.14640484750270844,0.5070000290870667,0.2955999970436096
YMR163C,YKL059C,0,-5.061192,0.14636258780956268,0.5070000290870667,0.2957000136375427
YJR118C,YDR470C,1,-5.061293,0.14660894870758057,0.5080000162124634,0.2957000136375427
YJL063C,YPR125W,1,-5.0613265,0.1468551605939865,0.5090000033378601,0.2957000136375427
YGL192W,YHL025W,0,-5.0613327,0.1468128114938736,0.5090000033378601,0.29580000042915344
YOR028C,YOR172W,0,-5.061514,0.14677047729492188,0.5090000033378601,0.29589998722076416
YGL116W,YGR080W,0,-5.0615973,0.14672815799713135,0.5090000033378601,0.29600000381469727
YDR159W,YKR028W,0,-5.061663,0.1466858834028244,0.5090000033378601,0.296099990606308
YBR080C,YGL249W,0,-5.0617394,0.14664362370967865,0.5090000033378601,0.2962000072002411
YLR394W,YKL018W,0,-5.0617466,0.1466013789176941,0.5090000033378601,0.2962999939918518
YDR317W,YGL095C,0,-5.0618377,0.14655916392803192,0.5090000033378601,0.2964000105857849
YPR171W,YGR009C,0,-5.0619197,0.14651697874069214,0.5090000033378601,0.29649999737739563
YER083C,YMR234W,0,-5.0623126,0.14647482335567474,0.5090000033378601,0.29660001397132874
YJL170C,YIL135C,0,-5.0623536,0.14643268287181854,0.5090000033378601,0.29670000076293945
YOL089C,YOR232W,0,-5.062376,0.14639057219028473,0.5090000033378601,0.29679998755455017
YIL026C,YPR042C,0,-5.0624766,0.1463484764099121,0.5090000033378601,0.2969000041484833
YDL111C,YLR337W,0,-5.0626426,0.14630641043186188,0.5090000033378601,0.296999990940094
YJR055W,YNL218W,0,-5.0626802,0.14626437425613403,0.5090000033378601,0.2971000075340271
YGR013W,YGL022W,0,-5.0628486,0.14622235298156738,0.5090000033378601,0.2971999943256378
YPR067W,YDR498C,0,-5.0628624,0.14618036150932312,0.5090000033378601,0.2973000109195709
YLR453C,YGL097W,0,-5.0628657,0.14613838493824005,0.5090000033378601,0.29739999771118164
YGL207W,YGR082W,0,-5.0628686,0.14609643816947937,0.5090000033378601,0.29750001430511475
YKL038W,YJL154C,0,-5.0629272,0.14605452120304108,0.5090000033378601,0.29760000109672546
YKR052C,YCL032W,0,-5.0630326,0.14601261913776398,0.5090000033378601,0.2976999878883362
YMR305C,YOL004W,0,-5.0630846,0.14597074687480927,0.5090000033378601,0.2978000044822693
YGR101W,YML061C,1,-5.0632367,0.14621560275554657,0.5099999904632568,0.2978000044822693
YLL001W,YBR192W,1,-5.063289,0.14646030962467194,0.5109999775886536,0.2978000044822693
YLR321C,YGL169W,0,-5.0634017,0.14641833305358887,0.5109999775886536,0.29789999127388
YGR134W,YBR077C,0,-5.063744,0.14637640118598938,0.5109999775886536,0.2980000078678131
YHL036W,YDL098C,0,-5.0637717,0.1463344842195511,0.5109999775886536,0.29809999465942383
YJL039C,YLR016C,0,-5.063806,0.146292582154274,0.5109999775886536,0.29820001125335693
YLR075W,YDR443C,0,-5.0638247,0.14625070989131927,0.5109999775886536,0.29829999804496765
YGR103W,YJL109C,0,-5.0638695,0.14620886743068695,0.5109999775886536,0.29840001463890076
YPR175W,YJL201W,0,-5.0640388,0.14616705477237701,0.5109999775886536,0.2985000014305115
YPL152W,YBR058C-A,0,-5.064157,0.14612525701522827,0.5109999775886536,0.2985999882221222
YFL037W,YJL012C,0,-5.064177,0.14608347415924072,0.5109999775886536,0.2987000048160553
YNR057C,YBR097W,0,-5.0641875,0.14604172110557556,0.5109999775886536,0.298799991607666
YKR061W,YML115C,0,-5.064188,0.1459999978542328,0.5109999775886536,0.2989000082015991
YLR452C,YLR181C,0,-5.0642486,0.1459583044052124,0.5109999775886536,0.29899999499320984
YCL027W,YNL054W,0,-5.064396,0.1459166258573532,0.5109999775886536,0.29910001158714294
YCR028C-A,YML058W,1,-5.064445,0.14616043865680695,0.5120000243186951,0.29910001158714294
YGR170W,YKR053C,0,-5.0645733,0.14611871540546417,0.5120000243186951,0.29919999837875366
YGL033W,YBR240C,0,-5.064576,0.14607703685760498,0.5120000243186951,0.2992999851703644
YKL149C,YBR245C,0,-5.064598,0.14603537321090698,0.5120000243186951,0.2994000017642975
YPR162C,YCR037C,0,-5.064892,0.14599372446537018,0.5120000243186951,0.2994999885559082
YLR039C,YLR183C,0,-5.064895,0.14595210552215576,0.5120000243186951,0.2996000051498413
YPR081C,YOR076C,0,-5.0649557,0.14591051638126373,0.5120000243186951,0.299699991941452
YJL100W,YER111C,0,-5.0650945,0.1458689421415329,0.5120000243186951,0.29980000853538513
YCL011C,YJL156C,0,-5.0651627,0.14582739770412445,0.5120000243186951,0.29989999532699585
YLR219W,YPR133W-A,0,-5.065229,0.1457858830690384,0.5120000243186951,0.30000001192092896
YLR080W,YGL210W,0,-5.0652304,0.14574438333511353,0.5120000243186951,0.3000999987125397
YDR479C,YOR045W,0,-5.065245,0.14570289850234985,0.5120000243186951,0.3001999855041504
YJL053W,YOL094C,0,-5.0652695,0.14566145837306976,0.5120000243186951,0.3003000020980835
YLR335W,YDR180W,0,-5.065355,0.14562001824378967,0.5120000243186951,0.3003999888896942
YOR079C,YCL003W,0,-5.0654593,0.14557862281799316,0.5120000243186951,0.3005000054836273
YHR171W,YNL167C,0,-5.065461,0.14553724229335785,0.5120000243186951,0.30059999227523804
YFL057C,YJL128C,0,-5.065492,0.14549587666988373,0.5120000243186951,0.30070000886917114
YIL056W,YJR026W,0,-5.0654993,0.145454540848732,0.5120000243186951,0.30079999566078186
YDR148C,YIL063C,0,-5.0655246,0.14541323482990265,0.5120000243186951,0.30090001225471497
YLR215C,YHR034C,0,-5.065577,0.1453719437122345,0.5120000243186951,0.3009999990463257
YOR240W,YHR133C,0,-5.0656095,0.14533068239688873,0.5120000243186951,0.3010999858379364
YLR347C,YIL056W,0,-5.0657706,0.14528945088386536,0.5120000243186951,0.3012000024318695
YGL119W,YDR141C,0,-5.065775,0.14524823427200317,0.5120000243186951,0.3012999892234802
YFL003C,YPR154W,0,-5.0659037,0.14520703256130219,0.5120000243186951,0.30140000581741333
YGL172W,YGR038W,0,-5.0660853,0.14516586065292358,0.5120000243186951,0.30149999260902405
YMR247C,YOL148C,0,-5.066114,0.14512471854686737,0.5120000243186951,0.30160000920295715
YOR316C,YPL125W,0,-5.0661893,0.14508359134197235,0.5120000243186951,0.30169999599456787
YOL027C,YHR120W,1,-5.06619,0.14532577991485596,0.5130000114440918,0.30169999599456787
YCR028C-A,YMR134W,1,-5.066253,0.14556783437728882,0.5139999985694885,0.30169999599456787
YER108C,YMR073C,0,-5.066257,0.14552661776542664,0.5139999985694885,0.301800012588501
YBR038W,YLR429W,0,-5.066295,0.14548541605472565,0.5139999985694885,0.3018999993801117
YLR085C,YGL098W,0,-5.066301,0.14544425904750824,0.5139999985694885,0.3019999861717224
YDR470C,YNL213C,1,-5.066329,0.14568600058555603,0.5149999856948853,0.3019999861717224
YFL010W-A,YLR332W,0,-5.066754,0.14564479887485504,0.5149999856948853,0.3021000027656555
YPR135W,YHR205W,0,-5.066857,0.14560361206531525,0.5149999856948853,0.30219998955726624
YPL190C,YIL135C,0,-5.0668726,0.14556246995925903,0.5149999856948853,0.30230000615119934
YPR200C,YCL010C,0,-5.0669694,0.14552132785320282,0.5149999856948853,0.30239999294281006
YKL064W,YLL012W,0,-5.0670133,0.1454802304506302,0.5149999856948853,0.30250000953674316
YPL227C,YNL287W,0,-5.067035,0.14543914794921875,0.5149999856948853,0.3025999963283539
YLR035C,YHR154W,0,-5.067038,0.1453980803489685,0.5149999856948853,0.302700012922287
YBR290W,YPL221W,0,-5.0670624,0.14535704255104065,0.5149999856948853,0.3027999997138977
YMR035W,YER051W,0,-5.0671926,0.145316019654274,0.5149999856948853,0.3028999865055084
YDR435C,YLR059C,0,-5.0678773,0.1452750414609909,0.5149999856948853,0.30300000309944153
YBL030C,YGR046W,0,-5.0679016,0.14523406326770782,0.5149999856948853,0.30309998989105225
YGL206C,YDL005C,0,-5.067993,0.14519311487674713,0.5149999856948853,0.30320000648498535
YMR311C,YAL051W,0,-5.0680766,0.14515219628810883,0.5149999856948853,0.30329999327659607
YKR019C,YKR020W,0,-5.0682144,0.1451112926006317,0.5149999856948853,0.3034000098705292
YNR035C,YDR296W,1,-5.068343,0.14535211026668549,0.515999972820282,0.3034000098705292
YGL120C,YML010W,0,-5.0684695,0.145311176776886,0.515999972820282,0.3034999966621399
YBR132C,YML034W,0,-5.068501,0.14527027308940887,0.515999972820282,0.303600013256073
YOR316C,YNR013C,0,-5.068626,0.14522938430309296,0.515999972820282,0.3037000000476837
YGL097W,YLR043C,0,-5.0686517,0.14518852531909943,0.515999972820282,0.30379998683929443
YCR107W,YPL152W,0,-5.0686717,0.1451476812362671,0.515999972820282,0.30390000343322754
YLL002W,YER018C,0,-5.068722,0.14510686695575714,0.515999972820282,0.30399999022483826
YKL019W,YOR213C,0,-5.068744,0.1450660675764084,0.515999972820282,0.30410000681877136
YNL091W,YGR276C,0,-5.0688267,0.14502529799938202,0.515999972820282,0.3041999936103821
YBR091C,YHR120W,1,-5.0691333,0.14526551961898804,0.5170000195503235,0.3041999936103821
YDL029W,YHR194W,1,-5.0691895,0.1455056220293045,0.5180000066757202,0.3041999936103821
YPR067W,YDR079C-A,0,-5.0692105,0.14546476304531097,0.5180000066757202,0.3043000102043152
YDR443C,YJL139C,0,-5.0692153,0.14542391896247864,0.5180000066757202,0.3043999969959259
YOR113W,YBR090C-A,0,-5.0692477,0.1453831046819687,0.5180000066757202,0.304500013589859
YGR097W,YDR459C,0,-5.0692487,0.14534230530261993,0.5180000066757202,0.3046000003814697
YNL030W,YOR117W,0,-5.0692964,0.14530153572559357,0.5180000066757202,0.30469998717308044
YDL101C,YHR067W,0,-5.069413,0.1452607959508896,0.5180000066757202,0.30480000376701355
YOL145C,YKR081C,0,-5.0695834,0.1452200710773468,0.5180000066757202,0.30489999055862427
YML081C-A,YOL002C,0,-5.0698514,0.1451793760061264,0.5180000066757202,0.3050000071525574
YIL007C,YCR009C,0,-5.0700636,0.1451386958360672,0.5180000066757202,0.3050999939441681
YAL058W,YIL097W,0,-5.070187,0.14509804546833038,0.5180000066757202,0.3052000105381012
YML132W,YMR172W,0,-5.070265,0.14505741000175476,0.5180000066757202,0.3052999973297119
YOR156C,YDR201W,0,-5.070289,0.14501680433750153,0.5180000066757202,0.305400013923645
YLR115W,YLR318W,0,-5.070357,0.14497621357440948,0.5180000066757202,0.30550000071525574
YIL118W,YPL253C,0,-5.070397,0.14493565261363983,0.5180000066757202,0.30559998750686646
YDL132W,YNL032W,0,-5.0704737,0.14489510655403137,0.5180000066757202,0.30570000410079956
YKL176C,YOR341W,0,-5.0705495,0.1448545902967453,0.5180000066757202,0.3057999908924103
YJL145W,YDR381W,0,-5.070681,0.14481408894062042,0.5180000066757202,0.3059000074863434
YNL032W,YDL120W,0,-5.0707116,0.14477361738681793,0.5180000066757202,0.3059999942779541
YOL156W,YOL023W,0,-5.070843,0.14473316073417664,0.5180000066757202,0.3061000108718872
YDR118W,YNL283C,0,-5.0709777,0.14469273388385773,0.5180000066757202,0.3061999976634979
YJL115W,YMR015C,0,-5.071056,0.1446523368358612,0.5180000066757202,0.30630001425743103
YDR256C,YDR485C,0,-5.07125,0.14461195468902588,0.5180000066757202,0.30640000104904175
YER025W,YDR422C,0,-5.0712867,0.14457158744335175,0.5180000066757202,0.30649998784065247
YLR231C,YOR149C,0,-5.071587,0.14453125,0.5180000066757202,0.30660000443458557
YGR258C,YDL225W,0,-5.071674,0.14449092745780945,0.5180000066757202,0.3066999912261963
YKR062W,YJL012C,0,-5.071706,0.14445063471794128,0.5180000066757202,0.3068000078201294
YJR083C,YER031C,0,-5.0717793,0.1444103717803955,0.5180000066757202,0.3068999946117401
YPL161C,YHR056C,0,-5.0720897,0.14437012374401093,0.5180000066757202,0.3070000112056732
YBR212W,YBL080C,1,-5.072437,0.1446085274219513,0.5189999938011169,0.3070000112056732
YNL129W,YGL053W,0,-5.072601,0.14456824958324432,0.5189999938011169,0.30709999799728394
YGL206C,YDR131C,0,-5.072617,0.14452798664569855,0.5189999938011169,0.30720001459121704
YLL027W,YJR135C,0,-5.0726295,0.14448775351047516,0.5189999938011169,0.30730000138282776
YOR040W,YGL098W,0,-5.072701,0.14444753527641296,0.5189999938011169,0.3073999881744385
YMR234W,YGL169W,0,-5.072705,0.14440734684467316,0.5189999938011169,0.3075000047683716
YOR079C,YNL135C,0,-5.0728316,0.14436717331409454,0.5189999938011169,0.3075999915599823
YHR176W,YPR182W,0,-5.072907,0.14432702958583832,0.5189999938011169,0.3077000081539154
YGR209C,YDL077C,0,-5.072921,0.1442869007587433,0.5189999938011169,0.3077999949455261
YOR133W,YDR378C,0,-5.0730453,0.14424680173397064,0.5189999938011169,0.30790001153945923
YAL038W,YLR452C,0,-5.073419,0.1442067176103592,0.5189999938011169,0.30799999833106995
YBR004C,YGL045W,0,-5.0734797,0.14416666328907013,0.5189999938011169,0.30809998512268066
YOL121C,YOR229W,0,-5.073573,0.14412663877010345,0.5189999938011169,0.30820000171661377
YBR068C,YNL131W,0,-5.0735936,0.14408661425113678,0.5189999938011169,0.3082999885082245
YLR242C,YNL138W,0,-5.0736346,0.1440466344356537,0.5189999938011169,0.3084000051021576
YCR002C,YPR138C,0,-5.073733,0.1440066546201706,0.5189999938011169,0.3084999918937683
YLL008W,YOR213C,0,-5.073758,0.14396671950817108,0.5189999938011169,0.3086000084877014
YLR429W,YAL056W,0,-5.073852,0.14392678439617157,0.5189999938011169,0.30869999527931213
YKR036C,YOR037W,1,-5.073958,0.14416413009166718,0.5199999809265137,0.30869999527931213
YPR111W,YHR176W,0,-5.074134,0.14412416517734528,0.5199999809265137,0.30880001187324524
YOR257W,YJL214W,0,-5.074269,0.14408423006534576,0.5199999809265137,0.30889999866485596
YNL102W,YLR371W,0,-5.074387,0.14404432475566864,0.5199999809265137,0.3089999854564667
YBR119W,YBR289W,0,-5.074556,0.1440044343471527,0.5199999809265137,0.3091000020503998
YKL079W,YDL185W,0,-5.074751,0.14396455883979797,0.5199999809265137,0.3091999888420105
YPL275W,YDL095W,0,-5.0748353,0.14392471313476562,0.5199999809265137,0.3093000054359436
YDL217C,YJL054W,1,-5.0748625,0.14416159689426422,0.5210000276565552,0.3093000054359436
YOR037W,YNL304W,1,-5.074963,0.14439834654331207,0.5220000147819519,0.3093000054359436
YDL220C,YML013W,0,-5.075144,0.14435841143131256,0.5220000147819519,0.3093999922275543
YIL142W,YFR029W,0,-5.075153,0.14431849122047424,0.5220000147819519,0.3095000088214874
YNL149C,YNL070W,1,-5.0752063,0.144555002450943,0.5230000019073486,0.3095000088214874
YKL022C,YHL048W,0,-5.0752263,0.1445150524377823,0.5230000019073486,0.30959999561309814
YNL071W,YGR162W,0,-5.07523,0.14447513222694397,0.5230000019073486,0.30970001220703125
YPR139C,YDL118W,0,-5.0752907,0.14443524181842804,0.5230000019073486,0.30979999899864197
YGR119C,YDL244W,0,-5.0753274,0.1443953663110733,0.5230000019073486,0.3098999857902527
YNL111C,YOR367W,0,-5.0753565,0.14435550570487976,0.5230000019073486,0.3100000023841858
YJL011C,YDR429C,0,-5.075397,0.1443156749010086,0.5230000019073486,0.3100999891757965
YLR369W,YGR172C,0,-5.0754647,0.14427585899829865,0.5230000019073486,0.3102000057697296
YPR034W,YLR363C,0,-5.075545,0.14423607289791107,0.5230000019073486,0.31029999256134033
YCR037C,YIL066C,0,-5.075638,0.1441963016986847,0.5230000019073486,0.31040000915527344
YLR215C,YGR195W,0,-5.0757933,0.1441565603017807,0.5230000019073486,0.31049999594688416
YLR286C,YDR288W,0,-5.075934,0.1441168338060379,0.5230000019073486,0.31060001254081726
YAL012W,YGR081C,0,-5.0759425,0.1440771371126175,0.5230000019073486,0.310699999332428
YLR368W,YOL027C,1,-5.0759454,0.14431285858154297,0.5239999890327454,0.310699999332428
YJR053W,YAR014C,0,-5.075976,0.14427313208580017,0.5239999890327454,0.3107999861240387
YER005W,YGL039W,0,-5.075986,0.14423342049121857,0.5239999890327454,0.3109000027179718
YFL048C,YDL055C,0,-5.076265,0.14419372379779816,0.5239999890327454,0.3109999895095825
YLR277C,YIL082W-A,0,-5.076295,0.14415405690670013,0.5239999890327454,0.3111000061035156
YDR339C,YNL066W,1,-5.076347,0.14438943564891815,0.5249999761581421,0.3111000061035156
YDR409W,YLR346C,0,-5.076369,0.14434973895549774,0.5249999761581421,0.31119999289512634
YJR047C,YCL043C,0,-5.0765243,0.14431005716323853,0.5249999761581421,0.31130000948905945
YOL012C,YGL246C,0,-5.076577,0.1442704051733017,0.5249999761581421,0.31139999628067017
YOR171C,YLR265C,0,-5.0765843,0.14423076808452606,0.5249999761581421,0.31150001287460327
YER171W,YOR270C,0,-5.076682,0.14419116079807281,0.5249999761581421,0.311599999666214
YIL106W,YML015C,0,-5.076919,0.14415156841278076,0.5249999761581421,0.3116999864578247
YMR162C,YNL332W,0,-5.077041,0.1441119909286499,0.5249999761581421,0.3118000030517578
YJL052W,YIL029C,0,-5.07705,0.14407244324684143,0.5249999761581421,0.31189998984336853
YLR015W,YAL001C,0,-5.0770526,0.14403292536735535,0.5249999761581421,0.31200000643730164
YOR180C,YDL002C,0,-5.0770755,0.14399342238903046,0.5249999761581421,0.31209999322891235
YEL016C,YKL012W,0,-5.0772157,0.14395393431186676,0.5249999761581421,0.31220000982284546
YNL101W,YOL146W,0,-5.0774016,0.14391447603702545,0.5249999761581421,0.3122999966144562
YMR140W,YBL055C,0,-5.0775228,0.14387503266334534,0.5249999761581421,0.3124000132083893
YHL012W,YLR003C,0,-5.077638,0.1438356190919876,0.5249999761581421,0.3125
YDL030W,YDL244W,0,-5.0776424,0.14379622042179108,0.5249999761581421,0.3125999867916107
YGL004C,YDL038C,0,-5.077759,0.14375685155391693,0.5249999761581421,0.3127000033855438
YKL201C,YOR362C,0,-5.0781217,0.14371749758720398,0.5249999761581421,0.31279999017715454
YLR231C,YOR156C,0,-5.0781555,0.14367815852165222,0.5249999761581421,0.31290000677108765
YML132W,YGR141W,0,-5.0782266,0.14363884925842285,0.5249999761581421,0.31299999356269836
YHR079C,YLR337C,0,-5.0782776,0.14359956979751587,0.5249999761581421,0.31310001015663147
YOR322C,YBR043C,0,-5.0786123,0.1435602903366089,0.5249999761581421,0.3131999969482422
YMR073C,YDR086C,0,-5.0786386,0.14352105557918549,0.5249999761581421,0.3133000135421753
YHR056C,YPR133W-A,0,-5.078812,0.14348182082176208,0.5249999761581421,0.313400000333786
YLL036C,YGL135W,0,-5.0788617,0.14344261586666107,0.5249999761581421,0.31349998712539673
YBR192W,YDR393W,1,-5.0790462,0.14367659389972687,0.5260000228881836,0.31349998712539673
YLR451W,YDR477W,0,-5.079083,0.14363735914230347,0.5260000228881836,0.31360000371932983
YDR386W,YNL283C,0,-5.079117,0.14359813928604126,0.5260000228881836,0.31369999051094055
YOL088C,YPR101W,0,-5.079286,0.14355894923210144,0.5260000228881836,0.31380000710487366
YKL002W,YPL258C,0,-5.0793047,0.143519788980484,0.5260000228881836,0.3138999938964844
YOL146W,YIL118W,0,-5.0793653,0.14348062872886658,0.5260000228881836,0.3140000104904175
YKR087C,YKL042W,0,-5.0797515,0.14344149827957153,0.5260000228881836,0.3140999972820282
YOR326W,YNL304W,1,-5.0800824,0.1436750292778015,0.5270000100135803,0.3140999972820282
YNL021W,YLR447C,0,-5.080347,0.14363586902618408,0.5270000100135803,0.3142000138759613
YKL192C,YBR043C,0,-5.080506,0.14359672367572784,0.5270000100135803,0.314300000667572
YNL311C,YFL058W,0,-5.0806727,0.143557608127594,0.5270000100135803,0.31439998745918274
YCL024W,YKL075C,0,-5.080816,0.14351852238178253,0.5270000100135803,0.31450000405311584
YJR050W,YML115C,0,-5.0808873,0.14347945153713226,0.5270000100135803,0.31459999084472656
YIR004W,YBR024W,0,-5.080932,0.1434403955936432,0.5270000100135803,0.31470000743865967
YNL156C,YGR112W,0,-5.0809417,0.1434013545513153,0.5270000100135803,0.3147999942302704
YPR104C,YML027W,0,-5.0811925,0.14336234331130981,0.5270000100135803,0.3149000108242035
YLR134W,YGL070C,0,-5.081242,0.1433233618736267,0.5270000100135803,0.3149999976158142
YKL060C,YOL012C,0,-5.0814166,0.1432843953371048,0.5270000100135803,0.3151000142097473
YPL259C,YOR260W,0,-5.0815735,0.14324544370174408,0.5270000100135803,0.31520000100135803
YIL049W,YMR270C,0,-5.081657,0.14320652186870575,0.5270000100135803,0.31529998779296875
YJL192C,YLR183C,0,-5.08182,0.1431676149368286,0.5270000100135803,0.31540000438690186
YLR254C,YLR285W,0,-5.0818486,0.14312873780727386,0.5270000100135803,0.3154999911785126
YKL008C,YOR346W,0,-5.0818806,0.1430898755788803,0.5270000100135803,0.3156000077724457
YDR393W,YGR144W,1,-5.081928,0.14332248270511627,0.527999997138977,0.3156000077724457
YHR034C,YDR137W,0,-5.082024,0.14328357577323914,0.527999997138977,0.3156999945640564
YNL297C,YGR002C,0,-5.0821314,0.14324471354484558,0.527999997138977,0.3158000111579895
YJR059W,YGL249W,0,-5.082405,0.14320585131645203,0.527999997138977,0.3158999979496002
YGR089W,YAL002W,0,-5.0824785,0.14316703379154205,0.527999997138977,0.3160000145435333
YDR039C,YAL029C,0,-5.0826163,0.14312821626663208,0.527999997138977,0.31610000133514404
YKL120W,YIL068C,0,-5.0826406,0.1430894285440445,0.527999997138977,0.31619998812675476
YDL243C,YAL054C,0,-5.0826573,0.1430506706237793,0.527999997138977,0.31630000472068787
YEL016C,YML047C,0,-5.082785,0.1430119127035141,0.527999997138977,0.3163999915122986
YOL111C,YHR070W,0,-5.0828905,0.14297319948673248,0.527999997138977,0.3165000081062317
YBR234C,YCR028C-A,1,-5.083072,0.1432051956653595,0.5289999842643738,0.3165000081062317
YER007W,YKL175W,0,-5.0831814,0.1431664377450943,0.5289999842643738,0.3165999948978424
YBR079C,YLR448W,0,-5.0831985,0.1431277096271515,0.5289999842643738,0.3167000114917755
YNL021W,YIL112W,0,-5.0833063,0.14308899641036987,0.5289999842643738,0.31679999828338623
YOL116W,YGL122C,0,-5.0835557,0.14305029809474945,0.5289999842643738,0.31690001487731934
YIL048W,YFR003C,0,-5.0836062,0.14301162958145142,0.5289999842643738,0.31700000166893005
YHR194W,YHR005C-A,1,-5.0836425,0.1432432383298874,0.5299999713897705,0.31700000166893005
YGL142C,YBR024W,0,-5.0836687,0.14320454001426697,0.5299999713897705,0.31709998846054077
YLL013C,YJR120W,1,-5.083813,0.1434359848499298,0.531000018119812,0.31709998846054077
YBR136W,YGR231C,0,-5.0839934,0.1433972418308258,0.531000018119812,0.3172000050544739
YLL001W,YML104C,1,-5.084104,0.14362850785255432,0.5320000052452087,0.3172000050544739
YOL055C,YHL028W,0,-5.084369,0.14358974993228912,0.5320000052452087,0.3172999918460846
YKL110C,YPL192C,0,-5.084537,0.14355099201202393,0.5320000052452087,0.3174000084400177
YBR192W,YMR060C,1,-5.0846424,0.14378203451633453,0.5329999923706055,0.3174000084400177
YEL036C,YBR030W,0,-5.0846963,0.14374326169490814,0.5329999923706055,0.3174999952316284
YDL154W,YOR356W,0,-5.0847306,0.14370450377464294,0.5329999923706055,0.3176000118255615
YKR036C,YDL006W,1,-5.084784,0.14393530786037445,0.5339999794960022,0.3176000118255615
YBR211C,YGR135W,0,-5.0849824,0.14389652013778687,0.5339999794960022,0.31769999861717224
YPR025C,YOL117W,0,-5.085053,0.14385776221752167,0.5339999794960022,0.31779998540878296
YNL025C,YDL224C,0,-5.0850854,0.14381901919841766,0.5339999794960022,0.31790000200271606
YLR144C,YML028W,0,-5.0851445,0.14378029108047485,0.5339999794960022,0.3179999887943268
YOR037W,YNL079C,1,-5.0852175,0.1440107673406601,0.5350000262260437,0.3179999887943268
YNL156C,YOR159C,0,-5.085273,0.1439720094203949,0.5350000262260437,0.3181000053882599
YGL020C,YNL304W,1,-5.0854406,0.1442023068666458,0.5360000133514404,0.3181000053882599
YDR192C,YNL231C,0,-5.085445,0.14416353404521942,0.5360000133514404,0.3181999921798706
YBR136W,YKL113C,0,-5.085545,0.14412476122379303,0.5360000133514404,0.3183000087738037
YLR026C,YML088W,0,-5.0859113,0.14408601820468903,0.5360000133514404,0.31839999556541443
YCL014W,YOR210W,0,-5.085917,0.1440473049879074,0.5360000133514404,0.31850001215934753
YNL153C,YOR334W,0,-5.0859275,0.1440085917711258,0.5360000133514404,0.31859999895095825
YDL099W,YDR303C,0,-5.0862045,0.14396992325782776,0.5360000133514404,0.31869998574256897
YIL124W,YJL012C-A,0,-5.0862255,0.14393125474452972,0.5360000133514404,0.3188000023365021
YJL178C,YIL026C,0,-5.0862722,0.14389261603355408,0.5360000133514404,0.3188999891281128
YNL233W,YGL183C,0,-5.0863953,0.14385399222373962,0.5360000133514404,0.3190000057220459
YOR028C,YGR278W,0,-5.086686,0.14381539821624756,0.5360000133514404,0.3190999925136566
YNL082W,YML007W,0,-5.086712,0.1437768191099167,0.5360000133514404,0.3192000091075897
YDR490C,YIL068C,0,-5.0867133,0.1437382698059082,0.5360000133514404,0.31929999589920044
YCL066W,YMR234W,0,-5.086924,0.1436997354030609,0.5360000133514404,0.31940001249313354
YCR073C,YOR110W,0,-5.086938,0.14366121590137482,0.5360000133514404,0.31949999928474426
YMR048W,YDR167W,0,-5.0870194,0.1436227262020111,0.5360000133514404,0.319599986076355
YHR077C,YGL113W,0,-5.087067,0.1435842514038086,0.5360000133514404,0.3197000026702881
YDR256C,YJL184W,0,-5.0870967,0.14354579150676727,0.5360000133514404,0.3197999894618988
YJL170C,YDR288W,0,-5.0870996,0.14350736141204834,0.5360000133514404,0.3199000060558319
YDR378C,YJR046W,0,-5.0871997,0.1434689462184906,0.5360000133514404,0.3199999928474426
YLR023C,YBL063W,0,-5.087206,0.14343056082725525,0.5360000133514404,0.32010000944137573
YER119C,YPL242C,0,-5.087209,0.1433921903371811,0.5360000133514404,0.32019999623298645
YBR035C,YPL210C,0,-5.087227,0.14335383474826813,0.5360000133514404,0.32030001282691956
YLR131C,YBR012W-A,0,-5.087323,0.14331550896167755,0.5360000133514404,0.3203999996185303
YMR054W,YDL118W,0,-5.0873356,0.14327719807624817,0.5360000133514404,0.320499986410141
YHL038C,YER044C-A,0,-5.0873504,0.14323891699314117,0.5360000133514404,0.3206000030040741
YNR001C,YJR066W,0,-5.0874877,0.14320063591003418,0.5360000133514404,0.3206999897956848
YBR111W-A,YGL225W,0,-5.087603,0.14316239953041077,0.5360000133514404,0.3208000063896179
YGL191W,YER005W,0,-5.0876184,0.14312416315078735,0.5360000133514404,0.32089999318122864
YHR008C,YLR313C,0,-5.0876565,0.14308595657348633,0.5360000133514404,0.32100000977516174
YMR225C,YDR027C,0,-5.0880666,0.1430477648973465,0.5360000133514404,0.32109999656677246
YMR042W,YOR307C,0,-5.0881143,0.14300960302352905,0.5360000133514404,0.32120001316070557
YFL026W,YNR006W,0,-5.0882964,0.1429714560508728,0.5360000133514404,0.3212999999523163
YNR058W,YMR177W,0,-5.0884094,0.14293333888053894,0.5360000133514404,0.321399986743927
YOR112W,YAL012W,0,-5.0884314,0.14289522171020508,0.5360000133514404,0.3215000033378601
YHR123W,YDL028C,0,-5.088568,0.1428571492433548,0.5360000133514404,0.3215999901294708
YIL040W,YDL115C,0,-5.088628,0.14281907677650452,0.5360000133514404,0.32170000672340393
YJL165C,YIL147C,0,-5.0886545,0.14278103411197662,0.5360000133514404,0.32179999351501465
YDR545W,YPL144W,0,-5.0887203,0.14274300634860992,0.5360000133514404,0.32190001010894775
YHR079C,YOL105C,0,-5.0887504,0.1427050083875656,0.5360000133514404,0.32199999690055847
YNL206C,YKR062W,0,-5.088761,0.1426670253276825,0.5360000133514404,0.3221000134944916
YDR079C-A,YPR121W,0,-5.088783,0.14262905716896057,0.5360000133514404,0.3222000002861023
YBR065C,YHR148W,0,-5.088845,0.14259111881256104,0.5360000133514404,0.322299987077713
YIL053W,YNL046W,0,-5.0889173,0.1425531953573227,0.5360000133514404,0.3224000036716461
YER009W,YGR042W,0,-5.089027,0.14251528680324554,0.5360000133514404,0.32249999046325684
YFL018C,YGL011C,0,-5.0890684,0.14247740805149078,0.5360000133514404,0.32260000705718994
YJL039C,YOR143C,0,-5.0891366,0.14243954420089722,0.5360000133514404,0.32269999384880066
YNR001C,YFL058W,0,-5.089216,0.14240169525146484,0.5360000133514404,0.32280001044273376
YER044C-A,YDR228C,0,-5.089291,0.14236387610435486,0.5360000133514404,0.3228999972343445
YCL029C,YLR134W,0,-5.0893006,0.14232607185840607,0.5360000133514404,0.3230000138282776
YHR083W,YPR125W,1,-5.089325,0.14255376160144806,0.5370000004768372,0.3230000138282776
YLL001W,YJR120W,1,-5.0894604,0.1427813172340393,0.5379999876022339,0.3230000138282776
YER105C,YOL010W,0,-5.0894876,0.14274343848228455,0.5379999876022339,0.3231000006198883
YBR048W,YCL005W-A,0,-5.0896554,0.14270557463169098,0.5379999876022339,0.323199987411499
YNL298W,YOR172W,0,-5.0896745,0.1426677256822586,0.5379999876022339,0.32330000400543213
YML061C,YPR140W,1,-5.0897994,0.14289501309394836,0.5389999747276306,0.32330000400543213
YLR157C,YJL039C,0,-5.0898414,0.1428571492433548,0.5389999747276306,0.32339999079704285
YDL231C,YGL257C,0,-5.089847,0.14281928539276123,0.5389999747276306,0.32350000739097595
YDR219C,YNL213C,1,-5.089909,0.14304636418819427,0.5400000214576721,0.32350000739097595
YDL005C,YCL017C,0,-5.0899463,0.14300847053527832,0.5400000214576721,0.32359999418258667
YKL138C-A,YPR006C,0,-5.090036,0.14297060668468475,0.5400000214576721,0.3237000107765198
YIL112W,YBL064C,0,-5.09009,0.14293277263641357,0.5400000214576721,0.3237999975681305
YML099C,YHR174W,0,-5.0902724,0.1428949385881424,0.5400000214576721,0.3239000141620636
YBR015C,YIL068C,0,-5.0902796,0.1428571492433548,0.5400000214576721,0.3240000009536743
YCR048W,YPL083C,0,-5.09028,0.1428193598985672,0.5400000214576721,0.32409998774528503
YKL146W,YPL283C,0,-5.090297,0.142781600356102,0.5400000214576721,0.32420000433921814
YER108C,YCR020C-A,0,-5.0904045,0.14274385571479797,0.5400000214576721,0.32429999113082886
YJR082C,YPL210C,0,-5.090413,0.14270612597465515,0.5400000214576721,0.32440000772476196
YKR082W,YOL054W,0,-5.0904303,0.14266842603683472,0.5400000214576721,0.3244999945163727
YPL275W,YIL101C,0,-5.090439,0.14263074100017548,0.5400000214576721,0.3246000111103058
YPR073C,YLR079W,0,-5.0904617,0.14259308576583862,0.5400000214576721,0.3246999979019165
YML127W,YCR083W,0,-5.090718,0.14255544543266296,0.5400000214576721,0.3248000144958496
YBL019W,YOR290C,0,-5.0907297,0.1425178200006485,0.5400000214576721,0.3249000012874603
YGL106W,YOR346W,0,-5.090938,0.14248020946979523,0.5400000214576721,0.32499998807907104
YDR485C,YCL020W,0,-5.091059,0.14244262874126434,0.5400000214576721,0.32510000467300415
YLR313C,YKR050W,0,-5.0910945,0.14240506291389465,0.5400000214576721,0.32519999146461487
YGR042W,YIL080W,0,-5.0913396,0.14236751198768616,0.5400000214576721,0.325300008058548
YIR004W,YJL087C,0,-5.091376,0.14232999086380005,0.5400000214576721,0.3253999948501587
YNL036W,YGL011C,0,-5.0914073,0.14229248464107513,0.5400000214576721,0.3255000114440918
YDR099W,YBR098W,0,-5.091485,0.1422550082206726,0.5400000214576721,0.3255999982357025
YOR216C,YHR048W,0,-5.091514,0.14221754670143127,0.5400000214576721,0.3257000148296356
YJL101C,YGL086W,0,-5.09158,0.14218010008335114,0.5400000214576721,0.32580000162124634
YNL036W,YMR139W,0,-5.0918565,0.1421426683664322,0.5400000214576721,0.32589998841285706
YLR192C,YMR203W,0,-5.091888,0.14210526645183563,0.5400000214576721,0.32600000500679016
YPL217C,YOR143C,0,-5.0920844,0.14206787943840027,0.5400000214576721,0.3260999917984009
YCR088W,YLR207W,0,-5.092189,0.1420305073261261,0.5400000214576721,0.326200008392334
YJR065C,YNL310C,1,-5.0922527,0.14225611090660095,0.5410000085830688,0.326200008392334
YER129W,YJL052W,0,-5.0922704,0.1422187238931656,0.5410000085830688,0.3262999951839447
YMR014W,YGL019W,0,-5.092281,0.14218133687973022,0.5410000085830688,0.3264000117778778
YHR176W,YNR034W,0,-5.092339,0.14214397966861725,0.5410000085830688,0.3264999985694885
YBR121C,YLR212C,0,-5.0923676,0.14210665225982666,0.5410000085830688,0.32659998536109924
YNL029C,YOR140W,0,-5.092489,0.14206932485103607,0.5410000085830688,0.32670000195503235
YDR384C,YCL075W,0,-5.092666,0.14203202724456787,0.5410000085830688,0.32679998874664307
YDR293C,YGR047C,0,-5.0927362,0.14199474453926086,0.5410000085830688,0.32690000534057617
YGL223C,YDR293C,0,-5.09284,0.14195749163627625,0.5410000085830688,0.3269999921321869
YML130C,YNR049C,0,-5.092925,0.14192025363445282,0.5410000085830688,0.32710000872612
YJL008C,YOR210W,0,-5.0929723,0.1418830305337906,0.5410000085830688,0.3271999955177307
YKR076W,YGL227W,0,-5.093103,0.14184583723545074,0.5410000085830688,0.3273000121116638
YIL124W,YMR006C,0,-5.0932026,0.1418086439371109,0.5410000085830688,0.32739999890327454
YGR169C,YDR356W,0,-5.093238,0.14177149534225464,0.5410000085830688,0.32749998569488525
YDR099W,YOR043W,0,-5.093439,0.14173434674739838,0.5410000085830688,0.32760000228881836
YLR119W,YGR020C,0,-5.0934615,0.1416972279548645,0.5410000085830688,0.3276999890804291
YGR288W,YPL206C,0,-5.0936646,0.14166012406349182,0.5410000085830688,0.3278000056743622
YML088W,YLR346C,0,-5.0937047,0.14162303507328033,0.5410000085830688,0.3278999924659729
YNL201C,YAL011W,0,-5.0938144,0.14158597588539124,0.5410000085830688,0.328000009059906
YBR217W,YDR358W,0,-5.093999,0.14154893159866333,0.5410000085830688,0.3280999958515167
YNL049C,YHR111W,0,-5.0941772,0.14151190221309662,0.5410000085830688,0.32820001244544983
YGR014W,YHR150W,0,-5.0941925,0.1414749026298523,0.5410000085830688,0.32829999923706055
YLR028C,YOR217W,0,-5.0943446,0.14143790304660797,0.5410000085830688,0.32839998602867126
YKL048C,YIL109C,0,-5.0944247,0.14140094816684723,0.5410000085830688,0.32850000262260437
YIL154C,YOR048C,0,-5.094497,0.1413639932870865,0.5410000085830688,0.3285999894142151
YPL046C,YDR363W,0,-5.094513,0.14132706820964813,0.5410000085830688,0.3287000060081482
YDL007W,YDR477W,0,-5.094562,0.14129015803337097,0.5410000085830688,0.3287999927997589
YER045C,YDR273W,0,-5.094564,0.141253262758255,0.5410000085830688,0.328900009393692
YNL139C,YOR270C,0,-5.0945973,0.14121639728546143,0.5410000085830688,0.32899999618530273
YGR089W,YLR337W,0,-5.094665,0.14117954671382904,0.5410000085830688,0.32910001277923584
YBR080C,YDR011W,0,-5.0947356,0.14114271104335785,0.5410000085830688,0.32919999957084656
YPL161C,YEL009C,0,-5.094754,0.14110589027404785,0.5410000085830688,0.3292999863624573
YJL093C,YGR251W,0,-5.0953226,0.14106909930706024,0.5410000085830688,0.3294000029563904
YHR129C,YMR137C,0,-5.0956078,0.14103232324123383,0.5410000085830688,0.3294999897480011
YNL261W,YBL005W-A,0,-5.0957193,0.1409955620765686,0.5410000085830688,0.3296000063419342
YDR423C,YDR181C,0,-5.0958467,0.14095883071422577,0.5410000085830688,0.3296999931335449
YCL066W,YBR129C,0,-5.0958605,0.14092211425304413,0.5410000085830688,0.329800009727478
YBR080C,YJR026W,0,-5.095878,0.14088541269302368,0.5410000085830688,0.32989999651908875
YLR265C,YGL252C,0,-5.095894,0.14084874093532562,0.5410000085830688,0.33000001311302185
YNL172W,YPL208W,0,-5.0959487,0.14081208407878876,0.5410000085830688,0.33009999990463257
YNR013C,YKL108W,0,-5.096154,0.14077544212341309,0.5410000085830688,0.3301999866962433
YJR082C,YHR027C,0,-5.0962405,0.1407388150691986,0.5410000085830688,0.3303000032901764
YLR085C,YDR002W,0,-5.0962596,0.14070221781730652,0.5410000085830688,0.3303999900817871
YBL009W,YDR130C,0,-5.096507,0.14066562056541443,0.5410000085830688,0.3305000066757202
YCL029C,YLL004W,0,-5.0965075,0.14062906801700592,0.5410000085830688,0.33059999346733093
YJR057W,YFL031W,0,-5.0965157,0.1405925154685974,0.5410000085830688,0.33070001006126404
YDR424C,YIL147C,0,-5.0968366,0.1405559927225113,0.5410000085830688,0.33079999685287476
YKL055C,YGR086C,0,-5.0969257,0.14051948487758636,0.5410000085830688,0.33090001344680786
YFL031W,YPL144W,0,-5.0970016,0.14048299193382263,0.5410000085830688,0.3310000002384186
YCR039C,YOR191W,0,-5.097013,0.1404465138912201,0.5410000085830688,0.3310999870300293
YOR180C,YDR177W,0,-5.097106,0.14041006565093994,0.5410000085830688,0.3312000036239624
YDR411C,YMR037C,0,-5.0971856,0.14037363231182098,0.5410000085830688,0.3312999904155731
YOR020C,YJR021C,0,-5.097219,0.14033722877502441,0.5410000085830688,0.3314000070095062
YIL033C,YOR355W,0,-5.09742,0.14030082523822784,0.5410000085830688,0.33149999380111694
YCR005C,YPL116W,0,-5.0975785,0.14026445150375366,0.5410000085830688,0.33160001039505005
YLR155C,YOL049W,0,-5.09773,0.14022809267044067,0.5410000085830688,0.33169999718666077
YOR142W,YDR356W,0,-5.09784,0.14019176363945007,0.5410000085830688,0.33180001378059387
YCL016C,YDR017C,0,-5.097995,0.14015543460845947,0.5410000085830688,0.3319000005722046
YKL201C,YGR183C,0,-5.098142,0.14011913537979126,0.5410000085830688,0.3319999873638153
YPL106C,YJL138C,0,-5.098162,0.14008286595344543,0.5410000085830688,0.3321000039577484
YNL259C,YMR008C,0,-5.098227,0.1400465965270996,0.5410000085830688,0.33219999074935913
YLR286C,YJR029W,0,-5.098264,0.14001035690307617,0.5410000085830688,0.33230000734329224
YJR078W,YBR117C,0,-5.098354,0.13997413218021393,0.5410000085830688,0.33239999413490295
YBR247C,YCR020C-A,0,-5.0984745,0.13993792235851288,0.5410000085830688,0.33250001072883606
YLR368W,YJL112W,1,-5.098498,0.14016033709049225,0.5419999957084656,0.33250001072883606
YPL048W,YDL130W,0,-5.098577,0.1401240974664688,0.5419999957084656,0.3325999975204468
YNL199C,YOL117W,0,-5.0985827,0.14008787274360657,0.5419999957084656,0.3327000141143799
YNL293W,YDR018C,0,-5.098583,0.1400516778230667,0.5419999957084656,0.3328000009059906
YLR117C,YGL210W-A,0,-5.098805,0.14001549780368805,0.5419999957084656,0.3328999876976013
YEL062W,YBR012W-A,0,-5.0989013,0.13997933268547058,0.5419999957084656,0.3330000042915344
YPL110C,YGL175C,0,-5.098953,0.1399431973695755,0.5419999957084656,0.33309999108314514
YLL006W,YFL036W,1,-5.099014,0.14016520977020264,0.5429999828338623,0.33309999108314514
YML113W,YDR429C,0,-5.0995235,0.14012902975082397,0.5429999828338623,0.33320000767707825
YDR123C,YNR017W,0,-5.099625,0.1400928795337677,0.5429999828338623,0.33329999446868896
YBR170C,YNL163C,0,-5.099644,0.14005674421787262,0.5429999828338623,0.33340001106262207
YMR305C,YMR087W,0,-5.0996966,0.14002062380313873,0.5429999828338623,0.3334999978542328
YGR249W,YKL175W,0,-5.0997696,0.13998453319072723,0.5429999828338623,0.3336000144481659
YDR240C,YLR362W,0,-5.0997777,0.13994845747947693,0.5429999828338623,0.3337000012397766
YFL039C,YJR118C,1,-5.099861,0.14017005264759064,0.5440000295639038,0.3337000012397766
YKL194C,YPR178W,0,-5.0999556,0.14013394713401794,0.5440000295639038,0.33379998803138733
YOL077C,YLR329W,0,-5.1000586,0.14009785652160645,0.5440000295639038,0.33390000462532043
YER017C,YDL166C,0,-5.1000743,0.14006179571151733,0.5440000295639038,0.33399999141693115
YBR068C,YLR126C,0,-5.100083,0.14002573490142822,0.5440000295639038,0.33410000801086426
YDL102W,YHR048W,0,-5.100085,0.1399897038936615,0.5440000295639038,0.334199994802475
YDL116W,YDR057W,0,-5.1001716,0.13995368778705597,0.5440000295639038,0.3343000113964081
YGR181W,YMR134W,1,-5.100237,0.14017489552497864,0.5450000166893005,0.3343000113964081
YGR038W,YER095W,0,-5.100247,0.14013884961605072,0.5450000166893005,0.3343999981880188
YOR030W,YKR029C,0,-5.100264,0.1401028335094452,0.5450000166893005,0.3345000147819519
YIL139C,YDR515W,0,-5.1004,0.14006681740283966,0.5450000166893005,0.3346000015735626
YPR007C,YLR452C,0,-5.1004515,0.14003083109855652,0.5450000166893005,0.33469998836517334
YPR162C,YKR055W,0,-5.10069,0.13999485969543457,0.5450000166893005,0.33480000495910645
YMR311C,YPR138C,0,-5.1008277,0.139958918094635,0.5450000166893005,0.33489999175071716
YGR002C,YOR106W,0,-5.1008315,0.13992297649383545,0.5450000166893005,0.33500000834465027
YML116W,YGL211W,0,-5.101036,0.13988706469535828,0.5450000166893005,0.335099995136261
YGR060W,YDR513W,0,-5.101206,0.1398511677980423,0.5450000166893005,0.3352000117301941
YDR141C,YIL029C,0,-5.1015396,0.1398152858018875,0.5450000166893005,0.3352999985218048
YBL097W,YNL128W,0,-5.1015882,0.13977943360805511,0.5450000166893005,0.3353999853134155
YHR053C,YMR214W,0,-5.101596,0.1397435963153839,0.5450000166893005,0.33550000190734863
YPR176C,YOR132W,0,-5.1016665,0.1397077739238739,0.5450000166893005,0.33559998869895935
YLR314C,YNL250W,0,-5.1017523,0.13967196643352509,0.5450000166893005,0.33570000529289246
YDR301W,YDR363W,0,-5.1020055,0.13963617384433746,0.5450000166893005,0.3357999920845032
YGL020C,YML104C,1,-5.1020226,0.13985656201839447,0.5460000038146973,0.3357999920845032
YPL177C,YDR208W,0,-5.1022067,0.13982073962688446,0.5460000038146973,0.3359000086784363
YLR115W,YPR042C,0,-5.10247,0.13978494703769684,0.5460000038146973,0.335999995470047
YFR029W,YML064C,0,-5.102514,0.1397491693496704,0.5460000038146973,0.3361000120639801
YML128C,YOL091W,0,-5.1025677,0.13971340656280518,0.5460000038146973,0.3361999988555908
YPR067W,YMR188C,0,-5.102613,0.13967767357826233,0.5460000038146973,0.33629998564720154
YOR076C,YJL012C,0,-5.1027164,0.13964194059371948,0.5460000038146973,0.33640000224113464
YBR021W,YJL190C,0,-5.102997,0.13960623741149902,0.5460000038146973,0.33649998903274536
YGR278W,YJL165C,0,-5.103019,0.13957054913043976,0.5460000038146973,0.33660000562667847
YMR224C,YLR145W,0,-5.103074,0.13953489065170288,0.5460000038146973,0.3366999924182892
YKL146W,YCL032W,0,-5.1031117,0.139499232172966,0.5460000038146973,0.3368000090122223
YGL187C,YDR065W,0,-5.1032186,0.1394636034965515,0.5460000038146973,0.336899995803833
YGL020C,YML058W,1,-5.1032314,0.13968335092067719,0.546999990940094,0.336899995803833
YGL053W,YER005W,0,-5.1032653,0.1396476924419403,0.546999990940094,0.3370000123977661
YGL136C,YDR159W,0,-5.1033506,0.13961204886436462,0.546999990940094,0.33709999918937683
YGR038W,YOR057W,0,-5.1033773,0.13957642018795013,0.546999990940094,0.33719998598098755
YIL149C,YIR015W,0,-5.103868,0.13954082131385803,0.546999990940094,0.33730000257492065
YFL029C,YGL145W,0,-5.1039143,0.13950522243976593,0.546999990940094,0.33739998936653137
YCL043C,YGL046W,0,-5.103935,0.13946965336799622,0.546999990940094,0.3375000059604645
YKL188C,YBL033C,0,-5.10401,0.1394340991973877,0.546999990940094,0.3375999927520752
YBR112C,YGR122W,0,-5.104225,0.13939857482910156,0.546999990940094,0.3377000093460083
YGL014W,YJR026W,0,-5.104256,0.13936305046081543,0.546999990940094,0.337799996137619
YBL026W,YBR136W,0,-5.104315,0.13932755589485168,0.546999990940094,0.3379000127315521
YPL161C,YMR231W,0,-5.10436,0.13929207623004913,0.546999990940094,0.33799999952316284
YDR517W,YJL156C,0,-5.104639,0.13925662636756897,0.546999990940094,0.33809998631477356
YDR529C,YJR027W,0,-5.104676,0.1392211765050888,0.546999990940094,0.33820000290870667
YML081C-A,YBL011W,0,-5.104831,0.13918575644493103,0.546999990940094,0.3382999897003174
YKL022C,YOR036W,0,-5.105087,0.13915033638477325,0.546999990940094,0.3384000062942505
YHR205W,YLR079W,0,-5.105147,0.13911496102809906,0.546999990940094,0.3384999930858612
YGR092W,YDL194W,0,-5.10515,0.13907958567142487,0.546999990940094,0.3386000096797943
YKL029C,YDL224C,0,-5.105229,0.13904422521591187,0.546999990940094,0.33869999647140503
YLR190W,YNL149C,1,-5.1056337,0.13926301896572113,0.5479999780654907,0.33869999647140503
YJR047C,YIL066C,0,-5.1056924,0.13922764360904694,0.5479999780654907,0.33880001306533813
YFL039C,YMR060C,1,-5.1059403,0.13944627344608307,0.5490000247955322,0.33880001306533813
YHR067W,YKL086W,0,-5.106138,0.1394108682870865,0.5490000247955322,0.33889999985694885
YCR039C,YAL033W,0,-5.1062083,0.1393754780292511,0.5490000247955322,0.33899998664855957
YER162C,YLR455W,0,-5.1063,0.1393401026725769,0.5490000247955322,0.3391000032424927
YJL115W,YHR094C,0,-5.1063046,0.1393047422170639,0.5490000247955322,0.3391999900341034
YIL046W,YNL138W,0,-5.1063676,0.1392694115638733,0.5490000247955322,0.3393000066280365
YJL012C-A,YER123W,0,-5.1065793,0.13923408091068268,0.5490000247955322,0.3393999934196472
YER052C,YHR069C,0,-5.106636,0.13919878005981445,0.5490000247955322,0.3395000100135803
YIL132C,YGR005C,0,-5.106689,0.13916349411010742,0.5490000247955322,0.33959999680519104
YFL039C,YMR241W,1,-5.1070375,0.13938164710998535,0.550000011920929,0.33959999680519104
YML113W,YNL032W,0,-5.107083,0.13934634625911713,0.550000011920929,0.33970001339912415
YBL009W,YJL115W,0,-5.1072035,0.1393110454082489,0.550000011920929,0.33980000019073486
YHL031C,YOL064C,0,-5.107217,0.13927575945854187,0.550000011920929,0.3398999869823456
YPL161C,YJR141W,0,-5.107333,0.13924050331115723,0.550000011920929,0.3400000035762787
YJL201W,YJR059W,0,-5.1073604,0.13920526206493378,0.550000011920929,0.3400999903678894
YPR037C,YBR118W,0,-5.1073833,0.13917003571987152,0.550000011920929,0.3402000069618225
YML116W,YDL160C,0,-5.107408,0.13913483917713165,0.550000011920929,0.3402999937534332
YMR167W,YOL038W,0,-5.1074142,0.13909964263439178,0.550000011920929,0.34040001034736633
YBR091C,YCR028C-A,1,-5.1076136,0.1393173187971115,0.5509999990463257,0.34040001034736633
YJR118C,YML104C,1,-5.1076474,0.13953489065170288,0.5519999861717224,0.34040001034736633
YPL239W,YPL283C,0,-5.1076713,0.13949961960315704,0.5519999861717224,0.34049999713897705
YCL016C,YIR015W,0,-5.1077046,0.1394643783569336,0.5519999861717224,0.34060001373291016
YGL210W-A,YIL122W,0,-5.1078596,0.13942915201187134,0.5519999861717224,0.3407000005245209
YBR210W,YEL022W,0,-5.107968,0.13939394056797028,0.5519999861717224,0.3407999873161316
YOL027C,YPR131C,1,-5.1079955,0.13961121439933777,0.5529999732971191,0.3407999873161316
YOL123W,YMR236W,0,-5.1080375,0.13957597315311432,0.5529999732971191,0.3409000039100647
YPL089C,YGR054W,0,-5.10829,0.13954074680805206,0.5529999732971191,0.3409999907016754
YDL093W,YDR443C,0,-5.1082935,0.1395055502653122,0.5529999732971191,0.3411000072956085
YIL062C,YOR326W,1,-5.108641,0.1397225707769394,0.5540000200271606,0.3411000072956085
YBR129C,YLL002W,0,-5.108705,0.13968734443187714,0.5540000200271606,0.34119999408721924
YCR107W,YNL027W,0,-5.108722,0.13965213298797607,0.5540000200271606,0.34130001068115234
YDR099W,YKR097W,0,-5.1087575,0.1396169364452362,0.5540000200271606,0.34139999747276306
YDR088C,YIL135C,0,-5.108826,0.13958175480365753,0.5540000200271606,0.34150001406669617
YPL188W,YFL049W,0,-5.108988,0.13954660296440125,0.5540000200271606,0.3416000008583069
YLR005W,YLR466W,0,-5.109155,0.13951145112514496,0.5540000200271606,0.3416999876499176
YDR206W,YHR084W,0,-5.109233,0.13947632908821106,0.5540000200271606,0.3418000042438507
YIL036W,YLR192C,0,-5.1092978,0.13944122195243835,0.5540000200271606,0.3418999910354614
YJR065C,YBL080C,1,-5.1094193,0.13965778052806854,0.5550000071525574,0.3418999910354614
YBR112C,YKL086W,0,-5.1094604,0.13962264358997345,0.5550000071525574,0.34200000762939453
YOR304W,YOR149C,0,-5.1095366,0.13958752155303955,0.5550000071525574,0.34209999442100525
YJR135C,YGR089W,0,-5.109551,0.13955242931842804,0.5550000071525574,0.34220001101493835
YPL123C,YPL180W,0,-5.109574,0.13951735198497772,0.5550000071525574,0.3422999978065491
YDR121W,YCL024W,0,-5.109617,0.1394822746515274,0.5550000071525574,0.3424000144004822
YGL014W,YGL129C,0,-5.109621,0.13944724202156067,0.5550000071525574,0.3425000011920929
YGL073W,YOR284W,0,-5.109724,0.13941220939159393,0.5550000071525574,0.3425999879837036
YGR284C,YDL047W,0,-5.109867,0.1393771916627884,0.5550000071525574,0.3427000045776367
YBL019W,YDL085W,0,-5.109882,0.13934220373630524,0.5550000071525574,0.34279999136924744
YLR246W,YER009W,0,-5.1100674,0.13930723071098328,0.5550000071525574,0.34290000796318054
YMR305C,YDL042C,0,-5.1101227,0.1392722725868225,0.5550000071525574,0.34299999475479126
YGR086C,YNL131W,0,-5.1103487,0.13923732936382294,0.5550000071525574,0.34310001134872437
YJL039C,YKL042W,0,-5.110426,0.13920240104198456,0.5550000071525574,0.3431999981403351
YHR026W,YDL043C,0,-5.1104627,0.13916750252246857,0.5550000071525574,0.3433000147342682
YJL112W,YNL310C,1,-5.1107583,0.13938330113887787,0.5559999942779541,0.3433000147342682
YOR297C,YLR435W,0,-5.1108274,0.1393483728170395,0.5559999942779541,0.3434000015258789
YCL004W,YBR173C,0,-5.110865,0.1393134593963623,0.5559999942779541,0.3434999883174896
YNL278W,YFL016C,0,-5.110904,0.1392785608768463,0.5559999942779541,0.34360000491142273
YKL064W,YCL043C,0,-5.110938,0.13924367725849152,0.5559999942779541,0.34369999170303345
YGR004W,YKR001C,0,-5.1110425,0.1392088085412979,0.5559999942779541,0.34380000829696655
YBL032W,YJR042W,0,-5.111119,0.1391739696264267,0.5559999942779541,0.34389999508857727
YDR317W,YMR112C,0,-5.1111298,0.13913914561271667,0.5559999942779541,0.3440000116825104
YNL029C,YPL224C,0,-5.1111574,0.13910432159900665,0.5559999942779541,0.3440999984741211
YNL281W,YKL075C,0,-5.11116,0.13906952738761902,0.5559999942779541,0.3441999852657318
YLR431C,YER044C-A,0,-5.1112933,0.13903476297855377,0.5559999942779541,0.3443000018596649
YHR050W,YNL046W,0,-5.111441,0.13899999856948853,0.5559999942779541,0.34439998865127563
YNL053W,YEL026W,0,-5.1114497,0.13896526396274567,0.5559999942779541,0.34450000524520874
YLR431C,YKL138C-A,0,-5.111466,0.1389305293560028,0.5559999942779541,0.34459999203681946
YPR057W,YNL251C,0,-5.1114984,0.13889582455158234,0.5559999942779541,0.34470000863075256
YMR162C,YBR159W,0,-5.111548,0.13886113464832306,0.5559999942779541,0.3447999954223633
YJL095W,YMR183C,0,-5.1116095,0.13882645964622498,0.5559999942779541,0.3449000120162964
YKR090W,YBR037C,0,-5.1117053,0.13879181444644928,0.5559999942779541,0.3449999988079071
YLR113W,YAL002W,0,-5.1118813,0.13875716924667358,0.5559999942779541,0.3450999855995178
YER014C-A,YIL026C,0,-5.111995,0.13872255384922028,0.5559999942779541,0.3452000021934509
YAL031C,YLR147C,0,-5.111997,0.13868795335292816,0.5559999942779541,0.34529998898506165
YER161C,YCL005W-A,0,-5.1123853,0.13865336775779724,0.5559999942779541,0.34540000557899475
YNR043W,YML021C,0,-5.112394,0.13861879706382751,0.5559999942779541,0.34549999237060547
YER019W,YPL007C,0,-5.1124024,0.13858424127101898,0.5559999942779541,0.3456000089645386
YOR142W,YNL317W,0,-5.1125016,0.13854971528053284,0.5559999942779541,0.3456999957561493
YPL116W,YBR245C,0,-5.112511,0.13851520419120789,0.5559999942779541,0.3458000123500824
YGL032C,YEL018W,0,-5.1125655,0.13848069310188293,0.5559999942779541,0.3458999991416931
YNL094W,YEL003W,0,-5.112695,0.13844621181488037,0.5559999942779541,0.34599998593330383
YPL001W,YPR046W,0,-5.112735,0.138411745429039,0.5559999942779541,0.34610000252723694
YCR020C,YNL079C,1,-5.112767,0.13862618803977966,0.5569999814033508,0.34610000252723694
YDR228C,YPL133C,0,-5.1127877,0.1385916918516159,0.5569999814033508,0.34619998931884766
YPL181W,YDR422C,0,-5.112806,0.13855721056461334,0.5569999814033508,0.34630000591278076
YAL041W,YGR247W,0,-5.112862,0.13852275907993317,0.5569999814033508,0.3463999927043915
YBL050W,YER111C,0,-5.112921,0.138488307595253,0.5569999814033508,0.3465000092983246
YJL201W,YPR133C,0,-5.1129327,0.1384538859128952,0.5569999814033508,0.3465999960899353
YMR125W,YJR026W,0,-5.1129603,0.1384194791316986,0.5569999814033508,0.3467000126838684
YGL017W,YKR052C,0,-5.1130037,0.1383850872516632,0.5569999814033508,0.3467999994754791
YOL095C,YPR140W,1,-5.113079,0.13859911262989044,0.5580000281333923,0.3467999994754791
YEL015W,YMR309C,0,-5.1130877,0.13856469094753265,0.5580000281333923,0.34689998626708984
YNL172W,YPL065W,0,-5.113094,0.13853028416633606,0.5580000281333923,0.34700000286102295
YLR291C,YML085C,0,-5.1131387,0.13849590718746185,0.5580000281333923,0.34709998965263367
YHL019C,YPL174C,0,-5.113202,0.13846154510974884,0.5580000281333923,0.3472000062465668
YNL090W,YOL129W,0,-5.113215,0.13842718303203583,0.5580000281333923,0.3472999930381775
YML058W-A,YBR066C,0,-5.113292,0.1383928507566452,0.5580000281333923,0.3474000096321106
YNL282W,YJL187C,0,-5.1133494,0.13835854828357697,0.5580000281333923,0.3474999964237213
YML092C,YDL224C,0,-5.11337,0.13832424581050873,0.5580000281333923,0.3476000130176544
YGR063C,YKL166C,0,-5.113584,0.13828995823860168,0.5580000281333923,0.34769999980926514
YFL017W-A,YBR254C,0,-5.11362,0.13825570046901703,0.5580000281333923,0.34779998660087585
YGR286C,YNL091W,0,-5.1137795,0.13822145760059357,0.5580000281333923,0.34790000319480896
YJR139C,YLR426W,0,-5.1138725,0.1381872147321701,0.5580000281333923,0.3479999899864197
YDR055W,YDL244W,0,-5.114084,0.13815300166606903,0.5580000281333923,0.3481000065803528
YGL244W,YML021C,0,-5.114114,0.13811881840229034,0.5580000281333923,0.3481999933719635
YLR293C,YER019C-A,0,-5.114306,0.13808463513851166,0.5580000281333923,0.3483000099658966
YDR256C,YHL031C,0,-5.1143103,0.13805046677589417,0.5580000281333923,0.3483999967575073
YHR021C,YKL088W,0,-5.114355,0.13801632821559906,0.5580000281333923,0.34850001335144043
YJR135C,YJL154C,0,-5.114404,0.13798218965530396,0.5580000281333923,0.34860000014305115
YGL222C,YGR280C,0,-5.1144214,0.13794808089733124,0.5580000281333923,0.34869998693466187
YBR088C,YMR266W,0,-5.114466,0.13791398704051971,0.5580000281333923,0.34880000352859497
YPL110C,YBR090C-A,0,-5.1145115,0.13787990808486938,0.5580000281333923,0.3488999903202057
YMR012W,YNL055C,1,-5.1148953,0.13809289038181305,0.5590000152587891,0.3488999903202057
YBR279W,YGR280C,0,-5.1151867,0.13805878162384033,0.5590000152587891,0.3490000069141388
YGL175C,YBR283C,0,-5.1155725,0.1380246877670288,0.5590000152587891,0.3490999937057495
YNL166C,YER179W,0,-5.115727,0.13799062371253967,0.5590000152587891,0.3492000102996826
YKL192C,YML074C,0,-5.115833,0.13795655965805054,0.5590000152587891,0.34929999709129333
YBR048W,YJL145W,0,-5.116024,0.1379225254058838,0.5590000152587891,0.34940001368522644
YLL001W,YOL095C,1,-5.116245,0.1381351798772812,0.5600000023841858,0.34940001368522644
YPL145C,YOR341W,0,-5.1163793,0.13810111582279205,0.5600000023841858,0.34950000047683716
YHR050W,YAL047C,0,-5.1163917,0.1380670666694641,0.5600000023841858,0.3495999872684479
YDL069C,YBR006W,0,-5.116411,0.13803303241729736,0.5600000023841858,0.349700003862381
YBR217W,YCL020W,0,-5.1168747,0.1379990130662918,0.5600000023841858,0.3497999906539917
YPL195W,YLL043W,0,-5.116877,0.13796500861644745,0.5600000023841858,0.3499000072479248
YLR015W,YLR035C,0,-5.1169486,0.13793103396892548,0.5600000023841858,0.3499999940395355
YPL063W,YOR356W,0,-5.1170588,0.1378970742225647,0.5600000023841858,0.35010001063346863
YJR153W,YIL118W,0,-5.1171923,0.13786311447620392,0.5600000023841858,0.35019999742507935
YER129W,YLR455W,0,-5.117208,0.13782918453216553,0.5600000023841858,0.35030001401901245
YPL248C,YDL115C,0,-5.117254,0.13779526948928833,0.5600000023841858,0.35040000081062317
YPL212C,YDR363W-A,0,-5.117268,0.13776138424873352,0.5600000023841858,0.3504999876022339
YCL051W,YJL047C,0,-5.117289,0.1377274990081787,0.5600000023841858,0.350600004196167
YBR111W-A,YAL011W,0,-5.1172905,0.1376936286687851,0.5600000023841858,0.3506999909877777
YLL042C,YDR473C,0,-5.1173744,0.13765978813171387,0.5600000023841858,0.3508000075817108
YMR068W,YOL034W,0,-5.1173835,0.13762594759464264,0.5600000023841858,0.35089999437332153
YIL004C,YER126C,0,-5.117455,0.1375921368598938,0.5600000023841858,0.35100001096725464
YOL063C,YHL024W,0,-5.1175327,0.13755834102630615,0.5600000023841858,0.35109999775886536
YDL100C,YDR495C,0,-5.1175513,0.1375245600938797,0.5600000023841858,0.35120001435279846
YOR172W,YDR285W,0,-5.117577,0.13749079406261444,0.5600000023841858,0.3513000011444092
YOR243C,YBR254C,0,-5.1176534,0.13745704293251038,0.5600000023841858,0.3513999879360199
YNL110C,YOR356W,0,-5.1178427,0.1374233067035675,0.5600000023841858,0.351500004529953
YML129C,YDR129C,0,-5.1181645,0.13738960027694702,0.5600000023841858,0.3515999913215637
YDL120W,YOL138C,0,-5.118224,0.13735589385032654,0.5600000023841858,0.3517000079154968
YHR004C,YMR133W,0,-5.1184163,0.13732221722602844,0.5600000023841858,0.35179999470710754
YDL029W,YNL121C,1,-5.118608,0.13753370940685272,0.5609999895095825,0.35179999470710754
YJL115W,YNL167C,0,-5.118618,0.13750000298023224,0.5609999895095825,0.35190001130104065
YHR187W,YNL151C,0,-5.118628,0.13746631145477295,0.5609999895095825,0.35199999809265137
YML023C,YGR047C,0,-5.118652,0.13743263483047485,0.5609999895095825,0.3521000146865845
YLR110C,YDL093W,0,-5.1186767,0.13739897310733795,0.5609999895095825,0.3522000014781952
YLR228C,YLR371W,0,-5.118713,0.13736532628536224,0.5609999895095825,0.3522999882698059
YBR210W,YBR100W,0,-5.1188474,0.13733169436454773,0.5609999895095825,0.352400004863739
YLR144C,YFR052W,0,-5.1190085,0.1372980922460556,0.5609999895095825,0.35249999165534973
YJR118C,YOL027C,1,-5.119123,0.13750918209552765,0.5619999766349792,0.35249999165534973
YML132W,YFL026W,0,-5.119243,0.13747553527355194,0.5619999766349792,0.35260000824928284
YKR052C,YJL056C,0,-5.1192455,0.13744191825389862,0.5619999766349792,0.35269999504089355
YAL068C,YNL064C,0,-5.1193213,0.1374083161354065,0.5619999766349792,0.35280001163482666
YNL222W,YBR127C,0,-5.1195073,0.13737472891807556,0.5619999766349792,0.3528999984264374
YOR351C,YLR285W,0,-5.1195397,0.13734115660190582,0.5619999766349792,0.3529999852180481
YOR040W,YNL014W,0,-5.119654,0.13730759918689728,0.5619999766349792,0.3531000018119812
YDR365C,YNL099C,0,-5.119742,0.13727405667304993,0.5619999766349792,0.3531999886035919
YML051W,YEL004W,0,-5.119764,0.13724054396152496,0.5619999766349792,0.353300005197525
YGR132C,YKR089C,0,-5.1200786,0.13720703125,0.5619999766349792,0.35339999198913574
YPL256C,YER070W,0,-5.1202626,0.13717354834079742,0.5619999766349792,0.35350000858306885
YJR042W,YBR267W,0,-5.120487,0.13714006543159485,0.5619999766349792,0.35359999537467957
YML121W,YIL147C,0,-5.1207576,0.13710661232471466,0.5619999766349792,0.35370001196861267
YKL189W,YNR006W,0,-5.1208615,0.13707317411899567,0.5619999766349792,0.3537999987602234
YNR001C,YDR175C,0,-5.1208806,0.13703975081443787,0.5619999766349792,0.3538999855518341
YPL255W,YBR182C,0,-5.1209755,0.13700634241104126,0.5619999766349792,0.3540000021457672
YLR355C,YBR212W,1,-5.1210146,0.13721667230129242,0.5630000233650208,0.3540000021457672
YKR083C,YNL318C,0,-5.1211715,0.13718323409557343,0.5630000233650208,0.35409998893737793
YPL098C,YNL213C,1,-5.121242,0.13739342987537384,0.5640000104904175,0.35409998893737793
YBR133C,YMR097C,0,-5.121244,0.13735996186733246,0.5640000104904175,0.35420000553131104
YOL012C,YPR042C,0,-5.121654,0.13732650876045227,0.5640000104904175,0.35429999232292175
YIL007C,YOL004W,0,-5.1216974,0.13729308545589447,0.5640000104904175,0.35440000891685486
YPR049C,YGL122C,0,-5.1217337,0.13725967705249786,0.5640000104904175,0.3544999957084656
YOR240W,YBR035C,0,-5.121754,0.13722628355026245,0.5640000104904175,0.3546000123023987
YDL006W,YNL304W,1,-5.121932,0.1374361515045166,0.5649999976158142,0.3546000123023987
YDR004W,YPL057C,0,-5.1219525,0.1374027281999588,0.5649999976158142,0.3546999990940094
YNL197C,YFL038C,0,-5.122002,0.1373693197965622,0.5649999976158142,0.3547999858856201
YIL053W,YPL175W,0,-5.1221123,0.13733592629432678,0.5649999976158142,0.3549000024795532
YOR232W,YNL287W,0,-5.122127,0.13730254769325256,0.5649999976158142,0.35499998927116394
YFR019W,YOR129C,0,-5.122159,0.13726919889450073,0.5649999976158142,0.35510000586509705
YIL142W,YJR050W,0,-5.122356,0.1372358500957489,0.5649999976158142,0.35519999265670776
YLR115W,YKL012W,0,-5.122435,0.13720253109931946,0.5649999976158142,0.35530000925064087
YBR210W,YKL089W,0,-5.122516,0.13716921210289001,0.5649999976158142,0.3553999960422516
YDR499W,YLR288C,0,-5.1225457,0.13713592290878296,0.5649999976158142,0.3555000126361847
YOL115W,YOR380W,0,-5.122932,0.1371026486158371,0.5649999976158142,0.3555999994277954
YDR081C,YNL214W,0,-5.1230907,0.13706938922405243,0.5649999976158142,0.35569998621940613
YLR190W,YDR470C,1,-5.123121,0.13727867603302002,0.5659999847412109,0.35569998621940613
YLR035C,YAR044W,0,-5.1234117,0.13724538683891296,0.5659999847412109,0.35580000281333923
YHL019C,YHL031C,0,-5.1236043,0.1372121274471283,0.5659999847412109,0.35589998960494995
YDR311W,YCL075W,0,-5.1236825,0.13717886805534363,0.5659999847412109,0.35600000619888306
YBL090W,YOR305W,0,-5.123698,0.13714562356472015,0.5659999847412109,0.3560999929904938
YDR268W,YNL129W,0,-5.123789,0.13711240887641907,0.5659999847412109,0.3562000095844269
YMR225C,YLR277C,0,-5.1238375,0.13707919418811798,0.5659999847412109,0.3562999963760376
YIL010W,YOR368W,0,-5.1240277,0.13704600930213928,0.5659999847412109,0.3564000129699707
YKR036C,YNL070W,1,-5.1240835,0.13725490868091583,0.5669999718666077,0.3564000129699707
YLR215C,YML006C,0,-5.124287,0.13722167909145355,0.5669999718666077,0.3564999997615814
YGL038C,YCL020W,0,-5.1243787,0.13718847930431366,0.5669999718666077,0.35659998655319214
YER072W,YMR087W,0,-5.124521,0.13715529441833496,0.5669999718666077,0.35670000314712524
YML075C,YML033W,0,-5.1245284,0.13712212443351746,0.5669999718666077,0.35679998993873596
YNL078W,YER149C,0,-5.124557,0.13708896934986115,0.5669999718666077,0.35690000653266907
YGR199W,YPR080W,0,-5.1247983,0.13705584406852722,0.5669999718666077,0.3569999933242798
YOR363C,YJL173C,0,-5.1248255,0.1370227187871933,0.5669999718666077,0.3571000099182129
YGR155W,YJL076W,0,-5.1248446,0.13698960840702057,0.5669999718666077,0.3571999967098236
YMR165C,YLR455W,0,-5.1248465,0.13695652782917023,0.5669999718666077,0.3573000133037567
YHL002W,YBR171W,0,-5.1248507,0.13692344725131989,0.5669999718666077,0.35740000009536743
YER118C,YML088W,0,-5.125223,0.13689039647579193,0.5669999718666077,0.35749998688697815
YGR158C,YOR151C,0,-5.1253724,0.13685734570026398,0.5669999718666077,0.35760000348091125
YML099C,YHR001W,0,-5.125462,0.1368243247270584,0.5669999718666077,0.357699990272522
YBR086C,YGL046W,0,-5.125581,0.13679131865501404,0.5669999718666077,0.3578000068664551
YLR195C,YDR285W,0,-5.1256623,0.13675832748413086,0.5669999718666077,0.3578999936580658
YMR296C,YLL017W,0,-5.125927,0.13672533631324768,0.5669999718666077,0.3580000102519989
YNL075W,YPR102C,0,-5.125939,0.1366923749446869,0.5669999718666077,0.3580999970436096
YHR059W,YPL139C,0,-5.1260066,0.1366594433784485,0.5669999718666077,0.3582000136375427
YNL127W,YML021C,0,-5.1260633,0.13662651181221008,0.5669999718666077,0.35830000042915344
YNL310C,YNL213C,1,-5.1261153,0.1368345022201538,0.5680000185966492,0.35830000042915344
YDR219C,YIL051C,1,-5.126122,0.13704238831996918,0.5690000057220459,0.35830000042915344
YML081C-A,YMR288W,0,-5.126214,0.137009397149086,0.5690000057220459,0.35839998722076416
YDR046C,YJL183W,0,-5.126222,0.13697640597820282,0.5690000057220459,0.35850000381469727
YOR327C,YLR369W,0,-5.126245,0.13694344460964203,0.5690000057220459,0.358599990606308
YJL117W,YLR425W,0,-5.1263347,0.13691049814224243,0.5690000057220459,0.3587000072002411
YMR137C,YER125W,0,-5.126364,0.13687755167484283,0.5690000057220459,0.3587999939918518
YPL101W,YGR241C,0,-5.1263766,0.13684463500976562,0.5690000057220459,0.3589000105857849
YOR326W,YNL213C,1,-5.126495,0.13705217838287354,0.5699999928474426,0.3589000105857849
YLR274W,YJR068W,0,-5.1265535,0.13701923191547394,0.5699999928474426,0.35899999737739563
YMR186W,YDR057W,0,-5.126614,0.13698630034923553,0.5699999928474426,0.35910001397132874
YML099C,YJL133W,0,-5.1266627,0.13695338368415833,0.5699999928474426,0.35920000076293945
YPR073C,YNL263C,0,-5.1267567,0.1369204968214035,0.5699999928474426,0.35929998755455017
YMR301C,YLR113W,0,-5.126802,0.13688760995864868,0.5699999928474426,0.3594000041484833
YPL076W,YOR145C,0,-5.126804,0.13685473799705505,0.5699999928474426,0.359499990940094
YAL031C,YJR022W,0,-5.126865,0.1368218958377838,0.5699999928474426,0.3596000075340271
YGR040W,YHL009C,0,-5.126963,0.13678905367851257,0.5699999928474426,0.3596999943256378
YNL118C,YGL175C,0,-5.1270843,0.13675624132156372,0.5699999928474426,0.3598000109195709
YLR130C,YCL074W,0,-5.1272035,0.13672342896461487,0.5699999928474426,0.35989999771118164
YGR200C,YHR174W,0,-5.127291,0.1366906464099884,0.5699999928474426,0.36000001430511475
YLR155C,YMR029C,0,-5.127337,0.13665787875652313,0.5699999928474426,0.36010000109672546
YDR172W,YHL012W,0,-5.1273527,0.13662512600421906,0.5699999928474426,0.3601999878883362
YOL076W,YDR470C,1,-5.1275067,0.13683201372623444,0.5709999799728394,0.3601999878883362
YNL268W,YNL246W,0,-5.127765,0.13679923117160797,0.5709999799728394,0.3603000044822693
YDR276C,YPL133C,0,-5.1278596,0.1367664635181427,0.5709999799728394,0.36039999127388
YJR013W,YNL333W,0,-5.1278896,0.13673371076583862,0.5709999799728394,0.3605000078678131
YML121W,YJR029W,0,-5.1279426,0.13670098781585693,0.5709999799728394,0.36059999465942383
YGR007W,YHL007C,0,-5.128117,0.13666826486587524,0.5709999799728394,0.36070001125335693
YGL241W,YIL110W,0,-5.128491,0.13663555681705475,0.5709999799728394,0.36079999804496765
YEL056W,YBL090W,0,-5.1286054,0.13660286366939545,0.5709999799728394,0.36090001463890076
YCR048W,YNL046W,0,-5.128642,0.13657020032405853,0.5709999799728394,0.3610000014305115
YGR009C,YKL178C,0,-5.1286836,0.13653753697872162,0.5709999799728394,0.3610999882221222
YEL027W,YOL148C,0,-5.1286883,0.1365049034357071,0.5709999799728394,0.3612000048160553
YKL192C,YPR032W,0,-5.1288543,0.13647226989269257,0.5709999799728394,0.361299991607666
YLR227W-B,YMR045C,0,-5.129018,0.13643966615200043,0.5709999799728394,0.3614000082015991
YBL011W,YER118C,0,-5.1291027,0.13640707731246948,0.5709999799728394,0.36149999499320984
YBR110W,YDR180W,0,-5.12915,0.13637448847293854,0.5709999799728394,0.36160001158714294
YMR184W,YOR151C,0,-5.1291575,0.13634192943572998,0.5709999799728394,0.36169999837875366
YNL065W,YKR046C,0,-5.12923,0.13630938529968262,0.5709999799728394,0.3617999851703644
YGR157W,YEL057C,0,-5.1292486,0.13627685606479645,0.5709999799728394,0.3619000017642975
YJR089W,YBR283C,0,-5.129287,0.13624432682991028,0.5709999799728394,0.3619999885559082
YMR319C,YHR183W,0,-5.1293,0.1362118273973465,0.5709999799728394,0.3621000051498413
YGL116W,YKL086W,0,-5.129337,0.1361793428659439,0.5709999799728394,0.362199991941452
YDR263C,YML023C,0,-5.1293902,0.13614687323570251,0.5709999799728394,0.36230000853538513
YGR060W,YMR263W,0,-5.129473,0.13611441850662231,0.5709999799728394,0.36239999532699585
YJL018W,YML065W,0,-5.1295695,0.1360819786787033,0.5709999799728394,0.36250001192092896
YBR039W,YKL035W,0,-5.1295857,0.1360495537519455,0.5709999799728394,0.3625999987125397
YML058W,YDR470C,1,-5.129591,0.13625535368919373,0.5720000267028809,0.3625999987125397
YOR109W,YIL066C,0,-5.129665,0.13622291386127472,0.5720000267028809,0.3626999855041504
YHL031C,YDL055C,0,-5.12971,0.1361904740333557,0.5720000267028809,0.3628000020980835
YOR036W,YKL140W,0,-5.1297445,0.1361580640077591,0.5720000267028809,0.3628999888896942
YAL020C,YDL060W,0,-5.1298394,0.13612565398216248,0.5720000267028809,0.3630000054836273
YOR281C,YDR243C,0,-5.1298766,0.13609327375888824,0.5720000267028809,0.36309999227523804
YGR092W,YLL012W,0,-5.129883,0.136060893535614,0.5720000267028809,0.36320000886917114
YOR033C,YLR067C,0,-5.1298833,0.13602854311466217,0.5720000267028809,0.36329999566078186
YJR090C,YLR005W,0,-5.130124,0.13599619269371033,0.5720000267028809,0.36340001225471497
YPL255W,YPL130W,0,-5.1301303,0.13596387207508087,0.5720000267028809,0.3634999990463257
YMR168C,YMR142C,0,-5.130236,0.1359315663576126,0.5720000267028809,0.3635999858379364
YLR047C,YMR044W,0,-5.1302686,0.13589926064014435,0.5720000267028809,0.3637000024318695
YLR391W-A,YLR138W,0,-5.1304607,0.13586698472499847,0.5720000267028809,0.3637999892234802
YML085C,YLR396C,0,-5.1306,0.1358347237110138,0.5720000267028809,0.36390000581741333
YJR090C,YCL003W,0,-5.1306024,0.1358024626970291,0.5720000267028809,0.36399999260902405
YIL095W,YOR172W,0,-5.1308203,0.13577023148536682,0.5720000267028809,0.36410000920295715
YLR319C,YDR517W,0,-5.130969,0.13573801517486572,0.5720000267028809,0.36419999599456787
YJR153W,YER138C,0,-5.130983,0.13570581376552582,0.5720000267028809,0.364300012588501
YDR272W,YDR078C,0,-5.131026,0.1356736272573471,0.5720000267028809,0.3643999993801117
YEL017C-A,YPL012W,0,-5.131166,0.1356414556503296,0.5720000267028809,0.3644999861717224
YHL025W,YOR148C,0,-5.131216,0.13560929894447327,0.5720000267028809,0.3646000027656555
YCR098C,YGL255W,0,-5.131432,0.13557715713977814,0.5720000267028809,0.36469998955726624
YLR246W,YKL045W,0,-5.13146,0.1355450302362442,0.5720000267028809,0.36480000615119934
YNR035C,YDR258C,1,-5.131514,0.13574981689453125,0.5730000138282776,0.36480000615119934
YOR326W,YFL036W,1,-5.1316676,0.13595452904701233,0.5740000009536743,0.36480000615119934
YMR208W,YBR165W,0,-5.131771,0.13592232763767242,0.5740000009536743,0.36489999294281006
YLR190W,YJR120W,1,-5.1321254,0.13612689077854156,0.574999988079071,0.36489999294281006
YPL022W,YMR214W,0,-5.132262,0.13609467446804047,0.574999988079071,0.36500000953674316
YPL125W,YDL020C,0,-5.1324916,0.13606247305870056,0.574999988079071,0.3650999963283539
YBR212W,YJL054W,1,-5.132684,0.13626685738563538,0.5759999752044678,0.3650999963283539
YGL073W,YDL244W,0,-5.1327486,0.13623462617397308,0.5759999752044678,0.365200012922287
YNR074C,YJL092W,0,-5.1328206,0.13620240986347198,0.5759999752044678,0.3652999997138977
YOR160W,YJL173C,0,-5.1328373,0.13617020845413208,0.5759999752044678,0.3653999865055084
YIL062C,YHR005C-A,1,-5.1329226,0.13637438416481018,0.5770000219345093,0.3653999865055084
YPR171W,YEL026W,0,-5.133027,0.1363421529531479,0.5770000219345093,0.36550000309944153
YOR038C,YKL193C,0,-5.1330686,0.13630995154380798,0.5770000219345093,0.36559998989105225
YLR418C,YPR073C,0,-5.133099,0.13627775013446808,0.5770000219345093,0.36570000648498535
YOL130W,YOL148C,0,-5.1331234,0.13624557852745056,0.5770000219345093,0.36579999327659607
YER164W,YMR153W,0,-5.133145,0.13621340692043304,0.5770000219345093,0.3659000098705292
YLR060W,YER072W,0,-5.133188,0.13618126511573792,0.5770000219345093,0.3659999966621399
YNR074C,YBR211C,0,-5.1332965,0.13614912331104279,0.5770000219345093,0.366100013256073
YJL014W,YOL146W,0,-5.133304,0.13611701130867004,0.5770000219345093,0.3662000000476837
YML036W,YDR260C,0,-5.133664,0.1360848993062973,0.5770000219345093,0.36629998683929443
YGR147C,YBR024W,0,-5.133718,0.13605281710624695,0.5770000219345093,0.36640000343322754
YOR322C,YGR229C,0,-5.1337223,0.1360207498073578,0.5770000219345093,0.36649999022483826
YGR003W,YER108C,0,-5.1337476,0.13598868250846863,0.5770000219345093,0.36660000681877136
YLR256W,YJL109C,0,-5.1339145,0.13595664501190186,0.5770000219345093,0.3666999936103821
YPL093W,YJR046W,0,-5.1339383,0.13592462241649628,0.5770000219345093,0.3668000102043152
YDR118W,YNL313C,0,-5.1339397,0.1358925998210907,0.5770000219345093,0.3668999969959259
YLR103C,YDR372C,0,-5.1340218,0.1358606070280075,0.5770000219345093,0.367000013589859
YDL078C,YIR017C,0,-5.1340466,0.1358286291360855,0.5770000219345093,0.3671000003814697
YDR337W,YGR089W,0,-5.1341434,0.1357966512441635,0.5770000219345093,0.36719998717308044
YGL039W,YNL313C,0,-5.1341887,0.1357647031545639,0.5770000219345093,0.36730000376701355
YLR129W,YDR461W,0,-5.1342387,0.1357327699661255,0.5770000219345093,0.36739999055862427
YGL090W,YER018C,0,-5.1344204,0.13570085167884827,0.5770000219345093,0.3675000071525574
YNL233W,YHR193C,0,-5.1345096,0.13566893339157104,0.5770000219345093,0.3675999939441681
YOL049W,YBR037C,0,-5.1345797,0.1356370449066162,0.5770000219345093,0.3677000105381012
YFL035C-A,YNL119W,0,-5.134682,0.13560517132282257,0.5770000219345093,0.3677999973297119
YBR211C,YDR385W,0,-5.1349597,0.13557331264019012,0.5770000219345093,0.367900013923645
YPR070W,YGR132C,0,-5.135019,0.13554145395755768,0.5770000219345093,0.36800000071525574
YDR182W,YBL075C,0,-5.1352744,0.13550962507724762,0.5770000219345093,0.36809998750686646
YDR140W,YGR085C,0,-5.135289,0.13547781109809875,0.5770000219345093,0.36820000410079956
YFL036W,YMR241W,1,-5.1355147,0.13568075001239777,0.578000009059906,0.36820000410079956
YLR321C,YBL100W-B,0,-5.1360197,0.1356489062309265,0.578000009059906,0.3682999908924103
YDR439W,YOR367W,0,-5.136034,0.13561707735061646,0.578000009059906,0.3684000074863434
YBL084C,YPR081C,0,-5.1360574,0.1355852633714676,0.578000009059906,0.3684999942779541
YCR026C,YCL010C,0,-5.136296,0.13555346429347992,0.578000009059906,0.3686000108718872
YML130C,YPL091W,0,-5.1365266,0.13552169501781464,0.578000009059906,0.3686999976634979
YPR006C,YBR024W,0,-5.1365533,0.13548992574214935,0.578000009059906,0.36880001425743103
YLR220W,YAL041W,0,-5.1366115,0.13545817136764526,0.578000009059906,0.36890000104904175
YCR047C,YGL210W,0,-5.136873,0.13542643189430237,0.578000009059906,0.36899998784065247
YPL244C,YKL038W,0,-5.1369987,0.13539470732212067,0.578000009059906,0.36910000443458557
YJR053W,YLR079W,0,-5.1370378,0.13536299765110016,0.578000009059906,0.3691999912261963
YNL001W,YDR103W,0,-5.137257,0.13533130288124084,0.578000009059906,0.3693000078201294
YER155C,YGL054C,0,-5.137321,0.13529962301254272,0.578000009059906,0.3693999946117401
YOL095C,YML058W,1,-5.137429,0.13550199568271637,0.5789999961853027,0.3693999946117401
YNL222W,YNL045W,0,-5.1375084,0.13547028601169586,0.5789999961853027,0.3695000112056732
YKR083C,YNL153C,0,-5.137634,0.13543859124183655,0.5789999961853027,0.36959999799728394
YER116C,YLL040C,0,-5.1377063,0.13540692627429962,0.5789999961853027,0.36970001459121704
YLL001W,YNL213C,1,-5.1377215,0.13560907542705536,0.5799999833106995,0.36970001459121704
YLR220W,YGR167W,0,-5.1377854,0.13557736575603485,0.5799999833106995,0.36980000138282776
YPL076W,YDR092W,0,-5.1377983,0.13554568588733673,0.5799999833106995,0.3698999881744385
YKR087C,YPR198W,0,-5.1380706,0.1355140209197998,0.5799999833106995,0.3700000047683716
YIL049W,YDL095W,0,-5.138141,0.13548237085342407,0.5799999833106995,0.3700999915599823
YPL228W,YKR052C,0,-5.138292,0.13545072078704834,0.5799999833106995,0.3702000081539154
YGL051W,YDR201W,0,-5.138339,0.135419100522995,0.5799999833106995,0.3702999949455261
YPL119C,YLL061W,0,-5.138355,0.13538749516010284,0.5799999833106995,0.37040001153945923
YLR433C,YNL127W,0,-5.13864,0.1353558897972107,0.5799999833106995,0.37049999833106995
YBR185C,YBR192W,1,-5.13893,0.1355576366186142,0.5809999704360962,0.37049999833106995
YDR214W,YML021C,0,-5.1389475,0.13552600145339966,0.5809999704360962,0.37059998512268066
YIL109C,YLR132C,0,-5.139346,0.1354943960905075,0.5809999704360962,0.37070000171661377
YNL008C,YJL104W,0,-5.139569,0.13546280562877655,0.5809999704360962,0.3707999885082245
YJR033C,YLR130C,0,-5.13961,0.1354312300682068,0.5809999704360962,0.3709000051021576
YNL053W,YHL012W,0,-5.139704,0.13539966940879822,0.5809999704360962,0.3709999918937683
YMR287C,YBR058C,0,-5.1397357,0.13536812365055084,0.5809999704360962,0.3711000084877014
YPL147W,YMR175W,0,-5.140135,0.13533659279346466,0.5809999704360962,0.37119999527931213
YDL004W,YCR102C,0,-5.1401772,0.13530507683753967,0.5809999704360962,0.37130001187324524
YDL232W,YJL029C,0,-5.1402473,0.13527357578277588,0.5809999704360962,0.37139999866485596
YNL037C,YBR022W,0,-5.1403017,0.13524208962917328,0.5809999704360962,0.3714999854564667
YML130C,YCR062W,0,-5.140387,0.13521061837673187,0.5809999704360962,0.3716000020503998
YBR186W,YDL130W,0,-5.1405234,0.13517914712429047,0.5809999704360962,0.3716999888420105
YOR174W,YPR182W,0,-5.1406302,0.13514770567417145,0.5809999704360962,0.3718000054359436
YHR005C-A,YMR060C,1,-5.1406307,0.135348841547966,0.5820000171661377,0.3718000054359436
YMR140W,YML040W,0,-5.1406617,0.1353173702955246,0.5820000171661377,0.3718999922275543
YDR055W,YDR092W,0,-5.140823,0.13528591394424438,0.5820000171661377,0.3720000088214874
YJL194W,YBR168W,0,-5.1409144,0.13525447249412537,0.5820000171661377,0.37209999561309814
YML130C,YOL066C,0,-5.1409907,0.13522304594516754,0.5820000171661377,0.37220001220703125
YDR255C,YDR131C,0,-5.141019,0.1351916342973709,0.5820000171661377,0.37229999899864197
YOR003W,YJR141W,0,-5.141073,0.13516023755073547,0.5820000171661377,0.3723999857902527
YPL100W,YKR062W,0,-5.1410875,0.13512885570526123,0.5820000171661377,0.3725000023841858
YGL087C,YML011C,0,-5.141102,0.13509748876094818,0.5820000171661377,0.3725999891757965
YDL207W,YBR100W,0,-5.1411614,0.13506613671779633,0.5820000171661377,0.3727000057697296
YLR117C,YGR074W,0,-5.1411633,0.13503479957580566,0.5820000171661377,0.37279999256134033
YIL073C,YGR209C,0,-5.1413636,0.1350034773349762,0.5820000171661377,0.37290000915527344
YDR258C,YPL098C,1,-5.14153,0.13520407676696777,0.5830000042915344,0.37290000915527344
YMR302C,YNL304W,1,-5.141554,0.1354045867919922,0.5839999914169312,0.37290000915527344
YAL012W,YGL178W,0,-5.141831,0.13537320494651794,0.5839999914169312,0.37299999594688416
YER015W,YBR107C,0,-5.1418576,0.1353418380022049,0.5839999914169312,0.37310001254081726
YJR140C,YGL090W,0,-5.1419053,0.13531047105789185,0.5839999914169312,0.373199999332428
YGL246C,YGL210W,0,-5.1419945,0.13527913391590118,0.5839999914169312,0.3732999861240387
YBL005W,YLR066W,0,-5.1421275,0.13524779677391052,0.5839999914169312,0.3734000027179718
YEL019C,YBL017C,0,-5.142141,0.13521648943424225,0.5839999914169312,0.3734999895095825
YPL026C,YMR088C,0,-5.1422186,0.13518518209457397,0.5839999914169312,0.3736000061035156
YOL139C,YAL023C,0,-5.142244,0.1351539045572281,0.5839999914169312,0.37369999289512634
YIL112W,YOL115W,0,-5.142265,0.1351226270198822,0.5839999914169312,0.37380000948905945
YBR012W-A,YGR042W,0,-5.142551,0.1350913643836975,0.5839999914169312,0.37389999628067017
YDR147W,YPR103W,0,-5.1426373,0.1350601315498352,0.5839999914169312,0.37400001287460327
YNR067C,YHR133C,0,-5.1426816,0.1350288987159729,0.5839999914169312,0.374099999666214
YEL003W,YER020W,0,-5.142856,0.13499769568443298,0.5839999914169312,0.3741999864578247
YJR064W,YGL236C,0,-5.1429,0.13496649265289307,0.5839999914169312,0.3743000030517578
YIL048W,YDR172W,0,-5.1429043,0.13493530452251434,0.5839999914169312,0.37439998984336853
YPL047W,YOL031C,0,-5.1430707,0.13490413129329681,0.5839999914169312,0.37450000643730164
YGL019W,YLL002W,0,-5.143121,0.13487297296524048,0.5839999914169312,0.37459999322891235
YNL153C,YJL034W,0,-5.143177,0.13484184443950653,0.5839999914169312,0.37470000982284546
YJL090C,YKL166C,0,-5.1431956,0.13481071591377258,0.5839999914169312,0.3747999966144562
YOR037W,YPR024W,1,-5.1432395,0.13501039147377014,0.5849999785423279,0.3747999966144562
YBL014C,YDL033C,0,-5.143272,0.1349792331457138,0.5849999785423279,0.3749000132083893
YNR044W,YPR103W,0,-5.143309,0.13494808971881866,0.5849999785423279,0.375
YGR167W,YDR228C,0,-5.1433396,0.1349169760942459,0.5849999785423279,0.3750999867916107
YDR158W,YGL136C,0,-5.1434617,0.13488586246967316,0.5849999785423279,0.3752000033855438
YGL104C,YJR029W,0,-5.1435885,0.1348547786474228,0.5849999785423279,0.37529999017715454
YOR240W,YDL226C,0,-5.143624,0.13482369482517242,0.5849999785423279,0.37540000677108765
YDL008W,YGR185C,0,-5.1436925,0.13479262590408325,0.5849999785423279,0.37549999356269836
YJR105W,YMR088C,0,-5.1437564,0.13476157188415527,0.5849999785423279,0.37560001015663147
YLR242C,YNL045W,0,-5.1437736,0.1347305327653885,0.5849999785423279,0.3756999969482422
YGL163C,YER019C-A,0,-5.1437893,0.1346995234489441,0.5849999785423279,0.3758000135421753
YDR281C,YDR416W,0,-5.1437907,0.1346685141324997,0.5849999785423279,0.375900000333786
YOR221C,YEL031W,0,-5.1438174,0.1346375197172165,0.5849999785423279,0.37599998712539673
YDR309C,YOR036W,0,-5.1439157,0.13460654020309448,0.5849999785423279,0.37610000371932983
YFL024C,YNL307C,0,-5.1439238,0.13457557559013367,0.5849999785423279,0.37619999051094055
YJR139C,YGR288W,0,-5.1440005,0.13454461097717285,0.5849999785423279,0.37630000710487366
YDR461W,YCL062W,0,-5.1440887,0.13451367616653442,0.5849999785423279,0.3763999938964844
YCR005C,YOL038W,0,-5.1441464,0.1344827562570572,0.5849999785423279,0.3765000104904175
YLR060W,YFL003C,0,-5.144217,0.13445185124874115,0.5849999785423279,0.3765999972820282
YOR244W,YKL144C,0,-5.14432,0.1344209611415863,0.5849999785423279,0.3767000138759613
YKR007W,YKL018W,0,-5.144831,0.13439007103443146,0.5849999785423279,0.376800000667572
YDL085W,YML038C,0,-5.144941,0.134359210729599,0.5849999785423279,0.37689998745918274
YPR020W,YCL014W,0,-5.1451283,0.13432836532592773,0.5849999785423279,0.37700000405311584
YCL016C,YPL125W,0,-5.1452284,0.13429751992225647,0.5849999785423279,0.37709999084472656
YJR140C,YHR160C,0,-5.1453223,0.1342667043209076,0.5849999785423279,0.37720000743865967
YDR110W,YLR265C,0,-5.145512,0.13423588871955872,0.5849999785423279,0.3772999942302704
YBR244W,YIL143C,0,-5.1456356,0.13420508801937103,0.5849999785423279,0.3774000108242035
YER044C-A,YMR322C,0,-5.145644,0.13417431712150574,0.5849999785423279,0.3774999976158142
YOL126C,YFR052W,0,-5.145779,0.13414354622364044,0.5849999785423279,0.3776000142097473
YLR115W,YGL104C,0,-5.1458354,0.13411279022693634,0.5849999785423279,0.37770000100135803
YBR065C,YBR210W,0,-5.146009,0.13408204913139343,0.5849999785423279,0.37779998779296875
YLL001W,YML061C,1,-5.1460824,0.1342804729938507,0.5860000252723694,0.37779998779296875
YCL014W,YDL166C,0,-5.1461663,0.1342497169971466,0.5860000252723694,0.37790000438690186
YNR027W,YMR077C,0,-5.1461864,0.1342189610004425,0.5860000252723694,0.3779999911785126
YLR088W,YCL003W,0,-5.1461916,0.1341882348060608,0.5860000252723694,0.3781000077724457
YMR312W,YER107C,0,-5.146275,0.13415750861167908,0.5860000252723694,0.3781999945640564
YLR433C,YFL060C,0,-5.146378,0.13412679731845856,0.5860000252723694,0.3783000111579895
YML129C,YBR129C,0,-5.1464286,0.13409611582756042,0.5860000252723694,0.3783999979496002
YMR186W,YGL145W,0,-5.146562,0.1340654343366623,0.5860000252723694,0.3785000145435333
YLR100W,YOR353C,0,-5.146607,0.13403476774692535,0.5860000252723694,0.37860000133514404
YDR202C,YJL056C,0,-5.1467814,0.1340041160583496,0.5860000252723694,0.37869998812675476
YGL033W,YKR053C,0,-5.1469483,0.13397347927093506,0.5860000252723694,0.37880000472068787
YNL121C,YJR120W,1,-5.1470485,0.13417142629623413,0.5870000123977661,0.37880000472068787
YGL075C,YBR265W,0,-5.147079,0.1341407746076584,0.5870000123977661,0.3788999915122986
YLR342W,YER031C,0,-5.1470995,0.13411012291908264,0.5870000123977661,0.3790000081062317
YGL192W,YML027W,0,-5.1472297,0.1340794861316681,0.5870000123977661,0.3790999948978424
YCL044C,YDR296W,1,-5.147323,0.13427723944187164,0.5879999995231628,0.3790999948978424
YIL149C,YLR035C-A,0,-5.1473584,0.1342465728521347,0.5879999995231628,0.3792000114917755
YJL056C,YKL070W,0,-5.147597,0.13421593606472015,0.5879999995231628,0.37929999828338623
YDR141C,YDR130C,0,-5.147661,0.1341852992773056,0.5879999995231628,0.37940001487731934
YNL029C,YDR205W,0,-5.147797,0.13415469229221344,0.5879999995231628,0.37950000166893005
YBL080C,YNL149C,1,-5.1478558,0.1343521922826767,0.5889999866485596,0.37950000166893005
YLR035C,YDL138W,0,-5.1480403,0.13432155549526215,0.5889999866485596,0.37959998846054077
YBL014C,YLR275W,0,-5.148112,0.1342909187078476,0.5889999866485596,0.3797000050544739
YCR038C,YJR077C,0,-5.148196,0.13426031172275543,0.5889999866485596,0.3797999918460846
YNL079C,YMR134W,1,-5.1482,0.13445761799812317,0.5899999737739563,0.3797999918460846
YDL022W,YMR150C,0,-5.1483064,0.13442698121070862,0.5899999737739563,0.3799000084400177
YIL066C,YPL124W,0,-5.1483865,0.13439635932445526,0.5899999737739563,0.3799999952316284
YDL029W,YPL098C,1,-5.148401,0.13459348678588867,0.5910000205039978,0.3799999952316284
YHR014W,YGL095C,0,-5.1485343,0.13456283509731293,0.5910000205039978,0.3801000118255615
YDR182W,YHL027W,0,-5.1486297,0.13453221321105957,0.5910000205039978,0.38019999861717224
YGL006W,YPL007C,0,-5.1487703,0.1345015913248062,0.5910000205039978,0.38029998540878296
YHR011W,YBL105C,0,-5.148774,0.13447098433971405,0.5910000205039978,0.38040000200271606
YDL207W,YOR142W,0,-5.14882,0.13444040715694427,0.5910000205039978,0.3804999887943268
YDR470C,YJR120W,1,-5.148865,0.134637251496315,0.5920000076293945,0.3804999887943268
YOR094W,YLR455W,0,-5.148883,0.13460664451122284,0.5920000076293945,0.3806000053882599
YGL038C,YDL093W,0,-5.148928,0.13457603752613068,0.5920000076293945,0.3806999921798706
YPL270W,YBR276C,0,-5.1489863,0.1345454603433609,0.5920000076293945,0.3808000087738037
YCR082W,YGL163C,0,-5.149076,0.13451488316059113,0.5920000076293945,0.38089999556541443
YDR046C,YNL167C,0,-5.149119,0.13448432087898254,0.5920000076293945,0.38100001215934753
YDR480W,YBR210W,0,-5.149218,0.13445378839969635,0.5920000076293945,0.38109999895095825
YNL251C,YAL023C,0,-5.1493487,0.13442325592041016,0.5920000076293945,0.38119998574256897
YKL205W,YOR151C,0,-5.1493998,0.13439273834228516,0.5920000076293945,0.3813000023365021
YMR004W,YDR092W,0,-5.149464,0.13436223566532135,0.5920000076293945,0.3813999891281128
YCR020C,YLL013C,1,-5.149486,0.13455866277217865,0.5929999947547913,0.3813999891281128
YJR065C,YNL149C,1,-5.149529,0.1347549855709076,0.593999981880188,0.3813999891281128
YCR088W,YGR252W,0,-5.149552,0.134724423289299,0.593999981880188,0.3815000057220459
YGR284C,YBR017C,0,-5.1495595,0.13469387590885162,0.593999981880188,0.3815999925136566
YGL043W,YOR229W,0,-5.149707,0.13466334342956543,0.593999981880188,0.3817000091075897
YLR115W,YGL070C,0,-5.1497493,0.13463282585144043,0.593999981880188,0.38179999589920044
YOR023C,YGL087C,0,-5.1498466,0.13460230827331543,0.593999981880188,0.38190001249313354
YDL134C,YPL147W,0,-5.1499095,0.13457182049751282,0.593999981880188,0.38199999928474426
YLR293C,YEL050C,0,-5.150233,0.1345413327217102,0.593999981880188,0.382099986076355
YDR512C,YMR139W,0,-5.1502333,0.13451087474822998,0.593999981880188,0.3822000026702881
YGL206C,YDL225W,0,-5.1502423,0.13448041677474976,0.593999981880188,0.3822999894618988
YIL062C,YMR134W,1,-5.15058,0.13467632234096527,0.5950000286102295,0.3822999894618988
YIL124W,YDL101C,0,-5.1507587,0.13464584946632385,0.5950000286102295,0.3824000060558319
YHR129C,YDR463W,0,-5.1508145,0.13461539149284363,0.5950000286102295,0.3824999928474426
YIL079C,YGR007W,0,-5.1509557,0.1345849335193634,0.5950000286102295,0.38260000944137573
YDR284C,YDR503C,0,-5.151011,0.13455450534820557,0.5950000286102295,0.38269999623298645
YNR043W,YFR029W,0,-5.151033,0.13452407717704773,0.5950000286102295,0.38280001282691956
YJL095W,YOR142W,0,-5.1510377,0.1344936639070511,0.5950000286102295,0.3828999996185303
YNR019W,YBL071W-A,0,-5.1513224,0.13446328043937683,0.5950000286102295,0.382999986410141
YDL197C,YJL124C,0,-5.1513257,0.13443289697170258,0.5950000286102295,0.3831000030040741
YOR334W,YDR228C,0,-5.151384,0.13440252840518951,0.5950000286102295,0.3831999897956848
YGL063W,YML064C,0,-5.1514425,0.13437217473983765,0.5950000286102295,0.3833000063896179
YHR171W,YCL010C,0,-5.1515594,0.13434183597564697,0.5950000286102295,0.38339999318122864
YML113W,YER125W,0,-5.15158,0.1343115121126175,0.5950000286102295,0.38350000977516174
YNL172W,YIL103W,0,-5.151648,0.1342812031507492,0.5950000286102295,0.38359999656677246
YER027C,YBR092C,0,-5.1516857,0.13425090909004211,0.5950000286102295,0.38370001316070557
YFL008W,YLR035C-A,0,-5.1517806,0.13422061502933502,0.5950000286102295,0.3837999999523163
YPR163C,YMR210W,0,-5.151833,0.13419035077095032,0.5950000286102295,0.383899986743927
YLL038C,YMR163C,0,-5.1520076,0.1341600865125656,0.5950000286102295,0.3840000033378601
YNL001W,YER145C,0,-5.1521964,0.1341298520565033,0.5950000286102295,0.3840999901294708
YGL071W,YNL307C,0,-5.1522555,0.13409961760044098,0.5950000286102295,0.38420000672340393
YDR052C,YDL153C,0,-5.152324,0.13406939804553986,0.5950000286102295,0.38429999351501465
YLR015W,YBR012W-A,0,-5.152456,0.13403919339179993,0.5950000286102295,0.38440001010894775
YBR118W,YBR162C,0,-5.1524673,0.1340090036392212,0.5950000286102295,0.38449999690055847
YGL016W,YDL109C,0,-5.152512,0.13397882878780365,0.5950000286102295,0.3846000134944916
YGL043W,YHL002W,0,-5.152569,0.1339486688375473,0.5950000286102295,0.3847000002861023
YDR384C,YBR038W,0,-5.152605,0.13391852378845215,0.5950000286102295,0.384799987077713
YER061C,YDL212W,0,-5.1526628,0.1338883936405182,0.5950000286102295,0.3849000036716461
YOR362C,YLR337W,0,-5.1527834,0.13385826349258423,0.5950000286102295,0.38499999046325684
YGR120C,YLR254C,0,-5.1527953,0.13382816314697266,0.5950000286102295,0.38510000705718994
YDR301W,YMR025W,0,-5.152814,0.13379806280136108,0.5950000286102295,0.38519999384880066
YAL033W,YOR088W,0,-5.152931,0.1337679922580719,0.5950000286102295,0.38530001044273376
YFL048C,YLR288C,0,-5.152957,0.13373792171478271,0.5950000286102295,0.3853999972343445
YHR194W,YDR219C,1,-5.15321,0.13393259048461914,0.5960000157356262,0.3853999972343445
YGL126W,YOL028C,0,-5.153273,0.13390249013900757,0.5960000157356262,0.3855000138282776
YOR061W,YMR035W,0,-5.153674,0.13387241959571838,0.5960000157356262,0.3856000006198883
YOL009C,YMR134W,1,-5.153741,0.13406692445278168,0.597000002861023,0.3856000006198883
YIL140W,YJR089W,0,-5.1538215,0.1340368241071701,0.597000002861023,0.385699987411499
YOR061W,YPR101W,0,-5.1539035,0.13400673866271973,0.597000002861023,0.38580000400543213
YLL050C,YOR027W,0,-5.1539226,0.13397666811943054,0.597000002861023,0.38589999079704285
YPL132W,YML021C,0,-5.153988,0.13394659757614136,0.597000002861023,0.38600000739097595
YLR418C,YPL086C,0,-5.1540313,0.13391655683517456,0.597000002861023,0.38609999418258667
YDR393W,YJR120W,1,-5.154226,0.13411079347133636,0.5979999899864197,0.38609999418258667
YGL180W,YOR132W,0,-5.154283,0.13408072292804718,0.5979999899864197,0.3862000107765198
YEL018W,YMR298W,0,-5.154342,0.1340506672859192,0.5979999899864197,0.3862999975681305
YLR391W,YGR183C,0,-5.154452,0.1340206116437912,0.5979999899864197,0.3864000141620636
YHR077C,YBL106C,0,-5.15459,0.1339905858039856,0.5979999899864197,0.3865000009536743
YPR190C,YPR016C,0,-5.154613,0.1339605748653412,0.5979999899864197,0.38659998774528503
YHR011W,YIR025W,0,-5.1546445,0.13393056392669678,0.5979999899864197,0.38670000433921814
YDR118W,YHR060W,0,-5.154657,0.13390058279037476,0.5979999899864197,0.38679999113082886
YMR069W,YJL187C,0,-5.1547213,0.13387060165405273,0.5979999899864197,0.38690000772476196
YBR234C,YJR120W,1,-5.154755,0.1340644657611847,0.5989999771118164,0.38690000772476196
YML118W,YOL038W,0,-5.1547623,0.13403445482254028,0.5989999771118164,0.3869999945163727
YJR140C,YGL194C,0,-5.15484,0.13400447368621826,0.5989999771118164,0.3871000111103058
YNL256W,YLR191W,0,-5.1548905,0.13397450745105743,0.5989999771118164,0.3871999979019165
YBR161W,YGR229C,0,-5.1552205,0.1339445412158966,0.5989999771118164,0.3873000144958496
YDR211W,YDR200C,0,-5.1552377,0.13391460478305817,0.5989999771118164,0.3874000012874603
YBR171W,YDR131C,0,-5.155313,0.13388466835021973,0.5989999771118164,0.38749998807907104
YFL036W,YPR125W,1,-5.1553917,0.1340782195329666,0.6000000238418579,0.38749998807907104
YLR097C,YGL008C,0,-5.1555824,0.1340482532978058,0.6000000238418579,0.38760000467300415
YGL163C,YFL005W,0,-5.155585,0.13401831686496735,0.6000000238418579,0.38769999146461487
YIL017C,YMR045C,0,-5.1556077,0.1339883804321289,0.6000000238418579,0.387800008058548
YJR090C,YFL033C,0,-5.1560283,0.13395847380161285,0.6000000238418579,0.3878999948501587
YPR200C,YBR296C,0,-5.1560745,0.1339285671710968,0.6000000238418579,0.3880000114440918
YLR376C,YMR088C,0,-5.156302,0.13389869034290314,0.6000000238418579,0.3880999982357025
YDR308C,YDR325W,0,-5.1563964,0.13386881351470947,0.6000000238418579,0.3882000148296356
YGR092W,YOR226C,0,-5.156439,0.133838951587677,0.6000000238418579,0.38830000162124634
YLR189C,YDL108W,0,-5.15645,0.13380910456180573,0.6000000238418579,0.38839998841285706
YHR072W,YNL163C,0,-5.1564927,0.13377925753593445,0.6000000238418579,0.38850000500679016
YGR169C,YLR263W,0,-5.1565423,0.13374944031238556,0.6000000238418579,0.3885999917984009
YJR060W,YDR435C,0,-5.1566463,0.13371963798999786,0.6000000238418579,0.388700008392334
YOR142W,YJR004C,0,-5.156753,0.13368983566761017,0.6000000238418579,0.3887999951839447
YNL312W,YGL135W,0,-5.1567907,0.13366006314754486,0.6000000238418579,0.3889000117778778
YLR092W,YPL129W,0,-5.156841,0.13363029062747955,0.6000000238418579,0.3889999985694885
YER026C,YMR234W,0,-5.157158,0.13360053300857544,0.6000000238418579,0.38909998536109924
YOR316C,YER020W,0,-5.1572185,0.13357079029083252,0.6000000238418579,0.38920000195503235
YFL017W-A,YOR256C,0,-5.1572833,0.1335410624742508,0.6000000238418579,0.38929998874664307
YOL001W,YDR451C,0,-5.1574855,0.13351134955883026,0.6000000238418579,0.38940000534057617
YOL095C,YDR219C,1,-5.1576834,0.13370411098003387,0.6010000109672546,0.38940000534057617
YDR191W,YGR170W,0,-5.157695,0.13367438316345215,0.6010000109672546,0.3894999921321869
YBL058W,YJR019C,0,-5.1577086,0.13364465534687042,0.6010000109672546,0.38960000872612
YDR516C,YFL004W,0,-5.157717,0.1336149424314499,0.6010000109672546,0.3896999955177307
YOR181W,YDR243C,0,-5.1577296,0.13358524441719055,0.6010000109672546,0.3898000121116638
YKL192C,YPR138C,0,-5.1581187,0.1335555613040924,0.6010000109672546,0.38989999890327454
YGL003C,YOR191W,0,-5.158168,0.13352587819099426,0.6010000109672546,0.38999998569488525
YER119C,YJL029C,0,-5.1582484,0.1334962248802185,0.6010000109672546,0.39010000228881836
YBR145W,YMR319C,0,-5.1582675,0.13346657156944275,0.6010000109672546,0.3901999890804291
YCL024W,YNL311C,0,-5.1582856,0.13343694806098938,0.6010000109672546,0.3903000056743622
YBR234C,YNL213C,1,-5.158379,0.13362930715084076,0.6019999980926514,0.3903000056743622
YBL032W,YOR004W,0,-5.1584077,0.1335996389389038,0.6019999980926514,0.3903999924659729
YOR178C,YHR160C,0,-5.158431,0.13357000052928925,0.6019999980926514,0.390500009059906
YER087C-B,YAL001C,0,-5.1585097,0.13354037702083588,0.6019999980926514,0.3905999958515167
YDR268W,YGL249W,0,-5.1585608,0.1335107535123825,0.6019999980926514,0.39070001244544983
YML043C,YGR241C,0,-5.1586175,0.13348115980625153,0.6019999980926514,0.39079999923706055
YBL013W,YCR106W,0,-5.1590905,0.13345156610012054,0.6019999980926514,0.39089998602867126
YPL028W,YDR288W,0,-5.1591406,0.13342198729515076,0.6019999980926514,0.39100000262260437
YBR186W,YDL216C,0,-5.1593375,0.13339242339134216,0.6019999980926514,0.3910999894142151
YGL054C,YOR038C,0,-5.159549,0.13336287438869476,0.6019999980926514,0.3912000060081482
YOR040W,YBL011W,0,-5.1595654,0.13333334028720856,0.6019999980926514,0.3912999927997589
YDR309C,YDL216C,0,-5.1596293,0.13330380618572235,0.6019999980926514,0.391400009393692
YOR207C,YDR532C,0,-5.159739,0.13327430188655853,0.6019999980926514,0.39149999618530273
YLR219W,YGR129W,0,-5.1598473,0.13324479758739471,0.6019999980926514,0.39160001277923584
YBR245C,YPL175W,0,-5.1599016,0.1332153081893921,0.6019999980926514,0.39169999957084656
YGL053W,YAL030W,0,-5.160029,0.13318583369255066,0.6019999980926514,0.3917999863624573
YGR246C,YMR235C,0,-5.1601434,0.13315637409687042,0.6019999980926514,0.3919000029563904
YMR177W,YNL263C,0,-5.1602263,0.13312692940235138,0.6019999980926514,0.3919999897480011
YOR322C,YOL042W,0,-5.160255,0.13309749960899353,0.6019999980926514,0.3921000063419342
YPL163C,YNL154C,0,-5.1603847,0.13306808471679688,0.6019999980926514,0.3921999931335449
YMR091C,YPL133C,0,-5.1604056,0.13303866982460022,0.6019999980926514,0.392300009727478
YDR376W,YLR346C,0,-5.160461,0.13300928473472595,0.6019999980926514,0.39239999651908875
YBR290W,YPL248C,0,-5.1610894,0.13297989964485168,0.6019999980926514,0.39250001311302185
YGL061C,YLR079W,0,-5.1612496,0.1329505294561386,0.6019999980926514,0.39259999990463257
YNL149C,YNL213C,1,-5.1613894,0.13314197957515717,0.6029999852180481,0.39259999990463257
YML071C,YHL027W,0,-5.161479,0.1331125795841217,0.6029999852180481,0.3926999866962433
YNL021W,YPL208W,0,-5.161595,0.13308320939540863,0.6029999852180481,0.3928000032901764
YBR212W,YNL213C,1,-5.161608,0.13327449560165405,0.6039999723434448,0.3928000032901764
YKL135C,YPL212C,0,-5.161641,0.1332450956106186,0.6039999723434448,0.3928999900817871
YJR053W,YLR435W,0,-5.1616454,0.13321571052074432,0.6039999723434448,0.3930000066757202
YGL086W,YBR080C,0,-5.1616817,0.13318632543087006,0.6039999723434448,0.39309999346733093
YHR011W,YPR052C,0,-5.161737,0.13315697014331818,0.6039999723434448,0.39320001006126404
YER116C,YDL159W,0,-5.1617384,0.1331276148557663,0.6039999723434448,0.39329999685287476
YLR355C,YPR131C,1,-5.1618752,0.13331864774227142,0.6050000190734863,0.39329999685287476
YGR258C,YIL144W,0,-5.161933,0.13328927755355835,0.6050000190734863,0.39340001344680786
YKL193C,YLR034C,0,-5.16198,0.13325990736484528,0.6050000190734863,0.3935000002384186
YCR020C-A,YJR126C,0,-5.162205,0.1332305669784546,0.6050000190734863,0.3935999870300293
YML005W,YDR495C,0,-5.1622767,0.1332012265920639,0.6050000190734863,0.3937000036239624
YML048W,YGR122W,0,-5.162306,0.1331719160079956,0.6050000190734863,0.3937999904155731
YOR329C,YHL007C,0,-5.162336,0.1331426054239273,0.6050000190734863,0.3939000070095062
YNL293W,YBL011W,0,-5.162452,0.1331133097410202,0.6050000190734863,0.39399999380111694
YER014C-A,YPL037C,0,-5.1624694,0.1330840289592743,0.6050000190734863,0.39410001039505005
YHR030C,YCL075W,0,-5.1624985,0.13305476307868958,0.6050000190734863,0.39419999718666077
YGL183C,YIL139C,0,-5.1625724,0.13302551209926605,0.6050000190734863,0.39430001378059387
YDL236W,YER151C,0,-5.1626525,0.13299626111984253,0.6050000190734863,0.3944000005722046
YMR042W,YPL174C,0,-5.162716,0.1329670399427414,0.6050000190734863,0.3944999873638153
YMR276W,YKL064W,0,-5.162819,0.13293781876564026,0.6050000190734863,0.3946000039577484
YGR038W,YLR383W,0,-5.1628366,0.13290861248970032,0.6050000190734863,0.39469999074935913
YBR233W-A,YNR013C,0,-5.1629887,0.13287942111492157,0.6050000190734863,0.39480000734329224
YDR293C,YDR365W-A,0,-5.1632247,0.13285024464130402,0.6050000190734863,0.39489999413490295
YDR434W,YFR055W,0,-5.1633334,0.13282108306884766,0.6050000190734863,0.39500001072883606
YNL138W,YJL187C,0,-5.163519,0.1327919214963913,0.6050000190734863,0.3950999975204468
YKL093W,YPL083C,0,-5.163576,0.13276278972625732,0.6050000190734863,0.3952000141143799
YDL017W,YPR033C,0,-5.163595,0.13273365795612335,0.6050000190734863,0.3953000009059906
YHR068W,YOL004W,0,-5.1637473,0.13270454108715057,0.6050000190734863,0.3953999876976013
YGL055W,YGR101W,1,-5.163854,0.13289473950862885,0.6060000061988831,0.3953999876976013
YOR209C,YER006W,0,-5.163874,0.13286559283733368,0.6060000061988831,0.3955000042915344
YDR470C,YPR125W,1,-5.1638913,0.1330556720495224,0.6069999933242798,0.3955000042915344
YER183C,YLR016C,0,-5.163899,0.13302651047706604,0.6069999933242798,0.39559999108314514
YJR135W-A,YNL213C,1,-5.163958,0.1332164704799652,0.6079999804496765,0.39559999108314514
YBL035C,YLR403W,0,-5.164216,0.13318729400634766,0.6079999804496765,0.39570000767707825
YIR002C,YNL091W,0,-5.1643662,0.1331581324338913,0.6079999804496765,0.39579999446868896
YBR211C,YLR079W,0,-5.1644006,0.13312897086143494,0.6079999804496765,0.39590001106262207
YDR093W,YFL013C,0,-5.1644626,0.13309982419013977,0.6079999804496765,0.3959999978542328
YLR256W,YNL064C,0,-5.1644783,0.1330706924200058,0.6079999804496765,0.3961000144481659
YLL006W,YGR144W,1,-5.1645937,0.13326039910316467,0.609000027179718,0.3961000144481659
YNL251C,YIL105C,0,-5.1646,0.1332312375307083,0.609000027179718,0.3962000012397766
YMR322C,YJL113W,0,-5.1648765,0.13320210576057434,0.609000027179718,0.39629998803138733
YMR146C,YLR043C,0,-5.1649323,0.13317297399044037,0.609000027179718,0.39640000462532043
YBR086C,YDR210W-B,0,-5.164948,0.1331438571214676,0.609000027179718,0.39649999141693115
YDR337W,YCR035C,0,-5.164992,0.133114755153656,0.609000027179718,0.39660000801086426
YKL170W,YJL113W,0,-5.1650996,0.13308566808700562,0.609000027179718,0.396699994802475
YGR014W,YCR027C,0,-5.165104,0.13305658102035522,0.609000027179718,0.3968000113964081
YPR187W,YGL039W,0,-5.1651273,0.13302752375602722,0.609000027179718,0.3968999981880188
YBR043C,YOR151C,0,-5.165223,0.13299846649169922,0.609000027179718,0.3970000147819519
YJL176C,YML039W,0,-5.1652837,0.1329694390296936,0.609000027179718,0.3971000015735626
YKL093W,YCL032W,0,-5.165343,0.132940411567688,0.609000027179718,0.39719998836517334
YKL166C,YKL075C,0,-5.165344,0.13291139900684357,0.609000027179718,0.39730000495910645
YKL055C,YGR042W,0,-5.165347,0.13288238644599915,0.609000027179718,0.39739999175071716
YML055W,YML027W,0,-5.1654224,0.1328534036874771,0.609000027179718,0.39750000834465027
YLR433C,YOL090W,0,-5.1655817,0.13282442092895508,0.609000027179718,0.397599995136261
YFL039C,YPR131C,1,-5.1656895,0.133013516664505,0.6100000143051147,0.397599995136261
YEL003W,YGL245W,0,-5.165769,0.13298451900482178,0.6100000143051147,0.3977000117301941
YMR219W,YBL016W,0,-5.1661353,0.13295553624629974,0.6100000143051147,0.3977999985218048
YJR119C,YKL040C,0,-5.1663876,0.1329265683889389,0.6100000143051147,0.3978999853134155
YPL096W,YML124C,0,-5.166471,0.13289760053157806,0.6100000143051147,0.39800000190734863
YNL317W,YMR139W,0,-5.166502,0.1328686624765396,0.6100000143051147,0.39809998869895935
YGL219C,YCR020C,1,-5.1665425,0.13305748999118805,0.6110000014305115,0.39809998869895935
YOL078W,YCL001W,0,-5.1665688,0.1330285221338272,0.6110000014305115,0.39820000529289246
YCR038C,YGR112W,0,-5.1666217,0.13299956917762756,0.6110000014305115,0.3982999920845032
YDL044C,YDL111C,0,-5.166657,0.13297061622142792,0.6110000014305115,0.3984000086784363
YNL327W,YKR037C,0,-5.166703,0.13294169306755066,0.6110000014305115,0.398499995470047
YBR121C,YLR337W,0,-5.1667438,0.1329127699136734,0.6110000014305115,0.3986000120639801
YJR006W,YMR153W,0,-5.166747,0.13288386166095734,0.6110000014305115,0.3986999988555908
YIL062C,YNL213C,1,-5.166906,0.1330724060535431,0.6119999885559082,0.3986999988555908
YLR068W,YHR090C,0,-5.1669827,0.13304348289966583,0.6119999885559082,0.39879998564720154
YNL116W,YMR165C,0,-5.1670356,0.13301455974578857,0.6119999885559082,0.39890000224113464
YHL027W,YGR122W,0,-5.1671214,0.1329856514930725,0.6119999885559082,0.39899998903274536
YLR075W,YNR031C,0,-5.167136,0.13295677304267883,0.6119999885559082,0.39910000562667847
YER109C,YDL190C,0,-5.1675324,0.13292789459228516,0.6119999885559082,0.3991999924182892
YLR401C,YGL135W,0,-5.1675596,0.13289901614189148,0.6119999885559082,0.3993000090122223
YBR177C,YJR022W,0,-5.167723,0.1328701674938202,0.6119999885559082,0.399399995803833
YCL029C,YIR018W,0,-5.1677966,0.1328413337469101,0.6119999885559082,0.3995000123977661
YDL223C,YCL062W,0,-5.1678224,0.1328125,0.6119999885559082,0.39959999918937683
YDR093W,YMR167W,0,-5.1678257,0.1327836811542511,0.6119999885559082,0.39969998598098755
YNL078W,YLR132C,0,-5.1678452,0.1327548772096634,0.6119999885559082,0.39980000257492065
YNR072W,YDR116C,0,-5.1678605,0.13272608816623688,0.6119999885559082,0.39989998936653137
YER042W,YGL030W,0,-5.1678886,0.13269731402397156,0.6119999885559082,0.4000000059604645
YLR459W,YLR126C,0,-5.168033,0.13266853988170624,0.6119999885559082,0.4000999927520752
YDR122W,YGL249W,0,-5.16809,0.1326397955417633,0.6119999885559082,0.4002000093460083
YOL042W,YDL064W,0,-5.1682215,0.13261105120182037,0.6119999885559082,0.400299996137619
YOL080C,YMR247C,0,-5.1684804,0.13258232176303864,0.6119999885559082,0.4004000127315521
YBR091C,YPR024W,1,-5.1685286,0.13277019560337067,0.6129999756813049,0.4004000127315521
YJL186W,YPR121W,0,-5.168554,0.13274145126342773,0.6129999756813049,0.40049999952316284
YLR221C,YLL017W,0,-5.168571,0.1327127069234848,0.6129999756813049,0.40059998631477356
YGL244W,YJL012C-A,0,-5.1686196,0.13268397748470306,0.6129999756813049,0.40070000290870667
YCR107W,YDL138W,0,-5.168642,0.13265526294708252,0.6129999756813049,0.4007999897003174
YBR211C,YHL048W,0,-5.1686816,0.13262656331062317,0.6129999756813049,0.4009000062942505
YJR118C,YOL009C,1,-5.1687627,0.1328141838312149,0.6140000224113464,0.4009000062942505
YGL043W,YOL090W,0,-5.1688175,0.13278546929359436,0.6140000224113464,0.4009999930858612
YOL149W,YNL106C,0,-5.16886,0.13275675475597382,0.6140000224113464,0.4011000096797943
YPR049C,YPR037C,0,-5.1689067,0.13272805511951447,0.6140000224113464,0.40119999647140503
YJL019W,YMR149W,0,-5.1689653,0.1326993703842163,0.6140000224113464,0.40130001306533813
YGL019W,YPL123C,0,-5.1691213,0.13267070055007935,0.6140000224113464,0.40139999985694885
YJL111W,YDR325W,0,-5.1691318,0.13264204561710358,0.6140000224113464,0.40149998664855957
YLR106C,YNL177C,0,-5.169164,0.1326133906841278,0.6140000224113464,0.4016000032424927
YDL113C,YNL078W,0,-5.1692605,0.13258475065231323,0.6140000224113464,0.4016999900341034
YOL063C,YLR207W,0,-5.169313,0.13255612552165985,0.6140000224113464,0.4018000066280365
YBR279W,YER087C-A,0,-5.1695657,0.13252751529216766,0.6140000224113464,0.4018999934196472
YCL017C,YMR266W,0,-5.169619,0.13249891996383667,0.6140000224113464,0.4020000100135803
YKL201C,YOR036W,0,-5.1696334,0.13247033953666687,0.6140000224113464,0.40209999680519104
YOR153W,YKL140W,0,-5.1696463,0.13244175910949707,0.6140000224113464,0.40220001339912415
YER019W,YDR450W,0,-5.169682,0.13241319358348846,0.6140000224113464,0.40230000019073486
YER052C,YHR021C,0,-5.169777,0.13238464295864105,0.6140000224113464,0.4023999869823456
YJL198W,YJR043C,0,-5.1698017,0.13235610723495483,0.6140000224113464,0.4025000035762787
YJL139C,YPL033C,0,-5.1699233,0.1323275864124298,0.6140000224113464,0.4025999903678894
YLR368W,YJR120W,1,-5.1700826,0.13251455128192902,0.6150000095367432,0.4025999903678894
YDR411C,YDL035C,0,-5.1701097,0.1324860006570816,0.6150000095367432,0.4027000069618225
YGL126W,YBR123C,0,-5.170195,0.13245746493339539,0.6150000095367432,0.4027999937534332
YMR234W,YOL093W,0,-5.1702485,0.13242894411087036,0.6150000095367432,0.40290001034736633
YOR327C,YDR285W,0,-5.1702886,0.13240042328834534,0.6150000095367432,0.40299999713897705
YDR123C,YKL075C,0,-5.170338,0.1323719322681427,0.6150000095367432,0.40310001373291016
YDL029W,YPR083W,1,-5.170405,0.1325586438179016,0.6159999966621399,0.40310001373291016
YLR449W,YKL138C-A,0,-5.1704454,0.1325301229953766,0.6159999966621399,0.4032000005245209
YJL005W,YER147C,0,-5.1704526,0.13250161707401276,0.6159999966621399,0.4032999873161316
YBL032W,YGR206W,0,-5.170516,0.13247311115264893,0.6159999966621399,0.4034000039100647
YLR347C,YGR270W,0,-5.1706214,0.13244463503360748,0.6159999966621399,0.4034999907016754
YDR294C,YDR131C,0,-5.170652,0.13241615891456604,0.6159999966621399,0.4036000072956085
YEL022W,YOR305W,0,-5.1707034,0.13238771259784698,0.6159999966621399,0.40369999408721924
YKL016C,YNL288W,0,-5.170704,0.13235926628112793,0.6159999966621399,0.40380001068115234
YKL048C,YIL167W,0,-5.1708527,0.13233081996440887,0.6159999966621399,0.40389999747276306
YML104C,YNL066W,1,-5.17099,0.13251718878746033,0.6169999837875366,0.40389999747276306
YDL033C,YJL141C,0,-5.1710014,0.13248872756958008,0.6169999837875366,0.40400001406669617
YML120C,YBR228W,0,-5.171057,0.13246028125286102,0.6169999837875366,0.4041000008583069
YGR055W,YDR018C,0,-5.1711907,0.13243184983730316,0.6169999837875366,0.4041999876499176
YBR234C,YMR012W,1,-5.171269,0.1326180249452591,0.6179999709129333,0.4041999876499176
YDR148C,YHR079C-B,0,-5.171278,0.13258957862854004,0.6179999709129333,0.4043000042438507
YMR303C,YDL160C,0,-5.171343,0.13256113231182098,0.6179999709129333,0.4043999910354614
YHR050W,YCR081W,0,-5.1714525,0.13253270089626312,0.6179999709129333,0.40450000762939453
YNL135C,YGR141W,0,-5.1714664,0.13250428438186646,0.6179999709129333,0.40459999442100525
YPR054W,YJR026W,0,-5.1714892,0.13247588276863098,0.6179999709129333,0.40470001101493835
YMR091C,YDR330W,0,-5.1715193,0.1324474960565567,0.6179999709129333,0.4047999978065491
YLR141W,YGR279C,0,-5.1717906,0.13241910934448242,0.6179999709129333,0.4049000144004822
YOR210W,YGR027W-A,0,-5.1717973,0.13239075243473053,0.6179999709129333,0.4050000011920929
YGL257C,YDR018C,0,-5.171808,0.13236239552497864,0.6179999709129333,0.4050999879837036
YGR246C,YJR156C,0,-5.171975,0.13233405351638794,0.6179999709129333,0.4052000045776367
YOR036W,YNL128W,0,-5.1719794,0.13230571150779724,0.6179999709129333,0.40529999136924744
YGR286C,YKL005C,0,-5.1720834,0.13227739930152893,0.6179999709129333,0.40540000796318054
YNL053W,YOR081C,0,-5.172221,0.13224908709526062,0.6179999709129333,0.40549999475479126
YGR006W,YKL154W,0,-5.172319,0.1322207897901535,0.6179999709129333,0.40560001134872437
YDL035C,YBL100W-A,0,-5.17243,0.13219250738620758,0.6179999709129333,0.4056999981403351
YDR459C,YMR146C,0,-5.1724515,0.13216423988342285,0.6179999709129333,0.4058000147342682
YOR243C,YCR018C,0,-5.1724772,0.13213598728179932,0.6179999709129333,0.4059000015258789
YKL001C,YBR119W,0,-5.1725936,0.13210773468017578,0.6179999709129333,0.4059999883174896
YLR028C,YMR303C,0,-5.1726184,0.13207949697971344,0.6179999709129333,0.40610000491142273
YLR131C,YDL004W,0,-5.1726356,0.1320512890815735,0.6179999709129333,0.40619999170303345
YHR178W,YML007W,0,-5.172687,0.13202306628227234,0.6179999709129333,0.40630000829696655
YMR119W,YJL059W,0,-5.1727147,0.13199487328529358,0.6179999709129333,0.40639999508857727
YLR013W,YDR513W,0,-5.1729083,0.131966695189476,0.6179999709129333,0.4065000116825104
YKL194C,YHL024W,0,-5.1729245,0.13193851709365845,0.6179999709129333,0.4065999984741211
YBL005W,YOR043W,0,-5.1729918,0.13191035389900208,0.6179999709129333,0.4066999852657318
YPL208W,YLR005W,0,-5.173123,0.1318822056055069,0.6179999709129333,0.4068000018596649
YJR155W,YGL095C,0,-5.173136,0.13185405731201172,0.6179999709129333,0.40689998865127563
YML028W,YGL095C,0,-5.1732855,0.13182593882083893,0.6179999709129333,0.40700000524520874
YDL003W,YKL088W,0,-5.1732984,0.13179782032966614,0.6179999709129333,0.40709999203681946
YFL017W-A,YEL026W,0,-5.173417,0.13176971673965454,0.6179999709129333,0.40720000863075256
YMR052W,YDL130W-A,0,-5.1734347,0.13174162805080414,0.6179999709129333,0.4072999954223633
YMR077C,YML038C,0,-5.173515,0.13171355426311493,0.6179999709129333,0.4074000120162964
YDR343C,YCR026C,0,-5.173584,0.13168549537658691,0.6179999709129333,0.4074999988079071
YGL169W,YHR048W,0,-5.173589,0.1316574364900589,0.6179999709129333,0.4075999855995178
YMR250W,YDL134C,0,-5.1735997,0.13162939250469208,0.6179999709129333,0.4077000021934509
YOR320C,YDR023W,0,-5.1736608,0.13160136342048645,0.6179999709129333,0.40779998898506165
YNL314W,YLL026W,0,-5.1737075,0.13157334923744202,0.6179999709129333,0.40790000557899475
YFL039C,YOR147W,1,-5.1737514,0.1317581981420517,0.6190000176429749,0.40790000557899475
YJL090C,YGL063W,0,-5.1739354,0.13173015415668488,0.6190000176429749,0.40799999237060547
YNR035C,YGR181W,1,-5.1739497,0.1319148987531662,0.6200000047683716,0.40799999237060547
YDR339C,YLR190W,1,-5.1740785,0.13209955394268036,0.6209999918937683,0.40799999237060547
YBR182C,YDR472W,0,-5.1740937,0.13207146525382996,0.6209999918937683,0.4081000089645386
YDR499W,YOL080C,0,-5.1741133,0.13204337656497955,0.6209999918937683,0.4081999957561493
YLR355C,YGR101W,1,-5.1742697,0.13222789764404297,0.621999979019165,0.4081999957561493
YDR480W,YNL273W,0,-5.174444,0.13219979405403137,0.621999979019165,0.4083000123500824
YPR111W,YER015W,0,-5.1745925,0.13217169046401978,0.621999979019165,0.4083999991416931
YIL019W,YLL021W,0,-5.174599,0.13214361667633057,0.621999979019165,0.40849998593330383
YKL114C,YNL286W,0,-5.1746736,0.13211554288864136,0.621999979019165,0.40860000252723694
YJL095W,YKR057W,0,-5.1748214,0.13208749890327454,0.621999979019165,0.40869998931884766
YOL116W,YMR125W,0,-5.1749864,0.13205945491790771,0.621999979019165,0.40880000591278076
YPL006W,YDL229W,0,-5.1750574,0.1320314109325409,0.621999979019165,0.4088999927043915
YMR077C,YDR002W,0,-5.1751485,0.13200339674949646,0.621999979019165,0.4090000092983246
YOR334W,YDL095W,0,-5.1751547,0.13197538256645203,0.621999979019165,0.4090999960899353
YKL074C,YLR455W,0,-5.1752453,0.13194739818572998,0.621999979019165,0.4092000126838684
YGR261C,YOR038C,0,-5.1752744,0.13191939890384674,0.621999979019165,0.4092999994754791
YER108C,YDL047W,0,-5.175282,0.1318914294242859,0.621999979019165,0.40939998626708984
YOR236W,YER051W,0,-5.1756463,0.13186347484588623,0.621999979019165,0.40950000286102295
YLR368W,YBR192W,1,-5.175671,0.13204747438430786,0.6230000257492065,0.40950000286102295
YNL220W,YBR221C,0,-5.175764,0.13201949000358582,0.6230000257492065,0.40959998965263367
YOL088C,YBL052C,0,-5.1757736,0.13199152052402496,0.6230000257492065,0.4097000062465668
YBL016W,YNL302C,0,-5.175774,0.1319635659456253,0.6230000257492065,0.4097999930381775
YKL002W,YOR054C,0,-5.1758647,0.13193562626838684,0.6230000257492065,0.4099000096321106
YER016W,YJL012C-A,0,-5.176162,0.13190768659114838,0.6230000257492065,0.4099999964237213
YCR107W,YER183C,0,-5.1763244,0.1318797618150711,0.6230000257492065,0.4101000130176544
YLR368W,YOR266W,1,-5.176376,0.13206349313259125,0.6240000128746033,0.4101000130176544
YPL091W,YJR050W,0,-5.1765466,0.13203555345535278,0.6240000128746033,0.41019999980926514
YDR097C,YOR301W,0,-5.1766877,0.13200761377811432,0.6240000128746033,0.41029998660087585
YBL033C,YDR427W,0,-5.176875,0.13197968900203705,0.6240000128746033,0.41040000319480896
YDR206W,YHR174W,0,-5.1768866,0.13195179402828217,0.6240000128746033,0.4104999899864197
YAL003W,YGR075C,0,-5.176914,0.1319238841533661,0.6240000128746033,0.4106000065803528
YDR375C,YCR072C,0,-5.1769943,0.1318960040807724,0.6240000128746033,0.4106999933719635
YPL177C,YBR090C-A,0,-5.1769977,0.1318681389093399,0.6240000128746033,0.4108000099658966
YNL286W,YJL042W,0,-5.1770473,0.1318402737379074,0.6240000128746033,0.4108999967575073
YEL050C,YJL035C,0,-5.1771073,0.1318124234676361,0.6240000128746033,0.41100001335144043
YKL055C,YOR217W,0,-5.177222,0.131784588098526,0.6240000128746033,0.41110000014305115
YDR483W,YBR024W,0,-5.177239,0.1317567527294159,0.6240000128746033,0.41119998693466187
YNL218W,YDR459C,0,-5.177298,0.13172894716262817,0.6240000128746033,0.41130000352859497
YDL185W,YLR337W,0,-5.177522,0.13170114159584045,0.6240000128746033,0.4113999903202057
YBL009W,YCR071C,0,-5.1775956,0.13167335093021393,0.6240000128746033,0.4115000069141388
YOL011W,YDL064W,0,-5.1776404,0.1316455751657486,0.6240000128746033,0.4115999937057495
YML077W,YBL098W,0,-5.1777997,0.13161779940128326,0.6240000128746033,0.4117000102996826
YPL130W,YMR106C,0,-5.1779237,0.13159005343914032,0.6240000128746033,0.41179999709129333
YDL074C,YPR100W,0,-5.17807,0.13156230747699738,0.6240000128746033,0.41190001368522644
YBR279W,YOL146W,0,-5.178102,0.13153457641601562,0.6240000128746033,0.41200000047683716
YKL220C,YER116C,0,-5.1782036,0.13150684535503387,0.6240000128746033,0.4120999872684479
YOL109W,YDL118W,0,-5.1783023,0.1314791440963745,0.6240000128746033,0.412200003862381
YCR063W,YBR247C,0,-5.1783776,0.13145144283771515,0.6240000128746033,0.4122999906539917
YMR060C,YJR120W,1,-5.178402,0.13163436949253082,0.625,0.4122999906539917
YIL167W,YER074W-A,0,-5.178413,0.13160665333271027,0.625,0.4124000072479248
YPL244C,YOR298W,0,-5.17848,0.1315789520740509,0.625,0.4124999940395355
YEL062W,YML059C,0,-5.1785192,0.13155125081539154,0.625,0.41260001063346863
YCR082W,YPL270W,0,-5.1786847,0.13152356445789337,0.625,0.41269999742507935
YLR270W,YPL120W,0,-5.178865,0.1314958930015564,0.625,0.41280001401901245
YKR081C,YJL168C,0,-5.178892,0.13146823644638062,0.625,0.41290000081062317
YGL142C,YOR036W,0,-5.1790977,0.13144059479236603,0.625,0.4129999876022339
YER044C-A,YIL048W,0,-5.179176,0.13141295313835144,0.625,0.413100004196167
YLR242C,YNL261W,0,-5.1792703,0.13138532638549805,0.625,0.4131999909877777
YOR204W,YNR017W,0,-5.179464,0.13135771453380585,0.625,0.4133000075817108
YBR228W,YJL113W,0,-5.179653,0.13133011758327484,0.625,0.41339999437332153
YER061C,YOR117W,0,-5.1797547,0.13130252063274384,0.625,0.41350001096725464
YLR059C,YLR340W,0,-5.179814,0.13127493858337402,0.625,0.41359999775886536
YHR194W,YJR120W,1,-5.1798673,0.1314573734998703,0.6259999871253967,0.41359999775886536
YLR127C,YBL014C,0,-5.1799183,0.1314297765493393,0.6259999871253967,0.41370001435279846
YAR002W,YIL080W,0,-5.1799664,0.1314021795988083,0.6259999871253967,0.4138000011444092
YMR164C,YLR425W,0,-5.1799703,0.13137461245059967,0.6259999871253967,0.4138999879360199
YML099C,YJR029W,0,-5.1800275,0.13134704530239105,0.6259999871253967,0.414000004529953
YKL197C,YKR101W,0,-5.1802034,0.13131949305534363,0.6259999871253967,0.4140999913215637
YEL031W,YJR046W,0,-5.1802707,0.1312919408082962,0.6259999871253967,0.4142000079154968
YGR256W,YDR078C,0,-5.180478,0.13126441836357117,0.6259999871253967,0.41429999470710754
YIL122W,YFL049W,0,-5.1804786,0.13123689591884613,0.6259999871253967,0.41440001130104065
YNL037C,YPL047W,0,-5.180484,0.1312093883752823,0.6259999871253967,0.41449999809265137
YEL022W,YNL246W,0,-5.180734,0.13118189573287964,0.6259999871253967,0.4146000146865845
YFL059W,YJR028W,0,-5.1807446,0.131154403090477,0.6259999871253967,0.4147000014781952
YER013W,YKL119C,0,-5.1808877,0.13112694025039673,0.6259999871253967,0.4147999882698059
YGR276C,YPL203W,0,-5.1809764,0.13109947741031647,0.6259999871253967,0.414900004863739
YOL089C,YFR002W,0,-5.181029,0.1310720294713974,0.6259999871253967,0.41499999165534973
YPL259C,YKL081W,0,-5.1810336,0.13104458153247833,0.6259999871253967,0.41510000824928284
YNL059C,YAL012W,0,-5.1810427,0.13101716339588165,0.6259999871253967,0.41519999504089355
YJR053W,YPR178W,0,-5.1810584,0.13098974525928497,0.6259999871253967,0.41530001163482666
YMR162C,YLR398C,0,-5.1810756,0.1309623420238495,0.6259999871253967,0.4153999984264374
YIL040W,YLR059C,0,-5.181244,0.1309349536895752,0.6259999871253967,0.4154999852180481
YOL066C,YDR306C,0,-5.1812577,0.1309075653553009,0.6259999871253967,0.4156000018119812
YDR281C,YDR045C,0,-5.181477,0.130880206823349,0.6259999871253967,0.4156999886035919
YCR098C,YGR085C,0,-5.181561,0.1308528482913971,0.6259999871253967,0.415800005197525
YNL166C,YBL020W,0,-5.1815734,0.1308254897594452,0.6259999871253967,0.41589999198913574
YDL077C,YER138C,0,-5.1818066,0.13079816102981567,0.6259999871253967,0.41600000858306885
YMR029C,YJL012C-A,0,-5.1818523,0.13077083230018616,0.6259999871253967,0.41609999537467957
YDR039C,YPL133C,0,-5.18206,0.13074351847171783,0.6259999871253967,0.41620001196861267
YOL146W,YHR062C,0,-5.1821284,0.1307162195444107,0.6259999871253967,0.4162999987602234
YIL079C,YNL001W,0,-5.1821475,0.13068893551826477,0.6259999871253967,0.4163999855518341
YJL183W,YDR213W,0,-5.182255,0.13066165149211884,0.6259999871253967,0.4165000021457672
YDR158W,YCR073C,0,-5.1822824,0.1306343972682953,0.6259999871253967,0.41659998893737793
YBL090W,YJL087C,0,-5.1824884,0.13060712814331055,0.6259999871253967,0.41670000553131104
YDL029W,YKR036C,1,-5.1826787,0.13078849017620087,0.6269999742507935,0.41670000553131104
YPR083W,YNL213C,1,-5.1827283,0.13096976280212402,0.628000020980835,0.41670000553131104
YNR057C,YDR131C,0,-5.1827884,0.1309424489736557,0.628000020980835,0.41679999232292175
YDR141C,YJR135C,0,-5.1828218,0.13091515004634857,0.628000020980835,0.41690000891685486
YOR316C,YDR302W,0,-5.1828246,0.13088786602020264,0.628000020980835,0.4169999957084656
YKL004W,YKL119C,0,-5.1828856,0.1308605968952179,0.628000020980835,0.4171000123023987
YML081C-A,YHR214C-B,0,-5.1829524,0.13083332777023315,0.628000020980835,0.4171999990940094
YPR042C,YFR040W,0,-5.182963,0.1308060884475708,0.628000020980835,0.4172999858856201
YLR363C,YDR429C,0,-5.1829834,0.13077884912490845,0.628000020980835,0.4174000024795532
YDR016C,YBR276C,0,-5.183145,0.1307516098022461,0.628000020980835,0.41749998927116394
YOL095C,YPR024W,1,-5.1833324,0.13093255460262299,0.6290000081062317,0.41749998927116394
YER019C-A,YFL002C,0,-5.1833444,0.13090530037879944,0.6290000081062317,0.41760000586509705
YDR126W,YCL033C,0,-5.1834583,0.13087807595729828,0.6290000081062317,0.41769999265670776
YER015W,YLR141W,0,-5.1835246,0.13085083663463593,0.6290000081062317,0.41780000925064087
YOR007C,YMR203W,0,-5.1837068,0.13082362711429596,0.6290000081062317,0.4178999960422516
YAR033W,YMR008C,0,-5.183743,0.130796417593956,0.6290000081062317,0.4180000126361847
YHR065C,YKL108W,0,-5.183936,0.13076923787593842,0.6290000081062317,0.4180999994277954
YPR021C,YGL051W,0,-5.1840186,0.13074204325675964,0.6290000081062317,0.41819998621940613
YBL008W,YNL207W,0,-5.1841965,0.13071487843990326,0.6290000081062317,0.41830000281333923
YPL181W,YDR098C,0,-5.1842556,0.13068771362304688,0.6290000081062317,0.41839998960494995
YLR342W,YGR007W,0,-5.1843123,0.13066057860851288,0.6290000081062317,0.41850000619888306
YMR202W,YOR004W,0,-5.1844244,0.13063344359397888,0.6290000081062317,0.4185999929904938
YER142C,YLR067C,0,-5.1844916,0.13060630857944489,0.6290000081062317,0.4187000095844269
YNL014W,YGL016W,0,-5.1846166,0.13057920336723328,0.6290000081062317,0.4187999963760376
YOL051W,YBL088C,0,-5.18463,0.13055209815502167,0.6290000081062317,0.4189000129699707
YDL106C,YPR133C,0,-5.1847215,0.13052500784397125,0.6290000081062317,0.4189999997615814
YAL055W,YNL139C,0,-5.1848273,0.13049793243408203,0.6290000081062317,0.41909998655319214
YCL012W,YKR046C,0,-5.18485,0.1304708570241928,0.6290000081062317,0.41920000314712524
YHR119W,YKL088W,0,-5.184971,0.13044379651546478,0.6290000081062317,0.41929998993873596
YNL278W,YHR030C,0,-5.185074,0.13041675090789795,0.6290000081062317,0.41940000653266907
YHR053C,YDR294C,0,-5.185149,0.1303897202014923,0.6290000081062317,0.4194999933242798
YOR317W,YPL221W,0,-5.185226,0.13036268949508667,0.6290000081062317,0.4196000099182129
YJL080C,YGL225W,0,-5.1852465,0.13033568859100342,0.6290000081062317,0.4196999967098236
YNR049C,YDL135C,0,-5.1852865,0.13030868768692017,0.6290000081062317,0.4198000133037567
YPL268W,YER087C-A,0,-5.185341,0.13028168678283691,0.6290000081062317,0.41990000009536743
YLL009C,YIR037W,0,-5.1853766,0.13025471568107605,0.6290000081062317,0.41999998688697815
YPL265W,YGL106W,0,-5.185456,0.13022774457931519,0.6290000081062317,0.42010000348091125
YDR409W,YKR050W,0,-5.185488,0.13020078837871552,0.6290000081062317,0.420199990272522
YJR004C,YKL126W,0,-5.1855493,0.13017384707927704,0.6290000081062317,0.4203000068664551
YGR241C,YGR211W,0,-5.185783,0.13014690577983856,0.6290000081062317,0.4203999936580658
YCL034W,YER087C-A,0,-5.1859884,0.13011997938156128,0.6290000081062317,0.4205000102519989
YPL138C,YML038C,0,-5.186079,0.1300930678844452,0.6290000081062317,0.4205999970436096
YMR097C,YOR036W,0,-5.186207,0.1300661712884903,0.6290000081062317,0.4207000136375427
YPR052C,YER005W,0,-5.186316,0.1300392746925354,0.6290000081062317,0.42080000042915344
YGR222W,YMR314W,0,-5.186316,0.1300124078989029,0.6290000081062317,0.42089998722076416
YDR263C,YMR067C,0,-5.1863313,0.12998554110527039,0.6290000081062317,0.42100000381469727
YLR309C,YLR043C,0,-5.186335,0.12995867431163788,0.6290000081062317,0.421099990606308
YMR119W,YNL029C,0,-5.186422,0.12993183732032776,0.6290000081062317,0.4212000072002411
YLR145W,YLR403W,0,-5.186504,0.12990500032901764,0.6290000081062317,0.4212999939918518
YLR157C,YCL033C,0,-5.1865606,0.1298781782388687,0.6290000081062317,0.4214000105857849
YMR276W,YOR076C,0,-5.186765,0.1298513561487198,0.6290000081062317,0.42149999737739563
YBR211C,YDL031W,0,-5.1867805,0.12982456386089325,0.6290000081062317,0.42160001397132874
YPL006W,YGL175C,0,-5.186794,0.1297977715730667,0.6290000081062317,0.42170000076293945
YBR135W,YLR224W,0,-5.1868653,0.12977099418640137,0.6290000081062317,0.42179998755455017
YPL195W,YLR285W,0,-5.18687,0.12974423170089722,0.6290000081062317,0.4219000041484833
YLR256W,YGL135W,0,-5.1870084,0.12971746921539307,0.6290000081062317,0.421999990940094
YGL086W,YGR132C,0,-5.1870656,0.1296907216310501,0.6290000081062317,0.4221000075340271
YBR107C,YOR232W,0,-5.187078,0.12966398894786835,0.6290000081062317,0.4221999943256378
YGL191W,YPL083C,0,-5.187144,0.12963725626468658,0.6290000081062317,0.4223000109195709
YPR134W,YML088W,0,-5.1872897,0.1296105533838272,0.6290000081062317,0.42239999771118164
YLR390W-A,YIL144W,0,-5.1873207,0.12958385050296783,0.6290000081062317,0.42250001430511475
YOR147W,YJL054W,1,-5.1873345,0.12976312637329102,0.6299999952316284,0.42250001430511475
YNL286W,YGR098C,0,-5.1873584,0.12973640859127045,0.6299999952316284,0.42260000109672546
YNR027W,YFL037W,0,-5.1873937,0.12970969080924988,0.6299999952316284,0.4226999878883362
YFL010W-A,YLR033W,0,-5.1874003,0.1296830028295517,0.6299999952316284,0.4228000044822693
YPL187W,YJL186W,0,-5.187491,0.12965631484985352,0.6299999952316284,0.42289999127388
YNL278W,YLR084C,0,-5.187732,0.12962962687015533,0.6299999952316284,0.4230000078678131
YML004C,YER007W,0,-5.1878242,0.12960296869277954,0.6299999952316284,0.42309999465942383
YDR435C,YDR018C,0,-5.1879125,0.12957631051540375,0.6299999952316284,0.42320001125335693
YER108C,YJL146W,0,-5.187966,0.12954966723918915,0.6299999952316284,0.42329999804496765
YLR380W,YKL035W,0,-5.1881304,0.12952302396297455,0.6299999952316284,0.42340001463890076
YGL020C,YNL310C,1,-5.188186,0.12970195710659027,0.6309999823570251,0.42340001463890076
YJL198W,YJL001W,0,-5.188209,0.12967529892921448,0.6309999823570251,0.4235000014305115
YIR021W,YPL139C,0,-5.1883307,0.12964865565299988,0.6309999823570251,0.4235999882221222
YPL259C,YKL019W,0,-5.188371,0.12962202727794647,0.6309999823570251,0.4237000048160553
YNL148C,YIL101C,0,-5.1884327,0.12959539890289307,0.6309999823570251,0.423799991607666
YHR081W,YHL034C,0,-5.1884336,0.12956878542900085,0.6309999823570251,0.4239000082015991
YNL072W,YDR485C,0,-5.1885653,0.12954218685626984,0.6309999823570251,0.42399999499320984
YDL014W,YGR135W,0,-5.1886134,0.1295156031847,0.6309999823570251,0.42410001158714294
YPL078C,YDR075W,0,-5.1886196,0.1294890195131302,0.6309999823570251,0.42419999837875366
YGR121C,YGL062W,0,-5.188764,0.12946245074272156,0.6309999823570251,0.4242999851703644
YGR157W,YHR203C,0,-5.188834,0.12943589687347412,0.6309999823570251,0.4244000017642975
YML060W,YKL056C,0,-5.188838,0.12940935790538788,0.6309999823570251,0.4244999885559082
YKL191W,YDL064W,0,-5.189005,0.12938281893730164,0.6309999823570251,0.4246000051498413
YGL105W,YDR337W,0,-5.189006,0.1293562948703766,0.6309999823570251,0.424699991941452
YMR021C,YML033W,0,-5.1890645,0.12932978570461273,0.6309999823570251,0.42480000853538513
YBL035C,YDL064W,0,-5.1891055,0.12930327653884888,0.6309999823570251,0.42489999532699585
YAL021C,YJL145W,0,-5.18914,0.12927678227424622,0.6309999823570251,0.42500001192092896
YNL012W,YBR123C,0,-5.189188,0.12925030291080475,0.6309999823570251,0.4250999987125397
YPR200C,YML059C,0,-5.189269,0.12922383844852448,0.6309999823570251,0.4251999855041504
YIL062C,YNL055C,1,-5.1893106,0.12940213084220886,0.6320000290870667,0.4251999855041504
YNL111C,YKL193C,0,-5.189327,0.1293756365776062,0.6320000290870667,0.4253000020980835
YIL122W,YCR073W-A,0,-5.1893277,0.12934915721416473,0.6320000290870667,0.4253999888896942
YBR060C,YGL048C,0,-5.189362,0.12932269275188446,0.6320000290870667,0.4255000054836273
YJR089W,YBR169C,0,-5.189464,0.1292962282896042,0.6320000290870667,0.42559999227523804
YHL027W,YGR042W,0,-5.189497,0.1292697936296463,0.6320000290870667,0.42570000886917114
YMR280C,YDR325W,0,-5.189732,0.12924335896968842,0.6320000290870667,0.42579999566078186
YMR153W,YER018C,0,-5.189779,0.12921692430973053,0.6320000290870667,0.42590001225471497
YNL225C,YAL001C,0,-5.190062,0.12919051945209503,0.6320000290870667,0.4259999990463257
YOR117W,YPL019C,0,-5.1900654,0.12916411459445953,0.6320000290870667,0.4260999858379364
YNL307C,YOR221C,0,-5.1901307,0.12913772463798523,0.6320000290870667,0.4262000024318695
YDL164C,YER171W,0,-5.190221,0.12911133468151093,0.6320000290870667,0.4262999892234802
YDR238C,YDR078C,0,-5.190558,0.129084974527359,0.6320000290870667,0.42640000581741333
YMR264W,YPL188W,0,-5.1906033,0.1290586143732071,0.6320000290870667,0.42649999260902405
YDR143C,YNL273W,0,-5.1906257,0.12903225421905518,0.6320000290870667,0.42660000920295715
YHR042W,YHL028W,0,-5.1906586,0.12900592386722565,0.6320000290870667,0.42669999599456787
YOR240W,YCL052C,0,-5.190703,0.12897959351539612,0.6320000290870667,0.426800012588501
YER038C,YBR136W,0,-5.190723,0.12895327806472778,0.6320000290870667,0.4268999993801117
YLL043W,YLR455W,0,-5.190795,0.12892696261405945,0.6320000290870667,0.4269999861717224
YDL031W,YGR002C,0,-5.1908603,0.1289006769657135,0.6320000290870667,0.4271000027656555
YGL020C,YPR140W,1,-5.190904,0.12907829880714417,0.6330000162124634,0.4271000027656555
YCL003W,YDR011W,0,-5.190926,0.12905198335647583,0.6330000162124634,0.42719998955726624
YGL119W,YER056C,0,-5.191041,0.1290256828069687,0.6330000162124634,0.42730000615119934
YNL030W,YOR160W,0,-5.191098,0.12899938225746155,0.6330000162124634,0.42739999294281006
YPL188W,YLR426W,0,-5.191201,0.1289731115102768,0.6330000162124634,0.42750000953674316
YER116C,YMR046C,0,-5.1912284,0.12894682586193085,0.6330000162124634,0.4275999963283539
YLL038C,YOR231W,0,-5.1913853,0.1289205700159073,0.6330000162124634,0.427700012922287
YLR424W,YHL012W,0,-5.1914163,0.12889431416988373,0.6330000162124634,0.4277999997138977
YKL176C,YDR356W,0,-5.191439,0.12886807322502136,0.6330000162124634,0.4278999865055084
YKL089W,YDR146C,0,-5.1915164,0.1288418471813202,0.6330000162124634,0.42800000309944153
YIL153W,YNL247W,0,-5.191687,0.1288156360387802,0.6330000162124634,0.42809998989105225
YBR142W,YHL009C,0,-5.1917214,0.12878942489624023,0.6330000162124634,0.42820000648498535
YDR116C,YPR056W,0,-5.191853,0.12876322865486145,0.6330000162124634,0.42829999327659607
YGL106W,YPL203W,0,-5.1918674,0.12873703241348267,0.6330000162124634,0.4284000098705292
YLR096W,YLR086W,0,-5.191915,0.12871085107326508,0.6330000162124634,0.4284999966621399
YBR288C,YDR273W,0,-5.1921067,0.12868468463420868,0.6330000162124634,0.428600013256073
YDR140W,YNL264C,0,-5.192394,0.12865853309631348,0.6330000162124634,0.4287000000476837
YPR054W,YDR416W,0,-5.19246,0.12863239645957947,0.6330000162124634,0.42879998683929443
YML074C,YPL050C,0,-5.1927238,0.12860625982284546,0.6330000162124634,0.42890000343322754
YLL006W,YNL070W,1,-5.1927514,0.12878325581550598,0.6340000033378601,0.42890000343322754
YPL021W,YBL102W,0,-5.1927543,0.12875710427761078,0.6340000033378601,0.42899999022483826
YFL016C,YJL183W,0,-5.1927633,0.12873096764087677,0.6340000033378601,0.42910000681877136
YOR144C,YGR270W,0,-5.192827,0.12870483100414276,0.6340000033378601,0.4291999936103821
YOL013C,YNL287W,0,-5.1928563,0.12867870926856995,0.6340000033378601,0.4293000102043152
YDR198C,YGR152C,0,-5.1929307,0.12865260243415833,0.6340000033378601,0.4293999969959259
YFR047C,YNL278W,0,-5.1929345,0.1286264955997467,0.6340000033378601,0.429500013589859
YDL217C,YJR120W,1,-5.1930604,0.12880323827266693,0.6349999904632568,0.429500013589859
YML013W,YJR027W,0,-5.1930757,0.1287771314382553,0.6349999904632568,0.4296000003814697
YLR370C,YGR144W,1,-5.1930857,0.12895376980304718,0.6359999775886536,0.4296000003814697
YOL009C,YDR296W,1,-5.193192,0.12913034856319427,0.6370000243186951,0.4296000003814697
YML080W,YIL082W-A,0,-5.1932263,0.12910418212413788,0.6370000243186951,0.42969998717308044
YGL017W,YGR013W,0,-5.1932387,0.12907801568508148,0.6370000243186951,0.42980000376701355
YER167W,YJL124C,0,-5.1933103,0.12905186414718628,0.6370000243186951,0.42989999055862427
YGR092W,YNL327W,0,-5.193369,0.12902572751045227,0.6370000243186951,0.4300000071525574
YPR125W,YMR134W,1,-5.1934457,0.12920211255550385,0.6380000114440918,0.4300000071525574
YBR059C,YNL236W,0,-5.1934743,0.12917594611644745,0.6380000114440918,0.4300999939441681
YLR190W,YPR131C,1,-5.193806,0.12935222685337067,0.6389999985694885,0.4300999939441681
YLR013W,YML019W,0,-5.1938148,0.12932604551315308,0.6389999985694885,0.4302000105381012
YLR096W,YJR027W,0,-5.1940513,0.12929987907409668,0.6389999985694885,0.4302999973297119
YHR058C,YOL038W,0,-5.1942925,0.12927372753620148,0.6389999985694885,0.430400013923645
YBR186W,YBR080C,0,-5.194307,0.12924757599830627,0.6389999985694885,0.43050000071525574
YHR086W,YLR447C,0,-5.194308,0.12922143936157227,0.6389999985694885,0.43059998750686646
YER169W,YDL195W,0,-5.1943684,0.12919530272483826,0.6389999985694885,0.43070000410079956
YDL243C,YGL127C,0,-5.194489,0.12916919589042664,0.6389999985694885,0.4307999908924103
YGL116W,YMR046C,0,-5.194637,0.12914308905601501,0.6389999985694885,0.4309000074863434
YNL280C,YBL061C,0,-5.194649,0.1291169971227646,0.6389999985694885,0.4309999942779541
YKL060C,YGR211W,0,-5.1946635,0.12909090518951416,0.6389999985694885,0.4311000108718872
YEL062W,YNL064C,0,-5.194681,0.12906482815742493,0.6389999985694885,0.4311999976634979
YDR300C,YLR313C,0,-5.1946907,0.1290387660264969,0.6389999985694885,0.43130001425743103
YBR159W,YER028C,0,-5.1947293,0.12901271879673004,0.6389999985694885,0.43140000104904175
YHR001W,YBR294W,0,-5.1948123,0.1289866715669632,0.6389999985694885,0.43149998784065247
YNL232W,YER108C,0,-5.194865,0.12896063923835754,0.6389999985694885,0.43160000443458557
YLR270W,YIL063C,0,-5.194876,0.12893462181091309,0.6389999985694885,0.4316999912261963
YDR363W,YER024W,0,-5.194897,0.12890861928462982,0.6389999985694885,0.4318000078201294
YML129C,YBR152W,0,-5.1950116,0.12888261675834656,0.6389999985694885,0.4318999946117401
YLL060C,YCL075W,0,-5.1953692,0.1288566291332245,0.6389999985694885,0.4320000112056732
YER094C,YHR050W,0,-5.1953807,0.12883064150810242,0.6389999985694885,0.43209999799728394
YGR204W,YDR086C,0,-5.1953874,0.12880468368530273,0.6389999985694885,0.43220001459121704
YPR094W,YPL210C,0,-5.1955457,0.12877871096134186,0.6389999985694885,0.43230000138282776
YAL058W,YOL156W,0,-5.195611,0.12875276803970337,0.6389999985694885,0.4323999881744385
YLR080W,YJL127C,0,-5.195661,0.12872684001922607,0.6389999985694885,0.4325000047683716
YLR059C,YPR036W,0,-5.195683,0.12870091199874878,0.6389999985694885,0.4325999915599823
YFL031W,YNL160W,0,-5.195826,0.12867498397827148,0.6389999985694885,0.4327000081539154
YIL046W,YBR279W,0,-5.195826,0.12864908576011658,0.6389999985694885,0.4327999949455261
YMR052W,YOR122C,0,-5.19588,0.12862318754196167,0.6389999985694885,0.43290001153945923
YNR035C,YML061C,1,-5.1961856,0.12879854440689087,0.6399999856948853,0.43290001153945923
YBR234C,YPR083W,1,-5.1961875,0.1289738416671753,0.640999972820282,0.43290001153945923
YKL146W,YOL113W,0,-5.1962323,0.1289478987455368,0.640999972820282,0.43299999833106995
YDR288W,YIL115C,0,-5.196274,0.12892195582389832,0.640999972820282,0.43309998512268066
YKL085W,YIR006C,0,-5.19643,0.12889604270458221,0.640999972820282,0.43320000171661377
YOL139C,YMR202W,0,-5.196469,0.1288701295852661,0.640999972820282,0.4332999885082245
YBR070C,YPL002C,0,-5.1966047,0.12884421646595,0.640999972820282,0.4334000051021576
YKR019C,YBR022W,0,-5.1968284,0.1288183331489563,0.640999972820282,0.4334999918937683
YHR187W,YOR171C,0,-5.196859,0.12879244983196259,0.640999972820282,0.4336000084877014
YGR224W,YOR033C,0,-5.196991,0.12876656651496887,0.640999972820282,0.43369999527931213
YPR165W,YGL045W,0,-5.1969953,0.12874071300029755,0.640999972820282,0.43380001187324524
YPL151C,YOL055C,0,-5.1970067,0.12871485948562622,0.640999972820282,0.43389999866485596
YEL060C,YDL033C,0,-5.1970286,0.1286890208721161,0.640999972820282,0.4339999854564667
YPR200C,YHR139C,0,-5.197223,0.12866318225860596,0.640999972820282,0.4341000020503998
YCR107W,YDL044C,0,-5.19724,0.1286373734474182,0.640999972820282,0.4341999888420105
YNR019W,YDR238C,0,-5.1972494,0.12861154973506927,0.640999972820282,0.4343000054359436
YGR252W,YDL130W-A,0,-5.197276,0.12858575582504272,0.640999972820282,0.4343999922275543
YDR099W,YGL003C,0,-5.1974225,0.12855996191501617,0.640999972820282,0.4345000088214874
YBR015C,YGL169W,0,-5.197439,0.12853418290615082,0.640999972820282,0.43459999561309814
YGL033W,YOL033W,0,-5.1974845,0.12850841879844666,0.640999972820282,0.43470001220703125
YLR113W,YLR132C,0,-5.1975408,0.1284826546907425,0.640999972820282,0.43479999899864197
YDL031W,YHR056C,0,-5.1976094,0.12845692038536072,0.640999972820282,0.4348999857902527
YBR114W,YGR082W,0,-5.1978674,0.12843117117881775,0.640999972820282,0.4350000023841858
YFL060C,YAL002W,0,-5.197869,0.12840545177459717,0.640999972820282,0.4350999891757965
YHR077C,YPL130W,0,-5.19793,0.1283797323703766,0.640999972820282,0.4352000057697296
YHL019C,YIL106W,0,-5.197982,0.1283540278673172,0.640999972820282,0.43529999256134033
YHR004C,YLR329W,0,-5.1982884,0.1283283233642578,0.640999972820282,0.43540000915527344
YPL242C,YPR155C,0,-5.1983976,0.1283026486635208,0.640999972820282,0.43549999594688416
YNL172W,YDL135C,0,-5.198505,0.12827695906162262,0.640999972820282,0.43560001254081726
YML074C,YER171W,0,-5.19854,0.12825129926204681,0.640999972820282,0.435699999332428
YNL110C,YPL016W,0,-5.1990056,0.128225639462471,0.640999972820282,0.4357999861240387
YJL014W,YIR010W,0,-5.199015,0.1281999945640564,0.640999972820282,0.4359000027179718
YGR286C,YDR463W,0,-5.199019,0.12817436456680298,0.640999972820282,0.4359999895095825
YML058W,YPR140W,1,-5.1990824,0.12834866344928741,0.6420000195503235,0.4359999895095825
YOR063W,YFL004W,0,-5.199119,0.1283230036497116,0.6420000195503235,0.4361000061035156
YDL008W,YDL166C,0,-5.199267,0.128297358751297,0.6420000195503235,0.43619999289512634
YIR021W,YPL283C,0,-5.1992683,0.12827172875404358,0.6420000195503235,0.43630000948905945
YFL018C,YAL024C,0,-5.199388,0.12824609875679016,0.6420000195503235,0.43639999628067017
YHR027C,YHR060W,0,-5.1994076,0.12822049856185913,0.6420000195503235,0.43650001287460327
YLR117C,YBR165W,0,-5.199554,0.1281948834657669,0.6420000195503235,0.436599999666214
YER020W,YGL245W,0,-5.1995845,0.12816929817199707,0.6420000195503235,0.4366999864578247
YGL004C,YER031C,0,-5.199714,0.12814371287822723,0.6420000195503235,0.4368000030517578
YDR113C,YGL046W,0,-5.1997695,0.1281181424856186,0.6420000195503235,0.43689998984336853
YGL246C,YHL009C,0,-5.20017,0.12809257209300995,0.6420000195503235,0.43700000643730164
YPL130W,YJL113W,0,-5.2002077,0.1280670315027237,0.6420000195503235,0.43709999322891235
YBR090C-A,YGR119C,0,-5.200231,0.12804149091243744,0.6420000195503235,0.43720000982284546
YLR329W,YDR170C,0,-5.20057,0.12801595032215118,0.6420000195503235,0.4372999966144562
YNL066W,YJR120W,1,-5.200597,0.1281897872686386,0.6430000066757202,0.4372999966144562
YDR054C,YJR040W,0,-5.200705,0.12816424667835236,0.6430000066757202,0.4374000132083893
YNL264C,YHR088W,0,-5.2008104,0.1281387060880661,0.6430000066757202,0.4375
YCR063W,YPL128C,0,-5.200819,0.12811316549777985,0.6430000066757202,0.4375999867916107
YJL201W,YOR201C,0,-5.2008586,0.12808765470981598,0.6430000066757202,0.4377000033855438
YPR017C,YJL018W,0,-5.2009716,0.1280621439218521,0.6430000066757202,0.43779999017715454
YBR020W,YDR439W,0,-5.2010465,0.12803663313388824,0.6430000066757202,0.43790000677108765
YLR189C,YGR009C,0,-5.2011075,0.12801115214824677,0.6430000066757202,0.43799999356269836
YOL130W,YLR272C,0,-5.20116,0.12798567116260529,0.6430000066757202,0.43810001015663147
YLR304C,YBL080C,1,-5.201182,0.12815921008586884,0.6439999938011169,0.43810001015663147
YIL046W,YHR079C-B,0,-5.2012486,0.12813369929790497,0.6439999938011169,0.4381999969482422
YER122C,YLR196W,0,-5.2013164,0.1281082183122635,0.6439999938011169,0.4383000135421753
YFL035C-A,YGL120C,0,-5.201511,0.128082737326622,0.6439999938011169,0.438400000333786
YNL149C,YBR192W,1,-5.201586,0.12825611233711243,0.6449999809265137,0.438400000333786
YIL049W,YIL066C,0,-5.2016997,0.12823061645030975,0.6449999809265137,0.43849998712539673
YJR057W,YDR490C,0,-5.2017093,0.12820513546466827,0.6449999809265137,0.43860000371932983
YDR339C,YHR031C,1,-5.201729,0.12837837636470795,0.6460000276565552,0.43860000371932983
YLR201C,YNL333W,0,-5.2018857,0.12835286557674408,0.6460000276565552,0.43869999051094055
YOL095C,YBR212W,1,-5.201931,0.1285260170698166,0.6470000147819519,0.43869999051094055
YDR273W,YMR311C,0,-5.2019343,0.12850049138069153,0.6470000147819519,0.43880000710487366
YLR431C,YGL151W,0,-5.201999,0.12847498059272766,0.6470000147819519,0.4388999938964844
YPL048W,YOR179C,0,-5.202111,0.1284494698047638,0.6470000147819519,0.4390000104904175
YMR237W,YOR304W,0,-5.2021165,0.12842397391796112,0.6470000147819519,0.4390999972820282
YLR418C,YKL025C,0,-5.2021384,0.12839849293231964,0.6470000147819519,0.4392000138759613
YDR364C,YIR004W,0,-5.2021475,0.12837301194667816,0.6470000147819519,0.439300000667572
YBR091C,YHR083W,1,-5.20227,0.12854592502117157,0.6480000019073486,0.439300000667572
YGL013C,YCL074W,0,-5.2025485,0.1285204291343689,0.6480000019073486,0.43939998745918274
YLR304C,YNL070W,1,-5.2025757,0.12869323790073395,0.6489999890327454,0.43939998745918274
YOR037W,YOR147W,1,-5.2028475,0.12886597216129303,0.6499999761581421,0.43939998745918274
YDL216C,YML127W,0,-5.2029657,0.12884043157100677,0.6499999761581421,0.43950000405311584
YGL053W,YBR012W-A,0,-5.203054,0.1288149058818817,0.6499999761581421,0.43959999084472656
YDR052C,YIL022W,0,-5.203371,0.12878938019275665,0.6499999761581421,0.43970000743865967
YKR052C,YKL075C,0,-5.203528,0.12876386940479279,0.6499999761581421,0.4397999942302704
YMR232W,YJL034W,0,-5.203814,0.12873835861682892,0.6499999761581421,0.4399000108242035
YLR376C,YCR062W,0,-5.203999,0.12871287763118744,0.6499999761581421,0.4399999976158142
YBL085W,YLR391W-A,0,-5.2042994,0.12868738174438477,0.6499999761581421,0.4401000142097473
YDR480W,YDR027C,0,-5.2043033,0.12866191565990448,0.6499999761581421,0.44020000100135803
YNR035C,YPR125W,1,-5.204412,0.12883435189723969,0.6510000228881836,0.44020000100135803
YHR175W,YPL060W,0,-5.2044435,0.1288088709115982,0.6510000228881836,0.44029998779296875
YAR019C,YKL048C,0,-5.2044435,0.12878338992595673,0.6510000228881836,0.44040000438690186
YKR046C,YGR275W,0,-5.2044578,0.12875790894031525,0.6510000228881836,0.4404999911785126
YGL222C,YHR214C-B,0,-5.2045183,0.12873244285583496,0.6510000228881836,0.4406000077724457
YNR058W,YDL220C,0,-5.2047668,0.12870699167251587,0.6510000228881836,0.4406999945640564
YHL047C,YDR123C,0,-5.204861,0.12868155539035797,0.6510000228881836,0.4408000111579895
YML077W,YFR033C,0,-5.2049055,0.12865611910820007,0.6510000228881836,0.4408999979496002
YKL007W,YOR132W,0,-5.2049117,0.12863071262836456,0.6510000228881836,0.4410000145435333
YPL098C,YML058W,1,-5.204973,0.1288028508424759,0.6520000100135803,0.4410000145435333
YDR363W-A,YOR195W,0,-5.20498,0.1287773996591568,0.6520000100135803,0.44110000133514404
YCR071C,YLR208W,0,-5.2050166,0.1287519782781601,0.6520000100135803,0.44119998812675476
YGR024C,YJR103W,0,-5.20503,0.1287265568971634,0.6520000100135803,0.44130000472068787
YNL099C,YDR202C,0,-5.2052217,0.12870115041732788,0.6520000100135803,0.4413999915122986
YJL021C,YGR280C,0,-5.205274,0.12867574393749237,0.6520000100135803,0.4415000081062317
YLL061W,YHL009C,0,-5.2053113,0.12865035235881805,0.6520000100135803,0.4415999948978424
YMR100W,YBR060C,0,-5.2055516,0.12862497568130493,0.6520000100135803,0.4417000114917755
YFR055W,YLR141W,0,-5.2057157,0.1285995990037918,0.6520000100135803,0.44179999828338623
YMR012W,YGL055W,1,-5.2057376,0.12877143919467926,0.652999997138977,0.44179999828338623
YJL006C,YJL121C,0,-5.2057595,0.12874606251716614,0.652999997138977,0.44190001487731934
YNL233W,YBR037C,0,-5.2057624,0.12872067093849182,0.652999997138977,0.44200000166893005
YNL142W,YGR249W,0,-5.2058063,0.1286953091621399,0.652999997138977,0.44209998846054077
YNL311C,YKL178C,0,-5.2058325,0.12866994738578796,0.652999997138977,0.4422000050544739
YLR370C,YDR296W,1,-5.2058525,0.1288416087627411,0.6539999842643738,0.4422000050544739
YIR021W,YGL095C,0,-5.2059045,0.12881623208522797,0.6539999842643738,0.4422999918460846
YIL040W,YNL008C,0,-5.2060766,0.12879085540771484,0.6539999842643738,0.4424000084400177
YBR158W,YPL110C,0,-5.2062764,0.1287655085325241,0.6539999842643738,0.4424999952316284
YLR270W,YGR170W,0,-5.206289,0.12874016165733337,0.6539999842643738,0.4426000118255615
YOL139C,YGL238W,0,-5.2062907,0.12871481478214264,0.6539999842643738,0.44269999861717224
YMR012W,YLR355C,1,-5.2063584,0.12888626754283905,0.6549999713897705,0.44269999861717224
YGL191W,YHR181W,0,-5.2064404,0.12886090576648712,0.6549999713897705,0.44279998540878296
YJR089W,YOR030W,0,-5.206545,0.1288355588912964,0.6549999713897705,0.44290000200271606
YDR213W,YNL246W,0,-5.20658,0.12881022691726685,0.6549999713897705,0.4429999887943268
YLL016W,YKR059W,0,-5.2066407,0.1287848949432373,0.6549999713897705,0.4431000053882599
YGL241W,YFR037C,0,-5.2068725,0.12875957787036896,0.6549999713897705,0.4431999921798706
YPL181W,YDR147W,0,-5.2071066,0.1287342756986618,0.6549999713897705,0.4433000087738037
YDL174C,YHR014W,0,-5.2071977,0.12870897352695465,0.6549999713897705,0.44339999556541443
YKR065C,YGR202C,0,-5.20721,0.1286836862564087,0.6549999713897705,0.44350001215934753
YNL090W,YDR212W,0,-5.2074413,0.12865841388702393,0.6549999713897705,0.44359999895095825
YML040W,YPR137C-A,0,-5.207553,0.12863315641880035,0.6549999713897705,0.44369998574256897
YPL217C,YPR165W,0,-5.207585,0.12860789895057678,0.6549999713897705,0.4438000023365021
YLL016W,YPR139C,0,-5.207594,0.1285826414823532,0.6549999713897705,0.4438999891281128
YDR335W,YHR111W,0,-5.207602,0.12855741381645203,0.6549999713897705,0.4440000057220459
YKR061W,YOR172W,0,-5.207633,0.12853218615055084,0.6549999713897705,0.4440999925136566
YKL011C,YJL053W,0,-5.2076497,0.12850695848464966,0.6549999713897705,0.4442000091075897
YMR234W,YDR213W,0,-5.2076516,0.12848176062107086,0.6549999713897705,0.44429999589920044
YHR183W,YOR307C,0,-5.207664,0.12845656275749207,0.6549999713897705,0.44440001249313354
YJR119C,YJR097W,0,-5.2078104,0.12843137979507446,0.6549999713897705,0.44449999928474426
YIL062C,YOL095C,1,-5.2078443,0.12860223650932312,0.656000018119812,0.44449999928474426
YGL020C,YHR083W,1,-5.207979,0.128773033618927,0.6570000052452087,0.44449999928474426
YER171W,YGL249W,0,-5.2079873,0.12874779105186462,0.6570000052452087,0.444599986076355
YDR039C,YDR311W,0,-5.208011,0.12872256338596344,0.6570000052452087,0.4447000026702881
YOR341W,YLR337W,0,-5.2083545,0.12869735062122345,0.6570000052452087,0.4447999894618988
YDL098C,YJR045C,0,-5.2084813,0.12867215275764465,0.6570000052452087,0.4449000060558319
YMR234W,YNL287W,0,-5.2084856,0.12864695489406586,0.6570000052452087,0.4449999928474426
YIL147C,YOR148C,0,-5.208506,0.12862177193164825,0.6570000052452087,0.44510000944137573
YER117W,YNR048W,0,-5.208543,0.12859658896923065,0.6570000052452087,0.44519999623298645
YER117W,YJL035C,0,-5.2089095,0.12857143580913544,0.6570000052452087,0.44530001282691956
YGL222C,YFL045C,0,-5.208981,0.12854626774787903,0.6570000052452087,0.4453999996185303
YBR145W,YAL012W,0,-5.209454,0.128521129488945,0.6570000052452087,0.445499986410141
YDR148C,YLR208W,0,-5.2095056,0.128495991230011,0.6570000052452087,0.4456000030040741
YLR368W,YHR083W,1,-5.2095137,0.12866640090942383,0.6579999923706055,0.4456000030040741
YLL001W,YMR134W,1,-5.2096562,0.1288367509841919,0.6589999794960022,0.4456000030040741
YHR194W,YHR031C,1,-5.209864,0.12900704145431519,0.6600000262260437,0.4456000030040741
YAL033W,YKR037C,0,-5.209984,0.1289818286895752,0.6600000262260437,0.4456999897956848
YGR007W,YNL207W,0,-5.2099977,0.1289566308259964,0.6600000262260437,0.4458000063896179
YLR380W,YNL025C,0,-5.2100406,0.1289314329624176,0.6600000262260437,0.44589999318122864
YJR077C,YBR260C,0,-5.2100787,0.12890625,0.6600000262260437,0.44600000977516174
YPL164C,YIL013C,0,-5.210087,0.1288810819387436,0.6600000262260437,0.44609999656677246
YBR043C,YBR002C,0,-5.2102313,0.12885591387748718,0.6600000262260437,0.44620001316070557
YPR103W,YBR152W,0,-5.21029,0.12883076071739197,0.6600000262260437,0.4462999999523163
YGL240W,YEL032W,0,-5.2103047,0.12880562245845795,0.6600000262260437,0.446399986743927
YOR201C,YGR220C,0,-5.2104387,0.12878048419952393,0.6600000262260437,0.4465000033378601
YPR001W,YMR021C,0,-5.210495,0.1287553608417511,0.6600000262260437,0.4465999901294708
YHR094C,YFL035C-A,0,-5.210547,0.12873025238513947,0.6600000262260437,0.44670000672340393
YLL018C-A,YLR005W,0,-5.2105675,0.12870514392852783,0.6600000262260437,0.44679999351501465
YBR029C,YML130C,0,-5.21083,0.1286800503730774,0.6600000262260437,0.44690001010894775
YGR120C,YHR079C-B,0,-5.2108994,0.12865497171878815,0.6600000262260437,0.44699999690055847
YPL048W,YJL190C,0,-5.21109,0.1286298930644989,0.6600000262260437,0.4471000134944916
YNL270C,YGR007W,0,-5.2111106,0.12860482931137085,0.6600000262260437,0.4472000002861023
YOR195W,YJL113W,0,-5.211211,0.128579780459404,0.6600000262260437,0.447299987077713
YPL048W,YAL001C,0,-5.2115474,0.12855473160743713,0.6600000262260437,0.4474000036716461
YLR157C,YBR283C,0,-5.21155,0.12852969765663147,0.6600000262260437,0.44749999046325684
YDR258C,YPR024W,1,-5.211599,0.1286993771791458,0.6610000133514404,0.44749999046325684
YLR115W,YDR243C,0,-5.211685,0.12867432832717896,0.6610000133514404,0.44760000705718994
YNL091W,YDR023W,0,-5.21169,0.1286492794752121,0.6610000133514404,0.44769999384880066
YFL003C,YOR290C,0,-5.2118344,0.12862424552440643,0.6610000133514404,0.44780001044273376
YDR420W,YMR004W,0,-5.2118773,0.12859922647476196,0.6610000133514404,0.4478999972343445
YCL033C,YOR356W,0,-5.211928,0.1285742074251175,0.6610000133514404,0.4480000138282776
YER146W,YNL128W,0,-5.212115,0.12854920327663422,0.6610000133514404,0.4481000006198883
YHR194W,YNL310C,1,-5.2121863,0.12871864438056946,0.6620000004768372,0.4481000006198883
YIL075C,YOR129C,0,-5.212417,0.128693625330925,0.6620000004768372,0.448199987411499
YPR007C,YOR054C,0,-5.212418,0.12866860628128052,0.6620000004768372,0.44830000400543213
YNL297C,YER018C,0,-5.212437,0.12864360213279724,0.6620000004768372,0.44839999079704285
YJL201W,YOR307C,0,-5.2124686,0.12861861288547516,0.6620000004768372,0.44850000739097595
YNL166C,YLR055C,0,-5.2125754,0.12859362363815308,0.6620000004768372,0.44859999418258667
YJL108C,YHR030C,0,-5.2126584,0.1285686492919922,0.6620000004768372,0.4487000107765198
YDR258C,YCL044C,1,-5.2127547,0.12873786687850952,0.6629999876022339,0.4487000107765198
YOL077C,YNL232W,0,-5.2127705,0.12871287763118744,0.6629999876022339,0.4487999975681305
YGL004C,YLR346C,0,-5.212798,0.12868788838386536,0.6629999876022339,0.4489000141620636
YKR026C,YPR009W,0,-5.2128043,0.12866291403770447,0.6629999876022339,0.4490000009536743
YIL062C,YML058W,1,-5.2132535,0.12883198261260986,0.6639999747276306,0.4490000009536743
YDL116W,YGR275W,0,-5.21326,0.1288069784641266,0.6639999747276306,0.44909998774528503
YPL178W,YFR046C,0,-5.2133813,0.1287820041179657,0.6639999747276306,0.44920000433921814
YOL077C,YLR391W,0,-5.2134814,0.1287570297718048,0.6639999747276306,0.44929999113082886
YGR075C,YBR250W,0,-5.2135205,0.12873207032680511,0.6639999747276306,0.44940000772476196
YDR158W,YLR313C,0,-5.2135344,0.12870711088180542,0.6639999747276306,0.4494999945163727
YGL105W,YER035W,0,-5.213638,0.12868216633796692,0.6639999747276306,0.4496000111103058
YKL060C,YMR051C,0,-5.21365,0.1286572366952896,0.6639999747276306,0.4496999979019165
YLR127C,YDR054C,0,-5.213671,0.1286323070526123,0.6639999747276306,0.4498000144958496
YPR178W,YDL138W,0,-5.2138495,0.1286073923110962,0.6639999747276306,0.4499000012874603
YDR191W,YBR090C-A,0,-5.214049,0.12858249247074127,0.6639999747276306,0.44999998807907104
YPL177C,YPL019C,0,-5.214236,0.12855759263038635,0.6639999747276306,0.45010000467300415
YPR163C,YDR495C,0,-5.214397,0.12853270769119263,0.6639999747276306,0.45019999146461487
YML023C,YDL185W,0,-5.214402,0.1285078376531601,0.6639999747276306,0.450300008058548
YJL063C,YMR134W,1,-5.2144847,0.12867647409439087,0.6650000214576721,0.450300008058548
YOR195W,YLR136C,0,-5.214502,0.12865157425403595,0.6650000214576721,0.4503999948501587
YGL175C,YLL017W,0,-5.214513,0.12862668931484222,0.6650000214576721,0.4505000114440918
YML058W,YMR134W,1,-5.2146153,0.12879520654678345,0.6660000085830688,0.4505000114440918
YOR381W,YGR119C,0,-5.2147613,0.12877030670642853,0.6660000085830688,0.4505999982357025
YGL192W,YLR086W,0,-5.214805,0.1287454068660736,0.6660000085830688,0.4507000148296356
YOL066C,YGR094W,0,-5.214948,0.12872052192687988,0.6660000085830688,0.45080000162124634
YNL072W,YML010W,0,-5.2149878,0.12869565188884735,0.6660000085830688,0.45089998841285706
YAL042W,YBR275C,0,-5.2150245,0.12867078185081482,0.6660000085830688,0.45100000500679016
YMR237W,YMR046C,0,-5.2150545,0.12864592671394348,0.6660000085830688,0.4510999917984009
YDL142C,YPR125W,1,-5.215057,0.1288142204284668,0.6669999957084656,0.4510999917984009
YDR435C,YKL035W,0,-5.2150645,0.12878933548927307,0.6669999957084656,0.451200008392334
YOR011W,YGL192W,0,-5.2150726,0.12876448035240173,0.6669999957084656,0.4512999951839447
YIL062C,YLR355C,1,-5.2151837,0.1289326399564743,0.6679999828338623,0.4512999951839447
YDR039C,YDR227W,0,-5.215389,0.12890775501728058,0.6679999828338623,0.4514000117778778
YML104C,YNL310C,1,-5.215408,0.129075825214386,0.6690000295639038,0.4514000117778778
YGL094C,YLR264W,0,-5.21547,0.12905092537403107,0.6690000295639038,0.4514999985694885
YMR078C,YIR022W,0,-5.215606,0.12902604043483734,0.6690000295639038,0.45159998536109924
YDR524C,YAL055W,0,-5.21571,0.12900115549564362,0.6690000295639038,0.45170000195503235
YBL100W-B,YIL082W-A,0,-5.2157717,0.12897628545761108,0.6690000295639038,0.45179998874664307
YBR158W,YER082C,0,-5.215881,0.12895143032073975,0.6690000295639038,0.45190000534057617
YJR042W,YLR086W,0,-5.215902,0.1289265751838684,0.6690000295639038,0.4519999921321869
YGR264C,YGR002C,0,-5.215924,0.12890173494815826,0.6690000295639038,0.45210000872612
YNL038W,YDR238C,0,-5.2160354,0.12887690961360931,0.6690000295639038,0.4521999955177307
YGR063C,YJL035C,0,-5.216071,0.12885208427906036,0.6690000295639038,0.4523000121116638
YGL027C,YKL195W,0,-5.2161527,0.1288272738456726,0.6690000295639038,0.45239999890327454
YGR278W,YKL075C,0,-5.216319,0.12880246341228485,0.6690000295639038,0.45249998569488525
YLR144C,YOL100W,0,-5.216375,0.1287776678800583,0.6690000295639038,0.45260000228881836
YOL139C,YLR212C,0,-5.216384,0.12875288724899292,0.6690000295639038,0.4526999890804291
YKL208W,YBR152W,0,-5.2165575,0.12872810661792755,0.6690000295639038,0.4528000056743622
YPL228W,YDR148C,0,-5.216559,0.12870334088802338,0.6690000295639038,0.4528999924659729
YPL018W,YOL088C,0,-5.2165675,0.1286785900592804,0.6690000295639038,0.453000009059906
YMR012W,YDR258C,1,-5.2167015,0.1288461536169052,0.6700000166893005,0.453000009059906
YCL044C,YFL036W,1,-5.216814,0.12901365756988525,0.6710000038146973,0.453000009059906
YMR056C,YER027C,0,-5.2168584,0.1289888471364975,0.6710000038146973,0.4530999958515167
YKL025C,YHL028W,0,-5.2170677,0.12896406650543213,0.6710000038146973,0.45320001244544983
YIL013C,YOL004W,0,-5.217292,0.12893927097320557,0.6710000038146973,0.45329999923706055
YEL013W,YAR035W,0,-5.2173915,0.1289145052433014,0.6710000038146973,0.45339998602867126
YGL104C,YHR214C-B,0,-5.2174788,0.12888973951339722,0.6710000038146973,0.45350000262260437
YMR314W,YDL230W,0,-5.2176924,0.12886498868465424,0.6710000038146973,0.4535999894142151
YOR266W,YML058W,1,-5.217895,0.12903225421905518,0.671999990940094,0.4535999894142151
YIL128W,YKR037C,0,-5.217951,0.129007488489151,0.671999990940094,0.4537000060081482
YGL054C,YNL294C,0,-5.2179737,0.12898272275924683,0.671999990940094,0.4537999927997589
YDL004W,YJL090C,0,-5.218213,0.12895797193050385,0.671999990940094,0.453900009393692
YBR234C,YML104C,1,-5.218223,0.12912510335445404,0.6729999780654907,0.453900009393692
YJL081C,YCL062W,0,-5.218232,0.12910032272338867,0.6729999780654907,0.45399999618530273
YDL029W,YOL076W,1,-5.2182393,0.1292673498392105,0.6740000247955322,0.45399999618530273
YFL041W,YOR014W,0,-5.2182612,0.12924256920814514,0.6740000247955322,0.45410001277923584
YBR228W,YJL056C,0,-5.2183356,0.12921778857707977,0.6740000247955322,0.45419999957084656
YDR088C,YPR095C,0,-5.2183995,0.1291930228471756,0.6740000247955322,0.4542999863624573
YBR133C,YML034W,0,-5.2184997,0.12916825711727142,0.6740000247955322,0.4544000029563904
YNL169C,YFR052W,0,-5.2186866,0.12914352118968964,0.6740000247955322,0.4544999897480011
YNL288W,YML074C,0,-5.2187295,0.12911877036094666,0.6740000247955322,0.4546000063419342
YNL245C,YER035W,0,-5.2187405,0.12909404933452606,0.6740000247955322,0.4546999931335449
YMR280C,YDR272W,0,-5.2187896,0.12906932830810547,0.6740000247955322,0.454800009727478
YKL186C,YCL020W,0,-5.2191186,0.12904460728168488,0.6740000247955322,0.45489999651908875
YOR208W,YHL027W,0,-5.2192845,0.12901990115642548,0.6740000247955322,0.45500001311302185
YML099C,YGR091W,0,-5.219339,0.12899520993232727,0.6740000247955322,0.45509999990463257
YDR363W,YCR020C-A,0,-5.2195573,0.12897053360939026,0.6740000247955322,0.4551999866962433
YGR238C,YOR362C,0,-5.21961,0.12894585728645325,0.6740000247955322,0.4553000032901764
YOR334W,YBR283C,0,-5.219961,0.12892119586467743,0.6740000247955322,0.4553999900817871
YIL153W,YDR131C,0,-5.2200522,0.1288965344429016,0.6740000247955322,0.4555000066757202
YMR250W,YLR039C,0,-5.220115,0.128871887922287,0.6740000247955322,0.45559999346733093
YLR238W,YDR363W-A,0,-5.2201786,0.12884725630283356,0.6740000247955322,0.45570001006126404
YIL112W,YDR122W,0,-5.2203555,0.12882262468338013,0.6740000247955322,0.45579999685287476
YML004C,YGL008C,0,-5.220517,0.1287980079650879,0.6740000247955322,0.45590001344680786
YKL093W,YCR012W,0,-5.22064,0.12877340614795685,0.6740000247955322,0.4560000002384186
YJL095W,YER072W,0,-5.2206626,0.1287488043308258,0.6740000247955322,0.4560999870300293
YDR263C,YMR203W,0,-5.2207246,0.12872421741485596,0.6740000247955322,0.4562000036239624
YJL110C,YPL120W,0,-5.2208695,0.1286996304988861,0.6740000247955322,0.4562999904155731
YFL029C,YGL211W,0,-5.2209144,0.12867507338523865,0.6740000247955322,0.4564000070095062
YIL051C,YNL149C,1,-5.2209725,0.12884138524532318,0.675000011920929,0.4564000070095062
YER146W,YDL007W,0,-5.221053,0.12881679832935333,0.675000011920929,0.45649999380111694
YGL058W,YBR231C,0,-5.2211723,0.12879221141338348,0.675000011920929,0.45660001039505005
YDR364C,YOL111C,0,-5.2212462,0.12876763939857483,0.675000011920929,0.45669999718666077
YKL048C,YLL027W,0,-5.221294,0.12874308228492737,0.675000011920929,0.45680001378059387
YJL073W,YPR009W,0,-5.2214446,0.1287185400724411,0.675000011920929,0.4569000005722046
YMR305C,YNL332W,0,-5.2215543,0.12869399785995483,0.675000011920929,0.4569999873638153
YBR217W,YKL048C,0,-5.2218003,0.12866945564746857,0.675000011920929,0.4571000039577484
YDR195W,YMR079W,0,-5.2219005,0.1286449432373047,0.675000011920929,0.45719999074935913
YPR188C,YJR002W,0,-5.222031,0.1286204308271408,0.675000011920929,0.45730000734329224
YBR182C,YDR532C,0,-5.222111,0.12859591841697693,0.675000011920929,0.45739999413490295
YIL009C-A,YGR030C,0,-5.2221284,0.12857143580913544,0.675000011920929,0.45750001072883606
YLR370C,YBR091C,1,-5.222132,0.12873739004135132,0.6759999990463257,0.45750001072883606
YPL116W,YEL065W,0,-5.2221756,0.12871287763118744,0.6759999990463257,0.4575999975204468
YNL059C,YER149C,0,-5.222363,0.12868836522102356,0.6759999990463257,0.4577000141143799
YPL021W,YBR267W,0,-5.2223687,0.12866386771202087,0.6759999990463257,0.4578000009059906
YLR015W,YHR026W,0,-5.2223735,0.12863938510417938,0.6759999990463257,0.4578999876976013
YNL030W,YLR191W,0,-5.2223964,0.12861491739749908,0.6759999990463257,0.4580000042915344
YPL187W,YGL129C,0,-5.222486,0.1285904496908188,0.6759999990463257,0.45809999108314514
YHL019C,YDL003W,0,-5.2225194,0.12856599688529968,0.6759999990463257,0.45820000767707825
YPR175W,YDL244W,0,-5.222604,0.12854154407978058,0.6759999990463257,0.45829999446868896
YPL242C,YIL118W,0,-5.2227464,0.12851710617542267,0.6759999990463257,0.45840001106262207
YGL236C,YOR172W,0,-5.222776,0.12849268317222595,0.6759999990463257,0.4584999978542328
YDR420W,YFL014W,0,-5.222842,0.12846826016902924,0.6759999990463257,0.4586000144481659
YBL085W,YOL033W,0,-5.2228427,0.1284438520669937,0.6759999990463257,0.4587000012397766
YNL261W,YML007W,0,-5.222882,0.12841945886611938,0.6759999990463257,0.45879998803138733
YBL057C,YGL113W,0,-5.222972,0.12839506566524506,0.6759999990463257,0.45890000462532043
YNL038W,YDR477W,0,-5.223316,0.12837067246437073,0.6759999990463257,0.45899999141693115
YLR276C,YCL055W,0,-5.223428,0.1283463090658188,0.6759999990463257,0.45910000801086426
YDR142C,YDL020C,0,-5.223558,0.12832194566726685,0.6759999990463257,0.459199994802475
YDL039C,YLR075W,0,-5.2236543,0.1282975822687149,0.6759999990463257,0.4593000113964081
YNR058W,YDR246W,0,-5.223769,0.12827324867248535,0.6759999990463257,0.4593999981880188
YBL097W,YCL024W,0,-5.223827,0.1282489150762558,0.6759999990463257,0.4595000147819519
YJL039C,YIL160C,0,-5.2240205,0.12822458148002625,0.6759999990463257,0.4596000015735626
YMR309C,YEL050C,0,-5.224159,0.12820026278495789,0.6759999990463257,0.45969998836517334
YDR235W,YKL088W,0,-5.224252,0.12817595899105072,0.6759999990463257,0.45980000495910645
YPR171W,YPL243W,0,-5.2242656,0.12815165519714355,0.6759999990463257,0.45989999175071716
YER015W,YGL136C,0,-5.2242956,0.12812736630439758,0.6759999990463257,0.46000000834465027
YNL082W,YBL014C,0,-5.2245126,0.1281030923128128,0.6759999990463257,0.460099995136261
YML092C,YDR398W,0,-5.2246337,0.12807881832122803,0.6759999990463257,0.4602000117301941
YMR234W,YNR034W,0,-5.224678,0.12805455923080444,0.6759999990463257,0.4602999985218048
YFR027W,YGR214W,0,-5.2247267,0.12803030014038086,0.6759999990463257,0.4603999853134155
YML104C,YPR131C,1,-5.2247663,0.12819541990756989,0.6769999861717224,0.4603999853134155
YML074C,YCL017C,0,-5.224914,0.1281711459159851,0.6769999861717224,0.46050000190734863
YER061C,YMR146C,0,-5.2249722,0.12814688682556152,0.6769999861717224,0.46059998869895935
YFL033C,YMR236W,0,-5.2252803,0.12812262773513794,0.6769999861717224,0.46070000529289246
YNL126W,YDR218C,0,-5.225366,0.12809839844703674,0.6769999861717224,0.4607999920845032
YGR152C,YLR132C,0,-5.225429,0.12807415425777435,0.6769999861717224,0.4609000086784363
YGL063W,YLL012W,0,-5.2254467,0.12804993987083435,0.6769999861717224,0.460999995470047
YOL143C,YPL120W,0,-5.2254996,0.12802572548389435,0.6769999861717224,0.4611000120639801
YDR273W,YLR303W,0,-5.225571,0.12800151109695435,0.6769999861717224,0.4611999988555908
YGL124C,YLR313C,0,-5.2259526,0.12797731161117554,0.6769999861717224,0.46129998564720154
YOL001W,YPL218W,0,-5.2259693,0.12795312702655792,0.6769999861717224,0.46140000224113464
YDL029W,YML104C,1,-5.2260385,0.12811791896820068,0.6779999732971191,0.46140000224113464
YLR319C,YJR103W,0,-5.2260404,0.12809370458126068,0.6779999732971191,0.46149998903274536
YJL207C,YKR057W,0,-5.2260795,0.12806951999664307,0.6779999732971191,0.46160000562667847
YLR368W,YDL217C,1,-5.2262354,0.12823417782783508,0.6790000200271606,0.46160000562667847
YDL188C,YGR024C,0,-5.226351,0.12820996344089508,0.6790000200271606,0.4616999924182892
YMR305C,YER018C,0,-5.2263966,0.12818576395511627,0.6790000200271606,0.4618000090122223
YGR128C,YHR048W,0,-5.2264524,0.12816156446933746,0.6790000200271606,0.461899995803833
YOR150W,YBR043C,0,-5.2264676,0.12813737988471985,0.6790000200271606,0.4620000123977661
YGR220C,YOR230W,0,-5.226586,0.12811321020126343,0.6790000200271606,0.46209999918937683
YIL048W,YGR095C,0,-5.2265964,0.128089040517807,0.6790000200271606,0.46219998598098755
YPL022W,YDL212W,0,-5.2267423,0.12806488573551178,0.6790000200271606,0.46230000257492065
YPL221W,YBR080C,0,-5.2267585,0.12804073095321655,0.6790000200271606,0.46239998936653137
YIL017C,YOL105C,0,-5.2268014,0.12801659107208252,0.6790000200271606,0.4625000059604645
YGR261C,YGL086W,0,-5.226904,0.12799246609210968,0.6790000200271606,0.4625999927520752
YKL149C,YML131W,0,-5.227031,0.12796834111213684,0.6790000200271606,0.4627000093460083
YMR012W,YHR194W,1,-5.2271357,0.1281326562166214,0.6800000071525574,0.4627000093460083
YMR236W,YHR214C-B,0,-5.2271886,0.12810851633548737,0.6800000071525574,0.462799996137619
YJL021C,YGL211W,0,-5.227223,0.12808439135551453,0.6800000071525574,0.4629000127315521
YJL111W,YJR029W,0,-5.2273765,0.1280602663755417,0.6800000071525574,0.46299999952316284
YGR163W,YHR026W,0,-5.227486,0.12803615629673004,0.6800000071525574,0.46309998631477356
YEL063C,YBR006W,0,-5.227653,0.1280120462179184,0.6800000071525574,0.46320000290870667
YPL156C,YNR048W,0,-5.227745,0.12798795104026794,0.6800000071525574,0.4632999897003174
YGL142C,YDL224C,0,-5.227784,0.1279638707637787,0.6800000071525574,0.4634000062942505
YEL015W,YBL039C,0,-5.227799,0.12793979048728943,0.6800000071525574,0.4634999930858612
YLR155C,YPL138C,0,-5.227801,0.12791572511196136,0.6800000071525574,0.4636000096797943
YLR452C,YIL080W,0,-5.227823,0.1278916746377945,0.6800000071525574,0.46369999647140503
YOR232W,YCR026C,0,-5.2279105,0.12786762416362762,0.6800000071525574,0.46380001306533813
YJL081C,YOR260W,0,-5.2279124,0.12784357368946075,0.6800000071525574,0.46389999985694885
YDL117W,YLR126C,0,-5.2281246,0.12781955301761627,0.6800000071525574,0.46399998664855957
YDL145C,YKL154W,0,-5.2283025,0.1277955323457718,0.6800000071525574,0.4641000032424927
YIR037W,YJL117W,0,-5.2284284,0.1277715116739273,0.6800000071525574,0.4641999900341034
YDR356W,YJL156C,0,-5.2284403,0.12774750590324402,0.6800000071525574,0.4643000066280365
YCL044C,YNL149C,1,-5.22848,0.12791134417057037,0.6809999942779541,0.4643000066280365
YER129W,YLR181C,0,-5.2284927,0.1278873234987259,0.6809999942779541,0.4643999934196472
YKL110C,YJL128C,0,-5.2285285,0.1278633177280426,0.6809999942779541,0.4645000100135803
YFR036W,YNL251C,0,-5.2286286,0.12783931195735931,0.6809999942779541,0.46459999680519104
YBR278W,YPR070W,0,-5.2287874,0.12781532108783722,0.6809999942779541,0.46470001339912415
YPL164C,YGL257C,0,-5.2289457,0.12779133021831512,0.6809999942779541,0.46480000019073486
YOR267C,YMR043W,0,-5.2289534,0.12776735424995422,0.6809999942779541,0.4648999869823456
YHL048W,YIR013C,0,-5.228975,0.12774339318275452,0.6809999942779541,0.4650000035762787
YLL018C-A,YPL211W,0,-5.229023,0.1277194321155548,0.6809999942779541,0.4650999903678894
YER142C,YLL012W,0,-5.229234,0.1276954859495163,0.6809999942779541,0.4652000069618225
YOR363C,YOR008C-A,0,-5.2292824,0.12767153978347778,0.6809999942779541,0.4652999937534332
YOL078W,YBR159W,0,-5.2293606,0.12764760851860046,0.6809999942779541,0.46540001034736633
YNR033W,YOR063W,0,-5.229481,0.12762369215488434,0.6809999942779541,0.46549999713897705
YLR242C,YLR335W,0,-5.229614,0.1275997757911682,0.6809999942779541,0.46560001373291016
YMR125W,YOL129W,0,-5.229654,0.12757587432861328,0.6809999942779541,0.4657000005245209
YLR435W,YOR008C-A,0,-5.22968,0.12755197286605835,0.6809999942779541,0.4657999873161316
YKL170W,YJL198W,0,-5.2297297,0.1275280863046646,0.6809999942779541,0.4659000039100647
YNR056C,YDR198C,0,-5.229887,0.12750421464443207,0.6809999942779541,0.4659999907016754
YPR201W,YMR035W,0,-5.2299137,0.12748034298419952,0.6809999942779541,0.4661000072956085
YDL220C,YNL031C,0,-5.2300634,0.12745648622512817,0.6809999942779541,0.46619999408721924
YDR280W,YDR409W,0,-5.230144,0.12743262946605682,0.6809999942779541,0.46630001068115234
YPL188W,YML085C,0,-5.230251,0.12740878760814667,0.6809999942779541,0.46639999747276306
YDR309C,YPR101W,0,-5.2303014,0.1273849606513977,0.6809999942779541,0.46650001406669617
YGR020C,YLR466W,0,-5.230532,0.12736113369464874,0.6809999942779541,0.4666000008583069
YKL194C,YOL102C,0,-5.230605,0.12733732163906097,0.6809999942779541,0.4666999876499176
YOL003C,YGL046W,0,-5.2306466,0.1273135095834732,0.6809999942779541,0.4668000042438507
YIL105C,YML034W,0,-5.230819,0.12728971242904663,0.6809999942779541,0.4668999910354614
YDL126C,YGR143W,0,-5.230902,0.12726593017578125,0.6809999942779541,0.46700000762939453
YOR257W,YER068W,0,-5.2309523,0.12724214792251587,0.6809999942779541,0.46709999442100525
YPR165W,YOR229W,0,-5.231004,0.12721838057041168,0.6809999942779541,0.46720001101493835
YFL010W-A,YMR208W,0,-5.231112,0.1271946281194687,0.6809999942779541,0.4672999978065491
YBR022W,YER013W,0,-5.2311463,0.1271708756685257,0.6809999942779541,0.4674000144004822
YOR054C,YJL139C,0,-5.231197,0.1271471232175827,0.6809999942779541,0.4675000011920929
YMR322C,YDR310C,0,-5.2312117,0.1271233856678009,0.6809999942779541,0.4675999879837036
YGL253W,YNL106C,0,-5.23124,0.1270996630191803,0.6809999942779541,0.4677000045776367
YPL001W,YMR140W,0,-5.231271,0.1270759403705597,0.6809999942779541,0.46779999136924744
YBR114W,YNL032W,0,-5.2313313,0.12705223262310028,0.6809999942779541,0.46790000796318054
YDR254W,YAL012W,0,-5.2314677,0.12702853977680206,0.6809999942779541,0.46799999475479126
YLR069C,YDR479C,0,-5.2315483,0.12700484693050385,0.6809999942779541,0.46810001134872437
YGL223C,YGL169W,0,-5.2315497,0.12698116898536682,0.6809999942779541,0.4681999981403351
YPL031C,YMR203W,0,-5.231701,0.1269574910402298,0.6809999942779541,0.4683000147342682
YPL028W,YCR009C,0,-5.2317796,0.12693382799625397,0.6809999942779541,0.4684000015258789
YJL014W,YPL125W,0,-5.2319283,0.12691017985343933,0.6809999942779541,0.4684999883174896
YIL038C,YLR045C,0,-5.2319403,0.1268865317106247,0.6809999942779541,0.46860000491142273
YNL288W,YER109C,0,-5.232064,0.12686289846897125,0.6809999942779541,0.46869999170303345
YOR368W,YDL185W,0,-5.2322063,0.1268392652273178,0.6809999942779541,0.46880000829696655
YHR133C,YKL070W,0,-5.232366,0.12681564688682556,0.6809999942779541,0.46889999508857727
YER107C,YPR188C,0,-5.23253,0.1267920285463333,0.6809999942779541,0.4690000116825104
YJR050W,YNL236W,0,-5.232661,0.12676842510700226,0.6809999942779541,0.4690999984741211
YCR002C,YOR346W,0,-5.232812,0.1267448365688324,0.6809999942779541,0.4691999852657318
YGR284C,YHR178W,0,-5.2328324,0.12672124803066254,0.6809999942779541,0.4693000018596649
YLR028C,YPR001W,0,-5.232856,0.12669767439365387,0.6809999942779541,0.46939998865127563
YCR088W,YER118C,0,-5.232922,0.1266741007566452,0.6809999942779541,0.46950000524520874
YML104C,YDL217C,1,-5.232981,0.12683652341365814,0.6819999814033508,0.46950000524520874
YKL095W,YKL214C,0,-5.2330976,0.12681293487548828,0.6819999814033508,0.46959999203681946
YKR046C,YLR337W,0,-5.233115,0.12678936123847961,0.6819999814033508,0.46970000863075256
YGR098C,YBR111W-A,0,-5.233435,0.12676580250263214,0.6819999814033508,0.4697999954223633
YIL004C,YLR047C,0,-5.2334785,0.12674224376678467,0.6819999814033508,0.4699000120162964
YDR212W,YDR472W,0,-5.2335105,0.1267186850309372,0.6819999814033508,0.4699999988079071
YER045C,YDL154W,0,-5.2335124,0.1266951560974121,0.6819999814033508,0.4700999855995178
YJL196C,YGL153W,0,-5.2336054,0.12667161226272583,0.6819999814033508,0.4702000021934509
YLL001W,YNL070W,1,-5.233715,0.12683379650115967,0.6830000281333923,0.4702000021934509
YMR240C,YMR305C,0,-5.23388,0.1268102526664734,0.6830000281333923,0.47029998898506165
YMR290C,YHR039C-B,0,-5.233987,0.1267867088317871,0.6830000281333923,0.47040000557899475
YBR247C,YGR042W,0,-5.234059,0.12676317989826202,0.6830000281333923,0.47049999237060547
YNL072W,YER031C,0,-5.2341084,0.12673965096473694,0.6830000281333923,0.4706000089645386
YLR303W,YIL122W,0,-5.234124,0.12671613693237305,0.6830000281333923,0.4706999957561493
YFR055W,YGR206W,0,-5.234198,0.12669263780117035,0.6830000281333923,0.4708000123500824
YPL122C,YJR029W,0,-5.234211,0.12666913866996765,0.6830000281333923,0.4708999991416931
YHR120W,YNL121C,1,-5.234314,0.1268310844898224,0.6840000152587891,0.4708999991416931
YOR355W,YML023C,0,-5.2343755,0.1268075704574585,0.6840000152587891,0.47099998593330383
YCR098C,YML031W,0,-5.234517,0.1267840564250946,0.6840000152587891,0.47110000252723694
YMR029C,YMR210W,0,-5.2345653,0.1267605572938919,0.6840000152587891,0.47119998931884766
YIL079C,YBR088C,0,-5.234699,0.1267370730638504,0.6840000152587891,0.47130000591278076
YDR424C,YGR080W,0,-5.234762,0.1267136037349701,0.6840000152587891,0.4713999927043915
YDL095W,YJL140W,0,-5.234778,0.12669013440608978,0.6840000152587891,0.4715000092983246
YIL095W,YPR007C,0,-5.234928,0.12666666507720947,0.6840000152587891,0.4715999960899353
YDR093W,YDL003W,0,-5.2351317,0.12664321064949036,0.6840000152587891,0.4717000126838684
YDL069C,YMR153W,0,-5.2351546,0.12661977112293243,0.6840000152587891,0.4717999994754791
YKL186C,YDR529C,0,-5.235459,0.1265963315963745,0.6840000152587891,0.47189998626708984
YMR162C,YPL151C,0,-5.2355,0.12657290697097778,0.6840000152587891,0.47200000286102295
YPR167C,YPL096W,0,-5.235657,0.12654949724674225,0.6840000152587891,0.47209998965263367
YNL127W,YCR033W,0,-5.2358108,0.1265260875225067,0.6840000152587891,0.4722000062465668
YNL278W,YJL102W,0,-5.23585,0.12650267779827118,0.6840000152587891,0.4722999930381775
YKR076W,YPL221W,0,-5.2359166,0.12647928297519684,0.6840000152587891,0.4724000096321106
YGR195W,YPR101W,0,-5.236032,0.1264559030532837,0.6840000152587891,0.4724999964237213
YBR039W,YGR092W,0,-5.236214,0.12643253803253174,0.6840000152587891,0.4726000130176544
YDR527W,YIL056W,0,-5.2363906,0.12640917301177979,0.6840000152587891,0.47269999980926514
YCL066W,YDR495C,0,-5.2364173,0.12638580799102783,0.6840000152587891,0.47279998660087585
YGL105W,YOR145C,0,-5.2364526,0.12636245787143707,0.6840000152587891,0.47290000319480896
YKL135C,YJL080C,0,-5.2364683,0.1263391226530075,0.6840000152587891,0.4729999899864197
YDL181W,YKL038W,0,-5.23653,0.12631578743457794,0.6840000152587891,0.4731000065803528
YNR001C,YBR205W,0,-5.23657,0.12629246711730957,0.6840000152587891,0.4731999933719635
YEL017C-A,YHR066W,0,-5.236593,0.1262691468000412,0.6840000152587891,0.4733000099658966
YOR381W,YOL064C,0,-5.236796,0.12624584138393402,0.6840000152587891,0.4733999967575073
YMR044W,YDL033C,0,-5.2368226,0.12622255086898804,0.6840000152587891,0.47350001335144043
YMR264W,YOL123W,0,-5.2369065,0.12619926035404205,0.6840000152587891,0.47360000014305115
YCR060W,YDR324C,0,-5.2369876,0.12617598474025726,0.6840000152587891,0.47369998693466187
YBR112C,YOR229W,0,-5.237061,0.12615270912647247,0.6840000152587891,0.47380000352859497
YLR286C,YDL109C,0,-5.237168,0.12612944841384888,0.6840000152587891,0.4738999903202057
YKL029C,YGL172W,0,-5.237306,0.12610618770122528,0.6840000152587891,0.4740000069141388
YJR105W,YFL060C,0,-5.2374516,0.12608294188976288,0.6840000152587891,0.4740999937057495
YIL042C,YCR009C,0,-5.2374997,0.12605971097946167,0.6840000152587891,0.4742000102996826
YJL207C,YBR088C,0,-5.237552,0.12603648006916046,0.6840000152587891,0.47429999709129333
YNL075W,YLR254C,0,-5.237571,0.12601326406002045,0.6840000152587891,0.47440001368522644
YOR266W,YHR031C,1,-5.2376704,0.12617425620555878,0.6850000023841858,0.47440001368522644
YJL085W,YCL062W,0,-5.237678,0.12615101039409637,0.6850000023841858,0.47450000047683716
YPR055W,YGR109W-B,0,-5.2378645,0.12612777948379517,0.6850000023841858,0.4745999872684479
YLR016C,YCR084C,0,-5.237924,0.12610456347465515,0.6850000023841858,0.474700003862381
YIL129C,YJL087C,0,-5.2379313,0.12608134746551514,0.6850000023841858,0.4747999906539917
YBR159W,YKR014C,0,-5.2379518,0.12605814635753632,0.6850000023841858,0.4749000072479248
YLR304C,YNL213C,1,-5.237991,0.12621894478797913,0.6859999895095825,0.4749000072479248
YNL079C,YNL213C,1,-5.2380137,0.12637968361377716,0.6869999766349792,0.4749000072479248
YFR019W,YLR256W,0,-5.2380605,0.12635645270347595,0.6869999766349792,0.4749999940395355
YOL109W,YLR132C,0,-5.238148,0.12633320689201355,0.6869999766349792,0.47510001063346863
YGR134W,YJR026W,0,-5.2382865,0.12630999088287354,0.6869999766349792,0.47519999742507935
YHR114W,YER168C,0,-5.2384105,0.12628675997257233,0.6869999766349792,0.47530001401901245
YFL045C,YDR145W,0,-5.238609,0.1262635588645935,0.6869999766349792,0.47540000081062317
YIR028W,YNL021W,0,-5.2387276,0.12624035775661469,0.6869999766349792,0.4754999876022339
YKL093W,YDR330W,0,-5.238848,0.12621715664863586,0.6869999766349792,0.475600004196167
YBR185C,YML061C,1,-5.2389894,0.1263776570558548,0.6880000233650208,0.475600004196167
YPR020W,YNL139C,0,-5.2391763,0.12635445594787598,0.6880000233650208,0.4756999909877777
YMR287C,YML027W,0,-5.2393427,0.12633125483989716,0.6880000233650208,0.4758000075817108
YMR162C,YMR292W,0,-5.2397857,0.12630805373191833,0.6880000233650208,0.47589999437332153
YDL194W,YMR046C,0,-5.2399516,0.1262848824262619,0.6880000233650208,0.47600001096725464
YDL022W,YLR035C,0,-5.2399764,0.12626169621944427,0.6880000233650208,0.47609999775886536
YJL021C,YHR065C,0,-5.24,0.12623852491378784,0.6880000233650208,0.47620001435279846
YNL025C,YLR272C,0,-5.2400208,0.1262153685092926,0.6880000233650208,0.4763000011444092
YDR159W,YDR058C,0,-5.2400465,0.12619222700595856,0.6880000233650208,0.4763999879360199
YIL159W,YLL011W,0,-5.240135,0.1261690855026245,0.6880000233650208,0.476500004529953
YLR242C,YKL075C,0,-5.240407,0.12614594399929047,0.6880000233650208,0.4765999913215637
YOL031C,YJL012C-A,0,-5.240432,0.12612281739711761,0.6880000233650208,0.4767000079154968
YEL027W,YFL034C-B,0,-5.2406507,0.12609970569610596,0.6880000233650208,0.47679999470710754
YJL125C,YPR138C,0,-5.240818,0.1260765939950943,0.6880000233650208,0.47690001130104065
YPL160W,YNL298W,0,-5.2408376,0.12605349719524384,0.6880000233650208,0.47699999809265137
YLL060C,YDL229W,0,-5.2409296,0.12603041529655457,0.6880000233650208,0.4771000146865845
YOR018W,YLL016W,0,-5.2409487,0.1260073333978653,0.6880000233650208,0.4772000014781952
YPR020W,YAL009W,0,-5.24098,0.12598425149917603,0.6880000233650208,0.4772999882698059
YLR284C,YER106W,0,-5.241284,0.12596118450164795,0.6880000233650208,0.477400004863739
YLR368W,YMR134W,1,-5.241443,0.1261211782693863,0.6890000104904175,0.477400004863739
YGL067W,YOL028C,0,-5.2414937,0.12609809637069702,0.6890000104904175,0.47749999165534973
YDL226C,YJR045C,0,-5.2415276,0.12607502937316895,0.6890000104904175,0.47760000824928284
YNL014W,YOR231W,0,-5.2416396,0.12605196237564087,0.6890000104904175,0.47769999504089355
YEL022W,YJL110C,0,-5.2417455,0.1260288953781128,0.6890000104904175,0.47780001163482666
YNL070W,YMR134W,1,-5.2418485,0.1261887401342392,0.6899999976158142,0.47780001163482666
YMR184W,YKL178C,0,-5.2418857,0.12616565823554993,0.6899999976158142,0.4778999984264374
YLR183C,YKL175W,0,-5.241904,0.12614259123802185,0.6899999976158142,0.4779999852180481
YER053C,YDR027C,0,-5.2420235,0.12611953914165497,0.6899999976158142,0.4781000018119812
YGL020C,YDR470C,1,-5.2421184,0.12627923488616943,0.6909999847412109,0.4781000018119812
YOR274W,YER104W,0,-5.2421575,0.12625616788864136,0.6909999847412109,0.4781999886035919
YER168C,YOR099W,0,-5.2422957,0.12623310089111328,0.6909999847412109,0.478300005197525
YGL051W,YPR095C,0,-5.242384,0.1262100487947464,0.6909999847412109,0.47839999198913574
YDL160C,YKR095W-A,0,-5.242431,0.12618699669837952,0.6909999847412109,0.47850000858306885
YDR110W,YBR296C,0,-5.2424974,0.12616395950317383,0.6909999847412109,0.47859999537467957
YDR126W,YDR246W,0,-5.242587,0.12614092230796814,0.6909999847412109,0.47870001196861267
YGL219C,YJR120W,1,-5.242761,0.12630042433738708,0.6919999718666077,0.47870001196861267
YLR075W,YOR129C,0,-5.2429357,0.1262773722410202,0.6919999718666077,0.4787999987602234
YOR244W,YLR448W,0,-5.242986,0.12625433504581451,0.6919999718666077,0.4788999855518341
YLR292C,YBR182C,0,-5.243161,0.12623129785060883,0.6919999718666077,0.4790000021457672
YMR058W,YLR166C,0,-5.2432437,0.12620827555656433,0.6919999718666077,0.47909998893737793
YOR037W,YGR144W,1,-5.24328,0.12636761367321014,0.6930000185966492,0.47909998893737793
YOR381W,YJL074C,0,-5.2433095,0.12634457647800446,0.6930000185966492,0.47920000553131104
YJL115W,YDL150W,0,-5.2434144,0.12632153928279877,0.6930000185966492,0.47929999232292175
YDR511W,YIL008W,0,-5.2434297,0.12629851698875427,0.6930000185966492,0.47940000891685486
YIL103W,YOR144C,0,-5.2435403,0.12627550959587097,0.6930000185966492,0.4794999957084656
YBR276C,YJL129C,0,-5.243609,0.12625250220298767,0.6930000185966492,0.4796000123023987
YGR252W,YHR079C-B,0,-5.243665,0.12622950971126556,0.6930000185966492,0.4796999990940094
YNL317W,YEL026W,0,-5.24381,0.12620651721954346,0.6930000185966492,0.4797999858856201
YDR225W,YOR088W,0,-5.2440734,0.12618353962898254,0.6930000185966492,0.4799000024795532
YLR288C,YLR055C,0,-5.244077,0.12616056203842163,0.6930000185966492,0.47999998927116394
YGL019W,YIR028W,0,-5.244142,0.1261375993490219,0.6930000185966492,0.48010000586509705
YML075C,YJL156C,0,-5.2442975,0.1261146515607834,0.6930000185966492,0.48019999265670776
YOL068C,YKR097W,0,-5.2443223,0.12609170377254486,0.6930000185966492,0.48030000925064087
YCR107W,YMR203W,0,-5.2444234,0.12606877088546753,0.6930000185966492,0.4803999960422516
YGL116W,YDL078C,0,-5.2445064,0.1260458379983902,0.6930000185966492,0.4805000126361847
YPL221W,YDR363W-A,0,-5.244518,0.12602292001247406,0.6930000185966492,0.4805999994277954
YLR207W,YBR100W,0,-5.244778,0.12600000202655792,0.6930000185966492,0.48069998621940613
YBR169C,YDL109C,0,-5.244788,0.12597709894180298,0.6930000185966492,0.48080000281333923
YBR211C,YGL171W,0,-5.2448688,0.12595419585704803,0.6930000185966492,0.48089998960494995
YML077W,YDR450W,0,-5.244884,0.12593130767345428,0.6930000185966492,0.48100000619888306
YNR035C,YDL006W,1,-5.2452073,0.12609010934829712,0.6940000057220459,0.48100000619888306
YLR329W,YDR453C,0,-5.2453117,0.12606720626354218,0.6940000057220459,0.4810999929904938
YLR153C,YBR082C,0,-5.2453165,0.12604431807994843,0.6940000057220459,0.4812000095844269
YJL143W,YLR181C,0,-5.2455516,0.12602142989635468,0.6940000057220459,0.4812999963760376
YGL240W,YLR337C,0,-5.245564,0.12599854171276093,0.6940000057220459,0.4814000129699707
YOR204W,YBL026W,0,-5.245601,0.12597568333148956,0.6940000057220459,0.4814999997615814
YML023C,YDR167W,0,-5.245643,0.125952810049057,0.6940000057220459,0.48159998655319214
YAR019C,YMR025W,0,-5.245663,0.12592995166778564,0.6940000057220459,0.48170000314712524
YIR037W,YOL126C,0,-5.2456813,0.12590710818767548,0.6940000057220459,0.48179998993873596
YPL243W,YLR045C,0,-5.245684,0.1258842796087265,0.6940000057220459,0.48190000653266907
YGL252C,YKL034W,0,-5.2456927,0.12586145102977753,0.6940000057220459,0.4819999933242798
YPR171W,YBR240C,0,-5.2457705,0.12583862245082855,0.6940000057220459,0.4821000099182129
YPL174C,YBR012W-A,0,-5.245856,0.12581580877304077,0.6940000057220459,0.4821999967098236
YBR202W,YOL012C,0,-5.245904,0.12579300999641418,0.6940000057220459,0.4823000133037567
YKL052C,YJL035C,0,-5.2459254,0.1257702112197876,0.6940000057220459,0.48240000009536743
YOR030W,YMR059W,0,-5.246066,0.125747412443161,0.6940000057220459,0.48249998688697815
YJR094C,YLR145W,0,-5.2464967,0.1257246434688568,0.6940000057220459,0.48260000348091125
YLR066W,YBL100W-A,0,-5.2465386,0.12570185959339142,0.6940000057220459,0.482699990272522
YBL008W,YBR106W,0,-5.2465925,0.1256791055202484,0.6940000057220459,0.4828000068664551
YDR181C,YBL100W-A,0,-5.246659,0.1256563514471054,0.6940000057220459,0.4828999936580658
YJR078W,YDR110W,0,-5.246683,0.1256335973739624,0.6940000057220459,0.4830000102519989
YPR017C,YLL043W,0,-5.246963,0.1256108582019806,0.6940000057220459,0.4830999970436096
YLR059C,YBL033C,0,-5.2476315,0.12558813393115997,0.6940000057220459,0.4832000136375427
YJL203W,YHR069C,0,-5.2476683,0.12556540966033936,0.6940000057220459,0.48330000042915344
YLR256W,YCL051W,0,-5.247925,0.12554268538951874,0.6940000057220459,0.48339998722076416
YPR019W,YLR240W,0,-5.2480264,0.1255199909210205,0.6940000057220459,0.48350000381469727
YGR244C,YBR058C,0,-5.2480445,0.12549728155136108,0.6940000057220459,0.483599990606308
YOL091W,YLL012W,0,-5.2480674,0.12547460198402405,0.6940000057220459,0.4837000072002411
YIL124W,YOR307C,0,-5.24815,0.125451922416687,0.6940000057220459,0.4837999939918518
YOL145C,YBL051C,0,-5.24821,0.12542924284934998,0.6940000057220459,0.4839000105857849
YGR055W,YPL156C,0,-5.2483172,0.12540657818317413,0.6940000057220459,0.48399999737739563
YPL140C,YDR435C,0,-5.248424,0.1253839135169983,0.6940000057220459,0.48410001397132874
YBR089C-A,YDL118W,0,-5.2484813,0.12536127865314484,0.6940000057220459,0.48420000076293945
YJL010C,YMR079W,0,-5.2485986,0.1253386288881302,0.6940000057220459,0.48429998755455017
YGL105W,YMR037C,0,-5.2486663,0.12531599402427673,0.6940000057220459,0.4844000041484833
YJR089W,YOL129W,0,-5.2486863,0.12529337406158447,0.6940000057220459,0.484499990940094
YOL003C,YBL088C,0,-5.248793,0.1252707540988922,0.6940000057220459,0.4846000075340271
YHR030C,YPL065W,0,-5.2488685,0.12524814903736115,0.6940000057220459,0.4846999943256378
YPR067W,YPL214C,0,-5.2488723,0.12522554397583008,0.6940000057220459,0.4848000109195709
YBR089C-A,YLR363C,0,-5.248971,0.1252029538154602,0.6940000057220459,0.48489999771118164
YNL201C,YML024W,0,-5.249027,0.12518037855625153,0.6940000057220459,0.48500001430511475
YDR062W,YDR120C,0,-5.249112,0.12515780329704285,0.6940000057220459,0.48510000109672546
YKL134C,YPR162C,0,-5.24918,0.12513522803783417,0.6940000057220459,0.4851999878883362
YOR036W,YPR042C,0,-5.24927,0.12511266767978668,0.6940000057220459,0.4853000044822693
YHR170W,YGL070C,0,-5.249539,0.1250901222229004,0.6940000057220459,0.48539999127388
YPL096C-A,YPL047W,0,-5.2495933,0.1250675767660141,0.6940000057220459,0.4855000078678131
YGR041W,YHL022C,0,-5.2496943,0.125045046210289,0.6940000057220459,0.48559999465942383
YPL128C,YKR059W,0,-5.249808,0.1250225156545639,0.6940000057220459,0.48570001125335693
YCR020C-A,YOL124C,0,-5.2498417,0.125,0.6940000057220459,0.48579999804496765
YNL278W,YKL088W,0,-5.2498574,0.1249774917960167,0.6940000057220459,0.48590001463890076
YGL055W,YDR470C,1,-5.2498612,0.12513503432273865,0.6949999928474426,0.48590001463890076
YGL001C,YLR195C,0,-5.2498813,0.12511251866817474,0.6949999928474426,0.4860000014305115
YKL194C,YML010W,0,-5.2501693,0.12508998811244965,0.6949999928474426,0.4860999882221222
YGL043W,YBR077C,0,-5.250267,0.12506748735904694,0.6949999928474426,0.4862000048160553
YKL084W,YIL046W,0,-5.250537,0.12504498660564423,0.6949999928474426,0.486299991607666
YBL079W,YLR224W,0,-5.250559,0.12502248585224152,0.6949999928474426,0.4864000082015991
YGL032C,YNL061W,0,-5.250624,0.125,0.6949999928474426,0.48649999499320984
YHR053C,YBR289W,0,-5.2508454,0.12497752159833908,0.6949999928474426,0.48660001158714294
YHR160C,YGR094W,0,-5.2511706,0.12495505064725876,0.6949999928474426,0.48669999837875366
YBR085W,YJR053W,0,-5.2511888,0.12493258714675903,0.6949999928474426,0.4867999851703644
YDL174C,YDL216C,0,-5.2512746,0.1249101385474205,0.6949999928474426,0.4869000017642975
YGL181W,YNL126W,0,-5.251303,0.12488768994808197,0.6949999928474426,0.4869999885559082
YPL076W,YBL004W,0,-5.2514386,0.12486525624990463,0.6949999928474426,0.4871000051498413
YDR252W,YBL005W,0,-5.251537,0.1248428225517273,0.6949999928474426,0.487199991941452
YLL050C,YOR098C,0,-5.2516513,0.12482040375471115,0.6949999928474426,0.48730000853538513
YPL221W,YJL179W,0,-5.251793,0.1247979924082756,0.6949999928474426,0.48739999532699585
YNL149C,YGR181W,1,-5.2517962,0.12495511770248413,0.6959999799728394,0.48739999532699585
YJR112W,YJR035W,0,-5.251925,0.1249326840043068,0.6959999799728394,0.48750001192092896
YGL236C,YLR398C,0,-5.251998,0.12491026520729065,0.6959999799728394,0.4875999987125397
YAL059W,YCL020W,0,-5.252001,0.1248878538608551,0.6959999799728394,0.4876999855041504
YDL031W,YKL176C,0,-5.2520113,0.12486544996500015,0.6959999799728394,0.4878000020980835
YHL025W,YDR177W,0,-5.2522025,0.1248430460691452,0.6959999799728394,0.4878999888896942
YPR104C,YAL031C,0,-5.2522187,0.12482065707445145,0.6959999799728394,0.4880000054836273
YMR237W,YLR455W,0,-5.252394,0.12479827553033829,0.6959999799728394,0.48809999227523804
YCL032W,YGL039W,0,-5.252488,0.12477590888738632,0.6959999799728394,0.48820000886917114
YDL243C,YBR186W,0,-5.2524896,0.12475354224443436,0.6959999799728394,0.48829999566078186
YEL022W,YGR002C,0,-5.2525105,0.12473118305206299,0.6959999799728394,0.48840001225471497
YGL084C,YAR003W,0,-5.2525234,0.12470883131027222,0.6959999799728394,0.4884999990463257
YLR051C,YGR109W-B,0,-5.252578,0.12468649446964264,0.6959999799728394,0.4885999858379364
YLR321C,YDR246W,0,-5.252663,0.12466415762901306,0.6959999799728394,0.4887000024318695
YGR091W,YBR111W-A,0,-5.2526803,0.12464183568954468,0.6959999799728394,0.4887999892234802
YLR303W,YGR183C,0,-5.2529645,0.1246195137500763,0.6959999799728394,0.48890000581741333
YFL057C,YFR029W,0,-5.253326,0.1245972067117691,0.6959999799728394,0.48899999260902405
YNL066W,YPR125W,1,-5.253328,0.12475389242172241,0.6970000267028809,0.48899999260902405
YLR303W,YBR294W,0,-5.253474,0.12473157048225403,0.6970000267028809,0.48910000920295715
YIL033C,YPL130W,0,-5.2534986,0.12470924854278564,0.6970000267028809,0.48919999599456787
YCR020C-A,YLL011W,0,-5.253578,0.12468694150447845,0.6970000267028809,0.489300012588501
YJL054W,YJR120W,1,-5.253616,0.12484350055456161,0.6980000138282776,0.489300012588501
YDL166C,YPL083C,0,-5.253672,0.12482117116451263,0.6980000138282776,0.4893999993801117
YOL010W,YMR067C,0,-5.253687,0.12479885667562485,0.6980000138282776,0.4894999861717224
YEL027W,YLR080W,0,-5.2537894,0.12477654963731766,0.6980000138282776,0.4896000027656555
YGR247W,YML011C,0,-5.253821,0.12475424259901047,0.6980000138282776,0.48969998955726624
YIL120W,YBL058W,0,-5.2538695,0.12473195046186447,0.6980000138282776,0.48980000615119934
YOL094C,YBL050W,0,-5.2540536,0.12470966577529907,0.6980000138282776,0.48989999294281006
YDL024C,YML040W,0,-5.2540917,0.12468738853931427,0.6980000138282776,0.49000000953674316
YHR068W,YDL039C,0,-5.25411,0.12466511875391006,0.6980000138282776,0.4900999963283539
YBR152W,YLR035C-A,0,-5.254149,0.12464285641908646,0.6980000138282776,0.490200012922287
YKL146W,YIL036W,0,-5.254152,0.12462060153484344,0.6980000138282776,0.4902999997138977
YBR121C,YAL033W,0,-5.2541747,0.12459835410118103,0.6980000138282776,0.4903999865055084
YML130C,YBR035C,0,-5.2542133,0.12457612156867981,0.6980000138282776,0.49050000309944153
YLR320W,YLR075W,0,-5.2545433,0.12455388903617859,0.6980000138282776,0.49059998989105225
YPL132W,YDR141C,0,-5.254582,0.12453167140483856,0.6980000138282776,0.49070000648498535
YBR145W,YAL017W,0,-5.254642,0.12450945377349854,0.6980000138282776,0.49079999327659607
YGL151W,YJL156C,0,-5.2548985,0.1244872510433197,0.6980000138282776,0.4909000098705292
YCL044C,YPR024W,1,-5.2549143,0.12464336305856705,0.6990000009536743,0.4909000098705292
YJR017C,YPL147W,0,-5.2550263,0.12462114542722702,0.6990000009536743,0.4909999966621399
YCR088W,YMR150C,0,-5.2550855,0.124598927795887,0.6990000009536743,0.491100013256073
YOR185C,YJL207C,0,-5.2551246,0.12457672506570816,0.6990000009536743,0.4912000000476837
YNL023C,YDR312W,0,-5.255238,0.12455452233552933,0.6990000009536743,0.49129998683929443
YAL012W,YOR221C,0,-5.2552485,0.12453233450651169,0.6990000009536743,0.49140000343322754
YGR088W,YMR051C,0,-5.2555194,0.12451015412807465,0.6990000009536743,0.49149999022483826
YGR155W,YIL009C-A,0,-5.255581,0.1244879812002182,0.6990000009536743,0.49160000681877136
YGR171C,YIL122W,0,-5.255605,0.12446580827236176,0.6990000009536743,0.4916999936103821
YGR086C,YPL212C,0,-5.2556787,0.1244436502456665,0.6990000009536743,0.4918000102043152
YER052C,YJL069C,0,-5.255799,0.12442149966955185,0.6990000009536743,0.4918999969959259
YNL290W,YNL197C,0,-5.2558465,0.12439935654401779,0.6990000009536743,0.492000013589859
YMR207C,YFL038C,0,-5.2558694,0.12437722086906433,0.6990000009536743,0.4921000003814697
YER114C,YPL169C,0,-5.255901,0.12435510009527206,0.6990000009536743,0.49219998717308044
YBL008W,YLR039C,0,-5.2561727,0.1243329793214798,0.6990000009536743,0.49230000376701355
YPL253C,YBL100W-A,0,-5.25633,0.12431086599826813,0.6990000009536743,0.49239999055862427
YJL014W,YMR207C,0,-5.2566295,0.12428876012563705,0.6990000009536743,0.4925000071525574
YOR137C,YDL185W,0,-5.2567773,0.12426666915416718,0.6990000009536743,0.4925999939441681
YDR288W,YPL192C,0,-5.25705,0.1242445781826973,0.6990000009536743,0.4927000105381012
YLL001W,YNL149C,1,-5.257102,0.12440021336078644,0.699999988079071,0.4927000105381012
YKR002W,YDR409W,0,-5.257179,0.12437810748815536,0.699999988079071,0.4927999973297119
YBL013W,YIL017W,0,-5.2572656,0.12435601651668549,0.699999988079071,0.492900013923645
YLR291C,YGL035C,0,-5.2573237,0.1243339255452156,0.699999988079071,0.49300000071525574
YOL033W,YBR216C,0,-5.2573686,0.12431184202432632,0.699999988079071,0.49309998750686646
YGR143W,YKR053C,0,-5.257462,0.12428977340459824,0.699999988079071,0.49320000410079956
YJL090C,YMR029C,0,-5.257644,0.12426770478487015,0.699999988079071,0.4932999908924103
YHR030C,YNR023W,0,-5.2576756,0.12424565106630325,0.699999988079071,0.4934000074863434
YPR021C,YFR052W,0,-5.257831,0.12422360479831696,0.699999988079071,0.4934999942779541
YDR339C,YDL006W,1,-5.257882,0.1243789941072464,0.7009999752044678,0.4934999942779541
YDL174C,YJL004C,0,-5.257943,0.12435692548751831,0.7009999752044678,0.4936000108718872
YDR363W-A,YNL247W,0,-5.2579484,0.12433487176895142,0.7009999752044678,0.4936999976634979
YJL207C,YFL016C,0,-5.2580466,0.12431281805038452,0.7009999752044678,0.49380001425743103
YPL040C,YKR079C,0,-5.258115,0.12429077923297882,0.7009999752044678,0.49390000104904175
YIL114C,YBL007C,0,-5.258203,0.12426874786615372,0.7009999752044678,0.49399998784065247
YLR286C,YML004C,0,-5.2582226,0.12424672394990921,0.7009999752044678,0.49410000443458557
YBR009C,YPR189W,0,-5.2584295,0.1242247000336647,0.7009999752044678,0.4941999912261963
YDR028C,YGR211W,0,-5.2585435,0.12420269101858139,0.7009999752044678,0.4943000078201294
YJR091C,YOR098C,0,-5.2585893,0.12418068945407867,0.7009999752044678,0.4943999946117401
YMR268C,YLR147C,0,-5.258657,0.12415869534015656,0.7009999752044678,0.4945000112056732
YFL005W,YMR146C,0,-5.258724,0.12413670867681503,0.7009999752044678,0.49459999799728394
YLL013C,YNL121C,1,-5.2588153,0.1242917850613594,0.7020000219345093,0.49459999799728394
YPR175W,YMR052W,0,-5.258907,0.12426978349685669,0.7020000219345093,0.49470001459121704
YLR238W,YNL313C,0,-5.2590475,0.12424778938293457,0.7020000219345093,0.49480000138282776
YOR023C,YJL178C,0,-5.259076,0.12422580271959305,0.7020000219345093,0.4948999881744385
YNL075W,YLR275W,0,-5.2590814,0.12420382350683212,0.7020000219345093,0.4950000047683716
YDR281C,YKL081W,0,-5.2591705,0.1241818517446518,0.7020000219345093,0.4950999915599823
YLR088W,YOR212W,0,-5.259277,0.12415988743305206,0.7020000219345093,0.4952000081539154
YGR004W,YBL050W,0,-5.259545,0.12413793057203293,0.7020000219345093,0.4952999949455261
YNL031C,YBR156C,0,-5.259664,0.12411598116159439,0.7020000219345093,0.49540001153945923
YPL164C,YML039W,0,-5.259666,0.12409403920173645,0.7020000219345093,0.49549999833106995
YCR035C,YLR132C,0,-5.260017,0.1240721121430397,0.7020000219345093,0.49559998512268066
YOR127W,YKL166C,0,-5.2601256,0.12405018508434296,0.7020000219345093,0.49570000171661377
YBL079W,YJR019C,0,-5.260129,0.1240282654762268,0.7020000219345093,0.4957999885082245
YNL097C,YDL188C,0,-5.2602983,0.12400636076927185,0.7020000219345093,0.4959000051021576
YOR023C,YML036W,0,-5.2603135,0.1239844560623169,0.7020000219345093,0.4959999918937683
YCR026C,YNL221C,0,-5.26048,0.12396256625652313,0.7020000219345093,0.4961000084877014
YAL038W,YLR035C-A,0,-5.2605624,0.12394067645072937,0.7020000219345093,0.49619999527931213
YER168C,YBL033C,0,-5.2606273,0.1239188015460968,0.7020000219345093,0.49630001187324524
YIL114C,YMR284W,0,-5.260673,0.12389692664146423,0.7020000219345093,0.49639999866485596
YNL331C,YKR046C,0,-5.26087,0.12387506663799286,0.7020000219345093,0.4964999854564667
YER044C-A,YNL047C,0,-5.2608876,0.12385321408510208,0.7020000219345093,0.4966000020503998
YKR002W,YDL135C,0,-5.260972,0.1238313615322113,0.7020000219345093,0.4966999888420105
YBR110W,YMR266W,0,-5.261002,0.12380952388048172,0.7020000219345093,0.4968000054359436
YLR368W,YPL098C,1,-5.2610283,0.12396402657032013,0.703000009059906,0.4968000054359436
YNL075W,YPL242C,0,-5.2611117,0.12394217401742935,0.703000009059906,0.4968999922275543
YCL039W,YOR149C,0,-5.2611322,0.12392032146453857,0.703000009059906,0.4970000088214874
YCL034W,YMR051C,0,-5.2611537,0.12389848381280899,0.703000009059906,0.49709999561309814
YDR358W,YHR181W,0,-5.2612853,0.12387665361166,0.703000009059906,0.49720001220703125
YPL096C-A,YKL081W,0,-5.2613907,0.12385483086109161,0.703000009059906,0.49729999899864197
YJL210W,YDR435C,0,-5.2614884,0.12383300811052322,0.703000009059906,0.4973999857902527
YPR029C,YBL106C,0,-5.261562,0.12381120026111603,0.703000009059906,0.4975000023841858
YKL011C,YDR358W,0,-5.261609,0.12378939986228943,0.703000009059906,0.4975999891757965
YHL047C,YDR039C,0,-5.261854,0.12376760691404343,0.703000009059906,0.4977000057697296
YJR078W,YBL061C,0,-5.261929,0.12374582141637802,0.703000009059906,0.49779999256134033
YFL036W,YMR134W,1,-5.261941,0.12390003353357315,0.7039999961853027,0.49779999256134033
YJL060W,YMR054W,0,-5.2619596,0.12387823313474655,0.7039999961853027,0.49790000915527344
YOL039W,YOR290C,0,-5.2620296,0.12385644018650055,0.7039999961853027,0.49799999594688416
YDR421W,YKR039W,0,-5.2620707,0.12383465468883514,0.7039999961853027,0.49810001254081726
YPR134W,YLR455W,0,-5.262111,0.12381287664175034,0.7039999961853027,0.498199999332428
YPL127C,YDR027C,0,-5.2622313,0.12379110604524612,0.7039999961853027,0.4982999861240387
YLR052W,YJL207C,0,-5.2623158,0.12376933544874191,0.7039999961853027,0.4984000027179718
YER167W,YPR158C-D,0,-5.2623262,0.1237475797533989,0.7039999961853027,0.4984999895095825
YNL027W,YDR501W,0,-5.262428,0.12372583150863647,0.7039999961853027,0.4986000061035156
YOR211C,YPR131C,1,-5.2625785,0.1238798126578331,0.7049999833106995,0.4986000061035156
YHR171W,YJL113W,0,-5.2627854,0.12385804951190948,0.7049999833106995,0.49869999289512634
YDR054C,YJR139C,0,-5.262934,0.12383629381656647,0.7049999833106995,0.49880000948905945
YJL110C,YJL029C,0,-5.263104,0.12381453812122345,0.7049999833106995,0.49889999628067017
YDL044C,YDR018C,0,-5.2631226,0.12379279732704163,0.7049999833106995,0.49900001287460327
YHR111W,YGL039W,0,-5.2631793,0.1237710639834404,0.7049999833106995,0.499099999666214
YML058W,YGR181W,1,-5.2631984,0.1239248737692833,0.7059999704360962,0.499099999666214
YNL326C,YMR283C,0,-5.2632,0.12390312552452087,0.7059999704360962,0.4991999864578247
YMR312W,YJR066W,0,-5.263289,0.12388138473033905,0.7059999704360962,0.4993000030517578
YNL307C,YPR188C,0,-5.2633076,0.12385965138673782,0.7059999704360962,0.49939998984336853
YDR148C,YCR092C,0,-5.2633357,0.1238379254937172,0.7059999704360962,0.49950000643730164
YIR028W,YPL058C,0,-5.2633567,0.12381620705127716,0.7059999704360962,0.49959999322891235
YDL132W,YOR226C,0,-5.2634125,0.12379449605941772,0.7059999704360962,0.49970000982284546
YPL031C,YDR235W,0,-5.2635,0.12377279251813889,0.7059999704360962,0.4997999966144562
YER087C-A,YEL013W,0,-5.263657,0.12375109642744064,0.7059999704360962,0.4999000132083893
YJR006W,YIL114C,0,-5.263782,0.123729407787323,0.7059999704360962,0.5
YPL164C,YDR316W-A,0,-5.263951,0.12370772659778595,0.7059999704360962,0.5001000165939331
YAL021C,YNR053C,0,-5.2639594,0.1236860528588295,0.7059999704360962,0.5001999735832214
YBR090C-A,YFR029W,0,-5.263968,0.12366438657045364,0.7059999704360962,0.5002999901771545
YLR391W-A,YMR035W,0,-5.26398,0.12364273518323898,0.7059999704360962,0.5004000067710876
YJL021C,YBR073W,0,-5.264028,0.12362108379602432,0.7059999704360962,0.5005000233650208
YBL020W,YJR141W,0,-5.2641816,0.12359943985939026,0.7059999704360962,0.5005999803543091
YDR477W,YOL148C,0,-5.264399,0.12357780337333679,0.7059999704360962,0.5006999969482422
YHR026W,YKL203C,0,-5.2644343,0.12355617433786392,0.7059999704360962,0.5008000135421753
YDL142C,YLR190W,1,-5.26467,0.123709537088871,0.7070000171661377,0.5008000135421753
YIL038C,YLR092W,0,-5.2646804,0.12368789315223694,0.7070000171661377,0.5008999705314636
YMR192W,YMR011W,0,-5.264965,0.12366625666618347,0.7070000171661377,0.5009999871253967
YJL208C,YBR103W,0,-5.2650476,0.1236446276307106,0.7070000171661377,0.5011000037193298
YER026C,YDR146C,0,-5.2650495,0.12362301349639893,0.7070000171661377,0.5012000203132629
YML077W,YDR435C,0,-5.265173,0.12360139936208725,0.7070000171661377,0.5012999773025513
YJL063C,YNL213C,1,-5.265182,0.1237545907497406,0.7080000042915344,0.5012999773025513
YLR320W,YOR230W,0,-5.265212,0.12373296171426773,0.7080000042915344,0.5013999938964844
YOR193W,YGR054W,0,-5.2652802,0.12371134012937546,0.7080000042915344,0.5015000104904175
YPR102C,YBR165W,0,-5.265332,0.12368972599506378,0.7080000042915344,0.5016000270843506
YNR027W,YGR095C,0,-5.265677,0.1236681193113327,0.7080000042915344,0.5016999840736389
YOL121C,YBL100W-B,0,-5.2657104,0.12364652752876282,0.7080000042915344,0.501800000667572
YMR219W,YNL145W,0,-5.26582,0.12362493574619293,0.7080000042915344,0.5019000172615051
YBR015C,YPR158C-C,0,-5.2658467,0.12360335141420364,0.7080000042915344,0.5019999742507935
YJR105W,YKL088W,0,-5.265886,0.12358177453279495,0.7080000042915344,0.5020999908447266
YCL012W,YFL029C,0,-5.2659802,0.12356021255254745,0.7080000042915344,0.5022000074386597
YGL063W,YDR200C,0,-5.265983,0.12353865057229996,0.7080000042915344,0.5023000240325928
YLR110C,YMR067C,0,-5.2661505,0.12351709604263306,0.7080000042915344,0.5023999810218811
YJL071W,YDL118W,0,-5.2664733,0.12349554896354675,0.7080000042915344,0.5024999976158142
YDL236W,YKL166C,0,-5.2665095,0.12347401678562164,0.7080000042915344,0.5026000142097473
YGR074W,YDR484W,0,-5.2665367,0.12345248460769653,0.7080000042915344,0.5026999711990356
YLR035C,YMR284W,0,-5.266585,0.12343095988035202,0.7080000042915344,0.5027999877929688
YJR082C,YNR039C,0,-5.2668867,0.1234094500541687,0.7080000042915344,0.5029000043869019
YKR036C,YBR212W,1,-5.266987,0.12356221675872803,0.7089999914169312,0.5029000043869019
YOL111C,YDR081C,0,-5.2671137,0.12354068458080292,0.7089999914169312,0.503000020980835
YMR240C,YKL203C,0,-5.2671213,0.123519167304039,0.7089999914169312,0.5030999779701233
YDL069C,YNL225C,0,-5.267236,0.12349765002727509,0.7089999914169312,0.5031999945640564
YIL026C,YLR455W,0,-5.26725,0.12347614020109177,0.7089999914169312,0.5033000111579895
YCR027C,YDR131C,0,-5.2673736,0.12345463782548904,0.7089999914169312,0.5034000277519226
YOR002W,YPL203W,0,-5.2675233,0.12343315035104752,0.7089999914169312,0.5034999847412109
YFL013C,YGL094C,0,-5.267527,0.12341166287660599,0.7089999914169312,0.503600001335144
YDR296W,YBR212W,1,-5.2676644,0.1235642209649086,0.7099999785423279,0.503600001335144
YIL062C,YDR258C,1,-5.2677517,0.12371671944856644,0.7110000252723694,0.503600001335144
YOR180C,YNL297C,0,-5.267845,0.12369519472122192,0.7110000252723694,0.5037000179290771
YDR513W,YOR151C,0,-5.2678814,0.1236736848950386,0.7110000252723694,0.5037999749183655
YIL122W,YPL139C,0,-5.267985,0.12365217506885529,0.7110000252723694,0.5038999915122986
YBR015C,YGR141W,0,-5.268136,0.12363067269325256,0.7110000252723694,0.5040000081062317
YKL188C,YPR133W-A,0,-5.268299,0.12360917776823044,0.7110000252723694,0.5041000247001648
YBR035C,YKR057W,0,-5.2683024,0.12358769029378891,0.7110000252723694,0.5041999816894531
YML023C,YIR022W,0,-5.2683043,0.12356621772050858,0.7110000252723694,0.5042999982833862
YDR499W,YGR186W,0,-5.268325,0.12354474514722824,0.7110000252723694,0.5044000148773193
YEL009C,YDL098C,0,-5.268481,0.1235232800245285,0.7110000252723694,0.5044999718666077
YGL058W,YDR131C,0,-5.268485,0.12350182235240936,0.7110000252723694,0.5045999884605408
YML071C,YPL128C,0,-5.26862,0.12348037213087082,0.7110000252723694,0.5047000050544739
YLR242C,YAL068C,0,-5.268786,0.12345893681049347,0.7110000252723694,0.504800021648407
YOL130W,YDR320C,0,-5.26879,0.12343750149011612,0.7110000252723694,0.5048999786376953
YNL099C,YOR210W,0,-5.268825,0.12341607362031937,0.7110000252723694,0.5049999952316284
YGL119W,YIL046W,0,-5.268957,0.12339465320110321,0.7110000252723694,0.5051000118255615
YGR288W,YKR028W,0,-5.269011,0.12337324023246765,0.7110000252723694,0.5052000284194946
YBR245C,YKR053C,0,-5.269045,0.12335184216499329,0.7110000252723694,0.505299985408783
YKL029C,YBR111W-A,0,-5.2691336,0.12333044409751892,0.7110000252723694,0.5054000020027161
YDR017C,YFR033C,0,-5.2693396,0.12330905348062515,0.7110000252723694,0.5055000185966492
YKL176C,YLR328W,0,-5.2693977,0.12328767031431198,0.7110000252723694,0.5055999755859375
YKL150W,YDL002C,0,-5.269585,0.1232662945985794,0.7110000252723694,0.5056999921798706
YGL043W,YIL147C,0,-5.2696004,0.12324492633342743,0.7110000252723694,0.5058000087738037
YKL144C,YER159C-A,0,-5.2696376,0.12322357296943665,0.7110000252723694,0.5059000253677368
YPR101W,YEL026W,0,-5.2696724,0.12320221960544586,0.7110000252723694,0.5059999823570251
YDR123C,YOR363C,0,-5.269757,0.12318087369203568,0.7110000252723694,0.5060999989509583
YOR109W,YLR424W,0,-5.2697806,0.12315953522920609,0.7110000252723694,0.5062000155448914
YPR068C,YBR165W,0,-5.2697845,0.12313820421695709,0.7110000252723694,0.5062999725341797
YLR448W,YIR018W,0,-5.2697916,0.1231168806552887,0.7110000252723694,0.5063999891281128
YLR155C,YDR263C,0,-5.2698703,0.1230955645442009,0.7110000252723694,0.5065000057220459
YER164W,YDR273W,0,-5.2699037,0.12307426333427429,0.7110000252723694,0.506600022315979
YNL075W,YPR094W,0,-5.269946,0.12305296212434769,0.7110000252723694,0.5066999793052673
YPL101W,YPL002C,0,-5.2699785,0.12303166836500168,0.7110000252723694,0.5067999958992004
YDL224C,YOR230W,0,-5.269982,0.12301038205623627,0.7110000252723694,0.5069000124931335
YNL094W,YNL131W,0,-5.2700458,0.12298910319805145,0.7110000252723694,0.5070000290870667
YOL066C,YBL088C,0,-5.2700467,0.12296783179044724,0.7110000252723694,0.507099986076355
YKL074C,YDR244W,0,-5.270267,0.12294656783342361,0.7110000252723694,0.5072000026702881
YOR113W,YBR112C,0,-5.2702847,0.12292531132698059,0.7110000252723694,0.5073000192642212
YPR176C,YKL089W,0,-5.2702937,0.12290406227111816,0.7110000252723694,0.5073999762535095
YCR082W,YCR073W-A,0,-5.270305,0.12288282066583633,0.7110000252723694,0.5074999928474426
YBR132C,YBR012W-A,0,-5.2703333,0.1228615865111351,0.7110000252723694,0.5076000094413757
YIL106W,YDL090C,0,-5.2703347,0.12284035980701447,0.7110000252723694,0.5077000260353088
YBL005W-A,YLR301W,0,-5.270495,0.12281914055347443,0.7110000252723694,0.5077999830245972
YNL008C,YLR286C,0,-5.2707562,0.12279792875051498,0.7110000252723694,0.5078999996185303
YNL286W,YGL011C,0,-5.270768,0.12277672439813614,0.7110000252723694,0.5080000162124634
YGL020C,YCR020C,1,-5.2708855,0.1229281798005104,0.7120000123977661,0.5080000162124634
YPL086C,YIL014W,0,-5.270909,0.12290695309638977,0.7120000123977661,0.5080999732017517
YER087C-A,YML038C,0,-5.2709665,0.12288574129343033,0.7120000123977661,0.5081999897956848
YEL057C,YOR305W,0,-5.2711444,0.12286453694105148,0.7120000123977661,0.5083000063896179
YJR147W,YGR027W-B,0,-5.271262,0.12284334003925323,0.7120000123977661,0.508400022983551
YDL046W,YMR270C,0,-5.271301,0.12282215058803558,0.7120000123977661,0.5084999799728394
YNL318C,YCL003W,0,-5.2713313,0.12280096858739853,0.7120000123977661,0.5085999965667725
YLR394W,YLR088W,0,-5.2714715,0.12277978658676147,0.7120000123977661,0.5087000131607056
YGL245W,YJL138C,0,-5.2715583,0.12275861948728561,0.7120000123977661,0.5088000297546387
YGL173C,YNL283C,0,-5.271661,0.12273745983839035,0.7120000123977661,0.508899986743927
YLR085C,YMR087W,0,-5.2716746,0.12271630764007568,0.7120000123977661,0.5090000033378601
YLR427W,YOL066C,0,-5.27185,0.12269515544176102,0.7120000123977661,0.5091000199317932
YJR131W,YJR043C,0,-5.271892,0.12267401814460754,0.7120000123977661,0.5091999769210815
YJR105W,YNL036W,0,-5.2719746,0.12265288829803467,0.7120000123977661,0.5092999935150146
YPL187W,YGL244W,0,-5.2720084,0.12263175845146179,0.7120000123977661,0.5094000101089478
YJR160C,YIL063C,0,-5.272082,0.12261064350605011,0.7120000123977661,0.5095000267028809
YMR182C,YKL034W,0,-5.2721705,0.12258952856063843,0.7120000123977661,0.5095999836921692
YNL291C,YOR367W,0,-5.272189,0.12256842851638794,0.7120000123977661,0.5097000002861023
YDL197C,YHR164C,0,-5.272457,0.12254732847213745,0.7120000123977661,0.5098000168800354
YAL017W,YJL012C-A,0,-5.2727103,0.12252624332904816,0.7120000123977661,0.5098999738693237
YPR139C,YLR426W,0,-5.272818,0.12250515818595886,0.7120000123977661,0.5099999904632568
YJL063C,YGL055W,1,-5.2728267,0.12265611439943314,0.7129999995231628,0.5099999904632568
YMR268C,YBL033C,0,-5.272837,0.12263502180576324,0.7129999995231628,0.5101000070571899
YDR288W,YOR106W,0,-5.273239,0.12261392921209335,0.7129999995231628,0.510200023651123
YDR172W,YGR172C,0,-5.2733097,0.12259284406900406,0.7129999995231628,0.5102999806404114
YLL027W,YHR178W,0,-5.2733684,0.12257177382707596,0.7129999995231628,0.5103999972343445
YBL097W,YHR191C,0,-5.273393,0.12255070358514786,0.7129999995231628,0.5105000138282776
YPL161C,YFL058W,0,-5.2734027,0.12252964079380035,0.7129999995231628,0.5105999708175659
YLR368W,YGR101W,1,-5.273429,0.1226804107427597,0.7139999866485596,0.5105999708175659
YKL165C,YOR106W,0,-5.273506,0.1226593405008316,0.7139999866485596,0.510699987411499
YMR168C,YBR086C,0,-5.273582,0.1226382702589035,0.7139999866485596,0.5108000040054321
YOR011W,YPL157W,0,-5.2735944,0.122617207467556,0.7139999866485596,0.5109000205993652
YBL022C,YGL030W,0,-5.2736897,0.12259615212678909,0.7139999866485596,0.5109999775886536
YMR162C,YPR072W,0,-5.273826,0.12257510423660278,0.7139999866485596,0.5110999941825867
YMR224C,YCR058C,0,-5.273871,0.12255407124757767,0.7139999866485596,0.5112000107765198
YMR232W,YHR150W,0,-5.273929,0.12253303825855255,0.7139999866485596,0.5113000273704529
YLR129W,YLR275W,0,-5.274038,0.12251201272010803,0.7139999866485596,0.5113999843597412
YDL140C,YHR041C,0,-5.2740912,0.12249099463224411,0.7139999866485596,0.5115000009536743
YER044C-A,YMR047C,0,-5.2741413,0.12246998399496078,0.7139999866485596,0.5116000175476074
YMR240C,YKL214C,0,-5.2741833,0.12244898080825806,0.7139999866485596,0.5116999745368958
YBR214W,YMR149W,0,-5.274191,0.12242798507213593,0.7139999866485596,0.5117999911308289
YDR054C,YEL016C,0,-5.2742214,0.12240699678659439,0.7139999866485596,0.511900007724762
YDR512C,YMR046C,0,-5.274238,0.12238601595163345,0.7139999866485596,0.5120000243186951
YNL177C,YKL043W,0,-5.27443,0.12236503511667252,0.7139999866485596,0.5120999813079834
YPR024W,YNL213C,1,-5.2744985,0.12251542508602142,0.7149999737739563,0.5120999813079834
YDL030W,YOL020W,0,-5.2745004,0.12249442934989929,0.7149999737739563,0.5121999979019165
YBR165W,YDR306C,0,-5.27465,0.12247344851493835,0.7149999737739563,0.5123000144958496
YNL275W,YGR027W-B,0,-5.274782,0.12245247513055801,0.7149999737739563,0.5123999714851379
YNL036W,YBR127C,0,-5.274853,0.12243150919675827,0.7149999737739563,0.512499988079071
YDR213W,YGR054W,0,-5.274889,0.12241054326295853,0.7149999737739563,0.5126000046730042
YMR150C,YGL211W,0,-5.275062,0.12238959223031998,0.7149999737739563,0.5127000212669373
YDR028C,YDL118W,0,-5.275291,0.12236864864826202,0.7149999737739563,0.5127999782562256
YMR207C,YBR035C,0,-5.2753563,0.12234770506620407,0.7149999737739563,0.5128999948501587
YJL115W,YNL027W,0,-5.275379,0.12232677638530731,0.7149999737739563,0.5130000114440918
YHR004C,YEL013W,0,-5.2755055,0.12230584770441055,0.7149999737739563,0.5131000280380249
YML099C,YBL003C,0,-5.275516,0.12228493392467499,0.7149999737739563,0.5131999850273132
YNR034W,YCR042C,0,-5.275522,0.12226402014493942,0.7149999737739563,0.5133000016212463
YGL222C,YOR106W,0,-5.2755523,0.12224312126636505,0.7149999737739563,0.5134000182151794
YLR381W,YMR192W,0,-5.2756057,0.12222222238779068,0.7149999737739563,0.5134999752044678
YLR016C,YNL025C,0,-5.275645,0.1222013309597969,0.7149999737739563,0.5135999917984009
YOR335C,YGL021W,0,-5.2757154,0.12218045443296432,0.7149999737739563,0.513700008392334
YLR342W,YOR386W,0,-5.275806,0.12215957790613174,0.7149999737739563,0.5138000249862671
YGL027C,YDR515W,0,-5.275815,0.12213870882987976,0.7149999737739563,0.5138999819755554
YNL112W,YCR102C,0,-5.2761273,0.12211784720420837,0.7149999737739563,0.5139999985694885
YML104C,YOR211C,1,-5.2762113,0.12226776033639908,0.7160000205039978,0.5139999985694885
YNL256W,YKL019W,0,-5.276238,0.1222468838095665,0.7160000205039978,0.5141000151634216
YBL011W,YNL131W,0,-5.2762475,0.12222601473331451,0.7160000205039978,0.51419997215271
YJL139C,YCL075W,0,-5.276323,0.12220515310764313,0.7160000205039978,0.5142999887466431
YKL029C,YOR229W,0,-5.276399,0.12218429893255234,0.7160000205039978,0.5144000053405762
YDL095W,YIR026C,0,-5.2764935,0.12216345220804214,0.7160000205039978,0.5145000219345093
YGL126W,YJR046W,0,-5.2765307,0.12214261293411255,0.7160000205039978,0.5145999789237976
YCR020C-A,YJR153W,0,-5.2766685,0.12212178111076355,0.7160000205039978,0.5146999955177307
YAL058W,YMR006C,0,-5.2767377,0.12210095673799515,0.7160000205039978,0.5148000121116638
YDR254W,YNL103W,0,-5.2767963,0.12208013981580734,0.7160000205039978,0.5149000287055969
YLL016W,YPR121W,0,-5.2768655,0.12205932289361954,0.7160000205039978,0.5149999856948853
YLR134W,YHR079C-B,0,-5.277043,0.12203852087259293,0.7160000205039978,0.5151000022888184
YBR164C,YKL178C,0,-5.2770543,0.12201772630214691,0.7160000205039978,0.5152000188827515
YGL062W,YBL100W-A,0,-5.2771363,0.1219969317317009,0.7160000205039978,0.5152999758720398
YNL023C,YML059C,0,-5.2771745,0.12197615206241608,0.7160000205039978,0.5153999924659729
YLR015W,YBR221C,0,-5.27718,0.12195537239313126,0.7160000205039978,0.515500009059906
YHL048W,YDR174W,0,-5.277226,0.12193460762500763,0.7160000205039978,0.5156000256538391
YFL048C,YLR425W,0,-5.277243,0.121913842856884,0.7160000205039978,0.5156999826431274
YFR029W,YKL193C,0,-5.277259,0.12189308553934097,0.7160000205039978,0.5157999992370605
YDR456W,YKR020W,0,-5.277283,0.12187234312295914,0.7160000205039978,0.5159000158309937
YLR085C,YHR048W,0,-5.277441,0.1218516007065773,0.7160000205039978,0.515999972820282
YGL037C,YGL163C,0,-5.277448,0.12183086574077606,0.7160000205039978,0.5160999894142151
YGR041W,YGR009C,0,-5.277479,0.12181013822555542,0.7160000205039978,0.5162000060081482
YOL027C,YDL006W,1,-5.277499,0.12195951491594315,0.7170000076293945,0.5162000060081482
YFL059W,YPL106C,0,-5.2776036,0.12193877249956131,0.7170000076293945,0.5163000226020813
YML104C,YJL063C,1,-5.277763,0.12208808213472366,0.7179999947547913,0.5163000226020813
YDL017W,YIL022W,0,-5.2778807,0.12206732481718063,0.7179999947547913,0.5163999795913696
YGL046W,YCR052W,0,-5.277989,0.1220465749502182,0.7179999947547913,0.5164999961853027
YDL019C,YDR146C,0,-5.278011,0.12202583253383636,0.7179999947547913,0.5166000127792358
YGR214W,YPL019C,0,-5.2780743,0.12200509756803513,0.7179999947547913,0.516700029373169
YPL050C,YGL163C,0,-5.2783933,0.12198437005281448,0.7179999947547913,0.5167999863624573
YKL114C,YCL003W,0,-5.278457,0.12196364998817444,0.7179999947547913,0.5169000029563904
YMR290C,YPL151C,0,-5.278478,0.12194293737411499,0.7179999947547913,0.5170000195503235
YPL140C,YOR305W,0,-5.2785745,0.12192222476005554,0.7179999947547913,0.5170999765396118
YGR220C,YDL109C,0,-5.278787,0.12190152704715729,0.7179999947547913,0.5171999931335449
YNL233W,YBR089C-A,0,-5.2788463,0.12188083678483963,0.7179999947547913,0.517300009727478
YER068W,YER006W,0,-5.278872,0.12186014652252197,0.7179999947547913,0.5174000263214111
YKL220C,YLR035C,0,-5.279102,0.12183947116136551,0.7179999947547913,0.5174999833106995
YML074C,YHR079C,0,-5.279137,0.12181879580020905,0.7179999947547913,0.5175999999046326
YGL084C,YLR165C,0,-5.279282,0.12179813534021378,0.7179999947547913,0.5177000164985657
YOR033C,YBR111W-A,0,-5.2793374,0.1217774748802185,0.7179999947547913,0.517799973487854
YOR355W,YPL244C,0,-5.279358,0.12175682187080383,0.7179999947547913,0.5178999900817871
YNL148C,YNL302C,0,-5.279384,0.12173618376255035,0.7179999947547913,0.5180000066757202
YLR117C,YJL012C-A,0,-5.2794576,0.12171554565429688,0.7179999947547913,0.5181000232696533
YNL256W,YNR048W,0,-5.2795186,0.12169491499662399,0.7179999947547913,0.5181999802589417
YPR171W,YGL008C,0,-5.279812,0.12167429178953171,0.7179999947547913,0.5182999968528748
YPR171W,YMR046C,0,-5.2799478,0.12165367603302002,0.7179999947547913,0.5184000134468079
YJL076W,YDR011W,0,-5.280131,0.12163306772708893,0.7179999947547913,0.5184999704360962
YDL004W,YBL014C,0,-5.280151,0.12161246687173843,0.7179999947547913,0.5185999870300293
YER017C,YGR270W,0,-5.2801914,0.12159187346696854,0.7179999947547913,0.5187000036239624
YPL214C,YLR277C,0,-5.2803106,0.12157128006219864,0.7179999947547913,0.5188000202178955
YJL210W,YHR084W,0,-5.2806606,0.12155070155858994,0.7179999947547913,0.5188999772071838
YOR057W,YKR014C,0,-5.28067,0.12153013050556183,0.7179999947547913,0.5189999938011169
YCR093W,YNL287W,0,-5.280741,0.12150955945253372,0.7179999947547913,0.51910001039505
YHR164C,YOL013C,0,-5.2809014,0.12148900330066681,0.7179999947547913,0.5192000269889832
YBR095C,YJL129C,0,-5.2809796,0.1214684471487999,0.7179999947547913,0.5192999839782715
YML086C,YOR036W,0,-5.2810674,0.12144790589809418,0.7179999947547913,0.5194000005722046
YLR303W,YDR461W,0,-5.28109,0.12142736464738846,0.7179999947547913,0.5195000171661377
YCR081W,YIR018W,0,-5.2812505,0.12140683084726334,0.7179999947547913,0.519599974155426
YGL014W,YGL030W,0,-5.281332,0.12138630449771881,0.7179999947547913,0.5196999907493591
YPL209C,YJR104C,0,-5.2814445,0.12136578559875488,0.7179999947547913,0.5198000073432922
YLR368W,YNL121C,1,-5.281558,0.12151428312063217,0.718999981880188,0.5198000073432922
YDL102W,YDR208W,0,-5.2815857,0.12149374932050705,0.718999981880188,0.5199000239372253
YHR050W,YHL022C,0,-5.2816606,0.12147322297096252,0.718999981880188,0.5199999809265137
YBR217W,YPL145C,0,-5.2819614,0.1214527040719986,0.718999981880188,0.5200999975204468
YHR166C,YOR319W,0,-5.2820053,0.12143219262361526,0.718999981880188,0.5202000141143799
YNL001W,YER025W,0,-5.282107,0.12141168862581253,0.718999981880188,0.5202999711036682
YMR280C,YDL226C,0,-5.2822328,0.1213911846280098,0.718999981880188,0.5203999876976013
YGL106W,YJL179W,0,-5.282297,0.12137069553136826,0.718999981880188,0.5205000042915344
YLR370C,YNL304W,1,-5.2823634,0.12151898443698883,0.7200000286102295,0.5205000042915344
YLR074C,YOR332W,0,-5.282378,0.1214984804391861,0.7200000286102295,0.5206000208854675
YML061C,YJR120W,1,-5.282453,0.1216467022895813,0.7210000157356262,0.5206000208854675
YPR134W,YDL109C,0,-5.2825065,0.12162618339061737,0.7210000157356262,0.5206999778747559
YER042W,YLR313C,0,-5.282542,0.12160566449165344,0.7210000157356262,0.520799994468689
YAL011W,YOR143C,0,-5.2826104,0.12158516049385071,0.7210000157356262,0.5209000110626221
YGL003C,YPL106C,0,-5.2827497,0.12156466394662857,0.7210000157356262,0.5210000276565552
YJL071W,YHR108W,0,-5.282851,0.12154416739940643,0.7210000157356262,0.5210999846458435
YLR117C,YKR026C,0,-5.282897,0.12152367830276489,0.7210000157356262,0.5212000012397766
YDR276C,YLR026C,0,-5.2831635,0.12150320410728455,0.7210000157356262,0.5213000178337097
YLR242C,YLR337W,0,-5.2831836,0.1214827299118042,0.7210000157356262,0.521399974822998
YPR019W,YLR293C,0,-5.283316,0.12146226316690445,0.7210000157356262,0.5214999914169312
YDR272W,YNR049C,0,-5.28332,0.1214418038725853,0.7210000157356262,0.5216000080108643
YPR193C,YDL085W,0,-5.2834644,0.12142135202884674,0.7210000157356262,0.5217000246047974
YPL275W,YMR069W,0,-5.2836585,0.12140090763568878,0.7210000157356262,0.5217999815940857
YKR037C,YGR186W,0,-5.283764,0.12138047069311142,0.7210000157356262,0.5218999981880188
YBR036C,YGR186W,0,-5.283844,0.12136004120111465,0.7210000157356262,0.5220000147819519
YBL099W,YNR013C,0,-5.2841096,0.12133961915969849,0.7210000157356262,0.5220999717712402
YPR073C,YML069W,0,-5.2841854,0.12131919711828232,0.7210000157356262,0.5221999883651733
YDL231C,YCL014W,0,-5.2842126,0.12129878997802734,0.7210000157356262,0.5223000049591064
YHR011W,YIL026C,0,-5.2843466,0.12127838283777237,0.7210000157356262,0.5224000215530396
YJR053W,YBR058C-A,0,-5.284375,0.12125799059867859,0.7210000157356262,0.5224999785423279
YIL070C,YKL019W,0,-5.284408,0.12123759835958481,0.7210000157356262,0.522599995136261
YPL259C,YLR350W,0,-5.284537,0.12121721357107162,0.7210000157356262,0.5227000117301941
YKR083C,YIL114C,0,-5.284635,0.12119683623313904,0.7210000157356262,0.5228000283241272
YNL164C,YOR210W,0,-5.28483,0.12117647379636765,0.7210000157356262,0.5228999853134155
YPL240C,YHR214C-B,0,-5.284838,0.12115611135959625,0.7210000157356262,0.5230000019073486
YML094W,YDL232W,0,-5.284866,0.12113575637340546,0.7210000157356262,0.5231000185012817
YPR188C,YJL104W,0,-5.2849126,0.12111540138721466,0.7210000157356262,0.5231999754905701
YNL292W,YOR344C,0,-5.285029,0.12109506130218506,0.7210000157356262,0.5232999920845032
YBR289W,YKL088W,0,-5.2850537,0.12107472866773605,0.7210000157356262,0.5234000086784363
YLL019C,YJL026W,0,-5.285097,0.12105439603328705,0.7210000157356262,0.5235000252723694
YOR335C,YLL008W,0,-5.285213,0.12103407829999924,0.7210000157356262,0.5235999822616577
YIR006C,YLR409C,0,-5.2852697,0.12101376056671143,0.7210000157356262,0.5236999988555908
YOR079C,YDR516C,0,-5.285286,0.12099345773458481,0.7210000157356262,0.5238000154495239
YFL058W,YLR301W,0,-5.2854342,0.12097315490245819,0.7210000157356262,0.5238999724388123
YKL160W,YLL061W,0,-5.2855396,0.12095285952091217,0.7210000157356262,0.5239999890327454
YDL006W,YNL213C,1,-5.2856936,0.1211002990603447,0.722000002861023,0.5239999890327454
YLR370C,YJL112W,1,-5.2857823,0.12124769389629364,0.7229999899864197,0.5239999890327454
YOL013C,YDR195W,0,-5.285888,0.12122736126184464,0.7229999899864197,0.5241000056266785
YDL147W,YDR238C,0,-5.2861323,0.12120704352855682,0.7229999899864197,0.5242000222206116
YCR071C,YLR240W,0,-5.286241,0.12118672579526901,0.7229999899864197,0.5242999792098999
YML051W,YKL089W,0,-5.2863946,0.1211664155125618,0.7229999899864197,0.524399995803833
YLR304C,YLR355C,1,-5.286539,0.12131367623806,0.7239999771118164,0.524399995803833
YLR097C,YLR132C,0,-5.286562,0.12129335105419159,0.7239999771118164,0.5245000123977661
YBR161W,YGL210W-A,0,-5.28661,0.12127303332090378,0.7239999771118164,0.5246000289916992
YGR089W,YDL109C,0,-5.2866464,0.12125272303819656,0.7239999771118164,0.5246999859809875
YHR083W,YNL304W,1,-5.2867684,0.12139986455440521,0.7250000238418579,0.5246999859809875
YHR005C-A,YNL310C,1,-5.286896,0.12154696136713028,0.7260000109672546,0.5246999859809875
YJR065C,YML061C,1,-5.286963,0.12169400602579117,0.7269999980926514,0.5246999859809875
YNL068C,YGR169C,0,-5.2872386,0.12167364358901978,0.7269999980926514,0.5248000025749207
YCL016C,YDL030W,0,-5.2873473,0.12165328115224838,0.7269999980926514,0.5249000191688538
YPL163C,YPL128C,0,-5.2875094,0.12163292616605759,0.7269999980926514,0.5249999761581421
YBL006C,YCR031C,0,-5.2876062,0.12161257863044739,0.7269999980926514,0.5250999927520752
YNL166C,YFL018C,0,-5.2876067,0.12159223854541779,0.7269999980926514,0.5252000093460083
YOR298W,YDR160W,0,-5.287655,0.12157190591096878,0.7269999980926514,0.5253000259399414
YOR133W,YDR328C,0,-5.2877703,0.12155158072710037,0.7269999980926514,0.5253999829292297
YLR080W,YKL108W,0,-5.2879586,0.12153126299381256,0.7269999980926514,0.5254999995231628
YJL073W,YDR075W,0,-5.28798,0.12151094526052475,0.7269999980926514,0.525600016117096
YBR164C,YHL038C,0,-5.2880616,0.12149064242839813,0.7269999980926514,0.5256999731063843
YML093W,YHR060W,0,-5.288337,0.12147033959627151,0.7269999980926514,0.5257999897003174
YOR116C,YMR270C,0,-5.288386,0.12145005166530609,0.7269999980926514,0.5259000062942505
YER179W,YBR159W,0,-5.2884126,0.12142976373434067,0.7269999980926514,0.5260000228881836
YLL011W,YLR119W,0,-5.2884364,0.12140948325395584,0.7269999980926514,0.5260999798774719
YLR238W,YNL243W,0,-5.288451,0.12138921022415161,0.7269999980926514,0.526199996471405
YDR364C,YGR075C,0,-5.2885327,0.12136894464492798,0.7269999980926514,0.5263000130653381
YMR060C,YGR144W,1,-5.288611,0.12151560932397842,0.7279999852180481,0.5263000130653381
YGL216W,YHR038W,0,-5.288632,0.1214953288435936,0.7279999852180481,0.5264000296592712
YMR192W,YKR065C,0,-5.288763,0.12147505581378937,0.7279999852180481,0.5264999866485596
YJL121C,YOL093W,0,-5.2889237,0.12145479023456573,0.7279999852180481,0.5266000032424927
YIR028W,YEL062W,0,-5.289227,0.1214345321059227,0.7279999852180481,0.5267000198364258
YJL115W,YNL207W,0,-5.2892528,0.12141427397727966,0.7279999852180481,0.5267999768257141
YNL172W,YIL118W,0,-5.2892632,0.12139403074979782,0.7279999852180481,0.5268999934196472
YBR202W,YOR095C,0,-5.2893004,0.12137379497289658,0.7279999852180481,0.5270000100135803
YKL052C,YBL085W,0,-5.289374,0.12135355919599533,0.7279999852180481,0.5271000266075134
YCL027W,YGL133W,0,-5.289487,0.12133333086967468,0.7279999852180481,0.5271999835968018
YHR053C,YOR003W,0,-5.289523,0.12131311744451523,0.7279999852180481,0.5273000001907349
YER177W,YLR033W,0,-5.2898054,0.12129290401935577,0.7279999852180481,0.527400016784668
YPR007C,YGL145W,0,-5.2898507,0.12127269804477692,0.7279999852180481,0.5274999737739563
YKL052C,YFL035C-A,0,-5.2898836,0.12125249952077866,0.7279999852180481,0.5275999903678894
YFL003C,YLR363C,0,-5.2899604,0.12123230844736099,0.7279999852180481,0.5277000069618225
YLR201C,YER042W,0,-5.2899632,0.12121212482452393,0.7279999852180481,0.5278000235557556
YKR007W,YDL039C,0,-5.290064,0.12119194120168686,0.7279999852180481,0.527899980545044
YJL065C,YMR087W,0,-5.2900825,0.12117177248001099,0.7279999852180481,0.527999997138977
YJL167W,YMR219W,0,-5.2900996,0.12115160375833511,0.7279999852180481,0.5281000137329102
YDR258C,YIL051C,1,-5.29015,0.12129783630371094,0.7289999723434448,0.5281000137329102
YDL145C,YFL004W,0,-5.2902074,0.12127766013145447,0.7289999723434448,0.5281999707221985
YIR021W,YGR054W,0,-5.290257,0.121257483959198,0.7289999723434448,0.5282999873161316
YPL274W,YLR147C,0,-5.290305,0.12123732268810272,0.7289999723434448,0.5284000039100647
YPL259C,YAL051W,0,-5.2903337,0.12121716141700745,0.7289999723434448,0.5285000205039978
YIR022W,YJL143W,0,-5.2904134,0.12119700759649277,0.7289999723434448,0.5285999774932861
YLR320W,YBR069C,0,-5.290459,0.12117686122655869,0.7289999723434448,0.5286999940872192
YHR193C,YBR022W,0,-5.290481,0.1211567223072052,0.7289999723434448,0.5288000106811523
YNL008C,YER014C-A,0,-5.2904906,0.12113659083843231,0.7289999723434448,0.5289000272750854
YJL098W,YLL017W,0,-5.290648,0.12111646682024002,0.7289999723434448,0.5289999842643738
YDR030C,YNL311C,0,-5.2907023,0.12109634280204773,0.7289999723434448,0.5291000008583069
YPL069C,YBR159W,0,-5.2907443,0.12107623368501663,0.7289999723434448,0.52920001745224
YDR280W,YBL100W-A,0,-5.2907877,0.12105612456798553,0.7289999723434448,0.5292999744415283
YKL001C,YJR141W,0,-5.290857,0.12103603035211563,0.7289999723434448,0.5293999910354614
YNR074C,YJR027W,0,-5.2909904,0.12101593613624573,0.7289999723434448,0.5295000076293945
YGL021W,YML124C,0,-5.291013,0.12099584937095642,0.7289999723434448,0.5296000242233276
YPL188W,YDR328C,0,-5.2911296,0.12097577005624771,0.7289999723434448,0.529699981212616
YOR209C,YMR308C,0,-5.2912145,0.1209556981921196,0.7289999723434448,0.5297999978065491
YGR267C,YNL333W,0,-5.2912564,0.12093563377857208,0.7289999723434448,0.5299000144004822
YDL108W,YJL087C,0,-5.2912984,0.12091557681560516,0.7289999723434448,0.5299999713897705
YCL044C,YHR031C,1,-5.2915616,0.12106136232614517,0.7300000190734863,0.5299999713897705
YNR058W,YJL018W,0,-5.29161,0.12104128301143646,0.7300000190734863,0.5300999879837036
YBR205W,YKR014C,0,-5.2916512,0.12102121859788895,0.7300000190734863,0.5302000045776367
YEL042W,YIL080W,0,-5.2919135,0.12100116163492203,0.7300000190734863,0.5303000211715698
YKL149C,YGL106W,0,-5.291961,0.12098110467195511,0.7300000190734863,0.5303999781608582
YLR380W,YBR090C-A,0,-5.2919908,0.12096106261014938,0.7300000190734863,0.5304999947547913
YDR170C,YCR062W,0,-5.2922344,0.12094102054834366,0.7300000190734863,0.5306000113487244
YIL007C,YOR213C,0,-5.292356,0.12092098593711853,0.7300000190734863,0.5307000279426575
YDR320C,YLR346C,0,-5.292443,0.120900958776474,0.7300000190734863,0.5307999849319458
YOR014W,YOR213C,0,-5.292452,0.12088093906641006,0.7300000190734863,0.5309000015258789
YMR012W,YNL149C,1,-5.292498,0.12102649360895157,0.7310000061988831,0.5309000015258789
YGL122C,YGR077C,0,-5.292771,0.12100645899772644,0.7310000061988831,0.531000018119812
YDL145C,YDL095W,0,-5.2928123,0.12098643183708191,0.7310000061988831,0.5310999751091003
YOR174W,YNL053W,0,-5.2928777,0.12096640467643738,0.7310000061988831,0.5311999917030334
YHR031C,YNL121C,1,-5.293061,0.12111184746026993,0.7319999933242798,0.5311999917030334
YML081C-A,YDR434W,0,-5.2931304,0.1210918128490448,0.7319999933242798,0.5313000082969666
YDR145W,YDR165W,0,-5.2931695,0.12107178568840027,0.7319999933242798,0.5314000248908997
YBL009W,YNL161W,0,-5.2933307,0.12105175852775574,0.7319999933242798,0.531499981880188
YGR070W,YPR133C,0,-5.293387,0.1210317462682724,0.7319999933242798,0.5315999984741211
YJR017C,YEL009C,0,-5.2933965,0.12101173400878906,0.7319999933242798,0.5317000150680542
YLL006W,YCR020C,1,-5.2934713,0.12115702778100967,0.7329999804496765,0.5317000150680542
YDR191W,YAL023C,0,-5.2935,0.12113700062036514,0.7329999804496765,0.5317999720573425
YMR167W,YIL149C,0,-5.293683,0.1211169883608818,0.7329999804496765,0.5318999886512756
YFR008W,YLR071C,0,-5.293763,0.12109697610139847,0.7329999804496765,0.5320000052452087
YCR038C,YOR008C-A,0,-5.2938614,0.12107697129249573,0.7329999804496765,0.5321000218391418
YHR176W,YNR048W,0,-5.2939143,0.12105698138475418,0.7329999804496765,0.5321999788284302
YOR002W,YHR143W-A,0,-5.293993,0.12103699147701263,0.7329999804496765,0.5322999954223633
YDR437W,YJR126C,0,-5.294002,0.12101700156927109,0.7329999804496765,0.5324000120162964
YOR327C,YCR062W,0,-5.2942824,0.12099702656269073,0.7329999804496765,0.5325000286102295
YOL051W,YKL018W,0,-5.294311,0.12097705900669098,0.7329999804496765,0.5325999855995178
YGR275W,YNL160W,0,-5.294364,0.12095709890127182,0.7329999804496765,0.5327000021934509
YLR284C,YJL207C,0,-5.294368,0.12093713879585266,0.7329999804496765,0.532800018787384
YJR042W,YJR127C,0,-5.2944455,0.1209171861410141,0.7329999804496765,0.5328999757766724
YDR254W,YDR283C,0,-5.2944565,0.12089724838733673,0.7329999804496765,0.5329999923706055
YOR211C,YJR120W,1,-5.2947497,0.12104221433401108,0.734000027179718,0.5329999923706055
YBR142W,YMR004W,0,-5.294752,0.12102226167917252,0.734000027179718,0.5331000089645386
YGL058W,YHR050W,0,-5.2948737,0.12100230902433395,0.734000027179718,0.5332000255584717
YGL244W,YPL253C,0,-5.294994,0.12098236382007599,0.734000027179718,0.53329998254776
YIL026C,YMR203W,0,-5.295132,0.12096242606639862,0.734000027179718,0.5333999991416931
YBR100W,YMR067C,0,-5.2952914,0.12094249576330185,0.734000027179718,0.5335000157356262
YMR290C,YMR045C,0,-5.2953353,0.12092257291078568,0.734000027179718,0.5335999727249146
YLR286C,YBR223C,0,-5.295503,0.1209026500582695,0.734000027179718,0.5336999893188477
YMR311C,YLR396C,0,-5.295565,0.12088274210691452,0.734000027179718,0.5338000059127808
YBR155W,YGL004C,0,-5.2960763,0.12086283415555954,0.734000027179718,0.5339000225067139
YML121W,YJL208C,0,-5.296091,0.12084293365478516,0.734000027179718,0.5339999794960022
YDR240C,YNL128W,0,-5.296102,0.12082304805517197,0.734000027179718,0.5340999960899353
YAL003W,YMR045C,0,-5.29615,0.12080316245555878,0.734000027179718,0.5342000126838684
YOR180C,YDR167W,0,-5.2962914,0.12078328430652618,0.734000027179718,0.5343000292778015
YBR202W,YDR268W,0,-5.2962966,0.12076340615749359,0.734000027179718,0.5343999862670898
YML069W,YOR191W,0,-5.296318,0.12074354290962219,0.734000027179718,0.534500002861023
YHR154W,YAL047C,0,-5.2964234,0.12072368711233139,0.734000027179718,0.534600019454956
YDR004W,YML124C,0,-5.2965016,0.12070383131504059,0.734000027179718,0.5346999764442444
YNL098C,YGR161C,0,-5.296515,0.12068398296833038,0.734000027179718,0.5347999930381775
YMR146C,YLR455W,0,-5.2965345,0.12066414952278137,0.734000027179718,0.5349000096321106
YMR167W,YKR059W,0,-5.2966456,0.12064431607723236,0.734000027179718,0.5350000262260437
YDL042C,YKL126W,0,-5.2967715,0.12062449008226395,0.734000027179718,0.535099983215332
YGR157W,YDR228C,0,-5.2970653,0.12060466408729553,0.734000027179718,0.5351999998092651
YDL142C,YJR120W,1,-5.2970996,0.12074913829565048,0.7350000143051147,0.5351999998092651
YKR082W,YCL003W,0,-5.2971725,0.12072930485010147,0.7350000143051147,0.5353000164031982
YLR155C,YCR002C,0,-5.297181,0.12070947885513306,0.7350000143051147,0.5353999733924866
YCR039C,YEL060C,0,-5.2972064,0.12068965286016464,0.7350000143051147,0.5354999899864197
YLR448W,YBL039C,0,-5.2974324,0.12066984176635742,0.7350000143051147,0.5356000065803528
YML093W,YCR062W,0,-5.2974644,0.1206500306725502,0.7350000143051147,0.5357000231742859
YDR421W,YNL161W,0,-5.297584,0.12063023447990417,0.7350000143051147,0.5357999801635742
YHR197W,YGR214W,0,-5.297618,0.12061043828725815,0.7350000143051147,0.5358999967575073
YDR078C,YPL210C,0,-5.2976665,0.12059064954519272,0.7350000143051147,0.5360000133514404
YKR101W,YLR043C,0,-5.29784,0.12057086825370789,0.7350000143051147,0.5360999703407288
YBR297W,YGR119C,0,-5.2978673,0.12055109441280365,0.7350000143051147,0.5361999869346619
YLR380W,YBR095C,0,-5.2981706,0.12053132057189941,0.7350000143051147,0.536300003528595
YDL230W,YPL214C,0,-5.2981887,0.12051156163215637,0.7350000143051147,0.5364000201225281
YMR167W,YNL117W,0,-5.298287,0.12049180269241333,0.7350000143051147,0.5364999771118164
YKL120W,YCL010C,0,-5.2983246,0.12047205120325089,0.7350000143051147,0.5365999937057495
YER177W,YLR384C,0,-5.2983365,0.12045230716466904,0.7350000143051147,0.5367000102996826
YLR079W,YPL016W,0,-5.298364,0.12043257057666779,0.7350000143051147,0.5368000268936157
YKR036C,YDL217C,1,-5.298494,0.12057667225599289,0.7360000014305115,0.5368000268936157
YFR047C,YGL238W,0,-5.298557,0.12055692076683044,0.7360000014305115,0.536899983882904
YDR219C,YBR192W,1,-5.298696,0.12070094794034958,0.7369999885559082,0.536899983882904
YLR201C,YOL126C,0,-5.2987375,0.12068118900060654,0.7369999885559082,0.5370000004768372
YOR180C,YER125W,0,-5.298753,0.1206614300608635,0.7369999885559082,0.5371000170707703
YDR130C,YNL290W,0,-5.2989182,0.12064167857170105,0.7369999885559082,0.5371999740600586
YBL011W,YGR129W,0,-5.2990737,0.1206219345331192,0.7369999885559082,0.5372999906539917
YIL062C,YJL112W,1,-5.2991242,0.12076583504676819,0.7379999756813049,0.5372999906539917
YDR113C,YFR004W,0,-5.2991824,0.12074607610702515,0.7379999756813049,0.5374000072479248
YJL101C,YER007W,0,-5.2992473,0.1207263246178627,0.7379999756813049,0.5375000238418579
YPL095C,YBL005W-A,0,-5.2993636,0.12070657312870026,0.7379999756813049,0.5375999808311462
YNL163C,YPR187W,0,-5.2993827,0.120686836540699,0.7379999756813049,0.5376999974250793
YIL017W,YPR036W,0,-5.299397,0.12066709995269775,0.7379999756813049,0.5378000140190125
YMR004W,YIL008W,0,-5.2994676,0.1206473782658577,0.7379999756813049,0.5378999710083008
YHR042W,YOR307C,0,-5.299519,0.12062765657901764,0.7379999756813049,0.5379999876022339
YJR021C,YHR008C,0,-5.2996726,0.12060794234275818,0.7379999756813049,0.538100004196167
YKL139W,YPR113W,0,-5.299734,0.12058823555707932,0.7379999756813049,0.5382000207901001
YIL042C,YNL246W,0,-5.2997932,0.12056853622198105,0.7379999756813049,0.5382999777793884
YDL002C,YOL066C,0,-5.2998147,0.12054883688688278,0.7379999756813049,0.5383999943733215
YOR298W,YDL040C,0,-5.299967,0.12052915245294571,0.7379999756813049,0.5385000109672546
YKL201C,YLR324W,0,-5.299978,0.12050946801900864,0.7379999756813049,0.5386000275611877
YDR188W,YJR055W,0,-5.3000765,0.12048979848623276,0.7379999756813049,0.5386999845504761
YLR219W,YBR182C,0,-5.3000937,0.12047012895345688,0.7379999756813049,0.5388000011444092
YPR009W,YHR060W,0,-5.300115,0.1204504668712616,0.7379999756813049,0.5389000177383423
YER028C,YGR005C,0,-5.300117,0.12043081223964691,0.7379999756813049,0.5389999747276306
YLL061W,YJL080C,0,-5.300197,0.12041115760803223,0.7379999756813049,0.5390999913215637
YER119C,YIL084C,0,-5.300301,0.12039151787757874,0.7379999756813049,0.5392000079154968
YDR016C,YDR437W,0,-5.3003473,0.12037187814712524,0.7379999756813049,0.5393000245094299
YML011C,YIL063C,0,-5.3003473,0.12035225331783295,0.7379999756813049,0.5393999814987183
YIL046W,YJR131W,0,-5.300471,0.12033262848854065,0.7379999756813049,0.5394999980926514
YNL068C,YIL122W,0,-5.3004804,0.12031301110982895,0.7379999756813049,0.5396000146865845
YGL086W,YGL089C,0,-5.300559,0.12029340118169785,0.7379999756813049,0.5396999716758728
YPL059W,YIL082W-A,0,-5.3005924,0.12027379125356674,0.7379999756813049,0.5397999882698059
YPR111W,YDR191W,0,-5.3007827,0.12025419622659683,0.7379999756813049,0.539900004863739
YNL149C,YML061C,1,-5.3009324,0.12039752304553986,0.7390000224113464,0.539900004863739
YBR092C,YCL020W,0,-5.3010206,0.12037791311740875,0.7390000224113464,0.5400000214576721
YBR221C,YHR154W,0,-5.301105,0.12035830318927765,0.7390000224113464,0.5400999784469604
YBR177C,YBR126C,0,-5.3011937,0.12033870816230774,0.7390000224113464,0.5401999950408936
YAL017W,YDR202C,0,-5.301245,0.12031911313533783,0.7390000224113464,0.5403000116348267
YDR130C,YPL050C,0,-5.301414,0.12029952555894852,0.7390000224113464,0.5404000282287598
YBR029C,YLR410W,0,-5.3015876,0.1202799454331398,0.7390000224113464,0.5404999852180481
YER114C,YMR210W,0,-5.3016005,0.12026037275791168,0.7390000224113464,0.5406000018119812
YGL116W,YIR021W,0,-5.3016424,0.12024080753326416,0.7390000224113464,0.5407000184059143
YBR010W,YDR443C,0,-5.30197,0.12022124975919724,0.7390000224113464,0.5407999753952026
YCR071C,YKL089W,0,-5.3021665,0.12020169198513031,0.7390000224113464,0.5408999919891357
YCL016C,YMR192W,0,-5.3022895,0.12018214166164398,0.7390000224113464,0.5410000085830688
YML061C,YPR024W,1,-5.3024144,0.12032520025968552,0.7400000095367432,0.5410000085830688
YNR035C,YNL066W,1,-5.3024597,0.12046821415424347,0.7409999966621399,0.5410000085830688
YPL161C,YNL142W,0,-5.302469,0.12044863402843475,0.7409999966621399,0.541100025177002
YGL142C,YBR012W-A,0,-5.302496,0.12042906135320663,0.7409999966621399,0.5411999821662903
YJL176C,YDR058C,0,-5.30251,0.12040948867797852,0.7409999966621399,0.5412999987602234
YOL095C,YGL219C,1,-5.3026233,0.12055239826440811,0.7419999837875366,0.5412999987602234
YPR021C,YOR130C,0,-5.3026805,0.1205328106880188,0.7419999837875366,0.5414000153541565
YNL258C,YPL258C,0,-5.302761,0.12051323801279068,0.7419999837875366,0.5414999723434448
YGL135W,YNL209W,0,-5.302841,0.12049366533756256,0.7419999837875366,0.5415999889373779
YKR057W,YGR162W,0,-5.303033,0.12047410011291504,0.7419999837875366,0.541700005531311
YFL059W,YMR210W,0,-5.303087,0.12045454233884811,0.7419999837875366,0.5418000221252441
YHR070W,YDR131C,0,-5.3031125,0.12043499201536179,0.7419999837875366,0.5418999791145325
YDL004W,YMR162C,0,-5.3032565,0.12041544914245605,0.7419999837875366,0.5419999957084656
YIL132C,YML076C,0,-5.303507,0.12039591372013092,0.7419999837875366,0.5421000123023987
YFR051C,YML039W,0,-5.3036823,0.12037637829780579,0.7419999837875366,0.5422000288963318
YPL001W,YOR098C,0,-5.3037066,0.12035685032606125,0.7419999837875366,0.5422999858856201
YLR361C,YNL216W,0,-5.303748,0.1203373372554779,0.7419999837875366,0.5424000024795532
YHR194W,YMR134W,1,-5.3040204,0.12047997117042542,0.7429999709129333,0.5424000024795532
YGL035C,YHR084W,0,-5.3040433,0.12046044319868088,0.7429999709129333,0.5425000190734863
YLR028C,YNL012W,0,-5.3041286,0.12044091522693634,0.7429999709129333,0.5425999760627747
YOL082W,YAL017W,0,-5.304141,0.1204213947057724,0.7429999709129333,0.5426999926567078
YDL243C,YDR096W,0,-5.3043675,0.12040188163518906,0.7429999709129333,0.5428000092506409
YGR080W,YKL075C,0,-5.30438,0.12038236856460571,0.7429999709129333,0.542900025844574
YGR278W,YNL023C,0,-5.3044724,0.12036287039518356,0.7429999709129333,0.5429999828338623
YOR236W,YPR009W,0,-5.304564,0.12034337222576141,0.7429999709129333,0.5430999994277954
YPR112C,YPR103W,0,-5.304614,0.12032388895750046,0.7429999709129333,0.5432000160217285
YLR350W,YDL019C,0,-5.304643,0.1203044056892395,0.7429999709129333,0.5432999730110168
YNL227C,YJR028W,0,-5.3048997,0.12028492987155914,0.7429999709129333,0.54339998960495
YHR114W,YBR012W-A,0,-5.3049154,0.12026546150445938,0.7429999709129333,0.5435000061988831
YPL022W,YDL081C,0,-5.3049707,0.12024599313735962,0.7429999709129333,0.5436000227928162
YLR291C,YOL012C,0,-5.3049817,0.12022653967142105,0.7429999709129333,0.5436999797821045
YPL267W,YCR037C,0,-5.305069,0.12020708620548248,0.7429999709129333,0.5437999963760376
YGR220C,YJL140W,0,-5.3051405,0.12018764019012451,0.7429999709129333,0.5439000129699707
YIR025W,YKR062W,0,-5.3052826,0.12016820162534714,0.7429999709129333,0.5440000295639038
YPL217C,YOR373W,0,-5.3054595,0.12014877051115036,0.7429999709129333,0.5440999865531921
YDL160C,YGL137W,0,-5.3054786,0.12012934684753418,0.7429999709129333,0.5442000031471252
YBR265W,YHR214C-B,0,-5.3056684,0.120109923183918,0.7429999709129333,0.5443000197410583
YGL201C,YMR309C,0,-5.305741,0.12009051442146301,0.7429999709129333,0.5443999767303467
YMR311C,YOL001W,0,-5.3057723,0.12007110565900803,0.7429999709129333,0.5444999933242798
YLR129W,YGL043W,0,-5.305816,0.12005170434713364,0.7429999709129333,0.5446000099182129
YFL029C,YOR216C,0,-5.305916,0.12003231048583984,0.7429999709129333,0.544700026512146
YDR375C,YFL058W,0,-5.3059187,0.12001292407512665,0.7429999709129333,0.5447999835014343
YLR391W-A,YPR167C,0,-5.305923,0.11999353766441345,0.7429999709129333,0.5449000000953674
YNL097C,YGL162W,0,-5.3059726,0.11997416615486145,0.7429999709129333,0.5450000166893005
YLR384C,YML013W,0,-5.306049,0.11995479464530945,0.7429999709129333,0.5450999736785889
YLR304C,YJR118C,1,-5.306213,0.120096854865551,0.7440000176429749,0.5450999736785889
YMR133W,YDR170C,0,-5.3062186,0.1200774684548378,0.7440000176429749,0.545199990272522
YHR079C,YOR148C,0,-5.306247,0.1200580894947052,0.7440000176429749,0.5453000068664551
YLR332W,YOL080C,0,-5.306253,0.1200387254357338,0.7440000176429749,0.5454000234603882
YLR131C,YPL006W,0,-5.3063602,0.12001936137676239,0.7440000176429749,0.5454999804496765
YLR304C,YDR219C,1,-5.306367,0.12016128748655319,0.7450000047683716,0.5454999804496765
YKL170W,YDR369C,0,-5.3064275,0.12014191597700119,0.7450000047683716,0.5455999970436096
YOL139C,YMR229C,0,-5.306438,0.12012254446744919,0.7450000047683716,0.5457000136375427
YAL029C,YNL045W,0,-5.306808,0.12010317295789719,0.7450000047683716,0.545799970626831
YCL011C,YCL024W,0,-5.306936,0.12008381634950638,0.7450000047683716,0.5458999872207642
YGR081C,YML098W,0,-5.3070073,0.12006446719169617,0.7450000047683716,0.5460000038146973
YCL017C,YPR055W,0,-5.307017,0.12004511803388596,0.7450000047683716,0.5461000204086304
YKL074C,YBR162C,0,-5.307286,0.12002577632665634,0.7450000047683716,0.5461999773979187
YMR287C,YDL100C,0,-5.307304,0.12000644207000732,0.7450000047683716,0.5462999939918518
YBR059C,YDR057W,0,-5.3073316,0.1199871152639389,0.7450000047683716,0.5464000105857849
YFL039C,YJL112W,1,-5.307428,0.1201288253068924,0.7459999918937683,0.5464000105857849
YOR221C,YDR086C,0,-5.307446,0.12010948359966278,0.7459999918937683,0.546500027179718
YLR324W,YPR032W,0,-5.30745,0.12009014934301376,0.7459999918937683,0.5465999841690063
YMR136W,YKR052C,0,-5.3074527,0.12007082253694534,0.7459999918937683,0.5467000007629395
YDL019C,YLR026C,0,-5.307552,0.12005149573087692,0.7459999918937683,0.5468000173568726
YHR038W,YNL313C,0,-5.3076787,0.1200321838259697,0.7459999918937683,0.5468999743461609
YJR139C,YPL057C,0,-5.3077445,0.12001287192106247,0.7459999918937683,0.546999990940094
YFL031W,YOL028C,0,-5.307817,0.11999356746673584,0.7459999918937683,0.5471000075340271
YBR021W,YER169W,0,-5.3085814,0.11997427046298981,0.7459999918937683,0.5472000241279602
YNR003C,YDR190C,0,-5.308756,0.11995497345924377,0.7459999918937683,0.5472999811172485
YJR013W,YPR178W,0,-5.3089347,0.11993569135665894,0.7459999918937683,0.5473999977111816
YOR326W,YGR101W,1,-5.3089623,0.12007715553045273,0.746999979019165,0.5473999977111816
YGR204W,YGL236C,0,-5.3089957,0.1200578585267067,0.746999979019165,0.5475000143051147
YCR075C,YMR004W,0,-5.3090677,0.12003856897354126,0.746999979019165,0.5475999712944031
YNL244C,YJR141W,0,-5.309117,0.12001927942037582,0.746999979019165,0.5476999878883362
YMR290C,YNL281W,0,-5.3093715,0.11999999731779099,0.746999979019165,0.5478000044822693
YKR053C,YNL045W,0,-5.3094435,0.11998072266578674,0.746999979019165,0.5479000210762024
YGR144W,YMR302C,1,-5.309449,0.12012205272912979,0.7480000257492065,0.5479000210762024
YNR031C,YJL087C,0,-5.3095593,0.12010276317596436,0.7480000257492065,0.5479999780654907
YBR288C,YGL120C,0,-5.3095684,0.12008348107337952,0.7480000257492065,0.5480999946594238
YPL244C,YOR004W,0,-5.309592,0.12006420642137527,0.7480000257492065,0.5482000112533569
YIR013C,YBL100W-B,0,-5.309653,0.12004493921995163,0.7480000257492065,0.54830002784729
YPR131C,YML058W,1,-5.3096957,0.12018613517284393,0.7490000128746033,0.54830002784729
YKL208W,YPL057C,0,-5.3097353,0.1201668530702591,0.7490000128746033,0.5483999848365784
YLR100W,YJR029W,0,-5.309839,0.12014757841825485,0.7490000128746033,0.5485000014305115
YMR035W,YLR035C-A,0,-5.309899,0.12012831121683121,0.7490000128746033,0.5486000180244446
YER179W,YCR061W,0,-5.309947,0.12010904401540756,0.7490000128746033,0.5486999750137329
YMR305C,YIL143C,0,-5.310059,0.12008978426456451,0.7490000128746033,0.548799991607666
YDR297W,YLR426W,0,-5.310131,0.12007053196430206,0.7490000128746033,0.5489000082015991
YFL035C-A,YOL147C,0,-5.310223,0.12005128711462021,0.7490000128746033,0.5490000247955322
YKR068C,YML059C,0,-5.3102803,0.12003204971551895,0.7490000128746033,0.5490999817848206
YGR144W,YMR134W,1,-5.3102975,0.12017305195331573,0.75,0.5490999817848206
YGR009C,YNL160W,0,-5.3103614,0.12015379965305328,0.75,0.5491999983787537
YPL192C,YLR263W,0,-5.3104343,0.12013454735279083,0.75,0.5493000149726868
YJL073W,YBR153W,0,-5.310471,0.12011530995368958,0.75,0.5493999719619751
YBR111W-A,YKR053C,0,-5.3106055,0.12009608000516891,0.75,0.5494999885559082
YJL116C,YFL036W,1,-5.310637,0.12023694813251495,0.7509999871253967,0.5494999885559082
YDR160W,YJL109C,0,-5.3107433,0.1202177032828331,0.7509999871253967,0.5496000051498413
YEL056W,YKL086W,0,-5.31085,0.12019846588373184,0.7509999871253967,0.5497000217437744
YLR079W,YGR211W,0,-5.310965,0.12017922848463058,0.7509999871253967,0.5497999787330627
YGL174W,YDL093W,0,-5.3109674,0.12015999853610992,0.7509999871253967,0.5498999953269958
YOL013C,YDL212W,0,-5.31113,0.12014077603816986,0.7509999871253967,0.550000011920929
YNR074C,YNL291C,0,-5.3111386,0.1201215609908104,0.7509999871253967,0.5501000285148621
YPL018W,YNL098C,0,-5.3111405,0.12010235339403152,0.7509999871253967,0.5501999855041504
YGR264C,YJL019W,0,-5.3114448,0.12008314579725266,0.7509999871253967,0.5503000020980835
YDL085W,YDL159W,0,-5.311496,0.12006394565105438,0.7509999871253967,0.5504000186920166
YBL042C,YNR023W,0,-5.3115745,0.1200447604060173,0.7509999871253967,0.5504999756813049
YBR089C-A,YBL022C,0,-5.3116236,0.12002556771039963,0.7509999871253967,0.550599992275238
YNL275W,YPR144C,0,-5.311659,0.12000638991594315,0.7509999871253967,0.5507000088691711
YPR007C,YKL075C,0,-5.311713,0.11998721957206726,0.7509999871253967,0.5508000254631042
YML099C,YOR088W,0,-5.3117366,0.11996804922819138,0.7509999871253967,0.5508999824523926
YHR085W,YIR025W,0,-5.31191,0.11994888633489609,0.7509999871253967,0.5509999990463257
YGL145W,YKR020W,0,-5.3119297,0.119929738342762,0.7509999871253967,0.5511000156402588
YIR004W,YOR253W,0,-5.3119884,0.1199105829000473,0.7509999871253967,0.5511999726295471
YJL219W,YBR092C,0,-5.3122535,0.1198914423584938,0.7509999871253967,0.5512999892234802
YFR055W,YBL020W,0,-5.312266,0.1198723092675209,0.7509999871253967,0.5514000058174133
YGL016W,YLL061W,0,-5.312276,0.119853176176548,0.7509999871253967,0.5515000224113464
YCR071C,YGR202C,0,-5.312442,0.1198340505361557,0.7509999871253967,0.5515999794006348
YKL074C,YDL138W,0,-5.312453,0.119814932346344,0.7509999871253967,0.5516999959945679
YPL194W,YNL133C,0,-5.3125625,0.11979582160711288,0.7509999871253967,0.551800012588501
YDL031W,YIL114C,0,-5.312577,0.11977671086788177,0.7509999871253967,0.5519000291824341
YNR074C,YGR231C,0,-5.312653,0.11975761502981186,0.7509999871253967,0.5519999861717224
YGR121C,YFL045C,0,-5.3129253,0.11973851919174194,0.7509999871253967,0.5521000027656555
YOR250C,YOL011W,0,-5.312981,0.11971943080425262,0.7509999871253967,0.5522000193595886
YGL027C,YLR403W,0,-5.312982,0.1197003498673439,0.7509999871253967,0.552299976348877
YPR036W,YMR106C,0,-5.3131466,0.11968127638101578,0.7509999871253967,0.5523999929428101
YDR123C,YDL225W,0,-5.3131566,0.11966220289468765,0.7509999871253967,0.5525000095367432
YFL060C,YML040W,0,-5.3132663,0.11964314430952072,0.7509999871253967,0.5526000261306763
YER162C,YPL047W,0,-5.3133926,0.11962408572435379,0.7509999871253967,0.5526999831199646
YBR185C,YGL055W,1,-5.313464,0.1197642907500267,0.7519999742507935,0.5526999831199646
YLR115W,YLR301W,0,-5.313522,0.11974522471427917,0.7519999742507935,0.5527999997138977
YOR319W,YHR086W,0,-5.3138857,0.11972615867853165,0.7519999742507935,0.5529000163078308
YJR089W,YOR043W,0,-5.3139634,0.11970710009336472,0.7519999742507935,0.5529999732971191
YBR119W,YPL057C,0,-5.3140874,0.11968804895877838,0.7519999742507935,0.5530999898910522
YML031W,YDR288W,0,-5.314113,0.11966899782419205,0.7519999742507935,0.5532000064849854
YHL031C,YLR224W,0,-5.3141623,0.1196499615907669,0.7519999742507935,0.5533000230789185
YDR016C,YPL060C-A,0,-5.3141847,0.11963092535734177,0.7519999742507935,0.5533999800682068
YJL112W,YBL080C,1,-5.314318,0.11977095901966095,0.753000020980835,0.5533999800682068
YOR005C,YDR265W,0,-5.314345,0.11975190788507462,0.753000020980835,0.5534999966621399
YBR186W,YJR068W,0,-5.31438,0.11973286420106888,0.753000020980835,0.553600013256073
YKL208W,YML105C,0,-5.3144326,0.11971382796764374,0.753000020980835,0.5536999702453613
YHL024W,YDL033C,0,-5.31451,0.1196947991847992,0.753000020980835,0.5537999868392944
YCL012W,YIL075C,0,-5.314553,0.11967577785253525,0.753000020980835,0.5539000034332275
YEL042W,YGR007W,0,-5.3146577,0.1196567639708519,0.753000020980835,0.5540000200271606
YAR019C,YKR048C,0,-5.314754,0.11963775008916855,0.753000020980835,0.554099977016449
YOR028C,YLR233C,0,-5.314798,0.1196187436580658,0.753000020980835,0.5541999936103821
YDR423C,YMR199W,0,-5.3149095,0.11959974467754364,0.753000020980835,0.5543000102043152
YLR292C,YJL093C,0,-5.3150134,0.11958075314760208,0.753000020980835,0.5544000267982483
YJL179W,YOL066C,0,-5.31505,0.11956176906824112,0.753000020980835,0.5544999837875366
YAR019C,YDR098C-B,0,-5.3151345,0.11954278498888016,0.753000020980835,0.5546000003814697
YAL044C,YJR029W,0,-5.315145,0.11952380836009979,0.753000020980835,0.5547000169754028
YNL129W,YGR119C,0,-5.3151565,0.11950483918190002,0.753000020980835,0.5547999739646912
YLL013C,YMR241W,1,-5.3152165,0.11964455991983414,0.7540000081062317,0.5547999739646912
YPL188W,YEL013W,0,-5.3152595,0.11962557584047318,0.7540000081062317,0.5548999905586243
YML006C,YJL154C,0,-5.3152795,0.11960659921169281,0.7540000081062317,0.5550000071525574
YDR211W,YGL045W,0,-5.315305,0.11958763003349304,0.7540000081062317,0.5551000237464905
YNL327W,YDR331W,0,-5.315427,0.11956866830587387,0.7540000081062317,0.5551999807357788
YPR051W,YLR264W,0,-5.315575,0.1195497065782547,0.7540000081062317,0.5552999973297119
YPL224C,YFL058W,0,-5.315688,0.11953075230121613,0.7540000081062317,0.555400013923645
YGR178C,YHR041C,0,-5.3157616,0.11951180547475815,0.7540000081062317,0.5554999709129333
YGR152C,YBL103C,0,-5.3158374,0.11949286609888077,0.7540000081062317,0.5555999875068665
YGL145W,YOL028C,0,-5.316011,0.11947393417358398,0.7540000081062317,0.5557000041007996
YNR074C,YCR047C,0,-5.3161616,0.1194550096988678,0.7540000081062317,0.5558000206947327
YLR068W,YDL111C,0,-5.316269,0.11943608522415161,0.7540000081062317,0.555899977684021
YGL210W-A,YBR037C,0,-5.3163066,0.11941716820001602,0.7540000081062317,0.5559999942779541
YPL248C,YKL034W,0,-5.316312,0.11939825862646103,0.7540000081062317,0.5561000108718872
YML113W,YJL076W,0,-5.3164144,0.11937935650348663,0.7540000081062317,0.5562000274658203
YBR073W,YDL194W,0,-5.316611,0.11936045438051224,0.7540000081062317,0.5562999844551086
YAL058W,YCL039W,0,-5.316691,0.11934156715869904,0.7540000081062317,0.5564000010490417
YBR207W,YGR091W,0,-5.316793,0.11932267993688583,0.7540000081062317,0.5565000176429749
YDL029W,YLL013C,1,-5.3168387,0.1194620281457901,0.7549999952316284,0.5565000176429749
YLR110C,YOR098C,0,-5.316992,0.1194431260228157,0.7549999952316284,0.5565999746322632
YLR220W,YML005W,0,-5.317012,0.1194242313504219,0.7549999952316284,0.5566999912261963
YOR193W,YBL014C,0,-5.317038,0.1194053441286087,0.7549999952316284,0.5568000078201294
YMR183C,YLR362W,0,-5.31706,0.1193864643573761,0.7549999952316284,0.5569000244140625
YDL128W,YER138C,0,-5.3174114,0.11936759203672409,0.7549999952316284,0.5569999814033508
YJR055W,YGL162W,0,-5.317475,0.11934871971607208,0.7549999952316284,0.5570999979972839
YLR155C,YLR158C,0,-5.3175807,0.11932985484600067,0.7549999952316284,0.557200014591217
YJR065C,YJR118C,1,-5.317596,0.11946902424097061,0.7559999823570251,0.557200014591217
YGR091W,YLR196W,0,-5.3176064,0.1194501519203186,0.7559999823570251,0.5572999715805054
YBR037C,YJL187C,0,-5.3176455,0.1194312795996666,0.7559999823570251,0.5573999881744385
YNL244C,YFL037W,0,-5.317654,0.11941241472959518,0.7559999823570251,0.5575000047683716
YOL051W,YOR297C,0,-5.3176885,0.11939355731010437,0.7559999823570251,0.5576000213623047
YMR302C,YJR120W,1,-5.3177238,0.11953260749578476,0.7570000290870667,0.5576000213623047
YLR276C,YNL206C,0,-5.317768,0.11951373517513275,0.7570000290870667,0.557699978351593
YDR214W,YPL249C,0,-5.317783,0.11949487030506134,0.7570000290870667,0.5577999949455261
YPR020W,YFR019W,0,-5.317819,0.11947601288557053,0.7570000290870667,0.5579000115394592
YBR295W,YKL070W,0,-5.317826,0.11945715546607971,0.7570000290870667,0.5580000281333923
YBR133C,YLR410W-B,0,-5.3178935,0.1194383054971695,0.7570000290870667,0.5580999851226807
YDR378C,YBR216C,0,-5.317933,0.11941947042942047,0.7570000290870667,0.5582000017166138
YNR058W,YKL110C,0,-5.3179865,0.11940062791109085,0.7570000290870667,0.5583000183105469
YER149C,YCR060W,0,-5.318007,0.11938180029392242,0.7570000290870667,0.5583999752998352
YNL304W,YNL213C,1,-5.318016,0.1195206567645073,0.7580000162124634,0.5583999752998352
YMR225C,YOR212W,0,-5.318149,0.11950181424617767,0.7580000162124634,0.5584999918937683
YMR163C,YPL125W,0,-5.318246,0.11948297917842865,0.7580000162124634,0.5586000084877014
YGL113W,YIL017W,0,-5.318264,0.11946414411067963,0.7580000162124634,0.5587000250816345
YKL012W,YLR132C,0,-5.3183017,0.1194453164935112,0.7580000162124634,0.5587999820709229
YJR065C,YLL013C,1,-5.318372,0.11958405375480652,0.7590000033378601,0.5587999820709229
YGL244W,YOR159C,0,-5.31846,0.1195652186870575,0.7590000033378601,0.558899998664856
YLR429W,YHR069C,0,-5.318579,0.11954638361930847,0.7590000033378601,0.5590000152587891
YPL060W,YIL135C,0,-5.3187385,0.11952755600214005,0.7590000033378601,0.5590999722480774
YJR021C,YPR189W,0,-5.318779,0.11950873583555222,0.7590000033378601,0.5591999888420105
YPL194W,YML067C,0,-5.318855,0.11948992311954498,0.7590000033378601,0.5593000054359436
YOR174W,YMR006C,0,-5.318883,0.11947111785411835,0.7590000033378601,0.5594000220298767
YGL210W,YJR029W,0,-5.3190455,0.11945231258869171,0.7590000033378601,0.559499979019165
YJL190C,YBL100W-A,0,-5.319208,0.11943351477384567,0.7590000033378601,0.5595999956130981
YOL144W,YPL283C,0,-5.319312,0.11941472440958023,0.7590000033378601,0.5597000122070312
YJR019C,YOR043W,0,-5.319348,0.11939594149589539,0.7590000033378601,0.5598000288009644
YGR037C,YDR309C,0,-5.3194146,0.11937716603279114,0.7590000033378601,0.5598999857902527
YML025C,YGR270W,0,-5.3195405,0.11935839056968689,0.7590000033378601,0.5600000023841858
YDL111C,YDR312W,0,-5.3195977,0.11933962255716324,0.7590000033378601,0.5601000189781189
YLR190W,YGR101W,1,-5.319679,0.11947806924581528,0.7599999904632568,0.5601000189781189
YPL048W,YBR088C,0,-5.3196826,0.11945928633213043,0.7599999904632568,0.5601999759674072
YDL220C,YMR162C,0,-5.3197618,0.11944051831960678,0.7599999904632568,0.5602999925613403
YPR033C,YBR276C,0,-5.319774,0.11942175030708313,0.7599999904632568,0.5604000091552734
YKL114C,YHL034C,0,-5.3200707,0.11940298229455948,0.7599999904632568,0.5605000257492065
YEL003W,YDL170W,0,-5.320142,0.11938422918319702,0.7599999904632568,0.5605999827384949
YAL003W,YLR292C,0,-5.32016,0.11936547607183456,0.7599999904632568,0.560699999332428
YMR145C,YDL033C,0,-5.3202796,0.1193467304110527,0.7599999904632568,0.5608000159263611
YCL011C,YGL241W,0,-5.3203244,0.11932799220085144,0.7599999904632568,0.5608999729156494
YEL009C,YNL156C,0,-5.3203683,0.11930926144123077,0.7599999904632568,0.5609999895095825
YBR092C,YNL250W,0,-5.3204427,0.1192905381321907,0.7599999904632568,0.5611000061035156
YGL073W,YCL020W,0,-5.320489,0.11927181482315063,0.7599999904632568,0.5612000226974487
YNL282W,YML092C,0,-5.3206944,0.11925309896469116,0.7599999904632568,0.5612999796867371
YLR249W,YHR214C-C,0,-5.320746,0.11923439055681229,0.7599999904632568,0.5613999962806702
YOL023W,YGL183C,0,-5.3208995,0.11921568959951401,0.7599999904632568,0.5615000128746033
YGR142W,YBL033C,0,-5.3209834,0.11919698864221573,0.7599999904632568,0.5616000294685364
YER061C,YNL246W,0,-5.3209925,0.11917829513549805,0.7599999904632568,0.5616999864578247
YMR073C,YGR169C,0,-5.3212824,0.11915960907936096,0.7599999904632568,0.5618000030517578
YJL173C,YHR016C,0,-5.3213854,0.11914093047380447,0.7599999904632568,0.5619000196456909
YHR191C,YMR272C,0,-5.321614,0.11912225931882858,0.7599999904632568,0.5619999766349792
YEL036C,YLR301W,0,-5.3216224,0.11910358816385269,0.7599999904632568,0.5620999932289124
YOR040W,YPR009W,0,-5.3216233,0.1190849244594574,0.7599999904632568,0.5622000098228455
YKL176C,YLR026C,0,-5.3216863,0.1190662682056427,0.7599999904632568,0.5623000264167786
YEL060C,YER129W,0,-5.321839,0.1190476194024086,0.7599999904632568,0.5623999834060669
YLR459W,YGR070W,0,-5.3218718,0.1190289705991745,0.7599999904632568,0.5625
YLR153C,YPL045W,0,-5.3219,0.11901033669710159,0.7599999904632568,0.5626000165939331
YNL161W,YKR057W,0,-5.3219466,0.11899170279502869,0.7599999904632568,0.5626999735832214
YLR034C,YLR132C,0,-5.321979,0.11897307634353638,0.7599999904632568,0.5627999901771545
YGR155W,YJL143W,0,-5.322188,0.11895444989204407,0.7599999904632568,0.5629000067710876
YDR052C,YDR317W,0,-5.322373,0.11893583834171295,0.7599999904632568,0.5630000233650208
YFL034C-B,YLR249W,0,-5.3224435,0.11891722679138184,0.7599999904632568,0.5630999803543091
YKL188C,YOR007C,0,-5.3225117,0.11889862269163132,0.7599999904632568,0.5631999969482422
YMR162C,YNR034W,0,-5.3226557,0.1188800260424614,0.7599999904632568,0.5633000135421753
YDL230W,YER120W,0,-5.3226933,0.11886142939329147,0.7599999904632568,0.5633999705314636
YBR065C,YJL219W,0,-5.3227634,0.11884284764528275,0.7599999904632568,0.5634999871253967
YGR121C,YCL003W,0,-5.3227773,0.11882426589727402,0.7599999904632568,0.5636000037193298
YBL009W,YNL286W,0,-5.3228025,0.11880569159984589,0.7599999904632568,0.5637000203132629
YMR290C,YOR346W,0,-5.322803,0.11878711730241776,0.7599999904632568,0.5637999773025513
YPR020W,YJR053W,0,-5.322848,0.11876855790615082,0.7599999904632568,0.5638999938964844
YHR160C,YDR459C,0,-5.322851,0.11874999850988388,0.7599999904632568,0.5640000104904175
YDR106W,YPL194W,0,-5.3231673,0.11873144656419754,0.7599999904632568,0.5641000270843506
YHR160C,YOR018W,0,-5.323272,0.1187129020690918,0.7599999904632568,0.5641999840736389
YLR319C,YGL145W,0,-5.32336,0.11869436502456665,0.7599999904632568,0.564300000667572
YMR301C,YLR449W,0,-5.323376,0.1186758279800415,0.7599999904632568,0.5644000172615051
YOR212W,YDR398W,0,-5.3234863,0.11865729838609695,0.7599999904632568,0.5644999742507935
YFR040W,YER120W,0,-5.323568,0.118638776242733,0.7599999904632568,0.5645999908447266
YLR135W,YOR027W,0,-5.3235745,0.11862026154994965,0.7599999904632568,0.5647000074386597
YGR167W,YER041W,0,-5.3235755,0.11860174685716629,0.7599999904632568,0.5648000240325928
YBR212W,YML058W,1,-5.3239083,0.11873926967382431,0.7609999775886536,0.5648000240325928
YEL066W,YLR039C,0,-5.323917,0.11872074753046036,0.7609999775886536,0.5648999810218811
YDL043C,YNL206C,0,-5.323973,0.118702232837677,0.7609999775886536,0.5649999976158142
YOR045W,YLR426W,0,-5.324111,0.11868371814489365,0.7609999775886536,0.5651000142097473
YDR258C,YMR134W,1,-5.3241577,0.1188211441040039,0.7620000243186951,0.5651000142097473
YOR346W,YER151C,0,-5.3243804,0.11880262196063995,0.7620000243186951,0.5651999711990356
YNL329C,YOR270C,0,-5.32443,0.118784099817276,0.7620000243186951,0.5652999877929688
YGL151W,YMR077C,0,-5.324486,0.11876558512449265,0.7620000243186951,0.5654000043869019
YKL135C,YOL103W-B,0,-5.3245063,0.11874707788228989,0.7620000243186951,0.565500020980835
YBR195C,YLR466W,0,-5.324609,0.11872857809066772,0.7620000243186951,0.5655999779701233
YDL140C,YLR212C,0,-5.3246093,0.11871007829904556,0.7620000243186951,0.5656999945640564
YDR121W,YAL016W,0,-5.324745,0.118691585958004,0.7620000243186951,0.5658000111579895
YLR028C,YFL002C,0,-5.3249364,0.11867310106754303,0.7620000243186951,0.5659000277519226
YLR131C,YNR060W,0,-5.325001,0.11865462362766266,0.7620000243186951,0.5659999847412109
YDR302W,YBL017C,0,-5.3251452,0.11863615363836288,0.7620000243186951,0.566100001335144
YAR008W,YGR112W,0,-5.3252335,0.11861768364906311,0.7620000243186951,0.5662000179290771
YHL040C,YOR355W,0,-5.325434,0.11859922111034393,0.7620000243186951,0.5662999749183655
YPL267W,YBR083W,0,-5.3254447,0.11858076602220535,0.7620000243186951,0.5663999915122986
YNL153C,YMR290C,0,-5.325617,0.11856231838464737,0.7620000243186951,0.5665000081062317
YDL102W,YNL139C,0,-5.3258038,0.11854387074708939,0.7620000243186951,0.5666000247001648
YDL232W,YAL068C,0,-5.3259645,0.118525430560112,0.7620000243186951,0.5666999816894531
YNL090W,YDR515W,0,-5.3260956,0.11850699782371521,0.7620000243186951,0.5667999982833862
YPR100W,YGR047C,0,-5.3261123,0.11848857253789902,0.7620000243186951,0.5669000148773193
YDL109C,YOR129C,0,-5.3261285,0.11847014725208282,0.7620000243186951,0.5669999718666077
YGL192W,YDR097C,0,-5.3261433,0.11845173686742783,0.7620000243186951,0.5670999884605408
YOL095C,YBR091C,1,-5.3261666,0.11858874559402466,0.7630000114440918,0.5670999884605408
YOR028C,YNL142W,0,-5.3263917,0.11857032030820847,0.7630000114440918,0.5672000050544739
YNL133C,YDR004W,0,-5.3264112,0.11855189502239227,0.7630000114440918,0.567300021648407
YJL133W,YNL110C,0,-5.3264194,0.11853347718715668,0.7630000114440918,0.5673999786376953
YNL167C,YPL106C,0,-5.326465,0.11851506680250168,0.7630000114440918,0.5674999952316284
YGR155W,YML080W,0,-5.326551,0.11849666386842728,0.7630000114440918,0.5676000118255615
YPL169C,YOR356W,0,-5.32656,0.11847826093435287,0.7630000114440918,0.5677000284194946
YMR056C,YOR002W,0,-5.326711,0.11845986545085907,0.7630000114440918,0.567799985408783
YNL297C,YDR190C,0,-5.326736,0.11844147741794586,0.7630000114440918,0.5679000020027161
YDL116W,YER138C,0,-5.326776,0.11842309683561325,0.7630000114440918,0.5680000185966492
YDR191W,YBR105C,0,-5.327046,0.11840471625328064,0.7630000114440918,0.5680999755859375
YKR097W,YMR045C,0,-5.3270693,0.11838634312152863,0.7630000114440918,0.5681999921798706
YDR016C,YOL054W,0,-5.3270946,0.11836797744035721,0.7630000114440918,0.5683000087738037
YPR021C,YHR119W,0,-5.327108,0.11834961920976639,0.7630000114440918,0.5684000253677368
YBR205W,YLR288C,0,-5.3271117,0.11833126842975616,0.7630000114440918,0.5684999823570251
YER026C,YBR020W,0,-5.32719,0.11831291764974594,0.7630000114440918,0.5685999989509583
YGR278W,YHR004C,0,-5.327254,0.11829457432031631,0.7630000114440918,0.5687000155448914
YER146W,YOR064C,0,-5.327255,0.11827623844146729,0.7630000114440918,0.5687999725341797
YPR083W,YBR091C,1,-5.3275123,0.11841289699077606,0.7639999985694885,0.5687999725341797
YNR017W,YGR091W,0,-5.327541,0.11839454621076584,0.7639999985694885,0.5688999891281128
YGL051W,YPR007C,0,-5.3278174,0.11837620288133621,0.7639999985694885,0.5690000057220459
YNL227C,YDL065C,0,-5.327826,0.11835785955190659,0.7639999985694885,0.569100022315979
YPR154W,YPR182W,0,-5.3280196,0.11833953112363815,0.7639999985694885,0.5691999793052673
YOR362C,YDR126W,0,-5.328294,0.11832120269536972,0.7639999985694885,0.5692999958992004
YER035W,YDR088C,0,-5.3283753,0.11830288171768188,0.7639999985694885,0.5694000124931335
YML099C,YDL226C,0,-5.3284245,0.11828456073999405,0.7639999985694885,0.5695000290870667
YGR141W,YDR451C,0,-5.3285627,0.11826625466346741,0.7639999985694885,0.569599986076355
YFL035C-A,YKL194C,0,-5.328565,0.11824794858694077,0.7639999985694885,0.5697000026702881
YNR060W,YKR003W,0,-5.328683,0.11822964996099472,0.7639999985694885,0.5698000192642212
YLR238W,YNL106C,0,-5.3286867,0.11821135878562927,0.7639999985694885,0.5698999762535095
YOR322C,YOL054W,0,-5.3287215,0.11819306761026382,0.7639999985694885,0.5699999928474426
YKL025C,YNR031C,0,-5.3287554,0.11817478388547897,0.7639999985694885,0.5701000094413757
YMR319C,YIL122W,0,-5.3289924,0.11815650761127472,0.7639999985694885,0.5702000260353088
YAL054C,YPL091W,0,-5.3290715,0.11813823878765106,0.7639999985694885,0.5702999830245972
YGL201C,YOL105C,0,-5.3291297,0.118119977414608,0.7639999985694885,0.5703999996185303
YKL220C,YOR193W,0,-5.329251,0.11810171604156494,0.7639999985694885,0.5705000162124634
YPR138C,YOR341W,0,-5.329443,0.11808346211910248,0.7639999985694885,0.5705999732017517
YDR337W,YNL025C,0,-5.329537,0.11806521564722061,0.7639999985694885,0.5706999897956848
YOR011W,YOR193W,0,-5.329556,0.11804696917533875,0.7639999985694885,0.5708000063896179
YPR020W,YAL020C,0,-5.329675,0.11802873760461807,0.7639999985694885,0.570900022983551
YDR272W,YIL038C,0,-5.3297276,0.1180105060338974,0.7639999985694885,0.5709999799728394
YNL218W,YGL137W,0,-5.3303165,0.11799227446317673,0.7639999985694885,0.5710999965667725
YNL070W,YJR120W,1,-5.33048,0.1181284710764885,0.7649999856948853,0.5710999965667725
YGR224W,YHR154W,0,-5.330487,0.11811023950576782,0.7649999856948853,0.5712000131607056
YKR082W,YNL253W,0,-5.3307567,0.11809200048446655,0.7649999856948853,0.5713000297546387
YIL007C,YDR143C,0,-5.330856,0.11807377636432648,0.7649999856948853,0.571399986743927
YER009W,YGR085C,0,-5.3308816,0.1180555522441864,0.7649999856948853,0.5715000033378601
YKL002W,YJL219W,0,-5.330887,0.11803734302520752,0.7649999856948853,0.5716000199317932
YBR283C,YCR073C,0,-5.3309197,0.11801912635564804,0.7649999856948853,0.5716999769210815
YMR183C,YOR272W,0,-5.330937,0.11800092458724976,0.7649999856948853,0.5717999935150146
YLL050C,YBR006W,0,-5.3309636,0.11798273026943207,0.7649999856948853,0.5719000101089478
YLR035C,YIL021W,0,-5.3309894,0.11796453595161438,0.7649999856948853,0.5720000267028809
YIL036W,YOR356W,0,-5.3310027,0.11794634908437729,0.7649999856948853,0.5720999836921692
YCR027C,YER104W,0,-5.331016,0.1179281622171402,0.7649999856948853,0.5722000002861023
YPL155C,YIL042C,0,-5.3311086,0.1179099902510643,0.7649999856948853,0.5723000168800354
YBR217W,YMR059W,0,-5.331195,0.1178918182849884,0.7649999856948853,0.5723999738693237
YML128C,YLR130C,0,-5.331266,0.1178736537694931,0.7649999856948853,0.5724999904632568
YML019W,YBR168W,0,-5.3312693,0.1178554892539978,0.7649999856948853,0.5726000070571899
YLR068W,YML105C,0,-5.331327,0.1178373396396637,0.7649999856948853,0.572700023651123
YKR009C,YGL181W,0,-5.3314075,0.11781919002532959,0.7649999856948853,0.5727999806404114
YNL145W,YHR042W,0,-5.3315835,0.11780104786157608,0.7649999856948853,0.5728999972343445
YCR048W,YGR122W,0,-5.331849,0.11778291314840317,0.7649999856948853,0.5730000138282776
YNL008C,YJL168C,0,-5.332009,0.11776477843523026,0.7649999856948853,0.5730999708175659
YGR227W,YJL018W,0,-5.3320503,0.11774665117263794,0.7649999856948853,0.573199987411499
YDR343C,YNL098C,0,-5.3321595,0.11772853136062622,0.7649999856948853,0.5733000040054321
YCR092C,YPR190C,0,-5.332175,0.1177104189991951,0.7649999856948853,0.5734000205993652
YJL030W,YNL244C,0,-5.3321977,0.11769230663776398,0.7649999856948853,0.5734999775886536
YOR191W,YHL028W,0,-5.3325515,0.11767420172691345,0.7649999856948853,0.5735999941825867
YER042W,YBR126C,0,-5.3327274,0.11765610426664352,0.7649999856948853,0.5737000107765198
YBR257W,YGR241C,0,-5.332733,0.1176380142569542,0.7649999856948853,0.5738000273704529
YNL001W,YOR212W,0,-5.332828,0.11761992424726486,0.7649999856948853,0.5738999843597412
YOL105C,YLR249W,0,-5.33293,0.11760184168815613,0.7649999856948853,0.5740000009536743
YBR245C,YDR140W,0,-5.3330655,0.11758376657962799,0.7649999856948853,0.5741000175476074
YJR090C,YMR146C,0,-5.3332987,0.11756569892168045,0.7649999856948853,0.5741999745368958
YMR246W,YKR039W,0,-5.333302,0.11754763126373291,0.7649999856948853,0.5742999911308289
YPR067W,YDR472W,0,-5.33332,0.11752957105636597,0.7649999856948853,0.574400007724762
YDR130C,YML039W,0,-5.333382,0.11751151829957962,0.7649999856948853,0.5745000243186951
YJR082C,YPR178W,0,-5.3337445,0.11749347299337387,0.7649999856948853,0.5745999813079834
YPL217C,YLR110C,0,-5.333843,0.11747542768716812,0.7649999856948853,0.5746999979019165
YDL175C,YGR010W,0,-5.3339133,0.11745738983154297,0.7649999856948853,0.5748000144958496
YBL002W,YNL268W,0,-5.334077,0.11743935942649841,0.7649999856948853,0.5748999714851379
YAR044W,YMR203W,0,-5.3342032,0.11742133647203445,0.7649999856948853,0.574999988079071
YJR065C,YLR368W,1,-5.3342433,0.11755678057670593,0.765999972820282,0.574999988079071
YJL021C,YGL030W,0,-5.3343725,0.11753874272108078,0.765999972820282,0.5751000046730042
YLL026W,YLR191W,0,-5.3344646,0.11752071231603622,0.765999972820282,0.5752000212669373
YOL115W,YHL027W,0,-5.334485,0.11750268191099167,0.765999972820282,0.5752999782562256
YMR219W,YNL262W,0,-5.3349624,0.11748465895652771,0.765999972820282,0.5753999948501587
YKL117W,YPR036W,0,-5.3349757,0.11746664345264435,0.765999972820282,0.5755000114440918
YPR144C,YGR251W,0,-5.335118,0.11744863539934158,0.765999972820282,0.5756000280380249
YGL175C,YLL011W,0,-5.335166,0.11743062734603882,0.765999972820282,0.5756999850273132
YKL055C,YML093W,0,-5.335196,0.11741262674331665,0.765999972820282,0.5758000016212463
YLR314C,YMR239C,0,-5.33526,0.11739463359117508,0.765999972820282,0.5759000182151794
YFL013C,YLL034C,0,-5.3353715,0.1173766478896141,0.765999972820282,0.5759999752044678
YOR326W,YJR120W,1,-5.335516,0.11751187592744827,0.7670000195503235,0.5759999752044678
YFL011W,YIL114C,0,-5.335797,0.1174938753247261,0.7670000195503235,0.5760999917984009
YGR177C,YMR052W,0,-5.335899,0.11747587472200394,0.7670000195503235,0.576200008392334
YMR069W,YGR063C,0,-5.3359246,0.11745788902044296,0.7670000195503235,0.5763000249862671
YDL174C,YPL147W,0,-5.3359733,0.11743990331888199,0.7670000195503235,0.5763999819755554
YHR059W,YMR106C,0,-5.335979,0.11742192506790161,0.7670000195503235,0.5764999985694885
YMR177W,YIL095W,0,-5.3360577,0.11740394681692123,0.7670000195503235,0.5766000151634216
YIL070C,YDR292C,0,-5.3361206,0.11738598346710205,0.7670000195503235,0.57669997215271
YNR017W,YLR329W,0,-5.336182,0.11736802011728287,0.7670000195503235,0.5767999887466431
YDL008W,YCR062W,0,-5.3362494,0.11735006421804428,0.7670000195503235,0.5769000053405762
YNL207W,YNL131W,0,-5.336379,0.1173321083188057,0.7670000195503235,0.5770000219345093
YNL065W,YLR391W-A,0,-5.3364725,0.1173141598701477,0.7670000195503235,0.5770999789237976
YJR118C,YNL213C,1,-5.336636,0.11744914948940277,0.7680000066757202,0.5770999789237976
YLR080W,YLL019C,0,-5.3367963,0.11743119359016418,0.7680000066757202,0.5771999955177307
YBR024W,YPR158C-C,0,-5.337052,0.1174132376909256,0.7680000066757202,0.5773000121116638
YBR048W,YDL042C,0,-5.3370557,0.11739528924226761,0.7680000066757202,0.5774000287055969
YER167W,YJL012C,0,-5.337112,0.11737734824419022,0.7680000066757202,0.5774999856948853
YIL022W,YER072W,0,-5.3371344,0.11735941469669342,0.7680000066757202,0.5776000022888184
YBR098W,YPL146C,0,-5.337148,0.11734148114919662,0.7680000066757202,0.5777000188827515
YOR249C,YPR200C,0,-5.3372183,0.11732355505228043,0.7680000066757202,0.5777999758720398
YMR125W,YAR044W,0,-5.337313,0.11730563640594482,0.7680000066757202,0.5778999924659729
YMR142C,YBR250W,0,-5.337371,0.11728771775960922,0.7680000066757202,0.578000009059906
YIL070C,YIL095W,0,-5.337373,0.11726981401443481,0.7680000066757202,0.5781000256538391
YIL070C,YJL087C,0,-5.337483,0.1172519102692604,0.7680000066757202,0.5781999826431274
YNL101W,YJR029W,0,-5.3375154,0.117234006524086,0.7680000066757202,0.5782999992370605
YNL110C,YBL005W-A,0,-5.337619,0.11721611768007278,0.7680000066757202,0.5784000158309937
YOR313C,YOR332W,0,-5.337705,0.11719822883605957,0.7680000066757202,0.578499972820282
YJR021C,YHL009C,0,-5.3378305,0.11718034744262695,0.7680000066757202,0.5785999894142151
YNL166C,YMR054W,0,-5.337968,0.11716247349977493,0.7680000066757202,0.5787000060081482
YGR270W,YBR012W-A,0,-5.3379693,0.11714459955692291,0.7680000066757202,0.5788000226020813
YPL145C,YJR026W,0,-5.3380327,0.11712673306465149,0.7680000066757202,0.5788999795913696
YMR043W,YPL124W,0,-5.3381486,0.11710887402296066,0.7680000066757202,0.5789999961853027
YJL207C,YFL037W,0,-5.33816,0.11709102243185043,0.7680000066757202,0.5791000127792358
YJL128C,YBR231C,0,-5.3383336,0.1170731708407402,0.7680000066757202,0.579200029373169
YNL014W,YDR450W,0,-5.3384166,0.11705532670021057,0.7680000066757202,0.5792999863624573
YKL060C,YBR066C,0,-5.3385425,0.11703749001026154,0.7680000066757202,0.5794000029563904
YPL274W,YGL011C,0,-5.338835,0.1170196533203125,0.7680000066757202,0.5795000195503235
YDR211W,YLR303W,0,-5.33884,0.11700183153152466,0.7680000066757202,0.5795999765396118
YOL040C,YDR494W,0,-5.3390775,0.11698400974273682,0.7680000066757202,0.5796999931335449
YKL086W,YNL244C,0,-5.339163,0.11696618795394897,0.7680000066757202,0.579800009727478
YMR184W,YGL187C,0,-5.339214,0.11694838106632233,0.7680000066757202,0.5799000263214111
YMR004W,YEL050C,0,-5.3393145,0.11693057417869568,0.7680000066757202,0.5799999833106995
YER117W,YHL025W,0,-5.3393254,0.11691277474164963,0.7680000066757202,0.5800999999046326
YGL020C,YBL080C,1,-5.3394103,0.11704718321561813,0.7689999938011169,0.5800999999046326
YBR048W,YLR301W,0,-5.3394322,0.11702936887741089,0.7689999938011169,0.5802000164985657
YDL087C,YIL122W,0,-5.339484,0.11701156198978424,0.7689999938011169,0.580299973487854
YMR177W,YDR463W,0,-5.3395596,0.11699376255273819,0.7689999938011169,0.5803999900817871
YHR193C,YDR495C,0,-5.3396955,0.11697596311569214,0.7689999938011169,0.5805000066757202
YIR021W,YKL175W,0,-5.339767,0.11695817857980728,0.7689999938011169,0.5806000232696533
YPR025C,YDR284C,0,-5.3397746,0.11694038659334183,0.7689999938011169,0.5806999802589417
YLL009C,YOL063C,0,-5.3398156,0.11692260950803757,0.7689999938011169,0.5807999968528748
YOL012C,YLR410W,0,-5.339958,0.1169048324227333,0.7689999938011169,0.5809000134468079
YJL033W,YOR210W,0,-5.3400097,0.11688706278800964,0.7689999938011169,0.5809999704360962
YLR158C,YAL058W,0,-5.3401246,0.11686930060386658,0.7689999938011169,0.5810999870300293
YBL002W,YHR026W,0,-5.3402057,0.11685154587030411,0.7689999938011169,0.5812000036239624
YKL194C,YLR329W,0,-5.340482,0.11683379113674164,0.7689999938011169,0.5813000202178955
YHR206W,YMR077C,0,-5.3405094,0.11681604385375977,0.7689999938011169,0.5813999772071838
YNL231C,YLR447C,0,-5.3405166,0.1167982965707779,0.7689999938011169,0.5814999938011169
YCR048W,YKR076W,0,-5.340589,0.11678056418895721,0.7689999938011169,0.58160001039505
YPR176C,YGL153W,0,-5.3406734,0.11676283180713654,0.7689999938011169,0.5817000269889832
YNR059W,YGR038W,0,-5.340765,0.11674510687589645,0.7689999938011169,0.5817999839782715
YNL225C,YPR032W,0,-5.340787,0.11672738194465637,0.7689999938011169,0.5819000005722046
YMR202W,YBR214W,0,-5.340878,0.11670966446399689,0.7689999938011169,0.5820000171661377
YNL298W,YGL054C,0,-5.3412156,0.116691954433918,0.7689999938011169,0.582099974155426
YNL270C,YDR513W,0,-5.3413115,0.11667425185441971,0.7689999938011169,0.5821999907493591
YGR134W,YKL160W,0,-5.341702,0.11665655672550201,0.7689999938011169,0.5823000073432922
YDR297W,YKL035W,0,-5.34172,0.11663886159658432,0.7689999938011169,0.5824000239372253
YER172C,YMR163C,0,-5.3417807,0.11662117391824722,0.7689999938011169,0.5824999809265137
YBL016W,YML021C,0,-5.3417816,0.11660348623991013,0.7689999938011169,0.5825999975204468
YNL287W,YGR054W,0,-5.341881,0.11658580601215363,0.7689999938011169,0.5827000141143799
YGL054C,YMR051C,0,-5.341887,0.11656814068555832,0.7689999938011169,0.5827999711036682
YPR072W,YPR041W,0,-5.342113,0.11655046790838242,0.7689999938011169,0.5828999876976013
YLR051C,YJL145W,0,-5.3421617,0.1165328100323677,0.7689999938011169,0.5830000042915344
YLR208W,YIR026C,0,-5.3426948,0.116515152156353,0.7689999938011169,0.5831000208854675
YAL058W,YFL048C,0,-5.3427196,0.11649750173091888,0.7689999938011169,0.5831999778747559
YPL259C,YLR316C,0,-5.3428216,0.11647985130548477,0.7689999938011169,0.583299994468689
YCR033W,YHL022C,0,-5.342853,0.11646221578121185,0.7689999938011169,0.5834000110626221
YJL167W,YOL126C,0,-5.343271,0.11644458025693893,0.7689999938011169,0.5835000276565552
YPL116W,YDR369C,0,-5.3432837,0.11642695218324661,0.7689999938011169,0.5835999846458435
YNL278W,YKL062W,0,-5.34336,0.11640932410955429,0.7689999938011169,0.5837000012397766
YLR051C,YPR158W-A,0,-5.343556,0.11639170348644257,0.7689999938011169,0.5838000178337097
YDR358W,YML128C,0,-5.3435864,0.11637409031391144,0.7689999938011169,0.583899974822998
YJL090C,YDR004W,0,-5.343698,0.11635648459196091,0.7689999938011169,0.5839999914169312
YGL119W,YOR304W,0,-5.3437076,0.11633887887001038,0.7689999938011169,0.5841000080108643
YER052C,YBR111W-A,0,-5.343777,0.11632128059864044,0.7689999938011169,0.5842000246047974
YGL244W,YKL126W,0,-5.343963,0.1163036897778511,0.7689999938011169,0.5842999815940857
YOR232W,YER129W,0,-5.3440747,0.11628610640764236,0.7689999938011169,0.5843999981880188
YJR017C,YGL201C,0,-5.344258,0.11626852303743362,0.7689999938011169,0.5845000147819519
YOL009C,YBR192W,1,-5.3442864,0.11640211939811707,0.7699999809265137,0.5845000147819519
YHR036W,YJL183W,0,-5.3443527,0.11638452112674713,0.7699999809265137,0.5845999717712402
YGR258C,YOR187W,0,-5.344369,0.1163669303059578,0.7699999809265137,0.5846999883651733
YKR052C,YKL062W,0,-5.3444524,0.11634934693574905,0.7699999809265137,0.5848000049591064
YOL071W,YIL160C,0,-5.344462,0.11633177101612091,0.7699999809265137,0.5849000215530396
YER146W,YJL143W,0,-5.3444724,0.11631420254707336,0.7699999809265137,0.5849999785423279
YDR337W,YOL040C,0,-5.3445168,0.11629663407802582,0.7699999809265137,0.585099995136261
YJR060W,YGR279C,0,-5.344645,0.11627907305955887,0.7699999809265137,0.5852000117301941
YJR050W,YIL053W,0,-5.3446827,0.11626151204109192,0.7699999809265137,0.5853000283241272
YGL238W,YGR042W,0,-5.3447156,0.11624395847320557,0.7699999809265137,0.5853999853134155
YBR079C,YBL007C,0,-5.3449006,0.11622641235589981,0.7699999809265137,0.5855000019073486
YCL060C,YER151C,0,-5.34491,0.11620887368917465,0.7699999809265137,0.5856000185012817
YGL174W,YKL178C,0,-5.344948,0.1161913350224495,0.7699999809265137,0.5856999754905701
YIL079C,YER111C,0,-5.3449607,0.11617381125688553,0.7699999809265137,0.5857999920845032
YNL156C,YKL095W,0,-5.3450747,0.11615628004074097,0.7699999809265137,0.5859000086784363
YNL232W,YOR272W,0,-5.3451395,0.1161387637257576,0.7699999809265137,0.5860000252723694
YNL298W,YGL192W,0,-5.3451414,0.11612124741077423,0.7699999809265137,0.5860999822616577
YGL106W,YGR141W,0,-5.3451686,0.11610373854637146,0.7699999809265137,0.5861999988555908
YPR067W,YER024W,0,-5.3452587,0.11608623713254929,0.7699999809265137,0.5863000154495239
YDL074C,YBR127C,0,-5.34526,0.11606873571872711,0.7699999809265137,0.5863999724388123
YLR355C,YGR144W,1,-5.3452888,0.1162019595503807,0.7710000276565552,0.5863999724388123
YOL076W,YBR091C,1,-5.3453093,0.11633513867855072,0.7720000147819519,0.5863999724388123
YOR037W,YMR302C,1,-5.345677,0.11646828055381775,0.7730000019073486,0.5863999724388123
YPR094W,YLR263W,0,-5.3458614,0.11645074188709259,0.7730000019073486,0.5864999890327454
YLR060W,YJR029W,0,-5.345948,0.11643319576978683,0.7730000019073486,0.5866000056266785
YOR023C,YIR041W,0,-5.345968,0.11641566455364227,0.7730000019073486,0.5867000222206116
YGL187C,YOL143C,0,-5.346111,0.11639813333749771,0.7730000019073486,0.5867999792098999
YNR056C,YML043C,0,-5.346518,0.11638060957193375,0.7730000019073486,0.586899995803833
YOR381W,YIL076W,0,-5.3466897,0.11636308580636978,0.7730000019073486,0.5870000123977661
YNL281W,YKL205W,0,-5.346788,0.11634557694196701,0.7730000019073486,0.5871000289916992
YLR320W,YNL045W,0,-5.3468537,0.11632806807756424,0.7730000019073486,0.5871999859809875
YGR247W,YOL138C,0,-5.347086,0.11631055921316147,0.7730000019073486,0.5873000025749207
YIL014W,YNL247W,0,-5.3472342,0.11629306524991989,0.7730000019073486,0.5874000191688538
YPL018W,YGR122W,0,-5.347268,0.11627557128667831,0.7730000019073486,0.5874999761581421
YNL225C,YCR020C-A,0,-5.3473125,0.11625808477401733,0.7730000019073486,0.5875999927520752
YEL016C,YHR016C,0,-5.3473663,0.11624059826135635,0.7730000019073486,0.5877000093460083
YNL148C,YPR094W,0,-5.347443,0.11622312664985657,0.7730000019073486,0.5878000259399414
YBR039W,YNL064C,0,-5.3475194,0.11620565503835678,0.7730000019073486,0.5878999829292297
YGL061C,YER118C,0,-5.3475604,0.116188183426857,0.7730000019073486,0.5879999995231628
YOL051W,YGR024C,0,-5.347594,0.1161707267165184,0.7730000019073486,0.588100016117096
YLR284C,YGR122W,0,-5.3476253,0.11615327000617981,0.7730000019073486,0.5881999731063843
YNL065W,YDR121W,0,-5.347692,0.11613582074642181,0.7730000019073486,0.5882999897003174
YNL161W,YPR016C,0,-5.347739,0.11611837148666382,0.7730000019073486,0.5884000062942505
YML012W,YCR040W,0,-5.3477664,0.11610092967748642,0.7730000019073486,0.5885000228881836
YJL110C,YDL109C,0,-5.3478403,0.11608349531888962,0.7730000019073486,0.5885999798774719
YER129W,YGR054W,0,-5.347893,0.11606606841087341,0.7730000019073486,0.588699996471405
YLR390W-A,YBR159W,0,-5.3478985,0.11604864150285721,0.7730000019073486,0.5888000130653381
YNL199C,YHR001W,0,-5.348063,0.1160312220454216,0.7730000019073486,0.5889000296592712
YER178W,YGL028C,0,-5.3481984,0.11601381003856659,0.7730000019073486,0.5889999866485596
YGR288W,YBL058W,0,-5.3483176,0.11599639803171158,0.7730000019073486,0.5891000032424927
YKR068C,YDL100C,0,-5.348452,0.11597899347543716,0.7730000019073486,0.5892000198364258
YER019W,YPL140C,0,-5.348597,0.11596159636974335,0.7730000019073486,0.5892999768257141
YOR335C,YBL099W,0,-5.348681,0.11594419926404953,0.7730000019073486,0.5893999934196472
YPR037C,YEL065W,0,-5.3487163,0.1159268170595169,0.7730000019073486,0.5895000100135803
YIL033C,YMR069W,0,-5.348822,0.11590943485498428,0.7730000019073486,0.5896000266075134
YGR159C,YER116C,0,-5.3488603,0.11589205265045166,0.7730000019073486,0.5896999835968018
YKR027W,YLR141W,0,-5.3491197,0.11587467789649963,0.7730000019073486,0.5898000001907349
YHR083W,YDR470C,1,-5.3491955,0.11600719392299652,0.7739999890327454,0.5898000001907349
YOR079C,YFR029W,0,-5.3492746,0.1159898117184639,0.7739999890327454,0.589900016784668
YBR065C,YBR057C,0,-5.34951,0.11597242951393127,0.7739999890327454,0.5899999737739563
YHL031C,YBR012W-A,0,-5.34952,0.11595505475997925,0.7739999890327454,0.5900999903678894
YLR060W,YER107C,0,-5.349575,0.11593768745660782,0.7739999890327454,0.5902000069618225
YDR362C,YLR227W-B,0,-5.3496447,0.11592032015323639,0.7739999890327454,0.5903000235557556
YLR136C,YLR410W-B,0,-5.3496447,0.11590296775102615,0.7739999890327454,0.590399980545044
YGL054C,YGL225W,0,-5.3497515,0.11588560789823532,0.7739999890327454,0.590499997138977
YGR132C,YOR018W,0,-5.349797,0.11586826294660568,0.7739999890327454,0.5906000137329102
YOR193W,YEL060C,0,-5.3498383,0.11585091799497604,0.7739999890327454,0.5906999707221985
YLL018C-A,YER111C,0,-5.3498445,0.115833580493927,0.7739999890327454,0.5907999873161316
YGL178W,YBR077C,0,-5.3500485,0.11581625044345856,0.7739999890327454,0.5909000039100647
YDR499W,YNL142W,0,-5.350105,0.11579892039299011,0.7739999890327454,0.5910000205039978
YIL070C,YOR084W,0,-5.3501706,0.11578159779310226,0.7739999890327454,0.5910999774932861
YNL281W,YDL200C,0,-5.3505025,0.11576428264379501,0.7739999890327454,0.5911999940872192
YGL051W,YLR316C,0,-5.35053,0.11574697494506836,0.7739999890327454,0.5913000106811523
YKR007W,YDL033C,0,-5.3507924,0.1157296672463417,0.7739999890327454,0.5914000272750854
YLR264W,YNL064C,0,-5.350876,0.11571236699819565,0.7739999890327454,0.5914999842643738
YJL157C,YGL150C,0,-5.350883,0.11569506675004959,0.7739999890327454,0.5916000008583069
YOR298W,YOR018W,0,-5.3511252,0.11567777395248413,0.7739999890327454,0.59170001745224
YCL060C,YBR118W,0,-5.351211,0.11566048860549927,0.7739999890327454,0.5917999744415283
YDR263C,YDR472W,0,-5.351255,0.115643210709095,0.7739999890327454,0.5918999910354614
YIL040W,YBR079C,0,-5.3514094,0.11562593281269073,0.7739999890327454,0.5920000076293945
YGR003W,YDR021W,0,-5.351443,0.11560866236686707,0.7739999890327454,0.5921000242233276
YML019W,YOR057W,0,-5.3515224,0.11559139937162399,0.7739999890327454,0.592199981212616
YLR009W,YHL034C,0,-5.3517003,0.11557413637638092,0.7739999890327454,0.5922999978065491
YPL267W,YDR302W,0,-5.3517528,0.11555688083171844,0.7739999890327454,0.5924000144004822
YKL191W,YER145C,0,-5.3517632,0.11553963273763657,0.7739999890327454,0.5924999713897705
YJL183W,YOR356W,0,-5.3518176,0.11552238464355469,0.7739999890327454,0.5925999879837036
YPL127C,YBR171W,0,-5.352044,0.115505151450634,0.7739999890327454,0.5927000045776367
YBR132C,YDR130C,0,-5.352284,0.11548791080713272,0.7739999890327454,0.5928000211715698
YKR076W,YCL060C,0,-5.352484,0.11547068506479263,0.7739999890327454,0.5928999781608582
YOR351C,YPR138C,0,-5.35251,0.11545345932245255,0.7739999890327454,0.5929999947547913
YML067C,YLR092W,0,-5.3526206,0.11543624103069305,0.7739999890327454,0.5931000113487244
YNL210W,YDR381W,0,-5.352634,0.11541903018951416,0.7739999890327454,0.5932000279426575
YDL117W,YNL127W,0,-5.3527384,0.11540181934833527,0.7739999890327454,0.5932999849319458
YOR079C,YMR173W,0,-5.352767,0.11538461595773697,0.7739999890327454,0.5934000015258789
YDL142C,YMR134W,1,-5.35282,0.11551646888256073,0.7749999761581421,0.5934000015258789
YBL045C,YCL034W,0,-5.3528447,0.11549925804138184,0.7749999761581421,0.593500018119812
YML015C,YLL012W,0,-5.3529034,0.11548204720020294,0.7749999761581421,0.5935999751091003
YDR147W,YML032C,0,-5.3530993,0.11546483635902405,0.7749999761581421,0.5936999917030334
YKL205W,YMR046C,0,-5.353172,0.11544764041900635,0.7749999761581421,0.5938000082969666
YOR147W,YCL044C,1,-5.3532157,0.11557938903570175,0.7760000228881836,0.5938000082969666
YER142C,YMR224C,0,-5.353357,0.11556217074394226,0.7760000228881836,0.5939000248908997
YDL155W,YPL095C,0,-5.3533707,0.11554496735334396,0.7760000228881836,0.593999981880188
YOL133W,YBL022C,0,-5.35344,0.11552776396274567,0.7760000228881836,0.5940999984741211
YBL014C,YLL017W,0,-5.353603,0.11551056802272797,0.7760000228881836,0.5942000150680542
YFL039C,YNL066W,1,-5.3536277,0.11564221233129501,0.7770000100135803,0.5942000150680542
YKL113C,YDR303C,0,-5.353673,0.11562500149011612,0.7770000100135803,0.5942999720573425
YBR159W,YHR077C,0,-5.353681,0.11560779809951782,0.7770000100135803,0.5943999886512756
YDR201W,YGR211W,0,-5.3537087,0.11559059470891953,0.7770000100135803,0.5945000052452087
YPL178W,YBL007C,0,-5.353743,0.11557340621948242,0.7770000100135803,0.5946000218391418
YOR326W,YNL070W,1,-5.3537445,0.11570493876934052,0.777999997138977,0.5946000218391418
YGL136C,YGR047C,0,-5.3537474,0.11568773537874222,0.777999997138977,0.5946999788284302
YGR212W,YGR129W,0,-5.353904,0.11567053198814392,0.777999997138977,0.5947999954223633
YJR006W,YDR527W,0,-5.3539205,0.11565333604812622,0.777999997138977,0.5949000120162964
YJL021C,YJL183W,0,-5.3540225,0.11563614755868912,0.777999997138977,0.5950000286102295
YJR025C,YLR346C,0,-5.354029,0.11561895906925201,0.777999997138977,0.5950999855995178
YEL032W,YHR016C,0,-5.3542957,0.1156017854809761,0.777999997138977,0.5952000021934509
YPR144C,YLR369W,0,-5.354312,0.1155846118927002,0.777999997138977,0.595300018787384
YFL003C,YDR087C,0,-5.3543134,0.11556743830442429,0.777999997138977,0.5953999757766724
YJL143W,YIL017C,0,-5.354513,0.11555027216672897,0.777999997138977,0.5954999923706055
YOR308C,YGL145W,0,-5.354536,0.11553311347961426,0.777999997138977,0.5956000089645386
YML067C,YDR365W-A,0,-5.3546596,0.11551596224308014,0.777999997138977,0.5957000255584717
YCL038C,YER108C,0,-5.3546653,0.11549881100654602,0.777999997138977,0.59579998254776
YIL118W,YBL004W,0,-5.354668,0.1154816672205925,0.777999997138977,0.5958999991416931
YDL225W,YDR131C,0,-5.3546824,0.11546453088521957,0.777999997138977,0.5960000157356262
YOR061W,YBR247C,0,-5.354733,0.11544739454984665,0.777999997138977,0.5960999727249146
YAL044C,YIL063C,0,-5.354749,0.11543026566505432,0.777999997138977,0.5961999893188477
YJR033C,YHL009C,0,-5.354834,0.11541314423084259,0.777999997138977,0.5963000059127808
YHR014W,YLR132C,0,-5.3548527,0.11539602279663086,0.777999997138977,0.5964000225067139
YNL297C,YNL151C,0,-5.3550057,0.11537890881299973,0.777999997138977,0.5964999794960022
YMR202W,YGL201C,0,-5.3550377,0.11536180227994919,0.777999997138977,0.5965999960899353
YDR421W,YER106W,0,-5.3552604,0.11534470319747925,0.777999997138977,0.5967000126838684
YJL073W,YGR214W,0,-5.355416,0.11532760411500931,0.777999997138977,0.5968000292778015
YHR094C,YGR081C,0,-5.3554583,0.11531050503253937,0.777999997138977,0.5968999862670898
YDL033C,YML124C,0,-5.3555093,0.11529342085123062,0.777999997138977,0.597000002861023
YPL256C,YOL105C,0,-5.3555636,0.11527633666992188,0.777999997138977,0.597100019454956
YOR035C,YDR316W-B,0,-5.3557277,0.11525925993919373,0.777999997138977,0.5971999764442444
YNL290W,YLR301W,0,-5.35617,0.11524218320846558,0.777999997138977,0.5972999930381775
YNL286W,YDR192C,0,-5.3561845,0.11522512137889862,0.777999997138977,0.5974000096321106
YMR119W,YGR251W,0,-5.35631,0.11520805209875107,0.777999997138977,0.5975000262260437
YMR287C,YOL059W,0,-5.356482,0.11519099771976471,0.777999997138977,0.597599983215332
YJR118C,YGR144W,1,-5.3566613,0.11532198637723923,0.7789999842643738,0.597599983215332
YEL066W,YLR398C,0,-5.356693,0.11530491709709167,0.7789999842643738,0.5976999998092651
YAL024C,YPL036W,0,-5.356736,0.11528784781694412,0.7789999842643738,0.5978000164031982
YIL022W,YJR028W,0,-5.356935,0.11527079343795776,0.7789999842643738,0.5978999733924866
YIL034C,YGR059W,0,-5.357075,0.1152537390589714,0.7789999842643738,0.5979999899864197
YNL169C,YKL154W,0,-5.3570786,0.11523668467998505,0.7789999842643738,0.5981000065803528
YNL136W,YDR316W-B,0,-5.3571796,0.11521964520215988,0.7789999842643738,0.5982000231742859
YDR362C,YKR056W,0,-5.3571944,0.11520260572433472,0.7789999842643738,0.5982999801635742
YDR263C,YNL290W,0,-5.357231,0.11518556624650955,0.7789999842643738,0.5983999967575073
YOL082W,YEL013W,0,-5.357266,0.11516854166984558,0.7789999842643738,0.5985000133514404
YAL023C,YER147C,0,-5.3576083,0.11515151709318161,0.7789999842643738,0.5985999703407288
YIL062C,YGL055W,1,-5.3577156,0.11528229713439941,0.7799999713897705,0.5985999703407288
YDR228C,YER070W,0,-5.357743,0.11526525765657425,0.7799999713897705,0.5986999869346619
YPR171W,YOR035C,0,-5.3578424,0.11524822562932968,0.7799999713897705,0.598800003528595
YLR190W,YNL213C,1,-5.358027,0.11537893116474152,0.781000018119812,0.598800003528595
YOR346W,YOR088W,0,-5.358092,0.11536189168691635,0.781000018119812,0.5989000201225281
YHL047C,YGR222W,0,-5.3581967,0.11534485220909119,0.781000018119812,0.5989999771118164
YCR012W,YGR241C,0,-5.358263,0.11532782018184662,0.781000018119812,0.5990999937057495
YPL241C,YGR222W,0,-5.3583527,0.11531079560518265,0.781000018119812,0.5992000102996826
YJL006C,YDR260C,0,-5.3583736,0.11529377102851868,0.781000018119812,0.5993000268936157
YJL164C,YBR006W,0,-5.3584,0.1152767539024353,0.781000018119812,0.599399983882904
YDL111C,YLR234W,0,-5.358416,0.11525973677635193,0.781000018119812,0.5995000004768372
YLR157C,YOR020C,0,-5.35866,0.11524273455142975,0.781000018119812,0.5996000170707703
YJR002W,YOL115W,0,-5.358745,0.11522573232650757,0.781000018119812,0.5996999740600586
YJR118C,YLR355C,1,-5.3587995,0.11535624414682388,0.7820000052452087,0.5996999740600586
YHR019C,YCL032W,0,-5.359122,0.1153392344713211,0.7820000052452087,0.5997999906539917
YER142C,YOR231W,0,-5.3591437,0.11532222479581833,0.7820000052452087,0.5999000072479248
YGR177C,YBL011W,0,-5.3591824,0.11530522257089615,0.7820000052452087,0.6000000238418579
YPL274W,YHL034C,0,-5.3594885,0.11528822034597397,0.7820000052452087,0.6000999808311462
YMR322C,YML115C,0,-5.359591,0.11527122557163239,0.7820000052452087,0.6001999974250793
YNR008W,YGL145W,0,-5.359735,0.1152542382478714,0.7820000052452087,0.6003000140190125
YML061C,YNL066W,1,-5.359832,0.11538461595773697,0.7829999923706055,0.6003000140190125
YNL133C,YCL001W,0,-5.3600907,0.11536761373281479,0.7829999923706055,0.6003999710083008
YPL116W,YLR452C,0,-5.36013,0.1153506189584732,0.7829999923706055,0.6004999876022339
YCR071C,YIR025W,0,-5.3602962,0.11533363163471222,0.7829999923706055,0.600600004196167
YIL124W,YHL012W,0,-5.3604393,0.11531664431095123,0.7829999923706055,0.6007000207901001
YML121W,YCL001W,0,-5.3604403,0.11529966443777084,0.7829999923706055,0.6007999777793884
YLR429W,YOR191W,0,-5.360602,0.11528268456459045,0.7829999923706055,0.6008999943733215
YKR026C,YOR328W,0,-5.3606586,0.11526571214199066,0.7829999923706055,0.6010000109672546
YML067C,YGR090W,0,-5.360743,0.11524874716997147,0.7829999923706055,0.6011000275611877
YPL058C,YNL329C,0,-5.3610086,0.11523178964853287,0.7829999923706055,0.6011999845504761
YLL043W,YJL110C,0,-5.361089,0.11521483212709427,0.7829999923706055,0.6013000011444092
YOL002C,YPR080W,0,-5.3612914,0.11519788205623627,0.7829999923706055,0.6014000177383423
YLR384C,YGL153W,0,-5.361448,0.11518093198537827,0.7829999923706055,0.6014999747276306
YNR056C,YPR171W,0,-5.361486,0.11516399681568146,0.7829999923706055,0.6015999913215637
YDR439W,YBL020W,0,-5.3614984,0.11514706164598465,0.7829999923706055,0.6017000079154968
YOR193W,YLR119W,0,-5.3617454,0.11513012647628784,0.7829999923706055,0.6018000245094299
YLR459W,YOR193W,0,-5.3617854,0.11511319875717163,0.7829999923706055,0.6018999814987183
YPL076W,YBR060C,0,-5.3619633,0.11509627848863602,0.7829999923706055,0.6019999980926514
YML011C,YML038C,0,-5.362185,0.115079365670681,0.7829999923706055,0.6021000146865845
YCL027W,YIL038C,0,-5.3622165,0.11506245285272598,0.7829999923706055,0.6021999716758728
YER151C,YER072W,0,-5.36239,0.11504554748535156,0.7829999923706055,0.6022999882698059
YCL032W,YLR305C,0,-5.3624444,0.11502864956855774,0.7829999923706055,0.602400004863739
YMR308C,YCL010C,0,-5.3624806,0.11501175165176392,0.7829999923706055,0.6025000214576721
YLR286C,YBR058C,0,-5.3625436,0.11499486118555069,0.7829999923706055,0.6025999784469604
YMR096W,YBR173C,0,-5.3625646,0.11497797071933746,0.7829999923706055,0.6026999950408936
YDR159W,YOL055C,0,-5.3627057,0.11496109515428543,0.7829999923706055,0.6028000116348267
YOL130W,YJL056C,0,-5.3627367,0.1149442195892334,0.7829999923706055,0.6029000282287598
YCL029C,YBR195C,0,-5.3628225,0.11492734402418137,0.7829999923706055,0.6029999852180481
YMR129W,YKL075C,0,-5.362937,0.11491047590970993,0.7829999923706055,0.6031000018119812
YDR501W,YJL141C,0,-5.363042,0.11489361524581909,0.7829999923706055,0.6032000184059143
YPL188W,YOL117W,0,-5.3630576,0.11487676203250885,0.7829999923706055,0.6032999753952026
YIL004C,YOL077C,0,-5.3631,0.11485990881919861,0.7829999923706055,0.6033999919891357
YEL053C,YML060W,0,-5.363265,0.11484306305646896,0.7829999923706055,0.6035000085830688
YFL036W,YDL217C,1,-5.363466,0.11497286707162857,0.7839999794960022,0.6035000085830688
YKL038W,YDR131C,0,-5.363835,0.11495601385831833,0.7839999794960022,0.603600025177002
YCL066W,YPL002C,0,-5.3639355,0.11493916064500809,0.7839999794960022,0.6036999821662903
YKL113C,YNL131W,0,-5.364009,0.11492230743169785,0.7839999794960022,0.6037999987602234
YKR076W,YDL161W,0,-5.3641696,0.1149054691195488,0.7839999794960022,0.6039000153541565
YDL174C,YOL117W,0,-5.3643227,0.11488863080739975,0.7839999794960022,0.6039999723434448
YGR155W,YDL077C,0,-5.3644032,0.1148717924952507,0.7839999794960022,0.6040999889373779
YLR016C,YPL156C,0,-5.3645277,0.11485496908426285,0.7839999794960022,0.604200005531311
YMR240C,YKR053C,0,-5.364618,0.114838145673275,0.7839999794960022,0.6043000221252441
YCR107W,YBR290W,0,-5.3651657,0.11482132226228714,0.7839999794960022,0.6043999791145325
YHR011W,YBL024W,0,-5.365177,0.11480451375246048,0.7839999794960022,0.6044999957084656
YGL119W,YDR356W,0,-5.365206,0.11478769779205322,0.7839999794960022,0.6046000123023987
YNR017W,YOR191W,0,-5.3652396,0.11477089673280716,0.7839999794960022,0.6047000288963318
YLR242C,YDR158W,0,-5.3653197,0.1147540956735611,0.7839999794960022,0.6047999858856201
YDR376W,YNL318C,0,-5.3653293,0.11473730206489563,0.7839999794960022,0.6049000024795532
YDR363W-A,YJL187C,0,-5.365339,0.11472051590681076,0.7839999794960022,0.6050000190734863
YGR224W,YDR276C,0,-5.3657675,0.11470372974872589,0.7839999794960022,0.6050999760627747
YGL047W,YNL045W,0,-5.3657756,0.11468695104122162,0.7839999794960022,0.6051999926567078
YEL030W,YGL097W,0,-5.3658805,0.11467017978429794,0.7839999794960022,0.6053000092506409
YJL101C,YLL016W,0,-5.365934,0.11465340852737427,0.7839999794960022,0.605400025844574
YCL043C,YPR190C,0,-5.3659873,0.11463664472103119,0.7839999794960022,0.6054999828338623
YNL172W,YPL021W,0,-5.365991,0.11461988091468811,0.7839999794960022,0.6055999994277954
YMR163C,YDR213W,0,-5.366265,0.11460312455892563,0.7839999794960022,0.6057000160217285
YPL267W,YIL022W,0,-5.366267,0.11458637565374374,0.7839999794960022,0.6057999730110168
YGR256W,YOR290C,0,-5.3664103,0.11456963419914246,0.7839999794960022,0.60589998960495
YKL149C,YPL174C,0,-5.3665204,0.11455289274454117,0.7839999794960022,0.6060000061988831
YKL022C,YML051W,0,-5.366623,0.11453615874052048,0.7839999794960022,0.6061000227928162
YEL034W,YNL332W,0,-5.3666606,0.11451942473649979,0.7839999794960022,0.6061999797821045
YCR039C,YKR089C,0,-5.366674,0.11450270563364029,0.7839999794960022,0.6062999963760376
YCL052C,YML034W,0,-5.366715,0.1144859790802002,0.7839999794960022,0.6064000129699707
YCL014W,YGR249W,0,-5.3667846,0.1144692674279213,0.7839999794960022,0.6065000295639038
YKR036C,YFL036W,1,-5.3668013,0.11459854245185852,0.7850000262260437,0.6065000295639038
YPL110C,YML076C,0,-5.366942,0.11458181589841843,0.7850000262260437,0.6065999865531921
YNL101W,YCR005C,0,-5.3669586,0.11456508934497833,0.7850000262260437,0.6067000031471252
YFL059W,YNL246W,0,-5.3671637,0.11454837024211884,0.7850000262260437,0.6068000197410583
YBR170C,YIL115C,0,-5.367354,0.11453165858983994,0.7850000262260437,0.6068999767303467
YMR288W,YEL004W,0,-5.367367,0.11451495438814163,0.7850000262260437,0.6069999933242798
YGL119W,YIL008W,0,-5.367515,0.11449825018644333,0.7850000262260437,0.6071000099182129
YOL151W,YML041C,0,-5.367702,0.11448155343532562,0.7850000262260437,0.607200026512146
YKL186C,YJR127C,0,-5.3677096,0.11446485668420792,0.7850000262260437,0.6072999835014343
YFL025C,YDL087C,0,-5.367745,0.1144481673836708,0.7850000262260437,0.6074000000953674
YHR114W,YGR248W,0,-5.367864,0.1144314855337143,0.7850000262260437,0.6075000166893005
YLL027W,YBR183W,0,-5.367883,0.11441481113433838,0.7850000262260437,0.6075999736785889
YCL055W,YLR141W,0,-5.3679757,0.11439813673496246,0.7850000262260437,0.607699990272522
YGR157W,YJL039C,0,-5.3683043,0.11438146233558655,0.7850000262260437,0.6078000068664551
YLR013W,YPL240C,0,-5.368315,0.11436480283737183,0.7850000262260437,0.6079000234603882
YMR225C,YBL088C,0,-5.368347,0.1143481433391571,0.7850000262260437,0.6079999804496765
YPL051W,YAL022C,0,-5.368415,0.11433149129152298,0.7850000262260437,0.6080999970436096
YGR185C,YDR207C,0,-5.368481,0.11431483924388885,0.7850000262260437,0.6082000136375427
YML004C,YNL102W,0,-5.36849,0.11429819464683533,0.7850000262260437,0.608299970626831
YPL152W,YHR008C,0,-5.368523,0.1142815575003624,0.7850000262260437,0.6083999872207642
YGR171C,YIL029C,0,-5.3686113,0.11426492035388947,0.7850000262260437,0.6085000038146973
YPR201W,YDR142C,0,-5.368693,0.11424829065799713,0.7850000262260437,0.6086000204086304
YLR370C,YBL080C,1,-5.368726,0.11437718570232391,0.7860000133514404,0.6086000204086304
YFR047C,YAL031C,0,-5.3687387,0.11436054110527039,0.7860000133514404,0.6086999773979187
YLR450W,YIL139C,0,-5.3692236,0.11434390395879745,0.7860000133514404,0.6087999939918518
YKL007W,YAL043C,0,-5.369352,0.11432727426290512,0.7860000133514404,0.6089000105857849
YBR123C,YDR330W,0,-5.369406,0.11431064456701279,0.7860000133514404,0.609000027179718
YFR031C,YGR024C,0,-5.3695173,0.11429402232170105,0.7860000133514404,0.6090999841690063
YGL090W,YNL054W-B,0,-5.3697486,0.11427740752696991,0.7860000133514404,0.6092000007629395
YHR059W,YPL239W,0,-5.369794,0.11426079273223877,0.7860000133514404,0.6093000173568726
YOL076W,YNL304W,1,-5.369811,0.11438953131437302,0.7870000004768372,0.6093000173568726
YNR072W,YKR053C,0,-5.369834,0.11437290906906128,0.7870000004768372,0.6093999743461609
YDL006W,YMR302C,1,-5.370029,0.11450159549713135,0.7879999876022339,0.6093999743461609
YOL080C,YHL022C,0,-5.3700714,0.11448496580123901,0.7879999876022339,0.609499990940094
YML080W,YLR449W,0,-5.370129,0.11446832865476608,0.7879999876022339,0.6096000075340271
YGL135W,YDR306C,0,-5.3708043,0.11445170640945435,0.7879999876022339,0.6097000241279602
YPL086C,YOR253W,0,-5.3708415,0.11443508416414261,0.7879999876022339,0.6097999811172485
YDL074C,YJR002W,0,-5.371033,0.11441846936941147,0.7879999876022339,0.6098999977111816
YMR267W,YIL119C,0,-5.3711014,0.11440186202526093,0.7879999876022339,0.6100000143051147
YDR030C,YPL129W,0,-5.3711696,0.11438525468111038,0.7879999876022339,0.6100999712944031
YIL004C,YBR080C,0,-5.371248,0.11436864733695984,0.7879999876022339,0.6101999878883362
YHR094C,YMR298W,0,-5.371384,0.11435205489397049,0.7879999876022339,0.6103000044822693
YNL182C,YDL077C,0,-5.371677,0.11433546245098114,0.7879999876022339,0.6104000210762024
YGL111W,YPL085W,0,-5.3717437,0.11431887745857239,0.7879999876022339,0.6104999780654907
YPL255W,YJR028W,0,-5.37177,0.11430229246616364,0.7879999876022339,0.6105999946594238
YDR190C,YGR027W-A,0,-5.3718667,0.11428571492433548,0.7879999876022339,0.6107000112533569
YAL003W,YKL070W,0,-5.372009,0.11426914483308792,0.7879999876022339,0.61080002784729
YJL133W,YNL046W,0,-5.372026,0.11425257474184036,0.7879999876022339,0.6108999848365784
YDR181C,YBR117C,0,-5.372061,0.1142360121011734,0.7879999876022339,0.6110000014305115
YPL240C,YOR201C,0,-5.372064,0.11421944946050644,0.7879999876022339,0.6111000180244446
YDR110W,YLR426W,0,-5.3722935,0.11420290172100067,0.7879999876022339,0.6111999750137329
YGL135W,YOR159C,0,-5.3723655,0.1141863465309143,0.7879999876022339,0.611299991607666
YNR057C,YNL209W,0,-5.372617,0.11416980624198914,0.7879999876022339,0.6114000082015991
YIR017C,YDR131C,0,-5.37262,0.11415326595306396,0.7879999876022339,0.6115000247955322
YJL062W,YHR004C,0,-5.3726363,0.11413673311471939,0.7879999876022339,0.6115999817848206
YEL016C,YMR270C,0,-5.372648,0.11412020027637482,0.7879999876022339,0.6116999983787537
YNR053C,YHR090C,0,-5.3728166,0.11410367488861084,0.7879999876022339,0.6118000149726868
YIL004C,YLR117C,0,-5.372936,0.11408715695142746,0.7879999876022339,0.6118999719619751
YAL003W,YER070W,0,-5.373017,0.11407063901424408,0.7879999876022339,0.6119999885559082
YML120C,YMR247C,0,-5.373068,0.1140541359782219,0.7879999876022339,0.6121000051498413
YOL009C,YOR147W,1,-5.3731217,0.11418234556913376,0.7889999747276306,0.6121000051498413
YNR067C,YBR142W,0,-5.3732085,0.11416582018136978,0.7889999747276306,0.6122000217437744
YNL259C,YER068W,0,-5.373326,0.1141493022441864,0.7889999747276306,0.6122999787330627
YDL035C,YOL133W,0,-5.373347,0.11413279175758362,0.7889999747276306,0.6123999953269958
YGR222W,YOR362C,0,-5.3734527,0.11411628872156143,0.7889999747276306,0.612500011920929
YLL018C-A,YEL062W,0,-5.373469,0.11409978568553925,0.7889999747276306,0.6126000285148621
YDR258C,YOR266W,1,-5.3735614,0.11422787606716156,0.7900000214576721,0.6126000285148621
YHR079C,YDR004W,0,-5.373692,0.11421136558055878,0.7900000214576721,0.6126999855041504
YOR005C,YPR056W,0,-5.373933,0.114194855093956,0.7900000214576721,0.6128000020980835
YJR153W,YGR059W,0,-5.3739753,0.11417835205793381,0.7900000214576721,0.6129000186920166
YPL239W,YML039W,0,-5.373982,0.11416184902191162,0.7900000214576721,0.6129999756813049
YGL183C,YOR353C,0,-5.374108,0.11414535343647003,0.7900000214576721,0.613099992275238
YGR227W,YNL075W,0,-5.3741894,0.11412886530160904,0.7900000214576721,0.6132000088691711
YPR021C,YGR089W,0,-5.374275,0.11411237716674805,0.7900000214576721,0.6133000254631042
YPL100W,YAR033W,0,-5.374573,0.11409589648246765,0.7900000214576721,0.6133999824523926
YKL160W,YPL221W,0,-5.3746233,0.11407942324876785,0.7900000214576721,0.6134999990463257
YLR127C,YGL116W,0,-5.374721,0.11406295001506805,0.7900000214576721,0.6136000156402588
YPR141C,YIL119C,0,-5.374809,0.11404648423194885,0.7900000214576721,0.6136999726295471
YLR139C,YER018C,0,-5.3749075,0.11403002589941025,0.7900000214576721,0.6137999892234802
YDL039C,YCL020W,0,-5.375246,0.11401356756687164,0.7900000214576721,0.6139000058174133
YER178W,YPR036W,0,-5.375319,0.11399711668491364,0.7900000214576721,0.6140000224113464
YDR192C,YLR132C,0,-5.3753705,0.11398066580295563,0.7900000214576721,0.6140999794006348
YNL256W,YDR515W,0,-5.3754,0.11396422237157822,0.7900000214576721,0.6141999959945679
YJR082C,YBR086C,0,-5.375447,0.1139477863907814,0.7900000214576721,0.614300012588501
YDR437W,YBR153W,0,-5.3756003,0.11393135040998459,0.7900000214576721,0.6144000291824341
YJR004C,YGR042W,0,-5.3756423,0.11391492187976837,0.7900000214576721,0.6144999861717224
YPL161C,YHL007C,0,-5.3760276,0.11389850080013275,0.7900000214576721,0.6146000027656555
YKL008C,YPR167C,0,-5.3761516,0.11388207972049713,0.7900000214576721,0.6147000193595886
YPR124W,YLR219W,0,-5.3761945,0.11386566609144211,0.7900000214576721,0.614799976348877
YGR202C,YOR328W,0,-5.376265,0.11384925991296768,0.7900000214576721,0.6148999929428101
YER056C,YNR053C,0,-5.376432,0.11383285373449326,0.7900000214576721,0.6150000095367432
YPL091W,YMR175W,0,-5.3764653,0.11381645500659943,0.7900000214576721,0.6151000261306763
YER061C,YAL053W,0,-5.376498,0.1138000562787056,0.7900000214576721,0.6151999831199646
YKR082W,YCR073W-A,0,-5.3767962,0.11378366500139236,0.7900000214576721,0.6152999997138977
YGR286C,YDR116C,0,-5.3770666,0.11376728117465973,0.7900000214576721,0.6154000163078308
YBL009W,YBL102W,0,-5.377149,0.1137508973479271,0.7900000214576721,0.6154999732971191
YLR347C,YEL016C,0,-5.3771844,0.11373452097177505,0.7900000214576721,0.6155999898910522
YOR174W,YDR324C,0,-5.3772244,0.11371815204620361,0.7900000214576721,0.6157000064849854
YGL219C,YBR212W,1,-5.3772907,0.11384571343660355,0.7910000085830688,0.6157000064849854
YLL009C,YOR088W,0,-5.377397,0.11382932960987091,0.7910000085830688,0.6158000230789185
YMR301C,YMR292W,0,-5.3774447,0.11381295323371887,0.7910000085830688,0.6158999800682068
YCR106W,YDR369C,0,-5.377461,0.11379657685756683,0.7910000085830688,0.6159999966621399
YIL036W,YCL060C,0,-5.3774714,0.11378020793199539,0.7910000085830688,0.616100013256073
YKL143W,YHR048W,0,-5.3775363,0.11376384645700455,0.7910000085830688,0.6161999702453613
YBL098W,YOR332W,0,-5.377546,0.1137474849820137,0.7910000085830688,0.6162999868392944
YKR082W,YPR198W,0,-5.377635,0.11373113095760345,0.7910000085830688,0.6164000034332275
YNL275W,YFL002C,0,-5.377668,0.1137147769331932,0.7910000085830688,0.6165000200271606
YKL084W,YOR145C,0,-5.3777604,0.11369843035936356,0.7910000085830688,0.616599977016449
YJL208C,YPR032W,0,-5.377793,0.1136820912361145,0.7910000085830688,0.6166999936103821
YPL209C,YCR058C,0,-5.378111,0.11366575956344604,0.7910000085830688,0.6168000102043152
YPL271W,YKR029C,0,-5.3781323,0.11364942789077759,0.7910000085830688,0.6169000267982483
YML051W,YJL203W,0,-5.3781867,0.11363309621810913,0.7910000085830688,0.6169999837875366
YIL040W,YHL025W,0,-5.378192,0.11361677944660187,0.7910000085830688,0.6171000003814697
YIL070C,YBR106W,0,-5.3783927,0.1136004626750946,0.7910000085830688,0.6172000169754028
YHR042W,YKL042W,0,-5.3784556,0.11358414590358734,0.7910000085830688,0.6172999739646912
YDR165W,YGL210W,0,-5.378487,0.11356783658266068,0.7910000085830688,0.6173999905586243
YJR060W,YPR041W,0,-5.3784957,0.1135515347123146,0.7910000085830688,0.6175000071525574
YOR094W,YKR089C,0,-5.378565,0.11353524029254913,0.7910000085830688,0.6176000237464905
YJL173C,YAL002W,0,-5.3786054,0.11351894587278366,0.7910000085830688,0.6176999807357788
YPL022W,YGL145W,0,-5.3786693,0.11350265145301819,0.7910000085830688,0.6177999973297119
YDR254W,YPL058C,0,-5.378702,0.11348637193441391,0.7910000085830688,0.617900013923645
YDR265W,YGL044C,0,-5.3787284,0.11347009241580963,0.7910000085830688,0.6179999709129333
YFL022C,YOR380W,0,-5.3788095,0.11345381289720535,0.7910000085830688,0.6180999875068665
YMR207C,YHR143W-A,0,-5.379004,0.11343754827976227,0.7910000085830688,0.6182000041007996
YLR355C,YFL036W,1,-5.379065,0.11356467008590698,0.7919999957084656,0.6182000041007996
YJL145W,YOR327C,0,-5.379135,0.1135483905673027,0.7919999957084656,0.6183000206947327
YCL038C,YKL001C,0,-5.3794084,0.11353211104869843,0.7919999957084656,0.618399977684021
YPR154W,YLR398C,0,-5.3794646,0.11351583898067474,0.7919999957084656,0.6184999942779541
YGL035C,YML098W,0,-5.37953,0.11349956691265106,0.7919999957084656,0.6186000108718872
YPL140C,YHR069C,0,-5.3795447,0.11348330974578857,0.7919999957084656,0.6187000274658203
YKL135C,YBR260C,0,-5.3796086,0.11346704512834549,0.7919999957084656,0.6187999844551086
YMR184W,YKL075C,0,-5.3797593,0.1134507954120636,0.7919999957084656,0.6189000010490417
YJR065C,YOL095C,1,-5.3797984,0.11357776820659637,0.7929999828338623,0.6189000010490417
YJL214W,YDR131C,0,-5.379827,0.11356150358915329,0.7929999828338623,0.6190000176429749
YOR284W,YNL207W,0,-5.379884,0.1135452464222908,0.7929999828338623,0.6190999746322632
YDR057W,YBL100W-B,0,-5.379955,0.11352898925542831,0.7929999828338623,0.6191999912261963
YBR110W,YML027W,0,-5.379966,0.11351273953914642,0.7929999828338623,0.6193000078201294
YOR204W,YBR121C,0,-5.3800273,0.11349648982286453,0.7929999828338623,0.6194000244140625
YGL136C,YNL012W,0,-5.380062,0.11348025500774384,0.7929999828338623,0.6194999814033508
YLR249W,YER138C,0,-5.3801527,0.11346401274204254,0.7929999828338623,0.6195999979972839
YBR170C,YLR035C-A,0,-5.380363,0.11344778537750244,0.7929999828338623,0.619700014591217
YLR320W,YPR165W,0,-5.380405,0.11343155801296234,0.7929999828338623,0.6197999715805054
YGR288W,YHR014W,0,-5.3805585,0.11341533064842224,0.7929999828338623,0.6198999881744385
YGL098W,YDR365W-B,0,-5.3805804,0.11339911073446274,0.7929999828338623,0.6200000047683716
YPR034W,YML098W,0,-5.3805814,0.11338289827108383,0.7929999828338623,0.6201000213623047
YNL121C,YNL304W,1,-5.380597,0.1135096475481987,0.7940000295639038,0.6201000213623047
YPL160W,YEL057C,0,-5.380955,0.1134934276342392,0.7940000295639038,0.620199978351593
YIL159W,YDR425W,0,-5.381023,0.1134772077202797,0.7940000295639038,0.6202999949455261
YDR421W,YCL066W,0,-5.381084,0.11346098780632019,0.7940000295639038,0.6204000115394592
YNL112W,YDL109C,0,-5.38111,0.11344477534294128,0.7940000295639038,0.6205000281333923
YER179W,YOR274W,0,-5.3811364,0.11342857033014297,0.7940000295639038,0.6205999851226807
YPR125W,YJR120W,1,-5.381147,0.11355520784854889,0.7950000166893005,0.6205999851226807
YJL194W,YIR021W,0,-5.381172,0.11353898793458939,0.7950000166893005,0.6207000017166138
YMR237W,YOR204W,0,-5.381284,0.11352277547121048,0.7950000166893005,0.6208000183105469
YFL060C,YBR058C,0,-5.382254,0.11350657045841217,0.7950000166893005,0.6208999752998352
YBL080C,YNL079C,1,-5.382343,0.11363311856985092,0.7960000038146973,0.6208999752998352
YDR385W,YNL239W,0,-5.3824487,0.11361689865589142,0.7960000038146973,0.6209999918937683
YAR003W,YDR098C-B,0,-5.382489,0.11360068619251251,0.7960000038146973,0.6211000084877014
YNL327W,YOL068C,0,-5.382642,0.1135844737291336,0.7960000038146973,0.6212000250816345
YHR031C,YPR125W,1,-5.3827047,0.11371093988418579,0.796999990940094,0.6212000250816345
YIL033C,YLR192C,0,-5.3827844,0.11369471997022629,0.796999990940094,0.6212999820709229
YLR015W,YLR448W,0,-5.383121,0.11367850750684738,0.796999990940094,0.621399998664856
YMR095C,YLR447C,0,-5.383532,0.11366229504346848,0.796999990940094,0.6215000152587891
YDR141C,YDR501W,0,-5.3836026,0.11364608258008957,0.796999990940094,0.6215999722480774
YCL039W,YNL268W,0,-5.3836126,0.11362988501787186,0.796999990940094,0.6216999888420105
YMR202W,YHR081W,0,-5.38373,0.11361368745565414,0.796999990940094,0.6218000054359436
YOL064C,YFR037C,0,-5.3837657,0.11359748989343643,0.796999990940094,0.6219000220298767
YGR177C,YJL008C,0,-5.383802,0.11358129978179932,0.796999990940094,0.621999979019165
YJR126C,YDL038C,0,-5.383865,0.1135651171207428,0.796999990940094,0.6220999956130981
YGL095C,YDL118W,0,-5.383877,0.11354894191026688,0.796999990940094,0.6222000122070312
YOR160W,YBR089C-A,0,-5.383937,0.11353276669979095,0.796999990940094,0.6223000288009644
YDR511W,YJR091C,0,-5.383978,0.11351659148931503,0.796999990940094,0.6223999857902527
YNR008W,YML092C,0,-5.383985,0.11350042372941971,0.796999990940094,0.6225000023841858
YDR123C,YIL139C,0,-5.384043,0.11348426342010498,0.796999990940094,0.6226000189781189
YDL088C,YOR208W,0,-5.3840675,0.11346811056137085,0.796999990940094,0.6226999759674072
YNL009W,YOR151C,0,-5.3841434,0.11345195770263672,0.796999990940094,0.6227999925613403
YKR061W,YCL020W,0,-5.3841844,0.11343581229448318,0.796999990940094,0.6229000091552734
YBR165W,YLR455W,0,-5.3842573,0.11341966688632965,0.796999990940094,0.6230000257492065
YPL106C,YER138C,0,-5.3843756,0.11340352892875671,0.796999990940094,0.6230999827384949
YDR436W,YDR261C-D,0,-5.3843956,0.11338739842176437,0.796999990940094,0.623199999332428
YER027C,YOR355W,0,-5.384601,0.11337126791477203,0.796999990940094,0.6233000159263611
YGR216C,YDL106C,0,-5.384664,0.11335514485836029,0.796999990940094,0.6233999729156494
YNL278W,YPL181W,0,-5.384791,0.11333902180194855,0.796999990940094,0.6234999895095825
YPR008W,YLR227W-B,0,-5.3850884,0.1133229061961174,0.796999990940094,0.6236000061035156
YPR057W,YDR311W,0,-5.385306,0.11330679804086685,0.796999990940094,0.6237000226974487
YBR159W,YJR042W,0,-5.385594,0.1132906898856163,0.796999990940094,0.6237999796867371
YFR008W,YHR160C,0,-5.385754,0.11327458918094635,0.796999990940094,0.6238999962806702
YLR314C,YML110C,0,-5.3859487,0.1132584884762764,0.796999990940094,0.6240000128746033
YDR337W,YDR097C,0,-5.38598,0.11324239522218704,0.796999990940094,0.6241000294685364
YOR171C,YDR180W,0,-5.3861356,0.11322630941867828,0.796999990940094,0.6241999864578247
YKL191W,YER044C-A,0,-5.3861613,0.11321022361516953,0.796999990940094,0.6243000030517578
YNL135C,YDR045C,0,-5.386215,0.11319414526224136,0.796999990940094,0.6244000196456909
YLR381W,YML047C,0,-5.386234,0.1131780743598938,0.796999990940094,0.6244999766349792
YML132W,YOR110W,0,-5.3865237,0.11316200345754623,0.796999990940094,0.6245999932289124
YLR455W,YOR142W-B,0,-5.3866487,0.11314594000577927,0.796999990940094,0.6247000098228455
YGL021W,YML129C,0,-5.3867197,0.1131298765540123,0.796999990940094,0.6248000264167786
YNL091W,YDR078C,0,-5.3868246,0.11311382055282593,0.796999990940094,0.6248999834060669
YIR013C,YPL268W,0,-5.38687,0.11309777200222015,0.796999990940094,0.625
YOR380W,YBR118W,0,-5.386903,0.11308172345161438,0.796999990940094,0.6251000165939331
YLR095C,YMR224C,0,-5.386944,0.1130656823515892,0.796999990940094,0.6251999735832214
YJL203W,YOR327C,0,-5.3869557,0.11304964870214462,0.796999990940094,0.6252999901771545
YOR351C,YPL257W-B,0,-5.387169,0.11303361505270004,0.796999990940094,0.6254000067710876
YHL022C,YEL057C,0,-5.3872633,0.11301758140325546,0.796999990940094,0.6255000233650208
YLR380W,YOL042W,0,-5.387325,0.11300156265497208,0.796999990940094,0.6255999803543091
YIL070C,YHL022C,0,-5.3873386,0.1129855364561081,0.796999990940094,0.6256999969482422
YML094W,YFL049W,0,-5.3873734,0.1129695251584053,0.796999990940094,0.6258000135421753
YBR161W,YMR047C,0,-5.3874555,0.11295351386070251,0.796999990940094,0.6258999705314636
YPR175W,YJR077C,0,-5.387493,0.11293751001358032,0.796999990940094,0.6259999871253967
YNL209W,YLR369W,0,-5.3875413,0.11292150616645813,0.796999990940094,0.6261000037193298
YAL047C,YKL070W,0,-5.387551,0.11290550976991653,0.796999990940094,0.6262000203132629
YPL274W,YPL175W,0,-5.387656,0.11288952082395554,0.796999990940094,0.6262999773025513
YCR020C,YNL149C,1,-5.3876567,0.11301515251398087,0.7979999780654907,0.6262999773025513
YLR368W,YMR241W,1,-5.3877234,0.11314075440168381,0.7990000247955322,0.6262999773025513
YBL052C,YMR140W,0,-5.3878236,0.11312473565340042,0.7990000247955322,0.6263999938964844
YDR450W,YER159C-A,0,-5.387862,0.11310871690511703,0.7990000247955322,0.6265000104904175
YIR028W,YMR125W,0,-5.3878818,0.11309271305799484,0.7990000247955322,0.6266000270843506
YAR019C,YBL064C,0,-5.387937,0.11307670176029205,0.7990000247955322,0.6266999840736389
YCR107W,YPL240C,0,-5.388057,0.11306070536375046,0.7990000247955322,0.626800000667572
YIL167W,YDR088C,0,-5.3880687,0.11304470896720886,0.7990000247955322,0.6269000172615051
YMR136W,YJR158W,0,-5.388077,0.11302872002124786,0.7990000247955322,0.6269999742507935
YPL259C,YPR137W,0,-5.3882513,0.11301273107528687,0.7990000247955322,0.6270999908447266
YMR199W,YPR006C,0,-5.3883004,0.11299674957990646,0.7990000247955322,0.6272000074386597
YNL256W,YPL063W,0,-5.388355,0.11298076808452606,0.7990000247955322,0.6273000240325928
YDL220C,YGL244W,0,-5.3883777,0.11296479403972626,0.7990000247955322,0.6273999810218811
YKL208W,YMR081C,0,-5.3884196,0.11294882744550705,0.7990000247955322,0.6274999976158142
YER172C,YBR112C,0,-5.388536,0.11293286085128784,0.7990000247955322,0.6276000142097473
YNL210W,YPR041W,0,-5.3886104,0.11291690170764923,0.7990000247955322,0.6276999711990356
YPL178W,YPL221W,0,-5.3888783,0.11290095001459122,0.7990000247955322,0.6277999877929688
YDR459C,YBR117C,0,-5.388883,0.1128849983215332,0.7990000247955322,0.6279000043869019
YJL063C,YPR131C,1,-5.3889413,0.11301030963659286,0.800000011920929,0.6279000043869019
YBL099W,YOR230W,0,-5.3889937,0.11299435049295425,0.800000011920929,0.628000020980835
YNL288W,YMR250W,0,-5.389029,0.11297839134931564,0.800000011920929,0.6280999779701233
YDR421W,YLR045C,0,-5.3890986,0.11296243965625763,0.800000011920929,0.6281999945640564
YJR119C,YOR008C,0,-5.3894053,0.11294648796319962,0.800000011920929,0.6283000111579895
YMR270C,YFL004W,0,-5.3895154,0.1129305511713028,0.800000011920929,0.6284000277519226
YBR089C-A,YOR143C,0,-5.3896804,0.11291460692882538,0.800000011920929,0.6284999847412109
YGL001C,YOR181W,0,-5.3897433,0.11289867013692856,0.800000011920929,0.628600001335144
YCL001W,YPR009W,0,-5.3897877,0.11288274079561234,0.800000011920929,0.6287000179290771
YDR432W,YBR006W,0,-5.389791,0.11286681890487671,0.800000011920929,0.6287999749183655
YKL144C,YAR044W,0,-5.389852,0.11285089701414108,0.800000011920929,0.6288999915122986
YJL076W,YER125W,0,-5.3899183,0.11283497512340546,0.800000011920929,0.6290000081062317
YNL270C,YBR159W,0,-5.3899927,0.11281906813383102,0.800000011920929,0.6291000247001648
YNL314W,YNL009W,0,-5.3900027,0.11280316114425659,0.800000011920929,0.6291999816894531
YOL063C,YHR077C,0,-5.390103,0.11278725415468216,0.800000011920929,0.6292999982833862
YGR075C,YLR448W,0,-5.390402,0.11277135461568832,0.800000011920929,0.6294000148773193
YPL069C,YOL145C,0,-5.390414,0.11275546252727509,0.800000011920929,0.6294999718666077
YDR078C,YOR195W,0,-5.390429,0.11273957043886185,0.800000011920929,0.6295999884605408
YPL096W,YPR187W,0,-5.3904305,0.1127236858010292,0.800000011920929,0.6297000050544739
YPL001W,YLL011W,0,-5.3905225,0.11270780861377716,0.800000011920929,0.629800021648407
YDR358W,YDR279W,0,-5.390715,0.11269193142652512,0.800000011920929,0.6298999786376953
YLR155C,YOL033W,0,-5.390814,0.11267605423927307,0.800000011920929,0.6299999952316284
YCR034W,YHR079C-B,0,-5.3908415,0.11266019195318222,0.800000011920929,0.6301000118255615
YOR099W,YPR094W,0,-5.39085,0.11264432221651077,0.800000011920929,0.6302000284194946
YBR088C,YLR313C,0,-5.39099,0.11262846738100052,0.800000011920929,0.630299985408783
YLR361C,YJL026W,0,-5.39107,0.11261261254549026,0.800000011920929,0.6304000020027161
YOR381W,YBR077C,0,-5.3911767,0.11259676516056061,0.800000011920929,0.6305000185966492
YOR371C,YML105C,0,-5.3911996,0.11258091777563095,0.800000011920929,0.6305999755859375
YGL084C,YGL086W,0,-5.391218,0.11256507784128189,0.800000011920929,0.6306999921798706
YIL159W,YJL100W,0,-5.3915734,0.11254923790693283,0.800000011920929,0.6308000087738037
YLL031C,YKR062W,0,-5.3916926,0.11253340542316437,0.800000011920929,0.6309000253677368
YNL133C,YCR037C,0,-5.3917727,0.1125175803899765,0.800000011920929,0.6309999823570251
YGR060W,YNL329C,0,-5.3919034,0.11250175535678864,0.800000011920929,0.6310999989509583
YCL029C,YDR055W,0,-5.391935,0.11248593777418137,0.800000011920929,0.6312000155448914
YPR081C,YDR129C,0,-5.391951,0.1124701276421547,0.800000011920929,0.6312999725341797
YLR144C,YBR055C,0,-5.3920183,0.11245431751012802,0.800000011920929,0.6313999891281128
YGL223C,YNL012W,0,-5.392062,0.11243850737810135,0.800000011920929,0.6315000057220459
YLR242C,YKR019C,0,-5.3921714,0.11242271214723587,0.800000011920929,0.631600022315979
YLR370C,YDR258C,1,-5.3925166,0.11254741996526718,0.8009999990463257,0.631600022315979
YIL048W,YMR267W,0,-5.3927245,0.11253160983324051,0.8009999990463257,0.6316999793052673
YGL021W,YKR079C,0,-5.392746,0.11251579970121384,0.8009999990463257,0.6317999958992004
YCL066W,YDR276C,0,-5.3928514,0.11249999701976776,0.8009999990463257,0.6319000124931335
YBR010W,YDR113C,0,-5.392914,0.11248420178890228,0.8009999990463257,0.6320000290870667
YDR054C,YKL165C,0,-5.392951,0.1124684065580368,0.8009999990463257,0.632099986076355
YPL050C,YOR149C,0,-5.393108,0.11245261877775192,0.8009999990463257,0.6322000026702881
YMR301C,YJL165C,0,-5.393227,0.11243683099746704,0.8009999990463257,0.6323000192642212
YOR037W,YGL219C,1,-5.3933434,0.11256140470504761,0.8019999861717224,0.6323000192642212
YBR192W,YHR031C,1,-5.393413,0.11268594115972519,0.8029999732971191,0.6323000192642212
YGL122C,YLR222C,0,-5.3936486,0.11267013102769852,0.8029999732971191,0.6323999762535095
YJL006C,YBR088C,0,-5.393886,0.11265432089567184,0.8029999732971191,0.6324999928474426
YPL018W,YDR016C,0,-5.393899,0.11263851821422577,0.8029999732971191,0.6326000094413757
YER045C,YOL064C,0,-5.394052,0.11262272298336029,0.8029999732971191,0.6327000260353088
YBR006W,YGR027W-A,0,-5.394237,0.11260692775249481,0.8029999732971191,0.6327999830245972
YML130C,YLR092W,0,-5.39452,0.11259113997220993,0.8029999732971191,0.6328999996185303
YOR020C,YLR130C,0,-5.394539,0.11257535219192505,0.8029999732971191,0.6330000162124634
YPR007C,YDR416W,0,-5.394628,0.11255957186222076,0.8029999732971191,0.6330999732017517
YIL073C,YOR142W-A,0,-5.394752,0.11254379898309708,0.8029999732971191,0.6331999897956848
YJL170C,YBL041W,0,-5.394815,0.11252802610397339,0.8029999732971191,0.6333000063896179
YJL030W,YCR083W,0,-5.3952494,0.1125122606754303,0.8029999732971191,0.633400022983551
YML024W,YLR234W,0,-5.3952937,0.11249649524688721,0.8029999732971191,0.6334999799728394
YLR288C,YDL040C,0,-5.395373,0.11248073726892471,0.8029999732971191,0.6335999965667725
YOR316C,YMR214W,0,-5.3953776,0.11246498674154282,0.8029999732971191,0.6337000131607056
YPR200C,YDR071C,0,-5.3956523,0.11244923621416092,0.8029999732971191,0.6338000297546387
YER169W,YOL102C,0,-5.3957524,0.11243349313735962,0.8029999732971191,0.633899986743927
YLR215C,YIL110W,0,-5.3959007,0.11241775006055832,0.8029999732971191,0.6340000033378601
YNR019W,YOR356W,0,-5.395907,0.11240201443433762,0.8029999732971191,0.6341000199317932
YDL006W,YPR024W,1,-5.3959527,0.11252624541521072,0.8040000200271606,0.6341000199317932
YJL170C,YDR301W,0,-5.395985,0.11251049488782883,0.8040000200271606,0.6341999769210815
YIL103W,YDL112W,0,-5.3961225,0.11249475181102753,0.8040000200271606,0.6342999935150146
YNR002C,YDL002C,0,-5.396134,0.11247901618480682,0.8040000200271606,0.6344000101089478
YOR307C,YEL057C,0,-5.3961864,0.11246328055858612,0.8040000200271606,0.6345000267028809
YOR074C,YBR278W,0,-5.396205,0.11244755238294601,0.8040000200271606,0.6345999836921692
YER114C,YKR026C,0,-5.39633,0.11243182420730591,0.8040000200271606,0.6347000002861023
YPL248C,YKL197C,0,-5.396333,0.112416110932827,0.8040000200271606,0.6348000168800354
YDR523C,YLR005W,0,-5.396437,0.11240039020776749,0.8040000200271606,0.6348999738693237
YER142C,YHL009C,0,-5.3966103,0.11238467693328857,0.8040000200271606,0.6349999904632568
YKL053C-A,YHR120W,1,-5.3967385,0.11250873655080795,0.8050000071525574,0.6349999904632568
YGL187C,YBR182C,0,-5.3968916,0.11249301582574844,0.8050000071525574,0.6351000070571899
YDR272W,YBR072W,0,-5.3970437,0.11247729510068893,0.8050000071525574,0.635200023651123
YKL060C,YOR008C-A,0,-5.3975625,0.11246158182621002,0.8050000071525574,0.6352999806404114
YKL053C-A,YDL217C,1,-5.3976083,0.11258555948734283,0.8059999942779541,0.6352999806404114
YPL164C,YAR033W,0,-5.397649,0.11256983131170273,0.8059999942779541,0.6353999972343445
YBR173C,YOR088W,0,-5.3978405,0.11255411058664322,0.8059999942779541,0.6355000138282776
YOL055C,YML041C,0,-5.3978543,0.1125383973121643,0.8059999942779541,0.6355999708175659
YGL071W,YDL117W,0,-5.397954,0.1125226840376854,0.8059999942779541,0.635699987411499
YDR283C,YDR324C,0,-5.398268,0.11250697821378708,0.8059999942779541,0.6358000040054321
YNL009W,YLL021W,0,-5.3983455,0.11249127984046936,0.8059999942779541,0.6359000205993652
YMR119W,YMR061W,0,-5.3983803,0.11247558146715164,0.8059999942779541,0.6359999775886536
YDR106W,YKR056W,0,-5.3985076,0.11245988309383392,0.8059999942779541,0.6360999941825867
YHR083W,YGR144W,1,-5.398686,0.1125837042927742,0.8069999814033508,0.6360999941825867
YNL127W,YNL117W,0,-5.398752,0.11256799846887589,0.8069999814033508,0.6362000107765198
YNL232W,YKL028W,0,-5.398899,0.11255230009555817,0.8069999814033508,0.6363000273704529
YHR139C,YPL120W,0,-5.398966,0.11253660917282104,0.8069999814033508,0.6363999843597412
YGL111W,YIL095W,0,-5.398976,0.11252091825008392,0.8069999814033508,0.6365000009536743
YBR212W,YNL304W,1,-5.399181,0.11264464259147644,0.8080000281333923,0.6365000009536743
YML086C,YDR043C,0,-5.399264,0.11262893676757812,0.8080000281333923,0.6366000175476074
YJL157C,YLR005W,0,-5.3993897,0.1126132383942604,0.8080000281333923,0.6366999745368958
YKL055C,YDR473C,0,-5.3995805,0.11259754747152328,0.8080000281333923,0.6367999911308289
YIL115C,YCR073W-A,0,-5.399746,0.11258185654878616,0.8080000281333923,0.636900007724762
YDR317W,YJL050W,0,-5.399818,0.11256617307662964,0.8080000281333923,0.6370000243186951
YMR095C,YPL106C,0,-5.3999553,0.11255049705505371,0.8080000281333923,0.6370999813079834
YML047C,YBR114W,0,-5.399975,0.11253482103347778,0.8080000281333923,0.6371999979019165
YBR234C,YBR192W,1,-5.400168,0.11265840381383896,0.8090000152587891,0.6371999979019165
YKL138C-A,YPL188W,0,-5.40037,0.11264272034168243,0.8090000152587891,0.6373000144958496
YLR453C,YHR106W,0,-5.4010615,0.11262703686952591,0.8090000152587891,0.6373999714851379
YGL043W,YOL111C,0,-5.4011736,0.11261136084794998,0.8090000152587891,0.637499988079071
YLR276C,YEL050C,0,-5.4012856,0.11259568482637405,0.8090000152587891,0.6376000046730042
YGR006W,YDR365W-A,0,-5.401312,0.11258001625537872,0.8090000152587891,0.6377000212669373
YIL124W,YNL327W,0,-5.401321,0.11256435513496399,0.8090000152587891,0.6377999782562256
YNR013C,YJR021C,0,-5.4014688,0.11254869401454926,0.8090000152587891,0.6378999948501587
YKR099W,YPL096W,0,-5.4020424,0.11253303289413452,0.8090000152587891,0.6380000114440918
YJL100W,YNR043W,0,-5.40206,0.11251738667488098,0.8090000152587891,0.6381000280380249
YDR174W,YBR223C,0,-5.4020686,0.11250174045562744,0.8090000152587891,0.6381999850273132
YOR133W,YOR353C,0,-5.402221,0.1124860942363739,0.8090000152587891,0.6383000016212463
YKL011C,YJL100W,0,-5.4022965,0.11247045546770096,0.8090000152587891,0.6384000182151794
YPR201W,YJR077C,0,-5.402367,0.11245482414960861,0.8090000152587891,0.6384999752044678
YPR081C,YGL194C,0,-5.402435,0.11243919283151627,0.8090000152587891,0.6385999917984009
YGL047W,YDR148C,0,-5.4024506,0.11242356896400452,0.8090000152587891,0.638700008392334
YNL286W,YLR346C,0,-5.4024587,0.11240794509649277,0.8090000152587891,0.6388000249862671
YMR177W,YNL247W,0,-5.4024825,0.11239232867956161,0.8090000152587891,0.6388999819755554
YLR220W,YFL016C,0,-5.402517,0.11237671971321106,0.8090000152587891,0.6389999985694885
YOR274W,YNL053W,0,-5.402653,0.1123611107468605,0.8090000152587891,0.6391000151634216
YJR057W,YGL051W,0,-5.403085,0.11234550923109055,0.8090000152587891,0.63919997215271
YDL153C,YNL272C,0,-5.4030986,0.11232990771532059,0.8090000152587891,0.6392999887466431
YGR103W,YFL002W-B,0,-5.403162,0.11231431365013123,0.8090000152587891,0.6394000053405762
YBR228W,YHR039C-B,0,-5.4031763,0.11229871958494186,0.8090000152587891,0.6395000219345093
YNL145W,YML038C,0,-5.403355,0.1122831404209137,0.8090000152587891,0.6395999789237976
YPR054W,YMR210W,0,-5.403518,0.11226755380630493,0.8090000152587891,0.6396999955177307
YNL127W,YPL212C,0,-5.403544,0.11225197464227676,0.8090000152587891,0.6398000121116638
YIL040W,YEL015W,0,-5.4037156,0.1122364029288292,0.8090000152587891,0.6399000287055969
YDL231C,YBR167C,0,-5.4037685,0.11222083866596222,0.8090000152587891,0.6399999856948853
YLR340W,YIL143C,0,-5.4038277,0.11220526695251465,0.8090000152587891,0.6401000022888184
YPL259C,YLL011W,0,-5.403862,0.11218971014022827,0.8090000152587891,0.6402000188827515
YJL219W,YPL144W,0,-5.4038787,0.1121741533279419,0.8090000152587891,0.6402999758720398
YLR096W,YDR277C,0,-5.403913,0.11215860396623611,0.8090000152587891,0.6403999924659729
YHR014W,YKR079C,0,-5.403933,0.11214305460453033,0.8090000152587891,0.640500009059906
YPR019W,YDR545W,0,-5.403958,0.11212751269340515,0.8090000152587891,0.6406000256538391
YKL201C,YHR004C,0,-5.4040146,0.11211197078227997,0.8090000152587891,0.6406999826431274
YKL089W,YOL042W,0,-5.4040246,0.11209643632173538,0.8090000152587891,0.6407999992370605
YPL267W,YGR063C,0,-5.4041696,0.11208090931177139,0.8090000152587891,0.6409000158309937
YJL145W,YPR158C-D,0,-5.4041705,0.1120653823018074,0.8090000152587891,0.640999972820282
YNR044W,YDL164C,0,-5.4042983,0.11204986274242401,0.8090000152587891,0.6410999894142151
YPR138C,YAL011W,0,-5.4043202,0.11203434318304062,0.8090000152587891,0.6412000060081482
YGL257C,YNL044W,0,-5.4044065,0.11201883107423782,0.8090000152587891,0.6413000226020813
YIL122W,YOR217W,0,-5.404526,0.11200332641601562,0.8090000152587891,0.6413999795913696
YBR020W,YHR085W,0,-5.404595,0.11198782175779343,0.8090000152587891,0.6414999961853027
YML004C,YKL034W,0,-5.404698,0.11197231709957123,0.8090000152587891,0.6416000127792358
YOR243C,YFL060C,0,-5.4047084,0.11195681989192963,0.8090000152587891,0.641700029373169
YDR524C,YHR190W,0,-5.4047155,0.11194133013486862,0.8090000152587891,0.6417999863624573
YML042W,YOR193W,0,-5.4047184,0.11192584037780762,0.8090000152587891,0.6419000029563904
YPL086C,YCR062W,0,-5.4048715,0.11191035807132721,0.8090000152587891,0.6420000195503235
YOR317W,YJR090C,0,-5.4049034,0.1118948832154274,0.8090000152587891,0.6420999765396118
YER032W,YNL261W,0,-5.4051847,0.11187940835952759,0.8090000152587891,0.6421999931335449
YOR098C,YFL002C,0,-5.40535,0.11186394095420837,0.8090000152587891,0.642300009727478
YKL062W,YCR052W,0,-5.405607,0.11184847354888916,0.8090000152587891,0.6424000263214111
YLR314C,YJR110W,0,-5.4056325,0.11183301359415054,0.8090000152587891,0.6424999833106995
YOR179C,YDR372C,0,-5.4059615,0.11181755363941193,0.8090000152587891,0.6425999999046326
YBL019W,YDR023W,0,-5.406352,0.1118021011352539,0.8090000152587891,0.6427000164985657
YGR270W,YGR027W-A,0,-5.406452,0.11178664863109589,0.8090000152587891,0.642799973487854
YER167W,YGR104C,0,-5.4064612,0.11177121102809906,0.8090000152587891,0.6428999900817871
YNR074C,YPR187W,0,-5.4068027,0.11175576597452164,0.8090000152587891,0.6430000066757202
YML074C,YPR158C-C,0,-5.4069543,0.11174032837152481,0.8090000152587891,0.6431000232696533
YMR312W,YKR055W,0,-5.406976,0.11172489821910858,0.8090000152587891,0.6431999802589417
YHR183W,YOR035C,0,-5.4069777,0.11170947551727295,0.8090000152587891,0.6432999968528748
YHR026W,YLR240W,0,-5.4070764,0.11169405281543732,0.8090000152587891,0.6434000134468079
YNR067C,YEL065W,0,-5.4070854,0.11167863011360168,0.8090000152587891,0.6434999704360962
YMR145C,YGL067W,0,-5.4071064,0.11166321486234665,0.8090000152587891,0.6435999870300293
YEL022W,YLR350W,0,-5.4072833,0.11164780706167221,0.8090000152587891,0.6437000036239624
YAL016W,YML131W,0,-5.407522,0.11163239926099777,0.8090000152587891,0.6438000202178955
YGL111W,YBR069C,0,-5.407545,0.11161699891090393,0.8090000152587891,0.6438999772071838
YNR049C,YDR485C,0,-5.407567,0.11160159856081009,0.8090000152587891,0.6439999938011169
YER061C,YNL250W,0,-5.40773,0.11158620566129684,0.8090000152587891,0.64410001039505
YGL219C,YBR192W,1,-5.4077306,0.11170873045921326,0.8100000023841858,0.64410001039505
YBR212W,YNL070W,1,-5.4079847,0.11183121800422668,0.8109999895095825,0.64410001039505
YER061C,YIL110W,0,-5.4082217,0.11181580275297165,0.8109999895095825,0.6442000269889832
YDR513W,YML019W,0,-5.4083133,0.11180038750171661,0.8109999895095825,0.6442999839782715
YDR384C,YJR057W,0,-5.4083242,0.11178497225046158,0.8109999895095825,0.6444000005722046
YGL238W,YGL106W,0,-5.4083266,0.11176957190036774,0.8109999895095825,0.6445000171661377
YJR158W,YBL035C,0,-5.408363,0.1117541715502739,0.8109999895095825,0.644599974155426
YLR234W,YOR187W,0,-5.4084067,0.11173877120018005,0.8109999895095825,0.6446999907493591
YOL040C,YGR024C,0,-5.4084287,0.11172337830066681,0.8109999895095825,0.6448000073432922
YLR369W,YLR092W,0,-5.408505,0.11170798540115356,0.8109999895095825,0.6449000239372253
YKR003W,YKR002W,0,-5.408551,0.11169260740280151,0.8109999895095825,0.6449999809265137
YOR217W,YDR065W,0,-5.408653,0.11167722195386887,0.8109999895095825,0.6450999975204468
YHR008C,YLR006C,0,-5.4087777,0.11166185140609741,0.8109999895095825,0.6452000141143799
YGL174W,YHR066W,0,-5.4089274,0.11164647340774536,0.8109999895095825,0.6452999711036682
YLR363C,YML073C,0,-5.4089417,0.1116311103105545,0.8109999895095825,0.6453999876976013
YJR105W,YDR004W,0,-5.4090605,0.11161574721336365,0.8109999895095825,0.6455000042915344
YIL159W,YMR006C,0,-5.4091563,0.11160038411617279,0.8109999895095825,0.6456000208854675
YOL164W,YLR135W,0,-5.4092135,0.11158502846956253,0.8109999895095825,0.6456999778747559
YJR091C,YDR004W,0,-5.40925,0.11156968027353287,0.8109999895095825,0.645799994468689
YNL036W,YDL019C,0,-5.4094024,0.1115543320775032,0.8109999895095825,0.6459000110626221
YMR301C,YER014C-A,0,-5.4094176,0.11153899133205414,0.8109999895095825,0.6460000276565552
YPL244C,YDR255C,0,-5.4095635,0.11152365058660507,0.8109999895095825,0.6460999846458435
YDL004W,YER019W,0,-5.4097056,0.1115083172917366,0.8109999895095825,0.6462000012397766
YBR021W,YKL144C,0,-5.409757,0.11149299144744873,0.8109999895095825,0.6463000178337097
YAL054C,YLL009C,0,-5.409761,0.11147766560316086,0.8109999895095825,0.646399974822998
YOR334W,YOR156C,0,-5.409826,0.11146233975887299,0.8109999895095825,0.6464999914169312
YML031W,YOR043W,0,-5.4098325,0.11144702136516571,0.8109999895095825,0.6466000080108643
YOR056C,YPR032W,0,-5.4098506,0.11143171042203903,0.8109999895095825,0.6467000246047974
YLR110C,YDL145C,0,-5.4099555,0.11141640692949295,0.8109999895095825,0.6467999815940857
YJL033W,YDR156W,0,-5.410067,0.11140109598636627,0.8109999895095825,0.6468999981880188
YMR078C,YBR129C,0,-5.410357,0.11138579994440079,0.8109999895095825,0.6470000147819519
YGR172C,YPL257W-B,0,-5.4106307,0.1113705039024353,0.8109999895095825,0.6470999717712402
YOR007C,YFR031C,0,-5.4106693,0.11135520786046982,0.8109999895095825,0.6471999883651733
YMR014W,YGR221C,0,-5.410719,0.11133992671966553,0.8109999895095825,0.6473000049591064
YGL241W,YHR081W,0,-5.4108806,0.11132463812828064,0.8109999895095825,0.6474000215530396
YHL011C,YLR292C,0,-5.410937,0.11130935698747635,0.8109999895095825,0.6474999785423279
YDL226C,YOR027W,0,-5.410972,0.11129408329725266,0.8109999895095825,0.647599995136261
YLR276C,YMR270C,0,-5.411095,0.11127881705760956,0.8109999895095825,0.6477000117301941
YMR139W,YPL057C,0,-5.411294,0.11126355081796646,0.8109999895095825,0.6478000283241272
YBR185C,YNL149C,1,-5.4113927,0.11138545721769333,0.8119999766349792,0.6478000283241272
YNL298W,YBR260C,0,-5.411548,0.11137018352746964,0.8119999766349792,0.6478999853134155
YDR297W,YBR006W,0,-5.4116344,0.11135490983724594,0.8119999766349792,0.6480000019073486
YOR178C,YOL034W,0,-5.411648,0.11133964359760284,0.8119999766349792,0.6481000185012817
YLR398C,YAR035W,0,-5.411732,0.11132437735795975,0.8119999766349792,0.6481999754905701
YNL031C,YMR095C,0,-5.41188,0.11130911856889725,0.8119999766349792,0.6482999920845032
YGR082W,YPL206C,0,-5.4120784,0.11129385977983475,0.8119999766349792,0.6484000086784363
YMR264W,YHR081W,0,-5.412082,0.11127860844135284,0.8119999766349792,0.6485000252723694
YJL090C,YAL059W,0,-5.4122586,0.11126335710287094,0.8119999766349792,0.6485999822616577
YOR355W,YDR176W,0,-5.412476,0.11124811321496964,0.8119999766349792,0.6486999988555908
YLR088W,YDL150W,0,-5.4126134,0.11123287677764893,0.8119999766349792,0.6488000154495239
YOR149C,YHR139C,0,-5.4126563,0.11121764034032822,0.8119999766349792,0.6488999724388123
YJL080C,YLR227W-A,0,-5.4126625,0.1112024113535881,0.8119999766349792,0.6489999890327454
YAL012W,YPL045W,0,-5.4127717,0.11118718236684799,0.8119999766349792,0.6491000056266785
YHR036W,YOR226C,0,-5.412782,0.11117196083068848,0.8119999766349792,0.6492000222206116
YLR368W,YGR181W,1,-5.412844,0.11129363626241684,0.8130000233650208,0.6492000222206116
YMR112C,YIL153W,0,-5.4130054,0.11127839982509613,0.8130000233650208,0.6492999792098999
YLR095C,YGL127C,0,-5.4130464,0.11126317083835602,0.8130000233650208,0.649399995803833
YLL035W,YLR362W,0,-5.413093,0.1112479493021965,0.8130000233650208,0.6495000123977661
YPL028W,YOR018W,0,-5.413129,0.11123272776603699,0.8130000233650208,0.6496000289916992
YLR068W,YDR356W,0,-5.4132166,0.11121751368045807,0.8130000233650208,0.6496999859809875
YGL238W,YHR060W,0,-5.4132442,0.11120229959487915,0.8130000233650208,0.6498000025749207
YKL079W,YNL154C,0,-5.4132876,0.11118709295988083,0.8130000233650208,0.6499000191688538
YBR091C,YDL006W,1,-5.413299,0.11130862683057785,0.8140000104904175,0.6499000191688538
YIL079C,YGL084C,0,-5.413375,0.11129341274499893,0.8140000104904175,0.6499999761581421
YNL227C,YDL002C,0,-5.413446,0.11127819865942001,0.8140000104904175,0.6500999927520752
YHR079C,YNL292W,0,-5.41345,0.1112629845738411,0.8140000104904175,0.6502000093460083
YIR010W,YLR240W,0,-5.4134903,0.11124777793884277,0.8140000104904175,0.6503000259399414
YEL050C,YOL103W-B,0,-5.413584,0.11123257875442505,0.8140000104904175,0.6503999829292297
YHL047C,YAL056W,0,-5.4136076,0.11121737957000732,0.8140000104904175,0.6504999995231628
YNL103W,YLR435W,0,-5.413636,0.1112021878361702,0.8140000104904175,0.650600016117096
YBL042C,YPL022W,0,-5.4137297,0.11118699610233307,0.8140000104904175,0.6506999731063843
YLR035C,YOR386W,0,-5.4137416,0.11117181181907654,0.8140000104904175,0.6507999897003174
YKL040C,YOL094C,0,-5.4137588,0.11115662753582001,0.8140000104904175,0.6509000062942505
YMR035W,YJL186W,0,-5.4138265,0.11114145070314407,0.8140000104904175,0.6510000228881836
YPL089C,YHR181W,0,-5.413877,0.11112628132104874,0.8140000104904175,0.6510999798774719
YLL018C-A,YJL074C,0,-5.4140925,0.1111111119389534,0.8140000104904175,0.651199996471405
YPL069C,YHR124W,0,-5.414226,0.11109595000743866,0.8140000104904175,0.6513000130653381
YOR232W,YMR308C,0,-5.4145837,0.11108078807592392,0.8140000104904175,0.6514000296592712
YGL001C,YOR351C,0,-5.4147544,0.11106562614440918,0.8140000104904175,0.6514999866485596
YGL219C,YHR120W,1,-5.414944,0.1111869066953659,0.8149999976158142,0.6514999866485596
YBR210W,YLR233C,0,-5.415008,0.11117173731327057,0.8149999976158142,0.6516000032424927
YBR233W-A,YBR066C,0,-5.415014,0.11115657538175583,0.8149999976158142,0.6517000198364258
YGL122C,YPR042C,0,-5.415152,0.11114141345024109,0.8149999976158142,0.6517999768257141
YLR335W,YKL075C,0,-5.4154186,0.11112625896930695,0.8149999976158142,0.6518999934196472
YJL092W,YIL017W,0,-5.4155426,0.1111111119389534,0.8149999976158142,0.6520000100135803
YJL125C,YPL138C,0,-5.415684,0.11109596490859985,0.8149999976158142,0.6521000266075134
YDL081C,YJR102C,0,-5.4158463,0.1110808253288269,0.8149999976158142,0.6521999835968018
YBL013W,YHR111W,0,-5.4158697,0.11106568574905396,0.8149999976158142,0.6523000001907349
YPL036W,YHR014W,0,-5.415898,0.1110505536198616,0.8149999976158142,0.652400016784668
YHR011W,YKR048C,0,-5.415952,0.11103542149066925,0.8149999976158142,0.6524999737739563
YPL050C,YOR103C,0,-5.4159684,0.1110202968120575,0.8149999976158142,0.6525999903678894
YFL011W,YMR164C,0,-5.4160447,0.11100517213344574,0.8149999976158142,0.6527000069618225
YCR028C-A,YGR144W,1,-5.41609,0.11112624406814575,0.8159999847412109,0.6527000069618225
YPR168W,YDR308C,0,-5.4161935,0.1111111119389534,0.8159999847412109,0.6528000235557556
YJL219W,YML115C,0,-5.416207,0.11109598726034164,0.8159999847412109,0.652899980545044
YPL248C,YAR033W,0,-5.4163976,0.11108086258172989,0.8159999847412109,0.652999997138977
YKR027W,YOL045W,0,-5.416435,0.11106573790311813,0.8159999847412109,0.6531000137329102
YDR098C,YMR140W,0,-5.41654,0.11105062812566757,0.8159999847412109,0.6531999707221985
YJR156C,YDL128W,0,-5.4167895,0.11103551834821701,0.8159999847412109,0.6532999873161316
YHR004C,YGR185C,0,-5.4167924,0.11102040857076645,0.8159999847412109,0.6534000039100647
YER106W,YOL109W,0,-5.41683,0.11100530624389648,0.8159999847412109,0.6535000205039978
YLR166C,YOR327C,0,-5.4168906,0.11099020391702652,0.8159999847412109,0.6535999774932861
YFL057C,YLL031C,0,-5.416902,0.11097510904073715,0.8159999847412109,0.6536999940872192
YDR435C,YCR062W,0,-5.417093,0.11096002161502838,0.8159999847412109,0.6538000106811523
YLR286C,YOR265W,0,-5.417276,0.11094493418931961,0.8159999847412109,0.6539000272750854
YNL021W,YPL092W,0,-5.4174695,0.11092985421419144,0.8159999847412109,0.6539999842643738
YHL047C,YOR079C,0,-5.4176173,0.11091477423906326,0.8159999847412109,0.6541000008583069
YBL099W,YDR312W,0,-5.417662,0.11089970171451569,0.8159999847412109,0.65420001745224
YDR052C,YJL133W,0,-5.417797,0.11088462918996811,0.8159999847412109,0.6542999744415283
YDR219C,YPR024W,1,-5.417855,0.11100543290376663,0.8169999718666077,0.6542999744415283
YNL164C,YNL210W,0,-5.4178586,0.11099035292863846,0.8169999718666077,0.6543999910354614
YDL166C,YKL045W,0,-5.418114,0.11097528040409088,0.8169999718666077,0.6545000076293945
YLR405W,YPL055C,0,-5.4181366,0.1109602078795433,0.8169999718666077,0.6546000242233276
YDL115C,YGR054W,0,-5.4182096,0.11094513535499573,0.8169999718666077,0.654699981212616
YER114C,YLR429W,0,-5.418229,0.11093007773160934,0.8169999718666077,0.6547999978065491
YGR158C,YGR161C-D,0,-5.418381,0.11091501265764236,0.8169999718666077,0.6549000144004822
YNL148C,YER183C,0,-5.4184704,0.11089996248483658,0.8169999718666077,0.6549999713897705
YPL028W,YIL153W,0,-5.418581,0.1108849048614502,0.8169999718666077,0.6550999879837036
YNL314W,YFL059W,0,-5.418714,0.110869862139225,0.8169999718666077,0.6552000045776367
YOR274W,YCR053W,0,-5.4187617,0.11085481941699982,0.8169999718666077,0.6553000211715698
YDR219C,YCL044C,1,-5.419044,0.11097544431686401,0.8180000185966492,0.6553000211715698
YPR068C,YPR158C-C,0,-5.419249,0.11096039414405823,0.8180000185966492,0.6553999781608582
YMR186W,YOL064C,0,-5.419349,0.11094534397125244,0.8180000185966492,0.6554999947547913
YMR042W,YDL194W,0,-5.419374,0.11093029379844666,0.8180000185966492,0.6556000113487244
YDR377W,YPL160W,0,-5.4195647,0.11091525107622147,0.8180000185966492,0.6557000279426575
YJL093C,YFL002W-B,0,-5.419589,0.11090021580457687,0.8180000185966492,0.6557999849319458
YPR104C,YIR021W,0,-5.419765,0.11088518053293228,0.8180000185966492,0.6559000015258789
YAL058W,YIL110W,0,-5.419865,0.11087015271186829,0.8180000185966492,0.656000018119812
YOR094W,YMR046C,0,-5.419948,0.11085513234138489,0.8180000185966492,0.6560999751091003
YDL111C,YDR180W,0,-5.420018,0.11084011197090149,0.8180000185966492,0.6561999917030334
YER070W,YMR016C,0,-5.4200225,0.11082509160041809,0.8180000185966492,0.6563000082969666
YAL033W,YJL143W,0,-5.4200373,0.11081007868051529,0.8180000185966492,0.6564000248908997
YKL197C,YDR146C,0,-5.4200826,0.11079507321119308,0.8180000185966492,0.656499981880188
YER015W,YIR017C,0,-5.420096,0.11078006774187088,0.8180000185966492,0.6565999984741211
YKR062W,YML076C,0,-5.420252,0.11076506227254868,0.8180000185966492,0.6567000150680542
YOR133W,YKL043W,0,-5.4202685,0.11075006425380707,0.8180000185966492,0.6567999720573425
YLR074C,YBR106W,0,-5.4204273,0.11073507368564606,0.8180000185966492,0.6568999886512756
YDL046W,YNL283C,0,-5.420775,0.11072008311748505,0.8180000185966492,0.6570000052452087
YLR080W,YOR160W,0,-5.420896,0.11070509999990463,0.8180000185966492,0.6571000218391418
YOL139C,YJL176C,0,-5.4210258,0.11069012433290482,0.8180000185966492,0.6571999788284302
YLR147C,YKL056C,0,-5.421142,0.110675148665905,0.8180000185966492,0.6572999954223633
YPL119C,YNL313C,0,-5.4213004,0.11066017299890518,0.8180000185966492,0.6574000120162964
YKL143W,YMR106C,0,-5.421312,0.11064520478248596,0.8180000185966492,0.6575000286102295
YLR272C,YDR316W-B,0,-5.4213686,0.11063024401664734,0.8180000185966492,0.6575999855995178
YKR083C,YOL158C,0,-5.4213843,0.11061528325080872,0.8180000185966492,0.6577000021934509
YKL176C,YLR427W,0,-5.4213934,0.11060032248497009,0.8180000185966492,0.657800018787384
YML086C,YMR042W,0,-5.4214387,0.11058536916971207,0.8180000185966492,0.6578999757766724
YPL125W,YML027W,0,-5.4214406,0.11057042330503464,0.8180000185966492,0.6579999923706055
YNL331C,YMR292W,0,-5.421457,0.11055547744035721,0.8180000185966492,0.6581000089645386
YKL135C,YKL110C,0,-5.4215293,0.11054053902626038,0.8180000185966492,0.6582000255584717
YPL110C,YOL101C,0,-5.421755,0.11052560806274414,0.8180000185966492,0.65829998254776
YJL146W,YNL006W,0,-5.4218316,0.11051066964864731,0.8180000185966492,0.6583999991416931
YMR173W,YGR147C,0,-5.4218936,0.11049574613571167,0.8180000185966492,0.6585000157356262
YDR440W,YGL046W,0,-5.421929,0.11048082262277603,0.8180000185966492,0.6585999727249146
YJR140C,YHR069C,0,-5.421986,0.1104658991098404,0.8180000185966492,0.6586999893188477
YMR056C,YNL020C,0,-5.421989,0.11045098304748535,0.8180000185966492,0.6588000059127808
YBL005W,YGR251W,0,-5.4223285,0.11043607443571091,0.8180000185966492,0.6589000225067139
YLR008C,YOR297C,0,-5.42241,0.11042116582393646,0.8180000185966492,0.6589999794960022
YDR110W,YLR222C,0,-5.4224515,0.11040626466274261,0.8180000185966492,0.6590999960899353
YPR051W,YDR477W,0,-5.4224687,0.11039136350154877,0.8180000185966492,0.6592000126838684
YKL011C,YPR182W,0,-5.422666,0.11037646979093552,0.8180000185966492,0.6593000292778015
YBL084C,YNL038W,0,-5.422679,0.11036157608032227,0.8180000185966492,0.6593999862670898
YNL008C,YMR214W,0,-5.4227343,0.11034668982028961,0.8180000185966492,0.659500002861023
YJL026W,YFL058W,0,-5.422796,0.11033180356025696,0.8180000185966492,0.659600019454956
YER044C-A,YMR165C,0,-5.422955,0.1103169247508049,0.8180000185966492,0.6596999764442444
YOR185C,YFL008W,0,-5.4229627,0.11030204594135284,0.8180000185966492,0.6597999930381775
YDL130W,YOL004W,0,-5.4230404,0.11028717458248138,0.8180000185966492,0.6599000096321106
YBR278W,YPL258C,0,-5.423265,0.11027231067419052,0.8180000185966492,0.6600000262260437
YOR127W,YCL033C,0,-5.423416,0.11025744676589966,0.8180000185966492,0.660099983215332
YDL051W,YHR021C,0,-5.423448,0.11024259030818939,0.8180000185966492,0.6601999998092651
YER068W,YBR267W,0,-5.4234867,0.11022773385047913,0.8180000185966492,0.6603000164031982
YOL009C,YHR194W,1,-5.423841,0.11034761369228363,0.8190000057220459,0.6603000164031982
YHR094C,YOR362C,0,-5.42394,0.11033274978399277,0.8190000057220459,0.6603999733924866
YPL255W,YNR015W,0,-5.423994,0.1103178858757019,0.8190000057220459,0.6604999899864197
YNL059C,YAL030W,0,-5.424177,0.11030302941799164,0.8190000057220459,0.6606000065803528
YMR224C,YHR016C,0,-5.424304,0.11028817296028137,0.8190000057220459,0.6607000231742859
YDR516C,YLR033W,0,-5.42461,0.1102733239531517,0.8190000057220459,0.6607999801635742
YGR046W,YDL064W,0,-5.424668,0.11025848239660263,0.8190000057220459,0.6608999967575073
YAL059W,YLL035W,0,-5.424669,0.11024364084005356,0.8190000057220459,0.6610000133514404
YLR309C,YMR006C,0,-5.4246736,0.11022879928350449,0.8190000057220459,0.6610999703407288
YAL038W,YPL060C-A,0,-5.4247704,0.11021396517753601,0.8190000057220459,0.6611999869346619
YJR040W,YLR192C,0,-5.424827,0.11019913852214813,0.8190000057220459,0.661300003528595
YLR355C,YHR031C,1,-5.424839,0.11031884700059891,0.8199999928474426,0.661300003528595
YNL036W,YCR033W,0,-5.425113,0.11030400544404984,0.8199999928474426,0.6614000201225281
YOR274W,YHR079C-B,0,-5.4254146,0.11028917133808136,0.8199999928474426,0.6614999771118164
YCR060W,YDR429C,0,-5.425591,0.11027434468269348,0.8199999928474426,0.6615999937057495
YHR171W,YHR164C,0,-5.4258065,0.110259510576725,0.8199999928474426,0.6617000102996826
YIL051C,YNL066W,1,-5.425857,0.11037913709878922,0.8209999799728394,0.6617000102996826
YHR036W,YOL055C,0,-5.4259477,0.11036429554224014,0.8209999799728394,0.6618000268936157
YKR099W,YDR316W-A,0,-5.4259996,0.11034946143627167,0.8209999799728394,0.661899983882904
YDL154W,YIL160C,0,-5.426069,0.11033463478088379,0.8209999799728394,0.6620000004768372
YKL048C,YOL142W,0,-5.426338,0.11031980812549591,0.8209999799728394,0.6621000170707703
YLR155C,YML128C,0,-5.4263496,0.11030498147010803,0.8209999799728394,0.6621999740600586
YDR386W,YBR030W,0,-5.426359,0.11029016971588135,0.8209999799728394,0.6622999906539917
YDR039C,YGR119C,0,-5.426513,0.11027535051107407,0.8209999799728394,0.6624000072479248
YIL118W,YIL147C,0,-5.426738,0.11026054620742798,0.8209999799728394,0.6625000238418579
YGL090W,YNL251C,0,-5.427013,0.1102457344532013,0.8209999799728394,0.6625999808311462
YEL018W,YOL144W,0,-5.427091,0.1102309376001358,0.8209999799728394,0.6626999974250793
YBR086C,YGR091W,0,-5.4271226,0.11021613329648972,0.8209999799728394,0.6628000140190125
YOR257W,YJL093C,0,-5.4273696,0.11020134389400482,0.8209999799728394,0.6628999710083008
YLR452C,YGR128C,0,-5.427387,0.11018655449151993,0.8209999799728394,0.6629999876022339
YAL044C,YLR277C,0,-5.4273896,0.11017176508903503,0.8209999799728394,0.663100004196167
YBR278W,YKR002W,0,-5.42759,0.11015698313713074,0.8209999799728394,0.6632000207901001
YGR288W,YDL147W,0,-5.4278197,0.11014220863580704,0.8209999799728394,0.6632999777793884
YCL032W,YNL313C,0,-5.427831,0.11012743413448334,0.8209999799728394,0.6633999943733215
YDR411C,YLL041C,0,-5.4279895,0.11011265963315964,0.8209999799728394,0.6635000109672546
YJL203W,YDR453C,0,-5.4282136,0.11009789258241653,0.8209999799728394,0.6636000275611877
YGL173C,YDR472W,0,-5.4283333,0.11008313298225403,0.8209999799728394,0.6636999845504761
YMR276W,YEL042W,0,-5.428753,0.11006837338209152,0.8209999799728394,0.6638000011444092
YOL076W,YMR302C,1,-5.4287696,0.11018766462802887,0.8220000267028809,0.6638000011444092
YMR162C,YJR055W,0,-5.4288383,0.11017289757728577,0.8220000267028809,0.6639000177383423
YDR463W,YDL077C,0,-5.4289126,0.11015813797712326,0.8220000267028809,0.6639999747276306
YDL197C,YPL210C,0,-5.4289494,0.11014337092638016,0.8220000267028809,0.6640999913215637
YPR200C,YOL077W-A,0,-5.429037,0.11012861877679825,0.8220000267028809,0.6642000079154968
YER172C,YLR133W,0,-5.4294,0.11011386662721634,0.8220000267028809,0.6643000245094299
YLR396C,YLR249W,0,-5.4294257,0.11009911447763443,0.8220000267028809,0.6643999814987183
YMR025W,YNL046W,0,-5.4296947,0.11008436977863312,0.8220000267028809,0.6644999980926514
YBR207W,YNL222W,0,-5.4297304,0.1100696325302124,0.8220000267028809,0.6646000146865845
YDL100C,YIL147C,0,-5.429752,0.11005489528179169,0.8220000267028809,0.6646999716758728
YDL055C,YGL095C,0,-5.429791,0.11004015803337097,0.8220000267028809,0.6647999882698059
YPL006W,YNL329C,0,-5.429928,0.11002542823553085,0.8220000267028809,0.664900004863739
YNL015W,YJL141C,0,-5.429928,0.11001070588827133,0.8220000267028809,0.6650000214576721
YBR254C,YPR158W-A,0,-5.4300723,0.10999598354101181,0.8220000267028809,0.6650999784469604
YLR127C,YPR037C,0,-5.4301386,0.10998126864433289,0.8220000267028809,0.6651999950408936
YLL013C,YGR144W,1,-5.4303527,0.11010033637285233,0.8230000138282776,0.6651999950408936
YIL026C,YJL210W,0,-5.4303613,0.11008560657501221,0.8230000138282776,0.6653000116348267
YGL246C,YKL117W,0,-5.430369,0.11007088422775269,0.8230000138282776,0.6654000282287598
YOR301W,YDL130W-A,0,-5.4304957,0.11005616188049316,0.8230000138282776,0.6654999852180481
YBR059C,YEL060C,0,-5.4306526,0.11004144698381424,0.8230000138282776,0.6656000018119812
YNL298W,YPR016C,0,-5.4307604,0.11002673953771591,0.8230000138282776,0.6657000184059143
YLR085C,YML041C,0,-5.430781,0.11001203209161758,0.8230000138282776,0.6657999753952026
YMR058W,YKR031C,0,-5.4309673,0.10999732464551926,0.8230000138282776,0.6658999919891357
YMR263W,YIL029C,0,-5.4309754,0.10998262465000153,0.8230000138282776,0.6660000085830688
YPR006C,YLR321C,0,-5.431056,0.10996793210506439,0.8230000138282776,0.666100025177002
YIL119C,YPR056W,0,-5.4311857,0.10995323956012726,0.8230000138282776,0.6661999821662903
YDR060W,YML019W,0,-5.4312716,0.10993855446577072,0.8230000138282776,0.6662999987602234
YJL014W,YDR300C,0,-5.4312806,0.10992386937141418,0.8230000138282776,0.6664000153541565
YLR350W,YOR088W,0,-5.4314485,0.10990919172763824,0.8230000138282776,0.6664999723434448
YPL021W,YBR030W,0,-5.4315033,0.1098945140838623,0.8230000138282776,0.6665999889373779
YML104C,YCR020C,1,-5.431569,0.11001335084438324,0.8240000009536743,0.6665999889373779
YDL006W,YDR470C,1,-5.431604,0.11013215780258179,0.824999988079071,0.6665999889373779
YGR010W,YPL036W,0,-5.431767,0.11011745780706406,0.824999988079071,0.666700005531311
YJR059W,YFR003C,0,-5.4318485,0.11010276526212692,0.824999988079071,0.6668000221252441
YNL225C,YOR272W,0,-5.431903,0.11008807271718979,0.824999988079071,0.6668999791145325
YNL135C,YDL111C,0,-5.4320407,0.11007338017225266,0.824999988079071,0.6669999957084656
YDR167W,YOR172W,0,-5.4321856,0.11005869507789612,0.824999988079071,0.6671000123023987
YOR011W,YGL211W,0,-5.4323235,0.11004401743412018,0.824999988079071,0.6672000288963318
YDR317W,YOR054C,0,-5.43242,0.11002933979034424,0.824999988079071,0.6672999858856201
YBR234C,YBR091C,1,-5.4324307,0.11014802008867264,0.8259999752044678,0.6672999858856201
YGL045W,YLR316C,0,-5.432606,0.1101333349943161,0.8259999752044678,0.6674000024795532
YJR118C,YLL013C,1,-5.4327607,0.11025196313858032,0.8270000219345093,0.6674000024795532
YPL055C,YJL179W,0,-5.432856,0.11023727059364319,0.8270000219345093,0.6675000190734863
YGR089W,YOR208W,0,-5.4329295,0.11022257804870605,0.8270000219345093,0.6675999760627747
YFR053C,YDR057W,0,-5.4330006,0.11020788550376892,0.8270000219345093,0.6676999926567078
YIR013C,YBR015C,0,-5.4331775,0.11019320785999298,0.8270000219345093,0.6678000092506409
YNL029C,YDR213W,0,-5.4333434,0.11017852276563644,0.8270000219345093,0.667900025844574
YKR081C,YMR046C,0,-5.433398,0.1101638451218605,0.8270000219345093,0.6679999828338623
YOR381W,YNL131W,0,-5.4334445,0.11014917492866516,0.8270000219345093,0.6680999994277954
YGL183C,YIL095W,0,-5.4337745,0.11013450473546982,0.8270000219345093,0.6682000160217285
YJL021C,YDR071C,0,-5.433784,0.11011984199285507,0.8270000219345093,0.6682999730110168
YLR368W,YNL304W,1,-5.433792,0.11023831367492676,0.828000009059906,0.6682999730110168
YBR006W,YGR109W-B,0,-5.4340167,0.11022364348173141,0.828000009059906,0.66839998960495
YOR030W,YER149C,0,-5.43436,0.11020897328853607,0.828000009059906,0.6685000061988831
YLR381W,YER038C,0,-5.434379,0.11019430309534073,0.828000009059906,0.6686000227928162
YNL149C,YGR144W,1,-5.4343834,0.11031270772218704,0.8289999961853027,0.6686000227928162
YMR232W,YML043C,0,-5.4343834,0.1102980300784111,0.8289999961853027,0.6686999797821045
YMR184W,YML126C,0,-5.4348135,0.11028335988521576,0.8289999961853027,0.6687999963760376
YDR062W,YPL089C,0,-5.4350567,0.11026868969202042,0.8289999961853027,0.6689000129699707
YBR085W,YDR365W-B,0,-5.4350886,0.11025401949882507,0.8289999961853027,0.6690000295639038
YDR256C,YNL245C,0,-5.435101,0.11023936420679092,0.8289999961853027,0.6690999865531921
YPL021W,YPL093W,0,-5.435107,0.11022470146417618,0.8289999961853027,0.6692000031471252
YLR347C,YOR172W,0,-5.435191,0.11021005362272263,0.8289999961853027,0.6693000197410583
YGR204W,YPL033C,0,-5.435336,0.11019539833068848,0.8289999961853027,0.6693999767303467
YDR364C,YER120W,0,-5.435387,0.11018075793981552,0.8289999961853027,0.6694999933242798
YLR304C,YOR037W,1,-5.4358525,0.1102990061044693,0.8299999833106995,0.6694999933242798
YNL062C,YDL076C,0,-5.435888,0.11028435081243515,0.8299999833106995,0.6696000099182129
YOR054C,YHR039C-B,0,-5.436111,0.110269695520401,0.8299999833106995,0.669700026512146
YLR190W,YBR212W,1,-5.436215,0.11038788408041,0.8309999704360962,0.669700026512146
YML104C,YIL051C,1,-5.436398,0.11050604283809662,0.8320000171661377,0.669700026512146
YDR437W,YJL192C,0,-5.436513,0.11049136519432068,0.8320000171661377,0.6697999835014343
YFL010W-A,YBL035C,0,-5.4365463,0.11047669500112534,0.8320000171661377,0.6699000000953674
YLR144C,YJL026W,0,-5.4365664,0.11046203225851059,0.8320000171661377,0.6700000166893005
YEL019C,YLR455W,0,-5.4366,0.11044736206531525,0.8320000171661377,0.6700999736785889
YHR068W,YFR002W,0,-5.436608,0.1104327067732811,0.8320000171661377,0.670199990272522
YCR092C,YGL098W,0,-5.4366097,0.11041805148124695,0.8320000171661377,0.6703000068664551
YDR200C,YER041W,0,-5.436642,0.1104033961892128,0.8320000171661377,0.6704000234603882
YDR384C,YLR103C,0,-5.4366508,0.11038874834775925,0.8320000171661377,0.6704999804496765
YPL086C,YBL005W-A,0,-5.436914,0.11037410795688629,0.8320000171661377,0.6705999970436096
YOR341W,YPL029W,0,-5.436953,0.11035946756601334,0.8320000171661377,0.6707000136375427
YBR020W,YKL019W,0,-5.437205,0.11034482717514038,0.8320000171661377,0.670799970626831
YLR288C,YHR139C,0,-5.4372187,0.11033019423484802,0.8320000171661377,0.6708999872207642
YJL192C,YDR210W-B,0,-5.437241,0.11031556874513626,0.8320000171661377,0.6710000038146973
YDR218C,YML064C,0,-5.4373164,0.1103009432554245,0.8320000171661377,0.6711000204086304
YNL232W,YDL174C,0,-5.437367,0.11028631776571274,0.8320000171661377,0.6711999773979187
YPR007C,YGR211W,0,-5.4378414,0.11027169972658157,0.8320000171661377,0.6712999939918518
YOR231W,YBR169C,0,-5.437952,0.110257089138031,0.8320000171661377,0.6714000105857849
YKL176C,YBR296C,0,-5.438034,0.11024247854948044,0.8320000171661377,0.671500027179718
YNL250W,YPR016C,0,-5.438067,0.11022787541151047,0.8320000171661377,0.6715999841690063
YGL020C,YGR144W,1,-5.4382243,0.1103457435965538,0.8330000042915344,0.6715999841690063
YDL039C,YPR137C-A,0,-5.438268,0.11033112555742264,0.8330000042915344,0.6717000007629395
YGR014W,YDR190C,0,-5.438291,0.11031651496887207,0.8330000042915344,0.6718000173568726
YOR034C,YLR195C,0,-5.4382973,0.1103019043803215,0.8330000042915344,0.6718999743461609
YOL051W,YJR029W,0,-5.4383235,0.11028730124235153,0.8330000042915344,0.671999990940094
YDR256C,YDR527W,0,-5.438473,0.11027270555496216,0.8330000042915344,0.6721000075340271
YPL178W,YDL109C,0,-5.4387393,0.11025810986757278,0.8330000042915344,0.6722000241279602
YMR177W,YGR279C,0,-5.4391127,0.11024351418018341,0.8330000042915344,0.6722999811172485
YDR335W,YMR263W,0,-5.4391956,0.11022892594337463,0.8330000042915344,0.6723999977111816
YGR147C,YBR012W-A,0,-5.4392943,0.11021434515714645,0.8330000042915344,0.6725000143051147
YDR490C,YLR045C,0,-5.43938,0.11019976437091827,0.8330000042915344,0.6725999712944031
YGL244W,YGR027W-A,0,-5.4393916,0.1101851835846901,0.8330000042915344,0.6726999878883362
YJL104W,YDR316W-A,0,-5.4395013,0.11017061024904251,0.8330000042915344,0.6728000044822693
YGR152C,YER041W,0,-5.4396653,0.11015604436397552,0.8330000042915344,0.6729000210762024
YDR440W,YGR109W-B,0,-5.43981,0.11014147847890854,0.8330000042915344,0.6729999780654907
YNR058W,YGR143W,0,-5.4399385,0.11012692004442215,0.8330000042915344,0.6730999946594238
YER053C,YPL085W,0,-5.440023,0.11011236160993576,0.8330000042915344,0.6732000112533569
YDL102W,YKR001C,0,-5.4400735,0.11009780317544937,0.8330000042915344,0.67330002784729
YML058W-A,YER051W,0,-5.440391,0.11008325964212418,0.8330000042915344,0.6733999848365784
YGR006W,YKR056W,0,-5.4405546,0.11006870865821838,0.8330000042915344,0.6735000014305115
YKL114C,YOL123W,0,-5.440558,0.11005416512489319,0.8330000042915344,0.6736000180244446
YPL076W,YOR153W,0,-5.4405713,0.11003962904214859,0.8330000042915344,0.6736999750137329
YFL011W,YOR160W,0,-5.440601,0.11002509295940399,0.8330000042915344,0.673799991607666
YGR030C,YLR059C,0,-5.440622,0.11001056432723999,0.8330000042915344,0.6739000082015991
YPL049C,YDR083W,0,-5.4406724,0.10999603569507599,0.8330000042915344,0.6740000247955322
YNL280C,YMR069W,0,-5.4408207,0.10998151451349258,0.8330000042915344,0.6740999817848206
YGR060W,YDR205W,0,-5.440831,0.10996699333190918,0.8330000042915344,0.6741999983787537
YHR108W,YDR160W,0,-5.4408593,0.10995247960090637,0.8330000042915344,0.6743000149726868
YJR108W,YDL044C,0,-5.4409246,0.10993797332048416,0.8330000042915344,0.6743999719619751
YML132W,YNR017W,0,-5.440937,0.10992345958948135,0.8330000042915344,0.6744999885559082
YFL059W,YDL128W,0,-5.440988,0.10990896075963974,0.8330000042915344,0.6746000051498413
YIL062C,YLL013C,1,-5.4409895,0.11002638190984726,0.8339999914169312,0.6746000051498413
YBR135W,YDR097C,0,-5.440999,0.11001186817884445,0.8339999914169312,0.6747000217437744
YDR158W,YMR088C,0,-5.44114,0.10999736189842224,0.8339999914169312,0.6747999787330627
YCL012W,YAL025C,0,-5.4411893,0.10998285561800003,0.8339999914169312,0.6748999953269958
YBR145W,YBR211C,0,-5.4412055,0.10996835678815842,0.8339999914169312,0.675000011920929
YDR273W,YOR368W,0,-5.441252,0.1099538579583168,0.8339999914169312,0.6751000285148621
YDL101C,YEL009C,0,-5.441303,0.10993935912847519,0.8339999914169312,0.6751999855041504
YHL027W,YBR182C,0,-5.4413486,0.10992487519979477,0.8339999914169312,0.6753000020980835
YNR044W,YKL082C,0,-5.4416466,0.10991038382053375,0.8339999914169312,0.6754000186920166
YER106W,YGR128C,0,-5.4416566,0.10989589989185333,0.8339999914169312,0.6754999756813049
YGL216W,YBR043C,0,-5.441802,0.10988142341375351,0.8339999914169312,0.675599992275238
YDL161W,YGL033W,0,-5.4418273,0.10986694693565369,0.8339999914169312,0.6757000088691711
YKL055C,YIL021W,0,-5.442263,0.10985247790813446,0.8339999914169312,0.6758000254631042
YKR027W,YGR249W,0,-5.442294,0.10983800888061523,0.8339999914169312,0.6758999824523926
YNL006W,YNL243W,0,-5.4423566,0.1098235473036766,0.8339999914169312,0.6759999990463257
YPL146C,YAL001C,0,-5.4423866,0.10980908572673798,0.8339999914169312,0.6761000156402588
YER146W,YOR142W-B,0,-5.4424815,0.10979463160037994,0.8339999914169312,0.6761999726295471
YNL210W,YOR217W,0,-5.4424953,0.10978017747402191,0.8339999914169312,0.6762999892234802
YDL100C,YHR178W,0,-5.4425178,0.10976573079824448,0.8339999914169312,0.6764000058174133
YEL036C,YDR023W,0,-5.4428606,0.10975128412246704,0.8339999914169312,0.6765000224113464
YGR109W-B,YLR227W-B,0,-5.4429955,0.1097368448972702,0.8339999914169312,0.6765999794006348
YBR274W,YJL080C,0,-5.4429965,0.10972240567207336,0.8339999914169312,0.6766999959945679
YMR163C,YLL011W,0,-5.443027,0.10970797389745712,0.8339999914169312,0.676800012588501
YGR278W,YMR225C,0,-5.4430823,0.10969354212284088,0.8339999914169312,0.6769000291824341
YOR002W,YJL106W,0,-5.4431453,0.10967911779880524,0.8339999914169312,0.6769999861717224
YMR058W,YPL083C,0,-5.4431767,0.10966469347476959,0.8339999914169312,0.6771000027656555
YLR056W,YDR034C-C,0,-5.443304,0.10965027660131454,0.8339999914169312,0.6772000193595886
YGL028C,YJL129C,0,-5.4433985,0.1096358597278595,0.8339999914169312,0.677299976348877
YPR083W,YDL217C,1,-5.44358,0.10975289344787598,0.8349999785423279,0.677299976348877
YJR118C,YLR368W,1,-5.443827,0.10986988991498947,0.8360000252723694,0.677299976348877
YBR156C,YDR034C-C,0,-5.4438515,0.10985545068979263,0.8360000252723694,0.6773999929428101
YPL076W,YHR139C,0,-5.443883,0.10984101891517639,0.8360000252723694,0.6775000095367432
YMR119W,YBL014C,0,-5.4442315,0.10982658714056015,0.8360000252723694,0.6776000261306763
YHR056C,YLL011W,0,-5.4443603,0.1098121628165245,0.8360000252723694,0.6776999831199646
YNL103W,YMR229C,0,-5.4446187,0.10979773849248886,0.8360000252723694,0.6777999997138977
YLR115W,YGR006W,0,-5.44488,0.10978332161903381,0.8360000252723694,0.6779000163078308
YPL255W,YDR030C,0,-5.4449472,0.10976890474557877,0.8360000252723694,0.6779999732971191
YJR090C,YBR279W,0,-5.445009,0.10975449532270432,0.8360000252723694,0.6780999898910522
YLR309C,YNL091W,0,-5.4451556,0.10974008589982986,0.8360000252723694,0.6782000064849854
YPL270W,YLR254C,0,-5.4451733,0.10972568392753601,0.8360000252723694,0.6783000230789185
YFR033C,YDR280W,0,-5.445185,0.10971128940582275,0.8360000252723694,0.6783999800682068
YDR356W,YDR086C,0,-5.445228,0.1096968874335289,0.8360000252723694,0.6784999966621399
YDL060W,YBR012W-A,0,-5.4452734,0.10968250036239624,0.8360000252723694,0.678600013256073
YKL185W,YNL262W,0,-5.4453645,0.10966811329126358,0.8360000252723694,0.6786999702453613
YFL016C,YPL057C,0,-5.4453773,0.10965372622013092,0.8360000252723694,0.6787999868392944
YER061C,YLL050C,0,-5.4454226,0.10963934659957886,0.8360000252723694,0.6789000034332275
YML031W,YML043C,0,-5.445452,0.1096249669790268,0.8360000252723694,0.6790000200271606
YKL053C-A,YJL112W,1,-5.445454,0.1097417101264,0.8370000123977661,0.6790000200271606
YML012W,YHR062C,0,-5.4455323,0.10972732305526733,0.8370000123977661,0.679099977016449
YLR429W,YJR002W,0,-5.4460063,0.10971293598413467,0.8370000123977661,0.6791999936103821
YOR178C,YDR098C-B,0,-5.4461656,0.10969855636358261,0.8370000123977661,0.6793000102043152
YDR489W,YNR039C,0,-5.4462247,0.10968418419361115,0.8370000123977661,0.6794000267982483
YOR351C,YOR344C,0,-5.446422,0.10966981202363968,0.8370000123977661,0.6794999837875366
YCL004W,YPL065W,0,-5.446529,0.10965543985366821,0.8370000123977661,0.6796000003814697
YGL222C,YLR005W,0,-5.446634,0.10964108258485794,0.8370000123977661,0.6797000169754028
YHR174W,YIL007C,0,-5.4466796,0.10962671786546707,0.8370000123977661,0.6797999739646912
YIL103W,YOL045W,0,-5.446713,0.1096123605966568,0.8370000123977661,0.6798999905586243
YPL194W,YOL043C,0,-5.4468265,0.10959801077842712,0.8370000123977661,0.6800000071525574
YMR139W,YBR214W,0,-5.4468336,0.10958366096019745,0.8370000123977661,0.6801000237464905
YOR180C,YIL072W,0,-5.44693,0.10956931859254837,0.8370000123977661,0.6801999807357788
YOR037W,YGL055W,1,-5.4469433,0.10968586057424545,0.8379999995231628,0.6801999807357788
YDR021W,YJR006W,0,-5.4469953,0.10967151075601578,0.8379999995231628,0.6802999973297119
YJR002W,YPL019C,0,-5.44712,0.1096571609377861,0.8379999995231628,0.680400013923645
YNL065W,YBR290W,0,-5.4471884,0.10964281111955643,0.8379999995231628,0.6804999709129333
YBR132C,YDL207W,0,-5.44719,0.10962846875190735,0.8379999995231628,0.6805999875068665
YIL106W,YMR183C,0,-5.447262,0.10961412638425827,0.8379999995231628,0.6807000041007996
YDR194C,YML021C,0,-5.447293,0.10959979146718979,0.8379999995231628,0.6808000206947327
YGR227W,YIR018W,0,-5.447294,0.10958545655012131,0.8379999995231628,0.680899977684021
YJR017C,YOR145C,0,-5.447462,0.10957112908363342,0.8379999995231628,0.6809999942779541
YGR038W,YJR029W,0,-5.447512,0.10955680161714554,0.8379999995231628,0.6811000108718872
YPL115C,YGR042W,0,-5.447658,0.10954248160123825,0.8379999995231628,0.6812000274658203
YFL041W,YNR015W,0,-5.4478245,0.10952816903591156,0.8379999995231628,0.6812999844551086
YHR031C,YNL079C,1,-5.447873,0.10964453965425491,0.8389999866485596,0.6812999844551086
YOR026W,YBR233W-A,0,-5.4481564,0.10963021218776703,0.8389999866485596,0.6814000010490417
YDL209C,YGR095C,0,-5.448239,0.10961588472127914,0.8389999866485596,0.6815000176429749
YER056C,YDL200C,0,-5.4483767,0.10960156470537186,0.8389999866485596,0.6815999746322632
YKR019C,YGR005C,0,-5.4483976,0.10958725214004517,0.8389999866485596,0.6816999912261963
YJR070C,YHR098C,0,-5.4486756,0.10957293957471848,0.8389999866485596,0.6818000078201294
YNL210W,YPL163C,0,-5.4487224,0.10955863445997238,0.8389999866485596,0.6819000244140625
YJR112W,YDL007W,0,-5.4492006,0.10954432934522629,0.8389999866485596,0.6819999814033508
YLR026C,YGR109W-A,0,-5.44937,0.1095300242304802,0.8389999866485596,0.6820999979972839
YML113W,YGR014W,0,-5.449758,0.1095157265663147,0.8389999866485596,0.682200014591217
YBR086C,YKL205W,0,-5.449779,0.1095014363527298,0.8389999866485596,0.6822999715805054
YDL022W,YGL249W,0,-5.449797,0.1094871461391449,0.8389999866485596,0.6823999881744385
YGR264C,YDR450W,0,-5.4498086,0.1094728633761406,0.8389999866485596,0.6825000047683716
YBR274W,YJL184W,0,-5.4498525,0.10945858061313629,0.8389999866485596,0.6826000213623047
YDR258C,YNL149C,1,-5.449977,0.10957474261522293,0.8399999737739563,0.6826000213623047
YOR026W,YER015W,0,-5.4501524,0.10956045240163803,0.8399999737739563,0.682699978351593
YHL040C,YNL246W,0,-5.450186,0.10954616218805313,0.8399999737739563,0.6827999949455261
YJR064W,YGR161W-B,0,-5.4502616,0.10953187942504883,0.8399999737739563,0.6829000115394592
YML113W,YDR378C,0,-5.4504766,0.10951760411262512,0.8399999737739563,0.6830000281333923
YOL039W,YHR111W,0,-5.450564,0.10950332134962082,0.8399999737739563,0.6830999851226807
YPR134W,YIL022W,0,-5.4507165,0.10948905348777771,0.8399999737739563,0.6832000017166138
YDR280W,YLR466W,0,-5.450756,0.109474778175354,0.8399999737739563,0.6833000183105469
YDL142C,YDL006W,1,-5.450876,0.10959082841873169,0.8410000205039978,0.6833000183105469
YDL030W,YGR002C,0,-5.4508862,0.10957654565572739,0.8410000205039978,0.6833999752998352
YNL149C,YDL217C,1,-5.451015,0.10969255119562149,0.8420000076293945,0.6833999752998352
YPL055C,YKL021C,0,-5.451251,0.10967826098203659,0.8420000076293945,0.6834999918937683
YGL033W,YGR211W,0,-5.4513345,0.10966397821903229,0.8420000076293945,0.6836000084877014
YNL049C,YGL249W,0,-5.4513583,0.10964969545602798,0.8420000076293945,0.6837000250816345
YLR355C,YMR302C,1,-5.4513593,0.10976562649011612,0.8429999947547913,0.6837000250816345
YKL191W,YLR309C,0,-5.4515014,0.10975133627653122,0.8429999947547913,0.6837999820709229
YBR234C,YLL006W,1,-5.4515934,0.10986722260713577,0.843999981880188,0.6837999820709229
YMR060C,YNL213C,1,-5.451632,0.10998307913541794,0.8450000286102295,0.6837999820709229
YBR213W,YER125W,0,-5.4517016,0.10996876657009125,0.8450000286102295,0.683899998664856
YMR140W,YPR158C-D,0,-5.4517255,0.10995445400476456,0.8450000286102295,0.6840000152587891
YDL216C,YGR161C-D,0,-5.4517255,0.10994014889001846,0.8450000286102295,0.6840999722480774
YDL207W,YOL005C,0,-5.4517775,0.10992585122585297,0.8450000286102295,0.6841999888420105
YGR128C,YGR042W,0,-5.451787,0.10991155356168747,0.8450000286102295,0.6843000054359436
YOR079C,YLR071C,0,-5.4518623,0.10989725589752197,0.8450000286102295,0.6844000220298767
YDR337W,YLR234W,0,-5.451896,0.10988296568393707,0.8450000286102295,0.684499979019165
YOR355W,YDR240C,0,-5.4521065,0.10986867547035217,0.8450000286102295,0.6845999956130981
YGR220C,YGR161W-B,0,-5.4521284,0.10985439270734787,0.8450000286102295,0.6847000122070312
YFL010W-A,YIL036W,0,-5.452243,0.10984011739492416,0.8450000286102295,0.6848000288009644
YBR043C,YGL039W,0,-5.4524183,0.10982583463191986,0.8450000286102295,0.6848999857902527
YKL120W,YDR365W-B,0,-5.452495,0.10981156677007675,0.8450000286102295,0.6850000023841858
YPR175W,YPR158C-D,0,-5.4525695,0.10979729890823364,0.8450000286102295,0.6851000189781189
YFR019W,YDR156W,0,-5.452869,0.10978303104639053,0.8450000286102295,0.6851999759674072
YPL058C,YNL139C,0,-5.453383,0.10976877063512802,0.8450000286102295,0.6852999925613403
YPL156C,YDL109C,0,-5.4534693,0.10975451022386551,0.8450000286102295,0.6854000091552734
YML061C,YNL213C,1,-5.4537854,0.10987012833356857,0.8460000157356262,0.6854000091552734
YJL219W,YOR332W,0,-5.453797,0.10985586047172546,0.8460000157356262,0.6855000257492065
YPL018W,YOR005C,0,-5.4539022,0.10984160006046295,0.8460000157356262,0.6855999827384949
YGL020C,YOR147W,1,-5.454058,0.10995715856552124,0.847000002861023,0.6855999827384949
YNR057C,YGR038C-B,0,-5.4540877,0.10994288325309753,0.847000002861023,0.685699999332428
YJR094C,YKL055C,0,-5.45414,0.10992861539125443,0.847000002861023,0.6858000159263611
YDR211W,YMR059W,0,-5.454143,0.10991435497999191,0.847000002861023,0.6858999729156494
YDL028C,YOR243C,0,-5.454267,0.1099000871181488,0.847000002861023,0.6859999895095825
YOR363C,YCR106W,0,-5.4543304,0.10988583415746689,0.847000002861023,0.6861000061035156
YOL123W,YJL069C,0,-5.4545007,0.10987158119678497,0.847000002861023,0.6862000226974487
YMR208W,YKL165C,0,-5.454846,0.10985732823610306,0.847000002861023,0.6862999796867371
YBL039C,YIL029C,0,-5.4548535,0.10984308272600174,0.847000002861023,0.6863999962806702
YPL050C,YDR075W,0,-5.454864,0.10982883721590042,0.847000002861023,0.6865000128746033
YPL012W,YHR214C-B,0,-5.4548745,0.1098145991563797,0.847000002861023,0.6866000294685364
YPR034W,YJL125C,0,-5.4548864,0.10980036109685898,0.847000002861023,0.6866999864578247
YJL203W,YKL178C,0,-5.4550047,0.10978613048791885,0.847000002861023,0.6868000030517578
YDR511W,YDL003W,0,-5.4551115,0.10977189987897873,0.847000002861023,0.6869000196456909
YDR254W,YJL214W,0,-5.455163,0.1097576767206192,0.847000002861023,0.6869999766349792
YNR058W,YCR040W,0,-5.455167,0.10974345356225967,0.847000002861023,0.6870999932289124
YHL040C,YDR065W,0,-5.455196,0.10972923785448074,0.847000002861023,0.6872000098228455
YDR255C,YCR084C,0,-5.455224,0.10971502959728241,0.847000002861023,0.6873000264167786
YBR257W,YGL255W,0,-5.455407,0.10970081388950348,0.847000002861023,0.6873999834060669
YNL239W,YJL183W,0,-5.4555087,0.10968661308288574,0.847000002861023,0.6875
YDR121W,YGR206W,0,-5.4556003,0.10967240482568741,0.847000002861023,0.6876000165939331
YNR027W,YKL089W,0,-5.455631,0.10965821146965027,0.847000002861023,0.6876999735832214
YJL019W,YHR111W,0,-5.4556727,0.10964401066303253,0.847000002861023,0.6877999901771545
YDL142C,YDR258C,1,-5.4560537,0.10975925624370575,0.8479999899864197,0.6877999901771545
YLR264W,YML039W,0,-5.4561834,0.10974504798650742,0.8479999899864197,0.6879000067710876
YER035W,YNL047C,0,-5.456201,0.10973084717988968,0.8479999899864197,0.6880000233650208
YPL227C,YJL026W,0,-5.4564843,0.10971665382385254,0.8479999899864197,0.6880999803543091
YGR014W,YDR167W,0,-5.456578,0.1097024604678154,0.8479999899864197,0.6881999969482422
YHR036W,YBR162C,0,-5.4566126,0.10968826711177826,0.8479999899864197,0.6883000135421753
YOL115W,YGR270W,0,-5.45699,0.10967408120632172,0.8479999899864197,0.6883999705314636
YHL019C,YDL024C,0,-5.457091,0.10965990275144577,0.8479999899864197,0.6884999871253967
YBR040W,YBR182C,0,-5.4571095,0.10964571684598923,0.8479999899864197,0.6886000037193298
YLR186W,YJR029W,0,-5.457257,0.10963154584169388,0.8479999899864197,0.6887000203132629
YEL063C,YPL086C,0,-5.4573812,0.10961737483739853,0.8479999899864197,0.6887999773025513
YER165W,YDR167W,0,-5.4574056,0.10960320383310318,0.8479999899864197,0.6888999938964844
YJL004C,YDR261W-A,0,-5.457407,0.10958904027938843,0.8479999899864197,0.6890000104904175
YLR246W,YBR133C,0,-5.4574456,0.10957488417625427,0.8479999899864197,0.6891000270843506
YOR340C,YMR051C,0,-5.4574704,0.10956072062253952,0.8479999899864197,0.6891999840736389
YOR145C,YMR183C,0,-5.45779,0.10954657196998596,0.8479999899864197,0.689300000667572
YPR119W,YER032W,0,-5.4577985,0.1095324233174324,0.8479999899864197,0.6894000172615051
YOR179C,YIL129C,0,-5.457971,0.10951827466487885,0.8479999899864197,0.6894999742507935
YOR037W,YHR120W,1,-5.457991,0.10963326692581177,0.8489999771118164,0.6894999742507935
YML011C,YDR292C,0,-5.458178,0.10961911082267761,0.8489999771118164,0.6895999908447266
YLR285W,YDL038C,0,-5.4582853,0.10960495471954346,0.8489999771118164,0.6897000074386597
YJL076W,YHR205W,0,-5.458587,0.1095908060669899,0.8489999771118164,0.6898000240325928
YNL112W,YOL051W,0,-5.45859,0.10957666486501694,0.8489999771118164,0.6898999810218811
YBR121C,YPL243W,0,-5.459077,0.10956252366304398,0.8489999771118164,0.6899999976158142
YPR067W,YOR063W,0,-5.4591155,0.10954838991165161,0.8489999771118164,0.6901000142097473
YKL172W,YER116C,0,-5.459124,0.10953425616025925,0.8489999771118164,0.6901999711990356
YOR014W,YNL333W,0,-5.459219,0.10952012240886688,0.8489999771118164,0.6902999877929688
YDR011W,YDR381W,0,-5.459421,0.10950599610805511,0.8489999771118164,0.6904000043869019
YPR057W,YDL134C,0,-5.4594655,0.10949187725782394,0.8489999771118164,0.690500020980835
YML006C,YDR181C,0,-5.459484,0.10947775840759277,0.8489999771118164,0.6905999779701233
YMR091C,YAL047C,0,-5.4596553,0.1094636395573616,0.8489999771118164,0.6906999945640564
YLR394W,YDR369C,0,-5.4597526,0.10944952815771103,0.8489999771118164,0.6908000111579895
YJR053W,YNL177C,0,-5.459826,0.10943542420864105,0.8489999771118164,0.6909000277519226
YGR116W,YLR426W,0,-5.4599032,0.10942132025957108,0.8489999771118164,0.6909999847412109
YIL073C,YGL145W,0,-5.4599504,0.1094072163105011,0.8489999771118164,0.691100001335144
YCR092C,YFR052W,0,-5.4602838,0.10939311981201172,0.8489999771118164,0.6912000179290771
YML023C,YDR529C,0,-5.4603777,0.10937902331352234,0.8489999771118164,0.6912999749183655
YJR097W,YJL139C,0,-5.4604306,0.10936493426561356,0.8489999771118164,0.6913999915122986
YMR225C,YDR311W,0,-5.4604874,0.10935085266828537,0.8489999771118164,0.6915000081062317
YIL124W,YER014C-A,0,-5.460567,0.10933677107095718,0.8489999771118164,0.6916000247001648
YMR188C,YAL068C,0,-5.46057,0.109322689473629,0.8489999771118164,0.6916999816894531
YOL100W,YOR329C,0,-5.460605,0.10930861532688141,0.8489999771118164,0.6917999982833862
YDR219C,YJL063C,1,-5.460667,0.10942327231168747,0.8500000238418579,0.6917999982833862
YER183C,YDR131C,0,-5.460709,0.10940919071435928,0.8500000238418579,0.6919000148773193
YGL029W,YOR142W-A,0,-5.460806,0.1093951091170311,0.8500000238418579,0.6919999718666077
YKL062W,YOR064C,0,-5.4609456,0.10938103497028351,0.8500000238418579,0.6920999884605408
YGR276C,YER138C,0,-5.4612613,0.10936696082353592,0.8500000238418579,0.6922000050544739
YGL021W,YCR061W,0,-5.4614244,0.10935288667678833,0.8500000238418579,0.692300021648407
YGR120C,YMR135C,0,-5.4614396,0.10933881998062134,0.8500000238418579,0.6923999786376953
YOR180C,YMR276W,0,-5.4616203,0.10932476073503494,0.8500000238418579,0.6924999952316284
YHR038W,YHR119W,0,-5.461779,0.10931070148944855,0.8500000238418579,0.6926000118255615
YKL004W,YBR080C,0,-5.461928,0.10929664224386215,0.8500000238418579,0.6927000284194946
YPL194W,YFR004W,0,-5.461943,0.10928259044885635,0.8500000238418579,0.692799985408783
YLR381W,YNL004W,0,-5.4619455,0.10926854610443115,0.8500000238418579,0.6929000020027161
YGR047C,YDR210W-B,0,-5.46199,0.10925450176000595,0.8500000238418579,0.6930000185966492
YGL111W,YDR027C,0,-5.4620366,0.10924045741558075,0.8500000238418579,0.6930999755859375
YHR123W,YFL034C-B,0,-5.4620967,0.10922642052173615,0.8500000238418579,0.6931999921798706
YPR025C,YLR066W,0,-5.4621816,0.10921238362789154,0.8500000238418579,0.6933000087738037
YJL112W,YJL116C,1,-5.462374,0.10932682454586029,0.8510000109672546,0.6933000087738037
YCR034W,YKL043W,0,-5.462377,0.10931278020143509,0.8510000109672546,0.6934000253677368
YCR084C,YDR261W-A,0,-5.4624047,0.10929874330759048,0.8510000109672546,0.6934999823570251
YOR231W,YDR172W,0,-5.4625125,0.10928470641374588,0.8510000109672546,0.6935999989509583
YER145C,YHR094C,0,-5.4625287,0.10927066951990128,0.8510000109672546,0.6937000155448914
YMR163C,YGR161C-D,0,-5.4625673,0.10925664752721786,0.8510000109672546,0.6937999725341797
YOR159C,YDR463W,0,-5.462676,0.10924261808395386,0.8510000109672546,0.6938999891281128
YPR193C,YPR137C-A,0,-5.4627824,0.10922859609127045,0.8510000109672546,0.6940000057220459
YDR030C,YDR489W,0,-5.4629655,0.10921458154916763,0.8510000109672546,0.694100022315979
YGL001C,YIL122W,0,-5.4630775,0.10920056700706482,0.8510000109672546,0.6941999793052673
YLR060W,YJR097W,0,-5.463079,0.109186552464962,0.8510000109672546,0.6942999958992004
YBL014C,YMR106C,0,-5.4631615,0.10917254537343979,0.8510000109672546,0.6944000124931335
YIL110W,YJL018W,0,-5.463333,0.10915854573249817,0.8510000109672546,0.6945000290870667
YJL178C,YMR319C,0,-5.463369,0.10914454609155655,0.8510000109672546,0.694599986076355
YDR503C,YAL011W,0,-5.463475,0.10913054645061493,0.8510000109672546,0.6947000026702881
YOR236W,YCR053W,0,-5.463508,0.1091165542602539,0.8510000109672546,0.6948000192642212
YGL206C,YJL106W,0,-5.463536,0.10910256206989288,0.8510000109672546,0.6948999762535095
YDL108W,YKL165C,0,-5.4635644,0.10908857733011246,0.8510000109672546,0.6949999928474426
YGR227W,YBR223C,0,-5.4635887,0.10907459259033203,0.8510000109672546,0.6951000094413757
YLR342W,YNL222W,0,-5.4636083,0.1090606153011322,0.8510000109672546,0.6952000260353088
YFL031W,YGR030C,0,-5.463733,0.10904664546251297,0.8510000109672546,0.6952999830245972
YCR073W-A,YLR136C,0,-5.4638615,0.10903266817331314,0.8510000109672546,0.6953999996185303
YJL112W,YDL217C,1,-5.463886,0.10914681106805801,0.8519999980926514,0.6953999996185303
YMR011W,YOR213C,0,-5.46392,0.10913282632827759,0.8519999980926514,0.6955000162124634
YOR144C,YML043C,0,-5.464115,0.10911884903907776,0.8519999980926514,0.6955999732017517
YGL116W,YBR004C,0,-5.4641914,0.10910487920045853,0.8519999980926514,0.6956999897956848
YLR228C,YPL218W,0,-5.464207,0.1090909093618393,0.8519999980926514,0.6958000063896179
YNR057C,YBR126C,0,-5.4643593,0.10907693952322006,0.8519999980926514,0.695900022983551
YOR362C,YDR261W-A,0,-5.464371,0.10906297713518143,0.8519999980926514,0.6959999799728394
YPR020W,YGR288W,0,-5.464538,0.10904902219772339,0.8519999980926514,0.6960999965667725
YNR035C,YNL213C,1,-5.464545,0.10916303843259811,0.8529999852180481,0.6960999965667725
YNL220W,YCL051W,0,-5.4646554,0.10914906859397888,0.8529999852180481,0.6962000131607056
YFR036W,YOL124C,0,-5.464851,0.10913510620594025,0.8529999852180481,0.6963000297546387
YPR175W,YJL109C,0,-5.46486,0.10912114381790161,0.8529999852180481,0.696399986743927
YKL176C,YML043C,0,-5.4650764,0.10910718888044357,0.8529999852180481,0.6965000033378601
YML051W,YDL040C,0,-5.4654975,0.10909323394298553,0.8529999852180481,0.6966000199317932
YOR100C,YKL134C,0,-5.465508,0.1090792864561081,0.8529999852180481,0.6966999769210815
YGR013W,YPL257W-B,0,-5.4657273,0.10906533896923065,0.8529999852180481,0.6967999935150146
YJL108C,YOL121C,0,-5.4657416,0.10905139148235321,0.8529999852180481,0.6969000101089478
YPR051W,YDL194W,0,-5.4658475,0.10903745144605637,0.8529999852180481,0.6970000267028809
YJL157C,YHR118C,0,-5.4659104,0.10902351886034012,0.8529999852180481,0.6970999836921692
YBL020W,YDL020C,0,-5.465937,0.10900958627462387,0.8529999852180481,0.6972000002861023
YDR411C,YOR064C,0,-5.465948,0.10899565368890762,0.8529999852180481,0.6973000168800354
YDL142C,YMR241W,1,-5.4659524,0.10910949110984802,0.8539999723434448,0.6973000168800354
YJL053W,YOR129C,0,-5.46602,0.10909555107355118,0.8539999723434448,0.6973999738693237
YPR138C,YNL311C,0,-5.466025,0.10908161848783493,0.8539999723434448,0.6974999904632568
YDL232W,YIR041W,0,-5.466039,0.10906768590211868,0.8539999723434448,0.6976000070571899
YGR251W,YLR227W-B,0,-5.4660497,0.10905376076698303,0.8539999723434448,0.697700023651123
YPR083W,YHR120W,1,-5.466094,0.10916751623153687,0.8550000190734863,0.697700023651123
YOL130W,YML126C,0,-5.4661617,0.10915358364582062,0.8550000190734863,0.6977999806404114
YJL184W,YGL255W,0,-5.4662433,0.10913965106010437,0.8550000190734863,0.6978999972343445
YPR037C,YGL133W,0,-5.46638,0.10912571847438812,0.8550000190734863,0.6980000138282776
YIL046W,YGL163C,0,-5.4664664,0.10911179333925247,0.8550000190734863,0.6980999708175659
YDL223C,YBL007C,0,-5.466476,0.10909786820411682,0.8550000190734863,0.698199987411499
YLR223C,YER116C,0,-5.466638,0.10908395051956177,0.8550000190734863,0.6983000040054321
YDL226C,YDR277C,0,-5.466703,0.10907003283500671,0.8550000190734863,0.6984000205993652
YOR185C,YDR356W,0,-5.4667726,0.10905612260103226,0.8550000190734863,0.6984999775886536
YPL227C,YJR077C,0,-5.4668117,0.1090422123670578,0.8550000190734863,0.6985999941825867
YLR228C,YOL028C,0,-5.467049,0.10902830958366394,0.8550000190734863,0.6987000107765198
YBR186W,YGR038C-B,0,-5.467097,0.10901440680027008,0.8550000190734863,0.6988000273704529
YGL011C,YOL102C,0,-5.4672637,0.10900051146745682,0.8550000190734863,0.6988999843597412
YOR038C,YKL064W,0,-5.4673476,0.10898661613464355,0.8550000190734863,0.6990000009536743
YLR321C,YNL333W,0,-5.4674344,0.10897272825241089,0.8550000190734863,0.6991000175476074
YJR104C,YDL244W,0,-5.4676356,0.10895884037017822,0.8550000190734863,0.6991999745368958
YMR186W,YCR018C,0,-5.4676657,0.10894495248794556,0.8550000190734863,0.6992999911308289
YFR036W,YDR435C,0,-5.4676986,0.10893107205629349,0.8550000190734863,0.699400007724762
YFR046C,YER019C-A,0,-5.46773,0.10891719907522202,0.8550000190734863,0.6995000243186951
YMR268C,YDL060W,0,-5.4677453,0.10890332609415054,0.8550000190734863,0.6995999813079834
YBR260C,YDR126W,0,-5.4678097,0.10888945311307907,0.8550000190734863,0.6996999979019165
YML127W,YOR305W,0,-5.4681087,0.1088755875825882,0.8550000190734863,0.6998000144958496
YHR053C,YNL210W,0,-5.468143,0.10886172950267792,0.8550000190734863,0.6998999714851379
YLR145W,YMR046C,0,-5.46823,0.10884786397218704,0.8550000190734863,0.699999988079071
YKR009C,YNL072W,0,-5.468332,0.10883401334285736,0.8550000190734863,0.7001000046730042
YBR247C,YJL104W,0,-5.4685445,0.10882016271352768,0.8550000190734863,0.7002000212669373
YLR085C,YKR037C,0,-5.468555,0.108806312084198,0.8550000190734863,0.7002999782562256
YOR274W,YDR143C,0,-5.4688296,0.10879246890544891,0.8550000190734863,0.7003999948501587
YMR272C,YDR311W,0,-5.469111,0.10877862572669983,0.8550000190734863,0.7005000114440918
YAL033W,YJL121C,0,-5.46912,0.10876478999853134,0.8550000190734863,0.7006000280380249
YKL001C,YLR005W,0,-5.469153,0.10875095427036285,0.8550000190734863,0.7006999850273132
YER126C,YMR270C,0,-5.46934,0.10873712599277496,0.8550000190734863,0.7008000016212463
YLR129W,YPL060C-A,0,-5.4693527,0.10872329771518707,0.8550000190734863,0.7009000182151794
YDR054C,YDL112W,0,-5.469358,0.10870946943759918,0.8550000190734863,0.7009999752044678
YDR174W,YDR043C,0,-5.4694176,0.10869564861059189,0.8550000190734863,0.7010999917984009
YOR322C,YDL098C,0,-5.469566,0.10868183523416519,0.8550000190734863,0.701200008392334
YJR068W,YDL190C,0,-5.4698505,0.1086680218577385,0.8550000190734863,0.7013000249862671
YOR018W,YLR035C-A,0,-5.4699526,0.1086542159318924,0.8550000190734863,0.7013999819755554
YOR040W,YLR145W,0,-5.469989,0.1086404100060463,0.8550000190734863,0.7014999985694885
YGR092W,YPL144W,0,-5.470021,0.1086266040802002,0.8550000190734863,0.7016000151634216
YDR058C,YOR187W,0,-5.4700217,0.10861280560493469,0.8550000190734863,0.70169997215271
YLR060W,YOR274W,0,-5.4703636,0.10859900712966919,0.8550000190734863,0.7017999887466431
YIR013C,YMR097C,0,-5.47047,0.10858521610498428,0.8550000190734863,0.7019000053405762
YNL245C,YGL045W,0,-5.470898,0.10857142508029938,0.8550000190734863,0.7020000219345093
YFL035C-A,YGL249W,0,-5.47093,0.10855764150619507,0.8550000190734863,0.7020999789237976
YOR362C,YOL034W,0,-5.4709926,0.10854386538267136,0.8550000190734863,0.7021999955177307
YNL061W,YDR325W,0,-5.4710293,0.10853008180856705,0.8550000190734863,0.7023000121116638
YMR272C,YLR026C,0,-5.4714265,0.10851630568504333,0.8550000190734863,0.7024000287055969
YOR241W,YBR066C,0,-5.471501,0.10850253701210022,0.8550000190734863,0.7024999856948853
YMR042W,YPL209C,0,-5.4715257,0.1084887683391571,0.8550000190734863,0.7026000022888184
YLR110C,YBL008W,0,-5.4715266,0.10847500711679459,0.8550000190734863,0.7027000188827515
YCL034W,YFL034C-B,0,-5.471627,0.10846124589443207,0.8550000190734863,0.7027999758720398
YOR078W,YMR224C,0,-5.471721,0.10844749212265015,0.8550000190734863,0.7028999924659729
YDR252W,YGL150C,0,-5.4718575,0.10843373835086823,0.8550000190734863,0.703000009059906
YJL121C,YJL029C,0,-5.471897,0.1084199845790863,0.8550000190734863,0.7031000256538391
YGL151W,YGR281W,0,-5.4721293,0.10840623825788498,0.8550000190734863,0.7031999826431274
YDL117W,YDL042C,0,-5.472162,0.10839249193668365,0.8550000190734863,0.7032999992370605
YDR494W,YOR192C-B,0,-5.472247,0.10837875306606293,0.8550000190734863,0.7034000158309937
YMR182C,YLL040C,0,-5.472257,0.1083650216460228,0.8550000190734863,0.703499972820282
YGR003W,YJL108C,0,-5.472296,0.10835128277540207,0.8550000190734863,0.7035999894142151
YDR062W,YNL110C,0,-5.4723697,0.10833755880594254,0.8550000190734863,0.7037000060081482
YCR005C,YOR098C,0,-5.4726505,0.108323834836483,0.8550000190734863,0.7038000226020813
YLR013W,YDL002C,0,-5.4726586,0.10831011086702347,0.8550000190734863,0.7038999795913696
YER111C,YBL100W-A,0,-5.4727626,0.10829638689756393,0.8550000190734863,0.7039999961853027
YOR372C,YDR527W,0,-5.4727836,0.1082826778292656,0.8550000190734863,0.7041000127792358
YGR286C,YER089C,0,-5.4727936,0.10826896131038666,0.8550000190734863,0.704200029373169
YOR020C,YHR077C,0,-5.472962,0.10825525224208832,0.8550000190734863,0.7042999863624573
YLR085C,YHL022C,0,-5.472978,0.10824155062437057,0.8550000190734863,0.7044000029563904
YPR138C,YDR324C,0,-5.473042,0.10822784900665283,0.8550000190734863,0.7045000195503235
YJR118C,YHR005C-A,1,-5.4733987,0.10834071785211563,0.8560000061988831,0.7045000195503235
YPL096W,YHR048W,0,-5.4734235,0.10832700878381729,0.8560000061988831,0.7045999765396118
YEL036C,YHR070W,0,-5.473626,0.10831329971551895,0.8560000061988831,0.7046999931335449
YKL185W,YNL309W,0,-5.4736753,0.10829959809780121,0.8560000061988831,0.704800009727478
YBL090W,YMR229C,0,-5.473845,0.10828589648008347,0.8560000061988831,0.7049000263214111
YMR231W,YLR034C,0,-5.473948,0.10827219486236572,0.8560000061988831,0.7049999833106995
YOL013C,YDR268W,0,-5.4739804,0.10825850814580917,0.8560000061988831,0.7050999999046326
YNL278W,YJL008C,0,-5.47405,0.10824481397867203,0.8560000061988831,0.7052000164985657
YBL041W,YDL170W,0,-5.474087,0.10823112726211548,0.8560000061988831,0.705299973487854
YGR158C,YFR031C,0,-5.474369,0.10821744799613953,0.8560000061988831,0.7053999900817871
YMR060C,YPR125W,1,-5.4744573,0.10833017528057098,0.8569999933242798,0.7053999900817871
YDR459C,YHR088W,0,-5.474528,0.10831648111343384,0.8569999933242798,0.7055000066757202
YML058W-A,YFL033C,0,-5.474807,0.10830279439687729,0.8569999933242798,0.7056000232696533
YOL088C,YCR060W,0,-5.475058,0.10828910768032074,0.8569999933242798,0.7056999802589417
YPL106C,YGR141W,0,-5.475199,0.10827542841434479,0.8569999933242798,0.7057999968528748
YDR258C,YNL055C,1,-5.4752746,0.10838807374238968,0.8579999804496765,0.7057999968528748
YDL035C,YBR169C,0,-5.475439,0.10837438702583313,0.8579999804496765,0.7059000134468079
YHR114W,YLR066W,0,-5.47547,0.10836070030927658,0.8579999804496765,0.7059999704360962
YPL164C,YNR052C,0,-5.475618,0.10834701359272003,0.8579999804496765,0.7060999870300293
YJL196C,YPR009W,0,-5.475625,0.10833333432674408,0.8579999804496765,0.7062000036239624
YNL314W,YKL165C,0,-5.475831,0.10831965506076813,0.8579999804496765,0.7063000202178955
YNL259C,YOR145C,0,-5.475887,0.10830598324537277,0.8579999804496765,0.7063999772071838
YDR096W,YGR074W,0,-5.475941,0.10829231142997742,0.8579999804496765,0.7064999938011169
YLL038C,YLR016C,0,-5.4762254,0.10827864706516266,0.8579999804496765,0.70660001039505
YKR052C,YMR016C,0,-5.476228,0.1082649827003479,0.8579999804496765,0.7067000269889832
YPL217C,YLR220W,0,-5.4763217,0.10825132578611374,0.8579999804496765,0.7067999839782715
YFL025C,YCR018C,0,-5.476334,0.10823766887187958,0.8579999804496765,0.7069000005722046
YLL060C,YPL016W,0,-5.4764285,0.10822401940822601,0.8579999804496765,0.7070000171661377
YHR124W,YCR062W,0,-5.4764504,0.10821036994457245,0.8579999804496765,0.707099974155426
YDL005C,YBL030C,0,-5.4765835,0.10819672048091888,0.8579999804496765,0.7071999907493591
YBL051C,YDL080C,0,-5.476648,0.10818307846784592,0.8579999804496765,0.7073000073432922
YOR250C,YOR142W-A,0,-5.476927,0.10816944390535355,0.8579999804496765,0.7074000239372253
YLR219W,YDR097C,0,-5.477184,0.10815580189228058,0.8579999804496765,0.7074999809265137
YER068W,YLR272C,0,-5.477186,0.1081421747803688,0.8579999804496765,0.7075999975204468
YNR049C,YNL197C,0,-5.4772124,0.10812854766845703,0.8579999804496765,0.7077000141143799
YLR355C,YJL063C,1,-5.477326,0.10824092477560043,0.859000027179718,0.7077000141143799
YHL002W,YIL066C,0,-5.4775767,0.10822729021310806,0.859000027179718,0.7077999711036682
YBR085W,YKL135C,0,-5.477781,0.10821365565061569,0.859000027179718,0.7078999876976013
YLL004W,YOL038W,0,-5.4778056,0.10820002853870392,0.859000027179718,0.7080000042915344
YIL040W,YDR045C,0,-5.478007,0.10818640142679214,0.859000027179718,0.7081000208854675
YOL009C,YNL213C,1,-5.4780235,0.10829870402812958,0.8600000143051147,0.7081000208854675
YOL143C,YCR035C,0,-5.478195,0.10828506946563721,0.8600000143051147,0.7081999778747559
YDL102W,YBR265W,0,-5.478353,0.10827143490314484,0.8600000143051147,0.708299994468689
YDL160C,YMR266W,0,-5.4784455,0.10825780779123306,0.8600000143051147,0.7084000110626221
YLR238W,YPR070W,0,-5.4784474,0.10824418067932129,0.8600000143051147,0.7085000276565552
YGL122C,YDR316W-A,0,-5.4785614,0.10823055356740952,0.8600000143051147,0.7085999846458435
YLL036C,YPR007C,0,-5.4787154,0.10821693390607834,0.8600000143051147,0.7087000012397766
YDR214W,YNL259C,0,-5.478859,0.10820332169532776,0.8600000143051147,0.7088000178337097
YAL047C,YMR088C,0,-5.478937,0.10818970948457718,0.8600000143051147,0.708899974822998
YIR037W,YNL244C,0,-5.4789414,0.1081760972738266,0.8600000143051147,0.7089999914169312
YLR380W,YPR137C-A,0,-5.4791236,0.10816249251365662,0.8600000143051147,0.7091000080108643
YJR089W,YGR081C,0,-5.479166,0.10814889520406723,0.8600000143051147,0.7092000246047974
YKL022C,YPR138C,0,-5.4792323,0.10813529789447784,0.8600000143051147,0.7092999815940857
YOR005C,YNL138W,0,-5.4793553,0.10812170058488846,0.8600000143051147,0.7093999981880188
YPR083W,YCR020C,1,-5.4793987,0.10823381692171097,0.8610000014305115,0.7093999981880188
YCL010C,YMR067C,0,-5.479831,0.10822021216154099,0.8610000014305115,0.7095000147819519
YNL259C,YGL200C,0,-5.479938,0.108206607401371,0.8610000014305115,0.7095999717712402
YBR085W,YOL033W,0,-5.479976,0.10819301009178162,0.8610000014305115,0.7096999883651733
YLL060C,YOL105C,0,-5.479976,0.10817942023277283,0.8610000014305115,0.7098000049591064
YOR351C,YOR150W,0,-5.479979,0.10816583037376404,0.8610000014305115,0.7099000215530396
YDL231C,YDL174C,0,-5.4800367,0.10815224051475525,0.8610000014305115,0.7099999785423279
YML120C,YNL054W-A,0,-5.480178,0.10813865810632706,0.8610000014305115,0.710099995136261
YPL096C-A,YLL036C,0,-5.480243,0.10812507569789886,0.8610000014305115,0.7102000117301941
YLR371W,YDL098C,0,-5.480473,0.10811150074005127,0.8610000014305115,0.7103000283241272
YGR145W,YBR069C,0,-5.4807067,0.10809792578220367,0.8610000014305115,0.7103999853134155
YDL008W,YHR016C,0,-5.4807696,0.10808435827493668,0.8610000014305115,0.7105000019073486
YDL017W,YHR214C-C,0,-5.4811335,0.10807079076766968,0.8610000014305115,0.7106000185012817
YNL119W,YFL045C,0,-5.4813447,0.10805723071098328,0.8610000014305115,0.7106999754905701
YBR072W,YBR167C,0,-5.481566,0.10804367065429688,0.8610000014305115,0.7107999920845032
YBR123C,YLR043C,0,-5.4815903,0.10803011059761047,0.8610000014305115,0.7109000086784363
YFL022C,YJL184W,0,-5.4816613,0.10801655799150467,0.8610000014305115,0.7110000252723694
YFL024C,YOR127W,0,-5.481955,0.10800301283597946,0.8610000014305115,0.7110999822616577
YBL051C,YJL127C,0,-5.48196,0.10798946768045425,0.8610000014305115,0.7111999988555908
YDR045C,YER159C-A,0,-5.482298,0.10797592252492905,0.8610000014305115,0.7113000154495239
YGL142C,YCR083W,0,-5.482449,0.10796238481998444,0.8610000014305115,0.7113999724388123
YJR045C,YLR183C,0,-5.4824786,0.10794884711503983,0.8610000014305115,0.7114999890327454
YLR403W,YLR227W-A,0,-5.482791,0.10793531686067581,0.8610000014305115,0.7116000056266785
YKL186C,YLR324W,0,-5.4828267,0.1079217866063118,0.8610000014305115,0.7117000222206116
YPL241C,YIL019W,0,-5.4828925,0.10790825635194778,0.8610000014305115,0.7117999792098999
YCL033C,YPR158C-C,0,-5.4829316,0.10789473354816437,0.8610000014305115,0.711899995803833
YDR206W,YER106W,0,-5.4829535,0.10788121819496155,0.8610000014305115,0.7120000123977661
YGR038W,YER129W,0,-5.4831195,0.10786770284175873,0.8610000014305115,0.7121000289916992
YCR063W,YBR223C,0,-5.4833274,0.10785418748855591,0.8610000014305115,0.7121999859809875
YKL195W,YGL062W,0,-5.483498,0.10784067958593369,0.8610000014305115,0.7123000025749207
YGR238C,YPR138C,0,-5.4836144,0.10782717913389206,0.8610000014305115,0.7124000191688538
YKL110C,YHR027C,0,-5.4838033,0.10781367123126984,0.8610000014305115,0.7124999761581421
YMR097C,YNL054W-B,0,-5.483805,0.10780017822980881,0.8610000014305115,0.7125999927520752
YDL181W,YLR035C-A,0,-5.4839015,0.10778667777776718,0.8610000014305115,0.7127000093460083
YBR015C,YHR160C,0,-5.484013,0.10777318477630615,0.8610000014305115,0.7128000259399414
YLR418C,YDR120C,0,-5.484041,0.10775969922542572,0.8610000014305115,0.7128999829292297
YER070W,YBR231C,0,-5.4841847,0.10774621367454529,0.8610000014305115,0.7129999995231628
YPL095C,YLR039C,0,-5.4842257,0.10773273557424545,0.8610000014305115,0.713100016117096
YOR335C,YCR035C,0,-5.484347,0.10771925747394562,0.8610000014305115,0.7131999731063843
YDR301W,YPL122C,0,-5.4846597,0.10770577937364578,0.8610000014305115,0.7132999897003174
YNR008W,YKL166C,0,-5.4848228,0.10769230872392654,0.8610000014305115,0.7134000062942505
YPL160W,YDL120W,0,-5.484998,0.1076788380742073,0.8610000014305115,0.7135000228881836
YJL092W,YOL142W,0,-5.485186,0.10766537487506866,0.8610000014305115,0.7135999798774719
YHR031C,YDR393W,1,-5.4854813,0.1077769473195076,0.8619999885559082,0.7135999798774719
YPR168W,YBR162C,0,-5.4854875,0.10776346921920776,0.8619999885559082,0.713699996471405
YJR060W,YGR221C,0,-5.4856944,0.10774999856948853,0.8619999885559082,0.7138000130653381
YLR370C,YDR339C,1,-5.485766,0.10786151885986328,0.8629999756813049,0.7138000130653381
YJL110C,YDL112W,0,-5.48591,0.10784804075956345,0.8629999756813049,0.7139000296592712
YNL177C,YHR069C,0,-5.4859276,0.10783456265926361,0.8629999756813049,0.7139999866485596
YAL024C,YHR098C,0,-5.486019,0.10782109200954437,0.8629999756813049,0.7141000032424927
YNL182C,YPL060C-A,0,-5.4860325,0.10780762135982513,0.8629999756813049,0.7142000198364258
YDL060W,YDR098C-B,0,-5.4861054,0.1077941507101059,0.8629999756813049,0.7142999768257141
YDR423C,YDR331W,0,-5.48627,0.10778069496154785,0.8629999756813049,0.7143999934196472
YDL088C,YPL124W,0,-5.486364,0.10776723176240921,0.8629999756813049,0.7145000100135803
YOR284W,YDR312W,0,-5.486388,0.10775377601385117,0.8629999756813049,0.7146000266075134
YCR047C,YLR452C,0,-5.48646,0.10774032771587372,0.8629999756813049,0.7146999835968018
YJL214W,YGL106W,0,-5.486465,0.10772687196731567,0.8629999756813049,0.7148000001907349
YDL099W,YHL012W,0,-5.4866915,0.10771343111991882,0.8629999756813049,0.714900016784668
YOL158C,YDR004W,0,-5.4868064,0.10769999027252197,0.8629999756813049,0.7149999737739563
YDR255C,YBR283C,0,-5.4868565,0.10768654942512512,0.8629999756813049,0.7150999903678894
YEL030W,YNL327W,0,-5.4869637,0.10767311602830887,0.8629999756813049,0.7152000069618225
YPL271W,YGL022W,0,-5.4870048,0.10765968263149261,0.8629999756813049,0.7153000235557556
YDR211W,YOR064C,0,-5.487121,0.10764624923467636,0.8629999756813049,0.715399980545044
YLL004W,YGR186W,0,-5.4871345,0.1076328232884407,0.8629999756813049,0.715499997138977
YKL208W,YBL022C,0,-5.4871826,0.10761940479278564,0.8629999756813049,0.7156000137329102
YAL053W,YGL058W,0,-5.487206,0.10760598629713058,0.8629999756813049,0.7156999707221985
YPL248C,YMR183C,0,-5.487328,0.10759256780147552,0.8629999756813049,0.7157999873161316
YLR095C,YML060W,0,-5.4874096,0.10757915675640106,0.8629999756813049,0.7159000039100647
YOR317W,YDR261W-A,0,-5.4876223,0.1075657457113266,0.8629999756813049,0.7160000205039978
YDL140C,YGR027W-A,0,-5.4876533,0.10755234211683273,0.8629999756813049,0.7160999774932861
YPL178W,YKR031C,0,-5.487681,0.10753893852233887,0.8629999756813049,0.7161999940872192
YML051W,YMR006C,0,-5.487723,0.1075255423784256,0.8629999756813049,0.7163000106811523
YDR421W,YBR087W,0,-5.4877315,0.10751214623451233,0.8629999756813049,0.7164000272750854
YCR073W-A,YHR214C-B,0,-5.4877667,0.10749875754117966,0.8629999756813049,0.7164999842643738
YKL001C,YDR137W,0,-5.487798,0.10748536884784698,0.8629999756813049,0.7166000008583069
YBR009C,YDR210W-B,0,-5.4880943,0.10747198015451431,0.8629999756813049,0.71670001745224
YDR283C,YPL169C,0,-5.4885473,0.10745859891176224,0.8629999756813049,0.7167999744415283
YDL159W,YKL140W,0,-5.488631,0.10744521766901016,0.8629999756813049,0.7168999910354614
YPR101W,YEL031W,0,-5.4886594,0.10743184387683868,0.8629999756813049,0.7170000076293945
YLR431C,YGR157W,0,-5.4890146,0.1074184700846672,0.8629999756813049,0.7171000242233276
YLR429W,YPR112C,0,-5.489022,0.10740510374307632,0.8629999756813049,0.717199981212616
YKR081C,YDR098C-B,0,-5.4892144,0.10739173740148544,0.8629999756813049,0.7172999978065491
YFL010W-A,YDR206W,0,-5.4893565,0.10737837851047516,0.8629999756813049,0.7174000144004822
YDR093W,YLR291C,0,-5.48945,0.10736501961946487,0.8629999756813049,0.7174999713897705
YNR019W,YHR160C,0,-5.4894824,0.10735166072845459,0.8629999756813049,0.7175999879837036
YOR113W,YOL028C,0,-5.489572,0.1073383092880249,0.8629999756813049,0.7177000045776367
YNL294C,YJR026W,0,-5.489612,0.10732495784759521,0.8629999756813049,0.7178000211715698
YAL031C,YEL050C,0,-5.4896626,0.10731161385774612,0.8629999756813049,0.7178999781608582
YML058W-A,YBR082C,0,-5.4897547,0.10729826986789703,0.8629999756813049,0.7179999947547913
YKL138C-A,YKR082W,0,-5.4897695,0.10728493332862854,0.8629999756813049,0.7181000113487244
YOR185C,YGR027W-A,0,-5.489773,0.10727159678936005,0.8629999756813049,0.7182000279426575
YML132W,YBR162C,0,-5.4898868,0.10725826770067215,0.8629999756813049,0.7182999849319458
YNL199C,YCR027C,0,-5.490349,0.10724493861198425,0.8629999756813049,0.7184000015258789
YFR028C,YFR003C,0,-5.490351,0.10723160952329636,0.8629999756813049,0.718500018119812
YMR232W,YJR153W,0,-5.4904675,0.10721828788518906,0.8629999756813049,0.7185999751091003
YIL042C,YJL129C,0,-5.490559,0.10720496624708176,0.8629999756813049,0.7186999917030334
YDR361C,YLR459W,0,-5.4905996,0.10719165205955505,0.8629999756813049,0.7188000082969666
YJL115W,YPL091W,0,-5.4906135,0.10717833787202835,0.8629999756813049,0.7189000248908997
YDL138W,YOR151C,0,-5.490729,0.10716503113508224,0.8629999756813049,0.718999981880188
YGR222W,YLR234W,0,-5.490732,0.10715172439813614,0.8629999756813049,0.7190999984741211
YDR300C,YPL257W-B,0,-5.4907737,0.10713842511177063,0.8629999756813049,0.7192000150680542
YPR033C,YOL054W,0,-5.490907,0.10712512582540512,0.8629999756813049,0.7192999720573425
YNL127W,YMR006C,0,-5.4912367,0.10711182653903961,0.8629999756813049,0.7193999886512756
YBL075C,YDR365W-B,0,-5.4912543,0.1070985347032547,0.8629999756813049,0.7195000052452087
YGL087C,YGR082W,0,-5.4914536,0.10708524286746979,0.8629999756813049,0.7196000218391418
YNL232W,YLL008W,0,-5.4917054,0.10707195848226547,0.8629999756813049,0.7196999788284302
YBR234C,YLL013C,1,-5.4917283,0.10718273371458054,0.8640000224113464,0.7196999788284302
YDL031W,YLR313C,0,-5.491751,0.10716943442821503,0.8640000224113464,0.7197999954223633
YOR265W,YGL252C,0,-5.491852,0.10715614259243011,0.8640000224113464,0.7199000120162964
YPR049C,YFL003C,0,-5.4918594,0.1071428582072258,0.8640000224113464,0.7200000286102295
YML099C,YGL257C,0,-5.491895,0.10712957382202148,0.8640000224113464,0.7200999855995178
YML048W,YGR129W,0,-5.491908,0.10711628943681717,0.8640000224113464,0.7202000021934509
YDL166C,YLR060W,0,-5.491961,0.10710301250219345,0.8640000224113464,0.720300018787384
YNL293W,YPR158W-A,0,-5.492086,0.10708973556756973,0.8640000224113464,0.7203999757766724
YDR106W,YDR459C,0,-5.4922986,0.10707646608352661,0.8640000224113464,0.7204999923706055
YOL139C,YLR023C,0,-5.492349,0.10706319659948349,0.8640000224113464,0.7206000089645386
YJR053W,YMR067C,0,-5.492553,0.10704993456602097,0.8640000224113464,0.7207000255584717
YBR182C,YBR293W,0,-5.492581,0.10703667253255844,0.8640000224113464,0.72079998254776
YMR100W,YMR272C,0,-5.49272,0.10702341049909592,0.8640000224113464,0.7208999991416931
YER022W,YOR192C-A,0,-5.4927783,0.10701015591621399,0.8640000224113464,0.7210000157356262
YJL124C,YNL262W,0,-5.493246,0.10699690133333206,0.8640000224113464,0.7210999727249146
YER028C,YIL105C,0,-5.49329,0.10698365420103073,0.8640000224113464,0.7211999893188477
YJR065C,YJL063C,1,-5.4933352,0.10709422081708908,0.8650000095367432,0.7211999893188477
YKL018W,YDR545W,0,-5.4934864,0.10708095878362656,0.8650000095367432,0.7213000059127808
YOR037W,YDR339C,1,-5.4935174,0.10719148069620132,0.8659999966621399,0.7213000059127808
YOR209C,YEL004W,0,-5.493565,0.1071782186627388,0.8659999966621399,0.7214000225067139
YOR037W,YOR326W,1,-5.4935703,0.10728870332241058,0.8669999837875366,0.7214000225067139
YOR301W,YBL014C,0,-5.49383,0.10727542638778687,0.8669999837875366,0.7214999794960022
YGR030C,YML013W,0,-5.4939365,0.10726215690374374,0.8669999837875366,0.7215999960899353
YPR201W,YDL100C,0,-5.49396,0.10724888741970062,0.8669999837875366,0.7217000126838684
YIL103W,YGR211W,0,-5.4940143,0.1072356179356575,0.8669999837875366,0.7218000292778015
YDR086C,YLR372W,0,-5.494184,0.10722236335277557,0.8669999837875366,0.7218999862670898
YJR083C,YFL002W-B,0,-5.494468,0.10720910131931305,0.8669999837875366,0.722000002861023
YER070W,YPL175W,0,-5.494509,0.10719584673643112,0.8669999837875366,0.722100019454956
YOR005C,YPR067W,0,-5.4946923,0.1071825921535492,0.8669999837875366,0.7221999764442444
YML036W,YBL006C,0,-5.494709,0.10716934502124786,0.8669999837875366,0.7222999930381775
YOR095C,YBL005W-A,0,-5.494761,0.10715609788894653,0.8669999837875366,0.7224000096321106
YDR434W,YFL011W,0,-5.495355,0.1071428582072258,0.8669999837875366,0.7225000262260437
YNL102W,YPL130W,0,-5.4955053,0.10712961852550507,0.8669999837875366,0.722599983215332
YNL169C,YPR137C-A,0,-5.495516,0.10711637884378433,0.8669999837875366,0.7226999998092651
YMR168C,YDR365W-A,0,-5.495606,0.1071031466126442,0.8669999837875366,0.7228000164031982
YGR004W,YDL244W,0,-5.4956374,0.10708992183208466,0.8669999837875366,0.7228999733924866
YJL063C,YCR020C,1,-5.495872,0.10720019787549973,0.8679999709129333,0.7228999733924866
YAL042W,YGR005C,0,-5.495934,0.10718695819377899,0.8679999709129333,0.7229999899864197
YBR095C,YIL167W,0,-5.4959645,0.10717372596263885,0.8679999709129333,0.7231000065803528
YJL110C,YPR137C-A,0,-5.496121,0.10716049373149872,0.8679999709129333,0.7232000231742859
YLR304C,YNL304W,1,-5.496123,0.10727071017026901,0.8690000176429749,0.7232000231742859
YDR097C,YGL046W,0,-5.496728,0.10725747048854828,0.8690000176429749,0.7232999801635742
YBR212W,YGL055W,1,-5.4968686,0.10736764222383499,0.8700000047683716,0.7232999801635742
YML130C,YOR212W,0,-5.4969473,0.10735439509153366,0.8700000047683716,0.7233999967575073
YPR125W,YMR302C,1,-5.4969544,0.10746452957391739,0.8709999918937683,0.7233999967575073
YGL171W,YDR316W-B,0,-5.497231,0.10745126754045486,0.8709999918937683,0.7235000133514404
YGL175C,YJR007W,0,-5.4973664,0.10743801295757294,0.8709999918937683,0.7235999703407288
YHR067W,YDR156W,0,-5.497374,0.1074247658252716,0.8709999918937683,0.7236999869346619
YGR005C,YFL058W,0,-5.497522,0.10741151869297028,0.8709999918937683,0.723800003528595
YDL116W,YOR064C,0,-5.4975233,0.10739827156066895,0.8709999918937683,0.7239000201225281
YMR061W,YDR311W,0,-5.4975886,0.10738503187894821,0.8709999918937683,0.7239999771118164
YPL115C,YHL022C,0,-5.4976087,0.10737179219722748,0.8709999918937683,0.7240999937057495
YGR169C,YOR356W,0,-5.497691,0.10735855996608734,0.8709999918937683,0.7242000102996826
YFR037C,YGR090W,0,-5.4977546,0.1073453277349472,0.8709999918937683,0.7243000268936157
YKL011C,YMR163C,0,-5.4978204,0.10733210295438766,0.8709999918937683,0.724399983882904
YER044C-A,YKR095W-A,0,-5.497827,0.10731887817382812,0.8709999918937683,0.7245000004768372
YOR185C,YPR121W,0,-5.497954,0.10730565339326859,0.8709999918937683,0.7246000170707703
YOR056C,YPR158W-A,0,-5.498077,0.10729243606328964,0.8709999918937683,0.7246999740600586
YGR280C,YPL033C,0,-5.49814,0.1072792187333107,0.8709999918937683,0.7247999906539917
YLR134W,YGL113W,0,-5.498203,0.10726600885391235,0.8709999918937683,0.7249000072479248
YIL106W,YKR081C,0,-5.498304,0.10725279897451401,0.8709999918937683,0.7250000238418579
YLR380W,YLR293C,0,-5.498366,0.10723959654569626,0.8709999918937683,0.7250999808311462
YKR101W,YDR523C,0,-5.4983788,0.10722639411687851,0.8709999918937683,0.7251999974250793
YGL028C,YLR092W,0,-5.4984055,0.10721319913864136,0.8709999918937683,0.7253000140190125
YCL069W,YJL012C,0,-5.498419,0.10719999670982361,0.8709999918937683,0.7253999710083008
YKR099W,YDR103W,0,-5.498476,0.10718680918216705,0.8709999918937683,0.7254999876022339
YFL048C,YLL021W,0,-5.498496,0.1071736216545105,0.8709999918937683,0.725600004196167
YLR233C,YPR139C,0,-5.498532,0.10716043412685394,0.8709999918937683,0.7257000207901001
YNL001W,YDR261C-D,0,-5.4985423,0.10714725404977798,0.8709999918937683,0.7257999777793884
YPL119C,YPR158W-A,0,-5.4986434,0.10713407397270203,0.8709999918937683,0.7258999943733215
YFL033C,YGR038C-B,0,-5.4989448,0.10712089389562607,0.8709999918937683,0.7260000109672546
YKL074C,YNL054W-A,0,-5.498946,0.1071077212691307,0.8709999918937683,0.7261000275611877
YMR008C,YMR236W,0,-5.498972,0.10709455609321594,0.8709999918937683,0.7261999845504761
YHR030C,YNL054W-B,0,-5.499249,0.10708138346672058,0.8709999918937683,0.7263000011444092
YDR421W,YPR006C,0,-5.4992805,0.10706822574138641,0.8709999918937683,0.7264000177383423
YDL117W,YDR206W,0,-5.499557,0.10705506056547165,0.8709999918937683,0.7264999747276306
YFL024C,YGR172C,0,-5.4996047,0.10704191029071808,0.8709999918937683,0.7265999913215637
YLR157C,YJR029W,0,-5.4996977,0.10702875256538391,0.8709999918937683,0.7267000079154968
YER006W,YOL103W-B,0,-5.4998546,0.10701560229063034,0.8709999918937683,0.7268000245094299
YPL002C,YEL026W,0,-5.4999285,0.10700245946645737,0.8709999918937683,0.7268999814987183
YOL130W,YMR312W,0,-5.49995,0.1069893166422844,0.8709999918937683,0.7269999980926514
YJR127C,YER031C,0,-5.5000873,0.10697617381811142,0.8709999918937683,0.7271000146865845
YDR418W,YOR142W-A,0,-5.500157,0.10696303844451904,0.8709999918937683,0.7271999716758728
YLR347C,YMR308C,0,-5.5002675,0.10694990307092667,0.8709999918937683,0.7272999882698059
YER122C,YGL011C,0,-5.500528,0.10693676769733429,0.8709999918937683,0.727400004863739
YOR153W,YBR030W,0,-5.501016,0.1069236472249031,0.8709999918937683,0.7275000214576721
YLR002C,YBR103W,0,-5.5010896,0.10691051930189133,0.8709999918937683,0.7275999784469604
YAL054C,YPL155C,0,-5.50109,0.10689739882946014,0.8709999918937683,0.7276999950408936
YLR028C,YNR074C,0,-5.501183,0.10688427835702896,0.8709999918937683,0.7278000116348267
YPL101W,YOR054C,0,-5.501213,0.10687116533517838,0.8709999918937683,0.7279000282287598
YLR201C,YPL169C,0,-5.501227,0.10685805231332779,0.8709999918937683,0.7279999852180481
YGR081C,YLR346C,0,-5.5013337,0.1068449467420578,0.8709999918937683,0.7281000018119812
YGR214W,YNL253W,0,-5.5013986,0.10683184117078781,0.8709999918937683,0.7282000184059143
YOR226C,YCR009C,0,-5.5014396,0.10681873559951782,0.8709999918937683,0.7282999753952026
YPR042C,YMR095C,0,-5.5014462,0.10680563747882843,0.8709999918937683,0.7283999919891357
YPL156C,YJR104C,0,-5.5015073,0.10679254680871964,0.8709999918937683,0.7285000085830688
YKR097W,YDR280W,0,-5.5015454,0.10677945613861084,0.8709999918937683,0.728600025177002
YPR143W,YOL031C,0,-5.501673,0.10676636546850204,0.8709999918937683,0.7286999821662903
YIL118W,YOL129W,0,-5.5021777,0.10675328224897385,0.8709999918937683,0.7287999987602234
YIL010W,YFR002W,0,-5.502318,0.10674019902944565,0.8709999918937683,0.7289000153541565
YMR237W,YPR007C,0,-5.502457,0.10672711580991745,0.8709999918937683,0.7289999723434448
YIL040W,YGL006W,0,-5.502615,0.10671404004096985,0.8709999918937683,0.7290999889373779
YLR285W,YMR106C,0,-5.502643,0.10670096427202225,0.8709999918937683,0.729200005531311
YGR095C,YGL098W,0,-5.502973,0.10668789595365524,0.8709999918937683,0.7293000221252441
YNL282W,YFL002W-B,0,-5.5029817,0.10667483508586884,0.8709999918937683,0.7293999791145325
YBR161W,YFL004W,0,-5.5031276,0.10666176676750183,0.8709999918937683,0.7294999957084656
YAL003W,YML085C,0,-5.5031304,0.10664870589971542,0.8709999918937683,0.7296000123023987
YGL016W,YPL270W,0,-5.503205,0.10663565248250961,0.8709999918937683,0.7297000288963318
YBL075C,YGR161W-B,0,-5.5032845,0.1066225990653038,0.8709999918937683,0.7297999858856201
YGR144W,YJL054W,1,-5.5035596,0.10673194378614426,0.871999979019165,0.7297999858856201
YCR071C,YGL150C,0,-5.5037503,0.10671888291835785,0.871999979019165,0.7299000024795532
YOL013C,YDR297W,0,-5.5039706,0.10670582205057144,0.871999979019165,0.7300000190734863
YCR010C,YKR081C,0,-5.504168,0.10669276863336563,0.871999979019165,0.7300999760627747
YBR135W,YOL059W,0,-5.5042763,0.10667971521615982,0.871999979019165,0.7301999926567078
YKL005C,YML092C,0,-5.504501,0.1066666692495346,0.871999979019165,0.7303000092506409
YJR006W,YJR077C,0,-5.5045905,0.1066536232829094,0.871999979019165,0.730400025844574
YEL042W,YOL010W,0,-5.504604,0.10664057731628418,0.871999979019165,0.7304999828338623
YDR256C,YKL160W,0,-5.5046086,0.10662753880023956,0.871999979019165,0.7305999994277954
YLR205C,YOL111C,0,-5.5046706,0.10661450028419495,0.871999979019165,0.7307000160217285
YDR411C,YBL006C,0,-5.5046954,0.10660146921873093,0.871999979019165,0.7307999730110168
YPL265W,YDL229W,0,-5.5047603,0.1065884381532669,0.871999979019165,0.73089998960495
YDR214W,YBR002C,0,-5.5048614,0.10657540708780289,0.871999979019165,0.7310000061988831
YHR089C,YDL028C,0,-5.504953,0.10656238347291946,0.871999979019165,0.7311000227928162
YKR061W,YJR019C,0,-5.5049963,0.10654936730861664,0.871999979019165,0.7311999797821045
YOR045W,YGR038C-B,0,-5.505402,0.10653634369373322,0.871999979019165,0.7312999963760376
YGL183C,YMR039C,0,-5.5056353,0.10652333498001099,0.871999979019165,0.7314000129699707
YHR120W,YDL217C,1,-5.5057063,0.10663246363401413,0.8730000257492065,0.7314000129699707
YBR060C,YDL130W-A,0,-5.505739,0.1066194400191307,0.8730000257492065,0.7315000295639038
YPL076W,YPL151C,0,-5.505785,0.10660642385482788,0.8730000257492065,0.7315999865531921
YGL222C,YCL004W,0,-5.5059237,0.10659340769052505,0.8730000257492065,0.7317000031471252
YBR212W,YGR144W,1,-5.5059695,0.10670247673988342,0.8740000128746033,0.7317000031471252
YDR140W,YDR484W,0,-5.506,0.106689453125,0.8740000128746033,0.7318000197410583
YBR158W,YOL103W-B,0,-5.506408,0.10667642951011658,0.8740000128746033,0.7318999767303467
YDR145W,YOR192C-B,0,-5.506516,0.10666341334581375,0.8740000128746033,0.7319999933242798
YFL014W,YDL007W,0,-5.506581,0.10665039718151093,0.8740000128746033,0.7321000099182129
YLR276C,YGL129C,0,-5.506605,0.1066373810172081,0.8740000128746033,0.732200026512146
YNL004W,YNL309W,0,-5.5068717,0.10662437230348587,0.8740000128746033,0.7322999835014343
YLR005W,YGL098W,0,-5.5068893,0.10661137104034424,0.8740000128746033,0.7324000000953674
YBL026W,YPR158W-A,0,-5.506911,0.10659836232662201,0.8740000128746033,0.7325000166893005
YNR060W,YNL326C,0,-5.507158,0.10658536851406097,0.8740000128746033,0.7325999736785889
YJR089W,YGR214W,0,-5.5071754,0.10657236725091934,0.8740000128746033,0.732699990272522
YNL006W,YKL178C,0,-5.507215,0.1065593734383583,0.8740000128746033,0.7328000068664551
YDR459C,YGR109W-B,0,-5.5074005,0.10654638707637787,0.8740000128746033,0.7329000234603882
YNL023C,YOR344C,0,-5.5074205,0.10653340071439743,0.8740000128746033,0.7329999804496765
YAL021C,YCL027W,0,-5.507473,0.10652041435241699,0.8740000128746033,0.7330999970436096
YDR503C,YGR183C,0,-5.5077486,0.10650743544101715,0.8740000128746033,0.7332000136375427
YGR227W,YOR297C,0,-5.5078316,0.10649445652961731,0.8740000128746033,0.733299970626831
YDL108W,YBR162C,0,-5.5080223,0.10648148506879807,0.8740000128746033,0.7333999872207642
YNR008W,YDR335W,0,-5.5080414,0.10646851360797882,0.8740000128746033,0.7335000038146973
YBR158W,YMR272C,0,-5.508684,0.10645554214715958,0.8740000128746033,0.7336000204086304
YDL087C,YDR212W,0,-5.5087166,0.10644257813692093,0.8740000128746033,0.7336999773979187
YLR233C,YBR040W,0,-5.50872,0.10642961412668228,0.8740000128746033,0.7337999939918518
YKL143W,YKR052C,0,-5.508757,0.10641665756702423,0.8740000128746033,0.7339000105857849
YDR384C,YGL133W,0,-5.5088134,0.10640370100736618,0.8740000128746033,0.734000027179718
YAL043C,YER082C,0,-5.5088944,0.10639075189828873,0.8740000128746033,0.7340999841690063
YLR166C,YGR020C,0,-5.508948,0.10637780278921127,0.8740000128746033,0.7342000007629395
YLR370C,YMR134W,1,-5.5090036,0.10648655146360397,0.875,0.7342000007629395
YGR041W,YMR322C,0,-5.5091014,0.10647359490394592,0.875,0.7343000173568726
YGR231C,YLR272C,0,-5.509215,0.10646063834428787,0.875,0.7343999743461609
YHR106W,YNL247W,0,-5.509357,0.10644768923521042,0.875,0.734499990940094
YMR250W,YCL032W,0,-5.509491,0.10643474012613297,0.875,0.7346000075340271
YOR145C,YOR140W,0,-5.509637,0.10642179846763611,0.875,0.7347000241279602
YLR139C,YHR030C,0,-5.5097194,0.10640885680913925,0.875,0.7347999811172485
YIL051C,YBR212W,1,-5.509944,0.10651750862598419,0.8759999871253967,0.7347999811172485
YOR030W,YBR009C,0,-5.5106483,0.10650455951690674,0.8759999871253967,0.7348999977111816
YPR168W,YLR329W,0,-5.510671,0.10649161040782928,0.8759999871253967,0.7350000143051147
YCL034W,YDR228C,0,-5.510672,0.10647866874933243,0.8759999871253967,0.7350999712944031
YDR098C,YDR365W-A,0,-5.510907,0.10646572709083557,0.8759999871253967,0.7351999878883362
YIL128W,YNL054W-B,0,-5.51097,0.10645278543233871,0.8759999871253967,0.7353000044822693
YNL293W,YDR532C,0,-5.5109763,0.10643985122442245,0.8759999871253967,0.7354000210762024
YKR039W,YIR025W,0,-5.5111117,0.10642692446708679,0.8759999871253967,0.7354999780654907
YKL012W,YGL244W,0,-5.5111575,0.10641399770975113,0.8759999871253967,0.7355999946594238
YCR042C,YDR246W,0,-5.511351,0.10640107095241547,0.8759999871253967,0.7357000112533569
YLR371W,YOR142W-A,0,-5.511433,0.1063881441950798,0.8759999871253967,0.73580002784729
YNL286W,YPL257W-B,0,-5.511784,0.10637522488832474,0.8759999871253967,0.7358999848365784
YER146W,YBL017C,0,-5.5119996,0.10636231303215027,0.8759999871253967,0.7360000014305115
YBR020W,YAR008W,0,-5.5121975,0.1063494011759758,0.8759999871253967,0.7361000180244446
YHR058C,YDR098C-B,0,-5.5123343,0.10633648931980133,0.8759999871253967,0.7361999750137329
YPL098C,YMR134W,1,-5.512775,0.10644495487213135,0.8769999742507935,0.7361999750137329
YOR181W,YLR451W,0,-5.512777,0.10643203556537628,0.8769999742507935,0.736299991607666
YNL169C,YLR301W,0,-5.5127854,0.10641912370920181,0.8769999742507935,0.7364000082015991
YBL016W,YMR292W,0,-5.512818,0.10640621185302734,0.8769999742507935,0.7365000247955322
YLR110C,YJL059W,0,-5.512876,0.10639329999685287,0.8769999742507935,0.7365999817848206
YEL034W,YOR310C,0,-5.5129995,0.106380395591259,0.8769999742507935,0.7366999983787537
YBR085W,YNL036W,0,-5.5132117,0.10636749863624573,0.8769999742507935,0.7368000149726868
YAL038W,YKL139W,0,-5.513228,0.10635459423065186,0.8769999742507935,0.7368999719619751
YNL210W,YML025C,0,-5.513407,0.10634169727563858,0.8769999742507935,0.7369999885559082
YNL239W,YOR192C-A,0,-5.5134363,0.1063288077712059,0.8769999742507935,0.7371000051498413
YBR091C,YMR302C,1,-5.513657,0.10643714666366577,0.878000020980835,0.7371000051498413
YLL019C,YNL044W,0,-5.5137506,0.1064242422580719,0.878000020980835,0.7372000217437744
YER061C,YFR019W,0,-5.514,0.10641134530305862,0.878000020980835,0.7372999787330627
YPR100W,YDR261C-C,0,-5.5140533,0.10639844834804535,0.878000020980835,0.7373999953269958
YBR068C,YOL148C,0,-5.514069,0.10638555884361267,0.878000020980835,0.737500011920929
YHR019C,YJL157C,0,-5.5141797,0.10637266933917999,0.878000020980835,0.7376000285148621
YBR185C,YML104C,1,-5.5144267,0.1064809188246727,0.8790000081062317,0.7376000285148621
YJL008C,YDR244W,0,-5.514453,0.10646802186965942,0.8790000081062317,0.7376999855041504
YMR047C,YHR088W,0,-5.5145316,0.10645513236522675,0.8790000081062317,0.7378000020980835
YIR013C,YLR067C,0,-5.514583,0.10644223541021347,0.8790000081062317,0.7379000186920166
YMR199W,YDL174C,0,-5.514607,0.10642935335636139,0.8790000081062317,0.7379999756813049
YBL026W,YIL013C,0,-5.5146422,0.10641646385192871,0.8790000081062317,0.738099992275238
YBL098W,YDL031W,0,-5.5148683,0.10640358179807663,0.8790000081062317,0.7382000088691711
YJL033W,YDR260C,0,-5.514909,0.10639070719480515,0.8790000081062317,0.7383000254631042
YOL146W,YPR158C-C,0,-5.51496,0.10637783259153366,0.8790000081062317,0.7383999824523926
YDR437W,YDR210W-B,0,-5.515202,0.10636495798826218,0.8790000081062317,0.7384999990463257
YGR055W,YOR191W,0,-5.515577,0.10635209083557129,0.8790000081062317,0.7386000156402588
YGL012W,YNL133C,0,-5.515664,0.1063392236828804,0.8790000081062317,0.7386999726295471
YKL114C,YML121W,0,-5.515726,0.10632635653018951,0.8790000081062317,0.7387999892234802
YNL110C,YDR261C-C,0,-5.5160484,0.10631349682807922,0.8790000081062317,0.7389000058174133
YLR208W,YGR162W,0,-5.516237,0.10630064457654953,0.8790000081062317,0.7390000224113464
YJL210W,YNL163C,0,-5.5162444,0.10628778487443924,0.8790000081062317,0.7390999794006348
YLR328W,YLR371W,0,-5.5162544,0.10627494007349014,0.8790000081062317,0.7391999959945679
YGR097W,YJR103W,0,-5.5162783,0.10626208782196045,0.8790000081062317,0.739300012588501
YPL069C,YJR091C,0,-5.51634,0.10624924302101135,0.8790000081062317,0.7394000291824341
YEL016C,YDL153C,0,-5.516393,0.10623640567064285,0.8790000081062317,0.7394999861717224
YHR174W,YDR261W-B,0,-5.516472,0.10622356832027435,0.8790000081062317,0.7396000027656555
YDR202C,YNL054W-A,0,-5.516508,0.10621073096990585,0.8790000081062317,0.7397000193595886
YAL041W,YMR069W,0,-5.516603,0.10619790107011795,0.8790000081062317,0.739799976348877
YCR012W,YFL008W,0,-5.517054,0.10618507117033005,0.8790000081062317,0.7398999929428101
YNL309W,YJL141C,0,-5.5170813,0.10617224127054214,0.8790000081062317,0.7400000095367432
YPL267W,YDL130W-A,0,-5.517316,0.10615941882133484,0.8790000081062317,0.7401000261306763
YPL270W,YBR012W-A,0,-5.5174923,0.10614660382270813,0.8790000081062317,0.7401999831199646
YMR224C,YGL070C,0,-5.517553,0.10613378137350082,0.8790000081062317,0.7402999997138977
YLR265C,YKR081C,0,-5.5176396,0.10612097382545471,0.8790000081062317,0.7404000163078308
YJL035C,YOR192C-A,0,-5.5177374,0.106108158826828,0.8790000081062317,0.7404999732971191
YPR034W,YOL090W,0,-5.5179167,0.10609535127878189,0.8790000081062317,0.7405999898910522
YAL051W,YOL105C,0,-5.5180793,0.10608255118131638,0.8790000081062317,0.7407000064849854
YBR092C,YPL016W,0,-5.518098,0.10606975108385086,0.8790000081062317,0.7408000230789185
YOR078W,YPL253C,0,-5.518179,0.10605695098638535,0.8790000081062317,0.7408999800682068
YMR163C,YNL128W,0,-5.5183005,0.10604415833950043,0.8790000081062317,0.7409999966621399
YDL174C,YGL028C,0,-5.518723,0.10603136569261551,0.8790000081062317,0.741100013256073
YLR318W,YDR146C,0,-5.518826,0.10601857304573059,0.8790000081062317,0.7411999702453613
YDR362C,YPR016C,0,-5.5188403,0.10600578784942627,0.8790000081062317,0.7412999868392944
YDR440W,YDR365W-A,0,-5.5188665,0.10599300265312195,0.8790000081062317,0.7414000034332275
YBR059C,YDR261C-C,0,-5.5188665,0.10598022490739822,0.8790000081062317,0.7415000200271606
YDR527W,YDR246W,0,-5.518884,0.1059674471616745,0.8790000081062317,0.741599977016449
YDR081C,YPR187W,0,-5.518894,0.10595467686653137,0.8790000081062317,0.7416999936103821
YLR447C,YLR410W-B,0,-5.51909,0.10594190657138824,0.8790000081062317,0.7418000102043152
YCL052C,YGR161C-D,0,-5.519101,0.10592913627624512,0.8790000081062317,0.7419000267982483
YHR069C,YDR365W-B,0,-5.5191593,0.10591637343168259,0.8790000081062317,0.7419999837875366
YBR089C-A,YPR016C,0,-5.5193567,0.10590361803770065,0.8790000081062317,0.7421000003814697
YJR006W,YNL268W,0,-5.5193815,0.10589085519313812,0.8790000081062317,0.7422000169754028
YIL159W,YML058W-A,0,-5.5195146,0.10587809979915619,0.8790000081062317,0.7422999739646912
YBR217W,YPL086C,0,-5.519543,0.10586535185575485,0.8790000081062317,0.7423999905586243
YOL068C,YJL026W,0,-5.519824,0.10585260391235352,0.8790000081062317,0.7425000071525574
YBR221C,YHR214C-C,0,-5.5199065,0.10583985596895218,0.8790000081062317,0.7426000237464905
YLL042C,YML081C-A,0,-5.520064,0.10582711547613144,0.8790000081062317,0.7426999807357788
YPL101W,YDR437W,0,-5.5201344,0.1058143749833107,0.8790000081062317,0.7427999973297119
YDR252W,YGL227W,0,-5.520292,0.10580163449048996,0.8790000081062317,0.742900013923645
YPL255W,YOR116C,0,-5.520336,0.10578890144824982,0.8790000081062317,0.7429999709129333
YGL183C,YOR148C,0,-5.520437,0.10577617585659027,0.8790000081062317,0.7430999875068665
YNL239W,YDL039C,0,-5.520766,0.10576344281435013,0.8790000081062317,0.7432000041007996
YNL094W,YPL253C,0,-5.520786,0.10575072467327118,0.8790000081062317,0.7433000206947327
YNL142W,YMR284W,0,-5.520807,0.10573799908161163,0.8790000081062317,0.743399977684021
YDR129C,YNL054W-B,0,-5.5208955,0.10572528094053268,0.8790000081062317,0.7434999942779541
YLR276C,YGL033W,0,-5.5209217,0.10571257025003433,0.8790000081062317,0.7436000108718872
YBR274W,YGR238C,0,-5.520923,0.10569985210895538,0.8790000081062317,0.7437000274658203
YDL236W,YPL060C-A,0,-5.520932,0.10568714886903763,0.8790000081062317,0.7437999844551086
YGR195W,YLR181C,0,-5.521036,0.10567443817853928,0.8790000081062317,0.7439000010490417
YGR200C,YDR316W-B,0,-5.521188,0.10566173493862152,0.8790000081062317,0.7440000176429749
YOL082W,YHR186C,0,-5.5212297,0.10564903914928436,0.8790000081062317,0.7440999746322632
YHR072W,YPR137C-A,0,-5.521318,0.1056363433599472,0.8790000081062317,0.7441999912261963
YOR030W,YGR145W,0,-5.521323,0.10562364757061005,0.8790000081062317,0.7443000078201294
YLR342W,YGR027W-B,0,-5.521481,0.10561095923185349,0.8790000081062317,0.7444000244140625
YAL043C,YHR066W,0,-5.5216055,0.10559827089309692,0.8790000081062317,0.7444999814033508
YAL040C,YDR130C,0,-5.5216165,0.10558558255434036,0.8790000081062317,0.7445999979972839
YKR046C,YKL075C,0,-5.521622,0.1055729016661644,0.8790000081062317,0.744700014591217
YLR189C,YLR035C,0,-5.521651,0.10556022822856903,0.8790000081062317,0.7447999715805054
YDR244W,YDR143C,0,-5.5216985,0.10554754734039307,0.8790000081062317,0.7448999881744385
YPL098C,YCR020C,1,-5.521796,0.10565494000911713,0.8799999952316284,0.7448999881744385
YPR111W,YGL070C,0,-5.521813,0.10564225912094116,0.8799999952316284,0.7450000047683716
YNL231C,YLR410W-B,0,-5.521867,0.1056295782327652,0.8799999952316284,0.7451000213623047
YKL029C,YCL017C,0,-5.5218782,0.10561689734458923,0.8799999952316284,0.745199978351593
YML058W-A,YER095W,0,-5.5219045,0.10560422390699387,0.8799999952316284,0.7452999949455261
YMR163C,YPR042C,0,-5.5221257,0.1055915504693985,0.8799999952316284,0.7454000115394592
YLR100W,YLR139C,0,-5.522146,0.10557888448238373,0.8799999952316284,0.7455000281333923
YGL216W,YNL206C,0,-5.522157,0.10556621849536896,0.8799999952316284,0.7455999851226807
YNL286W,YMR095C,0,-5.52226,0.10555355995893478,0.8799999952316284,0.7457000017166138
YEL036C,YPR057W,0,-5.5225496,0.10554089397192001,0.8799999952316284,0.7458000183105469
YBL009W,YNL232W,0,-5.5226293,0.10552824288606644,0.8799999952316284,0.7458999752998352
YNL053W,YGL225W,0,-5.522633,0.10551558434963226,0.8799999952316284,0.7459999918937683
YPL248C,YLR466W,0,-5.522673,0.10550294071435928,0.8799999952316284,0.7461000084877014
YJL008C,YGL014W,0,-5.522713,0.1054902896285057,0.8799999952316284,0.7462000250816345
YPL098C,YDL006W,1,-5.522944,0.10559750348329544,0.8809999823570251,0.7462000250816345
YDR516C,YGR202C,0,-5.5230103,0.10558485239744186,0.8809999823570251,0.7462999820709229
YKL201C,YOL121C,0,-5.523146,0.10557220131158829,0.8809999823570251,0.746399998664856
YJR027W,YOR192C-B,0,-5.523171,0.10555955022573471,0.8809999823570251,0.7465000152587891
YKL197C,YBR237W,0,-5.5234084,0.10554690659046173,0.8809999823570251,0.7465999722480774
YMR292W,YDR409W,0,-5.5234847,0.10553426295518875,0.8809999823570251,0.7466999888420105
YKR019C,YGL211W,0,-5.523524,0.10552161931991577,0.8809999823570251,0.7468000054359436
YGL137W,YDR146C,0,-5.5236163,0.10550898313522339,0.8809999823570251,0.7469000220298767
YKL043W,YJR068W,0,-5.523788,0.105496346950531,0.8809999823570251,0.746999979019165
YOR267C,YPR158C-C,0,-5.5238166,0.10548371821641922,0.8809999823570251,0.7470999956130981
YBR168W,YEL004W,0,-5.5238495,0.10547108948230743,0.8809999823570251,0.7472000122070312
YDR436W,YLR145W,0,-5.5239,0.10545846074819565,0.8809999823570251,0.7473000288009644
YDR358W,YOR035C,0,-5.524122,0.10544583946466446,0.8809999823570251,0.7473999857902527
YGL038C,YJL059W,0,-5.524229,0.10543321818113327,0.8809999823570251,0.7475000023841858
YNL172W,YKL059C,0,-5.524273,0.10542060434818268,0.8809999823570251,0.7476000189781189
YLR103C,YBR055C,0,-5.524798,0.10540799051523209,0.8809999823570251,0.7476999759674072
YML094W,YDR365W-B,0,-5.5250735,0.10539538413286209,0.8809999823570251,0.7477999925613403
YJR102C,YDR365W-A,0,-5.5250735,0.1053827777504921,0.8809999823570251,0.7479000091552734
YOR113W,YOR142W-B,0,-5.525082,0.1053701713681221,0.8809999823570251,0.7480000257492065
YMR299C,YDR198C,0,-5.5251093,0.1053575724363327,0.8809999823570251,0.7480999827384949
YGR177C,YPR158C-D,0,-5.525163,0.1053449735045433,0.8809999823570251,0.748199999332428
YBR118W,YLR425W,0,-5.525304,0.1053323745727539,0.8809999823570251,0.7483000159263611
YNR059W,YGR085C,0,-5.525308,0.1053197830915451,0.8809999823570251,0.7483999729156494
YOL027C,YLR190W,1,-5.5253463,0.10542672872543335,0.8820000290870667,0.7483999729156494
YMR068W,YJL164C,0,-5.52538,0.10541412979364395,0.8820000290870667,0.7484999895095825
YNL161W,YJL092W,0,-5.5255494,0.10540153086185455,0.8820000290870667,0.7486000061035156
YDL055C,YLR183C,0,-5.52559,0.10538893193006516,0.8820000290870667,0.7487000226974487
YCL014W,YDR284C,0,-5.5257287,0.10537634044885635,0.8820000290870667,0.7487999796867371
YGL183C,YLR410W-B,0,-5.5261874,0.10536375641822815,0.8820000290870667,0.7488999962806702
YMR225C,YGR251W,0,-5.526235,0.10535117238759995,0.8820000290870667,0.7490000128746033
YHR164C,YPL006W,0,-5.5264907,0.10533858835697174,0.8820000290870667,0.7491000294685364
YNL106C,YNL244C,0,-5.5264916,0.10532601177692413,0.8820000290870667,0.7491999864578247
YJL005W,YDR195W,0,-5.5265574,0.10531343519687653,0.8820000290870667,0.7493000030517578
YJL167W,YKR090W,0,-5.5265927,0.10530085861682892,0.8820000290870667,0.7494000196456909
YGL127C,YGR109W-A,0,-5.5266433,0.10528828948736191,0.8820000290870667,0.7494999766349792
YPR154W,YIL084C,0,-5.5266795,0.1052757203578949,0.8820000290870667,0.7495999932289124
YDR302W,YCR062W,0,-5.526838,0.10526315867900848,0.8820000290870667,0.7497000098228455
YOR073W,YDR034C-C,0,-5.526991,0.10525059700012207,0.8820000290870667,0.7498000264167786
YNL071W,YPL060C-A,0,-5.527192,0.10523803532123566,0.8820000290870667,0.7498999834060669
YJL219W,YGR027W-A,0,-5.5272427,0.10522548109292984,0.8820000290870667,0.75
YBR070C,YLR256W,0,-5.52746,0.10521293431520462,0.8820000290870667,0.7501000165939331
YDL145C,YJL187C,0,-5.527598,0.1052003800868988,0.8820000290870667,0.7501999735832214
YDR513W,YLR035C,0,-5.527601,0.10518783330917358,0.8820000290870667,0.7502999901771545
YFR040W,YLR277C,0,-5.5277705,0.10517529398202896,0.8820000290870667,0.7504000067710876
YDR126W,YFL038C,0,-5.527888,0.10516275465488434,0.8820000290870667,0.7505000233650208
YNL101W,YNR017W,0,-5.5281653,0.10515021532773972,0.8820000290870667,0.7505999803543091
YBL003C,YGL006W,0,-5.5281816,0.10513768345117569,0.8820000290870667,0.7506999969482422
YJL111W,YPL274W,0,-5.5282755,0.10512515157461166,0.8820000290870667,0.7508000135421753
YPR033C,YER087C-A,0,-5.5282845,0.10511261969804764,0.8820000290870667,0.7508999705314636
YJL076W,YIL017C,0,-5.528488,0.10510009527206421,0.8820000290870667,0.7509999871253967
YBR110W,YJR126C,0,-5.528616,0.10508757084608078,0.8820000290870667,0.7511000037193298
YNR049C,YJL156C,0,-5.5287757,0.10507505387067795,0.8820000290870667,0.7512000203132629
YDL120W,YNL054W-A,0,-5.528828,0.10506253689527512,0.8820000290870667,0.7512999773025513
YGL192W,YJL074C,0,-5.528929,0.10505002737045288,0.8820000290870667,0.7513999938964844
YJL033W,YJL203W,0,-5.5289426,0.10503751039505005,0.8820000290870667,0.7515000104904175
YDL046W,YLR059C,0,-5.529041,0.10502500832080841,0.8820000290870667,0.7516000270843506
YNL066W,YNL079C,1,-5.52977,0.10513156652450562,0.8830000162124634,0.7516000270843506
YDR280W,YGR027W-B,0,-5.5298824,0.10511904954910278,0.8830000162124634,0.7516999840736389
YPL178W,YLR175W,0,-5.5299454,0.10510653257369995,0.8830000162124634,0.751800000667572
YBL090W,YGR109W-A,0,-5.530131,0.10509402304887772,0.8830000162124634,0.7519000172615051
YDR317W,YDR316W-B,0,-5.530189,0.10508152097463608,0.8830000162124634,0.7519999742507935
YLR368W,YNL055C,1,-5.5302205,0.10518800467252731,0.8840000033378601,0.7519999742507935
YBR072W,YGR122W,0,-5.530477,0.10517548769712448,0.8840000033378601,0.7520999908447266
YGR200C,YJL127C,0,-5.5307097,0.10516297817230225,0.8840000033378601,0.7522000074386597
YOL078W,YBL090W,0,-5.5307517,0.10515046864748001,0.8840000033378601,0.7523000240325928
YKR036C,YOR147W,1,-5.5309086,0.10525690019130707,0.8849999904632568,0.7523000240325928
YNR060W,YPL224C,0,-5.530915,0.10524438321590424,0.8849999904632568,0.7523999810218811
YFR036W,YNL206C,0,-5.531142,0.1052318662405014,0.8849999904632568,0.7524999976158142
YGR092W,YGR030C,0,-5.531369,0.10521935671567917,0.8849999904632568,0.7526000142097473
YJL170C,YDR437W,0,-5.531483,0.10520684719085693,0.8849999904632568,0.7526999711990356
YHR021C,YHR038W,0,-5.5314913,0.1051943451166153,0.8849999904632568,0.7527999877929688
YPL175W,YDL229W,0,-5.531564,0.10518184304237366,0.8849999904632568,0.7529000043869019
YMR004W,YER053C,0,-5.531634,0.10516934096813202,0.8849999904632568,0.753000020980835
YGR010W,YPR158C-C,0,-5.5316534,0.10515684634447098,0.8849999904632568,0.7530999779701233
YPR154W,YLR410W-B,0,-5.531795,0.10514435172080994,0.8849999904632568,0.7531999945640564
YDL020C,YGR027W-A,0,-5.531988,0.1051318570971489,0.8849999904632568,0.7533000111579895
YFR033C,YDR489W,0,-5.532022,0.10511936992406845,0.8849999904632568,0.7534000277519226
YFR027W,YDR412W,0,-5.5321484,0.1051068902015686,0.8849999904632568,0.7534999847412109
YDR158W,YOR008C,0,-5.5322247,0.10509441047906876,0.8849999904632568,0.753600001335144
YDR252W,YJR059W,0,-5.5322633,0.10508193075656891,0.8849999904632568,0.7537000179290771
YHR186C,YCR061W,0,-5.532462,0.10506945103406906,0.8849999904632568,0.7537999749183655
YIL034C,YIR013C,0,-5.532611,0.10505697876214981,0.8849999904632568,0.7538999915122986
YMR078C,YMR139W,0,-5.53264,0.10504451394081116,0.8849999904632568,0.7540000081062317
YBR296C,YLR403W,0,-5.532757,0.1050320416688919,0.8849999904632568,0.7541000247001648
YFL029C,YDL042C,0,-5.5328445,0.10501957684755325,0.8849999904632568,0.7541999816894531
YML080W,YNL227C,0,-5.532906,0.1050071194767952,0.8849999904632568,0.7542999982833862
YHR042W,YLR043C,0,-5.5332136,0.10499466210603714,0.8849999904632568,0.7544000148773193
YCR034W,YPL045W,0,-5.5334115,0.10498220473527908,0.8849999904632568,0.7544999718666077
YOR150W,YCR033W,0,-5.5334697,0.10496975481510162,0.8849999904632568,0.7545999884605408
YLR015W,YIR022W,0,-5.533477,0.10495730489492416,0.8849999904632568,0.7547000050544739
YDR337W,YNL311C,0,-5.533534,0.1049448624253273,0.8849999904632568,0.754800021648407
YLL001W,YPR125W,1,-5.533876,0.10505098104476929,0.8859999775886536,0.754800021648407
YCR065W,YOR308C,0,-5.5338955,0.10503853112459183,0.8859999775886536,0.7548999786376953
YDR490C,YGR109W-A,0,-5.533958,0.10502608120441437,0.8859999775886536,0.7549999952316284
YNR035C,YHR120W,1,-5.534015,0.10513215512037277,0.8870000243186951,0.7549999952316284
YOR026W,YMR225C,0,-5.5341015,0.10511969774961472,0.8870000243186951,0.7551000118255615
YHL031C,YPL138C,0,-5.534103,0.10510724037885666,0.8870000243186951,0.7552000284194946
YDR339C,YDR219C,1,-5.534409,0.10521326959133148,0.8880000114440918,0.7552000284194946
YOR301W,YCR053W,0,-5.534417,0.10520080476999283,0.8880000114440918,0.755299985408783
YFR047C,YOR368W,0,-5.534428,0.10518834739923477,0.8880000114440918,0.7554000020027161
YLL034C,YBR069C,0,-5.5345445,0.10517588257789612,0.8880000114440918,0.7555000185966492
YOR298W,YDR202C,0,-5.534703,0.10516343265771866,0.8880000114440918,0.7555999755859375
YBR034C,YGL236C,0,-5.534781,0.1051509752869606,0.8880000114440918,0.7556999921798706
YJL095W,YDR096W,0,-5.535058,0.10513852536678314,0.8880000114440918,0.7558000087738037
YOR250C,YDR365W-A,0,-5.535286,0.10512608289718628,0.8880000114440918,0.7559000253677368
YER036C,YJL145W,0,-5.5353026,0.10511363297700882,0.8880000114440918,0.7559999823570251
YDR258C,YML061C,1,-5.535346,0.10521955043077469,0.8889999985694885,0.7559999823570251
YPR051W,YLR002C,0,-5.5353584,0.10520710051059723,0.8889999985694885,0.7560999989509583
YDR246W,YIL056W,0,-5.5355306,0.10519465059041977,0.8889999985694885,0.7562000155448914
YGR247W,YOR317W,0,-5.53582,0.1051822081208229,0.8889999985694885,0.7562999725341797
YMR301C,YJL128C,0,-5.5358553,0.10516976565122604,0.8889999985694885,0.7563999891281128
YIL160C,YPL045W,0,-5.535895,0.10515732318162918,0.8889999985694885,0.7565000057220459
YNR017W,YGR027W-B,0,-5.535915,0.10514488816261292,0.8889999985694885,0.756600022315979
YJR065C,YKR036C,1,-5.5359597,0.10525070875883102,0.8899999856948853,0.756600022315979
YDL166C,YPL040C,0,-5.5361943,0.10523826628923416,0.8899999856948853,0.7566999793052673
YHR186C,YOR192C-B,0,-5.536279,0.1052258238196373,0.8899999856948853,0.7567999958992004
YIR010W,YDR098C-B,0,-5.536324,0.10521338135004044,0.8899999856948853,0.7569000124931335
YJL115W,YPR167C,0,-5.5365376,0.10520094633102417,0.8899999856948853,0.7570000290870667
YNL328C,YOR130C,0,-5.5366254,0.1051885113120079,0.8899999856948853,0.757099986076355
YHR174W,YJR104C,0,-5.5367684,0.10517608374357224,0.8899999856948853,0.7572000026702881
YHR072W,YGR195W,0,-5.5368257,0.10516365617513657,0.8899999856948853,0.7573000192642212
YMR012W,YHR031C,1,-5.53709,0.10526937246322632,0.890999972820282,0.7573000192642212
YOL077W-A,YML040W,0,-5.537238,0.10525693744421005,0.890999972820282,0.7573999762535095
YLR231C,YDR316W-A,0,-5.537346,0.10524450987577438,0.890999972820282,0.7574999928474426
YNL317W,YOR110W,0,-5.537353,0.10523207485675812,0.890999972820282,0.7576000094413757
YJL190C,YNL206C,0,-5.5373964,0.10521964728832245,0.890999972820282,0.7577000260353088
YNL251C,YPR158C-D,0,-5.5375495,0.10520722717046738,0.890999972820282,0.7577999830245972
YOR351C,YDR018C,0,-5.537624,0.1051948070526123,0.890999972820282,0.7578999996185303
YDL220C,YER142C,0,-5.537732,0.10518238693475723,0.890999972820282,0.7580000162124634
YAR019C,YOL102C,0,-5.537783,0.10516997426748276,0.890999972820282,0.7580999732017517
YPL037C,YHR024C,0,-5.53799,0.10515756160020828,0.890999972820282,0.7581999897956848
YJL050W,YJL156C,0,-5.5380936,0.10514514893293381,0.890999972820282,0.7583000063896179
YGR172C,YER159C-A,0,-5.538118,0.10513274371623993,0.890999972820282,0.758400022983551
YLR355C,YML058W,1,-5.5383463,0.10523831844329834,0.8920000195503235,0.758400022983551
YBR170C,YDR276C,0,-5.538413,0.10522590577602386,0.8920000195503235,0.7584999799728394
YER045C,YDR171W,0,-5.538467,0.10521349310874939,0.8920000195503235,0.7585999965667725
YPR080W,YGR161W-B,0,-5.5385795,0.10520108789205551,0.8920000195503235,0.7587000131607056
YDR420W,YDR261W-B,0,-5.538594,0.10518868267536163,0.8920000195503235,0.7588000297546387
YBL071W-A,YKL088W,0,-5.538731,0.10517627745866776,0.8920000195503235,0.758899986743927
YCL024W,YLR196W,0,-5.5387316,0.10516387969255447,0.8920000195503235,0.7590000033378601
YDR299W,YGL129C,0,-5.5387373,0.10515148192644119,0.8920000195503235,0.7591000199317932
YPL255W,YKL203C,0,-5.53881,0.10513908416032791,0.8920000195503235,0.7591999769210815
YIR028W,YJL179W,0,-5.5388865,0.10512669384479523,0.8920000195503235,0.7592999935150146
YIL143C,YHR178W,0,-5.5392804,0.10511430352926254,0.8920000195503235,0.7594000101089478
YLL041C,YKL126W,0,-5.539307,0.10510192066431046,0.8920000195503235,0.7595000267028809
YDR328C,YOR192C-A,0,-5.5393853,0.10508953779935837,0.8920000195503235,0.7595999836921692
YLR276C,YDR362C,0,-5.5394387,0.10507716238498688,0.8920000195503235,0.7597000002861023
YMR037C,YMR045C,0,-5.539513,0.10506477952003479,0.8920000195503235,0.7598000168800354
YOR316C,YHR191C,0,-5.5395985,0.1050524115562439,0.8920000195503235,0.7598999738693237
YDL130W,YDR120C,0,-5.539599,0.1050400361418724,0.8920000195503235,0.7599999904632568
YDL166C,YCL004W,0,-5.5397067,0.10502766817808151,0.8920000195503235,0.7601000070571899
YFL024C,YPR006C,0,-5.5399837,0.10501530766487122,0.8920000195503235,0.760200023651123
YGL043W,YNL313C,0,-5.54007,0.10500293970108032,0.8920000195503235,0.7602999806404114
YCL051W,YGR054W,0,-5.540325,0.10499058663845062,0.8920000195503235,0.7603999972343445
YDR191W,YDR316W-A,0,-5.54057,0.10497822612524033,0.8920000195503235,0.7605000138282776
YIL066C,YOL109W,0,-5.540622,0.10496587306261063,0.8920000195503235,0.7605999708175659
YNL161W,YLR092W,0,-5.5406995,0.10495352745056152,0.8920000195503235,0.760699987411499
YOR174W,YMR272C,0,-5.5408688,0.10494117438793182,0.8920000195503235,0.7608000040054321
YML061C,YHR083W,1,-5.540919,0.10504646599292755,0.8930000066757202,0.7608000040054321
YDR255C,YML098W,0,-5.5410686,0.10503411293029785,0.8930000066757202,0.7609000205993652
YPL248C,YPL233W,0,-5.5410705,0.10502175986766815,0.8930000066757202,0.7609999775886536
YLR028C,YLR227W-B,0,-5.541416,0.10500940680503845,0.8930000066757202,0.7610999941825867
YPR070W,YAL047C,0,-5.54157,0.10499706119298935,0.8930000066757202,0.7612000107765198
YNL094W,YER171W,0,-5.5417504,0.10498471558094025,0.8930000066757202,0.7613000273704529
YAR033W,YHR062C,0,-5.5418377,0.10497237741947174,0.8930000066757202,0.7613999843597412
YDR456W,YLR410W-B,0,-5.542042,0.10496003925800323,0.8930000066757202,0.7615000009536743
YDR511W,YLR410W-B,0,-5.542149,0.10494770109653473,0.8930000066757202,0.7616000175476074
YJL207C,YIR041W,0,-5.542161,0.10493537038564682,0.8930000066757202,0.7616999745368958
YLR117C,YGR027W-A,0,-5.542256,0.10492303967475891,0.8930000066757202,0.7617999911308289
YNL091W,YBR168W,0,-5.542293,0.1049107164144516,0.8930000066757202,0.761900007724762
YLR172C,YLR466W,0,-5.5423493,0.10489839315414429,0.8930000066757202,0.7620000243186951
YDL132W,YDR201W,0,-5.5424986,0.10488606989383698,0.8930000066757202,0.7620999813079834
YDR113C,YML011C,0,-5.542682,0.10487375408411026,0.8930000066757202,0.7621999979019165
YDR294C,YBR182C,0,-5.542701,0.10486143827438354,0.8930000066757202,0.7623000144958496
YMR247C,YKL034W,0,-5.5427213,0.10484912246465683,0.8930000066757202,0.7623999714851379
YNL139C,YLR183C,0,-5.542985,0.10483681410551071,0.8930000066757202,0.762499988079071
YIL143C,YDR365W-A,0,-5.5430393,0.10482451319694519,0.8930000066757202,0.7626000046730042
YNL072W,YDR365W-B,0,-5.5435405,0.10481220483779907,0.8930000066757202,0.7627000212669373
YDR309C,YGR209C,0,-5.543634,0.10479990392923355,0.8930000066757202,0.7627999782562256
YKL012W,YJL047C,0,-5.544015,0.10478761047124863,0.8930000066757202,0.7628999948501587
YPL259C,YDR206W,0,-5.5442767,0.1047753170132637,0.8930000066757202,0.7630000114440918
YDL004W,YLL043W,0,-5.5443034,0.10476302355527878,0.8930000066757202,0.7631000280380249
YLR013W,YOR098C,0,-5.544436,0.10475073009729385,0.8930000066757202,0.7631999850273132
YER022W,YPR158C-D,0,-5.544566,0.10473844408988953,0.8930000066757202,0.7633000016212463
YEL056W,YPR167C,0,-5.54458,0.1047261655330658,0.8930000066757202,0.7634000182151794
YDR316W-B,YLR301W,0,-5.5446467,0.10471388697624207,0.8930000066757202,0.7634999752044678
YLR305C,YLR227W-B,0,-5.5448174,0.10470160841941833,0.8930000066757202,0.7635999917984009
YER169W,YNL047C,0,-5.5450063,0.1046893298625946,0.8930000066757202,0.763700008392334
YOL023W,YHR026W,0,-5.5451765,0.10467705875635147,0.8930000066757202,0.7638000249862671
YPR017C,YJL109C,0,-5.545313,0.10466478765010834,0.8930000066757202,0.7638999819755554
YAL025C,YKR082W,0,-5.545449,0.1046525239944458,0.8930000066757202,0.7639999985694885
YKR087C,YLR410W-B,0,-5.545587,0.10464026033878326,0.8930000066757202,0.7641000151634216
YBR034C,YDR443C,0,-5.545829,0.10462800413370132,0.8930000066757202,0.76419997215271
YIL103W,YOR192C-A,0,-5.545847,0.10461574792861938,0.8930000066757202,0.7642999887466431
YGR246C,YGR027W-B,0,-5.545847,0.10460349172353745,0.8930000066757202,0.7644000053405762
YOL002C,YOR207C,0,-5.5458555,0.1045912355184555,0.8930000066757202,0.7645000219345093
YNL220W,YOR249C,0,-5.545859,0.10457899421453476,0.8930000066757202,0.7645999789237976
YNL099C,YDR055W,0,-5.5458665,0.10456674546003342,0.8930000066757202,0.7646999955177307
YBR164C,YGR027W-A,0,-5.546081,0.10455450415611267,0.8930000066757202,0.7648000121116638
YHL038C,YGR161W-B,0,-5.546099,0.10454226285219193,0.8930000066757202,0.7649000287055969
YNL030W,YGL216W,0,-5.546319,0.10453002154827118,0.8930000066757202,0.7649999856948853
YKR087C,YBR073W,0,-5.5463634,0.10451778769493103,0.8930000066757202,0.7651000022888184
YNR008W,YGR161C-D,0,-5.546373,0.10450556129217148,0.8930000066757202,0.7652000188827515
YOL020W,YDL120W,0,-5.5464025,0.10449332743883133,0.8930000066757202,0.7652999758720398
YPL018W,YLR263W,0,-5.546476,0.10448110103607178,0.8930000066757202,0.7653999924659729
YBL084C,YPL194W,0,-5.5465455,0.10446888208389282,0.8930000066757202,0.765500009059906
YLR254C,YGR094W,0,-5.5466385,0.10445666313171387,0.8930000066757202,0.7656000256538391
YBR080C,YOR229W,0,-5.5468073,0.10444444417953491,0.8930000066757202,0.7656999826431274
YMR168C,YPL060C-A,0,-5.54693,0.10443223267793655,0.8930000066757202,0.7657999992370605
YKL126W,YLR410W-B,0,-5.5469384,0.1044200211763382,0.8930000066757202,0.7659000158309937
YMR173W,YPL124W,0,-5.54697,0.10440780967473984,0.8930000066757202,0.765999972820282
YPL132W,YLR376C,0,-5.547465,0.10439560562372208,0.8930000066757202,0.7660999894142151
YIL056W,YLR227W-A,0,-5.5475597,0.10438340157270432,0.8930000066757202,0.7662000060081482
YGR268C,YDR246W,0,-5.547605,0.10437120497226715,0.8930000066757202,0.7663000226020813
YLR157C,YHR041C,0,-5.547803,0.10435900092124939,0.8930000066757202,0.7663999795913696
YMR246W,YMR186W,0,-5.547909,0.10434681177139282,0.8930000066757202,0.7664999961853027
YIR041W,YOR007C,0,-5.548035,0.10433461517095566,0.8930000066757202,0.7666000127792358
YNL055C,YNL066W,1,-5.5480456,0.10443925112485886,0.8939999938011169,0.7666000127792358
YAL020C,YJR078W,0,-5.548131,0.10442705452442169,0.8939999938011169,0.766700029373169
YML047C,YLR196W,0,-5.5482163,0.10441485792398453,0.8939999938011169,0.7667999863624573
YPL119C,YGR249W,0,-5.548336,0.10440266132354736,0.8939999938011169,0.7669000029563904
YPR188C,YOR142W-A,0,-5.5485373,0.1043904721736908,0.8939999938011169,0.7670000195503235
YEL003W,YPR158C-D,0,-5.548633,0.10437828302383423,0.8939999938011169,0.7670999765396118
YKL170W,YDR261C-D,0,-5.5486665,0.10436610132455826,0.8939999938011169,0.7671999931335449
YPL242C,YJL039C,0,-5.548717,0.10435391962528229,0.8939999938011169,0.767300009727478
YEL022W,YDR261W-A,0,-5.5487494,0.10434173792600632,0.8939999938011169,0.7674000263214111
YOL039W,YPL283C,0,-5.5488925,0.10432956367731094,0.8939999938011169,0.7674999833106995
YHR088W,YLR396C,0,-5.549047,0.10431738942861557,0.8939999938011169,0.7675999999046326
YDR294C,YPR158C-D,0,-5.5490823,0.1043052151799202,0.8939999938011169,0.7677000164985657
YOR033C,YOR192C-A,0,-5.5491357,0.10429304838180542,0.8939999938011169,0.767799973487854
YIR025W,YDL230W,0,-5.5492005,0.10428088158369064,0.8939999938011169,0.7678999900817871
YDL031W,YGR095C,0,-5.5493956,0.10426872223615646,0.8939999938011169,0.7680000066757202
YBR060C,YJL026W,0,-5.5494156,0.10425656288862228,0.8939999938011169,0.7681000232696533
YDR106W,YNL054W-B,0,-5.5495076,0.1042444035410881,0.8939999938011169,0.7681999802589417
YML094W,YPL257W-B,0,-5.5495143,0.10423225164413452,0.8939999938011169,0.7682999968528748
YEL003W,YFL002W-B,0,-5.549703,0.10422009974718094,0.8939999938011169,0.7684000134468079
YOR171C,YGR270W,0,-5.550006,0.10420794785022736,0.8939999938011169,0.7684999704360962
YLR265C,YOR230W,0,-5.5500827,0.10419580340385437,0.8939999938011169,0.7685999870300293
YML027W,YGR109W-A,0,-5.5501037,0.10418365895748138,0.8939999938011169,0.7687000036239624
YLR056W,YBR294W,0,-5.5501313,0.104171521961689,0.8939999938011169,0.7688000202178955
YGL019W,YPR054W,0,-5.5501947,0.1041593849658966,0.8939999938011169,0.7688999772071838
YNL020C,YOR192C-A,0,-5.550262,0.10414724797010422,0.8939999938011169,0.7689999938011169
YDR028C,YER159C-A,0,-5.5502706,0.10413511842489243,0.8939999938011169,0.76910001039505
YDL220C,YGL255W,0,-5.5502715,0.10412298887968063,0.8939999938011169,0.7692000269889832
YIL056W,YLR410W-B,0,-5.5502853,0.10411086678504944,0.8939999938011169,0.7692999839782715
YDL020C,YGR074W,0,-5.55051,0.10409874469041824,0.8939999938011169,0.7694000005722046
YER031C,YPR158W-A,0,-5.550586,0.10408662259578705,0.8939999938011169,0.7695000171661377
YDR395W,YML098W,0,-5.5505953,0.10407450795173645,0.8939999938011169,0.769599974155426
YDR121W,YDR365W-B,0,-5.5507746,0.10406239330768585,0.8939999938011169,0.7696999907493591
YDR238C,YDR365W-A,0,-5.5508513,0.10405027866363525,0.8939999938011169,0.7698000073432922
YGR239C,YPL257W-B,0,-5.5508695,0.10403817147016525,0.8939999938011169,0.7699000239372253
YKL197C,YHR090C,0,-5.551018,0.10402606427669525,0.8939999938011169,0.7699999809265137
YNL032W,YGR161C-D,0,-5.55104,0.10401396453380585,0.8939999938011169,0.7700999975204468
YDR225W,YDR316W-A,0,-5.551063,0.10400186479091644,0.8939999938011169,0.7702000141143799
YPL055C,YLR227W-A,0,-5.5512795,0.10398976504802704,0.8939999938011169,0.7702999711036682
YDL108W,YER089C,0,-5.551281,0.10397767275571823,0.8939999938011169,0.7703999876976013
YPR141C,YIL120W,0,-5.5514297,0.10396558046340942,0.8939999938011169,0.7705000042915344
YKL192C,YML099C,0,-5.551517,0.10395348817110062,0.8939999938011169,0.7706000208854675
YHR042W,YFL002W-B,0,-5.5516887,0.1039414033293724,0.8939999938011169,0.7706999778747559
YHR042W,YML043C,0,-5.551692,0.1039293184876442,0.8939999938011169,0.770799994468689
YOR073W,YDL033C,0,-5.5516973,0.10391724109649658,0.8939999938011169,0.7709000110626221
YER038C,YDL230W,0,-5.5517006,0.10390516370534897,0.8939999938011169,0.7710000276565552
YPL115C,YPL257W-B,0,-5.5518203,0.10389308631420135,0.8939999938011169,0.7710999846458435
YMR042W,YGR027W-B,0,-5.5519214,0.10388101637363434,0.8939999938011169,0.7712000012397766
YHR098C,YHR214C-C,0,-5.55205,0.10386894643306732,0.8939999938011169,0.7713000178337097
YKL194C,YKL056C,0,-5.5521617,0.1038568764925003,0.8939999938011169,0.771399974822998
YGR286C,YJL039C,0,-5.552234,0.10384481400251389,0.8939999938011169,0.7714999914169312
YNL065W,YDL244W,0,-5.5523677,0.10383275151252747,0.8939999938011169,0.7716000080108643
YCR039C,YGR004W,0,-5.552521,0.10382069647312164,0.8939999938011169,0.7717000246047974
YOR216C,YDR365W-B,0,-5.552652,0.10380864143371582,0.8939999938011169,0.7717999815940857
YOL105C,YDR261C-C,0,-5.552831,0.10379658639431,0.8939999938011169,0.7718999981880188
YCR035C,YBR289W,0,-5.5530286,0.10378453880548477,0.8939999938011169,0.7720000147819519
YPR056W,YGR038C-B,0,-5.553047,0.10377249121665955,0.8939999938011169,0.7720999717712402
YPR020W,YDL108W,0,-5.553049,0.10376044362783432,0.8939999938011169,0.7721999883651733
YER036C,YPL026C,0,-5.553178,0.10374840348958969,0.8939999938011169,0.7723000049591064
YPL069C,YPR198W,0,-5.5531898,0.10373636335134506,0.8939999938011169,0.7724000215530396
YMR247C,YNL253W,0,-5.5532184,0.10372433066368103,0.8939999938011169,0.7724999785423279
YNL111C,YKL160W,0,-5.553354,0.103712297976017,0.8939999938011169,0.772599995136261
YHL040C,YGR258C,0,-5.5535417,0.10370026528835297,0.8939999938011169,0.7727000117301941
YBR195C,YDR261C-C,0,-5.553874,0.10368824005126953,0.8939999938011169,0.7728000283241272
YGL003C,YOR381W,0,-5.55396,0.1036762148141861,0.8939999938011169,0.7728999853134155
YOL147C,YML005W,0,-5.554514,0.10366418957710266,0.8939999938011169,0.7730000019073486
YFL010W-A,YGR251W,0,-5.5545325,0.10365217179059982,0.8939999938011169,0.7731000185012817
YNL037C,YNL054W-A,0,-5.5546,0.10364015400409698,0.8939999938011169,0.7731999754905701
YOR171C,YKL001C,0,-5.554608,0.10362814366817474,0.8939999938011169,0.7732999920845032
YGR092W,YCR072C,0,-5.554619,0.1036161333322525,0.8939999938011169,0.7734000086784363
YMR270C,YCL032W,0,-5.554745,0.10360412299633026,0.8939999938011169,0.7735000252723694
YDR294C,YPL128C,0,-5.554785,0.10359212011098862,0.8939999938011169,0.7735999822616577
YNL023C,YMR140W,0,-5.5551414,0.10358011722564697,0.8939999938011169,0.7736999988555908
YBR145W,YGR024C,0,-5.5551863,0.10356812179088593,0.8939999938011169,0.7738000154495239
YDR311W,YDR261W-A,0,-5.5553665,0.10355611890554428,0.8939999938011169,0.7738999724388123
YHR034C,YOR192C-A,0,-5.5554433,0.10354413092136383,0.8939999938011169,0.7739999890327454
YPR010C,YNL054W-A,0,-5.555449,0.10353213548660278,0.8939999938011169,0.7741000056266785
YOR372C,YGR161W-B,0,-5.555632,0.10352014750242233,0.8939999938011169,0.7742000222206116
YDR214W,YIL154C,0,-5.5557365,0.10350815951824188,0.8939999938011169,0.7742999792098999
YLR196W,YPR056W,0,-5.5558505,0.10349617898464203,0.8939999938011169,0.774399995803833
YER013W,YDR004W,0,-5.5559297,0.10348419845104218,0.8939999938011169,0.7745000123977661
YBL099W,YHR036W,0,-5.5559764,0.10347222536802292,0.8939999938011169,0.7746000289916992
YJR017C,YLR071C,0,-5.556008,0.10346024483442307,0.8939999938011169,0.7746999859809875
YPL212C,YBR079C,0,-5.5563984,0.1034482792019844,0.8939999938011169,0.7748000025749207
YOR061W,YDR178W,0,-5.5564117,0.10343630611896515,0.8939999938011169,0.7749000191688538
YGR077C,YOR142W-A,0,-5.556484,0.10342434048652649,0.8939999938011169,0.7749999761581421
YBR066C,YOR332W,0,-5.5565343,0.10341237485408783,0.8939999938011169,0.7750999927520752
YJL214W,YDR365W-A,0,-5.5566993,0.10340041667222977,0.8939999938011169,0.7752000093460083
YOL054W,YDR365W-B,0,-5.5567117,0.1033884584903717,0.8939999938011169,0.7753000259399414
YGR027W-A,YGR038C-B,0,-5.5567446,0.10337650030851364,0.8939999938011169,0.7753999829292297
YPL214C,YDR261C-D,0,-5.5572567,0.10336454957723618,0.8939999938011169,0.7754999995231628
YPL241C,YDR261C-C,0,-5.557389,0.10335259884595871,0.8939999938011169,0.775600016117096
YOR322C,YGR109W-A,0,-5.557476,0.10334065556526184,0.8939999938011169,0.7756999731063843
YMR047C,YPL060C-A,0,-5.557507,0.10332871228456497,0.8939999938011169,0.7757999897003174
YOR380W,YPR158W-A,0,-5.557669,0.1033167690038681,0.8939999938011169,0.7759000062942505
YGL044C,YDR261C-C,0,-5.5578303,0.10330483317375183,0.8939999938011169,0.7760000228881836
YOR231W,YPL057C,0,-5.5580335,0.10329289734363556,0.8939999938011169,0.7760999798774719
YBR276C,YGR038C-B,0,-5.558082,0.10328096151351929,0.8939999938011169,0.776199996471405
YLR337C,YGR109W-A,0,-5.558354,0.10326903313398361,0.8939999938011169,0.7763000130653381
YBR022W,YGL126W,0,-5.558512,0.10325710475444794,0.8939999938011169,0.7764000296592712
YGL245W,YHR197W,0,-5.5587354,0.10324517637491226,0.8939999938011169,0.7764999866485596
YGR027W-A,YPL257W-B,0,-5.558755,0.10323325544595718,0.8939999938011169,0.7766000032424927
YAL017W,YBR081C,0,-5.5587707,0.1032213345170021,0.8939999938011169,0.7767000198364258
YOL101C,YOR142W-B,0,-5.5587983,0.10320942103862762,0.8939999938011169,0.7767999768257141
YNL116W,YPL156C,0,-5.558803,0.10319750756025314,0.8939999938011169,0.7768999934196472
YOR210W,YGR161W-B,0,-5.5588107,0.10318559408187866,0.8939999938011169,0.7770000100135803
YNL327W,YCR035C,0,-5.558846,0.10317368805408478,0.8939999938011169,0.7771000266075134
YHR181W,YDR451C,0,-5.5588613,0.1031617820262909,0.8939999938011169,0.7771999835968018
YBR231C,YOR192C-A,0,-5.5589046,0.10314987599849701,0.8939999938011169,0.7773000001907349
YDR236C,YHR021C,0,-5.5589433,0.10313797742128372,0.8939999938011169,0.777400016784668
YNR058W,YLR284C,0,-5.5590386,0.10312607884407043,0.8939999938011169,0.7774999737739563
YER003C,YER159C-A,0,-5.5591097,0.10311418771743774,0.8939999938011169,0.7775999903678894
YER105C,YMR322C,0,-5.559151,0.10310229659080505,0.8939999938011169,0.7777000069618225
YMR119W,YOL115W,0,-5.5591617,0.10309040546417236,0.8939999938011169,0.7778000235557556
YJL039C,YOL031C,0,-5.5591846,0.10307852178812027,0.8939999938011169,0.777899980545044
YBR085W,YDR202C,0,-5.5592165,0.10306663811206818,0.8939999938011169,0.777999997138977
YNL091W,YMR077C,0,-5.5592647,0.10305475443601608,0.8939999938011169,0.7781000137329102
YCL044C,YHR005C-A,1,-5.5597787,0.103158138692379,0.8949999809265137,0.7781000137329102
YDR039C,YOR192C-A,0,-5.559797,0.10314624756574631,0.8949999809265137,0.7781999707221985
YPR081C,YLR227W-A,0,-5.5598397,0.10313436388969421,0.8949999809265137,0.7782999873161316
YOR007C,YDR489W,0,-5.559857,0.10312248021364212,0.8949999809265137,0.7784000039100647
YDL166C,YMR037C,0,-5.5601397,0.10311059653759003,0.8949999809265137,0.7785000205039978
YOR173W,YPL140C,0,-5.5601974,0.10309872031211853,0.8949999809265137,0.7785999774932861
YBR017C,YLR227W-B,0,-5.560205,0.10308684408664703,0.8949999809265137,0.7786999940872192
YJL102W,YPR137C-A,0,-5.5602307,0.10307497531175613,0.8949999809265137,0.7788000106811523
YGL183C,YHR214C-C,0,-5.5602307,0.10306310653686523,0.8949999809265137,0.7789000272750854
YLL009C,YDR213W,0,-5.5602555,0.10305123776197433,0.8949999809265137,0.7789999842643738
YNL009W,YGL183C,0,-5.560284,0.10303937643766403,0.8949999809265137,0.7791000008583069
YJL156C,YLR410W-B,0,-5.5605855,0.10302751511335373,0.8949999809265137,0.77920001745224
YKR050W,YPL257W-B,0,-5.5606027,0.10301565378904343,0.8949999809265137,0.7792999744415283
YDR159W,YPL060C-A,0,-5.5609536,0.10300379991531372,0.8949999809265137,0.7793999910354614
YBR085W,YGR027W-A,0,-5.5610185,0.10299194604158401,0.8949999809265137,0.7795000076293945
YNL148C,YKL004W,0,-5.561056,0.10298009216785431,0.8949999809265137,0.7796000242233276
YBR265W,YLR132C,0,-5.5612707,0.1029682457447052,0.8949999809265137,0.779699981212616
YBR228W,YHR214C-C,0,-5.561355,0.10295639932155609,0.8949999809265137,0.7797999978065491
YDL113C,YOL103W-B,0,-5.561621,0.10294456034898758,0.8949999809265137,0.7799000144004822
YDR422C,YMR175W,0,-5.5616307,0.10293272137641907,0.8949999809265137,0.7799999713897705
YFL029C,YJL148W,0,-5.561714,0.10292088240385056,0.8949999809265137,0.7800999879837036
YNL280C,YFL041W,0,-5.56172,0.10290905088186264,0.8949999809265137,0.7802000045776367
YFL059W,YDR210W-B,0,-5.561737,0.10289721935987473,0.8949999809265137,0.7803000211715698
YNL128W,YOR142W-A,0,-5.5618854,0.10288538783788681,0.8949999809265137,0.7803999781608582
YNL278W,YDR261C-D,0,-5.5618963,0.10287356376647949,0.8949999809265137,0.7804999947547913
YMR201C,YBL101W-B,0,-5.561915,0.10286173969507217,0.8949999809265137,0.7806000113487244
YMR165C,YBL101W-B,0,-5.561915,0.10284992307424545,0.8949999809265137,0.7807000279426575
YHR089C,YML045W-A,0,-5.561915,0.10283809900283813,0.8949999809265137,0.7807999849319458
YKR089C,YOR343C-A,0,-5.561915,0.10282628983259201,0.8949999809265137,0.7809000015258789
YER074W-A,YGR054W,0,-5.561915,0.10281447321176529,0.8949999809265137,0.781000018119812
YJL018W,YLR224W,0,-5.561915,0.10280266404151917,0.8949999809265137,0.7810999751091003
YPL130W,YBL101W-A,0,-5.561915,0.10279085487127304,0.8949999809265137,0.7811999917030334
YER120W,YBL101W-B,0,-5.561915,0.10277905315160751,0.8949999809265137,0.7813000082969666
YLL017W,YOR343C-B,0,-5.561915,0.10276725143194199,0.8949999809265137,0.7814000248908997
YJL011C,YBL101W-B,0,-5.561915,0.10275545716285706,0.8949999809265137,0.781499981880188
YMR145C,YDR210W-D,0,-5.561915,0.10274365544319153,0.8949999809265137,0.7815999984741211
YDL181W,YOR343C-B,0,-5.561915,0.1027318611741066,0.8949999809265137,0.7817000150680542
YCL003W,YML131W,0,-5.561915,0.10272007435560226,0.8949999809265137,0.7817999720573425
YOR272W,YNL284C-A,0,-5.561915,0.10270828753709793,0.8949999809265137,0.7818999886512756
YGL174W,YBL101W-A,0,-5.561915,0.1026965007185936,0.8949999809265137,0.7820000052452087
YPL256C,YBL101W-B,0,-5.561915,0.10268472135066986,0.8949999809265137,0.7821000218391418
YFL003C,YDR210W-B,0,-5.561915,0.10267293453216553,0.8949999809265137,0.7821999788284302
YJR033C,YML045W-A,0,-5.561915,0.10266116261482239,0.8949999809265137,0.7822999954223633
YLR144C,YOR343C-A,0,-5.561915,0.10264938324689865,0.8949999809265137,0.7824000120162964
YDL216C,YOR343C-A,0,-5.561915,0.10263761132955551,0.8949999809265137,0.7825000286102295
YJR091C,YOR343C-B,0,-5.561915,0.10262584686279297,0.8949999809265137,0.7825999855995178
YJR068W,YML045W-A,0,-5.561915,0.10261408239603043,0.8949999809265137,0.7827000021934509
YER014C-A,YDR098C-B,0,-5.561915,0.10260231792926788,0.8949999809265137,0.782800018787384
YBL101W-B,YLR035C-A,0,-5.561915,0.10259055346250534,0.8949999809265137,0.7828999757766724
YJR158W,YBL101W-A,0,-5.561915,0.1025787964463234,0.8949999809265137,0.7829999923706055
YJL173C,YBL101W-B,0,-5.561915,0.10256703943014145,0.8949999809265137,0.7831000089645386
YBR080C,YNL284C-A,0,-5.561915,0.1025552898645401,0.8949999809265137,0.7832000255584717
YJR028W,YOR343C-B,0,-5.561915,0.10254354029893875,0.8949999809265137,0.78329998254776
YGL046W,YDR210W-C,0,-5.561915,0.1025317907333374,0.8949999809265137,0.7833999991416931
YCL027W,YBL101W-A,0,-5.561915,0.10252004861831665,0.8949999809265137,0.7835000157356262
YBR265W,YML045W-A,0,-5.561915,0.1025083065032959,0.8949999809265137,0.7835999727249146
YBR231C,YNL284C-A,0,-5.561915,0.10249656438827515,0.8949999809265137,0.7836999893188477
YJL012C-A,YLR227W-A,0,-5.561915,0.10248482972383499,0.8949999809265137,0.7838000059127808
YHL024W,YBL101W-B,0,-5.561915,0.10247309505939484,0.8949999809265137,0.7839000225067139
YKL138C-A,YGR038C-B,0,-5.561915,0.10246136039495468,0.8949999809265137,0.7839999794960022
YGR224W,YDR210W-D,0,-5.561915,0.10244963318109512,0.8949999809265137,0.7840999960899353
YGL210W-A,YDR316W-A,0,-5.561915,0.10243790596723557,0.8949999809265137,0.7842000126838684
YLR074C,YBL101W-A,0,-5.561915,0.1024261862039566,0.8949999809265137,0.7843000292778015
YDR011W,YML045W-A,0,-5.561915,0.10241446644067764,0.8949999809265137,0.7843999862670898
YCR026C,YDR365W-A,0,-5.561915,0.10240274667739868,0.8949999809265137,0.784500002861023
YJL165C,YOR343C-B,0,-5.561915,0.10239103436470032,0.8949999809265137,0.784600019454956
YBL030C,YML045W-A,0,-5.561915,0.10237931460142136,0.8949999809265137,0.7846999764442444
YBR233W-A,YNL046W,0,-5.561915,0.10236760973930359,0.8949999809265137,0.7847999930381775
YHR079C-B,YJL113W,0,-5.561915,0.10235590487718582,0.8949999809265137,0.7849000096321106
YHR016C,YDR210W-C,0,-5.561915,0.10234420001506805,0.8949999809265137,0.7850000262260437
YNL331C,YNL284C-A,0,-5.561915,0.10233249515295029,0.8949999809265137,0.785099983215332
YEL017C-A,YOR343C-B,0,-5.561915,0.10232079774141312,0.8949999809265137,0.7851999998092651
YLL041C,YOR343C-B,0,-5.561915,0.10230910032987595,0.8949999809265137,0.7853000164031982
YGR059W,YBL101W-A,0,-5.561915,0.10229740291833878,0.8949999809265137,0.7853999733924866
YGR278W,YOR343C-B,0,-5.561915,0.1022857129573822,0.8949999809265137,0.7854999899864197
YNL216W,YNL054W-B,0,-5.561915,0.10227402299642563,0.8949999809265137,0.7856000065803528
YCL051W,YDR210W-D,0,-5.561915,0.10226234048604965,0.8949999809265137,0.7857000231742859
YJL167W,YOR343C-B,0,-5.561915,0.10225065797567368,0.8949999809265137,0.7857999801635742
YHR160C,YDR210W-C,0,-5.561915,0.1022389754652977,0.8949999809265137,0.7858999967575073
YIL042C,YOR343C-B,0,-5.561915,0.10222730040550232,0.8949999809265137,0.7860000133514404
YER167W,YML045W-A,0,-5.561915,0.10221562534570694,0.8949999809265137,0.7860999703407288
YPL093W,YOR343C-A,0,-5.561915,0.10220395028591156,0.8949999809265137,0.7861999869346619
YGR161C-D,YOR343C-A,0,-5.561915,0.10219228267669678,0.8949999809265137,0.786300003528595
YHR008C,YBL101W-A,0,-5.561915,0.102180615067482,0.8949999809265137,0.7864000201225281
YML006C,YDR210W-D,0,-5.561915,0.10216894745826721,0.8949999809265137,0.7864999771118164
YMR240C,YOR192C-B,0,-5.561915,0.10215728729963303,0.8949999809265137,0.7865999937057495
YML115C,YDR210W-C,0,-5.561915,0.10214562714099884,0.8949999809265137,0.7867000102996826
YGR132C,YDR210W-D,0,-5.561915,0.10213397443294525,0.8949999809265137,0.7868000268936157
YDL108W,YOR343C-B,0,-5.561915,0.10212232172489166,0.8949999809265137,0.786899983882904
YOR148C,YBL101W-B,0,-5.561915,0.10211066901683807,0.8949999809265137,0.7870000004768372
YMR235C,YNL284C-A,0,-5.561915,0.10209901630878448,0.8949999809265137,0.7871000170707703
YER087C-B,YGR161C-D,0,-5.561915,0.10208737105131149,0.8949999809265137,0.7871999740600586
YDR422C,YML045W-A,0,-5.561915,0.1020757332444191,0.8949999809265137,0.7872999906539917
YDL229W,YOR343C-B,0,-5.561915,0.1020640879869461,0.8949999809265137,0.7874000072479248
YAR044W,YLR224W,0,-5.561915,0.10205245018005371,0.8949999809265137,0.7875000238418579
YLR191W,YBL101W-A,0,-5.561915,0.10204081982374191,0.8949999809265137,0.7875999808311462
YNL318C,YDR034C-C,0,-5.561915,0.10202918201684952,0.8949999809265137,0.7876999974250793
YJL018W,YDR098C-B,0,-5.561915,0.10201755166053772,0.8949999809265137,0.7878000140190125
YDL085W,YML045W-A,0,-5.561915,0.10200592875480652,0.8949999809265137,0.7878999710083008
YER171W,YNL163C,0,-5.5619764,0.10199429839849472,0.8949999809265137,0.7879999876022339
YDR211W,YHR088W,0,-5.5619793,0.10198268294334412,0.8949999809265137,0.788100004196167
YER013W,YDR316W-A,0,-5.562023,0.10197106003761292,0.8949999809265137,0.7882000207901001
YJR097W,YKL029C,0,-5.562099,0.10195944458246231,0.8949999809265137,0.7882999777793884
YPL096W,YOL103W-B,0,-5.56211,0.1019478291273117,0.8949999809265137,0.7883999943733215
YNL148C,YLR227W-B,0,-5.5621867,0.1019362211227417,0.8949999809265137,0.7885000109672546
YOL142W,YLR227W-A,0,-5.562222,0.10192461311817169,0.8949999809265137,0.7886000275611877
YIL007C,YPL257W-B,0,-5.5622506,0.10191300511360168,0.8949999809265137,0.7886999845504761
YAL059W,YPR133W-A,0,-5.562263,0.10190139710903168,0.8949999809265137,0.7888000011444092
YLR106C,YBR254C,0,-5.5624294,0.10188979655504227,0.8949999809265137,0.7889000177383423
YBR017C,YMR095C,0,-5.5624366,0.10187820345163345,0.8949999809265137,0.7889999747276306
YLR233C,YDR508C,0,-5.5625887,0.10186660289764404,0.8949999809265137,0.7890999913215637
YCR072C,YPR158C-C,0,-5.5626235,0.10185500979423523,0.8949999809265137,0.7892000079154968
YBR043C,YKL042W,0,-5.5626493,0.10184342414140701,0.8949999809265137,0.7893000245094299
YBR034C,YOL005C,0,-5.5628457,0.1018318384885788,0.8949999809265137,0.7893999814987183
YLR133W,YOR192C-B,0,-5.5630007,0.10182025283575058,0.8949999809265137,0.7894999980926514
YER022W,YGR109W-A,0,-5.56317,0.10180866718292236,0.8949999809265137,0.7896000146865845
YOL080C,YGR109W-A,0,-5.563175,0.10179708898067474,0.8949999809265137,0.7896999716758728
YBR169C,YNL054W-A,0,-5.5635133,0.10178551077842712,0.8949999809265137,0.7897999882698059
YGR167W,YGR109W-A,0,-5.563679,0.1017739400267601,0.8949999809265137,0.789900004863739
YOL151W,YGL090W,0,-5.5637517,0.10176236182451248,0.8949999809265137,0.7900000214576721
YOR380W,YOR192C-A,0,-5.563787,0.10175079852342606,0.8949999809265137,0.7900999784469604
YER147C,YPR158C-C,0,-5.5638885,0.10173922777175903,0.8949999809265137,0.7901999950408936
YNL102W,YDR210W-B,0,-5.563954,0.10172766447067261,0.8949999809265137,0.7903000116348267
YJL087C,YDR210W-B,0,-5.564055,0.10171610116958618,0.8949999809265137,0.7904000282287598
YLR291C,YDR183W,0,-5.564083,0.10170454531908035,0.8949999809265137,0.7904999852180481
YLR401C,YBL042C,0,-5.564151,0.10169298946857452,0.8949999809265137,0.7906000018119812
YOL138C,YPL060C-A,0,-5.5641565,0.1016814336180687,0.8949999809265137,0.7907000184059143
YGL169W,YGR221C,0,-5.564288,0.10166988521814346,0.8949999809265137,0.7907999753952026
YLL009C,YPR033C,0,-5.564305,0.10165833681821823,0.8949999809265137,0.7908999919891357
YDR503C,YGR109W-A,0,-5.5643086,0.101646788418293,0.8949999809265137,0.7910000085830688
YGR220C,YGR027W-A,0,-5.5647006,0.10163524746894836,0.8949999809265137,0.791100025177002
YOR142W,YPR158C-C,0,-5.5647235,0.10162370651960373,0.8949999809265137,0.7911999821662903
YHL024W,YGR161W-B,0,-5.5647902,0.10161217302083969,0.8949999809265137,0.7912999987602234
YLL026W,YGR027W-A,0,-5.5648584,0.10160063207149506,0.8949999809265137,0.7914000153541565
YDR017C,YAL009W,0,-5.5649347,0.10158910602331161,0.8949999809265137,0.7914999723434448
YKR003W,YMR051C,0,-5.564937,0.10157757252454758,0.8949999809265137,0.7915999889373779
YPR019W,YLR227W-B,0,-5.564961,0.10156604647636414,0.8949999809265137,0.791700005531311
YMR319C,YER159C-A,0,-5.565079,0.1015545204281807,0.8949999809265137,0.7918000221252441
YNL197C,YPR158W-A,0,-5.5651,0.10154300183057785,0.8949999809265137,0.7918999791145325
YLR350W,YFL002W-B,0,-5.565109,0.101531483232975,0.8949999809265137,0.7919999957084656
YMR172W,YLR410W-B,0,-5.5651345,0.10151996463537216,0.8949999809265137,0.7921000123023987
YLR191W,YDR261C-C,0,-5.5651884,0.10150844603776932,0.8949999809265137,0.7922000288963318
YDR294C,YDR202C,0,-5.565209,0.10149693489074707,0.8949999809265137,0.7922999858856201
YMR183C,YGR109W-A,0,-5.5652165,0.10148543119430542,0.8949999809265137,0.7924000024795532
YDR265W,YLR410W-B,0,-5.5652785,0.10147392004728317,0.8949999809265137,0.7925000190734863
YDL120W,YHR214C-C,0,-5.56531,0.10146241635084152,0.8949999809265137,0.7925999760627747
YML048W,YDR365W-B,0,-5.565312,0.10145092010498047,0.8949999809265137,0.7926999926567078
YOR236W,YDR365W-B,0,-5.5653577,0.10143941640853882,0.8949999809265137,0.7928000092506409
YGR082W,YNL054W-B,0,-5.5653577,0.10142792016267776,0.8949999809265137,0.792900025844574
YPL147W,YOL103W-B,0,-5.5653825,0.10141643136739731,0.8949999809265137,0.7929999828338623
YML048W,YNL054W-A,0,-5.5653834,0.10140494257211685,0.8949999809265137,0.7930999994277954
YJL058C,YLR227W-A,0,-5.5653844,0.1013934537768364,0.8949999809265137,0.7932000160217285
YKL170W,YDR098C-B,0,-5.565389,0.10138196498155594,0.8949999809265137,0.7932999730110168
YNL145W,YGR132C,0,-5.5656466,0.10137048363685608,0.8949999809265137,0.79339998960495
YGL187C,YGR186W,0,-5.5656676,0.10135900229215622,0.8949999809265137,0.7935000061988831
YAL038W,YDR181C,0,-5.565712,0.10134752839803696,0.8949999809265137,0.7936000227928162
YFL018C,YCL032W,0,-5.566087,0.1013360470533371,0.8949999809265137,0.7936999797821045
YDL175C,YLR221C,0,-5.566165,0.10132458060979843,0.8949999809265137,0.7937999963760376
YHR024C,YGL175C,0,-5.566204,0.10131310671567917,0.8949999809265137,0.7939000129699707
YML019W,YHR027C,0,-5.5665426,0.1013016402721405,0.8949999809265137,0.7940000295639038
YOR074C,YJL011C,0,-5.5667076,0.10129017382860184,0.8949999809265137,0.7940999865531921
YGL238W,YMR267W,0,-5.5668178,0.10127871483564377,0.8949999809265137,0.7942000031471252
YJL081C,YKL051W,0,-5.566892,0.1012672558426857,0.8949999809265137,0.7943000197410583
YGR247W,YFL045C,0,-5.566959,0.10125579684972763,0.8949999809265137,0.7943999767303467
YKL001C,YLR145W,0,-5.566963,0.10124434530735016,0.8949999809265137,0.7944999933242798
YBL019W,YOR267C,0,-5.5673738,0.10123289376497269,0.8949999809265137,0.7946000099182129
YDR141C,YDR060W,0,-5.5673947,0.10122144222259521,0.8949999809265137,0.794700026512146
YPL249C,YDL028C,0,-5.5675464,0.10120999813079834,0.8949999809265137,0.7947999835014343
YLR069C,YLR376C,0,-5.5677896,0.10119855403900146,0.8949999809265137,0.7949000000953674
YGL153W,YOL039W,0,-5.5678334,0.10118710994720459,0.8949999809265137,0.7950000166893005
YPL163C,YKL175W,0,-5.567876,0.10117567330598831,0.8949999809265137,0.7950999736785889
YHR089C,YHR111W,0,-5.5681977,0.10116423666477203,0.8949999809265137,0.795199990272522
YOR103C,YLR126C,0,-5.568382,0.10115280002355576,0.8949999809265137,0.7953000068664551
YJL030W,YGR162W,0,-5.568649,0.10114137083292007,0.8949999809265137,0.7954000234603882
YFL004W,YOR129C,0,-5.5691667,0.1011299416422844,0.8949999809265137,0.7954999804496765
YNR072W,YJL108C,0,-5.5695977,0.10111851990222931,0.8949999809265137,0.7955999970436096
YDR263C,YJL087C,0,-5.569632,0.10110709816217422,0.8949999809265137,0.7957000136375427
YKL008C,YER031C,0,-5.569902,0.10109567642211914,0.8949999809265137,0.795799970626831
YER164W,YBR267W,0,-5.569904,0.10108425468206406,0.8949999809265137,0.7958999872207642
YLR304C,YHR120W,1,-5.5699697,0.10118576884269714,0.8960000276565552,0.7958999872207642
YNL072W,YLR221C,0,-5.5699973,0.10117434710264206,0.8960000276565552,0.7960000038146973
YLR060W,YIL122W,0,-5.570143,0.10116292536258698,0.8960000276565552,0.7961000204086304
YKL051W,YOR256C,0,-5.570392,0.10115150362253189,0.8960000276565552,0.7961999773979187
YOR148C,YDR449C,0,-5.5704284,0.1011400818824768,0.8960000276565552,0.7962999939918518
YDR511W,YIL114C,0,-5.5704846,0.10112866759300232,0.8960000276565552,0.7964000105857849
YKR099W,YOL156W,0,-5.5705132,0.10111725330352783,0.8960000276565552,0.796500027179718
YDR342C,YAL002W,0,-5.5705686,0.10110584646463394,0.8960000276565552,0.7965999841690063
YCL014W,YBL039C,0,-5.570746,0.10109443962574005,0.8960000276565552,0.7967000007629395
YLR028C,YNL126W,0,-5.5708385,0.10108303278684616,0.8960000276565552,0.7968000173568726
YLR069C,YDR131C,0,-5.570976,0.10107163339853287,0.8960000276565552,0.7968999743461609
YKL110C,YLR195C,0,-5.5711274,0.10106022655963898,0.8960000276565552,0.796999990940094
YDR281C,YER094C,0,-5.571275,0.10104883462190628,0.8960000276565552,0.7971000075340271
YNL098C,YLR139C,0,-5.5713706,0.10103743523359299,0.8960000276565552,0.7972000241279602
YMR299C,YDR508C,0,-5.571377,0.10102604329586029,0.8960000276565552,0.7972999811172485
YMR225C,YDR126W,0,-5.571996,0.10101465880870819,0.8960000276565552,0.7973999977111816
YER017C,YLR222C,0,-5.5720315,0.1010032668709755,0.8960000276565552,0.7975000143051147
YOL093W,YOL028C,0,-5.572143,0.1009918823838234,0.8960000276565552,0.7975999712944031
YIL009C-A,YEL017C-A,0,-5.57221,0.10098050534725189,0.8960000276565552,0.7976999878883362
YBR103W,YGL249W,0,-5.5722322,0.10096912086009979,0.8960000276565552,0.7978000044822693
YFR046C,YML006C,0,-5.5726275,0.10095774382352829,0.8960000276565552,0.7979000210762024
YMR319C,YJR097W,0,-5.5726533,0.10094637423753738,0.8960000276565552,0.7979999780654907
YKR027W,YDL209C,0,-5.5727134,0.10093499720096588,0.8960000276565552,0.7980999946594238
YKL188C,YNL206C,0,-5.572808,0.10092363506555557,0.8960000276565552,0.7982000112533569
YDR435C,YNL333W,0,-5.5728717,0.10091226547956467,0.8960000276565552,0.79830002784729
YFL029C,YLR274W,0,-5.5729003,0.10090090334415436,0.8960000276565552,0.7983999848365784
YJL106W,YOR116C,0,-5.5729866,0.10088954120874405,0.8960000276565552,0.7985000014305115
YAL003W,YIL056W,0,-5.5733056,0.10087817907333374,0.8960000276565552,0.7986000180244446
YCR098C,YER122C,0,-5.573335,0.10086682438850403,0.8960000276565552,0.7986999750137329
YPL098C,YGL055W,1,-5.5733914,0.10096803307533264,0.8970000147819519,0.7986999750137329
YKL043W,YOR116C,0,-5.5734696,0.10095667093992233,0.8970000147819519,0.798799991607666
YMR202W,YHR050W,0,-5.573516,0.10094530880451202,0.8970000147819519,0.7989000082015991
YGL029W,YOR313C,0,-5.573582,0.10093394666910172,0.8970000147819519,0.7990000247955322
YER119C,YOL113W,0,-5.5735874,0.100922591984272,0.8970000147819519,0.7990999817848206
YPL178W,YGR141W,0,-5.5737467,0.10091123729944229,0.8970000147819519,0.7991999983787537
YOR226C,YGR169C,0,-5.5739346,0.10089989006519318,0.8970000147819519,0.7993000149726868
YCR075C,YPL157W,0,-5.5740075,0.10088853538036346,0.8970000147819519,0.7993999719619751
YGL223C,YNL182C,0,-5.5741887,0.10087719559669495,0.8970000147819519,0.7994999885559082
YMR292W,YMR164C,0,-5.5742335,0.10086584836244583,0.8970000147819519,0.7996000051498413
YEL062W,YMR129W,0,-5.5742364,0.10085450857877731,0.8970000147819519,0.7997000217437744
YER016W,YDR255C,0,-5.574551,0.1008431687951088,0.8970000147819519,0.7997999787330627
YHR174W,YPL140C,0,-5.5749745,0.10083183646202087,0.8970000147819519,0.7998999953269958
YLR304C,YDR339C,1,-5.5750027,0.10093289613723755,0.8980000019073486,0.7998999953269958
YML058W,YPR125W,1,-5.5750194,0.10103394091129303,0.8989999890327454,0.7998999953269958
YIL160C,YMR087W,0,-5.5750737,0.10102258622646332,0.8989999890327454,0.800000011920929
YLL043W,YPR155C,0,-5.57518,0.1010112389922142,0.8989999890327454,0.8001000285148621
YJL112W,YDL006W,1,-5.575455,0.1011122316122055,0.8999999761581421,0.8001000285148621
YBR234C,YHR005C-A,1,-5.5756326,0.10121320933103561,0.9010000228881836,0.8001000285148621
YPR189W,YBR231C,0,-5.575705,0.10120183974504471,0.9010000228881836,0.8001999855041504
YCR037C,YBL050W,0,-5.5758576,0.1011904776096344,0.9010000228881836,0.8003000020980835
YML121W,YOL124C,0,-5.5759616,0.10117911547422409,0.9010000228881836,0.8004000186920166
YHL047C,YDR343C,0,-5.5765076,0.10116775333881378,0.9010000228881836,0.8004999756813049
YPL049C,YJR153W,0,-5.5771737,0.10115639120340347,0.9010000228881836,0.800599992275238
YKL113C,YOR305W,0,-5.5772095,0.10114503651857376,0.9010000228881836,0.8007000088691711
YGR286C,YCR083W,0,-5.5775347,0.10113368183374405,0.9010000228881836,0.8008000254631042
YPL048W,YPL140C,0,-5.5777164,0.10112233459949493,0.9010000228881836,0.8008999824523926
YOL133W,YPL163C,0,-5.5778203,0.10111098736524582,0.9010000228881836,0.8009999990463257
YBR029C,YKL149C,0,-5.57816,0.1010996401309967,0.9010000228881836,0.8011000156402588
YJL073W,YJR070C,0,-5.578321,0.10108830034732819,0.9010000228881836,0.8011999726295471
YPL155C,YGR270W,0,-5.5786495,0.10107696056365967,0.9010000228881836,0.8012999892234802
YKR007W,YAL029C,0,-5.5787168,0.10106562077999115,0.9010000228881836,0.8014000058174133
YGL180W,YER111C,0,-5.5787597,0.10105428099632263,0.9010000228881836,0.8015000224113464
YHR021C,YDR181C,0,-5.5789104,0.10104294866323471,0.9010000228881836,0.8015999794006348
YJR013W,YLR448W,0,-5.5794473,0.10103162378072739,0.9010000228881836,0.8016999959945679
YPL227C,YBL004W,0,-5.5796266,0.10102029144763947,0.9010000228881836,0.801800012588501
YGR284C,YGL014W,0,-5.579942,0.10100896656513214,0.9010000228881836,0.8019000291824341
YGL253W,YNL201C,0,-5.580215,0.10099764913320541,0.9010000228881836,0.8019999861717224
YNL270C,YNR052C,0,-5.580219,0.10098632425069809,0.9010000228881836,0.8021000027656555
YLR401C,YCL043C,0,-5.5803313,0.10097500681877136,0.9010000228881836,0.8022000193595886
YGL183C,YDR071C,0,-5.580525,0.10096369683742523,0.9010000228881836,0.802299976348877
YDL099W,YLR115W,0,-5.5805798,0.1009523794054985,0.9010000228881836,0.8023999929428101
YER061C,YNL061W,0,-5.5806046,0.10094106942415237,0.9010000228881836,0.8025000095367432
YOL077C,YDR172W,0,-5.5806313,0.10092976689338684,0.9010000228881836,0.8026000261306763
YML104C,YJL116C,1,-5.580791,0.10103046894073486,0.9020000100135803,0.8026000261306763
YML076C,YBR183W,0,-5.580824,0.10101915150880814,0.9020000100135803,0.8026999831199646
YOL027C,YHR031C,1,-5.5808864,0.10111982375383377,0.902999997138977,0.8026999831199646
YJR082C,YHR203C,0,-5.5809007,0.10110849887132645,0.902999997138977,0.8027999997138977
YEL022W,YGR229C,0,-5.580915,0.10109718143939972,0.902999997138977,0.8029000163078308
YPL187W,YBR114W,0,-5.5811687,0.10108586400747299,0.902999997138977,0.8029999732971191
YJL115W,YOR344C,0,-5.581194,0.10107454657554626,0.902999997138977,0.8030999898910522
YJL071W,YGL171W,0,-5.5813456,0.10106323659420013,0.902999997138977,0.8032000064849854
YKL002W,YER028C,0,-5.581657,0.101051926612854,0.902999997138977,0.8033000230789185
YDR361C,YJL117W,0,-5.581946,0.10104061663150787,0.902999997138977,0.8033999800682068
YJR064W,YJR033C,0,-5.582079,0.10102931410074234,0.902999997138977,0.8034999966621399
YBR038W,YLR196W,0,-5.5822663,0.1010180115699768,0.902999997138977,0.803600013256073
YMR305C,YOR073W,0,-5.582327,0.10100670903921127,0.902999997138977,0.8036999702453613
YLR095C,YOR298W,0,-5.5826144,0.10099541395902634,0.902999997138977,0.8037999868392944
YOL115W,YNL131W,0,-5.5828047,0.1009841188788414,0.902999997138977,0.8039000034332275
YGL183C,YDL112W,0,-5.58303,0.10097283124923706,0.902999997138977,0.8040000200271606
YPL076W,YMR044W,0,-5.5830483,0.10096153616905212,0.902999997138977,0.804099977016449
YBR177C,YBL052C,0,-5.583349,0.10095024853944778,0.902999997138977,0.8041999936103821
YIR009W,YKL144C,0,-5.583422,0.10093896836042404,0.902999997138977,0.8043000102043152
YBR217W,YGL012W,0,-5.5835404,0.1009276881814003,0.902999997138977,0.8044000267982483
YMR268C,YGR141W,0,-5.583598,0.10091640800237656,0.902999997138977,0.8044999837875366
YPL210C,YDR400W,0,-5.583731,0.10090512782335281,0.902999997138977,0.8046000003814697
YOR036W,YGL006W,0,-5.583949,0.10089385509490967,0.902999997138977,0.8047000169754028
YBR085W,YJL203W,0,-5.584084,0.10088258236646652,0.902999997138977,0.8047999739646912
YPL169C,YBR228W,0,-5.584429,0.10087131708860397,0.902999997138977,0.8048999905586243
YGL038C,YBR156C,0,-5.5845666,0.10086004436016083,0.902999997138977,0.8050000071525574
YKL079W,YHL022C,0,-5.584931,0.10084877908229828,0.902999997138977,0.8051000237464905
YEL009C,YOR265W,0,-5.585081,0.10083752125501633,0.902999997138977,0.8051999807357788
YLR172C,YJL100W,0,-5.5851283,0.10082626342773438,0.902999997138977,0.8052999973297119
YNL127W,YHR059W,0,-5.5853395,0.10081500560045242,0.902999997138977,0.805400013923645
YGL236C,YIL160C,0,-5.585633,0.10080374777317047,0.902999997138977,0.8054999709129333
YHR056C,YOR272W,0,-5.585714,0.10079249739646912,0.902999997138977,0.8055999875068665
YGL137W,YLR316C,0,-5.5858574,0.10078124701976776,0.902999997138977,0.8057000041007996
YDL145C,YGR206W,0,-5.585974,0.100770004093647,0.902999997138977,0.8058000206947327
YJR145C,YBL050W,0,-5.586066,0.10075876116752625,0.902999997138977,0.805899977684021
YJL115W,YGR132C,0,-5.5861435,0.10074751824140549,0.902999997138977,0.8059999942779541
YLR284C,YPL274W,0,-5.5862603,0.10073627531528473,0.902999997138977,0.8061000108718872
YMR048W,YPR124W,0,-5.5867934,0.10072503983974457,0.902999997138977,0.8062000274658203
YPR020W,YLR448W,0,-5.5869384,0.1007138043642044,0.902999997138977,0.8062999844551086
YGR288W,YLR191W,0,-5.5869875,0.10070257633924484,0.902999997138977,0.8064000010490417
YNL201C,YER147C,0,-5.5871215,0.10069134831428528,0.902999997138977,0.8065000176429749
YOR147W,YNL304W,1,-5.587404,0.10079161822795868,0.9039999842643738,0.8065000176429749
YCL027W,YJR059W,0,-5.5880556,0.10078038275241852,0.9039999842643738,0.8065999746322632
YDR511W,YOR084W,0,-5.5888333,0.10076914727687836,0.9039999842643738,0.8066999912261963
YKL194C,YDR463W,0,-5.589129,0.1007579118013382,0.9039999842643738,0.8068000078201294
YDL093W,YHR062C,0,-5.589477,0.10074668377637863,0.9039999842643738,0.8069000244140625
YCL034W,YCR031C,0,-5.589618,0.10073545575141907,0.9039999842643738,0.8069999814033508
YGL055W,YCR020C,1,-5.5898013,0.1008356511592865,0.9049999713897705,0.8069999814033508
YDR364C,YNL160W,0,-5.5899844,0.10082442313432693,0.9049999713897705,0.8070999979972839
YHL038C,YDR078C,0,-5.5900273,0.10081318765878677,0.9049999713897705,0.807200014591217
YIL033C,YDL130W,0,-5.5902643,0.10080195963382721,0.9049999713897705,0.8072999715805054
YLR016C,YPR056W,0,-5.590271,0.10079073160886765,0.9049999713897705,0.8073999881744385
YDR118W,YHR133C,0,-5.590387,0.10077951103448868,0.9049999713897705,0.8075000047683716
YOL095C,YIL051C,1,-5.5904703,0.10087963193655014,0.906000018119812,0.8075000047683716
YAL040C,YNR067C,0,-5.590911,0.10086840391159058,0.906000018119812,0.8076000213623047
YOL064C,YDR181C,0,-5.5909953,0.10085717588663101,0.906000018119812,0.807699978351593
YJL058C,YIL114C,0,-5.5913186,0.10084594786167145,0.906000018119812,0.8077999949455261
YOR034C,YPR094W,0,-5.591615,0.10083472728729248,0.906000018119812,0.8079000115394592
YLL061W,YPL144W,0,-5.5918202,0.10082350671291351,0.906000018119812,0.8080000281333923
YGL150C,YJL198W,0,-5.5926547,0.10081228613853455,0.906000018119812,0.8080999851226807
YLR254C,YMR309C,0,-5.592703,0.10080106556415558,0.906000018119812,0.8082000017166138
YNL243W,YLR126C,0,-5.593166,0.10078985244035721,0.906000018119812,0.8083000183105469
YIL140W,YLR231C,0,-5.5935006,0.10077863931655884,0.906000018119812,0.8083999752998352
YLR347C,YPR168W,0,-5.593845,0.10076743364334106,0.906000018119812,0.8084999918937683
YJL071W,YKR053C,0,-5.593975,0.10075622797012329,0.906000018119812,0.8086000084877014
YMR162C,YOR014W,0,-5.59417,0.10074502229690552,0.906000018119812,0.8087000250816345
YKL029C,YMR183C,0,-5.594176,0.10073382407426834,0.906000018119812,0.8087999820709229
YJL201W,YOR004W,0,-5.5942755,0.10072262585163116,0.906000018119812,0.808899998664856
YGR144W,YNL121C,1,-5.594415,0.10082259029150009,0.9070000052452087,0.808899998664856
YPL244C,YDR297W,0,-5.5945134,0.10081138461828232,0.9070000052452087,0.8090000152587891
YML129C,YBR195C,0,-5.594884,0.10080017894506454,0.9070000052452087,0.8090999722480774
YLL050C,YLR006C,0,-5.594954,0.10078897327184677,0.9070000052452087,0.8091999888420105
YJR046W,YLL040C,0,-5.595075,0.1007777750492096,0.9070000052452087,0.8093000054359436
YIL051C,YML061C,1,-5.595569,0.10087767988443375,0.9079999923706055,0.8093000054359436
YKR081C,YAR009C,0,-5.595911,0.10086647421121597,0.9079999923706055,0.8094000220298767
YPR068C,YBR240C,0,-5.595927,0.1008552685379982,0.9079999923706055,0.809499979019165
YGL135W,YIL129C,0,-5.5960846,0.10084407031536102,0.9079999923706055,0.8095999956130981
YLR097C,YGL145W,0,-5.596328,0.10083287209272385,0.9079999923706055,0.8097000122070312
YPR001W,YJL059W,0,-5.5964813,0.10082167387008667,0.9079999923706055,0.8098000288009644
YNR053C,YBR283C,0,-5.5970225,0.10081048309803009,0.9079999923706055,0.8098999857902527
YBR004C,YNL328C,0,-5.5974407,0.10079929232597351,0.9079999923706055,0.8100000023841858
YNL117W,YKL012W,0,-5.5975847,0.10078810155391693,0.9079999923706055,0.8101000189781189
YBR021W,YJL101C,0,-5.5975966,0.10077691823244095,0.9079999923706055,0.8101999759674072
YCR098C,YKR029C,0,-5.5977716,0.10076572746038437,0.9079999923706055,0.8102999925613403
YLR291C,YJL012C,0,-5.5978713,0.10075455158948898,0.9079999923706055,0.8104000091552734
YBR029C,YLR429W,0,-5.5980067,0.100743368268013,0.9079999923706055,0.8105000257492065
YLR068W,YNL031C,0,-5.598046,0.10073219239711761,0.9079999923706055,0.8105999827384949
YPL076W,YOL010W,0,-5.598146,0.10072102397680283,0.9079999923706055,0.810699999332428
YDL209C,YNR013C,0,-5.598194,0.10070984810590744,0.9079999923706055,0.8108000159263611
YIL142W,YIL095W,0,-5.59837,0.10069867968559265,0.9079999923706055,0.8108999729156494
YDL088C,YKR099W,0,-5.598558,0.10068751126527786,0.9079999923706055,0.8109999895095825
YDR198C,YIL153W,0,-5.5986805,0.10067635029554367,0.9079999923706055,0.8111000061035156
YDL134C,YBR083W,0,-5.598728,0.10066518932580948,0.9079999923706055,0.8112000226974487
YNL136W,YBR066C,0,-5.5988894,0.10065402835607529,0.9079999923706055,0.8112999796867371
YMR012W,YGR144W,1,-5.5990176,0.10075370967388153,0.9089999794960022,0.8112999796867371
YMR250W,YML058W-A,0,-5.599094,0.10074254870414734,0.9089999794960022,0.8113999962806702
YOR320C,YML092C,0,-5.5991206,0.10073138028383255,0.9089999794960022,0.8115000128746033
YDR288W,YLR084C,0,-5.5994344,0.10072021931409836,0.9089999794960022,0.8116000294685364
YAL068C,YHL022C,0,-5.5995255,0.10070906579494476,0.9089999794960022,0.8116999864578247
YLR223C,YHR069C,0,-5.6000757,0.10069790482521057,0.9089999794960022,0.8118000030517578
YDR254W,YBR118W,0,-5.600185,0.10068675130605698,0.9089999794960022,0.8119000196456909
YKL143W,YOL045W,0,-5.600267,0.10067559778690338,0.9089999794960022,0.8119999766349792
YLR394W,YBR060C,0,-5.6002727,0.10066445171833038,0.9089999794960022,0.8120999932289124
YPL110C,YGR119C,0,-5.600557,0.10065330564975739,0.9089999794960022,0.8122000098228455
YNL145W,YPR010C,0,-5.6010385,0.10064215958118439,0.9089999794960022,0.8123000264167786
YLR088W,YJL214W,0,-5.601124,0.10063102096319199,0.9089999794960022,0.8123999834060669
YOR150W,YNL091W,0,-5.6011577,0.10061988234519958,0.9089999794960022,0.8125
YDR479C,YER118C,0,-5.60142,0.10060874372720718,0.9089999794960022,0.8126000165939331
YHR187W,YJR091C,0,-5.6015186,0.10059761255979538,0.9089999794960022,0.8126999735832214
YOR388C,YOR334W,0,-5.6016,0.10058648139238358,0.9089999794960022,0.8127999901771545
YDL231C,YDR140W,0,-5.60186,0.10057535022497177,0.9089999794960022,0.8129000067710876
YEL009C,YJR004C,0,-5.601997,0.10056421905755997,0.9089999794960022,0.8130000233650208
YOL156W,YGL008C,0,-5.6020656,0.10055309534072876,0.9089999794960022,0.8130999803543091
YKR076W,YHR072W,0,-5.6021824,0.10054197907447815,0.9089999794960022,0.8131999969482422
YBR207W,YGL006W,0,-5.6026025,0.10053085535764694,0.9089999794960022,0.8133000135421753
YJL128C,YMR229C,0,-5.6026583,0.10051973909139633,0.9089999794960022,0.8133999705314636
YJR135C,YPR137W,0,-5.602837,0.10050862282514572,0.9089999794960022,0.8134999871253967
YPL048W,YGR222W,0,-5.6030726,0.10049751400947571,0.9089999794960022,0.8136000037193298
YMR011W,YKL194C,0,-5.6030746,0.1004864051938057,0.9089999794960022,0.8137000203132629
YHR036W,YOL124C,0,-5.6034164,0.10047529637813568,0.9089999794960022,0.8137999773025513
YJR040W,YHR143W-A,0,-5.603454,0.10046418756246567,0.9089999794960022,0.8138999938964844
YIL004C,YJL133W,0,-5.604417,0.10045308619737625,0.9089999794960022,0.8140000104904175
YGR248W,YMR149W,0,-5.604728,0.10044199228286743,0.9089999794960022,0.8141000270843506
YGR214W,YML064C,0,-5.604802,0.10043089091777802,0.9089999794960022,0.8141999840736389
YCR071C,YKL043W,0,-5.604899,0.1004197970032692,0.9089999794960022,0.814300000667572
YOL095C,YNL304W,1,-5.604974,0.10051916539669037,0.9100000262260437,0.814300000667572
YJR053W,YLR201C,0,-5.6050363,0.10050806403160095,0.9100000262260437,0.8144000172615051
YPL031C,YGR186W,0,-5.6051087,0.10049696266651154,0.9100000262260437,0.8144999742507935
YLR220W,YNL248C,0,-5.6052737,0.10048586875200272,0.9100000262260437,0.8145999908447266
YKL165C,YLR376C,0,-5.6052785,0.1004747673869133,0.9100000262260437,0.8147000074386597
YCR063W,YBL003C,0,-5.605412,0.10046368092298508,0.9100000262260437,0.8148000240325928
YIL103W,YNL262W,0,-5.605492,0.10045258700847626,0.9100000262260437,0.8148999810218811
YMR290C,YIL112W,0,-5.605704,0.10044150054454803,0.9100000262260437,0.8149999976158142
YOL071W,YJL183W,0,-5.6057343,0.10043041408061981,0.9100000262260437,0.8151000142097473
YJL196C,YLR106C,0,-5.6060777,0.10041933506727219,0.9100000262260437,0.8151999711990356
YPR141C,YGL062W,0,-5.606346,0.10040825605392456,0.9100000262260437,0.8152999877929688
YGR212W,YLR092W,0,-5.6064134,0.10039717704057693,0.9100000262260437,0.8154000043869019
YJL081C,YML093W,0,-5.6065145,0.10038609802722931,0.9100000262260437,0.815500020980835
YPL265W,YML126C,0,-5.6067224,0.10037502646446228,0.9100000262260437,0.8155999779701233
YMR112C,YGR143W,0,-5.6067996,0.10036395490169525,0.9100000262260437,0.8156999945640564
YLR449W,YBL105C,0,-5.606914,0.10035289078950882,0.9100000262260437,0.8158000111579895
YJL095W,YJL019W,0,-5.6072245,0.10034182667732239,0.9100000262260437,0.8159000277519226
YHR150W,YGL171W,0,-5.6072426,0.10033076256513596,0.9100000262260437,0.8159999847412109
YBR088C,YHR065C,0,-5.607384,0.10031969845294952,0.9100000262260437,0.816100001335144
YKL089W,YER019C-A,0,-5.6074595,0.10030864179134369,0.9100000262260437,0.8162000179290771
YDR122W,YMR016C,0,-5.607532,0.10029758512973785,0.9100000262260437,0.8162999749183655
YDR339C,YMR241W,1,-5.6075816,0.10039673745632172,0.9110000133514404,0.8162999749183655
YPR017C,YAL059W,0,-5.607779,0.10038567334413528,0.9110000133514404,0.8163999915122986
YER162C,YBR250W,0,-5.6082606,0.10037461668252945,0.9110000133514404,0.8165000081062317
YML067C,YHR066W,0,-5.6083045,0.10036355257034302,0.9110000133514404,0.8166000247001648
YHR089C,YBR069C,0,-5.608439,0.10035250335931778,0.9110000133514404,0.8166999816894531
YJL210W,YML076C,0,-5.608629,0.10034144669771194,0.9110000133514404,0.8167999982833862
YEL030W,YHR094C,0,-5.6091886,0.1003303974866867,0.9110000133514404,0.8169000148773193
YLR175W,YDR021W,0,-5.6092143,0.10031934827566147,0.9110000133514404,0.8169999718666077
YPL256C,YER013W,0,-5.6093817,0.10030829906463623,0.9110000133514404,0.8170999884605408
YLR401C,YJL201W,0,-5.609425,0.10029725730419159,0.9110000133514404,0.8172000050544739
YDR046C,YNL156C,0,-5.6098523,0.10028621554374695,0.9110000133514404,0.817300021648407
YML073C,YDR227W,0,-5.6100516,0.1002751812338829,0.9110000133514404,0.8173999786376953
YNL075W,YMR137C,0,-5.610253,0.10026413947343826,0.9110000133514404,0.8174999952316284
YJR065C,YBR091C,1,-5.6103086,0.10036315768957138,0.9120000004768372,0.8174999952316284
YNL220W,YDR011W,0,-5.6103253,0.10035211592912674,0.9120000004768372,0.8176000118255615
YFR047C,YJL056C,0,-5.6106668,0.1003410741686821,0.9120000004768372,0.8177000284194946
YJR125C,YLR047C,0,-5.6106744,0.10033003240823746,0.9120000004768372,0.817799985408783
YPR034W,YGL070C,0,-5.610682,0.10031899809837341,0.9120000004768372,0.8179000020027161
YFL005W,YIL147C,0,-5.6107826,0.10030796378850937,0.9120000004768372,0.8180000185966492
YNL127W,YBR153W,0,-5.6108403,0.10029692947864532,0.9120000004768372,0.8180999755859375
YLR160C,YMR046C,0,-5.6108546,0.10028590261936188,0.9120000004768372,0.8181999921798706
YFL002C,YLR132C,0,-5.6112294,0.10027487576007843,0.9120000004768372,0.8183000087738037
YLR139C,YCR081W,0,-5.611323,0.10026384890079498,0.9120000004768372,0.8184000253677368
YMR290C,YOL102C,0,-5.611886,0.10025282949209213,0.9120000004768372,0.8184999823570251
YNR027W,YOR028C,0,-5.6121273,0.10024181008338928,0.9120000004768372,0.8185999989509583
YDR130C,YAL033W,0,-5.612288,0.10023079812526703,0.9120000004768372,0.8187000155448914
YER183C,YFR053C,0,-5.6129985,0.10021977871656418,0.9120000004768372,0.8187999725341797
YPR163C,YKR079C,0,-5.613019,0.10020876675844193,0.9120000004768372,0.8188999891281128
YBR040W,YML124C,0,-5.6131415,0.10019776225090027,0.9120000004768372,0.8190000057220459
YNL216W,YPR102C,0,-5.6140766,0.10018675029277802,0.9120000004768372,0.819100022315979
YJL060W,YDR512C,0,-5.614079,0.10017574578523636,0.9120000004768372,0.8191999793052673
YBR156C,YLR337C,0,-5.614182,0.1001647412776947,0.9120000004768372,0.8192999958992004
YJR131W,YDR172W,0,-5.61435,0.10015374422073364,0.9120000004768372,0.8194000124931335
YOL013C,YGR085C,0,-5.61453,0.10014274716377258,0.9120000004768372,0.8195000290870667
YBL006C,YBL106C,0,-5.614904,0.10013175010681152,0.9120000004768372,0.819599986076355
YNL038W,YIL119C,0,-5.61493,0.10012076050043106,0.9120000004768372,0.8197000026702881
YDR364C,YDL095W,0,-5.6150904,0.1001097708940506,0.9120000004768372,0.8198000192642212
YOL149W,YFL045C,0,-5.6152544,0.10009878128767014,0.9120000004768372,0.8198999762535095
YOL051W,YDL230W,0,-5.615264,0.10008779913187027,0.9120000004768372,0.8199999928474426
YJR091C,YDL111C,0,-5.6155543,0.1000768169760704,0.9120000004768372,0.8201000094413757
YOR037W,YNL310C,1,-5.6156464,0.10017555207014084,0.9129999876022339,0.8201000094413757
YIL046W,YKL025C,0,-5.615747,0.10016456246376038,0.9129999876022339,0.8202000260353088
YFR036W,YKL205W,0,-5.615895,0.10015357285737991,0.9129999876022339,0.8202999830245972
YBR221C,YMR229C,0,-5.6161036,0.10014259070158005,0.9129999876022339,0.8203999996185303
YGR267C,YDL244W,0,-5.6162944,0.10013160854578018,0.9129999876022339,0.8205000162124634
YOR335C,YKR007W,0,-5.6163573,0.10012062638998032,0.9129999876022339,0.8205999732017517
YFL010W-A,YML129C,0,-5.6165385,0.10010965168476105,0.9129999876022339,0.8206999897956848
YJL168C,YDL080C,0,-5.616571,0.10009867697954178,0.9129999876022339,0.8208000063896179
YMR162C,YBL106C,0,-5.6167874,0.10008770227432251,0.9129999876022339,0.820900022983551
YCR082W,YPR009W,0,-5.617167,0.10007672756910324,0.9129999876022339,0.8209999799728394
YNL110C,YGR178C,0,-5.6172543,0.10006576031446457,0.9129999876022339,0.8210999965667725
YDR423C,YNL160W,0,-5.6173053,0.1000547930598259,0.9129999876022339,0.8212000131607056
YDR343C,YNL227C,0,-5.61731,0.10004383325576782,0.9129999876022339,0.8213000297546387
YKR009C,YIL135C,0,-5.61733,0.10003286600112915,0.9129999876022339,0.821399986743927
YDR146C,YHR048W,0,-5.6174417,0.10002191364765167,0.9129999876022339,0.8215000033378601
YOR037W,YNL149C,1,-5.617575,0.10012049227952957,0.9139999747276306,0.8215000033378601
YPL217C,YFL018C,0,-5.6176,0.1001095324754715,0.9139999747276306,0.8216000199317932
YNR057C,YBL088C,0,-5.6176763,0.10009856522083282,0.9139999747276306,0.8216999769210815
YER145C,YLL035W,0,-5.6177745,0.10008760541677475,0.9139999747276306,0.8217999935150146
YOR173W,YMR162C,0,-5.6177983,0.10007664561271667,0.9139999747276306,0.8219000101089478
YLR220W,YDR473C,0,-5.618269,0.1000656858086586,0.9139999747276306,0.8220000267028809
YJL184W,YPR163C,0,-5.61869,0.10005473345518112,0.9139999747276306,0.8220999836921692
YIL034C,YDR093W,0,-5.6187277,0.10004378110170364,0.9139999747276306,0.8222000002861023
YOR023C,YBR065C,0,-5.619004,0.10003283619880676,0.9139999747276306,0.8223000168800354
YBR036C,YGR119C,0,-5.6190987,0.10002188384532928,0.9139999747276306,0.8223999738693237
YGR030C,YOR137C,0,-5.6193385,0.1000109389424324,0.9139999747276306,0.8224999904632568
YGL051W,YDR451C,0,-5.619823,0.10000000149011612,0.9139999747276306,0.8226000070571899
YPL095C,YOR110W,0,-5.619854,0.09998905658721924,0.9139999747276306,0.822700023651123
YGR070W,YGL135W,0,-5.620309,0.09997812658548355,0.9139999747276306,0.8227999806404114
YMR162C,YFL059W,0,-5.6205297,0.09996718913316727,0.9139999747276306,0.8228999972343445
YHR068W,YAR033W,0,-5.62112,0.09995625913143158,0.9139999747276306,0.8230000138282776
YCL044C,YNL310C,1,-5.6213455,0.10005467385053635,0.9150000214576721,0.8230000138282776
YDR294C,YDR083W,0,-5.6214633,0.10004373639822006,0.9150000214576721,0.8230999708175659
YLR190W,YBR091C,1,-5.6215854,0.10014212131500244,0.9160000085830688,0.8230999708175659
YFR009W,YJR156C,0,-5.621655,0.10013117641210556,0.9160000085830688,0.823199987411499
YPL031C,YIL129C,0,-5.6216598,0.10012023150920868,0.9160000085830688,0.8233000040054321
YJL065C,YDR122W,0,-5.621797,0.1001092866063118,0.9160000085830688,0.8234000205993652
YDR098C,YOR340C,0,-5.6222854,0.10009834915399551,0.9160000085830688,0.8234999775886536
YNL015W,YJL138C,0,-5.622355,0.10008741170167923,0.9160000085830688,0.8235999941825867
YCL029C,YEL062W,0,-5.6224732,0.10007647424936295,0.9160000085830688,0.8237000107765198
YIL132C,YLR372W,0,-5.6228538,0.10006554424762726,0.9160000085830688,0.8238000273704529
YGR145W,YLR305C,0,-5.6229644,0.10005461424589157,0.9160000085830688,0.8238999843597412
YGR132C,YBR055C,0,-5.6231017,0.10004368424415588,0.9160000085830688,0.8240000009536743
YOL044W,YMR272C,0,-5.623108,0.1000327616930008,0.9160000085830688,0.8241000175476074
YJR021C,YHR014W,0,-5.623356,0.1000218391418457,0.9160000085830688,0.8241999745368958
YLR223C,YML027W,0,-5.623466,0.10001091659069061,0.9160000085830688,0.8242999911308289
YJR055W,YOR007C,0,-5.623491,0.10000000149011612,0.9160000085830688,0.824400007724762
YCR098C,YHR106W,0,-5.62361,0.09998908638954163,0.9160000085830688,0.8245000243186951
YDR512C,YDR285W,0,-5.6238685,0.09997817128896713,0.9160000085830688,0.8245999813079834
YPL145C,YGR212W,0,-5.6241384,0.09996725618839264,0.9160000085830688,0.8246999979019165
YLR431C,YER145C,0,-5.624142,0.09995634853839874,0.9160000085830688,0.8248000144958496
YER031C,YJR141W,0,-5.6242003,0.09994544833898544,0.9160000085830688,0.8248999714851379
YHR171W,YJR068W,0,-5.624519,0.09993454068899155,0.9160000085830688,0.824999988079071
YBR089C-A,YIL122W,0,-5.625163,0.09992364048957825,0.9160000085830688,0.8251000046730042
YNL106C,YLR196W,0,-5.625301,0.09991274029016495,0.9160000085830688,0.8252000212669373
YKL025C,YNL244C,0,-5.6256795,0.09990184009075165,0.9160000085830688,0.8252999782562256
YFR028C,YKL075C,0,-5.625961,0.09989094734191895,0.9160000085830688,0.8253999948501587
YER159C,YLL043W,0,-5.626043,0.09988005459308624,0.9160000085830688,0.8255000114440918
YHR194W,YMR241W,1,-5.626283,0.09997819364070892,0.9169999957084656,0.8255000114440918
YOL145C,YOL001W,0,-5.6267676,0.09996729344129562,0.9169999957084656,0.8256000280380249
YKL001C,YOR036W,0,-5.626887,0.09995640069246292,0.9169999957084656,0.8256999850273132
YLL061W,YHR205W,0,-5.6269803,0.09994550049304962,0.9169999957084656,0.8258000016212463
YIL118W,YMR239C,0,-5.627218,0.09993461519479752,0.9169999957084656,0.8259000182151794
YNR072W,YJL019W,0,-5.6274915,0.09992372244596481,0.9169999957084656,0.8259999752044678
YNL314W,YJL011C,0,-5.627787,0.09991283714771271,0.9169999957084656,0.8260999917984009
YHR164C,YEL026W,0,-5.6280637,0.0999019518494606,0.9169999957084656,0.826200008392334
YNR053C,YNR023W,0,-5.628721,0.0998910665512085,0.9169999957084656,0.8263000249862671
YHR011W,YOR221C,0,-5.6287436,0.09988018870353699,0.9169999957084656,0.8263999819755554
YKR048C,YJL108C,0,-5.6288247,0.09986931085586548,0.9169999957084656,0.8264999985694885
YPL021W,YGR094W,0,-5.6290526,0.09985843300819397,0.9169999957084656,0.8266000151634216
YOR319W,YLR139C,0,-5.629063,0.09984756261110306,0.9169999957084656,0.82669997215271
YOL091W,YBR294W,0,-5.629173,0.09983669221401215,0.9169999957084656,0.8267999887466431
YLL009C,YOL040C,0,-5.629377,0.09982582181692123,0.9169999957084656,0.8269000053405762
YGR204W,YER032W,0,-5.6295276,0.09981495887041092,0.9169999957084656,0.8270000219345093
YPL265W,YJR082C,0,-5.6296735,0.0998040959239006,0.9169999957084656,0.8270999789237976
YJL058C,YDL022W,0,-5.629737,0.09979323297739029,0.9169999957084656,0.8271999955177307
YLR238W,YAR033W,0,-5.6298366,0.09978237003087997,0.9169999957084656,0.8273000121116638
YER166W,YML041C,0,-5.6300135,0.09977151453495026,0.9169999957084656,0.8274000287055969
YBR085W,YIL046W,0,-5.6301904,0.09976065903902054,0.9169999957084656,0.8274999856948853
YJL014W,YDL051W,0,-5.6304646,0.09974981099367142,0.9169999957084656,0.8276000022888184
YPL031C,YIL073C,0,-5.6309667,0.0997389629483223,0.9169999957084656,0.8277000188827515
YGL245W,YIL056W,0,-5.6311913,0.09972811490297318,0.9169999957084656,0.8277999758720398
YBR059C,YDR489W,0,-5.6311927,0.09971726685762405,0.9169999957084656,0.8278999924659729
YML132W,YGR220C,0,-5.6312428,0.09970642626285553,0.9169999957084656,0.828000009059906
YBR278W,YOR340C,0,-5.6312985,0.099695585668087,0.9169999957084656,0.8281000256538391
YLR223C,YER044C-A,0,-5.6313114,0.09968474507331848,0.9169999957084656,0.8281999826431274
YNR054C,YNL281W,0,-5.6314387,0.09967391192913055,0.9169999957084656,0.8282999992370605
YDL154W,YER095W,0,-5.631922,0.09966307878494263,0.9169999957084656,0.8284000158309937
YGR145W,YDR477W,0,-5.631944,0.0996522530913353,0.9169999957084656,0.828499972820282
YKR048C,YMR069W,0,-5.6321197,0.09964141994714737,0.9169999957084656,0.8285999894142151
YAL022C,YDR309C,0,-5.6323314,0.09963059425354004,0.9169999957084656,0.8287000060081482
YBR247C,YPL001W,0,-5.6323447,0.09961976855993271,0.9169999957084656,0.8288000226020813
YLL042C,YER151C,0,-5.6324773,0.09960895031690598,0.9169999957084656,0.8288999795913696
YML118W,YEL017C-A,0,-5.6325455,0.09959813207387924,0.9169999957084656,0.8289999961853027
YPL244C,YPL187W,0,-5.632853,0.09958731383085251,0.9169999957084656,0.8291000127792358
YLR233C,YOL002C,0,-5.632915,0.09957650303840637,0.9169999957084656,0.829200029373169
YNL282W,YDL150W,0,-5.6329527,0.09956569224596024,0.9169999957084656,0.8292999863624573
YLL013C,YHR031C,1,-5.633082,0.09966344386339188,0.9179999828338623,0.8292999863624573
YOR023C,YPR190C,0,-5.6330876,0.09965262562036514,0.9179999828338623,0.8294000029563904
YOR078W,YOL127W,0,-5.6334205,0.09964180737733841,0.9179999828338623,0.8295000195503235
YNL090W,YMR146C,0,-5.633681,0.09963099658489227,0.9179999828338623,0.8295999765396118
YDR147W,YJL100W,0,-5.633897,0.09962018579244614,0.9179999828338623,0.8296999931335449
YOL054W,YOL117W,0,-5.6354403,0.099609375,0.9179999828338623,0.829800009727478
YLR060W,YBR021W,0,-5.6355677,0.09959856420755386,0.9179999828338623,0.8299000263214111
YJR119C,YOR232W,0,-5.635644,0.09958776086568832,0.9179999828338623,0.8299999833106995
YBL105C,YMR096W,0,-5.6359305,0.09957695752382278,0.9179999828338623,0.8300999999046326
YLR157C,YML064C,0,-5.635966,0.09956616163253784,0.9179999828338623,0.8302000164985657
YLR418C,YDR516C,0,-5.6362195,0.0995553657412529,0.9179999828338623,0.830299973487854
YOL124C,YLR181C,0,-5.636587,0.09954456984996796,0.9179999828338623,0.8303999900817871
YLL061W,YLR466W,0,-5.6366773,0.09953377395868301,0.9179999828338623,0.8305000066757202
YER015W,YML055W,0,-5.6368146,0.09952298551797867,0.9179999828338623,0.8306000232696533
YGL037C,YPL157W,0,-5.63692,0.09951219707727432,0.9179999828338623,0.8306999802589417
YMR246W,YER117W,0,-5.6369805,0.09950140863656998,0.9179999828338623,0.8307999968528748
YMR303C,YNL246W,0,-5.637107,0.09949062764644623,0.9179999828338623,0.8309000134468079
YCR107W,YHR197W,0,-5.6371446,0.09947984665632248,0.9179999828338623,0.8309999704360962
YJR082C,YBL061C,0,-5.63763,0.09946906566619873,0.9179999828338623,0.8310999870300293
YHL031C,YDL087C,0,-5.637671,0.09945828467607498,0.9179999828338623,0.8312000036239624
YNL232W,YDR218C,0,-5.6383405,0.09944751113653183,0.9179999828338623,0.8313000202178955
YER119C,YOL121C,0,-5.6384454,0.09943674504756927,0.9179999828338623,0.8313999772071838
YBL051C,YPR041W,0,-5.638847,0.09942597150802612,0.9179999828338623,0.8314999938011169
YLR047C,YBR035C,0,-5.6388535,0.09941520541906357,0.9179999828338623,0.83160001039505
YGR286C,YIL139C,0,-5.638922,0.09940443933010101,0.9179999828338623,0.8317000269889832
YFL014W,YPL128C,0,-5.639128,0.09939367324113846,0.9179999828338623,0.8317999839782715
YCR031C,YDR409W,0,-5.639175,0.0993829146027565,0.9179999828338623,0.8319000005722046
YGL008C,YOR179C,0,-5.639443,0.09937215596437454,0.9179999828338623,0.8320000171661377
YMR078C,YKR031C,0,-5.639631,0.09936140477657318,0.9179999828338623,0.832099974155426
YDR339C,YFL036W,1,-5.63998,0.09945887327194214,0.9190000295639038,0.832099974155426
YOR221C,YOR207C,0,-5.6404305,0.09944811463356018,0.9190000295639038,0.8321999907493591
YGR246C,YHR011W,0,-5.6404424,0.09943734854459763,0.9190000295639038,0.8323000073432922
YLR175W,YNL047C,0,-5.640549,0.09942658990621567,0.9190000295639038,0.8324000239372253
YLL034C,YJL011C,0,-5.6406593,0.0994158387184143,0.9190000295639038,0.8324999809265137
YGR214W,YER120W,0,-5.6407127,0.09940508753061295,0.9190000295639038,0.8325999975204468
YBR132C,YPR055W,0,-5.6407647,0.09939433634281158,0.9190000295639038,0.8327000141143799
YNL314W,YCR065W,0,-5.6408424,0.09938358515501022,0.9190000295639038,0.8327999711036682
YFR040W,YPL065W,0,-5.6411676,0.09937283396720886,0.9190000295639038,0.8328999876976013
YMR186W,YHR187W,0,-5.641293,0.0993620902299881,0.9190000295639038,0.8330000042915344
YNL009W,YNL218W,0,-5.6418414,0.09935135394334793,0.9190000295639038,0.8331000208854675
YLR051C,YIR018W,0,-5.6418695,0.09934061020612717,0.9190000295639038,0.8331999778747559
YLL027W,YPR016C,0,-5.6418924,0.099329873919487,0.9190000295639038,0.833299994468689
YHR068W,YIR025W,0,-5.641978,0.09931913763284683,0.9190000295639038,0.8334000110626221
YBL045C,YML069W,0,-5.6422954,0.09930840879678726,0.9190000295639038,0.8335000276565552
YJR068W,YLR009W,0,-5.6423464,0.09929767996072769,0.9190000295639038,0.8335999846458435
YBR066C,YOL115W,0,-5.6423955,0.09928695112466812,0.9190000295639038,0.8337000012397766
YDL101C,YML073C,0,-5.6426034,0.09927622228860855,0.9190000295639038,0.8338000178337097
YNL139C,YOR313C,0,-5.642663,0.09926550090312958,0.9190000295639038,0.833899974822998
YPR198W,YMR051C,0,-5.6427746,0.0992547795176506,0.9190000295639038,0.8339999914169312
YPL092W,YNL253W,0,-5.6437106,0.09924405813217163,0.9190000295639038,0.8341000080108643
YJR002W,YKR057W,0,-5.643725,0.09923334419727325,0.9190000295639038,0.8342000246047974
YJL110C,YDR501W,0,-5.644049,0.09922263026237488,0.9190000295639038,0.8342999815940857
YKL208W,YLR045C,0,-5.6441836,0.0992119163274765,0.9190000295639038,0.8343999981880188
YKL208W,YGR152C,0,-5.644199,0.09920120984315872,0.9190000295639038,0.8345000147819519
YGR060W,YOR372C,0,-5.6442647,0.09919050335884094,0.9190000295639038,0.8345999717712402
YGL122C,YPL130W,0,-5.6444497,0.09917979687452316,0.9190000295639038,0.8346999883651733
YMR290C,YNL164C,0,-5.644487,0.09916909784078598,0.9190000295639038,0.8348000049591064
YLL035W,YDR057W,0,-5.644672,0.0991583913564682,0.9190000295639038,0.8349000215530396
YJL087C,YKR053C,0,-5.644873,0.09914769977331161,0.9190000295639038,0.8349999785423279
YNL164C,YBL004W,0,-5.6450715,0.09913700073957443,0.9190000295639038,0.835099995136261
YER061C,YGL044C,0,-5.6453114,0.09912630915641785,0.9190000295639038,0.8352000117301941
YDL087C,YFL058W,0,-5.6453285,0.09911561757326126,0.9190000295639038,0.8353000283241272
YBR036C,YGL133W,0,-5.6454606,0.09910492599010468,0.9190000295639038,0.8353999853134155
YOR198C,YDR342C,0,-5.645536,0.09909424185752869,0.9190000295639038,0.8355000019073486
YJL060W,YMR039C,0,-5.6455646,0.0990835577249527,0.9190000295639038,0.8356000185012817
YNL145W,YNR059W,0,-5.6456633,0.09907287359237671,0.9190000295639038,0.8356999754905701
YAL012W,YCR065W,0,-5.6457043,0.09906219691038132,0.9190000295639038,0.8357999920845032
YNL218W,YFL026W,0,-5.646006,0.09905152022838593,0.9190000295639038,0.8359000086784363
YPR119W,YHR068W,0,-5.646824,0.09904084354639053,0.9190000295639038,0.8360000252723694
YNL245C,YGR171C,0,-5.6468453,0.09903017431497574,0.9190000295639038,0.8360999822616577
YHL040C,YLR129W,0,-5.646853,0.09901950508356094,0.9190000295639038,0.8361999988555908
YCL029C,YML004C,0,-5.646857,0.09900883585214615,0.9190000295639038,0.8363000154495239
YMR163C,YMR016C,0,-5.646881,0.09899816662073135,0.9190000295639038,0.8363999724388123
YJL184W,YPR134W,0,-5.6469555,0.09898750483989716,0.9190000295639038,0.8364999890327454
YDR432W,YBR114W,0,-5.6469865,0.09897684305906296,0.9190000295639038,0.8366000056266785
YMR042W,YDR130C,0,-5.647143,0.09896618872880936,0.9190000295639038,0.8367000222206116
YPL133C,YIL147C,0,-5.647158,0.09895552694797516,0.9190000295639038,0.8367999792098999
YLR223C,YBR142W,0,-5.6472793,0.09894487261772156,0.9190000295639038,0.836899995803833
YNL294C,YOR313C,0,-5.6473374,0.09893422573804855,0.9190000295639038,0.8370000123977661
YGL201C,YNL248C,0,-5.647343,0.09892357140779495,0.9190000295639038,0.8371000289916992
YPL270W,YDR395W,0,-5.6474166,0.09891292452812195,0.9190000295639038,0.8371999859809875
YGL003C,YLR328W,0,-5.6479583,0.09890228509902954,0.9190000295639038,0.8373000025749207
YDR456W,YIR041W,0,-5.6480126,0.09889163821935654,0.9190000295639038,0.8374000191688538
YGL055W,YLL013C,1,-5.6481614,0.0989885926246643,0.9200000166893005,0.8374000191688538
YNL008C,YOR122C,0,-5.648442,0.0989779457449913,0.9200000166893005,0.8374999761581421
YNL275W,YBR121C,0,-5.648459,0.0989672988653183,0.9200000166893005,0.8375999927520752
YBL097W,YOR145C,0,-5.6485496,0.0989566519856453,0.9200000166893005,0.8377000093460083
YOR257W,YDR255C,0,-5.649049,0.09894601255655289,0.9200000166893005,0.8378000259399414
YOL130W,YDL220C,0,-5.649324,0.09893536567687988,0.9200000166893005,0.8378999829292297
YNL281W,YDR180W,0,-5.6493354,0.09892473369836807,0.9200000166893005,0.8379999995231628
YOR173W,YOR195W,0,-5.649389,0.09891409426927567,0.9200000166893005,0.838100016117096
YDR202C,YNL273W,0,-5.6494355,0.09890346229076385,0.9200000166893005,0.8381999731063843
YNR054C,YKL055C,0,-5.6500463,0.09889283031225204,0.9200000166893005,0.8382999897003174
YJR105W,YNL136W,0,-5.650147,0.09888219833374023,0.9200000166893005,0.8384000062942505
YHR019C,YPL057C,0,-5.650369,0.09887157380580902,0.9200000166893005,0.8385000228881836
YLR074C,YBL106C,0,-5.65046,0.09886094927787781,0.9200000166893005,0.8385999798774719
YNL311C,YDR311W,0,-5.6507125,0.0988503247499466,0.9200000166893005,0.838699996471405
YLR370C,YJL116C,1,-5.65093,0.09894714504480362,0.9210000038146973,0.838699996471405
YOR028C,YGL236C,0,-5.65136,0.09893651306629181,0.9210000038146973,0.8388000130653381
YNL061W,YNL246W,0,-5.6515374,0.0989258885383606,0.9210000038146973,0.8389000296592712
YPR057W,YGL175C,0,-5.6518044,0.09891526401042938,0.9210000038146973,0.8389999866485596
YDR252W,YCR012W,0,-5.6518393,0.09890463948249817,0.9210000038146973,0.8391000032424927
YDL223C,YLR265C,0,-5.651848,0.09889402240514755,0.9210000038146973,0.8392000198364258
YDL042C,YHR008C,0,-5.652249,0.09888339787721634,0.9210000038146973,0.8392999768257141
YNL037C,YDR213W,0,-5.652805,0.09887278825044632,0.9210000038146973,0.8393999934196472
YHR157W,YNL287W,0,-5.653222,0.0988621711730957,0.9210000038146973,0.8395000100135803
YBR068C,YCR072C,0,-5.653586,0.09885156154632568,0.9210000038146973,0.8396000266075134
YNL232W,YBL022C,0,-5.6536736,0.09884095191955566,0.9210000038146973,0.8396999835968018
YLR401C,YDR285W,0,-5.653788,0.09883034974336624,0.9210000038146973,0.8398000001907349
YGL032C,YOL117W,0,-5.6542172,0.09881974011659622,0.9210000038146973,0.839900016784668
YKL185W,YMR283C,0,-5.6543803,0.0988091379404068,0.9210000038146973,0.8399999737739563
YDR386W,YGR054W,0,-5.6548066,0.09879854321479797,0.9210000038146973,0.8400999903678894
YKL005C,YGR220C,0,-5.6548557,0.09878794103860855,0.9210000038146973,0.8402000069618225
YMR135C,YNR017W,0,-5.6548724,0.09877734631299973,0.9210000038146973,0.8403000235557556
YBR073W,YJR145C,0,-5.655256,0.0987667590379715,0.9210000038146973,0.840399980545044
YGR239C,YBL075C,0,-5.655482,0.09875616431236267,0.9210000038146973,0.840499997138977
YER146W,YOR132W,0,-5.655492,0.09874557703733444,0.9210000038146973,0.8406000137329102
YLR100W,YDR017C,0,-5.655681,0.09873498976230621,0.9210000038146973,0.8406999707221985
YAL044C,YOR063W,0,-5.6557784,0.09872440993785858,0.9210000038146973,0.8407999873161316
YER169W,YIL167W,0,-5.6560574,0.09871382266283035,0.9210000038146973,0.8409000039100647
YNL009W,YMR305C,0,-5.656818,0.09870325028896332,0.9210000038146973,0.8410000205039978
YLR129W,YPL124W,0,-5.656838,0.09869267046451569,0.9210000038146973,0.8410999774932861
YPL046C,YEL031W,0,-5.6568933,0.09868209809064865,0.9210000038146973,0.8411999940872192
YBR022W,YER082C,0,-5.657293,0.09867152571678162,0.9210000038146973,0.8413000106811523
YDR106W,YOL064C,0,-5.657444,0.09866095334291458,0.9210000038146973,0.8414000272750854
YAL042W,YOR095C,0,-5.657727,0.09865038841962814,0.9210000038146973,0.8414999842643738
YPL169C,YDL216C,0,-5.657778,0.0986398234963417,0.9210000038146973,0.8416000008583069
YMR207C,YOR221C,0,-5.658016,0.09862925857305527,0.9210000038146973,0.84170001745224
YBR017C,YOL033W,0,-5.6581426,0.09861869364976883,0.9210000038146973,0.8417999744415283
YPL192C,YPL010W,0,-5.6582236,0.09860813617706299,0.9210000038146973,0.8418999910354614
YLR376C,YLR092W,0,-5.658566,0.09859757870435715,0.9210000038146973,0.8420000076293945
YBR117C,YML027W,0,-5.6585793,0.0985870286822319,0.9210000038146973,0.8421000242233276
YDL090C,YPR080W,0,-5.6589456,0.09857647120952606,0.9210000038146973,0.842199981212616
YDL069C,YLR394W,0,-5.658977,0.09856592118740082,0.9210000038146973,0.8422999978065491
YKR076W,YER022W,0,-5.658987,0.09855537861585617,0.9210000038146973,0.8424000144004822
YPL089C,YOR007C,0,-5.6590824,0.09854482859373093,0.9210000038146973,0.8424999713897705
YLR284C,YMR125W,0,-5.659186,0.09853428602218628,0.9210000038146973,0.8425999879837036
YDR214W,YCR027C,0,-5.6598163,0.09852375090122223,0.9210000038146973,0.8427000045776367
YAL056W,YLR335W,0,-5.6598496,0.09851320832967758,0.9210000038146973,0.8428000211715698
YGL054C,YFR002W,0,-5.660103,0.09850267320871353,0.9210000038146973,0.8428999781608582
YPL224C,YLL002W,0,-5.6603537,0.09849213808774948,0.9210000038146973,0.8429999947547913
YDR263C,YDR369C,0,-5.660519,0.09848161041736603,0.9210000038146973,0.8431000113487244
YMR184W,YER036C,0,-5.660895,0.09847107529640198,0.9210000038146973,0.8432000279426575
YGL171W,YKL081W,0,-5.6616106,0.09846055507659912,0.9210000038146973,0.8432999849319458
YJL101C,YER104W,0,-5.6616426,0.09845002740621567,0.9210000038146973,0.8434000015258789
YPL057C,YGR221C,0,-5.661681,0.09843950718641281,0.9210000038146973,0.843500018119812
YJR002W,YNR052C,0,-5.6619096,0.09842898696660995,0.9210000038146973,0.8435999751091003
YLR411W,YGR258C,0,-5.6619306,0.0984184667468071,0.9210000038146973,0.8436999917030334
YEL053C,YOR027W,0,-5.66217,0.09840794652700424,0.9210000038146973,0.8438000082969666
YNL167C,YPL029W,0,-5.6621776,0.09839743375778198,0.9210000038146973,0.8439000248908997
YDR513W,YBR087W,0,-5.662417,0.09838692098855972,0.9210000038146973,0.843999981880188
YDR194C,YHR041C,0,-5.6625333,0.09837641566991806,0.9210000038146973,0.8440999984741211
YFL014W,YML058W-A,0,-5.6630845,0.0983659103512764,0.9210000038146973,0.8442000150680542
YOR355W,YML027W,0,-5.663147,0.09835540503263474,0.9210000038146973,0.8442999720573425
YIL103W,YJL127C,0,-5.663214,0.09834489971399307,0.9210000038146973,0.8443999886512756
YMR288W,YLR154C,0,-5.663388,0.098334401845932,0.9210000038146973,0.8445000052452087
YNL328C,YBR221C,0,-5.6638412,0.09832390397787094,0.9210000038146973,0.8446000218391418
YKR068C,YLR059C,0,-5.663957,0.09831340610980988,0.9210000038146973,0.8446999788284302
YDL006W,YDL217C,1,-5.6639805,0.09840964525938034,0.921999990940094,0.8446999788284302
YPR100W,YDR023W,0,-5.663985,0.09839914739131927,0.921999990940094,0.8447999954223633
YHL040C,YLR110C,0,-5.6640544,0.09838864952325821,0.921999990940094,0.8449000120162964
YHR059W,YDR453C,0,-5.665393,0.09837814420461655,0.921999990940094,0.8450000286102295
YGL086W,YOR054C,0,-5.6654177,0.09836765378713608,0.921999990940094,0.8450999855995178
YJR135C,YDR422C,0,-5.6655025,0.09835715591907501,0.921999990940094,0.8452000021934509
YPR134W,YGR229C,0,-5.6659203,0.09834666550159454,0.921999990940094,0.845300018787384
YIL070C,YOR127W,0,-5.665959,0.09833617508411407,0.921999990940094,0.8453999757766724
YBR244W,YGL120C,0,-5.6663604,0.0983256921172142,0.921999990940094,0.8454999923706055
YDL055C,YDR485C,0,-5.666368,0.09831520915031433,0.921999990940094,0.8456000089645386
YOL149W,YOR267C,0,-5.6663685,0.09830472618341446,0.921999990940094,0.8457000255584717
YNR058W,YOR144C,0,-5.6666408,0.09829424321651459,0.921999990940094,0.84579998254776
YMR047C,YLR034C,0,-5.666926,0.09828376770019531,0.921999990940094,0.8458999991416931
YBR043C,YGR080W,0,-5.667372,0.09827329218387604,0.921999990940094,0.8460000157356262
YJL208C,YOL010W,0,-5.667442,0.09826281666755676,0.921999990940094,0.8460999727249146
YIL140W,YDR172W,0,-5.6679626,0.09825234115123749,0.921999990940094,0.8461999893188477
YPL209C,YDR190C,0,-5.6681824,0.09824187308549881,0.921999990940094,0.8463000059127808
YGR003W,YPR006C,0,-5.6682673,0.09823140501976013,0.921999990940094,0.8464000225067139
YNL094W,YIL103W,0,-5.6683855,0.09822094440460205,0.921999990940094,0.8464999794960022
YHR171W,YGR186W,0,-5.6684756,0.09821048378944397,0.921999990940094,0.8465999960899353
YOR098C,YKL051W,0,-5.6687117,0.09820002317428589,0.921999990940094,0.8467000126838684
YLR381W,YEL060C,0,-5.6689897,0.09818956255912781,0.921999990940094,0.8468000292778015
YGR097W,YOR064C,0,-5.669449,0.09817910939455032,0.921999990940094,0.8468999862670898
YOR236W,YIR037W,0,-5.670018,0.09816865622997284,0.921999990940094,0.847000002861023
YLR079W,YCR053W,0,-5.670367,0.09815820306539536,0.921999990940094,0.847100019454956
YLR381W,YJL050W,0,-5.6703997,0.09814775735139847,0.921999990940094,0.8471999764442444
YOR260W,YMR201C,0,-5.67097,0.09813730418682098,0.921999990940094,0.8472999930381775
YPR042C,YOR327C,0,-5.671146,0.0981268659234047,0.921999990940094,0.8474000096321106
YNL161W,YNL221C,0,-5.6712317,0.0981164202094078,0.921999990940094,0.8475000262260437
YDR375C,YOR307C,0,-5.6714187,0.09810598194599152,0.921999990940094,0.847599983215332
YDL142C,YBR091C,1,-5.671495,0.0982019379734993,0.9229999780654907,0.847599983215332
YGL240W,YLR221C,0,-5.671538,0.09819149225950241,0.9229999780654907,0.8476999998092651
YBR142W,YML047C,0,-5.6716857,0.09818104654550552,0.9229999780654907,0.8478000164031982
YKL021C,YBR260C,0,-5.6721263,0.09817060083150864,0.9229999780654907,0.8478999733924866
YJR097W,YHR004C,0,-5.672399,0.09816016256809235,0.9229999780654907,0.8479999899864197
YDL033C,YDL159W,0,-5.67268,0.09814972430467606,0.9229999780654907,0.8481000065803528
YHR175W,YDL190C,0,-5.672786,0.09813928604125977,0.9229999780654907,0.8482000231742859
YDR099W,YOL127W,0,-5.6728854,0.09812885522842407,0.9229999780654907,0.8482999801635742
YDR343C,YGR202C,0,-5.67306,0.09811842441558838,0.9229999780654907,0.8483999967575073
YIR002C,YKR014C,0,-5.6732326,0.09810799360275269,0.9229999780654907,0.8485000133514404
YNR013C,YER018C,0,-5.673405,0.09809756278991699,0.9229999780654907,0.8485999703407288
YLL035W,YIL076W,0,-5.6740665,0.0980871394276619,0.9229999780654907,0.8486999869346619
YMR145C,YOR307C,0,-5.674128,0.0980767160654068,0.9229999780654907,0.848800003528595
YLL031C,YBL024W,0,-5.6741424,0.0980663001537323,0.9229999780654907,0.8489000201225281
YOR204W,YDR529C,0,-5.674176,0.0980558767914772,0.9229999780654907,0.8489999771118164
YLR304C,YBR091C,1,-5.6743655,0.09815169125795364,0.9240000247955322,0.8489999771118164
YBR207W,YKR057W,0,-5.6745787,0.09814126044511795,0.9240000247955322,0.8490999937057495
YDR384C,YDR294C,0,-5.675128,0.09813084453344345,0.9240000247955322,0.8492000102996826
YBR091C,YCR020C,1,-5.675198,0.09822661429643631,0.925000011920929,0.8492000102996826
YNL138W,YLR249W,0,-5.6754003,0.09821618348360062,0.925000011920929,0.8493000268936157
YGR171C,YLR166C,0,-5.6756673,0.09820575267076492,0.925000011920929,0.849399983882904
YMR133W,YMR263W,0,-5.6757193,0.09819532930850983,0.925000011920929,0.8495000004768372
YOR355W,YOL049W,0,-5.6759715,0.09818490594625473,0.925000011920929,0.8496000170707703
YBR205W,YGR162W,0,-5.676178,0.09817448258399963,0.925000011920929,0.8496999740600586
YNL223W,YDR188W,0,-5.676442,0.09816406667232513,0.925000011920929,0.8497999906539917
YJL196C,YDR416W,0,-5.6766973,0.09815365076065063,0.925000011920929,0.8499000072479248
YDL209C,YIR012W,0,-5.6771183,0.09814323484897614,0.925000011920929,0.8500000238418579
YJL085W,YKR061W,0,-5.6774406,0.09813282638788223,0.925000011920929,0.8500999808311462
YCL039W,YNL290W,0,-5.67764,0.09812241792678833,0.925000011920929,0.8501999974250793
YLR056W,YLR369W,0,-5.6780033,0.09811200946569443,0.925000011920929,0.8503000140190125
YDR299W,YCR020C-A,0,-5.6784215,0.09810160100460052,0.925000011920929,0.8503999710083008
YOR310C,YBR216C,0,-5.678433,0.09809119999408722,0.925000011920929,0.8504999876022339
YDR377W,YCR065W,0,-5.6787076,0.09808079898357391,0.925000011920929,0.850600004196167
YNL036W,YBR092C,0,-5.6790566,0.09807039797306061,0.925000011920929,0.8507000207901001
YLR405W,YDR395W,0,-5.6794024,0.0980600044131279,0.925000011920929,0.8507999777793884
YKR036C,YOR326W,1,-5.6795073,0.09815561026334763,0.9259999990463257,0.8507999777793884
YDR517W,YOR172W,0,-5.6797543,0.09814520180225372,0.9259999990463257,0.8508999943733215
YBR132C,YGR063C,0,-5.6803823,0.09813480079174042,0.9259999990463257,0.8510000109672546
YJR147W,YGL225W,0,-5.68049,0.09812440723180771,0.9259999990463257,0.8511000275611877
YJL010C,YDR285W,0,-5.6805315,0.0981140062212944,0.9259999990463257,0.8511999845504761
YCR026C,YKR081C,0,-5.680613,0.0981036126613617,0.9259999990463257,0.8513000011444092
YBR177C,YOL109W,0,-5.680919,0.09809321910142899,0.9259999990463257,0.8514000177383423
YMR219W,YMR175W,0,-5.680945,0.09808283299207687,0.9259999990463257,0.8514999747276306
YHR068W,YNR008W,0,-5.6812606,0.09807243943214417,0.9259999990463257,0.8515999913215637
YNR056C,YOR003W,0,-5.6813016,0.09806205332279205,0.9259999990463257,0.8517000079154968
YBR085W,YJR119C,0,-5.6813283,0.09805167466402054,0.9259999990463257,0.8518000245094299
YNL331C,YDR211W,0,-5.681557,0.09804128855466843,0.9259999990463257,0.8518999814987183
YJL042W,YEL050C,0,-5.681652,0.09803090989589691,0.9259999990463257,0.8519999980926514
YHL025W,YOR297C,0,-5.682037,0.098020538687706,0.9259999990463257,0.8521000146865845
YBL099W,YJR091C,0,-5.682155,0.09801016002893448,0.9259999990463257,0.8521999716758728
YGR258C,YOL094C,0,-5.682275,0.09799978882074356,0.9259999990463257,0.8522999882698059
YOR160W,YML007W,0,-5.6823015,0.09798941761255264,0.9259999990463257,0.852400004863739
YLR134W,YAL016W,0,-5.682567,0.09797904640436172,0.9259999990463257,0.8525000214576721
YJR040W,YNL333W,0,-5.6828537,0.0979686826467514,0.9259999990463257,0.8525999784469604
YPL055C,YGR112W,0,-5.683019,0.09795831888914108,0.9259999990463257,0.8526999950408936
YOR035C,YEL065W,0,-5.684092,0.09794795513153076,0.9259999990463257,0.8528000116348267
YPL127C,YEL017C-A,0,-5.6842093,0.09793759882450104,0.9259999990463257,0.8529000282287598
YMR015C,YML019W,0,-5.6842294,0.09792724251747131,0.9259999990463257,0.8529999852180481
YGR280C,YLR372W,0,-5.6844363,0.09791688621044159,0.9259999990463257,0.8531000018119812
YNL326C,YNL207W,0,-5.684443,0.09790653735399246,0.9259999990463257,0.8532000184059143
YGR221C,YLR249W,0,-5.6846576,0.09789618104696274,0.9259999990463257,0.8532999753952026
YBR155W,YHR214C-B,0,-5.684975,0.09788583219051361,0.9259999990463257,0.8533999919891357
YGL200C,YHR065C,0,-5.685283,0.09787549078464508,0.9259999990463257,0.8535000085830688
YKL192C,YBR030W,0,-5.685319,0.09786514192819595,0.9259999990463257,0.853600025177002
YDR140W,YOL039W,0,-5.685429,0.09785480052232742,0.9259999990463257,0.8536999821662903
YGL122C,YIL066C,0,-5.68558,0.09784446656703949,0.9259999990463257,0.8537999987602234
YBR250W,YJL056C,0,-5.6855855,0.09783412516117096,0.9259999990463257,0.8539000153541565
YGR216C,YPR143W,0,-5.6863074,0.09782379120588303,0.9259999990463257,0.8539999723434448
YIL068C,YDL130W-A,0,-5.68683,0.09781345725059509,0.9259999990463257,0.8540999889373779
YAL054C,YMR096W,0,-5.6873035,0.09780312329530716,0.9259999990463257,0.854200005531311
YML036W,YDL188C,0,-5.6874065,0.09779279679059982,0.9259999990463257,0.8543000221252441
YGR222W,YIL101C,0,-5.6878657,0.09778247028589249,0.9259999990463257,0.8543999791145325
YPL116W,YML093W,0,-5.6879992,0.09777214378118515,0.9259999990463257,0.8544999957084656
YGL219C,YJL116C,1,-5.6880527,0.09786739945411682,0.9269999861717224,0.8544999957084656
YDR477W,YOR004W,0,-5.6881266,0.09785706549882889,0.9269999861717224,0.8546000123023987
YPL160W,YOR371C,0,-5.6881747,0.09784673899412155,0.9269999861717224,0.8547000288963318
YKR089C,YOR084W,0,-5.688948,0.09783641248941422,0.9269999861717224,0.8547999858856201
YDR499W,YIL021W,0,-5.689209,0.09782608598470688,0.9269999861717224,0.8549000024795532
YCL017C,YEL016C,0,-5.6892505,0.09781576693058014,0.9269999861717224,0.8550000190734863
YKR099W,YDR529C,0,-5.6894035,0.0978054478764534,0.9269999861717224,0.8550999760627747
YML067C,YGL255W,0,-5.689406,0.09779512882232666,0.9269999861717224,0.8551999926567078
YHR072W,YLR451W,0,-5.689483,0.09778480976819992,0.9269999861717224,0.8553000092506409
YDL024C,YPR175W,0,-5.6898065,0.09777449816465378,0.9269999861717224,0.855400025844574
YLR324W,YNL222W,0,-5.6898627,0.09776418656110764,0.9269999861717224,0.8554999828338623
YER095W,YKL034W,0,-5.6898913,0.09775387495756149,0.9269999861717224,0.8555999994277954
YMR069W,YGL120C,0,-5.6904435,0.09774357080459595,0.9269999861717224,0.8557000160217285
YMR068W,YHR011W,0,-5.6907697,0.0977332666516304,0.9269999861717224,0.8557999730110168
YIL019W,YLR045C,0,-5.690857,0.09772296249866486,0.9269999861717224,0.85589998960495
YLR452C,YPR133W-A,0,-5.691767,0.09771265834569931,0.9269999861717224,0.8560000061988831
YDR252W,YGR227W,0,-5.692267,0.09770236164331436,0.9269999861717224,0.8561000227928162
YDR299W,YGL022W,0,-5.692347,0.09769206494092941,0.9269999861717224,0.8561999797821045
YJL090C,YFR052W,0,-5.693058,0.09768176823854446,0.9269999861717224,0.8562999963760376
YKR036C,YHR083W,1,-5.6931076,0.09777683764696121,0.9279999732971191,0.8562999963760376
YBL097W,YNL012W,0,-5.6933866,0.09776654094457626,0.9279999732971191,0.8564000129699707
YPR112C,YCR106W,0,-5.6934123,0.09775624424219131,0.9279999732971191,0.8565000295639038
YKL004W,YMR308C,0,-5.6941433,0.09774594753980637,0.9279999732971191,0.8565999865531921
YLR205C,YKL084W,0,-5.6941595,0.09773565083742142,0.9279999732971191,0.8567000031471252
YJL106W,YDR200C,0,-5.6941805,0.09772536158561707,0.9279999732971191,0.8568000197410583
YKL021C,YDR045C,0,-5.6943593,0.09771506488323212,0.9279999732971191,0.8568999767303467
YBL026W,YNL292W,0,-5.69451,0.09770478308200836,0.9279999732971191,0.8569999933242798
YDR527W,YLR034C,0,-5.6946583,0.09769449383020401,0.9279999732971191,0.8571000099182129
YLR370C,YPR083W,1,-5.6946845,0.0977894738316536,0.9290000200271606,0.8571000099182129
YFL022C,YGL111W,0,-5.694734,0.09777918457984924,0.9290000200271606,0.857200026512146
YBR240C,YPL214C,0,-5.694814,0.0977688878774643,0.9290000200271606,0.8572999835014343
YPR025C,YGL038C,0,-5.695187,0.09775860607624054,0.9290000200271606,0.8574000000953674
YPR155C,YLR181C,0,-5.695209,0.09774831682443619,0.9290000200271606,0.8575000166893005
YJL201W,YJL010C,0,-5.695296,0.09773803502321243,0.9290000200271606,0.8575999736785889
YAL012W,YDR439W,0,-5.6956058,0.09772775322198868,0.9290000200271606,0.857699990272522
YDR121W,YPR007C,0,-5.696191,0.09771747142076492,0.9290000200271606,0.8578000068664551
YGR256W,YNR023W,0,-5.69625,0.09770719707012177,0.9290000200271606,0.8579000234603882
YPR046W,YGR094W,0,-5.696296,0.09769691526889801,0.9290000200271606,0.8579999804496765
YLR368W,YDR296W,1,-5.6964974,0.09779179841279984,0.9300000071525574,0.8579999804496765
YBR039W,YOR207C,0,-5.696522,0.09778151661157608,0.9300000071525574,0.8580999970436096
YPR137W,YNL247W,0,-5.6965594,0.09777123481035233,0.9300000071525574,0.8582000136375427
YPL265W,YFL024C,0,-5.6965895,0.09776096045970917,0.9300000071525574,0.858299970626831
YOR113W,YGR172C,0,-5.6970167,0.09775068610906601,0.9300000071525574,0.8583999872207642
YJL140W,YOR297C,0,-5.697791,0.09774041175842285,0.9300000071525574,0.8585000038146973
YDL150W,YLL011W,0,-5.698044,0.0977301374077797,0.9300000071525574,0.8586000204086304
YBR009C,YKL001C,0,-5.6980767,0.09771987050771713,0.9300000071525574,0.8586999773979187
YER045C,YPR001W,0,-5.6982636,0.09770960360765457,0.9300000071525574,0.8587999939918518
YML031W,YMR272C,0,-5.699432,0.09769933670759201,0.9300000071525574,0.8589000105857849
YBL064C,YPR042C,0,-5.699614,0.09768907725811005,0.9300000071525574,0.859000027179718
YLR172C,YBR297W,0,-5.699638,0.09767881780862808,0.9300000071525574,0.8590999841690063
YKR026C,YMR006C,0,-5.699773,0.09766855835914612,0.9300000071525574,0.8592000007629395
YOL164W,YCL004W,0,-5.700382,0.09765829890966415,0.9300000071525574,0.8593000173568726
YJL033W,YER019C-A,0,-5.7005897,0.09764804691076279,0.9300000071525574,0.8593999743461609
YDR101C,YBL026W,0,-5.701135,0.09763779491186142,0.9300000071525574,0.859499990940094
YLR133W,YHR014W,0,-5.7013535,0.09762754291296005,0.9300000071525574,0.8596000075340271
YDL020C,YDR523C,0,-5.7014184,0.09761729836463928,0.9300000071525574,0.8597000241279602
YDR260C,YDR120C,0,-5.701486,0.09760705381631851,0.9300000071525574,0.8597999811172485
YBR170C,YLR340W,0,-5.701529,0.09759680926799774,0.9300000071525574,0.8598999977111816
YDR021W,YNL139C,0,-5.702586,0.09758657217025757,0.9300000071525574,0.8600000143051147
YER052C,YJL141C,0,-5.702587,0.0975763276219368,0.9300000071525574,0.8600999712944031
YLL026W,YGR220C,0,-5.7027307,0.09756609052419662,0.9300000071525574,0.8601999878883362
YPL177C,YMR059W,0,-5.70307,0.09755586087703705,0.9300000071525574,0.8603000044822693
YDR097C,YEL060C,0,-5.7034593,0.09754562377929688,0.9300000071525574,0.8604000210762024
YBR020W,YMR192W,0,-5.703592,0.0975353941321373,0.9300000071525574,0.8604999780654907
YPL160W,YGL135W,0,-5.703647,0.09752516448497772,0.9300000071525574,0.8605999946594238
YKR050W,YBR216C,0,-5.7036777,0.09751494228839874,0.9300000071525574,0.8607000112533569
YCL016C,YOR253W,0,-5.7038054,0.09750472009181976,0.9300000071525574,0.86080002784729
YJL115W,YPR119W,0,-5.7039323,0.09749449789524078,0.9300000071525574,0.8608999848365784
YGL120C,YLR126C,0,-5.703975,0.0974842756986618,0.9300000071525574,0.8610000014305115
YOR226C,YOR243C,0,-5.7044644,0.09747406095266342,0.9300000071525574,0.8611000180244446
YMR172W,YDL170W,0,-5.704866,0.09746384620666504,0.9300000071525574,0.8611999750137329
YCR098C,YER028C,0,-5.7049336,0.09745363146066666,0.9300000071525574,0.861299991607666
YBR038W,YBL106C,0,-5.705051,0.09744341671466827,0.9300000071525574,0.8614000082015991
YDL209C,YOL144W,0,-5.705869,0.09743320941925049,0.9300000071525574,0.8615000247955322
YOR073W,YKL056C,0,-5.706452,0.0974230021238327,0.9300000071525574,0.8615999817848206
YLR056W,YER171W,0,-5.7065535,0.09741280227899551,0.9300000071525574,0.8616999983787537
YOR341W,YML025C,0,-5.7068405,0.09740259498357773,0.9300000071525574,0.8618000149726868
YHR143W-A,YDR027C,0,-5.7071757,0.09739239513874054,0.9300000071525574,0.8618999719619751
YBR155W,YNL097C,0,-5.7071824,0.09738219529390335,0.9300000071525574,0.8619999885559082
YGR098C,YOR272W,0,-5.7072616,0.09737200289964676,0.9300000071525574,0.8621000051498413
YGR162W,YKL175W,0,-5.7075453,0.09736181050539017,0.9300000071525574,0.8622000217437744
YLR117C,YGR275W,0,-5.707619,0.09735161811113358,0.9300000071525574,0.8622999787330627
YJL060W,YDR381W,0,-5.7077127,0.09734142571687698,0.9300000071525574,0.8623999953269958
YGR041W,YLR270W,0,-5.70779,0.09733124077320099,0.9300000071525574,0.862500011920929
YLR431C,YIL053W,0,-5.7081323,0.097321055829525,0.9300000071525574,0.8626000285148621
YGL032C,YIR012W,0,-5.708181,0.097310870885849,0.9300000071525574,0.8626999855041504
YPR070W,YKR081C,0,-5.7082615,0.0973006933927536,0.9300000071525574,0.8628000020980835
YIR017C,YDR425W,0,-5.7086234,0.0972905084490776,0.9300000071525574,0.8629000186920166
YNL244C,YDR145W,0,-5.708632,0.0972803384065628,0.9300000071525574,0.8629999756813049
YDR377W,YLR084C,0,-5.70868,0.09727016091346741,0.9300000071525574,0.863099992275238
YMR008C,YDL039C,0,-5.708875,0.0972599908709526,0.9300000071525574,0.8632000088691711
YGR177C,YGL172W,0,-5.7090735,0.09724981337785721,0.9300000071525574,0.8633000254631042
YMR025W,YIL021W,0,-5.709144,0.097239650785923,0.9300000071525574,0.8633999824523926
YKL185W,YNR058W,0,-5.709148,0.0972294807434082,0.9300000071525574,0.8634999990463257
YMR014W,YKR065C,0,-5.7091904,0.097219318151474,0.9300000071525574,0.8636000156402588
YIL075C,YDR489W,0,-5.709513,0.0972091555595398,0.9300000071525574,0.8636999726295471
YKL029C,YGR159C,0,-5.7099996,0.09719899296760559,0.9300000071525574,0.8637999892234802
YOR133W,YCL004W,0,-5.710236,0.09718883782625198,0.9300000071525574,0.8639000058174133
YLR231C,YHR090C,0,-5.71057,0.09717868268489838,0.9300000071525574,0.8640000224113464
YNL062C,YNL098C,0,-5.7105813,0.09716852754354477,0.9300000071525574,0.8640999794006348
YDR206W,YBL041W,0,-5.7107153,0.09715837985277176,0.9300000071525574,0.8641999959945679
YKR087C,YNL302C,0,-5.710855,0.09714823216199875,0.9300000071525574,0.864300012588501
YLR274W,YNL075W,0,-5.7110534,0.09713808447122574,0.9300000071525574,0.8644000291824341
YKR101W,YLR222C,0,-5.711547,0.09712793678045273,0.9300000071525574,0.8644999861717224
YML132W,YDR192C,0,-5.711848,0.09711779654026031,0.9300000071525574,0.8646000027656555
YEL062W,YKR059W,0,-5.711879,0.0971076563000679,0.9300000071525574,0.8647000193595886
YDR214W,YNR013C,0,-5.7122326,0.09709751605987549,0.9300000071525574,0.864799976348877
YCR047C,YIR026C,0,-5.7123904,0.09708737581968307,0.9300000071525574,0.8648999929428101
YNL014W,YOL054W,0,-5.7127166,0.09707724303007126,0.9300000071525574,0.8650000095367432
YDL004W,YCL043C,0,-5.7132287,0.09706711024045944,0.9300000071525574,0.8651000261306763
YPL271W,YFL058W,0,-5.71391,0.09705698490142822,0.9300000071525574,0.8651999831199646
YHR011W,YGR186W,0,-5.714915,0.0970468521118164,0.9300000071525574,0.8652999997138977
YPL031C,YKR053C,0,-5.715194,0.09703672677278519,0.9300000071525574,0.8654000163078308
YLR096W,YLR035C,0,-5.7153244,0.09702660143375397,0.9300000071525574,0.8654999732971191
YNL280C,YCR031C,0,-5.715525,0.09701648354530334,0.9300000071525574,0.8655999898910522
YGL087C,YBR069C,0,-5.715699,0.09700636565685272,0.9300000071525574,0.8657000064849854
YBL002W,YPR163C,0,-5.7159305,0.0969962477684021,0.9300000071525574,0.8658000230789185
YDL116W,YMR175W,0,-5.7161307,0.09698612987995148,0.9300000071525574,0.8658999800682068
YPR009W,YMR077C,0,-5.7161946,0.09697601944208145,0.9300000071525574,0.8659999966621399
YMR267W,YKR056W,0,-5.7164226,0.09696590900421143,0.9300000071525574,0.866100013256073
YPR034W,YIL073C,0,-5.7165623,0.0969557985663414,0.9300000071525574,0.8661999702453613
YNR072W,YDR120C,0,-5.717222,0.09694568812847137,0.9300000071525574,0.8662999868392944
YKL220C,YFR053C,0,-5.718014,0.09693558514118195,0.9300000071525574,0.8664000034332275
YOR185C,YBR017C,0,-5.718119,0.09692548215389252,0.9300000071525574,0.8665000200271606
YLL026W,YIL014W,0,-5.7181435,0.09691537916660309,0.9300000071525574,0.866599977016449
YNL225C,YBR066C,0,-5.7183776,0.09690528362989426,0.9300000071525574,0.8666999936103821
YER026C,YER126C,0,-5.7184734,0.09689518809318542,0.9300000071525574,0.8668000102043152
YHL040C,YAL053W,0,-5.7184973,0.09688509255647659,0.9300000071525574,0.8669000267982483
YNR057C,YCR094W,0,-5.718936,0.09687499701976776,0.9300000071525574,0.8669999837875366
YER151C,YFL004W,0,-5.719233,0.09686490893363953,0.9300000071525574,0.8671000003814697
YPR051W,YHR086W,0,-5.719659,0.09685482084751129,0.9300000071525574,0.8672000169754028
YGR267C,YLL031C,0,-5.7197514,0.09684473276138306,0.9300000071525574,0.8672999739646912
YNL015W,YHR157W,0,-5.7202816,0.09683465212583542,0.9300000071525574,0.8673999905586243
YPR193C,YMR298W,0,-5.720415,0.09682457149028778,0.9300000071525574,0.8675000071525574
YCR020C,YDR393W,1,-5.7208333,0.09691859036684036,0.9309999942779541,0.8675000071525574
YOL095C,YJR118C,1,-5.720847,0.09701259434223175,0.9319999814033508,0.8675000071525574
YGR284C,YMR175W,0,-5.7211404,0.09700249880552292,0.9319999814033508,0.8676000237464905
YER032W,YLL060C,0,-5.721249,0.09699240326881409,0.9319999814033508,0.8676999807357788
YCR010C,YHR133C,0,-5.7219596,0.09698230773210526,0.9319999814033508,0.8677999973297119
YDL060W,YMR106C,0,-5.7219844,0.09697221964597702,0.9319999814033508,0.867900013923645
YJR065C,YDR339C,1,-5.7220426,0.09706616401672363,0.9330000281333923,0.867900013923645
YKL110C,YHR062C,0,-5.7221246,0.0970560684800148,0.9330000281333923,0.8679999709129333
YCL029C,YGL067W,0,-5.722247,0.09704597294330597,0.9330000281333923,0.8680999875068665
YOR094W,YJR156C,0,-5.7223134,0.09703588485717773,0.9330000281333923,0.8682000041007996
YLL009C,YNL264C,0,-5.722406,0.0970257893204689,0.9330000281333923,0.8683000206947327
YPL192C,YML024W,0,-5.722469,0.09701570123434067,0.9330000281333923,0.868399977684021
YLR175W,YDR131C,0,-5.7224784,0.09700561314821243,0.9330000281333923,0.8684999942779541
YGR204W,YFR046C,0,-5.7228947,0.0969955325126648,0.9330000281333923,0.8686000108718872
YDR317W,YDL019C,0,-5.723288,0.09698544442653656,0.9330000281333923,0.8687000274658203
YHR001W,YOR341W,0,-5.7234273,0.09697536379098892,0.9330000281333923,0.8687999844551086
YGL240W,YOR229W,0,-5.723966,0.09696529060602188,0.9330000281333923,0.8689000010490417
YBR244W,YOR036W,0,-5.7245717,0.09695520997047424,0.9330000281333923,0.8690000176429749
YOR035C,YDR381W,0,-5.724583,0.0969451367855072,0.9330000281333923,0.8690999746322632
YLR324W,YDL140C,0,-5.724851,0.09693506360054016,0.9330000281333923,0.8691999912261963
YJR145C,YCR081W,0,-5.724871,0.09692499786615372,0.9330000281333923,0.8693000078201294
YEL018W,YOR328W,0,-5.724977,0.09691492468118668,0.9330000281333923,0.8694000244140625
YOR037W,YMR060C,1,-5.7253194,0.09700872749090195,0.9340000152587891,0.8694000244140625
YDR456W,YMR309C,0,-5.7253494,0.09699864685535431,0.9340000152587891,0.8694999814033508
YPL076W,YOR109W,0,-5.7253647,0.09698857367038727,0.9340000152587891,0.8695999979972839
YMR097C,YLR183C,0,-5.7262235,0.09697850793600082,0.9340000152587891,0.869700014591217
YMR011W,YIR012W,0,-5.7270017,0.09696844220161438,0.9340000152587891,0.8697999715805054
YGR224W,YLR435W,0,-5.727036,0.09695836901664734,0.9340000152587891,0.8698999881744385
YOR056C,YDR288W,0,-5.7271,0.09694831073284149,0.9340000152587891,0.8700000047683716
YDL174C,YJL012C,0,-5.727179,0.09693824499845505,0.9340000152587891,0.8701000213623047
YBL098W,YHR183W,0,-5.727465,0.0969281867146492,0.9340000152587891,0.870199978351593
YFL014W,YKL012W,0,-5.727507,0.09691812843084335,0.9340000152587891,0.8702999949455261
YEL030W,YLR043C,0,-5.727659,0.0969080701470375,0.9340000152587891,0.8704000115394592
YDR273W,YFR051C,0,-5.7276835,0.09689801931381226,0.9340000152587891,0.8705000281333923
YNL245C,YPL093W,0,-5.728143,0.096887968480587,0.9340000152587891,0.8705999851226807
YIL013C,YPR016C,0,-5.7283425,0.09687791764736176,0.9340000152587891,0.8707000017166138
YPL012W,YCR072C,0,-5.7284904,0.0968678668141365,0.9340000152587891,0.8708000183105469
YAR019C,YLR335W,0,-5.7285404,0.09685782343149185,0.9340000152587891,0.8708999752998352
YCR002C,YMR182C,0,-5.7287664,0.0968477800488472,0.9340000152587891,0.8709999918937683
YMR061W,YJR019C,0,-5.7287993,0.09683773666620255,0.9340000152587891,0.8711000084877014
YKL113C,YGL227W,0,-5.7291765,0.09682770073413849,0.9340000152587891,0.8712000250816345
YOR317W,YER072W,0,-5.72926,0.09681766480207443,0.9340000152587891,0.8712999820709229
YJL138C,YAR009C,0,-5.729527,0.09680762887001038,0.9340000152587891,0.871399998664856
YLR370C,YOR266W,1,-5.729744,0.09690123051404953,0.9350000023841858,0.871399998664856
YDL231C,YPR046W,0,-5.7297473,0.09689119458198547,0.9350000023841858,0.8715000152587891
YJL112W,YGR144W,1,-5.729954,0.09698476642370224,0.9359999895095825,0.8715000152587891
YGR089W,YPL147W,0,-5.7300797,0.09697472304105759,0.9359999895095825,0.8715999722480774
YKL008C,YLR396C,0,-5.7301097,0.09696467220783234,0.9359999895095825,0.8716999888420105
YGL222C,YHL007C,0,-5.7301574,0.09695462882518768,0.9359999895095825,0.8718000054359436
YBR070C,YEL030W,0,-5.730225,0.09694458544254303,0.9359999895095825,0.8719000220298767
YDL076C,YLR136C,0,-5.7310314,0.09693454951047897,0.9359999895095825,0.871999979019165
YHR068W,YLR291C,0,-5.7314935,0.09692451357841492,0.9359999895095825,0.8720999956130981
YCR035C,YJL093C,0,-5.731856,0.09691447764635086,0.9359999895095825,0.8722000122070312
YPR143W,YNL025C,0,-5.7318926,0.0969044417142868,0.9359999895095825,0.8723000288009644
YDL197C,YHL022C,0,-5.7323613,0.09689441323280334,0.9359999895095825,0.8723999857902527
YKR036C,YNL066W,1,-5.7326503,0.09698788821697235,0.9369999766349792,0.8723999857902527
YJL116C,YDR470C,1,-5.7328544,0.09708134829998016,0.9380000233650208,0.8723999857902527
YPR200C,YLR270W,0,-5.7332377,0.09707130491733551,0.9380000233650208,0.8725000023841858
YJR070C,YDR443C,0,-5.733272,0.09706126153469086,0.9380000233650208,0.8726000189781189
YLR160C,YLR381W,0,-5.7334814,0.0970512181520462,0.9380000233650208,0.8726999759674072
YPL267W,YOR380W,0,-5.733641,0.09704117476940155,0.9380000233650208,0.8727999925613403
YOR340C,YNL246W,0,-5.733808,0.0970311388373375,0.9380000233650208,0.8729000091552734
YMR199W,YKL056C,0,-5.7339215,0.09702110290527344,0.9380000233650208,0.8730000257492065
YGR145W,YJL026W,0,-5.7339706,0.09701106697320938,0.9380000233650208,0.8730999827384949
YEL063C,YNL327W,0,-5.734033,0.09700103104114532,0.9380000233650208,0.873199999332428
YPL123C,YOR313C,0,-5.734137,0.09699100255966187,0.9380000233650208,0.8733000159263611
YNL210W,YGR206W,0,-5.735318,0.0969809740781784,0.9380000233650208,0.8733999729156494
YKR046C,YOR195W,0,-5.735534,0.09697095304727554,0.9380000233650208,0.8734999895095825
YLR035C,YLR008C,0,-5.7356896,0.09696092456579208,0.9380000233650208,0.8736000061035156
YNL261W,YNL309W,0,-5.735764,0.09695090353488922,0.9380000233650208,0.8737000226974487
YPR080W,YHR012W,0,-5.735905,0.09694088250398636,0.9380000233650208,0.8737999796867371
YDR254W,YER025W,0,-5.7359486,0.09693086892366409,0.9380000233650208,0.8738999962806702
YFL045C,YGR270W,0,-5.736446,0.09692084789276123,0.9380000233650208,0.8740000128746033
YJL080C,YDR018C,0,-5.7364593,0.09691083431243896,0.9380000233650208,0.8741000294685364
YHR060W,YBR183W,0,-5.7367015,0.0969008281826973,0.9380000233650208,0.8741999864578247
YBR161W,YKL126W,0,-5.737061,0.09689081460237503,0.9380000233650208,0.8743000030517578
YDR339C,YJL063C,1,-5.737085,0.09698409587144852,0.9390000104904175,0.8743000030517578
YNL256W,YIL066C,0,-5.737229,0.09697407484054565,0.9390000104904175,0.8744000196456909
YIL142W,YER138C,0,-5.7377934,0.09696406126022339,0.9390000104904175,0.8744999766349792
YMR309C,YDL134C,0,-5.7383456,0.09695405513048172,0.9390000104904175,0.8745999932289124
YBR164C,YDR202C,0,-5.7383847,0.09694404155015945,0.9390000104904175,0.8747000098228455
YPR181C,YDR495C,0,-5.7384686,0.09693403542041779,0.9390000104904175,0.8748000264167786
YMR183C,YMR146C,0,-5.738623,0.09692402929067612,0.9390000104904175,0.8748999834060669
YDL029W,YDR339C,1,-5.738746,0.09701723605394363,0.9399999976158142,0.8748999834060669
YDR153C,YJR147W,0,-5.738775,0.09700722247362137,0.9399999976158142,0.875
YNR003C,YOR272W,0,-5.7388797,0.0969972163438797,0.9399999976158142,0.8751000165939331
YNR060W,YPR095C,0,-5.739236,0.09698720276355743,0.9399999976158142,0.8751999735832214
YCL044C,YGR181W,1,-5.739655,0.09708036482334137,0.9409999847412109,0.8751999735832214
YDR411C,YBR048W,0,-5.739673,0.0970703512430191,0.9409999847412109,0.8752999901771545
YGR175C,YOR341W,0,-5.7396874,0.09706033766269684,0.9409999847412109,0.8754000067710876
YLR106C,YDR140W,0,-5.739806,0.09705033153295517,0.9409999847412109,0.8755000233650208
YLR172C,YCR098C,0,-5.7399297,0.0970403254032135,0.9409999847412109,0.8755999803543091
YOR028C,YDR178W,0,-5.740063,0.09703031182289124,0.9409999847412109,0.8756999969482422
YOL076W,YGR144W,1,-5.740145,0.0971234142780304,0.9419999718666077,0.8756999969482422
YML121W,YLL034C,0,-5.740833,0.09711340069770813,0.9419999718666077,0.8758000135421753
YBL078C,YGR134W,0,-5.741258,0.09710339456796646,0.9419999718666077,0.8758999705314636
YKL135C,YPR102C,0,-5.7414947,0.0970933809876442,0.9419999718666077,0.8759999871253967
YDR490C,YKL014C,0,-5.7422957,0.09708337485790253,0.9419999718666077,0.8761000037193298
YPR057W,YOR063W,0,-5.742362,0.09707336872816086,0.9419999718666077,0.8762000203132629
YCR020C-A,YOR063W,0,-5.742469,0.09706337004899979,0.9419999718666077,0.8762999773025513
YHR038W,YHL028W,0,-5.7426243,0.09705337136983871,0.9419999718666077,0.8763999938964844
YKL143W,YLR134W,0,-5.742759,0.09704337269067764,0.9419999718666077,0.8765000104904175
YOL127W,YDR200C,0,-5.7430716,0.09703337401151657,0.9419999718666077,0.8766000270843506
YDR156W,YJR045C,0,-5.7432456,0.0970233827829361,0.9419999718666077,0.8766999840736389
YOR363C,YER003C,0,-5.7434306,0.09701339155435562,0.9419999718666077,0.876800000667572
YLR274W,YJL033W,0,-5.743611,0.09700340032577515,0.9419999718666077,0.8769000172615051
YGL240W,YDR328C,0,-5.744049,0.09699340909719467,0.9419999718666077,0.8769999742507935
YEL017C-A,YOR027W,0,-5.7441525,0.0969834253191948,0.9419999718666077,0.8770999908447266
YPL086C,YOR130C,0,-5.744185,0.09697344154119492,0.9419999718666077,0.8772000074386597
YPR042C,YLR435W,0,-5.744209,0.09696345776319504,0.9419999718666077,0.8773000240325928
YJL095W,YMR129W,0,-5.744762,0.09695348143577576,0.9419999718666077,0.8773999810218811
YDR281C,YMR314W,0,-5.7449102,0.09694349765777588,0.9419999718666077,0.8774999976158142
YBL080C,YGR144W,1,-5.745054,0.09703642874956131,0.9430000185966492,0.8774999976158142
YOR026W,YDR300C,0,-5.7454886,0.09702644497156143,0.9430000185966492,0.8776000142097473
YFR009W,YBR186W,0,-5.745558,0.09701646119356155,0.9430000185966492,0.8776999711990356
YOR034C,YBR244W,0,-5.745562,0.09700647741556168,0.9430000185966492,0.8777999877929688
YBR158W,YMR095C,0,-5.7458415,0.0969965010881424,0.9430000185966492,0.8779000043869019
YPR094W,YDR143C,0,-5.745963,0.09698652476072311,0.9430000185966492,0.878000020980835
YDR299W,YAR008W,0,-5.746636,0.09697655588388443,0.9430000185966492,0.8780999779701233
YLR144C,YHR088W,0,-5.7475276,0.09696657955646515,0.9430000185966492,0.8781999945640564
YHR171W,YGR202C,0,-5.747646,0.09695661067962646,0.9430000185966492,0.8783000111579895
YPL095C,YOR217W,0,-5.7477903,0.09694664180278778,0.9430000185966492,0.8784000277519226
YML043C,YBR083W,0,-5.748467,0.0969366803765297,0.9430000185966492,0.8784999847412109
YJR112W,YDR300C,0,-5.7491164,0.09692671149969101,0.9430000185966492,0.878600001335144
YIR010W,YNL210W,0,-5.749308,0.09691675007343292,0.9430000185966492,0.8787000179290771
YIL073C,YKL081W,0,-5.7497616,0.09690679609775543,0.9430000185966492,0.8787999749183655
YER070W,YBR105C,0,-5.749827,0.09689683467149734,0.9430000185966492,0.8788999915122986
YIL160C,YDR120C,0,-5.7499576,0.09688688069581985,0.9430000185966492,0.8790000081062317
YCL038C,YDL120W,0,-5.750127,0.09687692672014236,0.9430000185966492,0.8791000247001648
YAL023C,YDL112W,0,-5.750831,0.09686697274446487,0.9430000185966492,0.8791999816894531
YPL029W,YKR053C,0,-5.7509956,0.09685702621936798,0.9430000185966492,0.8792999982833862
YGR097W,YNL127W,0,-5.75144,0.09684707969427109,0.9430000185966492,0.8794000148773193
YEL060C,YLR165C,0,-5.7514787,0.0968371331691742,0.9430000185966492,0.8794999718666077
YMR272C,YGR074W,0,-5.751542,0.0968271866440773,0.9430000185966492,0.8795999884605408
YNL112W,YNL145W,0,-5.7517524,0.096817247569561,0.9430000185966492,0.8797000050544739
YPL152W,YCR053W,0,-5.752031,0.09680730849504471,0.9430000185966492,0.879800021648407
YOL077C,YMR037C,0,-5.7521663,0.09679736942052841,0.9430000185966492,0.8798999786376953
YNL066W,YNL121C,1,-5.7521873,0.09689007699489594,0.9440000057220459,0.8798999786376953
YMR232W,YBL030C,0,-5.752534,0.09688013046979904,0.9440000057220459,0.8799999952316284
YLR215C,YOR035C,0,-5.7526493,0.09687019139528275,0.9440000057220459,0.8801000118255615
YMR133W,YOL080C,0,-5.752926,0.09686025232076645,0.9440000057220459,0.8802000284194946
YPR020W,YOL001W,0,-5.7529845,0.09685031324625015,0.9440000057220459,0.880299985408783
YIL014W,YMR145C,0,-5.75345,0.09684037417173386,0.9440000057220459,0.8804000020027161
YCR088W,YIL110W,0,-5.7537923,0.09683044254779816,0.9440000057220459,0.8805000185966492
YOR298W,YDR030C,0,-5.753973,0.09682051092386246,0.9440000057220459,0.8805999755859375
YNL008C,YDR395W,0,-5.7539897,0.09681058675050735,0.9440000057220459,0.8806999921798706
YGR070W,YDL130W,0,-5.754509,0.09680065512657166,0.9440000057220459,0.8808000087738037
YLR172C,YGR175C,0,-5.75464,0.09679073095321655,0.9440000057220459,0.8809000253677368
YHR094C,YGL136C,0,-5.7547,0.09678080677986145,0.9440000057220459,0.8809999823570251
YKR009C,YDR362C,0,-5.7550836,0.09677089005708694,0.9440000057220459,0.8810999989509583
YCL044C,YLL006W,1,-5.755627,0.09686347097158432,0.9449999928474426,0.8810999989509583
YBR024W,YNR023W,0,-5.7558484,0.09685353934764862,0.9449999928474426,0.8812000155448914
YDR411C,YDR213W,0,-5.755927,0.09684361517429352,0.9449999928474426,0.8812999725341797
YER068W,YPL123C,0,-5.7560563,0.09683369100093842,0.9449999928474426,0.8813999891281128
YCL055W,YHR056C,0,-5.756533,0.09682376682758331,0.9449999928474426,0.8815000057220459
YPR124W,YLR329W,0,-5.756687,0.09681385010480881,0.9449999928474426,0.881600022315979
YFL016C,YBL020W,0,-5.757562,0.0968039333820343,0.9449999928474426,0.8816999793052673
YBR121C,YMR021C,0,-5.7576547,0.0967940166592598,0.9449999928474426,0.8817999958992004
YDR339C,YDR470C,1,-5.7582254,0.0968865230679512,0.9459999799728394,0.8817999958992004
YML116W,YPL270W,0,-5.7585917,0.0968765988945961,0.9459999799728394,0.8819000124931335
YGR175C,YLR008C,0,-5.7586293,0.0968666821718216,0.9459999799728394,0.8820000290870667
YNL065W,YBR121C,0,-5.7599583,0.09685676544904709,0.9459999799728394,0.882099986076355
YCR040W,YDR418W,0,-5.7603765,0.09684684872627258,0.9459999799728394,0.8822000026702881
YIR021W,YBR182C,0,-5.760506,0.09683693200349808,0.9459999799728394,0.8823000192642212
YML113W,YKL043W,0,-5.760817,0.09682702273130417,0.9459999799728394,0.8823999762535095
YHR120W,YOR266W,1,-5.7610574,0.0969194546341896,0.9470000267028809,0.8823999762535095
YLL060C,YBR167C,0,-5.761418,0.0969095379114151,0.9470000267028809,0.8824999928474426
YBR214W,YMR203W,0,-5.7615943,0.0968996211886406,0.9470000267028809,0.8826000094413757
YPR021C,YMR011W,0,-5.761852,0.09688970446586609,0.9470000267028809,0.8827000260353088
YMR235C,YLR425W,0,-5.7620993,0.09687979519367218,0.9470000267028809,0.8827999830245972
YNL282W,YGL171W,0,-5.762204,0.09686988592147827,0.9470000267028809,0.8828999996185303
YAL025C,YIL070C,0,-5.762223,0.09685997664928436,0.9470000267028809,0.8830000162124634
YJL014W,YLR071C,0,-5.762266,0.09685007482767105,0.9470000267028809,0.8830999732017517
YMR246W,YNL151C,0,-5.762531,0.09684016555547714,0.9470000267028809,0.8831999897956848
YDR171W,YHR106W,0,-5.762918,0.09683026373386383,0.9470000267028809,0.8833000063896179
YGL055W,YMR241W,1,-5.7630286,0.0969226062297821,0.9480000138282776,0.8833000063896179
YLL008W,YIL056W,0,-5.763123,0.0969126969575882,0.9480000138282776,0.883400022983551
YGL062W,YBL106C,0,-5.763634,0.09690278768539429,0.9480000138282776,0.8834999799728394
YLR207W,YML118W,0,-5.7638555,0.09689288586378098,0.9480000138282776,0.8835999965667725
YNR027W,YML051W,0,-5.763929,0.09688298404216766,0.9480000138282776,0.8837000131607056
YGR249W,YPR144C,0,-5.7640815,0.09687308222055435,0.9480000138282776,0.8838000297546387
YJR108W,YLR002C,0,-5.764118,0.09686318784952164,0.9480000138282776,0.883899986743927
YPL059W,YPL012W,0,-5.76508,0.09685328602790833,0.9480000138282776,0.8840000033378601
YDR214W,YDR342C,0,-5.765228,0.09684339910745621,0.9480000138282776,0.8841000199317932
YJR060W,YNL182C,0,-5.765467,0.09683350473642349,0.9480000138282776,0.8841999769210815
YKR046C,YDR400W,0,-5.7655797,0.09682361036539078,0.9480000138282776,0.8842999935150146
YLR153C,YLR003C,0,-5.765857,0.09681372344493866,0.9480000138282776,0.8844000101089478
YLR134W,YCR083W,0,-5.7659545,0.09680383652448654,0.9480000138282776,0.8845000267028809
YDR281C,YKR062W,0,-5.7665167,0.09679395705461502,0.9480000138282776,0.8845999836921692
YGR142W,YGR089W,0,-5.7666063,0.0967840701341629,0.9480000138282776,0.8847000002861023
YPL093W,YDL065C,0,-5.766658,0.09677419066429138,0.9480000138282776,0.8848000168800354
YLR304C,YDL217C,1,-5.766661,0.09686638414859772,0.9490000009536743,0.8848000168800354
YCL052C,YJL080C,0,-5.7667017,0.0968565046787262,0.9490000009536743,0.8848999738693237
YDL174C,YBR240C,0,-5.767947,0.09684661775827408,0.9490000009536743,0.8849999904632568
YDL130W-A,YDL064W,0,-5.7683344,0.09683673828840256,0.9490000009536743,0.8851000070571899
YBR085W,YJR105W,0,-5.768433,0.09682685136795044,0.9490000009536743,0.885200023651123
YJL005W,YBR066C,0,-5.768911,0.09681697934865952,0.9490000009536743,0.8852999806404114
YOL123W,YOR179C,0,-5.7690005,0.096807099878788,0.9490000009536743,0.8853999972343445
YLR449W,YGL097W,0,-5.769215,0.09679722785949707,0.9490000009536743,0.8855000138282776
YJR078W,YCR092C,0,-5.769234,0.09678735584020615,0.9490000009536743,0.8855999708175659
YPL224C,YPL243W,0,-5.769553,0.09677748382091522,0.9490000009536743,0.885699987411499
YDR437W,YKR065C,0,-5.7702785,0.0967676118016243,0.9490000009536743,0.8858000040054321
YDL150W,YBR216C,0,-5.770412,0.09675774723291397,0.9490000009536743,0.8859000205993652
YGL075C,YDL020C,0,-5.770423,0.09674788266420364,0.9490000009536743,0.8859999775886536
YGR204W,YJL187C,0,-5.7709455,0.09673802554607391,0.9490000009536743,0.8860999941825867
YBL064C,YJL139C,0,-5.7710524,0.09672816097736359,0.9490000009536743,0.8862000107765198
YHR163W,YLR452C,0,-5.7711267,0.09671830385923386,0.9490000009536743,0.8863000273704529
YLR285W,YGR239C,0,-5.7714744,0.09670844674110413,0.9490000009536743,0.8863999843597412
YJL133W,YKL144C,0,-5.771692,0.09669859707355499,0.9490000009536743,0.8865000009536743
YNL250W,YGR279C,0,-5.771746,0.09668873995542526,0.9490000009536743,0.8866000175476074
YHR157W,YLR222C,0,-5.7717752,0.09667889028787613,0.9490000009536743,0.8866999745368958
YLR013W,YHR069C,0,-5.771837,0.096669040620327,0.9490000009536743,0.8867999911308289
YDR097C,YOL113W,0,-5.772098,0.09665919840335846,0.9490000009536743,0.886900007724762
YOR388C,YDR449C,0,-5.7721457,0.09664935618638992,0.9490000009536743,0.8870000243186951
YDR479C,YNL282W,0,-5.7722344,0.09663951396942139,0.9490000009536743,0.8870999813079834
YMR186W,YGL094C,0,-5.7723765,0.09662967175245285,0.9490000009536743,0.8871999979019165
YAL059W,YLR212C,0,-5.772445,0.09661982953548431,0.9490000009536743,0.8873000144958496
YLL060C,YOR153W,0,-5.7728925,0.09660999476909637,0.9490000009536743,0.8873999714851379
YIL079C,YDR177W,0,-5.772923,0.09660016000270844,0.9490000009536743,0.887499988079071
YOL149W,YER165W,0,-5.7729464,0.09659033268690109,0.9490000009536743,0.8876000046730042
YNL161W,YBR030W,0,-5.7730794,0.09658049792051315,0.9490000009536743,0.8877000212669373
YKL052C,YOL139C,0,-5.773625,0.09657067060470581,0.9490000009536743,0.8877999782562256
YGL180W,YLL002W,0,-5.773701,0.09656084328889847,0.9490000009536743,0.8878999948501587
YAR033W,YBL075C,0,-5.773729,0.09655102342367172,0.9490000009536743,0.8880000114440918
YDR277C,YIL115C,0,-5.7741966,0.09654120355844498,0.9490000009536743,0.8881000280380249
YPL249C,YOL101C,0,-5.774443,0.09653138369321823,0.9490000009536743,0.8881999850273132
YER006W,YBR289W,0,-5.774839,0.09652156382799149,0.9490000009536743,0.8883000016212463
YLR051C,YEL065W,0,-5.774855,0.09651174396276474,0.9490000009536743,0.8884000182151794
YCL024W,YGL058W,0,-5.774979,0.09650193154811859,0.9490000009536743,0.8884999752044678
YCL014W,YLR466W,0,-5.775,0.09649211913347244,0.9490000009536743,0.8885999917984009
YJL157C,YER089C,0,-5.7754693,0.0964823067188263,0.9490000009536743,0.888700008392334
YNL199C,YNL037C,0,-5.775665,0.09647250175476074,0.9490000009536743,0.8888000249862671
YLL050C,YLR084C,0,-5.775847,0.09646269679069519,0.9490000009536743,0.8888999819755554
YIL009C-A,YOR267C,0,-5.776611,0.09645289182662964,0.9490000009536743,0.8889999985694885
YOR226C,YFR003C,0,-5.7771716,0.09644308686256409,0.9490000009536743,0.8891000151634216
YBR080C,YNL222W,0,-5.7772784,0.09643328934907913,0.9490000009536743,0.88919997215271
YLR411W,YKR031C,0,-5.7774158,0.09642349183559418,0.9490000009536743,0.8892999887466431
YPL178W,YGR161C,0,-5.7774653,0.09641369432210922,0.9490000009536743,0.8894000053405762
YMR068W,YER072W,0,-5.7775073,0.09640390425920486,0.9490000009536743,0.8895000219345093
YNL135C,YPL211W,0,-5.7776804,0.09639410674571991,0.9490000009536743,0.8895999789237976
YCL044C,YMR060C,1,-5.7777123,0.09648588299751282,0.949999988079071,0.8895999789237976
YOR298W,YDL055C,0,-5.7778406,0.09647608548402786,0.949999988079071,0.8896999955177307
YOL040C,YDL007W,0,-5.778482,0.09646628797054291,0.949999988079071,0.8898000121116638
YPL119C,YJL192C,0,-5.7785997,0.09645649045705795,0.949999988079071,0.8899000287055969
YDR513W,YJL092W,0,-5.7788568,0.0964467003941536,0.949999988079071,0.8899999856948853
YML042W,YBR195C,0,-5.7791495,0.09643691033124924,0.949999988079071,0.8901000022888184
YDR376W,YGR285C,0,-5.7792487,0.09642712026834488,0.949999988079071,0.8902000188827515
YLR192C,YDR279W,0,-5.779446,0.09641733765602112,0.949999988079071,0.8902999758720398
YMR056C,YMR058W,0,-5.779469,0.09640754759311676,0.949999988079071,0.8903999924659729
YDR211W,YDR120C,0,-5.779618,0.096397764980793,0.949999988079071,0.890500009059906
YPR189W,YDR218C,0,-5.7802343,0.09638798981904984,0.949999988079071,0.8906000256538391
YHR129C,YDL229W,0,-5.7805066,0.09637820720672607,0.949999988079071,0.8906999826431274
YOR229W,YOR172W,0,-5.7805767,0.09636843204498291,0.949999988079071,0.8907999992370605
YAL012W,YLR233C,0,-5.7806845,0.09635865688323975,0.949999988079071,0.8909000158309937
YAL053W,YHR041C,0,-5.7812567,0.09634888172149658,0.949999988079071,0.890999972820282
YLL036C,YPL206C,0,-5.7816625,0.09633911401033401,0.949999988079071,0.8910999894142151
YBR155W,YPL010W,0,-5.782262,0.09632934629917145,0.949999988079071,0.8912000060081482
YGR278W,YBL061C,0,-5.7825923,0.09631957858800888,0.949999988079071,0.8913000226020813
YJR078W,YGL173C,0,-5.7831883,0.09630981087684631,0.949999988079071,0.8913999795913696
YAL043C,YLL041C,0,-5.783367,0.09630005061626434,0.949999988079071,0.8914999961853027
YJR042W,YPL123C,0,-5.7839613,0.09629029035568237,0.949999988079071,0.8916000127792358
YIL019W,YIL112W,0,-5.784163,0.0962805300951004,0.949999988079071,0.891700029373169
YDL126C,YOR084W,0,-5.784466,0.09627077728509903,0.949999988079071,0.8917999863624573
YDR060W,YOR056C,0,-5.7846646,0.09626101702451706,0.949999988079071,0.8919000029563904
YMR037C,YGR094W,0,-5.7866087,0.09625126421451569,0.949999988079071,0.8920000195503235
YMR208W,YLR409C,0,-5.786797,0.09624151885509491,0.949999988079071,0.8920999765396118
YDR016C,YMR043W,0,-5.7868495,0.09623176604509354,0.949999988079071,0.8921999931335449
YGL111W,YFL002C,0,-5.787068,0.09622202068567276,0.949999988079071,0.892300009727478
YIL040W,YPL164C,0,-5.7870736,0.09621227532625198,0.949999988079071,0.8924000263214111
YCR034W,YDL195W,0,-5.7873583,0.09620252996683121,0.949999988079071,0.8924999833106995
YMR250W,YBR081C,0,-5.787726,0.09619279205799103,0.949999988079071,0.8925999999046326
YLR363C,YMR229C,0,-5.7878733,0.09618305414915085,0.949999988079071,0.8927000164985657
YFR002W,YOR054C,0,-5.7878776,0.09617331624031067,0.949999988079071,0.892799973487854
YFL039C,YGR101W,1,-5.788257,0.0962648019194603,0.9509999752044678,0.892799973487854
YHR191C,YLR401C,0,-5.7888913,0.09625506401062012,0.9509999752044678,0.8928999900817871
YDL209C,YGL053W,0,-5.788895,0.09624531865119934,0.9509999752044678,0.8930000066757202
YNL053W,YOL003C,0,-5.788954,0.09623558074235916,0.9509999752044678,0.8931000232696533
YLL043W,YIL017C,0,-5.7890267,0.09622584283351898,0.9509999752044678,0.8931999802589417
YDR110W,YOR363C,0,-5.789164,0.0962161049246788,0.9509999752044678,0.8932999968528748
YKR039W,YJL139C,0,-5.7895813,0.09620637446641922,0.9509999752044678,0.8934000134468079
YLR340W,YHL022C,0,-5.7899156,0.09619664400815964,0.9509999752044678,0.8934999704360962
YLR223C,YMR097C,0,-5.7901826,0.09618691354990005,0.9509999752044678,0.8935999870300293
YEL032W,YKL041W,0,-5.7906747,0.09617718309164047,0.9509999752044678,0.8937000036239624
YMR137C,YPR163C,0,-5.7907777,0.09616746008396149,0.9509999752044678,0.8938000202178955
YPL146C,YIL021W,0,-5.7916665,0.0961577370762825,0.9509999752044678,0.8938999772071838
YDR060W,YLR166C,0,-5.7919326,0.09614801406860352,0.9509999752044678,0.8939999938011169
YKL120W,YKL086W,0,-5.7920094,0.09613829106092453,0.9509999752044678,0.89410001039505
YKL191W,YCL043C,0,-5.7921443,0.09612857550382614,0.9509999752044678,0.8942000269889832
YMR140W,YJL187C,0,-5.792542,0.09611885994672775,0.9509999752044678,0.8942999839782715
YLL008W,YOL101C,0,-5.7927523,0.09610914438962936,0.9509999752044678,0.8944000005722046
YCL016C,YNL037C,0,-5.793889,0.09609943628311157,0.9509999752044678,0.8945000171661377
YDL115C,YJR007W,0,-5.794044,0.09608972072601318,0.9509999752044678,0.894599974155426
YDR194C,YHR065C,0,-5.7946277,0.09608001261949539,0.9509999752044678,0.8946999907493591
YDR273W,YNL307C,0,-5.7949195,0.0960703119635582,0.9509999752044678,0.8948000073432922
YGL063W,YGR095C,0,-5.795506,0.0960606038570404,0.9509999752044678,0.8949000239372253
YLR452C,YPR080W,0,-5.7962537,0.09605090320110321,0.9509999752044678,0.8949999809265137
YPR093C,YJL033W,0,-5.796308,0.09604120254516602,0.9509999752044678,0.8950999975204468
YLR129W,YHR139C,0,-5.796682,0.09603150188922882,0.9509999752044678,0.8952000141143799
YJL111W,YOR181W,0,-5.79679,0.09602180868387222,0.9509999752044678,0.8952999711036682
YML113W,YDR412W,0,-5.796861,0.09601211547851562,0.9509999752044678,0.8953999876976013
YLR284C,YMR239C,0,-5.796907,0.09600242227315903,0.9509999752044678,0.8955000042915344
YML067C,YGR159C,0,-5.797033,0.09599272906780243,0.9509999752044678,0.8956000208854675
YDR342C,YGL175C,0,-5.7972465,0.09598304331302643,0.9509999752044678,0.8956999778747559
YER056C,YBR223C,0,-5.797609,0.09597335755825043,0.9509999752044678,0.895799994468689
YKL089W,YER006W,0,-5.79763,0.09596367180347443,0.9509999752044678,0.8959000110626221
YHR088W,YKL051W,0,-5.7976394,0.09595399349927902,0.9509999752044678,0.8960000276565552
YLR390W-A,YMR145C,0,-5.7976737,0.09594430774450302,0.9509999752044678,0.8960999846458435
YGL211W,YJL026W,0,-5.7978783,0.09593462944030762,0.9509999752044678,0.8962000012397766
YDL069C,YIL119C,0,-5.7980466,0.09592495113611221,0.9509999752044678,0.8963000178337097
YDR190C,YJR102C,0,-5.798117,0.0959152802824974,0.9509999752044678,0.896399974822998
YJR078W,YNL091W,0,-5.7981367,0.0959056094288826,0.9509999752044678,0.8964999914169312
YNL245C,YLL002W,0,-5.7982135,0.09589593857526779,0.9509999752044678,0.8966000080108643
YDL126C,YKL220C,0,-5.798337,0.09588626772165298,0.9509999752044678,0.8967000246047974
YMR058W,YBR088C,0,-5.7983546,0.09587659686803818,0.9509999752044678,0.8967999815940857
YGL124C,YDR479C,0,-5.798363,0.09586693346500397,0.9509999752044678,0.8968999981880188
YJR078W,YLR277C,0,-5.7987547,0.09585727006196976,0.9509999752044678,0.8970000147819519
YOR341W,YML076C,0,-5.7988467,0.09584761410951614,0.9509999752044678,0.8970999717712402
YPR021C,YIL110W,0,-5.798851,0.09583795070648193,0.9509999752044678,0.8971999883651733
YBR040W,YDR337W,0,-5.799564,0.09582829475402832,0.9509999752044678,0.8973000049591064
YDR339C,YMR302C,1,-5.8004417,0.09591939300298691,0.9520000219345093,0.8973000049591064
YNL227C,YDR129C,0,-5.8005195,0.0959097295999527,0.9520000219345093,0.8974000215530396
YDR317W,YKR089C,0,-5.800589,0.09590007364749908,0.9520000219345093,0.8974999785423279
YMR056C,YCL029C,0,-5.800963,0.09589041024446487,0.9520000219345093,0.897599995136261
YPL059W,YKL029C,0,-5.801639,0.09588075429201126,0.9520000219345093,0.8977000117301941
YPR057W,YEL013W,0,-5.8017383,0.09587109833955765,0.9520000219345093,0.8978000283241272
YDR499W,YHR170W,0,-5.801748,0.09586144238710403,0.9520000219345093,0.8978999853134155
YMR292W,YGL194C,0,-5.80203,0.09585179388523102,0.9520000219345093,0.8980000019073486
YOL063C,YDL150W,0,-5.8022118,0.095842145383358,0.9520000219345093,0.8981000185012817
YKL135C,YGL045W,0,-5.802322,0.09583249688148499,0.9520000219345093,0.8981999754905701
YEL066W,YGR075C,0,-5.802653,0.09582284837961197,0.9520000219345093,0.8982999920845032
YAL044C,YGR161C,0,-5.802751,0.09581320732831955,0.9520000219345093,0.8984000086784363
YOR145C,YNL163C,0,-5.8028846,0.09580355882644653,0.9520000219345093,0.8985000252723694
YJL214W,YBR142W,0,-5.803352,0.09579392522573471,0.9520000219345093,0.8985999822616577
YML113W,YJL033W,0,-5.804008,0.09578428417444229,0.9520000219345093,0.8986999988555908
YNL075W,YOR127W,0,-5.8044276,0.09577465057373047,0.9520000219345093,0.8988000154495239
YHR014W,YBL039C,0,-5.8045936,0.09576501697301865,0.9520000219345093,0.8988999724388123
YKL002W,YJL102W,0,-5.8048706,0.09575538337230682,0.9520000219345093,0.8989999890327454
YHR079C,YBR267W,0,-5.805575,0.095745749771595,0.9520000219345093,0.8991000056266785
YDR358W,YML049C,0,-5.8061395,0.09573612362146378,0.9520000219345093,0.8992000222206116
YPL241C,YMR290C,0,-5.806504,0.09572649747133255,0.9520000219345093,0.8992999792098999
YHR164C,YGR214W,0,-5.80699,0.09571687132120132,0.9520000219345093,0.899399995803833
YDL209C,YKL029C,0,-5.807091,0.0957072451710701,0.9520000219345093,0.8995000123977661
YOR191W,YBL004W,0,-5.8071227,0.09569762647151947,0.9520000219345093,0.8996000289916992
YBL016W,YGL135W,0,-5.807266,0.09568800777196884,0.9520000219345093,0.8996999859809875
YPL217C,YGL094C,0,-5.8072762,0.09567838907241821,0.9520000219345093,0.8998000025749207
YGL136C,YHR077C,0,-5.8075066,0.09566877782344818,0.9520000219345093,0.8999000191688538
YDL209C,YLR009W,0,-5.807801,0.09565916657447815,0.9520000219345093,0.8999999761581421
YOR005C,YAL011W,0,-5.808141,0.09564955532550812,0.9520000219345093,0.9000999927520752
YBR202W,YLR316C,0,-5.808659,0.09563994407653809,0.9520000219345093,0.9002000093460083
YLR205C,YPR095C,0,-5.808762,0.09563033282756805,0.9520000219345093,0.9003000259399414
YLR370C,YML061C,1,-5.80894,0.09572117030620575,0.953000009059906,0.9003000259399414
YIL004C,YGR286C,0,-5.8090706,0.09571155905723572,0.953000009059906,0.9003999829292297
YEL066W,YDR418W,0,-5.8090725,0.09570194780826569,0.953000009059906,0.9004999995231628
YCL017C,YER082C,0,-5.809216,0.09569233655929565,0.953000009059906,0.900600016117096
YNL256W,YPR198W,0,-5.8092694,0.09568273276090622,0.953000009059906,0.9006999731063843
YNR002C,YDR440W,0,-5.810514,0.09567312151193619,0.953000009059906,0.9007999897003174
YNL062C,YPR167C,0,-5.810891,0.09566351771354675,0.953000009059906,0.9009000062942505
YIR010W,YLR340W,0,-5.8115783,0.09565392136573792,0.953000009059906,0.9010000228881836
YOL089C,YJL034W,0,-5.8124785,0.09564431756734848,0.953000009059906,0.9010999798774719
YKR036C,YLL006W,1,-5.812491,0.09573507308959961,0.9539999961853027,0.9010999798774719
YLR189C,YAL047C,0,-5.81268,0.09572546929121017,0.9539999961853027,0.901199996471405
YBR020W,YLR221C,0,-5.8126826,0.09571586549282074,0.9539999961853027,0.9013000130653381
YJL006C,YGR170W,0,-5.812743,0.0957062616944313,0.9539999961853027,0.9014000296592712
YKR007W,YPL057C,0,-5.813738,0.09569665789604187,0.9539999961853027,0.9014999866485596
YGR142W,YDL212W,0,-5.8144684,0.09568706154823303,0.9539999961853027,0.9016000032424927
YDR021W,YOL147C,0,-5.8154626,0.0956774652004242,0.9539999961853027,0.9017000198364258
YGL246C,YOR149C,0,-5.815623,0.09566786885261536,0.9539999961853027,0.9017999768257141
YLR160C,YPR019W,0,-5.815694,0.09565827995538712,0.9539999961853027,0.9018999934196472
YDL006W,YFL036W,1,-5.8160787,0.09574894607067108,0.9549999833106995,0.9018999934196472
YPR021C,YGR004W,0,-5.8163486,0.09573934972286224,0.9549999833106995,0.9020000100135803
YOR025W,YNR053C,0,-5.8165584,0.0957297533750534,0.9549999833106995,0.9021000266075134
YKL062W,YOL094C,0,-5.816778,0.09572015702724457,0.9549999833106995,0.9021999835968018
YER166W,YPR046W,0,-5.816897,0.09571056067943573,0.9549999833106995,0.9023000001907349
YAL017W,YCR035C,0,-5.8171716,0.09570097178220749,0.9549999833106995,0.902400016784668
YNR031C,YOL109W,0,-5.8175335,0.09569138288497925,0.9549999833106995,0.9024999737739563
YDL155W,YNL280C,0,-5.8178315,0.09568179398775101,0.9549999833106995,0.9025999903678894
YCL044C,YNL055C,1,-5.817969,0.0957723930478096,0.9559999704360962,0.9025999903678894
YPL086C,YFL004W,0,-5.8182497,0.09576279670000076,0.9559999704360962,0.9027000069618225
YOL158C,YIL070C,0,-5.818427,0.09575320780277252,0.9559999704360962,0.9028000235557556
YGR103W,YDR276C,0,-5.818582,0.09574361890554428,0.9559999704360962,0.902899980545044
YDL101C,YHR183W,0,-5.818725,0.09573403000831604,0.9559999704360962,0.902999997138977
YGL063W,YGR128C,0,-5.818791,0.0957244411110878,0.9559999704360962,0.9031000137329102
YLR015W,YCR081W,0,-5.819041,0.09571485966444016,0.9559999704360962,0.9031999707221985
YGL047W,YGR216C,0,-5.8192925,0.09570527821779251,0.9559999704360962,0.9032999873161316
YMR219W,YBR223C,0,-5.820309,0.09569569677114487,0.9559999704360962,0.9034000039100647
YDR437W,YKL021C,0,-5.8219304,0.09568611532449722,0.9559999704360962,0.9035000205039978
YHR086W,YPL128C,0,-5.8219314,0.09567654132843018,0.9559999704360962,0.9035999774932861
YDR106W,YIL149C,0,-5.822097,0.09566696733236313,0.9559999704360962,0.9036999940872192
YFR027W,YDL130W,0,-5.8225436,0.09565739333629608,0.9559999704360962,0.9038000106811523
YER179W,YNL302C,0,-5.822943,0.09564782679080963,0.9559999704360962,0.9039000272750854
YER056C,YBL030C,0,-5.8230586,0.09563825279474258,0.9559999704360962,0.9039999842643738
YOR386W,YGL244W,0,-5.8238583,0.09562868624925613,0.9559999704360962,0.9041000008583069
YBR092C,YDR227W,0,-5.8242097,0.09561912715435028,0.9559999704360962,0.90420001745224
YLR060W,YIL056W,0,-5.82494,0.09560956060886383,0.9559999704360962,0.9042999744415283
YLR411W,YLR033W,0,-5.8251004,0.09560000151395798,0.9559999704360962,0.9043999910354614
YHR157W,YGL028C,0,-5.825125,0.09559044241905212,0.9559999704360962,0.9045000076293945
YDL145C,YNL110C,0,-5.825284,0.09558088332414627,0.9559999704360962,0.9046000242233276
YAL041W,YNR054C,0,-5.8253326,0.09557133167982101,0.9559999704360962,0.904699981212616
YMR038C,YJR068W,0,-5.825624,0.09556177258491516,0.9559999704360962,0.9047999978065491
YBR072W,YJL100W,0,-5.8256392,0.0955522209405899,0.9559999704360962,0.9049000144004822
YDL166C,YDR297W,0,-5.826305,0.09554267674684525,0.9559999704360962,0.9049999713897705
YLR165C,YLR092W,0,-5.826467,0.09553312510251999,0.9559999704360962,0.9050999879837036
YPL089C,YBL075C,0,-5.8268323,0.09552358090877533,0.9559999704360962,0.9052000045776367
YPR155C,YER149C,0,-5.8273997,0.09551403671503067,0.9559999704360962,0.9053000211715698
YIL154C,YOR159C,0,-5.8275533,0.09550449252128601,0.9559999704360962,0.9053999781608582
YFL018C,YBR048W,0,-5.8276844,0.09549495577812195,0.9559999704360962,0.9054999947547913
YML027W,YOR003W,0,-5.827703,0.09548541903495789,0.9559999704360962,0.9056000113487244
YER082C,YNL283C,0,-5.8279033,0.09547588229179382,0.9559999704360962,0.9057000279426575
YGR086C,YJR126C,0,-5.8280025,0.09546634554862976,0.9559999704360962,0.9057999849319458
YDR356W,YPL243W,0,-5.828005,0.0954568162560463,0.9559999704360962,0.9059000015258789
YIL097W,YJL143W,0,-5.82834,0.09544728696346283,0.9559999704360962,0.906000018119812
YBR036C,YDR439W,0,-5.82891,0.09543775767087936,0.9559999704360962,0.9060999751091003
YKL214C,YGL255W,0,-5.829216,0.0954282283782959,0.9559999704360962,0.9061999917030334
YOR260W,YFL026W,0,-5.8299713,0.09541870653629303,0.9559999704360962,0.9063000082969666
YKL043W,YGL097W,0,-5.830009,0.09540918469429016,0.9559999704360962,0.9064000248908997
YML113W,YGR231C,0,-5.8307996,0.09539966285228729,0.9559999704360962,0.906499981880188
YKL195W,YDR312W,0,-5.83087,0.09539014101028442,0.9559999704360962,0.9065999984741211
YIL142W,YFL026W,0,-5.832142,0.09538062661886215,0.9559999704360962,0.9067000150680542
YHR036W,YDR297W,0,-5.83217,0.09537111222743988,0.9559999704360962,0.9067999720573425
YDR377W,YHR111W,0,-5.833028,0.09536159783601761,0.9559999704360962,0.9068999886512756
YMR290C,YPL187W,0,-5.8330626,0.09535208344459534,0.9559999704360962,0.9070000052452087
YIR004W,YMR250W,0,-5.833225,0.09534257650375366,0.9559999704360962,0.9071000218391418
YMR290C,YHR042W,0,-5.83335,0.09533306956291199,0.9559999704360962,0.9071999788284302
YIL079C,YAL051W,0,-5.8348703,0.09532356262207031,0.9559999704360962,0.9072999954223633
YBL098W,YDR372C,0,-5.835402,0.09531405568122864,0.9559999704360962,0.9074000120162964
YCL014W,YDL159W,0,-5.836311,0.09530455619096756,0.9559999704360962,0.9075000286102295
YDL095W,YPR009W,0,-5.8363323,0.09529505670070648,0.9559999704360962,0.9075999855995178
YPL211W,YER178W,0,-5.8366776,0.0952855572104454,0.9559999704360962,0.9077000021934509
YLR035C,YDL130W,0,-5.836842,0.09527605772018433,0.9559999704360962,0.907800018787384
YOR335C,YPR006C,0,-5.837127,0.09526656568050385,0.9559999704360962,0.9078999757766724
YDL188C,YPR143W,0,-5.8372483,0.09525707364082336,0.9559999704360962,0.9079999923706055
YGL238W,YMR081C,0,-5.8382125,0.09524758160114288,0.9559999704360962,0.9081000089645386
YPL187W,YPR103W,0,-5.838408,0.095238097012043,0.9559999704360962,0.9082000255584717
YLR449W,YDR484W,0,-5.8387585,0.09522860497236252,0.9559999704360962,0.90829998254776
YLL009C,YOR151C,0,-5.8387895,0.09521912038326263,0.9559999704360962,0.9083999991416931
YIR037W,YGR214W,0,-5.839013,0.09520964324474335,0.9559999704360962,0.9085000157356262
YOL100W,YIR012W,0,-5.8396983,0.09520015865564346,0.9559999704360962,0.9085999727249146
YGL022W,YLL012W,0,-5.8397,0.09519068151712418,0.9559999704360962,0.9086999893188477
YMR043W,YGR161C,0,-5.8398147,0.09518120437860489,0.9559999704360962,0.9088000059127808
YKL011C,YDR180W,0,-5.839962,0.0951717272400856,0.9559999704360962,0.9089000225067139
YCR047C,YJL056C,0,-5.840662,0.09516225010156631,0.9559999704360962,0.9089999794960022
YBR060C,YDL138W,0,-5.840693,0.09515278041362762,0.9559999704360962,0.9090999960899353
YFR033C,YPR009W,0,-5.840904,0.09514331072568893,0.9559999704360962,0.9092000126838684
YLR369W,YGL225W,0,-5.8410573,0.09513384103775024,0.9559999704360962,0.9093000292778015
YOR386W,YHR206W,0,-5.841392,0.09512437880039215,0.9559999704360962,0.9093999862670898
YHR072W,YPL244C,0,-5.8414197,0.09511491656303406,0.9559999704360962,0.909500002861023
YJL145W,YAR003W,0,-5.8414407,0.09510545432567596,0.9559999704360962,0.909600019454956
YPR137W,YBL106C,0,-5.8417916,0.09509599208831787,0.9559999704360962,0.9096999764442444
YKR026C,YFL059W,0,-5.842097,0.09508652985095978,0.9559999704360962,0.9097999930381775
YPR049C,YER179W,0,-5.842128,0.09507707506418228,0.9559999704360962,0.9099000096321106
YER165W,YKL126W,0,-5.8421626,0.09506762027740479,0.9559999704360962,0.9100000262260437
YJR025C,YGL192W,0,-5.842233,0.09505816549062729,0.9559999704360962,0.910099983215332
YLR153C,YNL112W,0,-5.842275,0.09504871815443039,0.9559999704360962,0.9101999998092651
YPL265W,YDR172W,0,-5.8424926,0.09503927081823349,0.9559999704360962,0.9103000164031982
YNR019W,YJL071W,0,-5.84376,0.09502982348203659,0.9559999704360962,0.9103999733924866
YKL166C,YCR061W,0,-5.844179,0.09502037614583969,0.9559999704360962,0.9104999899864197
YCL044C,YHR120W,1,-5.844995,0.09511031955480576,0.9570000171661377,0.9104999899864197
YBR068C,YLR183C,0,-5.8455997,0.09510086476802826,0.9570000171661377,0.9106000065803528
YGL087C,YPL156C,0,-5.8457274,0.09509141743183136,0.9570000171661377,0.9107000231742859
YAL003W,YIR041W,0,-5.8459306,0.09508197009563446,0.9570000171661377,0.9107999801635742
YER179W,YGL035C,0,-5.8459916,0.09507252275943756,0.9570000171661377,0.9108999967575073
YOR326W,YGL055W,1,-5.8461585,0.09516241401433945,0.9580000042915344,0.9108999967575073
YHR194W,YLR190W,1,-5.8466163,0.09525228291749954,0.9589999914169312,0.9108999967575073
YNL220W,YNL103W,0,-5.8468723,0.09524282813072205,0.9589999914169312,0.9110000133514404
YNL220W,YPL036W,0,-5.847145,0.09523336589336395,0.9589999914169312,0.9110999703407288
YLL001W,YGR144W,1,-5.8485465,0.09532320499420166,0.9599999785423279,0.9110999703407288
YBR158W,YIL097W,0,-5.850324,0.09531374275684357,0.9599999785423279,0.9111999869346619
YGL037C,YNL126W,0,-5.850409,0.09530428051948547,0.9599999785423279,0.911300003528595
YJL146W,YOR035C,0,-5.8504524,0.09529481828212738,0.9599999785423279,0.9114000201225281
YLR060W,YPR141C,0,-5.850899,0.09528536349534988,0.9599999785423279,0.9114999771118164
YLR293C,YGL089C,0,-5.8514056,0.09527590125799179,0.9599999785423279,0.9115999937057495
YBR293W,YGR054W,0,-5.8526225,0.0952664464712143,0.9599999785423279,0.9117000102996826
YPL156C,YPL012W,0,-5.8533444,0.0952569991350174,0.9599999785423279,0.9118000268936157
YDR192C,YBL064C,0,-5.8535686,0.0952475443482399,0.9599999785423279,0.911899983882904
YNL090W,YBR069C,0,-5.853667,0.095238097012043,0.9599999785423279,0.9120000004768372
YKL074C,YKL034W,0,-5.8538356,0.0952286496758461,0.9599999785423279,0.9121000170707703
YJL106W,YMR296C,0,-5.8540463,0.0952192023396492,0.9599999785423279,0.9121999740600586
YLR286C,YKL194C,0,-5.8542514,0.0952097624540329,0.9599999785423279,0.9122999906539917
YLR056W,YLR106C,0,-5.8545666,0.095200315117836,0.9599999785423279,0.9124000072479248
YKL194C,YLR136C,0,-5.8546863,0.0951908752322197,0.9599999785423279,0.9125000238418579
YPR198W,YDR515W,0,-5.85536,0.09518144279718399,0.9599999785423279,0.9125999808311462
YDL220C,YOR063W,0,-5.855452,0.09517200291156769,0.9599999785423279,0.9126999974250793
YJL116C,YLL013C,1,-5.8555274,0.09526170045137405,0.9610000252723694,0.9126999974250793
YMR081C,YKR020W,0,-5.8560762,0.09525225311517715,0.9610000252723694,0.9128000140190125
YOL164W,YJL124C,0,-5.8561387,0.09524281322956085,0.9610000252723694,0.9128999710083008
YHR123W,YBL064C,0,-5.8562346,0.09523337334394455,0.9610000252723694,0.9129999876022339
YLR238W,YGR248W,0,-5.8583612,0.09522394090890884,0.9610000252723694,0.913100004196167
YJR053W,YER052C,0,-5.859104,0.09521450847387314,0.9610000252723694,0.9132000207901001
YOL039W,YDR146C,0,-5.8592153,0.09520507603883743,0.9610000252723694,0.9132999777793884
YCR020C,YHR083W,1,-5.8593006,0.09529469907283783,0.9620000123977661,0.9132999777793884
YOR185C,YBR087W,0,-5.8596964,0.09528525918722153,0.9620000123977661,0.9133999943733215
YIL066C,YMR203W,0,-5.8600516,0.09527582675218582,0.9620000123977661,0.9135000109672546
YOL147C,YER118C,0,-5.860541,0.09526638686656952,0.9620000123977661,0.9136000275611877
YDR517W,YBR002C,0,-5.8606405,0.09525695443153381,0.9620000123977661,0.9136999845504761
YLR002C,YBR156C,0,-5.861319,0.09524752199649811,0.9620000123977661,0.9138000011444092
YHR148W,YJL030W,0,-5.8620477,0.095238097012043,0.9620000123977661,0.9139000177383423
YPL147W,YDR160W,0,-5.862123,0.0952286645770073,0.9620000123977661,0.9139999747276306
YGR134W,YMR175W,0,-5.863441,0.09521923959255219,0.9620000123977661,0.9140999913215637
YKL160W,YDR312W,0,-5.863461,0.09520981460809708,0.9620000123977661,0.9142000079154968
YIL118W,YKL035W,0,-5.864044,0.09520039707422256,0.9620000123977661,0.9143000245094299
YNL164C,YLR466W,0,-5.8640695,0.09519097208976746,0.9620000123977661,0.9143999814987183
YDR141C,YJL033W,0,-5.8645053,0.09518155455589294,0.9620000123977661,0.9144999980926514
YPR008W,YJL148W,0,-5.8645496,0.09517214447259903,0.9620000123977661,0.9146000146865845
YPR200C,YMR312W,0,-5.864616,0.09516272693872452,0.9620000123977661,0.9146999716758728
YBR168W,YDL112W,0,-5.864679,0.0951533168554306,0.9620000123977661,0.9147999882698059
YMR280C,YKL084W,0,-5.865744,0.09514389932155609,0.9620000123977661,0.914900004863739
YOL064C,YOR353C,0,-5.8663855,0.09513449668884277,0.9620000123977661,0.9150000214576721
YJL214W,YKL186C,0,-5.8665457,0.09512508660554886,0.9620000123977661,0.9150999784469604
YHR069C,YLR043C,0,-5.8669524,0.09511568397283554,0.9620000123977661,0.9151999950408936
YKL194C,YJL098W,0,-5.867095,0.09510628134012222,0.9620000123977661,0.9153000116348267
YER165W,YER070W,0,-5.8671017,0.0950968787074089,0.9620000123977661,0.9154000282287598
YPR135W,YLR075W,0,-5.867431,0.09508747607469559,0.9620000123977661,0.9154999852180481
YNR060W,YNL071W,0,-5.867664,0.09507808089256287,0.9620000123977661,0.9156000018119812
YGL071W,YKL004W,0,-5.8683705,0.09506868571043015,0.9620000123977661,0.9157000184059143
YNL245C,YOR038C,0,-5.8684015,0.09505929052829742,0.9620000123977661,0.9157999753952026
YOL004W,YGL169W,0,-5.868518,0.0950498953461647,0.9620000123977661,0.9158999919891357
YHR072W,YEL017C-A,0,-5.869696,0.09504050761461258,0.9620000123977661,0.9160000085830688
YOR204W,YHR176W,0,-5.870045,0.09503111988306046,0.9620000123977661,0.916100025177002
YMR264W,YJL190C,0,-5.871085,0.09502173215150833,0.9620000123977661,0.9161999821662903
YMR303C,YOR142W,0,-5.8711267,0.09501234441995621,0.9620000123977661,0.9162999987602234
YOL002C,YIL149C,0,-5.8712144,0.09500296413898468,0.9620000123977661,0.9164000153541565
YCR005C,YMR199W,0,-5.871267,0.09499358385801315,0.9620000123977661,0.9164999723434448
YJL080C,YKL035W,0,-5.8719945,0.09498420357704163,0.9620000123977661,0.9165999889373779
YDR258C,YHR120W,1,-5.872679,0.09507355093955994,0.9629999995231628,0.9165999889373779
YML011C,YNL236W,0,-5.87286,0.09506416320800781,0.9629999995231628,0.916700005531311
YIL070C,YOL028C,0,-5.8729234,0.09505478292703629,0.9629999995231628,0.9168000221252441
YNL156C,YBR092C,0,-5.873711,0.09504540264606476,0.9629999995231628,0.9168999791145325
YNL111C,YLR055C,0,-5.874987,0.09503602236509323,0.9629999995231628,0.9169999957084656
YMR135C,YIL053W,0,-5.8750925,0.0950266420841217,0.9629999995231628,0.9171000123023987
YGL240W,YMR250W,0,-5.875097,0.09501726925373077,0.9629999995231628,0.9172000288963318
YHR163W,YMR106C,0,-5.8757334,0.09500788897275925,0.9629999995231628,0.9172999858856201
YLR155C,YLR071C,0,-5.8759513,0.09499852359294891,0.9629999995231628,0.9174000024795532
YBR029C,YHR148W,0,-5.876065,0.09498915076255798,0.9629999995231628,0.9175000190734863
YDR517W,YIL110W,0,-5.8762183,0.09497977793216705,0.9629999995231628,0.9175999760627747
YLR384C,YPL233W,0,-5.8762956,0.09497041255235672,0.9629999995231628,0.9176999926567078
YPL249C,YDL112W,0,-5.8777747,0.09496104717254639,0.9629999995231628,0.9178000092506409
YBL078C,YGL241W,0,-5.8782196,0.09495168924331665,0.9629999995231628,0.917900025844574
YNL129W,YML032C,0,-5.878464,0.09494232386350632,0.9629999995231628,0.9179999828338623
YDR425W,YNL209W,0,-5.8785825,0.09493296593427658,0.9629999995231628,0.9180999994277954
YNL248C,YGL127C,0,-5.8786073,0.09492360800504684,0.9629999995231628,0.9182000160217285
YGR280C,YJR141W,0,-5.8786826,0.09491425007581711,0.9629999995231628,0.9182999730110168
YGL001C,YPR104C,0,-5.8793473,0.09490489959716797,0.9629999995231628,0.91839998960495
YPR054W,YJL138C,0,-5.8795996,0.09489554911851883,0.9629999995231628,0.9185000061988831
YPL163C,YDR246W,0,-5.880694,0.09488619863986969,0.9629999995231628,0.9186000227928162
YGL253W,YOR095C,0,-5.8821225,0.09487684816122055,0.9629999995231628,0.9186999797821045
YDR339C,YGR144W,1,-5.882419,0.09496601670980453,0.9639999866485596,0.9186999797821045
YHR036W,YIL022W,0,-5.8825016,0.0949566587805748,0.9639999866485596,0.9187999963760376
YPR017C,YHL028W,0,-5.882826,0.09494730830192566,0.9639999866485596,0.9189000129699707
YDL243C,YGR090W,0,-5.882974,0.09493795782327652,0.9639999866485596,0.9190000295639038
YNL098C,YDR395W,0,-5.8841944,0.09492860734462738,0.9639999866485596,0.9190999865531921
YPL248C,YGR074W,0,-5.885032,0.09491925686597824,0.9639999866485596,0.9192000031471252
YGR268C,YNL290W,0,-5.885691,0.0949099138379097,0.9639999866485596,0.9193000197410583
YGR055W,YPL151C,0,-5.8858123,0.09490057080984116,0.9639999866485596,0.9193999767303467
YHR187W,YAR003W,0,-5.8860683,0.09489122778177261,0.9639999866485596,0.9194999933242798
YFL039C,YJL116C,1,-5.8861136,0.09498031437397003,0.9649999737739563,0.9194999933242798
YPL059W,YMR268C,0,-5.8869066,0.09497096389532089,0.9649999737739563,0.9196000099182129
YLL035W,YJL140W,0,-5.8871827,0.09496162086725235,0.9649999737739563,0.919700026512146
YGR085C,YIL144W,0,-5.8873405,0.09495227783918381,0.9649999737739563,0.9197999835014343
YIL019W,YGR047C,0,-5.887372,0.09494293481111526,0.9649999737739563,0.9199000000953674
YKL064W,YPR187W,0,-5.887409,0.09493359923362732,0.9649999737739563,0.9200000166893005
YGR200C,YPL031C,0,-5.888646,0.09492425620555878,0.9649999737739563,0.9200999736785889
YNL245C,YPL248C,0,-5.8887944,0.09491492062807083,0.9649999737739563,0.920199990272522
YBR153W,YGR070W,0,-5.8888574,0.09490558505058289,0.9649999737739563,0.9203000068664551
YOR297C,YHL009C,0,-5.8889403,0.09489625692367554,0.9649999737739563,0.9204000234603882
YMR314W,YGR195W,0,-5.8891354,0.09488692134618759,0.9649999737739563,0.9204999804496765
YHR089C,YFR031C,0,-5.8895802,0.09487759321928024,0.9649999737739563,0.9205999970436096
YER149C,YKL028W,0,-5.889807,0.0948682650923729,0.9649999737739563,0.9207000136375427
YOL130W,YBR089C-A,0,-5.889882,0.09485893696546555,0.9649999737739563,0.920799970626831
YHR024C,YEL026W,0,-5.889932,0.0948496162891388,0.9649999737739563,0.9208999872207642
YHR175W,YER051W,0,-5.8907566,0.09484029561281204,0.9649999737739563,0.9210000038146973
YNL172W,YHR094C,0,-5.891022,0.09483097493648529,0.9649999737739563,0.9211000204086304
YBR290W,YGL061C,0,-5.8913417,0.09482165426015854,0.9649999737739563,0.9211999773979187
YLR305C,YDR165W,0,-5.8918257,0.09481234103441238,0.9649999737739563,0.9212999939918518
YGL071W,YPL187W,0,-5.8925567,0.09480302780866623,0.9649999737739563,0.9214000105857849
YJL157C,YBR244W,0,-5.8925605,0.09479371458292007,0.9649999737739563,0.921500027179718
YNL156C,YNL282W,0,-5.892938,0.09478440135717392,0.9649999737739563,0.9215999841690063
YPL058C,YMR183C,0,-5.8931427,0.09477509558200836,0.9649999737739563,0.9217000007629395
YNR053C,YIL122W,0,-5.893561,0.0947657898068428,0.9649999737739563,0.9218000173568726
YLR221C,YOR172W,0,-5.893846,0.09475648403167725,0.9649999737739563,0.9218999743461609
YBR213W,YDR450W,0,-5.8942504,0.09474717825651169,0.9649999737739563,0.921999990940094
YBL009W,YMR008C,0,-5.894343,0.09473787248134613,0.9649999737739563,0.9221000075340271
YJL034W,YLR254C,0,-5.894415,0.09472857415676117,0.9649999737739563,0.9222000241279602
YOR301W,YPL012W,0,-5.8957586,0.09471927583217621,0.9649999737739563,0.9222999811172485
YLR215C,YLR103C,0,-5.8959966,0.09470998495817184,0.9649999737739563,0.9223999977111816
YPL181W,YJR145C,0,-5.8960834,0.09470068663358688,0.9649999737739563,0.9225000143051147
YNL153C,YJL059W,0,-5.8968983,0.09469139575958252,0.9649999737739563,0.9225999712944031
YER114C,YPR178W,0,-5.897365,0.09468210488557816,0.9649999737739563,0.9226999878883362
YLR411W,YKL175W,0,-5.898309,0.09467281401157379,0.9649999737739563,0.9228000044822693
YNL216W,YIL066C,0,-5.898453,0.09466353058815002,0.9649999737739563,0.9229000210762024
YMR079W,YBL039C,0,-5.8990726,0.09465423971414566,0.9649999737739563,0.9229999780654907
YBR155W,YGR229C,0,-5.8992615,0.0946449562907219,0.9649999737739563,0.9230999946594238
YPR034W,YLR186W,0,-5.8995376,0.09463568031787872,0.9649999737739563,0.9232000112533569
YDR096W,YLR292C,0,-5.8995833,0.09462639689445496,0.9649999737739563,0.92330002784729
YJL167W,YBL006C,0,-5.900251,0.09461712092161179,0.9649999737739563,0.9233999848365784
YNL149C,YNL310C,1,-5.900348,0.09470587968826294,0.9660000205039978,0.9233999848365784
YNL133C,YGL030W,0,-5.9004474,0.09469659626483917,0.9660000205039978,0.9235000014305115
YJR078W,YHR143W-A,0,-5.9016438,0.0946873128414154,0.9660000205039978,0.9236000180244446
YFL031W,YCL066W,0,-5.901662,0.09467803686857224,0.9660000205039978,0.9236999750137329
YJL110C,YML128C,0,-5.9020386,0.09466876089572906,0.9660000205039978,0.923799991607666
YJL112W,YPR125W,1,-5.902641,0.09475747495889664,0.9670000076293945,0.923799991607666
YDL055C,YNL206C,0,-5.903204,0.09474818408489227,0.9670000076293945,0.9239000082015991
YNL280C,YOR179C,0,-5.9033723,0.0947389081120491,0.9670000076293945,0.9240000247955322
YIL009C-A,YNR053C,0,-5.9037805,0.09472962468862534,0.9670000076293945,0.9240999817848206
YMR035W,YKL021C,0,-5.9043174,0.09472034126520157,0.9670000076293945,0.9241999983787537
YER042W,YHR066W,0,-5.9045253,0.0947110652923584,0.9670000076293945,0.9243000149726868
YPR032W,YBR183W,0,-5.905091,0.09470178931951523,0.9670000076293945,0.9243999719619751
YBR155W,YLR447C,0,-5.9054093,0.09469252079725266,0.9670000076293945,0.9244999885559082
YGL246C,YKL034W,0,-5.9054894,0.09468324482440948,0.9670000076293945,0.9246000051498413
YLR056W,YDR086C,0,-5.906847,0.09467397630214691,0.9670000076293945,0.9247000217437744
YGR204W,YOL005C,0,-5.9069114,0.09466470777988434,0.9670000076293945,0.9247999787330627
YBR110W,YDL060W,0,-5.9071317,0.09465543925762177,0.9670000076293945,0.9248999953269958
YLL009C,YOL064C,0,-5.907315,0.09464617818593979,0.9670000076293945,0.925000011920929
YPR193C,YGL014W,0,-5.9084544,0.09463691711425781,0.9670000076293945,0.9251000285148621
YNL294C,YHR021C,0,-5.9088006,0.09462765604257584,0.9670000076293945,0.9251999855041504
YML126C,YPR102C,0,-5.9088836,0.09461839497089386,0.9670000076293945,0.9253000020980835
YDL132W,YKL056C,0,-5.9094415,0.09460914134979248,0.9670000076293945,0.9254000186920166
YOL021C,YCL052C,0,-5.90958,0.0945998802781105,0.9670000076293945,0.9254999756813049
YDR060W,YDL120W,0,-5.910176,0.09459062665700912,0.9670000076293945,0.925599992275238
YKR026C,YNL328C,0,-5.910888,0.09458138048648834,0.9670000076293945,0.9257000088691711
YNL038W,YMR140W,0,-5.9122515,0.09457212686538696,0.9670000076293945,0.9258000254631042
YNR019W,YJR002W,0,-5.9128494,0.09456288069486618,0.9670000076293945,0.9258999824523926
YDL209C,YGL054C,0,-5.9129124,0.0945536345243454,0.9670000076293945,0.9259999990463257
YLR451W,YPL006W,0,-5.9130597,0.09454438835382462,0.9670000076293945,0.9261000156402588
YIR017C,YHR143W-A,0,-5.913594,0.09453514218330383,0.9670000076293945,0.9261999726295471
YGL246C,YMR088C,0,-5.9136195,0.09452590346336365,0.9670000076293945,0.9262999892234802
YOR028C,YNR039C,0,-5.9141955,0.09451666474342346,0.9670000076293945,0.9264000058174133
YPL127C,YER087C-A,0,-5.914516,0.09450742602348328,0.9670000076293945,0.9265000224113464
YKR082W,YKL034W,0,-5.915168,0.09449819475412369,0.9670000076293945,0.9265999794006348
YIL132C,YOR145C,0,-5.9154024,0.0944889560341835,0.9670000076293945,0.9266999959945679
YBR223C,YDR451C,0,-5.915578,0.09447972476482391,0.9670000076293945,0.926800012588501
YPR143W,YDR165W,0,-5.9159665,0.09447049349546432,0.9670000076293945,0.9269000291824341
YIL034C,YGL008C,0,-5.9163566,0.09446126967668533,0.9670000076293945,0.9269999861717224
YJL006C,YJL210W,0,-5.917665,0.09445203840732574,0.9670000076293945,0.9271000027656555
YDL004W,YOR388C,0,-5.917873,0.09444281458854675,0.9670000076293945,0.9272000193595886
YAL054C,YLL008W,0,-5.9189763,0.09443359076976776,0.9670000076293945,0.927299976348877
YLR134W,YNL102W,0,-5.919069,0.09442437440156937,0.9670000076293945,0.9273999929428101
YGL055W,YGR144W,1,-5.919405,0.09451279044151306,0.9679999947547913,0.9273999929428101
YHR068W,YHR187W,0,-5.919424,0.09450356662273407,0.9679999947547913,0.9275000095367432
YNL117W,YGL070C,0,-5.919639,0.09449433535337448,0.9679999947547913,0.9276000261306763
YDL153C,YEL031W,0,-5.9207296,0.09448511153459549,0.9679999947547913,0.9276999831199646
YML094W,YOR320C,0,-5.920924,0.0944758951663971,0.9679999947547913,0.9277999997138977
YPR041W,YLR396C,0,-5.922055,0.0944666713476181,0.9679999947547913,0.9279000163078308
YBR092C,YJR156C,0,-5.9228253,0.09445745497941971,0.9679999947547913,0.9279999732971191
YOR056C,YLR166C,0,-5.9229913,0.09444823861122131,0.9679999947547913,0.9280999898910522
YHL011C,YOR027W,0,-5.923013,0.09443902224302292,0.9679999947547913,0.9282000064849854
YOL115W,YJR104C,0,-5.923652,0.09442981332540512,0.9679999947547913,0.9283000230789185
YJL059W,YBL055C,0,-5.9239287,0.09442060440778732,0.9679999947547913,0.9283999800682068
YNL149C,YFL036W,1,-5.9241853,0.09450892359018326,0.968999981880188,0.9283999800682068
YKL150W,YJR043C,0,-5.9248166,0.09449970722198486,0.968999981880188,0.9284999966621399
YGR030C,YKR057W,0,-5.9251027,0.09449049085378647,0.968999981880188,0.928600013256073
YOR095C,YBR117C,0,-5.925259,0.09448128193616867,0.968999981880188,0.9286999702453613
YML080W,YJL100W,0,-5.925781,0.09447206556797028,0.968999981880188,0.9287999868392944
YOR020C,YGR128C,0,-5.9263725,0.09446285665035248,0.968999981880188,0.9289000034332275
YML036W,YCR005C,0,-5.927357,0.09445364773273468,0.968999981880188,0.9290000200271606
YMR035W,YHR206W,0,-5.9274173,0.09444444626569748,0.968999981880188,0.929099977016449
YDR201W,YFL026W,0,-5.927789,0.09443523734807968,0.968999981880188,0.9291999936103821
YKR081C,YOR014W,0,-5.9278164,0.09442603588104248,0.968999981880188,0.9293000102043152
YPR200C,YGR270W,0,-5.928526,0.09441683441400528,0.968999981880188,0.9294000267982483
YCR020C,YNL121C,1,-5.92909,0.09450506418943405,0.9700000286102295,0.9294000267982483
YDR358W,YGL104C,0,-5.9293036,0.09449586272239685,0.9700000286102295,0.9294999837875366
YML080W,YJL165C,0,-5.93105,0.09448665380477905,0.9700000286102295,0.9296000003814697
YBR092C,YDL039C,0,-5.931537,0.09447745233774185,0.9700000286102295,0.9297000169754028
YKL086W,YHR048W,0,-5.932526,0.09446825087070465,0.9700000286102295,0.9297999739646912
YLR384C,YDR078C,0,-5.9334884,0.09445904940366745,0.9700000286102295,0.9298999905586243
YHR111W,YKR053C,0,-5.9336023,0.09444985538721085,0.9700000286102295,0.9300000071525574
YOL123W,YNL332W,0,-5.934137,0.09444066137075424,0.9700000286102295,0.9301000237464905
YPL248C,YBL020W,0,-5.9346056,0.09443146735429764,0.9700000286102295,0.9301999807357788
YHR089C,YPL156C,0,-5.9350734,0.09442227333784103,0.9700000286102295,0.9302999973297119
YLR129W,YGR077C,0,-5.9351172,0.09441307932138443,0.9700000286102295,0.930400013923645
YIL079C,YGL045W,0,-5.935534,0.09440389275550842,0.9700000286102295,0.9304999709129333
YPR021C,YKL143W,0,-5.9357333,0.09439470618963242,0.9700000286102295,0.9305999875068665
YBR091C,YNL066W,1,-5.9360046,0.09448282420635223,0.9710000157356262,0.9305999875068665
YKL185W,YDR121W,0,-5.9366064,0.09447363018989563,0.9710000157356262,0.9307000041007996
YGR145W,YJL019W,0,-5.9373684,0.09446444362401962,0.9710000157356262,0.9308000206947327
YIL066C,YDR212W,0,-5.9382253,0.09445524960756302,0.9710000157356262,0.930899977684021
YGR091W,YPL019C,0,-5.93867,0.09444606304168701,0.9710000157356262,0.9309999942779541
YLR276C,YHR042W,0,-5.938765,0.094436876475811,0.9710000157356262,0.9311000108718872
YNL206C,YLL041C,0,-5.939091,0.0944276973605156,0.9710000157356262,0.9312000274658203
YLR186W,YDL244W,0,-5.9399514,0.09441851079463959,0.9710000157356262,0.9312999844551086
YKL001C,YLR009W,0,-5.9399524,0.09440933167934418,0.9710000157356262,0.9314000010490417
YKR036C,YJR118C,1,-5.939977,0.09449737519025803,0.972000002861023,0.9314000010490417
YJL190C,YLL040C,0,-5.9409595,0.09448818862438202,0.972000002861023,0.9315000176429749
YER167W,YNR054C,0,-5.9410596,0.09447900205850601,0.972000002861023,0.9315999746322632
YNL142W,YPL128C,0,-5.942308,0.0944698229432106,0.972000002861023,0.9316999912261963
YLR411W,YOR056C,0,-5.943005,0.09446064382791519,0.972000002861023,0.9318000078201294
YDR279W,YHR099W,0,-5.9436812,0.09445146471261978,0.972000002861023,0.9319000244140625
YLR276C,YER028C,0,-5.943931,0.09444228559732437,0.972000002861023,0.9319999814033508
YKR055W,YOL066C,0,-5.9441986,0.09443310648202896,0.972000002861023,0.9320999979972839
YGL029W,YKL002W,0,-5.9442563,0.09442393481731415,0.972000002861023,0.932200014591217
YPR037C,YPL151C,0,-5.9447923,0.09441476315259933,0.972000002861023,0.9322999715805054
YLR068W,YPR193C,0,-5.945517,0.09440559148788452,0.972000002861023,0.9323999881744385
YKR036C,YLR355C,1,-5.9459567,0.09449353814125061,0.9729999899864197,0.9323999881744385
YOR201C,YKL043W,0,-5.946028,0.0944843664765358,0.9729999899864197,0.9325000047683716
YHR171W,YKL139W,0,-5.9464283,0.09447519481182098,0.9729999899864197,0.9326000213623047
YIL079C,YOR026W,0,-5.946725,0.09446601569652557,0.9729999899864197,0.932699978351593
YIR028W,YNL135C,0,-5.946732,0.09445685148239136,0.9729999899864197,0.9327999949455261
YPR006C,YDR086C,0,-5.947166,0.09444767981767654,0.9729999899864197,0.9329000115394592
YGL163C,YJL141C,0,-5.9481225,0.09443851560354233,0.9729999899864197,0.9330000281333923
YLR074C,YDL078C,0,-5.9482265,0.09442935138940811,0.9729999899864197,0.9330999851226807
YOR098C,YEL060C,0,-5.9487295,0.0944201871752739,0.9729999899864197,0.9332000017166138
YAR014C,YFR008W,0,-5.9488597,0.09441102296113968,0.9729999899864197,0.9333000183105469
YOR267C,YDR372C,0,-5.949927,0.09440186619758606,0.9729999899864197,0.9333999752998352
YNR056C,YOR174W,0,-5.9499426,0.09439270198345184,0.9729999899864197,0.9334999918937683
YGL253W,YGL035C,0,-5.9500546,0.09438354521989822,0.9729999899864197,0.9336000084877014
YIR010W,YJR070C,0,-5.950314,0.0943743959069252,0.9729999899864197,0.9337000250816345
YCR027C,YBR169C,0,-5.9503145,0.09436523914337158,0.9729999899864197,0.9337999820709229
YBL097W,YIL019W,0,-5.950447,0.09435608983039856,0.9729999899864197,0.933899998664856
YOR249C,YMR088C,0,-5.95046,0.09434694051742554,0.9729999899864197,0.9340000152587891
YMR136W,YPL187W,0,-5.950794,0.09433779120445251,0.9729999899864197,0.9340999722480774
YOR322C,YMR188C,0,-5.9508095,0.09432864934206009,0.9729999899864197,0.9341999888420105
YJL179W,YIL042C,0,-5.951228,0.09431950002908707,0.9729999899864197,0.9343000054359436
YOR335C,YNL008C,0,-5.951958,0.09431035816669464,0.9729999899864197,0.9344000220298767
YMR142C,YNL128W,0,-5.95206,0.09430122375488281,0.9729999899864197,0.934499979019165
YJR047C,YOR297C,0,-5.952726,0.09429208189249039,0.9729999899864197,0.9345999956130981
YPL217C,YMR008C,0,-5.952973,0.09428294748067856,0.9729999899864197,0.9347000122070312
YNL331C,YKL014C,0,-5.9531217,0.09427381306886673,0.9729999899864197,0.9348000288009644
YDR432W,YER169W,0,-5.953877,0.0942646786570549,0.9729999899864197,0.9348999857902527
YML051W,YPL157W,0,-5.954113,0.09425554424524307,0.9729999899864197,0.9350000023841858
YBR155W,YIL007C,0,-5.9542212,0.09424641728401184,0.9729999899864197,0.9351000189781189
YBR121C,YHL011C,0,-5.954479,0.09423729032278061,0.9729999899864197,0.9351999759674072
YJL127C,YBR169C,0,-5.954739,0.09422816336154938,0.9729999899864197,0.9352999925613403
YBL002W,YLR240W,0,-5.9548407,0.09421903640031815,0.9729999899864197,0.9354000091552734
YLL050C,YIL042C,0,-5.9552145,0.09420991688966751,0.9729999899864197,0.9355000257492065
YDR280W,YHR106W,0,-5.9555883,0.09420079737901688,0.9729999899864197,0.9355999827384949
YLR293C,YMR290C,0,-5.9556475,0.09419167786836624,0.9729999899864197,0.935699999332428
YNL135C,YEL016C,0,-5.9562583,0.0941825583577156,0.9729999899864197,0.9358000159263611
YNL298W,YBL030C,0,-5.9563823,0.09417343884706497,0.9729999899864197,0.9358999729156494
YGR090W,YGR141W,0,-5.956675,0.09416432678699493,0.9729999899864197,0.9359999895095825
YOL071W,YNR013C,0,-5.956692,0.0941552147269249,0.9729999899864197,0.9361000061035156
YHL011C,YPL042C,0,-5.9570932,0.09414610266685486,0.9729999899864197,0.9362000226974487
YNR054C,YDR205W,0,-5.95734,0.09413699805736542,0.9729999899864197,0.9362999796867371
YIL110W,YPL147W,0,-5.9574695,0.09412789344787598,0.9729999899864197,0.9363999962806702
YLR205C,YHR069C,0,-5.9579806,0.09411878138780594,0.9729999899864197,0.9365000128746033
YLL042C,YER025W,0,-5.9584594,0.0941096842288971,0.9729999899864197,0.9366000294685364
YDR062W,YBL106C,0,-5.9588656,0.09410057961940765,0.9729999899864197,0.9366999864578247
YMR058W,YBL058W,0,-5.9589076,0.09409148246049881,0.9729999899864197,0.9368000030517578
YLL021W,YKL034W,0,-5.959766,0.09408238530158997,0.9729999899864197,0.9369000196456909
YGL033W,YFL014W,0,-5.960113,0.09407328814268112,0.9729999899864197,0.9369999766349792
YPL256C,YJL005W,0,-5.960392,0.09406419098377228,0.9729999899864197,0.9370999932289124
YFL048C,YMR239C,0,-5.960583,0.09405510127544403,0.9729999899864197,0.9372000098228455
YJL133W,YKL035W,0,-5.961491,0.09404601156711578,0.9729999899864197,0.9373000264167786
YMR303C,YBR260C,0,-5.9627395,0.09403692185878754,0.9729999899864197,0.9373999834060669
YMR312W,YOR256C,0,-5.9632072,0.09402783215045929,0.9729999899864197,0.9375
YOL146W,YAL002W,0,-5.9634995,0.09401874244213104,0.9729999899864197,0.9376000165939331
YOR178C,YPR112C,0,-5.9652705,0.09400966018438339,0.9729999899864197,0.9376999735832214
YAL029C,YIL063C,0,-5.965774,0.09400057792663574,0.9729999899864197,0.9377999901771545
YFL014W,YIL068C,0,-5.9658046,0.09399149566888809,0.9729999899864197,0.9379000067710876
YOL147C,YJL138C,0,-5.965836,0.09398242086172104,0.9729999899864197,0.9380000233650208
YMR136W,YJL198W,0,-5.9664187,0.09397334605455399,0.9729999899864197,0.9380999803543091
YLL001W,YDR339C,1,-5.9664483,0.09406083822250366,0.9739999771118164,0.9380999803543091
YLR175W,YMR168C,0,-5.9666934,0.09405175596475601,0.9739999771118164,0.9381999969482422
YDL209C,YBR169C,0,-5.9668407,0.09404267370700836,0.9739999771118164,0.9383000135421753
YPR081C,YLR347C,0,-5.9672832,0.09403359889984131,0.9739999771118164,0.9383999705314636
YOR216C,YDR453C,0,-5.9696302,0.09402451664209366,0.9739999771118164,0.9384999871253967
YKL110C,YOL113W,0,-5.969864,0.0940154418349266,0.9739999771118164,0.9386000037193298
YPR154W,YJL187C,0,-5.969996,0.09400636702775955,0.9739999771118164,0.9387000203132629
YPR112C,YER162C,0,-5.970305,0.0939972996711731,0.9739999771118164,0.9387999773025513
YIL033C,YGR185C,0,-5.970571,0.09398822486400604,0.9739999771118164,0.9388999938964844
YOR320C,YBR083W,0,-5.9706187,0.09397915750741959,0.9739999771118164,0.9390000104904175
YHR085W,YLL011W,0,-5.9707675,0.09397009015083313,0.9739999771118164,0.9391000270843506
YPL110C,YLR134W,0,-5.971112,0.09396102279424667,0.9739999771118164,0.9391999840736389
YGR275W,YDR443C,0,-5.9714837,0.09395196288824081,0.9739999771118164,0.939300000667572
YAL044C,YGR135W,0,-5.9717803,0.09394290298223495,0.9739999771118164,0.9394000172615051
YJL219W,YBL041W,0,-5.9718146,0.0939338430762291,0.9739999771118164,0.9394999742507935
YMR136W,YBR002C,0,-5.9718223,0.09392478317022324,0.9739999771118164,0.9395999908447266
YKR036C,YPR140W,1,-5.9722285,0.09401214867830276,0.9750000238418579,0.9395999908447266
YHR170W,YGL129C,0,-5.972269,0.0940030887722969,0.9750000238418579,0.9397000074386597
YPR168W,YHL027W,0,-5.972678,0.09399402141571045,0.9750000238418579,0.9398000240325928
YER179W,YHR088W,0,-5.9729795,0.09398496150970459,0.9750000238418579,0.9398999810218811
YER035W,YDR123C,0,-5.973246,0.09397590160369873,0.9750000238418579,0.9399999976158142
YPL217C,YGR047C,0,-5.9733634,0.09396684914827347,0.9750000238418579,0.9401000142097473
YOR078W,YGR244C,0,-5.973725,0.09395778924226761,0.9750000238418579,0.9401999711990356
YER025W,YBR293W,0,-5.9746833,0.09394873678684235,0.9750000238418579,0.9402999877929688
YBR040W,YLR008C,0,-5.9747,0.09393968433141708,0.9750000238418579,0.9404000043869019
YOR363C,YKL035W,0,-5.975372,0.09393063932657242,0.9750000238418579,0.940500020980835
YFL022C,YBR168W,0,-5.975469,0.09392158687114716,0.9750000238418579,0.9405999779701233
YJL117W,YLL012W,0,-5.9755063,0.09391254186630249,0.9750000238418579,0.9406999945640564
YOL144W,YBL102W,0,-5.9757924,0.09390349686145782,0.9750000238418579,0.9408000111579895
YER172C,YDR529C,0,-5.9758677,0.09389445185661316,0.9750000238418579,0.9409000277519226
YDR188W,YER106W,0,-5.977219,0.09388541430234909,0.9750000238418579,0.9409999847412109
YMR011W,YLL012W,0,-5.9774556,0.09387636929750443,0.9750000238418579,0.941100001335144
YLR080W,YER165W,0,-5.9779916,0.09386733174324036,0.9750000238418579,0.9412000179290771
YOR100C,YNL273W,0,-5.978073,0.09385830163955688,0.9750000238418579,0.9412999749183655
YBR155W,YNL012W,0,-5.979318,0.09384926408529282,0.9750000238418579,0.9413999915122986
YJL116C,YNL121C,1,-5.979942,0.0939364805817604,0.9760000109672546,0.9413999915122986
YAR033W,YGR183C,0,-5.9799905,0.09392743557691574,0.9760000109672546,0.9415000081062317
YER053C,YBR043C,0,-5.9808965,0.09391839802265167,0.9760000109672546,0.9416000247001648
YKL081W,YLR396C,0,-5.9811187,0.0939093604683876,0.9760000109672546,0.9416999816894531
YBR072W,YBL051C,0,-5.981178,0.09390033036470413,0.9760000109672546,0.9417999982833862
YML080W,YJR091C,0,-5.981958,0.09389129281044006,0.9760000109672546,0.9419000148773193
YFR019W,YOL020W,0,-5.982841,0.09388226270675659,0.9760000109672546,0.9419999718666077
YDR263C,YPL037C,0,-5.982908,0.09387323260307312,0.9760000109672546,0.9420999884605408
YCR092C,YIL075C,0,-5.983151,0.09386420249938965,0.9760000109672546,0.9422000050544739
YJL116C,YNL310C,1,-5.98325,0.09395134449005127,0.9769999980926514,0.9422000050544739
YER070W,YBR117C,0,-5.983355,0.0939423069357872,0.9769999980926514,0.942300021648407
YGR145W,YML032C,0,-5.9844484,0.09393327683210373,0.9769999980926514,0.9423999786376953
YOR173W,YNL064C,0,-5.9848037,0.09392424672842026,0.9769999980926514,0.9424999952316284
YOL021C,YDL087C,0,-5.984928,0.09391521662473679,0.9769999980926514,0.9426000118255615
YDR097C,YGL097W,0,-5.98541,0.09390618652105331,0.9769999980926514,0.9427000284194946
YHL047C,YMR276W,0,-5.985469,0.09389716386795044,0.9769999980926514,0.942799985408783
YJR022W,YKR057W,0,-5.9855,0.09388814121484756,0.9769999980926514,0.9429000020027161
YPL095C,YER072W,0,-5.985591,0.09387911856174469,0.9769999980926514,0.9430000185966492
YDR384C,YER026C,0,-5.98648,0.09387010335922241,0.9769999980926514,0.9430999755859375
YJL060W,YMR232W,0,-5.9866147,0.09386108070611954,0.9769999980926514,0.9431999921798706
YLR051C,YER111C,0,-5.9867187,0.09385206550359726,0.9769999980926514,0.9433000087738037
YDR384C,YBR002C,0,-5.987372,0.09384305030107498,0.9769999980926514,0.9434000253677368
YGR037C,YOR034C,0,-5.987407,0.0938340350985527,0.9769999980926514,0.9434999823570251
YBL050W,YJR046W,0,-5.9877243,0.09382502734661102,0.9769999980926514,0.9435999989509583
YOR078W,YOR172W,0,-5.988087,0.09381601959466934,0.9769999980926514,0.9437000155448914
YER026C,YOR341W,0,-5.990018,0.09380701184272766,0.9769999980926514,0.9437999725341797
YHL024W,YBR182C,0,-5.9907413,0.09379800409078598,0.9769999980926514,0.9438999891281128
YGL191W,YJR110W,0,-5.990767,0.0937889963388443,0.9769999980926514,0.9440000057220459
YIL019W,YCL010C,0,-5.991245,0.09377999603748322,0.9769999980926514,0.944100022315979
YMR319C,YIL147C,0,-5.991284,0.09377099573612213,0.9769999980926514,0.9441999793052673
YCR034W,YKR020W,0,-5.9928746,0.09376199543476105,0.9769999980926514,0.9442999958992004
YCR034W,YML007W,0,-5.9928937,0.09375299513339996,0.9769999980926514,0.9444000124931335
YBL097W,YLR222C,0,-5.992919,0.09374400228261948,0.9769999980926514,0.9445000290870667
YJL146W,YGR270W,0,-5.993499,0.09373500943183899,0.9769999980926514,0.944599986076355
YHR194W,YJL116C,1,-5.9936824,0.0938219502568245,0.9779999852180481,0.944599986076355
YHR036W,YJR077C,0,-5.993913,0.09381294995546341,0.9779999852180481,0.9447000026702881
YAL003W,YPR141C,0,-5.9939275,0.09380394965410233,0.9779999852180481,0.9448000192642212
YGR177C,YDL170W,0,-5.995525,0.09379495680332184,0.9779999852180481,0.9448999762535095
YJL033W,YDR265W,0,-5.995688,0.09378596395254135,0.9779999852180481,0.9449999928474426
YDR342C,YDL060W,0,-5.9972982,0.09377697110176086,0.9779999852180481,0.9451000094413757
YNR035C,YJL116C,1,-5.997373,0.09386385232210159,0.9789999723434448,0.9451000094413757
YMR308C,YNL012W,0,-5.9984403,0.09385485202074051,0.9789999723434448,0.9452000260353088
YGL035C,YJL208C,0,-5.998739,0.09384585916996002,0.9789999723434448,0.9452999830245972
YJL198W,YGL126W,0,-5.9996047,0.09383686631917953,0.9789999723434448,0.9453999996185303
YJR155W,YOL143C,0,-5.9998665,0.09382787346839905,0.9789999723434448,0.9455000162124634
YMR015C,YOR027W,0,-6.000737,0.09381888061761856,0.9789999723434448,0.9455999732017517
YPR201W,YDL060W,0,-6.000994,0.09380988776683807,0.9789999723434448,0.9456999897956848
YDR377W,YLR002C,0,-6.001068,0.09380090236663818,0.9789999723434448,0.9458000063896179
YJL190C,YOR353C,0,-6.0019727,0.0937919169664383,0.9789999723434448,0.945900022983551
YOR208W,YHR065C,0,-6.0022745,0.0937829315662384,0.9789999723434448,0.9459999799728394
YNL111C,YOL051W,0,-6.002355,0.09377394616603851,0.9789999723434448,0.9460999965667725
YKL064W,YKL166C,0,-6.0024505,0.09376496821641922,0.9789999723434448,0.9462000131607056
YDL209C,YOR045W,0,-6.0030246,0.09375598281621933,0.9789999723434448,0.9463000297546387
YNL037C,YHR085W,0,-6.003892,0.09374700486660004,0.9789999723434448,0.946399986743927
YDR511W,YNL309W,0,-6.004309,0.09373803436756134,0.9789999723434448,0.9465000033378601
YIR037W,YER044C-A,0,-6.0049505,0.09372905641794205,0.9789999723434448,0.9466000199317932
YDL181W,YNL210W,0,-6.0051475,0.09372008591890335,0.9789999723434448,0.9466999769210815
YIR028W,YNL153C,0,-6.0055256,0.09371111541986465,0.9789999723434448,0.9467999935150146
YBR145W,YDR364C,0,-6.0055637,0.09370214492082596,0.9789999723434448,0.9469000101089478
YDR301W,YLR196W,0,-6.00647,0.09369317442178726,0.9789999723434448,0.9470000267028809
YHR174W,YJR156C,0,-6.006579,0.09368421137332916,0.9789999723434448,0.9470999836921692
YGR204W,YGR112W,0,-6.0076585,0.09367524832487106,0.9789999723434448,0.9472000002861023
YGR103W,YMR096W,0,-6.008572,0.09366628527641296,0.9789999723434448,0.9473000168800354
YBR002C,YBR024W,0,-6.009503,0.09365732222795486,0.9789999723434448,0.9473999738693237
YGR264C,YBL035C,0,-6.011481,0.09364836663007736,0.9789999723434448,0.9474999904632568
YMR175W,YOR187W,0,-6.0140367,0.09363940358161926,0.9789999723434448,0.9476000070571899
YDL069C,YJL101C,0,-6.01611,0.09363044798374176,0.9789999723434448,0.947700023651123
YIL033C,YOR207C,0,-6.017068,0.09362149983644485,0.9789999723434448,0.9477999806404114
YPR144C,YGR221C,0,-6.0174575,0.09361254423856735,0.9789999723434448,0.9478999972343445
YPR104C,YMR139W,0,-6.018523,0.09360359609127045,0.9789999723434448,0.9480000138282776
YDL145C,YMR081C,0,-6.0186095,0.09359464794397354,0.9789999723434448,0.9480999708175659
YLR186W,YGL094C,0,-6.0199513,0.09358569979667664,0.9789999723434448,0.948199987411499
YKL085W,YGR285C,0,-6.020824,0.09357675164937973,0.9789999723434448,0.9483000040054321
YDL117W,YJL198W,0,-6.0228076,0.09356781095266342,0.9789999723434448,0.9484000205993652
YMR125W,YHR106W,0,-6.0234933,0.09355887025594711,0.9789999723434448,0.9484999775886536
YCL004W,YLR435W,0,-6.0238023,0.0935499295592308,0.9789999723434448,0.9485999941825867
YNL014W,YNL129W,0,-6.023809,0.0935409888625145,0.9789999723434448,0.9487000107765198
YCL017C,YNL110C,0,-6.0238633,0.09353205561637878,0.9789999723434448,0.9488000273704529
YIL013C,YJL148W,0,-6.024631,0.09352311491966248,0.9789999723434448,0.9488999843597412
YHR187W,YJL069C,0,-6.026381,0.09351418167352676,0.9789999723434448,0.9490000009536743
YJR155W,YFL034C-B,0,-6.026479,0.09350525587797165,0.9789999723434448,0.9491000175476074
YGL180W,YPR137W,0,-6.027476,0.09349632263183594,0.9789999723434448,0.9491999745368958
YMR240C,YKR009C,0,-6.028702,0.09348739683628082,0.9789999723434448,0.9492999911308289
YER169W,YML027W,0,-6.0303125,0.09347847104072571,0.9789999723434448,0.949400007724762
YNL037C,YLR096W,0,-6.0305433,0.0934695452451706,0.9789999723434448,0.9495000243186951
YJL005W,YDR472W,0,-6.0310693,0.09346061944961548,0.9789999723434448,0.9495999813079834
YDR423C,YNL037C,0,-6.032227,0.09345170110464096,0.9789999723434448,0.9496999979019165
YHR036W,YLR205C,0,-6.032788,0.09344278275966644,0.9789999723434448,0.9498000144958496
YLL050C,YBR207W,0,-6.0331907,0.09343386441469193,0.9789999723434448,0.9498999714851379
YLR157C,YJL033W,0,-6.0333896,0.09342494606971741,0.9789999723434448,0.949999988079071
YOR061W,YHR016C,0,-6.0339246,0.09341602772474289,0.9789999723434448,0.9501000046730042
YOL151W,YMR095C,0,-6.0351653,0.09340711683034897,0.9789999723434448,0.9502000212669373
YER035W,YPR009W,0,-6.035566,0.09339820593595505,0.9789999723434448,0.9502999782562256
YBR092C,YNL283C,0,-6.036319,0.09338929504156113,0.9789999723434448,0.9503999948501587
YNR044W,YNR053C,0,-6.0365043,0.0933803915977478,0.9789999723434448,0.9505000114440918
YNL302C,YBR126C,0,-6.0365834,0.09337148070335388,0.9789999723434448,0.9506000280380249
YNL259C,YLR433C,0,-6.037439,0.09336257725954056,0.9789999723434448,0.9506999850273132
YLR100W,YGR195W,0,-6.0375185,0.09335367381572723,0.9789999723434448,0.9508000016212463
YDR411C,YMR136W,0,-6.037823,0.0933447778224945,0.9789999723434448,0.9509000182151794
YPL241C,YML113W,0,-6.038167,0.09333587437868118,0.9789999723434448,0.9509999752044678
YDR130C,YDR418W,0,-6.0381694,0.09332697838544846,0.9789999723434448,0.9510999917984009
YKR009C,YNL302C,0,-6.038758,0.09331808239221573,0.9789999723434448,0.951200008392334
YML080W,YKL093W,0,-6.039247,0.093309186398983,0.9789999723434448,0.9513000249862671
YLR303W,YIL129C,0,-6.039274,0.09330029785633087,0.9789999723434448,0.9513999819755554
YML113W,YMR322C,0,-6.039299,0.09329140186309814,0.9789999723434448,0.9514999985694885
YDL106C,YBR105C,0,-6.039682,0.09328251332044601,0.9789999723434448,0.9516000151634216
YJL050W,YOR230W,0,-6.0397115,0.09327362477779388,0.9789999723434448,0.95169997215271
YKL021C,YJL052W,0,-6.0398088,0.09326474368572235,0.9789999723434448,0.9517999887466431
YLR411W,YBL007C,0,-6.040072,0.09325585514307022,0.9789999723434448,0.9519000053405762
YDR339C,YPR024W,1,-6.040459,0.09334222227334976,0.9800000190734863,0.9519000053405762
YJL108C,YDL064W,0,-6.042714,0.09333333373069763,0.9800000190734863,0.9520000219345093
YBL078C,YPL253C,0,-6.0432124,0.0933244451880455,0.9800000190734863,0.9520999789237976
YMR246W,YBR034C,0,-6.043278,0.09331555664539337,0.9800000190734863,0.9521999955177307
YER120W,YMR096W,0,-6.0438256,0.09330667555332184,0.9800000190734863,0.9523000121116638
YDR377W,YHR077C,0,-6.0441356,0.0932977944612503,0.9800000190734863,0.9524000287055969
YHR021C,YBR294W,0,-6.0446258,0.09328891336917877,0.9800000190734863,0.9524999856948853
YKL053C-A,YGR144W,1,-6.044707,0.09337521344423294,0.9810000061988831,0.9524999856948853
YIL110W,YGL094C,0,-6.044966,0.09336632490158081,0.9810000061988831,0.9526000022888184
YBR295W,YLR316C,0,-6.045058,0.09335744380950928,0.9810000061988831,0.9527000188827515
YDR335W,YDR398W,0,-6.0459123,0.09334855526685715,0.9810000061988831,0.9527999758720398
YKL002W,YNL182C,0,-6.0461593,0.09333967417478561,0.9810000061988831,0.9528999924659729
YPL268W,YHR197W,0,-6.0466075,0.09333079308271408,0.9810000061988831,0.953000009059906
YGR171C,YLR222C,0,-6.0477557,0.09332191944122314,0.9810000061988831,0.9531000256538391
YDR296W,YCR020C,1,-6.048263,0.09340815991163254,0.9819999933242798,0.9531000256538391
YLR071C,YBR183W,0,-6.0490675,0.093399278819561,0.9819999933242798,0.9531999826431274
YOL033W,YJL080C,0,-6.0494013,0.09339039772748947,0.9819999933242798,0.9532999992370605
YDR320C,YDR324C,0,-6.049887,0.09338151663541794,0.9819999933242798,0.9534000158309937
YMR139W,YLL012W,0,-6.0512347,0.0933726355433464,0.9819999933242798,0.953499972820282
YLR355C,YJL116C,1,-6.052069,0.09345883131027222,0.9829999804496765,0.953499972820282
YJL026W,YGL135W,0,-6.052651,0.09344995021820068,0.9829999804496765,0.9535999894142151
YIL034C,YML043C,0,-6.052919,0.09344106167554855,0.9829999804496765,0.9537000060081482
YNL331C,YBR296C,0,-6.0531907,0.09343218058347702,0.9829999804496765,0.9538000226020813
YOL077W-A,YIL073C,0,-6.053395,0.09342330694198608,0.9829999804496765,0.9538999795913696
YOR078W,YFL016C,0,-6.0538187,0.09341442584991455,0.9829999804496765,0.9539999961853027
YLR418C,YGR249W,0,-6.0551414,0.09340555220842361,0.9829999804496765,0.9541000127792358
YIR010W,YLR264W,0,-6.055495,0.09339667111635208,0.9829999804496765,0.954200029373169
YLR205C,YBR087W,0,-6.055585,0.09338780492544174,0.9829999804496765,0.9542999863624573
YIL070C,YMR096W,0,-6.0565014,0.0933789312839508,0.9829999804496765,0.9544000029563904
YPR188C,YCR106W,0,-6.0575747,0.09337005764245987,0.9829999804496765,0.9545000195503235
YHR143W-A,YOR084W,0,-6.0581803,0.09336119145154953,0.9829999804496765,0.9545999765396118
YGR268C,YKL170W,0,-6.059486,0.09335232526063919,0.9829999804496765,0.9546999931335449
YKL188C,YHR069C,0,-6.0602384,0.09334345906972885,0.9829999804496765,0.954800009727478
YPL152W,YJL109C,0,-6.061232,0.09333460032939911,0.9829999804496765,0.9549000263214111
YLR060W,YGR209C,0,-6.06128,0.09332574158906937,0.9829999804496765,0.9549999833106995
YPR112C,YBR156C,0,-6.062058,0.09331687539815903,0.9829999804496765,0.9550999999046326
YHR148W,YML043C,0,-6.0620604,0.09330802410840988,0.9829999804496765,0.9552000164985657
YGR204W,YFL011W,0,-6.062139,0.09329916536808014,0.9829999804496765,0.955299973487854
YJL005W,YHR048W,0,-6.065446,0.0932903066277504,0.9829999804496765,0.9553999900817871
YMR056C,YLR119W,0,-6.0656853,0.09328145533800125,0.9829999804496765,0.9555000066757202
YIL119C,YDR494W,0,-6.066201,0.0932726040482521,0.9829999804496765,0.9556000232696533
YML042W,YMR091C,0,-6.0665226,0.09326376020908356,0.9829999804496765,0.9556999802589417
YGL174W,YPR182W,0,-6.0674987,0.09325490891933441,0.9829999804496765,0.9557999968528748
YKL120W,YOR027W,0,-6.067735,0.09324606508016586,0.9829999804496765,0.9559000134468079
YKL208W,YJL062W,0,-6.068891,0.09323722124099731,0.9829999804496765,0.9559999704360962
YPL093W,YLR425W,0,-6.069059,0.09322837740182877,0.9829999804496765,0.9560999870300293
YNL153C,YML120C,0,-6.0691433,0.09321953356266022,0.9829999804496765,0.9562000036239624
YJL101C,YER070W,0,-6.069407,0.09321069717407227,0.9829999804496765,0.9563000202178955
YIL124W,YPR010C,0,-6.0694103,0.09320186078548431,0.9829999804496765,0.9563999772071838
YEL003W,YDR443C,0,-6.0700045,0.09319302439689636,0.9829999804496765,0.9564999938011169
YDR440W,YDL014W,0,-6.070398,0.09318418800830841,0.9829999804496765,0.95660001039505
YDR087C,YER104W,0,-6.0708957,0.09317535907030106,0.9829999804496765,0.9567000269889832
YMR140W,YPL210C,0,-6.072969,0.0931665226817131,0.9829999804496765,0.9567999839782715
YMR208W,YLR003C,0,-6.073154,0.09315769374370575,0.9829999804496765,0.9569000005722046
YGR158C,YOL055C,0,-6.073272,0.0931488648056984,0.9829999804496765,0.9570000171661377
YOL089C,YLR009W,0,-6.0751376,0.09314004331827164,0.9829999804496765,0.957099974155426
YOR142W,YGL120C,0,-6.0752187,0.09313121438026428,0.9829999804496765,0.9571999907493591
YLR100W,YGR128C,0,-6.0752854,0.09312239289283752,0.9829999804496765,0.9573000073432922
YJL210W,YHR021C,0,-6.076504,0.09311357140541077,0.9829999804496765,0.9574000239372253
YDR302W,YDR028C,0,-6.0769362,0.0931047573685646,0.9829999804496765,0.9574999809265137
YPL028W,YJL184W,0,-6.0774913,0.09309593588113785,0.9829999804496765,0.9575999975204468
YNL245C,YBR066C,0,-6.077823,0.09308712184429169,0.9829999804496765,0.9577000141143799
YGR024C,YCR061W,0,-6.078114,0.09307830780744553,0.9829999804496765,0.9577999711036682
YFL011W,YPL163C,0,-6.0782313,0.09306949377059937,0.9829999804496765,0.9578999876976013
YPR154W,YBR082C,0,-6.0785413,0.0930606871843338,0.9829999804496765,0.9580000042915344
YLR355C,YHR120W,1,-6.079107,0.09314653277397156,0.984000027179718,0.9580000042915344
YLR002C,YGR038W,0,-6.0794053,0.0931377187371254,0.984000027179718,0.9581000208854675
YLR172C,YKL093W,0,-6.079745,0.09312890470027924,0.984000027179718,0.9581999778747559
YKR061W,YOR110W,0,-6.080177,0.09312009066343307,0.984000027179718,0.958299994468689
YKL150W,YDR170C,0,-6.0808434,0.09311127662658691,0.984000027179718,0.9584000110626221
YJL190C,YMR096W,0,-6.0808587,0.09310247004032135,0.984000027179718,0.9585000276565552
YBL042C,YLL019C,0,-6.082888,0.09309366345405579,0.984000027179718,0.9585999846458435
YMR168C,YLR409C,0,-6.0835433,0.09308485686779022,0.984000027179718,0.9587000012397766
YNR054C,YMR095C,0,-6.083714,0.09307605028152466,0.984000027179718,0.9588000178337097
YDL055C,YGR129W,0,-6.0861955,0.0930672436952591,0.984000027179718,0.958899974822998
YLR305C,YLL012W,0,-6.086289,0.09305844455957413,0.984000027179718,0.9589999914169312
YIL019W,YLR452C,0,-6.08708,0.09304964542388916,0.984000027179718,0.9591000080108643
YBL045C,YDR120C,0,-6.0876327,0.0930408462882042,0.984000027179718,0.9592000246047974
YGL020C,YJL116C,1,-6.088103,0.09312659502029419,0.9850000143051147,0.9592000246047974
YGL016W,YDL130W-A,0,-6.0891547,0.09311778843402863,0.9850000143051147,0.9592999815940857
YML060W,YHL024W,0,-6.089179,0.09310898929834366,0.9850000143051147,0.9593999981880188
YKL143W,YIL070C,0,-6.090519,0.09310019016265869,0.9850000143051147,0.9595000147819519
YKL038W,YDR398W,0,-6.0906615,0.09309139102697372,0.9850000143051147,0.9595999717712402
YOR386W,YGL037C,0,-6.0907946,0.09308259189128876,0.9850000143051147,0.9596999883651733
YBL035C,YLL012W,0,-6.0917077,0.09307380020618439,0.9850000143051147,0.9598000049591064
YLL061W,YBR077C,0,-6.091802,0.09306500107049942,0.9850000143051147,0.9599000215530396
YAL017W,YGR169C,0,-6.0924497,0.09305620938539505,0.9850000143051147,0.9599999785423279
YOR033C,YDR276C,0,-6.0924835,0.09304741770029068,0.9850000143051147,0.960099995136261
YDR147W,YKL201C,0,-6.0943627,0.0930386334657669,0.9850000143051147,0.9602000117301941
YDR432W,YDR146C,0,-6.095091,0.09302984178066254,0.9850000143051147,0.9603000283241272
YGL055W,YNL066W,1,-6.096553,0.09311549365520477,0.9860000014305115,0.9603000283241272
YKR046C,YOR073W,0,-6.0967183,0.0931067019701004,0.9860000014305115,0.9603999853134155
YGL120C,YOL010W,0,-6.097076,0.09309791028499603,0.9860000014305115,0.9605000019073486
YLL027W,YJR045C,0,-6.097781,0.09308912605047226,0.9860000014305115,0.9606000185012817
YGR145W,YKL059C,0,-6.0978603,0.09308033436536789,0.9860000014305115,0.9606999754905701
YOR260W,YOR368W,0,-6.098054,0.09307155013084412,0.9860000014305115,0.9607999920845032
YFL024C,YBR040W,0,-6.0996165,0.09306276589632034,0.9860000014305115,0.9609000086784363
YBL003C,YDR143C,0,-6.10017,0.09305398166179657,0.9860000014305115,0.9610000252723694
YLR157C,YLR172C,0,-6.101125,0.0930452048778534,0.9860000014305115,0.9610999822616577
YOR328W,YLR448W,0,-6.101216,0.09303642064332962,0.9860000014305115,0.9611999988555908
YAL017W,YCR053W,0,-6.103409,0.09302764385938644,0.9860000014305115,0.9613000154495239
YKR076W,YDL093W,0,-6.1067657,0.09301886707544327,0.9860000014305115,0.9613999724388123
YLR069C,YKR050W,0,-6.10735,0.09301009029150009,0.9860000014305115,0.9614999890327454
YOR028C,YGR103W,0,-6.107533,0.09300132095813751,0.9860000014305115,0.9616000056266785
YKL191W,YKR089C,0,-6.1088614,0.09299255162477493,0.9860000014305115,0.9617000222206116
YDR214W,YLR060W,0,-6.1094584,0.09298378229141235,0.9860000014305115,0.9617999792098999
YGR256W,YGR055W,0,-6.110379,0.09297501295804977,0.9860000014305115,0.961899995803833
YMR308C,YNL243W,0,-6.1112237,0.0929662436246872,0.9860000014305115,0.9620000123977661
YGR288W,YDR113C,0,-6.1128774,0.09295748174190521,0.9860000014305115,0.9621000289916992
YHR072W,YHR081W,0,-6.1129613,0.09294871985912323,0.9860000014305115,0.9621999859809875
YDR055W,YOL005C,0,-6.114093,0.09293995797634125,0.9860000014305115,0.9623000025749207
YIL124W,YLR015W,0,-6.114251,0.09293119609355927,0.9860000014305115,0.9624000191688538
YBL032W,YDL039C,0,-6.1146245,0.09292244166135788,0.9860000014305115,0.9624999761581421
YJL011C,YOR027W,0,-6.116245,0.0929136797785759,0.9860000014305115,0.9625999927520752
YJL157C,YHR016C,0,-6.1162796,0.09290492534637451,0.9860000014305115,0.9627000093460083
YGR070W,YGR214W,0,-6.11651,0.09289617836475372,0.9860000014305115,0.9628000259399414
YLR293C,YFL011W,0,-6.1171813,0.09288742393255234,0.9860000014305115,0.9628999829292297
YBR040W,YPR143W,0,-6.1177363,0.09287867695093155,0.9860000014305115,0.9629999995231628
YEL015W,YMR165C,0,-6.1180997,0.09286992251873016,0.9860000014305115,0.963100016117096
YPR144C,YGR231C,0,-6.119428,0.09286117553710938,0.9860000014305115,0.9631999731063843
YDL074C,YGR241C,0,-6.1215816,0.09285243600606918,0.9860000014305115,0.9632999897003174
YIL079C,YBR297W,0,-6.1217537,0.0928436890244484,0.9860000014305115,0.9634000062942505
YER019W,YNR053C,0,-6.1222987,0.0928349494934082,0.9860000014305115,0.9635000228881836
YOL133W,YNL075W,0,-6.1242623,0.09282620996236801,0.9860000014305115,0.9635999798774719
YBR106W,YPL123C,0,-6.1246753,0.09281747043132782,0.9860000014305115,0.963699996471405
YDR411C,YGL163C,0,-6.1273837,0.09280873835086823,0.9860000014305115,0.9638000130653381
YLR276C,YNL292W,0,-6.1288447,0.09279999881982803,0.9860000014305115,0.9639000296592712
YGR142W,YNL256W,0,-6.1296725,0.09279126673936844,0.9860000014305115,0.9639999866485596
YLR060W,YER020W,0,-6.1302285,0.09278253465890884,0.9860000014305115,0.9641000032424927
YNL153C,YOR040W,0,-6.1323805,0.09277380257844925,0.9860000014305115,0.9642000198364258
YPR021C,YMR239C,0,-6.1341205,0.09276507794857025,0.9860000014305115,0.9642999768257141
YML130C,YPL040C,0,-6.1348834,0.09275635331869125,0.9860000014305115,0.9643999934196472
YDL174C,YDR297W,0,-6.1363406,0.09274762123823166,0.9860000014305115,0.9645000100135803
YOR048C,YHR041C,0,-6.136487,0.09273890405893326,0.9860000014305115,0.9646000266075134
YMR303C,YBR095C,0,-6.1365457,0.09273017942905426,0.9860000014305115,0.9646999835968018
YNL302C,YJL093C,0,-6.137383,0.09272146224975586,0.9860000014305115,0.9648000001907349
YMR136W,YJR119C,0,-6.1374373,0.09271273761987686,0.9860000014305115,0.964900016784668
YJR158W,YBR171W,0,-6.1386437,0.09270402044057846,0.9860000014305115,0.9649999737739563
YOR178C,YBR260C,0,-6.141187,0.09269531071186066,0.9860000014305115,0.9650999903678894
YPL249C,YDR156W,0,-6.141235,0.09268659353256226,0.9860000014305115,0.9652000069618225
YDL153C,YOR035C,0,-6.141536,0.09267788380384445,0.9860000014305115,0.9653000235557556
YNL148C,YJR047C,0,-6.1416616,0.09266917407512665,0.9860000014305115,0.965399980545044
YNL220W,YIR004W,0,-6.1420064,0.09266046434640884,0.9860000014305115,0.965499997138977
YNL142W,YGR014W,0,-6.14349,0.09265175461769104,0.9860000014305115,0.9656000137329102
YNL037C,YDR363W-A,0,-6.1435733,0.09264305233955383,0.9860000014305115,0.9656999707221985
YKL040C,YOL001W,0,-6.144522,0.09263435006141663,0.9860000014305115,0.9657999873161316
YJR077C,YBR066C,0,-6.1458106,0.09262564778327942,0.9860000014305115,0.9659000039100647
YKL193C,YBR265W,0,-6.146048,0.09261694550514221,0.9860000014305115,0.9660000205039978
YER027C,YBL075C,0,-6.146396,0.092608243227005,0.9860000014305115,0.9660999774932861
YMR068W,YBL039C,0,-6.1473393,0.0925995483994484,0.9860000014305115,0.9661999940872192
YNL298W,YIL101C,0,-6.153049,0.09259085357189178,0.9860000014305115,0.9663000106811523
YJR043C,YOR003W,0,-6.1545196,0.09258215874433517,0.9860000014305115,0.9664000272750854
YGR256W,YPR144C,0,-6.1549053,0.09257346391677856,0.9860000014305115,0.9664999842643738
YGL032C,YGR248W,0,-6.1556654,0.09256477653980255,0.9860000014305115,0.9666000008583069
YPL187W,YNL244C,0,-6.1572585,0.09255608916282654,0.9860000014305115,0.96670001745224
YOR150W,YDR453C,0,-6.1592145,0.09254740178585052,0.9860000014305115,0.9667999744415283
YBR043C,YLL034C,0,-6.1593523,0.09253871440887451,0.9860000014305115,0.9668999910354614
YOL076W,YPR140W,1,-6.1594443,0.09262387454509735,0.9869999885559082,0.9668999910354614
YCL043C,YDR527W,0,-6.1594825,0.09261517971754074,0.9869999885559082,0.9670000076293945
YLR276C,YJL062W,0,-6.159934,0.09260649234056473,0.9869999885559082,0.9671000242233276
YKL146W,YBR267W,0,-6.161329,0.09259780496358871,0.9869999885559082,0.967199981212616
YAL012W,YDR030C,0,-6.1617208,0.0925891175866127,0.9869999885559082,0.9672999978065491
YOL158C,YPL209C,0,-6.161929,0.09258043020963669,0.9869999885559082,0.9674000144004822
YLR080W,YHR081W,0,-6.1624722,0.09257175028324127,0.9869999885559082,0.9674999713897705
YFR047C,YPL012W,0,-6.166392,0.09256307035684586,0.9869999885559082,0.9675999879837036
YCR034W,YDR148C,0,-6.1687164,0.09255439043045044,0.9869999885559082,0.9677000045776367
YOL164W,YER118C,0,-6.168729,0.09254571050405502,0.9869999885559082,0.9678000211715698
YJL101C,YGR264C,0,-6.1690392,0.0925370305776596,0.9869999885559082,0.9678999781608582
YLR074C,YMR135C,0,-6.1691175,0.09252835810184479,0.9869999885559082,0.9679999947547913
YGL181W,YJL148W,0,-6.1695795,0.09251968562602997,0.9869999885559082,0.9681000113487244
YNL119W,YDL014W,0,-6.1700487,0.09251101315021515,0.9869999885559082,0.9682000279426575
YOL010W,YOR054C,0,-6.1716275,0.09250234067440033,0.9869999885559082,0.9682999849319458
YHR175W,YOR054C,0,-6.1729136,0.09249367564916611,0.9869999885559082,0.9684000015258789
YPR006C,YML073C,0,-6.1736364,0.09248501062393188,0.9869999885559082,0.968500018119812
YOL021C,YDL019C,0,-6.1743255,0.09247634559869766,0.9869999885559082,0.9685999751091003
YAL012W,YNL030W,0,-6.174698,0.09246768057346344,0.9869999885559082,0.9686999917030334
YNL328C,YER171W,0,-6.174707,0.09245901554822922,0.9869999885559082,0.9688000082969666
YNL061W,YDR388W,0,-6.1750655,0.09245035797357559,0.9869999885559082,0.9689000248908997
YHR194W,YPR125W,1,-6.176102,0.0925353541970253,0.9879999756813049,0.9689000248908997
YLR284C,YER126C,0,-6.1761823,0.09252668917179108,0.9879999756813049,0.968999981880188
YLR074C,YIL010W,0,-6.176376,0.09251802414655685,0.9879999756813049,0.9690999984741211
YDR384C,YER142C,0,-6.176923,0.09250936657190323,0.9879999756813049,0.9692000150680542
YGR145W,YDL100C,0,-6.178449,0.092500701546669,0.9879999756813049,0.9692999720573425
YDL185W,YHR090C,0,-6.1798644,0.09249204397201538,0.9879999756813049,0.9693999886512756
YFL022C,YOR054C,0,-6.180947,0.09248338639736176,0.9879999756813049,0.9695000052452087
YHR004C,YER006W,0,-6.18177,0.09247472882270813,0.9879999756813049,0.9696000218391418
YKL007W,YPR112C,0,-6.181957,0.0924660712480545,0.9879999756813049,0.9696999788284302
YDL223C,YOL123W,0,-6.183102,0.09245742112398148,0.9879999756813049,0.9697999954223633
YGL223C,YOR340C,0,-6.183998,0.09244877099990845,0.9879999756813049,0.9699000120162964
YHR197W,YCR009C,0,-6.185742,0.09244012087583542,0.9879999756813049,0.9700000286102295
YKR026C,YKR014C,0,-6.1858287,0.09243147075176239,0.9879999756813049,0.9700999855995178
YIL103W,YHR066W,0,-6.1863656,0.09242282807826996,0.9879999756813049,0.9702000021934509
YNL112W,YDR027C,0,-6.187285,0.09241417795419693,0.9879999756813049,0.970300018787384
YNR054C,YPL240C,0,-6.187767,0.0924055352807045,0.9879999756813049,0.9703999757766724
YNL239W,YLR264W,0,-6.189337,0.09239689260721207,0.9879999756813049,0.9704999923706055
YOR023C,YGR103W,0,-6.189982,0.09238825738430023,0.9879999756813049,0.9706000089645386
YDR503C,YMR016C,0,-6.1901274,0.0923796147108078,0.9879999756813049,0.9707000255584717
YDL223C,YDR489W,0,-6.192368,0.09237097948789597,0.9879999756813049,0.97079998254776
YKL085W,YGL211W,0,-6.1934123,0.09236234426498413,0.9879999756813049,0.9708999991416931
YPL145C,YLL012W,0,-6.1945186,0.0923537090420723,0.9879999756813049,0.9710000157356262
YOR153W,YOR004W,0,-6.1945443,0.09234508126974106,0.9879999756813049,0.9710999727249146
YDR023W,YLR425W,0,-6.1958723,0.09233644604682922,0.9879999756813049,0.9711999893188477
YOR100C,YML093W,0,-6.1969247,0.09232781827449799,0.9879999756813049,0.9713000059127808
YMR201C,YGR090W,0,-6.199346,0.09231919050216675,0.9879999756813049,0.9714000225067139
YGL062W,YGR085C,0,-6.199854,0.09231057018041611,0.9879999756813049,0.9714999794960022
YDR421W,YBR247C,0,-6.2011952,0.09230194240808487,0.9879999756813049,0.9715999960899353
YOR274W,YIR022W,0,-6.2016416,0.09229332208633423,0.9879999756813049,0.9717000126838684
YDR118W,YNL112W,0,-6.2026343,0.09228470176458359,0.9879999756813049,0.9718000292778015
YKL150W,YNL292W,0,-6.20542,0.09227608144283295,0.9879999756813049,0.9718999862670898
YOR316C,YBR247C,0,-6.207515,0.0922674611210823,0.9879999756813049,0.972000002861023
YGL035C,YLR275W,0,-6.207792,0.09225884824991226,0.9879999756813049,0.972100019454956
YOR353C,YBR231C,0,-6.208964,0.09225023537874222,0.9879999756813049,0.9721999764442444
YNR054C,YNL062C,0,-6.211373,0.09224162250757217,0.9879999756813049,0.9722999930381775
YML113W,YOL033W,0,-6.2130704,0.09223300963640213,0.9879999756813049,0.9724000096321106
YNR056C,YKR081C,0,-6.213281,0.09222439676523209,0.9879999756813049,0.9725000262260437
YOR113W,YOR297C,0,-6.213659,0.09221579134464264,0.9879999756813049,0.972599983215332
YHR068W,YKR089C,0,-6.2143397,0.09220718592405319,0.9879999756813049,0.9726999998092651
YHR094C,YKL086W,0,-6.2147956,0.09219858050346375,0.9879999756813049,0.9728000164031982
YER015W,YGL067W,0,-6.2156143,0.0921899750828743,0.9879999756813049,0.9728999733924866
YKL048C,YGR141W,0,-6.2182317,0.09218137711286545,0.9879999756813049,0.9729999899864197
YLR276C,YGL038C,0,-6.2209115,0.0921727791428566,0.9879999756813049,0.9731000065803528
YPR083W,YNL066W,1,-6.2211623,0.09225746244192123,0.9890000224113464,0.9731000065803528
YJL116C,YDL006W,1,-6.2213397,0.09234213083982468,0.9900000095367432,0.9731000065803528
YHR065C,YLL041C,0,-6.2213426,0.09233351796865463,0.9900000095367432,0.9732000231742859
YPL132W,YBR114W,0,-6.2228475,0.09232491254806519,0.9900000095367432,0.9732999801635742
YKL193C,YPR009W,0,-6.2229342,0.09231629967689514,0.9900000095367432,0.9733999967575073
YPL163C,YPR121W,0,-6.2253575,0.0923076942563057,0.9900000095367432,0.9735000133514404
YDR021W,YPR154W,0,-6.2276616,0.09229908883571625,0.9900000095367432,0.9735999703407288
YDR045C,YLR435W,0,-6.2283587,0.0922904834151268,0.9900000095367432,0.9736999869346619
YDR021W,YKR052C,0,-6.2302594,0.09228187799453735,0.9900000095367432,0.973800003528595
YHR171W,YGL097W,0,-6.231286,0.0922732800245285,0.9900000095367432,0.9739000201225281
YNR056C,YMR312W,0,-6.232268,0.09226468205451965,0.9900000095367432,0.9739999771118164
YDR273W,YAL025C,0,-6.232854,0.0922560840845108,0.9900000095367432,0.9740999937057495
YIL034C,YNR060W,0,-6.2341776,0.09224748611450195,0.9900000095367432,0.9742000102996826
YHL040C,YLR372W,0,-6.234363,0.0922388881444931,0.9900000095367432,0.9743000268936157
YMR029C,YDL153C,0,-6.2374177,0.09223029762506485,0.9900000095367432,0.974399983882904
YPR137W,YGR080W,0,-6.2378125,0.0922217071056366,0.9900000095367432,0.9745000004768372
YOL101C,YLR045C,0,-6.237862,0.09221311658620834,0.9900000095367432,0.9746000170707703
YLR371W,YHR088W,0,-6.237924,0.09220452606678009,0.9900000095367432,0.9746999740600586
YGL055W,YNL310C,1,-6.238271,0.09228906780481339,0.9909999966621399,0.9746999740600586
YAL012W,YNL332W,0,-6.238436,0.09228046983480453,0.9909999966621399,0.9747999906539917
YDR255C,YDR212W,0,-6.238902,0.09227187931537628,0.9909999966621399,0.9749000072479248
YGR199W,YML093W,0,-6.2389417,0.09226328879594803,0.9909999966621399,0.9750000238418579
YJL170C,YPL012W,0,-6.241972,0.09225469827651978,0.9909999966621399,0.9750999808311462
YOR335C,YDL216C,0,-6.2442336,0.09224611520767212,0.9909999966621399,0.9751999974250793
YGL187C,YGL175C,0,-6.2459135,0.09223752468824387,0.9909999966621399,0.9753000140190125
YBR247C,YMR096W,0,-6.2465997,0.09222894161939621,0.9909999966621399,0.9753999710083008
YIL062C,YHR120W,1,-6.2468476,0.09231341630220413,0.9919999837875366,0.9753999710083008
YOR386W,YNL221C,0,-6.2471185,0.09230482578277588,0.9919999837875366,0.9754999876022339
YGR177C,YFL018C,0,-6.2471538,0.09229624271392822,0.9919999837875366,0.975600004196167
YNR057C,YDR129C,0,-6.2493076,0.09228765219449997,0.9919999837875366,0.9757000207901001
YCL038C,YLR340W,0,-6.2495666,0.09227906912565231,0.9919999837875366,0.9757999777793884
YNL328C,YLR409C,0,-6.2498493,0.09227048605680466,0.9919999837875366,0.9758999943733215
YLR264W,YLR079W,0,-6.2499375,0.092261902987957,0.9919999837875366,0.9760000109672546
YMR207C,YPL211W,0,-6.252191,0.09225332736968994,0.9919999837875366,0.9761000275611877
YPL160W,YNL037C,0,-6.2568803,0.09224474430084229,0.9919999837875366,0.9761999845504761
YOL077C,YMR015C,0,-6.259959,0.09223616868257523,0.9919999837875366,0.9763000011444092
YDL150W,YKL126W,0,-6.2633047,0.09222759306430817,0.9919999837875366,0.9764000177383423
YJR156C,YGR162W,0,-6.263751,0.09221901744604111,0.9919999837875366,0.9764999747276306
YLR401C,YPL146C,0,-6.267204,0.09221044927835464,0.9919999837875366,0.9765999913215637
YDL031W,YPL156C,0,-6.2672105,0.09220188111066818,0.9919999837875366,0.9767000079154968
YDR361C,YAL055W,0,-6.2672715,0.09219330549240112,0.9919999837875366,0.9768000245094299
YGL191W,YNL112W,0,-6.268435,0.09218474477529526,0.9919999837875366,0.9768999814987183
YLR223C,YLR006C,0,-6.2739806,0.0921761766076088,0.9919999837875366,0.9769999980926514
YPL078C,YDL039C,0,-6.2742443,0.09216760843992233,0.9919999837875366,0.9771000146865845
YOR040W,YJR002W,0,-6.27426,0.09215904772281647,0.9919999837875366,0.9771999716758728
YGL047W,YLR172C,0,-6.2782254,0.0921504870057106,0.9919999837875366,0.9772999882698059
YHL036W,YJR007W,0,-6.2788405,0.09214192628860474,0.9919999837875366,0.977400004863739
YDR016C,YNR054C,0,-6.2803483,0.09213337302207947,0.9919999837875366,0.9775000214576721
YIR028W,YAL059W,0,-6.28233,0.0921248123049736,0.9919999837875366,0.9775999784469604
YDR258C,YMR241W,1,-6.2826877,0.0922091156244278,0.9929999709129333,0.9775999784469604
YGR224W,YBR055C,0,-6.2846985,0.09220055490732193,0.9929999709129333,0.9776999950408936
YDL138W,YIR026C,0,-6.285768,0.09219199419021606,0.9929999709129333,0.9778000116348267
YLR291C,YAL055W,0,-6.286827,0.0921834409236908,0.9929999709129333,0.9779000282287598
YGR286C,YPL037C,0,-6.2876945,0.09217488020658493,0.9929999709129333,0.9779999852180481
YBR022W,YKL038W,0,-6.2917676,0.09216632694005966,0.9929999709129333,0.9781000018119812
YFR053C,YOR274W,0,-6.2988334,0.0921577736735344,0.9929999709129333,0.9782000184059143
YGR159C,YML032C,0,-6.299956,0.09214922040700912,0.9929999709129333,0.9782999753952026
YCR005C,YDL039C,0,-6.300887,0.09214066714048386,0.9929999709129333,0.9783999919891357
YNL117W,YBR267W,0,-6.301559,0.09213212132453918,0.9929999709129333,0.9785000085830688
YJR070C,YOR230W,0,-6.303636,0.09212357550859451,0.9929999709129333,0.978600025177002
YJL116C,YGL055W,1,-6.3074346,0.09220778942108154,0.9940000176429749,0.978600025177002
YBR107C,YDL055C,0,-6.3087745,0.09219923615455627,0.9940000176429749,0.9786999821662903
YOR078W,YOR317W,0,-6.3100696,0.0921906903386116,0.9940000176429749,0.9787999987602234
YKL189W,YHR197W,0,-6.3130364,0.09218213707208633,0.9940000176429749,0.9789000153541565
YBR182C,YIL129C,0,-6.316844,0.09217359125614166,0.9940000176429749,0.9789999723434448
YOR335C,YGL171W,0,-6.318649,0.09216504544019699,0.9940000176429749,0.9790999889373779
YBL075C,YLR409C,0,-6.3190665,0.09215649962425232,0.9940000176429749,0.979200005531311
YDR021W,YCL034W,0,-6.319511,0.09214795380830765,0.9940000176429749,0.9793000221252441
YOL033W,YOR230W,0,-6.3198485,0.09213941544294357,0.9940000176429749,0.9793999791145325
YLR405W,YOR317W,0,-6.3203144,0.0921308770775795,0.9940000176429749,0.9794999957084656
YOL127W,YER024W,0,-6.3206725,0.09212233871221542,0.9940000176429749,0.9796000123023987
YBR158W,YKR076W,0,-6.3219867,0.09211380034685135,0.9940000176429749,0.9797000288963318
YDR021W,YML027W,0,-6.323029,0.09210526198148727,0.9940000176429749,0.9797999858856201
YGR238C,YLR409C,0,-6.323173,0.0920967310667038,0.9940000176429749,0.9799000024795532
YPR017C,YJL141C,0,-6.326493,0.09208820015192032,0.9940000176429749,0.9800000190734863
YBL075C,YNL283C,0,-6.3271875,0.09207966923713684,0.9940000176429749,0.9800999760627747
YOL082W,YDR198C,0,-6.330336,0.09207113832235336,0.9940000176429749,0.9801999926567078
YER070W,YBL075C,0,-6.331463,0.09206260740756989,0.9940000176429749,0.9803000092506409
YHL036W,YPR007C,0,-6.3327637,0.092054083943367,0.9940000176429749,0.980400025844574
YNL142W,YBR267W,0,-6.333439,0.09204556047916412,0.9940000176429749,0.9804999828338623
YHR197W,YGR162W,0,-6.3343606,0.09203703701496124,0.9940000176429749,0.9805999994277954
YOL021C,YOR003W,0,-6.337601,0.09202851355075836,0.9940000176429749,0.9807000160217285
YLR449W,YDR078C,0,-6.3434396,0.09201999753713608,0.9940000176429749,0.9807999730110168
YDL130W,YLR092W,0,-6.343564,0.0920114815235138,0.9940000176429749,0.98089998960495
YKL129C,YNL151C,0,-6.344778,0.09200296550989151,0.9940000176429749,0.9810000061988831
YJR059W,YPL212C,0,-6.349858,0.09199444949626923,0.9940000176429749,0.9811000227928162
YJR002W,YHR065C,0,-6.3514104,0.09198593348264694,0.9940000176429749,0.9811999797821045
YBR247C,YCR081W,0,-6.354028,0.09197742491960526,0.9940000176429749,0.9812999963760376
YOR151C,YLL012W,0,-6.354523,0.09196890890598297,0.9940000176429749,0.9814000129699707
YJL201W,YMR081C,0,-6.356566,0.09196040034294128,0.9940000176429749,0.9815000295639038
YLR060W,YOR208W,0,-6.3590007,0.0919518992304802,0.9940000176429749,0.9815999865531921
YEL060C,YFR033C,0,-6.3607926,0.09194339066743851,0.9940000176429749,0.9817000031471252
YLR205C,YDR297W,0,-6.3610168,0.09193488955497742,0.9940000176429749,0.9818000197410583
YGL111W,YGR038W,0,-6.361626,0.09192638844251633,0.9940000176429749,0.9818999767303467
YNL111C,YKL001C,0,-6.3619804,0.09191788733005524,0.9940000176429749,0.9819999933242798
YGR143W,YLR372W,0,-6.363738,0.09190938621759415,0.9940000176429749,0.9821000099182129
YDL181W,YPR102C,0,-6.3642774,0.09190088510513306,0.9940000176429749,0.982200026512146
YGL120C,YOR341W,0,-6.3653765,0.09189239144325256,0.9940000176429749,0.9822999835014343
YHR170W,YLR248W,0,-6.365452,0.09188389778137207,0.9940000176429749,0.9824000000953674
YLL008W,YLR409C,0,-6.3657002,0.09187540411949158,0.9940000176429749,0.9825000166893005
YDR294C,YDL051W,0,-6.365876,0.09186691045761108,0.9940000176429749,0.9825999736785889
YHR197W,YML028W,0,-6.3663917,0.09185842424631119,0.9940000176429749,0.982699990272522
YGR103W,YHR008C,0,-6.377069,0.09184993803501129,0.9940000176429749,0.9828000068664551
YLR284C,YJL190C,0,-6.377566,0.0918414518237114,0.9940000176429749,0.9829000234603882
YDR479C,YLR316C,0,-6.3786354,0.0918329656124115,0.9940000176429749,0.9829999804496765
YDR299W,YML118W,0,-6.380099,0.0918244794011116,0.9940000176429749,0.9830999970436096
YNL066W,YGR181W,1,-6.381253,0.09190836548805237,0.9950000047683716,0.9830999970436096
YDR384C,YMR135C,0,-6.3818126,0.09189987927675247,0.9950000047683716,0.9832000136375427
YDR258C,YOL076W,1,-6.382055,0.09198374301195145,0.9959999918937683,0.9832000136375427
YGL187C,YIL143C,0,-6.382403,0.09197524935007095,0.9959999918937683,0.983299970626831
YNL117W,YCR031C,0,-6.384144,0.09196675568819046,0.9959999918937683,0.9833999872207642
YKR036C,YNL055C,1,-6.384813,0.09205059707164764,0.996999979019165,0.9833999872207642
YKL114C,YDR055W,0,-6.3894925,0.09204209595918655,0.996999979019165,0.9835000038146973
YJL170C,YDL153C,0,-6.389793,0.09203360229730606,0.996999979019165,0.9836000204086304
YKL038W,YCR031C,0,-6.392566,0.09202510863542557,0.996999979019165,0.9836999773979187
YMR173W,YCR053W,0,-6.395078,0.09201661497354507,0.996999979019165,0.9837999939918518
YNL148C,YNL119W,0,-6.3964,0.09200812131166458,0.996999979019165,0.9839000105857849
YDL223C,YJL192C,0,-6.3969784,0.09199962764978409,0.996999979019165,0.984000027179718
YOL011W,YIR026C,0,-6.399259,0.09199114143848419,0.996999979019165,0.9840999841690063
YER045C,YPR016C,0,-6.3996663,0.0919826552271843,0.996999979019165,0.9842000007629395
YOL013C,YDR097C,0,-6.402024,0.0919741690158844,0.996999979019165,0.9843000173568726
YHR171W,YJL145W,0,-6.404453,0.0919656828045845,0.996999979019165,0.9843999743461609
YNR019W,YOR063W,0,-6.4046044,0.0919572040438652,0.996999979019165,0.984499990940094
YJR070C,YGR038W,0,-6.4063,0.0919487252831459,0.996999979019165,0.9846000075340271
YBR155W,YCL034W,0,-6.407964,0.0919402465224266,0.996999979019165,0.9847000241279602
YER162C,YBR048W,0,-6.420563,0.0919317677617073,0.996999979019165,0.9847999811172485
YDL031W,YNL239W,0,-6.4207325,0.091923289000988,0.996999979019165,0.9848999977111816
YDR083W,YJL141C,0,-6.4228187,0.0919148176908493,0.996999979019165,0.9850000143051147
YPL270W,YDL153C,0,-6.422869,0.09190633893013,0.996999979019165,0.9850999712944031
YFR053C,YGR119C,0,-6.429095,0.0918978676199913,0.996999979019165,0.9851999878883362
YDR361C,YJR002W,0,-6.430309,0.0918894037604332,0.996999979019165,0.9853000044822693
YMR052W,YBR267W,0,-6.4316325,0.0918809324502945,0.996999979019165,0.9854000210762024
YNL328C,YOL080C,0,-6.431782,0.09187246859073639,0.996999979019165,0.9854999780654907
YPR155C,YDR449C,0,-6.4335427,0.09186399728059769,0.996999979019165,0.9855999946594238
YKL029C,YJR019C,0,-6.436248,0.09185553342103958,0.996999979019165,0.9857000112533569
YOR040W,YOR272W,0,-6.436396,0.09184707701206207,0.996999979019165,0.98580002784729
YLR405W,YBL075C,0,-6.439664,0.09183861315250397,0.996999979019165,0.9858999848365784
YOR034C,YNL015W,0,-6.4397354,0.09183015674352646,0.996999979019165,0.9860000014305115
YMR173W,YJL157C,0,-6.440511,0.09182170033454895,0.996999979019165,0.9861000180244446
YOR078W,YDR312W,0,-6.4427314,0.09181324392557144,0.996999979019165,0.9861999750137329
YAL059W,YDL195W,0,-6.4472175,0.09180478751659393,0.996999979019165,0.986299991607666
YMR145C,YIL013C,0,-6.4477096,0.09179633855819702,0.996999979019165,0.9864000082015991
YER025W,YGR244C,0,-6.4531446,0.09178788214921951,0.996999979019165,0.9865000247955322
YIL034C,YJL098W,0,-6.453161,0.0917794331908226,0.996999979019165,0.9865999817848206
YKL064W,YIR026C,0,-6.4576263,0.09177098423242569,0.996999979019165,0.9866999983787537
YMR250W,YHR026W,0,-6.459418,0.09176254272460938,0.996999979019165,0.9868000149726868
YIL154C,YGL232W,0,-6.463234,0.09175409376621246,0.996999979019165,0.9868999719619751
YDR087C,YAL030W,0,-6.4685187,0.09174565225839615,0.996999979019165,0.9869999885559082
YIL124W,YDR365C,0,-6.4693856,0.09173721075057983,0.996999979019165,0.9871000051498413
YLL019C,YGR128C,0,-6.4717402,0.09172876924276352,0.996999979019165,0.9872000217437744
YNR015W,YPL203W,0,-6.477372,0.0917203277349472,0.996999979019165,0.9872999787330627
YJL060W,YKL178C,0,-6.4774165,0.09171189367771149,0.996999979019165,0.9873999953269958
YNR054C,YOR004W,0,-6.4783316,0.09170345962047577,0.996999979019165,0.987500011920929
YDR511W,YJR070C,0,-6.4802322,0.09169502556324005,0.996999979019165,0.9876000285148621
YGL191W,YDR418W,0,-6.484374,0.09168659150600433,0.996999979019165,0.9876999855041504
YBL024W,YOR313C,0,-6.484797,0.09167815744876862,0.996999979019165,0.9878000020980835
YER142C,YNL110C,0,-6.486831,0.0916697308421135,0.996999979019165,0.9879000186920166
YBL075C,YNL054W,0,-6.4911137,0.09166130423545837,0.996999979019165,0.9879999756813049
YPL240C,YBR267W,0,-6.495939,0.09165287762880325,0.996999979019165,0.988099992275238
YDR418W,YCR061W,0,-6.4989123,0.09164445102214813,0.996999979019165,0.9882000088691711
YDL024C,YGL067W,0,-6.501187,0.09163603186607361,0.996999979019165,0.9883000254631042
YLR009W,YLR425W,0,-6.5042286,0.09162760525941849,0.996999979019165,0.9883999824523926
YGR200C,YIL042C,0,-6.5045633,0.09161918610334396,0.996999979019165,0.9884999990463257
YMR068W,YKL081W,0,-6.51195,0.09161076694726944,0.996999979019165,0.9886000156402588
YKL150W,YER126C,0,-6.514114,0.09160235524177551,0.996999979019165,0.9886999726295471
YDL074C,YHR016C,0,-6.5263705,0.09159393608570099,0.996999979019165,0.9887999892234802
YBR247C,YJL106W,0,-6.5272393,0.09158552438020706,0.996999979019165,0.9889000058174133
YHL036W,YPL243W,0,-6.533392,0.09157711267471313,0.996999979019165,0.9890000224113464
YML004C,YPL012W,0,-6.5375767,0.09156870096921921,0.996999979019165,0.9890999794006348
YIL079C,YDL060W,0,-6.5398283,0.09156028926372528,0.996999979019165,0.9891999959945679
YJL198W,YDR137W,0,-6.5421395,0.09155188500881195,0.996999979019165,0.989300012588501
YCR072C,YGR161C,0,-6.5499797,0.09154347330331802,0.996999979019165,0.9894000291824341
YKL038W,YGL030W,0,-6.552332,0.0915350690484047,0.996999979019165,0.9894999861717224
YDR256C,YLR075W,0,-6.553869,0.09152666479349136,0.996999979019165,0.9896000027656555
YDL031W,YOR132W,0,-6.556732,0.09151826798915863,0.996999979019165,0.9897000193595886
YLR074C,YJR103W,0,-6.5576034,0.0915098637342453,0.996999979019165,0.989799976348877
YDR423C,YGL225W,0,-6.561528,0.09150146692991257,0.996999979019165,0.9898999929428101
YBL045C,YER006W,0,-6.5647,0.09149307012557983,0.996999979019165,0.9900000095367432
YOR173W,YIL021W,0,-6.5648656,0.0914846733212471,0.996999979019165,0.9901000261306763
YOR178C,YNL248C,0,-6.5653276,0.09147628396749496,0.996999979019165,0.9901999831199646
YKL011C,YGL162W,0,-6.566524,0.09146788716316223,0.996999979019165,0.9902999997138977
YMR012W,YCR020C,1,-6.5683007,0.09155123680830002,0.9980000257492065,0.9902999997138977
YOL124C,YLR435W,0,-6.568422,0.09154283255338669,0.9980000257492065,0.9904000163078308
YLR186W,YNL012W,0,-6.569001,0.09153444319963455,0.9980000257492065,0.9904999732971191
YKL143W,YOR310C,0,-6.573008,0.09152604639530182,0.9980000257492065,0.9905999898910522
YIL070C,YDL060W,0,-6.57555,0.09151764959096909,0.9980000257492065,0.9907000064849854
YLR068W,YOR040W,0,-6.5763764,0.09150926023721695,0.9980000257492065,0.9908000230789185
YDR171W,YPL050C,0,-6.5766587,0.09150087088346481,0.9980000257492065,0.9908999800682068
YLR080W,YMR308C,0,-6.5782356,0.09149248152971268,0.9980000257492065,0.9909999966621399
YIL018W,YBR169C,0,-6.5796986,0.09148409217596054,0.9980000257492065,0.991100013256073
YKR039W,YDL014W,0,-6.5820365,0.091475710272789,0.9980000257492065,0.9911999702453613
YKL191W,YPL006W,0,-6.5832877,0.09146732836961746,0.9980000257492065,0.9912999868392944
YGL120C,YOR004W,0,-6.58479,0.09145894646644592,0.9980000257492065,0.9914000034332275
YMR290C,YLR362W,0,-6.585133,0.09145056456327438,0.9980000257492065,0.9915000200271606
YPR021C,YOL080C,0,-6.586422,0.09144218266010284,0.9980000257492065,0.991599977016449
YLR155C,YBR247C,0,-6.593417,0.0914338082075119,0.9980000257492065,0.9916999936103821
YLR195C,YGR280C,0,-6.5990767,0.09142543375492096,0.9980000257492065,0.9918000102043152
YDR087C,YMR284W,0,-6.602494,0.09141705930233002,0.9980000257492065,0.9919000267982483
YOL139C,YHR016C,0,-6.610066,0.09140868484973907,0.9980000257492065,0.9919999837875366
YHL024W,YOL039W,0,-6.6165147,0.09140031039714813,0.9980000257492065,0.9921000003814697
YGR088W,YML093W,0,-6.6209173,0.09139194339513779,0.9980000257492065,0.9922000169754028
YPR067W,YER082C,0,-6.624723,0.09138357639312744,0.9980000257492065,0.9922999739646912
YLR205C,YOL039W,0,-6.6252217,0.0913752093911171,0.9980000257492065,0.9923999905586243
YMR029C,YMR229C,0,-6.6295743,0.09136684238910675,0.9980000257492065,0.9925000071525574
YGR088W,YER009W,0,-6.6326394,0.0913584753870964,0.9980000257492065,0.9926000237464905
YNL223W,YJL033W,0,-6.6358166,0.09135011583566666,0.9980000257492065,0.9926999807357788
YOR040W,YHL011C,0,-6.647274,0.09134175628423691,0.9980000257492065,0.9927999973297119
YNL156C,YDR165W,0,-6.6553802,0.09133339673280716,0.9980000257492065,0.992900013923645
YJR033C,YLR009W,0,-6.658368,0.09132503718137741,0.9980000257492065,0.9929999709129333
YPR154W,YDR087C,0,-6.6687255,0.09131667762994766,0.9980000257492065,0.9930999875068665
YNL327W,YLR205C,0,-6.6741314,0.09130832552909851,0.9980000257492065,0.9932000041007996
YIL007C,YML093W,0,-6.67798,0.09129997342824936,0.9980000257492065,0.9933000206947327
YOR310C,YNL151C,0,-6.68648,0.09129162132740021,0.9980000257492065,0.993399977684021
YML042W,YDR023W,0,-6.6872563,0.09128326922655106,0.9980000257492065,0.9934999942779541
YJL005W,YLR003C,0,-6.6918073,0.0912749245762825,0.9980000257492065,0.9936000108718872
YJL148W,YKL126W,0,-6.6936707,0.09126657247543335,0.9980000257492065,0.9937000274658203
YMR139W,YDR429C,0,-6.6949153,0.0912582278251648,0.9980000257492065,0.9937999844551086
YNL232W,YFR053C,0,-6.695451,0.09124988317489624,0.9980000257492065,0.9939000010490417
YOL063C,YKL143W,0,-6.6959643,0.09124154597520828,0.9980000257492065,0.9940000176429749
YJR059W,YIR012W,0,-6.7190223,0.09123320132493973,0.9980000257492065,0.9940999746322632
YHR176W,YJL208C,0,-6.7211857,0.09122486412525177,0.9980000257492065,0.9941999912261963
YCL052C,YJL098W,0,-6.727595,0.09121652692556381,0.9980000257492065,0.9943000078201294
YPL086C,YDL223C,0,-6.7407856,0.09120818972587585,0.9980000257492065,0.9944000244140625
YLR172C,YBR006W,0,-6.746048,0.0911998525261879,0.9980000257492065,0.9944999814033508
YOR078W,YIL042C,0,-6.747131,0.09119152277708054,0.9980000257492065,0.9945999979972839
YDR171W,YGL169W,0,-6.7494617,0.09118318557739258,0.9980000257492065,0.994700014591217
YDR121W,YML120C,0,-6.780754,0.09117485582828522,0.9980000257492065,0.9947999715805054
YDR358W,YLR293C,0,-6.7820973,0.09116652607917786,0.9980000257492065,0.9948999881744385
YGR145W,YLR219W,0,-6.793529,0.09115820378065109,0.9980000257492065,0.9950000047683716
YLR221C,YHR106W,0,-6.8060875,0.09114987403154373,0.9980000257492065,0.9951000213623047
YHR062C,YGR161C,0,-6.8209014,0.09114155173301697,0.9980000257492065,0.995199978351593
YBR059C,YHR170W,0,-6.8280625,0.0911332294344902,0.9980000257492065,0.9952999949455261
YOR036W,YDR449C,0,-6.8296394,0.09112490713596344,0.9980000257492065,0.9954000115394592
YLR165C,YJL098W,0,-6.8366275,0.09111659228801727,0.9980000257492065,0.9955000281333923
YBR089C-A,YPR010C,0,-6.8576684,0.09110826998949051,0.9980000257492065,0.9955999851226807
YDR101C,YNL015W,0,-6.8577943,0.09109995514154434,0.9980000257492065,0.9957000017166138
YBR169C,YDR172W,0,-6.858482,0.09109164029359818,0.9980000257492065,0.9958000183105469
YNL066W,YPR140W,1,-6.8599296,0.09117459505796432,0.9990000128746033,0.9958000183105469
YHR088W,YLR435W,0,-6.8645453,0.09116627275943756,0.9990000128746033,0.9958999752998352
YLR304C,YPR125W,1,-6.8795094,0.09124920517206192,1.0,0.9958999752998352
YDR101C,YJR103W,0,-6.887091,0.09124087542295456,1.0,0.9959999918937683
YOR173W,YCR034W,0,-6.8888826,0.0912325531244278,1.0,0.9961000084877014
YKR003W,YHR197W,0,-6.899652,0.09122423082590103,1.0,0.9962000250816345
YLL041C,YGR081C,0,-6.9026914,0.09121590852737427,1.0,0.9962999820709229
YPR112C,YPL092W,0,-6.955651,0.0912075862288475,1.0,0.996399998664856
YPL012W,YFR003C,0,-6.9562316,0.09119927138090134,1.0,0.9965000152587891
YOL013C,YDR087C,0,-6.964211,0.09119095653295517,1.0,0.9965999722480774
YMR173W,YLR264W,0,-6.965478,0.091182641685009,1.0,0.9966999888420105
YDL078C,YOL080C,0,-6.9729767,0.09117432683706284,1.0,0.9968000054359436
YGL029W,YDR516C,0,-7.027765,0.09116601198911667,1.0,0.9969000220298767
YNL182C,YOR132W,0,-7.0393615,0.0911577045917511,1.0,0.996999979019165
YLR291C,YDR358W,0,-7.040437,0.09114939719438553,1.0,0.9970999956130981
YMR237W,YLR074C,0,-7.0747213,0.09114108979701996,1.0,0.9972000122070312
YHR197W,YCR061W,0,-7.119981,0.09113278239965439,1.0,0.9973000288009644
YDR101C,YOL129W,0,-7.135549,0.09112447500228882,1.0,0.9973999857902527
YDR517W,YML093W,0,-7.175367,0.09111617505550385,1.0,0.9975000023841858
YMR173W,YHR197W,0,-7.188736,0.09110787510871887,1.0,0.9976000189781189
YNL110C,YGL126W,0,-7.2277694,0.0910995751619339,1.0,0.9976999759674072
YBR132C,YMR239C,0,-7.2579455,0.09109127521514893,1.0,0.9977999925613403
YDR358W,YMR229C,0,-7.382311,0.09108297526836395,1.0,0.9979000091552734
YEL060C,YPL122C,0,-7.389301,0.09107468277215958,1.0,0.9980000257492065
YMR173W,YJL069C,0,-7.3895125,0.0910663902759552,1.0,0.9980999827384949
YGR159C,YBL064C,0,-7.391327,0.09105809777975082,1.0,0.998199999332428
YKL035W,YLR222C,0,-7.4323244,0.09104980528354645,1.0,0.9983000159263611
YJL198W,YHR016C,0,-7.531758,0.09104151278734207,1.0,0.9983999729156494
YMR250W,YMR290C,0,-7.539414,0.09103322774171829,1.0,0.9984999895095825
YJL060W,YOR272W,0,-7.548247,0.09102494269609451,1.0,0.9986000061035156
YLR222C,YBR183W,0,-7.622348,0.09101665765047073,1.0,0.9987000226974487
YOR340C,YKL034W,0,-7.6274085,0.09100837260484695,1.0,0.9987999796867371
YJL060W,YLR276C,0,-7.6276307,0.09100008755922318,1.0,0.9988999962806702
YMR173W,YBR247C,0,-7.7235675,0.09099180996417999,1.0,0.9990000128746033
YJR097W,YJL164C,0,-7.77529,0.09098353236913681,1.0,0.9991000294685364
YLR276C,YDR516C,0,-7.78605,0.09097525477409363,1.0,0.9991999864578247
YGR088W,YDR083W,0,-7.8015695,0.09096697717905045,1.0,0.9993000030517578
YDR358W,YJL198W,0,-8.022216,0.09095870703458786,1.0,0.9994000196456909
YOL082W,YDR165W,0,-8.03474,0.09095042943954468,1.0,0.9994999766349792
YHR171W,YIL019W,0,-8.060754,0.09094215929508209,1.0,0.9995999932289124
YLR276C,YJL164C,0,-8.215347,0.0909338891506195,1.0,0.9997000098228455
YKL172W,YBR169C,0,-8.313489,0.09092562645673752,1.0,0.9998000264167786
YOL082W,YGR145W,0,-8.762775,0.09091735631227493,1.0,0.9998999834060669
YIL017W,YIL017C,0,-13.956063,0.09090909361839294,1.0,1.0
